{"lowlevel":{"average_loudness":0.95048481226,"barkbands":{"dmean":[0.000479689100757,0.00579622574151,0.00192908360623,0.000598033133429,0.00186136330012,0.00112763314974,0.000965055427514,0.00121272914112,0.00121248175856,0.00118943594862,0.000951489782892,0.00093681999715,0.000589632720221,0.000394342641812,0.000476578541566,0.000392547575757,0.000245443894528,0.000196233115275,0.000130042360979,0.0000746426012483,0.0000534152713954,0.0000383149999834,0.0000265929338639,0.0000246072922891,0.0000129332775032,0.0000029323380204,7.76360877808e-7],"dmean2":[0.00078193761874,0.00966878142208,0.00320581905544,0.00104460457806,0.00296608870849,0.00181882991455,0.00155396747869,0.00194144214038,0.00193140131887,0.00190273765475,0.00150477490388,0.00149421673268,0.000941144593526,0.000638752593659,0.000765241682529,0.000635789125226,0.000395168724936,0.000312567746732,0.000204073556233,0.000114566915727,0.0000813735023257,0.0000595836063439,0.0000412424997194,0.000040355593228,0.0000202976916626,0.00000473673526358,0.00000122850087791],"dvar":[0.00000101050443391,0.0000966693187365,0.00000991830074781,0.00000132486206894,0.0000135343543661,0.0000075295656643,0.00000462990192318,0.00000383295719075,0.00000622701099928,0.00000347608693119,0.00000272313718597,0.00000295934023598,0.00000166912070654,4.8674712616e-7,5.44399824776e-7,5.16934903771e-7,1.30889517891e-7,9.29501027258e-8,3.53205642512e-8,1.12314504364e-8,5.80754777602e-9,6.33909236214e-9,3.34539951297e-9,6.58947474363e-9,2.84261703065e-9,8.85316334132e-11,2.97332514512e-12],"dvar2":[0.00000250988523476,0.000266514864052,0.0000263119563897,0.00000372923955183,0.0000315639335895,0.0000189121237781,0.0000113605465231,0.0000101176055978,0.0000158378243214,0.00000886053385329,0.00000604773185842,0.00000756318331696,0.00000420530841438,0.00000127215650991,0.00000137107303999,0.00000134175866151,3.45362735743e-7,2.23936822863e-7,8.32078868029e-8,2.63168491443e-8,1.33015998216e-8,1.65073554825e-8,8.42172909188e-9,1.54949209019e-8,5.68661029376e-9,2.00301386588e-10,7.27690390584e-12],"max":[0.0151035720482,0.110630199313,0.040598820895,0.0162187591195,0.0437359251082,0.0878192260861,0.0479860827327,0.0372144803405,0.0514211319387,0.0260575599968,0.0395799614489,0.0323728732765,0.0271876845509,0.0136485910043,0.0128361973912,0.021870592609,0.00692385341972,0.00849654339254,0.00507816812024,0.00125018332619,0.00122435495723,0.00148068880662,0.00134920270648,0.00315711158328,0.00297195324674,0.000319177866913,0.0000469951955893],"mean":[0.000618727062829,0.0124904839322,0.00581532530487,0.000739664770663,0.00252646906301,0.00192083150614,0.0016602948308,0.00209855032153,0.00198663724586,0.00229484704323,0.00162856187671,0.00170165440068,0.00106050586328,0.000686838000547,0.00091718044132,0.000763190793805,0.000503710296471,0.000453029351775,0.00031184675754,0.000162942669704,0.000109581560537,0.0000579025036131,0.0000379510602215,0.0000266613369604,0.0000155861453095,0.00000341274926541,7.37163929898e-7],"median":[0.000195523127331,0.010745738633,0.00347420806065,0.000267621217063,0.00110966921784,0.000890139490366,0.000746344390791,0.00123676215298,0.000811856123619,0.00110311503522,0.00081073230831,0.000701538287103,0.000488409830723,0.000358097604476,0.00052664935356,0.000472308136523,0.000332536874339,0.000316709163599,0.000225208990742,0.000118500334793,0.0000694993941579,0.0000244382572419,0.0000100734878288,0.00000445170417152,0.00000210378857446,6.50000458791e-7,4.45669101623e-8],"min":[6.32037921061e-25,1.96561556438e-24,1.87694187939e-24,1.45916972285e-24,5.53401386686e-24,4.19587305764e-24,7.3862395508e-24,5.29978134258e-24,1.18087902118e-23,1.73042066923e-23,1.09467230146e-23,2.54189537671e-23,3.98991204602e-23,3.08876594173e-23,4.59170026737e-23,5.95071733382e-23,7.22146559813e-23,1.14696803657e-22,1.28678700559e-22,1.57824422569e-22,2.44624504532e-22,3.24577614625e-22,3.17544534691e-22,5.71034775568e-22,8.71182339835e-22,1.3123804049e-21,1.87720784226e-21],"var":[0.00000143617398862,0.000134671936394,0.0000367574612028,0.00000152037034695,0.0000159496175911,0.0000218643817789,0.00000817333057057,0.00000702973056832,0.0000118747830129,0.00000967786763795,0.00000688423324391,0.0000072573302532,0.00000356398732038,0.00000101561511201,0.00000129607178678,0.00000118363561796,3.33918194428e-7,2.7585110729e-7,1.0816143714e-7,2.6729615854e-8,1.36668933948e-8,7.87255238777e-9,5.61934765386e-9,1.15151825852e-8,6.09364780857e-9,1.43891315529e-10,3.08491405164e-12]},"barkbands_crest":{"dmean":2.36199593544,"dmean2":3.90979647636,"dvar":6.31737565994,"dvar2":17.4313030243,"max":26.3570022583,"mean":9.606757164,"median":8.8571434021,"min":2.62961339951,"var":13.5920753479},"barkbands_flatness_db":{"dmean":0.0218218155205,"dmean2":0.0323759503663,"dvar":0.000504015071783,"dvar2":0.00103342323564,"max":0.490533322096,"mean":0.164785385132,"median":0.156657829881,"min":0.0385637842119,"var":0.00349948694929},"barkbands_kurtosis":{"dmean":2.25940990448,"dmean2":3.57629132271,"dvar":395.259216309,"dvar2":950.287475586,"max":1297.89978027,"mean":2.94275760651,"median":0.247720599174,"min":-1.73023998737,"var":615.967224121},"barkbands_skewness":{"dmean":0.426086455584,"dmean2":0.665377914906,"dvar":0.396468967199,"dvar2":0.894914329052,"max":31.7637081146,"mean":1.15770578384,"median":0.939715623856,"min":-2.17761230469,"var":1.62853980064},"barkbands_spread":{"dmean":3.65183711052,"dmean2":5.76455116272,"dvar":13.8621902466,"dvar2":33.1390609741,"max":97.5085906982,"mean":19.8984985352,"median":20.420589447,"min":0.201991051435,"var":63.5796661377},"dissonance":{"dmean":0.017967639491,"dmean2":0.0301626250148,"dvar":0.000265985698206,"dvar2":0.000710811407771,"max":0.499986827374,"mean":0.463061213493,"median":0.470507889986,"min":0.235049828887,"var":0.00102190708276},"dynamic_complexity":2.87317180634,"erbbands":{"dmean":[0.182736411691,1.34384179115,2.36933350563,1.92075634003,4.7014632225,6.8991689682,7.18408155441,10.3124742508,11.3099365234,18.8372001648,26.656293869,27.3597774506,33.632522583,38.0117225647,31.142496109,39.9367523193,25.3491611481,21.2585544586,20.4464588165,20.3411159515,22.0323638916,11.2751502991,11.4003200531,7.22870826721,4.90084934235,3.35971593857,2.81710791588,1.73102939129,1.26022195816,1.15116071701,0.7358700037,0.596146166325,0.362912595272,0.198357447982,0.0645952448249,0.0192572344095,0.00413314113393,0.000801420887001,0.000168108846992,0.0000139109406518],"dmean2":[0.307806611061,2.24677038193,3.85670638084,3.3218023777,7.86916351318,11.1642513275,11.8715372086,16.6229572296,18.3903503418,29.6248416901,42.8926582336,43.7260398865,52.8940887451,61.255153656,49.0646476746,63.4160804749,40.5377731323,34.31199646,32.8287734985,32.7873802185,35.6793670654,17.9766235352,18.234418869,11.459487915,7.75261688232,5.17067813873,4.21096038818,2.6332962513,1.8966627121,1.82974410057,1.16220939159,0.970140337944,0.593465149403,0.314280301332,0.102690681815,0.0312724970281,0.0065517667681,0.00124570634216,0.000264502654318,0.0000209188019653],"dvar":[0.131147354841,4.91824007034,13.5306835175,16.2254753113,69.090133667,220.606277466,207.02923584,897.591369629,647.376403809,1286.36206055,2135.18896484,4178.04541016,3094.65380859,4031.49414062,2970.85693359,5757.78759766,3240.05566406,1242.77832031,1406.04785156,913.871154785,1964.73291016,305.790039062,335.036254883,103.04699707,50.9192123413,22.7594032288,15.9806079865,7.41182899475,5.54983186722,7.02927064896,2.91040110588,3.04897332191,1.88616871834,0.770626604557,0.0642655417323,0.00464216060936,0.000155933114002,0.0000060448928707,1.21111142448e-7,3.54581281004e-10],"dvar2":[0.363893687725,13.8236246109,34.8575592041,44.7815589905,172.29083252,538.18951416,560.673156738,2150.51757812,1658.91430664,3019.87890625,5859.61376953,10796.5996094,7418.40722656,10533.6787109,6360.05664062,14485.2558594,8148.54980469,3266.32324219,3601.43994141,2216.62084961,5058.36669922,777.428771973,814.009033203,252.942276001,122.007469177,53.5303077698,34.5579528809,17.1292514801,13.6901721954,18.957118988,7.31307458878,7.42680168152,4.25751399994,1.59431231022,0.132674187422,0.0103661101311,0.000357186538167,0.0000156518544827,2.88234531354e-7,7.74185160424e-10],"max":[3.38173675537,27.9156589508,50.9551696777,59.4150238037,116.889900208,176.043228149,377.259063721,1072.65014648,624.40222168,985.236450195,966.15234375,1419.10339355,956.900634766,1031.18823242,1332.43115234,1654.41394043,1230.18273926,752.831970215,682.843688965,632.840637207,1431.00561523,415.745697021,565.06262207,182.067245483,175.235733032,65.1234512329,58.509601593,41.7131614685,43.4220085144,33.22423172,48.1188087463,65.2260437012,60.6475067139,54.2100906372,9.34915161133,2.34052824974,0.415327787399,0.105032451451,0.00692538870499,0.000188076985069],"mean":[0.271144747734,3.05620622635,8.1659860611,3.31819391251,5.61001968384,8.59521579742,11.1888475418,17.1565513611,19.6591968536,34.3398971558,48.1965713501,47.5541572571,66.8717346191,71.1001663208,60.3617858887,74.9982833862,49.6910362244,42.4657020569,40.6816368103,43.8137397766,45.0323524475,27.0435619354,27.349489212,18.5719985962,11.9485406876,7.61304807663,6.09210824966,3.07356262207,2.04213809967,1.63694024086,1.03554320335,0.65759152174,0.395712077618,0.22887532413,0.0807796940207,0.0227382648736,0.00480780564249,0.000891122850589,0.000176949237357,0.0000520531102666],"median":[0.137812003493,2.71523332596,5.19481372833,2.10606050491,2.39616560936,3.08712911606,5.25071811676,6.84292030334,9.62791633606,18.6504364014,28.4836864471,21.2466983795,35.0932922363,35.3620758057,34.9221038818,31.9758110046,25.6333827972,24.9455566406,22.2447299957,30.8448028564,28.9995574951,19.5744781494,19.1822090149,13.5133132935,9.25992298126,5.5752363205,3.84333181381,1.92490029335,0.941084086895,0.561188340187,0.259020507336,0.125518113375,0.056345615536,0.0283104144037,0.0126847960055,0.00407559610903,0.000937903532758,0.000168654049048,0.0000329993526975,0.0000489376106998],"min":[4.23309261955e-23,5.18664912778e-22,2.75891209721e-21,7.10427623383e-21,1.76857095701e-20,1.66833104549e-20,4.96030841974e-20,3.80171886412e-20,1.20516131045e-19,1.08668229261e-19,2.37033231569e-19,3.44744710129e-19,3.97660306944e-19,7.79801413126e-19,9.40864386834e-19,1.30577128835e-18,1.67634344649e-18,1.60740755841e-18,2.55209062454e-18,3.82678773581e-18,3.13215392422e-18,4.33401116511e-18,6.49247610784e-18,6.85051255059e-18,6.2959421302e-18,8.11991591273e-18,8.71367277387e-18,1.08725529613e-17,1.16039038727e-17,1.05526342419e-17,7.46790982004e-18,9.89950152923e-18,9.15899869152e-18,8.23988688005e-18,6.09075129386e-18,4.40314113044e-18,2.31271489502e-18,9.27707768999e-19,2.59316908584e-19,2.68390559685e-20],"var":[0.154500469565,7.04102182388,62.8414344788,17.5367908478,76.2593383789,240.437759399,347.983947754,2793.14257812,1084.84289551,2536.02441406,3919.46069336,7501.66015625,8171.42236328,9442.59960938,7658.74169922,14089.5634766,6799.32519531,2816.22363281,3360.42114258,2280.8215332,4395.17773438,885.349304199,994.244873047,331.9480896,139.732040405,56.3046607971,44.9895095825,12.3939390182,8.38546466827,8.1229724884,4.94904565811,4.48636627197,3.52452588081,1.52846741676,0.136002168059,0.00763935688883,0.000252522673691,0.00000644820102025,1.34647223149e-7,9.29073651346e-10]},"erbbands_crest":{"dmean":2.51712703705,"dmean2":4.05954408646,"dvar":5.77159023285,"dvar2":13.9874773026,"max":29.4347763062,"mean":9.30028820038,"median":8.25050163269,"min":2.59226489067,"var":18.3427600861},"erbbands_flatness_db":{"dmean":0.0202446728945,"dmean2":0.0280450005084,"dvar":0.000383532780688,"dvar2":0.000682268815581,"max":0.400041431189,"mean":0.197977513075,"median":0.19635489583,"min":0.0431649498641,"var":0.00245618261397},"erbbands_kurtosis":{"dmean":0.697138190269,"dmean2":1.1012365818,"dvar":0.88900667429,"dvar2":2.04159164429,"max":27.7564067841,"mean":0.516448557377,"median":0.125959873199,"min":-1.68953084946,"var":3.12485766411},"erbbands_skewness":{"dmean":0.293855547905,"dmean2":0.456288933754,"dvar":0.0723401680589,"dvar2":0.176308065653,"max":4.66086149216,"mean":0.108565710485,"median":0.0640515685081,"min":-2.12445807457,"var":0.353222221136},"erbbands_spread":{"dmean":5.19727706909,"dmean2":7.86493396759,"dvar":33.7000694275,"dvar2":73.063621521,"max":164.009292603,"mean":26.4712409973,"median":24.6852340698,"min":2.76934337616,"var":137.449386597},"gfcc":{"cov":[[28168.2871094,-200.550872803,-3107.53100586,1063.66015625,-852.402954102,1037.54406738,-392.554595947,367.673065186,-269.957336426,154.455200195,-190.956451416,165.392028809,-284.014801025],[-200.550872803,1342.7310791,-363.658752441,-85.3440856934,188.597305298,-277.56854248,257.96975708,-68.3568572998,100.003448486,-92.335105896,73.8486938477,-119.831001282,95.0525894165],[-3107.53100586,-363.658752441,1183.5045166,-102.332214355,79.8165893555,95.1253585815,-191.61567688,29.9547138214,-22.5318431854,50.9030990601,-33.3751182556,83.3865509033,-13.1506986618],[1063.66015625,-85.3440856934,-102.332214355,354.343078613,54.4043006897,74.8466491699,75.2784576416,-20.9020137787,53.1255722046,2.5827858448,26.5050354004,-28.0225505829,-8.76207637787],[-852.402954102,188.597305298,79.8165893555,54.4043006897,232.924301147,-7.17012310028,129.278366089,-6.9583697319,50.5381546021,6.05656766891,30.5918140411,-27.5179080963,25.2793121338],[1037.54406738,-277.56854248,95.1253585815,74.8466491699,-7.17012310028,256.817993164,-41.509311676,72.4016799927,-3.06252837181,38.6401100159,-16.1074085236,41.4897193909,-40.7855110168],[-392.554595947,257.96975708,-191.61567688,75.2784576416,129.278366089,-41.509311676,308.587677002,11.2531423569,53.2062835693,-43.6361045837,50.9402542114,-46.2855873108,28.432641983],[367.673065186,-68.3568572998,29.9547138214,-20.9020137787,-6.9583697319,72.4016799927,11.2531423569,131.805541992,4.54214048386,26.5020503998,-10.6002168655,25.5298290253,-1.95743763447],[-269.957336426,100.003448486,-22.5318431854,53.1255722046,50.5381546021,-3.06252837181,53.2062835693,4.54214048386,122.541564941,18.8589668274,29.5450019836,-25.3851718903,3.79017710686],[154.455200195,-92.335105896,50.9030990601,2.5827858448,6.05656766891,38.6401100159,-43.6361045837,26.5020503998,18.8589668274,90.1662597656,14.508020401,21.2574748993,-2.51614332199],[-190.956451416,73.8486938477,-33.3751182556,26.5050354004,30.5918140411,-16.1074085236,50.9402542114,-10.6002168655,29.5450019836,14.508020401,78.325378418,11.5133066177,14.8153657913],[165.392028809,-119.831001282,83.3865509033,-28.0225505829,-27.5179080963,41.4897193909,-46.2855873108,25.5298290253,-25.3851718903,21.2574748993,11.5133066177,84.7789916992,12.1348266602],[-284.014801025,95.0525894165,-13.1506986618,-8.76207637787,25.2793121338,-40.7855110168,28.432641983,-1.95743763447,3.79017710686,-2.51614332199,14.8153657913,12.1348266602,85.0741729736]],"icov":[[0.000164905824931,-0.000311797077302,0.000458745576907,-0.000594833341893,0.000356085191015,-0.00060779141495,0.000338887592079,-0.000271698634606,0.000463689764729,-0.000384326966014,0.00048951007193,-0.000613479001913,0.000362076883903],[-0.000311797077302,0.00211520004086,-0.000501264003105,0.00181472336408,-0.00171418616083,0.00193565455265,-0.000627952336799,0.000338366429787,-0.00160377344582,0.00187103834469,-0.00184799393173,0.0022607233841,-0.0015136563452],[0.000458745576907,-0.000501264003105,0.00255820387974,-0.00120880524628,-0.00044042072841,-0.00169131124858,0.0019253345672,-0.000881740474142,0.000956019910518,-0.000594486657064,0.00145045458339,-0.00243010697886,0.00105263839941],[-0.000594833341893,0.00181472336408,-0.00120880524628,0.00628115376458,-0.00204029818997,0.000596666242927,-0.00172613584436,0.00233600847423,-0.00300781871192,0.0019105381798,-0.00284839165397,0.00366478972137,-0.0018665677635],[0.000356085191015,-0.00171418616083,-0.00044042072841,-0.00204029818997,0.00890444684774,-0.00234096264467,-0.00280201155692,0.000723364413716,0.000625279324595,-0.00356543832459,0.0014603122836,-0.000136454356834,-0.00035744314664],[-0.00060779141495,0.00193565455265,-0.00169131124858,0.000596666242927,-0.00234096264467,0.00931490585208,-0.000831401615869,-0.00212237494998,-0.00188841612544,0.000965599028859,-0.000822098285425,-0.000230976744206,0.00128735403996],[0.000338887592079,-0.000627952336799,0.0019253345672,-0.00172613584436,-0.00280201155692,-0.000831401615869,0.00789235159755,-0.00333023024723,0.000416003138525,0.00333350338042,-0.00270560593344,0.000429033127148,0.000162521318998],[-0.000271698634606,0.000338366429787,-0.000881740474142,0.00233600847423,0.000723364413716,-0.00212237494998,-0.00333023024723,0.0116389002651,-0.00184845156036,-0.0026386170648,0.00251222448424,-0.0014548257459,-0.00125812017359],[0.000463689764729,-0.00160377344582,0.000956019910518,-0.00300781871192,0.000625279324595,-0.00188841612544,0.000416003138525,-0.00184845156036,0.0129363555461,-0.00419834675267,-0.00168476102408,0.00178185408004,0.00124391890131],[-0.000384326966014,0.00187103834469,-0.000594486657064,0.0019105381798,-0.00356543832459,0.000965599028859,0.00333350338042,-0.0026386170648,-0.00419834675267,0.0177795421332,-0.00613633310422,0.000894883938599,-0.00126723607536],[0.00048951007193,-0.00184799393173,0.00145045458339,-0.00284839165397,0.0014603122836,-0.000822098285425,-0.00270560593344,0.00251222448424,-0.00168476102408,-0.00613633310422,0.021559426561,-0.00936344079673,0.0012384444708],[-0.000613479001913,0.0022607233841,-0.00243010697886,0.00366478972137,-0.000136454356834,-0.000230976744206,0.000429033127148,-0.0014548257459,0.00178185408004,0.000894883938599,-0.00936344079673,0.023045450449,-0.00652865692973],[0.000362076883903,-0.0015136563452,0.00105263839941,-0.0018665677635,-0.00035744314664,0.00128735403996,0.000162521318998,-0.00125812017359,0.00124391890131,-0.00126723607536,0.0012384444708,-0.00652865692973,0.0158876739442]],"mean":[-25.0753650665,139.565750122,-143.215560913,29.1476955414,-39.5197219849,9.29693317413,-15.649723053,8.45813655853,-8.86174678802,-2.22556352615,-7.76857709885,-4.26516628265,-4.91424608231]},"hfc":{"dmean":4.91159629822,"dmean2":7.33014726639,"dvar":31.9659442902,"dvar2":70.1111526489,"max":93.6278839111,"mean":23.4100990295,"median":21.9770755768,"min":1.09508780317e-16,"var":203.458343506},"melbands":{"dmean":[0.00158118223771,0.00135547784157,0.000366013904568,0.000456310313893,0.000245473376708,0.000221915499424,0.000183917451068,0.000215566004044,0.000222983973799,0.000174964719918,0.00017185411707,0.000156711874297,0.000120164782857,0.000109847227577,0.0000707401850377,0.0000624679087196,0.0000410287902923,0.0000326834815496,0.0000344521722582,0.0000276615573966,0.0000257427018369,0.0000133814901346,0.0000131521610456,0.00000923344214243,0.0000063715451688,0.00000522150639881,0.00000268843450613,0.00000243645331466,0.00000214498186324,0.00000132484876758,9.71142185335e-7,6.74280158819e-7,8.85539691353e-7,5.53880738607e-7,4.24386769282e-7,4.21448760335e-7,3.49761791085e-7,2.71673314955e-7,2.07063933999e-7,1.58296614927e-7],"dmean2":[0.00262790336274,0.00221651047468,0.000634689175058,0.000737296242733,0.000405039580073,0.000357473443728,0.000297535065329,0.000338401674526,0.000360441132216,0.000278448453173,0.000269908719929,0.000253261736361,0.000188564212294,0.000174251239514,0.000113558446174,0.0000991431516013,0.0000667921121931,0.0000525532159372,0.0000555466504011,0.0000450349107268,0.0000418305389758,0.0000216375501623,0.0000209654917853,0.0000147590581037,0.0000102263211375,0.00000835162518342,0.00000433011246059,0.00000378583899874,0.00000322241976392,0.00000206357867683,0.0000014835187585,0.00000100354725419,0.00000143805493735,8.70624319305e-7,6.65079937789e-7,6.88125737724e-7,5.73698571316e-7,4.47731423492e-7,3.36873057449e-7,2.51013972274e-7],"dvar":[0.0000082259048213,0.00000412656481785,4.39951321596e-7,9.98633140625e-7,1.95915887957e-7,3.61907154911e-7,1.69860797428e-7,1.47554302998e-7,1.56979453436e-7,1.56096632509e-7,7.90448169141e-8,7.04375153759e-8,5.04228268028e-8,4.42559553449e-8,1.79559531688e-8,1.8068547547e-8,5.24780308098e-9,3.70148844908e-9,2.96314328629e-9,1.65800662089e-9,2.41866549011e-9,4.55503884611e-10,4.65579491626e-10,1.97965782656e-10,8.44784311949e-11,7.07408992495e-11,1.23390516554e-11,1.47361619435e-11,1.10275556048e-11,4.04225698053e-12,2.3974468244e-12,1.20803898569e-12,6.05620891977e-12,1.47235186283e-12,9.30024069909e-13,1.24862641927e-12,1.23914344497e-12,1.19457070104e-12,7.19110318168e-13,5.3307179634e-13],"dvar2":[0.0000225759213208,0.0000111090139399,0.00000124745145058,0.00000239091036747,5.25152358932e-7,8.82202186858e-7,4.29759523968e-7,3.52174225782e-7,4.32085414559e-7,4.00080324425e-7,1.90789805288e-7,1.86056396956e-7,1.03738244661e-7,1.11939776559e-7,4.53175381665e-8,4.49550086046e-8,1.3899716933e-8,9.52659995335e-9,7.39023287011e-9,4.33924185472e-9,6.1911555882e-9,1.1746584816e-9,1.19378140706e-9,4.74884132018e-10,2.13373707592e-10,1.69585109844e-10,3.11287627619e-11,3.53835190314e-11,2.35983437652e-11,9.9888682395e-12,5.42773204854e-12,2.74434164629e-12,1.66491525427e-11,3.89870991394e-12,2.28966628643e-12,3.25126947934e-12,2.94926453051e-12,2.7517508671e-12,1.63894603184e-12,1.04109873934e-12],"max":[0.0289164930582,0.0257890876383,0.00883832015097,0.0118507156149,0.0104642957449,0.020917147398,0.0102580282837,0.00907156988978,0.00821196660399,0.0081277731806,0.00472394609824,0.00425780098885,0.0061794272624,0.00361205195077,0.00239772582427,0.00350435916334,0.00139309477527,0.00113875593524,0.000871476775501,0.000825886672828,0.00155448028818,0.000542027875781,0.000483521551359,0.000288003444439,0.000170371422428,0.000218642235268,0.0000525094692421,0.0000553599857085,0.0000504808449477,0.0000399259442929,0.0000228035532928,0.0000236842533923,0.0000570775810047,0.0000193955529539,0.000032793283026,0.0000257508472714,0.0000456883026345,0.0000574188852625,0.0000426470687671,0.0000459732873423],"mean":[0.00294781127013,0.00433755572885,0.000657155236695,0.00055686046835,0.000381214165827,0.000373386894353,0.000320750870742,0.000391122885048,0.000389814085793,0.000295707868645,0.000330557988491,0.000283102912363,0.000214056344703,0.000199752990738,0.000127445426187,0.000113150723337,0.0000735471476219,0.0000594743432885,0.000067209941335,0.0000547582058061,0.0000498876397614,0.0000274400335911,0.0000275894799415,0.0000206415370485,0.0000145011190398,0.0000112562356662,0.00000583011387789,0.00000481091046822,0.00000423596839028,0.00000251752271652,0.00000151841845764,0.00000109028439965,0.00000118430455132,7.85933423231e-7,6.14491966644e-7,4.81692495669e-7,3.70173552255e-7,2.88776021762e-7,2.24020013206e-7,1.83852861824e-7],"median":[0.00212750351056,0.00343337375671,0.000480420829263,0.000211298087379,0.000188810896361,0.000158298877068,0.000156250665896,0.00022133148741,0.000217449531192,0.000122211436974,0.000168869897607,0.000131225533551,0.000110912995297,0.0000843710367917,0.0000618988560745,0.0000506632422912,0.0000398983465857,0.0000281810316665,0.0000381727149943,0.0000376172029064,0.0000311252078973,0.0000181960931513,0.0000174608758243,0.00001387271368,0.00000975276998361,0.00000789659588918,0.00000450815969089,0.0000031666927498,0.0000024938842671,0.00000162235926382,8.5172149511e-7,4.99573957313e-7,4.34191917975e-7,2.42630619596e-7,1.55506512556e-7,9.81490728691e-8,5.99432112836e-8,3.79648454896e-8,2.86878911737e-8,2.04523367131e-8],"min":[5.01972901591e-25,1.23239232855e-24,1.27769079249e-24,1.06206493316e-24,2.24879039973e-24,7.23893920245e-25,2.14617458431e-24,1.36524981701e-24,1.74771561628e-24,1.93770783492e-24,2.09314222667e-24,2.89417288907e-24,3.40294084129e-24,3.15496497953e-24,3.60853968686e-24,2.62766313478e-24,2.4911361612e-24,3.03039713728e-24,2.69311827674e-24,3.58304330798e-24,2.68744321139e-24,3.19653203278e-24,4.10270306271e-24,4.4591222526e-24,4.42068500499e-24,4.8463937925e-24,3.83689559183e-24,3.80006288731e-24,4.53456496527e-24,4.21043779653e-24,5.19906904853e-24,5.91736003489e-24,4.47609972257e-24,4.91209959501e-24,2.93934957261e-24,6.61458449078e-24,5.19740494645e-24,4.54072123578e-24,6.23861535551e-24,6.65687847935e-24],"var":[0.0000108468930193,0.0000129833151732,4.94494940995e-7,0.0000010537645494,3.27748296058e-7,0.00000111813278636,2.85953149159e-7,2.88904715262e-7,2.83111091903e-7,2.90709579076e-7,2.05947372933e-7,1.62895005928e-7,1.33276458314e-7,1.04919976707e-7,3.76624065268e-8,3.95387651508e-8,1.03566941689e-8,8.71381722334e-9,6.82920031636e-9,3.82374532037e-9,5.3904809505e-9,1.10994957669e-9,1.14911280491e-9,6.03058325499e-10,2.40596403911e-10,1.67595132217e-10,2.86809308941e-11,2.97333095645e-11,2.65639888558e-11,7.46326004469e-12,3.81897118096e-12,2.2399844566e-12,5.51221915335e-12,1.94012579439e-12,1.76591965877e-12,1.49237002964e-12,1.93773035811e-12,2.08529482744e-12,1.26963066796e-12,1.11070462723e-12]},"melbands_crest":{"dmean":2.97756743431,"dmean2":4.81607961655,"dvar":9.58662509918,"dvar2":25.9217567444,"max":34.3110466003,"mean":16.0625076294,"median":15.5644903183,"min":1.52827167511,"var":37.0889816284},"melbands_flatness_db":{"dmean":0.0246327649802,"dmean2":0.0368913784623,"dvar":0.000687556224875,"dvar2":0.00148474192247,"max":0.59435492754,"mean":0.235609203577,"median":0.226405858994,"min":0.00279393373057,"var":0.00567286927253},"melbands_kurtosis":{"dmean":4.65169620514,"dmean2":7.34130477905,"dvar":422.298187256,"dvar2":898.104248047,"max":1137.11010742,"mean":8.71735668182,"median":3.27748942375,"min":-1.49598622322,"var":1044.1842041},"melbands_skewness":{"dmean":0.576802968979,"dmean2":0.900437295437,"dvar":0.505776226521,"dvar2":1.19971263409,"max":24.5537776947,"mean":2.09381580353,"median":1.78894257545,"min":-1.28600656986,"var":2.39478349686},"melbands_spread":{"dmean":4.96176147461,"dmean2":7.87537765503,"dvar":32.9454574585,"dvar2":84.1577301025,"max":162.314178467,"mean":23.1425266266,"median":22.3534317017,"min":0.221746399999,"var":238.716217041},"mfcc":{"cov":[[11136.8173828,897.498657227,-996.51184082,88.1542816162,-58.6960678101,231.175979614,54.3220825195,286.846588135,4.58285140991,93.2076873779,35.6428833008,26.9883232117,-1.18069529533],[897.498657227,1217.20471191,-381.532562256,144.818832397,-67.5349960327,1.7970032692,94.393737793,56.8360214233,90.776008606,31.368812561,31.4663047791,50.8032226562,45.0954971313],[-996.51184082,-381.532562256,795.160766602,-145.216705322,201.257553101,-5.98717880249,-88.7281494141,-31.8595714569,-62.3551559448,-7.30207681656,-8.37035751343,-64.1050262451,-12.306385994],[88.1542816162,144.818832397,-145.216705322,320.005432129,-16.2890071869,73.6301422119,66.9720077515,11.6277246475,54.1253509521,9.57167339325,7.42912387848,60.7531814575,3.06364750862],[-58.6960678101,-67.5349960327,201.257553101,-16.2890071869,203.106140137,50.0754241943,-26.9474525452,-16.8234367371,-6.38876247406,25.491153717,16.7281036377,-17.3815937042,7.80214929581],[231.175979614,1.7970032692,-5.98717880249,73.6301422119,50.0754241943,152.015655518,37.4471244812,30.7299938202,9.28659629822,26.9000892639,24.8867607117,18.9604701996,-0.0768767595291],[54.3220825195,94.393737793,-88.7281494141,66.9720077515,-26.9474525452,37.4471244812,159.597885132,58.4741439819,47.8963317871,-3.79053878784,2.99501514435,45.589641571,3.98345780373],[286.846588135,56.8360214233,-31.8595714569,11.6277246475,-16.8234367371,30.7299938202,58.4741439819,132.137588501,32.3256378174,18.8993263245,26.6657218933,10.1413373947,4.79250621796],[4.58285140991,90.776008606,-62.3551559448,54.1253509521,-6.38876247406,9.28659629822,47.8963317871,32.3256378174,101.486297607,35.9123458862,-1.0151065588,20.5373516083,8.02099895477],[93.2076873779,31.368812561,-7.30207681656,9.57167339325,25.491153717,26.9000892639,-3.79053878784,18.8993263245,35.9123458862,81.1714248657,34.6038169861,7.60931253433,3.1023311615],[35.6428833008,31.4663047791,-8.37035751343,7.42912387848,16.7281036377,24.8867607117,2.99501514435,26.6657218933,-1.0151065588,34.6038169861,87.8802337646,23.5086803436,5.36317539215],[26.9883232117,50.8032226562,-64.1050262451,60.7531814575,-17.3815937042,18.9604701996,45.589641571,10.1413373947,20.5373516083,7.60931253433,23.5086803436,83.809387207,20.6714439392],[-1.18069529533,45.0954971313,-12.306385994,3.06364750862,7.80214929581,-0.0768767595291,3.98345780373,4.79250621796,8.02099895477,3.1023311615,5.36317539215,20.6714439392,67.9372253418]],"icov":[[0.000121129065519,-0.0000613334414084,0.000185316370334,0.0000594386146986,-0.000139039722853,-0.000149569765199,0.000145953919855,-0.000321400351822,0.000216830681893,-0.000111396882858,0.000204033160117,-0.0000599444028921,0.0000852380908327],[-0.0000613334414084,0.00109268107917,0.000356182426913,-0.000306885922328,-0.000105501028884,0.000421485048719,-0.000342854473274,0.0000301163327094,-0.000505617179442,-0.00000116797957617,-0.0004572038888,0.000323067972204,-0.000619895698037],[0.000185316370334,0.000356182426913,0.00242964411154,0.0004891945282,-0.00229638139717,0.000218616609345,0.000498670327943,-0.000891420932021,0.000692430767231,0.000140040487167,0.000513584935106,0.000135563503136,0.000312524469336],[0.0000594386146986,-0.000306885922328,0.0004891945282,0.00469171162695,-0.0000351527705789,-0.00228339806199,0.00000640395546725,0.000621140759904,-0.00187390274368,0.00103084219154,0.000356122065568,-0.00238849106245,0.000911847397219],[-0.000139039722853,-0.000105501028884,-0.00229638139717,-0.0000351527705789,0.00843756552786,-0.00275519187562,-0.0000346351807821,0.00216854689643,-0.000941798847634,-0.0013040676713,-0.00144783884753,0.00168108125217,-0.00169630593155],[-0.000149569765199,0.000421485048719,0.000218616609345,-0.00228339806199,-0.00275519187562,0.0100927473977,-0.00215205876157,-0.00140495679807,0.00230435258709,-0.0027205045335,-0.000597756297793,-0.00013630752801,0.000354160612915],[0.000145953919855,-0.000342854473274,0.000498670327943,0.00000640395546725,-0.0000346351807821,-0.00215205876157,0.011144449003,-0.00407629506662,-0.00359861156903,0.00363164348528,0.001286196406,-0.00474435091019,0.00155688030645],[-0.000321400351822,0.0000301163327094,-0.000891420932021,0.000621140759904,0.00216854689643,-0.00140495679807,-0.00407629506662,0.0117816580459,-0.00290157319978,-0.000119072377856,-0.00409912783653,0.00268054171465,-0.00120180624072],[0.000216830681893,-0.000505617179442,0.000692430767231,-0.00187390274368,-0.000941798847634,0.00230435258709,-0.00359861156903,-0.00290157319978,0.0178306978196,-0.00971214100718,0.00520328991115,-0.00106450426392,-0.000672764377668],[-0.000111396882858,-0.00000116797957617,0.000140040487167,0.00103084219154,-0.0013040676713,-0.0027205045335,0.00363164348528,-0.000119072377856,-0.00971214100718,0.0213958825916,-0.00773474061862,0.00023205508478,0.000629489310086],[0.000204033160117,-0.0004572038888,0.000513584935106,0.000356122065568,-0.00144783884753,-0.000597756297793,0.001286196406,-0.00409912783653,0.00520328991115,-0.00773474061862,0.0177228711545,-0.00577914668247,0.000861568260007],[-0.0000599444028921,0.000323067972204,0.000135563503136,-0.00238849106245,0.00168108125217,-0.00013630752801,-0.00474435091019,0.00268054171465,-0.00106450426392,0.00023205508478,-0.00577914668247,0.0194523166865,-0.00553485099226],[0.0000852380908327,-0.000619895698037,0.000312524469336,0.000911847397219,-0.00169630593155,0.000354160612915,0.00155688030645,-0.00120180624072,-0.000672764377668,0.000629489310086,0.000861568260007,-0.00553485099226,0.017003396526]],"mean":[-644.853637695,157.689254761,-30.6460723877,27.3338489532,-0.481777638197,9.13850784302,3.92701792717,11.7151556015,6.53816652298,6.87503290176,2.574614048,4.15310335159,3.90567421913]},"pitch_salience":{"dmean":0.0687710493803,"dmean2":0.111307263374,"dvar":0.00465244054794,"dvar2":0.0124461706728,"max":0.960377633572,"mean":0.494383186102,"median":0.492257714272,"min":0.0306380372494,"var":0.0149281760678},"silence_rate_20dB":{"dmean":0,"dmean2":0,"dvar":0,"dvar2":0,"max":1,"mean":1,"median":1,"min":1,"var":0},"silence_rate_30dB":{"dmean":0.00203588232398,"dmean2":0.00407228292897,"dvar":0.00203177100047,"dvar2":0.00583724863827,"max":1,"mean":0.998854935169,"median":1,"min":0,"var":0.00114370125812},"silence_rate_60dB":{"dmean":0.0035627942998,"dmean2":0.00712649524212,"dvar":0.0035502302926,"dvar2":0.00783907994628,"max":1,"mean":0.0559796430171,"median":0,"min":0,"var":0.0528477430344},"spectral_centroid":{"dmean":175.287658691,"dmean2":271.724456787,"dvar":45664.7421875,"dvar2":88994.5078125,"max":11770.3007812,"mean":1341.91430664,"median":1257.69787598,"min":144.440963745,"var":1199843.625},"spectral_complexity":{"dmean":3.45311117172,"dmean2":5.16594552994,"dvar":11.6941423416,"dvar2":23.4685058594,"max":51,"mean":24.0133590698,"median":25,"min":0,"var":90.9565734863},"spectral_contrast_coeffs":{"dmean":[0.0453618243337,0.0467049703002,0.0413258746266,0.0320229493082,0.0212176088244,0.0225795954466],"dmean2":[0.0741836354136,0.0759156420827,0.0652284547687,0.0509409569204,0.0334490910172,0.0354178212583],"dvar":[0.00156049372163,0.00148770480882,0.00120120728388,0.000722399854567,0.000374869268853,0.000526291609276],"dvar2":[0.00401711137965,0.00391699979082,0.00282876612619,0.00167188432533,0.000811146746855,0.00121743150521],"max":[-0.319929391146,-0.392261743546,-0.363047540188,-0.533201754093,-0.502009391785,-0.549857616425],"mean":[-0.655718803406,-0.727390527725,-0.739298224449,-0.763522028923,-0.784371495247,-0.727677285671],"median":[-0.659965753555,-0.730807304382,-0.741008281708,-0.762954235077,-0.786454260349,-0.721918821335],"min":[-0.981377720833,-0.978546082973,-0.977162122726,-0.970968306065,-0.966618657112,-0.965438783169],"var":[0.00646267551929,0.00516465958208,0.00518837058917,0.00336164515465,0.00206816196442,0.00344305764884]},"spectral_contrast_valleys":{"dmean":[0.380199074745,0.346097439528,0.319049149752,0.290087670088,0.249370232224,0.442634105682],"dmean2":[0.600240409374,0.545826792717,0.494104474783,0.439925998449,0.357118308544,0.608238995075],"dvar":[0.12252946198,0.107549838722,0.106710873544,0.102837011218,0.0954099968076,0.249016568065],"dvar2":[0.251962423325,0.228466674685,0.220114290714,0.196711227298,0.168205365539,0.484342366457],"max":[-5.0370721817,-4.89807748795,-5.07484960556,-5.34828424454,-5.86782884598,-7.83617115021],"mean":[-7.340736866,-6.72826051712,-7.11343431473,-7.55410480499,-7.70175981522,-11.3435745239],"median":[-6.91010665894,-6.32798433304,-6.66532373428,-7.08996629715,-7.17335987091,-10.9595165253],"min":[-28.3105773926,-28.0524196625,-27.8696460724,-27.6721172333,-27.5664386749,-27.3866977692],"var":[5.742872715,5.73650741577,5.87679290771,5.86575317383,5.96131467819,4.9285607338]},"spectral_decrease":{"dmean":2.30323893291e-9,"dmean2":3.60126617416e-9,"dvar":7.75504571735e-18,"dvar2":1.93174598649e-17,"max":1.81092592665e-28,"mean":-1.01927399854e-8,"median":-1.00948405191e-8,"min":-3.47545352497e-8,"var":2.7724159296e-17},"spectral_energy":{"dmean":0.00895305164158,"dmean2":0.0139406537637,"dvar":0.000113453177619,"dvar2":0.000280754378764,"max":0.133408501744,"mean":0.0405929721892,"median":0.0403993725777,"min":9.97985088771e-21,"var":0.000429117877502},"spectral_energyband_high":{"dmean":0.000176996109076,"dmean2":0.000266867486062,"dvar":9.64484030419e-8,"dvar2":2.23480554951e-7,"max":0.00794117897749,"mean":0.00033330268343,"median":0.000211295060581,"min":6.71786293042e-21,"var":1.77650946398e-7},"spectral_energyband_low":{"dmean":0.0067388927564,"dmean2":0.0109631177038,"dvar":0.000108326763439,"dvar2":0.000292167940643,"max":0.116554073989,"mean":0.0192503910512,"median":0.0162698496133,"min":1.50885330678e-23,"var":0.000221687354497},"spectral_energyband_middle_high":{"dmean":0.0027414446231,"dmean2":0.00420596683398,"dvar":0.0000109481434265,"dvar2":0.0000259344324149,"max":0.0577775128186,"mean":0.0099169826135,"median":0.00853883940727,"min":1.13987003023e-21,"var":0.0000572035532969},"spectral_energyband_middle_low":{"dmean":0.00452135084197,"dmean2":0.0070862271823,"dvar":0.0000337993042194,"dvar2":0.0000820299756015,"max":0.0980368331075,"mean":0.0118882507086,"median":0.00977447349578,"min":1.52719571122e-22,"var":0.0000948591987253},"spectral_entropy":{"dmean":0.142444431782,"dmean2":0.202698364854,"dvar":0.0243273675442,"dvar2":0.0493283905089,"max":9.82024383545,"mean":7.42455816269,"median":7.47448778152,"min":4.8842086792,"var":0.240492984653},"spectral_flux":{"dmean":0.0231985393912,"dmean2":0.0351096354425,"dvar":0.000544025446288,"dvar2":0.00118565873709,"max":0.281641751528,"mean":0.0918627157807,"median":0.0878791585565,"min":6.36691810385e-11,"var":0.00223702425137},"spectral_kurtosis":{"dmean":3.16136717796,"dmean2":5.49590539932,"dvar":20.8339080811,"dvar2":62.8869743347,"max":130.639358521,"mean":7.56126117706,"median":5.21230649948,"min":-1.25986719131,"var":135.329879761},"spectral_rms":{"dmean":0.000659504090436,"dmean2":0.00101531972177,"dvar":5.2045419352e-7,"dvar2":0.00000124770417642,"max":0.0114085329697,"mean":0.00597581965849,"median":0.006278058514,"min":3.12032691352e-12,"var":0.00000389248543797},"spectral_rolloff":{"dmean":256.572052002,"dmean2":432.168243408,"dvar":189263.671875,"dvar2":419157.1875,"max":19918.2128906,"mean":1293.11083984,"median":1076.66015625,"min":64.599609375,"var":3806725},"spectral_skewness":{"dmean":0.305167376995,"dmean2":0.514462649822,"dvar":0.112831018865,"dvar2":0.331961095333,"max":9.29810905457,"mean":1.65469694138,"median":1.50847601891,"min":-0.0663863345981,"var":0.862535893917},"spectral_spread":{"dmean":416822.5,"dmean2":619819.8125,"dvar":528036397056,"dvar2":1118424399870,"max":42201888,"mean":3387276.75,"median":2795390,"min":656725.9375,"var":16146754437100},"spectral_strongpeak":{"dmean":0.446651428938,"dmean2":0.793963849545,"dvar":0.874252617359,"dvar2":2.26630187035,"max":8.49971580505,"mean":0.744109153748,"median":0.444149315357,"min":0,"var":0.975982666016},"zerocrossingrate":{"dmean":0.00554859964177,"dmean2":0.0068741524592,"dvar":0.0000538599197171,"dvar2":0.0000839958229335,"max":0.525390625,"mean":0.0455978885293,"median":0.04052734375,"min":0.00244140625,"var":0.0025939932093}},"metadata":{"audio_properties":{"analysis_sample_rate":44100,"bit_rate":209069,"codec":"mp3","downmix":"mix","equal_loudness":0,"length":182.465301514,"lossless":false,"md5_encoded":"e3d73f4a9eaa26f7e734e90ee1bb03c6","replay_gain":-16.1365890503,"sample_rate":44100},"tags":{"album":["Heart On"],"albumartist":["Eagles of Death Metal"],"albumartistsort":["Eagles of Death Metal"],"artist":["Eagles of Death Metal"],"artistsort":["Eagles of Death Metal"],"asin":["B001FW2RF8"],"barcode":["878037005127"],"catalognumber":["DWT70051"],"date":["2008-10-28"],"file_name":"09 How Can a Man With So Many Friends Feel So Alone.mp3","genre":["Alternative Rock / Garage Rock / Desert Area / Too Long Titles / 00S / Stoner Rock / Desert Rock / Rock / 2008 / Alternative"],"label":["Downtown Records"],"musicbrainz album release country":["US"],"musicbrainz album status":["official"],"musicbrainz album type":["album"],"musicbrainz_albumartistid":["de11b037-d880-40e0-8901-0397c768c457"],"musicbrainz_albumid":["6479983e-1a4d-4c90-8551-92e8655d3c1d"],"musicbrainz_artistid":["de11b037-d880-40e0-8901-0397c768c457"],"musicbrainz_recordingid":["001e352e-df29-4787-b4c5-8ba533c046d8"],"title":["How Can a Man With So Many Friends Feel So Alone"],"tracknumber":["9/12"]},"version":{"essentia":"2.1-beta2","essentia_build_sha":"70f2e5ece6736b2c40cc944ad0e695b16b925413","essentia_git_sha":"v2.1_beta2","extractor":"music 1.0"}},"rhythm":{"beats_count":344,"beats_loudness":{"dmean":0.0154141616076,"dmean2":0.024911949411,"dvar":0.000196193577722,"dvar2":0.000512507278472,"max":0.108280681074,"mean":0.046846345067,"median":0.0479867085814,"min":0,"var":0.000440001022071},"beats_loudness_band_ratio":{"dmean":[0.242132872343,0.236008360982,0.0906093493104,0.102223664522,0.0467169135809,0.0232813861221],"dmean2":[0.448608517647,0.455183118582,0.157080620527,0.173312097788,0.0775375664234,0.0457401126623],"