{"lowlevel":{"average_loudness":0.97502809763,"barkbands":{"dmean":[0.00026823382359,0.00440468080342,0.00285293604247,0.00281833251938,0.00143196561839,0.000678740500007,0.000310259318212,0.000506156764459,0.00117353512906,0.00115246942732,0.000402932026191,0.000422843062552,0.000366372434655,0.000367810222087,0.000208433280932,0.000254254351603,0.000445437122835,0.000318221340422,0.000215772277443,0.000183728014235,0.0000822175206849,0.000056247386965,0.0000176486792043,0.0000140263082358,0.0000103876645881,0.00000283722010863,7.30830379325e-7],"dmean2":[0.000458527414594,0.0068973521702,0.00462762266397,0.00456682732329,0.00228379573673,0.00103916099761,0.000498024281114,0.000819542852696,0.00190106208902,0.00188852474093,0.000659339420963,0.000685887120198,0.00059580168454,0.000594173732679,0.000342754385201,0.000421221920988,0.000739155046176,0.000526022631675,0.000359857600415,0.000297088612569,0.000130835236632,0.0000885614281287,0.0000268771982519,0.0000196063720068,0.0000145585045175,0.00000407001925851,0.00000108250139874],"dvar":[6.87133479005e-7,0.0000743814234738,0.0000197569534066,0.0000262926077994,0.00000364137486031,0.00000136679875595,4.72683922226e-7,0.00000135873381168,0.00000506971809955,0.00000628599582342,4.34135415617e-7,5.07972856667e-7,6.70171004913e-7,5.04303216076e-7,2.42563544361e-7,1.37773312758e-7,4.77933895127e-7,1.97197408625e-7,8.12187224142e-8,1.37559609925e-7,1.56661652539e-8,8.21985590704e-9,1.61750290939e-9,2.97589219933e-9,1.72467129467e-9,6.06939221104e-11,4.65332026384e-12],"dvar2":[0.00000184100258593,0.000152055668877,0.0000527391530341,0.0000620763748884,0.00000917112538446,0.00000338597078553,0.00000112387965601,0.00000353619429916,0.000013863355889,0.0000175747991307,0.00000112694908694,0.00000125293468045,0.00000162986998475,0.00000123030679333,6.00579710408e-7,3.50097138835e-7,0.00000127046257603,5.43433202438e-7,2.25877158755e-7,3.70841718222e-7,3.7762251992e-8,1.96989891066e-8,3.57676643858e-9,5.11846565132e-9,3.0961084807e-9,1.31892496924e-10,1.01076447559e-11],"max":[0.0124440668151,0.114867702127,0.0669070035219,0.0615047365427,0.0534867197275,0.0306062381715,0.022713676095,0.0310706049204,0.0742287933826,0.0589910820127,0.0214194022119,0.029776006937,0.0313212946057,0.0223941709846,0.0161443930119,0.0113918036222,0.0118008945137,0.0170180555433,0.00605048518628,0.0156543571502,0.00578009709716,0.0027898051776,0.00175681919791,0.00237900135107,0.0017678134609,0.000303444132442,0.0000862385713845],"mean":[0.000262065877905,0.0113178128377,0.00762047246099,0.00503497570753,0.00377268204466,0.00147708924487,0.000557461054996,0.000851415621582,0.00212505157106,0.00206939829513,0.000738558417652,0.0008057015948,0.000704997626599,0.000711087719537,0.000400632270612,0.000568960269447,0.00110802252311,0.000808286247775,0.000605827081017,0.000485519180074,0.000234466977417,0.000151505038957,0.0000476446439279,0.0000348060675606,0.000023415474061,0.00000550119102627,0.00000124526309264],"median":[0.0000731542677386,0.005420464091,0.00469079148024,0.00251395907253,0.00279982248321,0.000968294800259,0.000313141004881,0.00047122547403,0.00133111514151,0.00109587842599,0.000516834203154,0.000586672918871,0.000444130506366,0.000487230427098,0.00025600916706,0.000445814745035,0.000638025288936,0.000573829514906,0.000468678335892,0.000313601078233,0.000165357312653,0.0000942768965615,0.0000287639741146,0.0000155217021529,0.0000103393704194,0.00000253631560554,5.13784016221e-7],"min":[1.51992102528e-23,3.19138349264e-23,9.34317389813e-24,2.4723721185e-24,4.12375263267e-24,7.41303889124e-23,1.18473213339e-23,2.38743152053e-23,6.68726792578e-23,3.35130137534e-23,7.04640537258e-23,6.36576671722e-23,4.64779427307e-23,1.12254856326e-22,2.08834125075e-22,8.39672067215e-23,8.40142985621e-23,2.85150169877e-22,3.56408896835e-22,2.71789037088e-22,6.26866993048e-22,5.23621079721e-22,5.69114852208e-22,8.31769233423e-22,9.45647881036e-22,1.38404946575e-21,2.71245588917e-21],"var":[5.83289249789e-7,0.000191645231098,0.0000645799082122,0.0000494988780702,0.0000167924208654,0.00000289040804091,9.81136508926e-7,0.00000212597433347,0.0000092347527243,0.000012014747881,7.79008530571e-7,0.00000102551655345,0.00000167195355516,9.77516378953e-7,4.67049773079e-7,3.14012993385e-7,0.00000182859560027,6.63382024868e-7,2.65981100256e-7,3.8474320263e-7,7.21328987652e-8,3.16891188845e-8,4.43317960119e-9,8.04705901913e-9,4.37272884568e-9,1.10390627195e-10,7.50051670079e-12]},"barkbands_crest":{"dmean":2.35330843925,"dmean2":3.81964111328,"dvar":6.63433742523,"dvar2":15.8037071228,"max":24.9748039246,"mean":11.1667909622,"median":10.3672037125,"min":2.48886847496,"var":21.6709308624},"barkbands_flatness_db":{"dmean":0.0157593302429,"dmean2":0.0242288615555,"dvar":0.000309151277179,"dvar2":0.000665801751893,"max":0.471825957298,"mean":0.138500094414,"median":0.129171401262,"min":0.0392179004848,"var":0.00322163081728},"barkbands_kurtosis":{"dmean":2.40615367889,"dmean2":3.81088352203,"dvar":69.4140853882,"dvar2":184.526092529,"max":525.133789062,"mean":4.61425924301,"median":0.973320603371,"min":-1.89033651352,"var":203.137954712},"barkbands_skewness":{"dmean":0.437532216311,"dmean2":0.679562270641,"dvar":0.311485290527,"dvar2":0.670769035816,"max":18.5823440552,"mean":1.54553878307,"median":1.33302164078,"min":-8.8627538681,"var":2.25944495201},"barkbands_spread":{"dmean":3.86114001274,"dmean2":6.0219373703,"dvar":16.7113571167,"dvar2":36.6524238586,"max":131.221343994,"mean":23.6908397675,"median":22.9704723358,"min":0.409641325474,"var":125.098953247},"dissonance":{"dmean":0.0100569566712,"dmean2":0.0172060672194,"dvar":0.000127469524159,"dvar2":0.000361779559171,"max":0.500000059605,"mean":0.481678038836,"median":0.486827790737,"min":0.276530474424,"var":0.000276747101452},"dynamic_complexity":1.75213396549,"erbbands":{"dmean":[0.0951787158847,1.16648423672,3.08402585983,6.47459316254,5.68335866928,6.11874914169,5.12534618378,5.60559558868,4.87762403488,5.28025054932,13.3871736526,25.218000412,38.4613494873,26.2587051392,14.5022735596,17.9521217346,16.9637184143,14.1965560913,14.4015979767,10.9609088898,14.8139791489,21.0785827637,19.8473415375,12.3748559952,9.01953029633,8.74837875366,4.81341743469,2.44326376915,2.26661539078,0.88323444128,0.486177504063,0.296303838491,0.254286050797,0.163510769606,0.0501285344362,0.017100719735,0.00441401777789,0.00101088848896,0.000126454033307,0.0000108434933281],"dmean2":[0.142535671592,1.8585422039,4.94973611832,10.4745597839,9.35167694092,9.56090736389,8.04962253571,8.65952587128,7.82286500931,8.51729297638,21.6331176758,40.3812599182,63.6101379395,42.7268371582,23.6504268646,28.9554004669,27.4761962891,22.8088207245,23.257610321,18.0482158661,24.6275787354,34.912651062,32.8103179932,20.5847072601,14.9698572159,14.1858758926,7.59161186218,3.82188200951,3.57691979408,1.37541174889,0.73396897316,0.431425899267,0.356285661459,0.229335218668,0.072307959199,0.024730861187,0.00629942398518,0.00148360198364,0.000189208352822,0.0000166070694831],"dvar":[0.0604963712394,5.11446332932,22.9010696411,121.787666321,74.4198913574,77.2346038818,47.8802452087,135.757751465,134.658294678,122.862075806,829.58404541,2424.70654297,7584.68457031,2303.34301758,436.988372803,1037.68652344,1345.70983887,745.899902344,975.153686523,610.036437988,360.588134766,1060.29467773,812.079467773,347.898803711,164.555053711,332.605621338,54.281703949,14.9080266953,13.5029697418,1.95142698288,1.45054364204,1.15853369236,1.11543047428,0.506171286106,0.0231637209654,0.00190476677381,0.000173277643626,0.00000863996137923,1.34366189286e-7,3.99279775909e-10],"dvar2":[0.115497529507,11.1449680328,61.1876411438,293.903717041,183.815734863,190.319946289,120.740219116,340.291473389,318.011260986,320.708374023,2160.99780273,6476.90136719,21158.4238281,6449.69921875,1122.22094727,2505.52124023,3305.2109375,1791.32519531,2309.23950195,1590.36987305,951.333740234,2850.81762695,2223.70092773,954.686279297,440.096313477,897.538330078,129.02746582,35.0294418335,32.917755127,4.74371242523,3.07625508308,2.20070958138,1.80585730076,0.897946834564,0.045241791755,0.00411704462022,0.000370500405552,0.0000186727320397,3.03043862004e-7,8.39473879299e-10],"max":[3.58540129662,27.3333206177,69.6595458984,145.254089355,152.052810669,257.123565674,172.378067017,334.457855225,371.363250732,539.243652344,826.829284668,1708.63098145,2103.51196289,1301.54870605,765.397888184,1383.94616699,1365.64562988,1078.14624023,1052.890625,768.757263184,564.776550293,599.297607422,1207.94567871,364.552032471,362.892150879,803.941345215,218.86390686,229.228637695,86.2015304565,38.7682800293,48.2692985535,46.5965194702,45.567779541,32.1931304932,5.69432592392,1.55035161972,0.536509394646,0.116054095328,0.0141741083935,0.00082933640806],"mean":[0.179388567805,3.02694940567,9.06434440613,13.8971748352,11.3747653961,15.8305864334,13.0415906906,11.5934371948,8.63273525238,10.197104454,24.0776920319,46.9521064758,67.528755188,50.3019561768,30.0115184784,35.3093185425,34.8593673706,30.8239059448,29.4855327606,24.0079936981,36.5579376221,56.6787757874,54.5094680786,35.1695480347,26.3553695679,23.2844524384,13.9768028259,7.31133317947,5.89167022705,2.51588511467,1.28176176548,0.747998774052,0.59721070528,0.363119065762,0.109422944486,0.0340708084404,0.00839643552899,0.00172643561382,0.000232354243053,0.0000598463957431],"median":[0.0745846033096,1.62047863007,7.05503797531,8.53025817871,7.6312456131,10.4813270569,9.03921508789,7.18656539917,4.09517717361,6.4041852951,15.1281070709,30.0123271942,35.2330703735,33.9978713989,22.7192020416,25.0786743164,23.1358127594,22.3022727966,20.135181427,16.2739372253,29.8994216919,34.743057251,37.6568756104,23.9333381653,20.0397987366,14.6697177887,10.112663269,5.04660987854,3.67528891563,1.61342859268,0.748991131783,0.374819397926,0.242982596159,0.14986859262,0.052532479167,0.0161854214966,0.00370849203318,0.000724232406355,0.000109510467155,0.0000585354573559],"min":[2.3152019961e-21,1.77858210424e-21,7.38361205707e-21,1.35505997606e-20,9.66020293431e-21,1.32859803206e-20,1.31447568409e-19,8.96325984125e-19,1.9835025947e-19,5.42541456521e-19,4.78431081639e-19,1.47256853656e-18,1.25037769107e-18,2.04241584549e-18,3.18925089318e-18,2.17692575285e-18,2.07406543009e-18,5.50744172386e-18,8.55964264482e-18,7.50019550653e-18,4.70647156979e-18,5.37040767486e-18,1.47237437659e-17,1.20437753614e-17,2.02543692944e-17,1.288069768e-17,2.9017118694e-17,1.75257800406e-17,2.08678577219e-17,1.66421013379e-17,1.61736788832e-17,1.53307090471e-17,1.48365348055e-17,1.01905119405e-17,7.63014971666e-18,4.27038071008e-18,2.62166830138e-18,1.29367046317e-18,3.94361639908e-19,3.997239804e-20],"var":[0.12004031986,12.0010566711,68.7690124512,258.201324463,162.785186768,351.176971436,183.066711426,228.57951355,272.579650879,257.539703369,1295.00708008,4622.16503906,13762.6435547,4079.50195312,866.770385742,2129.44677734,3391.66967773,1532.66796875,2078.88964844,1200.58618164,877.468505859,4057.30688477,3199.53393555,1270.11169434,561.174865723,933.307739258,234.568511963,70.6486129761,48.1668014526,7.96737098694,3.7636115551,2.68793296814,3.12262654305,1.31910526752,0.0556788630784,0.00369703420438,0.000315577955917,0.0000141952159538,2.06637466249e-7,9.84937797988e-10]},"erbbands_crest":{"dmean":2.27305245399,"dmean2":3.77241110802,"dvar":5.95803070068,"dvar2":15.6115894318,"max":30.188501358,"mean":7.56857967377,"median":6.45754146576,"min":2.48374772072,"var":15.0402650833},"erbbands_flatness_db":{"dmean":0.0117974877357,"dmean2":0.0179715380073,"dvar":0.000130085667479,"dvar2":0.000305873167235,"max":0.349240601063,"mean":0.158978044987,"median":0.153193622828,"min":0.0207984484732,"var":0.00134721153881},"erbbands_kurtosis":{"dmean":0.541166722775,"dmean2":0.890317797661,"dvar":0.589563250542,"dvar2":1.5908870697,"max":18.5576019287,"mean":-0.0760906860232,"median":-0.358102917671,"min":-1.64210653305,"var":1.17648136616},"erbbands_skewness":{"dmean":0.256049484015,"dmean2":0.41166883707,"dvar":0.0597518831491,"dvar2":0.159042730927,"max":3.42011809349,"mean":-0.171818763018,"median":-0.138014554977,"min":-2.86028647423,"var":0.3793002069},"erbbands_spread":{"dmean":5.82448005676,"dmean2":9.22910881042,"dvar":28.0032997131,"dvar2":68.7176742554,"max":103.436553955,"mean":37.88722229,"median":36.8755912781,"min":5.50185823441,"var":123.481758118},"gfcc":{"cov":[[21429.484375,1692.8034668,-2260.61181641,855.807128906,-972.57208252,123.497070312,-373.518859863,173.306182861,-398.955566406,-163.967788696,-307.117340088,13.8243207932,-79.8160629272],[1692.8034668,1172.12194824,-426.110870361,95.5134277344,56.2472953796,-178.813201904,72.5101470947,-108.330612183,46.1707458496,-176.398391724,102.989265442,-88.0089187622,55.7331962585],[-2260.61181641,-426.110870361,718.101135254,-106.496528625,108.078353882,189.343643188,73.2735900879,67.9229354858,52.6875152588,151.071395874,-5.74066877365,48.2142372131,-13.6159381866],[855.807128906,95.5134277344,-106.496528625,225.680892944,13.5622940063,-19.0929164886,22.1421527863,11.1499710083,-3.7779340744,-13.031545639,15.8956375122,-9.94835853577,15.419760704],[-972.57208252,56.2472953796,108.078353882,13.5622940063,184.788787842,14.2371177673,61.4891929626,7.78510665894,40.6397132874,6.78709363937,38.0237083435,10.8402900696,19.4888095856],[123.497070312,-178.813201904,189.343643188,-19.0929164886,14.2371177673,191.808822632,47.9358329773,68.9337997437,13.4358844757,80.8495101929,-20.5100212097,27.1422634125,-12.1797399521],[-373.518859863,72.5101470947,73.2735900879,22.1421527863,61.4891929626,47.9358329773,112.540672302,31.6640586853,44.0568580627,17.2027015686,22.3863964081,-0.49407184124,12.8189516068],[173.306182861,-108.330612183,67.9229354858,11.1499710083,7.78510665894,68.9337997437,31.6640586853,97.6424331665,30.1245193481,47.653591156,-15.0315256119,19.1770133972,-1.73806405067],[-398.955566406,46.1707458496,52.6875152588,-3.7779340744,40.6397132874,13.4358844757,44.0568580627,30.1245193481,77.8420562744,26.7777233124,31.9705963135,0.0317572876811,14.8154649734],[-163.967788696,-176.398391724,151.071395874,-13.031545639,6.78709363937,80.8495101929,17.2027015686,47.653591156,26.7777233124,109.513557434,5.98505020142,34.8554801941,-9.91003131866],[-307.117340088,102.989265442,-5.74066877365,15.8956375122,38.0237083435,-20.5100212097,22.3863964081,-15.0315256119,31.9705963135,5.98505020142,79.4770126343,16.6431465149,24.9741382599],[13.8243207932,-88.0089187622,48.2142372131,-9.94835853577,10.8402900696,27.1422634125,-0.49407184124,19.1770133972,0.0317572876811,34.8554801941,16.6431465149,72.6004257202,24.3369369507],[-79.8160629272,55.7331962585,-13.6159381866,15.419760704,19.4888095856,-12.1797399521,12.8189516068,-1.73806405067,14.8154649734,-9.91003131866,24.9741382599,24.3369369507,54.0778083801]],"icov":[[0.000491097511258,-0.00137133500539,0.00105494610034,-0.00146641512401,0.00157021614723,-0.00190040422603,0.00173397129402,-0.0014078883687,0.00106502359267,-0.00109419133514,0.0018270885339,-0.00200633215718,0.000938558019698],[-0.00137133500539,0.00569442193955,-0.0021214527078,0.00405691890046,-0.00455177202821,0.00524805160239,-0.00623187469319,0.0050135916099,-0.00397554924712,0.00457977270707,-0.00657044956461,0.00688071269542,-0.0032567048911],[0.00105494610034,-0.0021214527078,0.00533531047404,-0.00212941947393,0.00183619256131,-0.00543319899589,0.00262815598398,-0.00174416636582,0.00162977492437,-0.00452100578696,0.00425759563223,-0.00369861419313,0.00155275384896],[-0.00146641512401,0.00405691890046,-0.00212941947393,0.00994249153882,-0.00539702549577,0.00618176022545,-0.00654317811131,0.00208629085682,-0.000147858212586,0.00166398147121,-0.00689595518634,0.00832325220108,-0.00497686630115],[0.00157021614723,-0.00455177202821,0.00183619256131,-0.00539702549577,0.0130537338555,-0.00561571447179,0.00279839290306,-0.00412327051163,0.00155765924137,-0.00122950784862,0.00400329381227,-0.00796045921743,0.00332649308257],[-0.00190040422603,0.00524805160239,-0.00543319899589,0.00618176022545,-0.00561571447179,0.0183423589915,-0.0107224984095,0.00134860468097,-0.000612068804912,-0.000439574097982,-0.00526624405757,0.00727555155754,-0.00335926678963],[0.00173397129402,-0.00623187469319,0.00262815598398,-0.00654317811131,0.00279839290306,-0.0107224984095,0.0228082574904,-0.00777734071016,-0.000741815718357,-0.00245059654117,0.00519818393514,-0.00549759576097,0.00225692195818],[-0.0014078883687,0.0050135916099,-0.00174416636582,0.00208629085682,-0.00412327051163,0.00134860468097,-0.00777734071016,0.0249737091362,-0.0132739534602,0.000997154391371,0.00231255171821,0.000723940844182,-0.00141755898949],[0.00106502359267,-0.00397554924712,0.00162977492437,-0.000147858212586,0.00155765924137,-0.000612068804912,-0.000741815718357,-0.0132739534602,0.0309262387455,-0.0102337123826,-0.00489373179153,0.00514861801639,-0.00523346662521],[-0.00109419133514,0.00457977270707,-0.00452100578696,0.00166398147121,-0.00122950784862,-0.000439574097982,-0.00245059654117,0.000997154391371,-0.0102337123826,0.026387501508,-0.00852461624891,-0.00375519599766,0.00627545174211],[0.0018270885339,-0.00657044956461,0.00425759563223,-0.00689595518634,0.00400329381227,-0.00526624405757,0.00519818393514,0.00231255171821,-0.00489373179153,-0.00852461624891,0.0309647899121,-0.0145423505455,0.000742865202483],[-0.00200633215718,0.00688071269542,-0.00369861419313,0.00832325220108,-0.00796045921743,0.00727555155754,-0.00549759576097,0.000723940844182,0.00514861801639,-0.00375519599766,-0.0145423505455,0.0358507856727,-0.0190401095897],[0.000938558019698,-0.0032567048911,0.00155275384896,-0.00497686630115,0.00332649308257,-0.00335926678963,0.00225692195818,-0.00141755898949,-0.00523346662521,0.00627545174211,0.000742865202483,-0.0190401095897,0.0333170853555]],"mean":[8.32579803467,113.949684143,-133.231414795,44.3137168884,-41.8885345459,9.74497795105,-19.608001709,8.14793682098,-24.5342140198,-10.6506519318,-17.8398418427,-6.09587049484,-7.63117551804]},"hfc":{"dmean":3.84116101265,"dmean2":6.00299072266,"dvar":17.0111808777,"dvar2":41.5147743225,"max":108.593276978,"mean":25.6573829651,"median":25.7565784454,"min":1.16053797283e-16,"var":141.832305908},"melbands":{"dmean":[0.00103827798739,0.00151738431305,0.00106156978291,0.000354107731255,0.000201264672796,0.000126105267555,0.0000699874581187,0.0000662083184579,0.000124299651361,0.000162618191098,0.000195997505216,0.000114521579235,0.0000538728745596,0.0000439706491306,0.0000521227011632,0.0000293091179628,0.0000299104631267,0.0000292058812192,0.0000136692506203,0.0000168452770595,0.0000199212499865,0.0000227584787353,0.0000288355040539,0.0000157039357873,0.0000112630341391,0.00000834487673274,0.00000680990387991,0.00000638959909338,0.00000382417738365,0.00000227653754337,0.00000142017984217,0.00000153478345055,8.9138416115e-7,4.40919023958e-7,3.00168863987e-7,2.47215638183e-7,1.79239009412e-7,1.7872886815e-7,1.90877742057e-7,1.32803009478e-7],"dmean2":[0.00159127567895,0.00237959506921,0.00172488822136,0.000565878814086,0.000314862467349,0.000193742365809,0.000112036737846,0.000107054467662,0.000200809939997,0.000262816116447,0.000323408370605,0.000186919962289,0.0000883743559825,0.0000713760164217,0.0000844237220008,0.0000475012566312,0.000048219346354,0.000047122091928,0.0000225993462664,0.0000277887356788,0.0000333354655595,0.0000381640966225,0.0000477548455819,0.0000259508506133,0.000018890510546,0.000013945581486,0.0000113405048978,0.0000104034688775,0.00000613106794844,0.00000366900599147,0.0000022442163754,0.00000245319597525,0.0000014266955759,6.97855170984e-7,4.62685704861e-7,3.79164276865e-7,2.6469129466e-7,2.5860120445e-7,2.70012805004e-7,1.9264916773e-7],"dvar":[0.00000495809172207,0.00000532145577381,0.00000308713856612,2.31640527204e-7,6.75390907645e-8,6.08744841202e-8,2.7146306536e-8,2.2582375081e-8,7.04809721697e-8,9.0946805642e-8,1.93488673972e-7,4.81823008158e-8,7.69635200015e-9,6.47379172491e-9,1.1024462232e-8,2.69221089866e-9,3.54214524378e-9,3.8763428023e-9,1.00267427694e-9,1.07748232558e-9,6.27806973075e-10,1.23280274877e-9,1.98048355493e-9,5.43880274151e-10,2.93937235663e-10,9.75864458685e-11,2.58311455559e-10,1.2956079265e-10,3.70504599223e-11,1.25642534571e-11,5.1836330367e-12,6.65090725549e-12,2.08271269155e-12,5.25721772972e-13,5.03429221053e-13,6.7795915366e-13,4.35070111448e-13,5.41205209988e-13,7.05958674765e-13,3.03158458623e-13],"dvar2":[0.00000987971270661,0.0000128085384858,0.00000737428717912,5.71997645693e-7,1.69074269252e-7,1.51575548557e-7,6.37596855313e-8,5.9765149274e-8,1.8712155736e-7,2.4601433779e-7,5.40337453003e-7,1.35109345933e-7,1.97185183737e-8,1.56906700965e-8,2.71617359715e-8,6.72294664383e-9,8.60124060864e-9,9.30118648768e-9,2.61817745262e-9,2.73673106399e-9,1.69719427401e-9,3.42131256659e-9,5.32636112993e-9,1.47849976706e-9,8.18806022984e-10,2.6800880959e-10,7.09640846086e-10,3.45063089213e-10,8.99907995344e-11,3.03216896036e-11,1.28095485608e-11,1.62897265121e-11,5.33584591442e-12,1.31909229633e-12,1.11482427022e-12,1.47169732997e-12,8.8315292579e-13,9.41841656749e-13,1.19800892297e-12,5.84731102513e-13],"max":[0.0308638196439,0.0289803892374,0.0207124575973,0.0153413191438,0.00781659968197,0.00693456735462,0.00534170866013,0.00528590986505,0.00818117149174,0.00916311796755,0.0107123423368,0.00612109806389,0.00324884126894,0.00380240357481,0.00348992319778,0.00166581314988,0.00187698367517,0.00198934716173,0.00084578251699,0.00109060772229,0.000681498204358,0.000629603397101,0.000711702974513,0.000807197648101,0.000316376419505,0.000243458198383,0.000653331400827,0.00042660930194,0.000181127645192,0.000187711979379,0.000100959434349,0.0000784272633609,0.0000351974849764,0.0000199845271709,0.000029537221053,0.0000460020710307,0.0000272454199148,0.0000322930900438,0.0000350283808075,0.0000241725956585],"mean":[0.00242470414378,0.00471008941531,0.00237414822914,0.000921057595406,0.000542754482012,0.000265210517682,0.000123838879517,0.000125029386254,0.000222089380259,0.000298566272249,0.000335918477504,0.000209153644391,0.000102545884147,0.0000840617212816,0.0000992612913251,0.000059099173086,0.0000593588047195,0.0000540369292139,0.0000271269236691,0.000035199780541,0.0000442563323304,0.0000545492839592,0.0000673552785884,0.000037376779801,0.0000275167058135,0.000021419929908,0.0000162818432727,0.0000154024583026,0.00000972443558567,0.00000581100039199,0.00000371393980458,0.00000369328449779,0.0000021357489004,0.00000111575081974,7.34292143534e-7,5.72767305584e-7,4.093956818e-7,4.0340336227e-7,4.11189205352e-7,2.72970311244e-7],"median":[0.00111991772428,0.00382109195925,0.0016014885623,0.000684907892719,0.000398065778427,0.000168582046172,0.0000592918295297,0.0000760421098676,0.000139753858093,0.000192069623154,0.000168666709214,0.000135356807732,0.00007350146916,0.0000597251346335,0.0000644379470032,0.0000415308386437,0.0000407715488109,0.0000347556051565,0.0000178613263415,0.0000249820041063,0.0000354910225724,0.0000337019300787,0.0000398928896175,0.0000246409508691,0.0000178907976078,0.0000176400135388,0.00000934148374654,0.00000989844374999,0.00000686858265908,0.00000390876994061,0.00000245269052357,0.00000223643064601,0.00000133548769554,6.94955815561e-7,4.21786666038e-7,3.07685155576e-7,1.91618781287e-7,1.65499471905e-7,1.51999330456e-7,1.15470776052e-7],"min":[1.42281445666e-23,3.1181127507e-24,2.17140235606e-24,6.81144117981e-25,4.0661231881e-24,1.76152750576e-23,2.76034934182e-24,5.90231803515e-24,4.45459695202e-24,9.78447767687e-24,5.67334879083e-24,7.47151620351e-24,9.84936700835e-24,8.69070862114e-24,4.09462315489e-24,4.96999409685e-24,1.12240044673e-23,1.10788122512e-23,1.82096738611e-23,6.03717459576e-24,5.04194176128e-24,4.63388294767e-24,1.07223638734e-23,1.36330089671e-23,9.03273188838e-24,1.34958102784e-23,1.35667935604e-23,7.29402407756e-24,1.75330394637e-23,1.50757456326e-23,9.27778363997e-24,1.1822451705e-23,1.03381097265e-23,9.39408698095e-24,8.86120670631e-24,1.02310163366e-23,8.54063730026e-24,9.56570998177e-24,1.04346560461e-23,8.26724019861e-24],"var":[0.0000114235299407,0.0000152510328917,0.00000635886453892,0.00000104621085484,2.74878772188e-7,1.10830903566e-7,5.56211823266e-8,4.25772235246e-8,1.17086749185e-7,1.69063042676e-7,3.55761528681e-7,8.51719264006e-8,1.40531684067e-8,1.30832429335e-8,2.53323868549e-8,6.26009688531e-9,6.87931001053e-9,7.80114906007e-9,1.83038684209e-9,2.32811769862e-9,1.40608502619e-9,3.88181975453e-9,6.52082920993e-9,1.76468761826e-9,8.89258888748e-10,2.79466616515e-10,5.46398870593e-10,3.80388276433e-10,1.23244511818e-10,5.05231342873e-11,1.91170673042e-11,2.07733552582e-11,6.45027737819e-12,1.69988242232e-12,1.23764442705e-12,1.28273108281e-12,9.45183926786e-13,1.38916243959e-12,1.90381651416e-12,7.24465897429e-13]},"melbands_crest":{"dmean":2.9365170002,"dmean2":4.74466848373,"dvar":9.78267002106,"dvar2":24.1384372711,"max":34.6861915588,"mean":16.6062545776,"median":16.3413619995,"min":2.02981829643,"var":29.9064044952},"melbands_flatness_db":{"dmean":0.0193915497512,"dmean2":0.0296759307384,"dvar":0.000486651202664,"dvar2":0.00103648926597,"max":0.605455696583,"mean":0.208443850279,"median":0.19969317317,"min":0.0113182784989,"var":0.00483454344794},"melbands_kurtosis":{"dmean":5.76059389114,"dmean2":9.01443004608,"dvar":142.363479614,"dvar2":310.254455566,"max":412.595123291,"mean":13.144367218,"median":7.2777762413,"min":-1.69088590145,"var":420.801879883},"melbands_skewness":{"dmean":0.643842816353,"dmean2":1.00799906254,"dvar":0.542035400867,"dvar2":1.15945184231,"max":15.286939621,"mean":2.89198255539,"median":2.61107611656,"min":-1.06819605827,"var":2.2450978756},"melbands_spread":{"dmean":5.40250396729,"dmean2":8.64102363586,"dvar":50.1879882812,"dvar2":130.83505249,"max":255.439941406,"mean":24.1482257843,"median":21.6633014679,"min":0.384236246347,"var":391.640289307},"mfcc":{"cov":[[10089.1767578,595.757385254,-803.331848145,414.251678467,-213.901748657,-86.9149398804,2.01086997986,71.1075134277,63.3037948608,-158.48777771,-70.6116943359,-8.46174621582,-52.6166343689],[595.757385254,881.10168457,-201.8621521,150.170883179,16.1844596863,-9.98678398132,20.5040435791,67.9544372559,-44.0494880676,-8.7250957489,-12.6075134277,-16.0760803223,-8.64115619659],[-803.331848145,-201.8621521,491.533416748,-129.126220703,54.2419624329,99.6717300415,57.6869888306,-13.2469415665,83.1712188721,54.0811729431,51.993637085,37.8855133057,36.2462615967],[414.251678467,150.170883179,-129.126220703,245.763900757,12.7674570084,-8.70437335968,13.7041654587,22.9249649048,-15.2773361206,-13.7083587646,-15.8229904175,11.5267190933,4.57306861877],[-213.901748657,16.1844596863,54.2419624329,12.7674570084,100.916732788,31.9671115875,28.6295852661,15.9049844742,19.955291748,8.17417621613,19.2010765076,11.9416856766,9.23461914062],[-86.9149398804,-9.98678398132,99.6717300415,-8.70437335968,31.9671115875,99.1260452271,54.0401687622,15.8561811447,32.9711761475,20.5951652527,26.5997772217,16.3536815643,14.38904953],[2.01086997986,20.5040435791,57.6869888306,13.7041654587,28.6295852661,54.0401687622,78.2496566772,32.5745849609,33.6622428894,15.5491762161,21.3696136475,19.1326179504,13.2975578308],[71.1075134277,67.9544372559,-13.2469415665,22.9249649048,15.9049844742,15.8561811447,32.5745849609,65.9591827393,32.5633506775,12.6003522873,10.0868959427,5.98939180374,5.41980934143],[63.3037948608,-44.0494880676,83.1712188721,-15.2773361206,19.955291748,32.9711761475,33.6622428894,32.5633506775,89.8994293213,38.3607215881,30.5216312408,14.5810022354,11.7821969986],[-158.48777771,-8.7250957489,54.0811729431,-13.7083587646,8.17417621613,20.5951652527,15.5491762161,12.6003522873,38.3607215881,67.7415161133,28.3684158325,15.8204078674,6.13178491592],[-70.6116943359,-12.6075134277,51.993637085,-15.8229904175,19.2010765076,26.5997772217,21.3696136475,10.0868959427,30.5216312408,28.3684158325,60.2982826233,30.123840332,15.742351532],[-8.46174621582,-16.0760803223,37.8855133057,11.5267190933,11.9416856766,16.3536815643,19.1326179504,5.98939180374,14.5810022354,15.8204078674,30.123840332,55.1310119629,27.7323074341],[-52.6166343689,-8.64115619659,36.2462615967,4.57306861877,9.23461914062,14.38904953,13.2975578308,5.41980934143,11.7821969986,6.13178491592,15.742351532,27.7323074341,46.6894035339]],"icov":[[0.000144516627188,-0.0000792988648755,0.000236853869865,-0.000113158472232,0.000321485567838,-0.000106613530079,-0.0000651517693768,0.000236074614804,-0.000677473726682,0.000491028127726,0.0000391730427509,-0.000255065824604,0.00018058589194],[-0.0000792988648755,0.00156027951743,0.00017821318761,-0.000531191646587,-0.000378196709789,-0.0000396185496356,-0.000178125250386,-0.00182832649443,0.00177884334698,-0.000798986642621,-0.000476584071293,0.000946912157815,-0.000282650697045],[0.000236853869865,0.00017821318761,0.0042801857926,0.00138953013811,-0.000650292844512,-0.00233555026352,-0.00110315729398,0.00294663431123,-0.00332899158821,-0.000110473883979,0.000739579321817,-0.00123673223425,-0.000998665811494],[-0.000113158472232,-0.000531191646587,0.00138953013811,0.0057609109208,-0.00135100854095,-0.000065869448008,-0.00121083436534,-0.000229476849199,0.000111855377327,-0.000216397776967,0.00249886605889,-0.00267376773991,-0.000464024109533],[0.000321485567838,-0.000378196709789,-0.000650292844512,-0.00135100854095,0.0128573980182,-0.00176657410339,-0.00146393419709,-0.000889137794729,-0.00156865979079,0.00236664619297,-0.00253357621841,-0.0000914842676139,0.000444645615062],[-0.000106613530079,-0.0000396185496356,-0.00233555026352,-0.000065869448008,-0.00176657410339,0.0194214377552,-0.0110695054755,0.00127933733165,0.000482216593809,-0.00128133199178,-0.00294082099572,0.00244220579043,-0.00135216664057],[-0.0000651517693768,-0.000178125250386,-0.00110315729398,-0.00121083436534,-0.00146393419709,-0.0110695054755,0.027191631496,-0.00904088187963,-0.00169369776268,0.00136557559017,-0.000169644132257,-0.00405024178326,0.000585713016335],[0.000236074614804,-0.00182832649443,0.00294663431123,-0.000229476849199,-0.000889137794729,0.00127933733165,-0.00904088187963,0.0270677674562,-0.0110390009359,0.000467716774438,0.00124266254716,0.0000768417667132,-0.000863327411935],[-0.000677473726682,0.00177884334698,-0.00332899158821,0.000111855377327,-0.00156865979079,0.000482216593809,-0.00169369776268,-0.0110390009359,0.0256683342159,-0.0094806747511,-0.00494754035026,0.0043442226015,-0.00207991083153],[0.000491028127726,-0.000798986642621,-0.000110473883979,-0.000216397776967,0.00236664619297,-0.00128133199178,0.00136557559017,0.000467716774438,-0.0094806747511,0.0238982457668,-0.00586084648967,-0.00350598338991,0.00330848200247],[0.0000391730427509,-0.000476584071293,0.000739579321817,0.00249886605889,-0.00253357621841,-0.00294082099572,-0.000169644132257,0.00124266254716,-0.00494754035026,-0.00586084648967,0.0305066853762,-0.0136391967535,0.000282104563667],[-0.000255065824604,0.000946912157815,-0.00123673223425,-0.00267376773991,-0.0000914842676139,0.00244220579043,-0.00405024178326,0.0000768417667132,0.0043442226015,-0.00350598338991,-0.0136391967535,0.0356933809817,-0.0157181639224],[0.00018058589194,-0.000282650697045,-0.000998665811494,-0.000464024109533,0.000444645615062,-0.00135216664057,0.000585713016335,-0.000863327411935,-0.00207991083153,0.00330848200247,0.000282104563667,-0.0157181639224,0.0319836810231]],"mean":[-617.160827637,133.840057373,-20.8830699921,38.1187515259,1.61987662315,8.41650676727,10.837723732,13.9429130554,5.86067724228,-0.834454357624,-0.716145992279,-3.43572163582,-7.54904985428]},"pitch_salience":{"dmean":0.068768247962,"dmean2":0.111866779625,"dvar":0.0051018842496,"dvar2":0.0120690995827,"max":0.871761202812,"mean":0.526508271694,"median":0.542141318321,"min":0.0743298307061,"var":0.0184279121459},"silence_rate_20dB":{"dmean":0,"dmean2":0,"dvar":0,"dvar2":0,"max":1,"mean":1,"median":1,"min":1,"var":0},"silence_rate_30dB":{"dmean":0.000909022055566,"dmean2":0.00181818183046,"dvar":0.000908286659978,"dvar2":0.00257261795923,"max":1,"mean":0.99946975708,"median":1,"min":0,"var":0.000530033023097},"silence_rate_60dB":{"dmean":0.000909022055566,"dmean2":0.00181818183046,"dvar":0.00090827915119,"dvar2":0.00181520695332,"max":1,"mean":0.0360551439226,"median":0,"min":0,"var":0.0347524173558},"spectral_centroid":{"dmean":187.482162476,"dmean2":292.092895508,"dvar":37205.3085938,"dvar2":81795.0546875,"max":11339.0478516,"mean":1526.8692627,"median":1468.7355957,"min":121.172729492,"var":376202.09375},"spectral_complexity":{"dmean":3.4812514782,"dmean2":5.58196973801,"dvar":9.53328037262,"dvar2":22.489107132,"max":59,"mean":32.7732162476,"median":35,"min":0,"var":124.644134521},"spectral_contrast_coeffs":{"dmean":[0.0442218184471,0.0427623391151,0.0365192554891,0.025886727497,0.0180970951915,0.0145028242841],"dmean2":[0.0724181234837,0.0704893991351,0.0604881606996,0.0433751754463,0.0305472426116,0.0231894794852],"dvar":[0.00141096219886,0.00114668905735,0.000855273683555,0.000416190654505,0.000201846472919,0.000155126763275],"dvar2":[0.00380011391826,0.00312050734647,0.00237174564973,0.00117795343976,0.000566144299228,0.000358760997187],"max":[-0.266845196486,-0.477162122726,-0.532694280148,-0.620529294014,-0.647848725319,-0.589582741261],"mean":[-0.607619047165,-0.753964662552,-0.772471010685,-0.801786780357,-0.79174554348,-0.722605705261],"median":[-0.610909819603,-0.755541801453,-0.77575647831,-0.802673280239,-0.790643513203,-0.719787657261],"min":[-0.959354400635,-0.979536294937,-0.965906322002,-0.963992595673,-0.956534981728,-0.958414971828],"var":[0.00731924083084,0.00374729023315,0.00282360683195,0.00149017514195,0.00131818698719,0.0019864058122]},"spectral_contrast_valleys":{"dmean":[0.350894719362,0.315439641476,0.25584000349,0.20676535368,0.153712689877,0.169600740075],"dmean2":[0.590406596661,0.528416097164,0.42449015379,0.343278467655,0.248346120119,0.237668037415],"dvar":[0.0927953124046,0.0705222338438,0.0500911213458,0.0371067151427,0.0291832871735,0.0435544960201],"dvar2":[0.243459656835,0.18281839788,0.12118472904,0.0843961983919,0.0564964562654,0.0776505097747],"max":[-5.18148612976,-4.82988071442,-5.33070659637,-6.01572275162,-5.63873147964,-7.94835424423],"mean":[-6.99876070023,-6.76197957993,-6.75430202484,-7.22817707062,-6.9522600174,-10.5311355591],"median":[-6.69660377502,-6.48257112503,-6.45472049713,-6.92852067947,-6.63851499557,-10.2415027618],"min":[-27.775592804,-27.177740097,-27.3207378387,-27.3234596252,-27.285326004,-27.2440299988],"var":[2.36326432228,2.36441278458,2.34771251678,2.14029741287,2.26253342628,1.80454921722]},"spectral_decrease":{"dmean":1.81419190781e-9,"dmean2":2.90485790977e-9,"dvar":4.8944822784e-18,"dvar2":1.08967860445e-17,"max":4.67893753961e-17,"mean":-1.06504840502e-8,"median":-1.07022879448e-8,"min":-3.33822001153e-8,"var":1.67128153541e-17},"spectral_energy":{"dmean":0.00691684847698,"dmean2":0.0111025031656,"dvar":0.0000692943358445,"dvar2":0.000155711750267,"max":0.127375647426,"mean":0.0425244942307,"median":0.0430399775505,"min":1.0225475062e-20,"var":0.000245680013904},"spectral_energyband_high":{"dmean":0.000205770746106,"dmean2":0.000304775428958,"dvar":9.17522342547e-8,"dvar2":1.98535801132e-7,"max":0.010393618606,"mean":0.000745660508983,"median":0.000548903481103,"min":7.61787299928e-21,"var":5.70805411826e-7},"spectral_energyband_low":{"dmean":0.00643068598583,"dmean2":0.0101464772597,"dvar":0.0000833472149679,"dvar2":0.000176519359229,"max":0.119206137955,"mean":0.0220633111894,"median":0.0197192654014,"min":5.75873446412e-23,"var":0.000243783491896},"spectral_energyband_middle_high":{"dmean":0.00200918735936,"dmean2":0.00320016336627,"dvar":0.00000646848684482,"dvar2":0.0000172507279785,"max":0.0599392093718,"mean":0.0083782626316,"median":0.00792155973613,"min":1.45069566619e-21,"var":0.0000245753453783},"spectral_energyband_middle_low":{"dmean":0.0044371644035,"dmean2":0.00709582492709,"dvar":0.000032415962778,"dvar2":0.0000780646441854,"max":0.0758574530482,"mean":0.014595980756,"median":0.0128219444305,"min":1.94665186097e-22,"var":0.0000914656193345},"spectral_entropy":{"dmean":0.0766724050045,"dmean2":0.119099989533,"dvar":0.00624302588403,"dvar2":0.015073845163,"max":9.80823230743,"mean":7.66487836838,"median":7.70003890991,"min":5.29314756393,"var":0.123186141253},"spectral_flux":{"dmean":0.0207849089056,"dmean2":0.0337493531406,"dvar":0.000625477987342,"dvar2":0.0016633576015,"max":0.30418330431,"mean":0.0859986841679,"median":0.0827648937702,"min":1.01121090668e-10,"var":0.00154840108007},"spectral_kurtosis":{"dmean":1.58632028103,"dmean2":2.79563212395,"dvar":3.89717435837,"dvar2":11.6930780411,"max":58.4974479675,"mean":4.46787786484,"median":3.78243088722,"min":-1.19116818905,"var":11.2388763428},"spectral_rms":{"dmean":0.000508749100845,"dmean2":0.000815071980469,"dvar":3.32390669655e-7,"dvar2":7.52914445457e-7,"max":0.0111475968733,"mean":0.006246231962,"median":0.00647998601198,"min":3.15849213103e-12,"var":0.00000247172647505},"spectral_rolloff":{"dmean":307.289306641,"dmean2":508.051330566,"dvar":210047.578125,"dvar2":459111.5,"max":21425.5371094,"mean":1553.30285645,"median":1076.66015625,"min":64.599609375,"var":5908699.5},"spectral_skewness":{"dmean":0.180068627,"dmean2":0.307454586029,"dvar":0.0324257686734,"dvar2":0.0951334163547,"max":5.90434503555,"mean":1.26679551601,"median":1.25751256943,"min":-0.0248709358275,"var":0.210976183414},"spectral_spread":{"dmean":234625.90625,"dmean2":349979.8125,"dvar":110054391808,"dvar2":165324341248,"max":39488760,"mean":3589779.75,"median":3410595.5,"min":796935.4375,"var":2967201120260},"spectral_strongpeak":{"dmean":0.340327113867,"dmean2":0.597666442394,"dvar":0.590064704418,"dvar2":1.62778806686,"max":11.8464231491,"mean":0.711795568466,"median":0.55706435442,"min":6.13960748908e-9,"var":0.604049563408},"zerocrossingrate":{"dmean":0.00634998641908,"dmean2":0.00767911039293,"dvar":0.0000542751149624,"dvar2":0.0000638961282675,"max":0.75390625,"mean":0.0538899451494,"median":0.044921875,"min":0.00341796875,"var":0.00599398836493}},"metadata":{"audio_properties":{"analysis_sample_rate":44100,"bit_rate":0,"codec":"flac","downmix":"mix","equal_loudness":0,"length":306.516021729,"lossless":true,"md5_encoded":"07f6539ea0921b6890d46eb733aaf808","replay_gain":-15.5721111298,"sample_rate":44100},"tags":{"acoustid_id":["bd52dc69-7512-44fd-aff5-42a076ff5dbb"],"album":["New Crown"],"album artist":["Wolfmother"],"albumartist":["Wolfmother"],"albumartistsort":["Wolfmother"],"artist":["Wolfmother"],"artistsort":["Wolfmother"],"catalognumber":["[none]"],"composer":["Andrew Stockdale"],"date":["2014-03-23"],"disc":["1"],"discnumber":["1"],"disctotal":["1"],"engineer":["Kevin Garcia Fernandez","Ian Peres"],"ensemble":["Wolfmother"],"file_name":"10. Wolfmother - Radio.flac","genre":["Hard Rock"],"label":["[no label]"],"language":["eng"],"lyricist":["Andrew Stockdale"],"media":["Digital Media"],"musicbrainz_albumartistid":["f0c8f75f-8736-4b1d-b312-9349fcff321d"],"musicbrainz_albumid":["5e95bc9f-7a42-4541-b67f-e7468ffdd260"],"musicbrainz_artistid":["f0c8f75f-8736-4b1d-b312-9349fcff321d"],"musicbrainz_recordingid":["0042e143-fe66-4e8d-85a3-adf77e5677b2"],"musicbrainz_workid":["2b9f857a-3353-4772-9c06-cd933d8171cc"],"originaldate":["2014-03-23"],"performer":["Vin Steele (drums); Andrew Stockdale (guitar); Andrew Stockdale (vocal); Ian Peres (bass guitar and keyboard)"],"releasecountry":["XW"],"releasestatus":["official"],"releasetype":["album"],"replaygain_album_gain":["-9.950000 dB"],"replaygain_track_gain":["-9.990000 dB"],"replaygain_track_peak":["0.912140"],"script":["Latn"],"title":["Radio"],"totaldiscs":["1"],"totaltracks":["11"],"tracknumber":["10"],"tracktotal":["11"],"year":["2014"]},"version":{"essentia":"2.1-beta1","essentia_build_sha":"ca57ba49d9b1854bd80e60cf9ccf267278fb7d6b","essentia_git_sha":"v2.1_beta1-28-g21ef5f4-dirty","extractor":"music 1.0"}},"rhythm":{"beats_count":860,"beats_loudness":{"dmean":0.0160355251282,"dmean2":0.0282424874604,"dvar":0.00020393684099,"d