{"lowlevel":{"average_loudness":0.760850846767,"barkbands":{"dmean":[0.0267331060022,0.0310569163412,0.00640252418816,0.0027089708019,0.00271267816424,0.00135908473749,0.000754364766181,0.000520193192642,0.000375670555513,0.000247903430136,0.000181587529369,0.000241339264903,0.000133931534947,0.000111972694867,0.0000970917681116,0.000105051040009,0.0000836212057038,0.0000786407617852,0.0000825322786113,0.0000727069709683,0.0000457825117337,0.0000273868990917,0.0000150067089635,0.0000157277463586,0.00000851350614539,0.0000361760648957,0.0000947099251789],"dmean2":[0.044904910028,0.0521093569696,0.0109678227454,0.00458076782525,0.00444497354329,0.00223579537123,0.00125037273392,0.000856990343891,0.000620738486759,0.000414265174186,0.000302776170429,0.00038611178752,0.000219972673221,0.000184802716831,0.000159023940796,0.000172173124156,0.000130884829559,0.000121847697301,0.000122023091535,0.000106353581941,0.0000687289502821,0.0000407576735597,0.0000228868120757,0.0000250665198109,0.0000140839993037,0.0000582802640565,0.000141530574183],"dvar":[0.00176922767423,0.00206226157025,0.00017721678887,0.0000312981355819,0.0000286742288154,0.0000109224311018,0.00000405056835007,0.00000168488861618,6.29324574675e-7,2.71476238822e-7,1.5258764563e-7,4.08971487786e-7,1.05283191942e-7,6.58758807504e-8,4.82841393534e-8,6.69343336313e-8,3.99094055581e-8,3.87930292334e-8,5.54850707601e-8,3.82993441406e-8,1.01690407206e-8,3.83652132285e-9,7.82635178886e-10,8.27711177376e-10,1.84284643101e-10,7.35467997615e-9,5.22015426441e-8],"dvar2":[0.00452792597935,0.00544893508777,0.000480640359456,0.0000875388941495,0.0000723838966223,0.000028323940569,0.0000106185289042,0.00000432416118201,0.00000158606474088,7.36109086574e-7,3.67837657222e-7,0.00000100596969332,2.704699682e-7,1.70845737557e-7,1.22547348269e-7,1.70309704117e-7,9.28375385456e-8,8.76558843288e-8,1.17030424462e-7,8.0665458313e-8,2.00338821088e-8,7.4067125766e-9,1.56596746681e-9,1.88193927109e-9,4.59092930338e-10,1.79665740063e-8,1.17193053484e-7],"max":[0.786678552628,0.594333767891,0.199765563011,0.119280576706,0.140387386084,0.125129759312,0.0618424378335,0.0445621535182,0.0253079757094,0.0134710976854,0.0210834462196,0.0214603506029,0.0136969480664,0.00657448079437,0.00501648942009,0.00927645899355,0.00508265336975,0.00617290986702,0.0109624871984,0.00880998652428,0.00435784552246,0.00171615637373,0.000923359883018,0.000426839833381,0.000170167913893,0.00120034802239,0.00763517292216],"mean":[0.0326583497226,0.0438834838569,0.0074734929949,0.00317195360549,0.00413074949756,0.0019861785695,0.00108049658593,0.000748564547393,0.000564526766539,0.00036242956412,0.000272636738373,0.000390983448597,0.000208139332244,0.000176636880497,0.000154576788191,0.000163159391377,0.000132293323986,0.000126850907691,0.000142440127092,0.000119625183288,0.0000691365858074,0.0000394602975575,0.0000191131111933,0.0000164721150213,0.00000850518699735,0.0000332688032358,0.000164195531397],"median":[0.0161899253726,0.0258603841066,0.00273653166369,0.00121814757586,0.00173847121187,0.000715428031981,0.000416549679358,0.000282025866909,0.000267475174041,0.00014966186427,0.0000992996356217,0.0000983370191534,0.0000585595407756,0.0000482800714963,0.0000389942651964,0.0000369229346688,0.0000260111701209,0.0000227053715207,0.0000236029045482,0.0000194204912987,0.0000148330964294,0.00000814885606815,0.00000513099439559,0.00000371977353097,0.00000277255935544,0.00000498818008055,0.0000361396523658],"min":[9.8192924752e-23,2.92210676927e-23,1.01362126107e-23,2.80604702854e-23,2.93041473678e-23,1.39249253673e-23,1.85283657782e-23,2.66684557984e-23,1.06237046688e-22,2.89412429524e-23,6.00271715142e-23,6.27280987251e-23,1.30001866421e-22,1.32282267661e-22,1.36085321909e-22,1.38262653738e-22,1.81364965992e-22,3.87476107306e-22,1.56637067e-22,4.15966708733e-22,3.67505859987e-22,4.70068809097e-22,6.15991920691e-22,7.94421907597e-22,1.29019324387e-21,1.61700986031e-21,2.78148588843e-21],"var":[0.00220466405153,0.00293024233542,0.000210814221646,0.0000382364960387,0.000061274964537,0.0000192300230992,0.00000599813938607,0.00000278529432762,0.00000101439491118,4.28358816862e-7,3.03300964788e-7,8.01591909294e-7,1.97490635401e-7,1.29550130623e-7,1.07720609321e-7,1.29676365646e-7,9.55809014158e-8,9.12421000976e-8,1.51876420773e-7,1.0375111259e-7,2.50380338684e-8,9.71292113405e-9,1.57535939849e-9,1.03369501847e-9,2.03839597979e-10,6.76212907891e-9,1.29906126745e-7]},"barkbands_crest":{"dmean":3.49730157852,"dmean2":5.88189315796,"dvar":7.69764757156,"dvar2":21.5042114258,"max":25.6388187408,"mean":14.4502801895,"median":14.2772464752,"min":3.35852766037,"var":17.7060947418},"barkbands_flatness_db":{"dmean":0.0514411590993,"dmean2":0.0833202749491,"dvar":0.00190246023703,"dvar2":0.00515541201457,"max":0.559482395649,"mean":0.231837883592,"median":0.228251770139,"min":0.0260178260505,"var":0.00592397525907},"barkbands_kurtosis":{"dmean":24.9511985779,"dmean2":41.0885429382,"dvar":1163.54443359,"dvar2":3062.16503906,"max":578.466369629,"mean":42.4649658203,"median":27.258354187,"min":-1.81188428402,"var":2087.82055664},"barkbands_skewness":{"dmean":1.41980874538,"dmean2":2.28504562378,"dvar":1.71224474907,"dvar2":4.51619625092,"max":19.469379425,"mean":4.64818716049,"median":4.27050018311,"min":-2.01262688637,"var":5.31515979767},"barkbands_spread":{"dmean":4.0283408165,"dmean2":6.41520500183,"dvar":38.4492225647,"dvar2":87.6595916748,"max":120.120162964,"mean":8.05832099915,"median":4.8886089325,"min":0.172029852867,"var":98.9006347656},"dissonance":{"dmean":0.0223052669317,"dmean2":0.0373623296618,"dvar":0.000463653093902,"dvar2":0.00128075596876,"max":0.500000119209,"mean":0.462944328785,"median":0.469741910696,"min":0.258931994438,"var":0.000835961662233},"dynamic_complexity":4.70506906509,"erbbands":{"dmean":[1.75296580791,4.51916646957,7.78234863281,7.74461507797,8.93934059143,9.10572910309,10.1518096924,11.9608030319,9.72837734222,14.6700220108,8.72521305084,9.17233657837,7.07848978043,7.47829389572,8.05954551697,9.08276748657,6.19002628326,5.70365810394,4.83647060394,5.24469518661,5.34790420532,4.63178730011,4.23499250412,4.40926885605,3.95652270317,3.44355368614,2.31848073006,1.53218317032,1.04571795464,0.623839080334,0.411922305822,0.3164049685,0.269152611494,0.130117207766,0.0579388476908,0.142144337296,0.0629386380315,0.0258766561747,0.0118632940575,0.00228113960475],"dmean2":[3.00135707855,7.5257062912,13.2430944443,13.0027084351,15.0652732849,14.8778514862,16.8841190338,19.5850906372,16.0032653809,24.4633750916,14.4554290771,15.0977735519,11.8197870255,12.3918914795,13.0422954559,14.6685113907,10.0719327927,9.34359455109,7.89778995514,8.51525211334,8.60462379456,7.18960189819,6.5882024765,6.62131929398,5.87390899658,5.1218752861,3.48898696899,2.26778697968,1.55081558228,0.930388689041,0.636420249939,0.497380554676,0.43218755722,0.215581968427,0.096521705389,0.237746328115,0.0999440103769,0.039137814194,0.0174187459052,0.00346365664154],"dvar":[7.47485971451,48.3227767944,265.880889893,220.622543335,340.649505615,417.100769043,561.871643066,891.660644531,819.252197266,1797.26220703,446.457183838,405.472167969,211.893081665,250.073928833,329.351593018,557.666015625,231.955657959,182.320098877,117.361122131,156.807128906,152.650161743,125.225547791,114.888153076,146.12272644,131.224273682,94.3608322144,30.6195449829,11.4165391922,5.84534215927,1.7197022438,0.567664802074,0.323301821947,0.264769166708,0.0561267696321,0.00855599436909,0.137557536364,0.0204744748771,0.00304785137996,0.000711076252628,0.0000277071758319],"dvar2":[20.7459068298,122.240074158,709.238464355,598.360595703,945.75982666,996.511779785,1445.96313477,2277.32202148,2243.33862305,4417.29150391,1120.54248047,1003.70324707,566.080200195,657.922302246,768.918579102,1401.89868164,594.457275391,472.484527588,304.646179199,393.809112549,374.767913818,288.339782715,263.190551758,314.121032715,280.755554199,203.923812866,61.7539863586,22.9362945557,11.0184259415,3.4360897541,1.16596281528,0.719568908215,0.618416845798,0.141802206635,0.0216411147267,0.353564590216,0.0484292954206,0.00677767628804,0.00147063180339,0.0000667707718094],"max":[36.3213615417,93.5166320801,255.120758057,278.499816895,479.6980896,645.051025391,867.088867188,1300.1060791,1277.11193848,1630.28613281,836.794189453,787.193237305,394.009918213,452.245819092,811.532104492,871.337158203,727.191467285,353.245819092,240.199066162,332.914794922,267.845977783,302.265625,337.902587891,598.372497559,496.78817749,474.791687012,251.958877563,79.867805481,81.0978012085,52.0267028809,18.5314998627,10.6868238449,7.67003250122,2.84436917305,1.19496953487,4.78184700012,1.9872379303,1.53270196915,1.06949746609,0.178486511111],"mean":[2.27747368813,6.15256738663,9.57899284363,9.80243492126,12.1922273636,13.1356916428,14.4710817337,16.9938926697,14.1628437042,21.2181625366,13.5187225342,13.8256864548,10.7973356247,11.6450462341,13.3277101517,15.0347862244,10.2473297119,9.34560203552,8.11381340027,8.75705242157,8.52092933655,7.55735254288,6.94981718063,7.45635509491,6.83841657639,5.64445543289,3.56928539276,2.28721547127,1.52434277534,0.854455292225,0.518377244473,0.356047600508,0.267733037472,0.124758705497,0.0567414239049,0.115897007287,0.0606559701264,0.0313114896417,0.0179195515811,0.00606882246211],"median":[1.197504282,3.30936908722,3.77283334732,4.51348638535,5.10828208923,5.24132823944,5.54752111435,6.02534580231,5.60100841522,7.61935329437,5.97159814835,6.46675872803,5.09429073334,4.60554790497,4.43313694,4.23056030273,3.01448965073,2.64206838608,2.19938325882,2.17137098312,1.9080350399,1.47272491455,1.3195053339,1.29600143433,1.09530138969,0.909833908081,0.724371910095,0.480107247829,0.30414173007,0.208569854498,0.139399185777,0.0894119143486,0.0560802966356,0.0338540300727,0.0185793638229,0.0141609236598,0.00955155678093,0.00602947361767,0.00334657682106,0.00352395209484],"min":[1.44759272916e-21,5.56295683269e-21,1.19259952271e-20,4.66675171387e-20,1.33847180592e-19,7.66774520475e-20,6.52523623411e-20,1.37738703482e-19,1.88449980287e-19,5.05272006842e-19,5.67359925126e-19,1.66139453506e-18,2.40253843774e-18,1.35285244426e-18,2.22560822703e-18,3.1583261256e-18,4.81298720368e-18,7.8141783778e-18,6.2956220113e-18,7.27078771698e-18,8.10479753268e-18,1.11348469704e-17,1.85593554509e-17,1.12534059404e-17,9.72744713464e-18,2.24541419826e-17,1.43080954343e-17,1.50975698458e-17,1.73046680454e-17,1.84245283198e-17,1.64874533049e-17,1.78101481916e-17,1.36562340982e-17,1.30834776984e-17,9.31371786202e-18,5.08296323918e-18,3.43920998505e-18,1.59119812712e-18,3.35956536506e-19,4.11252777876e-20],"var":[9.37561798096,67.2772674561,327.742858887,264.377838135,557.06439209,815.019836426,961.037658691,1562.1640625,1236.2019043,2969.59814453,755.906616211,639.217651367,329.52923584,470.175109863,737.127868652,1065.96813965,457.451812744,365.491516113,268.701080322,347.28012085,324.803924561,316.699768066,262.483032227,373.803497314,361.496582031,239.536682129,73.2788696289,28.7297973633,15.1789340973,3.911703825,1.08896398544,0.475045025349,0.294890612364,0.0549733042717,0.00917353574187,0.108347035944,0.0204614643008,0.00441256631166,0.00167246046476,0.0000765074510127]},"erbbands_crest":{"dmean":2.69461226463,"dmean2":4.43341493607,"dvar":6.4557557106,"dvar2":16.5654029846,"max":31.8304843903,"mean":7.76606893539,"median":6.85241985321,"min":2.10305690765,"var":14.5933189392},"erbbands_flatness_db":{"dmean":0.0284273773432,"dmean2":0.0445989593863,"dvar":0.000643675739411,"dvar2":0.00160984916147,"max":0.316270709038,"mean":0.121608130634,"median":0.116581693292,"min":0.0272860825062,"var":0.0016977355117},"erbbands_kurtosis":{"dmean":1.20369446278,"dmean2":1.95893275738,"dvar":2.84740281105,"dvar2":7.00671958923,"max":41.2133903503,"mean":0.968688309193,"median":0.314853310585,"min":-1.81195259094,"var":5.76493358612},"erbbands_skewness":{"dmean":0.403106242418,"dmean2":0.631150960922,"dvar":0.135533466935,"dvar2":0.321635097265,"max":5.76831245422,"mean":0.619341671467,"median":0.653733849525,"min":-4.25463008881,"var":0.586726784706},"erbbands_spread":{"dmean":9.93716716766,"dmean2":15.5280475616,"dvar":81.447593689,"dvar2":188.993835449,"max":144.769607544,"mean":38.5134735107,"median":36.3061103821,"min":2.86465883255,"var":286.960754395},"gfcc":{"cov":[[14424.3964844,-743.946166992,-721.523803711,280.02923584,110.359512329,-71.2157440186,-70.1257476807,-96.4822463989,-177.799865723,21.3669528961,-62.7715148926,102.870574951,-178.142974854],[-743.946166992,924.940063477,140.515365601,-243.072402954,-0.442414045334,-27.9551563263,55.2116165161,-66.4173736572,31.8373184204,-44.3792419434,70.8461914062,-76.1942901611,60.3735961914],[-721.523803711,140.515365601,431.160430908,52.9691734314,-95.576789856,125.480995178,-50.9180717468,61.631565094,-18.4117908478,31.6231441498,4.56956386566,10.656662941,18.3869018555],[280.02923584,-243.072402954,52.9691734314,265.010864258,42.4751701355,-2.51072502136,28.8908138275,38.1705131531,7.63575077057,14.9187345505,-17.6429595947,37.3770751953,-21.2960891724],[110.359512329,-0.442414045334,-95.576789856,42.4751701355,176.939056396,-6.87628269196,59.5864715576,-21.979598999,22.7860412598,-15.8424139023,9.76310443878,-1.81211078167,6.02447605133],[-71.2157440186,-27.9551563263,125.480995178,-2.51072502136,-6.87628269196,240.07635498,-51.6972236633,67.7624588013,-29.0152664185,29.7595005035,-2.15025544167,24.7866210938,1.18491482735],[-70.1257476807,55.2116165161,-50.9180717468,28.8908138275,59.5864715576,-51.6972236633,148.435150146,-8.17437744141,45.4430503845,-9.21076488495,16.083398819,0.838720083237,-1.0469814539],[-96.4822463989,-66.4173736572,61.631565094,38.1705131531,-21.979598999,67.7624588013,-8.17437744141,121.176727295,27.4257736206,34.4679718018,-0.3666036129,1.72494018078,0.283276945353],[-177.799865723,31.8373184204,-18.4117908478,7.63575077057,22.7860412598,-29.0152664185,45.4430503845,27.4257736206,83.4643936157,27.5946044922,13.2800140381,1.09072113037,6.74620819092],[21.3669528961,-44.3792419434,31.6231441498,14.9187345505,-15.8424139023,29.7595005035,-9.21076488495,34.4679718018,27.5946044922,60.4531021118,21.2146625519,15.8809871674,3.67043685913],[-62.7715148926,70.8461914062,4.56956386566,-17.6429595947,9.76310443878,-2.15025544167,16.083398819,-0.3666036129,13.2800140381,21.2146625519,55.6226921082,20.322599411,15.6878328323],[102.870574951,-76.1942901611,10.656662941,37.3770751953,-1.81211078167,24.7866210938,0.838720083237,1.72494018078,1.09072113037,15.8809871674,20.322599411,58.9340934753,14.4987850189],[-178.142974854,60.3735961914,18.3869018555,-21.2960891724,6.02447605133,1.18491482735,-1.0469814539,0.283276945353,6.74620819092,3.67043685913,15.6878328323,14.4987850189,54.2422409058]],"icov":[[0.000090477624326,-0.0000942457263591,0.000227064403589,-0.000123461766634,-0.0000332926538249,0.0000474664630019,0.0000442885138909,-0.0000603707012488,0.00037664573756,-0.000372518028598,0.000252169498708,-0.000322890351526,0.000272174220299],[-0.0000942457263591,0.00324924988672,-0.00190601451322,0.00173189339694,0.000328545138473,-0.000851040065754,-0.000805180286989,0.00197819806635,-0.00303803291172,0.00433494523168,-0.00559224095196,0.00533206947148,-0.00236713048071],[0.000227064403589,-0.00190601451322,0.00536501361057,-0.00333876837976,0.00269420514815,-0.00205116253346,0.000643428706098,-0.000549639458768,0.00175164418761,-0.00245063286275,0.00133632414509,-0.000387866428355,-0.00083624268882],[-0.000123461766634,0.00173189339694,-0.00333876837976,0.00857787020504,-0.00394892087206,0.0030431044288,-0.0016451847041,-0.0026535524521,0.00101770961192,-0.00063652638346,0.00301492307335,-0.00530283618718,0.00298257451504],[-0.0000332926538249,0.000328545138473,0.00269420514815,-0.00394892087206,0.0104633877054,-0.00435820734128,-0.00182041933294,0.00378325022757,-0.00434715626761,0.00472995638847,-0.00528849707916,0.00617399904877,-0.00396066904068],[0.0000474664630019,-0.000851040065754,-0.00205116253346,0.0030431044288,-0.00435820734128,0.00924157444388,0.000870028627105,-0.00601323042065,0.00631915731356,-0.00540424417704,0.00562738766894,-0.0080434512347,0.0034257620573],[0.0000442885138909,-0.000805180286989,0.000643428706098,-0.0016451847041,-0.00182041933294,0.000870028627105,0.0108001390472,-0.000189606274944,-0.00534774269909,0.00387785676867,-0.00257063307799,-0.00133060768712,0.00207210262306],[-0.0000603707012488,0.00197819806635,-0.000549639458768,-0.0026535524521,0.00378325022757,-0.00601323042065,-0.000189606274944,0.0160693433136,-0.0082742376253,0.0003785683366,-0.00458304025233,0.0091786775738,-0.00375645747408],[0.00037664573756,-0.00303803291172,0.00175164418761,0.00101770961192,-0.00434715626761,0.00631915731356,-0.00534774269909,-0.0082742376253,0.0276497583836,-0.0179791525006,0.00943212397397,-0.00736491847783,0.00172742479481],[-0.000372518028598,0.00433494523168,-0.00245063286275,-0.00063652638346,0.00472995638847,-0.00540424417704,0.00387785676867,0.0003785683366,-0.0179791525006,0.0393867865205,-0.0207462850958,0.00683308718726,-0.00205735629424],[0.000252169498708,-0.00559224095196,0.00133632414509,0.00301492307335,-0.00528849707916,0.00562738766894,-0.00257063307799,-0.00458304025233,0.00943212397397,-0.0207462850958,0.040929030627,-0.0214589610696,0.00235127448104],[-0.000322890351526,0.00533206947148,-0.000387866428355,-0.00530283618718,0.00617399904877,-0.0080434512347,-0.00133060768712,0.0091786775738,-0.00736491847783,0.00683308718726,-0.0214589610696,0.040227856487,-0.0136221880093],[0.000272174220299,-0.00236713048071,-0.00083624268882,0.00298257451504,-0.00396066904068,0.0034257620573,0.00207210262306,-0.00375645747408,0.00172742479481,-0.00205735629424,0.00235127448104,-0.0136221880093,0.0267290417105]],"mean":[-34.9703826904,108.724014282,-58.4430351257,15.5693836212,-17.7115039825,-3.67671561241,-3.31018066406,-0.687842786312,-5.41070842743,-0.212880566716,-3.1543879509,-1.58891105652,-3.67506027222]},"hfc":{"dmean":35.512096405,"dmean2":55.2801170349,"dvar":3527.4777832,"dvar2":8655.44628906,"max":1670.65393066,"mean":104.248695374,"median":72.4878005981,"min":1.20037485878e-16,"var":13218.2607422},"melbands":{"dmean":[0.0121900774539,0.00438373861834,0.00132120668422,0.000621828949079,0.000367123546312,0.000262487155851,0.000146956648678,0.000151655622176,0.000069946887379,0.0000559073996556,0.0000357558892574,0.0000313019081659,0.000026465373594,0.0000293860794045,0.0000175401310116,0.0000126819531943,0.0000111062709038,0.00000811759764474,0.00000760168632041,0.00000742048359825,0.00000641615133645,0.00000499617999594,0.00000455550798506,0.00000371531837118,0.00000380215988116,0.00000308237213176,0.00000292230879495,0.00000226660904445,0.00000163118556884,0.00000108338713289,8.89064835974e-7,6.5110344849e-7,4.62183152194e-7,3.11153769417e-7,2.51204482993e-7,1.97636992993e-7,1.95981598949e-7,1.91704842223e-7,1.75524689894e-7,8.45996339649e-8],"dmean2":[0.0203911438584,0.00732556264848,0.00220682634972,0.0010213094065,0.000604529283009,0.000429744279245,0.000242389927735,0.000252450350672,0.000115976989036,0.0000921204700717,0.0000598332371737,0.0000520773755852,0.0000435818110418,0.0000472653700854,0.0000288899664156,0.0000208607762033,0.0000183442189154,0.0000134715728564,0.0000124476064229,0.000012214050912,0.0000103752499854,0.0000078480816228,0.00000726475491319,0.00000580347386858,0.00000583398741583,0.0000046837649279,0.00000440920030087,0.00000344553382092,0.00000249979757427,0.0000016532810605,0.00000133596904561,9.83913878372e-7,6.99662052739e-7,4.72874944535e-7,3.91996678673e-7,3.08188134568e-7,3.10264397285e-7,3.07659689724e-7,2.88284127237e-7,1.41387047847e-7],"dvar":[0.000330501788994,0.0000643572784611,0.00000617892237642,0.00000154075064529,6.83815130742e-7,4.28595512858e-7,1.73265902959e-7,1.80879609957e-7,2.93077402347e-8,1.46515466426e-8,5.54590862123e-9,4.6030010914e-9,3.37223804436e-9,6.0533786872e-9,2.26986052176e-9,1.00395392e-9,6.92886525933e-10,3.44995892965e-10,3.13139542074e-10,3.83523213188e-10,2.25046384306e-10,1.50978063385e-10,1.43139416986e-10,9.16050013622e-11,1.17478901607e-10,8.70052849211e-11,7.03457569973e-11,4.50742360103e-11,1.71244459585e-11,5.99093170905e-12,4.27001489722e-12,2.49747856944e-12,1.18857668933e-12,4.28244543776e-13,2.27364839196e-13,1.25752571334e-13,1.3210399029e-13,1.31399638349e-13,1.38405129371e-13,2.01534566081e-14],"dvar2":[0.00088227132801,0.000166295852978,0.0000168926399056,0.00000395525330532,0.00000172133889009,0.00000110742792003,4.74605258205e-7,4.46955738198e-7,7.41757659739e-8,3.62318992586e-8,1.48786787335e-8,1.21644028184e-8,7.85512899171e-9,1.49952228412e-8,5.9183840051e-9,2.60730304014e-9,1.80905923575e-9,9.14834208388e-10,7.90210341606e-10,9.89790027717e-10,5.57074941732e-10,3.60857982384e-10,3.46323636435e-10,2.06407127501e-10,2.6471644321e-10,1.99197755513e-10,1.55409934921e-10,1.03269379159e-10,3.68070122991e-11,1.26170462966e-11,8.99886762329e-12,4.91695746618e-12,2.48876917339e-12,8.95023475906e-13,4.8669418105e-13,2.7275916443e-13,3.00804167816e-13,3.0058196058e-13,3.46596666298e-13,5.1489086432e-14],"max":[0.240470513701,0.125926598907,0.0455824248493,0.0335193760693,0.0230079609901,0.0286288950592,0.0166620872915,0.0154827488586,0.00742224836722,0.00463269045576,0.00208549201488,0.00191610236652,0.00317419948988,0.0027106590569,0.00298574776389,0.00152220157906,0.000694563437719,0.000483015406644,0.000404203485232,0.000906968372874,0.000327537301928,0.000355341791874,0.000335964083206,0.000355670868885,0.000547614996321,0.000396807736252,0.000418352050474,0.000349183363141,0.000181564450031,0.000107447522169,0.0000539911925443,0.0000623440282652,0.0000348234680132,0.0000279820706055,0.0000123531317513,0.00000736271113055,0.00000683513553668,0.00000664212348056,0.00000526736675965,0.00000156867645273],"mean":[0.0177508722991,0.00600471859798,0.00180013524368,0.000921772152651,0.000537550833542,0.000381152902264,0.000216404281673,0.00022064242512,0.000104667175037,0.0000828022675705,0.000052301769756,0.000046761433623,0.0000415688227804,0.0000470412633149,0.0000276931677945,0.0000199770747713,0.0000171382289409,0.0000128448646137,0.0000119521546367,0.0000115698830996,0.00000955864834395,0.00000776952674642,0.0000068948174885,0.00000588978173255,0.00000609281232755,0.0000051291467571,0.00000460753653897,0.0000035440625652,0.00000240748386204,0.00000158663624461,0.00000124702535231,9.18443049613e-7,6.30770898624e-7,4.06484758741e-7,3.09534499365e-7,2.33724790633e-7,2.11020847019e-7,1.92499584273e-7,1.63553735888e-7,8.15174701074e-8],"median":[0.0107801640406,0.00300418166444,0.000871108321007,0.000387268082704,0.000212790211663,0.000137197086588,0.0000858892090037,0.0000783884752309,0.0000467017816845,0.0000384869344998,0.0000235686966334,0.0000178481459443,0.0000144752157212,0.0000116444616651,0.00000837611878524,0.00000563289995625,0.00000469899941891,0.00000341124859915,0.00000292947970593,0.0000027133810363,0.00000202045157494,0.00000148150968471,0.00000130433022605,0.00000104562548131,0.00000103696311271,8.14578356767e-7,7.18535034139e-7,5.62446871299e-7,4.57818885025e-7,3.48100627434e-7,2.49104175509e-7,1.74009841203e-7,1.36887791768e-7,1.05176695797e-7,8.2490025477e-8,6.14285298184e-8,5.02710761907e-8,3.9799843421e-8,3.32061844688e-8,2.52351100016e-8],"min":[1.67999147369e-23,6.5161176893e-24,1.20961091307e-23,7.5533329123e-24,2.49145150835e-24,3.09474392967e-24,3.1133425088e-24,5.83799905011e-24,4.42867498267e-24,1.3752772252e-23,1.22070395401e-23,4.69935800837e-24,7.9236849635e-24,5.94782189875e-24,1.12397311984e-23,1.26265226373e-23,1.45021964228e-23,9.41128809299e-24,1.07477241738e-23,1.00643860364e-23,9.08993771464e-24,8.91209375672e-24,2.10493317285e-23,1.43299928204e-23,8.12173007148e-24,7.75445615553e-24,7.84980498428e-24,1.6259158475e-23,9.89960482624e-24,5.9451129504e-24,1.04489715049e-23,9.44047515762e-24,9.49434646884e-24,1.08113118848e-23,9.17908609668e-24,9.48106836208e-24,1.17861412264e-23,1.02314651984e-23,9.39017975289e-24,1.14033606716e-23],"var":[0.000467517325887,0.0000862408342073,0.00000824203289085,0.0000030904977848,0.00000127197904476,7.6566215057e-7,2.65571713953e-7,3.03181252548e-7,4.63083758007e-8,2.27973320222e-8,8.28883894854e-9,8.10456590727e-9,7.22613391346e-9,1.16798020144e-8,3.64323127222e-9,1.92849580749e-9,1.2783458736e-9,6.97352731116e-10,6.70926147972e-10,7.05931979539e-10,4.31101543352e-10,3.52372769852e-10,2.72476013974e-10,2.08757525155e-10,2.64065991296e-10,2.1475930756e-10,1.67361846604e-10,1.00331055963e-10,3.63157941219e-11,1.34767674451e-11,9.56957603437e-12,5.89968959103e-12,2.64053752821e-12,8.52564763579e-13,4.01187682251e-13,2.20961310772e-13,1.75019029759e-13,1.5195413287e-13,1.28085855724e-13,2.04455643903e-14]},"melbands_crest":{"dmean":5.24964141846,"dmean2":8.69378757477,"dvar":19.358171463,"dvar2":51.6335525513,"max":39.1709098816,"mean":24.8305187225,"median":25.2545700073,"min":2.18166327477,"var":57.4378242493},"melbands_flatness_db":{"dmean":0.0565223358572,"dmean2":0.0906333178282,"dvar":0.00222857343033,"dvar2":0.00584511971101,"max":0.709316968918,"mean":0.348591655493,"median":0.345450550318,"min":0.00656062783673,"var":0.00707392580807},"melbands_kurtosis":{"dmean":39.1015167236,"dmean2":64.953453064,"dvar":4327.58642578,"dvar2":11704.3583984,"max":1210.74963379,"mean":62.7613601685,"median":38.0716629028,"min":-1.81745171547,"var":6390.93261719},"melbands_skewness":{"dmean":1.78217387199,"dmean2":2.89673089981,"dvar":3.28805780411,"dvar2":8.79609966278,"max":26.5514984131,"mean":5.53744602203,"median":4.97364330292,"min":-1.38633823395,"var":9.20769786835},"melbands_spread":{"dmean":2.83821392059,"dmean2":4.58836841583,"dvar":21.4322547913,"dvar2":50.7317008972,"max":139.351806641,"mean":5.74078941345,"median":3.66814947128,"min":0.0945124402642,"var":53.8966064453},"mfcc":{"cov":[[11018.0361328,168.060791016,-881.804931641,240.56703186,-64.2063217163,123.894836426,-39.0375976562,-3.13578391075,-164.61920166,-55.512172699,-123.864097595,-14.4724121094,-12.8407964706],[168.060791016,1228.89428711,58.0233001709,-117.065505981,-57.8451118469,-2.57527494431,25.8253116608,-39.4618644714,-13.2353477478,-12.7276172638,6.29115247726,8.38308334351,25.9431266785],[-881.804931641,58.0233001709,536.737487793,-65.3114318848,39.9188804626,-1.31181108952,15.1654167175,3.97944545746,17.9333248138,-3.46834468842,26.6572608948,7.07293224335,12.6593503952],[240.56703186,-117.065505981,-65.3114318848,296.597351074,-28.3334369659,-0.170602634549,-7.50592041016,23.3736724854,5.68574476242,22.9371337891,-1.81271719933,-5.45945262909,0.230468809605],[-64.2063217163,-57.8451118469,39.9188804626,-28.3334369659,139.782577515,33.3291053772,24.3337802887,12.739405632,16.1565570831,1.01397705078,3.28879284859,6.61816358566,0.115527838469],[123.894836426,-2.57527494431,-1.31181108952,-0.170602634549,33.3291053772,105.025650024,35.5938301086,21.9918518066,1.93754792213,-15.5573806763,-5.17231607437,9.22284984589,8.54001903534],[-39.0375976562,25.8253116608,15.1654167175,-7.50592041016,24.3337802887,35.5938301086,75.6142730713,29.9452133179,6.22732114792,-0.8556458354,2.61831521988,6.85400295258,4.99062824249],[-3.13578391075,-39.4618644714,3.97944545746,23.3736724854,12.739405632,21.9918518066,29.9452133179,68.1361541748,24.492269516,11.6163024902,12.4443836212,6.05055522919,4.09376001358],[-164.61920166,-13.2353477478,17.9333248138,5.68574476242,16.1565570831,1.93754792213,6.22732114792,24.492269516,66.5514297485,31.3835964203,14.6610221863,11.3679018021,3.70662927628],[-55.512172699,-12.7276172638,-3.46834468842,22.9371337891,1.01397705078,-15.5573806763,-0.8556458354,11.6163024902,31.3835964203,58.2385673523,27.9237308502,7.16468715668,2.10589265823],[-123.864097595,6.29115247726,26.6572608948,-1.81271719933,3.28879284859,-5.17231607437,2.61831521988,12.4443836212,14.6610221863,27.9237308502,53.5842437744,24.2572383881,7.71968317032],[-14.4724121094,8.38308334351,7.07293224335,-5.45945262909,6.61816358566,9.22284984589,6.85400295258,6.05055522919,11.3679018021,7.16468715668,24.2572383881,48.6181373596,23.0991420746],[-12.8407964706,25.9431266785,12.6593503952,0.230468809605,0.115527838469,8.54001903534,4.99062824249,4.09376001358,3.70662927628,2.10589265823,7.71968317032,23.0991420746,42.7761878967]],"icov":[[0.000114283589937,-0.0000376056086679,0.000159357470693,-0.0000557274652238,-0.0000317398698826,-0.000149933766806,0.000145855447045,-0.000145457175677,0.000334478507284,-0.000164774988662,0.000266182498308,-0.000175254244823,0.0000629048590781],[-0.0000376056086679,0.00093528960133,-0.00010635110084,0.000344288244378,0.000547368370462,0.00000538811445949,-0.000727784703486,0.000796001113486,-0.00028386322083,0.000170157989487,-0.000392752204789,0.000354308256647,-0.00064695981564],[0.000159357470693,-0.00010635110084,0.0023078203667,0.000206890385016,-0.000563808833249,0.00014174504031,-0.000169261184055,0.0000826109753689,-0.00043265815475,0.00105360487942,-0.00142528873403,0.000856966886204,-0.000806620926596],[-0.0000557274652238,0.000344288244378,0.000206890385016,0.00398471346125,0.000895474979188,-0.000349520414602,0.000582027074415,-0.00152298284229,0.000605770852417,-0.00215136236511,0.000989134074189,0.000285243411781,-0.000442137446953],[-0.0000317398698826,0.000547368370462,-0.000563808833249,0.000895474979188,0.00875352974981,-0.0022478075698,-0.00187928671949,0.000655866111629,-0.00191819563042,-0.000177883324795,0.0000592876749579,-0.000439945695689,0.000803982315119],[-0.000149933766806,0.00000538811445949,0.00014174504031,-0.000349520414602,-0.0022478075698,0.0133282300085,-0.00453275861219,-0.00208830903284,-0.000902061874513,0.00443146424368,0.000491905200761,-0.00141324347351,-0.00148010905832],[0.000145855447045,-0.000727784703486,-0.000169261184055,0.000582027074415,-0.00187928671949,-0.00453275861219,0.019490012899,-0.00827629957348,0.00269919121638,-0.00178825331386,0.00223090290092,-0.00207725656219,0.000533595739398],[-0.000145457175677,0.000796001113486,0.0000826109753689,-0.00152298284229,0.000655866111629,-0.00208830903284,-0.00827629957348,0.0233086589724,-0.00826096907258,0.00229807174765,-0.00612030504271,0.00364032271318,-0.00165119185112],[0.000334478507284,-0.00028386322083,-0.00043265815475,0.000605770852417,-0.00191819563042,-0.000902061874513,0.00269919121638,-0.00826096907258,0.0256515163928,-0.014527913183,0.00604520039633,-0.00643230928108,0.00193325302098],[-0.000164774988662,0.000170157989487,0.00105360487942,-0.00215136236511,-0.000177883324795,0.00443146424368,-0.00178825331386,0.00229807174765,-0.014527913183,0.0341876111925,-0.0176592022181,0.00695963436738,-0.00234391796403],[0.000266182498308,-0.000392752204789,-0.00142528873403,0.000989134074189,0.0000592876749579,0.000491905200761,0.00223090290092,-0.00612030504271,0.00604520039633,-0.0176592022181,0.0366846248507,-0.0185338780284,0.00469514215365],[-0.000175254244823,0.000354308256647,0.000856966886204,0.000285243411781,-0.000439945695689,-0.00141324347351,-0.00207725656219,0.00364032271318,-0.00643230928108,0.00695963436738,-0.0185338780284,0.0386431626976,-0.0176531560719],[0.0000629048590781,-0.00064695981564,-0.000806620926596,-0.000442137446953,0.000803982315119,-0.00148010905832,0.000533595739398,-0.00165119185112,0.00193325302098,-0.00234391796403,0.00469514215365,-0.0176531560719,0.0330521948636]],"mean":[-702.883239746,162.171188354,19.315322876,38.2771110535,9.77359962463,13.8370676041,11.0893535614,8.77480316162,6.44326543808,7.54102802277,3.94181609154,5.90940189362,4.25042057037]},"pitch_salience":{"dmean":0.113051719964,"dmean2":0.186938285828,"dvar":0.00854955986142,"dvar2":0.0232021175325,"max":0.827387750149,"mean":0.393252283335,"median":0.39002674818,"min":0.0321629159153,"var":0.0241684745997},"silence_rate_20dB":{"dmean":0.0234019253403,"dmean2":0.0468065477908,"dvar":0.022855611518,"dvar2":0.0555725693703,"max":1,"mean":0.980230569839,"median":1,"min":0,"var":0.0193821899593},"silence_rate_30dB":{"dmean":0.150095105171,"dmean2":0.300207525492,"dvar":0.12757691741,"dvar2":0.264624208212,"max":1,"mean":0.621095120907,"median":1,"min":0,"var":0.235322922468},"silence_rate_60dB":{"dmean":0.00772378826514,"dmean2":0.0154484668747,"dvar":0.00766544090584,"dvar2":0.017635917291,"max":1,"mean":0.0662824213505,"median":0,"min":0,"var":0.0618900135159},"spectral_centroid":{"dmean":213.135284424,"dmean2":319.229064941,"dvar":72401.9765625,"dvar2":136604.5,"max":11048.4169922,"mean":731.970214844,"median":553.046386719,"min":118.438613892,"var":286867.53125},"spectral_complexity":{"dmean":3.36561179161,"dmean2":5.05591440201,"dvar":17.0550670624,"dvar2":31.6884078979,"max":61,"mean":13.743976593,"median":11,"min":0,"var":117.161125183},"spectral_contrast_coeffs":{"dmean":[0.0551224015653,0.0497679002583,0.0381209291518,0.0310768149793,0.0272341426462,0.0300739482045],"dmean2":[0.0918716192245,0.0832083374262,0.0638593062758,0.0517467595637,0.0443441681564,0.0467451177537],"dvar":[0.00187914597336,0.00153849832714,0.000900407205336,0.00064637104515,0.000535751227289,0.000926830398384],"dvar2":[0.00513717439026,0.0043352576904,0.00246329861693,0.00173886120319,0.00137682573404,0.00207774341106],"max":[-0.353680282831,-0.394035369158,-0.590109288692,-0.655051410198,-0.68141579628,-0.447747319937],"mean":[-0.728094875813,-0.783328354359,-0.826385140419,-0.853664636612,-0.856356501579,-0.798435270786],"median":[-0.734640955925,-0.788520216942,-0.828291773796,-0.849729061127,-0.850774765015,-0.816784322262],"min":[-0.958093523979,-0.960718691349,-0.970703065395,-0.983555495739,-0.975671947002,-0.963826477528],"var":[0.00621514720842,0.00441749021411,0.00248045637272,0.00230094906874,0.00225718901493,0.00348041788675]},"spectral_contrast_valleys":{"dmean":[0.409511119127,0.426222473383,0.409819513559,0.466977387667,0.521727621555,0.714794993401],"dmean2":[0.668075680733,0.697751522064,0.665038228035,0.749380409718,0.803368389606,1.13968086243],"dvar":[0.117310918868,0.129877358675,0.132438391447,0.201305747032,0.237528890371,0.351246803999],"dvar2":[0.288273602724,0.332052111626,0.331486791372,0.508934557438,0.608555734158,0.935376286507],"max":[-4.41109895706,-3.95534443855,-5.12444067001,-5.7260222435,-5.2172665596,-8.4610452652],"mean":[-6.35680770874,-6.66832923889,-7.36415719986,-7.95768213272,-8.02198696136,-10.8222389221],"median":[-6.12298297882,-6.47397613525,-7.17420959473,-7.78810691833,-7.87498474121,-10.6103744507],"min":[-27.3190250397,-27.8664302826,-27.2650318146,-27.126335144,-27.2740097046,-27.1767597198],"var":[1.252810359,1.24308860302,1.32729387283,1.48378503323,1.6546818018,1.51409995556]},"spectral_decrease":{"dmean":1.39133229382e-8,"dmean2":2.26914718127e-8,"dvar":3.56467304286e-16,"dvar2":8.87166585905e-16,"max":3.32664606972e-9,"mean":-2.46149536309e-8,"median":-1.77871903873e-8,"min":-2.56288842593e-7,"var":6.25380148007e-16},"spectral_energy":{"dmean":0.053011033684,"dmean2":0.0862362459302,"dvar":0.00510671688244,"dvar2":0.0126877129078,"max":0.980249166489,"mean":0.102358303964,"median":0.0776591300964,"min":1.07452401392e-20,"var":0.00945397932082},"spectral_energyband_high":{"dmean":0.000243260859861,"dmean2":0.000358692370355,"dvar":2.277726594e-7,"dvar2":4.61077149794e-7,"max":0.0116447359324,"mean":0.000375208735932,"median":0.0000848019699333,"min":7.95174781299e-21,"var":5.62339266708e-7},"spectral_energyband_low":{"dmean":0.0454101152718,"dmean2":0.0747144818306,"dvar":0.00401616515592,"dvar2":0.0103542506695,"max":0.78745174408,"mean":0.0743779912591,"median":0.0501368269324,"min":9.14456585901e-23,"var":0.00645620143041},"spectral_energyband_middle_high":{"dmean":0.000898994039744,"dmean2":0.00135162693914,"dvar":0.00000262514936367,"dvar2":0.00000546054343431,"max":0.0627398937941,"mean":0.00213814945891,"median":0.000839207903482,"min":1.56211200755e-21,"var":0.0000113182013592},"spectral_energyband_middle_low":{"dmean":0.00588583247736,"dmean2":0.00950112659484,"dvar":0.000102591664472,"dvar2":0.000265921727987,"max":0.21433287859,"mean":0.0117973592132,"median":0.00673720845953,"min":2.36254046617e-22,"var":0.00025365370675},"spectral_entropy":{"dmean":0.315822482109,"dmean2":0.499944835901,"dvar":0.0889328271151,"dvar2":0.230717837811,"max":9.8085565567,"mean":7.36188173294,"median":7.42531394958,"min":5.56839847565,"var":0.217283159494},"spectral_flux":{"dmean":0.057119820267,"dmean2":0.0930688232183,"dvar":0.00373325590044,"dvar2":0.00949963089079,"max":0.766951858997,"mean":0.165173500776,"median":0.150905102491,"min":1.03659247852e-10,"var":0.00978170055896},"spectral_kurtosis":{"dmean":5.02941322327,"dmean2":8.20296001434,"dvar":44.6428871155,"dvar2":117.950195312,"max":91.0121231079,"mean":12.7027769089,"median":10.223197937,"min":-1.20650303364,"var":65.2808380127},"spectral_rms":{"dmean":0.0023662711028,"dmean2":0.00380085711367,"dvar":0.0000057871457102,"dvar2":0.0000143600709634,"max":0.0309247579426,"mean":0.00891066528857,"median":0.00870430935174,"min":3.23777094545e-12,"var":0.0000204615116672},"spectral_rolloff":{"dmean":2029.20214844,"dmean2":3929.88378906,"dvar":33317492,"dvar2":86249192,"max":22050,"mean":2758.28759766,"median":172.265625,"min":21.533203125,"var":45533116},"spectral_skewness":{"dmean":0.462868958712,"dmean2":0.732268691063,"dvar":0.273896217346,"dvar2":0.717470347881,"max":7.83902406693,"mean":2.53415775299,"median":2.35918354988,"min":-0.0301055647433,"var":0.581982851028},"spectral_spread":{"dmean":768553.1875,"dmean2":1209896.5,"dvar":507925135360,"dvar2":1190499713020,"max":40220916,"mean":4421315,"median":4408583,"min":1182273.875,"var":1247997460480},"spectral_strongpeak":{"dmean":0.872165560722,"dmean2":1.64579868317,"dvar":41.6876907349,"dvar2":116.488594055,"max":136.896621704,"mean":0.692898273468,"median":0.192567020655,"min":0,"var":28.9345760345},"zerocrossingrate":{"dmean":0.0355364568532,"dmean2":0.0466514341533,"dvar":0.0011298446916,"dvar2":0.00177373434417,"max":0.693359375,"mean":0.131144657731,"median":0.1083984375,"min":0.0029296875,"var":0.00825880654156}},"metadata":{"audio_properties":{"analysis_sample_rate":44100,"bit_rate":320000,"codec":"mp3","downmix":"mix","equal_loudness":0,"length":402.835388184,"lossless":false,"md5_encoded":"dd6354902109e906585b4ca222b974a6","replay_gain":-6.93961906433,"sample_rate":44100},"tags":{"album":["Reflektor"],"album artist credit":["Arcade Fire"],"albumartist":["Arcade Fire"],"albumartistsort":["Arcade Fire"],"artist":["Arcade Fire"],"artist credit":["Arcade Fire"],"artistsort":["Arcade Fire"],"bpm":["0"],"date":["2013"],"discnumber":["2/2"],"encoding":["LAME 32bits version 3.99.5 (http://lame.sf.net)"],"file_name":"2-03 Arcade Fire - It's Never Over (Hey Orpheus).mp3","genre":["Blues"],"isrc":["GBUM71305916"],"label":["Arcade Fire Music"],"language":["eng"],"length":["402813"],"media":["Digital Media"],"musicbrainz album release country":["XW"],"musicbrainz album status":["official"],"musicbrainz album type":["album"],"musicbrainz_albumartistid":["52074ba6-e495-4ef3-9bb4-0703888a9f68"],"musicbrainz_albumid":["e9982595-42d0-4661-8fa9-a36bd1864e9c"],"musicbrainz_artistid":["52074ba6-e495-4ef3-9bb4-0703888a9f68"],"musicbrainz_recordingid":["0068fb68-898a-4ec9-b23a-83d128b2a590"],"musicbrainz_releasegroupid":["3dc9ee80-0768-490d-9e43-534796da3076"],"originaldate":["2013"],"replaygain_album_gain":["0.00 dB"],"replaygain_album_peak":["0.000000"],"replaygain_track_gain":["0.00 dB"],"replaygain_track_peak":["0.000000"],"script":["Latn","Latn"],"title":["It's Never Over (Hey Orpheus)"],"tracknumber":["3/6"]},"version":{"essentia":"2.1-beta1","essentia_build_sha":"9f04d4dd351e2d05498f0c7e4880499648f24ac0","essentia_git_sha":"v2.1_beta1-34-gf95df8b","extractor":"music 1.0"}},"rhythm":{"beats_count":719,"beats_loudness":{"dmean":0.100694172084,"dmean2":0.179021537304,"dvar":0.0127349216491,"dvar2":0.0394600257277,"max":0.795217871666,"mean":0.17066116631,"median":0.142303988338,"min":2.02921214054e-7,"var":0.0178111214191},"beats_loudness_band_ratio":{