{"lowlevel":{"average_loudness":0.699074208736,"barkbands":{"dmean":[0.000236966880038,0.00576546601951,0.00172980979551,0.00069964613067,0.000945771229453,0.000690668821335,0.000690024346113,0.00119483028539,0.000755458546337,0.000552523531951,0.000362583785318,0.000273168610875,0.00029617184191,0.000157849790412,0.000285686750431,0.000115159840789,0.000109234868432,0.000102211692138,0.0000984798753052,0.0000494346786581,0.0000126892718981,0.0000180060251296,0.0000207233824767,0.00000380326537197,0.00000100305385331,1.44330442708e-7,1.63019446831e-8],"dmean2":[0.000380817684345,0.00955511350185,0.00289334682748,0.00116799527314,0.00153747131117,0.00112479028758,0.00101019162685,0.00171379814856,0.00113921868615,0.000811085745227,0.000570549280383,0.000434565212345,0.00047437439207,0.000245356321102,0.000470384518849,0.000191511629964,0.000177103021997,0.000170714658452,0.000167389953276,0.0000822200599941,0.0000205532905966,0.0000276284881693,0.0000309582683258,0.00000554547659704,0.00000150136747834,2.25106887797e-7,2.85113443965e-8],"dvar":[4.75532488053e-7,0.0000696292117937,0.0000076869600889,0.00000176508274308,0.00000298388522424,0.00000280324297819,0.00000214266333387,0.0000133506200655,0.00000455566805613,0.00000267791597253,7.2127858175e-7,5.52882625016e-7,0.00000115001387258,1.8532922752e-7,0.0000020866284558,2.43161451863e-7,1.01037002764e-7,1.04718473892e-7,2.15857127728e-7,2.58608174875e-8,2.24395280135e-9,1.13123670431e-8,2.08369250743e-8,1.13079612341e-9,7.85687764848e-11,1.37159847282e-12,1.6586749945e-14],"dvar2":[0.00000104077321339,0.000173767228262,0.0000204782318178,0.00000476439117847,0.00000786106102169,0.00000714915267963,0.00000435572064816,0.0000253922607953,0.00000933667888603,0.000005389314083,0.00000175950549419,0.000001273579187,0.00000294084566121,4.13782061059e-7,0.00000570436077396,6.70384793011e-7,2.79211263887e-7,3.04025178366e-7,6.15521685177e-7,7.14557302217e-8,5.67563684939e-9,2.39525856927e-8,4.54574156095e-8,1.85622195392e-9,1.56966342701e-10,3.19724064932e-12,4.88057301008e-14],"max":[0.0221387315542,0.17190182209,0.0651243329048,0.0306728836149,0.0411881655455,0.0331818163395,0.0350393466651,0.134371399879,0.0866175964475,0.0831207633018,0.0289260242134,0.0370304696262,0.0390048921108,0.0163827706128,0.0698446780443,0.0328496955335,0.00801022071391,0.00969169475138,0.0185092370957,0.0071653756313,0.00264438311569,0.00536128738895,0.0104833450168,0.0017903415719,0.000410317850765,0.0000991683336906,0.00000973460373643],"mean":[0.000516224943567,0.0115715535358,0.00322096492164,0.00167874665931,0.00207116734236,0.00127745000646,0.00159093213733,0.00258692842908,0.00162649957929,0.00139663286973,0.000665437371936,0.000576544494834,0.00060497794766,0.000335131306201,0.000582204200327,0.000242581954808,0.000231871119468,0.000229126235354,0.000231278972933,0.000135222668177,0.0000319335886161,0.0000434879912063,0.0000745414872654,0.00000702881061443,0.00000190787613974,3.72445612129e-7,2.89212671589e-8],"median":[0.000151979271322,0.00716218724847,0.00151543156244,0.000562358065508,0.00130832882132,0.000655368901789,0.000804608804174,0.000555975595489,0.000599720631726,0.000325059343595,0.000224211224122,0.000210052588955,0.000155131725478,0.0000798347755335,0.000115697504953,0.0000586018140893,0.0000485348100483,0.0000360233461834,0.00000744281715015,0.00000684968290443,0.00000527552765561,0.00000104364994513,4.07080506193e-7,1.019144662e-7,3.09957748357e-8,1.11111457812e-8,2.63879051943e-9],"min":[1.87488300173e-25,2.13470553283e-24,7.82063389408e-25,9.26272290479e-25,8.52310802208e-24,1.29322435118e-24,4.14436793471e-24,1.36935035544e-23,1.40360190709e-23,1.52759096209e-23,1.35712837567e-23,1.88894794794e-23,4.11922086343e-23,3.13291470006e-23,4.50363436027e-23,4.75802843379e-23,5.67587882553e-23,1.0693036076e-22,1.10627770755e-22,1.33852214458e-22,2.54357432515e-22,3.01959520968e-22,4.06759730092e-22,6.05356611563e-22,8.15738317651e-22,1.28780873823e-21,1.94370944766e-21],"var":[0.00000140598569942,0.000192755731405,0.0000248749711318,0.00000955327413976,0.00000607227730143,0.00000392506035496,0.00000620042237642,0.0000491940663778,0.0000108592084871,0.0000151632466441,0.00000216651687879,0.00000261136051449,0.0000031778720313,7.82074948802e-7,0.00000511841972184,5.90301340253e-7,3.317778976e-7,3.19757390344e-7,7.69717303228e-7,1.21258665331e-7,1.31864226205e-8,5.04720425454e-8,2.48025685323e-7,2.72751266017e-9,1.72245009922e-10,6.97309180883e-12,4.57694253049e-14]},"barkbands_crest":{"dmean":2.56504130363,"dmean2":4.31353092194,"dvar":5.28235816956,"dvar2":15.3246746063,"max":26.0124702454,"mean":12.1235551834,"median":11.4595737457,"min":2.79902720451,"var":24.2592048645},"barkbands_flatness_db":{"dmean":0.0225208289921,"dmean2":0.0357603356242,"dvar":0.000482808740344,"dvar2":0.00116807920858,"max":0.601807653904,"mean":0.265135258436,"median":0.243929311633,"min":0.0550280325115,"var":0.0113198142499},"barkbands_kurtosis":{"dmean":2.62687039375,"dmean2":4.321808815,"dvar":35.2272148132,"dvar2":91.3169937134,"max":208.393157959,"mean":4.43511724472,"median":1.8017373085,"min":-1.94940936565,"var":100.424278259},"barkbands_skewness":{"dmean":0.475582778454,"dmean2":0.77598285675,"dvar":0.24086637795,"dvar2":0.625207722187,"max":10.0362863541,"mean":1.44146597385,"median":1.31117033958,"min":-2.21648216248,"var":1.57180178165},"barkbands_spread":{"dmean":2.39650225639,"dmean2":3.81096315384,"dvar":14.1106653214,"dvar2":29.0625286102,"max":100.812843323,"mean":12.8429298401,"median":10.5568113327,"min":0.11191008985,"var":124.549697876},"dissonance":{"dmean":0.0255644135177,"dmean2":0.0424555800855,"dvar":0.000728599668946,"dvar2":0.00192891864572,"max":0.5,"mean":0.431809455156,"median":0.448305785656,"min":0.10414712131,"var":0.00333706615493},"dynamic_complexity":3.96939921379,"erbbands":{"dmean":[0.135510742664,1.44658708572,2.32038021088,1.88942599297,2.79553365707,3.61796712875,3.86323261261,6.10497283936,8.84144687653,11.4552965164,32.1660499573,19.630279541,13.3189916611,16.902135849,13.5928611755,11.9273910522,13.3764925003,8.58368110657,12.9829483032,9.68768787384,5.38999938965,5.14205789566,6.4587430954,3.34795594215,4.9285402298,2.20251393318,0.715044498444,0.44284850359,0.527152359486,0.846860647202,0.513973653316,0.139793172479,0.0406470373273,0.0177716035396,0.00357552035712,0.000728101702407,0.000300305866404,0.0000491580321977,0.00000492101844429,0.00000948793149291],"dmean2":[0.213088110089,2.4397521019,3.94153666496,3.09970331192,4.54917669296,6.00489091873,6.32345438004,9.98395824432,13.397690773,16.7750053406,45.6848258972,29.0591068268,19.5191402435,25.2053070068,21.7018260956,18.6331882477,21.3259181976,13.2220582962,21.1990470886,15.8163299561,8.84867191315,8.49674797058,10.8361692429,5.68497896194,8.40713787079,3.68483233452,1.1591001749,0.697691857815,0.816198766232,1.27941310406,0.742258250713,0.210981637239,0.058564003557,0.0264290291816,0.00570204108953,0.00116874556988,0.000479012116557,0.0000788762044976,0.00000775661192165,0.0000150738951561],"dvar":[0.0460184626281,4.30871248245,12.9220714569,11.5659732819,20.4257488251,51.5515861511,70.6038589478,250.870635986,383.458190918,742.887939453,10428.8515625,3290.43139648,2521.96337891,2166.41113281,823.42401123,1175.25146484,2379.85693359,523.65838623,1931.03344727,3603.07568359,491.682861328,315.36819458,430.461730957,101.990364075,609.935546875,73.2852249146,8.22417736053,3.84943175316,10.1470689774,34.5956954956,12.1181707382,1.25179326534,0.155643761158,0.0278999935836,0.000676671334077,0.0000230223959079,0.00000878845366969,1.08149244227e-7,9.38695510211e-11,1.66862620943e-10],"dvar2":[0.101680234075,11.2216234207,34.2369194031,30.696685791,57.3318328857,139.3074646,184.490951538,646.521850586,827.84161377,1556.46569824,19996.6503906,6787.05908203,4991.28662109,4559.0234375,2072.96289063,2615.83276367,6134.65380859,1171.71411133,5287.015625,9932.67089844,1326.60998535,926.637145996,1248.73254395,301.678436279,1700.06884766,210.613189697,20.3590221405,9.51691913605,20.9747066498,77.0556564331,25.8954200745,2.19304490089,0.256668537855,0.0538449473679,0.00169018399902,0.0000491396313009,0.0000229201559705,2.52683065582e-7,2.17417611692e-10,3.84491910532e-10],"max":[5.84175729752,41.9075431824,92.9522628784,95.3793029785,71.4135437012,170.879776001,224.272384644,331.533813477,500.600036621,932.094116211,3763.64355469,2732.99145508,2993.56835938,2102.44873047,907.493591309,1918.98278809,1907.04199219,947.856506348,1883.80529785,3270.89135742,1390.05700684,520.231201172,626.196105957,310.467559814,977.449951172,434.711151123,140.312088013,112.993278503,133.04737854,322.235870361,246.693359375,56.0198135376,21.3386993408,7.04382514954,1.29831516743,0.358094424009,0.218591690063,0.0232582762837,0.000691416964401,0.000296863930998],"mean":[0.245424672961,2.84739112854,4.76077699661,4.73121547699,5.95033931732,7.40586662292,7.5079832077,10.5372066498,19.6923732758,25.7833328247,72.1016845703,44.1318969727,34.4086990356,41.856803894,28.2202167511,26.7592945099,28.1719913483,21.3138542175,26.6149597168,21.8187179565,12.9214811325,12.3716754913,15.0501737595,8.6149225235,12.2933588028,6.23503875732,1.91786670685,1.12275969982,1.22802138329,2.46509051323,1.92615222931,0.404831171036,0.0732297599316,0.0318076498806,0.00789742544293,0.00157457613386,0.000762248877436,0.000153255779878,0.0000193680225493,0.0000360543999705],"median":[0.147074818611,1.77016866207,2.48190808296,2.1275396347,3.57180118561,4.19612312317,3.86951112747,5.18683338165,10.3100128174,11.3559885025,17.145740509,16.7778568268,12.2365589142,12.5882730484,11.3360996246,9.28678512573,8.1498966217,5.59983587265,7.14298868179,4.50788545609,2.91943287849,2.91459941864,2.84396696091,0.753159880638,0.382248967886,0.32167339325,0.348071783781,0.108513638377,0.045565828681,0.0254541486502,0.00763558223844,0.00269359559752,0.00156420108397,0.000606782035902,0.000139553536428,0.0000647115011816,0.0000284501802525,0.00000811078643892,0.0000134465735755,0.0000292711883958],"min":[9.12589446802e-23,3.55419349716e-22,2.05708246699e-21,2.30020833775e-21,9.47499848763e-21,3.2545405045e-20,3.50386857388e-20,2.02911976371e-20,1.08844121463e-19,1.86782190302e-19,3.0369119349e-19,4.55644220317e-19,4.04494188821e-19,7.37567122013e-19,7.71472996827e-19,1.01029368815e-18,1.62204524313e-18,1.88287028291e-18,1.7560641154e-18,3.66420662718e-18,3.7821638233e-18,3.61813225347e-18,5.33985451817e-18,5.86356820658e-18,6.51767781956e-18,6.9503842698e-18,8.36416911273e-18,1.10135872557e-17,1.00380112684e-17,1.1720998733e-17,1.08759716987e-17,1.07964118131e-17,9.7113253845e-18,8.58359862254e-18,6.1383646371e-18,4.37173845926e-18,2.50477465273e-18,9.81793903929e-19,2.44881728016e-19,2.68654998987e-20],"var":[0.114005021751,11.5235738754,43.8309669495,56.3902435303,51.9283027649,95.1511306763,122.864768982,310.914031982,928.761291504,2309.86645508,37500.640625,7653.30761719,10890.1220703,13342.2207031,2553.82641602,6217.58007813,6330.10986328,2885.32983398,4097.23974609,11160.46875,1402.67272949,1060.00915527,1415.22436523,395.355133057,2453.60131836,295.139587402,35.6200180054,24.3282794952,31.5225505829,237.857421875,173.818893433,6.56519889832,0.343001931906,0.0571906268597,0.00217266893014,0.00011341352365,0.0000306112451653,9.13796895929e-7,7.33998140046e-10,8.73434991e-10]},"erbbands_crest":{"dmean":2.31938838959,"dmean2":3.67564678192,"dvar":5.23083305359,"dvar2":12.5241937637,"max":30.9715518951,"mean":10.4788188934,"median":9.37945365906,"min":2.55837893486,"var":22.3599720001},"erbbands_flatness_db":{"dmean":0.0150500936434,"dmean2":0.0221923366189,"dvar":0.000244410301093,"dvar2":0.000495197251439,"max":0.436079651117,"mean":0.258120417595,"median":0.253772258759,"min":0.0455005168915,"var":0.00306458980776},"erbbands_kurtosis":{"dmean":0.93601256609,"dmean2":1.46233618259,"dvar":2.35126495361,"dvar2":5.22962284088,"max":55.4886207581,"mean":1.18204188347,"median":0.440666079521,"min":-1.78735411167,"var":7.68986701965},"erbbands_skewness":{"dmean":0.293389171362,"dmean2":0.454268366098,"dvar":0.0901336446404,"dvar2":0.196573197842,"max":4.23420667648,"mean":0.318150490522,"median":0.290722548962,"min":-6.58858966827,"var":0.570961475372},"erbbands_spread":{"dmean":3.82433605194,"dmean2":5.95686578751,"dvar":38.5215110779,"dvar2":84.8109359741,"max":132.390365601,"mean":21.1007537842,"median":18.9911155701,"min":1.64633357525,"var":169.260696411},"gfcc":{"cov":[[23622.6796875,-206.121643066,-6838.35791016,1761.6862793,-1237.77233887,307.924499512,88.7817153931,-41.0367469788,6.92709159851,-290.311676025,129.658554077,-364.698791504,-11.969918251],[-206.121643066,2253.76269531,635.867736816,-867.93560791,491.741485596,-395.384887695,182.630020142,-1.62518131733,20.203207016,-36.8705863953,61.2516708374,-96.2605895996,49.4346580505],[-6838.35791016,635.867736816,3370.7265625,-679.940917969,271.083343506,12.608669281,-209.987686157,19.0319385529,28.6814823151,106.525779724,-112.506149292,202.692214966,-74.8848114014],[1761.6862793,-867.93560791,-679.940917969,722.30090332,-219.154998779,40.2215690613,-98.2536773682,-19.739068985,-37.1137275696,-9.15113162994,-23.0984630585,-12.1660871506,0.0578698031604],[-1237.77233887,491.741485596,271.083343506,-219.154998779,461.128173828,-173.494949341,66.5690689087,39.7791862488,-82.5333709717,34.6619644165,10.7915363312,-33.6665077209,41.9673309326],[307.924499512,-395.384887695,12.608669281,40.2215690613,-173.494949341,327.926940918,-17.0169029236,-26.3880348206,58.7116508484,-0.725640237331,-28.8408145905,50.1827926636,-13.8637866974],[88.7817153931,182.630020142,-209.987686157,-98.2536773682,66.5690689087,-17.0169029236,181.306777954,14.6642780304,-6.59345960617,1.30769383907,35.707862854,-33.0459403992,19.9958133698],[-41.0367469788,-1.62518131733,19.0319385529,-19.739068985,39.7791862488,-26.3880348206,14.6642780304,86.0592651367,-5.32837152481,3.91662025452,13.2948474884,3.54858016968,-0.912927210331],[6.92709159851,20.203207016,28.6814823151,-37.1137275696,-82.5333709717,58.7116508484,-6.59345960617,-5.32837152481,153.647964478,-10.8734788895,-6.01649570465,9.18634605408,-2.62483024597],[-290.311676025,-36.8705863953,106.525779724,-9.15113162994,34.6619644165,-0.725640237331,1.30769383907,3.91662025452,-10.8734788895,98.8437728882,-4.96709299088,-1.20393586159,10.445982933],[129.658554077,61.2516708374,-112.506149292,-23.0984630585,10.7915363312,-28.8408145905,35.707862854,13.2948474884,-6.01649570465,-4.96709299088,77.4912490845,3.2862534523,0.57871478796],[-364.698791504,-96.2605895996,202.692214966,-12.1660871506,-33.6665077209,50.1827926636,-33.0459403992,3.54858016968,9.18634605408,-1.20393586159,3.2862534523,92.9948654175,-5.05788040161],[-11.969918251,49.4346580505,-74.8848114014,0.0578698031604,41.9673309326,-13.8637866974,19.9958133698,-0.912927210331,-2.62483024597,10.445982933,0.57871478796,-5.05788040161,75.2820739746]],"icov":[[0.000518249056768,-0.00154620280955,0.00113309535664,-0.00149274221621,0.0010557861533,-0.00169001217,0.00108554214239,-0.0015345197171,0.00083493324928,-0.00075366901001,0.000573597964831,-0.000546596595086,0.00111181219108],[-0.00154620280955,0.00605332292616,-0.00346154323779,0.00589048257098,-0.00352672836743,0.00637533329427,-0.00355727528222,0.00552372680977,-0.00302525656298,0.00310930795968,-0.00202586292289,0.0025259135291,-0.00386831979267],[0.00113309535664,-0.00346154323779,0.00308312382549,-0.00277586607262,0.0020535797812,-0.00369996903464,0.00308198318817,-0.00342823751271,0.00180427439045,-0.00224237958901,0.00206827092916,-0.00237181526609,0.00303464243189],[-0.00149274221621,0.00589048257098,-0.00277586607262,0.00817876774818,-0.00254777632654,0.00633024284616,-0.0019038565224,0.00513351056725,-0.00197048461996,0.00249863951467,-0.00109976984095,0.00220226077363,-0.0039778794162],[0.0010557861533,-0.00352672836743,0.0020535797812,-0.00254777632654,0.0063136885874,-0.00234427000396,0.00152119260747,-0.00440814811736,0.00355581054464,-0.00232515786774,0.00168992718682,-0.000472595274914,0.000521404261235],[-0.00169001217,0.00637533329427,-0.00369996903464,0.00633024284616,-0.00234427000396,0.0112154530361,-0.00469070486724,0.00652913050726,-0.00396753894165,0.00266426126473,-0.000273854122497,0.000269540061709,-0.00393089884892],[0.00108554214239,-0.00355727528222,0.00308198318817,-0.0019038565224,0.00152119260747,-0.00469070486724,0.0107424547896,-0.0042209783569,0.00209530396387,-0.00215236400254,-0.0012901048176,0.000554481695872,0.00137823016848],[-0.0015345197171,0.00552372680977,-0.00342823751271,0.00513351056725,-0.00440814811736,0.00652913050726,-0.0042209783569,0.0178406108171,-0.00326275196858,0.00242569646798,-0.00343271158636,0.000874389952514,-0.00265321717598],[0.00083493324928,-0.00302525656298,0.00180427439045,-0.00197048461996,0.00355581054464,-0.00396753894165,0.00209530396387,-0.00326275196858,0.00950074568391,-0.00098080758471,0.00134546903428,-0.000693604757544,0.00101698795334],[-0.00075366901001,0.00310930795968,-0.00224237958901,0.00249863951467,-0.00232515786774,0.00266426126473,-0.00215236400254,0.00242569646798,-0.00098080758471,0.0127263674513,-0.0011534166988,0.00244513712823,-0.00363303860649],[0.000573597964831,-0.00202586292289,0.00206827092916,-0.00109976984095,0.00168992718682,-0.000273854122497,-0.0012901048176,-0.00343271158636,0.00134546903428,-0.0011534166988,0.0172776896507,-0.00468714069575,0.00254746340215],[-0.000546596595086,0.0025259135291,-0.00237181526609,0.00220226077363,-0.000472595274914,0.000269540061709,0.000554481695872,0.000874389952514,-0.000693604757544,0.00244513712823,-0.00468714069575,0.0166241563857,-0.00314067280851],[0.00111181219108,-0.00386831979267,0.00303464243189,-0.0039778794162,0.000521404261235,-0.00393089884892,0.00137823016848,-0.00265321717598,0.00101698795334,-0.00363303860649,0.00254746340215,-0.00314067280851,0.0179181676358]],"mean":[-115.264625549,196.487808228,-113.024917603,16.3869171143,-29.6473293304,-2.63108325005,-8.80689907074,1.25955677032,-2.87463998795,-6.90202760696,-2.3021607399,-8.65129184723,-4.83696365356]},"hfc":{"dmean":2.91785860062,"dmean2":4.39567565918,"dvar":28.8303527832,"dvar2":67.5493011475,"max":183.852294922,"mean":14.7339782715,"median":9.21450519562,"min":1.06608003493e-16,"var":312.81427002},"melbands":{"dmean":[0.00141295860521,0.00146097526886,0.000333932839567,0.000229182478506,0.000130222790176,0.000137231079862,0.000138578470796,0.000128855084768,0.000264655129286,0.000107655214379,0.0000675949340803,0.0000719819945516,0.0000526848889422,0.0000307990922011,0.0000299044695566,0.0000287396069325,0.0000153067521751,0.0000197753597604,0.0000202328719752,0.0000105544995677,0.00000637752418697,0.0000050158173508,0.00000912170435186,0.00000364830157196,0.0000029422769785,0.0000046039094741,0.00000302442344946,0.00000141932230235,5.70061843064e-7,3.1079801488e-7,2.96599836247e-7,3.06588731291e-7,3.99984344313e-7,5.5752661865e-7,3.68853307009e-7,1.90838548519e-7,6.21205558105e-8,3.16187396265e-8,2.04666843473e-8,1.41176981217e-8],"dmean2":[0.00228522904217,0.0024810214527,0.000550043943804,0.000372059963411,0.000213917999645,0.000224056799198,0.000208323501283,0.000189158396097,0.000377181713702,0.000161610281793,0.000099407909147,0.000107487205241,0.0000831552679301,0.0000496768407174,0.0000473489089927,0.0000453763386759,0.0000235953466472,0.0000319429891533,0.0000337078163284,0.0000173777316377,0.0000103927104647,0.00000824854123493,0.0000153787495947,0.00000608247228229,0.00000505132220496,0.00000788822580944,0.00000502767306898,0.00000238195639213,9.3450262284e-7,5.14069938617e-7,4.74701721487e-7,4.83273311147e-7,6.10272650192e-7,8.60166608163e-7,5.42327882158e-7,2.89911127993e-7,9.09106958602e-8,4.52524382411e-8,3.08685557115e-8,2.1835063535e-8],"dvar":[0.00000437922062702,0.0000045957203838,3.18125387366e-7,1.51491448719e-7,8.42168859094e-8,1.25801776107e-7,8.714189903e-8,7.79029747378e-8,6.67912900099e-7,1.09607832144e-7,6.44711164455e-8,3.96900325939e-8,1.423881546e-8,5.77242698085e-9,1.16330740596e-8,8.67602079069e-9,1.89854931776e-9,3.19702819773e-9,1.72007155186e-8,2.90577162332e-9,6.06332706266e-10,2.57061288922e-10,1.02929453849e-9,9.23542492481e-11,7.43963987637e-11,7.41547878658e-10,1.25566584908e-10,3.43106688894e-11,7.01448794882e-12,1.25106327208e-12,2.39519255124e-12,3.5443397349e-12,6.77284877487e-12,1.69496586905e-11,7.04626548081e-12,1.93230132416e-12,3.70736292143e-13,9.41383405148e-14,4.3172073311e-14,1.64192373212e-14],"dvar2":[0.0000103767461042,0.0000120485565276,8.61990884005e-7,4.00355872898e-7,2.21657387556e-7,3.23589972595e-7,1.84946529203e-7,1.6397957836e-7,0.00000130864657422,2.27300589017e-7,1.28959911194e-7,8.283848274e-8,3.53270834808e-8,1.35730253703e-8,2.81031926619e-8,2.1534464878e-8,4.15525791553e-9,8.38885316767e-9,4.77567887458e-8,8.07496292055e-9,1.6388845836e-9,7.33567373512e-10,3.04684832919e-9,2.54110843478e-10,2.27782306905e-10,2.08145345404e-9,3.25567212078e-10,1.02316231876e-10,1.73399489212e-11,3.39007966664e-12,6.33280363913e-12,7.71560246249e-12,1.42259398705e-11,3.95567328892e-11,1.63308394585e-11,4.11741560985e-12,6.13205233119e-13,1.63913397829e-13,8.17822169035e-14,3.56591112975e-14],"max":[0.0514529459178,0.0513669922948,0.0141462711617,0.00757681205869,0.00797593500465,0.00771606853232,0.00746885174885,0.0088774971664,0.0309250261635,0.0160369127989,0.0151887331158,0.0092525659129,0.00426576798782,0.00386413978413,0.00374066876248,0.00459245964885,0.00215201522224,0.00163447926752,0.00679955258965,0.00284563959576,0.00113991741091,0.000416599505115,0.00120554037858,0.00028691792977,0.000201098460821,0.00113953417167,0.000558461528271,0.000283277826384,0.000126938262838,0.0000562916065974,0.0000856762781041,0.000084042265371,0.000176338580786,0.000198972775252,0.00019491702551,0.000102821693872,0.00003034488509,0.000017962698621,0.0000100842944448,0.00000593957156525],"mean":[0.00284608616494,0.00309548969381,0.000847505056299,0.000512864207849,0.000262598943664,0.000240297260461,0.000313615892082,0.000289695570245,0.000590784591623,0.000234525563428,0.000166478013853,0.000173068328877,0.000100411038147,0.0000679029690218,0.0000603706757829,0.000060736805608,0.0000347948880517,0.0000383267142752,0.0000410464344895,0.0000209270347113,0.0000138618524943,0.0000107681280497,0.0000191775889107,0.00000821310368337,0.00000637679522697,0.0000100803481473,0.00000724899564375,0.0000033627409266,0.00000128550175305,6.67346853334e-7,6.55821224882e-7,5.88433522353e-7,0.00000102073329344,0.00000154627457505,0.00000125949179619,6.12423548318e-7,1.13527157453e-7,4.78406292359e-8,3.26881561818e-8,2.46304701079e-8],"median":[0.00177482783329,0.00183494854718,0.000418573443312,0.000314137752866,0.000149715662701,0.000120226337458,0.000167096499354,0.000131766486447,0.000147266415297,0.0000866044938448,0.0000526983712916,0.0000474184707855,0.0000366829990526,0.0000237359945459,0.0000192272855202,0.0000161009193107,0.00000686886869516,0.00000994049332803,0.00000735303365218,0.00000434153298556,0.00000271312774203,0.00000244050170295,0.00000331754336003,0.00000130664034259,4.59027035049e-7,2.64154550678e-7,2.7536196967e-7,1.81267978405e-7,2.05921310226e-7,1.14193525746e-7,3.03301348481e-8,2.24032419283e-8,1.54121835294e-8,1.22810384084e-8,3.79894071756e-9,2.31809060836e-9,1.13886367004e-9,1.02321384698e-9,8.28920487805e-10,3.18203297045e-10],"min":[6.86347740334e-25,1.16765909292e-24,1.17623943438e-24,9.32405585409e-25,1.48875151375e-24,2.91595383171e-25,1.46650997496e-24,2.05271231642e-24,2.10705674696e-24,2.55884783979e-24,2.16393164608e-24,2.44144443228e-24,2.21428562373e-24,2.01725301873e-24,3.64123244936e-24,3.64103405084e-24,2.85978447006e-24,1.89853260793e-24,3.42097893475e-24,4.09822193834e-24,3.38496309569e-24,2.98475285644e-24,4.13825781257e-24,5.186586508e-24,4.12569993582e-24,4.16502386308e-24,4.574135806e-24,4.01044972415e-24,4.47127504928e-24,4.72961003523e-24,5.90429531501e-24,4.71218330897e-24,5.12141831419e-24,5.86025005523e-24,5.45452666433e-24,5.84147910999e-24,5.98189280125e-24,5.82337041348e-24,6.53010695416e-24,6.63308249015e-24],"var":[0.0000123869622257,0.0000139081394082,0.00000146918318933,3.85810068337e-7,1.30457848968e-7,1.61195075066e-7,2.21137412382e-7,2.50688231063e-7,0.00000226846759688,2.41286414848e-7,2.71042068789e-7,2.54052451965e-7,4.4545149791e-8,3.2182757792e-8,2.98874667237e-8,2.59039811823e-8,1.01447019674e-8,6.93365276305e-9,3.94082491084e-8,6.87230850005e-9,1.57172830306e-9,7.59723395305e-10,3.00382385632e-9,3.2414554374e-10,2.03505060026e-10,2.29027752319e-9,4.95631480302e-10,9.05850533472e-11,2.04930482306e-11,4.18732496593e-12,1.22868156621e-11,8.7251707595e-12,4.10072392709e-11,1.06326933369e-10,8.08411393383e-11,1.98218438191e-11,8.4130662506e-13,1.90772311143e-13,8.2557861914e-14,3.27132391271e-14]},"melbands_crest":{"dmean":2.74183630943,"dmean2":4.53966283798,"dvar":5.37041187286,"dvar2":15.2082281113,"max":30.3915176392,"mean":15.0518760681,"median":15.1185483932,"min":1.655595541,"var":24.8100090027},"melbands_flatness_db":{"dmean":0.0270168334246,"dmean2":0.0423056073487,"dvar":0.000718502153177,"dvar2":0.0016325742472,"max":0.769669234753,"mean":0.365097045898,"median":0.338594079018,"min":0.00328686553985,"var":0.021366044879},"melbands_kurtosis":{"dmean":4.3412156105,"dmean2":7.16173934937,"dvar":72.1544570923,"dvar2":185.199432373,"max":282.574829102,"mean":8.88532447815,"median":5.14033603668,"min":-1.83390140533,"var":161.332214355},"melbands_skewness":{"dmean":0.557508289814,"dmean2":0.903758406639,"dvar":0.323684722185,"dvar2":0.817353904247,"max":12.16451931,"mean":2.14672112465,"median":2.01485037804,"min":-1.40560162067,"var":1.72831535339},"melbands_spread":{"dmean":3.1849322319,"dmean2":5.09954404831,"dvar":24.910572052,"dvar2":56.36095047,"max":202.748260498,"mean":16.272108078,"median":11.3976478577,"min":0.244704246521,"var":396.480102539},"mfcc":{"cov":[[13845.0292969,-861.307739258,-5009.94384766,575.481506348,-1020.71118164,128.909072876,-21.0532398224,182.263122559,-263.273956299,434.39175415,-202.495529175,-101.142929077,158.943130493],[-861.307739258,2495.98168945,165.688064575,-321.906555176,147.691482544,-217.387939453,181.461242676,-53.3162384033,129.470352173,-63.9086456299,98.9336547852,96.1028442383,-39.80235672],[-5009.94384766,165.688064575,2822.25317383,-261.111938477,384.504852295,106.69480896,-186.557540894,46.3557243347,53.9470939636,-163.530822754,93.5562515259,58.4780311584,-56.1920051575],[575.481506348,-321.906555176,-261.111938477,513.207092285,22.4251346588,-82.2577514648,42.9834442139,-74.5454483032,-34.947845459,31.9039955139,-48.2661247253,-65.9165115356,47.5245056152],[-1020.71118164,147.691482544,384.504852295,22.4251346588,277.093475342,-15.0128107071,-0.477993488312,-24.9229164124,34.4210281372,-43.9669380188,0.474039196968,-17.5418109894,-14.1215686798],[128.909072876,-217.387939453,106.69480896,-82.2577514648,-15.0128107071,204.130813599,-33.3062057495,24.4151096344,25.2208747864,-3.16486668587,8.02415466309,10.2207460403,-25.2440376282],[-21.0532398224,181.461242676,-186.557540894,42.9834442139,-0.477993488312,-33.3062057495,211.703125,-38.1280326843,10.6405115128,-4.16959047318,3.17705321312,-9.20443725586,-5.10198497772],[182.263122559,-53.3162384033,46.3557243347,-74.5454483032,-24.9229164124,24.4151096344,-38.1280326843,145.927139282,-30.5027542114,10.896856308,-1.97282385826,8.57978820801,8.40035247803],[-263.273956299,129.470352173,53.9470939636,-34.947845459,34.4210281372,25.2208747864,10.6405115128,-30.5027542114,130.50328064,-12.6878347397,12.491894722,17.4033088684,-15.0033826828],[434.39175415,-63.9086456299,-163.530822754,31.9039955139,-43.9669380188,-3.16486668587,-4.16959047318,10.896856308,-12.6878347397,94.3125152588,-2.88069844246,-5.46576976776,17.8761348724],[-202.495529175,98.9336547852,93.5562515259,-48.2661247253,0.474039196968,8.02415466309,3.17705321312,-1.97282385826,12.491894722,-2.88069844246,79.7935180664,16.5907783508,-10.2093486786],[-101.142929077,96.1028442383,58.4780311584,-65.9165115356,-17.5418109894,10.2207460403,-9.20443725586,8.57978820801,17.4033088684,-5.46576976776,16.5907783508,75.4305801392,0.852228820324],[158.943130493,-39.80235672,-56.1920051575,47.5245056152,-14.1215686798,-25.2440376282,-5.10198497772,8.40035247803,-15.0033826828,17.8761348724,-10.2093486786,0.852228820324,84.1075134277]],"icov":[[0.00034831019002,-0.00012575351866,0.000575012469199,-0.000347763678292,0.000423386925831,-0.000688608270139,0.000512799422722,-0.00043080735486,0.000322575855535,-0.000263947615167,0.00010827981896,0.0000643695675535,-0.0000723934717826],[-0.00012575351866,0.000700382865034,-0.000185000782949,0.000609333626926,-0.000483851705212,0.00112448085565,-0.00066458969377,0.00023062917171,-0.000549604475964,0.000143130484503,-0.000466365454486,-0.000518802902661,0.000114289483463],[0.000575012469199,-0.000185000782949,0.00150791031774,-0.000434809713624,-0.0000539840293641,-0.00129376596306,0.0012468197383,-0.000819310662337,0.000635151052848,0.000155786954565,-0.00035157270031,-0.000190731094335,-0.000121532808407],[-0.000347763678292,0.000609333626926,-0.000434809713624,0.00351315038279,-0.00103753746953,0.00184264755808,-0.00101550819818,0.00183303758968,-0.000130388158141,-0.00032734501292,0.000511961756274,0.00124730274547,-0.00110004271846],[0.000423386925831,-0.000483851705212,-0.0000539840293641,-0.00103753746953,0.005864135921,-0.000617222918663,0.000611844065133,-0.000267422874458,-0.00070256163599,0.000757368165068,0.000873370212503,0.00189458206296,0.000184788179467],[-0.000688608270139,0.00112448085565,-0.00129376596306,0.00184264755808,-0.000617222918663,0.00825823657215,-0.0010462552309,0.000258087413386,-0.00242636282928,0.00029567166348,-0.000589434173889,-0.000470076891361,0.0016512098955],[0.000512799422722,-0.00066458969377,0.0012468197383,-0.00101550819818,0.000611844065133,-0.0010462552309,0.00654713716358,0.000205787611776,0.00044913624879,0.000250171957305,-0.000279148109257,0.00071266212035,0.000274375284789],[-0.00043080735486,0.00023062917171,-0.000819310662337,0.00183303758968,-0.000267422874458,0.000258087413386,0.000205787611776,0.00911684148014,0.00167342589702,-0.000641425780486,0.000525097013451,-0.000280013948213,-0.00102395948488],[0.000322575855535,-0.000549604475964,0.000635151052848,-0.000130388158141,-0.00070256163599,-0.00242636282928,0.00044913624879,0.00167342589702,0.00984755251557,-0.00015484818141,-0.000193445477635,-0.00168924010359,0.000425423058914],[-0.000263947615167,0.000143130484503,0.000155786954565,-0.00032734501292,0.000757368165068,0.00029567166348,0.000250171957305,-0.000641425780486,-0.00015484818141,0.0130615429953,-0.00113618664909,0.000548820593394,-0.00179646699689],[0.00010827981896,-0.000466365454486,-0.00035157270031,0.000511961756274,0.000873370212503,-0.000589434173889,-0.000279148109257,0.000525097013451,-0.000193445477635,-0.00113618664909,0.0146328080446,-0.00161838973872,0.000950430403464],[0.0000643695675535,-0.000518802902661,-0.000190731094335,0.00124730274547,0.00189458206296,-0.000470076891361,0.00071266212035,-0.000280013948213,-0.00168924010359,0.000548820593394,-0.00161838973872,0.0166705343872,-0.00173450110015],[-0.0000723934717826,0.000114289483463,-0.000121532808407,-0.00110004271846,0.000184788179467,0.0016512098955,0.000274375284789,-0.00102395948488,0.000425423058914,-0.00179646699689,0.000950430403464,-0.00173450110015,0.0138569967821]],"mean":[-742.988525391,210.903961182,-4.64345932007,28.1123065948,4.00452852249,6.49520730972,4.07178592682,10.2576971054,4.00843715668,7.93551778793,4.65760612488,4.62975978851,3.05665588379]},"pitch_salience":{"dmean":0.0719174295664,"dmean2":0.121503390372,"dvar":0.0039282576181,"dvar2":0.0114959878847,"max":0.982636034489,"mean":0.495800852776,"median":0.500281512737,"min":0.0705948621035,"var":0.0156530626118},"silence_rate_20dB":{"dmean":0,"dmean2":0,"dvar":0,"dvar2":0,"max":1,"mean":1,"median":1,"min":1,"var":0},"silence_rate_30dB":{"dmean":0.0125493369997,"dmean2":0.0251012146473,"dvar":0.0123919658363,"dvar2":0.0299386642873,"max":1,"mean":0.985023260117,"median":1,"min":0,"var":0.0147519148886},"silence_rate_60dB":{"dmean":0.00890598073602,"dmean2":0.0178137645125,"dvar":0.00882593821734,"dvar2":0.0235715862364,"max":1,"mean":0.0298522561789,"median":0,"min":0,"var":0.028960229829},"spectral_centroid":{"dmean":101.426383972,"dmean2":156.861480713,"dvar":37294.84375,"dvar2":65212.96875,"max":11746.7802734,"mean":919.819702148,"median":665.062316895,"min":92.4184265137,"var":1510871.75},"spectral_complexity":{"dmean":1.97388923168,"dmean2":3.22793531418,"dvar":4.38718318939,"dvar2":10.7229566574,"max":54,"mean":15.8787698746,"median":13,"min":0,"var":104.143630981},"spectral_contrast_coeffs":{"dmean":[0.0417737066746,0.0407229140401,0.0326751880348,0.0260405410081,0.020142827183,0.0183183159679],"dmean2":[0.071237295866,0.0660789832473,0.0532517768443,0.0427822731435,0.0331129096448,0.0287442561239],"dvar":[0.00114701641724,0.00119755964261,0.000737574417144,0.0004770491214,0.000274990394246,0.000308542163111],"dvar2":[0.00333811459132,0.00311589194462,0.00187450321391,0.00122225761879,0.000707242870703,0.000648211978842],"max":[-0.440745472908,-0.376111507416,-0.417611777782,-0.529861629009,-0.502636730671,-0.390115141869],"mean":[-0.69862061739,-0.719478309155,-0.756899893284,-0.789251565933,-0.790045976639,-0.753074586391],"median":[-0.701402783394,-0.725607514381,-0.764060258865,-0.791869163513,-0.78908932209,-0.7344622612],"min":[-0.987059235573,-0.989999771118,-0.984951138496,-0.973234295845,-0.981579244137,-0.964590847492],"var":[0.00397852063179,0.00568367680535,0.00521423947066,0.0039853323251,0.00276537798345,0.0065668458119]},"spectral_contrast_valleys":{"dmean":[0.338898360729,0.3099642694,0.28251299262,0.258603423834,0.228843212128,0.283980995417],"dmean2":[0.577271819115,0.503064095974,0.458320736885,0.408499270678,0.336580276489,0.402128607035],"dvar":[0.102973558009,0.0983105972409,0.100064620376,0.0989183709025,0.0933162420988,0.135746434331],"dvar2":[0.235591977835,0.201444238424,0.188388153911,0.163996785879,0.139352351427,0.231248512864],"max":[-4.84890508652,-4.56576395035,-5.14674043655,-5.3657989502,-5.62222909927,-8.12749099731],"mean":[-6.93360900879,-6.99203014374,-7.74396133423,-8.54188632965,-9.16781711578,-13.0426502228],"median":[-6.67436504364,-6.66042661667,-7.26361083984,-8.01229476929,-8.87149047852,-12.9579782486],"min":[-28.1586589813,-28.0237236023,-27.8355541229,-27.7460365295,-27.5279598236,-27.4308509827],"var":[4.90534734726,5.44507408142,5.72650432587,6.03740215302,6.87253046036,3.74306058884]},"spectral_decrease":{"dmean":2.2172668146e-9,"dmean2":3.53891982385e-9,"dvar":9.32057849802e-18,"dvar2":2.16765012169e-17,"max":5.90922786504e-25,"mean":-8.00014454683e-9,"median":-6.30367580357e-9,"min":-7.10821908001e-8,"var":4.41030666522e-17},"spectral_energy":{"dmean":0.00856464542449,"dmean2":0.0136513821781,"dvar":0.000138226838317,"dvar2":0.000320071965689,"max":0.27225664258,"mean":0.0315307565033,"median":0.0251858495176,"min":1.00152548642e-20,"var":0.000677134317812},"spectral_energyband_high":{"dmean":0.0000583600776736,"dmean2":0.0000894482291187,"dvar":6.46427054107e-8,"dvar2":1.25416974583e-7,"max":0.0106500219554,"mean":0.00020507654699,"median":0.0000168991828104,"min":7.19364566731e-21,"var":5.93573417973e-7},"spectral_energyband_low":{"dmean":0.00681306188926,"dmean2":0.0112892678007,"dvar":0.0000996389353531,"dvar2":0.000245594186708,"max":0.238775268197,"mean":0.0162250362337,"median":0.0100965658203,"min":1.19233714695e-23,"var":0.000322861102177},"spectral_energyband_middle_high":{"dmean":0.0011849423172,"dmean2":0.00179189222399,"dvar":0.0000071596628004,"dvar2":0.0000180103688763,"max":0.0942143648863,"mean":0.00496916798875,"median":0.00217981287278,"min":1.16364006275e-21,"var":0.000063815874455},"spectral_energyband_middle_low":{"dmean":0.00317065604031,"dmean2":0.00474449479952,"dvar":0.000033481115679,"dvar2":0.0000729725579731,"max":0.165580540895,"mean":0.0112460907549,"median":0.00798610784113,"min":1.4358747747e-22,"var":0.000147810787894},"spectral_entropy":{"dmean":0.126899287105,"dmean2":0.188450217247,"dvar":0.0259006768465,"dvar2":0.0456453710794,"max":9.82293701172,"mean":6.67519855499,"median":6.84600543976,"min":4.27486658096,"var":0.733869194984},"spectral_flux":{"dmean":0.0177365988493,"dmean2":0.0286436416209,"dvar":0.000375917647034,"dvar2":0.00091406761203,"max":0.331540197134,"mean":0.0697465986013,"median":0.0647945925593,"min":6.14807579846e-11,"var":0.00143043394201},"spectral_kurtosis":{"dmean":11.3715591431,"dmean2":19.2408351898,"dvar":224.159240723,"dvar2":584.384643555,"max":254.416534424,"mean":32.8211669922,"median":12.3901033401,"min":-1.26187157631,"var":1911.35412598},"spectral_rms":{"dmean":0.000722671742551,"dmean2":0.00116488325875,"dvar":5.30575448465e-7,"dvar2":0.00000125088604364,"max":0.0162977371365,"mean":0.00509916758165,"median":0.00495697092265,"min":3.12585677828e-12,"var":0.00000476021932627},"spectral_rolloff":{"dmean":170.336624146,"dmean2":295.854858398,"dvar":205588.625,"dvar2":448456.65625,"max":19616.7480469,"mean":987.093994141,"median":602.9296875,"min":64.599609375,"var":4294626},"spectral_skewness":{"dmean":0.70665127039,"dmean2":1.19237959385,"dvar":0.616875112057,"dvar2":1.58140528202,"max":13.0098752975,"mean":3.36001896858,"median":2.27109193802,"min":-0.650694727898,"var":7.49368333817},"spectral_spread":{"dmean":283967.78125,"dmean2":451341.21875,"dvar":324123230208,"dvar2":541659267072,"max":43296272,"mean":2411406.25,"median":1953792.25,"min":368593.71875,"var":17247486607400},"spectral_strongpeak":{"dmean":0.410962551832,"dmean2":0.717263102531,"dvar":0.83892261982,"dvar2":2.21369147301,"max":20.4197769165,"mean":0.751747071743,"median":0.283087164164,"min":0,"var":1.59767997265},"zerocrossingrate":{"dmean":0.00366277643479,"dmean2":0.00479523837566,"dvar":0.0000733924025553,"dvar2":0.000128208921524,"max":0.5322265625,"mean":0.0333651937544,"median":0.02294921875,"min":0.00244140625,"var":0.00305820559151}},"metadata":{"audio_properties":{"analysis_sample_rate":44100,"bit_rate":128015,"codec":"mp3","downmix":"mix","equal_loudness":0,"length":229.43347168,"lossless":false,"md5_encoded":"a832d6245afd94b6943a070a05eaa0ad","replay_gain":-5.20963287354,"sample_rate":44100},"tags":{"acoustid_id":["5f010b52-b1a6-486d-bce0-42c82fa70fe0"],"album":["Distant Horizons"],"albumartist":["Hawkwind"],"albumartistsort":["Hawkwind"],"artist":["Hawkwind"],"artistsort":["Hawkwind"],"asin":["B000027563"],"barcode":["5028794113293"],"catalognumber":["EBSCD 139"],"contentgroup":["Rock"],"date":["1997-11"],"discnumber":["1/1"],"file_name":"05 - Clouded Vision.mp3","genre":["Rock","Space Rock","Psychedelic Rock","Progressive Rock"],"label":["EBS Records"],"media":["CD"],"musicbrainz album release country":["GB"],"musicbrainz album status":["official"],"musicbrainz album type":["album"],"musicbrainz_albumartistid":["5a28f8c2-31fb-4047-ae57-c5c326989262"],"musicbrainz_albumid":["1064b155-f134-4989-9300-f2243f5720eb"],"musicbrainz_artistid":["5a28f8c2-31fb-4047-ae57-c5c326989262"],"musicbrainz_recordingid":["008e9fb6-c7dc-4913-b59d-72d19561724a"],"musicbrainz_releasegroupid":["5c9ef70f-2e6f-3f03-a5bd-6c626e85f981"],"originaldate":["1997-11"],"script":["Latn"],"title":["Clouded Vision"],"tracknumber":["5/10"]},"version":{"essentia":"2.1-beta2","essentia_build_sha":"2d9f1f26377add8aeb1075a9c2973f962c4f09fd","essentia_git_sha":"v2.1_beta2-1-ge3940c0","extractor":"music 1.0"}},"rhythm":{"beats_count":320,"beats_loudness":{"dmean":0.0369468480349,"dmean2":0.0691927745938,"dvar":0.00128106947523,"dvar2":0.0043485770002,"max":0.205851152539,"mean":0.0462593585253,"median":0.0349491983652,"min":0,"var":0.00150006380863},"beats_loudness_band_ratio":{"dmean":[0.215145885944,0.0803758054972,0.139651104808,0.0744108706713,0.0307960547507,0.00928979739547],"dmean2":[0.390927523375,0.14508552