{"lowlevel":{"average_loudness":0.925842225552,"barkbands":{"dmean":[0.0000459999137092,0.00207898649387,0.00158378551714,0.00101232354064,0.00182095286436,0.000721846532542,0.000531327386852,0.000674821727443,0.000582692970056,0.000431838474469,0.000508797471412,0.000536318286322,0.00062263343716,0.00085410347674,0.000606075918768,0.000616433739197,0.000504487834405,0.000246440496994,0.00015894981334,0.000121314944408,0.0000782349379733,0.0000580965606787,0.0000486724966322,0.0000376508942281,0.000017899868908,0.0000105604913188,0.00000236508117268],"dmean2":[0.0000621467625024,0.0036073285155,0.0026996594388,0.00162232830189,0.00291670532897,0.00116369209718,0.000851611956023,0.00102886313107,0.000904582731891,0.000677130825352,0.00080701673869,0.000833998492453,0.0010002204217,0.001388486824,0.000977152143605,0.000993476598524,0.000818240223452,0.000396433169954,0.000249984499533,0.000185592682101,0.000118274037959,0.0000873106473591,0.0000689517255523,0.0000545016446267,0.0000237582153204,0.0000121650928122,0.00000303212095787],"dvar":[6.6904877194e-9,0.0000163781533047,0.00000850394462759,0.00000273244495475,0.00000814624218037,0.00000162529158843,0.00000186062788998,0.00000337634151037,0.00000224248879022,7.57515635996e-7,0.00000100915247003,0.00000132996149205,0.00000159605258432,0.00000177064703166,0.00000110547432541,8.40171310301e-7,0.00000115384682431,1.73926849811e-7,1.50967537138e-7,4.29543405289e-8,2.20947597995e-8,4.89002722759e-8,5.77689327486e-8,5.31146184812e-8,2.78058043257e-9,2.96644792064e-10,2.09037891163e-11],"dvar2":[1.12916493933e-8,0.0000453953944088,0.0000232672082348,0.00000661126705381,0.0000204752068385,0.00000401263741878,0.00000445905743618,0.00000725503332433,0.00000522222535437,0.0000017911586383,0.00000240047006628,0.00000293140010399,0.00000369254507859,0.0000041633256842,0.00000255219379142,0.00000200203498935,0.00000303393517243,4.33916881093e-7,3.68237977e-7,9.24093015442e-8,5.07254824811e-8,1.16618608104e-7,1.07917578873e-7,1.06543645018e-7,5.90992943472e-9,4.25115415092e-10,3.74884706611e-11],"max":[0.00154872669373,0.0540497079492,0.0316349305212,0.0195416007191,0.0408215299249,0.0270196516067,0.0330619588494,0.0558032654226,0.0326133593917,0.0190598685294,0.023582842201,0.0362809225917,0.0218759644777,0.0316386856139,0.0305261872709,0.0163144133985,0.0337471216917,0.01492244564,0.0128838196397,0.00544651411474,0.00547066936269,0.00824878551066,0.0107600325719,0.0126658817753,0.00185964419506,0.000231745623751,0.0000609959533904],"mean":[0.0000746022269595,0.00240460783243,0.00201884610578,0.00135985005181,0.00314939627424,0.00128557218704,0.000833685800899,0.00112138362601,0.00100690522231,0.00075194897363,0.000893488235306,0.000958458520472,0.00111697649118,0.00155803037342,0.00117434898857,0.00125666242093,0.00101796980016,0.000520307919942,0.000326988520101,0.000269239506451,0.000188462465303,0.000117332885566,0.0000874046090757,0.0000670536173857,0.0000302975931845,0.0000161001444212,0.00000313403597829],"median":[0.0000152991669893,0.000818989588879,0.00101889506914,0.000728689716198,0.00203433609568,0.000674730516039,0.000380778481485,0.000363633094821,0.000265036069322,0.000375821487978,0.000482518109493,0.000447528902441,0.000483785173856,0.000855950755067,0.00068574945908,0.000794642081019,0.000571895274334,0.000312157557346,0.000170590123162,0.000118788288091,0.0000681126621203,0.0000364227162208,0.000017680651581,0.0000124883918033,0.00000739100687497,0.00000183579675195,8.4164838654e-8],"min":[3.21514051211e-23,7.69515984787e-24,1.45213190028e-24,2.74622455066e-23,1.05061328394e-22,3.40806622836e-23,6.83608243347e-23,4.1037585586e-23,1.82379529468e-23,1.02297986509e-22,1.32186127605e-22,1.20597609446e-22,7.13017545874e-23,1.45056601533e-22,9.85185160465e-23,1.18626832956e-22,2.3878463667e-22,2.62025968307e-22,3.15789931333e-22,4.79785051094e-22,5.48903453266e-22,3.28465626037e-22,5.25944697916e-22,7.94129637787e-22,1.47606826018e-21,1.40286721884e-21,2.40744212597e-21],"var":[1.61854849523e-8,0.0000157706272148,0.00000825697406981,0.00000340358178619,0.0000132346976898,0.0000034612357922,0.00000367712232219,0.00000757140014684,0.00000589912906435,0.00000149607330968,0.00000230696150538,0.00000326277472595,0.0000039943183765,0.00000442227428721,0.00000300559122479,0.00000225185476666,0.0000029796178751,5.51549248939e-7,3.45529031165e-7,1.56380949079e-7,9.25253260675e-8,1.22285911175e-7,1.58890657076e-7,1.36097867198e-7,6.31250784977e-9,8.70938432485e-10,4.54529400229e-11]},"barkbands_crest":{"dmean":2.17813134193,"dmean2":3.60904860497,"dvar":3.95077085495,"dvar2":10.504237175,"max":23.759847641,"mean":7.69061279297,"median":6.9534368515,"min":2.46027445793,"var":10.9762954712},"barkbands_flatness_db":{"dmean":0.0170097015798,"dmean2":0.0248933061957,"dvar":0.0002413529146,"dvar2":0.000540279550478,"max":0.403227299452,"mean":0.120993569493,"median":0.115864306688,"min":0.0309826973826,"var":0.00162397266831},"barkbands_kurtosis":{"dmean":1.11233496666,"dmean2":1.82504212856,"dvar":15.7224292755,"dvar2":46.6179466248,"max":218.003982544,"mean":0.451366990805,"median":-0.573552966118,"min":-1.83752441406,"var":30.4508953094},"barkbands_skewness":{"dmean":0.415844887495,"dmean2":0.647306382656,"dvar":0.188413500786,"dvar2":0.476354926825,"max":10.4297771454,"mean":0.530245602131,"median":0.450181096792,"min":-3.2251162529,"var":0.845902323723},"barkbands_spread":{"dmean":4.3975315094,"dmean2":6.63850975037,"dvar":21.6088924408,"dvar2":43.2735481262,"max":116.691017151,"mean":25.1555919647,"median":24.5354690552,"min":0.454794287682,"var":112.846786499},"dissonance":{"dmean":0.0129954423755,"dmean2":0.022084588185,"dvar":0.000189421582036,"dvar2":0.000518321292475,"max":0.5,"mean":0.476101994514,"median":0.481967329979,"min":0.284594446421,"var":0.00041830027476},"dynamic_complexity":3.25479269028,"erbbands":{"dmean":[0.0419892109931,0.545539736748,1.59618234634,2.85233044624,5.24373531342,6.12751436234,6.95618247986,5.66786146164,7.12340211868,9.69783973694,15.1781053543,13.089802742,14.1265716553,11.8057079315,21.4341583252,23.2291030884,26.1038951874,41.1569976807,27.5859909058,32.5877304077,30.0803756714,21.3251075745,13.589307785,9.2989616394,6.94866704941,5.45423746109,3.96671509743,2.57165074348,2.04223060608,1.75471198559,1.3306081295,1.00543546677,0.487780451775,0.255289494991,0.0996705293655,0.043015729636,0.0209369715303,0.0050324886106,0.000394863134716,0.0000139480735015],"dmean2":[0.0683054625988,0.958758890629,2.74298000336,4.56457853317,8.46706867218,10.022936821,11.3221712112,9.16385936737,11.4604511261,15.2854366302,23.1926956177,20.0050468445,22.2037162781,18.7598991394,34.0723609924,35.6998252869,41.4039306641,66.3932800293,44.5978736877,51.744720459,48.3720436096,33.94764328,21.682888031,14.368019104,10.9656581879,8.29018688202,6.01212596893,3.8456788063,3.01507472992,2.56630969048,1.86764776707,1.47831976414,0.696103990078,0.356271386147,0.129050120711,0.0520111583173,0.0247889328748,0.00588122289628,0.000523667433299,0.0000181107971002],"dvar":[0.00528293615207,1.23329377174,9.99701023102,18.4947109222,142.656997681,85.4755477905,152.363037109,98.4002532959,335.127258301,654.818664551,2062.47387695,1078.53869629,899.132141113,686.519897461,1858.79602051,2333.21142578,2707.18115234,4549.53613281,1853.79675293,2987.59082031,2524.90429688,1225.64648438,559.148071289,576.177124023,231.86807251,100.062599182,58.991859436,36.2786026001,47.7626113892,78.2865753174,43.2652206421,41.2739486694,6.77433156967,0.89351439476,0.0466575957835,0.00507285632193,0.00132863561157,0.0000744068893255,6.54658947497e-7,3.34150068726e-10],"dvar2":[0.0127233918756,3.45871019363,27.6525039673,44.6694488525,359.709442139,234.282058716,386.965911865,242.528839111,814.200561523,1608.53466797,4433.49414063,2406.23876953,2173.05444336,1652.8338623,4387.14160156,4949.42578125,6245.43457031,10513.6728516,4575.00634766,6741.31298828,6405.43603516,3095.93359375,1388.87121582,1347.87841797,593.856018066,212.324981689,135.828552246,81.9973983765,111.242584229,168.37171936,82.3587036133,83.0021286011,13.48046875,1.97473859787,0.0925511568785,0.00844527222216,0.00202480144799,0.000112573863589,0.00000124797634271,6.19112539013e-10],"max":[0.968849778175,15.0337238312,36.0473480225,46.4102210999,149.603683472,181.684509277,338.133087158,262.034362793,442.518920898,673.249023438,1473.58898926,877.808654785,986.703857422,660.246032715,1036.2265625,1841.32666016,977.00402832,1766.92907715,1239.69287109,1515.01660156,1183.92663574,1031.73510742,955.366760254,921.741149902,491.902130127,275.602233887,209.575820923,336.070404053,300.964630127,399.027923584,288.527557373,312.174438477,145.232376099,33.4268493652,6.29345941544,1.2608127594,0.479267716408,0.114405222237,0.0106553109363,0.00031690284959],"mean":[0.056431800127,0.583018004894,1.98029494286,4.12265872955,7.17657279968,10.0690402985,12.5018110275,10.0127353668,11.5499200821,16.6283760071,26.7143630981,24.4369106293,24.5563869476,21.8466835022,39.7628593445,45.0181846619,51.8230934143,80.0317993164,59.520690918,70.6027603149,68.6233978271,49.2418746948,31.3570995331,20.5417556763,14.4382343292,12.5012235641,9.61813831329,6.38844633102,4.27565717697,3.173432827,2.34163022041,1.76033306122,0.875274598598,0.431135356426,0.165332481265,0.0679080709815,0.0308047551662,0.00730457203463,0.000517163134646,0.0000398266201955],"median":[0.0184791404754,0.189654678106,0.987337470055,2.37211298943,3.82744312286,6.10237789154,6.82424926758,5.55687665939,6.10912704468,7.50729227066,7.18819570541,7.1583776474,12.9316492081,11.2652349472,22.1329193115,21.7903671265,26.8477935791,45.4837722778,40.4617996216,45.3781394958,42.5558776855,32.0989608765,20.0784339905,11.1757411957,7.62942171097,5.50364780426,3.62291359901,2.19583487511,1.41067385674,0.751729607582,0.47224932909,0.280314683914,0.189918026328,0.103649735451,0.0353273376822,0.0107282008976,0.00276323850267,0.000430354266427,0.0000306824949803,0.000031094692531],"min":[3.53514547241e-22,1.5180945283e-21,3.05286009828e-21,3.95790058041e-20,3.2821676261e-19,2.45065387961e-19,2.03980179966e-19,4.58589448587e-19,1.12186422276e-18,6.99816821904e-19,7.45223557461e-19,4.75157100775e-19,1.64055371953e-18,4.14911810023e-18,6.25325299315e-18,4.55880452761e-18,3.55203762739e-18,6.63063512247e-18,5.91167909895e-18,5.29082504172e-18,7.22078547614e-18,1.51279356461e-17,1.30996035845e-17,1.38224072386e-17,1.81405158565e-17,2.03981812613e-17,1.947882295e-17,2.50973446904e-17,1.20221785028e-17,1.3790629441e-17,1.54710088051e-17,1.61955114882e-17,1.34240519449e-17,1.23141285912e-17,1.25513532376e-17,6.25116849801e-18,2.37774990273e-18,1.25441319508e-18,3.04890682927e-19,3.58039732083e-20],"var":[0.00763792358339,1.05391597748,8.78460502625,25.4081039429,141.232757568,147.321990967,301.531768799,191.948013306,522.912963867,1287.4017334,5104.97802734,3314.55273438,1507.11853027,1430.67590332,4370.20507813,6802.66455078,7006.81494141,12006.2070313,4729.80419922,8344.921875,7887.90722656,3704.47143555,1931.48132324,1491.25476074,531.504455566,379.511505127,215.448196411,145.065917969,132.889877319,189.700164795,114.687484741,102.780021667,18.2577610016,1.9979467392,0.109100915492,0.0143195567653,0.00353508046828,0.000198847046704,0.00000129072236632,1.08161191115e-9]},"erbbands_crest":{"dmean":2.35169529915,"dmean2":3.80393004417,"dvar":5.02964258194,"dvar2":12.3597192764,"max":31.0271282196,"mean":8.82351207733,"median":7.7549123764,"min":2.43734765053,"var":16.092086792},"erbbands_flatness_db":{"dmean":0.018992330879,"dmean2":0.023939345032,"dvar":0.000305016204948,"dvar2":0.000475590088172,"max":0.347935318947,"mean":0.1832588166,"median":0.182314872742,"min":0.0374802201986,"var":0.00221763923764},"erbbands_kurtosis":{"dmean":0.819483399391,"dmean2":1.30137121677,"dvar":1.28221774101,"dvar2":3.06864094734,"max":33.6104316711,"mean":0.83356243372,"median":0.393064498901,"min":-1.61994457245,"var":4.2010102272},"erbbands_skewness":{"dmean":0.299875020981,"dmean2":0.469055116177,"dvar":0.0719592571259,"dvar2":0.170718193054,"max":4.78782701492,"mean":-0.370056450367,"median":-0.410091012716,"min":-3.60522246361,"var":0.428315967321},"erbbands_spread":{"dmean":5.13062953949,"dmean2":7.94057846069,"dvar":26.6046562195,"dvar2":59.7307243347,"max":97.5915679932,"mean":26.1908969879,"median":24.2325439453,"min":2.82759165764,"var":134.645584106},"gfcc":{"cov":[[13562.2900391,-464.254394531,-782.149169922,357.820129395,-264.520935059,61.1011657715,-327.613952637,98.6721191406,-244.792221069,111.423217773,-408.713623047,-51.0177116394,-136.634933472],[-464.254394531,1300.01025391,-442.25012207,-81.2520828247,60.4816856384,-166.248718262,70.1672210693,-128.523681641,128.035400391,-141.342468262,149.148422241,-113.727851868,118.807418823],[-782.149169922,-442.25012207,1009.5199585,-51.7354354858,118.055175781,157.702865601,-11.9821243286,130.446746826,-44.55651474,95.147605896,-73.8247070313,137.929595947,-132.099441528],[357.820129395,-81.2520828247,-51.7354354858,332.016876221,15.3816995621,48.045917511,9.84780025482,-5.84844350815,13.1592483521,4.84033632278,-5.23585748672,-37.0676422119,38.936252594],[-264.520935059,60.4816856384,118.055175781,15.3816995621,301.796478271,-3.23916363716,63.594959259,38.0571861267,-38.0148620605,58.7717437744,-2.03589701653,19.6653461456,-17.161529541],[61.1011657715,-166.248718262,157.702865601,48.045917511,-3.23916363716,166.384689331,16.6812782288,35.3191833496,-5.18574523926,25.383020401,-10.0878210068,26.2782001495,-15.5015335083],[-327.613952637,70.1672210693,-11.9821243286,9.84780025482,63.594959259,16.6812782288,159.163665771,44.6243591309,7.45854139328,24.057510376,1.61933243275,-10.7243595123,2.82564020157],[98.6721191406,-128.523681641,130.446746826,-5.84844350815,38.0571861267,35.3191833496,44.6243591309,117.265350342,13.0716152191,39.4454193115,-25.899766922,10.5730447769,-32.2677879333],[-244.792221069,128.035400391,-44.55651474,13.1592483521,-38.0148620605,-5.18574523926,7.45854139328,13.0716152191,123.183067322,-6.5383067131,13.6165723801,-22.8542804718,19.2663974762],[111.423217773,-141.342468262,95.147605896,4.84033632278,58.7717437744,25.383020401,24.057510376,39.4454193115,-6.5383067131,102.351707458,-8.47152233124,23.6472206116,-20.5228748322],[-408.713623047,149.148422241,-73.8247070313,-5.23585748672,-2.03589701653,-10.0878210068,1.61933243275,-25.899766922,13.6165723801,-8.47152233124,102.39402771,-2.24555325508,26.3819084167],[-51.0177116394,-113.727851868,137.929595947,-37.0676422119,19.6653461456,26.2782001495,-10.7243595123,10.5730447769,-22.8542804718,23.6472206116,-2.24555325508,96.2832717896,0.365595698357],[-136.634933472,118.807418823,-132.099441528,38.936252594,-17.161529541,-15.5015335083,2.82564020157,-32.2677879333,19.2663974762,-20.5228748322,26.3819084167,0.365595698357,90.0953445435]],"icov":[[0.000160228999448,-0.000274137128145,0.000338505691616,-0.000303595530568,0.000269909505732,-0.000228524964768,0.000585621397477,-0.000580237072427,0.000578050210606,-0.000559415610041,0.00082635571016,-0.000412644178141,0.000526595395058],[-0.000274137128145,0.00249025714584,-0.000599450140726,0.00134829536546,-0.00168890901841,0.00111610686872,-0.00204459764063,0.00250202883035,-0.00286058709025,0.00306292087771,-0.00311511545442,0.00221597589552,-0.002118059434],[0.000338505691616,-0.000599450140726,0.00270760431886,-0.000681288540363,0.0000455107037851,-0.00163693132345,0.00181881699245,-0.00220398185775,0.000989800668322,-0.0012238221243,0.00223725382239,-0.0032125543803,0.00331632071175],[-0.000303595530568,0.00134829536546,-0.000681288540363,0.00470212893561,-0.0014657919528,-0.000858251063619,-0.00122357043438,0.00195538206026,-0.00186352012679,0.00134573853575,-0.00161010900047,0.00360455806367,-0.00379569991492],[0.000269909505732,-0.00168890901841,0.0000455107037851,-0.0014657919528,0.00566274346784,0.000412698922446,0.00000437208791482,-0.00223139557056,0.00351003999822,-0.00404013413936,0.00186671142001,-0.00164174218662,0.00147615221795],[-0.000228524964768,0.00111610686872,-0.00163693132345,-0.000858251063619,0.000412698922446,0.00878715701401,-0.00226158672012,0.000322140869685,-0.00107784837019,0.000912374758627,-0.00230754353106,-0.0000881327287061,-0.000956368166953],[0.000585621397477,-0.00204459764063,0.00181881699245,-0.00122357043438,0.00000437208791482,-0.00226158672012,0.010848576203,-0.00609530135989,0.00299111381173,-0.00375769310631,0.00355419097468,-0.000976580311544,0.00133592484053],[-0.000580237072427,0.00250202883035,-0.00220398185775,0.00195538206026,-0.00223139557056,0.000322140869685,-0.00609530135989,0.0168144628406,-0.00602123467252,0.000956996809691,-0.00209559150971,0.00268847704865,-0.000303916371195],[0.000578050210606,-0.00286058709025,0.000989800668322,-0.00186352012679,0.00351003999822,-0.00107784837019,0.00299111381173,-0.00602123467252,0.0136076631024,-0.00427863793448,0.00323686841875,-0.000281158398138,0.000307057693135],[-0.000559415610041,0.00306292087771,-0.0012238221243,0.00134573853575,-0.00404013413936,0.000912374758627,-0.00375769310631,0.000956996809691,-0.00427863793448,0.0173265878111,-0.00490013929084,0.00026418743073,-0.00111978617497],[0.00082635571016,-0.00311511545442,0.00223725382239,-0.00161010900047,0.00186671142001,-0.00230754353106,0.00355419097468,-0.00209559150971,0.00323686841875,-0.00490013929084,0.0170087367296,-0.00382977584377,0.00166036514565],[-0.000412644178141,0.00221597589552,-0.0032125543803,0.00360455806367,-0.00164174218662,-0.0000881327287061,-0.000976580311544,0.00268847704865,-0.000281158398138,0.00026418743073,-0.00382977584377,0.0185393951833,-0.0079839117825],[0.000526595395058,-0.002118059434,0.00331632071175,-0.00379569991492,0.00147615221795,-0.000956368166953,0.00133592484053,-0.000303916371195,0.000307057693135,-0.00111978617497,0.00166036514565,-0.0079839117825,0.0203851982951]],"mean":[-10.3059206009,105.748435974,-145.944412231,28.1558437347,-39.9249916077,10.4968118668,-40.8828582764,-0.395721435547,-22.227481842,-0.982082784176,-16.0643310547,-2.64726781845,-7.64759874344]},"hfc":{"dmean":5.8644156456,"dmean2":8.21641540527,"dvar":51.7809181213,"dvar2":100.987373352,"max":213.157348633,"mean":24.4861984253,"median":21.7322235107,"min":1.19686443661e-16,"var":330.223846436},"melbands":{"dmean":[0.000482783216285,0.000789148325566,0.000535331782885,0.000382823607652,0.000260723667452,0.000130818079924,0.000108681044367,0.000111371002276,0.000130500658997,0.0000779772963142,0.0000712427354301,0.0000472726605949,0.0000700828313711,0.0000609136477578,0.0000661669982946,0.0000588838520343,0.0000873022290762,0.0000475778797409,0.0000489013182232,0.0000465610719402,0.0000379447556043,0.0000273997302429,0.0000202090013772,0.00000966888455878,0.00000827685107652,0.00000486849467052,0.00000532001376996,0.00000372385375158,0.00000293317634714,0.00000227257055485,0.00000142372130085,0.00000131148328819,0.00000104647824628,0.00000100776492218,7.99918666416e-7,7.29374221464e-7,6.33845502307e-7,3.74229358613e-7,2.72266902357e-7,2.02878482014e-7],"dmean2":[0.000825852446724,0.00134255213197,0.000854669196997,0.000621821323875,0.000421346107032,0.000211149963434,0.000173853972228,0.000173746884684,0.000199816015083,0.000119828800962,0.000112043315312,0.0000751940169721,0.000111128741992,0.0000958146192716,0.000103155631223,0.0000938477387535,0.000141518161399,0.0000773471037974,0.0000780633199611,0.0000746380464989,0.0000615014141658,0.0000441592856077,0.0000331165647367,0.0000153731562023,0.0000129477848532,0.00000778885532782,0.00000838034065964,0.00000573792794967,0.00000456325824416,0.00000347101126863,0.00000217933029489,0.00000198823931896,0.0000015558555333,0.00000150434777879,0.00000116122737381,0.00000106559832602,9.69549546426e-7,5.3869371186e-7,3.96539036274e-7,2.87080666794e-7],"dvar":[7.84338283211e-7,0.0000024294981813,7.4689091889e-7,4.40462031293e-7,1.69250242266e-7,5.05093638026e-8,7.47872519469e-8,8.12372675796e-8,1.46954036495e-7,3.54555140802e-8,2.27347936033e-8,1.17408731626e-8,1.8959260828e-8,1.93143563365e-8,1.83585768809e-8,1.41683758059e-8,2.10671764478e-8,5.51673062787e-9,8.22532086886e-9,5.06493824659e-9,5.63051516522e-9,2.78747225302e-9,1.23156940202e-9,2.78090772632e-10,5.29611576816e-10,1.16162870989e-10,8.72156583065e-11,5.16574491516e-11,3.70123376392e-11,2.01990698473e-11,1.47826490632e-11,1.71363583046e-11,2.65406845806e-11,2.56437249907e-11,1.41893970532e-11,1.91269691058e-11,2.14169307289e-11,4.2438439915e-12,1.30062605651e-12,5.37018292248e-13],"dvar2":[0.00000212460349758,0.00000663977834847,0.0000018120048253,0.00000109973609597,4.36969372686e-7,1.23748833403e-7,1.80847010256e-7,1.91217836232e-7,3.2099882219e-7,7.88904799265e-8,5.47123093497e-8,2.80126712937e-8,4.56276332272e-8,4.42830696556e-8,4.01327824306e-8,3.23875930519e-8,4.83586326538e-8,1.37557538693e-8,1.77908425769e-8,1.20755121458e-8,1.48556935642e-8,7.09676450938e-9,3.18535420263e-9,6.49322262625e-10,1.2504529634e-9,3.00463126601e-10,2.1355144042e-10,1.13359224785e-10,8.7824060524e-11,4.60704495386e-11,3.48215414836e-11,4.19454922185e-11,6.05360275796e-11,5.45016774767e-11,2.80907814371e-11,3.99992435007e-11,4.94993594724e-11,7.90971021319e-12,3.06103970296e-12,1.18885175142e-12],"max":[0.0109053943306,0.0208571478724,0.00934322737157,0.00816968455911,0.00959889683872,0.00556366704404,0.00652884272859,0.00692871119827,0.0105815446004,0.0050094909966,0.00483285961673,0.00270063988864,0.00338561530225,0.00499404408038,0.0033234776929,0.00297961500473,0.00404134951532,0.00188462331425,0.00329175428487,0.00148450233974,0.00208155717701,0.00170662300661,0.000913041061722,0.000438625487732,0.000907389796339,0.000341400358593,0.000194468346308,0.000186398072401,0.000155615591211,0.000113090427476,0.000220189103857,0.000185554323252,0.000237465937971,0.000199793183128,0.000150012187078,0.000196151187993,0.000261445733486,0.000116173643619,0.0000480653288832,0.0000247255793511],"mean":[0.000585988978855,0.000997985363938,0.000802279624622,0.000603967171628,0.000479439739138,0.000233193539316,0.00017531652702,0.000190871491213,0.000232343227253,0.000138699833769,0.000118983152788,0.0000814159502625,0.00012579561735,0.00010956319602,0.000122475539683,0.000108768072096,0.000159164803335,0.0000935088173719,0.0000963041456998,0.0000933006376727,0.0000803926959634,0.0000551364173589,0.0000401038960263,0.0000201615730475,0.0000166665358847,0.00000947284752328,0.0000100489951365,0.00000798737801233,0.00000626491191724,0.00000523473272551,0.00000318587717629,0.00000263848664872,0.00000179005098744,0.00000175104435129,0.0000013657385125,0.00000118327125165,0.00000104449088667,6.50895344734e-7,4.53695605529e-7,3.27974618131e-7],"median":[0.000205386051675,0.000483536859974,0.000495905987918,0.000376235228032,0.00027244532248,0.000129000749439,0.0000894946351764,0.0000809260673122,0.0000546508381376,0.000042114595999,0.0000593465556449,0.0000375366143999,0.0000702104589436,0.0000512544211233,0.0000576307575102,0.0000503024857608,0.0000838394407765,0.0000591545394855,0.0000551943376195,0.0000585505331401,0.0000439615178038,0.00003154118167,0.0000243488066189,0.000011007537978,0.00000829898999655,0.00000500154737892,0.00000455074405181,0.00000320842946167,0.00000234987578551,0.00000163122399499,9.95521304503e-7,8.43869713663e-7,4.89479702992e-7,3.56098325938e-7,2.87245939035e-7,1.78263888984e-7,1.56449118549e-7,1.27926256255e-7,1.15546150425e-7,7.50388267079e-8],"min":[4.17653649913e-24,1.55602281074e-24,1.58992769746e-23,2.29364984285e-23,8.06773333138e-24,9.18309745438e-24,1.59383934314e-23,7.36712781765e-24,5.57290037076e-24,2.87115333621e-24,8.56029176971e-24,1.69141402182e-23,1.96927497179e-23,1.45975413073e-23,1.10992169273e-23,6.08482337216e-24,1.39982704988e-23,9.244571807e-24,8.14061145724e-24,7.45798960557e-24,8.05831275445e-24,1.5802679379e-23,1.43975918891e-23,1.04296160138e-23,1.09982174879e-23,1.32848988491e-23,1.01294126297e-23,1.5963111599e-23,1.13646638888e-23,1.64962159102e-23,1.30267243963e-23,6.88049451357e-24,5.58007861056e-24,8.43850505658e-24,8.07541920318e-24,1.04573570964e-23,9.52922832035e-24,1.02013220344e-23,7.29328728148e-24,1.15764162438e-23],"var":[8.61411763253e-7,0.00000223212077799,9.45125748331e-7,5.89853414112e-7,3.66627403992e-7,1.04664678702e-7,1.27083566781e-7,1.62355931366e-7,3.74628029931e-7,1.0252649929e-7,3.85168696937e-8,2.37598865027e-8,4.2109295606e-8,4.00118871369e-8,4.67291378925e-8,4.03760296308e-8,5.51557306494e-8,1.28935404575e-8,2.38670807562e-8,1.27916948145e-8,1.64378324286e-8,7.4178081455e-9,3.39608008382e-9,9.21604959014e-10,1.31582877927e-9,2.45719028458e-10,2.22289645024e-10,1.7434363675e-10,1.01719500878e-10,8.56469131727e-11,4.92345227088e-11,4.37921990337e-11,5.87087323201e-11,6.34975821923e-11,3.64771095274e-11,4.12609113543e-11,4.34285593598e-11,1.18603816004e-11,2.68509780382e-12,1.12380948731e-12]},"melbands_crest":{"dmean":2.88216161728,"dmean2":4.80881643295,"dvar":7.54923677444,"dvar2":20.0933818817,"max":35.0540924072,"mean":10.7253627777,"median":9.91701698303,"min":1.49508213997,"var":18.7114200592},"melbands_flatness_db":{"dmean":0.0211981963366,"dmean2":0.0333246290684,"dvar":0.000442293356173,"dvar2":0.00109963479917,"max":0.529450774193,"mean":0.172660633922,"median":0.167666316032,"min":0.00217759585939,"var":0.00271160993725},"melbands_kurtosis":{"dmean":2.6086370945,"dmean2":4.33815574646,"dvar":40.6717147827,"dvar2":123.348838806,"max":231.557800293,"mean":3.6363222599,"median":1.05264282227,"min":-1.79909718037,"var":130.056045532},"melbands_skewness":{"dmean":0.537646174431,"dmean2":0.845303654671,"dvar":0.33488368988,"dvar2":0.843787074089,"max":10.7257547379,"mean":1.43257343769,"median":1.26215803623,"min":-2.20641207695,"var":1.50545692444},"melbands_spread":{"dmean":7.60311937332,"dmean2":11.8723335266,"dvar":66.107711792,"dvar2":147.15914917,"max":223.493804932,"mean":35.7981338501,"median":34.516784668,"min":0.439644992352,"var":309.886474609},"mfcc":{"cov":[[9158.640625,-290.986175537,-445.920410156,320.2890625,-42.2874145508,85.466835022,-74.1602096558,-76.0249023438,171.018539429,24.0834693909,-73.4191360474,20.3498325348,-64.696647644],[-290.986175537,1124.70385742,-268.244903564,22.5011539459,16.3423500061,-48.3601531982,-17.9622821808,6.08869981766,-27.5864696503,5.55785274506,15.3698806763,-20.6808757782,8.90812397003],[-445.920410156,-268.244903564,658.952209473,-90.0912475586,92.9288330078,44.2720069885,-13.0550336838,78.8386306763,-17.4469013214,11.1142225266,27.5668716431,-20.0971889496,29.619146347],[320.2890625,22.5011539459,-90.0912475586,251.437408447,46.6830253601,32.9024124146,50.0919570923,-19.7734775543,51.1040687561,12.8622760773,-10.8282995224,28.9405460358,-9.04232311249],[-42.2874145508,16.3423500061,92.9288330078,46.6830253601,188.739624023,35.6169319153,28.3902816772,6.89996623993,-7.20173978806,18.2069816589,-5.75998830795,2.13419818878,11.4150724411],[85.466835022,-48.3601531982,44.2720069885,32.9024124146,35.6169319153,118.767089844,39.0064620972,4.18587398529,26.6754493713,-19.3352718353,11.312582016,17.339225769,-1.60529518127],[-74.1602096558,-17.9622821808,-13.0550336838,50.0919570923,28.3902816772,39.0064620972,170.23890686,13.6339492798,18.7625370026,9.23621463776,7.83867073059,32.3284225464,6.77260923386],[-76.0249023438,6.08869981766,78.8386306763,-19.7734775543,6.89996623993,4.18587398529,13.6339492798,90.9890899658,14.4149141312,15.9008264542,11.1929674149,-6.3502831459,9.57245063782],[171.018539429,-27.5864696503,-17.4469013214,51.1040687561,-7.20173978806,26.6754493713,18.7625370026,14.4149141312,126.827110291,13.9566659927,23.3202438354,17.3866062164,-8.1280708313],[24.0834693909,5.55785274506,11.1142225266,12.8622760773,18.2069816589,-19.3352718353,9.23621463776,15.9008264542,13.9566659927,104.115768433,25.2480335236,0.52371352911,2.27457118034],[-73.4191360474,15.3698806763,27.5668716431,-10.8282995224,-5.75998830795,11.312582016,7.83867073059,11.1929674149,23.3202438354,25.2480335236,72.9596862793,20.4734573364,3.77787518501],[20.3498325348,-20.6808757782,-20.0971889496,28.9405460358,2.13419818878,17.339225769,32.3284225464,-6.3502831459,17.3866062164,0.52371352911,20.4734573364,72.974357605,16.3802509308],[-64.696647644,8.90812397003,29.619146347,-9.04232311249,11.4150724411,-1.60529518127,6.77260923386,9.57245063782,-8.1280708313,2.27457118034,3.77787518501,16.3802509308,58.2969779968]],"icov":[[0.000124754747958,0.0000483142430312,0.0000895981138456,-0.000112912770419,0.0000172049021785,-0.000123265039292,0.000134314352181,-0.00000479313757751,-0.000105908060505,-0.0000826805189718,0.000132648056024,-7.69422570102e-8,0.0000263363599515],[0.0000483142430312,0.00111505726818,0.000653524766676,-0.000146339298226,-0.000446377845947,0.000262687244685,0.000182850941201,-0.000543800997548,0.00029240566073,0.000228791366681,-0.000788032601122,0.000601271400228,-0.000394852919271],[0.0000895981138456,0.000653524766676,0.00247822911479,0.000551555771381,-0.00126781745348,-0.000693109293934,0.000522701651789,-0.00175131030846,0.000340277736541,0.00014484829444,-0.00103272101842,0.000839101616293,-0.000845046830364],[-0.000112912770419,-0.000146339298226,0.000551555771381,0.00569071993232,-0.00142480235081,-0.000688573112711,-0.000922194041777,0.000991710927337,-0.00197717850097,-0.00086778961122,0.00184413546231,-0.00163489603437,0.000801876187325],[0.0000172049021785,-0.000446377845947,-0.00126781745348,-0.00142480235081,0.00706043792889,-0.00196595070884,-0.000570999167394,0.000558774278034,0.000944047700614,-0.00177914754022,0.00151806150097,0.000212729908526,-0.000908707850613],[-0.000123265039292,0.000262687244685,-0.000693109293934,-0.000688573112711,-0.00196595070884,0.0116270715371,-0.00200059474446,-0.0000102939065982,-0.00164771545678,0.00361653999425,-0.00230159284547,-0.000846213602927,0.00102371943649],[0.000134314352181,0.000182850941201,0.000522701651789,-0.000922194041777,-0.000570999167394,-0.00200059474446,0.00744397612289,-0.00163936743047,0.00012559442257,-0.000769434729591,0.000424823490903,-0.00254757935181,-0.0000905675624381],[-0.00000479313757751,-0.000543800997548,-0.00175131030846,0.000991710927337,0.000558774278034,-0.0000102939065982,-0.00163936743047,0.0139448307455,-0.00223301467486,-0.00161945016589,-0.000162746640854,0.00190435140394,-0.00186030252371],[-0.000105908060505,0.00029240566073,0.000340277736541,-0.00197717850097,0.000944047700614,-0.00164771545678,0.00012559442257,-0.00223301467486,0.0103736603633,-0.00065005448414,-0.00284823379479,-0.000873847166076,0.00138189364225],[-0.0000826805189718,0.000228791366681,0.00014484829444,-0.00086778961122,-0.00177914754022,0.00361653999425,-0.000769434729591,-0.00161945016589,-0.00065005448414,0.0123294750229,-0.00513031566516,0.00140769197606,-0.000166407990037],[0.000132648056024,-0.000788032601122,-0.00103272101842,0.00184413546231,0.00151806150097,-0.00230159284547,0.000424823490903,-0.000162746640854,-0.00284823379479,-0.00513031566516,0.0194237865508,-0.00591218005866,0.000900621991605],[-7.69422570102e-8,0.000601271400228,0.000839101616293,-0.00163489603437,0.000212729908526,-0.000846213602927,-0.00254757935181,0.00190435140394,-0.000873847166076,0.00140769197606,-0.00591218005866,0.0194727201015,-0.00611862493679],[0.0000263363599515,-0.000394852919271,-0.000845046830364,0.000801876187325,-0.000908707850613,0.00102371943649,-0.0000905675624381,-0.00186030252371,0.00138189364225,-0.000166407990037,0.000900621991605,-0.00611862493679,0.020178951323]],"mean":[-640.678649902,132.955291748,-34.6479644775,20.1301441193,12.8705978394,10.0885314941,-3.15340924263,-1.58264541626,-0.648880600929,-2.37960672379,-4.79698944092,-1.01137340069,-2.86692237854]},"pitch_salience":{"dmean":0.0646036118269,"dmean2":0.107475139201,"dvar":0.00328860851005,"dvar2":0.00917460955679,"max":0.933997631073,"mean":0.587807893753,"median":0.596054911613,"min":0.121777445078,"var":0.00843530334532},"silence_rate_20dB":{"dmean":0,"dmean2":0,"dvar":0,"dvar2":0,"max":1,"mean":1,"median":1,"min":1,"var":0},"silence_rate_30dB":{"dmean":0,"dmean2":0,"dvar":0,"dvar2":0,"max":1,"mean":1,"median":1,"min":1,"var":0},"silence_rate_60dB":{"dmean":0.00731083238497,"dmean2":0.01462344639,"dvar":0.0072573418729,"dvar2":0.0173340756446,"max":1,"mean":0.0683479532599,"median":0,"min":0,"var":0.0636746659875},"spectral_centroid":{"dmean":199.791183472,"dmean2":308.038238525,"dvar":45713.78125,"dvar2":90060.96875,"max":11005.1777344,"mean":1576.33215332,"median":1558.26245117,"min":153.080673218,"var":313382.875},"spectral_complexity":{"dmean":3.57645916939,"dmean2":5.24445533752,"dvar":12.0895299911,"dvar2":22.6908016205,"max":55,"mean":25.3758525848,"median":26,"min":0,"var":104.569152832},"spectral_contrast_coeffs":{"dmean":[0.0537196584046,0.0446916148067,0.0368713960052,0.0303708333522,0.021672418341,0.0194226372987],"dmean2":[0.0874435380101,0.073760099709,0.0601017251611,0.0497566647828,0.0352920591831,0.0284456927329],"dvar":[0.00193251972087,0.00128989201039,0.000877999525983,0.000585582514759,0.00031788754859,0.000332524708938],"dvar2":[0.0050525451079,0.00333456275985,0.00227100308985,0.00149869814049,0.000799906847533,0.000673324218951],"max":[-0.328595846891,-0.450211465359,-0.467727094889,-0.568389832973,-0.587888300419,-0.575651168823],"mean":[-0.636966705322,-0.744810223579,-0.765207231045,-0.755790770054,-0.764091849327,-0.751697897911],"median":[-0.642176032066,-0.751805841923,-0.768269896507,-0.755857348442,-0.763731002808,-0.756676197052],"min":[-0.981591641903,-0.972623765469,-0.956982970238,-0.95406973362,-0.95302516222,-0.958959579468],"var":[0.0063596367836,0.00488698855042,0.00330814276822,0.00254828832112,0.00169203081168,0.00304992008023]},"spectral_contrast_valleys":{"dmean":[0.452161878347,0.341426759958,0.299304902554,0.246334418654,0.240392327309,0.334109216928],"dmean2":[0.715219140053,0.547796845436,0.477095603943,0.385014146566,0.339075446129,0.373493373394],"dvar":[0.164491504431,0.0843378975987,0.0702041685581,0.0574049167335,0.0685268417001,0.119685508311],"dvar2":[0.351544588804,0.188752114773,0.144194945693,0.105731382966,0.103815957904,0.164983123541],"max":[-5.30995798111,-4.78551244736,-5.15559482574,-5.45323991776,-5.7574095726,-7.4115228653],"mean":[-7.39643144608,-6.85545349121,-7.21722126007,-7.13324451447,-7.52589035034,-10.6371297836],"median":[-7.24164581299,-6.64622306824,-7.0201883316,-6.88201999664,-7.27884292603,-10.4727668762],"min":[-26.8100128174,-26.8029842377,-27.4238796234,-27.4825286865,-27.384223938,-27.272895813],"var":[1.41016471386,1.36313819885,1.3453193903,1.56176412106,1.56750428677,1.62806117535]},"spectral_decrease":{"dmean":1.72554992517e-9,"dmean2":2.53249954341e-9,"dvar":4.38290787907e-18,"dvar2":9.58845514913e-18,"max":3.9452327314e-22,"mean":-5.66686431114e-9,"median":-5.20893816969e-9,"min":-2.39597746088e-8,"var":1.30836977285e-17},"spectral_energy":{"dmean":0.00688993791118,"dmean2":0.0100300097838,"dvar":0.0000668515785947,"dvar2":0.000143596844282,"max":0.0957010686398,"mean":0.0236089862883,"median":0.0219005458057,"min":1.08615325244e-20,"var":0.000219996800297},"spectral_energyband_high":{"dmean":0.000255793158431,"dmean2":0.000348896719515,"dvar":4.27738939379e-7,"dvar2":8.00892735242e-7,"max":0.0257353782654,"mean":0.000652210903354,"median":0.000282258726656,"min":7.58179128403e-21,"var":0.00000161174364166},"spectral_energyband_low":{"dmean":0.00354322325438,"dmean2":0.00583825306967,"dvar":0.0000396431350964,"dvar2":0.000102082492958,"max":0.0878289565444,"mean":0.0052533200942,"median":0.0028022187762,"min":2.43121614067e-23,"var":0.0000470825361845},"spectral_energyband_middle_high":{"dmean":0.00249137426727,"dmean2":0.00371789513156,"dvar":0.00000854171958053,"dvar2":0.0000181696796062,"max":0.05561876297,"mean":0.00955177284777,"median":0.00822238251567,"min":1.71159198569e-21,"var":0.0000516249820066},"spectral_energyband_middle_low":{"dmean":0.00351723423228,"dmean2":0.00530610000715,"dvar":0.0000236375981331,"dvar2":0.0000539406573807,"max":0.0754100307822,"mean":0.00914689339697,"median":0.00728857656941,"min":3.09162969614e-22,"var":0.0000600036837568},"spectral_entropy":{"dmean":0.116774275899,"dmean2":0.166253805161,"dvar":0.0138540845364,"dvar2":0.0260484088212,"max":9.79754257202,"mean":7.5474448204,"median":7.56495094299,"min":5.57785224915,"var":0.124044686556},"spectral_flux":{"dmean":0.0212677735835,"dmean2":0.0325332321227,"dvar":0.000502136419527,"dvar2":0.00109122681897,"max":0.240647003055,"mean":0.0834373757243,"median":0.0797614902258,"min":1.04218675356e-10,"var":0.00167359714396},"spectral_kurtosis":{"dmean":2.16302371025,"dmean2":3.68243002892,"dvar":5.95858573914,"dvar2":18.19572258,"max":39.162525177,"mean":6.56412315369,"median":5.81420135498,"min":-1.19534277916,"var":16.4790935516},"spectral_rms":{"dmean":0.00066862400854,"dmean2":0.000947677704971,"dvar":5.07519644088e-7,"dvar2":0.00000101204307157,"max":0.00966265518218,"mean":0.00449417578056,"median":0.00462237838656,"min":3.25524459818e-12,"var":0.00000283555414171},"spectral_rolloff":{"dmean":334.651824951,"dmean2":555.584106445,"dvar":315270.34375,"dvar2":652772.5,"max":19186.0839844,"mean":1918.13769531,"median":1916.45507813,"min":64.599609375,"var":1080812.875},"spectral_skewness":{"dmean":0.241071775556,"dmean2":0.38789331913,"dvar":0.0502018779516,"dvar2":0.140103667974,"max":4.52977561951,"mean":1.67134928703,"median":1.64863193035,"min":-0.011654256843,"var":0.246249824762},"spectral_spread":{"dmean":403630.21875,"dmean2":498148.40625,"dvar":298194862080,"dvar2":403839123456,"max":40271960,"mean":3392237.5,"median":3138250.5,"min":1422625.25,"var":1762142584830},"spectral_strongpeak":{"dmean":0.868511915207,"dmean2":1.49519765377,"dvar":1.77766191959,"dvar2":4.3971529007,"max":15.7876758575,"mean":1.37636470795,"median":0.547935128212,"min":0,"var":3.47244882584},"zerocrossingrate":{"dmean":0.00751900766045,"dmean2":0.00908288825303,"dvar":0.00010657797975,"dvar2":0.000158170529176,"max":0.50537109375,"mean":0.0664183869958,"median":0.0634765625,"min":0.00341796875,"var":0.000760304101277}},"metadata":{"audio_properties":{"analysis_sample_rate":44100,"bit_rate":192000,"codec":"mp3","downmix":"mix","equal_loudness":0,"length":190.563262939,"lossless":false,"md5_encoded":"11a0aded1020e8e6ca37d81fd2bb5ffd","replay_gain":-5.36615180969,"sample_rate":44100},"tags":{"acoustid_fingerprint":["AQADtJKyqMqF40-CmS28fMKP7_jj4JUyXP3xHAmPnCGeOceUf_CPHuODODyS5wp-4zmuLAeTu-jxvFnA8soR5pGmQdsxC3mCkkyI5hJxHpeO85HwiRXyQ-PRcP2QZ41w6cIjWXiIKRVRSpGH98SXHBfRxEUWvsH1Qstzou1xMIeWSzq-hRSuHPFl9FkQZiSeB6qY48hzdJKO5qQeXAzOoNsF-3Aleeiz4DXyD7or5FFznDjzokbzScOdE9dxNTlMTfgeNA9KuceT5QmuE9GPpEe_oNGcGFeUH_eFPLkG8ciZVLiP5zjCLDySUTLxh8KP5jqOT4J3hFIYEkm_CleLD--Ll8PWB2eiH0d-iJehT1eIkNrROKTQqA2qy0d_NM5xHdV-WD2RPDxynGioZsMV4T561Fx1XEp24Tx6wsfRVrmISydyqA_CNbnwHk8cojya_KgX5cih-ygf-CLGzRATXUJ4FY_QVEOPt_h3I4x6BtUH3cG9I4wsEUc_nPjw4Ch5oTm-45p4ND7CjoEuSUOYTEe349bR58YVzfDIo5WLscU5pJ1xPtCf4zI-aJGOiluCeTd-Iz_-IKSfQwuT5Lg25JiSLUSP9wvCDwmZH95C1NOPizG6PBYa6riGI9ITixBHIt8OU5E3XMYdHj7gpke9C73gvWi3IbkfRKS442WGSsVkIT-F5kX4416JPUXzDu0SGUxyC90sPNk43GGaID90TBmZFLUSNbgWaPLyFKm4w0tsRJI8Jkimg9LEExXDL3ge9IenY45E3Mcf3DlCxYdOPAkuPFGcCf6Dv_jxhMakJOuGZsxz_MrR70GYH83zo1JyCs_B-UTzeejP4h9yGcx5XNlRpQ_e4Qe0OMwRespxY9zxHxV1mAqP2iGRc1BkJRfCZAquF__RH5YXgocnXJMxH813xfhz5KyQXD9qG1tsKbh4VCfYH32-wCOPPUqiw9HwKUcvxMePPAk8bdLx48fdY3IFN0NOSoe0NEPaw2Fcga-CE841_EGY5ccjDnqh_BGaH-GXFFcknMLDozkfhM-h70LDGde0jEQ-G-kH50O_HPWJKfEDPjm06EdIJseuo4PVC-ZyCd1woVGzFNV25IKiHymOalXw5uDvCuXTwTEtVE7wPlgftjilB82RH83CQ9eRD8fh-sOzHPdRUjLCyErwQ8tuhMfF4ztu_BLC_IemIw-P_vA5_DjaEY-IZLqMMJeEp7iOH7_R7Aj1B8ki1MG1HL-Chk8a9DKeHPt6nAxyQgx9POijCxeeHN6F4CaapMzwHZEXmKkLjT8Rpir6JEKz5LjQ_UOYh7iPmsiPH95ChM88XIeGMM_xKmjGFtWqCj9CGQ2jRGyQfE2Po_lRlIyiRXiEisePLkfz5DjyQPNhJ8cPXYN2lBKRPjlKJketHxfa0fgb9ImEZlzwn8i3CCLydCm-C-EViPURLqE1VA_OHK4j5IN-hH-D78cjGbM0eejBpNzxYF-Oi8eFNw9qHfmhB37Rl8jx_MjZood_nNBiHk-QUzKmh2mC7egjHaWGNaGOIzkR5jj4B32u4MTMRMeTdcgTaGfxntByhFbmGOeDozfMOFOESsenI3mO8CtxPziHXzDzEx