{"lowlevel":{"average_loudness":0.929976463318,"barkbands":{"dmean":[0.00189308496192,0.00602156110108,0.00273488182575,0.00111398159061,0.00223448243923,0.00122303701937,0.00142430176493,0.000712032662705,0.000926471955609,0.00119577278383,0.000475788576296,0.000912989722565,0.00063066277653,0.000349335023202,0.000242139300099,0.000154869732796,0.000126304861624,0.000149552084622,0.000124756523292,0.000126118175103,0.000124820900965,0.0000990344924503,0.0000542888556083,0.0000115292705232,0.00000215533896153,0.0000333828429575,0.000435465248302],"dmean2":[0.00298841181211,0.0103436047211,0.0045864675194,0.00186106667388,0.00355632347055,0.00190637726337,0.00230055884458,0.0011565007735,0.00149746076204,0.00188333436381,0.000770379090682,0.00149772292934,0.00105245201848,0.000573604775127,0.000403494457714,0.000254913698882,0.000205434771487,0.000241508590989,0.000194289154024,0.000181459981832,0.000174950211658,0.000127871709992,0.0000715390779078,0.0000154156768986,0.00000353527548214,0.0000417841110902,0.0005934657529],"dvar":[0.000018136759536,0.000137387381983,0.0000219062167162,0.0000034260749544,0.000024507406124,0.00000458573640572,0.00000984215148492,0.00000273480986834,0.00000511971893502,0.00000798496785137,9.27660892103e-7,0.0000019396575226,8.49511536671e-7,2.89966322953e-7,1.82552483352e-7,6.97846118669e-8,4.79916373308e-8,1.02557656589e-7,7.47485557895e-8,1.3887301975e-7,1.10317365909e-7,4.55252617826e-8,2.10405115553e-8,8.24724399884e-10,1.43163076879e-11,7.28011562146e-9,4.10804631201e-7],"dvar2":[0.0000416554830736,0.000377090560505,0.0000581085841986,0.00000894885943126,0.0000621599028818,0.0000102281610452,0.0000254924179899,0.00000692726007401,0.0000121957455121,0.0000177932888619,0.00000229550005315,0.00000486021008328,0.00000220743368118,7.28592169708e-7,4.79815412291e-7,1.82976904739e-7,1.17785603493e-7,2.65035168923e-7,1.78035421072e-7,2.78327007663e-7,2.2016406831e-7,8.12653553339e-8,4.0402717616e-8,1.52256196539e-9,3.38380261311e-11,1.29346444666e-8,8.0911962641e-7],"max":[0.0694364979863,0.143957108259,0.0727928876877,0.0303191654384,0.108645647764,0.0416123345494,0.0650850087404,0.0459079518914,0.0608411431313,0.101354077458,0.0263146013021,0.026811292395,0.0231432914734,0.0127669693902,0.00724236527458,0.00429238565266,0.00497553031892,0.00740527361631,0.00544150499627,0.010134415701,0.0108938552439,0.00337928812951,0.00266342097893,0.00049135327572,0.0000720255848137,0.00156299804803,0.0132764326409],"mean":[0.00227582850493,0.00728244287893,0.00355257513002,0.00154442875646,0.00331543385983,0.00194349826779,0.00198320229538,0.00102235702798,0.00135458086152,0.00178415304981,0.000729643914383,0.00147983850911,0.000989317777567,0.000569634605199,0.000376545445761,0.000257777108345,0.000228388511459,0.000252403260674,0.000224978997721,0.00023828810663,0.000246313400567,0.000159906383487,0.0000757856396376,0.000015176040506,0.00000232016532209,0.0000482334653498,0.00122333317995],"median":[0.00052933243569,0.00377205014229,0.00188861251809,0.000730302883312,0.00169273582287,0.000983145670034,0.000701763841789,0.000289083312964,0.000381055404432,0.000661182799377,0.000385314895539,0.000987460953183,0.000648309767712,0.000366499210941,0.000227748983889,0.000135916285217,0.00010510134598,0.0000918105579331,0.0000768176396377,0.0000655039038975,0.0000662029633531,0.0000322744963341,0.00000755822247811,0.00000208917140299,9.25659662698e-7,0.00000634033540337,0.000676407129504],"min":[9.37133721852e-25,2.67868508041e-24,2.38010339715e-24,2.34037083993e-24,1.61776928093e-23,1.7255224741e-23,1.85777847585e-23,1.78559012996e-23,2.78976430837e-23,2.7302236116e-23,2.29847467392e-23,2.17474594301e-23,4.68992985838e-23,4.1475706311e-23,6.37197031938e-23,8.40004272319e-23,5.74679111002e-23,1.3751467476e-22,1.09393272858e-22,2.40351806677e-22,3.20019286014e-22,3.26069786048e-22,4.87064129413e-22,5.83239981007e-22,1.05422351534e-21,1.52573342816e-21,2.01314112228e-21],"var":[0.0000234289746004,0.000125039950944,0.000026205992981,0.00000510990730618,0.0000284756461042,0.0000103839129224,0.000016320072973,0.00000570016436541,0.0000100823999674,0.0000153292930918,0.00000157146450874,0.00000317618878398,0.00000131277556648,4.60152648429e-7,2.27796562058e-7,1.17456536941e-7,9.96500801875e-8,1.7196059332e-7,1.52320936309e-7,3.78581461291e-7,3.14507673238e-7,1.01426344656e-7,3.71335779903e-8,1.51205314936e-9,1.65343277264e-11,1.42932208291e-8,0.00000193382743419]},"barkbands_crest":{"dmean":2.71653723717,"dmean2":4.51530122757,"dvar":5.68224191666,"dvar2":14.804350853,"max":26.3612937927,"mean":8.77237415314,"median":7.92526435852,"min":2.52280926704,"var":14.2966785431},"barkbands_flatness_db":{"dmean":0.0233882907778,"dmean2":0.0361083373427,"dvar":0.000410463457229,"dvar2":0.000964591978118,"max":0.372636467218,"mean":0.128380417824,"median":0.119182772934,"min":0.0316169038415,"var":0.00246885931119},"barkbands_kurtosis":{"dmean":3.1078619957,"dmean2":5.01410675049,"dvar":42.7620239258,"dvar2":114.647819519,"max":290.274475098,"mean":5.02612304688,"median":3.06535387039,"min":-1.74998128414,"var":86.0373687744},"barkbands_skewness":{"dmean":0.542471647263,"dmean2":0.864407062531,"dvar":0.289762675762,"dvar2":0.733500540257,"max":13.3980026245,"mean":1.7197291851,"median":1.59237611294,"min":-2.15106844902,"var":0.995334088802},"barkbands_spread":{"dmean":8.15641975403,"dmean2":12.1028795242,"dvar":64.2156829834,"dvar2":137.747573853,"max":110.083206177,"mean":33.3906059265,"median":29.0167655945,"min":0.491161227226,"var":374.186401367},"dissonance":{"dmean":0.0188648048788,"dmean2":0.0320858843625,"dvar":0.000530042452738,"dvar2":0.00142355379649,"max":0.500000059605,"mean":0.470540732145,"median":0.479009509087,"min":0.116157859564,"var":0.000855844293255},"dynamic_complexity":2.95035076141,"erbbands":{"dmean":[0.213579446077,1.29889273643,3.22098088264,3.39471292496,5.34893417358,8.26082992554,10.334695816,9.48845100403,20.1061916351,15.9453992844,17.0529956818,20.3501014709,27.2637195587,34.0655403137,26.130563736,31.800617218,28.2625179291,17.6446208954,14.331946373,9.13737487793,7.94826126099,7.03025197983,8.15673732758,6.78231716156,6.20565462112,5.8440322876,5.65215730667,4.49873876572,3.68813180923,2.75940585136,1.29031455517,0.459083765745,0.0959984362125,0.0267996191978,0.0151123469695,0.0204735472798,0.068739913404,0.0919956788421,0.0439896471798,0.0106145506725],"dmean2":[0.3597407341,2.25973248482,5.45085191727,5.59154224396,8.84994792938,13.4921226501,15.6419801712,15.1757326126,32.6129875183,25.7142562866,27.3512592316,32.8036842346,43.9060134888,53.1697235107,42.072063446,52.0187950134,46.9758415222,28.8809165955,23.702375412,14.9220523834,12.8922710419,11.3690977097,13.2135791779,10.7093801498,9.30706882477,8.4350194931,7.9438791275,6.25082111359,4.83701944351,3.52239489555,1.69129836559,0.601654648781,0.132611557841,0.0426836647093,0.0246932823211,0.0286751631647,0.0852067545056,0.110689356923,0.0539740845561,0.0150528270751],"dvar":[0.221420869231,5.94479560852,31.4053459167,33.915309906,103.714416504,518.015319824,340.064788818,323.15447998,1950.12145996,1323.46459961,1637.30444336,2557.3034668,4632.90283203,8659.01855469,2413.07519531,2176.75268555,1734.95568848,722.267456055,628.681640625,251.56211853,188.903717041,158.128982544,292.443115234,233.910018921,195.116821289,315.024810791,286.404205322,114.943405151,63.3456306458,49.6998748779,11.1048898697,1.40418469906,0.0472120940685,0.00211424240842,0.000691262597684,0.00194829807151,0.0306725464761,0.0395565889776,0.0069638164714,0.000211967577343],"dvar2":[0.594564676285,16.6562633514,84.9827957153,83.8947982788,271.350311279,1339.49804688,664.031555176,755.43371582,4984.85058594,3410.25463867,4016.30102539,6071.79882812,10996.5039062,18541.859375,5800.79150391,5352.34130859,4485.95605469,1767.78869629,1624.97827148,649.252319336,493.062408447,391.808502197,757.366088867,599.470825195,419.047149658,646.404602051,561.024108887,233.777755737,117.579803467,88.8409042358,20.4110050201,2.58224201202,0.0843238011003,0.00483290618286,0.00163372722454,0.00357647519559,0.0530133806169,0.0648401752114,0.0113916303962,0.00045406454592],"max":[5.22910118103,33.1576805115,84.6930007935,114.072380066,223.623840332,556.008422852,443.012176514,427.536804199,840.439331055,871.505126953,917.726806641,1304.58203125,1905.56567383,4571.70507812,1585.48156738,1042.68005371,975.964355469,678.719482422,429.077575684,209.10345459,251.327087402,243.135345459,403.777862549,247.483291626,304.771057129,498.053222656,499.860076904,330.155853271,161.435272217,121.233024597,47.3438987732,18.9344062805,3.63815402985,0.870698451996,0.497958093882,0.932150959969,2.72118282318,3.29650473595,1.76991152763,0.258842796087],"mean":[0.245025977492,1.50310134888,4.11620569229,5.16210603714,7.65677404404,10.4283418655,16.4566745758,14.5795087814,27.5347118378,23.8514556885,25.9128227234,30.4704227448,40.7764396667,51.885509491,43.5315742493,56.4379196167,47.4838867188,31.184551239,23.9912700653,15.8251447678,14.5760154724,12.9745206833,13.787065506,12.0311536789,11.5194644928,11.0559358597,10.9777021408,8.63043022156,6.10258483887,4.03301858902,1.82941496372,0.630551040173,0.120604597032,0.030140530318,0.0168035607785,0.0260740183294,0.100178778172,0.164753317833,0.110848642886,0.0361513011158],"median":[0.0906753093004,0.777048587799,2.15513038635,2.72431850433,3.91248631477,4.73591709137,7.3562374115,7.54431438446,9.91647720337,8.3635931015,7.6251077652,8.6953163147,14.3396396637,21.7316970825,26.6410198212,39.3278388977,32.4851074219,21.0995426178,15.1210727692,9.60342502594,7.41859769821,5.96985149384,5.18229484558,4.2724237442,3.71087050438,3.0836391449,2.79967784882,2.34611439705,1.36238956451,0.506631493568,0.18738310039,0.0697410553694,0.0217535141855,0.011304974556,0.00714231561869,0.00665974104777,0.0131781389937,0.0402881428599,0.0389571115375,0.0266481153667],"min":[1.40339629838e-22,1.26811139892e-21,4.73210479837e-21,7.0525701754e-21,1.42885127217e-20,5.1831831885e-20,8.49109429086e-20,2.16573242235e-19,3.3418742982e-19,3.55433667251e-19,2.5118582656e-19,6.27912492796e-19,8.93660704794e-19,1.02231158848e-18,1.82527845315e-18,1.19177514999e-18,2.36034167995e-18,2.18686536188e-18,2.84857345598e-18,3.88209592669e-18,5.30444250256e-18,3.34199000009e-18,6.74760176981e-18,6.68225284706e-18,7.31396158188e-18,9.74446223984e-18,1.15222975422e-17,1.39161243205e-17,1.25497501615e-17,1.29293325913e-17,1.28679169124e-17,1.29887969512e-17,1.10338564894e-17,9.76202162988e-18,8.49460060608e-18,4.66146839497e-18,2.84469046339e-18,1.02479705942e-18,2.8785880147e-19,2.93139561274e-20],"var":[0.20489180088,5.21866416931,34.7516365051,53.4480400085,132.007385254,484.738037109,1019.18322754,564.12689209,3072.48388672,2450.49365234,3387.87036133,5033.46386719,7497.89599609,16105.3916016,4403.73974609,3927.37963867,2796.50708008,1257.85021973,833.919677734,372.633361816,381.607696533,322.355194092,484.238220215,420.984191895,470.285064697,826.931213379,792.516967773,322.534912109,141.23815918,95.7754974365,20.812505722,2.61640143394,0.0883567854762,0.00273466296494,0.000809503369965,0.00351101066917,0.0615789070725,0.0965077057481,0.0340698026121,0.000996673828922]},"erbbands_crest":{"dmean":2.74440932274,"dmean2":4.47799491882,"dvar":6.70623254776,"dvar2":16.3644886017,"max":34.3819923401,"mean":8.75922584534,"median":7.58026027679,"min":2.48462796211,"var":20.8313617706},"erbbands_flatness_db":{"dmean":0.0230418182909,"dmean2":0.0339949540794,"dvar":0.000431858177762,"dvar2":0.000923841900658,"max":0.439424663782,"mean":0.157993555069,"median":0.147434726357,"min":0.033131018281,"var":0.00304488628171},"erbbands_kurtosis":{"dmean":1.51974833012,"dmean2":2.37379741669,"dvar":29.3616905212,"dvar2":78.0215454102,"max":272.882843018,"mean":1.5330092907,"median":0.302016019821,"min":-1.64433598518,"var":73.090461731},"erbbands_skewness":{"dmean":0.40838727355,"dmean2":0.626373946667,"dvar":0.16935646534,"dvar2":0.389497429132,"max":10.1864938736,"mean":0.0604986138642,"median":0.00247104116715,"min":-3.17544007301,"var":0.685463011265},"erbbands_spread":{"dmean":6.81679821014,"dmean2":9.93062019348,"dvar":42.7840270996,"dvar2":83.518119812,"max":103.744026184,"mean":27.9079170227,"median":25.7684078217,"min":0.428437739611,"var":214.248153687},"gfcc":{"cov":[[13206.0253906,-180.873550415,-98.4039001465,1192.36657715,-399.211853027,-649.423950195,768.793884277,-18.8074054718,248.085983276,-108.674209595,-305.449493408,35.0434761047,-597.597900391],[-180.873550415,1192.00744629,99.3320388794,-374.899993896,169.449676514,65.2662811279,-85.749458313,36.7789001465,-38.2871360779,-13.0275411606,43.3505020142,-195.871444702,123.902122498],[-98.4039001465,99.3320388794,374.518035889,133.868972778,-61.8467712402,189.683502197,-88.0953979492,60.3805122375,-29.2220230103,1.56946492195,-26.998872757,-18.764831543,-61.8192863464],[1192.36657715,-374.899993896,133.868972778,693.500671387,64.4504318237,-141.00453186,258.367675781,1.14845001698,33.2608375549,4.27725362778,-71.5491485596,49.3122634888,-188.137130737],[-399.211853027,169.449676514,-61.8467712402,64.4504318237,289.27243042,-8.99565410614,58.2256164551,-22.7212429047,-13.8239574432,-7.62923622131,38.5980758667,-18.4305419922,46.5692214966],[-649.423950195,65.2662811279,189.683502197,-141.00453186,-8.99565410614,365.665039062,-139.280639648,59.2276000977,-30.23828125,-1.38406431675,15.9203634262,-5.35526418686,14.1157913208],[768.793884277,-85.749458313,-88.0953979492,258.367675781,58.2256164551,-139.280639648,324.774078369,0.437628448009,71.9886016846,2.97482848167,-50.445110321,3.57460093498,-95.8950881958],[-18.8074054718,36.7789001465,60.3805122375,1.14845001698,-22.7212429047,59.2276000977,0.437628448009,165.613082886,19.1241035461,30.3546943665,-11.2162046432,-61.3723373413,1.31281626225],[248.085983276,-38.2871360779,-29.2220230103,33.2608375549,-13.8239574432,-30.23828125,71.9886016846,19.1241035461,130.142440796,31.1286506653,-13.2664270401,22.928440094,-57.1623840332],[-108.674209595,-13.0275411606,1.56946492195,4.27725362778,-7.62923622131,-1.38406431675,2.97482848167,30.3546943665,31.1286506653,82.7277526855,34.7700271606,-8.37141513824,9.41391849518],[-305.449493408,43.3505020142,-26.998872757,-71.5491485596,38.5980758667,15.9203634262,-50.445110321,-11.2162046432,-13.2664270401,34.7700271606,83.9173660278,28.3696708679,51.8796348572],[35.0434761047,-195.871444702,-18.764831543,49.3122634888,-18.4305419922,-5.35526418686,3.57460093498,-61.3723373413,22.928440094,-8.37141513824,28.3696708679,125.763580322,-2.60753965378],[-597.597900391,123.902122498,-61.8192863464,-188.137130737,46.5692214966,14.1157913208,-95.8950881958,1.31281626225,-57.1623840332,9.41391849518,51.8796348572,-2.60753965378,156.869812012]],"icov":[[0.000142198696267,-0.000306296860799,0.000525321927853,-0.000544654321857,0.000534516992047,-0.000134188652737,0.0000791273923824,-0.0000769146499806,-0.0000265917242359,0.000171093895915,0.0000642678205622,-0.000186095683603,0.000195542350411],[-0.000306296860799,0.00351561862044,-0.0047493702732,0.0036212715786,-0.00278140534647,0.00182205752935,-0.00189012347255,0.00131327332929,-0.00182824884541,0.00216512125917,-0.00327433482744,0.00497952755541,-0.00160735356621],[0.000525321927853,-0.0047493702732,0.0133173549548,-0.00861026998609,0.00590340234339,-0.00624753348529,0.0050696823746,-0.0016992224846,0.00179923488759,-0.00179533392657,0.0035993186757,-0.00377013976686,0.00210744282231],[-0.000544654321857,0.0036212715786,-0.00861026998609,0.0110332518816,-0.00756412278861,0.00558955129236,-0.00408132420853,-0.00148928922135,0.00430497480556,-0.00413630157709,0.0028354388196,-0.00289664207958,0.00499531067908],[0.000534516992047,-0.00278140534647,0.00590340234339,-0.00756412278861,0.0105492742732,-0.00428255088627,0.000265000504442,0.00208224426024,-0.00362476869486,0.00554967438802,-0.006121088285,0.00405220221728,-0.0046762325801],[-0.000134188652737,0.00182205752935,-0.00624753348529,0.00558955129236,-0.00428255088627,0.0075200968422,-0.000769234145992,-0.00227189366706,0.00205645780079,-0.00115473510232,0.000842072360683,-0.002223711228,0.00293793901801],[0.0000791273923824,-0.00189012347255,0.0050696823746,-0.00408132420853,0.000265000504442,-0.000769234145992,0.00817821267992,-0.00128120183945,-0.000681612349581,-0.00192040612455,0.00423779338598,-0.0023720364552,0.00232395040803],[-0.0000769146499806,0.00131327332929,-0.0016992224846,-0.00148928922135,0.00208224426024,-0.00227189366706,-0.00128120183945,0.0113563761115,-0.00598594686016,0.00194555346388,-0.00415678462014,0.0102215334773,-0.00583137152717],[-0.0000265917242359,-0.00182824884541,0.00179923488759,0.00430497480556,-0.00362476869486,0.00205645780079,-0.000681612349581,-0.00598594686016,0.0201676264405,-0.0140483081341,0.0118484329432,-0.014645637013,0.0117693319917],[0.000171093895915,0.00216512125917,-0.00179533392657,-0.00413630157709,0.00554967438802,-0.00115473510232,-0.00192040612455,0.00194555346388,-0.0140483081341,0.030109429732,-0.0225494131446,0.0159189943224,-0.0086643146351],[0.0000642678205622,-0.00327433482744,0.0035993186757,0.0028354388196,-0.006121088285,0.000842072360683,0.00423779338598,-0.00415678462014,0.0118484329432,-0.0225494131446,0.0371238775551,-0.020632872358,0.00506699923426],[-0.000186095683603,0.00497952755541,-0.00377013976686,-0.00289664207958,0.00405220221728,-0.002223711228,-0.0023720364552,0.0102215334773,-0.014645637013,0.0159189943224,-0.020632872358,0.0300403591245,-0.0111092384905],[0.000195542350411,-0.00160735356621,0.00210744282231,0.00499531067908,-0.0046762325801,0.00293793901801,0.00232395040803,-0.00583137152717,0.0117693319917,-0.0086643146351,0.00506699923426,-0.0111092384905,0.0207521673292]],"mean":[-0.930048882961,94.5456695557,-96.0406265259,-13.6037158966,-10.9928407669,-15.8393592834,7.85961008072,-30.3456077576,-2.9838476181,-8.41327953339,-2.80696296692,0.778103232384,-7.22593307495]},"hfc":{"dmean":53.5363044739,"dmean2":80.3260574341,"dvar":3896.8984375,"dvar2":8948.14550781,"max":1449.0748291,"mean":204.935546875,"median":180.371017456,"min":1.11451562878e-16,"var":18217.5058594},"melbands":{"dmean":[0.00176854548045,0.0016887235688,0.000575063109864,0.000516217376571,0.000342401210219,0.000223764305701,0.000301271444187,0.000164616503753,0.000151535816258,0.000127306644572,0.000141143638757,0.000149632411194,0.0000741004332667,0.000107143860077,0.0000918272780837,0.0000482401737827,0.0000342159255524,0.0000252239387919,0.0000175199274963,0.000010529555766,0.0000101537980299,0.00000790200101619,0.00000731580985303,0.00000736555921321,0.00000566460903428,0.00000508819312017,0.00000428208613812,0.00000406358094551,0.00000381186237064,0.00000358986676474,0.00000242770488512,0.0000021444259346,0.00000199671421797,0.00000145243302541,8.46609793825e-7,4.22408646727e-7,2.30448932825e-7,7.15852124245e-8,3.02460563262e-8,1.96623819448e-8],"dmean2":[0.00296014198102,0.00288473209366,0.00094475003425,0.000836118822917,0.000520322879311,0.000355115247658,0.000487466109917,0.000265788170509,0.000242291251197,0.000205622025533,0.000227588985581,0.00023495707137,0.000119809992611,0.000175360037247,0.000153799803229,0.0000798495238996,0.0000565392874705,0.0000419608368247,0.0000291367960017,0.0000172825275513,0.0000167079197126,0.000012961455468,0.0000118617326734,0.0000119876131066,0.00000908742367756,0.00000791250386101,0.00000650591664453,0.00000595398978476,0.00000553283280169,0.00000516169438924,0.00000342626594829,0.00000294509550258,0.00000262245589511,0.00000195011534743,0.00000114978286092,5.77669595714e-7,3.10073687615e-7,1.01834821464e-7,4.76200874289e-8,3.23632569632e-8],"dvar":[0.0000130199014166,0.00000879642084328,8.63318405209e-7,0.00000162317871855,3.56146188096e-7,1.6516403889e-7,4.32257195371e-7,1.37694613045e-7,1.40207134791e-7,9.56161727572e-8,1.19556005984e-7,1.63807300169e-7,2.05651069507e-8,2.98498719076e-8,2.15410977944e-8,4.74137396012e-9,2.76848988179e-9,1.89021553965e-9,9.3189611583e-10,3.60845547887e-10,3.43557987614e-10,1.90964591362e-10,2.1190645072e-10,2.61966059956e-10,1.67109312499e-10,1.20121107505e-10,1.30147517763e-10,1.69217473367e-10,1.41183717495e-10,9.35425001347e-11,3.21351383004e-11,2.16707120998e-11,2.47047087648e-11,1.57107139798e-11,4.93292125897e-12,1.26598568868e-12,3.61812820373e-13,2.95235874864e-14,3.43936923551e-15,1.22689937789e-15],"dvar2":[0.0000345797816408,0.0000239513410634,0.0000021343798835,0.00000416847751694,7.42924441965e-7,3.84746272175e-7,0.00000110922371732,3.55424589316e-7,3.32362787958e-7,2.31395304695e-7,2.83605118057e-7,3.53563279987e-7,5.02385617551e-8,7.40836014756e-8,5.58955797203e-8,1.23565611077e-8,6.84434553477e-9,4.88833640233e-9,2.43588704762e-9,9.3424146197e-10,9.09557373863e-10,4.73576899918e-10,5.50550938172e-10,6.91194657065e-10,4.35144253963e-10,2.75807682248e-10,2.86670187588e-10,3.50889373113e-10,2.88895130041e-10,2.06301919992e-10,6.60027102417e-11,4.27175447792e-11,4.61500768156e-11,3.06977637754e-11,9.45902123989e-12,2.54771334238e-12,6.81939856147e-13,5.57145035131e-14,7.63451632371e-15,2.90400036714e-15],"max":[0.03975328058,0.0456121265888,0.0171499177814,0.0283561423421,0.0124127939343,0.00926613714546,0.0114559577778,0.00980113167316,0.00875181145966,0.00713133672252,0.00968410540372,0.0191031787544,0.00462747178972,0.00349283427931,0.00391343981028,0.00132580450736,0.00130846269894,0.000727363163605,0.000508715922479,0.000339869351592,0.00036102894228,0.000276696460787,0.000337448553182,0.0004031858698,0.00022710741905,0.000181847499334,0.000314069882734,0.000390656874515,0.000401294528274,0.000262682937318,0.00018601337797,0.0000940120153246,0.0000858486891957,0.0000767145829741,0.00002778097587,0.0000200673785002,0.0000100739889604,0.00000300823899124,0.00000131160118144,6.75917476656e-7],"mean":[0.00224162638187,0.00216051307507,0.000934922776651,0.000687216292135,0.000542076944839,0.000347819091985,0.000418773794081,0.000245826959144,0.000223906143219,0.000185825541848,0.000205529300729,0.000219365145313,0.000121326862427,0.000166130703292,0.000142891061842,0.0000790281119407,0.0000559197651455,0.0000396009090764,0.0000273007481155,0.0000167246944329,0.0000174917331606,0.0000137804199767,0.000011789445125,0.0000120804415928,0.00000941590769798,0.00000877457023307,0.00000751744164518,0.00000733753313398,0.00000696487722962,0.00000633874878986,0.0000044064058784,0.00000345975013261,0.00000290801403935,0.00000199808846446,0.00000116417777463,5.72672490762e-7,2.99058910969e-7,8.54490380675e-8,3.28761267099e-8,2.08277715075e-8],"median":[0.00103944295552,0.0012336372165,0.000569339550566,0.000315340381349,0.000249969278229,0.000179603463039,0.000149887637235,0.0000823414593469,0.0000612924050074,0.0000528402597411,0.0000694862173987,0.0000866250265972,0.0000717429502402,0.000105336228444,0.0000939765377552,0.0000524221795786,0.0000361395104846,0.0000242330606852,0.000016165931811,0.00000904307307792,0.00000797041502665,0.00000637332823317,0.00000454143173556,0.00000424971995017,0.00000317648959935,0.00000283849999505,0.00000217944329961,0.00000192968946067,0.00000170388477727,0.00000160332012911,0.00000119123239983,7.64350431837e-7,4.4013927436e-7,2.05412320042e-7,1.11059577534e-7,6.50017994985e-8,2.91167356892e-8,1.31622117649e-8,9.88119097656e-9,8.18186407514e-9],"min":[1.88226274619e-24,4.93535836994e-24,1.07000757918e-24,2.4190179056e-24,3.23814267059e-24,4.16081765673e-24,4.85654722121e-24,4.47341759549e-24,1.72334868899e-24,4.01368287057e-24,4.24138047111e-24,3.77886974466e-24,4.30003543486e-24,3.53670285739e-24,4.84558875994e-24,4.13803180392e-24,3.47261185315e-24,4.21201827936e-24,5.4907369576e-24,4.84071833271e-24,6.26721747978e-24,2.84628193238e-24,3.61745618168e-24,6.86625399651e-24,4.92919026653e-24,4.87356216207e-24,5.25084593405e-24,5.81461800174e-24,5.79690413011e-24,5.79492053936e-24,5.86138009848e-24,6.575152884e-24,6.57075577332e-24,6.67811461492e-24,6.82116980692e-24,7.1244055723e-24,6.17602358141e-24,6.32213127068e-24,7.96608465943e-24,7.40201440232e-24],"var":[0.0000130536000142,0.00000909937716642,0.00000142663679981,0.00000166689892467,9.43838472267e-7,3.0662960171e-7,7.02781051132e-7,2.71082058134e-7,2.94662044098e-7,1.80975050057e-7,1.948801156e-7,3.02838003563e-7,3.65086130216e-8,4.81443400702e-8,2.94558990532e-8,8.00895705311e-9,4.51611548158e-9,2.46255549285e-9,1.21867982372e-9,5.20825271799e-10,6.6205230187e-10,3.76957048909e-10,3.41383782354e-10,4.13927392362e-10,2.78013584376e-10,2.47943804377e-10,2.98802843579e-10,4.17789414175e-10,3.54684698278e-10,2.26335242215e-10,8.36302069263e-11,4.65057332921e-11,4.58468922548e-11,2.67648004454e-11,8.7514509528e-12,2.1116552517e-12,6.4730675247e-13,5.08918672178e-14,4.52114381157e-15,1.39310407692e-15]},"melbands_crest":{"dmean":4.15523099899,"dmean2":6.89231586456,"dvar":12.3898925781,"dvar2":33.4860725403,"max":34.6748008728,"mean":14.1805429459,"median":13.2642345428,"min":1.54315304756,"var":29.445772171},"melbands_flatness_db":{"dmean":0.031993933022,"dmean2":0.0494216457009,"dvar":0.000705787853803,"dvar2":0.00168174342252,"max":0.491325557232,"mean":0.232783168554,"median":0.227300480008,"min":0.00386022008024,"var":0.00403892109171},"melbands_kurtosis":{"dmean":4.61368942261,"dmean2":7.5498251915,"dvar":45.7539291382,"dvar2":115.545608521,"max":212.440109253,"mean":6.85793018341,"median":3.89023303986,"min":-1.87901306152,"var":101.957183838},"melbands_skewness":{"dmean":0.723905861378,"dmean2":1.14264070988,"dvar":0.43134328723,"dvar2":1.08791089058,"max":8.22839164734,"mean":1.945130229,"median":1.83317887783,"min":-8.45156288147,"var":1.83880186081},"melbands_spread":{"dmean":6.80800199509,"dmean2":10.8674325943,"dvar":59.7358665466,"dvar2":140.141677856,"max":152.213699341,"mean":22.4668102264,"median":19.7388381958,"min":0.424628943205,"var":211.963943481},"mfcc":{"cov":[[8847.27246094,-204.107620239,-83.7971878052,1624.35791016,-826.229431152,234.159393311,-153.155181885,458.722320557,14.4023361206,341.056396484,161.560943604,85.3991699219,-159.967803955],[-204.107620239,1620.75390625,-91.3491668701,-401.786102295,202.189926147,-85.6876525879,116.526664734,-179.57270813,77.5753250122,-36.4580192566,-1.18152415752,-58.3802680969,20.3744945526],[-83.7971878052,-91.3491668701,518.416137695,-134.827362061,84.4146881104,50.0440711975,-25.1581573486,64.9468994141,-45.9487762451,76.6024856567,3.77019166946,-15.8566150665,-24.084072113],[1624.35791016,-401.786102295,-134.827362061,911.577392578,-221.33480835,96.1154556274,30.5175037384,127.811645508,26.5694770813,55.7842788696,70.17552948,53.8362197876,-37.360912323],[-826.229431152,202.189926147,84.4146881104,-221.33480835,331.451507568,7.26867246628,72.8241500854,-51.431476593,-7.00787162781,-53.9386444092,-13.8014278412,-14.5989561081,23.8951721191],[234.159393311,-85.6876525879,50.0440711975,96.1154556274,7.26867246628,207.707107544,5.31604194641,90.1586608887,-44.7972869873,18.5507202148,-7.30713605881,9.59205055237,3.88583064079],[-153.155181885,116.526664734,-25.1581573486,30.5175037384,72.8241500854,5.31604194641,175.718490601,-16.482717514,47.9431152344,-14.3209943771,9.98132896423,-3.5493209362,0.98251336813],[458.722320557,-179.57270813,64.9468994141,127.811645508,-51.431476593,90.1586608887,-16.482717514,172.508605957,0.987421751022,56.2681312561,19.7313079834,6.85062217712,-19.3255348206],[14.4023361206,77.5753250122,-45.9487762451,26.5694770813,-7.00787162781,-44.7972869873,47.9431152344,0.987421751022,113.983894348,36.8715171814,34.1441612244,5.63652610779,-3.27499222755],[341.056396484,-36.4580192566,76.6024856567,55.7842788696,-53.9386444092,18.5507202148,-14.3209943771,56.2681312561,36.8715171814,132.933609009,50.3023834229,15.8653240204,-14.9312572479],[161.560943604,-1.18152415752,3.77019166946,70.17552948,-13.8014278412,-7.30713605881,9.98132896423,19.7313079834,34.1441612244,50.3023834229,88.3364868164,35.313873291,2.75985002518],[85.3991699219,-58.3802680969,-15.8566150665,53.8362197876,-14.5989561081,9.59205055237,-3.5493209362,6.85062217712,5.63652610779,15.8653240204,35.313873291,62.1652679443,23.9290924072],[-159.967803955,20.3744945526,-24.084072113,-37.360912323,23.8951721191,3.88583064079,0.98251336813,-19.3255348206,-3.27499222755,-14.9312572479,2.75985002518,23.9290924072,58.536151886]],"icov":[[0.00023855062318,-0.000172505664523,-0.0000352595852746,-0.000367594097042,0.000326976936776,0.000048478734243,0.000122668119729,-0.000343168649124,0.000218422152102,-0.000250557815889,0.0000862852393766,-0.000155200366862,0.000218465938815],[-0.000172505664523,0.000991093809716,0.000235343541135,0.000567138718907,-0.000451942789368,-0.000292000710033,-0.0003817063116,0.000973386864644,-0.000556593178771,-0.0000380210294679,-0.000567465089262,0.00102939479984,-0.000260834902292],[-0.0000352595852746,0.000235343541135,0.00289729516953,0.000527825264726,-0.00108400557656,0.0000557875900995,-0.000115539791295,-0.000677757139783,0.00165418849792,-0.00232279626653,-0.00000526347139385,0.000464019598439,0.000878271879628],[-0.000367594097042,0.000567138718907,0.000527825264726,0.00242368783802,0.000422949320637,-0.000788895762525,-0.000984711339697,0.000071473637945,-0.000356944743544,0.000648490269668,-0.0012027809862,-0.000573196797632,0.000918443896808],[0.000326976936776,-0.000451942789368,-0.00108400557656,0.000422949320637,0.00538207776845,-0.000836518825963,-0.0016553910682,0.0000657963537378,0.000131868509925,0.00185227475595,-0.00112176302355,0.000226505828323,-0.000777028209995],[0.000048478734243,-0.000292000710033,0.0000557875900995,-0.000788895762525,-0.000836518825963,0.0081173107028,-0.0012917536078,-0.00435526063666,0.00403153849766,-0.00162590225227,0.00208191107959,-0.00117821211461,-0.00166570395231],[0.000122668119729,-0.0003817063116,-0.000115539791295,-0.000984711339697,-0.0016553910682,-0.0012917536078,0.00823127105832,0.000661660626065,-0.00401268899441,0.00143564341124,-0.000361287151463,0.000476506975247,0.000597780977841],[-0.000343168649124,0.000973386864644,-0.000677757139783,0.000071473637945,0.0000657963537378,-0.00435526063666,0.000661660626065,0.0109837204218,-0.0022084955126,-0.00136663450394,-0.00122720352374,0.00137650896795,0.00139053631574],[0.000218422152102,-0.000556593178771,0.00165418849792,-0.000356944743544,0.000131868509925,0.00403153849766,-0.00401268899441,-0.0022084955126,0.0154363466427,-0.00508000189438,-0.0021952057723,0.000595406279899,-0.000311877287459],[-0.000250557815889,-0.0000380210294679,-0.00232279626653,0.000648490269668,0.00185227475595,-0.00162590225227,0.00143564341124,-0.00136663450394,-0.00508000189438,0.0148623166606,-0.00602263398468,-0.000472368439659,0.00164712511469],[0.0000862852393766,-0.000567465089262,-0.00000526347139385,-0.0012027809862,-0.00112176302355,0.00208191107959,-0.000361287151463,-0.00122720352374,-0.0021952057723,-0.00602263398468,0.0209640488029,-0.0107695292681,0.00133911985904],[-0.000155200366862,0.00102939479984,0.000464019598439,-0.000573196797632,0.000226505828323,-0.00117821211461,0.000476506975247,0.00137650896795,0.000595406279899,-0.000472368439659,-0.0107695292681,0.0287380162627,-0.0118524376303],[0.000218465938815,-0.000260834902292,0.000878271879628,0.000918443896808,-0.000777028209995,-0.00166570395231,0.000597780977841,0.00139053631574,-0.000311877287459,0.00164712511469,0.00133911985904,-0.0118524376303,0.0247803796083]],"mean":[-665.106567383,163.7421875,-25.456363678,22.5763244629,-9.98863601685,26.7870903015,2.27810144424,5.20416164398,-4.18257808685,-1.86377739906,-0.57127481699,3.10392665863,1.62637579441]},"pitch_salience":{"dmean":0.0731522366405,"dmean2":0.120131962001,"dvar":0.00384075334296,"dvar2":0.0100945886225,"max":0.902940690517,"mean":0.59239166975,"median":0.607392251492,"min":0.111239783466,"var":0.0103751402348},"silence_rate_20dB":{"dmean":0,"dmean2":0,"dvar":0,"dvar2":0,"max":1,"mean":1,"median":1,"min":1,"var":0},"silence_rate_30dB":{"dmean":0.0372817367315,"dmean2":0.0745722725987,"dvar":0.0358935780823,"dvar2":0.0871783345938,"max":1,"mean":0.965081989765,"median":1,"min":0,"var":0.0336997248232},"silence_rate_60dB":{"dmean":0.00991033483297,"dmean2":0.0198230091482,"dvar":0.0098130479455,"dvar2":0.0227375682443,"max":1,"mean":0.0434115827084,"median":0,"min":0,"var":0.0415341295302},"spectral_centroid":{"dmean":226.57434082,"dmean2":327.260528564,"dvar":85867.5,"dvar2":147306.765625,"max":11608.7236328,"mean":1209.07006836,"median":1054.30664062,"min":197.658813477,"var":522664.65625},"spectral_complexity":{"dmean":3.91245865822,"dmean2":5.63917398453,"dvar":16.3494091034,"dvar2":29.1253414154,"max":60,"mean":22.8889942169,"median":21,"min":0,"var":123.433258057},"spectral_contrast_coeffs":{"dmean":[0.0530530139804,0.052787464112,0.0409187525511,0.0300094056875,0.0226029120386,0.0441562533379],"dmean2":[0.0879566073418,0.0877964869142,0.067683108151,0.0504044927657,0.0370495393872,0.066516213119],"dvar":[0.00173298444133,0.00168357323855,0.00101991894189,0.00055542238988,0.000427332735853,0.00167961441912],"dvar2":[0.00472346320748,0.00462967995554,0.00279244594276,0.00153045728803,0.00110599037725,0.00360638555139],"max":[-0.344767183065,-0.43036827445,-0.513485193253,-0.584567308426,-0.623662412167,-0.417504817247],"mean":[-0.676539897919,-0.757138252258,-0.791864395142,-0.798539817333,-0.822167575359,-0.709148287773],"median":[-0.67924952507,-0.764057934284,-0.798723101616,-0.800224781036,-0.821007430553,-0.699770510197],"min":[-0.975597143173,-0.969523906708,-0.974715173244,-0.976175785065,-0.965223789215,-0.962329506874],"var":[0.00576335610822,0.00462449388579,0.00307952333242,0.00142194947693,0.001306654769,0.0102900536731]},"spectral_contrast_valleys":{"dmean":[0.432434141636,0.373538911343,0.301083594561,0.273281276226,0.316828817129,0.609408378601],"dmean2":[0.705725073814,0.604901969433,0.484126150608,0.424063593149,0.448412030935,0.956783890724],"dvar":[0.153145283461,0.125230759382,0.091486133635,0.0956617444754,0.151402384043,0.287420928478],"dvar2":[0.340489000082,0.262769520283,0.178955033422,0.177239000797,0.281839668751,0.700890481472],"max":[-4.85925865173,-4.45951128006,-5.00064373016,-5.38095760345,-5.56785154343,-8.90105247498],"mean":[-7.05883836746,-6.55720663071,-6.72043371201,-7.20748281479,-7.70602846146,-11.23823452],"median":[-6.75110340118,-6.35072660446,-6.53830242157,-7.0354719162,-7.4206905365,-11.123875618],"min":[-27.9157028198,-27.6607608795,-27.5831317902,-27.4949951172,-27.3958835602,-27.4299888611],"var":[2.09478139877,1.82011079788,1.57820272446,1.42301428318,2.06598567963,1.40908408165]},"spectral_decrease":{"dmean":3.33578209499e-9,"dmean2":5.33616972831e-9,"dvar":2.39844393507e-17,"dvar2":5.94269382243e-17,"max":5.4543605188e-9,"mean":-5.8690616811e-9,"median":-4.30668478657e-9,"min":-7.09276974931e-8,"var":3.70719553449e-17},"spectral_energy":{"dmean":0.0137865981087,"dmean2":0.0210660584271,"dvar":0.0004054607125,"dvar2":0.000949377776124,"max":0.308728545904,"mean":0.0407393686473,"median":0.0338849648833,"min":1.04034295614e-20,"var":0.000903483130969},"spectral_energyband_high":{"dmean":0.000639539153781,"dmean2":0.000768293335568,"dvar":0.00000117699300972,"dvar2":0.00000184752877885,"max":0.0218179710209,"mean":0.00158273812849,"median":0.000642699305899,"min":7.46126444487e-21,"var":0.00000523732796864},"spectral_energyband_low":{"dmean":0.00898301880807,"dmean2":0.0149146895856,"dvar":0.000255092105363,"dvar2":0.00066217238782,"max":0.218951329589,"mean":0.0135688660666,"median":0.00857837218791,"min":3.99234110652e-23,"var":0.000300100189634},"spectral_energyband_middle_high":{"dmean":0.00255763204768,"dmean2":0.00391577137634,"dvar":0.0000139564663186,"dvar2":0.0000309864517476,"max":0.119628049433,"mean":0.00679229712114,"median":0.00511933444068,"min":1.27119090995e-21,"var":0.0000396719042328},"spectral_energyband_middle_low":{"dmean":0.00501164514571,"dmean2":0.00779240159318,"dvar":0.0000533574529982,"dvar2":0.000128089595819,"max":0.125420287251,"mean":0.0115829026327,"median":0.00801155902445,"min":1.86594104052e-22,"var":0.000131597218569},"spectral_entropy":{"dmean":0.170149549842,"dmean2":0.244226068258,"dvar":0.0305521786213,"dvar2":0.0612262710929,"max":9.81959915161,"mean":7.49495267868,"median":7.60397958755,"min":5.21272563934,"var":0.204431146383},"spectral_flux":{"dmean":0.0239899493754,"dmean2":0.0372501425445,"dvar":0.000846746494062,"dvar2":0.00173038942739,"max":0.412095785141,"mean":0.113757409155,"median":0.107656508684,"min":6.55196660815e-11,"var":0.00280697317794},"spectral_kurtosis":{"dmean":6.47974061966,"dmean2":9.66592597961,"dvar":85.5834503174,"dvar2":214.922058105,"max":171.811035156,"mean":22.8980579376,"median":18.4545459747,"min":-1.2510163784,"var":233.326553345},"spectral_rms":{"dmean":0.000956498784944,"dmean2":0.00142343784682,"dvar":0.0000012084105947,"dvar2":0.0000026851041639,"max":0.0173550732434,"mean":0.00588808022439,"median":0.00574965216219,"min":3.18585739387e-12,"var":0.00000507637741975},"spectral_rolloff":{"dmean":4077.93774414,"dmean2":7773.57373047,"dvar":50591912,"dvar2":126720912,"max":22050,"mean":17838.78125,"median":21081.0058594,"min":107.666015625,"var":51386332},"spectral_skewness":{"dmean":0.489480167627,"dmean2":0.695585787296,"dvar":0.336593687534,"dvar2":0.76725679636,"max":10.761341095,"mean":3.23545408249,"median":2.91553544998,"min":-0.0412870682776,"var":1.60274732113},"spectral_spread":{"dmean":526569,"dmean2":753668.375,"dvar":561164779520,"dvar2":1037012828160,"max":42275736,"mean":4054832.75,"median":3914357.25,"min":1201437.875,"var":2993187192830},"spectral_strongpeak":{"dmean":5.38073921204,"dmean2":9.84748744965,"dvar":235.354492188,"dvar2":606.324829102,"max":214.669921875,"mean":5.07263422012,"median":0.342454880476,"min":0,"var":260.580963135},"zerocrossingrate":{"dmean":0.0400892980397,"dmean2":0.0508018173277,"dvar":0.00114192685578,"dvar2":0.00186716835015,"max":0.9208984375,"mean":0.32891112566,"median":0.3193359375,"min":0.03759765625,"var":0.00845992658287}},"metadata":{"audio_properties":{"analysis_sample_rate":44100,"bit_rate":320000,"codec":"mp3","downmix":"mix","equal_loudness":0,"length":196.806533813,"lossless":false,"md5_encoded":"ac2e8112a58db846d205ba07632c6d72","replay_gain":-3.3761177063},"tags":{"album":["Fire of Unknown Origin"],"albumartist":["Blue Öyster Cult"],"albumartistsort":["Blue Öyster Cult"],"artist":["Blue Öyster Cult"],"artistsort":["Blue Öyster Cult"],"asin":["B0000025NG"],"barcode":["074643738927"],"catalognumber":["CK 37389"],"composer":["Albert Bouchard/Eric Bloom/Sandy Pearlman"],"date":["1985-08-02"],"discnumber":["1/1"],"file_name":"05 Heavy Metal: The Black and Silver.mp3","genre":["Rock"],"label":["Columbia Records"],"language":["eng"],"length":["196826"],"mp3gain_album_minmax":["000,210"],"mp3gain_minmax":["127,182"],"musicbrainz album release country":["US"],"musicbrainz album status":["official"],"musicbrainz album type":["album"],"musicbrainz_albumartistid":["c7423e0c-ab3e-4ab4-be10-cdff5a9d3062"],"musicbrainz_albumid":["637482de-8915-4579-877f-9bf4c5fce94c"],"musicbrainz_artistid":["c7423e0c-ab3e-4ab4-be10-cdff5a9d3062"],"musicbrainz_recordingid":["00adee97-70f1-4ad4-9fbb-ef4538830dfd"],"originaldate":["1981"],"replaygain_album_gain":["-3.04 dB"],"replaygain_album_peak":["1.063128"],"replaygain_track_gain":["-2.87 dB"],"replaygain_track_peak":["0.843998"],"script":["Latn"],"title":["Heavy Metal: The Black and Silver"],"tracknumber":["5/9"]},"version":{"essentia":"2.1-beta1","essentia_build_sha":"bda5e90839f2e183d44a111976edb2fa785c9dca","essentia_git_sha":"v2.1_beta1-13-g0c62dac-dirty","extractor":"music 1.0"}},"rhythm":{"beats_count":337,"beats_loudness":{"dmean":0.0306677445769,"dmean2":0.0538624934852,"dvar":0.000708026695065,"dvar2":0.00199664616957,"max":0.180677324533,"mean":0.0636108145118,"median":0.0603062584996,"min":3.94706383133e-8,"var":0.00127137464006},"beats_loudness_band_ratio":{"dmean":[0.161397010088,0.0877537801862,0.0616111680865,0.0751603245735,