{"lowlevel":{"average_loudness":0.814133524895,"barkbands":{"dmean":[0.0124049652368,0.0125416554511,0.00254525314085,0.00129308563191,0.00233489531092,0.00169936008751,0.00100294919685,0.000381429417757,0.00063728535315,0.000417445320636,0.000214939282159,0.000268555653747,0.000150103063788,0.000101911347883,0.000105936494947,0.000056024575315,0.0000373247239622,0.0000437676280853,0.0000375637609977,0.0000443931821792,0.0000366110325558,0.000029385131711,0.0000111824328997,0.00000525908944837,0.00000341198688147,0.00000745817760617,0.0000787222597864],"dmean2":[0.0196785200387,0.0209375321865,0.0043856119737,0.00225147651508,0.0036532136146,0.00262366281822,0.0015728889266,0.000624149106443,0.00103557074908,0.000666682084557,0.000356623728294,0.000449723796919,0.000250879704254,0.000169983904925,0.000173780703335,0.0000927721994231,0.0000603826338192,0.0000694666086929,0.0000588888469792,0.0000687393403496,0.0000559653926757,0.0000445127989224,0.0000166035351867,0.00000843258658279,0.00000565648815609,0.0000111894923975,0.000124185055029],"dvar":[0.000233436803683,0.000216420085053,0.0000158851271408,0.00000513853819939,0.0000185186654562,0.0000137760371217,0.00000462533034806,7.26384769223e-7,0.00000190903256225,9.18525358884e-7,2.48771016231e-7,2.83640019916e-7,7.21952702065e-8,3.86630745197e-8,4.64924667654e-8,1.05146140683e-8,4.56155113682e-9,7.62994378789e-9,6.47204201343e-9,1.02747552688e-8,8.13879363903e-9,4.19094714488e-9,4.05780381518e-10,7.22144774534e-11,3.04117633854e-11,1.5712550705e-10,1.80490662416e-8],"dvar2":[0.000545920513105,0.000587649585214,0.0000451107189292,0.0000158592483785,0.0000408490304835,0.0000308194539684,0.0000103132333606,0.00000180117069704,0.00000464305594505,0.00000227979080591,6.28572706773e-7,7.74031093442e-7,1.89650862126e-7,1.02574233551e-7,1.17691271839e-7,2.7875557862e-8,1.0579192633e-8,1.78782979532e-8,1.53094728006e-8,2.37918165169e-8,1.78786123683e-8,9.15088982367e-9,7.77976572053e-10,1.67563768416e-10,7.63717630803e-11,3.22247284412e-10,4.66346641304e-8],"max":[0.201631963253,0.202973604202,0.0839542597532,0.0495717003942,0.108471982181,0.131597876549,0.0775408223271,0.0266318768263,0.0420668311417,0.0241748988628,0.0130996508524,0.0129199307412,0.00481746951118,0.00352489715442,0.0087075419724,0.00190947786905,0.00232778745703,0.00288430950604,0.00251372018829,0.00267840921879,0.00279661547393,0.00177002872806,0.000981002347544,0.000138042800245,0.0000855915350257,0.000232181424508,0.00268679880537],"mean":[0.0182619225234,0.0197047013789,0.00328918616287,0.00169666961301,0.00462462939322,0.00376136368141,0.00199283170514,0.000593999575358,0.00116799294483,0.000729350780603,0.00035703802132,0.000493686064146,0.00029809953412,0.000203394374694,0.000223768380238,0.000108317282866,0.0000754565553507,0.0000929842863115,0.0000810538986116,0.0000981834673439,0.0000797171524027,0.0000600020321144,0.0000205167816603,0.00000756267218094,0.00000345743546859,0.0000133416633616,0.00028968040715],"median":[0.0105536030605,0.013955838047,0.00183198973536,0.000743830925785,0.00185199617408,0.00110094842967,0.000669855158776,0.000214691695874,0.000425642472692,0.000186574834515,0.0000991773558781,0.00015481513401,0.000115755552542,0.0000658187564113,0.0000771961422288,0.0000454312576039,0.0000369621920981,0.0000427032318839,0.0000389198758057,0.0000377902179025,0.0000300391875498,0.0000236588239204,0.0000107562855192,0.00000413910947827,0.00000139632481932,0.00000777140394348,0.000129804437165],"min":[5.62517581636e-25,4.7712693852e-24,1.82570851904e-24,2.89679585158e-24,7.05245041369e-24,5.1830543833e-24,1.10499927957e-23,5.4908702751e-24,1.77335284628e-23,2.59623858452e-23,1.5639672317e-23,2.72747616684e-23,3.43721211445e-23,4.15545324481e-23,4.85428366373e-23,6.48596387563e-23,6.62892945303e-23,5.98300383294e-23,1.30852498291e-22,1.67146032165e-22,2.38952329566e-22,3.69493486546e-22,3.78909708964e-22,5.64763823621e-22,9.12363151007e-22,1.29153700847e-21,1.97010228493e-21],"var":[0.000453671353171,0.000347434193827,0.0000204233856493,0.00000750728077037,0.0000555438600713,0.000064732201281,0.0000191586386791,0.00000151251583702,0.00000492637445859,0.0000024266064429,5.02852401496e-7,6.8046404067e-7,1.83611035709e-7,1.02805273627e-7,1.51170709728e-7,2.53485232804e-8,1.31026292038e-8,2.61063899387e-8,1.91090574475e-8,3.17016315421e-8,2.63984230031e-8,1.31935982139e-8,1.29893595879e-9,1.20450399654e-10,3.32874075526e-11,3.7688985266e-10,1.25208373447e-7]},"barkbands_crest":{"dmean":2.98114824295,"dmean2":4.98612833023,"dvar":6.06746912003,"dvar2":16.2864627838,"max":26.5860557556,"mean":12.5516004562,"median":12.4913873672,"min":3.28721618652,"var":17.4169254303},"barkbands_flatness_db":{"dmean":0.036885522306,"dmean2":0.0580501966178,"dvar":0.00119343458209,"dvar2":0.00300951488316,"max":0.53366291523,"mean":0.200764998794,"median":0.184661090374,"min":0.0420577451587,"var":0.00594730535522},"barkbands_kurtosis":{"dmean":20.7848892212,"dmean2":32.9333648682,"dvar":2801.47412109,"dvar2":6103.14599609,"max":1609.46704102,"mean":40.3528289795,"median":16.4553642273,"min":-1.75854849815,"var":5336.59472656},"barkbands_skewness":{"dmean":1.0794005394,"dmean2":1.69297003746,"dvar":1.77169930935,"dvar2":3.79506754875,"max":34.7288780212,"mean":4.25703573227,"median":3.39622783661,"min":-2.18394565582,"var":7.83899927139},"barkbands_spread":{"dmean":3.65554523468,"dmean2":5.76061630249,"dvar":23.0984535217,"dvar2":57.4023246765,"max":123.109100342,"mean":11.3078546524,"median":9.28854465485,"min":0.0988816991448,"var":90.5632400513},"dissonance":{"dmean":0.0199334789068,"dmean2":0.0336343981326,"dvar":0.000336666504154,"dvar2":0.000936615630053,"max":0.500000178814,"mean":0.463755428791,"median":0.469507336617,"min":0.285440176725,"var":0.000690877903253},"dynamic_complexity":4.78491020203,"erbbands":{"dmean":[0.682000458241,1.91091573238,3.10548448563,3.23702406883,4.28532409668,9.94358539581,15.017039299,14.2014627457,15.3794116974,9.9309797287,9.42024898529,14.7302904129,11.9956169128,10.8928890228,8.51557350159,9.01953315735,6.28134822845,5.12792158127,5.14055871964,4.50253915787,2.38593530655,1.96776723862,2.36270689964,1.9799875021,1.9285556078,2.0745139122,1.72961127758,1.31960856915,1.13554036617,0.611235380173,0.290746301413,0.144000396132,0.0748705342412,0.0386671945453,0.0242238864303,0.0161910001189,0.0155490627512,0.0139189939946,0.00510991225019,0.00216802279465],"dmean2":[1.11767506599,3.23577332497,5.32697868347,5.59585189819,7.20119094849,15.4890460968,23.6014633179,21.5849399567,23.8688583374,16.186498642,15.2770214081,23.788192749,19.3994140625,17.5024814606,14.1862068176,15.0570640564,10.4188117981,8.50109672546,8.48980903625,7.39992761612,3.91316103935,3.16581106186,3.74460530281,3.0999147892,2.9658908844,3.2064166069,2.65538311005,1.99601626396,1.72710871696,0.912193953991,0.431958377361,0.22455175221,0.121835626662,0.0641762390733,0.0400870889425,0.0262567009777,0.0231603849679,0.0199258625507,0.00739538948983,0.00344053586014],"dvar":[0.693820714951,6.45006608963,22.8541507721,25.4266014099,51.7986526489,405.813110352,1068.59851074,1149.28601074,1193.84960938,618.14654541,488.333740234,1160.9609375,657.541015625,635.315673828,321.569274902,315.410614014,125.420921326,92.5208816528,107.627037048,85.7823791504,16.8892612457,12.1242895126,21.6257572174,17.6019001007,17.8383235931,24.2824516296,16.8005428314,11.5305786133,6.35169553757,1.89271140099,0.247210383415,0.057508662343,0.0140127744526,0.00388472946361,0.00151360058226,0.000590450887103,0.000755379209295,0.000748179329094,0.0000814801314846,0.0000116926303235],"dvar2":[1.83538508415,17.9961071014,64.0300216675,75.4845123291,139.256393433,875.93145752,2541.73803711,2444.84716797,2529.52807617,1686.24658203,1202.9921875,2812.64624023,1669.51342773,1526.4588623,833.333496094,850.995239258,327.909545898,244.014709473,269.873626709,221.376754761,44.0642738342,28.0864906311,51.1588668823,39.6107597351,40.8122215271,56.4154281616,38.0454025269,25.2340564728,14.1193628311,3.7538433075,0.495819270611,0.129856973886,0.0335499420762,0.00976650603116,0.00379685824737,0.00141684373375,0.00154765869956,0.00137564749457,0.000160055453307,0.0000302677890431],"max":[11.0344247818,44.2249565125,94.7142181396,93.3484725952,237.895767212,552.722412109,712.74017334,1667.87304688,1496.35253906,829.770812988,705.045349121,1255.15393066,666.529968262,768.973327637,550.678222656,544.499938965,207.367477417,180.554519653,390.794219971,310.748321533,94.1546096802,136.38381958,163.145523071,154.102630615,142.528320312,137.288742065,100.722770691,106.527587891,73.8467254639,63.156337738,17.5475444794,4.53199625015,1.67938113213,0.97154957056,0.604059100151,0.345052599907,0.481162548065,0.741807043552,0.275552630424,0.0803897157311],"mean":[1.08057141304,2.5990884304,4.22101688385,4.74150896072,6.89259290695,18.5489063263,29.9297981262,31.8988361359,31.4330635071,17.6957969666,16.3702983856,26.430065155,22.1121463776,20.8055553436,16.5471076965,18.1327629089,13.4988718033,11.326130867,11.337313652,9.99025535583,5.20568656921,4.34928369522,5.09014368057,4.42572021484,4.22011470795,4.61256361008,3.79642510414,2.83826613426,2.29950785637,1.20364117622,0.523428797722,0.223410055041,0.100647307932,0.0408362261951,0.0251245945692,0.0210500117391,0.0276144687086,0.0331576764584,0.017625702545,0.0116479387507],"median":[0.635025203228,1.68110907078,2.47525310516,2.72725224495,3.47019457817,6.00619506836,9.5572271347,8.97618961334,10.6411209106,6.38772916794,6.06674623489,9.8097038269,7.67108297348,5.57684850693,5.30500841141,5.72148799896,4.85209941864,4.31200742722,3.94227957726,3.81261563301,2.45919799805,2.2064538002,2.38695049286,2.15652275085,1.90256953239,1.76230990887,1.46551501751,1.05897080898,0.876893043518,0.555112183094,0.28228572011,0.125699356198,0.054292935878,0.0177539419383,0.0105105983093,0.0111608589068,0.0160862728953,0.0187775194645,0.0107619352639,0.00514189200476],"min":[6.71965918564e-23,6.93051186062e-22,3.1516185164e-21,8.77510109962e-21,1.78794410857e-20,2.64780966443e-20,4.90137341668e-20,9.32849123021e-20,9.38626850353e-20,2.07170654362e-19,2.15767193502e-19,4.65682315545e-19,5.11433106538e-19,8.04284925282e-19,1.39211084973e-18,1.12305898176e-18,1.86832762056e-18,2.22639115348e-18,2.94498094278e-18,2.14434951917e-18,3.92559239202e-18,4.23205164204e-18,3.93106998204e-18,5.31292565333e-18,6.87443213236e-18,8.44737024746e-18,9.79840599631e-18,1.07275548173e-17,1.18409581198e-17,1.19456279001e-17,1.10578405913e-17,1.14121344554e-17,9.96856532011e-18,9.11623510822e-18,6.0256244691e-18,4.3716855197e-18,2.39807021487e-18,1.07541286149e-18,2.49917706982e-19,2.86998876137e-20],"var":[1.3284150362,8.95003032684,30.1593856812,38.7146873474,97.7481384277,1225.25146484,3414.625,6092.1640625,5523.24023438,1374.64562988,1234.17578125,2775.13476562,1471.25683594,2034.69238281,822.049316406,838.486816406,365.785736084,280.960388184,347.16116333,259.051025391,49.0775337219,40.324924469,75.9817810059,57.5398292542,52.3812828064,73.4989471436,52.6774520874,36.7340202332,19.2346897125,5.93106555939,0.727149009705,0.107110969722,0.0211148690432,0.004282776732,0.0016806202475,0.000854397832882,0.00167942023836,0.00293879560195,0.000528115138877,0.000182597737876]},"erbbands_crest":{"dmean":2.30559587479,"dmean2":3.73184084892,"dvar":4.83355093002,"dvar2":11.7770385742,"max":25.5843906403,"mean":7.85585308075,"median":6.92451238632,"min":2.12981510162,"var":13.377409935},"erbbands_flatness_db":{"dmean":0.0190891008824,"dmean2":0.0296296980232,"dvar":0.000314566830639,"dvar2":0.00078679464059,"max":0.265540003777,"mean":0.120240427554,"median":0.118270009756,"min":0.0222127214074,"var":0.00106439588126},"erbbands_kurtosis":{"dmean":0.945479333401,"dmean2":1.52224969864,"dvar":2.55901241302,"dvar2":6.82003307343,"max":38.3182907104,"mean":0.880627691746,"median":0.313810586929,"min":-1.75198853016,"var":4.78414154053},"erbbands_skewness":{"dmean":0.313031613827,"dmean2":0.487633228302,"dvar":0.096079044044,"dvar2":0.230908706784,"max":5.59627246857,"mean":0.741451144218,"median":0.689638614655,"min":-2.42683124542,"var":0.468928664923},"erbbands_spread":{"dmean":7.57335424423,"dmean2":11.7614126205,"dvar":54.8634567261,"dvar2":124.959709167,"max":159.317230225,"mean":37.9841194153,"median":35.376991272,"min":4.81774234772,"var":232.234176636},"gfcc":{"cov":[[18161.1054688,595.941833496,-1916.45874023,-485.562194824,-482.781890869,-823.792663574,173.280532837,-599.526794434,-39.2602996826,-195.430953979,-144.992141724,40.5076065063,-53.262298584],[595.941833496,488.022796631,20.0150699615,-112.290649414,4.2247543335,-50.9128074646,12.2698345184,-56.5382041931,18.8883037567,-0.153158888221,29.1867198944,-27.7922935486,26.6431941986],[-1916.45874023,20.0150699615,417.015533447,127.2085495,22.0156841278,178.201675415,-72.8944396973,130.384567261,-6.71127128601,52.4303779602,21.8860626221,-0.295046567917,0.137027397752],[-485.562194824,-112.290649414,127.2085495,270.197631836,31.1669273376,23.5492248535,27.385181427,37.7910423279,7.107837677,14.8470458984,-15.8985290527,31.526758194,-37.1352348328],[-482.781890869,4.2247543335,22.0156841278,31.1669273376,156.974060059,66.4040222168,26.2450256348,10.82721138,20.2875556946,-8.6553812027,19.7020931244,-10.5131750107,5.73378419876],[-823.792663574,-50.9128074646,178.201675415,23.5492248535,66.4040222168,239.321426392,-47.1572380066,106.639915466,-18.4897079468,26.6057910919,12.9012184143,-4.25693082809,13.0290975571],[173.280532837,12.2698345184,-72.8944396973,27.385181427,26.2450256348,-47.1572380066,142.308456421,-44.081161499,37.0356445312,-18.1083106995,-5.25918006897,22.9426746368,-8.24597167969],[-599.526794434,-56.5382041931,130.384567261,37.7910423279,10.82721138,106.639915466,-44.081161499,162.733795166,2.14696288109,36.9231262207,19.988817215,-5.61645460129,21.5597267151],[-39.2602996826,18.8883037567,-6.71127128601,7.107837677,20.2875556946,-18.4897079468,37.0356445312,2.14696288109,82.6822357178,25.8083744049,17.5911159515,16.6103057861,-13.9136142731],[-195.430953979,-0.153158888221,52.4303779602,14.8470458984,-8.6553812027,26.6057910919,-18.1083106995,36.9231262207,25.8083744049,73.7774658203,35.1021156311,4.88257598877,16.9573383331],[-144.992141724,29.1867198944,21.8860626221,-15.8985290527,19.7020931244,12.9012184143,-5.25918006897,19.988817215,17.5911159515,35.1021156311,58.5067825317,19.1937255859,14.9558076859],[40.5076065063,-27.7922935486,-0.295046567917,31.526758194,-10.5131750107,-4.25693082809,22.9426746368,-5.61645460129,16.6103057861,4.88257598877,19.1937255859,58.7450294495,10.5868263245],[-53.262298584,26.6431941986,0.137027397752,-37.1352348328,5.73378419876,13.0290975571,-8.24597167969,21.5597267151,-13.9136142731,16.9573383331,14.9558076859,10.5868263245,73.9742279053]],"icov":[[0.000174023633008,-0.000451804167824,0.00115513848141,-0.000378247146728,0.000511701975483,-0.000367334490875,0.000271678116405,-0.000109981810965,0.0000817707477836,-0.000115300528705,0.000172381551238,-0.000288207054837,0.000231584825087],[-0.000451804167824,0.00430122390389,-0.00437496369705,0.00152417249046,-0.000344493397279,0.00128561467864,-0.00129079690669,0.00226325192489,-0.00219523278065,0.00268772570416,-0.00393103389069,0.00447716144845,-0.00297947064973],[0.00115513848141,-0.00437496369705,0.013514297083,-0.00617085117847,0.0054460731335,-0.00646062660962,0.00361349829473,-0.00180720782373,-0.000728572136723,0.0000281884549622,-0.00116400734987,-0.000168784681591,0.001045907964],[-0.000378247146728,0.00152417249046,-0.00617085117847,0.0117261316627,-0.00915473885834,0.00663632387295,-0.00283371913247,-0.00388537719846,0.00787808839232,-0.0112029779702,0.0128172617406,-0.0128214024007,0.00872737448663],[0.000511701975483,-0.000344493397279,0.0054460731335,-0.00915473885834,0.0195181462914,-0.0103315087035,-0.000180875475053,0.00557735888287,-0.0122198844329,0.0170614905655,-0.0190911330283,0.0179157145321,-0.010365835391],[-0.000367334490875,0.00128561467864,-0.00646062660962,0.00663632387295,-0.0103315087035,0.0132897784933,-0.000772425206378,-0.00582589767873,0.00811062846333,-0.00923991668969,0.00996134243906,-0.0096814725548,0.00570303527638],[0.000271678116405,-0.00129079690669,0.00361349829473,-0.00283371913247,-0.000180875475053,-0.000772425206378,0.0114775337279,0.001294181915,-0.00513611547649,0.00293041276745,0.000955057214014,-0.00259771756828,-0.00117552431766],[-0.000109981810965,0.00226325192489,-0.00180720782373,-0.00388537719846,0.00557735888287,-0.00582589767873,0.001294181915,0.0140662128106,-0.00757391611114,0.00654526753351,-0.0101437224075,0.0111118312925,-0.00866737402976],[0.0000817707477836,-0.00219523278065,-0.000728572136723,0.00787808839232,-0.0122198844329,0.00811062846333,-0.00513611547649,-0.00757391611114,0.0299776829779,-0.0229321774095,0.0152804451063,-0.0202087070793,0.0166572928429],[-0.000115300528705,0.00268772570416,0.0000281884549622,-0.0112029779702,0.0170614905655,-0.00923991668969,0.00293041276745,0.00654526753351,-0.0229321774095,0.0454190038145,-0.0344934202731,0.0267269015312,-0.0195270720869],[0.000172381551238,-0.00393103389069,-0.00116400734987,0.0128172617406,-0.0190911330283,0.00996134243906,0.000955057214014,-0.0101437224075,0.0152804451063,-0.0344934202731,0.0548273772001,-0.0350575000048,0.0154780857265],[-0.000288207054837,0.00447716144845,-0.000168784681591,-0.0128214024007,0.0179157145321,-0.0096814725548,-0.00259771756828,0.0111118312925,-0.0202087070793,0.0267269015312,-0.0350575000048,0.049606077373,-0.0214069522917],[0.000231584825087,-0.00297947064973,0.001045907964,0.00872737448663,-0.010365835391,0.00570303527638,-0.00117552431766,-0.00866737402976,0.0166572928429,-0.0195270720869,0.0154780857265,-0.0214069522917,0.0288749858737]],"mean":[-27.5105419159,103.962882996,-64.7653274536,11.4018106461,-21.7876911163,-9.2075881958,1.226323843,-14.1354351044,-0.386915594339,-0.624443590641,-2.02699351311,2.99227595329,-4.05150127411]},"hfc":{"dmean":43.4972839355,"dmean2":71.493019104,"dvar":4516.30078125,"dvar2":12273.7373047,"max":1304.61816406,"mean":153.969833374,"median":84.1223602295,"min":1.09781141114e-16,"var":28867.2089844},"melbands":{"dmean":[0.00498955743387,0.0017890741583,0.000570793636143,0.000457403744804,0.000506007752847,0.000314340926707,0.000216488173464,0.0000990696426015,0.0000845291142468,0.0000958226955845,0.0000628397319815,0.0000485919299535,0.0000277527506114,0.0000323796084558,0.0000227615728363,0.0000144717005242,0.00000969914162852,0.00000901552266441,0.00000855386406329,0.00000483422854813,0.00000271559952125,0.00000216840021494,0.00000243248132392,0.00000216453236135,0.00000172554155142,0.00000149909067204,0.0000015406753846,0.00000147465050304,0.00000125511883198,9.62187414189e-7,7.83617792877e-7,6.95825349339e-7,5.86018927606e-7,2.81315749362e-7,1.81685734901e-7,1.25780843518e-7,7.72967680973e-8,5.71779175118e-8,3.76767914645e-8,3.13052943568e-8],"dmean2":[0.0080392556265,0.00303898146376,0.0009810969932,0.000727135629859,0.000786445627455,0.00047952317982,0.000337940262398,0.000161613963428,0.000137249953696,0.000155063316924,0.000101567682577,0.0000779975525802,0.000046228949941,0.0000543501409993,0.0000381708159694,0.000024185212169,0.0000161785446835,0.0000149764755406,0.0000141501850521,0.00000798065593699,0.00000447446700491,0.00000354838402927,0.00000392992160414,0.00000346813567376,0.00000274457761407,0.0000023762827368,0.00000238196639657,0.00000230831687986,0.0000019409237666,0.00000149999004861,0.00000120659774439,0.00000107434823349,9.03806437691e-7,4.21842258902e-7,2.73959500419e-7,1.9353120706e-7,1.23126042695e-7,9.30589862946e-8,6.25461993309e-8,5.19634397733e-8],"dvar":[0.0000342154562532,0.00000664520121063,7.93707897628e-7,7.04081003278e-7,0.00000108831977741,5.09539802351e-7,2.2000895683e-7,5.66258826495e-8,4.10894749336e-8,4.91712484063e-8,1.8194217688e-8,1.28396893118e-8,3.96535337899e-9,4.64777327736e-9,2.15671080994e-9,6.9772565503e-10,3.46273815177e-10,3.31870197989e-10,3.11221159954e-10,9.33809973791e-11,2.28146841696e-11,1.48547545792e-11,2.39133764873e-11,2.08220142517e-11,1.37765450089e-11,1.12553143888e-11,1.37334432021e-11,1.25800524511e-11,8.49762361171e-12,6.48134887773e-12,4.39775906663e-12,2.47564295452e-12,1.8668866366e-12,4.13131172067e-13,1.05656497819e-13,4.44140844979e-14,1.74070962722e-14,8.80330744147e-15,3.48207155452e-15,2.58290499991e-15],"dvar2":[0.0000877721831785,0.0000184832442756,0.000002357430958,0.00000159128524047,0.00000252416566582,0.00000109818654437,4.75212090123e-7,1.51601057041e-7,1.00081614107e-7,1.19818096778e-7,4.59654714291e-8,3.11246317608e-8,1.02729504903e-8,1.29005828242e-8,5.85459636326e-9,1.8749954922e-9,9.16332398848e-10,8.54162462982e-10,8.17398981834e-10,2.45763326356e-10,5.93052829068e-11,3.61622190526e-11,5.77969651305e-11,5.0064456053e-11,3.23372613409e-11,2.73259748163e-11,3.33767666283e-11,2.99015014138e-11,1.96226940946e-11,1.56496499787e-11,1.01146877332e-11,5.6938420992e-12,4.30102177831e-12,7.97790273514e-13,2.17642622132e-13,1.02574612487e-13,4.03128864925e-14,2.09770487656e-14,8.7353881046e-15,6.49150041853e-15],"max":[0.0780207440257,0.0512652732432,0.0216626692563,0.0190201271325,0.0190742723644,0.0323981009424,0.0190687533468,0.00735989073291,0.00678841629997,0.00828141346574,0.0033685634844,0.003573150374,0.00202304730192,0.00182643788867,0.0014601862058,0.000441090669483,0.000393830501707,0.00061873026425,0.00065852998523,0.000305501744151,0.0000878838036442,0.000117605566629,0.000185725250049,0.000130641667056,0.000131322507514,0.0000931229369598,0.000144129095133,0.0000971627014223,0.0000650940855849,0.0000720473035472,0.0000669420769555,0.0000484078627778,0.0000401723700634,0.0000333047537424,0.0000116746396088,0.00000432508795711,0.0000024651046715,0.00000148553488089,9.02100623534e-7,7.89425655512e-7],"mean":[0.00862627197057,0.00261843833141,0.000894596159924,0.000845301838126,0.00104737398215,0.00072726351209,0.000442417251179,0.000167365244124,0.00014170484792,0.000168929065694,0.000111608460429,0.0000897453573998,0.0000507613076479,0.0000566058261029,0.0000400514545618,0.0000276257378573,0.0000195717857423,0.0000176917674253,0.0000172529744304,0.00000949138211581,0.00000527271868123,0.00000428567182098,0.00000474188072985,0.00000439904852101,0.00000348489379576,0.00000298137274513,0.00000311889016302,0.00000304558489006,0.00000255859208664,0.00000188729075035,0.00000154942222252,0.00000135414632041,0.0000010306717968,5.25400139395e-7,3.16872302619e-7,1.9487927716e-7,1.12112907402e-7,7.70250139226e-8,4.23447588105e-8,3.14466674922e-8],"median":[0.00575047777966,0.00166855216958,0.0005229387898,0.000341829436366,0.000356663425919,0.000212384518818,0.000152780470671,0.0000596110403421,0.0000487794641231,0.000060374608438,0.0000363824547094,0.0000225253170356,0.0000153722703544,0.0000181791001523,0.0000109873026304,0.0000108299846033,0.00000709731057214,0.00000579265315537,0.00000612762278251,0.00000361024899576,0.00000240841768573,0.00000210952998714,0.00000217107117351,0.00000193768619283,0.00000161090588335,0.00000135023492476,0.00000117125580346,0.0000011073884707,9.4640330417e-7,6.55168889807e-7,5.34975754363e-7,4.82947939417e-7,4.03893267276e-7,2.48088241506e-7,1.66969627458e-7,1.06514150389e-7,6.03980083724e-8,4.07067020092e-8,2.01275280887e-8,1.24658701139e-8],"min":[1.39534407169e-24,1.63330297767e-24,1.59017437426e-24,1.43462185059e-24,2.48250030366e-24,1.69453712215e-24,1.5960137199e-24,1.53582964789e-24,1.62144975093e-24,2.63808517063e-24,2.15156151822e-24,3.26971623668e-24,3.38659958764e-24,3.27673867646e-24,2.70433075122e-24,3.09531743155e-24,4.13650378034e-24,4.48631113256e-24,3.30010828634e-24,3.35284107406e-24,4.174112724e-24,3.75980810417e-24,4.40019907615e-24,2.97142485423e-24,3.62929698386e-24,4.87961666952e-24,3.72788014233e-24,5.01820927538e-24,4.73495496229e-24,3.66712878072e-24,5.5604201968e-24,6.35740005846e-24,4.91285887364e-24,5.11921581454e-24,5.30009333707e-24,6.86439938453e-24,5.8674239563e-24,6.5790605065e-24,6.7191756139e-24,6.65739676097e-24],"var":[0.000069386944233,0.00000965563594946,0.0000012882799183,0.00000207267385122,0.00000348902676706,0.00000266474467026,9.73247210823e-7,1.23265664342e-7,1.06627048524e-7,1.16541194473e-7,4.00219093422e-8,4.05385094382e-8,8.75435191006e-9,1.00041575024e-8,4.64782257126e-9,1.67846991861e-9,9.24112897316e-10,8.93383533818e-10,8.9052476504e-10,2.29092259052e-10,5.63957353039e-11,4.07789566004e-11,6.83669371115e-11,6.23698315216e-11,3.88565395137e-11,2.87054928438e-11,3.42104573836e-11,3.46160079767e-11,2.47545768606e-11,1.66439483723e-11,1.23102101429e-11,7.11493494329e-12,4.32281641038e-12,1.25951126698e-12,2.91800085614e-13,8.37815941298e-14,2.88272213717e-14,1.33454208242e-14,4.05886329863e-15,2.80261920544e-15]},"melbands_crest":{"dmean":4.53567028046,"dmean2":7.33701181412,"dvar":16.0522384644,"dvar2":39.509601593,"max":39.1404457092,"mean":22.2777614594,"median":21.4042873383,"min":1.68473124504,"var":76.0952148438},"melbands_flatness_db":{"dmean":0.0412899665534,"dmean2":0.0654525384307,"dvar":0.00141065067146,"dvar2":0.0035948860459,"max":0.675986945629,"mean":0.314066678286,"median":0.29888471961,"min":0.00361317722127,"var":0.00738309929147},"melbands_kurtosis":{"dmean":28.271856308,"dmean2":46.2075996399,"dvar":3474.99682617,"dvar2":9047.37402344,"max":1456.25219727,"mean":54.7008743286,"median":21.8224220276,"min":-1.44680428505,"var":8112.13183594},"melbands_skewness":{"dmean":1.30443787575,"dmean2":2.0894241333,"dvar":2.21635723114,"dvar2":5.67983818054,"max":27.6318912506,"mean":4.76151609421,"median":3.73022413254,"min":-0.326726794243,"var":10.817987442},"melbands_spread":{"dmean":2.6782412529,"dmean2":4.32344579697,"dvar":13.5185956955,"dvar2":34.7871627808,"max":162.101577759,"mean":8.37483501434,"median":6.46876907349,"min":0.108658157289,"var":127.184738159},"mfcc":{"cov":[[10365.5478516,896.796691895,-1299.26940918,93.9559707642,-850.956787109,-83.6525878906,-373.159912109,-140.317581177,-207.876831055,-95.4217605591,-278.15032959,-130.516433716,-157.735412598],[896.796691895,797.215393066,-34.2238349915,-55.0910148621,-54.5703544617,1.57421326637,-19.3506374359,-57.2916603088,-26.5210208893,-2.9772772789,-0.503548800945,-17.6814613342,-2.74665236473],[-1299.26940918,-34.2238349915,435.691436768,1.44251430035,150.671600342,2.08998847008,54.8399581909,18.6946296692,32.9101829529,13.2974348068,69.250328064,21.2412090302,27.7547588348],[93.9559707642,-55.0910148621,1.44251430035,279.750793457,-56.9165878296,36.3234558105,-29.3923969269,28.5925941467,-10.068810463,0.921878814697,14.1794376373,-4.12441110611,2.47674107552],[-850.956787109,-54.5703544617,150.671600342,-56.9165878296,247.055755615,11.5332536697,76.3091659546,21.4973983765,34.0127182007,21.5790424347,35.8437309265,28.0426921844,23.7934818268],[-83.6525878906,1.57421326637,2.08998847008,36.3234558105,11.5332536697,125.0753479,16.9164733887,33.515838623,-3.21849656105,8.43375396729,-5.68517255783,6.63746261597,5.72809696198],[-373.159912109,-19.3506374359,54.8399581909,-29.3923969269,76.3091659546,16.9164733887,103.698028564,21.6930446625,34.8365287781,-0.895796477795,6.40002822876,5.14946174622,15.3329572678],[-140.317581177,-57.2916603088,18.6946296692,28.5925941467,21.4973983765,33.515838623,21.6930446625,96.9607620239,15.0131444931,12.7730436325,5.33181381226,6.16042089462,1.3922855854],[-207.876831055,-26.5210208893,32.9101829529,-10.068810463,34.0127182007,-3.21849656105,34.8365287781,15.0131444931,71.5499572754,12.3507566452,10.3534612656,6.40678882599,8.97718334198],[-95.4217605591,-2.9772772789,13.2974348068,0.921878814697,21.5790424347,8.43375396729,-0.895796477795,12.7730436325,12.3507566452,58.95154953,20.2826881409,17.9197444916,3.43865466118],[-278.15032959,-0.503548800945,69.250328064,14.1794376373,35.8437309265,-5.68517255783,6.40002822876,5.33181381226,10.3534612656,20.2826881409,68.805015564,22.0091266632,11.7292871475],[-130.516433716,-17.6814613342,21.2412090302,-4.12441110611,28.0426921844,6.63746261597,5.14946174622,6.16042089462,6.40678882599,17.9197444916,22.0091266632,59.8711013794,19.2481040955],[-157.735412598,-2.74665236473,27.7547588348,2.47674107552,23.7934818268,5.72809696198,15.3329572678,1.3922855854,8.97718334198,3.43865466118,11.7292871475,19.2481040955,49.2209091187]],"icov":[[0.000208878351259,-0.000199414978852,0.000436836184235,-0.0000563037829124,0.000280197622487,0.000119196083688,0.000200570939342,-0.0000564048241358,0.0000540460277989,0.0000466813798994,0.000239794579102,-0.0000793680592324,0.000165333447512],[-0.000199414978852,0.00156633264851,-0.00041509734001,0.000402032426791,0.0000981548582786,-0.000463496515295,-0.000291522068437,0.000800016452558,0.000295538920909,-0.00028832256794,-0.00066294579301,0.000565070600715,-0.000359891884727],[0.000436836184235,-0.00041509734001,0.00425069779158,-0.000359995872714,-0.00105313083623,0.000290993659291,0.000148258346599,-0.000199550006073,-0.000241724832449,0.000802696915343,-0.00216230284423,0.00041944134864,-0.000228094810154],[-0.0000563037829124,0.000402032426791,-0.000359995872714,0.00442836340517,0.00115439097863,-0.00138848705683,0.00108999595977,-0.00110553193372,0.0000868691058713,0.000344886619132,-0.00175468064845,0.000865479116328,-0.000842809909955],[0.000280197622487,0.0000981548582786,-0.00105313083623,0.00115439097863,0.00738851213828,-0.000151005064254,-0.00336569081992,-0.000224055780564,0.000162992539117,-0.00138579099439,-0.000730746774934,-0.00126870896202,-0.000322731531924],[0.000119196083688,-0.000463496515295,0.000290993659291,-0.00138848705683,-0.000151005064254,0.00983882043511,-0.00175682595,-0.00287438277155,0.00190061633475,-0.00146916124504,0.00234152562916,-0.00109498947859,-0.000555309467018],[0.000200570939342,-0.000291522068437,0.000148258346599,0.00108999595977,-0.00336569081992,-0.00175682595,0.0159279219806,-0.00205565569922,-0.00569406850263,0.00317624909803,0.000675554445479,0.00116291712038,-0.00238326471299],[-0.0000564048241358,0.000800016452558,-0.000199550006073,-0.00110553193372,-0.000224055780564,-0.00287438277155,-0.00205565569922,0.0130685456097,-0.00147411273792,-0.00202679401264,-0.0000491324826726,-0.000262278859736,0.00127027998678],[0.0000540460277989,0.000295538920909,-0.000241724832449,0.0000868691058713,0.000162992539117,0.00190061633475,-0.00569406850263,-0.00147411273792,0.0182761829346,-0.00366638507694,-0.000401500117732,0.000352695846232,-0.00128229707479],[0.0000466813798994,-0.00028832256794,0.000802696915343,0.000344886619132,-0.00138579099439,-0.00146916124504,0.00317624909803,-0.00202679401264,-0.00366638507694,0.021736735478,-0.00498499907553,-0.00428847316653,0.00158736505546],[0.000239794579102,-0.00066294579301,-0.00216230284423,-0.00175468064845,-0.000730746774934,0.00234152562916,0.000675554445479,-0.0000491324826726,-0.000401500117732,-0.00498499907553,0.0219014212489,-0.00524453027174,-0.000835961371195],[-0.0000793680592324,0.000565070600715,0.00041944134864,0.000865479116328,-0.00126870896202,-0.00109498947859,0.00116291712038,-0.000262278859736,0.000352695846232,-0.00428847316653,-0.00524453027174,0.0228574313223,-0.00757048139349],[0.000165333447512,-0.000359891884727,-0.000228094810154,-0.000842809909955,-0.000322731531924,-0.000555309467018,-0.00238326471299,0.00127027998678,-0.00128229707479,0.00158736505546,-0.000835961371195,-0.00757048139349,0.0252071321011]],"mean":[-691.748840332,160.40246582,13.2305936813,37.5576324463,-1.64180850983,21.7836303711,2.77474284172,7.68783521652,0.518342256546,6.24236440659,3.12019968033,3.26334834099,2.79429936409]},"pitch_salience":{"dmean":0.0911078378558,"dmean2":0.146521762013,"dvar":0.00586310913786,"dvar2":0.0145158991218,"max":0.911701321602,"mean":0.437380731106,"median":0.461210280657,"min":0.051542468369,"var":0.0267114769667},"silence_rate_20dB":{"dmean":0,"dmean2":0,"dvar":0,"dvar2":0,"max":1,"mean":1,"median":1,"min":1,"var":0},"silence_rate_30dB":{"dmean":0.107428781688,"dmean2":0.214877575636,"dvar":0.0958878472447,"dvar2":0.213940292597,"max":1,"mean":0.847342431545,"median":1,"min":0,"var":0.129362344742},"silence_rate_60dB":{"dmean":0.00186185073107,"dmean2":0.00372404814698,"dvar":0.00185838609468,"dvar2":0.00501360138878,"max":1,"mean":0.0397468134761,"median":0,"min":0,"var":0.0381665751338},"spectral_centroid":{"dmean":158.466629028,"dmean2":242.34286499,"dvar":47821.3828125,"dvar2":87642.234375,"max":11761.5449219,"mean":796.155517578,"median":656.734069824,"min":91.0938262939,"var":745696.9375},"spectral_complexity":{"dmean":2.35188984871,"dmean2":3.78977751732,"dvar":5.53783273697,"dvar2":12.9412441254,"max":58,"mean":14.0859165192,"median":12,"min":0,"var":76.2608184814},"spectral_contrast_coeffs":{"dmean":[0.0516425482929,0.0489218495786,0.0366179682314,0.0292135775089,0.0214307997376,0.0368130579591],"dmean2":[0.0859890133142,0.0811776816845,0.0613889284432,0.0491617396474,0.0353286154568,0.0569063462317],"dvar":[0.00161059875973,0.00148756953422,0.000835190818179,0.000557296152692,0.000337570061674,0.00115047290456],"dvar2":[0.00447119958699,0.00407223589718,0.00230151624419,0.00153546640649,0.000887938018423,0.00273664435372],"max":[-0.387824803591,-0.413051187992,-0.587833404541,-0.663156211376,-0.681169509888,-0.481131762266],"mean":[-0.722525417805,-0.759486854076,-0.812099933624,-0.833780109882,-0.84715539217,-0.752818226814],"median":[-0.727531552315,-0.763520479202,-0.812440633774,-0.829282641411,-0.839747190475,-0.752413630486],"min":[-0.974797189236,-0.978229224682,-0.975003838539,-0.990740001202,-0.977069616318,-0.964797854424],"var":[0.00737596629187,0.00566587224603,0.00336538394913,0.00231615570374,0.00202240049839,0.00558323925361]},"spectral_contrast_valleys":{"dmean":[0.378641277552,0.393633782864,0.358902961016,0.356611311436,0.356348842382,0.601802349091],"dmean2":[0.627508163452,0.65001142025,0.589531540871,0.582633972168,0.558459460735,0.954106390476],"dvar":[0.109671734273,0.133030533791,0.125899687409,0.151991337538,0.170026451349,0.270889103413],"dvar2":[0.261031478643,0.323200196028,0.302284061909,0.37187936902,0.413127809763,0.724512517452],"max":[-4.98672246933,-4.49705505371,-5.07642602921,-6.01199626923,-5.92273712158,-8.83076667786],"mean":[-6.5703163147,-6.68787288666,-7.3662776947,-7.93658494949,-8.06346321106,-11.068605423],"median":[-6.33222579956,-6.39892292023,-7.10906410217,-7.64851045609,-7.72642803192,-10.8677587509],"min":[-28.5061283112,-27.9509525299,-27.7667884827,-27.6350631714,-27.4493694305,-27.3863258362],"var":[3.07245445251,3.50238347054,3.40270876884,3.25074362755,3.15320634842,2.31255030632]},"spectral_decrease":{"dmean":6.1676508345e-9,"dmean2":9.68493196751e-9,"dvar":4.37320033556e-17,"dvar2":1.07663849914e-16,"max":5.81159875779e-9,"mean":-1.34195641266e-8,"median":-1.12074358682e-8,"min":-7.94556811456e-8,"var":1.04405572246e-16},"spectral_energy":{"dmean":0.0234507583082,"dmean2":0.0366099774837,"dvar":0.000630119990092,"dvar2":0.00153907481581,"max":0.316300034523,"mean":0.064613878727,"median":0.0589909628034,"min":9.75807601067e-21,"var":0.00182484462857},"spectral_energyband_high":{"dmean":0.000123211852042,"dmean2":0.000177741399966,"dvar":4.7212676435e-8,"dvar2":8.7577561203e-8,"max":0.00584757002071,"mean":0.000382876925869,"median":0.000228512682952,"min":7.22202426311e-21,"var":2.67135561671e-7},"spectral_energyband_low":{"dmean":0.0189554318786,"dmean2":0.0301490407437,"dvar":0.000454680470284,"dvar2":0.00114578939974,"max":0.284017592669,"mean":0.0367696173489,"median":0.0272855665535,"min":2.20057451122e-23,"var":0.000984081532806},"spectral_energyband_middle_high":{"dmean":0.00077686808072,"dmean2":0.00121098209638,"dvar":0.0000017394391989,"dvar2":0.00000421313143306,"max":0.0346782468259,"mean":0.00264982855879,"median":0.00113572739065,"min":1.11660042582e-21,"var":0.0000113126079668},"spectral_energyband_middle_low":{"dmean":0.00453551718965,"dmean2":0.00710577331483,"dvar":0.0000453109460068,"dvar2":0.000106820145447,"max":0.151972085238,"mean":0.0139635801315,"median":0.00805096421391,"min":1.68805770266e-22,"var":0.00027035549283},"spectral_entropy":{"dmean":0.213366001844,"dmean2":0.33364546299,"dvar":0.0500628016889,"dvar2":0.130173459649,"max":9.82084846497,"mean":7.45202159882,"median":7.47788858414,"min":5.46760940552,"var":0.156619340181},"spectral_flux":{"dmean":0.0352412573993,"dmean2":0.0590665563941,"dvar":0.00111717090476,"dvar2":0.00306975841522,"max":0.470261633396,"mean":0.123924396932,"median":0.122881248593,"min":6.35364746926e-11,"var":0.00292587815784},"spectral_kurtosis":{"dmean":2.97111654282,"dmean2":4.65333127975,"dvar":15.278429985,"dvar2":37.9162712097,"max":84.1331100464,"mean":12.0037069321,"median":10.6862859726,"min":-1.28292143345,"var":34.9006576538},"spectral_rms":{"dmean":0.00142862461507,"dmean2":0.00218118471093,"dvar":0.00000168934752764,"dvar2":0.00000386430701838,"max":0.0175665989518,"mean":0.00740436976776,"median":0.00758631387725,"min":3.08546179058e-12,"var":0.00000821368757897},"spectral_rolloff":{"dmean":3520.01611328,"dmean2":6832.00097656,"dvar":53366364,"dvar2":137323248,"max":22006.9335938,"mean":5941.23291016,"median":452.197265625,"min":21.533203125,"var":84159312},"spectral_skewness":{"dmean":0.306176453829,"dmean2":0.465943813324,"dvar":0.128364384174,"dvar2":0.312991261482,"max":7.19039821625,"mean":2.42900753021,"median":2.35262680054,"min":-0.075586207211,"var":0.426467835903},"spectral_spread":{"dmean":505906.4375,"dmean2":791572.25,"dvar":389559058432,"dvar2":783392899072,"max":42935232,"mean":4766221,"median":4476542.5,"min":1411679.625,"var":7926464380930},"spectral_strongpeak":{"dmean":2.42977285385,"dmean2":4.60477638245,"dvar":191.266937256,"dvar2":544.524597168,"max":180.103744507,"mean":1.75744175911,"median":0.180377587676,"min":0,"var":136.198226929},"zerocrossingrate":{"dmean":0.0391423180699,"dmean2":0.0510446429253,"dvar":0.00123496563174,"dvar2":0.00204474735074,"max":0.72021484375,"mean":0.181816250086,"median":0.1708984375,"min":0.001953125,"var":0.0113978991285}},"metadata":{"audio_properties":{"analysis_sample_rate":44100,"bit_rate":206951,"codec":"mp3","downmix":"mix","equal_loudness":0,"length":249.418212891,"lossless":false,"md5_encoded":"1e63979342cf890b6391313f66e64d2f","replay_gain":0.691961288452,"sample_rate":44100},"tags":{"album":["Switch"],"artist":["INXS"],"date":["2005-11-29"],"file_name":"03 - INXS - Afterglow.mp3","musicbrainz_albumid":["2a595ac3-bb36-484c-91c9-13232f8df0e5"],"musicbrainz_artistid":["481bf5f9-2e7c-4c44-b08a-05b32bc7c00d"],"musicbrainz_recordingid":["00de5070-0866-4388-ae71-e3e03da4f654"],"title":["Afterglow"],"tracknumber":["03/11"]},"version":{"essentia":"2.1-beta1","essentia_build_sha":"ca57ba49d9b1854bd80e60cf9ccf267278fb7d6b","essentia_git_sha":"v2.1_beta1-28-g21ef5f4-dirty","extractor":"music 1.0"}},"rhythm":{"beats_count":440,"beats_loudness":{"dmean":0.038576040417,"dmean2":0.0674685314298,"dvar":0.000890729774255,"dvar2":0.00281406217255,"max":0.220199942589,"mean":0.0782097503543,"median":0.0748176276684,"min":0,"var":0.00189866952132},"beats_loudness_band_ratio":{"dmean":[0.158016815782,0.0933808609843,0.0435893498361,0.015951724723,0.00665697129443,0.059819072485],"dmean2":[0.275123745203,0.163086310029,0.0754085034132,0.0278945248574,0.0118361748755,0.105984933674],"dvar":[0.0224100090563,0.011863425374,0.00375926331617,0.000415247050114,0.0000877994898474,0.004867663607],"dvar2":[0.0656543299556,0.0346512831748,0.0111027145758,0.00112123810686,0.000265262788162,0.0136132584885],"max":[0.991903960705,0.654107570648,0.547475337982,0.142152294517,0.0855444818735,0.555918157101],"mean":[0.706920683384,0.119397118688,0.0547542385757,0.0250935796648,0.00854769255966,0.0914678946137],"median":[0.755835533142,0.0777444988489,0.0330849289894,0.0134187666699,0.00500228814781,0.0644952505827],"min":[0,0,0,0,0,0],"var":[0.0496140606701,0.0158149208874,0.00440086517483,0.000769548583776,0.0000964659338933,0.0072733736597]},"beats_position":[0.41795918