{"lowlevel":{"average_loudness":0.967763662338,"barkbands":{"dmean":[0.000262092071353,0.0092893736437,0.00471770856529,0.00281718745828,0.00252860179171,0.000949477369431,0.000674431561492,0.00087612203788,0.000870212272275,0.00106564559974,0.000819667824544,0.000730889325496,0.000724052952137,0.00123707868624,0.00042804464465,0.000322529056575,0.00046989650582,0.00043409265345,0.000219023000682,0.000204961688723,0.0000638188212179,0.000105041770439,0.000132602683152,0.0000972549896687,0.000030494065868,0.0000029825450838,2.29256187367e-8],"dmean2":[0.000390244327718,0.0141911404207,0.00785872153938,0.00458444654942,0.00433304207399,0.0015100191813,0.00110275368206,0.00141195824835,0.00136922451202,0.00166688824538,0.00127738504671,0.00113771401811,0.00115965702571,0.00198913970962,0.000684734375682,0.000520292611327,0.000764188123867,0.000712825974915,0.000359431985999,0.00033576975693,0.000103531499917,0.000162612093845,0.000196084496565,0.000143230179674,0.0000438336719526,0.00000448138007414,3.99302138021e-8],"dvar":[1.56784679461e-7,0.000227166921832,0.0000439217983512,0.0000117301797218,0.0000249879049079,0.00000340685278388,0.00000266980077868,0.00000329235467689,0.00000321666607306,0.00000523296375832,0.00000219146500058,0.00000190271646261,0.00000206870163311,0.0000068991948865,5.6042659935e-7,2.60209873204e-7,2.86373278868e-7,2.77501072787e-7,7.10624661338e-8,5.63990028013e-8,6.05978112134e-9,3.01906055711e-8,1.24298679793e-7,5.76920129447e-8,2.8132309815e-9,4.30698046672e-11,6.11254126606e-15],"dvar2":[3.42729748581e-7,0.000406833045417,0.000124417347251,0.0000301726649923,0.000067332861363,0.00000811810514278,0.00000669168230161,0.00000796747917775,0.00000746894011172,0.0000134499450724,0.00000479983600599,0.00000408201731261,0.00000497775272379,0.0000181533268915,0.00000132363686589,5.97508915234e-7,7.19471472621e-7,7.27436770376e-7,1.87669670026e-7,1.48317354842e-7,1.52242556339e-8,6.82248355588e-8,2.60902766058e-7,1.13049480888e-7,5.45576117617e-9,9.9613289839e-11,1.58798907861e-14],"max":[0.0032058369834,0.119492195547,0.058008775115,0.0384248606861,0.0705515369773,0.0712544471025,0.0381310656667,0.0401286669075,0.0458136349916,0.0623962394893,0.0403178185225,0.0409040674567,0.0300673041493,0.0549699179828,0.0167129524052,0.0127741470933,0.00819041952491,0.0129432193935,0.00635098479688,0.00529740611091,0.00161158503033,0.00399881601334,0.0132718924433,0.00691516045481,0.00130104017444,0.000149092462379,0.00000181969130608],"mean":[0.000351769209374,0.0139129906893,0.00802861060947,0.00522205187008,0.00343890418299,0.00159511063248,0.000964781385846,0.00133715046104,0.00144735048525,0.00186284084339,0.00136390724219,0.00128646066878,0.00118841056246,0.00216185650788,0.000729984138161,0.000605697452556,0.000974136404693,0.000906440254766,0.000490934820846,0.000457171205198,0.000139154552016,0.000242985188379,0.000263063528109,0.000191765488125,0.0000593302793277,0.00000470580516776,1.81261583521e-8],"median":[0.000166406505741,0.00689392630011,0.00630265055224,0.00383495353162,0.00194314238615,0.000885565124918,0.000438864342868,0.000536407344043,0.000613199721556,0.000951204448938,0.000678745564073,0.000618270947598,0.000505702162627,0.000493429019116,0.000412955239881,0.000396198709495,0.000806650903542,0.000752505904529,0.000415374670411,0.000384705053875,0.000106982544821,0.000151101441588,0.000144449237268,0.000106910127215,0.0000260837350652,0.00000125927124373,1.85273507647e-9],"min":[1.0949745338e-24,6.55033808094e-24,3.27643437336e-24,3.08914755319e-24,1.67288052372e-23,7.8757719187e-24,1.01258185794e-23,1.73689974162e-23,2.20088784678e-23,2.20474064344e-23,1.52721893529e-23,4.50342894089e-23,5.08150873659e-23,2.72732975425e-23,3.93484198177e-23,6.404850673e-23,7.50376483732e-23,1.30482983221e-22,1.48295462461e-22,2.14993702485e-22,2.5466439407e-22,3.55419602151e-22,4.53549582114e-22,5.85127037266e-22,8.4051804165e-22,1.35744306806e-21,2.20236918872e-21],"var":[2.29091980941e-7,0.000350947550032,0.0000546241171833,0.0000232076290558,0.0000234123508562,0.00000598816404818,0.00000366708786714,0.00000621441768089,0.00000708425432094,0.0000114224949357,0.00000457868827652,0.00000483179155708,0.00000417325827584,0.0000180080824066,0.00000115550312785,5.99297038661e-7,6.30030513094e-7,5.61509637009e-7,1.68974864323e-7,1.43910398265e-7,1.63300537537e-8,9.07985651111e-8,2.73563131259e-7,1.38938119676e-7,8.71620908782e-9,7.86364307004e-11,4.99666726113e-15]},"barkbands_crest":{"dmean":2.70564556122,"dmean2":4.26361131668,"dvar":7.64498806,"dvar2":15.3640823364,"max":24.3999233246,"mean":9.28420352936,"median":8.32636737823,"min":2.35380268097,"var":15.0888299942},"barkbands_flatness_db":{"dmean":0.0178860872984,"dmean2":0.0277668461204,"dvar":0.000261474924628,"dvar2":0.000558525091037,"max":0.312201857567,"mean":0.137877255678,"median":0.135146841407,"min":0.0477062985301,"var":0.000971093366388},"barkbands_kurtosis":{"dmean":1.96149134636,"dmean2":3.00139284134,"dvar":9.57059001923,"dvar2":18.9884490967,"max":72.2705764771,"mean":2.01299929619,"median":0.461025953293,"min":-1.91587817669,"var":23.0534648895},"barkbands_skewness":{"dmean":0.52330082655,"dmean2":0.780385494232,"dvar":0.287380665541,"dvar2":0.537150621414,"max":7.68928337097,"mean":1.27123606205,"median":1.17032337189,"min":-4.73379707336,"var":1.12317216396},"barkbands_spread":{"dmean":5.50343322754,"dmean2":8.47826766968,"dvar":34.5335197449,"dvar2":71.0991821289,"max":103.90713501,"mean":27.5443401337,"median":26.8493003845,"min":3.09999418259,"var":113.997673035},"dissonance":{"dmean":0.0145448027179,"dmean2":0.02479788661,"dvar":0.000221229885938,"dvar2":0.000599290826358,"max":0.500000119209,"mean":0.475389242172,"median":0.480659663677,"min":0.303590416908,"var":0.000411539513152},"dynamic_complexity":1.78503334522,"erbbands":{"dmean":[0.31594145298,2.16147685051,5.04768753052,7.61038303375,9.73010921478,7.43524980545,6.84926128387,7.81722354889,9.42158985138,13.6501789093,16.9086418152,18.7393932343,29.077413559,26.6122493744,35.3059577942,30.1530761719,29.0440883636,51.6913414001,37.9628410339,17.0431060791,15.7867670059,26.7119178772,25.4244327545,11.7209339142,11.5040245056,8.76349163055,2.83227729797,2.88880896568,3.85889458656,3.81819963455,3.96553874016,2.68554139137,1.30351531506,0.508069336414,0.131711050868,0.0240580197424,0.00386311695911,0.000249044125667,0.0000129676891447,0.0000169530139829],"dmean2":[0.445541888475,3.44895005226,8.5257024765,12.2672710419,16.6173229218,12.795009613,11.0231218338,12.5085287094,15.4430713654,22.3119983673,26.7568721771,29.300453186,45.3552246094,41.4368247986,54.7435913086,46.1949996948,45.7349319458,82.5136642456,60.9201087952,27.0029430389,25.3523025513,43.5305480957,41.5820770264,19.3211936951,18.7942428589,14.1510858536,4.63182449341,4.63098907471,6.03067445755,5.76021766663,5.86426639557,3.93447351456,1.92350578308,0.739535748959,0.186368450522,0.0348859168589,0.00577738974243,0.000381423480576,0.0000186540873983,0.0000258158452198],"dvar":[0.269200921059,12.2897081375,54.6666641235,85.0488891602,276.371765137,254.473922729,155.654602051,244.390762329,554.835510254,861.43927002,1452.36560059,1695.2644043,4728.33349609,2642.85302734,4145.70410156,3546.76074219,3309.84594727,12397.4755859,5553.11914062,832.78125,629.67956543,925.211791992,872.590209961,231.862854004,203.090301514,101.356231689,11.6091327667,13.0898771286,38.2177810669,71.6568374634,120.354454041,51.9526824951,9.22498512268,0.847464382648,0.0599980391562,0.00263458117843,0.0000638007040834,2.5957933758e-7,3.06677128137e-10,3.9352299197e-10],"dvar2":[0.476882040501,26.0037746429,155.523925781,223.017623901,740.887695312,701.801879883,355.030761719,583.267883301,1393.67773438,2141.32202148,3308.16015625,3912.63867188,12372.9501953,5968.84082031,8751.62597656,7107.15722656,7822.33300781,31993.609375,14157.9316406,1880.61755371,1474.04077148,2346.68579102,2262.85766602,611.651000977,539.219665527,261.44821167,29.7602558136,33.000125885,90.6319503784,153.250488281,251.117034912,100.198287964,19.5421905518,1.73018610477,0.118113651872,0.00582223245874,0.000140742529766,5.695985692e-7,6.04450489661e-10,7.94127763548e-10],"max":[4.15532922745,28.7084369659,66.150932312,115.049591064,228.239562988,201.379364014,369.781799316,517.659118652,619.814208984,799.477844238,949.295654297,1137.45373535,2527.38647461,1073.62207031,2087.5859375,2072.95922852,1330.48693848,3210.58642578,1383.91271973,662.892578125,846.502624512,470.802825928,503.153320312,440.764984131,406.70413208,225.002044678,75.7676239014,89.6593856812,158.277801514,279.796203613,464.640472412,244.526504517,106.376831055,28.2116374969,5.89967727661,1.32919502258,0.159008860588,0.0107593042776,0.000322131934809,0.000182408301043],"mean":[0.407226443291,3.12708759308,8.73908805847,15.2528028488,13.8523931503,10.217751503,11.5706977844,13.0151777267,14.1872472763,20.3692016602,27.5609092712,31.7968196869,54.6251869202,47.3442382812,62.6305770874,57.2415084839,54.178768158,92.8934783936,72.2802429199,34.7309150696,34.5684394836,58.9138069153,56.0126647949,27.3671016693,27.3733005524,20.1989555359,6.49925899506,6.78418684006,8.86242294312,7.94319629669,7.59132480621,5.13969039917,2.5341424942,0.998716413975,0.24458797276,0.0412641875446,0.00634838314727,0.000378183933208,0.0000411686705775,0.0000602154505032],"median":[0.148625850677,1.71973192692,6.75228357315,11.8651418686,9.28646659851,5.5702085495,6.69269323349,6.7662935257,7.03485202789,9.31245517731,10.8796234131,14.7813024521,27.9561862946,27.1115112305,31.7875366211,29.9926757812,26.9217700958,27.5430698395,28.8302612305,23.5524234772,25.2541866302,49.7593688965,47.4830589294,23.1114253998,23.6951637268,17.1927528381,5.20730781555,5.26539087296,5.61320829391,4.20881175995,4.05879068375,2.75852918625,1.39011216164,0.473822265863,0.0931746140122,0.0138212693855,0.00155345408712,0.0000937252334552,0.0000344630716427,0.000055473014072],"min":[2.05968250205e-22,2.00590248412e-21,3.91143702145e-21,1.25893334939e-20,1.84810744252e-20,6.84987812891e-20,5.19167568383e-20,6.76496739279e-20,1.17195492024e-19,3.31846146795e-19,4.36705041314e-19,4.74173738123e-19,7.29894918434e-19,1.20748093168e-18,9.21627888099e-19,1.77459730381e-18,2.13204582794e-18,2.24402643734e-18,3.03352752543e-18,3.98638727191e-18,4.87927663079e-18,5.41878616017e-18,7.49319921291e-18,8.08130643046e-18,9.95113910615e-18,1.01368477711e-17,1.08874620646e-17,1.19067065708e-17,1.21183738177e-17,1.40715300509e-17,1.03004549973e-17,1.24466470613e-17,9.79789314433e-18,8.3408194584e-18,6.50932619051e-18,4.10524568131e-18,2.42189239612e-18,9.35640120881e-19,2.70154396325e-19,3.09995111089e-20],"var":[0.417577266693,16.3614368439,62.488609314,163.983093262,263.104370117,234.017272949,300.361022949,445.153839111,740.410888672,1539.10461426,3194.12207031,3327.19555664,10824.3583984,5459.85400391,9817.80859375,9422.81835938,7023.29003906,30469.4355469,14396.8701172,1842.88867188,1455.93115234,2069.33569336,1915.45349121,539.77734375,516.51574707,270.924865723,31.4311141968,37.5269355774,117.828033447,165.293045044,252.72114563,118.095542908,22.5776500702,2.50902295113,0.171207979321,0.00535711506382,0.000142958917422,5.04779677613e-7,7.30448201924e-10,8.69835259376e-10]},"erbbands_crest":{"dmean":2.64636135101,"dmean2":4.23387336731,"dvar":6.69834089279,"dvar2":16.395450592,"max":30.7305278778,"mean":8.66773986816,"median":7.3916926384,"min":2.53545093536,"var":20.2843132019},"erbbands_flatness_db":{"dmean":0.0161410197616,"dmean2":0.0229276902974,"dvar":0.000217411128688,"dvar2":0.000421709613875,"max":0.350875079632,"mean":0.161471962929,"median":0.158927366138,"min":0.0527223348618,"var":0.00138810859062},"erbbands_kurtosis":{"dmean":0.755970478058,"dmean2":1.19156503677,"dvar":0.958916723728,"dvar2":2.36939668655,"max":21.401506424,"mean":0.518397808075,"median":0.04869389534,"min":-1.80251431465,"var":3.06506252289},"erbbands_skewness":{"dmean":0.301807373762,"dmean2":0.46396920085,"dvar":0.0714224874973,"dvar2":0.164279684424,"max":3.12839078903,"mean":-0.188129514456,"median":-0.228038176894,"min":-3.08816695213,"var":0.358897417784},"erbbands_spread":{"dmean":7.70166110992,"dmean2":11.6146316528,"dvar":64.1338272095,"dvar2":133.949935913,"max":146.836135864,"mean":38.2508888245,"median":35.8833503723,"min":3.7440135479,"var":296.319488525},"gfcc":{"cov":[[10747.953125,1266.24157715,-742.937744141,671.997131348,-332.027282715,666.010742188,-353.630279541,220.633972168,-205.425628662,-64.7654495239,-35.2702445984,-83.2139129639,-131.596664429],[1266.24157715,918.852050781,-417.84173584,133.200546265,67.3855514526,-132.099624634,140.291152954,-159.389968872,79.4612731934,-135.346755981,55.7825508118,-95.8899078369,19.028383255],[-742.937744141,-417.84173584,667.044677734,-44.9611473083,-59.319103241,136.348388672,-149.36239624,133.714614868,-16.0912437439,72.0921478271,-28.4840011597,73.0967941284,-18.4365730286],[671.997131348,133.200546265,-44.9611473083,277.66293335,14.1804552078,12.0363025665,63.5042381287,-5.3849158287,32.0802574158,-33.4209403992,3.16126394272,-16.1049785614,21.7440891266],[-332.027282715,67.3855514526,-59.319103241,14.1804552078,269.939941406,-21.6703948975,106.795249939,11.0478086472,-16.8446331024,37.9175987244,12.1446266174,-6.62268590927,1.25691187382],[666.010742188,-132.099624634,136.348388672,12.0363025665,-21.6703948975,277.349456787,-64.2132797241,52.7163772583,-21.4669151306,18.6945209503,11.9020824432,7.8512544632,-30.0617160797],[-353.630279541,140.291152954,-149.36239624,63.5042381287,106.795249939,-64.2132797241,262.741394043,-30.9769706726,38.4320678711,-22.2561683655,6.34121894836,-13.6809749603,2.75590252876],[220.633972168,-159.389968872,133.714614868,-5.3849158287,11.0478086472,52.7163772583,-30.9769706726,199.393280029,-32.572807312,47.6238441467,-17.2469139099,12.7440958023,-4.99141836166],[-205.425628662,79.4612731934,-16.0912437439,32.0802574158,-16.8446331024,-21.4669151306,38.4320678711,-32.572807312,146.3125,-7.94296550751,8.45909500122,-14.0910425186,7.85341644287],[-64.7654495239,-135.346755981,72.0921478271,-33.4209403992,37.9175987244,18.6945209503,-22.2561683655,47.6238441467,-7.94296550751,116.627723694,3.76238250732,12.8726215363,-15.9391117096],[-35.2702445984,55.7825508118,-28.4840011597,3.16126394272,12.1446266174,11.9020824432,6.34121894836,-17.2469139099,8.45909500122,3.76238250732,93.0859985352,-4.41891002655,3.14794230461],[-83.2139129639,-95.8899078369,73.0967941284,-16.1049785614,-6.62268590927,7.8512544632,-13.6809749603,12.7440958023,-14.0910425186,12.8726215363,-4.41891002655,96.2089233398,14.5998754501],[-131.596664429,19.028383255,-18.4365730286,21.7440891266,1.25691187382,-30.0617160797,2.75590252876,-4.99141836166,7.85341644287,-15.9391117096,3.14794230461,14.5998754501,69.5308761597]],"icov":[[0.000790579186287,-0.00176830170676,0.0013547714334,-0.00174758827779,0.00132092146669,-0.00222425628453,0.00147288630251,-0.00164309400134,0.00128926278558,-0.00167326338124,0.00137383292895,-0.00144302169792,0.00143568683416],[-0.00176830170676,0.00610512308776,-0.0022636433132,0.00330835394561,-0.00356232840568,0.00543118175119,-0.00313507672399,0.00414601713419,-0.0035596806556,0.00548699172214,-0.00398705294356,0.00413897447288,-0.0028465858195],[0.0013547714334,-0.0022636433132,0.00489264400676,-0.00317271146923,0.00217361212708,-0.00430293055251,0.00348014384508,-0.0036805937998,0.00144278188236,-0.00283451192081,0.00253352639265,-0.0035977656953,0.00299926497974],[-0.00174758827779,0.00330835394561,-0.00317271146923,0.00821111910045,-0.00277351238765,0.00413443008438,-0.00425683474168,0.00322353979573,-0.0033010521438,0.00412166118622,-0.00271277455613,0.00356268696487,-0.00469181546941],[0.00132092146669,-0.00356232840568,0.00217361212708,-0.00277351238765,0.00744466530159,-0.00385764660314,0.000106348779809,-0.0029735120479,0.00352195510641,-0.00547291152179,0.00210121460259,-0.0021872036159,0.0016102406662],[-0.00222425628453,0.00543118175119,-0.00430293055251,0.00413443008438,-0.00385764660314,0.010900224559,-0.00331715447828,0.00402042549103,-0.00344195379876,0.00535299768671,-0.0051156738773,0.00413156859577,-0.00194744975306],[0.00147288630251,-0.00313507672399,0.00348014384508,-0.00425683474168,0.000106348779809,-0.00331715447828,0.0086775124073,-0.00325946696103,0.000821133609861,-0.00181791279465,0.00256538111717,-0.00338493776508,0.0039707235992],[-0.00164309400134,0.00414601713419,-0.0036805937998,0.00322353979573,-0.0029735120479,0.00402042549103,-0.00325946696103,0.0101363947615,-0.00154443318024,0.00170039467048,-0.00199498818256,0.00372539879754,-0.00370728061534],[0.00128926278558,-0.0035596806556,0.00144278188236,-0.0033010521438,0.00352195510641,-0.00344195379876,0.000821133609861,-0.00154443318024,0.0102779204026,-0.00411558384076,0.00194469164126,-0.00127505441196,0.00120931281708],[-0.00167326338124,0.00548699172214,-0.00283451192081,0.00412166118622,-0.00547291152179,0.00535299768671,-0.00181791279465,0.00170039467048,-0.00411558384076,0.0163785926998,-0.00461843516678,0.00259447027929,-0.000217846027226],[0.00137383292895,-0.00398705294356,0.00253352639265,-0.00271277455613,0.00210121460259,-0.0051156738773,0.00256538111717,-0.00199498818256,0.00194469164126,-0.00461843516678,0.0141954161227,-0.00262296781875,0.00134649593383],[-0.00144302169792,0.00413897447288,-0.0035977656953,0.00356268696487,-0.0021872036159,0.00413156859577,-0.00338493776508,0.00372539879754,-0.00127505441196,0.00259447027929,-0.00262296781875,0.015407120809,-0.00608213199303],[0.00143568683416,-0.0028465858195,0.00299926497974,-0.00469181546941,0.0016102406662,-0.00194744975306,0.0039707235992,-0.00370728061534,0.00120931281708,-0.000217846027226,0.00134649593383,-0.00608213199303,0.019875889644]],"mean":[31.0731811523,109.651290894,-137.91947937,55.948348999,-54.6211662292,30.859041214,-33.0243301392,9.9779253006,-16.6887302399,-14.1743574142,-5.95725536346,-8.61507797241,-7.67945146561]},"hfc":{"dmean":6.39212703705,"dmean2":9.86969184875,"dvar":44.7784118652,"dvar2":99.4519195557,"max":143.371810913,"mean":33.1131744385,"median":33.0029716492,"min":1.10425911858e-16,"var":198.662719727},"melbands":{"dmean":[0.00264038122259,0.00255230907351,0.00130000291392,0.000640362384729,0.000231073907344,0.000175257286173,0.00013796123676,0.000164286000654,0.00013403504272,0.000124770784169,0.000152379725478,0.000117858246085,0.000110445464088,0.0000804534065537,0.0000874552424648,0.0000691585810273,0.000110736567876,0.0000787758399383,0.000031817729905,0.0000243046051764,0.0000187790228665,0.0000288240935333,0.000033463431464,0.0000171415886143,0.0000102467483885,0.00000885877034307,0.0000101886544144,0.00000586806072533,0.00000227665486818,0.00000166275003721,0.00000196509745365,0.00000236440587287,0.00000237842277784,0.00000234141384681,0.00000244139482675,0.00000230654472944,0.00000156419127961,0.00000104443483906,6.6539934096e-7,3.94088630173e-7],"dmean2":[0.00385408685543,0.00421668216586,0.00211223657243,0.00110339315142,0.000372448732378,0.000280670326902,0.000225449490245,0.000268470786978,0.000212782309973,0.000195922373678,0.000237815838773,0.000184006814379,0.000171178238816,0.000122820361867,0.000136036687763,0.000110250555736,0.000177454843652,0.000126122191432,0.0000511968100909,0.0000388645094063,0.0000305923967971,0.0000471471976198,0.0000548843345314,0.0000282641758531,0.0000170870316651,0.0000145373696796,0.0000168410351762,0.00000960840861808,0.00000378133813683,0.00000273128034678,0.000003169061074,0.00000376221078113,0.0000037258116663,0.00000360519993592,0.00000370419206774,0.00000347889749719,0.00000233293417295,0.00000158773889325,0.00000100544480119,5.84106373935e-7],"dvar":[0.0000187631903827,0.0000140788524732,0.00000245572914537,0.00000168911321907,1.54618888359e-7,1.15661968891e-7,1.160365386e-7,1.12465464497e-7,9.65829372035e-8,6.56766374618e-8,1.24614928154e-7,5.33025570348e-8,3.87060197227e-8,2.21678568835e-8,3.04069871504e-8,2.01024032975e-8,5.90362674302e-8,3.00077367399e-8,3.45956996384e-9,1.65358859938e-9,9.16370146431e-10,1.15067888551e-9,1.52256418584e-9,5.65432201061e-10,1.88070753415e-10,1.15551346269e-10,1.63525831764e-10,5.19223865292e-11,8.2162063611e-12,5.07417372009e-12,6.21743455331e-12,1.2628072199e-11,2.24182530179e-11,2.93278352992e-11,4.59565510647e-11,4.06954088483e-11,1.64886489878e-11,6.49762752283e-12,1.63029236378e-12,5.02176750704e-13],"dvar2":[0.0000315492143272,0.0000375043237,0.00000648900277156,0.00000459716738987,3.61004026672e-7,2.75301971442e-7,2.93087765613e-7,2.78951631572e-7,2.20337753376e-7,1.51713024366e-7,3.26632346059e-7,1.21927996588e-7,8.35759479401e-8,4.62467610873e-8,7.01581299722e-8,5.00083388033e-8,1.53030370598e-7,7.73945814103e-8,8.22479861995e-9,3.68334140965e-9,2.16953521814e-9,2.95982327536e-9,3.94007582116e-9,1.53589752028e-9,4.9401316371e-10,3.08496200807e-10,4.39587838352e-10,1.35253808153e-10,2.21191797517e-11,1.27650745876e-11,1.6142072054e-11,3.12066691932e-11,5.2448819593e-11,6.47869535797e-11,1.02620016651e-10,8.18664303015e-11,3.34652548728e-11,1.453128156e-11,3.54784040688e-12,1.05236869566e-12],"max":[0.0356927402318,0.0336723700166,0.0163386762142,0.0181825682521,0.0105057936162,0.0120556568727,0.00889587495476,0.00757467653602,0.00707693770528,0.00625141942874,0.0124866627157,0.00496052065864,0.00556560372934,0.00484444759786,0.00466855289415,0.00207296595909,0.00708803581074,0.00295109464787,0.00133974349592,0.00125891075004,0.000980183132924,0.00061104883207,0.000813747290522,0.000881514512002,0.000400828750571,0.000219860856305,0.000341340812156,0.000132689063321,0.0000629406495136,0.0000661830999888,0.0000717251023161,0.0000870161675266,0.000145335696288,0.000156698501087,0.000277869927231,0.000258096202742,0.00011273954442,0.0000888075956027,0.0000471182356705,0.0000168931801454],"mean":[0.00373919843696,0.00449061580002,0.00261043664068,0.00086049590027,0.000404590391554,0.000298986647977,0.000206057549804,0.000248097843723,0.000216033135075,0.000208715733606,0.000279560917988,0.000196322827833,0.000187301004189,0.000149876752403,0.000152664375491,0.000115386741527,0.000188418664038,0.000138389892527,0.0000541205990885,0.0000433955356129,0.0000372485010303,0.0000571495584154,0.0000674687908031,0.0000354404583049,0.0000204325842788,0.0000188033682207,0.0000206690383493,0.0000118481420941,0.0000042426941036,0.00000304887316815,0.00000420567948822,0.00000506858259541,0.00000459200555269,0.00000435979382019,0.00000435703123003,0.00000407988636653,0.0000027816038255,0.00000188407648238,0.0000012374397329,7.09154960532e-7],"median":[0.00160539522767,0.00349176628515,0.00212789187208,0.000514946354087,0.000230632402236,0.00016397536092,0.000100779761851,0.00010744525207,0.0000803389266366,0.0000918929217733,0.000139763622428,0.000102185003925,0.0000933211194933,0.0000801310816314,0.0000683633043081,0.0000445129735454,0.0000477432040498,0.000041360322939,0.0000303472461383,0.0000265698345174,0.0000264157897618,0.0000463642645627,0.000055413969676,0.0000289047693514,0.0000157967260748,0.0000158386374096,0.0000165871224453,0.00000939943492995,0.00000324268398799,0.0000020900142772,0.00000321159518535,0.00000332424201588,0.00000230902583098,0.00000218504760596,0.00000224213454203,0.00000203625677386,0.00000143067927638,0.00000100699708128,6.24201334176e-7,2.98764774698e-7],"min":[2.66994785424e-24,2.58235451426e-24,2.74905620632e-24,2.67412802817e-24,2.08183804711e-24,1.34601186612e-24,2.0206979743e-24,3.63715719392e-24,3.63317305192e-24,3.00046420466e-24,3.28674162995e-24,3.64579758742e-24,2.39124546579e-24,4.37346418564e-24,3.42220561345e-24,4.02499474152e-24,3.65874161158e-24,4.5877278794e-24,3.71279988283e-24,4.51296161495e-24,5.17312144121e-24,3.75504732861e-24,5.94838238442e-24,5.34636121245e-24,5.59964985519e-24,5.98653012008e-24,6.5805759083e-24,6.63637440671e-24,6.57356411814e-24,4.87449262351e-24,6.00762859942e-24,5.7770339072e-24,7.64280157187e-24,6.24265826765e-24,4.76159597835e-24,4.781561259e-24,7.47002920071e-24,6.2395517334e-24,5.97306505329e-24,6.94939993592e-24],"var":[0.0000300568081002,0.0000169115792232,0.00000415044905822,0.00000145238118421,3.16614375606e-7,2.0919993915e-7,1.53187244223e-7,2.06347579024e-7,2.13834042029e-7,1.37838156888e-7,2.88554616645e-7,1.0965498376e-7,8.67576872565e-8,6.19011117919e-8,7.19557036177e-8,4.29540740754e-8,1.42059150221e-7,7.52039071017e-8,6.62994725786e-9,3.82776832453e-9,1.94456362124e-9,2.31752061985e-9,3.12066239516e-9,9.72396829724e-10,3.96196880859e-10,2.54098297958e-10,3.6990607799e-10,1.18089552026e-10,1.68989926219e-11,1.14859042416e-11,1.54497768745e-11,3.71985081626e-11,5.23383350548e-11,5.93925741921e-11,8.52430279141e-11,8.56343537747e-11,3.48755226087e-11,1.38122187299e-11,4.61815264849e-12,1.32131577815e-12]},"melbands_crest":{"dmean":3.3766310215,"dmean2":5.24002695084,"dvar":9.12668418884,"dvar2":20.7243232727,"max":30.5465011597,"mean":14.6921319962,"median":14.4179468155,"min":1.82070851326,"var":22.5966529846},"melbands_flatness_db":{"dmean":0.0239396169782,"dmean2":0.0359192341566,"dvar":0.000533954822458,"dvar2":0.00102629908361,"max":0.402188390493,"mean":0.184717878699,"median":0.182813614607,"min":0.00458904309198,"var":0.00215053302236},"melbands_kurtosis":{"dmean":6.77892589569,"dmean2":10.1928939819,"dvar":129.6146698,"dvar2":249.412261963,"max":268.52444458,"mean":11.3842945099,"median":6.13161087036,"min":-1.57629346848,"var":299.964202881},"melbands_skewness":{"dmean":0.805140554905,"dmean2":1.19339478016,"dvar":0.756019353867,"dvar2":1.39651274681,"max":14.1678791046,"mean":2.65457367897,"median":2.37725305557,"min":-1.08101308346,"var":2.56835007668},"melbands_spread":{"dmean":7.83171081543,"dmean2":12.1431951523,"dvar":73.5353240967,"dvar2":153.477630615,"max":186.309204102,"mean":28.7641639709,"median":26.1170806885,"min":1.68181049824,"var":341.614044189},"mfcc":{"cov":[[4826.296875,493.127349854,40.8573989868,13.1022958755,146.607147217,103.293624878,108.020370483,144.429641724,-51.7529907227,96.1934585571,52.0566101074,19.8286972046,-17.7499103546],[493.127349854,670.789794922,-273.859771729,128.038131714,-47.7708091736,23.3123035431,-4.37453794479,13.4218769073,-31.6553134918,1.03994345665,20.7771778107,-16.6552028656,-22.2272853851],[40.8573989868,-273.859771729,637.082092285,-183.495727539,131.454147339,-29.974697113,-81.5329437256,30.1230869293,-21.1953735352,15.5085573196,-10.5188150406,4.86614322662,26.5232715607],[13.1022958755,128.038131714,-183.495727539,351.934936523,-81.8942489624,19.0700092316,37.868473053,7.07053995132,72.5545883179,-10.9440822601,-14.1662912369,29.9734306335,3.46536946297],[146.607147217,-47.7708091736,131.454147339,-81.8942489624,227.081588745,-17.3695411682,27.8721408844,-3.12356328964,-12.5397405624,28.4135551453,3.50372576714,-8.53673362732,27.3170223236],[103.293624878,23.3123035431,-29.974697113,19.0700092316,-17.3695411682,192.880187988,5.65764760971,28.683883667,-6.81026411057,-1.57183361053,24.9901332855,3.68025517464,-22.8986053467],[108.020370483,-4.37453794479,-81.5329437256,37.868473053,27.8721408844,5.65764760971,204.031585693,18.9871997833,14.2313899994,14.9614057541,17.316778183,16.9276351929,-4.03621959686],[144.429641724,13.4218769073,30.1230869293,7.07053995132,-3.12356328964,28.683883667,18.9871997833,117.712463379,22.4024276733,-1.22952342033,7.57170343399,4.14181900024,9.64553833008],[-51.7529907227,-31.6553134918,-21.1953735352,72.5545883179,-12.5397405624,-6.81026411057,14.2313899994,22.4024276733,122.471290588,13.0452594757,-7.38100385666,18.2133903503,6.06128835678],[96.1934585571,1.03994345665,15.5085573196,-10.9440822601,28.4135551453,-1.57183361053,14.9614057541,-1.22952342033,13.0452594757,110.639457703,36.1456069946,-8.57951259613,-5.17024993896],[52.0566101074,20.7771778107,-10.5188150406,-14.1662912369,3.50372576714,24.9901332855,17.316778183,7.57170343399,-7.38100385666,36.1456069946,88.509147644,12.601984024,-9.87959194183],[19.8286972046,-16.6552028656,4.86614322662,29.9734306335,-8.53673362732,3.68025517464,16.9276351929,4.14181900024,18.2133903503,-8.57951259613,12.601984024,78.7478790283,17.8766365051],[-17.7499103546,-22.2272853851,26.5232715607,3.46536946297,27.3170223236,-22.8986053467,-4.03621959686,9.64553833008,6.06128835678,-5.17024993896,-9.87959194183,17.8766365051,75.8618469238]],"icov":[[0.000252429192187,-0.000217336346395,-0.0000752436317271,0.00000242540568252,-0.000148501654621,-0.0000859231950017,-0.000106485538709,-0.000267407274805,0.000127210645587,-0.000215596097405,0.000103347010736,-0.000174721499206,0.000107226536784],[-0.000217336346395,0.00224945996888,0.000966923544183,-0.000693711976055,-0.000241762216319,0.000236888314248,0.000707423430867,-0.000570389325731,0.00097976194229,0.0000103874544948,-0.000476212939247,0.000346884567989,0.0003492468677],[-0.0000752436317271,0.000966923544183,0.00268341903575,0.000605212990195,-0.00123284570873,0.00031358571141,0.00132404232863,-0.00116446893662,0.000439010182163,-0.000348030676832,0.000351188209606,-0.000792409526184,0.000230622215895],[0.00000242540568252,-0.000693711976055,0.000605212990195,0.00433705095202,0.000997295486741,-0.000461557734525,-0.000581642787438,0.000358785298886,-0.00231362809427,0.00000449624940302,0.000991827342659,-0.00108250812627,-0.0006179814809],[-0.000148501654621,-0.000241762216319,-0.00123284570873,0.000997295486741,0.00618060352281,-0.0000912249161047,-0.00161251355894,0.00110820645932,-0.000253289093962,-0.000984967686236,0.0000967292944551,0.00114995799959,-0.00250518321991],[-0.0000859231950017,0.000236888314248,0.00031358571141,-0.000461557734525,-0.0000912249161047,0.00598771497607,0.000372579263058,-0.00167770334519,0.000754049688112,0.000495743879583,-0.00153550039977,-0.000357694341801,0.00189196225256],[-0.000106485538709,0.000707423430867,0.00132404232863,-0.000581642787438,-0.00161251355894,0.000372579263058,0.00616076076403,-0.00144432752859,0.000280466570985,-0.000473254243843,-0.000618132180534,-0.00140218413435,0.00114579848014],[-0.000267407274805,-0.000570389325731,-0.00116446893662,0.000358785298886,0.00110820645932,-0.00167770334519,-0.00144432752859,0.010573413223,-0.00267980061471,0.00110632518772,-0.00109811220318,0.00127777061425,-0.00232022348791],[0.000127210645587,0.00097976194229,0.000439010182163,-0.00231362809427,-0.000253289093962,0.000754049688112,0.000280466570985,-0.00267980061471,0.0110327331349,-0.00236861989833,0.00161295232829,-0.002162033692,0.000620090519078],[-0.000215596097405,0.0000103874544948,-0.000348030676832,0.00000449624940302,-0.000984967686236,0.000495743879583,-0.000473254243843,0.00110632518772,-0.00236861989833,0.0118805412203,-0.0054435543716,0.00268748612143,0.0000692747926223],[0.000103347010736,-0.000476212939247,0.000351188209606,0.000991827342659,0.0000967292944551,-0.00153550039977,-0.000618132180534,-0.00109811220318,0.00161295232829,-0.0054435543716,0.0153314154595,-0.00407734466717,0.00178255338687],[-0.000174721499206,0.000346884567989,-0.000792409526184,-0.00108250812627,0.00114995799959,-0.000357694341801,-0.00140218413435,0.00127777061425,-0.002162033692,0.00268748612143,-0.00407734466717,0.0160825382918,-0.0043367696926],[0.000107226536784,0.0003492468677,0.000230622215895,-0.0006179814809,-0.00250518321991,0.00189196225256,0.00114579848014,-0.00232022348791,0.000620090519078,0.0000692747926223,0.00178255338687,-0.0043367696926,0.0162952803075]],"mean":[-591.290588379,116.095146179,-7.33331298828,24.0734462738,12.8720817566,12.2725858688,5.38558387756,19.6100006104,-3.51730179787,4.55296087265,-0.099908053875,-0.426923841238,-3.1721394062]},"pitch_salience":{"dmean":0.0720496028662,"dmean2":0.114430993795,"dvar":0.00433716922998,"dvar2":0.0103876311332,"max":0.917762756348,"mean":0.53586858511,"median":0.534172952175,"min":0.151191934943,"var":0.0102457236499},"silence_rate_20dB":{"dmean":0,"dmean2":0,"dvar":0,"dvar2":0,"max":1,"mean":1,"median":1,"min":1,"var":0},"silence_rate_30dB":{"dmean":0.04217004776,"dmean2":0.084349706769,"dvar":0.040392190218,"dvar2":0.104827255011,"max":1,"mean":0.971282064915,"median":1,"min":0,"var":0.027892684564},"silence_rate_60dB":{"dmean":0.000227946205996,"dmean2":0.000455944362329,"dvar":0.000227894255659,"dvar2":0.000455766916275,"max":1,"mean":0.0143589740619,"median":0,"min":0,"var":0.0141526190564},"spectral_centroid":{"dmean":246.567108154,"dmean2":386.694274902,"dvar":64459.3359375,"dvar2":148318.96875,"max":11618.2646484,"mean":1613.28369141,"median":1580.02697754,"min":287.662750244,"var":495238.3125},"spectral_complexity":{"dmean":4.07476615906,"dmean2":6.24940156937,"dvar":13.0296678543,"dvar2":26.2688217163,"max":55,"mean":29.729801178,"median":31,"min":0,"var":82.2178726196},"spectral_contrast_coeffs":{"dmean":[0.0519308149815,0.0474359616637,0.0413056947291,0.0334707349539,0.0284870490432,0.0239224340767],"dmean2":[0.0844317600131,0.077721953392,0.0673067718744,0.0544063188136,0.046190649271,0.036171477288],"dvar":[0.00179375475273,0.00142092059832,0.00108789314982,0.000777272856794,0.000535827653948,0.000461279792944],"dvar2":[0.00468566035852,0.00368400709704,0.0027528826613,0.00192290160339,0.00134523340967,0.000951088732108],"max":[-0.355926692486,-0.472749084234,-0.498058527708,-0.513583600521,-0.468030154705,-0.437816411257],"mean":[-0.635837078094,-0.750522196293,-0.755016446114,-0.764537155628,-0.749090075493,-0.736263275146],"median":[-0.634075164795,-0.756554067135,-0.759901165962,-0.774609446526,-0.753510117531,-0.742802023888],"min":[-0.98036056757,-0.976855933666,-0.981867432594,-0.969592034817,-0.966806352139,-0.963864564896],"var":[0.00479263486341,0.00459327222779,0.00401654746383,0.00406745634973,0.00209350208752,0.00384489796124]},"spectral_contrast_valleys":{"dmean":[0.396470040083,0.381700575352,0.327977716923,0.275351434946,0.266515225172,0.299738496542],"dmean2":[0.632140040398,0.618559658527,0.524284362793,0.433638781309,0.400098234415,0.408262848854],"dvar":[0.115325421095,0.11307439208,0.0852901861072,0.0665474608541,0.0732645317912,0.10427069664],"dvar2":[0.263483762741,0.266188770533,0.18971683085,0.135418280959,0.128921851516,0.168986082077],"max":[-5.1205124855,-4.83283853531,-5.29022693634,-5.78417015076,-5.84284639359,-7.85190153122],"mean":[-6.70788240433,-6.59967803955,-6.82838821411,-7.14060163498,-7.14985227585,-9.9742975235],"median":[-6.53008174896,-6.47547864914,-6.66949367523,-6.97637987137,-6.88975906372,-9.73445510864],"min":[-27.8271064758,-27.8309421539,-27.7604351044,-27.4988822937,-27.4166088104,-27.3834095001],"var":[2.33972549438,2.00369286537,1.96090722084,1.88076341152,1.9470102787,1.88526618481]},"spectral_decrease":{"dmean":3.87337850682e-9,"dmean2":5.95422910976e-9,"dvar":2.20059209328e-17,"dvar2":4.46032660773e-17,"max":4.00574840361e-15,"mean":-1.22472778585e-8,"median":-1.09764544121e-8,"min":-4.17628669425e-8,"var":4.49669443054e-17},"spectral_energy":{"dmean":0.014944203198,"dmean2":0.0229582227767,"dvar":0.000319827580824,"dvar2":0.000650525966194,"max":0.162633374333,"mean":0.0492275618017,"median":0.0445635467768,"min":1.01843341357e-20,"var":0.000671002373565},"spectral_energyband_high":{"dmean":0.000354561168933,"dmean2":0.000512095866725,"dvar":3.80682905643e-7,"dvar2":7.03103125943e-7,"max":0.0185547955334,"mean":0.00107419898268,"median":0.000831567740534,"min":6.99315372738e-21,"var":0.00000127081136725},"spectral_energyband_low":{"dmean":0.0122467018664,"dmean2":0.0187228694558,"dvar":0.000289661344141,"dvar2":0.000550873577595,"max":0.135547056794,"mean":0.0255623515695,"median":0.0199115052819,"min":2.19886962504e-23,"var":0.00052207504632},"spectral_energyband_middle_high":{"dmean":0.00306481262669,"dmean2":0.00476027978584,"dvar":0.0000128936308101,"dvar2":0.0000317848462146,"max":0.0773425847292,"mean":0.0115770334378,"median":0.00994057487696,"min":1.33943936894e-21,"var":0.0000613362208242},"spectral_energyband_middle_low":{"dmean":0.00592101225629,"dmean2":0.00967563781887,"dvar":0.000064920001023,"dvar2":0.00016886179219,"max":0.108937606215,"mean":0.0145599972457,"median":0.0121403839439,"min":1.70150898017e-22,"var":0.000102895828604},"spectral_entropy":{"dmean":0.108661040664,"dmean2":0.160629451275,"dvar":0.0099814189598,"dvar2":0.0202415511012,"max":9.8297252655,"mean":7.70585107803,"median":7.71759557724,"min":5.89051818848,"var":0.080304004252},"spectral_flux":{"dmean":0.0343005992472,"dmean2":0.0545926131308,"dvar":0.0012203832157,"dvar2":0.00289447628893,"max":0.323660463095,"mean":0.118147782981,"median":0.10922665894,"min":6.36354857697e-11,"var":0.00268153939396},"spectral_kurtosis":{"dmean":1.30882656574,"dmean2":2.22853159904,"dvar":2.08366370201,"dvar2":6.0937666893,"max":34.8178291321,"mean":3.31500411034,"median":2.99219989777,"min":-1.38049638271,"var":4.68526411057},"spectral_rms":{"dmean":0.00100933760405,"dmean2":0.00152865773998,"dvar":0.00000120219090149,"dvar2":0.00000234612798522,"max":0.0125962970778,"mean":0.00666864449158,"median":0.00659368094057,"min":3.15213198425e-12,"var":0.00000355600309376},"spectral_rolloff":{"dmean":464.185180664,"dmean2":756.776367188,"dvar":505273.15625,"dvar2":977238.8125,"max":19745.9472656,"mean":1669.23217773,"median":1442.72460938,"min":86.1328125,"var":4343106},"spectral_skewness":{"dmean":0.185222059488,"dmean2":0.302607506514,"dvar":0.0294933952391,"dvar2":0.0756408497691,"max":4.13433694839,"mean":1.2883323431,"median":1.28687524796,"min":-0.218928530812,"var":0.134077489376},"spectral_spread":{"dmean":481329.25,"dmean2":673571.125,"dvar":486919274496,"dvar2":906245963776,"max":42294132,"mean":4291372.5,"median":3944861,"min":1608790.375,"var":5630604607490},"spectral_strongpeak":{"dmean":0.636997997761,"dmean2":1.12266612053,"dvar":1.64679419994,"dvar2":4.2029967308,"max":13.0032930374,"mean":0.935392856598,"median":0.480813026428,"min":0,"var":2.12117028236},"zerocrossingrate":{"dmean":0.00922647863626,"dmean2":0.0108152097091,"dvar":0.000114039379696,"dvar2":0.00013493480219,"max":0.73388671875,"mean":0.0660725459456,"median":0.05810546875,"min":0.00830078125,"var":0.00363227585331}},"metadata":{"audio_properties":{"analysis_sample_rate":44100,"bit_rate":192000,"codec":"mp3","downmix":"mix","equal_loudness":0,"length":203.728973389,"lossless":false,"md5_encoded":"901b439366d087527e45bdc1a9d95c3b","replay_gain":-9.36482620239,"sample_rate":44100},"tags":{"album":["Zero"],"artist":["Van Halen"],"bpm":["127"],"date":["1978"],"file_name":"copy4673815118936361913.mp3","genre":["Hard Rock"],"initialkey":["Ab"],"musicbrainz_recordingid":["0101374a-c91a-4290-8551-69c5e51b86ea"],"title":["Women In Love"],"tracknumber":["02"]},"version":{"essentia":"2.1-beta2","essentia_build_sha":"cead25079874084f62182a551b7393616cd33d87","essentia_git_sha":"v2.1_beta2-1-ge3940c0","extractor":"music 1.0"}},"rhythm":{"beats_count":428,"beats_loudness":{"dmean":0.0325940102339,"dmean2":0.060154337436,"dvar":0.000493245432153,"dvar2":0.00166999932844,"max":0.141818672419,"mean":0.0681133195758,"median":0.0642719343305,"min":2.43181705883e-8,"var":0.000753075175453},"beats_loudness_band_ratio":{"dmean":[0.24803891778,0.10777656734,0.0810087397695,0.0927975997329,0.0557233765721,0.0272121187299],"dmean2":[0.45694437623,0.205693989992,0.151108503342,0.1681227386,0.0983771458268,0.0484545528889],"dvar":[0.0269022323191,0.00867883022875,0.00756739126518,0.00863276608288,0.00304256915115,0.00169109820854],"dvar2":[0.0918379873037,0.0273630749434,0.0218155346811,0.0263380315155,0.00816626474261,0.00356289022602],"max":[0.965557813644,0.509220182896,0.647722184658,0.750018179417,0.4156062603,0.881159603596],"mean":[0.646702706814,0.0906014293432,0.0794210135937,0.102945104241,0.0734847560525,0.0421617850661],"median":[0.676301002502,0.0548557452857,0.0541351139545,0.0783502236009,0.0549571625888,0.0322765037417],"min":[0.0042115515098,0.00396074121818,0.00367489783093,0.00401965109631,0.0038088588044,0.00148652447388],"var":[0.0428531989455,0.00794466398656,0.00777599634603,0.00885571632534,0.00433080410585,0.00364945735782]},"beats_pos