{"lowlevel":{"average_loudness":0.778239667416,"barkbands":{"dmean":[0.00324869272299,0.010637762025,0.00372109469026,0.00158011098392,0.00111342326272,0.000900886778254,0.000834608101286,0.000585088389926,0.000839856395032,0.000798463763203,0.000523580936715,0.000418130570324,0.000355356372893,0.000319057726301,0.00022921206255,0.000135458889417,0.000113160051114,0.0000974026479525,0.0000571466189285,0.0000410437060054,0.0000298781560559,0.000013402278455,0.0000105430199255,0.00000402837849833,0.0000026638062991,0.00000515978354088,0.000420090946136],"dmean2":[0.0054096239619,0.0164461582899,0.00607526302338,0.00249078846537,0.00180104724132,0.00140698882751,0.00126605771948,0.000924101565033,0.00133019313216,0.00129461602774,0.000830138102174,0.000664105406031,0.000563419249374,0.000504511699546,0.000357407901902,0.000209463396459,0.000170237544808,0.000144734498463,0.0000828033516882,0.0000587165268371,0.000041682706069,0.0000187276309589,0.0000147464188558,0.00000643552539259,0.00000455009194411,0.00000783045743447,0.00063692999538],"dvar":[0.0000337128767569,0.000280722772004,0.0000622994775767,0.0000178851478267,0.00000605066497883,0.00000912896211958,0.0000108142303361,0.00000781555627327,0.0000084759458332,0.00000680058155922,0.0000020191753265,0.00000132673812914,7.59157899211e-7,6.77778757563e-7,2.88306750917e-7,8.4847634696e-8,9.15642885957e-8,1.06894660235e-7,3.64204595371e-8,6.15751574173e-8,2.24325269471e-8,1.14549147945e-9,7.64776353357e-10,6.26736371134e-11,2.06533991298e-11,1.45690862152e-10,0.00000103886645775],"dvar2":[0.0000923662591958,0.000629032088909,0.00015707728744,0.0000393090522266,0.0000140963147715,0.0000201809780265,0.000023542850613,0.0000168180922628,0.00002123316699,0.0000171192896232,0.00000462767138742,0.00000314444628202,0.00000186923034562,0.00000160912520641,6.41861220174e-7,1.98824693598e-7,2.05436307965e-7,2.16818946797e-7,8.04085118489e-8,1.40444782915e-7,4.36545128935e-8,2.30475349916e-9,1.6258994151e-9,1.45775738702e-10,5.40849760811e-11,3.35839162036e-10,0.00000244267948801],"max":[0.0773230418563,0.266770035028,0.170818448067,0.211485981941,0.116464719176,0.142551392317,0.178388372064,0.157907158136,0.0992405414581,0.0865511745214,0.0754409432411,0.0475949048996,0.0327593609691,0.0353657118976,0.0175090301782,0.00770847126842,0.00860689859837,0.0253109484911,0.00614912621677,0.0235194712877,0.00909800082445,0.00147875060793,0.0010917923646,0.000318117788993,0.00010207084415,0.000745210272726,0.0423785857856],"mean":[0.00449466239661,0.025107966736,0.00510158203542,0.0022511635907,0.00177992903627,0.001361896866,0.00136650411878,0.00086325238226,0.00136824382935,0.00123642350081,0.000844386056997,0.000670103472658,0.000595237361267,0.000529606011696,0.000373622722691,0.000213458202779,0.000163923032233,0.000131999506266,0.0000777958339313,0.0000609112685197,0.0000500962269143,0.0000198895286303,0.0000135447235152,0.00000461460695078,0.00000262202183876,0.00000660990917822,0.000923228799365],"median":[0.00186163594481,0.00886645819992,0.00170826283284,0.000519184104633,0.000701581710018,0.000350640621036,0.000318299251376,0.000161703297636,0.000272974983091,0.000256738130702,0.000183399257367,0.000179498805664,0.000146898906678,0.000132618966745,0.000103828788269,0.0000617398109171,0.0000435411639046,0.0000271852259175,0.0000155562938744,0.0000106735587906,0.0000100809793366,0.00000525493578607,0.00000277146796179,0.0000015643762481,9.68933591139e-7,0.00000250931589107,0.000227368567721],"min":[1.97446930767e-13,6.10529747418e-13,1.55738133977e-13,1.53307921913e-13,2.87708984241e-13,6.7201791549e-14,7.0877731581e-14,2.11658449556e-13,8.57210298837e-13,8.9715669789e-13,9.17379914438e-14,5.66570932965e-13,2.27640606018e-13,1.08952788198e-12,9.70140200812e-13,7.59996341033e-13,1.23599947551e-12,5.87827258657e-13,1.6033923321e-12,4.21959819516e-12,6.90966988487e-12,6.21988007973e-12,4.58350588387e-12,4.60337974337e-12,1.10645095516e-11,1.35551084246e-11,1.07306229874e-11],"var":[0.000046000131988,0.0011936504161,0.000084991545009,0.0000446610283689,0.0000127162502395,0.0000180795304914,0.0000240547797148,0.0000162049545906,0.0000161295174621,0.0000119614769574,0.00000441071688329,0.0000026476570838,0.00000166799281942,0.00000148716492276,6.04727517839e-7,1.65759345805e-7,1.37296609637e-7,1.61581482416e-7,5.79987151639e-8,1.37872888217e-7,6.25313347768e-8,2.05746375492e-9,1.0892504676e-9,7.95731674996e-11,2.13571417496e-11,1.84662354852e-10,0.00000295796530736]},"barkbands_crest":{"dmean":3.00592517853,"dmean2":4.93188428879,"dvar":7.91092967987,"dvar2":20.6052589417,"max":26.0958938599,"mean":12.8449058533,"median":12.0546388626,"min":2.8152551651,"var":30.4751777649},"barkbands_flatness_db":{"dmean":0.0358277447522,"dmean2":0.0563568174839,"dvar":0.00110617477912,"dvar2":0.00283835735172,"max":0.57939606905,"mean":0.193651407957,"median":0.178163826466,"min":0.0232341624796,"var":0.00578536372632},"barkbands_kurtosis":{"dmean":19.8493404388,"dmean2":31.6513786316,"dvar":2160.96435547,"dvar2":5314.625,"max":1346.09277344,"mean":36.6924972534,"median":9.48751068115,"min":-1.82172715664,"var":5453.17236328},"barkbands_skewness":{"dmean":1.12241590023,"dmean2":1.75933897495,"dvar":1.97384548187,"dvar2":4.64566421509,"max":30.4316558838,"mean":3.73800349236,"median":2.69827151299,"min":-2.63010144234,"var":9.85247325897},"barkbands_spread":{"dmean":7.08994722366,"dmean2":11.0780086517,"dvar":81.9265289307,"dvar2":189.011169434,"max":118.59753418,"mean":21.2707557678,"median":15.7097759247,"min":0.105692699552,"var":367.829437256},"dissonance":{"dmean":0.0245424266905,"dmean2":0.0410171374679,"dvar":0.000625128042884,"dvar2":0.0016731005162,"max":0.500000178814,"mean":0.459115386009,"median":0.468866467476,"min":0.153468936682,"var":0.00124229036737},"dynamic_complexity":3.9400305748,"erbbands":{"dmean":[0.447466433048,2.16990089417,4.61939382553,4.61693191528,4.30814695358,3.26086592674,5.87280797958,7.60445070267,11.3911724091,11.2368831635,13.503241539,17.6466121674,22.3263111115,24.9586811066,17.9690570831,18.3769245148,15.9403419495,13.6424217224,14.5928134918,10.3424196243,6.40593576431,6.1924071312,5.63311004639,3.54384899139,2.51778268814,1.91849136353,1.58592021465,0.900545597076,0.494538038969,0.371257662773,0.290246874094,0.134116157889,0.0476684570312,0.0296702496707,0.0191073566675,0.0116973025724,0.0108897089958,0.00691002514213,0.00534852687269,0.0109838470817],"dmean2":[0.692718803883,3.38966536522,7.38699293137,7.2405538559,7.02819824219,5.28115177155,9.25716876984,11.9247112274,17.1667823792,17.404001236,21.169090271,28.0537757874,35.5309829712,39.8756332397,28.1205978394,29.1747875214,25.134519577,21.367811203,22.7984466553,16.1895389557,9.69489002228,9.20056629181,8.34183120728,5.10042858124,3.65125584602,2.72505712509,2.25811195374,1.27203464508,0.691827476025,0.5112221241,0.411985069513,0.200207427144,0.080412581563,0.0507350228727,0.0325605273247,0.0196611694992,0.0163238160312,0.00964883901179,0.00724936183542,0.0159857403487],"dvar":[0.448298245668,14.2591638565,77.551902771,133.968933105,120.510597229,50.8598442078,358.151763916,820.845581055,2485.82763672,1472.10205078,4771.21484375,3046.27807617,7232.61914062,7101.73242188,1886.96569824,2835.59448242,1595.98046875,897.397949219,1282.39660645,625.868774414,182.473983765,294.116943359,357.327606201,126.559860229,85.5941543579,144.63444519,89.8736953735,12.8247709274,1.54388988018,0.972979545593,0.616535186768,0.0972291454673,0.00725068105385,0.00259638414718,0.00104590121191,0.00036300116335,0.000715431582648,0.00031430227682,0.000177694964805,0.000436642760178],"dvar2":[1.07785069942,32.6359634399,192.522033691,307.546325684,287.161468506,120.755943298,773.800170898,1821.35083008,5201.17871094,3316.89990234,10102.7431641,7438.19824219,17947.765625,18496.3359375,4505.28320312,6719.4921875,3806.296875,2046.05200195,2967.63476562,1473.70507812,407.8671875,649.864501953,714.439331055,258.739593506,191.341445923,332.239837646,181.128463745,25.6204891205,3.10659480095,1.98689627647,1.36423516273,0.214976742864,0.0185487102717,0.00680488161743,0.00273396237753,0.000936495780479,0.00165445473976,0.000622004503384,0.000306377565721,0.000939668680076],"max":[9.09015274048,64.4667739868,173.881072998,460.018707275,514.572570801,307.342224121,797.074462891,1633.70397949,2759.43701172,1554.5090332,4182.15429688,1751.08728027,4383.44091797,3880.0324707,1256.21972656,2460.49047852,1712.77026367,930.640563965,1111.99719238,1013.27539062,297.674713135,548.985900879,1536.75183105,566.541931152,415.025787354,1130.87731934,666.980773926,210.068466187,43.4710922241,60.2073631287,26.3715114594,10.927283287,3.67647504807,1.14761769772,0.722588896751,0.405423462391,1.65548193455,1.04702723026,1.07769525051,0.549728393555],"mean":[0.860066354275,4.96814203262,7.3287062645,6.91804504395,6.7153801918,4.85025262833,8.5198802948,11.4700241089,18.0721435547,19.1886577606,21.0912666321,29.6141357422,36.3751106262,41.6634712219,32.2840156555,30.6927642822,27.8532314301,24.7936706543,24.7648563385,17.2267990112,10.5538635254,9.23716163635,7.99019575119,4.90463733673,3.45779037476,2.85652422905,2.5832722187,1.49044537544,0.753212511539,0.515244543552,0.362390756607,0.163171261549,0.0491082184017,0.0291764680296,0.0190495867282,0.0124688986689,0.0140535021201,0.0118195684627,0.013873857446,0.0340174809098],"median":[0.293843328953,1.63813614845,2.70660376549,2.07308602333,2.12896513939,2.00163555145,2.56202745438,2.82175850868,3.91430091858,4.6447892189,4.29459953308,6.49797201157,7.32353210449,10.952331543,8.57942771912,8.82236671448,7.582508564,7.18002653122,6.74180936813,4.9779086113,3.33247065544,2.55680298805,1.79798209667,1.04347133636,0.67532992363,0.496878325939,0.47074046731,0.331699371338,0.200273528695,0.122999697924,0.0738361105323,0.0425986126065,0.0188377834857,0.0108449440449,0.00716853979975,0.00528378784657,0.00515234749764,0.00410747621208,0.00497138733044,0.0125371273607],"min":[1.80221098461e-11,1.10921161145e-10,3.90845550369e-10,5.17251130816e-10,7.12501058153e-10,9.53273571191e-10,9.69439528653e-10,4.14299122786e-10,3.98290012082e-10,4.12888789825e-9,5.22915266643e-9,1.74696985766e-8,3.00467597469e-8,1.44088163623e-8,5.39386002529e-9,2.42522730787e-8,1.4382456115e-8,4.24105373042e-8,3.67105315036e-8,6.55314025266e-8,6.65106654196e-8,5.60395250204e-8,3.15440189524e-8,4.41232721471e-8,1.06453221349e-7,1.92748345285e-7,2.65901917373e-7,2.52497528663e-7,2.80611033077e-7,1.89656987004e-7,1.1970358571e-7,7.31900655637e-8,9.90874227114e-8,1.10823989985e-7,7.31611109472e-8,5.31800061765e-8,2.41555859759e-8,9.66215818465e-9,1.56630630688e-9,1.21139126508e-10],"var":[1.49861550331,52.5546951294,128.337295532,298.736053467,295.512023926,83.4295501709,735.179992676,1513.48547363,5440.54638672,3959.33300781,9397.43652344,6594.98388672,12903.4394531,12319.203125,4446.28173828,5670.70410156,3545.47802734,2284.5402832,2787.53149414,1274.60412598,350.912597656,444.120941162,554.257202148,204.977416992,144.852539062,315.766143799,241.39730835,33.9728088379,2.97570037842,1.52138328552,0.808401346207,0.132406204939,0.00759379658848,0.00265993969515,0.00109643733595,0.000405454164138,0.000895278528333,0.000600466853939,0.000755593180656,0.00241480325349]},"erbbands_crest":{"dmean":2.76284909248,"dmean2":4.47035884857,"dvar":6.65775108337,"dvar2":16.4969921112,"max":32.7017173767,"mean":9.24737453461,"median":8.3364944458,"min":1.94993972778,"var":17.5970401764},"erbbands_flatness_db":{"dmean":0.0281153935939,"dmean2":0.0434676930308,"dvar":0.000616835139226,"dvar2":0.00148711528163,"max":0.412584483624,"mean":0.156213968992,"median":0.152192309499,"min":0.0319295376539,"var":0.00244826613925},"erbbands_kurtosis":{"dmean":1.49335694313,"dmean2":2.35413765907,"dvar":8.22259044647,"dvar2":19.8924160004,"max":120.605690002,"mean":1.55525112152,"median":0.658087015152,"min":-1.78703773022,"var":13.4158639908},"erbbands_skewness":{"dmean":0.435973227024,"dmean2":0.663882493973,"dvar":0.194577857852,"dvar2":0.442492753267,"max":9.58807849884,"mean":0.20349997282,"median":0.129095554352,"min":-4.70682764053,"var":0.951622366905},"erbbands_spread":{"dmean":7.85487604141,"dmean2":11.8760375977,"dvar":70.3738098145,"dvar2":154.301895142,"max":126.42930603,"mean":29.411813736,"median":25.4684352875,"min":1.31269621849,"var":306.355255127},"gfcc":{"cov":[[11894.7685547,663.90423584,-1135.13195801,-56.4402770996,207.856781006,-319.369537354,364.560302734,-216.873291016,124.243461609,-94.0426330566,26.6131305695,-26.6326828003,35.7241325378],[663.90423584,855.856506348,125.791610718,-314.729248047,118.379463196,-53.6778106689,45.7405395508,-69.7231903076,58.9057388306,-40.2523727417,29.0956630707,-68.4202194214,59.6842727661],[-1135.13195801,125.791610718,797.868835449,408.874908447,-103.595481873,203.719619751,-98.1882171631,185.515213013,-68.9279174805,77.5836791992,-5.33231639862,10.7352275848,-16.1128787994],[-56.4402770996,-314.729248047,408.874908447,988.515869141,-43.003993988,54.7561950684,59.7753982544,115.490715027,-45.4601287842,78.2492752075,-30.3749866486,81.1133575439,-107.655975342],[207.856781006,118.379463196,-103.595481873,-43.003993988,301.733459473,86.7154006958,63.5641212463,-51.396232605,66.8534622192,-22.7397670746,37.330532074,4.88698148727,33.3459815979],[-319.369537354,-53.6778106689,203.719619751,54.7561950684,86.7154006958,318.708465576,-3.46733212471,103.67540741,2.05255723,31.2201442719,33.6699066162,14.9218606949,22.6049404144],[364.560302734,45.7405395508,-98.1882171631,59.7753982544,63.5641212463,-3.46733212471,219.93939209,5.65062046051,60.0883598328,-12.8923406601,13.0073719025,23.9009971619,-9.23204612732],[-216.873291016,-69.7231903076,185.515213013,115.490715027,-51.396232605,103.67540741,5.65062046051,183.572967529,18.2469749451,39.3746261597,-2.74512600899,13.0963287354,-0.491477519274],[124.243461609,58.9057388306,-68.9279174805,-45.4601287842,66.8534622192,2.05255723,60.0883598328,18.2469749451,139.261398315,18.7076587677,23.1372833252,8.33997344971,-1.07551491261],[-94.0426330566,-40.2523727417,77.5836791992,78.2492752075,-22.7397670746,31.2201442719,-12.8923406601,39.3746261597,18.7076587677,102.595283508,29.0987930298,-1.19900119305,-0.533930718899],[26.6131305695,29.0956630707,-5.33231639862,-30.3749866486,37.330532074,33.6699066162,13.0073719025,-2.74512600899,23.1372833252,29.0987930298,70.8315887451,28.8819065094,8.1806602478],[-26.6326828003,-68.4202194214,10.7352275848,81.1133575439,4.88698148727,14.9218606949,23.9009971619,13.0963287354,8.33997344971,-1.19900119305,28.8819065094,73.5936584473,9.84710693359],[35.7241325378,59.6842727661,-16.1128787994,-107.655975342,33.3459815979,22.6049404144,-9.23204612732,-0.491477519274,-1.07551491261,-0.533930718899,8.1806602478,9.84710693359,86.1478347778]],"icov":[[0.000138870600495,-0.000350156362401,0.000538785825484,-0.000301996042253,0.000186530844076,-0.00019284505106,0.0000791996426415,-0.000175831868546,0.000102573765616,-0.0000126674267449,-0.0000560285006941,0.0000352287497662,-0.000103235681308],[-0.000350156362401,0.00382343167439,-0.00375625235029,0.00182309467345,-0.00152692105621,0.00230258889496,-0.00173376360908,0.0015262789093,-0.00137677369639,0.00169856101274,-0.00222563324496,0.00311957928352,-0.00127015938051],[0.000538785825484,-0.00375625235029,0.00670352764428,-0.00323994713835,0.00242075533606,-0.00343176373281,0.00264980690554,-0.0028650991153,0.00159633136354,-0.00100298260804,0.000480461574625,-0.000890108000021,-0.000115171831567],[-0.000301996042253,0.00182309467345,-0.00323994713835,0.0037897916045,-0.00222536246292,0.00167925481219,-0.00174601236358,0.000492841703817,0.00089963542996,-0.00255712121725,0.00335651147179,-0.00373892323114,0.00333263236098],[0.000186530844076,-0.00152692105621,0.00242075533606,-0.00222536246292,0.00723574589938,-0.00373179139569,0.000209228484891,0.0021698938217,-0.00288030132651,0.00279038841836,-0.00310252024792,0.00258103595115,-0.00315353018232],[-0.00019284505106,0.00230258889496,-0.00343176373281,0.00167925481219,-0.00373179139569,0.00721010519192,-0.00110360933468,-0.00232422654517,0.000820930174086,0.000390543660615,-0.00266039185226,0.00130579643883,-0.00052155269077],[0.0000791996426415,-0.00173376360908,0.00264980690554,-0.00174601236358,0.000209228484891,-0.00110360933468,0.00708305789158,-0.00159192702267,-0.00152980524581,0.000877298065461,-0.0000417661503889,-0.0017326407833,0.000628936337307],[-0.000175831868546,0.0015262789093,-0.0028650991153,0.000492841703817,0.0021698938217,-0.00232422654517,-0.00159192702267,0.010943826288,-0.0037044195924,-0.000834783131722,0.00183061312418,0.0000111323042802,-0.00146924762521],[0.000102573765616,-0.00137677369639,0.00159633136354,0.00089963542996,-0.00288030132651,0.000820930174086,-0.00152980524581,-0.0037044195924,0.0119031975046,-0.00459700450301,0.00141991989221,-0.00373048312031,0.00346023449674],[-0.0000126674267449,0.00169856101274,-0.00100298260804,-0.00255712121725,0.00279038841836,0.000390543660615,0.000877298065461,-0.000834783131722,-0.00459700450301,0.0189228206873,-0.0138988588005,0.011164162308,-0.00554437795654],[-0.0000560285006941,-0.00222563324496,0.000480461574625,0.00335651147179,-0.00310252024792,-0.00266039185226,-0.0000417661503889,0.00183061312418,0.00141991989221,-0.0138988588005,0.031793050468,-0.0192085914314,0.00686265341938],[0.0000352287497662,0.00311957928352,-0.000890108000021,-0.00373892323114,0.00258103595115,0.00130579643883,-0.0017326407833,0.0000111323042802,-0.00373048312031,0.011164162308,-0.0192085914314,0.0303801242262,-0.010168004781],[-0.000103235681308,-0.00127015938051,-0.000115171831567,0.00333263236098,-0.00315353018232,-0.00052155269077,0.000628936337307,-0.00146924762521,0.00346023449674,-0.00554437795654,0.00686265341938,-0.010168004781,0.0186098199338]],"mean":[-45.3517150879,111.034362793,-76.856086731,-5.33118963242,-5.70080661774,-2.74073767662,2.77553200722,-10.9097604752,3.26965284348,-8.50714969635,-3.37952947617,-4.47970438004,-2.65988469124]},"hfc":{"dmean":60.2652015686,"dmean2":90.4167633057,"dvar":9006.45800781,"dvar2":20700.0820312,"max":2703.81469727,"mean":214.766952515,"median":143.00177002,"min":6.99925237768e-7,"var":57431.8242188},"melbands":{"dmean":[0.0033711057622,0.00253084488213,0.000776996428613,0.000255472201388,0.000187748169992,0.000172717656824,0.000171177365701,0.00011962478311,0.000108996209747,0.000120225959108,0.000114354668767,0.000106092898932,0.0000714445559424,0.0000495482054248,0.0000428208586527,0.0000306311594613,0.0000272930301435,0.0000271743956546,0.0000159358878591,0.0000116109858936,0.00000740386713005,0.00000643311796011,0.00000655759276924,0.00000437550897914,0.00000285519513454,0.00000210582106774,0.00000151303117946,0.00000129422767259,0.00000116312696719,7.4226744573e-7,4.81882182157e-7,2.99942769288e-7,2.273729649e-7,2.05777908491e-7,1.79834302116e-7,1.35520323852e-7,6.16679116661e-8,3.40678312227e-8,2.73276352658e-8,2.42132784933e-8],"dmean2":[0.00521943019703,0.0039659566246,0.00122074666433,0.00041369048995,0.0002953071089,0.000269945681794,0.000258584623225,0.000185017604963,0.000171915831743,0.000191008861293,0.000182563773706,0.000170414874447,0.000112630164949,0.0000787376484368,0.0000687639985699,0.0000482987161377,0.0000430342988693,0.0000430411782872,0.0000250186421908,0.0000183524880413,0.0000113800333565,0.00000973385158431,0.00000994309539237,0.00000650459742246,0.00000422491348218,0.00000313120790452,0.00000221365917241,0.00000188824935776,0.00000170304485891,0.00000108040489977,6.96438405612e-7,4.31952059898e-7,3.23061527752e-7,2.89461638658e-7,2.5919044333e-7,1.96128169705e-7,9.74142295718e-8,5.80393404448e-8,4.68135930021e-8,4.14434317975e-8],"dvar":[0.0000258152558672,0.0000193119285541,0.00000332913487,3.0783036209e-7,3.16989428484e-7,3.80519196597e-7,5.23769131178e-7,1.76536644858e-7,2.78904792594e-7,1.58337257972e-7,1.827813918e-7,1.32522615104e-7,3.3684230516e-8,2.05534824715e-8,1.03716031319e-8,5.08374187191e-9,3.89084409136e-9,5.27623589264e-9,1.47513612436e-9,7.49647233178e-10,2.67253719155e-10,3.14018588909e-10,4.09520695133e-10,2.25315266444e-10,8.3091047931e-11,5.80736188305e-11,3.95558863442e-11,9.45315145606e-11,5.8999777286e-11,1.85469244129e-11,2.59862227223e-12,6.07601154719e-13,3.38446908303e-13,3.17763691879e-13,2.51879653202e-13,1.28562552314e-13,1.91056599117e-14,4.40131660162e-15,2.20846985041e-15,1.73184377571e-15],"dvar2":[0.0000598223195993,0.0000458711947431,0.00000772253406467,7.20821219602e-7,6.91467789693e-7,8.44232602049e-7,0.00000111693657345,3.96395563484e-7,5.99794987011e-7,3.92132193383e-7,4.52449455679e-7,3.44934960594e-7,7.81844917697e-8,4.85875517597e-8,2.63564530201e-8,1.17914797926e-8,8.83997852696e-9,1.24986714312e-8,3.32228844435e-9,1.83180071112e-9,6.0923716072e-10,7.140723568e-10,8.9885504595e-10,4.51776810406e-10,1.76150136144e-10,1.36477232293e-10,9.12433600897e-11,2.30932342693e-10,1.34524419382e-10,3.93479623884e-11,5.76085446707e-12,1.29479055515e-12,7.0213832578e-13,6.66030869779e-13,5.71857773808e-13,2.90192701683e-13,4.39968801137e-14,1.13934223858e-14,5.78790826573e-15,4.54032402563e-15],"max":[0.0743765756488,0.0771702229977,0.0717353895307,0.0283838771284,0.0225741546601,0.0320648774505,0.0380388833582,0.0211238283664,0.0297923311591,0.0139227295294,0.0212396085262,0.0164215732366,0.00706475414336,0.00673632696271,0.00308463163674,0.00242729764432,0.00213934388012,0.00268136477098,0.00194364401978,0.00100231624674,0.000354456133209,0.00061602256028,0.00101880705915,0.00128996674903,0.000400501536205,0.00024835721706,0.000356080709025,0.000968839449342,0.000525225361343,0.000280452688457,0.0000855383768794,0.0000239961063926,0.0000277317467408,0.0000344127947756,0.0000164407138072,0.0000113741343739,0.00000533251022716,0.00000393849813918,0.00000105460253508,9.37807158152e-7],"mean":[0.00752220815048,0.00496924575418,0.00121931603644,0.000405120139476,0.000276711100014,0.000265176058747,0.000278417515801,0.00020057677466,0.000167800710187,0.000196934925043,0.000181673865882,0.000170226558112,0.000119266755064,0.0000798886758275,0.0000700404925738,0.0000527625670657,0.0000464745171485,0.0000434474677604,0.0000258911095443,0.0000184321597771,0.0000110693736133,0.00000922077742871,0.00000901492512639,0.00000584885538046,0.00000378074696528,0.00000271515182249,0.00000208352003028,0.0000018554194412,0.00000177262904799,0.00000118541117899,7.46914111005e-7,4.40814403646e-7,3.1699235592e-7,2.74174709602e-7,2.19210576802e-7,1.64559978089e-7,7.07803238242e-8,3.34654863821e-8,2.6560760702e-8,2.36216024518e-8],"median":[0.00278809922747,0.00188444717787,0.00040227783029,0.000151147920405,0.0000897484569578,0.0000674118491588,0.0000629432470305,0.0000480230228277,0.0000344721483998,0.0000398995762225,0.0000339906764566,0.0000429927968071,0.0000272061497526,0.0000208925357583,0.0000197526369448,0.0000137217957672,0.000012178860743,0.0000104978535092,0.00000758575242799,0.00000490717820867,0.00000336198741024,0.00000246696913564,0.00000195396796698,0.00000118950890737,7.45312263462e-7,5.14547139119e-7,3.86467888802e-7,2.98450970604e-7,3.00441854506e-7,2.23058094662e-7,1.71419472395e-7,1.1485190754e-7,8.13105458519e-8,5.84969015449e-8,4.28329194335e-8,3.32236247402e-8,2.11745341261e-8,1.19182681502e-8,9.72026459323e-9,8.58386339786e-9],"min":[1.71354345101e-13,2.51507744752e-13,9.54150224542e-14,6.26351658799e-14,3.56212421484e-14,9.45402017441e-15,7.51612059944e-15,4.7617451296e-14,5.35617421726e-14,1.18352457825e-13,1.31511839721e-13,6.96376211361e-14,1.38492715966e-14,3.79465813698e-14,6.17094401837e-14,2.64757274671e-14,9.27985241276e-14,6.58242720313e-14,8.05110305139e-14,5.51979557168e-14,9.52792261321e-14,6.76559164053e-14,3.6945334216e-14,2.30859253291e-14,3.25812171838e-14,7.59024123393e-14,6.18446537471e-14,1.53733539028e-13,1.52049081876e-13,2.17755189423e-13,1.1387945979e-13,1.52185325431e-13,1.1623360152e-13,1.06191145016e-13,7.01110583435e-14,4.01192107151e-14,4.56439119628e-14,6.8545843101e-14,7.67067751548e-14,9.59601796353e-14],"var":[0.00010285886674,0.0000484186348331,0.0000077546465036,7.14192253781e-7,6.49565265576e-7,7.56962151627e-7,0.00000115611385354,4.58029262518e-7,5.26870394424e-7,3.17237464742e-7,3.25389493128e-7,2.21946365286e-7,7.66651169215e-8,4.01144859552e-8,2.0910160714e-8,1.21889147664e-8,9.22962950511e-9,1.08378550578e-8,2.95972557574e-9,1.46376011312e-9,4.33317853821e-10,4.49403736447e-10,5.88981585725e-10,3.44039213784e-10,1.27850258158e-10,8.39106908956e-11,7.34481503395e-11,1.79727510652e-10,1.29868338306e-10,4.44844300285e-11,5.5702053213e-12,1.07142658461e-12,5.4490949513e-13,4.6495988483e-13,3.11791066056e-13,1.6610377082e-13,2.35298468264e-14,4.22485211014e-15,2.24244794181e-15,1.77237663158e-15]},"melbands_crest":{"dmean":4.30223655701,"dmean2":7.07746887207,"dvar":13.4959259033,"dvar2":36.5970306396,"max":37.3257331848,"mean":18.6311244965,"median":18.9505805969,"min":1.61822104454,"var":48.3716850281},"melbands_flatness_db":{"dmean":0.0438144020736,"dmean2":0.0687414184213,"dvar":0.00151666731108,"dvar2":0.00390775455162,"max":0.734104514122,"mean":0.316446781158,"median":0.30202883482,"min":0.00344310468063,"var":0.00881631113589},"melbands_kurtosis":{"dmean":21.0277042389,"dmean2":33.4619483948,"dvar":1684.72070312,"dvar2":4101.80224609,"max":997.833068848,"mean":40.6683120728,"median":11.6563472748,"min":-1.92088830471,"var":5066.07666016},"melbands_skewness":{"dmean":1.22730898857,"dmean2":1.91585588455,"dvar":1.85005867481,"dvar2":4.26737260818,"max":23.219455719,"mean":3.81762862206,"median":3.04912805557,"min":-2.82978200912,"var":9.73786449432},"melbands_spread":{"dmean":4.61403369904,"dmean2":7.35731744766,"dvar":42.9304122925,"dvar2":98.2740783691,"max":193.680358887,"mean":13.3086500168,"median":9.44288444519,"min":0.147315487266,"var":244.149337769},"mfcc":{"cov":[[8931.71875,318.214233398,-1351.72033691,342.543579102,-476.409454346,139.825622559,-127.345680237,88.4325485229,-61.0608940125,64.0978240967,-59.691028595,4.61142015457,-31.3826332092],[318.214233398,1267.02172852,-180.137008667,-424.672576904,28.8738632202,-51.890712738,-15.197347641,-89.1162261963,64.183555603,-71.9666213989,28.5329742432,-25.511631012,-13.7890386581],[-1351.72033691,-180.137008667,966.686950684,263.047241211,152.493896484,-16.0356731415,102.722625732,38.5683479309,21.4954452515,58.478515625,28.0833206177,24.2121276855,35.9148826599],[342.543579102,-424.672576904,263.047241211,748.930053711,-23.1313304901,87.4733123779,25.1164417267,78.9162902832,-28.6129684448,65.5520782471,-4.02452850342,20.8886013031,14.9228076935],[-476.409454346,28.8738632202,152.493896484,-23.1313304901,289.914794922,88.0192337036,49.7644767761,20.5904045105,22.5101089478,15.642490387,8.44891452789,9.72423744202,28.522605896],[139.825622559,-51.890712738,-16.0356731415,87.4733123779,88.0192337036,196.750564575,64.9212875366,60.6951522827,-4.90832948685,43.7047271729,-3.83143115044,17.4525928497,28.550901413],[-127.345680237,-15.197347641,102.722625732,25.1164417267,49.7644767761,64.9212875366,144.270874023,43.8510169983,28.3378753662,-0.562857329845,18.3480739594,9.93433666229,12.8948326111],[88.4325485229,-89.1162261963,38.5683479309,78.9162902832,20.5904045105,60.6951522827,43.8510169983,177.392578125,32.4032859802,43.3469810486,4.66305446625,27.212184906,13.761920929],[-61.0608940125,64.183555603,21.4954452515,-28.6129684448,22.5101089478,-4.90832948685,28.3378753662,32.4032859802,103.615715027,34.8723716736,17.362323761,-0.400811165571,5.90643167496],[64.0978240967,-71.9666213989,58.478515625,65.5520782471,15.642490387,43.7047271729,-0.562857329845,43.3469810486,34.8723716736,104.491073608,31.3050785065,18.865064621,11.3032112122],[-59.691028595,28.5329742432,28.0833206177,-4.02452850342,8.44891452789,-3.83143115044,18.3480739594,4.66305446625,17.362323761,31.3050785065,87.3654937744,38.2530403137,2.17247843742],[4.61142015457,-25.511631012,24.2121276855,20.8886013031,9.72423744202,17.4525928497,9.93433666229,27.212184906,-0.400811165571,18.865064621,38.2530403137,71.9301757812,29.9567813873],[-31.3826332092,-13.7890386581,35.9148826599,14.9228076935,28.522605896,28.550901413,12.8948326111,13.761920929,5.90643167496,11.3032112122,2.17247843742,29.9567813873,61.60313797]],"icov":[[0.000178197151399,-0.000110639994091,0.000287561444566,-0.000194911350263,0.000156573878485,0.0000384044105886,-0.0001299296855,-0.0000561719170946,0.00016116972256,-0.000336706201779,0.000202712413738,-0.0000919735466596,-0.0000210636790143],[-0.000110639994091,0.00115933234338,-0.000208605226362,0.000620677310508,-0.0000643981256871,-0.000505587144289,0.000529712589923,0.000310936913593,-0.00108525692485,0.00125473877415,-0.000918549252674,0.000418476265622,-0.0000390798377339],[0.000287561444566,-0.000208605226362,0.00215844507329,-0.000958159565926,-0.00091232144041,0.00203031417914,-0.00197522854432,5.04562933656e-7,0.00104077497963,-0.00212149438448,0.000782278075349,-0.000213930412428,-0.000665785919409],[-0.000194911350263,0.000620677310508,-0.000958159565926,0.00224998849444,0.000566080503631,-0.00127802102361,0.000668082502671,-0.000281097425614,-0.00000810854726296,0.000297171704005,-0.000350515038008,0.000184897959116,0.000175078443135],[0.000156573878485,-0.0000643981256871,-0.00091232144041,0.000566080503631,0.00523875281215,-0.00330537930131,0.000725186546333,0.00012854905799,-0.0012870276114,0.00122657266911,-0.000749827246182,0.000516329950187,-0.000940350000747],[0.0000384044105886,-0.000505587144289,0.00203031417914,-0.00127802102361,-0.00330537930131,0.0116366343573,-0.00612269574776,-0.0012314907508,0.00473997043446,-0.0068749692291,0.00352872582152,-0.000660923309624,-0.00226979912259],[-0.0001299296855,0.000529712589923,-0.00197522854432,0.000668082502671,0.000725186546333,-0.00612269574776,0.0126450853422,-0.00163088238332,-0.00475792679936,0.0070828362368,-0.00484230043367,0.00171915488318,-0.000247191492235],[-0.0000561719170946,0.000310936913593,5.04562933656e-7,-0.000281097425614,0.00012854905799,-0.0012314907508,-0.00163088238332,0.00803685095161,-0.00234291842207,-0.00184940977488,0.00244178785942,-0.00378280389123,0.00148337997962],[0.00016116972256,-0.00108525692485,0.00104077497963,-0.00000810854726296,-0.0012870276114,0.00473997043446,-0.00475792679936,-0.00234291842207,0.0154631845653,-0.00771999498829,0.0000913109688554,0.00284423003905,-0.00229962635785],[-0.000336706201779,0.00125473877415,-0.00212149438448,0.000297171704005,0.00122657266911,-0.0068749692291,0.0070828362368,-0.00184940977488,-0.00771999498829,0.0198967996985,-0.00801382679492,0.00155154441018,-0.000559306994546],[0.000202712413738,-0.000918549252674,0.000782278075349,-0.000350515038008,-0.000749827246182,0.00352872582152,-0.00484230043367,0.00244178785942,0.0000913109688554,-0.00801382679492,0.021162500605,-0.0130679290742,0.00577644817531],[-0.0000919735466596,0.000418476265622,-0.000213930412428,0.000184897959116,0.000516329950187,-0.000660923309624,0.00171915488318,-0.00378280389123,0.00284423003905,0.00155154441018,-0.0130679290742,0.0271796323359,-0.0126344179735],[-0.0000210636790143,-0.0000390798377339,-0.000665785919409,0.000175078443135,-0.000940350000747,-0.00226979912259,-0.000247191492235,0.00148337997962,-0.00229962635785,-0.000559306994546,0.00577644817531,-0.0126344179735,0.0240302737802]],"mean":[-713.553222656,175.871612549,-5.74140977859,21.9731845856,8.87434768677,20.9377651215,5.94813728333,12.6099634171,7.48950529099,6.45712995529,3.1709561348,4.39822626114,1.3131352663]},"pitch_salience":{"dmean":0.0871351584792,"dmean2":0.142212614417,"dvar":0.00616393983364,"dvar2":0.0161935687065,"max":0.927130520344,"mean":0.48664110899,"median":0.504291057587,"min":0.060439337045,"var":0.0249940678477},"silence_rate_20dB":{"dmean":0,"dmean2":0,"dvar":0,"dvar2":0,"max":1,"mean":1,"median":1,"min":1,"var":0},"silence_rate_30dB":{"dmean":0.0622081384063,"dmean2":0.124421462417,"dvar":0.0583409778774,"dvar2":0.12676461041,"max":1,"mean":0.809839487076,"median":1,"min":0,"var":0.153976395726},"silence_rate_60dB":{"dmean":0.0134256174788,"dmean2":0.0268523544073,"dvar":0.0132474526763,"dvar2":0.0298072639853,"max":1,"mean":0.0488638728857,"median":0,"min":0,"var":0.0464709736407},"spectral_centroid":{"dmean":175.194091797,"dmean2":252.23274231,"dvar":46197.46875,"dvar2":83483.4921875,"max":10901.9814453,"mean":823.116271973,"median":749.334777832,"min":79.5433731079,"var":267464.78125},"spectral_complexity":{"dmean":3.36791205406,"dmean2":4.82867050171,"dvar":16.3523750305,"dvar2":25.6549854279,"max":58,"mean":14.3731918335,"median":13,"min":0,"var":92.7269744873},"spectral_contrast_coeffs":{"dmean":[0.0524209551513,0.0472561791539,0.040924873203,0.0319407768548,0.0295686423779,0.0392455942929],"dmean2":[0.0869886577129,0.078171685338,0.0667162910104,0.0515959747136,0.047802425921,0.0587872713804],"dvar":[0.00175888556987,0.00143760140054,0.0010969992727,0.000700235366821,0.000786467571743,0.00145430781413],"dvar2":[0.0047048619017,0.00380305224098,0.00277228746563,0.00173834851012,0.00198185071349,0.00319809885696],"max":[-0.28364738822,-0.361483544111,-0.509155631065,-0.574502110481,-0.557097733021,-0.433481574059],"mean":[-0.702868640423,-0.784192621708,-0.79224896431,-0.816079080105,-0.832688748837,-0.787182688713],"median":[-0.708233118057,-0.791159391403,-0.796459972858,-0.8177318573,-0.832192957401,-0.806077539921],"min":[-0.961264252663,-0.97152107954,-0.971308350563,-0.983623445034,-0.965827584267,-0.961072444916],"var":[0.00595429819077,0.00481051113456,0.00457725021988,0.00326513499022,0.00276711024344,0.00559255667031]},"spectral_contrast_valleys":{"dmean":[0.433237105608,0.431654661894,0.401636123657,0.394321590662,0.482517451048,0.691847145557],"dmean2":[0.700437545776,0.698263466358,0.631154119968,0.591487109661,0.695000350475,1.13342618942],"dvar":[0.139846146107,0.149412691593,0.144116252661,0.155851244926,0.22086687386,0.342015147209],"dvar2":[0.326539993286,0.364289820194,0.330178916454,0.348529726267,0.525427401066,0.913888394833],"max":[-4.96061468124,-4.24725580215,-4.75984239578,-5.40719175339,-5.34332799911,-8.73156261444],"mean":[-6.87331295013,-6.8654961586,-7.24945878983,-7.76677656174,-8.30000495911,-11.2703952789],"median":[-6.68325567245,-6.73350858688,-7.09294700623,-7.58915042877,-8.11916351318,-11.1520442963],"min":[-27.2856006622,-27.1202068329,-27.2207202911,-27.2973041534,-27.1902046204,-27.28647995],"var":[1.40733528137,1.29110765457,1.42555975914,1.4184384346,1.37638282776,1.067730546]},"spectral_decrease":{"dmean":4.39327729751e-9,"dmean2":6.7411929372e-9,"dvar":3.51951321658e-17,"dvar2":7.86891821289e-17,"max":1.84955748495e-8,"mean":-1.02487245357e-8,"median":-5.45179190681e-9,"min":-8.63287894504e-8,"var":1.46257734868e-16},"spectral_energy":{"dmean":0.0178343467414,"dmean2":0.0267019383609,"dvar":0.000535028462764,"dvar2":0.00116114749108,"max":0.355373501778,"mean":0.0581611208618,"median":0.042826808989,"min":9.04266314605e-11,"var":0.00264914566651},"spectral_energyband_high":{"dmean":0.000183839219972,"dmean2":0.000258679705439,"dvar":1.9092435366e-7,"dvar2":3.75033891942e-7,"max":0.0298161078244,"mean":0.000387603329727,"median":0.000141438809806,"min":6.05300462531e-11,"var":6.08909374478e-7},"spectral_energyband_low":{"dmean":0.0145737798885,"dmean2":0.022551285103,"dvar":0.000451951636933,"dvar2":0.00102201104164,"max":0.315311342478,"mean":0.0350085161626,"median":0.016184611246,"min":3.0431915668e-12,"var":0.00185397290625},"spectral_energyband_middle_high":{"dmean":0.00184754002839,"dmean2":0.00273088365793,"dvar":0.000012756589058,"dvar2":0.0000286208432954,"max":0.121128171682,"mean":0.00468665361404,"median":0.00200930796564,"min":8.66756406231e-12,"var":0.0000479337941215},"spectral_energyband_middle_low":{"dmean":0.00397996883839,"dmean2":0.00607188418508,"dvar":0.0000694626141922,"dvar2":0.000151815489517,"max":0.222331300378,"mean":0.00930410064757,"median":0.00373107381165,"min":1.89012325756e-12,"var":0.000257926061749},"spectral_entropy":{"dmean":0.254135459661,"dmean2":0.389430224895,"dvar":0.0638058707118,"dvar2":0.166122108698,"max":9.79202365875,"mean":7.27053356171,"median":7.31722784042,"min":4.91672420502,"var":0.206324443221},"spectral_flux":{"dmean":0.0314393080771,"dmean2":0.0505500435829,"dvar":0.00126417796127,"dvar2":0.00296405213885,"max":0.499165654182,"mean":0.108971752226,"median":0.100409090519,"min":0.0000202057999559,"var":0.00360290170647},"spectral_kurtosis":{"dmean":8.71925544739,"dmean2":13.7456912994,"dvar":107.292999268,"dvar2":270.053375244,"max":128.947875977,"mean":24.6323013306,"median":20.1883888245,"min":-1.23321080208,"var":270.306182861},"spectral_rms":{"dmean":0.00115067802835,"dmean2":0.00169780303258,"dvar":0.00000155254065248,"dvar2":0.00000314291673931,"max":0.0186200384051,"mean":0.00673785945401,"median":0.00646391930059,"min":2.9702036386e-7,"var":0.0000113437654363},"spectral_rolloff":{"dmean":3192.77929688,"dmean2":6206.65283203,"dvar":49591492,"dvar2":123181600,"max":22028.4667969,"mean":12538.0673828,"median":20865.6738281,"min":43.06640625,"var":105493632},"spectral_skewness":{"dmean":0.677329957485,"dmean2":1.02383291721,"dvar":0.514865279198,"dvar2":1.25377237797,"max":9.60231494904,"mean":3.52559280396,"median":3.28010630608,"min":0.0219043567777,"var":1.83568358421},"spectral_spread":{"dmean":596073.8125,"dmean2":957313.6875,"dvar":331442978816,"dvar2":821779300352,"max":40762920,"mean":4018450.75,"median":3922207.75,"min":1430138,"var":1105033691140},"spectral_strongpeak":{"dmean":5.78746509552,"dmean2":10.5183591843,"dvar":273.633239746,"dvar2":718.71661377,"max":218.526306152,"mean":5.44259786606,"median":0.335103064775,"min":0,"var":293.700134277},"zerocrossingrate":{"dmean":0.0439573638141,"dmean2":0.0532954633236,"dvar":0.00173023890238,"dvar2":0.00221730326302,"max":0.73193359375,"mean":0.275971770287,"median":0.26611328125,"min":0.00390625,"var":0.0210416596383}},"metadata":{"audio_properties":{"analysis_sample_rate":44100,"bit_rate":160000,"codec":"mp3","downmix":"mix","equal_loudness":0,"length":556.90447998,"lossless":false,"md5_encoded":"56c98b805e35eb15e1f774235bbd8047","replay_gain":-3.74759864807,"sample_rate":44100},"tags":{"album":["Everybody Knows This Is Nowhere"],"album artist credit":["Neil Young with Crazy Horse"],"albumartist":["Neil Young & Crazy Horse"],"albumartistsort":["Young, Neil & Crazy Horse"],"artist":["Neil Young & Crazy Horse"],"artist credit":["Neil Young & Crazy Horse"],"artistsort":["Young, Neil & Crazy Horse"],"asin":["B000AA7AZ8"],"bpm":["0"],"catalognumber":["WPCR-75087"],"composer":["Neil Young"],"date":["2005-09-21"],"discnumber":["1/1"],"encodedby":["iTunes v4.8.0.32"],"file_name":"04 - Neil Young & Crazy Horse - Down by the River.mp3","genre":["Rock - Roots Rock"],"label":["Warner Music Japan"],"language":["eng"],"media":["CD"],"musicbrainz album release country":["JP"],"musicbrainz album status":["Official"],"musicbrainz album type":["album"],"musicbrainz_albumartistid":["0f3515b0-75c9-46c9-b26c-4cd05d26eae7"],"musicbrainz_albumid":["4da90b27-3b5b-351a-a5e6-ea643bcc1d1b"],"musicbrainz_artistid":["0f3515b0-75c9-46c9-b26c-4cd05d26eae7"],"musicbrainz_recordingid":["010a2b3b-6ba0-4951-bf79-13c7f69e3074"],"musicbrainz_releasegroupid":["f61603ab-ef6b-386b-a5e0-aaefc00543f1"],"originaldate":["1969-05-14"],"replaygain_album_gain":["0.00 dB"],"replaygain_album_peak":["0.000000"],"replaygain_track_gain":["-2.19 dB"],"replaygain_track_peak":["0.892914"],"script":["Latn"],"title":["Down by the River"],"tracknumber":["4/7"]},"version":{"essentia":"2.1-beta1","essentia_build_sha":"ca57ba49d9b1854bd80e60cf9ccf267278fb7d6b","essentia_git_sha":"v2.1_beta1-28-g21ef5f4-dirty","extractor":"music 1.0"}},"rhythm":{"beats_count":1526,"beats_loudness":{"dmean":0.0511977486312,"dmean2":0.0908575505018,"dvar":0.00205848459154,"dvar2":0.00646722968668,"max":0.303468853235,"mean":0.0825904756784,"median":0.0689929127693,"min":1.03782937799e-9,"var":0.00329472357407},"b