{"lowlevel":{"average_loudness":0.884058237076,"barkbands":{"dmean":[0.000100393801404,0.00118141621351,0.00182511331514,0.000785820011515,0.00133502308745,0.000699648575392,0.000572967110202,0.000504596042447,0.000775697408244,0.000787968805525,0.000410205597291,0.000594666344114,0.000640855927486,0.00067153328564,0.000503719842527,0.000298207887681,0.000245810777415,0.000193854735699,0.00020219515136,0.000173550390173,0.00017153036606,0.000200868220418,0.000197000685148,0.00015629758127,0.0000904765183805,0.0000327746529365,0.0000055168156905],"dmean2":[0.000152450476889,0.00190245651174,0.00283215381205,0.0012915066909,0.00209803087637,0.00108129228465,0.000878856517375,0.000754376815166,0.00119271024596,0.00122004293371,0.000646424945444,0.000936980475672,0.00102896988392,0.00110566127114,0.000807255273685,0.00048122467706,0.000393486174289,0.000317771569826,0.000328703928972,0.0002808731806,0.000286901718937,0.000338581565302,0.000337359670084,0.000261184992269,0.000140781412483,0.0000488160258101,0.00000866549089551],"dvar":[6.42521698069e-8,0.00000471390694656,0.000020939629394,0.00000328888245349,0.00000777278455644,0.00000203378658625,0.00000161028697221,0.00000149114941905,0.00000319749233313,0.00000290147227133,0.00000127399800931,0.00000182721191777,0.0000021772814307,0.0000024854757612,0.00000175292234417,0.00000108062670279,4.13774188246e-7,1.96790082896e-7,2.08066538221e-7,3.49542034428e-7,2.2345693651e-7,2.80437717493e-7,2.63633666009e-7,1.87936905149e-7,4.07313187623e-8,5.48061418471e-9,2.3154865525e-10],"dvar2":[1.46360633835e-7,0.0000130000971694,0.0000508395278302,0.00000865085530677,0.0000174535944097,0.00000520286266692,0.00000402972773372,0.00000366806011698,0.00000717738703315,0.00000688350610289,0.00000301069417219,0.00000437560447608,0.00000535141907676,0.00000648645345791,0.00000409340236729,0.00000249968570643,9.85487190519e-7,4.76678110317e-7,5.1241016763e-7,8.29973316741e-7,5.30389343112e-7,7.05631236997e-7,6.77633352097e-7,4.74442174436e-7,9.63877866411e-8,1.23826753295e-8,5.63655178087e-10],"max":[0.00365146016702,0.0278521589935,0.0605701692402,0.0345343984663,0.0371467582881,0.0421008430421,0.0357606634498,0.0358870029449,0.0433808863163,0.0410472601652,0.0528083667159,0.036732070148,0.0372131466866,0.0306310839951,0.0371615700424,0.0618229135871,0.0338348485529,0.0176129713655,0.0216506309807,0.0393391475081,0.0226589515805,0.0160651132464,0.0138007802889,0.0179583784193,0.00771870929748,0.0021289435681,0.000428732600994],"mean":[0.000181344032171,0.00241326284595,0.00260156881995,0.00122574914712,0.00245075882412,0.00142811005935,0.00111254723743,0.000900622631889,0.00146772654261,0.00138568831608,0.000714552064892,0.00108204351272,0.00103713036515,0.00108803191688,0.000901420076843,0.000608303991612,0.000474622560432,0.000393116381019,0.000456465262687,0.000376444979338,0.00034873696859,0.000395878858399,0.000378172349883,0.000314009230351,0.000228130389587,0.0000815132298158,0.0000115472821562],"median":[0.0000732481785235,0.00155671569519,0.00101850950159,0.000619110360276,0.00152798579074,0.00088105868781,0.000535739818588,0.000456563459011,0.000504281953909,0.000586091540754,0.000198891808395,0.000379726174287,0.000345781299984,0.000297879363643,0.000264448113739,0.000197192290216,0.000203520306968,0.0002011712495,0.000247398740612,0.000234791572439,0.000237140775425,0.000238955370151,0.000215816486161,0.00019316469843,0.000133113819174,0.0000355782576662,0.00000185572309874],"min":[4.99399873976e-24,9.25043856555e-24,1.92361660978e-24,3.99935439552e-24,1.41688632473e-23,2.6350174089e-23,2.22265867227e-23,2.13272363813e-23,2.82690009326e-23,1.8146296776e-23,3.84742830487e-23,4.92282242353e-23,3.79246994332e-23,5.44120217255e-23,7.67844199202e-23,1.02561112641e-22,1.0734923959e-22,1.3106737138e-22,1.81267462784e-22,2.12053939746e-22,3.29835719657e-22,4.06453222921e-22,5.24198753095e-22,6.79821799355e-22,1.07981411262e-21,1.56149990198e-21,2.04438031705e-21],"var":[9.33852604135e-8,0.00000763034586271,0.0000237259864662,0.00000386129659091,0.0000108735266622,0.00000336514267474,0.00000330979446517,0.0000024976388886,0.0000100835304693,0.00000685412305756,0.00000378635127163,0.00000568790528632,0.00000414270562032,0.00000512131282449,0.00000435428319179,0.00000326585245602,0.00000101061050373,4.08666807061e-7,5.01633223848e-7,4.53012887647e-7,2.9934457757e-7,3.84629487371e-7,3.65318157947e-7,2.65741135763e-7,8.97405669775e-8,1.38693794227e-8,4.83390716344e-10]},"barkbands_crest":{"dmean":1.94838190079,"dmean2":3.13080406189,"dvar":3.77289748192,"dvar2":9.66729831696,"max":26.0015830994,"mean":7.64810419083,"median":6.98914670944,"min":2.17750692368,"var":10.0107507706},"barkbands_flatness_db":{"dmean":0.0131337987259,"dmean2":0.0199327431619,"dvar":0.000177934067324,"dvar2":0.000391785084503,"max":0.476608753204,"mean":0.0880694612861,"median":0.0746536180377,"min":0.0156170148402,"var":0.00209132046439},"barkbands_kurtosis":{"dmean":1.06749331951,"dmean2":1.65894854069,"dvar":3.20394802094,"dvar2":7.50004529953,"max":84.0696487427,"mean":1.3690892458,"median":0.289873659611,"min":-1.98157179356,"var":15.8448152542},"barkbands_skewness":{"dmean":0.332768142223,"dmean2":0.508849203587,"dvar":0.121942721307,"dvar2":0.282287746668,"max":8.11218452454,"mean":1.00117015839,"median":0.935440599918,"min":-4.65181827545,"var":0.696202516556},"barkbands_spread":{"dmean":5.81095600128,"dmean2":9.03506755829,"dvar":51.1960525513,"dvar2":127.671859741,"max":164.878570557,"mean":31.5811977386,"median":31.0551509857,"min":1.11851644516,"var":242.078277588},"dissonance":{"dmean":0.0144331585616,"dmean2":0.0242896266282,"dvar":0.000193419968127,"dvar2":0.000515936000738,"max":0.500000059605,"mean":0.470651686192,"median":0.475646436214,"min":0.326344460249,"var":0.000456689158455},"dynamic_complexity":3.29219198227,"erbbands":{"dmean":[0.0385388359427,0.277903467417,1.62072491646,2.71507787704,3.6198580265,4.5722079277,4.71691131592,6.03170108795,7.50208759308,8.28495025635,12.1197957993,18.6443443298,18.2503795624,24.9535083771,16.8693180084,25.4540710449,28.7397537231,33.2215881348,29.2295036316,16.9098205566,15.3509845734,11.5452289581,10.3666152954,8.23655319214,10.9436073303,8.11183357239,6.72900676727,7.05634307861,7.14187335968,7.18678617477,5.56025218964,4.10791826248,2.17384839058,1.24304163456,0.564188241959,0.205407708883,0.0514494404197,0.00823586434126,0.000993692548946,0.0000499360758113],"dmean2":[0.0611547641456,0.443767845631,2.46614146233,4.42366361618,5.82039451599,7.11299371719,7.22299146652,9.47529029846,11.3625297546,12.8089561462,17.9926300049,28.4153594971,27.7219924927,38.2949333191,26.4286441803,39.7116127014,45.8555641174,54.4726219177,46.6812286377,26.0821456909,24.2312278748,18.0456008911,16.9101295471,13.3908491135,17.6476840973,13.2470464706,11.2947454453,11.8187427521,12.0371932983,12.2305965424,9.5381155014,6.96703767776,3.59732556343,1.98047673702,0.875318288803,0.31194382906,0.077399969101,0.012435358949,0.00157009717077,0.0000779884430813],"dvar":[0.00621260982007,0.250059485435,14.1880226135,47.8328819275,50.3342208862,97.2998275757,65.5234451294,200.072113037,288.994384766,444.369110107,820.825439453,2009.53515625,1495.93859863,3808.88110352,1679.57092285,3466.38916016,4814.69335938,6198.34570312,5160.77197266,2282.80297852,3100.67089844,868.564697266,480.944946289,425.491668701,614.429931641,1208.52172852,307.049438477,421.981231689,354.454223633,351.33782959,220.664779663,151.00163269,25.9232006073,6.38107824326,2.05613160133,0.235017597675,0.0122895920649,0.000353495095624,0.00000797114989837,1.73633569744e-8],"dvar2":[0.0166935734451,0.668184697628,33.0207824707,122.855644226,118.965629578,222.156539917,168.813354492,514.909973145,733.459960938,1099.8112793,1980.17224121,4444.06640625,3378.18945312,8684.74121094,4023.984375,8370.74511719,11857.6328125,16659.609375,12074.5742188,4858.58496094,6800.14160156,1855.12854004,1164.26318359,1072.47607422,1401.61376953,3058.61914062,686.576904297,1027.68920898,893.875854492,920.41229248,565.921875,382.257080078,65.7824020386,15.7186641693,4.90512037277,0.548471808434,0.0274157598615,0.000800110457931,0.000019709164917,4.3019792173e-8],"max":[1.02462601662,6.14777183533,47.7102813721,125.893486023,102.127830505,153.281890869,222.85043335,483.498504639,598.137023926,605.234924316,780.378723145,1341.71569824,996.088012695,1487.57226562,1909.78430176,1861.96032715,2030.36621094,1446.36755371,1910.75695801,1838.67114258,3969.7355957,1038.32104492,685.929321289,1097.91845703,1432.45922852,2511.71655273,962.310180664,1001.08544922,639.520629883,499.502655029,463.992980957,578.271850586,186.127700806,66.200340271,65.1570968628,15.9093990326,3.13960552216,0.447984874249,0.080813832581,0.00371170416474],"mean":[0.0770537704229,0.534033000469,2.56042170525,4.12736749649,5.92247962952,8.18721485138,10.2623310089,11.2464332581,15.6925449371,15.6638669968,22.8752593994,35.815486908,33.8645820618,45.3715934753,34.0494728088,49.1481246948,50.6244049072,58.0019874573,54.5925064087,36.0362091064,32.2791786194,25.0548534393,22.9248085022,18.8084888458,25.0825538635,17.6002674103,14.6498775482,13.7449951172,14.0707569122,13.2658319473,10.3650121689,7.62170553207,4.76385211945,2.95623373985,1.37358593941,0.507531344891,0.122847005725,0.0193748250604,0.00207638507709,0.000119717085909],"median":[0.0457686148584,0.32602801919,1.10804963112,2.08654403687,3.48789453506,4.67657852173,6.45934581757,6.06932592392,8.58950042725,7.14127206802,12.1316299438,13.8633584976,16.1464443207,16.0018825531,14.0203227997,19.6645355225,19.5576496124,18.4219722748,16.9641799927,12.1116065979,13.0755033493,11.3034191132,12.4208135605,10.3684520721,13.9125823975,11.1793851852,10.5137214661,8.49034500122,8.51403808594,7.44871377945,5.94571733475,4.44721412659,3.00370311737,1.78248846531,0.722935855389,0.24436737597,0.052307702601,0.00561195518821,0.000374562718207,0.00005655584755],"min":[2.22951251669e-22,1.20484965157e-21,5.64849974805e-21,1.60409239299e-20,3.15426779657e-20,4.56997772143e-20,1.32143744292e-19,1.90698606159e-19,2.10477102066e-19,5.71583199141e-19,4.22610943501e-19,5.94123508942e-19,4.37335249543e-19,8.25004041867e-19,1.39909132352e-18,1.54333518213e-18,2.78673198582e-18,2.51264486267e-18,3.85397219946e-18,5.79340385189e-18,6.68964701455e-18,5.95729645537e-18,7.93008706114e-18,7.38392865399e-18,9.24859972266e-18,9.81156313113e-18,1.40028707513e-17,9.62673789506e-18,1.42691137207e-17,1.46330946969e-17,1.4616827363e-17,1.35345707193e-17,1.23874746962e-17,1.09125206741e-17,7.07816630364e-18,5.65598392313e-18,2.92747159716e-18,1.24032661944e-18,2.86402446604e-19,2.82747555529e-20],"var":[0.00912246014923,0.420127332211,18.7462329865,49.3959197998,65.6171035767,139.096847534,148.113571167,292.170959473,591.866455078,793.488342285,1511.40808105,5903.01806641,3564.34545898,10037.5244141,5069.69238281,11587.0380859,9308.90136719,12681.9443359,13970.8515625,8466.86914062,6826.98632812,2576.95581055,1223.23498535,866.875305176,1646.83129883,1239.52880859,446.859710693,555.025268555,482.850341797,457.425415039,292.560791016,189.432159424,45.9430427551,13.9636259079,4.02975511551,0.528579890728,0.0317468121648,0.000944226572756,0.0000156910155056,3.22903623839e-8]},"erbbands_crest":{"dmean":2.49899792671,"dmean2":3.9759414196,"dvar":5.94675302505,"dvar2":14.5604515076,"max":30.2805328369,"mean":8.57175922394,"median":7.44084024429,"min":1.83287966251,"var":19.843996048},"erbbands_flatness_db":{"dmean":0.0131930448115,"dmean2":0.0191669594496,"dvar":0.000173210064531,"dvar2":0.000340937171131,"max":0.267795950174,"mean":0.130411788821,"median":0.12592458725,"min":0.00573274400085,"var":0.00153103715274},"erbbands_kurtosis":{"dmean":0.669038236141,"dmean2":1.0556756258,"dvar":0.881528973579,"dvar2":2.08428502083,"max":32.4046211243,"mean":0.314037680626,"median":-0.121838495135,"min":-1.77859055996,"var":2.73476004601},"erbbands_skewness":{"dmean":0.271405309439,"dmean2":0.414369702339,"dvar":0.0734660923481,"dvar2":0.171534955502,"max":3.6475892067,"mean":0.328161120415,"median":0.310868352652,"min":-3.84212994576,"var":0.369994431734},"erbbands_spread":{"dmean":7.29646682739,"dmean2":11.1595497131,"dvar":56.6831321716,"dvar2":127.049697876,"max":146.363632202,"mean":41.2989578247,"median":37.3621482849,"min":4.833507061,"var":367.107330322},"gfcc":{"cov":[[11884.4775391,-1573.15686035,-859.893432617,185.253952026,-650.63458252,628.799194336,-428.963195801,320.38470459,-345.30557251,258.146514893,-174.923110962,73.1235580444,-159.439651489],[-1573.15686035,1849.22338867,-220.605575562,30.3781166077,224.1224823,-253.886016846,207.945037842,-147.190032959,172.93788147,-146.604034424,100.16192627,-70.0904769897,69.1558074951],[-859.893432617,-220.605575562,611.338928223,-8.31467628479,77.6909484863,5.03852319717,-1.18817460537,31.8984870911,-15.6868906021,28.7166481018,-45.7958908081,30.566734314,-11.9608736038],[185.253952026,30.3781166077,-8.31467628479,333.316986084,-42.5130271912,86.840385437,-2.10589694977,16.4776878357,20.7193889618,-16.4267253876,4.98353290558,-14.3107481003,-8.65961551666],[-650.63458252,224.1224823,77.6909484863,-42.5130271912,269.263458252,-41.6406822205,59.8651618958,-9.96672821045,36.061504364,-7.56560754776,4.6443977356,-15.579659462,9.7812833786],[628.799194336,-253.886016846,5.03852319717,86.840385437,-41.6406822205,198.52180481,11.4051399231,48.580821991,-31.4085197449,23.3310260773,-8.30126285553,6.18811941147,-23.6214427948],[-428.963195801,207.945037842,-1.18817460537,-2.10589694977,59.8651618958,11.4051399231,128.867996216,10.7812108994,25.457036972,-25.8065052032,20.225353241,-12.9426202774,1.52374219894],[320.38470459,-147.190032959,31.8984870911,16.4776878357,-9.96672821045,48.580821991,10.7812108994,99.7529754639,8.94898509979,26.2789115906,-22.0630092621,8.09527111053,-3.48172998428],[-345.30557251,172.93788147,-15.6868906021,20.7193889618,36.061504364,-31.4085197449,25.457036972,8.94898509979,107.293006897,6.57774448395,6.73854637146,-13.5642051697,11.1681947708],[258.146514893,-146.604034424,28.7166481018,-16.4267253876,-7.56560754776,23.3310260773,-25.8065052032,26.2789115906,6.57774448395,78.5137481689,14.5718336105,17.5919418335,-7.72984409332],[-174.923110962,100.16192627,-45.7958908081,4.98353290558,4.6443977356,-8.30126285553,20.225353241,-22.0630092621,6.73854637146,14.5718336105,81.2671356201,19.6689167023,2.95248317719],[73.1235580444,-70.0904769897,30.566734314,-14.3107481003,-15.579659462,6.18811941147,-12.9426202774,8.09527111053,-13.5642051697,17.5919418335,19.6689167023,61.7863807678,22.414522171],[-159.439651489,69.1558074951,-11.9608736038,-8.65961551666,9.7812833786,-23.6214427948,1.52374219894,-3.48172998428,11.1681947708,-7.72984409332,2.95248317719,22.414522171,59.0292167664]],"icov":[[0.00020523837884,-0.000120173943287,0.000373922841391,-0.0000101781306512,0.000142961900565,-0.000439485826064,0.000526909483597,-0.000493789208122,0.000549516116735,-0.000583141343668,0.000619572296273,-0.000390333909309,0.000464034441393],[-0.000120173943287,0.00140936346725,0.000050774509873,-0.00037392906961,-0.00052888126811,0.00140134396497,-0.0017744761426,0.00131296378095,-0.00147881719749,0.0015141707845,-0.00128705252428,0.000837325700559,-0.00102415448055],[0.000373922841391,0.000050774509873,0.00279534631409,-0.000423447840149,-0.000576408521738,-0.00014717115846,0.000147176862811,-0.000619787431788,0.00116545427591,-0.00185697700363,0.00298556196503,-0.00273047341034,0.00187485746574],[-0.0000101781306512,-0.00037392906961,-0.000423447840149,0.00410713115707,0.000595320190769,-0.00261533306912,0.00174628198147,-0.000806146301329,-0.0014559943229,0.00214418047108,-0.00156852148939,0.00125680700876,-0.000153065731865],[0.000142961900565,-0.00052888126811,-0.000576408521738,0.000595320190769,0.00505167106166,-0.000155516769155,-0.00123562582303,-0.0000342330567946,-0.000109365122626,-0.00136604823638,0.000613757118117,0.00103012658656,-0.000473184336443],[-0.000439485826064,0.00140134396497,-0.00014717115846,-0.00261533306912,-0.000155516769155,0.0100152622908,-0.00487869232893,-0.000319381564623,0.000967760803178,-0.00084041809896,-0.000360668607755,-0.0001218368634,0.000669476692565],[0.000526909483597,-0.0017744761426,0.000147176862811,0.00174628198147,-0.00123562582303,-0.00487869232893,0.0154810780659,-0.00609393883497,0.0000581512467761,0.00426232721657,-0.00379497976974,0.00137835578062,0.00149507052265],[-0.000493789208122,0.00131296378095,-0.000619787431788,-0.000806146301329,-0.0000342330567946,-0.000319381564623,-0.00609393883497,0.0172062087804,-0.00393155124038,-0.0037175945472,0.00474243005738,-0.00218720990233,-0.00121539807878],[0.000549516116735,-0.00147881719749,0.00116545427591,-0.0014559943229,-0.000109365122626,0.000967760803178,0.0000581512467761,-0.00393155124038,0.0152141004801,-0.00654195155948,0.00222184206359,0.00210405513644,-0.00123390194494],[-0.000583141343668,0.0015141707845,-0.00185697700363,0.00214418047108,-0.00136604823638,-0.00084041809896,0.00426232721657,-0.0037175945472,-0.00654195155948,0.0240445006639,-0.0100467177108,-0.000600803585257,0.00126700208057],[0.000619572296273,-0.00128705252428,0.00298556196503,-0.00156852148939,0.000613757118117,-0.000360668607755,-0.00379497976974,0.00474243005738,0.00222184206359,-0.0100467177108,0.0232966411859,-0.0111479349434,0.0050197080709],[-0.000390333909309,0.000837325700559,-0.00273047341034,0.00125680700876,0.00103012658656,-0.0001218368634,0.00137835578062,-0.00218720990233,0.00210405513644,-0.000600803585257,-0.0111479349434,0.0292836036533,-0.013826915063],[0.000464034441393,-0.00102415448055,0.00187485746574,-0.000153065731865,-0.000473184336443,0.000669476692565,0.00149507052265,-0.00121539807878,-0.00123390194494,0.00126700208057,0.0050197080709,-0.013826915063,0.0253860894591]],"mean":[26.5439853668,68.6873855591,-113.567314148,29.5112018585,-61.5485458374,21.5718193054,-36.8161201477,7.06978416443,-25.3214263916,3.42262578011,-15.9533720016,-0.283802360296,-11.5303487778]},"hfc":{"dmean":8.0664100647,"dmean2":12.5340938568,"dvar":223.949996948,"dvar2":533.247314453,"max":307.639465332,"mean":31.3376693726,"median":26.8640708923,"min":1.13981570882e-16,"var":703.33001709},"melbands":{"dmean":[0.000318601465551,0.00065342563903,0.00044671757496,0.000337524339557,0.000155116023961,0.000133657900733,0.000116768176667,0.0000896445708349,0.000105859304313,0.000117379764561,0.0000939931924222,0.000106853578473,0.0000585433008382,0.0000666194682708,0.0000677423304296,0.0000592808210058,0.0000667014101055,0.0000495647254866,0.0000302104872389,0.0000225015355682,0.0000195934844669,0.0000134222564157,0.0000134683814395,0.00000827585608931,0.0000071911804298,0.00000940767768043,0.00000693325955581,0.00000585908401263,0.00000459247121398,0.0000047836460908,0.00000421381992055,0.00000445840714747,0.00000402970863433,0.00000406401841246,0.00000343432293448,0.00000317139779327,0.00000246588137998,0.00000167567520748,0.00000133316348183,0.00000107442190256],"dmean2":[0.000510842655785,0.000991585897282,0.000720311072655,0.000532136240508,0.000238238702877,0.0002081792627,0.000177390844328,0.000137439812534,0.00015686408733,0.00017991742061,0.000142827906529,0.000164481214597,0.0000914892007131,0.000105125400296,0.000106603576569,0.0000944952407735,0.000109933149361,0.0000792830614955,0.0000478494548588,0.0000354945914296,0.0000309125498461,0.000021050513169,0.0000219035428017,0.0000136084090627,0.0000117338886412,0.0000154908575496,0.0000110770497486,0.00000971643930825,0.00000770746373746,0.00000802858357929,0.00000707827393853,0.00000754150732973,0.00000680527864461,0.00000696887536833,0.00000595260644332,0.00000539150551049,0.00000419185016654,0.00000277574440588,0.00000220958327191,0.00000172059912984],"dvar":[3.81295109264e-7,0.0000020039140054,0.00000104040827864,5.76735601499e-7,7.08650347292e-8,8.88757369921e-8,6.58570158407e-8,5.20245677649e-8,5.66030990967e-8,8.03353188417e-8,3.97615451675e-8,7.10756822286e-8,2.44115163639e-8,2.09893489256e-8,2.31615757684e-8,1.8834571236e-8,2.75408531536e-8,1.54762052063e-8,7.59090834634e-9,5.23965182353e-9,6.4944694067e-9,1.37284317248e-9,1.22817400694e-9,4.19068862945e-10,3.55351609249e-10,4.31296554027e-10,3.8745676112e-10,7.57304385868e-10,1.08645613339e-10,1.74136288722e-10,1.65750912995e-10,1.36464062273e-10,1.03927533246e-10,1.12074627356e-10,8.17318296376e-11,6.74368547116e-11,5.69393629468e-11,1.51448020791e-11,8.06593767472e-12,4.8131511797e-12],"dvar2":[0.00000104405410184,0.00000461350055048,0.00000263986112259,0.00000129151408146,1.8383235556e-7,2.27915592177e-7,1.65772036098e-7,1.27702293184e-7,1.32285066456e-7,1.78300879838e-7,8.88852653702e-8,1.6390974622e-7,5.84094834721e-8,5.05990627175e-8,5.41351710126e-8,4.54445299169e-8,7.4259730809e-8,3.60873428917e-8,1.77536136903e-8,1.26593091565e-8,1.38581208731e-8,2.9915927513e-9,2.7279827286e-9,1.03811792496e-9,9.22418474936e-10,1.09581532737e-9,8.02217514639e-10,2.03594630044e-9,2.59135907177e-10,4.24715262959e-10,4.04007993726e-10,3.4893563039e-10,2.65891503259e-10,2.96577346015e-10,2.12373285624e-10,1.70529118604e-10,1.45500514415e-10,3.76925470003e-11,2.15506466839e-11,1.16916771403e-11],"max":[0.00782648008317,0.0183980111033,0.0175104867667,0.0102659454569,0.00735905999318,0.00965967960656,0.00841640029103,0.00700217857957,0.00567557755858,0.00847386289388,0.00500917807221,0.00652951514348,0.00828482117504,0.00415018480271,0.00378394499421,0.0031994630117,0.00330445216969,0.00314980279654,0.00372281600721,0.00241791107692,0.00616836780682,0.00160543108359,0.00167116825469,0.00102705694735,0.0010267685866,0.000841240806039,0.00119652121793,0.00201179436408,0.000475919136079,0.000779921712819,0.000671869318467,0.000373134767869,0.000304573070025,0.000282424589386,0.000270217075013,0.000295783451293,0.000353840296157,0.000165497083799,0.0000694958143868,0.0000710593376425],"mean":[0.000664239923935,0.00113702728413,0.000737333437428,0.000560491927899,0.000346702116076,0.000255104387179,0.00024215898884,0.000168129219674,0.000196059641894,0.000222170638153,0.000165939083672,0.000186907942407,0.000108645188448,0.000122774246847,0.000120669530588,0.0000997121169348,0.000108717533294,0.0000879233630258,0.0000544241120224,0.0000467066383862,0.0000358946854249,0.0000255838695011,0.0000260305332631,0.0000164997200045,0.0000142461467476,0.0000197068184207,0.000014426917005,0.0000111724993985,0.00000928256758925,0.0000086700756583,0.00000756337021812,0.0000080029021774,0.0000076368696682,0.00000701728595232,0.00000580887626711,0.00000576953607379,0.00000423201390731,0.00000342752286997,0.00000280505719275,0.00000240215285885],"median":[0.00042410264723,0.00055742636323,0.000414030684624,0.000321851926856,0.000227694632486,0.000145319441799,0.000132076369482,0.0000778963876655,0.000100875353382,0.0000787290773587,0.0000744765711715,0.0000587538124819,0.0000360149388143,0.0000453287211712,0.0000452478489024,0.0000340754813806,0.0000294486144412,0.0000238338689087,0.0000170223866007,0.0000130909384097,0.0000150454807226,0.0000102017074823,0.0000120165068438,0.00000889146303962,0.00000706354285285,0.00001038767914,0.0000080354484453,0.00000689071885063,0.00000649278399578,0.0000054496699704,0.00000430788759331,0.00000472742704005,0.00000432407159678,0.00000384945997212,0.00000333848697665,0.00000314353292197,0.00000236135815612,0.0000021287717118,0.00000170870191596,0.00000138500809044],"min":[3.38136036793e-24,3.71299236489e-24,3.85143705933e-24,2.93987100967e-24,3.94959186632e-24,5.0913082823e-24,3.7980552363e-24,7.35286836793e-24,2.53817988129e-24,3.50864307499e-24,2.1030718161e-24,3.02841295489e-24,4.67993546402e-24,4.53131880265e-24,2.0779483712e-24,5.08049221042e-24,3.57723137526e-24,5.69559309064e-24,6.08555267407e-24,7.4167590015e-24,6.74356245992e-24,4.40254475405e-24,6.0109441818e-24,6.30598289352e-24,5.84722635612e-24,6.34413339019e-24,6.04690558946e-24,5.37930483271e-24,6.23701633445e-24,7.1857876282e-24,4.11578513753e-24,7.30514070544e-24,8.1922865797e-24,8.14650109276e-24,8.52455794842e-24,7.08153334869e-24,8.08939308525e-24,8.10903019976e-24,7.9211968962e-24,9.47594234392e-24],"var":[5.89515138927e-7,0.00000296002053801,0.00000116676051221,7.43834050354e-7,1.54404062869e-7,1.34446750621e-7,1.39325280202e-7,8.86914435227e-8,1.13001689783e-7,2.4256485176e-7,9.22924954239e-8,1.84535096537e-7,7.40056336213e-8,6.62340298163e-8,5.91986832887e-8,3.57646392501e-8,5.40558389162e-8,4.04613373917e-8,1.6131407321e-8,2.15178221907e-8,1.04772128751e-8,3.50401441196e-9,3.1738398576e-9,7.19041715058e-10,6.30661689538e-10,1.03369224291e-9,8.02092114949e-10,6.43453013094e-10,1.60979146679e-10,2.19515031152e-10,2.10171852144e-10,1.72012251665e-10,1.4695507311e-10,1.38649786097e-10,1.0014049312e-10,9.42880357124e-11,6.88398990589e-11,2.72705972387e-11,1.33688173379e-11,1.01409150174e-11]},"melbands_crest":{"dmean":2.63658714294,"dmean2":4.12674331665,"dvar":6.6450047493,"dvar2":16.3048667908,"max":39.9373626709,"mean":11.3883142471,"median":10.5913352966,"min":1.70077431202,"var":20.3943119049},"melbands_flatness_db":{"dmean":0.0177257098258,"dmean2":0.0268860440701,"dvar":0.000366156338714,"dvar2":0.000832526944578,"max":0.45581805706,"mean":0.144929111004,"median":0.128464117646,"min":0.00417514564469,"var":0.0040819440037},"melbands_kurtosis":{"dmean":3.44850587845,"dmean2":5.14665412903,"dvar":109.843986511,"dvar2":141.269271851,"max":1364.29016113,"mean":8.39989566803,"median":4.41720342636,"min":-1.81222224236,"var":797.147766113},"melbands_skewness":{"dmean":0.491103589535,"dmean2":0.733855366707,"dvar":0.304643362761,"dvar2":0.605056881905,"max":35.6540145874,"mean":2.06906747818,"median":1.84360277653,"min":-2.01111674309,"var":2.28224396706},"melbands_spread":{"dmean":7.47048139572,"dmean2":11.7519073486,"dvar":111.238006592,"dvar2":259.09161377,"max":230.697509766,"mean":34.5922851562,"median":32.5495605469,"min":0.700572907925,"var":411.998504639},"mfcc":{"cov":[[7593.44189453,-1474.3293457,-98.3172607422,-340.440917969,-53.1521606445,79.8891296387,63.638130188,24.5832843781,-61.8212623596,96.7664871216,52.829914093,-28.6199054718,-46.2844924927],[-1474.3293457,1577.0916748,-239.300994873,202.795791626,9.13038063049,-17.2825660706,-16.2969284058,15.1775579453,31.7314319611,-14.9823236465,-9.28130340576,7.55094528198,15.4083309174],[-98.3172607422,-239.300994873,426.833892822,34.143447876,28.736284256,26.2710990906,7.84539079666,13.6429595947,14.7447910309,-9.75218486786,2.35953092575,13.637172699,-5.29513120651],[-340.440917969,202.795791626,34.143447876,213.916748047,48.193447113,23.1744365692,-9.38185596466,21.1158332825,18.2207260132,5.34801101685,-5.80635166168,13.7721481323,12.5919942856],[-53.1521606445,9.13038063049,28.736284256,48.193447113,139.46711731,29.2228832245,10.2340898514,-3.99631810188,29.5130290985,9.9886713028,-5.12920570374,2.81185913086,19.0298957825],[79.8891296387,-17.2825660706,26.2710990906,23.1744365692,29.2228832245,104.286735535,36.5602760315,25.9769973755,-2.2076189518,13.6431427002,12.4571008682,4.02828741074,-6.57441997528],[63.638130188,-16.2969284058,7.84539079666,-9.38185596466,10.2340898514,36.5602760315,114.942306519,35.1599617004,-5.32072401047,0.535626292229,11.5933456421,-1.75088381767,-1.36096489429],[24.5832843781,15.1775579453,13.6429595947,21.1158332825,-3.99631810188,25.9769973755,35.1599617004,82.4850616455,27.9145240784,11.0963468552,5.44023609161,4.62693023682,-6.22244024277],[-61.8212623596,31.7314319611,14.7447910309,18.2207260132,29.5130290985,-2.2076189518,-5.32072401047,27.9145240784,94.5975341797,26.1748199463,-5.84603977203,4.05140829086,5.11914491653],[96.7664871216,-14.9823236465,-9.75218486786,5.34801101685,9.9886713028,13.6431427002,0.535626292229,11.0963468552,26.1748199463,66.2196273804,27.2783718109,-1.69760882854,-6.51365661621],[52.829914093,-9.28130340576,2.35953092575,-5.80635166168,-5.12920570374,12.4571008682,11.5933456421,5.44023609161,-5.84603977203,27.2783718109,61.1282691956,19.4312210083,-4.60231018066],[-28.6199054718,7.55094528198,13.637172699,13.7721481323,2.81185913086,4.02828741074,-1.75088381767,4.62693023682,4.05140829086,-1.69760882854,19.4312210083,61.3388442993,25.199098587],[-46.2844924927,15.4083309174,-5.29513120651,12.5919942856,19.0298957825,-6.57441997528,-1.36096489429,-6.22244024277,5.11914491653,-6.51365661621,-4.60231018066,25.199098587,64.3375473022]],"icov":[[0.000175520923221,0.000162249605637,0.000123357254779,0.000124489844893,-0.00000182147857686,-0.00010841034964,-0.00000217939009417,-0.000105198858364,0.000108511725557,-0.000223236085731,0.0000275964212051,-0.0000119033056762,0.0000278418392554],[0.000162249605637,0.00100393057801,0.000678290380165,-0.000841369095724,0.000178182410309,0.00000747984995542,-0.0000642329177936,-0.00000619164802629,-0.000373087648768,0.000415870046709,-0.000314372737193,0.0000930373571464,0.0000557490930078],[0.000123357254779,0.000678290380165,0.00294431624934,-0.000783287454396,-0.000261440320173,-0.000494781765155,-0.0000159617575264,-0.0000992865898297,-0.000724322453607,0.00116660934873,-0.000481760915136,-0.000497704721056,0.000674970564432],[0.000124489844893,-0.000841369095724,-0.000783287454396,0.0067006512545,-0.00202871114016,-0.000886260648258,0.0014166837791,-0.00211957283318,0.00100452289917,-0.00121754116844,0.00134712853469,-0.00118196266703,-0.000394266215153],[-0.00000182147857686,0.000178182410309,-0.000261440320173,-0.00202871114016,0.00989399384707,-0.00293149193749,-0.00136645464227,0.00350338965654,-0.00370861403644,-0.000231550380704,0.000392107933294,0.00116735149641,-0.00274207140319],[-0.00010841034964,0.00000747984995542,-0.000494781765155,-0.000886260648258,-0.00293149193749,0.0131407696754,-0.00277370912954,-0.00314186979085,0.00277710519731,-0.00242298911326,-0.000183703421499,-0.00129819801077,0.00192935275845],[-0.00000217939009417,-0.0000642329177936,-0.0000159617575264,0.0014166837791,-0.00136645464227,-0.00277370912954,0.011817057617,-0.00544257694855,0.0017354687443,0.00173301994801,-0.00250938651152,0.00195973156951,-0.0013301463332],[-0.000105198858364,-0.00000619164802629,-0.0000992865898297,-0.00211957283318,0.00350338965654,-0.00314186979085,-0.00544257694855,0.0186424441636,-0.00666964473203,0.0000830396966194,0.0000915317432373,-0.00136925710831,0.00174499256536],[0.000108511725557,-0.000373087648768,-0.000724322453607,0.00100452289917,-0.00370861403644,0.00277710519731,0.0017354687443,-0.00666964473203,0.0166960433125,-0.00823336001486,0.00538265425712,-0.00240052118897,-0.000153185043018],[-0.000223236085731,0.000415870046709,0.00116660934873,-0.00121754116844,-0.000231550380704,-0.00242298911326,0.00173301994801,0.0000830396966194,-0.00823336001486,0.0253176074475,-0.0136515377089,0.00565431872383,-0.0000331700575771],[0.0000275964212051,-0.000314372737193,-0.000481760915136,0.00134712853469,0.000392107933294,-0.000183703421499,-0.00250938651152,0.0000915317432373,0.00538265425712,-0.0136515377089,0.0275314841419,-0.0114282872528,0.00424801744521],[-0.0000119033056762,0.0000930373571464,-0.000497704721056,-0.00118196266703,0.00116735149641,-0.00129819801077,0.00195973156951,-0.00136925710831,-0.00240052118897,0.00565431872383,-0.0114282872528,0.0250014867634,-0.0102557791397],[0.0000278418392554,0.0000557490930078,0.000674970564432,-0.000394266215153,-0.00274207140319,0.00192935275845,-0.0013301463332,0.00174499256536,-0.000153185043018,-0.0000331700575771,0.00424801744521,-0.0102557791397,0.0211608484387]],"mean":[-613.189147949,99.3724975586,4.61752653122,12.6484298706,1.01097726822,8.80293941498,1.37753510475,2.22477889061,-1.99723148346,1.96560788155,-0.511291384697,-1.14334583282,-2.01994681358]},"pitch_salience":{"dmean":0.0548218488693,"dmean2":0.0874470546842,"dvar":0.00235112197697,"dvar2":0.00602525658906,"max":0.833712518215,"mean":0.587787508965,"median":0.592800498009,"min":0.0442563556135,"var":0.0075991069898},"silence_rate_20dB":{"dmean":0,"dmean2":0,"dvar":0,"dvar2":0,"max":1,"mean":1,"median":1,"min":1,"var":0},"silence_rate_30dB":{"dmean":0,"dmean2":0,"dvar":0,"dvar2":0,"max":1,"mean":1,"median":1,"min":1,"var":0},"silence_rate_60dB":{"dmean":0.00986301340163,"dmean2":0.0197273790836,"dvar":0.00976573489606,"dvar2":0.022626105696,"max":1,"mean":0.0310252718627,"median":0,"min":0,"var":0.0300627052784},"spectral_centroid":{"dmean":223.458831787,"dmean2":352.523010254,"dvar":80758.78125,"dvar2":190921.84375,"max":11468.0693359,"mean":1636.19165039,"median":1684.41149902,"min":195.215423584,"var":474579.40625},"spectral_complexity":{"dmean":3.6802740097,"dmean2":5.77765607834,"dvar":16.2483234406,"dvar2":34.7178764343,"max":57,"mean":23.060338974,"median":23,"min":0,"var":121.624534607},"spectral_contrast_coeffs":{"dmean":[0.0441948957741,0.040173754096,0.0375964939594,0.0306341536343,0.0191977024078,0.0153613043949],"dmean2":[0.0709348097444,0.0646854788065,0.060058042407,0.0503046736121,0.0318394117057,0.0247181393206],"dvar":[0.00149085232988,0.00109568482731,0.000919023877941,0.000616542820353,0.000248936761636,0.000220620102482],"dvar2":[0.00377339939587,0.00291762221605,0.00232000206597,0.00161399913486,0.000653574126773,0.000529817072675],"max":[-0.34492841363,-0.460327088833,-0.44652184844,-0.549104988575,-0.572844088078,-0.558258593082],"mean":[-0.656603455544,-0.731133639812,-0.746552050114,-0.762493014336,-0.795190274715,-0.766750216484],"median":[-0.660573661327,-0.732231974602,-0.748365163803,-0.76595813036,-0.798069894314,-0.764228522778],"min":[-0.97089600563,-0.974758684635,-0.972203850746,-0.965930879116,-0.964115977287,-0.961195528507],"var":[0.00490808812901,0.00363350030966,0.00408589094877,0.00316515099257,0.00127811031416,0.00121197663248]},"spectral_contrast_valleys":{"dmean":[0.341021329165,0.306254178286,0.282894909382,0.243785724044,0.197119772434,0.239118009806],"dmean2":[0.539847671986,0.495838344097,0.457467526197,0.390246957541,0.306931018829,0.34626352787],"dvar":[0.122542537749,0.0915650501847,0.0781147330999,0.0676521807909,0.066082470119,0.13647928834],"dvar2":[0.265347868204,0.210286676884,0.17383775115,0.142195954919,0.1330511868,0.278519272804],"max":[-5.473072052,-5.00083732605,-5.24521541595,-5.48890066147,-5.60840511322,-7.06591796875],"mean":[-7.22943592072,-6.74270343781,-7.16794586182,-7.51707172394,-7.30593919754,-9.52263355255],"median":[-7.05431318283,-6.64295291901,-7.02881097794,-7.33287000656,-6.98169088364,-9.04626846313],"min":[-27.9458637238,-27.4393806458,-27.6674251556,-27.4997558594,-27.5982837677,-27.3170070648],"var":[1.18527281284,1.10799908638,1.20168626308,1.25199580193,1.41865706444,2.11927890778]},"spectral_decrease":{"dmean":1.51778023483e-9,"dmean2":2.27267760167e-9,"dvar":5.00548660788e-18,"dvar2":1.10269586303e-17,"max":2.68821046525e-16,"mean":-5.62109736535e-9,"median":-4.90621543392e-9,"min":-2.84057168898e-8,"var":1.50297641966e-17},"spectral_energy":{"dmean":0.00625613937154,"dmean2":0.00936718564481,"dvar":0.0000834455058794,"dvar2":0.000181850715308,"max":0.111643448472,"mean":0.0240577459335,"median":0.021364223212,"min":1.0467347843e-20,"var":0.00026982621057},"spectral_energyband_high":{"dmean":0.000741712574381,"dmean2":0.00120899407193,"dvar":0.00000369224858332,"dvar2":0.00000916917269933,"max":0.049151532352,"mean":0.00195218366571,"median":0.00147513579577,"min":7.62543475486e-21,"var":0.00000598512315264},"spectral_energyband_low":{"dmean":0.00298460246995,"dmean2":0.00455387169495,"dvar":0.0000421585937147,"dvar2":0.0000991309425444,"max":0.093671515584,"mean":0.00595144508407,"median":0.0036644237116,"min":4.86214576705e-23,"var":0.0000600488492637},"spectral_energyband_middle_high":{"dmean":0.00232040253468,"dmean2":0.0035860252101,"dvar":0.0000125262540678,"dvar2":0.0000296473481285,"max":0.0699377059937,"mean":0.00815116334707,"median":0.00502379285172,"min":1.33523157224e-21,"var":0.0000710187741788},"spectral_energyband_middle_low":{"dmean":0.00302663771436,"dmean2":0.00457766652107,"dvar":0.0000214402243728,"dvar2":0.0000483921467094,"max":0.0717827603221,"mean":0.0089411791414,"median":0.00711053283885,"min":2.14603361487e-22,"var":0.000049119196774},"spectral_entropy":{"dmean":0.1077670753,"dmean2":0.162725374103,"dvar":0.0158978980035,"dvar2":0.0351039618254,"max":9.81626701355,"mean":7.89007806778,"median":7.99558496475,"min":5.84590816498,"var":0.164555475116},"spectral_flux":{"dmean":0.0180901382118,"dmean2":0.0282740276307,"dvar":0.00049563421635,"dvar2":0.00107078661676,"max":0.268597573042,"mean":0.0771912634373,"median":0.0721075311303,"min":6.56907722663e-11,"var":0.00189195410348},"spectral_kurtosis":{"dmean":1.00433850288,"dmean2":1.67046666145,"dvar":2.68588352203,"dvar2":7.8273062706,"max":29.7923870087,"mean":3.13837432861,"median":2.30078744888,"min":-1.21808445454,"var":8.66215991974},"spectral_rms":{"dmean":0.000572223681957,"dmean2":0.000834712001961,"dvar":5.13611325914e-7,"dvar2":0.00000103874947399,"max":0.010436495766,"mean":0.00453871209174,"median":0.0045654294081,"min":3.19562930805e-12,"var":0.00000287106286123},"spectral_rolloff":{"dmean":648.821960449,"dmean2":1066.21435547,"dvar":1074984.375,"dvar2":2571517.75,"max":21576.2695312,"mean":2326.0859375,"median":1787.25585938,"min":21.533203125,"var":4527963.5},"spectral_skewness":{"dmean":0.156950995326,"dmean2":0.255186200142,"dvar":0.0367800556123,"dvar2":0.0983529016376,"max":4.06395673752,"mean":1.3679176569,"median":1.29345953465,"min":-0.0350792370737,"var":0.18485480547},"spectral_spread":{"dmean":466541.75,"dmean2":691682,"dvar":379923136512,"dvar2":768497942528,"max":41101040,"mean":5659697.5,"median":5577825.5,"min":1722952.875,"var":3869995433980},"spectral_strongpeak":{"dmean":0.757364571095,"dmean2":1.28588855267,"dvar":1.59025800228,"dvar2":3.92202925682,"max":19.7835884094,"mean":1.30939698219,"median":0.540201246738,"min":0,"var":3.23210978508},"zerocrossingrate":{"dmean":0.0103297233582,"dmean2":0.0125095518306,"dvar":0.000136866423418,"dvar2":0.000189760394278,"max":0.7705078125,"mean":0.092219106853,"median":0.09130859375,"min":0,"var":0.00250880653039}},"metadata":{"audio_properties":{"analysis_sample_rate":44100,"bit_rate":0,"codec":"flac","downmix":"mix","equal_loudness":0,"length":339,"lossless":true,"md5_encoded":"dacbaf2a8638ba3a5c8f8b2df6c80c07","replay_gain":-12.5222225189},"tags":{"acoustid_id":["73176d71-592b-4bed-bcea-8e387a5be4f6"],"album":["Best Of, Volume 1"],"albumartist":["Van Halen"],"albumartistsort":["Van Halen"],"artist":["Van Halen"],"artists":["Van Halen"],"artistsort":["Van Halen"],"asin":["B000024Q7W"],"barcode":["093624647423"],"catalognumber":["9362 46474-2"],"date":["1996-10-18"],"discnumber":["1"],"disctotal":["1"],"file_name":"11 When It's Love.flac","genre":["Hard Rock"],"grouping":["Rock"],"label":["Warner Bros. Records"],"language":["eng"],"media":["CD"],"mood":["Energetic"],"musicbrainz_albumartistid":["b665b768-0d83-4363-950c-31ed39317c15"],"musicbrainz_albumid":["7eee5007-8f8b-3c17-8d74-576dbad62a13"],"musicbrainz_artistid":["b665b768-0d83-4363-950c-31ed39317c15"],"musicbrainz_recordingid":["011567cb-383f-4e84-a985-9bfd95666740"],"musicbrainz_releasegroupid":["3551fd70-dc1d-3b3b-beeb-0f4a5c16d3de"],"musicbrainz_releasetrackid":["ad233861-263b-319b-88d3-4043be93c294"],"musicbrainz_workid":["0247e0bd-2594-475e-aad6-633986c0fa49"],"originaldate":["1996-10-17"],"originalyear":["1996"],"performer":["Sammy Hagar (acoustic guitar and guitar)","Sammy Hagar (vocals)"],"releasecountry":["DE"],"releasestatus":["official"],"releasetype":["album","compilation"],"replaygain_album_gain":["-8.63 dB"],"replaygain_album_peak":["1.000000"],"replaygain_track_gain":["-7.83 dB"],"replaygain_track_peak":["1.000000"],"script":["Latn"],"title":["When It's Love"],"totaldiscs":["1"],"totaltracks":["17"],"tracknumber":["11"],"tracktotal":["17"],"work":["When It's Love"],"writer":["Eddie Van Halen","Mike Anthony","Sammy Hagar","Alex Van Halen"]},"version":{"essentia":"2.1-beta1","essentia_build_sha":"50a0fbec89d6a9cedea3d45b6611406f7e8c7b1a","essent