{"lowlevel":{"average_loudness":0.886251628399,"barkbands":{"dmean":[0.00332798459567,0.00992840155959,0.00332099944353,0.0016709723277,0.00157711887732,0.00145491946023,0.000917221943382,0.000472086452646,0.000939565827139,0.000455275730928,0.000244164722972,0.000164584431332,0.000226005620789,0.000097557924164,0.000093076050689,0.00011275565339,0.0000770364422351,0.0000959735843935,0.000105792911199,0.0000946909422055,0.0000788795514381,0.000052359282563,0.0000620208520559,0.0000224600589718,0.00000365576283912,0.0000712264227332,0.000169678722159],"dmean2":[0.00529510481283,0.0159395430237,0.00550258206204,0.00252025574446,0.00248975283466,0.00217345287092,0.00131310615689,0.000708211679012,0.00145682867151,0.000714654277544,0.000378925702535,0.000259812892182,0.000363902421668,0.00015576404985,0.000144677469507,0.000171235922608,0.00011271580297,0.000138699164381,0.000148626655573,0.000130704938783,0.000109624430479,0.0000718339142622,0.0000928123336053,0.0000340019105352,0.00000578762137593,0.000107305939309,0.000209310208447],"dvar":[0.0000814020240796,0.00040009530494,0.0000446489357273,0.0000103707398011,0.00000872552936926,0.0000216413045564,0.0000142480403156,0.00000372164640794,0.0000111229974209,0.00000270306554739,0.00000118963862406,3.02427196175e-7,6.4388973442e-7,1.0164329467e-7,4.12021421425e-8,8.28175856782e-8,4.5026858686e-8,9.19004889965e-8,2.69910373163e-7,1.87181385058e-7,7.23822068949e-8,2.2731322602e-8,4.73103902721e-8,5.93648952218e-9,9.45240136163e-11,6.41062882778e-8,2.02536355687e-7],"dvar2":[0.000200549431611,0.00105975137558,0.000116695642646,0.0000235042098211,0.0000198232846742,0.0000420490468969,0.0000280173044303,0.00000781229573477,0.0000258475829469,0.00000662711090627,0.00000255365762314,5.98497194915e-7,0.00000161534705967,2.58781341245e-7,9.64257580449e-8,1.83974066204e-7,9.59944799206e-8,1.86914164146e-7,5.70464180782e-7,2.96270030731e-7,1.25439314047e-7,4.4092836049e-8,1.06766385954e-7,1.30812507493e-8,2.34294500467e-10,1.45056972656e-7,3.21704675343e-7],"max":[0.160648494959,0.251145094633,0.0858943611383,0.0781779661775,0.0502417832613,0.160606741905,0.128695219755,0.0605949163437,0.131281152368,0.0389970503747,0.0370328612626,0.0319738052785,0.040613938123,0.0129481544718,0.00393670750782,0.00689244177192,0.00672424351797,0.0103708431125,0.0188459306955,0.0250265207142,0.0123171936721,0.00301355076954,0.00455168494955,0.0014869478764,0.000287894741632,0.00542929582298,0.015658179298],"mean":[0.00396359618753,0.0151133062318,0.00470122508705,0.00297941174358,0.0026469444856,0.00209590187296,0.00141713221092,0.000714158697519,0.00149316771422,0.000675133138429,0.000379701814381,0.000253853882896,0.000346614426235,0.000153765373398,0.000146685633808,0.000176673886017,0.000117942458019,0.000150393709191,0.000147808605107,0.000147734215716,0.000138866380439,0.000075849435234,0.0000626238252153,0.0000219035900955,0.00000382871348847,0.0000691329769325,0.000336547673214],"median":[0.00117609230801,0.00872397515923,0.00170267897192,0.00116671994328,0.00113376881927,0.000385186664062,0.000178526548552,0.0000897541322047,0.000260707049165,0.000140408999869,0.000113313530164,0.000082465907326,0.0000814419181552,0.0000438661954831,0.0000454159417131,0.0000469047008664,0.0000291886462946,0.0000353583454853,0.0000235892748606,0.0000276594564639,0.0000311503754347,0.000011059213648,0.00000420858486905,0.00000189340585166,0.00000105336971501,0.00000394551307181,0.0000926542925299],"min":[1.39829467449e-12,1.40204202415e-11,1.24508181543e-11,1.23718335923e-11,7.64132160325e-12,9.31973335311e-12,3.55680719252e-12,4.72871394819e-12,4.5573701063e-12,3.66809924449e-12,1.68289698583e-12,3.31546335525e-12,2.65813629788e-12,3.15804131977e-12,7.02022684776e-12,1.07137675467e-11,1.05789101437e-11,1.21403980619e-11,1.6563294139e-11,1.32937012093e-11,1.94249269447e-11,2.19451991301e-11,3.73133919596e-11,4.95013266488e-11,5.04154946956e-11,1.05072374412e-10,8.64200169759e-11],"var":[0.0000927193250391,0.000444963865448,0.0000728656450519,0.0000309721472149,0.000020320783733,0.0000443950302724,0.0000323954227497,0.00000810454639577,0.0000288048740913,0.00000483199028167,0.0000024660193958,5.9439304323e-7,0.00000107427172225,1.61490959272e-7,7.50603703636e-8,1.61966340784e-7,8.12368412539e-8,1.88348977304e-7,5.29595126864e-7,4.85241457682e-7,1.70080852513e-7,3.87724625739e-8,5.0496876014e-8,6.24977802843e-9,8.93385435075e-11,6.6442204627e-8,5.61579838632e-7]},"barkbands_crest":{"dmean":3.0484585762,"dmean2":4.77845239639,"dvar":7.13883399963,"dvar2":16.9668292999,"max":25.3070983887,"mean":13.0769786835,"median":12.3863658905,"min":3.37805581093,"var":25.7495765686},"barkbands_flatness_db":{"dmean":0.0310470871627,"dmean2":0.0451227612793,"dvar":0.000796162581537,"dvar2":0.00163735228125,"max":0.429188519716,"mean":0.173122957349,"median":0.167627215385,"min":0.0249417163432,"var":0.00387185509317},"barkbands_kurtosis":{"dmean":11.9988327026,"dmean2":18.1928462982,"dvar":390.394317627,"dvar2":874.456054688,"max":405.346740723,"mean":23.8987140656,"median":12.1034126282,"min":-1.88261032104,"var":1043.94689941},"barkbands_skewness":{"dmean":0.974574804306,"dmean2":1.45636463165,"dvar":1.08974575996,"dvar2":2.40166020393,"max":15.6539707184,"mean":3.49966716766,"median":3.02986693382,"min":-2.29164195061,"var":5.07693481445},"barkbands_spread":{"dmean":5.98657512665,"dmean2":9.05178451538,"dvar":77.2107543945,"dvar2":166.885406494,"max":130.997817993,"mean":17.6062088013,"median":11.5383319855,"min":0.323953390121,"var":365.31060791},"dissonance":{"dmean":0.0204392243177,"dmean2":0.0341511555016,"dvar":0.000478297006339,"dvar2":0.00129581056535,"max":0.500000119209,"mean":0.461870133877,"median":0.47269308567,"min":0.223307296634,"var":0.00122053641826},"dynamic_complexity":5.06135797501,"erbbands":{"dmean":[0.436472326517,1.80226576328,3.48877000809,4.74296951294,6.02017068863,4.84610700607,5.89819574356,14.3198633194,13.2199850082,13.7699518204,9.73056221008,18.535276413,21.0057220459,11.871632576,6.7977604866,7.14146661758,10.1635799408,5.73416471481,3.74753689766,6.44185495377,4.75741434097,4.33607435226,5.09755086899,4.69142484665,5.57884693146,4.29379415512,3.90181446075,2.62320423126,1.84781014919,1.97166883945,1.74228441715,0.716147422791,0.255046099424,0.0588812641799,0.0215470455587,0.0609381310642,0.147225603461,0.101577050984,0.0277302674949,0.00300161074847],"dmean2":[0.711920142174,2.88779306412,5.79465961456,7.33725738525,9.40909004211,7.68770313263,8.95715045929,21.4707202911,19.8559818268,19.7748851776,14.9383249283,29.0892333984,32.3818244934,18.1922492981,10.5506544113,11.0982408524,16.3342990875,9.10201072693,5.64284229279,9.86869812012,7.01933336258,6.20140314102,7.34571743011,6.70333623886,7.65267705917,5.8357591629,5.5722899437,3.67642998695,2.5192193985,2.78078556061,2.6454064846,1.07538700104,0.392513215542,0.093299485743,0.0337076298892,0.0967859774828,0.222823023796,0.140913501382,0.0358280874789,0.0036980707664],"dvar":[1.00857436657,10.3869380951,45.6336479187,81.8391342163,123.232688904,138.693832397,213.867095947,2389.75390625,2956.31225586,4698.41552734,1555.44104004,4381.421875,5290.74707031,1710.5715332,806.279174805,679.418457031,1486.84411621,343.116638184,71.1736450195,224.399856567,180.029037476,142.465896606,239.068054199,243.533416748,989.703125,398.463165283,267.631530762,61.4598007202,26.9747676849,37.8881721497,40.3974189758,6.01018047333,0.80976587534,0.0349945388734,0.00217019184493,0.0580309741199,0.274610549212,0.103240631521,0.00687626190484,0.0000437340095232],"dvar2":[2.6724383831,27.8497180939,117.92010498,198.094192505,260.135406494,328.737518311,474.674682617,4568.38085938,6038.90722656,9411.1640625,3270.89550781,10486.8339844,12347.828125,3655.40844727,1646.90844727,1279.25354004,3635.19238281,883.955322266,164.440048218,524.701599121,408.663604736,280.696777344,502.210083008,458.702911377,1977.51525879,652.61907959,504.236663818,119.667358398,52.1358909607,77.5707702637,93.7376708984,13.2410564423,1.82175731659,0.0852849707007,0.00528678623959,0.140940904617,0.619471728802,0.211051642895,0.0114057743922,0.0000683451144141],"max":[12.016409874,42.7628211975,82.0066833496,194.587554932,273.561431885,259.64553833,406.536254883,1588.0546875,2257.03295898,3010.36083984,1703.62072754,2166.16259766,2232.94458008,1253.58215332,1096.97229004,1668.94689941,2252.93945312,748.235961914,257.960601807,268.453308105,516.587402344,457.114562988,500.889190674,550.406494141,1301.27575684,1163.65344238,786.900024414,250.964370728,92.9439468384,106.239379883,148.677536011,52.7552642822,15.5317935944,5.37827062607,1.20787274837,4.99736595154,9.89089870453,6.700527668,3.04599165916,0.242567911744],"mean":[0.619109749794,2.7282602787,5.14902687073,8.08144283295,11.264954567,6.96918725967,8.89546298981,20.3740921021,19.5066928864,23.1676998138,15.4234514236,29.3301620483,32.7519073486,20.6960639954,11.5613088608,12.0284729004,15.8164615631,9.90242290497,6.50554227829,10.5606861115,7.78356695175,6.92389678955,8.06472492218,7.20955705643,8.11960792542,6.73223495483,6.49651670456,4.43640041351,2.76750683784,2.36212420464,1.69350409508,0.706948339939,0.242853820324,0.0584436617792,0.0240619592369,0.054723251611,0.142106667161,0.131287992001,0.0533219799399,0.00761637696996],"median":[0.305921852589,1.63034367561,2.16072845459,3.48362755775,4.53025150299,2.66040158272,3.10462617874,3.00405025482,2.55018281937,2.60520839691,2.7890996933,5.2021894455,5.1265501976,6.23175573349,3.91248846054,3.8639125824,3.88147592545,2.62968349457,2.25977277756,3.06295871735,2.16461753845,1.7804377079,1.9482562542,1.47928333282,1.36075949669,1.28332436085,1.46562111378,0.918986022472,0.43414697051,0.22674626112,0.108926236629,0.0542582497001,0.0239518880844,0.0125910099596,0.00764812808484,0.00625098217279,0.00813795812428,0.0126114161685,0.0114488657564,0.00402218848467],"min":[3.62562285749e-10,3.42970496447e-9,1.20184378005e-8,2.99829174821e-8,3.12410612935e-8,2.94750552854e-8,3.13401073981e-8,1.08578788627e-7,6.5724108822e-8,4.99213719252e-8,1.02732883533e-7,1.21142335274e-7,8.95577869642e-8,9.70519877797e-8,1.63379141327e-7,1.03710611654e-7,1.4633228318e-7,1.72418367583e-7,2.92566937787e-7,4.29260296642e-7,6.9279070658e-7,7.56593749429e-7,7.96454230567e-7,5.01177169099e-7,7.61772696478e-7,6.00899397796e-7,7.46153205e-7,8.37734660308e-7,5.50483093775e-7,0.00000101461591839,0.00000120096206047,0.00000114242027394,7.6485343925e-7,4.94406037888e-7,4.05785243629e-7,4.19056391365e-7,2.01252149168e-7,5.70731444327e-8,1.15799201339e-8,1.29707666829e-9],"var":[1.01319634914,12.4172124863,73.4119110107,166.383865356,544.159240723,193.172088623,352.813110352,5109.09375,5419.36181641,14278.6835938,2684.46459961,10842.7880859,11689.7167969,4021.52734375,1571.60302734,1499.76733398,2480.32226562,683.989013672,139.384368896,448.974731445,323.883331299,274.724212646,489.233276367,539.20880127,2158.10253906,1014.64526367,574.223571777,126.436080933,48.9226531982,51.9104042053,40.3414840698,6.41104269028,0.811276495457,0.0317093878984,0.00237063621171,0.0500138550997,0.283315032721,0.15018877387,0.0184042360634,0.000137485185405]},"erbbands_crest":{"dmean":2.45201587677,"dmean2":3.89984321594,"dvar":5.86374807358,"dvar2":13.7779216766,"max":28.9285755157,"mean":8.17358016968,"median":6.99656581879,"min":2.00684189796,"var":20.0578174591},"erbbands_flatness_db":{"dmean":0.0203730277717,"dmean2":0.0290729124099,"dvar":0.000374994444428,"dvar2":0.00071630673483,"max":0.298724830151,"mean":0.121784172952,"median":0.115304961801,"min":0.0235020183027,"var":0.00225810776465},"erbbands_kurtosis":{"dmean":1.02702105045,"dmean2":1.55440711975,"dvar":2.64118766785,"dvar2":5.09570598602,"max":31.4888648987,"mean":0.82221186161,"median":-0.0712226629257,"min":-1.69176137447,"var":8.23117542267},"erbbands_skewness":{"dmean":0.344797492027,"dmean2":0.509493052959,"dvar":0.118922315538,"dvar2":0.233562111855,"max":5.20954799652,"mean":0.384240180254,"median":0.36982896924,"min":-4.58508253098,"var":0.713369905949},"erbbands_spread":{"dmean":9.19508743286,"dmean2":13.6919193268,"dvar":97.733505249,"dvar2":204.450759888,"max":132.844940186,"mean":42.3771743774,"median":40.4180717468,"min":4.45117044449,"var":435.953887939},"gfcc":{"cov":[[11453.4140625,662.285217285,-753.364990234,-75.5164489746,20.1270980835,-614.816650391,238.949859619,-487.775970459,264.292388916,-119.580406189,-100.689193726,27.4723491669,-220.438659668],[662.285217285,1314.57849121,-58.3316726685,-337.620788574,61.768245697,-125.216682434,69.2209625244,-63.8419837952,13.7748098373,-53.1801109314,4.76827096939,-139.039306641,89.6734542847],[-753.364990234,-58.3316726685,420.435272217,118.011070251,-65.5447616577,212.417541504,-105.076644897,148.708145142,-46.0289993286,49.5778465271,40.2237968445,11.043050766,19.3911094666],[-75.5164489746,-337.620788574,118.011070251,335.472015381,115.220100403,53.2727508545,51.3958854675,0.359489202499,2.89468860626,7.45030117035,5.69365596771,57.8180999756,-26.3848781586],[20.1270980835,61.768245697,-65.5447616577,115.220100403,229.380172729,-3.86735630035,119.835525513,-78.2057266235,1.31515073776,-37.7001724243,-2.65469145775,5.01392316818,17.1213531494],[-614.816650391,-125.216682434,212.417541504,53.2727508545,-3.86735630035,288.686309814,-80.3907318115,121.717811584,-54.6730690002,23.0271778107,27.8795337677,20.6877193451,23.4253158569],[238.949859619,69.2209625244,-105.076644897,51.3958854675,119.835525513,-80.3907318115,247.860229492,-74.2816162109,53.5286979675,-14.1537189484,-10.7619066238,18.3101234436,10.0551481247],[-487.775970459,-63.8419837952,148.708145142,0.359489202499,-78.2057266235,121.717811584,-74.2816162109,195.379272461,12.705329895,44.6592712402,30.1525707245,-6.72869205475,27.6150074005],[264.292388916,13.7748098373,-46.0289993286,2.89468860626,1.31515073776,-54.6730690002,53.5286979675,12.705329895,108.893325806,38.8952827454,12.2727956772,17.1212406158,-20.0198020935],[-119.580406189,-53.1801109314,49.5778465271,7.45030117035,-37.7001724243,23.0271778107,-14.1537189484,44.6592712402,38.8952827454,104.008834839,47.0163154602,9.32109355927,10.8505048752],[-100.689193726,4.76827096939,40.2237968445,5.69365596771,-2.65469145775,27.8795337677,-10.7619066238,30.1525707245,12.2727956772,47.0163154602,68.9862823486,26.3011837006,12.4630346298],[27.4723491669,-139.039306641,11.043050766,57.8180999756,5.01392316818,20.6877193451,18.3101234436,-6.72869205475,17.1212406158,9.32109355927,26.3011837006,78.139541626,1.94630527496],[-220.438659668,89.6734542847,19.3911094666,-26.3848781586,17.1213531494,23.4253158569,10.0551481247,27.6150074005,-20.0198020935,10.8505048752,12.4630346298,1.94630527496,88.2495803833]],"icov":[[0.000125058868434,-0.000154265013407,0.000262143526925,-0.000292533048196,0.000307965208776,-0.0000747706799302,0.0000467279314762,0.00022224469285,-0.000243163551204,0.0000760006369092,0.0000189315705938,-0.0000965837971307,0.000144255522173],[-0.000154265013407,0.00228098523803,-0.00198302324861,0.0026215815451,-0.00144119886681,0.000622257590294,-0.000354401097866,0.00118637864944,-0.00196135276929,0.00231200968847,-0.00254643824883,0.00363096431829,-0.00214969017543],[0.000262143526925,-0.00198302324861,0.00768917379901,-0.00561897922307,0.00454787956551,-0.00376742403023,0.000484562682686,-0.00125779677182,0.00154889770783,-0.00118584791198,-0.000692993868142,-0.0000393775844714,0.000352313392796],[-0.000292533048196,0.0026215815451,-0.00561897922307,0.0109359361231,-0.00855221785605,0.00349179259501,-0.000632804410998,-0.00210790289566,0.00171728152782,-0.00209801527672,0.00303685222752,-0.00415911152959,0.00288411905058],[0.000307965208776,-0.00144119886681,0.00454787956551,-0.00855221785605,0.0151037424803,-0.00581472972408,-0.00273058749735,0.00642604567111,-0.00465672044083,0.00661944271997,-0.00730224046856,0.00759966066107,-0.00541566871107],[-0.0000747706799302,0.000622257590294,-0.00376742403023,0.00349179259501,-0.00581472972408,0.00951842777431,0.000752688210923,-0.00581958377734,0.00578225823119,-0.00322389532812,0.00321717606857,-0.00577645935118,0.00277070538141],[0.0000467279314762,-0.000354401097866,0.000484562682686,-0.000632804410998,-0.00273058749735,0.000752688210923,0.0072382800281,0.000957301817834,-0.00326145184226,-0.000172190135345,0.00179509003647,-0.00171554239932,-0.00154752819799],[0.00022224469285,0.00118637864944,-0.00125779677182,-0.00210790289566,0.00642604567111,-0.00581958377734,0.000957301817834,0.01557721477,-0.0109006790444,0.00612096861005,-0.0076731541194,0.0104576516896,-0.00806210935116],[-0.000243163551204,-0.00196135276929,0.00154889770783,0.00171728152782,-0.00465672044083,0.00578225823119,-0.00326145184226,-0.0109006790444,0.0245853830129,-0.0139473909512,0.00864269863814,-0.0132086006925,0.011072838679],[0.0000760006369092,0.00231200968847,-0.00118584791198,-0.00209801527672,0.00661944271997,-0.00322389532812,-0.000172190135345,0.00612096861005,-0.0139473909512,0.0254453253001,-0.0186826251447,0.0133317103609,-0.00879856478423],[0.0000189315705938,-0.00254643824883,-0.000692993868142,0.00303685222752,-0.00730224046856,0.00321717606857,0.00179509003647,-0.0076731541194,0.00864269863814,-0.0186826251447,0.0344227738678,-0.0195594541728,0.00628205481917],[-0.0000965837971307,0.00363096431829,-0.0000393775844714,-0.00415911152959,0.00759966066107,-0.00577645935118,-0.00171554239932,0.0104576516896,-0.0132086006925,0.0133317103609,-0.0195594541728,0.032875623554,-0.010782038793],[0.000144255522173,-0.00214969017543,0.000352313392796,0.00288411905058,-0.00541566871107,0.00277070538141,-0.00154752819799,-0.00806210935116,0.011072838679,-0.00879856478423,0.00628205481917,-0.010782038793,0.0206197742373]],"mean":[-38.4880867004,94.7221984863,-69.4502868652,13.243847847,-14.6513156891,-9.60283946991,6.28884935379,-11.9192256927,-4.83337688446,-6.90425348282,-10.2792654037,-0.684276223183,-6.73082590103]},"hfc":{"dmean":35.0115966797,"dmean2":49.7757720947,"dvar":2874.13330078,"dvar2":5485.80761719,"max":969.465087891,"mean":96.5088577271,"median":62.8251533508,"min":0.00000839617041493,"var":10940.2685547},"melbands":{"dmean":[0.00332740345038,0.00186815299094,0.000822148052976,0.000375876115868,0.000201841830858,0.000310050789267,0.000200396534638,0.000138105533551,0.0000832154837553,0.000131622204208,0.000106352446892,0.0000490691527375,0.0000284691795969,0.0000186353590834,0.0000212518589251,0.0000202158098546,0.0000102023095678,0.00000615603903498,0.00000785053180152,0.00000950167304836,0.00000517957460033,0.00000473149384561,0.00000459200009573,0.00000472338206237,0.00000385735620512,0.00000412005556427,0.00000383901442547,0.00000287202738036,0.00000277567869489,0.00000207783386941,0.00000144071293562,0.00000108980771074,0.00000103940374174,0.00000117465265248,0.00000114746512736,6.29787109574e-7,3.73977854906e-7,2.01083608431e-7,9.31779595703e-8,3.37022072472e-8],"dmean2":[0.00534379389137,0.00303803617135,0.00125765113626,0.000592197407968,0.000307538750349,0.000462440773845,0.000296097889077,0.000200083173695,0.00013128327555,0.000204989817576,0.00016394679551,0.0000751695188228,0.0000440722869826,0.0000294977344311,0.0000339860671374,0.000032730797102,0.0000163710064953,0.00000953698418016,0.000012276112102,0.0000145039421113,0.00000777325658419,0.00000696584902471,0.0000068494396146,0.00000695822109265,0.0000056605899772,0.00000593610229771,0.00000535729941475,0.00000408670757679,0.00000415707245338,0.00000305013691104,0.00000208721212402,0.00000153300106831,0.00000148480330608,0.00000171402427895,0.00000176421042397,9.5718405646e-7,5.64866923014e-7,3.115106324e-7,1.49323454934e-7,5.36211111068e-8],"dvar":[0.0000525215291418,0.0000102092762972,0.00000210509733733,5.42762791156e-7,2.10476429174e-7,0.00000108046322111,6.00218754698e-7,4.32070351053e-7,1.25036066834e-7,2.25903065143e-7,1.38527070703e-7,2.93145081542e-8,1.70646341502e-8,3.67171870685e-9,4.05314626306e-9,4.80576689554e-9,1.10341058512e-9,2.11958936513e-10,2.9859337225e-10,5.85489434712e-10,2.50418658032e-10,1.92214508199e-10,1.73033601336e-10,2.16687862098e-10,1.67147046204e-10,4.62962446157e-10,4.16399414949e-10,1.84500623113e-10,1.64868729779e-10,5.49256196081e-11,1.84825210692e-11,9.86393432212e-12,1.0144709725e-11,1.52195651915e-11,1.92521849157e-11,4.99184894809e-12,1.663038522e-12,5.26802993589e-13,1.24106860856e-13,8.93889200534e-15],"dvar2":[0.000137667186209,0.0000263284309767,0.00000493526977152,0.00000123304891986,4.63985969645e-7,0.00000209310951504,0.00000121659752494,8.77200875493e-7,2.7848972195e-7,5.30158956735e-7,3.23110924683e-7,6.27803231623e-8,3.62517766916e-8,7.84050246949e-9,1.01113926121e-8,1.11624043342e-8,2.89320656321e-9,5.09483510935e-10,7.10080827471e-10,1.33077882047e-9,5.85975823419e-10,3.99084126856e-10,3.94880461663e-10,4.4330084048e-10,3.34152705506e-10,9.70013291912e-10,7.22954140997e-10,3.43708311812e-10,3.54091339583e-10,1.05974951037e-10,3.98963778681e-11,2.02525617804e-11,2.09168932175e-11,3.29478597183e-11,4.60956307846e-11,1.12536308397e-11,3.71723788903e-12,1.19234299083e-12,2.99551751676e-13,2.27395295112e-14],"max":[0.0851306021214,0.0445373356342,0.0279723145068,0.013528354466,0.0108369095251,0.0356375686824,0.0308254864067,0.0277805514634,0.0160566791892,0.017566787079,0.0116058904678,0.0054124481976,0.00466275215149,0.0031800121069,0.00292453286238,0.00353577663191,0.00129516748711,0.000430814834544,0.000335730233928,0.000514357874636,0.000649467983749,0.000561350025237,0.00040660056402,0.000563661276828,0.00047042890219,0.000793716462795,0.00103285524528,0.000730407657102,0.000653828959912,0.000347951892763,0.000137603274197,0.0000663968894514,0.0000543767309864,0.000066985070589,0.000107599604235,0.0000397786061512,0.0000292220993288,0.0000133613984872,0.000010010027836,0.00000257413375948],"mean":[0.00502329366282,0.00300269387662,0.00158165895846,0.000652217306197,0.000300574785797,0.000443971424829,0.000300470972434,0.000231289464864,0.00012243395031,0.000207799632335,0.000162403375725,0.0000821382782306,0.0000452856511401,0.0000287225720967,0.0000345783882949,0.0000314942044497,0.000016449679606,0.00000960289708019,0.0000123720128613,0.0000148515709952,0.0000077307004176,0.00000708065454091,0.00000697446239428,0.00000720839034329,0.00000560211856282,0.00000566036578675,0.00000569972962694,0.00000419416392106,0.00000421808590545,0.00000341370628121,0.00000229182342082,0.00000158696616381,0.00000136536777973,0.00000129887882849,0.00000108694143819,6.08365155585e-7,3.64745403658e-7,1.89337598044e-7,8.47755998734e-8,3.44968320576e-8],"median":[0.00279847579077,0.00168412970379,0.000743154319935,0.000264938309556,0.000106745850644,0.0000690493034199,0.0000390155400964,0.0000263476176769,0.0000238887041633,0.0000343583524227,0.0000239213040913,0.0000236462474277,0.0000141258460644,0.00000947443913901,0.0000100884371932,0.00000670734880259,0.00000428638213634,0.00000316232353725,0.0000037194390643,0.00000385186194762,0.00000196605219571,0.00000172330112491,0.00000172504041984,0.00000164940729519,0.00000105904928205,8.76996182342e-7,9.64984110396e-7,7.49528226152e-7,9.01986140889e-7,7.49615878703e-7,4.33463185345e-7,2.48680009918e-7,1.59539027322e-7,1.01778937278e-7,6.29288265941e-8,4.31410711599e-8,2.72020290737e-8,1.63685491827e-8,1.15529852351e-8,9.42216082933e-9],"min":[3.71925060194e-12,5.79081877936e-12,5.63025364178e-12,1.88512291714e-12,1.30308058181e-12,2.27111949039e-12,9.04046911117e-13,6.96177978547e-13,8.24044771221e-13,7.01551067673e-13,4.65046729424e-13,4.43526237872e-13,3.48525461963e-13,4.71992020121e-13,2.90647253444e-13,2.30356017464e-13,2.45693575077e-13,4.63801035338e-13,5.79457055255e-13,4.63189978994e-13,9.12819407735e-13,5.81862628826e-13,1.51819507486e-12,2.75601996736e-13,2.02964123915e-13,5.94472550613e-13,5.45885439716e-13,3.29894071045e-13,5.12070203948e-13,3.42010328478e-13,5.69202508478e-13,3.063781325e-13,4.04218000218e-13,5.57907398665e-13,3.79000297942e-13,5.26468137748e-13,7.95398794572e-13,4.86177721346e-13,5.038268522e-13,4.21965088739e-13],"var":[0.000057148077758,0.0000163500790222,0.0000060597594711,0.00000142521321322,3.55531369678e-7,0.00000227184727919,0.00000115982447824,0.00000134094148052,1.87328794254e-7,5.86547344028e-7,2.99525936498e-7,6.58958612121e-8,3.33442464751e-8,6.99182933772e-9,9.25391585582e-9,9.33641608469e-9,1.94497640216e-9,3.61553731398e-10,5.44077227715e-10,1.12265108321e-9,3.87735371588e-10,3.37483790913e-10,3.02257135987e-10,4.4652739839e-10,3.26079274693e-10,9.13040365536e-10,1.04039576954e-9,4.04217881389e-10,2.97928931525e-10,1.07375872083e-10,3.24275259422e-11,1.6865812566e-11,1.4931333947e-11,1.84413907756e-11,1.80962952956e-11,5.12296585362e-12,1.73553803707e-12,5.21280121932e-13,1.08302025659e-13,7.96738417835e-15]},"melbands_crest":{"dmean":3.92317080498,"dmean2":6.16832923889,"dvar":12.4086008072,"dvar2":31.0566444397,"max":37.4574012756,"mean":19.5673007965,"median":18.8966064453,"min":4.30561876297,"var":43.3600082397},"melbands_flatness_db":{"dmean":0.0377983488142,"dmean2":0.0548518449068,"dvar":0.00112902186811,"dvar2":0.00235728756525,"max":0.577014803886,"mean":0.29241374135,"median":0.290316879749,"min":0.0223190132529,"var":0.00606660544872},"melbands_kurtosis":{"dmean":21.5481891632,"dmean2":33.2753257751,"dvar":1295.01013184,"dvar2":3134.78808594,"max":549.29699707,"mean":42.7275085449,"median":22.9667739868,"min":-1.90839338303,"var":2998.25268555},"melbands_skewness":{"dmean":1.24039888382,"dmean2":1.87803208828,"dvar":1.90581893921,"dvar2":4.39538526535,"max":19.8766975403,"mean":4.5547785759,"median":4.07520627975,"min":-1.13042259216,"var":7.96472358704},"melbands_spread":{"dmean":4.52074193954,"dmean2":6.85974264145,"dvar":71.865737915,"dvar2":138.497619629,"max":184.050567627,"mean":11.9955320358,"median":7.60067844391,"min":0.307402312756,"var":341.263946533},"mfcc":{"cov":[[11225.6601562,615.719055176,-796.77557373,398.408691406,-558.32019043,159.771972656,-521.576171875,24.6380386353,-233.093811035,54.6535263062,-110.29082489,67.6825180054,-131.071090698],[615.719055176,1373.7767334,-108.840446472,-155.848236084,-108.769569397,-89.5580444336,10.5945549011,-102.061203003,64.3799819946,-53.4735527039,35.8310050964,-63.1890563965,-46.1813964844],[-796.77557373,-108.840446472,539.920959473,-131.565231323,163.081420898,-57.8323440552,59.6898498535,22.3006706238,-1.35704040527,43.8416023254,38.5798377991,20.496049881,29.7131404877],[398.408691406,-155.848236084,-131.565231323,348.384765625,-35.6536369324,105.247703552,5.28090667725,35.1097488403,5.01323747635,7.04535055161,-17.8927402496,10.0879011154,7.99542999268],[-558.32019043,-108.769569397,163.081420898,-35.6536369324,220.684570312,22.3021526337,64.9697113037,30.5073890686,-8.75153636932,4.88760900497,-1.97991716862,2.14073371887,20.6079654694],[159.771972656,-89.5580444336,-57.8323440552,105.247703552,22.3021526337,185.736282349,56.2402496338,45.4118270874,-5.5308508873,-12.5919122696,-26.5226306915,3.68933606148,14.9702606201],[-521.576171875,10.5945549011,59.6898498535,5.28090667725,64.9697113037,56.2402496338,153.322219849,26.4183635712,39.1964073181,-13.867316246,-8.87357521057,-9.56612491608,15.2688093185],[24.6380386353,-102.061203003,22.3006706238,35.1097488403,30.5073890686,45.4118270874,26.4183635712,126.568237305,5.65264940262,25.5210933685,-21.5103645325,-1.72711896896,4.20915079117],[-233.093811035,64.3799819946,-1.35704040527,5.01323747635,-8.75153636932,-5.5308508873,39.1964073181,5.65264940262,97.6104812622,12.4677000046,16.5971622467,-4.20988512039,7.44182872772],[54.6535263062,-53.4735527039,43.8416023254,7.04535055161,4.88760900497,-12.5919122696,-13.867316246,25.5210933685,12.4677000046,83.0147628784,28.3685035706,15.5525474548,3.72816872597],[-110.29082489,35.8310050964,38.5798377991,-17.8927402496,-1.97991716862,-26.5226306915,-8.87357521057,-21.5103645325,16.5971622467,28.3685035706,82.6376419067,28.415096283,8.24267196655],[67.6825180054,-63.1890563965,20.496049881,10.0879011154,2.14073371887,3.68933606148,-9.56612491608,-1.72711896896,-4.20988512039,15.5525474548,28.415096283,70.708694458,30.0168609619],[-131.071090698,-46.1813964844,29.7131404877,7.99542999268,20.6079654694,14.9702606201,15.2688093185,4.20915079117,7.44182872772,3.72816872597,8.24267196655,30.0168609619,71.3365097046]],"icov":[[0.00014570717758,-0.000116005081509,0.0000528023992956,-0.000094553877716,0.000173621127033,-0.000210681828321,0.000405002938351,-0.0000858837447595,0.000229694676818,-0.000216682630708,0.000274960912066,-0.000312395044602,0.000180700619239],[-0.000116005081509,0.00104120094329,0.000133406487294,0.000467570062028,0.000217019303818,0.000301850144751,-0.000583541986998,0.000438272429164,-0.000637500255834,0.000636009383015,-0.000849222298712,0.00099206448067,0.0000398842494178],[0.0000528023992956,0.000133406487294,0.00303010595962,0.000722245720681,-0.00160591467284,0.000984834739938,-0.000949061242864,-0.000300735380733,0.000661262369249,-0.00121458130889,-0.000732443179004,-0.00023692533432,-0.000502721231896],[-0.000094553877716,0.000467570062028,0.000722245720681,0.00407913932577,0.000351941213012,-0.00179936958011,-0.000095780036645,-0.000160991141456,-0.000668043037876,-0.00048393549514,-0.0000717137227184,-0.0000338544014085,-0.000205611533602],[0.000173621127033,0.000217019303818,-0.00160591467284,0.000351941213012,0.0071515920572,-0.000773556705099,-0.0017471536994,-0.000755396205932,0.00163317564875,-0.0000883460670593,0.00014644919429,0.000384239741834,-0.000740522868],[-0.000210681828321,0.000301850144751,0.000984834739938,-0.00179936958011,-0.000773556705099,0.00900916103274,-0.00385631807148,-0.00182731938548,0.00138759519905,0.00110093154944,0.000300661165966,-0.000327040208504,-0.00123355747201],[0.000405002938351,-0.000583541986998,-0.000949061242864,-0.000095780036645,-0.0017471536994,-0.00385631807148,0.0120081705973,-0.00106951640919,-0.00418503535911,0.00195092812646,0.0010593313491,0.000263816793449,-0.000319503917126],[-0.0000858837447595,0.000438272429164,-0.000300735380733,-0.000160991141456,-0.000755396205932,-0.00182731938548,-0.00106951640919,0.0109456665814,-0.000918927951716,-0.00438044872135,0.00352298421785,0.000194932421437,0.000289704999886],[0.000229694676818,-0.000637500255834,0.000661262369249,-0.000668043037876,0.00163317564875,0.00138759519905,-0.00418503535911,-0.000918927951716,0.0141515592113,-0.00268683349714,-0.0023403679952,0.00149958452675,-0.00170067662839],[-0.000216682630708,0.000636009383015,-0.00121458130889,-0.00048393549514,-0.0000883460670593,0.00110093154944,0.00195092812646,-0.00438044872135,-0.00268683349714,0.0176826547831,-0.00608575437218,-0.000509622215759,0.000482914823806],[0.000274960912066,-0.000849222298712,-0.000732443179004,-0.0000717137227184,0.00014644919429,0.000300661165966,0.0010593313491,0.00352298421785,-0.0023403679952,-0.00608575437218,0.01938178204,-0.00773411663249,0.00130559771787],[-0.000312395044602,0.00099206448067,-0.00023692533432,-0.0000338544014085,0.000384239741834,-0.000327040208504,0.000263816793449,0.000194932421437,0.00149958452675,-0.000509622215759,-0.00773411663249,0.0224100574851,-0.00860542804003],[0.000180700619239,0.0000398842494178,-0.000502721231896,-0.000205611533602,-0.000740522868,-0.00123355747201,-0.000319503917126,0.000289704999886,-0.00170067662839,0.000482914823806,0.00130559771787,-0.00860542804003,0.0187547206879]],"mean":[-708.71661377,154.397659302,4.6475815773,41.1008758545,-0.628419458866,20.9345493317,8.05895709991,11.620100975,7.00288200378,4.51154613495,-0.435121357441,2.18220901489,-1.40766441822]},"pitch_salience":{"dmean":0.0834523811936,"dmean2":0.129683405161,"dvar":0.00520733604208,"dvar2":0.0126814479008,"max":0.810558259487,"mean":0.489552289248,"median":0.50862300396,"min":0.0810734778643,"var":0.0184017922729},"silence_rate_20dB":{"dmean":0.000293556426186,"dmean2":0.000587199057918,"dvar":0.000293494551443,"dvar2":0.000880550884176,"max":1,"mean":0.999853253365,"median":1,"min":0,"var":0.00014671930694},"silence_rate_30dB":{"dmean":0.0628210753202,"dmean2":0.125660598278,"dvar":0.058871537447,"dvar2":0.129251882434,"max":1,"mean":0.92427355051,"median":1,"min":0,"var":0.069993712008},"silence_rate_60dB":{"dmean":0.0117422575131,"dmean2":0.0234879627824,"dvar":0.0116039067507,"dvar2":0.0267513766885,"max":1,"mean":0.0767537429929,"median":0,"min":0,"var":0.0708616897464},"spectral_centroid":{"dmean":220.819671631,"dmean2":323.882904053,"dvar":89340.234375,"dvar2":163973.671875,"max":11041.1015625,"mean":970.408813477,"median":744.398681641,"min":129.354888916,"var":494189.03125},"spectral_complexity":{"dmean":3.40173196793,"dmean2":4.5819144249,"dvar":22.7782859802,"dvar2":31.9030246735,"max":58,"mean":12.8497209549,"median":10,"min":0,"var":104.765098572},"spectral_contrast_coeffs":{"dmean":[0.0500659383833,0.0478491224349,0.0376366898417,0.0276588927954,0.0207248590887,0.0387930609286],"dmean2":[0.0811315849423,0.0775437653065,0.0613660700619,0.044733222574,0.0329646021128,0.0579269453883],"dvar":[0.00160537543707,0.00153171585407,0.000955053314101,0.00050771079259,0.000327001238475,0.00128178647719],"dvar2":[0.00425341026857,0.00390297709964,0.0025474736467,0.00125380791724,0.000758001813665,0.00277735758573],"max":[-0.366385191679,-0.441654294729,-0.459961116314,-0.586993157864,-0.678680837154,-0.41897046566],"mean":[-0.700780630112,-0.779384493828,-0.801152706146,-0.826119482517,-0.837673544884,-0.744785547256],"median":[-0.705264091492,-0.789021015167,-0.810764551163,-0.827827632427,-0.835628628731,-0.750126957893],"min":[-0.968092024326,-0.97177529335,-0.967497706413,-0.975646615028,-0.964658141136,-0.962017595768],"var":[0.00717116333544,0.00585138564929,0.0043897330761,0.0024055049289,0.00146390299778,0.00651331571862]},"spectral_contrast_valleys":{"dmean":[0.395282924175,0.410199433565,0.336179703474,0.325090825558,0.340726107359,0.611661195755],"dmean2":[0.623382627964,0.625605821609,0.511387646198,0.45676228404,0.445972442627,0.907297670841],"dvar":[0.133623629808,0.136094391346,0.106393270195,0.11494525522,0.152536317706,0.316188514233],"dvar2":[0.275336652994,0.264177203178,0.191328287125,0.180738210678,0.227673605084,0.643420577049],"max":[-4.84837198257,-4.37880277634,-5.51560926437,-5.86675548553,-5.01432752609,-8.48568916321],"mean":[-6.81341648102,-7.02361679077,-7.47010564804,-8.03306674957,-8.04214286804,-11.1477184296],"median":[-6.60846042633,-6.87881851196,-7.30166435242,-7.88408851624,-7.92931365967,-11.0784778595],"min":[-26.8258342743,-26.6270046234,-27.108133316,-27.3237457275,-27.3330783844,-27.2497806549],"var":[1.27670526505,1.37738323212,1.19911170006,1.20306432247,1.26064026356,1.07406628132]},"spectral_decrease":{"dmean":4.20181844873e-9,"dmean2":6.4377472242e-9,"dvar":5.30098430857e-17,"dvar2":1.29747355425e-16,"max":6.11610229129e-9,"mean":-8.83584760913e-9,"median":-6.10946138124e-9,"min":-8.77180568182e-8,"var":9.43837960516e-17},"spectral_energy":{"dmean":0.0169330667704,"dmean2":0.0248636454344,"dvar":0.000823155452963,"dvar2":0.00188815360889,"max":0.368112683296,"mean":0.0421021394432,"median":0.0302099138498,"min":1.16679899076e-9,"var":0.00177085876931},"spectral_energyband_high":{"dmean":0.000456929585198,"dmean2":0.000591803516727,"dvar":0.00000163390609487,"dvar2":0.00000288651972369,"max":0.0331271216273,"mean":0.000750258390326,"median":0.000151191561599,"min":3.70514896542e-10,"var":0.0000035328660033},"spectral_energyband_low":{"dmean":0.0136453667656,"dmean2":0.0215383023024,"dvar":0.000680671597365,"dvar2":0.00172756426036,"max":0.309586584568,"mean":0.0238858833909,"median":0.0151135828346,"min":3.27229007779e-11,"var":0.000919774116483},"spectral_energyband_middle_high":{"dmean":0.00106857344508,"dmean2":0.00147915829439,"dvar":0.00000580966343477,"dvar2":0.0000121976390801,"max":0.0562543384731,"mean":0.00246875919402,"median":0.000911010312848,"min":1.0504629111e-10,"var":0.0000197664630832},"spectral_energyband_middle_low":{"dmean":0.00469741551206,"dmean2":0.00675681373104,"dvar":0.0000723584016669,"dvar2":0.000144707737491,"max":0.218633159995,"mean":0.0116096148267,"median":0.00495835859329,"min":4.30842930776e-11,"var":0.000297129998216},"spectral_entropy":{"dmean":0.201729312539,"dmean2":0.285700917244,"dvar":0.0409890823066,"dvar2":0.0796807333827,"max":9.81221008301,"mean":7.47242450714,"median":7.50415802002,"min":5.2872505188,"var":0.234582021832},"spectral_flux":{"dmean":0.0304206572473,"dmean2":0.0480506718159,"dvar":0.00160353130195,"dvar2":0.00337469321676,"max":0.505376160145,"mean":0.0941633209586,"median":0.0789406001568,"min":0.0000341584382113,"var":0.00445438502356},"spectral_kurtosis":{"dmean":2.88698410988,"dmean2":4.1871638298,"dvar":12.3491821289,"dvar2":26.9462299347,"max":50.635219574,"mean":12.0781440735,"median":10.7310504913,"min":-1.22143900394,"var":40.3699836731},"spectral_rms":{"dmean":0.00112081540283,"dmean2":0.00158530741464,"dvar":0.00000201154080059,"dvar2":0.0000041937532842,"max":0.0189508385956,"mean":0.0056867217645,"median":0.00542891165242,"min":0.0000010669303947,"var":0.00000873653516464},"spectral_rolloff":{"dmean":3505.27294922,"dmean2":6673.61279297,"dvar":49073876,"dvar2":121253360,"max":22028.4667969,"mean":5875.33935547,"median":753.662109375,"min":43.06640625,"var":77874288},"spectral_skewness":{"dmean":0.271222561598,"dmean2":0.386795818806,"dvar":0.0935572907329,"dvar2":0.19080285728,"max":5.79456281662,"mean":2.35629558563,"median":2.25346326828,"min":-0.0264238789678,"var":0.444033533335},"spectral_spread":{"dmean":562419.1875,"dmean2":806160.3125,"dvar":451888021504,"dvar2":753317380096,"max":41846304,"mean":4633811.5,"median":4461535,"min":1690939.625,"var":2268116287490},"spectral_strongpeak":{"dmean":1.74263572693,"dmean2":3.1755797863,"dvar":60.4396781921,"dvar2":160.978652954,"max":102.417655945,"mean":1.99408197403,"median":0.282835543156,"min":0,"var":73.8420639038},"zerocrossingrate":{"dmean":0.0380463041365,"dmean2":0.0476796738803,"dvar":0.00131833809428,"dvar2":0.00188062933739,"max":0.69677734375,"mean":0.192072600126,"median":0.169921875,"min":0.00537109375,"var":0.0124199027196}},"metadata":{"audio_properties":{"analysis_sample_rate":44100,"bit_rate":160000,"codec":"mp3","downmix":"mix","equal_loudness":0,"length":158.197555542,"lossless":false,"md5_encoded":"4d24bd72b7e14c205a7e6d147c4aa4e5","replay_gain":-0.474792480469,"sample_rate":44100},"tags":{"album":["Comes a Time"],"album artist credit":["Neil Young"],"albumartist":["Neil Young"],"albumartistsort":["Young, Neil"],"artist":["Neil Young"],"artist credit":["Neil Young"],"artistsort":["Young, Neil"],"bpm":["0"],"catalognumber":["MSK 2266"],"composer":["Neil Young"],"date":["1978-10-21"],"discnumber":["1/1"],"encodedby":["iTunes v4.8.0.32"],"file_name":"04 - Neil Young - Lotta Love.mp3","genre":["Rock - Roots Rock"],"label":["Reprise Records"],"language":["eng"],"media":["12\" Vinyl"],"musicbrainz album release country":["US"],"musicbrainz album status":["Official"],"musicbrainz album type":["album"],"musicbrainz_albumartistid":["75167b8b-44e4-407b-9d35-effe87b223cf"],"musicbrainz_albumid":["a0951a28-4411-4a0e-b46d-ad2dfa28681e"],"musicbrainz_artistid":["75167b8b-44e4-407b-9d35-effe87b223cf"],"musicbrainz_recordingid":["01a45ba6-be6b-4cfc-8efc-12e34c28154a"],"musicbrainz_releasegroupid":["51d6fa96-4a5c-3d0c-ac05-b237314122cf"],"originaldate":["1978-10-21"],"replaygain_album_gain":["0.00 dB"],"replaygain_album_peak":["0.000000"],"replaygain_track_gain":["2.10 dB"],"replaygain_track_peak":["0.665802"],"script":["Latn"],"title":["Lotta Love"],"tracknumber":["4/10"]},"version":{"essentia":"2.1-beta1","essentia_build_sha":"ca57ba49d9b1854bd80e60cf9ccf267278fb7d6b","essentia_git_sha":"v2.1_beta1-28-g21ef5f4-dirty","extractor":"music 1.0"}},"rhythm":{"beats_count":278,"beats_loudness":{"dmean":0.0379720889032,"dmean2":0.0642228350043,"dvar":0.00130574789364,"dvar2":0.00357559602708,"max":0.314295560122,"mean":0.0800265818834,"median":0.0750985741615,"min":0.00000136802771067,"var"