{"lowlevel":{"average_loudness":0.851616322994,"barkbands":{"dmean":[0.0000687247375026,0.00235561328009,0.000688939355314,0.000665521947667,0.000797057757154,0.000396676216042,0.000303222070215,0.000276326696621,0.00051236100262,0.000488892837893,0.000408634456107,0.000378347554943,0.000299805804389,0.000609243463259,0.000489944010042,0.000322538573528,0.000361318263458,0.000368975423044,0.000317516736686,0.000267005176283,0.000200486960239,0.000147740109242,0.0000823325681267,0.0000523590460944,0.0000395365204895,0.0000384040286008,0.0000102693529698],"dmean2":[0.000103208083601,0.00361183122732,0.00118254416157,0.00115595129319,0.00136103108525,0.000629245885648,0.000478312023915,0.000432447064668,0.000794106337707,0.000762860407121,0.000651852518786,0.000606173940469,0.000477826339193,0.000976733048446,0.000787838827819,0.000527377822436,0.000602841901127,0.000618490041234,0.000533272337634,0.000442780932644,0.000321029976476,0.000223664334044,0.000115282404295,0.0000742634510971,0.0000575554695388,0.0000596585523454,0.0000163132935995],"dvar":[5.27588817079e-8,0.0000642746017547,0.00000522341952092,0.0000046364912123,0.000005661267096,9.74215595306e-7,5.9445522993e-7,6.53485869861e-7,0.00000256099565377,0.00000296785924547,0.00000197841222871,7.51753134409e-7,7.03642342614e-7,0.00000285889700535,0.00000135622190101,5.47514503069e-7,6.4936199351e-7,7.19982040209e-7,4.58673582671e-7,3.93969486367e-7,3.09291039002e-7,1.90475205386e-7,4.37043929935e-8,2.08434070004e-8,9.30524102216e-9,3.52341356091e-9,2.89293283773e-10],"dvar2":[1.12948043807e-7,0.000128319021314,0.0000145389249155,0.000012363746464,0.0000155648431246,0.0000024966343517,0.00000151692802319,0.00000156762655479,0.00000630338490737,0.00000683597818352,0.00000498008193972,0.00000178523919203,0.00000175329853391,0.00000730462579668,0.00000337439496434,0.0000013930981595,0.00000175379250322,0.00000193405571736,0.00000121645189211,0.00000103438912902,7.66629398186e-7,4.45090734047e-7,8.54431903008e-8,4.18735766061e-8,1.92861175918e-8,8.00210298024e-9,7.12002012904e-10],"max":[0.00291141867638,0.0977722033858,0.039733979851,0.0270217396319,0.0252305865288,0.0456616282463,0.0328710302711,0.0262285675853,0.0537963211536,0.0625175014138,0.0529976412654,0.0247112493962,0.0457295589149,0.0393568351865,0.0305738467723,0.0108249559999,0.0139246657491,0.0150414695963,0.00863555725664,0.0116318557411,0.00833706092089,0.00743596209213,0.00406959513202,0.0065083396621,0.00365733681247,0.00232305238023,0.000580562511459],"mean":[0.000104634782474,0.00359685602598,0.00111997092608,0.000672012451105,0.00100664736237,0.000719759904314,0.0005272590206,0.000453535583802,0.000811633944977,0.000762756855693,0.000571731186938,0.000582384236623,0.000438857357949,0.000857845530845,0.000701984390616,0.000453664368251,0.000501703645568,0.000531865109224,0.000496762862895,0.00038613579818,0.000312664138619,0.00026156345848,0.000161766685778,0.000104920276499,0.0000600087696512,0.0000420173746534,0.00000986109444057],"median":[0.0000250260181929,0.00112360960338,0.000321127678035,0.000158570270287,0.000431770371506,0.000350671471097,0.000239448083448,0.000207522854907,0.00026198674459,0.000255621707765,0.000152036911459,0.000242285066633,0.000162859985721,0.000223173250561,0.000208375160582,0.000179370312253,0.00023305931245,0.000272083590971,0.000265547947492,0.000178260845132,0.000108134459879,0.0000721815958968,0.0000376587522624,0.0000244095117523,0.0000216572698264,0.0000161510088219,0.00000327012844537],"min":[4.7977771454e-26,1.88860203243e-24,4.99006784587e-25,1.36530799551e-24,2.88590976831e-24,5.01570306428e-24,2.99339620816e-24,9.02212249806e-24,1.07033207712e-23,1.91796635411e-23,2.00845280201e-23,2.49765227061e-23,2.30139298595e-23,2.22616547453e-23,3.15537640993e-23,3.4067961623e-23,5.1573895826e-23,9.96068348623e-23,1.21026345881e-22,1.38976642277e-22,2.61255358488e-22,3.33375799234e-22,3.85652437598e-22,5.85458485064e-22,7.78654332528e-22,1.31027034713e-21,1.96029688272e-21],"var":[6.07218950677e-8,0.000086545747763,0.00000460981163997,0.00000346267643181,0.0000045100796342,0.00000182934525128,0.00000108643462227,9.41465486903e-7,0.000004596630788,0.00000515783449373,0.00000325987434735,0.00000152001746301,0.00000141192640513,0.00000422182483817,0.00000237366452893,7.34379341338e-7,7.24713061118e-7,7.60878663186e-7,5.31120690539e-7,4.2716251869e-7,3.96217274101e-7,3.02684043163e-7,1.05506813952e-7,5.21877900894e-8,1.67314162525e-8,4.75369077435e-9,2.95859003963e-10]},"barkbands_crest":{"dmean":2.38265919685,"dmean2":3.73982977867,"dvar":7.19973802567,"dvar2":14.833486557,"max":25.9298343658,"mean":8.12297725677,"median":6.93740558624,"min":1.93565237522,"var":18.26014328},"barkbands_flatness_db":{"dmean":0.0231452006847,"dmean2":0.032187089324,"dvar":0.000572855293285,"dvar2":0.00110951205716,"max":0.423816651106,"mean":0.0972429215908,"median":0.0859439447522,"min":0.011279899627,"var":0.00211172108538},"barkbands_kurtosis":{"dmean":1.84080815315,"dmean2":2.98719763756,"dvar":149.449264526,"dvar2":411.626098633,"max":897.950683594,"mean":1.10665357113,"median":-0.436763763428,"min":-1.9314057827,"var":107.445762634},"barkbands_skewness":{"dmean":0.508198976517,"dmean2":0.786854505539,"dvar":0.497193217278,"dvar2":1.08704090118,"max":26.332359314,"mean":0.600451827049,"median":0.469029247761,"min":-5.93736743927,"var":1.36920237541},"barkbands_spread":{"dmean":7.30454444885,"dmean2":11.1359195709,"dvar":71.6129074097,"dvar2":158.357696533,"max":124.213066101,"mean":31.4694862366,"median":30.2585601807,"min":0.299911648035,"var":198.22164917},"dissonance":{"dmean":0.0133478688076,"dmean2":0.022220140323,"dvar":0.000280046486296,"dvar2":0.000718195224181,"max":0.500000178814,"mean":0.476791977882,"median":0.484047919512,"min":0,"var":0.000558931438718},"dynamic_complexity":4.13082933426,"erbbands":{"dmean":[0.0830531716347,0.520650982857,0.909307181835,1.25775456429,3.65397953987,1.88183665276,1.95009946823,3.62377691269,4.40503406525,4.40575027466,6.83890676498,10.4890670776,17.9235286713,12.2490854263,16.1644935608,14.7096033096,13.6121606827,27.390630722,24.3726158142,24.0081825256,16.5268726349,17.9675045013,19.2616729736,18.8344478607,14.2598056793,12.3468017578,9.38553333282,7.39700317383,5.62219572067,3.35782003403,2.25669050217,1.41182732582,0.752161502838,0.462041914463,0.281512409449,0.161497503519,0.0717973932624,0.0166064538062,0.00172409962397,0.0000799986155471],"dmean2":[0.119555227458,0.834125041962,1.56728041172,2.17679738998,6.41786909103,3.09771490097,3.02308940887,5.83294439316,6.96642589569,7.00843191147,10.5859003067,16.1160850525,27.9872131348,18.8927574158,26.0758666992,23.2986125946,21.4807720184,44.0769081116,39.2086334229,39.0227813721,26.9981689453,29.8147525787,31.9475078583,32.2294502258,23.4561080933,20.3749237061,15.4792308807,11.7234973907,8.59536743164,4.86403131485,3.19570422173,2.04961061478,1.06141519547,0.666058897972,0.419267237186,0.248307779431,0.112532317638,0.0263127535582,0.00273411511444,0.000123899502796],"dvar":[0.0822650417686,3.1670165062,9.82950305939,11.2277364731,179.909057617,21.0130271912,24.2432003021,116.632766724,124.534973145,127.872772217,409.844421387,1177.62597656,4184.83447266,1524.21557617,2632.30541992,1102.015625,1618.0715332,4844.50927734,4407.09082031,3217.80834961,1536.03222656,1735.46447754,2194.77880859,1746.95458984,998.778076172,809.07635498,672.807189941,427.656463623,285.188140869,83.0318832397,32.7363243103,13.7576313019,5.56518268585,1.66248846054,0.361203730106,0.0727964490652,0.0126159153879,0.000778872868977,0.00000786951750342,1.55389390244e-8],"dvar2":[0.167683035135,6.92817354202,27.2861309052,30.2435817719,491.602416992,56.007183075,49.4134559631,312.25302124,296.300170898,321.097259521,972.858703613,2841.89575195,9823.51464844,3430.8684082,6705.3984375,2451.31469727,3981.59838867,11704.7099609,11537.7626953,8231.55859375,4028.2409668,4692.88330078,5920.37255859,4766.72216797,2605.1081543,2102.49291992,1762.55187988,1009.94250488,674.913879395,172.587646484,64.7722015381,28.5506153107,10.8854236603,3.39568662643,0.789055764675,0.160295858979,0.0294051561505,0.00192632281687,0.0000190339414985,3.60663641175e-8],"max":[3.46202492714,23.2373466492,51.1342086792,41.5056991577,154.433166504,92.952835083,245.304443359,559.524597168,338.337890625,341.683166504,853.837158203,947.688354492,2250.20019531,2147.54589844,2356.10668945,1052.34985352,2533.64453125,1930.23693848,1924.47644043,1280.76831055,722.061828613,849.699157715,857.073425293,501.254730225,451.098510742,503.713928223,476.423522949,265.61239624,287.861938477,120.692298889,111.136734009,95.8235473633,168.104064941,53.8885879517,18.9056167603,9.46817302704,4.7520608902,1.25333547592,0.0901125147939,0.00307726603933],"mean":[0.105832248926,0.789429724216,1.47986662388,1.60158145428,3.40230774879,3.00635886192,3.8735063076,6.1255106926,7.5674571991,7.88612127304,11.6013946533,17.5200157166,27.7911396027,20.4139232635,25.1792640686,24.2422027588,21.9741401672,41.2354049683,36.7585067749,35.4455680847,25.032579422,26.2698745728,28.5754261017,27.6945724487,23.0134220123,18.6347160339,13.8243637085,11.8852386475,9.74986076355,6.42618894577,4.43300437927,2.81123352051,1.42183041573,0.755941987038,0.387123584747,0.190525636077,0.0751838237047,0.0164396930486,0.00166646856815,0.000094687762612],"median":[0.0307670924813,0.265670865774,0.582602620125,0.765566110611,1.00411915779,1.28174519539,1.95440149307,2.73470926285,3.24703121185,3.79491949081,5.51396656036,6.2937297821,8.60426330566,8.98444080353,8.87055397034,10.8920822144,9.03921890259,12.1521072388,11.8508281708,12.0989904404,10.9927253723,13.050538063,15.1629219055,14.9289102554,11.9997081757,8.80941104889,5.40241289139,3.6929898262,2.80663466454,1.48358464241,1.02880692482,0.653864860535,0.349516898394,0.238485246897,0.148030489683,0.0725390836596,0.0280423928052,0.0059979557991,0.000562236120459,0.0000490599522891],"min":[1.44612403423e-22,2.86045861482e-22,1.58469741082e-21,6.60519551878e-21,5.13946742014e-21,1.51225385769e-20,3.39348552166e-20,5.54552868648e-20,6.39351159897e-20,1.61802783369e-19,2.60757133428e-19,3.5005484777e-19,4.45224846527e-19,8.1824525248e-19,9.90923599747e-19,1.18687151992e-18,1.19702485175e-18,1.51177007336e-18,2.25947941195e-18,2.79277061108e-18,3.56157088395e-18,3.80223453368e-18,6.13178648328e-18,4.6833506309e-18,7.36647845179e-18,6.80588036628e-18,9.04253248846e-18,1.12342070784e-17,1.12280156315e-17,1.07006896454e-17,1.03796517507e-17,1.0544684209e-17,9.0162612322e-18,6.93272644526e-18,6.83065897512e-18,3.99373759884e-18,2.43448208504e-18,9.85196821571e-19,2.37652117763e-19,2.6392987514e-20],"var":[0.0960694104433,3.96625161171,8.57309150696,9.2371263504,118.873809814,33.5533370972,72.8303451538,168.589248657,232.179733276,214.517349243,623.651977539,2114.07836914,7630.04736328,2384.27563477,4417.40966797,2364.30981445,3377.84179688,7973.72900391,7104.68896484,5086.99169922,2042.83959961,1824.41687012,2228.65673828,1747.46069336,1231.41687012,943.614501953,726.246154785,607.807922363,430.111724854,174.292053223,79.162727356,33.1728820801,12.4278106689,3.20458769798,0.58487123251,0.107562229037,0.0156463403255,0.00080159708159,0.00000834215461509,1.91625968426e-8]},"erbbands_crest":{"dmean":2.56708097458,"dmean2":4.19331407547,"dvar":6.7623500824,"dvar2":17.34217453,"max":29.8942108154,"mean":8.0400800705,"median":6.85150241852,"min":2.55127263069,"var":17.0121192932},"erbbands_flatness_db":{"dmean":0.0241628568619,"dmean2":0.0328885316849,"dvar":0.000471452309284,"dvar2":0.000868482864462,"max":0.386625140905,"mean":0.149994522333,"median":0.145274400711,"min":0.0334581248462,"var":0.00187993934378},"erbbands_kurtosis":{"dmean":0.913118064404,"dmean2":1.49551939964,"dvar":1.73181736469,"dvar2":4.59636211395,"max":30.8788375854,"mean":0.435480773449,"median":0.0338325500488,"min":-1.80991864204,"var":2.68934178352},"erbbands_skewness":{"dmean":0.359703451395,"dmean2":0.556817233562,"dvar":0.132610321045,"dvar2":0.318718284369,"max":4.79356718063,"mean":-0.133996605873,"median":-0.174976706505,"min":-4.77508354187,"var":0.463406980038},"erbbands_spread":{"dmean":7.0499753952,"dmean2":11.0479450226,"dvar":59.1082382202,"dvar2":142.508407593,"max":141.398025513,"mean":32.7539710999,"median":31.9702167511,"min":3.33999800682,"var":173.079345703},"gfcc":{"cov":[[28746.1992188,1159.76635742,-2001.63476562,933.620727539,-671.652404785,561.981506348,-477.657928467,161.965560913,-246.847686768,54.8360786438,-367.522155762,-29.9018688202,-333.141204834],[1159.76635742,2249.31420898,-74.2326202393,255.588882446,387.330474854,9.03806400299,410.278839111,208.682952881,176.676925659,126.699424744,131.020126343,-5.33101987839,68.8547515869],[-2001.63476562,-74.2326202393,1204.23913574,114.782295227,245.58152771,169.573806763,103.575637817,152.504745483,100.761711121,37.7994918823,54.5419006348,15.7080173492,-23.1535644531],[933.620727539,255.588882446,114.782295227,574.144348145,139.548873901,129.683074951,102.553489685,44.79063797,52.3445663452,4.63448762894,9.05327033997,-31.8732357025,-13.3734445572],[-671.652404785,387.330474854,245.58152771,139.548873901,446.821472168,89.1004867554,187.360412598,115.22794342,89.1805953979,73.3235092163,32.4693222046,9.8943901062,3.38660383224],[561.981506348,9.03806400299,169.573806763,129.683074951,89.1004867554,301.383026123,84.6933288574,52.5678825378,46.3471107483,21.9285030365,25.0864105225,-11.3996257782,-22.9535942078],[-477.657928467,410.278839111,103.575637817,102.553489685,187.360412598,84.6933288574,302.508117676,119.121955872,47.9262695312,65.6171417236,63.2338829041,5.94935131073,17.7270488739],[161.965560913,208.682952881,152.504745483,44.79063797,115.22794342,52.5678825378,119.121955872,191.651672363,82.9418716431,58.0129241943,40.5757064819,21.9518470764,19.1504936218],[-246.847686768,176.676925659,100.761711121,52.3445663452,89.1805953979,46.3471107483,47.9262695312,82.9418716431,158.146789551,68.1839447021,35.7094192505,17.0871124268,37.1571044922],[54.8360786438,126.699424744,37.7994918823,4.63448762894,73.3235092163,21.9285030365,65.6171417236,58.0129241943,68.1839447021,127.82723999,63.3446846008,36.1037406921,23.1768302917],[-367.522155762,131.020126343,54.5419006348,9.05327033997,32.4693222046,25.0864105225,63.2338829041,40.5757064819,35.7094192505,63.3446846008,104.609397888,43.2817840576,23.5424404144],[-29.9018688202,-5.33101987839,15.7080173492,-31.8732357025,9.8943901062,-11.3996257782,5.94935131073,21.9518470764,17.0871124268,36.1037406921,43.2817840576,80.4646224976,38.021812439],[-333.141204834,68.8547515869,-23.1535644531,-13.3734445572,3.38660383224,-22.9535942078,17.7270488739,19.1504936218,37.1571044922,23.1768302917,23.5424404144,38.021812439,86.1771774292]],"icov":[[0.0000946278014453,-0.000140738644404,0.00015938890283,-0.000189528116607,0.000224719144171,-0.000337909412337,0.000358385819709,-0.000412308349041,0.000349655369064,-0.000463080155896,0.000667444372084,-0.000493854924571,0.000420073833084],[-0.000140738644404,0.000952089729253,-0.0000201178627321,0.000129573454615,-0.00070551346289,0.000876085483469,-0.00119319849182,0.000437349226559,-0.00101153436117,0.000951496185735,-0.00173331331462,0.0013559848303,-0.000825244176667],[0.00015938890283,-0.0000201178627321,0.00140252697747,-0.000352724833647,-0.000199531394173,-0.000820957880933,0.000680501339957,-0.00133745674975,0.000155768866534,-0.000190655307961,0.000401807250455,-0.000837295490783,0.00114448962267],[-0.000189528116607,0.000129573454615,-0.000352724833647,0.00253807287663,-0.000795262632892,-0.0000322526757373,-0.000939718389418,0.00103059655521,-0.00114826916251,0.0014383936068,-0.00141626433469,0.00161734700669,-0.000768575817347],[0.000224719144171,-0.00070551346289,-0.000199531394173,-0.000795262632892,0.00445588631555,-0.000950308924075,-0.000735844369046,-0.00102855195291,0.0000795126761659,-0.00228486652486,0.00342331989668,-0.00230262754485,0.00186804065015],[-0.000337909412337,0.000876085483469,-0.000820957880933,-0.0000322526757373,-0.000950308924075,0.00569189060479,-0.00237522646785,0.00138545595109,-0.0024590017274,0.00201509566978,-0.00331555912271,0.00222936598584,-0.0000572622520849],[0.000358385819709,-0.00119319849182,0.000680501339957,-0.000939718389418,-0.000735844369046,-0.00237522646785,0.00833312701434,-0.00424051564187,0.00371841434389,-0.00282068341039,0.000246838433668,0.0001836152951,0.00000712380506229],[-0.000412308349041,0.000437349226559,-0.00133745674975,0.00103059655521,-0.00102855195291,0.00138545595109,-0.00424051564187,0.0109795872122,-0.00480144377798,0.00141314289067,-0.00217199814506,0.000278689811239,-0.00114031950943],[0.000349655369064,-0.00101153436117,0.000155768866534,-0.00114826916251,0.0000795126761659,-0.0024590017274,0.00371841434389,-0.00480144377798,0.0132225034758,-0.00638003693894,0.00258541712537,0.000439062772784,-0.00321775185876],[-0.000463080155896,0.000951496185735,-0.000190655307961,0.0014383936068,-0.00228486652486,0.00201509566978,-0.00282068341039,0.00141314289067,-0.00638003693894,0.0170770473778,-0.00946551561356,0.0000276731570921,-0.000753929431085],[0.000667444372084,-0.00173331331462,0.000401807250455,-0.00141626433469,0.00342331989668,-0.00331555912271,0.000246838433668,-0.00217199814506,0.00258541712537,-0.00946551561356,0.023122465238,-0.0111145935953,0.00328551582061],[-0.000493854924571,0.0013559848303,-0.000837295490783,0.00161734700669,-0.00230262754485,0.00222936598584,0.0001836152951,0.000278689811239,0.000439062772784,0.0000276731570921,-0.0111145935953,0.0243888646364,-0.0103028221056],[0.000420073833084,-0.000825244176667,0.00114448962267,-0.000768575817347,0.00186804065015,-0.0000572622520849,0.00000712380506229,-0.00114031950943,-0.00321775185876,-0.000753929431085,0.00328551582061,-0.0103028221056,0.0194770358503]],"mean":[-34.0870704651,53.4250984192,-128.81741333,22.6337528229,-49.2016105652,5.69931983948,-28.6789779663,8.02832889557,-25.0426654816,3.68123221397,-16.9690113068,3.02686142921,-13.2569093704]},"hfc":{"dmean":8.52121067047,"dmean2":12.4374217987,"dvar":314.243469238,"dvar2":754.036193848,"max":233.404830933,"mean":20.5456485748,"median":13.5290307999,"min":1.07012455108e-16,"var":568.865722656},"melbands":{"dmean":[0.000685456034262,0.000536559149623,0.000314011180308,0.000206561133382,0.0000642631493974,0.0000810091078165,0.0000658825520077,0.0000477001449326,0.0000568026880501,0.0000724261481082,0.0000899205479072,0.0000492739891342,0.0000607303772995,0.0000460805713374,0.00003011177796,0.0000358398719982,0.0000548223979422,0.0000420585092797,0.0000363029103028,0.0000262886696873,0.0000206622098631,0.0000191070885194,0.0000206283293664,0.000018591659682,0.0000160286290338,0.0000116286864795,0.00000974983959168,0.00000822499987407,0.00000667425456413,0.00000503347246195,0.0000043011514208,0.00000349506035491,0.0000026146772143,0.00000173578973772,0.00000141272766996,0.00000118100410873,8.06523928532e-7,5.69602605083e-7,4.45617558853e-7,3.8463562646e-7],"dmean2":[0.000993507099338,0.000893504649866,0.000548375421204,0.000354650139343,0.000099588491139,0.000129495092551,0.000103714563011,0.0000754227075959,0.0000879779545357,0.000111802604806,0.000140570380609,0.0000759338145144,0.0000972243578872,0.0000733813576517,0.0000475144152006,0.0000578698090976,0.000088243134087,0.000067791865149,0.0000587501417613,0.0000429709107266,0.000034205691918,0.0000318463826261,0.0000341858176398,0.000031542738725,0.0000276858118013,0.0000192486859305,0.0000162449159689,0.0000137114220706,0.0000112318803076,0.0000082327542259,0.00000685914346832,0.00000549108654013,0.00000403506464863,0.00000253787834481,0.00000203704576052,0.00000178192692601,0.00000119726723824,8.29550174331e-7,6.48949139759e-7,5.64748404486e-7],"dvar":[0.00000542128782399,0.00000314330236506,9.4681780638e-7,4.25360866529e-7,2.13364561574e-8,4.88740887761e-8,2.75040221709e-8,1.53826196225e-8,2.90041413109e-8,5.78838701415e-8,1.06603970096e-7,2.48819400639e-8,4.12146867745e-8,1.22379679723e-8,6.83006007307e-9,8.46144398992e-9,2.07239949646e-8,1.72582463875e-8,9.3042187288e-9,3.81738018973e-9,2.53809151474e-9,2.05924854946e-9,2.02354044632e-9,2.07872496993e-9,1.26979504689e-9,6.43975928138e-10,4.97599739191e-10,3.67905511611e-10,3.27029875402e-10,2.00738869971e-10,1.41850711732e-10,1.0505087078e-10,6.05072797422e-11,2.03379032365e-11,1.25184281344e-11,9.43557124794e-12,4.70228109922e-12,3.25411399216e-12,1.98680351685e-12,1.05297660782e-12],"dvar2":[0.0000104545033537,0.00000822209858597,0.00000254529845733,0.00000116818750939,4.46831371903e-8,1.28593129034e-7,6.66247572667e-8,3.8177280004e-8,6.79232599055e-8,1.43137071973e-7,2.49304548561e-7,5.57776083099e-8,1.06319710369e-7,2.94373521115e-8,1.56409960539e-8,2.09501198611e-8,5.00687065141e-8,4.61578828492e-8,2.33234160874e-8,9.61715329595e-9,6.76741196415e-9,5.58974466713e-9,5.26584420513e-9,5.68138469603e-9,3.49374484898e-9,1.69283587148e-9,1.30640109841e-9,9.60637680514e-10,8.73336292173e-10,5.08114994524e-10,3.34256206047e-10,2.5197796627e-10,1.43533407382e-10,4.13846526492e-11,2.54801492405e-11,2.03156467343e-11,1.01942577643e-11,6.4411891619e-12,4.25241179075e-12,2.15457881571e-12],"max":[0.0274396240711,0.0272880699486,0.0118776252493,0.00705412589014,0.00667685735971,0.0109680257738,0.00579232908785,0.00382487103343,0.00788274407387,0.00679746642709,0.0112481946126,0.0080734770745,0.00851086527109,0.00372747308575,0.00327342119999,0.00413472624496,0.0033790951129,0.00411803647876,0.00291273719631,0.00111312419176,0.00104314752389,0.000792115053628,0.000882474705577,0.000786011922173,0.000441608193796,0.000371531234123,0.000303804670693,0.000351573282387,0.00038179603871,0.000199088128284,0.000170280749444,0.000182935997145,0.00013250518532,0.0000684054393787,0.0000683639882482,0.0000782588394941,0.0000648090717732,0.000134468325996,0.0000585321249673,0.0000430565632996],"mean":[0.000980979180895,0.000881507992744,0.000353098002961,0.000236121151829,0.000132041532197,0.000140002142871,0.000115596325486,0.0000854707031976,0.0000958436648943,0.0001161488035,0.000136984497658,0.000078867393313,0.0000882476015249,0.0000714123671059,0.0000462614152639,0.0000527725424035,0.0000789442419773,0.0000586304522585,0.0000522931404703,0.0000364022453141,0.0000291584638035,0.0000261969034909,0.000028651294997,0.0000255298346019,0.0000220808651648,0.0000182417061296,0.0000141562904901,0.0000117945273814,0.00000912220184546,0.00000719154377293,0.00000675993123878,0.00000576632783122,0.00000445244995717,0.00000320922936226,0.0000026389186587,0.00000213333032661,0.00000154300516897,0.00000104741536688,7.4818495932e-7,5.93435174778e-7],"median":[0.000306901842123,0.000414610112784,0.000159196584718,0.0000939196979743,0.0000657361306367,0.0000632886512903,0.0000514967941854,0.0000428319290222,0.0000435681249655,0.0000388437474612,0.0000402121804655,0.000032478790672,0.0000260335291387,0.0000281324519165,0.0000201978436962,0.0000196914679691,0.0000211738461076,0.0000156606747623,0.0000156331843755,0.0000133035737235,0.0000117940498967,0.0000121675511764,0.0000129317904793,0.000012398765648,0.0000113008463813,0.00000920988441067,0.00000671190809953,0.00000520794947079,0.00000350631853507,0.00000216627017835,0.00000200286331165,0.00000167336168033,0.00000103900617887,6.82117956785e-7,5.73085742417e-7,5.10429345013e-7,3.29057172621e-7,2.45316073233e-7,1.94109944118e-7,1.93784103431e-7],"min":[1.31189984425e-24,1.62243089668e-24,1.63563918924e-24,4.79293840819e-25,1.22528804445e-24,1.27220012337e-24,8.28078434871e-25,2.13268940157e-24,1.93748419285e-24,1.64395969964e-24,1.35455167985e-24,2.50171932189e-24,2.96910954747e-24,2.9786660057e-24,2.56295662181e-24,2.42337833426e-24,2.50945962509e-24,2.76117725134e-24,2.58157452804e-24,3.01902038252e-24,3.50367285686e-24,3.09819598499e-24,4.21347964418e-24,3.31319253053e-24,2.82733546559e-24,3.43470156462e-24,3.85889061159e-24,4.39434612266e-24,5.03406774615e-24,4.76767139061e-24,5.3113661594e-24,5.06344729285e-24,5.8651327098e-24,5.45002976274e-24,5.69603051401e-24,5.75654245633e-24,5.20113468081e-24,5.07531412744e-24,6.09960701995e-24,5.86384449994e-24],"var":[0.00000714599627827,0.0000033305341276,6.80574146372e-7,3.10465054554e-7,6.65724115834e-8,7.9345902293e-8,5.23323180346e-8,2.48207303599e-8,4.57982523017e-8,9.76873835157e-8,1.93788210368e-7,3.80189284499e-8,6.82987888467e-8,2.62500812198e-8,1.1597672156e-8,1.53324890562e-8,3.32335154951e-8,2.46485676314e-8,1.50895118622e-8,5.42763078926e-9,3.32270588821e-9,2.1056634214e-9,2.52035481374e-9,2.04952055327e-9,1.21084764437e-9,7.99634913839e-10,5.49336798272e-10,4.15400269738e-10,3.27952998092e-10,2.35602121146e-10,2.04508507351e-10,1.51810050641e-10,9.43795874786e-11,4.42002753842e-11,2.87230707968e-11,1.97116403061e-11,1.06015378767e-11,7.12178102949e-12,3.68188899508e-12,1.94419220306e-12]},"melbands_crest":{"dmean":3.1737844944,"dmean2":5.11104249954,"dvar":11.2420625687,"dvar2":25.8385238647,"max":35.7568740845,"mean":12.1647720337,"median":11.2511882782,"min":1.00019812584,"var":29.2798519135},"melbands_flatness_db":{"dmean":0.0271828416735,"dmean2":0.0388053841889,"dvar":0.000943522434682,"dvar2":0.00193187617697,"max":0.544620454311,"mean":0.143535032868,"median":0.136377945542,"min":3.88290573028e-7,"var":0.00442923232913},"melbands_kurtosis":{"dmean":4.0506401062,"dmean2":6.35984563828,"dvar":193.311798096,"dvar2":393.768035889,"max":921.042175293,"mean":5.27980566025,"median":1.7533621788,"min":-1.82783389091,"var":274.257202148},"melbands_skewness":{"dmean":0.624533414841,"dmean2":0.96850168705,"dvar":0.755177974701,"dvar2":1.57519626617,"max":23.0859127045,"mean":1.64959251881,"median":1.42979586124,"min":-2.67607569695,"var":1.98115551472},"melbands_spread":{"dmean":12.1576881409,"dmean2":19.3357810974,"dvar":273.015563965,"dvar2":677.97277832,"max":269.093444824,"mean":44.8267059326,"median":39.7490158081,"min":0.30386275053,"var":829.065551758},"mfcc":{"cov":[[13381.0273438,919.366577148,-355.958587646,519.088989258,103.1796875,449.775726318,1.2517747879,194.113494873,79.9348754883,157.186584473,69.0090103149,12.5485057831,-96.9440917969],[919.366577148,2059.71606445,-150.699203491,356.417144775,57.7340393066,31.3368835449,239.415969849,139.208175659,184.235031128,163.173858643,199.403060913,96.0131759644,66.7471694946],[-355.958587646,-150.699203491,793.289245605,28.1859436035,159.737518311,63.6737213135,55.5620231628,95.1900558472,26.4747142792,62.697467804,32.4896888733,58.7814941406,45.2191734314],[519.088989258,356.417144775,28.1859436035,471.588439941,107.896308899,81.3124923706,121.658615112,76.2906494141,104.993621826,52.1734657288,64.8968276978,51.8848724365,38.6394577026],[103.1796875,57.7340393066,159.737518311,107.896308899,283.911102295,100.282745361,33.8710670471,72.876701355,64.2605667114,68.8420028687,37.6752166748,16.1547546387,41.6989135742],[449.775726318,31.3368835449,63.6737213135,81.3124923706,100.282745361,233.761611938,98.8531570435,56.7282371521,38.9130935669,41.1250190735,62.0630493164,28.0596923828,-6.40041685104],[1.2517747879,239.415969849,55.5620231628,121.658615112,33.8710670471,98.8531570435,250.773544312,98.5442123413,66.5649871826,42.6394996643,87.7361221313,66.065032959,4.10282659531],[194.113494873,139.208175659,95.1900558472,76.2906494141,72.876701355,56.7282371521,98.5442123413,140.713806152,72.0608596802,53.1185302734,49.2788734436,28.8392753601,17.7975273132],[79.9348754883,184.235031128,26.4747142792,104.993621826,64.2605667114,38.9130935669,66.5649871826,72.0608596802,142.784698486,78.544342041,49.3570098877,32.5008621216,26.6413192749],[157.186584473,163.173858643,62.697467804,52.1734657288,68.8420028687,41.1250190735,42.6394996643,53.1185302734,78.544342041,124.284683228,65.5727005005,26.7453994751,23.8274517059],[69.0090103149,199.403060913,32.4896888733,64.8968276978,37.6752166748,62.0630493164,87.7361221313,49.2788734436,49.3570098877,65.5727005005,125.311195374,58.8024978638,19.9982833862],[12.5485057831,96.0131759644,58.7814941406,51.8848724365,16.1547546387,28.0596923828,66.065032959,28.8392753601,32.5008621216,26.7453994751,58.8024978638,96.4168624878,39.8169326782],[-96.9440917969,66.7471694946,45.2191734314,38.6394577026,41.6989135742,-6.40041685104,4.10282659531,17.7975273132,26.6413192749,23.8274517059,19.9982833862,39.8169326782,107.307243347]],"icov":[[0.0000954565693974,-0.0000425510952482,0.0000591206007812,-0.000104557366285,0.0000712827823008,-0.000244528258918,0.000216640735744,-0.000225302719628,0.000157157541253,-0.000165246150573,0.000153469169163,-0.000125153514091,0.000127753592096],[-0.0000425510952482,0.000734397501219,0.000186563687748,-0.000303625536617,0.0000183218962775,0.000495258311275,-0.00045633193804,-0.0000340225706168,-0.00019610048912,-0.000360818259651,-0.000755445449613,0.000222199465497,-0.000231882499065],[0.0000591206007812,0.000186563687748,0.00170494709164,-0.00000797184202384,-0.000705009209923,-0.0000343164865626,0.0000320200742863,-0.00111488508992,0.000854630721733,-0.000889392918907,0.000554439262487,-0.00116504449397,-0.00000835012724565],[-0.000104557366285,-0.000303625536617,-0.00000797184202384,0.00317251449451,-0.000859483843669,-0.0000910176022444,-0.000921065628063,0.000441801472334,-0.00169841828756,0.00106814224273,-0.0000352974057023,-0.000220460875425,-0.00048123387387],[0.0000712827823008,0.0000183218962775,-0.000705009209923,-0.000859483843669,0.00583002530038,-0.00222806329839,0.00120619579684,-0.00153342925478,-0.000330580456648,-0.00155111344066,0.000311740994221,0.00118109909818,-0.00160047202371],[-0.000244528258918,0.000495258311275,-0.0000343164865626,-0.0000910176022444,-0.00222806329839,0.00719243846834,-0.00242671673186,0.000448439910542,-0.0000688847212587,0.000236847554334,-0.00242763035931,0.000401363708079,0.0010994853219],[0.000216640735744,-0.00045633193804,0.0000320200742863,-0.000921065628063,0.00120619579684,-0.00242671673186,0.0086480230093,-0.00436252402142,-0.000204698633752,0.00108933809679,-0.00172557239421,-0.00317361508496,0.00188527442515],[-0.000225302719628,-0.0000340225706168,-0.00111488508992,0.000441801472334,-0.00153342925478,0.000448439910542,-0.00436252402142,0.0139043340459,-0.00425230618566,-0.0000912206960493,-0.000943375518546,0.00183320068754,-0.000816768151708],[0.000157157541253,-0.00019610048912,0.000854630721733,-0.00169841828756,-0.000330580456648,-0.0000688847212587,-0.000204698633752,-0.00425230618566,0.0144864199683,-0.00722418911755,0.00179738143925,-0.00179221818689,-0.00030955960392],[-0.000165246150573,-0.000360818259651,-0.000889392918907,0.00106814224273,-0.00155111344066,0.000236847554334,0.00108933809679,-0.0000912206960493,-0.00722418911755,0.0171529576182,-0.00703239161521,0.00213312148117,-0.000840474385768],[0.000153469169163,-0.000755445449613,0.000554439262487,-0.0000352974057023,0.000311740994221,-0.00242763035931,-0.00172557239421,-0.000943375518546,0.00179738143925,-0.00703239161521,0.0179914589971,-0.00745619833469,0.000873107346706],[-0.000125153514091,0.000222199465497,-0.00116504449397,-0.000220460875425,0.00118109909818,0.000401363708079,-0.00317361508496,0.00183320068754,-0.00179221818689,0.00213312148117,-0.00745619833469,0.0194011479616,-0.00613670935854],[0.000127753592096,-0.000231882499065,-0.00000835012724565,-0.00048123387387,-0.00160047202371,0.0010994853219,0.00188527442515,-0.000816768151708,-0.00030955960392,-0.000840474385768,0.000873107346706,-0.00613670935854,0.0128842098638]],"mean":[-667.033935547,93.0459289551,-22.7772102356,20.3336715698,-3.9177312851,2.55638289452,1.61855280399,3.73759841919,-1.77617061138,0.949701488018,-0.215543136001,-2.13337087631,-2.19465613365]},"pitch_salience":{"dmean":0.0689622312784,"dmean2":0.1103919819,"dvar":0.00603538798168,"dvar2":0.0138446940109,"max":0.996097922325,"mean":0.572836637497,"median":0.583685994148,"min":0.0320931635797,"var":0.0156979281455},"silence_rate_20dB":{"dmean":0,"dmean2":0,"dvar":0,"dvar2":0,"max":1,"mean":1,"median":1,"min":1,"var":0},"silence_rate_30dB":{"dmean":0.00108695647214,"dmean2":0.002174109919,"dvar":0.00108556472696,"dvar2":0.00271206884645,"max":1,"mean":0.999184846878,"median":1,"min":0,"var":0.000814362370875},"silence_rate_60dB":{"dmean":0.0425724647939,"dmean2":0.0851526409388,"dvar":0.0407550483942,"dvar2":0.0871509835124,"max":1,"mean":0.164658993483,"median":0,"min":0,"var":0.137535572052},"spectral_centroid":{"dmean":302.712921143,"dmean2":472.867553711,"dvar":129526.210938,"dvar2":296715.25,"max":11817.8369141,"mean":2198.33911133,"median":2122.78320312,"min":189.909393311,"var":1398899},"spectral_complexity":{"dmean":4.71630430222,"dmean2":6.84754037857,"dvar":38.450138092,"dvar2":70.5167388916,"max":65,"mean":21.0915679932,"median":20,"min":0,"var":182.347793579},"spectral_contrast_coeffs":{"dmean":[0.0484750717878,0.0429073870182,0.0379940010607,0.0326349139214,0.0236125346273,0.0287774372846],"dmean2":[0.0759364515543,0.0688217282295,0.0601403564215,0.0521806366742,0.037607844919,0.0421610437334],"dvar":[0.00225166301243,0.00139081815723,0.00102730887011,0.000787630560808,0.000444159813924,0.000786717282608],"dvar2":[0.00503302598372,0.0033110473305,0.00242007803172,0.00187047023792,0.000988126383163,0.00163397903088],"max":[-0.232699543238,-0.329657793045,-0.419599235058,-0.469847112894,-0.560298621655,-0.542075514793],"mean":[-0.671415865421,-0.75616133213,-0.769380271435,-0.773685097694,-0.785564243793,-0.752775073051],"median":[-0.691767036915,-0.76584726572,-0.777244865894,-0.782930731773,-0.789986371994,-0.748415052891],"min":[-0.983870863914,-0.99925416708,-0.997659742832,-0.986984550953,-0.986025094986,-0.964442431927],"var":[0.0112478546798,0.00669758301228,0.00560448132455,0.0046786731109,0.0025900285691,0.00351375667378]},"spectral_contrast_valleys":{"dmean":[0.45046967268,0.365871667862,0.339767932892,0.34122762084,0.33644554019,0.489428788424],"dmean2":[0.654836535454,0.566913723946,0.518055081367,0.496990770102,0.475244641304,0.60900336504],"dvar":[0.250123351812,0.161234408617,0.145909026265,0.181257158518,0.239857256413,0.28151717782],"dvar2":[0.405286759138,0.29974257946,0.262140333652,0.31826660037,0.449889212847,0.427749633789],"max":[-5.89260959625,-5.27886199951,-5.48665475845,-5.59762430191,-4.91470813751,-7.42930555344],"mean":[-8.45204162598,-7.5336098671,-7.71218490601,-8.03381729126,-7.67063474655,-10.4351100922],"median":[-7.46602630615,-6.90868759155,-7.18070840836,-7.52959299088,-7.17381477356,-10.0385904312],"min":[-28.3019580841,-28.1512374878,-27.7930240631,-27.7723083496,-27.5043087006,-27.3853855133],"var":[6.84273862839,6.21601724625,5.97034406662,5.89763212204,6.06072330475,5.03946781158]},"spectral_decrease":{"dmean":1.60387048087e-9,"dmean2":2.43116393683e-9,"dvar":8.98001417776e-18,"dvar2":1.94587638202e-17,"max":1.93526379817e-12,"mean":-3.81196540999e-9,"median":-2.76955347545e-9,"min":-3.96205415143e-8,"var":1.65271397763e-17},"spectral_energy":{"dmean":0.00668151210994,"dmean2":0.0100152548403,"dvar":0.000151554922923,"dvar2":0.00033311493462,"max":0.156015500426,"mean":0.0162508171052,"median":0.0117846298963,"min":1.00910057059e-20,"var":0.000283011584543},"spectral_energyband_high":{"dmean":0.000604051048867,"dmean2":0.000865136098582,"dvar":0.00000229713668887,"dvar2":0.00000524433016835,"max":0.0242929235101,"mean":0.0011460602982,"median":0.000434476620285,"min":7.21836172708e-21,"var":0.00000407567858929},"spectral_energyband_low":{"dmean":0.00285461544991,"dmean2":0.00447097653523,"dvar":0.0000757365996833,"dvar2":0.000156503228936,"max":0.110677033663,"mean":0.00507660768926,"median":0.00282440870069,"min":1.43142755557e-23,"var":0.000112095665827},"spectral_energyband_middle_high":{"dmean":0.00253050914034,"dmean2":0.00394486403093,"dvar":0.0000212127542909,"dvar2":0.000050963673857,"max":0.0789209008217,"mean":0.00592584209517,"median":0.00352206546813,"min":1.11505390503e-21,"var":0.0000510364552611},"spectral_energyband_middle_low":{"dmean":0.00234756083228,"dmean2":0.0038255895488,"dvar":0.0000254378774116,"dvar2":0.0000666366831865,"max":0.0612715967,"mean":0.00454302784055,"median":0.00308264535852,"min":1.1697630875e-22,"var":0.0000310276845994},"spectral_entropy":{"dmean":0.159813523293,"dmean2":0.222437515855,"dvar":0.0343805924058,"dvar2":0.0618365742266,"max":9.82521343231,"mean":7.83488607407,"median":7.83957242966,"min":5.91670799255,"var":0.193020418286},"spectral_flux":{"dmean":0.0221927165985,"dmean2":0.034216620028,"dvar":0.00104117603041,"dvar2":0.0023634834215,"max":0.303885161877,"mean":0.0673422664404,"median":0.0566506125033,"min":6.29552035503e-11,"var":0.00234455708414},"spectral_kurtosis":{"dmean":1.39796710014,"dmean2":2.21380567551,"dvar":3.24241924286,"dvar2":7.90616559982,"max":46.4381217957,"mean":4.47531938553,"median":4.13423109055,"min":-1.27202379704,"var":7.39157390594},"spectral_rms":{"dmean":0.000688555708621,"dmean2":0.000976518378593,"dvar":0.0000010542344171,"dvar2":0.00000206928007174,"max":0.0123373512179,"mean":0.00349495187402,"median":0.00339075201191,"min":3.13765571684e-12,"var":0.00000363992171515},"spectral_rolloff":{"dmean":780.556091309,"dmean2":1247.70507812,"dvar":1746498,"dvar2":3590448,"max":20348.8769531,"mean":3006.37231445,"median":2390.18554688,"min":64.599609375,"var":7881154.5},"spectral_skewness":{"dmean":0.241927325726,"dmean2":0.360753327608,"dvar":0.0606978721917,"dvar2":0.130286902189,"max":5.55103635788,"mean":1.40025913715,"median":1.37282836437,"min":-0.085056476295,"var":0.222212567925},"spectral_spread":{"dmean":842699.3125,"dmean2":1218053.875,"dvar":1247866519550,"dvar2":2459361869820,"max":42665624,"mean":4915520.5,"median":4240675.5,"min":1512164.625,"var":17331064406000},"spectral_strongpeak":{"dmean":0.58724552393,"dmean2":1.01229143143,"dvar":1.03310799599,"dvar2":2.68132472038,"max":11.9243936539,"mean":0.846455276012,"median":0.330521404743,"min":0,"var":1.60692369938},"zerocrossingrate":{"dmean":0.0174738336354,"dmean2":0.019576234743,"dvar":0.000480686227093,"dvar2":0.000560292508453,"max":0.5263671875,"mean":0.102435089648,"median":0.08447265625,"min":0.00537109375,"var":0.0053454907611}},"metadata":{"audio_properties":{"analysis_sample_rate":44100,"bit_rate":0,"codec":"flac","downmix":"mix","equal_loudness":0,"length":256.333343506,"lossless":true,"md5_encoded":"0d333b675b7934580b9b438553621505","replay_gain":-6.74328804016,"sample_rate":44100},"tags":{"album":["Greatest Hits 1982-1989"],"albumartist":["Chicago"],"albumartistsort":["Chicago"],"artist":["Chicago"],"artists":["Chicago"],"artistsort":["Chicago"],"asin":["B000002LJZ"],"barcode":["075992608022"],"catalognumber":["9 26080-2"],"date":["1989-11-21"],"discnumber":["1"],"disctotal":["1"],"encoder":["X Lossless Decoder 20140504"],"file_name":"10 Chicago - Along Comes a Woman.flac","itunes_cddb_1":["A10C480C+236020+12+183+23278+41505+58680+84445+107418+126498+143758+161215+182518+201743+219218"],"label":["Reprise Records"],"mcn":["0075992608022"],"media":["CD"],"musicbrainz_albumartistid":["3f5be744-e867-42fb-8913-5fd69e4099b5"],"musicbrainz_albumid":["b503d1b3-2820-4ca9-a36d-591d8e05f3e7"],"musicbrainz_artistid":["3f5be744-e867-42fb-8913-5fd69e4099b5"],"musicbrainz_discid":["ooLypvlvFdCvTFvHnTdnXt_M_b8-"],"musicbrainz_recordingid":["01c8910e-6d9a-413f-aef8-5b1d94cbfccd"],"musicbrainz_releasegroupid":["fe497c47-1e29-36ec-803e-0e3f0406dd09"],"musicbrainz_releasetrackid":["b0c79c3c-caff-3c7c-aba1-835df7d9a26c"],"originaldate":["1989-11-21"],"releasecountry":["US"],"releasestatus":["official"],"releasetype":["album","compilation"],"script":["Latn"],"title":["Along Comes a Woman"],"totaldiscs":["1"],"totaltracks":["12"],"tracknumber":["10"],"tracktotal":["12"]},"version":{"essentia":"2.1-beta1","essentia_build_sha":"9f04d4dd351e2d05498f0c7e4880499648f24ac0","essentia_git_sha":"v2.1_beta1-34-gf95df8b","extractor":"music 1.0"}},"rhythm":{"beats_count":477,"beats_loudness":{"dmean":0.022545017302,"dmean2":0.0434734150767,"dvar":0.000339059450198,"dvar2":0.0011638313299,"max":0.15