{"lowlevel":{"average_loudness":0.944871842861,"barkbands":{"dmean":[0.000304591638269,0.0044631161727,0.00154346472118,0.00134383374825,0.0019939604681,0.000420222466346,0.000394345523091,0.000423749239417,0.000626028282568,0.000254030805081,0.000188013713341,0.000208909346838,0.00018298557552,0.000512255413923,0.000239971210249,0.00035237747943,0.000550544413272,0.00044299280853,0.000258657935774,0.000164682627656,0.000136859132908,0.000147819213453,0.000100242214103,0.000102797064756,0.000121686432976,0.000102287078334,0.0000447886632173],"dmean2":[0.000481410388602,0.00707671931013,0.00270703341812,0.0022603974212,0.00333924102597,0.000674616429023,0.00062677700771,0.000669830653351,0.000985294114798,0.000402436184231,0.000302074797219,0.000333168369252,0.000290143245365,0.000823961221613,0.000370254245354,0.000566371832974,0.00090093765175,0.00071769830538,0.000417580944486,0.000267439492745,0.00021307944553,0.000214944899199,0.000138299074024,0.000144268240547,0.000176027300768,0.000153829067131,0.0000722763870726],"dvar":[8.04000592325e-7,0.000237954882323,0.0000218193708861,0.0000119438427646,0.0000547223826288,8.29932560009e-7,7.98358200882e-7,0.00000146257298184,0.00000270028021987,2.62595591494e-7,1.42397936997e-7,1.53226423549e-7,1.43250431961e-7,6.73736792578e-7,2.2518442222e-7,3.8182159301e-7,7.07086030616e-7,4.25149579542e-7,2.02827095563e-7,9.36264754614e-8,8.82571811189e-8,9.01004639786e-8,4.31410640545e-8,5.3728303584e-8,6.85468961592e-8,7.495132337e-8,1.71618488309e-8],"dvar2":[0.00000189330455669,0.00052351137856,0.0000632297887933,0.0000313667296723,0.000147901548189,0.00000195103416445,0.0000018579250991,0.00000339720713782,0.00000685030090608,6.21853303073e-7,3.41025980788e-7,3.67441543858e-7,3.27307247971e-7,0.00000171592375864,4.94021890063e-7,9.28417875912e-7,0.00000184839871054,0.00000103930062778,4.71044558026e-7,2.38281913312e-7,2.12307014635e-7,1.93996925191e-7,8.23527201987e-8,1.07667233351e-7,1.37655604249e-7,1.80281645612e-7,4.20963495174e-8],"max":[0.0147985797375,0.182747229934,0.0582978650928,0.0396068245173,0.0892987474799,0.0177216716111,0.014389866963,0.0256996899843,0.0294438153505,0.0165003798902,0.0116980597377,0.00937729142606,0.0106097562239,0.0120055358857,0.0125560984015,0.0201826561242,0.0189799107611,0.0136189451441,0.0243693552911,0.00856945011765,0.0044310442172,0.00384226907045,0.00481584854424,0.00807652529329,0.007461856585,0.00674152560532,0.00435382500291],"mean":[0.0004430480476,0.00703580211848,0.00235664332286,0.00176079093944,0.00221106573008,0.00065735616954,0.000639261677861,0.000646758358926,0.00100877869409,0.000479613227071,0.000346899556462,0.000411495129811,0.000324375345372,0.000966914813034,0.000480045535369,0.000677641073707,0.00124161841813,0.000911545357667,0.00060857378412,0.000315459590638,0.000249150820309,0.000283101922832,0.00021643123182,0.000232631107792,0.000252190628089,0.000185746772331,0.0000538105814485],"median":[0.000127029721625,0.00390604138374,0.00157436856534,0.000817431195173,0.000693511567079,0.000324319349602,0.000275339989457,0.000258850166574,0.000470878992928,0.000271806376986,0.000155951463967,0.00023182539735,0.000157957270858,0.000601705571171,0.00021193275461,0.000396647898015,0.000839066575281,0.000638167839497,0.000462866562884,0.000174496264663,0.0000984669532045,0.00010332466627,0.00009586843953,0.000115739247121,0.000101322846604,0.000055296903156,0.0000058161731431],"min":[8.15207528253e-25,5.38844339187e-24,1.96451332848e-24,8.84112605475e-25,1.13752724902e-23,1.67520734784e-23,1.726508708e-23,1.68365936135e-23,3.60724761159e-23,1.87156050695e-23,2.65087998175e-23,4.14677009505e-23,3.65740275685e-23,6.47310291852e-23,4.40026960031e-23,5.62398313756e-23,6.3369108164e-23,9.70924069912e-23,1.58950272231e-22,1.53041805025e-22,2.7670329974e-22,3.13178587166e-22,4.96341537555e-22,5.91457563989e-22,1.01280632358e-21,1.22316798629e-21,1.97226717169e-21],"var":[8.80215679899e-7,0.00024113417021,0.0000155068355525,0.000012507419342,0.000044419128244,0.00000112989721401,0.00000143474142078,0.00000213784005609,0.00000373299485545,7.01701935668e-7,3.48423156993e-7,4.4391663323e-7,3.45367226373e-7,0.00000139340488658,6.64922765736e-7,8.74286058661e-7,0.00000203347576644,9.97336883302e-7,4.00165447445e-7,1.78041275944e-7,1.6024694105e-7,2.09675988572e-7,1.19028392476e-7,1.27032691921e-7,1.45935786122e-7,1.00975306339e-7,1.81652239917e-8]},"barkbands_crest":{"dmean":2.2903907299,"dmean2":3.63826489449,"dvar":7.41898155212,"dvar2":16.1843338013,"max":25.9628143311,"mean":8.52283191681,"median":7.59876298904,"min":2.02608442307,"var":16.9047279358},"barkbands_flatness_db":{"dmean":0.0173456091434,"dmean2":0.0257629174739,"dvar":0.000451987667475,"dvar2":0.000928341643885,"max":0.388174414635,"mean":0.0910917371511,"median":0.0774666368961,"min":0.0137133849785,"var":0.00267960876226},"barkbands_kurtosis":{"dmean":1.74252748489,"dmean2":2.7846121788,"dvar":51.080368042,"dvar2":131.875152588,"max":365.05670166,"mean":1.07596671581,"median":-0.506782889366,"min":-1.91424775124,"var":74.1913146973},"barkbands_skewness":{"dmean":0.473797678947,"dmean2":0.712374448776,"dvar":0.433375388384,"dvar2":0.887151658535,"max":14.199224472,"mean":0.785825371742,"median":0.728321909904,"min":-6.62913656235,"var":1.36793363094},"barkbands_spread":{"dmean":7.33646726608,"dmean2":11.2121210098,"dvar":80.1757202148,"dvar2":167.722549438,"max":138.932235718,"mean":39.9006652832,"median":39.2292518616,"min":0.758088231087,"var":297.641082764},"dissonance":{"dmean":0.010317758657,"dmean2":0.0173967126757,"dvar":0.00014840363292,"dvar2":0.000384974351618,"max":0.500000178814,"mean":0.481971949339,"median":0.487195342779,"min":0.265961378813,"var":0.000369131652405},"dynamic_complexity":3.18745660782,"erbbands":{"dmean":[0.173820227385,0.895648658276,1.71507000923,2.86427402496,8.7266702652,4.35524892807,3.54048085213,3.14641499519,5.03654909134,6.54358625412,10.8116941452,15.2387771606,7.68237447739,7.21729755402,8.14277648926,8.30330371857,8.27058124542,18.300863266,18.2071361542,11.7094898224,23.0852775574,26.6175861359,26.1766700745,11.7001848221,11.6097145081,6.68886327744,6.10169696808,5.25106859207,5.48811149597,4.26375675201,2.5912399292,2.14630508423,1.81980597973,1.35816431046,0.917169213295,0.412525087595,0.191994979978,0.0655410662293,0.0081941485405,0.000237062253291],"dmean2":[0.284835427999,1.40686357021,2.94654631615,4.92319869995,14.5539102554,7.49492406845,5.59547233582,5.15258073807,8.0109128952,10.2676305771,17.0048313141,24.1548366547,12.2740707397,11.3755493164,12.9848175049,13.1546039581,12.9913511276,29.2217502594,29.3003864288,17.8210220337,37.2067947388,43.2742462158,42.3237495422,18.589466095,18.7467460632,10.800359726,9.53690624237,8.13776779175,8.15782642365,5.99023866653,3.59010863304,3.01853394508,2.6010222435,1.94921529293,1.36336863041,0.621676504612,0.294759005308,0.102325767279,0.0132838347927,0.000385607243516],"dvar":[0.376324862242,9.83501911163,30.8369350433,41.2320556641,1033.27478027,220.007461548,71.3930206299,51.0036315918,128.769805908,256.198059082,1149.73168945,1612.7175293,409.6121521,161.951766968,271.121734619,259.569244385,252.942886353,946.981384277,942.278320313,516.852111816,1636.66418457,1495.89648438,1464.97766113,356.470947266,340.55758667,172.566085815,172.025558472,139.02355957,125.543739319,78.2929153442,30.8422794342,29.8824653625,14.3703842163,7.58554410934,4.27239847183,0.973624646664,0.280909627676,0.0396927334368,0.000583458167966,6.90700971973e-7],"dvar2":[0.910654604435,22.0366592407,86.9230041504,115.245483398,2758.43505859,614.83984375,155.08921814,129.27545166,308.924072266,544.842102051,2740.58569336,4156.0234375,928.845153809,363.944641113,646.358764648,631.510864258,575.778320313,2316.75244141,2366.66503906,1061.92993164,4206.66503906,3948.26586914,3608.17626953,804.647827148,828.434936523,438.831939697,412.094268799,343.282836914,282.251831055,157.284133911,59.2704849243,62.9047698975,29.2713127136,14.7019605637,9.26525020599,2.29942202568,0.689823389053,0.0975853130221,0.00143882073462,0.00000171766146195],"max":[8.21427154541,31.2387180328,69.0915679932,74.5143966675,361.324615479,183.844284058,133.793075562,209.097625732,217.96836853,514.270141602,627.723510742,893.774658203,876.846679688,335.216461182,481.142089844,410.07119751,383.048950195,622.69329834,566.923950195,566.838012695,1384.2442627,861.113647461,881.773071289,821.917663574,698.49395752,258.469146729,280.577728271,176.414474487,165.143508911,172.748382568,128.155181885,198.111938477,96.1931915283,57.0608711243,68.1064224243,19.1627407074,12.8431463242,8.12446212769,0.705018520355,0.0371317118406],"mean":[0.263500422239,1.35022556782,2.70897698402,4.16690921783,9.34895992279,5.21466684341,5.22429895401,4.91540002823,8.18699741364,10.9694824219,17.7620315552,24.4373970032,14.1797819138,14.3928031921,15.8959646225,17.8058395386,16.6318969727,35.7810974121,37.0734710693,27.1709709167,50.2105026245,67.4314880371,59.0683441162,29.2620391846,27.2321281433,13.5917930603,10.9978666306,9.60520076752,10.2107372284,8.62846946716,5.63370609283,4.65757703781,3.95362782478,2.90135478973,1.73021137714,0.768093585968,0.332785904408,0.100800849497,0.00924792420119,0.000274948077276],"median":[0.128034457564,0.764727652073,1.81275081635,2.7900364399,2.42226982117,2.17222571373,2.49753284454,2.60324287415,3.55061984062,5.05526351929,7.23319864273,12.1694345474,7.93098402023,8.26260566711,8.3768901825,10.304813385,9.28411483765,22.7109718323,23.4255619049,12.2705783844,33.5527801514,48.9331474304,42.7199821472,21.433221817,20.4973258972,7.88671112061,4.31904840469,3.75288558006,3.65792298317,3.33508682251,2.59743475914,2.26553010941,1.91944432259,1.31612074375,0.595941543579,0.251831889153,0.0914581641555,0.0227204747498,0.000670256325975,0.0000512868355145],"min":[2.04391878924e-22,1.08190316776e-21,3.38101169457e-21,2.89546495489e-21,1.44497563956e-20,3.48973250958e-20,8.22504134035e-20,1.52435635016e-19,1.62003697785e-19,3.03142746895e-19,5.44737000662e-19,7.96560505927e-19,8.86032238389e-19,1.25317449211e-18,1.67057344812e-18,1.72822080239e-18,1.53336289946e-18,3.41432653107e-18,3.0706391904e-18,2.6926972666e-18,4.7586856916e-18,4.32769440036e-18,4.48734604885e-18,7.21311172159e-18,9.22366849899e-18,8.49700108421e-18,1.04824967706e-17,1.17785564416e-17,1.05585312125e-17,1.08993230074e-17,1.42202141116e-17,1.29479822054e-17,1.05308214892e-17,9.04839389028e-18,7.82840422998e-18,4.51695621965e-18,2.49875174389e-18,1.16730518292e-18,2.74661961977e-19,2.78985725512e-20],"var":[0.340943157673,9.55820083618,22.5734062195,37.6234550476,897.820617676,162.927719116,93.1459350586,61.2715187073,221.94078064,513.640380859,1583.30334473,2050.93188477,761.447021484,511.218688965,646.689453125,788.68572998,665.523681641,1982.93481445,2093.58935547,1926.01416016,3722.23779297,4749.75195313,3752.76831055,884.255249023,724.160644531,317.104827881,331.895233154,236.034164429,274.242218018,197.996154785,81.3450241089,61.2201156616,34.6535224915,17.7008991241,7.75701618195,1.51475870609,0.350683510303,0.043957605958,0.000602315936703,6.60362445615e-7]},"erbbands_crest":{"dmean":1.94613850117,"dmean2":3.16518902779,"dvar":4.17685508728,"dvar2":10.0835618973,"max":28.9342422485,"mean":7.57645225525,"median":6.63260030746,"min":1.87417650223,"var":13.2315416336},"erbbands_flatness_db":{"dmean":0.0152207193896,"dmean2":0.0214882921427,"dvar":0.000312705495162,"dvar2":0.000530563469511,"max":0.388292104006,"mean":0.13212749362,"median":0.121516413987,"min":0.0275316014886,"var":0.0032131865155},"erbbands_kurtosis":{"dmean":0.771574556828,"dmean2":1.21968209743,"dvar":1.28093242645,"dvar2":3.07130002975,"max":23.8184928894,"mean":0.646067321301,"median":0.256135225296,"min":-1.72727072239,"var":3.34150457382},"erbbands_skewness":{"dmean":0.287968754768,"dmean2":0.439875781536,"dvar":0.0909196436405,"dvar2":0.190453529358,"max":3.79378414154,"mean":-0.414532721043,"median":-0.461797893047,"min":-3.53941655159,"var":0.410090118647},"erbbands_spread":{"dmean":7.09280157089,"dmean2":10.8116579056,"dvar":72.4736633301,"dvar2":153.043457031,"max":152.533508301,"mean":37.2705459595,"median":34.5713348389,"min":2.331356287,"var":293.858947754},"gfcc":{"cov":[[15697.2431641,779.04901123,116.998497009,1001.40716553,78.2365341187,796.909973145,-4.37296104431,398.936218262,-136.855438232,20.1904811859,-253.369308472,-15.547624588,-252.66229248],[779.04901123,1880.7911377,-289.628692627,362.026611328,434.190429688,106.472724915,132.457839966,119.484931946,21.1702079773,-75.540222168,24.0953197479,-40.963722229,-37.4024581909],[116.998497009,-289.628692627,1281.0267334,248.058898926,164.223114014,241.141113281,135.499603271,86.7337265015,-23.2045574188,65.0555877686,-63.3713188171,-19.0570926666,-41.5066375732],[1001.40716553,362.026611328,248.058898926,628.747192383,115.120918274,261.170501709,148.033157349,50.6012878418,39.2824478149,-13.790886879,-47.7788124084,-28.1790752411,-30.0481891632],[78.2365341187,434.190429688,164.223114014,115.120918274,422.219665527,126.585327148,122.576507568,138.764587402,29.0481472015,12.3237876892,24.4931240082,12.6443567276,-8.22061157227],[796.909973145,106.472724915,241.141113281,261.170501709,126.585327148,315.756591797,141.437805176,91.3493728638,14.5116529465,13.7863063812,-19.4512367249,1.08647096157,-33.4818763733],[-4.37296104431,132.457839966,135.499603271,148.033157349,122.576507568,141.437805176,198.960510254,59.0061836243,32.1864891052,5.96439409256,4.42908811569,-0.336105763912,-7.42667579651],[398.936218262,119.484931946,86.7337265015,50.6012878418,138.764587402,91.3493728638,59.0061836243,190.466629028,66.9314422607,30.8582191467,2.09853768349,2.40472865105,-21.2894878387],[-136.855438232,21.1702079773,-23.2045574188,39.2824478149,29.0481472015,14.5116529465,32.1864891052,66.9314422607,120.830848694,41.0979537964,24.2150020599,-1.24620676041,5.30404758453],[20.1904811859,-75.540222168,65.0555877686,-13.790886879,12.3237876892,13.7863063812,5.96439409256,30.8582191467,41.0979537964,81.8140945435,30.6757164001,11.7345600128,-7.31261348724],[-253.369308472,24.0953197479,-63.3713188171,-47.7788124084,24.4931240082,-19.4512367249,4.42908811569,2.09853768349,24.2150020599,30.6757164001,89.6845397949,34.9272460938,18.3750038147],[-15.547624588,-40.963722229,-19.0570926666,-28.1790752411,12.6443567276,1.08647096157,-0.336105763912,2.40472865105,-1.24620676041,11.7345600128,34.9272460938,72.4696350098,28.0539016724],[-252.66229248,-37.4024581909,-41.5066375732,-30.0481891632,-8.22061157227,-33.4818763733,-7.42667579651,-21.2894878387,5.30404758453,-7.31261348724,18.3750038147,28.0539016724,62.8545341492]],"icov":[[0.000097788972198,-0.0000280500862573,0.000060233331169,-0.000127780687762,0.0000933525734581,-0.000204173513339,0.000202087787329,-0.000262825284153,0.000279765430605,-0.00019569019787,0.000204326337553,-0.000154806606588,0.00015638032346],[-0.0000280500862573,0.00103892607149,0.000398203585064,-0.000661915459204,-0.0011076257797,0.00045105809113,-0.0000979930046014,-0.000142200995469,0.000260530883679,0.000771499297116,-0.00070787104778,0.000658745469991,0.000468355108751],[0.000060233331169,0.000398203585064,0.00129489146639,-0.000535031082109,-0.000600068771746,-0.0003419011191,-0.000193887084606,-0.000355820404366,0.00117284338921,-0.00141958973836,0.0008371208678,0.000330891605699,0.0000178210993909],[-0.000127780687762,-0.000661915459204,-0.000535031082109,0.00346284708939,0.000321909639752,-0.00212206412107,-0.000627832079772,0.0015995913418,-0.00229756860062,0.000894153083209,0.00104606640525,0.000152335036546,-0.000301972875604],[0.0000933525734581,-0.0011076257797,-0.000600068771746,0.000321909639752,0.00503066321835,-0.000539882224984,-0.00116384157445,-0.00276425853372,0.00106019387022,-0.000250840210356,-0.000843844201881,-0.000640715879854,-0.000815644394606],[-0.000204173513339,0.00045105809113,-0.0003419011191,-0.00212206412107,-0.000539882224984,0.00793426856399,-0.00344176008366,-0.00169900851324,0.00137926777825,-0.000271225144388,-0.000159638206242,-0.00125615647994,0.00184055021964],[0.000202087787329,-0.0000979930046014,-0.000193887084606,-0.000627832079772,-0.00116384157445,-0.00344176008366,0.00909884274006,-0.00011503258429,-0.0014164437307,0.000967005209532,-0.000749059021473,0.000290642201435,-0.000302323634969],[-0.000262825284153,-0.000142200995469,-0.000355820404366,0.0015995913418,-0.00276425853372,-0.00169900851324,-0.00011503258429,0.0110912546515,-0.00663458649069,0.0000978775788099,0.00183717859909,-0.00147455686238,0.00255747581832],[0.000279765430605,0.000260530883679,0.00117284338921,-0.00229756860062,0.00106019387022,0.00137926777825,-0.0014164437307,-0.00663458649069,0.0161776840687,-0.00716952374205,-0.00193108886015,0.00345677952282,-0.00376304402016],[-0.00019569019787,0.000771499297116,-0.00141958973836,0.000894153083209,-0.000250840210356,-0.000271225144388,0.000967005209532,0.0000978775788099,-0.00716952374205,0.0211514569819,-0.00698931980878,-0.00169738673139,0.00499927252531],[0.000204326337553,-0.00070787104778,0.0008371208678,0.00104606640525,-0.000843844201881,-0.000159638206242,-0.000749059021473,0.00183717859909,-0.00193108886015,-0.00698931980878,0.0192873235792,-0.00737455440685,-0.00120582629461],[-0.000154806606588,0.000658745469991,0.000330891605699,0.000152335036546,-0.000640715879854,-0.00125615647994,0.000290642201435,-0.00147455686238,0.00345677952282,-0.00169738673139,-0.00737455440685,0.0219486672431,-0.00928665976971],[0.00015638032346,0.000468355108751,0.0000178210993909,-0.000301972875604,-0.000815644394606,0.00184055021964,-0.000302323634969,0.00255747581832,-0.00376304402016,0.00499927252531,-0.00120582629461,-0.00928665976971,0.0237853694707]],"mean":[13.0043821335,45.0243530273,-114.463272095,28.0550708771,-39.1864738464,12.0931072235,-39.9208183289,21.8426799774,-21.3311061859,3.4579308033,-18.4359436035,4.33800601959,-16.6589374542]},"hfc":{"dmean":8.62514019012,"dmean2":11.6831655502,"dvar":182.113006592,"dvar2":340.292449951,"max":276.386260986,"mean":30.0601654053,"median":25.2104949951,"min":1.10949967172e-16,"var":573.593017578},"melbands":{"dmean":[0.00136948819272,0.000926430569962,0.000697149895132,0.000508794095367,0.000109727829113,0.0000718759110896,0.0000782521310612,0.0000728155209799,0.0000998350878945,0.0000890793962753,0.0000380272686016,0.0000303931919916,0.0000268717594736,0.0000236725700233,0.0000225069034059,0.0000166477675521,0.000041425038944,0.000038043679524,0.000018343785996,0.0000175204040715,0.0000331076043949,0.0000306238871417,0.0000385418752558,0.0000141222726597,0.0000103761294667,0.0000111615418064,0.00000752416053729,0.00000428402427133,0.00000415894237449,0.00000348965909325,0.00000323773156197,0.00000330278453475,0.00000305101411868,0.00000238093321059,0.00000161401283094,0.00000146436502746,0.00000135416837566,0.00000138570260333,0.0000012317451592,0.0000012295038232],"dmean2":[0.00220338418148,0.00146783667151,0.00117244943976,0.00086926080985,0.000173462773091,0.000117017232697,0.000124178855913,0.000114479538752,0.000157313625095,0.000141480792081,0.0000608162299613,0.0000479222617287,0.000042998650315,0.0000376529678761,0.0000354130825144,0.0000265316812147,0.0000661545927869,0.0000616053876001,0.0000278025599982,0.0000271693897957,0.0000538835338375,0.0000502850343764,0.0000636148251942,0.0000223647657549,0.0000167448561115,0.0000182221738214,0.0000123349636851,0.00000701971657691,0.00000658741191728,0.0000055198802329,0.0000051161855481,0.00000510318841407,0.00000449512981504,0.00000345928265233,0.00000235584798247,0.00000212345094042,0.00000196699511434,0.00000203738659366,0.00000179476114681,0.00000180833865215],"dvar":[0.000022958012778,0.00000895880020835,0.00000336378548127,0.00000368912219528,6.1958623121e-8,2.50239118316e-8,3.06552401241e-8,3.14710852933e-8,9.5693515334e-8,5.84574486595e-8,1.00981845108e-8,2.97863222976e-9,3.15356696312e-9,1.9389103656e-9,2.22574003672e-9,1.27177879339e-9,4.89691664995e-9,4.20004075963e-9,1.56396817719e-9,1.26073795848e-9,3.35506311622e-9,2.23819318634e-9,3.57292062603e-9,4.3056330723e-10,2.88872953336e-10,3.86422338572e-10,1.5246562346e-10,9.15942460766e-11,8.4761087038e-11,5.67122043771e-11,5.12856077051e-11,4.82169096316e-11,4.10491154956e-11,2.36279103921e-11,1.17949981379e-11,1.36334216486e-11,1.15070860826e-11,8.66570964292e-12,5.53278516752e-12,6.47547770613e-12],"dvar2":[0.0000525136492797,0.00002217540532,0.00000889331022336,0.0000102022777355,1.28576985503e-7,6.23173974645e-8,7.28320941334e-8,6.75560869468e-8,2.29676032859e-7,1.51145869154e-7,2.29399557128e-8,6.74915368037e-9,7.74371411438e-9,4.83493112213e-9,5.23136156616e-9,3.02644975747e-9,1.20943504101e-8,1.07093560686e-8,3.3051179571e-9,2.735053517e-9,8.76430750196e-9,5.80804160322e-9,9.14895803561e-9,9.77985581407e-10,6.63688770608e-10,9.07631414471e-10,3.97792465634e-10,2.35779229474e-10,2.05099409678e-10,1.3912873631e-10,1.27767921243e-10,1.14263654094e-10,8.92005566633e-11,4.98245091018e-11,2.37076486914e-11,2.99075174348e-11,2.43556268903e-11,1.83272685222e-11,1.1286149966e-11,1.31850971113e-11],"max":[0.0611007995903,0.0358322262764,0.01900338009,0.0230884440243,0.00383303174749,0.00455821724609,0.00292017962784,0.00546685513109,0.00603750441223,0.00504119694233,0.00431646313518,0.00147072877735,0.00187564326916,0.00117311894428,0.00120929558761,0.00124030571897,0.00140542595182,0.00114545715041,0.00134220847394,0.000973827496637,0.00171694008168,0.00130218383856,0.00146313256118,0.000481247116113,0.00074673932977,0.00112350599375,0.000254567858065,0.000248177500907,0.000293121382128,0.000139777286677,0.000123623744003,0.000107593412395,0.000091540023277,0.00010499326163,0.0000687715946697,0.000123462974443,0.000121470628073,0.0000792380888015,0.0000421909462602,0.0000548304742551],"mean":[0.00213535013609,0.00153245986439,0.000935312651563,0.000556284619961,0.000174736560439,0.000113972026156,0.000127998748212,0.000121137862152,0.000165938807186,0.000140831543831,0.0000665995103191,0.000057721605117,0.0000510716017743,0.0000466202109237,0.000045262841013,0.0000288693736366,0.0000767262099544,0.0000700180171407,0.0000366738422599,0.0000338871068379,0.0000669186629239,0.0000674861803418,0.0000794208972366,0.0000304223976855,0.0000226713818847,0.0000239451346715,0.0000147756654769,0.00000747028661863,0.00000702423403709,0.00000598273391006,0.00000546491764908,0.00000570087740925,0.00000559881073059,0.0000045551241783,0.00000328012333739,0.00000290558318738,0.00000278518132291,0.00000280428321275,0.00000253935991168,0.00000243937438427],"median":[0.0011579975253,0.00106120062992,0.000512129277922,0.000173992768396,0.0000946462459979,0.0000592161959503,0.0000548737443751,0.0000557296152692,0.0000656053816783,0.0000710140884621,0.0000336592565873,0.0000313662894769,0.0000245811406785,0.0000275172897091,0.0000225229250645,0.0000161554908118,0.0000464961849502,0.0000417968694819,0.0000149658180817,0.0000150653186211,0.0000434853682236,0.0000466617602797,0.0000551734628971,0.0000204372390726,0.0000159235132742,0.0000180543502211,0.00000963266847975,0.00000362288005817,0.00000250970970228,0.00000239247901845,0.0000020137708816,0.00000192164816326,0.00000200647446036,0.00000172063482751,0.00000143698616739,0.00000132732282054,0.00000134362380777,0.00000132514071538,0.00000121365292216,0.00000104499440567],"min":[2.30345214957e-24,2.84750545564e-24,1.17232698011e-24,2.31305041742e-24,2.52337808969e-24,3.52474530379e-24,2.77374636936e-24,3.21981565683e-24,5.37968348595e-24,5.49095310549e-24,4.18810435545e-24,4.14603440337e-24,4.64841652656e-24,4.38052449074e-24,4.41354818038e-24,3.20398183795e-24,4.8641656454e-24,3.75749555843e-24,2.86383625689e-24,4.56178224422e-24,5.71381932742e-24,4.40782854439e-24,3.77333154667e-24,3.91014763777e-24,4.64086081681e-24,7.52337197512e-24,6.85526200866e-24,5.06840567807e-24,6.06527973766e-24,5.47775151824e-24,5.24652928717e-24,5.56258640885e-24,6.01182849488e-24,5.73236623616e-24,7.57406654347e-24,7.09471679214e-24,6.44052114875e-24,7.01315409656e-24,5.87702991555e-24,7.54915589381e-24],"var":[0.000022272743081,0.00000812620328361,0.00000329290946866,0.00000285289138446,8.66259028953e-8,3.19388604453e-8,5.52452270597e-8,6.32613748053e-8,1.38416851314e-7,7.00519677821e-8,1.94169622603e-8,9.61182600179e-9,7.37013117202e-9,5.57416113267e-9,6.69110278295e-9,2.1902843983e-9,9.98049909384e-9,8.57288462441e-9,4.72670835805e-9,3.22346527248e-9,7.34190352958e-9,6.56823040401e-9,8.03476485345e-9,1.17020149126e-9,6.28197383001e-10,7.05796365796e-10,2.79803152869e-10,1.49488407764e-10,1.60648702674e-10,9.24474871655e-11,8.22043891291e-11,9.17707784764e-11,8.79743569659e-11,5.66584661132e-11,2.85075556911e-11,2.68484002391e-11,2.2072541711e-11,1.92044297131e-11,1.30052140931e-11,1.36544933346e-11]},"melbands_crest":{"dmean":3.05671048164,"dmean2":4.783639431,"dvar":10.6257829666,"dvar2":23.9273052216,"max":36.3605003357,"mean":13.7289123535,"median":12.8812789917,"min":1.57083213329,"var":31.6755847931},"melbands_flatness_db":{"dmean":0.0232871808112,"dmean2":0.0345061719418,"dvar":0.000820471905172,"dvar2":0.00161022937391,"max":0.522343397141,"mean":0.151775121689,"median":0.145540520549,"min":0.00223443494178,"var":0.00362143665552},"melbands_kurtosis":{"dmean":5.53698635101,"dmean2":8.71055793762,"dvar":314.030792236,"dvar2":761.023864746,"max":753.657348633,"mean":8.35151672363,"median":3.88502645493,"min":-1.8167539835,"var":481.721343994},"melbands_skewness":{"dmean":0.680267214775,"dmean2":1.0349394083,"dvar":0.956333100796,"dvar2":1.91792070866,"max":21.8790016174,"mean":2.21707344055,"median":2.04898667336,"min":-5.01525878906,"var":2.72413182259},"melbands_spread":{"dmean":10.5903205872,"dmean2":16.2159976959,"dvar":191.856445313,"dvar2":390.431335449,"max":236.948577881,"mean":43.3975334167,"median":38.9237365723,"min":0.263901799917,"var":707.017456055},"mfcc":{"cov":[[11032.6220703,775.794250488,344.911956787,543.665405273,375.008911133,453.762298584,303.723419189,413.36730957,250.153411865,84.8359603882,120.875656128,53.9505729675,-70.6379623413],[775.794250488,1444.25463867,-303.986755371,216.433197021,273.956390381,3.27691721916,169.32043457,144.259765625,43.4943389893,24.6825809479,74.9757003784,16.581609726,-1.08041071892],[344.911956787,-303.986755371,981.052978516,176.45803833,58.9774742126,201.740081787,135.413513184,24.8352012634,132.239196777,24.2870044708,-27.410823822,86.9799194336,1.23743844032],[543.665405273,216.433197021,176.45803833,339.535827637,113.719177246,136.29838562,94.201133728,85.0402755737,93.3069534302,28.0659484863,11.9408655167,47.8622817993,-1.52610421181],[375.008911133,273.956390381,58.9774742126,113.719177246,260.656860352,45.0824584961,100.581207275,88.8016433716,74.0247116089,48.1141662598,46.2108955383,31.6702651978,16.3270053864],[453.762298584,3.27691721916,201.740081787,136.29838562,45.0824584961,238.286132813,123.559959412,78.5769958496,65.1396102905,17.0143375397,11.5699644089,34.7524299622,-13.8985490799],[303.723419189,169.32043457,135.413513184,94.201133728,100.581207275,123.559959412,203.768554688,101.495384216,72.1429138184,20.9335784912,23.4028015137,46.9734840393,-5.02484321594],[413.36730957,144.259765625,24.8352012634,85.0402755737,88.8016433716,78.5769958496,101.495384216,160.28616333,80.8260498047,44.8739051819,38.4866485596,22.8783378601,8.69221019745],[250.153411865,43.4943389893,132.239196777,93.3069534302,74.0247116089,65.1396102905,72.1429138184,80.8260498047,127.533180237,56.6502571106,24.6181564331,32.3307533264,1.27067029476],[84.8359603882,24.6825809479,24.2870044708,28.0659484863,48.1141662598,17.0143375397,20.9335784912,44.8739051819,56.6502571106,108.353431702,50.8353042603,17.9242935181,17.5251140594],[120.875656128,74.9757003784,-27.410823822,11.9408655167,46.2108955383,11.5699644089,23.4028015137,38.4866485596,24.6181564331,50.8353042603,82.9744567871,27.7457370758,16.2636318207],[53.9505729675,16.581609726,86.9799194336,47.8622817993,31.6702651978,34.7524299622,46.9734840393,22.8783378601,32.3307533264,17.9242935181,27.7457370758,92.6815872192,30.2502613068],[-70.6379623413,-1.08041071892,1.23743844032,-1.52610421181,16.3270053864,-13.8985490799,-5.02484321594,8.69221019745,1.27067029476,17.5251140594,16.2636318207,30.2502613068,77.9690933228]],"icov":[[0.000109491746116,-0.0000370013258362,-0.0000287384555122,-0.0000558544961677,-0.0000479480040667,-0.000137157156132,0.000117244635476,-0.000207100660191,0.0000102988651633,0.0000655905896565,-0.0000945706487983,0.0000359223413398,0.00010516106704],[-0.0000370013258362,0.00123239681125,0.000500509981066,-0.000841446104459,-0.000782932562288,0.000713866611477,-0.00108998641372,-0.0000813303486211,0.000408990075812,0.000293429358862,-0.000500030466355,0.000247811985901,0.000124700120068],[-0.0000287384555122,0.000500509981066,0.00178883189801,-0.000430727086496,-0.00034324452281,-0.000696268922184,-0.000823602313176,0.00123325525783,-0.00138547737151,-0.0000154482841026,0.000900234852452,-0.000767973542679,-0.000162497730344],[-0.0000558544961677,-0.000841446104459,-0.000430727086496,0.00543931592256,-0.000913305266295,-0.00243724440224,0.00155018921942,-0.000409598607803,-0.00191811681725,0.0000979612741503,0.00149925553706,-0.00156252656598,0.000256134429947],[-0.0000479480040667,-0.000782932562288,-0.00034324452281,-0.000913305266295,0.00661858543754,0.00105337705463,-0.00175310100894,-0.000580375955906,-0.00126755191013,-0.000520147150382,-0.00160176015925,0.000725757796317,-0.00112307467498],[-0.000137157156132,0.000713866611477,-0.000696268922184,-0.00243724440224,0.00105337705463,0.00867176707834,-0.00407955376431,-0.00142967433203,0.000754062028136,0.0000805735689937,-0.000898006546777,0.000300786894513,0.00111088901758],[0.000117244635476,-0.00108998641372,-0.000823602313176,0.00155018921942,-0.00175310100894,-0.00407955376431,0.0118918595836,-0.00427127024159,-0.000842619047035,0.00114373466931,0.000846510811243,-0.00357283954509,0.00198325142264],[-0.000207100660191,-0.0000813303486211,0.00123325525783,-0.000409598607803,-0.000580375955906,-0.00142967433203,-0.00427127024159,0.0140254441649,-0.00591003615409,-0.000319201790262,-0.00225489144213,0.00221054488793,-0.00240775477141],[0.0000102988651633,0.000408990075812,-0.00138547737151,-0.00191811681725,-0.00126755191013,0.000754062028136,-0.000842619047035,-0.00591003615409,0.0182798281312,-0.00678515899926,0.00198338087648,-0.00229388498701,0.0027073060628],[0.0000655905896565,0.000293429358862,-0.0000154482841026,0.0000979612741503,-0.000520147150382,0.0000805735689937,0.00114373466931,-0.000319201790262,-0.00678515899926,0.0169767271727,-0.00888278800994,0.00202666735277,-0.00234048394486],[-0.0000945706487983,-0.000500030466355,0.000900234852452,0.00149925553706,-0.00160176015925,-0.000898006546777,0.000846510811243,-0.00225489144213,0.00198338087648,-0.00888278800994,0.0213305875659,-0.00588896404952,0.000203408591915],[0.0000359223413398,0.000247811985901,-0.000767973542679,-0.00156252656598,0.000725757796317,0.000300786894513,-0.00357283954509,0.00221054488793,-0.00229388498701,0.00202666735277,-0.00588896404952,0.0174554996192,-0.00651958025992],[0.00010516106704,0.000124700120068,-0.000162497730344,0.000256134429947,-0.00112307467498,0.00111088901758,0.00198325142264,-0.00240775477141,0.0027073060628,-0.00234048394486,0.000203408591915,-0.00651958025992,0.0167285967618]],"mean":[-633.02355957,86.5482940674,-12.8398838043,20.9168148041,18.4118270874,-3.23780417442,0.879369795322,10.1462030411,2.52705740929,2.68829965591,6.61994457245,0.297828674316,-2.03685760498]},"pitch_salience":{"dmean":0.0655940249562,"dmean2":0.104300111532,"dvar":0.00519691128284,"dvar2":0.0115028703585,"max":0.952698767185,"mean":0.56829303503,"median":0.579949259758,"min":0.0807900428772,"var":0.0130219049752},"silence_rate_20dB":{"dmean":0,"dmean2":0,"dvar":0,"dvar2":0,"max":1,"mean":1,"median":1,"min":1,"var":0},"silence_rate_30dB":{"dmean":0.0242201127112,"dmean2":0.0484449192882,"dvar":0.023632099852,"dvar2":0.0635368227959,"max":1,"mean":0.984500646591,"median":1,"min":0,"var":0.0152583736926},"silence_rate_60dB":{"dmean":0.0168571975082,"dmean2":0.033717662096,"dvar":0.0165740866214,"dvar2":0.0358749330044,"max":1,"mean":0.0793374031782,"median":0,"min":0,"var":0.0730377361178},"spectral_centroid":{"dmean":241.435241699,"dmean2":372.320861816,"dvar":96573.703125,"dvar2":210899.671875,"max":11545.6328125,"mean":2130.48339844,"median":2115.49291992,"min":196.865646362,"var":495615},"spectral_complexity":{"dmean":4.05560922623,"dmean2":6.1744017601,"dvar":21.3920993805,"dvar2":42.3316192627,"max":61,"mean":25.7882404327,"median":27,"min":0,"var":152.793609619},"spectral_contrast_coeffs":{"dmean":[0.0481088757515,0.0445491969585,0.035917930305,0.0294890161604,0.0235138889402,0.017469663173],"dmean2":[0.0782027617097,0.0726711526513,0.0584785081446,0.0477225445211,0.0377225540578,0.0286456886679],"dvar":[0.0022039739415,0.00144145905506,0.00091296347091,0.000631326343864,0.00045501528075,0.000518927932717],"dvar2":[0.00529483146966,0.00356517452747,0.00224765622988,0.00150789669715,0.00105346995406,0.00134769838769],"max":[-0.258463591337,-0.323286175728,-0.424482911825,-0.499554276466,-0.446581035852,-0.587021350861],"mean":[-0.690143823624,-0.756329834461,-0.783596634865,-0.775186181068,-0.752344191074,-0.783306539059],"median":[-0.707230627537,-0.773753702641,-0.792754411697,-0.785364925861,-0.755236685276,-0.7854591012],"min":[-0.967476665974,-0.9799913764,-0.983898103237,-0.978620052338,-0.971154868603,-0.962879955769],"var":[0.0086870752275,0.00811938941479,0.00414867512882,0.0040374295786,0.00317692803219,0.00180825113785]},"spectral_contrast_valleys":{"dmean":[0.366567820311,0.360433399677,0.318241834641,0.271217554808,0.226102650166,0.244880065322],"dmean2":[0.569064021111,0.58166706562,0.509785413742,0.429347246885,0.347111940384,0.306073516607],"dvar":[0.133719190955,0.114142224193,0.101018399,0.0884353071451,0.0910090655088,0.122720554471],"dvar2":[0.261522293091,0.250274777412,0.20503950119,0.169697090983,0.172130614519,0.186357676983],"max":[-5.28033924103,-4.77402019501,-5.52198505402,-5.66211891174,-5.41621828079,-7.44844579697],"mean":[-7.57417964935,-7.1174902916,-7.47664785385,-7.60652017593,-7.28294467926,-9.69570732117],"median":[-6.78874921799,-6.77319002151,-7.08739566803,-7.2919883728,-6.96685314178,-9.38042068481],"min":[-27.8686618805,-27.9903717041,-27.7666511536,-27.5000953674,-27.4665813446,-27.3700008392],"var":[3.71485733986,2.16876554489,2.24625825882,2.00821518898,2.05492448807,2.09079885483]},"spectral_decrease":{"dmean":2.36760056005e-9,"dmean2":3.62121888031e-9,"dvar":2.71238197315e-17,"dvar2":5.71888918892e-17,"max":3.22081833426e-10,"mean":-5.90061777217e-9,"median":-4.76102224312e-9,"min":-5.37459463601e-8,"var":3.72626767243e-17},"spectral_energy":{"dmean":0.00939587317407,"dmean2":0.0141741111875,"dvar":0.000401599390898,"dvar2":0.000839194748551,"max":0.204947978258,"mean":0.0249969065189,"median":0.0205220393836,"min":1.02210782416e-20,"var":0.000585962145124},"spectral_energyband_high":{"dmean":0.000674263457768,"dmean2":0.000865262001753,"dvar":0.00000155815155267,"dvar2":0.00000284119823846,"max":0.0199615154415,"mean":0.00159724627156,"median":0.000865137320943,"min":7.37998102499e-21,"var":0.00000452756739833},"spectral_energyband_low":{"dmean":0.00546353776008,"dmean2":0.00848960038275,"dvar":0.000281840184471,"dvar2":0.000563829031307,"max":0.199316799641,"mean":0.0104692699388,"median":0.00718290638179,"min":1.99787780603e-23,"var":0.000340922531905},"spectral_energyband_middle_high":{"dmean":0.00160837720614,"dmean2":0.0024645421654,"dvar":0.00000433335662819,"dvar2":0.00000998968334898,"max":0.0333854854107,"mean":0.006564991083,"median":0.00540960906073,"min":1.26536197254e-21,"var":0.0000222238559218},"spectral_energyband_middle_low":{"dmean":0.00412002811208,"dmean2":0.00658638309687,"dvar":0.000129775580717,"dvar2":0.00033393848571,"max":0.132667377591,"mean":0.00708273379132,"median":0.00436712848023,"min":1.76591373017e-22,"var":0.000134259971674},"spectral_entropy":{"dmean":0.118433691561,"dmean2":0.167578056455,"dvar":0.0216331258416,"dvar2":0.0368577763438,"max":9.81468868256,"mean":7.87339353561,"median":7.94012212753,"min":5.74626541138,"var":0.183582320809},"spectral_flux":{"dmean":0.0243687741458,"dmean2":0.0382819063962,"dvar":0.00146363023669,"dvar2":0.0033105481416,"max":0.367480546236,"mean":0.0799744203687,"median":0.0677175745368,"min":6.33990013266e-11,"var":0.00307839596644},"spectral_kurtosis":{"dmean":1.20428454876,"dmean2":1.94467329979,"dvar":3.61038017273,"dvar2":9.96908950806,"max":45.8620414734,"mean":4.674223423,"median":3.94415473938,"min":-1.2426609993,"var":9.94503211975},"spectral_rms":{"dmean":0.000751829938963,"dmean2":0.00109479564708,"dvar":0.00000153766495714,"dvar2":0.00000296062466987,"max":0.0141403414309,"mean":0.00448892544955,"median":0.00447453930974,"min":3.15781320363e-12,"var":0.00000423682922701},"spectral_rolloff":{"dmean":787.465698242,"dmean2":1262.20544434,"dvar":1911856.25,"dvar2":3811726.25,"max":19724.4140625,"mean":3067.03979492,"median":2605.51757813,"min":21.533203125,"var":6770729},"spectral_skewness":{"dmean":0.167663618922,"dmean2":0.26829123497,"dvar":0.0468178987503,"dvar2":0.125608727336,"max":4.66433191299,"mean":1.56582641602,"median":1.55636310577,"min":-0.0761542320251,"var":0.176913425326},"spectral_spread":{"dmean":622986.375,"dmean2":872789.125,"dvar":883760955392,"dvar2":1570621882370,"max":42353552,"mean":5355387.5,"median":4971597.5,"min":1310991.75,"var":6309500420100},"spectral_strongpeak":{"dmean":0.519712567329,"dmean2":0.893724262714,"dvar":1.07718849182,"dvar2":2.68573737144,"max":13.0691680908,"mean":0.783922016621,"median":0.230621501803,"min":0,"var":1.8803704977},"zerocrossingrate":{"dmean":0.0168394595385,"dmean2":0.0182422548532,"dvar":0.000476638786495,"dvar2":0.000485069467686,"max":0.54150390625,"mean":0.10944879055,"median":0.09521484375,"min":0.00244140625,"var":0.00440506683663}},"metadata":{"audio_properties":{"analysis_sample_rate":44100,"bit_rate":192000,"codec":"mp3","downmix":"mix","equal_loudness":0,"length":239.673461914,"lossless":false,"md5_encoded":"2ed90c37315f04c26c30f8995235ceef","replay_gain":0.66961479187,"sample_rate":44100},"tags":{"album":["Rare Cult"],"artist":["The Cult"],"asin":["B000007WNN"],"barcode":["5012093008028"],"bpm":["67.0"],"composer":["Billy Duffy/ian Astbury"],"contentgroup":["11B A"],"date":["2000"],"discnumber":["04/07"],"file_name":"E:\\MUSIC\\INBOX\\The Cult\\Rare Cult\\CD 4\\Go Go Guru (Rubin Version).mp3","genre":["Rock"],"initialkey":["11B"],"label":["Beggars Banquet Us"],"mood":["very aroused, angry"],"musicbrainz_recordingid":["01cdd7d8-576a-492b-be47-182a9e617e4d"],"musicip_puid":["0e72e3f7-104a-bfeb-0a9d-ab0c80a51d6b"],"title":["Go Go Guru (rubin Version)"],"tracknumber":["59/16"]},"version":{"essentia":"2.1-beta2","essentia_build_sha":"2d9f1f26377add8aeb1075a9c2973f962c4f09fd","essentia_git_sha":"v2.1_beta2-1-ge3940c0","extractor":"music 1.0"}},"rhythm":{"beats_count":531,"beats_loudness":{"dmean":0.0474190674722,"dmean2":0.0923647359014,"dvar":0.00153376895469,"dvar2":0.00446655787528,"max":0.206575408578,"mean":0.0507163181901,"median":0.0388444326818,"min":5.27270538342e-9,"var":0.00160259590484},"beats_loudness_band_ratio":{"dmean":[0.309462219477,0.127048388124,0.0908034369349,0.0624416060746,0.116417936981,0.140741795301],"dmean2":[0.561738014221,0.230829238892,0.162427946925,0.114994257689,0.212303668261,0.251876711845],"dvar":[0.056988645345,0.0141295138747,0.0143336104229,0.00631205178797,0.0129738496616,0.0257473979145],"dvar2":[0.167970225215,0.0431237444282,0.0382288135588,0.018985228613,0.0387422293425,0.0768874362111],"max":[0.987661480904,0.888226926327,0.886381268501,0.673972725868,0.70684581995,0.977243721485],"mean":[0.493380337954,0.0981955230236,0.0956898182631,0.0666706264019,0.138110473752,0.145998060703],"med