{"lowlevel":{"average_loudness":0.969631254673,"barkbands":{"dmean":[0.000243768226937,0.00857798755169,0.00443779863417,0.00182712008245,0.0024835690856,0.000518376880791,0.000648036017083,0.000467809062684,0.00044345317292,0.000419058749685,0.000336544559104,0.000394930655602,0.000338751502568,0.00021354216733,0.000277204962913,0.000304968503769,0.000338280980941,0.000291687756544,0.000337968725944,0.000256712693954,0.000261602050159,0.000246091949521,0.00017054604541,0.000117264622531,0.0000967239175225,0.000111048706458,0.0000320898470818],"dmean2":[0.000397742987843,0.0149061894044,0.00761687802151,0.00324274157174,0.00431500654668,0.000874731398653,0.00108773668762,0.000769302132539,0.000705011072569,0.000613441865426,0.000533088459633,0.000639469712041,0.000540487118997,0.00034647010034,0.000441472744569,0.000499006884638,0.000550081545953,0.00047366679064,0.000551245000679,0.000426087004598,0.00041961754323,0.000370779947843,0.000240316803684,0.00015695989714,0.000132586705149,0.000154208450112,0.0000446687772637],"dvar":[1.70161868596e-7,0.000305116293021,0.0000744713979657,0.0000124060579765,0.0000235878123931,8.76639887792e-7,0.00000221338541451,0.00000136657411076,9.45726014834e-7,0.00000114884915092,4.63659063143e-7,0.0000011783743048,3.61607789046e-7,1.53821801518e-7,2.403961048e-7,4.05758072475e-7,3.56919912292e-7,2.92253389489e-7,3.9860464085e-7,1.73306389684e-7,2.46568703233e-7,4.14082535372e-7,3.03825743231e-7,1.14508033278e-7,4.66142715538e-8,5.12029956212e-8,3.43844042128e-9],"dvar2":[4.5426125439e-7,0.000876076344866,0.000212181155803,0.0000357936442015,0.0000658920689602,0.00000243633871833,0.00000605220884609,0.00000363670005754,0.00000250823973147,0.00000203630906981,0.00000102757030618,0.00000323909671351,8.30586770917e-7,3.82273441346e-7,5.58742328849e-7,0.00000101812304365,8.72073997016e-7,7.13271731456e-7,0.00000103066702195,4.4615154593e-7,5.93810227656e-7,8.54543770856e-7,5.71343548472e-7,2.10169247339e-7,9.45976381672e-8,1.10475902204e-7,6.92093404808e-9],"max":[0.00643438380212,0.164136052132,0.123090602458,0.0654519200325,0.0780625939369,0.0164086744189,0.0223074387759,0.0370314791799,0.0226837545633,0.0353615395725,0.0286983773112,0.0474796667695,0.0197042636573,0.00819112360477,0.012384833768,0.0170693714172,0.0133227519691,0.0167710278183,0.0229682568461,0.00898776203394,0.00950063485652,0.0236087311059,0.0215531084687,0.0123709244654,0.00847640447319,0.00399681041017,0.000976353534497],"mean":[0.000426251470344,0.0157446600497,0.00818070676178,0.00303942803293,0.00377392373048,0.000798383785877,0.000857812585309,0.000638562429231,0.000756831199396,0.000714704918209,0.000564121874049,0.000609895447269,0.000566407630686,0.000335133256158,0.000473692722153,0.000490629987326,0.000577188213356,0.000529447279405,0.0006069430965,0.000485647819005,0.00051084056031,0.000508882745635,0.000370699941413,0.000283672561636,0.000205884163734,0.000168428829056,0.0000420490141551],"median":[0.000230005942285,0.0121332556009,0.00578531622887,0.002227101475,0.00242862245068,0.000465340272058,0.000409648520872,0.0002688576933,0.00040233915206,0.00023868016433,0.000274696707493,0.000296806771075,0.000303671491565,0.000179996684892,0.000251009711064,0.000219742796617,0.000295106176054,0.000310815055855,0.000359957688488,0.000313126191031,0.000291123695206,0.000230591205764,0.000148891820572,0.000104263061075,0.0000775204825914,0.0000529582212039,0.0000136868966365],"min":[1.37418514588e-24,1.40008768953e-24,2.09020293094e-24,6.07822307157e-25,6.90121394525e-24,7.94817988347e-24,5.86153037648e-24,3.46931914773e-24,1.11563959323e-23,1.55670545152e-23,1.48657461264e-23,2.82338840005e-23,3.31097890795e-23,3.91531294121e-23,5.49049966824e-23,5.49212409062e-23,6.70823458646e-23,9.26542566058e-23,1.23145996201e-22,1.4407528381e-22,2.70440577189e-22,3.46805114849e-22,3.87622545133e-22,6.19074460943e-22,7.88448072221e-22,1.27399657895e-21,1.63530749532e-21],"var":[3.14942781188e-7,0.000272947305348,0.0000869212817634,0.0000128944066091,0.0000217863434955,0.00000123674749375,0.00000213309567698,0.00000160326283094,0.00000158686941631,0.00000340017800227,0.00000104674597878,0.00000149539243921,7.184805213e-7,2.40434786747e-7,5.13935049185e-7,7.59650447435e-7,7.19540537375e-7,5.50931019916e-7,7.05781644683e-7,2.86863325982e-7,4.30112635286e-7,9.63815523392e-7,7.85731970154e-7,3.68625791225e-7,1.41395304354e-7,9.23242069462e-8,5.4096105373e-9]},"barkbands_crest":{"dmean":2.37673354149,"dmean2":3.94078063965,"dvar":5.68838262558,"dvar2":15.4633865356,"max":25.2834320068,"mean":10.6909828186,"median":10.2376403809,"min":2.01887607574,"var":15.6883544922},"barkbands_flatness_db":{"dmean":0.0195965338498,"dmean2":0.0304499343038,"dvar":0.000438028655481,"dvar2":0.00110286462586,"max":0.281764119864,"mean":0.104289785028,"median":0.10001399368,"min":0.0162747781724,"var":0.00163685902953},"barkbands_kurtosis":{"dmean":3.30736017227,"dmean2":5.51340866089,"dvar":41.8075027466,"dvar2":118.424850464,"max":113.46635437,"mean":4.61722564697,"median":1.99153184891,"min":-1.93780744076,"var":62.822681427},"barkbands_skewness":{"dmean":0.586303293705,"dmean2":0.936541259289,"dvar":0.502104222775,"dvar2":1.3152128458,"max":9.56254005432,"mean":1.86282134056,"median":1.70219802856,"min":-2.59540486336,"var":1.68250620365},"barkbands_spread":{"dmean":7.63798666,"dmean2":11.5617408752,"dvar":72.4348449707,"dvar2":157.426483154,"max":121.928153992,"mean":33.1896324158,"median":29.5302314758,"min":2.49527001381,"var":360.938171387},"dissonance":{"dmean":0.010346069932,"dmean2":0.017633613199,"dvar":0.00014236921561,"dvar2":0.000403923157137,"max":0.500000119209,"mean":0.481929153204,"median":0.485134243965,"min":0,"var":0.000199454894755},"dynamic_complexity":2.39829468727,"erbbands":{"dmean":[0.195482671261,2.13952565193,5.38338041306,5.07239818573,8.94438171387,7.50232172012,4.4614944458,4.16498947144,6.4313120842,13.0637807846,8.76735687256,9.51747322083,9.55207443237,15.016368866,13.1065454483,15.9809408188,15.1142063141,12.738992691,10.948679924,15.3877639771,17.0774421692,16.348241806,16.2913990021,18.6702671051,13.5344963074,12.526184082,11.5438537598,9.78537940979,9.43159580231,6.81927871704,4.56476640701,3.25461912155,1.616522789,0.947679281235,0.786627292633,0.50342476368,0.208541631699,0.0451034978032,0.00541723007336,0.000266912044026],"dmean2":[0.326031655073,3.76622724533,9.30909156799,8.82556438446,15.5636949539,13.230632782,7.44278478622,6.96351242065,10.9497041702,21.8256397247,14.1742372513,15.1771411896,14.924448967,21.8666343689,20.643037796,25.860704422,23.8548641205,20.5700626373,17.2578296661,24.8810024261,27.8206291199,26.3894691467,26.6130275726,30.0372200012,22.2271537781,20.7688503265,19.2472381592,15.5117835999,14.3938522339,10.1200017929,6.47595405579,4.47009754181,2.2390294075,1.30452823639,1.10240900517,0.712646067142,0.291618555784,0.0626670494676,0.00753299612552,0.000372966547729],"dvar":[0.104543656111,21.5206546783,115.95085907,112.268371582,208.251556396,280.480499268,63.3206176758,59.3757171631,213.11026001,1123.08752441,491.173126221,542.230712891,377.619934082,1366.94689941,778.713684082,2280.31298828,752.344116211,558.637329102,495.069976807,948.892150879,1258.67785645,782.688232422,903.662536621,1705.46118164,411.615753174,384.416259766,520.269592285,399.143737793,569.17175293,392.61340332,237.828964233,135.326431274,13.5965108871,4.28220939636,3.59060072899,1.23049652576,0.185637846589,0.00712072663009,0.000100797326013,2.37706032635e-7],"dvar2":[0.291467368603,61.934841156,328.112579346,321.029571533,571.278686523,788.394165039,167.864364624,165.806976318,584.90222168,3070.28637695,1274.63793945,1402.43786621,887.559631348,2275.90600586,1694.58532715,6289.02929688,1714.59375,1389.99658203,1109.95996094,2287.61352539,3153.68945313,1856.28308105,2243.82714844,4488.98535156,1040.63024902,982.202087402,1346.16674805,906.23059082,1193.07019043,720.221862793,462.75894165,249.043716431,26.2970371246,8.34107398987,7.75351715088,2.78039669991,0.397641867399,0.0146057782695,0.000203808027436,4.88949012833e-7],"max":[3.28549194336,43.4840087891,129.470092773,182.605102539,209.586685181,259.988983154,224.509689331,148.464309692,220.335403442,857.326477051,644.685852051,649.666687012,665.982421875,1253.75109863,1401.03942871,2020.88464355,893.492492676,519.696044922,785.298522949,808.926269531,1024.00280762,861.504089355,1094.2611084,1674.71520996,358.199005127,311.564849854,501.974822998,431.204589844,619.196960449,1124.49328613,567.312744141,431.590545654,110.180488586,72.7252120972,69.3116989136,26.8414745331,7.06784152985,1.41587972641,0.177545249462,0.00772163737565],"mean":[0.367603391409,3.81890273094,9.895154953,9.3775100708,15.5977191925,9.24942207336,6.81952619553,6.35526990891,8.7782087326,17.3502559662,13.6185741425,16.4019260406,17.4195709229,27.440202713,23.8660202026,25.8953952789,26.8707714081,21.0958614349,19.528717041,26.4669761658,28.7969760895,30.4247493744,30.9791660309,33.7996711731,26.181470871,23.9714031219,20.7095890045,20.0223579407,19.1393051147,14.3953857422,9.90934753418,7.18880367279,3.98530125618,2.24150562286,1.48974895477,0.809555470943,0.301990509033,0.0628900900483,0.00708741135895,0.000378854689188],"median":[0.260838449001,2.84079122543,7.26181125641,6.79430675507,10.854227066,5.32572746277,4.05619525909,3.66835403442,4.17844057083,7.91853904724,6.13122844696,8.19135284424,9.31854915619,11.2237186432,12.9574565887,13.4139842987,15.0119972229,11.8291282654,10.2657833099,13.1234521866,13.6748495102,17.0994529724,19.0727348328,18.3054447174,18.0706043243,15.493642807,11.872923851,10.8332462311,8.69117927551,6.24946594238,3.87572097778,2.43968915939,1.55876851082,0.890966415405,0.514683127403,0.255233049393,0.0911968946457,0.0220800954849,0.00220133387484,0.000147904167534],"min":[3.32842440909e-23,3.38756335478e-22,3.53746212339e-21,5.05005315412e-21,1.48413601765e-20,1.93673742178e-20,2.37363418805e-20,5.7153333566e-20,1.23226155677e-19,1.54342635295e-19,2.22905813887e-19,2.432546896e-19,5.1235975562e-19,4.37180773563e-19,1.07467574017e-18,1.06863039406e-18,1.37349359908e-18,1.87890333149e-18,2.41976778272e-18,3.13208919734e-18,3.942233198e-18,4.43991840766e-18,5.80517504559e-18,6.50526142498e-18,6.97731809772e-18,6.83795636248e-18,8.75134423332e-18,1.01734695384e-17,1.21802055685e-17,1.0687667341e-17,1.13036199395e-17,1.24290008173e-17,9.73918648189e-18,7.6603641429e-18,6.39530306538e-18,4.26462560097e-18,2.26115879539e-18,9.79748493069e-19,2.12373012954e-19,2.21730609956e-20],"var":[0.132450759411,18.3319034576,122.244628906,114.95716095,260.800140381,219.652114868,94.3157958984,80.7766799927,225.588409424,1053.97900391,688.749145508,902.028137207,853.130737305,4186.02783203,1816.84985352,2754.13818359,1554.57336426,880.964111328,1133.1842041,1800.34790039,2351.39135742,1766.21166992,1672.24951172,2953.65600586,750.546813965,672.936645508,708.955505371,779.68371582,1247.94299316,1099.2434082,595.906005859,372.415557861,49.514705658,15.3999061584,8.78612136841,2.30863595009,0.316499263048,0.0115210572258,0.000157628877787,3.70319924059e-7]},"erbbands_crest":{"dmean":2.13666152954,"dmean2":3.5226085186,"dvar":4.88943529129,"dvar2":12.0374908447,"max":31.3721618652,"mean":6.72782993317,"median":5.80850219727,"min":2.08966517448,"var":12.0427532196},"erbbands_flatness_db":{"dmean":0.013623546809,"dmean2":0.0196749325842,"dvar":0.000165414487128,"dvar2":0.000340115569998,"max":0.252654016018,"mean":0.101093903184,"median":0.0995006710291,"min":0.0265220068395,"var":0.000680028751958},"erbbands_kurtosis":{"dmean":0.648345947266,"dmean2":1.02866971493,"dvar":0.942499876022,"dvar2":2.27480816841,"max":22.8917503357,"mean":-0.05342059955,"median":-0.449719965458,"min":-1.79792392254,"var":2.88756299019},"erbbands_skewness":{"dmean":0.288643747568,"dmean2":0.444177031517,"dvar":0.0800671726465,"dvar2":0.189766600728,"max":2.86190032959,"mean":-0.292424142361,"median":-0.254200935364,"min":-4.17396497726,"var":0.382625550032},"erbbands_spread":{"dmean":9.63104152679,"dmean2":15.1346035004,"dvar":85.2283554077,"dvar2":206.482177734,"max":142.460464478,"mean":53.4728507996,"median":51.4616355896,"min":3.5363612175,"var":341.513305664},"gfcc":{"cov":[[23054.9960938,920.35357666,-959.218383789,488.508514404,-799.714172363,603.958557129,-284.865386963,317.761627197,-213.858276367,307.484558105,-363.830688477,225.024887085,-272.757476807],[920.35357666,909.289367676,-238.008483887,90.3924255371,89.5235061646,72.694519043,59.9356079102,-14.9102468491,17.3967761993,-37.7836303711,-12.1974182129,-26.6166725159,-14.0180683136],[-959.218383789,-238.008483887,463.993286133,-26.009141922,78.959777832,26.3555965424,32.3935623169,13.4571046829,-21.9049091339,19.2541770935,-0.186185032129,1.28242528439,7.92777347565],[488.508514404,90.3924255371,-26.009141922,338.253051758,10.5367565155,60.7080039978,8.85230255127,-24.2615642548,19.3337459564,-4.7216334343,11.3994188309,-15.7991704941,-2.09507846832],[-799.714172363,89.5235061646,78.959777832,10.5367565155,262.380859375,23.6381206512,65.046005249,-8.33714580536,3.62428689003,-20.0352077484,-6.49529886246,-18.5070056915,-5.68367242813],[603.958557129,72.694519043,26.3555965424,60.7080039978,23.6381206512,172.29347229,63.0261726379,28.2273902893,-6.01961040497,2.89693427086,-1.72850382328,-0.476970762014,-9.39101982117],[-284.865386963,59.9356079102,32.3935623169,8.85230255127,65.046005249,63.0261726379,139.634262085,25.3352489471,1.34208202362,-5.63868045807,9.43754291534,-7.68187046051,-0.860028624535],[317.761627197,-14.9102468491,13.4571046829,-24.2615642548,-8.33714580536,28.2273902893,25.3352489471,94.5738525391,33.4321174622,20.8124485016,-1.98128521442,8.24921035767,-2.64237475395],[-213.858276367,17.3967761993,-21.9049091339,19.3337459564,3.62428689003,-6.01961040497,1.34208202362,33.4321174622,107.343360901,39.3719825745,12.276099205,3.8503742218,2.08056163788],[307.484558105,-37.7836303711,19.2541770935,-4.7216334343,-20.0352077484,2.89693427086,-5.63868045807,20.8124485016,39.3719825745,88.7754135132,24.544260025,7.93679237366,-3.9453690052],[-363.830688477,-12.1974182129,-0.186185032129,11.3994188309,-6.49529886246,-1.72850382328,9.43754291534,-1.98128521442,12.276099205,24.544260025,66.129486084,15.765961647,0.446234285831],[225.024887085,-26.6166725159,1.28242528439,-15.7991704941,-18.5070056915,-0.476970762014,-7.68187046051,8.24921035767,3.8503742218,7.93679237366,15.765961647,55.4687461853,12.8316631317],[-272.757476807,-14.0180683136,7.92777347565,-2.09507846832,-5.68367242813,-9.39101982117,-0.860028624535,-2.64237475395,2.08056163788,-3.9453690052,0.446234285831,12.8316631317,51.9090805054]],"icov":[[0.000172111409483,-0.00015564369096,0.000303682172671,-0.000335873424774,0.000316184625262,-0.000412155786762,0.000295098201605,-0.000567337148823,0.000918929290492,-0.001182015636,0.00147893186659,-0.00116884254385,0.000888008682523],[-0.00015564369096,0.00164551101625,0.000607151945587,0.000146269332618,-0.000858733372297,-0.000189814760233,-0.000622233725153,0.000811311881989,-0.00110447604675,0.00135827611666,-0.00116523227189,0.00133614370134,-0.000730427564122],[0.000303682172671,0.000607151945587,0.00349271553569,-0.000555700680707,-0.000604483298957,-0.00123012589756,0.00020845043764,-0.00126313825604,0.00250472524203,-0.00304956524633,0.00285464688204,-0.00195074651856,0.000979738775641],[-0.000335873424774,0.000146269332618,-0.000555700680707,0.00422028638422,-0.000511310063303,-0.000889132323209,-0.000135967653478,0.00259661814198,-0.00312019884586,0.00291389669292,-0.00383044034243,0.00342084793374,-0.00202322355472],[0.000316184625262,-0.000858733372297,-0.000604483298957,-0.000511310063303,0.00563797960058,-0.0005135248648,-0.00154888641555,0.000112964953587,0.000547639618162,-0.0010496644536,0.00305183557793,-0.0014538008254,0.00223709153943],[-0.000412155786762,-0.000189814760233,-0.00123012589756,-0.000889132323209,-0.0005135248648,0.00938939675689,-0.00393525511026,-0.000933567003813,-0.000422449200414,0.00178762665018,-0.00235482840799,0.00147009140346,-0.000725598423742],[0.000295098201605,-0.000622233725153,0.00020845043764,-0.000135967653478,-0.00154888641555,-0.00393525511026,0.0111389784142,-0.0036183767952,0.00187692325562,-0.00067957828287,-0.000525847135577,0.0000299351067952,0.000334313692292],[-0.000567337148823,0.000811311881989,-0.00126313825604,0.00259661814198,0.000112964953587,-0.000933567003813,-0.0036183767952,0.0166949592531,-0.00789498258382,0.0025390854571,-0.00230072392151,0.00174495589454,-0.00173305871431],[0.000918929290492,-0.00110447604675,0.00250472524203,-0.00312019884586,0.000547639618162,-0.000422449200414,0.00187692325562,-0.00789498258382,0.0184161290526,-0.0117451595142,0.00729710282758,-0.00605870271102,0.00343867531046],[-0.001182015636,0.00135827611666,-0.00304956524633,0.00291389669292,-0.0010496644536,0.00178762665018,-0.00067957828287,0.0025390854571,-0.0117451595142,0.0243573244661,-0.0154583351687,0.00831367261708,-0.00453448062763],[0.00147893186659,-0.00116523227189,0.00285464688204,-0.00383044034243,0.00305183557793,-0.00235482840799,-0.000525847135577,-0.00230072392151,0.00729710282758,-0.0154583351687,0.0320709459484,-0.0159028638154,0.00883616600186],[-0.00116884254385,0.00133614370134,-0.00195074651856,0.00342084793374,-0.0014538008254,0.00147009140346,0.0000299351067952,0.00174495589454,-0.00605870271102,0.00831367261708,-0.0159028638154,0.0301341302693,-0.0115863662213],[0.000888008682523,-0.000730427564122,0.000979738775641,-0.00202322355472,0.00223709153943,-0.000725598423742,0.000334313692292,-0.00173305871431,0.00343867531046,-0.00453448062763,0.00883616600186,-0.0115863662213,0.0258386302739]],"mean":[34.8292045593,57.6292915344,-90.8763885498,44.518157959,-40.1173477173,19.1266021729,-23.4682540894,10.4106082916,-24.2418498993,1.73344445229,-18.6908931732,2.28193044662,-16.0188007355]},"hfc":{"dmean":9.88951683044,"dmean2":13.6654262543,"dvar":221.518218994,"dvar2":440.377166748,"max":307.386505127,"mean":32.6150398254,"median":25.1700401306,"min":1.08220502761e-16,"var":758.999938965},"melbands":{"dmean":[0.00204323069192,0.00277949427254,0.000942627491895,0.000648795336019,0.000167133184732,0.0000945609499468,0.000106453684566,0.000134847374284,0.0000703982514096,0.0000616740362602,0.0000492920735269,0.0000635719334241,0.0000469006845378,0.0000446765334345,0.0000396865034418,0.0000331442060997,0.0000225406838581,0.0000174403448909,0.0000187327877939,0.0000213862276723,0.0000209874760912,0.0000164826851687,0.0000209021181945,0.0000149257202793,0.0000168383066921,0.0000116933633763,0.00000893082506082,0.00000873484077601,0.00000803548573458,0.00000633335366729,0.00000604622891842,0.00000599190070716,0.00000457277974419,0.00000380629103347,0.00000281865277429,0.00000265229164143,0.00000176822834419,0.00000128796352783,9.00178577012e-7,8.22891820462e-7],"dmean2":[0.00349738146178,0.00484654447064,0.00164830952417,0.00114157702774,0.000280690437648,0.00015865280875,0.00018043332966,0.000225374751608,0.000113289577712,0.0000980091863312,0.0000768662503106,0.0000923077095649,0.0000743862910895,0.0000720723473933,0.0000635005271761,0.0000528684067831,0.0000366255226254,0.0000277420331258,0.0000300873307424,0.0000348421090166,0.0000344470136042,0.0000266862552962,0.0000346523374901,0.0000243435570155,0.0000273168916465,0.0000192492516362,0.000014828010535,0.0000146484162542,0.0000136468652272,0.0000102357407741,0.00000972519774223,0.0000093296293926,0.00000696827783031,0.00000568889390706,0.00000417204273617,0.00000374073283638,0.00000247908201345,0.00000185063515801,0.0000012683173054,0.00000117566514746],"dvar":[0.0000148172348418,0.0000340271362802,0.00000321552761307,0.00000169929319327,8.90212135118e-8,3.11973344935e-8,5.75764254052e-8,1.19538498211e-7,3.43684796178e-8,2.0084250707e-8,1.01497992233e-8,2.66484754263e-8,8.90868179226e-9,1.80274781769e-8,5.76452574563e-9,3.94626376021e-9,1.75348857656e-9,1.32447597334e-9,1.15557718949e-9,1.97578420291e-9,2.0238415388e-9,8.57007353972e-10,1.72291136913e-9,6.68083421917e-10,1.60671020932e-9,3.30267840853e-10,2.10800266132e-10,1.88708021431e-10,2.51979576094e-10,1.43753772774e-10,1.62511754054e-10,2.23710869274e-10,1.65776628536e-10,1.32052313528e-10,8.76651806703e-11,1.02863315088e-10,3.66653582495e-11,8.94880870794e-12,3.98826978387e-12,3.68995459188e-12],"dvar2":[0.000042364190449,0.0000962513877312,0.00000916828139452,0.00000479818936583,2.42121473093e-7,8.72352856618e-8,1.58437970299e-7,3.27326659999e-7,9.02030095062e-8,5.16759044444e-8,2.37434019112e-8,4.40059473306e-8,2.00833909503e-8,4.8810758102e-8,1.498414548e-8,8.8076195226e-9,4.35426672496e-9,3.07823100343e-9,2.82581735789e-9,4.7638257783e-9,5.16598275269e-9,1.96046068268e-9,4.52003234841e-9,1.63070357218e-9,4.29237489996e-9,8.32961200015e-10,5.44779887868e-10,4.8994830415e-10,6.71591504631e-10,3.43845507622e-10,3.79231424041e-10,4.84873530215e-10,3.41281308769e-10,2.56838772472e-10,1.86768087107e-10,1.84934748071e-10,7.07589889459e-11,1.89064423839e-11,7.61646561792e-12,7.92459587534e-12],"max":[0.0373870432377,0.0633704587817,0.0288996882737,0.0215379092842,0.00668570119888,0.00337801873684,0.00345187145285,0.0100616635755,0.00642527779564,0.00388213084079,0.003391667502,0.00563697889447,0.00385232875124,0.0062855752185,0.00188325112686,0.00266327825375,0.00091956887627,0.00121629738715,0.000844366499223,0.00111624808051,0.00139299267903,0.00100045069121,0.000935715681408,0.000628345878795,0.00169281638227,0.000333355594194,0.000448397244327,0.00019006759976,0.000301228777971,0.000220202215132,0.000262313114945,0.000384049431887,0.000706555554643,0.000740324612707,0.000366723485058,0.000314664619509,0.000228236429393,0.000101089062809,0.00007845248183,0.0000759772883612],"mean":[0.0038897136692,0.00531415501609,0.00192723458167,0.000940005411394,0.000249588076258,0.000143794968608,0.000146371778101,0.000181120689376,0.000109232591058,0.000104836952232,0.00008707222878,0.000112179244752,0.0000804676164989,0.0000692078683642,0.0000655045951135,0.0000551402117708,0.0000350440277543,0.0000286926824629,0.0000320637700497,0.0000349669244315,0.0000329188587784,0.0000291054257104,0.0000337761339324,0.0000260320248344,0.0000278584520856,0.0000209699373954,0.0000162174874276,0.000015599627659,0.0000130006892505,0.0000116570763566,0.000011559345694,0.0000112869274744,0.00000900286067917,0.0000075503453445,0.00000565782920603,0.00000542040334039,0.00000379044672627,0.00000292794788948,0.00000212030568036,0.00000178432605935],"median":[0.00296697486192,0.00430873967707,0.00168715615291,0.000608389033005,0.000156618349138,0.0000821709691081,0.0000721486721886,0.0000852897210279,0.0000472766660096,0.0000543144269614,0.0000448691098427,0.0000416746879637,0.0000411005894421,0.0000323440654029,0.0000343039173458,0.0000295668978652,0.0000186732704606,0.0000135609143399,0.0000171324645635,0.0000161603438755,0.0000146725033119,0.0000159047449415,0.0000162597880262,0.0000150439764184,0.0000133333123813,0.0000133068497234,0.0000105884400909,0.00000974709473667,0.00000723049788576,0.00000633852960163,0.00000601923420618,0.0000049329310059,0.00000404157799494,0.00000316172895509,0.0000022860590434,0.0000017470081275,0.00000130571083901,0.00000114759166081,8.59949523146e-7,6.97833684171e-7],"min":[5.59686754278e-25,1.73863188295e-24,1.20232578261e-24,1.58337853478e-24,1.52326269924e-24,1.43429920648e-24,1.58611203642e-24,1.4725411124e-24,2.3904426026e-24,1.42244706442e-24,2.66476030492e-24,1.80235547523e-24,3.21685170919e-24,2.93216206369e-24,1.68633908241e-24,2.83062619885e-24,3.19943504091e-24,3.00880818367e-24,3.73236087227e-24,3.31002959273e-24,3.84178179628e-24,3.79868790275e-24,4.68456647197e-24,4.26873461743e-24,4.42313126266e-24,4.50296122526e-24,5.1268117562e-24,4.0329342321e-24,4.4168278696e-24,6.38152145279e-24,5.32135116631e-24,5.89514255636e-24,5.35646178748e-24,5.28517834393e-24,5.86658894703e-24,4.71714682178e-24,7.08296434237e-24,6.42700046727e-24,5.45958207944e-24,5.82004773135e-24],"var":[0.0000149693205458,0.0000317851627187,0.00000342829707733,0.00000146019158365,1.08966219159e-7,4.22236396957e-8,5.89314694821e-8,1.13600485463e-7,4.95894454389e-8,3.39712187269e-8,2.28279208869e-8,8.17014154109e-8,1.99230836273e-8,2.23691039025e-8,9.56554124798e-9,7.65849605955e-9,2.69986610846e-9,2.87317436509e-9,2.2320192361e-9,3.70623820523e-9,3.42974182388e-9,1.92861659976e-9,2.73538480755e-9,1.33033684069e-9,2.57411625348e-9,6.17540574233e-10,3.43246570056e-10,3.10001802006e-10,3.02713826228e-10,2.49118697893e-10,2.94685553737e-10,4.50346981928e-10,3.85315390705e-10,3.3976052527e-10,1.95240809631e-10,2.56916959929e-10,9.91008872187e-11,2.78986313218e-11,1.40944426269e-11,1.09818057425e-11]},"melbands_crest":{"dmean":2.80661082268,"dmean2":4.66949081421,"dvar":6.67569303513,"dvar2":18.6126194,"max":30.3607635498,"mean":16.1563396454,"median":16.2975463867,"min":1.00046253204,"var":19.1693153381},"melbands_flatness_db":{"dmean":0.025447929278,"dmean2":0.0400112681091,"dvar":0.000751910090912,"dvar2":0.0018383365823,"max":0.395513027906,"mean":0.187096193433,"median":0.187906444073,"min":-1.98458820933e-7,"var":0.00359524809755},"melbands_kurtosis":{"dmean":11.6001214981,"dmean2":19.4080066681,"dvar":486.465667725,"dvar2":1349.2923584,"max":328.963500977,"mean":23.1914672852,"median":14.6552047729,"min":-1.75042057037,"var":751.742126465},"melbands_skewness":{"dmean":0.921344339848,"dmean2":1.48561298847,"dvar":1.19843685627,"dvar2":3.12348818779,"max":15.2457113266,"mean":3.89734101295,"median":3.60418367386,"min":-1.06235074997,"var":3.682690382},"melbands_spread":{"dmean":8.09829616547,"dmean2":12.6750621796,"dvar":124.905761719,"dvar2":296.982116699,"max":205.810440063,"mean":26.3559474945,"median":19.7836265564,"min":1.06229877472,"var":554.604187012},"mfcc":{"cov":[[9752.01074219,739.985168457,47.2108421326,384.006591797,-36.9852485657,301.020111084,51.8685722351,177.914489746,109.861526489,145.295898438,115.755897522,88.5423355103,66.674407959],[739.985168457,835.565185547,-150.780258179,54.6200523376,54.2612419128,70.9879074097,71.2164154053,60.9095077515,38.1319351196,4.56562328339,9.20374202728,2.76868391037,-11.1106290817],[47.2108421326,-150.780258179,299.67199707,31.9341106415,8.49011135101,23.5164642334,30.6545257568,4.72963428497,0.323012769222,16.7082653046,-5.43189954758,2.25240778923,9.45753765106],[384.006591797,54.6200523376,31.9341106415,213.011978149,55.6842041016,59.6867103577,10.4096841812,6.06130218506,1.77086806297,6.06233358383,3.21370720863,-1.79514551163,-1.38414382935],[-36.9852485657,54.2612419128,8.49011135101,55.6842041016,143.930923462,46.5854454041,15.3001003265,15.274684906,12.5334768295,7.00320386887,3.06246376038,-4.07052755356,-7.12303972244],[301.020111084,70.9879074097,23.5164642334,59.6867103577,46.5854454041,147.258132935,69.0409164429,35.2472572327,10.991063118,19.6379394531,2.29737043381,5.55357885361,2.56646990776],[51.8685722351,71.2164154053,30.6545257568,10.4096841812,15.3001003265,69.0409164429,153.417877197,48.9865722656,11.9819040298,6.49515771866,-4.62080097198,1.93478643894,-0.630998015404],[177.914489746,60.9095077515,4.72963428497,6.06130218506,15.274684906,35.2472572327,48.9865722656,102.036514282,31.119562149,7.67479991913,7.96350336075,0.275757431984,-5.76253652573],[109.861526489,38.1319351196,0.323012769222,1.77086806297,12.5334768295,10.991063118,11.9819040298,31.119562149,77.9320220947,34.427822113,2.78200340271,1.49048447609,5.1780371666],[145.295898438,4.56562328339,16.7082653046,6.06233358383,7.00320386887,19.6379394531,6.49515771866,7.67479991913,34.427822113,77.2588882446,27.9229717255,9.82175159454,8.3104019165],[115.755897522,9.20374202728,-5.43189954758,3.21370720863,3.06246376038,2.29737043381,-4.62080097198,7.96350336075,2.78200340271,27.9229717255,73.6702041626,27.3677711487,8.42809677124],[88.5423355103,2.76868391037,2.25240778923,-1.79514551163,-4.07052755356,5.55357885361,1.93478643894,0.275757431984,1.49048447609,9.82175159454,27.3677711487,58.8337974548,28.8091201782],[66.674407959,-11.1106290817,9.45753765106,-1.38414382935,-7.12303972244,2.56646990776,-0.630998015404,-5.76253652573,5.1780371666,8.3104019165,8.42809677124,28.8091201782,61.3615112305]],"icov":[[0.000133176261443,-0.000109758664621,-0.0000500561909575,-0.000204483440029,0.000232179882005,-0.000213930281461,0.000162908385391,-0.000170424042153,-0.0000312284137181,-0.00011933917267,-0.0000830760254757,-0.000071170310548,-0.0000762853524066],[-0.000109758664621,0.00160864379723,0.000916357152164,-0.000164202690939,-0.000452466978459,-0.00011607597844,-0.000687675259542,-0.00021858769469,-0.000493664992973,0.000295998295769,-0.0000415722061007,-0.0000800581401563,0.000235195169807],[-0.0000500561909575,0.000916357152164,0.00407380051911,-0.000618938240223,-0.00024213087454,-0.0000172964264493,-0.00105818838347,-0.000168561455212,0.00034206273267,-0.00101076252759,0.000702752906363,-0.0000801549613243,-0.0004264965537],[-0.000204483440029,-0.000164202690939,-0.000618938240223,0.00615394860506,-0.00189227960072,-0.00184249738231,0.000602422456723,0.000668904394843,0.000211673162994,0.000499857123941,-0.000285022892058,0.000572125078179,0.0000380590063287],[0.000232179882005,-0.000452466978459,-0.00024213087454,-0.00189227960072,0.00884210411459,-0.00245461030863,0.00070904759923,-0.000365851563402,-0.00125929864589,0.00029101758264,-0.000752969586756,0.000418278912548,0.000736336456612],[-0.000213930281461,-0.00011607597844,-0.0000172964264493,-0.00184249738231,-0.00245461030863,0.0113315470517,-0.0041009997949,-0.00142478966154,0.00156234623864,-0.00266934907995,0.00140787672717,-0.000934175855946,-0.000287422008114],[0.000162908385391,-0.000687675259542,-0.00105818838347,0.000602422456723,0.00070904759923,-0.0041009997949,0.00984689127654,-0.00349058094434,0.000459246541141,-0.0000952566770138,0.00101888854988,-0.000475185224786,-0.0000402563309763],[-0.000170424042153,-0.00021858769469,-0.000168561455212,0.000668904394843,-0.000365851563402,-0.00142478966154,-0.00349058094434,0.0143136586994,-0.00592275802046,0.00296245212667,-0.00274947681464,0.00053415336879,0.00173755350988],[-0.0000312284137181,-0.000493664992973,0.00034206273267,0.000211673162994,-0.00125929864589,0.00156234623864,0.000459246541141,-0.00592275802046,0.0196645688266,-0.0097380457446,0.00395331252366,-0.0000167732359841,-0.00174209242687],[-0.00011933917267,0.000295998295769,-0.00101076252759,0.000499857123941,0.00029101758264,-0.00266934907995,-0.0000952566770138,0.00296245212667,-0.0097380457446,0.0208999905735,-0.00819865707308,0.00143633107655,-0.000784075586125],[-0.0000830760254757,-0.0000415722061007,0.000702752906363,-0.000285022892058,-0.000752969586756,0.00140787672717,0.00101888854988,-0.00274947681464,0.00395331252366,-0.00819865707308,0.0202845558524,-0.00920522492379,0.00188646826427],[-0.000071170310548,-0.0000800581401563,-0.0000801549613243,0.000572125078179,0.000418278912548,-0.000934175855946,-0.000475185224786,0.00053415336879,-0.0000167732359841,0.00143633107655,-0.00920522492379,0.0268387552351,-0.0113085079938],[-0.0000762853524066,0.000235195169807,-0.0004264965537,0.0000380590063287,0.000736336456612,-0.000287422008114,-0.0000402563309763,0.00173755350988,-0.00174209242687,-0.000784075586125,0.00188646826427,-0.0113085079938,0.0220526047051]],"mean":[-609.043273926,93.2476882935,11.2389030457,34.1801795959,9.24281215668,15.8400831223,10.2757539749,12.3508167267,3.95486712456,2.12991833687,2.01387095451,1.63844823837,-0.408190459013]},"pitch_salience":{"dmean":0.0679826065898,"dmean2":0.114085420966,"dvar":0.00436476385221,"dvar2":0.011936605908,"max":0.996098041534,"mean":0.534658312798,"median":0.540853261948,"min":0.141821935773,"var":0.0109998350963},"silence_rate_20dB":{"dmean":0,"dmean2":0,"dvar":0,"dvar2":0,"max":1,"mean":1,"median":1,"min":1,"var":0},"silence_rate_30dB":{"dmean":0.0327983871102,"dmean2":0.0656025260687,"dvar":0.0317177399993,"dvar2":0.0802555084229,"max":1,"mean":0.976674854755,"median":1,"min":0,"var":0.0227835737169},"silence_rate_60dB":{"dmean":0.00228010164574,"dmean2":0.00456060329452,"dvar":0.00227525923401,"dvar2":0.00541576836258,"max":1,"mean":0.0565591007471,"median":0,"min":0,"var":0.0533650703728},"spectral_centroid":{"dmean":296.547363281,"dmean2":458.524688721,"dvar":97350.4609375,"dvar2":210582.265625,"max":11658.0927734,"mean":1855.18237305,"median":1746.17028809,"min":310.760650635,"var":1141535.25},"spectral_complexity":{"dmean":4.87994384766,"dmean2":7.28924751282,"dvar":28.1437168121,"dvar2":56.753528595,"max":62,"mean":25.5513858795,"median":25,"min":0,"var":142.791900635},"spectral_contrast_coeffs":{"dmean":[0.0484546981752,0.0424335859716,0.0355683378875,0.0290236789733,0.0215507280082,0.0194445867091],"dmean2":[0.0818039700389,0.0705051198602,0.0586764812469,0.048073489219,0.0353696346283,0.0315007418394],"dvar":[0.00173460575752,0.00114876171574,0.000813754857518,0.000537876039743,0.000323060026858,0.000434835674241],"dvar2":[0.00484526483342,0.00311813829467,0.00213368656114,0.00142210104968,0.000828162708785,0.00107146240771],"max":[-0.248708680272,-0.511875212193,-0.554769098759,-0.602484643459,-0.624552488327,-0.584182202816],"mean":[-0.656171619892,-0.771799504757,-0.788524568081,-0.793158352375,-0.794026076794,-0.749808967113],"median":[-0.65332198143,-0.774112582207,-0.793023943901,-0.795742869377,-0.796067476273,-0.748525559902],"min":[-0.978234291077,-0.998600482941,-0.997307062149,-0.985099673271,-0.986109375954,-0.964735686779],"var":[0.00540051236749,0.00347736687399,0.00305631477386,0.00227909814566,0.00154155795462,0.00183398439549]},"spectral_contrast_valleys":{"dmean":[0.352773815393,0.353883326054,0.281298309565,0.252371013165,0.239803254604,0.227936714888],"dmean2":[0.589034497738,0.587387919426,0.457194894552,0.404029428959,0.373228788376,0.285503685474],"dvar":[0.104844331741,0.123561449349,0.0754465311766,0.0706606134772,0.0987249612808,0.0777183547616],"dvar2":[0.252881348133,0.30249786377,0.163441538811,0.148319631815,0.209851279855,0.131006732583],"max":[-5.07026910782,-4.52836322784,-5.44042110443,-5.69564247131,-5.35650348663,-7.29088449478],"mean":[-6.85406494141,-6.98667764664,-7.31287050247,-7.60378074646,-7.15520954132,-9.54639911652],"median":[-6.43073654175,-6.66491794586,-6.98007202148,-7.2745552063,-6.85608386993,-9.29827880859],"min":[-28.2985782623,-28.0040149689,-27.7844944,-27.7284011841,-27.5666904449,-27.4392528534],"var":[4.9004650116,4.62485551834,4.463514328,4.2046957016,4.25301170349,3.7578663826]},"spectral_decrease":{"dmean":3.84811205123e-9,"dmean2":6.60312426959e-9,"dvar":4.79176729127e-17,"dvar2":1.34118799822e-16,"max":2.01860299309e-11,"mean":-1.04134656453e-8,"median":-9.69027524889e-9,"min":-7.00794799968e-8,"var":4.93050301622e-17},"spectral_energy":{"dmean":0.0150349549949,"dmean2":0.025609375909,"dvar":0.000704804318957,"dvar2":0.00196910719387,"max":0.275557786226,"mean":0.0422611534595,"median":0.0395448505878,"min":1.02045839048e-20,"var":0.000742996227928},"spectral_energyband_high":{"dmean":0.000907730078325,"dmean2":0.00122933951207,"dvar":0.00000321587140206,"dvar2":0.00000600371140536,"max":0.0440845638514,"mean":0.00233973306604,"median":0.00124034460168,"min":7.19717491741e-21,"var":0.0000102968724605},"spectral_energyband_low":{"dmean":0.0120790824294,"dmean2":0.0208589471877,"dvar":0.000603378925007,"dvar2":0.0017026286805,"max":0.245646744967,"mean":0.0256541315466,"median":0.0221643280238,"min":1.30027138369e-23,"var":0.000574161647819},"spectral_energyband_middle_high":{"dmean":0.00183862668928,"dmean2":0.00277792126872,"dvar":0.00000560461330679,"dvar2":0.0000131268561745,"max":0.0540441535413,"mean":0.00564424879849,"median":0.00461935950443,"min":1.18957417425e-21,"var":0.0000206122058444},"spectral_energyband_middle_low":{"dmean":0.00472209230065,"dmean2":0.00816732551903,"dvar":0.0000622178267804,"dvar2":0.000171277322806,"max":0.120459638536,"mean":0.0100063262507,"median":0.00827258452773,"min":1.61915164922e-22,"var":0.0000655518451822},"spectral_entropy":{"dmean":0.108343854547,"dmean2":0.156922072172,"dvar":0.0119033716619,"dvar2":0.0240299813449,"max":9.81829547882,"mean":7.97456884384,"median":7.96658420563,"min":6.41329193115,"var":0.092547878623},"spectral_flux":{"dmean":0.0288934987038,"dmean2":0.0453539974988,"dvar":0.00170676712878,"dvar2":0.00327718327753,"max":0.454970568419,"mean":0.0949886292219,"median":0.083452001214,"min":6.42918010496e-11,"var":0.00313232978806},"spectral_kurtosis":{"dmean":0.664575338364,"dmean2":1.0771279335,"dvar":0.556812524796,"dvar2":1.53298819065,"max":20.3025798798,"mean":2.96176791191,"median":2.9034409523,"min":-1.2752610445,"var":2.10528612137},"spectral_rms":{"dmean":0.00100866227876,"dmean2":0.0016651568003,"dvar":0.00000204335560738,"dvar2":0.00000553046447749,"max":0.0163962449878,"mean":0.00606015650555,"median":0.00621130783111,"min":3.15526402749e-12,"var":0.00000450487959824},"spectral_rolloff":{"dmean":721.095031738,"dmean2":1169.16308594,"dvar":1756387.625,"dvar2":4218000,"max":19616.7480469,"mean":1995.60314941,"median":1119.7265625,"min":64.599609375,"var":7302596},"spectral_skewness":{"dmean":0.147908896208,"dmean2":0.234999462962,"dvar":0.0264398027211,"dvar2":0.0677325874567,"max":3.31403136253,"mean":1.25149083138,"median":1.26805639267,"min":-0.0884143561125,"var":0.10563737154},"spectral_spread":{"dmean":586414.875,"dmean2":842574.1875,"dvar":682414964736,"dvar2":1344244416510,"max":42933416,"mean":5905111.5,"median":5303221,"min":2406026.25,"var":11472994304000},"spectral_strongpeak":{"dmean":0.252806484699,"dmean2":0.444548636675,"dvar":0.285630017519,"dvar2":0.76733237505,"max":10.5075263977,"mean":0.481812536716,"median":0.394549578428,"min":0,"var":0.284375101328},"zerocrossingrate":{"dmean":0.0140749868006,"dmean2":0.0160827040672,"dvar":0.000243150439928,"dvar2":0.000285017245915,"max":0.52685546875,"mean":0.0826088860631,"median":0.06591796875,"min":0.00732421875,"var":0.00396577036008}},"metadata":{"audio_properties":{"analysis_sample_rate":44100,"bit_rate":0,"codec":"flac","downmix":"mix","equal_loudness":0,"length":264.760009766,"lossless":true,"md5_encoded":"a336f054eeab1a8685618e0789591f97","replay_gain":-9.54838943481,"sample_rate":44100},"tags":{"album":["In the Hot Seat"],"albumartist":["Emerson, Lake & Palmer"],"albumartistsort":["Emerson, Lake & Palmer"],"artist":["Emerson, Lake & Palmer"],"artistsort":["Emerson, Lake & Palmer"],"asin":["B000F3T88W"],"barcode":["042282855428"],"catalognumber":["828 554-2"],"date":["1994-09-27"],"discnumber":["1"],"disctotal":["1"],"file_name":"10 - Street War.flac","genre":["Progressive Rock;Plodder;Elp;Radiotsar Approved;Progressive Rock;Classic Rock;Symphonic Rock"],"label":["Victory Music"],"language":["eng"],"musicbrainz_albumartistid":["ad996aef-cc1c-42ac-af5c-619c370f4b8a"],"musicbrainz_albumid":["4f28736e-df08-4f82-b3da-416403be5498"],"musicbrainz_artistid":["ad996aef-cc1c-42ac-af5c-619c370f4b8a"],"musicbrainz_recordingid":["01e06e91-a1da-42ea-a7e6-851a8e5aa48c"],"musicbrainz_releasegroupid":["37350bff-31b4-3cdc-8344-4acd6ce4868e"],"musicbrainz_releasetrackid":["473de74f-db68-3f2b-9d83-1b130dee19e1"],"musicip_puid":["300a2d56-c271-03a0-e560-aca24ff742b9"],"originaldate":["1994-09-27"],"originalyear":["1994"],"producer":["Keith Olsen"],"releasecountry":["GB"],"releasestatus":["official"],"releasetype":["album"],"script":["Latn"],"title":["Street War"],"totaldiscs":["1"],"totaltracks":["16"],"tracknumber":["10"],"tracktotal":["16"]},"version":{"essentia":"2.1-beta2","essentia_build_sha":"2d9f1f26377add8aeb1075a9c2973f962c4f09fd","essentia_git_sha":"v2.1_beta2-1-ge3940c0","extractor":"music 1.0"}},"rhythm":{"beats_count":740,"beats_loudness":{"dmean":0.018469132483,"dmean2":0.0327854231,"dvar":0.000269207230303,"dvar2":0.000814356433693,"max":0.138983473182,"mean":0.0479376763105,"median":0.0469483323395,"min":0,"var":0.000390418892493},"beats_loudness_band_ratio":{"dmean":[0.281269311905,0.1287859