{"lowlevel":{"average_loudness":0.617636859417,"barkbands":{"dmean":[0.00190410972573,0.00512967491522,0.00198645098135,0.00100038805977,0.00260488525964,0.00188552041072,0.000686785962898,0.000649250287097,0.00106466375291,0.000494822801556,0.000237028463744,0.000214064319152,0.000155274494318,0.0000503856826981,0.0000816421597847,0.0000754827924538,0.0000317238700518,0.0000284363541141,0.000024421406124,0.0000320723993354,0.0000372735921701,0.0000245108076342,0.00000886054112925,0.00000335009985974,0.00000205119317798,0.00000533875663677,0.0000368206456187],"dmean2":[0.00314493197948,0.0082195866853,0.00342758093029,0.00171692715958,0.00417306087911,0.00292204623111,0.00109711429104,0.00100762455259,0.00174781261012,0.000774205080234,0.000383196835173,0.000355231168214,0.000252329598879,0.0000825212919153,0.000131804074044,0.000119243042718,0.0000494390078529,0.0000440007133875,0.0000361672973668,0.0000477093162772,0.0000558034917049,0.0000360204358003,0.0000135453547045,0.00000530362967766,0.00000338305039804,0.00000810982692201,0.0000514019084221],"dvar":[0.00000966879815678,0.000064548010414,0.00000981030098046,0.00000249036634159,0.0000166722129507,0.0000132272616611,0.0000013813332771,0.00000276653486253,0.0000052975788094,8.16195949938e-7,1.42911133594e-7,2.39486979581e-7,1.03555976239e-7,7.79208697566e-9,4.69725875973e-8,3.3478986694e-8,5.93391513704e-9,4.78895989531e-9,9.09158526241e-9,1.27024675223e-8,1.70462755023e-8,4.63872806833e-9,3.54061030494e-10,4.18036751049e-11,1.45310126778e-11,1.18269657956e-10,4.9779487199e-9],"dvar2":[0.0000239632699959,0.000161463016411,0.0000291221713269,0.00000688186401021,0.0000423327619501,0.0000296148700727,0.00000344353884429,0.00000613372503722,0.000013989702893,0.00000185771921224,3.63744049992e-7,6.38815720322e-7,2.65166391955e-7,2.01377137188e-8,1.21523129337e-7,7.83965319329e-8,1.42247511548e-8,1.09939852777e-8,2.19726867812e-8,2.92514439337e-8,3.86722014412e-8,9.52736822768e-9,7.77156561327e-10,9.34204727465e-11,3.58984578175e-11,2.58347870874e-10,9.52942347254e-9],"max":[0.0516190193594,0.124187834561,0.045144341886,0.0336043611169,0.0817395448685,0.100004978478,0.0275427196175,0.0477081611753,0.0481816418469,0.0296471714973,0.00913786236197,0.0125527763739,0.0073248972185,0.00195775669999,0.00993543118238,0.00604006415233,0.00221802084707,0.00236998870969,0.00449989316985,0.00505233695731,0.0057735578157,0.00213108980097,0.00053101364756,0.000150534164277,0.0000541665031051,0.000298536819173,0.00236282334663],"mean":[0.00267459033057,0.00740003865212,0.00257367338054,0.00140526890755,0.00514377560467,0.00410667108372,0.00130890461151,0.00119406951126,0.00196020118892,0.000954895163886,0.000439913419541,0.000383164297091,0.000290468742605,0.0000968698223005,0.000186369448784,0.000177161608008,0.0000578096114623,0.0000491996543133,0.0000385718522011,0.0000527751290065,0.0000580116357014,0.0000372429785784,0.0000116650417112,0.00000372889280698,0.00000203997888093,0.00000682628024151,0.000102410514955],"median":[0.00137368484866,0.0037013257388,0.00112385721877,0.000677759875543,0.00280989729799,0.00178116734605,0.000665438594297,0.000358955119736,0.000712116714567,0.000397161318688,0.000242975496803,0.000156436872203,0.000144960358739,0.0000502893853991,0.0000576483907935,0.0000451255946246,0.0000155047837325,0.0000131175338538,0.00000801668466011,0.0000115304183055,0.00000925604399526,0.00000732050557417,0.00000355473525815,0.0000013472279079,6.87596639182e-7,0.00000247916523222,0.0000468550715595],"min":[7.59400105855e-25,2.0205011535e-24,9.39886353373e-25,8.42916711283e-25,5.89171180028e-24,8.30061138148e-24,6.30551352128e-24,4.60457873719e-24,1.40778570978e-23,1.03352390616e-23,1.99078294882e-23,2.65004505137e-23,2.95825142932e-23,3.47920223381e-23,5.73039100734e-23,6.19317341749e-23,5.66203021456e-23,9.1366021504e-23,9.23375321078e-23,1.57125037423e-22,2.23810340128e-22,3.22555126725e-22,4.04972512069e-22,5.92998177782e-22,7.90670261837e-22,1.3540784059e-21,1.84999893155e-21],"var":[0.0000143694287544,0.000101504308986,0.0000135160516948,0.00000411992505178,0.0000460077862954,0.0000527224619873,0.00000339665780302,0.00000885660847416,0.000012122121916,0.00000221986283577,3.23041774664e-7,4.73877889817e-7,2.24104510949e-7,1.83073911586e-8,1.47879063661e-7,1.12854756651e-7,1.64766937871e-8,1.31797239789e-8,2.06449950468e-8,2.71301523469e-8,3.9186371481e-8,1.13751434938e-8,6.21053597438e-10,5.39711435266e-11,1.51273212706e-11,1.80205211864e-10,2.35111787816e-8]},"barkbands_crest":{"dmean":2.66518354416,"dmean2":4.37625932693,"dvar":5.56618881226,"dvar2":14.3293714523,"max":25.872833252,"mean":10.2021179199,"median":9.37511634827,"min":2.40754628181,"var":15.8697423935},"barkbands_flatness_db":{"dmean":0.0292909368873,"dmean2":0.0445968657732,"dvar":0.000695230963174,"dvar2":0.00158865563571,"max":0.437209904194,"mean":0.17851062119,"median":0.175905838609,"min":0.0264356862754,"var":0.00304835243151},"barkbands_kurtosis":{"dmean":4.57087039948,"dmean2":7.51679515839,"dvar":64.4068984985,"dvar2":169.697219849,"max":219.937225342,"mean":9.32507801056,"median":6.76536464691,"min":-1.80416381359,"var":103.13394165},"barkbands_skewness":{"dmean":0.585427224636,"dmean2":0.942905783653,"dvar":0.388252317905,"dvar2":0.982083976269,"max":12.554816246,"mean":2.00672388077,"median":1.8584125042,"min":-2.15184831619,"var":1.24853360653},"barkbands_spread":{"dmean":3.21894574165,"dmean2":4.95291900635,"dvar":23.9616184235,"dvar2":51.3211479187,"max":124.12223053,"mean":12.2150964737,"median":9.96592140198,"min":0.829317569733,"var":87.1567993164},"dissonance":{"dmean":0.0291683375835,"dmean2":0.0488489195704,"dvar":0.000680643192027,"dvar2":0.00185699912254,"max":0.500000059605,"mean":0.444571912289,"median":0.45228651166,"min":0.223772883415,"var":0.0014382484369},"dynamic_complexity":4.03727865219,"erbbands":{"dmean":[0.220446228981,0.942787051201,2.01123976707,2.86571455002,6.33850622177,10.3229475021,7.63626098633,21.1975746155,10.381688118,12.7707519531,14.4041309357,28.9717254639,13.2324972153,16.4473686218,8.79811000824,9.56748962402,7.54211425781,2.77143311501,2.64022874832,5.06287622452,3.32928037643,1.61018908024,1.60908639431,1.27732932568,1.21579456329,1.54441869259,1.57603061199,1.39963269234,0.97554898262,0.478997081518,0.223199725151,0.102988369763,0.0425785444677,0.0234941486269,0.014464606531,0.00954193621874,0.011359423399,0.0124797252938,0.00482776761055,0.0010423300555],"dmean2":[0.357386559248,1.50860309601,3.41480231285,4.95726537704,10.4608106613,16.5761089325,11.7474813461,32.5870285034,16.7596874237,20.7844810486,22.1709346771,47.8989143372,20.7177791595,26.2279663086,14.27688694,15.8717861176,12.2609539032,4.47527551651,4.31280422211,8.0777721405,5.17452144623,2.4606449604,2.4788441658,1.90935266018,1.81581425667,2.29506063461,2.35786437988,2.09130954742,1.43633699417,0.710339188576,0.342844694853,0.160477221012,0.068978920579,0.038650278002,0.0238286182284,0.0154256075621,0.0171677526087,0.0179010108113,0.00677590025589,0.00153802800924],"dvar":[0.128812670708,2.39747238159,9.48251724243,19.6881198883,84.6887283325,368.497070312,178.927581787,1908.61791992,297.077362061,450.786834717,1799.02832031,4100.67333984,725.655761719,861.370666504,217.917922974,532.778991699,224.114715576,23.517572403,24.2948188782,195.874908447,63.0468559265,13.0177164078,15.731801033,16.8931598663,25.8151531219,27.1119060516,35.3413047791,20.9510421753,7.83870458603,1.26417970657,0.216430082917,0.0426320508122,0.00676922919229,0.0018868992338,0.000718350813258,0.000331703602569,0.000615093973465,0.000821740191896,0.000170280676684,0.00000204048956221],"dvar2":[0.323697835207,6.112429142,26.92669487,58.3245429993,222.741378784,933.869995117,405.329071045,4128.34179688,776.988037109,1143.52990723,3917.98999023,10966.140625,1742.84008789,1980.53210449,555.191711426,1433.04443359,583.941894531,60.2557792664,64.4724731445,510.401153564,146.518386841,29.5995464325,36.7000617981,38.612323761,64.139465332,61.2817955017,80.9878463745,46.5528182983,16.2339134216,2.67031383514,0.473566830158,0.0954432040453,0.0154836820439,0.00464986031875,0.00177557580173,0.000773626205046,0.00135843502358,0.00161708670203,0.000344182713889,0.00000439956238552],"max":[5.63631439209,29.3551197052,49.5674362183,98.797088623,187.432235718,459.673522949,326.371704102,1152.3269043,383.922027588,456.104125977,1207.4876709,1301.2142334,883.04296875,792.983703613,348.723724365,618.035461426,359.741607666,90.9024124146,153.584487915,630.04486084,251.742233276,98.3205795288,134.024047852,141.686416626,289.332336426,250.091812134,224.864364624,160.203689575,94.9125747681,35.5608634949,13.1683664322,4.48641252518,1.70367801189,0.620974242687,0.382088810205,0.511733353138,0.726592898369,0.939407646656,0.520814299583,0.0307144057006],"mean":[0.306734442711,1.33254289627,2.85513401031,4.26933574677,10.5150547028,18.974445343,16.4721736908,45.8896713257,22.010892868,21.8636760712,29.7335510254,52.067440033,27.1796398163,30.9874324799,18.0310955048,17.5097770691,14.7592315674,6.18389463425,6.07289648056,12.4029445648,8.02125644684,3.24817800522,2.86540579796,2.10504770279,1.9364798069,2.537129879,2.4593205452,2.16538929939,1.47023308277,0.698381900787,0.292596668005,0.120919153094,0.0446468405426,0.0235306546092,0.0145541420206,0.0103637287393,0.0143499942496,0.0195888243616,0.00958122313023,0.00468945689499],"median":[0.141282320023,0.677395582199,1.45428156853,2.37963914871,5.83605575562,8.52533340454,8.35859203339,16.8132667542,12.307890892,10.3335103989,8.56014156342,17.6019325256,11.1316614151,14.9357843399,10.2765645981,7.07873773575,7.42544651031,3.36509513855,2.94709610939,2.94955897331,2.20049667358,1.02157557011,0.770214676857,0.482302486897,0.412648439407,0.548906683922,0.434885710478,0.344556480646,0.261932909489,0.183645457029,0.0928344577551,0.0411600358784,0.0155793596059,0.00809959787875,0.00506246183068,0.00402884325013,0.00500112446025,0.00492785358801,0.00245122262277,0.00326070655137],"min":[4.98857492661e-23,1.73730041985e-22,1.15836365615e-21,2.90521603298e-21,1.19789670981e-20,2.95915010723e-20,3.30794373721e-20,8.72414725857e-20,8.18764954549e-20,8.13222973692e-20,3.03953668238e-19,3.30918308642e-19,7.65277103847e-19,6.25343114717e-19,1.12514482107e-18,1.34951735543e-18,1.79511779366e-18,1.58738596187e-18,2.51834124196e-18,2.59949220954e-18,3.95974419797e-18,3.92410181256e-18,4.04440199777e-18,4.61210142883e-18,7.21744862955e-18,8.64057151441e-18,7.90988896494e-18,9.9210446211e-18,1.12166104652e-17,1.16881298842e-17,1.13929860514e-17,1.06887658369e-17,9.00165735849e-18,6.48805648183e-18,6.83113170884e-18,4.343939814e-18,2.29287021174e-18,9.56876845735e-19,2.40667061849e-19,2.81218886983e-20],"var":[0.205489560962,3.33200287819,14.1503772736,32.8684158325,178.371459961,919.970458984,524.58190918,8048.14160156,832.553344727,997.775512695,6104.17773438,9015.23925781,1791.62231445,2256.33569336,530.93951416,1051.96081543,520.219238281,66.4489593506,89.0450363159,623.751403809,222.921463013,41.2909088135,40.5060424805,46.0887870789,50.9357910156,60.4599609375,75.8369979858,48.7950630188,18.8577804565,2.74676609039,0.368051081896,0.058161560446,0.00797013565898,0.0019785950426,0.000751673942432,0.000388719781768,0.000877797312569,0.0020283088088,0.000526438059751,0.0000185836179298]},"erbbands_crest":{"dmean":2.5644390583,"dmean2":4.16478776932,"dvar":5.11793279648,"dvar2":12.8839254379,"max":27.9586143494,"mean":9.79698085785,"median":8.82520771027,"min":2.56616044044,"var":18.1386432648},"erbbands_flatness_db":{"dmean":0.026551567018,"dmean2":0.0400307923555,"dvar":0.000543556408957,"dvar2":0.00122148974333,"max":0.373737156391,"mean":0.171138837934,"median":0.169518053532,"min":0.0304619502276,"var":0.0020472179167},"erbbands_kurtosis":{"dmean":1.37480735779,"dmean2":2.18008375168,"dvar":5.90483760834,"dvar2":14.2424516678,"max":62.6528625488,"mean":2.08871817589,"median":0.866945266724,"min":-1.75144577026,"var":20.3525257111},"erbbands_skewness":{"dmean":0.362484812737,"dmean2":0.570722818375,"dvar":0.11443425715,"dvar2":0.270846813917,"max":5.72676992416,"mean":0.715355217457,"median":0.638929367065,"min":-1.95011639595,"var":0.715287208557},"erbbands_spread":{"dmean":5.72020673752,"dmean2":8.61602878571,"dvar":44.2491722107,"dvar2":89.6781463623,"max":108.893615723,"mean":23.5873241425,"median":20.6577262878,"min":1.76073288918,"var":171.296966553},"gfcc":{"cov":[[19932.6445312,894.231628418,-1826.94482422,-203.08140564,-338.717834473,-332.91317749,466.287719727,-311.145782471,233.199630737,-168.072418213,-446.461547852,-23.6100482941,-129.782394409],[894.231628418,1008.1505127,22.8844070435,-387.448974609,98.6720352173,33.4080963135,-8.65358066559,-37.6697120667,47.2224693298,-33.7819442749,55.0508728027,-78.1348342896,104.497070312],[-1826.94482422,22.8844070435,447.451904297,82.1444473267,-47.6590461731,114.178405762,-126.087783813,110.471603394,-68.7599716187,57.3927536011,94.603302002,6.73063611984,16.4695606232],[-203.08140564,-387.448974609,82.1444473267,411.757659912,-13.5410737991,-62.885559082,48.0297355652,-1.40034985542,-5.63523769379,40.3129386902,1.9015673399,81.2656097412,-69.6663513184],[-338.717834473,98.6720352173,-47.6590461731,-13.5410737991,196.578445435,54.8833351135,49.7806968689,-11.8202352524,40.0788002014,-9.94747924805,-2.204662323,-11.8130512238,24.4222507477],[-332.91317749,33.4080963135,114.178405762,-62.885559082,54.8833351135,232.86819458,-46.6968383789,93.9150161743,-35.7082366943,20.0717830658,30.4792518616,-22.0140533447,28.2270088196],[466.287719727,-8.65358066559,-126.087783813,48.0297355652,49.7806968689,-46.6968383789,199.392547607,-54.2610473633,51.9333877563,-22.8978176117,-23.0677890778,23.0592918396,-40.4735107422],[-311.145782471,-37.6697120667,110.471603394,-1.40034985542,-11.8202352524,93.9150161743,-54.2610473633,151.956237793,-1.14137673378,45.0165634155,30.5685367584,-19.2537002563,30.8580207825],[233.199630737,47.2224693298,-68.7599716187,-5.63523769379,40.0788002014,-35.7082366943,51.9333877563,-1.14137673378,113.813606262,27.6908149719,-18.8023014069,7.76996278763,4.77323436737],[-168.072418213,-33.7819442749,57.3927536011,40.3129386902,-9.94747924805,20.0717830658,-22.8978176117,45.0165634155,27.6908149719,83.0171737671,43.5161857605,8.65490818024,12.4409456253],[-446.461547852,55.0508728027,94.603302002,1.9015673399,-2.204662323,30.4792518616,-23.0677890778,30.5685367584,-18.8023014069,43.5161857605,91.7481842041,24.8875827789,12.4870948792],[-23.6100482941,-78.1348342896,6.73063611984,81.2656097412,-11.8130512238,-22.0140533447,23.0592918396,-19.2537002563,7.76996278763,8.65490818024,24.8875827789,74.1347885132,-2.43692708015],[-129.782394409,104.497070312,16.4695606232,-69.6663513184,24.4222507477,28.2270088196,-40.4735107422,30.8580207825,4.77323436737,12.4409456253,12.4870948792,-2.43692708015,79.3950119019]],"icov":[[0.000211636288441,-0.000763296033256,0.00134779489599,-0.000694040209055,0.00092702510301,-0.000567531096749,0.0000936249853112,-0.000466025259811,0.000438468676293,-0.000622232211754,0.000967172847595,-0.000550858618226,0.000509582401719],[-0.000763296033256,0.00524097215384,-0.00577996158972,0.00375542673282,-0.00331385596655,0.00202785036527,-0.000922333972994,0.00363417039625,-0.00419930415228,0.00493427924812,-0.00715143466368,0.00511137535796,-0.00447479216382],[0.00134779489599,-0.00577996158972,0.0135763371363,-0.00716017838567,0.00740081584081,-0.00555808516219,0.00271948543377,-0.00418767519295,0.00289634219371,-0.00271417433396,0.00228704954498,-0.00209849094972,0.00325200334191],[-0.000694040209055,0.00375542673282,-0.00716017838567,0.0106393443421,-0.00726439384744,0.00589895388111,-0.00180174561683,-0.000946417974774,0.0036478000693,-0.00558435311541,0.00408479757607,-0.00733315665275,0.00411856872961],[0.00092702510301,-0.00331385596655,0.00740081584081,-0.00726439384744,0.0144785223529,-0.008011540398,-0.000723554985598,0.00231704209,-0.00560843851417,0.00485791871324,-0.00333226867951,0.00583591591567,-0.00462809065357],[-0.000567531096749,0.00202785036527,-0.00555808516219,0.00589895388111,-0.008011540398,0.0113494014367,-0.000822015979793,-0.00482327770442,0.005552417133,-0.00392932444811,0.00280851707794,-0.00389784062281,0.0023378985934],[0.0000936249853112,-0.000922333972994,0.00271948543377,-0.00180174561683,-0.000723554985598,-0.000822015979793,0.00897922925651,-0.0000360985031875,-0.00330038089305,0.00275458442047,-0.00131287344266,-0.00177117541898,0.00424702558666],[-0.000466025259811,0.00363417039625,-0.00418767519295,-0.000946417974774,0.00231704209,-0.00482327770442,-0.0000360985031875,0.0166940838099,-0.00832632742822,0.00429419940338,-0.00967354886234,0.0116963330656,-0.00930331926793],[0.000438468676293,-0.00419930415228,0.00289634219371,0.0036478000693,-0.00560843851417,0.005552417133,-0.00330038089305,-0.00832632742822,0.0262021720409,-0.0221258662641,0.0205505657941,-0.0157170668244,0.00832578632981],[-0.000622232211754,0.00493427924812,-0.00271417433396,-0.00558435311541,0.00485791871324,-0.00392932444811,0.00275458442047,0.00429419940338,-0.0221258662641,0.0399136990309,-0.0291890110821,0.0183003265411,-0.0119822826236],[0.000967172847595,-0.00715143466368,0.00228704954498,0.00408479757607,-0.00333226867951,0.00280851707794,-0.00131287344266,-0.00967354886234,0.0205505657941,-0.0291890110821,0.0427772812545,-0.0263944230974,0.0130205741152],[-0.000550858618226,0.00511137535796,-0.00209849094972,-0.00733315665275,0.00583591591567,-0.00389784062281,-0.00177117541898,0.0116963330656,-0.0157170668244,0.0183003265411,-0.0263944230974,0.0381335988641,-0.0160863436759],[0.000509582401719,-0.00447479216382,0.00325200334191,0.00411856872961,-0.00462809065357,0.0023378985934,0.00424702558666,-0.00930331926793,0.00832578632981,-0.0119822826236,0.0130205741152,-0.0160863436759,0.0274658855051]],"mean":[-51.0680847168,126.841003418,-71.9572067261,-9.47544288635,-30.1307792664,-12.5529699326,-4.44609880447,-18.4328784943,-2.94998240471,-6.33379888535,-8.21761512756,1.11848855019,-1.22862637043]},"hfc":{"dmean":16.8982105255,"dmean2":26.6172904968,"dvar":595.936462402,"dvar2":1525.47265625,"max":703.214050293,"mean":69.6001434326,"median":47.7926101685,"min":1.07442569174e-16,"var":4448.04541016},"melbands":{"dmean":[0.00167383591179,0.00103185779881,0.000526294170413,0.000611962168477,0.000303561246255,0.000430414162111,0.000153241096996,0.00013591889001,0.000123190344311,0.000181824580068,0.0000640281068627,0.0000703019686625,0.0000308365415549,0.0000247284024226,0.0000196886412596,0.0000124123407659,0.00000508112088937,0.00000409980111726,0.00000610869528828,0.00000679751974531,0.00000349054266735,0.00000178405650786,0.00000168061740169,0.00000131181263896,0.00000106870379568,9.36796197948e-7,9.29361192448e-7,0.0000011203021586,0.00000103334957657,9.51349818479e-7,8.09800212664e-7,6.25515781394e-7,3.8489665144e-7,2.26811408766e-7,1.38575458664e-7,9.21716747371e-8,5.28241983488e-8,3.06759773139e-8,2.32635031239e-8,1.87759372494e-8],"dmean2":[0.00268991291523,0.00171033805236,0.000907959649339,0.000991375069134,0.000470115599455,0.000665118859615,0.000249168573646,0.000220887566684,0.00019029181567,0.000301742897136,0.000100069817563,0.000112348323455,0.0000500968781125,0.0000410016982642,0.0000321950501529,0.0000202797091333,0.00000830287899589,0.00000672332180329,0.00000997712322715,0.0000107691339508,0.00000544181557416,0.00000279100572698,0.00000264485811385,0.00000203259992304,0.00000162946741966,0.0000014208014818,0.00000141768668982,0.00000169593499777,0.00000155664974955,0.0000014589257944,0.00000122513699807,9.36631977311e-7,5.82254358505e-7,3.4038058061e-7,2.15481392729e-7,1.43707396205e-7,8.35255775655e-8,4.9864556928e-8,3.81891034351e-8,3.10027843398e-8],"dvar":[0.00000688196632836,0.00000212924169318,5.77121681999e-7,9.68298763837e-7,2.87022714929e-7,7.42013128274e-7,6.41074677787e-8,5.3253977228e-8,1.07775058211e-7,1.70059948346e-7,1.75164753813e-8,1.62377045143e-8,2.43245179554e-9,2.75498956981e-9,1.85654469576e-9,5.64015112392e-10,7.90231838299e-11,5.36601978129e-11,2.90006130221e-10,2.81596912455e-10,6.53160303621e-11,1.84353348559e-11,1.59564236824e-11,1.10124236119e-11,1.31562347822e-11,1.68898523639e-11,1.11641156389e-11,1.48985719595e-11,1.58472783507e-11,1.40927235159e-11,7.05345113913e-12,3.5433331616e-12,1.03409631119e-12,2.67778204124e-13,8.72781393598e-14,3.64090607164e-14,1.2523299963e-14,3.69118916612e-15,2.02553085083e-15,1.23197808156e-15],"dvar2":[0.0000171594183485,0.00000585889620197,0.00000167960286035,0.00000251192818723,6.6967498924e-7,0.000001637542141,1.67710766164e-7,1.33953150794e-7,2.37245018297e-7,4.57284329514e-7,4.16998098274e-8,3.70757824442e-8,6.27338625492e-9,7.37316030452e-9,4.93895324638e-9,1.47571554976e-9,2.06138536796e-10,1.4325532427e-10,7.66187779888e-10,6.86991574739e-10,1.55502180577e-10,4.37847084978e-11,3.77185643829e-11,2.54951407208e-11,3.14480941288e-11,4.29397281621e-11,2.66750076888e-11,3.46284181885e-11,3.60633155283e-11,3.49292747504e-11,1.62663250924e-11,7.54636544226e-12,2.31988516938e-12,5.82305362783e-13,1.95221714228e-13,8.39962797125e-14,2.84320974425e-14,8.39505873672e-15,4.88941086715e-15,3.05053960811e-15],"max":[0.0371986851096,0.0222902111709,0.0163231529295,0.020842179656,0.0154950777069,0.0229000393301,0.00499688414857,0.00494615221396,0.00895288866013,0.00865715462714,0.00454007135704,0.00347940507345,0.00116065214388,0.00124705338385,0.000979895470664,0.000751244311687,0.000171823136043,0.000213742969208,0.0007138660294,0.000512675032951,0.000320284889312,0.000137175433338,0.000119917451229,0.000109832610178,0.000126657469082,0.00022242977866,0.000149891231558,0.000175694876816,0.000126010228996,0.000182758958545,0.0000835695682326,0.0000617533150944,0.0000353680734406,0.0000150749037857,0.00000841406381369,0.00000316628052133,0.00000301070917885,0.00000118250545711,9.79567971626e-7,5.02876105202e-7],"mean":[0.00252477149479,0.00158451939933,0.000877718208358,0.00111860025208,0.000663189566694,0.000940996571444,0.000321409315802,0.000234803141211,0.00025127796107,0.000319856975693,0.000125438877149,0.000127684368636,0.0000595603960392,0.0000475650194858,0.0000386888350477,0.0000246832387347,0.00000995851132757,0.00000849851676321,0.0000139456569741,0.00001698028791,0.00000752012329031,0.00000330096395373,0.00000287785269393,0.00000218155969378,0.00000164639470768,0.00000143273405229,0.00000139837140978,0.00000177627759967,0.00000156867281476,0.00000140206043397,0.00000119764172268,9.01618705029e-7,5.66553239878e-7,3.10374247192e-7,1.76739263225e-7,1.09917614566e-7,5.80927590477e-8,3.13804449092e-8,2.31679173623e-8,1.84894215494e-8],"median":[0.00134893273935,0.000951658410486,0.000553366728127,0.000593711505644,0.000326530687744,0.000383382866858,0.000175361172296,0.000103459249658,0.0000726644066162,0.000107617888716,0.0000493187581014,0.0000592146534473,0.000034248103475,0.0000206818676816,0.0000163993754541,0.000013242643945,0.00000515675310453,0.0000044151511247,0.00000384114764529,0.00000369726990357,0.0000021439759621,9.23955951748e-7,7.77668844876e-7,5.6659865777e-7,3.51715840452e-7,2.91403381425e-7,2.88646759827e-7,3.77268662533e-7,2.83860543959e-7,2.09701525478e-7,1.85969540212e-7,1.46945922097e-7,1.25862072764e-7,8.82462387608e-8,5.38556150786e-8,3.6022395733e-8,1.92449416403e-8,1.04213517815e-8,7.67690888637e-9,6.04389338577e-9],"min":[7.70933548112e-25,1.31608425831e-24,4.78950341199e-25,1.23537885733e-24,1.30021799753e-24,2.04480595799e-24,1.4672396713e-24,7.95778032068e-25,2.48856822174e-24,2.08453535976e-24,3.32295113436e-24,2.03685029576e-24,3.43080459175e-24,3.27833828916e-24,2.82054692307e-24,3.74527294757e-24,2.49385990069e-24,2.98823626898e-24,3.02713953617e-24,2.51918450512e-24,3.70168838255e-24,2.97419691145e-24,3.11743373867e-24,4.6131714046e-24,3.36255076851e-24,4.03890196485e-24,4.63982543687e-24,4.8319300278e-24,3.88983052516e-24,3.76075039853e-24,5.25829356985e-24,6.01668472261e-24,5.48049517647e-24,5.9487783926e-24,6.04523872637e-24,6.27839839982e-24,6.15313517668e-24,5.6127926723e-24,6.39896395627e-24,4.71156129215e-24],"var":[0.0000112932202683,0.00000331309297508,0.00000104147852653,0.00000229614738601,8.78858600117e-7,0.00000306202332467,1.78607919565e-7,1.26811968926e-7,3.76498292098e-7,3.58519258725e-7,4.13351912698e-8,4.17428047683e-8,5.61766588802e-9,6.03526295606e-9,4.70984984347e-9,1.26689503332e-9,1.92265023347e-10,1.62297966733e-10,8.65774396619e-10,1.0654390703e-9,2.04296968231e-10,5.20994324071e-11,3.80550591039e-11,2.86864698662e-11,3.16944595569e-11,3.24664808926e-11,2.2115025089e-11,3.01421491933e-11,3.15250256455e-11,2.70761243287e-11,1.48145488932e-11,7.87471216707e-12,2.17176515487e-12,5.12626562293e-13,1.42044619881e-13,4.90645596526e-14,1.56009831654e-14,4.29543833025e-15,2.14817804522e-15,1.27222432266e-15]},"melbands_crest":{"dmean":3.82711267471,"dmean2":6.39128255844,"dvar":11.2376461029,"dvar2":30.0987510681,"max":38.8621482849,"mean":14.7519865036,"median":13.581243515,"min":1.61564135551,"var":34.5117683411},"melbands_flatness_db":{"dmean":0.0365301370621,"dmean2":0.0557185634971,"dvar":0.00103352521546,"dvar2":0.00234868912958,"max":0.595894277096,"mean":0.295770347118,"median":0.294980615377,"min":0.00360236619599,"var":0.00510868243873},"melbands_kurtosis":{"dmean":5.68021202087,"dmean2":9.28244018555,"dvar":129.91835022,"dvar2":330.981719971,"max":390.807495117,"mean":9.83507728577,"median":6.0420999527,"min":-1.54728448391,"var":198.915588379},"melbands_skewness":{"dmean":0.65261387825,"dmean2":1.05020427704,"dvar":0.498664021492,"dvar2":1.2508687973,"max":14.9823875427,"mean":2.14987707138,"median":1.93589282036,"min":-0.886372148991,"var":1.58393359184},"melbands_spread":{"dmean":3.02011418343,"dmean2":4.78551673889,"dvar":17.4459056854,"dvar2":42.0686416626,"max":154.279663086,"mean":12.0267972946,"median":9.62355327606,"min":0.71585470438,"var":168.40562439},"mfcc":{"cov":[[9211.78320312,714.985778809,-984.032165527,421.733428955,-689.373413086,262.230895996,-333.629180908,213.21975708,211.78237915,125.188232422,-102.415878296,-55.2794723511,-10.0528697968],[714.985778809,1548.54541016,-28.9223880768,-329.342681885,65.0074691772,13.4416999817,28.2258281708,-40.3778266907,82.5691070557,7.39018297195,-4.98142242432,-10.9195308685,33.3612632751],[-984.032165527,-28.9223880768,497.282684326,-38.1921005249,128.010009766,-85.9679946899,72.8525085449,-35.6997718811,-71.4089126587,-3.708953619,38.1711883545,23.7118377686,-3.40083551407],[421.733428955,-329.342681885,-38.1921005249,432.128692627,-113.816200256,58.0591506958,-59.3366203308,36.4763412476,-38.238658905,-3.21433925629,1.16693937778,22.3276863098,1.4049333334],[-689.373413086,65.0074691772,128.010009766,-113.816200256,239.885452271,-16.6430053711,67.1522750854,-29.5909156799,24.7724971771,-1.47107458115,14.6834230423,8.63433837891,30.1785945892],[262.230895996,13.4416999817,-85.9679946899,58.0591506958,-16.6430053711,142.335083008,9.99322509766,44.6930809021,7.11693334579,2.3157286644,-4.47254419327,1.35796046257,11.8043804169],[-333.629180908,28.2258281708,72.8525085449,-59.3366203308,67.1522750854,9.99322509766,134.402740479,19.8941707611,-8.6488161087,-8.95038986206,22.6042957306,10.0722122192,-3.1326417923],[213.21975708,-40.3778266907,-35.6997718811,36.4763412476,-29.5909156799,44.6930809021,19.8941707611,91.7689743042,10.7913017273,7.15861845016,-4.31442594528,0.737176716328,-2.80455732346],[211.78237915,82.5691070557,-71.4089126587,-38.238658905,24.7724971771,7.11693334579,-8.6488161087,10.7913017273,106.279090881,34.7803459167,0.878790140152,-7.41510820389,18.7075366974],[125.188232422,7.39018297195,-3.708953619,-3.21433925629,-1.47107458115,2.3157286644,-8.95038986206,7.15861845016,34.7803459167,76.0498809814,20.4455032349,5.56177520752,4.92463541031],[-102.415878296,-4.98142242432,38.1711883545,1.16693937778,14.6834230423,-4.47254419327,22.6042957306,-4.31442594528,0.878790140152,20.4455032349,65.7448577881,27.2791919708,3.19844961166],[-55.2794723511,-10.9195308685,23.7118377686,22.3276863098,8.63433837891,1.35796046257,10.0722122192,0.737176716328,-7.41510820389,5.56177520752,27.2791919708,52.8105278015,17.6986503601],[-10.0528697968,33.3612632751,-3.40083551407,1.4049333334,30.1785945892,11.8043804169,-3.1326417923,-2.80455732346,18.7075366974,4.92463541031,3.19844961166,17.6986503601,58.8823432922]],"icov":[[0.000192097795662,-0.000128280938952,0.000184511358384,-0.000147317739902,0.000353789684596,-0.0000558410356462,0.000158540336997,-0.000223057533731,-0.000196631313884,-0.000188708858332,0.0000889931325219,0.0000109021939352,0.0000174720189534],[-0.000128280938952,0.000912122835871,-0.000218358603888,0.000774938322138,0.0000364771185559,-0.000416611874243,-0.000125498336274,0.000564748363104,-0.000422070734203,0.000312792544719,0.00000814320446807,-0.000138394607347,-0.000335650518537],[0.000184511358384,-0.000218358603888,0.00354089750908,-0.000531526806299,-0.00148512574378,0.00191673962399,-0.000786411168519,-0.000418226409238,0.00260818377137,-0.00127522274852,-0.000707594968844,-0.00000346105252902,0.00000503941055285],[-0.000147317739902,0.000774938322138,-0.000531526806299,0.00381362508051,0.00102308113128,-0.00151956477202,0.00131499220151,-0.000379834091291,0.000543065718375,0.000530497578438,-0.000312699965434,-0.00137873773929,-0.000539259868674],[0.000353789684596,0.0000364771185559,-0.00148512574378,0.00102308113128,0.00800664070994,-0.00111025338992,-0.00242611719295,0.00212147273123,-0.00324695534073,0.000634539523162,0.000502124836203,-0.00000277076628663,-0.00302741583437],[-0.0000558410356462,-0.000416611874243,0.00191673962399,-0.00151956477202,-0.00111025338992,0.010254192166,-0.00140731898136,-0.00398293556646,0.00169152347371,-0.000623274652753,-0.000172287356691,0.000992459594272,-0.0021520156879],[0.000158540336997,-0.000125498336274,-0.000786411168519,0.00131499220151,-0.00242611719295,-0.00140731898136,0.0117143969983,-0.00424439553171,0.000708324776497,0.00212775124237,-0.0036674789153,-0.000696605478879,0.00197361595929],[-0.000223057533731,0.000564748363104,-0.000418226409238,-0.000379834091291,0.00212147273123,-0.00398293556646,-0.00424439553171,0.015736522153,-0.00253579416312,-0.0010370548116,0.00254966388457,-0.00132676144131,0.00101442215964],[-0.000196631313884,-0.000422070734203,0.00260818377137,0.000543065718375,-0.00324695534073,0.00169152347371,0.000708324776497,-0.00253579416312,0.0160653404891,-0.00637987302616,-0.000882734311745,0.00340493023396,-0.00396085204557],[-0.000188708858332,0.000312792544719,-0.00127522274852,0.000530497578438,0.000634539523162,-0.000623274652753,0.00212775124237,-0.0010370548116,-0.00637987302616,0.0183115899563,-0.0061267176643,-0.0000621642830083,0.00041473438614],[0.0000889931325219,0.00000814320446807,-0.000707594968844,-0.000312699965434,0.000502124836203,-0.000172287356691,-0.0036674789153,0.00254966388457,-0.000882734311745,-0.0061267176643,0.0235964078456,-0.0114154908806,0.00262303533964],[0.0000109021939352,-0.000138394607347,-0.00000346105252902,-0.00137873773929,-0.00000277076628663,0.000992459594272,-0.000696605478879,-0.00132676144131,0.00340493023396,-0.0000621642830083,-0.0114154908806,0.0291631203145,-0.00940707791597],[0.0000174720189534,-0.000335650518537,0.00000503941055285,-0.000539259868674,-0.00302741583437,-0.0021520156879,0.00197361595929,0.00101442215964,-0.00396085204557,0.00041473438614,0.00262303533964,-0.00940707791597,0.0232344772667]],"mean":[-712.688659668,186.420623779,9.37195205688,20.7761535645,-8.28633403778,15.8894968033,-4.17807149887,3.67506694794,2.57176303864,-0.386839568615,-4.21947193146,0.860371232033,2.68861746788]},"pitch_salience":{"dmean":0.0729982703924,"dmean2":0.119239747524,"dvar":0.0040825502947,"dvar2":0.0106552531943,"max":0.827855229378,"mean":0.582272052765,"median":0.601014256477,"min":0.0522345937788,"var":0.0135353514925},"silence_rate_20dB":{"dmean":0,"dmean2":0,"dvar":0,"dvar2":0,"max":1,"mean":1,"median":1,"min":1,"var":0},"silence_rate_30dB":{"dmean":0.0113174179569,"dmean2":0.0226368382573,"dvar":0.011190331541,"dvar2":0.0270798392594,"max":1,"mean":0.987887918949,"median":1,"min":0,"var":0.0119649339467},"silence_rate_60dB":{"dmean":0.0072502209805,"dmean2":0.0145017243922,"dvar":0.00719843897969,"dvar2":0.0171240959316,"max":1,"mean":0.0466802231967,"median":0,"min":0,"var":0.0445031188428},"spectral_centroid":{"dmean":124.599281311,"dmean2":185.242172241,"dvar":49024.671875,"dvar2":92175.7578125,"max":11687.828125,"mean":715.502502441,"median":534.102783203,"min":194.347946167,"var":967253.625},"spectral_complexity":{"dmean":2.21114063263,"dmean2":3.54213452339,"dvar":5.4050860405,"dvar2":11.669002533,"max":56,"mean":13.9397935867,"median":13,"min":0,"var":50.087890625},"spectral_contrast_coeffs":{"dmean":[0.0526215918362,0.0470320731401,0.0364338085055,0.0276108775288,0.0238732155412,0.0418891310692],"dmean2":[0.0872809439898,0.0782545879483,0.0605487525463,0.0454911701381,0.0390907414258,0.0631548687816],"dvar":[0.00174013222568,0.00131856417283,0.000810969213489,0.000495849235449,0.000450560386525,0.001703826827],"dvar2":[0.0047832406126,0.00363336410373,0.00226426264271,0.00132223637775,0.00114824669436,0.00354398600757],"max":[-0.347410410643,-0.48213455081,-0.536276459694,-0.602391958237,-0.693002641201,-0.380700558424],"mean":[-0.667828083038,-0.74514234066,-0.786554157734,-0.81158965826,-0.854443311691,-0.770322680473],"median":[-0.669505476952,-0.747689008713,-0.787057995796,-0.810147881508,-0.850754499435,-0.785563707352],"min":[-0.981924653053,-0.981671631336,-0.982474684715,-0.994367063046,-0.984151542187,-0.964459180832],"var":[0.00698319869116,0.00436770170927,0.00333788874559,0.00242754537612,0.00162561214529,0.00738834263757]},"spectral_contrast_valleys":{"dmean":[0.381525754929,0.324438631535,0.284327924252,0.300067037344,0.441755086184,0.657136261463],"dmean2":[0.630853593349,0.530031442642,0.46273830533,0.471651017666,0.653428077698,1.0538841486],"dvar":[0.114085316658,0.0854623243213,0.0767529010773,0.0970729887486,0.190820068121,0.329499959946],"dvar2":[0.26581466198,0.18775446713,0.159539863467,0.199275761843,0.400118947029,0.800153553486],"max":[-5.15657806396,-4.46062803268,-5.31759023666,-6.10101890564,-5.75161123276,-9.06058692932],"mean":[-6.99282932281,-6.59080886841,-7.22794675827,-8.15882205963,-8.56882381439,-11.4956684113],"median":[-6.69801855087,-6.30970859528,-6.91748905182,-7.88593530655,-8.29503250122,-11.2852096558],"min":[-28.3186244965,-28.3219642639,-27.9153385162,-27.689868927,-27.5053405762,-27.4060115814],"var":[4.12379837036,4.46174907684,4.33211898804,4.01816701889,3.94067955017,2.94947075844]},"spectral_decrease":{"dmean":2.3713642161e-9,"dmean2":3.76877462571e-9,"dvar":8.07782234572e-18,"dvar2":1.9953727192e-17,"max":4.44401848654e-10,"mean":-7.16402848155e-9,"median":-5.82223869117e-9,"min":-4.642616247e-8,"var":3.18970671106e-17},"spectral_energy":{"dmean":0.00928846746683,"dmean2":0.0146331256256,"dvar":0.000122938188724,"dvar2":0.000299222476315,"max":0.221826523542,"mean":0.033351521939,"median":0.0270719528198,"min":9.73678499563e-21,"var":0.000655933690723},"spectral_energyband_high":{"dmean":0.000116997849545,"dmean2":0.000167253616382,"dvar":9.11001549753e-8,"dvar2":1.82324455977e-7,"max":0.0106290662661,"mean":0.000219499095692,"median":0.0000623987289146,"min":7.03700076219e-21,"var":2.76884037476e-7},"spectral_energyband_low":{"dmean":0.00696870870888,"dmean2":0.0113432314247,"dvar":0.0000873768731253,"dvar2":0.000223481925786,"max":0.127567410469,"mean":0.0125204101205,"median":0.00893916003406,"min":1.79185116119e-23,"var":0.000161861797096},"spectral_energyband_middle_high":{"dmean":0.000754840497393,"dmean2":0.00116019125562,"dvar":0.00000132757702431,"dvar2":0.0000031050274174,"max":0.0331165082753,"mean":0.00255236192606,"median":0.0015577042941,"min":1.16627054153e-21,"var":0.00000844947953738},"spectral_energyband_middle_low":{"dmean":0.00450486782938,"dmean2":0.00706093199551,"dvar":0.0000398235970351,"dvar2":0.0000942542392295,"max":0.143799141049,"mean":0.0153761496767,"median":0.0100280856714,"min":1.66870423098e-22,"var":0.000264658592641},"spectral_entropy":{"dmean":0.261295080185,"dmean2":0.388147979975,"dvar":0.0599305070937,"dvar2":0.130668401718,"max":9.82192325592,"mean":7.06041622162,"median":7.04006052017,"min":4.86143922806,"var":0.290835469961},"spectral_flux":{"dmean":0.0196630656719,"dmean2":0.0322085469961,"dvar":0.000451285741292,"dvar2":0.00117651128676,"max":0.292147129774,"mean":0.0862454548478,"median":0.0823322534561,"min":6.35331509624e-11,"var":0.00178122986108},"spectral_kurtosis":{"dmean":8.56676101685,"dmean2":13.2439937592,"dvar":147.195617676,"dvar2":361.773529053,"max":248.258239746,"mean":21.6540985107,"median":17.6468811035,"min":-1.2577444315,"var":276.684753418},"spectral_rms":{"dmean":0.000764479336794,"dmean2":0.0011904501589,"dvar":5.94757295858e-7,"dvar2":0.00000141026941947,"max":0.0147110885009,"mean":0.00524177961051,"median":0.00513922749087,"min":3.08209382495e-12,"var":0.00000506193237015},"spectral_rolloff":{"dmean":2608.86889648,"dmean2":5019.98486328,"dvar":38228920,"dvar2":99015976,"max":22050,"mean":3550.52075195,"median":818.26171875,"min":21.533203125,"var":46365260},"spectral_skewness":{"dmean":0.643265426159,"dmean2":0.950349032879,"dvar":0.514597177505,"dvar2":1.19803500175,"max":12.5688352585,"mean":3.27515864372,"median":3.14379525185,"min":-0.0693299919367,"var":1.58709645271},"spectral_spread":{"dmean":648190.0625,"dmean2":986258.75,"dvar":456915419136,"dvar2":889285181440,"max":42460760,"mean":3799488.5,"median":3432278.25,"min":859787.0625,"var":11491356966900},"spectral_strongpeak":{"dmean":0.538844108582,"dmean2":0.96348297596,"dvar":9.40468978882,"dvar2":26.9432373047,"max":87.6034545898,"mean":0.639831364155,"median":0.282299339771,"min":0,"var":6.086414814},"zerocrossingrate":{"dmean":0.0285466667265,"dmean2":0.0377930290997,"dvar":0.000598420505412,"dvar2":0.00100902398117,"max":0.64599609375,"mean":0.183201178908,"median":0.17822265625,"min":0.01025390625,"var":0.00480630807579}},"metadata":{"audio_properties":{"analysis_sample_rate":44100,"bit_rate":192000,"codec":"mp3","downmix":"mix","equal_loudness":0,"length":262.608978271,"lossless":false,"md5_encoded":"afdeec56f09b8cbabb6fb6f241d9c48e","replay_gain":-5.55180740356,"sample_rate":44100},"tags":{"album":["Reveal"],"albumartist":["R.E.M."],"albumartistsort":["R.E.M."],"artist":["R.E.M."],"artistsort":["R.E.M."],"asin":["B00005BL29"],"composer":["Michael Stipe","Mike Mills","Peter Buck"],"date":["2001-05-14"],"file_name":"07 Beat a Drum.mp3","genre":["Alternative Rock"],"musicbrainz album release country":["DE"],"musicbrainz album status":["official"],"musicbrainz album type":["album"],"musicbrainz_albumartistid":["ea4dfa26-f633-4da6-a52a-f49ea4897b58"],"musicbrainz_albumid":["167ef62c-43b5-4d2a-b932-1c0d0d619087"],"musicbrainz_artistid":["ea4dfa26-f633-4da6-a52a-f49ea4897b58"],"musicbrainz_recordingid":["02842e63-f40c-47b6-91e3-896999862802"],"musicip_puid":["abc4d655-1273-8a1c-5d5a-e9a480d36326"],"title":["Beat a Drum"],"tracknumber":["7/12"]},"version":{"essentia":"2.1-beta1","essentia_build_sha":"ec322331fa6aaecceef5ae0ec8bb6dd0710d66ba","essentia_git_sha":"v2.1_beta1-28-g21ef5f4","extractor":"music 1.0"}},"rhythm":{"beats_count":472,"beats_loudness":{"dmean":0.0213239584118,"dmean2":0.0382964015007,"dvar":0.000387284817407,"dvar2":0.00119824777357,"max":0.140836805105,"mean":0.0411554202437,"median":0.0374902486801,"min":0,"var":0.000778076588176},"beats_loudness_band_ratio":{"dmean":[0.230429410934,0.182434678078,0.0857820659876,0.0548968948424,0.0120705300942,0.0513407252729],"dmean2":[0.419510304928,0.328607320786,0.151065707207,0.0973326191306,0.0214801356196,0.0916920825839],"dvar":[0.0321154184639,0.0246121920645,0.00774696143344,0.0033263831865,0.000146499281982,0.00191952683963],"dvar2":[0.104472450912,0.0765047594905,0.0218545626849,0.0101805664599,0