{"lowlevel":{"average_loudness":0.484701246023,"barkbands":{"dmean":[0.0000567620372749,0.0012934707338,0.000445282494184,0.000428906001616,0.00186405936256,0.00106859137304,0.00042246983503,0.000608737696894,0.000743224809412,0.000606782385148,0.000184108968824,0.000228126795264,0.00016307484475,0.000418285751948,0.000167002726812,0.000159615388839,0.000124957543449,0.000111963228846,0.0000753661588533,0.00012427821639,0.000106237828732,0.000160615265486,0.000256294006249,0.000215491134441,0.000195870001335,0.0000716724971426,0.0000263408801402],"dmean2":[0.0000958520686254,0.00204717484303,0.000744738499634,0.000748325954191,0.00315925129689,0.00164472335018,0.000647134147584,0.000971067638602,0.00114866707008,0.000946669548284,0.000284045672743,0.00035319221206,0.00026382211945,0.000674636627082,0.000262057496002,0.00024658816983,0.000200266527827,0.000177592082764,0.000119879026897,0.000206425480428,0.00017657582066,0.000267366674962,0.000448260892881,0.000369470013538,0.00034003923065,0.000118285883218,0.000042664254579],"dvar":[1.10295435007e-8,0.0000197104982362,0.00000195693951355,5.69623409774e-7,0.00000771546183387,0.00000715732130629,0.00000251858068623,0.00000535269873581,0.00000866343089001,0.00000598391488893,5.49712012798e-7,8.71049621765e-7,6.23344419637e-7,0.00000249456525125,3.44492349313e-7,5.80888752211e-7,1.58553930873e-7,8.7913214486e-8,4.00592448102e-8,1.58169868314e-7,1.33728264018e-7,3.85411340176e-7,0.00000156709984367,7.1234171628e-7,3.03698925563e-7,3.21682911419e-8,6.78685285749e-9],"dvar2":[2.62376982363e-8,0.0000442577547801,0.00000537514279131,0.00000177132585577,0.0000204014049814,0.0000174118613359,0.00000620740047452,0.000013027811292,0.0000196424625756,0.0000143630168168,0.00000124605583096,0.00000210298867387,0.00000161482364547,0.00000668394068271,8.36524179704e-7,0.0000014279065681,3.79412057327e-7,2.05667802788e-7,9.96063747039e-8,4.13447224901e-7,3.41587053754e-7,9.81740527095e-7,0.00000426381438956,0.00000183155214017,7.79046047228e-7,7.46962811604e-8,1.67074762913e-8],"max":[0.00178524502553,0.0628459602594,0.0231862589717,0.0139106549323,0.0585577525198,0.0785985216498,0.0569887198508,0.0929641127586,0.0787328854203,0.0644827708602,0.0347976982594,0.0370776318014,0.0363985896111,0.0307673178613,0.0178338456899,0.0260459072888,0.0151337012649,0.00635659089312,0.00726040638983,0.00568294059485,0.00497118104249,0.00709182024002,0.0152626112103,0.00991199258715,0.00547070521861,0.00172644120175,0.000838352774736],"mean":[0.0000863567329361,0.00204296689481,0.000725780206267,0.000685617793351,0.00360831222497,0.00212406227365,0.000837890373077,0.000893015239853,0.00122921005823,0.00100241042674,0.00031330078491,0.000371793779777,0.000243804170168,0.000660277262796,0.000243076166953,0.000260393571807,0.00021187987295,0.00019478140166,0.000111414228741,0.000166188925505,0.000123568082927,0.000167583944858,0.000198005509446,0.000169745631865,0.000145258643897,0.0000602507243457,0.0000218135846808],"median":[0.0000372520735255,0.000705803569872,0.000314869219437,0.000344436848536,0.00221762456931,0.000819397333544,0.000261397828581,0.000178419199074,0.000165479810676,0.0000732347907615,0.000062262362917,0.0000621861836407,0.000058636040194,0.0000625774482614,0.0000381970057788,0.0000343672400049,0.0000304016812152,0.0000281736356555,0.0000187417954294,0.0000121731800391,0.0000109060993054,0.0000135286445584,0.0000103408847281,0.00000695787412042,0.00000698119902154,0.00000309315191771,3.40097983553e-7],"min":[2.65488672462e-25,2.39530474679e-24,9.99223977626e-25,3.09568878782e-24,6.43110057182e-24,1.27613421215e-23,1.49653193053e-23,1.08728840562e-23,1.68233013073e-23,1.41178207913e-23,1.94368101081e-23,1.93443051229e-23,1.03184308023e-23,4.14772019913e-23,5.98730912022e-23,9.17275848558e-23,9.06782420797e-23,9.79676639428e-23,1.26977171762e-22,1.62346135412e-22,2.08739259818e-22,3.07410461471e-22,4.30073081575e-22,5.31106599783e-22,8.69987815098e-22,1.3196098544e-21,2.05884729399e-21],"var":[1.77599996931e-8,0.0000258251529885,0.00000187816442576,8.90941578291e-7,0.0000195082138816,0.0000144364285006,0.00000383265296477,0.00000767829624237,0.0000146278707689,0.0000144997720781,0.00000116457420063,0.00000171279816641,7.3451320759e-7,0.00000511895586897,5.84976703522e-7,0.00000112125678697,3.71783670516e-7,2.02417936634e-7,6.23002733846e-8,2.04303773899e-7,1.24290025383e-7,3.20366439155e-7,0.00000104101297893,5.33906245437e-7,2.29652698636e-7,3.09634167195e-8,6.11292305663e-9]},"barkbands_crest":{"dmean":2.79509925842,"dmean2":4.63617706299,"dvar":6.32298183441,"dvar2":15.9162311554,"max":26.4008808136,"mean":10.6001415253,"median":9.82381629944,"min":2.88637280464,"var":17.1987819672},"barkbands_flatness_db":{"dmean":0.0298454277217,"dmean2":0.0431457683444,"dvar":0.000959007244091,"dvar2":0.00184184417594,"max":0.415995180607,"mean":0.148917257786,"median":0.138915121555,"min":0.0252436045557,"var":0.00362390722148},"barkbands_kurtosis":{"dmean":4.58554410934,"dmean2":7.50808668137,"dvar":69.9183654785,"dvar2":170.293243408,"max":249.684570313,"mean":6.71946716309,"median":3.87816596031,"min":-1.92793321609,"var":160.164382935},"barkbands_skewness":{"dmean":0.709240913391,"dmean2":1.1229596138,"dvar":0.635348141193,"dvar2":1.53344023228,"max":13.6501560211,"mean":1.72059106827,"median":1.69879317284,"min":-13.3868255615,"var":2.0723593235},"barkbands_spread":{"dmean":10.4004631042,"dmean2":16.9303817749,"dvar":271.938079834,"dvar2":600.304077148,"max":121.867477417,"mean":20.5366249084,"median":13.534444809,"min":0.70396822691,"var":405.983123779},"dissonance":{"dmean":0.0197997111827,"dmean2":0.032719001174,"dvar":0.000341809092788,"dvar2":0.000900098471902,"max":0.500000059605,"mean":0.45435115695,"median":0.459272682667,"min":0.123336270452,"var":0.000790660444181},"dynamic_complexity":5.84983682632,"erbbands":{"dmean":[0.0344258733094,0.321609377861,0.580330848694,0.876523375511,4.37380313873,6.1376748085,10.7990159988,7.47380828857,6.45782852173,6.6440243721,15.6522569656,14.7621669769,19.944896698,10.4225378036,6.60284376144,7.80740594864,6.95466995239,13.968454361,15.5335474014,8.15896129608,7.86074399948,7.35452985764,6.45784664154,4.19327068329,3.7663424015,6.07178640366,4.46189308167,4.96449708939,5.76184606552,6.97362709045,6.50231552124,4.11157417297,3.75907325745,2.42635250092,1.32605242729,0.405172437429,0.126619771123,0.0358550325036,0.00473819673061,0.000157783259056],"dmean2":[0.0511870160699,0.521273314953,0.970064580441,1.53148794174,7.77301263809,10.3172073364,16.4524478912,11.8305692673,9.85892963409,10.5491352081,24.3829345703,22.6392936707,31.4367351532,15.9213876724,9.94639110565,12.0545158386,11.089969635,22.5867958069,24.7649307251,12.5026330948,11.880941391,11.6022891998,10.1371040344,6.7063035965,5.94746685028,10.2469501495,7.51454305649,8.15038776398,9.64590835571,12.175942421,11.1271886826,6.99120664597,6.53026676178,4.21687555313,2.29521799088,0.692682266235,0.208211764693,0.0582503899932,0.00772515125573,0.0002546881733],"dvar":[0.0141774266958,1.27918958664,3.69231414795,2.64552378654,44.0707740784,98.901260376,639.481018066,481.33883667,448.632049561,480.126098633,3332.25952148,4204.11474609,6712.11621094,1642.22631836,1065.16906738,980.509887695,789.755981445,3070.31103516,3100.80249023,906.150634766,1209.14794922,584.741210938,331.918243408,93.6509170532,124.75869751,453.523712158,239.813339233,303.536834717,479.63861084,1187.67663574,877.805603027,285.896636963,203.085357666,62.8012771606,11.5936088562,1.09003293514,0.0980217605829,0.0105705084279,0.000220405388973,2.16336189851e-7],"dvar2":[0.0261308662593,3.16907930374,9.76520252228,7.90497493744,143.184753418,257.524475098,1470.39929199,1232.60998535,1127.29821777,1203.58312988,7679.41357422,9197.62304688,16626.4179688,3811.67675781,2222.734375,2331.8996582,2014.80102539,8317.95800781,8054.35302734,2188.4296875,2876.55395508,1400.17248535,765.763244629,231.530349731,300.039611816,1229.57409668,624.540466309,767.393676758,1240.16638184,3245.89794922,2295.91870117,729.983093262,533.411865234,161.611785889,29.762928009,2.71679782867,0.230166748166,0.0255156438798,0.000548738462385,5.26331291439e-7],"max":[1.59538316727,14.9818954468,29.9948272705,26.7884635925,81.4559173584,189.209197998,863.34552002,945.721496582,587.360351563,611.474304199,2161.77172852,2352.46777344,2182.18212891,1941.26757813,1702.67297363,1230.75231934,922.853271484,1514.86950684,1297.63659668,978.001098633,1167.80236816,1068.86218262,428.960449219,172.126541138,498.773590088,278.401641846,183.870559692,258.617034912,255.600524902,434.331939697,344.307403564,196.074523926,168.282470703,88.3523178101,36.2735900879,9.57155036926,3.45897126198,1.09207522869,0.155587598681,0.00509937340394],"mean":[0.057102009654,0.45395809412,0.933330357075,1.57790970802,6.83702707291,11.4190673828,20.834066391,14.7219791412,13.6104059219,11.0516757965,25.3045578003,24.4626693726,32.7351112366,20.1466464996,12.2955913544,13.1828536987,11.6750841141,23.7985687256,24.834028244,13.2872552872,14.2304096222,13.074379921,11.4863090515,6.88289260864,6.2252497673,7.80190324783,5.18657445908,5.75969982147,6.12140035629,5.67127037048,5.27466344833,3.39274573326,2.82755494118,1.77801334858,0.991096258163,0.318200170994,0.105462834239,0.0300132129341,0.00389045197517,0.00014667135838],"median":[0.0225308090448,0.144319236279,0.379855453968,0.957209408283,4.10414266586,6.62061882019,8.91806411743,5.62025785446,4.79066801071,3.24974036217,5.53805303574,3.49874520302,3.24532866478,2.57958841324,2.89417695999,2.53397727013,2.82444047928,3.24773979187,2.80993962288,2.28431034088,2.05252146721,1.95890128613,1.76209700108,1.14009213448,0.874778032303,0.576501905918,0.464852660894,0.443198889494,0.501237988472,0.386824190617,0.276020050049,0.156000763178,0.107407100499,0.0648167282343,0.0542372427881,0.018548367545,0.00409099413082,0.000662143109366,0.000075282601756,0.0000234456401813],"min":[7.36807003311e-23,5.04152245015e-22,2.81215599264e-21,9.93887071227e-21,1.40899279824e-20,2.70959213981e-20,7.39429803505e-20,1.12341273072e-19,2.32616552387e-19,1.89159248888e-19,3.16406407071e-19,3.43252347057e-19,4.15273050136e-19,1.20760459518e-18,1.00263058356e-18,9.84595668061e-19,7.67418571055e-19,2.28329497577e-18,2.72815002086e-18,4.88797650288e-18,4.98552467175e-18,4.96111167674e-18,5.43266749162e-18,6.45261716925e-18,8.27655662379e-18,7.23315678938e-18,9.53358495038e-18,9.62948992496e-18,1.0620137143e-17,1.28282924795e-17,1.25330981886e-17,1.15254854962e-17,7.69852198456e-18,7.56893586979e-18,6.35193150432e-18,4.71712234736e-18,2.39038777493e-18,1.10392257188e-18,2.73638765409e-19,2.7042789584e-20],"var":[0.0202806051821,1.41325175762,3.65849781036,3.79915761948,65.8783111572,223.059173584,1333.13000488,807.353210449,819.799499512,715.43762207,5527.9765625,6618.15429688,11928.7958984,4732.39306641,2479.18554688,1956.64807129,1109.15222168,6137.52685547,6275.45605469,1563.65100098,2579.81762695,1344.38708496,740.300415039,196.103286743,226.485122681,506.870697021,215.291824341,286.43927002,395.054229736,780.692321777,640.754150391,221.376968384,144.800338745,46.5921859741,8.87495326996,0.895580589771,0.0960197523236,0.00998105853796,0.000193152663996,1.93435141682e-7]},"erbbands_crest":{"dmean":2.58923697472,"dmean2":4.22938919067,"dvar":5.89039707184,"dvar2":14.9391593933,"max":27.8532543182,"mean":8.99262714386,"median":8.13694953918,"min":2.47235655785,"var":15.3445615768},"erbbands_flatness_db":{"dmean":0.0282846167684,"dmean2":0.0386589467525,"dvar":0.000882395135704,"dvar2":0.00163239787798,"max":0.291938990355,"mean":0.156437858939,"median":0.161261364818,"min":0.0338139683008,"var":0.00249449396506},"erbbands_kurtosis":{"dmean":1.21084451675,"dmean2":1.98627591133,"dvar":2.40805459023,"dvar2":6.07793712616,"max":25.2805709839,"mean":0.653212189674,"median":0.101309224963,"min":-1.84634113312,"var":4.51434421539},"erbbands_skewness":{"dmean":0.492329508066,"dmean2":0.768116235733,"dvar":0.283048480749,"dvar2":0.639024019241,"max":4.78922080994,"mean":0.633721292019,"median":0.677747130394,"min":-3.88007187843,"var":0.725910425186},"erbbands_spread":{"dmean":14.5649337769,"dmean2":23.1659126282,"dvar":422.400970459,"dvar2":974.810180664,"max":170.953170776,"mean":41.2439613342,"median":32.7993240356,"min":6.81774187088,"var":636.61114502},"gfcc":{"cov":[[23897.3105469,-1449.2109375,-1411.7980957,640.743103027,-1396.01745605,424.989318848,-661.975036621,380.272125244,-451.303405762,369.62411499,-497.195220947,206.453765869,-262.11541748],[-1449.2109375,3369.36889648,-835.120544434,-33.8007965088,591.552001953,-237.423965454,227.050033569,-126.7472229,121.261886597,-176.300292969,201.858184814,-165.547653198,104.932174683],[-1411.7980957,-835.120544434,1263.13378906,-78.0880432129,71.7438735962,174.993362427,-82.3519058228,28.4153308868,-51.1452026367,49.4773178101,-7.75242805481,84.9665756226,-47.0313339233],[640.743103027,-33.8007965088,-78.0880432129,357.306915283,-52.5584106445,-8.90906429291,7.20836830139,-6.71145343781,27.1352043152,-13.9549827576,19.7518901825,15.1478891373,24.3164596558],[-1396.01745605,591.552001953,71.7438735962,-52.5584106445,363.303436279,-62.2740898132,91.0902252197,-5.28973913193,45.7079772949,-30.5226917267,60.5466537476,-23.8583431244,32.6237487793],[424.989318848,-237.423965454,174.993362427,-8.90906429291,-62.2740898132,228.776153564,6.16968822479,32.3938789368,-39.4278717041,32.7544555664,-30.6834506989,12.0827503204,-15.0129709244],[-661.975036621,227.050033569,-82.3519058228,7.20836830139,91.0902252197,6.16968822479,231.240875244,-29.1620235443,18.662273407,-8.32936954498,39.1139678955,-46.0905914307,15.8604927063],[380.272125244,-126.7472229,28.4153308868,-6.71145343781,-5.28973913193,32.3938789368,-29.1620235443,132.590454102,12.0634765625,17.9845275879,-19.7916564941,20.8501415253,-17.5076599121],[-451.303405762,121.261886597,-51.1452026367,27.1352043152,45.7079772949,-39.4278717041,18.662273407,12.0634765625,124.769218445,-13.5261449814,15.7873878479,6.53182125092,4.61645746231],[369.62411499,-176.300292969,49.4773178101,-13.9549827576,-30.5226917267,32.7544555664,-8.32936954498,17.9845275879,-13.5261449814,84.9785614014,6.74747037888,10.6344890594,-7.02043294907],[-497.195220947,201.858184814,-7.75242805481,19.7518901825,60.5466537476,-30.6834506989,39.1139678955,-19.7916564941,15.7873878479,6.74747037888,104.091270447,1.17266237736,14.2104282379],[206.453765869,-165.547653198,84.9665756226,15.1478891373,-23.8583431244,12.0827503204,-46.0905914307,20.8501415253,6.53182125092,10.6344890594,1.17266237736,86.6141815186,8.69215774536],[-262.11541748,104.932174683,-47.0313339233,24.3164596558,32.6237487793,-15.0129709244,15.8604927063,-17.5076599121,4.61645746231,-7.02043294907,14.2104282379,8.69215774536,79.966796875]],"icov":[[0.0000931233153096,-0.0000560213775316,0.000125821257825,-0.000191947066924,0.000178371905349,-0.0000776307861088,0.00011466689466,-0.000146966529428,0.000306973757688,-0.0004114221083,0.000346114480635,-0.000268230389338,0.000282664143015],[-0.0000560213775316,0.000760491762776,0.000435296824435,0.000199695190531,-0.00120697461534,-0.000238150169025,0.000194672771613,0.000411544489907,-0.000276250153547,0.00111995392945,-0.00111504201777,0.000754594570026,-0.000256670435192],[0.000125821257825,0.000435296824435,0.00162956095301,-0.000122082434245,-0.00118833081797,-0.00117861584295,0.000752643099986,0.000359623401891,0.000651776383165,-0.000248771568295,-0.000192793275346,-0.00102205807343,0.00111561839003],[-0.000191947066924,0.000199695190531,-0.000122082434245,0.00355129945092,0.000324787775753,0.0000513499871886,-0.00039771333104,0.000272850622423,-0.00134457938839,0.00166757567786,-0.00165695941541,0.000215706852032,-0.00153211085126],[0.000178371905349,-0.00120697461534,-0.00118833081797,0.000324787775753,0.00628120265901,0.00136503123213,-0.00148933636956,-0.00175208388828,-0.000272784644039,-0.000703409546986,0.000256132596405,-0.000241406392888,-0.00108893704601],[-0.0000776307861088,-0.000238150169025,-0.00117861584295,0.0000513499871886,0.00136503123213,0.00629905192181,-0.0016370122321,-0.00135288818274,0.0010299552232,-0.00124451692682,0.00139480270445,-0.0000741860203561,-0.000405091559514],[0.00011466689466,0.000194672771613,0.000752643099986,-0.00039771333104,-0.00148933636956,-0.0016370122321,0.0062341815792,0.000851121905725,-0.000344684958691,-0.000326449837303,-0.00143777742051,0.00245483033359,-0.0000859649662743],[-0.000146966529428,0.000411544489907,0.000359623401891,0.000272850622423,-0.00175208388828,-0.00135288818274,0.000851121905725,0.00953390169889,-0.00184043927584,-0.000770083686803,0.000721857475583,-0.00133070454467,0.00154110090807],[0.000306973757688,-0.000276250153547,0.000651776383165,-0.00134457938839,-0.000272784644039,0.0010299552232,-0.000344684958691,-0.00184043927584,0.0105152074248,-0.000590486626606,0.000800440378953,-0.00251534604467,0.00160325469915],[-0.0004114221083,0.00111995392945,-0.000248771568295,0.00166757567786,-0.000703409546986,-0.00124451692682,-0.000326449837303,-0.000770083686803,-0.000590486626606,0.0167273208499,-0.00529652880505,0.00124947063159,-0.00121407001279],[0.000346114480635,-0.00111504201777,-0.000192793275346,-0.00165695941541,0.000256132596405,0.00139480270445,-0.00143777742051,0.000721857475583,0.000800440378953,-0.00529652880505,0.0148118520156,-0.00323070771992,0.000796527543571],[-0.000268230389338,0.000754594570026,-0.00102205807343,0.000215706852032,-0.000241406392888,-0.0000741860203561,0.00245483033359,-0.00133070454467,-0.00251534604467,0.00124947063159,-0.00323070771992,0.0166651979089,-0.00421219877899],[0.000282664143015,-0.000256670435192,0.00111561839003,-0.00153211085126,-0.00108893704601,-0.000405091559514,-0.0000859649662743,0.00154110090807,0.00160325469915,-0.00121407001279,0.000796527543571,-0.00421219877899,0.015730349347]],"mean":[-69.6428070068,101.19921875,-94.8907394409,19.806470871,-53.0909729004,4.37581205368,-42.2225151062,0.485982060432,-22.7131690979,0.159972727299,-15.2772474289,1.84707486629,-6.85216999054]},"hfc":{"dmean":10.847910881,"dmean2":17.7116794586,"dvar":983.190124512,"dvar2":2479.87524414,"max":361.369293213,"mean":16.8384914398,"median":5.74081659317,"min":1.05191618821e-16,"var":986.626953125},"melbands":{"dmean":[0.000321875384543,0.000348391418811,0.000234720035223,0.000385225284845,0.000350497837644,0.000171658393811,0.0000938248776947,0.000087165441073,0.00013651131303,0.0000947952139541,0.000104536615254,0.0000501446629642,0.0000213867551793,0.0000226526954066,0.0000209826466744,0.0000179203925654,0.0000303286997223,0.0000317146150337,0.0000148774306581,0.0000110937799036,0.00000895256653166,0.00000823063874122,0.00000658350109006,0.00000508842140334,0.00000350910454472,0.00000288171190732,0.00000336384323418,0.00000458509111922,0.00000288733826892,0.00000258919612861,0.00000326135204887,0.00000362997570846,0.00000266880306299,0.00000488468867843,0.00000393851451008,0.00000293138737106,0.00000237443146034,0.00000278088100458,0.00000230273849411,0.00000200472845791],"dmean2":[0.000499229296111,0.000570176867768,0.000415225338656,0.000670516048558,0.000541226239875,0.00026962350239,0.0001434165315,0.0001392307895,0.000210508835153,0.000146065984154,0.000164966055308,0.0000768869722378,0.0000325046748912,0.0000345706066582,0.0000327997331624,0.0000291855922114,0.0000490905767947,0.0000508528610226,0.0000231908052228,0.0000174772067112,0.0000136182279675,0.0000132592258524,0.0000103780748759,0.00000805814761407,0.00000573407669435,0.00000463677861262,0.00000530529177922,0.00000792550235929,0.00000490459751745,0.00000430133104601,0.000005407595836,0.00000614518467046,0.00000445265141025,0.00000871730844665,0.00000672831629345,0.00000503945966557,0.00000402607702199,0.00000488093019158,0.00000395230790673,0.00000351991798198],"dvar":[0.00000123075699321,0.00000134273318508,1.30605243953e-7,3.03515548694e-7,5.816769999e-7,2.24028582352e-7,1.02929604395e-7,8.26392110298e-8,2.30302333648e-7,1.70813777345e-7,1.80076796141e-7,3.90226482239e-8,8.61131699281e-9,1.29523405334e-8,6.99045044072e-9,8.6452720538e-9,1.52189514324e-8,1.59470783245e-8,3.10659498126e-9,3.86018328413e-9,1.80928072524e-9,8.05606692467e-10,3.55378559913e-10,2.12834999624e-10,7.00351235339e-11,7.50154174889e-11,1.00838684625e-10,2.81522583023e-10,1.00304237138e-10,7.24214924142e-11,1.43227249505e-10,1.90768401076e-10,1.1274177425e-10,6.66094623902e-10,3.28347682377e-10,1.52219986616e-10,9.30232488261e-11,1.07054781706e-10,8.80207087772e-11,3.64298556599e-11],"dvar2":[0.00000242792816607,0.00000344891441273,4.04092901363e-7,8.92744935754e-7,0.00000132969626065,5.66549317682e-7,2.57486362898e-7,2.07974309774e-7,5.17500097885e-7,3.85421685678e-7,4.44905623453e-7,9.06267416667e-8,1.85410957698e-8,2.9537547519e-8,1.71614598088e-8,2.25415721644e-8,4.13914129638e-8,4.16583105789e-8,7.6128756632e-9,9.61125934396e-9,4.33804725475e-9,1.95002791692e-9,8.24298129753e-10,5.00110841628e-10,1.77614381536e-10,1.90778157161e-10,2.27708046863e-10,7.82498510432e-10,2.6539948017e-10,1.83588630409e-10,3.67826963332e-10,5.06086950125e-10,2.86395157589e-10,1.86491777576e-9,8.5754925383e-10,3.95720317625e-10,2.35296365725e-10,2.84461731948e-10,2.27196081393e-10,9.46356396025e-11],"max":[0.0160645283759,0.0149708064273,0.00491400482133,0.00954810064286,0.0250850766897,0.0187011715025,0.00990756601095,0.00902931578457,0.0149194300175,0.0142296003178,0.010547648184,0.00767795927823,0.00473143067211,0.00555323110893,0.00318504520692,0.00416289782152,0.00347801973112,0.00291757867672,0.00190875597764,0.00255951168947,0.00168267090339,0.00108966918197,0.00043852973613,0.000417397823185,0.00015273198369,0.000384808983654,0.000283127272269,0.00022459909087,0.000131640641484,0.00011722434283,0.000184388423804,0.000169515435118,0.000131552791572,0.000330657523591,0.000209054269362,0.000142683187732,0.000110928958748,0.000120986274851,0.000108855187136,0.0000661231315462],"mean":[0.000539898232091,0.000543423346244,0.000405489874538,0.000678944110405,0.000692404923029,0.000350881920895,0.000192136445548,0.000133330089739,0.000222553062486,0.000152027787408,0.000169876788277,0.000093032453151,0.0000382200196327,0.0000379628945666,0.0000336116099788,0.0000259885382548,0.0000495077438245,0.0000476510867884,0.0000211798505916,0.0000172849195224,0.0000154080789798,0.000013891953131,0.0000106818679342,0.00000887857186171,0.00000520159619555,0.00000436575510321,0.00000495566519021,0.00000543309442946,0.00000317691956297,0.00000298099644169,0.0000035728144212,0.00000378668005396,0.00000260202068603,0.00000362973446499,0.00000320024332723,0.00000234446565628,0.0000019687099666,0.00000206301456274,0.00000172744319116,0.00000143582917644],"median":[0.000199518079171,0.000203552044695,0.000261938024778,0.000432306784205,0.000317246769555,0.000140179035952,0.0000679503791616,0.0000304935783788,0.0000439043978986,0.0000187397308764,0.0000150948362716,0.00000997607185127,0.00000867487142386,0.0000068907916102,0.00000596145673626,0.00000542222687727,0.00000550458480575,0.00000407850802731,0.00000324465099766,0.00000227370424,0.00000216114449358,0.00000188947944935,0.00000162991807429,0.00000126425186409,8.32992725464e-7,6.82622953718e-7,4.68437747259e-7,3.0451388966e-7,2.6205466952e-7,2.5158351491e-7,2.37472789877e-7,2.83388288835e-7,2.29224070836e-7,1.96641593675e-7,1.63638262052e-7,1.05650819648e-7,8.41357348236e-8,7.22293478361e-8,5.52652537067e-8,4.95911578469e-8],"min":[9.04900865265e-25,1.46913451519e-24,1.6049326799e-24,2.07503984105e-24,2.46452709401e-24,2.16745174065e-24,3.69552737888e-24,1.64910267831e-24,2.28228425047e-24,2.14953394848e-24,1.56762202427e-24,4.88568577089e-24,2.70123999419e-24,2.48153375183e-24,3.16818727438e-24,1.11635384762e-24,4.46328231058e-24,4.01183220288e-24,5.34464662327e-24,4.62943613875e-24,4.41925046144e-24,4.71304316736e-24,3.57473936366e-24,5.11737461319e-24,4.03819041231e-24,4.11300834714e-24,5.55045846129e-24,4.20428941464e-24,4.37045034255e-24,3.22041144402e-24,5.21254358165e-24,5.38754014613e-24,5.17895388431e-24,6.16997617371e-24,6.36311614458e-24,6.73771305631e-24,5.88390365504e-24,5.1970468036e-24,4.76126978437e-24,5.60012672161e-24],"var":[0.00000178996822342,0.00000144131479374,2.07974650834e-7,5.89191927247e-7,0.00000130811690724,4.0773454657e-7,1.68807062551e-7,1.27525623839e-7,4.25474979693e-7,2.67943050858e-7,3.37342896728e-7,1.16209371015e-7,1.93817406569e-8,2.56577283864e-8,1.4857932662e-8,1.02030552895e-8,3.00469800152e-8,3.0937936657e-8,4.87911178126e-9,6.60342180936e-9,3.71355257656e-9,1.82488091305e-9,7.16869896777e-10,4.54562026908e-10,1.23429474974e-10,1.12033306243e-10,2.01742969552e-10,2.98770508333e-10,8.74316730126e-11,7.03144417691e-11,1.27297311581e-10,1.51778839497e-10,9.0974928979e-11,4.0937686574e-10,2.40678837971e-10,1.13762665954e-10,7.33065830261e-11,7.47157266612e-11,6.42921479943e-11,2.66370727559e-11]},"melbands_crest":{"dmean":3.02475309372,"dmean2":5.00835180283,"dvar":7.63751173019,"dvar2":19.6600933075,"max":31.6581611633,"mean":12.9653587341,"median":12.200255394,"min":1.50121974945,"var":21.7077293396},"melbands_flatness_db":{"dmean":0.0365982763469,"dmean2":0.0521861426532,"dvar":0.00158603291493,"dvar2":0.00299315294251,"max":0.55452722311,"mean":0.22921295464,"median":0.222502857447,"min":0.00208181049675,"var":0.00711266789585},"melbands_kurtosis":{"dmean":8.68899536133,"dmean2":13.9966077805,"dvar":197.459518433,"dvar2":484.014770508,"max":275.489898682,"mean":15.6556882858,"median":10.440164566,"min":-1.74967229366,"var":355.328613281},"melbands_skewness":{"dmean":0.804391205311,"dmean2":1.26118564606,"dvar":0.734352648258,"dvar2":1.74224555492,"max":12.5559539795,"mean":2.75898218155,"median":2.54092669487,"min":-1.15797579288,"var":2.24464726448},"melbands_spread":{"dmean":9.8590555191,"dmean2":15.7033939362,"dvar":403.079925537,"dvar2":883.43963623,"max":219.676071167,"mean":20.4644069672,"median":12.6199913025,"min":0.624582231045,"var":653.357421875},"mfcc":{"cov":[[13692.6171875,-1065.86584473,-667.180236816,72.5974197388,-665.115783691,-91.9898681641,-304.063659668,-22.3117828369,2.95935535431,108.421157837,28.0493278503,-149.846359253,-282.84552002],[-1065.86584473,2809.93798828,-605.772766113,164.226959229,238.311950684,41.8749504089,125.553825378,73.8510894775,-33.2478408813,29.3647994995,29.1206588745,3.42030596733,62.0350036621],[-667.180236816,-605.772766113,884.475830078,-111.872749329,137.591766357,75.0732040405,33.2522697449,-18.6940593719,-0.367265015841,-57.7231292725,-7.33314275742,29.8454608917,39.6590690613],[72.5974197388,164.226959229,-111.872749329,301.49105835,26.8774414063,-4.17903804779,-7.61843109131,12.7569313049,1.44218397141,-11.1296033859,-11.0652885437,32.2587013245,38.6747360229],[-665.115783691,238.311950684,137.591766357,26.8774414063,261.034057617,-18.0304985046,-0.725457429886,15.598731041,8.47754001617,-24.7038040161,-6.75318622589,29.449590683,57.0119628906],[-91.9898681641,41.8749504089,75.0732040405,-4.17903804779,-18.0304985046,153.619689941,56.7676086426,11.7863826752,11.4735956192,4.58866977692,5.3137140274,-4.73828077316,-20.4083347321],[-304.063659668,125.553825378,33.2522697449,-7.61843109131,-0.725457429886,56.7676086426,191.602386475,-10.4568996429,5.60191774368,15.3478860855,-2.96586728096,8.62808132172,3.65253734589],[-22.3117828369,73.8510894775,-18.6940593719,12.7569313049,15.598731041,11.7863826752,-10.4568996429,113.140785217,19.2223625183,15.719042778,16.4895458221,-5.37863779068,5.77118635178],[2.95935535431,-33.2478408813,-0.367265015841,1.44218397141,8.47754001617,11.4735956192,5.60191774368,19.2223625183,89.9847869873,10.7615976334,-8.90343856812,0.61500287056,-10.1827411652],[108.421157837,29.3647994995,-57.7231292725,-11.1296033859,-24.7038040161,4.58866977692,15.3478860855,15.719042778,10.7615976334,87.342124939,24.6697788239,-6.56011199951,-16.4307689667],[28.0493278503,29.1206588745,-7.33314275742,-11.0652885437,-6.75318622589,5.3137140274,-2.96586728096,16.4895458221,-8.90343856812,24.6697788239,87.5056915283,7.53580951691,-1.71690309048],[-149.846359253,3.42030596733,29.8454608917,32.2587013245,29.449590683,-4.73828077316,8.62808132172,-5.37863779068,0.61500287056,-6.56011199951,7.53580951691,76.3894577026,36.082069397],[-282.84552002,62.0350036621,39.6590690613,38.6747360229,57.0119628906,-20.4083347321,3.65253734589,5.77118635178,-10.1827411652,-16.4307689667,-1.71690309048,36.082069397,86.0554122925]],"icov":[[0.0000914466363611,0.0000239716864598,0.0000346734996128,-0.000061000991991,0.00015531986719,0.000032367734093,0.000110365064756,0.00000129462182485,0.00000399458986067,-0.0000450909501524,-0.0000153235487232,0.0000372776230506,0.000170652798261],[0.0000239716864598,0.000605445064139,0.000601992593147,-0.0000541738008906,-0.00082168757217,-0.000431985943578,-0.000373550719814,-0.00018294795882,0.000376667187084,0.000031098130421,-0.0001753433462,0.000234517894569,-0.00019201739633],[0.0000346734996128,0.000601992593147,0.00210270565003,0.000664939521812,-0.0015232412843,-0.00134613004047,-0.000339123100275,0.0000935341886361,0.000346864369931,0.00079612218542,-0.000207758785109,-0.000119063159218,-0.000651013629977],[-0.000061000991991,-0.0000541738008906,0.000664939521812,0.00402764370665,-0.000348448316799,-0.0006056727143,0.00020965130534,-0.000316863006447,-0.0000699945449014,0.000442153774202,0.000631691189483,-0.00132655887865,-0.00153345998842],[0.00015531986719,-0.00082168757217,-0.0015232412843,-0.000348448316799,0.00649600801989,0.00140406948049,0.000687658844981,-0.000450525578344,-0.00126842723694,0.000429637089837,0.000338562851539,-0.000563209352549,-0.0018333470216],[0.000032367734093,-0.000431985943578,-0.00134613004047,-0.0006056727143,0.00140406948049,0.00875602010638,-0.00216680159792,-0.00116183469072,-0.000812501646578,0.000384084152756,-0.000460819544969,-0.000138720060932,0.00265272986144],[0.000110365064756,-0.000373550719814,-0.000339123100275,0.00020965130534,0.000687658844981,-0.00216680159792,0.0066062011756,0.0011111284839,-0.000391280336771,-0.00160239473917,0.000742787029594,-0.000674489710946,-0.000684878963511],[0.00000129462182485,-0.00018294795882,0.0000935341886361,-0.000316863006447,-0.000450525578344,-0.00116183469072,0.0011111284839,0.0103467674926,-0.00238205678761,-0.00142844137736,-0.00187369331252,0.00174772774335,-0.00180745974649],[0.00000399458986067,0.000376667187084,0.000346864369931,-0.0000699945449014,-0.00126842723694,-0.000812501646578,-0.000391280336771,-0.00238205678761,0.0126760425046,-0.00158497528173,0.00217309268191,-0.00130305439234,0.00222422461957],[-0.0000450909501524,0.000031098130421,0.00079612218542,0.000442153774202,0.000429637089837,0.000384084152756,-0.00160239473917,-0.00142844137736,-0.00158497528173,0.0143143394962,-0.00383154163137,0.000207689634408,0.00161602895241],[-0.0000153235487232,-0.0001753433462,-0.000207758785109,0.000631691189483,0.000338562851539,-0.000460819544969,0.000742787029594,-0.00187369331252,0.00217309268191,-0.00383154163137,0.0135115198791,-0.00249310513027,0.000488907971885],[0.0000372776230506,0.000234517894569,-0.000119063159218,-0.00132655887865,-0.000563209352549,-0.000138720060932,-0.000674489710946,0.00174772774335,-0.00130305439234,0.000207689634408,-0.00249310513027,0.0176012795419,-0.00668812915683],[0.000170652798261,-0.00019201739633,-0.000651013629977,-0.00153345998842,-0.0018333470216,0.00265272986144,-0.000684878963511,-0.00180745974649,0.00222422461957,0.00161602895241,0.000488907971885,-0.00668812915683,0.018688660115]],"mean":[-713.961608887,137.232971191,12.9679393768,19.2119941711,7.12828063965,3.4502389431,-6.24165248871,-1.29149186611,-4.71960783005,-4.09320354462,-1.79289150238,-4.77096843719,-5.13792991638]},"pitch_salience":{"dmean":0.0676865577698,"dmean2":0.110682465136,"dvar":0.00392510741949,"dvar2":0.00979304406792,"max":0.993451237679,"mean":0.590076744556,"median":0.599374353886,"min":0.0831382647157,"var":0.0115747144446},"silence_rate_20dB":{"dmean":0,"dmean2":0,"dvar":0,"dvar2":0,"max":1,"mean":1,"median":1,"min":1,"var":0},"silence_rate_30dB":{"dmean":0.00181950512342,"dmean2":0.00363934133202,"dvar":0.00181611534208,"dvar2":0.00489902636036,"max":1,"mean":0.998817443848,"median":1,"min":0,"var":0.00118108012248},"silence_rate_60dB":{"dmean":0.038209605962,"dmean2":0.0764261633158,"dvar":0.0367537252605,"dvar2":0.0802379697561,"max":1,"mean":0.17611207068,"median":0,"min":0,"var":0.145091325045},"spectral_centroid":{"dmean":309.249572754,"dmean2":484.273956299,"dvar":243642.875,"dvar2":501598.96875,"max":11591.0800781,"mean":1025.35632324,"median":740.312683105,"min":190.526367188,"var":965920.9375},"spectral_complexity":{"dmean":2.51128101349,"dmean2":3.94577383995,"dvar":16.3101921082,"dvar2":35.770275116,"max":53,"mean":12.156826973,"median":10,"min":0,"var":74.6444244385},"spectral_contrast_coeffs":{"dmean":[0.0445482693613,0.0408142358065,0.0340016596019,0.0296274404973,0.0238099526614,0.0232395902276],"dmean2":[0.0746876373887,0.065788321197,0.054628059268,0.0471657440066,0.0369205288589,0.0342269539833],"dvar":[0.0013492454309,0.00129144347738,0.00087787717348,0.000666962121613,0.000468602403998,0.000525086361449],"dvar2":[0.00366118992679,0.00329195568338,0.00213531428017,0.00156639574561,0.00101615395397,0.00108608219307],"max":[-0.331486672163,-0.417219936848,-0.436519831419,-0.533042907715,-0.582286059856,-0.561629772186],"mean":[-0.634651720524,-0.711900651455,-0.762053728104,-0.770563960075,-0.790438890457,-0.791392445564],"median":[-0.635465860367,-0.716104984283,-0.772761464119,-0.778991103172,-0.798339009285,-0.79299145937],"min":[-0.999961614609,-0.999875605106,-0.999647438526,-0.998770058155,-0.994758963585,-0.96679776907],"var":[0.00713985366747,0.00597206689417,0.00517717981711,0.00425343587995,0.00312774535269,0.00314185000025]},"spectral_contrast_valleys":{"dmean":[0.292011409998,0.317148119211,0.279425799847,0.288576006889,0.380922108889,0.693804502487],"dmean2":[0.46466550231,0.50714969635,0.444960474968,0.451452791691,0.533892631531,0.818463623524],"dvar":[0.10901492089,0.114502333105,0.0848225131631,0.118566446006,0.257854133844,0.618063747883],"dvar2":[0.230242267251,0.244976356626,0.172981008887,0.23985478282,0.474590331316,0.9994789958],"max":[-5.20140600204,-4.53291416168,-5.42493724823,-6.11364936829,-5.79668903351,-6.81381225586],"mean":[-7.69875431061,-7.28577709198,-8.26002311707,-8.63698196411,-8.71976852417,-10.9605264664],"median":[-7.38824558258,-7.0139875412,-8.05302047729,-8.38160896301,-8.46290111542,-10.7145872116],"min":[-28.3533000946,-28.0877132416,-27.7220497131,-27.5782260895,-27.5584335327,-27.3828487396],"var":[3.48577332497,3.42244291306,3.25748991966,3.21521019936,3.57691335678,4.10545396805]},"spectral_decrease":{"dmean":1.39919720255e-9,"dmean2":2.14103046403e-9,"dvar":4.93336597104e-18,"dvar2":1.04958598734e-17,"max":1.06608074961e-15,"mean":-4.07274569625e-9,"median":-2.58219556848e-9,"min":-3.56898510745e-8,"var":1.85110133615e-17},"spectral_energy":{"dmean":0.0060702781193,"dmean2":0.00934930611402,"dvar":0.0000940163154155,"dvar2":0.000205983800697,"max":0.141998723149,"mean":0.0168987698853,"median":0.0105154979974,"min":1.02121319279e-20,"var":0.00031920071342},"spectral_energyband_high":{"dmean":0.00105461862404,"dmean2":0.00178383488674,"dvar":0.0000151523699969,"dvar2":0.0000390546010749,"max":0.0459572076797,"mean":0.000978819676675,"median":0.0000891134113772,"min":7.18972706072e-21,"var":0.0000116055916806},"spectral_energyband_low":{"dmean":0.00166870863177,"dmean2":0.00259815622121,"dvar":0.0000242877704295,"dvar2":0.0000529497992829,"max":0.0702719762921,"mean":0.00310453958809,"median":0.00139000860509,"min":2.19655384496e-23,"var":0.0000375026575057},"spectral_energyband_middle_high":{"dmean":0.00135235663038,"dmean2":0.00201584096067,"dvar":0.0000115253105832,"dvar2":0.0000264450391114,"max":0.0784599855542,"mean":0.00359138124622,"median":0.000739738636184,"min":1.20311572268e-21,"var":0.0000550139848201},"spectral_energyband_middle_low":{"dmean":0.00356385600753,"dmean2":0.00566072389483,"dvar":0.0000369077315554,"dvar2":0.0000859690335346,"max":0.10762886703,"mean":0.00958955101669,"median":0.00644331099465,"min":1.87836667262e-22,"var":0.000110733693873},"spectral_entropy":{"dmean":0.316471815109,"dmean2":0.451270669699,"dvar":0.137050136924,"dvar2":0.246326565742,"max":9.8283662796,"mean":7.3203253746,"median":7.29462909698,"min":5.51692152023,"var":0.399443030357},"spectral_flux":{"dmean":0.0198188927025,"dmean2":0.0306745804846,"dvar":0.00062292162329,"dvar2":0.00129128340632,"max":0.30616915226,"mean":0.0603269189596,"median":0.0486580133438,"min":6.53103404691e-11,"var":0.00203634588979},"spectral_kurtosis":{"dmean":3.55472970009,"dmean2":5.33893680573,"dvar":25.2638626099,"dvar2":55.1710472107,"max":81.175453186,"mean":7.26038217545,"median":5.28147363663,"min":-1.25765681267,"var":55.3133239746},"spectral_rms":{"dmean":0.00064382009441,"dmean2":0.000973548390903,"dvar":6.56206111671e-7,"dvar2":0.0000013542223769,"max":0.0117701040581,"mean":0.00352806784213,"median":0.00320297083817,"min":3.15643084586e-12,"var":0.00000403926287618},"spectral_rolloff":{"dmean":1052.83422852,"dmean2":1893.16821289,"dvar":5675227.5,"dvar2":13123308,"max":21942.3339844,"mean":1876.15368652,"median":645.99609375,"min":64.599609375,"var":10896831},"spectral_skewness":{"dmean":0.438420951366,"dmean2":0.650981247425,"dvar":0.2559889853,"dvar2":0.531627237797,"max":7.13756561279,"mean":1.94669508934,"median":1.85328102112,"min":-0.161641195416,"var":0.724901735783},"spectral_spread":{"dmean":1514393.75,"dmean2":2145174.75,"dvar":4602815053820,"dvar2":8358031523840,"max":41891476,"mean":5352136,"median":4183665.25,"min":963281.25,"var":14508736118800},"spectral_strongpeak":{"dmean":0.425676673651,"dmean2":0.718939423561,"dvar":0.738584041595,"dvar2":1.98335802555,"max":11.8780126572,"mean":0.80075532198,"median":0.400644183159,"min":0,"var":1.45236551762},"zerocrossingrate":{"dmean":0.0222637057304,"dmean2":0.0273986160755,"dvar":0.000967555271927,"dvar2":0.00123567820992,"max":0.86279296875,"mean":0.0697069987655,"median":0.04638671875,"min":0.00244140625,"var":0.00729262875393}},"metadata":{"audio_properties":{"analysis_sample_rate":44100,"bit_rate":0,"codec":"flac","downmix":"mix","equal_loudness":0,"length":255.21333313,"lossless":true,"md5_encoded":"d7842b856db8462e17a7c14ef31f0120","replay_gain":-8.49290084839,"sample_rate":44100},"tags":{"acoustid_id":["14cb088c-8bd1-4ee3-9a4d-77eec4a271bd"],"album":["Chicago XXXII: Stone of Sisyphus"],"albumartist":["Chicago"],"albumartistsort":["Chicago"],"artist":["Chicago"],"artistsort":["Chicago"],"asin":["B0018DPC7O"],"date":["2008-06-17"],"discnumber":["1"],"disctotal":["1"],"file_name":"088c8bd14ee39a4d77eec4a271bd.flac","label":["Rhino"],"media":["CD"],"musicbrainz_albumartistid":["3f5be744-e867-42fb-8913-5fd69e4099b5"],"musicbrainz_albumid":["f1874bbf-44e9-4984-b5e3-448e06215b4b"],"musicbrainz_artistid":["3f5be744-e867-42fb-8913-5fd69e4099b5"],"musicbrainz_recordingid":["02885a09-95ce-4cb6-af46-cfe08e5f6645"],"musicbrainz_releasegroupid":["f4d4a645-a98b-325e-80f8-147810a9ffb1"],"musicbrainz_releasetrackid":["c36d79c0-da7c-367f-a558-9b82680c2d17"],"originaldate":["2008-06-17"],"originalyear":["2008"],"releasecountry":["US"],"releasestatus":["official"],"releasetype":["album"],"script":["Latn"],"title":["Let's Take a Lifetime (demo)"],"totaldiscs":["1"],"totaltracks":["15"],"tracknumber":["14"],"tracktotal":["15"]},"version":{"essentia":"2.1-beta2","essentia_build_sha":"2d9f1f26377add8aeb1075a9c2973f962c4f09fd","essentia_git_sha":"v2.1_beta2-1-ge3940c0","extractor":"music 1.0"}},"rhythm":{"beats_count":636,"beats_loudness":{"dmean":0.0190741624683,"dmean2":0.0358229205012,"dvar":0.000294533150736,"dvar2":0.0008255536668,"max":0.106506191194,"mean":0.0232007894665,"median":0.0172780808061,"min":0,"var":0.000401786528528},"beats_loudness_band_ratio":{"dmean":[0.296548455954,0.2