{"lowlevel":{"average_loudness":0.97412699461,"barkbands":{"dmean":[0.00738560035825,0.0110507886857,0.00176244950853,0.000431102904258,0.000871952157468,0.000512823637109,0.000687296327669,0.000692366156727,0.000736519636121,0.000500838737935,0.000412365159718,0.000447089434601,0.000474384229165,0.000865309673827,0.000800288747996,0.00123925379012,0.00102469092235,0.000517772976309,0.000278526393231,0.00012665266695,0.0000888241193024,0.0000277148046735,0.000017008256691,0.0000146524671436,0.00000456677480543,0.000027972195312,0.00134333816823],"dmean2":[0.0117148039863,0.0186175797135,0.00308745028451,0.000731161679141,0.00143494049553,0.000844819645863,0.00111263804138,0.00114723481238,0.0012071763631,0.000834150065202,0.000675239600241,0.000739128445275,0.000786597898696,0.00146317819599,0.00133032770827,0.00206748070195,0.00170060573146,0.000821304740384,0.000436657195678,0.000193777130335,0.000133425826789,0.000041815048462,0.0000259367279796,0.0000218225086428,0.00000724134724805,0.0000415721187892,0.00211982242763],"dvar":[0.00010993531032,0.000179904935067,0.0000039881219891,6.96556355706e-7,0.00000354080088982,0.00000110371547635,0.00000271335261459,0.00000239771657107,0.00000271169255939,0.00000121849882362,5.99909753873e-7,5.10101131113e-7,4.69292075422e-7,0.00000184435907613,0.00000133853950501,0.00000338948461831,0.0000028789515909,7.85162399097e-7,1.88286378489e-7,5.85390225183e-8,3.67708565818e-8,1.8303535354e-9,8.10402078777e-10,1.4831962325e-9,1.08503594998e-10,2.76841793934e-9,0.00000153603673425],"dvar2":[0.000252719328273,0.000474094907986,0.0000115192879093,0.00000181514860742,0.00000913485837373,0.00000269545444098,0.00000658759518046,0.00000636008917354,0.00000690158685757,0.00000327464772454,0.00000151902884227,0.00000124930011225,0.00000120345839605,0.00000523343396708,0.0000034890670122,0.00000914813972486,0.00000756323470341,0.00000184338910003,4.48727206503e-7,1.27199641042e-7,7.11576646495e-8,4.00741084761e-9,1.77966974491e-9,3.11461501035e-9,2.48442100226e-10,5.77778003219e-9,0.00000387704903915],"max":[0.126547574997,0.12621973455,0.0247188843787,0.023360196501,0.0365602225065,0.0246087424457,0.033404327929,0.0319083184004,0.0306511018425,0.0313484892249,0.0179852806032,0.0179667528719,0.0115860095248,0.0217855703086,0.0328748747706,0.0392306223512,0.0435379296541,0.0160523410887,0.00684262951836,0.00662454450503,0.00635921396315,0.00112765165977,0.000658406410366,0.000978936441243,0.000320429709973,0.00125369732268,0.0169434100389],"mean":[0.00882853195071,0.0134468190372,0.00213326257654,0.000531381869223,0.00117755064275,0.000713818939403,0.00095465691993,0.001005460741,0.00115881103557,0.000742119445931,0.000613324868027,0.000732238579076,0.000812010199297,0.00145687290933,0.00157961330842,0.00242650369182,0.00192088226322,0.000895973760635,0.000524457311258,0.000254179729382,0.000189811253222,0.0000579015868425,0.0000320290673699,0.000023504404453,0.00000636823688183,0.0000518929882674,0.00494042877108],"median":[0.00348781282082,0.00860240217298,0.00151146668941,0.000291233533062,0.000609780894592,0.000378798926249,0.000378652126528,0.000394593953388,0.000396067160182,0.000334503827617,0.000281736050965,0.000466174737085,0.000541946792509,0.000988885643892,0.00120523944497,0.00160883215722,0.00138241646346,0.00048790400615,0.00030623350176,0.000142704782775,0.000104973041744,0.0000333301213686,0.0000168929855136,0.0000096808289527,0.00000311296412292,0.0000247511998168,0.00467474991456],"min":[4.82354571828e-25,4.33238228185e-24,2.48645999097e-24,1.63901926101e-24,7.76645236331e-24,9.85057317667e-24,6.80796427537e-24,9.50872109226e-24,9.66990036355e-24,1.50463763411e-23,2.30334746773e-23,2.82074319166e-23,2.93143520725e-23,5.26299218318e-23,4.95406257755e-23,7.40857898723e-23,8.01043757497e-23,1.02372139434e-22,1.23481142179e-22,2.20036581018e-22,2.55439850651e-22,3.46669279312e-22,3.93336422442e-22,5.44498504458e-22,8.9840882006e-22,1.34204773436e-21,2.11382693584e-21],"var":[0.000164207245689,0.000212092752918,0.00000462219668407,8.49026207561e-7,0.00000418561467086,0.00000153080156906,0.00000423398341809,0.00000434792718806,0.00000549906371816,0.0000020684244646,9.9163332834e-7,9.01733699266e-7,8.48608067372e-7,0.00000288278693006,0.00000260844649347,0.00000682885547576,0.00000505966227138,0.00000158458760779,4.20118425382e-7,1.3092441975e-7,9.03756571802e-8,5.49442580322e-9,2.03124050913e-9,2.55505439029e-9,1.59097235386e-10,6.56654952635e-9,0.00000567193501411]},"barkbands_crest":{"dmean":3.02974534035,"dmean2":4.9778342247,"dvar":6.81715869904,"dvar2":17.6835098267,"max":25.4931411743,"mean":9.21288585663,"median":8.54201412201,"min":2.94217777252,"var":13.0986251831},"barkbands_flatness_db":{"dmean":0.0263323299587,"dmean2":0.0410927310586,"dvar":0.000539832923096,"dvar2":0.00131208600942,"max":0.355680555105,"mean":0.116501547396,"median":0.112196475267,"min":0.0288226287812,"var":0.00141150434501},"barkbands_kurtosis":{"dmean":2.34429621696,"dmean2":3.94288849831,"dvar":103.615501404,"dvar2":299.908569336,"max":469.150177002,"mean":1.24255871773,"median":-0.435003042221,"min":-1.7441123724,"var":94.7907333374},"barkbands_skewness":{"dmean":0.629604816437,"dmean2":0.995670437813,"dvar":0.485831588507,"dvar2":1.2257412672,"max":19.7325706482,"mean":1.00680541992,"median":0.818775594234,"min":-2.22213888168,"var":1.23745071888},"barkbands_spread":{"dmean":13.8430805206,"dmean2":22.8217067719,"dvar":139.965148926,"dvar2":359.848510742,"max":119.341400146,"mean":65.1691436768,"median":66.0994186401,"min":0.881074368954,"var":356.284545898},"dissonance":{"dmean":0.00920110940933,"dmean2":0.0157604236156,"dvar":0.0000786103046266,"dvar2":0.000222288799705,"max":0.500000119209,"mean":0.487024158239,"median":0.489854216576,"min":0.415203481913,"var":0.000113545836939},"dynamic_complexity":1.73029875755,"erbbands":{"dmean":[0.520319402218,1.9717117548,2.75723195076,1.22847282887,1.87698245049,3.43616771698,3.77919054031,4.73607063293,8.49692249298,13.2708435059,13.4551391602,17.0029029846,17.2728500366,12.3630123138,16.943145752,17.6663646698,21.2907619476,39.0364151001,37.578453064,44.3422431946,74.139289856,51.4596786499,28.5238437653,19.3522663116,10.033246994,6.12933349609,4.61191558838,2.6690158844,1.07262265682,0.638283073902,0.476608961821,0.326452791691,0.234091043472,0.079678863287,0.0210767332464,0.0524363033473,0.0573757961392,0.059039067477,0.0460379905999,0.0308448001742],"dmean2":[0.888686656952,3.32229852676,4.8020324707,2.06898093224,3.11585998535,5.70893192291,6.19066095352,7.80651092529,13.8471679688,21.9486579895,21.8894863129,27.8448619843,28.0438594818,20.1196308136,27.7814846039,29.075220108,35.240322113,66.1673431396,62.8331298828,73.4597320557,122.590744019,84.1425857544,44.9367485046,30.1941356659,15.5678224564,9.35294628143,6.86893701553,4.0216255188,1.61793768406,0.978570342064,0.730059325695,0.490454435349,0.350307524204,0.121492668986,0.0342212468386,0.0788919776678,0.0852181464434,0.0861532464623,0.0673489943147,0.0488153360784],"dvar":[0.448253333569,7.49122667313,10.6377410889,3.49812936783,11.8852901459,76.2836227417,97.1564407349,96.4920196533,460.453094482,1037.32275391,775.577636719,1825.3425293,1278.05651855,894.360961914,816.624816895,870.260070801,998.79296875,4761.41845703,1941.56604004,4384.81494141,12753.4375,8118.83496094,2220.26171875,1080.13928223,228.383483887,134.978775024,112.682434082,27.1690425873,2.74970698357,1.0517565012,0.643874585629,0.54526257515,0.46819627285,0.0460060797632,0.000896154204383,0.014170483686,0.0118580022827,0.00986508093774,0.00369453267194,0.000822737289127],"dvar2":[1.23663449287,18.9483165741,30.2621078491,9.32848930359,30.8028640747,199.829742432,253.304458618,238.095703125,1158.94592285,2700.10546875,1887.17687988,4690.39257812,3254.65722656,2395.26733398,2068.66235352,2135.73828125,2558.05126953,13499.2822266,5260.54150391,11565.0205078,34073.1953125,21554.2304688,5200.60742188,2386.77539062,543.59173584,295.944244385,225.755767822,55.2771644592,5.94917821884,2.30178046227,1.4078720808,1.21619331837,0.93653768301,0.0974020957947,0.00213935319334,0.0301272440702,0.0251603424549,0.0204675998539,0.00741414772347,0.00207545701414],"max":[5.602394104,31.8499279022,40.4409179688,51.3136100769,80.0595016479,168.712966919,179.953277588,252.910095215,545.422973633,644.738098145,693.639343262,903.920410156,811.047363281,878.795043945,633.943786621,773.115539551,597.462524414,1158.82324219,789.131530762,1765.04125977,2328.84814453,2414.6640625,939.307250977,819.178161621,270.198883057,276.446289062,362.916870117,199.673843384,41.2047805786,23.1019325256,19.6245307922,17.8061389923,17.1671791077,7.34865093231,0.787012457848,3.35893440247,2.98169445992,3.41361927986,1.41235244274,0.41300958395],"mean":[0.582674860954,2.28231048584,3.35296964645,1.80734884739,2.54469394684,4.1822886467,4.72362852097,6.58921575546,12.1783514023,18.9922161102,21.4318752289,27.2553138733,25.9868869781,19.851688385,28.2809886932,31.3938274384,39.0304222107,67.4270019531,76.8418426514,93.5543136597,150.133621216,104.346809387,52.7933502197,37.2001838684,19.8425426483,12.3714675903,9.54972839355,5.69448661804,2.30411958694,1.2703410387,0.87358725071,0.546168506145,0.360607087612,0.116839416325,0.0287178624421,0.0865023732185,0.105907268822,0.126858770847,0.135552108288,0.115214802325],"median":[0.315001785755,1.39554107189,2.38041734695,1.28327512741,1.46829032898,1.83568012714,1.96842765808,3.52638220787,5.40017986298,6.97762918472,9.79288673401,9.04426860809,12.4486560822,10.1782684326,15.9370174408,20.8676376343,26.7918148041,45.8133239746,61.0410575867,70.5223770142,98.8384170532,75.9897079468,32.2273635864,20.9404335022,12.2603034973,6.9404335022,5.21420526505,3.14082622528,1.33736276627,0.706762671471,0.458197146654,0.251116484404,0.135364532471,0.0492469891906,0.0167735889554,0.0373385623097,0.050608959049,0.0719852894545,0.103511057794,0.108784928918],"min":[1.48182939342e-22,9.23942871789e-22,4.33807844449e-21,6.32259701731e-21,1.42191458725e-20,2.93664336287e-20,5.1787257836e-20,9.57868493117e-20,1.99516248091e-19,1.55498594351e-19,3.23812180945e-19,4.49916563262e-19,4.42446967235e-19,6.88765844016e-19,1.31976997605e-18,1.35989650757e-18,1.76454664578e-18,1.9792570902e-18,2.58061222565e-18,3.22149418667e-18,4.57465744405e-18,5.00828289194e-18,5.97851363809e-18,6.89989192444e-18,6.92392400277e-18,8.34340522499e-18,1.0913958314e-17,7.36998983349e-18,1.25069394289e-17,1.07308585767e-17,1.02184805714e-17,9.39972148467e-18,9.24934170367e-18,8.37452127809e-18,6.76666786934e-18,4.34558011316e-18,2.3863997304e-18,9.0546860464e-19,2.5979879299e-19,2.75033514706e-20],"var":[0.509593725204,8.07963085175,11.57746315,4.54673814774,16.2902679443,80.0642242432,102.437820435,136.015335083,688.429138184,1595.15856934,1535.31481934,3589.96533203,2087.86889648,1439.21728516,1465.70166016,1581.04858398,1868.45251465,7007.08886719,3872.03930664,9370.46191406,26883.3652344,14559.2939453,4515.87109375,2524.96801758,550.255249023,305.651306152,252.075256348,70.5695495605,8.58882522583,2.93925857544,1.54161322117,0.981761395931,0.790213227272,0.0731719732285,0.00136561866384,0.0264891423285,0.0275247488171,0.0280477367342,0.0141715500504,0.00307753356174]},"erbbands_crest":{"dmean":2.51905155182,"dmean2":4.26127195358,"dvar":5.81707668304,"dvar2":15.518529892,"max":28.738494873,"mean":8.959025383,"median":8.14847946167,"min":1.82608282566,"var":13.4200563431},"erbbands_flatness_db":{"dmean":0.0167896710336,"dmean2":0.026574915275,"dvar":0.000196853419766,"dvar2":0.000476110581076,"max":0.317810922861,"mean":0.149622380733,"median":0.146288052201,"min":0.0101332645863,"var":0.00124966795556},"erbbands_kurtosis":{"dmean":1.44565546513,"dmean2":2.38623785973,"dvar":2.65435767174,"dvar2":6.90222072601,"max":25.1625595093,"mean":2.14378166199,"median":1.68330907822,"min":-1.70201838017,"var":6.65126180649},"erbbands_skewness":{"dmean":0.364687770605,"dmean2":0.594847381115,"dvar":0.0935058444738,"dvar2":0.243740588427,"max":1.86209976673,"mean":-0.96103978157,"median":-0.999489486217,"min":-3.61005616188,"var":0.431670457125},"erbbands_spread":{"dmean":4.94896793365,"dmean2":8.01069641113,"dvar":23.2304859161,"dvar2":59.7585220337,"max":104.160041809,"mean":22.1475372314,"median":20.3235492706,"min":3.25044894218,"var":105.060501099},"gfcc":{"cov":[[14759.2216797,100.784812927,-1273.76489258,225.772994995,176.123275757,-184.740814209,133.466140747,82.6983566284,118.893180847,-20.0257205963,-48.4854049683,24.3324642181,-126.709922791],[100.784812927,665.176513672,-86.8558197021,-205.157089233,200.528427124,-21.3343429565,-6.79615259171,-98.8531951904,87.06690979,-22.7286739349,21.2775535583,-32.2361183167,82.8512802124],[-1273.76489258,-86.8558197021,299.161865234,134.57711792,-64.4661712646,60.8036460876,-25.9627304077,29.469575882,-43.5679473877,27.9093589783,7.27875518799,8.46779632568,-6.98935985565],[225.772994995,-205.157089233,134.57711792,249.788070679,-29.336523056,23.6667060852,36.8000144958,63.511390686,-37.0293884277,27.3387069702,16.3892612457,30.1958084106,-48.2327079773],[176.123275757,200.528427124,-64.4661712646,-29.336523056,213.518341064,38.3993186951,4.64623975754,-46.3693161011,46.4261207581,-18.4772777557,9.86131286621,-12.3937139511,39.2365188599],[-184.740814209,-21.3343429565,60.8036460876,23.6667060852,38.3993186951,114.28364563,18.6095237732,30.5529880524,-0.747080028057,8.61644268036,-2.80686450005,2.2106127739,11.3915462494],[133.466140747,-6.79615259171,-25.9627304077,36.8000144958,4.64623975754,18.6095237732,137.301803589,76.008392334,25.8071327209,7.54174423218,8.866771698,6.83202362061,-23.4411334991],[82.6983566284,-98.8531951904,29.469575882,63.511390686,-46.3693161011,30.5529880524,76.008392334,134.891098022,20.0764198303,26.756362915,14.6554698944,12.8010396957,-28.5792865753],[118.893180847,87.06690979,-43.5679473877,-37.0293884277,46.4261207581,-0.747080028057,25.8071327209,20.0764198303,89.9926528931,34.1992111206,12.2094449997,-7.09735584259,-1.75627279282],[-20.0257205963,-22.7286739349,27.9093589783,27.3387069702,-18.4772777557,8.61644268036,7.54174423218,26.756362915,34.1992111206,70.192741394,38.2262840271,8.09978961945,-14.335975647],[-48.4854049683,21.2775535583,7.27875518799,16.3892612457,9.86131286621,-2.80686450005,8.866771698,14.6554698944,12.2094449997,38.2262840271,63.0280418396,32.0491752625,-0.198539733887],[24.3324642181,-32.2361183167,8.46779632568,30.1958084106,-12.3937139511,2.2106127739,6.83202362061,12.8010396957,-7.09735584259,8.09978961945,32.0491752625,62.3454093933,16.2315044403],[-126.709922791,82.8512802124,-6.98935985565,-48.2327079773,39.2365188599,11.3915462494,-23.4411334991,-28.5792865753,-1.75627279282,-14.335975647,-0.198539733887,16.2315044403,71.1132659912]],"icov":[[0.000286070891889,-0.000717979797628,0.00243423366919,-0.00206492841244,0.000935865507927,-0.000878846272826,0.000899212784134,-0.000283320841845,0.00000562655759495,-0.000310404750053,0.00059636431979,0.000123091755086,-0.0000969812172116],[-0.000717979797628,0.00568401161581,-0.00791823398322,0.00790461990982,-0.00502538075671,0.0040978398174,-0.00393618131056,0.0019987442065,-0.00207125907764,0.00243921508081,-0.00437898980454,0.00145795778371,-0.00160077831242],[0.00243423366919,-0.00791823398322,0.0284274332225,-0.0235870871693,0.0132157793269,-0.0129643213004,0.0104483002797,-0.00188176671509,-0.000363419880159,-0.00175449682865,0.00244480045512,0.00471415370703,-0.00360048608854],[-0.00206492841244,0.00790461990982,-0.0235870871693,0.0283641032875,-0.0158795267344,0.0121228899807,-0.00933813862503,-0.00164125254378,0.00813717860729,-0.00672335689887,0.00340478378348,-0.00996347330511,0.00824211910367],[0.000935865507927,-0.00502538075671,0.0132157793269,-0.0158795267344,0.0205588713288,-0.0132295321673,0.00396037660539,0.00600203545764,-0.0126331131905,0.0139707280323,-0.0122962445021,0.0108313355595,-0.00745764560997],[-0.000878846272826,0.0040978398174,-0.0129643213004,0.0121228899807,-0.0132295321673,0.0201204251498,-0.00520024541765,-0.00499707181007,0.00749904243276,-0.00936734583229,0.00829652510583,-0.00574495084584,0.000593138742261],[0.000899212784134,-0.00393618131056,0.0104483002797,-0.00933813862503,0.00396037660539,-0.00520024541765,0.0160630624741,-0.0075939334929,-0.00213066651486,0.00226821843535,0.00101609271951,-0.000147721075336,0.00221350020729],[-0.000283320841845,0.0019987442065,-0.00188176671509,-0.00164125254378,0.00600203545764,-0.00499707181007,-0.0075939334929,0.0180207099766,-0.00916071608663,0.00642643077299,-0.00850711204112,0.00363156106323,-0.00168706546538],[0.00000562655759495,-0.00207125907764,-0.000363419880159,0.00813717860729,-0.0126331131905,0.00749904243276,-0.00213066651486,-0.00916071608663,0.0330004356802,-0.0281725954264,0.0190396271646,-0.00974380970001,0.00670440495014],[-0.000310404750053,0.00243921508081,-0.00175449682865,-0.00672335689887,0.0139707280323,-0.00936734583229,0.00226821843535,0.00642643077299,-0.0281725954264,0.0520367361605,-0.038657143712,0.0177188403904,-0.0053626219742],[0.00059636431979,-0.00437898980454,0.00244480045512,0.00340478378348,-0.0122962445021,0.00829652510583,0.00101609271951,-0.00850711204112,0.0190396271646,-0.038657143712,0.0557223968208,-0.0298287086189,0.0107265673578],[0.000123091755086,0.00145795778371,0.00471415370703,-0.00996347330511,0.0108313355595,-0.00574495084584,-0.000147721075336,0.00363156106323,-0.00974380970001,0.0177188403904,-0.0298287086189,0.03892076388,-0.0170543305576],[-0.0000969812172116,-0.00160077831242,-0.00360048608854,0.00824211910367,-0.00745764560997,0.000593138742261,0.00221350020729,-0.00168706546538,0.00670440495014,-0.0053626219742,0.0107265673578,-0.0170543305576,0.028069069609]],"mean":[32.4876174927,64.7898483276,-107.649780273,-1.41248202324,14.2073869705,-17.9993686676,0.285833626986,-8.43738746643,12.8162517548,-5.93685245514,-3.18568086624,-4.62788391113,-2.90475964546]},"hfc":{"dmean":37.487411499,"dmean2":57.1945419312,"dvar":1123.36108398,"dvar2":2541.33764648,"max":530.686035156,"mean":184.026245117,"median":178.613189697,"min":1.09849770635e-16,"var":5571.33642578},"melbands":{"dmean":[0.00394261907786,0.00183432165068,0.000218941844651,0.000182432602742,0.000141950658872,0.000104700069642,0.000132834291435,0.000149850340676,0.000114875365398,0.000106504659925,0.0000873669414432,0.0000516428226547,0.0000579406550969,0.000048975860409,0.0000510339923494,0.0000473818545288,0.0000834060629131,0.0000657562777633,0.0000626330947853,0.0000659910583636,0.000101263562101,0.0000644763204036,0.0000331311202899,0.00002475013207,0.0000163870881806,0.00000926872962737,0.00000538989070265,0.00000421415779783,0.00000327508814735,0.0000024235237106,0.00000137642246045,6.9069710662e-7,4.36540716464e-7,3.49086093365e-7,2.97319132869e-7,2.3054494136e-7,1.97857758621e-7,1.73598436959e-7,1.41823420563e-7,4.16444585483e-8],"dmean2":[0.00659222900867,0.00314157851972,0.000368084874935,0.000301201129332,0.000233555547311,0.000172659521922,0.000214623229112,0.000249110162258,0.000186366480193,0.000174292727024,0.000141986703966,0.0000845784088597,0.0000947479493334,0.0000807719843579,0.0000855794423842,0.0000781854614615,0.000142044358654,0.000110349850729,0.00010410221148,0.000110745495476,0.000168404993019,0.000106641171442,0.0000532863814442,0.0000396728282794,0.0000259451007878,0.0000146322672663,0.00000853162327985,0.00000651476329949,0.00000493832703796,0.00000376694742954,0.00000212613940676,0.00000107140976979,6.75964315633e-7,5.46688568193e-7,4.61959928089e-7,3.54325692342e-7,3.01811326153e-7,2.62794912942e-7,2.13015653117e-7,6.62054091549e-8],"dvar":[0.000022572115995,0.00000554214057047,1.10354818617e-7,1.57600652528e-7,1.26570370185e-7,4.47447909835e-8,1.05957923324e-7,1.27818722717e-7,5.86194168761e-8,6.71473756597e-8,3.33599814439e-8,1.64373705758e-8,1.16491714053e-8,6.48499343114e-9,6.22243323534e-9,4.61429205956e-9,2.31410357543e-8,6.48585096741e-9,1.05936690531e-8,7.53247508811e-9,2.57376342461e-8,1.53729313723e-8,2.71033173682e-9,1.95385996271e-9,8.25561174977e-10,1.98023167308e-10,7.72706343355e-11,7.14066514251e-11,6.25475504723e-11,2.72692493586e-11,6.33894152446e-12,1.18116660116e-12,4.83713112967e-13,3.46090831774e-13,2.36082122818e-13,2.01212053204e-13,2.35752959038e-13,2.58473499765e-13,2.02695743219e-13,8.2539582943e-15],"dvar2":[0.000060117457906,0.0000147066512,2.91964198595e-7,4.06269435871e-7,3.30566876983e-7,1.10153109745e-7,2.62942819518e-7,3.40354176842e-7,1.41053533298e-7,1.7294719612e-7,8.53691943803e-8,4.45732872834e-8,2.92785351519e-8,1.53734536212e-8,1.67837548304e-8,1.12426334908e-8,6.53363017022e-8,1.77216499253e-8,2.75208122957e-8,2.05433288158e-8,6.82528735751e-8,4.04886755234e-8,6.49047704471e-9,4.7850048368e-9,1.86396698076e-9,4.8123272034e-10,1.85182619239e-10,1.5978778023e-10,1.33537736424e-10,5.66443801586e-11,1.38506150993e-11,2.70017515291e-12,1.09721964587e-12,7.87762704461e-13,5.26853788461e-13,4.56335869699e-13,5.44039802357e-13,5.42213301168e-13,4.22419233924e-13,1.86866377949e-14],"max":[0.0414547398686,0.0277508813888,0.00817604735494,0.00934897735715,0.00698672886938,0.00551375141367,0.00790243782103,0.00632627494633,0.00657417532057,0.00542381033301,0.004004097078,0.0041597741656,0.00278242863715,0.00251976260915,0.00142176577356,0.0013935409952,0.00264136213809,0.00163015304133,0.0032854906749,0.0015856953105,0.00378618389368,0.00346014369279,0.00103507144377,0.000946463667788,0.000747201906051,0.000227855474805,0.000183394527994,0.000194527674466,0.00027686014073,0.00016252543719,0.0000883690954652,0.0000276247246802,0.0000176910252776,0.0000128508509079,0.0000101087507574,0.0000127779339891,0.0000122343553812,0.0000140236516017,0.0000143462966662,0.00000318577735925],"mean":[0.00501351198182,0.00225918437354,0.00034378489363,0.000241658985033,0.000178653936018,0.00014712063421,0.000191262923181,0.000216709435335,0.000179640643182,0.000166907266248,0.000126975297462,0.0000781659982749,0.0000912148243515,0.0000815814782982,0.0000864328758325,0.0000819491688162,0.00013323345047,0.000121254124679,0.000122189958347,0.000127800885821,0.00019090709975,0.000119932985399,0.0000570787051402,0.0000414252826886,0.0000293509310723,0.000017073154595,0.00000992130208033,0.00000783206633059,0.00000623735559202,0.00000477291405332,0.00000275157003671,0.00000137573545089,8.28565134725e-7,6.49765922844e-7,5.28173245584e-7,3.88550347452e-7,3.11657913699e-7,2.6226831551e-7,2.05158940503e-7,5.71483731449e-8],"median":[0.00312917167321,0.0015666410327,0.000250670942478,0.000129499821924,0.0000754630964366,0.0000779592592153,0.0000829146010801,0.0000793436629465,0.0000770104816183,0.0000545830262126,0.0000579390034545,0.0000362702376151,0.0000448323626188,0.0000534607243026,0.0000542534507986,0.000057610366639,0.0000860350337462,0.000093638751423,0.00009019611025,0.0000923992411117,0.00012077797146,0.00008385359979,0.0000358302240784,0.0000215280051634,0.0000155879079102,0.000010029421901,0.00000591043635723,0.00000404524962505,0.00000324785901284,0.00000255114332504,0.00000149274421801,7.82754227657e-7,4.66068968308e-7,3.45170718674e-7,2.74164790426e-7,1.90501552311e-7,1.36493184755e-7,9.88227881749e-8,7.08876584099e-8,2.76693779e-8],"min":[2.00527811018e-24,2.29242900171e-24,1.26498845558e-24,1.47088253235e-24,1.90651804966e-24,1.98723350862e-24,2.83597073149e-24,1.71345893704e-24,2.56896143102e-24,1.64051849116e-24,1.71318816053e-24,1.83014369226e-24,4.04339255555e-24,3.81836288259e-24,4.43768969067e-24,2.35675686144e-24,3.36915826745e-24,3.44099746351e-24,3.42562848092e-24,4.69136605854e-24,4.65056538366e-24,5.0676211559e-24,2.9251368629e-24,4.25025791731e-24,5.42827495113e-24,4.3352221811e-24,5.42345027783e-24,3.6167493623e-24,5.78521360593e-24,4.87217573903e-24,3.80628621099e-24,6.31106946864e-24,4.91103108292e-24,4.83928339473e-24,4.877231943e-24,5.57973427278e-24,5.45001792983e-24,6.41967826035e-24,6.15745458456e-24,7.2704047932e-24],"var":[0.0000295479767374,0.00000602841782893,1.48496198449e-7,1.84704276762e-7,1.36052264565e-7,6.42884145918e-8,1.64533332736e-7,2.07750176173e-7,1.14475824375e-7,1.31243993451e-7,5.42954836646e-8,2.70012261439e-8,2.04098888901e-8,1.13916538425e-8,1.14741700585e-8,8.15773404383e-9,3.30762759404e-8,1.13979856664e-8,1.9457242928e-8,1.53229002819e-8,5.08880226846e-8,2.51019383057e-8,5.27763566183e-9,3.66101149396e-9,1.75136660729e-9,4.43802744554e-10,1.57800217337e-10,1.46700415704e-10,1.24149843184e-10,5.97536395364e-11,1.56959792386e-11,3.23000675685e-12,1.22951822334e-12,8.4795918117e-13,5.53404869673e-13,3.91026729225e-13,3.78063547265e-13,4.169850229e-13,3.12403098182e-13,1.23317595556e-14]},"melbands_crest":{"dmean":5.9262804985,"dmean2":9.74068260193,"dvar":21.5958576202,"dvar2":56.6772880554,"max":38.9464607239,"mean":17.7573318481,"median":17.0881652832,"min":1.62383544445,"var":54.4382133484},"melbands_flatness_db":{"dmean":0.039136596024,"dmean2":0.0617154948413,"dvar":0.000999289914034,"dvar2":0.00251315371133,"max":0.414131492376,"mean":0.200226843357,"median":0.195902496576,"min":0.0034875900019,"var":0.00294813816436},"melbands_kurtosis":{"dmean":5.84243249893,"dmean2":9.74346542358,"dvar":169.701828003,"dvar2":456.260101318,"max":433.754364014,"mean":5.71687889099,"median":1.8773727417,"min":-1.80287206173,"var":250.232009888},"melbands_skewness":{"dmean":0.97372853756,"dmean2":1.56810748577,"dvar":0.852315068245,"dvar2":2.18190050125,"max":17.371219635,"mean":1.97645556927,"median":1.69589102268,"min":-2.10724520683,"var":2.24526143074},"melbands_spread":{"dmean":13.3643808365,"dmean2":21.791343689,"dvar":131.865188599,"dvar2":328.197296143,"max":166.597488403,"mean":39.7450675964,"median":38.8303375244,"min":0.923396110535,"var":379.889068604},"mfcc":{"cov":[[6360.44287109,394.693481445,-493.796386719,312.556427002,-37.0483131409,-10.8117027283,18.2713947296,163.583068848,29.866437912,109.699157715,61.4905166626,86.9024429321,-48.315372467],[394.693481445,1002.421875,-325.053009033,-109.916923523,130.403198242,95.4098587036,-78.1045837402,-48.7703285217,68.8152008057,-11.2555494308,-57.6780891418,29.0053424835,61.922794342],[-493.796386719,-325.053009033,329.581054688,67.922088623,-29.4104118347,-24.998292923,37.2782211304,-2.12469244003,-23.9651851654,-4.00646018982,30.8347301483,-15.8523569107,-9.87240028381],[312.556427002,-109.916923523,67.922088623,192.609176636,-4.44449186325,-9.26311779022,41.4185295105,37.9428672791,-25.8107872009,20.0854740143,44.1112098694,4.18808555603,-20.0157241821],[-37.0483131409,130.403198242,-29.4104118347,-4.44449186325,154.276367188,71.8402481079,-7.49475955963,-19.0876674652,10.8212423325,-16.2798690796,-24.7830028534,3.69094109535,25.9699745178],[-10.8117027283,95.4098587036,-24.998292923,-9.26311779022,71.8402481079,101.596694946,8.12469482422,-8.36004638672,15.3173160553,-4.72673082352,-23.5513114929,4.09308671951,18.096282959],[18.2713947296,-78.1045837402,37.2782211304,41.4185295105,-7.49475955963,8.12469482422,92.5340118408,52.9323959351,5.56933021545,13.2525005341,23.6584434509,-5.34529733658,-7.28507757187],[163.583068848,-48.7703285217,-2.12469244003,37.9428672791,-19.0876674652,-8.36004638672,52.9323959351,97.58543396,25.7993621826,23.8310527802,30.231212616,-2.11433172226,-14.102312088],[29.866437912,68.8152008057,-23.9651851654,-25.8107872009,10.8212423325,15.3173160553,5.56933021545,25.7993621826,73.381072998,29.7851772308,2.59020519257,8.80246257782,5.0630030632],[109.699157715,-11.2555494308,-4.00646018982,20.0854740143,-16.2798690796,-4.72673082352,13.2525005341,23.8310527802,29.7851772308,67.7793579102,44.6602058411,10.4938755035,0.182946637273],[61.4905166626,-57.6780891418,30.8347301483,44.1112098694,-24.7830028534,-23.5513114929,23.6584434509,30.231212616,2.59020519257,44.6602058411,93.7310180664,32.5444641113,1.70297884941],[86.9024429321,29.0053424835,-15.8523569107,4.18808555603,3.69094109535,4.09308671951,-5.34529733658,-2.11433172226,8.80246257782,10.4938755035,32.5444641113,62.1786766052,27.7881298065],[-48.315372467,61.922794342,-9.87240028381,-20.0157241821,25.9699745178,18.096282959,-7.28507757187,-14.102312088,5.0630030632,0.182946637273,1.70297884941,27.7881298065,57.3973884583]],"icov":[[0.000226682866924,-0.0000381884019589,0.000360501318937,-0.000475866341731,0.0000811743666418,0.0000369551416952,0.000101526340586,-0.000268438801868,0.000102445759694,-0.000292727345368,0.000293338147458,-0.000390124361729,0.000198694120627],[-0.0000381884019589,0.00190575257875,0.00163591594901,-0.000117633695481,-0.000554358353838,-0.000628443609457,0.000599283201154,0.0008936143131,-0.00184564129449,0.00108617194928,-0.000749953440391,0.000801298359875,-0.00130956049543],[0.000360501318937,0.00163591594901,0.00595762161538,-0.00225580739789,0.000328244437696,-0.0000720001626178,-0.00100801046938,0.00243583857082,-0.00242421799339,0.00247168028727,-0.00250700768083,0.00241296947934,-0.00176651333459],[-0.000475866341731,-0.000117633695481,-0.00225580739789,0.00892273429781,-0.00174836209044,-0.0000725395220798,-0.00142096425407,-0.00236461497843,0.00504807755351,-0.00271694594994,-0.000913875875995,-0.00161210820079,0.00287345726974],[0.0000811743666418,-0.000554358353838,0.000328244437696,-0.00174836209044,0.0110528673977,-0.00666272873059,0.000834568054415,0.00107617524918,-0.0020197276026,0.00330030499026,-0.00113503797911,0.00197869841941,-0.00317348353565],[0.0000369551416952,-0.000628443609457,-0.0000720001626178,-0.0000725395220798,-0.00666272873059,0.0169824715704,-0.00431045470759,0.00132352218498,-0.000900434737559,-0.00270350254141,0.0050225998275,-0.00254335696809,-0.000719771545846],[0.000101526340586,0.000599283201154,-0.00100801046938,-0.00142096425407,0.000834568054415,-0.00431045470759,0.0187297128141,-0.00948759634048,0.000823577924166,0.000752767024096,-0.00251247291453,0.00268117710948,-0.00150095613208],[-0.000268438801868,0.0008936143131,0.00243583857082,-0.00236461497843,0.00107617524918,0.00132352218498,-0.00948759634048,0.0211763996631,-0.00964504294097,0.00346354045905,-0.00552562763914,0.00388783565722,0.000620343838818],[0.000102445759694,-0.00184564129449,-0.00242421799339,0.00504807755351,-0.0020197276026,-0.000900434737559,0.000823577924166,-0.00964504294097,0.0269072875381,-0.0158439427614,0.00872762221843,-0.00755375484005,0.00342843006365],[-0.000292727345368,0.00108617194928,0.00247168028727,-0.00271694594994,0.00330030499026,-0.00270350254141,0.000752767024096,0.00346354045905,-0.0158439427614,0.0331601202488,-0.0181500986218,0.00885505229235,-0.00409155432135],[0.000293338147458,-0.000749953440391,-0.00250700768083,-0.000913875875995,-0.00113503797911,0.0050225998275,-0.00251247291453,-0.00552562763914,0.00872762221843,-0.0181500986218,0.0285924058408,-0.0161485802382,0.00381738343276],[-0.000390124361729,0.000801298359875,0.00241296947934,-0.00161210820079,0.00197869841941,-0.00254335696809,0.00268117710948,0.00388783565722,-0.00755375484005,0.00885505229235,-0.0161485802382,0.0318770520389,-0.0144534977153],[0.000198694120627,-0.00130956049543,-0.00176651333459,0.00287345726974,-0.00317348353565,-0.000719771545846,-0.00150095613208,0.000620343838818,0.00342843006365,-0.00409155432135,0.00381738343276,-0.0144534977153,0.0279201827943]],"mean":[-626.413574219,135.237838745,-47.2652816772,32.5208320618,19.5315876007,14.1811408997,-1.08598780632,9.30862522125,11.6845588684,10.6503305435,2.47502565384,11.2634735107,2.78510165215]},"pitch_salience":{"dmean":0.0993661135435,"dmean2":0.159819200635,"dvar":0.00674172863364,"dvar2":0.0175656527281,"max":0.903229057789,"mean":0.543286323547,"median":0.554803311825,"min":0.0324902459979,"var":0.0179491564631},"silence_rate_20dB":{"dmean":0,"dmean2":0,"dvar":0,"dvar2":0,"max":1,"mean":1,"median":1,"min":1,"var":0},"silence_rate_30dB":{"dmean":0.0117130307481,"dmean2":0.0234289206564,"dvar":0.0115759409964,"dvar2":0.0321542881429,"max":1,"mean":0.992924213409,"median":1,"min":0,"var":0.00702534755692},"silence_rate_60dB":{"dmean":0.000976085895672,"dmean2":0.00195240997709,"dvar":0.000975134084001,"dvar2":0.00243670353666,"max":1,"mean":0.0254971329123,"median":0,"min":0,"var":0.024846419692},"spectral_centroid":{"dmean":221.224807739,"dmean2":344.530761719,"dvar":58076.53125,"dvar2":127816.046875,"max":11543.640625,"mean":1997.09997559,"median":1922.11975098,"min":374.598327637,"var":656477.3125},"spectral_complexity":{"dmean":4.42923355103,"dmean2":6.66089057922,"dvar":14.0433263779,"dvar2":29.7213420868,"max":59,"mean":32.6218147278,"median":33,"min":0,"var":81.5649337769},"spectral_contrast_coeffs":{"dmean":[0.0537685789168,0.0495752207935,0.0381348915398,0.0293955206871,0.02380441688,0.0255163758993],"dmean2":[0.0909188911319,0.08252068609,0.0636135265231,0.0498482845724,0.0396117419004,0.0408920645714],"dvar":[0.00179591425695,0.00155433092732,0.000915385084227,0.000519253197126,0.000336884753779,0.000486642791657],"dvar2":[0.00499034626409,0.00427993852645,0.00245909066871,0.00147357373498,0.000915241602343,0.00122223387007],"max":[-0.303113937378,-0.5051831007,-0.564833760262,-0.616312265396,-0.581314384937,-0.632633924484],"mean":[-0.732846200466,-0.77861815691,-0.804733753204,-0.793782293797,-0.757815301418,-0.732255518436],"median":[-0.736521422863,-0.787467479706,-0.812741160393,-0.795146167278,-0.756521344185,-0.721917390823],"min":[-0.977250397205,-0.978231728077,-0.981971025467,-0.973020255566,-0.967461466789,-0.964147090912],"var":[0.00481192208827,0.00437076948583,0.00292056798935,0.00152358307969,0.00175784272142,0.00207146233879]},"spectral_contrast_valleys":{"dmean":[0.398621737957,0.349851518869,0.305557131767,0.251524120569,0.256847113371,0.406156241894],"dmean2":[0.662069499493,0.576002180576,0.495477169752,0.40032479167,0.379630893469,0.62308049202],"dvar":[0.117393985391,0.100497856736,0.0799591243267,0.0657384246588,0.0818665325642,0.141976684332],"dvar2":[0.278704285622,0.231831282377,0.171899482608,0.135056346655,0.154012680054,0.33533090353],"max":[-5.38330221176,-4.94774484634,-5.45963478088,-5.41110944748,-5.42058944702,-8.65832519531],"mean":[-6.96634578705,-6.70291042328,-6.95528364182,-6.65165472031,-7.07961273193,-10.7146615982],"median":[-6.71167564392,-6.50431060791,-6.73883485794,-6.41877031326,-6.8392124176,-10.5146903992],"min":[-28.0956745148,-28.4232234955,-27.7282161713,-27.6750869751,-27.4388046265,-27.3872280121],"var":[3.19701361656,3.18879556656,3.17265868187,3.34649562836,3.31915283203,2.38386249542]},"spectral_decrease":{"dmean":4.57491289296e-9,"dmean2":7.50807593874e-9,"dvar":2.38345244452e-17,"dvar2":6.07909193497e-17,"max":2.16505768869e-9,"mean":-8.79518768926e-9,"median":-7.43920836044e-9,"min":-4.67643417323e-8,"var":4.3466167359e-17},"spectral_energy":{"dmean":0.017710166052,"dmean2":0.0289740841836,"dvar":0.000336349243298,"dvar2":0.000861499866005,"max":0.18612664938,"mean":0.0498867630959,"median":0.045814871788,"min":1.01874199071e-20,"var":0.000631316797808},"spectral_energyband_high":{"dmean":0.00110541610047,"dmean2":0.00172246049624,"dvar":0.00000113250337108,"dvar2":0.00000274336957773,"max":0.0179882254452,"mean":0.00352154765278,"median":0.00321464845911,"min":7.21290912051e-21,"var":0.0000038371467781},"spectral_energyband_low":{"dmean":0.0153164695948,"dmean2":0.0254392772913,"dvar":0.00029604070005,"dvar2":0.000770340149757,"max":0.146023824811,"mean":0.0220158603042,"median":0.0155940176919,"min":2.17013110671e-23,"var":0.000428789790021},"spectral_energyband_middle_high":{"dmean":0.00353412260301,"dmean2":0.00557399215177,"dvar":0.0000134435249493,"dvar2":0.0000339965117746,"max":0.0553318522871,"mean":0.0116705400869,"median":0.0103180771694,"min":1.23930992319e-21,"var":0.0000486624194309},"spectral_energyband_middle_low":{"dmean":0.00259230239317,"dmean2":0.00420421501622,"dvar":0.0000115144675874,"dvar2":0.0000299553157674,"max":0.0428721904755,"mean":0.00583708612248,"median":0.00433228909969,"min":1.35929569212e-22,"var":0.0000245440041908},"spectral_entropy":{"dmean":0.103002548218,"dmean2":0.162477090955,"dvar":0.00857037305832,"dvar2":0.0195059310645,"max":9.82040882111,"mean":7.71329307556,"median":7.72466516495,"min":6.72584152222,"var":0.0681029111147},"spectral_flux":{"dmean":0.0283029340208,"dmean2":0.0476220846176,"dvar":0.000725920137484,"dvar2":0.00202840403654,"max":0.333084881306,"mean":0.136794447899,"median":0.134455174208,"min":6.43344474915e-11,"var":0.00174201547634},"spectral_kurtosis":{"dmean":3.98508763313,"dmean2":6.10175180435,"dvar":15.6038475037,"dvar2":37.0769309998,"max":58.5560150146,"mean":24.6078853607,"median":22.8553066254,"min":-1.25428020954,"var":84.4462890625},"spectral_rms":{"dmean":0.00117817369755,"dmean2":0.00189936498646,"dvar":0.00000116864509891,"dvar2":0.00000297053429676,"max":0.0134754208848,"mean":0.00671210838482,"median":0.00668561412022,"min":3.15260946689e-12,"var":0.00000361773550139},"spectral_rolloff":{"dmean":5235.10400391,"dmean2":9955.59082031,"dvar":52726040,"dvar2":116756240,"max":22050,"mean":12079.6240234,"median":18626.2207031,"min":21.533203125,"var":75714240},"spectral_skewness":{"dmean":0.299961864948,"dmean2":0.45458522439,"dvar":0.0776448249817,"dvar2":0.176794916391,"max":6.01123857498,"mean":3.39843916893,"median":3.28072190285,"min":-0.0832921788096,"var":0.647770166397},"spectral_spread":{"dmean":323456,"dmean2":518459.84375,"dvar":375542087680,"dvar2":857585352704,"max":51725828,"mean":3949055.25,"median":3628540.75,"min":2163364.5,"var":9145526779900},"spectral_strongpeak":{"dmean":1.18816876411,"dmean2":2.20446491241,"dvar":18.7042827606,"dvar2":54.6513824463,"max":59.3610076904,"mean":0.914890766144,"median":0.197098597884,"min":0,"var":13.2399501801},"zerocrossingrate":{"dmean":0.0380463190377,"dmean2":0.0474841743708,"dvar":0.00104511261452,"dvar2":0.00176603568252,"max":0.9990234375,"mean":0.274401664734,"median":0.2578125,"min":0.05029296875,"var":0.0102897351608}},"metadata":{"audio_properties":{"analysis_sample_rate":44100,"bit_rate":320000,"codec":"mp3","downmix":"mix","equal_loudness":0,"length":190.303100586,"lossless":false,"md5_encoded":"b8c296675002791ac6326f9b8294293b","replay_gain":-6.8605632782,"sample_rate":44100},"tags":{"album":["Projects in the Jungle"],"albumartist":["Pantera"],"albumartistsort":["Pantera"],"artist":["Pantera"],"artistsort":["Pantera"],"catalognumber":["MMR 1984"],"date":["1984"],"discnumber":["1/1"],"file_name":"02. Pantera - Out for Blood.mp3","genre":["Thrash Metal"],"label":["Metal Magic Records"],"musicbrainz album release country":["US"],"musicbrainz album status":["official"],"musicbrainz album type":["album"],"musicbrainz_albumartistid":["541f16f5-ad7a-428e-af89-9fa1b16d3c9c"],"musicbrainz_albumid":["b106b1bf-cff8-466a-bb66-f21727b9b9da"],"musicbrainz_artistid":["541f16f5-ad7a-428e-af89-9fa1b16d3c9c"],"musicbrainz_recordingid":["029d2d31-cabd-4c49-be10-8cac4180ef44"],"musicip_puid":["798af88f-8649-4895-b210-bb2e83f09524"],"replaygain_album_gain":["-6.47 dB"],"replaygain_album_peak":["0.99337769"],"replaygain_track_gain":["-7.27 dB"],"replaygain_track_peak":["0.90521240"],"title":["Out for Blood"],"tracknumber":["2/10"]},"version":{"essentia":"2.1-beta1","essentia_build_sha":"ca57ba49d9b1854bd80e60cf9ccf267278fb7d6b","essentia_git_sha":"v2.1_beta1-28-g21ef5f4-dirty","extractor":"music 1.0"}},"rhythm":{"beats_count":378,"beats_loudness":{"dmean":0.02055230923,"dmean2":0.0348649397492,"dvar":0.000345528271282,"dvar2":0.000914949981961,"max":0.142966404557,"mean":0.0544583052397,"median":0.0502571389079,"min":0,"var":0.000672269845381},"beats_loudness_band_ratio":{"dmean":[0.172473594546,0.0369200892746,0.0431454256177,0.0387158729136,0.0750788599253,0.0761611908674],"dmean2":[0.290749549866,0.0665726214647,0.0738654509187,0.068032450974,0.127679020166,0.129049822688],"dvar":[0.018419386819,0.00334613141604,0.00217210571282,0.00167017197236,0.00551243685186,0.0057230014354],"dvar2":[0.0478107519448,0.00948013737798,0.00553052453324,0.00445550121367,0.0146009558812,0.0162350554019],"max":[0.913648724556,0.6660