{"lowlevel":{"average_loudness":0.909927666187,"barkbands":{"dmean":[0.000531769590452,0.00398579984903,0.00200807396322,0.00135160889477,0.00102876417805,0.000978476367891,0.000833872763906,0.000465729361167,0.000517718144692,0.000681235804223,0.000533620768692,0.000647393695544,0.000630085705779,0.000800855224952,0.000681833189446,0.000194704654859,0.00028034101706,0.000238141234149,0.000165712248418,0.000222634247621,0.000191173749045,0.0000989133623079,0.0000659011784592,0.000203965915716,0.0000864438261488,0.0000482465875393,1.41872469328e-9],"dmean2":[0.000838019535877,0.00633219443262,0.00333627918735,0.00228505139239,0.00169364153408,0.00150272098836,0.00124698120635,0.000699806667399,0.000749414495658,0.000966712308582,0.000783320749179,0.00101583288051,0.000948651460931,0.00119903858285,0.00108312128577,0.000313704280416,0.000448411126854,0.000368051812984,0.000257787643932,0.000343653984601,0.000292879965855,0.000150583335198,0.0000970954351942,0.000294161349302,0.00012653786689,0.00007069206913,2.64288368967e-9],"dvar":[0.00000107167284114,0.0000257322390098,0.00000780376558396,0.00000508773109686,0.0000020497254809,0.00000557750536245,0.00000329453996528,9.34373872497e-7,0.00000147598348121,0.00000187729199297,0.00000162341927989,0.0000011019685644,0.00000108107178676,0.0000028685972211,0.00000140450595154,1.31961613192e-7,1.99805768375e-7,1.7722234702e-7,1.15022302793e-7,1.96943190645e-7,1.97731679918e-7,4.68511309748e-8,2.26633041223e-8,3.68165387954e-7,2.71222830861e-8,7.9653270646e-9,3.84462919444e-18],"dvar2":[0.00000222211156142,0.0000586334790569,0.000020152047,0.0000142237313412,0.00000529757699042,0.0000119950291264,0.00000636656295683,0.00000182722840236,0.00000237550420934,0.00000322775485984,0.00000306832271235,0.00000260551678366,0.00000236845539803,0.00000511863299835,0.00000318845832226,3.08644843017e-7,4.83507051285e-7,4.06349158766e-7,2.48708204253e-7,4.60821553361e-7,4.6283898314e-7,1.07746714662e-7,4.70507472983e-8,7.31307409296e-7,5.74625609318e-8,1.6094301003e-8,1.23387727832e-17],"max":[0.0210213400424,0.0478513985872,0.0271635390818,0.0281232409179,0.0221171732992,0.0481940358877,0.0421026349068,0.0412435680628,0.0246731732041,0.0330499112606,0.02629429847,0.0124519076198,0.0173365697265,0.0805125385523,0.0194078218192,0.0064880461432,0.00472358101979,0.00677040871233,0.00929685123265,0.00706751924008,0.00958020798862,0.00665163807571,0.00415346119553,0.011425729841,0.00253106770106,0.00135255500209,1.89978202059e-8],"mean":[0.000744401884731,0.00964732374996,0.0036606634967,0.001716573257,0.00174012745265,0.00197726627812,0.00176370772533,0.000852126977406,0.00091415992938,0.00125445995945,0.000838197069243,0.00105127051938,0.00105423422065,0.00119313027244,0.000988940475509,0.000320647610351,0.000470661645522,0.00045704835793,0.000325918546878,0.00035915535409,0.000312284566462,0.000174889704795,0.000112608846393,0.000291888572974,0.000151135216583,0.0000823609807412,1.16029497121e-9],"median":[0.000230944395298,0.00621130736545,0.00179036776535,0.0007656092057,0.00118407059927,0.000626350054517,0.000586862093769,0.000362174178008,0.000302306085359,0.000428069237387,0.000269575684797,0.000518237531651,0.000561683671549,0.000561828375794,0.00048419018276,0.000159468108905,0.0002406785934,0.000208972312976,0.000188194011571,0.00015113952395,0.000100716788438,0.0000937660079217,0.0000458226568298,0.0000524448150827,0.0000448434511782,0.0000195874399651,4.28381996542e-10],"min":[1.29962467552e-25,2.34755617949e-24,2.76406433434e-25,1.62237784578e-24,7.0178912063e-24,3.4896784644e-24,5.62660996549e-24,7.43914135196e-24,1.21793339562e-23,1.02318998608e-23,1.09349429547e-23,1.4793880898e-23,2.82413718682e-23,4.42700157203e-23,3.57100576388e-23,3.84461775123e-23,6.50535660103e-23,9.1889042595e-23,1.00904447942e-22,1.67113177686e-22,2.38716327626e-22,2.74427290878e-22,3.37947481682e-22,5.39312065862e-22,8.4867842275e-22,1.31870340905e-21,1.9134555591e-21],"var":[0.00000247722573476,0.0000978772295639,0.0000190940354514,0.00000651293748888,0.00000361662819159,0.0000209022309718,0.0000127519870148,0.0000025392059797,0.00000434694356954,0.00000623246023679,0.00000313052601086,0.00000208006008506,0.00000222286507778,0.00000648999730402,0.00000218472791857,2.56664804965e-7,3.8290380644e-7,4.28724717949e-7,2.38295044142e-7,3.40021955481e-7,3.27978256109e-7,8.19699863541e-8,3.99491568714e-8,6.61722026507e-7,6.37145447513e-8,2.01755288032e-8,3.22725901515e-18]},"barkbands_crest":{"dmean":2.34375739098,"dmean2":3.62497496605,"dvar":5.06070709229,"dvar2":11.2998361588,"max":25.1068725586,"mean":9.62885570526,"median":8.64897632599,"min":2.13839888573,"var":18.506685257},"barkbands_flatness_db":{"dmean":0.0186457522213,"dmean2":0.0283495243639,"dvar":0.000303317676298,"dvar2":0.000641711521894,"max":0.432648509741,"mean":0.133645057678,"median":0.119649633765,"min":0.0254142787308,"var":0.00293833808973},"barkbands_kurtosis":{"dmean":2.68625688553,"dmean2":4.18096160889,"dvar":103.25163269,"dvar2":245.349273682,"max":426.916656494,"mean":4.22391271591,"median":1.00870800018,"min":-1.77209484577,"var":290.100036621},"barkbands_skewness":{"dmean":0.487208366394,"dmean2":0.733234524727,"dvar":0.306699901819,"dvar2":0.654314160347,"max":14.9557476044,"mean":1.29699778557,"median":1.13364481926,"min":-2.18587613106,"var":2.23463010788},"barkbands_spread":{"dmean":5.76813840866,"dmean2":8.72118186951,"dvar":38.4182052612,"dvar2":78.3731842041,"max":115.274742126,"mean":25.4297885895,"median":24.4958553314,"min":0.526875555515,"var":174.770950317},"dissonance":{"dmean":0.0157141443342,"dmean2":0.0261261817068,"dvar":0.000226658157771,"dvar2":0.000590001582168,"max":0.499962717295,"mean":0.463038563728,"median":0.472176879644,"min":0.204851001501,"var":0.00146139157005},"dynamic_complexity":3.93908667564,"erbbands":{"dmean":[0.121687404811,0.958904325962,2.33476829529,3.44553947449,3.98641848564,3.07553172112,5.08883619308,8.18702125549,14.2017087936,8.47535800934,11.7192173004,12.5954780579,23.5509586334,13.4876003265,21.3460025787,26.9164142609,25.7320137024,46.6145591736,38.969959259,20.5974254608,13.3548593521,11.8652534485,10.0034589767,12.2290239334,8.68857574463,12.5701522827,9.37104320526,4.1633682251,2.98896741867,3.37028074265,2.14385890961,2.06112670898,3.92154431343,1.74765861034,0.452458500862,0.240964874625,0.113655678928,0.00522703537717,0.000112075060315,0.0000149234447235],"dmean2":[0.203574180603,1.49620139599,3.84508347511,5.69760370255,6.64012527466,5.09999799728,8.2015953064,12.6093864441,21.2028388977,13.1070108414,17.0865497589,17.8824863434,33.00258255,19.7672710419,31.6415901184,42.3332176208,38.7430725098,69.1317138672,61.5698776245,32.0908355713,21.4742584229,18.4893684387,15.4649963379,19.3246517181,13.222360611,19.3201084137,14.3308286667,6.35080623627,4.51935815811,5.13407564163,3.18525958061,3.09450244904,5.629758358,2.52725315094,0.674418568611,0.358431369066,0.164639979601,0.00762103218585,0.000159813411301,0.0000211362894333],"dvar":[0.0290088932961,1.53511953354,9.21602916718,31.4450435638,34.3580322266,20.4971866608,90.0622940063,496.907226562,1161.55126953,465.523895264,610.49798584,1055.4362793,2577.73852539,784.405761719,1540.10095215,1869.95214844,1999.69311523,8343.59960938,4478.14697266,2001.97717285,471.376556396,386.47064209,286.491271973,622.497558594,434.714996338,635.282531738,580.1796875,53.5257530212,25.2748794556,95.6985015869,17.6927928925,22.5744400024,160.767379761,14.9638671875,0.690246343613,0.185558542609,0.0537472851574,0.000101895893749,4.1686810448e-8,3.39787004089e-10],"dvar2":[0.080402366817,3.34205508232,23.0617408752,85.2616271973,91.3131561279,55.4243469238,223.469329834,1067.94689941,2097.61914062,956.918334961,1074.35888672,1636.20336914,4264.98193359,1483.01513672,3161.49560547,4631.87060547,4366.60205078,15188.0292969,10293.8652344,4402.76220703,1123.87402344,874.033569336,670.757568359,1467.92736816,899.606933594,1467.80749512,1379.99487305,120.979919434,51.6056938171,229.874435425,37.8180809021,49.9911346436,315.119384766,29.666305542,1.49881410599,0.387132614851,0.113232940435,0.00021474751702,8.43899741199e-8,6.32623398111e-10],"max":[2.20620512962,12.3463611603,33.4764900208,66.8296585083,79.4809875488,58.7991294861,176.234466553,448.84664917,858.177978516,473.351501465,1136.1595459,684.065979004,1309.23413086,634.228271484,601.39666748,645.388000488,848.577392578,4002.5612793,1167.7956543,901.447265625,417.082885742,233.393249512,277.608123779,582.210998535,647.884094238,387.760986328,651.660766602,125.490531921,112.674064636,250.382797241,77.3605499268,92.3138198853,234.618408203,61.3015289307,13.6341018677,5.18043041229,4.02066898346,0.170432478189,0.00329226162285,0.000338659447152],"mean":[0.226748019457,2.31270694733,4.86215782166,5.20656442642,5.64047956467,4.86431217194,9.48746871948,15.8034543991,30.7654705048,16.7524051666,22.8775272369,23.8986129761,43.1837501526,26.5590229034,38.1211242676,44.4252662659,45.9241027832,73.1304550171,57.4201126099,32.5761680603,23.9950942993,22.0795764923,21.1791343689,23.1535606384,16.5445270538,20.1732521057,15.3681716919,7.46734523773,5.58136463165,5.2351026535,3.68955016136,3.20578885078,5.44730997086,2.74579334259,0.801719665527,0.40946495533,0.178968250751,0.00847963616252,0.00020397962362,0.000051643804909],"median":[0.119684010744,1.48967564106,3.45223355293,2.95871424675,3.26210355759,3.20647549629,4.84838342667,4.06117534637,9.35206317902,6.30923366547,10.0440797806,7.7788772583,14.4080972672,13.3221502304,16.868730545,25.6086101532,26.2491760254,36.5934257507,30.5118083954,16.4215679169,13.9195108414,11.374121666,10.9412117004,12.9163703918,8.44265937805,7.86793041229,4.5971159935,3.51525473595,3.25939846039,2.23874139786,1.42655837536,0.957800149918,0.877925872803,0.551299273968,0.294054985046,0.117457307875,0.0342514775693,0.00169182266109,0.0000590655035921,0.0000461893214379],"min":[8.90452747624e-23,1.71311015796e-22,1.25498586418e-21,5.03920044754e-21,1.15260897517e-20,2.42814619821e-20,3.86977644149e-20,6.1145804803e-20,7.33155121571e-20,1.90154036972e-19,2.36187051651e-19,3.7056468766e-19,4.56772132782e-19,5.20461265937e-19,9.3657710972e-19,1.11665246792e-18,1.498115286e-18,2.06154377677e-18,2.10098643671e-18,1.84355707674e-18,2.94460912509e-18,3.63697377346e-18,5.15725481154e-18,4.9178414453e-18,6.13552368529e-18,7.37879186239e-18,9.58235386493e-18,7.9391082929e-18,9.2935677423e-18,1.18346384599e-17,9.37138889433e-18,9.91614357597e-18,9.66849810828e-18,8.80915423197e-18,6.1230390483e-18,4.00790802991e-18,2.16157431465e-18,9.4212407951e-19,2.49393403721e-19,2.79703046199e-20],"var":[0.0741454809904,5.99619245529,26.3651351929,46.0446853638,52.3205490112,29.0834732056,218.542541504,1712.40600586,4523.56494141,1378.95690918,1723.04956055,3190.58862305,8743.34570312,1786.8338623,3333.00073242,3004.56933594,4057.05200195,18826.2011719,6924.31835938,3124.48852539,994.500915527,846.085510254,763.976379395,1166.52612305,884.238952637,1107.52282715,921.406494141,110.228561401,55.8131599426,123.789466858,37.0797157288,40.6348075867,286.452941895,32.7091064453,1.57438671589,0.442000955343,0.118424527347,0.000238879074459,1.07951898087e-7,1.53742951703e-9]},"erbbands_crest":{"dmean":2.24806165695,"dmean2":3.583507061,"dvar":4.43733024597,"dvar2":10.7072649002,"max":27.5414409637,"mean":8.45269489288,"median":7.67230796814,"min":2.17011451721,"var":12.7481079102},"erbbands_flatness_db":{"dmean":0.0141906263307,"dmean2":0.0217125713825,"dvar":0.000170291677932,"dvar2":0.00039501755964,"max":0.322055846453,"mean":0.141588896513,"median":0.136416986585,"min":0.037399597466,"var":0.00156913080718},"erbbands_kurtosis":{"dmean":0.663057684898,"dmean2":1.0500844717,"dvar":0.55129212141,"dvar2":1.3556599617,"max":38.7187271118,"mean":0.743564426899,"median":0.126702547073,"min":-1.6374591589,"var":10.7385568619},"erbbands_skewness":{"dmean":0.271543473005,"dmean2":0.423368692398,"dvar":0.0574735142291,"dvar2":0.134253010154,"max":5.20419645309,"mean":0.20515063405,"median":0.10258410871,"min":-1.3821618557,"var":0.503220260143},"erbbands_spread":{"dmean":6.60085630417,"dmean2":10.3661403656,"dvar":46.9287986755,"dvar2":112.43447876,"max":153.592483521,"mean":35.0593948364,"median":33.2363204956,"min":4.45548963547,"var":235.387969971},"gfcc":{"cov":[[68740.6171875,2810.16772461,-7341.63623047,1650.68322754,-1961.91149902,1813.06359863,-1696.06738281,851.242248535,-1675.11486816,516.622070312,-1041.13525391,-202.394515991,-681.78302002],[2810.16772461,1678.13964844,-183.647964478,-5.64440536499,-100.811340332,-75.3456726074,-35.8180656433,-111.400642395,60.8403816223,-27.0888252258,136.045227051,-18.8702430725,6.06025457382],[-7341.63623047,-183.647964478,1283.27819824,-141.531539917,187.350570679,-178.211975098,150.463821411,-80.6528320312,153.78477478,35.794254303,91.8367080688,33.4880867004,39.6904220581],[1650.68322754,-5.64440536499,-141.531539917,343.43649292,45.9525299072,119.760452271,-32.7753295898,40.6314964294,-24.07172966,-12.9729509354,-21.7795143127,-18.1139278412,25.6445503235],[-1961.91149902,-100.811340332,187.350570679,45.9525299072,283.01071167,11.1153478622,130.471618652,-18.266078949,73.1704788208,-51.3900909424,17.6033649445,-8.64285850525,49.304233551],[1813.06359863,-75.3456726074,-178.211975098,119.760452271,11.1153478622,213.508255005,11.5720643997,46.7108421326,-40.9917602539,1.6654907465,-50.2774505615,-37.0508232117,-10.8690633774],[-1696.06738281,-35.8180656433,150.463821411,-32.7753295898,130.471618652,11.5720643997,179.671813965,14.0744113922,67.3388290405,-36.4653739929,23.2648010254,-13.8847665787,23.1157207489],[851.242248535,-111.400642395,-80.6528320312,40.6314964294,-18.266078949,46.7108421326,14.0744113922,117.687347412,-6.03654336929,18.0681724548,-29.3066043854,0.25557166338,-17.0573139191],[-1675.11486816,60.8403816223,153.78477478,-24.07172966,73.1704788208,-40.9917602539,67.3388290405,-6.03654336929,138.520507812,3.11629891396,52.4315643311,-0.640911519527,26.0936889648],[516.622070312,-27.0888252258,35.794254303,-12.9729509354,-51.3900909424,1.6654907465,-36.4653739929,18.0681724548,3.11629891396,110.171638489,7.480240345,8.86219120026,-21.4184551239],[-1041.13525391,136.045227051,91.8367080688,-21.7795143127,17.6033649445,-50.2774505615,23.2648010254,-29.3066043854,52.4315643311,7.480240345,112.349769592,17.1048965454,26.163690567],[-202.394515991,-18.8702430725,33.4880867004,-18.1139278412,-8.64285850525,-37.0508232117,-13.8847665787,0.25557166338,-0.640911519527,8.86219120026,17.1048965454,81.3148269653,9.61742973328],[-681.78302002,6.06025457382,39.6904220581,25.6445503235,49.304233551,-10.8690633774,23.1157207489,-17.0573139191,26.0936889648,-21.4184551239,26.163690567,9.61742973328,75.4475250244]],"icov":[[0.000178848422365,-0.000388091575587,0.000640744692646,-0.000259060529061,0.0000100993001979,-0.000564576184843,0.000446480989922,-0.000564183399547,0.00087278324645,-0.000919845246244,0.000682162994053,-0.000213392748265,0.0002736983879],[-0.000388091575587,0.00163232930936,-0.00119170977268,0.000353451556293,0.000433139706729,0.00137749593705,-0.00110868609045,0.00197652890347,-0.00233139726333,0.00225695990957,-0.00234808097593,0.000720846350305,-0.000259985623416],[0.000640744692646,-0.00119170977268,0.00352005311288,-0.000935365096666,-0.000350252579665,-0.00118810776621,0.000772627245169,-0.00118388887495,0.00260788598098,-0.00418351776898,0.00231575430371,-0.000927075743675,0.00113086018246],[-0.000259060529061,0.000353451556293,-0.000935365096666,0.00499541824684,-0.00168629584368,-0.00160068075638,0.00206026807427,-0.001073947642,-0.00107275310438,0.00192399311345,-0.00147184310481,0.000738743692636,-0.00224447180517],[0.0000100993001979,0.000433139706729,-0.000350252579665,-0.00168629584368,0.00726717058569,-0.000158198032295,-0.00427634129301,0.00209345365874,-0.00177937292028,0.00134411349427,0.000875241530593,-0.000316421646858,-0.00144064263441],[-0.000564576184843,0.00137749593705,-0.00118810776621,-0.00160068075638,-0.000158198032295,0.00997653976083,-0.00395811488852,0.00116747722495,-0.0011033116607,0.00119150860701,-0.00051917124074,0.0029262881726,-0.000499250541907],[0.000446480989922,-0.00110868609045,0.000772627245169,0.00206026807427,-0.00427634129301,-0.00395811488852,0.0134448651224,-0.00533745624125,-0.000298436178127,0.0010054128943,-0.000156321068062,0.000942069047596,0.000238088410697],[-0.000564183399547,0.00197652890347,-0.00118388887495,-0.001073947642,0.00209345365874,0.00116747722495,-0.00533745624125,0.0143822170794,-0.00438812049106,0.000679443764966,0.0000791907077655,-0.00117255724035,0.00125034386292],[0.00087278324645,-0.00233139726333,0.00260788598098,-0.00107275310438,-0.00177937292028,-0.0011033116607,-0.000298436178127,-0.00438812049106,0.0164989568293,-0.00642139650881,0.0000306877700496,0.000463488308014,-0.000428748433478],[-0.000919845246244,0.00225695990957,-0.00418351776898,0.00192399311345,0.00134411349427,0.00119150860701,0.0010054128943,0.000679443764966,-0.00642139650881,0.0171271786094,-0.00564938178286,0.000371808651835,0.00118692079559],[0.000682162994053,-0.00234808097593,0.00231575430371,-0.00147184310481,0.000875241530593,-0.00051917124074,-0.000156321068062,0.0000791907077655,0.0000306877700496,-0.00564938178286,0.0168597158045,-0.00298999459483,-0.0020257961005],[-0.000213392748265,0.000720846350305,-0.000927075743675,0.000738743692636,-0.000316421646858,0.0029262881726,0.000942069047596,-0.00117255724035,0.000463488308014,0.000371808651835,-0.00298999459483,0.0148424683139,-0.00258487975225],[0.0002736983879,-0.000259985623416,0.00113086018246,-0.00224447180517,-0.00144064263441,-0.000499250541907,0.000238088410697,0.00125034386292,-0.000428748433478,0.00118692079559,-0.0020257961005,-0.00258487975225,0.0185128916055]],"mean":[-37.3496170044,83.3412094116,-109.660453796,31.6938056946,-47.9050331116,28.1407642365,-34.9336280823,13.9111232758,-26.204706192,12.1243095398,-12.8238096237,0.215307146311,-12.4662780762]},"hfc":{"dmean":9.16507339478,"dmean2":12.4479570389,"dvar":170.521621704,"dvar2":307.592010498,"max":201.860916138,"mean":26.8501396179,"median":19.5676460266,"min":1.05603720202e-16,"var":661.817565918},"melbands":{"dmean":[0.00106381089427,0.00119464343879,0.000584301131312,0.000248966796789,0.000158490496688,0.000194285123143,0.000206473807339,0.0000851191143738,0.0000965841391007,0.0000775544540375,0.000117390249216,0.0000535547733307,0.000078843695519,0.0000769990147091,0.0000558552819712,0.0000606204375799,0.0000945628271438,0.0000639060235699,0.0000320813524013,0.0000215131276491,0.0000182465373655,0.0000156363348651,0.00000854430709296,0.0000120870126921,0.0000105702129076,0.00000635344349575,0.00000742086876926,0.00000825259303383,0.00000610329288975,0.00000551530183657,0.0000020211316496,0.00000171932936155,0.00000207793118534,0.00000181054667792,0.00000146138313539,9.01462442471e-7,0.00000136987421229,0.00000201377656595,0.00000380823485102,9.34213630899e-7],"dmean2":[0.00171953591052,0.00191939086653,0.000971897505224,0.000412094668718,0.000256046332652,0.000296988786431,0.000307517766487,0.000132780245622,0.000139762152685,0.000111044566438,0.000164793658769,0.0000787091412349,0.000116094939585,0.000119993412227,0.0000866643895279,0.0000906578934519,0.000140597505379,0.000100599434518,0.000050263653975,0.00003379028567,0.0000297216065519,0.0000246401723416,0.0000133114717755,0.0000187707792065,0.0000167759026226,0.00000974556587607,0.0000116283081297,0.0000127487373902,0.00000935304979066,0.00000852585162647,0.00000313062196255,0.00000261781087829,0.0000032460040984,0.00000276005243904,0.00000221790355681,0.00000136336132073,0.00000209422455555,0.00000290027969641,0.00000550337472305,0.00000139522694553],"dvar":[0.00000191432218344,0.00000205914511753,7.98949713499e-7,1.18550445904e-7,7.75290018851e-8,2.71516711337e-7,2.30057054296e-7,4.15085708028e-8,4.0753668884e-8,3.21963007366e-8,6.30365804e-8,1.3621420436e-8,2.98206010996e-8,1.53983759077e-8,8.25761325984e-9,9.68415836411e-9,4.0024740855e-8,1.1415232315e-8,3.22138982156e-9,1.84208048815e-9,9.42956934757e-10,7.08141045802e-10,2.61125954193e-10,4.1820505392e-10,4.98015684247e-10,2.8283736464e-10,2.14717410518e-10,2.78705530876e-10,4.67395622206e-10,1.66706065619e-10,1.68957955266e-11,8.15511373708e-12,2.08228660009e-11,3.15648028548e-11,8.05863622361e-12,3.10067531546e-12,1.33787234763e-11,3.92420089479e-11,1.25389143513e-10,3.0556809253e-12],"dvar2":[0.00000469110227641,0.00000501014710608,0.00000219801518142,3.10476167442e-7,1.9500879489e-7,5.62407024063e-7,4.20206049512e-7,9.02560159943e-8,7.12463545938e-8,5.16883140733e-8,1.04215246211e-7,2.54981049608e-8,5.77292063042e-8,3.5781205554e-8,1.94698941414e-8,2.08156567538e-8,7.19076922451e-8,2.61699319992e-8,7.10427228157e-9,4.10853262522e-9,2.30036389937e-9,1.62943980531e-9,5.91378335191e-10,9.65492574778e-10,1.18485665723e-9,5.7777427287e-10,5.07450470533e-10,6.57120857728e-10,1.12323972346e-9,3.86084025861e-10,3.8992361423e-11,1.65157002657e-11,4.98163177376e-11,7.24124163409e-11,1.76883854786e-11,6.67468294177e-12,3.09070997961e-11,7.61273960537e-11,2.49801845875e-10,6.57926924746e-12],"max":[0.0141557957977,0.015791349113,0.00971641391516,0.00439833151177,0.00493662711233,0.0111326891929,0.0113276131451,0.00424701813608,0.00869651790708,0.00369293964468,0.0064491815865,0.00283195776865,0.00318592227995,0.00136073748581,0.00139479676727,0.0015918269055,0.0092138312757,0.00197399617173,0.000956053670961,0.000712520617526,0.000511745689437,0.000328268099111,0.00029513266054,0.000268561212579,0.000527809781488,0.000497482018545,0.00026737205917,0.000242902780883,0.000671551912092,0.000271713477559,0.0000904451080714,0.0000927513319766,0.000103610429505,0.000136204398586,0.0000564905676583,0.0000373399489035,0.0000859901338117,0.000121105302242,0.000202966562938,0.0000339346734108],"mean":[0.00244791503064,0.0028348909691,0.000919196812902,0.000373791961465,0.000289645569865,0.000379519769922,0.000456901878351,0.000165005752933,0.000188043020898,0.000142847085954,0.000211582169868,0.000100038014352,0.000131503300508,0.0001252652728,0.0000921749669942,0.000105058265035,0.000139776602737,0.0000918454315979,0.0000488712612423,0.000033542750316,0.0000292053427984,0.0000261767163465,0.0000161944517458,0.0000224932718993,0.0000181836003321,0.000010883349205,0.0000127038656501,0.0000125699498312,0.00000935611114983,0.00000827800158731,0.00000332776744472,0.0000030628211789,0.00000329418412548,0.00000259555304183,0.00000232112506637,0.00000155070404162,0.00000195531811187,0.00000288326759801,0.00000505386196892,0.000001549019089],"median":[0.00152521487325,0.00246455869637,0.00058692379389,0.000237942178501,0.000162252006703,0.0000974493159447,0.000142477758345,0.0000657324271742,0.0000772080820752,0.0000481375354866,0.0000698886215105,0.0000479119480588,0.0000512100996275,0.0000619540151092,0.0000544881550013,0.000055582710047,0.0000631073125987,0.0000465124321636,0.0000251158144238,0.0000160309464263,0.0000154337758431,0.0000126258300952,0.00000656853353576,0.0000115033089969,0.00000932997045311,0.00000475121169075,0.00000574783007323,0.00000446161311629,0.00000285442092718,0.00000201898137675,0.00000175410161773,0.00000178462346412,0.00000156948158292,9.97620077214e-7,8.36656852243e-7,5.7324041336e-7,5.28577572823e-7,6.21911226517e-7,5.30521106157e-7,4.14733989373e-7],"min":[1.14339866185e-24,9.52211713372e-25,1.33634743256e-24,1.09275477782e-24,1.59474779536e-24,8.07507604868e-25,1.07256743282e-24,1.50431899346e-24,1.96455237709e-24,2.16330568495e-24,2.15609687678e-24,1.52994878845e-24,2.46375657412e-24,3.01139406972e-24,2.69054659019e-24,2.93470712618e-24,3.41925448481e-24,2.78839571359e-24,2.37585262016e-24,2.17486841367e-24,3.15933960768e-24,3.69975015131e-24,4.00690261109e-24,4.1838890772e-24,3.43058331627e-24,4.07161366e-24,4.1367751485e-24,3.48946152765e-24,4.7007144547e-24,4.65381233515e-24,3.82658241879e-24,4.9987902809e-24,4.34770156619e-24,5.28793462394e-24,4.87596187695e-24,4.87036530325e-24,5.47379735295e-24,5.99828690858e-24,6.5419729999e-24,6.32854115997e-24],"var":[0.00000662379943606,0.00000678103697282,0.00000115796501632,1.8826445114e-7,1.77449408056e-7,9.91431875264e-7,9.34273884923e-7,1.21062655012e-7,1.2095837576e-7,9.70041682535e-8,2.13067025356e-7,2.98633651141e-8,5.91170064013e-8,3.0235945303e-8,1.47002925388e-8,2.09833217468e-8,8.9127574654e-8,1.87818169906e-8,5.31536281656e-9,3.10641157242e-9,1.75530046054e-9,1.38115197057e-9,6.49415909937e-10,9.50612588646e-10,8.4855450444e-10,5.32836441636e-10,3.96876725928e-10,4.59635107752e-10,6.26779406154e-10,2.86379364667e-10,2.64116194193e-11,1.84115101637e-11,3.03695506243e-11,3.93629503992e-11,1.54359042909e-11,7.2291027331e-12,1.95263614305e-11,7.08328812271e-11,2.30702054682e-10,6.98979546118e-12]},"melbands_crest":{"dmean":3.01696658134,"dmean2":4.74461841583,"dvar":7.95036792755,"dvar2":18.9037780762,"max":39.1732406616,"mean":14.1299781799,"median":14.0747585297,"min":1.30610978603,"var":35.8858146667},"melbands_flatness_db":{"dmean":0.0246266871691,"dmean2":0.0358553938568,"dvar":0.00057933566859,"dvar2":0.00114790187217,"max":0.539464950562,"mean":0.185509204865,"median":0.174344018102,"min":0.000530126795638,"var":0.00728140445426},"melbands_kurtosis":{"dmean":9.90007781982,"dmean2":15.738409996,"dvar":5295.10839844,"dvar2":13780.6582031,"max":3367.63769531,"mean":15.749797821,"median":5.24275875092,"min":-1.4477199316,"var":7417.43798828},"melbands_skewness":{"dmean":0.724900364876,"dmean2":1.09633481503,"dvar":1.3631746769,"dvar2":3.13735461235,"max":48.0992355347,"mean":2.46212410927,"median":2.10231733322,"min":-0.592440724373,"var":5.59954023361},"melbands_spread":{"dmean":7.76258087158,"dmean2":11.7788610458,"dvar":80.3322906494,"dvar2":186.461273193,"max":167.873565674,"mean":30.5719909668,"median":24.5498161316,"min":0.184159979224,"var":733.036743164},"mfcc":{"cov":[[23089.2539062,1688.52746582,-1413.8458252,158.94090271,375.274414062,407.298156738,503.42098999,60.0177536011,249.295898438,206.805236816,17.8205127716,-177.406951904,-249.982437134],[1688.52746582,1870.50646973,122.102722168,148.247299194,-24.4892997742,60.5864067078,-28.822019577,7.3270816803,-98.0452270508,-37.0652046204,60.8709411621,50.7516708374,72.0352554321],[-1413.8458252,122.102722168,520.061828613,45.9103050232,10.051858902,-7.49113512039,-14.1704149246,-64.3876266479,-24.2560348511,-16.6337375641,21.7651405334,51.9847984314,34.9624023438],[158.94090271,148.247299194,45.9103050232,196.113677979,79.2661895752,40.6249046326,8.80875492096,15.8229045868,3.90632200241,-2.2137234211,4.70867395401,-5.06358671188,16.318365097],[375.274414062,-24.4892997742,10.051858902,79.2661895752,144.71484375,67.6637039185,32.1994972229,18.0967197418,31.281370163,16.1701564789,-2.99592542648,-7.67010068893,-3.72443699837],[407.298156738,60.5864067078,-7.49113512039,40.6249046326,67.6637039185,152.911895752,52.1628570557,29.7972602844,29.5218505859,24.5154399872,9.18591213226,-17.2477836609,-12.4640254974],[503.42098999,-28.822019577,-14.1704149246,8.80875492096,32.1994972229,52.1628570557,129.687149048,40.1455307007,36.0935249329,25.6426448822,4.49712467194,-1.562261343,-24.3563652039],[60.0177536011,7.3270816803,-64.3876266479,15.8229045868,18.0967197418,29.7972602844,40.1455307007,126.757537842,39.5619506836,5.83257770538,12.1915073395,-8.26669216156,-17.1062221527],[249.295898438,-98.0452270508,-24.2560348511,3.90632200241,31.281370163,29.5218505859,36.0935249329,39.5619506836,102.319732666,39.3594932556,2.66122317314,3.93734097481,-18.3584804535],[206.805236816,-37.0652046204,-16.6337375641,-2.2137234211,16.1701564789,24.5154399872,25.6426448822,5.83257770538,39.3594932556,92.2410125732,24.041425705,2.16877651215,-5.10460758209],[17.8205127716,60.8709411621,21.7651405334,4.70867395401,-2.99592542648,9.18591213226,4.49712467194,12.1915073395,2.66122317314,24.041425705,80.4375228882,18.6619586945,2.23543787003],[-177.406951904,50.7516708374,51.9847984314,-5.06358671188,-7.67010068893,-17.2477836609,-1.562261343,-8.26669216156,3.93734097481,2.16877651215,18.6619586945,83.0151443481,29.4645252228],[-249.982437134,72.0352554321,34.9624023438,16.318365097,-3.72443699837,-12.4640254974,-24.3563652039,-17.1062221527,-18.3584804535,-5.10460758209,2.23543787003,29.4645252228,85.4985809326]],"icov":[[0.0000783875366324,-0.000111502697109,0.000248055323027,0.0000205545329663,-0.000190149949049,0.0000197336667043,-0.000276630045846,0.000286275695544,-0.000181404713658,0.00000877400088939,-0.0000539999527973,0.0000653467795928,0.000131306645926],[-0.000111502697109,0.000831647543237,-0.000400670600357,-0.000604229106102,0.000762400857639,-0.000535694940481,0.000489792379085,-0.000609991664533,0.000904323358554,0.0000730256360839,-0.000237156855292,-0.000471879175166,-0.00040757516399],[0.000248055323027,-0.000400670600357,0.00309164752252,-0.000475204986287,-0.000697604962625,0.00000839321910462,-0.0010762369493,0.00219264137559,-0.000635933189187,0.000628589710686,-0.000814351835288,-0.000942723359913,0.000239387722104],[0.0000205545329663,-0.000604229106102,-0.000475204986287,0.00757544487715,-0.00429787579924,0.000116001239803,0.000128156214487,-0.000702609075233,-0.000012264259567,0.000530709687155,-0.000353883689968,0.00128140614834,-0.00136002746876],[-0.000190149949049,0.000762400857639,-0.000697604962625,-0.00429787579924,0.0120414439589,-0.00382989645004,0.000104602222564,-0.000423201679951,-0.00117331312504,-0.000391071807826,0.00112954538781,-0.000497432192788,-0.000314795295708],[0.0000197336667043,-0.000535694940481,0.00000839321910462,0.000116001239803,-0.00382989645004,0.00997889507562,-0.00266966503114,-0.000388545391615,-0.000914887175895,-0.00089927832596,-0.000915612035897,0.00230583944358,-0.0000877366765053],[-0.000276630045846,0.000489792379085,-0.0010762369493,0.000128156214487,0.000104602222564,-0.00266966503114,0.0115171624348,-0.00334064872004,-0.00010338575521,-0.00175127352122,0.00101675617043,-0.00170675956178,0.00185693253297],[0.000286275695544,-0.000609991664533,0.00219264137559,-0.000702609075233,-0.000423201679951,-0.000388545391615,-0.00334064872004,0.0120027279481,-0.00477936677635,0.00258524157107,-0.00263819424435,0.00105020659976,0.000798316090368],[-0.000181404713658,0.000904323358554,-0.000635933189187,-0.000012264259567,-0.00117331312504,-0.000914887175895,-0.00010338575521,-0.00477936677635,0.0160844381899,-0.00582108367234,0.00219418434426,-0.00310441455804,0.00191852590069],[0.00000877400088939,0.0000730256360839,0.000628589710686,0.000530709687155,-0.000391071807826,-0.00089927832596,-0.00175127352122,0.00258524157107,-0.00582108367234,0.0153264878318,-0.00505638867617,0.00100792315789,-0.00107400340494],[-0.0000539999527973,-0.000237156855292,-0.000814351835288,-0.000353883689968,0.00112954538781,-0.000915612035897,0.00101675617043,-0.00263819424435,0.00219418434426,-0.00505638867617,0.0156204551458,-0.00370598305017,0.0011580104474],[0.0000653467795928,-0.000471879175166,-0.000942723359913,0.00128140614834,-0.000497432192788,0.00230583944358,-0.00170675956178,0.00105020659976,-0.00310441455804,0.00100792315789,-0.00370598305017,0.0165327135473,-0.00543906632811],[0.000131306645926,-0.00040757516399,0.000239387722104,-0.00136002746876,-0.000314795295708,-0.0000877366765053,0.00185693253297,0.000798316090368,0.00191852590069,-0.00107400340494,0.0011580104474,-0.00543906632811,0.0154392737895]],"mean":[-650.769226074,111.290771484,-1.26731991768,14.3438358307,10.0660190582,12.5237998962,9.7027349472,1.62414515018,0.944648385048,4.59620189667,5.42466449738,1.95226514339,1.41398668289]},"pitch_salience":{"dmean":0.0683002024889,"dmean2":0.105415597558,"dvar":0.00390736246482,"dvar2":0.00950090028346,"max":0.968147873878,"mean":0.505287289619,"median":0.502360582352,"min":0.0569948516786,"var":0.0148865040392},"silence_rate_20dB":{"dmean":0,"dmean2":0,"dvar":0,"dvar2":0,"max":1,"mean":1,"median":1,"min":1,"var":0},"silence_rate_30dB":{"dmean":0.00165768747684,"dmean2":0.00331606226973,"dvar":0.00165499479044,"dvar2":0.00371968233958,"max":1,"mean":0.997928321362,"median":1,"min":0,"var":0.00206744042225},"silence_rate_60dB":{"dmean":0.00207210937515,"dmean2":0.00414507789537,"dvar":0.00206828094088,"dvar2":0.00412788055837,"max":1,"mean":0.104827016592,"median":0,"min":0,"var":0.0938366055489},"spectral_centroid":{"dmean":253.636779785,"dmean2":385.227600098,"dvar":85626.0625,"dvar2":177779.5625,"max":11903.6923828,"mean":1872.71496582,"median":1511.48657227,"min":311.769683838,"var":3887825.25},"spectral_complexity":{"dmean":2.86697053909,"dmean2":4.44145059586,"dvar":7.61301326752,"dvar2":17.1049194336,"max":44,"mean":20.4253158569,"median":21,"min":0,"var":86.5220565796},"spectral_contrast_coeffs":{"dmean":[0.0454629175365,0.0442459508777,0.0413925200701,0.0353679470718,0.0253897216171,0.0241287127137],"dmean2":[0.076741874218,0.0713294148445,0.0646629631519,0.0555303618312,0.0392992645502,0.0350315570831],"dvar":[0.00142057996709,0.00145725812763,0.00122407253366,0.000871673750225,0.000459143397165,0.000467979320092],"dvar2":[0.00396504625678,0.00377722852863,0.00299102975987,0.00208116672002,0.00104747223668,0.000939717749134],"max":[-0.45254817605,-0.41757106781,-0.487728744745,-0.517833411694,-0.601729810238,-0.501744925976],"mean":[-0.689640402794,-0.719961106777,-0.746264338493,-0.743691921234,-0.761817455292,-0.752307295799],"median":[-0.679516613483,-0.720025777817,-0.74145424366,-0.733507037163,-0.749334335327,-0.743116855621],"min":[-0.981582760811,-0.98213493824,-0.980775475502,-0.976449370384,-0.972886145115,-0.96646553278],"var":[0.00744213908911,0.00803956575692,0.00604555103928,0.00506473844871,0.00453500077128,0.00461223721504]},"spectral_contrast_valleys":{"dmean":[0.391335636377,0.387010961771,0.354897946119,0.310156881809,0.247259438038,0.279654234648],"dmean2":[0.643920660019,0.627831041813,0.554519593716,0.471875905991,0.363020449877,0.380410075188],"dvar":[0.127481922507,0.132663220167,0.104177087545,0.0846028551459,0.0684987455606,0.085807479918],"dvar2":[0.304735541344,0.322272509336,0.22862765193,0.175988137722,0.130701974034,0.155665889382],"max":[-5.45113754272,-4.92236185074,-5.3442773819,-6.04258775711,-5.95304298401,-8.56435012817],"mean":[-7.88342857361,-7.82835483551,-8.18392658234,-8.53657341003,-8.6489906311,-11.0599784851],"median":[-6.79483795166,-6.79314851761,-7.1209487915,-7.44274044037,-7.57089662552,-10.1218805313],"min":[-28.4849395752,-28.2788829803,-27.8415107727,-27.6367111206,-27.5422973633,-27.4410991669],"var":[17.258146286,17.459280014,17.0524463654,16.7143287659,16.2575206757,12.3710708618]},"spectral_decrease":{"dmean":1.94761207162e-9,"dmean2":2.99416691441e-9,"dvar":4.3209644589e-18,"dvar2":9.72550160584e-18,"max":8.94348066033e-20,"mean":-7.95387844477e-9,"median":-8.28870838632e-9,"min":-3.55012126363e-8,"var":2.46399237378e-17},"spectral_energy":{"dmean":0.00786686595529,"dmean2":0.0119442399591,"dvar":0.000068983201345,"dvar2":0.000151312327944,"max":0.149063751101,"mean":0.0324551388621,"median":0.0337940864265,"min":9.7102554393e-21,"var":0.000404424703447},"spectral_energyband_high":{"dmean":0.000629115616903,"dmean2":0.000884005101398,"dvar":0.00000147871094214,"dvar2":0.00000294594815387,"max":0.0212235208601,"mean":0.00124627805781,"median":0.000467778445454,"min":7.0103670005e-21,"var":0.00000373118382413},"spectral_energyband_low":{"dmean":0.00526932394132,"dmean2":0.00849325489253,"dvar":0.0000385116727557,"dvar2":0.0000904338157852,"max":0.0533044338226,"mean":0.0149564752355,"median":0.0140054794028,"min":1.38007034406e-23,"var":0.000158169990755},"spectral_energyband_middle_high":{"dmean":0.00285121286288,"dmean2":0.00403982540593,"dvar":0.0000128708716147,"dvar2":0.0000248010692303,"max":0.0875676646829,"mean":0.00773068983108,"median":0.0056662587449,"min":1.02193600647e-21,"var":0.0000517106454936},"spectral_energyband_middle_low":{"dmean":0.00359588605352,"dmean2":0.00547432247549,"dvar":0.0000219667399506,"dvar2":0.0000506183423568,"max":0.0947180464864,"mean":0.00979885552078,"median":0.00729898177087,"min":1.56063558811e-22,"var":0.0000848823183333},"spectral_entropy":{"dmean":0.13920339942,"dmean2":0.205530866981,"dvar":0.0164903216064,"dvar2":0.0354247130454,"max":9.82318973541,"mean":7.60730314255,"median":7.61580610275,"min":5.39741897583,"var":0.387155920267},"spectral_flux":{"dmean":0.0214136932045,"dmean2":0.0332990773022,"dvar":0.000421490170993,"dvar2":0.0010334153194,"max":0.228998914361,"mean":0.080297909677,"median":0.0830156803131,"min":6.36035182855e-11,"var":0.00180109147914},"spectral_kurtosis":{"dmean":1.21753561497,"dmean2":2.0165207386,"dvar":3.47731328011,"dvar2":9.95888805389,"max":74.7187957764,"mean":4.94912385941,"median":3.94895029068,"min":-1.26654195786,"var":35.1155700684},"spectral_rms":{"dmean":0.000661711848807,"dmean2":0.000997991650365,"dvar":4.47745350129e-7,"dvar2":9.66670654634e-7,"max":0.0120593551546,"mean":0.00516461860389,"median":0.00574193708599,"min":3.07789210785e-12,"var":0.00000499032012158},"spectral_rolloff":{"dmean":537.289428711,"dmean2":862.117004395,"dvar":877292.75,"dvar2":2162611.5,"max":19745.9472656,"mean":2209.32275391,"median":1356.59179688,"min":43.06640625,"var":13399815},"spectral_skewness":{"dmean":0.160594031215,"dmean2":0.258751958609,"dvar":0.0250297244638,"dvar2":0.0659291669726,"max":7.16986274719,"mean":1.65740549564,"median":1.59680974483,"min":-0.119922578335,"var":0.517822086811},"spectral_spread":{"dmean":489236.21875,"dmean2":763123.9375,"dvar":584443625472,"dvar2":1234292310020,"max":43030716,"mean":6157542.5,"median":4737582.5,"min":1196084.375,"var":51231372345300},"spectral_strongpeak":{"dmean":0.592200040817,"dmean2":1.01530349255,"dvar":2.08117365837,"dvar2":4.90755033493,"max":31.8855018616,"mean":0.926435351372,"median":0.466659188271,"min":0,"var":2.86114048958},"zerocrossingrate":{"dmean":0.0111658163369,"dmean2":0.0131467571482,"dvar":0.000164058074006,"dvar2":0.000216303014895,"max":0.5224609375,"mean":0.0812106728554,"median":0.060546875,"min":0.0029296875,"var":0.00879167113453}},"metadata":{"audio_properties":{"analysis_sample_rate":44100,"bit_rate":192000,"codec":"mp3","downmix":"mix","equal_loudness":0,"length":112.03918457,"lossless":false,"md5_encoded":"3895729fd2a077379181f3c5e185d54f","replay_gain":-9.74070167542,"sample_rate":44100},"tags":{"album":["Byrdmaniax"],"albumartist":["Byrds ,The"],"artist":["The Byrds"],"date":["1971"],"discnumber":["1"],"file_name":"2068963.mp3","genre":["Folk-Rock"],"musicbrainz_recordingid":["02a54c59-cb69-4318-9ceb-8b5e7db94b49"],"title":["Green Apple Quick Step"],"tracknumber":["4"]},"version":{"essentia":"2.1-beta2","essentia_build_sha":"70f2e5ece6736b2c40cc944ad0e695b16b925413","essentia_git_sha":"v2.1_beta2","extractor":"music 1.0"}},"rhythm":{"beats_count":244,"beats_loudness":{"dmean":0.0125507712364,"dmean2":0.021167434752,"dvar":0.000154442503117,"dvar2":0.000411869026721,"max":0.112956002355,"mean":0.0385397225618,"median":0.0401021204889,"min":0,"var":0.000406769744586},"beats_loudness_band_ratio":{"dmean":[0.189941287041,0.105208724737,0.0859249457717,0.0745636075735,0.0482370629907,0.0334348194301],"dmean2":[0.33109331131,0.18861232698,0.147349596024,0.130630582571,0.0849210172892,0.0582987740636],"dvar":[0.0327156633139,0.0152073195204,0.00976843293756,0.0066169439815,0.00433112215251,0.00216201762669],"dvar2":[0.0856185778975,0.0430106669664,0.0306631419808,0.0163943469524,0.0110099390149,0.00631247926503],"max":[0.987992584705,0.802429556847,0.660219788551,0.567340910435,0.551754534245,0.309887379408],"mean":[0.493651539087,0.13292978704,0.140440165997,0.12827694416,0.0803152248263,0.0470553562045],"median":[0.549009203911,0.0757692605257,0.0937607288361,0.107202284038,0.0672990381718,0.0252719242126],"min":[0,0,0,0,0,0],"var":[0.0674836114049,0.0221347436309,0.0168354678899,0.0110374111682,0.00556294899434,0.00298977759667]},"beats_position":[0.476009070873,0.940408170223,1.39