{"lowlevel":{"average_loudness":0.929244875908,"barkbands":{"dmean":[0.00131258345209,0.00479976460338,0.0014202328166,0.0011864247499,0.00118235056289,0.00119636696763,0.000896218523849,0.00105215422809,0.00136041850783,0.00161251495592,0.000550226774067,0.000729500199668,0.000627763918601,0.000946883927099,0.000730933214072,0.000344631902408,0.000188643753063,0.00018742348766,0.0000994681977318,0.0000514503808517,0.0000550270196982,0.0000371462519979,0.0000103935553852,0.00000498112513014,0.00000175377533651,0.00000470943496111,0.0000455516565125],"dmean2":[0.0021482387092,0.0081885419786,0.0024029915221,0.00204907916486,0.00195356132463,0.00193394336384,0.00146109855268,0.00168811366893,0.00222152192146,0.00248400191776,0.000862169486936,0.00110763183329,0.000996758812107,0.0014468387235,0.00113709445577,0.000541371817235,0.000291807838948,0.000283307395875,0.000144618723425,0.0000729093153495,0.0000781511189416,0.0000522561749676,0.0000138647010317,0.00000656739121041,0.00000296515736409,0.00000606527919444,0.0000598216101935],"dvar":[0.00000456554653283,0.0000548349853489,0.00000458376916868,0.00000403098010793,0.00000319759055856,0.00000910160997591,0.00000799142617325,0.00000708810739525,0.0000124905709527,0.00000970964174485,0.00000219411072067,0.00000368941277884,0.00000180988456577,0.0000035844661852,0.00000211128940464,3.94883414856e-7,1.37895895591e-7,1.80984230269e-7,5.28396668642e-8,1.51118921821e-8,9.91396831296e-9,5.54347368009e-9,2.91635493532e-10,5.89771703696e-11,8.59554094568e-12,4.82850114059e-11,4.78136330528e-9],"dvar2":[0.000011402783457,0.000148297316628,0.0000124008056446,0.0000111282215585,0.00000803455804999,0.000022749612981,0.000019700417397,0.0000181116247404,0.0000319298051181,0.0000219212251977,0.00000522761638422,0.00000887298483576,0.00000446833701062,0.00000789869318396,0.00000496565007779,9.62876015365e-7,3.05644704213e-7,4.25845229302e-7,1.04181289373e-7,3.09871204252e-8,1.87671815866e-8,1.09312123797e-8,5.14352616054e-10,9.63448557045e-11,2.22216012952e-11,7.29402371835e-11,8.46774295127e-9],"max":[0.0353823788464,0.0810970887542,0.0325967147946,0.0337281674147,0.0295421816409,0.0605987682939,0.0802863389254,0.0692295655608,0.0758383348584,0.0637237727642,0.0356214083731,0.0654914155602,0.0332297794521,0.0494552738965,0.0365176573396,0.0168321859092,0.00814589019865,0.0117324786261,0.00472340453416,0.00326064811088,0.0025523158256,0.0023792879656,0.000338183454005,0.00012940542365,0.0000391813846363,0.000140235439176,0.00155940989498],"mean":[0.00158057606313,0.0069302469492,0.00169825321063,0.00139275926631,0.00165677757468,0.0016063520452,0.00125363247935,0.00159553112462,0.00189221440814,0.00277904653922,0.00082255306188,0.00118863733951,0.00101346918382,0.00161784829106,0.00125009811018,0.000601209409069,0.00036114800605,0.000345975917298,0.00018654995074,0.0000975271759671,0.000117953357403,0.0000762058189139,0.000022335045287,0.00000989856744127,0.00000163703634826,0.0000101966033981,0.000129628693685],"median":[0.000680633587763,0.00316054513678,0.00102891097777,0.000755388056859,0.000922342413105,0.000522321206518,0.000425225007348,0.000558497617021,0.000560322776437,0.000975121860392,0.000274527759757,0.000407363520935,0.000398876552936,0.000606241868809,0.000505442963913,0.000295476464089,0.000175736073288,0.000141487951623,0.0000738375965739,0.0000406621402362,0.0000579940460739,0.0000348371504515,0.0000111206500151,0.00000492764775117,5.2864220379e-7,0.0000054245647334,0.0000833305966808],"min":[1.50272899501e-25,2.07556088367e-24,7.93860015385e-25,8.47852318144e-25,7.75314743529e-24,8.10683558873e-24,1.07489271867e-23,7.48022365019e-24,1.00978471494e-23,1.34012037678e-23,8.92696062934e-24,2.25185693872e-23,1.47192483454e-23,3.53705760814e-23,4.35867233369e-23,4.22511029383e-23,5.72041538788e-23,8.39569830842e-23,1.32953266436e-22,1.35022240331e-22,1.9101648353e-22,2.88821490665e-22,4.35130475149e-22,6.09739194586e-22,8.10929169138e-22,1.27967839696e-21,1.88296862209e-21],"var":[0.00000571811733607,0.0000810978017398,0.00000476991044707,0.00000431298485637,0.00000479694836031,0.0000135449827212,0.0000118399393614,0.0000149148263517,0.000017762360585,0.0000246420404437,0.00000357168914888,0.00000665493007546,0.00000351307221536,0.00000875950263435,0.00000514954399478,7.84429175837e-7,3.49565311808e-7,4.5058715159e-7,1.29678554117e-7,3.43291972627e-8,2.83236740728e-8,1.45259084761e-8,1.00890962251e-9,2.06775568889e-10,8.73054840228e-12,1.91417784401e-10,2.25502692075e-8]},"barkbands_crest":{"dmean":2.99822807312,"dmean2":4.9544672966,"dvar":7.5482211113,"dvar2":19.8290481567,"max":26.4217033386,"mean":9.71144199371,"median":8.39954185486,"min":2.12368392944,"var":21.8563613892},"barkbands_flatness_db":{"dmean":0.0226741246879,"dmean2":0.0353548340499,"dvar":0.000439902389189,"dvar2":0.0010681070853,"max":0.382735639811,"mean":0.127211809158,"median":0.120753839612,"min":0.0315928049386,"var":0.00225301319733},"barkbands_kurtosis":{"dmean":2.84005999565,"dmean2":4.6917386055,"dvar":49.0394020081,"dvar2":133.126831055,"max":163.664764404,"mean":3.41583442688,"median":1.03737711906,"min":-1.63919377327,"var":64.5682601929},"barkbands_skewness":{"dmean":0.569143474102,"dmean2":0.885670781136,"dvar":0.410403251648,"dvar2":0.995401978493,"max":10.5405788422,"mean":1.08596003056,"median":0.837889790535,"min":-2.14380908012,"var":1.73933672905},"barkbands_spread":{"dmean":5.10989427567,"dmean2":7.85650682449,"dvar":24.3722648621,"dvar2":52.9981651306,"max":74.6731262207,"mean":21.3454837799,"median":20.3767700195,"min":0.547446966171,"var":102.953117371},"dissonance":{"dmean":0.0210599843413,"dmean2":0.0358410477638,"dvar":0.000516394036822,"dvar2":0.00142129918095,"max":0.500000238419,"mean":0.468764036894,"median":0.478226423264,"min":0.194247499108,"var":0.000905896711629},"dynamic_complexity":3.98316597939,"erbbands":{"dmean":[0.199115023017,0.941157698631,1.55640721321,2.88390207291,4.546833992,3.31724143028,5.14574956894,11.798743248,13.2111234665,15.3613176346,22.3508625031,28.7220668793,37.3314666748,50.3918952942,20.1560249329,28.8529548645,25.5524463654,48.1404037476,27.695526123,38.1506156921,14.8912477493,10.2749147415,10.2805204391,6.91585206985,3.82955598831,2.46410369873,2.21021032333,2.24259328842,1.45745766163,0.567186176777,0.256260156631,0.138968318701,0.0607974268496,0.020672403276,0.0123640298843,0.00936337560415,0.0102569181472,0.00976245105267,0.00435798242688,0.000882533669937],"dmean2":[0.335544794798,1.61602902412,2.64244508743,4.88526964188,7.74243116379,5.41779375076,8.38992404938,19.2356758118,21.2231807709,24.8775024414,35.9505462646,46.9297981262,59.0420379639,75.9940490723,30.8123340607,43.7687149048,39.4793930054,72.5114746094,42.5567092896,58.4893875122,23.0680465698,15.6532554626,15.5862379074,10.1241312027,5.40308046341,3.48100280762,3.13564825058,3.18115067482,2.05386972427,0.759213924408,0.343678504229,0.182454556227,0.0841802433133,0.0343036912382,0.0208701249212,0.0142059763893,0.0129492217675,0.0123066427186,0.00552920997143,0.00118970277254],"dvar":[0.10636022687,1.95648610592,5.11466693878,22.2781887054,47.6114616394,28.9774093628,170.574996948,953.936157227,1815.73339844,1993.02502441,3412.1628418,5370.52099609,6859.20654297,10905.3007812,3393.89013672,5108.98632812,3047.01879883,10151.9326172,2930.07714844,6006.078125,675.153381348,399.499359131,546.401733398,254.856933594,85.7835464478,32.2643852234,16.5096664429,17.0429801941,9.19893264771,1.14990210533,0.166612580419,0.0489941686392,0.00794506724924,0.00111570488662,0.000426391226938,0.000180692935828,0.000244672846748,0.000311331707053,0.000063392042648,0.00000198569364329],"dvar2":[0.285883277655,5.34068536758,13.8380794525,61.4282493591,127.246246338,69.0036010742,402.869354248,2454.88330078,4379.61425781,4944.87158203,8846.30371094,13741.0703125,16796.2636719,24096.6464844,8385.90429688,12173.8701172,7502.69873047,22016.5976562,7426.56201172,13879.140625,1598.83398438,882.97076416,1294.04223633,539.148986816,160.22555542,66.5207519531,30.1303329468,34.2887420654,18.5408153534,2.17261242867,0.287870526314,0.0785021409392,0.0143107594922,0.00288168643601,0.00110238534398,0.000412098277593,0.000356145115802,0.000514997984283,0.0000972113120952,0.00000372164049622],"max":[3.83124780655,14.5855312347,36.29637146,62.895980835,101.932655334,97.2588043213,416.846221924,577.726806641,1216.29724121,1266.06201172,1835.46044922,1697.84545898,1734.23608398,2365.67236328,1701.90808105,2181.84863281,1787.37561035,2785.71435547,1123.70666504,2378.89379883,608.514343262,406.182800293,692.251220703,334.177856445,197.868103027,167.444107056,84.6204528809,116.476226807,106.197555542,31.091381073,10.2679185867,4.0142621994,1.53138554096,0.445405572653,0.277993440628,0.200756847858,0.307404696941,0.491053640842,0.18159045279,0.0371737927198],"mean":[0.244771972299,1.38343238831,2.02490782738,3.7190849781,5.65694999695,4.64792108536,6.99865627289,15.3566436768,18.3367881775,23.498664856,35.3129425049,42.1361618042,60.223449707,90.9465408325,35.6290779114,50.0140419006,46.0185089111,84.6342163086,52.9116401672,68.2793273926,29.7741012573,20.8890991211,19.5952339172,13.2908592224,7.37777853012,4.74444198608,4.55570936203,4.70879507065,3.0093100071,1.22495412827,0.555778324604,0.286628425121,0.11429387331,0.0234646443278,0.0119267813861,0.0150976693258,0.0225470867008,0.0232623554766,0.0108518879861,0.00258624297567],"median":[0.0925718322396,0.64041185379,1.32611489296,2.1954562664,2.98479175568,2.53087520599,2.58884811401,4.73790740967,6.58813381195,7.49347496033,13.8620061874,14.0739135742,24.5287666321,28.6317634583,13.8056364059,18.4616222382,21.5900840759,32.2681503296,24.9958534241,29.1321754456,16.4243602753,10.5668716431,8.18772888184,5.52248573303,2.88419651985,2.05504083633,2.19459462166,2.28513097763,1.39193153381,0.575952172279,0.286915242672,0.143143892288,0.0589365214109,0.0110213160515,0.00426343595609,0.00809566304088,0.0118198189884,0.0114608705044,0.00566954258829,0.00172674679197],"min":[5.76201360113e-23,5.55333086162e-22,1.39964068938e-21,5.30485790232e-21,1.19671329223e-20,1.86721579935e-20,3.93099976216e-20,7.99754534615e-20,1.10214966533e-19,2.29589123044e-19,1.6260547168e-19,2.92121676756e-19,5.24092433729e-19,4.98787427828e-19,6.80813484704e-19,1.09414963974e-18,8.37120066492e-19,2.0688680475e-18,2.20821758183e-18,2.51438152836e-18,4.01159808262e-18,4.10785254101e-18,4.79428423644e-18,4.7658532116e-18,6.57387853833e-18,7.10508358796e-18,8.23948983336e-18,9.89131244117e-18,9.75659284352e-18,8.74627361617e-18,1.21054482935e-17,1.01451576275e-17,9.41490273045e-18,7.40535015031e-18,6.1254114023e-18,3.85919625862e-18,2.32404271992e-18,9.89639712039e-19,2.54153285309e-19,2.5361619306e-20],"var":[0.128495827317,3.15674757957,5.62515974045,24.5778999329,61.3757209778,43.187713623,262.902862549,1351.71862793,2558.03417969,3846.09667969,7070.31396484,7841.37744141,11159.8955078,30902.9707031,5570.25732422,10110.0351562,6195.29882812,25798.6953125,6305.42138672,16000.5410156,1606.33068848,1097.24658203,1383.08129883,627.085754395,219.022766113,74.0214233398,48.0333442688,45.6150360107,22.888086319,3.6828417778,0.584847152233,0.173521742225,0.0252854656428,0.00123444607016,0.000435420515714,0.000376724405214,0.0009795014048,0.00114199356176,0.00024027764448,0.00000899252154341]},"erbbands_crest":{"dmean":2.79265856743,"dmean2":4.49939918518,"dvar":6.83460664749,"dvar2":16.4020729065,"max":31.1305179596,"mean":9.67672252655,"median":8.43530654907,"min":1.86610221863,"var":23.8037624359},"erbbands_flatness_db":{"dmean":0.0211802832782,"dmean2":0.0309287477285,"dvar":0.000371133646695,"dvar2":0.000789720041212,"max":0.456145554781,"mean":0.170936048031,"median":0.164234876633,"min":0.027209514752,"var":0.00329071190208},"erbbands_kurtosis":{"dmean":1.21512281895,"dmean2":1.94020581245,"dvar":5.36326646805,"dvar2":14.2704324722,"max":65.0007705688,"mean":1.25251924992,"median":0.46336877346,"min":-1.71766090393,"var":8.08155632019},"erbbands_skewness":{"dmean":0.398461639881,"dmean2":0.604495942593,"dvar":0.145017519593,"dvar2":0.3389133811,"max":6.69813108444,"mean":0.0051929266192,"median":0.00079433771316,"min":-3.72959947586,"var":0.649680197239},"erbbands_spread":{"dmean":5.40481138229,"dmean2":8.1428565979,"dvar":30.4316196442,"dvar2":65.7366638184,"max":104.416137695,"mean":24.1670589447,"median":21.2910919189,"min":1.162586689,"var":170.060928345},"gfcc":{"cov":[[37211.5078125,2680.32836914,-2560.83398438,396.210784912,-569.394470215,-395.056213379,63.2657432556,-861.090515137,39.3054351807,53.08644104,-131.940109253,185.797561646,-661.098999023],[2680.32836914,895.341674805,-116.289390564,-96.1748199463,-0.97180724144,12.4597892761,9.34215927124,-53.8666496277,22.6075553894,35.7918968201,56.7650413513,7.27891016006,-34.7228546143],[-2560.83398438,-116.289390564,764.685302734,304.259918213,-44.9811325073,103.258110046,-20.8350563049,56.318939209,-44.8387832642,112.133399963,51.1895141602,53.5347213745,-65.8508987427],[396.210784912,-96.1748199463,304.259918213,420.845031738,47.6072998047,-23.7634792328,49.1640510559,-56.0948867798,4.71893501282,39.0884552002,3.96934914589,49.1074180603,-104.343444824],[-569.394470215,-0.97180724144,-44.9811325073,47.6072998047,235.643829346,62.2301483154,30.1014022827,-22.6183795929,24.631521225,-19.0379676819,19.6677188873,-13.5376729965,31.914937973],[-395.056213379,12.4597892761,103.258110046,-23.7634792328,62.2301483154,252.249816895,13.1044864655,43.4730186462,-46.8593826294,26.3237380981,1.28397190571,10.3607625961,23.992937088],[63.2657432556,9.34215927124,-20.8350563049,49.1640510559,30.1014022827,13.1044864655,150.031677246,5.05960845947,28.0371665955,-26.7987728119,-2.14671182632,24.2979183197,-12.1728000641],[-861.090515137,-53.8666496277,56.318939209,-56.0948867798,-22.6183795929,43.4730186462,5.05960845947,190.481643677,40.3964118958,10.9939727783,-11.4716854095,-15.5326509476,59.9778060913],[39.3054351807,22.6075553894,-44.8387832642,4.71893501282,24.631521225,-46.8593826294,28.0371665955,40.3964118958,130.211700439,30.9077720642,-0.096315138042,-3.6912252903,0.300075381994],[53.08644104,35.7918968201,112.133399963,39.0884552002,-19.0379676819,26.3237380981,-26.7987728119,10.9939727783,30.9077720642,102.057693481,49.8169975281,12.1782493591,-15.9821424484],[-131.940109253,56.7650413513,51.1895141602,3.96934914589,19.6677188873,1.28397190571,-2.14671182632,-11.4716854095,-0.096315138042,49.8169975281,80.7337646484,37.5985603333,-6.66511106491],[185.797561646,7.27891016006,53.5347213745,49.1074180603,-13.5376729965,10.3607625961,24.2979183197,-15.5326509476,-3.6912252903,12.1782493591,37.5985603333,69.3630065918,-0.773068547249],[-661.098999023,-34.7228546143,-65.8508987427,-104.343444824,31.914937973,23.992937088,-12.1728000641,59.9778060913,0.300075381994,-15.9821424484,-6.66511106491,-0.773068547249,110.167190552]],"icov":[[0.000173924330738,-0.000467939331429,0.00116638443433,-0.000749991915654,0.00028656021459,-0.0000733719643904,0.000259973661741,-0.000227662196266,0.000662314123474,-0.00129829300568,0.00128746067639,-0.00128641875926,0.0008474047645],[-0.000467939331429,0.00256583676673,-0.00294404360466,0.00218635681085,-0.000368144159438,-0.00030783659895,-0.000787428114563,0.00109619798604,-0.00239435513504,0.00380093976855,-0.00499332044274,0.00409452058375,-0.00191385985818],[0.00116638443433,-0.00294404360466,0.0109353568405,-0.00850022770464,0.00440844334662,-0.00274662487209,0.00266737747006,-0.00233170064166,0.00421008886769,-0.0077043720521,0.00410650717095,-0.00602208497003,0.00451925210655],[-0.000749991915654,0.00218635681085,-0.00850022770464,0.0196804478765,-0.0187812764198,0.0132794128731,-0.00501488056034,-0.00516200391576,0.0109760062769,-0.0184645727277,0.0277861449867,-0.0217282138765,0.0133726801723],[0.00028656021459,-0.000368144159438,0.00440844334662,-0.0187812764198,0.0290288627148,-0.019252769649,0.00391907803714,0.0116477748379,-0.0216413084418,0.0336478874087,-0.0456371977925,0.0363839790225,-0.0212400574237],[-0.0000733719643904,-0.00030783659895,-0.00274662487209,0.0132794128731,-0.019252769649,0.0187834296376,-0.0046391854994,-0.00902350246906,0.0187347959727,-0.0280561130494,0.0352668054402,-0.0270480755717,0.0141076920554],[0.000259973661741,-0.000787428114563,0.00266737747006,-0.00501488056034,0.00391907803714,-0.0046391854994,0.0106905465946,0.00028694520006,-0.00570960622281,0.00873299315572,-0.00660851737484,0.000399596785428,-0.0000580242885917],[-0.000227662196266,0.00109619798604,-0.00233170064166,-0.00516200391576,0.0116477748379,-0.00902350246906,0.00028694520006,0.0142447454855,-0.0141841303557,0.0173174589872,-0.0214933846146,0.0203471314162,-0.015042799525],[0.000662314123474,-0.00239435513504,0.00421008886769,0.0109760062769,-0.0216413084418,0.0187347959727,-0.00570960622281,-0.0141841303557,0.0346499681473,-0.0434191226959,0.0483237355947,-0.0372266806662,0.0216817203909],[-0.00129829300568,0.00380093976855,-0.0077043720521,-0.0184645727277,0.0336478874087,-0.0280561130494,0.00873299315572,0.0173174589872,-0.0434191226959,0.0811924561858,-0.0866619125009,0.0637084692717,-0.033686067909],[0.00128746067639,-0.00499332044274,0.00410650717095,0.0277861449867,-0.0456371977925,0.0352668054402,-0.00660851737484,-0.0214933846146,0.0483237355947,-0.0866619125009,0.120234824717,-0.0893200486898,0.0453791730106],[-0.00128641875926,0.00409452058375,-0.00602208497003,-0.0217282138765,0.0363839790225,-0.0270480755717,0.000399596785428,0.0203471314162,-0.0372266806662,0.0637084692717,-0.0893200486898,0.0878064110875,-0.041735239327],[0.0008474047645,-0.00191385985818,0.00451925210655,0.0133726801723,-0.0212400574237,0.0141076920554,-0.0000580242885917,-0.015042799525,0.0216817203909,-0.033686067909,0.0453791730106,-0.041735239327,0.0376967154443]],"mean":[-30.0831012726,98.2931518555,-115.356155396,0.642372786999,-17.3819293976,-5.62545108795,-0.904868423939,-12.3175477982,2.88517069817,-6.36715078354,-14.5359325409,-1.77031886578,-9.09161758423]},"hfc":{"dmean":7.32240343094,"dmean2":9.94132137299,"dvar":79.0840759277,"dvar2":154.195877075,"max":148.53894043,"mean":25.2312870026,"median":21.145067215,"min":1.04919430078e-16,"var":447.894744873},"melbands":{"dmean":[0.00151738536078,0.000912568008061,0.000516685540788,0.000275049533229,0.000170501676621,0.000256547617028,0.0001960194204,0.000181335097295,0.000172084415681,0.000199607398827,0.000194160005776,0.00021967018256,0.0000688338332111,0.0000817633626866,0.0000667786662234,0.0000637477933196,0.00010009235848,0.0000476567765872,0.0000617197511019,0.000035099186789,0.0000161228763318,0.0000119655142043,0.0000102710137071,0.00000908126912691,0.00000581448512094,0.0000034771016999,0.00000223419306167,0.00000162979745255,0.00000147592106714,0.00000149917730141,0.00000138354619139,0.00000100400370684,5.00614703469e-7,2.78074480775e-7,1.69716443565e-7,1.04108714538e-7,8.50641086458e-8,5.02782633305e-8,2.3060206189e-8,1.61641917629e-8],"dmean2":[0.00255498802289,0.00155820907094,0.00087422283832,0.0004588374577,0.000276937789749,0.000415277521824,0.000315672834404,0.000293102755677,0.00027734824107,0.000326256937115,0.000307406153297,0.000332825875375,0.000107159336039,0.000124661019072,0.00010355374252,0.0000999476978905,0.000151175117935,0.0000750820036046,0.0000957480078796,0.0000541195404367,0.0000257240553765,0.0000186731740541,0.0000159720129886,0.0000139163121275,0.00000873143017088,0.00000510125482833,0.00000320861704495,0.0000024116370696,0.00000218532295548,0.00000219460594053,0.00000201580041903,0.00000145679530306,7.23928849311e-7,3.86515637274e-7,2.37839557826e-7,1.46685053437e-7,1.15644787968e-7,7.00599187553e-8,3.70035984076e-8,2.7324201568e-8],"dvar":[0.0000057594138525,0.0000015655172092,6.64525543925e-7,1.69011428852e-7,1.5916937457e-7,4.27214018828e-7,3.69247999288e-7,2.40293928755e-7,1.91326918753e-7,2.65085787987e-7,1.78087773861e-7,2.08079882213e-7,3.31474474535e-8,6.06597367891e-8,1.86105761912e-8,2.13792006321e-8,4.71515200218e-8,9.67950697373e-9,1.58181805432e-8,4.64272309486e-9,8.3095458292e-10,5.39916111819e-10,5.43621425653e-10,4.63859922695e-10,1.80176609743e-10,7.26761845149e-11,3.46729416012e-11,1.42216767876e-11,8.09510878469e-12,7.97109947492e-12,6.18271319558e-12,4.07220828239e-12,1.30686054426e-12,2.57559842594e-13,8.03317305796e-14,2.86321327433e-14,2.04988698677e-14,5.77191374259e-15,1.20236146868e-15,7.30784769145e-16],"dvar2":[0.0000152713528223,0.00000425579401053,0.00000179973949344,4.37172190004e-7,3.76348623377e-7,0.0000010854661241,8.92844184364e-7,5.94579887547e-7,4.95162282732e-7,6.75304590914e-7,4.37337405401e-7,4.60397927782e-7,8.07588236285e-8,1.50831368728e-7,4.25763282408e-8,5.19369258711e-8,1.01350380532e-7,2.48637910261e-8,3.66869521429e-8,1.09750120103e-8,2.01216643347e-9,1.23593724144e-9,1.3869868587e-9,1.08138697996e-9,3.97010702091e-10,1.50314496961e-10,7.15701872767e-11,3.23009639869e-11,1.60134006749e-11,1.70438038682e-11,1.30171698073e-11,8.51957913939e-12,2.79295054965e-12,5.19515962367e-13,1.5293690793e-13,5.51345095609e-14,3.60439386942e-14,1.04445506673e-14,2.97579784436e-15,1.88900142171e-15],"max":[0.0286911036819,0.0165206957608,0.013027889654,0.00540712941438,0.0111484061927,0.0131969433278,0.0175723545253,0.0119458902627,0.0130287231877,0.00920542795211,0.00882106646895,0.0103980833665,0.00520247127861,0.00933155603707,0.00292002083734,0.00386336515658,0.00629282090813,0.00195440743119,0.00278297904879,0.0017641428858,0.000575859216042,0.000518274668138,0.000681559904478,0.000666671025101,0.000289008865366,0.000212837447179,0.00018199441547,0.000123422098113,0.0000702993493178,0.0000732808257453,0.0000632137525827,0.0000634992102277,0.0000377290598408,0.0000124360258269,0.00000814016948425,0.00000401428405894,0.00000248378864853,0.00000131715478346,5.07198706146e-7,3.62439237733e-7],"mean":[0.00218508020043,0.00135771057103,0.000714898633305,0.000372222624719,0.000237727886997,0.000340244499967,0.000275774073089,0.000279856729321,0.00026827538386,0.000281243672362,0.000308526097797,0.00038915956975,0.000110885623144,0.000130685773911,0.000113701484224,0.000102419609902,0.000170539846295,0.0000813912774902,0.00010271280189,0.0000633576346445,0.0000292904987873,0.0000219253179239,0.0000187496643775,0.0000159639766935,0.0000103712227428,0.00000619260572421,0.00000385104931411,0.00000294295205094,0.0000028006620596,0.00000283600206785,0.00000273785235549,0.00000193437654161,9.70758605945e-7,5.62747402455e-7,3.41642561352e-7,2.08613172958e-7,1.61873430216e-7,9.35671025104e-8,3.19923323389e-8,1.49933043758e-8],"median":[0.000953923037741,0.000868387287483,0.00043752026977,0.000211004313314,0.0000968063686742,0.000108898937469,0.000099283453892,0.0000895899138413,0.000107869076601,0.0000834409729578,0.00012071870151,0.000116051640362,0.0000397717012675,0.0000437164562754,0.000045525484893,0.0000391314315493,0.0000613940792391,0.0000344396976288,0.0000401563629566,0.000028185571864,0.0000156917049026,0.0000107258083517,0.00000760856528359,0.000006378892067,0.00000403940612159,0.00000226220754485,0.00000150005485011,0.00000124398502521,0.00000132755963023,0.00000135790912736,0.00000129671002469,8.7959335815e-7,4.28259937735e-7,2.599471145e-7,1.70584485204e-7,1.10982426804e-7,7.57603544344e-8,4.68285215049e-8,1.62762194833e-8,4.75426542579e-9],"min":[8.26307836569e-25,8.48047364003e-25,1.35323862087e-24,1.03110608693e-24,1.51144349212e-24,1.4096992694e-24,1.95292811722e-24,2.4123940378e-24,1.18333868949e-24,1.65400012403e-24,2.04566266094e-24,1.51742572019e-24,1.53025259851e-24,2.43345386295e-24,2.19877859049e-24,8.86834570029e-25,3.45147787506e-24,2.46093087436e-24,2.9622192419e-24,3.05255624011e-24,3.7841495907e-24,2.97292704261e-24,3.14395011471e-24,2.40481880374e-24,3.24810539218e-24,4.55364632728e-24,4.1667869672e-24,3.69381160641e-24,4.04843022129e-24,4.31139660961e-24,5.13390677118e-24,4.28224070499e-24,5.78787088388e-24,4.0461598796e-24,5.63618792017e-24,5.85373248643e-24,5.56647154881e-24,5.62601003677e-24,5.30231516381e-24,5.50161968822e-24],"var":[0.00000835729133541,0.00000217110391532,7.94117966052e-7,2.28742379704e-7,2.55401147342e-7,6.29648525319e-7,5.31499154022e-7,4.86441763314e-7,3.74440816131e-7,3.88940492257e-7,2.90696334559e-7,5.83468931836e-7,5.44136184999e-8,9.72388463083e-8,4.06159799127e-8,3.98108888078e-8,1.19093833462e-7,1.81793140541e-8,3.59032625852e-8,1.12225864157e-8,1.6990580054e-9,1.27551080809e-9,1.24866150752e-9,1.04956321412e-9,3.99509314519e-10,1.64999361396e-10,6.8722236235e-11,2.83137298329e-11,2.04196208553e-11,1.79249635968e-11,1.56909311932e-11,9.482730573e-12,2.9878543216e-12,7.61693171644e-13,2.40259472473e-13,8.23416855533e-14,6.3292388908e-14,1.79653147014e-14,1.82763960216e-15,7.42155392368e-16]},"melbands_crest":{"dmean":4.15882730484,"dmean2":6.85560512543,"dvar":13.0674543381,"dvar2":33.7628173828,"max":39.2078170776,"mean":13.7794647217,"median":12.5886554718,"min":1.00141739845,"var":38.4005966187},"melbands_flatness_db":{"dmean":0.0285606551915,"dmean2":0.0442694984376,"dvar":0.000694097718224,"dvar2":0.00166120775975,"max":0.501209974289,"mean":0.216203793883,"median":0.214035853744,"min":-1.72572924839e-7,"var":0.00404871022329},"melbands_kurtosis":{"dmean":5.27829551697,"dmean2":8.67210006714,"dvar":145.427322388,"dvar2":384.101013184,"max":220.772598267,"mean":7.02130365372,"median":1.89051699638,"min":-1.76316320896,"var":235.974914551},"melbands_skewness":{"dmean":0.760550677776,"dmean2":1.18363022804,"dvar":0.656609237194,"dvar2":1.5869115591,"max":14.251707077,"mean":1.75906348228,"median":1.37754106522,"min":-2.52234649658,"var":2.7367208004},"melbands_spread":{"dmean":6.93751716614,"dmean2":10.7845335007,"dvar":55.4976806641,"dvar2":125.212921143,"max":156.203445435,"mean":27.6278419495,"median":24.3044128418,"min":0.76228171587,"var":444.318695068},"mfcc":{"cov":[[13826.4238281,2510.73120117,-755.422119141,882.059509277,-391.226501465,655.854553223,-298.080566406,83.0702133179,-433.648712158,-124.828704834,179.459915161,461.341796875,-228.81640625],[2510.73120117,1403.67468262,-171.96244812,-10.9550352097,-21.1771240234,93.7840423584,-4.86099100113,-2.77868032455,-34.3730354309,-30.0813484192,85.5467147827,101.236923218,-16.3409671783],[-755.422119141,-171.96244812,532.495605469,116.69682312,15.0201187134,10.6443557739,38.3230552673,-7.49650001526,-4.18167591095,-0.304062306881,34.1093177795,70.220123291,34.7478218079],[882.059509277,-10.9550352097,116.69682312,480.92098999,-5.29766702652,100.093986511,-49.8561973572,29.2175254822,-70.9490280151,-1.3707690239,42.8416633606,81.9956436157,-13.0876703262],[-391.226501465,-21.1771240234,15.0201187134,-5.29766702652,187.337982178,39.8784408569,46.003238678,-20.4677772522,32.335144043,-0.922477900982,18.6445789337,-17.890045166,33.0326042175],[655.854553223,93.7840423584,10.6443557739,100.093986511,39.8784408569,238.843673706,57.8697853088,22.6077709198,-43.7275123596,-17.852180481,-7.25604152679,60.3780860901,9.04636764526],[-298.080566406,-4.86099100113,38.3230552673,-49.8561973572,46.003238678,57.8697853088,143.491287231,37.9363021851,12.3419017792,-27.2477931976,-7.67695617676,-7.21053791046,25.8342380524],[83.0702133179,-2.77868032455,-7.49650001526,29.2175254822,-20.4677772522,22.6077709198,37.9363021851,109.561927795,44.6642303467,12.6529359818,-14.4722690582,5.29594755173,-7.21813488007],[-433.648712158,-34.3730354309,-4.18167591095,-70.9490280151,32.335144043,-43.7275123596,12.3419017792,44.6642303467,136.096847534,59.3670959473,-9.60099697113,-41.8206787109,15.000705719],[-124.828704834,-30.0813484192,-0.304062306881,-1.3707690239,-0.922477900982,-17.852180481,-27.2477931976,12.6529359818,59.3670959473,94.9504470825,17.9590644836,-19.3512363434,-8.7279291153],[179.459915161,85.5467147827,34.1093177795,42.8416633606,18.6445789337,-7.25604152679,-7.67695617676,-14.4722690582,-9.60099697113,17.9590644836,102.907928467,45.1920928955,4.93209505081],[461.341796875,101.236923218,70.220123291,81.9956436157,-17.890045166,60.3780860901,-7.21053791046,5.29594755173,-41.8206787109,-19.3512363434,45.1920928955,120.082397461,24.0983543396],[-228.81640625,-16.3409671783,34.7478218079,-13.0876703262,33.0326042175,9.04636764526,25.8342380524,-7.21813488007,15.000705719,-8.7279291153,4.93209505081,24.0983543396,69.7893218994]],"icov":[[0.00020368823607,-0.000270148244454,0.000251282908721,-0.000247924093856,0.000294190424029,-0.00040678831283,0.000297904305626,-0.0000714060879545,0.0000688334985171,0.000161306001246,-0.000114611990284,-0.000234835257288,0.000323354819557],[-0.000270148244454,0.00125641515478,0.0000509629353473,0.000454769615317,-0.000191825150978,0.000160944357049,-0.000435587862739,0.000369369925465,-0.000639536418021,0.000339395395713,-0.000633206276689,-0.000468276703032,0.000124101046822],[0.000251282908721,0.0000509629353473,0.00289335474372,-0.00111280649435,0.000487808254547,0.000253662030445,-0.00148356833961,0.00141208595596,-0.000833348138258,-0.000204820229555,0.000133057284984,-0.00265630776994,0.000679321005009],[-0.000247924093856,0.000454769615317,-0.00111280649435,0.00372211169451,-0.00108028168324,-0.000885063433088,0.00232200114988,-0.00274461787194,0.00219096429646,-0.000398311996832,-0.0011026954744,0.00045109243365,-0.000570256495848],[0.000294190424029,-0.000191825150978,0.000487808254547,-0.00108028168324,0.0089153200388,-0.00313037075102,-0.0012297044741,0.00344339106232,-0.00406321370974,0.00260563800111,-0.00352005264722,0.00290828384459,-0.0020847429987],[-0.00040678831283,0.000160944357049,0.000253662030445,-0.000885063433088,-0.00313037075102,0.00888812635094,-0.00495605403557,0.000176100526005,0.0026077022776,-0.00377679220401,0.00478373607621,-0.00505256420001,0.000967802188825],[0.000297904305626,-0.000435587862739,-0.00148356833961,0.00232200114988,-0.0012297044741,-0.00495605403557,0.014910928905,-0.00765501521528,0.0016407588264,0.00508642289788,-0.00377042009495,0.00575457606465,-0.00447523081675],[-0.0000714060879545,0.000369369925465,0.00141208595596,-0.00274461787194,0.00344339106232,0.000176100526005,-0.00765501521528,0.0182569138706,-0.00981686450541,0.000395600567572,0.00301004294306,-0.00542563153431,0.00552419945598],[0.0000688334985171,-0.000639536418021,-0.000833348138258,0.00219096429646,-0.00406321370974,0.0026077022776,0.0016407588264,-0.00981686450541,0.0198782086372,-0.0104338312522,0.00179243471939,0.00367375649512,-0.00610856339335],[0.000161306001246,0.000339395395713,-0.000204820229555,-0.000398311996832,0.00260563800111,-0.00377679220401,0.00508642289788,0.000395600567572,-0.0104338312522,0.0204011108726,-0.00699694640934,0.0039520743303,0.00197382434271],[-0.000114611990284,-0.000633206276689,0.000133057284984,-0.0011026954744,-0.00352005264722,0.00478373607621,-0.00377042009495,0.00301004294306,0.00179243471939,-0.00699694640934,0.0172646455467,-0.00917051918805,0.00264214235358],[-0.000234835257288,-0.000468276703032,-0.00265630776994,0.00045109243365,0.00290828384459,-0.00505256420001,0.00575457606465,-0.00542563153431,0.00367375649512,0.0039520743303,-0.00917051918805,0.0218160804361,-0.010065834038],[0.000323354819557,0.000124101046822,0.000679321005009,-0.000570256495848,-0.0020847429987,0.000967802188825,-0.00447523081675,0.00552419945598,-0.00610856339335,0.00197382434271,0.00264214235358,-0.010065834038,0.0229110326618]],"mean":[-669.281921387,150.88684082,-31.7209644318,22.0743465424,-3.69603991508,20.8910102844,-5.37152385712,11.0136499405,7.73712253571,8.83750915527,0.372626960278,1.80172669888,-6.87044334412]},"pitch_salience":{"dmean":0.0825107395649,"dmean2":0.136551737785,"dvar":0.00538075482473,"dvar2":0.0145111428574,"max":0.996043980122,"mean":0.56558996439,"median":0.577948153019,"min":0.036811247468,"var":0.015360172838},"silence_rate_20dB":{"dmean":0,"dmean2":0,"dvar":0,"dvar2":0,"max":1,"mean":1,"median":1,"min":1,"var":0},"silence_rate_30dB":{"dmean":0.00119706720579,"dmean2":0.00239449273795,"dvar":0.00119563308544,"dvar2":0.00268806517124,"max":1,"mean":0.998952746391,"median":1,"min":0,"var":0.00104620645288},"silence_rate_60dB":{"dmean":0.00628460291773,"dmean2":0.0125710861757,"dvar":0.00624434929341,"dvar2":0.0151082240045,"max":1,"mean":0.0882705003023,"median":0,"min":0,"var":0.0804695412517},"spectral_centroid":{"dmean":199.579376221,"dmean2":296.388122559,"dvar":61187.0351562,"dvar2":124255.203125,"max":11730.3007812,"mean":1463.15124512,"median":1213.92675781,"min":171.98651123,"var":2045319.625},"spectral_complexity":{"dmean":3.63040542603,"dmean2":5.09667778015,"dvar":13.3738231659,"dvar2":21.9496707916,"max":55,"mean":21.1840209961,"median":22,"min":0,"var":113.205413818},"spectral_contrast_coeffs":{"dmean":[0.0555202513933,0.0481186322868,0.0420293137431,0.0314307250082,0.0210811123252,0.0361378453672],"dmean2":[0.093117788434,0.0800397694111,0.0682578906417,0.0507025569677,0.03388646245,0.0576484873891],"dvar":[0.00199266453274,0.00149882852565,0.00118353485595,0.000655119074509,0.000316893478157,0.00105442176573],"dvar2":[0.00537335220724,0.00407379399985,0.00309796910733,0.00162249791902,0.00075674575055,0.00259589008056],"max":[-0.378047287464,-0.422433882952,-0.521017551422,-0.563224136829,-0.612537026405,-0.483451098204],"mean":[-0.711013793945,-0.782781302929,-0.766047000885,-0.779967427254,-0.809630274773,-0.71023774147],"median":[-0.712192058563,-0.788900315762,-0.76861011982,-0.7798833251,-0.81225335598,-0.69679915905],"min":[-0.995263636112,-0.991070389748,-0.994011044502,-0.99341160059,-0.987815022469,-0.965629398823],"var":[0.006487919949,0.00522731617093,0.0048071029596,0.00329151167534,0.00193683581892,0.00546358572319]},"spectral_contrast_valleys":{"dmean":[0.427898257971,0.363108515739,0.322077929974,0.278206110001,0.26439037919,0.494327068329],"dmean2":[0.700140595436,0.583363831043,0.49678465724,0.412839144468,0.362552344799,0.773930847645],"dvar":[0.13319952786,0.107107825577,0.101947404444,0.0854554995894,0.091254837811,0.20671236515],"dvar2":[0.306506693363,0.230863824487,0.190780237317,0.147716403008,0.149003311992,0.522597253323],"max":[-5.24569797516,-4.63094091415,-5.09060096741,-5.33392810822,-5.72194623947,-9.25307559967],"mean":[-7.49416732788,-6.99889373779,-7.28475666046,-7.56304740906,-8.03789234161,-11.5362386703],"median":[-6.8372297287,-6.39046525955,-6.68999910355,-6.94267606735,-7.49328994751,-11.0598363876],"min":[-28.1558818817,-28.143157959,-27.9464111328,-27.700176239,-27.6738166809,-27.4388599396],"var":[9.54118824005,9.69944477081,9.26511001587,9.09584712982,8.77607345581,6.01202917099]},"spectral_decrease":{"dmean":2.45008990873e-9,"dmean2":3.7899998695e-9,"dvar":7.51758780609e-18,"dvar2":1.78163619724e-17,"max":3.49851516435e-21,"mean":-7.4266321981e-9,"median":-6.8997785263e-9,"min":-3.49183508774e-8,"var":2.55094344911e-17},"spectral_energy":{"dmean":0.0097275339067,"dmean2":0.0149278230965,"dvar":0.000115747840027,"dvar2":0.000270420336165,"max":0.139329224825,"mean":0.0303183123469,"median":0.0282405745238,"min":9.77792996096e-21,"var":0.000419390096795},"spectral_energyband_high":{"dmean":0.000147627200931,"dmean2":0.000183587253559,"dvar":6.38839452449e-8,"dvar2":9.48133376255e-8,"max":0.00562675250694,"mean":0.000380026991479,"median":0.000203203569981,"min":7.06887548855e-21,"var":2.62453198729e-7},"spectral_energyband_low":{"dmean":0.0061684041284,"dmean2":0.0103164957836,"dvar":0.0000737984955776,"dvar2":0.000192514184164,"max":0.0963049530983,"mean":0.0105245895684,"median":0.00661801733077,"min":8.88338631952e-24,"var":0.000121664888866},"spectral_energyband_middle_high":{"dmean":0.00346489879303,"dmean2":0.00487528229132,"dvar":0.0000239024611801,"dvar2":0.0000494183695992,"max":0.0835653245449,"mean":0.00995795149356,"median":0.0067452006042,"min":1.18563486794e-21,"var":0.000109987857286},"spectral_energyband_middle_low":{"dmean":0.00437450641766,"dmean2":0.00684233056381,"dvar":0.0000451603009424,"dvar2":0.00010937191837,"max":0.123127371073,"mean":0.00990864541382,"median":0.00626383535564,"min":1.63433286714e-22,"var":0.000125499223941},"spectral_entropy":{"dmean":0.137982442975,"dmean2":0.203754812479,"dvar":0.0190926119685,"dvar2":0.0413744039834,"max":9.82502841949,"mean":7.56085729599,"median":7.57835960388,"min":5.22126626968,"var":0.228960946202},"spectral_flux":{"dmean":0.0231040231884,"dmean2":0.0366770811379,"dvar":0.00055212090956,"dvar2":0.00120970548596,"max":0.30273142457,"mean":0.0957672670484,"median":0.0964559912682,"min":6.24961402074e-11,"var":0.00209717312828},"spectral_kurtosis":{"dmean":2.38485002518,"dmean2":3.55824613571,"dvar":8.88156414032,"dvar2":20.5944728851,"max":62.9713134766,"mean":11.5002641678,"median":10.3069725037,"min":-1.2807238102,"var":38.6949653625},"spectral_rms":{"dmean":0.000843507586978,"dmean2":0.00126460252795,"dvar":6.78875608173e-7,"dvar2":0.00000148860760874,"max":0.0116589432582,"mean":0.00500728935003,"median":0.00524897873402,"min":3.08859903798e-12,"var":0.0000045060710363},"spectral_rolloff":{"dmean":321.82913208,"dmean2":523.850708008,"dvar":239073.578125,"dvar2":486540.90625,"max":19659.8144531,"mean":1633.1204834,"median":1291.9921875,"min":21.533203125,"var":6548345},"spectral_skewness":{"dmean":0.221288904548,"dmean2":0.322423785925,"dvar":0.0522671453655,"dvar2":0.107206717134,"max":6.07196187973,"mean":2.13815665245,"median":2.11072397232,"min":-0.100763127208,"var":0.410820782185},"spectral_spread":{"dmean":390073.03125,"dmean2":595581.375,"dvar":539911553024,"dvar2":1244023488510,"max":52499876,"mean":3992484.5,"median":3226649.25,"min":1279655.875,"var":27798315991000},"spectral_strongpeak":{"dmean":0.759635567665,"dmean2":1.28884661198,"dvar":1.41230428219,"dvar2":3.38316202164,"max":13.655040741,"mean":1.0730175972,"median":0.293917715549,"min":0,"var":2.72057795525},"zerocrossingrate":{"dmean":0.00727175921202,"dmean2":0.00888953916728,"dvar":0.0000895302146091,"dvar2":0.000134335990879,"max":0.5263671875,"mean":0.0583338290453,"median":0.0478515625,"min":0.00390625,"var":0.00440574204549}},"metadata":{"audio_properties":{"analysis_sample_rate":44100,"bit_rate":179462,"codec":"mp3","downmix":"mix","equal_loudness":0,"length":155.168411255,"lossless":false,"md5_encoded":"c63591a9b84af032c89d5508d86015f6","replay_gain":-9.37923240662,"sample_rate":44100},"tags":{"acoustid_id":["68176f29-7b4b-40b9-8370-fbe2fb1a7cbe"],"album":["Face to Face"],"albumartist":["The Kinks"],"albumartistsort":["Kinks, The"],"artist":["The Kinks"],"artistsort":["Kinks, The"],"asin":["B000007V25"],"barcode":["5017615847925"],"catalognumber":["ESM CD 479/GSA 0000479ESM"],"date":["1998"],"discnumber":["1/1"],"encoding":["LAME v3.96"],"file_name":"01 -  Party Line.mp3","genre":["Rock"],"label":["Essential! Records/Essential! Records"],"media":["CD"],"musicbrainz album release country":["GB"],"musicbrainz album status":["official"],"musicbrainz album type":["album"],"musicbrainz_albumartistid":["17b53d9f-5c63-4a09-a593-dde4608e0db9"],"musicbrainz_albumid":["cfdcdea6-669f-38be-9406-0b36b4d47a5c"],"musicbrainz_artistid":["17b53d9f-5c63-4a09-a593-dde4608e0db9"],"musicbrainz_recordingid":["02cf0fdf-bdc0-4906-82ae-d07ea3fd66dd"],"musicbrainz_releasegroupid":["9e3bff06-c552-345b-a10b-aeb6061e1a8a"],"originaldate":["1966"],"script":["Latn"],"title":["Party Line"],"tracknumber":["1/21"]},"version":{"essentia":"2.1-beta1","essentia_build_sha":"ca57ba49d9b1854bd80e60cf9ccf267278fb7d6b","essentia_git_sha":"v2.1_beta1-28-g21ef5f4-dirty","extractor":"music 1.0"}},"rhythm":{"beats_count":279,"beats_loudness":{"dmean":0.0128720896319,"dmean2":0.0218333322555,"dvar":0.00015706695558,"dvar2":0.000428137485869,"max":0.0909693166614,"mean":0.0368558093905,"median":0.0380793958902,"min":0,"var":0.000357139215339},"beats_loudness_band_ratio":{"dmean":[0.175542578101,0.0889653116465,0.102575719357,0.15035314858,0.0837279111147,0.0220768339932],"dmean2":[0.302672535181,0.154281198978,0.181172996759,0.259482055902,0.144415512681,0.0387285649776],"dvar":[0.0214574877173,0.00937422737479,0.0106598408893,0.0180733595