{"lowlevel":{"average_loudness":0.921090781689,"barkbands":{"dmean":[0.00000797317716206,0.000683123711497,0.00126977195032,0.000918931560591,0.00276605994441,0.00106071226764,0.000992033048533,0.00113919842988,0.000831179087982,0.000556044687983,0.00036936296965,0.000609685841482,0.00045096190297,0.000364140258171,0.000281591637759,0.000152518492541,0.000190850958461,0.000154656227096,0.000130307773361,0.000130627784529,0.000140728254337,0.000353342853487,0.000179974449566,0.0000982115452643,0.000146984937601,0.000022612624889,0.00000168840062997],"dmean2":[0.0000135502068588,0.00109827553388,0.00207958463579,0.00145123293623,0.00437474949285,0.00169234734494,0.00160738546401,0.00176564219873,0.0012717731297,0.000871175725479,0.000578816863708,0.000892257201485,0.000670917739626,0.000582727079745,0.000440538977273,0.000233770435443,0.000298368686344,0.00023702182807,0.000202254406759,0.000192727326066,0.00020660640439,0.000554716098122,0.000263282970991,0.000137924289447,0.00020389103156,0.0000345671360265,0.00000264878644884],"dvar":[2.28176824657e-10,0.00000189242177839,0.00000663467744744,0.0000030559078823,0.0000237224976445,0.00000397531039198,0.00000443190810984,0.00000940318204812,0.00000847686897032,0.00000229977808885,0.00000131417959892,0.00000625059874437,0.0000034078157114,0.00000249051799983,0.00000135631898956,3.95427690592e-7,3.22632217831e-7,1.90188359284e-7,2.35496429468e-7,2.04784157631e-7,1.49911073777e-7,4.67611982913e-7,1.61036638247e-7,1.65501745641e-7,9.66963682458e-8,2.1056181243e-9,1.15584538468e-11],"dvar2":[5.82641657143e-10,0.00000451733694717,0.0000173978514795,0.00000732752641852,0.0000574378063902,0.00000975892271526,0.0000111064637167,0.0000210471316677,0.0000183109350473,0.00000590993795413,0.00000296953885481,0.0000127142575366,0.00000680370521877,0.00000593823097006,0.00000339771008839,7.84442477197e-7,6.12113694842e-7,3.87960227499e-7,5.05209527546e-7,4.84230440634e-7,3.14573014748e-7,0.00000111311396722,3.27716577431e-7,2.69451277291e-7,1.87467293244e-7,4.35121716436e-9,2.73221532204e-11],"max":[0.00018485407054,0.0234649833292,0.0452978610992,0.0284868236631,0.077843517065,0.0399772487581,0.0358315035701,0.0787701457739,0.119256868958,0.0377527065575,0.047670789063,0.0742153003812,0.0528558976948,0.0427855923772,0.0438459888101,0.0261342469603,0.0272759720683,0.0196667127311,0.0180454421788,0.0173419602215,0.00711927004158,0.0162339154631,0.0134549224749,0.0253674145788,0.00779323279858,0.000703329627868,0.0000502401708218],"mean":[0.00000786477085057,0.00137196562719,0.00278718932532,0.0021726123523,0.0043530552648,0.00179514917545,0.00140557729173,0.00180699001066,0.00131965684704,0.000925324275158,0.000574783887714,0.000939888122957,0.000679664372001,0.00047766751959,0.000365368265193,0.000247800169745,0.000398115866119,0.000254743528785,0.000220538699068,0.000188620411791,0.000190547347302,0.000390260742279,0.000269714335445,0.000152755877934,0.000189813174075,0.0000245836436079,0.00000168315330029],"median":[0.00000281841721517,0.00090903788805,0.00203593727201,0.000849476025905,0.00220713461749,0.000874192046467,0.000374167982955,0.000409218628192,0.000304394197883,0.000218421337195,0.000109204542241,0.000100176679553,0.000119276170153,0.000109577755211,0.0000803649891168,0.0000823703303467,0.000227931363042,0.000106224339106,0.0000908961083042,0.0000561226697755,0.0000625872125966,0.000136195420055,0.000101014637039,0.0000299370549328,0.0000670291337883,0.00000664160688757,4.51140351743e-7],"min":[3.40753423043e-25,1.828785471e-24,7.11596791606e-24,1.94762973295e-24,1.1952717884e-23,1.0677222097e-23,1.28234475628e-23,1.04031031876e-23,1.99306212575e-23,1.95250016018e-23,3.00454273387e-23,3.77224449635e-23,2.81201334134e-23,6.36203445851e-23,6.56713450733e-23,9.08868989446e-23,8.72556586019e-23,1.27695199269e-22,1.54643167419e-22,1.53574052633e-22,2.69736307417e-22,3.46127199341e-22,3.78762993457e-22,6.55059442918e-22,9.01699569104e-22,1.44678039175e-21,2.13262267656e-21],"var":[2.20327700529e-10,0.00000297048404718,0.0000110364780994,0.0000107418327389,0.0000376555435651,0.00000740382711228,0.000007297875527,0.0000205291053135,0.0000171857773239,0.00000428616613135,0.00000254216934081,0.0000167596226675,0.00000713661665941,0.00000279015512206,0.00000161339664828,6.86316127485e-7,7.07980802872e-7,3.73474620119e-7,3.44825423326e-7,2.52925417499e-7,2.06417468007e-7,5.38132951533e-7,3.46854221789e-7,4.65691982754e-7,1.66762745835e-7,2.92756818787e-9,1.21040009612e-11]},"barkbands_crest":{"dmean":2.48072934151,"dmean2":4.02855443954,"dvar":5.80125617981,"dvar2":14.3697748184,"max":25.3790779114,"mean":9.53144931793,"median":8.63473892212,"min":2.46610546112,"var":16.4871559143},"barkbands_flatness_db":{"dmean":0.0232257395983,"dmean2":0.0345156341791,"dvar":0.000470886181574,"dvar2":0.000978024792857,"max":0.482990860939,"mean":0.130840435624,"median":0.123281657696,"min":0.0309639479965,"var":0.00254287663847},"barkbands_kurtosis":{"dmean":3.16161465645,"dmean2":4.88957977295,"dvar":48.155292511,"dvar2":101.603179932,"max":295.932312012,"mean":4.91585445404,"median":2.17681336403,"min":-1.94835937023,"var":163.487030029},"barkbands_skewness":{"dmean":0.569425106049,"dmean2":0.857521593571,"dvar":0.430545717478,"dvar2":0.967475950718,"max":13.2221755981,"mean":1.6783592701,"median":1.52900719643,"min":-2.7593152523,"var":1.72210717201},"barkbands_spread":{"dmean":8.1067533493,"dmean2":12.260351181,"dvar":81.5306549072,"dvar2":174.549606323,"max":119.117843628,"mean":24.6910858154,"median":20.8309440613,"min":0.225293383002,"var":234.156387329},"dissonance":{"dmean":0.0214670877904,"dmean2":0.0355974435806,"dvar":0.000424298195867,"dvar2":0.00107729271986,"max":0.499973207712,"mean":0.453219354153,"median":0.459410369396,"min":0.199289932847,"var":0.000969868444372},"dynamic_complexity":3.50276708603,"erbbands":{"dmean":[0.00900767371058,0.206346929073,1.27395987511,2.30780720711,5.08619117737,12.6709222794,6.94234514236,9.66123104095,13.9522542953,17.1975440979,24.2672805786,19.7998180389,18.9311199188,13.0508050919,16.0012359619,26.2409591675,20.8733253479,17.4650840759,16.1220664978,10.2187681198,7.68756198883,8.71742248535,8.75712776184,7.12361764908,5.46098232269,6.14603281021,4.96090364456,8.35973834991,15.0238742828,5.3645401001,5.81958580017,2.63709950447,1.56189680099,1.20359182358,1.40684461594,0.205253750086,0.0306562371552,0.00305500882678,0.000345931475749,0.0000157846498041],"dmean2":[0.0140826525167,0.334832161665,2.08376121521,3.57713747025,8.11092472076,20.3415203094,11.0744132996,15.6618537903,22.4362602234,27.6059360504,37.1596984863,29.8848800659,29.5347118378,19.847284317,24.8132228851,38.0155105591,30.289024353,27.4534873962,25.374080658,16.0623207092,11.5428609848,13.3390169144,13.540312767,11.18110466,8.24854850769,9.1034488678,7.26867628098,12.3720302582,24.0119781494,8.12913322449,8.50996398926,3.72123765945,2.22157907486,1.6739345789,1.99745512009,0.300695508718,0.0464528985322,0.00451186811551,0.000547682051547,0.0000224946779781],"dvar":[0.000342746381648,0.182833820581,7.16470050812,17.5280838013,97.1653594971,641.562805176,128.552062988,422.949829102,933.004821777,1717.97900391,5687.23046875,4970.90087891,4022.51025391,1447.97387695,2306.35522461,11727.5224609,6908.41992188,5442.60742188,5022.57666016,1298.15563965,870.432006836,677.66027832,463.532928467,482.10043335,615.656188965,539.195129395,196.477813721,444.553283691,789.679382324,171.525741577,157.41343689,82.8861999512,45.8461761475,12.5334787369,6.99040794373,0.158594831824,0.00473598623648,0.0000390221684938,5.89334717915e-7,5.95687221772e-10],"dvar2":[0.000684343918692,0.453380137682,18.341178894,41.3075065613,240.492172241,1538.54040527,318.678161621,1048.10351563,2327.61767578,4278.28759766,12708.7851563,10568.0087891,9979.60839844,3214.21362305,5530.85498047,23445.7851563,13273.0029297,13391.5986328,12704.0712891,2681.70898438,1596.62084961,1343.79992676,1001.34857178,1232.78015137,1143.16882324,1325.35705566,408.67578125,946.641784668,1893.64416504,400.582122803,310.673248291,143.751693726,80.2562103271,23.727388382,14.2034845352,0.315190643072,0.0101281693205,0.0000826644827612,0.00000142795795455,1.16159437624e-9],"max":[0.274397313595,7.84025621414,54.3907394409,61.9567108154,271.238189697,434.210906982,214.843063354,394.316589355,415.513793945,865.044677734,2376.63720703,3216.99023438,1772.96435547,1390.91040039,1335.33508301,3541.81762695,2942.00073242,2325.77685547,2707.22021484,1272.45666504,1194.16479492,1486.27416992,830.149841309,694.440429688,1114.41711426,1022.43157959,362.527954102,430.28225708,496.073272705,466.348297119,459.858520508,527.88458252,396.74520874,138.180038452,37.0841789246,6.00108242035,1.07291889191,0.100691251457,0.0115322368219,0.000391489680624],"mean":[0.0163641944528,0.420096188784,2.78972458839,6.08634281158,9.26169204712,17.9423084259,11.6439352036,15.9482460022,21.0295276642,26.9707717896,39.3452415466,33.0077819824,31.1599006653,23.0978908539,27.3051815033,43.085735321,34.6188011169,25.9183769226,21.742898941,16.0748672485,14.4826936722,18.2166080475,17.0870742798,12.9730234146,8.86885643005,9.14011764526,7.69500780106,9.82464504242,15.8400754929,7.6112370491,8.42580509186,4.12249469757,2.2741856575,1.59536528587,1.73555791378,0.241395100951,0.033678714186,0.00363623048179,0.000343365216395,0.0000393849913962],"median":[0.0102771464735,0.261829972267,1.84918367863,2.9635424614,5.21122932434,6.52757692337,6.5524687767,7.30314922333,6.13463115692,7.03650093079,9.453332901,9.13195133209,8.4695930481,5.02975749969,6.32942962646,5.59146499634,6.7230424881,6.31415176392,5.17215442657,5.48564147949,5.99837970734,9.66080474854,9.05704689026,4.98755836487,3.21610021591,2.9456346035,2.8444890976,2.82867956161,5.34742355347,3.00143671036,3.17839670181,1.01851916313,0.421439290047,0.464129805565,0.626545906067,0.0788194686174,0.00870967470109,0.00143255305011,0.0000797778193373,0.0000298842860502],"min":[7.82490127659e-23,1.13383591326e-21,6.15768959569e-21,8.84357937588e-21,1.43069207215e-20,2.64346615842e-20,3.28329407808e-20,3.85804437084e-20,2.17838117713e-19,2.54285789303e-19,2.22759971605e-19,3.97413057489e-19,6.19665346993e-19,7.532345432e-19,1.42328170354e-18,1.74270246017e-18,1.66571820812e-18,3.22824439406e-18,2.71037577065e-18,2.88450762935e-18,5.27932433607e-18,5.69913504056e-18,7.70751674654e-18,7.85888748991e-18,7.13664962731e-18,8.06521859473e-18,8.81296008997e-18,1.17664928395e-17,1.17422059895e-17,1.37380033833e-17,1.14687061646e-17,1.09131683565e-17,1.12910980794e-17,8.50796701759e-18,6.10133341544e-18,4.89699980259e-18,2.43412598379e-18,9.14714932925e-19,2.75251121368e-19,2.80160709722e-20],"var":[0.000502920767758,0.285626232624,12.0056495667,59.2465820313,186.211990356,906.896057129,220.872436523,713.998901367,1606.50817871,3103.25415039,12614.5478516,9535.36132813,7065.46630859,3323.1171875,4601.06787109,33901.2421875,16743.5175781,6670.60742188,5503.08691406,2208.50878906,1731.20251465,1661.71899414,906.083618164,793.678161621,944.437744141,614.761474609,315.411499023,551.638183594,874.284240723,265.495697021,337.388671875,238.387039185,108.986434937,23.1713409424,10.9462814331,0.247218951583,0.00605044327676,0.0000500203386764,5.82396410209e-7,1.24304933014e-9]},"erbbands_crest":{"dmean":2.96611690521,"dmean2":4.80174350739,"dvar":8.18087387085,"dvar2":19.2495956421,"max":32.9587554932,"mean":9.68495082855,"median":8.35065078735,"min":2.21696329117,"var":23.7153606415},"erbbands_flatness_db":{"dmean":0.019134581089,"dmean2":0.0271580275148,"dvar":0.000327754969476,"dvar2":0.000615214463323,"max":0.395406126976,"mean":0.147413924336,"median":0.138553351164,"min":0.0408257506788,"var":0.00197557359934},"erbbands_kurtosis":{"dmean":0.992624163628,"dmean2":1.55194711685,"dvar":3.08082652092,"dvar2":6.70471286774,"max":56.2947044373,"mean":0.432054638863,"median":-0.390955775976,"min":-1.75965332985,"var":8.41404342651},"erbbands_skewness":{"dmean":0.418072938919,"dmean2":0.636592328548,"dvar":0.167263075709,"dvar2":0.365099340677,"max":5.82385063171,"mean":0.451931893826,"median":0.432136684656,"min":-3.73494243622,"var":0.594294786453},"erbbands_spread":{"dmean":11.4597959518,"dmean2":16.8901958466,"dvar":122.980857849,"dvar2":267.694519043,"max":153.647369385,"mean":48.7150421143,"median":47.9501342773,"min":1.65620434284,"var":497.998138428},"gfcc":{"cov":[[15618.4443359,313.407623291,-830.570129395,456.663757324,-842.858337402,344.363708496,-437.353240967,95.6861724854,-208.567871094,237.917831421,-43.6522865295,12.9555807114,-169.911224365],[313.407623291,958.743225098,-65.4633560181,-54.2148704529,173.133285522,-43.5495948792,116.328018188,38.4924507141,29.699596405,-109.480888367,75.2107162476,-54.3142471313,24.8033733368],[-830.570129395,-65.4633560181,761.62689209,277.336578369,133.790115356,8.91156101227,-57.978427887,8.02570438385,74.2917251587,54.6231956482,-59.7668647766,107.011703491,-11.2090463638],[456.663757324,-54.2148704529,277.336578369,386.325531006,67.8090286255,-24.2801303864,-81.6989898682,36.9921073914,46.0769195557,16.9731235504,-38.2068443298,29.2855739594,7.30994606018],[-842.858337402,173.133285522,133.790115356,67.8090286255,269.377380371,8.79116916656,54.2426948547,14.2254533768,43.4152832031,-29.2385807037,-26.6012306213,-1.09249734879,22.8417072296],[344.363708496,-43.5495948792,8.91156101227,-24.2801303864,8.79116916656,226.69190979,90.3846588135,15.4012670517,-12.7952051163,35.9752960205,22.4907569885,12.2537050247,-18.1512565613],[-437.353240967,116.328018188,-57.978427887,-81.6989898682,54.2426948547,90.3846588135,233.204238892,58.1880950928,-3.53069663048,-10.2666311264,39.9539031982,-5.22981405258,18.8930835724],[95.6861724854,38.4924507141,8.02570438385,36.9921073914,14.2254533768,15.4012670517,58.1880950928,147.4478302,53.7325630188,4.98049449921,8.68918514252,18.146068573,18.5071582794],[-208.567871094,29.699596405,74.2917251587,46.0769195557,43.4152832031,-12.7952051163,-3.53069663048,53.7325630188,123.573165894,30.6904239655,-2.20405554771,13.4113941193,6.74342489243],[237.917831421,-109.480888367,54.6231956482,16.9731235504,-29.2385807037,35.9752960205,-10.2666311264,4.98049449921,30.6904239655,132.334259033,19.5921077728,16.5358600616,-19.4302902222],[-43.6522865295,75.2107162476,-59.7668647766,-38.2068443298,-26.6012306213,22.4907569885,39.9539031982,8.68918514252,-2.20405554771,19.5921077728,135.717834473,2.75485467911,-6.19085645676],[12.9555807114,-54.3142471313,107.011703491,29.2855739594,-1.09249734879,12.2537050247,-5.22981405258,18.146068573,13.4113941193,16.5358600616,2.75485467911,119.784873962,18.618598938],[-169.911224365,24.8033733368,-11.2090463638,7.30994606018,22.8417072296,-18.1512565613,18.8930835724,18.5071582794,6.74342489243,-19.4302902222,-6.19085645676,18.618598938,85.5117950439]],"icov":[[0.000174869244802,-0.000349941139575,0.000355050957296,-0.000496536667924,0.000586421228945,-0.000492564344313,0.000409913569456,-0.000207149758353,0.000339078280376,-0.000464404438389,0.000442949094577,-0.000282298628008,0.000192292587599],[-0.000349941139575,0.0022370389197,-0.000726455415133,0.00118452543393,-0.00206086994149,0.0013823825866,-0.00119080487639,0.00024720231886,-0.00105316843837,0.00204987637699,-0.00198678392917,0.00109230331145,-0.000319995509926],[0.000355050957296,-0.000726455415133,0.00309223984368,-0.00236238446087,0.000361681828508,-0.00104356068186,0.000736380752642,0.000238486347371,0.0000907901485334,-0.00155502907,0.00156001630239,-0.00247744191438,0.00128290499561],[-0.000496536667924,0.00118452543393,-0.00236238446087,0.00557899195701,-0.00241142930463,0.00131679419428,0.00058333540801,-0.00112392893061,-0.000753516680561,0.00135457189754,-0.0013660552213,0.00148122210521,-0.0011329613626],[0.000586421228945,-0.00206086994149,0.000361681828508,-0.00241142930463,0.00774464663118,-0.00200731051154,-0.000280232547084,0.000530519871973,-0.00073546502972,-0.000624539097771,0.00278147053905,-0.000392455171095,-0.000328273861669],[-0.000492564344313,0.0013823825866,-0.00104356068186,0.00131679419428,-0.00200731051154,0.0073978737928,-0.00377104664221,0.000523539318237,0.0000423922974733,-0.00013499976194,-0.00149267504457,0.000161037401995,0.00102017994504],[0.000409913569456,-0.00119080487639,0.000736380752642,0.00058333540801,-0.000280232547084,-0.00377104664221,0.00862904079258,-0.0037410701625,0.00218182941899,-0.00093427405227,-0.000326716690324,-0.0000069534389695,-0.00102237809915],[-0.000207149758353,0.00024720231886,0.000238486347371,-0.00112392893061,0.000530519871973,0.000523539318237,-0.0037410701625,0.0105722025037,-0.0050822366029,0.00110914849211,-0.000239762113779,-0.0010427844245,-0.0009856185643],[0.000339078280376,-0.00105316843837,0.0000907901485334,-0.000753516680561,-0.00073546502972,0.0000423922974733,0.00218182941899,-0.0050822366029,0.0127998609096,-0.00427333358675,0.000888494367246,-0.000429350679042,0.0000562919231015],[-0.000464404438389,0.00204987637699,-0.00155502907,0.00135457189754,-0.000624539097771,-0.00013499976194,-0.00093427405227,0.00110914849211,-0.00427333358675,0.0118721872568,-0.00323768123053,0.000605570850894,0.000935937394388],[0.000442949094577,-0.00198678392917,0.00156001630239,-0.0013660552213,0.00278147053905,-0.00149267504457,-0.000326716690324,-0.000239762113779,0.000888494367246,-0.00323768123053,0.0103930290788,-0.00188630924094,0.00119933392853],[-0.000282298628008,0.00109230331145,-0.00247744191438,0.00148122210521,-0.000392455171095,0.000161037401995,-0.0000069534389695,-0.0010427844245,-0.000429350679042,0.000605570850894,-0.00188630924094,0.0114007880911,-0.00341030210257],[0.000192292587599,-0.000319995509926,0.00128290499561,-0.0011329613626,-0.000328273861669,0.00102017994504,-0.00102237809915,-0.0009856185643,0.0000562919231015,0.000935937394388,0.00119933392853,-0.00341030210257,0.0142152355984]],"mean":[-10.669634819,76.926651001,-108.484024048,34.2642860413,-70.5703125,13.7652368546,-48.1323165894,5.49481105804,-26.9491100311,-3.03046298027,-24.7466220856,-0.0465446077287,-17.0204334259]},"hfc":{"dmean":9.08394527435,"dmean2":12.4328584671,"dvar":230.374237061,"dvar2":425.975891113,"max":401.620117188,"mean":22.270154953,"median":13.9983253479,"min":1.11979409988e-16,"var":625.584289551},"melbands":{"dmean":[0.000126546889078,0.00052579754265,0.000430767657235,0.000653728318866,0.000309709896101,0.00021948851645,0.000206481854548,0.000197619752726,0.000196264823899,0.000119296004414,0.0000949489694904,0.0000535914405191,0.0000519012501172,0.000067534725531,0.0000616172983428,0.0000382333128073,0.0000350544432877,0.0000277755261777,0.0000188999401871,0.0000128921765281,0.00000967144933384,0.0000098130067272,0.0000109292286652,0.00000746883097236,0.00000614875580141,0.00000460222281617,0.0000034772779145,0.00000463801916339,0.00000342929797625,0.00000331891237693,0.00000560801572647,0.0000095000868896,0.00000552797155251,0.00000238544862441,0.00000397180292566,0.0000024896226023,0.00000144493708376,0.000001078647756,0.00000113232840704,9.57179508987e-7],"dmean2":[0.000200782567845,0.000859711668454,0.000672961003147,0.00103581347503,0.000494178093504,0.000352794944774,0.00033425266156,0.000313794298563,0.000303806184093,0.000178658985533,0.000149143306771,0.0000814235027065,0.0000823090958875,0.0000969880493358,0.0000890819210326,0.0000577311657253,0.0000562130990147,0.0000449133294751,0.0000296437592624,0.0000199791466002,0.0000145358262671,0.0000149594261529,0.0000175906880031,0.0000112672450996,0.00000987130079011,0.00000693689617037,0.00000529484623257,0.00000698087251294,0.00000507874983668,0.00000499112593388,0.00000854080644785,0.0000150256464622,0.0000091299534688,0.00000359053069587,0.00000592628657614,0.00000369038320969,0.00000207024436349,0.00000156598343892,0.00000163916968177,0.00000136583287258],"dvar":[6.16444921775e-8,0.00000123321126466,5.62319257824e-7,0.00000152251573127,2.3730640919e-7,1.95987240659e-7,1.95656369328e-7,2.19642956267e-7,3.80367993102e-7,1.84924644486e-7,1.03137544727e-7,2.5801815795e-8,2.34181332104e-8,7.82164590873e-8,5.82319046316e-8,2.35557067185e-8,2.61389700995e-8,1.66856946038e-8,6.80312206569e-9,2.40803865736e-9,1.35296929216e-9,1.34207811531e-9,3.9715336575e-10,7.72331421039e-10,4.1103559445e-10,6.21563633896e-10,1.85900461691e-10,2.54722687387e-10,8.75645528309e-11,9.91529428007e-11,2.01547709078e-10,3.19484438904e-10,1.35018260461e-10,4.69859012808e-11,7.02420691057e-11,5.01198943459e-11,3.69864520955e-11,2.70166042315e-11,1.6168269848e-11,8.03683161688e-12],"dvar2":[1.34409390284e-7,0.0000031533679703,0.00000137552592605,0.00000363976892004,5.91775005887e-7,4.85868667965e-7,4.90437628287e-7,5.2455277455e-7,8.50496007843e-7,3.72766152168e-7,2.55535297811e-7,5.81974859415e-8,5.60310908782e-8,1.43896727423e-7,1.17344477246e-7,4.73181387406e-8,6.52950618019e-8,4.23513135672e-8,1.67520095573e-8,4.66427341195e-9,2.56942933596e-9,2.50078602271e-9,9.68721658445e-10,1.58060375899e-9,1.10494213779e-9,1.23572452271e-9,4.49606768482e-10,5.9352983639e-10,1.85220297433e-10,2.09622624814e-10,4.47428705197e-10,7.54371509704e-10,3.43137462888e-10,1.11280012982e-10,1.42687014981e-10,1.11921617807e-10,6.88178611319e-11,4.78635950318e-11,3.00663070829e-11,1.62133206166e-11],"max":[0.00341321271844,0.0221870914102,0.0123688774183,0.0202000979334,0.00719820568338,0.00878660846502,0.006408078596,0.00980079825968,0.021084247157,0.0177027583122,0.00860521942377,0.00513725960627,0.00406476669014,0.0107104741037,0.0103743681684,0.00574695738032,0.00497800903395,0.00439474266022,0.00288260355592,0.00223907246254,0.00128222140484,0.00217700074427,0.000517679902259,0.00142148183659,0.00065146619454,0.00125141569879,0.000605353969149,0.000570970994886,0.000248759082751,0.000221445996431,0.00031200988451,0.00028423088952,0.000313974160235,0.000249476142926,0.000232685124502,0.000358160323231,0.000352099974407,0.000292019947665,0.000182587638847,0.000104924904008],"mean":[0.00025658661616,0.0011644884944,0.00110132852569,0.00100917706732,0.0005047104205,0.000368813110981,0.000308855378535,0.000309476396069,0.000319748331094,0.000192958119442,0.000150479914737,0.0000902109022718,0.0000854026438901,0.000103994527308,0.000101771431218,0.0000583926557738,0.0000475729320897,0.0000351084709109,0.0000242862406594,0.0000202541596082,0.0000169288141478,0.0000183158426807,0.0000217470860662,0.0000118393882076,0.0000105298195194,0.00000683138750901,0.00000506899777974,0.00000656153679301,0.00000525494124304,0.00000421124286731,0.00000613133897787,0.00000989080035652,0.00000602215732215,0.00000349218134943,0.0000054609486142,0.0000034095751289,0.00000217252500079,0.00000157846636739,0.00000141378848184,0.00000123973291011],"median":[0.000192810228327,0.000788400997408,0.000646264874376,0.000513978127856,0.000257540785242,0.000168297439814,0.000091700880148,0.0000718764858902,0.000073956878623,0.0000497886176163,0.0000361240308848,0.0000162862852449,0.0000174702909135,0.0000142506623888,0.0000137493789225,0.0000119239721244,0.0000105796752905,0.00000794458173914,0.00000563719913771,0.00000743491591493,0.00000705665979694,0.00000874100715009,0.0000122651335914,0.00000439102404926,0.00000376154821424,0.00000235618836086,0.00000148037315739,0.0000019736808099,0.00000184496821021,0.00000114781551019,0.00000154771646521,0.00000317646026815,0.00000207038965527,0.00000126435475067,0.00000208769210985,8.81478058545e-7,4.23780733172e-7,2.62869264134e-7,2.31095881986e-7,3.94728544961e-7],"min":[9.18868436453e-25,3.29056306939e-24,1.8206708533e-24,2.56861551552e-24,9.4070242998e-25,1.03309164983e-24,3.65655725573e-24,2.47072734351e-24,1.69494516045e-24,2.79110801459e-24,2.80041164289e-24,2.67862946571e-24,4.8916866358e-24,3.21442615912e-24,2.11291896956e-24,3.4320939849e-24,5.78067528914e-24,3.48531014714e-24,3.35653491525e-24,4.23277281534e-24,6.47987544716e-24,4.85969398736e-24,4.16897960609e-24,4.92195838418e-24,6.61865027989e-24,4.7523422455e-24,5.24325827543e-24,5.06451422722e-24,5.22070277e-24,4.40564418854e-24,7.07782885788e-24,6.15745576785e-24,6.34210680652e-24,6.34610002042e-24,6.77187546667e-24,5.52035316257e-24,6.81343423688e-24,7.23179478505e-24,5.55940453839e-24,7.13250401836e-24],"var":[9.48497174136e-8,0.00000202000319405,0.00000163621382399,0.00000231077274293,4.14724240727e-7,3.59697395425e-7,3.33522194751e-7,4.22230158392e-7,8.43011889629e-7,3.76972110416e-7,1.76089997694e-7,5.86156652105e-8,4.78436241735e-8,1.99156190206e-7,1.73838031969e-7,4.54667592464e-8,2.8721867551e-8,1.6815512538e-8,7.7792359221e-9,4.08698008769e-9,2.44023246054e-9,2.84707279974e-9,9.05135744134e-10,1.32694122357e-9,5.75819225634e-10,8.64108451459e-10,2.14644579888e-10,3.20618476213e-10,1.39715017333e-10,1.33024868898e-10,2.29753299719e-10,3.56672164026e-10,1.47568318676e-10,7.49595385763e-11,1.32273053621e-10,1.09326776798e-10,8.9827256744e-11,5.99392410705e-11,3.32144450832e-11,1.30392016628e-11]},"melbands_crest":{"dmean":3.02864933014,"dmean2":4.9614405632,"dvar":8.50997066498,"dvar2":21.6275672913,"max":34.0078659058,"mean":13.9919061661,"median":13.0449085236,"min":1.80562126637,"var":27.7755336761},"melbands_flatness_db":{"dmean":0.0279691591859,"dmean2":0.0408207215369,"dvar":0.000760929600801,"dvar2":0.0015753993066,"max":0.600039243698,"mean":0.189666256309,"median":0.185959726572,"min":0.00300204893574,"var":0.00409463560209},"melbands_kurtosis":{"dmean":7.59713315964,"dmean2":11.8501806259,"dvar":207.072616577,"dvar2":488.631744385,"max":353.861907959,"mean":16.5807857513,"median":9.5383682251,"min":-1.89720332623,"var":579.990783691},"melbands_skewness":{"dmean":0.745911121368,"dmean2":1.13222301006,"dvar":0.746447205544,"dvar2":1.75939643383,"max":15.0579509735,"mean":2.93199539185,"median":2.67673492432,"min":-1.94340312481,"var":3.38383769989},"melbands_spread":{"dmean":8.78050231934,"dmean2":13.5396184921,"dvar":176.830627441,"dvar2":390.536529541,"max":251.400863647,"mean":24.5160446167,"median":19.651309967,"min":0.413296699524,"var":457.876983643},"mfcc":{"cov":[[8965.43359375,182.610977173,23.308429718,-96.2746810913,-225.314529419,99.2257995605,-50.090057373,-51.7093086243,-153.383163452,64.7382507324,112.980117798,64.9044189453,61.1828422546],[182.610977173,1037.28759766,-90.616394043,35.428401947,55.6404075623,-10.4273519516,73.3031311035,102.856781006,39.290977478,-19.933631897,7.52612781525,26.4216041565,29.0432224274],[23.308429718,-90.616394043,529.359008789,194.36920166,134.832351685,83.6771850586,-65.9923324585,28.0556297302,32.8677139282,-60.8773651123,43.419216156,74.4750823975,17.7769680023],[-96.2746810913,35.428401947,194.36920166,393.802886963,176.853988647,-7.91488456726,-79.2079391479,24.350774765,75.2095031738,-24.5487346649,-21.1443405151,22.2598648071,11.6198740005],[-225.314529419,55.6404075623,134.832351685,176.853988647,251.975234985,47.3323478699,-64.9479827881,18.5703296661,51.6478881836,-8.81110668182,5.75236606598,9.80149269104,-13.8591833115],[99.2257995605,-10.4273519516,83.6771850586,-7.91488456726,47.3323478699,189.36618042,44.397644043,18.0019416809,13.5836439133,-3.99245715141,50.0170783997,-5.85748624802,7.04787349701],[-50.090057373,73.3031311035,-65.9923324585,-79.2079391479,-64.9479827881,44.397644043,220.605941772,56.0908317566,2.62286496162,39.6508598328,9.4782037735,16.8406047821,29.0394058228],[-51.7093086243,102.856781006,28.0556297302,24.350774765,18.5703296661,18.0019416809,56.0908317566,166.918212891,61.750957489,3.62431931496,4.42477416992,31.0041999817,21.6161251068],[-153.383163452,39.290977478,32.8677139282,75.2095031738,51.6478881836,13.5836439133,2.62286496162,61.750957489,165.739822388,28.9203567505,-4.95623350143,-4.49777889252,13.6796207428],[64.7382507324,-19.933631897,-60.8773651123,-24.5487346649,-8.81110668182,-3.99245715141,39.6508598328,3.62431931496,28.9203567505,132.599624634,24.5362854004,3.56171417236,-8.29047584534],[112.980117798,7.52612781525,43.419216156,-21.1443405151,5.75236606598,50.0170783997,9.4782037735,4.42477416992,-4.95623350143,24.5362854004,117.80052948,34.2568855286,6.97832679749],[64.9044189453,26.4216041565,74.4750823975,22.2598648071,9.80149269104,-5.85748624802,16.8406047821,31.0041999817,-4.49777889252,3.56171417236,34.2568855286,129.849456787,50.0351753235],[61.1828422546,29.0432224274,17.7769680023,11.6198740005,-13.8591833115,7.04787349701,29.0394058228,21.6161251068,13.6796207428,-8.29047584534,6.97832679749,50.0351753235,114.635421753]],"icov":[[0.000123842750327,-0.0000490688362333,-0.0000207468310691,-0.0000506221367687,0.000201219227165,-0.000149495099322,0.000147885744809,-0.00000803394414106,0.000132697517984,-0.000148881139467,-0.0000254985461652,-0.0000325508844981,-0.0000585884517932],[-0.0000490688362333,0.00115080189425,0.000404102524044,-0.0000731571708457,-0.000548259413335,0.000311407085974,-0.000459684204543,-0.000532009114977,-0.000121926233987,0.000579823565204,-0.000332062714733,-0.0000912820687518,-0.0000727458027541],[-0.0000207468310691,0.000404102524044,0.00324290781282,-0.00118047860451,-0.000431319058407,-0.00126718368847,0.000456199340988,-0.000240086839767,-0.000251704565017,0.00140232115518,-0.000689958920702,-0.00178872258402,0.000435109890532],[-0.0000506221367687,-0.0000731571708457,-0.00118047860451,0.0046847043559,-0.00264847371727,0.00120960175991,0.000332707772031,0.0000729693565518,-0.00116915616672,0.000150969979586,0.000844967202283,0.000104670041765,-0.000685534905642],[0.000201219227165,-0.000548259413335,-0.000431319058407,-0.00264847371727,0.0075048240833,-0.0025365864858,0.00196586805396,-0.000217835549847,-0.00043118634494,-0.000909662980121,0.000402062345529,-0.000754478794988,0.00126370717771],[-0.000149495099322,0.000311407085974,-0.00126718368847,0.00120960175991,-0.0025365864858,0.00831573829055,-0.00265316432342,-0.0000464632903459,-0.000520478410181,0.00125382025726,-0.00337814213708,0.00261748721823,-0.000846309238113],[0.000147885744809,-0.000459684204543,0.000456199340988,0.000332707772031,0.00196586805396,-0.00265316432342,0.00719640217721,-0.00213836715557,0.00080237275688,-0.00234236638062,0.00112276303116,-0.000777952373028,-0.00107986060902],[-0.00000803394414106,-0.000532009114977,-0.000240086839767,0.0000729693565518,-0.000217835549847,-0.0000464632903459,-0.00213836715557,0.00854101311415,-0.00317572196946,0.000939681427553,0.000206093172892,-0.00181760685518,0.000304302462609],[0.000132697517984,-0.000121926233987,-0.000251704565017,-0.00116915616672,-0.00043118634494,-0.000520478410181,0.00080237275688,-0.00317572196946,0.00879604462534,-0.00278553972021,0.00057956186356,0.00180380488746,-0.00158063718118],[-0.000148881139467,0.000579823565204,0.00140232115518,0.000150969979586,-0.000909662980121,0.00125382025726,-0.00234236638062,0.000939681427553,-0.00278553972021,0.0102744158357,-0.00280336104333,-0.000914384785574,0.00157411699183],[-0.0000254985461652,-0.000332062714733,-0.000689958920702,0.000844967202283,0.000402062345529,-0.00337814213708,0.00112276303116,0.000206093172892,0.00057956186356,-0.00280336104333,0.0117797395214,-0.00324126216583,0.000477843102999],[-0.0000325508844981,-0.0000912820687518,-0.00178872258402,0.000104670041765,-0.000754478794988,0.00261748721823,-0.000777952373028,-0.00181760685518,0.00180380488746,-0.000914384785574,-0.00324126216583,0.0122620994225,-0.00484119588509],[-0.0000585884517932,-0.0000727458027541,0.000435109890532,-0.000685534905642,0.00126370717771,-0.000846309238113,-0.00107986060902,0.000304302462609,-0.00158063718118,0.00157411699183,0.000477843102999,-0.00484119588509,0.0115824220702]],"mean":[-652.147155762,106.150604248,12.3632888794,20.5836105347,0.570771157742,5.36773109436,-13.0138940811,4.72676610947,-4.07270336151,-7.2664475441,0.34865885973,-3.15856575966,-5.45397377014]},"pitch_salience":{"dmean":0.0678499341011,"dmean2":0.109248764813,"dvar":0.00407156627625,"dvar2":0.0106163462624,"max":0.848954677582,"mean":0.539207875729,"median":0.543391346931,"min":0.047032341361,"var":0.0119007574394},"silence_rate_20dB":{"dmean":0,"dmean2":0,"dvar":0,"dvar2":0,"max":1,"mean":1,"median":1,"min":1,"var":0},"silence_rate_30dB":{"dmean":0.000621214450803,"dmean2":0.00124262191821,"dvar":0.000620817125309,"dvar2":0.00186234235298,"max":1,"mean":0.999689459801,"median":1,"min":0,"var":0.000310477946186},"silence_rate_60dB":{"dmean":0.0130455037579,"dmean2":0.0260950606316,"dvar":0.0128752188757,"dvar2":0.030075462535,"max":1,"mean":0.0650621131063,"median":0,"min":0,"var":0.0608282871544},"spectral_centroid":{"dmean":314.420379639,"dmean2":475.3152771,"dvar":151837.765625,"dvar2":312588.875,"max":11469.5332031,"mean":1306.19555664,"median":1138.52856445,"min":198.882797241,"var":793681.9375},"spectral_complexity":{"dmean":3.55055141449,"dmean2":5.29947185516,"dvar":22.3050479889,"dvar2":41.7846946716,"max":59,"mean":15.3692550659,"median":14,"min":0,"var":76.8625946045},"spectral_contrast_coeffs":{"dmean":[0.0489531755447,0.0498302131891,0.0437381975353,0.0373768135905,0.0231962837279,0.0230792183429],"dmean2":[0.079649373889,0.0814827233553,0.0679173842072,0.0585894733667,0.0364165529609,0.0350172631443],"dvar":[0.00175222556572,0.00180993287358,0.00141745619476,0.000979077885859,0.000392497866414,0.000377157964977],"dvar2":[0.00439170422032,0.00458076084033,0.00319146062247,0.00230130506679,0.00090704462491,0.000846521637868],"max":[-0.226826608181,-0.361847698689,-0.381241291761,-0.468356370926,-0.550055861473,-0.567393779755],"mean":[-0.578102529049,-0.706303060055,-0.731860816479,-0.763597726822,-0.77586722374,-0.75295227766],"median":[-0.585616290569,-0.710440397263,-0.737304568291,-0.768770635128,-0.778250336647,-0.75163269043],"min":[-0.974452793598,-0.979067504406,-0.975783407688,-0.971690297127,-0.966499745846,-0.963601112366],"var":[0.00882439129055,0.00643169460818,0.00687385816127,0.00389448180795,0.00184042635374,0.00138637947384]},"spectral_contrast_valleys":{"dmean":[0.433979481459,0.386957079172,0.409808546305,0.427850753069,0.286223143339,0.385596811771],"dmean2":[0.694739282131,0.61469835043,0.624181509018,0.65453016758,0.394017249346,0.518134891987],"dvar":[0.217893362045,0.167705327272,0.190797030926,0.189725279808,0.114966571331,0.159559130669],"dvar2":[0.457055717707,0.348924666643,0.402330487967,0.398820698261,0.188112229109,0.301887243986],"max":[-5.73129701614,-4.76624488831,-5.05001735687,-5.44969320297,-5.42881393433,-6.89607524872],"mean":[-7.82925796509,-7.04192256927,-7.90368556976,-8.16439342499,-7.95956897736,-10.0701293945],"median":[-7.39867019653,-6.79620361328,-7.75850915909,-7.98429203033,-7.74552345276,-9.89277172089],"min":[-28.1375617981,-27.9137058258,-27.8064956665,-27.4929084778,-27.4365901947,-27.3660049438],"var":[3.13092112541,2.96448659897,2.80934071541,2.72607064247,2.74137234688,2.52557015419]},"spectral_decrease":{"dmean":1.7827237464e-9,"dmean2":2.68654765101e-9,"dvar":4.92233634475e-18,"dvar2":1.06337335107e-17,"max":1.72487874712e-28,"mean":-5.6943956217e-9,"median":-4.79212136639e-9,"min":-3.43208093057e-8,"var":1.6581295291e-17},"spectral_energy":{"dmean":0.00729320244864,"dmean2":0.0108591178432,"dvar":0.0000811147911008,"dvar2":0.000171109379153,"max":0.138754636049,"mean":0.0235118698329,"median":0.0196275934577,"min":1.0205792364e-20,"var":0.000281112559605},"spectral_energyband_high":{"dmean":0.000909776426852,"dmean2":0.00126691220794,"dvar":0.0000032757407098,"dvar2":0.00000625527491138,"max":0.047676037997,"mean":0.00134381488897,"median":0.00053640420083,"min":7.05510907058e-21,"var":0.00000652798235024},"spectral_energyband_low":{"dmean":0.00211802218109,"dmean2":0.00333878467791,"dvar":0.0000156440582941,"dvar2":0.0000388131011277,"max":0.0691209211946,"mean":0.00548670766875,"median":0.00411214539781,"min":2.96993067279e-23,"var":0.0000314493263431},"spectral_energyband_middle_high":{"dmean":0.00190617912449,"dmean2":0.00271961418912,"dvar":0.0000152002594405,"dvar2":0.0000296897997032,"max":0.0807836577296,"mean":0.00493572605774,"median":0.00233622756787,"min":1.27145283701e-21,"var":0.0000600711355219},"spectral_energyband_middle_low":{"dmean":0.0053012277931,"dmean2":0.00822681933641,"dvar":0.0000477569592476,"dvar2":0.000108692001959,"max":0.130474239588,"mean":0.0132993534207,"median":0.010556763038,"min":1.24188908183e-22,"var":0.000128802974359},"spectral_entropy":{"dmean":0.234489142895,"dmean2":0.333642572165,"dvar":0.0500736832619,"dvar2":0.0964804962277,"max":9.8165769577,"mean":7.5805478096,"median":7.60819959641,"min":4.17371559143,"var":0.235604614019},"spectral_flux":{"dmean":0.0230767205358,"dmean2":0.0345521308482,"dvar":0.000623357249424,"dvar2":0.00131580675952,"max":0.340015947819,"mean":0.0768710374832,"median":0.0688087046146,"min":6.38001110276e-11,"var":0.00206830725074},"spectral_kurtosis":{"dmean":1.33197069168,"dmean2":2.03397059441,"dvar":3.57185697556,"dvar2":8.66845035553,"max":76.2058181763,"mean":3.17070150375,"median":2.6737651825,"min":-1.24957203865,"var":7.65810537338},"spectral_rms":{"dmean":0.000718643132132,"dmean2":0.0010408598464,"dvar":6.27198915026e-7,"dvar2":0.00000124740688534,"max":0.0116348769516,"mean":0.00444074021652,"median":0.00437594205141,"min":3.15545094394e-12,"var":0.00000321825609717},"spectral_rolloff":{"dmean":751.105895996,"dmean2":1259.43481445,"dvar":1594411.75,"dvar2":3536973.5,"max":19573.6816406,"mean":1738.36779785,"median":1076.66015625,"min":129.19921875,"var":4328865},"spectral_skewness":{"dmean":0.243157073855,"dmean2":0.35602337122,"dvar":0.0580784119666,"dvar2":0.121444366872,"max":7.43770885468,"mean":1.43097293377,"median":1.41241705418,"min":-0.178649902344,"var":0.201356574893},"spectral_spread":{"dmean":816688.5625,"dmean2":1165285.625,"dvar":790130851840,"dvar2":1511779074050,"max":43211436,"mean":5801636,"median":5606536,"min":1076689.75,"var":7329704050690},"spectral_strongpeak":{"dmean":0.522988379002,"dmean2":0.863046228886,"dvar":0.809835851192,"dvar2":1.90273416042,"max":16.3301486969,"mean":1.00311350822,"median":0.57018494606,"min":0,"var":1.76062679291},"zerocrossingrate":{"dmean":0.0155754815787,"dmean2":0.0182515401393,"dvar":0.000292791723041,"dvar2":0.000382389815059,"max":0.5185546875,"mean":0.0738830193877,"median":0.0625,"min":0.005859375,"var":0.00246941135265}},"metadata":{"audio_properties":{"analysis_sample_rate":44100,"bit_rate":198362,"codec":"mp3","downmix":"mix","equal_loudness":0,"length":149.498779297,"lossless":false,"md5_encoded":"de4c71d353b2fba7dc95e1d77ca85075","replay_gain":-2.61989974976,"sample_rate":44100},"tags":{"acoustid_id":["e5e9fcb6-4bdc-486c-94c6-acffff138787"],"album":["A Christmas Present From Motown, Volume 2"],"albumartist":["Various Artists"],"albumartistsort":["Various Artists"],"artist":["The Jackson 5"],"artistsort":["Jackson 5, The"],"asin":["B00005QD02"],"contentgroup":["R&B"],"date":["2001"],"discnumber":["1/1"],"file_name":"14. The Jackson 5 ~ Rudolph the Red-nosed Reindeer.mp3","genre":["Pop; Soul; Motown"],"mood":["Catchy"],"musicbrainz album release country":["US"],"musicbrainz album status":["official"],"musicbrainz album type":["album","compilation"],"musicbrainz_albumartistid":["89ad4ac3-39f7-470e-963a-56509c546377"],"musicbrainz_albumid":["fff7d933-8e81-4eb2-8a2b-963265d706e3"],"musicbrainz_artistid":["e5257dc5-1edd-4fca-b7e6-1158e00522c8"],"musicbrainz_recordingid":["02d2fadc-06b8-4e1c-a394-bb6cba2d31a4"],"musicbrainz_releasegroupid":["926dfeb7-efe8-3a9d-864b-2665b64f0574"],"originaldate":["2001-10-05"],"originalyear":["2001"],"script":["Latn"],"title":["Rudolph the Red-nosed Reindeer"],"tracknumber":["14/18"]},"version":{"essentia":"2.1-beta2","essentia_build_sha":"2d9f1f26377add8aeb1075a9c2973f962c4f09fd","essentia_git_sha":"v2.1_beta2-1-ge3940c0","extractor":"music 1.0"}},"rhythm":{"beats_count":309,"beats_loudness":{"dmean":0.0179660823196,"dmean2":0.0291826985776,"dvar":0.000228146062,"dvar2":0.000612569274381,"max":0.126131787896,"mean":0.0355581715703,"median":0.033634763211,"min":1.69510738779e-9,"var":0.000356242875569},"beats_loudness_band_ratio":{"dmean":[0.218802616,0.204468399286,0.138