{"lowlevel":{"average_loudness":0.565466821194,"barkbands":{"dmean":[0.00000212867462324,0.000385216349969,0.00136990391184,0.00178791081998,0.00149431452155,0.000363635219401,0.000141542521305,0.000621197221335,0.000327002984704,0.000403599697165,0.000250598648563,0.000319007027429,0.000141299911775,0.000119903728773,0.0000666398264002,0.0000345956686942,0.0000915320124477,0.0000882018794073,0.0000395739480155,0.00002802765448,0.0000299803123198,0.000078792203567,0.0000484023694298,0.0000302976695821,0.0000108168660518,4.7824437388e-7,1.97146423631e-8],"dmean2":[0.00000370555994778,0.000653796072584,0.00243846094236,0.00300130527467,0.00223976187408,0.0005147230695,0.000206510871067,0.000863238179591,0.000448933482403,0.000539002532605,0.000325861095916,0.000368903798517,0.000181511466508,0.000157530696015,0.0000942500846577,0.0000494105843245,0.000128992556711,0.000122375553474,0.0000560697772016,0.0000418955096393,0.0000436551308667,0.000115107824968,0.0000733675115043,0.0000458245922346,0.000017299918909,8.08812728792e-7,3.20501101214e-8],"dvar":[3.76953551706e-10,0.00000468892176286,0.0000240304034378,0.0000217483993765,0.00000771581198933,0.00000140016288697,4.30407112617e-7,0.00000876366084412,0.00000324146276398,0.0000048473489187,0.00000128865224269,0.00000213041516872,3.27402631228e-7,2.46736732379e-7,8.2062477702e-8,1.67099791781e-8,1.41965387002e-7,6.06991292784e-8,1.01551869136e-8,5.60834534369e-9,1.30776278695e-8,4.33677023182e-8,2.56182897118e-8,7.96521781865e-9,2.47974041301e-9,8.50834073335e-12,7.52583183218e-15],"dvar2":[1.11071929432e-9,0.0000125227570607,0.0000688727304805,0.0000584692461416,0.0000174174710992,0.00000248205537901,7.73854537783e-7,0.0000181247614819,0.00000641226006337,0.0000095032110039,0.00000208276924241,0.00000335489403369,4.83961798636e-7,4.48626764182e-7,1.7069714886e-7,2.83890599917e-8,2.96081793749e-7,1.05112960114e-7,1.90097022568e-8,1.18602256904e-8,2.81863155038e-8,9.2214818892e-8,5.88713184868e-8,1.75425416415e-8,5.93394222648e-9,2.38961610916e-11,1.80691101187e-14],"max":[0.00087789731333,0.0673013404012,0.0751954615116,0.0970764756203,0.0636997818947,0.0407188348472,0.0279811061919,0.0710063129663,0.0588432438672,0.0508820898831,0.0310053508729,0.0514488443732,0.0244187247008,0.0195857696235,0.00794838741422,0.00551138818264,0.0112256454304,0.0135717764497,0.00305474107154,0.00170340202749,0.00376801006496,0.005346827209,0.00523598631844,0.00235544564202,0.0015810757177,0.000118226365885,0.00000342175303558],"mean":[0.00000213190173781,0.000406197941629,0.00207986310124,0.00298249605112,0.00434494204819,0.00195166957565,0.000326242123265,0.00126088026445,0.00126804434694,0.000865079578944,0.000901376013644,0.00116872088984,0.000420031428803,0.00032675723196,0.000149056882947,0.0000757306770538,0.000231794198044,0.000259893538896,0.0000928905283217,0.000059583257098,0.0000574878577027,0.000211772319744,0.000110510816739,0.0000607160800428,0.0000126037266455,5.37840151082e-7,9.2336840396e-8],"median":[2.95650750104e-7,0.0000436771115346,0.000755052373279,0.000885041314177,0.00204395363107,0.000164130498888,0.0000349304755218,0.0000416603397753,0.0000307301379507,0.0000192494044313,0.0000414325440943,0.000013838734958,0.0000199037531274,0.0000148582439579,0.0000101764644569,0.0000149884945131,0.0000302953740174,0.0000439802970504,0.0000282068995148,0.0000129116369862,0.0000102145495475,0.000016336391127,0.0000053026351452,0.00000383863880415,0.00000105533865735,6.07423089605e-8,7.32507032808e-8],"min":[8.73755354828e-25,6.42218100045e-23,9.68112506537e-24,1.6149473677e-23,5.97668032393e-23,7.30508548517e-23,3.22410418081e-23,1.95594874451e-23,1.50293249548e-22,9.11201619588e-23,4.03042478667e-23,1.20361695859e-22,9.99858288847e-23,1.44597825274e-22,2.72706715824e-22,1.6918000588e-22,2.43439774291e-22,1.29592832576e-22,2.27388209297e-22,3.8673326539e-22,3.13110101418e-22,5.73713065626e-22,7.11758018998e-22,7.95087176087e-22,1.20412273834e-21,1.66287708586e-21,2.32735323083e-21],"var":[2.18474918712e-10,0.00000354809753844,0.0000218597651838,0.0000376837488147,0.0000377881042368,0.0000372889080609,0.00000154004351316,0.0000228938988585,0.0000230206169363,0.000010786956409,0.0000124887274069,0.0000239776873059,0.00000251340793511,0.00000154074302827,2.45549557576e-7,8.04615396532e-8,4.80788344248e-7,4.22676237122e-7,3.88597598544e-8,1.53948942483e-8,2.81708540939e-8,2.44640006031e-7,8.58180229102e-8,2.12728785698e-8,2.81271073099e-9,5.67665706108e-12,1.17239617469e-14]},"barkbands_crest":{"dmean":2.19209718704,"dmean2":3.55372309685,"dvar":5.0291261673,"dvar2":12.8575534821,"max":25.4405574799,"mean":13.4656009674,"median":12.9454593658,"min":2.852902174,"var":17.8318939209},"barkbands_flatness_db":{"dmean":0.0212241504341,"dmean2":0.0328255780041,"dvar":0.000551980047021,"dvar2":0.00123580289073,"max":0.390357285738,"mean":0.213413119316,"median":0.209911361337,"min":0.0371562950313,"var":0.00291477865539},"barkbands_kurtosis":{"dmean":6.44433021545,"dmean2":10.3464345932,"dvar":120.317878723,"dvar2":290.798339844,"max":386.786712646,"mean":16.0234642029,"median":9.65533447266,"min":-1.93996930122,"var":416.749847412},"barkbands_skewness":{"dmean":0.647331118584,"dmean2":1.00302946568,"dvar":0.623107433319,"dvar2":1.50284957886,"max":16.0572528839,"mean":2.89682722092,"median":2.95496869087,"min":-2.84190511703,"var":3.74028539658},"barkbands_spread":{"dmean":4.3988161087,"dmean2":6.93184232712,"dvar":68.7884902954,"dvar2":155.90246582,"max":151.949020386,"mean":15.8431901932,"median":9.44578742981,"min":0.527731060982,"var":419.732788086},"dissonance":{"dmean":0.0219445824623,"dmean2":0.0360520891845,"dvar":0.000751933315769,"dvar2":0.00199565617368,"max":0.499804824591,"mean":0.434935092926,"median":0.451674699783,"min":0.146135896444,"var":0.00276075792499},"dynamic_complexity":7.2371969223,"erbbands":{"dmean":[0.00325828022324,0.127591848373,1.19953787327,4.14660978317,5.33670759201,4.16059589386,5.88203144073,2.85578179359,2.4014415741,5.16508626938,12.7472953796,6.79068803787,12.2292060852,7.20403051376,15.2521820068,7.67451906204,6.64485549927,5.13821458817,3.75088620186,2.26306819916,2.0999519825,4.96849584579,4.30560731888,2.89004278183,1.36490881443,1.20391392708,1.14282119274,1.43818926811,1.61077344418,3.20571708679,0.988613545895,0.673506498337,0.49147516489,0.182178035378,0.0408100113273,0.0052459561266,0.000432381377323,0.0000371272435586,0.0000057595175349,0.00000569514122617],"dmean2":[0.00536312814802,0.216806486249,2.12263607979,7.12051153183,8.39180755615,6.22304677963,8.25734138489,3.89510035515,3.39932012558,7.38480710983,17.2314624786,8.80954933167,16.5254192352,9.49409866333,16.8886985779,8.93134021759,8.23446464539,6.78488302231,5.06333065033,3.09258627892,2.80987167358,6.78822040558,5.91528558731,4.24628162384,1.91978168488,1.77623701096,1.65367162228,2.0877301693,2.33242034912,4.59765005112,1.48010849953,1.01263535023,0.747803092003,0.288065522909,0.066144451499,0.00878841243684,0.000713193789124,0.0000602659019933,0.00000876544254425,0.00000858779731061],"dvar":[0.000285959889879,0.449249505997,21.1164321899,129.411376953,147.04675293,71.0489807129,293.223907471,102.900604248,124.655082703,523.226013184,4710.77001953,1250.45153809,5078.76171875,1781.19213867,3560.96289062,1037.27099609,649.807922363,672.469665527,188.001144409,55.2983360291,66.4300918579,411.047576904,165.158050537,46.0089607239,10.2758579254,10.2434806824,17.54205513,33.0576057434,22.9978809357,82.7967300415,11.4364719391,3.44285726547,2.87324786186,0.600527346134,0.0527388975024,0.000973682675976,0.00000535105618837,3.53797204866e-8,3.20608761761e-10,1.25325069766e-10],"dvar2":[0.000732588057872,1.20743501186,59.4725723267,374.207092285,368.314208984,145.549606323,630.352844238,168.56451416,211.294494629,1067.30578613,9782.91894531,2454.32446289,10945.2880859,3176.97338867,5007.10253906,1587.19311523,893.639953613,1228.00756836,334.008026123,101.137931824,108.914886475,808.328063965,286.046539307,89.3246536255,20.7755775452,21.1371917725,38.3920402527,71.3949050903,49.8611984253,166.041351318,26.8059425354,7.38039016724,6.66401863098,1.39321017265,0.13615180552,0.00269383541308,0.0000148601538967,9.60708064213e-8,7.3748168683e-10,2.88007784288e-10],"max":[0.516953408718,20.336101532,87.8763198853,224.917175293,199.970275879,226.178039551,438.102203369,507.197357178,496.817077637,546.546142578,1939.77844238,1543.56604004,1984.67736816,1474.2109375,1598.6817627,993.625732422,1112.9786377,1143.55102539,496.941711426,204.842453003,359.459686279,776.968383789,655.124389648,212.16569519,78.8585662842,75.3024215698,159.142364502,214.737045288,152.007202148,222.952972412,110.904220581,40.728603363,50.5307922363,25.8767433167,7.43964576721,1.14597392082,0.0907248333097,0.00723012257367,0.000646121625323,0.000162162774359],"mean":[0.00347567186691,0.14906938374,1.80510497093,7.32923650742,10.6407032013,12.1993598938,19.7217216492,19.4639186859,7.02153158188,9.66322898865,32.3899917603,30.8438796997,28.7395076752,16.9568519592,64.4268951416,28.4100456238,22.4854640961,14.7104024887,12.3490858078,5.74718666077,5.50598049164,13.96347332,12.7166118622,9.01127338409,3.76318430901,2.63754796982,2.13323307037,2.92526435852,4.35450744629,9.33886241913,2.48375511169,1.39645087719,0.908013939857,0.250110059977,0.0428850352764,0.00548063684255,0.000605421606451,0.0000857237973833,0.0000258342333836,0.0000249646727752],"median":[0.000611116876826,0.0273471958935,0.633803725243,2.58263969421,4.60435438156,5.09232234955,4.17221164703,1.16742897034,0.986066222191,0.948273301125,1.38704228401,0.925809383392,0.952256560326,0.875402867794,2.07630372047,0.761331617832,0.934143722057,0.617596924305,0.883310675621,0.862306833267,1.0250453949,2.02231025696,2.36735963821,2.01905107498,1.18279933929,0.65373146534,0.483718037605,0.505252480507,0.424211591482,0.251371443272,0.141544938087,0.0840378627181,0.0569566637278,0.021647118032,0.00340413255617,0.000446035905043,0.00010961505177,0.0000396335526602,0.000016196659999,0.00001433835223],"min":[1.16523959499e-21,1.65486189556e-20,1.8205358325e-20,3.66398521419e-20,9.85591968335e-20,1.9732477523e-19,6.53481782904e-19,4.54254763684e-19,4.02226188829e-19,5.10840638425e-19,6.78247415347e-19,3.12288846739e-18,3.75413315388e-18,1.73157481298e-18,2.20760484779e-18,5.81868166423e-18,4.60506998004e-18,7.66935642334e-18,8.83914118354e-18,1.42362167478e-17,1.05163019879e-17,1.48385266564e-17,8.57800605442e-18,1.53430638167e-17,1.03878391844e-17,1.68803012301e-17,1.2846976008e-17,1.49571956415e-17,1.8954130707e-17,2.07317699675e-17,2.03631766322e-17,1.66629959201e-17,1.37311410929e-17,1.39624001127e-17,8.47604529058e-18,5.8627563288e-18,3.17430270554e-18,1.21224239008e-18,2.46707858465e-19,3.66340521841e-20],"var":[0.000226387695875,0.345312714577,18.6921062469,203.205825806,267.519897461,344.644927979,1570.43505859,5146.19238281,523.622375488,1269.71289062,16854.6074219,11551.2353516,10278.9550781,4551.33691406,44264.3789062,9572.74121094,5925.98779297,3803.96679688,1280.90844727,207.499282837,321.07321167,1545.32519531,1056.4810791,411.364624023,42.0294685364,26.379655838,32.1637115479,76.7104721069,109.528121948,544.219421387,37.9774856567,10.3442583084,6.39184951782,0.809709668159,0.0461835935712,0.000681050412823,0.00000397012991016,3.47709914195e-8,8.05701672046e-10,6.70998645536e-10]},"erbbands_crest":{"dmean":2.13249635696,"dmean2":3.3821117878,"dvar":5.34351825714,"dvar2":13.4782333374,"max":28.0533332825,"mean":11.1865959167,"median":10.1578674316,"min":2.67133998871,"var":24.7033748627},"erbbands_flatness_db":{"dmean":0.0160682797432,"dmean2":0.0230147931725,"dvar":0.000342526764143,"dvar2":0.000665831496008,"max":0.342988282442,"mean":0.195928603411,"median":0.198178619146,"min":0.0207925196737,"var":0.00240503554232},"erbbands_kurtosis":{"dmean":1.19011998177,"dmean2":1.8011482954,"dvar":5.2791390419,"dvar2":11.4808807373,"max":82.5512008667,"mean":1.76214170456,"median":0.127084493637,"min":-1.8896727562,"var":18.7897911072},"erbbands_skewness":{"dmean":0.376493364573,"dmean2":0.564078092575,"dvar":0.231918871403,"dvar2":0.471867620945,"max":7.5939822197,"mean":0.83255815506,"median":0.832448244095,"min":-5.37324714661,"var":1.26391863823},"erbbands_spread":{"dmean":8.82211303711,"dmean2":13.3647584915,"dvar":170.373214722,"dvar2":373.341705322,"max":158.380264282,"mean":45.8611106873,"median":44.5613899231,"min":3.96637225151,"var":647.535217285},"gfcc":{"cov":[[23436.0683594,2366.87573242,-4130.09326172,901.705322266,-2675.6418457,796.063293457,-924.194091797,-340.879272461,-64.7301177979,-1005.90893555,-5.30104255676,-473.142181396,-247.806365967],[2366.87573242,1972.69042969,-372.266021729,-303.82623291,348.677764893,-390.457580566,55.829662323,-129.087387085,-122.858169556,-123.25970459,-49.7504920959,-99.6064529419,-55.7511978149],[-4130.09326172,-372.266021729,1375.2623291,113.907722473,461.156341553,-157.470687866,47.7613220215,123.796524048,-22.2664985657,233.862426758,-20.5777740479,106.137794495,53.6072807312],[901.705322266,-303.82623291,113.907722473,893.953918457,-61.3102226257,-119.132919312,-72.604927063,21.8435630798,-4.46733093262,9.16275787354,-18.2050800323,44.1552047729,46.2911453247],[-2675.6418457,348.677764893,461.156341553,-61.3102226257,874.503234863,-217.072311401,230.807037354,23.5722370148,-87.2741546631,145.357330322,-82.1741104126,62.1438446045,32.515838623],[796.063293457,-390.457580566,-157.470687866,-119.132919312,-217.072311401,558.706542969,32.4940452576,1.13392555714,10.2488975525,-3.84967589378,11.4451065063,-57.6312332153,-11.7953271866],[-924.194091797,55.829662323,47.7613220215,-72.604927063,230.807037354,32.4940452576,278.009124756,-2.9702694416,-37.4588699341,54.0144691467,-18.1006946564,10.4154481888,-8.55884838104],[-340.879272461,-129.087387085,123.796524048,21.8435630798,23.5722370148,1.13392555714,-2.9702694416,148.897216797,60.501411438,15.5032052994,-10.3942699432,5.48219633102,-1.45476865768],[-64.7301177979,-122.858169556,-22.2664985657,-4.46733093262,-87.2741546631,10.2488975525,-37.4588699341,60.501411438,198.533340454,-8.55038547516,-7.36107349396,-4.17185735703,-8.56786060333],[-1005.90893555,-123.25970459,233.862426758,9.16275787354,145.357330322,-3.84967589378,54.0144691467,15.5032052994,-8.55038547516,151.49887085,4.63499403,-1.19866752625,27.8803348541],[-5.30104255676,-49.7504920959,-20.5777740479,-18.2050800323,-82.1741104126,11.4451065063,-18.1006946564,-10.3942699432,-7.36107349396,4.63499403,115.208213806,12.7011241913,1.67634773254],[-473.142181396,-99.6064529419,106.137794495,44.1552047729,62.1438446045,-57.6312332153,10.4154481888,5.48219633102,-4.17185735703,-1.19866752625,12.7011241913,114.188270569,13.0868644714],[-247.806365967,-55.7511978149,53.6072807312,46.2911453247,32.515838623,-11.7953271866,-8.55884838104,-1.45476865768,-8.56786060333,27.8803348541,1.67634773254,13.0868644714,75.560874939]],"icov":[[0.000766551704146,-0.00157038960606,0.00145000149496,-0.0014210625086,0.00166913925204,-0.00163869722746,0.00137758813798,-0.00099048181437,0.000818797270767,-0.00051207683282,0.00104224530514,-0.000987325562164,0.00078970141476],[-0.00157038960606,0.00423471909016,-0.0027488314081,0.00319625064731,-0.00399193679914,0.00410061748698,-0.00278268149123,0.00249744090252,-0.0013657847885,0.00200404133648,-0.00220290548168,0.00325316842645,-0.00135166221298],[0.00145000149496,-0.0027488314081,0.00409685261548,-0.00268848589621,0.00263782753609,-0.0028813329991,0.00310893473215,-0.00264625740238,0.00186117680278,-0.00250853761099,0.00208455882967,-0.00259211775847,0.0017233270919],[-0.0014210625086,0.00319625064731,-0.00268848589621,0.00398556422442,-0.00293825985864,0.00354238622822,-0.00240905000828,0.00176129559986,-0.00122540793382,0.00102849875111,-0.00148514134344,0.00174544216134,-0.00204586097971],[0.00166913925204,-0.00399193679914,0.00263782753609,-0.00293825985864,0.00644472753629,-0.00309652579017,0.00138286210131,-0.00263419747353,0.00235993531533,-0.00276088621467,0.00387012399733,-0.00345141720027,0.00110473355744],[-0.00163869722746,0.00410061748698,-0.0028813329991,0.00354238622822,-0.00309652579017,0.00635361904278,-0.00374180893414,0.00215771491639,-0.00131120590959,0.00126933143474,-0.0020003397949,0.00361125264317,-0.00173070689198],[0.00137758813798,-0.00278268149123,0.00310893473215,-0.00240905000828,0.00138286210131,-0.00374180893414,0.0078484788537,-0.00180407497101,0.00189672911074,-0.00230218516663,0.00190623884555,-0.00244194455445,0.00285518891178],[-0.00099048181437,0.00249744090252,-0.00264625740238,0.00176129559986,-0.00263419747353,0.00215771491639,-0.00180407497101,0.0100852809846,-0.00366945378482,0.00156064226758,-0.00115235417616,0.00212161312811,-0.000480872724438],[0.000818797270767,-0.0013657847885,0.00186117680278,-0.00122540793382,0.00235993531533,-0.00131120590959,0.00189672911074,-0.00366945378482,0.00728768389672,-0.000982055906206,0.00197566160932,-0.00111858325545,0.00137045711745],[-0.00051207683282,0.00200404133648,-0.00250853761099,0.00102849875111,-0.00276088621467,0.00126933143474,-0.00230218516663,0.00156064226758,-0.000982055906206,0.0126811536029,-0.00279446458444,0.00463942438364,-0.00342758884653],[0.00104224530514,-0.00220290548168,0.00208455882967,-0.00148514134344,0.00387012399733,-0.0020003397949,0.00190623884555,-0.00115235417616,0.00197566160932,-0.00279446458444,0.0116867693141,-0.00357869337313,0.0010553895263],[-0.000987325562164,0.00325316842645,-0.00259211775847,0.00174544216134,-0.00345141720027,0.00361125264317,-0.00244194455445,0.00212161312811,-0.00111858325545,0.00463942438364,-0.00357869337313,0.0137407090515,-0.00239393766969],[0.00078970141476,-0.00135166221298,0.0017233270919,-0.00204586097971,0.00110473355744,-0.00173070689198,0.00285518891178,-0.000480872724438,0.00137045711745,-0.00342758884653,0.0010553895263,-0.00239393766969,0.0162375662476]],"mean":[-119.765182495,107.89894104,-110.05091095,42.1954193115,-60.8208770752,-1.42535066605,-40.9763908386,-12.1343660355,-28.9548797607,-27.527135849,-15.7529067993,-11.2137384415,-13.1572599411]},"hfc":{"dmean":2.54706573486,"dmean2":3.35186123848,"dvar":27.959690094,"dvar2":45.3739929199,"max":99.2473754883,"mean":13.4482307434,"median":4.55321121216,"min":1.1544650113e-16,"var":345.587890625},"melbands":{"dmean":[0.0000650703368592,0.000473772204714,0.000729853170924,0.000304681801936,0.000216444343096,0.0000636668628431,0.000031884679629,0.0000759390968597,0.000102532256278,0.0000396341893065,0.0000637072735117,0.0000344940635841,0.0000428576458944,0.0000426559818152,0.0000140273459692,0.0000136848175316,0.0000112585521492,0.00000736304946258,0.00000504859235662,0.00000269911447504,0.00000257181523011,0.00000571203008803,0.00000618922467766,0.00000318084448736,0.00000248996843766,0.00000133076866859,9.79146989266e-7,8.49614139042e-7,7.85769088907e-7,6.85538395828e-7,0.00000103815682451,8.76124545357e-7,0.00000186252668755,0.00000166268659996,6.29080943781e-7,4.08579978739e-7,4.32410161011e-7,3.75495204707e-7,2.65190635673e-7,1.26433548076e-7],"dmean2":[0.000108975560579,0.000833669037092,0.00122273492161,0.000476220506243,0.000300988409435,0.00008730123227,0.0000458685062767,0.000107990425022,0.00013547630806,0.0000525660616404,0.0000858357161633,0.0000456524139736,0.0000494563682878,0.0000476642453577,0.0000165107503562,0.0000176485245902,0.000014911089238,0.00000990265652945,0.00000704444119037,0.00000393682239519,0.00000350530467585,0.00000783992345532,0.00000857909708429,0.00000448675336884,0.00000368723340216,0.00000188147214431,0.00000145044339206,0.00000127033536046,0.00000115865395856,0.00000100063584796,0.00000153640905864,0.0000012876001847,0.00000271352541859,0.00000240437611865,9.63491061157e-7,6.21189940375e-7,6.52389871902e-7,5.72299938995e-7,4.1348894797e-7,2.03914439112e-7],"dvar":[1.30877594984e-7,0.00000346273191099,0.00000346268393514,3.13524196827e-7,3.54792803137e-7,4.55650770448e-8,2.2096310559e-8,1.24831188941e-7,3.07004512479e-7,4.36385789726e-8,1.33858677032e-7,3.91320540416e-8,2.82432317533e-8,3.33316982903e-8,5.15032505533e-9,2.54852872139e-9,3.30988725317e-9,6.82374268202e-10,4.26667479125e-10,8.79544562182e-11,1.30577812452e-10,6.02894734136e-10,5.34488286963e-10,5.74464850689e-11,3.56537334378e-11,1.09585708563e-11,7.56048088718e-12,5.92316603751e-12,8.45713603315e-12,7.39091687157e-12,1.73166533196e-11,9.40747132971e-12,2.78030393847e-11,2.49250620143e-11,5.8274236131e-12,1.63459599588e-12,1.41611386246e-12,1.75756100212e-12,1.11106826864e-12,3.51188425129e-13],"dvar2":[3.43208370168e-7,0.00000966829156823,0.00000939853543969,7.85919326063e-7,7.42199404158e-7,7.58577840543e-8,3.82532334697e-8,2.46963168138e-7,6.09702738075e-7,8.60248832169e-8,2.82566929855e-7,7.28887883383e-8,4.22589607751e-8,5.28296411062e-8,6.29123730889e-9,4.2681813639e-9,5.90745452556e-9,1.18680110184e-9,8.69658622893e-10,1.72705252877e-10,2.31282909491e-10,1.16949716578e-9,1.10300957257e-9,1.0810133344e-10,7.12782263768e-11,2.17275399061e-11,1.56268678553e-11,1.25546760488e-11,1.9155291936e-11,1.5171853357e-11,3.93153218314e-11,2.15751028154e-11,5.78024572651e-11,5.19247145281e-11,1.4433476983e-11,3.74335935513e-12,3.00112105306e-12,3.97780463082e-12,2.73925435286e-12,7.96928874888e-13],"max":[0.0113299544901,0.0401493124664,0.0348258391023,0.00827032886446,0.0150427510962,0.00980316381902,0.00660893088207,0.00906330626458,0.0161781888455,0.0089337779209,0.00978693179786,0.00673311809078,0.0045796725899,0.00610125204548,0.00308678485453,0.00152143905871,0.00258909561671,0.00074467016384,0.000452209671494,0.00043550162809,0.000458005612018,0.00103841500822,0.00108477880713,0.000207244665944,0.000183568015927,0.00013137703354,0.000103826067061,0.0000601126739639,0.000108135653136,0.0000761243572924,0.000146478792885,0.000103838712675,0.000149453451741,0.000132160057547,0.0000934951458476,0.0000358758625225,0.0000264077407337,0.0000508099255967,0.0000335129843734,0.0000201967486646],"mean":[0.0000673271424603,0.000687768100761,0.00135929521639,0.000787608732935,0.000729928549845,0.000400576594984,0.0000855686303112,0.000139954659971,0.000281333341263,0.000181098803296,0.000140885676956,0.0000656826305203,0.000171771724126,0.000155407455168,0.0000481328715978,0.0000382052239729,0.0000283516856143,0.0000230685818678,0.0000104992086563,0.00000608925529377,0.00000612632675256,0.0000152313614308,0.0000144090254253,0.00000915212422115,0.0000072474326771,0.00000329771410179,0.00000228271301239,0.00000160095339652,0.00000132711340939,0.00000127147905005,0.00000196743485503,0.00000189562672404,0.00000526442863702,0.00000460368164568,0.00000137788993015,8.42094323161e-7,8.40938071178e-7,6.99374311353e-7,3.9920934114e-7,1.48533729316e-7],"median":[0.00000734699733584,0.000231158948736,0.000554437632672,0.000413800065871,0.000163476244779,0.0000231101257668,0.0000101246132544,0.00000653763709124,0.0000112334282676,0.0000040615141188,0.00000406189474234,0.00000258623845184,0.00000629635860605,0.00000299616476696,0.00000182055555342,0.00000160017611961,9.42511519497e-7,0.00000142992962537,9.25900167204e-7,0.00000101598800484,9.51432525653e-7,0.00000179261951416,0.00000202430783247,0.0000019772928681,0.00000144420300785,0.00000101987745893,4.24105053298e-7,3.59390355698e-7,2.48485775955e-7,2.2118859988e-7,2.79794505786e-7,2.29441468491e-7,1.15031184578e-7,1.27631579971e-7,7.4178394982e-8,5.33202850761e-8,4.20810835067e-8,3.47738478013e-8,3.04968423848e-8,1.07537045935e-8],"min":[1.54202900992e-23,1.46465390358e-23,7.58572906309e-24,1.00626142548e-23,1.96372896408e-23,1.04920756537e-23,6.63693055364e-24,5.39711731195e-24,6.34147335122e-24,2.22639029989e-23,1.90369475593e-23,7.35169059859e-24,6.36126192702e-24,1.24707794065e-23,1.07595452545e-23,1.12288141523e-23,1.50663771204e-23,1.19213819623e-23,2.251329033e-23,1.26293925133e-23,1.26246696031e-23,1.494125747e-23,9.15816077231e-24,7.63795717705e-24,1.4197369525e-23,4.68281914506e-24,1.16789263519e-23,1.10175548353e-23,8.32280440533e-24,7.60324650836e-24,8.80437085581e-24,1.25937391558e-23,8.34904822993e-24,1.22716914244e-23,1.19544596889e-23,1.17513319501e-23,8.77846939685e-24,9.07751867741e-24,1.10975713635e-23,1.19551081325e-23],"var":[1.00837745265e-7,0.00000297798737847,0.00000590046920479,9.93564299279e-7,0.00000199490204977,0.00000197888152798,8.70994867341e-8,3.26383087668e-7,0.00000145387423345,4.24184293024e-7,2.76745140582e-7,8.35316669168e-8,3.16920278465e-7,3.59018713425e-7,5.197547992e-8,1.48516985377e-8,1.78893806435e-8,4.8384021234e-9,1.16311416054e-9,4.48752174309e-10,5.37942190793e-10,2.46000841919e-9,1.65637403793e-9,3.94013682792e-10,2.96670826794e-10,4.66326352533e-11,3.08300468488e-11,1.15070973583e-11,1.41763146361e-11,1.49478623923e-11,3.73563402434e-11,2.52404382117e-11,1.84308540652e-10,1.40512518287e-10,1.42631679037e-11,4.38184471346e-12,4.11679414516e-12,4.42307215159e-12,1.55634359567e-12,4.45484632256e-13]},"melbands_crest":{"dmean":2.77812194824,"dmean2":4.49436616898,"dvar":7.87145996094,"dvar2":21.1637096405,"max":37.3750305176,"mean":18.4212245941,"median":17.9986419678,"min":1.97345864773,"var":32.3040504456},"melbands_flatness_db":{"dmean":0.0261178594083,"dmean2":0.0392787456512,"dvar":0.000882678665221,"dvar2":0.00191618211102,"max":0.526000618935,"mean":0.277058750391,"median":0.268336743116,"min":0.00465508643538,"var":0.00609243707731},"melbands_kurtosis":{"dmean":14.951672554,"dmean2":23.972492218,"dvar":580.332458496,"dvar2":1531.91101074,"max":415.958709717,"mean":38.8537254333,"median":29.9292430878,"min":-1.87885081768,"var":1515.44946289},"melbands_skewness":{"dmean":0.902061283588,"dmean2":1.39043962955,"dvar":1.24773943424,"dvar2":3.06278586388,"max":14.9307746887,"mean":4.46731042862,"median":4.54715204239,"min":-0.754742741585,"var":6.32300424576},"melbands_spread":{"dmean":4.38832950592,"dmean2":6.74487161636,"dvar":119.464805603,"dvar2":270.721252441,"max":225.414642334,"mean":14.1765203476,"median":8.20379066467,"min":0.349171966314,"var":386.744567871},"mfcc":{"cov":[[16343.9326172,-557.652404785,-843.099243164,-620.689331055,-792.012573242,243.163665771,-622.018432617,554.956542969,-630.74432373,-66.5776977539,25.2727012634,-285.864532471,-400.083251953],[-557.652404785,2133.51123047,-380.480041504,112.022438049,154.305847168,-99.3227539062,197.545349121,-103.016052246,60.8277778625,-57.6634521484,-79.1083984375,-24.8470993042,-27.2293567657],[-843.099243164,-380.480041504,784.453918457,139.144241333,79.3710708618,-31.1030883789,-71.0659561157,-27.7885303497,-7.02300071716,21.9150753021,4.80103683472,23.2343406677,58.8110656738],[-620.689331055,112.022438049,139.144241333,1022.83789062,174.007965088,-89.3679122925,28.421257019,-77.6507492065,108.776992798,-143.785995483,38.9810600281,53.4954528809,-20.1663131714],[-792.012573242,154.305847168,79.3710708618,174.007965088,294.084838867,1.94460713863,25.0521183014,-22.6399173737,88.7920761108,1.53790712357,0.521715402603,22.245464325,19.1308479309],[243.163665771,-99.3227539062,-31.1030883789,-89.3679122925,1.94460713863,289.576599121,127.259674072,16.5199184418,48.3007164001,25.4235343933,22.5712165833,-0.572336256504,-5.07847881317],[-622.018432617,197.545349121,-71.0659561157,28.421257019,25.0521183014,127.259674072,329.721038818,-43.2290039062,65.0093231201,-15.9036521912,10.0773220062,34.6651268005,-3.83071208],[554.956542969,-103.016052246,-27.7885303497,-77.6507492065,-22.6399173737,16.5199184418,-43.2290039062,198.873352051,-10.5454053879,-2.13199114799,29.5443115234,-2.48594379425,11.3291988373],[-630.74432373,60.8277778625,-7.02300071716,108.776992798,88.7920761108,48.3007164001,65.0093231201,-10.5454053879,212.196563721,42.5419616699,8.90642356873,41.3225250244,10.5650119781],[-66.5776977539,-57.6634521484,21.9150753021,-143.785995483,1.53790712357,25.4235343933,-15.9036521912,-2.13199114799,42.5419616699,164.577468872,7.86760568619,4.6527671814,29.9492416382],[25.2727012634,-79.1083984375,4.80103683472,38.9810600281,0.521715402603,22.5712165833,10.0773220062,29.5443115234,8.90642356873,7.86760568619,115.123764038,15.9449100494,-20.5938282013],[-285.864532471,-24.8470993042,23.2343406677,53.4954528809,22.245464325,-0.572336256504,34.6651268005,-2.48594379425,41.3225250244,4.6527671814,15.9449100494,105.561088562,22.9385356903],[-400.083251953,-27.2293567657,58.8110656738,-20.1663131714,19.1308479309,-5.07847881317,-3.83071208,11.3291988373,10.5650119781,29.9492416382,-20.5938282013,22.9385356903,119.71685791]],"icov":[[0.000109629901999,-0.000010278832633,0.0000873152821441,-0.0000604333836236,0.000176045796252,-0.000225750307436,0.000220311718294,-0.000260236760369,0.000259124150034,-0.000105297775008,0.00012233875168,0.00000230424825531,0.000329007423716],[-0.000010278832633,0.000641591555905,0.000307428475935,0.00000717641978554,-0.000401626894018,0.000449656101409,-0.000479853450088,0.000175521883648,-0.0000677500793245,0.0000715721835149,0.000300108775264,0.000278850144241,-6.7816029059e-7],[0.0000873152821441,0.000307428475935,0.00167666934431,-0.000266290880973,-0.000371049012756,-0.0000903434192878,0.000319935264997,0.000112231682579,0.000544816022739,-0.000336586526828,0.0000982640485745,-0.0000799628323875,-0.000383372942451],[-0.0000604333836236,0.00000717641978554,-0.000266290880973,0.00157721049618,-0.000630746537354,0.000596196565311,-0.0000650144793326,0.000706092861947,-0.00106153776869,0.00165860168636,-0.000824068963993,-0.000225424184464,-0.000166460857145],[0.000176045796252,-0.000401626894018,-0.000371049012756,-0.000630746537354,0.00481572328135,-0.000593233504333,0.000564329558983,-0.000360365695087,-0.00108369952068,-0.000202584458748,0.000153686880367,-0.00001993729893,0.0000070217265602],[-0.000225750307436,0.000449656101409,-0.0000903434192878,0.000596196565311,-0.000593233504333,0.00541117275134,-0.00260540959425,0.0000831028737593,-0.0014250385575,-0.0000170462644746,-0.000804275914561,0.00100757705513,-0.000475627748528],[0.000220311718294,-0.000479853450088,0.000319935264997,-0.0000650144793326,0.000564329558983,-0.00260540959425,0.00507762655616,0.000526186078787,-0.000237056388869,0.000748165650293,-0.000211364516872,-0.00134264468215,0.00042563045281],[-0.000260236760369,0.000175521883648,0.000112231682579,0.000706092861947,-0.000360365695087,0.0000831028737593,0.000526186078787,0.00660780863836,-0.000993630848825,0.001404450275,-0.00220962660387,0.000103677310108,-0.00197695591487],[0.000259124150034,-0.0000677500793245,0.000544816022739,-0.00106153776869,-0.00108369952068,-0.0014250385575,-0.000237056388869,-0.000993630848825,0.00772713823244,-0.00292164250277,0.000867079361342,-0.0019014357822,0.00116573588457],[-0.000105297775008,0.0000715721835149,-0.000336586526828,0.00165860168636,-0.000202584458748,-0.0000170462644746,0.000748165650293,0.001404450275,-0.00292164250277,0.00889392383397,-0.00173112202901,0.000306412170175,-0.00229182862677],[0.00012233875168,0.000300108775264,0.0000982640485745,-0.000824068963993,0.000153686880367,-0.000804275914561,-0.000211364516872,-0.00220962660387,0.000867079361342,-0.00173112202901,0.0107069704682,-0.00174651527777,0.00296670058742],[0.00000230424825531,0.000278850144241,-0.0000799628323875,-0.000225424184464,-0.00001993729893,0.00100757705513,-0.00134264468215,0.000103677310108,-0.0019014357822,0.000306412170175,-0.00174651527777,0.0116404425353,-0.00237408699468],[0.000329007423716,-6.7816029059e-7,-0.000383372942451,-0.000166460857145,0.0000070217265602,-0.000475627748528,0.00042563045281,-0.00197695591487,0.00116573588457,-0.00229182862677,0.00296670058742,-0.00237408699468,0.0112277911976]],"mean":[-752.894897461,124.39780426,9.66943645477,32.669921875,4.90488672256,2.45572161674,-4.06122589111,7.17950105667,-13.9636564255,-15.1073350906,-8.55951690674,-11.4508085251,-14.0832214355]},"pitch_salience":{"dmean":0.0626096129417,"dmean2":0.100603327155,"dvar":0.0039680339396,"dvar2":0.0103904353455,"max":0.856070160866,"mean":0.498533636332,"median":0.499298334122,"min":0.0917905196548,"var":0.0172519814223},"silence_rate_20dB":{"dmean":0,"dmean2":0,"dvar":0,"dvar2":0,"max":1,"mean":1,"median":1,"min":1,"var":0},"silence_rate_30dB":{"dmean":0.00112280703615,"dmean2":0.002245929325,"dvar":0.00112159212586,"dvar2":0.00280251540244,"max":1,"mean":0.999158024788,"median":1,"min":0,"var":0.000841209781356},"silence_rate_60dB":{"dmean":0.0460350885987,"dmean2":0.0920830965042,"dvar":0.0439146533608,"dvar2":0.0937142372131,"max":1,"mean":0.258209377527,"median":0,"min":0,"var":0.191527098417},"spectral_centroid":{"dmean":179.8306427,"dmean2":274.243591309,"dvar":96828.140625,"dvar2":196894.875,"max":10786.9228516,"mean":930.02545166,"median":723.11315918,"min":171.297271729,"var":587769},"spectral_complexity":{"dmean":1.28701758385,"dmean2":1.96883773804,"dvar":3.01099705696,"dvar2":5.47385454178,"max":34,"mean":7.83216381073,"median":7,"min":0,"var":27.32213974},"spectral_contrast_coeffs":{"dmean":[0.0476245582104,0.0364147536457,0.0317921563983,0.0290615037084,0.029724355787,0.0240840408951],"dmean2":[0.075430303812,0.0554350204766,0.0466240011156,0.0425088182092,0.0414721630514,0.0322991348803],"dvar":[0.00166196213104,0.00174634845462,0.00117339426652,0.000846194569021,0.000900528626516,0.000587330549024],"dvar2":[0.00402382574975,0.00319671141915,0.00206601293758,0.00158100330736,0.00151141732931,0.00100265210494],"max":[-0.224482268095,-0.300510108471,-0.360042601824,-0.435114264488,-0.502668738365,-0.572592794895],"mean":[-0.517530322075,-0.682599782944,-0.710103094578,-0.733249723911,-0.72765827179,-0.753377377987],"median":[-0.510937571526,-0.71899163723,-0.73427426815,-0.738021850586,-0.721564412117,-0.751594901085],"min":[-0.971874058247,-0.963237464428,-0.97186589241,-0.965069651604,-0.958388090134,-0.959958851337],"var":[0.0128631638363,0.0177058707923,0.0139329796657,0.00766213005409,0.00690301787108,0.0053687505424]},"spectral_contrast_valleys":{"dmean":[0.500978589058,0.309702336788,0.311980903149,0.315728068352,0.376558333635,0.430100739002],"dmean2":[0.760906279087,0.498156070709,0.476935774088,0.473092317581,0.510124623775,0.579176723957],"dvar":[0.202110126615,0.114526152611,0.106209971011,0.117424800992,0.171758681536,0.279552936554],"dvar2":[0.413820356131,0.261540412903,0.206807717681,0.223965615034,0.279573619366,0.440509229898],"max":[-5.29699850082,-5.46568202972,-5.23419857025,-6.27646255493,-6.39245462418,-7.8806681633],"mean":[-8.69594573975,-8.37589836121,-9.26951694489,-9.73062419891,-9.44256305695,-11.645983696],"median":[-8.4667263031,-8.11647987366,-9.05936050415,-9.48561286926,-9.18548488617,-11.5571842194],"min":[-26.7538661957,-26.944026947,-27.2287559509,-27.0820274353,-27.2596282959,-27.2437782288],"var":[2.70018720627,2.18847346306,2.09577012062,2.0577082634,2.08770298958,2.23262166977]},"spectral_decrease":{"dmean":1.2407109784e-9,"dmean2":1.91310456366e-9,"dvar":6.57960841844e-18,"dvar2":1.58941977152e-17,"max":1.2949964011e-14,"mean":-4.8771018335e-9,"median":-2.82904810689e-9,"min":-3.89132175371e-8,"var":2.72741945494e-17},"spectral_energy":{"dmean":0.00485459435731,"dmean2":0.00743895955384,"dvar":0.0000984898870229,"dvar2":0.000234495397308,"max":0.148472696543,"mean":0.0196270681918,"median":0.0111933117732,"min":1.06821126875e-20,"var":0.000443839613581},"spectral_energyband_high":{"dmean":0.000168015190866,"dmean2":0.000241033034399,"dvar":2.05076332804e-7,"dvar2":4.23461955279e-7,"max":0.0141679467633,"mean":0.000480050628539,"median":0.0000670386652928,"min":7.4090494765e-21,"var":9.71447093434e-7},"spectral_energyband_low":{"dmean":0.00249558268115,"dmean2":0.00429541198537,"dvar":0.0000616152756265,"dvar2":0.000173761858605,"max":0.133045136929,"mean":0.00416822358966,"median":0.00156096043065,"min":8.3451430529e-23,"var":0.0000703153564245},"spectral_energyband_middle_high":{"dmean":0.000871005991939,"dmean2":0.00102485506795,"dvar":0.0000067599439717,"dvar2":0.00000929712768993,"max":0.0639441460371,"mean":0.00441637029871,"median":0.000520188477822,"min":1.72366567223e-21,"var":0.0000954625866143},"spectral_energyband_middle_low":{"dmean":0.00354498694651,"dmean2":0.00536302709952,"dvar":0.000046095228754,"dvar2":0.000105411614641,"max":0.110615581274,"mean":0.0124449115247,"median":0.00738845393062,"min":3.82007496319e-22,"var":0.000207944540307},"spectral_entropy":{"dmean":0.235889270902,"dmean2":0.344877153635,"dvar":0.0762304440141,"dvar2":0.146866902709,"max":9.80698680878,"mean":6.7789349556,"median":6.70886325836,"min":4.77999019623,"var":0.45647674799},"spectral_flux":{"dmean":0.0202113110572,"dmean2":0.0308811124414,"dvar":0.000712889770512,"dvar2":0.00156130746473,"max":0.308589488268,"mean":0.046907979995,"median":0.0323375761509,"min":1.03354304282e-10,"var":0.00209230650216},"spectral_kurtosis":{"dmean":2.70284533501,"dmean2":4.38036346436,"dvar":11.9440689087,"dvar2":29.3377418518,"max":52.0804977417,"mean":6.28484773636,"median":3.97316837311,"min":-1.23077738285,"var":45.5643386841},"spectral_rms":{"dmean":0.000504933879711,"dmean2":0.000752847408876,"dvar":6.08698599081e-7,"dvar2":0.00000128103033603,"max":0.0120354229584,"mean":0.00367551064119,"median":0.00330458814278,"min":3.22824622936e-12,"var":0.00000563904450246},"spectral_rolloff":{"dmean":307.696594238,"dmean2":538.529296875,"dvar":882508.0625,"dvar2":2144395,"max":21360.9375,"mean":1352.8347168,"median":366.064453125,"min":107.666015625,"var":10725959},"spectral_skewness":{"dmean":0.31526234746,"dmean2":0.484067589045,"dvar":0.123499535024,"dvar2":0.253991723061,"max":6.06367635727,"mean":1.74591076374,"median":1.56468892097,"min":-0.484861403704,"var":0.746984183788},"spectral_spread":{"dmean":594233.25,"dmean2":860735.375,"dvar":699086995456,"dvar2":1354439065600,"max":40303772,"mean":4477257,"median":4072839.25,"min":1353899.375,"var":4641810546690},"spectral_strongpeak":{"dmean":0.316326230764,"dmean2":0.501132786274,"dvar":0.347539365292,"dvar2":0.741124987602,"max":9.99653911591,"mean":1.18740916252,"median":0.414869725704,"min":0,"var":2.9360704422},"zerocrossingrate":{"dmean":0.00773320998996,"dmean2":0.00932730920613,"dvar":0.000151117361384,"dvar2":0.000169955572346,"max":0.76220703125,"mean":0.0538395531476,"median":0.033203125,"min":0.0048828125,"var":0.00880600884557}},"metadata":{"audio_properties":{"analysis_sample_rate":44100,"bit_rate":0,"codec":"flac","downmix":"mix","equal_loudness":0,"length":165.42666626,"lossless":true,"md5_encoded":"7457dad79a3a79cecaec9db6a0c97457","replay_gain":-14.7568092346,"sample_rate":44100},"tags":{"album":["Shangri La"],"albumartist":["Jake Bugg"],"albumartistsort":["Bugg, Jake"],"artist":["Jake Bugg"],"artistsort":["Bugg, Jake"],"asin":["B00FB029IU"],"barcode":["602537560554"],"catalognumber":["3756055"],"date":["2013-11-15"],"discnumber":["1"],"disctotal":["1"],"file_name":"10-jake_bugg-pine_trees.flac","genre":["Rock"],"label":["Jake Bugg Records"],"language":["eng"],"media":["CD"],"musicbrainz_albumartistid":["0d9905e6-add6-4713-94ca-9f686f9b5e9b"],"musicbrainz_albumid":["4a4a39b4-4cee-4f7b-a4fa-cc8a7ad2183f"],"musicbrainz_artistid":["0d9905e6-add6-4713-94ca-9f686f9b5e9b"],"musicbrainz_recordingid":["02fa23f6-ca5e-4dfb-8a4c-9a4f8eb81e9f"],"originaldate":["2013-11-15"],"releasecountry":["XE"],"releasestatus":["official"],"releasetype":["album"],"script":["Latn"],"title":["Pine Trees"],"totaldiscs":["1"],"totaltracks":["12"],"tracknumber":["10"],"tracktotal":["12"]},"version":{"essentia":"2.1-beta2","essentia_build_sha":"70f2e5ece6736b2c40cc944ad0e695b16b925413","essentia_git_sha":"v2.1_beta2","extractor":"music 1.0"}},"rhythm":{"beats_count":417,"beats_loudness":{"dmean":0.0148476203904,"dmean2":0.0266809780151,"dvar":0.000257461040746,"dvar2":0.00075713993283,"max":0.109917633235,"mean":0.0270578712225,"median":0.0209621563554,"min":9.12540654152e-10,"var":0.000577269645873},"beats_loudness_band_ratio":{"dmean":[0.237331539392,0.212244644761,0.124138116837,0.115360148251,0.0360909923911,0.0304762590677],"dmean2":[0.432334631681,0.36644333601,0.225008755922,0.21142