{"lowlevel":{"average_loudness":0.451807767153,"barkbands":{"dmean":[0.0000015822969317,0.00026948977029,0.000738065689802,0.00286889309064,0.00109358131886,0.00157254817896,0.000714834022801,0.000468047801405,0.000586858426686,0.000315283163218,0.000149531188072,0.000136526636197,0.000117766896437,0.0000628009292996,0.0000729874882381,0.0000621285871603,0.000113200032501,0.0000608953996561,0.0000692875037203,0.0000531083605892,0.0000272929682978,0.0000100658435258,0.0000242448713834,0.0000455760346085,0.00000979507967713,3.84845264989e-7,1.56805093354e-8],"dmean2":[0.00000263138713308,0.00038132246118,0.00117966881953,0.00497166579589,0.00169508857653,0.00238864216954,0.00107874465175,0.000671349524055,0.000942290818784,0.00047121863463,0.000236948515521,0.000212377039134,0.000183066367754,0.000100651479443,0.00012085736671,0.00010254469089,0.000189068203326,0.0000990767293843,0.000114908129035,0.000086395033577,0.0000421657969127,0.0000142910548675,0.000033862383134,0.0000598680271651,0.0000147165683302,5.38472988865e-7,2.25997141001e-8],"dvar":[8.56049606202e-11,7.8210035781e-7,0.00000136730091072,0.0000187355308299,0.00000368976611753,0.0000101156228993,0.0000033105145576,0.00000129927423131,0.00000397227859139,7.34804189051e-7,1.52274452603e-7,1.63512638096e-7,2.2474964112e-7,3.92110734992e-8,2.9201007834e-8,1.87280999597e-8,2.97975830676e-8,2.224027007e-8,2.5554701466e-8,1.24830767945e-8,6.571441169e-9,2.77484102362e-9,3.01753750875e-8,1.17955359258e-7,7.41416972261e-9,3.80065987363e-12,8.51145885136e-15],"dvar2":[2.29459548584e-10,0.00000157311637849,0.00000382946700483,0.0000606970206718,0.00000897267455002,0.0000231979156524,0.00000800560246716,0.00000262698836195,0.0000108199037641,0.00000158439388542,3.65561248827e-7,4.16495879563e-7,4.73372068654e-7,9.80700392006e-8,7.30702680585e-8,4.91340301778e-8,7.8285154359e-8,4.05258582248e-8,6.76869191807e-8,3.31562794997e-8,1.4869949716e-8,5.38100053404e-9,5.72805021193e-8,1.94118143781e-7,1.73309544493e-8,7.13511194572e-12,1.60534647777e-14],"max":[0.000228038057685,0.0610172525048,0.032403703779,0.0539979785681,0.0300380736589,0.100079350173,0.0403041765094,0.0296649429947,0.0536368824542,0.0284715183079,0.0105968704447,0.0143003035337,0.0238767880946,0.00586112355813,0.00507027469575,0.00520511996001,0.00780943967402,0.00675619207323,0.00454019429162,0.00318039441481,0.00277662370354,0.00328071182594,0.00785083416849,0.0154368402436,0.00323329935782,0.000076615717262,0.00000453427719549],"mean":[0.0000035903724438,0.00115687865764,0.00183565565385,0.00535551924258,0.00257383659482,0.00365805160254,0.00148181675468,0.000983484555036,0.00121904246043,0.000668325868901,0.000292050535791,0.000297996564768,0.000273053534329,0.000120467069792,0.000145466692629,0.000126580649521,0.000234863851801,0.000126833750983,0.00015031080693,0.000122300552903,0.0000619184647803,0.0000228522058023,0.0000489944432047,0.0000957299707807,0.0000179457983904,7.98983478489e-7,3.394928072e-8],"median":[2.1709732323e-7,0.000252092024311,0.00091854238417,0.00257405615412,0.00103995460086,0.00136031280272,0.000301795371342,0.000188600228284,0.000162895099493,0.000135014590342,0.0000479832451674,0.0000390453278669,0.0000405351274821,0.0000249045388045,0.0000418824820372,0.0000466949313704,0.000131255015731,0.0000650036381558,0.0000896327983355,0.0000600440944254,0.000024876659154,0.00000438708411821,0.00000422796892963,0.00000163444144619,7.32799662728e-7,6.74704097037e-8,4.52063941836e-9],"min":[2.91305738212e-12,7.21769588541e-10,5.37423794356e-9,5.1130001566e-7,0.00000123951724618,5.83580344937e-7,3.29967164703e-8,2.28838956673e-7,8.51448973549e-8,7.10972258844e-8,2.54709515701e-8,7.19449531061e-8,2.0313105864e-8,1.58032182895e-8,1.14398330808e-8,1.5920308627e-8,1.50974841517e-8,2.73285549746e-9,1.58957647045e-9,3.4280289718e-10,1.77496906062e-10,5.41950061217e-11,2.66466466947e-11,2.48472856873e-11,2.43934334537e-11,3.06166619835e-11,3.82115644681e-10],"var":[1.27631294422e-10,0.00000703283512848,0.00000631490411251,0.0000491535502078,0.0000141055170388,0.0000421286640631,0.0000102052235889,0.00000435407628174,0.0000116555820568,0.00000298053646475,5.27192639765e-7,7.52310199914e-7,0.00000143121235396,9.95862663444e-8,1.14227205472e-7,5.38737197076e-8,1.15738991724e-7,7.7057492831e-8,5.7450794344e-8,3.8092768051e-8,1.65378697403e-8,9.49907352776e-9,8.47383176961e-8,5.23447170053e-7,1.56497996784e-8,1.16690259885e-11,2.54400145427e-14]},"barkbands_crest":{"dmean":2.18715405464,"dmean2":3.65397167206,"dvar":4.05709028244,"dvar2":12.343747139,"max":23.3464221954,"mean":10.3363418579,"median":9.76761054993,"min":3.07472658157,"var":12.3054885864},"barkbands_flatness_db":{"dmean":0.0173767339438,"dmean2":0.0278297122568,"dvar":0.000273649638984,"dvar2":0.000697095063515,"max":0.468859523535,"mean":0.207606390119,"median":0.196589574218,"min":0.0741883143783,"var":0.00292715849355},"barkbands_kurtosis":{"dmean":3.1093583107,"dmean2":5.04058647156,"dvar":20.1139354706,"dvar2":53.3235588074,"max":122.835586548,"mean":7.2097864151,"median":4.79481506348,"min":-1.95908737183,"var":73.2004470825},"barkbands_skewness":{"dmean":0.460548818111,"dmean2":0.73994165659,"dvar":0.215391054749,"dvar2":0.559036016464,"max":9.47727870941,"mean":2.2053694725,"median":2.07699966431,"min":-3.32888460159,"var":1.35860931873},"barkbands_spread":{"dmean":3.35470032692,"dmean2":5.29083585739,"dvar":24.4415893555,"dvar2":46.5162124634,"max":100.122756958,"mean":14.136097908,"median":11.6046390533,"min":0.546227037907,"var":131.726165771},"dissonance":{"dmean":0.0176027081907,"dmean2":0.0289451479912,"dvar":0.000278420018731,"dvar2":0.000754555105232,"max":0.499981492758,"mean":0.453632831573,"median":0.45956838131,"min":0.257108479738,"var":0.000858489132952},"dynamic_complexity":5.26771879196,"erbbands":{"dmean":[0.00507433433086,0.0724804699421,0.540465652943,6.22436141968,5.32157850266,2.91274738312,9.16986274719,14.4187774658,10.2260951996,11.2139120102,7.54816818237,15.8477020264,8.12986946106,7.67860603333,6.57494688034,5.87633132935,5.75300359726,3.31788706779,3.74758625031,2.99322605133,3.91529655457,4.64227342606,3.51821732521,3.36348414421,3.56082582474,2.60726046562,1.41959297657,0.775623619556,0.319598644972,0.525350034237,0.741934359074,1.2708337307,0.565707445145,0.183747932315,0.0245053227991,0.00345441699028,0.000453847140307,0.0000454199471278,0.00000487480929223,0.00000570180191062],"dmean2":[0.00674457289279,0.105059675872,0.875834107399,10.6661119461,9.00434494019,4.45830965042,13.4780263901,22.2919330597,15.5342559814,16.7906894684,10.9114589691,25.5766334534,12.5062131882,11.7939138412,10.4027433395,8.95130157471,8.86274814606,5.28968429565,6.20521688461,4.93155050278,6.54699325562,7.60273456573,5.63317871094,5.56677913666,5.89178657532,4.2486114502,2.21634578705,1.18114614487,0.44865038991,0.740858316422,1.00204956532,1.68356525898,0.792557895184,0.27117562294,0.033773817122,0.00467096362263,0.000609271402936,0.0000620256178081,0.00000705735101292,0.0000092773070719],"dvar":[0.000368776672985,0.0499478913844,0.607850670815,83.8196334839,64.462059021,29.7022361755,416.078582764,1044.0838623,802.330383301,796.057128906,306.993835449,3439.37280273,694.222412109,447.179382324,295.137298584,315.249603271,605.948791504,89.1646728516,90.5030136108,37.8333053589,49.0157318115,55.7310791016,63.3818855286,45.4285736084,91.0434341431,38.2720947266,14.3639965057,6.69580984116,2.06475830078,15.8824663162,27.9999713898,91.5251998901,18.4180240631,2.49454498291,0.0298201348633,0.000323168904288,0.0000045868455345,6.31161540809e-8,3.25450888461e-10,5.99106528276e-11],"dvar2":[0.00061989214737,0.105334736407,1.71731126308,264.631439209,178.02406311,72.3147888184,973.659973145,2385.53979492,1944.67407227,1798.39831543,649.061035156,9489.15234375,1615.82092285,1067.98693848,754.302429199,738.541320801,1291.6496582,225.773849487,224.49887085,98.7756271362,124.625724792,133.822097778,114.210327148,108.257888794,248.001373291,103.214035034,32.2205581665,15.8736896515,3.32995271683,35.0665359497,52.5991973877,173.461990356,34.6677474976,5.63409376144,0.0671318918467,0.000582270149607,0.00000825481401989,1.14445526833e-7,5.56387547146e-10,1.5538892395e-10],"max":[1.52980351448,14.4027023315,20.2159919739,168.984588623,119.87122345,87.495300293,571.287231445,1276.05895996,655.389770508,721.02911377,459.212158203,1690.25708008,891.073425293,986.610961914,496.799407959,738.891418457,1187.05163574,334.581207275,316.081939697,148.875457764,225.595031738,397.122833252,393.643951416,311.698760986,313.159881592,214.736251831,121.022872925,72.140335083,68.146156311,184.564941406,247.30406189,390.447875977,164.087692261,59.323677063,7.79404354095,0.676298856735,0.0597987435758,0.0103766657412,0.000695786788128,0.00015411277127],"mean":[0.024670606479,0.303787797689,1.43973255157,13.041592598,10.4198703766,7.22661924362,21.6155490875,31.0698242188,20.7960948944,27.0153160095,17.8480091095,32.531917572,20.4428405762,16.7511882782,14.0878858566,13.4995956421,13.7981948853,7.42504835129,7.74996948242,6.77512454987,8.58567237854,10.8346920013,8.06493663788,7.20925664902,7.68174552917,6.11014080048,3.35452866554,1.76368868351,0.759696424007,1.05746424198,1.51867198944,2.38547182083,1.15596592426,0.345546483994,0.0517076738179,0.00744673935696,0.00101296266075,0.000107717678475,0.0000180592796823,0.0000250065822911],"median":[0.00483759958297,0.0962647497654,0.849588871002,6.25534772873,5.00400161743,2.92640042305,8.0268239975,10.2615652084,5.68408679962,3.66018986702,4.94753742218,4.44650936127,3.13469266891,4.24951553345,2.52246880531,2.11063528061,1.84765505791,1.83054161072,2.12767028809,2.25096893311,4.42728185654,5.70618534088,4.21443796158,4.2956533432,4.41185760498,2.97931075096,1.47242939472,0.663538694382,0.184142976999,0.118491277099,0.112587839365,0.0483892932534,0.020556807518,0.0113043533638,0.00331768998876,0.00065755029209,0.000103981234133,0.0000110213713924,0.00000766506309446,0.0000147404080053],"min":[9.89041950561e-8,0.00000157974625381,0.0000591308744333,0.00120525376406,0.00620819302276,0.00454407697544,0.00155214278493,0.00285794120282,0.00179410004057,0.00287519441918,0.00613918201998,0.00536443851888,0.00389037933201,0.00380318844691,0.00541795603931,0.00757327768952,0.00246266531758,0.00242935610004,0.00158481032122,0.000935454387218,0.00110560958274,0.000742101634387,0.000321089319186,0.000134228830575,0.0000744222925277,0.0000192784846149,0.0000100648348962,0.00000510988593305,0.00000256136513599,0.00000113013152259,9.12523830721e-7,6.60220621285e-7,4.25337844945e-7,2.81133083035e-7,1.81654797871e-7,1.27288004137e-7,6.9405231784e-8,2.8058838808e-8,2.91548385434e-8,4.40012506431e-8],"var":[0.00420753844082,0.412827670574,2.94382977486,314.94519043,174.571243286,114.05594635,1642.57995605,4080.62963867,2107.45019531,3654.96533203,1186.88427734,9361.265625,3423.55151367,1730.72375488,1041.99963379,1496.9564209,3641.82714844,305.410888672,411.105834961,141.04989624,159.207183838,314.955200195,245.627197266,128.443588257,174.200408936,114.0052948,38.6396026611,16.9504127502,7.59405469894,41.1771354675,82.4199829102,327.178314209,73.3907928467,6.11913919449,0.0817637369037,0.00113370758481,0.0000163359927683,2.32942056755e-7,1.65102786998e-9,6.35217267675e-10]},"erbbands_crest":{"dmean":2.15652894974,"dmean2":3.45804691315,"dvar":3.98278808594,"dvar2":10.4167127609,"max":28.4300861359,"mean":8.97752666473,"median":8.07423686981,"min":3.04173469543,"var":13.9554843903},"erbbands_flatness_db":{"dmean":0.0109069468454,"dmean2":0.0160175915807,"dvar":0.000113081921882,"dvar2":0.000228511766181,"max":0.417299807072,"mean":0.212679088116,"median":0.203377351165,"min":0.093573667109,"var":0.00238605961204},"erbbands_kurtosis":{"dmean":0.669027507305,"dmean2":1.05131030083,"dvar":0.964485526085,"dvar2":2.09266996384,"max":31.5505218506,"mean":0.0110670244321,"median":-0.580503582954,"min":-1.84845376015,"var":3.8094534874},"erbbands_skewness":{"dmean":0.303857088089,"dmean2":0.468843817711,"dvar":0.0750314965844,"dvar2":0.161751121283,"max":3.83800244331,"mean":0.527658641338,"median":0.520933389664,"min":-5.00169992447,"var":0.53650867939},"erbbands_spread":{"dmean":6.00388431549,"dmean2":9.29792308807,"dvar":40.4962882996,"dvar2":91.9436264038,"max":138.208221436,"mean":40.7772598267,"median":39.7170639038,"min":2.52073287964,"var":325.382904053},"gfcc":{"cov":[[11565.53125,-2881.18701172,732.339782715,1684.16003418,-1557.41833496,1384.76220703,-305.506225586,752.870178223,-35.648475647,510.524230957,155.888198853,106.380409241,20.5236968994],[-2881.18701172,1668.21557617,-382.410217285,-792.521057129,762.589111328,-402.755493164,338.95803833,-239.592010498,169.235305786,-46.3548278809,68.6833496094,34.0634384155,-10.7491769791],[732.339782715,-382.410217285,570.050048828,205.406661987,-167.780929565,249.690216064,-175.413330078,97.0769042969,-33.7554130554,25.6553592682,-6.99144458771,-0.0627456381917,10.8719511032],[1684.16003418,-792.521057129,205.406661987,941.124328613,-282.689941406,119.802490234,-46.1273460388,90.1307601929,-13.213347435,37.9517974854,0.778847873211,2.54402136803,96.9020462036],[-1557.41833496,762.589111328,-167.780929565,-282.689941406,528.149536133,-133.609588623,162.384216309,-122.626342773,89.9895324707,-17.5651741028,15.9543380737,18.0425624847,2.43378353119],[1384.76220703,-402.755493164,249.690216064,119.802490234,-133.609588623,455.946228027,-33.0213813782,128.14781189,9.97875881195,89.5210342407,37.7202186584,24.4615936279,-19.5922641754],[-305.506225586,338.95803833,-175.413330078,-46.1273460388,162.384216309,-33.0213813782,273.924316406,-29.2700500488,42.5310401917,9.05716705322,16.8407421112,23.8378009796,-14.8878555298],[752.870178223,-239.592010498,97.0769042969,90.1307601929,-122.626342773,128.14781189,-29.2700500488,141.256149292,5.15597438812,44.4408340454,12.0024309158,12.3915653229,6.32313346863],[-35.648475647,169.235305786,-33.7554130554,-13.213347435,89.9895324707,9.97875881195,42.5310401917,5.15597438812,118.384796143,50.1527481079,34.9677963257,22.2634372711,12.3253602982],[510.524230957,-46.3548278809,25.6553592682,37.9517974854,-17.5651741028,89.5210342407,9.05716705322,44.4408340454,50.1527481079,135.397705078,53.416934967,39.5542831421,11.0050926208],[155.888198853,68.6833496094,-6.99144458771,0.778847873211,15.9543380737,37.7202186584,16.8407421112,12.0024309158,34.9677963257,53.416934967,93.7013778687,46.8929901123,21.9519958496],[106.380409241,34.0634384155,-0.0627456381917,2.54402136803,18.0425624847,24.4615936279,23.8378009796,12.3915653229,22.2634372711,39.5542831421,46.8929901123,87.1581878662,36.4779586792],[20.5236968994,-10.7491769791,10.8719511032,96.9020462036,2.43378353119,-19.5922641754,-14.8878555298,6.32313346863,12.3253602982,11.0050926208,21.9519958496,36.4779586792,90.1776428223]],"icov":[[0.000372582348064,-0.00068488821853,0.000520042725839,-0.00082208722597,0.00108064501546,-0.00109504035208,0.000609572860412,-0.00074659200618,0.000402025150834,-0.000703756173607,0.000503004004713,-0.000459096918348,0.000634367170278],[-0.00068488821853,0.0107609145343,-0.00406855577603,0.00726737827063,-0.00808427017182,0.00747801130638,-0.00853316113353,0.00433642417192,-0.00673682428896,0.00288608460687,-0.00798033829778,0.00453541241586,-0.00507357576862],[0.000520042725839,-0.00406855577603,0.00491245975718,-0.00353571143933,0.00308048562147,-0.00482144625857,0.00517591880634,-0.00260398676619,0.00295581691898,-0.00118848611601,0.00354484817944,-0.00237359851599,0.0023484940175],[-0.00082208722597,0.00726737827063,-0.00353571143933,0.0069770552218,-0.0050569716841,0.00564131420106,-0.00663831736892,0.00360511709005,-0.00487783318385,0.00226043234579,-0.0051295151934,0.00424970965832,-0.00608382886276],[0.00108064501546,-0.00808427017182,0.00308048562147,-0.0050569716841,0.0110095106065,-0.00652384199202,0.00464538438246,-0.00153622985817,0.00241573760286,-0.00262214429677,0.00616153376177,-0.00346822617576,0.00290606240742],[-0.00109504035208,0.00747801130638,-0.00482144625857,0.00564131420106,-0.00652384199202,0.0104351844639,-0.00666076038033,0.00175449007656,-0.0044969143346,0.00163501431234,-0.00643303338438,0.0031107973773,-0.00239678518847],[0.000609572860412,-0.00853316113353,0.00517591880634,-0.00663831736892,0.00464538438246,-0.00666076038033,0.0128173716366,-0.00416987156495,0.00511729624122,-0.0021097806748,0.00645554671064,-0.00576280988753,0.00650707725435],[-0.00074659200618,0.00433642417192,-0.00260398676619,0.00360511709005,-0.00153622985817,0.00175449007656,-0.00416987156495,0.0144025776535,-0.00424461485818,0.000217644977965,-0.00226258789189,0.00181142054498,-0.00377722200938],[0.000402025150834,-0.00673682428896,0.00295581691898,-0.00487783318385,0.00241573760286,-0.0044969143346,0.00511729624122,-0.00424461485818,0.0170902367681,-0.00573735451326,0.0029221936129,-0.00218031206168,0.00262585072778],[-0.000703756173607,0.00288608460687,-0.00118848611601,0.00226043234579,-0.00262214429677,0.00163501431234,-0.0021097806748,0.000217644977965,-0.00573735451326,0.0141915027052,-0.00615932280198,-0.00105721224099,-0.000739795912523],[0.000503004004713,-0.00798033829778,0.00354484817944,-0.0051295151934,0.00616153376177,-0.00643303338438,0.00645554671064,-0.00226258789189,0.0029221936129,-0.00615932280198,0.0234399810433,-0.00977288931608,0.00227889581583],[-0.000459096918348,0.00453541241586,-0.00237359851599,0.00424970965832,-0.00346822617576,0.0031107973773,-0.00576280988753,0.00181142054498,-0.00218031206168,-0.00105721224099,-0.00977288931608,0.0217527765781,-0.00993751268834],[0.000634367170278,-0.00507357576862,0.0023484940175,-0.00608382886276,0.00290606240742,-0.00239678518847,0.00650707725435,-0.00377722200938,0.00262585072778,-0.000739795912523,0.00227889581583,-0.00993751268834,0.0205308794975]],"mean":[-88.3561630249,152.004867554,-137.988174438,38.5461578369,-56.3724327087,-18.1517658234,-35.5622215271,-2.82384586334,-24.9906845093,-18.0771465302,-10.211514473,-15.6148929596,-4.26813650131]},"hfc":{"dmean":2.24430704117,"dmean2":3.32771325111,"dvar":23.2162380219,"dvar2":41.7751464844,"max":168.099578857,"mean":11.0418052673,"median":5.48586368561,"min":0.0066950279288,"var":203.252685547},"melbands":{"dmean":[0.0000624312815489,0.000202948940569,0.00101576943416,0.000261727982434,0.00027303484967,0.000307439535391,0.000152162960148,0.000117849784147,0.0000658189455862,0.000095834111562,0.0000403988888138,0.000034193857573,0.0000213762868952,0.0000174714532477,0.000013728445083,0.0000104438177004,0.00000660033310851,0.0000061928899413,0.0000039802594074,0.00000496065467814,0.00000553729705643,0.00000560317721465,0.00000534592118129,0.00000293425864584,0.0000029940206332,0.0000030265659916,0.00000223736424232,0.00000173690443717,0.00000102843171135,7.49392370381e-7,4.14158876083e-7,2.00085693791e-7,1.924365165e-7,3.51871108251e-7,4.22868339456e-7,5.998633128e-7,9.08957758838e-7,4.86027545321e-7,2.6515832019e-7,1.2852488851e-7],"dmean2":[0.0000857751510921,0.000319709535688,0.00174766231794,0.000420560158091,0.000404531223467,0.000473286199849,0.000230608668062,0.000175262452103,0.0000966536681517,0.000153910354129,0.0000613865122432,0.0000525980758539,0.000033942193113,0.0000275957172562,0.0000205921387533,0.0000160162744578,0.0000107068008219,0.0000102333742689,0.00000647046954327,0.00000825806000648,0.00000934481340664,0.00000940177596931,0.00000871391057444,0.00000484581414639,0.00000501076692672,0.00000508210541739,0.00000369800682165,0.000002852199259,0.00000165248820849,0.00000117223601137,6.42370764581e-7,2.93441445365e-7,2.80134486275e-7,4.99489260619e-7,5.91451737364e-7,8.80586412677e-7,0.00000123468407764,6.8688200372e-7,3.99734261691e-7,1.94751663685e-7],"dvar":[4.79089834471e-8,1.03325575651e-7,0.00000213697762774,1.85926353424e-7,3.4398635762e-7,4.34855792264e-7,1.63909007256e-7,8.93661251666e-8,2.67339768101e-8,1.20169303841e-7,1.70612803885e-8,9.04452068795e-9,3.08868552956e-9,2.4988724423e-9,2.67540301024e-9,1.58706880971e-9,4.06402328457e-10,2.70069633324e-10,8.09506003896e-11,1.2397766147e-10,8.60699914118e-11,8.16520878688e-11,1.28540955657e-10,4.55256804477e-11,3.50819408246e-11,7.41249700509e-11,2.00478383894e-11,1.85497502775e-11,6.8136772266e-12,6.06161388444e-12,2.11610546794e-12,8.16342436358e-13,1.93107379046e-12,7.51316543701e-12,8.59095433681e-12,2.06256314111e-11,5.31792873626e-11,1.40380250827e-11,4.22422513635e-12,1.49626578488e-12],"dvar2":[8.92323441803e-8,2.7525172186e-7,0.00000677504021951,4.62801068579e-7,8.20095579002e-7,9.99418375613e-7,3.97102127181e-7,1.99369566189e-7,6.08352905829e-8,3.28071649847e-7,3.94185661889e-8,2.1710622633e-8,7.54538387326e-9,6.43444408865e-9,5.06711206327e-9,3.23165783023e-9,1.0508171e-9,6.44911790637e-10,1.95253813118e-10,3.3107391828e-10,2.15314877039e-10,2.14442519297e-10,2.76698691737e-10,8.77113798259e-11,8.80049921825e-11,2.06573078088e-10,5.2494369962e-11,4.96058402688e-11,1.63497722305e-11,1.47005289886e-11,5.08620879788e-12,1.38672927308e-12,4.31304427936e-12,1.68163989678e-11,1.66555762238e-11,4.33122808452e-11,1.01343849979e-10,2.78043473662e-11,8.7481254879e-12,3.82203903943e-12],"max":[0.0166415255517,0.00903180614114,0.0229039639235,0.00707701407373,0.0154945999384,0.0246106702834,0.00960299279541,0.0068139070645,0.00437282305211,0.0106578990817,0.0044645536691,0.00446355482563,0.00154189567547,0.00145214039367,0.00224436772987,0.00169540557545,0.000721226097085,0.000522663700394,0.000307094509481,0.000390093337046,0.000274291553069,0.000430779531598,0.000570651842281,0.000359721423592,0.000253956241067,0.000275492930086,0.000123346908367,0.000172615938936,0.0000799620393082,0.0000952157715801,0.000043059248128,0.0000499773996125,0.0000888390495675,0.000131120788865,0.000133033448947,0.000145246740431,0.000325999513734,0.000143314886373,0.0000756539666327,0.0000500625865243],"mean":[0.000289068208076,0.00063100567786,0.00210187747143,0.000575287733227,0.00066655111732,0.000682195706759,0.000309831812046,0.000280326756183,0.000146126592881,0.000196442328161,0.0000974060458248,0.0000701519529684,0.0000433558161603,0.0000391864996345,0.0000315499964927,0.0000235220522882,0.0000126663653646,0.0000120900249385,0.00000833806643641,0.0000100082988865,0.000010553404536,0.0000116794053611,0.0000102486292235,0.00000579459674555,0.00000563049525226,0.00000582035227126,0.00000483088160763,0.00000380577694159,0.00000223078700401,0.00000148481649376,8.65286949647e-7,4.21730021571e-7,4.01838491371e-7,6.51684331388e-7,8.20324942197e-7,0.00000105900790004,0.00000168277153989,9.13053895601e-7,4.81407937514e-7,2.1479672796e-7],"median":[0.0000569723924855,0.000404834601795,0.00112030550372,0.000266869494226,0.000254189450061,0.00023840481299,0.000079299119534,0.0000382029174943,0.0000371447858925,0.0000262229241343,0.0000145721351146,0.0000168606275111,0.00000718243882147,0.00000594399398324,0.00000395336246584,0.00000428586554335,0.00000294503183795,0.00000306585752696,0.00000234241406361,0.00000364097650163,0.00000570677275391,0.00000641126598566,0.00000454874407296,0.00000318295928992,0.0000031912495615,0.00000312599695462,0.00000261325021711,0.00000170103430719,9.45613692238e-7,5.5299642554e-7,2.78930116338e-7,9.91825004348e-8,4.51920385558e-8,6.60992824919e-8,6.58052528024e-8,3.99003958762e-8,2.09599022583e-8,1.24750911823e-8,1.02246975331e-8,8.10864531076e-9],"min":[1.25284491115e-10,3.67281960401e-9,3.77198659862e-7,2.34862284287e-7,3.91511250086e-8,7.39821501838e-8,1.69485687707e-8,2.87027397405e-8,4.15274357124e-8,2.07811687858e-8,1.27499086844e-8,1.08265139076e-8,3.56456864026e-9,1.84808506276e-8,1.03544088859e-8,3.79180065124e-9,2.10667572276e-9,1.79993109306e-9,6.44472808453e-10,1.4452123942e-9,1.02201791474e-9,9.42993128028e-10,2.80646367257e-10,9.74200234372e-11,6.80535974795e-11,5.78518309646e-11,1.40860613104e-11,1.07939455984e-11,4.63161193426e-12,4.15950737395e-12,2.1557215648e-12,1.22953188429e-12,8.81977759055e-13,3.84207585451e-13,4.28514591432e-13,3.67738581556e-13,2.55732094572e-13,2.35660286858e-13,1.76077007792e-13,2.05641086841e-13],"var":[4.84825420699e-7,5.69507847104e-7,0.00000692449657436,6.11991254118e-7,0.00000141096302286,0.00000174614217485,4.52262469253e-7,3.91475083461e-7,9.62545598782e-8,3.34848039074e-7,8.21569301479e-8,3.34789476142e-8,1.05747144374e-8,1.19122391951e-8,1.43250851181e-8,7.99972443843e-9,1.07077868794e-9,1.15608322915e-9,3.03654129619e-10,3.51425027967e-10,2.37805580783e-10,3.41609129872e-10,4.48361431316e-10,1.40645634028e-10,8.27488147448e-11,1.2640054281e-10,5.02696981264e-11,5.35315541894e-11,1.70900429225e-11,1.12026898175e-11,5.32029238373e-12,2.35931500031e-12,5.29153413795e-12,1.74252435398e-11,2.2508795175e-11,5.42348076171e-11,1.88726603789e-10,4.95115580479e-11,1.26139047124e-11,2.47861106639e-12]},"melbands_crest":{"dmean":3.20045137405,"dmean2":5.40104961395,"dvar":8.91351890564,"dvar2":27.5717811584,"max":32.7059745789,"mean":16.0144386292,"median":14.8944683075,"min":4.41643619537,"var":34.5034561157},"melbands_flatness_db":{"dmean":0.020794250071,"dmean2":0.0332301519811,"dvar":0.000391242385376,"dvar2":0.000978037714958,"max":0.597065031528,"mean":0.267792165279,"median":0.255543708801,"min":0.0575564578176,"var":0.00494822487235},"melbands_kurtosis":{"dmean":6.57013511658,"dmean2":10.6040077209,"dvar":101.608612061,"dvar2":267.671203613,"max":298.689941406,"mean":18.5384521484,"median":12.8413858414,"min":-1.86597955227,"var":392.151702881},"melbands_skewness":{"dmean":0.602548599243,"dmean2":0.966894030571,"dvar":0.382302254438,"dvar2":1.02083063126,"max":13.4040584564,"mean":3.24795079231,"median":2.98119926453,"min":-0.436479300261,"var":2.70473766327},"melbands_spread":{"dmean":3.82611322403,"dmean2":6.04904031754,"dvar":54.722366333,"dvar2":102.075012207,"max":255.681869507,"mean":14.3588676453,"median":11.291975975,"min":0.53582918644,"var":230.022659302},"mfcc":{"cov":[[8577.2734375,-986.549255371,248.908828735,512.56817627,-235.145202637,185.948348999,228.27822876,273.142669678,58.2094116211,432.377075195,165.295730591,365.425872803,192.92364502],[-986.549255371,1274.75927734,-470.587799072,-137.916244507,39.3955116272,103.111129761,58.6524734497,55.3219337463,40.8367271423,11.8504333496,189.386413574,14.0978746414,104.636230469],[248.908828735,-470.587799072,615.262939453,-132.435684204,59.1942405701,10.0545463562,-52.9295501709,-16.7788963318,-21.9900016785,-9.36808872223,-74.013053894,17.5595874786,-34.2050094604],[512.56817627,-137.916244507,-132.435684204,762.25390625,-8.0533657074,-22.9918556213,70.7256698608,-1.21259117126,55.2717437744,33.7239456177,-46.7910423279,-1.48144543171,40.4865951538],[-235.145202637,39.3955116272,59.1942405701,-8.0533657074,245.652679443,49.6728286743,-20.5845050812,-4.15385913849,17.1800174713,25.0391426086,-5.03987264633,2.73652052879,8.5346698761],[185.948348999,103.111129761,10.0545463562,-22.9918556213,49.6728286743,263.099822998,64.9825057983,70.1927185059,28.3665161133,67.7457504272,82.8719558716,42.6837348938,30.0498504639],[228.27822876,58.6524734497,-52.9295501709,70.7256698608,-20.5845050812,64.9825057983,147.848526001,65.3411254883,26.5352725983,29.8301506042,38.2536659241,17.9052677155,15.8544807434],[273.142669678,55.3219337463,-16.7788963318,-1.21259117126,-4.15385913849,70.1927185059,65.3411254883,127.055923462,29.4052867889,41.0043067932,36.8055419922,24.9184741974,19.7178192139],[58.2094116211,40.8367271423,-21.9900016785,55.2717437744,17.1800174713,28.3665161133,26.5352725983,29.4052867889,91.1083755493,33.8516464233,20.1649951935,5.70057916641,17.5887584686],[432.377075195,11.8504333496,-9.36808872223,33.7239456177,25.0391426086,67.7457504272,29.8301506042,41.0043067932,33.8516464233,123.300758362,54.6334877014,31.3277683258,28.1563472748],[165.295730591,189.386413574,-74.013053894,-46.7910423279,-5.03987264633,82.8719558716,38.2536659241,36.8055419922,20.1649951935,54.6334877014,138.855957031,41.9334030151,32.0969009399],[365.425872803,14.0978746414,17.5595874786,-1.48144543171,2.73652052879,42.6837348938,17.9052677155,24.9184741974,5.70057916641,31.3277683258,41.9334030151,90.4447097778,41.6541671753],[192.92364502,104.636230469,-34.2050094604,40.4865951538,8.5346698761,30.0498504639,15.8544807434,19.7178192139,17.5887584686,28.1563472748,32.0969009399,41.6541671753,99.8179473877]],"icov":[[0.00021251430735,0.000192945910385,0.00000216888656723,-0.0000821002759039,0.000199082918698,0.0000737466107239,-0.000072741007898,-0.000235198123846,0.000157633374329,-0.000546941533685,-0.0000995975278784,-0.000546456081793,-0.000173596985405],[0.000192945910385,0.0017914948985,0.0010910538258,0.000356268952601,-0.000378908502171,-0.0000857396516949,-0.000133005683892,-0.000392385147279,-0.000145651167259,0.000499844376463,-0.00168819865212,0.000250306475209,-0.00154160661623],[0.00000216888656723,0.0010910538258,0.00278774672188,0.000675671675708,-0.0006808785256,-0.00051613379037,0.000323502405081,-0.0000597416583332,-0.000169495906448,0.000294107972877,0.000626646564342,-0.000770083221141,-0.000225902549573],[-0.0000821002759039,0.000356268952601,0.000675671675708,0.0018282114761,-0.000181584939128,0.0000518635970366,-0.000975430593826,0.000688899075612,-0.000955079274718,-0.000215086096432,0.000993043417111,0.000247984717134,-0.00089985964587],[0.000199082918698,-0.000378908502171,-0.0006808785256,-0.000181584939128,0.0050203865394,-0.00105039880145,0.000878347666003,0.000368239590898,-0.000606025510933,-0.00168454519007,0.00123577238992,-0.000453393819043,-0.0000987441089819],[0.0000737466107239,-0.0000857396516949,-0.00051613379037,0.0000518635970366,-0.00105039880145,0.0059404191561,-0.00143332674634,-0.00156977726147,0.00015712667664,-0.00133036053739,-0.00227611768059,-0.00071793620009,-0.0000322689120367],[-0.000072741007898,-0.000133005683892,0.000323502405081,-0.000975430593826,0.000878347666003,-0.00143332674634,0.0102548860013,-0.00401182798669,-0.00072517892113,0.000525884621311,-0.00100807857234,0.0000133382118293,0.000604600703809],[-0.000235198123846,-0.000392385147279,-0.0000597416583332,0.000688899075612,0.000368239590898,-0.00156977726147,-0.00401182798669,0.0122828977183,-0.00214552716352,-0.0012641788926,0.000820759276394,-0.000606461428106,-0.0000582035827392],[0.000157633374329,-0.000145651167259,-0.000169495906448,-0.000955079274718,-0.000606025510933,0.00015712667664,-0.00072517892113,-0.00214552716352,0.013813671656,-0.00286237406544,-0.000682113575749,0.00103385210969,-0.00111792853568],[-0.000546941533685,0.000499844376463,0.000294107972877,-0.000215086096432,-0.00168454519007,-0.00133036053739,0.000525884621311,-0.0012641788926,-0.00286237406544,0.0140998922288,-0.0041256970726,0.000659386743791,-0.000989525346085],[-0.0000995975278784,-0.00168819865212,0.000626646564342,0.000993043417111,0.00123577238992,-0.00227611768059,-0.00100807857234,0.000820759276394,-0.000682113575749,-0.0041256970726,0.0145362718031,-0.00398461287841,0.000624221924227],[-0.000546456081793,0.000250306475209,-0.000770083221141,0.000247984717134,-0.000453393819043,-0.00071793620009,0.0000133382118293,-0.000606461428106,0.00103385210969,0.000659386743791,-0.00398461287841,0.0181476436555,-0.00585805345327],[-0.000173596985405,-0.00154160661623,-0.000225902549573,-0.00089985964587,-0.0000987441089819,-0.0000322689120367,0.000604600703809,-0.0000582035827392,-0.00111792853568,-0.000989525346085,0.000624221924227,-0.00585805345327,0.0149109428748]],"mean":[-713.594482422,157.032821655,-12.9361791611,40.4163169861,-1.67898070812,-13.4429578781,-4.19290971756,-2.70676231384,-7.95618963242,-4.7435297966,-14.7403450012,-3.8093457222,-6.79788780212]},"pitch_salience":{"dmean":0.0605933107436,"dmean2":0.099465534091,"dvar":0.00287409801967,"dvar2":0.00821170583367,"max":0.856798410416,"mean":0.533301889896,"median":0.543698728085,"min":0.0961913242936,"var":0.0130082750693},"silence_rate_20dB":{"dmean":0,"dmean2":0,"dvar":0,"dvar2":0,"max":1,"mean":1,"median":1,"min":1,"var":0},"silence_rate_30dB":{"dmean":0.000655630195979,"dmean2":0.00131147541106,"dvar":0.00065521284705,"dvar2":0.00196554302238,"max":1,"mean":0.999672234058,"median":1,"min":0,"var":0.000327657093294},"silence_rate_60dB":{"dmean":0.0277003776282,"dmean2":0.0552459023893,"dvar":0.0269317105412,"dvar2":0.0623573213816,"max":1,"mean":0.175516217947,"median":0,"min":0,"var":0.144717693329},"spectral_centroid":{"dmean":176.043716431,"dmean2":282.978088379,"dvar":41733.5507812,"dvar2":91355.078125,"max":5350.30712891,"mean":937.604492188,"median":822.78137207,"min":151.589401245,"var":254074.625},"spectral_complexity":{"dmean":1.95263075829,"dmean2":3.15852451324,"dvar":3.54485630989,"dvar2":8.40136623383,"max":40,"mean":12.4536218643,"median":11,"min":0,"var":55.5273895264},"spectral_contrast_coeffs":{"dmean":[0.045197814703,0.0397592484951,0.0318036079407,0.027579234913,0.021106865257,0.0178107190877],"dmean2":[0.0762118846178,0.0641172900796,0.0498416684568,0.0452028475702,0.0346519835293,0.0281446445733],"dvar":[0.00128835754003,0.00108256062958,0.000660510675516,0.000480386748677,0.000291691278107,0.000290969415801],"dvar2":[0.00372356921434,0.0027816130314,0.00164158223197,0.0012348984601,0.000726559141185,0.000668957654852],"max":[-0.237674281001,-0.419180542231,-0.471125006676,-0.563853144646,-0.599556446075,-0.548403978348],"mean":[-0.540487885475,-0.677923202515,-0.743087947369,-0.767011880875,-0.76007682085,-0.743144631386],"median":[-0.543364048004,-0.684611439705,-0.749201059341,-0.77062356472,-0.764877736568,-0.742995381355],"min":[-0.921487092972,-0.88034260273,-0.930047750473,-0.966012656689,-0.951239168644,-0.939811229706],"var":[0.0109923668206,0.00496601266786,0.00356036191806,0.00230017956346,0.0016487800749,0.0028116335161]},"spectral_contrast_valleys":{"dmean":[0.363291174173,0.27970123291,0.252407878637,0.222496077418,0.174472391605,0.211950659752],"dmean2":[0.59432554245,0.450564205647,0.409167677164,0.359772741795,0.270631611347,0.301602721214],"dvar":[0.103499926627,0.0519547574222,0.04653243348,0.0387751832604,0.0306974295527,0.0774728357792],"dvar2":[0.27098685503,0.129600733519,0.116419285536,0.0945303589106,0.0643211752176,0.142429172993],"max":[-5.53051424026,-5.05698156357,-5.53405427933,-6.61092758179,-5.81359434128,-7.55983638763],"mean":[-8.21588802338,-7.15816354752,-8.01053714752,-8.67629623413,-8.32604503632,-11.9435510635],"median":[-7.79529190063,-7.100004673,-8.03001785278,-8.59398269653,-8.00267410278,-11.5375270844],"min":[-13.7666378021,-10.8726768494,-11.2623100281,-12.4457235336,-13.3084096909,-16.7688751221],"var":[1.97877812386,0.904047310352,0.866915762424,1.06965231895,1.7154263258,3.03370976448]},"spectral_decrease":{"dmean":1.26377674992e-9,"dmean2":2.08588213368e-9,"dvar":2.86727166693e-18,"dvar2":7.91211904387e-18,"max":-3.7111542138e-12,"mean":-5.31839772222e-9,"median":-3.10136782922e-9,"min":-2.97728632859e-8,"var":2.84130187665e-17},"spectral_energy":{"dmean":0.00491083879024,"dmean2":0.00809166859835,"dvar":0.0000429419160355,"dvar2":0.000118243428005,"max":0.116398610175,"mean":0.0210743490607,"median":0.012386996299,"min":0.0000146139927892,"var":0.000441923708422},"spectral_energyband_high":{"dmean":0.000113018475531,"dmean2":0.000150323408889,"dvar":2.99824307604e-7,"dvar2":4.71618420761e-7,"max":0.0200806315988,"mean":0.000301412015688,"median":0.0000739469032851,"min":1.11305487049e-9,"var":0.00000155337352226},"spectral_energyband_low":{"dmean":0.00250183604658,"dmean2":0.00417196052149,"dvar":0.0000124206553664,"dvar2":0.000036941961298,"max":0.0818485841155,"mean":0.00660485122353,"median":0.00381420971826,"min":1.25545398078e-7,"var":0.0000653060342302},"spectral_energyband_middle_high":{"dmean":0.000574353383854,"dmean2":0.000853144039866,"dvar":0.0000013490521269,"dvar2":0.00000284108045889,"max":0.0461510680616,"mean":0.00238279928453,"median":0.000913943862543,"min":0.00000103415572994,"var":0.0000140064967127},"spectral_energyband_middle_low":{"dmean":0.00437913183123,"dmean2":0.00723396381363,"dvar":0.0000376482603315,"dvar2":0.000103917482193,"max":0.109020099044,"mean":0.0155022768304,"median":0.00867446511984,"min":0.0000122587334772,"var":0.000268098636298},"spectral_entropy":{"dmean":0.125477150083,"dmean2":0.193527191877,"dvar":0.0157451163977,"dvar2":0.0338948369026,"max":8.59647369385,"mean":7.03503084183,"median":7.0905828476,"min":4.51382255554,"var":0.190805897117},"spectral_flux":{"dmean":0.0122145880014,"dmean2":0.0195175744593,"dvar":0.000191511309822,"dvar2":0.00049788900651,"max":0.183286711574,"mean":0.0518482886255,"median":0.043754439801,"min":0.000881847750861,"var":0.00119777675718},"spectral_kurtosis":{"dmean":3.91278672218,"dmean2":6.7998251915,"dvar":51.8429756165,"dvar2":151.305984497,"max":116.329605103,"mean":8.31985855103,"median":4.45673847198,"min":-1.02749180794,"var":184.872924805},"spectral_rms":{"dmean":0.000488354125991,"dmean2":0.00079999351874,"dvar":2.60736925384e-7,"dvar2":7.24811570763e-7,"max":0.0106564350426,"mean":0.00394225679338,"median":0.0034763305448,"min":0.000119404998259,"var":0.00000501895601701},"spectral_rolloff":{"dmean":251.392944336,"dmean2":432.438537598,"dvar":387936.8125,"dvar2":795196.375,"max":9819.140625,"mean":883.399963379,"median":581.396484375,"min":129.19921875,"var":1344095.5},"spectral_skewness":{"dmean":0.346822917461,"dmean2":0.587226212025,"dvar":0.205734461546,"dvar2":0.596751153469,"max":8.49520206451,"mean":1.60771846771,"median":1.40952908993,"min":-0.235492393374,"var":0.993129014969},"spectral_spread":{"dmean":236774.53125,"dmean2":357803.53125,"dvar":151843979264,"dvar2":193677393920,"max":23965612,"mean":3137842,"median":3031095.25,"min":641658.3125,"var":1437857218560},"spectral_strongpeak":{"dmean":0.271317332983,"dmean2":0.457377761602,"dvar":0.2137144804,"dvar2":0.554945468903,"max":10.4433403015,"mean":0.672710299492,"median":0.46405351162,"min":0,"var":0.509116649628},"zerocrossingrate":{"dmean":0.00570899294689,"dmean2":0.00691078044474,"dvar":0.0000797622997197,"dvar2":0.0000725478021195,"max":0.3486328125,"mean":0.0381676368415,"median":0.033203125,"min":0.0029296875,"var":0.000767424004152}},"metadata":{"audio_properties":{"analysis_sample_rate":44100,"bit_rate":0,"codec":"flac","downmix":"mix","equal_loudness":0,"length":141.653335571,"lossless":true,"md5_encoded":"e1bf54d8d1a91b97c85001f9aae184f2","replay_gain":-10.8313484192,"sample_rate":44100},"tags":{"album":["Nostradamus (disc 1)"],"albumartist":["Judas Priest"],"albumartistsort":["Judas Priest"],"analysis":["MusicMagic DataAgECKAP4sOe+zuAjiTCiQE1Gqz2KKIACHeigfD6SgAHm5YABheQIwav1hs6r2IxhgZSAAdiG8rTxwLk2gAG7PxZLHU6oC7vOgAKAAbhHqpmznYUL1E1aH5m/hf+Hr/XtnPdRA5O++/OXR4gI9CqvR6d2nJGf94G1gAERwchpGeHHSI2LzJX/KewSsdHkA4AogAE="],"artist":["Judas Priest"],"artistsort":["Judas Priest"],"asin":["B0018C1DQ4"],"barcode":["886973155929"],"catalognumber":["88697315592"],"date":["2008-06-16"],"discid":["b00d220d"],"discnumber":["1"],"file_name":"10 Peace.flac","fingerprint":["MusicMagic FingerprintAQFuHJpGukLeF7oioiaPFwsUmA3KEIcNuAcUEfkKfAjRBa8LwAOuBeQMRgdxBtIHCAZjBNkFCATHBB4CwwI3AZwBNwDMALQA0gDgAOAA0gDD/rPGB03NEqX1evrFwa3jrPkj7D3h9/3r/L7yqgGN/RL7/PoS/+f66feO+uT6fvxj/AD+Pf48/ef+Dv90/4r/mf+s/9IABgA7AG8AVABZAEsBiiiMBCDMthVGTPbKWASIKFnwFOpIBVz+/Qja/2/++fd3CFsAmvu+BrkGfgYoBHoDAQLLAm8D4AIPAMcAMf/eAEMANAA9ABkAJABb//wAFv443un+Uvrm+MQ/P0Gq2G8NG/r798j0B/Fr0sb0iOCl9232q/at8hfkd+5c++MASv2+/yv+WP7t/kb/F/9g/8b/QP9v/0j/Z//f/7j/sv84Aisul/cmJEDVfgxH9hMsLd0l36Ddnw+X6pDEofUhEf3z8uxp/zsAePcV+WX9GALp/VT90gCI/TsA1//eADEABf/d/4X/sf/N/+b/4AAVABX98sKLxeQ0XRt7FOnjwygRJ70RpPRkEwcMm/V6ALYHogJp+9gB9ALu+s79vQFuAx8D7gMqBEoFNwPeAVABbgESAE4ANP/R/+kAGABMAD0ABQH0Az8TNOdgMHXDxh9aGu04rNdo2ZkFuvvp4Fv8yPyS86sB6vsV+T78k/xeBRsBkgD6Ajf+ywMBAL4BiADtAIsAmABuAGMAlwBbAJ0AYgCbNSkdGA=="],"format":["CD"],"genre":["Heavy Metal"],"label":["Columbia Records"],"language":["eng"],"musicbrainz_albumartistid":["6b335658-22c8-485d-93de-0bc29a1d0349"],"musicbrainz_albumid":["23aada98-3ffc-4247-8fb6-528eeaee3077"],"musicbrainz_artistid":["6b335658-22c