{"lowlevel":{"average_loudness":0.932072639465,"barkbands":{"dmean":[0.00210653874092,0.00841220095754,0.00788086373359,0.00266031944193,0.0043055578135,0.0015834699152,0.00105726078618,0.000792692240793,0.000559653155506,0.000649204303045,0.000218980872887,0.00017897458747,0.00020983981085,0.000142938850331,0.000169692531927,0.000148272505612,0.000126025843201,0.0000804611845524,0.0000649973517284,0.000084036757471,0.000079686724348,0.0000545772454643,0.0000568122668483,0.0000554835824005,0.0000591244934185,0.0000207467110158,0.0000035420664517],"dmean2":[0.00335683650337,0.0140587240458,0.0134680084884,0.00449140323326,0.00725521752611,0.00272629968822,0.00180693401489,0.00142476474866,0.000959152588621,0.00114766543265,0.000380074139684,0.000303783192066,0.000347458117176,0.000239011831582,0.000276689272141,0.000237728047068,0.000203381670872,0.000135872920509,0.000103915270302,0.000135820766445,0.000128326078993,0.0000880198931554,0.0000883799293661,0.0000891074159881,0.0000949421300902,0.0000316719633702,0.00000568083396502],"dvar":[0.00000990430089587,0.000205629170523,0.000102893303847,0.0000189650399989,0.0000412403933296,0.0000117408471851,0.0000048290412451,0.00000455075314676,0.00000150550795297,0.00000134457616241,2.53852562082e-7,1.09424085792e-7,1.51016593009e-7,1.7022179577e-7,2.08014228065e-7,1.16358535251e-7,7.16953465485e-8,5.178660345e-8,2.68073563348e-8,6.94491717468e-8,6.80217127069e-8,2.33314434439e-8,2.78208567295e-8,2.35984458641e-8,2.670288346e-8,1.59052637727e-9,5.28525695431e-11],"dvar2":[0.0000247019834205,0.000532388687134,0.000287547853077,0.000049127782404,0.000112390582217,0.0000326625086018,0.0000134232004712,0.0000128267229229,0.00000403552348871,0.00000406020171795,7.11172106094e-7,2.89931705311e-7,3.7645642692e-7,4.2253572019e-7,4.67906971835e-7,2.79807380821e-7,1.71532320792e-7,1.39573600677e-7,6.49013216503e-8,1.71122991333e-7,1.78895689373e-7,5.89071866841e-8,6.910406114e-8,5.98670979457e-8,6.66794690574e-8,3.58094220942e-9,1.31906929823e-10],"max":[0.0462962016463,0.177939802408,0.0923476740718,0.0493529960513,0.0913738980889,0.0583501793444,0.027932818979,0.0245562233031,0.0136201549321,0.0133343944326,0.00897876173258,0.00727306446061,0.00727676274255,0.0190223902464,0.0149580985308,0.00615936284885,0.00770016293973,0.00299590989016,0.00363217177801,0.0061743077822,0.00648800376803,0.00210181553848,0.00354700884782,0.00276989256963,0.0026953977067,0.000462267489638,0.0000806722964626],"mean":[0.0032553919591,0.0106653058901,0.0101110460237,0.00312020885758,0.00641706353053,0.00210147514008,0.00135517376475,0.000838094973005,0.000671810645144,0.000795697851572,0.000268584495643,0.000240298031713,0.000290796073386,0.000201972085051,0.000277722050669,0.000227691736654,0.000218440400204,0.000112710898975,0.000100348028354,0.000094284187071,0.0000903832115,0.0000586303431191,0.0000637394332443,0.0000608139198448,0.0000583118453505,0.0000265746311925,0.00000383177757612],"median":[0.00181421800517,0.00538646429777,0.00597089156508,0.00109028699808,0.00474175531417,0.00122819200624,0.000664472929202,0.000286782946205,0.000266181421466,0.000236915991991,0.000150211795699,0.000122624216601,0.00017944125284,0.0000713986155461,0.000138042247272,0.0000909091832,0.0000636759941699,0.0000426063816121,0.0000235374645854,0.0000252559329965,0.0000347879904439,0.0000176693611138,0.0000158471448231,0.0000165289275174,0.00000849856314744,0.00000463663036498,6.80742232362e-7],"min":[7.03146245377e-23,6.65817773327e-24,2.09061077202e-23,2.78820930575e-23,2.36413030488e-23,8.86595217797e-23,5.70364483612e-23,2.7941730942e-23,1.21269504367e-22,3.61053305948e-23,5.4164729609e-23,4.52484525229e-23,9.68409433782e-23,1.4313502472e-22,1.48572952173e-22,1.20789094386e-22,1.07771021428e-22,3.16383331438e-22,2.71316250659e-22,3.36202647578e-22,4.18796258136e-22,6.0024040052e-22,4.77078841671e-22,9.72877289513e-22,1.06596105879e-21,2.08932292189e-21,2.56962627353e-21],"var":[0.000016935822714,0.000234776074649,0.000133660956635,0.0000234330527746,0.0000432603010267,0.00000927973542275,0.00000418300714955,0.00000317562353302,0.00000133163541705,0.0000016491368342,1.931576179e-7,1.33832998017e-7,1.61554353895e-7,3.56721216122e-7,4.12942057437e-7,1.81692286105e-7,1.64200386621e-7,5.18332541333e-8,4.46390870934e-8,6.36504324802e-8,5.46058629425e-8,2.10431299053e-8,2.57615315746e-8,2.05809218556e-8,2.36900792316e-8,2.47094811279e-9,5.78581592359e-11]},"barkbands_crest":{"dmean":2.99603366852,"dmean2":5.06596469879,"dvar":6.47618865967,"dvar2":17.9031066895,"max":25.1777534485,"mean":10.8094434738,"median":10.1960964203,"min":2.86323928833,"var":12.7738952637},"barkbands_flatness_db":{"dmean":0.032666515559,"dmean2":0.0512675717473,"dvar":0.00113582541235,"dvar2":0.00248398049735,"max":0.759847223759,"mean":0.186588838696,"median":0.166101932526,"min":0.0335790142417,"var":0.00866913702339},"barkbands_kurtosis":{"dmean":6.1333117485,"dmean2":10.4279928207,"dvar":97.3869247437,"dvar2":275.598175049,"max":223.089126587,"mean":10.7132205963,"median":8.03349494934,"min":-1.58654224873,"var":144.129882812},"barkbands_skewness":{"dmean":0.750149309635,"dmean2":1.25563180447,"dvar":0.574313104153,"dvar2":1.6151907444,"max":11.9135541916,"mean":2.59704446793,"median":2.45499372482,"min":-1.99543690681,"var":1.1416066885},"barkbands_spread":{"dmean":4.15701293945,"dmean2":6.83928060532,"dvar":27.6470584869,"dvar2":72.8056335449,"max":66.1541900635,"mean":11.3790054321,"median":9.55885887146,"min":0.0896047577262,"var":57.1078071594},"dissonance":{"dmean":0.0231352280825,"dmean2":0.0386976450682,"dvar":0.000606935238466,"dvar2":0.00154240557458,"max":0.500000178814,"mean":0.459725558758,"median":0.468825757504,"min":0.0979905351996,"var":0.0014928993769},"dynamic_complexity":2.7362549305,"erbbands":{"dmean":[0.223171323538,2.12130665779,8.23423194885,8.62053871155,9.86487102509,18.2075157166,12.9566450119,13.5948286057,13.3533239365,17.5165081024,16.7115592957,13.081035614,19.3235588074,13.3650159836,7.13638067245,7.46185255051,9.64809322357,7.26426935196,8.74015712738,7.49641990662,6.84805965424,6.94258928299,4.52415037155,4.06450128555,2.92029547691,3.49959778786,4.04052114487,2.53163051605,1.91055881977,1.7966132164,1.58872902393,0.904622793198,1.24294257164,0.874901592731,0.295126408339,0.104318678379,0.0373166054487,0.00687777576968,0.000677570351399,0.0000407207953685],"dmean2":[0.364058017731,3.60946249962,14.0426158905,14.5827264786,16.4831523895,30.4298591614,22.4852905273,23.3426074982,23.004858017,30.5048217773,30.1269168854,22.3543148041,33.9838104248,23.1415519714,12.5254716873,12.6011533737,15.9990978241,12.0343723297,14.3351011276,12.0539608002,11.1534776688,11.2316160202,7.54853391647,6.52930402756,4.75825452805,5.64533138275,6.43387651443,4.13144302368,3.0976831913,2.83214259148,2.4908657074,1.39626979828,2.04518842697,1.43437087536,0.464206695557,0.160604804754,0.0571547597647,0.0108850374818,0.00107837049291,0.0000623424784862],"dvar":[0.118063755333,13.5751333237,132.722640991,149.03326416,262.621185303,668.766601562,554.643188477,875.819824219,843.398681641,1972.60534668,1653.19470215,840.900024414,1193.45605469,524.853942871,290.863830566,183.873596191,325.195739746,423.564117432,647.713317871,282.842041016,240.052124023,233.480484009,162.280975342,108.569992065,67.6438674927,133.673065186,167.272216797,71.2701263428,30.5313491821,24.7233581543,24.0101127625,4.6153254509,14.1124505997,7.40904331207,0.404285788536,0.0445536188781,0.00515317544341,0.000177386988071,0.00000196754172066,3.77746545155e-9],"dvar2":[0.2919472754,35.873790741,359.915496826,400.360748291,680.418823242,1849.84875488,1548.3770752,2433.17480469,2354.48486328,5511.07763672,4621.62353516,2263.12670898,3557.85083008,1477.72070312,802.679321289,481.092681885,803.512939453,1039.20776367,1382.55041504,679.709960938,593.905578613,565.718078613,433.154968262,263.534790039,168.969070435,338.678100586,433.046081543,188.910720825,77.9210662842,62.1420783997,60.0640907288,10.8641700745,36.8542900085,18.8301105499,0.976635038853,0.104809477925,0.0116129396483,0.000419573916588,0.00000494561300002,8.60572590966e-9],"max":[3.63259911537,44.3529891968,112.816474915,151.464599609,218.047897339,312.02645874,258.116729736,526.590637207,407.587219238,525.66418457,441.023010254,362.710906982,437.059020996,342.727233887,232.61088562,301.768249512,312.160858154,803.647888184,913.606323242,302.487762451,242.566390991,470.821685791,184.680480957,252.558807373,117.308250427,246.674179077,438.02041626,133.218399048,80.8844680786,74.8823471069,104.688186646,31.9988269806,72.4097671509,49.7062225342,7.47550630569,2.48585057259,0.737205862999,0.132304355502,0.0135213751346,0.000569888332393],"mean":[0.306761175394,2.48002958298,10.7189407349,11.9976701736,13.2427978516,27.6323375702,16.6683330536,18.3676242828,17.1571311951,20.073059082,18.8427600861,16.0580711365,22.6937980652,18.8674850464,8.99272727966,10.2335176468,13.5268621445,11.2337827682,14.4000530243,12.8172369003,11.6663093567,12.5490531921,6.87252473831,6.48556232452,4.01954078674,3.97108721733,4.72938919067,2.63194656372,2.0319314003,2.02517318726,1.75956082344,1.07526373863,1.25578427315,0.798718929291,0.33679279685,0.125167518854,0.0483013354242,0.0081835500896,0.000768645084463,0.0000733338238206],"median":[0.176992252469,1.16981160641,6.1944360733,6.69831371307,7.3489112854,20.3896026611,9.31719589233,11.3288841248,8.2426071167,8.19263744354,6.90861606598,6.70798206329,6.52131509781,10.7062683105,4.73202419281,5.45383834839,8.07453250885,5.3190112114,6.5641617775,6.18930339813,4.89930725098,3.67671728134,2.91511011124,1.42301774025,1.38354253769,1.12008976936,1.82351195812,0.824402332306,0.589513421059,0.596518874168,0.428683251143,0.282204985619,0.302722364664,0.110496282578,0.0594207495451,0.0215024258941,0.00792087800801,0.00141930719838,0.000158778188052,0.0000469982114737],"min":[3.20795752336e-22,2.03555375869e-21,1.89629249035e-20,5.11710470538e-20,1.06215063595e-19,7.28463650405e-20,3.44391762501e-19,8.74647855017e-19,5.3518549443e-19,9.45508695781e-19,6.46428775712e-19,2.02988364562e-18,2.51695137173e-18,1.34316864083e-18,2.3328712186e-18,2.05338301964e-18,3.2403723094e-18,9.53593662486e-18,7.802752532e-18,5.0786019294e-18,6.66699550066e-18,7.79133578519e-18,1.42828548451e-17,1.21418831179e-17,1.86107184039e-17,1.4688515798e-17,2.13379097224e-17,1.53446205706e-17,1.86336445417e-17,1.69088902465e-17,1.43478001037e-17,1.94428836068e-17,1.63053875434e-17,9.56160982953e-18,9.21616514366e-18,7.63665549218e-18,4.10606417653e-18,1.5475605241e-18,3.29114667165e-19,3.72587738794e-20],"var":[0.148897781968,14.6734266281,166.57749939,206.765060425,293.146118164,751.91796875,498.500457764,690.499816895,702.485900879,1455.19494629,1252.67150879,738.699890137,1352.45056152,567.205078125,218.315719604,227.482818604,354.222930908,823.280395508,1238.49377441,462.014312744,405.738433838,535.676513672,175.432571411,192.009231567,69.9986572266,117.012832642,140.245513916,55.6113204956,26.7298984528,23.1373596191,21.4909343719,5.05157804489,11.1420640945,5.99290180206,0.463200807571,0.0597945153713,0.00840791780502,0.000239652377786,0.0000021824923806,5.81858383697e-9]},"erbbands_crest":{"dmean":2.37385416031,"dmean2":4.00008535385,"dvar":4.9313993454,"dvar2":13.7062635422,"max":28.1748485565,"mean":7.5140042305,"median":6.83204936981,"min":2.27457261086,"var":9.51102638245},"erbbands_flatness_db":{"dmean":0.0209621563554,"dmean2":0.0314079858363,"dvar":0.000478841218865,"dvar2":0.00107391527854,"max":0.502772450447,"mean":0.150124624372,"median":0.135415494442,"min":0.0475116707385,"var":0.00404037488624},"erbbands_kurtosis":{"dmean":0.829351067543,"dmean2":1.40369725227,"dvar":3.84743022919,"dvar2":11.3936004639,"max":91.345199585,"mean":0.158756136894,"median":-0.270511746407,"min":-1.63844263554,"var":3.87821626663},"erbbands_skewness":{"dmean":0.325580984354,"dmean2":0.526883661747,"dvar":0.128087177873,"dvar2":0.363135576248,"max":7.89974689484,"mean":0.547075927258,"median":0.560676276684,"min":-2.36145305634,"var":0.338558197021},"erbbands_spread":{"dmean":8.92174434662,"dmean2":14.2646808624,"dvar":84.5648269653,"dvar2":208.352096558,"max":123.095924377,"mean":40.5518684387,"median":39.2442741394,"min":2.02677440643,"var":271.240509033},"gfcc":{"cov":[[9605.5703125,-3709.58325195,-442.348083496,1027.48486328,-868.668884277,408.710662842,-1021.73925781,396.59463501,-561.850769043,351.729309082,-491.337677002,276.268280029,-360.198059082],[-3709.58325195,2394.99682617,-122.24646759,-439.428588867,394.017730713,-350.953399658,511.407562256,-241.357635498,322.438446045,-234.972869873,265.878326416,-224.722259521,193.761917114],[-442.348083496,-122.24646759,508.412597656,-73.9018707275,23.8794784546,88.5453872681,45.7232589722,19.4729671478,1.80624651909,44.0120162964,-9.8813085556,29.2350654602,-30.090549469],[1027.48486328,-439.428588867,-73.9018707275,358.07043457,-31.0257835388,83.5360107422,-86.1189117432,40.0193977356,-54.2507362366,25.390007019,-29.4615325928,26.5571746826,-6.83225536346],[-868.668884277,394.017730713,23.8794784546,-31.0257835388,231.009063721,-42.8163299561,90.9868774414,-32.8141937256,58.6155395508,-19.0335140228,66.7065200806,-19.8190097809,40.9665489197],[408.710662842,-350.953399658,88.5453872681,83.5360107422,-42.8163299561,140.33366394,-31.6661109924,33.6843109131,-38.7765274048,34.3012275696,-22.881439209,41.7303771973,-17.3234882355],[-1021.73925781,511.407562256,45.7232589722,-86.1189117432,90.9868774414,-31.6661109924,226.91305542,-13.011888504,91.5249862671,-57.9112091064,70.9103622437,-45.8022041321,56.1530036926],[396.59463501,-241.357635498,19.4729671478,40.0193977356,-32.8141937256,33.6843109131,-13.011888504,116.226608276,-5.58859062195,20.9506263733,-28.2851886749,17.9698085785,-14.4067401886],[-561.850769043,322.438446045,1.80624651909,-54.2507362366,58.6155395508,-38.7765274048,91.5249862671,-5.58859062195,102.042472839,-11.3340826035,47.8195533752,-31.5656547546,26.4570159912],[351.729309082,-234.972869873,44.0120162964,25.390007019,-19.0335140228,34.3012275696,-57.9112091064,20.9506263733,-11.3340826035,86.2300415039,2.24445438385,30.5619544983,-26.4932136536],[-491.337677002,265.878326416,-9.8813085556,-29.4615325928,66.7065200806,-22.881439209,70.9103622437,-28.2851886749,47.8195533752,2.24445438385,92.1083755493,-5.07478427887,32.1312217712],[276.268280029,-224.722259521,29.2350654602,26.5571746826,-19.8190097809,41.7303771973,-45.8022041321,17.9698085785,-31.5656547546,30.5619544983,-5.07478427887,70.9900283813,-2.371530056],[-360.198059082,193.761917114,-30.090549469,-6.83225536346,40.9665489197,-17.3234882355,56.1530036926,-14.4067401886,26.4570159912,-26.4932136536,32.1312217712,-2.371530056,74.4940109253]],"icov":[[0.000564697547816,-0.000145871017594,0.000435755791841,-0.000980982906185,0.00102051533759,-0.00012687020353,0.000780140340794,-0.000948284403421,0.000809402903542,-0.0011224441696,0.000813970109448,-0.000441534532001,0.000781952345278],[-0.000145871017594,0.00504232570529,-0.0000293740340567,0.00231080991216,-0.00240305415355,0.00407554861158,-0.00305443815887,0.004624302499,-0.00476703885943,0.00549477245659,-0.00465954095125,0.00457225833088,-0.00235198345035],[0.000435755791841,-0.0000293740340567,0.00323035474867,0.00019642499683,0.00000465928724225,-0.00201147980988,-0.00101253739558,-0.000346240296494,0.000671552377753,-0.00243435963057,0.00204538949765,-0.00102444936056,0.00171309849247],[-0.000980982906185,0.00231080991216,0.00019642499683,0.00659308861941,-0.00329273566604,-0.000970869499724,-0.00123052741401,0.0024096283596,-0.00239909463562,0.00398408900946,-0.0034717018716,0.00369556923397,-0.00320716574788],[0.00102051533759,-0.00240305415355,0.00000465928724225,-0.00329273566604,0.00902219302952,-0.000463787611807,0.00191035284661,-0.00288763153367,0.0023180753924,-0.00392731884494,0.000628113630228,-0.0027859241236,0.00123727880418],[-0.00012687020353,0.00407554861158,-0.00201147980988,-0.000970869499724,-0.000463787611807,0.0163103435189,-0.00500910589471,0.0030177810695,-0.00133793649729,0.00201611220837,-0.00271926727146,-0.000829361029901,-0.00136953464244],[0.000780140340794,-0.00305443815887,-0.00101253739558,-0.00123052741401,0.00191035284661,-0.00500910589471,0.0154418665916,-0.00622633472085,-0.00172763376031,0.00285496143624,-0.00270986044779,0.000963619095273,-0.0010360411834],[-0.000948284403421,0.004624302499,-0.000346240296494,0.0024096283596,-0.00288763153367,0.0030177810695,-0.00622633472085,0.0166961103678,-0.00767216226086,0.00357139389962,-0.000152211650857,0.00171289150603,-0.00220484030433],[0.000809402903542,-0.00476703885943,0.000671552377753,-0.00239909463562,0.0023180753924,-0.00133793649729,-0.00172763376031,-0.00767216226086,0.0255957003683,-0.0106843421236,0.000888025388122,0.000731094216462,0.00134673714638],[-0.0011224441696,0.00549477245659,-0.00243435963057,0.00398408900946,-0.00392731884494,0.00201611220837,0.00285496143624,0.00357139389962,-0.0106843421236,0.0293743032962,-0.0140925310552,0.00156652193982,0.00119959050789],[0.000813970109448,-0.00465954095125,0.00204538949765,-0.0034717018716,0.000628113630228,-0.00271926727146,-0.00270986044779,-0.000152211650857,0.000888025388122,-0.0140925310552,0.0281043983996,-0.00893087591976,-0.000135111418786],[-0.000441534532001,0.00457225833088,-0.00102444936056,0.00369556923397,-0.0027859241236,-0.000829361029901,0.000963619095273,0.00171289150603,0.000731094216462,0.00156652193982,-0.00893087591976,0.0279567763209,-0.00811873748899],[0.000781952345278,-0.00235198345035,0.00171309849247,-0.00320716574788,0.00123727880418,-0.00136953464244,-0.0010360411834,-0.00220484030433,0.00134673714638,0.00119959050789,-0.000135111418786,-0.00811873748899,0.0228240676224]],"mean":[-20.8238677979,129.221557617,-87.1865692139,27.0111026764,-41.4817619324,12.7550516129,-33.7688064575,2.9986307621,-18.6270637512,-1.39970529079,-15.5274953842,-2.76595902443,-6.29655647278]},"hfc":{"dmean":6.58066749573,"dmean2":10.0394906998,"dvar":156.875274658,"dvar2":357.268249512,"max":169.71472168,"mean":13.4821357727,"median":9.28663253784,"min":1.23109197922e-16,"var":223.685852051},"melbands":{"dmean":[0.00208424334414,0.00368197611533,0.00139438116457,0.00106976286042,0.000481053575641,0.000296730868286,0.000207389428397,0.00018602066848,0.000128741303342,0.0000807976466604,0.00010037238826,0.0000606945941399,0.0000258281743299,0.0000209996924241,0.0000179608978215,0.0000229120942095,0.000013405723621,0.0000141523132697,0.000012589815924,0.0000108580552478,0.00000819636989036,0.0000083063114289,0.00000557223120268,0.00000337153369401,0.00000361819616046,0.00000191164281205,0.00000272114834843,0.00000234262756749,0.00000290343109555,0.00000181324480764,0.0000013838829318,9.89880049929e-7,0.00000127252394577,9.17280658541e-7,9.13768360533e-7,8.91559921001e-7,4.53537239764e-7,8.35933690269e-7,0.00000101609407466,6.338101457e-7],"dmean2":[0.0034182916861,0.00626643374562,0.00232323515229,0.00179415068123,0.000834981910884,0.000510526180733,0.000354028685251,0.000326510606101,0.000231951809837,0.000137466631713,0.00017666828353,0.00010546255362,0.0000454146065749,0.0000358729485015,0.0000298640043184,0.0000380811943614,0.000022339689167,0.0000233300179389,0.0000205037267733,0.000017390886569,0.0000135719337777,0.0000134642023113,0.00000906093373487,0.00000565045047551,0.00000579511333854,0.00000311725716529,0.00000446287049272,0.00000380326446248,0.00000461120225737,0.00000299446287499,0.00000226767610911,0.00000163080335369,0.00000205727542379,0.00000144796831592,0.00000145083004099,0.00000139009080158,7.08469656274e-7,0.00000138101552238,0.00000170152964074,0.00000103420450159],"dvar":[0.000011184437426,0.0000293936464004,0.00000369201939066,0.00000244386797021,6.39404788672e-7,4.19717252953e-7,1.93360079948e-7,2.47748744187e-7,9.54635979156e-8,3.1299794756e-8,3.24901741067e-8,1.02959045734e-8,3.93489951733e-9,1.5289647326e-9,1.19876575333e-9,1.80386283688e-9,1.76064973711e-9,1.76470515978e-9,8.8740592652e-10,6.99913516033e-10,3.61585233977e-10,3.69017372215e-10,2.20081800006e-10,9.3545948765e-11,8.86937537303e-11,2.32606191253e-11,7.27131757583e-11,5.86544771086e-11,8.44050246362e-11,4.39909011996e-11,1.84366723277e-11,8.26402921789e-12,1.33448295817e-11,6.58985453011e-12,8.48643030849e-12,5.68563598979e-12,1.19755344963e-12,7.0953147871e-12,9.96077352544e-12,3.84011789381e-12],"dvar2":[0.0000287535494863,0.0000780961490818,0.00000956425537879,0.0000066823108682,0.00000176213177383,0.00000116784860893,5.36890638614e-7,6.94543018653e-7,2.6495499128e-7,8.43458778377e-8,9.74814895471e-8,2.94693194292e-8,1.09466498088e-8,4.06504474526e-9,3.09448244806e-9,4.56299753537e-9,4.32316360488e-9,3.71325614701e-9,2.14038231583e-9,1.66900082643e-9,9.28794485766e-10,8.89093965117e-10,5.31684418714e-10,2.51729498357e-10,2.09306419419e-10,5.90913776244e-11,1.84104967382e-10,1.48356618657e-10,2.16085635496e-10,1.17863233062e-10,4.90888267535e-11,2.1339636655e-11,3.39433377239e-11,1.67683384539e-11,2.14385575265e-11,1.41434685144e-11,2.90455094872e-12,1.89082898644e-11,2.56412148458e-11,9.70477951473e-12],"max":[0.0405420176685,0.053621802479,0.0217761378735,0.0225007180125,0.00824267789721,0.0113506419584,0.00610984349623,0.00590352201834,0.00375377526507,0.00223965174519,0.0023067870643,0.00135473220143,0.000963712634984,0.000644430925604,0.000858054147102,0.000907825829927,0.00184773979709,0.00151644728612,0.000795078987721,0.000547452655155,0.000328180816723,0.000683438789565,0.000413945817854,0.000170870989677,0.000258220708929,0.0000785978991189,0.000136221744469,0.000170790415723,0.000340658036293,0.000126531318529,0.0000705214697518,0.0000488978002977,0.0000519482309755,0.0000419533753302,0.000062434359279,0.0000525885625393,0.0000212183367694,0.0000567472234252,0.0000485832351842,0.0000438865463366],"mean":[0.00302551360801,0.00492124632001,0.00206878967583,0.0015738371294,0.000692989793606,0.000400010001613,0.000270961172646,0.000213022329262,0.000145149155287,0.0000966891020653,0.0001171889744,0.0000842316439957,0.0000316221958201,0.0000268356961897,0.0000249698987318,0.000031063282222,0.0000192046372831,0.0000222361468332,0.0000204486477742,0.0000161636417033,0.000012966603208,0.0000142818289532,0.00000820739205665,0.00000467261361337,0.00000557193243367,0.0000027795472306,0.00000308068956656,0.00000251174333243,0.00000334138940161,0.00000191047138287,0.00000139360486173,9.92417540147e-7,0.00000138177597364,0.00000101982436718,9.74041654445e-7,9.98553218778e-7,5.1219103625e-7,8.50112428452e-7,9.15049497507e-7,5.78915887672e-7],"median":[0.00184384221211,0.00289676291868,0.00120038504247,0.00114405993372,0.000481464841869,0.000240542256506,0.000134125846671,0.0000857280974742,0.000052913401305,0.0000382775688195,0.0000311178555421,0.0000436952323071,0.0000168326896528,0.000013544506146,0.0000132787390612,0.0000182321346074,0.00000774990712671,0.00000947065382206,0.0000102454760054,0.00000652140806778,0.00000521236142959,0.00000354260237145,0.0000033310368508,0.00000164886682796,0.00000106673508071,8.02435408787e-7,9.87322323454e-7,5.44903286936e-7,0.0000011788242773,6.59217562315e-7,4.02934063004e-7,2.58217028204e-7,4.11289363456e-7,2.68935991699e-7,2.17913509459e-7,2.26662237424e-7,1.34660254503e-7,2.15696530859e-7,1.42247159829e-7,7.37934016115e-8],"min":[5.2750919684e-24,7.36206333064e-24,1.21819300975e-23,6.17540393117e-24,1.07689784532e-23,1.81207960584e-23,9.45147740067e-24,9.98600876118e-24,5.51378944541e-24,1.56184314483e-23,1.29288567347e-23,5.16683185321e-24,7.17448482915e-24,5.99394580702e-24,4.34996086383e-24,1.11609216273e-23,1.81870524858e-23,1.04158085813e-23,1.10957246401e-23,5.82510787962e-24,7.9429812901e-24,6.26099928369e-24,1.18102196278e-23,1.53970029253e-23,8.47404402922e-24,1.14664553445e-23,1.50965810268e-23,7.60801990569e-24,1.51140542958e-23,8.48241621001e-24,9.78046947461e-24,1.20514146384e-23,9.14244508535e-24,9.12808466143e-24,7.76729328904e-24,8.91075584863e-24,1.27542542062e-23,1.32025291488e-23,6.43247082322e-24,8.69204258493e-24],"var":[0.0000136045673571,0.0000366984495486,0.00000566061453355,0.000002636184945,6.10156007497e-7,3.29836183255e-7,1.66235523125e-7,1.77038145921e-7,7.41030206086e-8,2.7855456608e-8,3.76850373129e-8,1.19400684895e-8,2.91089086168e-9,1.516671011e-9,1.57544910451e-9,1.96002658548e-9,3.69084540708e-9,3.34391736523e-9,1.67483715785e-9,1.014163864e-9,5.56698465104e-10,8.71567706895e-10,3.2712066389e-10,9.82769143842e-11,1.66838903803e-10,2.85689839841e-11,6.41652425637e-11,5.14820373831e-11,7.21671333803e-11,3.29170857238e-11,1.4422137963e-11,7.01589654428e-12,1.17955359022e-11,6.09328212886e-12,7.36003532426e-12,5.51179197769e-12,1.20718138177e-12,5.34779555708e-12,7.79565214465e-12,3.15237853182e-12]},"melbands_crest":{"dmean":4.16418361664,"dmean2":7.00342178345,"dvar":13.3922672272,"dvar2":38.2882614136,"max":39.8360748291,"mean":16.3660907745,"median":15.5324268341,"min":1.82661831379,"var":28.4251670837},"melbands_flatness_db":{"dmean":0.0389833822846,"dmean2":0.0619563907385,"dvar":0.00154580490198,"dvar2":0.00349753629416,"max":0.913652360439,"mean":0.288977593184,"median":0.268496930599,"min":0.00461445795372,"var":0.0106746302918},"melbands_kurtosis":{"dmean":15.1172790527,"dmean2":25.718667984,"dvar":977.002563477,"dvar2":2697.32470703,"max":855.631835938,"mean":26.5512008667,"median":19.0721893311,"min":-1.75229609013,"var":1378.18151855},"melbands_skewness":{"dmean":1.09632694721,"dmean2":1.83967518806,"dvar":1.70342969894,"dvar2":4.63819742203,"max":26.0337905884,"mean":3.81043624878,"median":3.52738761902,"min":-0.037722248584,"var":3.20558977127},"melbands_spread":{"dmean":3.59024810791,"dmean2":6.02518081665,"dvar":20.7600097656,"dvar2":51.7030105591,"max":128.518676758,"mean":8.99206256866,"median":7.64432382584,"min":0.0620098114014,"var":37.7774505615},"mfcc":{"cov":[[7731.94189453,-2283.06323242,-497.059539795,141.72215271,135.780731201,-193.010040283,-286.019927979,-182.410110474,-100.033233643,-85.9616317749,-141.27456665,-95.0452880859,-61.8978462219],[-2283.06323242,1624.57128906,-228.985153198,11.2941560745,-96.3675918579,-12.4671278,25.7959117889,0.452275305986,0.567892432213,11.5619058609,40.7268257141,13.5807952881,4.06395149231],[-497.059539795,-228.985153198,527.709960938,-84.6994476318,-34.3638153076,54.044467926,55.2355575562,49.4131278992,32.9723358154,32.5625267029,30.8405361176,16.1320095062,30.6719436646],[141.72215271,11.2941560745,-84.6994476318,182.514175415,57.5219802856,19.3500957489,17.4007778168,9.04651069641,6.87455558777,6.03247594833,-6.38741588593,-3.387622118,-3.64765262604],[135.780731201,-96.3675918579,-34.3638153076,57.5219802856,148.568878174,31.4590587616,1.61867749691,-21.4772701263,-14.0570173264,-8.5422000885,-6.89912462234,7.25582170486,6.1237616539],[-193.010040283,-12.4671278,54.044467926,19.3500957489,31.4590587616,109.804321289,27.2225971222,12.3297863007,-11.099032402,-6.51000213623,-3.73048067093,15.1530475616,13.0848760605],[-286.019927979,25.7959117889,55.2355575562,17.4007778168,1.61867749691,27.2225971222,91.8607406616,33.2089118958,20.1582794189,6.00705718994,13.8841114044,2.07364535332,9.73348617554],[-182.410110474,0.452275305986,49.4131278992,9.04651069641,-21.4772701263,12.3297863007,33.2089118958,83.1282196045,29.0867805481,17.4551563263,6.03534412384,-6.92590999603,-4.65194654465],[-100.033233643,0.567892432213,32.9723358154,6.87455558777,-14.0570173264,-11.099032402,20.1582794189,29.0867805481,66.0909500122,23.6534519196,6.90309333801,-3.17670154572,-5.69322061539],[-85.9616317749,11.5619058609,32.5625267029,6.03247594833,-8.5422000885,-6.51000213623,6.00705718994,17.4551563263,23.6534519196,57.493850708,20.9454631805,4.44502878189,9.54207611084],[-141.27456665,40.7268257141,30.8405361176,-6.38741588593,-6.89912462234,-3.73048067093,13.8841114044,6.03534412384,6.90309333801,20.9454631805,53.7707633972,16.8613529205,15.4108762741],[-95.0452880859,13.5807952881,16.1320095062,-3.387622118,7.25582170486,15.1530475616,2.07364535332,-6.92590999603,-3.17670154572,4.44502878189,16.8613529205,53.4153633118,16.8091068268],[-61.8978462219,4.06395149231,30.6719436646,-3.64765262604,6.1237616539,13.0848760605,9.73348617554,-4.65194654465,-5.69322061539,9.54207611084,15.4108762741,16.8091068268,53.0824012756]],"icov":[[0.000380472716643,0.000605987443123,0.000450921157608,-0.000312696298352,0.00025787751656,0.000316797959385,0.000550514727365,0.000349076261045,0.000136430535349,0.0000746213190723,0.0000216440112126,0.000313637719955,-0.000167349600815],[0.000605987443123,0.00170378107578,0.00118019850925,-0.000492341350764,0.00104342086706,0.000246196024818,0.000512410653755,0.000679432938341,0.00022555043688,-9.04862645257e-7,-0.000560188200325,0.000396809831727,-0.000293729855912],[0.000450921157608,0.00118019850925,0.00342088262551,0.0010809446685,0.000819125561975,-0.00113267404959,-0.000370908994228,-0.000211640173802,-0.000654836359899,-0.000808520358987,-0.000809852732345,0.000343192543369,-0.00103119574487],[-0.000312696298352,-0.000492341350764,0.0010809446685,0.00764314690605,-0.00280772009864,-0.00131659233011,-0.00186597905122,-0.0012782420963,-0.000899965467397,-0.00170612731017,0.000623227213509,0.000143101045978,0.000436196016381],[0.00025787751656,0.00104342086706,0.000819125561975,-0.00280772009864,0.00942301657051,-0.00216482882388,-0.0000645770123811,0.00287643237971,0.000516769767273,0.000224033923587,-0.0000470950217277,-0.000303356879158,-0.000610052724369],[0.000316797959385,0.000246196024818,-0.00113267404959,-0.00131659233011,-0.00216482882388,0.0130761517212,-0.00230995309539,-0.00212678033859,0.00352312321775,0.00115594523959,0.00315941940062,-0.00324027845636,-0.00154289766215],[0.000550514727365,0.000512410653755,-0.000370908994228,-0.00186597905122,-0.0000645770123811,-0.00230995309539,0.0164221897721,-0.00381908076815,-0.00346969021484,0.00333143095486,-0.00362161151133,0.00184737006202,-0.00258484925143],[0.000349076261045,0.000679432938341,-0.000211640173802,-0.0012782420963,0.00287643237971,-0.00212678033859,-0.00381908076815,0.01815193519,-0.00442260643467,-0.00297106592916,-0.000138547155075,0.00248583569191,0.0021857584361],[0.000136430535349,0.00022555043688,-0.000654836359899,-0.000899965467397,0.000516769767273,0.00352312321775,-0.00346969021484,-0.00442260643467,0.0221845284104,-0.0073434850201,0.00146368099377,-0.000749412574805,0.00329070608132],[0.0000746213190723,-9.04862645257e-7,-0.000808520358987,-0.00170612731017,0.000224033923587,0.00115594523959,0.00333143095486,-0.00297106592916,-0.0073434850201,0.0253943838179,-0.00796016026288,0.000611340801697,-0.00398009829223],[0.0000216440112126,-0.000560188200325,-0.000809852732345,0.000623227213509,-0.0000470950217277,0.00315941940062,-0.00362161151133,-0.000138547155075,0.00146368099377,-0.00796016026288,0.0268857739866,-0.00691619049758,-0.00357002113014],[0.000313637719955,0.000396809831727,0.000343192543369,0.000143101045978,-0.000303356879158,-0.00324027845636,0.00184737006202,0.00248583569191,-0.000749412574805,0.000611340801697,-0.00691619049758,0.0239240787923,-0.00489846803248],[-0.000167349600815,-0.000293729855912,-0.00103119574487,0.000436196016381,-0.000610052724369,-0.00154289766215,-0.00258484925143,0.0021857584361,0.00329070608132,-0.00398009829223,-0.00357002113014,-0.00489846803248,0.0240640249103]],"mean":[-671.292419434,159.997039795,18.7227954865,24.5356369019,15.1691074371,11.4314899445,1.29017078876,3.38047099113,3.63549852371,1.46808481216,-3.79856538773,0.596795082092,-2.3392701149]},"pitch_salience":{"dmean":0.0972786173224,"dmean2":0.162605389953,"dvar":0.00767967570573,"dvar2":0.0215501282364,"max":0.86302113533,"mean":0.586471498013,"median":0.605041265488,"min":0.0167508218437,"var":0.0164945758879},"silence_rate_20dB":{"dmean":0,"dmean2":0,"dvar":0,"dvar2":0,"max":1,"mean":1,"median":1,"min":1,"var":0},"silence_rate_30dB":{"dmean":0.051795322448,"dmean2":0.103603601456,"dvar":0.049113381654,"dvar2":0.11339301616,"max":1,"mean":0.954590916634,"median":1,"min":0,"var":0.0433484874666},"silence_rate_60dB":{"dmean":0.00350306509063,"dmean2":0.00688188197091,"dvar":0.00349000445567,"dvar2":0.00833450816572,"max":1,"mean":0.00738053536043,"median":0,"min":0,"var":0.0073250872083},"spectral_centroid":{"dmean":175.857849121,"dmean2":287.184844971,"dvar":55867.7890625,"dvar2":124337.601562,"max":10968.6201172,"mean":670.479492188,"median":587.385131836,"min":72.3499526978,"var":124144.46875},"spectral_complexity":{"dmean":3.86488175392,"dmean2":5.77339839935,"dvar":21.0705375671,"dvar2":40.08020401,"max":59,"mean":15.829372406,"median":14,"min":0,"var":73.131401062},"spectral_contrast_coeffs":{"dmean":[0.0560507848859,0.0466929972172,0.0387294180691,0.0255800373852,0.0191842596978,0.0215063691139],"dmean2":[0.0924878418446,0.0773801580071,0.0656656622887,0.0429132096469,0.0314504168928,0.0347360707819],"dvar":[0.00195226515643,0.00141222204547,0.000971486966591,0.00038450199645,0.000248730357271,0.000440916628577],"dvar2":[0.00549949752167,0.00387345999479,0.00277449958958,0.00107719539665,0.0006505997153,0.00109559146222],"max":[-0.360729813576,-0.555339992046,-0.537736535072,-0.601179361343,-0.659410119057,-0.658348083496],"mean":[-0.623800158501,-0.772934675217,-0.800102591515,-0.82362806797,-0.812243938446,-0.787276446819],"median":[-0.62533223629,-0.775063574314,-0.80878841877,-0.826546311378,-0.813705205917,-0.786493420601],"min":[-0.969007670879,-0.975717008114,-0.943192780018,-0.957183301449,-0.960002779961,-0.960912704468],"var":[0.00610785372555,0.00279612024315,0.0028199555818,0.00108323595487,0.00124031014275,0.000943251885474]},"spectral_contrast_valleys":{"dmean":[0.454679280519,0.439360022545,0.383299916983,0.326873540878,0.332823067904,0.49486887455],"dmean2":[0.730305075645,0.700614154339,0.612125515938,0.499155044556,0.474502086639,0.660065054893],"dvar":[0.187350079417,0.256994187832,0.216123744845,0.184244304895,0.217602923512,0.300345718861],"dvar2":[0.388865470886,0.524033427238,0.423468381166,0.354767620564,0.397102624178,0.522857189178],"max":[-4.78026294708,-4.03094530106,-4.84668445587,-5.64191198349,-5.62855386734,-7.79631948471],"mean":[-6.62340545654,-6.39749193192,-7.19181108475,-7.62444257736,-8.12031745911,-10.811873436],"median":[-6.50118160248,-6.35729312897,-7.14254331589,-7.49083471298,-7.98401737213,-10.5215387344],"min":[-26.6334133148,-27.3911933899,-27.7522735596,-27.3686141968,-27.1930732727,-27.2290058136],"var":[0.636663675308,0.61829161644,0.54906052351,0.82942545414,1.34913885593,2.42343616486]},"spectral_decrease":{"dmean":5.0240895888e-9,"dmean2":8.15765943685e-9,"dvar":4.26192171298e-17,"dvar2":1.0174545204e-16,"max":3.49173265589e-29,"mean":-1.07316218134e-8,"median":-8.4364870645e-9,"min":-6.70470612363e-8,"var":7.3169326492e-17},"spectral_energy":{"dmean":0.019417591393,"dmean2":0.0314472578466,"dvar":0.000640635960735,"dvar2":0.00151827582158,"max":0.260692209005,"mean":0.0417264923453,"median":0.0327212698758,"min":1.10345748312e-20,"var":0.00110874208622},"spectral_energyband_high":{"dmean":0.000343782041455,"dmean2":0.000525124836713,"dvar":8.38791606839e-7,"dvar2":0.00000202532032745,"max":0.0177961457521,"mean":0.00041288297507,"median":0.000128651416162,"min":8.11016582499e-21,"var":8.38777509671e-7},"spectral_energyband_low":{"dmean":0.0150622753426,"dmean2":0.025000533089,"dvar":0.000437730603153,"dvar2":0.00113600993063,"max":0.220146402717,"mean":0.0250135492533,"median":0.0173184480518,"min":5.33655630249e-23,"var":0.000631384609733},"spectral_energyband_middle_high":{"dmean":0.00144215952605,"dmean2":0.00239807716571,"dvar":0.00000686301700625,"dvar2":0.0000175700952241,"max":0.0329058505595,"mean":0.00273076910526,"median":0.0014804401435,"min":1.53487522796e-21,"var":0.0000100311444839},"spectral_energyband_middle_low":{"dmean":0.00760260410607,"dmean2":0.0122343059629,"dvar":0.000133246343466,"dvar2":0.000309161259793,"max":0.119368344545,"mean":0.014668058604,"median":0.0104395728558,"min":3.54098481016e-22,"var":0.000199241228984},"spectral_entropy":{"dmean":0.232745334506,"dmean2":0.358970224857,"dvar":0.0573813691735,"dvar2":0.139184221625,"max":9.80064868927,"mean":7.23634719849,"median":7.29906702042,"min":4.02930641174,"var":0.322578251362},"spectral_flux":{"dmean":0.036540299654,"dmean2":0.0558561198413,"dvar":0.00160042685457,"dvar2":0.00334358378313,"max":0.407505184412,"mean":0.111422933638,"median":0.101193487644,"min":1.05045583343e-10,"var":0.00372633687221},"spectral_kurtosis":{"dmean":5.82367658615,"dmean2":9.49597549438,"dvar":337.052825928,"dvar2":760.729675293,"max":550.356567383,"mean":13.3004045486,"median":6.02877378464,"min":-1.16659796238,"var":989.029602051},"spectral_rms":{"dmean":0.00137545715552,"dmean2":0.0022018449381,"dvar":0.00000206601407626,"dvar2":0.00000472050260214,"max":0.0159478485584,"mean":0.00595837831497,"median":0.00565006118268,"min":3.28107289602e-12,"var":0.00000520625053468},"spectral_rolloff":{"dmean":203.019470215,"dmean2":353.448181152,"dvar":159441.125,"dvar2":357981.3125,"max":18733.8867188,"mean":439.609680176,"median":344.53125,"min":21.533203125,"var":179899.0625},"spectral_skewness":{"dmean":0.429716676474,"dmean2":0.688547134399,"dvar":0.562800168991,"dvar2":1.35062098503,"max":19.0792675018,"mean":2.37444734573,"median":1.99388563633,"min":-0.0207229889929,"var":2.44631958008},"spectral_spread":{"dmean":770443.4375,"dmean2":1157261.75,"dvar":998743474176,"dvar2":2044330901500,"max":39328280,"mean":4149038,"median":4089110.25,"min":145222.328125,"var":3325720526850},"spectral_strongpeak":{"dmean":0.245159223676,"dmean2":0.418426334858,"dvar":0.0786921679974,"dvar2":0.185250729322,"max":8.59053325653,"mean":0.388882249594,"median":0.338414430618,"min":0,"var":0.124896161258},"zerocrossingrate":{"dmean":0.0072731487453,"dmean2":0.00945635605603,"dvar":0.0000707750732545,"dvar2":0.0000958906020969,"max":0.48779296875,"mean":0.0298553388566,"median":0.02685546875,"min":0.00048828125,"var":0.000341142353136}},"metadata":{"audio_properties":{"analysis_sample_rate":44100,"bit_rate":0,"codec":"flac","downmix":"mix","equal_loudness":0,"length":185.593017578,"lossless":true,"md5_encoded":"b208a55d314ea150dd4acab3ecca9bf2","replay_gain":-12.7227935791},"tags":{"album":["Ghosts I–IV"],"albumartist":["Nine Inch Nails"],"albumartistsort":["Nine Inch Nails"],"arranger":["Atticus Ross"],"artist":["Nine Inch Nails"],"artistsort":["Nine Inch Nails"],"date":["2008-03-02"],"discnumber":["1"],"disctotal":["1"],"engineer":["Alan Moulder"],"file_name":"14 - 14 Ghosts II.flac","license":["http://creativecommons.org/licenses/by-nc-sa/3.0/us/"],"mixer":["Alan Moulder"],"musicbrainz_albumartistid":["b7ffd2af-418f-4be2-bdd1-22f8b48613da"],"musicbrainz_albumid":["3af7ec8c-3bf4-4e6d-9bb3-1885d22b2b6a"],"musicbrainz_artistid":["b7ffd2af-418f-4be2-bdd1-22f8b48613da"],"musicbrainz_recordingid":["0339f547-4660-4ef7-a9a9-c61205b43c2f"],"musicbrainz_releasegroupid":["550bf4b9-92ca-30ba-9ea2-8b45f9d081f1"],"performer":["Trent Reznor"],"producer":["Alan Moulder","Atticus Ross","Trent Reznor"],"releasecountry":["XW"],"releasetype":["album"],"replaygain_album_gain":["-7.94 dB"],"replaygain_album_peak":["1.00000000"],"replaygain_reference_loudness":["89.0 dB"],"replaygain_track_gain":["-7.06 dB"],"replaygain_track_peak":["1.00000000"],"title":["14 Ghosts II"],"totaldiscs":["1"],"totaltracks":["36"],"tracknumber":["14"],"tracktotal":["36"]},"version":{"essentia":"2.1-beta1","essentia_build_sha":"de1f7ffc9d3406fe9025cc52cfcd6ebfe2259f32","essentia_git_sha":"v2.1_beta1-5-gf9dded9","extractor":"music 1.0"}},"rhythm":{"beats_count":512,"beats_loudness":{"dmean":0.0284023862332,"dmean2":0.0515763871372,"dvar":0.000813739548903,"dvar2":0.00249838363379,"max":0.211217597127,"mean":0.0742855966091,"median":0.0649622157216,"min":0.00637456867844,"var":0.00159635511227},"beats_loudness_band_ratio":{"dmean":[0.212451040745,0.155454367399,0.077062562108,0.0275005623698,0.01370153948