{"lowlevel":{"average_loudness":0.807888150215,"barkbands":{"dmean":[0.00142285530455,0.00394252920523,0.00289217056707,0.00124412484001,0.00199751299806,0.00173616758548,0.00181963329669,0.000770134967752,0.00111939001363,0.000852192111779,0.000410662178183,0.00030697643524,0.000324169639498,0.000109337037429,0.0000782619317761,0.0000541592453374,0.0000447227794211,0.0000400888457079,0.0000441642368969,0.0000259552634816,0.0000168703991221,0.0000139038538691,0.00000894126787898,0.00000393485879613,0.00000174450292434,0.00000842841654958,0.0000615873359493],"dmean2":[0.00227305921726,0.00662276847288,0.00488829892129,0.00208160933107,0.00320529122837,0.0026926624123,0.00254103797488,0.00119827489834,0.00174690259155,0.00137978908606,0.000653420691378,0.000491316488478,0.000506842450704,0.000172573709278,0.000121402168588,0.0000843955567689,0.0000666069463477,0.0000613226657151,0.0000661381855025,0.0000371902206098,0.0000248004544119,0.000020712692276,0.0000138972482091,0.00000613948986938,0.0000029097514016,0.0000128488482005,0.0000854194222484],"dvar":[0.00000640504003968,0.0000345707594533,0.0000236618798226,0.00000539393613508,0.0000148710441863,0.0000115077364171,0.0000202209157578,0.00000517923490406,0.0000113958803922,0.00000749726677896,0.00000114688725716,6.43509963538e-7,7.66088589899e-7,8.43870822109e-8,3.29336131699e-8,2.30252119593e-8,2.87637895724e-8,4.12862242172e-8,7.88733558466e-8,1.78827352926e-8,1.22731502739e-9,1.02577657479e-9,4.74261019345e-10,4.71765126964e-11,1.03858952688e-11,3.24601123758e-10,1.53895012289e-8],"dvar2":[0.0000146676629811,0.0000907119829208,0.0000632770097582,0.0000157382983161,0.000034491687984,0.0000261781970039,0.0000366257008864,0.0000123579466162,0.0000265363014478,0.0000202073097171,0.00000273050545729,0.00000159089051976,0.00000174346996573,1.9497554149e-7,7.59223297564e-8,5.59141390966e-8,5.71012108708e-8,8.95421337077e-8,1.61259009701e-7,3.09588585878e-8,2.48365128463e-9,2.36897990114e-9,1.16678200435e-9,1.05848912968e-10,2.62608320506e-11,7.44881045733e-10,2.82816543518e-8],"max":[0.0549656376243,0.0803144574165,0.099539399147,0.0583597943187,0.0827170535922,0.0938387960196,0.101644292474,0.0742887407541,0.137404054403,0.0766075104475,0.0329643301666,0.0335809849203,0.0392550192773,0.0125669259578,0.00562614062801,0.00680404948071,0.00863100681454,0.00754021666944,0.0136510655284,0.00776708545163,0.00136067951098,0.000646504340693,0.00042648089584,0.0000896647397894,0.000068109438871,0.000477095745737,0.0030813163612],"mean":[0.00199554068968,0.00569021003321,0.00363702396862,0.00175250112079,0.00319485622458,0.00273614702746,0.00313992425799,0.00112983188592,0.00166986614931,0.00126578658819,0.000618010177277,0.000488126766868,0.000512826140039,0.000168814935023,0.000126123573864,0.0000784446601756,0.0000619650018052,0.0000536165935046,0.0000642656013952,0.0000367247703252,0.0000224717969104,0.0000155985235324,0.00000877823367773,0.00000408610003433,0.00000174280285137,0.00000868128063303,0.000110495813715],"median":[0.000602621585131,0.00331999687478,0.00180235970765,0.000834265258163,0.00146429473534,0.00106784200761,0.000739649694879,0.000273510988336,0.000379447563319,0.000280744832708,0.000165086748893,0.000154218112584,0.000125362057588,0.000059729685745,0.0000465401863039,0.0000293453813356,0.0000175317618414,0.0000140610636663,0.0000117412419058,0.00000955376162892,0.00000857756003825,0.00000451604773843,0.00000230094951803,0.00000130326520775,6.23053324489e-7,0.00000245156547862,0.0000478414076497],"min":[2.59637805513e-23,1.16877852599e-23,2.88902359952e-24,1.17317926543e-23,4.98323654709e-23,6.34003091905e-23,6.47005728434e-23,5.58744688696e-23,5.48636161948e-23,7.17282569689e-23,6.16906582823e-23,1.16171796845e-22,7.28150737935e-23,8.23980929613e-23,9.47149443059e-23,1.63038035846e-22,1.14068277153e-22,1.76216014066e-22,2.20323145786e-22,3.61020085438e-22,3.43001391647e-22,3.84504032824e-22,7.38545059523e-22,8.87226836636e-22,1.09317481627e-21,1.53276446337e-21,2.26891340523e-21],"var":[0.0000131920442072,0.0000475823617307,0.0000277770759567,0.00000841890596348,0.000030524792237,0.0000229649413086,0.0000567313072679,0.00000925468611968,0.0000221362279262,0.000013749975551,0.00000243629369834,0.00000154145095621,0.00000168360168118,1.39777426966e-7,6.89335664106e-8,3.04037968135e-8,5.19563982948e-8,6.22227105396e-8,1.6743621245e-7,3.9220122261e-8,2.13126960524e-9,1.14213394298e-9,4.27491209098e-10,5.45183412304e-11,1.06038788861e-11,3.34630018139e-10,3.60799923271e-8]},"barkbands_crest":{"dmean":2.85507893562,"dmean2":4.73718357086,"dvar":5.86356496811,"dvar2":15.4644899368,"max":24.6781654358,"mean":10.403345108,"median":9.72137641907,"min":2.93297314644,"var":14.6221323013},"barkbands_flatness_db":{"dmean":0.0309565830976,"dmean2":0.0478208661079,"dvar":0.000681152974721,"dvar2":0.00163549592253,"max":0.490963637829,"mean":0.17815990746,"median":0.17427995801,"min":0.0344893522561,"var":0.0023978848476},"barkbands_kurtosis":{"dmean":6.47334718704,"dmean2":10.6172161102,"dvar":132.612716675,"dvar2":345.230285645,"max":377.535522461,"mean":12.3520450592,"median":7.85102653503,"min":-1.88781201839,"var":284.173736572},"barkbands_skewness":{"dmean":0.733801543713,"dmean2":1.16179156303,"dvar":0.521891236305,"dvar2":1.27824723721,"max":13.151684761,"mean":2.21957445145,"median":2.04831528664,"min":-1.9307281971,"var":2.34306931496},"barkbands_spread":{"dmean":4.00741052628,"dmean2":6.26347112656,"dvar":30.4028549194,"dvar2":71.4839019775,"max":134.566619873,"mean":12.9011955261,"median":10.0179815292,"min":0.264312416315,"var":169.613067627},"dissonance":{"dmean":0.0305574517697,"dmean2":0.051200479269,"dvar":0.000799164059572,"dvar2":0.00219309725799,"max":0.500000059605,"mean":0.4450981915,"median":0.45468339324,"min":0.226409137249,"var":0.00164454965852},"dynamic_complexity":3.56065154076,"erbbands":{"dmean":[0.147967144847,0.849316716194,3.09748125076,3.57301521301,4.52393102646,7.21042013168,14.7478246689,13.0247306824,23.2128925323,23.5226821899,18.3183937073,25.8081111908,23.5316333771,22.0625782013,14.0464572906,11.8794145584,15.3736505508,6.13098621368,5.06923818588,3.41445827484,2.41629648209,2.38324713707,2.12724876404,2.26236510277,2.00592899323,1.18580567837,0.775399208069,0.63446855545,0.497465223074,0.392783463001,0.228439167142,0.126080870628,0.0436839982867,0.0197608266026,0.0124277556315,0.00952128320932,0.0199162662029,0.0156798865646,0.00545373931527,0.00206902530044],"dmean2":[0.250986546278,1.4338747263,5.22081756592,5.91986036301,7.48487234116,11.5251760483,23.4100589752,19.7393665314,31.635351181,35.3086090088,28.818857193,39.9179039001,37.7556381226,35.3613395691,21.9949626923,18.7932701111,24.0230846405,9.63405609131,7.77964115143,5.28563976288,3.67186570168,3.52392363548,3.20416760445,3.36288785934,3.00479841232,1.68309664726,1.13908183575,0.93325060606,0.736012220383,0.609494745731,0.354639559984,0.193900913,0.0697101205587,0.0328736230731,0.0206682309508,0.0152338519692,0.0301569513977,0.0232756603509,0.00765834609047,0.00283271004446],"dvar":[0.0579118281603,1.67957174778,27.1049251556,34.6570701599,58.2444496155,259.496765137,1044.55480957,664.754089355,4719.29833984,3424.4128418,3797.20117188,6202.7421875,6188.04443359,4705.109375,1258.86010742,945.853210449,1701.0057373,253.052505493,167.779922485,82.3481063843,33.890827179,91.9917755127,96.6235198975,189.241455078,173.985641479,37.1445846558,4.59817743301,1.54054689407,1.15842592716,1.24422025681,0.263980537653,0.0584629066288,0.00501393154263,0.00132144230884,0.000518522108905,0.000226098665735,0.00173124298453,0.00165023712907,0.000186262870557,0.0000113418773253],"dvar2":[0.155820935965,4.43340873718,72.1549835205,95.4800415039,150.404602051,603.263000488,2476.42260742,1380.37255859,7538.06787109,7368.91357422,9503.80761719,13862.8212891,15734.8564453,13078.3544922,2952.16674805,2377.85888672,3935.59082031,565.478759766,380.399017334,199.634460449,75.7180480957,182.508834839,190.101043701,391.121032715,359.707305908,57.3783531189,8.09056282043,3.282507658,2.59849786758,3.12007284164,0.628699123859,0.129390642047,0.0118539715186,0.00334326853044,0.00130927585997,0.000536430277862,0.00380406761542,0.00390827795491,0.000331576855388,0.000020550995032],"max":[3.33841443062,19.7626247406,94.4636917114,100.799995422,191.529556274,364.879425049,629.656921387,969.911254883,1807.1348877,1819.51037598,1888.12060547,3121.94580078,2711.17211914,2769.57592773,1094.984375,959.301269531,1688.98132324,766.745300293,505.343688965,424.642669678,166.142562866,487.840454102,338.715545654,618.068115234,650.014221191,377.390167236,116.137382507,35.2531394958,17.5931816101,23.3731555939,9.08577823639,3.04821825027,1.13198232651,0.769480884075,0.480192095041,0.266699910164,0.662929594517,1.09708416462,0.603981256485,0.0733833089471],"mean":[0.199507877231,1.15781188011,3.98013281822,5.34922027588,6.84776258469,10.6317815781,21.6056079865,21.499753952,39.6226463318,39.9385070801,28.5203704834,38.7198524475,37.2832717896,35.2475013733,23.9699764252,19.8891105652,24.5186672211,10.8798036575,8.35955810547,5.49352741241,3.82649683952,3.42008066177,2.97376418114,3.21657347679,2.8855946064,1.71373236179,1.07537734509,0.832129001617,0.577957391739,0.390730023384,0.228097185493,0.128685876727,0.0457310043275,0.0199259966612,0.0126350643113,0.0104684643447,0.0202251970768,0.0169250555336,0.00837670546025,0.00545809837058],"median":[0.09575650841,0.624242901802,2.02321410179,2.83780741692,3.70047497749,4.11276054382,7.44881486893,8.21589183807,9.62666034698,8.94972896576,7.40585136414,8.93407249451,8.79112243652,9.48652076721,7.873026371,7.0249915123,6.64203214645,3.98484230042,3.04330587387,2.27244019508,1.46845602989,1.03758251667,0.843379318714,0.686985254288,0.524025022984,0.423244416714,0.39132514596,0.310957938433,0.172659814358,0.100678063929,0.0611997619271,0.036269556731,0.0169766638428,0.00740902358666,0.00467526959255,0.00444804318249,0.00512967677787,0.00447106780484,0.00327789108269,0.00378550658934],"min":[6.45548885357e-22,1.00150710911e-21,3.89273175362e-21,2.67182375158e-20,9.70615540227e-20,1.49961589502e-19,2.71505337362e-19,4.29368492118e-19,7.67093592472e-19,1.28683609015e-18,1.51276486144e-18,1.19630510122e-18,1.06243005498e-18,2.3697171518e-18,3.94948136811e-18,3.67348718006e-18,3.58811014673e-18,4.1003309877e-18,4.88022003028e-18,8.37184948472e-18,5.9981691038e-18,6.99947992069e-18,9.53868038295e-18,1.33421709904e-17,1.18978309228e-17,1.71100192124e-17,1.55862516081e-17,1.24096356919e-17,1.27005145815e-17,1.88405373022e-17,2.06038878448e-17,1.75850524946e-17,1.46921322316e-17,1.03836081555e-17,8.70699990786e-18,4.99940310806e-18,3.21774023425e-18,1.32329800476e-18,3.14518470721e-19,3.20701833208e-20],"var":[0.0700916647911,2.29190659523,32.1427993774,57.7441139221,98.789604187,508.873199463,1841.91247559,1596.74731445,13415.5712891,9053.41992188,7008.55029297,11635.0449219,12749.8486328,8996.1171875,2971.11035156,1860.84191895,3555.08520508,553.797729492,329.458892822,117.756362915,62.1588554382,164.814346313,167.348114014,356.765869141,362.498291016,89.1576309204,9.92374992371,2.31200933456,1.39525365829,1.07612884045,0.254979997873,0.0652918666601,0.00579503411427,0.00135295570362,0.000534383463673,0.000269844109425,0.00188134680502,0.0016428794479,0.000396615127102,0.0000347363748006]},"erbbands_crest":{"dmean":3.0023291111,"dmean2":4.79679822922,"dvar":8.23019599915,"dvar2":18.9166469574,"max":32.8171768188,"mean":10.2674217224,"median":8.87927818298,"min":2.1087770462,"var":26.7011165619},"erbbands_flatness_db":{"dmean":0.0291997939348,"dmean2":0.0428171344101,"dvar":0.000601395848207,"dvar2":0.00125118950382,"max":0.36629024148,"mean":0.167707040906,"median":0.165149986744,"min":0.0357294231653,"var":0.00272595928982},"erbbands_kurtosis":{"dmean":1.81246864796,"dmean2":2.80994868279,"dvar":9.31705570221,"dvar2":18.5463256836,"max":99.5141677856,"mean":2.41275525093,"median":1.10681200027,"min":-1.73253238201,"var":23.2311706543},"erbbands_skewness":{"dmean":0.455327242613,"dmean2":0.687490940094,"dvar":0.182104825974,"dvar2":0.373090922832,"max":7.96163034439,"mean":0.639174163342,"median":0.627502143383,"min":-4.61238098145,"var":0.922330975533},"erbbands_spread":{"dmean":6.61438989639,"dmean2":10.1757049561,"dvar":53.3912658691,"dvar2":121.908569336,"max":113.314941406,"mean":23.7616615295,"median":21.2655582428,"min":1.49351894855,"var":182.201950073},"gfcc":{"cov":[[15243.5771484,1782.05505371,-915.898864746,-674.666931152,-196.355880737,-484.935028076,96.3119277954,-262.316131592,76.4556121826,-124.298683167,61.3037757874,60.281993866,-0.541183948517],[1782.05505371,1050.51403809,-67.0422363281,-343.573760986,25.9504852295,-135.333496094,61.8769187927,-116.230560303,-2.85156416893,-15.0341205597,56.4451599121,-71.8126678467,95.3369293213],[-915.898864746,-67.0422363281,492.599456787,196.256637573,-104.514625549,118.723609924,-28.4222888947,69.4841461182,-5.74254608154,22.4136543274,-35.4743881226,18.5208969116,-4.21336460114],[-674.666931152,-343.573760986,196.256637573,384.512573242,90.6451950073,28.5199756622,37.5836296082,22.3448181152,9.84587478638,2.24152731895,-25.2355976105,36.8614425659,-46.4512748718],[-196.355880737,25.9504852295,-104.514625549,90.6451950073,262.717346191,7.00952100754,56.8421974182,-56.0909843445,-5.94489622116,-33.0950164795,18.0903644562,-9.34233188629,9.08379077911],[-484.935028076,-135.333496094,118.723609924,28.5199756622,7.00952100754,217.485931396,-26.4333305359,32.7489547729,-44.9911804199,-3.19730257988,-13.6676225662,19.1235198975,1.05096828938],[96.3119277954,61.8769187927,-28.4222888947,37.5836296082,56.8421974182,-26.4333305359,169.497283936,-14.4507799149,43.9743919373,-19.7842597961,-7.91478586197,11.6591787338,-22.1296730042],[-262.316131592,-116.230560303,69.4841461182,22.3448181152,-56.0909843445,32.7489547729,-14.4507799149,153.641235352,37.4653129578,31.4490356445,-4.65791654587,-21.8249588013,-0.260057836771],[76.4556121826,-2.85156416893,-5.74254608154,9.84587478638,-5.94489622116,-44.9911804199,43.9743919373,37.4653129578,131.738571167,38.1129188538,-4.55570316315,9.91651630402,-31.1625919342],[-124.298683167,-15.0341205597,22.4136543274,2.24152731895,-33.0950164795,-3.19730257988,-19.7842597961,31.4490356445,38.1129188538,88.7398223877,39.6935920715,-3.91650366783,-0.00102725531906],[61.3037757874,56.4451599121,-35.4743881226,-25.2355976105,18.0903644562,-13.6676225662,-7.91478586197,-4.65791654587,-4.55570316315,39.6935920715,73.1025772095,17.5140571594,15.2135791779],[60.281993866,-71.8126678467,18.5208969116,36.8614425659,-9.34233188629,19.1235198975,11.6591787338,-21.8249588013,9.91651630402,-3.91650366783,17.5140571594,82.3641738892,10.6510820389],[-0.541183948517,95.3369293213,-4.21336460114,-46.4512748718,9.08379077911,1.05096828938,-22.1296730042,-0.260057836771,-31.1625919342,-0.00102725531906,15.2135791779,10.6510820389,87.6671447754]],"icov":[[0.000138188464916,-0.000536816311069,0.000619166705292,-0.000519221124705,0.000420413125539,-0.000144254881889,0.000246016512392,-0.000275928410701,0.0000829659256851,0.0000445941368525,0.000347061286448,-0.000636892335024,0.000405370694352],[-0.000536816311069,0.00524966139346,-0.00480640074238,0.00533315353096,-0.00251794909127,0.00202824012376,-0.00263209547848,0.003680850612,-0.0018441521097,0.00165008904878,-0.0047606350854,0.00609905039892,-0.00410470506176],[0.000619166705292,-0.00480640074238,0.00935162976384,-0.0090121505782,0.00693075265735,-0.00516134919599,0.00236711138859,-0.00178509647958,-0.00116446462926,0.00111521233339,0.00175503187347,-0.00176042120438,0.000336363940733],[-0.000519221124705,0.00533315353096,-0.0090121505782,0.0143021950498,-0.0103748003021,0.00688390014693,-0.00299901654944,-0.000803127884865,0.00508201960474,-0.00625850306824,0.00442266417667,-0.00416107336059,0.00311959232204],[0.000420413125539,-0.00251794909127,0.00693075265735,-0.0103748003021,0.014360005036,-0.00721204467118,-0.0000157594040502,0.00476818718016,-0.00797763466835,0.0106578506529,-0.0105745270848,0.00964064523578,-0.00598641578108],[-0.000144254881889,0.00202824012376,-0.00516134919599,0.00688390014693,-0.00721204467118,0.0107308654115,-0.000667296350002,-0.00373632251285,0.00767889525741,-0.0065701296553,0.00689817639068,-0.00748193729669,0.00407340237871],[0.000246016512392,-0.00263209547848,0.00236711138859,-0.00299901654944,-0.0000157594040502,-0.000667296350002,0.00907309912145,-0.00152438273653,-0.00219501229003,0.00190199527424,0.00176826899406,-0.0036140976008,0.00303601962514],[-0.000275928410701,0.003680850612,-0.00178509647958,-0.000803127884865,0.00476818718016,-0.00373632251285,-0.00152438273653,0.0150218354538,-0.010001629591,0.00637873914093,-0.0106124728918,0.0146791813895,-0.00880235712975],[0.0000829659256851,-0.0018441521097,-0.00116446462926,0.00508201960474,-0.00797763466835,0.00767889525741,-0.00219501229003,-0.010001629591,0.0231139939278,-0.0186245143414,0.018412835896,-0.0178418159485,0.0119819575921],[0.0000445941368525,0.00165008904878,0.00111521233339,-0.00625850306824,0.0106578506529,-0.0065701296553,0.00190199527424,0.00637873914093,-0.0186245143414,0.0353112965822,-0.0292064249516,0.019472129643,-0.00950051564723],[0.000347061286448,-0.0047606350854,0.00175503187347,0.00442266417667,-0.0105745270848,0.00689817639068,0.00176826899406,-0.0106124728918,0.018412835896,-0.0292064249516,0.0440167374909,-0.0270597655326,0.0112287094817],[-0.000636892335024,0.00609905039892,-0.00176042120438,-0.00416107336059,0.00964064523578,-0.00748193729669,-0.0036140976008,0.0146791813895,-0.0178418159485,0.019472129643,-0.0270597655326,0.0384443104267,-0.0170207489282],[0.000405370694352,-0.00410470506176,0.000336363940733,0.00311959232204,-0.00598641578108,0.00407340237871,0.00303601962514,-0.00880235712975,0.0119819575921,-0.00950051564723,0.0112287094817,-0.0170207489282,0.023232312873]],"mean":[-53.6916770935,120.814178467,-71.4890823364,-9.01567173004,-25.3525295258,-11.5915327072,-1.26573896408,-16.4614982605,-5.30487346649,-5.25480604172,-5.64328956604,-2.83837795258,-7.03124570847]},"hfc":{"dmean":31.5167884827,"dmean2":46.8778648376,"dvar":1612.31896973,"dvar2":3520.92382812,"max":601.026428223,"mean":88.3837432861,"median":71.3536682129,"min":1.14744760803e-16,"var":5279.84130859},"melbands":{"dmean":[0.00118511274923,0.00140146911144,0.000613483134657,0.000387475214666,0.000472740357509,0.000317525991704,0.000343890947988,0.000228164368309,0.00016459665494,0.000159297298524,0.000120984084788,0.000095873081591,0.0000546400042367,0.0000342565472238,0.0000347891218553,0.0000286971971946,0.000010405442481,0.00000896279289009,0.00000547784202354,0.00000437553399024,0.00000279700520878,0.00000267529276243,0.00000219257663048,0.00000186503223176,0.00000191788490156,0.00000175538184521,0.00000116571300168,7.24979372535e-7,5.23595133473e-7,4.11354875496e-7,3.63639998113e-7,2.8741479241e-7,2.58079978721e-7,2.0544602819e-7,1.35921524702e-7,1.06614642448e-7,6.69159874178e-8,3.50601609966e-8,1.82180066588e-8,1.59814561584e-8],"dmean2":[0.00198259437457,0.00234220246784,0.00101208919659,0.000629638147075,0.000747483572923,0.000475898879813,0.00047474380699,0.000344338855939,0.000261005188804,0.00024816635414,0.00019478930335,0.000154448716785,0.0000860297222971,0.0000546065166418,0.0000547913405171,0.000045049651817,0.0000166554436873,0.00001384971074,0.00000852968241816,0.00000688083855493,0.00000429577812611,0.00000398516704081,0.00000331698879563,0.00000286921658699,0.00000289619788418,0.00000264968070951,0.00000171363706158,0.00000104948651369,7.77408615704e-7,6.16914235252e-7,5.43991859558e-7,4.29822335946e-7,3.93512038954e-7,3.26101570636e-7,2.13656235815e-7,1.63766941341e-7,1.03776336857e-7,5.59753239315e-8,3.03831839688e-8,2.66792259396e-8],"dvar":[0.00000332662762048,0.00000494352025271,9.55928385338e-7,5.05573268583e-7,0.00000102620845155,3.83561825856e-7,8.78161131368e-7,3.13209000069e-7,3.02493702975e-7,2.27445639212e-7,1.66204429775e-7,9.30542682909e-8,2.03567562806e-8,9.12647735163e-9,8.16416712013e-9,5.95293458971e-9,7.91744947382e-10,6.08265882107e-10,1.58921084625e-10,1.83989101732e-10,5.09573390428e-11,1.09574863072e-10,1.06464677352e-10,8.36617511379e-11,1.43353454107e-10,1.41745309934e-10,5.16004322604e-11,1.25091412922e-11,2.79351129902e-12,6.30791588668e-13,5.59845301628e-13,3.67485067983e-13,4.8855548513e-13,3.76155351442e-13,1.003842666e-13,4.84790328812e-14,1.60843069413e-14,3.47949212743e-15,1.12996693911e-15,8.79296273397e-16],"dvar2":[0.00000874363558978,0.0000130294465635,0.00000263303718384,0.00000121893481264,0.00000240469853452,7.72690214035e-7,0.0000014673764781,6.74596265071e-7,7.60734280902e-7,5.19936179444e-7,4.2394131583e-7,2.60397087004e-7,4.70584495815e-8,2.2001115596e-8,1.91218170187e-8,1.36635787129e-8,1.81107695507e-9,1.37826405844e-9,3.6633016065e-10,4.55015886081e-10,1.17352794149e-10,2.28212684861e-10,2.09350245473e-10,1.82680481853e-10,3.01903085864e-10,3.24952703634e-10,9.59760187991e-11,1.93165518303e-11,5.19874551394e-12,1.33628243019e-12,1.23990065177e-12,8.27645406636e-13,1.1772466682e-12,9.70089785411e-13,2.45464727103e-13,1.09864604935e-13,3.5979303304e-14,8.21728684988e-15,2.86060686925e-15,2.22554074067e-15],"max":[0.0251613371074,0.037185408175,0.0218047630042,0.0142160905525,0.0169281549752,0.0210307314992,0.0242216140032,0.0165602471679,0.0208036713302,0.0165714621544,0.0139463404194,0.0118968915194,0.0051012635231,0.00452384818345,0.00435039447621,0.00225933757611,0.00133451889269,0.00112950056791,0.00039313302841,0.00065621820977,0.00021093407122,0.000586401438341,0.0004112944589,0.000327030487824,0.00056703510927,0.000560885702725,0.000394794449676,0.000230034114793,0.0000948488450376,0.0000225884941756,0.0000226182255574,0.0000115457050924,0.0000206645727303,0.0000136065900733,0.00000580386267757,0.00000343837768924,0.00000160340755428,8.35248215481e-7,7.09467258275e-7,6.2804974732e-7],"mean":[0.00176596210804,0.00193679565564,0.000990742933936,0.000592061260249,0.000714726629667,0.000528125558048,0.000593875476625,0.00038205992314,0.000244620867306,0.000234897554037,0.000185614611837,0.000147680839291,0.000086456318968,0.0000559748477826,0.0000546197588847,0.000045630535169,0.0000167725211213,0.0000137812339744,0.00000872486543813,0.00000623780124442,0.00000412518238591,0.00000366016661246,0.00000293813559438,0.00000245364412876,0.00000263229208031,0.00000236805294662,0.00000163055165103,0.00000101684190668,7.08285256223e-7,5.36779964477e-7,4.58492252164e-7,3.34195675578e-7,2.68743946208e-7,1.95593500507e-7,1.33306670591e-7,1.07018472306e-7,6.74320048688e-8,3.57851632771e-8,1.81015078482e-8,1.58415822682e-8],"median":[0.00101752369665,0.00108783633914,0.000574662350118,0.000291466800263,0.000251742079854,0.000195990214706,0.000149618426803,0.0000845836839289,0.0000563635585422,0.0000541457229701,0.0000404010024795,0.0000369693225366,0.0000255802242464,0.0000176251669473,0.0000166267636814,0.0000116462188089,0.00000590621584706,0.00000452971789855,0.00000329785325448,0.00000241371276388,0.00000138601239996,0.00000104267883216,7.84398707765e-7,6.3107842152e-7,5.26989651917e-7,3.99629300318e-7,3.23036772443e-7,2.60550223175e-7,2.44490507839e-7,2.10487087315e-7,1.63849151136e-7,1.01112370032e-7,6.89071768534e-8,4.84264184308e-8,3.55768676741e-8,2.84297971831e-8,1.87850730526e-8,1.23919408068e-8,6.46970521601e-9,5.58912383042e-9],"min":[8.07972717258e-24,1.49219893452e-24,5.37064313997e-24,1.18023665175e-23,9.10291132109e-24,1.05847084343e-23,1.25510988573e-23,1.45171027385e-23,1.46006920177e-23,6.85491964303e-24,5.17452916349e-24,9.41753192706e-24,1.06835258845e-23,1.42737927918e-23,4.79693931349e-24,8.6586201261e-24,6.8668132989e-24,7.03204021549e-24,8.35363782267e-24,1.33491137045e-23,5.17666263781e-24,6.41232923215e-24,8.37318974021e-24,8.8983084124e-24,1.07364103307e-23,8.58591081647e-24,7.15982542695e-24,1.2814650186e-23,9.99350688409e-24,8.1159627094e-24,7.39676768844e-24,6.63153080075e-24,8.17393373074e-24,8.97019651784e-24,1.1622932216e-23,1.08441624195e-23,1.082463259e-23,9.62601603139e-24,9.46164581774e-24,8.31834891894e-24],"var":[0.00000445652767667,0.0000063231545937,0.0000017250640667,9.05864226297e-7,0.00000195735901798,9.5939253697e-7,0.00000248867263508,8.21200274004e-7,5.94840912527e-7,4.1418758201e-7,3.40016725886e-7,1.6995926444e-7,4.41686722752e-8,2.4476943139e-8,1.60644759717e-8,1.4025078876e-8,1.51146750671e-9,1.07926967363e-9,3.09086034544e-10,2.17320772489e-10,8.59610785331e-11,1.83790399566e-10,1.80161399688e-10,1.25996810207e-10,2.60442889477e-10,2.4815638433e-10,1.13370722532e-10,2.95753699309e-11,5.63065089346e-12,9.96330296911e-13,7.56611732902e-13,4.44091866145e-13,4.75087905214e-13,2.99659169006e-13,9.20087438313e-14,5.13750520804e-14,1.77923200804e-14,3.87352444296e-15,1.15005898413e-15,8.93546279245e-16]},"melbands_crest":{"dmean":4.02359437943,"dmean2":6.72591209412,"dvar":11.8879384995,"dvar2":32.0855522156,"max":38.0882911682,"mean":15.4157934189,"median":14.5965662003,"min":1.6923494339,"var":30.570482254},"melbands_flatness_db":{"dmean":0.0376064740121,"dmean2":0.0584979578853,"dvar":0.000975296949036,"dvar2":0.00238341768272,"max":0.661419868469,"mean":0.298556804657,"median":0.296580404043,"min":0.00317385024391,"var":0.00396045483649},"melbands_kurtosis":{"dmean":7.95259141922,"dmean2":13.044219017,"dvar":205.166290283,"dvar2":520.448730469,"max":380.906707764,"mean":13.3953256607,"median":6.68693256378,"min":-1.89765703678,"var":487.809173584},"melbands_skewness":{"dmean":0.816976487637,"dmean2":1.30287575722,"dvar":0.686399817467,"dvar2":1.69788169861,"max":15.0988302231,"mean":2.35178589821,"median":2.09682369232,"min":-1.55234694481,"var":2.88798427582},"melbands_spread":{"dmean":3.85572767258,"dmean2":6.04106473923,"dvar":36.3908042908,"dvar2":77.2161331177,"max":228.628112793,"mean":12.5209217072,"median":9.17330169678,"min":0.287793785334,"var":286.861999512},"mfcc":{"cov":[[7516.47070312,1036.61279297,-737.028686523,-35.2942695618,-331.464080811,-12.6480751038,-259.435089111,120.213264465,-172.606338501,34.0936508179,-31.2491416931,23.8628292084,-22.7726459503],[1036.61279297,1270.70812988,-105.249832153,-149.258895874,-83.5683364868,-31.0780067444,30.3416156769,-107.693710327,13.0154619217,-47.6336364746,-0.929150879383,-19.1923236847,20.6998558044],[-737.028686523,-105.249832153,608.376342773,20.264087677,14.9180965424,10.1455984116,-5.24015665054,26.9462947845,43.2752799988,18.9863777161,-2.78239488602,23.1137256622,-9.74044132233],[-35.2942695618,-149.258895874,20.264087677,350.571624756,33.8957214355,49.3594207764,5.07974624634,44.2803001404,2.43783140182,38.7288703918,9.30114173889,7.01592826843,-16.1712627411],[-331.464080811,-83.5683364868,14.9180965424,33.8957214355,192.870513916,43.2137680054,50.6033973694,-8.12727355957,8.41429233551,-22.8972740173,-1.5514074564,-9.17531299591,16.1310005188],[-12.6480751038,-31.0780067444,10.1455984116,49.3594207764,43.2137680054,182.281143188,40.3833770752,49.4303817749,-19.2931995392,-18.1612892151,-30.8943309784,8.96548748016,-10.2040309906],[-259.435089111,30.3416156769,-5.24015665054,5.07974624634,50.6033973694,40.3833770752,143.419845581,4.66439771652,3.59199595451,-28.3197746277,-6.97381162643,-20.8347587585,4.99520921707],[120.213264465,-107.693710327,26.9462947845,44.2803001404,-8.12727355957,49.4303817749,4.66439771652,130.218521118,23.514591217,17.2901039124,-17.6970310211,12.308889389,-11.5713977814],[-172.606338501,13.0154619217,43.2752799988,2.43783140182,8.41429233551,-19.2931995392,3.59199595451,23.514591217,95.8181381226,24.4447879791,14.2848405838,3.3208823204,0.852970957756],[34.0936508179,-47.6336364746,18.9863777161,38.7288703918,-22.8972740173,-18.1612892151,-28.3197746277,17.2901039124,24.4447879791,92.2592544556,43.0395469666,9.78054332733,-10.2706890106],[-31.2491416931,-0.929150879383,-2.78239488602,9.30114173889,-1.5514074564,-30.8943309784,-6.97381162643,-17.6970310211,14.2848405838,43.0395469666,83.2797393799,30.6706161499,6.72519111633],[23.8628292084,-19.1923236847,23.1137256622,7.01592826843,-9.17531299591,8.96548748016,-20.8347587585,12.308889389,3.3208823204,9.78054332733,30.6706161499,72.9312896729,26.7638816833],[-22.7726459503,20.6998558044,-9.74044132233,-16.1712627411,16.1310005188,-10.2040309906,4.99520921707,-11.5713977814,0.852970957756,-10.2706890106,6.72519111633,26.7638816833,62.1863365173]],"icov":[[0.000223773808102,-0.000221708585741,0.00022726340103,-0.0000333232455887,0.000107790729089,0.0000432911983808,0.000394676899305,-0.000517312146258,0.00046779733384,-0.00010214636859,0.00000845346676215,-0.00000805754916655,0.0000131242222778],[-0.000221708585741,0.0011860630475,-0.0000995880836854,0.000258286978351,0.000539393746294,-0.00034686314757,-0.000637801189441,0.00136703974567,-0.00106577842962,0.000499723944813,-0.000120354197861,0.0002333396842,-0.000305909110466],[0.00022726340103,-0.0000995880836854,0.00201796274632,-0.0000140638940138,-0.0000585214947932,0.0000796714884927,0.000282220629742,-0.000344821164617,-0.00035836227471,-0.000471864972496,0.000796517764684,-0.00112808449194,0.000696566421539],[-0.0000333232455887,0.000258286978351,-0.0000140638940138,0.00336493342184,-0.000620024045929,-0.000624469888862,-0.000188676509424,-0.000449628103524,0.00025252616615,-0.00150280399248,0.0000448947794212,-0.000278943189187,0.00062803941546],[0.000107790729089,0.000539393746294,-0.0000585214947932,-0.000620024045929,0.00711640715599,-0.00198149564676,-0.00111090496648,0.00108740443829,-0.00138690054882,0.00200442224741,-0.00179915456101,0.00234857480973,-0.00265615968965],[0.0000432911983808,-0.00034686314757,0.0000796714884927,-0.000624469888862,-0.00198149564676,0.0083988988772,-0.00207395083271,-0.00262502674013,0.00240202131681,-0.000474945292808,0.00353581248783,-0.0040646684356,0.0028072821442],[0.000394676899305,-0.000637801189441,0.000282220629742,-0.000188676509424,-0.00111090496648,-0.00207395083271,0.0101134153083,-0.00206903205253,0.000029199736673,0.00323788076639,-0.00347817526199,0.00475938199088,-0.00203537638299],[-0.000517312146258,0.00136703974567,-0.000344821164617,-0.000449628103524,0.00108740443829,-0.00262502674013,-0.00206903205253,0.0130238616839,-0.00463989842683,-0.00262272520922,0.00490998057649,-0.00381089700386,0.0018010266358],[0.00046779733384,-0.00106577842962,-0.00035836227471,0.00025252616615,-0.00138690054882,0.00240202131681,0.000029199736673,-0.00463989842683,0.014257020317,-0.00318564055488,-0.000852359400596,0.000224926072406,-0.000302529981127],[-0.00010214636859,0.000499723944813,-0.000471864972496,-0.00150280399248,0.00200442224741,-0.000474945292808,0.00323788076639,-0.00262272520922,-0.00318564055488,0.0195869039744,-0.0114988917485,0.004240822047,0.000682605081238],[0.00000845346676215,-0.000120354197861,0.000796517764684,0.0000448947794212,-0.00179915456101,0.00353581248783,-0.00347817526199,0.00490998057649,-0.000852359400596,-0.0114988917485,0.0245800931007,-0.0127666592598,0.00336833694018],[-0.00000805754916655,0.0002333396842,-0.00112808449194,-0.000278943189187,0.00234857480973,-0.0040646684356,0.00475938199088,-0.00381089700386,0.000224926072406,0.004240822047,-0.0127666592598,0.0260968804359,-0.0118510946631],[0.0000131242222778,-0.000305909110466,0.000696566421539,0.00062803941546,-0.00265615968965,0.0028072821442,-0.00203537638299,0.0018010266358,-0.000302529981127,0.000682605081238,0.00336833694018,-0.0118510946631,0.0229611415416]],"mean":[-718.945739746,183.712738037,6.96086835861,22.2585487366,-6.61040687561,15.1342144012,2.41240024567,3.79641962051,-0.196342915297,2.52852034569,-0.215237438679,3.1612803936,-0.915246844292]},"pitch_salience":{"dmean":0.081185631454,"dmean2":0.134353160858,"dvar":0.00475463736802,"dvar2":0.0130038764328,"max":0.821296453476,"mean":0.557262182236,"median":0.569079041481,"min":0.0928997918963,"var":0.0115869231522},"silence_rate_20dB":{"dmean":0,"dmean2":0,"dvar":0,"dvar2":0,"max":1,"mean":1,"median":1,"min":1,"var":0},"silence_rate_30dB":{"dmean":0.0105925193056,"dmean2":0.0211867913604,"dvar":0.0104808527976,"dvar2":0.0260341409594,"max":1,"mean":0.988415420055,"median":1,"min":0,"var":0.0114509388804},"silence_rate_60dB":{"dmean":0.0211850386113,"dmean2":0.0423735827208,"dvar":0.0207325983793,"dvar2":0.0468660220504,"max":1,"mean":0.0494828298688,"median":0,"min":0,"var":0.0470287129283},"spectral_centroid":{"dmean":132.876647949,"dmean2":202.812423706,"dvar":38990.1132812,"dvar2":69051.2109375,"max":11126.4248047,"mean":661.1953125,"median":553.261535645,"min":108.034088135,"var":248494.734375},"spectral_complexity":{"dmean":2.52416419983,"dmean2":3.73003387451,"dvar":6.34426927567,"dvar2":11.7366104126,"max":52,"mean":12.3478689194,"median":12,"min":0,"var":36.1408081055},"spectral_contrast_coeffs":{"dmean":[0.0552564747632,0.0508917123079,0.039763815701,0.0314111225307,0.0226755272597,0.0432531274855],"dmean2":[0.0913596004248,0.0830870047212,0.0650523751974,0.0504979714751,0.0360468290746,0.0663870796561],"dvar":[0.00187041796744,0.00163544865791,0.00104270665906,0.000646555155981,0.000366715365089,0.00142828957178],"dvar2":[0.00508424965665,0.00427045440301,0.00271216174588,0.00159128766973,0.000875718484167,0.00315331784077],"max":[-0.351506948471,-0.439845353365,-0.48460072279,-0.563947916031,-0.635531127453,-0.496514171362],"mean":[-0.674527108669,-0.74980789423,-0.78706330061,-0.811240136623,-0.847291648388,-0.775718152523],"median":[-0.676241576672,-0.756875813007,-0.795445084572,-0.815211832523,-0.847827672958,-0.785121440887],"min":[-0.973792374134,-0.975429415703,-0.978296399117,-0.976429402828,-0.969098210335,-0.963179707527],"var":[0.00626273965463,0.00567514589056,0.00406784936786,0.0028170007281,0.00148706964683,0.00385907152668]},"spectral_contrast_valleys":{"dmean":[0.426420122385,0.395128399134,0.358680546284,0.358600914478,0.421643584967,0.656623363495],"dmean2":[0.687312722206,0.631338179111,0.542611837387,0.524639129639,0.604364395142,1.0502705574],"dvar":[0.137742042542,0.129534125328,0.111307747662,0.120272949338,0.158741474152,0.312959194183],"dvar2":[0.314274072647,0.279425144196,0.215900704265,0.220029503107,0.297010987997,0.763095080853],"max":[-5.18281602859,-4.03182411194,-5.13364982605,-5.98399734497,-5.41903972626,-8.920794487],"mean":[-6.99764442444,-6.61503648758,-7.28772449493,-8.11163902283,-8.49600505829,-11.4466667175],"median":[-6.81166219711,-6.41249799728,-7.06126832962,-7.8904542923,-8.34837150574,-11.3313627243],"min":[-27.7187347412,-27.3657493591,-27.3841304779,-27.1248207092,-27.273859024,-27.1992073059],"var":[1.73629009724,1.98624420166,1.8315320015,1.58060097694,1.37255764008,1.20797026157]},"spectral_decrease":{"dmean":2.62238208926e-9,"dmean2":4.01872979339e-9,"dvar":9.84483564409e-18,"dvar2":2.27941860062e-17,"max":1.30720079206e-9,"mean":-6.37259311986e-9,"median":-4.71871342e-9,"min":-4.63953817587e-8,"var":3.20367448288e-17},"spectral_energy":{"dmean":0.0112249720842,"dmean2":0.0167039837688,"dvar":0.000178448593942,"dvar2":0.000393071997678,"max":0.203573390841,"mean":0.0320682562888,"median":0.0260208621621,"min":1.06254863584e-20,"var":0.000630371912848},"spectral_energyband_high":{"dmean":0.000103928323369,"dmean2":0.000147385464516,"dvar":4.66062211046e-8,"dvar2":8.57187387737e-8,"max":0.00767236808315,"mean":0.000155015819473,"median":0.0000620153659838,"min":7.79073516805e-21,"var":9.39712023751e-8},"spectral_energyband_low":{"dmean":0.00680570257828,"dmean2":0.0110919484869,"dvar":0.0000879493236425,"dvar2":0.000222235437832,"max":0.13903644681,"mean":0.0116825541481,"median":0.00814864505082,"min":4.40250176113e-23,"var":0.000136313828989},"spectral_energyband_middle_high":{"dmean":0.00151968665887,"dmean2":0.00229917559773,"dvar":0.0000095410796348,"dvar2":0.0000242159931076,"max":0.0817259326577,"mean":0.00330023374408,"median":0.00140761537477,"min":1.53731284602e-21,"var":0.0000280665426544},"spectral_energyband_middle_low":{"dmean":0.00573805999011,"dmean2":0.00846638623625,"dvar":0.0000711109969416,"dvar2":0.000152395281475,"max":0.175361961126,"mean":0.0139831556007,"median":0.00804315786809,"min":3.51182144291e-22,"var":0.00026694641565},"spectral_entropy":{"dmean":0.272592008114,"dmean2":0.410422474146,"dvar":0.0573878921568,"dvar2":0.127293422818,"max":9.80523586273,"mean":7.07517051697,"median":7.0729060173,"min":5.0899477005,"var":0.221171364188},"spectral_flux":{"dmean":0.0261210966855,"dmean2":0.0402031838894,"dvar":0.000710585911293,"dvar2":0.00152485771105,"max":0.315856933594,"mean":0.0924492776394,"median":0.0863320603967,"min":1.03080002867e-10,"var":0.00214425520971},"spectral_kurtosis":{"dmean":6.98714256287,"dmean2":10.6810035706,"dvar":53.9709129333,"dvar2":129.546691895,"max":134.217834473,"mean":20.2104244232,"median":17.9229812622,"min":-1.2670558691,"var":122.154541016},"spectral_rms":{"dmean":0.000965546700172,"dmean2":0.00139835651498,"dvar":9.44732676089e-7,"dvar2":0.00000191298090613,"max":0.014092842117,"mean":0.00513570569456,"median":0.0050384728238,"min":3.21967821328e-12,"var":0.00000491069204145},"spectral_rolloff":{"dmean":4635.97607422,"dmean2":9017.81445312,"dvar":66456916,"dvar2":158252800,"max":22050,"mean":8013.90527344,"median":1205.859375,"min":43.06640625,"var":95347160},"spectral_skewness":{"dmean":0.536724686623,"dmean2":0.801155149937,"dvar":0.256041914225,"dvar2":0.582569420338,"max":9.87949562073,"mean":3.21382212639,"median":3.14144968987,"min":0.0328518860042,"var":0.799591004848},"spectral_spread":{"dmean":689812.25,"dmean2":1040388.5625,"dvar":544121421824,"dvar2":959691751424,"max":49998668,"mean":3711458.75,"median":3535510.25,"min":1223864.375,"var":1865322594300},"spectral_strongpeak":{"dmean":1.3001550436,"dmean2":2.36784005165,"dvar":30.6291503906,"dvar2":86.6794128418,"max":95.960067749,"mean":1.33442938328,"median":0.287773609161,"min":0,"var":27.0158443451},"zerocrossingrate":{"dmean":0.0365149825811,"dmean2":0.0465290434659,"dvar":0.000999606098048,"dvar2":0.00156777037773,"max":0.75634765625,"mean":0.217911660671,"median":0.205078125,"min":0.009765625,"var":0.00844331458211}},"metadata":{"audio_properties":{"analysis_sample_rate":44100,"bit_rate":192000,"codec":"mp3","downmix":"mix","equal_loudness":0,"length":280.581237793,"lossless":false,"md5_encoded":"71d97ad2c01fd1673b8d029d8667cfb8","replay_gain":-8.87378311157,"sample_rate":44100},"tags":{"acoustid_fingerprint":["AQADtHGkKIrGJIgvXM7wJBeqXYWTXvAYRqiFKzmaRx3CD3rwhAlbOD9eXCreZNmRKvgDh06NMzr65WiOUZ-M9zKY_EI_XFuQXDvCcImigxG6XEET5xkeGn2iIMyhKsbD5IjNMYRdMgF-wtmYD880DqfwwwcfHN40xPsWJM4PJteHPkvw5Zilo1meoi_qo9Fp5H1wHm9y1O3R7Dm-6Di7BaGVNYOdRkSYWHgW6BfSH9cV4Up0eJQ-fFuC-8YeOFSPfEfyhCSoC2_Ro4mU5Am4KErIoj_CHI-gX8eVJwmoG3R6vBPRjIwmEfWOL0fjHIrIfnAV4WsjaFY-hDlxpUOz446Z4G-wE11-0D4uodfhIymN9K1w7rAj3egzSuAdJgSaiQwm7R3yhIP8D-kfYah02NLxR7CLj3BHo_yGIPnhiALpE1fD4ImO_NDIIwzjKMO7qZjyC6F3aGaP5jmUckqOuA-YkDvq4wtt9DyaiRu-ZCvuIDoPOUsYIo-OUf3gH59xMXGwa0okXNnRjIwQkhlGG04mKXiiGFr-o59w5DgeHI3UDpeOMxPybehz5EPO49EDptqgpfhzIUc_HY0UMTvy5Pge_IaWH3nBSMyF9xmeYUoedHeCq5SHpz9-BU-OR0F5UXiaJ8L3Y2tCtFEefAV7JDtCPUrwPMOZ52jDw_GPnsiReB8-DVcWC360HPSQQ89EhKK6CdZdfDl8HsyHz8Sfo9mPJItvhFYiPAvxFBeaT8tRiznyQ0eYLR8q5UM3OA96BTl0EjnRVG3Q10d-Q8g3nNPxHr2DxxbSTYcc8kL44DL64wwl4cd_NF9W5Df0hQnC9MT0BD9CJc-hd8hC6ehP-FOEHvyFS8SjBWeO_-jegCxFcJpgfuiPcyH449F-RHqkQwzCecHJ44qMZr2I6sR7DrFvaEeYBx815C96aMmUqcFzbBFJI2-WRrgv5DwhPgc_IQypKug3Rfg9w4n2gX3wE0-QXniS5bg-vGLgQ8cVDs2a5Whx9USWHU2aPMGfonkQ0gqSB1dMoRc8PRL-UB--6ih9fDquI5_0IZkcJVvQzGJSfLi0g4mTC13MCn8XvDrMR7jBZTuSH-mYHf3RHE-CvcGTdLhkEXkZQ3kOH8-Oszou_1CeMuizI3pyo6mOR3GCBzXh9KjFo7qDhozE4zz-ID_qZA88HW9P5AOfo4vEaDI-PcOdHOXRjBmPm0F-y9CSLyRCH1-F-kbzSUCTGBU_KUieIIf94tmMJ0bB5OyRSznExsazCs0uaD_ixSueJTm--GhCx-gfDpeCf0iWMzdyDo4vdG9QPfDz4T9-8EdO_A9eVG-F42GFF80pDtNHxEqGP0WfB7tRAU-QheaRLHzwEH5wPlICLs0JV3zwLMg_7EdzC31ofDkqG41OQj2mZjvCOEwqXNqNKgWTIw-PPSmaK4OmrPjDIc8k5KNQKxe8DPqwVQe_7bC1RKgo4YEc7-C2LPhyNE0doXaOHyf2oFb2Ic8UvCipzThRtPkRZ9Ey4WL24IeI6_jx4w58xriISTmaF7-hfyLCR3A_lIuOr0mOR8cd3AjtNBAXCaWQ42bI4VdAhmXw6UMpPsh1SDe8