{"lowlevel":{"average_loudness":0.971039772034,"barkbands":{"dmean":[0.0000522957016074,0.00726069556549,0.00532518979162,0.00203163875267,0.0025797591079,0.000886482710484,0.00103492231574,0.000671255053021,0.000398573931307,0.000347707624314,0.000204946554732,0.000246616255026,0.000264330446953,0.000453327549621,0.000461683550384,0.000376786018023,0.000316875084536,0.000281337503111,0.0002949355694,0.000267125695245,0.000210278580198,0.000153686240083,0.000114276976092,0.0000827002731967,0.0000538744534424,0.0000314924582199,0.0000121882876556],"dmean2":[0.0000890156443347,0.0125207472593,0.00933138281107,0.0033836720977,0.00428835721686,0.00143266562372,0.00176480785012,0.00109055684879,0.000628574518487,0.000561502063647,0.000336771074217,0.000404460879508,0.00042567474884,0.000730766623747,0.000743527896702,0.000603594118729,0.000517538923305,0.000458701659227,0.000484897900606,0.000444659206551,0.000355874886736,0.000245386559982,0.000180923059816,0.000128603918711,0.000079091230873,0.000045894219511,0.0000175129043782],"dvar":[7.40930250487e-9,0.000159110539244,0.0000898434591363,0.00000613028487351,0.0000303785855067,0.00000158718239618,0.00000931624163059,0.00000179647793175,4.43818606755e-7,4.06421662547e-7,1.78423704256e-7,3.14431986226e-7,3.10655735802e-7,7.37619131996e-7,7.52081234623e-7,4.20867138473e-7,3.2656618032e-7,2.04212369681e-7,3.12695675575e-7,1.56588356504e-7,1.00426206018e-7,8.64999876171e-8,6.36175840896e-8,2.45311202463e-8,1.33703865757e-8,5.06437913828e-9,1.13223097564e-9],"dvar2":[1.99253946676e-8,0.000451743253507,0.000259936554357,0.0000167581056303,0.0000781958733569,0.00000402960631618,0.000024842312996,0.00000452250560556,0.00000106768357,0.00000101139903563,4.55281480072e-7,8.2772891119e-7,7.28270833861e-7,0.00000186414411019,0.0000019156811959,0.00000104691912384,8.37070899706e-7,5.10979248247e-7,7.6954324868e-7,4.07114100653e-7,2.6361340133e-7,1.91304977193e-7,1.39617341688e-7,5.67657956196e-8,2.77480740607e-8,1.11984572726e-8,2.46104314705e-9],"max":[0.00112483685371,0.120606482029,0.0873691141605,0.0313448756933,0.0629782155156,0.0249610412866,0.0317404046655,0.0293676815927,0.0132558150217,0.0167458243668,0.0138098932803,0.0144418394193,0.0119602559134,0.0139767099172,0.0117857819423,0.0161826778203,0.019652383402,0.00786210503429,0.0284561384469,0.00784401129931,0.00515171093866,0.00833207089454,0.00614259205759,0.00365049252287,0.00382959772833,0.00311319879256,0.00169056688901],"mean":[0.0000615576354903,0.0117067014799,0.00760209746659,0.00384859298356,0.00362819619477,0.00175814633258,0.00115459936205,0.00112519308459,0.000713849207386,0.000614572083578,0.000330448732711,0.000393309135688,0.000436107366113,0.000781097449362,0.000819480686914,0.000763720541727,0.000615005730651,0.000598558050115,0.000706414517481,0.000644566549454,0.000478699308587,0.000367881380953,0.000288895389531,0.000233677084907,0.000146431761095,0.0000722205804777,0.0000239703585976],"median":[0.0000301012842101,0.00855541042984,0.00526358839124,0.00288068084046,0.0020924876444,0.00107304588892,0.000471163046313,0.000390035769669,0.000383003702154,0.00031603462412,0.000150980500621,0.000191939529032,0.000180512695806,0.000297798105748,0.000317669298965,0.000394019705709,0.000386051891837,0.000330535927787,0.000525986717548,0.000459348433651,0.000374982249923,0.000241109824856,0.000183818439837,0.00014925992582,0.0000878503196873,0.0000247642747127,0.00000385453085983],"min":[7.1662671931e-16,2.61962260762e-15,8.91220856168e-16,1.42580420737e-15,9.4881971068e-15,2.64961519725e-15,5.21078575525e-15,3.16020686961e-15,1.37086505748e-14,4.98012259009e-15,8.6341651263e-15,1.30882870324e-14,6.43697097848e-15,4.62345268611e-15,5.67445497871e-15,1.468237424e-14,1.47141769391e-14,1.74946354332e-14,1.44971704861e-14,1.209129029e-14,3.03483299146e-14,2.46250041842e-13,6.18283527674e-13,1.08722351868e-12,5.34331953683e-12,2.02739890848e-11,5.14407128005e-11],"var":[7.78106823418e-9,0.000154069479322,0.0000759258400649,0.0000124971938931,0.0000295037989417,0.00000478296078654,0.00000724067285773,0.00000386631018046,0.00000101381579043,8.54690767937e-7,4.27100275147e-7,4.4091473228e-7,6.44277747597e-7,0.00000167300709109,0.00000165865981216,0.00000109595305275,5.69403312056e-7,5.43625162663e-7,7.420677548e-7,4.36980513996e-7,2.27016641929e-7,2.55187273979e-7,1.83721581948e-7,9.00243222191e-8,4.69812704296e-8,1.3548994815e-8,2.34108621378e-9]},"barkbands_crest":{"dmean":2.45308876038,"dmean2":4.11283493042,"dvar":5.44200086594,"dvar2":15.1082735062,"max":25.7383232117,"mean":9.78014278412,"median":9.057097435,"min":2.49398207664,"var":15.4730882645},"barkbands_flatness_db":{"dmean":0.0203401651233,"dmean2":0.0327998995781,"dvar":0.000480341142975,"dvar2":0.00120496668387,"max":0.383002102375,"mean":0.121388942003,"median":0.103602021933,"min":0.0240258965641,"var":0.00363216619007},"barkbands_kurtosis":{"dmean":3.30833387375,"dmean2":5.44976902008,"dvar":41.9676589966,"dvar2":106.973686218,"max":160.669494629,"mean":5.70110225677,"median":1.19856381416,"min":-1.95012462139,"var":194.93963623},"barkbands_skewness":{"dmean":0.561971604824,"dmean2":0.911266088486,"dvar":0.395357906818,"dvar2":1.02375209332,"max":10.8113498688,"mean":1.74622416496,"median":1.47056603432,"min":-10.4407587051,"var":2.36624574661},"barkbands_spread":{"dmean":6.32874155045,"dmean2":10.020529747,"dvar":54.160610199,"dvar2":129.305603027,"max":156.022262573,"mean":30.6084003448,"median":29.9504203796,"min":0.929443776608,"var":288.523162842},"dissonance":{"dmean":0.0115295024589,"dmean2":0.0193003732711,"dvar":0.000141776326927,"dvar2":0.000370387744624,"max":0.500000119209,"mean":0.476866811514,"median":0.483257859945,"min":0.296038359404,"var":0.000471392035251},"dynamic_complexity":1.73993051052,"erbbands":{"dmean":[0.111235417426,1.97794759274,5.78657102585,6.81393623352,8.04845523834,7.77850723267,9.57419013977,6.46209716797,13.2365188599,13.3177480698,14.8332204819,9.78808307648,10.8836898804,8.11265468597,8.89917755127,10.7911243439,11.3188667297,20.4176158905,25.3935375214,17.2846164703,18.9459056854,15.1725111008,14.8378801346,16.3995819092,12.7289266586,12.8491382599,9.34316825867,7.74279212952,5.37895965576,5.0500831604,2.9726524353,1.88808095455,1.40804493427,0.745953381062,0.344878405333,0.155378252268,0.055403701961,0.0148008652031,0.00219847471453,0.000121177552501],"dmean2":[0.184500187635,3.43947124481,10.2545137405,11.4498662949,13.4195413589,13.207403183,15.5990037918,10.6730461121,22.015083313,23.1944007874,23.8686733246,15.4948253632,17.4197368622,13.2291555405,14.594367981,17.6916217804,18.1170063019,33.0260276794,40.8492584229,27.5028209686,30.3394069672,24.5876464844,23.9731884003,26.8813438416,21.1385784149,21.3764133453,15.5855751038,13.1658782959,8.66424655914,7.94018125534,4.68936824799,2.97788381577,2.18194437027,1.11157953739,0.509468436241,0.230724036694,0.081747174263,0.0219124127179,0.00317002041265,0.000176132030901],"dvar":[0.0293566677719,12.4749898911,121.214530945,79.5026855469,320.564605713,265.582550049,192.419006348,114.540725708,1206.08544922,1316.47460938,1101.36743164,282.443481445,411.12310791,249.295715332,341.026000977,585.441650391,578.843139648,1525.16711426,2340.84863281,1207.01318359,1062.0958252,940.186462402,584.471679688,1358.33776855,360.643310547,375.83984375,194.876831055,151.774536133,101.985267639,115.261863708,43.9413490295,12.9765100479,7.77045822144,2.86833119392,0.512625098228,0.109885916114,0.015588093549,0.00146451150067,0.0000359462719643,1.06615537732e-7],"dvar2":[0.0770479217172,35.7108459473,350.833282471,221.957275391,813.461364746,723.612426758,476.498046875,306.77053833,3085.38256836,3671.34887695,2788.74462891,688.142883301,995.235412598,625.124816895,884.497375488,1579.64685059,1335.91687012,3958.73095703,6052.8828125,3011.74414063,2581.05664063,2485.73486328,1429.90185547,3291.14428711,939.117614746,974.317626953,508.167388916,395.301208496,224.941390991,253.086624146,95.9015197754,31.3002796173,17.8536949158,6.1636557579,1.10488474369,0.245884299278,0.0341449454427,0.00334800337441,0.0000780456757639,2.28960232107e-7],"max":[1.66797530651,32.7605323792,96.1644821167,103.114143372,198.373306274,214.978179932,310.53137207,288.680358887,458.757568359,460.03302002,810.065795898,345.991851807,516.780029297,458.412750244,587.350708008,641.647766113,668.925170898,695.109436035,835.842407227,854.772521973,1081.03894043,1280.05407715,388.450042725,2010.60754395,463.87310791,428.04977417,265.649383545,260.633361816,245.724273682,324.81741333,175.402999878,80.5062866211,65.0436019897,68.588760376,22.4747943878,14.646525383,4.50705957413,1.71484076977,0.297258019447,0.0157070476562],"mean":[0.20410990715,3.11089849472,8.46757411957,13.0084028244,11.201792717,10.4999780655,16.4444332123,12.2415685654,17.253572464,16.1735706329,26.239900589,18.4798908234,19.4699077606,14.3826656342,15.8966617584,18.4590244293,20.4851493835,37.123298645,49.5144424438,36.7403030396,41.6212997437,33.2734909058,33.0356483459,37.833404541,32.0715827942,30.9341201782,22.1041221619,16.8027210236,12.6425275803,12.2566452026,7.54466199875,5.07844543457,3.78265833855,1.99065589905,0.87271887064,0.361482530832,0.120309881866,0.0298574641347,0.00431851483881,0.000263208901742],"median":[0.134665697813,2.28714251518,6.01753854752,10.0620594025,6.82692718506,5.78710031509,8.83791255951,7.57488250732,8.06870365143,7.13528776169,8.72058773041,10.0909814835,10.6735668182,7.83862924576,7.74690246582,9.68363666534,9.89207363129,16.1779193878,21.0722446442,18.0270404816,25.0268745422,22.4278450012,18.9820518494,27.1123828888,24.3978862762,22.4804286957,17.2803039551,12.2358179092,8.07047557831,7.9706697464,4.64046478271,3.11325240135,2.32048988342,1.26715838909,0.448020279408,0.14694660902,0.0376960150898,0.00665825698525,0.000704214849975,0.0000840611610329],"min":[1.03688935151e-13,8.79487888766e-13,1.91641667813e-12,4.5488304963e-12,1.2573980919e-11,3.09582810776e-11,2.9794652856e-11,2.45880624888e-11,7.0337076441e-11,1.55887289188e-10,1.89787768834e-10,3.19651971559e-10,2.64143484863e-10,1.80972473118e-10,4.79565220868e-10,7.59067975142e-10,3.21910276213e-10,2.74525208122e-10,3.04003711094e-10,5.8146354398e-10,6.93244850414e-10,7.80682851698e-10,8.87504902902e-10,8.44895764462e-10,5.79999381856e-10,6.4181338022e-10,8.06934463693e-10,3.00180258428e-9,1.08070299376e-8,1.23780221628e-8,1.70609997241e-8,1.7352741466e-8,2.32088943619e-8,2.7647185874e-8,5.61810011845e-8,5.55108776723e-8,4.51399522206e-8,1.57641952825e-8,4.87645079872e-9,9.59065493689e-10],"var":[0.0440027751029,11.1992673874,93.4647064209,127.068710327,297.604003906,248.809860229,490.077880859,292.845703125,1097.21166992,1039.02258301,2507.8684082,678.756103516,779.820983887,586.201904297,899.68927002,825.259643555,1241.03015137,3340.09106445,5687.69384766,2839.16772461,2730.91381836,1482.88696289,1579.42883301,2797.49462891,1025.4128418,1007.83953857,480.492095947,331.761474609,298.54119873,329.167572021,130.929977417,43.6956481934,26.4173202515,9.54714870453,1.61414825916,0.309485942125,0.0400720350444,0.00303832138889,0.0000752341074985,2.15736946529e-7]},"erbbands_crest":{"dmean":2.09985494614,"dmean2":3.47314310074,"dvar":4.34524250031,"dvar2":11.3997297287,"max":30.0368690491,"mean":7.22362565994,"median":6.31066799164,"min":2.22691607475,"var":11.9834337234},"erbbands_flatness_db":{"dmean":0.0121432794258,"dmean2":0.0181424953043,"dvar":0.000158072725753,"dvar2":0.000331745366566,"max":0.32227268815,"mean":0.124502040446,"median":0.116526290774,"min":0.0177483446896,"var":0.00212343758903},"erbbands_kurtosis":{"dmean":0.629075884819,"dmean2":1.00496888161,"dvar":0.68422460556,"dvar2":1.61800968647,"max":17.0873298645,"mean":-0.0243582222611,"median":-0.392877757549,"min":-1.81281733513,"var":2.60248994827},"erbbands_skewness":{"dmean":0.283035993576,"dmean2":0.439220279455,"dvar":0.0781574398279,"dvar2":0.176340341568,"max":3.17015743256,"mean":-0.203858628869,"median":-0.29555362463,"min":-3.80189967155,"var":0.502345919609},"erbbands_spread":{"dmean":8.77690505981,"dmean2":13.9883003235,"dvar":89.2300491333,"dvar2":216.469818115,"max":158.628601074,"mean":49.1345977783,"median":45.4618110657,"min":4.99825334549,"var":377.398376465},"gfcc":{"cov":[[13120.9667969,-587.970092773,-660.047363281,751.84375,-424.737426758,457.721832275,-186.068161011,161.175567627,-234.249664307,176.568618774,-75.2036972046,-48.100063324,-191.3125],[-587.970092773,1534.48461914,-466.918151855,-90.9942016602,62.5613632202,-351.322479248,-24.9343662262,-96.1161651611,82.6142349243,-133.566207886,27.8906364441,-92.1045303345,95.7898712158],[-660.047363281,-466.918151855,1173.5057373,93.6322097778,201.02835083,202.09336853,13.1599636078,23.5304927826,-14.2695169449,85.6711654663,8.34931373596,97.0268325806,-15.905169487],[751.84375,-90.9942016602,93.6322097778,367.412750244,28.1126174927,151.489990234,6.06204938889,18.8569335938,-7.03726148605,22.3545379639,20.8852939606,6.0699467659,17.8180866241],[-424.737426758,62.5613632202,201.02835083,28.1126174927,231.554885864,8.4604101181,30.5268363953,-4.57756757736,-1.55709445477,14.4259490967,9.72644329071,24.8579444885,16.9097537994],[457.721832275,-351.322479248,202.09336853,151.489990234,8.4604101181,283.021484375,11.7152786255,47.2610702515,-15.7142343521,39.8293914795,22.4535884857,7.88194465637,-25.3455104828],[-186.068161011,-24.9343662262,13.1599636078,6.06204938889,30.5268363953,11.7152786255,153.811065674,3.28456735611,-32.5318145752,14.7933502197,13.4780740738,20.2357215881,-9.15952014923],[161.175567627,-96.1161651611,23.5304927826,18.8569335938,-4.57756757736,47.2610702515,3.28456735611,82.180809021,27.9710044861,11.5874843597,-5.7162733078,-10.0114994049,-3.72574615479],[-234.249664307,82.6142349243,-14.2695169449,-7.03726148605,-1.55709445477,-15.7142343521,-32.5318145752,27.9710044861,93.7662963867,3.59762525558,-8.59524345398,-23.1226348877,9.3654756546],[176.568618774,-133.566207886,85.6711654663,22.3545379639,14.4259490967,39.8293914795,14.7933502197,11.5874843597,3.59762525558,71.1804275513,19.4580345154,10.6264810562,-16.354221344],[-75.2036972046,27.8906364441,8.34931373596,20.8852939606,9.72644329071,22.4535884857,13.4780740738,-5.7162733078,-8.59524345398,19.4580345154,62.1039772034,21.3477993011,2.62491798401],[-48.100063324,-92.1045303345,97.0268325806,6.0699467659,24.8579444885,7.88194465637,20.2357215881,-10.0114994049,-23.1226348877,10.6264810562,21.3477993011,68.9456710815,13.1214618683],[-191.3125,95.7898712158,-15.905169487,17.8180866241,16.9097537994,-25.3455104828,-9.15952014923,-3.72574615479,9.3654756546,-16.354221344,2.62491798401,13.1214618683,58.0403938293]],"icov":[[0.000153836808749,-0.000181373965461,0.00015730864834,-0.000316963560181,0.00021586951334,-0.000202132068807,0.00040421509766,-0.00049337639939,0.000701842131093,-0.000770749058574,0.000768840895034,-0.000569892115891,0.000591428892221],[-0.000181373965461,0.00198242464103,-0.0000851565418998,0.000102229518234,-0.00101619004272,0.00192817905918,-0.000935899151955,0.00188665557653,-0.0021361024119,0.00335266231559,-0.00381681369618,0.00369183323346,-0.00218551047146],[0.00015730864834,-0.0000851565418998,0.00157721957657,-0.000249087723205,-0.00088469858747,-0.00103706505615,0.00077385554323,-0.000313920405461,0.00039676844608,-0.00163292838261,0.00176257349085,-0.0023903157562,0.00101113598794],[-0.000316963560181,0.000102229518234,-0.000249087723205,0.00448872661218,-0.000620167178567,-0.00209916359745,-0.000801278161816,0.00117537425831,-0.00105586042628,0.000615503289737,-0.0014372112928,0.00137352023739,-0.00334847718477],[0.00021586951334,-0.00101619004272,-0.00088469858747,-0.000620167178567,0.0061819604598,-0.000396212708438,-0.000434906047303,-0.000822741072625,0.00121806364041,-0.00233036233112,0.00177174562123,-0.00180971878581,-0.000283110915916],[-0.000202132068807,0.00192817905918,-0.00103706505615,-0.00209916359745,-0.000396212708438,0.00831494200975,-0.000737337977625,-0.00140765169635,-0.00052980077453,0.00279491208494,-0.00564393866807,0.0043866969645,0.000187998710317],[0.00040421509766,-0.000935899151955,0.00077385554323,-0.000801278161816,-0.000434906047303,-0.000737337977625,0.00892210565507,-0.00317365280353,0.00485900929198,-0.00379819213413,0.00225735362619,-0.00393274333328,0.00327677140012],[-0.00049337639939,0.00188665557653,-0.000313920405461,0.00117537425831,-0.000822741072625,-0.00140765169635,-0.00317365280353,0.0188359785825,-0.00862067099661,0.00284690642729,-0.00228722626343,0.00470601161942,-0.00362082570791],[0.000701842131093,-0.0021361024119,0.00039676844608,-0.00105586042628,0.00121806364041,-0.00052980077453,0.00485900929198,-0.00862067099661,0.0192387141287,-0.00781476683915,0.00534265907481,0.0000519332425029,0.000339163088938],[-0.000770749058574,0.00335266231559,-0.00163292838261,0.000615503289737,-0.00233036233112,0.00279491208494,-0.00379819213413,0.00284690642729,-0.00781476683915,0.0267006289214,-0.0133467288688,0.00545358844101,0.000927793036681],[0.000768840895034,-0.00381681369618,0.00176257349085,-0.0014372112928,0.00177174562123,-0.00564393866807,0.00225735362619,-0.00228722626343,0.00534265907481,-0.0133467288688,0.0296212825924,-0.0140257831663,0.00419471925125],[-0.000569892115891,0.00369183323346,-0.0023903157562,0.00137352023739,-0.00180971878581,0.0043866969645,-0.00393274333328,0.00470601161942,0.0000519332425029,0.00545358844101,-0.0140257831663,0.0299860816449,-0.0115403272212],[0.000591428892221,-0.00218551047146,0.00101113598794,-0.00334847718477,-0.000283110915916,0.000187998710317,0.00327677140012,-0.00362082570791,0.000339163088938,0.000927793036681,0.00419471925125,-0.0115403272212,0.0271660964936]],"mean":[36.6300086975,76.374382019,-103.317886353,49.1729469299,-43.5928001404,11.6199703217,-33.3740463257,8.47703552246,-20.3001022339,2.40089297295,-17.1160812378,-4.89052057266,-11.6017084122]},"hfc":{"dmean":6.55379581451,"dmean2":10.2646894455,"dvar":80.2414093018,"dvar2":183.553833008,"max":146.718414307,"mean":31.2939071655,"median":29.676448822,"min":0.00000177824108505,"var":393.798858643},"melbands":{"dmean":[0.00154219020624,0.0028810899239,0.0011053312337,0.000596622296143,0.000320534512866,0.000147178390762,0.000211839651456,0.000142128250445,0.00011500094115,0.0000597865764576,0.0000549615833734,0.0000346407796314,0.0000284723228106,0.0000279733740172,0.0000256909133896,0.0000269857355306,0.0000436893205915,0.0000437015514763,0.0000270069649559,0.0000277135586657,0.000023827817131,0.000017969907276,0.000017608042981,0.0000124638227135,0.0000152258553499,0.0000103791544461,0.0000103137417682,0.00000898167490959,0.00000658255021335,0.00000586848545936,0.00000427284066973,0.00000320405888488,0.00000345645480593,0.00000291177116196,0.00000199151440938,0.00000136695393849,0.00000127556018015,0.00000109962672923,9.41384200814e-7,5.97233281496e-7],"dmean2":[0.00261783017777,0.00508177280426,0.00185358407907,0.000996117829345,0.000529241631739,0.000241785295657,0.000355841359124,0.000244460912654,0.000183898271644,0.0000946850268519,0.0000881536252564,0.0000565061236557,0.0000466731326014,0.000046071363613,0.0000416607908846,0.0000433249879279,0.0000705935162841,0.0000703808909748,0.0000429771716881,0.0000446864396508,0.0000385286803066,0.0000290680345643,0.0000289961080853,0.0000201521816052,0.0000251007859333,0.0000171993469849,0.0000171513020177,0.000015006276044,0.0000110012588266,0.00000999502844934,0.00000722504364603,0.00000523897233506,0.00000555515362066,0.00000462419484393,0.00000317984677167,0.00000220137826545,0.00000204616389965,0.00000173807336523,0.00000144905231991,9.081833241e-7],"dvar":[0.00000649690855425,0.000029553015338,0.0000018647598381,0.00000207225389204,2.01838034286e-7,5.28438413028e-8,3.42966188782e-7,1.22550716242e-7,6.46357420919e-8,1.10183897561e-8,1.06045447978e-8,4.68278127386e-9,3.48434681108e-9,3.76050124373e-9,3.33901173377e-9,3.61093688284e-9,7.46612371927e-9,6.78785072594e-9,2.48785725354e-9,2.69508082518e-9,1.60277002781e-9,1.31616451071e-9,8.04832367418e-10,4.67340055543e-10,1.35189193173e-9,2.61984212102e-10,2.46016595984e-10,1.92326002346e-10,9.65010016341e-11,8.3957563124e-11,4.42106559695e-11,3.43414428838e-11,5.28709992453e-11,3.88218415748e-11,2.02901306867e-11,7.74294170447e-12,6.06481618398e-12,4.65669169891e-12,4.54226847107e-12,1.7797798825e-12],"dvar2":[0.0000179939870577,0.0000854113968671,0.00000519040031577,0.00000541488907402,5.18222009305e-7,1.39749090522e-7,8.95240020782e-7,3.38879942774e-7,1.6278247017e-7,2.6686212351e-8,2.5761607958e-8,1.17351692808e-8,8.95282425972e-9,9.71831326524e-9,8.62263949131e-9,8.57327453474e-9,1.92261442322e-8,1.73418666094e-8,6.11006667484e-9,6.706793787e-9,3.88183041267e-9,3.39609917965e-9,2.07957140397e-9,1.12836717747e-9,3.27975047121e-9,6.69402977493e-10,6.45265729737e-10,5.04902841758e-10,2.52392301503e-10,2.22196108735e-10,1.1317375509e-10,7.78941078305e-11,1.23852123002e-10,8.8152575517e-11,4.51972799465e-11,1.85935867397e-11,1.57240713505e-11,1.14481106886e-11,1.00245124701e-11,3.95985414597e-12],"max":[0.0255635399371,0.0443562678993,0.014623071067,0.0168607868254,0.00864603556693,0.00555925676599,0.00711943674833,0.00439210049808,0.00624798657373,0.00227840896696,0.00266728946008,0.00204277038574,0.00230004894547,0.00212096027099,0.00150662264787,0.00120945856906,0.00158217491116,0.00149721000344,0.000835952814668,0.00109117396642,0.00124220480211,0.00145036098547,0.000426913349656,0.000388262007618,0.00210662744939,0.000386699073715,0.000420200143708,0.000272954523098,0.000165050994838,0.000165464007296,0.000137696071761,0.000143524157465,0.000220240530325,0.000148155668285,0.000112222849566,0.0000727353617549,0.0000536977240699,0.0000492258222948,0.0000699946467648,0.0000512760307174],"mean":[0.00266406103037,0.0045329099521,0.00215451722033,0.000774377724156,0.00054343091324,0.000287236995064,0.000262410205323,0.000181086055818,0.000207025412237,0.000108304971945,0.0000954376373556,0.0000577809369133,0.0000476903442177,0.0000471871899208,0.0000436736481788,0.0000453401044069,0.0000728797458578,0.0000816151296021,0.000049516063882,0.0000543290007045,0.0000476031782455,0.0000350007212546,0.0000328633359459,0.0000264448790404,0.0000317742451443,0.0000232879101532,0.0000229265733651,0.0000197182835109,0.0000142037697515,0.0000119099331641,0.00000869592895469,0.00000679958884575,0.00000745301622374,0.00000651936670693,0.00000452348695035,0.00000329692102241,0.00000302897910842,0.00000269354404736,0.00000228593512475,0.00000145834133036],"median":[0.00184153486043,0.0035835171584,0.00176111434121,0.000418635114329,0.000311506184516,0.000182688818313,0.000119533826364,0.0000789093101048,0.0000722851036699,0.0000576346210437,0.0000506451724505,0.0000289465679089,0.0000218392669922,0.0000248600827035,0.0000219772100536,0.0000187578825717,0.0000263232122961,0.0000323421918438,0.0000211178758036,0.0000240525623667,0.0000281905104202,0.0000222168509936,0.000018128521333,0.0000138904097184,0.0000213337825699,0.0000168750648299,0.0000165457076946,0.0000135181326186,0.0000101138766695,0.00000867163180374,0.00000609490507486,0.00000409375024901,0.00000452952326668,0.00000404534875997,0.00000262956473307,0.00000199038663595,0.00000178590744326,0.00000159982141668,0.00000133701189498,8.79096091921e-7],"min":[1.79746468869e-15,1.60895507106e-15,7.46785803853e-16,1.32396310678e-15,1.1914812246e-15,5.96448308325e-16,9.84227932512e-16,1.44421976243e-15,1.49549490189e-15,1.95134389367e-15,1.30383972153e-15,6.25237475895e-16,1.32001339214e-15,1.68651427815e-15,1.66974927266e-15,5.39259978919e-16,4.68503293428e-16,4.63711839804e-16,5.02712995404e-16,1.12888273694e-15,7.44425546546e-16,7.80421270431e-16,9.21566658536e-16,7.64187619299e-16,6.60803330559e-16,5.03807520791e-16,1.98405887366e-16,4.976572675e-16,4.41872445218e-16,5.60180792744e-16,2.03936713403e-15,4.72660562897e-15,3.20934939187e-15,8.91620592191e-15,9.72083894093e-15,8.90083481502e-15,1.16478482133e-14,1.8107938109e-14,1.57644012319e-14,2.04985327486e-14],"var":[0.00000752945652494,0.000022568512577,0.00000282806263385,0.00000182457961273,4.55122119547e-7,1.41751101523e-7,2.89712318136e-7,1.10080023319e-7,1.52975729861e-7,2.58897365768e-8,1.97464942175e-8,1.11370317413e-8,9.09446384867e-9,5.72299541091e-9,5.21337506498e-9,7.27935756117e-9,1.57084567576e-8,1.65240034988e-8,5.50340040206e-9,6.64455690469e-9,3.69412811452e-9,2.04516914515e-9,1.66832703208e-9,1.19751009109e-9,2.54572674052e-9,6.97555568863e-10,5.82395187632e-10,4.67980543206e-10,2.35460151377e-10,1.67483998892e-10,9.85285880661e-11,9.25384838202e-11,1.30006963528e-10,9.90739226769e-11,5.32545049725e-11,2.19576128113e-11,1.62927744213e-11,1.38250791024e-11,1.33973266508e-11,5.42441916038e-12]},"melbands_crest":{"dmean":3.06334018707,"dmean2":5.14291477203,"dvar":7.75216579437,"dvar2":21.9897708893,"max":34.0005874634,"mean":15.1071624756,"median":14.9190149307,"min":3.83681726456,"var":17.8840713501},"melbands_flatness_db":{"dmean":0.0262790862471,"dmean2":0.0424219332635,"dvar":0.000765116594266,"dvar2":0.00193474499974,"max":0.515357911587,"mean":0.193279728293,"median":0.177281111479,"min":0.0426709316671,"var":0.00560379866511},"melbands_kurtosis":{"dmean":10.3492898941,"dmean2":17.1557292938,"dvar":325.384155273,"dvar2":872.573730469,"max":326.764862061,"mean":21.3232364655,"median":10.825802803,"min":-1.89279520512,"var":817.018188477},"melbands_skewness":{"dmean":0.871060550213,"dmean2":1.42258906364,"dvar":1.02825725079,"dvar2":2.73600435257,"max":14.3871679306,"mean":3.54941415787,"median":3.02413368225,"min":-2.24057078362,"var":3.8588643074},"melbands_spread":{"dmean":7.5381193161,"dmean2":12.1796045303,"dvar":85.4118804932,"dvar2":218.631729126,"max":306.8543396,"mean":26.0917663574,"median":22.1960411072,"min":0.768622875214,"var":368.3699646},"mfcc":{"cov":[[6813.21386719,-1158.2701416,219.39515686,-46.9548416138,55.8901977539,253.552108765,127.621940613,91.8341827393,-43.947467804,198.422058105,114.135482788,-15.2225990295,-107.596748352],[-1158.2701416,1359.49621582,-270.705657959,110.524154663,4.77825021744,-165.89364624,-125.981872559,-81.4843444824,2.84820461273,-71.6640625,-75.2317733765,9.11921977997,46.7192573547],[219.39515686,-270.705657959,707.276794434,69.8683013916,181.643493652,169.068557739,76.1071395874,49.2772369385,11.341301918,27.5820140839,28.3731842041,40.3242874146,19.3109779358],[-46.9548416138,110.524154663,69.8683013916,238.644348145,63.9651832581,59.6039466858,38.7509651184,5.45254039764,22.4360523224,-18.010389328,-12.8782701492,14.513715744,22.1850090027],[55.8901977539,4.77825021744,181.643493652,63.9651832581,243.240661621,72.2439117432,4.57749032974,15.349524498,22.6020259857,28.1507530212,-15.3878316879,27.8782348633,20.3597640991],[253.552108765,-165.89364624,169.068557739,59.6039466858,72.2439117432,172.784378052,96.8280029297,34.3603248596,-5.79804849625,12.2517852783,25.8661193848,8.96710109711,0.571952044964],[127.621940613,-125.981872559,76.1071395874,38.7509651184,4.57749032974,96.8280029297,165.055038452,41.6665802002,-8.98722839355,-8.73656272888,29.3504886627,4.36896133423,-1.96226978302],[91.8341827393,-81.4843444824,49.2772369385,5.45254039764,15.349524498,34.3603248596,41.6665802002,73.5077514648,15.9350538254,10.7143592834,5.63413238525,0.967468738556,-0.804104208946],[-43.947467804,2.84820461273,11.341301918,22.4360523224,22.6020259857,-5.79804849625,-8.98722839355,15.9350538254,71.9760665894,24.4330711365,-1.93988287449,2.06238675117,-1.42132425308],[198.422058105,-71.6640625,27.5820140839,-18.010389328,28.1507530212,12.2517852783,-8.73656272888,10.7143592834,24.4330711365,89.8669204712,21.7400817871,2.14926457405,-12.0918807983],[114.135482788,-75.2317733765,28.3731842041,-12.8782701492,-15.3878316879,25.8661193848,29.3504886627,5.63413238525,-1.93988287449,21.7400817871,73.5695114136,15.0717506409,-6.15654468536],[-15.2225990295,9.11921977997,40.3242874146,14.513715744,27.8782348633,8.96710109711,4.36896133423,0.967468738556,2.06238675117,2.14926457405,15.0717506409,60.6554946899,20.4393615723],[-107.596748352,46.7192573547,19.3109779358,22.1850090027,20.3597640991,0.571952044964,-1.96226978302,-0.804104208946,-1.42132425308,-12.0918807983,-6.15654468536,20.4393615723,54.8393859863]],"icov":[[0.000187729106983,0.000131033550133,0.0000404135425924,-0.0000759197428124,-0.0000151037056639,-0.000137263501529,0.0000610197894275,-0.0000814884406282,0.00026300403988,-0.000332509080181,-0.0000314993230859,-0.0000201753173315,0.000218691959162],[0.000131033550133,0.00113725778647,0.000319265265716,-0.000690191984177,-0.000349555572029,0.000714064575732,0.000251850025961,0.0004314314574,0.000231933459872,0.00021957186982,0.000201180635486,-0.000125197402667,-0.000283640518319],[0.0000404135425924,0.000319265265716,0.00221342314035,-0.000117455332656,-0.00116612750571,-0.001368396217,0.000253562291618,-0.000426625134423,0.0000303030919895,0.000153642424266,-0.000391674169805,-0.000572430202737,-0.000270539138],[-0.0000759197428124,-0.000690191984177,-0.000117455332656,0.00590561609715,-0.000531401659828,-0.00220197951421,-0.000976955285296,0.000949976441916,-0.00265636760741,0.00143338774797,0.000963794300333,-0.000421985023422,-0.00119677511975],[-0.0000151037056639,-0.000349555572029,-0.00116612750571,-0.000531401659828,0.00673647318035,-0.00263774581254,0.0011516722152,-0.0000540988003195,-0.000975938921329,-0.00212669023313,0.00286647421308,-0.0021318255458,-0.000917150173336],[-0.000137263501529,0.000714064575732,-0.001368396217,-0.00220197951421,-0.00263774581254,0.0134191345423,-0.00536453351378,-0.000916397024412,0.002402379876,-0.000735500419978,-0.00191393552814,0.00122361397371,0.000358126417268],[0.0000610197894275,0.000251850025961,0.000253562291618,-0.000976955285296,0.0011516722152,-0.00536453351378,0.011169497855,-0.00429103523493,0.00103748904075,0.00218104105443,-0.00269095413387,-0.00000262995558842,0.000382907106541],[-0.0000814884406282,0.0004314314574,-0.000426625134423,0.000949976441916,-0.0000540988003195,-0.000916397024412,-0.00429103523493,0.0182679910213,-0.00463076960295,-0.000837399857119,0.00152821175288,0.000239458924625,-0.000839896558318],[0.00026300403988,0.000231933459872,0.0000303030919895,-0.00265636760741,-0.000975938921329,0.002402379876,0.00103748904075,-0.00463076960295,0.0183381233364,-0.00523489387706,0.000405108497944,-0.000177479916601,0.00112151831854],[-0.000332509080181,0.00021957186982,0.000153642424266,0.00143338774797,-0.00212669023313,-0.000735500419978,0.00218104105443,-0.000837399857119,-0.00523489387706,0.0162397455424,-0.00492444308475,0.0005010603345,0.00209509721026],[-0.0000314993230859,0.000201180635486,-0.000391674169805,0.000963794300333,0.00286647421308,-0.00191393552814,-0.00269095413387,0.00152821175288,0.000405108497944,-0.00492444308475,0.0192556083202,-0.00608781492338,0.00175211788155],[-0.0000201753173315,-0.000125197402667,-0.000572430202737,-0.000421985023422,-0.0021318255458,0.00122361397371,-0.00000262995558842,0.000239458924625,-0.000177479916601,0.0005010603345,-0.00608781492338,0.0217989832163,-0.00748085370287],[0.000218691959162,-0.000283640518319,-0.000270539138,-0.00119677511975,-0.000917150173336,0.000358126417268,0.000382907106541,-0.000839896558318,0.00112151831854,0.00209509721026,0.00175211788155,-0.00748085370287,0.0232993047684]],"mean":[-605.019958496,104.135322571,4.4087433815,39.5277023315,13.5894861221,9.59543704987,2.80403804779,2.96738672256,3.4509806633,6.24849843979,-0.320275574923,-0.737796008587,-0.429608494043]},"pitch_salience":{"dmean":0.0755128338933,"dmean2":0.127061665058,"dvar":0.0050640553236,"dvar2":0.0146367968991,"max":0.870875418186,"mean":0.526136875153,"median":0.528681218624,"min":0.104183219373,"var":0.0112502183765},"silence_rate_20dB":{"dmean":0,"dmean2":0,"dvar":0,"dvar2":0,"max":1,"mean":1,"median":1,"min":1,"var":0},"silence_rate_30dB":{"dmean":0.00228702113964,"dmean2":0.00457447813824,"dvar":0.00228204857558,"dvar2":0.0068415813148,"max":1,"mean":0.998856604099,"median":1,"min":0,"var":0.00114187260624},"silence_rate_60dB":{"dmean":0.00400228705257,"dmean2":0.00800533685833,"dvar":0.00398552091792,"dvar2":0.0085100857541,"max":1,"mean":0.0270605050027,"median":0,"min":0,"var":0.0263283718377},"spectral_centroid":{"dmean":267.090362549,"dmean2":419.659637451,"dvar":82733.5703125,"dvar2":182896.875,"max":11385.2792969,"mean":1746.47314453,"median":1779.3972168,"min":164.098632813,"var":709216.625},"spectral_complexity":{"dmean":4.47188854218,"dmean2":7.1373295784,"dvar":21.1290988922,"dvar2":49.5690498352,"max":59,"mean":27.627155304,"median":29,"min":0,"var":168.045806885},"spectral_contrast_coeffs":{"dmean":[0.0517417527735,0.0472712516785,0.0372842550278,0.0308957882226,0.0210091676563,0.0191103704274],"dmean2":[0.0865836590528,0.0780938118696,0.0609071701765,0.0504028126597,0.034386664629,0.030813973397],"dvar":[0.00186589709483,0.00145219056867,0.000875317957252,0.000629053567536,0.000300725223497,0.00040016087587],"dvar2":[0.00502628367394,0.00396672729403,0.0022764520254,0.00162627606187,0.000771285034716,0.000968019594438],"max":[-0.321759968996,-0.454009860754,-0.527375757694,-0.546720802784,-0.618374466896,-0.477121353149],"mean":[-0.644018769264,-0.732911229134,-0.779525995255,-0.775052547455,-0.787051618099,-0.747285425663],"median":[-0.650141060352,-0.740850269794,-0.783925175667,-0.778706014156,-0.788144052029,-0.747611582279],"min":[-0.976389110088,-0.964051008224,-0.972035944462,-0.954003930092,-0.951333343983,-0.96249383688],"var":[0.00488335173577,0.00549069000408,0.00299507635646,0.00305199553259,0.00133297592402,0.00171611760743]},"spectral_contrast_valleys":{"dmean":[0.379598230124,0.349169820547,0.315709143877,0.271980553865,0.226193919778,0.221582666039],"dmean2":[0.634025514126,0.575478196144,0.503848850727,0.422544956207,0.349639892578,0.315808266401],"dvar":[0.115897618234,0.112299770117,0.0869993641973,0.0761231034994,0.0836532562971,0.100831575692],"dvar2":[0.281622499228,0.253023028374,0.183772668242,0.1545920223,0.16137932241,0.184389948845],"max":[-5.16980028152,-4.56761169434,-5.41431903839,-5.4730758667,-5.40086221695,-7.56140518188],"mean":[-6.71421670914,-6.71146059036,-7.32772731781,-7.41103887558,-6.9716258049,-9.65748023987],"median":[-6.45782423019,-6.55581045151,-7.14464902878,-7.20063209534,-6.6784453392,-9.2202501297],"min":[-27.1742916107,-27.507894516,-26.9341430664,-27.298997879,-27.5305995941,-27.2242507935],"var":[1.83276760578,1.30506873131,1.28820741177,1.35343325138,1.51336050034,1.80872666836]},"spectral_decrease":{"dmean":3.62956686928e-9,"dmean2":6.25721829906e-9,"dvar":3.13925961248e-17,"dvar2":8.82863168842e-17,"max":7.38747130312e-17,"mean":-9.82335279787e-9,"median":-9.03010199949e-9,"min":-4.83938116247e-8,"var":3.02328425839e-17},"spectral_energy":{"dmean":0.0139998542145,"dmean2":0.0240947883576,"dvar":0.000461544434074,"dvar2":0.00129594956525,"max":0.185722142458,"mean":0.0399139896035,"median":0.0373023599386,"min":1.01131623909e-10,"var":0.000457252259366},"spectral_energyband_high":{"dmean":0.000552678247914,"dmean2":0.000855043064803,"dvar":8.24395669952e-7,"dvar2":0.00000177550623448,"max":0.0189157668501,"mean":0.00191810226534,"median":0.00167552137282,"min":6.79083594912e-11,"var":0.00000360796275345},"spectral_energyband_low":{"dmean":0.011693446897,"dmean2":0.0202629603446,"dvar":0.000414279347751,"dvar2":0.00117764936294,"max":0.17381028831,"mean":0.0220951400697,"median":0.0183656234294,"min":1.3658754405e-14,"var":0.000368811219232},"spectral_energyband_middle_high":{"dmean":0.00155719963368,"dmean2":0.00245624105446,"dvar":0.00000398165320803,"dvar2":0.00000949600689637,"max":0.0378237701952,"mean":0.00628481991589,"median":0.00525162089616,"min":1.11358954013e-13,"var":0.0000229935249081},"spectral_energyband_middle_low":{"dmean":0.00526969693601,"dmean2":0.00863966997713,"dvar":0.0000795493542682,"dvar2":0.000204488591407,"max":0.0907880365849,"mean":0.0125006372109,"median":0.0101111801341,"min":6.67585629247e-14,"var":0.0000988779356703},"spectral_entropy":{"dmean":0.120294548571,"dmean2":0.182389050722,"dvar":0.0236544013023,"dvar2":0.0490914620459,"max":9.8052482605,"mean":7.79118251801,"median":7.92403841019,"min":5.41722345352,"var":0.216876402497},"spectral_flux":{"dmean":0.0299717225134,"dmean2":0.046670820564,"dvar":0.00135928078089,"dvar2":0.00263149826787,"max":0.350970298052,"mean":0.101683571935,"median":0.091316588223,"min":0.0000118621273941,"var":0.00266006006859},"spectral_kurtosis":{"dmean":1.12625777721,"dmean2":1.88531398773,"dvar":4.18793869019,"dvar2":11.1045484543,"max":48.6420021057,"mean":3.60998916626,"median":2.868881464,"min":-1.1744351387,"var":10.6619796753},"spectral_rms":{"dmean":0.000990473432466,"dmean2":0.00166683353018,"dvar":0.00000162133142112,"dvar2":0.00000447570801043,"max":0.0134607702494,"mean":0.00601305579767,"median":0.00603262335062,"min":3.14109854571e-7,"var":0.00000278349921246},"spectral_rolloff":{"dmean":537.858581543,"dmean2":906.416381836,"dvar":642120.1875,"dvar2":1514661.25,"max":21231.7382813,"mean":1745.71606445,"median":1550.390625,"min":21.533203125,"var":4008479},"spectral_skewness":{"dmean":0.172191649675,"dmean2":0.2767791152,"dvar":0.0556449666619,"dvar2":0.131665557623,"max":5.12328481674,"mean":1.29038321972,"median":1.20014083385,"min":-0.168177485466,"var":0.232228323817},"spectral_spread":{"dmean":401372.53125,"dmean2":587084.875,"dvar":281594331136,"dvar2":456577155072,"max":40264720,"mean":4951323,"median":4769048,"min":1359482.25,"var":3254848061440},"spectral_strongpeak":{"dmean":0.288859784603,"dmean2":0.510094285011,"dvar":0.374591380358,"dvar2":1.00782167912,"max":15.752450943,"mean":0.512357831001,"median":0.391397833824,"min":0,"var":0.403147369623},"zerocrossingrate":{"dmean":0.00963413249701,"dmean2":0.0120832975954,"dvar":0.0000957071533776,"dvar2":0.000141106618685,"max":0.71826171875,"mean":0.0711855888367,"median":0.06787109375,"min":0,"var":0.00328235770576}},"metadata":{"audio_properties":{"analysis_sample_rate":44100,"bit_rate":0,"codec":"flac","downmix":"mix","equal_loudness":0,"length":243.666671753,"lossless":true,"md5_encoded":"e6263f1662e5c7456e3c1600e6425486","replay_gain":-14.6537380219,"sample_rate":44100},"tags":{"acoustid_id":["0c988f8b-5b9f-43d8-96ea-b6ee379a65a9"],"album":["Libertad"],"albumartist":["Velvet Revolver"],"albumartistsort":["Velvet Revolver"],"artist":["Velvet Revolver"],"artistsort":["Velvet Revolver"],"asin":["B000OXEOA0"],"barcode":["4988017648438"],"catalognumber":["BVCP-21529"],"date":["2007-06-27"],"discnumber":["1"],"disctotal":["1"],"file_name":"8f8b5b9f43d896eab6ee379a65a9.flac","label":["BMG JAPAN"],"media":["CD"],"musicbrainz_albumartistid":["3a528006-1429-47f4-ae9b-2ea95343e16a"],"musicbrainz_albumid":["b5f15401-8af1-4eea-8998-13501d607259"],"musicbrainz_artistid":["3a528006-1429-47f4-ae9b-2ea95343e16a"],"musicbrainz_recordingid":["04113d94-0386-4a34-bea3-c2aeb3314ff8"],"musicbrainz_releasegroupid":["e4ba056b-e6b5-3783-8211-b52836768425"],"musicbrainz_releasetrackid":["afea5821-85a8-33ac-b08b-b8e0ac94f93e"],"originaldate":["2007-06-27"],"originalyear":["2007"],"releasecountry":["JP"],"releasestatus":["official"],"releasetype":["album"],"script":["Latn"],"title":["She Builds Quick Machines"],"totaldiscs":["1"],"totaltracks":["14"],"tracknumber":["4"],"tracktotal":["14"]},"version":{"essentia":"2.1-beta2","essentia_build_sha":"2d9f1f26377add8aeb1075a9c2973f962c4f09fd","essentia_git_sha":"v2.1_beta2-1-ge3940c0","extractor":"music 1.0"}},"rhythm":{"beats_count":598,"beats_loudness":{"dmean":0.0133079774678,"dmean2":0.0235886871815,"dvar":0.00011884583364,"dvar2":0.000353855779395,"max":0.0945449247956,"mean":0.0430799871683,"median":0.0439688824117,"min":3.59203056188e-10,"var":0.000219929672312},"beats_loudness_band_ratio":{"dmean":[0.155866622925,0.177798569202,0.08583021909,0.0426414422691,0.0517211593688,0.036821782589],"dmean2":[0.276700764894,0.335427492857,0.158856913447,0.0740236788988,0.0879