{"lowlevel":{"average_loudness":0.949042320251,"barkbands":{"dmean":[0.000248942669714,0.00526401586831,0.00401434721425,0.00305682746693,0.00200663041323,0.00180312281009,0.00134235445876,0.0010764884064,0.00153221259825,0.0009905109182,0.000425380741945,0.000591712887399,0.000396736344555,0.000325360771967,0.000482601870317,0.000297436927212,0.000236464038608,0.000153946690261,0.000137919894769,0.00010096670303,0.0000694854898029,0.0000546050941921,0.0000382450161851,0.0000379889788746,0.0000308894523187,0.0000214441806747,0.0000131145825435],"dmean2":[0.00034783052979,0.00838896632195,0.00699775898829,0.00524763669819,0.00335604487918,0.00297521636821,0.0022179170046,0.00171245646197,0.00242571625859,0.00158155465033,0.000691763940267,0.000986982602626,0.000651742506307,0.000530744087882,0.00080429087393,0.000498735229485,0.000401936296839,0.000257282459643,0.000232937498367,0.000171085252077,0.00011800989887,0.0000913972980925,0.0000595315614191,0.0000559417858312,0.0000418382442149,0.0000290899934043,0.0000201261900656],"dvar":[1.56260270501e-7,0.0000648334098514,0.0000426780279668,0.0000202633364097,0.0000080625532064,0.00000779425499786,0.00000572905400986,0.00000471107978228,0.00000765262757341,0.00000322014557241,6.04095191648e-7,0.00000100080671928,4.87943964345e-7,3.11383388407e-7,0.00000103441186639,1.52217637606e-7,8.06307198786e-8,3.97334574131e-8,2.31754633262e-8,1.53099950495e-8,8.67181615405e-9,7.44012806919e-9,8.50938164376e-9,1.02333137519e-8,1.38562166185e-8,6.21876594664e-9,2.19476281593e-9],"dvar2":[3.14298574722e-7,0.00015234296734,0.000120935568702,0.0000569144431211,0.0000221358059207,0.0000202168412216,0.0000148285025716,0.0000105502667793,0.0000184304935829,0.00000723283983461,0.00000150562323142,0.0000025754050057,0.00000122473022657,7.36290758141e-7,0.00000275003390016,3.92514493797e-7,2.18700662913e-7,1.01612158687e-7,6.24000975336e-8,4.19189554179e-8,2.30755716757e-8,1.84651138824e-8,1.34048727674e-8,1.7736239144e-8,2.37799451241e-8,1.16975655828e-8,5.45881517766e-9],"max":[0.00543787842616,0.0856033116579,0.0776626244187,0.071379289031,0.0444483868778,0.0424249991775,0.0514574609697,0.0469863079488,0.0571800172329,0.0424904003739,0.0215586088598,0.0239837151021,0.0208516847342,0.0177330803126,0.0242563225329,0.00899769552052,0.00505720870569,0.00467984192073,0.00299713481218,0.00281175109558,0.00204244512133,0.00173326721415,0.00672604609281,0.00648480420932,0.00741480337456,0.00474711507559,0.00248374044895],"mean":[0.000357228447683,0.0075679407455,0.00587722519413,0.00511164637282,0.00380778661929,0.00311329239048,0.0023877248168,0.00177754671313,0.00304433889687,0.00201008841395,0.0007092031301,0.000947976310272,0.000715199275874,0.00060371303698,0.000849289586768,0.000610818096902,0.000485883123474,0.00035365097574,0.00036404596176,0.000264878442977,0.000174255212187,0.000124088139273,0.000101972516859,0.000108080654172,0.0000758854366723,0.0000466573401354,0.0000231928752328],"median":[0.0000910030357772,0.00428108032793,0.00339741678908,0.00360374059528,0.00292132026516,0.00164129736368,0.000888489361387,0.000635786214843,0.00120453257114,0.000754558714107,0.000369228946511,0.000542072346434,0.000399305165047,0.00035799149191,0.000459817034425,0.000462051597424,0.000385897496017,0.000278629129753,0.000304991990561,0.000211975537241,0.000134157438879,0.0000899730657693,0.0000702853285475,0.0000666713895043,0.0000378600816475,0.0000202815772354,0.00000637517814539],"min":[1.99024417162e-25,1.50429424295e-24,3.08879054433e-25,1.91114393001e-24,8.71922830945e-24,1.27615890349e-23,4.63872221489e-24,9.01116443123e-24,1.58690557133e-23,8.89973230634e-24,1.56755528664e-23,3.21056101679e-23,2.47801420946e-23,2.61492133511e-23,5.8998932345e-23,5.20874127209e-23,5.31664797759e-23,1.00823744316e-22,1.44549168333e-22,1.89335919501e-22,2.92124962457e-22,3.31140937356e-22,4.51938942716e-22,6.03721738358e-22,8.69893606173e-22,1.28450415572e-21,1.93288986063e-21],"var":[3.02174981925e-7,0.0000880447551026,0.0000503059673065,0.0000280074382317,0.0000118476773423,0.0000168988572113,0.0000152165803229,0.0000136371381814,0.0000249928016274,0.0000130137541419,0.00000123512518257,0.00000180201959665,0.00000119151968647,8.04361775408e-7,0.00000198859538614,3.33593987989e-7,1.40652005598e-7,8.77956907175e-8,5.769135214e-8,3.9614043601e-8,2.12249293696e-8,1.77382837308e-8,3.37717374066e-8,3.53419267185e-8,4.47898536038e-8,1.4905577217e-8,2.98311575442e-9]},"barkbands_crest":{"dmean":2.38427805901,"dmean2":3.88898992538,"dvar":4.70932626724,"dvar2":12.0312318802,"max":23.7137203217,"mean":8.63781070709,"median":8.07618427277,"min":2.61533641815,"var":9.66733264923},"barkbands_flatness_db":{"dmean":0.0163823645562,"dmean2":0.0252873841673,"dvar":0.0002207288926,"dvar2":0.000516822386999,"max":0.289028346539,"mean":0.108251310885,"median":0.102989509702,"min":0.0194960739464,"var":0.00131285865791},"barkbands_kurtosis":{"dmean":1.66376614571,"dmean2":2.67418980598,"dvar":4.41508817673,"dvar2":11.1266317368,"max":37.0098266602,"mean":2.77339744568,"median":1.92892122269,"min":-1.77827274799,"var":11.9194812775},"barkbands_skewness":{"dmean":0.384610682726,"dmean2":0.613870024681,"dvar":0.136361509562,"dvar2":0.340905338526,"max":5.21997737885,"mean":1.48229253292,"median":1.42726802826,"min":-2.16642355919,"var":0.645094454288},"barkbands_spread":{"dmean":4.00914335251,"dmean2":6.28024196625,"dvar":16.9580764771,"dvar2":37.5592155457,"max":97.3189086914,"mean":21.0309410095,"median":19.9950695038,"min":2.96611523628,"var":67.4893493652},"dissonance":{"dmean":0.0153753049672,"dmean2":0.0259153004736,"dvar":0.00020832035807,"dvar2":0.000569597410504,"max":0.500000119209,"mean":0.469361871481,"median":0.474517405033,"min":0.310444056988,"var":0.000489259138703},"dynamic_complexity":1.68778908253,"erbbands":{"dmean":[0.176391541958,1.22104620934,4.01697492599,7.83415842056,7.55005502701,6.97642564774,11.4789638519,16.2172851562,19.0612640381,17.8312511444,25.1343841553,40.0057220459,30.2023983002,23.8556442261,17.8823947906,25.0975627899,18.1502456665,14.2342252731,24.7914352417,17.5866394043,16.1836414337,10.2174129486,8.62383079529,7.43666791916,6.20810890198,4.6242389679,3.12957334518,2.5682888031,1.97439944744,1.56002473831,1.13947761059,0.896494626999,0.614302098751,0.371459573507,0.222906038165,0.0996659472585,0.0385409891605,0.0130256311968,0.00205827271566,0.000140401738463],"dmean2":[0.266833513975,2.03387403488,7.02070426941,13.5056123734,12.7560501099,11.7908430099,18.8949775696,26.7918720245,31.2755966187,29.7090759277,38.6793670654,62.9948348999,47.545009613,38.6988563538,29.4471073151,41.7351226807,29.9063110352,23.3750114441,40.7239151001,29.4713573456,27.2853775024,17.2723636627,14.3963022232,12.4730167389,10.5014820099,7.86950302124,5.30964374542,4.3772816658,3.30397129059,2.54956150055,1.77605140209,1.36025822163,0.892257213593,0.514475524426,0.309799641371,0.135559350252,0.0530824065208,0.0194469764829,0.0031916371081,0.00021714095783],"dvar":[0.0874035432935,3.52141690254,41.2413673401,144.669036865,105.600448608,123.98991394,313.184570312,784.20135498,1138.8269043,1744.52319336,2409.9152832,6055.46044922,3775.18139648,1450.44372559,1290.79260254,1970.33984375,1003.484375,563.252075195,2834.34765625,1872.57653809,419.539459229,144.289840698,140.564422607,71.0665206909,50.0659141541,33.1157951355,16.7888393402,15.3110923767,10.1678256989,7.0631737709,8.71353435516,6.19315338135,2.99081349373,1.76355528831,0.811541974545,0.206172123551,0.0158540140837,0.00242801406421,0.0000559057334613,1.60718542475e-7],"dvar2":[0.192288503051,9.072930336,116.579368591,406.063171387,297.349273682,342.85369873,804.884155273,2008.35742188,2882.64892578,4706.81884766,4774.49023438,14579.4560547,8347.515625,3583.60742188,3386.25415039,5000.27099609,2504.54443359,1423.76831055,7167.16943359,5306.39404297,1148.90844727,387.292694092,366.003631592,188.69770813,134.668365479,91.1457443237,45.3077697754,40.9955749512,25.3633918762,16.5933570862,15.2342453003,9.57129859924,5.6583442688,2.80022501945,1.62565505505,0.414871245623,0.0315804407001,0.00557664455846,0.000142769291415,3.92844782482e-7],"max":[2.90336608887,22.443983078,73.6689071655,220.692230225,137.133026123,201.781097412,370.737548828,530.136657715,801.718139648,630.083312988,1315.44873047,1651.12817383,1696.00219727,727.67755127,1170.45861816,1112.82067871,970.226867676,595.321472168,1504.93652344,1152.24084473,412.958435059,239.5625,297.209777832,177.984191895,165.97958374,108.419021606,91.322883606,88.5919570923,76.8195037842,81.9880447388,223.312728882,190.899307251,97.2889556885,89.2777099609,47.8858642578,32.5001411438,5.26281738281,2.88627839088,0.277567625046,0.0092513943091],"mean":[0.225851252675,1.67668378353,6.1337685585,13.3711795807,14.3062324524,12.0954742432,18.9201564789,26.7869052887,35.6863822937,26.9180469513,48.6601905823,81.5860900879,62.9366378784,47.7434272766,32.3401985168,41.8571968079,34.9715080261,29.1597042084,47.1073532104,36.0251617432,36.0209274292,24.5166473389,20.2504673004,19.3578205109,16.6013450623,12.3815088272,8.40449905396,5.91889667511,4.46402263641,3.61817574501,2.95296001434,2.46461939812,1.62451207638,0.910945355892,0.511456251144,0.222928956151,0.0813448876143,0.0231003053486,0.00347562762909,0.000300210609566],"median":[0.0769058093429,1.06405770779,3.69014382362,9.13429069519,10.3098468781,8.74528694153,11.1549701691,12.7841386795,14.1576185226,13.66010952,20.0373592377,29.3197956085,26.2533092499,23.9414386749,18.7183609009,24.202796936,20.6395759583,19.3225269318,24.8975543976,22.9299964905,28.458404541,20.4005184174,15.8456373215,16.1253585815,14.0172386169,10.041258812,6.70269012451,4.32329750061,3.25698447227,2.54343390465,2.01529836655,1.59082329273,0.946733415127,0.475924223661,0.242386072874,0.101317726076,0.0352553986013,0.00780836306512,0.00102263852023,0.000112057627121],"min":[4.03575843302e-23,4.8110311776e-22,2.60272682662e-21,1.10951948916e-20,2.06068203551e-20,1.84601348004e-20,4.82881675226e-20,1.11922280242e-19,2.01157374426e-19,1.21366485639e-19,3.12874630199e-19,3.31306747487e-19,6.0179617781e-19,8.92943849395e-19,9.10125114501e-19,1.18038435597e-18,1.02196665416e-18,1.67530636879e-18,1.8168285964e-18,2.15759805745e-18,3.65871869741e-18,3.45434242717e-18,6.4192164433e-18,6.85585241503e-18,8.25643380103e-18,8.54109808267e-18,1.01604538514e-17,1.04037789548e-17,1.13760172683e-17,1.12400014786e-17,1.22167040859e-17,1.08940555213e-17,1.01872727013e-17,8.77183101555e-18,6.0105933566e-18,4.12520058641e-18,2.42151334061e-18,9.61864744828e-19,2.41155201808e-19,2.84318681705e-20],"var":[0.123679071665,3.94300937653,48.2640686035,185.091308594,190.789489746,150.748428345,544.745605469,1702.52001953,3299.48681641,1900.94689941,9734.76660156,20451.3652344,15072.6933594,4783.61083984,2352.6159668,3598.19238281,2523.64428711,1255.75708008,5824.20996094,3627.75170898,835.512878418,287.367828369,299.189727783,171.375167847,124.857254028,81.495552063,41.0577354431,32.043548584,23.1358242035,19.5225811005,31.8086853027,21.9432201385,8.71605491638,6.14245033264,2.09391903877,0.404363244772,0.0391390807927,0.00367716467008,0.0000698379444657,2.87735645088e-7]},"erbbands_crest":{"dmean":2.35587978363,"dmean2":3.86498022079,"dvar":5.18559980392,"dvar2":12.9397354126,"max":30.4213962555,"mean":8.3811750412,"median":7.28805780411,"min":1.95582568645,"var":18.9683074951},"erbbands_flatness_db":{"dmean":0.0122790141031,"dmean2":0.0184162706137,"dvar":0.000130095591885,"dvar2":0.000269354582997,"max":0.351140916348,"mean":0.134352520108,"median":0.129501089454,"min":0.0275742392987,"var":0.00169319391716},"erbbands_kurtosis":{"dmean":0.527926683426,"dmean2":0.852495253086,"dvar":0.585585653782,"dvar2":1.17471623421,"max":59.6562385559,"mean":0.0390888266265,"median":-0.301232069731,"min":-1.67764770985,"var":1.79376065731},"erbbands_skewness":{"dmean":0.261751204729,"dmean2":0.418426185846,"dvar":0.0545958839357,"dvar2":0.133251860738,"max":4.75976133347,"mean":0.298799455166,"median":0.251224786043,"min":-1.44167554379,"var":0.291101545095},"erbbands_spread":{"dmean":5.55459976196,"dmean2":8.91379833221,"dvar":26.0950813293,"dvar2":62.9663085938,"max":117.113327026,"mean":37.9562301636,"median":36.0373077393,"min":1.91694581509,"var":202.919067383},"gfcc":{"cov":[[14954.4482422,41.6231307983,-277.907470703,119.49785614,-542.90637207,449.311279297,-337.702331543,242.989334106,-101.763175964,68.3213195801,-121.130111694,74.59740448,-157.953643799],[41.6231307983,875.06427002,-475.930725098,143.257614136,82.1764831543,-145.083221436,57.055480957,-47.5665893555,0.674008250237,-18.765871048,0.294997692108,-56.562877655,41.5816268921],[-277.907470703,-475.930725098,742.989929199,29.5693264008,32.7534675598,154.927459717,-32.2784538269,71.2942276001,64.6583328247,57.5734710693,59.8487167358,79.6732788086,-9.30373668671],[119.49785614,143.257614136,29.5693264008,229.664489746,95.1231689453,17.3757629395,7.72554540634,-1.93429493904,-3.47763085365,-2.76619982719,5.80851316452,-3.04771924019,9.41833209991],[-542.90637207,82.1764831543,32.7534675598,95.1231689453,166.899032593,9.10779190063,61.4025192261,-2.71852755547,6.38983726501,0.276775240898,9.18075275421,-3.68344783783,14.303352356],[449.311279297,-145.083221436,154.927459717,17.3757629395,9.10779190063,180.215682983,19.064332962,57.1290473938,9.78273105621,8.22323417664,9.50909423828,27.1273517609,-14.1705513],[-337.702331543,57.055480957,-32.2784538269,7.72554540634,61.4025192261,19.064332962,116.04599762,13.2196712494,11.0640525818,-19.1138572693,-0.364763408899,-9.74725246429,12.1659631729],[242.989334106,-47.5665893555,71.2942276001,-1.93429493904,-2.71852755547,57.1290473938,13.2196712494,90.9688949585,41.7273521423,20.0741596222,-1.64687645435,2.50285768509,-8.70977783203],[-101.763175964,0.674008250237,64.6583328247,-3.47763085365,6.38983726501,9.78273105621,11.0640525818,41.7273521423,82.9058609009,36.4722747803,15.3311309814,-5.18608140945,2.4363181591],[68.3213195801,-18.765871048,57.5734710693,-2.76619982719,0.276775240898,8.22323417664,-19.1138572693,20.0741596222,36.4722747803,63.4993057251,31.2219009399,15.3348646164,-4.58105707169],[-121.130111694,0.294997692108,59.8487167358,5.80851316452,9.18075275421,9.50909423828,-0.364763408899,-1.64687645435,15.3311309814,31.2219009399,63.2639465332,32.5411491394,9.60171699524],[74.59740448,-56.562877655,79.6732788086,-3.04771924019,-3.68344783783,27.1273517609,-9.74725246429,2.50285768509,-5.18608140945,15.3348646164,32.5411491394,64.1886672974,18.3744487762],[-157.953643799,41.5816268921,-9.30373668671,9.41833209991,14.303352356,-14.1705513,12.1659631729,-8.70977783203,2.4363181591,-4.58105707169,9.60171699524,18.3744487762,50.0682525635]],"icov":[[0.000108932370495,-0.0000665493062115,0.0000893707911018,-0.000189421130926,0.000388687301893,-0.000317346333759,0.000159218907356,-0.000210304293432,0.000184619348147,-0.000260083732428,0.000313185591949,-0.000247629446676,0.000173072403413],[-0.0000665493062115,0.00268908590078,0.00167116476223,-0.00159103353508,-0.000599847408012,0.00108934449963,-0.000458295922726,-0.0000790319754742,-0.00118295324501,0.000300540559692,-0.00174612912815,0.00077434926061,-0.00112037407234],[0.0000893707911018,0.00167116476223,0.00335482228547,-0.00118320644833,-0.00083349342458,-0.00106141215656,0.00121754547581,-0.000480804883409,-0.00243352516554,0.000539586471859,-0.00132856867276,-0.00203278055415,0.000466803292511],[-0.000189421130926,-0.00159103353508,-0.00118320644833,0.00760398758575,-0.00466245319694,-0.000887178000994,0.00235304306261,0.0000916865028557,0.000678430078551,0.00148187286686,-0.000564645859413,0.00128557847347,-0.000662360398564],[0.000388687301893,-0.000599847408012,-0.00083349342458,-0.00466245319694,0.0124760195613,-0.000680237077177,-0.00583632243797,0.000809163437225,0.00198195246048,-0.00414864579216,0.00170828541741,0.00040507063386,-0.000703444879036],[-0.000317346333759,0.00108934449963,-0.00106141215656,-0.000887178000994,-0.000680237077177,0.0104829929769,-0.00285646272823,-0.00461369520053,0.00129083113279,0.00147375359666,-0.00131727580447,-0.00235956115648,0.00230714958161],[0.000159218907356,-0.000458295922726,0.00121754547581,0.00235304306261,-0.00583632243797,-0.00285646272823,0.0151094673201,-0.00258407229558,-0.00309334369376,0.00727985147387,-0.00302338297479,0.00130279618315,-0.0016772588715],[-0.000210304293432,-0.0000790319754742,-0.000480804883409,0.0000916865028557,0.000809163437225,-0.00461369520053,-0.00258407229558,0.0203343592584,-0.00921105034649,-0.00277530145831,0.0053490344435,-0.00169699057005,0.00171511550434],[0.000184619348147,-0.00118295324501,-0.00243352516554,0.000678430078551,0.00198195246048,0.00129083113279,-0.00309334369376,-0.00921105034649,0.0256932750344,-0.0129561778158,-0.00169467099477,0.00883510895073,-0.00541956396773],[-0.000260083732428,0.000300540559692,0.000539586471859,0.00148187286686,-0.00414864579216,0.00147375359666,0.00727985147387,-0.00277530145831,-0.0129561778158,0.0339075252414,-0.0133592728525,-0.0037017816212,0.00575530156493],[0.000313185591949,-0.00174612912815,-0.00132856867276,-0.000564645859413,0.00170828541741,-0.00131727580447,-0.00302338297479,0.0053490344435,-0.00169467099477,-0.0133592728525,0.0316201411188,-0.0135144004598,0.000857724691741],[-0.000247629446676,0.00077434926061,-0.00203278055415,0.00128557847347,0.00040507063386,-0.00235956115648,0.00130279618315,-0.00169699057005,0.00883510895073,-0.0037017816212,-0.0135144004598,0.0327728204429,-0.0136433318257],[0.000173072403413,-0.00112037407234,0.000466803292511,-0.000662360398564,-0.000703444879036,0.00230714958161,-0.0016772588715,0.00171511550434,-0.00541956396773,0.00575530156493,0.000857724691741,-0.0136433318257,0.0288531519473]],"mean":[40.3120422363,92.5665512085,-112.112571716,25.5906791687,-45.0058364868,7.83858633041,-30.6813640594,7.71890878677,-22.2336769104,-1.62742543221,-18.4411220551,-4.47820425034,-11.6956634521]},"hfc":{"dmean":5.36544084549,"dmean2":8.66246891022,"dvar":48.5653190613,"dvar2":116.630699158,"max":186.706878662,"mean":25.991109848,"median":23.7791347504,"min":1.07127148663e-16,"var":190.645950317},"melbands":{"dmean":[0.0014584667515,0.00180512736551,0.00127982138656,0.000492238497827,0.000361356331268,0.000352876522811,0.000286046502879,0.000195729415282,0.000213687249925,0.000253775011515,0.000151580461534,0.00010300509166,0.000056120185036,0.0000701531898812,0.0000489450612804,0.0000390170971514,0.0000284499092231,0.0000420600226789,0.0000279396663245,0.0000229845009017,0.0000213035818888,0.0000132987624966,0.0000097024567367,0.00000733098340788,0.00000678070364302,0.00000549491960555,0.00000446006970378,0.00000315161901199,0.00000221213713303,0.00000194810195353,0.00000153534051606,0.00000125665064843,0.00000108495930817,8.47413559768e-7,7.31096577056e-7,6.11701807429e-7,5.88902196341e-7,4.98819474615e-7,3.61087529654e-7,3.26832520159e-7],"dmean2":[0.00227343244478,0.00309398211539,0.00219740951434,0.000829595490359,0.000595009245444,0.000582987442613,0.000470694591058,0.000324813299812,0.000327460613335,0.000400036835345,0.000237780142925,0.000167501930264,0.0000918047444429,0.000117030882393,0.0000815220773802,0.0000638979763607,0.0000469705992145,0.0000688935324433,0.0000465379671368,0.000038398844481,0.0000361218844773,0.0000225663952733,0.0000161136467796,0.0000123140371215,0.0000114287258839,0.00000931747854338,0.00000755947303333,0.00000538965969099,0.00000375936633645,0.00000329013278133,0.00000264841014541,0.00000211515816773,0.00000181089876605,0.00000139016708545,0.00000116842647913,9.31570070861e-7,9.13447138373e-7,7.41724704767e-7,5.36877905688e-7,4.57737115767e-7],"dvar":[0.00000542316774954,0.00000746592513678,0.00000353596783498,4.97875191741e-7,2.92586065598e-7,3.42092448591e-7,2.4819073019e-7,2.0225941455e-7,1.49288553075e-7,2.57758955513e-7,9.43233686712e-8,2.79453029606e-8,1.07437170271e-8,1.45635228321e-8,6.07506756012e-9,4.73031924741e-9,2.63874255779e-9,7.35789118522e-9,2.86887780199e-9,1.88482407459e-9,7.46918693562e-10,2.54225585028e-10,2.0347259988e-10,9.28501719955e-11,5.93329205212e-11,3.69223610019e-11,3.07951025791e-11,1.51086834016e-11,8.45151032491e-12,6.56534202004e-12,6.21188517291e-12,4.06471210856e-12,3.09134792417e-12,2.39620562975e-12,3.3186754126e-12,3.50808249637e-12,2.45470093904e-12,1.83523335417e-12,1.27010262117e-12,1.74167017614e-12],"dvar2":[0.0000122027131511,0.0000206404074561,0.00000996700873657,0.00000139290159495,7.63998457387e-7,8.85543329332e-7,6.35577237063e-7,5.45509806216e-7,2.98320202319e-7,6.24657843673e-7,2.08048888339e-7,6.976338085e-8,2.73546181262e-8,3.81967986129e-8,1.57402499923e-8,1.15462226447e-8,6.60963817012e-9,1.83917112651e-8,7.80401165912e-9,4.99466334958e-9,2.07125783191e-9,6.91933954577e-10,5.18006693095e-10,2.45187259384e-10,1.59616833639e-10,1.00324949737e-10,8.43723702015e-11,4.20062387652e-11,2.33017216633e-11,1.76469585472e-11,1.68098261005e-11,1.03515425398e-11,7.76487121129e-12,5.68645304455e-12,6.98171728764e-12,4.94825491346e-12,4.65775595176e-12,3.5729457587e-12,2.55309814089e-12,2.77089570906e-12],"max":[0.0254863481969,0.0310895703733,0.0324451811612,0.0115929981694,0.00983155146241,0.0103772468865,0.0120444484055,0.00706542655826,0.00992912519723,0.011111561209,0.00831033289433,0.00320337107405,0.00302024953999,0.002920958912,0.0021817132365,0.00184320111293,0.00138220237568,0.00229824101552,0.00114977674093,0.00101619190536,0.000554972793907,0.000326515524648,0.000452247069916,0.000296466343571,0.000141540440382,0.000124958110973,0.000120807984786,0.0000712980618118,0.0000686593702994,0.000058650279243,0.0000443647695647,0.0000398720658268,0.0000432992928836,0.0000555620827072,0.000125133927213,0.000179612019565,0.0000984842263279,0.0000863024615683,0.0000684221158735,0.000101326833828],"mean":[0.00201632152312,0.00291459192522,0.00238535995595,0.000931084330659,0.00062434503343,0.000594092125539,0.000539226748515,0.000290651601972,0.000409482396208,0.000502687355038,0.000302848551655,0.000198481720872,0.0000985962542472,0.000112030371383,0.0000872377568157,0.0000694584814482,0.0000517268090334,0.0000770930855651,0.0000511699436174,0.0000448100436188,0.0000433611239714,0.0000274260219157,0.0000196122218767,0.0000160612526088,0.0000157753274834,0.0000130275975607,0.000010615287465,0.00000759772228776,0.00000533499087396,0.00000452955646324,0.00000302032754007,0.00000258876730186,0.00000223898678087,0.00000185721921753,0.00000171443707586,0.00000154294980348,0.00000149264747051,0.00000122894402921,8.62784304445e-7,7.28222744328e-7],"median":[0.000951968831941,0.00194889644627,0.00178108282853,0.000723058881704,0.000402768986532,0.000292007782264,0.000213226492633,0.000143988640048,0.000171317675267,0.000176120709511,0.000117142022646,0.0000927297951421,0.0000537738269486,0.0000638930141577,0.000053337735153,0.0000384787890653,0.0000315474171657,0.0000392423316953,0.0000314469725708,0.0000296995731333,0.0000335668228217,0.0000216835815081,0.0000147528653542,0.0000124566331579,0.0000127563116621,0.000010777776879,0.00000834127968119,0.00000609931748841,0.00000414624446421,0.00000341349505106,0.00000206488334697,0.00000186046088402,0.00000152600568981,0.00000127265286665,0.00000114448414479,0.00000103163074527,9.14209920211e-7,6.901125289e-7,4.83522512695e-7,3.57215412805e-7],"min":[5.29348889496e-25,2.07672050921e-24,2.59222434747e-24,1.85143702025e-24,1.64836578362e-24,2.53989210388e-24,3.16243233686e-24,1.58161197939e-24,3.10510265943e-24,1.97855465816e-24,2.43168898389e-24,3.46907223426e-24,2.35592796585e-24,4.14841360786e-24,2.22888684744e-24,2.4851262244e-24,2.27362413545e-24,2.30449719305e-24,3.14619028247e-24,1.99924036603e-24,3.73058356865e-24,2.94222201238e-24,4.86841129479e-24,4.2778810652e-24,4.90506098359e-24,4.65447261173e-24,4.39714421229e-24,5.2155633412e-24,5.33626418729e-24,5.0280727977e-24,5.05388866526e-24,5.51038669389e-24,6.21935018891e-24,5.73790798402e-24,5.8759543037e-24,5.44964203761e-24,4.93960678035e-24,6.12465572028e-24,6.77682004683e-24,6.08718009411e-24],"var":[0.00000759052682042,0.00000902818555915,0.00000472133797302,7.01764633959e-7,5.00151031702e-7,7.46081127545e-7,7.3537711387e-7,2.15971354578e-7,5.84072893162e-7,8.21984713184e-7,3.73639835516e-7,9.44879587905e-8,2.20336655588e-8,2.52039225046e-8,1.38753284418e-8,1.1068383543e-8,5.4964846008e-9,1.61667976784e-8,5.83655390685e-9,4.01238420267e-9,1.35893241104e-9,4.5533796178e-10,3.56668888868e-10,1.8394682999e-10,1.31370303524e-10,8.41046676747e-11,7.10677836024e-11,3.24535433249e-11,1.80455737159e-11,1.58869115779e-11,1.04718273983e-11,8.18364560146e-12,7.01888807492e-12,6.10449971822e-12,1.02765686585e-11,1.2005301267e-11,7.57540297852e-12,5.15022703304e-12,3.00381789754e-12,5.73351609245e-12]},"melbands_crest":{"dmean":3.20231580734,"dmean2":5.19687366486,"dvar":7.74144268036,"dvar2":19.9092597961,"max":30.9202537537,"mean":13.2238798141,"median":12.6851072311,"min":1.549482584,"var":20.6727523804},"melbands_flatness_db":{"dmean":0.02089077048,"dmean2":0.032334536314,"dvar":0.000385153340176,"dvar2":0.000904659624211,"max":0.403680920601,"mean":0.186258032918,"median":0.181437626481,"min":0.00356345716864,"var":0.00198074057698},"melbands_kurtosis":{"dmean":4.32121610641,"dmean2":6.97731637955,"dvar":36.5160255432,"dvar2":92.5173873901,"max":121.223960876,"mean":9.8890838623,"median":6.91209697723,"min":-1.41090857983,"var":108.328071594},"melbands_skewness":{"dmean":0.561472356319,"dmean2":0.896082162857,"dvar":0.3163151443,"dvar2":0.782817542553,"max":9.32534122467,"mean":2.44986200333,"median":2.2704231739,"min":-2.26640868187,"var":1.62058603764},"melbands_spread":{"dmean":4.66397285461,"dmean2":7.42825078964,"dvar":20.9328651428,"dvar2":52.5897026062,"max":160.18132019,"mean":21.0840854645,"median":19.5193424225,"min":2.11170601845,"var":141.126800537},"mfcc":{"cov":[[5150.5703125,236.334640503,622.398986816,-149.878646851,145.493331909,75.9658050537,-19.1829280853,108.897201538,6.40988206863,93.8842163086,27.1094894409,54.5431480408,-56.6721229553],[236.334640503,698.404052734,-303.235839844,178.716583252,-40.3053398132,-6.11283063889,0.644413113594,-28.1187152863,15.5367469788,-7.46996164322,-10.6109161377,-9.24410152435,17.1364803314],[622.398986816,-303.235839844,553.145996094,-84.4545059204,127.695655823,34.0444641113,-4.00147676468,46.8810768127,-2.53255200386,38.3727798462,34.9862670898,56.7637252808,0.378136277199],[-149.878646851,178.716583252,-84.4545059204,246.597381592,57.7607536316,31.9524497986,22.2565898895,-14.9406375885,14.875202179,-17.1630077362,-11.6214179993,4.82726144791,26.219707489],[145.493331909,-40.3053398132,127.695655823,57.7607536316,135.553863525,45.7231559753,21.8295021057,17.9490909576,8.82026863098,20.5755119324,9.8904504776,31.1991977692,10.2372913361],[75.9658050537,-6.11283063889,34.0444641113,31.9524497986,45.7231559753,91.0140914917,50.7540054321,29.2929916382,5.24992132187,-3.73131966591,2.91722226143,8.45230865479,4.42544317245],[-19.1829280853,0.644413113594,-4.00147676468,22.2565898895,21.8295021057,50.7540054321,92.1911392212,44.9981536865,11.4142446518,-5.5292263031,-4.46672964096,4.76197576523,4.55802679062],[108.897201538,-28.1187152863,46.8810768127,-14.9406375885,17.9490909576,29.2929916382,44.9981536865,80.1064758301,30.6312351227,19.68019104,3.11661338806,6.17590379715,-4.58574104309],[6.40988206863,15.5367469788,-2.53255200386,14.875202179,8.82026863098,5.24992132187,11.4142446518,30.6312351227,64.5508422852,32.7516746521,11.8213415146,-0.308909744024,-7.469622612],[93.8842163086,-7.46996164322,38.3727798462,-17.1630077362,20.5755119324,-3.73131966591,-5.5292263031,19.68019104,32.7516746521,74.8857269287,32.7186927795,14.6690406799,-13.2472333908],[27.1094894409,-10.6109161377,34.9862670898,-11.6214179993,9.8904504776,2.91722226143,-4.46672964096,3.11661338806,11.8213415146,32.7186927795,56.5107765198,24.2697238922,0.635166287422],[54.5431480408,-9.24410152435,56.7637252808,4.82726144791,31.1991977692,8.45230865479,4.76197576523,6.17590379715,-0.308909744024,14.6690406799,24.2697238922,61.2012748718,24.8568210602],[-56.6721229553,17.1364803314,0.378136277199,26.219707489,10.2372913361,4.42544317245,4.55802679062,-4.58574104309,-7.469622612,-13.2472333908,0.635166287422,24.8568210602,55.5485992432]],"icov":[[0.000289764953777,-0.000387792853871,-0.000444063887699,0.000281223561615,-0.0000722228360246,-0.000237995118368,0.000220452420763,-0.000255457533058,0.000150706429849,-0.000131904205773,0.000226395772188,-0.0000168536626006,0.000272394099738],[-0.000387792853871,0.00278292829171,0.00160292140208,-0.00189021567348,0.000714511785191,0.00017788457626,0.000123892343254,0.00010329518409,-0.0000579400984861,-0.000519812398124,-0.000220312736928,-0.000617210171185,-0.000373399350792],[-0.000444063887699,0.00160292140208,0.00428638467565,0.000499352812767,-0.00305111589842,0.00014070328325,0.00135483173653,-0.00156051886734,0.000549777003471,0.000508074648678,-0.00110147241503,-0.00145379290916,-0.0000430920481449],[0.000281223561615,-0.00189021567348,0.000499352812767,0.00773764075711,-0.00468729995191,-0.0010329389479,-0.000657471304294,0.00234518223442,-0.00301317661069,0.00215146131814,0.000585479836445,0.000708173844032,-0.00180764030665],[-0.0000722228360246,0.000714511785191,-0.00305111589842,-0.00468729995191,0.015546050854,-0.0049252784811,-0.00054292823188,0.00106515781954,0.000624753593002,-0.00491430005059,0.00297948741354,-0.00405754195526,0.00029259713483],[-0.000237995118368,0.00017788457626,0.00014070328325,-0.0010329389479,-0.0049252784811,0.0194457713515,-0.00840692408383,-0.00226937956177,0.000934294250328,0.00321626965888,-0.00347897107713,0.00135990965646,0.00037379693822],[0.000220452420763,0.000123892343254,0.00135483173653,-0.000657471304294,-0.00054292823188,-0.00840692408383,0.0213218256831,-0.0108355088159,0.000793029088527,0.00268959836103,0.0006301755202,-0.00139150139876,-0.0000229275265156],[-0.000255457533058,0.00010329518409,-0.00156051886734,0.00234518223442,0.00106515781954,-0.00226937956177,-0.0108355088159,0.0253600254655,-0.00964917149395,-0.00341010279953,0.0037437248975,-0.00112709775567,-0.0000708844745532],[0.000150706429849,-0.0000579400984861,0.000549777003471,-0.00301317661069,0.000624753593002,0.000934294250328,0.000793029088527,-0.00964917149395,0.0258142761886,-0.00981183722615,-0.00163820257876,0.00304902414791,0.000324606720824],[-0.000131904205773,-0.000519812398124,0.000508074648678,0.00215146131814,-0.00491430005059,0.00321626965888,0.00268959836103,-0.00341010279953,-0.00981183722615,0.0270823352039,-0.0113198431209,-0.00275475578383,0.00565537204966],[0.000226395772188,-0.000220312736928,-0.00110147241503,0.000585479836445,0.00297948741354,-0.00347897107713,0.0006301755202,0.0037437248975,-0.00163820257876,-0.0113198431209,0.0290490202606,-0.0100518176332,0.00126146327239],[-0.0000168536626006,-0.000617210171185,-0.00145379290916,0.000708173844032,-0.00405754195526,0.00135990965646,-0.00139150139876,-0.00112709775567,0.00304902414791,-0.00275475578383,-0.0100518176332,0.029532270506,-0.0128376660869],[0.000272394099738,-0.000373399350792,-0.0000430920481449,-0.00180764030665,0.00029259713483,0.00037379693822,-0.0000229275265156,-0.0000708844745532,0.000324606720824,0.00565537204966,0.00126146327239,-0.0128376660869,0.0262837018818]],"mean":[-600.593688965,128.381317139,-7.73274850845,24.1929512024,5.52367258072,4.03465461731,2.35109567642,4.36057662964,1.95157110691,4.59209680557,-3.67469263077,-1.88481962681,-2.23408770561]},"pitch_salience":{"dmean":0.0679833739996,"dmean2":0.110409609973,"dvar":0.00348359253258,"dvar2":0.00911677721888,"max":0.884586572647,"mean":0.585005164146,"median":0.582458078861,"min":0.188210532069,"var":0.00926537439227},"silence_rate_20dB":{"dmean":0,"dmean2":0,"dvar":0,"dvar2":0,"max":1,"mean":1,"median":1,"min":1,"var":0},"silence_rate_30dB":{"dmean":0.00124494242482,"dmean2":0.00249007856473,"dvar":0.00124339258764,"dvar2":0.00357328751124,"max":1,"mean":0.999299764633,"median":1,"min":0,"var":0.000699735304806},"silence_rate_60dB":{"dmean":0.00108932459261,"dmean2":0.00217881868593,"dvar":0.00108813797124,"dvar2":0.00248533138074,"max":1,"mean":0.0131486812606,"median":0,"min":0,"var":0.0129757933319},"spectral_centroid":{"dmean":179.523971558,"dmean2":291.607574463,"dvar":35241.2382812,"dvar2":88907.4453125,"max":12034.2109375,"mean":1279.94958496,"median":1191.640625,"min":297.845306396,"var":634527.5625},"spectral_complexity":{"dmean":3.87379407883,"dmean2":6.2592792511,"dvar":10.7174987793,"dvar2":26.4869728088,"max":63,"mean":27.6292686462,"median":27,"min":0,"var":66.100402832},"spectral_contrast_coeffs":{"dmean":[0.0526781566441,0.04947360605,0.0402290932834,0.0277692079544,0.0184545535594,0.0163884777576],"dmean2":[0.0864020437002,0.0814726799726,0.0660876110196,0.0461802072823,0.0311829242855,0.0269711911678],"dvar":[0.00189991528168,0.00156461494043,0.00102784973569,0.000488073186716,0.000209646270378,0.00021055774414],"dvar2":[0.00508206244558,0.00416988227516,0.00270863901824,0.00132369296625,0.000586186302826,0.000544912822079],"max":[-0.282913029194,-0.456384599209,-0.525269627571,-0.532020628452,-0.612339377403,-0.622859120369],"mean":[-0.632914483547,-0.727568149567,-0.761374056339,-0.796585381031,-0.80454903841,-0.758928120136],"median":[-0.633408308029,-0.731784641743,-0.768839299679,-0.803269326687,-0.805004000664,-0.76251667738],"min":[-0.981041073799,-0.973835170269,-0.978356659412,-0.973551392555,-0.966681778431,-0.965138196945],"var":[0.00546450307593,0.00559641001746,0.00473283231258,0.00211060116999,0.000716207723599,0.00147700402886]},"spectral_contrast_valleys":{"dmean":[0.384209722281,0.37924015522,0.325006037951,0.243125170469,0.176615580916,0.198310151696],"dmean2":[0.632277548313,0.624894678593,0.530553638935,0.39872482419,0.289207309484,0.284986585379],"dvar":[0.111644372344,0.12158074975,0.0801429226995,0.0466136336327,0.0307130943984,0.0624058581889],"dvar2":[0.28435382247,0.300678253174,0.196357250214,0.109056569636,0.0698687434196,0.116967245936],"max":[-5.13998603821,-4.27539873123,-5.08702850342,-5.46565246582,-5.82912683487,-7.28181123734],"mean":[-6.83337116241,-6.40305805206,-6.79198741913,-7.08101272583,-7.03569459915,-9.98794460297],"median":[-6.52838230133,-6.2037396431,-6.62810564041,-6.91490840912,-6.88654518127,-9.61767673492],"min":[-28.3739852905,-27.8899116516,-27.7691612244,-27.6859512329,-27.4984149933,-27.3928318024],"var":[3.27992129326,3.08760237694,2.94181632996,2.79469442368,2.77789330482,2.82351493835]},"spectral_decrease":{"dmean":2.94092394881e-9,"dmean2":4.75608352701e-9,"dvar":1.133693133e-17,"dvar2":2.91742896278e-17,"max":1.68617020339e-28,"mean":-1.04017274793e-8,"median":-9.90185444749e-9,"min":-4.42939338541e-8,"var":2.53316866123e-17},"spectral_energy":{"dmean":0.011408184655,"dmean2":0.0184656381607,"dvar":0.000169796694536,"dvar2":0.000438584567746,"max":0.172597274184,"mean":0.0416160076857,"median":0.0397784896195,"min":1.00601496072e-20,"var":0.000388718559407},"spectral_energyband_high":{"dmean":0.000221243491978,"dmean2":0.000340154394507,"dvar":1.66179688676e-7,"dvar2":2.84894326796e-7,"max":0.0197041295469,"mean":0.000771758321207,"median":0.000581090745982,"min":7.14885028285e-21,"var":7.27097642539e-7},"spectral_energyband_low":{"dmean":0.00814855471253,"dmean2":0.0130604859442,"dvar":0.000121133525681,"dvar2":0.000298318977002,"max":0.126288279891,"mean":0.0166658926755,"median":0.0124712614343,"min":1.25134299602e-23,"var":0.000212115948671},"spectral_energyband_middle_high":{"dmean":0.00203898525797,"dmean2":0.00333020603284,"dvar":0.00000594997209191,"dvar2":0.0000152814118337,"max":0.0459882132709,"mean":0.00740092247725,"median":0.00600824924186,"min":1.14672193721e-21,"var":0.0000269925149041},"spectral_energyband_middle_low":{"dmean":0.00672578858212,"dmean2":0.0111895985901,"dvar":0.000063572988438,"dvar2":0.000172296524397,"max":0.0987348109484,"mean":0.0200457423925,"median":0.0184283126146,"min":1.73063056934e-22,"var":0.000145493584569},"spectral_entropy":{"dmean":0.096727669239,"dmean2":0.148969486356,"dvar":0.0083662783727,"dvar2":0.018639402464,"max":9.83020687103,"mean":7.73663473129,"median":7.73621892929,"min":6.11241292953,"var":0.0779336094856},"spectral_flux":{"dmean":0.0290724597871,"dmean2":0.0442798957229,"dvar":0.000886762107257,"dvar2":0.00170440704096,"max":0.316012740135,"mean":0.105348914862,"median":0.0977530926466,"min":6.27822793753e-11,"var":0.00201854947954},"spectral_kurtosis":{"dmean":1.07518279552,"dmean2":1.86127018929,"dvar":1.68500208855,"dvar2":5.2422041893,"max":30.2518615723,"mean":4.57179880142,"median":4.43991613388,"min":-1.26329481602,"var":2.62477731705},"spectral_rms":{"dmean":0.000825068505947,"dmean2":0.0013221896952,"dvar":7.10882545718e-7,"dvar2":0.00000182149130978,"max":0.0129764247686,"mean":0.00614718766883,"median":0.00622962927446,"min":3.13285486962e-12,"var":0.00000281306461147},"spectral_rolloff":{"dmean":307.568603516,"dmean2":508.328369141,"dvar":223125.578125,"dvar2":465502.96875,"max":19466.015625,"mean":1200.78808594,"median":947.4609375,"min":21.533203125,"var":2171119.5},"spectral_skewness":{"dmean":0.145706430078,"dmean2":0.244225129485,"dvar":0.0208672322333,"dvar2":0.0606526471674,"max":3.99824881554,"mean":1.55312776566,"median":1.58342921734,"min":-0.0853238105774,"var":0.0839459747076},"spectral_spread":{"dmean":340056.09375,"dmean2":488001.4375,"dvar":230292176896,"dvar2":422014025728,"max":42739760,"mean":4572051.5,"median":4322981.5,"min":1708784,"var":8326203572220},"spectral_strongpeak":{"dmean":0.547292351723,"dmean2":0.939672470093,"dvar":0.664574444294,"dvar2":1.65780937672,"max":10.1132135391,"mean":0.993918597698,"median":0.534671723843,"min":0,"var":1.28665816784},"zerocrossingrate":{"dmean":0.00749837700278,"dmean2":0.00907984282821,"dvar":0.000064969084633,"dvar2":0.000079317142081,"max":0.5244140625,"mean":0.0563487894833,"median":0.05078125,"min":0.009765625,"var":0.001563368598}},"metadata":{"audio_properties":{"analysis_sample_rate":44100,"bit_rate":0,"codec":"flac","downmix":"mix","equal_loudness":0,"length":298.413330078,"lossless":true,"md5_encoded":"a89df3206ec608ebe3e07a7177b8dc91","replay_gain":-14.6251373291},"tags":{"acoustid_id":["513f3c09-da69-4b35-91ef-2d2b1a915177"],"album":["Absolution"],"albumartist":["Muse"],"albumartistsort":["Muse"],"artist":["Muse"],"artists":["Muse"],"artistsort":["Muse"],"asin":["B0000C7GG2"],"barcode":["5050466858726"],"catalognumber":["5050466-8587-2-6"],"composer":["Matthew Bellamy","Dominic Howard","Christopher Wolstenholme"],"composersort":["Bellamy, Matthew","Howard, Dominic","Wolstenholme, Christopher"],"date":["2003-09-22"],"discnumber":["1"],"disctotal":["1"],"engineer":["Donald Clark","Jason Gossman","Darren Mora","Tom Joyce","Adam Noble","Ciaran Bradshaw","Wally Gagel","Rich Costey"],"file_name":"05 Stockholm Syndrome.flac","genre":["Alternative Rock"],"grouping":["Rock"],"isrc":["GBCVT0300080"],"label":["Taste Media"],"language":["eng"],"lyricist":["Matthew Bellamy"],"media":["CD"],"mixer":["Rich Costey"],"mood":["Angry; Energetic; Intense; Chill"],"musicbrainz_albumartistid":["9c9f1380-2516-4fc9-a3e6-f9f61941d090"],"musicbrainz_albumid":["a0a2b395-7989-4ec7-99f9-9bc9425c53b7"],"musicbrainz_artistid":["9c9f1380-2516-4fc9-a3e6-f9f61941d090"],"musicbrainz_recordingid":["0474d9f4-991a-4b88-8f74-5fd1c83e1ee5"],"musicbrainz_releasegroupid":["6f151223-f3a3-3e57-810f-598f7897006c"],"musicbrainz_releasetrackid":["c71e5922-5627-3937-aeef-bb6ec96c56d7"],"musicbrainz_workid":["f0c1bbb2-9ee4-335f-8050-bfcd18a66b52"],"originaldate":["2003-09-08"],"originalyear":["2003"],"performer":["Christopher Wolstenholme (bass guitar)","Spectrasonic (additional other vocals)","Matthew Bellamy (guitar and keyboard)","Dominic Howard (drums and other percussion)","Christopher Wolstenholme (background vocals)","Matthew Bellamy (lead vocals)"],"producer":["Dennis Smith","Safta Jaffery","Muse","Rich Co