{"lowlevel":{"average_loudness":0.873073279858,"barkbands":{"dmean":[0.000405146653065,0.0105996234342,0.00670331856236,0.00339452829212,0.00151894986629,0.000966339604929,0.000643770908937,0.000944842468016,0.0012167316163,0.000542225316167,0.000352458155248,0.000296580779832,0.000200992188184,0.000178048707312,0.000225169947953,0.000236243737163,0.000208604047657,0.000139345764183,0.000140526695759,0.000107768719317,0.000120574310131,0.000151009051478,0.000120360768051,0.0000664716571919,0.0000383311162295,0.0000151598578668,0.00000178949574092],"dmean2":[0.000649179739412,0.0178578253835,0.0115791317075,0.00606759497896,0.0025348328054,0.00157627195586,0.00103199796285,0.00154315168038,0.00196976214647,0.000886911875568,0.000573996047024,0.000488075689645,0.000326371082338,0.00029561118572,0.000370510766516,0.000395249051508,0.000344979926012,0.000232949125348,0.000233419035794,0.000181516224984,0.000196867011255,0.000241048604948,0.000183538941201,0.00010232112254,0.0000589163937548,0.0000225172498176,0.00000268021335614],"dvar":[4.26053588853e-7,0.000279338215478,0.000154956520419,0.000069005676778,0.00000652705557513,0.00000324628263115,0.00000229014563047,0.00000786814143794,0.0000109265793071,0.00000241295811065,7.79182016686e-7,5.47577826637e-7,2.01409392275e-7,1.25342737078e-7,1.65833128563e-7,2.31604445844e-7,1.32125464347e-7,6.69401885034e-8,5.64778801504e-8,5.39154143553e-8,6.21746139018e-8,1.56851953648e-7,1.36818442797e-7,5.04118204958e-8,1.61497499818e-8,2.74691025481e-9,5.04191827178e-11],"dvar2":[0.00000119628839457,0.000766968703829,0.000431832508184,0.000196012115339,0.0000180426450243,0.00000842423196445,0.00000558425108466,0.0000207312496059,0.0000288324536086,0.00000590163972447,0.00000183175689017,0.00000125693031805,4.83194071421e-7,3.03222577713e-7,4.13758357354e-7,6.29600094726e-7,3.45579707073e-7,1.76295074539e-7,1.48246442677e-7,1.45980820321e-7,1.52152423993e-7,3.82175386449e-7,2.9109904176e-7,1.2149591555e-7,3.94182286811e-8,5.91538862338e-9,9.69993182998e-11],"max":[0.00966722518206,0.161629155278,0.12007778883,0.0913760736585,0.0512213334441,0.0429370142519,0.0313878431916,0.057562880218,0.0679573863745,0.0430478043854,0.0309657007456,0.0211169477552,0.00957315042615,0.00792798120528,0.00879411119968,0.0102180596441,0.00823320727795,0.00811588112265,0.00657926825806,0.00486858235672,0.00526684941724,0.00880229193717,0.00994979869574,0.0059968130663,0.0035193534568,0.00164982792921,0.000243871516432],"mean":[0.000720288080629,0.0188422203064,0.0101315835491,0.00369005044922,0.00311378971674,0.0017143037403,0.00112129829358,0.00136467372067,0.00202406872995,0.000901216990314,0.000555885373615,0.000485489232233,0.000333364587277,0.000292657874525,0.000417187315179,0.000465751596494,0.000422259705374,0.000286074617179,0.000326434965245,0.000232002261328,0.000256639963482,0.000274573307252,0.000224445728236,0.000125729420688,0.000069040521339,0.0000277888302662,0.00000301213458442],"median":[0.000361558282748,0.0110563868657,0.00469627324492,0.00138866005,0.00193403288722,0.00097420689417,0.000484828604385,0.000346062937751,0.000533727114089,0.000301915104501,0.000240878682234,0.000222518705414,0.00015695890761,0.000154727400513,0.000230013072724,0.000242300331593,0.000241431582253,0.000189860002138,0.000213149876799,0.000132724511786,0.000146359830978,0.000108351006929,0.0000654297182336,0.0000374143019144,0.0000233002447203,0.00000918172190723,7.75899479777e-7],"min":[3.31910764626e-23,1.39580307041e-23,4.80026672879e-24,6.93243311557e-24,3.23065172632e-23,9.01155507515e-23,1.92174452453e-23,2.13848626705e-23,7.47279983798e-23,3.85192134104e-23,7.18480186761e-23,7.89849821252e-23,3.62358176549e-23,3.88761950581e-23,9.71868494188e-23,1.15383074779e-22,6.74833333291e-23,1.99763701413e-22,2.15546233284e-22,2.10101338612e-22,3.13019729513e-22,5.28266851985e-22,4.71711507802e-22,6.42339824439e-22,1.1198894583e-21,1.59863528297e-21,2.32908190906e-21],"var":[8.96799747352e-7,0.000528411997948,0.000198836103664,0.0000537301893928,0.0000137833512781,0.00000590678018852,0.00000477312187286,0.0000140725669553,0.0000258766649495,0.00000574972318645,0.00000133443541017,0.00000109391135084,4.05284623639e-7,2.34014464695e-7,3.40238841545e-7,5.65372829442e-7,3.11490225613e-7,1.25748016444e-7,1.52326379066e-7,1.06665055455e-7,1.34485688363e-7,2.98622836681e-7,3.58719574933e-7,9.16253810601e-8,2.61966075499e-8,5.33145971815e-9,1.11066829345e-10]},"barkbands_crest":{"dmean":2.96687674522,"dmean2":4.96936893463,"dvar":6.82462215424,"dvar2":18.2793903351,"max":26.6610412598,"mean":11.7570610046,"median":11.1319942474,"min":2.56484127045,"var":19.7977867126},"barkbands_flatness_db":{"dmean":0.0228554252535,"dmean2":0.0367935784161,"dvar":0.000442879070761,"dvar2":0.00112466339488,"max":0.445883154869,"mean":0.15287309885,"median":0.139862537384,"min":0.0215812828392,"var":0.00404504267499},"barkbands_kurtosis":{"dmean":4.6344332695,"dmean2":7.66962623596,"dvar":107.475700378,"dvar2":268.065673828,"max":470.225006104,"mean":8.83135604858,"median":3.53796648979,"min":-1.94380998611,"var":745.571533203},"barkbands_skewness":{"dmean":0.656194329262,"dmean2":1.0672544241,"dvar":0.498627185822,"dvar2":1.22174811363,"max":12.7788829803,"mean":1.92194366455,"median":1.85737609863,"min":-19.8189907074,"var":4.22815752029},"barkbands_spread":{"dmean":5.40607643127,"dmean2":8.65063667297,"dvar":42.9287223816,"dvar2":97.6385269165,"max":139.074142456,"mean":20.0000114441,"median":16.5312690735,"min":0.649454176426,"var":217.858459473},"dissonance":{"dmean":0.0183807164431,"dmean2":0.0310108531266,"dvar":0.000390654051444,"dvar2":0.00109467725269,"max":0.500000119209,"mean":0.464491814375,"median":0.474713563919,"min":0.24515222013,"var":0.00109331740532},"dynamic_complexity":4.85980129242,"erbbands":{"dmean":[0.275572150946,2.58709311485,6.9234752655,10.1740646362,7.06206798553,4.75190925598,8.52701759338,7.33086490631,7.81475782394,11.7804641724,24.5440826416,27.5378952026,18.7247638702,16.8439559937,13.2625169754,10.1762752533,8.26472949982,9.35712909698,11.9570665359,10.2053604126,13.0186338425,10.5584030151,7.80933094025,6.90963315964,6.28589296341,5.12641048431,4.65596437454,5.18953990936,5.28137207031,4.61634016037,3.4601726532,1.73257601261,0.973457455635,0.526036441326,0.239604353905,0.0924596264958,0.0227013416588,0.00382884265855,0.000306735775666,0.0000234666204051],"dmean2":[0.457194060087,4.35815143585,11.731716156,18.0523071289,12.220416069,7.88179206848,14.1015224457,11.954211235,12.531876564,18.9155216217,39.946144104,45.0575332642,30.0547161102,27.4341030121,21.5400905609,16.8022670746,13.3819494247,15.2145833969,19.6246871948,16.6333560944,21.9448032379,17.3993911743,13.0011587143,11.5397720337,10.4920911789,8.63845252991,7.72057962418,8.34366703033,8.42923545837,7.27229452133,5.33047294617,2.65432715416,1.52501738071,0.820605456829,0.368243724108,0.140953302383,0.0343376100063,0.00553812226281,0.000457489484688,0.0000376567841158],"dvar":[0.151861965656,18.0019321442,130.849807739,606.121765137,222.144454956,71.4085922241,253.806533813,264.881866455,295.962768555,947.322387695,5407.42431641,6878.46582031,2461.67724609,2905.06396484,1197.03100586,513.629333496,302.290100098,440.061523438,502.466339111,385.66104126,738.635864258,355.238922119,198.10736084,159.94960022,117.240058899,122.144897461,74.6662445068,152.378265381,185.852172852,179.217834473,118.908729553,30.0622844696,13.0753383636,3.23303508759,0.667509138584,0.0909138321877,0.00761694600806,0.000254283630056,0.00000144962461945,1.67632308035e-9],"dvar2":[0.411469817162,49.0922622681,356.638702393,1731.43334961,628.884277344,187.34564209,657.662902832,689.529846191,724.251342773,2317.26147461,14289.8789062,18352.2597656,6334.99169922,7028.11474609,2895.60424805,1264.5847168,728.542297363,1033.56481934,1245.34289551,950.221679688,2127.97167969,929.623352051,517.077941895,406.340637207,307.14642334,333.141448975,189.431488037,364.898956299,455.000579834,415.261657715,262.236968994,69.2322235107,32.5916900635,7.93506717682,1.67224228382,0.212283208966,0.0171846449375,0.000504617404658,0.00000280272274722,3.73095243589e-9],"max":[5.01167011261,43.9809570312,115.742424011,258.434753418,171.081619263,286.807220459,394.629547119,384.671966553,470.497741699,649.55645752,1575.22021484,1653.58642578,1730.2512207,1611.75939941,1404.31640625,616.799682617,443.169647217,619.179016113,462.306274414,501.696685791,640.567993164,502.563354492,422.416381836,357.585083008,214.056182861,265.654510498,130.028030396,290.310974121,340.193023682,326.543487549,309.085723877,133.407394409,131.165039062,59.1156463623,27.2362480164,7.55856990814,3.56432723999,0.612403869629,0.0351260714233,0.00096037669573],"mean":[0.500761926174,4.36487627029,11.9798555374,12.4820394516,11.0157699585,9.25964069366,14.2208795547,12.3908014297,14.1255903244,19.5297927856,37.1498756409,45.7303962708,34.5021705627,29.3207683563,23.5922641754,17.9257202148,15.0885534286,16.6657409668,21.4851818085,20.6841106415,27.7539806366,23.0148277283,17.091709137,15.6943025589,14.7328615189,11.2162771225,10.2165603638,10.3936634064,9.76562023163,8.07293128967,6.28076267242,3.35906791687,1.72570800781,0.918257892132,0.420207291842,0.162160038948,0.0406357832253,0.00693003833294,0.000543419329915,0.000069887493737],"median":[0.289550125599,2.4200501442,6.41321182251,6.01836824417,5.81001567841,5.28021335602,7.32652950287,6.64771747589,6.96142673492,7.57826566696,10.4966373444,12.5914869308,12.5879173279,12.2815322876,12.1694831848,9.83224773407,8.26191234589,8.62817573547,12.0550785065,11.7652387619,14.7755975723,14.0652332306,11.9630393982,10.1111316681,9.52862930298,6.51580238342,6.16328859329,5.36992931366,4.12993621826,2.54606842995,1.79856181145,0.997252464294,0.496015697718,0.29857468605,0.14162530005,0.0539882294834,0.0133136119694,0.00207483768463,0.000166994490428,0.0000627670233371],"min":[1.13566718127e-21,1.17498572535e-21,3.4843702951e-21,1.51970639958e-20,5.65543514049e-20,1.41244450015e-19,3.49309738984e-19,4.93516632964e-19,3.51876635521e-19,4.44444866908e-19,6.13249682463e-19,1.63838516215e-18,2.00384503391e-18,1.58525297326e-18,2.58865531633e-18,3.4287761356e-18,1.85912130714e-18,2.70556861052e-18,4.29712759519e-18,8.09897087244e-18,7.14183687693e-18,4.50880600907e-18,8.36483416594e-18,1.27496888146e-17,9.40415599993e-18,1.0734001863e-17,1.38344824212e-17,1.34594139161e-17,1.84311441103e-17,1.91564673566e-17,1.17477563715e-17,1.18664361098e-17,1.17508773239e-17,1.09771243071e-17,8.38395775452e-18,5.92714737641e-18,2.94605296885e-18,1.18023928917e-18,3.10122419355e-19,3.43340764909e-20],"var":[0.384116083384,31.7844333649,224.225616455,472.994873047,256.660491943,167.0050354,442.235229492,423.24130249,682.605285645,1652.27124023,9982.04199219,14964.8837891,7205.77099609,6348.01513672,2059.9140625,950.924438477,636.141662598,939.172058105,949.708251953,856.630432129,1928.21691895,836.261108398,411.614105225,386.021179199,315.964996338,237.844116211,174.267272949,303.31137085,355.118927002,357.546630859,299.913879395,69.229598999,18.9867954254,4.84972286224,1.03384828568,0.154826104641,0.0137969097123,0.000520094356034,0.00000328195369548,4.65428717789e-9]},"erbbands_crest":{"dmean":2.73028278351,"dmean2":4.5188369751,"dvar":8.07529735565,"dvar2":20.6940021515,"max":32.6183547974,"mean":8.80274581909,"median":7.100897789,"min":2.09903502464,"var":27.4084835052},"erbbands_flatness_db":{"dmean":0.0146570503712,"dmean2":0.0225119329989,"dvar":0.000202840863494,"dvar2":0.000466860394226,"max":0.503724396229,"mean":0.147497937083,"median":0.130798652768,"min":0.0171727668494,"var":0.00359439733438},"erbbands_kurtosis":{"dmean":0.915042340755,"dmean2":1.49651992321,"dvar":2.67533040047,"dvar2":6.81700086594,"max":71.6161193848,"mean":0.39424303174,"median":-0.417823553085,"min":-1.73626840115,"var":6.17873811722},"erbbands_skewness":{"dmean":0.350721985102,"dmean2":0.559379339218,"dvar":0.118603438139,"dvar2":0.297061830759,"max":7.66636991501,"mean":0.219778418541,"median":0.146897763014,"min":-3.35185074806,"var":0.626565992832},"erbbands_spread":{"dmean":8.59603881836,"dmean2":13.5931806564,"dvar":79.2123794556,"dvar2":183.832260132,"max":131.763549805,"mean":43.4521102905,"median":43.2450141907,"min":3.2030851841,"var":423.343444824},"gfcc":{"cov":[[24010.0878906,-211.672241211,455.075683594,2432.19946289,-796.008789062,1857.41455078,-193.416778564,339.515625,-565.78338623,268.50390625,-765.863952637,142.722579956,-677.550476074],[-211.672241211,1598.20288086,-311.782409668,-321.21307373,145.970947266,-259.535522461,70.6487808228,21.8907566071,97.7362365723,-55.3628425598,99.998046875,-41.813243866,137.625183105],[455.075683594,-311.782409668,821.443908691,385.860809326,103.131889343,249.253646851,31.4074954987,46.9704475403,6.80368471146,20.4825286865,22.5390815735,26.091129303,-41.559425354],[2432.19946289,-321.21307373,385.860809326,804.031555176,8.04455661774,261.275238037,-3.92520141602,32.6938247681,-28.0611591339,34.8264503479,-40.9666061401,10.6200790405,-63.7045593262],[-796.008789062,145.970947266,103.131889343,8.04455661774,336.61630249,-28.6798248291,105.010299683,12.136964798,32.2236976624,-10.128364563,47.2752532959,-26.2643222809,41.7256698608],[1857.41455078,-259.535522461,249.253646851,261.275238037,-28.6798248291,365.288604736,66.1937179565,28.9256076813,-65.0229110718,20.2842655182,-61.7635345459,15.4590711594,-82.7327957153],[-193.416778564,70.6487808228,31.4074954987,-3.92520141602,105.010299683,66.1937179565,196.945022583,24.0013866425,13.3086576462,0.875871777534,24.5771503448,-17.4422950745,6.37444114685],[339.515625,21.8907566071,46.9704475403,32.6938247681,12.136964798,28.9256076813,24.0013866425,116.527290344,20.7391319275,15.9011678696,0.111476078629,1.25889492035,16.0181999207],[-565.78338623,97.7362365723,6.80368471146,-28.0611591339,32.2236976624,-65.0229110718,13.3086576462,20.7391319275,141.5834198,21.1935043335,30.4213657379,-2.85931587219,19.7878456116],[268.50390625,-55.3628425598,20.4825286865,34.8264503479,-10.128364563,20.2842655182,0.875871777534,15.9011678696,21.1935043335,71.1044998169,19.3332519531,10.1579284668,-15.3390607834],[-765.863952637,99.998046875,22.5390815735,-40.9666061401,47.2752532959,-61.7635345459,24.5771503448,0.111476078629,30.4213657379,19.3332519531,104.99646759,23.3290500641,45.1725616455],[142.722579956,-41.813243866,26.091129303,10.6200790405,-26.2643222809,15.4590711594,-17.4422950745,1.25889492035,-2.85931587219,10.1579284668,23.3290500641,78.550819397,18.1017608643],[-677.550476074,137.625183105,-41.559425354,-63.7045593262,41.7256698608,-82.7327957153,6.37444114685,16.0181999207,19.7878456116,-15.3390607834,45.1725616455,18.1017608643,100.329124451]],"icov":[[0.000273471930996,-0.000438305665739,0.000284381327219,-0.000638030644041,0.000178353497176,-0.000841062748805,0.000326102366671,-0.000595243705902,0.000632036069874,-0.0010163114639,0.00132238108199,-0.00084095884813,0.000743636745028],[-0.000438305665739,0.00157220626716,-0.000175766137545,0.00111514958553,-0.000470225320896,0.00138199806679,-0.000600631872658,0.000715639675036,-0.00139550003223,0.00231396174058,-0.00276180217043,0.00182394380681,-0.00167889962904],[0.000284381327219,-0.000175766137545,0.00247863400728,-0.00122292386368,-0.000650584173854,-0.00229775393382,0.00111965357792,-0.00120536924805,-0.0000528924210812,0.0000349475267285,-0.000421246426413,-0.000942958227824,0.00128452375066],[-0.000638030644041,0.00111514958553,-0.00122292386368,0.00338831613772,-0.000585086701903,0.000960412551649,-0.000231072539464,0.0013308855705,-0.00154342269525,0.00181124603841,-0.00280915875919,0.00222820322961,-0.00191202515271],[0.000178353497176,-0.000470225320896,-0.000650584173854,-0.000585086701903,0.0045329243876,0.000298690312775,-0.00204888358712,-0.0000318915881508,0.000367330852896,-0.000481081340695,0.000399697804824,0.000858953688294,-0.000776052998845],[-0.000841062748805,0.00138199806679,-0.00229775393382,0.000960412551649,0.000298690312775,0.00959122180939,-0.00439990404993,0.000959157885518,0.000413024798036,0.00176707434002,-0.000706841994543,-0.00000189075501567,0.000500892638229],[0.000326102366671,-0.000600631872658,0.00111965357792,-0.000231072539464,-0.00204888358712,-0.00439990404993,0.00849249027669,-0.00172796961851,-0.000216682034079,-0.000167147358297,-0.00153612403665,0.00112486630678,0.000809294404462],[-0.000595243705902,0.000715639675036,-0.00120536924805,0.0013308855705,-0.0000318915881508,0.000959157885518,-0.00172796961851,0.0117323677987,-0.00259254174307,-0.000974079885054,-0.000526709540281,0.00235339510255,-0.00543998740613],[0.000632036069874,-0.00139550003223,-0.0000528924210812,-0.00154342269525,0.000367330852896,0.000413024798036,-0.000216682034079,-0.00259254174307,0.0106366835535,-0.00552730401978,0.00304530630819,-0.00185098603833,0.00181607087143],[-0.0010163114639,0.00231396174058,0.0000349475267285,0.00181124603841,-0.000481081340695,0.00176707434002,-0.000167147358297,-0.000974079885054,-0.00552730401978,0.0236555784941,-0.011970994994,0.00196634512395,0.00269220164046],[0.00132238108199,-0.00276180217043,-0.000421246426413,-0.00280915875919,0.000399697804824,-0.000706841994543,-0.00153612403665,-0.000526709540281,0.00304530630819,-0.011970994994,0.0245457179844,-0.00864551682025,-0.00172925926745],[-0.00084095884813,0.00182394380681,-0.000942958227824,0.00222820322961,0.000858953688294,-0.00000189075501567,0.00112486630678,0.00235339510255,-0.00185098603833,0.00196634512395,-0.00864551682025,0.0195860266685,-0.00693848077208],[0.000743636745028,-0.00167889962904,0.00128452375066,-0.00191202515271,-0.000776052998845,0.000500892638229,0.000809294404462,-0.00543998740613,0.00181607087143,0.00269220164046,-0.00172925926745,-0.00693848077208,0.0202470086515]],"mean":[-14.5648975372,101.016624451,-109.048156738,40.0278129578,-49.5131950378,14.6917171478,-29.0298957825,13.1423873901,-15.9573020935,0.386373758316,-16.820728302,1.14401364326,-7.53042650223]},"hfc":{"dmean":5.83725261688,"dmean2":9.13947296143,"dvar":99.1864471436,"dvar2":238.301025391,"max":182.583938599,"mean":22.1063098907,"median":19.4224338531,"min":1.15808528305e-16,"var":370.50491333},"melbands":{"dmean":[0.00267001311295,0.00326242344454,0.00163496017922,0.000368410226656,0.000269790703896,0.00016545051767,0.000123519639601,0.00013680975826,0.000208522498724,0.000174586646608,0.0000947901353356,0.0000710171589162,0.0000489016092615,0.0000358578981832,0.0000186269862752,0.0000213540552068,0.0000174699671334,0.0000198859088414,0.0000140898273457,0.0000152389784489,0.000016482634237,0.0000128839128593,0.00000975742477749,0.00000643673183731,0.0000061317973632,0.00000578444405619,0.00000421694130637,0.0000035482801195,0.00000316139039569,0.00000308096286972,0.00000341904569723,0.00000323712720274,0.00000302386138173,0.00000255124632531,0.00000231847798204,0.0000014613234498,9.82127517091e-7,7.29053738269e-7,5.77446371608e-7,4.30184911693e-7],"dmean2":[0.0044815512374,0.0054814456962,0.00289325928316,0.000616021046881,0.000446878751973,0.000269296753686,0.000197846296942,0.000220329660806,0.000337215577019,0.000285576912574,0.0001520174701,0.000116117204016,0.0000797815082478,0.0000587309477851,0.0000307117879856,0.0000344236796082,0.0000286608537863,0.0000326328263327,0.0000231623434956,0.0000250713019341,0.0000278169918602,0.0000214344909182,0.0000161227726494,0.0000108255180749,0.0000103095271697,0.00000965899198491,0.00000714036650606,0.00000601358624408,0.00000531246814717,0.0000050996304708,0.00000555495853405,0.00000527082465851,0.00000486920043841,0.00000403505964641,0.00000364532206731,0.00000225927919928,0.00000153555834004,0.00000115152658964,9.23325444546e-7,6.83794269207e-7],"dvar":[0.0000160554354807,0.0000255937356997,0.0000149417164721,4.37322967173e-7,2.37981410578e-7,1.17713042869e-7,7.35217255965e-8,1.21540495002e-7,3.62198306902e-7,2.69220464588e-7,6.29963423648e-8,5.2918821325e-8,1.31601183284e-8,8.91023876903e-9,1.41990974534e-9,2.69915179096e-9,1.47077294788e-9,1.40446776431e-9,7.26793569772e-10,9.80513448212e-10,1.08106268382e-9,5.98399108043e-10,3.04778285942e-10,1.45639444948e-10,1.24630264442e-10,9.5914547138e-11,8.70020028243e-11,5.2156765018e-11,3.38027904279e-11,3.62561231038e-11,7.56923274059e-11,6.98489391326e-11,6.94820451175e-11,5.84785414537e-11,5.41334893578e-11,2.06293610666e-11,9.60578318276e-12,6.54876803827e-12,6.06539688267e-12,2.05603090976e-12],"dvar2":[0.0000441402444267,0.0000676034251228,0.0000423867313657,0.00000121538232634,6.204002716e-7,3.0611502666e-7,1.80462393473e-7,3.0336084933e-7,9.52403865995e-7,7.17334671663e-7,1.60362560564e-7,1.28386105303e-7,3.2327523769e-8,2.06318109264e-8,3.6383651647e-9,6.34389785148e-9,3.48792528193e-9,3.48726625354e-9,1.81703463387e-9,2.45669551369e-9,3.09325476344e-9,1.58141466589e-9,7.77109154804e-10,3.91698951052e-10,3.1928892863e-10,2.54648163667e-10,2.37410424653e-10,1.4340130472e-10,8.81911349504e-11,9.00925514746e-11,1.86505116906e-10,1.74084163751e-10,1.74508102413e-10,1.33770827748e-10,1.23778320926e-10,4.67457496323e-11,2.3084673062e-11,1.61939159998e-11,1.58262812577e-11,5.12348627066e-12],"max":[0.0439381897449,0.0585893727839,0.0403362996876,0.0108794867992,0.0117162512615,0.0079412329942,0.00650273868814,0.00608290964738,0.0118924276903,0.00994486454874,0.00850714370608,0.00697744777426,0.00335080851801,0.00287797767669,0.00113892822992,0.0011936542578,0.00102770805825,0.000814655504655,0.000918977952097,0.000703699479345,0.000709261803422,0.00071693805512,0.000387515145121,0.000421249918872,0.000307966896798,0.000246038718615,0.000177073350642,0.000166892641573,0.0000989177715383,0.000137673938298,0.000196774824872,0.000198874564376,0.000157887450769,0.000207719844184,0.000207551493077,0.000138184521347,0.0000671894449624,0.0000727911610738,0.000121061842947,0.0000549385076738],"mean":[0.00483697606251,0.00626618554816,0.00217906199396,0.000705471727997,0.000469974271255,0.000286388152745,0.00022357844864,0.000217946915654,0.000310713774525,0.000290153198875,0.000168217840837,0.00011866314162,0.0000821522626211,0.0000585368434258,0.0000327106681652,0.0000358187717211,0.0000287492657662,0.0000332840827468,0.0000270326709142,0.0000294146248052,0.0000328019596054,0.0000250096654781,0.0000187187997653,0.0000125384849525,0.0000126233308038,0.0000125918959384,0.00000843059387989,0.00000709884807293,0.00000630326758255,0.00000605975446888,0.00000614761984252,0.0000057210572777,0.00000490397724207,0.0000042959854909,0.00000391428920921,0.00000265881180894,0.00000179057894911,0.00000123077495573,9.57617089625e-7,7.16600482065e-7],"median":[0.00289991591126,0.00384208746254,0.00119991099928,0.00040005100891,0.000264978240011,0.000159177667229,0.000110393812065,0.0000811517966213,0.0000845952963573,0.0000745041033952,0.0000576417078264,0.0000441944212071,0.0000392091787944,0.0000250858083746,0.000019835681087,0.0000157773538376,0.0000138876976052,0.0000179165508598,0.0000154540139192,0.0000155863253894,0.0000165823112184,0.0000135115060402,0.0000116611481644,0.00000835371974972,0.00000760431612434,0.00000818406806502,0.00000472328338219,0.00000399188820666,0.00000374453748009,0.00000337206688528,0.00000286874001176,0.00000242805640482,0.00000163111030815,0.00000123834593069,0.00000107684695649,7.61170667829e-7,5.11738392106e-7,3.34972213523e-7,2.75133658079e-7,2.39531516399e-7],"min":[1.06344918683e-23,1.71358199934e-24,5.86347294646e-24,6.58645055546e-24,1.27602582266e-23,1.34782786337e-23,5.22623702368e-24,5.06070639563e-24,5.34598295365e-24,1.116830221e-23,9.42048936659e-24,5.45510056064e-24,9.06627188748e-24,8.33395653195e-24,7.21075034268e-24,3.17285871144e-24,4.68437201776e-24,4.73013581102e-24,8.78864333594e-24,9.20967102283e-24,6.17352841437e-24,3.34736480165e-24,7.6725313728e-24,8.6646675338e-24,9.35816304419e-24,7.99749000093e-24,5.24409407356e-24,7.07771762849e-24,8.32160060359e-24,6.32610634078e-24,8.87907835012e-24,1.04532447645e-23,1.12765362928e-23,1.0902143696e-23,6.76782466593e-24,5.28198069625e-24,8.31071116765e-24,7.73580353943e-24,8.46621221815e-24,9.07546921678e-24],"var":[0.0000341581035173,0.0000523572016391,0.0000123292165881,8.22035417514e-7,4.19406092078e-7,1.98120986283e-7,1.65178107636e-7,2.02014888373e-7,6.69621556426e-7,6.066824767e-7,1.82090417411e-7,1.17366113273e-7,2.24178187125e-8,1.7627010962e-8,2.47916065454e-9,5.52764367612e-9,2.91198443136e-9,2.52341125773e-9,1.46420353619e-9,2.11756479018e-9,2.65771515906e-9,1.20895848887e-9,6.42314257338e-10,2.44091497015e-10,2.79549050575e-10,2.34086861006e-10,1.63653438023e-10,9.60599377819e-11,6.87192733273e-11,7.45916106659e-11,1.31870542264e-10,1.24633095511e-10,1.17884008111e-10,1.16121189053e-10,1.25933805051e-10,5.00900501632e-11,1.989953341e-11,9.62787488623e-12,7.08655963771e-12,2.8809777914e-12]},"melbands_crest":{"dmean":3.48857355118,"dmean2":5.83256483078,"dvar":8.8115606308,"dvar2":23.6606292725,"max":34.8703422546,"mean":16.8456611633,"median":16.833574295,"min":1.70057463646,"var":27.5049610138},"melbands_flatness_db":{"dmean":0.0276972297579,"dmean2":0.0443686060607,"dvar":0.000645725405775,"dvar2":0.00159336242359,"max":0.583754599094,"mean":0.23072488606,"median":0.221698313951,"min":0.00316244666465,"var":0.00577056966722},"melbands_kurtosis":{"dmean":11.2394599915,"dmean2":18.544588089,"dvar":359.428131104,"dvar2":914.151306152,"max":486.621643066,"mean":21.4718666077,"median":13.1498746872,"min":-1.73374974728,"var":728.697692871},"melbands_skewness":{"dmean":0.949106752872,"dmean2":1.54146385193,"dvar":0.975608706474,"dvar2":2.42957186699,"max":15.5643491745,"mean":3.48607969284,"median":3.20517301559,"min":-1.28323805332,"var":4.08424139023},"melbands_spread":{"dmean":5.7377166748,"dmean2":9.31240749359,"dvar":64.2969970703,"dvar2":149.240264893,"max":195.174667358,"mean":18.0668468475,"median":14.0146512985,"min":0.596607863903,"var":341.910064697},"mfcc":{"cov":[[14860.8984375,-570.394775391,661.174926758,962.983459473,172.510070801,1152.11462402,480.016571045,450.261108398,206.058502197,279.350097656,29.0666351318,-89.2493286133,-57.8725814819],[-570.394775391,1525.04052734,-210.035583496,-81.7718048096,-3.85125756264,-163.136169434,7.29427814484,14.6884841919,54.7292442322,-21.1218013763,25.9026660919,39.1119270325,67.2980041504],[661.174926758,-210.035583496,519.523742676,202.406188965,102.586341858,155.861480713,54.9053611755,67.6594390869,16.2098331451,32.2835121155,12.6894264221,37.3167686462,19.9188518524],[962.983459473,-81.7718048096,202.406188965,498.945678711,153.541549683,128.547744751,89.8307266235,44.5742797852,36.0278434753,50.2267189026,-10.3594198227,38.3837013245,24.3077983856],[172.510070801,-3.85125756264,102.586341858,153.541549683,204.511383057,53.5700492859,36.0069732666,21.8098068237,28.9722251892,24.1309833527,-10.1134958267,25.0426292419,11.1702985764],[1152.11462402,-163.136169434,155.861480713,128.547744751,53.5700492859,273.228271484,113.40259552,71.6167449951,17.1119766235,34.676902771,14.7367868423,-0.590415835381,-14.7201128006],[480.016571045,7.29427814484,54.9053611755,89.8307266235,36.0069732666,113.40259552,225.891296387,64.4122772217,30.7279262543,26.4450111389,8.08724403381,-12.9458684921,-1.02241551876],[450.261108398,14.6884841919,67.6594390869,44.5742797852,21.8098068237,71.6167449951,64.4122772217,105.012733459,43.7397346497,22.1859493256,4.77208423615,3.58646416664,6.63724517822],[206.058502197,54.7292442322,16.2098331451,36.0278434753,28.9722251892,17.1119766235,30.7279262543,43.7397346497,87.4926147461,42.1270179749,3.57748889923,5.80030250549,2.85042476654],[279.350097656,-21.1218013763,32.2835121155,50.2267189026,24.1309833527,34.676902771,26.4450111389,22.1859493256,42.1270179749,88.6198654175,29.6186695099,15.5298042297,-9.36752414703],[29.0666351318,25.9026660919,12.6894264221,-10.3594198227,-10.1134958267,14.7367868423,8.08724403381,4.77208423615,3.57748889923,29.6186695099,71.3389205933,24.5949058533,-0.519257128239],[-89.2493286133,39.1119270325,37.3167686462,38.3837013245,25.0426292419,-0.590415835381,-12.9458684921,3.58646416664,5.80030250549,15.5298042297,24.5949058533,72.8621902466,21.5825977325],[-57.8725814819,67.2980041504,19.9188518524,24.3077983856,11.1702985764,-14.7201128006,-1.02241551876,6.63724517822,2.85042476654,-9.36752414703,-0.519257128239,21.5825977325,72.939239502]],"icov":[[0.000115266600915,-0.0000126879549498,0.000023225104087,-0.000160190000315,0.000123741803691,-0.000424548488809,0.0000995427617454,-0.00019536614127,-0.0000304706991301,-0.00017189301434,0.0000273710702459,0.000239600951318,-0.0000268391177087],[-0.0000126879549498,0.000823445327114,0.000309765309794,0.0000505608149979,-0.0001618405513,0.000507068471052,-0.000240519730141,-0.0002409209701,-0.000597243430093,0.000528114847839,-0.000497346336488,-0.000353097071638,-0.000533493701369],[0.000023225104087,0.000309765309794,0.00288070668466,-0.000622803228907,-0.000622327323072,-0.00101291586179,0.000357392127626,-0.00124284124468,0.000435650115833,0.0000417095943703,-0.000370387249859,-0.000680628756527,-0.000650428351946],[-0.000160190000315,0.0000505608149979,-0.000622803228907,0.0034550842829,-0.00167858006898,-0.0000853711098898,-0.000804124691058,0.000726330210455,0.000061345854192,-0.000981757184491,0.00135347177275,-0.00137028028257,-0.000706027611159],[0.000123741803691,-0.0001618405513,-0.000622327323072,-0.00167858006898,0.00710072228685,-0.000864469853695,-0.000167813501321,0.000516291183885,-0.00146551593207,-0.000583961373195,0.00187252531759,-0.00148176820949,0.0000996806556941],[-0.000424548488809,0.000507068471052,-0.00101291586179,-0.0000853711098898,-0.000864469853695,0.00811296794564,-0.00233948696405,-0.00214121583849,0.00147685222328,0.0000922684484976,-0.00121782440692,-0.000339891732438,0.00147814792581],[0.0000995427617454,-0.000240519730141,0.000357392127626,-0.000804124691058,-0.000167813501321,-0.00233948696405,0.00663424469531,-0.00253229914233,-0.000245498202275,-0.000483610929223,-0.000863687717356,0.00236981129274,-0.000411619432271],[-0.00019536614127,-0.0002409209701,-0.00124284124468,0.000726330210455,0.000516291183885,-0.00214121583849,-0.00253229914233,0.016594234854,-0.00710405502468,0.00117204035632,0.000299990613712,-0.000734541390557,-0.00124445662368],[-0.0000304706991301,-0.000597243430093,0.000435650115833,0.000061345854192,-0.00146551593207,0.00147685222328,-0.000245498202275,-0.00710405502468,0.0198321565986,-0.00904154218733,0.00276619778015,0.000407580140745,-0.000484185555251],[-0.00017189301434,0.000528114847839,0.0000417095943703,-0.000981757184491,-0.000583961373195,0.0000922684484976,-0.000483610929223,0.00117204035632,-0.00904154218733,0.0199423078448,-0.00756967440248,-0.00183097599074,0.0030891620554],[0.0000273710702459,-0.000497346336488,-0.000370387249859,0.00135347177275,0.00187252531759,-0.00121782440692,-0.000863687717356,0.000299990613712,0.00276619778015,-0.00756967440248,0.0203645937145,-0.00670541310683,0.000607569061685],[0.000239600951318,-0.000353097071638,-0.000680628756527,-0.00137028028257,-0.00148176820949,-0.000339891732438,0.00236981129274,-0.000734541390557,0.000407580140745,-0.00183097599074,-0.00670541310683,0.0203121677041,-0.0048923320137],[-0.0000268391177087,-0.000533493701369,-0.000650428351946,-0.000706027611159,0.0000996806556941,0.00147814792581,-0.000411619432271,-0.00124445662368,-0.000484185555251,0.0030891620554,0.000607569061685,-0.0048923320137,0.0168520286679]],"mean":[-650.103027344,123.672554016,5.1685051918,29.8141117096,6.49121952057,7.91445922852,-0.690670907497,11.0658407211,6.726167202,3.57692623138,0.417405366898,0.632611572742,0.551450788975]},"pitch_salience":{"dmean":0.0805475413799,"dmean2":0.134687125683,"dvar":0.00509114703164,"dvar2":0.0134844388813,"max":0.878709793091,"mean":0.501113653183,"median":0.502648949623,"min":0.0960129797459,"var":0.0147216105834},"silence_rate_20dB":{"dmean":0,"dmean2":0,"dvar":0,"dvar2":0,"max":1,"mean":1,"median":1,"min":1,"var":0},"silence_rate_30dB":{"dmean":0.068116940558,"dmean2":0.136247292161,"dvar":0.0634762346745,"dvar2":0.145442143083,"max":1,"mean":0.921751976013,"median":1,"min":0,"var":0.0721247792244},"silence_rate_60dB":{"dmean":0.00964661873877,"dmean2":0.0192951373756,"dvar":0.00955223292112,"dvar2":0.0224628951401,"max":1,"mean":0.109251968563,"median":0,"min":0,"var":0.0973346829414},"spectral_centroid":{"dmean":225.830932617,"dmean2":359.562072754,"dvar":67010.28125,"dvar2":151067.890625,"max":10775.7802734,"mean":1273.50793457,"median":1124.08325195,"min":177.070022583,"var":470933},"spectral_complexity":{"dmean":3.48183870316,"dmean2":5.55680274963,"dvar":15.8097410202,"dvar2":35.9473381042,"max":60,"mean":21.2829723358,"median":21,"min":0,"var":160.531021118},"spectral_contrast_coeffs":{"dmean":[0.0521233342588,0.0477895997465,0.0385701544583,0.0280191861093,0.0189146380872,0.0169669464231],"dmean2":[0.0872487649322,0.0790933296084,0.0640649199486,0.0469291135669,0.0313395932317,0.0272837113589],"dvar":[0.00202771578915,0.00147409609053,0.000984153244644,0.000510540907271,0.000238779408392,0.000262379326159],"dvar2":[0.0054523665458,0.00394625682384,0.00259183999151,0.00134725763928,0.000627761764918,0.000630505208392],"max":[-0.284952282906,-0.406601786613,-0.501789331436,-0.603960514069,-0.628135323524,-0.588437616825],"mean":[-0.668017446995,-0.736286818981,-0.770585954189,-0.79964864254,-0.802319765091,-0.753953099251],"median":[-0.670567989349,-0.742435276508,-0.777976572514,-0.80336022377,-0.804556787014,-0.747991144657],"min":[-0.969871819019,-0.969871342182,-0.963089227676,-0.964529395103,-0.963484406471,-0.961188316345],"var":[0.0059228357859,0.00544752413407,0.00493868626654,0.00212841061875,0.00116206845269,0.00213079503737]},"spectral_contrast_valleys":{"dmean":[0.3459636271,0.32535636425,0.27628749609,0.234492704272,0.195485025644,0.236535862088],"dmean2":[0.577375888824,0.543927609921,0.460035681725,0.386111915112,0.309997528791,0.33019131422],"dvar":[0.0928598344326,0.080023676157,0.061010800302,0.0546210110188,0.0609355308115,0.0877972021699],"dvar2":[0.226026177406,0.198987275362,0.151419103146,0.129059955478,0.126307532191,0.164075121284],"max":[-4.89958667755,-4.80807828903,-5.52835273743,-5.87746143341,-5.64623117447,-7.51232624054],"mean":[-7.0039768219,-6.85828065872,-7.38170194626,-7.77041959763,-7.6008234024,-10.3672370911],"median":[-6.37796783447,-6.5185303688,-6.98157024384,-7.31919384003,-7.04005432129,-9.82180595398],"min":[-27.2645606995,-27.2038879395,-27.5255279541,-27.591753006,-27.2167625427,-27.2588272095],"var":[3.40955066681,2.04060411453,2.11158061028,2.10712385178,2.4308848381,3.12835407257]},"spectral_decrease":{"dmean":4.17758228011e-9,"dmean2":6.93073198832e-9,"dvar":3.28053213494e-17,"dvar2":8.64558919201e-17,"max":1.89952453554e-15,"mean":-1.22983117024e-8,"median":-1.14334985923e-8,"min":-5.78864280953e-8,"var":1.00187652571e-16},"spectral_energy":{"dmean":0.0160553772002,"dmean2":0.0266097169369,"dvar":0.000481292867335,"dvar2":0.00126818160061,"max":0.223159015179,"mean":0.0484217256308,"median":0.0456579886377,"min":1.04659495524e-20,"var":0.00150464929175},"spectral_energyband_high":{"dmean":0.000474919681437,"dmean2":0.000716248992831,"dvar":0.00000137432459724,"dvar2":0.00000308401035909,"max":0.020750310272,"mean":0.00109978974797,"median":0.000504674506374,"min":7.41579778395e-21,"var":0.00000351704397872},"spectral_energyband_low":{"dmean":0.0144074512646,"dmean2":0.0240345690399,"dvar":0.000432795466622,"dvar2":0.00113703031093,"max":0.210128992796,"mean":0.0318880081177,"median":0.0238468684256,"min":5.01654919649e-23,"var":0.0010578656802},"spectral_energyband_middle_high":{"dmean":0.00130016938783,"dmean2":0.00210795155726,"dvar":0.00000418285526393,"dvar2":0.0000102476506072,"max":0.0460740029812,"mean":0.00444979267195,"median":0.00372074358165,"min":1.4335484302e-21,"var":0.000017836344341},"spectral_energyband_middle_low":{"dmean":0.00598302669823,"dmean2":0.0102267544717,"dvar":0.00010491397552,"dvar2":0.000293800694635,"max":0.103477671742,"mean":0.0132990665734,"median":0.00981273129582,"min":3.39948714514e-22,"var":0.000173843640368},"spectral_entropy":{"dmean":0.132037311792,"dmean2":0.205715060234,"dvar":0.018318168819,"dvar2":0.0396732017398,"max":9.80741596222,"mean":7.61851024628,"median":7.70449113846,"min":5.10166454315,"var":0.257808059454},"spectral_flux":{"dmean":0.0293422210962,"dmean2":0.0472862794995,"dvar":0.00141838158015,"dvar2":0.00306986132637,"max":0.428906053305,"mean":0.0999016016722,"median":0.0923771932721,"min":6.70543828796e-11,"var":0.00420617870986},"spectral_kurtosis":{"dmean":1.68457508087,"dmean2":2.86512351036,"dvar":9.02517127991,"dvar2":27.0949993134,"max":68.8691940308,"mean":5.11616420746,"median":3.38840818405,"min":-1.20253586769,"var":34.6831283569},"spectral_rms":{"dmean":0.00102496973705,"dmean2":0.00167924223933,"dvar":0.00000139514759212,"dvar2":0.00000360523131349,"max":0.0147552061826,"mean":0.00612293696031,"median":0.00667415745556,"min":3.19541593706e-12,"var":0.00000975071816356},"spectral_rolloff":{"dmean":421.487304688,"dmean2":720.501159668,"dvar":665880.75,"dvar2":1611721.625,"max":20413.4765625,"mean":1224.07702637,"median":667.529296875,"min":43.06640625,"var":5566163},"spectral_skewness":{"dmean":0.20659711957,"dmean2":0.33683899045,"dvar":0.0672585517168,"dvar2":0.182065322995,"max":6.32215547562,"mean":1.54163062572,"median":1.39244198799,"min":-0.0636580362916,"var":0.430507928133},"spectral_spread":{"dmean":400165.15625,"dmean2":590238.1875,"dvar":288242761728,"dvar2":565935865856,"max":40742700,"mean":4524074.5,"median":4362466.5,"min":818476.1875,"var":3680340017150},"spectral_strongpeak":{"dmean":0.377311378717,"dmean2":0.651889383793,"dvar":0.472997367382,"dvar2":1.24988567829,"max":8.26798629761,"mean":0.630411922932,"median":0.394060730934,"min":0,"var":0.688756525517},"zerocrossingrate":{"dmean":0.00831596925855,"dmean2":0.0101765636355,"dvar":0.000129138046759,"dvar2":0.000146250793478,"max":0.8505859375,"mean":0.0554366931319,"median":0.041015625,"min":0.00244140625,"var":0.00722528900951}},"metadata":{"audio_properties":{"analysis_sample_rate":44100,"bit_rate":260733,"codec":"mp3","downmix":"mix","equal_loudness":0,"length":235.88571167,"lossless":false,"md5_encoded":"3b491118d31828dbaa90f6cbc130558f","replay_gain":-10.9015083313,"sample_rate":44100},"tags":{"album":["Violence"],"albumartist":["Editors"],"albumartistsort":["Editors"],"artist":["Editors"],"artistsort":["Editors"],"asin":["B079236S99"],"barcode":["5414940008166"],"catalognumber":["PIASR1020CDBX"],"date":["2018"],"discnumber":["1/1"],"file_name":"06 Magazine_PN4.mp3","genre":["Alternative Rock/Punk Rock/Indie Rock"],"label":["Play It Again Sam"],"media":["CD"],"musicbrainz album release country":["XE"],"musicbrainz album status":["official"],"musicbrainz album type":["album"],"musicbrainz_albumartistid":["0efe858c-89e5-4e47-906a-356fa953fd6e"],"musicbrainz_albumid":["8223c960-e27f-45b0-b464-1f1daae146f4"],"musicbrainz_artistid":["0efe858c-89e5-4e47-906a-356fa953fd6e"],"musicbrainz_recordingid":["047800a6-eeac-4b6c-b13b-80241eb04fd2"],"musicbrainz_releasegroupid":["61e3e278-dc6f-4313-aed0-a61301abcbba"],"originaldate":["2018"],"originalyear":["2018"],"script":["Latn"],"title":["Magazine"],"tracknumber":["6/11"]},"version":{"essentia":"2.1-beta2","essentia_build_sha":"c0e182ba78c2de26e491b7b7a4a2c98c1ed34208","essentia_git_sha":"v2.1_beta2-2-gbb40004","extractor":"music 1.0"}},"rhythm":{"beats_count":501,"beats_loudness":{"dmean":0.0354974791408,"dmean2":0.0643961951137,"dvar":0.00114351743832,"dvar2":0.00347637501545,"max":0.204289898276,"mean":0.0690271034837,"median":0.0722745284438,"min":6.64973898168e-9,"var":0.00259050726891},"beats_loudness_band_ratio":{"dmean":[0.210905015469,0.0987505689263,0.108911342919,0.043415825814,0.0335054881871,0.0525650456548],"dmean2":[0.389700949192,0.1805626899,0.193337544799,0.0764600485563,0.0613278746605,0.0995653793216],"dvar":[0.0425061583519,0.0