{"lowlevel":{"average_loudness":0.970225155354,"barkbands":{"dmean":[0.00465132761747,0.0136684114113,0.0051264744252,0.00189534632955,0.00233370251954,0.00230419379659,0.00117673748173,0.000954616756644,0.00122692144942,0.00121374533046,0.000686165061779,0.0010670904303,0.000722577329725,0.000484935415443,0.000377188902348,0.000188280086149,0.000160784184118,0.000124488709844,0.000149615021655,0.000141287513543,0.000122900935821,0.000110326225695,0.0000822151996545,0.0000356271593773,0.0000107478554128,0.0000449608196504,0.000398018310079],"dmean2":[0.00751681625843,0.0221119057387,0.00923094525933,0.00322332349606,0.00379896722734,0.00377773144282,0.00195666751824,0.001587188337,0.00204744352959,0.00201978487894,0.00111109868158,0.00181365513708,0.00122065737378,0.000821762194391,0.000650196394417,0.000319034734275,0.000273819459835,0.00020772733842,0.000237888089032,0.000220478221308,0.000195578366402,0.000174881803105,0.000130167391035,0.0000563998364669,0.0000174843353307,0.0000686117637088,0.000669649336487],"dvar":[0.0000898965226952,0.000516186642926,0.000067531982495,0.0000173091520992,0.0000120993036035,0.0000196253567992,0.00000559754971619,0.00000363910203305,0.00000507890126755,0.00000474576518172,0.00000255224563261,0.00000151449228269,7.21458377484e-7,3.25511791743e-7,2.55888522815e-7,1.17761459251e-7,5.51681971217e-8,5.00378334323e-8,1.42398988601e-7,9.45326448232e-8,3.92737113941e-8,3.11308312462e-8,2.67940833965e-8,7.01730362707e-9,6.61079468944e-10,9.23953979992e-9,1.56890706648e-7],"dvar2":[0.000211973805563,0.00114997976925,0.000198890222237,0.000046925895731,0.0000297430688079,0.0000503328046761,0.0000142470935316,0.00000892583739187,0.0000127465336845,0.0000123625877677,0.00000599947679802,0.00000411375185649,0.00000191635967894,8.77452976056e-7,7.2065159884e-7,2.84682869278e-7,1.43384454532e-7,1.24517001154e-7,3.01179312601e-7,2.06155348792e-7,9.43204767623e-8,7.54821627424e-8,6.74816007518e-8,1.78446111221e-8,1.7090941995e-9,2.27653220719e-8,4.31920653909e-7],"max":[0.0910601988435,0.174498721957,0.0952824428678,0.071517445147,0.0438085757196,0.0705243423581,0.0557607673109,0.0525702014565,0.034747608006,0.0443038120866,0.0366805121303,0.0152831375599,0.0126402145252,0.0141923958436,0.0159160178155,0.0110132778063,0.00385866756551,0.00840664096177,0.0130103873089,0.00676612742245,0.00494935968891,0.00269472575746,0.00280656223185,0.00151333503891,0.000546143972315,0.00194271944929,0.00543103599921],"mean":[0.00470433523878,0.0176339726895,0.00571146281436,0.00211846642196,0.00356648629531,0.00360561418347,0.00177872693166,0.00143571943045,0.001909431885,0.00181556888856,0.00106934597716,0.00199640728533,0.00134870375041,0.000935467658564,0.000761176052038,0.000342839543009,0.000314161676215,0.000240659966948,0.000293788034469,0.00030385152786,0.00029588828329,0.000237492786255,0.000161218515132,0.0000586602582189,0.0000130322860059,0.0000906253408175,0.00146844645496],"median":[0.00126920372713,0.00831551104784,0.00339206983335,0.000902225147001,0.00213712314144,0.00152304547373,0.00100632151589,0.00085725961253,0.0011233005207,0.00106401136145,0.000600650790147,0.00166741223074,0.00113692437299,0.000825253548101,0.000647000677418,0.000277185696177,0.000258769403445,0.000185840472113,0.000194693973754,0.000215931315324,0.000234819177422,0.000153345885337,0.0000807629694464,0.0000244694419962,0.00000577702030569,0.0000446056583314,0.00146609684452],"min":[1.46327229259e-24,4.85176277982e-24,4.16872559288e-24,3.57101436246e-24,2.46305109581e-23,1.28194622375e-23,1.47640714221e-23,2.65387355111e-23,4.50194209585e-23,3.20850745408e-23,1.82288053158e-23,1.22286693172e-23,5.16685749119e-23,7.13865602901e-23,3.74051587965e-23,6.14121020303e-23,7.95759146738e-23,1.72870070002e-22,2.07708389009e-22,2.83396298582e-22,3.33294136353e-22,2.89808008558e-22,4.49187446365e-22,6.69461039065e-22,1.01113742207e-21,1.57083183619e-21,2.12725690779e-21],"var":[0.0000910591406864,0.000622365390882,0.0000572377030039,0.0000169841496245,0.0000202016690309,0.0000349118381564,0.00000946180807659,0.00000600910607318,0.00000779277343099,0.00000684908127369,0.00000414327132603,0.00000268684971161,0.00000134577010158,5.67074664559e-7,4.30197786727e-7,1.59317934845e-7,8.42595184736e-8,7.56453957251e-8,2.35987926089e-7,1.82907911039e-7,9.24398975144e-8,7.40960857115e-8,4.75176342718e-8,8.95296725645e-9,5.88589843531e-10,1.5667858122e-8,5.88498608067e-7]},"barkbands_crest":{"dmean":3.11726260185,"dmean2":5.17824411392,"dvar":7.33327627182,"dvar2":18.9935283661,"max":24.4714202881,"mean":9.59209346771,"median":8.99485206604,"min":2.28706908226,"var":15.9768505096},"barkbands_flatness_db":{"dmean":0.0253026634455,"dmean2":0.0409261099994,"dvar":0.000511423335411,"dvar2":0.00135539856274,"max":0.352840304375,"mean":0.108466237783,"median":0.0976013913751,"min":0.0249694399536,"var":0.00228356709704},"barkbands_kurtosis":{"dmean":3.2059264183,"dmean2":5.24282979965,"dvar":44.5284957886,"dvar2":112.025619507,"max":227.681259155,"mean":5.43714618683,"median":2.78200054169,"min":-1.59861338139,"var":101.391807556},"barkbands_skewness":{"dmean":0.555696845055,"dmean2":0.889565765858,"dvar":0.345765948296,"dvar2":0.816370308399,"max":13.1066989899,"mean":1.89923620224,"median":1.68079376221,"min":-2.80806779861,"var":1.15821218491},"barkbands_spread":{"dmean":7.93873071671,"dmean2":12.7973127365,"dvar":54.5906410217,"dvar2":134.562606812,"max":103.779388428,"mean":33.8423042297,"median":32.9762992859,"min":0.852960705757,"var":213.717697144},"dissonance":{"dmean":0.0161592178047,"dmean2":0.027902347967,"dvar":0.000352976319846,"dvar2":0.00104004540481,"max":0.500000119209,"mean":0.474071711302,"median":0.48088145256,"min":0.122663028538,"var":0.000876579841133},"dynamic_complexity":1.66291594505,"erbbands":{"dmean":[0.655234932899,2.29442715645,5.7513051033,5.45602226257,7.2256026268,8.74799537659,9.88962268829,23.308631897,20.2357597351,14.8177175522,19.7152347565,22.9555168152,40.9788627625,32.7834434509,26.7449188232,39.0718078613,32.1593666077,21.6433429718,22.2088718414,14.589430809,8.72564411163,8.77377891541,6.37622451782,7.17281913757,7.40818309784,6.89445400238,5.94104766846,4.34436845779,3.75164890289,3.55214834213,2.13704895973,1.1105902195,0.433102160692,0.151923850179,0.064328327775,0.0789385661483,0.097650885582,0.0661445632577,0.0162762422115,0.00781362131238],"dmean2":[1.05771446228,3.81481957436,10.259144783,9.40230941772,12.0697813034,14.4229049683,16.2336902618,38.4101066589,33.5987815857,24.4552288055,32.7616615295,38.3302536011,68.7109375,53.465259552,44.1223106384,65.8857650757,54.5008277893,36.4897193909,38.0691871643,25.0685882568,14.4312896729,14.9278125763,10.5867366791,11.4859848022,11.637840271,10.814868927,9.50525283813,6.87081289291,5.99062013626,5.68510198593,3.37922430038,1.75719237328,0.688194155693,0.24427087605,0.105671085417,0.123754784465,0.15054525435,0.101251281798,0.0243880972266,0.0126790497452],"dvar":[1.64769268036,13.7998065948,83.4741897583,99.8238449097,192.256072998,208.484313965,272.819122314,2408.26098633,1805.32800293,619.097167969,1487.34106445,1988.98815918,5274.234375,4853.64355469,1948.203125,1879.59509277,1413.40393066,728.516845703,625.069458008,583.118408203,248.867248535,159.195556641,126.100326538,204.175064087,394.820648193,234.286056519,112.851531982,41.7443733215,36.3461227417,39.042098999,20.7338294983,5.98232841492,1.32361221313,0.156725496054,0.0206819847226,0.0412550270557,0.0434182919562,0.0119151640683,0.00061145197833,0.000056371834944],"dvar2":[3.56636071205,35.9928703308,245.147384644,270.961334229,492.741668701,519.068969727,625.332580566,6240.25878906,4516.40527344,1569.4786377,3734.19042969,4893.20263672,13783.0175781,12140.7431641,4825.328125,5116.40722656,3772.59741211,1947.98681641,1729.47155762,1609.81652832,580.305603027,410.652679443,310.120056152,459.388336182,856.608825684,515.781982422,273.177032471,96.6448440552,88.7594146729,98.2584991455,52.7687072754,14.9099988937,3.48034000397,0.404947698116,0.0537213049829,0.105673626065,0.106042824686,0.028148399666,0.0013556308113,0.000144012141391],"max":[10.1724500656,42.0393676758,115.333099365,194.923660278,206.011032104,206.439300537,413.848937988,878.759033203,776.812194824,519.820739746,988.665771484,802.539489746,1187.21276855,1546.28344727,967.770996094,593.364318848,511.080352783,678.154724121,469.769042969,552.855529785,474.854949951,262.807556152,450.256561279,440.725097656,637.166564941,332.594268799,272.834533691,91.0637054443,115.052398682,90.1654510498,91.0142593384,45.1246757507,25.6067237854,8.71679973602,2.9004971981,4.22421360016,4.12387132645,1.84245812893,0.658592700958,0.160477384925],"mean":[0.751180589199,3.00213265419,6.83530664444,6.81539535522,9.34830570221,12.4818124771,15.0826129913,35.4268074036,31.6730194092,24.4089546204,31.6197814941,37.7386779785,63.0457344055,52.4127998352,52.5537376404,78.1865081787,63.7746238708,45.685459137,50.322063446,28.4381942749,17.8219146729,17.8515605927,13.3759231567,14.1565914154,14.6664409637,14.7203378677,13.6220798492,10.3459796906,8.17939567566,7.09161472321,4.11674690247,1.93636417389,0.675624847412,0.199667215347,0.0745363235474,0.122430965304,0.194454655051,0.161149889231,0.0575535595417,0.0411714315414],"median":[0.222171634436,1.74541413784,4.51231098175,4.13951349258,4.69994735718,6.93910169601,8.91654491425,13.2727737427,15.7428798676,16.5726509094,19.6388435364,23.0781936646,38.2481536865,28.5164222717,39.3139305115,67.5425567627,55.153087616,40.3584632874,44.6923446655,23.8241653442,14.8144760132,14.9546012878,10.816652298,9.90078163147,9.96153831482,10.3832025528,10.5541028976,7.89551258087,5.4293885231,4.03515386581,1.97492289543,0.812847793102,0.283412516117,0.0885779112577,0.0339473299682,0.0553654395044,0.0917496085167,0.105203397572,0.0487814359367,0.0404885485768],"min":[1.52178803816e-22,9.66751386998e-22,4.05456834799e-21,1.08654697103e-20,1.49760742941e-20,1.05779294509e-19,1.12236027264e-19,6.15535531462e-20,1.76247566987e-19,4.38678590858e-19,8.69477976188e-19,8.92075309752e-19,7.38010439122e-19,8.11187592397e-19,1.40549969852e-18,5.25269408343e-19,2.30072635961e-18,5.19683540385e-18,3.54997960203e-18,2.21906833031e-18,3.81902423217e-18,4.68187990377e-18,1.01309491462e-17,6.13688481098e-18,1.25300202496e-17,1.28779075998e-17,1.54146496813e-17,1.66219214397e-17,9.91475308536e-18,1.22815765526e-17,1.3750014873e-17,1.28776048517e-17,1.1990134353e-17,9.73176419025e-18,7.11828952644e-18,4.31052668034e-18,2.96097055082e-18,1.11130164333e-18,3.04386025205e-19,2.80945885069e-20],"var":[1.8221321106,14.858912468,71.172744751,94.3407287598,236.985137939,336.089782715,475.193511963,4049.0703125,3173.75878906,959.552856445,2378.67822266,2964.37060547,7321.22753906,7624.05371094,3568.33251953,3606.80566406,2645.09790039,1350.06860352,1318.03796387,735.995666504,378.151977539,256.625274658,205.13671875,369.859954834,621.637329102,438.800872803,228.136245728,108.497596741,84.3573608398,77.1448669434,33.5716056824,9.05501365662,1.35692465305,0.141502320766,0.0182185918093,0.0427228733897,0.0760068669915,0.0317519120872,0.00253160647117,0.000359879399184]},"erbbands_crest":{"dmean":2.1469438076,"dmean2":3.56294870377,"dvar":4.30931997299,"dvar2":11.5732574463,"max":30.1918010712,"mean":7.63555383682,"median":6.52196025848,"min":2.57164478302,"var":16.3574943542},"erbbands_flatness_db":{"dmean":0.018921058625,"dmean2":0.0294718500227,"dvar":0.000342886021826,"dvar2":0.000946979853325,"max":0.351845830679,"mean":0.123184062541,"median":0.114086419344,"min":0.0430320166051,"var":0.00185296265408},"erbbands_kurtosis":{"dmean":0.719064474106,"dmean2":1.14763951302,"dvar":0.669981777668,"dvar2":1.54712188244,"max":19.8699531555,"mean":0.590305507183,"median":0.255504846573,"min":-1.60331320763,"var":2.26946878433},"erbbands_skewness":{"dmean":0.287042945623,"dmean2":0.46259573102,"dvar":0.0604551024735,"dvar2":0.155723035336,"max":3.41109704971,"mean":0.195554032922,"median":0.20772998035,"min":-3.10763907433,"var":0.400843173265},"erbbands_spread":{"dmean":6.32766962051,"dmean2":9.90191078186,"dvar":35.7601890564,"dvar2":84.2371292114,"max":102.398826599,"mean":31.9444599152,"median":30.9649295807,"min":3.71325922012,"var":155.553588867},"gfcc":{"cov":[[9466.72265625,-536.408508301,-479.740539551,793.038208008,-473.236907959,43.6782112122,402.119506836,73.6247711182,36.6111717224,-3.70455121994,-159.896865845,188.603424072,-318.152648926],[-536.408508301,925.750732422,132.224151611,-298.84979248,219.846496582,-66.0870513916,-44.1537857056,-56.4735412598,63.5272636414,-35.6366043091,66.5249938965,-78.630317688,88.3062210083],[-479.740539551,132.224151611,370.311523438,21.7961959839,-32.590839386,97.5514907837,-104.429473877,34.527633667,-20.7337207794,19.105506897,-11.6980104446,-13.4281435013,4.95843982697],[793.038208008,-298.84979248,21.7961959839,383.889526367,-47.7051506042,31.826921463,105.931617737,46.1624946594,-15.8354034424,29.328666687,-44.4540710449,27.9454250336,-63.528793335],[-473.236907959,219.846496582,-32.590839386,-47.7051506042,236.673583984,5.25667381287,7.31566858292,-16.4130630493,29.3311691284,-11.7808408737,10.0902729034,-67.3215103149,32.6091041565],[43.6782112122,-66.0870513916,97.5514907837,31.826921463,5.25667381287,123.988128662,-16.5239906311,38.6069259644,-14.5919952393,2.6590681076,-18.1606483459,3.51863360405,-8.59067630768],[402.119506836,-44.1537857056,-104.429473877,105.931617737,7.31566858292,-16.5239906311,161.94468689,2.87415575981,30.8538742065,2.88953995705,-1.28138828278,25.4701404572,-17.1271724701],[73.6247711182,-56.4735412598,34.527633667,46.1624946594,-16.4130630493,38.6069259644,2.87415575981,88.8712692261,10.3538103104,20.2444438934,2.41324329376,8.60958862305,-0.625389516354],[36.6111717224,63.5272636414,-20.7337207794,-15.8354034424,29.3311691284,-14.5919952393,30.8538742065,10.3538103104,85.0374526978,32.1790390015,16.9345760345,2.02728772163,-7.69731426239],[-3.70455121994,-35.6366043091,19.105506897,29.328666687,-11.7808408737,2.6590681076,2.88953995705,20.2444438934,32.1790390015,65.2294006348,30.6716880798,14.7723007202,6.6001663208],[-159.896865845,66.5249938965,-11.6980104446,-44.4540710449,10.0902729034,-18.1606483459,-1.28138828278,2.41324329376,16.9345760345,30.6716880798,73.3732070923,47.3027839661,34.9991111755],[188.603424072,-78.630317688,-13.4281435013,27.9454250336,-67.3215103149,3.51863360405,25.4701404572,8.60958862305,2.02728772163,14.7723007202,47.3027839661,105.076293945,25.3571662903],[-318.152648926,88.3062210083,4.95843982697,-63.528793335,32.6091041565,-8.59067630768,-17.1271724701,-0.625389516354,-7.69731426239,6.6001663208,34.9991111755,25.3571662903,72.7196044922]],"icov":[[0.000274796504527,-0.000758619687986,0.00114073057193,-0.000782519986387,0.00078595103696,-0.000885069835931,0.00046060787281,-0.0000301627933368,0.00013593940821,-0.0006777975359,0.00108302128501,-0.000889844028279,0.000878248712979],[-0.000758619687986,0.00583206862211,-0.00639521982521,0.00372190470807,-0.00358545733616,0.00474913511425,-0.00344731286168,0.000684479891788,-0.00326334801503,0.00688211247325,-0.00792629830539,0.00601679831743,-0.00460401084274],[0.00114073057193,-0.00639521982521,0.0125070475042,-0.00675746751949,0.00696718646213,-0.0101371854544,0.00728971324861,0.000389386463212,0.000357590586646,-0.00528744608164,0.00574920373037,-0.0027978848666,0.00212530815043],[-0.000782519986387,0.00372190470807,-0.00675746751949,0.0112640708685,-0.00802774447948,0.00769615126774,-0.0071299886331,-0.00352865015157,0.00720895035192,-0.00714112911373,0.00642114691436,-0.00646208366379,0.00573144527152],[0.00078595103696,-0.00358545733616,0.00696718646213,-0.00802774447948,0.0162657536566,-0.0109451934695,0.00310221826658,0.00411365553737,-0.00896204728633,0.00848461035639,-0.0101157464087,0.014432628639,-0.00939930975437],[-0.000885069835931,0.00474913511425,-0.0101371854544,0.00769615126774,-0.0109451934695,0.0211645923555,-0.0046460814774,-0.00671496568248,0.00626614829525,-0.00334765180014,0.0065918690525,-0.00797410774976,0.00460677035153],[0.00046060787281,-0.00344731286168,0.00728971324861,-0.0071299886331,0.00310221826658,-0.0046460814774,0.014319374226,0.000992067158222,-0.00514295743778,0.0012236922048,0.00213549286127,-0.00309751508757,0.000313466880471],[-0.0000301627933368,0.000684479891788,0.000389386463212,-0.00352865015157,0.00411365553737,-0.00671496568248,0.000992067158222,0.0165275931358,-0.00662078941241,0.00320151727647,-0.00681255571544,0.00714249582961,-0.00653765909374],[0.00013593940821,-0.00326334801503,0.000357590586646,0.00720895035192,-0.00896204728633,0.00626614829525,-0.00514295743778,-0.00662078941241,0.030769566074,-0.0257607121021,0.0171842630953,-0.0177306607366,0.0178288854659],[-0.0006777975359,0.00688211247325,-0.00528744608164,-0.00714112911373,0.00848461035639,-0.00334765180014,0.0012236922048,0.00320151727647,-0.0257607121021,0.0512440502644,-0.0394643954933,0.0283048804849,-0.0193389412016],[0.00108302128501,-0.00792629830539,0.00574920373037,0.00642114691436,-0.0101157464087,0.0065918690525,0.00213549286127,-0.00681255571544,0.0171842630953,-0.0394643954933,0.0644085854292,-0.0428299419582,0.0146766966209],[-0.000889844028279,0.00601679831743,-0.0027978848666,-0.00646208366379,0.014432628639,-0.00797410774976,-0.00309751508757,0.00714249582961,-0.0177306607366,0.0283048804849,-0.0428299419582,0.0484452284873,-0.0254611428827],[0.000878248712979,-0.00460401084274,0.00212530815043,0.00573144527152,-0.00939930975437,0.00460677035153,0.000313466880471,-0.00653765909374,0.0178288854659,-0.0193389412016,0.0146766966209,-0.0254611428827,0.0382804349065]],"mean":[50.5653495789,78.6178359985,-88.3117599487,-3.43750309944,-20.6724243164,-3.89459562302,1.74325716496,-20.6118679047,-0.785851836205,-3.87591171265,-4.06301259995,-1.6314586401,-8.7801618576]},"hfc":{"dmean":40.6898574829,"dmean2":64.4918518066,"dvar":1513.1105957,"dvar2":3850.82080078,"max":884.417785645,"mean":236.30456543,"median":224.773803711,"min":1.12217915937e-16,"var":8681.92089844},"melbands":{"dmean":[0.00470784958452,0.00283403345384,0.000978978583589,0.000556921295356,0.000336917641107,0.000492922321428,0.00029655607068,0.000176652378286,0.000153230546857,0.00016623888223,0.000209187724977,0.000140125441249,0.000090344583441,0.000132524801302,0.0000957222582656,0.0000595512356085,0.00004398963938,0.0000411296823586,0.000027321602829,0.0000161969182955,0.0000103560205389,0.0000104754444692,0.00000692591720508,0.00000632787805444,0.00000618283411313,0.0000063015509113,0.00000505136949869,0.00000493046081829,0.00000426030919698,0.00000328359396917,0.00000266903862212,0.00000231900276049,0.00000230546720559,0.00000195076086129,0.00000133586388529,0.00000103420165942,5.87781357808e-7,3.35075014846e-7,1.99658927613e-7,1.07749407618e-7],"dmean2":[0.00750999944285,0.00491892360151,0.00167860358488,0.000918880337849,0.000546750263311,0.000807532283943,0.000489869737066,0.000291668256978,0.000254810147453,0.000278289197013,0.000350365240593,0.000229682045756,0.000147785147419,0.000226459291298,0.00016142790264,0.0000999974072329,0.0000745440484025,0.0000704495978425,0.0000469384940516,0.0000276508017123,0.0000171567826328,0.0000179130456672,0.000011643801372,0.0000105285726022,0.0000100081642813,0.000010123321772,0.00000801345686341,0.00000786821510701,0.00000691778996043,0.00000527644942849,0.00000427809209214,0.00000370771408598,0.00000373809211851,0.00000315533588946,0.00000214297028833,0.00000164580387718,9.38678283546e-7,5.3835003655e-7,3.22238008721e-7,1.75419401671e-7],"dvar":[0.0000714193447493,0.0000197631161427,0.0000031757861052,7.53860831537e-7,2.89250067453e-7,0.00000101533123598,3.62154167988e-7,9.64750270782e-8,7.93213175143e-8,1.02573309846e-7,1.35417067781e-7,8.63245830374e-8,3.69741357531e-8,2.53149607943e-8,1.2959930018e-8,4.91911933409e-9,2.94722402039e-9,2.17928475266e-9,1.91277305106e-9,8.24877000039e-10,3.14909875954e-10,2.23134719035e-10,1.73085545896e-10,1.06544939538e-10,1.45291723097e-10,3.36094818643e-10,1.25833926612e-10,1.21902682393e-10,6.01184033111e-11,2.80347967063e-11,1.61303609358e-11,1.38734657443e-11,1.5027755082e-11,1.20044304358e-11,7.63913845375e-12,5.6064302506e-12,1.59445774726e-12,7.8630499464e-13,3.12331866099e-13,7.95288720946e-14],"dvar2":[0.000152149877977,0.0000562822497159,0.00000851127697388,0.00000192187940229,6.56303996038e-7,0.00000260943807007,9.01833288935e-7,2.37709002704e-7,1.98693854259e-7,2.5566563977e-7,3.53207781245e-7,2.18048242573e-7,8.91844251782e-8,6.87243399966e-8,3.46755797409e-8,1.3016101974e-8,7.93189869341e-9,6.07423933374e-9,5.41386491193e-9,2.12462647475e-9,7.5110978548e-10,5.8814136894e-10,4.43168196584e-10,2.70173050598e-10,3.35356742376e-10,7.50950468476e-10,2.68376765256e-10,2.75785894122e-10,1.48636991604e-10,6.76639994035e-11,3.83888025535e-11,3.50630496859e-11,3.7935269509e-11,3.06656436355e-11,1.9533083484e-11,1.44669354621e-11,3.95721476421e-12,2.09698035845e-12,8.11398637082e-13,2.08787400888e-13],"max":[0.0645783990622,0.0594646260142,0.0304024629295,0.0120651265606,0.012279741466,0.0170621015131,0.01236740686,0.00846938043833,0.00657923566177,0.00530671561137,0.00584122864529,0.00693529378623,0.00410274509341,0.00170614640228,0.00185843743384,0.00113472610246,0.00148200115655,0.00085436750669,0.001642524614,0.000748883991037,0.000484995194711,0.000249760749284,0.000562227738556,0.000245661853114,0.000343348074239,0.000642523868009,0.00031693209894,0.000267220573733,0.000194365697098,0.0000963327693171,0.0000540884539078,0.0000677974530845,0.0000860647705849,0.0000480816670461,0.0000538915628567,0.0000451511477877,0.0000221885366045,0.0000213774928852,0.0000135831369334,0.00000671372208672],"mean":[0.00583911221474,0.00373242725618,0.00128733098973,0.00079270201968,0.000535005761776,0.000764310301747,0.000469608930871,0.000285146030365,0.000247611227678,0.000258996762568,0.00031780032441,0.000212889339309,0.000158540438861,0.000231576879742,0.000177929352503,0.000112181434815,0.0000829265409266,0.0000864880421432,0.0000512381229782,0.000027610336474,0.0000193815521925,0.0000194363419723,0.0000134596020871,0.000011469729543,0.0000113161513582,0.0000113335327114,0.00000975822786131,0.00000975393049885,0.00000882255608303,0.00000707608933226,0.00000570145539314,0.0000046694485718,0.00000433594050264,0.00000370973452846,0.0000024763660349,0.0000017131714003,9.79117658062e-7,5.09584936026e-7,2.69507268058e-7,1.2873555022e-7],"median":[0.00226450804621,0.00266108289361,0.000781586044468,0.000447686878033,0.000322298379615,0.000294311816106,0.000238971988438,0.000187337049283,0.000157647140441,0.00015058410645,0.000190557795577,0.000111095658212,0.000103999627754,0.000184176853509,0.000151829823153,0.0000942024707911,0.0000714977722964,0.0000759106114856,0.0000428519706475,0.0000216882071982,0.0000154861227202,0.000015627772882,0.0000106900270112,0.00000851433469506,0.00000751962306822,0.00000722822960597,0.00000657370992485,0.00000658869566905,0.00000652456856187,0.000005255205906,0.00000407787001677,0.00000285577061732,0.00000264969207819,0.00000199603709916,0.00000118673108318,7.12292489879e-7,3.94092523948e-7,2.1097315539e-7,1.15067933848e-7,5.37888595886e-8],"min":[1.34859676609e-24,2.02390765211e-24,1.97459477363e-24,3.42872909871e-24,4.36951593681e-24,1.64556729956e-24,2.9592712687e-24,5.15878823299e-24,1.02951412618e-23,5.16764477437e-24,3.38541235197e-24,3.3872429037e-24,4.09499391951e-24,1.67172267312e-24,2.27878013033e-24,5.65640366416e-24,9.03721656262e-24,6.47951375444e-24,2.15404386627e-24,3.00082471409e-24,3.91105837768e-24,4.17729774991e-24,5.83413323724e-24,6.66709265036e-24,4.23566990702e-24,8.72007791264e-24,1.01596512459e-23,7.53281227357e-24,8.22143420129e-24,7.63911049169e-24,7.63732372174e-24,4.86066152526e-24,6.45360282914e-24,6.21590483891e-24,7.17665971867e-24,8.08993029953e-24,7.2190957022e-24,7.87289809842e-24,8.04846303718e-24,7.13035516125e-24],"var":[0.000084900733782,0.0000180861006811,0.00000322262735608,0.00000113524197332,5.37492496733e-7,0.00000178365814918,6.58026635847e-7,1.53822355742e-7,1.28652942522e-7,1.50891992234e-7,1.89198374301e-7,1.3168175883e-7,6.10200743267e-8,4.16503738165e-8,2.2937552302e-8,9.40988620357e-9,4.99183450131e-9,4.11045952831e-9,2.55169996244e-9,9.95380444735e-10,4.71302719074e-10,3.35398514517e-10,2.29201713164e-10,1.67468205969e-10,2.55908211289e-10,4.68748651006e-10,2.30802238432e-10,2.11910322623e-10,1.0739489853e-10,6.06692127092e-11,3.64496800798e-11,3.00565024258e-11,2.85933915434e-11,2.22420554197e-11,1.22537422917e-11,7.48972845549e-12,2.42093996759e-12,7.8949894582e-13,2.79133161897e-13,6.73924146198e-14]},"melbands_crest":{"dmean":4.96393346786,"dmean2":8.18003082275,"dvar":21.4998054504,"dvar2":50.8176383972,"max":36.2237167358,"mean":15.7593746185,"median":14.7744178772,"min":1.76419818401,"var":40.8441390991},"melbands_flatness_db":{"dmean":0.0342709720135,"dmean2":0.0556186065078,"dvar":0.000862974207848,"dvar2":0.00231737014838,"max":0.498121082783,"mean":0.209766685963,"median":0.198721796274,"min":0.00395591557026,"var":0.00404756190255},"melbands_kurtosis":{"dmean":6.007376194,"dmean2":9.78690910339,"dvar":87.6182403564,"dvar2":214.279037476,"max":243.047485352,"mean":9.5052986145,"median":5.72759151459,"min":-1.58260965347,"var":193.091003418},"melbands_skewness":{"dmean":0.806255221367,"dmean2":1.28225576878,"dvar":0.666135728359,"dvar2":1.5279815197,"max":11.1767749786,"mean":2.35015892982,"median":2.15275192261,"min":-2.3362402916,"var":1.9549164772},"melbands_spread":{"dmean":6.36933755875,"dmean2":10.3322706223,"dvar":45.9686660767,"dvar2":114.164672852,"max":191.729400635,"mean":21.2310562134,"median":20.7525348663,"min":0.668333649635,"var":131.326828003},"mfcc":{"cov":[[7688.85107422,-840.961303711,-169.365631104,554.301025391,-608.083007812,220.75302124,-25.9505062103,385.345581055,-80.2710189819,227.640106201,0.639613568783,26.0534152985,-49.2758255005],[-840.961303711,1218.13098145,-60.1097717285,-189.697036743,197.514892578,-35.238193512,-23.2165966034,-94.8080291748,38.1134262085,-55.9818572998,23.9343566895,4.32695007324,24.1914138794],[-169.365631104,-60.1097717285,429.229034424,-28.137544632,44.9253425598,2.0564956665,-11.9426317215,2.25080251694,-13.4059886932,-5.85306549072,-5.07650852203,-13.8872900009,15.8064813614],[554.301025391,-189.697036743,-28.137544632,264.08972168,-57.326625824,55.147605896,36.0048789978,37.5847053528,6.02197504044,51.3071098328,7.13710021973,10.8911733627,-8.94978904724],[-608.083007812,197.514892578,44.9253425598,-57.326625824,210.804504395,0.839620769024,19.9811897278,-37.731842041,27.1465568542,-9.2383184433,24.1980781555,-15.1429634094,-5.6135263443],[220.75302124,-35.238193512,2.0564956665,55.147605896,0.839620769024,98.3308868408,23.0291233063,25.8875141144,10.8494634628,24.5724716187,2.47369217873,7.05552101135,-11.529797554],[-25.9505062103,-23.2165966034,-11.9426317215,36.0048789978,19.9811897278,23.0291233063,78.5750350952,20.9467124939,16.6663627625,0.821961462498,-4.09785938263,-10.8175382614,-3.85913181305],[385.345581055,-94.8080291748,2.25080251694,37.5847053528,-37.731842041,25.8875141144,20.9467124939,91.081703186,8.17104625702,19.0295677185,-6.77528476715,0.0290838815272,-0.383227586746],[-80.2710189819,38.1134262085,-13.4059886932,6.02197504044,27.1465568542,10.8494634628,16.6663627625,8.17104625702,57.786277771,21.6413841248,15.4280023575,3.40525960922,-8.28968429565],[227.640106201,-55.9818572998,-5.85306549072,51.3071098328,-9.2383184433,24.5724716187,0.821961462498,19.0295677185,21.6413841248,72.8530578613,33.8788414001,7.26629304886,-14.5070915222],[0.639613568783,23.9343566895,-5.07650852203,7.13710021973,24.1980781555,2.47369217873,-4.09785938263,-6.77528476715,15.4280023575,33.8788414001,57.0191383362,17.9693126678,-3.29459810257],[26.0534152985,4.32695007324,-13.8872900009,10.8911733627,-15.1429634094,7.05552101135,-10.8175382614,0.0290838815272,3.40525960922,7.26629304886,17.9693126678,50.8230056763,25.3572711945],[-49.2758255005,24.1914138794,15.8064813614,-8.94978904724,-5.6135263443,-11.529797554,-3.85913181305,-0.383227586746,-8.28968429565,-14.5070915222,-3.29459810257,25.3572711945,68.6309051514]],"icov":[[0.000240886394749,-0.0000280353215203,0.0000534335158591,-0.000257025152678,0.000463512260467,-0.00027319623041,0.000301325519104,-0.000736384245101,0.000396932853619,-0.00028469771496,-0.00022892812558,0.000275888742181,0.0000167004400282],[-0.0000280353215203,0.00115520250984,0.000280915031908,0.000504848198034,-0.000851055257954,-0.00019805302145,0.000382187892683,0.000621062237769,-0.000808296143077,0.000713592919055,-0.000295526115224,0.0000345410735463,-0.000477850611787],[0.0000534335158591,0.000280915031908,0.00261465949006,0.00018138991436,-0.000816148880403,-0.00048036975204,0.0008746443782,-0.000493516738061,0.000617080426309,-0.000214521991438,-0.0000251921010204,0.00121107359882,-0.00115969509352],[-0.000257025152678,0.000504848198034,0.00018138991436,0.00596239231527,0.000408868625527,-0.00139484379906,-0.00281709758565,0.00108150648884,0.000452488195151,-0.00324597326107,0.00110215344466,-0.00135028897785,-0.0000596686040808],[0.000463512260467,-0.000851055257954,-0.000816148880403,0.000408868625527,0.00865141581744,-0.00184600579087,-0.00169439008459,0.00100899266545,-0.00189663819037,0.00140727998223,-0.00493386993185,0.00387623067945,-0.000418705807533],[-0.00027319623041,-0.00019805302145,-0.00048036975204,-0.00139484379906,-0.00184600579087,0.0142572503537,-0.00329874036834,-0.00144848995842,0.000247152376687,-0.00372843095101,0.00403635390103,-0.00546740787104,0.00330857769586],[0.000301325519104,0.000382187892683,0.0008746443782,-0.00281709758565,-0.00169439008459,-0.00329874036834,0.0184337440878,-0.00430716946721,-0.00447951024398,0.00415828218684,-0.00121359864715,0.00565622607246,-0.00197763228789],[-0.000736384245101,0.000621062237769,-0.000493516738061,0.00108150648884,0.00100899266545,-0.00144848995842,-0.00430716946721,0.0172491837293,-0.00312613579445,-0.00281519955024,0.00348728639074,-0.000352135015419,-0.001474777353],[0.000396932853619,-0.000808296143077,0.000617080426309,0.000452488195151,-0.00189663819037,0.000247152376687,-0.00447951024398,-0.00312613579445,0.0246907733381,-0.0079037854448,-0.000350951479049,-0.00332510168664,0.00262714899145],[-0.00028469771496,0.000713592919055,-0.000214521991438,-0.00324597326107,0.00140727998223,-0.00372843095101,0.00415828218684,-0.00281519955024,-0.0079037854448,0.0298618711531,-0.0170838050544,0.00385286402889,0.0019908726681],[-0.00022892812558,-0.000295526115224,-0.0000251921010204,0.00110215344466,-0.00493386993185,0.00403635390103,-0.00121359864715,0.00348728639074,-0.000350951479049,-0.0170838050544,0.0345876812935,-0.0138747589663,0.00344828120433],[0.000275888742181,0.0000345410735463,0.00121107359882,-0.00135028897785,0.00387623067945,-0.00546740787104,0.00565622607246,-0.000352135015419,-0.00332510168664,0.00385286402889,-0.0138747589663,0.0346354953945,-0.0136046260595],[0.0000167004400282,-0.000477850611787,-0.00115969509352,-0.0000596686040808,-0.000418705807533,0.00330857769586,-0.00197763228789,-0.001474777353,0.00262714899145,0.0019908726681,0.00344828120433,-0.0136046260595,0.0213428065181]],"mean":[-613.00402832,142.213058472,-8.68102931976,18.8954601288,-5.47740364075,25.6231040955,1.64885187149,6.32997608185,-1.38186895847,6.66385412216,0.826382756233,5.11303472519,0.606221675873]},"pitch_salience":{"dmean":0.0858221054077,"dmean2":0.140063300729,"dvar":0.00642795860767,"dvar2":0.0151733038947,"max":0.912427961826,"mean":0.579439043999,"median":0.595129370689,"min":0.143742322922,"var":0.0125372316688},"silence_rate_20dB":{"dmean":0,"dmean2":0,"dvar":0,"dvar2":0,"max":1,"mean":1,"median":1,"min":1,"var":0},"silence_rate_30dB":{"dmean":0.109231851995,"dmean2":0.218502208591,"dvar":0.097295358777,"dvar2":0.197534248233,"max":1,"mean":0.889378190041,"median":1,"min":0,"var":0.0983795970678},"silence_rate_60dB":{"dmean":0.00176180410199,"dmean2":0.0035242291633,"dvar":0.0017584633315,"dvar2":0.00386514468119,"max":1,"mean":0.0220186710358,"median":0,"min":0,"var":0.0215371921659},"spectral_centroid":{"dmean":211.184234619,"dmean2":332.324005127,"dvar":54342.609375,"dvar2":118952.351562,"max":11490.2392578,"mean":1251.59155273,"median":1179.00036621,"min":210.169647217,"var":381281.59375},"spectral_complexity":{"dmean":3.87174057961,"dmean2":6.11841392517,"dvar":12.7934770584,"dvar2":29.9177589417,"max":61,"mean":28.4680290222,"median":30,"min":0,"var":119.804771423},"spectral_contrast_coeffs":{"dmean":[0.0565167553723,0.0493149533868,0.038810543716,0.0276332907379,0.0212680939585,0.026103053242],"dmean2":[0.0937349423766,0.0832934007049,0.0657911375165,0.0475538894534,0.0360546372831,0.0422516167164],"dvar":[0.00200016563758,0.00155819498468,0.000926791224629,0.000469827500638,0.000408714142395,0.000511092192028],"dvar2":[0.0053045572713,0.00437526823953,0.00263987923972,0.00138254987542,0.00118594465312,0.00128424610011],"max":[-0.37826281786,-0.491685450077,-0.573662936687,-0.66561961174,-0.6627805233,-0.5524507761],"mean":[-0.688854575157,-0.766531467438,-0.794901907444,-0.807072460651,-0.823928654194,-0.719639062881],"median":[-0.688835501671,-0.772894382477,-0.798742175102,-0.807643294334,-0.82081758976,-0.701122879982],"min":[-0.97094553709,-0.970022022724,-0.973147034645,-0.965209841728,-0.967463612556,-0.962859988213],"var":[0.0052290041931,0.00393720902503,0.0022518557962,0.00108839164022,0.00133383332286,0.0047295819968]},"spectral_contrast_valleys":{"dmean":[0.401473760605,0.338018089533,0.285850793123,0.243322625756,0.284483522177,0.433373093605],"dmean2":[0.657524645329,0.57051217556,0.483081817627,0.409645438194,0.457452684641,0.676863014698],"dvar":[0.117541991174,0.0831291005015,0.0718792378902,0.0625072047114,0.139610990882,0.204265162349],"dvar2":[0.281252980232,0.200402542949,0.175610721111,0.146380335093,0.371490836143,0.53399181366],"max":[-4.81389379501,-4.7289557457,-5.02243423462,-5.65020418167,-5.40058374405,-8.02004146576],"mean":[-6.59596586227,-6.1402630806,-6.41176700592,-6.81507349014,-7.23102140427,-10.3010120392],"median":[-6.40359163284,-5.96264982224,-6.17345094681,-6.54818344116,-6.87999486923,-10.161444664],"min":[-27.5658454895,-27.6830196381,-27.5170059204,-27.5675029755,-27.3763427734,-27.3993453979],"var":[1.43705177307,1.26495528221,1.30010807514,1.25500941277,1.49431717396,1.14354121685]},"spectral_decrease":{"dmean":5.76723202528e-9,"dmean2":9.10631392514e-9,"dvar":6.63331882725e-17,"dvar2":1.43079415787e-16,"max":4.213533078e-9,"mean":-1.09099085321e-8,"median":-8.69876704002e-9,"min":-7.5912048203e-8,"var":1.08438865208e-16},"spectral_energy":{"dmean":0.021917367354,"dmean2":0.0348574072123,"dvar":0.000902839179616,"dvar2":0.00197634310462,"max":0.301188141108,"mean":0.0626101493835,"median":0.0558162294328,"min":1.03335836907e-20,"var":0.00153224507812},"spectral_energyband_high":{"dmean":0.000480076007079,"dmean2":0.00072813697625,"dvar":5.64120284707e-7,"dvar2":0.00000129494424073,"max":0.0121943894774,"mean":0.00155266327783,"median":0.00130974384956,"min":7.22977100342e-21,"var":0.00000175517345724},"spectral_energyband_low":{"dmean":0.0195512622595,"dmean2":0.0315111540258,"dvar":0.000872309959959,"dvar2":0.00188946223352,"max":0.2484883219,"mean":0.0280651915818,"median":0.0169695634395,"min":1.13319821703e-23,"var":0.00111903797369},"spectral_energyband_middle_high":{"dmean":0.00259617133997,"dmean2":0.00417321547866,"dvar":0.0000102297799458,"dvar2":0.0000253804264503,"max":0.0540276952088,"mean":0.00891749747097,"median":0.00829836446792,"min":1.4961608125e-21,"var":0.0000337306992151},"spectral_energyband_middle_low":{"dmean":0.00614875787869,"dmean2":0.00997821893543,"dvar":0.0000656293850625,"dvar2":0.000169994615135,"max":0.110444478691,"mean":0.0150488968939,"median":0.0117874257267,"min":2.44020148726e-22,"var":0.000137583469041},"spectral_entropy":{"dmean":0.152920380235,"dmean2":0.242302522063,"dvar":0.0333397835493,"dvar2":0.100524365902,"max":9.80714035034,"mean":7.72424316406,"median":7.82086181641,"min":5.75957202911,"var":0.15737478435},"spectral_flux":{"dmean":0.0366944745183,"dmean2":0.0610858500004,"dvar":0.00195695157163,"dvar2":0.00534222088754,"max":0.504585623741,"mean":0.142749652267,"median":0.136741191149,"min":6.35493602186e-11,"var":0.00449413387105},"spectral_kurtosis":{"dmean":4.57252407074,"dmean2":7.46155357361,"dvar":83.6926040649,"dvar2":260.141387939,"max":108.295959473,"mean":14.9919605255,"median":11.6311607361,"min":-1.23204767704,"var":155.270614624},"spectral_rms":{"dmean":0.00122579664458,"dmean2":0.00193370378111,"dvar":0.00000193617688637,"dvar2":0.0000041021294237,"max":0.0171418227255,"mean":0.00743555976078,"median":0.00737935351208,"min":3.17514482588e-12,"var":0.0000057953434407},"spectral_rolloff":{"dmean":4644.60400391,"dmean2":8611.25390625,"dvar":51244140,"dvar2":110504896,"max":22006.9335938,"mean":13864.8017578,"median":20435.0097656,"min":64.599609375,"var":82990912},"spectral_skewness":{"dmean":0.3798199296,"dmean2":0.603270471096,"dvar":0.373168468475,"dvar2":1.14940011501,"max":8.77077484131,"mean":2.60014438629,"median":2.27734208107,"min":-0.0372700206935,"var":1.16598951817},"spectral_spread":{"dmean":520103.78125,"dmean2":824400.125,"dvar":537773834240,"dvar2":1290734534660,"max":41737916,"mean":4718623,"median":4584937.5,"min":1866848.75,"var":2612259454980},"spectral_strongpeak":{"dmean":3.68512845039,"dmean2":6.97468471527,"dvar":152.765060425,"dvar2":447.420227051,"max":105.480506897,"mean":3.41387557983,"median":0.377840250731,"min":0,"var":148.764404297},"zerocrossingrate":{"dmean":0.0376263894141,"dmean2":0.0456463396549,"dvar":0.00101532170083,"dvar2":0.00149577425327,"max":0.7373046875,"mean":0.287093549967,"median":0.27001953125,"min":0.01611328125,"var":0.0108037497848}},"metadata":{"audio_properties":{"analysis_sample_rate":44100,"bit_rate":192000,"codec":"vorbis","downmix":"mix","equal_loudness":0,"length":131.777603149,"lossless":false,"md5_encoded":"b2351b46ea68d82961ae3a233d54e3d5","replay_gain":-9.70927429199},"tags":{"album":["The Gang's All Here"],"albumartist":["Dropkick Murphys"],"albumartistsort":["Dropkick Murphys"],"artist":["Dropkick Murphys"],"artistsort":["Dropkick Murphys"],"asin":["B00000I5L9"],"barcode":["045778041329"],"catalognumber":["80413-2"],"date":["1999-03-16"],"engineer":["Jim Seigal"],"file_name":"14 - The Only Road.ogg","format":["CD"],"genre":["Celtic"],"label":["Hellcat Records"],"language":["eng"],"mixer":["Thomas Johnson"],"musicbrainz_albumartistid":["e8374874-4178-4869-b92e-fef6bf30dc04"],"musicbrainz_albumid":["c0804999-2570-457b-b766-881b6f386243"],"musicbrainz_artistid":["e8374874-4178-4869-b92e-fef6bf30dc04"],"musicbrainz_recordingid":["0482397b-3c58-40cc-a544-b91682e411e6"],"musicip_puid":["03aeaa6a-ad5a-1fa6-eb4c-9d8b01a366c1"],"producer":["Lars Frederiksen"],"releasecountry":["US"],"releasestatus":["official"],"releasetype":["album"],"script":["Latn"],"title":["The Only Road"],"totaltracks":["16"],"tracknumber":["14"]},"version":{"essentia":"2.1-beta1","essentia_build_sha":"8c2fd3ff3b9381f962a27951d857ce39398228bf","essentia_git_sha":"v2.1_beta1-7-ge0e83e8","extractor":"music 1.0"}},"rhythm":{"beats_count":282,"beats_loudness":{"dmean":0.0396817289293,"dmean2":0.0690935477614,"dvar":0.00120499962941,"dvar2":0.00357174524106,"max":0.265419095755,"mean":0.0839812532067,"median":0.076188378036,"min":0.0000478348592878,"var":0.00214145658538},"beats_loudness_band_ratio":{"dmean":[0.19546303153,0.0721159428358,0.0574415400624,0.0598462074995,0.0192605126649,0.0761228650808],"dmean2":[0.336480945349,0.126974001527,0.0977844446898,0.106339395046,0.0327141433954,0.129845649004],"dvar":[0.0281619764864,0.00665441760793,0.00494400737807,0.00495349150151,0.000415180518758,0.00536441104487],"dvar2":[0.0812236592174,0.0193782541901,0.0144391413778,0.0144043341279,0.000980495009571,0.0138341635466],"max":[0.88951528072