{"lowlevel":{"average_loudness":0.910377800465,"barkbands":{"dmean":[0.00538092805073,0.0082189803943,0.00123036326841,0.000443775352323,0.000735825160518,0.000511745223776,0.000751336454414,0.000725285266526,0.000423680321546,0.00024244490487,0.000230965481023,0.000349179608747,0.000276421225863,0.000510089739691,0.000783849391155,0.000892351032235,0.000465975754196,0.000388667947846,0.000207345845411,0.0000858009880176,0.0000574564764975,0.0000271121552942,0.0000169920658664,0.000013752979612,0.00000402811974709,0.0000293896937364,0.000809708843008],"dmean2":[0.00852941442281,0.0136696668342,0.00210956484079,0.000751564512029,0.00112738204189,0.000811917241663,0.00121182110161,0.00116903427988,0.000695835915394,0.000399276992539,0.000381530291634,0.000587809481658,0.00046600427595,0.000848231604323,0.00129588239361,0.00147226941772,0.000767142220866,0.000618378981017,0.000330581213348,0.000131692417199,0.0000857399354572,0.0000406614126405,0.0000254737788055,0.0000205454380193,0.00000638270557829,0.0000431600892625,0.00122136226855],"dvar":[0.000120871241961,0.000215490086703,0.00000290461230179,4.44470629191e-7,0.00000247496018346,0.00000150104085606,0.00000444729448645,0.000005606207651,0.00000164327548191,3.91180179804e-7,3.91771038721e-7,3.05024741465e-7,3.75222697357e-7,0.00000135780612709,0.00000296559551316,0.00000343874535247,6.20700291165e-7,6.47499518891e-7,1.8622422715e-7,2.99893230249e-8,1.54437032052e-8,2.9694071646e-9,1.37115985233e-9,9.79249570321e-10,7.57485324465e-11,4.15145562371e-9,0.00000106023605895],"dvar2":[0.000282157037873,0.000579845858738,0.00000807081596577,0.00000119263688703,0.00000459717830381,0.00000346934871231,0.0000111456829472,0.0000142097269418,0.00000418535501012,9.90827402347e-7,9.89496584225e-7,8.61397495555e-7,0.00000103511388261,0.00000356343821295,0.00000743653708923,0.00000894432469067,0.00000159475689543,0.00000153768507971,4.32458847399e-7,6.3353347457e-8,3.29096963014e-8,6.58669696563e-9,2.95236546322e-9,2.07960160203e-9,1.76313852407e-10,8.78972983287e-9,0.00000240379586103],"max":[0.173668012023,0.190677389503,0.0196831412613,0.0252821352333,0.0483797118068,0.0322680398822,0.0419084914029,0.0521821007133,0.0327717103064,0.0165328662843,0.0220838095993,0.00966049171984,0.0135481031612,0.0349950492382,0.0654280558228,0.0559440217912,0.0255570188165,0.0138462940231,0.00735612493008,0.00616810331121,0.00438097072765,0.00109741650522,0.000604895642027,0.000783055729698,0.00028191349702,0.00149191287346,0.0158967766911],"mean":[0.00726373912767,0.0127677740529,0.00176254287362,0.000608675472904,0.00119805557188,0.000748540041968,0.00108811829705,0.000956396805122,0.000617031822912,0.000345793174347,0.000336925266311,0.000592460855842,0.000446052028565,0.000874171208125,0.00147444067989,0.0017270736862,0.000860271800775,0.000751880405005,0.000400730263209,0.000180904491572,0.000130795728182,0.0000534435421287,0.0000294684214168,0.0000228178105317,0.00000572705130253,0.0000526701333001,0.00274138175882],"median":[0.00241648918018,0.00636805314571,0.00106517993845,0.000350113085005,0.000516538508236,0.000297871447401,0.000223201699555,0.000135880254675,0.000160627270816,0.000137629976962,0.000138462608447,0.000389546621591,0.000248281256063,0.000297868391499,0.000525859068148,0.000803155184258,0.000556002371013,0.000303002016153,0.00013356571435,0.0000732429980417,0.000047099274525,0.0000155608395289,0.00000743304917705,0.00000464903496322,0.00000162680737503,0.0000114669728646,0.00240743649192],"min":[1.54688296968e-24,4.56587091029e-24,7.98841031052e-25,2.37529824816e-24,1.41241285231e-23,1.1957600933e-23,6.43679890857e-24,1.09289846883e-23,1.91382562321e-23,1.93242522787e-23,2.11310545628e-23,3.60703588132e-23,2.66402871532e-23,5.07576267375e-23,5.49076030789e-23,6.24217998128e-23,8.86443188523e-23,1.2822475844e-22,1.48881251637e-22,1.03138634555e-22,2.59084539494e-22,3.96341969869e-22,4.57248872754e-22,5.80198284817e-22,9.33217048757e-22,1.27601899112e-21,2.14587271249e-21],"var":[0.000181349183549,0.00028158116038,0.00000428239127359,7.42620727578e-7,0.00000711568554834,0.00000272838519777,0.00000834660386317,0.00000920119873626,0.00000290969069283,5.7854441593e-7,6.05764967077e-7,5.78428625886e-7,5.4911930647e-7,0.00000311283633891,0.00000890691353561,0.00000822666515887,0.0000011880938473,0.00000140028487294,4.36224610212e-7,8.86599096361e-8,5.5525994469e-8,8.86779982778e-9,3.12739145691e-9,2.54994714233e-9,1.5061750458e-10,1.09443938356e-8,0.00000604662864134]},"barkbands_crest":{"dmean":2.56194424629,"dmean2":4.20136928558,"dvar":5.62233066559,"dvar2":14.8736505508,"max":26.4045791626,"mean":10.69789505,"median":10.3184204102,"min":2.76114416122,"var":18.6066474915},"barkbands_flatness_db":{"dmean":0.0269651692361,"dmean2":0.0422932878137,"dvar":0.000697741517797,"dvar2":0.00167220784351,"max":0.438177645206,"mean":0.14563511312,"median":0.132649824023,"min":0.036551900208,"var":0.00405655242503},"barkbands_kurtosis":{"dmean":5.29372835159,"dmean2":8.36786651611,"dvar":235.383102417,"dvar2":600.443847656,"max":421.811889648,"mean":8.73661994934,"median":1.2244951725,"min":-1.7488912344,"var":491.23425293},"barkbands_skewness":{"dmean":0.686210930347,"dmean2":1.06047677994,"dvar":0.749579131603,"dvar2":1.79191124439,"max":19.5663852692,"mean":1.97684049606,"median":1.48683404922,"min":-2.18356204033,"var":3.49605751038},"barkbands_spread":{"dmean":10.8151159286,"dmean2":16.9481544495,"dvar":124.549125671,"dvar2":288.490539551,"max":115.40978241,"mean":47.0528640747,"median":50.230682373,"min":0.565111339092,"var":699.692565918},"dissonance":{"dmean":0.0119895264506,"dmean2":0.0204665102065,"dvar":0.000203031202545,"dvar2":0.000584798457567,"max":0.500000059605,"mean":0.481265544891,"median":0.486911714077,"min":0.310496717691,"var":0.000338489393471},"dynamic_complexity":4.92585086823,"erbbands":{"dmean":[0.444177031517,1.19902443886,1.64944624901,1.24823904037,1.68508267403,3.06750822067,3.45262098312,4.49671792984,7.76274585724,16.9246387482,12.4086360931,9.01759243011,8.84120559692,6.05533218384,10.3258142471,14.1693372726,11.6516256332,19.9331302643,31.3350105286,41.5998306274,48.491268158,23.864233017,20.413690567,15.2354688644,7.41504049301,4.06654405594,2.81465125084,1.95388650894,1.04030537605,0.652146100998,0.475659817457,0.331146836281,0.21080173552,0.0714642927051,0.0184640344232,0.0635004341602,0.060794852674,0.0564673766494,0.0430846475065,0.0186088643968],"dmean2":[0.72184753418,2.07491016388,2.85371255875,2.113083601,2.77404356003,4.59702301025,5.49960660934,7.1811876297,12.4522457123,27.1485118866,19.999048233,14.6245536804,14.4917736053,10.0562486649,16.9914131165,23.9512786865,19.4752464294,32.9346847534,52.2600250244,68.6465148926,79.7239532471,38.8796043396,32.7649269104,24.0205574036,11.7871580124,6.2139787674,4.21751499176,2.90497994423,1.55243456364,0.984213292599,0.714199483395,0.498162120581,0.31621414423,0.109873987734,0.029464142397,0.0968076735735,0.0892219766974,0.0816331356764,0.0618802905083,0.0282641146332],"dvar":[0.687088191509,5.7765994072,6.32810640335,3.01514649391,7.96591281891,64.5119781494,75.854019165,124.725166321,450.550170898,3290.69067383,1701.15039062,925.415893555,668.045410156,167.496017456,634.176391602,466.864593506,666.509765625,2375.70019531,4580.49560547,7217.33837891,12010.6787109,1453.7322998,1823.46618652,1125.24584961,226.017501831,68.9054107666,35.484577179,19.1673927307,4.47491073608,1.97670865059,1.07555711269,0.544626414776,0.257360696793,0.027004159987,0.00100326817483,0.0242069866508,0.0174319725484,0.0134486425668,0.0059698279947,0.000559914507903],"dvar2":[1.76999485493,16.1921882629,17.7926044464,8.43048763275,19.2567615509,109.866104126,180.880172729,291.369476318,1105.56274414,8471.57617188,4371.99707031,2370.20068359,1658.35827637,427.927398682,1612.94641113,1310.29748535,1847.00939941,6160.54296875,11949.9453125,18174.8671875,31005.2207031,3786.00268555,4467.88964844,2594.97412109,533.504821777,146.702667236,75.2311782837,42.4286499023,9.93032360077,4.41586399078,2.32896971703,1.17835426331,0.547688305378,0.058947339654,0.00229674647562,0.0528261102736,0.0372866019607,0.0287632476538,0.0120646273717,0.00128097599372],"max":[9.97643947601,45.9708175659,38.7928123474,44.0206222534,82.1708602905,266.983062744,229.155502319,353.976531982,589.994018555,1226.68713379,1057.17053223,838.135803223,664.697021484,331.369537354,782.05267334,378.874847412,741.157836914,1925.4354248,2032.85644531,3460.38378906,3672.18188477,683.47845459,702.479614258,518.8671875,240.360870361,282.963439941,253.430587769,147.398345947,51.673210144,19.5625400543,15.729177475,14.3419065475,16.1500511169,5.72137308121,0.551653444767,3.95196175575,3.11188268661,1.80661082268,1.67814779282,0.404944986105],"mean":[0.684965014458,1.63919496536,2.3784263134,1.98924970627,2.54154968262,4.73680830002,4.93634414673,6.59212589264,11.557311058,24.0332584381,17.6130619049,13.5484666824,13.2218017578,10.0155334473,16.9584674835,24.966960907,21.091053009,36.3917655945,62.2769737244,83.766746521,96.3248596191,49.5836791992,39.9104576111,30.6923809052,14.7500734329,8.66679286957,6.28568744659,4.32063436508,2.12782502174,1.15926873684,0.81783503294,0.557157754898,0.33642372489,0.108644977212,0.0257178433239,0.0998828038573,0.109669707716,0.119666710496,0.118218608201,0.064305447042],"median":[0.257062107325,0.924515664577,1.44822728634,1.33916723728,1.41433501244,1.64763391018,1.75130558014,2.68105077744,3.45988464355,3.36444377899,3.70688343048,3.71340918541,4.39518165588,5.22912311554,8.90163993835,16.6643466949,12.6704435349,14.766166687,26.1903114319,37.0921096802,43.8900375366,33.1474227905,18.3031177521,10.3923625946,5.495241642,3.50970077515,2.45759773254,1.42603850365,0.629544138908,0.315907239914,0.198246151209,0.121116712689,0.0643460601568,0.0250509381294,0.00919770170003,0.0178205370903,0.0241371765733,0.0376413948834,0.0625168830156,0.0581288821995],"min":[1.38784021376e-22,6.09445107241e-22,2.08557395194e-21,1.35103304435e-20,2.4678395585e-20,3.39708181862e-20,6.56469016439e-20,1.08077331498e-19,1.36641435475e-19,2.21926276945e-19,3.74359766461e-19,4.35362320384e-19,7.68913958506e-19,7.92257150489e-19,1.36038537131e-18,1.35042042987e-18,1.44585463528e-18,2.40661250905e-18,3.22565490515e-18,2.98118394985e-18,5.76726329017e-18,5.44874705555e-18,6.88387398546e-18,7.10441439884e-18,7.81041718756e-18,5.51515146076e-18,1.00676367421e-17,9.17429656977e-18,1.26843572626e-17,1.30171220969e-17,1.332983111e-17,1.21281386849e-17,1.07449173384e-17,9.78727214526e-18,6.38708337163e-18,4.71336777456e-18,2.55080394509e-18,9.31146565601e-19,2.52013498311e-19,2.84146783234e-20],"var":[1.00232851505,5.53635072708,8.15446281433,4.83278942108,15.2807703018,191.893325806,128.263412476,213.797775269,840.42364502,5753.40869141,2739.9152832,1585.71643066,1125.37902832,269.12600708,1069.58874512,954.801879883,1070.23010254,5529.70361328,13334.4609375,20294.9824219,27783.984375,3260.23828125,3584.65698242,2664.75488281,528.265319824,203.738601685,118.574058533,66.2128219604,14.5212278366,4.49385452271,2.45641732216,1.33721005917,0.643186628819,0.0634334683418,0.00183744938113,0.0523276105523,0.0471928603947,0.039832226932,0.0246289912611,0.00318329362199]},"erbbands_crest":{"dmean":2.51242136955,"dmean2":4.16128730774,"dvar":6.04779338837,"dvar2":15.4726734161,"max":30.9211387634,"mean":9.08805751801,"median":7.84439563751,"min":1.89829182625,"var":19.6343708038},"erbbands_flatness_db":{"dmean":0.0193715654314,"dmean2":0.0304013267159,"dvar":0.000309526367346,"dvar2":0.000768784550019,"max":0.326764941216,"mean":0.147155627608,"median":0.140192776918,"min":0.015473770909,"var":0.00183826033026},"erbbands_kurtosis":{"dmean":1.44818603992,"dmean2":2.33998608589,"dvar":4.40585374832,"dvar2":11.2790727615,"max":57.438583374,"mean":1.85219323635,"median":0.791208863258,"min":-1.83445036411,"var":13.8264493942},"erbbands_skewness":{"dmean":0.398424208164,"dmean2":0.624988734722,"dvar":0.127947494388,"dvar2":0.303977787495,"max":4.09649658203,"mean":-0.713249325752,"median":-0.777865409851,"min":-5.78770589828,"var":0.917865514755},"erbbands_spread":{"dmean":5.88971328735,"dmean2":9.3230009079,"dvar":33.1758651733,"dvar2":78.3173980713,"max":112.626899719,"mean":28.6577224731,"median":26.8898735046,"min":1.93357551098,"var":208.041397095},"gfcc":{"cov":[[19754.8652344,-2480.84399414,-2123.49194336,196.892501831,225.30027771,-577.622558594,402.960510254,-77.6555023193,273.139465332,171.569061279,140.936599731,302.191589355,-158.07522583],[-2480.84399414,1527.87463379,260.341003418,-270.436889648,108.913002014,27.8507213593,-103.139930725,-48.301525116,20.9719276428,-69.6251831055,-23.0568561554,-120.855148315,103.974105835],[-2123.49194336,260.341003418,522.755004883,156.597213745,-155.415710449,131.010116577,-48.7659606934,72.0769958496,-91.6142654419,6.66104316711,-15.210398674,-14.2609195709,-21.5938644409],[196.892501831,-270.436889648,156.597213745,333.696014404,-16.6617164612,-19.6321296692,69.9193725586,57.1958236694,-68.1194381714,12.4491853714,19.4315795898,37.0739021301,-62.4375076294],[225.30027771,108.913002014,-155.415710449,-16.6617164612,284.545196533,16.2926998138,12.476726532,-71.4184799194,62.4412956238,-27.7728939056,-1.87879121304,-11.5966186523,57.6460647583],[-577.622558594,27.8507213593,131.010116577,-19.6321296692,16.2926998138,220.680725098,-41.3595352173,10.4374275208,-3.97712874413,6.84719705582,-37.8140068054,-7.04931163788,34.2776069641],[402.960510254,-103.139930725,-48.7659606934,69.9193725586,12.476726532,-41.3595352173,167.253448486,59.8722229004,21.992811203,8.79092216492,22.1095542908,14.3920764923,-36.8693351746],[-77.6555023193,-48.301525116,72.0769958496,57.1958236694,-71.4184799194,10.4374275208,59.8722229004,153.700149536,22.6225757599,15.310798645,5.84451293945,-14.3612852097,-43.8653831482],[273.139465332,20.9719276428,-91.6142654419,-68.1194381714,62.4412956238,-3.97712874413,21.992811203,22.6225757599,123.532821655,39.3299446106,-1.1475789547,-12.4201822281,14.9114942551],[171.569061279,-69.6251831055,6.66104316711,12.4491853714,-27.7728939056,6.84719705582,8.79092216492,15.310798645,39.3299446106,73.5224838257,31.6186351776,13.9396810532,-4.48600435257],[140.936599731,-23.0568561554,-15.210398674,19.4315795898,-1.87879121304,-37.8140068054,22.1095542908,5.84451293945,-1.1475789547,31.6186351776,80.1627807617,41.5874252319,-14.7178277969],[302.191589355,-120.855148315,-14.2609195709,37.0739021301,-11.5966186523,-7.04931163788,14.3920764923,-14.3612852097,-12.4201822281,13.9396810532,41.5874252319,71.9897994995,8.27574729919],[-158.07522583,103.974105835,-21.5938644409,-62.4375076294,57.6460647583,34.2776069641,-36.8693351746,-43.8653831482,14.9114942551,-4.48600435257,-14.7178277969,8.27574729919,92.4293746948]],"icov":[[0.00014992733486,-0.000118138283142,0.00106722838245,-0.000677003059536,0.000463225354906,-0.000298980245134,0.000108902786451,0.0000219814537559,-0.000152775319293,-0.000180906878086,0.000183898417163,-0.000352612725692,0.000133877416374],[-0.000118138283142,0.00195891107433,-0.00348721281625,0.00305007817224,-0.00212735962123,0.00183041638229,-0.000523959519342,-0.0000671779271215,0.000311168143526,0.000986891333014,-0.00146129203495,0.00229476438835,-0.001193319913],[0.00106722838245,-0.00348721281625,0.0162215270102,-0.0122748818249,0.00993423722684,-0.00810063350946,0.00254038511775,0.000854124431498,-0.00268144183792,0.000969254935626,-0.00166484923102,0.0000178141854121,-0.000314120115945],[-0.000677003059536,0.00305007817224,-0.0122748818249,0.0167190562934,-0.0126639390364,0.00838647130877,-0.00251907599159,-0.00563582964242,0.0110937394202,-0.00944976881146,0.00869017001241,-0.00673382915556,0.00468425825238],[0.000463225354906,-0.00212735962123,0.00993423722684,-0.0126639390364,0.0174554046243,-0.00887862499803,-0.000337457633577,0.00853999890387,-0.0138625307009,0.0145912608132,-0.0130431530997,0.0097791031003,-0.00673194089904],[-0.000298980245134,0.00183041638229,-0.00810063350946,0.00838647130877,-0.00887862499803,0.0117034036666,0.000175595516339,-0.00472597545013,0.00674140732735,-0.00833054166287,0.00957109127194,-0.0056991907768,0.000769074307755],[0.000108902786451,-0.000523959519342,0.00254038511775,-0.00251907599159,-0.000337457633577,0.000175595516339,0.00941215455532,-0.00366651639342,-0.00105649337638,0.000025483643185,0.000380171200959,-0.00285948440433,0.00231542950496],[0.0000219814537559,-0.0000671779271215,0.000854124431498,-0.00563582964242,0.00853999890387,-0.00472597545013,-0.00366651639342,0.015476597473,-0.0113531472161,0.0101462509483,-0.0100993216038,0.00966419186443,-0.0013349771034],[-0.000152775319293,0.000311168143526,-0.00268144183792,0.0110937394202,-0.0138625307009,0.00674140732735,-0.00105649337638,-0.0113531472161,0.0286672729999,-0.0249807629734,0.0169661082327,-0.00921753700823,0.00428206427023],[-0.000180906878086,0.000986891333014,0.000969254935626,-0.00944976881146,0.0145912608132,-0.00833054166287,0.000025483643185,0.0101462509483,-0.0249807629734,0.042606908828,-0.0281398203224,0.0157073717564,-0.00855116732419],[0.000183898417163,-0.00146129203495,-0.00166484923102,0.00869017001241,-0.0130431530997,0.00957109127194,0.000380171200959,-0.0100993216038,0.0169661082327,-0.0281398203224,0.0429799631238,-0.0292022824287,0.0127392811701],[-0.000352612725692,0.00229476438835,0.0000178141854121,-0.00673382915556,0.0097791031003,-0.0056991907768,-0.00285948440433,0.00966419186443,-0.00921753700823,0.0157073717564,-0.0292022824287,0.0400886908174,-0.0142586454749],[0.000133877416374,-0.001193319913,-0.000314120115945,0.00468425825238,-0.00673194089904,0.000769074307755,0.00231542950496,-0.0013349771034,0.00428206427023,-0.00855116732419,0.0127392811701,-0.0142586454749,0.0218840315938]],"mean":[-21.7197685242,79.4437866211,-93.006729126,4.82140684128,13.313378334,-16.5567073822,-3.92118692398,-8.50982952118,8.26813793182,-6.66547298431,-2.05049037933,-2.40264201164,-2.94177484512]},"hfc":{"dmean":26.0321826935,"dmean2":38.5004119873,"dvar":1055.42822266,"dvar2":2321.72875977,"max":540.447631836,"mean":114.527137756,"median":114.202423096,"min":1.11123575839e-16,"var":7746.97949219},"melbands":{"dmean":[0.0031901197508,0.00105101999361,0.000216091182665,0.000161470990861,0.000124558413518,0.00010106015543,0.000125649617985,0.000183016920346,0.000096471492725,0.0000563567155041,0.0000443438075308,0.0000248749656748,0.0000338064492098,0.0000373116599803,0.0000380035126,0.0000247324078373,0.000042125757318,0.0000528786986251,0.0000652498638374,0.0000531173864147,0.0000632979936199,0.0000290160223813,0.0000190000591829,0.0000196381752176,0.0000129379832288,0.00000702575607647,0.00000378036838811,0.00000276664604826,0.00000199012265512,0.00000158923376148,0.00000108094593543,6.69080066018e-7,4.66310297043e-7,3.43764128274e-7,2.89147408239e-7,2.46909394264e-7,1.97721377049e-7,1.57361483843e-7,1.25688032426e-7,3.70824047025e-8],"dmean2":[0.00515749352053,0.00181518285535,0.000362341961591,0.000247319519985,0.000194678956177,0.000161061892868,0.000201301896595,0.000293780700304,0.000155799585627,0.0000914004995138,0.0000727827646188,0.0000412679510191,0.0000553187164769,0.0000626646360615,0.0000648135392112,0.0000415435715695,0.0000699251395417,0.0000882391614141,0.00010769761866,0.0000881738087628,0.000104170081613,0.0000479504305986,0.0000309684473905,0.0000316780169669,0.0000206461736525,0.0000113360702017,0.00000602698719376,0.00000430394902651,0.00000306228662339,0.00000243092699748,0.00000164140863035,0.0000010269750419,7.20096466011e-7,5.29887586254e-7,4.40554089209e-7,3.79495503466e-7,3.0327490208e-7,2.38970528699e-7,1.91438346064e-7,5.86195874064e-8],"dvar":[0.0000331387236656,0.00000340845122082,8.72498731042e-8,1.3252305564e-7,8.24697181656e-8,5.95425504457e-8,1.11049672569e-7,3.71180817638e-7,1.03023268139e-7,3.21663016223e-8,1.64954325754e-8,2.86999024546e-9,8.50607850822e-9,4.07560740712e-9,6.63753318975e-9,2.04702010898e-9,1.16050111743e-8,1.46761474085e-8,2.47907419038e-8,8.88654749787e-9,2.35778951918e-8,2.21809415279e-9,1.31342248189e-9,1.81140136224e-9,8.13237754915e-10,2.00985963983e-10,5.79423176106e-11,3.5378804053e-11,1.74017519144e-11,1.57899179842e-11,5.24629428442e-12,2.01111067903e-12,1.03852462654e-12,5.69192100137e-13,4.06785038596e-13,2.96812270942e-13,2.07375308874e-13,1.5136154862e-13,9.83226968268e-14,6.18596038786e-15],"dvar2":[0.0000847438423079,0.00000958334021561,2.38699527699e-7,2.43485146711e-7,1.85082271287e-7,1.38586969456e-7,2.73768932857e-7,9.53050857788e-7,2.65203652816e-7,8.2602269913e-8,4.10560616615e-8,7.32372251733e-9,2.1437662312e-8,1.13928244616e-8,1.9160358633e-8,5.52709389368e-9,3.00285520893e-8,3.84130665054e-8,6.11255046579e-8,2.32611618856e-8,6.12243553633e-8,5.8608011777e-9,3.28068794353e-9,4.42291581138e-9,1.92273508226e-9,4.87914209035e-10,1.37316963356e-10,7.83111214764e-11,3.83781860458e-11,3.63190311159e-11,1.22546573583e-11,4.70265883526e-12,2.43378581177e-12,1.29677562091e-12,9.04011620336e-13,6.63395336928e-13,4.68185982604e-13,3.34194098176e-13,2.10037689281e-13,1.44697130661e-14],"max":[0.0640712231398,0.0356574989855,0.00818532239646,0.0136198047549,0.00640882365406,0.00715446146205,0.00776907755062,0.0115191368386,0.00886684656143,0.00454083224759,0.00319970655255,0.00141898018774,0.0034486874938,0.00144892686512,0.0016871120315,0.00114988849964,0.00394185306504,0.00360226235352,0.00664512999356,0.0023071069736,0.00552908051759,0.000993300578557,0.000516195665114,0.000793030601926,0.000452591339126,0.000242825015448,0.000181365481694,0.000216716012801,0.000159446630278,0.000159909570357,0.0000689144217176,0.0000387253639929,0.000021848563847,0.0000108189951789,0.0000104189912236,0.0000116370956675,0.00000962465128396,0.0000130210119096,0.0000120202603284,0.00000218792456508],"mean":[0.00506737781689,0.00155736866873,0.000368818757124,0.000259945722064,0.000187789046322,0.000148969818838,0.000188437712495,0.000257476727711,0.000135511349072,0.000082696780737,0.0000647262713755,0.000038475736801,0.0000516359250469,0.0000635390315438,0.0000614919117652,0.0000417641967942,0.0000708677835064,0.0000934120180318,0.000121913602925,0.000103826314444,0.000115314302093,0.0000538505373697,0.0000347902896465,0.0000356454693247,0.0000242020796577,0.0000127429357235,0.00000719748186384,0.00000542225006939,0.00000409588847106,0.00000324830693899,0.00000221326035899,0.00000127579573928,8.05709305496e-7,5.71620944356e-7,4.80320466067e-7,4.01310330744e-7,3.17195940625e-7,2.44826964035e-7,1.90607863715e-7,5.2059085931e-8],"median":[0.00220979284495,0.00101301632822,0.000257827108726,0.000116324736155,0.0000682368554408,0.0000590854797338,0.0000528977470822,0.0000342079692928,0.0000286687227344,0.0000211814513023,0.0000206130789593,0.00001907281694,0.0000231774465647,0.0000408680862165,0.0000342298153555,0.0000252973732131,0.000024513932658,0.000037988236727,0.0000398841148126,0.0000558228566661,0.0000483623916807,0.0000342452403856,0.0000179618218681,0.0000132227942231,0.00000761880028222,0.00000440635449195,0.00000281358916254,0.00000208516712519,0.00000152854829594,0.00000114904571547,6.88448778874e-7,3.62130577969e-7,2.13960987594e-7,1.52538021325e-7,1.18143645977e-7,8.91958578109e-8,6.67767068308e-8,4.60789486567e-8,3.35584786626e-8,1.46102525633e-8],"min":[1.52856512642e-24,1.50638216055e-24,3.30651206196e-24,1.81069255171e-24,2.11140415941e-24,2.54702991457e-24,1.82495535409e-24,2.46870766238e-24,2.4148965018e-24,2.63797413846e-24,3.58537754739e-24,2.72404280752e-24,3.15969400344e-24,3.63273050095e-24,2.99468737625e-24,2.25736019017e-24,3.76611583597e-24,4.55765137409e-24,4.17268094146e-24,4.2260383098e-24,6.43441497092e-24,4.68172893929e-24,5.59175966842e-24,5.44129865024e-24,4.92200887127e-24,5.33495428376e-24,3.41091346403e-24,3.43277713845e-24,5.11306703821e-24,5.32357062647e-24,3.98604236774e-24,6.82909864788e-24,7.06984874096e-24,6.02666460192e-24,6.34208116854e-24,5.97138635728e-24,6.69878040406e-24,6.90072800693e-24,6.70781365028e-24,7.83487026962e-24],"var":[0.0000491426108056,0.00000369248073184,1.57014014235e-7,3.69619328922e-7,1.71775255353e-7,1.06984835213e-7,2.12258029819e-7,6.51040807043e-7,1.69031110886e-7,5.51388765757e-8,2.76270366584e-8,4.41412151275e-9,1.35543869462e-8,7.57484741598e-9,1.09731583819e-8,3.68838382059e-9,2.528138765e-8,3.35300640586e-8,6.95461608302e-8,2.39691466675e-8,4.69668322012e-8,4.42570291526e-9,2.46724862762e-9,3.49055695459e-9,1.79676651335e-9,4.20851825611e-10,1.30410793275e-10,9.31969848517e-11,5.21370342732e-11,4.1601021239e-11,1.73071453002e-11,5.58026238065e-12,2.30298766168e-12,1.15597277844e-12,8.57744485248e-13,6.55472150082e-13,4.69856087631e-13,3.46932308186e-13,2.33406040806e-13,1.23013849541e-14]},"melbands_crest":{"dmean":4.44912958145,"dmean2":7.22148752213,"dvar":17.9417190552,"dvar2":43.6054916382,"max":39.1301078796,"mean":19.6499195099,"median":19.1142158508,"min":1.5568780899,"var":59.4894485474},"melbands_flatness_db":{"dmean":0.0358901135623,"dmean2":0.0565907098353,"dvar":0.00108810549136,"dvar2":0.00267661456019,"max":0.602204501629,"mean":0.248201966286,"median":0.236769735813,"min":0.00356983859092,"var":0.0076403892599},"melbands_kurtosis":{"dmean":10.1878271103,"dmean2":16.5477199554,"dvar":788.284057617,"dvar2":1998.21972656,"max":1190.70947266,"mean":17.7602863312,"median":6.42914438248,"min":-1.93150401115,"var":1430.44702148},"melbands_skewness":{"dmean":0.966737270355,"dmean2":1.53785049915,"dvar":1.28447318077,"dvar2":3.14586520195,"max":29.2920646667,"mean":3.02278327942,"median":2.53027391434,"min":-1.5377715826,"var":5.3747215271},"melbands_spread":{"dmean":8.95245075226,"dmean2":14.4922065735,"dvar":104.648376465,"dvar2":267.45791626,"max":149.610458374,"mean":28.5257129669,"median":23.4643745422,"min":0.244901940227,"var":467.940124512},"mfcc":{"cov":[[14423.6904297,-1221.59716797,-2205.83520508,468.259765625,-440.949157715,-28.8321342468,-221.347122192,133.991622925,-137.195220947,144.774734497,18.0082054138,228.452606201,-1.70000469685],[-1221.59716797,1535.3416748,-15.0776081085,-201.996398926,170.853149414,5.37592887878,-69.4128417969,-80.8656387329,79.8918380737,-20.1744842529,-43.3589248657,-26.2489948273,30.9543228149],[-2205.83520508,-15.0776081085,812.850646973,-5.33178710938,-8.34294319153,-22.0649185181,83.9085159302,7.37843132019,-10.3573350906,-30.8869628906,39.6682891846,-19.692987442,-6.55006599426],[468.259765625,-201.996398926,-5.33178710938,363.2762146,-51.5984535217,-55.5193138123,79.235496521,53.1808128357,-47.5057106018,-5.8214673996,42.3775291443,37.0449790955,-8.36662387848],[-440.949157715,170.853149414,-8.34294319153,-51.5984535217,208.761917114,90.702583313,-14.8642721176,-17.1199569702,31.6299858093,-5.49897670746,-34.7378921509,-31.0826721191,11.1790075302],[-28.8321342468,5.37592887878,-22.0649185181,-55.5193138123,90.702583313,170.684753418,1.88149511814,-19.8865661621,28.4822483063,-14.2448854446,-47.1749801636,-8.99827957153,13.270699501],[-221.347122192,-69.4128417969,83.9085159302,79.235496521,-14.8642721176,1.88149511814,112.080543518,51.8682250977,-11.6430368423,-10.676243782,20.3319454193,5.83608722687,-8.74435520172],[133.991622925,-80.8656387329,7.37843132019,53.1808128357,-17.1199569702,-19.8865661621,51.8682250977,100.595825195,18.5840873718,17.9149532318,32.8633728027,9.19430160522,-16.1497097015],[-137.195220947,79.8918380737,-10.3573350906,-47.5057106018,31.6299858093,28.4822483063,-11.6430368423,18.5840873718,103.864089966,50.5162506104,-3.86096692085,-11.2533330917,-3.43556833267],[144.774734497,-20.1744842529,-30.8869628906,-5.8214673996,-5.49897670746,-14.2448854446,-10.676243782,17.9149532318,50.5162506104,95.1051254272,36.265296936,-4.09689283371,-3.27687978745],[18.0082054138,-43.3589248657,39.6682891846,42.3775291443,-34.7378921509,-47.1749801636,20.3319454193,32.8633728027,-3.86096692085,36.265296936,89.6865844727,39.6607246399,3.17715787888],[228.452606201,-26.2489948273,-19.692987442,37.0449790955,-31.0826721191,-8.99827957153,5.83608722687,9.19430160522,-11.2533330917,-4.09689283371,39.6607246399,77.1104736328,32.8368301392],[-1.70000469685,30.9543228149,-6.55006599426,-8.36662387848,11.1790075302,13.270699501,-8.74435520172,-16.1497097015,-3.43556833267,-3.27687978745,3.17715787888,32.8368301392,62.9189071655]],"icov":[[0.000168788683368,0.0000601916544838,0.000394975708332,-0.000151241809363,0.000304751942167,-0.000230684832786,0.000381016958272,-0.000344771542586,0.000347712863004,-0.000306206173263,0.000203034112928,-0.000315694225719,0.000112467183499],[0.0000601916544838,0.000892004347406,0.000210498270462,0.000282073015114,-0.0006689116708,0.000708100094926,-0.0000941815596889,0.000625736895017,-0.000906680186745,0.000633250398096,-0.000113366782898,-0.000174396423972,-0.000180560309673],[0.000394975708332,0.000210498270462,0.00247244234197,-0.0000944757121033,0.000745116791222,-0.000308261311147,-0.000536705891136,0.0000777708992246,0.0000174958549906,0.000718865485396,-0.00142094609328,0.000753387867007,-0.000253098813118],[-0.000151241809363,0.000282073015114,-0.0000944757121033,0.00414657499641,-0.000798732449766,0.00150633102749,-0.00294305337593,-0.0000314193966915,0.000986063852906,-0.000334904791089,0.000338907091646,-0.00175571406726,0.000741391500924],[0.000304751942167,-0.0006689116708,0.000745116791222,-0.000798732449766,0.00838082749397,-0.00465325731784,0.00194591644686,-0.00143083883449,-0.000137723822263,0.000549653894268,-0.00136540876701,0.00398708507419,-0.00228650937788],[-0.000230684832786,0.000708100094926,-0.000308261311147,0.00150633102749,-0.00465325731784,0.0107619138435,-0.00380311673507,0.00262546469457,-0.00313915102743,0.000682924583089,0.00460015563294,-0.00324271852151,-0.000159944203915],[0.000381016958272,-0.0000941815596889,-0.000536705891136,-0.00294305337593,0.00194591644686,-0.00380311673507,0.0169511120766,-0.00851595867425,0.002420616569,0.00150549178943,-0.00167040992528,0.00161408749409,-0.000311635638354],[-0.000344771542586,0.000625736895017,0.0000777708992246,-0.0000314193966915,-0.00143083883449,0.00262546469457,-0.00851595867425,0.0185057222843,-0.00651975115761,0.00189052138012,-0.00468152016401,-0.00032777924207,0.00310357217677],[0.000347712863004,-0.000906680186745,0.0000174958549906,0.000986063852906,-0.000137723822263,-0.00313915102743,0.002420616569,-0.00651975115761,0.0196956321597,-0.0127633046359,0.0067504174076,-0.00374766904861,0.00196364987642],[-0.000306206173263,0.000633250398096,0.000718865485396,-0.000334904791089,0.000549653894268,0.000682924583089,0.00150549178943,0.00189052138012,-0.0127633046359,0.0240198802203,-0.0148470820859,0.0100986827165,-0.00380336376838],[0.000203034112928,-0.000113366782898,-0.00142094609328,0.000338907091646,-0.00136540876701,0.00460015563294,-0.00167040992528,-0.00468152016401,0.0067504174076,-0.0148470820859,0.0293975025415,-0.0175839681178,0.00508476793766],[-0.000315694225719,-0.000174396423972,0.000753387867007,-0.00175571406726,0.00398708507419,-0.00324271852151,0.00161408749409,-0.00032777924207,-0.00374766904861,0.0100986827165,-0.0175839681178,0.03153745085,-0.015211914666],[0.000112467183499,-0.000180560309673,-0.000253098813118,0.000741391500924,-0.00228650937788,-0.000159944203915,-0.000311635638354,0.00310357217677,0.00196364987642,-0.00380336376838,0.00508476793766,-0.015211914666,0.024842210114]],"mean":[-683.98248291,143.850997925,-30.4034290314,36.9782028198,24.4810466766,14.2311496735,1.27999055386,9.31332015991,8.52769565582,6.80977773666,1.47919738293,9.63292884827,4.33519744873]},"pitch_salience":{"dmean":0.0829711481929,"dmean2":0.133766263723,"dvar":0.00573908397928,"dvar2":0.014120163396,"max":0.936214447021,"mean":0.509119570255,"median":0.524401545525,"min":0.0283001530915,"var":0.0194086320698},"silence_rate_20dB":{"dmean":0,"dmean2":0,"dvar":0,"dvar2":0,"max":1,"mean":1,"median":1,"min":1,"var":0},"silence_rate_30dB":{"dmean":0.0422143340111,"dmean2":0.0844367668033,"dvar":0.040430188179,"dvar2":0.0955439656973,"max":1,"mean":0.96277821064,"median":1,"min":0,"var":0.0358347445726},"silence_rate_60dB":{"dmean":0.0149669004604,"dmean2":0.0299366731197,"dvar":0.0147465970367,"dvar2":0.0340205393732,"max":1,"mean":0.120491176844,"median":0,"min":0,"var":0.105981357396},"spectral_centroid":{"dmean":218.554321289,"dmean2":336.239440918,"dvar":60689.2226562,"dvar2":123183.859375,"max":11766.2421875,"mean":1659.05163574,"median":1718.81738281,"min":149.680847168,"var":707370.0625},"spectral_complexity":{"dmean":3.74997591972,"dmean2":5.51026678085,"dvar":16.5158176422,"dvar2":30.2930660248,"max":63,"mean":23.1640453339,"median":25,"min":0,"var":201.049118042},"spectral_contrast_coeffs":{"dmean":[0.0473529733717,0.0494546033442,0.0374217964709,0.0292631592602,0.0239034537226,0.02485531196],"dmean2":[0.0792816951871,0.0821730419993,0.0624253191054,0.0489418692887,0.0395808033645,0.0399837531149],"dvar":[0.00140892143827,0.00158384779934,0.000865915440954,0.000541423156392,0.000423241814133,0.000544938608073],"dvar2":[0.00394094828516,0.00431545963511,0.0024263355881,0.0014876377536,0.00111161114182,0.00132781593129],"max":[-0.402890384197,-0.445093750954,-0.545470952988,-0.477041870356,-0.626029610634,-0.600932538509],"mean":[-0.745128393173,-0.774318754673,-0.814084291458,-0.794319748878,-0.779198646545,-0.758368372917],"median":[-0.749683380127,-0.786013305187,-0.818993926048,-0.801930129528,-0.772912025452,-0.73942553997],"min":[-0.978292107582,-0.977933824062,-0.972329556942,-0.969857156277,-0.969890892506,-0.963187217712],"var":[0.00413325801492,0.00575318513438,0.00285637658089,0.00344604277052,0.0026174208615,0.00385812786408]},"spectral_contrast_valleys":{"dmean":[0.360375136137,0.369322896004,0.318886995316,0.276924967766,0.289713263512,0.494992941618],"dmean2":[0.596158921719,0.605596244335,0.513787567616,0.429099857807,0.428412169218,0.761473834515],"dvar":[0.103423774242,0.0963580012321,0.0766592174768,0.0745159313083,0.121107168496,0.225203156471],"dvar2":[0.251871407032,0.233746871352,0.17586787045,0.147097051144,0.253685832024,0.550293087959],"max":[-5.36773824692,-4.93161582947,-5.68672132492,-5.28947973251,-5.38799238205,-8.70055580139],"mean":[-6.98930501938,-7.09516572952,-7.51870584488,-7.36845874786,-7.70632457733,-11.1461496353],"median":[-6.7581319809,-6.81639480591,-7.10518503189,-6.84039020538,-7.22506475449,-10.8431015015],"min":[-27.7820396423,-28.5130252838,-27.6429386139,-27.4779510498,-27.500120163,-27.377450943],"var":[2.13701057434,2.29781866074,2.50567340851,2.96709871292,3.32596278191,2.36616945267]},"spectral_decrease":{"dmean":3.6014580207e-9,"dmean2":5.70049163429e-9,"dvar":3.21850649301e-17,"dvar2":7.92840970429e-17,"max":1.58906582337e-10,"mean":-7.81931674965e-9,"median":-5.9793126006e-9,"min":-6.62231940396e-8,"var":6.15500064543e-17},"spectral_energy":{"dmean":0.0143121527508,"dmean2":0.022320786491,"dvar":0.00046758071403,"dvar2":0.0011495356448,"max":0.254714488983,"mean":0.0398999042809,"median":0.0348617732525,"min":1.00477588617e-20,"var":0.0011095876107},"spectral_energyband_high":{"dmean":0.000738988048397,"dmean2":0.00109436584171,"dvar":0.00000115033094517,"dvar2":0.00000243013937506,"max":0.0181038528681,"mean":0.00226196204312,"median":0.00171512668021,"min":7.11161423059e-21,"var":0.0000055428554333},"spectral_energyband_low":{"dmean":0.0117502128705,"dmean2":0.018941367045,"dvar":0.000403026264394,"dvar2":0.0010153221665,"max":0.211439847946,"mean":0.0203565005213,"median":0.0112619362772,"min":2.62556164877e-23,"var":0.000636113923974},"spectral_energyband_middle_high":{"dmean":0.00245873443782,"dmean2":0.00387026579119,"dvar":0.0000136702292366,"dvar2":0.0000340567785315,"max":0.0719057768583,"mean":0.00781960133463,"median":0.00536859221756,"min":1.30243707194e-21,"var":0.000067974011472},"spectral_energyband_middle_low":{"dmean":0.00249285297468,"dmean2":0.00391224725172,"dvar":0.0000157333870447,"dvar2":0.0000386492720281,"max":0.0580311454833,"mean":0.00536390580237,"median":0.00332457129844,"min":1.79592540688e-22,"var":0.0000410870998167},"spectral_entropy":{"dmean":0.141229644418,"dmean2":0.217945173383,"dvar":0.0247332770377,"dvar2":0.0605258382857,"max":9.81384181976,"mean":7.55097007751,"median":7.63608407974,"min":5.34159660339,"var":0.176405623555},"spectral_flux":{"dmean":0.0244517549872,"dmean2":0.0392687730491,"dvar":0.0009408359183,"dvar2":0.00235034059733,"max":0.424331098795,"mean":0.10097900033,"median":0.10321380198,"min":6.45496642249e-11,"var":0.00360079854727},"spectral_kurtosis":{"dmean":5.05597686768,"dmean2":7.84967327118,"dvar":48.2249488831,"dvar2":127.717857361,"max":132.90222168,"mean":23.3405265808,"median":20.8151340485,"min":-1.26083481312,"var":121.853759766},"spectral_rms":{"dmean":0.00095888634678,"dmean2":0.00146506435703,"dvar":0.00000137545976031,"dvar2":0.00000322348273585,"max":0.0157639440149,"mean":0.00559767056257,"median":0.00583193637431,"min":3.13092498976e-12,"var":0.0000075928564911},"spectral_rolloff":{"dmean":3789.3918457,"dmean2":7107.95556641,"dvar":41283852,"dvar2":97028792,"max":22050,"mean":8391.34277344,"median":2713.18359375,"min":43.06640625,"var":77802112},"spectral_skewness":{"dmean":0.353183805943,"dmean2":0.539199888706,"dvar":0.183859273791,"dvar2":0.472801059484,"max":9.58038902283,"mean":3.27510046959,"median":3.12250947952,"min":-0.0717274770141,"var":0.741015672684},"spectral_spread":{"dmean":398321.25,"dmean2":631430.4375,"dvar":328573583360,"dvar2":718473396224,"max":42134672,"mean":3862427,"median":3713659.25,"min":1198557.125,"var":5039039447040},"spectral_strongpeak":{"dmean":0.561407446861,"dmean2":0.997774004936,"dvar":2.5729367733,"dvar2":7.01182365417,"max":39.3049049377,"mean":0.631828546524,"median":0.171917229891,"min":0,"var":2.76206493378},"zerocrossingrate":{"dmean":0.0323723964393,"dmean2":0.0398310422897,"dvar":0.00103662791662,"dvar2":0.00160257972311,"max":0.99853515625,"mean":0.219136208296,"median":0.2138671875,"min":0.00537109375,"var":0.0123979793862}},"metadata":{"audio_properties":{"analysis_sample_rate":44100,"bit_rate":320000,"codec":"mp3","downmix":"mix","equal_loudness":0,"length":241.999435425,"lossless":false,"md5_encoded":"06fca717a8ed4f5a958efb263e405bde","replay_gain":-5.56771659851,"sample_rate":44100},"tags":{"album":["Projects in the Jungle"],"albumartist":["Pantera"],"albumartistsort":["Pantera"],"artist":["Pantera"],"artistsort":["Pantera"],"catalognumber":["MMR 1984"],"date":["1984"],"discnumber":["1/1"],"file_name":"08. Pantera - Only a Heartbeat Away.mp3","genre":["Thrash Metal"],"label":["Metal Magic Records"],"musicbrainz album release country":["US"],"musicbrainz album status":["official"],"musicbrainz album type":["album"],"musicbrainz_albumartistid":["541f16f5-ad7a-428e-af89-9fa1b16d3c9c"],"musicbrainz_albumid":["b106b1bf-cff8-466a-bb66-f21727b9b9da"],"musicbrainz_artistid":["541f16f5-ad7a-428e-af89-9fa1b16d3c9c"],"musicbrainz_recordingid":["049cbfad-c0f3-4d9d-99f8-e8ea3c5b0cdc"],"musicip_puid":["33230945-a189-9f28-1c93-265f32f62999"],"replaygain_album_gain":["-6.47 dB"],"replaygain_album_peak":["0.99337769"],"replaygain_track_gain":["-6.28 dB"],"replaygain_track_peak":["0.99337769"],"title":["Only a Heartbeat Away"],"tracknumber":["8/10"]},"version":{"essentia":"2.1-beta1","essentia_build_sha":"ca57ba49d9b1854bd80e60cf9ccf267278fb7d6b","essentia_git_sha":"v2.1_beta1-28-g21ef5f4-dirty","extractor":"music 1.0"}},"rhythm":{"beats_count":513,"beats_loudness":{"dmean":0.0321155712008,"dmean2":0.0601378045976,"dvar":0.000846773036756,"dvar2":0.00263619027101,"max":0.197425425053,"mean":0.0541782975197,"median":0.0510077662766,"min":3.5021992062e-7,"var":0.00147923466284},"beats_loudness_band_ratio":{"dmean":[0.287314653397,0.0441311337054,0.0474329292774,0.0372855402529,0.120011813939,0.124262690544],"dmean2":[0.540143728256,0.0802026093006,0.0840894207358,0.0689945369959,0.226614817977,0.232106119394],"dvar":[0.037099596113,0.00319318263792,0.0052056745626,0.00152858288493,0.00873327534646,0.00847253296524],"dv