{"lowlevel":{"average_loudness":0.896406888962,"barkbands":{"dmean":[0.00739360228181,0.0172702800483,0.00398655422032,0.00158329808619,0.00272395717911,0.00156219257042,0.000876876001712,0.000802007038146,0.00081187277101,0.000664167513605,0.00106498110108,0.000858027895447,0.000772454543039,0.00040007987991,0.000659363868181,0.000202864379389,0.00019272667123,0.00016908624093,0.000141872937093,0.000130729342345,0.0000912658651941,0.0000509542187501,0.000017020460291,0.00000607967240285,0.00000390309742215,0.00000757419684305,0.00018035103858],"dmean2":[0.0118661643937,0.0292987283319,0.00682921661064,0.00277698063292,0.00453711021692,0.0025201884564,0.00143071927596,0.00132232822943,0.00137391523458,0.00110855686944,0.00179566210136,0.00142832763959,0.00129558495246,0.000672388006933,0.00103664840572,0.000350090645952,0.000337803707225,0.000297474238323,0.000241133922827,0.000221582580707,0.000147475526319,0.0000753435742809,0.0000249731692747,0.00000935987009143,0.00000643676639811,0.0000113173427962,0.000263518857537],"dvar":[0.000211059319554,0.000911701528821,0.0000469167680421,0.00000707043000148,0.0000289984691335,0.00000988380634226,0.00000288957221528,0.00000276241303254,0.00000150993162151,0.00000178689481345,0.00000250859375228,0.00000158991065291,0.00000152281506871,3.00951910503e-7,0.0000021560483674,1.61269269938e-7,2.1792300231e-7,2.06546431514e-7,1.0592800237e-7,7.55132418817e-8,3.45487087827e-8,6.79383793667e-9,6.70510258427e-10,7.64583882318e-11,4.38781302958e-11,9.61003499e-11,4.44340990668e-8],"dvar2":[0.000478206231492,0.00249016424641,0.000118590913189,0.0000211062870221,0.0000709484374966,0.0000223993411055,0.00000669780092721,0.00000691280320098,0.00000404968068324,0.00000497733844895,0.00000674788952892,0.00000422754828833,0.00000404311685998,7.60890770835e-7,0.00000425111920777,4.51851406069e-7,6.17854027496e-7,5.84698398143e-7,2.94342072493e-7,2.07856231782e-7,8.61459952262e-8,1.48161278801e-8,1.42417078131e-9,1.73434350215e-10,1.07794460857e-10,2.07152267562e-10,9.24345258113e-8],"max":[0.227491244674,0.41524296999,0.145789265633,0.0388944037259,0.216518521309,0.0808160528541,0.0441212654114,0.0498192645609,0.0208772644401,0.0576021522284,0.0229358002543,0.0202500689775,0.0349220372736,0.0160048343241,0.0388691835105,0.00703226402402,0.0103557668626,0.00756965344772,0.00547106098384,0.00408906303346,0.00471332995221,0.00158812070731,0.000474062690046,0.000155905712745,0.000144375895616,0.000197894813027,0.00477894488722],"mean":[0.00856903754175,0.0211570616812,0.00467786705121,0.00188017904293,0.00364251271822,0.00240890891291,0.00142462179065,0.00121647282504,0.00135132658761,0.00107058440335,0.00171525916085,0.001443014713,0.00129609799478,0.000739833398256,0.00148673483636,0.00032048142748,0.00026754438295,0.000219535111682,0.000233785205637,0.000243026865064,0.000191863975488,0.000102210811747,0.0000303022698063,0.00000878321588971,0.00000414283476857,0.0000142944300023,0.000712006993126],"median":[0.00228160410188,0.010004715994,0.00225811405107,0.000841826316901,0.00199210364372,0.00108295120299,0.000614791235421,0.000550226890482,0.000848894414958,0.000540380016901,0.00102722132578,0.000846970360726,0.000796052394435,0.00054457783699,0.000653836643323,0.000213694220292,0.000144748570165,0.0000974202994257,0.00011012381583,0.00012861500727,0.000111149769509,0.0000548390380573,0.000014696166545,0.00000432453589383,0.00000176171533894,0.00000872183773026,0.000559593376238],"min":[8.44386694415e-24,6.60226800547e-24,6.6124553552e-24,2.64483407289e-24,2.98450188034e-23,2.63585375923e-23,5.77174246491e-23,5.55717419195e-23,3.22743285828e-23,2.6639567712e-23,3.24887409769e-23,4.80476150045e-23,2.63544891581e-23,9.06782042144e-23,6.72610701913e-23,1.32577718158e-22,1.0575423857e-22,1.79387903859e-22,2.27378692479e-22,2.13560323287e-22,2.76883160026e-22,4.60854257391e-22,6.71070466773e-22,7.95217735722e-22,1.16514245781e-21,1.48363556934e-21,1.91467229816e-21],"var":[0.000280298030702,0.000942935177591,0.0000681355086272,0.00000911532606551,0.0000378276708943,0.0000199119258468,0.00000721986680219,0.00000524957704329,0.00000288599062515,0.00000374548267246,0.00000460946012026,0.00000295587778965,0.00000238399684349,5.38642211723e-7,0.00000921912851481,1.53676026571e-7,1.84319446817e-7,1.6890199106e-7,1.34864734491e-7,1.25068893908e-7,7.61126273119e-8,1.89360207514e-8,1.69477643031e-9,1.41126388353e-10,4.83763550052e-11,2.6643445783e-10,3.59856244359e-7]},"barkbands_crest":{"dmean":3.40430808067,"dmean2":5.61330890656,"dvar":8.21251010895,"dvar2":21.164440155,"max":26.3050823212,"mean":10.3944101334,"median":9.62323760986,"min":2.43276977539,"var":20.7093086243},"barkbands_flatness_db":{"dmean":0.0286231487989,"dmean2":0.0449938103557,"dvar":0.00066537753446,"dvar2":0.00157041102648,"max":0.402457177639,"mean":0.136584863067,"median":0.129077583551,"min":0.0330275185406,"var":0.00265437783673},"barkbands_kurtosis":{"dmean":5.35959863663,"dmean2":8.70506954193,"dvar":268.775512695,"dvar2":668.354309082,"max":521.555725098,"mean":7.70030403137,"median":3.38257074356,"min":-1.91386294365,"var":447.972503662},"barkbands_skewness":{"dmean":0.724452912807,"dmean2":1.1584084034,"dvar":0.671227276325,"dvar2":1.60302650928,"max":20.3633842468,"mean":1.97610199451,"median":1.66074204445,"min":-2.52321338654,"var":2.20428609848},"barkbands_spread":{"dmean":6.92568159103,"dmean2":10.965306282,"dvar":47.7034988403,"dvar2":113.716087341,"max":139.12020874,"mean":26.1517810822,"median":24.0976333618,"min":0.590079903603,"var":231.536743164},"dissonance":{"dmean":0.0173245240003,"dmean2":0.0298162866384,"dvar":0.000402450968977,"dvar2":0.0011391142616,"max":0.500000119209,"mean":0.474610030651,"median":0.482233762741,"min":0.218945845962,"var":0.000619636499323},"dynamic_complexity":2.58309102058,"erbbands":{"dmean":[0.826918900013,2.95449876785,4.69718122482,4.52607440948,6.1067700386,12.1300430298,10.8731813431,13.4947290421,10.8153133392,12.9279670715,20.5502166748,17.1529216766,17.6646518707,31.417881012,40.2065963745,32.7521057129,35.4189033508,19.8476848602,35.0176429749,17.4757404327,10.4078855515,10.5678043365,9.28797245026,7.9859623909,6.73450994492,6.0183801651,4.47718763351,3.19741153717,1.97146713734,1.01788830757,0.417142152786,0.169539228082,0.0841477736831,0.0437272451818,0.0280046854168,0.0176573153585,0.0144356777892,0.0221738889813,0.0179587546736,0.00936250388622],"dmean2":[1.4235612154,5.02041769028,8.08134174347,7.8515048027,10.6121454239,20.1339988708,18.2977638245,21.4923419952,17.7545127869,20.9723148346,34.0883750916,29.0337409973,29.4547252655,52.8987159729,67.2649459839,53.8566703796,59.117931366,33.1349258423,54.2502746582,28.9152984619,17.9074077606,18.5105648041,16.3482437134,13.9410858154,11.4280385971,10.1817369461,7.40297174454,5.04540061951,2.95460748672,1.49360847473,0.610430717468,0.254357784986,0.132598221302,0.0720684975386,0.0460806712508,0.0286206733435,0.0211889799684,0.0290320571512,0.024386337027,0.0153340213001],"dvar":[2.55579471588,22.261510849,58.5607070923,54.6019973755,102.38899231,796.683044434,338.205047607,1086.44494629,477.029174805,740.994812012,1737.6842041,723.636169434,842.09588623,3644.89111328,3426.42773438,2230.4753418,3297.54443359,643.310668945,6823.10839844,687.289978027,489.986236572,692.658447266,627.861328125,436.602233887,208.117797852,167.812149048,97.1379852295,32.6635627747,10.4361019135,2.69018602371,0.403789609671,0.0582634061575,0.01558581274,0.00556569639593,0.00219134427607,0.000713704677764,0.000353226205334,0.000996836693957,0.000592237396631,0.0000919974336284],"dvar2":[7.01525640488,61.851852417,150.867111206,154.209381104,282.7421875,1909.86767578,858.18359375,2342.17163086,1094.99414062,1680.38183594,4326.63525391,1920.32080078,2150.07568359,10200.6279297,9168.453125,5791.29150391,8716.20507812,1710.42126465,13441.4902344,1764.42077637,1371.66650391,1963.06884766,1775.64746094,1236.70263672,567.003479004,458.244934082,248.827011108,80.4444885254,23.7055187225,5.62482738495,0.86264115572,0.127193301916,0.0367779135704,0.0136722680181,0.00538177648559,0.00173952779733,0.000751684652641,0.0016713431105,0.0011597602861,0.000251466670306],"max":[22.506772995,62.703578949,181.955307007,157.369277954,277.96572876,1134.14208984,586.076416016,939.703430176,795.508117676,925.848022461,1220.49963379,562.745910645,699.253234863,2295.24633789,875.881347656,751.667114258,1675.61608887,455.214599609,2233.53955078,614.502441406,453.942840576,586.015686035,466.27130127,375.370910645,265.003326416,207.462371826,316.079467773,170.387252808,58.685382843,38.3914260864,11.3996925354,4.32645559311,2.44753170013,1.63787257671,1.01489722729,0.559519052505,0.458829164505,0.70713275671,0.619872927666,0.203035891056],"mean":[0.920638442039,3.59019970894,5.80926561356,6.00783538818,7.46904659271,15.2656440735,16.1940937042,20.2714729309,17.5495414734,22.5903873444,32.0751495361,29.1744041443,30.3430328369,53.2509422302,68.4542770386,59.7846374512,61.7744407654,40.3056716919,81.4441070557,37.4231414795,17.1141166687,15.0205106735,12.3513212204,11.6397895813,11.8922977448,11.2744073868,8.94973659515,6.7696762085,3.97890758514,1.89590227604,0.739477813244,0.270597934723,0.110992722213,0.0478730797768,0.0303433462977,0.0226948689669,0.0282461754978,0.0624273121357,0.0646189525723,0.0415216721594],"median":[0.330970585346,1.81514024734,3.22807884216,3.19466495514,4.13257217407,7.04005146027,9.03406429291,8.00833034515,8.29170036316,9.96214294434,15.403421402,18.509563446,18.1391601562,29.4456710815,43.330947876,37.0586357117,38.7952270508,31.443069458,34.0395965576,25.6684570312,11.3099422455,8.15731430054,5.73719501495,5.30059671402,5.83118343353,5.82754993439,5.00649833679,4.037753582,2.18891787529,0.93957567215,0.35919469595,0.13406829536,0.0547437295318,0.0218474157155,0.0134731754661,0.0130767971277,0.0173267014325,0.0386766865849,0.044629111886,0.0396922677755],"min":[3.90692766533e-22,1.73824048961e-21,6.43608757061e-21,2.37389478225e-20,2.97892069323e-20,1.44962730266e-19,9.04888350365e-20,2.97447660076e-19,5.61760429367e-19,1.11610156563e-18,7.98200805081e-19,6.77146024361e-19,7.71156341749e-19,1.08677367021e-18,1.41887789736e-18,1.79021033788e-18,1.44390497058e-18,4.15692999394e-18,3.96879603542e-18,4.31830383246e-18,7.4662050008e-18,7.14546819982e-18,9.29254534706e-18,1.04154372383e-17,1.20138322504e-17,1.21843886209e-17,1.37207674209e-17,1.22207539621e-17,1.50300785252e-17,1.52274256214e-17,1.68824634803e-17,1.54431361272e-17,1.36309877187e-17,1.11458311018e-17,8.06813606075e-18,5.15354821521e-18,2.92752329595e-18,1.18727001418e-18,2.65751675816e-19,2.68629149593e-20],"var":[2.38472628593,24.2762775421,82.2341079712,77.3811187744,114.79032135,1030.75097656,649.601623535,1940.37194824,1103.87597656,2084.75634766,3319.796875,1371.29077148,1759.13012695,8059.50390625,6108.48193359,4654.78662109,5217.42480469,1201.35009766,30531.4707031,1686.92016602,454.630554199,582.224609375,513.485595703,406.17767334,319.800201416,281.379730225,190.5831604,78.5484466553,28.0467624664,6.9406952858,1.00529718399,0.130531698465,0.0237999260426,0.00615242915228,0.00244740978815,0.000911661889404,0.00102735182736,0.00541001744568,0.00468889018521,0.000485548982397]},"erbbands_crest":{"dmean":2.56537556648,"dmean2":4.20830821991,"dvar":6.88603639603,"dvar2":15.6900806427,"max":33.4139213562,"mean":8.75199604034,"median":7.15628528595,"min":2.08375549316,"var":28.648853302},"erbbands_flatness_db":{"dmean":0.0208555087447,"dmean2":0.0312372054905,"dvar":0.000357503449777,"dvar2":0.000757472298574,"max":0.426277756691,"mean":0.14801453054,"median":0.138800442219,"min":0.0244669225067,"var":0.00232811132446},"erbbands_kurtosis":{"dmean":1.62332701683,"dmean2":2.59032678604,"dvar":29.5237445831,"dvar2":66.9148788452,"max":175.161026001,"mean":1.85700666904,"median":0.420605778694,"min":-1.7869822979,"var":61.4491844177},"erbbands_skewness":{"dmean":0.381476759911,"dmean2":0.598026275635,"dvar":0.205066397786,"dvar2":0.415613412857,"max":5.04692220688,"mean":-0.080776847899,"median":-0.0000761183473514,"min":-9.23371315002,"var":0.916398942471},"erbbands_spread":{"dmean":6.2220826149,"dmean2":9.85149765015,"dvar":35.0669784546,"dvar2":80.3215332031,"max":149.842895508,"mean":27.0141487122,"median":25.2446289062,"min":0.484406501055,"var":176.255279541},"gfcc":{"cov":[[11208.3955078,624.497314453,-801.013549805,632.006896973,184.989868164,-347.995635986,552.11907959,-355.414764404,-112.50995636,-95.6694793701,106.496871948,182.077880859,-90.8464508057],[624.497314453,835.739746094,-7.52242469788,-338.536773682,91.5676498413,-78.312828064,-38.7415657043,-53.213924408,46.4661521912,-8.10862922668,40.7173271179,-65.2605667114,99.4421615601],[-801.013549805,-7.52242469788,411.854797363,90.2828521729,-85.286895752,145.266983032,-115.30090332,90.742477417,11.7191143036,48.8100738525,-26.6432380676,5.3796544075,1.28435873985],[632.006896973,-338.536773682,90.2828521729,608.626464844,28.7863407135,28.6301765442,170.593185425,-7.59771108627,-22.4681739807,9.04465675354,-9.11468315125,110.815483093,-103.501220703],[184.989868164,91.5676498413,-85.286895752,28.7863407135,218.278579712,31.8325405121,37.4460830688,-33.6860389709,11.9546470642,5.75938034058,5.0489783287,-28.3771324158,32.5604629517],[-347.995635986,-78.312828064,145.266983032,28.6301765442,31.8325405121,217.435821533,-44.6000518799,68.014289856,2.32710695267,37.5910453796,-6.32280254364,4.95097208023,20.3469924927],[552.11907959,-38.7415657043,-115.30090332,170.593185425,37.4460830688,-44.6000518799,262.845489502,-34.44581604,16.7570724487,-15.9720869064,23.640455246,69.5917816162,-48.5058937073],[-355.414764404,-53.213924408,90.742477417,-7.59771108627,-33.6860389709,68.014289856,-34.44581604,141.673843384,3.89137339592,41.5748939514,14.8993148804,-10.1980667114,16.4361152649],[-112.50995636,46.4661521912,11.7191143036,-22.4681739807,11.9546470642,2.32710695267,16.7570724487,3.89137339592,117.009757996,48.8618736267,-0.901957631111,-7.84928607941,-4.13711261749],[-95.6694793701,-8.10862922668,48.8100738525,9.04465675354,5.75938034058,37.5910453796,-15.9720869064,41.5748939514,48.8618736267,85.1554718018,26.5186347961,5.18346214294,16.0962352753],[106.496871948,40.7173271179,-26.6432380676,-9.11468315125,5.0489783287,-6.32280254364,23.640455246,14.8993148804,-0.901957631111,26.5186347961,63.2227859497,34.1245307922,17.2131977081],[182.077880859,-65.2605667114,5.3796544075,110.815483093,-28.3771324158,4.95097208023,69.5917816162,-10.1980667114,-7.84928607941,5.18346214294,34.1245307922,91.1543426514,-5.128657341],[-90.8464508057,99.4421615601,1.28435873985,-103.501220703,32.5604629517,20.3469924927,-48.5058937073,16.4361152649,-4.13711261749,16.0962352753,17.2131977081,-5.128657341,83.31275177]],"icov":[[0.000170392828295,-0.000401510042138,0.000626174092758,-0.000500066729728,0.000389000051655,-0.00025903939968,0.0000328557398461,0.000152607710334,0.000267015886493,-0.000343593565049,0.000190568214748,0.0000402246732847,-0.0000228514818446],[-0.000401510042138,0.00353573472239,-0.0034531080164,0.0024946895428,-0.00218599522486,0.00200729072094,-0.00118109642062,0.000909792433959,-0.00166024290957,0.00249429768883,-0.00360399228521,0.0016856858274,-0.00172462430783],[0.000626174092758,-0.0034531080164,0.00893806759268,-0.00441632093862,0.0047713490203,-0.00464967219159,0.00296061043628,-0.00124275323469,0.000748029327951,-0.00316857919097,0.00447972258553,-0.000970706460066,0.0000838606720208],[-0.000500066729728,0.0024946895428,-0.00441632093862,0.00701974472031,-0.00538237858564,0.00294290133752,-0.00164540857077,-0.00120050285477,0.0014802403748,-0.0015317555517,0.00288820592687,-0.00677112396806,0.00528548378497],[0.000389000051655,-0.00218599522486,0.0047713490203,-0.00538237858564,0.0119623355567,-0.00553446449339,-0.00139365124051,0.00400886218995,-0.000814022845589,-0.000233038561419,-0.00340844108723,0.0102644786239,-0.00731190433726],[-0.00025903939968,0.00200729072094,-0.00464967219159,0.00294290133752,-0.00553446449339,0.00971510820091,-0.0000228542085097,-0.00311545841396,0.000720716023352,-0.00125082570594,0.00260692252778,-0.00472314655781,0.000889071030542],[0.0000328557398461,-0.00118109642062,0.00296061043628,-0.00164540857077,-0.00139365124051,-0.0000228542085097,0.00856443122029,-0.00207884190604,-0.00211894745007,0.00169298017863,0.000770120648667,-0.00661421939731,0.0043039326556],[0.000152607710334,0.000909792433959,-0.00124275323469,-0.00120050285477,0.00400886218995,-0.00311545841396,-0.00207884190604,0.0130467526615,0.000578229199164,-0.0023887869902,-0.00704921921715,0.00891538988799,-0.00448638619855],[0.000267015886493,-0.00166024290957,0.000748029327951,0.0014802403748,-0.000814022845589,0.000720716023352,-0.00211894745007,0.000578229199164,0.0157546624541,-0.0136560928077,0.0082394760102,-0.00287757231854,0.00443583354354],[-0.000343593565049,0.00249429768883,-0.00316857919097,-0.0015317555517,-0.000233038561419,-0.00125082570594,0.00169298017863,-0.0023887869902,-0.0136560928077,0.0295034591109,-0.0170735362917,0.00616721482947,-0.00582351488993],[0.000190568214748,-0.00360399228521,0.00447972258553,0.00288820592687,-0.00340844108723,0.00260692252778,0.000770120648667,-0.00704921921715,0.0082394760102,-0.0170735362917,0.0401493832469,-0.0224070232362,0.00459623662755],[0.0000402246732847,0.0016856858274,-0.000970706460066,-0.00677112396806,0.0102644786239,-0.00472314655781,-0.00661421939731,0.00891538988799,-0.00287757231854,0.00616721482947,-0.0224070232362,0.036928281188,-0.0132645834237],[-0.0000228514818446,-0.00172462430783,0.0000838606720208,0.00528548378497,-0.00731190433726,0.000889071030542,0.0043039326556,-0.00448638619855,0.00443583354354,-0.00582351488993,0.00459623662755,-0.0132645834237,0.0262121632695]],"mean":[17.9812984467,96.0995941162,-94.2744216919,-7.48941230774,-8.09927082062,-9.58112239838,8.52553844452,-24.4897232056,1.6073628664,-4.06846475601,-4.70272159576,-4.60129547119,-1.41144800186]},"hfc":{"dmean":106.016464233,"dmean2":177.300003052,"dvar":17153.4179688,"dvar2":46649.0195312,"max":1954.47802734,"mean":341.521392822,"median":305.845397949,"min":1.14235588122e-16,"var":43690.7265625},"melbands":{"dmean":[0.00608240626752,0.00274424720556,0.000785426760558,0.000643167179078,0.000397120515117,0.000292887329124,0.000171016363311,0.000137630966492,0.000168585800566,0.000111105626274,0.000090712113888,0.000125114776893,0.00014243874466,0.000103504309664,0.0000947905064095,0.0000633897579974,0.0000374057999579,0.0000547972704226,0.0000421970653406,0.0000158875100169,0.0000125666856547,0.0000114520425996,0.0000101855575849,0.00000784462190495,0.00000665656534693,0.0000056569165281,0.00000489660305902,0.00000406105209549,0.0000032110419852,0.0000024026801384,0.00000185798285202,0.00000127857651933,8.51122877066e-7,4.92755816595e-7,2.7298804639e-7,1.44296038229e-7,9.10578279445e-8,6.4091992158e-8,4.21898960212e-8,3.5508065821e-8],"dmean2":[0.0102895861492,0.00470455223694,0.00135566678364,0.0010825797217,0.000658029399347,0.000466993835289,0.000280122418189,0.000223732102313,0.000280481617665,0.000188085250556,0.000151286018081,0.000211087870412,0.000239471090026,0.000172652784386,0.000158116177772,0.00010640668188,0.0000631525399513,0.0000859951906023,0.0000677889256622,0.0000271786266239,0.0000216870594159,0.00002002639485,0.0000180891183845,0.0000137788665597,0.0000116828632599,0.00000956604435487,0.00000840179018269,0.00000689658600095,0.00000537977666681,0.00000395189363189,0.00000293507832794,0.00000196413907361,0.00000129099726109,7.38998380712e-7,4.08157546872e-7,2.18673974928e-7,1.392600808e-7,1.00567703498e-7,6.93471875479e-8,5.86335318076e-8],"dvar":[0.000124345344375,0.0000163950044225,0.00000149020490881,0.00000187813930097,4.21083996116e-7,4.42479716867e-7,1.0815635676e-7,7.97192001301e-8,1.08739328653e-7,2.98519609032e-8,2.29161063459e-8,6.07483912063e-8,4.36103810841e-8,2.50632705701e-8,1.91739353284e-8,1.07911555247e-8,2.34341590577e-9,1.4896881062e-8,6.41718944649e-9,7.90964016506e-10,7.16357084762e-10,7.55682461051e-10,7.31839921997e-10,4.72864691847e-10,3.05828445901e-10,1.50159717993e-10,1.10967561529e-10,7.60037865977e-11,4.86813263312e-11,2.53300904557e-11,1.05363339581e-11,4.63715914625e-12,1.9662810876e-12,6.39239204105e-13,1.89409523222e-13,4.58700833122e-14,1.75114032975e-14,9.19802394786e-15,4.80715210951e-15,3.71625117696e-15],"dvar2":[0.000336322147632,0.0000445049845439,0.00000421651202487,0.00000471493603982,0.0000010337034837,9.61895011642e-7,2.52052160477e-7,1.8337861718e-7,2.72276622582e-7,7.89530645307e-8,5.86723416518e-8,1.71817333694e-7,1.16936057282e-7,6.67305002366e-8,5.03708434962e-8,2.89332167114e-8,6.34668673172e-9,3.03203435692e-8,1.34329702917e-8,2.22872609257e-9,2.01159910951e-9,2.14151030242e-9,2.08777839461e-9,1.33773248034e-9,8.68537630705e-10,4.1216899338e-10,3.0875094148e-10,2.0740748008e-10,1.26345461871e-10,6.50254017298e-11,2.6009370005e-11,1.08908958241e-11,4.42263239919e-12,1.37164921348e-12,4.21974765243e-13,1.0398812074e-13,3.93975555847e-14,2.16552443295e-14,1.17598420625e-14,9.13272024872e-15],"max":[0.157091856003,0.0763088017702,0.0247872844338,0.0579446293414,0.0169995948672,0.0187035873532,0.010276613757,0.00857950467616,0.00901331566274,0.0036174072884,0.00370276113972,0.0099552674219,0.00320420460775,0.00286786421202,0.00231856084429,0.0040588490665,0.000947619555518,0.00329329189844,0.00230941013433,0.000611148891039,0.000552272365894,0.000646983971819,0.000455353379948,0.00040336677921,0.000313597149216,0.000230908452068,0.000156296795467,0.00015675224131,0.000222589602345,0.000145611673361,0.0000930507230805,0.0000405214996135,0.000030697130569,0.000015939329387,0.00000789298064774,0.00000417271257902,0.00000228492558563,0.00000180771485248,0.00000151604660914,0.00000133405660563],"mean":[0.00745815131813,0.00363481999375,0.00108872924466,0.000815571984276,0.00060395145556,0.000449757179013,0.000282440654701,0.000241134112002,0.000262290704995,0.00018280337099,0.000148597566294,0.000204623749596,0.000235071507632,0.000169681487023,0.000163368866197,0.000107645748358,0.0000674008915666,0.000122172234114,0.0000918240475585,0.0000267253926722,0.0000184912605619,0.0000158229377121,0.0000129261425172,0.00000988586361927,0.0000092167283583,0.00000933354567678,0.00000804326828074,0.00000729949897504,0.00000599018858338,0.00000449094704891,0.00000372999852516,0.00000243618887907,0.00000149831009821,8.61821774834e-7,4.60679615344e-7,2.37404947256e-7,1.32964757427e-7,8.35850144654e-8,4.79137156617e-8,3.73115227603e-8],"median":[0.00319479545578,0.00229196669534,0.000614372664131,0.00042448338354,0.000355341879185,0.000186540084542,0.000131972512463,0.000113195987069,0.000128147381474,0.000115689908853,0.0000861634471221,0.00010855954315,0.000144480203744,0.0000958110904321,0.000104121907498,0.0000651376831229,0.0000498653353134,0.000051523464208,0.0000465626799269,0.0000190070859389,0.0000112624975372,0.00000842732697492,0.00000628081852483,0.0000040213462853,0.00000401081933887,0.00000444286706625,0.00000372654312741,0.00000371820806322,0.00000328721239384,0.00000239657720158,0.00000218466220758,0.00000131287958993,7.46897626414e-7,4.06020546961e-7,2.1764849123e-7,1.20738718579e-7,6.26399270232e-8,3.9542101149e-8,2.31020944597e-8,1.5516764762e-8],"min":[5.11018256831e-24,3.65112989271e-24,4.79379254734e-24,6.63462865752e-24,4.60101111375e-24,6.06691149644e-24,9.68118186335e-24,1.33065735913e-23,5.48860190556e-24,3.53355885225e-24,3.82054960502e-24,4.04702683774e-24,4.15321224875e-24,6.74335341178e-24,3.17417354536e-24,3.92505000913e-24,7.87610718458e-24,7.04833492635e-24,4.72677368584e-24,8.29867788341e-24,8.44493190637e-24,5.91120100338e-24,6.92787113296e-24,8.14207006106e-24,7.43594252099e-24,6.73092096392e-24,7.18127455496e-24,6.65480614176e-24,7.59733794018e-24,6.8199312953e-24,7.27078265757e-24,7.18997805733e-24,8.72165169015e-24,7.91679978552e-24,9.02481014717e-24,1.12691257334e-23,8.22376607412e-24,8.78114284646e-24,7.6049204712e-24,9.52019665184e-24],"var":[0.000128609972307,0.0000210893958865,0.00000221164032155,0.00000223082292905,7.76923286594e-7,8.29920338674e-7,2.58829800259e-7,2.14997669445e-7,2.07121544804e-7,5.46384910649e-8,4.60589859586e-8,1.31171290718e-7,7.79733611012e-8,4.31619042729e-8,3.5040216062e-8,1.62490394473e-8,3.85571974348e-9,6.56360370499e-8,2.55893368717e-8,8.30110868932e-10,6.42861153199e-10,6.47555009614e-10,5.64466862141e-10,3.89176968429e-10,2.74919503829e-10,2.14859879888e-10,1.6103472722e-10,1.21547688581e-10,8.84985348892e-11,4.82214684849e-11,2.42779234216e-11,1.13055745321e-11,4.48930519495e-12,1.5074525829e-12,4.20521825912e-13,1.01495309553e-13,3.42351540454e-14,1.430229531e-14,5.54824241089e-15,4.06197614471e-15]},"melbands_crest":{"dmean":5.09894418716,"dmean2":8.40395641327,"dvar":18.057226181,"dvar2":45.7352485657,"max":38.9592704773,"mean":16.8754920959,"median":15.8376054764,"min":1.70252227783,"var":50.2355270386},"melbands_flatness_db":{"dmean":0.0366593264043,"dmean2":0.0579618737102,"dvar":0.000983513426036,"dvar2":0.00236735120416,"max":0.515336215496,"mean":0.242257013917,"median":0.237390220165,"min":0.00465568434447,"var":0.00409677857533},"melbands_kurtosis":{"dmean":8.81171894073,"dmean2":14.3713102341,"dvar":811.578186035,"dvar2":1872.58630371,"max":1988.48779297,"mean":12.0075025558,"median":4.76508045197,"min":-1.95022666454,"var":1369.50134277},"melbands_skewness":{"dmean":0.955032527447,"dmean2":1.53604507446,"dvar":1.04017686844,"dvar2":2.49889707565,"max":36.4977798462,"mean":2.43684792519,"median":2.0919251442,"min":-3.81741070747,"var":3.570125103},"melbands_spread":{"dmean":7.03005123138,"dmean2":11.4748420715,"dvar":62.7657966614,"dvar2":158.500930786,"max":221.367019653,"mean":21.5473461151,"median":18.9188690186,"min":0.219741970301,"var":289.722686768},"mfcc":{"cov":[[9171.38183594,262.64956665,-766.835510254,1068.6583252,-535.89465332,479.749725342,144.23274231,270.0050354,-212.15171814,-150.176559448,-50.91355896,128.806533813,7.39257383347],[262.64956665,1137.85888672,-158.729049683,-310.00201416,65.5892028809,-79.5690155029,-52.558013916,-149.770172119,34.2093200684,1.99352872372,-23.254486084,-51.2425384521,35.5781021118],[-766.835510254,-158.729049683,550.620727539,-51.969367981,95.387802124,-21.7379589081,-33.0238494873,14.9444303513,31.758190155,19.5496082306,36.8455505371,8.85721874237,5.67359256744],[1068.6583252,-310.00201416,-51.969367981,538.246887207,-116.744216919,148.644668579,53.7780570984,120.042732239,-39.4696846008,-20.4920196533,17.3507404327,39.7981071472,-3.00036668777],[-535.89465332,65.5892028809,95.387802124,-116.744216919,244.117843628,-2.28815126419,11.7916955948,-55.5424613953,43.2902145386,32.1250953674,6.50495243073,-42.465801239,-1.29874539375],[479.749725342,-79.5690155029,-21.7379589081,148.644668579,-2.28815126419,205.836257935,30.6819400787,66.7609176636,0.315812647343,8.41334819794,8.24657154083,0.963718771935,0.443299174309],[144.23274231,-52.558013916,-33.0238494873,53.7780570984,11.7916955948,30.6819400787,138.006744385,47.910900116,9.74649524689,-25.0892009735,2.18805575371,14.4620685577,17.7140274048],[270.0050354,-149.770172119,14.9444303513,120.042732239,-55.5424613953,66.7609176636,47.910900116,113.93120575,-1.49752080441,-6.47643232346,2.08661675453,27.8652648926,0.702644407749],[-212.15171814,34.2093200684,31.758190155,-39.4696846008,43.2902145386,0.315812647343,9.74649524689,-1.49752080441,75.1508865356,37.8193016052,28.5941982269,-8.75077819824,7.78685379028],[-150.176559448,1.99352872372,19.5496082306,-20.4920196533,32.1250953674,8.41334819794,-25.0892009735,-6.47643232346,37.8193016052,75.1685180664,30.6925258636,0.0705766528845,-0.423485606909],[-50.91355896,-23.254486084,36.8455505371,17.3507404327,6.50495243073,8.24657154083,2.18805575371,2.08661675453,28.5941982269,30.6925258636,65.8496551514,24.266500473,19.6893253326],[128.806533813,-51.2425384521,8.85721874237,39.7981071472,-42.465801239,0.963718771935,14.4620685577,27.8652648926,-8.75077819824,0.0705766528845,24.266500473,66.7246780396,25.6142444611],[7.39257383347,35.5781021118,5.67359256744,-3.00036668777,-1.29874539375,0.443299174309,17.7140274048,0.702644407749,7.78685379028,-0.423485606909,19.6893253326,25.6142444611,51.6517715454]],"icov":[[0.000198683104827,-0.000172678264789,0.000141940792673,-0.000313846685458,0.000168037600815,-0.000262168672634,-0.0000436366717622,-0.0000670205627102,0.000225397423492,0.0000996113521978,0.0000106133420559,-0.000234777238802,0.000158253344125],[-0.000172678264789,0.00144615990575,0.000256495841313,0.000783515337389,-0.0000180532533705,-0.000034189728467,0.000306113797706,0.00118318141904,-0.000931887829211,0.00024748314172,0.000470193277579,0.000623145955615,-0.00142104679253],[0.000141940792673,0.000256495841313,0.00253927591257,0.0000547560848645,-0.00129509868566,0.000296012178296,0.00149308051914,-0.0016346864868,-0.000380574085284,0.0012505116174,-0.00134883576538,-0.00039186241338,-0.000221533322474],[-0.000313846685458,0.000783515337389,0.0000547560848645,0.00377263012342,0.00054571434157,-0.00119437207468,-0.000248429365456,-0.00122377858497,0.000964403734542,0.000247376650805,-0.00160285294987,0.000579311104957,0.0000245315495704],[0.000168037600815,-0.0000180532533705,-0.00129509868566,0.00054571434157,0.00730122812092,-0.00168590992689,-0.00306955212727,0.00417420268059,-0.0011120919371,-0.00259339320473,0.000917414028663,0.00269504240714,-0.000183480282431],[-0.000262168672634,-0.000034189728467,0.000296012178296,-0.00119437207468,-0.00168590992689,0.00782082229853,0.000337648583809,-0.004471573513,0.000908212503418,-0.00134677905589,-0.00115841906518,0.00280268467031,-0.001301539829],[-0.0000436366717622,0.000306113797706,0.00149308051914,-0.000248429365456,-0.00306955212727,0.000337648583809,0.0118845785037,-0.00554081099108,-0.00358658889309,0.00630748504773,-0.000753104453906,-0.000961422512773,-0.00310730957426],[-0.0000670205627102,0.00118318141904,-0.0016346864868,-0.00122377858497,0.00417420268059,-0.004471573513,-0.00554081099108,0.0201937444508,-0.00414963299409,-0.00147789460607,0.0051912041381,-0.00598309002817,0.00267358007841],[0.000225397423492,-0.000931887829211,-0.000380574085284,0.000964403734542,-0.0011120919371,0.000908212503418,-0.00358658889309,-0.00414963299409,0.0252058561891,-0.00959991104901,-0.00844023469836,0.00741261942312,-0.00237906328402],[0.0000996113521978,0.00024748314172,0.0012505116174,0.000247376650805,-0.00259339320473,-0.00134677905589,0.00630748504773,-0.00147789460607,-0.00959991104901,0.0244431272149,-0.00763445952907,-0.00246207928285,0.00327439676039],[0.0000106133420559,0.000470193277579,-0.00134883576538,-0.00160285294987,0.000917414028663,-0.00115841906518,-0.000753104453906,0.0051912041381,-0.00844023469836,-0.00763445952907,0.0286970641464,-0.00952268671244,-0.00505665317178],[-0.000234777238802,0.000623145955615,-0.00039186241338,0.000579311104957,0.00269504240714,0.00280268467031,-0.000961422512773,-0.00598309002817,0.00741261942312,-0.00246207928285,-0.00952268671244,0.0289464816451,-0.0117264427245],[0.000158253344125,-0.00142104679253,-0.000221533322474,0.0000245315495704,-0.000183480282431,-0.001301539829,-0.00310730957426,0.00267358007841,-0.00237906328402,0.00327439676039,-0.00505665317178,-0.0117264427245,0.0295064412057]],"mean":[-646.050537109,162.836517334,-22.6567821503,23.8384342194,-4.73814821243,28.4564933777,4.37920475006,3.47108054161,4.48518371582,6.08222103119,0.540621936321,0.667723894119,2.49268102646]},"pitch_salience":{"dmean":0.0907083526254,"dmean2":0.148687124252,"dvar":0.00606337981299,"dvar2":0.015499654226,"max":0.843906700611,"mean":0.545269370079,"median":0.563898801804,"min":0.0410616248846,"var":0.0180367380381},"silence_rate_20dB":{"dmean":0.000159426068421,"dmean2":0.000318877544487,"dvar":0.000159400646226,"dvar2":0.000478214642499,"max":1,"mean":0.99992030859,"median":1,"min":0,"var":0.0000797003231128},"silence_rate_30dB":{"dmean":0.130888804793,"dmean2":0.261798471212,"dvar":0.113756924868,"dvar2":0.225626096129,"max":1,"mean":0.804080963135,"median":1,"min":0,"var":0.157534763217},"silence_rate_60dB":{"dmean":0.00207253894769,"dmean2":0.00414540804923,"dvar":0.00206824345514,"dvar2":0.00444710114971,"max":1,"mean":0.0376215539873,"median":0,"min":0,"var":0.0362061709166},"spectral_centroid":{"dmean":199.294326782,"dmean2":315.058654785,"dvar":46589.125,"dvar2":106685.625,"max":11383.1542969,"mean":1208.63500977,"median":1139.14306641,"min":166.028213501,"var":323497.21875},"spectral_complexity":{"dmean":4.1181344986,"dmean2":6.41119241714,"dvar":18.5207595825,"dvar2":38.9964179993,"max":62,"mean":25.3893680573,"median":24,"min":0,"var":116.988121033},"spectral_contrast_coeffs":{"dmean":[0.0563164055347,0.0491322092712,0.0375718250871,0.0279559958726,0.0191115699708,0.0418992005289],"dmean2":[0.0952879339457,0.0831037536263,0.0635903775692,0.0471729971468,0.0319843254983,0.0657073184848],"dvar":[0.00196784012951,0.00145791179966,0.000853904231917,0.000509008765221,0.000250984914601,0.00143944146112],"dvar2":[0.00555898901075,0.00408541597426,0.00238426425494,0.0013772539096,0.000673457456287,0.00340242125094],"max":[-0.333028614521,-0.508779764175,-0.596073389053,-0.536637127399,-0.679733872414,-0.456534683704],"mean":[-0.701901435852,-0.776392042637,-0.80497610569,-0.802173256874,-0.831361532211,-0.720774948597],"median":[-0.707620978355,-0.781581044197,-0.806692957878,-0.807111263275,-0.828523874283,-0.708402097225],"min":[-0.963245630264,-0.980059742928,-0.976069390774,-0.977584481239,-0.972166895866,-0.9585288167],"var":[0.00602174922824,0.00402418989688,0.00218499288894,0.00213010259904,0.000901968101971,0.00759006896988]},"spectral_contrast_valleys":{"dmean":[0.423751056194,0.370339661837,0.314180731773,0.252571821213,0.291945010424,0.555634498596],"dmean2":[0.705424249172,0.612327814102,0.508671879768,0.404623061419,0.450798243284,0.867710411549],"dvar":[0.12359842658,0.0977789163589,0.0791092664003,0.059912186116,0.129920378327,0.221370592713],"dvar2":[0.311492592096,0.243752732873,0.174544379115,0.129204913974,0.279348671436,0.575993299484],"max":[-4.68411111832,-4.23714590073,-4.83130311966,-5.33475446701,-5.18698787689,-8.54653358459],"mean":[-6.64120960236,-6.35253953934,-6.53972959518,-6.89553403854,-7.48715686798,-10.9010219574],"median":[-6.36567020416,-6.19063043594,-6.33740520477,-6.71240520477,-7.17526912689,-10.758687973],"min":[-27.6747589111,-27.7818069458,-27.2846641541,-27.299451828,-27.321390152,-27.3738136292],"var":[1.46150171757,1.25134384632,1.30621731281,1.21848452091,1.48033285141,0.952629327774]},"spectral_decrease":{"dmean":7.47426209813e-9,"dmean2":1.21574910139e-8,"dvar":1.21214266105e-16,"dvar2":3.09436038118e-16,"max":1.33550983605e-8,"mean":-1.0513169002e-8,"median":-6.96898938557e-9,"min":-1.44981484596e-7,"var":1.67078638509e-16},"spectral_energy":{"dmean":0.0278975591063,"dmean2":0.0458238199353,"dvar":0.00161071820185,"dvar2":0.00423880619928,"max":0.562507808208,"mean":0.0706561356783,"median":0.0588016882539,"min":1.07583053923e-20,"var":0.00264345551841},"spectral_energyband_high":{"dmean":0.000290767842671,"dmean2":0.000418072333559,"dvar":2.01084333185e-7,"dvar2":4.68454999236e-7,"max":0.00875212624669,"mean":0.000953927868977,"median":0.000678370590322,"min":7.76115942219e-21,"var":9.68910285337e-7},"spectral_energyband_low":{"dmean":0.023197427392,"dmean2":0.0387718640268,"dvar":0.00143595878035,"dvar2":0.00382372923195,"max":0.508031129837,"mean":0.032845299691,"median":0.0192835777998,"min":2.95209705208e-23,"var":0.00168845767621},"spectral_energyband_middle_high":{"dmean":0.00309587968513,"dmean2":0.00489391060546,"dvar":0.0000161950174515,"dvar2":0.0000398401098209,"max":0.077079333365,"mean":0.0087995454669,"median":0.00691326474771,"min":1.32637593332e-21,"var":0.0000539520515304},"spectral_energyband_middle_low":{"dmean":0.00537137268111,"dmean2":0.00881615001708,"dvar":0.000060919624957,"dvar2":0.000152223772602,"max":0.249928072095,"mean":0.0121627002954,"median":0.00882896222174,"min":2.79387951172e-22,"var":0.000136873379233},"spectral_entropy":{"dmean":0.146193891764,"dmean2":0.220348209143,"dvar":0.0232466980815,"dvar2":0.0492024980485,"max":9.80693626404,"mean":7.58334636688,"median":7.6841802597,"min":5.69603538513,"var":0.146033927798},"spectral_flux":{"dmean":0.0371225960553,"dmean2":0.060969941318,"dvar":0.00207609776407,"dvar2":0.00485725328326,"max":0.567561686039,"mean":0.153324991465,"median":0.14571160078,"min":6.72680938729e-11,"var":0.00464407308027},"spectral_kurtosis":{"dmean":5.0946969986,"dmean2":7.73435688019,"dvar":45.1168403625,"dvar2":107.989509583,"max":120.673805237,"mean":20.766658783,"median":16.5596294403,"min":-1.23229086399,"var":172.926574707},"spectral_rms":{"dmean":0.00145727558993,"dmean2":0.00234383065253,"dvar":0.00000272562647297,"dvar2":0.00000688679938321,"max":0.0234262272716,"mean":0.00775491911918,"median":0.00757413357496,"min":3.23973877239e-12,"var":0.0000087940488811},"spectral_rolloff":{"dmean":4574.17773438,"dmean2":8805.12304688,"dvar":61272256,"dvar2":138524864,"max":22050,"mean":16072.4765625,"median":21124.0722656,"min":43.06640625,"var":76523600},"spectral_skewness":{"dmean":0.411857873201,"dmean2":0.618303179741,"dvar":0.236045524478,"dvar2":0.530535936356,"max":9.25838279724,"mean":3.08277988434,"median":2.74472355843,"min":-0.0581546202302,"var":1.35087788105},"spectral_spread":{"dmean":455719.21875,"dmean2":687522.3125,"dvar":291932274688,"dvar2":688452993024,"max":50748928,"mean":4092949.5,"median":4004231,"min":1323445.25,"var":1389148241920},"spectral_strongpeak":{"dmean":9.10416316986,"dmean2":16.8669261932,"dvar":461.593261719,"dvar2":1270.76367188,"max":185.262649536,"mean":7.81353902817,"median":0.368093848228,"min":0,"var":413.439575195},"zerocrossingrate":{"dmean":0.0513888671994,"dmean2":0.063467182219,"dvar":0.00190368527547,"dvar2":0.00281172292307,"max":0.76171875,"mean":0.336148560047,"median":0.321044921875,"min":0.0244140625,"var":0.0158097390085}},"metadata":{"audio_properties":{"analysis_sample_rate":44100,"bit_rate":210890,"codec":"mp3","downmix":"mix","equal_loudness":0,"length":291.292480469,"lossless":false,"md5_encoded":"8fdaeb684d35956217157ca52ecfc00f","replay_gain":2.87195396423,"sample_rate":44100},"tags":{"acoustid_id":["54212b80-884d-4e4f-a039-fbbc2198148e"],"album":["In Utero"],"albumartist":["Nirvana"],"artist":["Nirvana"],"date":["1993"],"discnumber":["1/1"],"file_name":"10 - Nirvana - Radio Friendly Unit Shifter.mp3","musicbrainz_albumartistid":["5b11f4ce-a62d-471e-81fc-a69a8278c7da"],"musicbrainz_albumid":["6ddad044-c72c-3eb9-8ae7-45f783a92e0f"],"musicbrainz_artistid":["5b11f4ce-a62d-471e-81fc-a69a8278c7da"],"musicbrainz_recordingid":["04e67fe5-c2eb-438a-9323-99e6f4773116"],"musicbrainz_releasegroupid":["2a0981fb-9593-3019-864b-ce934d97a16e"],"replaygain_album_gain":["+0.63 dB"],"replaygain_album_peak":["0.452049"],"replaygain_track_gain":["+0.96 dB"],"replaygain_track_peak":["0.428809"],"title":["Radio Friendly Unit Shifter"],"tracknumber":["10/12"]},"version":{"essentia":"2.1-beta1","essentia_build_sha":"e76a03f03bb3900de42a1fa0d9be1e72f12def64","essentia_git_sha":"v2.1_beta1-28-g21ef5f4-dirty","extractor":"music 1.0"}},"rhythm":{"beats_count":740,"beats_loudness":{"dmean":0.0278727374971,"dmean2":0.0484532043338,"dvar":0.000724889279809,"dvar2":0.0020161839202,"max":0.198363900185,"mean":0.0693816766143,"median":0.0638501048088,"min":6.45131024157e-8,"var":0.0013705563033},"beats_loudness_band_ratio":{"dmean":[0.181820288301,0.0761089920998,0.0577818341553,0.0601779855788,0.0300565883517,0.0977160036564],"dmean2":[0.318762034178,0.137106984854,0.103058613837,0.103998847306,0.0520920492709,0.169584497809],"dvar":[0.0226389616728,0.00636783894151,0.00503548560664,0.00398198887706,0.00221469253302,0.00723855057731],"dvar2":[0.069681443274,0.018907783553,0.0154297212139,0.0117291193455,0.00616774242371,0.0207217335701],"max":[0.943163633347,0.54177