{"lowlevel":{"average_loudness":0.488188713789,"barkbands":{"dmean":[0.0000129768595798,0.00110972987022,0.00272014783695,0.00306889601052,0.00216119992547,0.00355111411773,0.000799159461167,0.000473238062114,0.000558043073397,0.000313154916512,0.000414512149291,0.000213424413232,0.000114356436825,0.000107838408439,0.0000449402832601,0.0000203593481274,0.00000893648666533,0.00000778662251832,0.0000057363263295,0.00000525086352354,0.0000085266028691,0.0000071019680945,0.00000290033040073,8.40689665438e-7,4.52320335853e-7,7.53234914441e-8,2.83540551038e-8],"dmean2":[0.0000213697949221,0.00187521451153,0.0046539674513,0.00486115925014,0.00361692300066,0.00577403558418,0.00129417330027,0.000768677797168,0.000913937750738,0.000501891190652,0.000690671207849,0.000350916525349,0.00019258595421,0.000183783005923,0.0000750272738514,0.0000337875098921,0.0000148137414726,0.0000126224795167,0.00000909739446797,0.00000876353624335,0.0000134903893922,0.0000110002047222,0.0000043696704779,0.00000129111833758,6.96151971624e-7,1.14459012934e-7,4.79908521811e-8],"dvar":[2.36316632929e-9,0.00000897634163266,0.0000777348977863,0.0000431635708082,0.0000243947906711,0.0000289203217108,0.00000323679728353,0.00000128518740894,0.00000136586481858,6.95366054515e-7,9.8148007055e-7,3.08136009153e-7,7.44707620015e-8,5.13524014423e-8,7.17161308117e-9,1.95513183421e-9,5.48460499239e-10,7.41687711248e-10,2.34183539227e-9,8.16097633916e-10,6.15344308841e-9,4.33174607295e-9,8.10499944937e-10,4.9807557384e-11,2.20251854949e-11,4.16194612411e-13,1.62818197781e-14],"dvar2":[5.85152726273e-9,0.0000236913056142,0.000212047831155,0.000102029749542,0.0000641596343485,0.000076364762208,0.00000827346684673,0.00000320523872688,0.00000348541357198,0.00000155226041443,0.00000262591902356,8.09215180197e-7,2.10763374753e-7,1.44513677469e-7,1.91363440649e-8,5.27968424535e-9,1.34813948893e-9,1.59776347708e-9,4.37270575304e-9,1.97988447859e-9,1.3589461112e-8,9.29019439155e-9,1.62367352896e-9,1.05402263306e-10,5.34764940663e-11,9.07407883641e-13,3.92222841391e-14],"max":[0.0012593959691,0.0752208530903,0.125494003296,0.142567396164,0.159149616957,0.104917474091,0.0386975184083,0.0213451124728,0.0173038188368,0.0270055159926,0.0209041479975,0.012382235378,0.00576617149636,0.00415697740391,0.00154411850963,0.00110272632446,0.000995400594547,0.00135922699701,0.00483991904184,0.00120107922703,0.00370765267871,0.00323696131818,0.00158961478155,0.000294463330647,0.000228688746574,0.0000233295504586,0.00000723364291844],"mean":[0.0000151346521307,0.00159682461526,0.00347149674781,0.00493496190757,0.00354035687633,0.00609711650759,0.00131133012474,0.000744561082684,0.000905215798412,0.000527148018591,0.000693876761943,0.000375124043785,0.000205790551263,0.000165784644196,0.0000735362482374,0.0000337787096214,0.0000168121041497,0.0000157053746079,0.0000113973665066,0.00000999420717562,0.0000142003455039,0.0000114542817755,0.00000397928215534,0.00000114387671601,5.26707481185e-7,9.39509021691e-8,1.20660700986e-7],"median":[0.00000108626545625,0.000102841004264,0.000211787526496,0.00073908403283,0.00122910854407,0.00435156049207,0.000286393769784,0.000164670040249,0.000247621239396,0.000103321668576,0.000157972739544,0.0000572819044464,0.0000482741234009,0.0000455736226286,0.0000241055804509,0.0000104702994577,0.00000545961484022,0.0000023074226192,0.00000140400788951,5.65802565689e-7,3.42721961033e-7,1.89686559793e-7,7.04936269358e-8,3.74568003281e-8,2.08104360411e-8,1.13663265466e-8,1.07593550069e-7],"min":[1.63763325084e-16,3.38151328533e-16,3.12253402049e-16,3.39885734371e-16,6.08526786395e-16,2.64856032359e-16,3.65237668711e-16,2.54815780259e-16,6.03308481105e-17,3.67677308887e-16,3.40094977979e-16,5.94899508581e-16,2.04997855103e-15,1.32487133785e-15,1.97564889528e-16,1.48750526362e-16,4.57564087908e-17,5.21571092096e-17,5.98552444045e-16,8.03392221625e-16,1.03777947302e-15,6.79479454134e-16,1.25114559013e-15,1.39249251913e-15,1.64009824907e-15,4.38841713687e-15,6.47387705103e-15],"var":[2.96125968191e-9,0.0000151297435877,0.000093553950137,0.000112323243229,0.0000386084029742,0.00004256966713,0.00000550399909116,0.00000243612612394,0.00000264612231149,0.00000150399512222,0.0000019557376163,6.80284074406e-7,1.55038364369e-7,9.57911581168e-8,1.30595285697e-8,3.34299166127e-9,1.08397701926e-9,1.88869764273e-9,4.81645479056e-9,1.34286082254e-9,1.20816787685e-8,9.59477208795e-9,1.47146306251e-9,8.71665517543e-11,2.31786066035e-11,5.95378076267e-13,1.96197970522e-14]},"barkbands_crest":{"dmean":3.10924863815,"dmean2":5.13785505295,"dvar":7.20121240616,"dvar2":18.8970355988,"max":26.8963680267,"mean":14.6975250244,"median":14.0000915527,"min":3.6037607193,"var":35.6226730347},"barkbands_flatness_db":{"dmean":0.0285108108073,"dmean2":0.0445944257081,"dvar":0.000603385269642,"dvar2":0.00146634678822,"max":0.560032486916,"mean":0.286548048258,"median":0.282086998224,"min":0.0300628952682,"var":0.00409535691142},"barkbands_kurtosis":{"dmean":12.5322999954,"dmean2":21.2569541931,"dvar":2997.57299805,"dvar2":8021.22460938,"max":2535.25073242,"mean":17.6387348175,"median":6.82188463211,"min":-1.78242230415,"var":3772.17944336},"barkbands_skewness":{"dmean":0.899600446224,"dmean2":1.46082568169,"dvar":1.66805291176,"dvar2":4.46078395844,"max":40.6252365112,"mean":2.54990410805,"median":2.03486299515,"min":-2.08188462257,"var":4.73232984543},"barkbands_spread":{"dmean":1.72364556789,"dmean2":2.78336572647,"dvar":4.4769744873,"dvar2":10.6334171295,"max":55.3916854858,"mean":4.81581163406,"median":3.92483663559,"min":0.0783346369863,"var":12.6775093079},"dissonance":{"dmean":0.0386498309672,"dmean2":0.0654273331165,"dvar":0.00107990542892,"dvar2":0.00306966342032,"max":0.500000119209,"mean":0.418984174728,"median":0.427828848362,"min":0.120673783123,"var":0.0025856141001},"dynamic_complexity":4.37182855606,"erbbands":{"dmean":[0.0129449572414,0.339940100908,2.45715880394,7.07946777344,7.80420923233,8.45180130005,17.2424812317,31.3835430145,11.8253641129,10.7432136536,10.6586637497,13.82999897,8.75269508362,11.9848546982,14.4320325851,8.21647262573,5.15484762192,5.49962091446,3.17183017731,1.69476795197,0.800018370152,0.500179111958,0.394753873348,0.3841393888,0.212361291051,0.254273563623,0.273774623871,0.396652042866,0.274764180183,0.175530180335,0.0625772252679,0.0224668756127,0.0124764684588,0.00651573296636,0.00230079703033,0.000567859504372,0.000102989070001,0.0000236727810261,0.00000650891615805,0.00000979150445346],"dmean2":[0.0218246430159,0.57585310936,4.20270824432,11.6126270294,12.5454044342,14.1436166763,28.8521499634,50.3438682556,19.5002002716,17.1338310242,17.2821006775,22.8673534393,14.0664463043,19.3410758972,24.0628318787,13.5758161545,8.6593542099,9.24337482452,5.46232366562,2.79704833031,1.32010686398,0.819688796997,0.639647901058,0.610105276108,0.34303304553,0.423982918262,0.429472208023,0.627040803432,0.434604823589,0.262227386236,0.0942397043109,0.0343467444181,0.0193949881941,0.010214635171,0.00352046731859,0.000861159875058,0.000162197175086,0.0000389882297895,0.0000108377889774,0.0000162171418197],"dvar":[0.00123741291463,0.851462304592,59.3045806885,253.016860962,267.152557373,415.337341309,547.686096191,2707.99560547,767.059020996,607.655883789,622.160766602,895.013916016,442.117584229,1014.42236328,1248.99731445,480.489624023,161.79107666,150.770233154,43.4053268433,12.8720006943,3.48381686211,1.73217523098,1.60966324806,11.8770399094,0.855625092983,2.13089442253,3.50563907623,15.3414669037,7.69732046127,2.53537917137,0.396348387003,0.0398067943752,0.0107964091003,0.00406548846513,0.000574139819946,0.0000339138205163,8.29346618048e-7,4.54400641559e-8,5.2970627884e-10,2.75863110133e-10],"dvar2":[0.00324626662768,2.27345943451,160.905853271,663.754821777,653.590332031,1112.19274902,1454.70251465,7154.53222656,1988.54077148,1511.14782715,1567.70483398,2350.11083984,1081.85717773,2376.69189453,3404.79101562,1278.63635254,459.704437256,421.291687012,121.974937439,35.1939582825,9.32365512848,4.15113735199,3.55964064598,23.1274032593,1.90408062935,5.11184167862,7.555809021,34.3588867188,18.0739173889,4.85182523727,0.824160933495,0.0859262272716,0.0229051969945,0.00930138584226,0.00138689065352,0.0000849201605888,0.00000177793435796,1.131313212e-7,1.26493493458e-9,7.4578931919e-10],"max":[1.08244478703,20.0227451324,128.536239624,270.415710449,488.35534668,389.658477783,432.906311035,1075.859375,612.014892578,648.096923828,538.479675293,497.590362549,606.93182373,1057.11767578,675.00390625,474.52935791,314.426635742,252.276443481,88.422164917,94.1566848755,64.7737121582,60.7152252197,48.5260162354,337.020233154,57.1092643738,60.7830467224,74.7851104736,183.911849976,154.956756592,73.415184021,28.417301178,9.02275276184,3.12337565422,2.65470862389,1.03818619251,0.263710707426,0.0406342186034,0.0113341687247,0.00124102586415,0.000249892182183],"mean":[0.0198472440243,0.492141127586,3.36676955223,11.207075119,13.5801515579,12.9042196274,28.5535964966,53.3761558533,19.3232154846,18.7072124481,17.4284973145,21.8330307007,15.9555206299,21.660993576,25.9387531281,15.5767889023,10.3138828278,9.65891742706,4.90892744064,3.1087949276,1.45751905441,0.997299969196,0.819312989712,0.761852860451,0.459283769131,0.482118397951,0.511159896851,0.608485817909,0.438157945871,0.256436705589,0.0867223292589,0.0308263190091,0.016378229484,0.00770904729143,0.00274104811251,0.00068452215055,0.000135460039019,0.0000416292641603,0.0000255789691437,0.0000298305712931],"median":[0.00160067644902,0.0380153730512,0.238988235593,1.62721395493,3.74764704704,3.85554289818,20.411026001,35.9080123901,7.29701662064,3.53417921066,5.0168466568,5.79605436325,3.37173199654,5.50507926941,4.91918706894,2.52519512177,2.37346935272,2.35145640373,1.84481072426,0.919380307198,0.53597509861,0.320341348648,0.149882614613,0.113242805004,0.0433474108577,0.0264267846942,0.0145306456834,0.0129770357162,0.00758166331798,0.00295287836343,0.00197485787794,0.00105738756247,0.00050164363347,0.000267370487563,0.000133680587169,0.0000596986210439,0.0000268819494522,0.0000137501792778,0.0000191491835722,0.0000154766639753],"min":[1.08202080854e-14,7.48774143817e-14,3.09627134045e-13,8.36361795792e-13,1.58775781151e-12,2.10325355222e-12,2.03081583668e-12,2.28834507766e-12,4.32582225249e-12,6.32875436085e-12,4.55551265113e-12,1.45889528756e-12,5.89154116118e-12,1.66464793339e-11,1.20520685445e-11,3.0973491133e-11,8.60025314853e-11,9.38668587303e-11,1.81842457758e-11,1.20247527213e-11,6.31814696048e-12,2.40958663612e-12,2.73786093623e-12,1.33858089543e-11,4.67561857287e-11,3.63557448035e-11,4.48106135531e-11,3.09697371914e-11,2.77650558794e-11,2.05565998251e-11,3.70789059179e-11,3.20351974115e-11,2.35612467037e-11,1.60684625328e-11,1.71015528128e-11,2.44483461254e-11,3.69813294571e-12,2.82547076014e-12,9.12375860626e-13,9.29060159967e-14],"var":[0.00210437388159,1.32991683483,73.8069610596,514.262084961,599.463378906,605.721801758,895.713378906,3905.10449219,1119.90759277,1241.38659668,1157.19396973,1634.83496094,986.366333008,2110.69824219,2562.03198242,1069.39990234,357.362335205,338.498352051,54.2750473022,25.7335414886,5.87714195251,3.85797405243,4.36931037903,21.4704303741,2.36015319824,3.31116986275,7.09916591644,29.9066143036,15.0098781586,5.30717325211,0.69068813324,0.0707026049495,0.0166294127703,0.00473391730338,0.000646070227958,0.0000369969420717,0.00000119977300983,5.62745192667e-8,8.13870248972e-10,9.3199881146e-10]},"erbbands_crest":{"dmean":3.19935131073,"dmean2":5.18055868149,"dvar":7.6649813652,"dvar2":19.4608135223,"max":30.8796424866,"mean":13.3256568909,"median":12.0330924988,"min":2.8262052536,"var":36.4637184143},"erbbands_flatness_db":{"dmean":0.0210875887424,"dmean2":0.0326001755893,"dvar":0.000370221561752,"dvar2":0.000850788026582,"max":0.532687664032,"mean":0.298876494169,"median":0.292543053627,"min":0.0784478262067,"var":0.00347995292395},"erbbands_kurtosis":{"dmean":2.83060669899,"dmean2":4.6927690506,"dvar":26.9817314148,"dvar2":73.1612091064,"max":98.2648849487,"mean":3.20710635185,"median":0.956964492798,"min":-1.84220170975,"var":48.6673545837},"erbbands_skewness":{"dmean":0.5860902071,"dmean2":0.940213680267,"dvar":0.335541069508,"dvar2":0.863278210163,"max":7.45556402206,"mean":1.23692953587,"median":1.05079674721,"min":-1.62726223469,"var":1.3162945509},"erbbands_spread":{"dmean":4.05760240555,"dmean2":6.39734458923,"dvar":18.8756408691,"dvar2":41.1602592468,"max":102.184631348,"mean":15.2564067841,"median":14.2882595062,"min":0.547612845898,"var":78.4550323486},"gfcc":{"cov":[[8805.28320312,505.767852783,-1107.00927734,2337.40942383,-376.989013672,817.361938477,952.17590332,364.69720459,-88.9932098389,-200.895309448,-197.899871826,-694.612243652,-408.113372803],[505.767852783,749.386108398,34.3736839294,45.8492355347,341.821014404,57.1387367249,195.864654541,-11.3599615097,32.1885681152,-56.1824645996,14.4968042374,-76.6844863892,4.41325378418],[-1107.00927734,34.3736839294,613.253479004,-128.732498169,139.187744141,56.9937667847,-89.0911178589,39.8059539795,-23.9911613464,9.78982925415,10.2663879395,49.1759643555,24.468837738],[2337.40942383,45.8492355347,-128.732498169,976.952209473,-13.2909145355,339.012756348,357.882476807,155.908065796,2.55464053154,-58.2455291748,-53.4512176514,-212.197494507,-130.322372437],[-376.989013672,341.821014404,139.187744141,-13.2909145355,378.416046143,69.7768707275,53.103477478,-10.3394298553,32.983997345,-5.00366449356,-13.6167230606,-1.72906303406,23.1630077362],[817.361938477,57.1387367249,56.9937667847,339.012756348,69.7768707275,301.540039062,163.343353271,72.2476119995,9.47943973541,-11.6186666489,-44.4201202393,-90.2919921875,-33.6280097961],[952.17590332,195.864654541,-89.0911178589,357.882476807,53.103477478,163.343353271,315.4425354,80.1515960693,24.6885070801,-23.8635692596,-8.4736661911,-102.758377075,-59.8608703613],[364.69720459,-11.3599615097,39.8059539795,155.908065796,-10.3394298553,72.2476119995,80.1515960693,134.057373047,-2.18339538574,-5.70100259781,-9.33105182648,-55.5167732239,-39.1020011902],[-88.9932098389,32.1885681152,-23.9911613464,2.55464053154,32.983997345,9.47943973541,24.6885070801,-2.18339538574,86.8288269043,32.1246032715,10.1375341415,14.3990097046,22.4027175903],[-200.895309448,-56.1824645996,9.78982925415,-58.2455291748,-5.00366449356,-11.6186666489,-23.8635692596,-5.70100259781,32.1246032715,64.5379562378,16.803352356,29.9665851593,18.0571918488],[-197.899871826,14.4968042374,10.2663879395,-53.4512176514,-13.6167230606,-44.4201202393,-8.4736661911,-9.33105182648,10.1375341415,16.803352356,83.5711135864,44.7254180908,19.2800731659],[-694.612243652,-76.6844863892,49.1759643555,-212.197494507,-1.72906303406,-90.2919921875,-102.758377075,-55.5167732239,14.3990097046,29.9665851593,44.7254180908,124.18170166,60.8918190002],[-408.113372803,4.41325378418,24.468837738,-130.322372437,23.1630077362,-33.6280097961,-59.8608703613,-39.1020011902,22.4027175903,18.0571918488,19.2800731659,60.8918190002,90.6609268188]],"icov":[[0.00219101482071,-0.00470174197108,0.00319812982343,-0.00431498652324,0.00486767757684,-0.00305810919963,0.00281558209099,-0.0018991191173,0.00321354903281,-0.00309461005963,0.00268398597836,-0.00151465088129,0.00195679021999],[-0.00470174197108,0.014403832145,-0.00704509392381,0.0102354576811,-0.0138654401526,0.00750421127304,-0.00872501451522,0.0055764419958,-0.0077816513367,0.0098337335512,-0.00868179276586,0.00790065526962,-0.00577730918303],[0.00319812982343,-0.00704509392381,0.00711726397276,-0.00597849301994,0.0062709483318,-0.00578652042896,0.00532536301762,-0.0044390023686,0.00571535667405,-0.00462877331302,0.0034986785613,-0.00359825091437,0.00326011446305],[-0.00431498652324,0.0102354576811,-0.00597849301994,0.011504361406,-0.0099042179063,0.00421882839873,-0.00732347229496,0.00344009860419,-0.00698822271079,0.00789944827557,-0.00654660025612,0.0054064928554,-0.00311362557113],[0.00486767757684,-0.0138654401526,0.0062709483318,-0.0099042179063,0.0170525703579,-0.00808630418032,0.00721184723079,-0.00437882076949,0.0063075996004,-0.00838451832533,0.00892467238009,-0.00668985024095,0.00488110957667],[-0.00305810919963,0.00750421127304,-0.00578652042896,0.00421882839873,-0.00808630418032,0.0119665535167,-0.0063877128996,0.00280606886372,-0.00432457029819,0.00307436822914,-0.00174062198494,0.00453588133678,-0.00522809429094],[0.00281558209099,-0.00872501451522,0.00532536301762,-0.00732347229496,0.00721184723079,-0.0063877128996,0.0127197103575,-0.00482607260346,0.00262539950199,-0.00451137917116,0.00239591160789,-0.00294925039634,0.00496082520112],[-0.0018991191173,0.0055764419958,-0.0044390023686,0.00344009860419,-0.00437882076949,0.00280606886372,-0.00482607260346,0.0135453110561,-0.00353864138015,0.0024800344836,-0.00410963315517,0.00615356303751,-0.000740749295801],[0.00321354903281,-0.0077816513367,0.00571535667405,-0.00698822271079,0.0063075996004,-0.00432457029819,0.00262539950199,-0.00353864138015,0.0221035350114,-0.0137130180374,0.0048500681296,-0.00414307974279,-0.000730907544494],[-0.00309461005963,0.0098337335512,-0.00462877331302,0.00789944827557,-0.00838451832533,0.00307436822914,-0.00451137917116,0.0024800344836,-0.0137130180374,0.029323708266,-0.00821288488805,0.00241178623401,-0.00275651435368],[0.00268398597836,-0.00868179276586,0.0034986785613,-0.00654660025612,0.00892467238009,-0.00174062198494,0.00239591160789,-0.00410963315517,0.0048500681296,-0.00821288488805,0.0223080255091,-0.0118474354967,0.00268403929658],[-0.00151465088129,0.00790065526962,-0.00359825091437,0.0054064928554,-0.00668985024095,0.00453588133678,-0.00294925039634,0.00615356303751,-0.00414307974279,0.00241178623401,-0.0118474354967,0.02763957344,-0.00986269954592],[0.00195679021999,-0.00577730918303,0.00326011446305,-0.00311362557113,0.00488110957667,-0.00522809429094,0.00496082520112,-0.000740749295801,-0.000730907544494,-0.00275651435368,0.00268403929658,-0.00986269954592,0.0213170554489]],"mean":[-147.54284668,193.680328369,-115.559524536,-20.7369422913,-46.6589584351,-18.9090156555,-30.5624542236,-29.659330368,-16.510263443,-13.3107652664,-6.73923206329,-4.88375377655,-0.361342042685]},"hfc":{"dmean":2.4760556221,"dmean2":4.00908851624,"dvar":14.9866857529,"dvar2":39.0768470764,"max":71.421333313,"mean":8.46310329437,"median":4.13437223434,"min":2.63966959402e-10,"var":82.9603271484},"melbands":{"dmean":[0.000206994023756,0.000996715039946,0.00120041891932,0.000567102513742,0.000524732691702,0.000677431817167,0.000174582004547,0.000110242850496,0.0000899394435692,0.0000844268433866,0.000044094012992,0.0000490011443617,0.0000580274427193,0.0000272834749921,0.0000155818815983,0.0000108421654659,0.0000103164238681,0.00000576575848754,0.00000303960609926,0.00000175768047939,9.03102659322e-7,5.74340901949e-7,4.63354751901e-7,3.50945470018e-7,3.42703600609e-7,1.80674547323e-7,1.60542811045e-7,1.83950078281e-7,1.66379209077e-7,2.17994923446e-7,2.57212263932e-7,1.81927248377e-7,1.24104388988e-7,9.44094580291e-8,4.22226378305e-8,1.7784779871e-8,1.25588677236e-8,9.20092446677e-9,7.85682985338e-9,4.8763362237e-9],"dmean2":[0.000347862311173,0.00169551104773,0.00193834363017,0.000941550882999,0.000872200413141,0.00109060562681,0.000286280293949,0.000174685570528,0.000146342092194,0.000139404059155,0.0000706602877472,0.0000790141930338,0.0000969777829596,0.0000449010913144,0.0000261930090346,0.0000180074039235,0.0000173904409166,0.0000100046700027,0.00000504016134073,0.00000294772826237,0.00000150459345605,9.47130672557e-7,7.65915331158e-7,5.63847834201e-7,5.47992044631e-7,2.97951430639e-7,2.67138830168e-7,3.08755687684e-7,2.69665946462e-7,3.42985970292e-7,4.00266912948e-7,2.93864388823e-7,1.9565223397e-7,1.41095000572e-7,6.56976268942e-8,2.71580145039e-8,1.98092688919e-8,1.4175952856e-8,1.24131247503e-8,7.67450547556e-9],"dvar":[3.14017796654e-7,0.0000093034677775,0.000006672388281,0.00000177479250851,4.88825321554e-7,0.00000119440869639,1.70239545128e-7,6.40669242102e-8,4.02486257656e-8,3.27954410295e-8,1.13377911504e-8,1.78300023634e-8,2.09149781938e-8,5.37592192984e-9,1.79860226712e-9,6.26854235186e-10,5.21853282809e-10,1.68215025242e-10,4.01466915267e-11,1.42309506193e-11,5.97012760409e-12,2.37519075588e-12,1.86806516436e-12,2.21006546397e-12,1.15100984299e-11,9.8914333755e-13,9.75842670559e-13,1.06407460967e-12,9.34904497568e-13,4.98192459508e-12,6.0872444238e-12,3.45563074683e-12,1.33093406088e-12,7.86704685771e-13,2.14547916108e-13,2.78189336801e-14,1.30882607744e-14,5.73796805019e-15,6.00392961937e-15,2.29269287745e-15],"dvar2":[8.17896648186e-7,0.0000253438665823,0.0000167948201124,0.00000463318110633,0.00000131552951643,0.000003149836175,4.36501608192e-7,1.57663407663e-7,1.01676988606e-7,8.61129265672e-8,2.7452893292e-8,4.09402147739e-8,5.61780986175e-8,1.3983785685e-8,5.42360645284e-9,1.6999027741e-9,1.46912071397e-9,4.78419914796e-10,1.05155412156e-10,3.94083966848e-11,1.61023208656e-11,5.77094448617e-12,4.98373174326e-12,4.24213355416e-12,2.28248236284e-11,2.3218592847e-12,2.62601117067e-12,2.60488657554e-12,2.08029882383e-12,1.15849083798e-11,1.39557749038e-11,8.61319262441e-12,2.96867912197e-12,1.59621794948e-12,4.83401296422e-13,6.02131666467e-14,3.10583976343e-14,1.19714173402e-14,1.49085642242e-14,5.11076005802e-15],"max":[0.0160607490689,0.0465547516942,0.0475320145488,0.0419876649976,0.0124935945496,0.0224043801427,0.00921320449561,0.00635708728805,0.00407259399071,0.00285263173282,0.00300456467085,0.00459476886317,0.00287707918324,0.00187399587594,0.0018634487642,0.000604140979704,0.000414452690165,0.000178143178346,0.000133834124426,0.0000911094321054,0.000100890916656,0.0000657179989503,0.0000503319497511,0.0000655455587548,0.000332943163812,0.0000805423551355,0.0000509095625603,0.0000427563645644,0.0000397868134314,0.00013670475164,0.000116812872875,0.0000904556727619,0.0000576228158025,0.0000474754888273,0.0000210488306038,0.00000808184449852,0.00000528332748218,0.00000233576884057,0.00000357684371011,0.00000177138826984],"mean":[0.000310663890559,0.00138368702028,0.00206773215905,0.000945965468418,0.000921838334762,0.00116544880439,0.000279901811155,0.0001923191885,0.000144025718328,0.000132503526402,0.0000768154568505,0.0000846713010105,0.0000980199474725,0.0000484699048684,0.0000285204041575,0.0000207437042263,0.0000169439808815,0.00000788691886555,0.00000510731297254,0.00000302498347082,0.00000146039894844,0.00000105930473637,8.05816341654e-7,6.98691735579e-7,6.26732969522e-7,3.5936511722e-7,2.94067575624e-7,3.24475848856e-7,3.06000998762e-7,3.35300597953e-7,3.60155354429e-7,2.67369358653e-7,1.81430067414e-7,1.24427373294e-7,5.46847580551e-8,2.3599650234e-8,1.61891051675e-8,1.19724221648e-8,8.83214390512e-9,5.63590685232e-9],"median":[0.0000197687677428,0.000110905079055,0.000376589305233,0.00027495768154,0.000666093081236,0.00080511928536,0.0000780596601544,0.0000386233623431,0.000043181469664,0.0000345027365256,0.0000150136111188,0.0000213384191738,0.000020085271899,0.0000066752991188,0.00000590746458329,0.00000472078681923,0.00000422512584919,0.00000302895568893,0.00000154908445893,8.73234398568e-7,5.04954869029e-7,3.42681744314e-7,1.67037114807e-7,1.00959518079e-7,8.82663613311e-8,3.39194023979e-8,2.55867167454e-8,1.44549607839e-8,9.19799081345e-9,7.44832151511e-9,7.46985229227e-9,4.77078732075e-9,2.14183448755e-9,1.39164457735e-9,1.24134591495e-9,7.13305137179e-10,5.62786484082e-10,3.47381901022e-10,2.49275794451e-10,1.91900856317e-10],"min":[1.02939689087e-16,1.42677564828e-16,1.66490374127e-16,1.37155968803e-16,7.66811184739e-17,5.19617853972e-17,6.91049977133e-17,6.82982980927e-17,3.23462261832e-17,7.44140860758e-18,3.05999519572e-17,6.8100998973e-17,4.20832173278e-17,5.23908605246e-17,1.24787990754e-16,2.27148825465e-16,1.6503986991e-16,2.8446618843e-17,1.62677243557e-17,1.36696038184e-17,6.12925406983e-18,2.51980617882e-18,2.57400967e-18,1.92309752367e-18,1.11754574026e-17,2.25244572977e-17,4.2121505864e-17,1.97618874644e-17,2.2795362257e-17,2.91304159681e-17,1.49436546948e-17,1.49624134968e-17,1.33938093945e-17,9.20512310966e-18,1.74698957184e-17,3.17462158367e-17,1.4681458293e-17,1.66287340992e-17,1.50686383767e-17,1.30879659804e-17],"var":[5.65008463127e-7,0.0000115025250125,0.0000159885421454,0.00000290670595859,8.63915659011e-7,0.00000174248248186,2.60737493818e-7,1.34726590773e-7,7.44925330309e-8,6.05520042996e-8,2.47447626833e-8,3.58396938793e-8,4.05827158545e-8,1.20380994062e-8,3.29335714255e-9,1.51444767837e-9,1.08735320747e-9,1.69892974689e-10,6.96099289321e-11,2.71985559075e-11,8.12987004106e-12,4.64524122293e-12,3.50446863369e-12,5.50418044476e-12,1.93700316203e-11,2.17832392749e-12,1.10129570394e-12,1.61410132222e-12,1.8395692955e-12,7.84005759619e-12,1.14902150294e-11,5.98458045273e-12,2.54680304623e-12,1.40648896609e-12,3.14454462903e-13,4.69564471128e-14,1.99826303914e-14,9.18563100881e-15,6.01971407834e-15,2.76288870153e-15]},"melbands_crest":{"dmean":3.38669538498,"dmean2":5.56910943985,"dvar":7.81992053986,"dvar2":20.9940986633,"max":32.5259017944,"mean":16.4620933533,"median":15.9673213959,"min":4.67029857635,"var":27.8264598846},"melbands_flatness_db":{"dmean":0.0318263620138,"dmean2":0.0491965301335,"dvar":0.00077042268822,"dvar2":0.00180823472328,"max":0.687837719917,"mean":0.387429207563,"median":0.387030661106,"min":0.0427917689085,"var":0.00570554519072},"melbands_kurtosis":{"dmean":7.39667654037,"dmean2":11.9944496155,"dvar":94.8084335327,"dvar2":240.3959198,"max":252.831420898,"mean":14.5684947968,"median":9.1664390564,"min":-1.24752569199,"var":293.242919922},"melbands_skewness":{"dmean":0.730369985104,"dmean2":1.16633534431,"dvar":0.445726037025,"dvar2":1.1259316206,"max":12.9314165115,"mean":2.55814027786,"median":2.28942584991,"min":-1.48283863068,"var":1.82810473442},"melbands_spread":{"dmean":2.22849869728,"dmean2":3.64190626144,"dvar":8.29105854034,"dvar2":20.2280101776,"max":100.951568604,"mean":6.05841207504,"median":5.00506210327,"min":0.290700942278,"var":18.6896572113},"mfcc":{"cov":[[8023.30322266,441.110778809,-990.565185547,1535.13146973,-656.680358887,745.088806152,580.023925781,624.199829102,407.981323242,339.259246826,364.256622314,203.614517212,27.5709056854],[441.110778809,919.427246094,-172.778060913,30.2422981262,206.639877319,33.8138275146,128.830444336,46.0680198669,75.0107650757,-3.73697900772,41.7512168884,-16.3920135498,-22.2544517517],[-990.565185547,-172.778060913,499.767456055,-95.671546936,92.8391876221,-2.27466154099,2.7836022377,0.28345477581,-16.3575000763,-20.8884220123,-25.7541770935,7.35685777664,8.20433044434],[1535.13146973,30.2422981262,-95.671546936,598.731140137,-91.2333297729,209.319076538,213.566314697,199.581817627,120.733711243,99.0262374878,105.605857849,76.5200119019,17.3074932098],[-656.680358887,206.639877319,92.8391876221,-91.2333297729,333.526367188,30.6558704376,4.35126781464,-15.4372224808,28.0061893463,-31.5288276672,-23.0650501251,-22.8770065308,-23.9876537323],[745.088806152,33.8138275146,-2.27466154099,209.319076538,30.6558704376,289.682861328,143.536437988,115.200942993,111.542137146,57.5676689148,55.8639068604,35.1227226257,12.8040485382],[580.023925781,128.830444336,2.7836022377,213.566314697,4.35126781464,143.536437988,215.304214478,132.037353516,84.7492675781,54.5585174561,65.4773330688,33.2160415649,5.92583227158],[624.199829102,46.0680198669,0.28345477581,199.581817627,-15.4372224808,115.200942993,132.037353516,156.876220703,81.1569519043,53.6529998779,58.6669960022,35.0840263367,3.95919919014],[407.981323242,75.0107650757,-16.3575000763,120.733711243,28.0061893463,111.542137146,84.7492675781,81.1569519043,132.263381958,64.1873779297,39.879108429,24.0846500397,-1.68770110607],[339.259246826,-3.73697900772,-20.8884220123,99.0262374878,-31.5288276672,57.5676689148,54.5585174561,53.6529998779,64.1873779297,81.8152236938,46.9474716187,24.7767124176,7.79639816284],[364.256622314,41.7512168884,-25.7541770935,105.605857849,-23.0650501251,55.8639068604,65.4773330688,58.6669960022,39.879108429,46.9474716187,86.6833267212,35.7722511292,15.20175457],[203.614517212,-16.3920135498,7.35685777664,76.5200119019,-22.8770065308,35.1227226257,33.2160415649,35.0840263367,24.0846500397,24.7767124176,35.7722511292,58.4456138611,26.0104541779],[27.5709056854,-22.2544517517,8.20433044434,17.3074932098,-23.9876537323,12.8040485382,5.92583227158,3.95919919014,-1.68770110607,7.79639816284,15.20175457,26.0104541779,49.0225715637]],"icov":[[0.000564716523513,-0.000329933915054,0.000660146179143,-0.000751666608267,0.000977031420916,-0.000883083150256,0.000549214077182,-0.000821839494165,-9.62578837971e-7,-0.0000197952958843,-0.000124385391246,-0.000228479737416,0.000559142732527],[-0.000329933915054,0.00204174523242,0.000491067068651,0.000650300004054,-0.0017878866056,0.00128437683452,-0.00197980110534,0.000744313409086,-0.00100493198261,0.00120110157877,-0.000956757867243,0.000755382992793,-0.000560161017347],[0.000660146179143,0.000491067068651,0.00351872411557,-0.000176586094312,-0.0000761025512475,-0.000767136982176,-0.000526242598426,-0.00169554713648,0.00029451987939,0.000207371995202,0.000491338432766,-0.00120341998991,0.000152094464283],[-0.000751666608267,0.000650300004054,-0.000176586094312,0.00479530962184,-0.000778892601375,0.000304533052258,-0.00219656457193,-0.00129487551749,0.000262592773652,-0.000572951044887,0.0000108538406494,-0.0017950219335,0.0000131518054332],[0.000977031420916,-0.0017878866056,-0.0000761025512475,-0.000778892601375,0.00651063304394,-0.00263240048662,0.0015305869747,-0.000806118594483,-0.00178483547643,0.00193601171486,-0.0000401414145017,-0.000295922072837,0.00248011993244],[-0.000883083150256,0.00128437683452,-0.000767136982176,0.000304533052258,-0.00263240048662,0.00830220524222,-0.00345140998252,0.000828169519082,-0.00383148435503,0.00120500684716,-0.000372969399905,0.00112693139818,-0.0028114200104],[0.000549214077182,-0.00197980110534,-0.000526242598426,-0.00219656457193,0.0015305869747,-0.00345140998252,0.0135554187,-0.00689847953618,0.000335761200404,-0.000781645299867,-0.00188324938063,0.000666442094371,0.000591160787735],[-0.000821839494165,0.000744313409086,-0.00169554713648,-0.00129487551749,-0.000806118594483,0.000828169519082,-0.00689847953618,0.0193444937468,-0.00416603125632,0.000579463201575,-0.00267564179376,-0.00100759905763,0.00133058207575],[-9.62578837971e-7,-0.00100493198261,0.00029451987939,0.000262592773652,-0.00178483547643,-0.00383148435503,0.000335761200404,-0.00416603125632,0.0194209534675,-0.012246969156,0.00315174204297,-0.00279840314761,0.00294935330749],[-0.0000197952958843,0.00120110157877,0.000207371995202,-0.000572951044887,0.00193601171486,0.00120500684716,-0.000781645299867,0.000579463201575,-0.012246969156,0.0280941817909,-0.00946607161313,0.000569979951251,-0.000852412544191],[-0.000124385391246,-0.000956757867243,0.000491338432766,0.0000108538406494,-0.0000401414145017,-0.000372969399905,-0.00188324938063,-0.00267564179376,0.00315174204297,-0.00946607161313,0.0233261976391,-0.00801165308803,-0.00129751965869],[-0.000228479737416,0.000755382992793,-0.00120341998991,-0.0017950219335,-0.000295922072837,0.00112693139818,0.000666442094371,-0.00100759905763,-0.00279840314761,0.000569979951251,-0.00801165308803,0.0320194624364,-0.0138232922181],[0.000559142732527,-0.000560161017347,0.000152094464283,0.0000131518054332,0.00248011993244,-0.0028114200104,0.000591160787735,0.00133058207575,0.00294935330749,-0.000852412544191,-0.00129751965869,-0.0138232922181,0.0295426994562]],"mean":[-787.387084961,223.180709839,-3.94404482841,-0.835159599781,-5.16275262833,2.1793243885,-10.5288610458,-12.4720106125,-11.920838356,-12.9448680878,-9.73772621155,-9.6608915329,-6.26907300949]},"pitch_salience":{"dmean":0.08933711797,"dmean2":0.148221790791,"dvar":0.00558685930446,"dvar2":0.0150482393801,"max":0.923648416996,"mean":0.517094790936,"median":0.542640686035,"min":0.039495408535,"var":0.0260126236826},"silence_rate_20dB":{"dmean":0,"dmean2":0,"dvar":0,"dvar2":0,"max":1,"mean":1,"median":1,"min":1,"var":0},"silence_rate_30dB":{"dmean":0.0123468888924,"dmean2":0.0246961973608,"dvar":0.0121944705024,"dvar2":0.028790358454,"max":1,"mean":0.98755633831,"median":1,"min":0,"var":0.0122886123136},"silence_rate_60dB":{"dmean":0.0325330719352,"dmean2":0.0650725215673,"dvar":0.0314808040857,"dvar2":0.0755202248693,"max":1,"mean":0.0823045298457,"median":0,"min":0,"var":0.0755311399698},"spectral_centroid":{"dmean":64.3307495117,"dmean2":103.735137939,"dvar":17426.9609375,"dvar2":26894.6640625,"max":10918.9345703,"mean":423.936126709,"median":391.856201172,"min":169.60987854,"var":26358.5019531},"spectral_complexity":{"dmean":1.77814793587,"dmean2":2.96736574173,"dvar":2.71959877014,"dvar2":7.00967216492,"max":34,"mean":9.83960437775,"median":8,"min":0,"var":37.3904914856},"spectral_contrast_coeffs":{"dmean":[0.0541494563222,0.0545067340136,0.0374891087413,0.0268130321056,0.0185792408884,0.0192888733],"dmean2":[0.0925414189696,0.0901141166687,0.0628275647759,0.045444868505,0.030295515433,0.0309575796127],"dvar":[0.00179626827594,0.00174368778244,0.000840292021167,0.000431695516454,0.000264566740952,0.000328572728904],"dvar2":[0.00521815754473,0.00479696784168,0.00237823673524,0.00121253670659,0.00065431476105,0.000801661226433],"max":[-0.313132584095,-0.40495172143,-0.597635149956,-0.635988235474,-0.666010737419,-0.568004965782],"mean":[-0.57402074337,-0.67114174366,-0.794666528702,-0.816093564034,-0.823495924473,-0.773359060287],"median":[-0.572671771049,-0.671809315681,-0.797959446907,-0.819360971451,-0.827592670918,-0.788810968399],"min":[-0.964543282986,-0.969053268433,-0.959792852402,-0.956687152386,-0.968135595322,-0.959977447987],"var":[0.00645881099626,0.0076187257655,0.00227512582205,0.00141205103137,0.001066755387,0.00367803568952]},"spectral_contrast_valleys":{"dmean":[0.424246013165,0.349599212408,0.314145416021,0.289892405272,0.230465829372,0.23905827105],"dmean2":[0.721626877785,0.585497677326,0.522176861763,0.454647421837,0.348688483238,0.388628512621],"dvar":[0.143070161343,0.114549957216,0.102654159069,0.100905701518,0.0945497751236,0.106905892491],"dvar2":[0.353140056133,0.250918269157,0.218350917101,0.192679643631,0.16540902853,0.220988363028],"max":[-5.28466510773,-4.17625141144,-5.13662147522,-6.23799562454,-6.54041194916,-8.82456207275],"mean":[-8.15475273132,-6.76244354248,-7.39591598511,-8.31952762604,-9.64675140381,-13.1347227097],"median":[-8.09419631958,-6.73933458328,-7.47622966766,-8.28247356415,-9.78993034363,-13.2455997467],"min":[-27.204208374,-26.6368503571,-27.2893657684,-27.3083057404,-27.2014446259,-27.3343868256],"var":[2.0045466423,1.02553200722,0.943852245808,0.837078154087,1.66361045837,0.947434127331]},"spectral_decrease":{"dmean":2.29537699958e-9,"dmean2":3.80099818287e-9,"dvar":1.56324463366e-17,"dvar2":4.23109037545e-17,"max":-9.287571195e-22,"mean":-6.3615246404e-9,"median":-3.0161224629e-9,"min":-5.81089416585e-8,"var":5.09218241526e-17},"spectral_energy":{"dmean":0.00885780807585,"dmean2":0.0146657945588,"dvar":0.000230596153415,"dvar2":0.000624056556262,"max":0.223534494638,"mean":0.0247774347663,"median":0.0117571111768,"min":2.74479180026e-14,"var":0.000765525503084},"spectral_energyband_high":{"dmean":0.0000197594799829,"dmean2":0.0000290505267913,"dvar":2.27507701567e-8,"dvar2":3.93304482316e-8,"max":0.00602281140164,"mean":0.0000373751390725,"median":0.00000104259947875,"min":1.65564448002e-14,"var":6.23199625238e-8},"spectral_energyband_low":{"dmean":0.00455979071558,"dmean2":0.00773508008569,"dvar":0.000154645458679,"dvar2":0.000421883363742,"max":0.186578288674,"mean":0.00757226301357,"median":0.000953634502366,"min":9.04660410304e-16,"var":0.000237750631641},"spectral_energyband_middle_high":{"dmean":0.000761800212786,"dmean2":0.00123432336841,"dvar":0.00000230456271311,"dvar2":0.00000586038049732,"max":0.0321634300053,"mean":0.00205398234539,"median":0.000526490854099,"min":6.22390788742e-15,"var":0.00000972107773123},"spectral_energyband_middle_low":{"dmean":0.00681370263919,"dmean2":0.0110557302833,"dvar":0.000112359412014,"dvar2":0.000295299192658,"max":0.186655908823,"mean":0.0176619533449,"median":0.0102948155254,"min":1.94314165012e-15,"var":0.00035651147482},"spectral_entropy":{"dmean":0.248843625188,"dmean2":0.388728350401,"dvar":0.0526335500181,"dvar2":0.123809829354,"max":9.78169631958,"mean":6.21838092804,"median":6.25134086609,"min":3.48454117775,"var":0.354193359613},"spectral_flux":{"dmean":0.0189218595624,"dmean2":0.0312395021319,"dvar":0.000544536567759,"dvar2":0.00130908493884,"max":0.367752790451,"mean":0.0691176280379,"median":0.0516353473067,"min":0.0000179864273377,"var":0.00245971558616},"spectral_kurtosis":{"dmean":15.1399250031,"dmean2":25.8763942719,"dvar":205.231079102,"dvar2":571.330566406,"max":211.641098022,"mean":43.7181625366,"median":37.0063018799,"min":-1.254383564,"var":1027.65014648},"spectral_rms":{"dmean":0.000777548993938,"dmean2":0.00126912852284,"dvar":7.56888937303e-7,"dvar2":0.00000203789340958,"max":0.0147676141933,"mean":0.00425233319402,"median":0.00338679086417,"min":5.17479037399e-9,"var":0.00000609064682067},"spectral_rolloff":{"dmean":133.413269043,"dmean2":231.780410767,"dvar":89505.515625,"dvar2":152251.09375,"max":18626.2207031,"mean":503.077880859,"median":409.130859375,"min":129.19921875,"var":105156.015625},"spectral_skewness":{"dmean":0.954661786556,"dmean2":1.64080762863,"dvar":0.703947901726,"dvar2":1.98888325691,"max":11.9623765945,"mean":4.5258898735,"median":4.27399110794,"min":-0.00388243352063,"var":3.76848912239},"spectral_spread":{"dmean":332034.84375,"dmean2":566183.5,"dvar":261784092672,"dvar2":406375464960,"max":42457428,"mean":1700176.125,"median":1497670.25,"min":485099.03125,"var":749397082112},"spectral_strongpeak":{"dmean":0.325021952391,"dmean2":0.53430134058,"dvar":0.120757862926,"dvar2":0.317412257195,"max":5.00445652008,"mean":0.771565079689,"median":0.688284277916,"min":0,"var":0.235902667046},"zerocrossingrate":{"dmean":0.00280116987415,"dmean2":0.00375709543005,"dvar":0.0000272030483757,"dvar2":0.0000338257523254,"max":0.49267578125,"mean":0.0204473864287,"median":0.01904296875,"min":0.0048828125,"var":0.0000704753692844}},"metadata":{"audio_properties":{"analysis_sample_rate":44100,"bit_rate":320000,"codec":"mp3","downmix":"mix","equal_loudness":0,"length":236.956741333,"lossless":false,"md5_encoded":"846aaf03943b82d18bd42be1881f7ac4","replay_gain":-9.96750450134},"tags":{"album":["The Downward Spiral"],"albumartist":["Nine Inch Nails"],"albumartistsort":["Nine Inch Nails"],"artist":["Nine Inch Nails"],"artists":["Nine Inch Nails"],"artistsort":["Nine Inch Nails"],"barcode":["765449234620"],"catalognumber":["92346-2","D 102767"],"composer":["Trent Reznor"],"date":["1994-03-08"],"file_name":"13 - The Downward Spiral.mp3","isrc":["USIR19400537"],"label":["TVT Records","BMG"],"media":["CD"],"musicbrainz album release country":["US"],"musicbrainz album status":["official"],"musicbrainz album type":["album"],"musicbrainz release track id":["0591ddf0-2bb0-3199-9ebb-d8f31a31a1b6"],"musicbrainz_albumartistid":["b7ffd2af-418f-4be2-bdd1-22f8b48613da"],"musicbrainz_albumid":["dceb6a01-3431-36af-b2e1-6462193bd67c"],"musicbrainz_artistid":["b7ffd2af-418f-4be2-bdd1-22f8b48613da"],"musicbrainz_recordingid":["05166c96-7f2f-42f2-8b8c-de0fc58e34b2"],"musicbrainz_releasegroupid":["7c4cab8d-dead-3870-b501-93c90fd0a580"],"musicbrainz_workid":["ddc3b50a-fd03-34c2-b46e-091fa5372a65"],"originaldate":["1994"],"script":["Latn"],"title":["The Downward Spiral"],"tracknumber":["13/14"],"work":["The Downward Spiral"]},"version":{"essentia":"2.1-beta1","essentia_build_sha":"85931cb11b241c07ac43bfc3827c398894034a25","essentia_git_sha":"v2.1_beta1-6-g5578087","extractor":"music 1.0"}},"rhythm":{"beats_count":442,"beats_loudness":{"dmean":0.0090617928654,"dmean2":0.0158153958619,"dvar":0.000147156126332,"dvar2":0.00040873879334,"max":0.153027012944,"mean":0.0224604010582,"median":0.012361517176,"min":0.0000232060428971,"var":0.000544517941307},"beats_loudness_band_ratio":{"dmean":[0.