{"lowlevel":{"average_loudness":0.938063442707,"barkbands":{"dmean":[0.00824681390077,0.0167587138712,0.0034942983184,0.00179995968938,0.00400394760072,0.00151211151388,0.00069357448956,0.00054932263447,0.000834093370941,0.000675017596222,0.000468216196168,0.000708634615876,0.000219325404032,0.000179723603651,0.00021081615705,0.000135775728268,0.0000895452467375,0.0000609446433373,0.0000390844943468,0.000030443930882,0.0000254723872786,0.0000215232539631,0.00000992648256215,0.00000389574324799,0.00000336139373758,0.0000088075248641,0.000192789899302],"dmean2":[0.0138038219884,0.0276118852198,0.00568815227598,0.00294201006182,0.00610970053822,0.00242183916271,0.00112719426397,0.000883957429323,0.00136476859916,0.00110906921327,0.000769633799791,0.00117228296585,0.000367340486264,0.000301009102259,0.000350044167135,0.000224811490625,0.000145254220115,0.0000988768442767,0.0000616648976575,0.0000457011192339,0.0000365655978385,0.0000302047010337,0.0000139537069117,0.00000635054402665,0.0000055975815485,0.0000121860293802,0.00027761713136],"dvar":[0.000341305829352,0.000638262543362,0.0000275882794085,0.00000745591569284,0.0000516841064382,0.0000121576858874,0.00000152849361257,0.0000020524169031,0.0000019495412289,0.00000177399112999,0.00000241406405621,0.00000191864342014,1.02522051293e-7,7.75331088221e-8,1.1403304967e-7,5.16610647594e-8,1.90817743828e-8,9.86798731617e-9,3.32247918067e-9,6.5075820288e-9,3.33353100679e-9,1.17350340556e-9,2.27430671518e-10,3.21246050594e-11,2.81146651099e-11,1.70158998003e-10,6.8905158912e-8],"dvar2":[0.00086459890008,0.00173498562071,0.0000720360985724,0.0000185111675819,0.000114276263048,0.0000278092829831,0.00000366417793884,0.00000459326702185,0.00000491838636663,0.00000459401508124,0.00000610174856774,0.00000514030807608,2.71063044011e-7,2.0641152787e-7,2.94123509548e-7,1.3000348531e-7,4.82968438575e-8,2.48417304505e-8,7.71845165559e-9,1.29590427278e-8,5.70250602294e-9,2.32957875212e-9,4.32924307514e-10,7.99589422451e-11,7.09498154672e-11,3.0023886155e-10,1.43607508107e-7],"max":[0.209970146418,0.332144528627,0.0972395986319,0.047391243279,0.134639576077,0.0807281658053,0.0332490578294,0.0810424014926,0.0286258421838,0.0299706142396,0.0358408726752,0.0282772537321,0.0088608507067,0.00614579720423,0.00567422434688,0.00460275961086,0.00306590157561,0.00284589920193,0.00182681635488,0.00242759799585,0.00147287594154,0.00078747025691,0.000350217334926,0.0000717570874258,0.0000675149567542,0.000333786185365,0.00550041580573],"mean":[0.011178901419,0.0272500403225,0.00505647622049,0.00266561890021,0.00733658857644,0.00224480172619,0.00113013689406,0.000805688439868,0.00133986293804,0.00106251297984,0.000703533471096,0.00122281641234,0.000403176731197,0.000337491481332,0.000391285662772,0.000258323445451,0.000179171533091,0.000123331250506,0.0000851048098411,0.0000635720934952,0.0000551151788386,0.0000425279940828,0.0000183621759788,0.00000507090635438,0.00000343399005942,0.0000168019487319,0.000693535897881],"median":[0.00687312427908,0.0210021771491,0.00283044297248,0.00146321766078,0.00292715337127,0.000941966776736,0.00057410064619,0.000382953439839,0.000720225390978,0.00057347927941,0.000280998821836,0.000649890920613,0.000273757788818,0.000213549035834,0.00024489487987,0.000171270745341,0.000111224355351,0.0000787402823335,0.0000648643472232,0.0000404551465181,0.0000340141705237,0.0000256347302638,0.0000106862180473,0.00000294657911581,0.00000139832491186,0.0000100577199191,0.000540391309187],"min":[1.08203662688e-15,5.67609959905e-16,8.76087633183e-17,8.91291676063e-17,6.25902343819e-16,3.10020411442e-15,3.19923984189e-15,1.89534442794e-15,4.11274602902e-15,8.76034423632e-15,4.19478074645e-15,5.84247243412e-15,4.80664770139e-15,2.08859139497e-15,1.53291205294e-15,6.97767064872e-15,1.27831069907e-14,1.24609363152e-14,4.47464847903e-15,1.50255276157e-14,1.4878736806e-14,1.79658940719e-14,1.11535248675e-14,1.46106068325e-14,1.77117604708e-14,2.89117213785e-14,9.01172853788e-14],"var":[0.000325993518345,0.000747508136556,0.0000443030694441,0.0000122958826978,0.000157201473485,0.0000202564988285,0.00000301082786791,0.00000334333867613,0.00000397307212552,0.00000282551150121,0.00000389691194869,0.00000390070181311,2.09597530443e-7,1.65659528761e-7,2.376026913e-7,1.00345246778e-7,4.32441780163e-8,2.31284484897e-8,8.46465564308e-9,1.33973649952e-8,8.34510149872e-9,2.83951417934e-9,5.48445067139e-10,4.1473057627e-11,3.10562374428e-11,4.48063114389e-10,4.164931795e-7]},"barkbands_crest":{"dmean":2.97461819649,"dmean2":4.80486822128,"dvar":6.13920259476,"dvar2":16.0940361023,"max":26.9170188904,"mean":12.326215744,"median":11.9472913742,"min":2.74993491173,"var":18.2210178375},"barkbands_flatness_db":{"dmean":0.0276840180159,"dmean2":0.0433262810111,"dvar":0.00065946142422,"dvar2":0.00159527326468,"max":0.979171454906,"mean":0.176673814654,"median":0.166092857718,"min":0.0326897315681,"var":0.00575826782733},"barkbands_kurtosis":{"dmean":23.7928295135,"dmean2":42.0625648499,"dvar":311926.28125,"dvar2":786733.1875,"max":42609.2773438,"mean":161.438308716,"median":12.3350830078,"min":-1.51739287376,"var":4069482.5},"barkbands_skewness":{"dmean":0.875579893589,"dmean2":1.39840269089,"dvar":4.03021383286,"dvar2":10.4618206024,"max":150.263381958,"mean":3.73118138313,"median":3.02157926559,"min":-1.17565739155,"var":36.5550575256},"barkbands_spread":{"dmean":5.24861288071,"dmean2":8.08381748199,"dvar":38.3079490662,"dvar2":83.6607208252,"max":99.673576355,"mean":17.2737522125,"median":14.3930253983,"min":0.00366847380064,"var":153.29675293},"dissonance":{"dmean":0.0185874216259,"dmean2":0.0314553566277,"dvar":0.000338891404681,"dvar2":0.000928908470087,"max":0.500000178814,"mean":0.466165691614,"median":0.473230779171,"min":0.234517022967,"var":0.000760133552831},"dynamic_complexity":3.29355168343,"erbbands":{"dmean":[0.858033776283,2.66019225121,3.92889165878,5.18624734879,7.84959220886,15.4275989532,17.4220104218,11.5225753784,9.80397224426,12.7219161987,10.7257652283,19.7180118561,19.9660587311,19.1605567932,19.6935939789,29.3009872437,10.8797063828,7.64815807343,10.7622146606,8.60064697266,6.75006914139,4.61167955399,3.56608247757,2.09677195549,1.81624221802,1.46530056,1.18456447124,0.933329105377,0.933109104633,0.448179513216,0.250851124525,0.103699192405,0.0596141330898,0.0377050191164,0.0239277537912,0.014359395951,0.016171336174,0.0293577387929,0.0160593483597,0.00465132109821],"dmean2":[1.42599844933,4.39862775803,6.40158367157,8.31548023224,12.7195072174,23.7559185028,26.5895748138,18.8293743134,15.8453884125,20.5419864655,17.4367465973,32.2130012512,33.4573554993,30.7824954987,32.2851371765,48.2281837463,18.0825099945,12.6658706665,17.8663902283,14.1253957748,11.1315431595,7.4068107605,5.70012521744,3.32284116745,2.81819748878,2.19100451469,1.72194492817,1.33495640755,1.33146262169,0.61937046051,0.356471687555,0.16048592329,0.0986585170031,0.0628882497549,0.0397691130638,0.0236188210547,0.0221995972097,0.037014555186,0.020614894107,0.00680952798575],"dvar":[2.33391332626,11.974395752,33.1057739258,58.9282646179,168.179794312,1038.84814453,1552.34802246,800.628967285,353.43963623,803.551269531,540.367980957,1120.53820801,2033.75170898,1383.24536133,3768.27490234,3065.82080078,269.613220215,148.301269531,302.634613037,215.356430054,132.609039307,48.4777870178,34.8976554871,9.21716499329,8.43458271027,16.8131999969,9.21750831604,3.53455257416,2.54207801819,0.45954528451,0.145005062222,0.0199954789132,0.00798570923507,0.0035804414656,0.00140063103754,0.000442342861788,0.000552183017135,0.00228751287796,0.00149447715376,0.0000326014123857],"dvar2":[6.39515829086,32.29945755,84.1837234497,149.913482666,396.782012939,2331.64355469,3165.74658203,1898.5657959,855.569458008,1825.19165039,1345.40722656,2787.59692383,5489.91650391,3495.66625977,9801.640625,8102.80371094,706.16003418,391.524078369,795.670410156,536.762023926,329.23324585,118.660018921,87.7852020264,22.5490322113,18.4985275269,34.1638183594,16.2852230072,6.46230077744,5.29907274246,0.848963201046,0.272341221571,0.0462234839797,0.0200901757926,0.00903531070799,0.00353365857154,0.00111055746675,0.000977201620117,0.00389336561784,0.00246955594048,0.0000694273840054],"max":[19.0487747192,38.0047302246,91.2714157104,125.083106995,255.972396851,577.871826172,810.470458984,682.230712891,511.256530762,997.821777344,933.63659668,582.665893555,1056.05554199,1037.88378906,1494.48474121,1158.11791992,485.367462158,358.469604492,419.99911499,351.742889404,276.818145752,140.386520386,184.083099365,91.6505508423,107.547424316,115.861999512,87.7749176025,57.4735565186,37.9536781311,14.0858192444,8.88089084625,2.37623882294,1.11969411373,0.762702524662,0.475682884455,0.262737572193,0.494719803333,1.03997433186,1.05824959278,0.122396729887],"mean":[1.33478462696,4.01490545273,6.09867525101,8.5158624649,12.8745746613,26.4757480621,27.6999092102,17.2878112793,16.0440711975,19.5768070221,17.6250076294,31.1649188995,31.2382240295,32.3517990112,35.4037322998,50.9199142456,22.0913028717,15.9921283722,21.168718338,17.3459129333,13.5428094864,9.99764442444,7.5614824295,4.715280056,3.98792386055,3.03731775284,2.51564884186,1.99439251423,1.76187169552,0.871883094311,0.462522625923,0.162847131491,0.0690141916275,0.0387813672423,0.0248905494809,0.0173538830131,0.0320716872811,0.0642239451408,0.0454611219466,0.0227851718664],"median":[0.985030174255,2.86562156677,3.79217791557,4.97789239883,7.32546234131,8.68600082397,7.75151634216,7.84890079498,7.76685333252,8.98472976685,9.90624046326,16.5109863281,16.261516571,17.4700202942,16.427532196,27.358669281,15.3545799255,10.6783733368,14.2531795502,11.1229200363,9.08514213562,6.24448060989,4.72414779663,3.48358106613,2.97972369194,1.89964723587,1.53866672516,1.21423101425,1.01886582375,0.518362522125,0.268888950348,0.101726293564,0.036124099046,0.0160658210516,0.0105083705857,0.0095177590847,0.0195756666362,0.0361429527402,0.0295351967216,0.019754525274],"min":[3.28524540742e-14,7.38883102923e-14,9.85050867372e-14,4.67022579463e-13,1.36228550142e-12,2.08419696432e-12,9.81211379508e-12,2.99382255098e-11,4.44601265526e-11,4.40510614097e-11,4.81957876386e-11,9.28053467408e-11,2.03538311205e-10,2.52178750104e-10,1.83307355406e-10,2.53717741261e-10,2.3569488028e-10,9.34083296822e-11,1.29370611446e-10,2.07751635339e-10,3.66106173155e-10,7.79227182779e-10,6.97321866916e-10,4.00656174904e-10,2.45627795881e-10,6.7797806258e-10,8.83523421091e-10,3.81691622753e-10,5.15268105961e-10,6.51709131105e-10,2.73251532512e-10,4.18816287207e-10,1.93274340976e-10,1.8385185041e-10,1.16950837903e-10,9.25697851706e-11,6.81753056786e-11,3.6581185997e-11,1.19679717525e-11,1.51589927676e-12],"var":[2.36383795738,16.5507507324,54.5135650635,107.471511841,350.74395752,2803.62402344,3765.70068359,1217.50036621,716.471496582,1473.62927246,877.479675293,2145.90991211,2983.99633789,2605.07958984,7505.72851562,6197.77832031,599.269470215,345.705505371,626.339294434,476.364959717,263.824035645,126.70791626,85.2816009521,26.5694541931,21.0534801483,32.8174362183,21.6251754761,8.76637840271,5.4770116806,1.16171884537,0.353877812624,0.0355375297368,0.00942347198725,0.00392862502486,0.00156261073425,0.000536168809049,0.00152539357077,0.00665309326723,0.00439244462177,0.000304631364997]},"erbbands_crest":{"dmean":2.54556393623,"dmean2":4.18614292145,"dvar":5.90703582764,"dvar2":14.916768074,"max":35.3628349304,"mean":8.22455406189,"median":7.16151046753,"min":2.15901136398,"var":16.9472732544},"erbbands_flatness_db":{"dmean":0.0185680389404,"dmean2":0.0283939912915,"dvar":0.000251504126936,"dvar2":0.000582427543122,"max":0.260246992111,"mean":0.132524013519,"median":0.128882825375,"min":0.0351584069431,"var":0.00120241427794},"erbbands_kurtosis":{"dmean":0.839479386806,"dmean2":1.33390164375,"dvar":1.77005624771,"dvar2":3.72305870056,"max":77.9383773804,"mean":0.877568602562,"median":0.167391777039,"min":-1.58122861385,"var":25.4541053772},"erbbands_skewness":{"dmean":0.300531804562,"dmean2":0.458516746759,"dvar":0.0736414417624,"dvar2":0.166267052293,"max":8.61447906494,"mean":0.24407248199,"median":0.134624898434,"min":-3.37591648102,"var":0.668703138828},"erbbands_spread":{"dmean":6.22541999817,"dmean2":9.56261348724,"dvar":29.9042434692,"dvar2":67.8444519043,"max":89.0796737671,"mean":31.2749881744,"median":29.45129776,"min":4.79744100571,"var":146.4818573},"gfcc":{"cov":[[17047.2167969,525.194458008,-1451.55273438,-251.860168457,105.13433075,-533.799316406,82.5781936646,-273.025054932,178.710769653,-145.748291016,-216.022994995,105.063499451,-54.1172332764],[525.194458008,596.733032227,60.9154510498,-194.327270508,-34.1119041443,-43.1190834045,-11.6630048752,-46.0399208069,-24.5865821838,-36.8505020142,23.8718929291,-51.4501304626,51.4174766541],[-1451.55273438,60.9154510498,380.972106934,58.6787948608,-93.0095062256,126.454421997,-56.1059951782,86.58203125,-61.0766181946,35.9301376343,28.3264884949,-18.2873458862,36.8934555054],[-251.860168457,-194.327270508,58.6787948608,229.726913452,73.3505630493,6.19116258621,50.5457878113,31.4632835388,34.6455688477,18.3388328552,-8.01389026642,35.1827850342,-28.1816768646],[105.13433075,-34.1119041443,-93.0095062256,73.3505630493,172.940231323,10.9695396423,83.9015045166,-24.9375667572,41.5698890686,-20.6525878906,-6.48246097565,9.19909000397,-20.427438736],[-533.799316406,-43.1190834045,126.454421997,6.19116258621,10.9695396423,188.639511108,9.36869716644,70.3364334106,-38.7666358948,19.3176784515,7.64347457886,-11.67415905,24.3000602722],[82.5781936646,-11.6630048752,-56.1059951782,50.5457878113,83.9015045166,9.36869716644,161.156417847,-19.2372360229,54.6259422302,-21.0530948639,-16.5298442841,24.0345554352,-28.807723999],[-273.025054932,-46.0399208069,86.58203125,31.4632835388,-24.9375667572,70.3364334106,-19.2372360229,127.447921753,-1.15093576908,37.9392318726,13.5187683105,-15.9846315384,27.6605091095],[178.710769653,-24.5865821838,-61.0766181946,34.6455688477,41.5698890686,-38.7666358948,54.6259422302,-1.15093576908,107.074523926,32.2258300781,3.49657416344,27.6093654633,-33.7868385315],[-145.748291016,-36.8505020142,35.9301376343,18.3388328552,-20.6525878906,19.3176784515,-21.0530948639,37.9392318726,32.2258300781,75.4047622681,37.7344665527,6.41163110733,4.64225912094],[-216.022994995,23.8718929291,28.3264884949,-8.01389026642,-6.48246097565,7.64347457886,-16.5298442841,13.5187683105,3.49657416344,37.7344665527,59.9696846008,18.8131065369,11.6325073242],[105.063499451,-51.4501304626,-18.2873458862,35.1827850342,9.19909000397,-11.67415905,24.0345554352,-15.9846315384,27.6093654633,6.41163110733,18.8131065369,68.8412246704,1.28670489788],[-54.1172332764,51.4174766541,36.8934555054,-28.1816768646,-20.427438736,24.3000602722,-28.807723999,27.6605091095,-33.7868385315,4.64225912094,11.6325073242,1.28670489788,75.2734680176]],"icov":[[0.000139411102282,-0.000521770678461,0.000947200285736,-0.000522198155522,0.000372079812223,-0.000272188917734,0.000212802537135,-0.000212338898564,0.000356271950295,-0.000494044099469,0.000818734173663,-0.000628427660558,0.000219796173042],[-0.000521770678461,0.00604675989598,-0.00638330727816,0.00588137516752,-0.0028637337964,0.0033748736605,-0.00207023881376,0.00189359229989,-0.00363423465751,0.00467227958143,-0.00595781998709,0.00544969830662,-0.00362157612108],[0.000947200285736,-0.00638330727816,0.0151627352461,-0.0117903994396,0.0101967668161,-0.00907926261425,0.00314143043943,-0.000448490784038,0.000992819201201,-0.000113899870485,0.0005915974034,-0.000826937903184,0.00063598935958],[-0.000522198155522,0.00588137516752,-0.0117903994396,0.0189797319472,-0.0136034972966,0.010731738992,-0.00395102147013,-0.00494261691347,0.00569656211883,-0.00792460981756,0.00732835521922,-0.00738810934126,0.00367923500016],[0.000372079812223,-0.0028637337964,0.0101967668161,-0.0136034972966,0.020415827632,-0.011146850884,-0.000155187692144,0.00590893439949,-0.010531748645,0.0129855740815,-0.0116706695408,0.010055301711,-0.00485536176711],[-0.000272188917734,0.0033748736605,-0.00907926261425,0.010731738992,-0.011146850884,0.016783028841,-0.00501640001312,-0.00693835550919,0.010664655827,-0.0103953676298,0.00751493638381,-0.00589270563796,0.00252108671702],[0.000212802537135,-0.00207023881376,0.00314143043943,-0.00395102147013,-0.000155187692144,-0.00501640001312,0.0123401721939,0.000794688938186,-0.00670815538615,0.0058476831764,0.000541086716112,-0.00199536141008,0.00113502203021],[-0.000212338898564,0.00189359229989,-0.000448490784038,-0.00494261691347,0.00590893439949,-0.00693835550919,0.000794688938186,0.0175662729889,-0.0100665623322,0.00490879220888,-0.00872994028032,0.012116568163,-0.00906343758106],[0.000356271950295,-0.00363423465751,0.000992819201201,0.00569656211883,-0.010531748645,0.010664655827,-0.00670815538615,-0.0100665623322,0.0364406518638,-0.0311364345253,0.0221113413572,-0.0207142587751,0.0144295934588],[-0.000494044099469,0.00467227958143,-0.000113899870485,-0.00792460981756,0.0129855740815,-0.0103953676298,0.0058476831764,0.00490879220888,-0.0311364345253,0.052906665951,-0.0376388467848,0.0219163503498,-0.0109404390678],[0.000818734173663,-0.00595781998709,0.0005915974034,0.00732835521922,-0.0116706695408,0.00751493638381,0.000541086716112,-0.00872994028032,0.0221113413572,-0.0376388467848,0.0520418696105,-0.028436858207,0.00962362717837],[-0.000628427660558,0.00544969830662,-0.000826937903184,-0.00738810934126,0.010055301711,-0.00589270563796,-0.00199536141008,0.012116568163,-0.0207142587751,0.0219163503498,-0.028436858207,0.0385815389454,-0.014034374617],[0.000219796173042,-0.00362157612108,0.00063598935958,0.00367923500016,-0.00485536176711,0.00252108671702,0.00113502203021,-0.00906343758106,0.0144295934588,-0.0109404390678,0.00962362717837,-0.014034374617,0.0245200823992]],"mean":[-5.19132709503,107.683280945,-74.1518249512,-0.804394841194,-7.04901504517,-8.84029483795,6.95557832718,-18.0491390228,0.489661872387,-9.25475883484,-5.69349718094,1.80483138561,-4.85414123535]},"hfc":{"dmean":67.6759643555,"dmean2":110.733787537,"dvar":6970.06738281,"dvar2":18179.7226562,"max":1176.01074219,"mean":221.066802979,"median":204.104385376,"min":3.61686369743e-9,"var":20358.3515625},"melbands":{"dmean":[0.00613462552428,0.00233732443303,0.000867055379786,0.000813512713648,0.000651597394608,0.00026166398311,0.000142801349284,0.000136191927595,0.0000959090612014,0.000124434533063,0.000100722114439,0.0000813464648672,0.000069976253144,0.0000800640191301,0.0000483084695588,0.0000184484797501,0.0000158914626809,0.0000183809024747,0.0000149083807628,0.0000103878264781,0.00000836062008602,0.00000527907013748,0.00000483822259412,0.00000268593726105,0.00000177948481905,0.0000016951081534,0.00000111505255518,0.00000104971161363,8.21206185719e-7,6.64703577513e-7,5.39951940937e-7,5.96566735567e-7,3.44214214465e-7,2.39737147467e-7,1.5901176198e-7,1.02094588783e-7,5.16918738924e-8,4.35507345742e-8,3.52308617835e-8,3.07752365813e-8],"dmean2":[0.0101327272132,0.00382356601767,0.00139566184953,0.00127059360966,0.00098025042098,0.000424509489676,0.000230842269957,0.00021876617393,0.00015718814393,0.000203554853215,0.000169293241925,0.000131279841298,0.000114395319542,0.000132396409754,0.0000803847142379,0.0000307833870465,0.000026584495572,0.000030686489481,0.0000247626139753,0.000017238979126,0.0000138825607792,0.0000086189720605,0.00000786292002886,0.00000441560678155,0.00000286290105578,0.00000270066720987,0.00000173723628905,0.00000159437183811,0.00000122253356949,0.0000010027576991,7.98342171038e-7,8.73224337283e-7,4.93750690111e-7,3.43088942145e-7,2.30840754512e-7,1.5186539315e-7,8.41943617047e-8,7.20604802495e-8,5.87938018271e-8,5.13143092462e-8],"dvar":[0.000109697692096,0.0000089534696599,0.00000146452714489,0.00000226423526328,0.0000019384733605,3.73102267304e-7,6.92571973104e-8,1.03435382925e-7,3.59838026043e-8,4.48893295868e-8,5.12967126554e-8,2.43854927362e-8,5.4625324708e-8,2.80834147048e-8,6.97949298356e-9,7.58287155289e-10,6.42929542938e-10,8.44467717975e-10,5.65779478823e-10,3.29562710455e-10,2.26071383835e-10,6.69811289766e-11,6.43491371299e-11,2.45659586423e-11,6.61731693746e-12,7.21658453481e-12,4.73627647518e-12,9.90197941003e-12,4.49667256555e-12,2.54761077685e-12,1.11497638379e-12,1.08927927442e-12,2.82289409946e-13,1.44638600684e-13,6.25846894925e-14,2.28303178906e-14,5.56742516604e-15,4.16726318709e-15,3.0416298803e-15,2.38789556908e-15],"dvar2":[0.000296547368634,0.000023261158276,0.00000368917699234,0.00000526734675077,0.00000393742220695,8.81968674094e-7,1.66079843211e-7,2.29208495739e-7,8.89946321081e-8,1.12048645917e-7,1.38184105936e-7,6.16581630197e-8,1.38288356766e-7,7.57590328249e-8,1.83913204665e-8,1.99349781127e-9,1.72085701244e-9,2.23276996891e-9,1.44499101573e-9,8.40331804142e-10,5.81910075681e-10,1.69627784041e-10,1.67362013137e-10,6.2599370132e-11,1.65964100102e-11,1.72349808036e-11,1.03599741633e-11,2.06974611061e-11,8.44268752132e-12,4.61627047352e-12,2.25455092963e-12,2.34324387151e-12,5.6496181431e-13,2.92782643832e-13,1.23167480989e-13,4.76534603607e-14,1.38018877265e-14,1.04917346376e-14,7.66456820564e-15,6.02859945395e-15],"max":[0.132193759084,0.0359945781529,0.0194200389087,0.0299755632877,0.030068513006,0.0141823459417,0.00689182057977,0.0148414596915,0.0060492628254,0.00425177393481,0.00542707229033,0.0042279092595,0.00578691344708,0.00397085072473,0.00209816498682,0.000755861576181,0.000610944000073,0.000680677767377,0.000419999385485,0.000427319173468,0.000392590241972,0.000167175312527,0.000195173808606,0.000173987456947,0.0000731414256734,0.000096571566246,0.0000721667674952,0.0000927301225602,0.0000617187542957,0.0000444666075055,0.0000341092090821,0.0000252457448369,0.00000921318314795,0.00000744522776586,0.00000569487110624,0.000003638637736,9.42055351061e-7,7.95359881067e-7,7.00604402937e-7,6.22961692898e-7],"mean":[0.0101219480857,0.00389033625834,0.00152759149205,0.00140994729009,0.00110692786984,0.000396898045437,0.00023705411877,0.000206797514693,0.000153458167915,0.000195747692487,0.000152364009409,0.000130310392706,0.000111162946268,0.000138686475111,0.0000874531760928,0.0000344027939718,0.0000294178789773,0.0000342960811395,0.0000274690191873,0.0000194193107745,0.0000150475070768,0.0000102782896647,0.00000903547697817,0.00000518399247085,0.00000360754393114,0.00000331479327542,0.00000227059831559,0.00000196119344764,0.00000162518244906,0.00000132740706249,0.00000107682694761,0.00000107982873487,6.48399748115e-7,4.27702502748e-7,2.82374230665e-7,1.75657774548e-7,6.77274414329e-8,4.95538365897e-8,3.67498707021e-8,3.11373362649e-8],"median":[0.00791384465992,0.00288220564835,0.000991072971374,0.000629916554317,0.000294681318337,0.000175297449459,0.000120315307868,0.0000932910916163,0.0000840737338876,0.000104047445348,0.0000757167072152,0.0000686567364028,0.0000455502740806,0.0000699009833625,0.0000534768842044,0.0000230705918511,0.000018302931494,0.000022574182367,0.0000171078936546,0.0000123090530906,0.00000966202424024,0.00000627725830782,0.00000526349867869,0.00000327784960064,0.00000257113083535,0.00000239920973399,0.00000156956014052,0.00000113603857699,9.74207068793e-7,7.72218186285e-7,6.42413738206e-7,6.10105473697e-7,3.8668932234e-7,2.42098906256e-7,1.6006637793e-7,1.04817630131e-7,3.9586893763e-8,2.53895109381e-8,1.6317585505e-8,1.24375789667e-8],"min":[2.77516977929e-16,6.48705939832e-17,1.04808018775e-16,1.2121067945e-16,2.84091885894e-16,6.72288197351e-16,6.80163856755e-16,4.66518906991e-16,4.13888276585e-16,5.9957873034e-16,1.05278392053e-15,1.07237060452e-15,5.87885069926e-16,5.18660719977e-16,8.33122972194e-16,3.45707232999e-16,1.49760507272e-16,2.36809897973e-16,1.1561279752e-16,4.68821248421e-16,3.94545008686e-16,8.39836714153e-16,5.97360774568e-16,6.88436456974e-16,2.81094368642e-16,1.53561276455e-16,2.39076187563e-16,5.28838403173e-16,5.84670421073e-16,3.90960868179e-16,1.62020395976e-16,2.24229632292e-16,4.45493431658e-16,3.08296672925e-16,1.13052574263e-16,2.5651262548e-16,2.47932340543e-16,1.04125058757e-16,1.82389685473e-16,1.47052198833e-16],"var":[0.000116914459795,0.0000146888023664,0.00000281027473648,0.00000495926224175,0.0000059831222643,6.02342595357e-7,1.42679056125e-7,1.86618493103e-7,6.21902316311e-8,8.60541362613e-8,7.51871596094e-8,4.37925926633e-8,9.68555298186e-8,5.89411079943e-8,1.32388162655e-8,1.54685042553e-9,1.3237131391e-9,1.69994363031e-9,1.15797249567e-9,6.4063154781e-10,3.77613301739e-10,1.4963554007e-10,1.24279295188e-10,5.03369082527e-11,1.6575752923e-11,1.45123366449e-11,1.04836399978e-11,1.75507785388e-11,9.66978580541e-12,5.77456962456e-12,2.48232944616e-12,2.20472143146e-12,6.48742995088e-13,3.11322799137e-13,1.40716065644e-13,4.90449525339e-14,7.30954027503e-15,4.97091237733e-15,3.36543363537e-15,2.6182349559e-15]},"melbands_crest":{"dmean":4.31044435501,"dmean2":6.97758388519,"dvar":14.831659317,"dvar2":38.4411392212,"max":39.9999809265,"mean":20.7299079895,"median":20.1400947571,"min":2.68832731247,"var":50.4952278137},"melbands_flatness_db":{"dmean":0.0333067290485,"dmean2":0.0523769333959,"dvar":0.000860472267959,"dvar2":0.00214331317693,"max":0.971715211868,"mean":0.300186097622,"median":0.291885018349,"min":0.0166107024997,"var":0.00592542206869},"melbands_kurtosis":{"dmean":1012.96850586,"dmean2":1659.45812988,"dvar":532399008,"dvar2":1009956544,"max":1853908.125,"mean":7992.45361328,"median":14.1498937607,"min":-1.43188357353,"var":12820899840},"melbands_skewness":{"dmean":1.48799741268,"dmean2":2.36888885498,"dvar":233.118225098,"dvar2":379.867034912,"max":1297.44177246,"mean":9.68173122406,"median":3.29676413536,"min":-0.466781646013,"var":7253.51025391},"melbands_spread":{"dmean":3.53877139091,"dmean2":5.66515779495,"dvar":16.5501155853,"dvar2":40.4483985901,"max":108.212295532,"mean":10.1947917938,"median":8.40395545959,"min":0.000473157211673,"var":52.7155532837},"mfcc":{"cov":[[9698.9375,1006.94714355,-1202.6348877,528.076965332,-173.588668823,205.311004639,-329.19354248,141.062438965,46.9380989075,22.3325824738,-81.5609436035,-32.4901199341,-1.18717694283],[1006.94714355,981.449890137,-2.38830041885,-64.2193374634,-48.6477203369,-1.64672827721,-0.71562820673,-38.7163085938,-20.6301708221,-28.1556224823,-44.1646194458,-33.8797988892,-14.5988044739],[-1202.6348877,-2.38830041885,506.936218262,-119.636047363,45.5146942139,-76.8656158447,82.141204834,-51.8952903748,-0.39403834939,-12.5716428757,3.92236924171,-4.91518497467,-0.323528081179],[528.076965332,-64.2193374634,-119.636047363,263.622619629,-15.0173988342,53.9338989258,-49.4601898193,58.5270729065,-2.99218010902,30.5347270966,6.49832630157,12.5349273682,0.839451670647],[-173.588668823,-48.6477203369,45.5146942139,-15.0173988342,112.332023621,-8.50942897797,37.7398262024,-14.0270824432,11.4732179642,-9.26211643219,17.4334545135,3.55702018738,7.7284245491],[205.311004639,-1.64672827721,-76.8656158447,53.9338989258,-8.50942897797,139.710220337,14.6743497849,61.3479232788,5.91788387299,14.1007347107,-1.94514513016,6.90615606308,4.98331689835],[-329.19354248,-0.71562820673,82.141204834,-49.4601898193,37.7398262024,14.6743497849,123.886131287,18.2206325531,27.3450317383,-3.1258187294,-14.2197027206,-3.11357545853,1.47601664066],[141.062438965,-38.7163085938,-51.8952903748,58.5270729065,-14.0270824432,61.3479232788,18.2206325531,103.204826355,28.318567276,13.8181447983,4.64882421494,-0.477766603231,0.515943527222],[46.9380989075,-20.6301708221,-0.39403834939,-2.99218010902,11.4732179642,5.91788387299,27.3450317383,28.318567276,69.0440979004,29.7171821594,-1.24332380295,3.96358966827,2.4142267704],[22.3325824738,-28.1556224823,-12.5716428757,30.5347270966,-9.26211643219,14.1007347107,-3.1258187294,13.8181447983,29.7171821594,61.6555480957,21.1090583801,15.59653759,3.26376438141],[-81.5609436035,-44.1646194458,3.92236924171,6.49832630157,17.4334545135,-1.94514513016,-14.2197027206,4.64882421494,-1.24332380295,21.1090583801,72.9888458252,28.6453056335,12.6286039352],[-32.4901199341,-33.8797988892,-4.91518497467,12.5349273682,3.55702018738,6.90615606308,-3.11357545853,-0.477766603231,3.96358966827,15.59653759,28.6453056335,57.2421340942,27.7438430786],[-1.18717694283,-14.5988044739,-0.323528081179,0.839451670647,7.7284245491,4.98331689835,1.47601664066,0.515943527222,2.4142267704,3.26376438141,12.6286039352,27.7438430786,46.1236724854]],"icov":[[0.000197151428438,-0.000215956024476,0.000360826554243,-0.000265921087703,-0.00000860114050738,-0.0000435228721472,0.000289908697596,0.0000419705393142,-0.000427894847235,0.000216254324187,0.0000631258881185,0.00009612661961,-0.000127521620016],[-0.000215956024476,0.00134847371373,-0.000355129595846,0.000452977808891,0.000585806381423,-0.000236970619881,-0.000443071126938,0.000544542679563,0.000391351932194,0.000066646563937,0.000110452543595,0.000391140783904,0.0000553339341423],[0.000360826554243,-0.000355129595846,0.00332425860688,0.0000683663165546,-0.00027265585959,0.00114425306674,-0.00136925594416,0.000573268742301,-0.000042195111746,-0.000116109251394,-0.00027175663854,0.000370722584194,-0.000259741849732],[-0.000265921087703,0.000452977808891,0.0000683663165546,0.00625041965395,-0.00171498639975,-0.000206345168408,0.00221195095219,-0.00401303451508,0.00351911294274,-0.00406497623771,0.00226607872173,-0.00168776884675,0.000805214513093],[-0.00000860114050738,0.000585806381423,-0.00027265585959,-0.00171498639975,0.0131594641134,-0.000989808933809,-0.00455004535615,0.00514934957027,-0.00507230032235,0.00595843745396,-0.00638384511694,0.00255806441419,-0.00174248183612],[-0.0000435228721472,-0.000236970619881,0.00114425306674,-0.000206345168408,-0.000989808933809,0.0112838875502,-0.0018186471425,-0.0066646784544,0.00423575472087,-0.00342523120344,0.00218175118789,-0.00165275728796,-0.000567428185605],[0.000289908697596,-0.000443071126938,-0.00136925594416,0.00221195095219,-0.00455004535615,-0.0018186471425,0.013953588903,-0.00386426760815,-0.00309898564592,-0.0000177731453732,0.00447853514925,-0.00163475703448,0.000293517223326],[0.0000419705393142,0.000544542679563,0.000573268742301,-0.00401303451508,0.00514934957027,-0.0066646784544,-0.00386426760815,0.0199549980462,-0.00976436864585,0.00572199001908,-0.00608439277858,0.00425365986302,-0.000778335321229],[-0.000427894847235,0.000391351932194,-0.000042195111746,0.00351911294274,-0.00507230032235,0.00423575472087,-0.00309898564592,-0.00976436864585,0.0281078219414,-0.0165060851723,0.00686710979789,-0.00193818518892,-0.000368437235011],[0.000216254324187,0.000066646563937,-0.000116109251394,-0.00406497623771,0.00595843745396,-0.00342523120344,-0.0000177731453732,0.00572199001908,-0.0165060851723,0.0302857365459,-0.00981992576271,-0.00205930555239,0.00205636466853],[0.0000631258881185,0.000110452543595,-0.00027175663854,0.00226607872173,-0.00638384511694,0.00218175118789,0.00447853514925,-0.00608439277858,0.00686710979789,-0.00981992576271,0.0231887158006,-0.00980437453836,0.0006359386025],[0.00009612661961,0.000391140783904,0.000370722584194,-0.00168776884675,0.00255806441419,-0.00165275728796,-0.00163475703448,0.00425365986302,-0.00193818518892,-0.00205930555239,-0.00980437453836,0.0315704196692,-0.0161440577358],[-0.000127521620016,0.0000553339341423,-0.000259741849732,0.000805214513093,-0.00174248183612,-0.000567428185605,0.000293517223326,-0.000778335321229,-0.000368437235011,0.00205636466853,0.0006359386025,-0.0161440577358,0.0314416475594]],"mean":[-671.004760742,171.164108276,-4.96191978455,30.4418735504,2.08109402657,24.9143276215,4.24442434311,13.4728965759,3.89485764503,3.04051065445,0.76660656929,1.49765610695,2.90745162964]},"pitch_salience":{"dmean":0.0826963856816,"dmean2":0.13341537118,"dvar":0.00509321363643,"dvar2":0.0130543131381,"max":0.90716958046,"mean":0.486813217402,"median":0.503023505211,"min":0.000113258487545,"var":0.016208704561},"silence_rate_20dB":{"dmean":0,"dmean2":0,"dvar":0,"dvar2":0,"max":1,"mean":1,"median":1,"min":1,"var":0},"silence_rate_30dB":{"dmean":0.141123399138,"dmean2":0.282277107239,"dvar":0.121202357113,"dvar2":0.247277602553,"max":1,"mean":0.80852663517,"median":1,"min":0,"var":0.154803305864},"silence_rate_60dB":{"dmean":0.00322199543007,"dmean2":0.00644468329847,"dvar":0.00321080256253,"dvar2":0.00704794470221,"max":1,"mean":0.0602448470891,"median":0,"min":0,"var":0.0566175207496},"spectral_centroid":{"dmean":158.283111572,"dmean2":233.32421875,"dvar":31920.5507812,"dvar2":57542.7578125,"max":3873.64306641,"mean":832.632202148,"median":729.766113281,"min":167.228134155,"var":215096.171875},"spectral_complexity":{"dmean":2.76103544235,"dmean2":4.39828157425,"dvar":6.31305503845,"dvar2":14.1660108566,"max":48,"mean":18.8205547333,"median":20,"min":0,"var":68.9311294556},"spectral_contrast_coeffs":{"dmean":[0.0525994338095,0.0480295531452,0.0374793149531,0.0267125647515,0.0201720669866,0.0425055734813],"dmean2":[0.0855510905385,0.0796860978007,0.0631181821227,0.0449993945658,0.0333243235946,0.0657719224691],"dvar":[0.00174005236477,0.00137595820706,0.000892742187716,0.000431486609159,0.000270505843218,0.00130346720107],"dvar2":[0.00463658804074,0.00384794711135,0.00249130348675,0.0012207350228,0.000713824876584,0.00317267957143],"max":[-0.368302822113,-0.471835106611,-0.570159971714,-0.66521281004,-0.690757930279,-0.501910567284],"mean":[-0.697860479355,-0.776821911335,-0.797961652279,-0.819443285465,-0.827643275261,-0.743529200554],"median":[-0.705259919167,-0.781615614891,-0.80148267746,-0.818941235542,-0.822829127312,-0.74676412344],"min":[-0.982705950737,-0.974740743637,-0.975024521351,-0.992793381214,-0.978559970856,-0.932711958885],"var":[0.00660424400121,0.0037393681705,0.00242954050191,0.00115747307427,0.00127183157019,0.00516640208662]},"spectral_contrast_valleys":{"dmean":[0.349281400442,0.355834573507,0.282968461514,0.248958691955,0.255108058453,0.630115568638],"dmean2":[0.581234395504,0.58711373806,0.465261429548,0.398333907127,0.379748404026,0.999715924263],"dvar":[0.0844519436359,0.0838617011905,0.0525747872889,0.0498096421361,0.0698124617338,0.259645879269],"dvar2":[0.219108983874,0.21917667985,0.134566709399,0.116049863398,0.159753724933,0.708255887032],"max":[-4.90146064758,-4.61012506485,-5.08642816544,-5.75359106064,-6.11301708221,-8.92304420471],"mean":[-6.40315485001,-6.57002067566,-6.87293291092,-7.47042274475,-7.89312171936,-11.1439247131],"median":[-6.10387611389,-6.28258609772,-6.57084655762,-7.11301422119,-7.55416870117,-10.9778432846],"min":[-20.2575702667,-18.8378772736,-18.7221393585,-19.1644973755,-18.3700790405,-20.439125061],"var":[1.9511898756,1.86402332783,1.82719516754,1.91230511665,1.72132825851,1.41710042953]},"spectral_decrease":{"dmean":6.64895782876e-9,"dmean2":1.07767572644e-8,"dvar":1.03336471083e-16,"dvar2":2.70852813868e-16,"max":2.49282039455e-9,"mean":-1.41730227554e-8,"median":-1.23904317917e-8,"min":-1.19515647157e-7,"var":1.36662664755e-16},"spectral_energy":{"dmean":0.0260668843985,"dmean2":0.0417356751859,"dvar":0.00153401587158,"dvar2":0.00393605884165,"max":0.474798768759,"mean":0.073543779552,"median":0.0686439722776,"min":3.28060603856e-13,"var":0.0024273514282},"spectral_energyband_high":{"dmean":0.000184106451343,"dmean2":0.000240814493736,"dvar":8.70186411817e-8,"dvar2":1.37433772807e-7,"max":0.0067701744847,"mean":0.000596476485953,"median":0.000434128014604,"min":2.02463439351e-13,"var":3.81126682214e-7},"spectral_energyband_low":{"dmean":0.0222756396979,"dmean2":0.0367132090032,"dvar":0.00127426127438,"dvar2":0.00339252781123,"max":0.442601889372,"mean":0.0427328199148,"median":0.0362089276314,"min":1.25467888219e-15,"var":0.00152150029317},"spectral_energyband_middle_high":{"dmean":0.00148849433754,"dmean2":0.00234180944972,"dvar":0.00000626532391834,"dvar2":0.0000154512490553,"max":0.0516219548881,"mean":0.00461222836748,"median":0.00339882494882,"min":6.72477956025e-14,"var":0.0000234797225858},"spectral_energyband_middle_low":{"dmean":0.00602876814082,"dmean2":0.00911197625101,"dvar":0.0000749669052311,"dvar2":0.000168113576365,"max":0.14541785419,"mean":0.015865450725,"median":0.0107911899686,"min":1.51381525045e-14,"var":0.000274452002486},"spectral_entropy":{"dmean":0.170641601086,"dmean2":0.254177153111,"dvar":0.0271013043821,"dvar2":0.0619051009417,"max":8.87304115295,"mean":7.42181396484,"median":7.47574138641,"min":5.52970790863,"var":0.159137785435},"spectral_flux":{"dmean":0.0346398428082,"dmean2":0.056406442076,"dvar":0.00192053127103,"dvar2":0.00433020154014,"max":0.550691962242,"mean":0.132084786892,"median":0.124870412052,"min":0.00000202064120458,"var":0.00486797327176},"spectral_kurtosis":{"dmean":4.28273868561,"dmean2":6.64724397659,"dvar":23.979259491,"dvar2":62.0850982666,"max":95.5991821289,"mean":18.9007091522,"median":17.9074897766,"min":0.951070785522,"var":62.6999359131},"spectral_rms":{"dmean":0.00134749652352,"dmean2":0.00211026193574,"dvar":0.0000025633326004,"dvar2":0.00000631215198155,"max":0.0215225070715,"mean":0.00790870562196,"median":0.00818350352347,"min":1.78901959913e-8,"var":0.00000920248112379},"spectral_rolloff":{"dmean":5464.75292969,"dmean2":10561.2265625,"dvar":71138112,"dvar2":168807264,"max":22050,"mean":10127.7441406,"median":2196.38671875,"min":21.533203125,"var":103757408},"spectral_skewness":{"dmean":0.336305588484,"dmean2":0.506650090218,"dvar":0.128867030144,"dvar2":0.317913770676,"max":7.8458647728,"mean":3.07792401314,"median":3.01672267914,"min":1.03645241261,"var":0.499253571033},"spectral_spread":{"dmean":475893.09375,"dmean2":738833.4375,"dvar":178519359488,"dvar2":437180628992,"max":11668049,"mean":4152732.5,"median":4060597,"min":1744835.875,"var":829300801536},"spectral_strongpeak":{"dmean":1.8498057127,"dmean2":3.53023719788,"dvar":108.282279968,"dvar2":320.244262695,"max":163.233963013,"mean":1.42390573025,"median":0.255883395672,"min":0,"var":66.0798797607},"zerocrossingrate":{"dmean":0.0391004681587,"dmean2":0.0531968511641,"dvar":0.00108092604205,"dvar2":0.00193446560297,"max":0.701171875,"mean":0.23732675612,"median":0.2314453125,"min":0,"var":0.00762269739062}},"metadata":{"audio_properties":{"analysis_sample_rate":44100,"bit_rate":192000,"codec":"mp3","downmix":"mix","equal_loudness":0,"length":216.190460205,"lossless":false,"md5_encoded":"1906789bdbf31f50d0405275f9a7aa65","replay_gain":-9.62054443359,"sample_rate":44100},"tags":{"album":["Riot Act"],"album artist credit":["Pearl Jam"],"albumartist":["Pearl Jam"],"albumartistsort":["Pearl Jam"],"artist":["Pearl Jam"],"artist credit":["Pearl Jam"],"artistsort":["Pearl Jam"],"bpm":["0"],"catalognumber":["EICP 161"],"date":["2002"],"discnumber":["1/1"],"file_name":"06 - Pearl Jam - I Am Mine.mp3","genre":["Rock - Alternative Metal / Punk"],"label":["Epic Records International"],"language":["eng"],"media":["CD"],"musicbrainz album release country":["JP"],"musicbrainz album status":["Promotion"],"musicbrainz album type":["album"],"musicbrainz_albumartistid":["83b9cbe7-9857-49e2-ab8e-b57b01038103"],"musicbrainz_albumid":["15b30100-3f4d-45fe-ace4-c53ec0b03621"],"musicbrainz_artistid":["83b9cbe7-9857-49e2-ab8e-b57b01038103"],"musicbrainz_recordingid":["0563dc08-d67f-45a1-a25c-c0085cfec5dc"],"musicbrainz_releasegroupid":["42bb668a-c33b-381a-a492-1b38ac7611e8"],"originaldate":["2002-11-12"],"replaygain_album_gain":["0.00 dB"],"replaygain_album_peak":["0.000000"],"replaygain_track_gain":["0.00 dB"],"replaygain_track_peak":["0.000000"],"script":["Latn"],"title":["I Am Mine"],"tracknumber":["6/15"]},"version":{"essentia":"2.1-beta1","essentia_build_sha":"5a811adb4c06fd6d02ca903f7349a26d851abfa8","essentia_git_sha":"v2.1_beta1-34-gf95df8b","extractor":"music 1.0"}},"rhythm":{"beats_count":422,"beats_loudness":{"dmean":0.0363630950451,"dmean2":0.0647417753935,"dvar":0.00107176450547,"dvar2":0.00331779569387,"max":0.254196494818,"mean":0.0857036560774,"median":0.085827358067,"min":1.24808297031e-8,"var":0.00187197944615},"beats_loudness_band_ratio":{"dmean":[0.16077491641,0.108456343412,0.0445750243962,0.0267675407231,0.0112872635946,0.0767649188638],"dmean2":[0.26772376895,0.192496195436,0.0787405446172,0.045438144356,0.020