{"lowlevel":{"average_loudness":0.736663043499,"barkbands":{"dmean":[0.0000225421117648,0.00228469725698,0.00191740435548,0.00173548236489,0.00144415185787,0.000933700881433,0.000360329286195,0.000577650615014,0.000389778724639,0.000299620209262,0.000152174427058,0.000486222357722,0.000301967898849,0.000161212141393,0.000591765041463,0.000244652299443,0.000270930904662,0.000204425596166,0.0000883837565198,0.0000899100632523,0.0000564740330447,0.0000535734798177,0.0000588623770454,0.0000422233788413,0.0000122651663332,0.00000165227947946,7.78497124543e-8],"dmean2":[0.0000342354724125,0.00367901334539,0.00319111905992,0.00290681305341,0.00236200797372,0.0014880533563,0.000586483336519,0.000826212170068,0.000601517036557,0.000476693239762,0.000253753649304,0.000781179289334,0.00047350791283,0.000250839948421,0.000926903740037,0.000389835709939,0.000417922448833,0.000319855927955,0.000136945804115,0.000138519972097,0.0000815443709143,0.0000771331251599,0.0000872645396157,0.0000581061576668,0.0000167712150869,0.00000233765331359,1.14955057029e-7],"dvar":[2.87033130597e-9,0.0000266355309577,0.0000319996797771,0.0000325304281432,0.0000135241725729,0.00000515128840561,7.65524134749e-7,0.00000166431243542,7.99186693712e-7,4.03878573252e-7,2.49401523433e-7,8.82067070052e-7,3.92074014144e-7,3.43445691442e-7,0.00000659443594486,4.61203654822e-7,5.54434507194e-7,2.75831041563e-7,4.05044247032e-8,5.0234852722e-8,3.06045677689e-8,2.45456881487e-8,3.34307479477e-8,1.77923489275e-8,1.26143040458e-9,3.50866002918e-11,1.39120214914e-13],"dvar2":[6.94442414684e-9,0.0000661140438751,0.0000871388183441,0.000085170759121,0.0000352469323843,0.0000136380831464,0.00000202656906367,0.00000357498038284,0.00000205280684895,0.00000106920651888,7.33872127512e-7,0.00000238361167249,9.95470031739e-7,8.26573227641e-7,0.0000145436606545,0.00000117825607049,0.00000128470833261,6.6542594368e-7,1.00165607364e-7,1.27614711687e-7,6.5163831664e-8,5.17306872894e-8,7.74875488219e-8,3.5743919824e-8,2.55779020186e-9,7.43994865715e-11,3.11546686886e-13],"max":[0.00125723471865,0.0802371054888,0.098241508007,0.0724674984813,0.066448777914,0.0386906899512,0.0133399292827,0.0387475341558,0.0224187392741,0.0118562281132,0.0122479014099,0.017796639353,0.0186417456716,0.0443115085363,0.0711851045489,0.0246366262436,0.0244614798576,0.0145011115819,0.00550002232194,0.00641625933349,0.00422359071672,0.00316818943247,0.00336875207722,0.00278354622424,0.000696172122844,0.000116258044727,0.0000080642348621],"mean":[0.0000348308676621,0.00579804368317,0.00360658206046,0.00184087525122,0.00203495193273,0.0015721116215,0.000610770599451,0.00114810245577,0.00076629727846,0.000547296658624,0.000255725026364,0.000928969064262,0.000578244565986,0.000299578852719,0.000928953522816,0.000474695989396,0.000551341974642,0.000452889216831,0.000203671486815,0.000209285819437,0.000111864545033,0.000111554560135,0.0000939638412092,0.0000772238126956,0.0000199827354663,0.00000222871994993,1.07296585838e-7],"median":[0.00000509454685016,0.000675362825859,0.000434087647591,0.000193888583453,0.000727108912542,0.000748538644984,0.000303849636111,0.000516381813213,0.000343678810168,0.000214551473618,0.0000632323208265,0.000358201446943,0.000197828398086,0.000120248434541,0.000163809178048,0.0000934827985475,0.000103209371446,0.0000763957796153,0.000043955828005,0.0000255746090261,0.0000148478320625,0.0000143901652336,0.0000087787539087,0.00000533892125532,0.00000106978188796,1.18838769936e-7,2.26714416129e-8],"min":[1.10878068432e-24,4.9582806957e-24,3.08536516237e-24,1.32998152227e-24,1.26861502666e-23,9.41328391108e-24,6.53441176812e-24,7.37348524768e-24,1.61854220684e-23,1.62962033831e-23,1.72718381517e-23,2.09839414703e-23,4.09072657644e-23,4.45346406887e-23,5.350351902e-23,8.49685867546e-23,5.97620006541e-23,1.08319475394e-22,1.34877317117e-22,2.13873090859e-22,2.33796132741e-22,3.3744856818e-22,3.9959962462e-22,6.1405235785e-22,8.44525556022e-22,1.37163579908e-21,1.83510382402e-21],"var":[6.41746611407e-9,0.000099294607935,0.0000493671868753,0.0000285422338493,0.0000151365265992,0.00000700519831298,0.00000107360824586,0.00000456520501757,0.00000184606835774,8.53921108046e-7,4.71527357604e-7,0.00000214757983485,0.00000104114008082,6.17172702277e-7,0.00000939475376072,0.00000130368187001,0.00000171819976913,0.00000106548088752,1.48939946598e-7,1.84593730523e-7,6.5188288545e-8,6.1866678891e-8,6.6905549545e-8,5.64252395918e-8,3.15337223e-9,5.20457878184e-11,1.61499801163e-13]},"barkbands_crest":{"dmean":2.11583209038,"dmean2":3.31194448471,"dvar":4.6252579689,"dvar2":10.8290643692,"max":25.436006546,"mean":10.6201286316,"median":9.58274745941,"min":2.47018814087,"var":21.2191848755},"barkbands_flatness_db":{"dmean":0.0184377618134,"dmean2":0.0268286969513,"dvar":0.000391682289774,"dvar2":0.000854728627019,"max":0.37394875288,"mean":0.167847186327,"median":0.164135485888,"min":0.0333943627775,"var":0.00303096580319},"barkbands_kurtosis":{"dmean":2.11106109619,"dmean2":3.27198457718,"dvar":20.0223350525,"dvar2":50.3712387085,"max":140.956130981,"mean":3.35560536385,"median":1.19854593277,"min":-1.83383524418,"var":44.0774078369},"barkbands_skewness":{"dmean":0.448690921068,"dmean2":0.669935524464,"dvar":0.285557359457,"dvar2":0.640990197659,"max":10.3897314072,"mean":1.30154967308,"median":1.16294193268,"min":-4.77333450317,"var":1.44493699074},"barkbands_spread":{"dmean":3.82810878754,"dmean2":5.82084083557,"dvar":24.9745159149,"dvar2":56.9281349182,"max":96.3636627197,"mean":18.5258636475,"median":15.4284095764,"min":0.93146687746,"var":162.409454346},"dissonance":{"dmean":0.0199386607856,"dmean2":0.0336899720132,"dvar":0.00040882153553,"dvar2":0.00111711432692,"max":0.5,"mean":0.458317637444,"median":0.46720173955,"min":0.222526043653,"var":0.00108837685548},"dynamic_complexity":5.03594303131,"erbbands":{"dmean":[0.0452874451876,0.597544431686,1.9125020504,4.20251560211,5.3790640831,4.16198205948,8.81336688995,6.50133705139,5.58522176743,4.79922389984,14.8453197479,7.63780546188,7.85465431213,10.1048898697,8.26686859131,21.4524307251,10.533621788,11.8336381912,29.7637481689,13.783659935,14.0093488693,11.5569152832,11.831703186,5.1991724968,5.03316307068,3.88171434402,2.50468683243,2.12771987915,1.97836637497,2.11019158363,1.47439205647,1.03387176991,0.622062206268,0.211597934365,0.0541754513979,0.0131168477237,0.00190995773301,0.000200101640075,0.0000176777775778,0.00000803329385235],"dmean2":[0.0727683529258,0.9607462883,3.1766602993,6.938808918,8.65999794006,6.91296720505,13.3839130402,10.8400888443,9.24963665009,7.6087346077,20.8947658539,11.7180576324,12.4778461456,16.0194988251,13.5718593597,34.4437065125,16.5773983002,18.1526470184,47.0098457336,21.0781517029,22.2377853394,17.5167331696,18.0393352509,8.03623771667,7.84741687775,5.87264060974,3.69005084038,3.0728635788,2.85999679565,3.2216527462,2.1491112709,1.45429217815,0.868019342422,0.292101323605,0.0733935981989,0.0184377562255,0.00259193289094,0.000277470418951,0.0000252017416642,0.0000116912269732],"dvar":[0.00949150417,1.91846966743,30.5886974335,170.056411743,253.191040039,133.306015015,386.644470215,363.922180176,218.739425659,119.153869629,1171.2779541,291.029205322,266.51852417,513.421264648,450.856903076,1794.49389648,472.429504395,1210.17028809,20153.890625,1571.02746582,1424.33044434,832.789794922,875.562072754,118.949806213,178.919342041,86.1898422241,52.9763450623,47.9207992554,33.5022773743,42.5221176147,20.8837471008,11.2689599991,3.65262651443,0.38363084197,0.0253052897751,0.00204849313013,0.0000506343531015,6.96670213074e-7,5.20011855798e-9,2.35604286081e-10],"dvar2":[0.0240641720593,4.81960058212,82.9798278809,451.561462402,599.169799805,362.813323975,934.925048828,1009.60681152,596.05657959,295.671630859,2489.07519531,717.733825684,711.836975098,1368.52429199,1285.49401855,4862.46582031,1226.06054688,3119.21435547,44686.0078125,3395.96728516,3708.67993164,1828.31384277,1960.37902832,285.058441162,466.76159668,198.386459351,120.218826294,100.597564697,72.1813735962,101.892044067,46.0735321045,23.6620731354,7.4002404213,0.789960741997,0.0521851442754,0.00444679474458,0.0000976640294539,0.00000142280600812,1.14234524062e-8,5.08149466949e-10],"max":[1.61873912811,20.0379924774,88.5316162109,183.570861816,277.248321533,268.499145508,415.775665283,343.457000732,219.239852905,239.253204346,1018.23956299,573.641357422,305.625091553,498.839263916,807.580932617,855.003295898,628.391418457,2507.8605957,4023.84814453,1034.1517334,1013.96899414,936.083862305,811.316833496,288.11932373,331.670288086,283.105194092,185.714187622,142.240264893,129.733306885,111.590171814,95.8751831055,66.8669586182,49.2366027832,13.5756921768,3.99930119514,0.894704818726,0.145286276937,0.0202533472329,0.00159190187696,0.000194403488422],"mean":[0.110508136451,1.52418661118,3.982640028,5.77122831345,5.95738267899,5.64663219452,14.9937477112,10.1051626205,9.78672790527,8.75849056244,30.2447452545,16.6426258087,16.6320762634,18.4431381226,17.8097553253,41.1349143982,22.8080406189,23.7882194519,45.3304977417,27.9757881165,29.3196182251,27.0708751678,28.3580741882,13.4637155533,11.6865329742,9.65851211548,5.19608306885,4.20080852509,4.07905387878,3.56316494942,2.43322253227,1.82576918602,1.11192214489,0.360478579998,0.0853325501084,0.0184085853398,0.00262682023458,0.000272656761808,0.0000339956532116,0.0000290302032226],"median":[0.0117758084089,0.216186568141,0.769343495369,0.978183507919,1.02299594879,2.08752965927,5.57821750641,5.16971158981,5.51462745667,4.6507024765,13.3978977203,8.8443031311,8.20456790924,7.29958343506,7.7757358551,14.5726575851,7.5195608139,10.9299049377,8.0557308197,6.76854991913,5.93821239471,5.3748831749,4.80624485016,3.13220834732,1.98660552502,1.2857863903,0.711579203606,0.526392936707,0.529011249542,0.406814754009,0.223705530167,0.115030199289,0.0757122263312,0.0203821398318,0.00478489603847,0.00100064068101,0.000148256207467,0.0000265622475126,0.000015152791093,0.0000231688354688],"min":[1.28331614382e-22,8.996972508e-22,3.55114251134e-21,5.76050598066e-21,9.27186506273e-21,4.42103092744e-20,5.04112138065e-20,8.64003591497e-20,1.48563912761e-19,2.20302469704e-19,2.45363121283e-19,2.79930818136e-19,4.22963942827e-19,8.0827638193e-19,9.79639305228e-19,1.24664503855e-18,2.2156555899e-18,3.06614160262e-18,2.10669646448e-18,3.25121106376e-18,4.55340841488e-18,5.05020771411e-18,5.76910128549e-18,7.56582070761e-18,7.54175223332e-18,1.10955335574e-17,1.17483188543e-17,1.15644448759e-17,1.16460321813e-17,1.32731253975e-17,1.22483139658e-17,1.19898448398e-17,1.13987299935e-17,7.83907734142e-18,5.54821262907e-18,4.47706874333e-18,2.40754391442e-18,9.95578145054e-19,2.32674248234e-19,2.67200162773e-20],"var":[0.0347714349627,6.64245939255,47.6290016174,171.321975708,273.186462402,128.328659058,761.792358398,371.123443604,255.508865356,224.644287109,3277.36010742,755.364746094,682.893798828,999.377563477,1044.52783203,4354.65039062,1499.98205566,2825.61645508,27288.0019531,4340.01513672,4548.98925781,3592.91772461,3997.70556641,549.715881348,624.014038086,378.973114014,130.410247803,96.6470947266,79.0509414673,83.6457824707,44.1709442139,32.0574111938,11.5697422028,1.11814785004,0.0549634695053,0.0031341991853,0.0000809513949207,9.86343252407e-7,6.93105484117e-9,7.79047937272e-10]},"erbbands_crest":{"dmean":2.38078045845,"dmean2":3.7407977581,"dvar":6.1468167305,"dvar2":14.410823822,"max":31.6866855621,"mean":9.50350189209,"median":8.63013935089,"min":2.01693177223,"var":18.2296352386},"erbbands_flatness_db":{"dmean":0.0161549635231,"dmean2":0.0216723121703,"dvar":0.000299073697533,"dvar2":0.0005254909629,"max":0.38564902544,"mean":0.202950149775,"median":0.205227017403,"min":0.0310633126646,"var":0.00289922649972},"erbbands_kurtosis":{"dmean":0.891970157623,"dmean2":1.37378668785,"dvar":3.22713208199,"dvar2":7.6637802124,"max":47.5347442627,"mean":0.737706899643,"median":0.13873898983,"min":-1.7657033205,"var":6.24260044098},"erbbands_skewness":{"dmean":0.302042067051,"dmean2":0.454870194197,"dvar":0.0936894789338,"dvar2":0.225423038006,"max":3.25484156609,"mean":0.123864322901,"median":0.123093158007,"min":-3.76818943024,"var":0.599349081516},"erbbands_spread":{"dmean":5.90696287155,"dmean2":8.41082572937,"dvar":54.1012992859,"dvar2":103.98387146,"max":121.557128906,"mean":28.657617569,"median":24.8033485413,"min":1.34532439709,"var":262.292877197},"gfcc":{"cov":[[23872.2734375,118.086990356,-1737.92749023,3395.42431641,-488.965881348,1513.69360352,-97.7644424438,403.715026855,-87.6514358521,-302.969390869,50.0508422852,-264.134674072,199.285675049],[118.086990356,1551.96032715,-22.7406330109,-505.389160156,327.889984131,-290.409790039,146.968734741,-122.885162354,37.7779006958,-142.989379883,47.5546722412,-114.442634583,-58.1656532288],[-1737.92749023,-22.7406330109,1057.81567383,22.5600204468,87.9474182129,225.974349976,71.9520645142,70.0923690796,-11.6797037125,68.1073608398,-37.5153007507,-3.57715463638,-65.9302215576],[3395.42431641,-505.389160156,22.5600204468,1140.30419922,22.4910316467,442.283447266,83.3728866577,153.217163086,42.6890792847,-27.2190933228,14.7050437927,-28.3081092834,60.3110160828],[-488.965881348,327.889984131,87.9474182129,22.4910316467,419.635040283,36.6563339233,120.506690979,48.1245880127,30.2829589844,-21.2506160736,23.0223236084,-31.6639060974,3.98934602737],[1513.69360352,-290.409790039,225.974349976,442.283447266,36.6563339233,529.99987793,81.0297164917,119.528770447,8.38139915466,33.993221283,25.7431793213,-16.4007587433,19.6998519897],[-97.7644424438,146.968734741,71.9520645142,83.3728866577,120.506690979,81.0297164917,196.202484131,47.3907814026,31.2896900177,2.67994761467,45.6517677307,-9.41961479187,-6.48083114624],[403.715026855,-122.885162354,70.0923690796,153.217163086,48.1245880127,119.528770447,47.3907814026,151.516098022,32.3125076294,31.0961685181,19.5762329102,11.4747648239,16.8726978302],[-87.6514358521,37.7779006958,-11.6797037125,42.6890792847,30.2829589844,8.38139915466,31.2896900177,32.3125076294,119.136268616,25.0198612213,8.27975654602,10.2457351685,19.2109889984],[-302.969390869,-142.989379883,68.1073608398,-27.2190933228,-21.2506160736,33.993221283,2.67994761467,31.0961685181,25.0198612213,122.152198792,24.1652107239,38.6114006042,13.9607744217],[50.0508422852,47.5546722412,-37.5153007507,14.7050437927,23.0223236084,25.7431793213,45.6517677307,19.5762329102,8.27975654602,24.1652107239,104.007637024,26.0270824432,12.7628593445],[-264.134674072,-114.442634583,-3.57715463638,-28.3081092834,-31.6639060974,-16.4007587433,-9.41961479187,11.4747648239,10.2457351685,38.6114006042,26.0270824432,109.206710815,34.2205085754],[199.285675049,-58.1656532288,-65.9302215576,60.3110160828,3.98934602737,19.6998519897,-6.48083114624,16.8726978302,19.2109889984,13.9607744217,12.7628593445,34.2205085754,86.1044235229]],"icov":[[0.000496657274198,-0.00151562155224,0.00114217877854,-0.00173600926064,0.00124134193175,-0.00131021183915,0.00132622860838,-0.00134305958636,0.00150293123443,-0.0010685888119,0.00104000489227,-0.00052159972256,0.000413535366533],[-0.00151562155224,0.00612602103502,-0.0036471739877,0.00590786896646,-0.00456110015512,0.00438658101484,-0.0048018428497,0.0048880376853,-0.00547430012375,0.00484961364418,-0.00433987844735,0.00286395056173,-0.0014560300624],[0.00114217877854,-0.0036471739877,0.00392992747948,-0.00389214372262,0.00267466693185,-0.00369096710347,0.00282894214615,-0.00337820430286,0.00380477448925,-0.00334756728262,0.00346254999749,-0.00177975883707,0.00211148313247],[-0.00173600926064,0.00590786896646,-0.00389214372262,0.0078309699893,-0.00444517284632,0.0035641733557,-0.00511366315186,0.0042603733018,-0.00595411425456,0.00521986139938,-0.00394834578037,0.00261376751587,-0.00225717923604],[0.00124134193175,-0.00456110015512,0.00267466693185,-0.00444517284632,0.00665164645761,-0.00329839414917,0.00201145932078,-0.00449147960171,0.00385036901571,-0.00265740999021,0.00290972483344,-0.000941149017308,0.000199931702809],[-0.00131021183915,0.00438658101484,-0.00369096710347,0.0035641733557,-0.00329839414917,0.00714168092236,-0.00422943336889,0.00259307958186,-0.00344634288922,0.00240853358991,-0.0035974921193,0.00258780107833,-0.00175140169449],[0.00132622860838,-0.0048018428497,0.00282894214615,-0.00511366315186,0.00201145932078,-0.00422943336889,0.0116594713181,-0.00472133466974,0.00295373587869,-0.00298705766909,0.000239728135057,-0.00169220543467,0.00257417419925],[-0.00134305958636,0.0048880376853,-0.00337820430286,0.0042603733018,-0.00449147960171,0.00259307958186,-0.00472133466974,0.0136501975358,-0.00593604659662,0.00206013536081,-0.00369699904695,0.00131132488605,-0.00155854376499],[0.00150293123443,-0.00547430012375,0.00380477448925,-0.00595411425456,0.00385036901571,-0.00344634288922,0.00295373587869,-0.00593604659662,0.0150744915009,-0.00632475037128,0.00467972364277,-0.0022649676539,-0.000228381104534],[-0.0010685888119,0.00484961364418,-0.00334756728262,0.00521986139938,-0.00265740999021,0.00240853358991,-0.00298705766909,0.00206013536081,-0.00632475037128,0.0152674103156,-0.00554347969592,-0.0000810303754406,-0.00173704558983],[0.00104000489227,-0.00433987844735,0.00346254999749,-0.00394834578037,0.00290972483344,-0.0035974921193,0.000239728135057,-0.00369699904695,0.00467972364277,-0.00554347969592,0.0157331973314,-0.00474644172937,0.000917883822694],[-0.00052159972256,0.00286395056173,-0.00177975883707,0.00261376751587,-0.000941149017308,0.00258780107833,-0.00169220543467,0.00131132488605,-0.0022649676539,-0.0000810303754406,-0.00474644172937,0.0144446874037,-0.00550317903981],[0.000413535366533,-0.0014560300624,0.00211148313247,-0.00225717923604,0.000199931702809,-0.00175140169449,0.00257417419925,-0.00155854376499,-0.000228381104534,-0.00173704558983,0.000917883822694,-0.00550317903981,0.0161451604217]],"mean":[-76.0214538574,127.139076233,-140.858276367,22.4655418396,-56.5272483826,8.5379781723,-35.1403503418,0.792928040028,-13.221698761,-6.88832235336,-4.94437742233,-5.87806034088,-7.09710073471]},"hfc":{"dmean":3.95977759361,"dmean2":5.38203191757,"dvar":51.357963562,"dvar2":98.7160949707,"max":153.695983887,"mean":16.3196964264,"median":9.71176147461,"min":1.08447811994e-16,"var":350.401672363},"melbands":{"dmean":[0.000530265970156,0.000910783768632,0.000755807152018,0.000326031702571,0.000270423770417,0.000148775041453,0.0000827516632853,0.000058608402469,0.000114055794256,0.0000518330125487,0.0000409928834415,0.0000439658542746,0.0000240869903791,0.0000593965814915,0.0000322805899486,0.0000269523770839,0.0000203384206543,0.0000425368489232,0.0000342299354088,0.0000161074240168,0.0000186040288099,0.0000123732979773,0.0000140193360494,0.0000123539857668,0.00000396258974433,0.00000357434851139,0.00000408480764236,0.00000258325280811,0.00000171794295056,0.00000148455501403,0.00000121371658679,0.00000119994319903,0.00000109947654892,0.00000131382842028,9.16793283068e-7,7.10717017682e-7,6.53463871458e-7,4.93930429002e-7,3.15552625807e-7,1.4673015869e-7],"dmean2":[0.000844736234285,0.00148698745761,0.00122637511231,0.000536509673111,0.000415909744333,0.000245550705586,0.000136769842356,0.0000908099100343,0.000161839518114,0.0000801997666713,0.0000649734211038,0.0000697213763488,0.0000398374832002,0.0000959171302384,0.0000511836915393,0.0000419946481998,0.0000312749107252,0.0000672136011417,0.0000532673366251,0.0000249432323471,0.0000293707835226,0.0000187745208677,0.0000216935713979,0.0000196057299036,0.00000619458069195,0.00000561879733141,0.00000636428012513,0.00000394474227505,0.00000261411332758,0.0000022015169634,0.00000178045661414,0.00000175666582436,0.0000016525883666,0.00000205937112696,0.00000137824156354,0.00000102215335573,9.40534903293e-7,7.05124080014e-7,4.4854442649e-7,2.07859883972e-7],"dvar":[0.00000134978756705,0.00000560809212402,0.00000509988740305,8.44207818318e-7,3.682589238e-7,1.72532921283e-7,4.45487664535e-8,1.52426320454e-8,6.84125325279e-8,1.45958614084e-8,7.09973235757e-9,9.9054595637e-9,5.1177626581e-9,1.39003795141e-8,4.04064426363e-9,3.48535489358e-9,3.83838028029e-9,3.86232272831e-8,1.85211384007e-8,2.64896971025e-9,2.67695177136e-9,1.07942643712e-9,1.67008229468e-9,1.21210252946e-9,7.09050318459e-11,9.48762943209e-11,1.21400028918e-10,4.05092383249e-11,2.37107070089e-11,2.1822155194e-11,1.57584657129e-11,1.29352041231e-11,9.65125028507e-12,1.91079287809e-11,8.48749889815e-12,4.80582327406e-12,4.92200030733e-12,2.30976262422e-12,1.00858958772e-12,1.85091566097e-13],"dvar2":[0.00000325329347106,0.0000151859758262,0.0000129937525344,0.00000213202838495,9.16830629194e-7,4.7398251013e-7,1.20813808735e-7,3.6893844424e-8,1.46686687685e-7,3.81315459208e-8,1.89520257265e-8,2.63376485066e-8,1.48387737653e-8,3.81634954749e-8,1.0538283135e-8,8.80651018775e-9,9.87556081355e-9,8.59796926989e-8,4.05695921302e-8,6.1284324282e-9,6.73865274692e-9,2.32039898407e-9,4.02867517124e-9,2.98524405196e-9,1.75422690263e-10,2.45213793715e-10,3.26307009191e-10,9.39511524134e-11,5.73590550057e-11,4.82581995198e-11,3.30740157484e-11,2.86620466944e-11,2.20681511259e-11,4.79309300583e-11,1.92869574478e-11,1.03840096244e-11,1.07823021345e-11,4.87130995264e-12,2.15934431794e-12,4.0690690292e-13],"max":[0.0201634448022,0.0364128984511,0.0288575161248,0.0155056724325,0.0119028128684,0.00728985061869,0.00308548379689,0.0028736172244,0.0071062836796,0.00307793472894,0.00157136120833,0.00207897904329,0.00196564896032,0.0022468988318,0.00150962593034,0.00219458527863,0.00458826310933,0.00555171770975,0.00351398298517,0.00256531499326,0.00133871636353,0.00107222981751,0.0013171803439,0.00115991279017,0.000220513175009,0.000262255896814,0.000284934067167,0.00016361764574,0.00012913242972,0.000118682633911,0.0000900822778931,0.0000866138580022,0.0000694095797371,0.000076778458606,0.000059652775235,0.000050214734074,0.0000471799576189,0.0000409449385188,0.0000309424176521,0.0000107257201307],"mean":[0.00138081773184,0.00214168638922,0.00102317251731,0.000394779490307,0.000457004323835,0.000236705251154,0.000145285099279,0.000110201930511,0.000233297352679,0.000104653212475,0.0000848066702019,0.0000765800505178,0.0000450065672339,0.000113449721539,0.0000680614466546,0.0000525423602085,0.000038314901758,0.0000636389740976,0.0000568162067793,0.0000305365683744,0.0000353706745955,0.0000265143353317,0.0000280742497125,0.0000256866114796,0.00000866888876772,0.00000768864629208,0.00000881496998772,0.00000586729947827,0.00000330078091793,0.00000269902398031,0.00000228335784414,0.00000231857438848,0.00000212053419091,0.00000196523546947,0.00000141924169839,0.00000119339858884,0.00000109437007723,8.43339591938e-7,5.19813056599e-7,2.3457668874e-7],"median":[0.000156120790052,0.000549600459635,0.000173687731149,0.0000915496784728,0.000178929563845,0.00012087081268,0.0000810369820101,0.0000591468815401,0.000103506208688,0.0000488671612402,0.0000417723713326,0.0000272441284324,0.0000162474407261,0.0000430932122981,0.0000183373595064,0.0000204107836907,0.000016628888261,0.00001066310233,0.0000111620229291,0.00000677182788422,0.00000611462110101,0.00000494455707667,0.00000464846925752,0.00000418705485572,0.00000209412814911,0.00000142234534906,0.00000114960221254,7.17357124813e-7,4.17407989062e-7,3.13755037951e-7,2.73049494126e-7,2.86770159619e-7,2.56297710166e-7,2.0495804165e-7,1.31966004346e-7,8.29225683674e-8,6.08632788612e-8,5.70395783939e-8,2.79429350769e-8,1.14891438585e-8],"min":[2.47155702797e-24,1.66480633514e-24,1.0987099874e-24,1.99237195134e-24,2.04024101715e-24,2.01516510112e-24,2.00523590613e-24,2.18895096133e-24,2.01830890905e-24,1.92734299148e-24,2.02904629204e-24,2.82411474373e-24,2.17775347521e-24,3.28400152159e-24,2.36741969708e-24,2.91755945947e-24,5.32565045824e-24,2.0886908818e-24,3.85667982891e-24,4.91617445602e-24,4.28312659578e-24,2.98050602376e-24,5.76107130678e-24,5.0137514224e-24,5.60971690363e-24,5.24222881195e-24,5.6643025284e-24,5.51404424748e-24,4.8279640296e-24,4.35387124733e-24,6.66075888615e-24,5.83431546411e-24,6.00124434811e-24,5.80043033836e-24,5.97385943622e-24,4.94163888604e-24,6.24108488457e-24,6.78640943999e-24,5.14728979644e-24,6.57882503152e-24],"var":[0.00000572162252865,0.00000969834036368,0.00000529580893271,8.92142736575e-7,6.64057893118e-7,1.8672851354e-7,5.487309096e-8,3.23614131048e-8,1.91772542735e-7,3.41192567532e-8,1.79522832155e-8,1.89020141761e-8,1.02253521206e-8,3.301367002e-8,1.2993785603e-8,1.01020072307e-8,8.28083202009e-9,5.35029762716e-8,2.89478485627e-8,6.45160724844e-9,7.79296094322e-9,4.05367472922e-9,4.72482852842e-9,3.77285669373e-9,2.40970687848e-10,2.89385598817e-10,3.82141984723e-10,1.5997585201e-10,6.00917579585e-11,4.13214497341e-11,3.03169399307e-11,2.70946338282e-11,2.33582320153e-11,3.09775746721e-11,1.54124022572e-11,1.26336467329e-11,1.25527019335e-11,6.30031660523e-12,2.90008923994e-12,4.73436719516e-13]},"melbands_crest":{"dmean":2.71450185776,"dmean2":4.29434776306,"dvar":7.88551425934,"dvar2":19.1144065857,"max":34.0669631958,"mean":14.5185041428,"median":13.791852951,"min":1.52429318428,"var":32.3097229004},"melbands_flatness_db":{"dmean":0.0233650300652,"dmean2":0.0334792658687,"dvar":0.000675216258969,"dvar2":0.0014137258986,"max":0.496926873922,"mean":0.226427674294,"median":0.221310541034,"min":0.00346756842919,"var":0.00618772953749},"melbands_kurtosis":{"dmean":4.5817732811,"dmean2":7.10109233856,"dvar":88.938079834,"dvar2":218.40524292,"max":224.00428772,"mean":9.150431633,"median":4.26522541046,"min":-1.82955670357,"var":200.751602173},"melbands_skewness":{"dmean":0.574443280697,"dmean2":0.858876287937,"dvar":0.4985704422,"dvar2":1.08658003807,"max":12.1842288971,"mean":2.15453839302,"median":1.82891464233,"min":-3.229418993,"var":2.3476793766},"melbands_spread":{"dmean":5.28943586349,"dmean2":8.11685466766,"dvar":48.8601112366,"dvar2":116.508628845,"max":162.792221069,"mean":22.648639679,"median":17.4186630249,"min":0.819042861462,"var":327.422546387},"mfcc":{"cov":[[16045.9189453,-1019.68414307,-264.500915527,1388.61242676,558.498962402,1067.46105957,528.439941406,741.264038086,294.427459717,271.895446777,-19.0196933746,239.0234375,-15.408372879],[-1019.68414307,2389.23388672,-318.024353027,-235.154693604,32.5528945923,-195.723175049,20.7548656464,-33.4669799805,-96.3783340454,-5.19065856934,55.331817627,-63.0135002136,-8.156042099],[-264.500915527,-318.024353027,876.44317627,-7.5106215477,70.2447357178,158.531112671,90.9958953857,33.0438652039,60.0183830261,22.5854587555,40.4747695923,54.9141387939,-18.4290275574],[1388.61242676,-235.154693604,-7.5106215477,484.070556641,122.702575684,135.253479004,86.6554794312,125.376251221,75.7708740234,40.9200630188,1.56116986275,39.6034851074,9.96492099762],[558.498962402,32.5528945923,70.2447357178,122.702575684,276.459564209,119.446075439,110.163917542,93.9804458618,70.5685348511,57.0869293213,-1.87988996506,19.1887989044,13.8485460281],[1067.46105957,-195.723175049,158.531112671,135.253479004,119.446075439,294.848602295,134.764892578,111.49786377,75.5352020264,40.1311225891,51.6014251709,31.6485214233,-0.451572328806],[528.439941406,20.7548656464,90.9958953857,86.6554794312,110.163917542,134.764892578,250.156555176,111.235862732,29.3656578064,65.0744628906,22.4297504425,37.7832756042,16.4771270752],[741.264038086,-33.4669799805,33.0438652039,125.376251221,93.9804458618,111.49786377,111.235862732,177.817199707,55.7344856262,37.5909385681,26.1179790497,35.7321624756,15.7973709106],[294.427459717,-96.3783340454,60.0183830261,75.7708740234,70.5685348511,75.5352020264,29.3656578064,55.7344856262,135.18800354,31.4450702667,17.4713630676,25.5650253296,11.3602485657],[271.895446777,-5.19065856934,22.5854587555,40.9200630188,57.0869293213,40.1311225891,65.0744628906,37.5909385681,31.4450702667,129.193527222,9.86883735657,6.45516395569,4.67216873169],[-19.0196933746,55.331817627,40.4747695923,1.56116986275,-1.87988996506,51.6014251709,22.4297504425,26.1179790497,17.4713630676,9.86883735657,123.11265564,22.4280414581,10.2765007019],[239.0234375,-63.0135002136,54.9141387939,39.6034851074,19.1887989044,31.6485214233,37.7832756042,35.7321624756,25.5650253296,6.45516395569,22.4280414581,96.2981872559,32.0242805481],[-15.408372879,-8.156042099,-18.4290275574,9.96492099762,13.8485460281,-0.451572328806,16.4771270752,15.7973709106,11.3602485657,4.67216873169,10.2765007019,32.0242805481,76.2969512939]],"icov":[[0.000114447509986,0.00000374241312784,0.000102891717688,-0.000180508708581,0.0000269196789304,-0.000380002893507,0.0000921166501939,-0.000207174045499,0.000103699989268,-0.000115844399261,0.000193651620066,-0.000218991830479,0.000145296697156],[0.00000374241312784,0.000536718929652,0.000175134424353,0.000234733248362,-0.000365769752534,0.000460315495729,-0.000284095614916,-0.0000887347923708,0.000191495943,0.0000721325268387,-0.00051608774811,0.000222174305236,0.000161944524734],[0.000102891717688,0.000175134424353,0.0015260099899,0.00020059318922,-0.000215576816117,-0.000866807356942,-0.000252950674621,0.000186368226423,-0.000189592465176,-0.0000344346772181,-0.0000693413021509,-0.000957224809099,0.000873393728398],[-0.000180508708581,0.000234733248362,0.00020059318922,0.00321825081483,-0.000666708976496,0.0000369927874999,-0.0000571791897528,-0.000944414176047,-0.000590739888139,0.0000687588908477,0.000057553024817,-0.000245440634899,0.000124902129755],[0.0000269196789304,-0.000365769752534,-0.000215576816117,-0.000666708976496,0.00580336246639,-0.00130202469882,-0.000868708302733,-0.000916305172723,-0.00156408047769,-0.00100738543551,0.00152412056923,0.000428095750976,-0.00077279296238],[-0.000380002893507,0.000460315495729,-0.000866807356942,0.0000369927874999,-0.00130202469882,0.00809029210359,-0.00250122114085,-0.000595824560151,-0.00169998104684,0.000999038340524,-0.00295667676255,0.00135798298288,0.000726193829905],[0.0000921166501939,-0.000284095614916,-0.000252950674621,-0.0000571791897528,-0.000868708302733,-0.00250122114085,0.00754506932572,-0.00291028199717,0.00193487899378,-0.00236870720983,0.000734197266866,-0.00146654201671,-0.000575759680942],[-0.000207174045499,-0.0000887347923708,0.000186368226423,-0.000944414176047,-0.000916305172723,-0.000595824560151,-0.00291028199717,0.0106772333384,-0.00184083892964,0.000240505309193,-0.00110855058301,-0.000784887175541,-0.000564280257095],[0.000103699989268,0.000191495943,-0.000189592465176,-0.000590739888139,-0.00156408047769,-0.00169998104684,0.00193487899378,-0.00184083892964,0.0105735613033,-0.00166772468947,-0.000336451921612,-0.00143208738882,-0.000515920575708],[-0.000115844399261,0.0000721325268387,-0.0000344346772181,0.0000687588908477,-0.00100738543551,0.000999038340524,-0.00236870720983,0.000240505309193,-0.00166772468947,0.0096472511068,-0.000815581704956,0.00104209512938,-0.0000524683346157],[0.000193651620066,-0.00051608774811,-0.0000693413021509,0.000057553024817,0.00152412056923,-0.00295667676255,0.000734197266866,-0.00110855058301,-0.000336451921612,-0.000815581704956,0.0103129940107,-0.00203720736317,-0.000697442621458],[-0.000218991830479,0.000222174305236,-0.000957224809099,-0.000245440634899,0.000428095750976,0.00135798298288,-0.00146654201671,-0.000784887175541,-0.00143208738882,0.00104209512938,-0.00203720736317,0.0146857853979,-0.00555035565048],[0.000145296697156,0.000161944524734,0.000873393728398,0.000124902129755,-0.00077279296238,0.000726193829905,-0.000575759680942,-0.000564280257095,-0.000515920575708,-0.0000524683346157,-0.000697442621458,-0.00555035565048,0.0162373632193]],"mean":[-699.872924805,145.059127808,-17.0893497467,12.9657926559,0.938948094845,1.9911044836,-6.62744903564,4.33283138275,-6.5925321579,1.78877103329,1.28497636318,0.871365070343,-1.4958012104]},"pitch_salience":{"dmean":0.0639558583498,"dmean2":0.10014449805,"dvar":0.0038916177582,"dvar2":0.00947065837681,"max":0.887489497662,"mean":0.529002428055,"median":0.538456022739,"min":0.107047855854,"var":0.0197887774557},"silence_rate_20dB":{"dmean":0,"dmean2":0,"dvar":0,"dvar2":0,"max":1,"mean":1,"median":1,"min":1,"var":0},"silence_rate_30dB":{"dmean":0.00176730484236,"dmean2":0.00353495683521,"dvar":0.00176447443664,"dvar2":0.00470028724521,"max":1,"mean":0.998821914196,"median":1,"min":0,"var":0.00117648683954},"silence_rate_60dB":{"dmean":0.0241531655192,"dmean2":0.0483110770583,"dvar":0.0235667265952,"dvar2":0.0516622513533,"max":1,"mean":0.187315925956,"median":0,"min":0,"var":0.152222320437},"spectral_centroid":{"dmean":180.666687012,"dmean2":269.689117432,"dvar":60467.1171875,"dvar2":136106.3125,"max":11843.7060547,"mean":1245.70947266,"median":1067.19567871,"min":209.183914185,"var":800286.4375},"spectral_complexity":{"dmean":2.50142359734,"dmean2":3.78682255745,"dvar":9.99622249603,"dvar2":18.5735969543,"max":56,"mean":16.7877483368,"median":15,"min":0,"var":102.262115479},"spectral_contrast_coeffs":{"dmean":[0.0476998351514,0.0394215509295,0.0342743508518,0.0313942283392,0.0232435893267,0.016953414306],"dmean2":[0.0780013650656,0.0643878802657,0.0546703599393,0.0492311231792,0.0363440699875,0.0253086201847],"dvar":[0.00180455297232,0.00109753629658,0.000866529648192,0.000771584396716,0.000441726268036,0.000270496500889],"dvar2":[0.00458761118352,0.00295625068247,0.0022079127375,0.00179430493154,0.000959292054176,0.000554348516744],"max":[-0.33443069458,-0.415436804295,-0.501101016998,-0.528660655022,-0.541864693165,-0.539862751961],"mean":[-0.634894311428,-0.741084456444,-0.743683874607,-0.741302728653,-0.760016083717,-0.766369879246],"median":[-0.640471220016,-0.744197249413,-0.74439316988,-0.739703416824,-0.760433077812,-0.766574263573],"min":[-0.982099950314,-0.980424582958,-0.978144645691,-0.972155153751,-0.965575098991,-0.964336752892],"var":[0.00896739587188,0.00435470370576,0.00422755302861,0.00445361807942,0.00326504907571,0.00299326470122]},"spectral_contrast_valleys":{"dmean":[0.408024311066,0.299658238888,0.28877517581,0.304799765348,0.286372601986,0.334401518106],"dmean2":[0.663061976433,0.485886305571,0.458685010672,0.469478726387,0.400334686041,0.406906813383],"dvar":[0.142659112811,0.0741657838225,0.0778015851974,0.102350711823,0.11287689954,0.169108077884],"dvar2":[0.304306864738,0.179850503802,0.173974260688,0.217813611031,0.192657038569,0.269907683134],"max":[-5.20436859131,-4.87225055695,-5.43489265442,-5.88744068146,-5.78885269165,-7.92136955261],"mean":[-8.10176849365,-6.98477363586,-7.7841668129,-8.44324493408,-8.64431381226,-11.4193973541],"median":[-7.74144458771,-6.69501686096,-7.427713871,-8.03151702881,-8.17073822021,-11.2185735703],"min":[-27.9348258972,-27.927274704,-27.6964969635,-27.6892433167,-27.5627632141,-27.3623638153],"var":[4.16481351852,3.02289438248,3.39433097839,3.74605798721,4.36822748184,3.86105394363]},"spectral_decrease":{"dmean":1.6915665535e-9,"dmean2":2.57195842401e-9,"dvar":1.11901762544e-17,"dvar2":2.63543051882e-17,"max":1.70511052068e-28,"mean":-5.77067771346e-9,"median":-4.53482984497e-9,"min":-4.43599148525e-8,"var":3.03779532244e-17},"spectral_energy":{"dmean":0.00660599861294,"dmean2":0.00997847225517,"dvar":0.000165776189533,"dvar2":0.000386075960705,"max":0.170245662332,"mean":0.023260101676,"median":0.0187460966408,"min":1.01120673076e-20,"var":0.000480386806885},"spectral_energyband_high":{"dmean":0.000224099261686,"dmean2":0.000303804903524,"dvar":4.16649498902e-7,"dvar2":8.30576425415e-7,"max":0.0119163170457,"mean":0.000504826020915,"median":0.0000700815944583,"min":6.97452843111e-21,"var":0.00000118949276384},"spectral_energyband_low":{"dmean":0.00417874613777,"dmean2":0.00668143713847,"dvar":0.000102459875052,"dvar2":0.000266357063083,"max":0.142828449607,"mean":0.0105128558353,"median":0.00367876398377,"min":2.68461924712e-23,"var":0.000202605049708},"spectral_energyband_middle_high":{"dmean":0.001469042385,"dmean2":0.00222579343244,"dvar":0.00000863463719725,"dvar2":0.0000193443484022,"max":0.0743626207113,"mean":0.00528415152803,"median":0.00275314040482,"min":1.21771023003e-21,"var":0.0000442090567958},"spectral_energyband_middle_low":{"dmean":0.00382813834585,"dmean2":0.0059268437326,"dvar":0.0000650664078421,"dvar2":0.000154659719556,"max":0.115048766136,"mean":0.00808169879019,"median":0.00509326905012,"min":1.56621390756e-22,"var":0.0000985812366707},"spectral_entropy":{"dmean":0.155344232917,"dmean2":0.221481174231,"dvar":0.031017748639,"dvar2":0.0628152415156,"max":9.81953430176,"mean":7.18518924713,"median":7.24205827713,"min":5.47829246521,"var":0.364661872387},"spectral_flux":{"dmean":0.0196905694902,"dmean2":0.0304305236787,"dvar":0.000859601947013,"dvar2":0.00179332087282,"max":0.365262776613,"mean":0.0621529333293,"median":0.0503342263401,"min":6.43264955191e-11,"var":0.00267428252846},"spectral_kurtosis":{"dmean":3.79504370689,"dmean2":6.34813451767,"dvar":27.4316730499,"dvar2":73.5015563965,"max":87.0567398071,"mean":9.34194469452,"median":5.85129928589,"min":-1.26246869564,"var":98.6564712524},"spectral_rms":{"dmean":0.000575232435949,"dmean2":0.000832489982713,"dvar":8.3140201923e-7,"dvar2":0.00000172268210008,"max":0.0128877200186,"mean":0.00414635939524,"median":0.0042765494436,"min":3.14092848952e-12,"var":0.00000550051117898},"spectral_rolloff":{"dmean":311.939300537,"dmean2":519.891174316,"dvar":397356.59375,"dvar2":910826.0625,"max":19767.4804688,"mean":1399.4395752,"median":1141.25976562,"min":43.06640625,"var":2227677},"spectral_skewness":{"dmean":0.343193024397,"dmean2":0.550336956978,"dvar":0.146255880594,"dvar2":0.364222615957,"max":7.4850692749,"mean":1.9801813364,"median":1.71492266655,"min":-0.261381566525,"var":1.02018582821},"spectral_spread":{"dmean":416750.21875,"dmean2":571206.9375,"dvar":407227432960,"dvar2":813788626944,"max":46749544,"mean":3486893.5,"median":2975742.5,"min":937019.875,"var":7883620089860},"spectral_strongpeak":{"dmean":0.470091253519,"dmean2":0.791927337646,"dvar":1.34953546524,"dvar2":3.34549760818,"max":18.1720867157,"mean":0.873699188232,"median":0.53203189373,"min":0,"var":1.75496983528},"zerocrossingrate":{"dmean":0.00690602743998,"dmean2":0.00808454491198,"dvar":0.0000718753726687,"dvar2":0.0000951620022533,"max":0.5224609375,"mean":0.0513777248561,"median":0.0439453125,"min":0.0029296875,"var":0.0016850013053}},"metadata":{"audio_properties":{"analysis_sample_rate":44100,"bit_rate":0,"codec":"flac","downmix":"mix","equal_loudness":0,"length":236.493331909,"lossless":true,"md5_encoded":"28ba37f2dcddde49d41ea42e4b102008","replay_gain":-6.15697860718},"tags":{"album":["The Beatles (disc 1)"],"albumartist":["The Beatles"],"albumartistsort":["Beatles, The"],"artist":["The Beatles"],"artistsort":["Beatles, The"],"asin":["B000002UAX"],"catalognumber":["PMC 7067"],"date":["1968-11-22"],"file_name":"02 Dear Prudence.flac","format":["Vinyl"],"genre":["Rock & Roll"],"isrc":["GBAYE0601645"],"label":["Apple Records"],"language":["eng"],"musicbrainz_albumartistid":["b10bbbfc-cf9e-42e0-be17-e2c3e1d2600d"],"musicbrainz_albumid":["d6213baf-e959-4817-9fa2-3ce97f131678"],"musicbrainz_artistid":["b10bbbfc-cf9e-42e0-be17-e2c3e1d2600d"],"musicbrainz_recordingid":["05833d73-e1e0-4d69-a00b-a586f8ffb3b6"],"musicip_puid":["4452d426-6b1e-b241-b91b-f020e498b678"],"producer":["Chris Thomas","George Martin"],"releasecountry":["GB"],"releasestatus":["official"],"releasetype":["album"],"replaygain_album_gain":["-3.16 dB"],"replaygain_album_peak":["0.97302246"],"replaygain_reference_loudness":["89.0 dB"],"replaygain_track_gain":["-1.92 dB"],"replaygain_track_peak":["0.68585205"],"script":["Latn"],"title":["Dear Prudence"],"totaltracks":["17"],"tracknumber":["2"],"tracktotal":["17"]},"version":{"essentia":"2.1-beta1","essentia_build_sha":"eef087cf131c10083d474ad51def18efd0e38295","essentia_git_sha":"v2.1_beta1-7-ge0e83e8-dirty","extractor":"music 1.0"}},"rhythm":{"beats_count":599,"beats_loudness":{"dmean":0.0163331571966,"dmean2":0.0297444500029,"dvar":0.000300178013276,"dvar2":0.000997604220174,"max":0.133214458823,"mean":0.0352576859295,"median":0.0368074961007,"min":0,"var":0.000652010377962},"beats_loudness_band_ratio":{"dmean":[0.144938930869,0.112882427871,0.0888925418258,0.0672466009855,0.0685336