{"lowlevel":{"average_loudness":0.954325377941,"barkbands":{"dmean":[0.0000242517926381,0.00193106778897,0.002033586381,0.000471904844744,0.00244733830914,0.000767051824369,0.00043107237434,0.000544077134691,0.000920343503822,0.00061754451599,0.000616909062956,0.000421131437179,0.000416008464526,0.000618644291535,0.000907290261239,0.000597766367719,0.000718840863556,0.000475955137517,0.000311998446705,0.000170018087374,0.000171820662217,0.000110567190859,0.000104851467768,0.000103394326288,0.0000694297123118,0.0000272842880804,0.0000111235103759],"dmean2":[0.0000402282348659,0.00348479114473,0.00367204309441,0.00083808216732,0.00428906222805,0.00125084491447,0.000730915460736,0.000903314794414,0.00148708967026,0.0010113210883,0.00097394362092,0.000683619291522,0.000665018509608,0.00100747135002,0.00141110690311,0.000968690379523,0.00115756574087,0.000764208904002,0.000495765474625,0.000270110467682,0.000274636229733,0.000171386971488,0.00015991688997,0.000163752323715,0.00011004661792,0.0000427431150456,0.0000180887363967],"dvar":[1.8751045161e-9,0.0000318292186421,0.0000306671136059,7.04070544089e-7,0.0000422423436248,0.00000234409503719,0.00000110853534352,0.0000018291956394,0.0000034950094232,0.00000208131109503,0.00000204038042284,5.90947024648e-7,5.17517094067e-7,0.00000104693515368,0.00000202508704206,8.13543636013e-7,7.52250002733e-7,4.58735485154e-7,1.58552651897e-7,6.94130264378e-8,1.03213650959e-7,5.47777183613e-8,5.60396564708e-8,1.559012901e-7,7.7083960548e-8,4.34372138258e-9,8.51654524681e-10],"dvar2":[4.86387996546e-9,0.0000874646648299,0.000085466686869,0.00000190643595488,0.000114661110274,0.0000057743322941,0.000002972275297,0.00000461117224404,0.00000866860864335,0.0000051359270401,0.0000048859560593,0.00000145004798924,0.00000120404672543,0.00000264585582954,0.00000506290780322,0.00000190771470443,0.00000183789506991,0.00000111717918116,3.61976276508e-7,1.67410462382e-7,2.72479979913e-7,1.41461001135e-7,1.45383111771e-7,4.35218396433e-7,2.04759132316e-7,1.08257616205e-8,2.23515428388e-9],"max":[0.000632492708974,0.0444515049458,0.0669606328011,0.0205301493406,0.0597771182656,0.0286324881017,0.0320187471807,0.0260943584144,0.0277469027787,0.0277205146849,0.0367040000856,0.0160727966577,0.0142124770209,0.0178399160504,0.0381852947176,0.0185657814145,0.0158162675798,0.0122525766492,0.0125376414508,0.00517729762942,0.00734010664746,0.00693648867309,0.00814939942211,0.0158830042928,0.00698380125687,0.00153085321654,0.000464611453936],"mean":[0.000026464334951,0.00138273485936,0.00174616358709,0.000624035019428,0.00231590098701,0.00105877022725,0.000577736936975,0.000752501422539,0.00157544121612,0.00102774286643,0.00113004911691,0.000683810270857,0.000674614333548,0.001004321035,0.00177242595237,0.00116582389455,0.00157124910038,0.000966023071669,0.000759869697504,0.000389291555621,0.000396762246964,0.000246309296926,0.000242308626184,0.000226434305659,0.000122814148199,0.0000555883307243,0.0000153005275934],"median":[0.00000769339385442,0.00018879606796,0.000416988274083,0.000417119270423,0.000887192378286,0.000353822659235,0.000192625040654,0.000181631927262,0.000380901794415,0.000398344738642,0.000375618750695,0.000366584485164,0.000396275368985,0.000624151085503,0.00122249429114,0.000887605245225,0.00133643019944,0.000746401841752,0.000670453999192,0.000325208442518,0.000334180047503,0.000164224722539,0.000164959856193,0.000162125696079,0.0000654336836305,0.0000342021012329,0.00000675974206388],"min":[1.2550231702e-24,3.50451693803e-24,8.7656330522e-25,8.83556655752e-25,6.5135570468e-24,1.16112326199e-23,1.06537345524e-23,9.7336119257e-24,1.54020216584e-23,2.06064336618e-23,1.61775492366e-23,2.738982492e-23,3.94561971501e-23,3.17181027586e-23,4.15718274346e-23,6.37256543605e-23,6.99808164679e-23,8.16847859981e-23,1.09722587577e-22,2.04330915753e-22,2.60623083317e-22,3.37863294446e-22,4.55870272058e-22,6.4075493346e-22,9.07192767307e-22,1.35187646161e-21,1.95577566212e-21],"var":[2.38499597849e-9,0.0000206454878935,0.0000203683612199,6.92549804171e-7,0.0000306040274154,0.00000414164424001,0.00000197202189156,0.00000439413770437,0.00000993207868305,0.00000572262160858,0.00000770174210629,0.00000122920744161,0.00000107019798179,0.00000170223427176,0.00000368954943042,0.00000155315876782,0.00000172800400833,8.78037042185e-7,4.00234512199e-7,1.34456740852e-7,1.41211614846e-7,7.51552988731e-8,7.87322633755e-8,1.34425960141e-7,7.7828076428e-8,5.68879165996e-9,7.87599652163e-10]},"barkbands_crest":{"dmean":2.60688090324,"dmean2":4.35249853134,"dvar":6.52680540085,"dvar2":16.9440250397,"max":24.3027820587,"mean":7.68675041199,"median":6.6831240654,"min":2.07529687881,"var":14.3365440369},"barkbands_flatness_db":{"dmean":0.0167008023709,"dmean2":0.0271444637328,"dvar":0.000304644170683,"dvar2":0.000797535059974,"max":0.254901587963,"mean":0.0807141959667,"median":0.0730871483684,"min":0.0100210662931,"var":0.00122722366359},"barkbands_kurtosis":{"dmean":1.03760969639,"dmean2":1.73406124115,"dvar":5.90616941452,"dvar2":15.8532848358,"max":74.2764892578,"mean":0.307700335979,"median":-0.4578166008,"min":-1.85293996334,"var":9.62946891785},"barkbands_skewness":{"dmean":0.462577402592,"dmean2":0.736361265182,"dvar":0.26770016551,"dvar2":0.643351554871,"max":7.49800634384,"mean":0.213359743357,"median":0.0617104321718,"min":-2.5002310276,"var":0.762536346912},"barkbands_spread":{"dmean":5.80365800858,"dmean2":9.09787368774,"dvar":35.7948265076,"dvar2":85.302696228,"max":100.885971069,"mean":28.5464744568,"median":28.3652820587,"min":2.2934319973,"var":112.547782898},"dissonance":{"dmean":0.0104770818725,"dmean2":0.0178855024278,"dvar":0.000132221743115,"dvar2":0.000349788868334,"max":0.500000119209,"mean":0.483479678631,"median":0.488798201084,"min":0.327316731215,"var":0.000285454530967},"dynamic_complexity":2.38164186478,"erbbands":{"dmean":[0.0190483313054,0.56787186861,2.36914682388,1.76089847088,5.18969631195,9.46898365021,6.48062515259,5.83160114288,6.47896385193,6.54675912857,14.6999826431,20.8997936249,19.1141586304,20.1903591156,21.6876049042,17.1172733307,15.7641324997,30.6100120544,34.4911308289,38.9803161621,32.9602279663,36.6980895996,27.316701889,17.1693115234,13.9797954559,7.9030046463,7.20280408859,6.57462835312,4.29377651215,3.45025062561,2.75433111191,2.40488910675,1.64058125019,0.949500024319,0.424210190773,0.158701837063,0.0427980981767,0.0117202680558,0.00181708938908,0.000109934080683],"dmean2":[0.0334007069468,1.02773487568,4.27067565918,3.12243533134,9.21926879883,16.5504932404,10.9797410965,9.47113513947,10.7895412445,11.156003952,24.1563472748,33.3889312744,30.4930057526,32.0749893188,34.488368988,27.7597446442,24.8966369629,49.237361908,54.5710639954,60.7083015442,53.326335907,58.9128227234,43.5901031494,27.4268894196,22.221288681,12.4755115509,11.5248184204,10.4192667007,6.7068810463,5.23448228836,4.26608181,3.81819605827,2.62765622139,1.51121973991,0.678483605385,0.248772159219,0.067357711494,0.0188401639462,0.00295435171574,0.000176602450665],"dvar":[0.00234591006301,2.77416682243,44.8286895752,13.0531053543,170.044265747,682.020690918,210.480957031,170.090103149,271.37210083,243.458786011,1191.20422363,2214.12329102,1700.47277832,2079.97167969,2349.01074219,1009.0680542,807.471862793,2170.74511719,4486.7578125,3696.79931641,2147.26879883,2021.78027344,1449.15087891,487.716339111,361.917602539,147.819625854,148.41809082,200.062133789,95.1255111694,41.5225028992,48.802280426,49.985206604,51.9629096985,17.956949234,2.29095220566,0.175481006503,0.0097727663815,0.000811772770248,0.000023800177587,9.19794231891e-8],"dvar2":[0.00637298217043,7.61946058273,124.155715942,36.1343727112,471.967071533,1835.07189941,530.907348633,423.236572266,723.835998535,651.04296875,3006.34301758,5449.83886719,4151.38818359,5133.11328125,5790.95019531,2515.01293945,1829.51281738,5378.80029297,11483.9814453,8813.65234375,5111.8359375,5013.46435547,3507.91308594,1158.83898926,840.472900391,366.255157471,407.345672607,532.528137207,251.449691772,100.237236023,130.140640259,135.539627075,146.293655396,48.293888092,6.05809259415,0.442985773087,0.023969206959,0.00208840705454,0.0000631338407402,2.39392477397e-7],"max":[0.393000513315,13.2065353394,75.2864379883,50.8681259155,139.30770874,240.525909424,315.877410889,290.217529297,500.163269043,308.658874512,739.323242188,808.888427734,719.202331543,1025.77490234,1145.55688477,657.422851562,768.497619629,868.018737793,2425.52294922,1173.92712402,1098.66149902,770.74798584,586.342590332,445.719573975,574.996704102,276.639801025,394.349121094,390.462432861,314.99118042,170.799255371,243.043838501,234.186859131,327.641937256,138.299972534,48.184387207,9.39801025391,2.59342670441,0.624354958534,0.0763824060559,0.00537040038034],"mean":[0.0163385327905,0.404066205025,1.90753936768,2.16885590553,5.07036304474,8.39200592041,8.38963985443,7.70060396194,8.93896484375,8.00981330872,22.2592754364,34.0780067444,34.4768371582,39.0541610718,42.0756607056,28.8702278137,29.1224918365,54.6368217468,65.7206878662,82.4592132568,71.2249984741,85.9366760254,60.3630867004,42.7657279968,34.0420036316,19.114025116,16.4429931641,14.145067215,9.40739250183,8.04641437531,6.22613525391,5.36500501633,3.30795955658,1.62480270863,0.776138305664,0.319002479315,0.085847094655,0.0184831134975,0.00251568923704,0.000170707251527],"median":[0.00372166140005,0.060264095664,0.400785118341,1.38309705257,2.22254991531,2.7115175724,2.62125396729,2.545545578,2.85418748856,2.89480757713,5.86892986298,8.23345756531,13.0433921814,15.9634609222,18.2392539978,16.9737052917,18.8478889465,37.0222396851,44.1963882446,62.0835456848,57.8892440796,74.2877883911,49.6351852417,37.221698761,30.128112793,16.2748908997,14.1270895004,10.563952446,6.38896369934,5.06523084641,4.28450107574,3.96136808395,2.19653367996,0.859277546406,0.443051189184,0.197672992945,0.0510521233082,0.00966290198267,0.00112830626313,0.0000882378517417],"min":[4.02392962152e-23,3.52374169917e-22,1.20134584698e-21,4.83690430068e-21,1.2666268561e-20,2.26478707452e-20,2.63642833774e-20,1.06379452817e-19,1.19060667983e-19,1.51385748948e-19,3.22635826716e-19,3.91404598465e-19,6.55803006799e-19,6.64976284696e-19,7.47082956081e-19,1.54211870964e-18,1.56103674384e-18,2.4956496098e-18,3.04146122148e-18,2.92801815675e-18,3.94111650417e-18,4.70658820226e-18,5.26299827232e-18,6.14197279893e-18,6.47789539518e-18,9.35220905746e-18,1.04890538313e-17,1.06077054456e-17,1.15719349964e-17,1.20796526661e-17,1.20923548516e-17,1.21443754131e-17,9.79726945014e-18,8.50217509895e-18,6.27951390965e-18,4.56632649451e-18,2.36074679165e-18,9.27901225865e-19,2.58138925844e-19,2.67147446165e-20],"var":[0.00175215862691,1.78583455086,29.2552318573,10.5755872726,118.178749084,495.490386963,289.056213379,287.013122559,485.104003906,302.940185547,3358.03222656,5454.78320312,4890.51416016,6481.02490234,7873.15380859,1763.05078125,1773.52172852,4011.85644531,6620.20263672,7254.48828125,4659.32958984,4896.65478516,2843.57861328,1196.49584961,831.322631836,294.771514893,227.179031372,234.653991699,115.716300964,77.6604232788,58.2570800781,52.5055770874,41.4942436218,17.1706161499,2.31560778618,0.213345482945,0.0138202151284,0.000878206512425,0.000021447047402,8.14388059212e-8]},"erbbands_crest":{"dmean":2.37035083771,"dmean2":3.82277321815,"dvar":5.08271980286,"dvar2":12.3544073105,"max":29.6678676605,"mean":8.7524023056,"median":7.70344257355,"min":2.27155995369,"var":17.0281944275},"erbbands_flatness_db":{"dmean":0.0163756050169,"dmean2":0.0241538379341,"dvar":0.000250507204328,"dvar2":0.000491203565616,"max":0.32108438015,"mean":0.153741940856,"median":0.152694419026,"min":0.0409342683852,"var":0.0012366687879},"erbbands_kurtosis":{"dmean":0.873933553696,"dmean2":1.37660944462,"dvar":1.04720008373,"dvar2":2.3996295929,"max":16.3389892578,"mean":0.937510430813,"median":0.507528543472,"min":-1.67749607563,"var":3.37010073662},"erbbands_skewness":{"dmean":0.310771077871,"dmean2":0.481051892042,"dvar":0.081279553473,"dvar2":0.182494044304,"max":3.74585914612,"mean":-0.177533909678,"median":-0.230874463916,"min":-3.04708242416,"var":0.467264443636},"erbbands_spread":{"dmean":6.41769599915,"dmean2":9.91425323486,"dvar":55.3331565857,"dvar2":126.347221375,"max":122.254135132,"mean":28.1258506775,"median":25.2621574402,"min":4.66630554199,"var":165.281890869},"gfcc":{"cov":[[20148.5566406,-414.824676514,-2064.9309082,598.875061035,-742.792419434,254.929611206,-685.046081543,6.50221920013,-411.244354248,-134.030807495,-402.072479248,-214.507125854,-349.257507324],[-414.824676514,1095.86254883,98.3229217529,116.320556641,204.085952759,43.0389518738,105.649635315,-0.240360364318,32.3471183777,-67.2080307007,-5.76309680939,-52.187789917,10.9514875412],[-2064.9309082,98.3229217529,752.378051758,22.0594329834,117.419044495,2.94393062592,86.1032562256,-7.84482479095,45.4166412354,24.8188781738,17.0176315308,15.0690374374,-9.58025455475],[598.875061035,116.320556641,22.0594329834,272.342498779,91.7049102783,72.2175827026,-19.312122345,8.23379516602,-14.2850170135,-28.6191234589,-12.3818082809,-26.6213436127,-19.5876216888],[-742.792419434,204.085952759,117.419044495,91.7049102783,286.58380127,101.270477295,82.4466094971,29.3266735077,26.8031921387,-2.75888299942,7.9591588974,-6.26763248444,6.62094545364],[254.929611206,43.0389518738,2.94393062592,72.2175827026,101.270477295,178.581192017,79.4706268311,31.0243682861,-26.0145053864,-15.3005723953,-7.85175704956,-23.2286586761,-17.4949150085],[-685.046081543,105.649635315,86.1032562256,-19.312122345,82.4466094971,79.4706268311,176.0050354,66.8985748291,20.7134666443,-4.10288095474,6.31840705872,-23.276184082,2.87935161591],[6.50221920013,-0.240360364318,-7.84482479095,8.23379516602,29.3266735077,31.0243682861,66.8985748291,103.353607178,45.2652282715,4.66880893707,-15.7494516373,-23.5184669495,-8.72464370728],[-411.244354248,32.3471183777,45.4166412354,-14.2850170135,26.8031921387,-26.0145053864,20.7134666443,45.2652282715,100.48072052,37.2964096069,2.9142241478,-8.64462661743,0.374388039112],[-134.030807495,-67.2080307007,24.8188781738,-28.6191234589,-2.75888299942,-15.3005723953,-4.10288095474,4.66880893707,37.2964096069,68.8197250366,31.3793487549,10.7495145798,-5.24918174744],[-402.072479248,-5.76309680939,17.0176315308,-12.3818082809,7.9591588974,-7.85175704956,6.31840705872,-15.7494516373,2.9142241478,31.3793487549,76.4108352661,39.0383148193,10.4703712463],[-214.507125854,-52.187789917,15.0690374374,-26.6213436127,-6.26763248444,-23.2286586761,-23.276184082,-23.5184669495,-8.64462661743,10.7495145798,39.0383148193,78.6624679565,34.5758552551],[-349.257507324,10.9514875412,-9.58025455475,-19.5876216888,6.62094545364,-17.4949150085,2.87935161591,-8.72464370728,0.374388039112,-5.24918174744,10.4703712463,34.5758552551,67.1033859253]],"icov":[[0.000149200001033,-0.000108280510176,0.000314883945975,-0.000305317546008,0.000371340691345,-0.000332563562552,0.000387050618883,-0.000329176371451,0.000510559766553,-0.000624363368843,0.000859297986608,-0.000431607360952,0.000603927182965],[-0.000108280510176,0.00141790474299,-0.000169215563801,-0.000145740996231,-0.00101316173095,0.000747995101847,-0.00113550981041,0.00138688401785,-0.0014709281968,0.00230558612384,-0.00136724743061,0.00131981633604,-0.000615811615717],[0.000314883945975,-0.000169215563801,0.00237764860503,-0.00109826086555,0.000245234317845,0.00007797904982,-0.000913494732231,0.000820502522402,0.000282364548184,-0.0018002971774,0.00266778212972,-0.0021560578607,0.00237966235727],[-0.000305317546008,-0.000145740996231,-0.00109826086555,0.0062973308377,-0.00212333002128,-0.00167232099921,0.0030726713594,-0.00127117300872,-0.000697357056197,0.00357722095214,-0.00364754768088,0.00300885364413,-0.00110502156895],[0.000371340691345,-0.00101316173095,0.000245234317845,-0.00212333002128,0.00708713522181,-0.00376672763377,-0.000123838544823,-0.000339816207998,-0.000773479929194,-0.00198422977701,0.00220913789235,-0.00221376516856,0.000438183313236],[-0.000332563562552,0.000747995101847,0.00007797904982,-0.00167232099921,-0.00376672763377,0.0120506985113,-0.00606657750905,0.000169293576619,0.00359214120544,-0.000304981920635,-0.000287433271296,0.000590517243836,0.00116245250683],[0.000387050618883,-0.00113550981041,-0.000913494732231,0.0030726713594,-0.000123838544823,-0.00606657750905,0.0154705541208,-0.00933245290071,0.00241396762431,0.000933126546443,-0.00356092629954,0.00432944949716,-0.00209597405046],[-0.000329176371451,0.00138688401785,0.000820502522402,-0.00127117300872,-0.000339816207998,0.000169293576619,-0.00933245290071,0.0209857691079,-0.010910580866,0.0028980425559,0.00234475918114,-0.000256916799117,0.00106718647294],[0.000510559766553,-0.0014709281968,0.000282364548184,-0.000697357056197,-0.000773479929194,0.00359214120544,0.00241396762431,-0.010910580866,0.022934736684,-0.0139789627865,0.00498945591971,0.000560255954042,-0.0000638175333734],[-0.000624363368843,0.00230558612384,-0.0018002971774,0.00357722095214,-0.00198422977701,-0.000304981920635,0.000933126546443,0.0028980425559,-0.0139789627865,0.0317414700985,-0.0161461047828,0.00417787162587,0.00054186093621],[0.000859297986608,-0.00136724743061,0.00266778212972,-0.00364754768088,0.00220913789235,-0.000287433271296,-0.00356092629954,0.00234475918114,0.00498945591971,-0.0161461047828,0.0304178427905,-0.0156349465251,0.00619551120326],[-0.000431607360952,0.00131981633604,-0.0021560578607,0.00300885364413,-0.00221376516856,0.000590517243836,0.00432944949716,-0.000256916799117,0.000560255954042,0.00417787162587,-0.0156349465251,0.028239890933,-0.0135258249938],[0.000603927182965,-0.000615811615717,0.00237966235727,-0.00110502156895,0.000438183313236,0.00116245250683,-0.00209597405046,0.00106718647294,-0.0000638175333734,0.00054186093621,0.00619551120326,-0.0135258249938,0.0246972739697]],"mean":[21.9910430908,39.3439292908,-138.053146362,24.3288917542,-48.5515098572,10.7609615326,-42.7748260498,6.49525642395,-25.5090675354,-5.94690752029,-22.39935112,-0.585602223873,-11.1158008575]},"hfc":{"dmean":8.20064067841,"dmean2":12.4381361008,"dvar":140.980957031,"dvar2":336.439422607,"max":314.095336914,"mean":34.3202400208,"median":34.2080345154,"min":1.03426653622e-16,"var":344.800109863},"melbands":{"dmean":[0.000349435198586,0.00109662185423,0.000344302825397,0.000616038625594,0.000233452767134,0.000133140551043,0.0000950390021899,0.0000773850188125,0.000129997002659,0.000135440495797,0.0000977815579972,0.0000846083275974,0.0000848280178616,0.0000508966404595,0.0000338014069712,0.0000502292605233,0.0000594142948103,0.0000538357890036,0.0000735549838282,0.0000438222014054,0.0000404867605539,0.000040123515646,0.0000434113317169,0.0000192436455109,0.0000149836751007,0.0000134858491947,0.00000755484961701,0.00000530378429175,0.00000519017294209,0.00000414803253079,0.00000413324869442,0.00000285559849544,0.0000018816795091,0.00000219854837269,0.00000183238034879,0.00000156193982548,0.0000015571744143,0.00000122574454053,0.00000104020182334,7.58562862302e-7],"dmean2":[0.00062543747481,0.00197334517725,0.000606346409768,0.00108565448318,0.000401249330025,0.000216444750549,0.000158037553774,0.000131183929625,0.00021343777189,0.000215475141886,0.000156482987222,0.000134433372295,0.000133668785566,0.00008244872879,0.0000542290181329,0.0000796785534476,0.0000964964565355,0.0000864346657181,0.0001142494948,0.0000697505820426,0.0000659337092657,0.0000649788271403,0.0000704357735231,0.000030939176213,0.0000242906171479,0.0000216848457057,0.0000120488975881,0.00000852154971653,0.00000848100353323,0.00000662634010951,0.00000666107780489,0.00000455938607047,0.00000295400241157,0.00000338717563864,0.00000290715183837,0.00000249292929766,0.00000250445032179,0.00000197650683731,0.00000168828262304,0.00000121725508961],"dvar":[9.86988652585e-7,0.00000971934332483,4.10601529666e-7,0.00000286905969915,2.85043739723e-7,8.0825969917e-8,5.55542563063e-8,3.43534445335e-8,8.52879082913e-8,9.04571635374e-8,4.45968204588e-8,3.82050444614e-8,4.08951521536e-8,9.2326262191e-9,4.01565403152e-9,6.90118273639e-9,9.02941366121e-9,1.316112197e-8,1.28091386387e-8,5.08582420622e-9,3.35486460834e-9,2.79869261099e-9,3.23199578212e-9,8.3226708858e-10,3.77554043585e-10,3.49138024047e-10,1.3731586701e-10,6.65877283867e-11,7.2550930541e-11,6.63146343394e-11,7.70717101251e-11,4.58527417424e-11,1.06090353516e-11,1.73152967659e-11,1.88466499351e-11,1.55350350639e-11,2.01839222419e-11,2.76244305208e-11,2.20056195488e-11,1.10970781175e-11],"dvar2":[0.00000270696841653,0.0000267193900072,0.00000111436122552,0.00000783165160101,7.39037773201e-7,2.00448582177e-7,1.48968766212e-7,9.01631764805e-8,2.15739589748e-7,2.22417227747e-7,1.08385599162e-7,9.44565385907e-8,9.8535103632e-8,2.28115606404e-8,9.42976718932e-9,1.62426250228e-8,2.24498108992e-8,3.36316254845e-8,3.12464187857e-8,1.1736190686e-8,7.92885224143e-9,6.93500945559e-9,7.88752974046e-9,2.04539696291e-9,9.15103548493e-10,8.20636059107e-10,3.11279974019e-10,1.7219307924e-10,2.05044342616e-10,1.71065869803e-10,2.08819767034e-10,1.23848625799e-10,2.5737641185e-11,4.30635423154e-11,5.07536686289e-11,4.12471411193e-11,5.47897595349e-11,7.78100917032e-11,6.124227514e-11,2.9555250608e-11],"max":[0.0077409055084,0.0315380953252,0.00895439926535,0.0156723093241,0.00881533883512,0.00640142802149,0.00747099006549,0.00297493091784,0.00628673890606,0.00502214673907,0.00353149371222,0.00451858295128,0.00549303274602,0.00238690106198,0.00157057424076,0.00146014732309,0.00191271386575,0.00387552753091,0.00198486214504,0.00141582905781,0.00178082787897,0.000746772275306,0.00105449173134,0.000492028135341,0.000355270167347,0.000640255806502,0.000360502977856,0.000189469748875,0.000298730854411,0.000184175587492,0.000242094552959,0.0002205001947,0.0000672002861393,0.000114947026304,0.000150728301378,0.00012877646077,0.000135706955916,0.00024288984423,0.000192115068785,0.0000872453892953],"mean":[0.00026502268156,0.000868030532729,0.000432495435234,0.000548301090021,0.000287333445158,0.000179620197741,0.000132317683892,0.0000915762720979,0.000193738174858,0.000223674825975,0.000170051207533,0.000154390407261,0.000161000207299,0.0000838584819576,0.0000542211819266,0.0000848479248816,0.0000987202874967,0.0000884319306351,0.000143416385981,0.0000839936474222,0.0000797251123004,0.0000860169602674,0.0000848856070661,0.0000386410065403,0.0000334770447807,0.0000300598348986,0.000016551312001,0.000011309742149,0.0000108611584437,0.00000840111351863,0.0000081502375906,0.0000055657642406,0.00000410103757531,0.00000473374075227,0.00000373764146389,0.00000325887572217,0.00000324611301039,0.00000238032430389,0.00000181095481366,0.00000121460232094],"median":[0.0000442234741058,0.000181771189091,0.000260509783402,0.000198269233806,0.0000912033065106,0.0000588409820921,0.0000437578200945,0.000029300505048,0.0000461761192128,0.0000514227649546,0.0000605463210377,0.0000585088928347,0.0000575371377636,0.0000437935050286,0.0000314484641422,0.0000531528457941,0.0000634612588328,0.0000512940932822,0.000095548290119,0.0000621058716206,0.0000622907027719,0.0000677287753206,0.0000684586702846,0.0000290642710752,0.0000278103616438,0.0000253776306636,0.0000137680026455,0.00000915659165912,0.00000910566086532,0.00000639077006781,0.00000583848623137,0.00000367729035133,0.00000260327601609,0.00000293350126412,0.0000024790772386,0.00000228828253057,0.00000237699941863,0.00000157655176736,0.00000102168178273,6.17289174443e-7],"min":[7.12982544115e-25,8.90568150085e-25,9.72237440489e-25,1.27089337528e-24,9.03947231038e-25,2.32576448863e-24,2.22187762108e-24,2.2362289731e-24,1.91257413483e-24,1.97803992642e-24,2.55741092965e-24,2.31186042074e-24,2.21145420473e-24,2.59711489065e-24,3.20955592911e-24,3.90839754985e-24,3.44584067504e-24,3.36293928251e-24,3.11820820287e-24,2.9434358721e-24,3.96663007858e-24,3.99743509693e-24,2.7382265266e-24,3.39708157691e-24,4.62202991814e-24,3.68627404046e-24,5.61131631912e-24,6.09349886996e-24,5.52971378607e-24,5.47919750028e-24,5.06966864437e-24,5.73224948475e-24,5.99548605793e-24,6.32640610793e-24,6.79304928223e-24,5.55938797231e-24,7.22456645258e-24,5.99209395604e-24,7.01800243569e-24,6.29625663299e-24],"var":[6.59707836803e-7,0.00000637474522591,3.59355169621e-7,0.00000199337000595,3.28912534542e-7,1.43072696801e-7,1.02611679154e-7,4.15778202978e-8,2.35801323356e-7,2.34492233631e-7,1.2793415749e-7,1.17195959604e-7,1.58212571932e-7,2.10577706383e-8,7.25358528797e-9,1.36261322226e-8,1.53644759138e-8,1.78378840587e-8,2.56536800691e-8,8.93869245289e-9,6.92009871628e-9,6.46952713623e-9,6.20094464665e-9,1.53137302839e-9,8.60098159361e-10,7.57169993371e-10,2.68188887764e-10,1.18961965279e-10,1.06576296399e-10,8.50439649258e-11,8.6160432955e-11,4.91209538322e-11,1.98635535104e-11,2.94228738595e-11,2.18908953464e-11,1.83529285519e-11,2.05918199159e-11,2.1601441122e-11,1.87383927819e-11,1.0751079714e-11]},"melbands_crest":{"dmean":3.994358778,"dmean2":6.64797067642,"dvar":17.2083358765,"dvar2":45.1672325134,"max":31.9642715454,"mean":10.9977664948,"median":9.46251010895,"min":1.52497279644,"var":31.0142612457},"melbands_flatness_db":{"dmean":0.0228077750653,"dmean2":0.0364685319364,"dvar":0.000720526790246,"dvar2":0.00175121321809,"max":0.371869981289,"mean":0.110375925899,"median":0.0987733751535,"min":0.00221759499982,"var":0.00282650976442},"melbands_kurtosis":{"dmean":2.85101771355,"dmean2":4.87431669235,"dvar":58.3116416931,"dvar2":158.56930542,"max":194.567596436,"mean":2.39936876297,"median":0.328385353088,"min":-1.85051107407,"var":63.9559020996},"melbands_skewness":{"dmean":0.620548427105,"dmean2":0.986135482788,"dvar":0.599152684212,"dvar2":1.46930146217,"max":11.377705574,"mean":1.05017101765,"median":0.826247990131,"min":-1.94527673721,"var":1.26258850098},"melbands_spread":{"dmean":11.7142219543,"dmean2":18.5896434784,"dvar":169.47303772,"dvar2":405.836456299,"max":239.958480835,"mean":49.4398918152,"median":49.3533210754,"min":1.34716463089,"var":518.634399414},"mfcc":{"cov":[[8309.55664062,106.452453613,-423.408172607,155.1849823,45.3007049561,-21.7940826416,-115.411026001,-12.4645328522,-129.659698486,-5.92365074158,-142.861801147,-97.2220993042,-172.160903931],[106.452453613,839.875366211,35.1234321594,104.80291748,96.9109420776,78.452041626,62.1917381287,64.4727859497,60.4392776489,33.7453231812,8.9905462265,16.4682559967,-22.9676494598],[-423.408172607,35.1234321594,430.338500977,62.3157348633,7.66867589951,29.9660263062,8.81138324738,1.68772864342,0.271731346846,-4.75603961945,29.4887561798,0.856541454792,4.40775060654],[155.1849823,104.80291748,62.3157348633,183.657775879,100.274368286,36.0669136047,12.4154338837,23.9694404602,17.1372032166,15.5998802185,-20.5496463776,12.2299976349,8.88437175751],[45.3007049561,96.9109420776,7.66867589951,100.274368286,191.084915161,87.9923477173,35.7230873108,34.4621582031,23.1349258423,11.8727855682,-4.24529981613,7.97305679321,11.8436288834],[-21.7940826416,78.452041626,29.9660263062,36.0669136047,87.9923477173,133.438049316,85.5387802124,36.0558319092,10.3556375504,8.22849559784,0.240322425961,2.00553059578,3.2814719677],[-115.411026001,62.1917381287,8.81138324738,12.4154338837,35.7230873108,85.5387802124,165.429168701,72.9743652344,27.3196468353,28.5163116455,6.54219961166,3.60857915878,-8.38911437988],[-12.4645328522,64.4727859497,1.68772864342,23.9694404602,34.4621582031,36.0558319092,72.9743652344,100.10344696,51.7108459473,29.5350894928,2.81918597221,1.85963273048,-4.5629029274],[-129.659698486,60.4392776489,0.271731346846,17.1372032166,23.1349258423,10.3556375504,27.3196468353,51.7108459473,100.871932983,58.2520523071,11.6366834641,1.65111160278,-5.74339199066],[-5.92365074158,33.7453231812,-4.75603961945,15.5998802185,11.8727855682,8.22849559784,28.5163116455,29.5350894928,58.2520523071,95.782409668,31.3526000977,9.58414173126,-11.0513677597],[-142.861801147,8.9905462265,29.4887561798,-20.5496463776,-4.24529981613,0.240322425961,6.54219961166,2.81918597221,11.6366834641,31.3526000977,85.0863723755,28.9710731506,-1.93400740623],[-97.2220993042,16.4682559967,0.856541454792,12.2299976349,7.97305679321,2.00553059578,3.60857915878,1.85963273048,1.65111160278,9.58414173126,28.9710731506,67.0845336914,24.2032604218],[-172.160903931,-22.9676494598,4.40775060654,8.88437175751,11.8436288834,3.2814719677,-8.38911437988,-4.5629029274,-5.74339199066,-11.0513677597,-1.93400740623,24.2032604218,74.219367981]],"icov":[[0.000151869986439,-0.0000124904754557,0.000165942241438,-0.000200597190997,0.0000567334100197,-0.000109898799565,0.000236512205447,-0.000216971879127,0.000402769364882,-0.000206088967388,0.000144777906826,0.0000779634574428,0.000350602291292],[-0.0000124904754557,0.00140720175114,0.0000135048940137,-0.000614972261246,-0.0000565114132769,-0.000549623800907,0.0000257871033682,-0.000266306829872,-0.00067526975181,0.000317621103022,-0.000195520100533,-0.000389020424336,0.000615973549429],[0.000165942241438,0.0000135048940137,0.00295676570386,-0.00194578862283,0.00121390959248,-0.00123282778077,0.000412084569689,-0.0000656173797324,0.0000302663065668,0.000810071302112,-0.00185333308764,0.00108479114715,0.0000706791761331],[-0.000200597190997,-0.000614972261246,-0.00194578862283,0.0100531503558,-0.00524141779169,0.00172130600549,0.000147339320392,-0.000627293658908,0.0006602696958,-0.00245206337422,0.00433277664706,-0.00279779057018,-0.000293821794912],[0.0000567334100197,-0.0000565114132769,0.00121390959248,-0.00524141779169,0.011184037663,-0.00730627961457,0.00238281139173,-0.00134388799779,-0.00121871358715,0.000982443569228,-0.00160312268417,0.000715315924026,-0.00082858139649],[-0.000109898799565,-0.000549623800907,-0.00123282778077,0.00172130600549,-0.00730627961457,0.0172125566751,-0.00828712899238,0.0016837620642,0.000843369809445,0.000398796924856,0.000413458736148,0.00054526515305,-0.0010285397293],[0.000236512205447,0.0000257871033682,0.000412084569689,0.000147339320392,0.00238281139173,-0.00828712899238,0.013745627366,-0.00845091138035,0.00275405752473,-0.0026618517004,0.000544785754755,-0.000738691829611,0.00160663900897],[-0.000216971879127,-0.000266306829872,-0.0000656173797324,-0.000627293658908,-0.00134388799779,0.0016837620642,-0.00845091138035,0.0204762816429,-0.00925859156996,0.00199279957451,-0.0000442090858996,-7.33856722945e-7,-0.00048372236779],[0.000402769364882,-0.00067526975181,0.0000302663065668,0.0006602696958,-0.00121871358715,0.000843369809445,0.00275405752473,-0.00925859156996,0.0212461352348,-0.0113381547853,0.00183258822653,0.00109355570748,0.000190734906937],[-0.000206088967388,0.000317621103022,0.000810071302112,-0.00245206337422,0.000982443569228,0.000398796924856,-0.0026618517004,0.00199279957451,-0.0113381547853,0.0200988370925,-0.00683068763465,-0.000165958947036,0.0015043693129],[0.000144777906826,-0.000195520100533,-0.00185333308764,0.00433277664706,-0.00160312268417,0.000413458736148,0.000544785754755,-0.0000442090858996,0.00183258822653,-0.00683068763465,0.0187865290791,-0.00845515914261,0.00253465678543],[0.0000779634574428,-0.000389020424336,0.00108479114715,-0.00279779057018,0.000715315924026,0.00054526515305,-0.000738691829611,-7.33856722945e-7,0.00109355570748,-0.000165958947036,-0.00845515914261,0.0217787977308,-0.00715342443436],[0.000350602291292,0.000615973549429,0.0000706791761331,-0.000293821794912,-0.00082858139649,-0.0010285397293,0.00160663900897,-0.00048372236779,0.000190734906937,0.0015043693129,0.00253465678543,-0.00715342443436,0.0174755603075]],"mean":[-608.539672852,76.2808380127,-28.0169677734,12.9070177078,8.49888134003,2.17714142799,-4.69987106323,5.49857997894,-0.541013896465,-1.2231336832,-7.39935207367,-4.5731306076,-8.14067745209]},"pitch_salience":{"dmean":0.0733387321234,"dmean2":0.123494684696,"dvar":0.00600294489413,"dvar2":0.0164670795202,"max":0.954019129276,"mean":0.605794668198,"median":0.618008553982,"min":0.153098672628,"var":0.0113417282701},"silence_rate_20dB":{"dmean":0,"dmean2":0,"dvar":0,"dvar2":0,"max":1,"mean":1,"median":1,"min":1,"var":0},"silence_rate_30dB":{"dmean":0,"dmean2":0,"dvar":0,"dvar2":0,"max":1,"mean":1,"median":1,"min":1,"var":0},"silence_rate_60dB":{"dmean":0.0175461396575,"dmean2":0.0350968427956,"dvar":0.0172363761812,"dvar2":0.0401011630893,"max":1,"mean":0.0600389875472,"median":0,"min":0,"var":0.0564309991896},"spectral_centroid":{"dmean":251.671463013,"dmean2":395.488983154,"dvar":89931.8828125,"dvar2":202882.046875,"max":11700.7460938,"mean":2202.94458008,"median":2228.93017578,"min":271.800567627,"var":869877.5625},"spectral_complexity":{"dmean":4.72654008865,"dmean2":6.97205257416,"dvar":21.8511428833,"dvar2":39.6262817383,"max":59,"mean":30.7766075134,"median":34,"min":0,"var":148.597976685},"spectral_contrast_coeffs":{"dmean":[0.0583823733032,0.0488556958735,0.0395045541227,0.0336072072387,0.0224454607815,0.0155552830547],"dmean2":[0.0965904667974,0.0798375830054,0.0645056664944,0.0541800484061,0.0362293608487,0.0250384472311],"dvar":[0.0027386371512,0.00173382484354,0.00106316059828,0.000760080758482,0.000346231099684,0.000187757701497],"dvar2":[0.00700572319329,0.00441549485549,0.00270533864386,0.00187364162412,0.000859640131239,0.000452329113614],"max":[-0.268721491098,-0.385841757059,-0.457634210587,-0.543745040894,-0.572058916092,-0.638885974884],"mean":[-0.63157761097,-0.766102671623,-0.776975929737,-0.759810626507,-0.77093321085,-0.762993454933],"median":[-0.636469721794,-0.77908039093,-0.789552390575,-0.758091628551,-0.769166171551,-0.758648812771],"min":[-0.986310660839,-0.988761246204,-0.994907855988,-0.988357067108,-0.992824494839,-0.96456682682],"var":[0.00778016122058,0.00601548328996,0.00496658729389,0.00287047051825,0.00153824919835,0.00115318153985]},"spectral_contrast_valleys":{"dmean":[0.49710854888,0.435226470232,0.326665073633,0.295948892832,0.219429478049,0.206636697054],"dmean2":[0.814585149288,0.708660364151,0.525255441666,0.453906655312,0.326825976372,0.29034101963],"dvar":[0.232273384929,0.181989073753,0.101954251528,0.0931292697787,0.0736703798175,0.0764962658286],"dvar2":[0.513700246811,0.427814245224,0.217905431986,0.188551008701,0.127570152283,0.128475815058],"max":[-5.54409217834,-4.71529388428,-5.4139289856,-5.39057350159,-5.52766513824,-6.90613746643],"mean":[-8.11488342285,-7.09855985641,-7.10073518753,-7.22115182877,-6.99855470657,-9.54801368713],"median":[-7.82694625854,-6.85590219498,-6.77190446854,-6.88103437424,-6.57822942734,-9.2501335144],"min":[-27.8377494812,-27.9693317413,-27.8139095306,-28.0977401733,-27.4857807159,-27.3765850067],"var":[3.88753628731,4.04611873627,4.03817939758,4.13036346436,4.26760911942,3.58987307549]},"spectral_decrease":{"dmean":2.27137664233e-9,"dmean2":3.73073705262e-9,"dvar":1.21941261911e-17,"dvar2":3.15153993585e-17,"max":1.37912737756e-28,"mean":-5.13967446381e-9,"median":-4.55124649079e-9,"min":-2.90793842339e-8,"var":1.38710768915e-17},"spectral_energy":{"dmean":0.00914207752794,"dmean2":0.0148601904511,"dvar":0.000183075782843,"dvar2":0.000469766149763,"max":0.113139040768,"mean":0.0225112754852,"median":0.0205364990979,"min":9.94335073539e-21,"var":0.000226999458391},"spectral_energyband_high":{"dmean":0.000529078475665,"dmean2":0.000788202509284,"dvar":0.00000152294626332,"dvar2":0.00000393355367123,"max":0.0365515872836,"mean":0.00147975794971,"median":0.00117204943672,"min":7.25373743076e-21,"var":0.00000209110567084},"spectral_energyband_low":{"dmean":0.00394940050319,"dmean2":0.00702320737764,"dvar":0.000116350041935,"dvar2":0.000316326710163,"max":0.103183746338,"mean":0.00348587334156,"median":0.00111733644735,"min":8.12196830747e-24,"var":0.0000799611298135},"spectral_energyband_middle_high":{"dmean":0.00274853361771,"dmean2":0.00424337480217,"dvar":0.00000966838069871,"dvar2":0.0000225394087465,"max":0.0528635904193,"mean":0.01082920935,"median":0.0101360492408,"min":1.10702585061e-21,"var":0.0000406823673984},"spectral_energyband_middle_low":{"dmean":0.00437375204638,"dmean2":0.00727475294843,"dvar":0.0000632768569631,"dvar2":0.000167027421412,"max":0.0770294517279,"mean":0.00718041649088,"median":0.00423219427466,"min":1.90283562329e-22,"var":0.0000726097787265},"spectral_entropy":{"dmean":0.101937919855,"dmean2":0.149450212717,"dvar":0.0107479523867,"dvar2":0.0213687028736,"max":9.83050251007,"mean":7.91333293915,"median":7.92750501633,"min":6.53361558914,"var":0.101647272706},"spectral_flux":{"dmean":0.0276798382401,"dmean2":0.0427650511265,"dvar":0.00113123212941,"dvar2":0.00229492969811,"max":0.291541099548,"mean":0.0940162017941,"median":0.0858818367124,"min":6.3016439289e-11,"var":0.00230452907272},"spectral_kurtosis":{"dmean":0.95541292429,"dmean2":1.54157805443,"dvar":1.17207705975,"dvar2":3.16281604767,"max":22.8653678894,"mean":4.4223074913,"median":4.12414550781,"min":-1.2606998682,"var":4.49275398254},"spectral_rms":{"dmean":0.000848260999192,"dmean2":0.0013211867772,"dvar":0.00000119755725336,"dvar2":0.00000289135277853,"max":0.0105061670765,"mean":0.00439811265096,"median":0.00447611510754,"min":3.11461555332e-12,"var":0.00000261883656094},"spectral_rolloff":{"dmean":611.801025391,"dmean2":996.516052246,"dvar":877558.375,"dvar2":1871497.375,"max":19444.4824219,"mean":3032.61401367,"median":2713.18359375,"min":107.666015625,"var":4034956},"spectral_skewness":{"dmean":0.13815651834,"dmean2":0.217939510942,"dvar":0.0195379257202,"dvar2":0.04735866189,"max":3.73080444336,"mean":1.51200568676,"median":1.48018240929,"min":-0.0830311924219,"var":0.105660013855},"spectral_spread":{"dmean":447234.125,"dmean2":673771.5625,"dvar":476856516608,"dvar2":889915572224,"max":42309424,"mean":4722503,"median":4272391,"min":1935222.75,"var":10890961223700},"spectral_strongpeak":{"dmean":1.07200217247,"dmean2":1.81460118294,"dvar":1.49998736382,"dvar2":3.60272789001,"max":12.5765752792,"mean":1.79790735245,"median":1.32339930534,"min":0,"var":2.66733050346},"zerocrossingrate":{"dmean":0.0120993349701,"dmean2":0.0147054344416,"dvar":0.000219329143874,"dvar2":0.000279113039142,"max":0.52587890625,"mean":0.106842540205,"median":0.10009765625,"min":0.0107421875,"var":0.0026760364417}},"metadata":{"audio_properties":{"analysis_sample_rate":44100,"bit_rate":0,"codec":"flac","downmix":"mix","equal_loudness":0,"length":178.63999939,"lossless":true,"md5_encoded":"55e03a9d4892012a3fce5b32a9bd6fa4","replay_gain":-16.3150215149},"tags":{"acoustid_id":["31736e0c-8c76-46d2-b0c0-828a84acb455"],"album":["Tyrannosaurus Hives"],"albumartist":["The Hives"],"artist":["The Hives"],"date":["2004-07-20"],"discnumber":["1"],"disctotal":["1"],"file_name":"05 - The Hives - A Little More for Little You.flac","musicbrainz_albumartistid":["487bfd74-71bf-46dd-b89c-80b7a0f06f2f"],"musicbrainz_albumid":["4d33cc5a-1207-4eba-bb35-b0d01dff40e4"],"musicbrainz_artistid":["487bfd74-71bf-46dd-b89c-80b7a0f06f2f"],"musicbrainz_recordingid":["058605a7-ea0f-420c-851b-608b724569e4"],"musicbrainz_releasegroupid":["aab16dd4-0c5c-3256-940c-0e157a3ab962"],"replaygain_album_gain":["-11.06 dB"],"replaygain_album_peak":["1.000000"],"replaygain_track_gain":["-11.64 dB"],"replaygain_track_peak":["1.000000"],"title":["A Little More for Little You"],"tracknumber":["5"],"tracktotal":["12"]},"version":{"essentia":"2.1-beta1","essentia_build_sha":"46c2b6830b139c2e69ed9f3e0d9145e1b8fbae31","essentia_git_sha":"v2.1_beta1-6-g5578087","extractor":"music 1.0"}},"rhythm":{"beats_count":375,"beats_loudness":{"dmean":0.00997536350042,"dmean2":0.0171168018132,"dvar":0.0000879337749211,"dvar2":0.000244830414886,"max":0.0850347876549,"mean":0.0325184240937,"median":0.0324197970331,"min":0,"var":0.000145633079228},"beats_loudness_band_ratio":{"dmean":[0.214794591069,0.188581839204,0.0958493351936,0.0826637744904,0.09709572047,0.0614235475659],"dmean2":[0.419007688761,0.359553724527,0.161584571004,0.147683098912,0.169188603759,0.111728340387],"dvar":[0.032092474401,0.0154856117442,0.00798484589905,0.00602192245424,0.00688262749463,0.0022006011568],"dvar2":[0.111455798149,0.0506179817021,0.020826049149,0.0174678247422,0.019478045404,0.00682960869744],"max":[0.937649965286,0.722824335098,