{"lowlevel":{"average_loudness":0.943030059338,"barkbands":{"dmean":[0.000220795991481,0.00309553742409,0.00136025180109,0.000863884284627,0.00112302170601,0.000640377984382,0.000852207886055,0.000857625098433,0.00111183885019,0.000674182898365,0.000400684511987,0.000452911801403,0.000472575396998,0.000680486438796,0.000734648201615,0.000455449859146,0.000401443307055,0.000313045922667,0.00025221784017,0.000133740206365,0.0000846171751618,0.0000577179525862,0.0000315292345476,0.0000240886820393,0.0000141859763971,0.00000653634197079,0.00000161652121733],"dmean2":[0.000310809497023,0.00521448347718,0.002296252409,0.00146713212598,0.00189115747344,0.00108838221058,0.00140354619361,0.00134894484654,0.0017119316617,0.00104566430673,0.000622652703896,0.000724614248611,0.000765608565416,0.00109305675142,0.00120772153605,0.000737986702006,0.000650306930766,0.000505353149492,0.000422656099545,0.00022419920424,0.000139236435643,0.0000865576148499,0.0000466235069325,0.0000361319143849,0.0000201110469789,0.00000892015486897,0.00000227994087254],"dvar":[1.50673457711e-7,0.0000208250730793,0.00000395428378397,0.00000140704605656,0.00000437448125012,8.13683982415e-7,0.00000234833919421,0.00000308121275339,0.00000584027384321,0.00000232414208767,6.2549310087e-7,0.00000101977877875,0.00000112509042083,0.00000214266788134,0.00000161629577633,5.23686139786e-7,3.65704522665e-7,2.30080189567e-7,1.00082331755e-7,3.15013473084e-8,1.76861583157e-8,1.04502957399e-8,3.49763373819e-9,9.04641428434e-9,1.96030081057e-9,3.48994999566e-10,2.25551001487e-11],"dvar2":[2.56499305351e-7,0.0000560196094739,0.000010915693565,0.00000379532548322,0.0000112710758913,0.00000222486050916,0.00000604870501775,0.00000684436463416,0.0000123577456179,0.00000502663306179,0.00000129594855025,0.00000238892039306,0.00000272423130809,0.00000530502893525,0.00000418445188188,0.00000129195689169,8.78410617133e-7,5.33083834853e-7,2.67881489435e-7,8.2725122752e-8,4.3735543187e-8,2.28526442214e-8,7.62870833171e-9,1.98221812298e-8,3.9570267063e-9,6.33804730921e-10,4.66836118374e-11],"max":[0.00347900041379,0.0486381240189,0.0356817543507,0.0161257088184,0.0252586882561,0.0170160401613,0.0323830023408,0.040663767606,0.0405351109803,0.0367676056921,0.0237134564668,0.0271388795227,0.0282103773206,0.0389343686402,0.0216277558357,0.0194876063615,0.0169853549451,0.0113952243701,0.00567261176184,0.0069993622601,0.00210595107637,0.00284884357825,0.00212273583747,0.0027543134056,0.00114163442049,0.000661516387481,0.000172095271409],"mean":[0.000341163773555,0.00457901740447,0.00230703852139,0.00146382325329,0.00163690047339,0.00123450765386,0.00133659655694,0.00160300999414,0.00206164736301,0.00137630442623,0.000761084142141,0.000885371351615,0.000873834709637,0.0013503957307,0.00144939462189,0.000943276507314,0.000913891009986,0.000739118724596,0.000684937054757,0.000338259735145,0.000195936707314,0.000127395818708,0.0000623552477919,0.0000450569750683,0.0000271773405984,0.0000109991997306,0.00000232667480304],"median":[0.0000871686934261,0.00319419568405,0.00148643983994,0.000947879103478,0.00107299163938,0.000971461704466,0.000744347285945,0.000650361471344,0.000895997975022,0.000493807718158,0.000337350997142,0.000381294579711,0.000369180750567,0.000564086716622,0.000723320641555,0.000553585821763,0.000616226461716,0.000498467707075,0.00055199576309,0.000295694218948,0.000144499441376,0.0000741459080018,0.0000305521971313,0.0000115490165626,0.0000078580724221,0.0000022219442144,3.20950732657e-7],"min":[3.64534990885e-23,2.27887889571e-23,9.18563837536e-24,5.86903599356e-24,5.34963372303e-23,3.77325770929e-23,1.5573572084e-23,9.15146555203e-23,9.84338365615e-23,1.09629868021e-22,8.60601304337e-23,7.40711738574e-23,4.76668854881e-23,5.27262953908e-23,1.44225848958e-22,2.09571489141e-22,1.33707266e-22,2.77643975348e-22,3.63885455438e-22,2.67762413349e-22,2.44076416596e-22,4.38462472151e-22,4.88992231683e-22,9.32307877097e-22,1.39095993776e-21,1.32207049458e-21,2.46353834048e-21],"var":[3.15640903636e-7,0.0000252711415669,0.00000711642860551,0.00000291459809887,0.00000455958252132,0.0000014180884591,0.00000350173218067,0.00000842288136482,0.0000133808516694,0.00000865323454491,0.00000188193939721,0.00000267999894277,0.00000234382537201,0.00000508604762217,0.00000371209944205,0.00000131354784116,0.00000105902233827,7.13033500688e-7,3.00887137428e-7,5.78273855467e-8,3.44731709845e-8,2.49770426564e-8,8.16026091144e-9,1.96579659217e-8,4.75577310866e-9,9.79388792288e-10,4.48128617547e-11]},"barkbands_crest":{"dmean":2.24853754044,"dmean2":3.77057242393,"dvar":4.82846784592,"dvar2":13.4660110474,"max":25.3194732666,"mean":7.84857559204,"median":6.92439889908,"min":2.36710810661,"var":12.9028539658},"barkbands_flatness_db":{"dmean":0.0151317622513,"dmean2":0.0242859665304,"dvar":0.00022624063422,"dvar2":0.000600482861046,"max":0.329470843077,"mean":0.11058345437,"median":0.104474447668,"min":0.0220229905099,"var":0.00180198915768},"barkbands_kurtosis":{"dmean":1.21503031254,"dmean2":2.09064102173,"dvar":20.934337616,"dvar2":68.8381729126,"max":165.26524353,"mean":1.22753500938,"median":-0.414831638336,"min":-1.96012699604,"var":46.1416053772},"barkbands_skewness":{"dmean":0.357936650515,"dmean2":0.589227795601,"dvar":0.164527237415,"dvar2":0.490009903908,"max":11.9936571121,"mean":0.856540381908,"median":0.641043782234,"min":-2.04122138023,"var":1.09778833389},"barkbands_spread":{"dmean":4.58151578903,"dmean2":7.38790130615,"dvar":23.6719398499,"dvar2":61.586566925,"max":161.705810547,"mean":27.6456279755,"median":27.8933811188,"min":2.15316915512,"var":120.502479553},"dissonance":{"dmean":0.0117823928595,"dmean2":0.0199785865843,"dvar":0.000129611493321,"dvar2":0.000352089991793,"max":0.500000119209,"mean":0.478925079107,"median":0.48327922821,"min":0.288925439119,"var":0.000303785694996},"dynamic_complexity":3.66231513023,"erbbands":{"dmean":[0.0949640795588,0.69842684269,1.51157617569,2.08815193176,4.22443580627,3.29674482346,3.08737754822,6.26334047318,7.17777872086,18.7841949463,18.6740932465,25.1364822388,24.0663585663,17.0021018982,13.4165706635,19.0598011017,20.6834831238,29.3783397675,34.5917243958,34.7917480469,20.3298301697,21.5039749146,17.4465084076,13.7913913727,9.23175048828,6.48127317429,3.96223163605,3.23662257195,2.20602369308,1.49597072601,0.784649670124,0.613933026791,0.328123122454,0.185539484024,0.0915302336216,0.0319827720523,0.0115180397406,0.00273101078346,0.000259194435785,0.0000180558708962],"dmean2":[0.154297709465,1.19911503792,2.55101490021,3.51720118523,7.08748722076,5.62764358521,5.11072444916,10.7429075241,11.8791227341,30.51587677,29.200050354,39.0741653442,37.1045761108,26.8747272491,20.8976478577,30.2826747894,32.9320335388,46.7427139282,57.3536300659,56.2789764404,32.9036445618,34.7531852722,28.0033149719,23.0654201508,15.4165716171,10.9373397827,6.60649633408,5.27443408966,3.3206410408,2.23533892632,1.17192590237,0.931524157524,0.489044219255,0.266655743122,0.130936801434,0.0450023151934,0.015951000154,0.00382424052805,0.00036308268318,0.0000258629697782],"dvar":[0.0327202379704,0.875234425068,4.50062942505,7.54425907135,69.1268539429,27.1904430389,14.3271312714,95.2295532227,134.755828857,1080.14074707,1639.48718262,3502.53125,3029.51904297,1205.10192871,682.278015137,1867.71923828,1946.91467285,5443.8671875,3442.85742188,3985.4140625,1122.39404297,1132.31640625,743.829467773,264.670562744,144.457366943,81.3277359009,36.0509414673,27.2356243134,15.7337427139,7.45154619217,2.26685619354,6.14339160919,1.43648290634,0.321268200874,0.100654199719,0.0102266650647,0.00104255229235,0.0000711338580004,5.22446271134e-7,1.23590959689e-9],"dvar2":[0.0832640677691,2.4320704937,12.5173635483,20.2264289856,178.328765869,73.6580734253,38.2551956177,258.766082764,348.5887146,2649.01318359,3688.64428711,7436.15087891,6456.58544922,2787.69604492,1475.89147949,4441.45898438,4600.6875,13228.0185547,8715.671875,10037.6054688,2676.72558594,2722.60058594,1718.59936523,694.033691406,382.918457031,211.068222046,92.3684158325,66.7817687988,34.4571723938,16.3468875885,4.98454761505,14.5082674026,2.853495121,0.658070087433,0.203873321414,0.0193549655378,0.00196365593001,0.000138612522278,0.00000101644423012,2.55890841849e-9],"max":[1.63056814671,10.4424114227,32.2077102661,38.0764083862,117.65788269,76.3727416992,74.853767395,195.658691406,185.461639404,671.775268555,789.192993164,1150.74157715,1125.42028809,872.95880127,831.460021973,1341.51318359,1329.65649414,2146.91357422,1203.65161133,1089.77392578,1252.31604004,984.923278809,765.903320312,311.88092041,184.936721802,446.349853516,94.7228775024,103.587608337,112.55960083,85.3367233276,39.6217803955,88.3030853271,46.9315605164,16.4147338867,8.43859577179,3.88536214828,1.29927027225,0.380382031202,0.0199694950134,0.000788710138295],"mean":[0.117659687996,1.0541343689,2.77546834946,3.96438407898,5.86147451401,4.94692277908,6.02065849304,11.3128423691,12.6358795166,31.4248752594,36.9887924194,47.2657356262,51.5408630371,36.2102241516,28.4704341888,39.6977386475,43.7394943237,61.2939224243,73.8061599731,73.4061126709,48.165222168,52.0582771301,44.8187294006,38.1315422058,25.4423904419,16.243303299,9.43728351593,7.268638134,4.86098194122,3.08014059067,1.55811059475,1.11461615562,0.618892848492,0.351489216089,0.168673321605,0.0567180030048,0.0185208078474,0.00406036479399,0.000398462929297,0.0000519931636518],"median":[0.0526062734425,0.764875531197,1.88604998589,2.88920545578,3.05711436272,3.3759970665,4.88279342651,8.32755088806,8.21506881714,15.8655443192,15.7347221375,22.1873817444,18.5884094238,18.067565918,15.8017368317,17.8825893402,21.585729599,28.5962696075,41.7954025269,39.6780204773,31.8376064301,35.9342346191,30.3257827759,31.760055542,21.1720809937,14.3080596924,7.39434623718,5.10801315308,2.8322968483,1.60733628273,0.73522156477,0.337329566479,0.149514526129,0.0973993241787,0.0449767410755,0.0130532290787,0.00350324809551,0.000592291820794,0.0000757290617912,0.0000400044300477],"min":[1.38548713635e-21,2.88701341469e-21,7.51178627793e-21,2.02749787578e-20,9.27298934981e-20,1.98308900439e-19,1.45717209457e-19,3.48527200275e-19,3.34427984282e-19,4.60782252692e-19,2.88040688147e-18,2.21210181519e-18,3.52164742528e-18,2.96746185067e-18,3.38911241163e-18,3.04531981224e-18,2.44148272136e-18,1.70596312986e-18,7.16778056966e-18,5.45270718273e-18,1.3050473192e-17,9.61881681351e-18,1.40122046574e-17,1.6513673276e-17,1.61444612096e-17,1.29922785544e-17,1.02504287682e-17,1.12331979181e-17,1.26143149171e-17,2.05280039497e-17,1.34382149313e-17,1.74933016211e-17,1.50891888518e-17,1.49223531397e-17,1.04262733044e-17,4.07808851462e-18,2.79485055673e-18,1.24397583011e-18,3.36968255943e-19,3.90390087293e-20],"var":[0.036856777966,1.11230385303,9.06530189514,17.0813083649,76.2702102661,30.1590995789,24.7428894043,159.106124878,223.856536865,2180.81274414,4483.72021484,7689.74951172,10844.1376953,3694.08032227,1948.58227539,5348.73535156,4623.18798828,11934.7744141,8792.56542969,9554.5546875,3302.06835938,3369.36328125,2544.80517578,872.012573242,379.557403564,142.284393311,65.6538162231,54.2151947021,36.2533454895,17.5705699921,5.11779689789,11.2508420944,3.43841457367,0.737268745899,0.232199847698,0.0281012989581,0.00271782511845,0.000162091251696,0.00000115581985938,2.74509037723e-9]},"erbbands_crest":{"dmean":1.97735452652,"dmean2":3.24331021309,"dvar":4.2416434288,"dvar2":10.4946708679,"max":27.8693389893,"mean":7.64801740646,"median":6.77182769775,"min":2.00764966011,"var":13.563706398},"erbbands_flatness_db":{"dmean":0.0135265653953,"dmean2":0.019818905741,"dvar":0.000184777803952,"dvar2":0.000358147255611,"max":0.390186399221,"mean":0.168516144156,"median":0.168652802706,"min":0.0202457699925,"var":0.00184617994819},"erbbands_kurtosis":{"dmean":0.528940320015,"dmean2":0.868433833122,"dvar":0.415391623974,"dvar2":1.06913340092,"max":17.3866958618,"mean":0.0842471346259,"median":-0.336177825928,"min":-1.55285298824,"var":1.84473073483},"erbbands_skewness":{"dmean":0.241048902273,"dmean2":0.386794358492,"dvar":0.0457218773663,"dvar2":0.109994113445,"max":2.26603603363,"mean":-0.107753269374,"median":-0.198598891497,"min":-3.42019581795,"var":0.426124095917},"erbbands_spread":{"dmean":4.6497759819,"dmean2":7.37812948227,"dvar":23.8888568878,"dvar2":55.7938079834,"max":149.78062439,"mean":32.0194816589,"median":28.711233139,"min":5.21780157089,"var":222.219360352},"gfcc":{"cov":[[21176,-21.5426998138,-1614.61254883,818.405273438,83.6661605835,867.639160156,-362.43838501,558.857971191,-291.94934082,-183.727249146,-609.028137207,-84.3608322144,-523.662719727],[-21.5426998138,986.855651855,-468.845336914,93.3290863037,-48.2483291626,-250.505187988,105.747932434,-168.835891724,97.1756362915,-7.55155658722,145.727233887,-36.1181411743,112.541931152],[-1614.61254883,-468.845336914,657.383605957,-21.8090324402,10.9300270081,75.6210327148,-19.6640434265,68.0293807983,-53.1941490173,11.4796819687,-20.8626365662,37.4835853577,-7.37022304535],[818.405273438,93.3290863037,-21.8090324402,331.547149658,38.4285697937,90.9404449463,33.3850822449,10.114900589,28.9678115845,-42.0545654297,17.8024978638,-25.4861831665,0.990802705288],[83.6661605835,-48.2483291626,10.9300270081,38.4285697937,205.377639771,76.1471939087,50.457244873,64.8706817627,17.5372219086,7.61768007278,-18.7500152588,16.6499538422,-9.2844209671],[867.639160156,-250.505187988,75.6210327148,90.9404449463,76.1471939087,225.123535156,14.9846696854,93.9632797241,-32.7178993225,-16.5263233185,-47.6942634583,2.07440686226,-50.0951805115],[-362.43838501,105.747932434,-19.6640434265,33.3850822449,50.457244873,14.9846696854,114.653022766,8.62865638733,19.068857193,-7.96726465225,29.8065052032,3.31824088097,13.7625026703],[558.857971191,-168.835891724,68.0293807983,10.114900589,64.8706817627,93.9632797241,8.62865638733,129.655548096,-4.4280500412,2.36550617218,-40.9657249451,15.6852788925,-32.5369491577],[-291.94934082,97.1756362915,-53.1941490173,28.9678115845,17.5372219086,-32.7178993225,19.068857193,-4.4280500412,90.239906311,30.8335475922,35.0557632446,-9.88260364532,20.2278308868],[-183.727249146,-7.55155658722,11.4796819687,-42.0545654297,7.61768007278,-16.5263233185,-7.96726465225,2.36550617218,30.8335475922,70.8224639893,26.4522800446,9.14315795898,3.41140007973],[-609.028137207,145.727233887,-20.8626365662,17.8024978638,-18.7500152588,-47.6942634583,29.8065052032,-40.9657249451,35.0557632446,26.4522800446,99.0328292847,18.152305603,39.8377876282],[-84.3608322144,-36.1181411743,37.4835853577,-25.4861831665,16.6499538422,2.07440686226,3.31824088097,15.6852788925,-9.88260364532,9.14315795898,18.152305603,58.8558082581,18.2419815063],[-523.662719727,112.541931152,-7.37022304535,0.990802705288,-9.2844209671,-50.0951805115,13.7625026703,-32.5369491577,20.2278308868,3.41140007973,39.8377876282,18.2419815063,67.8804473877]],"icov":[[0.000241338188061,-0.000413076137193,0.000630186521448,-0.000659230106976,0.000384316663258,-0.000612341391388,0.000854220648762,-0.000884068838786,0.000720950774848,-0.000653451832477,0.0011875522323,-0.000949118868448,0.00100452988409],[-0.000413076137193,0.0047196727246,0.0010808914667,-0.000317519006785,-0.000929112895392,0.00452626589686,-0.00403333641589,0.00185311969835,-0.000195652246475,0.0011457427172,-0.00437116809189,0.00382636790164,-0.00443257158622],[0.000630186521448,0.0010808914667,0.00458482420072,-0.00254341587424,0.00105103338137,-0.0000532813501195,0.00102921947837,-0.00299083907157,0.00364373577759,-0.00248109665699,0.00182322447654,-0.00173140235711,0.000500771333463],[-0.000659230106976,-0.000317519006785,-0.00254341587424,0.00715703703463,-0.00148939434439,-0.00235035014339,-0.000837452709675,0.00279792468064,-0.00499969208613,0.00601544650272,-0.00505320029333,0.00386794679798,-0.00225342740305],[0.000384316663258,-0.000929112895392,0.00105103338137,-0.00148939434439,0.00804437696934,-0.00257459492423,-0.00174800585955,-0.00283187301829,-0.000731173786335,-0.00282278005034,0.00511978100985,-0.00435098493472,0.00136264658067],[-0.000612341391388,0.00452626589686,-0.0000532813501195,-0.00235035014339,-0.00257459492423,0.0139590287581,-0.00525849498808,-0.00185211445205,0.00271999952383,0.000428336206824,-0.00416354788467,0.00410109711811,-0.00156247103587],[0.000854220648762,-0.00403333641589,0.00102921947837,-0.000837452709675,-0.00174800585955,-0.00525849498808,0.0170549955219,-0.00459924666211,0.000765371369198,0.00211311248131,-0.000386763102142,-0.00272024818696,0.00424244394526],[-0.000884068838786,0.00185311969835,-0.00299083907157,0.00279792468064,-0.00283187301829,-0.00185211445205,-0.00459924666211,0.0186729356647,-0.00700603192672,0.00186259206384,0.000807098578662,-0.00260745850392,0.000091855894425],[0.000720950774848,-0.000195652246475,0.00364373577759,-0.00499969208613,-0.000731173786335,0.00271999952383,0.000765371369198,-0.00700603192672,0.0231448765844,-0.0110014853999,-0.000725542078726,0.0049572144635,-0.00250176084228],[-0.000653451832477,0.0011457427172,-0.00248109665699,0.00601544650272,-0.00282278005034,0.000428336206824,0.00211311248131,0.00186259206384,-0.0110014853999,0.0258772857487,-0.0113071426749,0.00131923507433,0.0013558648061],[0.0011875522323,-0.00437116809189,0.00182322447654,-0.00505320029333,0.00511978100985,-0.00416354788467,-0.000386763102142,0.000807098578662,-0.000725542078726,-0.0113071426749,0.0295908171684,-0.0139145785943,0.00193061225582],[-0.000949118868448,0.00382636790164,-0.00173140235711,0.00386794679798,-0.00435098493472,0.00410109711811,-0.00272024818696,-0.00260745850392,0.0049572144635,0.00131923507433,-0.0139145785943,0.0319961905479,-0.0141530102119],[0.00100452988409,-0.00443257158622,0.000500771333463,-0.00225342740305,0.00136264658067,-0.00156247103587,0.00424244394526,0.000091855894425,-0.00250176084228,0.0013558648061,0.00193061225582,-0.0141530102119,0.0314823649824]],"mean":[-3.32018375397,107.028419495,-145.043609619,37.2534942627,-46.8234329224,4.06117486954,-25.988161087,8.6670627594,-14.4288625717,2.46984291077,-13.7694444656,-4.6049747467,-10.2713747025]},"hfc":{"dmean":4.87263536453,"dmean2":7.61225223541,"dvar":37.5519828796,"dvar2":86.815284729,"max":88.903793335,"mean":26.5621318817,"median":26.158405304,"min":1.15513324088e-16,"var":267.363220215},"melbands":{"dmean":[0.000832360121422,0.000794017221779,0.000401028664783,0.000279723491985,0.000103355836472,0.000133474939503,0.000128004496219,0.000198614579858,0.000152188338689,0.000164866825799,0.000121724769997,0.0000727377628209,0.0000528082819073,0.0000432611413999,0.000053429575928,0.0000520549983776,0.0000593950462644,0.0000602433465247,0.0000562165041629,0.0000382983380405,0.0000251909295912,0.0000250634038821,0.0000235090883507,0.0000131740553115,0.0000127222292576,0.0000100992301668,0.00000527562997377,0.00000450513925898,0.00000300288047583,0.00000202440560315,0.00000204430170925,0.0000013889332422,0.00000107064124677,8.07809442449e-7,5.10244660745e-7,3.81782683689e-7,3.90684874674e-7,2.48470911401e-7,1.9773004567e-7,1.56497833359e-7],"dmean2":[0.00137873797212,0.00133669923525,0.000674741808325,0.000473247753689,0.000171995139681,0.000228358374443,0.000211743419641,0.000319961778587,0.000238239997998,0.000255970284343,0.00018767779693,0.000115113558422,0.0000818814660306,0.0000689605076332,0.0000851216973388,0.0000838939304231,0.0000946651925915,0.0000994481888483,0.0000918470686884,0.0000623776359134,0.0000408487867389,0.0000403016565542,0.0000379752345907,0.0000214682149817,0.0000213487983274,0.0000169625382114,0.00000884068776941,0.00000761764704293,0.00000507363620272,0.00000335718596034,0.00000336018592861,0.00000213475186683,0.00000164530865732,0.00000122852270579,7.83353016232e-7,5.83932830978e-7,6.0560807924e-7,3.78447708727e-7,2.90945962433e-7,2.29714530064e-7],"dvar":[0.00000191681260731,0.0000010254392464,2.83736966367e-7,2.87000375465e-7,1.53152903692e-8,4.01856325993e-8,4.72820786968e-8,1.18234503077e-7,1.0371021375e-7,1.46684286051e-7,7.80227935593e-8,2.39504451827e-8,1.07582254216e-8,9.07542485606e-9,1.19836185419e-8,1.43569396371e-8,2.38780408779e-8,1.06321120796e-8,1.12347677828e-8,4.54360415958e-9,1.92165328095e-9,1.76009273822e-9,1.40923284153e-9,3.44864414803e-10,2.25875526616e-10,2.01523325805e-10,4.09286979308e-11,3.77156500475e-11,1.91356774176e-11,9.81729541411e-12,1.13448009667e-11,6.70673802952e-12,3.41073653695e-12,2.40389912837e-12,1.01321880573e-12,1.00145553742e-12,3.35463232713e-12,8.89703079005e-13,4.20639163692e-13,2.34217755867e-13],"dvar2":[0.00000503836008647,0.00000281657366941,7.54656525714e-7,7.44449380363e-7,4.14888248201e-8,1.09190636977e-7,1.22134977687e-7,2.79621275467e-7,2.30447724903e-7,3.11164313871e-7,1.6637110889e-7,5.51076553279e-8,2.24800622561e-8,1.98679437347e-8,2.90147941229e-8,3.61671261828e-8,5.79950238944e-8,2.67576698576e-8,2.94628765829e-8,1.13831122306e-8,4.52173765098e-9,4.23767687607e-9,3.32308647266e-9,8.40935210356e-10,5.97645266609e-10,5.40726352583e-10,1.08814346422e-10,9.92936288746e-11,5.07703046271e-11,2.4522323408e-11,2.85267139771e-11,1.53811772347e-11,7.71878568007e-12,5.50209313874e-12,2.32244475387e-12,2.34649712855e-12,8.04858350106e-12,1.82370243039e-12,8.56267639258e-13,5.12937836736e-13],"max":[0.0137025425211,0.0144804120064,0.00746225193143,0.00644578738138,0.00209616078064,0.00397947151214,0.00344655942172,0.0088258087635,0.00661750044674,0.00728824874386,0.00574888754636,0.00422217417508,0.00329443207011,0.00272795394994,0.00286187464371,0.00372540298849,0.00491590797901,0.00171586417127,0.0018900136929,0.0011230839882,0.0019494931912,0.000950236513745,0.000764147262089,0.000426356709795,0.000295733683743,0.00023614714155,0.0001923719974,0.000275939557469,0.0000640860380372,0.0000511901635036,0.000071119502536,0.0000821494395495,0.0000298369832308,0.0000596474274062,0.000028422469768,0.0000559053842153,0.0000646108528599,0.0000362650716852,0.0000213923322008,0.0000135277005029],"mean":[0.00116845511366,0.00149503652938,0.000766248092987,0.00039499864215,0.000212162529351,0.000248717580689,0.000216535918298,0.000344879110344,0.00029978834209,0.000300914223772,0.000253013684414,0.000145760539453,0.000104544553324,0.0000841371074785,0.000105675077066,0.0000965115614235,0.000116103939945,0.000117556024634,0.000109366512334,0.0000771321720094,0.0000523904527654,0.0000535487342859,0.0000522462978552,0.0000306811198243,0.0000313962445944,0.0000236767737078,0.000012840270756,0.0000100912875496,0.00000630122758594,0.00000449952176496,0.0000040686045395,0.00000285132296085,0.00000213538191929,0.00000153911446432,9.31823819883e-7,6.88396028181e-7,6.65647519327e-7,4.44786479648e-7,3.48199733935e-7,2.80345119563e-7],"median":[0.000734354194719,0.00111125432886,0.000556606100872,0.000247620948358,0.000176519024535,0.000189221987966,0.000134289672133,0.000176449771971,0.000120224154671,0.000131970533403,0.0000860011496115,0.0000666466512484,0.0000491185746796,0.0000385698913306,0.0000482047726109,0.0000415091708419,0.0000479113296024,0.0000606504472671,0.000053361422033,0.0000412847221014,0.000031559204217,0.0000337505698553,0.0000320950421155,0.0000215564232349,0.0000255462873611,0.0000179487778951,0.0000110819946713,0.00000868288861966,0.00000481310598843,0.00000331994124281,0.00000271697717835,0.0000016294541183,0.00000111620647658,7.6861965681e-7,4.21376881832e-7,2.7111374834e-7,1.66252277722e-7,1.06382543663e-7,7.62554464018e-8,7.97725974166e-8],"min":[1.12540277245e-23,3.73014693414e-24,4.35277749169e-24,1.22993267997e-23,5.63988255022e-24,8.11722567571e-24,4.67053381976e-24,6.56428829719e-24,2.51283421428e-23,1.31247159091e-23,1.68937639411e-23,1.1051346481e-23,1.23607877417e-23,1.01706945097e-23,6.1212521799e-24,3.87425486101e-24,2.58432745538e-24,1.11288370766e-23,1.02216920007e-23,6.75905253266e-24,1.7225325335e-23,1.04415672565e-23,7.31228936296e-24,1.45201919178e-23,1.31996363959e-23,1.59040338058e-23,7.06582476148e-24,9.00386667899e-24,7.34763348696e-24,5.83572121424e-24,6.31323528625e-24,6.22084744691e-24,1.04900861465e-23,1.07884364963e-23,7.90043407718e-24,5.93034429096e-24,1.33169818221e-23,9.68001277149e-24,1.21394136501e-23,1.29043555038e-23],"var":[0.00000220313631871,0.00000197476310859,5.81673077704e-7,2.91216565529e-7,2.71058056001e-8,6.8548388299e-8,7.18558084145e-8,2.67548784905e-7,2.9829013215e-7,3.16153176527e-7,2.80282620224e-7,7.02637308336e-8,3.32638769862e-8,2.19251425904e-8,3.15430206399e-8,2.76522342801e-8,5.09396542725e-8,2.5759597122e-8,2.32296102354e-8,1.04683399726e-8,4.99506302987e-9,4.48647297091e-9,4.22279100576e-9,9.89017201469e-10,6.60361820781e-10,4.49559195426e-10,8.66428595536e-11,6.1099965365e-11,3.08752606815e-11,1.89608780066e-11,1.97858188167e-11,1.37213278933e-11,7.66265783464e-12,5.07655506174e-12,2.01408247719e-12,1.81801763314e-12,5.80551448928e-12,2.05903306558e-12,8.69624738973e-13,4.87785159486e-13]},"melbands_crest":{"dmean":3.12917280197,"dmean2":5.21999979019,"dvar":8.01323413849,"dvar2":21.9374351501,"max":39.1236419678,"mean":12.13879776,"median":11.436501503,"min":2.5799946785,"var":25.0295829773},"melbands_flatness_db":{"dmean":0.019745638594,"dmean2":0.032400123775,"dvar":0.000381928577553,"dvar2":0.00105342792813,"max":0.441197752953,"mean":0.169578492641,"median":0.160830825567,"min":0.00757574755698,"var":0.00255076191388},"melbands_kurtosis":{"dmean":4.56794786453,"dmean2":8.05427932739,"dvar":698.523864746,"dvar2":2413.71166992,"max":1041.8996582,"mean":8.43318367004,"median":2.17403578758,"min":-1.8059347868,"var":1641.67810059},"melbands_skewness":{"dmean":0.512011706829,"dmean2":0.848675370216,"dvar":0.568629622459,"dvar2":1.81167244911,"max":27.0076541901,"mean":1.9104821682,"median":1.53876972198,"min":-1.50361824036,"var":3.43101382256},"melbands_spread":{"dmean":6.30018854141,"dmean2":10.3004264832,"dvar":36.9013328552,"dvar2":96.1379241943,"max":162.312835693,"mean":33.2524032593,"median":33.475025177,"min":0.571111917496,"var":220.068359375},"mfcc":{"cov":[[12783.9814453,878.366821289,-1165.83190918,606.261352539,320.338806152,513.979919434,195.576126099,587.138977051,332.141052246,109.897087097,124.830352783,-25.6530590057,-16.4404811859],[878.366821289,793.163696289,-354.081848145,184.947555542,-84.851890564,4.21409988403,-14.3240413666,-11.8029346466,-25.5179138184,36.9340133667,1.87865531445,10.3077201843,8.00462055206],[-1165.83190918,-354.081848145,544.021118164,-93.1420211792,4.4292140007,-72.9300994873,2.99197292328,-61.1023635864,-36.5299453735,-42.1756668091,-34.6495704651,-8.95486545563,-6.15970516205],[606.261352539,184.947555542,-93.1420211792,264.775115967,21.4735393524,78.9176712036,19.751707077,65.8072357178,17.4326457977,30.6086235046,-9.97448635101,19.8615093231,16.50897789],[320.338806152,-84.851890564,4.4292140007,21.4735393524,118.741714478,30.0842761993,18.0804004669,35.7231407166,39.068107605,6.91842842102,3.31626701355,5.13184452057,-2.34140515327],[513.979919434,4.21409988403,-72.9300994873,78.9176712036,30.0842761993,128.857299805,44.1039505005,58.7627182007,18.910774231,18.5641613007,15.072432518,7.13387537003,3.9552667141],[195.576126099,-14.3240413666,2.99197292328,19.751707077,18.0804004669,44.1039505005,100.912849426,63.7454147339,19.6341304779,-7.11100530624,4.4174079895,4.2005572319,-2.28308129311],[587.138977051,-11.8029346466,-61.1023635864,65.8072357178,35.7231407166,58.7627182007,63.7454147339,132.997512817,50.4078292847,1.67365205288,5.10924959183,10.0712928772,2.40988135338],[332.141052246,-25.5179138184,-36.5299453735,17.4326457977,39.068107605,18.910774231,19.6341304779,50.4078292847,70.8793945312,21.0282516479,8.01356315613,-5.45495319366,0.580022990704],[109.897087097,36.9340133667,-42.1756668091,30.6086235046,6.91842842102,18.5641613007,-7.11100530624,1.67365205288,21.0282516479,63.3585548401,23.0985469818,3.85184144974,1.95498073101],[124.830352783,1.87865531445,-34.6495704651,-9.97448635101,3.31626701355,15.072432518,4.4174079895,5.10924959183,8.01356315613,23.0985469818,56.6522102356,15.9870548248,5.66272211075],[-25.6530590057,10.3077201843,-8.95486545563,19.8615093231,5.13184452057,7.13387537003,4.2005572319,10.0712928772,-5.45495319366,3.85184144974,15.9870548248,51.4433670044,21.0971450806],[-16.4404811859,8.00462055206,-6.15970516205,16.50897789,-2.34140515327,3.9552667141,-2.28308129311,2.40988135338,0.580022990704,1.95498073101,5.66272211075,21.0971450806,54.2583236694]],"icov":[[0.00014009422739,-0.000149429004523,0.000107000749267,-0.0000376683456125,-0.000270935008302,-0.000278031104244,0.000188460966456,-0.000395361887058,-0.000206599084777,0.000229867553571,-0.000285704416456,0.000297900405712,0.0000300806514133],[-0.000149429004523,0.00292138219811,0.00171077053528,-0.00210294965655,0.00173047219869,0.00197419081815,-0.00145618687384,0.00174645707011,0.000976026582066,-0.000749098777305,0.000466911704279,-0.000301342952298,0.000234727631323],[0.000107000749267,0.00171077053528,0.00357487029396,-0.00101676711347,-0.0000229097531701,0.00182387477253,-0.0018154598074,0.00145210279152,0.00103983457666,0.000205150965485,0.000974961556494,0.000106562380097,0.0000587177091802],[-0.0000376683456125,-0.00210294965655,-0.00101676711347,0.00757821742445,-0.00121724279597,-0.00378418737091,0.00183363002725,-0.00343873002566,0.000994839007035,-0.00310474075377,0.0038940012455,-0.00189525994938,-0.00123741943389],[-0.000270935008302,0.00173047219869,-0.0000229097531701,-0.00121724279597,0.0125310355797,-0.000968703185208,-0.000559543375857,0.00175029516686,-0.00611904775724,0.000627771718428,0.00104912789539,-0.00314649543725,0.00169720547274],[-0.000278031104244,0.00197419081815,0.00182387477253,-0.00378418737091,-0.000968703185208,0.0146472584456,-0.00490706088021,-0.00124204298481,0.0039862091653,-0.0029744906351,-0.00205885153264,0.00147306511644,-0.000571226293687],[0.000188460966456,-0.00145618687384,-0.0018154598074,0.00183363002725,-0.000559543375857,-0.00490706088021,0.0168856568635,-0.00823989789933,-0.000637096411083,0.00278638559394,-0.00157514994498,0.000166912854183,0.000923879095353],[-0.000395361887058,0.00174645707011,0.00145210279152,-0.00343873002566,0.00175029516686,-0.00124204298481,-0.00823989789933,0.0198791977018,-0.0101391384378,0.00424958858639,0.000994269852526,-0.00444380519912,0.00134949013591],[-0.000206599084777,0.000976026582066,0.00103983457666,0.000994839007035,-0.00611904775724,0.0039862091653,-0.000637096411083,-0.0101391384378,0.0289934370667,-0.0102315377444,-0.00001691385296,0.00669585447758,-0.00306541286409],[0.000229867553571,-0.000749098777305,0.000205150965485,-0.00310474075377,0.000627771718428,-0.0029744906351,0.00278638559394,0.00424958858639,-0.0102315377444,0.025397349149,-0.00988045334816,0.00028489381657,0.00143523560837],[-0.000285704416456,0.000466911704279,0.000974961556494,0.0038940012455,0.00104912789539,-0.00205885153264,-0.00157514994498,0.000994269852526,-0.00001691385296,-0.00988045334816,0.0266347117722,-0.00895950291306,-0.000084535095084],[0.000297900405712,-0.000301342952298,0.000106562380097,-0.00189525994938,-0.00314649543725,0.00147306511644,0.000166912854183,-0.00444380519912,0.00669585447758,0.00028489381657,-0.00895950291306,0.0287985596806,-0.00965974200517],[0.0000300806514133,0.000234727631323,0.0000587177091802,-0.00123741943389,0.00169720547274,-0.000571226293687,0.000923879095353,0.00134949013591,-0.00306541286409,0.00143523560837,-0.000084535095084,-0.00965974200517,0.0226276814938]],"mean":[-627.689147949,127.461975098,-30.1415176392,32.6982460022,-1.00345134735,4.78157663345,-1.85501408577,4.76914358139,2.29503250122,7.47431182861,4.16140508652,-0.649351894855,-1.45152235031]},"pitch_salience":{"dmean":0.0672113150358,"dmean2":0.112426973879,"dvar":0.00351755344309,"dvar2":0.00979728531092,"max":0.834410488605,"mean":0.588416516781,"median":0.597919225693,"min":0.0688079446554,"var":0.00951085891575},"silence_rate_20dB":{"dmean":0,"dmean2":0,"dvar":0,"dvar2":0,"max":1,"mean":1,"median":1,"min":1,"var":0},"silence_rate_30dB":{"dmean":0,"dmean2":0,"dvar":0,"dvar2":0,"max":1,"mean":1,"median":1,"min":1,"var":0},"silence_rate_60dB":{"dmean":0.000178683112608,"dmean2":0.000357398152119,"dvar":0.000178651171154,"dvar2":0.000357263896149,"max":1,"mean":0.074057534337,"median":0,"min":0,"var":0.0685806944966},"spectral_centroid":{"dmean":182.527679443,"dmean2":296.179321289,"dvar":33911.6445312,"dvar2":80886.5859375,"max":11527.1494141,"mean":1737.71411133,"median":1784.60546875,"min":431.160247803,"var":201883.328125},"spectral_complexity":{"dmean":3.75448942184,"dmean2":6.06951379776,"dvar":13.1770496368,"dvar2":30.7395629883,"max":56,"mean":29.894317627,"median":32,"min":0,"var":126.21761322},"spectral_contrast_coeffs":{"dmean":[0.0490037798882,0.0433144569397,0.0362808890641,0.0286653749645,0.01891589351,0.0158652029932],"dmean2":[0.0823961719871,0.0725300833583,0.0593646839261,0.0476912297308,0.0315488651395,0.0257497243583],"dvar":[0.00161517155357,0.00121925678104,0.000874453573488,0.000553680176381,0.000240127177676,0.000216092201299],"dvar2":[0.00437465589494,0.00342013523914,0.00228653801605,0.00145714078099,0.000644945539534,0.000512729224283],"max":[-0.392878293991,-0.426645845175,-0.446473419666,-0.585504293442,-0.556801021099,-0.60353410244],"mean":[-0.684984922409,-0.760225296021,-0.769544661045,-0.779928147793,-0.790270090103,-0.716656506062],"median":[-0.688183784485,-0.764018654823,-0.778405427933,-0.782223343849,-0.790676116943,-0.710624039173],"min":[-0.961401939392,-0.964421510696,-0.958237111568,-0.955178916454,-0.959590911865,-0.960486471653],"var":[0.00499131251127,0.003377918154,0.00391764519736,0.00295092561282,0.00144662871026,0.0020585313905]},"spectral_contrast_valleys":{"dmean":[0.366362780333,0.303958326578,0.268779665232,0.227730199695,0.176441669464,0.254357248545],"dmean2":[0.617796063423,0.51049220562,0.444854110479,0.371117562056,0.289908468723,0.362032175064],"dvar":[0.0933761447668,0.0678594559431,0.0501367673278,0.0420255623758,0.0369085408747,0.116084843874],"dvar2":[0.245261535048,0.176440641284,0.126760438085,0.0933307483792,0.0770771354437,0.229052960873],"max":[-5.40149068832,-4.88690376282,-5.40468931198,-5.52028036118,-5.62006473541,-8.06702899933],"mean":[-7.20620203018,-6.50245046616,-7.04128026962,-7.17328357697,-7.05656337738,-10.6691560745],"median":[-6.84755992889,-6.24171829224,-6.74939584732,-6.85644435883,-6.68725156784,-10.3861713409],"min":[-27.5302753448,-27.8088855743,-27.2364006042,-27.5519580841,-27.4261341095,-27.2272396088],"var":[2.12521052361,1.77411592007,1.96827054024,2.17823505402,2.24543499947,2.2565279007]},"spectral_decrease":{"dmean":1.57140711554e-9,"dmean2":2.51093457138e-9,"dvar":3.03347561984e-18,"dvar2":7.44151779542e-18,"max":4.05281343198e-17,"mean":-6.60837917721e-9,"median":-6.2770171283e-9,"min":-2.05957260135e-8,"var":1.20117245942e-17},"spectral_energy":{"dmean":0.0062112454325,"dmean2":0.00988682173193,"dvar":0.0000475009146612,"dvar2":0.000115543836728,"max":0.0809990912676,"mean":0.0273507423699,"median":0.0261518247426,"min":1.02625859063e-20,"var":0.000204533571377},"spectral_energyband_high":{"dmean":0.000224823714234,"dmean2":0.000341240840498,"dvar":1.30691205413e-7,"dvar2":2.73623015801e-7,"max":0.00691662309691,"mean":0.000629301182926,"median":0.000447497906862,"min":7.29843668779e-21,"var":3.80801651545e-7},"spectral_energyband_low":{"dmean":0.00395505689085,"dmean2":0.00648340024054,"dvar":0.0000266221068159,"dvar2":0.0000679757431499,"max":0.0568092577159,"mean":0.00795338395983,"median":0.00614645471796,"min":5.39465180608e-23,"var":0.0000465450066258},"spectral_energyband_middle_high":{"dmean":0.00214388244785,"dmean2":0.00338914524764,"dvar":0.00000799795270723,"dvar2":0.0000184360396815,"max":0.0452498197556,"mean":0.00989511236548,"median":0.00881986226887,"min":1.57466956245e-21,"var":0.0000586968526477},"spectral_energyband_middle_low":{"dmean":0.00328255887143,"dmean2":0.00528480531648,"dvar":0.0000207082775887,"dvar2":0.0000512110636919,"max":0.0562625452876,"mean":0.00990043394268,"median":0.00819789431989,"min":3.66578386754e-22,"var":0.000051494276704},"spectral_entropy":{"dmean":0.0851010233164,"dmean2":0.12694875896,"dvar":0.00711781531572,"dvar2":0.0144472429529,"max":9.78202342987,"mean":7.71181631088,"median":7.73322677612,"min":6.24398374557,"var":0.100915320218},"spectral_flux":{"dmean":0.0183030329645,"dmean2":0.0282449703664,"dvar":0.000363106373698,"dvar2":0.000795571540948,"max":0.229100167751,"mean":0.0862203240395,"median":0.0837852358818,"min":1.01304423183e-10,"var":0.00147438829299},"spectral_kurtosis":{"dmean":1.67919802666,"dmean2":2.94043207169,"dvar":3.13408970833,"dvar2":9.75794887543,"max":24.1155853271,"mean":4.64106464386,"median":4.11117649078,"min":-1.16189873219,"var":7.41324520111},"spectral_rms":{"dmean":0.000563350622542,"dmean2":0.000891100149602,"dvar":3.36963154268e-7,"dvar2":8.15821692868e-7,"max":0.00888951681554,"mean":0.00488264020532,"median":0.00505113601685,"min":3.16421845323e-12,"var":0.00000284365751213},"spectral_rolloff":{"dmean":355.009521484,"dmean2":605.663391113,"dvar":351305.75,"dvar2":1002446.75,"max":19702.8808594,"mean":1815.98840332,"median":1873.38867188,"min":21.533203125,"var":1500886.625},"spectral_skewness":{"dmean":0.193252414465,"dmean2":0.326998114586,"dvar":0.0309388581663,"dvar2":0.0891248732805,"max":3.3062312603,"mean":1.30287790298,"median":1.24727773666,"min":-0.0241070035845,"var":0.164526954293},"spectral_spread":{"dmean":293789.5,"dmean2":428013,"dvar":205862191104,"dvar2":305394778112,"max":39827760,"mean":3423484,"median":3129760.75,"min":1598876.875,"var":1511436713980},"spectral_strongpeak":{"dmean":0.729254066944,"dmean2":1.28291130066,"dvar":1.49949645996,"dvar2":3.94828081131,"max":12.9463024139,"mean":1.06436610222,"median":0.288921296597,"min":0,"var":2.41638302803},"zerocrossingrate":{"dmean":0.00675719650462,"dmean2":0.00848838035017,"dvar":0.0000622319057584,"dvar2":0.0000897255667951,"max":0.6748046875,"mean":0.0634134858847,"median":0.0625,"min":0.00830078125,"var":0.000984536134638}},"metadata":{"audio_properties":{"analysis_sample_rate":44100,"bit_rate":320032,"codec":"mp3","downmix":"mix","equal_loudness":0,"length":259.892242432,"lossless":false,"md5_encoded":"8558dc2a6aac6af51bc34b2b41552093","replay_gain":-16.8213310242,"sample_rate":44100},"tags":{"album":["Choice of Weapon"],"albumartist":["The Cult"],"albumartistsort":["Cult, The"],"artist":["The Cult"],"artistsort":["Cult, The"],"asin":["B0072IVGZG"],"barcode":["711297494891"],"catalognumber":["COOKCD548X"],"contentgroup":["Rock"],"date":["2012-05-21"],"discnumber":["2/2"],"file_name":"2-03 Until the Light Takes Us.mp3","genre":["Rock; Hard Rock; Gothic Rock; Alternative"],"label":["Cooking Vinyl"],"language":["eng"],"media":["CD"],"mood":["Retro"],"musicbrainz album release country":["GB"],"musicbrainz album status":["official"],"musicbrainz album type":["album"],"musicbrainz_albumartistid":["8846e4ff-0c19-4af2-872b-7a8dc7497f68"],"musicbrainz_albumid":["4ab926a7-c5b6-4165-8034-1e42849ec73b"],"musicbrainz_artistid":["8846e4ff-0c19-4af2-872b-7a8dc7497f68"],"musicbrainz_recordingid":["058bf065-8b51-4717-9634-9b39ef18f961"],"originaldate":["2012-05-21"],"script":["Latn"],"title":["Until the Light Takes Us"],"tracknumber":["3/4"]},"version":{"essentia":"2.1-beta2","essentia_build_sha":"70f2e5ece6736b2c40cc944ad0e695b16b925413","essentia_git_sha":"v2.1_beta2","extractor":"music 1.0"}},"rhythm":{"beats_count":535,"beats_loudness":{"dmean":0.0105671454221,"dmean2":0.0168623477221,"dvar":0.0000759161121096,"dvar2":0.000204845317057,"max":0.0685714706779,"mean":0.0317855738103,"median":0.0309487618506,"min":3.76737441243e-9,"var":0.00020761929045},"beats_loudness_band_ratio":{"dmean":[0.161597713828,0.10151091218,0.102329023182,0.0782659500837,0.0709451884031,0.05859772861],"dmean2":[0.280980855227,0.189981415868,0.175679430366,0.134552910924,0.121352262795,0.114775747061],"dvar":[0.0187049023807,0.00657028611749,0.00922071468085,0.00787235144526,0.00555044272915,0.00159072107635],"dvar2":[0.056351698935,0.0193014