{"lowlevel":{"average_loudness":0.932839930058,"barkbands":{"dmean":[0.000386733707273,0.00875784177333,0.00354515691288,0.00149038119707,0.00414670445025,0.00105852843262,0.000516163185239,0.000421594158979,0.000688945059665,0.000498576147947,0.000177535810508,0.000298630475299,0.000183684387594,0.000350624817656,0.000232290432905,0.000206571930903,0.000407304207329,0.000240970475716,0.00017195919645,0.000161608462804,0.000112304282084,0.0000879669096321,0.000103194215626,0.0000921181126614,0.0000646985135972,0.0000214760148083,0.00000857601753523],"dmean2":[0.000626067514531,0.0154239339754,0.0062161530368,0.00251665664837,0.00669228751212,0.00174460909329,0.000846367271151,0.00068925099913,0.00106738961767,0.000792345381342,0.000288230978185,0.000466150493594,0.000293915101793,0.000562905275729,0.000373500020942,0.000341256847605,0.000665554020088,0.000384869199479,0.000281495740637,0.000260550441453,0.000187465033378,0.000138720672112,0.000155829664436,0.000132201210363,0.0000956982330536,0.0000319347709592,0.0000136093658512],"dvar":[4.32250288895e-7,0.000302000262309,0.0000631835646345,0.00000707697154212,0.000100911827758,0.00000305505295728,7.05881575414e-7,5.29787143932e-7,0.00000171000272076,0.00000109229881673,1.53990114882e-7,5.51642415303e-7,2.2990184334e-7,6.70116776291e-7,3.08460954557e-7,1.5171525547e-7,4.18155536863e-7,1.774285181e-7,8.18427636773e-8,6.49786500162e-8,3.11722665458e-8,1.88375306465e-8,4.32751328105e-8,7.6813499561e-8,4.71479033592e-8,4.28037427724e-9,6.67938260257e-10],"dvar2":[0.00000120580534713,0.000870157091413,0.000181352093932,0.0000196488508664,0.00025857341825,0.00000826635368867,0.00000186234558441,0.00000134843287469,0.0000038715293158,0.00000265248650066,3.78096217446e-7,0.00000127552971207,5.23380833783e-7,0.00000161704883794,6.95156586517e-7,3.85254480761e-7,9.90769649434e-7,4.26844025014e-7,2.03318748504e-7,1.53022128302e-7,8.2782534605e-8,4.42117489285e-8,8.94455780553e-8,1.45423882714e-7,1.0138624873e-7,8.90804674469e-9,1.57357737951e-9],"max":[0.00611516647041,0.124026164412,0.0826104432344,0.0318526104093,0.0982769429684,0.0241484977305,0.0139349922538,0.0127227902412,0.0218220222741,0.0285099856555,0.0144763402641,0.0185477379709,0.0113543635234,0.0161079391837,0.0145466476679,0.0102495420724,0.0140925003216,0.00829592067748,0.00712392153218,0.00602882821113,0.0052583636716,0.00285491091199,0.00719663035125,0.00703214248642,0.00520349107683,0.00243524089456,0.000920534192119],"mean":[0.000551062985323,0.0119814397767,0.00637918850407,0.00309480330907,0.00685128150508,0.00179640483111,0.000894384167623,0.000691404158715,0.00124066451099,0.000838984560687,0.000278806779534,0.000513217528351,0.00028416220448,0.000559234467801,0.000373421382392,0.000372275913833,0.000893134681974,0.000461280462332,0.000350043934304,0.000359104451491,0.000248403579462,0.000211045800825,0.000230955381994,0.000192438004888,0.000124500424135,0.0000412803055951,0.0000132795203172],"median":[0.0000933249102673,0.00657885894179,0.0032149204053,0.00163892004639,0.00340702012181,0.0009432741208,0.000503624847624,0.00034756452078,0.000530110788532,0.000408697756939,0.000158195529366,0.000194101347006,0.000142681063153,0.000242436610279,0.000205809439649,0.000235705185332,0.000660559162498,0.000293559744023,0.000231890182476,0.000260481610894,0.00018679171626,0.000145903759403,0.000140154195833,0.0000753945059841,0.0000537245068699,0.0000129804930111,0.00000142327758113],"min":[4.29427977552e-12,6.84276447354e-14,9.86302845596e-16,8.2210074421e-16,1.11531953717e-14,8.67874701141e-15,3.13089275338e-15,4.8337116746e-15,5.39611275246e-15,1.07844056967e-14,6.30378690599e-15,2.01343627914e-14,3.63151586439e-14,3.26742925522e-14,1.04627991451e-14,3.84192799644e-14,4.73975581548e-14,1.19902677197e-13,1.36335306109e-13,2.27662073221e-13,3.01129618203e-13,4.18091586742e-13,4.04047184165e-13,5.00041035054e-13,1.19578750114e-12,1.96825411872e-12,2.06709233064e-10],"var":[7.46746422919e-7,0.000293088756735,0.0000750538092689,0.0000144684199768,0.00012126447109,0.00000534559967491,0.00000129046350139,0.00000103250295069,0.00000473173395221,0.00000244649709202,2.32509648868e-7,0.00000147165815179,3.71137446109e-7,0.00000119350374916,5.20440835317e-7,3.01599129671e-7,0.00000114776923965,3.54188216534e-7,1.8006048208e-7,1.54071045699e-7,7.30390823378e-8,5.39332951632e-8,1.102445637e-7,2.10467590023e-7,9.08181263526e-8,1.04485424757e-8,1.15875031792e-9]},"barkbands_crest":{"dmean":3.07303881645,"dmean2":5.17527532578,"dvar":10.0182180405,"dvar2":27.8087081909,"max":26.7246170044,"mean":11.6775970459,"median":10.4933376312,"min":2.57368803024,"var":25.0295066833},"barkbands_flatness_db":{"dmean":0.0249127335846,"dmean2":0.0402372889221,"dvar":0.000672730326187,"dvar2":0.00177833775524,"max":0.572179555893,"mean":0.144519910216,"median":0.125499144197,"min":0.0241484567523,"var":0.00599988689646},"barkbands_kurtosis":{"dmean":15.2986946106,"dmean2":24.7030467987,"dvar":8032.88623047,"dvar2":19629.2578125,"max":2752.5703125,"mean":24.7909297943,"median":3.04874491692,"min":-1.98741829395,"var":21115.4746094},"barkbands_skewness":{"dmean":0.839208483696,"dmean2":1.36653327942,"dvar":2.05886936188,"dvar2":5.08878135681,"max":37.9097747803,"mean":2.39988493919,"median":1.89742565155,"min":-12.5688238144,"var":10.3828144073},"barkbands_spread":{"dmean":6.38755321503,"dmean2":10.2703800201,"dvar":64.1996383667,"dvar2":158.090606689,"max":155.083786011,"mean":23.743598938,"median":21.9669723511,"min":0.0577540434897,"var":232.574401855},"dissonance":{"dmean":0.0157256033272,"dmean2":0.026138773188,"dvar":0.000379308796255,"dvar2":0.00102269102354,"max":0.500000059605,"mean":0.462606579065,"median":0.477674096823,"min":0.134797096252,"var":0.00243997899815},"dynamic_complexity":3.27421545982,"erbbands":{"dmean":[0.215594962239,2.11794829369,4.17973852158,4.46562290192,11.51628685,13.561662674,10.3871622086,7.64836931229,7.61574697495,7.95458173752,9.34893512726,15.3705224991,18.9711780548,9.62644577026,7.91750097275,11.3603219986,8.41950702667,15.8737640381,11.7859973907,10.9243364334,14.2850246429,19.9872112274,12.527712822,9.88629436493,9.25383663177,7.56017303467,5.07914400101,4.11957406998,3.22329926491,3.28948140144,2.75542402267,2.03750371933,1.53930830956,0.830948472023,0.427087008953,0.138924792409,0.0313268527389,0.0066721746698,0.00135695550125,0.000120003649499],"dmean2":[0.38943913579,3.6885535717,7.24588012695,7.56150531769,19.3677845001,21.7422618866,16.9846916199,12.6039018631,12.3100214005,13.1390991211,15.1892948151,24.0515995026,29.8728046417,15.1937007904,12.3576622009,17.7161273956,13.3763589859,25.0425643921,19.170923233,17.1761302948,23.2512397766,32.7526473999,20.1380996704,15.900182724,15.0166749954,12.1605033875,8.31589794159,6.90107870102,5.12649869919,5.0841012001,4.12078142166,2.96102929115,2.23231434822,1.22566366196,0.634856760502,0.206096872687,0.0470796041191,0.0102318683639,0.00215160730295,0.000191704006284],"dvar":[0.145926073194,19.3286705017,89.6673736572,67.0800704956,915.990905762,1006.39324951,343.106384277,188.05632019,174.506744385,166.720352173,280.050109863,1066.00756836,1654.54675293,395.049743652,321.31930542,808.602355957,414.34362793,1531.57592773,453.562835693,1019.01037598,595.745422363,826.359008789,524.673522949,220.451248169,296.908233643,148.222320557,66.8781433105,43.1518936157,26.9220714569,27.699256897,39.66954422,34.5282173157,24.1621589661,8.39727115631,2.13595986366,0.229117065668,0.00727561349049,0.000244148308411,0.0000157079120982,1.45053093092e-7],"dvar2":[0.446061939001,54.9910545349,253.500228882,191.288803101,2388.91381836,2656.88134766,923.410095215,486.935424805,449.109283447,431.094116211,710.532592773,2501.45336914,3914.38916016,1021.95172119,700.859680176,1891.11437988,949.784118652,3657.82226563,1149.32910156,2121.19921875,1503.81384277,2097.81396484,1288.79101563,523.542114258,750.488220215,346.923156738,177.346054077,112.488945007,64.3067092896,63.0284614563,81.6158676147,66.9808959961,46.0665626526,18.1369876862,4.60008430481,0.476242631674,0.0157936420292,0.000531050201971,0.0000370105008187,3.59208030432e-7],"max":[3.1017062664,32.612991333,94.275390625,96.4391403198,270.03024292,371.600616455,303.309234619,200.28855896,249.012573242,194.849411011,334.056671143,631.135253906,1053.14526367,532.465942383,431.123046875,747.941040039,621.258239746,786.795288086,544.373901367,1048.94714355,650.790161133,558.546386719,444.55758667,254.927505493,442.331268311,252.140472412,264.770141602,109.62021637,121.319862366,116.255027771,263.556152344,158.482208252,161.917572021,87.4991760254,41.4322509766,17.5884170532,2.7882566452,0.429787486792,0.149957224727,0.0123182106763],"mean":[0.279020428658,2.91166830063,7.21671485901,10.5730371475,16.0938987732,24.0678405762,18.6448440552,12.054854393,13.3937616348,13.6392507553,16.0367851257,27.0285263062,33.8924942017,17.7232093811,14.6880607605,20.3024959564,14.7278089523,26.1594867706,21.685300827,18.9021034241,30.525642395,45.4113998413,26.0654392242,20.8482875824,18.9684295654,16.794095993,11.8402662277,9.00691413879,7.50167226791,7.71372652054,6.06816244125,4.24701023102,3.0654873848,1.56619131565,0.790528178215,0.265330940485,0.0581821799278,0.0112800691277,0.00209442223422,0.000214190338738],"median":[0.142261728644,1.56903815269,4.2838973999,7.1594285965,7.4144077301,11.2825479507,9.44335651398,6.67854976654,7.57690191269,8.36358833313,8.61475849152,12.6913967133,12.8559274673,11.5302886963,8.05364131927,8.28252792358,8.13672637939,10.9252243042,14.5159130096,9.53720283508,20.8786830902,35.8415908813,17.8303394318,14.6890935898,11.8537530899,12.148100853,9.27529525757,6.43194150925,5.19778776169,5.17163705826,3.49583411217,1.77338147163,1.14851009846,0.658168077469,0.323828011751,0.0908571109176,0.017026366666,0.00272902450524,0.00027765892446,0.0000725166901248],"min":[5.48921429144e-11,5.71308842248e-12,2.6074808545e-12,1.99389246433e-12,9.68524132422e-12,3.69075325857e-11,6.33271213246e-11,5.8141862852e-11,7.02709834766e-11,8.63749904934e-11,2.03367878093e-10,1.40848929742e-10,3.64538788045e-10,4.06875672043e-10,5.14920384109e-10,1.33377808798e-9,1.4704932827e-9,1.75504422106e-9,2.56050602943e-9,1.58271928896e-9,2.35509278745e-9,3.71825570333e-9,6.55716014819e-9,6.87171564095e-9,9.2648768657e-9,1.2915351455e-8,1.05520960858e-8,1.32681865495e-8,8.940729046e-9,1.88171416227e-8,1.2449009823e-8,1.05469393219e-8,7.62624008388e-9,8.66855565107e-9,6.92453383522e-9,4.82613371489e-9,3.30567195839e-9,6.78103884155e-9,1.62512066026e-8,5.71444846997e-9],"var":[0.151225760579,18.2495727539,95.7949981689,138.167541504,862.791503906,1503.11352539,658.453186035,278.285675049,316.823547363,303.72076416,542.317687988,2450.22558594,4299.26171875,690.476318359,727.869689941,1874.81115723,725.452331543,2812.66772461,803.462890625,1846.09057617,1599.23669434,2021.99377441,1036.34655762,498.453826904,623.856079102,346.524902344,161.151229858,96.1355438232,70.3854141235,77.9301071167,96.5846176147,94.8268966675,60.2459220886,15.1127901077,4.29059648514,0.534552097321,0.0171171426773,0.000557176885195,0.0000275604197668,2.14739813487e-7]},"erbbands_crest":{"dmean":2.36001443863,"dmean2":3.87142038345,"dvar":5.5197429657,"dvar2":14.008026123,"max":28.9311828613,"mean":8.56525802612,"median":7.12208127975,"min":2.31798481941,"var":21.7456874847},"erbbands_flatness_db":{"dmean":0.01590616256,"dmean2":0.022964829579,"dvar":0.000326933164615,"dvar2":0.00066385010723,"max":0.495029240847,"mean":0.144409909844,"median":0.12294267118,"min":0.0159584973007,"var":0.00426715612411},"erbbands_kurtosis":{"dmean":2.48512244225,"dmean2":3.70863509178,"dvar":176.763305664,"dvar2":378.91104126,"max":373.84362793,"mean":4.06283330917,"median":-0.689173161983,"min":-1.8008813858,"var":892.902404785},"erbbands_skewness":{"dmean":0.384383320808,"dmean2":0.586661279202,"dvar":0.284802109003,"dvar2":0.603728353977,"max":15.3590154648,"mean":0.312759637833,"median":-0.00776227144524,"min":-4.98000955582,"var":2.94352173805},"erbbands_spread":{"dmean":8.77590274811,"dmean2":13.5898990631,"dvar":99.7678451538,"dvar2":230.504623413,"max":164.352432251,"mean":49.0310745239,"median":49.7764091492,"min":0.423148095608,"var":473.204864502},"gfcc":{"cov":[[20506.0683594,-1203.27905273,-2148.55981445,1411.05236816,-444.333435059,1362.47802734,41.505241394,949.54699707,-39.8921432495,82.2215118408,-320.737701416,-87.1140670776,-801.979064941],[-1203.27905273,2309.00463867,-96.8559188843,134.482254028,402.152801514,-160.953918457,299.19430542,-199.146331787,28.3555278778,-151.77532959,23.0726490021,-152.640075684,107.240036011],[-2148.55981445,-96.8559188843,1178.60351563,114.256736755,107.620498657,-4.96583890915,-24.5602779388,-92.1229400635,-32.4297981262,0.625056743622,-60.8971061707,54.5273017883,31.8096485138],[1411.05236816,134.482254028,114.256736755,659.977111816,91.4937515259,282.814483643,83.3305358887,117.999259949,30.509344101,-6.01991653442,-5.63204479218,-13.7765235901,-85.0307769775],[-444.333435059,402.152801514,107.620498657,91.4937515259,374.685760498,15.8886022568,174.168334961,-3.53870272636,62.1178016663,-16.8251476288,17.7684593201,-19.9595870972,22.3621253967],[1362.47802734,-160.953918457,-4.96583890915,282.814483643,15.8886022568,358.42388916,67.1399230957,162.416503906,16.8590946198,36.9973373413,16.4288272858,6.30369377136,-84.5818710327],[41.505241394,299.19430542,-24.5602779388,83.3305358887,174.168334961,67.1399230957,227.87739563,49.8861351013,60.2853431702,-1.9693146944,15.9452295303,-22.624162674,-0.180420547724],[949.54699707,-199.146331787,-92.1229400635,117.999259949,-3.53870272636,162.416503906,49.8861351013,208.499771118,62.2156410217,47.7644805908,9.14605617523,12.7642459869,-33.7832336426],[-39.8921432495,28.3555278778,-32.4297981262,30.509344101,62.1178016663,16.8590946198,60.2853431702,62.2156410217,114.941047668,31.2076892853,15.6413555145,-4.56095981598,10.9948644638],[82.2215118408,-151.77532959,0.625056743622,-6.01991653442,-16.8251476288,36.9973373413,-1.9693146944,47.7644805908,31.2076892853,90.7563400269,41.2210693359,23.1860809326,-3.85983562469],[-320.737701416,23.0726490021,-60.8971061707,-5.63204479218,17.7684593201,16.4288272858,15.9452295303,9.14605617523,15.6413555145,41.2210693359,124.646354675,36.5702857971,25.0647220612],[-87.1140670776,-152.640075684,54.5273017883,-13.7765235901,-19.9595870972,6.30369377136,-22.624162674,12.7642459869,-4.56095981598,23.1860809326,36.5702857971,81.2407608032,26.1013259888],[-801.979064941,107.240036011,31.8096485138,-85.0307769775,22.3621253967,-84.5818710327,-0.180420547724,-33.7832336426,10.9948644638,-3.85983562469,25.0647220612,26.1013259888,107.053482056]],"icov":[[0.000150755702634,-0.0000197672798095,0.000316700927215,-0.000190619626665,-0.00000535718663741,-0.00019791975501,0.0000713196859579,-0.000241136629484,0.000212242463022,-0.00018802183331,0.000620413164143,-0.000458382040961,0.000610354181845],[-0.0000197672798095,0.000901192019228,0.0000734539571567,-0.000356765900506,-0.00035292346729,0.000286555557977,-0.000850117008667,0.000716008071322,0.000141650991281,0.000724331359379,-0.000622683553956,0.001521290862,-0.00104495603591],[0.000316700927215,0.0000734539571567,0.00180631515104,-0.000746398989577,-0.000559226726182,-0.000602117914241,0.000285542715574,0.000439037103206,0.000623536121566,-0.00110988214146,0.00244588009082,-0.00192948570475,0.000743209791835],[-0.000190619626665,-0.000356765900506,-0.000746398989577,0.00299111194909,-0.000224920702749,-0.00175858323928,0.000396497751353,-0.0001027715698,-0.00100995146204,0.00122919876594,-0.000855703721754,0.000171332401806,0.00045935617527],[-0.00000535718663741,-0.00035292346729,-0.000559226726182,-0.000224920702749,0.00499769765884,0.0000959294047789,-0.00303330924362,0.000610465707723,-0.00156666035764,0.000724402430933,-0.000621932209469,-0.0000209939280467,-0.000141951459227],[-0.00019791975501,0.000286555557977,-0.000602117914241,-0.00175858323928,0.0000959294047789,0.00750563293695,-0.00157103582751,-0.00374649604782,0.00210049841553,-0.000380690471502,-0.00215818313882,0.000624543579761,0.00186106562614],[0.0000713196859579,-0.000850117008667,0.000285542715574,0.000396497751353,-0.00303330924362,-0.00157103582751,0.00902444496751,-0.0016038112808,-0.00194620178081,0.00030326101114,0.0000946473010117,0.0000340084006893,0.000697783136275],[-0.000241136629484,0.000716008071322,0.000439037103206,-0.0001027715698,0.000610465707723,-0.00374649604782,-0.0016038112808,0.0117431180552,-0.00490713119507,-0.00181887985673,0.000984308426268,-0.000717667804565,-0.00173733814154],[0.000212242463022,0.000141650991281,0.000623536121566,-0.00100995146204,-0.00156666035764,0.00210049841553,-0.00194620178081,-0.00490713119507,0.0147449420765,-0.00456713419408,0.000738425878808,0.00183491630014,-0.00140368368011],[-0.00018802183331,0.000724331359379,-0.00110988214146,0.00122919876594,0.000724402430933,-0.000380690471502,0.00030326101114,-0.00181887985673,-0.00456713419408,0.0184302031994,-0.00673935981467,-0.0000736454167054,0.000875834783074],[0.000620413164143,-0.000622683553956,0.00244588009082,-0.000855703721754,-0.000621932209469,-0.00215818313882,0.0000946473010117,0.000984308426268,0.000738425878808,-0.00673935981467,0.015427717939,-0.00754882814363,0.000510186597239],[-0.000458382040961,0.001521290862,-0.00192948570475,0.000171332401806,-0.0000209939280467,0.000624543579761,0.0000340084006893,-0.000717667804565,0.00183491630014,-0.0000736454167054,-0.00754882814363,0.0220925938338,-0.00778724206612],[0.000610354181845,-0.00104495603591,0.000743209791835,0.00045935617527,-0.000141951459227,0.00186106562614,0.000697783136275,-0.00173733814154,-0.00140368368011,0.000875834783074,0.000510186597239,-0.00778724206612,0.0180122479796]],"mean":[2.24872612953,81.9432601929,-106.78011322,41.0635147095,-51.3019256592,9.28775215149,-36.2914237976,8.73988723755,-20.7563991547,-3.86152815819,-15.7753705978,-0.433021664619,-5.59250450134]},"hfc":{"dmean":5.1419506073,"dmean2":7.70424365997,"dvar":52.0193023682,"dvar2":109.274009705,"max":116.169715881,"mean":24.1560459137,"median":21.959897995,"min":0.0000141162436194,"var":256.15725708},"melbands":{"dmean":[0.0022006961517,0.00235703331418,0.000863343826495,0.0010350169614,0.000369783985661,0.000175182198291,0.000113519330625,0.0000869750074344,0.0000841447617859,0.0000992724017124,0.0000950378889684,0.0000407404731959,0.000025082470529,0.0000356173477485,0.0000219626381295,0.0000182068561116,0.0000342242892657,0.000021816296794,0.0000166071422427,0.0000120636159409,0.000021640171326,0.0000244843577093,0.0000184561886272,0.00000992032619251,0.00000851184449857,0.00000781952167017,0.0000068390445449,0.0000049612208386,0.00000373890475203,0.00000274702892966,0.00000257599799625,0.00000210335406337,0.00000168554299762,0.00000219326352635,0.00000180397159966,0.00000138593202337,0.00000133339653985,0.00000125820440644,8.49898015076e-7,7.15958492492e-7],"dmean2":[0.00391977885738,0.00404520565644,0.00146051007323,0.00168888969347,0.000606234301813,0.000288444105536,0.000183637079317,0.000142962671816,0.000135746595333,0.000154212451889,0.000150086547364,0.0000644702304271,0.00003976748485,0.0000550067088625,0.0000347602872353,0.0000290865100396,0.0000540214387001,0.0000356549353455,0.0000264146601694,0.0000191604394786,0.0000353685973096,0.0000402072255383,0.0000304590066662,0.0000160276649694,0.0000138227323987,0.0000128707852127,0.0000110345654321,0.00000806386015029,0.00000617000750935,0.00000460116643808,0.00000432621891377,0.00000340338124261,0.00000270432065008,0.0000034293536828,0.00000275171555586,0.0000020854874947,0.00000197518579625,0.00000186090335319,0.0000012634493487,0.00000108437677682],"dvar":[0.0000173705320776,0.0000259719035967,0.0000022516530862,0.00000711287066224,4.60076194031e-7,9.11950905902e-8,3.55999425494e-8,2.05030108447e-8,2.34770691776e-8,3.90456236232e-8,4.12920257986e-8,7.69460051231e-9,3.14267412094e-9,8.71073435604e-9,2.99894287181e-9,2.60943266994e-9,7.33699101474e-9,1.79106551812e-9,2.02359151658e-9,9.24975707139e-10,1.50791756859e-9,1.44933987034e-9,8.38469405018e-10,3.47820633406e-10,1.65573652011e-10,2.19189347228e-10,1.57778942689e-10,6.18332052227e-11,3.73226519135e-11,1.97184196055e-11,1.63436573303e-11,1.15001706075e-11,7.92805925076e-12,1.26732253164e-11,1.47167417142e-11,1.48877073863e-11,1.70464736077e-11,1.75292558247e-11,7.15461630912e-12,6.93039159047e-12],"dvar2":[0.0000512379338033,0.0000725439240341,0.00000626759856459,0.0000185422377399,0.00000125034421217,2.39174141825e-7,9.18642655279e-8,5.25725560863e-8,5.84034722806e-8,9.03420200871e-8,9.7364122098e-8,1.98495033743e-8,7.31339167004e-9,1.9527373496e-8,6.99303992491e-9,6.08569461491e-9,1.74820193877e-8,4.48326176183e-9,4.59886573267e-9,1.95939930947e-9,3.69338626349e-9,3.54446383355e-9,2.06576222794e-9,8.09394384849e-10,4.01812028095e-10,5.6610721666e-10,3.91105731135e-10,1.48147050183e-10,9.93179566366e-11,5.24276420888e-11,4.29471805341e-11,2.83741710683e-11,1.90781661302e-11,2.97842306374e-11,3.17726123189e-11,2.94918117705e-11,3.50546570937e-11,3.45559691972e-11,1.47213734258e-11,1.57495596426e-11],"max":[0.0314721055329,0.0442293509841,0.0151920011267,0.0265701059252,0.00994046684355,0.00403083488345,0.00339875230566,0.00249825767241,0.00315443752334,0.00353082758375,0.00530874542892,0.00235025165603,0.0018627892714,0.00282737845555,0.0014856470516,0.00108646787703,0.00181140005589,0.00112263788469,0.00136642646976,0.000912932970095,0.0010212539928,0.000799412024207,0.000482662784634,0.000534453603905,0.000224525923841,0.000441699579824,0.00033047166653,0.000135167618282,0.000171734762262,0.000176231376827,0.0000676944691804,0.0000832040677778,0.0000500311616634,0.0000875640544109,0.000163162927493,0.000100534976809,0.000126069280668,0.000152727952809,0.0000995309310383,0.0000825427559903],"mean":[0.0030144827906,0.00397143373266,0.00184553745203,0.0016528289998,0.00068001577165,0.000283525383566,0.000202544717467,0.000147476894199,0.000140673160786,0.000175219523953,0.000165152130648,0.0000701740718796,0.0000424482132075,0.0000626908804406,0.0000369797635358,0.0000288707487925,0.0000531986624992,0.0000370002780983,0.000026496782084,0.0000204527750611,0.0000425323160016,0.0000509954588779,0.0000343957690347,0.0000181559535122,0.0000163497315953,0.0000143542265505,0.00001306161721,0.0000103546763057,0.00000791282218415,0.0000055842947404,0.00000513917484568,0.00000442635018771,0.00000367255870515,0.00000463911419502,0.00000367782604371,0.000002751368811,0.0000025491501674,0.00000236984692492,0.00000153676421633,0.00000125293934161],"median":[0.00168363156263,0.00288763386197,0.00142753345426,0.000657883065287,0.000389821449062,0.000159250645083,0.000115926086437,0.0000854281097418,0.0000706902937964,0.000078333534475,0.0000585861707805,0.0000428958446719,0.0000242202968366,0.0000235721363424,0.000018469429051,0.000014727670532,0.0000198124344024,0.0000231636895478,0.0000133650646603,0.000011226483366,0.000026659692594,0.0000378908371204,0.0000238859229285,0.0000107406058305,0.0000108675030788,0.00000811715926829,0.00000776962770033,0.00000750395383875,0.00000593198910792,0.00000381546033168,0.00000352683582605,0.00000292129266199,0.00000229283136832,0.00000298483519146,0.00000211728638533,0.0000012157548781,9.69191432887e-7,8.51053471251e-7,6.06980051998e-7,5.08072787397e-7],"min":[1.08924078524e-12,1.14065945952e-15,6.70185490999e-16,1.25717614707e-15,2.66089852314e-15,1.61229598076e-15,9.13381673287e-16,7.06341833507e-16,1.65047641437e-15,9.27913688168e-16,1.75353554834e-15,1.56398164496e-15,1.27574670917e-15,2.14528225134e-15,3.59183940118e-15,3.20219365753e-15,2.954803921e-15,3.3408645977e-15,1.08471409802e-15,3.35162763361e-15,2.39357937191e-15,3.62381574198e-15,2.99388432712e-15,6.67868707658e-15,4.85597424156e-15,4.68582607476e-15,9.19601224461e-15,7.99385649905e-15,4.94785275238e-15,7.1596188315e-15,7.03501943793e-15,2.47396597498e-15,9.08393115096e-15,8.43860978273e-15,8.53291588998e-15,4.00116214371e-15,5.69173910951e-15,5.9653595506e-15,4.45793906008e-15,7.70763898398e-15],"var":[0.0000173951357283,0.0000263684178208,0.00000362616833627,0.00000860318141349,7.28877751044e-7,1.39535757171e-7,6.79868747966e-8,3.86720131473e-8,4.74211745427e-8,9.6790742532e-8,1.07268746774e-7,1.32180071333e-8,5.35922017875e-9,2.53836791586e-8,5.75969627548e-9,3.90433951836e-9,1.3351810324e-8,3.02445801736e-9,3.39814620887e-9,1.66402425172e-9,4.0505190313e-9,3.53987328339e-9,1.67824332209e-9,6.45298925406e-10,3.40676375998e-10,4.20509904675e-10,3.06865671762e-10,1.34280198072e-10,8.33412922008e-11,4.24714430292e-11,3.41889849764e-11,2.68788116764e-11,1.89031030412e-11,3.08401637561e-11,3.29451813053e-11,3.62054691783e-11,4.11761007235e-11,4.07333750063e-11,1.43441447956e-11,1.08674562405e-11]},"melbands_crest":{"dmean":3.45707154274,"dmean2":5.72571849823,"dvar":11.0787792206,"dvar2":30.8108654022,"max":39.037109375,"mean":16.0748577118,"median":15.195400238,"min":3.11937952042,"var":28.6829319},"melbands_flatness_db":{"dmean":0.0294571146369,"dmean2":0.0473113842309,"dvar":0.000987446284853,"dvar2":0.0024979650043,"max":0.684524655342,"mean":0.216276526451,"median":0.198112383485,"min":0.0236553885043,"var":0.00906162336469},"melbands_kurtosis":{"dmean":13.5973386765,"dmean2":23.2245864868,"dvar":933.135009766,"dvar2":2536.72753906,"max":1201.4107666,"mean":25.4135913849,"median":15.581571579,"min":-1.93810713291,"var":2360.96826172},"melbands_skewness":{"dmean":1.00473821163,"dmean2":1.64994883537,"dvar":1.64176404476,"dvar2":4.25329971313,"max":31.7788734436,"mean":3.55977725983,"median":3.40037035942,"min":-1.48661541939,"var":4.51055192947},"melbands_spread":{"dmean":7.54638671875,"dmean2":11.9540500641,"dvar":161.130722046,"dvar2":341.673828125,"max":258.172698975,"mean":21.5377845764,"median":16.2836799622,"min":0.219484090805,"var":437.294219971},"mfcc":{"cov":[[13995.9589844,-190.755401611,-474.575775146,458.168121338,17.1734657288,276.699188232,99.753578186,568.714477539,273.728851318,243.090011597,314.181976318,262.311553955,187.997955322],[-190.755401611,1577.63171387,-167.035125732,213.476898193,82.1105575562,117.939880371,146.02796936,58.3488807678,98.0992889404,-15.3297109604,-38.8588638306,47.0185775757,-21.6495704651],[-474.575775146,-167.035125732,671.218688965,83.2854919434,79.5012741089,105.255065918,23.445438385,11.8327465057,17.9805297852,-45.8414344788,-14.5600442886,-13.2721271515,4.9428653717],[458.168121338,213.476898193,83.2854919434,355.131744385,115.876289368,129.800064087,75.9993972778,92.9133911133,86.19115448,8.18101787567,27.9023551941,34.3875732422,21.3045692444],[17.1734657288,82.1105575562,79.5012741089,115.876289368,196.05015564,86.206199646,75.1951446533,59.1110076904,47.061958313,20.7273769379,18.6380348206,26.0158538818,21.3022766113],[276.699188232,117.939880371,105.255065918,129.800064087,86.206199646,188.142105103,101.27507782,79.2749557495,48.1905937195,13.1921920776,40.944568634,30.0442619324,17.3942222595],[99.753578186,146.02796936,23.445438385,75.9993972778,75.1951446533,101.27507782,166.617675781,89.5560073853,37.9415550232,26.6310100555,45.7848320007,35.5728416443,27.4160747528],[568.714477539,58.3488807678,11.8327465057,92.9133911133,59.1110076904,79.2749557495,89.5560073853,152.355224609,77.3099517822,46.7808876038,51.1981773376,35.9392471313,30.5128250122],[273.728851318,98.0992889404,17.9805297852,86.19115448,47.061958313,48.1905937195,37.9415550232,77.3099517822,141.898925781,49.5937843323,28.142873764,30.1983261108,3.70321726799],[243.090011597,-15.3297109604,-45.8414344788,8.18101787567,20.7273769379,13.1921920776,26.6310100555,46.7808876038,49.5937843323,115.470924377,52.0472755432,22.2469215393,18.654499054],[314.181976318,-38.8588638306,-14.5600442886,27.9023551941,18.6380348206,40.944568634,45.7848320007,51.1981773376,28.142873764,52.0472755432,101.546081543,43.458480835,29.8546981812],[262.311553955,47.0185775757,-13.2721271515,34.3875732422,26.0158538818,30.0442619324,35.5728416443,35.9392471313,30.1983261108,22.2469215393,43.458480835,82.7813491821,37.1539764404],[187.997955322,-21.6495704651,4.9428653717,21.3045692444,21.3022766113,17.3942222595,27.4160747528,30.5128250122,3.70321726799,18.654499054,29.8546981812,37.1539764404,78.5637130737]],"icov":[[0.0000988639803836,0.0000302866792481,0.0000887147107278,-0.0000875709738466,0.000102340716694,-0.000129151740111,0.000236738793319,-0.000401069410145,0.0000472689353046,-0.0000178292139026,-0.0000528702985321,-0.000160353636602,-0.0000381335121347],[0.0000302866792481,0.000891337287612,0.000380825746106,-0.000426534301369,0.000117078961921,-0.000307767477352,-0.000792511447798,0.000304023385979,-0.000468229089165,0.000148190229083,0.00092756660888,-0.000607738271356,0.000381543533877],[0.0000887147107278,0.000380825746106,0.00201340415515,-0.000188993188203,-0.000393349531805,-0.00138078234158,0.000269821699476,0.0000675320552546,-0.000517367036082,0.000877045327798,0.000349781650584,0.000312221818604,-0.000355228054104],[-0.0000875709738466,-0.000426534301369,-0.000188993188203,0.00479600159451,-0.00154823856428,-0.00180282513611,0.000744047458284,-0.000783107127063,-0.00145792623516,0.00114168028813,-0.000310943432851,0.000296946411254,-0.000557841209229],[0.000102340716694,0.000117078961921,-0.000393349531805,-0.00154823856428,0.00774398026988,-0.00133675208781,-0.00173344276845,-0.000296556740068,-0.000467565550935,-0.00112738087773,0.00142057263292,-0.000842059671413,-0.000703615602106],[-0.000129151740111,-0.000307767477352,-0.00138078234158,-0.00180282513611,-0.00133675208781,0.0112013602629,-0.00410794327036,-0.000854877114762,0.0000346106789948,0.000856107333675,-0.00218107644469,0.0000304001223412,0.00105752958916],[0.000236738793319,-0.000792511447798,0.000269821699476,0.000744047458284,-0.00173344276845,-0.00410794327036,0.0130308214575,-0.00577757833526,0.00184753572103,0.0000189870734175,-0.00211798399687,-0.000817073800135,-0.000827849493362],[-0.000401069410145,0.000304023385979,0.0000675320552546,-0.000783107127063,-0.000296556740068,-0.000854877114762,-0.00577757833526,0.0160082485527,-0.0053633870557,-0.000992879737169,-0.00139416742604,0.00136034423485,-0.00230482011102],[0.0000472689353046,-0.000468229089165,-0.000517367036082,-0.00145792623516,-0.000467565550935,0.0000346106789948,0.00184753572103,-0.0053633870557,0.0126789966598,-0.00425334041938,0.0010048932163,-0.00317105394788,0.00327326403931],[-0.0000178292139026,0.000148190229083,0.000877045327798,0.00114168028813,-0.00112738087773,0.000856107333675,0.0000189870734175,-0.000992879737169,-0.00425334041938,0.0139132766053,-0.00598349701613,0.00169489276595,-0.00141705630813],[-0.0000528702985321,0.00092756660888,0.000349781650584,-0.000310943432851,0.00142057263292,-0.00218107644469,-0.00211798399687,-0.00139416742604,0.0010048932163,-0.00598349701613,0.0185674391687,-0.00645804591477,-0.000805529649369],[-0.000160353636602,-0.000607738271356,0.000312221818604,0.000296946411254,-0.000842059671413,0.0000304001223412,-0.000817073800135,0.00136034423485,-0.00317105394788,0.00169489276595,-0.00645804591477,0.0202292148024,-0.00727111380547],[-0.0000381335121347,0.000381543533877,-0.000355228054104,-0.000557841209229,-0.000703615602106,0.00105752958916,-0.000827849493362,-0.00230482011102,0.00327326403931,-0.00141705630813,-0.000805529649369,-0.00727111380547,0.0181661322713]],"mean":[-635.553100586,105.664642334,5.28565835953,31.4736671448,9.87039375305,3.87543463707,-1.11795055866,7.5810842514,1.06740355492,0.777909517288,-3.62570571899,-0.942174315453,-3.77340292931]},"pitch_salience":{"dmean":0.0818735659122,"dmean2":0.136396586895,"dvar":0.00678856950253,"dvar2":0.0188482943922,"max":0.861859798431,"mean":0.519388794899,"median":0.540957868099,"min":0.0282446164638,"var":0.0181731246412},"silence_rate_20dB":{"dmean":0,"dmean2":0,"dvar":0,"dvar2":0,"max":1,"mean":1,"median":1,"min":1,"var":0},"silence_rate_30dB":{"dmean":0.0122091686353,"dmean2":0.0244211498648,"dvar":0.0120608033612,"dvar2":0.0332718491554,"max":1,"mean":0.992514133453,"median":1,"min":0,"var":0.00742981955409},"silence_rate_60dB":{"dmean":0.00944482814521,"dmean2":0.0188918318599,"dvar":0.00935496110469,"dvar2":0.0213004779071,"max":1,"mean":0.071173556149,"median":0,"min":0,"var":0.0661086216569},"spectral_centroid":{"dmean":258.085235596,"dmean2":394.367828369,"dvar":96280.703125,"dvar2":196501.5625,"max":10986.4492188,"mean":1409.88586426,"median":1392.16564941,"min":166.78338623,"var":458820},"spectral_complexity":{"dmean":3.61207103729,"dmean2":5.6716966629,"dvar":13.9113273621,"dvar2":31.1441802979,"max":55,"mean":22.1358985901,"median":23,"min":0,"var":127.049102783},"spectral_contrast_coeffs":{"dmean":[0.0542682409286,0.048018656671,0.0409640185535,0.0309617742896,0.0226585231721,0.0167456083],"dmean2":[0.0872557163239,0.0783114135265,0.0653461962938,0.0499487966299,0.0368312820792,0.0271854437888],"dvar":[0.00245756842196,0.00164288363885,0.00120569986757,0.000757959729526,0.000399760989239,0.000245213333983],"dvar2":[0.00594684062526,0.00408623088151,0.00292437756434,0.00177436880767,0.000983136240393,0.000612640287727],"max":[-0.266914218664,-0.338200777769,-0.428986847401,-0.481880575418,-0.576499640942,-0.630591392517],"mean":[-0.617696583271,-0.731391906738,-0.760323166847,-0.790116965771,-0.78401529789,-0.765645980835],"median":[-0.625250160694,-0.743212997913,-0.77371764183,-0.800400257111,-0.786232471466,-0.759185254574],"min":[-0.965618312359,-0.962916910648,-0.962407231331,-0.961309313774,-0.960953056812,-0.961115598679],"var":[0.00922259967774,0.00656206952408,0.00631373981014,0.00370676419698,0.00222437712364,0.00205603754148]},"spectral_contrast_valleys":{"dmean":[0.39099535346,0.381194680929,0.321124404669,0.278513729572,0.225308433175,0.251749694347],"dmean2":[0.63720947504,0.619745969772,0.51849758625,0.439012110233,0.353266835213,0.348552137613],"dvar":[0.151476264,0.154512897134,0.10512278229,0.0876671597362,0.0804810002446,0.117195561528],"dvar2":[0.327572435141,0.34902048111,0.22914493084,0.180884554982,0.155146986246,0.204169183969],"max":[-5.09549999237,-4.8198890686,-5.32986164093,-6.01556444168,-5.65174245834,-7.48684072495],"mean":[-7.22671413422,-7.0117225647,-7.53176259995,-7.84400892258,-7.40249252319,-9.98060131073],"median":[-6.57337141037,-6.58466911316,-7.08525133133,-7.43759012222,-6.92175388336,-9.49981880188],"min":[-27.3079528809,-27.6826305389,-27.3432865143,-27.1964626312,-27.1846580505,-27.2500534058],"var":[2.55595016479,2.30215001106,2.33166265488,2.2093372345,2.45839357376,2.66742801666]},"spectral_decrease":{"dmean":3.54377727163e-9,"dmean2":5.99019633896e-9,"dvar":3.24666702979e-17,"dvar2":8.77882615112e-17,"max":2.03409668327e-15,"mean":-9.97161553329e-9,"median":-9.93728832555e-9,"min":-4.66076137684e-8,"var":5.13311627506e-17},"spectral_energy":{"dmean":0.0135614927858,"dmean2":0.0228644534945,"dvar":0.000467395642772,"dvar2":0.00126012437977,"max":0.178518667817,"mean":0.0398261286318,"median":0.0397521816194,"min":7.903716015e-10,"var":0.000763105985243},"spectral_energyband_high":{"dmean":0.00040557529428,"dmean2":0.000599338149186,"dvar":5.27939675976e-7,"dvar2":0.00000103747890989,"max":0.0121634304523,"mean":0.00122357800137,"median":0.000867483206093,"min":1.69047525977e-10,"var":0.0000019628064365},"spectral_energyband_low":{"dmean":0.011082874611,"dmean2":0.0192170068622,"dvar":0.000468930840725,"dvar2":0.00131342618261,"max":0.164698436856,"mean":0.0209665279835,"median":0.0174112115055,"min":4.81388930454e-12,"var":0.000547748117242},"spectral_energyband_middle_high":{"dmean":0.00134656263981,"dmean2":0.00207405397668,"dvar":0.00000291583955914,"dvar2":0.00000665233028485,"max":0.0333797857165,"mean":0.0049095582217,"median":0.00403965357691,"min":7.98208612922e-13,"var":0.0000153107503138},"spectral_energyband_middle_low":{"dmean":0.00587000185624,"dmean2":0.00948540307581,"dvar":0.000123297664686,"dvar2":0.000310111150611,"max":0.109281219542,"mean":0.0150072937831,"median":0.0121109103784,"min":5.5934054453e-14,"var":0.000184203876415},"spectral_entropy":{"dmean":0.155109807849,"dmean2":0.22521263361,"dvar":0.0377144813538,"dvar2":0.0755459666252,"max":9.79706287384,"mean":7.57428312302,"median":7.77395915985,"min":3.05232787132,"var":0.558957576752},"spectral_flux":{"dmean":0.0311106219888,"dmean2":0.0484939441085,"dvar":0.0015880453866,"dvar2":0.00337969977409,"max":0.351912766695,"mean":0.0958358198404,"median":0.085167914629,"min":0.0000561828273931,"var":0.00363712641411},"spectral_kurtosis":{"dmean":1.66969680786,"dmean2":2.73581647873,"dvar":13.1578903198,"dvar2":35.6602592468,"max":84.1231994629,"mean":5.19160366058,"median":2.98353075981,"min":-1.38766014576,"var":75.6207809448},"spectral_rms":{"dmean":0.000945866107941,"dmean2":0.00154747744091,"dvar":0.00000164387074619,"dvar2":0.00000425006646765,"max":0.0131971416995,"mean":0.00575348967686,"median":0.00622756872326,"min":8.78119692516e-7,"var":0.00000575230433242},"spectral_rolloff":{"dmean":560.430786133,"dmean2":947.574035645,"dvar":1220279.125,"dvar2":2726097.5,"max":21791.6015625,"mean":1432.73828125,"median":753.662109375,"min":43.06640625,"var":4161400.25},"spectral_skewness":{"dmean":0.203289359808,"dmean2":0.325889766216,"dvar":0.0791730210185,"dvar2":0.209245041013,"max":7.41249513626,"mean":1.5157456398,"median":1.30841827393,"min":-0.149963438511,"var":0.765670955181},"spectral_spread":{"dmean":514629.59375,"dmean2":733075.375,"dvar":464702177280,"dvar2":795347058688,"max":39847012,"mean":4957898.5,"median":4844009,"min":960527.6875,"var":3573254455300},"spectral_strongpeak":{"dmean":0.393838375807,"dmean2":0.67311424017,"dvar":0.528901398182,"dvar2":1.36224782467,"max":10.3314037323,"mean":0.763351023197,"median":0.515789210796,"min":0,"var":0.877369582653},"zerocrossingrate":{"dmean":0.0113782128319,"dmean2":0.0136833498254,"dvar":0.000305078167003,"dvar2":0.000340860628057,"max":0.8974609375,"mean":0.0626692101359,"median":0.05322265625,"min":0.0029296875,"var":0.0025256446097}},"metadata":{"audio_properties":{"analysis_sample_rate":44100,"bit_rate":0,"codec":"flac","downmix":"mix","equal_loudness":0,"length":201.586669922,"lossless":true,"md5_encoded":"cca897c67d68a75722df53029d48fa72","replay_gain":-15.921587944,"sample_rate":44100},"tags":{"album":["Royal Blood"],"albumartist":["Royal Blood"],"albumartistsort":["Royal Blood"],"artist":["Royal Blood"],"artistsort":["Royal Blood"],"barcode":["825646143870"],"date":["2016-10-28"],"discnumber":["1"],"disctotal":["1"],"file_name":"08 Careless.flac","genre":["Rock"],"label":["Warner Bros. Records"],"media":["Digital Media"],"musicbrainz_albumartistid":["aa62b28e-b6d4-4086-91d4-e5fac1ed56f3"],"musicbrainz_albumid":["a813d7a3-8c40-435f-afda-2ed2b37f27d9"],"musicbrainz_artistid":["aa62b28e-b6d4-4086-91d4-e5fac1ed56f3"],"musicbrainz_recordingid":["05daadb3-9aa9-40ff-80a6-1727118146d7"],"musicbrainz_releasegroupid":["1e4a055a-e3de-4b82-bc34-cd6ac1967835"],"musicbrainz_releasetrackid":["dfe23c82-261a-4b14-9a34-18fbfbd16af8"],"originaldate":["2014-08-22"],"originalyear":["2014"],"releasecountry":["JP"],"releasestatus":["official"],"releasetype":["album"],"script":["Latn"],"title":["Careless"],"totaldiscs":["1"],"totaltracks":["10"],"tracknumber":["8"],"tracktotal":["10"]},"version":{"essentia":"2.1-beta2","essentia_build_sha":"2d9f1f26377add8aeb1075a9c2973f962c4f09fd","essentia_git_sha":"v2.1_beta2-1-ge3940c0","extractor":"music 1.0"}},"rhythm":{"beats_count":305,"beats_loudness":{"dmean":0.016471914947,"dmean2":0.0280497204512,"dvar":0.00025226798607,"dvar2":0.00071462750202,"max":0.124909043312,"mean":0.0483442768455,"median":0.0510282218456,"min":1.45749424973e-7,"var":0.000543528818525},"beats_loudness_band_ratio":{"dmean":[0.230298802257,0.263156831264,0.0649592578411,0.0468091219664,0.0544172599912,0.0427992902696],"dmean2":[0.427941411734,0.511936306953,0.115575999022,0.0856127738953,0.0974460244179,0.0799218714237],"dvar":[0.032158471