{"lowlevel":{"average_loudness":0.697029471397,"barkbands":{"dmean":[0.000725434802007,0.00558172585443,0.00111124257091,0.000796666077804,0.000911522074603,0.000541334215086,0.00047234230442,0.000555074657314,0.000622798339464,0.000301165709971,0.00027273435262,0.00023772129498,0.000400549964979,0.000245037226705,0.000140256146551,0.000174760323716,0.000105529536086,0.000181081864866,0.000172229323653,0.000261028151726,0.0000808266195236,0.0000604468405072,0.000050043574447,0.0000246474410233,0.00000782405732025,6.90965862304e-7,2.46908609114e-8],"dmean2":[0.00122160115279,0.00932569056749,0.00194210745394,0.00135085871443,0.00152975821402,0.00085914862575,0.00074034667341,0.000857564853504,0.000991447130218,0.000453982880572,0.000411423767218,0.000368344597518,0.000620283186436,0.000385973515222,0.000221191279707,0.000275068159681,0.000165033590747,0.000293652992696,0.000279332860373,0.000426376471296,0.0001306602353,0.0000973279311438,0.0000754025386414,0.0000361049715139,0.0000113075857371,9.74981617219e-7,3.54139153558e-8],"dvar":[0.00000456225279777,0.000171830382897,0.00000521996071257,0.00000236616938309,0.00000900596660358,0.00000114697820663,0.00000155218367581,0.00000398259226131,0.00000733777233108,6.87248814302e-7,0.00000149338336541,6.9240314815e-7,0.00000166246229583,8.42814813495e-7,2.06808522307e-7,3.00150503563e-7,9.76754606086e-8,1.81768825769e-7,1.47964684061e-7,4.74893880664e-7,4.21841868103e-8,2.26635634704e-8,1.66326081796e-8,4.44310899184e-9,5.15137210666e-10,3.96888685111e-12,9.10959624926e-15],"dvar2":[0.0000121545226648,0.000420425116317,0.0000148098461068,0.00000642390341454,0.0000243509894062,0.00000284013276541,0.00000373649868379,0.00000987755993265,0.0000174045508174,0.00000130057242131,0.00000348878688783,0.00000162164542417,0.00000376982984562,0.00000202406909011,5.06095318542e-7,7.38504411402e-7,2.15144751792e-7,4.57494024886e-7,3.82347309369e-7,0.00000121654147733,1.11150868065e-7,6.02525389581e-8,3.96428383453e-8,9.3191916406e-9,1.09904818579e-9,7.5523762591e-12,1.49495453722e-14],"max":[0.0269871074706,0.148549109697,0.0299860350788,0.0260236300528,0.0657894462347,0.0208677053452,0.0240489114076,0.0702246800065,0.0799185410142,0.027621421963,0.0327639058232,0.030257916078,0.0346635021269,0.0240726713091,0.0111434841529,0.0157840996981,0.0084235612303,0.00854330416769,0.00951871275902,0.0150458393618,0.00472412956879,0.00272260699421,0.00346257025376,0.00239703967236,0.000889357237611,0.0000618054691586,0.00000360683156941],"mean":[0.000786916993093,0.00804643239826,0.00189621269237,0.00104277278297,0.00146460474934,0.000941345118918,0.000761855975725,0.000791162776295,0.000933538365643,0.000486603239551,0.000470026629046,0.000389882508898,0.000674910203088,0.000356883479981,0.000238404099946,0.000319789425703,0.000200030583073,0.000398713891627,0.000380779587431,0.000513948616572,0.000198998721316,0.000156626541866,0.000143895435031,0.0000727324004401,0.0000239742494159,0.00000203188119485,5.89169246723e-8],"median":[0.0000850840442581,0.00386260286905,0.000807149219327,0.000532813020982,0.000606417248491,0.000466394907562,0.000100259800092,0.0000807313190307,0.0000570366137254,0.000115942042612,0.000048332469305,0.0000981109842542,0.000162469703355,0.000100407160062,0.0000581019703532,0.0000494852065458,0.0000605057430221,0.0000926123466343,0.0000710988533683,0.0000414713540522,0.0000085858073362,0.00000530388888365,0.00000379823291041,0.00000196547762243,4.73880731988e-7,6.19036413241e-8,1.37230014019e-8],"min":[2.13820280925e-11,1.18853885067e-10,7.29396473775e-11,8.77219130668e-11,5.5444624586e-11,1.15243864798e-11,6.14161282594e-12,1.49757148956e-12,2.37837549134e-12,2.33855708236e-12,1.31562339148e-12,3.49543365172e-13,1.04214423549e-12,2.9143556058e-12,4.17996854577e-13,9.20454901535e-13,2.32890161149e-12,3.19210613888e-13,6.55009629435e-13,4.80795362291e-13,1.1117394982e-12,3.11632067807e-13,5.16506542397e-13,3.19316133864e-13,7.59184544657e-13,2.47668704122e-12,4.49717737008e-12],"var":[0.00000516177487953,0.00021458590345,0.00000849658863444,0.0000026222176075,0.00000991367596725,0.00000219930939238,0.00000337622623192,0.00000787530279922,0.0000160958425113,0.00000187029297649,0.00000421997765443,0.00000126479892515,0.00000396751374865,0.00000121278162624,4.05516004776e-7,6.48321247354e-7,2.70121802259e-7,5.44146587345e-7,4.44720626547e-7,0.00000116486137358,1.60709021202e-7,9.60228803137e-8,8.54067252476e-8,2.27961933774e-8,2.56615129146e-9,2.25529300096e-11,2.19154172755e-14]},"barkbands_crest":{"dmean":3.01912021637,"dmean2":5.09068346024,"dvar":7.40055847168,"dvar2":19.9085674286,"max":25.09375,"mean":11.8979654312,"median":11.0644903183,"min":2.63449478149,"var":20.7896957397},"barkbands_flatness_db":{"dmean":0.0239420905709,"dmean2":0.0376808792353,"dvar":0.000550418160856,"dvar2":0.00129571603611,"max":0.45042720437,"mean":0.187179163098,"median":0.181960642338,"min":0.0380438603461,"var":0.00489364564419},"barkbands_kurtosis":{"dmean":5.3227891922,"dmean2":8.68884277344,"dvar":142.864883423,"dvar2":361.639190674,"max":269.181732178,"mean":7.69689178467,"median":2.61500024796,"min":-1.89359867573,"var":241.490585327},"barkbands_skewness":{"dmean":0.704983949661,"dmean2":1.11266934872,"dvar":0.686903774738,"dvar2":1.64768183231,"max":15.0899505615,"mean":1.90847194195,"median":1.61633253098,"min":-3.23229789734,"var":2.67009305954},"barkbands_spread":{"dmean":5.32483673096,"dmean2":8.18499755859,"dvar":46.1864471436,"dvar2":95.6654586792,"max":102.911437988,"mean":21.0436496735,"median":15.2717170715,"min":0.402567356825,"var":332.392059326},"dissonance":{"dmean":0.0194571595639,"dmean2":0.0323220454156,"dvar":0.000493694329634,"dvar2":0.00129489798564,"max":0.500000059605,"mean":0.457814455032,"median":0.471265077591,"min":0.189576357603,"var":0.00164096662775},"dynamic_complexity":5.43506622314,"erbbands":{"dmean":[0.204873487353,1.20921778679,1.50316381454,1.86204373837,3.09784913063,2.99162507057,4.00917243958,4.19907188416,4.76669216156,9.01471424103,14.4240818024,15.9927358627,8.17972278595,9.98109722137,9.4777097702,10.9749317169,16.8098278046,10.6839199066,10.6724443436,9.33196163177,5.82250356674,5.37350416183,9.44560432434,8.42145824432,7.78289031982,9.08219242096,8.37710189819,1.55390715599,3.13374900818,1.69087350368,1.29763460159,0.739059329033,0.304436802864,0.127705276012,0.0293115507811,0.00576525600627,0.000741649360862,0.0000769172402215,0.00000724055871615,0.00000899708174984],"dmean2":[0.337411165237,2.13305020332,2.61990833282,3.21920228004,5.32539415359,4.96935176849,6.3755812645,6.72757291794,7.69218969345,13.6300516129,22.456949234,25.6421794891,12.7437114716,14.1765327454,14.4930877686,16.7481040955,25.9552021027,16.7750682831,16.7457504272,14.6232233047,9.080534935,8.48311710358,15.3481302261,13.4561414719,12.7072467804,14.6853456497,13.450594902,2.35632157326,5.10277032852,2.62731337547,1.95869660378,1.10722863674,0.434480130672,0.184806078672,0.0412503071129,0.00805073045194,0.000989256310277,0.000101412610093,0.0000107791665869,0.0000148100853039],"dvar":[0.30798971653,7.76068401337,10.0979309082,10.9101324081,145.183441162,49.26222229,72.9046173096,87.9425582886,242.274551392,576.701721191,2861.84399414,5529.70214844,405.052368164,1368.33972168,1665.78479004,1270.42053223,3155.20751953,886.066040039,1505.32824707,783.4765625,392.903564453,191.184143066,510.578369141,442.509185791,307.201385498,525.830688477,488.126068115,12.7362384796,68.6769790649,20.3363075256,10.6487121582,3.69615459442,0.850286006927,0.157314732671,0.00549608794972,0.000264225411229,0.00000555244969291,8.52689794328e-8,2.93061741541e-10,2.79682221827e-10],"dvar2":[0.660686552525,21.7735385895,28.7867717743,30.8775901794,403.366516113,132.167388916,176.534729004,217.400054932,626.009155273,1309.31665039,7145.20996094,13488.0400391,887.413330078,2525.65991211,4216.39306641,2910.67407227,7133.77978516,2218.97680664,3581.89599609,1941.94470215,918.02722168,439.130096436,1275.49414062,1114.43200684,801.678955078,1328.72192383,1251.59460449,30.1026954651,187.752243042,50.1750984192,25.2903842926,8.41714382172,1.68057632446,0.335990786552,0.0103175425902,0.000516054802574,0.000009093355402,1.3761156481e-7,5.10656017472e-10,6.76712130776e-10],"max":[6.11117267609,32.5850982666,39.0437774658,51.9475784302,277.653594971,143.438583374,216.291931152,211.472747803,390.858184814,481.879638672,1925.81323242,2107.88085938,852.725463867,1090.79223633,1213.85668945,1370.15209961,1536.37158203,854.706176758,1089.24890137,926.222412109,565.34362793,474.287872314,550.281799316,806.018554688,299.725921631,544.13458252,387.046173096,86.5049209595,153.578033447,131.417297363,81.2689819336,52.2118492126,34.3823776245,18.2761802673,1.95892632008,0.54414075613,0.108849935234,0.0113812424242,0.000607253285125,0.000196137698367],"mean":[0.24597081542,1.67518258095,2.64099550247,2.98633384705,4.01250696182,5.15155172348,7.36756134033,6.95069646835,7.09378528595,14.8954277039,22.1961421967,23.8903579712,13.0161304474,16.9302330017,16.4522075653,20.3226261139,29.8576107025,16.8501262665,17.4819049835,17.7757759094,12.6521673203,11.7357778549,21.5439872742,18.527803421,18.7037086487,19.3057785034,19.642698288,5.00106143951,7.10335826874,4.47352933884,3.75955152512,2.11814928055,0.91987901926,0.381611198187,0.0971549451351,0.0184530448169,0.00231222738512,0.000220038520638,0.0000258975433098,0.0000271336211881],"median":[0.0617023296654,0.954838991165,1.56429290771,1.61358857155,1.63466024399,2.15958094597,3.55121159554,3.39717292786,1.45966935158,2.07287883759,2.25481987,1.6167999506,3.75737547874,3.09429240227,2.66420388222,5.12776088715,7.14679956436,5.81480121613,4.23691177368,3.78484725952,2.4767639637,4.21458911896,5.26215982437,5.25624799728,2.73003983498,1.99721372128,0.619787037373,0.293815284967,0.191961586475,0.138430014253,0.0886649861932,0.0525923073292,0.0248079244047,0.00854525528848,0.00194105005357,0.000402951583965,0.000108901193016,0.0000186722190847,0.0000106221177703,0.0000171390456671],"min":[6.27724228153e-9,1.86324378149e-8,1.06487036078e-7,2.88839231644e-7,2.28220287113e-7,1.73397211256e-7,1.25953746988e-7,8.74127579209e-8,8.85982132104e-8,7.1321842654e-8,6.10846697668e-8,5.74322420732e-8,6.89361101536e-8,6.63188615135e-8,4.0896672715e-8,1.66012998903e-8,3.74747415322e-8,1.49723206277e-7,5.96156937149e-8,1.94800655606e-8,8.59135411702e-8,1.23135563967e-7,2.73419669128e-8,1.46124552458e-8,4.40304717131e-8,2.63614552409e-8,5.54882753079e-8,2.23655192144e-8,8.86145556933e-9,1.4721678987e-8,1.37075808482e-8,8.45190317733e-9,5.51510437319e-9,8.3820363983e-9,5.67467495216e-9,5.76235681393e-9,6.31413366037e-9,1.95335059239e-9,4.9938958524e-10,8.33429020242e-11],"var":[0.426221400499,7.18156480789,11.7582054138,15.0672502518,119.605422974,81.7305145264,153.912338257,138.596694946,371.798614502,1391.36279297,6011.55517578,11117.6455078,926.407653809,3005.15332031,3789.84912109,2764.75048828,7814.79199219,1454.75170898,2594.38183594,1662.91369629,1126.32885742,601.074829102,1557.45605469,1175.95117188,1030.27893066,1435.89196777,1779.83300781,87.5028305054,222.035903931,85.0122451782,57.2698898315,18.4383945465,4.03954124451,0.670354366302,0.0428688563406,0.00179265788756,0.0000292200693366,2.83179332428e-7,1.27718358112e-9,7.90334797607e-10]},"erbbands_crest":{"dmean":2.62873959541,"dmean2":4.26879930496,"dvar":6.28772497177,"dvar2":15.5069007874,"max":32.4435806274,"mean":9.17412281036,"median":8.07151031494,"min":2.06384277344,"var":18.0964431763},"erbbands_flatness_db":{"dmean":0.015842648223,"dmean2":0.022793341428,"dvar":0.000219549081521,"dvar2":0.000415179325501,"max":0.387799829245,"mean":0.185014635324,"median":0.186968952417,"min":0.0299780555069,"var":0.00186810328159},"erbbands_kurtosis":{"dmean":1.10613083839,"dmean2":1.74754953384,"dvar":2.43658161163,"dvar2":5.78222990036,"max":40.7127876282,"mean":0.750120580196,"median":0.00796318054199,"min":-1.82834410667,"var":6.15222406387},"erbbands_skewness":{"dmean":0.409516483545,"dmean2":0.615112006664,"dvar":0.154854938388,"dvar2":0.326792865992,"max":4.02510166168,"mean":0.0486590601504,"median":0.025008816272,"min":-3.12227535248,"var":0.988032639027},"erbbands_spread":{"dmean":7.50141048431,"dmean2":11.4817295074,"dvar":66.9094696045,"dvar2":146.768600464,"max":157.117797852,"mean":36.2263717651,"median":34.174911499,"min":1.45222592354,"var":316.62713623},"gfcc":{"cov":[[15430.7568359,-2217.95019531,-2467.65405273,1285.27770996,-1734.58972168,386.4140625,54.6612205505,742.546203613,344.158081055,262.051971436,-155.610794067,-215.605773926,-177.683181763],[-2217.95019531,2092.38720703,286.07723999,-841.199462891,519.242431641,-458.544403076,59.9280548096,-225.340362549,63.7758903503,-227.414413452,240.911621094,-34.8682022095,55.984161377],[-2467.65405273,286.07723999,1085.85888672,-196.560409546,115.732391357,93.243347168,-65.6689682007,-69.3644714355,-30.6546344757,63.0460205078,-7.26948595047,62.0312232971,36.4896087646],[1285.27770996,-841.199462891,-196.560409546,767.770812988,-73.087059021,91.5892410278,-6.05350160599,29.6307411194,40.4335670471,78.8712692261,-75.4869384766,14.1160850525,-13.6764698029],[-1734.58972168,519.242431641,115.732391357,-73.087059021,540.208557129,-83.6012954712,39.6112365723,-139.53503418,-16.3162746429,-79.2862930298,34.3423614502,20.2971477509,32.8710746765],[386.4140625,-458.544403076,93.243347168,91.5892410278,-83.6012954712,344.925079346,43.2197151184,31.5816936493,-48.4842185974,55.5145606995,-81.1398849487,11.2296094894,8.51428890228],[54.6612205505,59.9280548096,-65.6689682007,-6.05350160599,39.6112365723,43.2197151184,180.941970825,33.4332008362,9.56195735931,-13.3230571747,5.55469179153,-9.16371440887,-3.97844552994],[742.546203613,-225.340362549,-69.3644714355,29.6307411194,-139.53503418,31.5816936493,33.4332008362,186.107269287,53.7187194824,44.6767120361,-11.9253530502,-28.3097915649,-26.2739524841],[344.158081055,63.7758903503,-30.6546344757,40.4335670471,-16.3162746429,-48.4842185974,9.56195735931,53.7187194824,134.44833374,40.7237472534,20.9976959229,-19.71966362,-7.03860187531],[262.051971436,-227.414413452,63.0460205078,78.8712692261,-79.2862930298,55.5145606995,-13.3230571747,44.6767120361,40.7237472534,128.232528687,-1.74376630783,3.62837696075,-11.1509466171],[-155.610794067,240.911621094,-7.26948595047,-75.4869384766,34.3423614502,-81.1398849487,5.55469179153,-11.9253530502,20.9976959229,-1.74376630783,124.813354492,6.29293680191,-0.48499289155],[-215.605773926,-34.8682022095,62.0312232971,14.1160850525,20.2971477509,11.2296094894,-9.16371440887,-28.3097915649,-19.71966362,3.62837696075,6.29293680191,82.779510498,30.7177448273],[-177.683181763,55.984161377,36.4896087646,-13.6764698029,32.8710746765,8.51428890228,-3.97844552994,-26.2739524841,-7.03860187531,-11.1509466171,-0.48499289155,30.7177448273,66.9319229126]],"icov":[[0.000409305066569,-0.00111900654156,0.0010202958947,-0.00117466028314,0.00129076628946,-0.00123566854745,0.000706843449734,-0.00124600331765,0.000298021535855,-0.000786588818301,0.000680699478835,-0.000590109382756,0.000478515197756],[-0.00111900654156,0.00722436467186,-0.00371926021762,0.0064006280154,-0.00490072509274,0.00607559643686,-0.00384436780587,0.00665094936267,-0.00458574527875,0.00560213765129,-0.0049588480033,0.00428109616041,-0.00321117555723],[0.0010202958947,-0.00371926021762,0.00396297080442,-0.00319430464879,0.00316592492163,-0.00407671090215,0.0026659432333,-0.00360734062269,0.00156576419249,-0.00365931005217,0.00259428122081,-0.00273109111004,0.00153965933714],[-0.00117466028314,0.0064006280154,-0.00319430464879,0.00750546017662,-0.00483278883621,0.00530900061131,-0.003340017749,0.00634205667302,-0.00434349803254,0.00390604138374,-0.00330247194506,0.00294632674195,-0.00238999398425],[0.00129076628946,-0.00490072509274,0.00316592492163,-0.00483278883621,0.0072527048178,-0.00432934518903,0.00178116222378,-0.00312295532785,0.00163929443806,-0.00254105078056,0.00297149759717,-0.00265652267262,0.00167079246603],[-0.00123566854745,0.00607559643686,-0.00407671090215,0.00530900061131,-0.00432934518903,0.0101617071778,-0.00504788057879,0.00550280697644,-0.00106205861084,0.00240339338779,-0.00173378421459,0.0036683769431,-0.00376861845143],[0.000706843449734,-0.00384436780587,0.0026659432333,-0.003340017749,0.00178116222378,-0.00504788057879,0.00892553944141,-0.00535857491195,0.00156427407637,-0.00166822492611,0.00159100908786,-0.00225052703172,0.00208150339313],[-0.00124600331765,0.00665094936267,-0.00360734062269,0.00634205667302,-0.00312295532785,0.00550280697644,-0.00535857491195,0.0149996364489,-0.00668158615008,0.00392444012687,-0.00372628495097,0.00480460422114,-0.00148587615695],[0.000298021535855,-0.00458574527875,0.00156576419249,-0.00434349803254,0.00163929443806,-0.00106205861084,0.00156427407637,-0.00668158615008,0.0147671177983,-0.00751131167635,0.00226626032963,-0.000342777260812,0.00016111577861],[-0.000786588818301,0.00560213765129,-0.00365931005217,0.00390604138374,-0.00254105078056,0.00240339338779,-0.00166822492611,0.00392444012687,-0.00751131167635,0.0167963076383,-0.00553460232913,0.00192722352222,-0.000513477367349],[0.000680699478835,-0.0049588480033,0.00259428122081,-0.00330247194506,0.00297149759717,-0.00173378421459,0.00159100908786,-0.00372628495097,0.00226626032963,-0.00553460232913,0.0139987319708,-0.00460534868762,0.00278995302506],[-0.000590109382756,0.00428109616041,-0.00273109111004,0.00294632674195,-0.00265652267262,0.0036683769431,-0.00225052703172,0.00480460422114,-0.000342777260812,0.00192722352222,-0.00460534868762,0.0189249813557,-0.00889995973557],[0.000478515197756,-0.00321117555723,0.00153965933714,-0.00238999398425,0.00167079246603,-0.00376861845143,0.00208150339313,-0.00148587615695,0.00016111577861,-0.000513477367349,0.00278995302506,-0.00889995973557,0.0208045206964]],"mean":[-80.92993927,128.900314331,-119.17540741,50.961265564,-41.6790351868,17.7795734406,-26.7958049774,2.54566073418,-18.9113426208,-4.53514575958,1.96575593948,-7.8974366188,-5.57791757584]},"hfc":{"dmean":3.32995486259,"dmean2":5.0918545723,"dvar":31.5247306824,"dvar2":71.7791137695,"max":116.737762451,"mean":15.7335414886,"median":6.10997915268,"min":3.02627512383e-7,"var":393.626861572},"melbands":{"dmean":[0.00163401965983,0.00104191910941,0.00035301205935,0.00021402972925,0.000133094392368,0.0000963858474279,0.0000786057571531,0.0000978645184659,0.000127160325064,0.0000891913514351,0.0000414205860579,0.0000426270853495,0.0000370805064449,0.0000243770118686,0.0000447577986051,0.0000310048380925,0.0000206590575544,0.0000212119593925,0.0000102108579085,0.0000161613916134,0.00000658580484014,0.00000540210930922,0.0000094848273875,0.00000870695475896,0.00000763826483308,0.00000545878310731,0.00000541828649148,0.00000850314518175,0.000008228274055,0.00000186664226476,7.59803356232e-7,0.00000211112433135,8.69298503403e-7,0.0000012508578493,8.2877437535e-7,6.09447909028e-7,4.24671554811e-7,2.4447089686e-7,1.88120722555e-7,9.35899677756e-8],"dmean2":[0.00274322950281,0.00182627048343,0.000606668239925,0.000363284168998,0.000212653758354,0.000154040855705,0.000125371763716,0.000148140243255,0.000198167035705,0.000143510915223,0.0000642881786916,0.0000605629902566,0.0000566619964957,0.0000378628792532,0.0000688860163791,0.0000481463830511,0.0000325330911437,0.0000334276301146,0.0000161128191394,0.0000251162546192,0.0000101698951767,0.00000839661970531,0.0000156431360665,0.0000139432213473,0.0000123650306705,0.00000885781628313,0.00000886903853825,0.0000139282301461,0.0000134086876642,0.00000297550332107,0.0000012033974599,0.00000345920147993,0.00000139545261391,0.00000198930456463,0.00000126990892113,9.33342164444e-7,6.47341607873e-7,3.63742799436e-7,2.79895772337e-7,1.3759826345e-7],"dvar":[0.000016464622604,0.00000540740711585,5.52750464067e-7,5.46173907878e-7,7.79094690984e-8,4.33247073772e-8,5.45886571501e-8,6.20224582804e-8,2.05476681003e-7,1.70951736322e-7,1.13365512533e-8,2.23509957209e-8,2.77903673407e-8,9.28132681821e-9,2.66365667301e-8,7.92701726482e-9,4.3004853012e-9,6.99830104978e-9,1.1667912192e-9,2.4476196625e-9,6.5753902323e-10,2.82542544916e-10,4.96087115831e-10,5.44002343172e-10,3.78787695654e-10,1.49982914976e-10,1.38903111235e-10,5.29399413196e-10,5.06382435983e-10,2.20057774086e-11,2.99228285379e-12,3.18761787799e-11,3.9827446896e-12,1.35373457236e-11,4.42459133568e-12,2.28723095151e-12,1.28136000074e-12,5.74384886442e-13,3.32712671433e-13,8.09477810303e-14],"dvar2":[0.000036994151742,0.0000154158115038,0.00000152157338107,0.00000151426377215,1.88105119037e-7,1.07656290993e-7,1.38840078989e-7,1.44192568996e-7,5.10291727096e-7,4.19373066052e-7,2.44389202209e-8,3.99519848315e-8,6.90958827931e-8,2.28121361801e-8,5.96868119374e-8,1.74836802813e-8,1.07275299754e-8,1.66116258526e-8,2.88220447509e-9,5.89577719978e-9,1.44266587565e-9,6.27725205149e-10,1.35198263695e-9,1.33235655841e-9,9.63172319679e-10,3.89830723257e-10,3.68371194659e-10,1.35487443487e-9,1.30315669367e-9,5.74817311805e-11,7.67372450305e-12,8.72307504007e-11,1.0166795357e-11,3.48286052776e-11,1.07410165831e-11,5.38616677301e-12,2.96120029539e-12,1.22554733289e-12,7.09871668825e-13,1.77116188469e-13],"max":[0.0408140793443,0.0273548532277,0.0129984365776,0.0167548730969,0.0081026898697,0.00448833266273,0.00550994137302,0.00459027569741,0.0145713640377,0.0117572518066,0.00431076111272,0.00423478707671,0.00476154359058,0.00413778750226,0.00492113921791,0.00305632082745,0.00175038282759,0.00241369800642,0.000860912667122,0.00140084314626,0.000826419331133,0.000649243476801,0.000523621507455,0.000565929862205,0.000736752524972,0.000232862003031,0.000183013558853,0.00053952622693,0.000423737888923,0.0000897705831449,0.0000392479705624,0.000101764759165,0.0000413272355217,0.000114232068881,0.0000493633669976,0.0000354634794348,0.0000326102199324,0.0000268708899966,0.0000214070787479,0.0000127817156681],"mean":[0.00222753570415,0.00177246367093,0.00055920984596,0.0003277391952,0.000257468986092,0.000161787436809,0.00012017111294,0.00015905580949,0.000195406231796,0.000131662658532,0.0000633277668385,0.000069876863563,0.0000631260627415,0.0000394953094656,0.0000787574244896,0.0000496145403304,0.0000294231449516,0.0000312375559588,0.0000181384912139,0.0000276053760899,0.0000123806621559,0.0000101814039226,0.0000190378850675,0.0000181652321771,0.0000148101153172,0.0000127069015434,0.0000116287046694,0.0000151727199409,0.0000170602943399,0.00000470586883239,0.00000195159987015,0.00000443467069999,0.0000023851075639,0.0000026662826258,0.00000220430774789,0.0000016643972458,0.00000113724377115,6.50909214528e-7,4.99923487496e-7,2.58719524027e-7],"median":[0.000864173576701,0.00113039370626,0.000315414363286,0.000134550558869,0.000132936504087,0.0000789796758909,0.0000199752648768,0.0000209672089113,0.0000145391177284,0.00000813118549559,0.0000175517234311,0.0000130228590933,0.00000731561340217,0.0000103255415524,0.0000138656541822,0.0000141238606375,0.00000940451445786,0.00000678026253809,0.00000441869133283,0.00000401629813496,0.0000021859939352,0.00000291702690447,0.00000432028446085,0.00000448824403065,0.00000402579871661,0.00000175446439243,0.00000181297571089,0.00000110332098302,3.94321205022e-7,1.75669427449e-7,1.46519823829e-7,1.16279395002e-7,6.95803876738e-8,7.4546271378e-8,4.57542803645e-8,4.00913044984e-8,2.7053356888e-8,1.83872828075e-8,1.12430091903e-8,5.41839639823e-9],"min":[4.95737166595e-11,5.89231788362e-11,4.91910713551e-11,1.41230915851e-11,5.01450140092e-12,1.99676646745e-12,1.33096897219e-12,8.93627782449e-13,4.53834425552e-13,3.55452212802e-13,3.45459446639e-13,2.76551432579e-13,1.66402915752e-13,5.01795836599e-14,3.20960570404e-14,1.51582210868e-13,2.95626939812e-13,1.13609357924e-13,3.13021025658e-14,2.81489394104e-14,1.21619890808e-13,1.53740166214e-13,4.28921628033e-14,1.09316335755e-14,1.02446441155e-14,2.79733037407e-14,2.68983884374e-14,1.38008280883e-14,2.88927952743e-14,3.2709122547e-14,8.52706373935e-15,5.55214977387e-15,4.73010302801e-15,9.48879850019e-15,8.28947438578e-15,7.59839629774e-15,4.4313824596e-15,2.25301467783e-15,7.08523620972e-15,7.23036895249e-15],"var":[0.0000225342719204,0.00000538633503311,6.30994406947e-7,5.32219985416e-7,1.6210992726e-7,7.16734049888e-8,9.22654521673e-8,1.44902955412e-7,4.58296938177e-7,3.41941387205e-7,2.58481058779e-8,4.98512129354e-8,7.06136873418e-8,1.61433106882e-8,6.14203443661e-8,1.73141732063e-8,6.06260908143e-9,1.05343582746e-8,2.22937424077e-9,4.7434900452e-9,1.74327241531e-9,7.75679687148e-10,1.13184017714e-9,1.49924173076e-9,8.71225314114e-10,5.04141506319e-10,3.86465082158e-10,1.13077325281e-9,1.49437051622e-9,9.11710151819e-11,1.33453907647e-11,9.19228582141e-11,2.10239135129e-11,3.61244853475e-11,2.06383174439e-11,1.09038542084e-11,5.69273491194e-12,2.20080204061e-12,1.24657304878e-12,3.16934250112e-13]},"melbands_crest":{"dmean":3.34732866287,"dmean2":5.48878526688,"dvar":9.83918857574,"dvar2":25.2726097107,"max":35.9813919067,"mean":15.6422481537,"median":15.2090568542,"min":3.69734930992,"var":28.7414321899},"melbands_flatness_db":{"dmean":0.0299539752305,"dmean2":0.0468470528722,"dvar":0.000852781871799,"dvar2":0.00195654784329,"max":0.589077711105,"mean":0.264848858118,"median":0.262274861336,"min":0.0484197735786,"var":0.00964641664177},"melbands_kurtosis":{"dmean":11.3757858276,"dmean2":18.3026561737,"dvar":476.58215332,"dvar2":1159.5480957,"max":553.559753418,"mean":20.7388343811,"median":10.0793714523,"min":-1.79067540169,"var":937.774780273},"melbands_skewness":{"dmean":0.923053503036,"dmean2":1.45438849926,"dvar":1.06651747227,"dvar2":2.53750824928,"max":18.702003479,"mean":3.23634409904,"median":2.83944582939,"min":-2.3979279995,"var":4.40663766861},"melbands_spread":{"dmean":6.41386365891,"dmean2":10.2417449951,"dvar":76.1381607056,"dvar2":181.545440674,"max":190.434524536,"mean":20.6384525299,"median":13.7431077957,"min":0.461873352528,"var":412.611816406},"mfcc":{"cov":[[15753.9775391,-3074.46411133,-1328.41125488,359.066650391,-1209.36535645,-216.994338989,-384.867797852,225.417526245,210.894622803,580.117919922,45.1187667847,492.862213135,366.738983154],[-3074.46411133,3061.43676758,-161.243865967,-273.826477051,243.12387085,-276.841827393,31.3269348145,-45.8334884644,-225.674667358,-160.554595947,38.7278938293,-92.3678588867,-116.422142029],[-1328.41125488,-161.243865967,897.096191406,-139.214508057,39.5688095093,86.4044342041,13.2550182343,-58.3155059814,48.9931983948,1.1430413723,19.4853610992,-33.939163208,-17.3363933563],[359.066650391,-273.826477051,-139.214508057,454.575714111,74.1438217163,45.7315292358,-52.6733970642,0.0333085246384,20.1164035797,-13.1557769775,0.831990599632,43.1295394897,63.4365234375],[-1209.36535645,243.12387085,39.5688095093,74.1438217163,310.401092529,78.826423645,19.3124351501,-24.1523513794,-13.2682762146,-52.4436645508,-13.1764678955,-47.7481117249,-35.4005813599],[-216.994338989,-276.841827393,86.4044342041,45.7315292358,78.826423645,291.106658936,81.1229400635,13.5513048172,49.2822799683,-35.2739067078,-15.6726722717,-44.6188430786,-17.1436843872],[-384.867797852,31.3269348145,13.2550182343,-52.6733970642,19.3124351501,81.1229400635,168.588272095,42.4671478271,1.05043005943,-6.52527809143,-7.058842659,-28.4111633301,-18.5643863678],[225.417526245,-45.8334884644,-58.3155059814,0.0333085246384,-24.1523513794,13.5513048172,42.4671478271,104.178977966,33.7508049011,8.29349327087,-4.75008630753,1.85515749454,3.70683097839],[210.894622803,-225.674667358,48.9931983948,20.1164035797,-13.2682762146,49.2822799683,1.05043005943,33.7508049011,128.22895813,47.3815498352,6.99680089951,5.39209938049,11.2230567932],[580.117919922,-160.554595947,1.1430413723,-13.1557769775,-52.4436645508,-35.2739067078,-6.52527809143,8.29349327087,47.3815498352,133.908599854,44.0519218445,39.1469612122,17.8267688751],[45.1187667847,38.7278938293,19.4853610992,0.831990599632,-13.1764678955,-15.6726722717,-7.058842659,-4.75008630753,6.99680089951,44.0519218445,86.535118103,36.9308776855,7.55618286133],[492.862213135,-92.3678588867,-33.939163208,43.1295394897,-47.7481117249,-44.6188430786,-28.4111633301,1.85515749454,5.39209938049,39.1469612122,36.9308776855,103.1929245,59.2042808533],[366.738983154,-116.422142029,-17.3363933563,63.4365234375,-35.4005813599,-17.1436843872,-18.5643863678,3.70683097839,11.2230567932,17.8267688751,7.55618286133,59.2042808533,98.1840667725]],"icov":[[0.000173468710273,0.0000937813092605,0.000222611648496,-0.0000123276186059,0.000462314987089,-0.00019948053523,0.000392631976865,-0.000232933700318,0.000178520582267,-0.000535596627742,0.000263700465439,-0.00030834559584,-0.0000321048755723],[0.0000937813092605,0.000602044339757,0.000243165792199,0.000323625572491,-0.000281150918454,0.000576224469114,-0.00000216038893086,-0.000145601923577,0.000430157204391,0.000394237140426,-0.000651308975648,0.000218026514631,-3.36706705184e-7],[0.000222611648496,0.000243165792199,0.00167344906367,0.000592467549723,0.000328832189552,-0.000429564650403,0.000448462495115,0.000692983565386,-0.000492564344313,-0.000301603024127,-0.000346038810676,0.0000347287023033,-0.000411538057961],[-0.0000123276186059,0.000323625572491,0.000592467549723,0.00326436618343,-0.00128759059589,-0.000366796331946,0.000984700280242,-0.000101735437056,-0.000226408286835,0.000827524228953,-0.000573642551899,-0.000390839471947,-0.0017575151287],[0.000462314987089,-0.000281150918454,0.000328832189552,-0.00128759059589,0.00588112184778,-0.00176103052218,0.000857216422446,0.000309339433443,0.000305536377709,-0.00114051136188,0.00100889161695,-0.000117432537081,0.000958437041845],[-0.00019948053523,0.000576224469114,-0.000429564650403,-0.000366796331946,-0.00176103052218,0.00640427088365,-0.00337166711688,0.00101926876232,-0.00246832869016,0.00311050657183,-0.00162017322145,0.00199713883922,0.0000346179549524],[0.000392631976865,-0.00000216038893086,0.000448462495115,0.000984700280242,0.000857216422446,-0.00337166711688,0.00967749208212,-0.00444774515927,0.0024288224522,-0.00257140141912,0.000751497107558,0.000340790807968,-0.0003821705468],[-0.000232933700318,-0.000145601923577,0.000692983565386,-0.000101735437056,0.000309339433443,0.00101926876232,-0.00444774515927,0.0135638108477,-0.00469250837341,0.00179324694909,0.000193826592294,-0.000224151342991,0.000152990032802],[0.000178520582267,0.000430157204391,-0.000492564344313,-0.000226408286835,0.000305536377709,-0.00246832869016,0.0024288224522,-0.00469250837341,0.0126128979027,-0.00523292599246,0.000727496342734,0.000836275168695,-0.000833748141304],[-0.000535596627742,0.000394237140426,-0.000301603024127,0.000827524228953,-0.00114051136188,0.00311050657183,-0.00257140141912,0.00179324694909,-0.00523292599246,0.0145474346355,-0.00631151720881,-0.000591074116528,0.00025712850038],[0.000263700465439,-0.000651308975648,-0.000346038810676,-0.000573642551899,0.00100889161695,-0.00162017322145,0.000751497107558,0.000193826592294,0.000727496342734,-0.00631151720881,0.0178051572293,-0.00746021559462,0.00295887026004],[-0.00030834559584,0.000218026514631,0.0000347287023033,-0.000390839471947,-0.000117432537081,0.00199713883922,0.000340790807968,-0.000224151342991,0.000836275168695,-0.000591074116528,-0.00746021559462,0.0210679322481,-0.0100697604939],[-0.0000321048755723,-3.36706705184e-7,-0.000411538057961,-0.0017575151287,0.000958437041845,0.0000346179549524,-0.0003821705468,0.000152990032802,-0.000833748141304,0.00025712850038,0.00295887026004,-0.0100697604939,0.017533807084]],"mean":[-715.782043457,141.588058472,-1.00067949295,35.8812561035,14.0951108932,14.8227186203,13.0434999466,7.38705444336,-8.73685932159,6.77895450592,2.04029345512,0.829347014427,-3.20917010307]},"pitch_salience":{"dmean":0.0812479928136,"dmean2":0.134470880032,"dvar":0.00523138279095,"dvar2":0.0135508719832,"max":0.856885671616,"mean":0.491663485765,"median":0.497916519642,"min":0.106714703143,"var":0.0148535808548},"silence_rate_20dB":{"dmean":0,"dmean2":0,"dvar":0,"dvar2":0,"max":1,"mean":1,"median":1,"min":1,"var":0},"silence_rate_30dB":{"dmean":0.0156085211784,"dmean2":0.0312203355134,"dvar":0.0153651889414,"dvar2":0.0431147143245,"max":1,"mean":0.990825712681,"median":1,"min":0,"var":0.00908998586237},"silence_rate_60dB":{"dmean":0.026154819876,"dmean2":0.0523151569068,"dvar":0.0254730377346,"dvar2":0.0613985806704,"max":1,"mean":0.109037227929,"median":0,"min":0,"var":0.0971598029137},"spectral_centroid":{"dmean":212.224700928,"dmean2":322.468780518,"dvar":65978.546875,"dvar2":130270.15625,"max":11272.5419922,"mean":1343.6081543,"median":1060.48706055,"min":135.545532227,"var":913751.1875},"spectral_complexity":{"dmean":2.34676218033,"dmean2":3.66184997559,"dvar":6.4869890213,"dvar2":14.171995163,"max":52,"mean":15.2659492493,"median":12,"min":0,"var":137.087799072},"spectral_contrast_coeffs":{"dmean":[0.0454279594123,0.0472333133221,0.0373990535736,0.0305417515337,0.0212697014213,0.0137747647241],"dmean2":[0.0769846737385,0.0758518502116,0.0593257583678,0.0476030521095,0.033379856497,0.0217523165047],"dvar":[0.00145488872658,0.00145229173359,0.000927318935283,0.000621097860858,0.00031504011713,0.000145059006172],"dvar2":[0.00392819847912,0.00366286770441,0.0022184709087,0.0014423612738,0.000724901503418,0.000331809773343],"max":[-0.362510889769,-0.434271633625,-0.467766553164,-0.540835797787,-0.5392999053,-0.638006567955],"mean":[-0.690502405167,-0.712233185768,-0.779405891895,-0.779711604118,-0.77945291996,-0.775126814842],"median":[-0.693392217159,-0.718665063381,-0.791977226734,-0.784465909004,-0.775548100471,-0.772899746895],"min":[-0.97017788887,-0.975534141064,-0.985654592514,-0.956926345825,-0.960175573826,-0.959994494915],"var":[0.00383324548602,0.0067881885916,0.0052231461741,0.00293453852646,0.00320903724059,0.0031042417977]},"spectral_contrast_valleys":{"dmean":[0.373135685921,0.35781493783,0.309241294861,0.274833351374,0.199842900038,0.198451608419],"dmean2":[0.62529951334,0.575854182243,0.493221342564,0.418271690607,0.292012780905,0.254695415497],"dvar":[0.108185879886,0.109893627465,0.0800042152405,0.0723110511899,0.0551747046411,0.0799259841442],"dvar2":[0.263091176748,0.241872906685,0.163208693266,0.137947797775,0.0837078690529,0.0985767394304],"max":[-5.14147615433,-4.70656347275,-5.52857637405,-5.57938480377,-5.75865077972,-8.12658500671],"mean":[-7.23483037949,-7.61302852631,-8.04955482483,-8.26027011871,-8.29501247406,-11.2385177612],"median":[-7.07761335373,-7.32937431335,-7.76439762115,-7.98202610016,-8.04058742523,-11.5659542084],"min":[-26.922454834,-26.7597579956,-27.1007595062,-27.4440402985,-27.1989936829,-27.2639503479],"var":[0.976634502411,1.76386487484,1.48298382759,1.63309299946,2.1381855011,2.36405992508]},"spectral_decrease":{"dmean":2.1058714772e-9,"dmean2":3.4783698144e-9,"dvar":1.67832828705e-17,"dvar2":4.01356900587e-17,"max":-2.25855273806e-16,"mean":-5.36957545094e-9,"median":-3.58200380468e-9,"min":-4.72910102189e-8,"var":3.44738306717e-17},"spectral_energy":{"dmean":0.00810671318322,"dmean2":0.0133785782382,"dvar":0.000242026872002,"dvar2":0.000580104533583,"max":0.180416971445,"mean":0.0216930806637,"median":0.0142205124721,"min":8.79878614413e-10,"var":0.000540855049621},"spectral_energyband_high":{"dmean":0.00031750233029,"dmean2":0.000483793875901,"dvar":6.01907629516e-7,"dvar2":0.00000141024383993,"max":0.0177473165095,"mean":0.000998815055937,"median":0.0000416540460719,"min":9.44829457727e-12,"var":0.00000379443099519},"spectral_energyband_low":{"dmean":0.00652042636648,"dmean2":0.0108806136996,"dvar":0.000218040222535,"dvar2":0.000517756445333,"max":0.167990773916,"mean":0.0111605077982,"median":0.00597159843892,"min":4.7355580568e-10,"var":0.000311942392727},"spectral_energyband_middle_high":{"dmean":0.00124470354058,"dmean2":0.00183873274364,"dvar":0.00000664794652039,"dvar2":0.0000149043517013,"max":0.0509114265442,"mean":0.00399253237993,"median":0.00162200559862,"min":1.25806526655e-11,"var":0.0000386508290831},"spectral_energyband_middle_low":{"dmean":0.00270014512353,"dmean2":0.00432787043974,"dvar":0.0000313962555083,"dvar2":0.0000771999402787,"max":0.0927172750235,"mean":0.00603386573493,"median":0.00354072405025,"min":1.67212257929e-10,"var":0.0000643027306069},"spectral_entropy":{"dmean":0.148411110044,"dmean2":0.21727193892,"dvar":0.0245853643864,"dvar2":0.0480285212398,"max":9.79512500763,"mean":7.25559568405,"median":7.30202293396,"min":5.40687656403,"var":0.3110678792},"spectral_flux":{"dmean":0.02053274028,"dmean2":0.0333207808435,"dvar":0.00090193602955,"dvar2":0.00210656831041,"max":0.352820783854,"mean":0.0698321387172,"median":0.0580072849989,"min":0.0000450007355539,"var":0.00268506002612},"spectral_kurtosis":{"dmean":2.73654270172,"dmean2":4.6603975296,"dvar":10.3299751282,"dvar2":29.0097064972,"max":42.500213623,"mean":6.80988264084,"median":4.72957372665,"min":-1.28422868252,"var":36.442276001},"spectral_rms":{"dmean":0.000731127744075,"dmean2":0.00120487692766,"dvar":0.00000104410469248,"dvar2":0.00000251368828685,"max":0.0132671231404,"mean":0.00403417367488,"median":0.00372473755851,"min":9.26508562316e-7,"var":0.00000488946352561},"spectral_rolloff":{"dmean":388.508026123,"dmean2":659.771911621,"dvar":503214.03125,"dvar2":1120775.375,"max":16752.8320312,"mean":1220.9552002,"median":602.9296875,"min":64.599609375,"var":2018610.75},"spectral_skewness":{"dmean":0.285011738539,"dmean2":0.462616533041,"dvar":0.0843392163515,"dvar2":0.211873933673,"max":5.04116535187,"mean":1.6563615799,"median":1.40160489082,"min":-0.185291275382,"var":0.774834692478},"spectral_spread":{"dmean":346503.875,"dmean2":488823.84375,"dvar":305061298176,"dvar2":371380584448,"max":41825092,"mean":3476364.25,"median":3109204,"min":1503006.375,"var":1828317298690},"spectral_strongpeak":{"dmean":0.388706326485,"dmean2":0.670706272125,"dvar":0.878320455551,"dvar2":2.37631034851,"max":16.6470012665,"mean":0.608846724033,"median":0.24570928514,"min":0,"var":1.26962971687},"zerocrossingrate":{"dmean":0.00756866857409,"dmean2":0.0087985387072,"dvar":0.0000862584493007,"dvar2":0.000102315403637,"max":0.318359375,"mean":0.0466361902654,"median":0.03466796875,"min":0.00244140625,"var":0.00138594931923}},"metadata":{"audio_properties":{"analysis_sample_rate":44100,"bit_rate":0,"codec":"flac","downmix":"mix","equal_loudness":0,"length":220.160003662,"lossless":true,"md5_encoded":"865db20b5cbe7827702b1ee1486ace7e","replay_gain":-14.1934375763},"tags":{"acoustid_id":["6da5a32c-61ca-4c17-a7ee-011e650ab97a"],"album":["Horehound"],"albumartist":["The Dead Weather"],"albumartistsort":["Dead Weather, The"],"artist":["The Dead Weather"],"artistsort":["Dead Weather, The"],"asin":["B0029U2GHE"],"barcode":["886975391226"],"catalognumber":["88697539122"],"composer":["Alison Mosshart"],"date":["2009-07-13"],"discnumber":["1"],"disctotal":["1"],"engineer":["Joshua Smith","Vance Powell"],"file_name":"04 So Far From Your Weapon.flac","genre":["Rock"],"isrc":["US3JJ0900005"],"label":["Third Man Records"],"media":["CD"],"mixer":["Jack White","Vance Powell"],"musicbrainz_albumartistid":["334bd887-9044-4c38-aebd-4baab851efb4"],"musicbrainz_albumid":["6f4983e4-ae3b-47f0-b723-9d4750470943"],"musicbrainz_artistid":["334bd887-9044-4c38-aebd-4baab851efb4"],"musicbrainz_recordingid":["05f20873-6efb-42d3-8d45-1666ee949815"],"musicbrainz_releasegroupid":["b7435103-780b-4d02-902c-87e7bb6ca9c7"],"musicbrainz_releasetrackid":["438c7ee0-d19d-36dc-92df-74a1527bade3"],"musicbrainz_workid":["2e598f85-5ed0-312e-8b95-e1940704926f"],"originaldate":["2009-07-13"],"performer":["Jack Lawrence (bass)","Dean Fertita (guitar, organ, piano and synthesizer)","Jack White (drums)","Alison Mosshart (percussion)","Alison Mosshart (vocals)","Jack White (vocals)","Dean Fertita (background vocals)","Jack Lawrence (background vocals)"],"producer":["Jack White"],"releasecountry":["GB"],"releasestatus":["official"],"releasetype":["album"],"script":["Latn"],"title":["So Far From Your Weapon"],"totaldiscs":["1"],"totaltracks":["11"],"tracknumber":["4"],"tracktotal":["11"]},"version"