{"lowlevel":{"average_loudness":0.972303152084,"barkbands":{"dmean":[0.00743351783603,0.0141347339377,0.00540338177234,0.00251014507376,0.00451878039166,0.00218549300916,0.00101984466892,0.000642567989416,0.000857337377965,0.000870415824465,0.000667064043228,0.000647482054774,0.000398306030547,0.000292377430014,0.000176190529601,0.000118240401207,0.0000774384461693,0.0000661197555019,0.0000781669587013,0.0000679932854837,0.0000284194175038,0.00000897258541954,0.00000501182739754,0.00000369112535736,0.00000310700011141,0.00000459761395177,0.000194268795894],"dmean2":[0.0117578785866,0.0236743874848,0.00898899883032,0.00416825897992,0.00737619958818,0.00352621334605,0.00167711649556,0.00107378372923,0.00140653073322,0.0014434348559,0.00110737478826,0.00109431962483,0.000664575549308,0.00048956729006,0.00029566444573,0.000196899331058,0.000123853766127,0.000104036342236,0.000119400930998,0.000101917976281,0.0000433870081906,0.0000139219064295,0.00000789212299424,0.00000588802549828,0.00000510509653395,0.0000070836181294,0.000310808798531],"dvar":[0.000192597421119,0.000492816092446,0.0000591928328504,0.0000202362371056,0.0000620179998805,0.0000171245901583,0.00000509147730554,0.00000299406224258,0.00000295908375847,0.00000187149294106,0.00000140478584854,0.00000133695721161,4.27516596346e-7,2.30880914387e-7,8.97117189425e-8,5.71132368066e-8,2.70210858133e-8,2.73748650415e-8,3.30661116266e-8,4.21965928865e-8,4.73387773425e-9,2.79919615265e-10,4.78507615476e-11,2.88623760308e-11,2.40767891735e-11,3.85540419034e-11,9.41492785955e-8],"dvar2":[0.000429995649029,0.00129211856984,0.00014961011766,0.0000498951048939,0.000158899390954,0.0000415186077589,0.0000134820056701,0.00000782070947025,0.00000765633012634,0.00000498868666909,0.00000370687075701,0.00000378541471946,0.00000110474820758,6.22204993306e-7,2.42413960905e-7,1.52577058543e-7,6.30748289154e-8,6.46026379059e-8,7.17439263553e-8,9.08963997404e-8,1.02004928948e-8,6.50921649914e-10,1.0736340289e-10,6.95872109935e-11,5.8987412177e-11,8.56826762319e-11,2.43885210693e-7],"max":[0.133535608649,0.244760647416,0.0808020085096,0.0801358893514,0.116350539029,0.0918414965272,0.0811140611768,0.0580758042634,0.0380038283765,0.0265541989356,0.0207383781672,0.0222684647888,0.0168019291013,0.0107548125088,0.00744868442416,0.00537591800094,0.00460015330464,0.00559723703191,0.00399159826338,0.00432176841423,0.0015101848403,0.000465676479507,0.000107314568595,0.0000803147122497,0.0000551435259695,0.000159091607202,0.0102099254727],"mean":[0.00802846904844,0.0181463640183,0.0068020010367,0.00311021879315,0.00666519068182,0.00315459095873,0.00149025092833,0.00088245770894,0.0013070423156,0.00138531625271,0.00109415093902,0.00114990817383,0.000694689631928,0.000551168166567,0.000338063226081,0.000208141340408,0.00013761757873,0.000115425558761,0.000125970764202,0.000109987522592,0.0000494690684718,0.0000156338937813,0.00000835915034259,0.00000524230745214,0.00000320454591929,0.0000082561009549,0.000547436880879],"median":[0.00226892018691,0.010999718681,0.0032914718613,0.00146166980267,0.00340839847922,0.00143740454223,0.00071262975689,0.000382181577152,0.000636615382973,0.000759714224841,0.000494097359478,0.000557479565032,0.000387351610698,0.000315622193739,0.00016868460807,0.000114906550152,0.0000891368690645,0.0000620262726443,0.0000453138782177,0.0000305456997012,0.0000201930251933,0.00000905299566512,0.00000511720281793,0.0000031113750083,0.00000133303171879,0.0000053966869018,0.000370000721887],"min":[2.41632481336e-23,4.89220830952e-23,9.52205047497e-24,1.05279727692e-23,3.54434542073e-23,4.29520216298e-23,2.32009214485e-23,3.31851789384e-23,1.01226334746e-22,1.08194002334e-22,5.92840834742e-23,1.21993855383e-22,3.66827565826e-22,1.33214802225e-22,1.03652233491e-22,1.50045004488e-22,2.31560942698e-22,1.83892665659e-22,2.44307748479e-22,3.02006272021e-22,5.57242861616e-22,6.08786402074e-22,5.39376184476e-22,1.02012382258e-21,1.28796847941e-21,1.65741044387e-21,2.22695438593e-21],"var":[0.000219441542868,0.000532551493961,0.0000882079548319,0.000028828269933,0.000106290077383,0.0000280417589238,0.00000688388990966,0.00000363828507943,0.00000499478574056,0.00000335283198183,0.00000280624067273,0.00000286726458398,8.48880631565e-7,4.86610190364e-7,1.97382632905e-7,8.95632723541e-8,4.70580125977e-8,5.53318990626e-8,6.40045456635e-8,8.34891480395e-8,9.34696675614e-9,5.08702358015e-10,1.04095836118e-10,4.253486105e-11,2.70717320089e-11,8.50742531977e-11,3.8173681105e-7]},"barkbands_crest":{"dmean":3.2618265152,"dmean2":5.37776422501,"dvar":7.27170610428,"dvar2":19.1932754517,"max":26.0241260529,"mean":10.8699369431,"median":10.3475513458,"min":2.79682779312,"var":17.5259284973},"barkbands_flatness_db":{"dmean":0.0330588556826,"dmean2":0.0514079853892,"dvar":0.000870806281455,"dvar2":0.00210100552067,"max":0.585680782795,"mean":0.174303039908,"median":0.161002963781,"min":0.0488818362355,"var":0.0039344956167},"barkbands_kurtosis":{"dmean":10.1484174728,"dmean2":16.3433513641,"dvar":405.893218994,"dvar2":1058.8927002,"max":451.456848145,"mean":16.7928981781,"median":8.75620079041,"min":-1.88425552845,"var":781.729675293},"barkbands_skewness":{"dmean":0.920028209686,"dmean2":1.44575738907,"dvar":0.95051586628,"dvar2":2.25135159492,"max":16.5486869812,"mean":2.82230567932,"median":2.48002195358,"min":-2.59678435326,"var":2.93416786194},"barkbands_spread":{"dmean":6.1230006218,"dmean2":9.54163551331,"dvar":53.1637992859,"dvar2":123.270256042,"max":134.148880005,"mean":18.2274532318,"median":14.9640979767,"min":0.0861593037844,"var":224.389511108},"dissonance":{"dmean":0.0209851469845,"dmean2":0.0353840105236,"dvar":0.000467511999886,"dvar2":0.0012444840977,"max":0.499999940395,"mean":0.465047240257,"median":0.473356842995,"min":0.20692923665,"var":0.000967765867244},"dynamic_complexity":3.14894509315,"erbbands":{"dmean":[0.657152175903,2.5512034893,5.9352312088,7.2591676712,8.60733032227,18.1383094788,22.1619548798,17.2063789368,15.1234226227,14.5540952682,12.7542257309,20.6135940552,22.3381938934,27.4378910065,25.5924510956,24.9347438812,18.8855457306,12.7091426849,11.6765823364,7.07774686813,5.44908905029,4.24160814285,3.50675177574,3.9056122303,3.77206206322,3.17086410522,1.87986958027,0.776444911957,0.339617669582,0.212172657251,0.13273306191,0.088764987886,0.055503372103,0.0348035022616,0.0221007559448,0.0133487526327,0.00964020565152,0.00591908209026,0.00485403090715,0.00492056133226],"dmean2":[1.09380364418,4.35531711578,9.86982822418,11.9259433746,14.40899086,29.7422714233,35.6161460876,27.858165741,24.7297821045,24.2395839691,21.1509933472,34.1918945312,36.7392158508,45.5538635254,42.7674293518,42.2936019897,31.407327652,20.9278869629,19.2815608978,11.7124919891,8.96385765076,6.76170969009,5.51045703888,6.02341079712,5.66619491577,4.7373175621,2.84777998924,1.18486773968,0.521814703941,0.330568104982,0.20868973434,0.140859425068,0.0891501680017,0.0572342425585,0.0362679101527,0.0215868670493,0.0146435396746,0.00875836331397,0.00705898460001,0.00768456282094],"dvar":[1.34478449821,13.8488836288,66.6424942017,130.427566528,203.794311523,1210.4810791,1706.9888916,1372.58312988,1142.03894043,830.342468262,1340.73901367,1832.58190918,1582.44567871,1985.87890625,2095.47241211,1865.04284668,1005.05334473,408.242767334,366.135955811,175.992614746,117.601676941,84.8904571533,78.8994903564,69.694984436,106.72795105,92.8372421265,25.789598465,3.07541489601,0.384901553392,0.101211681962,0.0335842072964,0.0164050925523,0.00690760463476,0.00304945139214,0.00120434921701,0.000391176959965,0.000174865373992,0.0000626378678135,0.0000722007316654,0.00004451183122],"dvar2":[3.45697331429,37.3606719971,167.772613525,328.450744629,534.087219238,3140.02636719,4095.8671875,3437.47094727,3010.26220703,2186.8762207,3466.04760742,4730.86132812,4063.92724609,5408.33740234,5645.24511719,5311.59375,2549.94921875,1088.72753906,975.44342041,473.510192871,295.751922607,197.576660156,187.073074341,152.422210693,230.260040283,200.206268311,56.5290336609,6.64816951752,0.848243236542,0.22666656971,0.0760786160827,0.0392884872854,0.0166198275983,0.00746447732672,0.00295159965754,0.000954994524363,0.000373192684492,0.000127855906612,0.000145419340697,0.000113847723696],"max":[14.5178785324,47.1549110413,90.1033172607,208.045761108,217.338150024,545.137634277,686.473632812,973.384399414,803.403259277,806.266479492,1294.38464355,957.917724609,752.125244141,798.940917969,784.795349121,664.798217773,696.548034668,358.52243042,428.888397217,280.848175049,350.633850098,240.138305664,303.286132812,184.376937866,234.998519897,207.396408081,108.269439697,32.2548103333,15.1250219345,6.50433063507,3.00710749626,1.8827201128,1.44047653675,0.621254086494,0.391195178032,0.229585751891,0.353459835052,0.193841174245,0.146427512169,0.156578287482],"mean":[0.77594268322,3.18356966972,7.71596574783,9.98603630066,11.9826669693,24.8299331665,30.9463768005,24.6505317688,21.8820877075,21.7614040375,19.6467666626,31.3642406464,35.9876327515,47.1308479309,47.5680961609,46.0745201111,35.1098861694,25.8673458099,24.4664325714,14.2612743378,10.2646627426,7.87789011002,6.30276918411,6.58669519424,6.06606864929,5.12739372253,3.12624955177,1.37185394764,0.608459174633,0.367041409016,0.217880442739,0.137983247638,0.0710068941116,0.0363077446818,0.0231813751161,0.0168109107763,0.0181913860142,0.0138777084649,0.0141665926203,0.021523123607],"median":[0.357400894165,1.98272836208,3.89778423309,5.5029706955,7.2259683609,10.8888254166,12.6926212311,10.6575622559,10.0814285278,10.6444988251,9.50377464294,15.0731220245,20.1938591003,26.2759571075,22.5706443787,24.1297893524,19.6235294342,16.0439338684,14.0961141586,7.41910362244,6.27196359634,5.28644418716,3.53203439713,3.06114506721,1.89243650436,1.39251470566,1.07035851479,0.646494865417,0.348437160254,0.229727119207,0.132895022631,0.0856019407511,0.0393032096326,0.0154158445075,0.00993175432086,0.00950587913394,0.0115966964513,0.00990256853402,0.011101976037,0.0165996178985],"min":[2.80425799298e-21,5.69730825095e-21,1.05038504187e-20,2.09857223901e-20,6.18650383456e-20,1.09517368934e-19,3.25187110219e-19,3.01324422963e-19,2.50589144995e-19,5.921200258e-19,8.13763070933e-19,1.63301427844e-18,4.45708571409e-18,2.22590104896e-18,2.72003207033e-18,7.77482608734e-18,1.67711415134e-17,6.77691829149e-18,8.05926868458e-18,4.4618808801e-18,1.32648444924e-17,9.55634068903e-18,7.8058544593e-18,1.53128617982e-17,1.06776890613e-17,1.39037579703e-17,2.05426582815e-17,2.51008552449e-17,2.43334417404e-17,1.36295748942e-17,1.69751937357e-17,2.07021850257e-17,1.50893030027e-17,1.5192543415e-17,9.15999461698e-18,4.54872946775e-18,3.23454337442e-18,1.4701261824e-18,3.19482536673e-19,3.03361057953e-20],"var":[1.40167677402,14.5625247955,101.248893738,190.769256592,263.167999268,1944.37060547,3042.4609375,2177.07836914,1597.74755859,1284.72766113,1690.49609375,3055.58227539,2631.21289062,3803.27294922,4884.25976562,3791.18457031,2117.24291992,947.778137207,895.745544434,366.155426025,204.418029785,147.85987854,155.303817749,138.429290771,207.55039978,181.639480591,49.030330658,5.83342027664,0.779517889023,0.222064614296,0.0706594288349,0.0270281285048,0.00916266068816,0.00342277111486,0.00136329466477,0.000495703599881,0.000428471917985,0.000203418181627,0.000219427936827,0.00036023199209]},"erbbands_crest":{"dmean":2.68141698837,"dmean2":4.5125617981,"dvar":6.22364234924,"dvar2":15.9909915924,"max":27.2390842438,"mean":8.43529987335,"median":7.51166915894,"min":2.39629864693,"var":13.3652124405},"erbbands_flatness_db":{"dmean":0.0236152634025,"dmean2":0.0371013134718,"dvar":0.0004646271409,"dvar2":0.00113105075434,"max":0.347396075726,"mean":0.153496399522,"median":0.151425495744,"min":0.0307999849319,"var":0.00173806969542},"erbbands_kurtosis":{"dmean":1.37588095665,"dmean2":2.24301481247,"dvar":8.30417442322,"dvar2":21.2859516144,"max":63.6418838501,"mean":1.23310542107,"median":0.425878047943,"min":-1.6914345026,"var":13.5219688416},"erbbands_skewness":{"dmean":0.417113602161,"dmean2":0.6441437006,"dvar":0.207773178816,"dvar2":0.453927099705,"max":6.1959195137,"mean":0.224285855889,"median":0.131676763296,"min":-4.94026231766,"var":0.908826172352},"erbbands_spread":{"dmean":7.214158535,"dmean2":11.5418634415,"dvar":60.3836021423,"dvar2":148.509140015,"max":128.89239502,"mean":28.824048996,"median":25.6113624573,"min":2.02552843094,"var":250.399093628},"gfcc":{"cov":[[17823.0585938,2186.92651367,-1628.84912109,-1028.49804688,441.293243408,-358.400634766,249.736129761,-354.944885254,-1.60181367397,-192.77116394,236.882904053,-154.258224487,203.198623657],[2186.92651367,1050.1920166,-17.4969425201,-339.743743896,80.9172439575,-40.2530593872,59.1674423218,-120.048736572,-6.82354974747,-49.4925346375,55.2462463379,-80.0428085327,65.3170700073],[-1628.84912109,-17.4969425201,605.822998047,163.313034058,-123.89969635,160.471313477,-77.906211853,94.609703064,-43.518863678,28.9652309418,-23.7755832672,-3.89218330383,-6.80881690979],[-1028.49804688,-339.743743896,163.313034058,540.244506836,40.5343170166,-80.5623931885,62.0412101746,44.0373725891,-49.7185745239,32.4853019714,-37.3886680603,7.00808906555,-37.4847297668],[441.293243408,80.9172439575,-123.89969635,40.5343170166,290.373321533,33.6416244507,84.9750900269,-32.1121826172,53.6899147034,-25.7430019379,25.877954483,-10.7640371323,28.4714660645],[-358.400634766,-40.2530593872,160.471313477,-80.5623931885,33.6416244507,262.970184326,-44.9837760925,63.9982872009,7.2368106842,9.7452545166,-0.588706851006,5.43040943146,18.6603088379],[249.736129761,59.1674423218,-77.906211853,62.0412101746,84.9750900269,-44.9837760925,172.233428955,-18.1506500244,27.82762146,-6.45292425156,15.343960762,-1.73668766022,5.44734525681],[-354.944885254,-120.048736572,94.609703064,44.0373725891,-32.1121826172,63.9982872009,-18.1506500244,120.539955139,24.8645954132,35.4020347595,-1.84590864182,-1.66650414467,1.15663158894],[-1.60181367397,-6.82354974747,-43.518863678,-49.7185745239,53.6899147034,7.2368106842,27.82762146,24.8645954132,115.066947937,21.6003894806,16.0553836823,10.5640735626,-8.01952171326],[-192.77116394,-49.4925346375,28.9652309418,32.4853019714,-25.7430019379,9.7452545166,-6.45292425156,35.4020347595,21.6003894806,72.2465057373,26.7093219757,1.17394912243,2.47112989426],[236.882904053,55.2462463379,-23.7755832672,-37.3886680603,25.877954483,-0.588706851006,15.343960762,-1.84590864182,16.0553836823,26.7093219757,61.2932281494,21.7370185852,17.4406509399],[-154.258224487,-80.0428085327,-3.89218330383,7.00808906555,-10.7640371323,5.43040943146,-1.73668766022,-1.66650414467,10.5640735626,1.17394912243,21.7370185852,62.3273353577,9.99000644684],[203.198623657,65.3170700073,-6.80881690979,-37.4847297668,28.4714660645,18.6603088379,5.44734525681,1.15663158894,-8.01952171326,2.47112989426,17.4406509399,9.99000644684,67.7174987793]],"icov":[[0.00012550187239,-0.000308436399791,0.00049851462245,-0.000242684764089,0.00023781969503,-0.00023862515809,0.000122398210806,-0.000154125285917,-0.0000674888578942,0.000452106760349,-0.000528090575244,0.000241839225055,-0.000128906613099],[-0.000308436399791,0.00309597607702,-0.00259837787598,0.00245420238934,-0.00136522809044,0.00192356971093,-0.00128827686422,0.00176299968734,0.000569942814764,-0.000365268759197,-0.000826688192319,0.00273399613798,-0.000955590279773],[0.00049851462245,-0.00259837787598,0.00643448764458,-0.00492753554136,0.0048602335155,-0.00527822552249,0.00207344256341,-0.000805599265732,-0.00267898407765,0.00468426616862,-0.00449243886396,0.0023599199485,-0.00149159261491],[-0.000242684764089,0.00245420238934,-0.00492753554136,0.00883030891418,-0.00740941939875,0.0067261820659,-0.00335228350013,-0.00254154228605,0.0077821132727,-0.00927116535604,0.00901878345758,-0.00572500517592,0.00411011185497],[0.00023781969503,-0.00136522809044,0.0048602335155,-0.00740941939875,0.0126893930137,-0.0076320823282,0.00060082168784,0.00424875179306,-0.00984640140086,0.0120750591159,-0.012085002847,0.00962086208165,-0.00627607246861],[-0.00023862515809,0.00192356971093,-0.00527822552249,0.0067261820659,-0.0076320823282,0.0109709315002,-0.000958566670306,-0.00428051082417,0.0059698112309,-0.0069380751811,0.00744038494304,-0.00545602431521,0.00223791087046],[0.000122398210806,-0.00128827686422,0.00207344256341,-0.00335228350013,0.00060082168784,-0.000958566670306,0.00881417933851,0.000316111341817,-0.0035366518423,0.0036098905839,-0.00389679800719,0.00169043208007,-0.00127105333377],[-0.000154125285917,0.00176299968734,-0.000805599265732,-0.00254154228605,0.00424875179306,-0.00428051082417,0.000316111341817,0.0161710102111,-0.00701857451349,-0.0000962253689067,-0.00352283800021,0.00681698927656,-0.00456038024276],[-0.0000674888578942,0.000569942814764,-0.00267898407765,0.0077821132727,-0.00984640140086,0.0059698112309,-0.0035366518423,-0.00701857451349,0.0203481521457,-0.0134536502883,0.0104334084317,-0.0111731803045,0.00845225341618],[0.000452106760349,-0.000365268759197,0.00468426616862,-0.00927116535604,0.0120750591159,-0.0069380751811,0.0036098905839,-0.0000962253689067,-0.0134536502883,0.0370296426117,-0.027964444831,0.0172965154052,-0.00741306319833],[-0.000528090575244,-0.000826688192319,-0.00449243886396,0.00901878345758,-0.012085002847,0.00744038494304,-0.00389679800719,-0.00352283800021,0.0104334084317,-0.027964444831,0.0457989014685,-0.0245217997581,0.0044051730074],[0.000241839225055,0.00273399613798,0.0023599199485,-0.00572500517592,0.00962086208165,-0.00545602431521,0.00169043208007,0.00681698927656,-0.0111731803045,0.0172965154052,-0.0245217997581,0.0350171588361,-0.00989320501685],[-0.000128906613099,-0.000955590279773,-0.00149159261491,0.00411011185497,-0.00627607246861,0.00223791087046,-0.00127105333377,-0.00456038024276,0.00845225341618,-0.00741306319833,0.0044051730074,-0.00989320501685,0.0219995379448]],"mean":[-16.1785259247,116.349365234,-78.5751419067,-2.76077508926,-10.3070325851,-9.45465373993,0.729893743992,-16.3140830994,-8.29723739624,-8.82926273346,-2.02389788628,-4.19063282013,-2.23961281776]},"hfc":{"dmean":50.8904075623,"dmean2":81.0256958008,"dvar":3203.14916992,"dvar2":8231.95214844,"max":1199.67089844,"mean":203.854263306,"median":201.57383728,"min":1.20632447114e-16,"var":12432.7246094},"melbands":{"dmean":[0.00492377951741,0.00301697291434,0.00120928313117,0.000898395723198,0.000811377656646,0.000384849234251,0.000223725292017,0.000156130467076,0.00010697763355,0.000131723107188,0.000115137096145,0.000116027025797,0.0000905513079488,0.0000763760035625,0.0000542349516763,0.0000364972656826,0.0000258659110841,0.0000225882067753,0.0000130651560539,0.00000923877087189,0.00000629920486972,0.00000492300750921,0.0000037621998672,0.00000315285819852,0.00000337433266395,0.00000304820605379,0.00000250618677455,0.00000221182199311,0.00000145163812704,6.79777997448e-7,4.06934333341e-7,2.13569009588e-7,1.45313407529e-7,1.12597348334e-7,8.20195538154e-8,6.18608524405e-8,5.27890762214e-8,4.10048635047e-8,3.21354143296e-8,2.84519128257e-8],"dmean2":[0.00805256795138,0.0050416844897,0.00198161089793,0.0014853636967,0.00130502204411,0.00062282232102,0.000365647370927,0.000260064320173,0.00017664412735,0.000217212524149,0.000189819184016,0.000193157960894,0.000150414256495,0.000128534273244,0.0000916913340916,0.0000604608649155,0.0000432004417235,0.0000376515454263,0.0000220965121116,0.0000155040361278,0.0000103748270703,0.00000796030963102,0.00000601818055657,0.00000496434267916,0.00000530131637788,0.00000468499729323,0.00000381973177355,0.00000336271500601,0.0000022346591777,0.0000010409562492,6.32028729797e-7,3.338618626e-7,2.27654567198e-7,1.76988493195e-7,1.29942264948e-7,9.84829711115e-8,8.40199660956e-8,6.56186216474e-8,5.28606136641e-8,4.67842262708e-8],"dvar":[0.0000673766626278,0.000015230290046,0.00000341902045875,0.0000023352044991,0.00000233127047977,6.24098504431e-7,2.50320880468e-7,1.00534080616e-7,7.64094352235e-8,7.28080209456e-8,4.20817691804e-8,3.5448668001e-8,2.64429527164e-8,2.01484997575e-8,6.94551749447e-9,4.29171720384e-9,1.80386316995e-9,1.46630119158e-9,5.21389098562e-10,3.68498370706e-10,1.53989432317e-10,1.1082840895e-10,7.66784413742e-11,6.27808499631e-11,5.22907932232e-11,6.42075143054e-11,5.76872612179e-11,4.89283752403e-11,1.74340403225e-11,2.62812861751e-12,8.39832326946e-13,1.76996329919e-13,5.56847692685e-14,2.82943834378e-14,1.3411899358e-14,8.04525107016e-15,5.79968498831e-15,3.74596043407e-15,2.58201730938e-15,2.03665429926e-15],"dvar2":[0.000166607031133,0.0000395981405745,0.00000852209814184,0.00000592192554905,0.000005769584277,0.00000155155009907,6.61545186631e-7,2.65988660431e-7,1.97681970349e-7,1.8633195964e-7,1.08354583972e-7,9.61689607948e-8,6.97224820101e-8,5.67604381274e-8,1.9129524631e-8,1.1322192961e-8,4.84237583365e-9,3.97076727054e-9,1.44025436022e-9,1.02135522262e-9,3.78221287622e-10,2.64862021204e-10,1.77988443428e-10,1.49294868135e-10,1.18424881013e-10,1.4645126778e-10,1.22394760993e-10,1.11283107729e-10,3.97594873691e-11,5.86715615328e-12,1.89330712566e-12,4.17465053412e-13,1.23656239328e-13,6.51451277905e-14,3.05782315972e-14,1.91134712495e-14,1.40375619386e-14,8.9366414388e-15,6.31205267701e-15,4.98727070113e-15],"max":[0.0948684215546,0.0419890582561,0.0317679233849,0.027731673792,0.0250429213047,0.0198962725699,0.0149753782898,0.00718907173723,0.00906734354794,0.00589607283473,0.00368647556752,0.00336210243404,0.00299491873011,0.00302262092009,0.00131099799182,0.00207513733767,0.000802232360002,0.000669815577567,0.000415563117713,0.000329897651682,0.000406044739066,0.000312796357321,0.000223830676987,0.000275293859886,0.000150611725985,0.000196636407054,0.000171097228304,0.00016031373525,0.0000937306467677,0.0000336460616381,0.0000188899812201,0.0000111472218123,0.00000702402849129,0.00000349001243194,0.00000181638256436,0.00000180833876584,0.0000010591006685,0.0000013404821857,5.75593674057e-7,5.06536935063e-7],"mean":[0.00642043538392,0.0041138138622,0.00175727822352,0.00129143404774,0.00115830986761,0.000559661362786,0.000329147733282,0.000229796292842,0.000162139593158,0.000197143555852,0.000178492598934,0.00019113291637,0.000158193899551,0.000134671950946,0.0000979660981102,0.0000624567983323,0.0000477071807836,0.0000432514425484,0.0000241692796408,0.0000156237038027,0.0000109795382741,0.00000842971621751,0.00000628405496172,0.00000533884804099,0.00000532802505404,0.00000468740654469,0.00000388556418329,0.00000335569279741,0.00000227396435548,0.00000111993051632,6.76074535022e-7,3.5856339764e-7,2.40963686338e-7,1.85674423392e-7,1.31206476794e-7,9.43667828324e-8,8.01008397389e-8,5.38062785438e-8,3.39275345596e-8,2.91058537272e-8],"median":[0.00342817115597,0.00247612851672,0.00105141417589,0.000700437871274,0.000480575166875,0.00024721364025,0.000154715991812,0.000108570340672,0.0000745436700527,0.0000945217907429,0.0000957940355875,0.000103486643638,0.0000731933687348,0.0000637309858575,0.0000561418419238,0.0000336184639309,0.0000278721381619,0.0000247358475463,0.0000117600548037,0.000007853454008,0.0000067987393777,0.00000547341278434,0.00000360137210009,0.00000272041120297,0.00000244917123382,0.00000149061293087,0.00000110685539312,8.5136304051e-7,7.1811058433e-7,4.58655506463e-7,3.27838819203e-7,1.97892973119e-7,1.44185250406e-7,1.14328514655e-7,7.88401450791e-8,5.72238434415e-8,4.87354725465e-8,3.02989775491e-8,1.46876732998e-8,1.18150040862e-8],"min":[1.9535010669e-23,5.83941584429e-24,5.4751877203e-24,4.85462752819e-24,1.07706989588e-23,7.36045563211e-24,4.07291725265e-24,6.89219174308e-24,6.87130112859e-24,1.23565555029e-23,2.22914579103e-23,8.83702575298e-24,8.9553824989e-24,1.22030013611e-23,3.19455282021e-23,3.26682667862e-23,9.87737157048e-24,1.4356667363e-23,7.19146190469e-24,6.380936118e-24,1.88407152536e-23,1.22338757992e-23,4.89427252185e-24,8.82448049801e-24,1.30512871583e-23,8.74580345562e-24,7.7468515364e-24,9.21631559824e-24,1.20811081518e-23,1.3107617349e-23,1.56336895959e-23,1.39389402701e-23,1.02241579799e-23,7.00633833834e-24,9.64349640019e-24,1.16734461352e-23,1.25829940814e-23,8.73424979881e-24,1.36553763292e-23,1.27812356158e-23],"var":[0.000077568263805,0.0000210365178646,0.00000505189200339,0.00000370609541278,0.00000424579957325,0.00000101380771866,3.51078057292e-7,1.51021524175e-7,1.07398122395e-7,1.18038286701e-7,6.81217358078e-8,6.5415505901e-8,5.79336898454e-8,4.26158131006e-8,1.40339952992e-8,7.95990384717e-9,3.60696761348e-9,3.07760328333e-9,1.09889664035e-9,5.45028966403e-10,2.55878290778e-10,1.79069162276e-10,1.39370043284e-10,1.24350627018e-10,9.3252752742e-11,1.10917199037e-10,1.14189796507e-10,8.46000561272e-11,2.9831966758e-11,4.85097075356e-12,1.40069791703e-12,3.05285175395e-13,1.14923763323e-13,5.92438627995e-14,2.77408524889e-14,1.33377094362e-14,9.33057020454e-15,5.18446081828e-15,2.91556596676e-15,2.28060148213e-15]},"melbands_crest":{"dmean":4.88627338409,"dmean2":7.953520298,"dvar":17.6021575928,"dvar2":41.4228820801,"max":37.9710235596,"mean":17.4531135559,"median":16.6474895477,"min":1.59449863434,"var":46.1508712769},"melbands_flatness_db":{"dmean":0.0407829731703,"dmean2":0.0632269904017,"dvar":0.00124352157582,"dvar2":0.00299267983064,"max":0.744726479053,"mean":0.29488658905,"median":0.284517526627,"min":0.00162948539946,"var":0.00582435447723},"melbands_kurtosis":{"dmean":13.149271965,"dmean2":21.3804397583,"dvar":723.466308594,"dvar2":1880.50292969,"max":658.760192871,"mean":21.1689300537,"median":9.77564144135,"min":-1.91905379295,"var":1387.57922363},"melbands_skewness":{"dmean":1.07637095451,"dmean2":1.69991540909,"dvar":1.22367405891,"dvar2":2.98996901512,"max":18.591884613,"mean":3.12755274773,"median":2.683344841,"min":-4.15353250504,"var":4.21060180664},"melbands_spread":{"dmean":5.21512746811,"dmean2":8.18124485016,"dvar":60.1699256897,"dvar2":131.149749756,"max":214.48475647,"mean":13.6855821609,"median":10.2833652496,"min":0.105141766369,"var":245.845748901},"mfcc":{"cov":[[10347.3925781,2148.66503906,-1214.09423828,-143.603820801,-274.311584473,83.6666030884,-105.836273193,46.5267410278,-201.038314819,-13.5895929337,-106.547927856,61.2234039307,-50.7075271606],[2148.66503906,1564.97949219,-89.2478256226,-248.48600769,-26.1121711731,70.5596084595,18.4077205658,-22.4809589386,-42.106086731,-9.95118904114,-11.8073883057,-22.7100887299,-24.1646995544],[-1214.09423828,-89.2478256226,696.496337891,-8.3394536972,56.8539619446,-30.5991973877,49.6398658752,-14.6907196045,21.6717376709,-1.24357485771,28.1970615387,-14.2592172623,-11.7792787552],[-143.603820801,-248.48600769,-8.3394536972,579.649169922,-33.0140075684,7.9543595314,62.2299346924,-6.28200960159,4.07235527039,15.6769914627,-14.9296798706,5.23884391785,5.14344930649],[-274.311584473,-26.1121711731,56.8539619446,-33.0140075684,213.506820679,61.6046714783,26.9061546326,30.7661151886,42.1842498779,4.38859510422,21.7838993073,-3.67956709862,28.713394165],[83.6666030884,70.5596084595,-30.5991973877,7.9543595314,61.6046714783,132.190856934,51.3433685303,37.0619850159,15.0541000366,5.91369485855,-9.12696933746,4.4752779007,10.2429704666],[-105.836273193,18.4077205658,49.6398658752,62.2299346924,26.9061546326,51.3433685303,120.858451843,15.6830539703,23.9238471985,-1.51161932945,-2.8237555027,-10.0824213028,16.1062107086],[46.5267410278,-22.4809589386,-14.6907196045,-6.28200960159,30.7661151886,37.0619850159,15.6830539703,91.2387237549,26.2799892426,11.4045906067,-0.190773308277,13.7048835754,1.20477354527],[-201.038314819,-42.106086731,21.6717376709,4.07235527039,42.1842498779,15.0541000366,23.9238471985,26.2799892426,81.5533905029,28.6100177765,14.607378006,5.67917299271,16.6643066406],[-13.5895929337,-9.95118904114,-1.24357485771,15.6769914627,4.38859510422,5.91369485855,-1.51161932945,11.4045906067,28.6100177765,68.3174362183,30.5977287292,14.013548851,5.99998378754],[-106.547927856,-11.8073883057,28.1970615387,-14.9296798706,21.7838993073,-9.12696933746,-2.8237555027,-0.190773308277,14.607378006,30.5977287292,69.2621459961,20.5848331451,8.31247329712],[61.2234039307,-22.7100887299,-14.2592172623,5.23884391785,-3.67956709862,4.4752779007,-10.0824213028,13.7048835754,5.67917299271,14.013548851,20.5848331451,57.6871261597,19.7418403625],[-50.7075271606,-24.1646995544,-11.7792787552,5.14344930649,28.713394165,10.2429704666,16.1062107086,1.20477354527,16.6643066406,5.99998378754,8.31247329712,19.7418403625,53.5629119873]],"icov":[[0.000193586631212,-0.00025950698182,0.000279037340079,-0.0000526170151716,0.0000359017903975,0.000113542402687,-0.00000268221901933,-0.000209720819839,0.000310995179461,-0.000126107493998,0.000197788715013,-0.000293020420941,0.0000918480291148],[-0.00025950698182,0.00109994923696,-0.000283158500679,0.000445710262284,0.000118327305245,-0.000666045176331,-0.000301803986076,0.000616221514065,-0.00008009699377,-0.0000177234414878,-0.000284176174318,0.000514211424161,0.000167805192177],[0.000279037340079,-0.000283158500679,0.00207602581941,0.0000492015460622,-0.000605740526225,0.0010519628413,-0.00119506544434,0.000121424396639,0.000260969856754,-0.0000774743384682,-0.000154624765855,-0.000638105790131,0.00125508231577],[-0.0000526170151716,0.000445710262284,0.0000492015460622,0.00213281018659,0.000215740656131,0.0000678767391946,-0.00152918079402,0.000575409212615,0.000281733722659,-0.00098393112421,0.000809211458545,-0.000551804085262,0.00037589162821],[0.0000359017903975,0.000118327305245,-0.000605740526225,0.000215740656131,0.00742162158713,-0.00378514709882,0.00154154584743,-0.00135472894181,-0.00246860994957,0.00229158671573,-0.00345289963298,0.0034814986866,-0.00399027951062],[0.000113542402687,-0.000666045176331,0.0010519628413,0.0000678767391946,-0.00378514709882,0.0128504568711,-0.00527098495513,-0.00284980749711,0.00182473065797,-0.00254265032709,0.00376782915555,-0.00303207198158,0.00150249770377],[-0.00000268221901933,-0.000301803986076,-0.00119506544434,-0.00152918079402,0.00154154584743,-0.00527098495513,0.0132906744257,-0.00115738529712,-0.00306521821767,0.00272109056823,-0.00194744858891,0.00483666174114,-0.00487509882078],[-0.000209720819839,0.000616221514065,0.000121424396639,0.000575409212615,-0.00135472894181,-0.00284980749711,-0.00115738529712,0.0150493867695,-0.00412076152861,-0.000879503495526,0.00207027443685,-0.00473487563431,0.00413605477661],[0.000310995179461,-0.00008009699377,0.000260969856754,0.000281733722659,-0.00246860994957,0.00182473065797,-0.00306521821767,-0.00412076152861,0.0192157551646,-0.00765007454902,0.000836791004986,0.000580539694056,-0.00318782613613],[-0.000126107493998,-0.0000177234414878,-0.0000774743384682,-0.00098393112421,0.00229158671573,-0.00254265032709,0.00272109056823,-0.000879503495526,-0.00765007454902,0.0226841457188,-0.00970763992518,0.0000177681722562,-0.000251555960858],[0.000197788715013,-0.000284176174318,-0.000154624765855,0.000809211458545,-0.00345289963298,0.00376782915555,-0.00194744858891,0.00207027443685,0.000836791004986,-0.00970763992518,0.0227843187749,-0.00830672960728,0.00196962011978],[-0.000293020420941,0.000514211424161,-0.000638105790131,-0.000551804085262,0.0034814986866,-0.00303207198158,0.00483666174114,-0.00473487563431,0.000580539694056,0.0000177681722562,-0.00830672960728,0.0270512420684,-0.0116309514269],[0.0000918480291148,0.000167805192177,0.00125508231577,0.00037589162821,-0.00399027951062,0.00150249770377,-0.00487509882078,0.00413605477661,-0.00318782613613,-0.000251555960858,0.00196962011978,-0.0116309514269,0.0272979922593]],"mean":[-679.226257324,178.221374512,-7.23436021805,27.3095932007,3.66463065147,18.2861118317,10.93222332,6.2893576622,-0.610842108727,3.37733030319,-2.50285100937,1.06887924671,-1.17830634117]},"pitch_salience":{"dmean":0.0929270535707,"dmean2":0.150214076042,"dvar":0.00639750435948,"dvar2":0.0155473602936,"max":0.96833974123,"mean":0.545791566372,"median":0.565518796444,"min":0.0706441402435,"var":0.0179008450359},"silence_rate_20dB":{"dmean":0.000292354932753,"dmean2":0.000584795314353,"dvar":0.000292269454803,"dvar2":0.000584453344345,"max":1,"mean":0.999707698822,"median":1,"min":0,"var":0.00029222673038},"silence_rate_30dB":{"dmean":0.126004964113,"dmean2":0.252046793699,"dvar":0.110127717257,"dvar2":0.218636155128,"max":1,"mean":0.870067238808,"median":1,"min":0,"var":0.113050244749},"silence_rate_60dB":{"dmean":0.00526238838211,"dmean2":0.0105263162404,"dvar":0.00523469597101,"dvar2":0.0121698984876,"max":1,"mean":0.0450160764158,"median":0,"min":0,"var":0.0429896302521},"spectral_centroid":{"dmean":202.865890503,"dmean2":302.003356934,"dvar":107522.898438,"dvar2":173616.21875,"max":11188.1923828,"mean":839.091796875,"median":693.848876953,"min":86.475112915,"var":411522.0625},"spectral_complexity":{"dmean":3.02996635437,"dmean2":4.71725130081,"dvar":9.90423297882,"dvar2":20.4054336548,"max":54,"mean":18.7462730408,"median":20,"min":0,"var":70.0847015381},"spectral_contrast_coeffs":{"dmean":[0.0582594797015,0.0518791377544,0.0381816253066,0.0302221756428,0.0238954592496,0.0370695106685],"dmean2":[0.0946912094951,0.0866653174162,0.0636453777552,0.0503173433244,0.0382608883083,0.0573801212013],"dvar":[0.00219501461834,0.00168334296905,0.000940858211834,0.000591180985793,0.000438515649876,0.00122501712758],"dvar2":[0.00574449962005,0.00464114407077,0.00248986459337,0.00160595669877,0.00106357748155,0.00282818870619],"max":[-0.297582656145,-0.419372171164,-0.579738199711,-0.649559497833,-0.653321921825,-0.507871627808],"mean":[-0.677484691143,-0.766818225384,-0.805361926556,-0.814979672432,-0.827525019646,-0.776060581207],"median":[-0.683553338051,-0.772857367992,-0.808735072613,-0.811449766159,-0.821780085564,-0.784487009048],"min":[-0.965180158615,-0.970645785332,-0.973846912384,-0.982529878616,-0.969987988472,-0.960940182209],"var":[0.00792834721506,0.00470583094284,0.00270309927873,0.00188722962048,0.00166493072174,0.00405775895342]},"spectral_contrast_valleys":{"dmean":[0.392929762602,0.382592797279,0.31091594696,0.296676695347,0.331353068352,0.611381709576],"dmean2":[0.641686737537,0.622458994389,0.5005184412,0.46754783392,0.494457244873,0.97103279829],"dvar":[0.129857420921,0.127381056547,0.101921588182,0.114302933216,0.160373747349,0.29593026638],"dvar2":[0.279826939106,0.264194190502,0.198060140014,0.220940127969,0.313120603561,0.765602648258],"max":[-4.87340402603,-4.41539907455,-4.95889806747,-5.78982639313,-5.89873409271,-9.02708911896],"mean":[-6.52655982971,-6.5616517067,-6.83772945404,-7.49675941467,-7.93847560883,-11.1254062653],"median":[-6.2392282486,-6.23260211945,-6.44624996185,-7.17187166214,-7.70753669739,-10.9706802368],"min":[-27.3835544586,-27.5270442963,-27.2120571136,-27.3814907074,-27.3022518158,-27.2672309875],"var":[1.98214435577,2.1895108223,2.47677493095,2.25467610359,1.74181294441,1.27820158005]},"spectral_decrease":{"dmean":6.47678088939e-9,"dmean2":1.01361399274e-8,"dvar":6.54357700998e-17,"dvar2":1.50324247403e-16,"max":2.7969493388e-9,"mean":-1.21426948496e-8,"median":-9.4745260526e-9,"min":-8.64944311729e-8,"var":1.06578039702e-16},"spectral_energy":{"dmean":0.0250339452177,"dmean2":0.038788292557,"dvar":0.000940503145102,"dvar2":0.00213788147084,"max":0.371290892363,"mean":0.0643195286393,"median":0.0564772188663,"min":1.11923256057e-20,"var":0.00176397012547},"spectral_energyband_high":{"dmean":0.000124855301692,"dmean2":0.000186040968401,"dvar":5.06114226084e-8,"dvar2":1.08038811675e-7,"max":0.00449109496549,"mean":0.000315175857395,"median":0.00023265456548,"min":7.85039072297e-21,"var":1.23920059991e-7},"spectral_energyband_low":{"dmean":0.0209710393101,"dmean2":0.033561013639,"dvar":0.000847825082019,"dvar2":0.00199363077991,"max":0.335384428501,"mean":0.0328110978007,"median":0.0217865053564,"min":7.87506715037e-23,"var":0.00117584795225},"spectral_energyband_middle_high":{"dmean":0.00185613450594,"dmean2":0.00296882563271,"dvar":0.00000560340458833,"dvar2":0.0000146043821587,"max":0.0370084345341,"mean":0.00568349240348,"median":0.00398775842041,"min":1.79785747239e-21,"var":0.0000288129667751},"spectral_energyband_middle_low":{"dmean":0.00769454427063,"dmean2":0.0120953423902,"dvar":0.000117834759294,"dvar2":0.000292886281386,"max":0.15387943387,"mean":0.0169694460928,"median":0.0124566592276,"min":2.94391706936e-22,"var":0.000275295053143},"spectral_entropy":{"dmean":0.21546921134,"dmean2":0.337578386068,"dvar":0.0566386580467,"dvar2":0.133763462305,"max":9.80514526367,"mean":7.27703094482,"median":7.3251209259,"min":4.51179409027,"var":0.200060129166},"spectral_flux":{"dmean":0.0393215976655,"dmean2":0.0640511438251,"dvar":0.00174731470179,"dvar2":0.00431430852041,"max":0.507903516293,"mean":0.142154753208,"median":0.137752249837,"min":3.30540245841e-7,"var":0.00435852911323},"spectral_kurtosis":{"dmean":6.11421918869,"dmean2":9.60007286072,"dvar":49.4303779602,"dvar2":125.339950562,"max":104.333244324,"mean":21.5836391449,"median":18.6217594147,"min":-1.18550717831,"var":142.440933228},"spectral_rms":{"dmean":0.001425572671,"dmean2":0.00216817366891,"dvar":0.0000020827096705,"dvar2":0.00000459871944258,"max":0.0190324727446,"mean":0.00743852183223,"median":0.00742291891947,"min":3.30444287384e-12,"var":0.00000741915710023},"spectral_rolloff":{"dmean":5658.33154297,"dmean2":10991.6201172,"dvar":74200312,"dvar2":165546880,"max":22050,"mean":10912.7392578,"median":4231.27441406,"min":43.06640625,"var":103264816},"spectral_skewness":{"dmean":0.481767714024,"dmean2":0.737784564495,"dvar":0.257523566484,"dvar2":0.614730715752,"max":8.45856380463,"mean":3.19702363014,"median":3.09635448456,"min":-0.0359981320798,"var":1.0882563591},"spectral_spread":{"dmean":530313.625,"dmean2":831962.6875,"dvar":491341611008,"dvar2":834960556032,"max":40487132,"mean":3715937.25,"median":3510385.5,"min":1293058.75,"var":1926790905860},"spectral_strongpeak":{"dmean":1.88259398937,"dmean2":3.55978345871,"dvar":81.0246658325,"dvar2":215.031982422,"max":111.054252625,"mean":1.77970266342,"median":0.291961491108,"min":0,"var":81.2013244629},"zerocrossingrate":{"dmean":0.042370762676,"dmean2":0.0543357096612,"dvar":0.00128250324633,"dvar2":0.00206173816696,"max":0.69140625,"mean":0.242119133472,"median":0.23876953125,"min":0.00439453125,"var":0.00929088238627}},"metadata":{"audio_properties":{"analysis_sample_rate":44100,"bit_rate":213241,"codec":"mp3","downmix":"mix","equal_loudness":0,"length":158.825561523,"lossless":false,"md5_encoded":"314c7f6b8000b9d398851df3434d9e81","replay_gain":-0.548139572144,"sample_rate":44100},"tags":{"acoustid_id":["f1d08888-b548-47e0-a7a8-e954414507b0"],"album":["The Eternal"],"albumartist":["Sonic Youth"],"artist":["Sonic Youth"],"date":["2009"],"discnumber":["1/1"],"file_name":"09 - Sonic Youth - Thunderclap for Bobby Pyn.mp3","musicbrainz_albumartistid":["5cbef01b-cc35-4f52-af7b-d0df0c4f61b9"],"musicbrainz_albumid":["a6bc7e99-d326-378b-8f52-4ebefb58e7da"],"musicbrainz_artistid":["5cbef01b-cc35-4f52-af7b-d0df0c4f61b9"],"musicbrainz_recordingid":["0605e698-fa14-4c6d-978b-4188611b03b1"],"musicbrainz_releasegroupid":["a2d6d282-a46a-31d3-9389-de6d63772b35"],"replaygain_album_gain":["-0.53 dB"],"replaygain_album_peak":["0.377621"],"replaygain_track_gain":["-1.08 dB"],"replaygain_track_peak":["0.356714"],"title":["Thunderclap for Bobby Pyn"],"tracknumber":["9/12"]},"version":{"essentia":"2.1-beta1","essentia_build_sha":"e76a03f03bb3900de42a1fa0d9be1e72f12def64","essentia_git_sha":"v2.1_beta1-28-g21ef5f4-dirty","extractor":"music 1.0"}},"rhythm":{"beats_count":370,"beats_loudness":{"dmean":0.035286732018,"dmean2":0.061545856297,"dvar":0.000989336986095,"dvar2":0.00270753377117,"max":0.195220202208,"mean":0.0810386613011,"median":0.0777862966061,"min":2.06332484431e-9,"var":0.00155361357611},"beats_loudness_band_ratio":{"dmean":[0.205104097724,0.126676484942,0.0592908784747,0.0423164442182,0.0137177053839,0.0601045154035],"dmean2":[0.353716760874,0.220446497202,0.107171617448,0.0747824981809,0.0252886004746,0.100450620055],"dvar":[0.022958766669,0.0174327380955,0.00536817777902,0.00319972657599,0.00042813399341,0.00290246703662],"dvar2":[0.0716356635094,0.0443700402975,0.0156118711457