{"lowlevel":{"average_loudness":0.941835820675,"barkbands":{"dmean":[0.000499690591823,0.000840869150124,0.00278031546623,0.00302106910385,0.00185967190191,0.000422928424086,0.000896316836588,0.000560922606383,0.000777660869062,0.000922227336559,0.000631988572422,0.00121023505926,0.000725651334506,0.000256016530329,0.000316222722176,0.000322281179251,0.000494767562486,0.000202823488507,0.0000905042834347,0.0000332984891429,0.0000497091750731,0.0000515377614647,0.0000351384223904,0.0000150162541104,0.00000574697105549,1.48518012111e-7,3.8908960498e-9],"dmean2":[0.000882983091287,0.00133888830896,0.0043597240001,0.00495787663385,0.00297819380648,0.000689338718075,0.0014280686155,0.00085677189054,0.00117924052756,0.00138506258372,0.000989898457192,0.00185198860709,0.00111772143282,0.000384185870644,0.000478233996546,0.000491799088195,0.000733569904696,0.000301007152302,0.000132921515615,0.0000491580940434,0.0000744626377127,0.000075623865996,0.0000523903217982,0.0000220907422772,0.00000827276926429,2.19732058326e-7,6.36175379043e-9],"dvar":[0.00000107075572942,0.00000168560939073,0.0000146815536937,0.000020137804313,0.00000629309170108,5.08579148573e-7,0.00000289892136607,0.00000156853059252,0.00000293361449621,0.00000332474132847,0.00000320944673149,0.00000933787123358,0.00000363724007002,6.11603525158e-7,0.0000012159855487,8.65015238105e-7,0.00000252932113654,4.15421652633e-7,6.6637099394e-8,7.05830593972e-9,1.35604762974e-8,2.14921573871e-8,8.62521343237e-9,2.8584399292e-9,4.50582821054e-10,1.45142917325e-13,5.12784799482e-16],"dvar2":[0.0000031560118714,0.00000396932910007,0.0000313695782097,0.000052056118875,0.0000155036850629,0.00000133013884351,0.00000685821851221,0.00000343660121871,0.00000673338990964,0.00000697616042089,0.00000751118386688,0.0000197163990379,0.00000842609279061,0.00000141170858114,0.00000285444366455,0.00000197052372641,0.00000502471903019,9.18825833196e-7,1.34013220077e-7,1.39228664153e-8,3.04469800483e-8,4.42001528711e-8,1.96758289661e-8,6.49364340077e-9,1.03161701404e-9,3.11555468924e-13,1.24038435417e-15],"max":[0.0136337177828,0.029312890023,0.0525573194027,0.0574647262692,0.0386374741793,0.0183022245765,0.0376631766558,0.0305877663195,0.0411430634558,0.0478399656713,0.0468126088381,0.061318770051,0.0571069084108,0.0198188144714,0.0474633984268,0.0236898995936,0.0574833117425,0.0177356041968,0.00765138212591,0.00518163060769,0.00319004640914,0.0043454640545,0.00309982686304,0.00331022636965,0.00140403164551,0.0000116074415928,0.0000016446972495],"mean":[0.000479852053104,0.00146114244126,0.00589395780116,0.00490753119811,0.00316130253486,0.000669151893817,0.00137018645182,0.00101639667992,0.00131272326689,0.00148099288344,0.000925665372051,0.00197290419601,0.00115881743841,0.000389026507037,0.000525795447174,0.000564339046832,0.000853998702951,0.000362334714737,0.000165522753377,0.0000642695013084,0.0000933182163863,0.0000963798011071,0.0000638535857433,0.0000289823474304,0.000011273446944,3.17375992154e-7,8.44873504491e-9],"median":[0.000134045563755,0.000531790719833,0.00260339910164,0.00220240233466,0.00179759715684,0.00036351068411,0.000654668314382,0.000417012692196,0.000590286508668,0.000645621446893,0.000334406911861,0.000638675875962,0.000330917799147,0.000110734588816,0.000119431853818,0.000143880432006,0.000164588127518,0.0000663046666887,0.0000281732682197,0.0000282637174678,0.0000310440009343,0.0000297874030366,0.0000269018073595,0.0000148295985127,0.00000575194553676,1.64051442653e-7,6.52118803401e-9],"min":[3.08542136871e-25,1.85980210129e-24,1.73692735175e-24,1.592111225e-24,6.38344587897e-24,3.64866864668e-24,6.91514049567e-24,4.0204599746e-24,1.40749477788e-23,5.1882482435e-24,1.35528417664e-23,1.99681095054e-23,2.20997994202e-23,3.11703493004e-23,4.22704615849e-23,3.34620943597e-23,5.83029235238e-23,8.51598318816e-23,8.91384108363e-23,1.68901190881e-22,2.3665289469e-22,3.0532693467e-22,3.8076437775e-22,5.41903871521e-22,7.41494717733e-22,1.31300149718e-21,2.04715710743e-21],"var":[0.00000116580577014,0.0000044177863856,0.0000595146157139,0.000046209555876,0.0000146178608702,9.12895245619e-7,0.00000495101039633,0.00000361977436114,0.00000540963401363,0.00000644830925012,0.00000531709838469,0.0000213999810512,0.00000887517762749,0.00000103283446151,0.00000288632713819,0.00000250413518188,0.00000733089655114,9.84668417914e-7,2.04267436743e-7,1.65472187064e-8,3.14771426702e-8,4.94115148797e-8,1.5836702616e-8,3.47623307917e-9,5.25917531746e-10,2.69183465665e-13,4.39344395977e-16]},"barkbands_crest":{"dmean":2.8436319828,"dmean2":4.56241750717,"dvar":6.55579614639,"dvar2":16.2333087921,"max":26.7201194763,"mean":10.6360054016,"median":9.75906562805,"min":2.76878166199,"var":19.9660491943},"barkbands_flatness_db":{"dmean":0.0223477296531,"dmean2":0.0330200120807,"dvar":0.000475092965644,"dvar2":0.00111535331234,"max":0.564956963062,"mean":0.164188116789,"median":0.157643854618,"min":0.0490139126778,"var":0.00215035188012},"barkbands_kurtosis":{"dmean":7.74886751175,"dmean2":12.7941884995,"dvar":5244.11230469,"dvar2":15318.6230469,"max":3116.8137207,"mean":8.37459373474,"median":1.60411155224,"min":-1.91823399067,"var":5810.19628906},"barkbands_skewness":{"dmean":0.704392492771,"dmean2":1.08129501343,"dvar":1.65191233158,"dvar2":4.46032428741,"max":52.2124061584,"mean":1.48614442348,"median":1.24335587025,"min":-4.14904308319,"var":4.80048656464},"barkbands_spread":{"dmean":4.24905109406,"dmean2":6.46056556702,"dvar":20.5208759308,"dvar2":43.4927711487,"max":131.06060791,"mean":17.1140995026,"median":15.4155426025,"min":0.0628006234765,"var":93.0150604248},"dissonance":{"dmean":0.0228875745088,"dmean2":0.0389349907637,"dvar":0.000561394437682,"dvar2":0.00158651359379,"max":0.500000059605,"mean":0.461108833551,"median":0.468451946974,"min":0.182997092605,"var":0.000939752499107},"dynamic_complexity":3.11084961891,"erbbands":{"dmean":[0.00768175395206,0.266700476408,2.4697329998,6.99042272568,8.44470405579,5.9809756279,2.61447262764,4.21267127991,10.599357605,13.0473423004,13.5306463242,18.0709056854,27.0250720978,23.1214733124,25.8450469971,54.923412323,36.7624664307,13.3054046631,14.3746156693,16.7199802399,15.4987516403,28.6848812103,12.0329742432,5.83093261719,3.13550424576,1.69191014767,1.29919397831,2.49877691269,1.96095979214,1.31706428528,0.900919497013,0.336970239878,0.25533425808,0.104259222746,0.02097260952,0.00201742677018,0.000111108718556,0.0000135067939482,0.00000431563466918,0.00000862633442011],"dmean2":[0.0118729295209,0.424878150225,3.90212702751,11.4450321198,13.6151714325,9.60222816467,4.20420265198,6.90997505188,17.0974369049,20.2940578461,20.4369487762,27.1840057373,40.1920318604,34.6271286011,40.2003669739,83.7385406494,56.0246696472,19.3635978699,21.6135368347,25.2885837555,23.4674873352,41.7436447144,17.3519439697,8.43302440643,4.54261922836,2.4953994751,1.93936598301,3.75957918167,2.90424966812,1.95087313652,1.34471750259,0.487699151039,0.377046197653,0.150262802839,0.0299457088113,0.00284073851071,0.000155871312018,0.0000193567011593,0.00000606492767474,0.0000125320957522],"dvar":[0.000146914055222,0.150836080313,10.8249540329,89.9961853027,132.406845093,74.2114105225,19.3874778748,55.2717971802,377.767883301,852.40020752,835.915893555,1753.29553223,2679.45629883,3781.45385742,3983.94677734,18591.9960938,8609,1460.58581543,1889.71289063,2861.37792969,2347.57275391,9290.88867188,1213.09533691,324.327301025,83.8430480957,20.0332794189,8.15091228485,38.1734008789,32.0230636597,14.3809013367,6.64996290207,1.18730688095,0.999431610107,0.136147990823,0.00273695797659,0.000025859410016,6.55178311604e-8,1.09486752997e-9,6.56209669936e-11,7.5723254056e-11],"dvar2":[0.000327491899952,0.365409404039,24.5052814484,233.405944824,337.860748291,192.381744385,49.9668579102,147.491409302,937.48059082,1972.38891602,1771.48425293,4069.56469727,5728.99316406,8250.66503906,9377.06054688,38596.7734375,19929.9765625,3256.78857422,4440.9453125,6458.84619141,5255.4375,17285.8984375,2557.10302734,677.5078125,179.801300049,40.8456230164,18.2721157074,84.4013137817,65.8404998779,32.3239974976,14.9719266891,2.65450167656,2.28276205063,0.306178450584,0.00608863169327,0.0000552035307919,1.35798330803e-7,2.34590369352e-9,1.48256310006e-10,1.56676574492e-10],"max":[0.450275272131,7.74469614029,40.4210205078,120.201179504,146.24659729,127.967330933,104.076454163,216.00012207,338.076721191,587.668945313,706.303527832,1150.01159668,1567.53625488,2224.08056641,1461.20227051,2943.05908203,2352.68188477,966.048461914,1308.58251953,1922.62854004,1379.78845215,3993.35253906,936.927062988,462.901916504,344.601715088,306.397888184,72.8782958984,176.791381836,186.781051636,133.757446289,109.342247009,60.3984298706,65.6688461304,24.0517406464,2.28688788414,0.192597925663,0.010033307597,0.0017527109012,0.000509699515533,0.000119281830848],"mean":[0.0146460952237,0.515022337437,5.40060806274,13.0161466599,14.2327356339,9.92261886597,4.82005834579,6.40802764893,15.7848100662,20.6435966492,25.9881801605,31.6489810944,43.8862266541,39.9111633301,43.2556419373,91.9367980957,62.4509086609,23.5002269745,24.7812042236,31.8250484467,28.5736675262,52.5223236084,24.1696128845,11.2609233856,5.82584953308,3.28999042511,2.58208608627,4.6176905632,3.73067069054,2.473310709,1.60551118851,0.655765116215,0.47498229146,0.201259925961,0.0423647090793,0.00423945859075,0.000330435053911,0.0000456284324173,0.0000175458881131,0.0000342269522662],"median":[0.00873353518546,0.278073728085,2.72292709351,7.57431745529,8.03799438477,5.2654838562,2.87311077118,3.61054730415,7.29140758514,9.34473609924,10.4803791046,14.4238042831,18.645822525,18.8975105286,18.061756134,31.4164905548,19.9746952057,8.35758113861,6.79682731628,9.07902431488,7.25551366806,10.8712501526,4.90286445618,2.05442643166,1.37099432945,1.44693040848,0.998345077038,1.44164538383,1.15975785255,0.840491354465,0.733859837055,0.326728224754,0.243616059422,0.104423262179,0.0210183486342,0.00199074787088,0.000226368050789,0.000034765133023,0.0000170245093614,0.0000342825551343],"min":[1.09918452273e-22,5.57577237665e-22,2.68013384713e-21,6.69692330558e-21,6.17205903156e-21,2.69541665518e-20,3.01845928027e-20,3.8862266728e-20,1.06442163448e-19,1.42151156288e-19,1.93376228576e-19,4.0934405215e-19,5.96017235557e-19,4.92378639237e-19,7.64051687468e-19,1.03590537127e-18,1.31088864121e-18,2.14848169992e-18,2.60142429666e-18,2.73474409791e-18,3.04358976399e-18,4.04527012382e-18,4.95172110883e-18,5.95175765399e-18,6.92746888529e-18,9.48794691444e-18,8.46890175881e-18,8.89686019232e-18,9.95657202841e-18,1.07839172499e-17,1.06548117271e-17,9.8323725138e-18,9.94177707598e-18,8.11629120729e-18,6.18378801967e-18,4.12701293913e-18,2.35677735869e-18,1.01244973442e-18,2.53366817492e-19,2.7426727404e-20],"var":[0.000319573737215,0.407560288906,39.9961509705,221.729049683,289.456848145,157.530426025,41.1890907288,84.1436157227,617.055358887,1342.40527344,2461.52685547,3337.22412109,5515.78955078,7494.26123047,7475.67285156,43221.9609375,21921.3378906,3288.20825195,3953.77368164,9082.54980469,6241.83886719,27647.8984375,3456.15039063,914.489929199,230.8230896,43.472694397,20.758808136,84.5379257202,77.2419509888,29.8672885895,10.3117551804,1.7162681818,1.10814034939,0.162984609604,0.00459949718788,0.0000492142244184,1.40113428415e-7,2.11700679209e-9,1.50201823201e-10,4.04912686713e-10]},"erbbands_crest":{"dmean":2.91923165321,"dmean2":4.71040582657,"dvar":8.02393531799,"dvar2":19.0365524292,"max":32.4307632446,"mean":10.0855884552,"median":8.74134349823,"min":1.92218208313,"var":25.3800525665},"erbbands_flatness_db":{"dmean":0.0158250387758,"dmean2":0.023010706529,"dvar":0.000230781792197,"dvar2":0.000454909575637,"max":0.438799232244,"mean":0.192202463746,"median":0.18846014142,"min":0.0276994481683,"var":0.00172435655259},"erbbands_kurtosis":{"dmean":1.17098045349,"dmean2":1.81711637974,"dvar":4.50878953934,"dvar2":9.13074111938,"max":112.357154846,"mean":1.28373503685,"median":0.495915859938,"min":-1.70460033417,"var":12.8706827164},"erbbands_skewness":{"dmean":0.362067252398,"dmean2":0.547479867935,"dvar":0.119949519634,"dvar2":0.264927536249,"max":3.46136069298,"mean":0.0887481868267,"median":0.165344059467,"min":-4.35724067688,"var":0.517356276512},"erbbands_spread":{"dmean":6.45543479919,"dmean2":9.84134960175,"dvar":41.6111221313,"dvar2":88.4777755737,"max":129.789886475,"mean":29.2077846527,"median":27.4539985657,"min":0.860862791538,"var":191.365158081},"gfcc":{"cov":[[23369.8222656,2109.08813477,-3092.72558594,707.154052734,-1259.50964355,331.145294189,-750.504638672,-168.662689209,-239.127593994,-587.693725586,-218.264587402,-384.491485596,-129.163208008],[2109.08813477,744.752929688,-124.420791626,-147.964248657,-51.2831840515,6.7679643631,-5.09203195572,-78.293510437,-12.8176031113,-84.0291366577,-7.60200881958,-55.8514633179,4.52155256271],[-3092.72558594,-124.420791626,874.297668457,-68.9917907715,84.0406494141,91.4401092529,69.9733886719,26.413236618,-33.370388031,68.5015716553,38.3324813843,7.16390037537,39.7263946533],[707.154052734,-147.964248657,-68.9917907715,337.337341309,-17.6356868744,-18.6092586517,-26.6202259064,13.2947731018,12.53835392,-2.87673902512,-6.79284572601,-5.76935958862,-23.4138317108],[-1259.50964355,-51.2831840515,84.0406494141,-17.6356868744,276.347290039,-21.8452892303,53.4572181702,2.13736462593,56.2958526611,27.6345291138,15.7051725388,23.4383983612,4.82540082932],[331.145294189,6.7679643631,91.4401092529,-18.6092586517,-21.8452892303,198.412017822,4.84917211533,19.1145172119,-38.207157135,6.83783388138,8.22858715057,-14.3940658569,13.8154277802],[-750.504638672,-5.09203195572,69.9733886719,-26.6202259064,53.4572181702,4.84917211533,189.675216675,11.0577068329,14.9252882004,13.5554609299,17.3145980835,20.3163204193,-9.76531410217],[-168.662689209,-78.293510437,26.413236618,13.2947731018,2.13736462593,19.1145172119,11.0577068329,122.319732666,38.4900245667,26.6941547394,-7.24749088287,6.79174470901,7.02167034149],[-239.127593994,-12.8176031113,-33.370388031,12.53835392,56.2958526611,-38.207157135,14.9252882004,38.4900245667,112.716262817,37.2302474976,-3.40842413902,4.92440223694,-3.30786395073],[-587.693725586,-84.0291366577,68.5015716553,-2.87673902512,27.6345291138,6.83783388138,13.5554609299,26.6941547394,37.2302474976,97.7458267212,32.2108001709,10.665933609,-0.0332419760525],[-218.264587402,-7.60200881958,38.3324813843,-6.79284572601,15.7051725388,8.22858715057,17.3145980835,-7.24749088287,-3.40842413902,32.2108001709,72.092086792,26.8393535614,-6.29945993423],[-384.491485596,-55.8514633179,7.16390037537,-5.76935958862,23.4383983612,-14.3940658569,20.3163204193,6.79174470901,4.92440223694,10.665933609,26.8393535614,83.0203781128,20.2400379181],[-129.163208008,4.52155256271,39.7263946533,-23.4138317108,4.82540082932,13.8154277802,-9.76531410217,7.02167034149,-3.30786395073,-0.0332419760525,-6.29945993423,20.2400379181,71.534614563]],"icov":[[0.000716721522622,-0.00181439006701,0.00206786417402,-0.00177992205136,0.00158706482034,-0.00191987445578,0.00127523520496,-0.000645589956548,0.000407042971347,0.000836762832478,-0.000437147537014,0.000781020557042,-0.0000612463845755],[-0.00181439006701,0.00658930558711,-0.00503194192424,0.00539034511894,-0.00365119217895,0.00466313073412,-0.00341959064826,0.00261796545237,-0.00218287669122,-0.000152411026647,-0.000218879693421,-0.00034945824882,-0.000533291895408],[0.00206786417402,-0.00503194192424,0.00742888078094,-0.00491374265403,0.00413643242791,-0.00590016972274,0.00324065145105,-0.00206685485318,0.00204838067293,0.00156755803619,-0.00165528676007,0.00285915913992,-0.00103565095924],[-0.00177992205136,0.00539034511894,-0.00491374265403,0.00795301422477,-0.00366788799874,0.00481807347387,-0.0027962338645,0.0016157887876,-0.00173084705602,-0.00114845146891,0.000661368190777,-0.00140765181277,0.000929898116738],[0.00158706482034,-0.00365119217895,0.00413643242791,-0.00366788799874,0.00812469236553,-0.00415505375713,0.00194893311709,-0.000356712000212,-0.00189522758592,0.00231319968589,-0.00154481548816,0.0012367204763,-0.000418326846557],[-0.00191987445578,0.00466313073412,-0.00590016972274,0.00481807347387,-0.00415505375713,0.0113369114697,-0.00368297914974,-0.0000209476547752,0.00156298349611,-0.00298450910486,0.000212126527913,-0.000373004644644,-0.00112247362267],[0.00127523520496,-0.00341959064826,0.00324065145105,-0.0027962338645,0.00194893311709,-0.00368297914974,0.00835296697915,-0.00164865434635,0.000294020283036,0.00166992109735,-0.00116489722859,-0.000226998323342,0.00166175374761],[-0.000645589956548,0.00261796545237,-0.00206685485318,0.0016157887876,-0.000356712000212,-0.0000209476547752,-0.00164865434635,0.0114991255105,-0.00471511762589,-0.00172977161128,0.0022465789225,-0.00145920901559,-0.000588289170992],[0.000407042971347,-0.00218287669122,0.00204838067293,-0.00173084705602,-0.00189522758592,0.00156298349611,0.000294020283036,-0.00471511762589,0.0154436696321,-0.0060892123729,0.00290919560939,0.0000555589649593,0.000449580460554],[0.000836762832478,-0.000152411026647,0.00156755803619,-0.00114845146891,0.00231319968589,-0.00298450910486,0.00166992109735,-0.00172977161128,-0.0060892123729,0.0187644325197,-0.00911850482225,0.00323771126568,-0.000899749109522],[-0.000437147537014,-0.000218879693421,-0.00165528676007,0.000661368190777,-0.00154481548816,0.000212126527913,-0.00116489722859,0.0022465789225,0.00290919560939,-0.00911850482225,0.0221282541752,-0.00867994502187,0.00457879062742],[0.000781020557042,-0.00034945824882,0.00285915913992,-0.00140765181277,0.0012367204763,-0.000373004644644,-0.000226998323342,-0.00145920901559,0.0000555589649593,0.00323771126568,-0.00867994502187,0.0188413653523,-0.00660667521879],[-0.0000612463845755,-0.000533291895408,-0.00103565095924,0.000929898116738,-0.000418326846557,-0.00112247362267,0.00166175374761,-0.000588289170992,0.000449580460554,-0.000899749109522,0.00457879062742,-0.00660667521879,0.0176043529063]],"mean":[-42.9287376404,127.084915161,-134.881622314,32.4329986572,-63.9592514038,27.2885417938,-34.1652259827,-1.81263852119,-17.6557617188,-20.4022674561,-14.3503761292,-13.2830486298,-9.5618724823]},"hfc":{"dmean":5.34193897247,"dmean2":7.00441789627,"dvar":58.6791152954,"dvar2":107.722389221,"max":173.027648926,"mean":19.2589473724,"median":13.7244272232,"min":1.07580536283e-16,"var":337.547851563},"melbands":{"dmean":[0.000147997488966,0.000955439580139,0.00120679615065,0.000516239320859,0.000110760418465,0.0000916619828786,0.000166700439877,0.000129724066937,0.000116987212095,0.000116350667668,0.00013932964066,0.0000983865611488,0.0000871468801051,0.0001285988983,0.000123390884255,0.0000600769089942,0.0000236098549067,0.0000227143391385,0.0000263320507656,0.0000220222445932,0.0000193096711882,0.0000329880385834,0.0000205704145628,0.00000673960585118,0.00000502449211126,0.0000032859629755,0.0000014560235968,0.00000114835108889,7.127224535e-7,0.00000130786133923,0.00000166363224707,0.0000013056348962,8.40191148654e-7,8.04849150882e-7,6.31603199963e-7,2.81654678247e-7,1.99779734089e-7,2.0837245529e-7,1.35283357849e-7,7.8056174857e-8],"dmean2":[0.000234610793996,0.00150818726979,0.00196147733368,0.000823398120701,0.000178433459951,0.000149486862938,0.000267726951279,0.000201127477339,0.000176371191628,0.000176322180778,0.000207523218705,0.000148485778482,0.00013669639884,0.000195766071556,0.000189668411622,0.0000924576816033,0.0000348226603819,0.0000345294029103,0.0000394885973947,0.0000335154072673,0.0000297953065456,0.0000481199276692,0.0000300743959087,0.00000995638401946,0.00000744523367757,0.00000479669142806,0.00000222292783292,0.00000172843931523,0.00000108358301532,0.00000198357929548,0.00000255723830378,0.00000196094310922,0.00000126540453493,0.00000121147456866,9.55810492087e-7,4.22407140377e-7,2.9750603403e-7,3.15769142389e-7,2.04737816034e-7,1.13261307888e-7],"dvar":[4.92589471435e-8,0.00000156141436491,0.00000247830757871,4.67954492933e-7,2.53628886782e-8,2.39092230458e-8,9.54415781962e-8,8.72045333722e-8,6.40180459754e-8,7.73908439555e-8,7.20477046912e-8,6.40017816522e-8,5.04687740488e-8,1.30986080649e-7,8.00085757646e-8,2.43855939885e-8,5.89775828175e-9,5.09340747357e-9,9.66517621492e-9,4.10658573813e-9,4.37611769044e-9,1.59501887254e-8,3.25373750165e-9,4.62316546157e-10,2.71155431442e-10,1.11174278117e-10,1.53481029969e-11,9.37650564831e-12,2.29287010385e-12,1.15914040519e-11,1.76018470632e-11,1.62990645286e-11,5.9194801838e-12,5.87468138372e-12,2.58635669305e-12,1.34846138162e-12,3.24887279623e-13,4.27849677345e-13,6.16987960288e-13,3.26817566065e-14],"dvar2":[1.13436406934e-7,0.00000357197154699,0.00000646392436465,0.00000114925910566,6.61819541392e-8,6.31884091717e-8,2.30238867971e-7,2.00321167654e-7,1.3640348584e-7,1.79452470661e-7,1.53989432761e-7,1.38443013498e-7,1.18026029838e-7,2.73601415302e-7,1.80407880634e-7,5.60394113336e-8,1.32864208524e-8,1.20999361641e-8,2.23177121228e-8,9.43401623488e-9,9.73149827388e-9,3.00750180315e-8,6.63331833906e-9,9.72128488819e-10,5.89584381316e-10,2.36197950088e-10,3.45699614768e-11,1.91361215068e-11,5.25573768534e-12,2.74471365774e-11,3.92074601951e-11,3.27958875335e-11,1.25284314173e-11,1.40598609144e-11,5.83156873485e-12,3.00117634737e-12,7.39069287541e-13,9.86048482449e-13,1.4344901135e-12,7.0753095765e-14],"max":[0.00643451744691,0.0151531780139,0.0195364616811,0.0109087377787,0.00284526287578,0.00434807641432,0.0062683946453,0.0072908801958,0.00588793447241,0.00778046948835,0.00818160735071,0.00844388268888,0.00483170617372,0.00844768341631,0.00675220228732,0.00426360731944,0.0020928310696,0.0026457302738,0.00479539390653,0.00208319094963,0.0019782660529,0.00513858813792,0.00194541306701,0.000502587412484,0.000440013798652,0.000428170140367,0.000127442646772,0.000208516503335,0.0000372755384888,0.0000842447261675,0.000116147675726,0.000135732858325,0.0000759239992476,0.0000901845414774,0.0000636749900877,0.0000537622981938,0.0000298823324556,0.0000397659750888,0.000054831867601,0.00000848670333653],"mean":[0.000271891331067,0.00210821628571,0.00235540838912,0.000901709485333,0.000204770563869,0.000141619631904,0.00025264461874,0.000209152072784,0.000218384608161,0.000194689040654,0.000218774715904,0.000161352407304,0.000132462810143,0.000208791607292,0.000206109834835,0.0000973214846454,0.0000362561622751,0.0000357242861355,0.0000451229279861,0.000038760354073,0.0000313692362397,0.0000562128007005,0.0000365103442164,0.0000125404494611,0.00000886265661393,0.00000557971316084,0.00000258406407738,0.00000204366278922,0.00000130187220293,0.0000021792905045,0.00000291404694508,0.00000230889190789,0.00000147561672748,0.00000138404686822,0.00000106802133359,4.86049884785e-7,3.72657069647e-7,3.75978430611e-7,2.28345626851e-7,1.50392352793e-7],"median":[0.000128889339976,0.00115725188516,0.00152971944772,0.000533924205229,0.000124871105072,0.000078793913417,0.0001187043963,0.0000971597037278,0.0000799535482656,0.0000870416624821,0.0000864008034114,0.0000723389093764,0.0000493841216667,0.0000672101305099,0.0000709365631337,0.0000259527478192,0.0000105947192424,0.0000091813308245,0.0000108840768007,0.000010473338989,0.00000638709570921,0.0000104522587208,0.00000719561421647,0.00000235566744777,0.00000140052588904,9.06066929929e-7,8.87776707259e-7,8.90994670044e-7,5.34109233286e-7,6.00316241162e-7,9.12210850856e-7,6.69186761115e-7,4.46592139269e-7,4.56362755585e-7,4.77126945952e-7,2.14049450165e-7,1.9202219903e-7,1.95425840843e-7,1.05491935187e-7,7.76457085294e-8],"min":[1.75350940519e-24,9.9731020107e-25,1.98194952106e-24,5.05669799616e-25,1.0293687194e-24,9.24467080905e-25,1.43145033393e-24,1.23212953926e-24,1.72286334232e-24,2.4068570231e-24,2.71315889361e-24,1.74542200319e-24,2.00769222177e-24,3.06767633708e-24,2.70665729924e-24,2.53392693493e-24,3.0966935994e-24,3.46336876992e-24,2.97984495832e-24,2.40365976985e-24,3.87399059261e-24,3.73602592003e-24,3.89356499268e-24,4.60281011104e-24,4.04341464365e-24,3.98650582352e-24,4.70563024143e-24,5.47124104919e-24,4.2573154614e-24,5.31278965891e-24,4.58032126436e-24,4.69830527349e-24,5.06886676726e-24,5.41340610635e-24,4.79487525893e-24,5.67913390228e-24,6.11264097426e-24,6.0010045344e-24,5.80612196979e-24,6.09974783162e-24],"var":[1.28645950781e-7,0.00000579174411541,0.00000606646699453,0.00000112617181003,5.8771380651e-8,3.91248882181e-8,1.61901397178e-7,1.33796433488e-7,1.82300297524e-7,1.35826496717e-7,1.4508331958e-7,1.24961843539e-7,9.11004676141e-8,2.93600123769e-7,1.69174683151e-7,7.11360996775e-8,1.03689128395e-8,8.7200540122e-9,2.3678193628e-8,1.27179111686e-8,1.04024184822e-8,4.18228829346e-8,8.95447804794e-9,1.18023246731e-9,6.66284249995e-10,2.89502172235e-10,3.59374544012e-11,1.89077555696e-11,5.10597423717e-12,2.32126574906e-11,3.5823437966e-11,3.74265583802e-11,1.22241132147e-11,1.0604180728e-11,4.10451533872e-12,2.09496872974e-12,4.60427486068e-13,5.15402553535e-13,5.80696027288e-13,5.50584934361e-14]},"melbands_crest":{"dmean":3.92248058319,"dmean2":6.30741786957,"dvar":12.3288421631,"dvar2":29.8982887268,"max":39.6294708252,"mean":16.322851181,"median":15.5931959152,"min":1.00221085548,"var":40.4927825928},"melbands_flatness_db":{"dmean":0.0276427734643,"dmean2":0.0395358912647,"dvar":0.000623500149231,"dvar2":0.00130295753479,"max":0.593177974224,"mean":0.222592622042,"median":0.218199431896,"min":-5.17719165316e-8,"var":0.00394076295197},"melbands_kurtosis":{"dmean":10.1593589783,"dmean2":16.3640480042,"dvar":7629.96972656,"dvar2":21315.7070313,"max":5346.04345703,"mean":14.4343061447,"median":4.84687137604,"min":-1.8675122261,"var":8499.11132813},"melbands_skewness":{"dmean":0.854584157467,"dmean2":1.29067635536,"dvar":1.40039980412,"dvar2":3.17973518372,"max":55.9039535522,"mean":2.37906217575,"median":2.0490000248,"min":-3.37491607666,"var":5.29414796829},"melbands_spread":{"dmean":6.0214138031,"dmean2":9.10604476929,"dvar":44.0353317261,"dvar2":91.3310394287,"max":172.435394287,"mean":22.0069255829,"median":17.476568222,"min":0.0634470880032,"var":352.723052979},"mfcc":{"cov":[[9323.65234375,914.437927246,-821.454589844,144.526748657,-85.7994995117,9.53061580658,-315.369445801,104.070739746,-92.5860900879,-196.315002441,-19.4883975983,-79.5089187622,-177.48059082],[914.437927246,1055.33728027,13.3628025055,-147.297866821,-8.38384723663,34.161895752,19.0721321106,11.0031509399,2.62126398087,-32.130027771,-78.861541748,29.2641105652,4.13525724411],[-821.454589844,13.3628025055,592.926513672,-60.7045898438,22.885225296,32.8514404297,105.205703735,-18.1693115234,0.115030668676,22.016494751,-36.6268234253,3.64221930504,20.198217392],[144.526748657,-147.297866821,-60.7045898438,282.373352051,8.26669692993,1.74695754051,-35.7662010193,16.6876411438,-10.6930131912,11.1416931152,39.2419586182,-22.9852371216,-14.9512071609],[-85.7994995117,-8.38384723663,22.885225296,8.26669692993,192.948425293,20.6178455353,-10.9362831116,-15.4138307571,16.2455482483,16.5185031891,-3.05187368393,7.64653205872,9.39009284973],[9.53061580658,34.161895752,32.8514404297,1.74695754051,20.6178455353,120.647338867,48.3458099365,6.93769168854,-4.26786756516,0.765008091927,0.495233625174,8.50644779205,6.12155771255],[-315.369445801,19.0721321106,105.205703735,-35.7662010193,-10.9362831116,48.3458099365,139.893829346,27.4322795868,-1.93309426308,6.71099996567,-6.97771835327,13.8192052841,13.9478521347],[104.070739746,11.0031509399,-18.1693115234,16.6876411438,-15.4138307571,6.93769168854,27.4322795868,98.4233856201,27.357755661,-14.6682090759,14.5983028412,9.23495960236,-2.41086697578],[-92.5860900879,2.62126398087,0.115030668676,-10.6930131912,16.2455482483,-4.26786756516,-1.93309426308,27.357755661,100.503768921,35.7679634094,-6.112221241,9.84588623047,8.5634765625],[-196.315002441,-32.130027771,22.016494751,11.1416931152,16.5185031891,0.765008091927,6.71099996567,-14.6682090759,35.7679634094,101.562263489,24.1688957214,-3.89137506485,13.0596628189],[-19.4883975983,-78.861541748,-36.6268234253,39.2419586182,-3.05187368393,0.495233625174,-6.97771835327,14.5983028412,-6.112221241,24.1688957214,102.138725281,27.8823394775,-6.76225566864],[-79.5089187622,29.2641105652,3.64221930504,-22.9852371216,7.64653205872,8.50644779205,13.8192052841,9.23495960236,9.84588623047,-3.89137506485,27.8823394775,85.4440765381,25.5205554962],[-177.48059082,4.13525724411,20.198217392,-14.9512071609,9.39009284973,6.12155771255,13.9478521347,-2.41086697578,8.5634765625,13.0596628189,-6.76225566864,25.5205554962,67.7729949951]],"icov":[[0.000157100817887,-0.000141911950777,0.00015065302432,-0.0000556533450435,0.0000304076475004,-0.000141347802128,0.000307976821205,-0.000214145693462,0.000138632196467,0.0000904943444766,0.0000355248848791,0.0000611622599536,0.000246003008215],[-0.000141911950777,0.00124698784202,-0.0000854201280163,0.000536548439413,0.0000379889388569,-0.00026101549156,-0.0000145520289152,-0.000245295086643,0.000185151264304,-0.000321311497828,0.00104509829544,-0.0007801001193,0.000145239828271],[0.00015065302432,-0.0000854201280163,0.00221321219578,0.000105738923594,-0.000232554390095,-0.000043219224608,-0.00133720168378,0.000396633142373,0.0001767056674,-0.000284465495497,0.000651052745525,7.14472662366e-7,0.00018607651873],[-0.0000556533450435,0.000536548439413,0.000105738923594,0.00442729145288,-0.00025734535302,-0.000641800928861,0.00118439213838,-0.00134278007317,0.000855349353515,-0.000663189392071,-0.00111532979645,0.00122144690249,0.0000172916224983],[0.0000304076475004,0.0000379889388569,-0.000232554390095,-0.00025734535302,0.00566767342389,-0.00135064276401,0.00103981734719,0.00083120650379,-0.000900022743735,-0.000477456429508,0.000394741771743,-0.000640530081,-0.000271542143309],[-0.000141347802128,-0.00026101549156,-0.000043219224608,-0.000641800928861,-0.00135064276401,0.0103053562343,-0.00418056268245,0.000612147792708,0.000117516690807,0.000350398564478,-0.000501277914736,-0.000224922201596,-0.000392168556573],[0.000307976821205,-0.0000145520289152,-0.00133720168378,0.00118439213838,0.00103981734719,-0.00418056268245,0.0120224058628,-0.00488964607939,0.00269451900385,-0.00228397827595,0.00174750678707,-0.00136249198113,-0.000160359006259],[-0.000214145693462,-0.000245295086643,0.000396633142373,-0.00134278007317,0.00083120650379,0.000612147792708,-0.00488964607939,0.0154528263956,-0.00703683355823,0.00557270925492,-0.00416978774592,0.00109259481542,-0.000586903188378],[0.000138632196467,0.000185151264304,0.0001767056674,0.000855349353515,-0.000900022743735,0.000117516690807,0.00269451900385,-0.00703683355823,0.0155708324164,-0.00775109790266,0.00481967162341,-0.00335735804401,0.00106830603909],[0.0000904943444766,-0.000321311497828,-0.000284465495497,-0.000663189392071,-0.000477456429508,0.000350398564478,-0.00228397827595,0.00557270925492,-0.00775109790266,0.016111055389,-0.00687407422811,0.00478230183944,-0.00371401477605],[0.0000355248848791,0.00104509829544,0.000651052745525,-0.00111532979645,0.000394741771743,-0.000501277914736,0.00174750678707,-0.00416978774592,0.00481967162341,-0.00687407422811,0.0163926519454,-0.00801418535411,0.00444086128846],[0.0000611622599536,-0.0007801001193,7.14472662366e-7,0.00122144690249,-0.000640530081,-0.000224922201596,-0.00136249198113,0.00109259481542,-0.00335735804401,0.00478230183944,-0.00801418535411,0.0178867932409,-0.00712704658508],[0.000246003008215,0.000145239828271,0.00018607651873,0.0000172916224983,-0.000271542143309,-0.000392168556573,-0.000160359006259,-0.000586903188378,0.00106830603909,-0.00371401477605,0.00444086128846,-0.00712704658508,0.0191315766424]],"mean":[-662.237792969,138.997360229,-2.10112166405,6.62716341019,1.71421587467,13.3433361053,-1.82512044907,13.6424760818,1.58033871651,-7.47472953796,-3.55289697647,2.45741844177,-4.38090133667]},"pitch_salience":{"dmean":0.0809719860554,"dmean2":0.13066534698,"dvar":0.00498469406739,"dvar2":0.0124993417412,"max":0.996020257473,"mean":0.519602000713,"median":0.530658900738,"min":0.0166841689497,"var":0.0163053683937},"silence_rate_20dB":{"dmean":0,"dmean2":0,"dvar":0,"dvar2":0,"max":1,"mean":1,"median":1,"min":1,"var":0},"silence_rate_30dB":{"dmean":0,"dmean2":0,"dvar":0,"dvar2":0,"max":1,"mean":1,"median":1,"min":1,"var":0},"silence_rate_60dB":{"dmean":0.0221336875111,"dmean2":0.0442722737789,"dvar":0.0216423310339,"dvar2":0.0487264208496,"max":1,"mean":0.0662830621004,"median":0,"min":0,"var":0.0618905611336},"spectral_centroid":{"dmean":197.444610596,"dmean2":291.601776123,"dvar":56710.734375,"dvar2":110997.140625,"max":11819.5585938,"mean":1108.45861816,"median":865.549987793,"min":160.757446289,"var":1428455.375},"spectral_complexity":{"dmean":3.04293942451,"dmean2":4.35262870789,"dvar":7.88575649261,"dvar2":14.7867546082,"max":46,"mean":17.1106567383,"median":17,"min":0,"var":60.9046783447},"spectral_contrast_coeffs":{"dmean":[0.0547372289002,0.0476144738495,0.039814427495,0.0332178249955,0.0235876385123,0.0189052913338],"dmean2":[0.0892304256558,0.0779944360256,0.0640607625246,0.0534517429769,0.0362649932504,0.0286032222211],"dvar":[0.00196121889167,0.00149661034811,0.0010435981676,0.000746516685467,0.000430742627941,0.000332048803102],"dvar2":[0.00514239165932,0.00387269887142,0.00261553772725,0.00185287802014,0.000913232390303,0.000687313673552],"max":[-0.2766276896,-0.409146547318,-0.479354709387,-0.507596254349,-0.526821672916,-0.55487036705],"mean":[-0.562338829041,-0.757183790207,-0.767976105213,-0.766739726067,-0.778598487377,-0.757207691669],"median":[-0.558541834354,-0.762131094933,-0.773542463779,-0.772006094456,-0.789328098297,-0.765387475491],"min":[-0.980951189995,-0.986493766308,-0.996926128864,-0.987855315208,-0.989466190338,-0.964617133141],"var":[0.0098764942959,0.00505096884444,0.00426253583282,0.00354191870429,0.00359676615335,0.00296540628187]},"spectral_contrast_valleys":{"dmean":[0.449870914221,0.363212436438,0.327942192554,0.319486677647,0.274174422026,0.256824791431],"dmean2":[0.729771316051,0.571536302567,0.4974578619,0.456150949001,0.357662707567,0.326683193445],"dvar":[0.147089272738,0.0998668447137,0.0886351838708,0.0914782360196,0.0763975158334,0.0883152931929],"dvar2":[0.350839734077,0.213225588202,0.172581538558,0.155353143811,0.117950089276,0.141572967172],"max":[-5.84994697571,-4.95815134048,-4.8722076416,-5.34378242493,-6.19296216965,-7.74531698227],"mean":[-7.86094236374,-6.98826122284,-7.16099500656,-7.90978431702,-8.31786632538,-10.7934122086],"median":[-7.51062202454,-6.60216188431,-6.80199670792,-7.55503463745,-7.9482178688,-10.4914903641],"min":[-28.5686702728,-27.8945980072,-27.9445285797,-27.5844516754,-27.5671710968,-27.3970489502],"var":[5.33368587494,5.80123615265,5.75959300995,5.4197936058,5.16024446487,4.07139205933]},"spectral_decrease":{"dmean":1.89580640075e-9,"dmean2":2.81629652932e-9,"dvar":3.52417859795e-18,"dvar2":7.65217340047e-18,"max":2.29249844997e-28,"mean":-7.22880288961e-9,"median":-7.30377625047e-9,"min":-2.23053415738e-8,"var":1.72111238443e-17},"spectral_energy":{"dmean":0.00749294506386,"dmean2":0.0110466619954,"dvar":0.000055522628827,"dvar2":0.00011815885955,"max":0.0908668860793,"mean":0.0290299933404,"median":0.0292579252273,"min":9.83553129684e-21,"var":0.000281979650026},"spectral_energyband_high":{"dmean":0.000137740469654,"dmean2":0.000191837389139,"dvar":1.04028586634e-7,"dvar2":2.04968401363e-7,"max":0.0108251459897,"mean":0.00032537401421,"median":0.00014590252249,"min":6.98289555687e-21,"var":2.85598048322e-7},"spectral_energyband_low":{"dmean":0.00440919632092,"dmean2":0.00705210817978,"dvar":0.0000254920742009,"dvar2":0.0000609851158515,"max":0.0603006407619,"mean":0.0101128621027,"median":0.00784154515713,"min":1.44314072006e-23,"var":0.0000875372352311},"spectral_energyband_middle_high":{"dmean":0.00301337405108,"dmean2":0.00419648271054,"dvar":0.0000215966138057,"dvar2":0.0000426555779995,"max":0.06577219069,"mean":0.00822699256241,"median":0.00461515504867,"min":1.15995198025e-21,"var":0.0000941801263252},"spectral_energyband_middle_low":{"dmean":0.00483088428155,"dmean2":0.00742155592889,"dvar":0.0000300039137073,"dvar2":0.00007078579074,"max":0.064799502492,"mean":0.0129565242678,"median":0.0109140919521,"min":1.41333241169e-22,"var":0.000101173900475},"spectral_entropy":{"dmean":0.163161218166,"dmean2":0.231022670865,"dvar":0.0228600930423,"dvar2":0.0454207360744,"max":9.82877922058,"mean":7.3399271965,"median":7.34888505936,"min":5.0929107666,"var":0.188481345773},"spectral_flux":{"dmean":0.0234058834612,"dmean2":0.036566991359,"dvar":0.00046767006279,"dvar2":0.00109638215508,"max":0.258347719908,"mean":0.0847740247846,"median":0.0818989649415,"min":6.38610345161e-11,"var":0.00162534671836},"spectral_kurtosis":{"dmean":2.10673356056,"dmean2":3.45779728889,"dvar":6.77858448029,"dvar2":17.8162651062,"max":80.8477401733,"mean":5.69436883926,"median":4.83760118484,"min":-1.26386761665,"var":21.1386642456},"spectral_rms":{"dmean":0.000711461878382,"dmean2":0.00102441525087,"dvar":4.53017577229e-7,"dvar2":8.77882371242e-7,"max":0.0094154458493,"mean":0.00499186106026,"median":0.00534268794581,"min":3.09768313431e-12,"var":0.00000340322799275},"spectral_rolloff":{"dmean":299.286346436,"dmean2":489.623565674,"dvar":252590.15625,"dvar2":503747.875,"max":19530.6152344,"mean":1306.41577148,"median":1012.06054688,"min":21.533203125,"var":4177441.75},"spectral_skewness":{"dmean":0.252572089434,"dmean2":0.388492047787,"dvar":0.0586787313223,"dvar2":0.138699024916,"max":6.96318531036,"mean":1.81245756149,"median":1.8082306385,"min":-0.107250370085,"var":0.348911225796},"spectral_spread":{"dmean":407929.875,"dmean2":604947.4375,"dvar":458585374720,"dvar2":1016107761660,"max":51892924,"mean":4162811.5,"median":3670015.75,"min":934722.4375,"var":16186126368800},"spectral_strongpeak":{"dmean":0.647614479065,"dmean2":1.09116399288,"dvar":1.74153327942,"dvar2":4.1673283577,"max":23.0709762573,"mean":1.10015666485,"median":0.568808913231,"min":0,"var":3.35526490211},"zerocrossingrate":{"dmean":0.00705387024209,"dmean2":0.00829429645091,"dvar":0.0000820992936497,"dvar2":0.000119863907457,"max":0.5224609375,"mean":0.0476928725839,"median":0.03955078125,"min":0,"var":0.00282253674231}},"metadata":{"audio_properties":{"analysis_sample_rate":44100,"bit_rate":124653,"codec":"mp3","downmix":"mix","equal_loudness":0,"length":209.815505981,"lossless":false,"md5_encoded":"36c3c787f2c44c45042995390b021460","replay_gain":-12.5892562866,"sample_rate":44100},"tags":{"album":["Hooker & The Hogs"],"albumartist":["John Lee Hooker & The Groundhogs"],"albumartistsort":["Hooker, John Lee & Groundhogs, The"],"artist":["John Lee Hooker & The Groundhogs"],"artistsort":["Hooker, John Lee & Groundhogs, The"],"asin":["B000002XU4"],"barcode":["766126405920"],"catalognumber":["IGOCD 2059"],"date":["1996"],"discnumber":["1/1"],"file_name":"01 - Mai Lee.mp3","genre":["Blues"],"label":["Indigo Recordings"],"media":["CD"],"musicbrainz album release country":["GB"],"musicbrainz album status":["official"],"musicbrainz album type":["album"],"musicbrainz_albumartistid":["b0122194-c49a-46a1-ade7-84d1d76bd8e9 / e7cab571-1fa7-4ccc-8fb5-b4f1093df973"],"musicbrainz_albumid":["fa7cbf56-61e9-4082-abe1-94c60fdd8222"],"musicbrainz_artistid":["b0122194-c49a-46a1-ade7-84d1d76bd8e9 / e7cab571-1fa7-4ccc-8fb5-b4f1093df973"],"musicbrainz_recordingid":["0629a0d3-45a3-47c6-b2c9-a63353f045db"],"musicbrainz_releasegroupid":["5de8b225-6ff1-3e25-87dd-26e65845d38d"],"musicip_puid":["d2b24d7b-fc1e-ee07-5f8b-88e32b144d81"],"originaldate":["1996"],"script":["Latn"],"title":["Mai Lee"],"tracknumber":["1/15"]},"version":{"essentia":"2.1-beta2","essentia_build_sha":"2d9f1f26377add8aeb1075a9c2973f962c4f09fd","essentia_git_sha":"v2.1_beta2-1-ge3940c0","extractor":"music 1.0"}},"rhythm":{"beats_count":427,"beats_loudness":{"dmean":0.0135874478146,"dmean2":0.0247692558914,"dvar":0.000118103256682,"dvar2":0.000373946735635,"max":0.0771164149046,"mean":0.0391675531864,"median":0.0401938408613,"min":0,"var":0.000213058810914},"beats_loudness_band_ratio":{"dmean":[0.185106322169,0.0969865173101,0.100318916142,0.145376756787,0.07006743550