{"lowlevel":{"average_loudness":0.948091506958,"barkbands":{"dmean":[0.000213076564251,0.00633120723069,0.00337704527192,0.00287028914317,0.00239349273033,0.00145661062561,0.000772669329308,0.000568697636481,0.000699261261616,0.00039268945693,0.000362636870705,0.000491061364301,0.000428505853051,0.000277085491689,0.000373022165149,0.000364500534488,0.00039120184374,0.00024245705572,0.000219280918827,0.000249942444498,0.000200592796318,0.000175347362529,0.000146298028994,0.000154706620378,0.000112546105811,0.000058119330788,0.00000690762453814],"dmean2":[0.000351966533344,0.0105336494744,0.0057488293387,0.00477214762941,0.00404072692618,0.00242666341364,0.00129494443536,0.000928241643123,0.00111434829887,0.000619698897935,0.000580098421779,0.000761410570703,0.000678262964357,0.000452021311503,0.000591123010963,0.000581028230954,0.000629408459645,0.000393344264012,0.000356056640157,0.000393443595385,0.000330114446115,0.000268290750682,0.00021219093469,0.000220387024456,0.000152907188749,0.000076309486758,0.00000965027811617],"dvar":[1.95133239345e-7,0.00011182729213,0.0000301845484501,0.000014886279132,0.0000145670983329,0.00000636271533949,0.00000189078139101,0.00000162330536568,0.00000140789973102,6.64432377562e-7,0.00000102921990219,0.0000011998389482,0.00000150648270392,4.88152068101e-7,7.40498762752e-7,5.70862880522e-7,6.19130219093e-7,1.79981640258e-7,1.11411196713e-7,1.09368748724e-7,8.14530309867e-8,8.59498996419e-8,5.74813974197e-8,1.32349370574e-7,1.23328533164e-7,4.96179879406e-8,8.33191904359e-10],"dvar2":[5.25465509327e-7,0.000269971060334,0.0000833409649204,0.0000395792485506,0.0000388181542803,0.000016545978724,0.00000498087456435,0.00000402585283155,0.00000350513982994,0.00000152268353304,0.00000244711100095,0.00000280978792944,0.00000367190978068,0.00000116181672638,0.00000175058983132,0.00000128590056647,0.00000154984127221,4.31001524248e-7,2.84249807692e-7,2.43312314296e-7,2.07532295349e-7,1.65731151469e-7,1.06497786589e-7,2.48934952651e-7,2.10061969597e-7,7.43518029367e-8,1.47632583936e-9],"max":[0.00883243512362,0.0988312140107,0.0991921573877,0.0491486974061,0.0476671159267,0.0547723136842,0.0296967290342,0.0301930233836,0.0336148589849,0.0201270133257,0.0329987257719,0.0248618405312,0.0471173673868,0.0192550066859,0.026780243963,0.0233385078609,0.0230195336044,0.00852769892663,0.00951535627246,0.00825977418572,0.00506402086467,0.0111578414217,0.00953374803066,0.00916394684464,0.0164017416537,0.0102897090837,0.00113152887207],"mean":[0.000517241307534,0.010416675359,0.0051434924826,0.00511634582654,0.00391534576192,0.00232441094704,0.00126555096358,0.000889936287422,0.00125592097174,0.000674787967,0.000578596955165,0.000906941655558,0.000756151741371,0.00044139844249,0.000624035717919,0.000677978561725,0.00072575971717,0.000499157060403,0.000513282371685,0.000643373816274,0.000461528688902,0.000450542429462,0.000383701350074,0.000362994818715,0.000252321915468,0.000126547092805,0.0000130939206429],"median":[0.0000634818788967,0.00470187142491,0.00317776063457,0.0030481708236,0.00259409612045,0.00130158755928,0.000764084572438,0.000403547601309,0.00075690128142,0.000340910308296,0.000240704801399,0.000345139880665,0.00031173415482,0.000222568050958,0.000289697141852,0.000390857981984,0.00037921074545,0.000288242212264,0.000384173355997,0.000408781430451,0.000330603565089,0.000321947882185,0.000242699592491,0.000170283747138,0.0000992261411739,0.0000400823009841,0.00000404002685173],"min":[3.06550965168e-11,2.58539012681e-13,1.99126201537e-15,5.87905239898e-15,3.49756031429e-14,2.1790820423e-14,5.14099566141e-14,2.2337258318e-14,3.94605104614e-14,4.94543100048e-14,3.78150236005e-14,4.99971937495e-14,6.39731255708e-14,9.51459844614e-14,1.18059750344e-13,1.43502993776e-13,1.73870737686e-13,1.60443666274e-13,3.26244104431e-13,3.73357188265e-13,5.44010420479e-13,6.6177445468e-13,7.61994037746e-13,1.23730073496e-12,1.75421222687e-12,2.41544219522e-12,3.27733618022e-10],"var":[8.53587607708e-7,0.000208921250305,0.0000378444892704,0.0000332682247972,0.0000193311971088,0.00000957565862336,0.00000306802940031,0.000002779500619,0.00000265154858425,0.00000136217829549,0.00000222092171498,0.00000308624839818,0.00000404532011089,7.82482288741e-7,0.0000014263293906,0.00000123509335026,0.0000011795231103,4.30617802749e-7,2.42937005623e-7,4.84655629407e-7,2.05939741704e-7,2.65657831733e-7,2.16709850065e-7,4.0531622858e-7,4.02041564485e-7,1.67694338415e-7,2.45822917577e-9]},"barkbands_crest":{"dmean":2.6728811264,"dmean2":4.36499500275,"dvar":6.55149173737,"dvar2":16.1046905518,"max":25.229637146,"mean":9.46604251862,"median":8.59328269958,"min":2.11768555641,"var":17.321680069},"barkbands_flatness_db":{"dmean":0.0197153612971,"dmean2":0.0307295527309,"dvar":0.000435728230514,"dvar2":0.000906785251573,"max":0.387787044048,"mean":0.105587184429,"median":0.0954302325845,"min":0.0214667040855,"var":0.00243811518885},"barkbands_kurtosis":{"dmean":2.72118139267,"dmean2":4.31931066513,"dvar":55.853099823,"dvar2":121.045684814,"max":255.716369629,"mean":3.57859110832,"median":1.19985580444,"min":-1.95784187317,"var":94.5048294067},"barkbands_skewness":{"dmean":0.517550587654,"dmean2":0.798977196217,"dvar":0.386057376862,"dvar2":0.799845039845,"max":14.1978349686,"mean":1.57012498379,"median":1.44518959522,"min":-3.29149699211,"var":1.55373799801},"barkbands_spread":{"dmean":6.9287147522,"dmean2":10.6424846649,"dvar":57.8687515259,"dvar2":119.786323547,"max":160.061172485,"mean":32.3272018433,"median":29.9078197479,"min":0.865963876247,"var":349.56060791},"dissonance":{"dmean":0.0110661033541,"dmean2":0.0188330728561,"dvar":0.000121058677905,"dvar2":0.000334160460625,"max":0.500000119209,"mean":0.479332089424,"median":0.482710510492,"min":0.350163787603,"var":0.000228782068007},"dynamic_complexity":1.96400296688,"erbbands":{"dmean":[0.212793752551,1.45566260815,3.47437596321,7.3241610527,7.4951877594,9.140873909,12.4974956512,9.81610488892,10.1881132126,11.6816415787,13.6089200974,16.8541469574,11.3904867172,13.1957702637,14.4548521042,22.3775653839,19.4582099915,14.4238033295,16.9378890991,18.490650177,19.32081604,19.1579189301,13.8067760468,10.0968542099,10.5227651596,12.0716276169,8.63787269592,7.66733503342,7.05695533752,4.93788814545,4.11300945282,3.486109972,2.54117918015,1.44502615929,0.769049882889,0.32152530551,0.0942120179534,0.0151877840981,0.00108060240746,0.0000517192856933],"dmean2":[0.34750238061,2.48569774628,6.01292228699,12.206243515,12.7156257629,15.5249462128,20.5800495148,16.3558063507,17.152545929,19.0096244812,21.9594936371,26.8041858673,18.146364212,21.0239467621,22.7586402893,34.3651046753,30.4088802338,23.1766033173,26.7158985138,29.2104263306,30.5245304108,30.7020225525,22.1614551544,16.3863830566,16.8348827362,19.0816669464,14.2723312378,12.2172966003,10.8522644043,7.31237697601,6.00043821335,5.10996055603,3.62731671333,2.01012849808,1.04857516289,0.428286254406,0.126133859158,0.0209561660886,0.00144948984962,0.00007019941404],"dvar":[0.168799653649,5.54589939117,34.0549201965,104.775993347,103.186988831,252.39805603,575.60345459,383.981201172,355.32043457,556.733947754,978.26574707,796.583374023,439.41104126,1034.80883789,1869.93347168,2426.32543945,2934.8840332,1330.19470215,2262.07885742,1389.4901123,1263.85009766,1674.59240723,623.044616699,243.295410156,244.811691284,264.531646729,147.152740479,122.575691223,126.507102966,70.5726394653,48.3896217346,57.3678092957,41.1308784485,16.888885498,7.50570678711,1.69893789291,0.133606866002,0.00353097682819,0.0000185613989743,4.19001082719e-8],"dvar2":[0.407665997744,14.6943054199,96.1759872437,286.245697021,277.951782227,673.190002441,1455.21008301,978.410827637,961.807373047,1387.58105469,2446.90698242,1966.18273926,1036.99401855,2480.24316406,4338.921875,5673.58251953,7264.81884766,3053.61865234,5289.8046875,3193.33422852,2862.57250977,4216.02734375,1446.85876465,588.830627441,604.588989258,593.352233887,380.075866699,295.08001709,260.474487305,138.281066895,90.7463912964,102.882980347,84.3212585449,32.3382873535,13.1674318314,2.71137976646,0.209889709949,0.00561823695898,0.0000303880042338,6.05185519476e-8],"max":[4.41372537613,23.6049385071,84.0421142578,149.669647217,138.33581543,237.895584106,440.462677002,663.13873291,552.955322266,629.008483887,816.241760254,754.505004883,660.485595703,762.793701172,2026.80639648,1124.20117188,2397.88354492,939.445861816,1563.4387207,910.969421387,771.481201172,1160.02172852,612.258178711,478.108551025,449.408721924,422.048980713,267.885009766,226.671981812,411.078552246,269.781921387,272.040618896,238.229858398,201.393585205,163.322982788,136.335174561,55.2548561096,16.363822937,2.61375999451,0.170537233353,0.00838203914464],"mean":[0.305934280157,2.30959200859,5.59472846985,13.1506710052,13.2201499939,13.9458560944,20.0352783203,16.1830768585,16.4335842133,18.5997886658,22.871219635,29.5071582794,21.3830566406,23.0961761475,26.3436374664,42.6706466675,36.523109436,26.0471744537,29.2643871307,34.6521759033,39.3966407776,38.4459342957,30.0828266144,24.3038730621,27.1073665619,30.7175731659,20.4159679413,18.5657596588,17.2619419098,12.8433818817,10.4092588425,8.14511871338,5.66887521744,3.25822806358,1.61434018612,0.680440783501,0.201452389359,0.0314665324986,0.00219413614832,0.000138781149872],"median":[0.0955284386873,1.12372803688,3.64741969109,9.03140830994,8.92697238922,8.23140525818,9.81325340271,9.43061065674,10.0623664856,10.016872406,11.2350254059,17.5278263092,13.2452459335,12.252289772,12.9465351105,16.5474948883,16.9174232483,13.3843307495,14.4901676178,17.8195915222,23.8256053925,21.2894096375,17.5293235779,18.217010498,19.1196575165,20.1008739471,15.3209371567,13.2782621384,12.3070392609,8.38527011871,6.40448856354,4.20649242401,2.40747833252,1.40113842487,0.564416348934,0.213365718722,0.0627312064171,0.0101509448141,0.000720815965906,0.0000828372794786],"min":[2.40142794539e-10,3.69681334156e-11,9.12896841454e-12,1.58942147638e-11,2.87926800457e-11,9.87148002229e-11,1.84523521463e-10,2.38781688866e-10,7.07090386243e-10,5.00418317895e-10,7.8188844288e-10,1.15106857379e-9,1.27258992233e-9,1.98460603507e-9,2.76130607268e-9,3.29940896826e-9,3.18255133358e-9,4.21252366323e-9,6.52456089156e-9,6.29079899284e-9,9.22151688343e-9,1.18075869082e-8,1.03765085413e-8,1.04728030692e-8,1.53162069694e-8,1.77608470153e-8,2.22752003509e-8,1.84038704276e-8,2.15879296661e-8,2.56336463167e-8,2.18533955376e-8,2.44712801134e-8,2.1408670392e-8,1.82418418149e-8,1.1435856706e-8,7.54903872746e-9,4.31391455891e-9,2.48994269647e-9,7.31757010541e-9,6.86968792962e-9],"var":[0.258014261723,9.51249313354,39.7961883545,181.200683594,179.881637573,319.008636475,985.645935059,589.050231934,539.032897949,883.904663086,1714.66088867,1530.5559082,907.194641113,1769.03662109,5216.44628906,6253.22509766,8097.14550781,2675.74487305,4174.96777344,3398.41577148,3020.20849609,3110.04931641,1471.19262695,577.688110352,740.079040527,1032.92822266,355.216278076,360.035888672,367.209686279,233.85925293,175.578903198,187.798614502,109.486129761,47.0289230347,23.5081634521,5.44531202316,0.413477510214,0.011735455133,0.0000599549675826,1.35882771701e-7]},"erbbands_crest":{"dmean":2.08923816681,"dmean2":3.3763961792,"dvar":4.77528476715,"dvar2":12.0124788284,"max":30.263338089,"mean":6.96740341187,"median":5.86869096756,"min":2.19115781784,"var":14.457403183},"erbbands_flatness_db":{"dmean":0.0124064283445,"dmean2":0.0184568688273,"dvar":0.000151828047819,"dvar2":0.000317211495712,"max":0.296167075634,"mean":0.11792768538,"median":0.111116625369,"min":0.0230616014451,"var":0.00143161241431},"erbbands_kurtosis":{"dmean":0.536348223686,"dmean2":0.84900611639,"dvar":0.539527595043,"dvar2":1.28922271729,"max":14.1739959717,"mean":-0.239615648985,"median":-0.593778610229,"min":-1.77671599388,"var":1.56296443939},"erbbands_skewness":{"dmean":0.262289494276,"dmean2":0.400367498398,"dvar":0.0644142329693,"dvar2":0.140537172556,"max":2.55805158615,"mean":-0.0771121606231,"median":-0.0521049946547,"min":-2.67436742783,"var":0.354348838329},"erbbands_spread":{"dmean":8.35232067108,"dmean2":12.9284934998,"dvar":63.4897537231,"dvar2":144.287414551,"max":147.079528809,"mean":51.8675727844,"median":50.5290374756,"min":4.73558473587,"var":361.005218506},"gfcc":{"cov":[[16452.0136719,-944.035888672,-473.646484375,469.479278564,-970.862426758,585.641906738,-740.247497559,359.30355835,-473.321777344,273.724243164,-342.42276001,140.066802979,-377.174530029],[-944.035888672,1696.17077637,-376.125732422,97.8074645996,255.883117676,-171.433959961,248.034866333,-80.5347137451,119.744087219,-136.645568848,70.8990631104,-88.973526001,132.639404297],[-473.646484375,-376.125732422,730.549072266,-8.94548511505,33.6103096008,135.428482056,-34.3801689148,72.2024536133,-48.6230430603,65.419380188,-3.24661898613,7.88939666748,-2.81552171707],[469.479278564,97.8074645996,-8.94548511505,269.530700684,47.4688453674,26.2243061066,25.0284004211,27.6877441406,27.0912723541,-6.83771514893,19.8136634827,-20.4492378235,12.4003725052],[-970.862426758,255.883117676,33.6103096008,47.4688453674,259.865600586,32.9685668945,109.522918701,0.0858203694224,55.2333106995,-13.3233747482,25.7691822052,-12.2411775589,48.0322608948],[585.641906738,-171.433959961,135.428482056,26.2243061066,32.9685668945,197.440551758,27.8761253357,49.923625946,-29.8915615082,36.9618721008,1.45526576042,8.09107398987,-22.7872943878],[-740.247497559,248.034866333,-34.3801689148,25.0284004211,109.522918701,27.8761253357,178.621734619,14.120051384,44.9881362915,-27.3899784088,38.8267860413,-12.4976301193,27.0674762726],[359.30355835,-80.5347137451,72.2024536133,27.6877441406,0.0858203694224,49.923625946,14.120051384,96.846786499,16.6447563171,22.3084259033,-6.59987401962,7.17609071732,-3.05068325996],[-473.321777344,119.744087219,-48.6230430603,27.0912723541,55.2333106995,-29.8915615082,44.9881362915,16.6447563171,101.110229492,14.7109985352,19.6420764923,-6.88499689102,24.2427177429],[273.724243164,-136.645568848,65.419380188,-6.83771514893,-13.3233747482,36.9618721008,-27.3899784088,22.3084259033,14.7109985352,86.6565093994,22.9504947662,20.1595954895,-5.95685195923],[-342.42276001,70.8990631104,-3.24661898613,19.8136634827,25.7691822052,1.45526576042,38.8267860413,-6.59987401962,19.6420764923,22.9504947662,79.8635177612,18.1322059631,20.9217834473],[140.066802979,-88.973526001,7.88939666748,-20.4492378235,-12.2411775589,8.09107398987,-12.4976301193,7.17609071732,-6.88499689102,20.1595954895,18.1322059631,66.550201416,16.5573806763],[-377.174530029,132.639404297,-2.81552171707,12.4003725052,48.0322608948,-22.7872943878,27.0674762726,-3.05068325996,24.2427177429,-5.95685195923,20.9217834473,16.5573806763,78.2639312744]],"icov":[[0.00035270297667,-0.000462938449346,0.000535531376954,-0.00083919079043,0.000923468789551,-0.00116525019985,0.00100913620554,-0.00109738612082,0.00124196487013,-0.00136792182457,0.00144816550892,-0.00108730292413,0.000692839850672],[-0.000462938449346,0.00183402968105,-0.000303987821098,0.00100098224357,-0.00177656626329,0.00217700842768,-0.00216982536949,0.00161774456501,-0.00156531156972,0.0024633302819,-0.00255614612252,0.00294162123464,-0.00223780469969],[0.000535531376954,-0.000303987821098,0.00278843031265,-0.0010561052477,0.000611874856986,-0.00223791622557,0.00186103046872,-0.00286033726297,0.00318763661198,-0.00290605355985,0.00179490237497,-0.000420543394284,-0.0000179647940968],[-0.00083919079043,0.00100098224357,-0.0010561052477,0.00641753105447,-0.00270045502111,0.00177269487176,-0.00118109304458,0.000970601802692,-0.00378827448003,0.00467046024278,-0.00547974696383,0.00437348755077,-0.00210720789619],[0.000923468789551,-0.00177656626329,0.000611874856986,-0.00270045502111,0.00919782556593,-0.00496576633304,0.000184708507732,-0.000848555762786,0.000419280549977,-0.00324408290908,0.00478273956105,-0.00300254928879,-0.000296613201499],[-0.00116525019985,0.00217700842768,-0.00223791622557,0.00177269487176,-0.00496576633304,0.0132364239544,-0.00667808810249,0.000705544254743,0.000932595925406,0.000243581176619,-0.00377055816352,0.00347610842437,-0.000425716338214],[0.00100913620554,-0.00216982536949,0.00186103046872,-0.00118109304458,0.000184708507732,-0.00667808810249,0.01486444287,-0.00569840660319,0.0000802207068773,0.00204473361373,-0.00178223464172,-0.00208476115949,0.00242228060961],[-0.00109738612082,0.00161774456501,-0.00286033726297,0.000970601802692,-0.000848555762786,0.000705544254743,-0.00569840660319,0.0188280567527,-0.00829079560935,0.0022672850173,-0.000117841002066,0.000816604471765,-0.00225665397011],[0.00124196487013,-0.00156531156972,0.00318763661198,-0.00378827448003,0.000419280549977,0.000932595925406,0.0000802207068773,-0.00829079560935,0.0222101453692,-0.0122202066705,0.00513321068138,-0.000774380867369,-0.00000183533654763],[-0.00136792182457,0.0024633302819,-0.00290605355985,0.00467046024278,-0.00324408290908,0.000243581176619,0.00204473361373,0.0022672850173,-0.0122202066705,0.0270067732781,-0.0140604982153,0.00210312381387,-0.0010140100494],[0.00144816550892,-0.00255614612252,0.00179490237497,-0.00547974696383,0.00478273956105,-0.00377055816352,-0.00178223464172,-0.000117841002066,0.00513321068138,-0.0140604982153,0.0265708900988,-0.010092089884,0.00119448034093],[-0.00108730292413,0.00294162123464,-0.000420543394284,0.00437348755077,-0.00300254928879,0.00347610842437,-0.00208476115949,0.000816604471765,-0.000774380867369,0.00210312381387,-0.010092089884,0.0256195608526,-0.0096480101347],[0.000692839850672,-0.00223780469969,-0.0000179647940968,-0.00210720789619,-0.000296613201499,-0.000425716338214,0.00242228060961,-0.00225665397011,-0.00000183533654763,-0.0010140100494,0.00119448034093,-0.0096480101347,0.0210196226835]],"mean":[41.7838973999,72.0227203369,-106.259315491,46.0018730164,-55.3723144531,16.9048938751,-34.1798477173,7.6982884407,-23.997882843,1.40058064461,-18.2890071869,-0.0618759393692,-12.202466011]},"hfc":{"dmean":7.74677705765,"dmean2":11.1582612991,"dvar":135.198913574,"dvar2":222.061538696,"max":361.446533203,"mean":35.0398826599,"median":30.7933444977,"min":0.0000139562635013,"var":666.136962891},"melbands":{"dmean":[0.00179203867447,0.00174084189348,0.00119127333164,0.000572597258724,0.000401858007535,0.000229758239584,0.000152708147652,0.000120943368529,0.000118344221846,0.000102836180304,0.0000573487086513,0.0000551810626348,0.0000512192273163,0.0000567757269891,0.0000457199857919,0.0000449285471404,0.0000268985695584,0.0000285361147689,0.0000240451390709,0.0000278864772554,0.0000242251680902,0.0000221806167247,0.0000201634902623,0.0000106087945824,0.00000878647279023,0.0000101169362097,0.00000856730548549,0.00000886847556103,0.00000607707715972,0.0000051953215916,0.00000503493674842,0.00000460752471554,0.00000293743119073,0.00000311439998768,0.0000025891245059,0.00000200924955607,0.00000262951971308,0.00000191420758711,0.00000153944085923,0.00000120666788916],"dmean2":[0.00292929913849,0.00303284148686,0.00199047266506,0.000974287453573,0.00065989617724,0.000383076956496,0.000256762694335,0.000196253677132,0.000190458027646,0.000164104712894,0.0000915164055186,0.0000877571001183,0.0000817291875137,0.000086692525656,0.000070994712587,0.0000705428901711,0.0000435018664575,0.000045466782467,0.0000383626502298,0.0000441886804765,0.0000386751489714,0.0000360070807801,0.000032545052818,0.0000171743158717,0.0000143659135574,0.0000165729979926,0.0000136125054269,0.0000142622757267,0.0000100986262623,0.00000872035343491,0.00000798448672867,0.00000714430871085,0.00000456834732177,0.00000471707744509,0.00000386788133255,0.00000300928195429,0.00000402787509302,0.00000282981955024,0.00000222583253162,0.00000171340923316],"dvar":[0.0000100086117527,0.00000763007756177,0.00000256589783021,8.65730839905e-7,5.36845846e-7,1.80357005775e-7,7.68023298292e-8,5.90105813103e-8,6.63645565169e-8,3.06246050741e-8,1.13393152645e-8,1.85416588749e-8,1.98185343692e-8,1.70498228869e-8,1.02806891888e-8,2.12774491359e-8,4.76608041922e-9,6.54100595909e-9,2.72260414214e-9,4.0847245586e-9,1.94605109805e-9,2.67245647834e-9,1.37109679166e-9,3.94132809722e-10,1.86582235773e-10,2.79454820395e-10,1.74903702632e-10,1.42984998841e-10,6.47959394473e-11,7.07724850946e-11,5.67107714955e-11,5.11009325133e-11,3.38967985625e-11,2.44656708087e-11,1.86505203642e-11,1.88167120774e-11,3.21113101387e-11,2.79354126637e-11,1.38061177074e-11,1.30635077408e-11],"dvar2":[0.0000233498558373,0.0000218734930968,0.0000069510620051,0.00000234911249208,0.00000136439234666,4.63413840635e-7,2.07040557143e-7,1.45633464399e-7,1.65493602822e-7,7.57388605166e-8,2.66892747902e-8,4.43630163716e-8,4.76068571231e-8,3.86926188867e-8,2.27617302784e-8,5.09518294223e-8,1.0985997001e-8,1.52800332387e-8,6.30066132601e-9,8.99038976598e-9,4.54199433619e-9,6.8581731405e-9,3.31875260606e-9,9.55781787049e-10,4.55993215409e-10,7.2452094324e-10,4.11530115541e-10,3.30855148833e-10,1.6510516565e-10,1.91514262782e-10,1.38084849111e-10,1.10423864497e-10,6.83382725408e-11,5.14960192544e-11,3.83665911541e-11,3.43708742023e-11,6.36697639056e-11,6.10272665735e-11,2.77359333417e-11,2.57710797147e-11],"max":[0.0324859507382,0.0334667377174,0.0221887938678,0.0117360716686,0.0128975566477,0.0130009129643,0.00748733617365,0.00708247767761,0.00625218218192,0.00446581887081,0.00329464348033,0.00328960013576,0.00503451609984,0.00345254410058,0.00337242265232,0.00586397526786,0.00206402642652,0.00274961255491,0.00164689531084,0.00230677542277,0.000986468279734,0.00166720966808,0.000987208681181,0.000660846650135,0.00042016725638,0.000479986687424,0.000389353925129,0.000266327871941,0.000179639901035,0.0000965152503341,0.000153096872964,0.000244506663876,0.000221289839828,0.000124496335047,0.000142479446367,0.000229742188822,0.000165192381246,0.000185622950085,0.000110899694846,0.000156033638632],"mean":[0.00283783301711,0.00304878456518,0.00230675144121,0.000931951683015,0.000682319747284,0.000379315635655,0.000250212353421,0.000192515173694,0.000195805085241,0.000180241302587,0.00010297238623,0.0000922444887692,0.0000837621410028,0.000103795697214,0.000087263120804,0.0000766657612985,0.0000436961454398,0.0000456846573798,0.0000408787273045,0.0000499083471368,0.0000456671659776,0.0000399594609917,0.0000374790433852,0.0000205954129342,0.0000189876591321,0.0000214434148802,0.000019779201466,0.0000205717915378,0.0000133792455017,0.0000103647871583,0.0000113266287372,0.0000106078550743,0.00000685308896209,0.00000750628123569,0.00000620105492999,0.00000454953897133,0.00000538716494702,0.00000393328673454,0.00000328040823661,0.00000258647560258],"median":[0.00113211967982,0.00208025728352,0.00168623845093,0.000633832532912,0.000373770482838,0.000226278032642,0.000156136869919,0.000102344543848,0.0000966174702626,0.000106760184281,0.0000615359458607,0.0000457921814814,0.0000358184552169,0.0000377332253265,0.0000439986069978,0.0000298860686598,0.0000217995911953,0.000021236253815,0.0000204297248274,0.0000265575108642,0.00002654571108,0.0000207646680792,0.0000174586784851,0.00001273417638,0.0000139385301736,0.0000147566306623,0.0000117868494272,0.00001326984966,0.00000995364189293,0.0000069760817496,0.00000786085456639,0.00000745096485844,0.00000445725936515,0.00000481658571516,0.00000374436831407,0.0000025148945042,0.00000249361596616,0.00000158833131536,0.00000144664625168,0.0000010545124951],"min":[4.34351643194e-12,2.46825845522e-15,4.03820247098e-15,4.31556637417e-15,7.34543244914e-15,5.33550754508e-15,1.00496461196e-14,4.30721335876e-15,7.34480564476e-15,5.85846738078e-15,6.45598771518e-15,6.6496135177e-15,8.43388418592e-15,5.61758264553e-15,4.37475068378e-15,5.47605445147e-15,6.54238931097e-15,9.0020984509e-15,7.53839248375e-15,9.00593042795e-15,6.86462732564e-15,1.06350255073e-14,9.32257675462e-15,8.57957131175e-15,6.87300914017e-15,1.30909551862e-14,7.78282501651e-15,9.84805990147e-15,1.2381721794e-14,8.79997182572e-15,1.07878734496e-14,1.10466801315e-14,1.22626069387e-14,1.27508536702e-14,1.0698620741e-14,1.37997193222e-14,1.34763856704e-14,1.5112275648e-14,1.11302331555e-14,1.48636087975e-14],"var":[0.000017805969037,0.0000104555192593,0.00000487472880195,0.00000108359108708,9.01914233964e-7,2.76250233355e-7,1.19920528618e-7,9.41894526818e-8,1.14201654355e-7,5.84697801287e-8,2.2818936074e-8,3.21446336216e-8,4.5507810853e-8,4.36983889074e-8,2.88191248643e-8,5.04384232158e-8,8.41158342979e-9,1.15765139697e-8,5.19488807527e-9,8.69893668209e-9,4.30236468674e-9,4.40700276272e-9,2.95204305445e-9,7.98166477356e-10,3.9529451934e-10,5.66095448296e-10,6.09773120885e-10,4.73102224063e-10,1.64215419041e-10,1.19626142325e-10,1.52256179886e-10,1.37342193174e-10,8.89718299035e-11,7.71597716276e-11,6.1761110115e-11,5.82214138012e-11,8.86046791493e-11,6.39920061385e-11,3.55683676956e-11,3.42918124452e-11]},"melbands_crest":{"dmean":3.451628685,"dmean2":5.58517742157,"dvar":8.58114910126,"dvar2":22.3046417236,"max":37.4200439453,"mean":14.6386508942,"median":14.1718435287,"min":2.76610922813,"var":25.298833847},"melbands_flatness_db":{"dmean":0.0258701369166,"dmean2":0.0402766801417,"dvar":0.000717877061106,"dvar2":0.00145679223351,"max":0.501617133617,"mean":0.171193689108,"median":0.161296874285,"min":0.015753114596,"var":0.00433886190876},"melbands_kurtosis":{"dmean":8.24688625336,"dmean2":13.0736284256,"dvar":347.859954834,"dvar2":713.908874512,"max":500.510284424,"mean":17.0330677032,"median":10.8021936417,"min":-1.71800112724,"var":681.680603027},"melbands_skewness":{"dmean":0.759427249432,"dmean2":1.18996787071,"dvar":0.774579465389,"dvar2":1.64783632755,"max":19.2545166016,"mean":3.24134635925,"median":3.00814557076,"min":-0.985215067863,"var":2.93723225594},"melbands_spread":{"dmean":8.25083351135,"dmean2":12.8051242828,"dvar":104.201408386,"dvar2":216.602340698,"max":236.612854004,"mean":29.0723819733,"median":23.9588317871,"min":0.609180152416,"var":536.088317871},"mfcc":{"cov":[[7715.65136719,-156.31539917,-50.3274307251,79.4095840454,-95.8700942993,59.0921707153,-80.6079177856,-18.1965579987,-69.8220367432,-3.51761603355,-14.5704250336,54.3128471375,-37.0633163452],[-156.31539917,1073.49316406,-177.180831909,144.109786987,35.7930374146,23.6752719879,51.6632347107,61.8933410645,50.2978897095,25.314666748,-8.12326335907,-30.1402397156,-5.75762319565],[-50.3274307251,-177.180831909,536.197753906,-44.1699943542,83.8428344727,3.54840755463,72.1708526611,-28.7053432465,17.8056182861,17.8592815399,-2.88927102089,25.3136367798,11.2605800629],[79.4095840454,144.109786987,-44.1699943542,237.185073853,40.1096572876,17.8684425354,7.74467420578,33.0779533386,17.8118953705,23.8016376495,-0.191987514496,5.69720697403,4.18924808502],[-95.8700942993,35.7930374146,83.8428344727,40.1096572876,154.073944092,47.1174583435,40.0561332703,4.53175497055,41.6740074158,17.328666687,5.68549156189,4.39607095718,15.0283679962],[59.0921707153,23.6752719879,3.54840755463,17.8684425354,47.1174583435,118.752708435,64.7303466797,27.2223644257,14.8862810135,17.2554588318,14.8697395325,16.1080722809,8.36935997009],[-80.6079177856,51.6632347107,72.1708526611,7.74467420578,40.0561332703,64.7303466797,139.586883545,48.4541320801,21.8479480743,20.2838840485,11.2490272522,16.8814659119,11.9370679855],[-18.1965579987,61.8933410645,-28.7053432465,33.0779533386,4.53175497055,27.2223644257,48.4541320801,93.8272094727,36.2199859619,12.1701383591,10.0793991089,4.55313396454,3.17182517052],[-69.8220367432,50.2978897095,17.8056182861,17.8118953705,41.6740074158,14.8862810135,21.8479480743,36.2199859619,86.2189331055,30.6443309784,3.70861053467,0.150348618627,7.80144023895],[-3.51761603355,25.314666748,17.8592815399,23.8016376495,17.328666687,17.2554588318,20.2838840485,12.1701383591,30.6443309784,76.6831665039,24.6677894592,6.90669441223,-0.906679749489],[-14.5704250336,-8.12326335907,-2.88927102089,-0.191987514496,5.68549156189,14.8697395325,11.2490272522,10.0793991089,3.70861053467,24.6677894592,62.5549049377,24.2061672211,2.85942316055],[54.3128471375,-30.1402397156,25.3136367798,5.69720697403,4.39607095718,16.1080722809,16.8814659119,4.55313396454,0.150348618627,6.90669441223,24.2061672211,61.2709274292,24.2949962616],[-37.0633163452,-5.75762319565,11.2605800629,4.18924808502,15.0283679962,8.36935997009,11.9370679855,3.17182517052,7.80144023895,-0.906679749489,2.85942316055,24.2949962616,52.4665412903]],"icov":[[0.000137471070047,0.0000143297911563,-0.0000153084547492,-0.0000599713421252,0.0000930629248614,-0.000173111111508,0.000144755380461,-0.0000275868460449,0.000074462586781,-0.0000433900204371,0.000131141641759,-0.000210441765375,0.000154926994583],[0.0000143297911563,0.00115149887279,0.000440635718405,-0.000569180061575,-0.00015168992104,0.000244530820055,-0.000685390841682,0.00000155459724738,-0.000422641489422,-0.0000522912232555,0.0000995823502308,0.000498443027027,0.0000733557390049],[-0.0000153084547492,0.000440635718405,0.00268764281645,0.000371252477635,-0.00148339790758,0.00133931543678,-0.00207191775553,0.00129784143064,-0.000333110481733,-0.000527922180481,0.0008155280957,-0.00117600173689,0.00057577615371],[-0.0000599713421252,-0.000569180061575,0.000371252477635,0.00537608703598,-0.00191764871124,0.00012489760411,0.00107591843698,-0.00226431433111,0.00130810250994,-0.00196308642626,0.00145740783773,-0.00130194437224,0.00010270904022],[0.0000930629248614,-0.00015168992104,-0.00148339790758,-0.00191764871124,0.010511062108,-0.00367036997341,-0.000822020054329,0.00318479468115,-0.00496766576543,0.00141265871935,-0.00149682571646,0.00208412972279,-0.00203061546199],[-0.000173111111508,0.000244530820055,0.00133931543678,0.00012489760411,-0.00367036997341,0.0133729912341,-0.00554876541719,-0.000762550160289,0.000956112344284,-0.0010357957799,-0.000645752181299,-0.00180450035259,0.000544475158677],[0.000144755380461,-0.000685390841682,-0.00207191775553,0.00107591843698,-0.000822020054329,-0.00554876541719,0.0136855989695,-0.00651115877554,0.00203462946229,-0.0017888310831,0.000950560497586,-0.00125366018619,-0.00101842335425],[-0.0000275868460449,0.00000155459724738,0.00129784143064,-0.00226431433111,0.00318479468115,-0.000762550160289,-0.00651115877554,0.0183244049549,-0.00819819048047,0.00276651186869,-0.00273091206327,0.000663139217068,0.000574534758925],[0.000074462586781,-0.000422641489422,-0.000333110481733,0.00130810250994,-0.00496766576543,0.000956112344284,0.00203462946229,-0.00819819048047,0.0195212867111,-0.00727183371782,0.00278294109739,0.00039559614379,-0.00208683358505],[-0.0000433900204371,-0.0000522912232555,-0.000527922180481,-0.00196308642626,0.00141265871935,-0.0010357957799,-0.0017888310831,0.00276651186869,-0.00727183371782,0.0190128628165,-0.007638476789,0.00116010045167,0.00152293569408],[0.000131141641759,0.0000995823502308,0.0008155280957,0.00145740783773,-0.00149682571646,-0.000645752181299,0.000950560497586,-0.00273091206327,0.00278294109739,-0.007638476789,0.0231339670718,-0.00980721600354,0.00302744307555],[-0.000210441765375,0.000498443027027,-0.00117600173689,-0.00130194437224,0.00208412972279,-0.00180450035259,-0.00125366018619,0.000663139217068,0.00039559614379,0.00116010045167,-0.00980721600354,0.0262719430029,-0.0114712771028],[0.000154926994583,0.0000733557390049,0.00057577615371,0.00010270904022,-0.00203061546199,0.000544475158677,-0.00101842335425,0.000574534758925,-0.00208683358505,0.00152293569408,0.00302744307555,-0.0114712771028,0.0252207256854]],"mean":[-595.098510742,96.2154006958,9.77054977417,30.2436161041,5.69418430328,10.3117818832,1.8129709959,5.26908063889,1.30384147167,1.26695346832,-2.54941105843,0.836248874664,-0.127220377326]},"pitch_salience":{"dmean":0.0723805725574,"dmean2":0.119024597108,"dvar":0.00449593085796,"dvar2":0.0112220933661,"max":0.860976159573,"mean":0.576251447201,"median":0.587094664574,"min":0.134871542454,"var":0.0120146721601},"silence_rate_20dB":{"dmean":0,"dmean2":0,"dvar":0,"dvar2":0,"max":1,"mean":1,"median":1,"min":1,"var":0},"silence_rate_30dB":{"dmean":0.00136186776217,"dmean2":0.00272400048561,"dvar":0.00136005308013,"dvar2":0.00407873932272,"max":1,"mean":0.999319136143,"median":1,"min":0,"var":0.000680414086673},"silence_rate_60dB":{"dmean":0.000972762645688,"dmean2":0.00194571458269,"dvar":0.000971823814325,"dvar2":0.00194195809308,"max":1,"mean":0.03209804371,"median":0,"min":0,"var":0.0310673695058},"spectral_centroid":{"dmean":270.53213501,"dmean2":418.204071045,"dvar":76990.484375,"dvar2":158918.46875,"max":11071.9492188,"mean":1687.85046387,"median":1648.23413086,"min":170.501235962,"var":495852.75},"spectral_complexity":{"dmean":4.3299612999,"dmean2":6.82420492172,"dvar":18.3782920837,"dvar2":39.411075592,"max":56,"mean":27.6192970276,"median":28,"min":0,"var":113.646347046},"spectral_contrast_coeffs":{"dmean":[0.0532949827611,0.0467496700585,0.037095438689,0.0291422717273,0.0204567909241,0.0181188043207],"dmean2":[0.0884922295809,0.0780891925097,0.0606968291104,0.0475800707936,0.0330924242735,0.0286984946579],"dvar":[0.00190317770466,0.0014225342311,0.000914149801247,0.000570649979636,0.000286115391646,0.000312989286613],"dvar2":[0.00505229597911,0.00389082310721,0.0024264769163,0.00146088306792,0.000695789640304,0.000716742419172],"max":[-0.307801127434,-0.352038025856,-0.481046259403,-0.485634088516,-0.543912291527,-0.584840357304],"mean":[-0.640746474266,-0.754811882973,-0.774165570736,-0.792708694935,-0.792053222656,-0.745311200619],"median":[-0.641886353493,-0.761468350887,-0.77979773283,-0.802028179169,-0.79754370451,-0.754550099373],"min":[-0.955502986908,-0.978374481201,-0.971909701824,-0.960844933987,-0.96280169487,-0.958823800087],"var":[0.00634853495285,0.00436219759285,0.00353893451393,0.00280070956796,0.0018831777852,0.00206151860766]},"spectral_contrast_valleys":{"dmean":[0.378532499075,0.33933237195,0.289600759745,0.242801338434,0.193643733859,0.260325610638],"dmean2":[0.634266555309,0.563212037086,0.468969702721,0.388670057058,0.311279118061,0.370947092772],"dvar":[0.114832550287,0.104095838964,0.0778186619282,0.0654728934169,0.0572878606617,0.10311653465],"dvar2":[0.280448436737,0.237187162042,0.169319733977,0.129561468959,0.104581587017,0.175940454006],"max":[-5.11520719528,-4.6798157692,-5.28614234924,-5.71102809906,-5.51244354248,-7.1626996994],"mean":[-6.80825138092,-6.49858427048,-7.09198474884,-7.31020641327,-6.97725868225,-9.46919727325],"median":[-6.54970979691,-6.29825782776,-6.89167070389,-7.10586309433,-6.74300384521,-9.15934276581],"min":[-27.5270824432,-27.0200443268,-26.8912200928,-27.275396347,-27.0941467285,-27.3046302795],"var":[1.70564138889,1.5678331852,1.49347472191,1.48145854473,1.55027115345,2.31610798836]},"spectral_decrease":{"dmean":2.8378532857e-9,"dmean2":4.75990891147e-9,"dvar":1.15529015705e-17,"dvar2":3.09517584891e-17,"max":3.6307953464e-16,"mean":-9.7394652343e-9,"median":-9.24615406461e-9,"min":-4.35371596552e-8,"var":2.81407042914e-17},"spectral_energy":{"dmean":0.0109249688685,"dmean2":0.0183348767459,"dvar":0.000168007522007,"dvar2":0.00045211482211,"max":0.167429953814,"mean":0.0399373248219,"median":0.0385542474687,"min":8.83064288359e-10,"var":0.000413527828641},"spectral_energyband_high":{"dmean":0.000736918824259,"dmean2":0.00102804787457,"dvar":0.00000158256852956,"dvar2":0.00000246898434852,"max":0.0333523601294,"mean":0.00237683486193,"median":0.00170895946212,"min":3.08503000923e-10,"var":0.00000722048071111},"spectral_energyband_low":{"dmean":0.00873087346554,"dmean2":0.0145677775145,"dvar":0.00015608171816,"dvar2":0.000395012932131,"max":0.150692462921,"mean":0.0189665704966,"median":0.0139478947967,"min":2.52840370168e-11,"var":0.000331358751282},"spectral_energyband_middle_high":{"dmean":0.00184611103032,"dmean2":0.00281741213985,"dvar":0.00000639834024696,"dvar2":0.0000147705941345,"max":0.0539795868099,"mean":0.00662834523246,"median":0.0054335501045,"min":2.30520875825e-12,"var":0.000028023187042},"spectral_energyband_middle_low":{"dmean":0.00559401884675,"dmean2":0.00929625239223,"dvar":0.0000467823010695,"dvar2":0.000124085650896,"max":0.0792533904314,"mean":0.0149593213573,"median":0.0133395977318,"min":3.01873679049e-13,"var":0.0000993352296064},"spectral_entropy":{"dmean":0.117123745382,"dmean2":0.178304970264,"dvar":0.0141343604773,"dvar2":0.0296177174896,"max":9.80914592743,"mean":7.90917921066,"median":7.92833089828,"min":5.81002044678,"var":0.111816860735},"spectral_flux":{"dmean":0.0251997802407,"dmean2":0.0409372113645,"dvar":0.000811546575278,"dvar2":0.00201315339655,"max":0.314547717571,"mean":0.103117875755,"median":0.0983383357525,"min":0.0000147897617353,"var":0.00192214048002},"spectral_kurtosis":{"dmean":0.859374821186,"dmean2":1.45922136307,"dvar":1.64685451984,"dvar2":5.04577541351,"max":27.3032646179,"mean":2.74690485001,"median":2.32406282425,"min":-1.22573935986,"var":4.85435056686},"spectral_rms":{"dmean":0.000816233980004,"dmean2":0.00135697226506,"dvar":7.54117877477e-7,"dvar2":0.00000197893973564,"max":0.0127806998789,"mean":0.00597826763988,"median":0.0061330171302,"min":9.28184306304e-7,"var":0.0000032235298022},"spectral_rolloff":{"dmean":650.759094238,"dmean2":1044.64428711,"dvar":1015503.3125,"dvar2":2065693.625,"max":21382.4707031,"mean":2136.16040039,"median":1378.125,"min":64.599609375,"var":6838061},"spectral_skewness":{"dmean":0.140939116478,"dmean2":0.228537127376,"dvar":0.0210985969752,"dvar2":0.0577256083488,"max":3.44867134094,"mean":1.21242105961,"median":1.1838183403,"min":-0.0155159207061,"var":0.108577638865},"spectral_spread":{"dmean":499360.90625,"dmean2":688115.1875,"dvar":392335065088,"dvar2":613961498624,"max":41032240,"mean":5438687.5,"median":5247695.5,"min":1717973.875,"var":3222485073920},"spectral_strongpeak":{"dmean":0.442607730627,"dmean2":0.769252419472,"dvar":0.807882130146,"dvar2":2.08141303062,"max":12.0748252869,"mean":0.718325614929,"median":0.415290772915,"min":0,"var":1.20459580421},"zerocrossingrate":{"dmean":0.0129254413769,"dmean2":0.0140401646495,"dvar":0.000214423576836,"dvar2":0.000203214527573,"max":0.80029296875,"mean":0.0850095227361,"median":0.072265625,"min":0.00537109375,"var":0.0051172208041}},"metadata":{"audio_properties":{"analysis_sample_rate":44100,"bit_rate":0,"codec":"flac","downmix":"mix","equal_loudness":0,"length":238.693328857,"lossless":true,"md5_encoded":"1e8e07b5731b1b98796efcfd319c7251","replay_gain":-14.2571392059,"sample_rate":44100},"tags":{"acoustid_id":["b5d96011-aad1-4d1f-be04-1b39fb381163"],"album":["InFinite"],"albumartist":["Deep Purple"],"albumartistsort":["Deep Purple"],"artist":["Deep Purple"],"artistsort":["Deep Purple"],"asin":["B01MZD7140"],"barcode":["4988002730728"],"catalognumber":["VICP-65437"],"date":["2017"],"discnumber":["1"],"disctotal":["1"],"file_name":"05 - Get Me Outta Here.flac","genre":["Rock"],"isrc":["DEH841601336"],"label":["Victor"],"media":["CD"],"musicbrainz_albumartistid":["79491354-3d83-40e3-9d8e-7592d58d790a"],"musicbrainz_albumid":["38798d9f-1652-4c11-8622-a276235cd9e3"],"musicbrainz_artistid":["79491354-3d83-40e3-9d8e-7592d58d790a"],"musicbrainz_recordingid":["06770f1a-a99f-4981-8390-eb6e8bc505d7"],"musicbrainz_releasegroupid":["01f46d72-4a95-4dd8-b8f0-41b59b2a1939"],"musicbrainz_releasetrackid":["aeab796e-d5ae-4390-919f-ff01ace407ed"],"originaldate":["2017-04-07"],"originalyear":["2017"],"releasecountry":["JP"],"releasestatus":["official"],"releasetype":["album"],"script":["Latn"],"title":["Get Me Outta Here"],"totaldiscs":["1"],"totaltracks":["10"],"tracknumber":["05"],"tracktotal":["10"]},"version":{"essentia":"2.1-beta2","essentia_build_sha":"c0e182ba78c2de26e491b7b7a4a2c98c1ed34208","essentia_git_sha":"v2.1_beta2-2-gbb40004","extractor":"music 1.0"}},"rhythm":{"beats_count":564,"beats_loudness":{"dmean":0.0191209763288,"dmean2":0.0339531004429,"dvar":0.000253199774306,"dvar2":0.000744604272768,"max":0.108265899122,"mean":0.0465005598962,"median":0.0456975661218,"min":9.94680671162e-10,"var":0.000406008708524},"beats_loudness_band_ratio":{"dmean":[0.267880469561,0.137921959162,0.086114063859,0.0661335662007,0.0620626024902,0.118272185326],"dmean2":[0.439473867416,0.238020926714,0.1441112