{"lowlevel":{"average_loudness":0.892626285553,"barkbands":{"dmean":[0.0000272959423455,0.000759523594752,0.00079847703455,0.000954695395194,0.00160883169156,0.000790021906141,0.000686915882397,0.000839953485411,0.001031069085,0.000391125533497,0.000508280936629,0.000510820711497,0.000479726411868,0.000493637984619,0.000736700836569,0.000342782819644,0.000420543947257,0.000257477600826,0.000159101051395,0.000143839191878,0.000132023298647,0.000129133142764,0.000133870751597,0.00017682890757,0.0000690311790095,0.0000123184454424,0.00000102046840311],"dmean2":[0.0000411580331274,0.00128121220041,0.00131692155264,0.00161415000912,0.00277518318035,0.0012764033163,0.00103572162334,0.00131564773619,0.00158523570281,0.00062791898381,0.000811323348898,0.000822323723696,0.000768966274336,0.000753462256398,0.0011263670167,0.000527825090103,0.000658621662296,0.000392046378693,0.000243948335992,0.000214473446249,0.00019427848747,0.000183599157026,0.000190464910702,0.000253016798524,0.0000950426256168,0.0000167690413946,0.0000015498611674],"dvar":[2.98794455844e-9,0.00000211638757719,0.00000201865600502,0.00000241765314968,0.0000127688754219,0.00000172317822944,0.00000356453483619,0.00000430063573731,0.0000070387723099,0.00000138816403705,0.00000251453343481,0.00000136400115025,0.00000165902395111,0.00000181589143722,0.00000157490160291,5.25300492882e-7,5.33552963589e-7,2.57121399727e-7,7.17817982832e-8,5.57826851377e-8,4.38104805767e-8,1.02110377043e-7,2.65863576487e-7,8.93793412615e-7,7.93782533037e-8,1.49300116714e-9,6.25731888179e-12],"dvar2":[6.33122443361e-9,0.0000056217591009,0.00000561485285289,0.00000658340195514,0.0000352121714968,0.00000427226314059,0.00000807669948699,0.0000110638247861,0.0000154946737894,0.00000381879135603,0.00000678540527588,0.00000362320565728,0.00000444072384198,0.0000039233032112,0.00000400859926231,0.00000128302644953,0.00000135649247568,6.21560900527e-7,1.81516512043e-7,1.24271309687e-7,9.64338653375e-8,1.90131515865e-7,5.38103904546e-7,0.00000164610571574,1.43441226896e-7,2.73549227714e-9,1.47748358686e-11],"max":[0.00130363297649,0.0183732435107,0.0204351767898,0.0154225928709,0.0422792732716,0.0265586990863,0.0409297533333,0.0352516025305,0.0597137548029,0.0295531805605,0.0375785082579,0.0207096524537,0.0270290579647,0.042313426733,0.0259273797274,0.0169344525784,0.0136063173413,0.0120226414874,0.00902681704611,0.00498759979382,0.00484125036746,0.00936207640916,0.012719893828,0.0340050756931,0.012206104584,0.00171366892755,0.0000609548769717],"mean":[0.0000366020285583,0.00100326654501,0.00119541108143,0.0013915724121,0.00217203213833,0.00132576387841,0.000938255747315,0.00117137248162,0.00158696540166,0.000560684595257,0.000780007918365,0.000862669781782,0.000761658535339,0.000812279293314,0.0013009730028,0.000629410555121,0.000736181333195,0.000510246318299,0.000340522325132,0.000301867781673,0.000292800395982,0.000260681117652,0.000248550844844,0.00033417364466,0.000142565913848,0.0000263046713371,0.00000176881849256],"median":[0.0000128293768284,0.000500955386087,0.000635817763396,0.000649050867651,0.00129792001098,0.00070066092303,0.000134979491122,0.00024740077788,0.000309986469802,0.000143043944263,0.000115905779239,0.00037702661939,0.000210758109461,0.000255571649177,0.000657161173876,0.000259109132458,0.000362586579286,0.000211304068216,0.000203845629585,0.000160310242791,0.000171807012521,0.000127191640786,0.0000915501732379,0.0000894667609828,0.0000492818398925,0.0000106899269667,6.58927433506e-7],"min":[7.73297172599e-25,1.75822403239e-24,4.55124227367e-25,5.0754792952e-25,4.33645201526e-24,3.08357385647e-24,5.71522862743e-24,4.58318127957e-24,1.09458678894e-23,1.08804295107e-23,1.44105749618e-23,1.78712714654e-23,1.67790162338e-23,3.21844836366e-23,4.10489514939e-23,5.30755020255e-23,5.08340578929e-23,8.26593068951e-23,1.05362263053e-22,1.63166033261e-22,1.81945390913e-22,2.90910848726e-22,3.69292345947e-22,5.98444473472e-22,8.45405798575e-22,1.2946720553e-21,1.8786852967e-21],"var":[4.68929384212e-9,0.00000221421782953,0.00000257491046796,0.00000377007563657,0.0000109597795017,0.00000335861500389,0.00000629490159554,0.000007731317055,0.0000161000352819,0.00000215294630834,0.00000437531616626,0.00000259178409578,0.00000328913256453,0.00000439393079432,0.00000340563587997,0.00000133626690513,0.00000118240416214,7.2341640589e-7,1.85154704013e-7,1.53714296403e-7,1.36007102469e-7,2.52259695799e-7,5.49936203242e-7,0.00000238802772401,2.3372807334e-7,4.76866945931e-9,1.1528748442e-11]},"barkbands_crest":{"dmean":2.28450894356,"dmean2":3.76903319359,"dvar":4.82474422455,"dvar2":12.9719543457,"max":24.3391628265,"mean":7.61935281754,"median":6.90264177322,"min":2.31178593636,"var":9.75778865814},"barkbands_flatness_db":{"dmean":0.0166080594063,"dmean2":0.0254255980253,"dvar":0.000265225389739,"dvar2":0.000624767271802,"max":0.366259276867,"mean":0.0925693139434,"median":0.0864857435226,"min":0.0263809431344,"var":0.00113232212607},"barkbands_kurtosis":{"dmean":1.24214971066,"dmean2":2.00552272797,"dvar":6.26270294189,"dvar2":15.148188591,"max":80.6668395996,"mean":0.807498037815,"median":-0.105806626379,"min":-1.84718036652,"var":11.8632698059},"barkbands_skewness":{"dmean":0.448988556862,"dmean2":0.698378503323,"dvar":0.229916974902,"dvar2":0.540431916714,"max":7.6171207428,"mean":0.629834532738,"median":0.622330844402,"min":-6.09807443619,"var":1.03983664513},"barkbands_spread":{"dmean":6.0303850174,"dmean2":9.17652416229,"dvar":43.0989494324,"dvar2":101.470748901,"max":116.319488525,"mean":30.1083335876,"median":28.0611915588,"min":1.09738910198,"var":185.905731201},"dissonance":{"dmean":0.0138615816832,"dmean2":0.0231136064976,"dvar":0.000203225776204,"dvar2":0.000551354198251,"max":0.500000059605,"mean":0.473029613495,"median":0.478513479233,"min":0.285400539637,"var":0.000480264861835},"dynamic_complexity":3.54886460304,"erbbands":{"dmean":[0.0151925487444,0.205684676766,0.841889202595,2.00722169876,5.54141044617,4.75184440613,7.12805223465,5.5451540947,6.13040685654,15.9563541412,18.350938797,18.2375907898,19.9975643158,18.5358734131,14.3100309372,22.1927318573,20.4319171906,21.3891105652,36.6523284912,30.0090465546,16.6808509827,25.9147548676,14.1742954254,9.32211971283,6.98664522171,6.90304470062,5.43654060364,5.15595340729,4.77564144135,3.83974099159,3.87174797058,4.3377661705,2.41558361053,1.02718245983,0.381961196661,0.0929863974452,0.0166830457747,0.00223737163469,0.000190111997654,0.0000116543778859],"dmean2":[0.0246681757271,0.347730100155,1.38024604321,3.36344981194,9.79085254669,8.05593013763,11.4992418289,9.09755516052,9.38301086426,24.0912685394,28.646654129,27.9044895172,30.710269928,29.345123291,22.5969753265,35.794052124,32.6770248413,32.3815574646,56.5114212036,45.8261070251,25.4896202087,40.8668632507,21.3252220154,14.1773548126,10.376999855,10.3577928543,8.21271419525,7.46261930466,6.86980438232,5.50037717819,5.53183794022,6.25992488861,3.49798607826,1.41093015671,0.544010281563,0.127722784877,0.0227508544922,0.00310565368272,0.000287696282612,0.000016796098862],"dvar":[0.000744598160964,0.166784837842,2.44233489037,11.2001056671,206.683959961,74.2379684448,109.712898254,124.348861694,350.11416626,1929.31713867,2408.8190918,2077.75,3723.45336914,2577.44580078,1176.8515625,2382.23803711,3141.5144043,2797.81689453,5911.36083984,3458.45263672,1419.20983887,2151.72436523,664.773010254,319.814758301,131.776992798,130.017318726,82.4424362183,75.4156265259,121.929855347,153.673538208,243.270355225,673.723876953,117.402565002,16.9249782562,2.87032914162,0.113869518042,0.00247795321047,0.0000313885066134,1.99636218667e-7,4.0184530703e-10],"dvar2":[0.00194619724061,0.441990673542,6.5293545723,30.0955696106,578.228393555,200.274642944,273.294006348,311.511657715,760.904174805,4534.05126953,6357.97949219,4776.23291016,8496.91113281,6444.34228516,3031.68579102,6458.04052734,8442.10058594,5983.82470703,15213.53125,7927.25341797,3552.54223633,5444.01757813,1533.84960938,779.811096191,299.657806396,299.15234375,199.676467896,146.342163086,217.371673584,291.566345215,497.673431396,1273.34838867,213.478515625,30.386510849,5.50572824478,0.205078750849,0.00496338587254,0.0000653926908853,4.70300733468e-7,8.57465320969e-10],"max":[0.734699189663,3.69975829124,19.1311683655,40.3100700378,173.284576416,108.193840027,173.701797485,272.01550293,657.137329102,841.030395508,949.82623291,908.175292969,1476.01708984,1566.84899902,693.833618164,901.331054688,1293.72570801,1462.40087891,1617.28759766,1265.18945313,850.650695801,769.193908691,557.180053711,776.903686523,326.392120361,275.442779541,195.31401062,206.447235107,324.251068115,349.53918457,416.256286621,1017.53265381,367.202301025,174.577682495,61.6422576904,15.100476265,1.87069392204,0.169119268656,0.00922628864646,0.000500775291584],"mean":[0.0217645354569,0.258543133736,1.24751210213,3.4305524826,5.8952922821,6.80357551575,12.2491388321,8.4301738739,8.54023265839,22.2977561951,26.6527729034,29.0680942535,30.9100341797,30.4641075134,24.7330856323,39.4055976868,35.733089447,39.5565414429,64.4295578003,55.1539726257,32.6673660278,45.917552948,31.1894645691,20.5803623199,15.3933382034,14.7022094727,11.7811832428,11.2326097488,9.79504299164,7.44167423248,7.21394348145,7.92874908447,4.65705394745,2.02851104736,0.790890336037,0.195671573281,0.035564750433,0.00468869926408,0.000342206010828,0.0000372276481357],"median":[0.0107357669622,0.125748723745,0.668826937675,1.70510399342,2.80067276955,3.73492622375,7.26165819168,3.8322827816,2.33575749397,3.94298815727,6.65049886703,6.39762163162,7.18344831467,7.04232740402,8.50784492493,18.1813850403,11.8578567505,15.5041904449,27.9152297974,26.2212905884,14.8458862305,22.3573207855,15.2969818115,11.9427871704,8.99690628052,7.91483354568,6.73780107498,6.25568151474,5.0088353157,3.10933017731,2.61290621758,1.91668534279,1.40575587749,0.678699374199,0.274274587631,0.0761841759086,0.0148074841127,0.0019759372808,0.000135906841024,0.0000310546020046],"min":[4.59664958069e-23,2.81125489891e-22,8.90179322123e-22,5.08149046026e-21,1.76076088569e-20,1.97071984311e-20,3.27342704122e-20,3.91727664193e-20,1.17594865163e-19,1.6078514442e-19,1.89436574113e-19,2.50333752981e-19,5.4546796983e-19,3.56860838151e-19,7.19649511065e-19,1.09491343764e-18,1.34222389718e-18,1.59241118749e-18,1.96060520136e-18,2.38630005513e-18,3.36604172396e-18,3.23070959908e-18,5.24351444659e-18,5.26028760146e-18,7.19956746624e-18,8.11966279546e-18,6.77242794153e-18,8.10081796675e-18,1.13510810815e-17,1.05253563069e-17,1.11447524583e-17,1.13308432807e-17,9.49345428296e-18,7.50600810469e-18,6.17689016054e-18,4.11222832645e-18,2.38755881723e-18,9.55314921943e-19,2.20861307756e-19,2.69227595379e-20],"var":[0.000980127602816,0.160164654255,2.92958831787,23.2327384949,147.39654541,89.0961151123,233.292510986,193.149536133,575.056640625,3401.10986328,4271.65380859,4622.84814453,7584.00244141,5311.74853516,2437.5065918,4567.62109375,6345.60693359,7243.04443359,12219.1494141,7686.97802734,3641.34228516,4712.20849609,2192.39770508,848.671264648,404.320861816,352.023010254,219.426132202,220.277694702,310.647491455,356.090148926,495.454406738,1629.13696289,326.93170166,47.408115387,8.11458015442,0.352489650249,0.0070585059002,0.0000882222448126,3.77999441525e-7,1.30037536294e-9]},"erbbands_crest":{"dmean":2.64619469643,"dmean2":4.29611158371,"dvar":6.33210134506,"dvar2":16.2974758148,"max":28.7155094147,"mean":8.80778312683,"median":7.99328517914,"min":2.47317051888,"var":16.8647975922},"erbbands_flatness_db":{"dmean":0.0153730446473,"dmean2":0.0226278100163,"dvar":0.000222583621508,"dvar2":0.000463107804535,"max":0.2945792377,"mean":0.145781129599,"median":0.143914878368,"min":0.0448773130774,"var":0.00124606862664},"erbbands_kurtosis":{"dmean":0.859839916229,"dmean2":1.34571778774,"dvar":1.45474326611,"dvar2":3.20521807671,"max":19.7249755859,"mean":0.585230588913,"median":0.105802826583,"min":-1.80229103565,"var":3.5606842041},"erbbands_skewness":{"dmean":0.326901376247,"dmean2":0.49914675951,"dvar":0.102441549301,"dvar2":0.224192813039,"max":3.29208493233,"mean":-0.156296700239,"median":-0.172487393022,"min":-4.02683734894,"var":0.504840493202},"erbbands_spread":{"dmean":7.38244867325,"dmean2":11.3791904449,"dvar":55.9981040955,"dvar2":132.171112061,"max":102.714820862,"mean":35.4812850952,"median":33.734664917,"min":5.85563707352,"var":212.388046265},"gfcc":{"cov":[[61854.921875,2592.26318359,-6716.33789063,1931.47119141,-3293.99633789,891.350280762,-2340.22094727,359.150268555,-1415.57275391,-39.8931465149,-1018.14263916,-209.017120361,-496.172821045],[2592.26318359,1014.94769287,-371.63684082,-13.519859314,49.6918563843,5.65457391739,-59.9174804688,-8.39031028748,-24.5645828247,-40.490978241,-29.3184127808,-41.9822731018,-33.0546417236],[-6716.33789063,-371.63684082,1171.23034668,-71.0077667236,386.282745361,-2.11755466461,209.182418823,-56.5239868164,137.574142456,26.3135433197,109.491600037,57.2597427368,35.876373291],[1931.47119141,-13.519859314,-71.0077667236,373.335571289,-59.9571533203,34.6326332092,-114.746078491,-4.5022444725,-35.5620231628,7.92993927002,-32.6644821167,7.87418937683,4.00286388397],[-3293.99633789,49.6918563843,386.282745361,-59.9571533203,410.286834717,-0.72846698761,124.692985535,-18.3235340118,95.7445144653,2.92838215828,39.4676704407,40.7821846008,48.3934326172],[891.350280762,5.65457391739,-2.11755466461,34.6326332092,-0.72846698761,185.61100769,11.7258119583,-12.9557771683,-53.932800293,3.49309515953,-16.7651901245,21.9901237488,-4.87472295761],[-2340.22094727,-59.9174804688,209.182418823,-114.746078491,124.692985535,11.7258119583,224.171051025,18.0096549988,40.0644989014,-8.35197734833,43.5175514221,4.8716917038,13.8686513901],[359.150268555,-8.39031028748,-56.5239868164,-4.5022444725,-18.3235340118,-12.9557771683,18.0096549988,96.0836410522,43.7062301636,9.84464359283,-8.03011894226,-11.9521484375,-4.44161891937],[-1415.57275391,-24.5645828247,137.574142456,-35.5620231628,95.7445144653,-53.932800293,40.0644989014,43.7062301636,129.590759277,32.5692329407,21.0992240906,-17.0061378479,10.975440979],[-39.8931465149,-40.490978241,26.3135433197,7.92993927002,2.92838215828,3.49309515953,-8.35197734833,9.84464359283,32.5692329407,69.659286499,22.7618503571,0.188082784414,-6.12277507782],[-1018.14263916,-29.3184127808,109.491600037,-32.6644821167,39.4676704407,-16.7651901245,43.5175514221,-8.03011894226,21.0992240906,22.7618503571,90.5065765381,29.5060977936,3.66925597191],[-209.017120361,-41.9822731018,57.2597427368,7.87418937683,40.7821846008,21.9901237488,4.8716917038,-11.9521484375,-17.0061378479,0.188082784414,29.5060977936,83.544631958,28.636926651],[-496.172821045,-33.0546417236,35.876373291,4.00286388397,48.3934326172,-4.87472295761,13.8686513901,-4.44161891937,10.975440979,-6.12277507782,3.66925597191,28.636926651,57.9850769043]],"icov":[[0.000238732871367,-0.000350189569872,0.000635241682176,-0.000501604052261,0.00066417932976,-0.000745831348468,0.000954887829721,-0.00105383107439,0.000890644616447,-0.00058599957265,0.000746860634536,-0.000576141115744,0.000565473514143],[-0.000350189569872,0.00192216620781,-0.000195849846932,0.000790455960669,-0.00201715785079,0.000862587359734,-0.00100129644852,0.00186595937703,-0.00151252001524,0.00183213874698,-0.00170008488931,0.00146295817103,0.000169054081198],[0.000635241682176,-0.000195849846932,0.00365373678505,-0.00157520396169,0.000457851943793,-0.00228802813217,0.00182625534944,-0.00111914204899,0.000678585551213,-0.000902996340301,0.00108109007124,-0.00193270831369,0.00273747672327],[-0.000501604052261,0.000790455960669,-0.00157520396169,0.00443455018103,-0.00141069281381,0.000989750027657,-0.000119782183901,0.00150978856254,-0.00110276287887,0.000760559050832,-0.00118333124556,0.00135800777934,-0.00207500625402],[0.00066417932976,-0.00201715785079,0.000457851943793,-0.00141069281381,0.00744855590165,-0.00251625920646,0.000940288417041,-0.00112367374822,-0.00115337409079,-0.00133396801539,0.0034080222249,-0.00396092701703,-0.000573451223318],[-0.000745831348468,0.000862587359734,-0.00228802813217,0.000989750027657,-0.00251625920646,0.00969470478594,-0.00459109758958,0.00274066114798,0.00137372175232,-0.00135100330226,0.000503286370076,-0.000310301780701,-0.000601178093348],[0.000954887829721,-0.00100129644852,0.00182625534944,-0.000119782183901,0.000940288417041,-0.00459109758958,0.0119998436421,-0.00731105543673,0.00451999111101,0.000180744333193,-0.000837893516291,0.000589550239965,0.000803009490483],[-0.00105383107439,0.00186595937703,-0.00111914204899,0.00150978856254,-0.00112367374822,0.00274066114798,-0.00731105543673,0.0210365969688,-0.0131868338212,0.00316787720658,-0.000582954147831,-0.000369461486116,0.000212464059587],[0.000890644616447,-0.00151252001524,0.000678585551213,-0.00110276287887,-0.00115337409079,0.00137372175232,0.00451999111101,-0.0131868338212,0.0236108954996,-0.00982138793916,0.00138554908335,0.00428910506889,-0.00230995356105],[-0.00058599957265,0.00183213874698,-0.000902996340301,0.000760559050832,-0.00133396801539,-0.00135100330226,0.000180744333193,0.00316787720658,-0.00982138793916,0.0224050227553,-0.00806868914515,0.00169051240664,0.00163591699675],[0.000746860634536,-0.00170008488931,0.00108109007124,-0.00118333124556,0.0034080222249,0.000503286370076,-0.000837893516291,-0.000582954147831,0.00138554908335,-0.00806868914515,0.0209559872746,-0.0101844891906,0.00477770948783],[-0.000576141115744,0.00146295817103,-0.00193270831369,0.00135800777934,-0.00396092701703,-0.000310301780701,0.000589550239965,-0.000369461486116,0.00428910506889,0.00169051240664,-0.0101844891906,0.022643731907,-0.0110554993153],[0.000565473514143,0.000169054081198,0.00273747672327,-0.00207500625402,-0.000573451223318,-0.000601178093348,0.000803009490483,0.000212464059587,-0.00230995356105,0.00163591699675,0.00477770948783,-0.0110554993153,0.0266502629966]],"mean":[-38.2119293213,64.0981292725,-123.303878784,33.6827697754,-56.0186500549,19.7823085785,-45.8222961426,4.41360855103,-25.9106311798,-0.997785389423,-20.279378891,-3.0337908268,-10.0764007568]},"hfc":{"dmean":7.85851240158,"dmean2":10.6229801178,"dvar":210.240005493,"dvar2":394.725952148,"max":400.328765869,"mean":26.9598045349,"median":20.6410446167,"min":1.06627346284e-16,"var":856.252380371},"melbands":{"dmean":[0.000164367491379,0.000375851552235,0.000440710107796,0.000387643929571,0.000223936876864,0.000126442231704,0.00010724884487,0.00017343008949,0.000143425451824,0.000134269779664,0.000101347970485,0.0000736534857424,0.0000588458387938,0.000051613751566,0.0000642374652671,0.0000384452941944,0.0000421597251261,0.0000626807959634,0.0000437148373749,0.0000336596713169,0.0000184192176675,0.0000285548430838,0.0000175555396709,0.0000140091433423,0.00000770916358306,0.0000058752584664,0.00000541991494174,0.00000474380112792,0.00000376872890229,0.00000370290899809,0.00000318359479934,0.00000298367785945,0.00000240585904976,0.00000224700988838,0.00000229003558161,0.00000245845035352,0.00000295932863992,0.0000019243918814,0.00000119812591493,8.23562459118e-7],"dmean2":[0.000276242470136,0.000615622790065,0.0007561975508,0.000676671101246,0.000363717321306,0.000206802156754,0.000162948665093,0.000263254507445,0.000225428491831,0.000206100856303,0.000155670189997,0.000117371499073,0.000093768518127,0.0000825906026876,0.000104931204987,0.0000602399886702,0.0000642339655315,0.0000975904767984,0.0000670887820888,0.0000513884115207,0.0000287071216007,0.000045340952056,0.0000271108474408,0.0000216794178414,0.00001203278498,0.00000906830155145,0.00000827044186735,0.00000721863852959,0.00000594846051172,0.00000565938216823,0.00000472724968859,0.00000432101660408,0.00000352310735252,0.00000335283243658,0.00000334043829753,0.0000034714028061,0.00000437708922618,0.00000285066130346,0.00000171037174823,0.0000011803159623],"dvar":[8.93500953225e-8,4.95502433751e-7,6.16877343873e-7,8.34909599234e-7,1.03947087382e-7,5.73329650422e-8,9.16641624826e-8,1.99066718665e-7,1.51591976305e-7,1.24218630049e-7,9.42488114219e-8,4.01175590525e-8,2.74386646737e-8,1.60932529525e-8,2.72059601514e-8,8.73227623543e-9,1.27474528711e-8,2.194425619e-8,6.21899864939e-9,3.88925114336e-9,2.09671457974e-9,2.76354139572e-9,9.55455936591e-10,1.0460347033e-9,2.46809850335e-10,7.86759477012e-11,1.00034119876e-10,6.36001598608e-11,4.77115118247e-11,3.69373420739e-11,3.22772086836e-11,4.49012112214e-11,4.80139955572e-11,5.89772536363e-11,7.89451976013e-11,1.27815313888e-10,3.74473507758e-10,7.44450820434e-11,2.35076281357e-11,1.26721185628e-11],"dvar2":[2.39526656287e-7,0.00000129823388306,0.00000169252029991,0.00000230384262068,2.64693539975e-7,1.42902621292e-7,2.00372696213e-7,4.72960010711e-7,4.05411526572e-7,2.78666931308e-7,2.14973212564e-7,1.01637226635e-7,7.30356291001e-8,4.29064144214e-8,7.51394324539e-8,2.14191651082e-8,2.76806204624e-8,5.56838060106e-8,1.55915529376e-8,8.84082052011e-9,5.36547473118e-9,7.0281225284e-9,2.32834396208e-9,2.62158028619e-9,6.01714233994e-10,1.88847021354e-10,2.24142759908e-10,1.47722653554e-10,1.26669619238e-10,8.55783360842e-11,6.58438581436e-11,8.31493277009e-11,9.68946797797e-11,1.19750487304e-10,1.70818054146e-10,2.35277991534e-10,7.49826534197e-10,1.38543981842e-10,4.17328810398e-11,2.53171702352e-11],"max":[0.00576878897846,0.00765056861565,0.00795095600188,0.0108638443053,0.00584958959371,0.00531626632437,0.0096515789628,0.00840517878532,0.00744346762076,0.00798244774342,0.00719609577209,0.00581335788593,0.00396236032248,0.00293889199384,0.0029503449332,0.002701186575,0.00330400560051,0.00381068419665,0.00147789821494,0.00154219614342,0.00100360438228,0.000917807803489,0.000728978426196,0.000877875369042,0.000721197226085,0.000136955422931,0.000323633954395,0.000202954819542,0.000194611944607,0.000123276826343,0.00012976587459,0.000224074887228,0.000216826432734,0.000222730028327,0.000235512838117,0.000383913080441,0.000765143427998,0.000303745240672,0.000149126470205,0.00016178326041],"mean":[0.000233580984059,0.000549852440599,0.00065737310797,0.000461859424831,0.000393706490286,0.000198748748517,0.000147823811858,0.000243107366259,0.000204538271646,0.000210293772398,0.000153046858031,0.000116440744023,0.0000944130806602,0.0000879515428096,0.000106199964648,0.000066149092163,0.0000711386965122,0.000102584534034,0.000077930810221,0.0000612816947978,0.0000315257639159,0.0000468798207294,0.0000350386762875,0.0000259348471445,0.0000154316439875,0.0000119810811157,0.0000105262424768,0.00000937916320254,0.00000724402889318,0.00000731607360649,0.00000625410939392,0.0000057531742641,0.00000446852254754,0.0000040242648538,0.00000405826767746,0.0000043339559852,0.00000513677059644,0.00000353589575752,0.00000223832853408,0.00000153878772835],"median":[0.000118825832033,0.00029252198874,0.000351023365511,0.000244372145971,0.000244152528467,0.0000954413699219,0.0000324666689266,0.0000462081261503,0.0000417084374931,0.0000429900392191,0.0000310868854285,0.0000237234562519,0.0000207600860449,0.0000416947841586,0.0000354237199645,0.0000213443763641,0.0000243612194026,0.0000375465897378,0.000039986189222,0.0000274958656519,0.0000118921434478,0.0000208159963222,0.0000182110889,0.0000100410425148,0.00000862520482769,0.00000682404333929,0.0000053655312513,0.00000489376816404,0.0000038770572246,0.00000390642480852,0.00000331493129124,0.00000285371697828,0.00000200256886274,0.00000157091847086,0.00000153026508087,0.00000116330443234,0.00000116011460705,0.00000104876312434,7.26653638594e-7,4.97752523643e-7],"min":[6.64656678542e-25,5.33238417493e-25,1.03755739142e-24,1.49402682384e-24,1.03485169712e-24,6.77452643375e-25,1.56681531539e-24,1.24114493751e-24,1.40711535551e-24,1.38597477072e-24,2.22822045719e-24,1.07574683809e-24,2.12219636824e-24,1.68450182536e-24,2.36884240773e-24,2.6320892361e-24,2.55369361985e-24,3.21298550189e-24,3.59002709357e-24,1.34892226982e-24,3.13314173423e-24,2.81935081272e-24,3.75391846866e-24,2.61799209451e-24,3.75793771497e-24,3.97409506933e-24,4.32339202854e-24,4.98854573876e-24,3.68989806746e-24,4.26040779614e-24,4.05325213357e-24,4.85375268145e-24,4.5502569864e-24,5.21508134719e-24,5.051408881e-24,5.06957516436e-24,5.94205059237e-24,4.84590469873e-24,5.24728264934e-24,5.43264169067e-24],"var":[1.05872693723e-7,5.73560384964e-7,7.52477376409e-7,6.60218972826e-7,2.14572040136e-7,9.56137569119e-8,1.5478383375e-7,3.51077204641e-7,2.56000504351e-7,2.85873113626e-7,1.91087579537e-7,8.19933347884e-8,5.2877737744e-8,3.09469179172e-8,5.19818712519e-8,1.87481496994e-8,2.98226083828e-8,4.27856079455e-8,1.23933787677e-8,9.63549151578e-9,4.828503819e-9,5.61034374513e-9,2.60201149516e-9,2.60612842418e-9,5.20499920942e-10,2.29218630188e-10,2.54574278324e-10,1.51113246916e-10,9.5228415431e-11,9.71094663016e-11,8.09804237556e-11,1.07624860413e-10,1.02324537732e-10,1.2237269531e-10,1.44000186775e-10,3.0817542962e-10,8.25572499252e-10,2.01277786105e-10,5.95974936068e-11,3.14781881117e-11]},"melbands_crest":{"dmean":3.06193375587,"dmean2":5.03040409088,"dvar":7.73035764694,"dvar2":20.1493339539,"max":30.5002269745,"mean":11.1430997849,"median":10.6097774506,"min":1.56419122219,"var":20.6231403351},"melbands_flatness_db":{"dmean":0.021693482995,"dmean2":0.0334166288376,"dvar":0.000510681071319,"dvar2":0.00123800034635,"max":0.503128767014,"mean":0.131544396281,"median":0.129236415029,"min":0.00200103479438,"var":0.00303340912797},"melbands_kurtosis":{"dmean":3.29174661636,"dmean2":5.33317232132,"dvar":42.0212631226,"dvar2":108.417457581,"max":230.030975342,"mean":4.78767633438,"median":2.33800268173,"min":-1.86882090569,"var":71.6049346924},"melbands_skewness":{"dmean":0.573266804218,"dmean2":0.8942912817,"dvar":0.379853010178,"dvar2":0.939400732517,"max":10.367893219,"mean":1.68407273293,"median":1.52446079254,"min":-2.53158640862,"var":1.40203118324},"melbands_spread":{"dmean":11.2053451538,"dmean2":17.181060791,"dvar":216.193084717,"dvar2":443.166259766,"max":256.767242432,"mean":44.2307434082,"median":35.3224105835,"min":1.10760307312,"var":1072.72680664},"mfcc":{"cov":[[18169.2578125,1472.49584961,-579.451843262,313.750061035,-143.662948608,-80.429145813,-155.834564209,-61.3961677551,-75.6148223877,-37.7858009338,-118.005828857,-91.3070831299,-238.237487793],[1472.49584961,1188.16821289,-171.375640869,21.7303905487,106.806846619,56.9259223938,30.3204650879,29.4175014496,18.4943466187,-15.232585907,22.6859130859,4.37890291214,-30.0104637146],[-579.451843262,-171.375640869,421.173065186,45.0741729736,63.564907074,76.1902770996,14.9864559174,5.57411003113,-30.2597389221,2.58913111687,-9.91919136047,14.4556589127,34.6046180725],[313.750061035,21.7303905487,45.0741729736,243.774719238,89.0235443115,11.9007415771,-32.3068809509,-3.80581235886,8.35527610779,7.82379817963,-28.1342697144,-1.40113162994,30.2860240936],[-143.662948608,106.806846619,63.564907074,89.0235443115,225.455566406,75.3192214966,-17.2938804626,1.76237618923,28.4454898834,-1.99330949783,-20.84674263,5.93546009064,36.4755210876],[-80.429145813,56.9259223938,76.1902770996,11.9007415771,75.3192214966,172.033340454,67.7605209351,20.6746749878,1.15864443779,-19.9928684235,-8.31003475189,-17.8823833466,9.69801616669],[-155.834564209,30.3204650879,14.9864559174,-32.3068809509,-17.2938804626,67.7605209351,118.490341187,47.1629180908,-5.39450740814,-17.0121746063,11.1387996674,-8.8115606308,-3.36959004402],[-61.3961677551,29.4175014496,5.57411003113,-3.80581235886,1.76237618923,20.6746749878,47.1629180908,86.0774917603,25.3514308929,-9.15178966522,0.100644260645,-6.10342168808,5.04238510132],[-75.6148223877,18.4943466187,-30.2597389221,8.35527610779,28.4454898834,1.15864443779,-5.39450740814,25.3514308929,92.2482223511,35.2186317444,3.33045458794,-8.70194625854,-2.74434304237],[-37.7858009338,-15.232585907,2.58913111687,7.82379817963,-1.99330949783,-19.9928684235,-17.0121746063,-9.15178966522,35.2186317444,86.50365448,33.8590393066,5.72823238373,-13.7432670593],[-118.005828857,22.6859130859,-9.91919136047,-28.1342697144,-20.84674263,-8.31003475189,11.1387996674,0.100644260645,3.33045458794,33.8590393066,80.4233551025,28.814037323,-12.7449007034],[-91.3070831299,4.37890291214,14.4556589127,-1.40113162994,5.93546009064,-17.8823833466,-8.8115606308,-6.10342168808,-8.70194625854,5.72823238373,28.814037323,67.2774810791,21.2933578491],[-238.237487793,-30.0104637146,34.6046180725,30.2860240936,36.4755210876,9.69801616669,-3.36959004402,5.04238510132,-2.74434304237,-13.7432670593,-12.7449007034,21.2933578491,78.8998260498]],"icov":[[0.0000718936498743,-0.0000878534701769,0.0000626889668638,-0.000131419990794,0.000127793216961,-0.0000736471629352,0.000135508584208,-0.000033984597394,0.0000954540155362,-0.0000299172461382,0.000154668057803,-0.0000435598958575,0.000199398957193],[-0.0000878534701769,0.00113638676703,0.000473921885714,0.0000784886142355,-0.000831430603284,-0.000169888706296,-0.000261642941041,-0.000317549478495,0.0000975550428848,0.000235312225414,-0.00052427285118,-0.000226404343266,0.000364149396773],[0.0000626889668638,0.000473921885714,0.00327024795115,-0.000333254400175,-0.000537094194442,-0.0015910161892,0.000417939561885,-0.000951377907768,0.0019439519383,-0.00138913025148,0.00067767559085,-0.000908949645236,-0.000233892598771],[-0.000131419990794,0.0000784886142355,-0.000333254400175,0.00548427738249,-0.00196996959858,0.000332069466822,0.000768790603615,-0.000498026143759,0.000533589685801,-0.00137174024712,0.00122330605518,0.000469502992928,-0.00154088705312],[0.000127793216961,-0.000831430603284,-0.000537094194442,-0.00196996959858,0.00809337757528,-0.00397344073281,0.00295751378872,0.000230920806644,-0.00242117512971,0.000361254264135,0.00115567073226,-0.00141349330079,-0.00153340329416],[-0.0000736471629352,-0.000169888706296,-0.0015910161892,0.000332069466822,-0.00397344073281,0.0113260503858,-0.00712432526052,0.00205655582249,-0.000810442725196,0.00170078978408,-0.000893164193258,0.00314408866689,-0.000432303000707],[0.000135508584208,-0.000261642941041,0.000417939561885,0.000768790603615,0.00295751378872,-0.00712432526052,0.0170875787735,-0.00814709626138,0.00251860450953,0.000739838113077,-0.00234546628781,0.000659783079755,0.000249643373536],[-0.000033984597394,-0.000317549478495,-0.000951377907768,-0.000498026143759,0.000230920806644,0.00205655582249,-0.00814709626138,0.0183721482754,-0.00723142921925,0.00374928326346,-0.000649258960038,0.000762967043556,-0.00140582292806],[0.0000954540155362,0.0000975550428848,0.0019439519383,0.000533589685801,-0.00242117512971,-0.000810442725196,0.00251860450953,-0.00723142921925,0.0177511256188,-0.00859118252993,0.00178362359293,0.00164539890829,0.0000215755353565],[-0.0000299172461382,0.000235312225414,-0.00138913025148,-0.00137174024712,0.000361254264135,0.00170078978408,0.000739838113077,0.00374928326346,-0.00859118252993,0.0198531188071,-0.00882017612457,0.00144749495666,0.00189481989946],[0.000154668057803,-0.00052427285118,0.00067767559085,0.00122330605518,0.00115567073226,-0.000893164193258,-0.00234546628781,-0.000649258960038,0.00178362359293,-0.00882017612457,0.0217060688883,-0.0100903669372,0.00377275072969],[-0.0000435598958575,-0.000226404343266,-0.000908949645236,0.000469502992928,-0.00141349330079,0.00314408866689,0.000659783079755,0.000762967043556,0.00164539890829,0.00144749495666,-0.0100903669372,0.022842541337,-0.00723805651069],[0.000199398957193,0.000364149396773,-0.000233892598771,-0.00154088705312,-0.00153340329416,-0.000432303000707,0.000249643373536,-0.00140582292806,0.0000215755353565,0.00189481989946,0.00377275072969,-0.00723805651069,0.0178651064634]],"mean":[-646.705688477,88.7374572754,-7.18732357025,13.7487306595,8.91074562073,8.22603321075,-3.37774133682,-0.0277964472771,-1.2231477499,-1.51197528839,-4.63223409653,-2.95868730545,-7.2596487999]},"pitch_salience":{"dmean":0.0633697658777,"dmean2":0.104628488421,"dvar":0.00332754082046,"dvar2":0.00909784063697,"max":0.954752147198,"mean":0.593154430389,"median":0.591085135937,"min":0.183522224426,"var":0.00848651863635},"silence_rate_20dB":{"dmean":0,"dmean2":0,"dvar":0,"dvar2":0,"max":1,"mean":1,"median":1,"min":1,"var":0},"silence_rate_30dB":{"dmean":0,"dmean2":0,"dvar":0,"dvar2":0,"max":1,"mean":1,"median":1,"min":1,"var":0},"silence_rate_60dB":{"dmean":0.026762155816,"dmean2":0.053534399718,"dvar":0.0260466244072,"dvar2":0.0551943145692,"max":1,"mean":0.120595440269,"median":0,"min":0,"var":0.106051720679},"spectral_centroid":{"dmean":292.374572754,"dmean2":454.112487793,"dvar":118330.257813,"dvar2":255296.203125,"max":11846.8710938,"mean":2140.65991211,"median":1725.38037109,"min":185.099761963,"var":3792416},"spectral_complexity":{"dmean":4.22201299667,"dmean2":5.58190393448,"dvar":20.1975345612,"dvar2":31.6642074585,"max":57,"mean":21.159034729,"median":21,"min":0,"var":141.389907837},"spectral_contrast_coeffs":{"dmean":[0.0517776533961,0.049033857882,0.0396478921175,0.0316663458943,0.0215630494058,0.0154378637671],"dmean2":[0.0856218710542,0.0792136117816,0.0636633560061,0.0500392913818,0.0348483622074,0.0239802338183],"dvar":[0.00224175699987,0.00174587790389,0.00114075432066,0.000696180039085,0.000340172788128,0.000214943778701],"dvar2":[0.00580456014723,0.00431432016194,0.00276752049103,0.00164523348212,0.000814406666905,0.000485189550091],"max":[-0.289416372776,-0.368933409452,-0.44685074687,-0.525084733963,-0.592158734798,-0.620521843433],"mean":[-0.645830512047,-0.727297663689,-0.763260960579,-0.760069131851,-0.786599397659,-0.77573877573],"median":[-0.639201164246,-0.728841543198,-0.769226610661,-0.758057653904,-0.784374296665,-0.76808232069],"min":[-0.979969322681,-0.979137301445,-0.977885603905,-0.979247629642,-0.967044711113,-0.96515494585],"var":[0.0100682685152,0.00876771938056,0.00710487412289,0.00461863307282,0.00285663455725,0.00278818700463]},"spectral_contrast_valleys":{"dmean":[0.445525109768,0.404223293066,0.338292598724,0.289194375277,0.260343283415,0.254129946232],"dmean2":[0.724834561348,0.6340482831,0.523578584194,0.429794728756,0.345567107201,0.320780754089],"dvar":[0.186260655522,0.151410892606,0.122715242207,0.102413989604,0.102217227221,0.108771078289],"dvar2":[0.416911512613,0.301183491945,0.231044247746,0.173639714718,0.159209161997,0.175223886967],"max":[-5.65658903122,-4.91935920715,-5.29322624207,-5.70733499527,-5.76605892181,-6.90146541595],"mean":[-8.41091251373,-7.9326581955,-8.21244716644,-8.26352596283,-8.20884990692,-10.3417425156],"median":[-7.45814085007,-7.01830530167,-7.29755735397,-7.30215644836,-7.2110915184,-9.48395061493],"min":[-28.6152038574,-28.0818939209,-27.9161243439,-27.6887836456,-27.6489295959,-27.4361839294],"var":[16.2487449646,16.8316802979,16.2763118744,16.3552951813,16.65051651,13.3642225266]},"spectral_decrease":{"dmean":1.45982848032e-9,"dmean2":2.21837437309e-9,"dvar":3.40523085305e-18,"dvar2":8.18320184704e-18,"max":2.06639740414e-28,"mean":-4.57821114352e-9,"median":-4.13834122526e-9,"min":-1.95122620283e-8,"var":1.12371518414e-17},"spectral_energy":{"dmean":0.00599757954478,"dmean2":0.00898367725313,"dvar":0.0000544179165445,"dvar2":0.000128304222017,"max":0.0827391892672,"mean":0.0197245962918,"median":0.0180173758417,"min":9.97696221792e-21,"var":0.000203035742743},"spectral_energyband_high":{"dmean":0.000599524064455,"dmean2":0.000797392916866,"dvar":0.00000310140626425,"dvar2":0.00000552284745936,"max":0.0505048036575,"mean":0.00145075749606,"median":0.000710426887963,"min":7.09554640875e-21,"var":0.00000967086270975},"spectral_energyband_low":{"dmean":0.00160139857326,"dmean2":0.00262280297466,"dvar":0.00000827971780382,"dvar2":0.0000216883963731,"max":0.0307897776365,"mean":0.00301310792565,"median":0.00173275615089,"min":1.12319798511e-23,"var":0.0000132513077915},"spectral_energyband_middle_high":{"dmean":0.00233931723051,"dmean2":0.00335379200988,"dvar":0.0000100763281807,"dvar2":0.0000226489373745,"max":0.0569218173623,"mean":0.00733490521088,"median":0.00524467136711,"min":1.10966996091e-21,"var":0.000055140350014},"spectral_energyband_middle_low":{"dmean":0.00419767480344,"dmean2":0.00667709996924,"dvar":0.0000361483653251,"dvar2":0.0000915598211577,"max":0.0623207725585,"mean":0.00875629670918,"median":0.00677667511627,"min":1.17769511546e-22,"var":0.0000670059598633},"spectral_entropy":{"dmean":0.124115221202,"dmean2":0.177107840776,"dvar":0.0173249319196,"dvar2":0.0334556773305,"max":9.82221221924,"mean":7.90199613571,"median":7.84435081482,"min":5.70069169998,"var":0.25868549943},"spectral_flux":{"dmean":0.0190504286438,"dmean2":0.0286149699241,"dvar":0.00045516694081,"dvar2":0.000956015370321,"max":0.233750328422,"mean":0.0750636830926,"median":0.0744864791632,"min":6.29753055259e-11,"var":0.00176939484663},"spectral_kurtosis":{"dmean":0.852478027344,"dmean2":1.36156702042,"dvar":1.20814025402,"dvar2":2.96032977104,"max":37.1744041443,"mean":3.21005654335,"median":2.9910800457,"min":-1.26991438866,"var":5.84546375275},"spectral_rms":{"dmean":0.000639369187411,"dmean2":0.000920264632441,"dvar":5.10524216679e-7,"dvar2":0.00000111211807052,"max":0.00898449588567,"mean":0.00398311717436,"median":0.00419260375202,"min":3.11987523489e-12,"var":0.00000337826372743},"spectral_rolloff":{"dmean":588.371704102,"dmean2":947.34564209,"dvar":837676.3125,"dvar2":1653261.625,"max":19573.6816406,"mean":3107.33398438,"median":2002.58789063,"min":86.1328125,"var":13313289},"spectral_skewness":{"dmean":0.142390504479,"dmean2":0.216813370585,"dvar":0.0247825272381,"dvar2":0.0527033209801,"max":5.42347764969,"mean":1.33826375008,"median":1.37330365181,"min":-0.129794850945,"var":0.235056951642},"spectral_spread":{"dmean":495106.8125,"dmean2":728153.5,"dvar":640737214464,"dvar2":1201872306180,"max":43193388,"mean":6414153,"median":4794446.5,"min":1725089.625,"var":51134513283100},"spectral_strongpeak":{"dmean":0.815175533295,"dmean2":1.36747515202,"dvar":1.60917198658,"dvar2":3.92292022705,"max":17.2883930206,"mean":1.27195227146,"median":0.521406233311,"min":0,"var":2.84575343132},"zerocrossingrate":{"dmean":0.0123473685235,"dmean2":0.0140849584714,"dvar":0.000247471121838,"dvar2":0.000252782134339,"max":0.52734375,"mean":0.104621000588,"median":0.0791015625,"min":0.0078125,"var":0.00866728648543}},"metadata":{"audio_properties":{"analysis_sample_rate":44100,"bit_rate":320000,"codec":"mp3","downmix":"mix","equal_loudness":0,"length":123.193466187,"lossless":false,"md5_encoded":"7b8ddd52e1b64c567ca3a2956965c8c7","replay_gain":-5.27398490906,"sample_rate":44100},"tags":{"acoustid_id":["6ef02c88-64c2-4356-8550-0ea5e20f9fbb"],"album":["Kinda Kinks"],"albumartist":["The Kinks"],"albumartistsort":["Kinks, The"],"artist":["The Kinks"],"artistsort":["Kinks, The"],"asin":["B0001XLXE8"],"barcode":["5050749202628"],"catalognumber":["SMRCD026"],"composer":["Ray Davies"],"contentgroup":["Rock"],"date":["1965"],"discnumber":["1/1"],"file_name":"11. The Kinks ~ You Shouldn't Be Sad.mp3","genre":["Rock"],"initialkey":["A m"],"label":["Sanctuary Midline"],"language":["eng"],"lyricist":["Ray Davies"],"media":["CD"],"mood":["Uplifting"],"musicbrainz album release country":["GB"],"musicbrainz album status":["official"],"musicbrainz album type":["album"],"musicbrainz_albumartistid":["17b53d9f-5c63-4a09-a593-dde4608e0db9"],"musicbrainz_albumid":["7d3faf48-9450-388d-b524-095e08406696"],"musicbrainz_artistid":["17b53d9f-5c63-4a09-a593-dde4608e0db9"],"musicbrainz_recordingid":["06949ceb-bef5-43f7-8cf4-0eab3f605fc7"],"musicbrainz_releasegroupid":["f0aeab3c-4084-33c6-a448-e30c6caf0fe0"],"musicbrainz_workid":["21c9653a-1072-3949-8244-7a57294e7927"],"originaldate":["1965-03-05"],"originalyear":["1965"],"script":["Latn"],"title":["You Shouldn't Be Sad"],"tracknumber":["11/23"],"work":["You Shouldn't Be Sad"]},"version":{"essentia":"2.1-beta2","essentia_build_sha":"2d9f1f26377add8aeb1075a9c2973f962c4f09fd","essentia_git_sha":"v2.1_beta2-1-ge3940c0","extractor":"music 1.0"}},"rhythm":{"beats_count":295,"beats_loudness":{"dmean":0.011539475061,"dmean2":0.01973779127,"dvar":0.0000836340623209,"dvar2":0.00024112702522,"max":0.06064157933,"mean":0.0264799389988,"median":0.027343070134