{"lowlevel":{"average_loudness":0.972799181938,"barkbands":{"dmean":[0.0000225828571274,0.00255763297901,0.00232787267305,0.00226239534095,0.00264742411673,0.000755451852456,0.000905781576876,0.000730205269065,0.000477129913634,0.000286333728582,0.000184580625501,0.000258135434706,0.000261525157839,0.000526259827893,0.000422292010626,0.000503194634803,0.000267915573204,0.000393686321331,0.000148799503222,0.000120658805827,0.0000784257936175,0.0000477312896692,0.000052513431001,0.0000398992488044,0.0000301012732962,0.0000152560005517,0.00000192767379303],"dmean2":[0.0000369048539142,0.00420153466985,0.00395304104313,0.00398335885257,0.00434374203905,0.00122104072943,0.0014019558439,0.00110539537854,0.000733749882784,0.000427366816439,0.000284110778011,0.000394268950913,0.000405849801609,0.000829560740385,0.000650589063298,0.000792532926425,0.00043682238902,0.000638735073153,0.000243250498897,0.000196845532628,0.000126472659758,0.0000756866429583,0.0000792383943917,0.0000603836451774,0.0000455030931334,0.0000227053315029,0.00000310164659822],"dvar":[1.54985713152e-9,0.0000726408616174,0.0000234954550251,0.0000176603025466,0.0000114165295599,0.00000141143891597,0.00000280238555206,0.00000336600464834,0.00000101454463675,4.20128941414e-7,2.03686028044e-7,3.45079143926e-7,6.09317055478e-7,0.00000203385684472,0.00000122059282148,9.94365791485e-7,2.3482392919e-7,4.03529753612e-7,5.68188589511e-8,4.708689616e-8,3.08248253589e-8,1.16446940979e-8,3.00648643758e-8,1.78847106014e-8,8.12551448348e-9,1.4209917687e-9,3.10786119062e-11],"dvar2":[3.78635656162e-9,0.000173921114765,0.0000669287546771,0.0000501734612044,0.0000314532844641,0.00000354543340109,0.00000639179779682,0.00000743613827581,0.00000227023247135,8.87723160758e-7,4.89889714572e-7,7.4400873018e-7,0.00000131421643346,0.00000512603583047,0.0000026334012091,0.000002147189889,5.81238793984e-7,9.6504834346e-7,1.39358064644e-7,1.15646862753e-7,7.7469195503e-8,2.77429226259e-8,5.74909151396e-8,3.58997382932e-8,1.76937255958e-8,3.54387186263e-9,8.18874482111e-11],"max":[0.000604143599048,0.0912452191114,0.0674617663026,0.04731047526,0.0485737174749,0.028319593519,0.0342530012131,0.0467773713171,0.024955291301,0.0257007814944,0.0166288949549,0.0268019363284,0.0233584754169,0.0376283861697,0.02636920847,0.0320977680385,0.0173592921346,0.0116292918101,0.00496740592644,0.00500740064308,0.0035652811639,0.00308927986771,0.00721359532326,0.00634997477755,0.00353156146593,0.000645186693873,0.000130723128677],"mean":[0.0000275801467069,0.00282461731695,0.00462029967457,0.00311406422406,0.00557550229132,0.0016312309308,0.00202481332235,0.00165933568496,0.00107937632129,0.000679353252053,0.000353769020876,0.000499009562191,0.000499513349496,0.000946147600189,0.000764553085901,0.00101805664599,0.000530544202775,0.00085780210793,0.000333624775521,0.000275701342616,0.000152819979121,0.0000917648940231,0.000106586856418,0.0000692828834872,0.0000470765407954,0.0000203645140573,0.00000185155738563],"median":[0.0000118347024909,0.000885789457243,0.00315440050326,0.00200784159824,0.00446209963411,0.00101451319642,0.000910377537366,0.000514273764566,0.000443111523055,0.000345557113178,0.000172198517248,0.000270255841315,0.00023746889201,0.000386577914469,0.0003009189968,0.00049366208259,0.000309635011945,0.000457982183434,0.000211967853829,0.00014671869576,0.0000656997872284,0.0000426441547461,0.0000354824369424,0.0000262956164079,0.0000148061690197,0.00000486300586999,1.40614730526e-7],"min":[3.80569377645e-23,1.71364475322e-23,3.20695071597e-24,4.88922972851e-24,4.44369071334e-23,4.79805050296e-23,1.51564271705e-23,3.66883240474e-23,5.43327191165e-23,4.65112673708e-23,4.41678203678e-23,4.26292418355e-23,1.19553094498e-22,2.81644976885e-22,9.09449275528e-23,8.78155794506e-23,2.37749575432e-22,1.715605609e-22,2.74401290022e-22,4.84645948883e-22,3.4896162075e-22,3.5396585141e-22,6.13826831983e-22,9.48792116521e-22,1.21672088486e-21,1.90420046625e-21,2.61937100917e-21],"var":[1.93951743555e-9,0.0000626514811302,0.0000267670839094,0.0000161325169756,0.0000199135793082,0.00000359570412911,0.00000875950718182,0.0000121501661852,0.00000414648593505,0.00000186741283414,5.10910183493e-7,8.09905998267e-7,0.0000012390195252,0.00000459297552879,0.00000265893163487,0.000003077481324,5.79250183819e-7,0.00000129722741349,1.56469695867e-7,1.50328133941e-7,7.39967944696e-8,2.37579147466e-8,8.92635938499e-8,3.85614917775e-8,1.71239218361e-8,1.82690196304e-9,2.60700645099e-11]},"barkbands_crest":{"dmean":2.30424189568,"dmean2":3.84025907516,"dvar":5.52841949463,"dvar2":14.3322095871,"max":23.5907669067,"mean":9.27790164948,"median":8.37590408325,"min":2.70493984222,"var":15.4548025131},"barkbands_flatness_db":{"dmean":0.0194442048669,"dmean2":0.0298621021211,"dvar":0.000410188222304,"dvar2":0.00101610261481,"max":0.458366751671,"mean":0.137832671404,"median":0.127844229341,"min":0.03213590011,"var":0.00334528461099},"barkbands_kurtosis":{"dmean":2.4053440094,"dmean2":3.89352202415,"dvar":27.4006958008,"dvar2":66.082901001,"max":349.461517334,"mean":5.0066576004,"median":1.17096114159,"min":-1.84708178043,"var":314.594451904},"barkbands_skewness":{"dmean":0.480249881744,"dmean2":0.758818268776,"dvar":0.326833933592,"dvar2":0.78495246172,"max":14.4054059982,"mean":1.62280094624,"median":1.40053343773,"min":-1.92742264271,"var":1.91288375854},"barkbands_spread":{"dmean":4.57792806625,"dmean2":7.36190080643,"dvar":31.565246582,"dvar2":81.8378143311,"max":123.39666748,"mean":21.5418510437,"median":20.3687496185,"min":0.452664017677,"var":116.927505493},"dissonance":{"dmean":0.0128242447972,"dmean2":0.0212073661387,"dvar":0.000154744906467,"dvar2":0.000398252217565,"max":0.499999970198,"mean":0.46813377738,"median":0.472101867199,"min":0.112746246159,"var":0.000402974779718},"dynamic_complexity":2.10579991341,"erbbands":{"dmean":[0.0453427918255,0.687558054924,2.37328219414,4.77130508423,10.0589475632,8.79289627075,7.15066719055,5.9440331459,12.1239118576,12.1609306335,16.5808258057,12.1462335587,6.75904178619,9.22406578064,8.29467773438,9.87871837616,11.6449041367,19.2729358673,27.8281917572,23.2545490265,21.1863536835,14.76151371,21.1061229706,10.1023607254,5.89994525909,5.88727092743,4.21629619598,2.26728081703,1.63276731968,1.84226310253,1.41028738022,1.01802015305,0.583074629307,0.369201481342,0.201721340418,0.0816618055105,0.0256991013885,0.00480932602659,0.000307261361741,0.0000138594878081],"dmean2":[0.0734791606665,1.13290500641,3.98896718025,8.30458831787,17.3406734467,14.4519538879,11.3362016678,9.61851501465,18.8341083527,18.2232570648,25.0341701508,18.6843852997,9.83814907074,13.993601799,12.6598510742,14.8559322357,18.1212291718,30.0310020447,43.615447998,36.2631034851,33.7382545471,23.7617797852,34.1449279785,16.3230075836,9.65862941742,9.58824729919,6.73313617706,3.72746682167,2.61669969559,2.84373784065,2.11675238609,1.51425099373,0.896280705929,0.561544001102,0.305508434772,0.12245619297,0.0383553542197,0.00729840015993,0.000503382645547,0.0000212031900446],"dvar":[0.0231893323362,4.97615337372,28.6748180389,61.247959137,337.888549805,117.867095947,130.801422119,107.241775513,535.990478516,727.108215332,1773.82092285,712.132202148,203.108505249,454.637542725,334.595367432,589.65435791,935.397460938,3706.67114258,5420.67089844,3413.80004883,1431.88330078,718.111022949,1259.17858887,302.657745361,92.3724441528,121.944458008,82.0171585083,30.4549179077,14.824555397,22.0790061951,23.2880821228,16.536277771,2.70972561836,1.17330765724,0.406618148088,0.0468161217868,0.00392967090011,0.000140436415677,0.00000107947460037,8.29639468236e-10],"dvar2":[0.054166123271,12.0789356232,78.6828079224,172.186569214,960.031311035,326.872436523,339.468231201,263.76739502,1233.39562988,1601.83666992,3834.109375,1604.12451172,393.449676514,991.377807617,831.250061035,1290.72473145,2020.24084473,8867.25292969,12744.4667969,7753.08740234,3190.29077148,1736.28869629,2995.42944336,684.892822266,225.643478394,299.241699219,193.823806763,83.3525466919,36.5240058899,46.9743385315,44.1217536926,31.1098003387,5.96852445602,2.62404823303,0.844715178013,0.115391798317,0.00975232757628,0.000349053298123,0.00000293349467029,2.10672856937e-9],"max":[1.66718900204,23.6247844696,73.3601760864,93.6138076782,227.116195679,189.795318604,218.583358765,259.048980713,495.494567871,517.762817383,1071.7442627,784.58782959,397.119995117,834.70123291,705.35144043,1276.47875977,983.420349121,2109.19165039,1891.89880371,2065.52026367,1043.95898438,1121.88305664,672.686462402,518.77142334,295.608978271,296.873565674,210.190032959,96.307800293,106.920700073,140.442489624,205.949295044,187.036773682,69.4945144653,41.8672904968,31.8409729004,5.92644357681,1.0502820015,0.182667523623,0.0278423018754,0.000869633979164],"mean":[0.0474372543395,0.809995174408,4.6360502243,8.53883171082,15.3681201935,18.56001091,16.0591163635,13.1749267578,26.4263515472,29.0321559906,38.1641654968,27.4482841492,17.4787712097,21.0037231445,17.9115276337,20.6617488861,24.7999916077,38.1649475098,54.3127098083,49.1246681213,45.3826141357,34.5453491211,46.5834388733,24.8325958252,13.8858737946,13.6164007187,9.34122467041,4.06238412857,3.05372309685,3.88570570946,2.75923109055,1.72407472134,1.01074051857,0.589286625385,0.297474682331,0.114469043911,0.0323559306562,0.00559036526829,0.000298998114886,0.0000429294814239],"median":[0.0149283949286,0.297341287136,2.96561932564,6.5419254303,10.6818161011,13.6306219101,10.0100107193,7.72951698303,11.2893476486,13.2928619385,13.4839868546,11.2147665024,8.51687431335,10.9083156586,10.2628917694,11.8219804764,12.9399242401,15.9084177017,22.1427497864,21.3296470642,24.0374698639,21.98021698,25.0186729431,14.8286418915,9.0201177597,7.37421894073,4.00005340576,1.94091272354,1.43178856373,1.54960727692,0.919042825699,0.558675944805,0.408297330141,0.197243392467,0.0832620188594,0.0326222777367,0.00612214487046,0.000756967696361,0.0000409168715123,0.0000371548630937],"min":[4.23784661091e-22,4.06841392973e-21,4.86930288116e-21,9.74208331363e-21,2.61629279062e-20,1.43020704058e-19,6.0930537511e-19,2.17975145352e-19,1.88263606155e-19,2.07219328771e-19,1.22737245406e-18,1.26657440445e-18,1.15538395933e-18,1.41877325901e-18,1.84828875664e-18,2.15923339352e-18,6.36910046512e-18,1.30999915322e-17,8.37047388336e-18,4.00615316624e-18,8.07346806697e-18,1.00108044709e-17,8.73018908916e-18,1.12696931267e-17,1.47908132243e-17,2.30281871297e-17,1.66789108751e-17,1.39433087841e-17,1.22437198047e-17,1.35535933919e-17,1.96879772223e-17,2.11771736401e-17,1.37664666682e-17,1.35351447827e-17,8.84763715561e-18,5.25764641376e-18,3.44823080322e-18,1.76387807705e-18,3.36722790096e-19,3.98085904293e-20],"var":[0.0207181107253,4.23396968842,31.0846061707,68.1040802002,311.351501465,283.127624512,358.961090088,279.13494873,1651.37768555,2377.2734375,6714.98974609,2776.87646484,973.030334473,1575.9432373,933.41998291,1303.4041748,2018.34924316,8668.89648438,13974.9013672,11178.6210938,4893.30859375,2002.07019043,4044.28393555,1024.39599609,270.78704834,373.204925537,276.373138428,43.581867218,26.4190750122,62.4755783081,66.1613311768,37.1368865967,5.31107902527,2.42173552513,0.826830983162,0.0708669051528,0.00469274446368,0.000149053303176,8.06260459285e-7,9.35509891775e-10]},"erbbands_crest":{"dmean":2.03316640854,"dmean2":3.28739547729,"dvar":4.11448097229,"dvar2":10.2447738647,"max":27.7477474213,"mean":8.0955619812,"median":7.0461807251,"min":2.45355820656,"var":14.3923196793},"erbbands_flatness_db":{"dmean":0.0159892942756,"dmean2":0.0208870731294,"dvar":0.000273828394711,"dvar2":0.000422494136728,"max":0.310739606619,"mean":0.162965297699,"median":0.164186671376,"min":0.0547458454967,"var":0.00167573208455},"erbbands_kurtosis":{"dmean":0.489315837622,"dmean2":0.782322108746,"dvar":0.363745421171,"dvar2":0.882803857327,"max":21.4202251434,"mean":-0.291367530823,"median":-0.679109096527,"min":-1.63847398758,"var":1.87531745434},"erbbands_skewness":{"dmean":0.263176888227,"dmean2":0.415417283773,"dvar":0.0532663241029,"dvar2":0.126798257232,"max":4.11316776276,"mean":-0.046091042459,"median":-0.0713629573584,"min":-2.33373713493,"var":0.444753199816},"erbbands_spread":{"dmean":6.48153114319,"dmean2":9.91762256622,"dvar":49.6569290161,"dvar2":109.954101563,"max":114.055458069,"mean":40.144443512,"median":38.9473342896,"min":6.64899778366,"var":198.453659058},"gfcc":{"cov":[[8048.19091797,-1863.81066895,-808.167663574,415.156646729,-819.704345703,13.69435215,-619.471069336,309.657653809,-157.843551636,238.733657837,-192.974655151,97.5542755127,-147.486373901],[-1863.81066895,1324.94604492,-159.266418457,-113.141647339,360.128448486,-170.935714722,285.225982666,-159.929046631,104.784324646,-143.673034668,144.588821411,-100.819244385,100.507225037],[-808.167663574,-159.266418457,734.774291992,-8.19241333008,127.641578674,149.7081604,29.1078548431,44.3368606567,-34.137462616,53.7777290344,-33.1840820313,81.1796798706,-40.7180404663],[415.156646729,-113.141647339,-8.19241333008,269.839202881,-13.9085426331,9.88543128967,-10.2815942764,-0.0927317067981,6.70805835724,-8.00231647491,8.02776145935,12.9990644455,18.1051445007],[-819.704345703,360.128448486,127.641578674,-13.9085426331,337.669769287,2.84618401527,150.402999878,-22.6906738281,13.8320426941,-23.594619751,26.0887527466,-6.18236494064,13.0479707718],[13.69435215,-170.935714722,149.7081604,9.88543128967,2.84618401527,206.895492554,38.7983589172,16.2295188904,-24.5736312866,14.6664438248,-9.94930458069,4.30200910568,-21.3377628326],[-619.471069336,285.225982666,29.1078548431,-10.2815942764,150.402999878,38.7983589172,199.767822266,-34.4557266235,9.81170082092,-35.2766189575,35.9629707336,-20.1995372772,7.63490104675],[309.657653809,-159.929046631,44.3368606567,-0.0927317067981,-22.6906738281,16.2295188904,-34.4557266235,125.549041748,25.5515289307,38.2487411499,-25.1085186005,12.5603370667,-14.4049358368],[-157.843551636,104.784324646,-34.137462616,6.70805835724,13.8320426941,-24.5736312866,9.81170082092,25.5515289307,99.1050567627,7.98624563217,3.54882717133,-23.6242046356,14.6285943985],[238.733657837,-143.673034668,53.7777290344,-8.00231647491,-23.594619751,14.6664438248,-35.2766189575,38.2487411499,7.98624563217,86.3120956421,-4.10592699051,11.2149772644,-20.0767822266],[-192.974655151,144.588821411,-33.1840820313,8.02776145935,26.0887527466,-9.94930458069,35.9629707336,-25.1085186005,3.54882717133,-4.10592699051,78.9304504395,6.80568742752,10.3699121475],[97.5542755127,-100.819244385,81.1796798706,12.9990644455,-6.18236494064,4.30200910568,-20.1995372772,12.5603370667,-23.6242046356,11.2149772644,6.80568742752,77.7362594604,2.42902159691],[-147.486373901,100.507225037,-40.7180404663,18.1051445007,13.0479707718,-21.3377628326,7.63490104675,-14.4049358368,14.6285943985,-20.0767822266,10.3699121475,2.42902159691,63.5122795105]],"icov":[[0.000366817956092,-0.000048544305173,0.000641406630166,-0.000600991479587,0.000260341155808,-0.000288464769255,0.00045737446635,-0.000619686499704,0.00070042401785,-0.00076780107338,0.000679971941281,-0.000593896780629,0.000672894122545],[-0.000048544305173,0.00404386781156,-0.000519155699294,0.00179781403858,-0.00213859300129,0.00275724334642,-0.00227016955614,0.00197637802921,-0.00279864226468,0.0034015586134,-0.0048275119625,0.00348706450313,-0.00289586721919],[0.000641406630166,-0.000519155699294,0.00342264189385,-0.00116307917051,-0.000459382485133,-0.00222610123456,0.00124472088646,-0.00120329367928,0.00138681661338,-0.00254655699246,0.00282442918979,-0.00378439947963,0.00231995107606],[-0.000600991479587,0.00179781403858,-0.00116307917051,0.00559605937451,-0.0012418020051,0.00113426381722,-0.00132875959389,0.00181741884444,-0.00276902853511,0.00313617405482,-0.00351603492163,0.00167915190104,-0.00323438481428],[0.000260341155808,-0.00213859300129,-0.000459382485133,-0.0012418020051,0.00644401367754,-0.000275111931842,-0.00236651836894,-0.00151948269922,0.00177352887113,-0.00215462385677,0.00272567407228,-0.00167787575629,0.00110145041253],[-0.000288464769255,0.00275724334642,-0.00222610123456,0.00113426381722,-0.000275111931842,0.00877508893609,-0.00430441647768,0.000805680057965,-0.000552804209292,0.00210068048909,-0.00337154255249,0.00420025689527,-0.00189765298273],[0.00045737446635,-0.00227016955614,0.00124472088646,-0.00132875959389,-0.00236651836894,-0.00430441647768,0.0115337604657,-0.000917766185012,0.00128797767684,-0.00000491998662255,0.000275666563539,-0.00112562358845,0.00297662965022],[-0.000619686499704,0.00197637802921,-0.00120329367928,0.00181741884444,-0.00151948269922,0.000805680057965,-0.000917766185012,0.0130751663819,-0.00632612174377,-0.000414408685174,-0.000270441436442,-0.0000362030004908,-0.000825820257887],[0.00070042401785,-0.00279864226468,0.00138681661338,-0.00276902853511,0.00177352887113,-0.000552804209292,0.00128797767684,-0.00632612174377,0.0167670883238,-0.00556410523131,0.00334588577971,0.00165984441992,-0.00063649500953],[-0.00076780107338,0.0034015586134,-0.00254655699246,0.00313617405482,-0.00215462385677,0.00210068048909,-0.00000491998662255,-0.000414408685174,-0.00556410523131,0.0202392749488,-0.00765733001754,0.00334255746566,0.000164274606504],[0.000679971941281,-0.0048275119625,0.00282442918979,-0.00351603492163,0.00272567407228,-0.00337154255249,0.000275666563539,-0.000270441436442,0.00334588577971,-0.00765733001754,0.0229263044894,-0.00895696785301,0.00365246925503],[-0.000593896780629,0.00348706450313,-0.00378439947963,0.00167915190104,-0.00167787575629,0.00420025689527,-0.00112562358845,-0.0000362030004908,0.00165984441992,0.00334255746566,-0.00895696785301,0.0221640858799,-0.0066302055493],[0.000672894122545,-0.00289586721919,0.00231995107606,-0.00323438481428,0.00110145041253,-0.00189765298273,0.00297662965022,-0.000825820257887,-0.00063649500953,0.000164274606504,0.00365246925503,-0.0066302055493,0.0227463711053]],"mean":[8.80247497559,109.187705994,-127.058456421,35.4950561523,-47.6322822571,3.08819627762,-45.8927726746,4.19677829742,-25.99659729,-5.00355672836,-19.5710639954,-6.96511697769,-15.8091573715]},"hfc":{"dmean":4.89885282516,"dmean2":7.42366886139,"dvar":51.0797920227,"dvar2":113.015258789,"max":141.516983032,"mean":22.3281021118,"median":18.328578949,"min":1.22233762901e-16,"var":242.01222229},"melbands":{"dmean":[0.000569449795876,0.00110214133747,0.000974048511125,0.000669603061397,0.000264002301265,0.000134511908982,0.000184960736078,0.000135791036882,0.000130339016323,0.0000712945329724,0.0000345798471244,0.0000401850484195,0.0000289935978799,0.0000316266414302,0.0000232309703279,0.000031192885217,0.0000363697472494,0.0000512954502483,0.0000271644876193,0.0000347278437403,0.0000282601504296,0.0000164797784237,0.0000218680397666,0.0000173685930349,0.00000847490628075,0.00000552571964363,0.00000407909828937,0.00000440707663074,0.00000309776737595,0.00000192845732272,0.00000122037261008,9.21299260881e-7,0.00000103712181954,0.00000111290000859,9.25187976009e-7,7.47646652144e-7,6.15962903794e-7,4.36810978499e-7,3.76207367481e-7,3.06413340923e-7],"dmean2":[0.000934282783419,0.0017805286916,0.00170207943302,0.00110749085434,0.00042095448589,0.000217293549213,0.000287737202598,0.000204204436159,0.000195742191863,0.000109118125692,0.0000504264462506,0.000061020557041,0.0000442390519311,0.0000486661083414,0.0000354754338332,0.0000482049399579,0.0000565925365663,0.0000810835408629,0.0000415129579778,0.0000542161178601,0.0000457015958091,0.000026794092264,0.0000352029492205,0.0000282435721601,0.0000137851593536,0.00000914559768717,0.00000671417592457,0.00000721714832252,0.00000500072610521,0.00000313284454023,0.00000205300170819,0.00000150586367909,0.00000165650760664,0.00000172278487298,0.00000141070063364,0.00000112108068606,9.46082138853e-7,6.86666567162e-7,5.79126322009e-7,4.69554890969e-7],"dvar":[0.00000379067728318,0.00000678601600157,0.000002927965852,8.18226851607e-7,1.42213906429e-7,5.05634183412e-8,1.19194091042e-7,9.19875162708e-8,9.70680957835e-8,2.45503830598e-8,5.79017989111e-9,8.92173002143e-9,4.56646453983e-9,4.78596451359e-9,4.17067402836e-9,9.76927605478e-9,1.29855433073e-8,2.06024104443e-8,4.37398162134e-9,7.24165971633e-9,2.70464584062e-9,1.07622599721e-9,1.46440937154e-9,9.25295950971e-10,2.27830559973e-10,7.9058169733e-11,5.4710940639e-11,6.95913465742e-11,4.3877821515e-11,2.13025742879e-11,9.66886466724e-12,4.9056067368e-12,5.87468095004e-12,1.04346652846e-11,1.00410417828e-11,1.05048383187e-11,6.24338037866e-12,1.79164235531e-12,1.08526479903e-12,8.87004011907e-13],"dvar2":[0.00000894755885383,0.0000170307721419,0.00000831120905787,0.00000224975838137,3.78721324523e-7,1.24164628801e-7,2.73998125522e-7,2.02185105991e-7,2.08218835951e-7,5.50782282005e-8,1.13866018836e-8,1.94798754904e-8,1.14317062483e-8,1.08483630967e-8,8.69373462109e-9,2.26149001747e-8,3.04686409436e-8,5.0066983448e-8,9.37873867457e-9,1.55401878033e-8,6.30721741501e-9,2.73747113866e-9,3.55618379189e-9,2.26288454641e-9,5.09626563172e-10,1.99799357614e-10,1.43343101278e-10,1.71695380136e-10,1.03036440491e-10,5.4252474041e-11,2.67883458471e-11,1.24040621524e-11,1.36704866177e-11,2.27171562811e-11,2.12178347808e-11,2.08665185825e-11,1.34525255518e-11,4.26016210156e-12,2.44806583859e-12,1.96170033342e-12],"max":[0.0212870389223,0.0312926657498,0.0185663811862,0.012655550614,0.00839001964778,0.00556720001623,0.0071339099668,0.00720186345279,0.00748318759724,0.00452019413933,0.00244178553112,0.00328548415564,0.00278846826404,0.00268761557527,0.0025931308046,0.00273481570184,0.00379233644344,0.0036448398605,0.00240879575722,0.00296273641288,0.00154771399684,0.00149573199451,0.000814363593236,0.000528394011781,0.000442844087956,0.000238868495217,0.000173387627001,0.000212368933717,0.000175554043381,0.00012723216787,0.0000583228684263,0.0000537884407095,0.0000703833502484,0.0000995246882667,0.000144777324749,0.000125522477902,0.00013868357928,0.0000528823802597,0.0000351568887709,0.0000407937804994],"mean":[0.000606504734606,0.00198744796216,0.00168027041946,0.00130388105754,0.000605162931606,0.000296271347906,0.000405690196203,0.000323950458551,0.000294582743663,0.000155818706844,0.0000846002949402,0.0000878300561453,0.0000583824694331,0.0000593251534156,0.0000475614324387,0.0000595118872297,0.0000667904678266,0.0000939229939831,0.0000541332337889,0.0000677555362927,0.0000528125638084,0.0000324961583829,0.0000439977193309,0.0000364144289051,0.0000187330242625,0.0000111696754175,0.00000839637505123,0.00000939629899221,0.00000658850012769,0.00000350769437318,0.00000193345726984,0.00000157497322562,0.00000199229384634,0.00000223383040066,0.00000170654107023,0.00000121131370179,9.86443069451e-7,7.21428648376e-7,6.03305409186e-7,4.59102807326e-7],"median":[0.000185540062375,0.0012050231453,0.00130245741457,0.000988592510112,0.000433896639151,0.000176948407898,0.000179427355761,0.000133651221404,0.0001069594,0.0000614911186858,0.0000370047127944,0.0000426851511293,0.0000302301341435,0.0000305204084725,0.0000266867209575,0.0000276506107184,0.000026025747502,0.0000338662575814,0.0000248141441261,0.0000273985278909,0.00002643705011,0.0000196670480364,0.0000232091679209,0.0000175155510078,0.0000104996670416,0.00000714011503078,0.00000449539948022,0.00000473173395221,0.0000026939151212,0.00000139890039463,8.73550675351e-7,6.97366772329e-7,8.63889226821e-7,8.12208497791e-7,5.5578300362e-7,3.1770346709e-7,3.17595606703e-7,2.80779545392e-7,2.23937462351e-7,1.32746436066e-7],"min":[5.14699160701e-24,3.89141376899e-24,2.37322216347e-24,3.9569069735e-24,1.89351371708e-23,5.87769334757e-24,2.82403782979e-24,2.50763676476e-24,1.14131204587e-23,7.53941109504e-24,5.84410010035e-24,5.63406982864e-24,7.05525481421e-24,3.57606977757e-24,1.00836799964e-23,1.1450442257e-23,2.84746001726e-23,1.50773217766e-23,5.99391859132e-24,6.14639751569e-24,1.10876482822e-23,1.14470146564e-23,8.53846477732e-24,9.06809810048e-24,8.37272273455e-24,1.38120819703e-23,1.04844134477e-23,1.66437265885e-23,1.10162989687e-23,8.0269003132e-24,8.50893534706e-24,6.47330896899e-24,7.28717203174e-24,8.09723278493e-24,1.15715371391e-23,1.35786248962e-23,1.22745770776e-23,8.34939059556e-24,1.07959724845e-23,1.18335012797e-23],"var":[0.00000330667171511,0.00000723323591956,0.0000027674748253,0.00000135524646794,3.84048234991e-7,1.35429147008e-7,3.68879568668e-7,3.03223345099e-7,3.75723772095e-7,9.51879854938e-8,2.77011089622e-8,3.22620792303e-8,1.2331727639e-8,1.07569944063e-8,9.64597290931e-9,1.82932566872e-8,3.09439869284e-8,5.32654880203e-8,1.12397282592e-8,2.2079758466e-8,7.82073250605e-9,2.1648820514e-9,4.10411038487e-9,2.81350298614e-9,7.04247715699e-10,1.90750207296e-10,1.40971997964e-10,2.02819427919e-10,1.49272844086e-10,5.11028649952e-11,1.12999644364e-11,7.54913579565e-12,1.31778216811e-11,2.64555790469e-11,2.42658358685e-11,2.45505057256e-11,1.14386928748e-11,2.92538931447e-12,2.05529061652e-12,1.79986938981e-12]},"melbands_crest":{"dmean":2.97657585144,"dmean2":4.94171953201,"dvar":8.47376060486,"dvar2":22.6830596924,"max":31.0686378479,"mean":13.8180112839,"median":12.9150152206,"min":1.35646772385,"var":26.0044975281},"melbands_flatness_db":{"dmean":0.0234310030937,"dmean2":0.0368888564408,"dvar":0.000681060540956,"dvar2":0.00169590080623,"max":0.600561857224,"mean":0.204968705773,"median":0.190218597651,"min":0.000973426154815,"var":0.00579387554899},"melbands_kurtosis":{"dmean":6.25890541077,"dmean2":10.182636261,"dvar":174.909332275,"dvar2":432.588500977,"max":304.380706787,"mean":13.9645738602,"median":7.29605722427,"min":-1.67331063747,"var":593.289489746},"melbands_skewness":{"dmean":0.664520978928,"dmean2":1.04558897018,"dvar":0.735651254654,"dvar2":1.74350750446,"max":13.6128520966,"mean":2.80482745171,"median":2.53490877151,"min":-0.664857029915,"var":2.69546103477},"melbands_spread":{"dmean":6.17514657974,"dmean2":9.92891788483,"dvar":53.701084137,"dvar2":134.81867981,"max":140.035751343,"mean":22.8927993774,"median":20.4539489746,"min":0.379519969225,"var":196.181045532},"mfcc":{"cov":[[5511.20703125,-1000.94665527,-360.153015137,-122.93473053,-169.368453979,-318.438598633,-351.386199951,-141.744522095,-77.0309448242,29.6929607391,-43.2260398865,37.3230323792,14.0257644653],[-1000.94665527,1150.67578125,-342.59487915,118.405937195,1.21081137657,22.9394359589,90.9246063232,18.3449668884,-17.0982379913,-0.407560378313,30.360244751,-38.4141845703,-11.4135913849],[-360.153015137,-342.59487915,573.472045898,-51.7493400574,81.6634521484,83.3357925415,44.3696136475,32.9597396851,26.8150177002,-8.19990921021,-0.941970288754,38.0093803406,17.6947383881],[-122.93473053,118.405937195,-51.7493400574,250.629364014,42.5710372925,13.2811098099,6.89558458328,16.1795310974,8.88144779205,-18.2663612366,-12.7038650513,12.1883907318,16.8752212524],[-169.368453979,1.21081137657,81.6634521484,42.5710372925,148.030609131,24.08634758,28.3296489716,13.8650140762,40.9290962219,-5.55328273773,11.368016243,15.4638061523,11.1925916672],[-318.438598633,22.9394359589,83.3357925415,13.2811098099,24.08634758,176.575744629,100.178924561,35.8067970276,-0.913577437401,8.00082302094,7.21828794479,-13.842007637,-13.4203634262],[-351.386199951,90.9246063232,44.3696136475,6.89558458328,28.3296489716,100.178924561,174.066574097,51.1756248474,0.135412424803,3.44876122475,24.0156993866,-11.0527362823,-12.1729831696],[-141.744522095,18.3449668884,32.9597396851,16.1795310974,13.8650140762,35.8067970276,51.1756248474,93.5059890747,18.1644001007,0.268821448088,7.57029008865,0.0331146121025,-2.68833303452],[-77.0309448242,-17.0982379913,26.8150177002,8.88144779205,40.9290962219,-0.913577437401,0.135412424803,18.1644001007,101.483589172,25.1310367584,2.87367320061,9.14105033875,5.27866840363],[29.6929607391,-0.407560378313,-8.19990921021,-18.2663612366,-5.55328273773,8.00082302094,3.44876122475,0.268821448088,25.1310367584,86.2241363525,22.7828578949,3.34921860695,-2.04546618462],[-43.2260398865,30.360244751,-0.941970288754,-12.7038650513,11.368016243,7.21828794479,24.0156993866,7.57029008865,2.87367320061,22.7828578949,71.6911087036,11.8184080124,-4.61653757095],[37.3230323792,-38.4141845703,38.0093803406,12.1883907318,15.4638061523,-13.842007637,-11.0527362823,0.0331146121025,9.14105033875,3.34921860695,11.8184080124,72.8220062256,19.6426486969],[14.0257644653,-11.4135913849,17.6947383881,16.8752212524,11.1925916672,-13.4203634262,-12.1729831696,-2.68833303452,5.27866840363,-2.04546618462,-4.61653757095,19.6426486969,64.2202453613]],"icov":[[0.000294419005513,0.000331068964442,0.00033009526669,0.0000228497156058,0.0000122237424875,0.000208319077501,0.00020157515246,0.0000235846018768,0.000231055964832,-0.000156402747962,0.00000961934802035,-0.000104625090898,-0.0000131001470436],[0.000331068964442,0.00158216687851,0.00112398120109,-0.000361506245099,-0.000176267581992,0.000198632624233,-0.000464740558527,0.0000221989830607,0.00034617818892,-0.0000982585916063,-0.000384099461371,0.000205312069738,-0.000142739401781],[0.00033009526669,0.00112398120109,0.00311946985312,0.000688700412866,-0.001256042975,-0.000959406490438,-0.0000120232480185,-0.000458981550764,0.000202522860491,0.000236071966356,0.000310324685415,-0.00117728288751,-0.000542623340152],[0.0000228497156058,-0.000361506245099,0.000688700412866,0.00488481344655,-0.00153756607324,-0.000728293263819,0.000479790061945,-0.000870784569997,0.0000466784877062,0.000739565643016,0.00117376388516,-0.00109695503488,-0.000932699011173],[0.0000122237424875,-0.000176267581992,-0.001256042975,-0.00153756607324,0.0094362301752,-0.000262108369498,-0.00101221934892,0.000882895663381,-0.00383414467797,0.00182007276453,-0.00182105391286,-0.000500459922478,-0.000742871314287],[0.000208319077501,0.000198632624233,-0.000959406490438,-0.000728293263819,-0.000262108369498,0.00951315928251,-0.00460930401459,-0.000572570366785,0.00100195838604,-0.00158622593153,0.000913006544579,0.00128154025879,0.00112232251558],[0.00020157515246,-0.000464740558527,-0.0000120232480185,0.000479790061945,-0.00101221934892,-0.00460930401459,0.0106372274458,-0.00356711237691,0.000934247102123,0.000317545607686,-0.00238534575328,0.000684275000822,0.000383329956094],[0.0000235846018768,0.0000221989830607,-0.000458981550764,-0.000870784569997,0.000882895663381,-0.000572570366785,-0.00356711237691,0.0136816753075,-0.00281140510924,0.000975268078037,-0.000653025810607,-0.000105573271867,0.000224628558499],[0.000231055964832,0.00034617818892,0.000202522860491,0.0000466784877062,-0.00383414467797,0.00100195838604,0.000934247102123,-0.00281140510924,0.0132551910356,-0.00466600200161,0.00153753790073,-0.000581615313422,-0.0000697131254128],[-0.000156402747962,-0.0000982585916063,0.000236071966356,0.000739565643016,0.00182007276453,-0.00158622593153,0.000317545607686,0.000975268078037,-0.00466600200161,0.0146884704009,-0.00473449472338,-0.000114499292977,-0.000244315102464],[0.00000961934802035,-0.000384099461371,0.000310324685415,0.00117376388516,-0.00182105391286,0.000913006544579,-0.00238534575328,-0.000653025810607,0.00153753790073,-0.00473449472338,0.0175437703729,-0.00363799114712,0.00166109937709],[-0.000104625090898,0.000205312069738,-0.00117728288751,-0.00109695503488,-0.000500459922478,0.00128154025879,0.000684275000822,-0.000105573271867,-0.000581615313422,-0.000114499292977,-0.00363799114712,0.0169617887586,-0.00425307499245],[-0.0000131001470436,-0.000142739401781,-0.000542623340152,-0.000932699011173,-0.000742871314287,0.00112232251558,0.000383329956094,0.000224628558499,-0.0000697131254128,-0.000244315102464,0.00166109937709,-0.00425307499245,0.0178077928722]],"mean":[-628.227172852,133.982772827,-14.6047439575,30.9708824158,12.4925336838,0.684309005737,-5.12182664871,0.924552023411,-5.59200191498,-0.434084147215,-3.73750114441,-3.76111745834,-4.66513490677]},"pitch_salience":{"dmean":0.066306963563,"dmean2":0.109368912876,"dvar":0.00455343630165,"dvar2":0.0122236339375,"max":0.98121291399,"mean":0.55748963356,"median":0.574122667313,"min":0.0799998641014,"var":0.0122562274337},"silence_rate_20dB":{"dmean":0,"dmean2":0,"dvar":0,"dvar2":0,"max":1,"mean":1,"median":1,"min":1,"var":0},"silence_rate_30dB":{"dmean":0,"dmean2":0,"dvar":0,"dvar2":0,"max":1,"mean":1,"median":1,"min":1,"var":0},"silence_rate_60dB":{"dmean":0.000243338610744,"dmean2":0.000486736418679,"dvar":0.000243278584094,"dvar2":0.000486501026899,"max":1,"mean":0.0204379558563,"median":0,"min":0,"var":0.0200202744454},"spectral_centroid":{"dmean":219.050674438,"dmean2":356.957183838,"dvar":63646.9765625,"dvar2":160594.703125,"max":11315.3408203,"mean":1272.39831543,"median":1240.00341797,"min":126.552322388,"var":282547.9375},"spectral_complexity":{"dmean":3.14296150208,"dmean2":5.16208314896,"dvar":11.1748065948,"dvar2":27.4556064606,"max":50,"mean":23.1448898315,"median":23,"min":0,"var":52.8984489441},"spectral_contrast_coeffs":{"dmean":[0.0510696917772,0.0402466282248,0.0329473949969,0.0293790511787,0.0233631450683,0.0194534454495],"dmean2":[0.0842496082187,0.0660213753581,0.052645009011,0.0468236766756,0.0369923636317,0.0305795427412],"dvar":[0.00180569698568,0.00109053542838,0.0007457282627,0.000587662507314,0.000408809632063,0.000350394198904],"dvar2":[0.00480829318985,0.00281101209112,0.0018609710969,0.00141309248284,0.000925768050365,0.000834715552628],"max":[-0.308539301157,-0.445985466242,-0.515495479107,-0.520051717758,-0.586036324501,-0.605527877808],"mean":[-0.574145138264,-0.715245008469,-0.746608972549,-0.750037550926,-0.751883029938,-0.760418891907],"median":[-0.57445949316,-0.719288825989,-0.750464558601,-0.754871845245,-0.752810895443,-0.761942386627],"min":[-0.991145610809,-0.975104153156,-0.975479602814,-0.976547598839,-0.980179727077,-0.969434678555],"var":[0.00463706767187,0.00493733817711,0.00315853348002,0.0027727058623,0.00207707704976,0.00159768329468]},"spectral_contrast_valleys":{"dmean":[0.400924533606,0.295636236668,0.272437155247,0.234289497137,0.22993953526,0.340891242027],"dmean2":[0.651088118553,0.487369120121,0.445783764124,0.379957973957,0.362076222897,0.434971511364],"dvar":[0.127658680081,0.0691079199314,0.068856164813,0.0612878613174,0.0794905349612,0.177554801106],"dvar2":[0.288176357746,0.162458315492,0.153431147337,0.125809252262,0.156869158149,0.269814223051],"max":[-5.3128619194,-5.10274028778,-5.30788612366,-5.80519151688,-5.75135135651,-7.43277931213],"mean":[-7.16685199738,-6.60702896118,-7.41381072998,-7.49899291992,-7.47915840149,-10.4523115158],"median":[-7.05825090408,-6.4884595871,-7.34328746796,-7.36562681198,-7.30237579346,-10.2144145966],"min":[-27.1092319489,-27.0125370026,-27.5408267975,-27.4381256104,-27.3888664246,-27.2510757446],"var":[0.733062326908,0.735585093498,0.630444765091,0.808384180069,1.13137578964,1.66694557667]},"spectral_decrease":{"dmean":1.95987892582e-9,"dmean2":3.11247094764e-9,"dvar":7.90717084945e-18,"dvar2":1.82257783253e-17,"max":7.42616257805e-29,"mean":-7.36028171744e-9,"median":-6.86979451103e-9,"min":-3.05756593377e-8,"var":1.33474045621e-17},"spectral_energy":{"dmean":0.00764067424461,"dmean2":0.0120605751872,"dvar":0.000115720875328,"dvar2":0.000265384616796,"max":0.117726959288,"mean":0.0298047270626,"median":0.0277896113694,"min":1.08066825334e-20,"var":0.000210771991988},"spectral_energyband_high":{"dmean":0.000275561353192,"dmean2":0.000421564880526,"dvar":3.44641904348e-7,"dvar2":7.67206870478e-7,"max":0.017434200272,"mean":0.00065352814272,"median":0.000335375661962,"min":8.05543457966e-21,"var":0.00000100137276604},"spectral_energyband_low":{"dmean":0.00467992806807,"dmean2":0.00737947318703,"dvar":0.000102111975139,"dvar2":0.000226133139222,"max":0.10836648941,"mean":0.00904534477741,"median":0.00631794333458,"min":2.72941140041e-23,"var":0.000125054575619},"spectral_energyband_middle_high":{"dmean":0.00170782429632,"dmean2":0.0025944323279,"dvar":0.00000666583446218,"dvar2":0.0000142324906847,"max":0.0507801547647,"mean":0.00653772614896,"median":0.00462019816041,"min":1.58729416421e-21,"var":0.0000376247808163},"spectral_energyband_middle_low":{"dmean":0.00482794875279,"dmean2":0.0080125965178,"dvar":0.0000437392300228,"dvar2":0.000119655014714,"max":0.086711935699,"mean":0.015198757872,"median":0.0139683466405,"min":2.15122671776e-22,"var":0.0000756200461183},"spectral_entropy":{"dmean":0.134534358978,"dmean2":0.198929339647,"dvar":0.0218951031566,"dvar2":0.0454460307956,"max":9.79441070557,"mean":7.41525173187,"median":7.44799900055,"min":4.91664361954,"var":0.195042133331},"spectral_flux":{"dmean":0.0232783835381,"dmean2":0.0363118462265,"dvar":0.000804606010206,"dvar2":0.00163788488135,"max":0.308845102787,"mean":0.0820267349482,"median":0.0727196782827,"min":1.03955191677e-10,"var":0.00192059355322},"spectral_kurtosis":{"dmean":2.00246286392,"dmean2":3.43395972252,"dvar":7.34218835831,"dvar2":21.0516452789,"max":76.2903823853,"mean":6.16381168365,"median":4.85153961182,"min":-1.1989428997,"var":46.8026390076},"spectral_rms":{"dmean":0.000651832204312,"dmean2":0.00101364625152,"dvar":6.41221106434e-7,"dvar2":0.00000141142561461,"max":0.0107170687988,"mean":0.00521711772308,"median":0.00520690064877,"min":3.24701463633e-12,"var":0.00000185942940334},"spectral_rolloff":{"dmean":413.745849609,"dmean2":702.390136719,"dvar":380624.9375,"dvar2":898674.6875,"max":18798.4863281,"mean":1403.01953125,"median":1335.05859375,"min":86.1328125,"var":1126649},"spectral_skewness":{"dmean":0.223737046123,"dmean2":0.377638310194,"dvar":0.0531179793179,"dvar2":0.149027600884,"max":7.2372341156,"mean":1.64620161057,"median":1.55175638199,"min":-0.0326088070869,"var":0.418695211411},"spectral_spread":{"dmean":463310.8125,"dmean2":616543.375,"dvar":439505387520,"dvar2":642394816512,"max":40411164,"mean":3826361.25,"median":3602182.5,"min":1079208.25,"var":1776699834370},"spectral_strongpeak":{"dmean":0.542292058468,"dmean2":0.92870247364,"dvar":1.14339399338,"dvar2":2.81188368797,"max":13.3851919174,"mean":1.0084643364,"median":0.551304578781,"min":0,"var":2.0179207325},"zerocrossingrate":{"dmean":0.00742705538869,"dmean2":0.00917550455779,"dvar":0.0000721646356396,"dvar2":0.0000941771650105,"max":0.49853515625,"mean":0.0525543279946,"median":0.05078125,"min":0.00048828125,"var":0.00064672937151}},"metadata":{"audio_properties":{"analysis_sample_rate":44100,"bit_rate":192000,"codec":"mp3","downmix":"mix","equal_loudness":0,"length":190.824493408,"lossless":false,"md5_encoded":"c721e1b0d2bda11c7971f6b8e54a98cf","replay_gain":-4.99432182312,"sample_rate":44100},"tags":{"acoustid_fingerprint":["AQADtFGSaooL7ULOgJOHK9fQX_B4_PhxHw6Jlwm-HanKHMn4HF-uxGBIPST8CDNxZUelBfXR3DiV43ku41qIZFWyBGGOv8JT4so6o2qGJlGMXQRLZmiuY-KPM8ijI09Qyh8u5YH_oQeaGpWsHMfxY2eL3vCT49zQrMFz4bOJXlGOT_mgM4f1HAyP8wrmO2iu4xKeJcdzXHfgXEI34mKU4HuO5Aj5Dd5j9MnwYoyi43oOBtusTEZ7HGGujKhFnNEudJaK_MeZD9aMCv3RcFKOR7hoI8zjptDGQeOD1Ee7oNF_VJ8VoNfRhMIu4zGRiFqS0oiU8VFQ3agYw5NwXhbOo9GxZ8E55EZCvGbAK8dTHht-4hMaJWNulJo-nMaTGWEm8RnaG5eO9MXTZzh11EeYE33QXMe5I7pQOScs-An-F79xZsNT3Mc3dEuYI_eDZAX1pMXERsuCvsGfw2GCa_gI702OmjhVXNqR-B9C8fDRx8Wzk3j0EH2DKaHxJeDiZUbCL0b0Iz_KaxCrXEjjo8fFHJWYHP6x86A-Y7KyHLly9CGcfQxSPfBvof9xNjh3NE-HzsP-IauVI_nB5OrRq8FkRzk8JShDPCma6-h5nM6RR0cyK8eUxTtO8FFi7Grg-MJ7XMePPsZrwkcfhHcJ8TLyo7mOO8dzPC96BtM-PAu0B8eP8-gj4j6efMWPJ4efQ_7xvALLo2SuFJv0EJfS4krhX-jxE8-SKGgSRkaoI_kDfA6e48ox_XBFMMoxGskQhs9x1O9gh4ejfojTC8lRO2HwhsLxC2MyLUezXJER6WGEvLiNXxb6w5MyvCdOp2h-_B-uLDHyaDqSSZoX_Mabw6jS4koQOg6R_EIv4cTAiQnxiTmSNTnSuEd__MUnnEOpZMLh_MWPUj64KUcp5Uh1UcbNHB98_ChHvA90_gjlPMGmw27QE7VyHL9JuGJQGq-OXFJyJA4vEv1xvbgeZsMtVLZRakqOhtfwIqc2HTqaZ8F9ohEPxUyJczMYZjV8HbmSopaJPTrqF_MPZ0FIJTjk5qgsgVeWI08O74ePPpJ48Ed1NFqOR1lQUjr840ejKxXOhKPwRPlQPkiWc8i-tHiyg9FZNMpj7DHKNUOj5uifIEzwCr9yhGt0eFF0xJIeiP-RRzlqLUel7bAmGpWCHw9m64j3bAqk74i6JDlK6cSzwzfeloJRcUT0QS9ypmh2nCR-4SFzHA9_WDfOX7iOXUXCI4-F2TLufAN_7CyufISXCI5TCdXx-MUXTRH6BDk_JIdr9MxxndhBsplSXCym_OiLH_8RXinhMMmK0PfwLcdjGjdq5TDho_xxfUOy50iP00f-HMn-FT-aD904nDquRVi1R0HyF9lP9OGM5uyxX8eT48f74L-R_MiJpsmErkF_OEdTZQmFKz_-YHrAJMzxBc-FiZYVI4d4BrkYXDPuE196HP4V1MrQ-wiTE0pz5PGEJz-aED166fh5bIvzotuFH7WQHsmfD3tJnPkC_ngwSoap5Dhp-E7QD7eQZ4m0IlnO4_2EX_DYwj9-PCS2LE7B4y22H9UX_MV5NGmm40TzXPhN3PFx5kdz9Dv6Y3tyHB9xvjh5pD-uC_WLR