{"lowlevel":{"average_loudness":0.473924010992,"barkbands":{"dmean":[0.00416187895462,0.00920036993921,0.00201981980354,0.00101350899786,0.00138298748061,0.000962515128776,0.000833622878417,0.000492682040203,0.000760144670494,0.000568593502976,0.000567706651054,0.000821960391477,0.000442064832896,0.000336432771292,0.000246588984737,0.00011568103946,0.000104935046693,0.000122876284877,0.0000871545416885,0.0000667898420943,0.0000392317233491,0.0000193814794329,0.0000122383798953,0.00000410178290622,0.00000220773722504,0.0000200630147447,0.000184629068826],"dmean2":[0.0068263146095,0.0152299888432,0.00342427263968,0.00171282223891,0.00234217918478,0.00160335318651,0.00136313051917,0.00082515750546,0.00125342747197,0.000948016706388,0.000949179695453,0.00136752100661,0.000741816300433,0.000564075424336,0.000408883584896,0.00019133456226,0.000174229586264,0.000196318535018,0.00013384182239,0.000104093516711,0.0000590431991441,0.0000285972491838,0.0000180415154318,0.00000638878918835,0.00000364448396795,0.0000294222427328,0.000271599565167],"dvar":[0.0000547151539649,0.000221328897169,0.0000180365241249,0.00000492694516652,0.00000968821677816,0.00000640824055154,0.00000630744898444,0.0000017728224293,0.00000463161495645,0.0000020918289465,0.00000257130272985,0.00000253816824625,7.84179121638e-7,3.93162395085e-7,2.15624197608e-7,5.79272061429e-8,4.09694180803e-8,7.27853617377e-8,4.6744641935e-8,3.35319754186e-8,3.74324216068e-8,6.33145669227e-9,1.4745304977e-9,1.03674895058e-10,1.98583233191e-11,6.89852086566e-9,1.56552403041e-7],"dvar2":[0.000141264798003,0.000588185153902,0.0000486638055008,0.000013274653611,0.0000272810193565,0.000017114871298,0.0000157448248501,0.00000465375251224,0.0000120821432574,0.00000549755941393,0.00000675490400681,0.00000691437708156,0.00000216964122046,0.00000109923632863,5.67754341319e-7,1.51854379737e-7,1.0579441323e-7,1.78103817916e-7,1.03757827219e-7,7.41006900284e-8,8.05957043326e-8,1.29751409617e-8,3.02812241948e-9,2.33621844092e-10,5.00206022436e-11,1.48680703305e-8,3.23043366279e-7],"max":[0.117325782776,0.245829492807,0.0778262466192,0.0638042017817,0.0616998523474,0.0556578524411,0.0720920115709,0.0542048737407,0.0429884679615,0.0427606292069,0.0564039573073,0.0361212454736,0.015846459195,0.0143528571352,0.0132004739717,0.00551140774041,0.00499966647476,0.00808848720044,0.014088222757,0.0118197854608,0.0135542126372,0.00626231450588,0.00190703826956,0.000554023834411,0.0000711368702468,0.0049955220893,0.0192728396505],"mean":[0.00593923358247,0.0141965327784,0.00259614852257,0.00136811984703,0.0021122188773,0.00146823783871,0.00121587037574,0.000713351822924,0.00121784210205,0.000915297016036,0.000998280593194,0.00146654888522,0.000779827591032,0.000627967354376,0.0004858430475,0.000221648471779,0.000211088423384,0.00022900851036,0.000175880268216,0.000145984638948,0.000082318096247,0.000042603140173,0.0000208281489904,0.00000599048235017,0.00000227741384151,0.0000317923622788,0.00063577585388],"median":[0.0030095805414,0.00654758326709,0.000751755025703,0.000245616713073,0.000524263130501,0.000248010677751,0.000135698297527,0.000118440169899,0.000135772846988,0.000151988628204,0.000128165120259,0.000275816069916,0.000163644610438,0.000130733445985,0.000127846462419,0.0000546678056708,0.000046233923058,0.0000459318544017,0.0000311592011712,0.0000251529090747,0.0000139947587741,0.00000688616000843,0.00000326170993503,0.00000139125450005,5.13407314884e-7,0.000004259061825,0.00015145757061],"min":[2.35035624127e-24,1.03465150394e-23,8.6404416154e-24,1.08681059257e-23,2.24737747096e-23,3.18841138029e-23,2.24889760592e-23,2.94977527666e-23,5.14562798205e-23,6.90575147318e-23,5.14805420265e-23,3.67806712604e-23,1.49892565006e-23,7.3441441974e-23,9.60574467271e-23,9.5787738339e-23,1.11261825597e-22,1.6863508601e-22,2.14686488494e-22,2.30761403771e-22,2.6389469775e-22,5.82001330546e-22,5.61686281592e-22,7.23667824426e-22,1.04360961274e-21,1.67419134548e-21,1.97304265351e-21],"var":[0.0000745540019125,0.000385275343433,0.0000230512669077,0.00000803343573352,0.0000147460677908,0.0000112753605208,0.0000124242951642,0.00000340655583386,0.00000964528953773,0.00000375696163246,0.00000944339353737,0.00000594284438193,0.00000171794431481,9.1131840918e-7,5.25234838733e-7,1.28933450583e-7,1.04574112925e-7,1.71339678445e-7,1.1308635095e-7,8.04278883493e-8,7.7465720949e-8,1.7762911142e-8,3.34165295435e-9,1.86976836791e-10,2.26067393971e-11,1.39732883042e-8,9.95798473014e-7]},"barkbands_crest":{"dmean":3.14203763008,"dmean2":5.23571538925,"dvar":6.67396450043,"dvar2":17.4799251556,"max":25.6817245483,"mean":12.6397972107,"median":12.7603120804,"min":2.4699306488,"var":20.5531921387},"barkbands_flatness_db":{"dmean":0.0456987135112,"dmean2":0.0724446251988,"dvar":0.00226359511726,"dvar2":0.00607986049727,"max":0.62779712677,"mean":0.211294546723,"median":0.180300444365,"min":0.0338180400431,"var":0.0123834284022},"barkbands_kurtosis":{"dmean":27.4270095825,"dmean2":45.1556053162,"dvar":2341.46948242,"dvar2":6279.43408203,"max":776.539367676,"mean":50.7636680603,"median":10.6905727386,"min":-1.8089196682,"var":5544.05224609},"barkbands_skewness":{"dmean":1.32719540596,"dmean2":2.13245749474,"dvar":2.38645744324,"dvar2":6.24090385437,"max":19.1592006683,"mean":4.17641592026,"median":2.82155513763,"min":-1.86090350151,"var":11.0502147675},"barkbands_spread":{"dmean":5.23640441895,"dmean2":8.30899620056,"dvar":55.1499214172,"dvar2":131.670166016,"max":113.995040894,"mean":17.136051178,"median":14.309876442,"min":0.128919705749,"var":266.107269287},"dissonance":{"dmean":0.0170050803572,"dmean2":0.0282478947192,"dvar":0.000397313386202,"dvar2":0.00104546570219,"max":0.500000119209,"mean":0.473515868187,"median":0.48282456398,"min":0.195197671652,"var":0.000812627957202},"dynamic_complexity":8.87926006317,"erbbands":{"dmean":[0.443215250969,1.63127994537,2.32653689384,2.85618209839,3.71926140785,5.40663194656,4.9882068634,9.80167961121,11.8797235489,11.1465797424,11.3495426178,17.3005123138,16.8858394623,17.1137332916,26.0164356232,31.2218551636,20.2364177704,14.6793403625,15.7212123871,9.22423934937,4.56287765503,5.7023062706,6.42324972153,5.27520275116,3.93107795715,3.34335803986,2.08873200417,1.16261005402,0.753439128399,0.480532109737,0.318391352892,0.125415325165,0.0528455451131,0.0253152120858,0.0156930908561,0.0173560082912,0.0408417023718,0.0380633510649,0.0181732662022,0.00380218122154],"dmean2":[0.746359825134,2.69833827019,3.93665242195,4.75214195251,6.27749919891,9.23954677582,8.364361763,16.3440589905,19.6105556488,18.4531745911,18.9397926331,28.4897937775,28.2305393219,27.9698734283,43.2183151245,52.2846717834,33.693649292,24.440032959,25.9739189148,15.3444108963,7.45933198929,9.38562870026,10.3945732117,8.1068649292,6.09718418121,5.21232128143,3.18492150307,1.71796870232,1.11951613426,0.693531870842,0.477930724621,0.192718267441,0.0834391862154,0.0416676588356,0.0258181355894,0.0268099308014,0.0599675178528,0.0521987304091,0.0255747511983,0.00567436125129],"dvar":[0.534413456917,7.57134199142,20.9070091248,35.7720069885,64.8185043335,177.62562561,222.991134644,636.190368652,1454.72729492,1223.70019531,871.20703125,2804.38598633,1821.97717285,1747.11608887,4122.640625,3661.79125977,1629.8314209,793.843261719,818.050964355,322.842163086,76.4817428589,122.81338501,218.980316162,137.733139038,110.518707275,91.0135345459,96.246421814,27.5683746338,10.4085025787,2.44537091255,1.15376186371,0.149767145514,0.0109831606969,0.00256709218957,0.000996991875581,0.00314847682603,0.036295030266,0.0281810034066,0.00469787884504,0.0000484777483507],"dvar2":[1.47135448456,19.5876216888,56.7784004211,95.0290145874,176.194702148,503.094726562,595.25982666,1711.74816895,3710.01831055,3216.53149414,2294.93774414,7265.63085938,4908.58642578,4458.96777344,11156.0742188,10190.6191406,4452.59033203,2156.52954102,2192.75219727,851.383850098,193.147445679,312.908111572,544.243774414,310.143005371,244.052780151,198.886459351,201.811782837,56.342754364,21.8106422424,4.46184301376,2.56295323372,0.348022222519,0.0250963065773,0.00644136220217,0.00250415061601,0.00662469584495,0.0808968320489,0.0533947907388,0.00926918908954,0.000106471707113],"max":[8.44415569305,60.4952011108,87.3232116699,143.273178101,252.61479187,327.952392578,441.022674561,660.156677246,964.981933594,1243.65441895,862.785522461,1199.92858887,928.648864746,1455.52441406,2019.20214844,1347.66638184,743.284362793,621.414245605,707.294311523,506.486999512,166.683273315,297.42074585,534.970031738,383.576873779,776.32244873,690.428894043,708.135375977,355.865203857,252.811981201,89.3844604492,63.2407226562,22.5620441437,3.72510051727,0.809492945671,0.514533281326,3.54055380821,14.1884117126,12.6165304184,4.50905179977,0.222035765648],"mean":[0.603742539883,2.45588707924,3.33725810051,4.24858236313,5.54487895966,7.56712675095,7.35504388809,14.5193653107,17.2271270752,16.743768692,17.6268043518,27.5589981079,27.9736309052,31.1817855835,50.1260108948,58.0711402893,39.3089447021,29.6045608521,32.2623825073,19.6286849976,10.2647199631,11.9117660522,12.3468255997,10.823641777,8.17987632751,7.31559705734,4.39075374603,2.54910182953,1.63367664814,0.964785516262,0.518503844738,0.189310610294,0.0735149905086,0.0277113746852,0.0166572909802,0.0240415092558,0.0635912418365,0.0821213573217,0.0505285076797,0.0153896473348],"median":[0.287473410368,0.924884676933,1.16631197929,1.00695550442,1.31872868538,1.67616999149,1.4678030014,2.28126621246,1.9606552124,2.65198755264,2.87966871262,3.32040882111,4.53552627563,5.75761985779,8.04529571533,11.3020038605,8.97903633118,7.3215637207,7.87114334106,6.00267791748,3.1004357338,2.75056648254,2.56008720398,1.94624745846,1.43947350979,1.22293496132,0.75424349308,0.45279365778,0.261304229498,0.152237161994,0.082924336195,0.0391158312559,0.0180878154933,0.00702358596027,0.00400719791651,0.00512357754633,0.00830054935068,0.0107128657401,0.0088426200673,0.00554151600227],"min":[4.05356466449e-22,1.60177164247e-21,1.01295229188e-20,2.22028362665e-20,4.6102585092e-20,6.98395505891e-20,1.37333100639e-19,2.4025145529e-19,3.17068435905e-19,5.78937196679e-19,6.32539534348e-19,1.31668707391e-18,1.65872811835e-18,2.19575920783e-18,2.22018336977e-18,1.81744960224e-18,1.18471030378e-18,3.93931573198e-18,5.47487727751e-18,4.19888294024e-18,6.04411940042e-18,6.57401171441e-18,8.85970902947e-18,7.81685017118e-18,9.01519168767e-18,1.1734848218e-17,9.34311172509e-18,1.45767024859e-17,1.60829669485e-17,1.68523656865e-17,1.64956308124e-17,1.45732961561e-17,1.09132386669e-17,1.04474433378e-17,8.59490452715e-18,6.00853367688e-18,3.1415114049e-18,9.28246573771e-19,2.68419953677e-19,3.13542358824e-20],"var":[0.703778386116,14.379193306,30.0225276947,62.8466148376,98.5214080811,245.030761719,349.995117188,1029.67565918,2572.36254883,2167.76806641,1613.25158691,5540.56982422,3413.66186523,4070.20043945,15039.59375,8784.28710938,3984.52172852,1997.6817627,2150.12768555,818.97668457,221.793380737,327.750457764,490.216339111,372.469940186,260.796691895,210.39541626,182.002487183,71.5176239014,27.5955162048,7.54119634628,2.21621608734,0.247225627303,0.0205853227526,0.00306810485199,0.00116040150169,0.00522506888956,0.0653210952878,0.0824597254395,0.0145213892683,0.000428420637036]},"erbbands_crest":{"dmean":2.82731842995,"dmean2":4.68740224838,"dvar":6.97502374649,"dvar2":18.404340744,"max":29.4111671448,"mean":8.50465011597,"median":7.48043060303,"min":1.90999007225,"var":16.9214267731},"erbbands_flatness_db":{"dmean":0.0272958073765,"dmean2":0.0436729378998,"dvar":0.000836470979266,"dvar2":0.00220272224396,"max":0.352859288454,"mean":0.132473036647,"median":0.125336676836,"min":0.0436542406678,"var":0.00228366395459},"erbbands_kurtosis":{"dmean":2.49838232994,"dmean2":4.25863599777,"dvar":53.1484031677,"dvar2":147.859481812,"max":133.208953857,"mean":2.05384016037,"median":0.370449542999,"min":-1.80525565147,"var":49.9585838318},"erbbands_skewness":{"dmean":0.54649913311,"dmean2":0.880490601063,"dvar":0.526514291763,"dvar2":1.37066864967,"max":8.94680976868,"mean":0.480462938547,"median":0.24143345654,"min":-4.12982463837,"var":1.44101989269},"erbbands_spread":{"dmean":9.09554195404,"dmean2":14.7230873108,"dvar":99.5814971924,"dvar2":253.045623779,"max":115.111824036,"mean":35.2802352905,"median":30.9785003662,"min":1.64364099503,"var":340.573120117},"gfcc":{"cov":[[26556.5195312,-1098.11218262,-4516.07714844,-2423.71118164,80.3691864014,-1860.82141113,781.358581543,-1289.28112793,-0.786205530167,-478.121582031,97.1528625488,283.053619385,-244.801620483],[-1098.11218262,658.274169922,179.695022583,-156.172042847,-15.6569814682,69.9149780273,-51.9792366028,-15.3028068542,4.11011981964,23.0725841522,26.9944858551,-68.8491134644,55.9895324707],[-4516.07714844,179.695022583,1068.90722656,549.023193359,-71.9823150635,378.015899658,-218.211547852,284.747558594,-23.0541801453,95.3485412598,-19.0461997986,-47.5008888245,40.6576194763],[-2423.71118164,-156.172042847,549.023193359,556.072509766,80.5958251953,156.188491821,-51.0063514709,147.859725952,-9.35205554962,32.5262298584,-37.4390716553,-0.307294100523,-18.4927463531],[80.3691864014,-15.6569814682,-71.9823150635,80.5958251953,230.708709717,-21.6162033081,120.889984131,-68.8332443237,21.5552482605,-35.6051635742,3.73303747177,-3.62566804886,-7.47855520248],[-1860.82141113,69.9149780273,378.015899658,156.188491821,-21.6162033081,319.392211914,-96.6060180664,165.529449463,-40.3334007263,36.1288261414,-15.8815088272,-28.3308334351,42.277721405],[781.358581543,-51.9792366028,-218.211547852,-51.0063514709,120.889984131,-96.6060180664,204.96206665,-73.9941940308,47.1185417175,-39.7555580139,-2.52176046371,17.7186393738,-23.4103488922],[-1289.28112793,-15.3028068542,284.747558594,147.859725952,-68.8332443237,165.529449463,-73.9941940308,194.128265381,10.4308052063,41.2984085083,-14.0058689117,-18.4541187286,26.679933548],[-0.786205530167,4.11011981964,-23.0541801453,-9.35205554962,21.5552482605,-40.3334007263,47.1185417175,10.4308052063,91.790512085,36.2803840637,15.5320672989,10.7009334564,-13.3376693726],[-478.121582031,23.0725841522,95.3485412598,32.5262298584,-35.6051635742,36.1288261414,-39.7555580139,41.2984085083,36.2803840637,80.9328155518,38.6347579956,6.48000764847,8.77789211273],[97.1528625488,26.9944858551,-19.0461997986,-37.4390716553,3.73303747177,-15.8815088272,-2.52176046371,-14.0058689117,15.5320672989,38.6347579956,65.0196380615,26.8965091705,13.2145347595],[283.053619385,-68.8491134644,-47.5008888245,-0.307294100523,-3.62566804886,-28.3308334351,17.7186393738,-18.4541187286,10.7009334564,6.48000764847,26.8965091705,59.3614196777,4.34760570526],[-244.801620483,55.9895324707,40.6576194763,-18.4927463531,-7.47855520248,42.277721405,-23.4103488922,26.679933548,-13.3376693726,8.77789211273,13.2145347595,4.34760570526,69.075050354]],"icov":[[0.000165892750374,0.000162104872288,0.000390871457057,0.000351569993654,-0.000119165262731,0.000360010162694,0.000104355967778,-0.000129343286972,0.000304873537971,0.0000885090485099,0.0000174406122824,-0.000284963607555,0.000234879815252],[0.000162104872288,0.00354567379691,-0.00207120855339,0.00316279288381,-0.000874178251252,0.000411202898249,-0.0000252051140706,0.00167897297069,-0.000682749785483,0.000378726253984,-0.00100979371928,0.00301353167742,-0.00141344242729],[0.000390871457057,-0.00207120855339,0.00814567971975,-0.00771750463173,0.00557940453291,-0.00409713666886,0.00166910944972,0.00165823264979,-0.00456861359999,0.00547143025324,-0.00608639558777,0.00370182399638,-0.00140573037788],[0.000351569993654,0.00316279288381,-0.00771750463173,0.0158615950495,-0.0131347728893,0.00818848889321,0.000345578213455,-0.00850223004818,0.0119939157739,-0.0129884080961,0.0142415007576,-0.0114077040926,0.0063984580338],[-0.000119165262731,-0.000874178251252,0.00557940453291,-0.0131347728893,0.0205274298787,-0.00998444575816,-0.00468494836241,0.0132183805108,-0.0150113403797,0.0176452528685,-0.0181152746081,0.01548615098,-0.00752405077219],[0.000360010162694,0.000411202898249,-0.00409713666886,0.00818848889321,-0.00998444575816,0.013973640278,0.000405268074246,-0.0117637962103,0.013730074279,-0.0119445510209,0.0109908021986,-0.00858016405255,0.00320024881512],[0.000104355967778,-0.0000252051140706,0.00166910944972,0.000345578213455,-0.00468494836241,0.000405268074246,0.0116128344089,-0.000664908671752,-0.00553736602888,0.00451382389292,0.000790348218288,-0.00290493085049,0.00132644374389],[-0.000129343286972,0.00167897297069,0.00165823264979,-0.00850223004818,0.0132183805108,-0.0117637962103,-0.000664908671752,0.0232712458819,-0.016799075529,0.0112859839574,-0.00992915313691,0.0134476870298,-0.00927891768515],[0.000304873537971,-0.000682749785483,-0.00456861359999,0.0119939157739,-0.0150113403797,0.013730074279,-0.00553736602888,-0.016799075529,0.0374507084489,-0.0302986949682,0.0196973606944,-0.0169101115316,0.0104947863147],[0.0000885090485099,0.000378726253984,0.00547143025324,-0.0129884080961,0.0176452528685,-0.0119445510209,0.00451382389292,0.0112859839574,-0.0302986949682,0.0518374405801,-0.0376312062144,0.0192144922912,-0.00674729142338],[0.0000174406122824,-0.00100979371928,-0.00608639558777,0.0142415007576,-0.0181152746081,0.0109908021986,0.000790348218288,-0.00992915313691,0.0196973606944,-0.0376312062144,0.0525488592684,-0.0287826973945,0.00403425190598],[-0.000284963607555,0.00301353167742,0.00370182399638,-0.0114077040926,0.01548615098,-0.00858016405255,-0.00290493085049,0.0134476870298,-0.0169101115316,0.0192144922912,-0.0287826973945,0.0412800572813,-0.0107347238809],[0.000234879815252,-0.00141344242729,-0.00140573037788,0.0063984580338,-0.00752405077219,0.00320024881512,0.00132644374389,-0.00927891768515,0.0104947863147,-0.00674729142338,0.00403425190598,-0.0107347238809,0.0230433903635]],"mean":[-80.5712127686,99.4672470093,-72.8688430786,10.9962921143,-3.74903941154,-1.55483198166,6.41457128525,-9.95639801025,-2.75488376617,-0.727863132954,-2.37852931023,0.12857888639,-8.16317367554]},"hfc":{"dmean":26.78814888,"dmean2":41.2063179016,"dvar":2518.24511719,"dvar2":5754.65234375,"max":1204.12902832,"mean":95.7851333618,"median":38.1793632507,"min":1.13615189428e-16,"var":15402.0371094},"melbands":{"dmean":[0.00319168320857,0.00142127426807,0.000477453111671,0.000324074178934,0.000184132804861,0.000209591002204,0.000173386913957,0.000115124115837,0.000102329315268,0.000110779823444,0.0000868225106387,0.0000722047916497,0.0000833954763948,0.000096871794085,0.0000686595158186,0.0000366565873264,0.0000301745403704,0.0000291339001706,0.0000167850921571,0.0000107019941424,0.00000533169895789,0.00000630372278465,0.00000668664097248,0.00000586534997638,0.00000451613232144,0.00000324082452607,0.00000266733741228,0.00000229734018831,0.0000015201643464,9.74016870714e-7,6.65495235808e-7,4.94736525525e-7,3.26255161553e-7,2.7576015782e-7,2.09766227499e-7,1.18724067022e-7,6.36333510329e-8,3.97175696776e-8,2.63867452333e-8,2.01404759537e-8],"dmean2":[0.00528591871262,0.00236708112061,0.000791693222709,0.000547127739992,0.000311311887344,0.000349148904206,0.000285189162241,0.000190436912817,0.000170785438968,0.000182259493158,0.000145439480548,0.000118478361401,0.000138801799039,0.000161342133651,0.00011562481086,0.0000613954398432,0.0000505915304529,0.0000486267272208,0.0000279421401501,0.0000177810416062,0.00000884507335286,0.0000104760210888,0.000011083334357,0.00000944607563724,0.00000704618378222,0.00000508652283315,0.00000419704974775,0.00000366316658074,0.00000238364623328,0.00000148093761254,0.00000100854401808,7.61168507779e-7,4.86600015392e-7,4.09718609262e-7,3.18951890677e-7,1.83768307238e-7,9.90440369719e-8,6.29547969311e-8,4.28845083889e-8,3.33134053676e-8],"dvar":[0.000026642517696,0.00000610084816799,9.269103316e-7,5.18451940934e-7,2.44787457859e-7,2.90242326173e-7,2.91619670634e-7,1.25296594433e-7,7.44578159129e-8,1.13704814453e-7,4.83912323546e-8,3.23945918979e-8,5.60215163148e-8,3.80867675176e-8,1.77799002188e-8,5.91038373798e-9,3.39729089305e-9,2.89030199774e-9,1.09005526827e-9,5.22285159565e-10,1.05384465043e-10,1.51586590502e-10,2.31455715705e-10,1.61570132273e-10,1.03756274406e-10,8.57663592924e-11,4.00450332616e-11,4.67884585242e-11,4.37764165195e-11,2.42619153934e-11,8.76886150497e-12,4.80480065457e-12,2.04390367478e-12,7.36897576379e-13,4.90601970941e-13,1.83576325799e-13,3.50939200931e-14,6.10847169627e-15,2.72508943274e-15,1.68366612986e-15],"dvar2":[0.0000716991416994,0.0000163068907568,0.00000246841022999,0.00000143496743021,6.70815950343e-7,7.81489177371e-7,7.39576421438e-7,3.30108491653e-7,1.95077817011e-7,2.93398699114e-7,1.3029277568e-7,8.24258847842e-8,1.47627858382e-7,1.03052087752e-7,4.97885181971e-8,1.61647975006e-8,9.37248234578e-9,7.91014009849e-9,2.9471658447e-9,1.37669586842e-9,2.73544992213e-10,3.93758942119e-10,6.05887451322e-10,3.94190569075e-10,2.40880926317e-10,1.92904275886e-10,9.31181243224e-11,1.05025772801e-10,9.24664927959e-11,5.24178547789e-11,1.90704188552e-11,1.10031914136e-11,4.61437268603e-12,1.42550869112e-12,1.08470253179e-12,4.54165784841e-13,8.02668139745e-14,1.41425203322e-14,6.66110436666e-15,4.24510382087e-15],"max":[0.0637729912996,0.0422886162996,0.0223598144948,0.015133805573,0.0116834510118,0.012989317067,0.0129836052656,0.0123195247725,0.00858356803656,0.00758981378749,0.00472344551235,0.00660014338791,0.00869605410844,0.00497811054811,0.00240038940683,0.00177659012843,0.00116383540444,0.00126268784516,0.00104804919101,0.000517977459822,0.000185855242307,0.00027818523813,0.000409210508224,0.000323865446262,0.0002854578197,0.000704137724824,0.000309149676468,0.000512242084369,0.000452399573987,0.000318278180202,0.000219596506213,0.00013937545009,0.00013223469432,0.0000457853202533,0.0000419060452259,0.0000193566684175,0.0000133164003273,0.00000240623694481,0.00000161856928571,6.40947462216e-7],"mean":[0.00503403507173,0.00229933275841,0.000761728850193,0.00048981315922,0.000275373691693,0.00031774819945,0.000257737294305,0.000172839761944,0.000152465087012,0.000175321736606,0.000138537885505,0.000122665762319,0.000156288850121,0.000169444261701,0.000122971905512,0.0000659755532979,0.0000547365052626,0.0000555675833311,0.0000331706432917,0.0000197726967599,0.0000104067066786,0.0000122750643641,0.0000117716035675,0.0000108084486783,0.00000868662573339,0.00000607717674939,0.00000546490218767,0.00000467960035166,0.00000297227256851,0.00000186593979379,0.00000135588288686,0.00000100632053091,6.36524589481e-7,5.00044848195e-7,3.29314019609e-7,1.70726593751e-7,9.30062000748e-8,5.51039960328e-8,3.1300725567e-8,2.03346512961e-8],"median":[0.00262105930597,0.000891006726306,0.000200767972274,0.000120117008919,0.0000561687156733,0.0000499993257108,0.0000300877654809,0.0000277029466815,0.0000210450762097,0.0000199168007384,0.0000209833888221,0.0000219608191401,0.0000222506860155,0.0000289682157018,0.0000238175234699,0.0000146948168549,0.0000118593452498,0.0000126352679217,0.00000893800552149,0.00000509135134052,0.00000280402832686,0.00000271178760158,0.00000238409165831,0.00000208882647712,0.0000014717435306,0.00000107513903913,8.80591585428e-7,7.69243342802e-7,4.85103214487e-7,3.19909077007e-7,2.29591407219e-7,1.56156318099e-7,9.96173525891e-8,7.41912558055e-8,4.91934883939e-8,3.1151195401e-8,2.00007015394e-8,1.29207533561e-8,7.82888243123e-9,4.36152669536e-9],"min":[7.7742092326e-24,4.07916305887e-24,5.1148348755e-24,3.31237645393e-24,4.78879156363e-24,6.12331662889e-24,5.18639678695e-24,7.27270747818e-24,5.33761353387e-24,7.56736911439e-24,7.84879760891e-24,8.75519721128e-24,6.67868496136e-24,2.84919756229e-24,6.33604717148e-24,2.30009101047e-24,8.12811353392e-24,8.45479424541e-24,6.86018528957e-24,5.64246646411e-24,6.13243664982e-24,6.77945878656e-24,5.53360957565e-24,6.04759189845e-24,5.673832757e-24,6.39695354425e-24,7.03997694506e-24,8.11885704006e-24,4.54782019506e-24,4.35743295432e-24,7.74632221074e-24,8.69356824192e-24,1.22868462313e-23,7.9040091948e-24,8.21079246768e-24,1.12160030512e-23,8.43084127288e-24,7.41779083156e-24,7.62925209696e-24,8.79490531381e-24],"var":[0.0000429585961683,0.0000114868389574,0.00000173202340648,7.88346653735e-7,3.80921306942e-7,4.95234644404e-7,5.53152062821e-7,2.32902010566e-7,1.31935820491e-7,2.31491043223e-7,8.75950050272e-8,6.61610570774e-8,2.28353499665e-7,8.45313365971e-8,3.9373709626e-8,1.27924080218e-8,7.32192795283e-9,6.75287781249e-9,2.48103804168e-9,1.09567177553e-9,2.4637927809e-10,3.60453417114e-10,4.40769060139e-10,3.76576492211e-10,2.51541454332e-10,1.72066833004e-10,1.00773799028e-10,9.41349845296e-11,7.90972634612e-11,4.52731636902e-11,2.17607216968e-11,1.11632951147e-11,4.21875034906e-12,1.9782469933e-12,9.27750931634e-13,2.55004622019e-13,5.67342600308e-14,1.12884385812e-14,3.83123039384e-15,1.88087604641e-15]},"melbands_crest":{"dmean":4.83444356918,"dmean2":8.06428718567,"dvar":15.6603221893,"dvar2":41.3369636536,"max":39.3217697144,"mean":22.4266452789,"median":21.9743843079,"min":1.00024759769,"var":65.8115921021},"melbands_flatness_db":{"dmean":0.0530561991036,"dmean2":0.0839082449675,"dvar":0.00268773594871,"dvar2":0.0071552908048,"max":0.766742110252,"mean":0.327932715416,"median":0.300749003887,"min":4.87520708248e-7,"var":0.0145886773244},"melbands_kurtosis":{"dmean":54.6949386597,"dmean2":90.9190826416,"dvar":14641.8076172,"dvar2":41702.7734375,"max":2630.26733398,"mean":88.1556930542,"median":17.861869812,"min":-1.74274468422,"var":22942.2070312},"melbands_skewness":{"dmean":1.80282354355,"dmean2":2.92122364044,"dvar":5.16959047318,"dvar2":13.9514722824,"max":38.7746505737,"mean":5.30397415161,"median":3.63004755974,"min":-1.60246312618,"var":19.5561943054},"melbands_spread":{"dmean":4.26792001724,"dmean2":6.92464160919,"dvar":38.100353241,"dvar2":95.3714599609,"max":141.422714233,"mean":12.1597137451,"median":8.708070755,"min":0.0657142847776,"var":149.913284302},"mfcc":{"cov":[[25029.5214844,1363.77270508,-5485.27685547,-577.358398438,-2244.78613281,-220.293212891,-786.669067383,-153.56791687,-958.264465332,-212.178939819,-590.969970703,-175.629669189,-260.185974121],[1363.77270508,773.892333984,-337.603759766,-267.903625488,-162.574768066,-43.616153717,-53.0852851868,-113.047225952,-53.011089325,-35.1294670105,-22.9283790588,-30.680480957,-1.75969052315],[-5485.27685547,-337.603759766,1550.12426758,114.532440186,540.845581055,-0.315829336643,152.175170898,25.117811203,201.26020813,38.6228599548,132.335678101,49.4619064331,61.4363059998],[-577.358398438,-267.903625488,114.532440186,362.694091797,90.7858581543,47.383895874,20.9856147766,49.4654808044,20.0709705353,9.74393177032,14.9773406982,16.8340167999,3.67031288147],[-2244.78613281,-162.574768066,540.845581055,90.7858581543,332.550018311,52.402130127,105.198875427,18.9784393311,95.04712677,7.20157718658,54.1578865051,17.2050647736,23.866060257],[-220.293212891,-43.616153717,-0.315829336643,47.383895874,52.402130127,107.24281311,53.1054344177,29.2682247162,7.25458145142,4.03197669983,-2.55495405197,2.48200035095,2.03184294701],[-786.669067383,-53.0852851868,152.175170898,20.9856147766,105.198875427,53.1054344177,121.637985229,38.5222587585,50.321598053,-0.416824519634,5.86460828781,-8.28550815582,6.2733464241],[-153.56791687,-113.047225952,25.117811203,49.4654808044,18.9784393311,29.2682247162,38.5222587585,101.176689148,38.8783187866,22.7610244751,-8.80903244019,0.00504077132791,-10.0569782257],[-958.264465332,-53.011089325,201.26020813,20.0709705353,95.04712677,7.25458145142,50.321598053,38.8783187866,109.535720825,32.4012794495,29.8575935364,-2.21052122116,7.93603372574],[-212.178939819,-35.1294670105,38.6228599548,9.74393177032,7.20157718658,4.03197669983,-0.416824519634,22.7610244751,32.4012794495,59.8421401978,26.584230423,11.1369724274,-4.80691432953],[-590.969970703,-22.9283790588,132.335678101,14.9773406982,54.1578865051,-2.55495405197,5.86460828781,-8.80903244019,29.8575935364,26.584230423,73.1253662109,33.6966819763,16.6039485931],[-175.629669189,-30.680480957,49.4619064331,16.8340167999,17.2050647736,2.48200035095,-8.28550815582,0.00504077132791,-2.21052122116,11.1369724274,33.6966819763,52.8082542419,22.3131427765],[-260.185974121,-1.75969052315,61.4363059998,3.67031288147,23.866060257,2.03184294701,6.2733464241,-10.0569782257,7.93603372574,-4.80691432953,16.6039485931,22.3131427765,46.5671768188]],"icov":[[0.000248224212555,-0.0000473844229418,0.000649883586448,0.0000327573034156,0.000262273853878,0.000272917444818,0.000231528756558,-0.000243805305217,0.000549091491848,0.000052060764574,0.000379752367735,-0.000179957583896,0.000157593822223],[-0.0000473844229418,0.00219448539428,0.000188544829143,0.00119139451999,0.000422858865932,-0.000381479563657,-0.00017457472859,0.00202331598848,-0.000927799148485,0.000566238421015,-0.000407213025028,0.000594148179516,-0.000186993405805],[0.000649883586448,0.000188544829143,0.0035477031488,0.000295847043162,-0.00204867334105,0.00221485365182,0.000389249325963,-0.000483493233332,0.000763780961279,-0.000147406142787,0.00042127535562,-0.000613064796198,-0.00027095261612],[0.0000327573034156,0.00119139451999,0.000295847043162,0.00401817448437,-0.000867206021212,-0.00120508577675,0.00120347947814,-0.000889465445653,0.000168363927514,0.000677346484736,-0.000661607133225,0.000103464168205,-0.000108608408482],[0.000262273853878,0.000422858865932,-0.00204867334105,-0.000867206021212,0.0107741374522,-0.00333583727479,-0.00287673715502,0.00232103792951,-0.00294936611317,0.00314618437551,-0.00120415189303,-0.00118133495562,0.00158789288253],[0.000272917444818,-0.000381479563657,0.00221485365182,-0.00120508577675,-0.00333583727479,0.0154560608789,-0.00600413279608,-0.00241614645347,0.00434065749869,-0.00322591769509,0.00183093943633,-0.00146113231312,-0.00101977819577],[0.000231528756558,-0.00017457472859,0.000389249325963,0.00120347947814,-0.00287673715502,-0.00600413279608,0.0173038039356,-0.00484405132011,-0.00309797679074,0.00419543730095,-0.000993184745312,0.00416954839602,-0.00164500973187],[-0.000243805305217,0.00202331598848,-0.000483493233332,-0.000889465445653,0.00232103792951,-0.00241614645347,-0.00484405132011,0.0194747000933,-0.00782026909292,-0.0042343037203,0.00724961981177,-0.00627009849995,0.00451167253777],[0.000549091491848,-0.000927799148485,0.000763780961279,0.000168363927514,-0.00294936611317,0.00434065749869,-0.00309797679074,-0.00782026909292,0.0228588562459,-0.00841395370662,-0.00475453119725,0.00875194650143,-0.00519991107285],[0.000052060764574,0.000566238421015,-0.000147406142787,0.000677346484736,0.00314618437551,-0.00322591769509,0.00419543730095,-0.0042343037203,-0.00841395370662,0.0286511238664,-0.00978896394372,-0.00277553265914,0.00671371910721],[0.000379752367735,-0.000407213025028,0.00042127535562,-0.000661607133225,-0.00120415189303,0.00183093943633,-0.000993184745312,0.00724961981177,-0.00475453119725,-0.00978896394372,0.0312393158674,-0.0174374431372,0.000855967460666],[-0.000179957583896,0.000594148179516,-0.000613064796198,0.000103464168205,-0.00118133495562,-0.00146113231312,0.00416954839602,-0.00627009849995,0.00875194650143,-0.00277553265914,-0.0174374431372,0.0390439890325,-0.0156978815794],[0.000157593822223,-0.000186993405805,-0.00027095261612,-0.000108608408482,0.00158789288253,-0.00101977819577,-0.00164500973187,0.00451167253777,-0.00519991107285,0.00671371910721,0.000855967460666,-0.0156978815794,0.031936313957]],"mean":[-745.970703125,155.695510864,0.0140565456823,35.2177124023,9.49887657166,25.8596687317,13.8967571259,11.606675148,3.79582118988,8.88579654694,5.58945989609,5.61876916885,3.69216704369]},"pitch_salience":{"dmean":0.0944508016109,"dmean2":0.15514062345,"dvar":0.0060720895417,"dvar2":0.0158673394471,"max":0.996097743511,"mean":0.433092534542,"median":0.446064174175,"min":0.0361725464463,"var":0.0247208178043},"silence_rate_20dB":{"dmean":0,"dmean2":0,"dvar":0,"dvar2":0,"max":1,"mean":1,"median":1,"min":1,"var":0},"silence_rate_30dB":{"dmean":0.0582608170807,"dmean2":0.116528823972,"dvar":0.0548719987273,"dvar2":0.130359679461,"max":1,"mean":0.928721308708,"median":1,"min":0,"var":0.0662015900016},"silence_rate_60dB":{"dmean":0.0385113880038,"dmean2":0.0770275294781,"dvar":0.0370353609324,"dvar2":0.0848303735256,"max":1,"mean":0.205689951777,"median":0,"min":0,"var":0.163408234715},"spectral_centroid":{"dmean":216.969665527,"dmean2":343.227813721,"dvar":76259.1640625,"dvar2":175093.96875,"max":11491.8515625,"mean":932.02130127,"median":874.208618164,"min":85.599395752,"var":377867.53125},"spectral_complexity":{"dmean":2.60569024086,"dmean2":3.95370936394,"dvar":11.0281820297,"dvar2":22.208234787,"max":61,"mean":16.2888183594,"median":13,"min":0,"var":230.057723999},"spectral_contrast_coeffs":{"dmean":[0.0509559623897,0.0437370091677,0.0355255827308,0.0301252100617,0.0224304180592,0.0333825908601],"dmean2":[0.0851940959692,0.0727700069547,0.0593638271093,0.0500828847289,0.0374413430691,0.0535536967218],"dvar":[0.00162538071163,0.00138862326276,0.000915623502806,0.000613430398516,0.00039277059841,0.0011360628996],"dvar2":[0.0045045572333,0.00364793650806,0.00239891163073,0.00158400612418,0.00103091471829,0.00288726738654],"max":[-0.342454880476,-0.373441636562,-0.496021211147,-0.61448353529,-0.686533749104,-0.428593695164],"mean":[-0.745237112045,-0.81407892704,-0.842087626457,-0.844110488892,-0.853921890259,-0.772302508354],"median":[-0.749280273914,-0.818462371826,-0.84057033062,-0.831097900867,-0.832505226135,-0.774108290672],"min":[-0.970223844051,-0.99801671505,-0.998385250568,-0.990223169327,-0.987458467484,-0.972404956818],"var":[0.00577114289626,0.00706142000854,0.00571891758591,0.00493124499917,0.00398582639173,0.00710353488103]},"spectral_contrast_valleys":{"dmean":[0.413432002068,0.525377750397,0.491740196943,0.447396278381,0.464784353971,0.677500844002],"dmean2":[0.684361219406,0.858087956905,0.799096345901,0.713753938675,0.729313313961,1.09289002419],"dvar":[0.117587268353,0.234270423651,0.239894777536,0.236789062619,0.279678374529,0.344371646643],"dvar2":[0.305949866772,0.619778156281,0.630042612553,0.615009903908,0.735232830048,0.953471124172],"max":[-4.91707992554,-4.50007343292,-4.66871881485,-5.47432947159,-5.4127573967,-8.98676967621],"mean":[-7.01806974411,-7.28291511536,-7.61767196655,-8.03376579285,-8.31499958038,-11.5243082047],"median":[-6.79777431488,-6.95990180969,-7.16317939758,-7.52316951752,-7.88498973846,-11.3210582733],"min":[-27.4122390747,-27.3549976349,-27.4188976288,-27.5098514557,-27.5110492706,-27.2563362122],"var":[1.22630786896,2.27907037735,3.04926323891,2.93993735313,2.65243911743,1.49550020695]},"spectral_decrease":{"dmean":3.46677464513e-9,"dmean2":5.64173019413e-9,"dvar":2.63151762365e-17,"dvar2":6.92959109987e-17,"max":9.48953982061e-9,"mean":-8.57882209715e-9,"median":-5.93405680149e-9,"min":-6.70980213613e-8,"var":8.11231511552e-17},"spectral_energy":{"dmean":0.0129799619317,"dmean2":0.0211866348982,"dvar":0.000360159378033,"dvar2":0.000953043869231,"max":0.264698803425,"mean":0.0410664528608,"median":0.0310769826174,"min":1.01250275476e-20,"var":0.00162313750479},"spectral_energyband_high":{"dmean":0.00022821946186,"dmean2":0.000316759542329,"dvar":4.88121827402e-7,"dvar2":9.11750646537e-7,"max":0.0447863228619,"mean":0.000687794119585,"median":0.000131402921397,"min":7.19252041088e-21,"var":0.0000019877354589},"spectral_energyband_low":{"dmean":0.0115633886307,"dmean2":0.0190255399793,"dvar":0.000325236585923,"dvar2":0.000867856084369,"max":0.255798786879,"mean":0.0220235977322,"median":0.0126963052899,"min":5.94830531271e-23,"var":0.000671886315104},"spectral_energyband_middle_high":{"dmean":0.00180787965655,"dmean2":0.00285674072802,"dvar":0.00000989147338259,"dvar2":0.0000251123801718,"max":0.0685844495893,"mean":0.00605320092291,"median":0.00206605973653,"min":1.21924120079e-21,"var":0.0000664242397761},"spectral_energyband_middle_low":{"dmean":0.00327150034718,"dmean2":0.00532644847408,"dvar":0.0000336917692039,"dvar2":0.0000890240553417,"max":0.0900840982795,"mean":0.00835803151131,"median":0.00332973711193,"min":2.91582831999e-22,"var":0.000129349529743},"spectral_entropy":{"dmean":0.274200409651,"dmean2":0.442279607058,"dvar":0.132640078664,"dvar2":0.35863211751,"max":9.81723880768,"mean":7.44795274734,"median":7.61284160614,"min":4.22762393951,"var":0.273642927408},"spectral_flux":{"dmean":0.0230988711119,"dmean2":0.0382164493203,"dvar":0.000701536191627,"dvar2":0.00175762479194,"max":0.420002907515,"mean":0.0949556827545,"median":0.0871663615108,"min":6.66413868533e-11,"var":0.00475390022621},"spectral_kurtosis":{"dmean":4.18209028244,"dmean2":6.83413219452,"dvar":41.5785293579,"dvar2":109.875221252,"max":106.740921021,"mean":14.6753149033,"median":13.5549898148,"min":-1.21388113499,"var":74.9233322144},"spectral_rms":{"dmean":0.000898048107047,"dmean2":0.00144931941759,"dvar":9.95037794382e-7,"dvar2":0.00000255511190517,"max":0.0160699319094,"mean":0.00537003250793,"median":0.00550626963377,"min":3.14294076875e-12,"var":0.0000112275665742},"spectral_rolloff":{"dmean":2024.796875,"dmean2":3832.93212891,"dvar":28172530,"dvar2":73094680,"max":22050,"mean":3073.06811523,"median":667.529296875,"min":21.533203125,"var":41398328},"spectral_skewness":{"dmean":0.355102032423,"dmean2":0.571341097355,"dvar":0.236225962639,"dvar2":0.629514753819,"max":7.70334768295,"mean":2.64080309868,"median":2.51298427582,"min":-0.0428770035505,"var":0.486433833838},"spectral_spread":{"dmean":540099.1875,"dmean2":862865.6875,"dvar":417869496320,"dvar2":962815721472,"max":40527380,"mean":4240964,"median":4099163.5,"min":1088540.625,"var":1456019079170},"spectral_strongpeak":{"dmean":2.0723335743,"dmean2":3.77513289452,"dvar":150.689865112,"dvar2":387.86541748,"max":221.343490601,"mean":2.28593301773,"median":0.112325310707,"min":0,"var":193.902816772},"zerocrossingrate":{"dmean":0.029391348362,"dmean2":0.038994088769,"dvar":0.000987596111372,"dvar2":0.0015207529068,"max":0.931640625,"mean":0.142667889595,"median":0.12890625,"min":0.00244140625,"var":0.0112152677029}},"metadata":{"audio_properties":{"analysis_sample_rate":44100,"bit_rate":216973,"codec":"mp3","downmix":"mix","equal_loudness":0,"length":376.216583252,"lossless":false,"md5_encoded":"1ad4eed6856ab08fed3f898d627a1355","replay_gain":-7.88727760315,"sample_rate":44100},"tags":{"album":["System of a Down"],"albumartist":["System of a Down"],"albumartistsort":["System of a Down"],"artist":["System of a Down"],"artistsort":["System of a Down"],"asin":["B000007T1M"],"barcode":["074646366127"],"catalognumber":["C2K 63661"],"date":["1998-06-30"],"file_name":"09 - System of a Down - Mind.mp3","genre":["Alternative Rock","Alternative Metal","Metal","System Of A Down","Rock","Alternative","Hard Rock","Nu Metal"],"label":["American Recordings"],"musicbrainz album release country":["US"],"musicbrainz album status":["official"],"musicbrainz album type":["album"],"musicbrainz_albumartistid":["cc0b7089-c08d-4c10-b6b0-873582c17fd6"],"musicbrainz_albumid":["18c3c5fd-06be-414b-a769-c7ed3539c7a0"],"musicbrainz_artistid":["cc0b7089-c08d-4c10-b6b0-873582c17fd6"],"musicbrainz_recordingid":["06e4640b-0c64-499b-96f2-d09071d9949a"],"title":["Mind"],"tracknumber":["9/13"]},"version":{"essentia":"2.1-beta1","essentia_build_sha":"81dca3489dfd3c4275b86ac4d56d870715677d3f","essentia_git_sha":"v2.1_beta1-28-g21ef5f4","extractor":"music 1.0"}},"rhythm":{"beats_count":867,"beats_loudness":{"dmean":0.0174987297505,"dmean2":0.0311447195709,"dvar":0.000458969938336,"dvar2":0.00143047748134,"max":0.191565394402,"mean":0.0437521636486,"median":0.0371799021959,"min":0.0000397090807382,"var":0.00156124308705},"beats_loudness_band_ratio":{"dmean":[0.145664930344,0.0532823428512,0.0565975010395,0.0548894889653,0.0245035309345,0.0377889312804],"dmean2":[0.257708132267,0.0935340374708,0.100457809865,0.0964453220367,0.0436190068722,0.0658881664276],"dvar":[0.0196768362075,0.00437773857266,0.00603338610381,0.00476418249309,0.000959688855801,0.00167319946922],"dvar2":[0.0541745983064,0.0119695048779,0.0166450291872,0.0138219874352,0.00278614694253,0.00455468334258],