{"lowlevel":{"average_loudness":0.96226388216,"barkbands":{"dmean":[0.0018301284872,0.00676338002086,0.00133362633642,0.00118496955838,0.00455709872767,0.000968352949712,0.000701733049937,0.000684955972247,0.000837844214402,0.000526869378518,0.000441280193627,0.000371876667487,0.000275153084658,0.000298173516057,0.000418836920289,0.000250112410868,0.000322515843436,0.000186825855053,0.00011408294813,0.0000844838941703,0.0000868565621204,0.0000624512031209,0.0000482443720102,0.0000278338229691,0.0000143762572407,0.00000739084180168,0.00000321890115629],"dmean2":[0.00291295931675,0.0101271672174,0.0022427639924,0.00201558344997,0.00752668688074,0.00166881992482,0.00119627802633,0.00110672763549,0.00135925412178,0.000862714659888,0.000704701698851,0.000622763414867,0.000453521555755,0.000500077730976,0.000700788281392,0.000414455891587,0.000539795029908,0.00031122576911,0.000193103274796,0.000142805962241,0.000148285747855,0.000105179169623,0.0000781105700298,0.0000430232139479,0.0000213902221731,0.0000111604394988,0.00000484413158119],"dvar":[0.0000219424782699,0.000203170638997,0.00000460760202259,0.00000292908271149,0.000166548226844,0.00000485511600345,0.00000198868633561,0.00000253531038652,0.00000240549366026,0.00000116518037885,6.69198243486e-7,5.08741095473e-7,2.06235810651e-7,3.5619612504e-7,4.29228947496e-7,1.11050759699e-7,1.68857454241e-7,5.53156240812e-8,2.31136567663e-8,8.97126373189e-9,9.37779720545e-9,5.40606048816e-9,3.64867291935e-9,1.20071086407e-9,5.00714802953e-10,2.37754954613e-10,5.34350133585e-11],"dvar2":[0.0000521819711139,0.000407788640587,0.000012311300452,0.00000811923018773,0.000426743121352,0.0000134819829327,0.00000534852233613,0.00000630098020338,0.00000621522303845,0.00000309434244627,0.00000167131520357,0.00000143206830217,5.48645516574e-7,0.00000100928593838,0.00000119004914723,3.0020515851e-7,4.62647108179e-7,1.45790210127e-7,6.2878996232e-8,2.46769076284e-8,2.64135842087e-8,1.47288554686e-8,9.32059140979e-9,2.68553645988e-9,9.94150761713e-10,5.74270353493e-10,1.28245303266e-10],"max":[0.0354020856321,0.117073364556,0.0435065552592,0.0206783674657,0.121055573225,0.0285554379225,0.028944792226,0.0315575562418,0.0244975015521,0.0233100745827,0.0183624327183,0.0131776323542,0.0100167747587,0.0129374805838,0.0109471557662,0.00676480541006,0.00564552191645,0.0084418784827,0.00278259301558,0.0016269745538,0.00129386689514,0.00096954224864,0.00133545498829,0.000948911882006,0.000703714729752,0.000338551064488,0.000125865757582],"mean":[0.0015663820086,0.0105593316257,0.00289985979907,0.00212420476601,0.0046164765954,0.00130972906481,0.00100991781801,0.000987333361991,0.00132803048473,0.000854776939377,0.000786868215073,0.000609659240581,0.000538141815923,0.000559712178074,0.00096481887158,0.00055890151998,0.000690755958203,0.000469327089377,0.000296980811981,0.000246016832534,0.000276579055935,0.000207589459023,0.000154906243552,0.000104017017293,0.0000525792238477,0.0000227480450121,0.00000694925984135],"median":[0.0000377264950657,0.00250695552677,0.00240715546533,0.00142602075357,0.00133993616328,0.000734577421099,0.000556587008759,0.000397010240704,0.000592597527429,0.00042743634549,0.000410943088355,0.000359810743248,0.000356686068699,0.00034895085264,0.000517031294294,0.000433519424405,0.000533284444828,0.000419533578679,0.000260494969552,0.000243136310019,0.000280108768493,0.000211555510759,0.000141633470776,0.0000953106937231,0.0000404382553825,0.0000182790827239,0.00000438275856141],"min":[1.12438364305e-22,1.02843378117e-23,5.45593635877e-24,2.40314799634e-23,6.32056309409e-23,6.67724118813e-23,2.02278438518e-22,1.05827583702e-22,7.02635947034e-23,4.61749475679e-23,6.85537923339e-23,6.08965088535e-23,5.29160164385e-23,8.26657061347e-23,1.00656461628e-22,1.40361061611e-22,3.12861250512e-22,1.38098482317e-22,3.01618707814e-22,3.27233564142e-22,5.10147436434e-22,5.00020683843e-22,6.73389288694e-22,9.45268924879e-22,1.24319318881e-21,1.47841378978e-21,2.51457332441e-21],"var":[0.0000213693510887,0.000365113461157,0.00000687998817739,0.00000481665801999,0.000141875454574,0.00000434634830526,0.00000235797915593,0.00000400715271098,0.00000441267457063,0.00000198416501007,0.00000137209485729,8.22902563868e-7,4.3177118414e-7,5.99003271873e-7,0.00000146669219703,2.85969633751e-7,4.27698637395e-7,1.63202244607e-7,6.42527240302e-8,2.84177179566e-8,3.4443360164e-8,2.23250236076e-8,1.6466403352e-8,7.61770024837e-9,3.19383341996e-9,5.9569293942e-10,9.64885532584e-11]},"barkbands_crest":{"dmean":2.69757437706,"dmean2":4.18213891983,"dvar":9.34599208832,"dvar2":18.6603469849,"max":23.7769031525,"mean":9.31973934174,"median":7.81947994232,"min":2.32158255577,"var":22.478225708},"barkbands_flatness_db":{"dmean":0.0192772373557,"dmean2":0.0282874517143,"dvar":0.000439847906819,"dvar2":0.000830039964058,"max":0.445723444223,"mean":0.106480538845,"median":0.0838030576706,"min":0.0223291981965,"var":0.00368293165229},"barkbands_kurtosis":{"dmean":2.58851194382,"dmean2":3.92754983902,"dvar":20.4466400146,"dvar2":39.0141220093,"max":185.551498413,"mean":3.36619377136,"median":0.543349981308,"min":-1.61096131802,"var":67.544708252},"barkbands_skewness":{"dmean":0.529349207878,"dmean2":0.785812079906,"dvar":0.386976182461,"dvar2":0.767736911774,"max":11.5520811081,"mean":1.43703508377,"median":1.10200071335,"min":-2.12828636169,"var":1.34737801552},"barkbands_spread":{"dmean":5.31853723526,"dmean2":8.03250217438,"dvar":30.7797832489,"dvar2":61.5261116028,"max":74.8443908691,"mean":26.3615951538,"median":27.4639415741,"min":0.474950402975,"var":153.049667358},"dissonance":{"dmean":0.013270563446,"dmean2":0.0224966853857,"dvar":0.000196935536223,"dvar2":0.000538656429853,"max":0.500000178814,"mean":0.474356144667,"median":0.482128918171,"min":0.200029477477,"var":0.000737196533009},"dynamic_complexity":2.30349969864,"erbbands":{"dmean":[0.352768391371,1.23204243183,1.59354829788,2.6971154213,11.5989179611,15.9884738922,8.61413097382,7.1836681366,8.59306430817,12.1039218903,17.5702781677,14.4846458435,20.3129768372,14.2595281601,13.2065172195,13.5693483353,11.9645910263,15.3236246109,12.2849969864,22.8056030273,12.9276714325,20.092710495,9.53486347198,6.26920795441,5.47224664688,3.43488407135,4.54433059692,2.84058046341,2.60520076752,1.47380399704,1.59696030617,0.728993713856,0.421804219484,0.207638308406,0.0923720598221,0.0398612543941,0.0125381285325,0.00376382470131,0.000584469933528,0.0000327671405103],"dmean2":[0.435751020908,2.05948901176,2.71122765541,4.52705955505,19.1592655182,27.29255867,14.7953157425,12.4285135269,15.0812911987,19.7867412567,27.9211044312,23.4055404663,33.7651443481,23.2959003448,21.0075492859,22.7659950256,19.6031627655,25.415802002,20.6934909821,37.8669776917,21.3954353333,33.697807312,15.8098421097,10.5451183319,9.24116325378,5.78234815598,7.75015449524,4.85539627075,4.39290571213,2.41239404678,2.6247484684,1.16051852703,0.654980182648,0.314817994833,0.141439050436,0.0611511431634,0.0192531961948,0.00583685049787,0.000871268915944,0.0000477365865663],"dvar":[0.510645866394,8.64199733734,9.50026416779,12.3076467514,983.956298828,2130.69287109,491.00982666,249.756271362,391.867797852,528.776672363,1693.76904297,597.522949219,1993.32629395,843.314331055,518.538818359,761.032470703,359.816619873,888.908447266,427.377868652,1130.75,339.726135254,713.530395508,143.204345703,61.3529815674,52.3459014893,16.3418388367,25.0870456696,11.2132511139,9.55768299103,3.46836161613,4.53040933609,0.749547481537,0.365949928761,0.12320266664,0.0179983563721,0.00416031759232,0.00105066155083,0.0000764351498219,0.00000184374744094,3.48157347396e-9],"dvar2":[0.824646294117,22.5125331879,25.7709770203,33.8431434631,2521.06054688,5674.61865234,1358.62145996,692.62121582,1111.80090332,1320.98718262,4064.31738281,1517.74462891,5533.47949219,2145.30664062,1309.31506348,2102.35351562,937.31628418,2458.71606445,1202.57507324,3105.0300293,893.963378906,1942.93249512,384.057830811,162.880218506,140.975814819,42.8941040039,71.5100784302,31.1800670624,26.456199646,8.67783164978,11.9813642502,1.8946056366,0.761915326118,0.251446485519,0.0399219021201,0.00958245713264,0.00266567035578,0.00019340676954,0.00000434943331129,7.63194130116e-9],"max":[7.0393872261,24.4492168427,37.1245918274,36.9219169617,289.707946777,503.300140381,249.397781372,237.214599609,329.635620117,558.494567871,819.416137695,368.645446777,911.498352051,762.086364746,569.484802246,592.149230957,400.836639404,771.576904297,525.246643066,703.003112793,437.419311523,392.495574951,361.307006836,231.831054688,162.340255737,105.338272095,57.9521865845,48.7725524902,40.4511108398,40.5899238586,42.2198982239,17.3171329498,21.4894695282,10.2455148697,3.29374170303,1.31120646,0.790975689888,0.163145005703,0.0236587878317,0.00108717381954],"mean":[0.472646653652,1.70027148724,3.27697825432,5.76988697052,12.7447710037,15.4521579742,10.648314476,9.67842960358,10.9270896912,19.4159240723,26.8305492401,24.1693229675,33.2242698669,27.1179466248,26.1137428284,24.3954143524,26.3757305145,30.4615764618,29.8473358154,52.5121841431,31.4781188965,43.0626602173,26.6496810913,17.2568283081,14.9166002274,10.8247690201,13.4954586029,9.29789638519,8.16322517395,4.95216321945,4.58376693726,2.58247494698,1.46062445641,0.707549870014,0.326213121414,0.128446057439,0.0340487025678,0.00945048127323,0.00126496213488,0.0000837489424157],"median":[0.0434833541512,0.669253230095,2.48181724548,4.66506147385,4.83772325516,4.68870639801,4.71982288361,5.76272439957,5.8624587059,10.0967912674,10.4807281494,12.686378479,15.9251213074,16.5665607452,15.9931259155,15.503660202,18.4793338776,18.8436393738,19.6208839417,32.9363327026,25.6956520081,33.0213356018,24.2787017822,15.7601280212,13.4752159119,10.8268356323,13.3650369644,9.52478885651,8.17110824585,4.65163612366,4.05106639862,2.39203453064,1.28944396973,0.526342093945,0.267525076866,0.107998996973,0.0245845429599,0.00696080829948,0.000777204404585,0.000059946833062],"min":[7.38191296428e-22,2.11395315359e-21,4.96625345727e-21,5.61894807443e-20,6.56704956784e-20,2.80742592509e-19,3.6866222395e-19,8.49502288178e-19,2.71134853505e-18,2.66273657802e-18,1.74160499829e-18,1.59557132762e-18,1.84122277305e-18,1.63971454479e-18,3.87495198133e-18,1.79581345255e-18,2.72536966003e-18,4.10917313486e-18,3.00306287706e-18,7.84714152521e-18,1.17567577509e-17,1.59903194111e-17,7.6923421182e-18,1.23957101063e-17,1.32735662847e-17,1.54539920456e-17,1.30803393752e-17,2.68663332961e-17,2.14515444862e-17,1.51340236954e-17,2.05337081873e-17,1.86082451338e-17,1.61358634943e-17,1.19727817581e-17,9.77052587376e-18,4.97568535836e-18,2.94051499465e-18,1.38280527463e-18,3.63334198528e-19,3.36579338883e-20],"var":[1.04757428169,8.64349555969,10.5274562836,20.3147926331,844.753295898,1645.85400391,406.464660645,213.864379883,320.296020508,924.364379883,2829.99194336,1145.43676758,3466.61572266,1567.26843262,1111.04724121,1252.64343262,872.267578125,1726.61364746,1067.20605469,3368.07202148,864.566589355,1724.24169922,478.675384521,186.825927734,154.581558228,54.5832519531,84.0681381226,40.8178138733,35.8597831726,15.2456588745,16.0164031982,4.27975320816,1.88660371304,0.692070960999,0.0970343500376,0.0150557737797,0.00190080562606,0.000123421850731,0.00000351160588252,8.25846147023e-9]},"erbbands_crest":{"dmean":2.28773784637,"dmean2":3.79064774513,"dvar":4.91295623779,"dvar2":12.7986402512,"max":28.6500225067,"mean":7.51017332077,"median":6.74320983887,"min":2.42879295349,"var":10.6702690125},"erbbands_flatness_db":{"dmean":0.0118353171274,"dmean2":0.0182319041342,"dvar":0.000125586579088,"dvar2":0.00028249292518,"max":0.387883931398,"mean":0.130039036274,"median":0.123540654778,"min":0.0495549216866,"var":0.0011301037157},"erbbands_kurtosis":{"dmean":0.641670644283,"dmean2":1.00938200951,"dvar":1.32158792019,"dvar2":2.18870377541,"max":91.6461410522,"mean":0.37117266655,"median":-0.106269598007,"min":-1.66574370861,"var":17.7080059052},"erbbands_skewness":{"dmean":0.300209194422,"dmean2":0.472945898771,"dvar":0.0747779980302,"dvar2":0.185586124659,"max":6.88542556763,"mean":0.0620674714446,"median":-0.0279633663595,"min":-1.70071744919,"var":0.468904346228},"erbbands_spread":{"dmean":6.45331716537,"dmean2":10.0782661438,"dvar":37.420665741,"dvar2":82.0978240967,"max":125.960533142,"mean":38.2854995728,"median":36.1460342407,"min":1.48730504513,"var":180.276397705},"gfcc":{"cov":[[10909.2333984,-1117.34191895,-943.943847656,381.173736572,-56.9972686768,294.966125488,38.8286895752,182.153671265,-90.2902603149,-72.2993392944,-347.319854736,33.0262336731,-255.098587036],[-1117.34191895,1266.48339844,189.543640137,-77.1116409302,103.433563232,-49.1382331848,33.7504425049,-41.0978164673,59.1071815491,-11.9988660812,124.898109436,-60.6340942383,138.678009033],[-943.943847656,189.543640137,398.732421875,-10.0101594925,22.1929187775,-44.4392967224,-17.7850379944,-33.8937110901,18.7875785828,22.4469165802,59.2511749268,6.01152324677,42.5926933289],[381.173736572,-77.1116409302,-10.0101594925,179.466186523,55.3183326721,20.9961585999,-1.51984775066,16.4766407013,25.0264835358,10.0491275787,10.2331857681,18.9354896545,5.25930070877],[-56.9972686768,103.433563232,22.1929187775,55.3183326721,182.013320923,48.6091041565,42.0400505066,15.7001333237,43.1728401184,15.4613552094,21.6370010376,14.1705322266,35.1659317017],[294.966125488,-49.1382331848,-44.4392967224,20.9961585999,48.6091041565,133.284194946,72.2101211548,42.0011367798,18.2681217194,14.7359457016,4.8136138916,2.60814094543,3.01622629166],[38.8286895752,33.7504425049,-17.7850379944,-1.51984775066,42.0400505066,72.2101211548,146.290100098,67.2500305176,31.3948974609,19.0448665619,19.0148696899,6.08774232864,3.7249212265],[182.153671265,-41.0978164673,-33.8937110901,16.4766407013,15.7001333237,42.0011367798,67.2500305176,107.876205444,37.8635292053,18.6648902893,5.56215572357,-2.50316309929,-13.1159753799],[-90.2902603149,59.1071815491,18.7875785828,25.0264835358,43.1728401184,18.2681217194,31.3948974609,37.8635292053,85.42552948,35.8242225647,18.0063514709,3.71318054199,16.3482151031],[-72.2993392944,-11.9988660812,22.4469165802,10.0491275787,15.4613552094,14.7359457016,19.0448665619,18.6648902893,35.8242225647,63.797794342,29.6316776276,8.63803482056,2.10565829277],[-347.319854736,124.898109436,59.2511749268,10.2331857681,21.6370010376,4.8136138916,19.0148696899,5.56215572357,18.0063514709,29.6316776276,77.6622009277,19.797996521,20.3670024872],[33.0262336731,-60.6340942383,6.01152324677,18.9354896545,14.1705322266,2.60814094543,6.08774232864,-2.50316309929,3.71318054199,8.63803482056,19.797996521,56.6619987488,19.1757183075],[-255.098587036,138.678009033,42.5926933289,5.25930070877,35.1659317017,3.01622629166,3.7249212265,-13.1159753799,16.3482151031,2.10565829277,20.3670024872,19.1757183075,74.0606384277]],"icov":[[0.000165539167938,-0.000125447186292,0.000213307968806,-0.000386050640373,0.000110482425953,-0.000363948260201,0.000123254663777,-0.000191483588424,0.000239185043029,-0.000244457827648,0.000865948211867,-0.000609073904343,0.000505797041114],[-0.000125447186292,0.00208496837877,-0.000103676902654,0.00107720226515,-0.000800991023425,0.00138898822479,-0.000842466484755,0.000908038346097,-0.00140550336801,0.00235128006898,-0.00454660691321,0.00475009111688,-0.0035622601863],[0.000213307968806,-0.000103676902654,0.00346740172245,-0.000274383550277,-0.000137309005368,0.000634711002931,0.000115477872896,0.000583165208809,-0.000117712108477,-0.000671281770337,-0.00117800303269,0.000231705402257,-0.000599923194386],[-0.000386050640373,0.00107720226515,-0.000274383550277,0.00797422975302,-0.00244851014577,0.000465837627416,0.0013000050094,-0.000325487257214,-0.0023471522145,0.0018883778248,-0.00398084335029,0.000913557247259,-0.0014120133128],[0.000110482425953,-0.000800991023425,-0.000137309005368,-0.00244851014577,0.00828570593148,-0.00264962646179,-0.000935107469559,0.000815292063635,-0.00223757536151,-0.000108353648102,0.00153822218999,-0.00196583126672,-0.000918717356399],[-0.000363948260201,0.00138898822479,0.000634711002931,0.000465837627416,-0.00264962646179,0.0130293713883,-0.00537516688928,-0.000308952730848,0.000355546508217,-0.000271768774837,-0.00331264431588,0.00450852559879,-0.00363658508286],[0.000123254663777,-0.000842466484755,0.000115477872896,0.0013000050094,-0.000935107469559,-0.00537516688928,0.0130276111886,-0.0063952463679,0.00000961252044362,-0.000490999838803,0.000085700317868,-0.00308630685322,0.00150581181515],[-0.000191483588424,0.000908038346097,0.000583165208809,-0.000325487257214,0.000815292063635,-0.000308952730848,-0.0063952463679,0.0166856702417,-0.00663956254721,0.00120838242583,-0.00266656582244,0.00299983704463,0.00161785783712],[0.000239185043029,-0.00140550336801,-0.000117712108477,-0.0023471522145,-0.00223757536151,0.000355546508217,0.00000961252044362,-0.00663956254721,0.021852850914,-0.0115241399035,0.00499253859743,-0.00135519308969,-0.00195657694712],[-0.000244457827648,0.00235128006898,-0.000671281770337,0.0018883778248,-0.000108353648102,-0.000271768774837,-0.000490999838803,0.00120838242583,-0.0115241399035,0.0278573650867,-0.0133261969313,0.00346762198023,-0.00017285606009],[0.000865948211867,-0.00454660691321,-0.00117800303269,-0.00398084335029,0.00153822218999,-0.00331264431588,0.000085700317868,-0.00266656582244,0.00499253859743,-0.0133261969313,0.0317916832864,-0.0157029237598,0.00598411075771],[-0.000609073904343,0.00475009111688,0.000231705402257,0.000913557247259,-0.00196583126672,0.00450852559879,-0.00308630685322,0.00299983704463,-0.00135519308969,0.00346762198023,-0.0157029237598,0.0332358218729,-0.0138407256454],[0.000505797041114,-0.0035622601863,-0.000599923194386,-0.0014120133128,-0.000918717356399,-0.00363658508286,0.00150581181515,0.00161785783712,-0.00195657694712,-0.00017285606009,0.00598411075771,-0.0138407256454,0.0255301445723]],"mean":[25.5066814423,84.4098129272,-113.962936401,37.1300125122,-48.2501220703,17.5512065887,-33.0045318604,7.99014902115,-18.3589553833,-0.481960177422,-19.5556201935,-0.923901855946,-10.480597496]},"hfc":{"dmean":4.12271785736,"dmean2":6.78399610519,"dvar":29.547618866,"dvar2":78.3717651367,"max":69.801071167,"mean":22.1130008698,"median":22.9785308838,"min":1.16671985751e-16,"var":146.264953613},"melbands":{"dmean":[0.00235230103135,0.00105798034929,0.000603510416113,0.00116077205166,0.000342891959008,0.00016842414334,0.000133395020384,0.00013159874652,0.000149323153892,0.0000988839310594,0.000104976279545,0.0000608493755863,0.0000568312570977,0.000031835930713,0.0000431960143032,0.000029873501262,0.0000283959125227,0.0000187255645869,0.000038934078475,0.0000215173968172,0.0000163653021445,0.0000246087383857,0.0000118256712085,0.0000100699962786,0.0000051848073781,0.00000539752090845,0.00000336178982252,0.00000248940705205,0.0000032152163385,0.00000257507736023,0.00000176984360678,0.00000182443147878,0.0000011394631656,9.08065885596e-7,0.00000118999071219,6.41874066787e-7,4.48079731541e-7,3.48529567873e-7,2.71008218533e-7,1.74493408167e-7],"dmean2":[0.00328467157669,0.00178399367724,0.0010057662148,0.00193095230497,0.000598897167947,0.000291604810627,0.00023255967244,0.000214029802009,0.000236315929214,0.000161511663464,0.000174326021806,0.000099122946267,0.0000900628438103,0.0000532939593541,0.0000718242590665,0.0000488047808176,0.0000472890933452,0.0000314542958222,0.0000655948169879,0.0000356445052603,0.0000271805838565,0.0000415905597038,0.0000194225340238,0.0000168073001987,0.00000876726062415,0.00000913523035706,0.00000564429183214,0.0000042248916543,0.00000550966979063,0.00000442469809059,0.00000302058060697,0.00000308611015498,0.00000191110325432,0.00000149418883666,0.00000197619442588,0.00000105270851236,7.20596176507e-7,5.54131531771e-7,4.26379642704e-7,2.70718942375e-7],"dvar":[0.0000236101932387,0.00000545821103515,0.00000102052115381,0.0000112297857413,8.58875580434e-7,1.40158320505e-7,8.89777282964e-8,6.04707537377e-8,1.14620981151e-7,3.07291223578e-8,5.07511010994e-8,1.49781698155e-8,1.06962243507e-8,4.51853265915e-9,7.7537514187e-9,2.77710010543e-9,3.07601921712e-9,1.54201240665e-9,4.43406289463e-9,8.67672766969e-10,5.49909728864e-10,1.07874775779e-9,2.52471543671e-10,1.7759854698e-10,4.45943143523e-11,6.26038665352e-11,1.78582686833e-11,8.43441028825e-12,1.28220212225e-11,8.11557938907e-12,4.35558663789e-12,4.68164916556e-12,2.00072966007e-12,1.37403142249e-12,2.68034119205e-12,6.5545632073e-13,2.77394372663e-13,2.29860564176e-13,1.97703873129e-13,8.58680598956e-14],"dvar2":[0.0000413088346249,0.0000145623771459,0.00000271784369943,0.0000289433282887,0.00000240381973526,3.91421849599e-7,2.50514119671e-7,1.52429748823e-7,2.70143857506e-7,8.08966760246e-8,1.40128065595e-7,3.82360134665e-8,2.67505662066e-8,1.24084893471e-8,2.14526192366e-8,7.31448546176e-9,8.58255244651e-9,4.47540449144e-9,1.24648593669e-8,2.32091346142e-9,1.42456046959e-9,2.98137114996e-9,6.82957523868e-10,4.72691052966e-10,1.20843585139e-10,1.7250348372e-10,4.77770704943e-11,2.26607708292e-11,3.66146904462e-11,2.32057238009e-11,1.21673782161e-11,1.310254856e-11,5.37233278697e-12,3.50324673784e-12,7.25035699881e-12,1.74268824198e-12,7.08239077194e-13,5.17012702182e-13,4.14380715071e-13,1.96013303787e-13],"max":[0.0456351749599,0.0231801867485,0.0103779230267,0.0314324125648,0.00897508114576,0.00515686254948,0.00536632724106,0.00507683074102,0.00683643016964,0.00272818398662,0.00444387691095,0.00301684578881,0.00263248221017,0.00177653005812,0.00193914724514,0.00121487816796,0.00148952705786,0.00120382651221,0.00102337030694,0.000610844581388,0.000492384773679,0.000454024673672,0.000408632622566,0.000526867166627,0.000151630985783,0.00015883204469,0.000101609308331,0.0000695882554282,0.0000473393702123,0.0000345451626345,0.0000300494739349,0.0000277491672023,0.0000218717104872,0.0000230652385653,0.0000326239205606,0.0000179624457814,0.0000119092028399,0.0000136421067509,0.0000165789188031,0.00000696126880939],"mean":[0.00346738705412,0.0018975372659,0.00115376082249,0.00116653635632,0.000399402197218,0.000228677876294,0.000175831170054,0.00020893655892,0.000226330288569,0.000158422524692,0.000168521582964,0.000110473294626,0.000104985920188,0.0000539001921425,0.0000733199340175,0.0000591544157942,0.0000534716673428,0.0000373276416212,0.0000853177916724,0.0000462277603219,0.0000335581680702,0.0000471626553917,0.0000280111053144,0.0000226701504289,0.0000125331971503,0.0000123528225231,0.00000848284071253,0.00000681498568156,0.00000870351959747,0.00000699804604665,0.00000493090419695,0.00000507767526869,0.00000319100900015,0.00000257312103713,0.00000291253081741,0.00000193244477487,0.00000139584381031,0.00000105721869659,8.10268318219e-7,5.19296463608e-7],"median":[0.000558257917874,0.00128256098833,0.000864132773131,0.000351211579982,0.000188328616787,0.000138240255183,0.0000977206073003,0.000105580867967,0.0000830978751765,0.0000754252905608,0.0000787751778262,0.0000663970713504,0.0000569583207835,0.0000319228129229,0.0000435186811956,0.0000376641037292,0.0000317651793011,0.0000258063373622,0.0000417994597228,0.0000331401133735,0.0000252952340816,0.0000351322232746,0.0000222194521484,0.0000196187793335,0.0000108774293039,0.000010381663742,0.0000077154218161,0.0000066774609877,0.00000843372981763,0.00000691567856848,0.00000481026063426,0.00000486805129185,0.0000030118255836,0.00000222533844862,0.00000240499457504,0.00000175693708115,0.0000012505572613,9.16329668144e-7,6.23458333848e-7,3.63883373211e-7],"min":[1.16235972257e-23,2.53676466482e-24,9.29798400117e-24,1.07671924721e-23,1.48200789686e-23,1.87258018856e-23,3.95694018454e-23,2.83972318504e-23,1.20597237103e-23,1.04335555851e-23,8.7541093721e-24,5.87966628869e-24,1.04786673849e-23,8.18922027736e-24,5.00801679805e-24,6.09123365587e-24,8.00390265123e-24,4.50856805414e-24,7.95135189317e-24,9.79499082615e-24,1.60235762097e-23,1.99773297117e-23,5.45716816507e-24,8.11342099956e-24,1.00066248521e-23,1.20330578452e-23,7.46762633039e-24,1.14276867754e-23,7.61222374546e-24,9.9490742936e-24,1.78650347311e-23,1.4348999635e-23,6.59294840273e-24,8.74195460327e-24,1.09299794419e-23,1.39243920973e-23,1.04227481907e-23,1.31681640012e-23,8.79986567118e-24,9.92250703604e-24],"var":[0.0000470964660053,0.00000518006390848,0.00000117591946491,0.00000935952539294,6.34237551367e-7,1.18512346603e-7,7.71026478219e-8,1.06400214861e-7,2.06533215419e-7,5.57579014071e-8,8.94233522786e-8,2.71124722673e-8,2.21523386301e-8,6.98920654685e-9,1.21525181029e-8,5.89421800257e-9,5.78452441502e-9,2.35386732328e-9,1.43493457117e-8,2.10338990669e-9,1.19347931538e-9,2.24332152854e-9,6.97768898217e-10,4.33869690175e-10,1.15495828179e-10,1.38715317011e-10,4.97961324952e-11,2.3145907066e-11,3.73715988711e-11,2.35801673326e-11,1.34214505829e-11,1.52123383335e-11,6.35425176018e-12,5.07016043733e-12,7.44998507329e-12,2.59595188228e-12,1.32470672886e-12,9.86165901544e-13,8.59654307375e-13,4.05615699448e-13]},"melbands_crest":{"dmean":3.65233802795,"dmean2":5.05102062225,"dvar":13.1575260162,"dvar2":23.4866065979,"max":36.099155426,"mean":14.8222799301,"median":13.2551994324,"min":1.89370167255,"var":44.1379051208},"melbands_flatness_db":{"dmean":0.0242617465556,"dmean2":0.0347917191684,"dvar":0.000750781910028,"dvar2":0.00131997757126,"max":0.570197463036,"mean":0.177883833647,"median":0.151564657688,"min":0.00523574417457,"var":0.00638897018507},"melbands_kurtosis":{"dmean":6.82374238968,"dmean2":10.4905748367,"dvar":134.039459229,"dvar2":277.085754395,"max":297.063568115,"mean":12.119966507,"median":5.49966955185,"min":-1.38209462166,"var":329.061859131},"melbands_skewness":{"dmean":0.756849884987,"dmean2":1.13934063911,"dvar":0.776462256908,"dvar2":1.56215143204,"max":14.0409946442,"mean":2.6491663456,"median":2.17614221573,"min":-1.0443559885,"var":2.53262114525},"melbands_spread":{"dmean":6.91012573242,"dmean2":10.3770637512,"dvar":57.8280220032,"dvar2":111.826194763,"max":171.018432617,"mean":27.8504333496,"median":26.9105415344,"min":0.875737607479,"var":302.237762451},"mfcc":{"cov":[[7347.99462891,-1154.81591797,-693.205566406,83.7581787109,-243.826507568,94.232711792,-43.4651641846,253.922698975,47.6413993835,123.60256958,-73.7416305542,-10.9478616714,-100.603317261],[-1154.81591797,1144.51586914,144.053756714,8.68870830536,91.3891906738,2.18458914757,57.535774231,-50.9862327576,43.2534179688,-43.7590560913,47.4358100891,12.5343933105,14.0400819778],[-693.205566406,144.053756714,305.751953125,17.6821918488,32.8328857422,-16.8379173279,-7.15612602234,-48.4165306091,-27.3510074615,-15.8347082138,3.49141669273,-4.93140745163,23.8168487549],[83.7581787109,8.68870830536,17.6821918488,150.338943481,61.8037376404,7.15747833252,-9.66498565674,3.87897229195,0.660943627357,1.67086863518,0.652212977409,9.51767444611,26.7603702545],[-243.826507568,91.3891906738,32.8328857422,61.8037376404,141.337097168,36.2953987122,-6.2010345459,-12.7787055969,8.82709407806,-2.66294026375,0.264048099518,3.59512877464,18.372133255],[94.232711792,2.18458914757,-16.8379173279,7.15747833252,36.2953987122,97.6329727173,31.552520752,15.5817966461,20.6697673798,9.63299942017,2.89800214767,11.2177476883,-0.0874755308032],[-43.4651641846,57.535774231,-7.15612602234,-9.66498565674,-6.2010345459,31.552520752,103.607040405,42.6899833679,20.3462085724,14.9130659103,24.7350692749,17.1906528473,9.77642631531],[253.922698975,-50.9862327576,-48.4165306091,3.87897229195,-12.7787055969,15.5817966461,42.6899833679,93.8349838257,35.3459243774,29.7659091949,12.6794195175,10.8581132889,6.21310567856],[47.6413993835,43.2534179688,-27.3510074615,0.660943627357,8.82709407806,20.6697673798,20.3462085724,35.3459243774,82.868270874,37.3838729858,13.9599761963,12.0901155472,3.31841206551],[123.60256958,-43.7590560913,-15.8347082138,1.67086863518,-2.66294026375,9.63299942017,14.9130659103,29.7659091949,37.3838729858,75.5029525757,30.3506336212,14.0544195175,3.26081752777],[-73.7416305542,47.4358100891,3.49141669273,0.652212977409,0.264048099518,2.89800214767,24.7350692749,12.6794195175,13.9599761963,30.3506336212,67.3469696045,30.6647891998,10.7389707565],[-10.9478616714,12.5343933105,-4.93140745163,9.51767444611,3.59512877464,11.2177476883,17.1906528473,10.8581132889,12.0901155472,14.0544195175,30.6647891998,67.1767730713,30.9189739227],[-100.603317261,14.0400819778,23.8168487549,26.7603702545,18.372133255,-0.0874755308032,9.77642631531,6.21310567856,3.31841206551,3.26081752777,10.7389707565,30.9189739227,61.2240524292]],"icov":[[0.000231174752116,0.000101669633295,0.000354796677129,-0.000341941515217,0.000413514935644,-0.000318804668495,0.000259734370047,-0.000400432880269,0.000145240832353,-0.000236879961449,0.000228313961998,-0.0000699041411281,0.000242607580731],[0.000101669633295,0.0012797859963,-0.000259716733126,-0.0000306663132505,-0.000580669962801,0.000392832502257,-0.000865414913278,0.000732732703909,-0.00145052885637,0.001444810885,-0.00107060163282,0.000114030466648,0.000358528195648],[0.000354796677129,-0.000259716733126,0.00459724571556,-0.000597405596636,0.000158301874762,-0.0000219853955059,-0.0000598748374614,0.00114200939424,0.00131997838616,-0.00100450252648,0.000122548779473,0.000999533454888,-0.00158288457897],[-0.000341941515217,-0.0000306663132505,-0.000597405596636,0.00930015649647,-0.00442188838497,0.000986603321508,0.00071670289617,-0.000854158715811,0.000460818002466,0.000105649633042,-0.000201052927878,0.0000265837898041,-0.00309564126655],[0.000413514935644,-0.000580669962801,0.000158301874762,-0.00442188838497,0.0118096014485,-0.00525849871337,0.00225766771473,0.000575718062464,-0.000553002755623,-0.00041747247451,0.000101075696875,0.0014410748845,-0.00197973405011],[-0.000318804668495,0.000392832502257,-0.0000219853955059,0.000986603321508,-0.00525849871337,0.0147082805634,-0.00522043602541,0.000993166468106,-0.00234766560607,0.000165106408531,0.00179711868986,-0.0028712823987,0.00254845246673],[0.000259734370047,-0.000865414913278,-0.0000598748374614,0.00071670289617,0.00225766771473,-0.00522043602541,0.0156930666417,-0.00714272959158,0.000951887806877,0.000503662799019,-0.00350481364876,0.000057899957028,-0.00162361341063],[-0.000400432880269,0.000732732703909,0.00114200939424,-0.000854158715811,0.000575718062464,0.000993166468106,-0.00714272959158,0.0186466220766,-0.00536738988012,-0.00215008365922,0.0000430187137681,0.000873985292856,-0.00186347984709],[0.000145240832353,-0.00145052885637,0.00131997838616,0.000460818002466,-0.000553002755623,-0.00234766560607,0.000951887806877,-0.00536738988012,0.0197861939669,-0.00915532000363,0.00256038992666,-0.00150661449879,0.000138614646858],[-0.000236879961449,0.001444810885,-0.00100450252648,0.000105649633042,-0.00041747247451,0.000165106408531,0.000503662799019,-0.00215008365922,-0.00915532000363,0.0233879331499,-0.0101906349882,0.00103838951327,0.000400953606004],[0.000228313961998,-0.00107060163282,0.000122548779473,-0.000201052927878,0.000101075696875,0.00179711868986,-0.00350481364876,0.0000430187137681,0.00256038992666,-0.0101906349882,0.0253373254091,-0.0100620398298,0.00222958158702],[-0.0000699041411281,0.000114030466648,0.000999533454888,0.0000265837898041,0.0014410748845,-0.0028712823987,0.000057899957028,0.000873985292856,-0.00150661449879,0.00103838951327,-0.0100620398298,0.0253883078694,-0.0121061019599],[0.000242607580731,0.000358528195648,-0.00158288457897,-0.00309564126655,-0.00197973405011,0.00254845246673,-0.00162361341063,-0.00186347984709,0.000138614646858,0.000400953606004,0.00222958158702,-0.0121061019599,0.0253586061299]],"mean":[-613.853393555,113.585899353,-2.11044096947,24.6347198486,8.27712249756,11.6537475586,-0.386488050222,7.97290706635,5.34729623795,2.07167959213,-1.99579441547,1.95229303837,-3.48533511162]},"pitch_salience":{"dmean":0.0717646926641,"dmean2":0.112551227212,"dvar":0.00459139840677,"dvar2":0.010738670826,"max":0.858919262886,"mean":0.555202245712,"median":0.57369852066,"min":0.155858114362,"var":0.0128348721191},"silence_rate_20dB":{"dmean":0,"dmean2":0,"dvar":0,"dvar2":0,"max":1,"mean":1,"median":1,"min":1,"var":0},"silence_rate_30dB":{"dmean":0.024465482682,"dmean2":0.0489361695945,"dvar":0.0238641649485,"dvar2":0.0667446777225,"max":1,"mean":0.985641360283,"median":1,"min":0,"var":0.0141529273242},"silence_rate_60dB":{"dmean":0.00276566320099,"dmean2":0.00553191499785,"dvar":0.00275799492374,"dvar2":0.0061395294033,"max":1,"mean":0.020421186462,"median":0,"min":0,"var":0.0200030617416},"spectral_centroid":{"dmean":215.090026855,"dmean2":330.864349365,"dvar":54989.5859375,"dvar2":113564.882812,"max":10776.8681641,"mean":1541.14526367,"median":1659.09692383,"min":182.742263794,"var":357751.53125},"spectral_complexity":{"dmean":3.27326869965,"dmean2":5.39787244797,"dvar":8.52387237549,"dvar2":21.9211063385,"max":51,"mean":26.8022766113,"median":30,"min":0,"var":113.263412476},"spectral_contrast_coeffs":{"dmean":[0.0510910376906,0.0470134280622,0.0374038293958,0.0275307577103,0.0185191538185,0.0138316387311],"dmean2":[0.0812008082867,0.0778444632888,0.061836540699,0.0459252558649,0.0310810431838,0.0226892344654],"dvar":[0.00228613987565,0.00146427599248,0.000878736900631,0.000466949481051,0.000212517785258,0.000134608155349],"dvar2":[0.00556339649484,0.00406023580581,0.00237609259784,0.00128961354494,0.00058350386098,0.000335341755999],"max":[-0.272868692875,-0.483590662479,-0.50707834959,-0.632901906967,-0.629379689693,-0.665932118893],"mean":[-0.658316612244,-0.752799332142,-0.783122599125,-0.786414504051,-0.801508009434,-0.74994546175],"median":[-0.664472281933,-0.758966565132,-0.788881003857,-0.787974953651,-0.801193475723,-0.741287469864],"min":[-0.977831304073,-0.970006406307,-0.963424384594,-0.955775558949,-0.953654289246,-0.958210587502],"var":[0.00667447736487,0.00403402652591,0.00313674705103,0.00163854006678,0.000690092274453,0.00118284358177]},"spectral_contrast_valleys":{"dmean":[0.347635388374,0.345032572746,0.270667523146,0.217110186815,0.162921056151,0.15227599442],"dmean2":[0.555340647697,0.575464904308,0.450039833784,0.358860105276,0.263636440039,0.21993881464],"dvar":[0.102046921849,0.0984137058258,0.0609672777355,0.0460268296301,0.0418100580573,0.0468109324574],"dvar2":[0.214130401611,0.235691279173,0.1315818578,0.0859056636691,0.0628934726119,0.0657444596291],"max":[-5.22584676743,-4.57736110687,-5.54872274399,-5.95323038101,-5.9812707901,-8.15394878387],"mean":[-6.89628410339,-6.58710575104,-7.03184318542,-7.23659610748,-7.15280485153,-9.81734466553],"median":[-6.85167503357,-6.4774274826,-6.83070993423,-6.95221042633,-6.73504590988,-9.44168567657],"min":[-26.7348251343,-27.0888137817,-27.0908927917,-27.4344005585,-27.4882240295,-27.2081451416],"var":[1.11893284321,0.927427530289,1.04159998894,1.1713514328,1.42637884617,1.32010257244]},"spectral_decrease":{"dmean":3.76441455785e-9,"dmean2":5.90496052055e-9,"dvar":3.39454177702e-17,"dvar2":7.65078472966e-17,"max":-7.11699725705e-29,"mean":-8.42472491769e-9,"median":-5.57462298545e-9,"min":-4.13828971091e-8,"var":5.56659200326e-17},"spectral_energy":{"dmean":0.0144834201783,"dmean2":0.0227402821183,"dvar":0.000496847438626,"dvar2":0.00112596177496,"max":0.161115720868,"mean":0.0338025540113,"median":0.0231941379607,"min":1.08511103718e-20,"var":0.000822636880912},"spectral_energyband_high":{"dmean":0.000176785106305,"dmean2":0.000284550565993,"dvar":4.35207816452e-8,"dvar2":1.06892464657e-7,"max":0.00409756042063,"mean":0.000960553006735,"median":0.00102838804014,"min":7.76952816354e-21,"var":3.71945134248e-7},"spectral_energyband_low":{"dmean":0.00879414472729,"dmean2":0.0131910648197,"dvar":0.000290766358376,"dvar2":0.000571038632188,"max":0.14557684958,"mean":0.0159756038338,"median":0.00655257888138,"min":7.79564147899e-23,"var":0.000555047590751},"spectral_energyband_middle_high":{"dmean":0.00142214947846,"dmean2":0.00234035635367,"dvar":0.00000303256319967,"dvar2":0.00000808847198641,"max":0.0336134582758,"mean":0.00631448440254,"median":0.00603967439383,"min":1.39880936883e-21,"var":0.0000191505041585},"spectral_energyband_middle_low":{"dmean":0.00703634833917,"dmean2":0.0116033451632,"dvar":0.000261060718913,"dvar2":0.000680563156493,"max":0.152077227831,"mean":0.0116008743644,"median":0.00739569077268,"min":5.554382003e-22,"var":0.00024200687767},"spectral_entropy":{"dmean":0.097037397325,"dmean2":0.149962320924,"dvar":0.0115708839148,"dvar2":0.0253875758499,"max":9.78419685364,"mean":7.79732275009,"median":7.93718957901,"min":4.71659851074,"var":0.189746439457},"spectral_flux":{"dmean":0.0315814167261,"dmean2":0.0507748536766,"dvar":0.00179407151882,"dvar2":0.00417320244014,"max":0.346195101738,"mean":0.0939148887992,"median":0.0774038136005,"min":1.04168659809e-10,"var":0.00330779328942},"spectral_kurtosis":{"dmean":1.0470238924,"dmean2":1.75094127655,"dvar":4.25116157532,"dvar2":10.7015552521,"max":68.0035400391,"mean":4.24534654617,"median":3.16264295578,"min":-1.11233794689,"var":16.1762332916},"spectral_rms":{"dmean":0.00103502441198,"dmean2":0.00157467462122,"dvar":0.00000194923086383,"dvar2":0.00000413257566834,"max":0.0125373862684,"mean":0.00531378062442,"median":0.00475693494081,"min":3.25368247969e-12,"var":0.00000474170201414},"spectral_rolloff":{"dmean":409.654083252,"dmean2":653.254760742,"dvar":279555.8125,"dvar2":525296.3125,"max":18410.8886719,"mean":1526.82373047,"median":1485.79101562,"min":64.599609375,"var":1822805.375},"spectral_skewness":{"dmean":0.134776845574,"dmean2":0.2180647403,"dvar":0.03061773628,"dvar2":0.0711033567786,"max":6.46805620193,"mean":1.4804199934,"median":1.3285036087,"min":0.0219344645739,"var":0.277220398188},"spectral_spread":{"dmean":294337.6875,"dmean2":433993,"dvar":184671059968,"dvar2":246001385472,"max":38716620,"mean":4502283,"median":4458800.5,"min":1116992.375,"var":1103763210240},"spectral_strongpeak":{"dmean":0.443955749273,"dmean2":0.773779332638,"dvar":0.578511297703,"dvar2":1.48809242249,"max":10.7305240631,"mean":0.629627466202,"median":0.330219686031,"min":0,"var":0.700622022152},"zerocrossingrate":{"dmean":0.00948219187558,"dmean2":0.0105290580541,"dvar":0.0000853120000102,"dvar2":0.0000962344929576,"max":0.509765625,"mean":0.063477806747,"median":0.064453125,"min":0.001953125,"var":0.00130799773615}},"metadata":{"audio_properties":{"analysis_sample_rate":44100,"bit_rate":278781,"codec":"mp3","downmix":"mix","equal_loudness":0,"length":218.279190063,"lossless":false,"md5_encoded":"eee939f82cfd5cf591cb111ee6c0133c","replay_gain":-8.98217391968,"sample_rate":44100},"tags":{"acoustid_id":["297ad9f0-7a9c-4c54-82f1-f6c90e2acabd"],"album":["Concrete and Gold"],"albumartist":["Foo Fighters"],"albumartistsort":["Foo Fighters"],"albumsort":["Concrete and Gold"],"artist":["Foo Fighters"],"artistsort":["Foo Fighters"],"barcode":["889854560126"],"catalognumber":["88985-45601-2"],"date":["2017-09-15"],"discnumber":["1/1"],"file_name":"10-The_Line.mp3","label":["RCA"],"media":["CD"],"musicbrainz album release country":["US"],"musicbrainz album status":["official"],"musicbrainz album type":["album"],"musicbrainz_albumartistid":["67f66c07-6e61-4026-ade5-7e782fad3a5d"],"musicbrainz_albumid":["d6d1dd67-8c35-4512-915d-1ef5121b314d"],"musicbrainz_artistid":["67f66c07-6e61-4026-ade5-7e782fad3a5d"],"musicbrainz_recordingid":["06e6f373-d4d0-4973-9ba5-361f75f9daa4"],"musicbrainz_releasegroupid":["e0335c44-58cd-433c-86d3-e114b14b7111"],"originaldate":["2017-09-15"],"originalyear":["2017"],"script":["Latn"],"title":["The Line"],"titlesort":["Line, The"],"tracknumber":["10/11"]},"version":{"essentia":"2.1-beta2","essentia_build_sha":"cead25079874084f62182a551b7393616cd33d87","essentia_git_sha":"v2.1_beta2-1-ge3940c0","extractor":"music 1.0"}},"rhythm":{"beats_count":493,"beats_loudness":{"dmean":0.0337285138667,"dmean2":0.0635209456086,"dvar":0.000865484995302,"dvar2":0.00307672959752,"max":0.133244276047,"mean":0.0605031736195,"median":0.0619879104197,"min":1.12320852619e-9,"var":0.00113654742017},"beats_loudness_band_ratio":{"dmean":[0.243419259787,0.204216599464,0.0626133009791,0.0573611408472,0.0473107919097,0.0259268898517],"dmean2":[0.4628704