{"lowlevel":{"average_loudness":0.821747601032,"barkbands":{"dmean":[0.0000704454287188,0.000388539017877,0.000637964636553,0.00108593981713,0.00212619849481,0.0007842076011,0.00079059129348,0.00035720365122,0.000740969087929,0.000805997056887,0.000411936693126,0.000497122935485,0.0002465294383,0.000218323199078,0.000120054144645,0.000085145860794,0.0000662981401547,0.000102106743725,0.0000780721311457,0.0000743526761653,0.0000822768342914,0.0000630202703178,0.0000208799701795,0.00000633679746898,0.00000247105572271,8.92688376553e-7,1.27072141254e-7],"dmean2":[0.0000809071862022,0.000614264397882,0.0011199018918,0.00170440285001,0.00336483004503,0.00115378049668,0.00110247789416,0.000537182495464,0.00106684665661,0.00117191893514,0.000636714568827,0.000741332594771,0.000388337532058,0.000345424778061,0.00018255514442,0.000132923960336,0.000100792989542,0.000159622068168,0.000117536445032,0.000119746946439,0.000115185517643,0.0000867616035976,0.0000308266535285,0.00000912593804969,0.00000349283936885,0.00000125250551264,1.92699204149e-7],"dvar":[9.22477916276e-9,5.02330181007e-7,9.1400124802e-7,0.00000322135770148,0.0000124265352497,0.0000022404790343,0.00000307242521558,0.00000115986642868,0.00000445301157015,0.00000740621590012,0.00000166130917023,0.00000193065579879,5.92058427173e-7,3.13902376092e-7,8.28037372003e-8,7.99465240675e-8,4.37847482715e-8,1.14985120092e-7,3.41914983437e-7,7.59747038614e-8,1.14324471667e-7,1.37823093382e-7,7.58302576287e-9,7.05566494119e-10,3.08570044516e-11,4.88161551113e-12,1.35716443509e-13],"dvar2":[1.27678170259e-8,0.0000012759916217,0.00000293561470244,0.00000748058073441,0.0000323966196447,0.00000477890171169,0.00000574890327698,0.00000239920973399,0.00000979895503406,0.0000159376559168,0.00000381186646337,0.00000427245595347,0.00000128617591599,6.51802906759e-7,1.88162417203e-7,2.15931009961e-7,7.72212871425e-8,2.98361641171e-7,7.83046914421e-7,1.87449174405e-7,2.22275872375e-7,3.08089482814e-7,1.60577400266e-8,1.54755441795e-9,6.36292962763e-11,1.01876666825e-11,3.12189781405e-13],"max":[0.00192340428475,0.0079383328557,0.0110007673502,0.0212306082249,0.0542468726635,0.0254655517638,0.0386127009988,0.0191723331809,0.0398966521025,0.0484149232507,0.0275823902339,0.0335005149245,0.0168433003128,0.0156447663903,0.00603109179065,0.0080617684871,0.00462782289833,0.0069470317103,0.0154241137207,0.00492764497176,0.00691510783508,0.00920693576336,0.00125441758428,0.000529895594809,0.000112699170131,0.0000334090036631,0.00000507737695443],"mean":[0.000284302659566,0.000627415254712,0.0011977480026,0.00210960977711,0.00464218435809,0.00223087123595,0.00228259875439,0.000659625162371,0.00181474396959,0.0015261338558,0.000910750532057,0.00095719791716,0.000503572169691,0.000414216308855,0.000235055631492,0.000178849615622,0.000139608309837,0.00019062377396,0.000122131124954,0.000109219690785,0.000152523847646,0.000101679645013,0.0000338183126587,0.0000105287454062,0.00000534187938683,0.00000145473416069,2.6936481845e-7],"median":[0.000137239549076,0.000335157936206,0.000777283450589,0.00123325188179,0.00275609805249,0.00119435391389,0.00114668498281,0.000198988374905,0.000384017941542,0.000194412248675,0.000160891475389,0.000381337566068,0.000143390439916,0.000118741671031,0.0000852611192386,0.0000641687147436,0.0000441618904006,0.0000314548087772,0.0000244649800152,0.0000282150685962,0.000023382526706,0.0000120432378026,0.00000813289534563,0.00000368713472199,0.00000242003716266,4.52413303265e-7,1.56969178988e-7],"min":[2.66417252703e-8,4.77746375793e-9,1.30669142173e-10,4.47033438045e-10,5.58955173813e-11,5.2843649595e-11,2.3922782158e-11,1.40812188298e-11,3.39042301178e-11,5.03728864176e-11,3.24233834226e-11,2.54781629822e-11,3.15057147038e-11,3.79815658091e-11,2.63560701041e-11,4.27538109082e-11,1.95961510907e-11,5.33557364957e-11,3.10662745528e-11,8.38594471642e-11,1.05702099851e-10,1.18888898726e-10,1.1043971293e-10,1.84265908088e-10,2.11236167447e-10,2.62077137769e-10,3.78320069716e-10],"var":[1.28825689671e-7,8.12587927612e-7,0.0000018167630742,0.00000719760373613,0.0000319895298162,0.0000117992285595,0.00000948043998505,0.00000269786073659,0.0000181531304406,0.0000213032653846,0.00000790300055087,0.0000044209200496,0.00000195411917048,0.0000010450572745,1.88413281421e-7,1.8160874049e-7,1.43899924865e-7,3.08811763716e-7,5.871820008e-7,1.31391402647e-7,3.28992797449e-7,2.35916317592e-7,1.29960948669e-8,9.56596135637e-10,7.42470321335e-11,8.22449226778e-12,1.54541364514e-13]},"barkbands_crest":{"dmean":1.98662865162,"dmean2":3.20311379433,"dvar":3.63717269897,"dvar2":8.8867931366,"max":26.8854198456,"mean":9.62045001984,"median":8.77141571045,"min":3.20527458191,"var":12.4528474808},"barkbands_flatness_db":{"dmean":0.0161465648562,"dmean2":0.0237502194941,"dvar":0.000318061735015,"dvar2":0.000688124040607,"max":0.462217330933,"mean":0.155376672745,"median":0.154974192381,"min":0.0434500016272,"var":0.00132534035947},"barkbands_kurtosis":{"dmean":2.9588508606,"dmean2":4.56975793839,"dvar":779.979736328,"dvar2":1994.20471191,"max":767.43170166,"mean":4.64316940308,"median":2.73095798492,"min":-1.82675898075,"var":470.338684082},"barkbands_skewness":{"dmean":0.406419187784,"dmean2":0.623176515102,"dvar":0.885243117809,"dvar2":2.25549960136,"max":27.4483680725,"mean":1.52025973797,"median":1.49184072018,"min":-1.14377784729,"var":1.38890814781},"barkbands_spread":{"dmean":3.29435396194,"dmean2":4.88442993164,"dvar":30.8793849945,"dvar2":63.0857048035,"max":110.709220886,"mean":14.6355543137,"median":11.1210384369,"min":0.746889173985,"var":153.17666626},"dissonance":{"dmean":0.0226712953299,"dmean2":0.0373739227653,"dvar":0.000489395228215,"dvar2":0.00131080381107,"max":0.499999970198,"mean":0.444200962782,"median":0.449907451868,"min":0.248571544886,"var":0.00116806919686},"dynamic_complexity":5.51603460312,"erbbands":{"dmean":[0.00239196093753,0.120037049055,0.689616501331,2.18808197975,3.76870822906,8.08631515503,12.685505867,4.28211832047,10.0768890381,9.37035274506,8.84514713287,17.7962417603,21.3398666382,20.9840927124,18.1984939575,14.6501979828,9.93805789948,9.27030849457,9.9688911438,4.89875411987,4.27661514282,3.50859808922,4.93449926376,4.1156539917,3.81819701195,3.76512074471,3.28028869629,3.18523812294,2.38788890839,1.02107310295,0.461515456438,0.206909298897,0.0803918689489,0.0402206666768,0.0120897833258,0.00481577916071,0.00154056644533,0.000290128955385,0.0000231872745644,0.00000599403711021],"dmean2":[0.00358760077506,0.193306207657,1.2110145092,3.43916320801,6.04228925705,12.8855428696,19.8333625793,5.97864341736,14.6296234131,13.0813169479,12.8718681335,24.5719718933,31.8339271545,30.7149906158,26.849149704,22.5366191864,15.316488266,14.4877672195,15.4588527679,7.50869417191,6.71340942383,5.36752796173,7.70664024353,6.30191993713,5.50946855545,6.02715349197,4.80947303772,4.33850955963,3.18336701393,1.48222482204,0.668007850647,0.288112014532,0.121495582163,0.056301753968,0.0170390978456,0.00690003484488,0.00217211712152,0.000419248914113,0.0000347431778209,0.00000875095702213],"dvar":[0.0000194045533135,0.0460653044283,1.1711139679,11.881152153,30.8365192413,213.639602661,725.958129883,89.2833557129,370.540863037,1360.51159668,630.914306641,2675.83813477,5289.97851563,2815.5378418,2558.96704102,1709.63977051,994.360168457,620.084289551,627.453125,173.620742798,243.68371582,138.442749023,198.31086731,615.124511719,556.071350098,180.980941772,149.094818115,283.116485596,161.616500854,18.0037403107,4.57391786575,1.00151324272,0.0796451792121,0.00937698595226,0.000613856362179,0.000104711063614,0.0000174307879206,9.12936627628e-7,3.87270748803e-9,6.48020664906e-11],"dvar2":[0.0000394092821807,0.122562728822,3.76687955856,27.0651874542,78.553565979,551.230651855,1826.67553711,157.344726563,737.030456543,2693.43481445,1258.92077637,5477.48193359,11873.0498047,5593.69580078,5395.73388672,4302.52197266,1996.24499512,1374.66491699,1324.31103516,407.065307617,607.021850586,270.665130615,485.994293213,1379.58898926,1139.77893066,462.202331543,322.915374756,538.823547363,319.255493164,37.2242965698,9.5723361969,2.01828551292,0.201453402638,0.0201116167009,0.00121298443992,0.000216999178519,0.0000366500207747,0.00000210671373679,8.66636717944e-9,1.30514390961e-10],"max":[0.0602608025074,2.3941988945,11.9791221619,44.5804328918,65.4450912476,224.279174805,442.056213379,230.203018188,273.272033691,1066.97607422,537.622192383,1117.12097168,1344.22363281,1069.80493164,1298.49182129,904.363891602,880.622009277,492.556243896,585.161376953,227.161636353,515.379394531,307.338226318,303.688751221,730.500671387,672.829650879,269.480651855,254.040924072,379.2862854,290.426757813,81.3865966797,36.1693916321,19.5515766144,5.52069139481,1.87337613106,0.504921972752,0.135157868266,0.0652446523309,0.0143379718065,0.000937720004003,0.000130798667669],"mean":[0.00507000507787,0.200936257839,1.31480562687,4.41389226913,8.24338245392,16.8736667633,27.4316711426,14.7442874908,32.0800552368,20.560716629,19.9322547913,45.416809082,39.6299972534,45.5392379761,40.9389266968,29.2441310883,22.5519390106,20.2336959839,20.9089622498,10.8694648743,9.29437255859,8.02380847931,10.152007103,7.03798294067,6.33090162277,5.70768594742,6.44105911255,5.42425012589,4.00712871552,1.79033386707,0.766467809677,0.317068457603,0.147793009877,0.084763482213,0.0243398137391,0.00815707724541,0.00245812395588,0.000423635938205,0.0000566533017263,0.0000275538022834],"median":[0.00333541911095,0.115911327302,0.863523244858,2.93380260468,6.27625465393,8.88833808899,13.2369375229,7.28693675995,15.8654165268,11.2052268982,6.7209353447,9.51667785645,6.62946271896,9.84998607635,12.5265035629,14.0170602798,8.04776287079,5.97354841232,6.23379182816,5.02088069916,2.98355460167,2.47403407097,1.87017011642,1.67342722416,1.1643986702,1.56901979446,1.11066675186,0.770327925682,0.45845785737,0.393422603607,0.194868311286,0.0828689113259,0.0610761754215,0.0376666262746,0.0104328067973,0.00254291575402,0.000786155811511,0.000145086363773,0.0000372187350877,0.0000229623274208],"min":[0.00000422442190029,5.74074647375e-7,1.80703850106e-7,0.00000115401110179,4.70553715104e-7,1.55864071871e-7,3.48823874674e-7,4.90569618705e-7,3.99201780965e-7,5.48235561837e-7,2.30337263929e-7,6.48442608053e-7,0.00000176346873104,0.00000102798571788,0.00000138096152114,0.00000101201010239,0.0000013484881265,0.00000211518567994,0.00000158725549682,0.00000164551659054,0.00000190595596905,0.00000101806347175,0.00000261187392425,0.00000235594779951,0.0000018807112383,0.00000409502217735,0.00000282622022496,0.00000524786537426,0.00000400404996981,0.00000428023895438,0.00000303599586005,0.0000042423926061,0.00000263965512204,0.00000203884565053,0.00000165548283348,9.45784108808e-7,4.80459107166e-7,1.9314730082e-7,5.67953151176e-8,6.46324105347e-9],"var":[0.0000408774285461,0.0713895261288,2.12605047226,25.4685230255,61.0746765137,501.323760986,1673.0447998,708.956481934,1784.16540527,2101.36865234,1766.1875,13280.6464844,13450.6347656,9941.76367188,8058.32617188,3001.58300781,3371.62548828,2365.25952148,2264.72241211,348.955566406,677.192443848,522.772521973,657.800292969,911.789611816,1386.33557129,341.922668457,472.915893555,719.477539063,353.019897461,35.8825340271,7.69898700714,1.47257649899,0.0964550450444,0.0215553306043,0.00141188898124,0.000199490532395,0.0000270051968982,0.00000105643073312,4.90575979839e-9,4.32411190188e-10]},"erbbands_crest":{"dmean":1.93299329281,"dmean2":2.96736574173,"dvar":3.79067111015,"dvar2":8.88904857635,"max":24.9443817139,"mean":8.90065956116,"median":8.19647026062,"min":2.21733498573,"var":13.4521656036},"erbbands_flatness_db":{"dmean":0.0129709290341,"dmean2":0.0187335312366,"dvar":0.000190221631783,"dvar2":0.000352553819539,"max":0.30308586359,"mean":0.184834554791,"median":0.186959773302,"min":0.0239526927471,"var":0.00215454446152},"erbbands_kurtosis":{"dmean":0.713433802128,"dmean2":1.08726751804,"dvar":0.929468154907,"dvar2":2.18490433693,"max":11.8439264297,"mean":0.617865085602,"median":-0.0229812897742,"min":-1.78232634068,"var":4.20106267929},"erbbands_skewness":{"dmean":0.282310187817,"dmean2":0.416626662016,"dvar":0.0911558866501,"dvar2":0.203471899033,"max":2.92861413956,"mean":0.47022241354,"median":0.474795401096,"min":-2.14492273331,"var":0.435320794582},"erbbands_spread":{"dmean":5.16509437561,"dmean2":7.51734161377,"dvar":44.2701454163,"dvar2":84.7882003784,"max":132.685623169,"mean":31.9304409027,"median":27.4977588654,"min":4.20729589462,"var":359.32800293},"gfcc":{"cov":[[13275.0117188,1591.03588867,-3029.95336914,1088.63916016,-1036.45837402,-124.263694763,85.6166763306,-63.6752548218,-333.669036865,-421.831756592,-211.784469604,-424.244171143,-25.600353241],[1591.03588867,1190.65783691,-427.791290283,-299.429351807,95.9043197632,-20.613193512,-24.8159103394,-150.88621521,5.59727621078,-140.41809082,-37.8354606628,-113.414985657,-12.026599884],[-3029.95336914,-427.791290283,929.421691895,-177.520858765,224.849700928,63.7866859436,-39.1318702698,38.2093162537,53.2243499756,140.513931274,56.6343345642,119.87638855,-6.52551412582],[1088.63916016,-299.429351807,-177.520858765,614.929382324,-128.216873169,-43.8791351318,39.8842658997,35.0667686462,-7.12737083435,-3.41832304001,-3.46309566498,-28.4814605713,6.20633411407],[-1036.45837402,95.9043197632,224.849700928,-128.216873169,290.052246094,47.6410598755,-30.1545619965,-12.6374664307,43.2440376282,10.3477935791,-14.1406669617,21.8901748657,-11.2340831757],[-124.263694763,-20.613193512,63.7866859436,-43.8791351318,47.6410598755,131.156524658,26.7486743927,-5.97310256958,-21.9367542267,2.03725862503,-5.50949621201,-4.27833604813,-11.5403137207],[85.6166763306,-24.8159103394,-39.1318702698,39.8842658997,-30.1545619965,26.7486743927,126.067092896,27.2740097046,-30.3088741302,-12.4272422791,3.68782234192,-27.4168300629,1.09653842449],[-63.6752548218,-150.88621521,38.2093162537,35.0667686462,-12.6374664307,-5.97310256958,27.2740097046,116.146286011,-3.47618412971,9.17617702484,4.17168664932,9.68591880798,5.70444297791],[-333.669036865,5.59727621078,53.2243499756,-7.12737083435,43.2440376282,-21.9367542267,-30.3088741302,-3.47618412971,105.966156006,14.2544593811,-10.824016571,15.4828290939,-3.61377358437],[-421.831756592,-140.41809082,140.513931274,-3.41832304001,10.3477935791,2.03725862503,-12.4272422791,9.17617702484,14.2544593811,90.4381408691,24.9459438324,12.5696668625,-4.16258430481],[-211.784469604,-37.8354606628,56.6343345642,-3.46309566498,-14.1406669617,-5.50949621201,3.68782234192,4.17168664932,-10.824016571,24.9459438324,58.6546974182,14.2208604813,1.96767508984],[-424.244171143,-113.414985657,119.87638855,-28.4814605713,21.8901748657,-4.27833604813,-27.4168300629,9.68591880798,15.4828290939,12.5696668625,14.2208604813,85.1066741943,10.7145376205],[-25.600353241,-12.026599884,-6.52551412582,6.20633411407,-11.2340831757,-11.5403137207,1.09653842449,5.70444297791,-3.61377358437,-4.16258430481,1.96767508984,10.7145376205,48.4983596802]],"icov":[[0.00115546165034,-0.00190687784925,0.00244014780037,-0.00192980910651,0.00240059383214,-0.00173811323475,0.00150338828098,-0.00204447726719,0.00220906408504,-0.00203252676874,0.00254067452624,-0.00154051766731,0.00128871609922],[-0.00190687784925,0.00535866804421,-0.00312959193252,0.00431378278881,-0.00513743143529,0.00351927941665,-0.00231309980154,0.00515405554324,-0.00417277170345,0.00552110793069,-0.00548712955788,0.00479540554807,-0.00223124166951],[0.00244014780037,-0.00312959193252,0.00778461946175,-0.00336684216745,0.00325383339077,-0.00399021198973,0.00300408340991,-0.00411411840469,0.00429347949103,-0.00616805721074,0.00402561808005,-0.00460213050246,0.00285440753214],[-0.00192980910651,0.00431378278881,-0.00336684216745,0.00570007925853,-0.00403686054051,0.00358783267438,-0.00286292168312,0.00386000657454,-0.00419733161107,0.00405440153554,-0.00468983594328,0.00386505457573,-0.0022304225713],[0.00240059383214,-0.00513743143529,0.00325383339077,-0.00403686054051,0.010896214284,-0.0053598145023,0.00377912097611,-0.00488253543153,0.00321426312439,-0.00395276676863,0.00727910734713,-0.00372176268138,0.00311219668947],[-0.00173811323475,0.00351927941665,-0.00399021198973,0.00358783267438,-0.0053598145023,0.0125525118783,-0.00461577065289,0.00454894453287,-0.000918198144063,0.00331670534797,-0.00237675267272,0.00293372781016,-0.0000615748431301],[0.00150338828098,-0.00231309980154,0.00300408340991,-0.00286292168312,0.00377912097611,-0.00461577065289,0.0125016095117,-0.00512266810983,0.00411538779736,-0.00070641230559,0.00156173249707,0.00160802050959,0.000914884032682],[-0.00204447726719,0.00515405554324,-0.00411411840469,0.00386000657454,-0.00488253543153,0.00454894453287,-0.00512266810983,0.0148431360722,-0.00409011961892,0.00462839333341,-0.00472361361608,0.00312783103436,-0.00293410755694],[0.00220906408504,-0.00417277170345,0.00429347949103,-0.00419733161107,0.00321426312439,-0.000918198144063,0.00411538779736,-0.00409011961892,0.0162843298167,-0.00640784855932,0.00842412281781,-0.00495676137507,0.00357694760896],[-0.00203252676874,0.00552110793069,-0.00616805721074,0.00405440153554,-0.00395276676863,0.00331670534797,-0.00070641230559,0.00462839333341,-0.00640784855932,0.0226531289518,-0.0111094173044,0.00755974370986,-0.00145992648322],[0.00254067452624,-0.00548712955788,0.00402561808005,-0.00468983594328,0.00727910734713,-0.00237675267272,0.00156173249707,-0.00472361361608,0.00842412281781,-0.0111094173044,0.0283700712025,-0.00785067584366,0.00302067026496],[-0.00154051766731,0.00479540554807,-0.00460213050246,0.00386505457573,-0.00372176268138,0.00293372781016,0.00160802050959,0.00312783103436,-0.00495676137507,0.00755974370986,-0.00785067584366,0.0212818197906,-0.00540980184451],[0.00128871609922,-0.00223124166951,0.00285440753214,-0.0022304225713,0.00311219668947,-0.0000615748431301,0.000914884032682,-0.00293410755694,0.00357694760896,-0.00145992648322,0.00302067026496,-0.00540980184451,0.0236602220684]],"mean":[-62.4645614624,124.981658936,-116.732925415,12.7536725998,-61.8299980164,2.9915137291,-36.8756141663,-12.5043115616,-26.9242610931,-5.96889448166,-15.8803939819,-4.30572080612,-9.02646827698]},"hfc":{"dmean":3.46314692497,"dmean2":4.78235387802,"dvar":53.18932724,"dvar2":101.972244263,"max":190.001266479,"mean":13.9246301651,"median":8.46413803101,"min":0.0000421688528149,"var":264.686950684},"melbands":{"dmean":[0.0000611847935943,0.000291178846965,0.000410546985222,0.000383589562261,0.000441792333731,0.000107105835923,0.000152781503857,0.0000949068635236,0.0000815239473013,0.000109899883682,0.000113247820991,0.0000951053807512,0.0000625046159257,0.0000611205177847,0.0000228222706937,0.0000243181548285,0.0000181167288247,0.0000198059042305,0.00000666754931444,0.00000542555517313,0.00000561142314837,0.00000384480790672,0.0000039663982534,0.00000615245880908,0.00000314645558319,0.00000332815329784,0.00000268313988272,0.00000245744126914,0.00000207741186387,0.00000206363370125,0.00000203406148103,0.0000016715964648,7.5788113918e-7,5.347815204e-7,2.92852433859e-7,2.10292228076e-7,9.58247952099e-8,6.26870644282e-8,4.30115427719e-8,3.46299948717e-8],"dmean2":[0.0000945195715758,0.000500980066136,0.000645864347462,0.000613976852037,0.000688181258738,0.000150465886691,0.000219631954678,0.000133908397402,0.000116949719086,0.000153716624482,0.00016736521502,0.000139408366522,0.0000945913125179,0.0000915693162824,0.0000352741662937,0.0000387908294215,0.0000281903103314,0.0000313629025186,0.0000103804586615,0.00000820361583465,0.00000908098263608,0.00000596488416704,0.00000630978638583,0.00000968081712927,0.00000490854790769,0.00000498649342262,0.00000419543630414,0.00000401992656407,0.00000299086173072,0.0000031199285786,0.00000281549932879,0.00000232968250202,0.0000010694170669,8.18858836737e-7,4.27158283856e-7,3.09063523218e-7,1.3954455369e-7,9.7344418748e-8,6.50580176398e-8,4.88358686823e-8],"dvar":[1.26060148986e-8,2.15799545344e-7,3.91391893118e-7,3.38856352755e-7,8.32090506719e-7,4.86342841555e-8,8.11026907854e-8,1.21247623497e-7,5.06484560958e-8,1.00111968493e-7,1.53128112856e-7,6.25102316576e-8,3.13186916401e-8,3.44605304292e-8,2.12838568991e-9,7.18575909886e-9,2.33958075135e-9,2.87597012871e-9,2.68838923345e-10,2.16796205987e-10,5.65230862115e-10,1.87573637178e-10,1.06214814721e-10,5.19134846222e-10,4.54940779493e-10,6.41756536801e-10,1.51188894737e-10,7.3416071833e-11,5.1045521976e-11,1.0611796164e-10,1.26374799514e-10,9.22212237131e-11,1.05166222952e-11,4.40837470694e-12,1.61614287491e-12,1.30112511477e-12,1.88440056744e-13,4.68765414127e-14,1.49644921156e-14,6.30878948258e-15],"dvar2":[2.96264257571e-8,6.73591728173e-7,9.21302557799e-7,8.7678898808e-7,0.00000213281919059,8.97499887742e-8,1.60304779229e-7,2.46573932827e-7,1.03544998353e-7,2.13730672272e-7,3.41475271171e-7,1.24195850049e-7,6.75513831538e-8,7.95192391934e-8,5.19913978536e-9,1.49069396826e-8,5.25335552837e-9,6.01601168881e-9,6.29988783363e-10,4.9798881685e-10,1.42047185125e-9,3.49118761678e-10,2.54411602896e-10,1.35134337054e-9,1.01514818773e-9,1.490038537e-9,3.27782467835e-10,2.01502911579e-10,1.09627903977e-10,2.48553455595e-10,2.43729675331e-10,1.97610303121e-10,2.16651679236e-11,9.49679397622e-12,3.52864916106e-12,2.78053079693e-12,3.92808913651e-13,1.22268297917e-13,3.86550498912e-14,1.22490315417e-14],"max":[0.00127760786563,0.00518562784418,0.00762954680249,0.00742334779352,0.0158320795745,0.00487039517611,0.00350977107882,0.00990459416062,0.00452365353703,0.0060215415433,0.00721307052299,0.00468161888421,0.00341855525039,0.00409796042368,0.000634124909993,0.00205452926457,0.000806528609246,0.00137326645199,0.000275635597063,0.000260729313595,0.000837877567392,0.000357397890184,0.000174323024112,0.000476378016174,0.000632375769783,0.000765483651776,0.000262758869212,0.000167410107679,0.000146557635162,0.000233252707403,0.000271658500424,0.0002279667533,0.0000716987487976,0.0000373389120796,0.000024040837161,0.0000245886203629,0.0000089501909315,0.00000438076494902,0.00000242688406615,0.00000173949820237],"mean":[0.000115069982712,0.000535599712748,0.000874298915733,0.000859360792674,0.000961571349762,0.00035518858931,0.000475779146655,0.000195658038137,0.000194282780285,0.000266941351583,0.000202382943826,0.000198842259124,0.000143963625305,0.000115088034363,0.000044310134399,0.0000531496443728,0.000035101420508,0.0000394440648961,0.0000137814986374,0.0000115751790872,0.0000112317075036,0.00000801925671112,0.00000785777137935,0.0000109941074697,0.00000482240511701,0.00000513315080752,0.00000382696725865,0.00000357017643182,0.00000388671423934,0.00000343833994521,0.00000323546578329,0.00000261285549641,0.00000128135502564,8.915322951e-7,4.55761551166e-7,2.99840735352e-7,1.45711055666e-7,1.03648041261e-7,8.41985112743e-8,6.8655829466e-8],"median":[0.0000701329554431,0.000354104704456,0.000625510467216,0.000586395850405,0.000503908784594,0.000176096815267,0.000234708408243,0.0000991927736322,0.0000546419723833,0.0000531440127816,0.0000287603343168,0.0000382934194931,0.00003506331268,0.0000407108746003,0.0000216386924876,0.0000130716753119,0.0000101872419691,0.00000989811451291,0.00000579378047405,0.00000531658906766,0.00000290492084787,0.00000232169008996,0.00000177905326382,0.00000146986621985,0.00000122199696762,8.30196711377e-7,8.68091149187e-7,9.39918550102e-7,6.53567894915e-7,4.93739946705e-7,3.91035769098e-7,2.50134405633e-7,2.10159058156e-7,1.94303623857e-7,1.15824562386e-7,6.62612649194e-8,3.97731554358e-8,3.98498940513e-8,3.69119774746e-8,2.93106463545e-8],"min":[4.41113563454e-8,1.37220665386e-10,1.65790603468e-10,1.47594800964e-11,1.19043481669e-11,1.05698626934e-11,6.08973114991e-12,5.48637264092e-12,2.29702151397e-12,4.2172918803e-12,9.13947043046e-12,4.31322165484e-12,4.57712123411e-12,3.58292714074e-12,2.15806842882e-12,4.02967329644e-12,3.69071049763e-12,2.48964000457e-12,1.82786750146e-12,3.14597328223e-12,1.90776322691e-12,1.07884372009e-12,1.08622139061e-12,3.30924805787e-12,1.80124827814e-12,9.21135997339e-13,2.01749706351e-12,2.95729803493e-12,1.86101806708e-12,1.54649665469e-12,3.74374056061e-12,2.00792811197e-12,2.68074711735e-12,2.12795037667e-12,1.52601943668e-12,2.36916389285e-12,2.55462036074e-12,1.96935480076e-12,1.43629498486e-12,1.85244224474e-12],"var":[2.28236629596e-8,3.5448127278e-7,8.70860048963e-7,7.93904007423e-7,0.0000020110112473,3.70448987042e-7,3.64927444707e-7,1.91953390072e-7,1.76864162427e-7,4.34835527585e-7,3.94312905883e-7,2.07500264082e-7,1.35202014917e-7,7.37564249675e-8,5.04861663586e-9,2.55103760338e-8,7.01783653412e-9,1.0046951715e-8,4.96584551257e-10,4.51260667722e-10,1.54654888895e-9,6.38245956086e-10,2.97254110215e-10,1.39334610516e-9,5.89445880994e-10,1.22953769388e-9,3.00972191614e-10,1.22342580511e-10,1.67674443774e-10,2.01158076307e-10,3.18688714307e-10,1.71211905764e-10,2.34544883515e-11,7.95314595431e-12,2.70341605005e-12,1.72723727682e-12,2.75675424329e-13,5.04611611285e-14,2.51074829601e-14,1.51327687631e-14]},"melbands_crest":{"dmean":2.74917197227,"dmean2":4.52060031891,"dvar":7.07137393951,"dvar2":18.6899375916,"max":39.7936325073,"mean":13.1293478012,"median":12.1221752167,"min":4.35462522507,"var":21.9910430908},"melbands_flatness_db":{"dmean":0.0194708686322,"dmean2":0.0282989051193,"dvar":0.000389373628423,"dvar2":0.000763445161283,"max":0.441894710064,"mean":0.23536400497,"median":0.232930600643,"min":0.0729779079556,"var":0.00254497281276},"melbands_kurtosis":{"dmean":6.50522708893,"dmean2":10.0505113602,"dvar":3255.99731445,"dvar2":8218.57128906,"max":1450.79724121,"mean":11.330452919,"median":6.92823886871,"min":-1.64483809471,"var":1999.54553223},"melbands_skewness":{"dmean":0.526935040951,"dmean2":0.805859565735,"dvar":1.87980127335,"dvar2":4.78785228729,"max":36.2906913757,"mean":2.32158756256,"median":2.20875430107,"min":-0.770929515362,"var":2.87510180473},"melbands_spread":{"dmean":3.76506185532,"dmean2":5.54621839523,"dvar":45.4001350403,"dvar2":82.7239303589,"max":126.124092102,"mean":15.1079816818,"median":12.655043602,"min":0.639758229256,"var":126.879714966},"mfcc":{"cov":[[14379.6953125,534.472412109,-1653.97949219,509.683624268,-999.822021484,-133.080245972,-57.4778366089,75.6658630371,-84.6906738281,-122.542778015,-4.55083799362,-332.952087402,-420.272369385],[534.472412109,1406.7935791,-277.04006958,-382.69342041,68.8706741333,43.3680725098,-48.8803825378,-35.6814231873,-18.003950119,-26.7338409424,-60.6521682739,-62.311050415,-26.4270973206],[-1653.97949219,-277.04006958,446.136169434,16.0548210144,80.8815917969,15.5943861008,23.9672927856,-25.3186721802,-7.73092937469,9.13279724121,-6.68243026733,73.9149246216,81.6939315796],[509.683624268,-382.69342041,16.0548210144,371.00491333,-17.4845962524,-16.4097118378,-9.40405654907,13.5636081696,18.4860496521,8.38445281982,-3.0497584343,43.9325141907,1.26446807384],[-999.822021484,68.8706741333,80.8815917969,-17.4845962524,250.083892822,53.9953575134,-34.0659637451,3.81265354156,24.8934249878,9.74042606354,-25.2966213226,48.1016807556,33.8789863586],[-133.080245972,43.3680725098,15.5943861008,-16.4097118378,53.9953575134,142.681671143,4.82087993622,-2.51718401909,-0.164093449712,8.64940929413,-11.5659475327,1.20311045647,-5.49447488785],[-57.4778366089,-48.8803825378,23.9672927856,-9.40405654907,-34.0659637451,4.82087993622,171.624771118,17.3067493439,-7.55672740936,30.748260498,-10.8197250366,-18.8579158783,3.52051448822],[75.6658630371,-35.6814231873,-25.3186721802,13.5636081696,3.81265354156,-2.51718401909,17.3067493439,101.437324524,26.0489711761,-12.4900217056,13.5199899673,-12.1193771362,-19.696559906],[-84.6906738281,-18.003950119,-7.73092937469,18.4860496521,24.8934249878,-0.164093449712,-7.55672740936,26.0489711761,75.8448791504,14.6813993454,-3.58656930923,5.35692596436,-3.06213355064],[-122.542778015,-26.7338409424,9.13279724121,8.38445281982,9.74042606354,8.64940929413,30.748260498,-12.4900217056,14.6813993454,88.6809768677,7.66239643097,-12.1660318375,5.31998300552],[-4.55083799362,-60.6521682739,-6.68243026733,-3.0497584343,-25.2966213226,-11.5659475327,-10.8197250366,13.5199899673,-3.58656930923,7.66239643097,88.3783187866,-8.13850498199,-19.2356491089],[-332.952087402,-62.311050415,73.9149246216,43.9325141907,48.1016807556,1.20311045647,-18.8579158783,-12.1193771362,5.35692596436,-12.1660318375,-8.13850498199,79.0025787354,31.1817131042],[-420.272369385,-26.4270973206,81.6939315796,1.26446807384,33.8789863586,-5.49447488785,3.52051448822,-19.696559906,-3.06213355064,5.31998300552,-19.2356491089,31.1817131042,81.1526794434]],"icov":[[0.000199985675863,-0.0000694620757713,0.00055279553635,-0.000357734854333,0.000613712938502,-0.000108809152152,0.0000868894640007,-0.0000431021398981,0.000171437277459,0.0000854403551784,0.000222499671509,0.0000500176138303,0.000218737171963],[-0.0000694620757713,0.00133853475563,0.000688495871145,0.00141040794551,-0.000639127742033,-0.0000900462546269,0.00021651633142,0.000346316257492,0.0000996299058897,0.0000735579233151,0.0007650256739,-0.0000449528088211,-0.000105976745544],[0.00055279553635,0.000688495871145,0.0052499435842,-0.0000969964457909,0.000944382685702,-0.000640777114313,-0.000324424210703,0.000326939334627,0.000933155068196,0.000202035080292,0.000471728504635,-0.00189932133071,-0.00167707679793],[-0.000357734854333,0.00141040794551,-0.0000969964457909,0.00501780817285,-0.000760879716836,0.000257914711256,0.000375986390281,-0.000391746289097,-0.000432939123129,-0.00104685721453,0.000894768512808,-0.00270633678883,0.00015408625768],[0.000613712938502,-0.000639127742033,0.000944382685702,-0.000760879716836,0.00788045674562,-0.00225517502986,0.0016520723002,-0.00163818942383,-0.000528696400579,-0.00126261333935,0.00181327969767,-0.00285592954606,-0.000290528172627],[-0.000108809152152,-0.0000900462546269,-0.000640777114313,0.000257914711256,-0.00225517502986,0.00806911475956,-0.000466840108857,0.000278097722912,0.00055240932852,-0.000678770011291,0.000691469584126,0.00036048569018,0.00171448325273],[0.0000868894640007,0.00021651633142,-0.000324424210703,0.000375986390281,0.0016520723002,-0.000466840108857,0.00748268421739,-0.00260393903591,0.00179581297562,-0.00328267877921,0.0022257945966,0.000744538090657,-0.000312232034048],[-0.0000431021398981,0.000346316257492,0.000326939334627,-0.000391746289097,-0.00163818942383,0.000278097722912,-0.00260393903591,0.0135132940486,-0.00528716761619,0.00436778366566,-0.00258525880054,0.00259462185204,0.00156648259144],[0.000171437277459,0.0000996299058897,0.000933155068196,-0.000432939123129,-0.000528696400579,0.00055240932852,0.00179581297562,-0.00528716761619,0.0169217027724,-0.00447507528588,0.00221511605196,-0.00193706469145,0.00108582177199],[0.0000854403551784,0.0000735579233151,0.000202035080292,-0.00104685721453,-0.00126261333935,-0.000678770011291,-0.00328267877921,0.00436778366566,-0.00447507528588,0.0151517568156,-0.00292027951218,0.00444369530305,-0.0015987327788],[0.000222499671509,0.0007650256739,0.000471728504635,0.000894768512808,0.00181327969767,0.000691469584126,0.0022257945966,-0.00258525880054,0.00221511605196,-0.00292027951218,0.0142106059939,-0.000879128696397,0.00345954624936],[0.0000500176138303,-0.0000449528088211,-0.00189932133071,-0.00270633678883,-0.00285592954606,0.00036048569018,0.000744538090657,0.00259462185204,-0.00193706469145,0.00444369530305,-0.000879128696397,0.0209721773863,-0.00461835879833],[0.000218737171963,-0.000105976745544,-0.00167707679793,0.00015408625768,-0.000290528172627,0.00171448325273,-0.000312232034048,0.00156648259144,0.00108582177199,-0.0015987327788,0.00345954624936,-0.00461835879833,0.0184780377895]],"mean":[-704.423217773,157.182907104,-0.514082372189,13.6020832062,-7.10514068604,8.66027832031,-4.79947423935,-5.04541873932,-6.98799848557,-8.59554672241,-7.09061956406,-4.65074634552,-2.2651655674]},"pitch_salience":{"dmean":0.0553283765912,"dmean2":0.0890583246946,"dvar":0.00297648250125,"dvar2":0.00816535390913,"max":0.833757281303,"mean":0.610059738159,"median":0.621510505676,"min":0.0165672972798,"var":0.0103070633486},"silence_rate_20dB":{"dmean":0,"dmean2":0,"dvar":0,"dvar2":0,"max":1,"mean":1,"median":1,"min":1,"var":0},"silence_rate_30dB":{"dmean":0.00149476830848,"dmean2":0.00299177272245,"dvar":0.00149255001452,"dvar2":0.00447876472026,"max":1,"mean":0.999253153801,"median":1,"min":0,"var":0.0007462570793},"silence_rate_60dB":{"dmean":0.00747384177521,"dmean2":0.0149588631466,"dvar":0.0074181035161,"dvar2":0.0207184553146,"max":1,"mean":0.128454074264,"median":0,"min":0,"var":0.111953668296},"spectral_centroid":{"dmean":165.314865112,"dmean2":238.849822998,"dvar":106379.960938,"dvar2":149779.453125,"max":10700.1630859,"mean":863.204162598,"median":712.000915527,"min":296.266052246,"var":333560.96875},"spectral_complexity":{"dmean":2,"dmean2":3.06058335304,"dvar":5.43497753143,"dvar2":11.0816583633,"max":60,"mean":14.4391336441,"median":15,"min":0,"var":55.5085830688},"spectral_contrast_coeffs":{"dmean":[0.0458367019892,0.0337133780122,0.0323445685208,0.0257362052798,0.0199496746063,0.0159430317581],"dmean2":[0.0758736431599,0.0540680252016,0.0512246340513,0.0421471446753,0.0313339084387,0.0237199570984],"dvar":[0.0014779336052,0.000854592421092,0.000799393630587,0.000438227521954,0.000322072475683,0.000234190563788],"dvar2":[0.00410613697022,0.00216521439143,0.00191168277524,0.0011304296786,0.000760856899433,0.000444294797489],"max":[-0.350240945816,-0.42614993453,-0.505550980568,-0.616086125374,-0.602822065353,-0.537352979183],"mean":[-0.580440819263,-0.697364032269,-0.742333948612,-0.769578754902,-0.790632009506,-0.757529139519],"median":[-0.576203286648,-0.702381372452,-0.75532412529,-0.770276486874,-0.791598021984,-0.752758443356],"min":[-0.973499417305,-0.952647924423,-0.969307661057,-0.952782571316,-0.962979614735,-0.959925472736],"var":[0.00788447540253,0.00499738752842,0.00635015266016,0.00280152191408,0.00266157882288,0.00381647865288]},"spectral_contrast_valleys":{"dmean":[0.40646481514,0.257713347673,0.26207986474,0.226333141327,0.228271439672,0.237073868513],"dmean2":[0.663713574409,0.412553727627,0.418546587229,0.348029464483,0.31569570303,0.302208542824],"dvar":[0.22774374485,0.18577440083,0.177224308252,0.160662770271,0.173996299505,0.181564345956],"dvar2":[0.362432301044,0.21283917129,0.222103983164,0.166501298547,0.170307606459,0.19212205708],"max":[-5.74684429169,-5.365691185,-5.51300239563,-5.96684646606,-5.56745147705,-8.80482196808],"mean":[-7.79893112183,-7.04732131958,-7.62003993988,-8.27202510834,-8.59718704224,-11.2933731079],"median":[-7.53010559082,-6.72035503387,-7.32060289383,-7.96103334427,-8.29588985443,-11.1076498032],"min":[-27.1025562286,-27.1954708099,-27.0809421539,-27.2161502838,-27.1879711151,-27.2783679962],"var":[1.40690910816,1.64352929592,1.76820623875,1.80254840851,1.95221662521,1.13388037682]},"spectral_decrease":{"dmean":1.23568910659e-9,"dmean2":1.83520454389e-9,"dvar":2.74162334547e-18,"dvar2":5.69900062371e-18,"max":-1.07919532685e-13,"mean":-5.34653876727e-9,"median":-4.4784891351e-9,"min":-2.7991207574e-8,"var":1.77153830719e-17},"spectral_energy":{"dmean":0.00490138074383,"dmean2":0.00726306438446,"dvar":0.0000437381422671,"dvar2":0.0000900309387362,"max":0.11203417927,"mean":0.0214420165867,"median":0.0177481677383,"min":5.99468137352e-7,"var":0.000291073723929},"spectral_energyband_high":{"dmean":0.00017172646767,"dmean2":0.000234160077525,"dvar":6.15799251591e-7,"dvar2":0.00000121318430502,"max":0.0189117789268,"mean":0.000357279117452,"median":0.0000785725569585,"min":1.55835533366e-9,"var":0.00000158640716563},"spectral_energyband_low":{"dmean":0.00133872055449,"dmean2":0.00219895411283,"dvar":0.0000040756171984,"dvar2":0.0000110246537588,"max":0.02709104307,"mean":0.0028977598995,"median":0.00229118624702,"min":1.99578138904e-7,"var":0.0000074156091614},"spectral_energyband_middle_high":{"dmean":0.00159693264868,"dmean2":0.0023515606299,"dvar":0.0000121798184409,"dvar2":0.0000246030849667,"max":0.0750973075628,"mean":0.00517426477745,"median":0.00215098960325,"min":3.83049370001e-10,"var":0.0000704604608472},"spectral_energyband_middle_low":{"dmean":0.00388582539745,"dmean2":0.00572871090844,"dvar":0.0000282999390038,"dvar2":0.0000628890120424,"max":0.0795549228787,"mean":0.0139409517869,"median":0.0114275757223,"min":6.45286046819e-10,"var":0.00013123464305},"spectral_entropy":{"dmean":0.139387354255,"dmean2":0.199708834291,"dvar":0.0222784839571,"dvar2":0.0380303896964,"max":9.80065059662,"mean":7.12853813171,"median":7.10196828842,"min":5.96875238419,"var":0.214696630836},"spectral_flux":{"dmean":0.0147423064336,"dmean2":0.0232361014932,"dvar":0.000286292168312,"dvar2":0.000684964295942,"max":0.20466093719,"mean":0.0550615750253,"median":0.0499704107642,"min":0.000531501951627,"var":0.00137644226197},"spectral_kurtosis":{"dmean":2.55914711952,"dmean2":4.28774023056,"dvar":7.30358839035,"dvar2":19.8562202454,"max":46.9672355652,"mean":8.40002632141,"median":6.57387542725,"min":-1.16404688358,"var":45.1409263611},"spectral_rms":{"dmean":0.000476465327665,"dmean2":0.000697292562108,"dvar":3.02693649701e-7,"dvar2":5.95975507167e-7,"max":0.0104547422379,"mean":0.0041128997691,"median":0.00416116416454,"min":0.0000241836096393,"var":0.0000040030981836},"spectral_rolloff":{"dmean":301.303283691,"dmean2":502.914123535,"dvar":761912,"dvar2":1781460.125,"max":14147.3144531,"mean":1028.12756348,"median":818.26171875,"min":21.533203125,"var":1578124.75},"spectral_skewness":{"dmean":0.27661088109,"dmean2":0.42984443903,"dvar":0.0700126960874,"dvar2":0.165094599128,"max":5.52788734436,"mean":2.09400463104,"median":1.97495126724,"min":-0.15910539031,"var":0.718561172485},"spectral_spread":{"dmean":352882.5,"dmean2":516903.6875,"dvar":783173877760,"dvar2":921822101504,"max":39667012,"mean":3745309,"median":3362650.5,"min":1583495.875,"var":4165295931390},"spectral_strongpeak":{"dmean":0.398721456528,"dmean2":0.628956079483,"dvar":0.330109000206,"dvar2":0.772223472595,"max":8.2039604187,"mean":1.0481133461,"median":0.541235566139,"min":0,"var":1.63127708435},"zerocrossingrate":{"dmean":0.00647282833233,"dmean2":0.00768979080021,"dvar":0.0000913509575184,"dvar2":0.000109394684841,"max":0.28515625,"mean":0.0428279899061,"median":0.03515625,"min":0.00048828125,"var":0.000911572366022}},"metadata":{"audio_properties":{"analysis_sample_rate":44100,"bit_rate":0,"codec":"flac","downmix":"mix","equal_loudness":0,"length":31.0666675568,"lossless":true,"md5_encoded":"5c4749e2a090a30deb49f8317d5b8432","replay_gain":-0.705959320068,"sample_rate":44100},"tags":{"acoustid_id":["e9d60c90-6ba9-4281-b698-aca1ea9ea769"],"album":["Supertramp"],"albumartist":["Supertramp"],"albumartistsort":["Supertramp"],"artist":["Supertramp"],"artistsort":["Supertramp"],"asin":["B000008LAD"],"barcode":["082839314923"],"catalognumber":["393 149-2"],"date":["1970"],"discnumber":["1"],"disctotal":["1"],"file_name":"01. Supertramp ~ Surely.flac","genre":["Progressive Rock","Rock"],"grouping":["Rock"],"label":["A&M Records"],"media":["CD"],"mood":["Unknown"],"musicbrainz_albumartistid":["d2ff6b6b-fc30-48dc-8952-06f9d8fc64f8"],"musicbrainz_albumid":["3e684b30-1514-4594-82d4-f1e6703eb80a"],"musicbrainz_artistid":["d2ff6b6b-fc30-48dc-8952-06f9d8fc64f8"],"musicbrainz_recordingid":["06f6cff5-c1d2-4c80-9c9e-415190d97f1b"],"musicbrainz_releasegroupid":["3a30fbc9-f118-3e8c-98a3-c9283f1c8f7a"],"musicbrainz_releasetrackid":["f9bb722f-c061-4ab7-afbc-981202b20135"],"originaldate":["1970-08-10"],"originalyear":["1970"],"releasecountry":["DE"],"releasestatus":["official"],"releasetype":["album"],"script":["Latn"],"title":["Surely"],"totaldiscs":["1"],"totaltracks":["10"],"tracknumber":["1"],"tracktotal":["10"],"website":["http://supertramp.com/"]},"version":{"essentia":"2.1-beta2","essentia_build_sha":"2d9f1f26377add8aeb1075a9c2973f962c4f09fd","essentia_git_sha":"v2.1_beta2-1-ge3940c0","extractor":"music 1.0"}},"rhythm":{"beats_count":69,"beats_loudness":{"dmean":0.0174392573535,"dmean2":0.030933978036,"dvar":0.000417368893977,"dvar2":0.00121514766943,"ma