{"lowlevel":{"average_loudness":0.904926300049,"barkbands":{"dmean":[0.0000497745568282,0.0012793923961,0.000797314743977,0.000685386126861,0.00130629574414,0.0010955973994,0.00124187918846,0.00181742594577,0.00156909716316,0.000652327667922,0.000602204934694,0.000351647642674,0.000562314526178,0.000226719741477,0.000288406561594,0.000216104701394,0.000214545536437,0.000112877918582,0.000078291472164,0.000097677919257,0.0000511528924108,0.0000307654263452,0.0000217381020775,0.0000265593516815,0.00000718518504073,0.00000101401178654,6.45515498832e-8],"dmean2":[0.0000834850798128,0.00199649226852,0.00120245141443,0.00116239953786,0.00202958611771,0.00167064426932,0.00192959990818,0.00279355794191,0.00228391354904,0.000977956689894,0.000888716371264,0.000536403036676,0.000827815674711,0.000353080307832,0.000428903556895,0.000340172467986,0.000336327211699,0.000171379288076,0.000119537791761,0.000145454134326,0.0000720260795788,0.0000435028377979,0.0000297220649372,0.0000342888015439,0.0000100181496236,0.00000155105897193,1.12727029489e-7],"dvar":[7.34869232133e-9,0.00000410339180235,0.00000137684560286,0.00000151600067966,0.00000471266184832,0.00000221084701479,0.00000326734243572,0.0000173196276592,0.00000992879813566,0.00000265451626547,0.00000235089783018,0.00000102737817542,8.81280641352e-7,2.54285026813e-7,3.35613435709e-7,1.51616049493e-7,1.62820825267e-7,3.22656852347e-8,4.50699744192e-8,1.21612046655e-7,5.67544020669e-8,9.61245572029e-9,6.60390675478e-9,1.26087389418e-8,1.00926922375e-9,2.17882274722e-11,1.09687473405e-13],"dvar2":[1.91031883645e-8,0.00000989516138361,0.00000324367738358,0.00000415334216086,0.0000124539792523,0.00000541658027942,0.00000779043602961,0.0000396409886889,0.000019938157493,0.00000577218452236,0.00000575712556383,0.00000218037325794,0.00000195354436983,5.68528207623e-7,7.13886720405e-7,3.76648245037e-7,4.02742756478e-7,7.14633188181e-8,1.09001049964e-7,2.8091983495e-7,1.06964236579e-7,1.8139628466e-8,1.1364128305e-8,1.78292669517e-8,1.6029183536e-9,5.00461096176e-11,3.09137725184e-13],"max":[0.0012974392157,0.0366987325251,0.0216151867062,0.035784278065,0.034567579627,0.0225250683725,0.0430137887597,0.0863989815116,0.0589357279241,0.0423302091658,0.0355161763728,0.0505056194961,0.032337680459,0.0131901400164,0.0145036214963,0.009845264256,0.00728600751609,0.00380442338064,0.00824009720236,0.0130555815995,0.0107774203643,0.00274856155738,0.00207694643177,0.00337847741321,0.00139735906851,0.000133694178658,0.0000110239125206],"mean":[0.0000654633986414,0.00423304038122,0.00196201121435,0.00111482315697,0.00279308529571,0.00241476669908,0.00251346454024,0.00316352094524,0.00374177913181,0.00130936084315,0.0012244025711,0.000723128963728,0.00115467899013,0.000465408491436,0.000624685373623,0.00047571468167,0.000478415604448,0.000270752061624,0.000160343814059,0.000194692474906,0.0000874218167155,0.0000590575473325,0.0000379278826586,0.0000443216849817,0.0000102792819234,0.00000127989244447,6.17385751411e-8],"median":[0.0000272075303656,0.00271139014512,0.00113791879267,0.000605735578574,0.00181248632725,0.00158400321379,0.00151332444511,0.000777973560616,0.00117162615061,0.000450086547062,0.000470143801067,0.000320940132951,0.000677015690599,0.000181397015695,0.000289236661047,0.000230977108004,0.000243935995968,0.00017321165069,0.0000833588565001,0.0000832356163301,0.000020140723791,0.0000196960754693,0.00000722771346773,0.00000480988546769,0.00000101138834907,1.26654896349e-7,1.71190723819e-8],"min":[5.9002289737e-23,3.06322578106e-23,4.36149282697e-24,7.46918433068e-24,3.33117848028e-23,4.10232535611e-23,1.30903412952e-23,8.07928683042e-23,8.74185552234e-23,3.69396614426e-23,1.39332033581e-22,7.43098389912e-23,7.73139538469e-23,1.22687888896e-22,1.87598191455e-22,1.15063832237e-22,2.59331017507e-22,3.58129269941e-22,1.15051967769e-22,3.44261271932e-22,3.34089535337e-22,6.14249711916e-22,7.90129645992e-22,8.32238864408e-22,1.33365041731e-21,1.6090248209e-21,2.56168424913e-21],"var":[1.10727151892e-8,0.0000223329407163,0.00000507139520778,0.00000244317857323,0.00000991949673335,0.00000636888353256,0.00000957739302976,0.0000438743372797,0.0000461280942545,0.00000951154925133,0.0000045351157496,0.00000588678904023,0.00000247368143391,8.42905819809e-7,0.00000118042839858,4.72797665907e-7,4.72115260663e-7,9.50855678639e-8,7.42648609275e-8,2.03954328981e-7,1.16037448095e-7,2.40141364571e-8,1.85037833944e-8,3.96525408064e-8,2.78445555502e-9,3.6771606593e-11,7.23840272118e-14]},"barkbands_crest":{"dmean":1.8976354599,"dmean2":2.99624872208,"dvar":3.34961032867,"dvar2":8.05732345581,"max":22.9376544952,"mean":9.092710495,"median":8.20387268066,"min":2.75283145905,"var":13.0676908493},"barkbands_flatness_db":{"dmean":0.0155407404527,"dmean2":0.0231599397957,"dvar":0.000230263001868,"dvar2":0.000503918563481,"max":0.320506155491,"mean":0.163705438375,"median":0.162812918425,"min":0.039767794311,"var":0.00150548270904},"barkbands_kurtosis":{"dmean":1.0542678833,"dmean2":1.63674020767,"dvar":2.6728758812,"dvar2":6.67481565475,"max":47.9332542419,"mean":1.69836366177,"median":0.717805862427,"min":-1.97027981281,"var":19.5057449341},"barkbands_skewness":{"dmean":0.274755626917,"dmean2":0.416780740023,"dvar":0.0740581825376,"dvar2":0.171300545335,"max":4.2382516861,"mean":0.79608798027,"median":0.84402859211,"min":-6.24863052368,"var":0.957706928253},"barkbands_spread":{"dmean":3.28302717209,"dmean2":4.83398675919,"dvar":18.732301712,"dvar2":33.1386566162,"max":159.275970459,"mean":18.3090248108,"median":15.8116226196,"min":2.81043028831,"var":170.239120483},"dissonance":{"dmean":0.0210837554187,"dmean2":0.0349379442632,"dvar":0.000389355816878,"dvar2":0.00104567757808,"max":0.499993592501,"mean":0.449335545301,"median":0.455035805702,"min":0.262875676155,"var":0.00105614168569},"dynamic_complexity":2.6784863472,"erbbands":{"dmean":[0.0294786691666,0.323485791683,0.935314238071,1.39759230614,4.26423120499,3.97303128242,6.18969631195,9.06697845459,13.2583799362,26.3327770233,40.308921814,36.4199562073,21.0565929413,19.4944458008,21.9579467773,12.3766345978,27.3785800934,11.6926593781,14.2533931732,12.4649744034,11.9133691788,9.36015892029,6.97921133041,4.63937187195,4.01522254944,4.84336614609,2.9852616787,1.3519589901,1.19724857807,0.699059724808,0.641972839832,0.700145602226,0.32938015461,0.111529603601,0.0371215045452,0.00860825832933,0.00105428032111,0.000113255649921,0.0000134452920975,0.0000071904514698],"dmean2":[0.046585123986,0.500219583511,1.40428495407,2.34271502495,6.84264707565,6.0379781723,9.8035993576,13.6724653244,20.8801345825,39.6925239563,61.9209136963,54.2702636719,30.6961593628,29.5222415924,32.6078987122,18.8760643005,39.8958129883,18.0641403198,21.8604869843,18.0090522766,19.2481765747,14.6533718109,10.7838430405,6.75659894943,6.02686548233,7.17747402191,4.22559165955,1.88711535931,1.71781361103,0.974278986454,0.887834668159,0.931311488152,0.436116456985,0.152163565159,0.0528466589749,0.0126847419888,0.00161042774562,0.000180008544703,0.0000221045611397,0.0000107082851173],"dvar":[0.00298106996343,0.250865459442,1.89171886444,5.37300682068,72.4015579224,36.5535964966,74.8606033325,174.877578735,340.151275635,2046.58093262,9386.11230469,5630.6328125,3040.68676758,1982.14282227,3643.38378906,822.097717285,2177.62353516,742.948242188,887.124511719,917.911254883,516.625732422,288.880950928,143.451065063,64.2413101196,220.165206909,272.863922119,208.498641968,20.5092277527,14.4585351944,5.57873058319,6.00609302521,9.01516532898,2.1441257,0.265744835138,0.0263190362602,0.00144982093479,0.0000235138686548,2.33581815223e-7,2.92699642301e-9,8.06209612958e-11],"dvar2":[0.0066869915463,0.620646178722,4.36926555634,15.017537117,180.438781738,97.3589477539,197.800735474,418.032836914,857.632568359,4588.25683594,21520.0566406,12285.7207031,5960.91162109,4954.80419922,9310.921875,1912.29638672,4726.98242188,1619.68261719,1916.80651855,1948.00036621,1324.91955566,716.5390625,350.067169189,135.862014771,445.771057129,633.103088379,403.326782227,35.534954071,28.2925186157,10.2495698929,10.5620002747,14.7355480194,3.09648919106,0.423178881407,0.0442806966603,0.00297352205962,0.000055157513998,5.88467571561e-7,8.03379762715e-9,1.83822790323e-10],"max":[1.26196849346,10.6548624039,33.6084632874,47.710849762,206.964828491,93.6492233276,164.522003174,272.802001953,425.98059082,1023.14239502,2139.15551758,1323.06787109,1400.77099609,1291.9621582,1721.08374023,1083.68334961,1688.75341797,845.800720215,869.422729492,1048.49401855,600.09173584,312.026672363,237.648880005,187.647369385,633.571655273,684.784790039,721.095031738,125.984321594,93.2134170532,55.660068512,67.4583740234,85.3962554932,45.2451057434,21.8381671906,6.59327411652,1.18531823158,0.117109745741,0.0121289966628,0.0016108158743,0.000177424692083],"mean":[0.0946556478739,1.05216097832,2.46681022644,2.92605662346,7.44965028763,9.27410411835,13.1760025024,20.675567627,28.2355327606,51.0846252441,75.2383041382,83.6934661865,52.7428474426,44.0401687622,49.9868354797,28.611371994,57.2668685913,26.5702285767,31.8379669189,28.1200714111,27.1749801636,23.6145439148,17.728187561,11.3555603027,8.53754138947,9.86386013031,5.43807411194,2.4328019619,2.26359891891,1.27268707752,1.12877392769,1.14990389347,0.54289919138,0.16412627697,0.0517929941416,0.0113512575626,0.00132696027867,0.000138969437103,0.0000273891837423,0.0000350728259946],"median":[0.0402245596051,0.709244370461,1.60132193565,2.01249361038,4.20426464081,5.88041877747,9.17388820648,13.2775630951,18.2088356018,24.7394771576,23.8454723358,29.554977417,16.0004558563,22.5344715118,23.1642150879,17.0588722229,34.0298919678,12.950466156,14.2765483856,12.0162410736,14.0184860229,12.9477176666,11.2656450272,6.71497964859,4.76605319977,4.256980896,1.62830162048,0.672088742256,0.709604144096,0.366469621658,0.207067400217,0.120686173439,0.0624030828476,0.0178040843457,0.00400971155614,0.000974042748567,0.000174626766238,0.0000289371819235,0.0000187083969649,0.0000325957298628],"min":[9.06261179376e-22,6.82284822525e-21,7.91439220728e-21,1.32745120753e-20,8.55091818996e-20,1.24551040525e-19,2.76020451037e-19,2.58830164492e-19,1.33089457301e-19,1.15914628695e-18,1.51786773864e-18,1.76273346588e-18,1.48024156732e-18,1.77004615608e-18,6.45137970706e-18,3.22789594422e-18,2.88684441458e-18,3.93066011405e-18,1.0044411992e-17,9.41202662346e-18,7.73164064192e-18,1.3852443821e-17,1.69237464103e-17,1.32263756308e-17,7.29475031215e-18,1.88372203079e-17,1.36394654928e-17,1.43760565934e-17,1.70328333351e-17,2.63919352886e-17,2.43603763955e-17,1.40378207866e-17,1.6788158273e-17,1.21710759761e-17,1.10775796023e-17,5.31524713572e-18,2.81815823165e-18,1.4958068317e-18,3.5217276618e-19,3.7975299698e-20],"var":[0.0217829365283,1.17097437382,6.8743391037,10.0236959457,121.345436096,100.231590271,179.23979187,504.139923096,1031.27294922,5517.19921875,22429.6757812,21226.6933594,15185.1845703,5197.34521484,8328.02929688,3242.3215332,6244.77490234,2422.73681641,3414.31640625,2722.17407227,1602.51184082,968.495727539,433.367034912,201.256835938,379.445922852,475.946075439,391.028961182,56.2725524902,35.5462760925,14.017575264,16.7467632294,25.7453155518,6.46069431305,0.717293858528,0.0705481693149,0.00302003696561,0.0000355432202923,2.78339598481e-7,2.385242448e-9,3.75329295421e-10]},"erbbands_crest":{"dmean":2.50389146805,"dmean2":3.97544002533,"dvar":5.85428476334,"dvar2":14.0547761917,"max":30.2759132385,"mean":10.1124725342,"median":9.1527633667,"min":2.45872306824,"var":18.9619865417},"erbbands_flatness_db":{"dmean":0.015214596875,"dmean2":0.0227975267917,"dvar":0.000249454402365,"dvar2":0.000562855333555,"max":0.37379309535,"mean":0.208094373345,"median":0.21125176549,"min":0.0433130413294,"var":0.00179364380892},"erbbands_kurtosis":{"dmean":0.763946950436,"dmean2":1.18725562096,"dvar":1.14681065083,"dvar2":2.70618057251,"max":19.1982326508,"mean":0.607290148735,"median":-0.0280225276947,"min":-1.61527097225,"var":4.04231309891},"erbbands_skewness":{"dmean":0.306005716324,"dmean2":0.46007373929,"dvar":0.0791560858488,"dvar2":0.180342629552,"max":3.92736387253,"mean":0.380143135786,"median":0.308396935463,"min":-2.34170460701,"var":0.516223073006},"erbbands_spread":{"dmean":4.24976921082,"dmean2":6.34174442291,"dvar":23.009016037,"dvar2":47.5017967224,"max":125.419364929,"mean":26.278678894,"median":24.2897758484,"min":3.02130532265,"var":151.274551392},"gfcc":{"cov":[[25683.4980469,4584.49951172,-3219.56518555,1213.16748047,-1088.0222168,352.835968018,-488.671691895,-168.106369019,-150.01739502,-479.159423828,-43.9609031677,-571.329467773,2.76653552055],[4584.49951172,2200.1706543,-741.522155762,45.6012535095,113.061408997,-237.5806427,104.22177124,-164.673217773,112.027885437,-247.419464111,93.5176849365,-77.9822387695,18.7827625275],[-3219.56518555,-741.522155762,793.805664062,-94.9304885864,-2.46893572807,62.0562744141,-11.7858486176,98.1437988281,-30.8135490417,147.711013794,-9.85625553131,74.0591049194,-23.6140575409],[1213.16748047,45.6012535095,-94.9304885864,255.348312378,-55.6437797546,55.4588661194,-36.6702079773,1.89450883865,-15.6519889832,11.7140922546,6.05638408661,-13.3052453995,29.1331729889],[-1088.0222168,113.061408997,-2.46893572807,-55.6437797546,313.303833008,-78.7678451538,77.0796432495,-30.5744075775,25.156961441,-21.5588684082,23.4648990631,60.4296417236,28.3455028534],[352.835968018,-237.5806427,62.0562744141,55.4588661194,-78.7678451538,188.364807129,-5.6452460289,41.0595588684,-29.2531452179,38.1506385803,-12.3668079376,-10.0953807831,-5.0573143959],[-488.671691895,104.22177124,-11.7858486176,-36.6702079773,77.0796432495,-5.6452460289,202.581665039,6.8153719902,47.6266136169,-21.3852272034,12.4704437256,20.51912117,-2.62622499466],[-168.106369019,-164.673217773,98.1437988281,1.89450883865,-30.5744075775,41.0595588684,6.8153719902,127.439880371,29.492565155,37.7834472656,-6.40028047562,-3.27267336845,-0.140663281083],[-150.01739502,112.027885437,-30.8135490417,-15.6519889832,25.156961441,-29.2531452179,47.6266136169,29.492565155,141.359817505,4.4469165802,12.2474737167,-15.9215831757,5.68922901154],[-479.159423828,-247.419464111,147.711013794,11.7140922546,-21.5588684082,38.1506385803,-21.3852272034,37.7834472656,4.4469165802,121.616592407,8.95090293884,1.22568678856,0.246164217591],[-43.9609031677,93.5176849365,-9.85625553131,6.05638408661,23.4648990631,-12.3668079376,12.4704437256,-6.40028047562,12.2474737167,8.95090293884,87.9902420044,31.964963913,5.60765600204],[-571.329467773,-77.9822387695,74.0591049194,-13.3052453995,60.4296417236,-10.0953807831,20.51912117,-3.27267336845,-15.9215831757,1.22568678856,31.964963913,115.647254944,28.175786972],[2.76653552055,18.7827625275,-23.6140575409,29.1331729889,28.3455028534,-5.0573143959,-2.62622499466,-0.140663281083,5.68922901154,0.246164217591,5.60765600204,28.175786972,84.0666503906]],"icov":[[0.000775548571255,-0.00166491826531,0.00220870436169,-0.00153760670219,0.0017271322431,-0.00214722915553,0.00145393109415,-0.00164851162117,0.00134229578543,-0.00127783091739,0.00157353258692,-0.00072886259295,0.000883099448401],[-0.00166491826531,0.00451443390921,-0.0042920652777,0.00310755078681,-0.0037464608904,0.00528512289748,-0.00340341799892,0.00392568297684,-0.00324220908806,0.0038257620763,-0.00445811217651,0.00229627150111,-0.00201900815591],[0.00220870436169,-0.0042920652777,0.00864679925144,-0.00368019659072,0.00487864902243,-0.0059728785418,0.00407318165526,-0.00554070807993,0.00415095500648,-0.00547622749582,0.00476362369955,-0.00337289925665,0.00325200404041],[-0.00153760670219,0.00310755078681,-0.00368019659072,0.00807002279907,-0.00292911683209,0.00275928899646,-0.00227881665342,0.00315667781979,-0.00222927238792,0.00152099551633,-0.0035011828877,0.00155358982738,-0.00352713977918],[0.0017271322431,-0.0037464608904,0.00487864902243,-0.00292911683209,0.00832411460578,-0.00342498533428,0.00185742939357,-0.002924320288,0.00272113503888,-0.00299956230447,0.00348011986353,-0.00329107488506,0.000901601801161],[-0.00214722915553,0.00528512289748,-0.0059728785418,0.00275928899646,-0.00342498533428,0.0137598253787,-0.00537869194523,0.00307998294011,-0.00214437255636,0.00284335482866,-0.00451012561098,0.0026287890505,-0.00236786343157],[0.00145393109415,-0.00340341799892,0.00407318165526,-0.00227881665342,0.00185742939357,-0.00537869194523,0.00911779608577,-0.00349060120061,0.000487648125272,-0.00143646076322,0.00298549514264,-0.00251321052201,0.00258995615877],[-0.00164851162117,0.00392568297684,-0.00554070807993,0.00315667781979,-0.002924320288,0.00307998294011,-0.00349060120061,0.0141576603055,-0.00583687517792,0.00183933868539,-0.00297826551832,0.00181816972326,-0.00240830029361],[0.00134229578543,-0.00324220908806,0.00415095500648,-0.00222927238792,0.00272113503888,-0.00214437255636,0.000487648125272,-0.00583687517792,0.011900559999,-0.00364279258065,0.0016109548742,0.000802229566034,0.000406681152526],[-0.00127783091739,0.0038257620763,-0.00547622749582,0.00152099551633,-0.00299956230447,0.00284335482866,-0.00143646076322,0.00183933868539,-0.00364279258065,0.0157833453268,-0.00617195107043,0.00368342525326,-0.00235996488482],[0.00157353258692,-0.00445811217651,0.00476362369955,-0.0035011828877,0.00348011986353,-0.00451012561098,0.00298549514264,-0.00297826551832,0.0016109548742,-0.00617195107043,0.0182191468775,-0.0070382822305,0.00319193070754],[-0.00072886259295,0.00229627150111,-0.00337289925665,0.00155358982738,-0.00329107488506,0.0026287890505,-0.00251321052201,0.00181816972326,0.000802229566034,0.00368342525326,-0.0070382822305,0.0146881612018,-0.00530101405457],[0.000883099448401,-0.00201900815591,0.00325200404041,-0.00352713977918,0.000901601801161,-0.00236786343157,0.00258995615877,-0.00240830029361,0.000406681152526,-0.00235996488482,0.00319193070754,-0.00530101405457,0.0156267564744]],"mean":[-42.0079956055,144.841918945,-144.70173645,27.5006732941,-54.6364479065,3.40972566605,-26.2547340393,2.98598718643,-10.0778102875,-7.13415431976,-2.50623512268,-8.05920219421,-5.77600574493]},"hfc":{"dmean":4.4676361084,"dmean2":6.40798521042,"dvar":34.796257019,"dvar2":69.5497589111,"max":87.4119644165,"mean":20.0734519958,"median":17.2838459015,"min":1.19981793462e-16,"var":181.603485107},"melbands":{"dmean":[0.000306112662656,0.000457931048004,0.000306287343847,0.000329307018546,0.000187768091564,0.000202601891942,0.000213347666431,0.000322090403643,0.000323764630593,0.000218480141484,0.000108776264824,0.0000831652650959,0.0000895971461432,0.0000399046220991,0.0000571614837099,0.0000448009195679,0.0000208565579669,0.0000233436694543,0.000017940898033,0.0000144698033182,0.0000151554359036,0.00000923909374251,0.000012906185475,0.0000050108819778,0.00000392191350329,0.00000305717799165,0.00000341709915119,0.0000033547082694,0.00000221810500989,0.00000122169501537,7.64502260608e-7,7.65241509271e-7,5.21511310581e-7,3.76268786795e-7,3.88927702488e-7,3.98497462584e-7,4.64603374439e-7,2.58119086993e-7,1.50079202399e-7,7.89048826277e-8],"dmean2":[0.000478519388707,0.000694959657267,0.000505845760927,0.000508772500325,0.000296583719319,0.000305687804939,0.000334177515469,0.00048420150415,0.000495752086863,0.000321728439303,0.000158425886184,0.000125689010019,0.000131556909764,0.0000606584580964,0.0000845027534524,0.0000659883007756,0.0000324684406223,0.0000361864658771,0.0000264322170551,0.0000213343282667,0.0000246889612754,0.0000144655987242,0.0000203908966796,0.00000763872048992,0.00000576685988563,0.00000467966810902,0.00000509397114001,0.00000505589423483,0.00000317057856591,0.00000172417571775,0.0000011101498103,0.00000111774738798,7.7071524629e-7,5.30483816874e-7,5.64595552532e-7,5.40178064057e-7,6.29288535947e-7,3.53278011289e-7,2.10300058257e-7,1.10898952244e-7],"dvar":[2.6482379667e-7,4.43211490619e-7,2.82687466324e-7,3.2474974887e-7,6.29257570495e-8,8.06261297726e-8,8.21397634354e-8,3.07809813194e-7,5.17680803114e-7,2.02581418307e-7,8.02873287853e-8,3.83912777124e-8,5.2401116335e-8,1.78099508474e-8,1.19768825968e-8,5.65655300377e-9,2.44687470285e-9,2.3727431131e-9,1.38072486777e-9,1.04639819032e-9,8.89574136576e-10,2.86910606384e-10,7.64733776304e-10,6.69824265498e-11,4.80177113349e-11,7.16222289809e-11,2.53409904172e-10,1.23257043461e-10,1.06864649074e-10,3.36307960647e-11,6.67205657043e-12,6.08113386036e-12,3.90234546066e-12,1.79857593662e-12,2.19583053997e-12,3.07560097182e-12,4.10396673242e-12,1.31462039605e-12,5.79675793044e-13,1.27305961996e-13],"dvar2":[6.0237323396e-7,0.00000106296192826,7.31001023269e-7,8.59425767885e-7,1.65820821962e-7,1.9373304383e-7,2.03694781931e-7,6.99850716046e-7,0.00000117461991067,4.24416896294e-7,1.54599746338e-7,9.3664077383e-8,1.28378800923e-7,3.75695492494e-8,2.84396755035e-8,1.28773169905e-8,5.2049493604e-9,5.27248111837e-9,2.98160296452e-9,2.21357376873e-9,2.26569674133e-9,6.91533497132e-10,1.95154359339e-9,1.39590242143e-10,1.02419100978e-10,1.6190979113e-10,5.18124987359e-10,2.94440277715e-10,2.26324126107e-10,6.27724608404e-11,1.31051315633e-11,1.23148357831e-11,8.99408499067e-12,3.47063176809e-12,4.26757023816e-12,5.50276881353e-12,7.08809660271e-12,2.01832365924e-12,1.03625409035e-12,2.05105951754e-13],"max":[0.0110173989087,0.0174306482077,0.0155771747231,0.00894527696073,0.00448164902627,0.00534704048187,0.00567711377516,0.00949133839458,0.0161965452135,0.00723143480718,0.00689039425924,0.00563954235986,0.00567417033017,0.0069149103947,0.00290437787771,0.0022494266741,0.00160345598124,0.00125921389554,0.000864491856191,0.00101340119727,0.000632190261967,0.000339974154485,0.000637764460407,0.000266206741799,0.00015230171266,0.000297675956972,0.000827412644867,0.000456918700365,0.000527140393388,0.000252785830526,0.0000870573712746,0.0000607924193901,0.0000861941152834,0.0000375467461708,0.0000390729874198,0.0000486712888232,0.0000572907483729,0.0000371380920114,0.0000261882833001,0.0000161601547006],"mean":[0.00104329828173,0.00135951396078,0.000625510292593,0.000677958305459,0.000435775087681,0.000465170596726,0.000445849378593,0.000610182876699,0.00062169181183,0.000509393867105,0.000259818218183,0.000180920760613,0.000195451561012,0.0000854370446177,0.000111721448775,0.0000958671371336,0.0000428232269769,0.0000490472193633,0.0000387194668292,0.0000318538986903,0.0000318980310112,0.0000219841313083,0.0000266557944997,0.0000116429564514,0.0000087862899818,0.00000609131120655,0.00000638733763481,0.0000065889958023,0.00000386321062251,0.00000185405417596,0.00000127753389734,0.00000138933012295,9.10054438918e-7,6.34187927062e-7,6.54248083265e-7,6.42648785742e-7,7.38569497116e-7,4.18741677777e-7,2.21015469037e-7,1.07869560395e-7],"median":[0.000608814414591,0.00107242551167,0.000437917886302,0.000402235600632,0.000323604675941,0.000304942048388,0.000288141425699,0.000259982014541,0.000201826464036,0.000160312018124,0.0000686882194714,0.0000845777540235,0.0000785265219747,0.0000346548767993,0.0000641145161353,0.0000569592302782,0.0000169090144482,0.0000199434689421,0.0000176452085725,0.0000137758106575,0.0000144949262904,0.0000111042045319,0.0000137566512421,0.00000722799723007,0.00000475159686175,0.00000315070451506,0.0000030486585274,0.00000249920867645,0.00000106335050987,3.68845377352e-7,3.3269768096e-7,4.30485073366e-7,2.71336659807e-7,1.56690589392e-7,1.25693006225e-7,6.46437499086e-8,7.24790822915e-8,4.54811619477e-8,2.24019949258e-8,9.38339539402e-9],"min":[9.82657839452e-24,6.21174162548e-24,4.46391497703e-24,7.85870017985e-24,8.33086735264e-24,6.24338796398e-24,1.82674823771e-24,1.5081471185e-23,1.34060757727e-23,1.07180921916e-23,7.09976076876e-24,6.01162851864e-24,2.0218605975e-23,1.1563030852e-23,4.73109348816e-24,8.61680182065e-24,7.01082616803e-24,1.74125567377e-23,1.39182042724e-23,1.09965230147e-23,9.00846258263e-24,1.60331577142e-23,1.17222782029e-23,1.7362306298e-23,1.02393127867e-23,4.58962232886e-24,7.41708085675e-24,1.34217804156e-23,8.5993466954e-24,7.11569339247e-24,9.0188952681e-24,7.80623935193e-24,1.4563247946e-23,1.45302262285e-23,1.49150436221e-23,1.03167899717e-23,7.24427219799e-24,1.23440899229e-23,9.15625882866e-24,1.05139499777e-23],"var":[0.00000177077879471,0.00000146895206399,4.95713891269e-7,6.87978456426e-7,1.62061638775e-7,2.40263318574e-7,2.46446660412e-7,8.43280815843e-7,0.00000130189732772,8.53038159221e-7,4.09178369409e-7,1.10086986638e-7,1.12325395207e-7,1.08905943819e-7,2.50089513543e-8,1.58141730822e-8,7.89748000329e-9,8.60330739982e-9,4.0531897838e-9,3.25299542858e-9,2.6219442173e-9,9.99507920874e-10,1.83621684524e-9,2.06574909956e-10,1.42901523947e-10,1.28558788615e-10,4.01401606398e-10,2.04884040289e-10,1.77549711045e-10,6.46112052749e-11,1.57911392296e-11,1.40999954767e-11,6.82251434167e-12,4.19628351164e-12,5.29640784355e-12,8.33311631504e-12,1.08788394959e-11,3.77887348149e-12,1.36960419134e-12,3.35873825497e-13]},"melbands_crest":{"dmean":2.21749687195,"dmean2":3.54007530212,"dvar":4.55422019958,"dvar2":11.5402145386,"max":35.9327774048,"mean":11.2810163498,"median":10.5217723846,"min":1.7098993063,"var":17.6896858215},"melbands_flatness_db":{"dmean":0.0177677031606,"dmean2":0.0257418546826,"dvar":0.000321632716805,"dvar2":0.000657546333969,"max":0.438497364521,"mean":0.219577968121,"median":0.220925778151,"min":0.00551738869399,"var":0.00349731580354},"melbands_kurtosis":{"dmean":1.65213942528,"dmean2":2.54125785828,"dvar":5.0647854805,"dvar2":11.9994840622,"max":50.4420394897,"mean":3.86231040955,"median":2.78498315811,"min":-1.66856050491,"var":19.1521110535},"melbands_skewness":{"dmean":0.335458397865,"dmean2":0.5074172616,"dvar":0.110636100173,"dvar2":0.254050433636,"max":5.79905128479,"mean":1.47462797165,"median":1.41370105743,"min":-0.958889663219,"var":0.680008232594},"melbands_spread":{"dmean":4.2882642746,"dmean2":6.3890171051,"dvar":33.7663879395,"dvar2":68.6772155762,"max":197.766464233,"mean":24.0263595581,"median":19.9917316437,"min":2.70557188988,"var":364.245239258},"mfcc":{"cov":[[10897.4550781,1745.29003906,-755.891540527,242.39630127,-213.180084229,125.117301941,-111.127693176,74.4450531006,-49.3364944458,216.553070068,-96.004524231,90.4061355591,-114.243003845],[1745.29003906,1842.81872559,-509.862609863,192.430770874,8.35948562622,-28.4509162903,-29.4619579315,123.285949707,-44.4803352356,-36.2536659241,60.4277305603,-59.1358451843,25.4323883057],[-755.891540527,-509.862609863,598.971618652,-105.384216309,4.46230602264,-22.6860046387,29.468585968,-56.1166610718,17.343585968,24.4470710754,14.9550638199,65.7612075806,-0.220902100205],[242.39630127,192.430770874,-105.384216309,201.680023193,29.1202907562,16.6042537689,5.08960866928,13.138712883,6.17777013779,-25.9471969604,-14.701631546,7.65973186493,37.3208618164],[-213.180084229,8.35948562622,4.46230602264,29.1202907562,166.412826538,-15.0890865326,-4.74463748932,-28.7388725281,7.74191331863,-31.9902610779,-13.7346315384,8.9311542511,21.0336360931],[125.117301941,-28.4509162903,-22.6860046387,16.6042537689,-15.0890865326,129.503173828,32.0858726501,10.8060894012,-2.28844761848,2.36130475998,2.06121850014,-9.51682662964,-11.3938798904],[-111.127693176,-29.4619579315,29.468585968,5.08960866928,-4.74463748932,32.0858726501,120.121253967,12.6094913483,-1.44650423527,-21.4169712067,9.53612327576,-0.635196685791,4.02100324631],[74.4450531006,123.285949707,-56.1166610718,13.138712883,-28.7388725281,10.8060894012,12.6094913483,136.981292725,9.41249084473,-1.52865219116,9.22353839874,1.09276103973,0.933804512024],[-49.3364944458,-44.4803352356,17.343585968,6.17777013779,7.74191331863,-2.28844761848,-1.44650423527,9.41249084473,107.128112793,29.4700260162,-2.36583900452,7.6886973381,-7.17146396637],[216.553070068,-36.2536659241,24.4470710754,-25.9471969604,-31.9902610779,2.36130475998,-21.4169712067,-1.52865219116,29.4700260162,149.147705078,32.9691047668,13.6739692688,-24.7870292664],[-96.004524231,60.4277305603,14.9550638199,-14.701631546,-13.7346315384,2.06121850014,9.53612327576,9.22353839874,-2.36583900452,32.9691047668,110.910430908,2.91149353981,-9.65525150299],[90.4061355591,-59.1358451843,65.7612075806,7.65973186493,8.9311542511,-9.51682662964,-0.635196685791,1.09276103973,7.6886973381,13.6739692688,2.91149353981,99.6530075073,13.6462249756],[-114.243003845,25.4323883057,-0.220902100205,37.3208618164,21.0336360931,-11.3938798904,4.02100324631,0.933804512024,-7.17146396637,-24.7870292664,-9.65525150299,13.6462249756,86.6839447021]],"icov":[[0.000136323098559,-0.000134127723868,0.0000825933821034,-0.0000482632385683,0.000159788047313,-0.000143104058225,0.0000393391746911,0.000100801385997,0.0000761681440054,-0.000225918658543,0.000277964223642,-0.000293056858936,0.000198308829567],[-0.000134127723868,0.000961088109761,0.000472987914691,-0.000499193381984,-0.000231057056226,0.000528259552084,0.0000604518390901,-0.000602651154622,0.000227113327128,0.000279677071376,-0.000870857271366,0.00049184175441,-0.000189095720998],[0.0000825933821034,0.000472987914691,0.00260108080693,0.000794440158643,0.0000412244917243,0.000374116119929,-0.000644603394903,0.00060365855461,-0.000158659808221,-0.000157375005074,-0.000360509264283,-0.00148315401748,-0.000167555292137],[-0.0000482632385683,-0.000499193381984,0.000794440158643,0.0067475810647,-0.000754038512241,-0.00115386699326,-0.000268055824563,0.000170079278178,-0.000968956795987,0.000558144878596,0.000579371815547,-0.00102156761568,-0.00247353175655],[0.000159788047313,-0.000231057056226,0.0000412244917243,-0.000754038512241,0.00713879708201,0.000340802740538,0.000312260817736,0.00171241420321,-0.000946545274928,0.00122268928681,0.000449915241916,-0.000893533637282,-0.000655125477351],[-0.000143104058225,0.000528259552084,0.000374116119929,-0.00115386699326,0.000340802740538,0.00907333288342,-0.00244482280686,-0.000578653358389,0.000419359392254,-0.000261857057922,-0.000321159721352,0.000966546998825,0.00115559704136],[0.0000393391746911,0.0000604518390901,-0.000644603394903,-0.000268055824563,0.000312260817736,-0.00244482280686,0.0097144600004,-0.000831846671645,-0.000247846066486,0.00174946058542,-0.00118947634473,0.000119189047837,-0.000362411752576],[0.000100801385997,-0.000602651154622,0.00060365855461,0.000170079278178,0.00171241420321,-0.000578653358389,-0.000831846671645,0.00861161854118,-0.00124574115034,0.000342126120813,-0.000178681031684,-0.00109254044946,-0.000160920375492],[0.0000761681440054,0.000227113327128,-0.000158659808221,-0.000968956795987,-0.000946545274928,0.000419359392254,-0.000247846066486,-0.00124574115034,0.010536856018,-0.00254284124821,0.000913394440431,-0.000252199766692,0.00104628386907],[-0.000225918658543,0.000279677071376,-0.000157375005074,0.000558144878596,0.00122268928681,-0.000261857057922,0.00174946058542,0.000342126120813,-0.00254284124821,0.00916726142168,-0.0029300856404,-0.000832900521345,0.0011792909354],[0.000277964223642,-0.000870857271366,-0.000360509264283,0.000579371815547,0.000449915241916,-0.000321159721352,-0.00118947634473,-0.000178681031684,0.000913394440431,-0.0029300856404,0.0110210962594,-0.000760689028539,0.000862241955474],[-0.000293056858936,0.00049184175441,-0.00148315401748,-0.00102156761568,-0.000893533637282,0.000966546998825,0.000119189047837,-0.00109254044946,-0.000252199766692,-0.000832900521345,-0.000760689028539,0.0122674293816,-0.00201934529468],[0.000198308829567,-0.000189095720998,-0.000167555292137,-0.00247353175655,-0.000655125477351,0.00115559704136,-0.000362411752576,-0.000160920375492,0.00104628386907,0.0011792909354,0.000862241955474,-0.00201934529468,0.0140846371651]],"mean":[-660.458312988,163.434509277,-23.2708778381,23.4706554413,-3.90847468376,0.907343327999,-3.7642095089,7.11905193329,-3.89157009125,4.08789396286,0.280822396278,4.91061592102,0.947195470333]},"pitch_salience":{"dmean":0.0527881830931,"dmean2":0.0834044367075,"dvar":0.0021917396225,"dvar2":0.00548368133605,"max":0.888390958309,"mean":0.55821788311,"median":0.560123562813,"min":0.222842380404,"var":0.00897740386426},"silence_rate_20dB":{"dmean":0,"dmean2":0,"dvar":0,"dvar2":0,"max":1,"mean":1,"median":1,"min":1,"var":0},"silence_rate_30dB":{"dmean":0,"dmean2":0,"dvar":0,"dvar2":0,"max":1,"mean":1,"median":1,"min":1,"var":0},"silence_rate_60dB":{"dmean":0.000686459592544,"dmean2":0.0013731548097,"dvar":0.000685993931256,"dvar2":0.00137129088398,"max":1,"mean":0.0490734390914,"median":0,"min":0,"var":0.0466655492783},"spectral_centroid":{"dmean":154.55519104,"dmean2":227.227294922,"dvar":41095.9492188,"dvar2":64625.3945312,"max":10548.4013672,"mean":1174.29272461,"median":1028.81213379,"min":300.64175415,"var":379344.4375},"spectral_complexity":{"dmean":2.41977000237,"dmean2":3.77686238289,"dvar":5.89685678482,"dvar2":12.7344102859,"max":46,"mean":20.1019210815,"median":20,"min":0,"var":48.1330108643},"spectral_contrast_coeffs":{"dmean":[0.0411221273243,0.0433211252093,0.035978551954,0.0323465056717,0.0261364039034,0.0193113423884],"dmean2":[0.0686985328794,0.0695122927427,0.0575579218566,0.0507533811033,0.04054056108,0.0302467271686],"dvar":[0.0012153753778,0.00131033314392,0.00095571030397,0.000762908661272,0.000529167416971,0.000380810495699],"dvar2":[0.00337902875617,0.00331502244808,0.00238182232715,0.00176545477007,0.00126880896278,0.000894998083822],"max":[-0.361186027527,-0.44041505456,-0.494432508945,-0.520150721073,-0.561554193497,-0.572089910507],"mean":[-0.651080012321,-0.694843828678,-0.70709079504,-0.719509541988,-0.7320099473,-0.740358233452],"median":[-0.656780123711,-0.695406675339,-0.705289244652,-0.717731952667,-0.728178977966,-0.736871540546],"min":[-0.962575078011,-0.964329063892,-0.966898679733,-0.958941996098,-0.955464720726,-0.961184620857],"var":[0.00687363278121,0.00629382068291,0.00559106050059,0.00477537978441,0.00386905972846,0.00275322538801]},"spectral_contrast_valleys":{"dmean":[0.333232730627,0.312881678343,0.317500829697,0.308084845543,0.290393441916,0.366855114698],"dmean2":[0.55219912529,0.502659320831,0.497378319502,0.47709992528,0.433255106211,0.525738418102],"dvar":[0.100756391883,0.0883026272058,0.0952276214957,0.098281852901,0.104044638574,0.20551340282],"dvar2":[0.247965455055,0.184406608343,0.196424692869,0.187659427524,0.20015476644,0.424451768398],"max":[-5.60301828384,-4.83998918533,-5.16069698334,-5.88622188568,-6.05566883087,-7.67319393158],"mean":[-7.44649839401,-6.64839410782,-7.49557638168,-8.13068389893,-8.27419376373,-11.5338068008],"median":[-7.0707244873,-6.31189155579,-7.17944908142,-7.8394446373,-8.00183296204,-11.373960495],"min":[-27.0601787567,-27.1546974182,-26.9672489166,-27.0706176758,-27.3356876373,-27.1713676453],"var":[3.49560141563,3.08437681198,2.90052175522,2.64208340645,2.34372282028,2.01661491394]},"spectral_decrease":{"dmean":1.48132872635e-9,"dmean2":2.2211437134e-9,"dvar":3.0484914295e-18,"dvar2":6.80649620224e-18,"max":2.58932413322e-16,"mean":-7.28709492748e-9,"median":-6.80239820028e-9,"min":-2.94319324468e-8,"var":1.62058909506e-17},"spectral_energy":{"dmean":0.00591184711084,"dmean2":0.00884264241904,"dvar":0.0000486919670948,"dvar2":0.000108226231532,"max":0.118030533195,"mean":0.0293238572776,"median":0.027371108532,"min":1.09292248176e-20,"var":0.00026120126131},"spectral_energyband_high":{"dmean":0.000159840536071,"dmean2":0.000215757041587,"dvar":2.43024317115e-7,"dvar2":3.62624547279e-7,"max":0.0147091560066,"mean":0.00034381239675,"median":0.000115432034363,"min":8.0474810442e-21,"var":7.89767227616e-7},"spectral_energyband_low":{"dmean":0.00196551857516,"dmean2":0.00301983812824,"dvar":0.0000078539169408,"dvar2":0.0000187601453945,"max":0.057734053582,"mean":0.00675147539005,"median":0.0053136376664,"min":4.72847360221e-23,"var":0.0000330092479999},"spectral_energyband_middle_high":{"dmean":0.00190641963854,"dmean2":0.00280022178777,"dvar":0.0000093945845947,"dvar2":0.0000219589564949,"max":0.059620320797,"mean":0.00687919696793,"median":0.00517698330805,"min":1.63743794988e-21,"var":0.0000396393916162},"spectral_energyband_middle_low":{"dmean":0.00460129277781,"dmean2":0.00696126837283,"dvar":0.0000332709932991,"dvar2":0.0000760716793593,"max":0.103927910328,"mean":0.0159475114197,"median":0.0130884898826,"min":2.73534603255e-22,"var":0.000137621871545},"spectral_entropy":{"dmean":0.143103897572,"dmean2":0.2115406394,"dvar":0.0216723885387,"dvar2":0.0475604236126,"max":9.80130577087,"mean":7.17350101471,"median":7.13096380234,"min":5.81003379822,"var":0.213972181082},"spectral_flux":{"dmean":0.0177929364145,"dmean2":0.0277820713818,"dvar":0.000341290637152,"dvar2":0.000758623122238,"max":0.238046884537,"mean":0.0690821483731,"median":0.0656890496612,"min":1.04542929869e-10,"var":0.00121744861826},"spectral_kurtosis":{"dmean":3.47592997551,"dmean2":6.04353189468,"dvar":13.3149642944,"dvar2":40.3526954651,"max":51.6398544312,"mean":7.44435882568,"median":6.17037010193,"min":-1.19786608219,"var":29.6798915863},"spectral_rms":{"dmean":0.000516174477525,"dmean2":0.000764661934227,"dvar":2.92271437274e-7,"dvar2":6.33258991911e-7,"max":0.01073087845,"mean":0.00507418857887,"median":0.00516754481941,"min":3.26537256436e-12,"var":0.00000286130421046},"spectral_rolloff":{"dmean":252.785552979,"dmean2":417.6980896,"dvar":248089.984375,"dvar2":434004,"max":21468.6035156,"mean":1696.1895752,"median":1012.06054688,"min":107.666015625,"var":9810555},"spectral_skewness":{"dmean":0.325792074203,"dmean2":0.549170196056,"dvar":0.0885056257248,"dvar2":0.25654399395,"max":5.55194187164,"mean":1.78474724293,"median":1.72446131706,"min":0.0652694627643,"var":0.335449784994},"spectral_spread":{"dmean":352286.15625,"dmean2":534430.0625,"dvar":318736007168,"dvar2":517645303808,"max":41614640,"mean":3226813.5,"median":2743289.25,"min":1067406.25,"var":4758160015360},"spectral_strongpeak":{"dmean":0.624511897564,"dmean2":1.0352408886,"dvar":0.845086991787,"dvar2":1.99983417988,"max":9.95952129364,"mean":1.35228407383,"median":0.676931977272,"min":0,"var":2.1964609623},"zerocrossingrate":{"dmean":0.00580834317952,"dmean2":0.00665859412402,"dvar":0.0000848193085403,"dvar2":0.0000698003204889,"max":0.72998046875,"mean":0.0589958205819,"median":0.04052734375,"min":0.00537109375,"var":0.00904127210379}},"metadata":{"audio_properties":{"analysis_sample_rate":44100,"bit_rate":320000,"codec":"mp3","downmix":"mix","equal_loudness":0,"length":135.288162231,"lossless":false,"md5_encoded":"0440345ab73a53389177825f164c2797","replay_gain":-7.80414962769,"sample_rate":44100},"tags":{"album":["Farther Along"],"albumartist":["Byrds"],"artist":["The Byrds"],"asin":["B00008WT57"],"bpm":["91"],"composer":["Clarence White/Skip Battin/Roger McGuinn/Gene Parsons"],"date":["1971"],"discnumber":["1/1"],"encodedby":["iTunes v7.1.1"],"file_name":"copy3191069464127447027.mp3","genre":["Classic Rock"],"initialkey":["A"],"isrc":["USSM17100684"],"musicbrainz_albumid":["45bcdb30-9984-40ed-9f3c-f2430ebeef0f"],"musicbrainz_artistid":["2819834e-4e08-47b0-a2c4-b7672318e8f0"],"musicbrainz_recordingid":["0727c14b-5e5c-4517-8124-775f838111db"],"title":["Antique Sandy"],"tracknumber":["07"]},"version":{"essentia":"2.1-beta2","essentia_build_sha":"cead25079874084f62182a551b7393616cd33d87","essentia_git_sha":"v2.1_beta2-1-ge3940c0","extractor":"music 1.0"}},"rhythm":{"beats_count":406,"beats_loudness":{"dmean":0.0139070628211,"dmean2":0.0247182231396,"dvar":0.00013575189223,"dvar2":0.000404618971515,"max":0.0899360328913,"mean":0.0365507975221,"median":0.0344405174255,"min":1.20287690919e-9,"var":0.000307898764731},"beats_loudness_band_ratio":{"dmean":[0.154339313507,0.107275895774,0.186531797051,0.101157672703,0.0438173413277,0.0323978886008],"dmean2":[0.268280416727,0.183076381683,0.335636794567,0.179504916072,0.0764624923468,0.0589993782341],"dvar":[0.0169502794743,0.00857847090811,0.0240021999925,0.0107345730066,0.0019297428662,0.00465239165351],"dvar2":[0.0482633039355,0.0241709314287,0.0692834034562,0.0336088053882,0.00585963577032,0.0129698393866],"max":[0.871872663498,0.585426688194,0.855563104153,0.766968071461,0.327462464571,0.974582195282],"mean":[0.299028992653,0.180075258017,0.291900545359,0.158555433154,0.069341853261,0.0418175682425],"median":[0.264004945755,0.16069