{"lowlevel":{"average_loudness":0.868235826492,"barkbands":{"dmean":[0.000184728676686,0.00886586401612,0.00501961493865,0.00186367705464,0.00103145523462,0.000723147706594,0.000480372429593,0.000521924637724,0.000884235138074,0.000530865450855,0.000405881117331,0.000476898305351,0.000807941774838,0.000517262029462,0.000304520741338,0.000271733821137,0.000201693517738,0.000155192887178,0.000108827269287,0.000103066995507,0.0000817905092845,0.00012971907563,0.00016616161156,0.000135564012453,0.0000686917774146,0.0000109022257675,4.34710955233e-7],"dmean2":[0.000304346729536,0.0150915076956,0.00823665689677,0.00311990873888,0.0017299214378,0.00114197935909,0.000736733491067,0.000784905103501,0.00130064343102,0.000801542657427,0.000630468595773,0.000753873435315,0.00134998210706,0.000806819880381,0.0004795458226,0.000413071917137,0.000313359254505,0.0002371595765,0.000168923390447,0.000156828013132,0.000126673810882,0.00018761427782,0.000226368938456,0.000184983364306,0.000096399897302,0.0000141686141433,6.19111517608e-7],"dvar":[1.58318414378e-7,0.000403838901548,0.000078215773101,0.0000149563447849,0.00000381515519621,0.00000263458582594,0.00000160903914548,0.00000271369185612,0.00000944238490774,0.00000358937495548,0.0000023005636649,0.00000250007019531,0.00000952208119998,0.00000266382471636,9.12019913812e-7,0.00000101343334791,3.09571902335e-7,1.59198634719e-7,1.52668704345e-7,5.57618307084e-8,3.59341143508e-8,6.68281217031e-8,1.68877448914e-7,1.12080591919e-7,2.49823450815e-8,5.40691103001e-10,1.21865093971e-12],"dvar2":[3.99990170763e-7,0.00107774918433,0.000202373295906,0.0000387003237847,0.0000102479452835,0.00000638426399746,0.00000372389490622,0.0000061748396547,0.0000174698288902,0.00000798645942268,0.00000506027390657,0.00000610540246271,0.0000275764941762,0.00000605473724136,0.000002216132998,0.00000228727731155,7.35235119009e-7,3.69975680314e-7,2.90518471502e-7,1.24774615529e-7,9.17011320212e-8,1.32957637788e-7,2.77064287957e-7,2.07380111306e-7,4.6988176905e-8,9.02030561356e-10,2.58004880481e-12],"max":[0.0051627131179,0.232330292463,0.0896984934807,0.065257050097,0.0248619001359,0.0304538290948,0.0311964675784,0.031339276582,0.0887838229537,0.0465416237712,0.0437311120331,0.0359178707004,0.0532486140728,0.0447774045169,0.016697851941,0.0307871419936,0.0113540096208,0.00844635348767,0.0182619690895,0.0070352233015,0.00479827867821,0.00644493801519,0.0132308863103,0.00904528424144,0.00305029726587,0.00042864549323,0.0000217296892515],"mean":[0.000229436787777,0.0121842036024,0.00867761578411,0.00290592177771,0.00163764890749,0.00160322419833,0.000872648961376,0.000816115294583,0.00161413138267,0.00109813793097,0.000788474048022,0.00075291324174,0.00114171556197,0.000845200032927,0.00043142636423,0.000442958698841,0.000328975176672,0.000263051420916,0.000194407097297,0.00019275311206,0.00015170579718,0.000258986605331,0.000307082722429,0.000246138923103,0.000124774160213,0.0000213089697354,7.6143055594e-7],"median":[0.0000501364265801,0.00695091346279,0.00423884298652,0.00151801132597,0.000831564655527,0.00069835560862,0.00028842446045,0.000162664640811,0.000221442809561,0.000120675344078,0.0000737236114219,0.0000922848485061,0.0000818846892798,0.000061532620748,0.0000647232955089,0.0000526809308212,0.0000676554845995,0.0000612622388871,0.0000553448953724,0.0000722019758541,0.000063770567067,0.000108139880467,0.0000776790329837,0.0000599781378696,0.0000289473391604,0.00000459142802356,1.39527784881e-7],"min":[6.83348471451e-24,3.08811055609e-23,5.3684351183e-24,1.9409666982e-23,6.34699372094e-23,4.32826774114e-23,4.75732129888e-23,5.72383651985e-23,2.50639584711e-23,1.08204983278e-22,2.07355408464e-22,7.14101440757e-23,9.39680318682e-23,2.00889778267e-22,1.24501170884e-22,1.50146609772e-22,1.28241393938e-22,1.4087233183e-22,1.4801356775e-22,3.00362437356e-22,6.7437959312e-22,5.12093714059e-22,3.95233298442e-22,8.11228961525e-22,1.03519008137e-21,1.81478922945e-21,2.59606192385e-21],"var":[2.18955705122e-7,0.000376252486603,0.000130660890136,0.0000181969498954,0.00000522999334862,0.00000774440923124,0.00000378876802642,0.0000056219405451,0.0000360838785127,0.0000174936285475,0.0000104700020529,0.00000539421989743,0.0000134822157634,0.00000659505030853,0.00000128467695504,0.00000289536728815,6.18447870693e-7,3.27471980199e-7,4.24962280476e-7,1.35678732249e-7,5.91697677521e-8,1.71067824795e-7,4.87802935822e-7,2.56169784052e-7,5.6368097745e-8,1.5580309265e-9,2.22667435705e-12]},"barkbands_crest":{"dmean":2.78804039955,"dmean2":4.67794847488,"dvar":7.26541662216,"dvar2":19.5883312225,"max":26.0605258942,"mean":11.4441509247,"median":11.0404729843,"min":2.71997928619,"var":16.8331375122},"barkbands_flatness_db":{"dmean":0.0235939528793,"dmean2":0.0369748175144,"dvar":0.000592301192228,"dvar2":0.00135607609991,"max":0.529282152653,"mean":0.18745739758,"median":0.160174265504,"min":0.0360465496778,"var":0.00853527896106},"barkbands_kurtosis":{"dmean":7.19250917435,"dmean2":11.5688276291,"dvar":1503.28845215,"dvar2":3044.68725586,"max":1904.08630371,"mean":11.4520082474,"median":2.85592365265,"min":-1.95857286453,"var":2208.70092773},"barkbands_skewness":{"dmean":0.759100556374,"dmean2":1.18994057178,"dvar":1.14716589451,"dvar2":2.59961795807,"max":37.0941925049,"mean":2.0730445385,"median":1.54028868675,"min":-5.1825928688,"var":4.51721000671},"barkbands_spread":{"dmean":5.83974742889,"dmean2":8.77412891388,"dvar":70.2907028198,"dvar2":140.036453247,"max":124.737518311,"mean":20.6384716034,"median":18.220243454,"min":0.174035683274,"var":303.29397583},"dissonance":{"dmean":0.0252822544426,"dmean2":0.0426741279662,"dvar":0.000847758783493,"dvar2":0.00240728980862,"max":0.499997913837,"mean":0.440935522318,"median":0.457663238049,"min":0.206106171012,"var":0.00261362176389},"dynamic_complexity":5.09948921204,"erbbands":{"dmean":[0.191187396646,2.22254657745,5.27615404129,6.20948266983,4.98221349716,2.97067832947,4.19536828995,6.7103729248,6.51835250854,7.56577444077,12.6625089645,20.8735733032,19.5308437347,11.5164270401,17.8832378387,18.1164016724,29.4364109039,31.7752323151,19.2679214478,14.1098041534,11.7125616074,11.2468309402,9.03916549683,4.96224021912,5.95395231247,4.56240844727,3.19274497032,3.62918186188,4.37128973007,5.42862844467,4.58013296127,3.48490548134,1.82396912575,0.955027759075,0.408058911562,0.0907835438848,0.0125483162701,0.00106830929872,0.000089323206339,0.0000206844670174],"dmean2":[0.325027883053,3.78124594688,8.72346496582,10.1092443466,8.41114616394,4.97339582443,6.50031375885,10.6892242432,10.1073884964,11.3248052597,18.7783088684,30.7946643829,27.9590950012,16.9408836365,27.6855144501,29.1456222534,48.5807380676,51.2631950378,29.1453475952,21.5903244019,18.0544643402,17.3460884094,13.7610139847,7.63381671906,9.15172195435,6.88561534882,4.9776968956,5.45785188675,6.3820104599,7.61544466019,6.26735019684,4.83685731888,2.52329826355,1.32997405529,0.580128729343,0.116337649524,0.0166563484818,0.00142059801146,0.000121145087178,0.000030774892366],"dvar":[0.185487344861,24.9719963074,82.3584976196,126.187362671,102.811897278,29.8842563629,97.9994659424,249.477890015,309.464385986,394.108123779,1605.96496582,6353.74121094,4542.96728516,1220.42370605,4352.99023438,3799.53564453,10757.5693359,12085.9863281,3055.13134766,2566.62841797,1754.69348145,1094.6829834,533.181762695,118.903518677,550.350158691,95.9097976685,46.4712753296,71.9609069824,77.1088562012,147.764404297,133.823532104,79.6368026733,19.702249527,4.93422317505,0.942066729069,0.0382893458009,0.000749682658352,0.00000558412057217,4.24416271017e-8,1.08400499688e-9],"dvar2":[0.497117698193,66.7782897949,216.581451416,322.352874756,264.475219727,81.3239593506,231.474960327,613.671813965,668.323608398,898.01385498,3504.35888672,11656.6494141,8565.66503906,2495.54760742,10557.1787109,9705.71679688,29688.3457031,33904.7890625,6830.38867188,5695.16064453,4527.19824219,2595.5534668,1182.89233398,272.587646484,1050.67333984,216.844207764,116.159934998,181.665878296,154.472122192,276.766174316,225.767974854,149.48135376,36.7886695862,8.99765205383,1.86610984802,0.0654135495424,0.00130406662356,0.00000998154064291,8.42919547495e-8,2.45861819792e-9],"max":[4.71493721008,57.2886581421,97.2545318604,236.903686523,128.285995483,61.0989723206,253.816558838,357.022216797,390.827880859,456.805297852,740.606506348,2534.21289062,2068.01489258,1191.953125,2023.79907227,1418.29943848,2163.1953125,1933.37109375,1434.45495605,1422.15429688,891.816223145,787.377685547,485.212432861,254.380691528,1178.15527344,254.011489868,161.202453613,253.688827515,211.459915161,339.075012207,315.846191406,212.881942749,121.81955719,52.0191192627,21.7645435333,3.66716122627,0.495804786682,0.0494123734534,0.0042816111818,0.000602683052421],"mean":[0.260209470987,3.10374069214,8.85541629791,11.6201286316,7.10555124283,4.73827838898,8.92866134644,13.9279413223,12.5248537064,13.7198143005,20.7601013184,40.0744400024,37.9378662109,24.9961032867,37.9723548889,30.9798259735,47.0318107605,48.9338493347,33.2430152893,24.1963710785,19.969865799,19.5147781372,15.8856935501,9.37661170959,11.4073381424,8.8254404068,5.95660924911,6.93673753738,8.78892230988,10.2397165298,8.3550863266,6.10778331757,3.35316538811,1.7216963768,0.729420483112,0.178785800934,0.0239612795413,0.00202306872234,0.000174768836587,0.0000540115324839],"median":[0.117034584284,1.83047926426,4.89494895935,7.05302810669,3.40718340874,2.40697264671,3.42580842972,6.227891922,4.9463019371,4.32278203964,4.16429710388,5.89198350906,5.48240375519,3.66996407509,4.01722240448,4.25684976578,4.4088640213,4.34310913086,4.11480617523,3.92940616608,3.36502313614,4.22638845444,3.93739962578,3.07640910149,2.88451933861,3.40969848633,2.53407049179,3.13357043266,3.70674085617,3.51599144936,2.14339828491,1.48627018929,0.810629010201,0.416913747787,0.147980764508,0.0396467149258,0.0053062136285,0.000408455962315,0.0000579368970648,0.0000428716048191],"min":[5.08845677101e-22,7.99027552717e-21,9.38051329748e-21,2.47020300092e-20,1.45223886695e-19,1.61570100047e-19,3.5657714105e-19,4.26901632736e-19,5.91603865097e-19,9.02461699716e-19,1.22456810499e-18,7.69535326242e-19,3.47137138765e-18,3.27022381014e-18,7.63154682472e-18,3.49216546748e-18,3.77442554867e-18,8.48965820192e-18,7.76627055827e-18,7.12226247492e-18,8.78731583662e-18,8.00699417859e-18,6.79099070166e-18,7.4359119924e-18,8.98410458589e-18,1.43164582303e-17,2.15515969444e-17,2.66244325977e-17,1.50784900978e-17,1.96199316907e-17,1.16182198875e-17,1.62716600811e-17,1.21855632173e-17,9.01892309941e-18,9.49829328954e-18,5.95970644609e-18,3.39816693741e-18,1.47454477444e-18,3.35663921364e-19,3.82343170896e-20],"var":[0.172918751836,23.5572013855,121.436027527,203.362808228,116.455421448,43.2049598694,271.610107422,691.336608887,817.615478516,1020.89776611,3558.37988281,26664.5,15180.9443359,5680.12060547,22825.5839844,7826.96972656,19109.2792969,18351.6601562,7142.47949219,5912.37158203,3899.12719727,2113.11865234,1187.46813965,305.835784912,1527.47436523,261.424346924,87.6514663696,118.798103333,196.536621094,403.339355469,363.247711182,172.816131592,46.0376167297,11.8249511719,1.93361639977,0.108706660569,0.00197042664513,0.0000142707658597,9.01326941971e-8,2.3483393008e-9]},"erbbands_crest":{"dmean":2.69599723816,"dmean2":4.34989404678,"dvar":6.90598249435,"dvar2":17.1309661865,"max":30.7927532196,"mean":10.4556150436,"median":9.28069782257,"min":2.31879496574,"var":28.020324707},"erbbands_flatness_db":{"dmean":0.0167995151132,"dmean2":0.0250461492687,"dvar":0.000269221724011,"dvar2":0.000580472231377,"max":0.402263909578,"mean":0.169719278812,"median":0.153497695923,"min":0.0106939105317,"var":0.00547350617126},"erbbands_kurtosis":{"dmean":1.5040781498,"dmean2":2.40025210381,"dvar":5.88922262192,"dvar2":16.1583557129,"max":62.6587905884,"mean":2.23100972176,"median":0.326831579208,"min":-1.80997872353,"var":35.1469535828},"erbbands_skewness":{"dmean":0.405889868736,"dmean2":0.607779383659,"dvar":0.146289125085,"dvar2":0.314673751593,"max":5.5706782341,"mean":0.441166996956,"median":0.356326371431,"min":-4.77313804626,"var":1.25854957104},"erbbands_spread":{"dmean":10.4252758026,"dmean2":15.515496254,"dvar":176.118896484,"dvar2":393.203674316,"max":158.449066162,"mean":45.5018043518,"median":35.8384361267,"min":1.3275488615,"var":1167.0456543},"gfcc":{"cov":[[24489.4160156,-4187.59521484,-4849.38720703,2235.80175781,-1060.46911621,1920.95349121,-592.314575195,1198.71350098,305.914886475,548.06842041,-255.152740479,-412.119262695,-636.970825195],[-4187.59521484,2968.56616211,820.001464844,-1011.64520264,469.568786621,-620.686706543,327.380828857,-498.569763184,-10.4476032257,-273.823486328,184.787719727,17.0799942017,191.682510376],[-4849.38720703,820.001464844,2199.23291016,-262.575469971,59.735622406,-261.752166748,21.392578125,-239.846786499,-157.498687744,-127.178451538,-41.4695014954,108.120864868,86.440864563],[2235.80175781,-1011.64520264,-262.575469971,783.565063477,-120.013450623,164.460021973,-130.650817871,224.417785645,85.2801742554,53.8645515442,-39.1788978577,-44.3145828247,-81.1781158447],[-1060.46911621,469.568786621,59.735622406,-120.013450623,339.864685059,-69.7657318115,71.0923995972,-65.6225204468,18.6823978424,-48.9978103638,26.473443985,-0.872617840767,35.2711448669],[1920.95349121,-620.686706543,-261.752166748,164.460021973,-69.7657318115,464.286071777,6.0506105423,106.419059753,-35.1540565491,75.2017745972,-67.5275344849,-64.201133728,-98.1570205688],[-592.314575195,327.380828857,21.392578125,-130.650817871,71.0923995972,6.0506105423,217.277954102,-30.3937625885,-25.4300918579,-45.1587219238,39.5014228821,-18.7826652527,15.0099935532],[1198.71350098,-498.569763184,-239.846786499,224.417785645,-65.6225204468,106.419059753,-30.3937625885,207.266448975,53.6452445984,34.6670379639,-40.2776451111,-22.2623958588,-50.2518501282],[305.914886475,-10.4476032257,-157.498687744,85.2801742554,18.6823978424,-35.1540565491,-25.4300918579,53.6452445984,130.635040283,21.3489685059,9.39884185791,-12.8652744293,1.03648173809],[548.06842041,-273.823486328,-127.178451538,53.8645515442,-48.9978103638,75.2017745972,-45.1587219238,34.6670379639,21.3489685059,113.282341003,5.21174764633,-8.86277103424,-26.7159519196],[-255.152740479,184.787719727,-41.4695014954,-39.1788978577,26.473443985,-67.5275344849,39.5014228821,-40.2776451111,9.39884185791,5.21174764633,95.9986190796,34.0869522095,27.7006397247],[-412.119262695,17.0799942017,108.120864868,-44.3145828247,-0.872617840767,-64.201133728,-18.7826652527,-22.2623958588,-12.8652744293,-8.86277103424,34.0869522095,116.044075012,61.4308662415],[-636.970825195,191.682510376,86.440864563,-81.1781158447,35.2711448669,-98.1570205688,15.0099935532,-50.2518501282,1.03648173809,-26.7159519196,27.7006397247,61.4308662415,104.027603149]],"icov":[[0.0003329081228,-0.000803160539363,0.000694500631653,-0.000983960810117,0.000860645959619,-0.00113572354894,0.000799790490419,-0.000962569087278,0.000753520173021,-0.000731200620066,0.00070381880505,-0.000723604520317,0.000274196703685],[-0.000803160539363,0.00393656129017,-0.00204860698432,0.00396847864613,-0.0029239798896,0.00347791006789,-0.00252715707757,0.00403139460832,-0.00371216563508,0.00439116032794,-0.00397916091606,0.00376915978268,-0.000788709672634],[0.000694500631653,-0.00204860698432,0.00216534221545,-0.00247414060868,0.0019356549019,-0.00213249749504,0.00154082500376,-0.00162678095512,0.00239218166098,-0.00192295969464,0.00291338283569,-0.00262378831394,0.000876648235135],[-0.000983960810117,0.00396847864613,-0.00247414060868,0.00641324929893,-0.00298765883781,0.00333849177696,-0.00143158796709,0.00210136687383,-0.004346458707,0.00502285407856,-0.00528919510543,0.00457960227504,-0.000854764657561],[0.000860645959619,-0.0029239798896,0.0019356549019,-0.00298765883781,0.00621697772294,-0.00335144577548,0.00158814655151,-0.00235456414521,0.00140903505962,-0.00186508882325,0.00252964929678,-0.00234830728732,0.000301078165649],[-0.00113572354894,0.00347791006789,-0.00213249749504,0.00333849177696,-0.00335144577548,0.00810247194022,-0.00446648569778,0.00361347617581,-0.00136939482763,0.000922661041841,-0.000441873446107,0.00267743761651,0.000973315269221],[0.000799790490419,-0.00252715707757,0.00154082500376,-0.00143158796709,0.00158814655151,-0.00446648569778,0.00986542273313,-0.00493131671101,0.0034792739898,0.000839983054902,-0.00318510062061,0.00146146898624,-0.00123606109992],[-0.000962569087278,0.00403139460832,-0.00162678095512,0.00210136687383,-0.00235456414521,0.00361347617581,-0.00493131671101,0.0145656717941,-0.00701447669417,0.00355027383193,0.000910315546207,0.000376065145247,0.00214209756814],[0.000753520173021,-0.00371216563508,0.00239218166098,-0.004346458707,0.00140903505962,-0.00136939482763,0.0034792739898,-0.00701447669417,0.0150634804741,-0.00615283008665,0.00226798607036,-0.000939016113989,-0.00136552320328],[-0.000731200620066,0.00439116032794,-0.00192295969464,0.00502285407856,-0.00186508882325,0.000922661041841,0.000839983054902,0.00355027383193,-0.00615283008665,0.0182962715626,-0.00912431441247,0.00503756524995,0.000260720757069],[0.00070381880505,-0.00397916091606,0.00291338283569,-0.00528919510543,0.00252964929678,-0.000441873446107,-0.00318510062061,0.000910315546207,0.00226798607036,-0.00912431441247,0.0230978373438,-0.0108160320669,0.00258873659186],[-0.000723604520317,0.00376915978268,-0.00262378831394,0.00457960227504,-0.00234830728732,0.00267743761651,0.00146146898624,0.000376065145247,-0.000939016113989,0.00503756524995,-0.0108160320669,0.02027172409,-0.0101163033396],[0.000274196703685,-0.000788709672634,0.000876648235135,-0.000854764657561,0.000301078165649,0.000973315269221,-0.00123606109992,0.00214209756814,-0.00136552320328,0.000260720757069,0.00258873659186,-0.0101163033396,0.0187441706657]],"mean":[-45.8915328979,104.001464844,-86.5552825928,41.7090797424,-57.2533340454,27.7424373627,-31.7628650665,7.27833652496,-16.985874176,0.111421823502,-12.0764341354,-2.03210639954,-9.33997535706]},"hfc":{"dmean":7.73620557785,"dmean2":10.6125812531,"dvar":123.232345581,"dvar2":229.038253784,"max":200.168762207,"mean":23.582277298,"median":16.4196605682,"min":1.22395982946e-16,"var":565.565551758},"melbands":{"dmean":[0.00215584388934,0.00275318417698,0.00103242113255,0.000263850146439,0.000137451192131,0.000146582460729,0.0000991451961454,0.0000824005110189,0.000107452637167,0.000142165707075,0.0000994187357719,0.0000503349219798,0.000057344968809,0.0000499892739754,0.0000528368946107,0.000084533385234,0.0000588471339142,0.0000359576770279,0.0000219169814955,0.0000222669914365,0.000012422186046,0.0000132479844979,0.00000991617980617,0.00000726579537513,0.00000404283628086,0.00000445352225142,0.00000469663564218,0.00000293772791338,0.0000022359047307,0.00000193818391381,0.00000243495219365,0.00000255351005762,0.00000274368176179,0.00000342770954376,0.00000280742438008,0.00000245120691034,0.00000217536808123,0.0000013761957689,0.00000106303514258,7.72996543219e-7],"dmean2":[0.00366700347513,0.00457793753594,0.00168281584047,0.000443563447334,0.000214415515075,0.000232211197726,0.000153801811393,0.000124022801174,0.000160598414368,0.000207513483474,0.000143259865581,0.0000745837533032,0.0000888843278517,0.0000782340284786,0.0000860008221935,0.000140359552461,0.0000943342602113,0.0000540428663953,0.0000341458144248,0.0000338832505804,0.0000196852506633,0.000020252811737,0.0000153812488861,0.0000111724730232,0.00000638761139271,0.00000706738637746,0.00000709698679202,0.00000450820289188,0.00000349240463038,0.00000306174661091,0.00000371266332877,0.00000377603691959,0.00000407088327847,0.00000491336504638,0.00000393936397813,0.00000348312255483,0.00000310737232212,0.00000195542565962,0.00000150882203798,0.00000110423366095],"dvar":[0.0000241115812969,0.0000249700133281,0.00000328692817675,2.7092869459e-7,8.39459701751e-8,1.11732170183e-7,6.68909621027e-8,5.20418268479e-8,1.1494427099e-7,2.91286028187e-7,1.15424988678e-7,2.64573909448e-8,4.81017892184e-8,2.89857240432e-8,3.75704516387e-8,1.1376577902e-7,3.92766317248e-8,1.25381935945e-8,4.93635932131e-9,8.22732637573e-9,2.0235184639e-9,1.6836037009e-9,8.16105683032e-10,3.7839764655e-10,8.32475199886e-11,3.98997140882e-10,1.89516041749e-10,4.44587144877e-11,2.10167352271e-11,2.11783646176e-11,3.53544658827e-11,2.49302141431e-11,3.81109692416e-11,7.01617097754e-11,5.12075035153e-11,4.73664926726e-11,2.90067692088e-11,1.11479367404e-11,6.49021157997e-12,3.29118459916e-12],"dvar2":[0.0000641390142846,0.0000656155825709,0.00000831765282783,7.19790477888e-7,2.04399000836e-7,2.7277604886e-7,1.48520740595e-7,1.19863898362e-7,2.4039061941e-7,5.30309932856e-7,2.21140425083e-7,5.49523981874e-8,1.04580237803e-7,6.80649208107e-8,9.78374785632e-8,3.23794125734e-7,1.06167981073e-7,2.67180340074e-8,1.12494964455e-8,1.74220176063e-8,5.31435428996e-9,4.02234201502e-9,1.79982473369e-9,8.650714034e-10,1.97013419467e-10,8.74774197523e-10,4.03724331743e-10,1.07859533804e-10,5.14569879762e-11,5.30997745773e-11,9.16512837845e-11,5.26197731221e-11,7.68023492026e-11,1.4136466997e-10,8.82616271736e-11,9.17052475624e-11,5.8813447168e-11,2.19538779517e-11,1.27979649447e-11,6.27715804682e-12],"max":[0.0566176399589,0.0555627681315,0.0347719527781,0.00700155319646,0.0070545533672,0.00690510543063,0.00551778124645,0.00549861323088,0.00715944683179,0.0173025019467,0.0101301493123,0.00531957717612,0.00675318902358,0.00434149242938,0.00575457513332,0.00587856257334,0.00308297132142,0.00356008671224,0.00141088769305,0.00313365599141,0.000893331423867,0.000967711675912,0.000943515391555,0.000412406749092,0.000230211633607,0.00077969674021,0.000551409320906,0.000177099165739,0.0000711780012352,0.000155568923219,0.000189476486412,0.000115412629384,0.0001724807953,0.000278490042547,0.000235537285334,0.000172608837602,0.000116879149573,0.0000903725813259,0.0000544258691662,0.0000415402464569],"mean":[0.00299252057448,0.00466999737546,0.00193969521206,0.000386239378713,0.000289683201117,0.000311573501676,0.00018784882559,0.000145540150697,0.000169590013684,0.000263382389676,0.000191380459,0.000107626321551,0.000116811082989,0.0000854431054904,0.0000858639541548,0.000122703102534,0.0000868342467584,0.0000589545707044,0.0000314868993883,0.0000364303923561,0.0000189538804989,0.0000211969891097,0.0000158544717124,0.0000120888316815,0.00000685376107867,0.00000764272135712,0.00000855410689837,0.00000513941358804,0.00000378921026822,0.00000332491686095,0.00000435000447396,0.00000490590400659,0.00000502129569213,0.00000606915318713,0.00000494071628054,0.00000401552279072,0.00000367721327166,0.00000242169812736,0.00000182227574896,0.00000133063633712],"median":[0.0015928390203,0.00307105085813,0.00123606377747,0.000187198224012,0.000125317368656,0.000143453667988,0.0000738328599255,0.0000423319106631,0.0000300013543892,0.0000325818182318,0.0000240555127675,0.0000128311166918,0.000010886520613,0.0000109685197458,0.00000848830404721,0.00000829654800327,0.00000668193706588,0.00000548545585843,0.00000479146501675,0.00000417225146521,0.00000306247193294,0.00000385032717531,0.00000351576363755,0.00000269561473942,0.00000197466397367,0.00000175484456122,0.00000230912087318,0.00000182835242413,0.00000145523642914,0.00000138509881253,0.00000182879671229,0.00000198548787012,0.00000193198388843,0.00000176643038685,0.00000122792255297,9.20275510907e-7,8.72239922955e-7,5.86334635955e-7,4.28398777785e-7,3.07428024371e-7],"min":[7.18648024807e-24,7.60259490925e-24,9.40180835149e-24,9.93476672336e-24,1.23618724254e-23,9.77278202509e-24,8.77850883989e-24,1.12536632708e-23,8.20375267296e-24,4.48172232867e-24,1.7612119614e-23,1.1108854441e-23,3.20840584879e-23,7.53179937617e-24,9.18463573315e-24,9.40292853398e-24,1.73023102707e-23,1.42879954435e-23,8.9639582058e-24,8.20204084479e-24,1.1200776458e-23,8.15028210308e-24,6.24217035718e-24,6.80951438704e-24,5.78280403029e-24,6.16806673589e-24,7.38452062289e-24,9.84818687243e-24,1.21267808316e-23,1.66003281947e-23,1.45309646023e-23,6.46845392455e-24,1.24568157796e-23,9.46598139727e-24,5.80531575394e-24,1.00412061476e-23,9.15253698291e-24,9.08939340061e-24,7.13165520402e-24,7.36421139888e-24],"var":[0.000022578293283,0.0000322532723658,0.000005226065241,3.21111770063e-7,2.24251394343e-7,3.12533273927e-7,1.64487417464e-7,1.30642519025e-7,2.57976950024e-7,0.00000120507195334,4.20805122303e-7,1.39845738545e-7,2.27221065074e-7,7.5286429535e-8,7.19508079783e-8,1.73895486455e-7,6.3919493698e-8,3.2611261247e-8,7.58468576834e-9,2.29617587166e-8,3.76886521991e-9,2.98808355836e-9,1.59499069508e-9,7.96354204802e-10,1.87975024435e-10,8.33379643073e-10,5.67630831227e-10,9.45848330214e-11,3.8256130902e-11,3.35446705135e-11,5.29889500334e-11,6.04166855434e-11,8.43447811594e-11,1.73013769977e-10,1.40504829993e-10,9.4684010632e-11,5.82512441061e-11,2.4002754645e-11,1.4876041371e-11,7.14435108295e-12]},"melbands_crest":{"dmean":3.22480797768,"dmean2":5.36624336243,"dvar":9.29339694977,"dvar2":25.5443496704,"max":36.5941886902,"mean":16.1655082703,"median":15.994301796,"min":2.59240698814,"var":26.8650989532},"melbands_flatness_db":{"dmean":0.0292891301215,"dmean2":0.0453791879117,"dvar":0.000944353931118,"dvar2":0.00207343976945,"max":0.669990956783,"mean":0.270527511835,"median":0.240986302495,"min":0.00542123569176,"var":0.0158001221716},"melbands_kurtosis":{"dmean":16.7659072876,"dmean2":26.9560489655,"dvar":1181.63623047,"dvar2":2806.65527344,"max":969.901611328,"mean":33.0701713562,"median":10.9200258255,"min":-1.73899316788,"var":3020.76098633},"melbands_skewness":{"dmean":1.05384266376,"dmean2":1.66108751297,"dvar":1.60745704174,"dvar2":3.80584955215,"max":22.0058822632,"mean":3.65185570717,"median":2.78208374977,"min":-1.3021531105,"var":8.81663417816},"melbands_spread":{"dmean":6.64443635941,"dmean2":10.2821207047,"dvar":128.470458984,"dvar2":274.858093262,"max":230.615600586,"mean":19.6129360199,"median":12.6156845093,"min":0.214504405856,"var":485.541625977},"mfcc":{"cov":[[19133.4121094,-3062.23974609,-2456.49121094,-604.514038086,-49.3436775208,577.691833496,-174.10975647,352.843170166,207.794067383,775.57220459,739.964538574,259.633300781,-43.9383392334],[-3062.23974609,2900.51928711,182.005355835,-132.725753784,-51.2277679443,-110.909172058,106.05254364,-107.984336853,-79.6251296997,-244.143600464,-118.186592102,-78.2399520874,42.005821228],[-2456.49121094,182.005355835,1479.80810547,214.111419678,58.4214782715,-25.7465019226,25.4836349487,-26.5390434265,-45.059753418,-107.828659058,-171.021560669,-33.8039054871,-39.9640464783],[-604.514038086,-132.725753784,214.111419678,447.09262085,99.9407348633,-98.9346313477,-64.9168548584,35.5206413269,-3.16835975647,-2.23611760139,-50.3595695496,13.4819889069,12.8900117874],[-49.3436775208,-51.2277679443,58.4214782715,99.9407348633,225.249130249,38.4437446594,-40.7929916382,21.3975200653,18.7872104645,14.6529273987,-14.986700058,-9.49611473083,4.63687467575],[577.691833496,-110.909172058,-25.7465019226,-98.9346313477,38.4437446594,212.986816406,89.94140625,19.2441539764,7.63838005066,34.5919342041,42.9015159607,-11.3712158203,-12.0319814682],[-174.10975647,106.05254364,25.4836349487,-64.9168548584,-40.7929916382,89.94140625,195.449584961,40.982925415,-3.84215855598,-3.50212693214,17.7049713135,-23.2190685272,-14.9350290298],[352.843170166,-107.984336853,-26.5390434265,35.5206413269,21.3975200653,19.2441539764,40.982925415,135.947265625,36.1568603516,22.1798973083,17.0846424103,7.61877727509,-17.5039653778],[207.794067383,-79.6251296997,-45.059753418,-3.16835975647,18.7872104645,7.63838005066,-3.84215855598,36.1568603516,88.4290313721,47.4887123108,18.1637077332,5.49506616592,-3.78012156487],[775.57220459,-244.143600464,-107.828659058,-2.23611760139,14.6529273987,34.5919342041,-3.50212693214,22.1798973083,47.4887123108,133.03855896,62.9548835754,3.66652441025,-9.03470039368],[739.964538574,-118.186592102,-171.021560669,-50.3595695496,-14.986700058,42.9015159607,17.7049713135,17.0846424103,18.1637077332,62.9548835754,130.060409546,29.5635375977,-15.0121746063],[259.633300781,-78.2399520874,-33.8039054871,13.4819889069,-9.49611473083,-11.3712158203,-23.2190685272,7.61877727509,5.49506616592,3.66652441025,29.5635375977,94.4239807129,25.8098049164],[-43.9383392334,42.005821228,-39.9640464783,12.8900117874,4.63687467575,-12.0319814682,-14.9350290298,-17.5039653778,-3.78012156487,-9.03470039368,-15.0121746063,25.8098049164,95.4963150024]],"icov":[[0.000113503549073,0.0000539692191523,0.00011127282778,0.0000913337498787,0.0000797263855929,-0.000255794089753,0.00027824472636,-0.000284504640149,0.000206043667276,-0.000357872486347,-0.000149056271766,-0.000124070225866,0.00000238927941609],[0.0000539692191523,0.000487887533382,0.0000364229781553,0.000218012108235,-0.000137608862133,0.00029827025719,-0.000305881374516,0.000163809658261,-0.0000487488978251,0.000605497800279,-0.00020090896578,0.000276072212728,-0.000228352015256],[0.00011127282778,0.0000364229781553,0.00101837003604,-0.000340843689628,0.00000776826709625,-0.000472788553452,-0.000046269633458,0.0000667186250212,0.000216247193748,-0.000132178975036,0.000980598153546,-0.000447718222858,0.000723616452888],[0.0000913337498787,0.000218012108235,-0.000340843689628,0.00354442209937,-0.0015778853558,0.00179425009992,0.000184748219908,-0.00133312761318,0.00115180783905,-0.00102042453364,0.00037796376273,-0.000513557344675,-0.000440448435256],[0.0000797263855929,-0.000137608862133,0.00000776826709625,-0.0015778853558,0.00643476191908,-0.00319012720138,0.00270070368424,-0.00116238149349,-0.000871876836754,-0.000278481049463,0.0003793957585,0.000983846606687,-0.000458742608316],[-0.000255794089753,0.00029827025719,-0.000472788553452,0.00179425009992,-0.00319012720138,0.0090143699199,-0.00461106467992,0.000994848669507,0.000277155952062,-0.000187530138646,-0.00113370129839,0.000491429236718,-0.000254878425039],[0.00027824472636,-0.000305881374516,-0.000046269633458,0.000184748219908,0.00270070368424,-0.00461106467992,0.00939826946706,-0.00387766421773,0.00118323729839,-0.000339914055075,-0.00121993978973,0.00170708005317,-0.000373227550881],[-0.000284504640149,0.000163809658261,0.0000667186250212,-0.00133312761318,-0.00116238149349,0.000994848669507,-0.00387766421773,0.0109978467226,-0.00442884443328,0.00151303492021,0.000325872912072,-0.0011340539204,0.00192166049965],[0.000206043667276,-0.0000487488978251,0.000216247193748,0.00115180783905,-0.000871876836754,0.000277155952062,0.00118323729839,-0.00442884443328,0.0163407623768,-0.00650922348723,0.000843613932375,-0.00104830390774,-0.0000512554470333],[-0.000357872486347,0.000605497800279,-0.000132178975036,-0.00102042453364,-0.000278481049463,-0.000187530138646,-0.000339914055075,0.00151303492021,-0.00650922348723,0.0150857474655,-0.00522721372545,0.0029144892469,-0.000574369449168],[-0.000149056271766,-0.00020090896578,0.000980598153546,0.00037796376273,0.0003793957585,-0.00113370129839,-0.00121993978973,0.000325872912072,0.000843613932375,-0.00522721372545,0.0142738716677,-0.00508612394333,0.00324418279342],[-0.000124070225866,0.000276072212728,-0.000447718222858,-0.000513557344675,0.000983846606687,0.000491429236718,0.00170708005317,-0.0011340539204,-0.00104830390774,0.0029144892469,-0.00508612394333,0.0145754814148,-0.00472793634981],[0.00000238927941609,-0.000228352015256,0.000723616452888,-0.000440448435256,-0.000458742608316,-0.000254878425039,-0.000373227550881,0.00192166049965,-0.0000512554470333,-0.000574369449168,0.00324418279342,-0.00472793634981,0.0129508916289]],"mean":[-684.250793457,119.521514893,32.5341911316,23.7773094177,9.51247882843,15.9892406464,2.86348462105,9.53582382202,1.63862979412,3.66069197655,1.87859094143,1.25402724743,-0.142600908875]},"pitch_salience":{"dmean":0.0786984413862,"dmean2":0.131914258003,"dvar":0.00590874953195,"dvar2":0.016788315028,"max":0.851810157299,"mean":0.486386686563,"median":0.472556710243,"min":0.0420170873404,"var":0.0165871847421},"silence_rate_20dB":{"dmean":0,"dmean2":0,"dvar":0,"dvar2":0,"max":1,"mean":1,"median":1,"min":1,"var":0},"silence_rate_30dB":{"dmean":0.0506329126656,"dmean2":0.101290479302,"dvar":0.0480689145625,"dvar2":0.12219261378,"max":1,"mean":0.962034583092,"median":1,"min":0,"var":0.036522205919},"silence_rate_60dB":{"dmean":0.0170399229974,"dmean2":0.0340881422162,"dvar":0.0167491268367,"dvar2":0.0397425405681,"max":1,"mean":0.129958629608,"median":0,"min":0,"var":0.113069318235},"spectral_centroid":{"dmean":212.810302734,"dmean2":313.621368408,"dvar":94572.4453125,"dvar2":162891.03125,"max":11525.0820312,"mean":1113.35473633,"median":997.854492188,"min":100.648468018,"var":618538.5625},"spectral_complexity":{"dmean":2.87244391441,"dmean2":4.35597753525,"dvar":15.4750518799,"dvar2":31.0477294922,"max":54,"mean":13.5996589661,"median":12,"min":0,"var":78.287109375},"spectral_contrast_coeffs":{"dmean":[0.0480102486908,0.0438431166112,0.0378494411707,0.032221775502,0.0221202392131,0.0157575160265],"dmean2":[0.0799036249518,0.0722941234708,0.0599442236125,0.0512115061283,0.0349840410054,0.024723475799],"dvar":[0.00161765597295,0.00135955319274,0.00103440438397,0.000891552830581,0.000413712084992,0.000256114173681],"dvar2":[0.00449063675478,0.00343919545412,0.00250099622644,0.00201743049547,0.000900176877622,0.000571735727135],"max":[-0.319595992565,-0.448152929544,-0.419640868902,-0.473564118147,-0.550731360912,-0.626972317696],"mean":[-0.655775725842,-0.718791782856,-0.742642581463,-0.762050271034,-0.793942034245,-0.785250663757],"median":[-0.652659535408,-0.721219301224,-0.76039737463,-0.787419915199,-0.797228395939,-0.784904956818],"min":[-0.987605988979,-0.944401204586,-0.967445969582,-0.958034515381,-0.957291185856,-0.960804641247],"var":[0.00518872216344,0.00635438831523,0.00860811397433,0.0093583650887,0.0040715765208,0.00261421478353]},"spectral_contrast_valleys":{"dmean":[0.409895092249,0.387681216002,0.330698937178,0.307594031096,0.27821162343,0.290727734566],"dmean2":[0.659258365631,0.616516172886,0.512166559696,0.455915182829,0.382406800985,0.373169511557],"dvar":[0.162995234132,0.140525311232,0.118193902075,0.117449469864,0.130514279008,0.166316315532],"dvar2":[0.316029459238,0.269073098898,0.211551710963,0.187233611941,0.188085317612,0.2673381567],"max":[-4.98248338699,-4.74484920502,-5.32449197769,-5.97672986984,-5.7027130127,-7.45801687241],"mean":[-7.1133928299,-7.25752019882,-8.07434177399,-8.57316684723,-8.48654937744,-10.3466005325],"median":[-6.85192728043,-7.00813579559,-7.81768989563,-8.15812397003,-7.94019365311,-9.74393939972],"min":[-27.3793048859,-27.5241947174,-27.0495147705,-27.4146728516,-27.381149292,-27.3217792511],"var":[1.38897132874,1.61616706848,1.94185566902,2.56931471825,3.31221652031,3.8961148262]},"spectral_decrease":{"dmean":3.89577659021e-9,"dmean2":6.17675155468e-9,"dvar":4.16604023033e-17,"dvar2":1.02458753044e-16,"max":3.58545076106e-17,"mean":-9.53645251656e-9,"median":-7.74045005869e-9,"min":-6.75417766161e-8,"var":7.62728750631e-17},"spectral_energy":{"dmean":0.0151449693367,"dmean2":0.0238773729652,"dvar":0.000610831426457,"dvar2":0.00149224512279,"max":0.256800234318,"mean":0.038131672889,"median":0.0309787821025,"min":1.07109832296e-20,"var":0.00117285363376},"spectral_energyband_high":{"dmean":0.000539367552847,"dmean2":0.000700551259797,"dvar":0.00000117572290037,"dvar2":0.00000191132198779,"max":0.0264327060431,"mean":0.00118761195336,"median":0.00050372001715,"min":7.69538159982e-21,"var":0.00000373449643121},"spectral_energyband_low":{"dmean":0.0126177528873,"dmean2":0.0207035858184,"dvar":0.000549049116671,"dvar2":0.00140828196891,"max":0.251796662807,"mean":0.0229111369699,"median":0.0157147459686,"min":3.83176468273e-23,"var":0.000724861864001},"spectral_energyband_middle_high":{"dmean":0.00234135380015,"dmean2":0.00357872853056,"dvar":0.0000206596050703,"dvar2":0.0000523463641002,"max":0.0602522417903,"mean":0.00627637375146,"median":0.0015543831978,"min":1.47831422922e-21,"var":0.0000925471758819},"spectral_energyband_middle_low":{"dmean":0.00396417733282,"dmean2":0.00623764190823,"dvar":0.0000441101001343,"dvar2":0.00010026768723,"max":0.0967401266098,"mean":0.00968924351037,"median":0.00677455076948,"min":3.18360961552e-22,"var":0.000113005960884},"spectral_entropy":{"dmean":0.164873689413,"dmean2":0.23668089509,"dvar":0.033659607172,"dvar2":0.0636934265494,"max":9.8058757782,"mean":7.27025794983,"median":7.52420663834,"min":4.25737285614,"var":0.838907718658},"spectral_flux":{"dmean":0.0314519740641,"dmean2":0.0495373122394,"dvar":0.00175364909228,"dvar2":0.00387121061794,"max":0.446057677269,"mean":0.0873990133405,"median":0.0742859467864,"min":1.03493880133e-10,"var":0.00415943143889},"spectral_kurtosis":{"dmean":3.13741183281,"dmean2":5.40024471283,"dvar":50.6716957092,"dvar2":155.990264893,"max":189.481643677,"mean":12.3638086319,"median":2.61999177933,"min":-1.20895409584,"var":659.796936035},"spectral_rms":{"dmean":0.00106235162821,"dmean2":0.00162306788843,"dvar":0.00000202891283152,"dvar2":0.000004456384886,"max":0.0158283542842,"mean":0.00538910040632,"median":0.00549756316468,"min":3.2326058063e-12,"var":0.00000815927069198},"spectral_rolloff":{"dmean":438.879241943,"dmean2":730.685974121,"dvar":1222749.75,"dvar2":2429659.5,"max":21963.8671875,"mean":1231.84509277,"median":538.330078125,"min":64.599609375,"var":3126317.25},"spectral_skewness":{"dmean":0.2799474895,"dmean2":0.444075524807,"dvar":0.136469215155,"dvar2":0.385443687439,"max":11.9785022736,"mean":2.11436915398,"median":1.38690650463,"min":-0.307317465544,"var":4.08440208435},"spectral_spread":{"dmean":578140.875,"dmean2":813987.125,"dvar":671515869184,"dvar2":1021810573310,"max":40777672,"mean":5292360,"median":5168623,"min":572237.375,"var":6743597776900},"spectral_strongpeak":{"dmean":0.554413497448,"dmean2":0.955921173096,"dvar":1.48356664181,"dvar2":3.76729512215,"max":13.2553930283,"mean":0.917399644852,"median":0.400967150927,"min":0,"var":2.53570222855},"zerocrossingrate":{"dmean":0.0104011753574,"dmean2":0.0118401367217,"dvar":0.000272286735708,"dvar2":0.000314379256452,"max":0.71435546875,"mean":0.0540771782398,"median":0.044921875,"min":0.00390625,"var":0.00204306235537}},"metadata":{"audio_properties":{"analysis_sample_rate":44100,"bit_rate":0,"codec":"flac","downmix":"mix","equal_loudness":0,"length":95.373336792,"lossless":true,"md5_encoded":"64a34da644a0cb1e1e8a72825cd4dda6","replay_gain":-11.512430191},"tags":{"album":["Tommy"],"albumartist":["The Who"],"albumartistsort":["Who, The"],"artist":["The Who"],"artistsort":["Who, The"],"asin":["B000002OZY"],"barcode":["008811141721"],"catalognumber":["MCAD-11417"],"date":["1996-03-12"],"file_name":"17 Smash the Mirror.flac","format":["CD"],"genre":["Rock"],"isrc":["GBAKW6900120"],"label":["MCA Records"],"language":["eng"],"musicbrainz_albumartistid":["9fdaa16b-a6c4-4831-b87c-bc9ca8ce7eaa"],"musicbrainz_albumid":["cc6adf85-1f08-49fe-b074-22621cffc37a"],"musicbrainz_artistid":["9fdaa16b-a6c4-4831-b87c-bc9ca8ce7eaa"],"musicbrainz_recordingid":["0744536c-a763-4730-b1a5-4a159d91c8f0"],"producer":["Jon Astley"],"releasecountry":["US"],"releasestatus":["official"],"releasetype":["album"],"replaygain_album_gain":["-6.53 dB"],"replaygain_album_peak":["0.98202515"],"replaygain_reference_loudness":["89.0 dB"],"replaygain_track_gain":["-5.93 dB"],"replaygain_track_peak":["0.97732544"],"script":["Latn"],"title":["Smash the Mirror"],"totaltracks":["24"],"tracknumber":["17"],"tracktotal":["24"]},"version":{"essentia":"2.1-beta1","essentia_build_sha":"eef087cf131c10083d474ad51def18efd0e38295","essentia_git_sha":"v2.1_beta1-7-ge0e83e8-dirty","extractor":"music 1.0"}},"rhythm":{"beats_count":175,"beats_loudness":{"dmean":0.0228222385049,"dmean2":0.0410383269191,"dvar":0.000712837965693,"dvar2":0.00195510173216,"max":0.165584251285,"mean":0.0541560314596,"median":0.0536848679185,"min":0.00000165980645761,"var":0.0015131556429},"beats_loudness_band_ratio":{"dmean":[0.177147224545,0.0864712074399,0.0757024735212,0.0605862699449,0.0518573224545,0.0489431805909],"dmean2":[0.3115