{"lowlevel":{"average_loudness":0.902962863445,"barkbands":{"dmean":[0.00000867242670211,0.000492822844535,0.00113407464232,0.000718252791557,0.00122086447664,0.000740395509638,0.000591065967456,0.000670132169034,0.000639420992229,0.000715654052328,0.000609730719589,0.00150552310515,0.00068073940929,0.000396387011278,0.000395351322368,0.000223462586291,0.00020208688511,0.00029241622542,0.000252447614912,0.000189562226296,0.000153764427523,0.000125787337311,0.000148874518345,0.000138987685204,0.0000150898613356,0.00000194717904378,8.27418134008e-8],"dmean2":[0.0000153781529662,0.000800852489192,0.00182682264131,0.00111140857916,0.00202403753065,0.00122914533131,0.000972642330453,0.00109579612035,0.00105923006777,0.00115958519746,0.00097454682691,0.00237780902535,0.00109453604091,0.000632808776572,0.000623920059297,0.000358601886546,0.000323260610458,0.00046912705875,0.000399887998356,0.000288582552457,0.000228359887842,0.000191178391105,0.000236258783843,0.00023665005574,0.000022813814212,0.00000292291588266,1.40785815006e-7],"dvar":[3.5120531483e-10,7.20488287698e-7,0.00000346674755747,0.00000147453033605,0.00000441127394879,0.00000109119628178,9.03772274796e-7,0.00000111224835564,7.8991610053e-7,0.0000013128038745,0.00000118579487207,0.0000061044247559,0.00000178865820999,6.63255434574e-7,6.89311036695e-7,2.43235945163e-7,1.58831355179e-7,3.45117086908e-7,2.343590495e-7,1.0455026711e-7,6.20587101707e-8,5.68882398966e-8,1.45918946259e-7,1.50428817847e-7,1.50679302369e-9,2.23609082639e-11,7.07412305275e-14],"dvar2":[1.00243169321e-9,0.0000018201903913,0.00000861739772517,0.0000029660184282,0.0000107713458419,0.00000290529692393,0.00000233405262406,0.00000278568154499,0.00000203947161026,0.00000335315075972,0.00000270790815193,0.0000148448580148,0.00000439027917309,0.00000155878910846,0.00000171579381458,6.36061145087e-7,4.02880317552e-7,8.87873113697e-7,5.67700112697e-7,2.48704793648e-7,1.44651224332e-7,1.30442202817e-7,3.47730036765e-7,3.93608672766e-7,3.36160699277e-9,4.72975061894e-11,2.02739490777e-13],"max":[0.000431599037256,0.0100788306445,0.0280620474368,0.0283280238509,0.0260164067149,0.0150258205831,0.0140676479787,0.0207462981343,0.0149459522218,0.0228154305369,0.0222143642604,0.0554007440805,0.0209789630026,0.0182769484818,0.0162495262921,0.0100246090442,0.00841226708144,0.0115745384246,0.0123465890065,0.00513063604012,0.00423058029264,0.00531293032691,0.00633132923394,0.00553978839889,0.000892014941201,0.000135416179546,0.0000104145165096],"mean":[0.00000838868800201,0.00085300806677,0.00217898213305,0.0013960916549,0.00180300523061,0.00120213150512,0.000876610225532,0.00104214611929,0.00107329734601,0.00120117783081,0.000975827744696,0.00265461113304,0.00114450184628,0.000624293053988,0.000732094107661,0.000404795864597,0.000351421505911,0.000540521752555,0.0005117849214,0.000340760627296,0.00031524116639,0.000236447856878,0.000204025549465,0.00014146817557,0.0000268283147307,0.00000403868625654,9.89504300719e-8],"median":[0.00000304692252939,0.000239632237935,0.00106259156018,0.000330112787196,0.0010316199623,0.000756194524001,0.000511662219651,0.000575215904973,0.000715920643415,0.000662686652504,0.000550978409592,0.00131139426958,0.000447848986369,0.000262764340732,0.00019403549959,0.000121068631415,0.000180402537808,0.000225651660003,0.000214345665881,0.00017086675507,0.000174655549927,0.000112077148515,0.000068068591645,0.0000382820689993,0.0000129138879856,0.0000020922038857,4.36788489822e-8],"min":[2.15176898864e-25,2.78506869272e-24,8.8835194398e-25,1.24386907143e-24,4.66656269396e-24,6.58378499446e-24,5.07558628446e-24,4.83616068883e-24,1.63245140232e-23,1.96251837813e-23,1.35466365865e-23,2.07606117926e-23,2.74291859237e-23,2.84327937e-23,5.42052833704e-23,7.22865117435e-23,7.38559852243e-23,5.17628595673e-23,1.10020120666e-22,1.40032756635e-22,2.34300271657e-22,2.60913661809e-22,3.80879160167e-22,6.1491977668e-22,8.87280857831e-22,1.25213223243e-21,2.02686169796e-21],"var":[2.80183959367e-10,0.00000160627166679,0.00000926756820263,0.00000786042892287,0.00000600048133492,0.00000179421465418,0.00000127534644889,0.00000210322559724,0.00000138832285757,0.0000024745081646,0.00000217125580093,0.0000155884281412,0.00000404633783546,0.00000111488168386,0.00000189252182281,5.83675102916e-7,2.8936605645e-7,7.58938313083e-7,7.37911250326e-7,1.99610923346e-7,1.47289796359e-7,1.10659279073e-7,2.11709547671e-7,1.40169504448e-7,2.69422839594e-9,4.70145762599e-11,5.02462112716e-14]},"barkbands_crest":{"dmean":2.17433190346,"dmean2":3.51141810417,"dvar":3.76854491234,"dvar2":9.46877002716,"max":23.7042274475,"mean":7.80387639999,"median":6.9953956604,"min":2.17722558975,"var":10.8319530487},"barkbands_flatness_db":{"dmean":0.0162684526294,"dmean2":0.0240586493164,"dvar":0.000191989907762,"dvar2":0.000426550366683,"max":0.313041031361,"mean":0.116982497275,"median":0.109678640962,"min":0.0437779575586,"var":0.00140286190435},"barkbands_kurtosis":{"dmean":1.22063064575,"dmean2":1.89395844936,"dvar":3.11023640633,"dvar2":7.38654994965,"max":40.4891090393,"mean":1.15619874001,"median":0.319507837296,"min":-1.87310552597,"var":9.47961711884},"barkbands_skewness":{"dmean":0.3914450109,"dmean2":0.606239557266,"dvar":0.145317450166,"dvar2":0.33894905448,"max":5.69325685501,"mean":0.784806370735,"median":0.686840116978,"min":-2.44284653664,"var":0.739345133305},"barkbands_spread":{"dmean":5.80755472183,"dmean2":8.92990779877,"dvar":47.666053772,"dvar2":108.42137146,"max":116.188491821,"mean":23.9209938049,"median":22.2934761047,"min":2.20226144791,"var":141.900299072},"dissonance":{"dmean":0.0181811191142,"dmean2":0.0310257207602,"dvar":0.000398791569751,"dvar2":0.00112998834811,"max":0.499999970198,"mean":0.471365302801,"median":0.477749198675,"min":0,"var":0.000626741035376},"dynamic_complexity":3.00245070457,"erbbands":{"dmean":[0.00559603655711,0.150493875146,1.12106490135,1.82114064693,3.83090662956,3.65816783905,5.69618749619,5.88047027588,8.23050785065,8.55874443054,16.2848453522,12.7709188461,19.3034534454,25.0096797943,27.7489700317,62.7457313538,32.5845146179,22.8086128235,17.449590683,15.0193576813,10.2829713821,11.6816568375,13.4400901794,13.6094560623,12.4364385605,8.6742811203,7.07219696045,5.87081575394,5.49193048477,2.23461771011,4.78080272675,5.37253332138,0.592097103596,0.252250432968,0.0682079419494,0.0153718385845,0.00302999676205,0.000336890137987,0.0000116410838018,0.00000575976218897],"dmean2":[0.00902877282351,0.244493752718,1.79328882694,2.82034897804,6.36475324631,6.1288819313,9.39710426331,9.87369728088,13.6066789627,14.2001495361,26.6316719055,21.0564193726,31.1621284485,40.7230682373,43.8357276917,98.2175064087,52.1862678528,35.9215927124,27.1624145508,23.8102169037,16.3559913635,18.6417331696,21.3027019501,21.4538440704,19.5540599823,13.1624803543,10.5732536316,8.71443080902,8.38488292694,3.33054709435,7.62030267715,9.17523193359,0.921032726765,0.387289047241,0.105074025691,0.0230579823256,0.00459708506241,0.000533871876542,0.0000175739860424,0.00000865230595082],"dvar":[0.000134346963023,0.0642547979951,3.32115387917,9.00797367096,57.9914550781,32.0911903381,65.6462173462,87.5701980591,161.607406616,229.115478516,674.181274414,312.296569824,926.903198242,1898.44897461,2964.12841797,11135.3720703,3809.63989258,2225.34057617,1162.45080566,965.662414551,604.043762207,569.541809082,626.844970703,826.023620605,539.288635254,210.064880371,140.164916992,88.4645233154,121.764076233,25.363576889,152.013397217,225.163467407,5.60183143616,0.547098517418,0.0235196650028,0.00130352505948,0.0000518147899129,8.45893850965e-7,8.18192125163e-10,4.17611396852e-11],"dvar2":[0.00031674845377,0.162100061774,8.16859436035,19.3892288208,143.887741089,82.6492843628,169.212982178,231.445144653,409.857971191,588.286132812,1714.92248535,803.247802734,2333.28466797,4950.03662109,6851.22216797,26987.0253906,9509.92773438,5256.72509766,2771.83105469,2382.50683594,1555.63574219,1439.2175293,1594.31274414,2042.89611816,1330.35070801,490.237457275,335.238861084,203.157836914,286.316070557,53.990776062,364.843017578,597.42401123,12.8727350235,1.27497601509,0.0515205934644,0.00269691343419,0.000117703908472,0.00000226729730457,2.13972373153e-9,8.87523318727e-11],"max":[0.146409839392,2.95956015587,26.2547397614,66.3181762695,110.103805542,65.9612884521,137.292800903,134.539230347,187.204269409,263.280181885,411.956512451,252.035751343,621.873657227,1003.76220703,1652.01782227,2335.24462891,1192.43725586,1047.26123047,593.841308594,520.984436035,599.66027832,527.078369141,745.156555176,588.515258789,599.058959961,220.197799683,175.753997803,169.864898682,237.898712158,95.1589355469,215.758529663,233.391555786,70.9044342041,16.3413276672,3.48515319824,1.12425744534,0.188475072384,0.0303346458822,0.000973692978732,0.000105077400804],"mean":[0.00776065699756,0.282400220633,2.27452492714,3.90599822998,5.44031143188,5.40246629715,9.02763843536,8.80998516083,12.4355564117,13.1030883789,26.5573120117,22.6153278351,31.673833847,43.2240562439,52.2125587463,111.960746765,62.2304267883,40.7822761536,34.7771911621,29.5520172119,20.1794090271,21.8338451385,26.4681854248,28.1347541809,24.209356308,16.2504234314,13.8870840073,11.9097032547,10.0672969818,4.17685174942,6.35838890076,5.18021821976,0.964528501034,0.402806550264,0.139738127589,0.0328085534275,0.00581285683438,0.000550024269614,0.0000297249607684,0.0000279502419289],"median":[0.00266111176461,0.0881210267544,1.08312439919,1.54206597805,2.46725797653,3.2681016922,5.7597284317,5.36634635925,7.74507856369,7.46133470535,14.644320488,15.4551153183,20.3156223297,22.2437057495,30.4911365509,55.6299934387,31.5237846375,19.5409908295,13.1990318298,9.28102016449,6.7737326622,11.3697910309,12.6434078217,11.1540756226,10.1295137405,8.04341506958,7.82718992233,6.38344478607,4.86267805099,1.64231133461,2.08454585075,1.31037569046,0.342813551426,0.17102855444,0.0758269652724,0.0176275800914,0.00292065413669,0.000274674064713,0.0000211394217331,0.0000263803831331],"min":[6.3719135214e-23,6.32452279718e-22,1.6465170447e-21,3.99881120483e-21,8.46823324824e-21,2.09091322508e-20,4.93392103508e-20,5.98158017756e-20,1.32229241163e-19,1.6025801065e-19,3.18463656954e-19,4.28164556585e-19,5.54932673796e-19,8.84789399519e-19,9.02690828746e-19,1.11967302132e-18,1.19176325927e-18,2.01486307967e-18,2.69681104258e-18,3.16688847891e-18,4.03994266708e-18,4.84556405774e-18,3.66627788743e-18,4.88648096033e-18,6.45931030118e-18,6.50829676424e-18,9.97731027355e-18,1.11850833034e-17,1.0161949394e-17,1.14835524023e-17,1.08840458087e-17,1.05018610687e-17,1.0392600436e-17,8.16302194881e-18,5.96248205063e-18,4.06972737299e-18,2.17249806182e-18,9.97891562432e-19,2.58746128112e-19,2.59650459473e-20],"var":[0.000172004845808,0.15688483417,9.56006622314,43.7778282166,75.7385787964,45.3398971558,116.110481262,115.603652954,228.642150879,322.598968506,1330.6027832,581.792663574,1451.56774902,3523.90039062,6464.46484375,28097.5410156,8861.515625,4329.63134766,3364.41601562,2348.2409668,1408.14416504,1078.12719727,1508.80883789,2471.72216797,1316.75854492,447.696929932,302.496429443,217.247131348,213.163970947,53.898147583,214.032333374,188.459213257,9.95010471344,0.884433627129,0.0496518015862,0.00289526162669,0.0000946512736846,8.98767325452e-7,1.13161768844e-9,2.91351054393e-10]},"erbbands_crest":{"dmean":2.66900062561,"dmean2":4.31979656219,"dvar":5.86809110641,"dvar2":14.6254405975,"max":29.3608474731,"mean":8.67594337463,"median":7.82915830612,"min":2.55725193024,"var":15.4215021133},"erbbands_flatness_db":{"dmean":0.0150396712124,"dmean2":0.0225581489503,"dvar":0.00018613980501,"dvar2":0.00039942553849,"max":0.35172072053,"mean":0.173485204577,"median":0.169268831611,"min":0.0257604494691,"var":0.00159449584316},"erbbands_kurtosis":{"dmean":0.905325889587,"dmean2":1.3968629837,"dvar":1.25327396393,"dvar2":2.84856462479,"max":24.2966518402,"mean":0.708244264126,"median":0.180082559586,"min":-1.63381648064,"var":4.32106637955},"erbbands_skewness":{"dmean":0.331842958927,"dmean2":0.51833564043,"dvar":0.0965603142977,"dvar2":0.235961720347,"max":3.35875105858,"mean":0.299150079489,"median":0.301400333643,"min":-2.74783611298,"var":0.364291936159},"erbbands_spread":{"dmean":7.33348846436,"dmean2":11.2052354813,"dvar":57.3085365295,"dvar2":128.963882446,"max":131.311538696,"mean":32.2245597839,"median":29.6683616638,"min":2.24970936775,"var":240.470214844},"gfcc":{"cov":[[30911.4199219,1593.27258301,-4250.80273438,1320.42150879,-1563.47277832,556.750793457,-836.685546875,6.52607393265,-615.962768555,-233.172225952,-312.190734863,-246.928192139,-362.16305542],[1593.27258301,963.75189209,-1.20076835155,1.73433160782,56.0972747803,-6.03007364273,95.9086608887,-39.9250221252,-36.791267395,-15.0742740631,23.7785148621,-46.935710907,-18.3296031952],[-4250.80273438,-1.20076835155,1198.72045898,36.8171005249,250.617645264,79.3971710205,151.919296265,103.243774414,89.030708313,57.903678894,46.7375030518,32.3789291382,39.0901069641],[1320.42150879,1.73433160782,36.8171005249,421.850402832,69.1110687256,86.6057510376,29.6335334778,86.3866119385,18.8695487976,0.340554326773,-16.888376236,-9.94368743896,1.6616692543],[-1563.47277832,56.0972747803,250.617645264,69.1110687256,321.192169189,17.667755127,108.934593201,31.7236728668,77.2470932007,17.5060577393,26.1308231354,-9.38757991791,22.066236496],[556.750793457,-6.03007364273,79.3971710205,86.6057510376,17.667755127,209.372436523,47.0015983582,48.4158859253,11.9028234482,2.68253731728,23.409822464,-5.67586326599,-23.3988494873],[-836.685546875,95.9086608887,151.919296265,29.6335334778,108.934593201,47.0015983582,203.19392395,27.1528015137,11.0790214539,14.0959863663,34.6871871948,20.059337616,10.999256134],[6.52607393265,-39.9250221252,103.243774414,86.3866119385,31.7236728668,48.4158859253,27.1528015137,115.067962646,41.6085166931,24.9710006714,-2.3353395462,1.13669681549,4.81164121628],[-615.962768555,-36.791267395,89.030708313,18.8695487976,77.2470932007,11.9028234482,11.0790214539,41.6085166931,110.448158264,26.1901264191,14.665517807,-13.4508209229,9.29441261292],[-233.172225952,-15.0742740631,57.903678894,0.340554326773,17.5060577393,2.68253731728,14.0959863663,24.9710006714,26.1901264191,81.4746704102,16.8846607208,10.9949264526,7.17312002182],[-312.190734863,23.7785148621,46.7375030518,-16.888376236,26.1308231354,23.409822464,34.6871871948,-2.3353395462,14.665517807,16.8846607208,78.6570739746,24.6137447357,1.88509047031],[-246.928192139,-46.935710907,32.3789291382,-9.94368743896,-9.38757991791,-5.67586326599,20.059337616,1.13669681549,-13.4508209229,10.9949264526,24.6137447357,68.1482849121,24.7867507935],[-362.16305542,-18.3296031952,39.0901069641,1.6616692543,22.066236496,-23.3988494873,10.999256134,4.81164121628,9.29441261292,7.17312002182,1.88509047031,24.7867507935,50.2220153809]],"icov":[[0.000679177290294,-0.00144921627361,0.00202448829077,-0.00206243968569,0.00158678181469,-0.00211120513268,0.00190646341071,-0.00116362783592,0.00127082504332,-0.000572442251723,0.000760228314903,-0.000587774266023,0.000982532044873],[-0.00144921627361,0.00432997941971,-0.00431453529745,0.00432397518307,-0.00345310149714,0.00472866790369,-0.00475520873442,0.00277924281545,-0.00202289316803,0.00121988577303,-0.0023386948742,0.0027412166819,-0.00222467677668],[0.00202448829077,-0.00431453529745,0.00716342311352,-0.00591299450025,0.00401763385162,-0.00657586148009,0.00542381173,-0.00417383527383,0.00370779284276,-0.00197689631023,0.00225766678341,-0.00213018036447,0.00259018270299],[-0.00206243968569,0.00432397518307,-0.00591299450025,0.00941638927907,-0.00566731579602,0.00537769589573,-0.00556392688304,0.00127677014098,-0.00322832074016,0.00208356650546,-0.00150862731971,0.00179533171467,-0.00344157754444],[0.00158678181469,-0.00345310149714,0.00401763385162,-0.00566731579602,0.00913555268198,-0.0043827528134,0.00211707828566,-0.00160775205586,-0.0000282924502244,-0.000961900514085,0.00109250785317,0.000404064689064,0.000779460940976],[-0.00211120513268,0.00472866790369,-0.00657586148009,0.00537769589573,-0.0043827528134,0.0131762325764,-0.00714978715405,0.00165910180658,-0.00376434950158,0.0025360181462,-0.00465708132833,0.00255832867697,0.000159905714099],[0.00190646341071,-0.00475520873442,0.00542381173,-0.00556392688304,0.00211707828566,-0.00714978715405,0.0128485718742,-0.00452797766775,0.00501369405538,-0.00179823592771,0.000742542441003,-0.00363876367919,0.00243040942587],[-0.00116362783592,0.00277924281545,-0.00417383527383,0.00127677014098,-0.00160775205586,0.00165910180658,-0.00452797766775,0.0162634979934,-0.00681266048923,-0.00172251125332,0.00154322001617,-0.000147244092659,-0.00173593289219],[0.00127082504332,-0.00202289316803,0.00370779284276,-0.00322832074016,-0.0000282924502244,-0.00376434950158,0.00501369405538,-0.00681266048923,0.0174013283104,-0.00360399624333,-0.00244294339791,0.00474091991782,-0.00149377936032],[-0.000572442251723,0.00121988577303,-0.00197689631023,0.00208356650546,-0.000961900514085,0.0025360181462,-0.00179823592771,-0.00172251125332,-0.00360399624333,0.0152168218046,-0.00292825722136,-0.00114155630581,-0.00088306464022],[0.000760228314903,-0.0023386948742,0.00225766678341,-0.00150862731971,0.00109250785317,-0.00465708132833,0.000742542441003,0.00154322001617,-0.00244294339791,-0.00292825722136,0.0194177869707,-0.00937359500676,0.00472880480811],[-0.000587774266023,0.0027412166819,-0.00213018036447,0.00179533171467,0.000404064689064,0.00255832867697,-0.00363876367919,-0.000147244092659,0.00474091991782,-0.00114155630581,-0.00937359500676,0.0263478122652,-0.0131803387776],[0.000982532044873,-0.00222467677668,0.00259018270299,-0.00344157754444,0.000779460940976,0.000159905714099,0.00243040942587,-0.00173593289219,-0.00149377936032,-0.00088306464022,0.00472880480811,-0.0131803387776,0.0303789302707]],"mean":[-22.5557060242,89.1489181519,-145.453948975,27.9761981964,-76.6075973511,17.6285438538,-33.4439239502,-1.59731185436,-32.6239776611,-5.83395671844,-13.5511894226,-5.23016643524,-15.1625871658]},"hfc":{"dmean":6.48506879807,"dmean2":9.38091087341,"dvar":66.3470077515,"dvar2":148.084320068,"max":117.805335999,"mean":24.3488445282,"median":18.9812984467,"min":1.07670520298e-16,"var":382.543273926},"melbands":{"dmean":[0.000087760592578,0.000438704737462,0.000345249369275,0.000289810064714,0.000174306376721,0.000134254863951,0.000125239996123,0.0000984037251328,0.000136176400702,0.0000855370162753,0.0000983276840998,0.000103535232483,0.0000883649190655,0.00014474071213,0.000131887369207,0.0000709632295184,0.0000420299002144,0.0000277983563137,0.0000317600861308,0.0000175425557245,0.0000113883352242,0.0000126992745209,0.0000134916981551,0.0000142689750646,0.000011741812159,0.00000970218570728,0.00000854977224662,0.00000587237855143,0.0000051271981647,0.00000374505589207,0.00000367503639609,0.00000374920341528,0.00000167525058714,0.00000121952678001,0.00000201051693693,0.00000574818886889,0.00000196338578462,3.27478858253e-7,3.50589260734e-7,1.56996449618e-7],"dmean2":[0.000142511853483,0.000702203018591,0.000544399779756,0.000483101903228,0.00028801112785,0.000224179457291,0.000205950331292,0.000162181371707,0.000221313777729,0.000141733675264,0.000158629627549,0.000169356440892,0.000140313859447,0.000228610719205,0.000208233803278,0.000113368005259,0.0000665263651172,0.0000432452216046,0.000050585691497,0.0000286069371214,0.0000183857137017,0.0000203156305361,0.0000219173634832,0.0000230382320296,0.0000187473306141,0.0000154672343342,0.0000135636855703,0.00000902470583242,0.0000078155508163,0.00000582920802117,0.00000560973467145,0.00000581980066272,0.00000255420081885,0.00000186709962691,0.00000312510428557,0.00000973700934992,0.00000337428309649,5.09774338298e-7,5.48386935861e-7,2.43163782443e-7],"dvar":[2.51917757765e-8,4.9843964689e-7,2.59350798615e-7,2.85816724954e-7,5.74146170607e-8,4.10117237948e-8,3.74816480075e-8,2.91901098848e-8,4.69914560597e-8,1.40007729854e-8,2.39755628684e-8,3.34682859204e-8,2.60234891414e-8,5.94711622171e-8,5.33691952853e-8,1.95576586037e-8,7.52654560898e-9,2.83136469825e-9,5.39926237053e-9,1.41218070571e-9,7.64033281087e-10,7.67200913909e-10,5.56959811604e-10,8.6547546907e-10,6.54419463064e-10,3.40751926675e-10,2.60927196516e-10,1.0084580393e-10,7.94593141284e-11,3.79336562162e-11,3.76887791809e-11,5.78748646229e-11,1.09406832552e-11,9.87629769633e-12,3.57963172992e-11,2.56876880877e-10,2.94504177989e-11,2.7184149029e-12,1.94162264391e-12,1.85101472995e-13],"dvar2":[6.14258581777e-8,0.0000012267994407,6.01245687903e-7,7.00612758919e-7,1.48315947968e-7,1.0827549346e-7,9.58831449793e-8,7.34291702997e-8,1.19380473507e-7,3.55843852162e-8,6.0380195066e-8,8.68940404075e-8,5.91139901474e-8,1.3981639313e-7,1.29735084897e-7,4.86016098478e-8,1.76241918837e-8,6.72739863816e-9,1.36164475251e-8,3.74790909419e-9,1.95817317916e-9,1.95752414278e-9,1.41458000869e-9,2.2879185213e-9,1.62363977818e-9,8.58136894877e-10,6.5262212301e-10,2.38778469219e-10,1.93153784633e-10,9.35229463317e-11,8.86689749402e-11,1.39033812241e-10,2.53810601009e-11,2.16121114061e-11,8.39482580672e-11,6.7446292995e-10,7.83997866627e-11,6.19530815538e-12,4.79912550672e-12,4.48431439551e-13],"max":[0.00186331034638,0.0100850313902,0.00980647373945,0.00668312329799,0.00410216115415,0.0029647804331,0.0027375780046,0.00275526894256,0.0038928927388,0.0017656137934,0.00304794334807,0.00424570403993,0.00398565363139,0.00525919115171,0.00602387543768,0.00261678476818,0.00182659679558,0.000822320580482,0.00162585929502,0.000686900573783,0.000651922659017,0.000661747006234,0.00049520196626,0.000538870808668,0.000541604647879,0.000475569599075,0.000302399334032,0.000164204684552,0.000173681386514,0.0000908018482733,0.000123576610349,0.000175636290805,0.0000474490880151,0.0000651955997455,0.000159347837325,0.000293125747703,0.0000724272322259,0.000053434207075,0.0000461069394078,0.00000981464745564],"mean":[0.0001442770008,0.00090501102386,0.000718731957022,0.000404953199904,0.00028693312197,0.000209389123484,0.000189828686416,0.000150345673319,0.000221350535867,0.000144089877722,0.000155274450663,0.000171011604834,0.000151248998009,0.000261350913206,0.000228208096814,0.000116978844744,0.0000680676021148,0.0000497346773045,0.0000571980708628,0.0000310685827571,0.0000202991432161,0.0000213598195842,0.0000235513616644,0.0000254372280324,0.0000225848816626,0.0000187443511095,0.0000145267676999,0.00000992812965706,0.00000914120209927,0.00000723877792552,0.00000683747657604,0.00000652339758744,0.00000298332975035,0.00000205746528081,0.0000030809655982,0.00000561569640922,0.0000019094493382,5.71084228795e-7,5.6617119526e-7,2.39720975515e-7],"median":[0.0000427258928539,0.000413632107666,0.000338876707247,0.000221093738219,0.000195435248315,0.000133590161568,0.000116747447464,0.000084022001829,0.000118984855362,0.0000973219866864,0.0000959739118116,0.0000816900865175,0.0000847140981932,0.000129241947434,0.000110440851131,0.0000472770479973,0.0000292482000077,0.0000183510364877,0.0000146412276081,0.00000923435982259,0.00000668598113407,0.0000100612442111,0.0000122013125292,0.0000100739671325,0.00000822679976409,0.00000754514849177,0.00000606056437391,0.00000490590582558,0.00000489362582812,0.00000400180533688,0.00000348938078787,0.0000031004324228,0.00000121653465612,7.30918884528e-7,0.0000010566994888,0.00000140278177696,4.98538327065e-7,1.88755905128e-7,2.17304645389e-7,1.04373484078e-7],"min":[7.04240880602e-25,6.433159696e-25,6.01440175915e-25,9.0626687653e-25,2.26825140104e-24,1.44886059271e-24,1.71078154312e-24,1.71192775802e-24,2.40370493214e-24,2.72936367433e-24,2.13463039383e-24,3.07624435258e-24,3.20939855136e-24,2.31160759082e-24,2.18917420897e-24,2.4229748319e-24,3.38145384795e-24,3.39978303108e-24,4.25171178796e-24,3.32756478736e-24,4.0569866011e-24,4.40650483579e-24,3.32011241839e-24,2.43270602281e-24,3.58310286697e-24,3.81195930419e-24,3.91414006281e-24,3.76245354922e-24,5.01478561905e-24,4.1779919475e-24,5.24002670673e-24,5.30063843995e-24,5.62825750149e-24,5.45276908223e-24,5.48160549819e-24,5.6005294351e-24,6.43495810165e-24,5.97844035149e-24,5.82981382935e-24,6.55403310542e-24],"var":[4.74424659558e-8,0.00000144524449297,0.00000105356798485,3.63360641131e-7,1.01432874544e-7,5.72166669599e-8,5.38663549321e-8,4.53882904594e-8,9.41561069112e-8,2.482806849e-8,3.75949440468e-8,6.14564754642e-8,5.41021663025e-8,1.48977974845e-7,1.29409770011e-7,4.33885851692e-8,1.36537643414e-8,6.98519064812e-9,1.27779671288e-8,3.21990878405e-9,1.56329316159e-9,1.28019961299e-9,1.10694253763e-9,1.82805504068e-9,1.84911097545e-9,9.83799375298e-10,4.96294227936e-10,1.83760562322e-10,1.51720594421e-10,8.13325587434e-11,8.09454170358e-11,9.45619207937e-11,2.12686604439e-11,1.86558910681e-11,5.80841937048e-11,2.19075438346e-10,2.56728943659e-11,4.75660613328e-12,3.07598239414e-12,2.51718351024e-13]},"melbands_crest":{"dmean":3.2900583744,"dmean2":5.25824069977,"dvar":8.38627243042,"dvar2":20.6010799408,"max":31.8975734711,"mean":12.1221351624,"median":11.0529270172,"min":1.61312580109,"var":31.0046863556},"melbands_flatness_db":{"dmean":0.0209975373,"dmean2":0.0303033348173,"dvar":0.000389442051528,"dvar2":0.000823294569273,"max":0.421092182398,"mean":0.15128916502,"median":0.144178107381,"min":0.00288622174412,"var":0.00332992337644},"melbands_kurtosis":{"dmean":2.8600692749,"dmean2":4.59246778488,"dvar":34.4154815674,"dvar2":84.2553939819,"max":195.750732422,"mean":4.73422718048,"median":2.41323709488,"min":-1.81419432163,"var":66.4228973389},"melbands_skewness":{"dmean":0.514817774296,"dmean2":0.799670994282,"dvar":0.286834597588,"dvar2":0.664544641972,"max":12.8839111328,"mean":1.55466222763,"median":1.38760757446,"min":-2.2627081871,"var":1.25252699852},"melbands_spread":{"dmean":8.28734493256,"dmean2":12.8758230209,"dvar":102.204666138,"dvar2":246.652908325,"max":166.498962402,"mean":33.4940032959,"median":29.7640762329,"min":3.1551425457,"var":456.814208984},"mfcc":{"cov":[[11006.0302734,309.970245361,-971.020324707,384.136016846,-70.842628479,226.950271606,-62.1361351013,165.093322754,-128.079162598,66.7437820435,-57.7629127502,-50.438621521,-75.677986145],[309.970245361,1139.3581543,97.5064315796,41.1958007812,-29.4655838013,55.420009613,105.084121704,-3.39877438545,-11.5554981232,-21.2230758667,34.9668006897,45.7744674683,-17.9179592133],[-971.020324707,97.5064315796,643.353759766,65.0645904541,97.3492584229,44.8440170288,93.6446914673,58.0444717407,51.11120224,52.0839157104,-1.49082350731,65.1418457031,14.0676927567],[384.136016846,41.1958007812,65.0645904541,326.854187012,82.5349121094,41.5337944031,57.1803474426,45.4524688721,68.6582946777,24.5688266754,9.199259758,-2.7800962925,42.8604011536],[-70.842628479,-29.4655838013,97.3492584229,82.5349121094,214.516937256,37.5981864929,6.28228759766,31.2080745697,40.9313201904,72.6214904785,1.55459928513,12.7053966522,14.2576570511],[226.950271606,55.420009613,44.8440170288,41.5337944031,37.5981864929,137.496246338,81.8248596191,47.3284187317,18.0141334534,17.998298645,30.646276474,27.3071708679,6.45156621933],[-62.1361351013,105.084121704,93.6446914673,57.1803474426,6.28228759766,81.8248596191,162.27166748,69.9443206787,26.5400104523,4.47189378738,31.1470775604,42.1550559998,19.7195587158],[165.093322754,-3.39877438545,58.0444717407,45.4524688721,31.2080745697,47.3284187317,69.9443206787,110.86151886,34.9155082703,16.3073692322,9.09943389893,30.3422012329,13.300901413],[-128.079162598,-11.5554981232,51.11120224,68.6582946777,40.9313201904,18.0141334534,26.5400104523,34.9155082703,101.694572449,39.9240837097,13.0827360153,10.6659860611,18.2719936371],[66.7437820435,-21.2230758667,52.0839157104,24.5688266754,72.6214904785,17.998298645,4.47189378738,16.3073692322,39.9240837097,107.509262085,18.2568721771,17.0412750244,6.97321414948],[-57.7629127502,34.9668006897,-1.49082350731,9.199259758,1.55459928513,30.646276474,31.1470775604,9.09943389893,13.0827360153,18.2568721771,76.1320877075,27.1398143768,4.39098215103],[-50.438621521,45.7744674683,65.1418457031,-2.7800962925,12.7053966522,27.3071708679,42.1550559998,30.3422012329,10.6659860611,17.0412750244,27.1398143768,79.0014266968,22.0120201111],[-75.677986145,-17.9179592133,14.0676927567,42.8604011536,14.2576570511,6.45156621933,19.7195587158,13.300901413,18.2719936371,6.97321414948,4.39098215103,22.0120201111,66.412437439]],"icov":[[0.000155453526531,-0.0000628504421911,0.000276767124888,-0.000331163028022,0.000207479955861,-0.000373467017198,0.000312516465783,-0.000418942043325,0.000398501055315,-0.000388553540688,0.000331245391862,-0.000171760169906,0.000264315051027],[-0.0000628504421911,0.00103192240931,-0.000186488774489,-0.0000878273058333,0.0000238511747739,0.0000740681425668,-0.000827720563393,0.000801921007223,-0.0000365228152077,0.000336725148372,-0.000220498855924,-0.000525309704244,0.000539206899703],[0.000276767124888,-0.000186488774489,0.00249733612873,-0.000677728501614,-0.000320865830872,-0.00034634443,-0.000534041901119,-0.000569436931983,0.00024522759486,-0.0010354060214,0.00164391996805,-0.00179793313146,0.0010770726949],[-0.000331163028022,-0.0000878273058333,-0.000677728501614,0.00512897968292,-0.00181237445213,0.000581231666729,-0.00156581646297,0.000396569201257,-0.00282772560604,0.00148990610614,-0.00108125992119,0.0026279152371,-0.00302741234191],[0.000207479955861,0.0000238511747739,-0.000320865830872,-0.00181237445213,0.00758382957429,-0.00234642392024,0.00224237004295,-0.00148731516674,0.000561692693736,-0.00456898845732,0.0015279755462,-0.000343698397046,0.0000504422059748],[-0.000373467017198,0.0000740681425668,-0.00034634443,0.000581231666729,-0.00234642392024,0.0126202749088,-0.00572464521974,-0.000457967340481,-0.000273497105809,0.00065449468093,-0.00321352737956,0.000119199219625,0.00054142443696],[0.000312516465783,-0.000827720563393,-0.000534041901119,-0.00156581646297,0.00224237004295,-0.00572464521974,0.0138087943196,-0.00598309980705,0.000589155650232,0.000404237594921,-0.00138206908014,-0.00177457544487,-0.00109573092777],[-0.000418942043325,0.000801921007223,-0.000569436931983,0.000396569201257,-0.00148731516674,-0.000457967340481,-0.00598309980705,0.0159876886755,-0.0041062803939,0.00124713545665,0.00151503935922,-0.00317106605507,0.000491681334097],[0.000398501055315,-0.0000365228152077,0.00024522759486,-0.00282772560604,0.000561692693736,-0.000273497105809,0.000589155650232,-0.0041062803939,0.0154143609107,-0.00513312080875,-0.00062360893935,0.000803393661045,-0.00115635572001],[-0.000388553540688,0.000336725148372,-0.0010354060214,0.00148990610614,-0.00456898845732,0.00065449468093,0.000404237594921,0.00124713545665,-0.00513312080875,0.0152225391939,-0.00351445516571,-0.00106534012593,-0.000147232305608],[0.000331245391862,-0.000220498855924,0.00164391996805,-0.00108125992119,0.0015279755462,-0.00321352737956,-0.00138206908014,0.00151503935922,-0.00062360893935,-0.00351445516571,0.0182856656611,-0.00605777138844,0.00209805415943],[-0.000171760169906,-0.000525309704244,-0.00179793313146,0.0026279152371,-0.000343698397046,0.000119199219625,-0.00177457544487,-0.00317106605507,0.000803393661045,-0.00106534012593,-0.00605777138844,0.0207647997886,-0.00701939081773],[0.000264315051027,0.000539206899703,0.0010770726949,-0.00302741234191,0.0000504422059748,0.00054142443696,-0.00109573092777,0.000491681334097,-0.00115635572001,-0.000147232305608,0.00209805415943,-0.00701939081773,0.0199146103114]],"mean":[-637.101623535,109.437263489,-14.9609460831,9.60842990875,-18.2725734711,7.88431930542,1.99784529209,3.36473441124,-11.5399112701,-3.83747076988,-5.76084136963,1.56108725071,-7.96385765076]},"pitch_salience":{"dmean":0.0660690814257,"dmean2":0.107441745698,"dvar":0.00326534290798,"dvar2":0.00828274618834,"max":0.985430955887,"mean":0.6088539958,"median":0.618796169758,"min":0.137803122401,"var":0.0109741147608},"silence_rate_20dB":{"dmean":0,"dmean2":0,"dvar":0,"dvar2":0,"max":1,"mean":1,"median":1,"min":1,"var":0},"silence_rate_30dB":{"dmean":0,"dmean2":0,"dvar":0,"dvar2":0,"max":1,"mean":1,"median":1,"min":1,"var":0},"silence_rate_60dB":{"dmean":0.0152671756223,"dmean2":0.0305396486074,"dvar":0.0150348655879,"dvar2":0.0313403941691,"max":1,"mean":0.0792714655399,"median":0,"min":0,"var":0.0729902610183},"spectral_centroid":{"dmean":279.571502686,"dmean2":417.413024902,"dvar":96638.78125,"dvar2":208207.609375,"max":11590.7324219,"mean":1785.24645996,"median":1588.50952148,"min":290.277130127,"var":1976666},"spectral_complexity":{"dmean":4.09264421463,"dmean2":5.83689069748,"dvar":16.8190135956,"dvar2":30.7878036499,"max":59,"mean":23.6201210022,"median":22,"min":0,"var":147.729385376},"spectral_contrast_coeffs":{"dmean":[0.0538521520793,0.0461508370936,0.0385578349233,0.0345189198852,0.0235468633473,0.0213149692863],"dmean2":[0.0873652845621,0.0776584967971,0.0640235766768,0.0561464428902,0.0384082049131,0.0331599377096],"dvar":[0.00196209223941,0.00131930329371,0.000922189967241,0.000770988350268,0.000373755290639,0.000357102049747],"dvar2":[0.00480511179194,0.00362234259956,0.00244515994564,0.00201160437427,0.00095624406822,0.000791050726548],"max":[-0.3242649436,-0.541123688221,-0.53011983633,-0.543671131134,-0.635357320309,-0.57182341814],"mean":[-0.59514862299,-0.767513334751,-0.780962944031,-0.759376943111,-0.796907365322,-0.715483486652],"median":[-0.60021007061,-0.769272565842,-0.78370565176,-0.758362412453,-0.797607898712,-0.708352804184],"min":[-0.975244224072,-0.978934705257,-0.990483701229,-0.971667528152,-0.966129302979,-0.964230895042],"var":[0.00927780847996,0.00392748042941,0.00340054323897,0.00367135531269,0.00214319047518,0.00301584042609]},"spectral_contrast_valleys":{"dmean":[0.493184477091,0.363227367401,0.299542546272,0.281870305538,0.271534949541,0.247192397714],"dmean2":[0.799415528774,0.600337028503,0.485041618347,0.438790142536,0.384428232908,0.344323635101],"dvar":[0.185909405351,0.11852504313,0.0873195081949,0.0849286615849,0.0973287448287,0.0785107091069],"dvar2":[0.409838616848,0.252479434013,0.170020103455,0.154128730297,0.157763808966,0.131136894226],"max":[-6.01570224762,-4.96984052658,-5.17341995239,-5.82354307175,-5.65818786621,-7.80762481689],"mean":[-8.43290519714,-6.89004564285,-7.08398532867,-7.83102035522,-7.68678855896,-10.5836925507],"median":[-7.90341472626,-6.40067768097,-6.5562915802,-7.30060243607,-7.12884902954,-10.1820516586],"min":[-28.0906734467,-28.7202720642,-27.7858848572,-27.6633071899,-27.5636234283,-27.4140205383],"var":[7.98708343506,8.59890270233,8.46058750153,8.10614871979,8.34541511536,6.11668491364]},"spectral_decrease":{"dmean":9.90710402604e-10,"dmean2":1.53057289065e-9,"dvar":1.16760979218e-18,"dvar2":2.62786802007e-18,"max":1.8880341431e-28,"mean":-4.93744822805e-9,"median":-4.84815165791e-9,"min":-1.48672292255e-8,"var":8.07941714994e-18},"spectral_energy":{"dmean":0.00406364444643,"dmean2":0.00622181966901,"dvar":0.0000193490559468,"dvar2":0.0000424426580139,"max":0.0633566752076,"mean":0.0208436269313,"median":0.0203288700432,"min":9.96232661407e-21,"var":0.000147255210322},"spectral_energyband_high":{"dmean":0.000562013534363,"dmean2":0.00082727620611,"dvar":9.36280059705e-7,"dvar2":0.00000217420961235,"max":0.0148887652904,"mean":0.0010987536516,"median":0.000593663600739,"min":7.07094909464e-21,"var":0.00000194030349121},"spectral_energyband_low":{"dmean":0.00165070220828,"dmean2":0.00260720215738,"dvar":0.00000602990894549,"dvar2":0.0000146017709994,"max":0.0375360548496,"mean":0.00386119121686,"median":0.00227954844013,"min":1.73335191858e-23,"var":0.0000192487950699},"spectral_energyband_middle_high":{"dmean":0.00263484939933,"dmean2":0.00395843293518,"dvar":0.0000106154611785,"dvar2":0.000024392562409,"max":0.0586740858853,"mean":0.00914181862026,"median":0.00661013880745,"min":1.08235947015e-21,"var":0.0000678781943861},"spectral_energyband_middle_low":{"dmean":0.00272087706253,"dmean2":0.00431204074994,"dvar":0.0000121647390188,"dvar2":0.0000282524906652,"max":0.0428002178669,"mean":0.0076934597455,"median":0.00649196375161,"min":1.82671824522e-22,"var":0.0000338593345077},"spectral_entropy":{"dmean":0.118119083345,"dmean2":0.169555723667,"dvar":0.0126256961375,"dvar2":0.0261381492019,"max":9.82056713104,"mean":7.76557302475,"median":7.78541469574,"min":5.86834001541,"var":0.186755552888},"spectral_flux":{"dmean":0.0156500600278,"dmean2":0.0242973510176,"dvar":0.000250053970376,"dvar2":0.000586414069403,"max":0.191098466516,"mean":0.0786478295922,"median":0.0799940153956,"min":6.21083531827e-11,"var":0.00124839367345},"spectral_kurtosis":{"dmean":1.28337037563,"dmean2":2.12640619278,"dvar":2.93281030655,"dvar2":7.76971817017,"max":70.4317092896,"mean":3.33182024956,"median":2.73184156418,"min":-1.25663506985,"var":11.9586296082},"spectral_rms":{"dmean":0.000444526347565,"dmean2":0.000671950459946,"dvar":2.14621763917e-7,"dvar2":4.39550973397e-7,"max":0.00786202214658,"mean":0.00423155725002,"median":0.00445343041793,"min":3.11758605043e-12,"var":0.00000242917894866},"spectral_rolloff":{"dmean":606.899047852,"dmean2":1018.80480957,"dvar":1108207.625,"dvar2":2609827.5,"max":19530.6152344,"mean":2300.89526367,"median":1528.85742188,"min":107.666015625,"var":7115729.5},"spectral_skewness":{"dmean":0.207933500409,"dmean2":0.317119777203,"dvar":0.0438191927969,"dvar2":0.100750625134,"max":6.56771039963,"mean":1.28298854828,"median":1.20878684521,"min":-0.0871968194842,"var":0.281488597393},"spectral_spread":{"dmean":419849.28125,"dmean2":643333.3125,"dvar":557125926912,"dvar2":1135920807940,"max":42469756,"mean":4827574.5,"median":3929246.5,"min":1417354.75,"var":25292888342500},"spectral_strongpeak":{"dmean":0.754391729832,"dmean2":1.29020988941,"dvar":1.33246171474,"dvar2":3.36353039742,"max":11.5898151398,"mean":1.22212469578,"median":0.557599842548,"min":0,"var":2.25221037865},"zerocrossingrate":{"dmean":0.0110902702436,"dmean2":0.0131154730916,"dvar":0.000172877684236,"dvar2":0.000236152511206,"max":0.763671875,"mean":0.0810165703297,"median":0.06982421875,"min":0.01171875,"var":0.00458890199661}},"metadata":{"audio_properties":{"analysis_sample_rate":44100,"bit_rate":128000,"codec":"mp3","downmix":"mix","equal_loudness":0,"length":133.823989868,"lossless":false,"md5_encoded":"78ca84ace73d4e3e8ddf502b42ee8619","replay_gain":-7.19277763367},"tags":{"acoustid_id":["5808b122-b7e1-4431-af27-bbd23dc55621"],"album":["You Really Got Me: The Very Best of The Kinks"],"albumartist":["The Kinks"],"artist":["The Kinks"],"date":["1994"],"discnumber":["1/2"],"file_name":"1-01 - The Kinks - You Really Got Me.mp3","musicbrainz_albumartistid":["17b53d9f-5c63-4a09-a593-dde4608e0db9"],"musicbrainz_albumid":["f4cf3558-d56c-46a9-a972-b852651d2233"],"musicbrainz_artistid":["17b53d9f-5c63-4a09-a593-dde4608e0db9"],"musicbrainz_recordingid":["07c650e5-3e2d-4fac-af61-3ceb70abcec7"],"musicbrainz_releasegroupid":["9a19789f-d558-3fc0-a7d9-ec0d3662a11e"],"replaygain_album_gain":["+0.38 dB"],"replaygain_album_peak":["0.702801"],"replaygain_track_gain":["-1.06 dB"],"replaygain_track_peak":["0.508343"],"title":["You Really Got Me"],"tracknumber":["1/18"]},"version":{"essentia":"2.1-beta1","essentia_build_sha":"46c2b6830b139c2e69ed9f3e0d9145e1b8fbae31","essentia_git_sha":"v2.1_beta1-6-g5578087","extractor":"music 1.0"}},"rhythm":{"beats_count":308,"beats_loudness":{"dmean":0.0088925678283,"dmean2":0.0151015967131,"dvar":0.0000544376598555,"dvar2":0.000163533666637,"max":0.0622266978025,"mean":0.0247233975679,"median":0.0251022037119,"min":0,"var":0.000154183857376},"beats_loudness_band_ratio":{"dmean":[0.197616815567,0.117829173803,0.0842243432999,0.161893859506,0.0675301253796,0.0642072930932],"dmean2":[0.367562115192,0.212314561009,0.144592940807,0.289658337831,0.114930398762,0.111128561199],"dvar":[0.0244784709066,0.0124879973009,0.00534671591595,0.0179881919175,0.00406051054597,0.00339956698008],"dvar2":[0.0760918781161,0.0361635424197,0.0143720321357,0.0484104976058,0.0110006285831,0.00965649355203],"max":[0.808610498905,0.838623523712,0.668090522289,0.85825741291,0.440993249416,0.339243382215],"mean":[0.2321207672