{"lowlevel":{"average_loudness":0.66887742281,"barkbands":{"dmean":[0.00131941447034,0.00189425912686,0.000513489241712,0.00114954670426,0.00407226895913,0.00243304925971,0.000540993001778,0.000498553097714,0.000758949376177,0.000469788064947,0.000235975603573,0.000226022864808,0.0000832474906929,0.000107070787635,0.000139074109029,0.0000375314884877,0.0000147766950249,0.0000153320215759,0.0000403483718401,0.00000976250066742,0.00000268999383479,0.00000259887906395,0.00000155411464675,0.00000120699905892,0.00000115465059025,0.00000117947695344,0.00000765793629398],"dmean2":[0.00189709605183,0.00293798325583,0.000836600142065,0.00181485351641,0.00624363962561,0.0038213445805,0.000845835369546,0.000793980027083,0.00119222875219,0.00072808546247,0.000365425104974,0.000353411393007,0.000132497851155,0.000166928759427,0.000219030276639,0.0000570771771891,0.0000226314132306,0.000022364400138,0.0000566903254366,0.0000143313454828,0.00000420658852818,0.00000403434933105,0.00000249263575824,0.00000202038199859,0.00000193712617147,0.00000195595930563,0.0000105012049971],"dvar":[0.00000737483105695,0.0000137592414831,8.47724606956e-7,0.00000792974697106,0.0000659221914248,0.0000422965458711,0.00000428773228123,0.00000440863277618,0.00000646808030069,0.00000421226559411,0.00000166291067671,0.0000020616553229,8.11038773918e-8,1.35555524139e-7,3.15189510047e-7,7.06976024389e-8,3.22068083314e-9,5.30641708352e-9,6.50988312145e-8,3.4974276808e-9,4.95755936303e-11,6.75995232013e-11,9.88766967608e-12,6.10995585723e-12,5.66531934212e-12,5.49729792937e-12,8.00558952463e-10],"dvar2":[0.0000142362450788,0.0000319834034599,0.00000192064749172,0.0000179157195817,0.000143945813761,0.000101767895103,0.0000101817440736,0.0000109656793938,0.0000153151904669,0.00000978528532869,0.00000373305897483,0.00000552420942768,2.04010376592e-7,3.08950433237e-7,7.73228634898e-7,1.64476645637e-7,7.33663130248e-9,1.08777022945e-8,1.1069604966e-7,7.49376294351e-9,9.49271009021e-11,1.39678990596e-10,2.20515567612e-11,1.54514890466e-11,1.43370046737e-11,1.37882838827e-11,1.26249710686e-9],"max":[0.0433510653675,0.048723295331,0.0292605925351,0.098386451602,0.135335788131,0.126372009516,0.108266986907,0.0618830733001,0.0735037103295,0.0831999182701,0.0710047185421,0.054785259068,0.00889274850488,0.0107287196442,0.0195134226233,0.016968337819,0.00204988848418,0.00242019630969,0.00959667656571,0.00270954333246,0.00036195886787,0.000427915743785,0.000115435665066,0.0000358234901796,0.000034727552702,0.0000337110432156,0.00100497249514],"mean":[0.00241704657674,0.00335699948482,0.000687398423906,0.00155749206897,0.00599161162972,0.00346659729257,0.000758846697863,0.000672757101711,0.00109360972419,0.000601623498369,0.000318940670695,0.000317460711813,0.000120868855447,0.000152286011144,0.000184991353308,0.0000493897932756,0.0000206921176868,0.0000213811636058,0.0000541072549822,0.0000126900995383,0.00000346538627127,0.00000332251761392,0.0000017777405219,0.00000115493980957,0.00000107472078525,0.00000119612923299,0.0000130675844048],"median":[0.000250429700827,0.00131182512268,0.000304675340885,0.000461408868432,0.00173207186162,0.000513235805556,0.000135586567922,0.0000687072606524,0.0000971088375081,0.0000502299080836,0.0000279503037746,0.0000324349384755,0.0000288554801955,0.0000298987124552,0.0000247722528002,0.00000700535929354,0.00000381100517188,0.00000336320090355,0.00000352540655513,0.00000203227318707,0.00000108631411422,9.57582869887e-7,5.570705639e-7,3.01947494563e-7,2.50176242389e-7,3.51891685568e-7,0.00000258475347437],"min":[1.21359978824e-23,4.7876466898e-23,1.754814615e-23,3.72020239579e-23,1.63403590834e-23,1.94887913085e-23,7.82521240333e-23,4.96704407261e-23,3.98780105424e-23,5.17787882467e-23,7.17649989545e-23,9.30382867162e-23,8.28381195742e-23,1.22107135809e-22,8.58881839999e-23,7.75343805164e-23,1.26989780915e-22,2.49810665449e-22,2.00564174351e-22,2.91506419776e-22,3.50476612341e-22,4.56633990388e-22,7.18117676776e-22,7.73610671445e-22,1.37872842855e-21,1.86137508835e-21,2.21014238426e-21],"var":[0.0000230528457905,0.0000274082194665,0.00000144128284774,0.0000125621154439,0.000125678619952,0.0000752419582568,0.00000602444333708,0.00000726957432562,0.0000133903195092,0.00000717340253686,0.0000027298472105,0.00000308853418574,1.26737830897e-7,2.0806785983e-7,4.21258164351e-7,7.74914710178e-8,5.34652144779e-9,1.04458637296e-8,1.36585953214e-7,5.13664799584e-9,9.79515982213e-11,1.21488291649e-10,1.51967674555e-11,6.12566291094e-12,5.64804279735e-12,5.82315749439e-12,2.11955630824e-9]},"barkbands_crest":{"dmean":3.14791059494,"dmean2":5.1177315712,"dvar":6.79622936249,"dvar2":16.8976573944,"max":25.0980377197,"mean":12.3141775131,"median":11.7079381943,"min":3.09552955627,"var":18.3002204895},"barkbands_flatness_db":{"dmean":0.0390894338489,"dmean2":0.0620294399559,"dvar":0.00108221184928,"dvar2":0.00261930190027,"max":0.471383005381,"mean":0.227259352803,"median":0.226666525006,"min":0.048160713166,"var":0.00394727243111},"barkbands_kurtosis":{"dmean":7.18775177002,"dmean2":11.5900774002,"dvar":108.914482117,"dvar2":279.781982422,"max":182.565948486,"mean":12.8563127518,"median":7.43210506439,"min":-1.81951403618,"var":284.453857422},"barkbands_skewness":{"dmean":0.811755239964,"dmean2":1.28004109859,"dvar":0.588464677334,"dvar2":1.44167494774,"max":10.5391683578,"mean":2.02249455452,"median":1.80818939209,"min":-2.84332203865,"var":2.62968802452},"barkbands_spread":{"dmean":2.94572782516,"dmean2":4.48675060272,"dvar":20.4586257935,"dvar2":39.3936157227,"max":125.923530579,"mean":8.40540885925,"median":5.38687324524,"min":0.340178459883,"var":95.8322525024},"dissonance":{"dmean":0.0300913192332,"dmean2":0.0507668443024,"dvar":0.000807965174317,"dvar2":0.00226703938097,"max":0.500000059605,"mean":0.447999089956,"median":0.455959737301,"min":0.247741281986,"var":0.00146297400352},"dynamic_complexity":5.99922943115,"erbbands":{"dmean":[0.103346474469,0.275508195162,0.456777453423,2.18749547005,8.73158931732,14.8562316895,20.4909763336,19.5716056824,8.91309356689,6.85500764847,13.9698019028,17.3711605072,13.4557771683,11.8163852692,9.61112308502,7.29082107544,3.87670183182,3.86998915672,7.796646595,4.52645540237,1.59575283527,0.806175529957,0.72840565443,1.58358037472,1.84015989304,0.453640401363,0.140824750066,0.0991295576096,0.0956682041287,0.0692141875625,0.0406020395458,0.0270749907941,0.0192594844848,0.0130535885692,0.00813662260771,0.00450657121837,0.0021665955428,0.00108591699973,0.000579744635615,0.000159139468451],"dmean2":[0.162264421582,0.422771990299,0.743709087372,3.42547607422,13.4333515167,22.9439907074,32.0131797791,31.1781806946,13.9222774506,10.7095870972,22.1486129761,27.3695163727,20.752035141,18.1778144836,14.9041070938,11.2160758972,6.10491657257,5.9290933609,12.1264533997,6.78660917282,2.38786745071,1.20561730862,1.02814364433,2.22161865234,2.57725429535,0.645281374454,0.215303331614,0.153689742088,0.148707076907,0.107562251389,0.0657451823354,0.0451409891248,0.0323005765676,0.0218943357468,0.013646716252,0.0075583900325,0.00359405763447,0.00169069552794,0.000801741320174,0.000212988379644],"dvar":[0.044759131968,0.260996431112,0.572632431984,27.3501873016,525.872192383,1076.4206543,2405.62402344,3424.4609375,1134.69592285,510.421417236,3147.2668457,3679.05200195,3323.88647461,2469.3293457,3888.10693359,1482.0144043,187.591171265,178.658096313,735.373901367,514.808959961,114.705856323,9.3389005661,9.09401130676,77.6836700439,160.963745117,7.24861192703,0.190137818456,0.0630895420909,0.102141655982,0.0306989494711,0.00622353935614,0.00298675964586,0.00156930275261,0.000723725126591,0.000281208835077,0.0000861434455146,0.0000187490040844,0.00000693268566465,0.00000698443773217,3.56814382485e-7],"dvar2":[0.107189573348,0.609766662121,1.32445406914,58.3636779785,1104.42578125,2376.04467773,5634.71777344,8690.26074219,2860.36791992,1239.74829102,8012.85009766,8751.70996094,7637.15087891,5599.22314453,9495.57910156,3596.34301758,474.554656982,415.430450439,1805.15063477,1204.45874023,272.244659424,20.8141021729,17.5107421875,141.667572021,291.189575195,14.5242862701,0.368078202009,0.123765662313,0.216498568654,0.0544729456306,0.0146232964471,0.00754544232041,0.00397002743557,0.00183122046292,0.00071148283314,0.000217923690798,0.0000471967214253,0.0000125978203869,0.000011044439816,5.54911764539e-7],"max":[2.78476834297,7.14073705673,21.3803882599,244.195358276,649.081604004,586.496948242,949.524047852,1366.36584473,1882.78588867,622.274108887,1588.27355957,1646.765625,2426.64819336,1590.78137207,2347.96923828,1447.86853027,494.313842773,551.418457031,887.03338623,901.262390137,606.056396484,108.455451965,110.423606873,237.371322632,549.826843262,130.339065552,20.136674881,11.8402252197,18.3926677704,8.14335632324,1.96175849438,0.785417497158,0.577043175697,0.392531245947,0.244707539678,0.135384708643,0.0624003112316,0.111666560173,0.105788134038,0.0212670080364],"mean":[0.183444544673,0.448232799768,0.691692888737,3.27485132217,12.4601621628,20.3441028595,28.3354225159,27.3586139679,13.3451690674,10.1645593643,19.7931137085,25.5333938599,19.1064949036,16.298116684,14.1650028229,11.2961978912,6.10936164856,6.16863489151,10.857427597,6.2942442894,2.26205348969,1.18520486355,1.07336986065,2.21835494041,2.35530686378,0.606563091278,0.183964401484,0.128404378891,0.121855072677,0.0860798060894,0.0455320365727,0.0270597748458,0.0180864818394,0.0121761281043,0.00758876558393,0.00422359537333,0.0022123772651,0.00137663632631,0.000849171250593,0.000311429001158],"median":[0.0510584339499,0.179723769426,0.3667345047,1.20517492294,3.27109193802,5.10854148865,5.4274687767,3.793166399,2.48544311523,1.5996491909,1.88203835487,2.37609100342,1.75256001949,1.56923222542,1.10396456718,1.4957369566,1.46254765987,1.47569203377,1.6238629818,0.898417949677,0.374952375889,0.221309512854,0.188177615404,0.197237253189,0.158077701926,0.0954059809446,0.0516336522996,0.040703214705,0.0351817980409,0.0240963790566,0.014670940116,0.00798653811216,0.00436989637092,0.00285322126001,0.00177548383363,0.00100739160553,0.000669279252179,0.000414467096562,0.000173494045157,0.0000800489651738],"min":[1.33738444308e-21,1.11569216292e-20,2.79547626717e-20,7.05964596237e-20,7.0396663194e-20,7.37961170177e-20,9.01160027625e-20,1.8586621702e-19,7.78878434659e-19,1.05010010077e-18,1.27483266549e-18,1.28176175069e-18,1.06731104098e-18,1.70424486893e-18,4.00203049807e-18,3.38912047664e-18,3.93890751834e-18,7.25416304103e-18,3.74292899249e-18,5.14217985846e-18,4.7567442987e-18,7.38042968e-18,1.30025686812e-17,1.19790311076e-17,1.0463006741e-17,1.59197939921e-17,1.32566429966e-17,1.47663716916e-17,1.62100400885e-17,1.89886158667e-17,2.08477903202e-17,1.70687015408e-17,1.24822828292e-17,1.23267141443e-17,1.14838766571e-17,5.22766153015e-18,3.91548134981e-18,1.37757501162e-18,3.25898485546e-19,3.28745389183e-20],"var":[0.0873853638768,0.498903483152,1.04980409145,47.0436172485,930.635009766,1861.59924316,4166.58349609,5481.23828125,1630.15307617,874.607727051,5322.36181641,7086.53417969,5515.49511719,4410.52050781,6024.05566406,2923.96606445,328.577331543,295.921478271,1025.27624512,687.050476074,130.243423462,16.7508392334,20.2316493988,174.105728149,296.617828369,11.6599416733,0.354041546583,0.123323321342,0.175933793187,0.0649506375194,0.00854576937854,0.00304563017562,0.00156690075528,0.000722053169739,0.000280620210106,0.0000860128784552,0.0000195975244424,0.0000144528248711,0.0000159484061442,9.69635493675e-7]},"erbbands_crest":{"dmean":3.54530668259,"dmean2":5.86513328552,"dvar":9.23171234131,"dvar2":23.6056652069,"max":28.8793296814,"mean":11.4504699707,"median":10.6200666428,"min":2.78922271729,"var":21.8450469971},"erbbands_flatness_db":{"dmean":0.0367619283497,"dmean2":0.0584335438907,"dvar":0.000926329928916,"dvar2":0.00234085414559,"max":0.401905983686,"mean":0.205862775445,"median":0.204501628876,"min":0.0432095043361,"var":0.00330460164696},"erbbands_kurtosis":{"dmean":2.55435943604,"dmean2":4.08337879181,"dvar":13.6651105881,"dvar2":33.474067688,"max":72.9948501587,"mean":3.23056006432,"median":1.5294919014,"min":-1.72761392593,"var":27.7777099609},"erbbands_skewness":{"dmean":0.577996850014,"dmean2":0.891151547432,"dvar":0.272285431623,"dvar2":0.600956916809,"max":7.32213973999,"mean":0.940918207169,"median":0.926874041557,"min":-3.69125366211,"var":1.49686288834},"erbbands_spread":{"dmean":6.14774417877,"dmean2":9.70504665375,"dvar":38.1555099487,"dvar2":89.484161377,"max":113.637779236,"mean":20.856962204,"median":18.4189453125,"min":1.45755910873,"var":153.152267456},"gfcc":{"cov":[[15114.6318359,1954.65356445,-1067.43103027,-826.161315918,108.054931641,-406.157165527,-86.117729187,-248.549026489,-91.6322860718,-46.306930542,48.2033653259,-211.700332642,315.46697998],[1954.65356445,1618.52490234,87.9884109497,-327.272277832,-19.3567619324,-100.132209778,68.2370529175,-184.585067749,25.7616462708,-62.023727417,26.3780403137,-73.1539154053,39.9623641968],[-1067.43103027,87.9884109497,708.417236328,247.156509399,-223.294448853,180.302474976,-144.326141357,121.221565247,-108.311561584,60.9662094116,-45.3785896301,28.3271980286,-26.1884632111],[-826.161315918,-327.272277832,247.156509399,429.324066162,147.95401001,30.6471939087,-7.00496578217,9.27554225922,-16.1506462097,-9.21782112122,-17.8903751373,21.8502254486,-71.8496704102],[108.054931641,-19.3567619324,-223.294448853,147.95401001,388.445159912,12.8881340027,121.948791504,-95.6661300659,51.1474494934,-58.0435562134,37.591960907,-10.8070449829,-17.4158363342],[-406.157165527,-100.132209778,180.302474976,30.6471939087,12.8881340027,317.800567627,26.4565525055,112.527572632,-81.2567672729,21.334815979,-12.6763944626,46.8597335815,24.3154525757],[-86.117729187,68.2370529175,-144.326141357,-7.00496578217,121.948791504,26.4565525055,222.720077515,5.42838764191,50.7594985962,-53.3848648071,11.2977781296,19.4524497986,-0.216010659933],[-248.549026489,-184.585067749,121.221565247,9.27554225922,-95.6661300659,112.527572632,5.42838764191,205.534225464,17.1819820404,60.8518600464,5.08630132675,31.7370147705,33.9010391235],[-91.6322860718,25.7616462708,-108.311561584,-16.1506462097,51.1474494934,-81.2567672729,50.7594985962,17.1819820404,152.846481323,56.8670158386,38.1578979492,7.15313100815,0.610015928745],[-46.306930542,-62.023727417,60.9662094116,-9.21782112122,-58.0435562134,21.334815979,-53.3848648071,60.8518600464,56.8670158386,121.894081116,56.743850708,18.8506259918,14.8760566711],[48.2033653259,26.3780403137,-45.3785896301,-17.8903751373,37.591960907,-12.6763944626,11.2977781296,5.08630132675,38.1578979492,56.743850708,89.447013855,38.479511261,13.3357982635],[-211.700332642,-73.1539154053,28.3271980286,21.8502254486,-10.8070449829,46.8597335815,19.4524497986,31.7370147705,7.15313100815,18.8506259918,38.479511261,85.9263153076,34.8336791992],[315.46697998,39.9623641968,-26.1884632111,-71.8496704102,-17.4158363342,24.3154525757,-0.216010659933,33.9010391235,0.610015928745,14.8760566711,13.3357982635,34.8336791992,93.3818664551]],"icov":[[0.000188052610611,-0.0006950123352,0.00149650371168,-0.00127432437148,0.000661691592541,-0.000210251382669,0.0003937377478,-0.000551671197172,0.000989999854937,-0.000983034609817,0.000504131312482,0.00011917057418,-0.000485635333462],[-0.0006950123352,0.00519597064704,-0.0113105345517,0.0117885125801,-0.0078421253711,0.00459175137803,-0.00363573618233,0.00316627440043,-0.00299382559024,0.00279436190613,-0.000520805304404,-0.00150475278497,0.00241664703935],[0.00149650371168,-0.0113105345517,0.035529460758,-0.042480725795,0.038587782532,-0.0274484232068,0.0128786405548,0.000933771545533,-0.00947202648968,0.0160056725144,-0.0238838084042,0.0246428661048,-0.0171713829041],[-0.00127432437148,0.0117885125801,-0.042480725795,0.0618942268193,-0.0616555437446,0.0456477105618,-0.0168643593788,-0.0104256467894,0.0302347820252,-0.0440338253975,0.0550841987133,-0.0508159957826,0.0332364030182],[0.000661691592541,-0.0078421253711,0.038587782532,-0.0616555437446,0.0730831250548,-0.0557192564011,0.0171087738127,0.0200368016958,-0.0481159351766,0.0673839449883,-0.0774715170264,0.0657250583172,-0.0384658686817],[-0.000210251382669,0.00459175137803,-0.0274484232068,0.0456477105618,-0.0557192564011,0.0500417277217,-0.0163892563432,-0.0188280697912,0.0459568165243,-0.0608577467501,0.065754532814,-0.054894529283,0.0300263389945],[0.0003937377478,-0.00363573618233,0.0128786405548,-0.0168643593788,0.0171087738127,-0.0163892563432,0.015055090189,0.00102681398857,-0.0155442189425,0.0231990721077,-0.0202499963343,0.0136611023918,-0.00781600084156],[-0.000551671197172,0.00316627440043,0.000933771545533,-0.0104256467894,0.0200368016958,-0.0188280697912,0.00102681398857,0.020282573998,-0.0242058131844,0.0262148492038,-0.0290495883673,0.0240169521421,-0.0148009229451],[0.000989999854937,-0.00299382559024,-0.00947202648968,0.0302347820252,-0.0481159351766,0.0459568165243,-0.0155442189425,-0.0242058131844,0.066371075809,-0.0800670161843,0.0739926844835,-0.056213632226,0.0290784947574],[-0.000983034609817,0.00279436190613,0.0160056725144,-0.0440338253975,0.0673839449883,-0.0608577467501,0.0231990721077,0.0262148492038,-0.0800670161843,0.120162434876,-0.112716451287,0.0798575282097,-0.0406271927059],[0.000504131312482,-0.000520805304404,-0.0238838084042,0.0550841987133,-0.0774715170264,0.065754532814,-0.0202499963343,-0.0290495883673,0.0739926844835,-0.112716451287,0.129464283586,-0.0941878855228,0.0472519174218],[0.00011917057418,-0.00150475278497,0.0246428661048,-0.0508159957826,0.0657250583172,-0.054894529283,0.0136611023918,0.0240169521421,-0.056213632226,0.0798575282097,-0.0941878855228,0.089884147048,-0.0465145967901],[-0.000485635333462,0.00241664703935,-0.0171713829041,0.0332364030182,-0.0384658686817,0.0300263389945,-0.00781600084156,-0.0148009229451,0.0290784947574,-0.0406271927059,0.0472519174218,-0.0465145967901,0.0393201075494]],"mean":[-128.336303711,142.602127075,-76.5553894043,0.816449820995,-30.4367790222,-5.74025583267,-22.6122932434,-14.5066404343,-13.5365362167,-3.55645918846,-8.97454833984,-2.78773975372,-5.56676626205]},"hfc":{"dmean":3.27352118492,"dmean2":4.58987569809,"dvar":31.0250415802,"dvar2":64.53956604,"max":121.35433197,"mean":7.62556171417,"median":3.29229688644,"min":1.17457330877e-16,"var":110.574455261},"melbands":{"dmean":[0.00074104394298,0.000252376543358,0.000530363759026,0.000838177162223,0.000711178057827,0.000429903622717,0.000129053078126,0.00007825816283,0.000125179329189,0.000105270482891,0.0000690120796207,0.0000514184575877,0.0000330299662892,0.0000274373469438,0.0000141705950227,0.00000637690936856,0.00000792027549323,0.000013238093743,0.00000982049914455,0.00000356768509846,0.00000161847151503,8.86101759079e-7,6.8904660111e-7,7.40215966744e-7,0.00000136514313454,0.00000171553563177,7.72688679263e-7,2.13036784658e-7,9.4216822788e-8,6.22090396973e-8,5.72567628865e-8,5.53281651605e-8,5.06689943336e-8,3.51833229217e-8,2.44915980829e-8,1.87102813243e-8,1.57076875951e-8,1.37099167574e-8,1.20457013253e-8,1.06514166376e-8],"dmean2":[0.00113667012192,0.000396141636884,0.000815221399534,0.00128054479137,0.00110313040204,0.000680592143908,0.000201148999622,0.000123303398141,0.000200221198611,0.000164954006323,0.000107128369564,0.0000797995453468,0.0000508184712089,0.0000428032835771,0.0000221721566049,0.0000100601828308,0.0000123618274301,0.0000207168450288,0.0000154077933985,0.00000544924660062,0.00000249515960604,0.00000137431766234,0.00000102733213225,0.00000109260236059,0.00000195211100618,0.00000242349187829,0.0000010767709,3.22307215583e-7,1.45843017663e-7,9.89096591297e-8,8.99761118944e-8,8.61776427996e-8,7.92241507952e-8,5.50579493108e-8,3.97706507727e-8,3.10240224621e-8,2.63021284752e-8,2.29981367283e-8,2.02045313813e-8,1.78659380623e-8],"dvar":[0.00000209977179111,1.4644834323e-7,0.00000164656887591,0.00000318803677146,0.00000255194822785,0.00000150740709159,2.28827005344e-7,6.79544029936e-8,2.1099891967e-7,1.29334125631e-7,8.97184477822e-8,5.00958918792e-8,3.83474976218e-8,3.21612816379e-8,3.75009268083e-9,4.36997549258e-10,7.87639287125e-10,2.08300510174e-9,2.02683669848e-9,6.07600858515e-10,9.99213559116e-11,1.21663868216e-11,7.47915358118e-12,1.32682337339e-11,5.94671048515e-11,1.31332777986e-10,2.78903566908e-11,1.48348076445e-12,1.03160074883e-13,2.10358853681e-14,2.47546107283e-14,3.34464206819e-14,2.93659580431e-14,7.09831482194e-15,2.35387258493e-15,1.36247367148e-15,1.03059176319e-15,7.94815695397e-16,6.15798776005e-16,4.82028027316e-16],"dvar2":[0.00000493290326631,3.40639275009e-7,0.00000360019794243,0.00000665902598485,0.00000603215448791,0.00000377228116122,5.6593427189e-7,1.6697249805e-7,5.33437059858e-7,3.07058456883e-7,2.073853409e-7,1.12539218833e-7,9.10472977012e-8,8.41732870072e-8,9.84943149263e-9,1.05335362655e-9,1.85079540582e-9,5.07514119619e-9,5.0253574635e-9,1.39741174188e-9,2.43060654936e-10,2.89856211949e-11,1.62584962854e-11,2.74953323998e-11,1.17958198764e-10,2.24214410927e-10,5.67281499553e-11,3.27510588094e-12,2.11281702854e-13,4.45839315444e-14,5.23382810073e-14,7.11666646837e-14,6.24238074426e-14,1.38509072172e-14,5.55254152661e-15,3.42478375168e-15,2.60510573346e-15,2.01063704701e-15,1.55825369054e-15,1.21970245657e-15],"max":[0.0184269417077,0.00787430815399,0.0357015281916,0.0327931009233,0.024788223207,0.0278277266771,0.0256094690412,0.00784827116877,0.0116985449567,0.01048122067,0.0123996715993,0.00844526477158,0.00968519970775,0.00625398335978,0.00285650813021,0.000960306497291,0.00105613970663,0.00136722123716,0.00181177235208,0.00156407000031,0.000462274911115,0.000125400023535,0.000106060928374,0.000118704236229,0.000189645637874,0.000435388123151,0.000238821245148,0.0000704848425812,0.0000164340235642,0.00000514800149176,0.00000756135159463,0.0000108283784357,0.00000750510207581,0.00000408228970628,0.00000132655827656,5.28607358774e-7,4.63628452962e-7,4.10850844901e-7,3.61749869171e-7,3.20433343859e-7],"mean":[0.00142025365494,0.000421036238549,0.000807518139482,0.00121567083988,0.00100385956466,0.000611182185821,0.000190922612092,0.000113312082249,0.000177615627763,0.000151560394443,0.0000935261923587,0.0000682203753968,0.0000458014437754,0.0000386714564229,0.0000207372831937,0.00000993790126813,0.0000116349574455,0.000017926986402,0.0000127898383653,0.00000482592622575,0.00000213667021853,0.00000121987261537,9.52151140154e-7,0.00000102929595869,0.00000184643602097,0.00000220056790567,9.49447041876e-7,2.69955421572e-7,1.17229781438e-7,7.78289930281e-8,7.24876230151e-8,6.93858979162e-8,6.24855118758e-8,4.20741521623e-8,2.72083653385e-8,1.97046716721e-8,1.50989833969e-8,1.2826896878e-8,1.12296527632e-8,9.91743043244e-9],"median":[0.000473260268336,0.000229005439905,0.000279780855635,0.000342489802279,0.000205255666515,0.0000861242951942,0.0000348662615579,0.0000162113246915,0.0000154115259647,0.0000137989845825,0.00000804014234745,0.0000060718621171,0.00000374134970116,0.00000344605086866,0.00000381421841666,0.00000253330017586,0.00000252728068517,0.00000260362367044,0.0000016053231775,6.75704541209e-7,3.50952120698e-7,2.2157050239e-7,1.76389306716e-7,1.59129328381e-7,1.55825219395e-7,1.25121147221e-7,8.78350405742e-8,5.32525064045e-8,3.25027222914e-8,2.44004070282e-8,2.27864749291e-8,2.05705497081e-8,1.61567470514e-8,1.19696021983e-8,8.65864091537e-9,6.56080345607e-9,4.02992217374e-9,3.05491454355e-9,2.62792165806e-9,2.30931673784e-9],"min":[1.39439290265e-23,1.40820096616e-23,1.26628891251e-23,4.62949057015e-24,3.22809396317e-24,4.08984029122e-24,1.4030806278e-23,1.05918034493e-23,9.83584356585e-24,7.34017717368e-24,5.49147454255e-24,6.58743268729e-24,1.26552505849e-23,1.32315686964e-23,3.36242849507e-24,1.12071267883e-23,1.4310706749e-23,5.08239770394e-24,7.15279588742e-24,5.88919493956e-24,5.64946089933e-24,7.37898203047e-24,1.03655352647e-23,1.13612402324e-23,9.82911537119e-24,6.00528489367e-24,8.53315732115e-24,1.14006414681e-23,7.9820906472e-24,6.96827422194e-24,8.9062325202e-24,9.83006831516e-24,8.23780227621e-24,1.11457376326e-23,1.16558237714e-23,1.18938633384e-23,9.77733927454e-24,7.65211959688e-24,9.27041173481e-24,1.11201398851e-23],"var":[0.00000444156967205,2.98578754609e-7,0.00000284856173494,0.00000619326192464,0.00000446795274911,0.0000025276190172,3.37481338875e-7,1.18984743835e-7,3.83677502214e-7,2.44443043584e-7,1.49114313786e-7,8.81023538568e-8,5.99699419013e-8,5.05578547916e-8,6.17417450499e-9,8.14819767214e-10,1.19182475e-9,2.85661738708e-9,2.56453636105e-9,6.80087042237e-10,1.1233676489e-10,1.88046800353e-11,1.3013728116e-11,2.59325998175e-11,1.23200769031e-10,2.61099530885e-10,4.32236052506e-11,1.96725535168e-12,1.67035737455e-13,3.84549163346e-14,4.28249964787e-14,5.6077406309e-14,5.08189647861e-14,1.351121143e-14,3.27202982997e-15,1.4476241996e-15,1.03479675238e-15,7.93294635982e-16,6.14177660823e-16,4.80717614407e-16]},"melbands_crest":{"dmean":4.07438325882,"dmean2":6.64937448502,"dvar":12.2541637421,"dvar2":30.0665588379,"max":38.7371444702,"mean":17.1455993652,"median":15.8332881927,"min":1.57101452351,"var":46.3493270874},"melbands_flatness_db":{"dmean":0.0452603809536,"dmean2":0.0714688301086,"dvar":0.00142790772952,"dvar2":0.00340642640367,"max":0.622185349464,"mean":0.342123150826,"median":0.344584167004,"min":0.00496910698712,"var":0.0064082625322},"melbands_kurtosis":{"dmean":9.55185222626,"dmean2":15.5137605667,"dvar":249.773193359,"dvar2":662.994140625,"max":313.781311035,"mean":17.6282329559,"median":10.2057094574,"min":-1.84388768673,"var":624.701293945},"melbands_skewness":{"dmean":0.872876107693,"dmean2":1.38233757019,"dvar":0.757816374302,"dvar2":1.83330070972,"max":14.2744169235,"mean":2.52345299721,"median":2.24544811249,"min":-3.30063176155,"var":3.3193295002},"melbands_spread":{"dmean":3.62441110611,"dmean2":5.53511857986,"dvar":43.3179931641,"dvar2":82.7099685669,"max":204.539459229,"mean":10.4657430649,"median":5.45908355713,"min":0.309302449226,"var":299.019989014},"mfcc":{"cov":[[8846.62792969,1497.83483887,-1291.94360352,-139.627502441,-377.007171631,-48.7960662842,-222.990188599,-137.71194458,-116.627059937,96.2946624756,-57.4386291504,-226.301818848,1.9120503664],[1497.83483887,1617.74499512,36.2692680359,-222.458251953,-116.765365601,-13.2757568359,-18.9329605103,-96.8963775635,-37.8045005798,4.8265004158,-9.16487884521,-58.1937332153,-39.2096633911],[-1291.94360352,36.2692680359,960.406982422,2.27892923355,39.2356529236,-50.1996688843,36.8378219604,-29.7736644745,29.5424766541,-48.1595306396,-14.6911125183,91.6598358154,-51.279045105],[-139.627502441,-222.458251953,2.27892923355,373.210388184,129.686080933,41.957572937,-21.2543449402,15.0584964752,-34.4146766663,26.1855163574,25.022321701,-40.4503898621,14.7578964233],[-377.007171631,-116.765365601,39.2356529236,129.686080933,224.383087158,105.39276123,44.0021133423,16.335439682,-9.42598628998,-6.42565059662,15.9917039871,19.8164615631,13.3804349899],[-48.7960662842,-13.2757568359,-50.1996688843,41.957572937,105.39276123,179.746505737,97.9465713501,51.0714416504,1.89308178425,-19.4407329559,-6.14316368103,-8.97873973846,16.7368011475],[-222.990188599,-18.9329605103,36.8378219604,-21.2543449402,44.0021133423,97.9465713501,169.950271606,104.951087952,29.2718219757,-22.2328834534,-14.9516792297,10.5899572372,5.63514566422],[-137.71194458,-96.8963775635,-29.7736644745,15.0584964752,16.335439682,51.0714416504,104.951087952,148.093032837,67.3500976562,-6.50486469269,-7.62434673309,7.23128318787,13.4383115768],[-116.627059937,-37.8045005798,29.5424766541,-34.4146766663,-9.42598628998,1.89308178425,29.2718219757,67.3500976562,105.670394897,29.8884410858,-2.79228377342,26.3327083588,3.45795178413],[96.2946624756,4.8265004158,-48.1595306396,26.1855163574,-6.42565059662,-19.4407329559,-22.2328834534,-6.50486469269,29.8884410858,84.4720001221,45.6990089417,0.351023644209,8.51966667175],[-57.4386291504,-9.16487884521,-14.6911125183,25.022321701,15.9917039871,-6.14316368103,-14.9516792297,-7.62434673309,-2.79228377342,45.6990089417,83.2674789429,45.8748397827,15.1049814224],[-226.301818848,-58.1937332153,91.6598358154,-40.4503898621,19.8164615631,-8.97873973846,10.5899572372,7.23128318787,26.3327083588,0.351023644209,45.8748397827,121.403961182,44.1860160828],[1.9120503664,-39.2096633911,-51.279045105,14.7578964233,13.3804349899,16.7368011475,5.63514566422,13.4383115768,3.45795178413,8.51966667175,15.1049814224,44.1860160828,78.0246429443]],"icov":[[0.000203546413104,-0.00019860600878,0.000278016086668,-0.000146805788972,0.000317938975058,-0.000223812356126,0.000280587526504,-0.000198567024199,0.00039963220479,-0.000537753978278,0.000705256301444,-0.000521126145031,0.000312704447424],[-0.00019860600878,0.000952538626734,-0.00039988104254,0.000654657778796,-0.000114091235446,0.00000637068706055,-0.00048408692237,0.000817660882603,-0.000507148273755,0.000630434253253,-0.00134402932599,0.00145346380305,-0.00060003058752],[0.000278016086668,-0.00039988104254,0.00198731967248,-0.00103516166564,0.000305686728097,0.000641260005068,-0.00116573541891,0.00142801890615,-0.000702924502548,0.000254055572441,0.00169722922146,-0.00279493653215,0.00220003118739],[-0.000146805788972,0.000654657778796,-0.00103516166564,0.00545703666285,-0.00314117758535,-0.0000966832812992,0.00277131446637,-0.00352521263994,0.00287837628275,-0.00179386069067,-0.00178988615517,0.00399358011782,-0.00226026843302],[0.000317938975058,-0.000114091235446,0.000305686728097,-0.00314117758535,0.00925173703581,-0.00536724552512,0.0000484209158458,0.00107477768324,0.000810948258732,-0.00111515307799,0.00178552267607,-0.00441643362865,0.00234726001509],[-0.000223812356126,0.00000637068706055,0.000641260005068,-0.0000966832812992,-0.00536724552512,0.0136359231547,-0.00855417177081,0.00429510464892,-0.005027635023,0.00672976858914,-0.0056263981387,0.00635122973472,-0.00469764135778],[0.000280587526504,-0.00048408692237,-0.00116573541891,0.00277131446637,0.0000484209158458,-0.00855417177081,0.0200327821076,-0.0165750775486,0.0104078939185,-0.00813219789416,0.00792794395238,-0.00598223414272,0.00397379975766],[-0.000198567024199,0.000817660882603,0.00142801890615,-0.00352521263994,0.00107477768324,0.00429510464892,-0.0165750775486,0.0279337763786,-0.0216907616705,0.0160611290485,-0.0126338312402,0.0094547001645,-0.00639947410673],[0.00039963220479,-0.000507148273755,-0.000702924502548,0.00287837628275,0.000810948258732,-0.005027635023,0.0104078939185,-0.0216907616705,0.0341083817184,-0.0267186407,0.0222016554326,-0.0173217002302,0.00956966541708],[-0.000537753978278,0.000630434253253,0.000254055572441,-0.00179386069067,-0.00111515307799,0.00672976858914,-0.00813219789416,0.0160611290485,-0.0267186407,0.0416498631239,-0.0322260409594,0.0210268422961,-0.0116276470944],[0.000705256301444,-0.00134402932599,0.00169722922146,-0.00178988615517,0.00178552267607,-0.0056263981387,0.00792794395238,-0.0126338312402,0.0222016554326,-0.0322260409594,0.0442009307444,-0.0280584283173,0.0131330005825],[-0.000521126145031,0.00145346380305,-0.00279493653215,0.00399358011782,-0.00441643362865,0.00635122973472,-0.00598223414272,0.0094547001645,-0.0173217002302,0.0210268422961,-0.0280584283173,0.033706177026,-0.018834894523],[0.000312704447424,-0.00060003058752,0.00220003118739,-0.00226026843302,0.00234726001509,-0.00469764135778,0.00397379975766,-0.00639947410673,0.00956966541708,-0.0116276470944,0.0131330005825,-0.018834894523,0.0247704572976]],"mean":[-786.041259766,191.566345215,13.1717739105,19.9310626984,8.53667354584,11.6171636581,0.201671332121,-3.02478861809,-5.30833005905,2.8765745163,-0.498923003674,-9.48583030701,-2.50331568718]},"pitch_salience":{"dmean":0.0886223167181,"dmean2":0.144360020757,"dvar":0.00574151659384,"dvar2":0.014114507474,"max":0.867440342903,"mean":0.553273618221,"median":0.569160819054,"min":0.0551568008959,"var":0.020831219852},"silence_rate_20dB":{"dmean":0,"dmean2":0,"dvar":0,"dvar2":0,"max":1,"mean":1,"median":1,"min":1,"var":0},"silence_rate_30dB":{"dmean":0.0110582485795,"dmean2":0.0221193414181,"dvar":0.0109357703477,"dvar2":0.0280594937503,"max":1,"mean":0.990743100643,"median":1,"min":0,"var":0.00917039532214},"silence_rate_60dB":{"dmean":0.0588916018605,"dmean2":0.117798350751,"dvar":0.0554269179702,"dvar2":0.118058092892,"max":1,"mean":0.186166107655,"median":0,"min":0,"var":0.151518702507},"spectral_centroid":{"dmean":125.627326965,"dmean2":183.828659058,"dvar":52706.8476562,"dvar2":77443.265625,"max":11036.7207031,"mean":576.397277832,"median":409.078552246,"min":178.630569458,"var":326106.09375},"spectral_complexity":{"dmean":2.03986120224,"dmean2":3.09516453743,"dvar":4.64211606979,"dvar2":8.54287528992,"max":36,"mean":8.49755764008,"median":7,"min":0,"var":32.47914505},"spectral_contrast_coeffs":{"dmean":[0.0600932352245,0.0522371008992,0.0392151325941,0.0311180874705,0.0290535707027,0.0314251706004],"dmean2":[0.0953691899776,0.0863257572055,0.0635652169585,0.0499815307558,0.0454822927713,0.0513173528016],"dvar":[0.00232914811932,0.00175410218071,0.00106086698361,0.00065048848046,0.000591463467572,0.00131333398167],"dvar2":[0.00546069908887,0.0046499571763,0.002640057588,0.00155989814084,0.00142186786979,0.00319891585968],"max":[-0.268274158239,-0.40428185463,-0.497659176588,-0.561590313911,-0.653689742088,-0.501036047935],"mean":[-0.647748231888,-0.758312761784,-0.811087489128,-0.827292442322,-0.860793173313,-0.821454703808],"median":[-0.652114808559,-0.769359529018,-0.822888851166,-0.830654621124,-0.863545060158,-0.840571045876],"min":[-0.969405770302,-0.966598272324,-0.970682859421,-0.972079575062,-0.966895222664,-0.961703360081],"var":[0.0115537373349,0.00633652554825,0.00444163102657,0.00272067356855,0.00253607798368,0.00272300606593]},"spectral_contrast_valleys":{"dmean":[0.396576344967,0.397092014551,0.363368958235,0.366668581963,0.508255243301,0.827878832817],"dmean2":[0.628236174583,0.630196273327,0.562331080437,0.548189401627,0.780677318573,1.32548511028],"dvar":[0.113104693592,0.109310813248,0.102847523987,0.116208463907,0.208689063787,0.494064956903],"dvar2":[0.25553587079,0.240873873234,0.21114847064,0.233310073614,0.490231961012,1.33683562279],"max":[-5.33242464066,-4.36062145233,-5.02701997757,-5.53243255615,-5.96784877777,-9.25124168396],"mean":[-7.45987796783,-7.16478872299,-7.96287107468,-8.53338718414,-9.16056442261,-11.9629125595],"median":[-7.21876144409,-7.02228164673,-7.84368419647,-8.34465026855,-9.01557350159,-11.8131256104],"min":[-26.8438434601,-26.905462265,-27.1846103668,-27.3562240601,-27.1076450348,-27.2240581512],"var":[1.99543619156,2.03823375702,1.92788898945,1.74372124672,1.4341340065,1.54360604286]},"spectral_decrease":{"dmean":2.33128605309e-9,"dmean2":3.35679506414e-9,"dvar":1.17045030972e-17,"dvar2":2.48184160791e-17,"max":7.58216083343e-18,"mean":-5.61863222615e-9,"median":-3.52256135372e-9,"min":-5.50513306052e-8,"var":3.84874863661e-17},"spectral_energy":{"dmean":0.00905338022858,"dmean2":0.0130244903266,"dvar":0.000176234869286,"dvar2":0.000373467948521,"max":0.212793201208,"mean":0.0218976400793,"median":0.0137959076092,"min":1.03088030074e-20,"var":0.000584231282119},"spectral_energyband_high":{"dmean":0.0000170004987012,"dmean2":0.0000254516744462,"dvar":2.10179584847e-9,"dvar2":3.37439454157e-9,"max":0.00173332553823,"mean":0.0000234798335441,"median":0.00000666957021167,"min":7.7028932722e-21,"var":5.1230761855e-9},"spectral_energyband_low":{"dmean":0.0029947347939,"dmean2":0.0044998107478,"dvar":0.0000260146225628,"dvar2":0.0000587325885135,"max":0.106116503477,"mean":0.00640489673242,"median":0.00318586220965,"min":9.45632179549e-23,"var":0.0000636251061223},"spectral_energyband_middle_high":{"dmean":0.000949735345785,"dmean2":0.00137796858326,"dvar":0.00000953917879087,"dvar2":0.000021815090804,"max":0.0996457487345,"mean":0.00175427563954,"median":0.000331567367539,"min":1.27067806201e-21,"var":0.0000236967753153},"spectral_energyband_middle_low":{"dmean":0.00701070344076,"dmean2":0.0103312144056,"dvar":0.000142235730891,"dvar2":0.000309138005832,"max":0.204165950418,"mean":0.0137270325795,"median":0.00528342835605,"min":2.49614346369e-22,"var":0.000394341419451},"spectral_entropy":{"dmean":0.350583672523,"dmean2":0.554233968258,"dvar":0.095782071352,"dvar2":0.23209913075,"max":9.80464458466,"mean":6.73066139221,"median":6.74398899078,"min":4.57645320892,"var":0.368714392185},"spectral_flux":{"dmean":0.0230588577688,"dmean2":0.036914806813,"dvar":0.000683171674609,"dvar2":0.00164659367874,"max":0.342198520899,"mean":0.0706563591957,"median":0.0629346221685,"min":8.82461904439e-7,"var":0.0022090440616},"spectral_kurtosis":{"dmean":8.90461158752,"dmean2":14.6750621796,"dvar":103.924041748,"dvar2":276.632720947,"max":172.614120483,"mean":20.5494174957,"median":17.2098941803,"min":-1.2181956768,"var":179.146484375},"spectral_rms":{"dmean":0.000874554680195,"dmean2":0.0012155061122,"dvar":9.19623857953e-7,"dvar2":0.00000171782289726,"max":0.0144084393978,"mean":0.00395486550406,"median":0.00366870849393,"min":3.17133558997e-12,"var":0.00000572253065911},"spectral_rolloff":{"dmean":169.995285034,"dmean2":277.773406982,"dvar":136679.765625,"dvar2":285251.125,"max":19616.7480469,"mean":719.122070312,"median":344.53125,"min":21.533203125,"var":3510615},"spectral_skewness":{"dmean":0.646259963512,"dmean2":1.03571736813,"dvar":0.410477042198,"dvar2":1.05664551258,"max":11.039894104,"mean":3.27444148064,"median":3.15090918541,"min":-0.0140461558476,"var":1.08194804192},"spectral_spread":{"dmean":757337.5625,"dmean2":1228943.125,"dvar":546891005952,"dvar2":1232180084740,"max":41123576,"mean":2961888.75,"median":2679527.5,"min":750305.4375,"var":1999217229820},"spectral_strongpeak":{"dmean":0.368843406439,"dmean2":0.607136130333,"dvar":0.390263587236,"dvar2":0.972674071789,"max":9.72232246399,"mean":0.564097762108,"median":0.231486350298,"min":0,"var":0.680253624916},"zerocrossingrate":{"dmean":0.00415607262403,"dmean2":0.00487741222605,"dvar":0.0000369814297301,"dvar2":0.0000416938128183,"max":0.52001953125,"mean":0.0247399397194,"median":0.015625,"min":0.0009765625,"var":0.00270241661929}},"metadata":{"audio_properties":{"analysis_sample_rate":44100,"bit_rate":136128,"codec":"mp3","downmix":"mix","equal_loudness":0,"length":180.559432983,"lossless":false,"md5_encoded":"20ba062a7e176156d4f3964ab00e43ae","replay_gain":-3.69450569153,"sample_rate":44100},"tags":{"album":["The Complete Columbia Album Collection"],"albumartist":["Johnny Cash"],"albumartistsort":["Cash, Johnny"],"artist":["Johnny Cash"],"artists":["Johnny Cash"],"artistsort":["Cash, Johnny"],"asin":["B008DDC874"],"barcode":["886979104723"],"catalognumber":["88697910472"],"date":["2012-12-04"],"discnumber":["15/63"],"file_name":"24 - Stampede.mp3","label":["Columbia","Legacy"],"media":["CD"],"musicbrainz album release country":["US"],"musicbrainz album status":["official"],"musicbrainz album type":["album","compilation"],"musicbrainz release track id":["41d9819d-b69d-38f9-a259-ce7cf0fce0cc"],"musicbrainz_albumartistid":["d43d12a1-2dc9-4257-a2fd-0a3bb1081b86"],"musicbrainz_albumid":["de36c451-000c-4488-9375-b6d40b6636e5"],"musicbrainz_artistid":["d43d12a1-2dc9-4257-a2fd-0a3bb1081b86"],"musicbrainz_recordingid":["07d66c7c-8895-42a4-b1fb-32ddf3a72f8f"],"musicbrainz_releasegroupid":["30578604-ce5e-4d3d-a09c-6c06fc4c526b"],"originaldate":["2012"],"script":["Latn"],"title":["Stampede"],"tracknumber":["24/26"]},"version":{"essentia":"2.1-beta1","essentia_build_sha":"ca57ba49d9b1854bd80e60cf9ccf267278fb7d6b","essentia_git_sha":"v2.1_beta1-28-g21ef5f4-dirty","extractor":"music 1.0"}},"rhythm":{"beats_count":336,"beats_loudness":{"dmean":0.0218663066626,"dmean2":0.0378434918821,"dvar":0.000373419403331,"dvar2":0.00105542573147,"max":0.118651047349,"mean":0.0375178270042,"median":0.033124320209,"min":6.71599886815e-10,"var":0.000713025510777},"beats_loudness_band_ratio":{"dmean":[0.277108490467,0.211856648326,0.0969728976488,0.0655701383948,0.0269041024148,0.0115218358114],"dmean2":[0.478527724743,0.362295150757,0.173445269465,0.115413665771,0.0508787371218,0.0200493894517]