{"lowlevel":{"average_loudness":0.892702043056,"barkbands":{"dmean":[0.000363684172044,0.0136079080403,0.00227849953808,0.00124022946693,0.000503773801029,0.0001095315165,0.000175225693965,0.000310319242999,0.000211356629734,0.00025751432986,0.000261764042079,0.000127084931592,0.000134934627567,0.000148694583913,0.000234333929257,0.000500117545016,0.000386118976166,0.00038580968976,0.000214830186451,0.000170428465935,0.000224300005357,0.000135131092975,0.000127974868519,0.000176983478013,0.0000941440885072,0.0000870503718033,0.0000153694763867],"dmean2":[0.000613074342255,0.0218828171492,0.00372547842562,0.00206148228608,0.000870496849529,0.000183401236427,0.000296155310934,0.000528697972186,0.000346834800439,0.000424687983468,0.000436849921243,0.000206796074053,0.000226950738579,0.000244728842517,0.000388388289139,0.000804463052191,0.000638497760519,0.000622610037681,0.000347920809872,0.000273313868092,0.000364993233234,0.000215027946979,0.000192469815374,0.000249492819421,0.000126919752802,0.000110266948468,0.0000206195254577],"dvar":[4.87117915782e-7,0.000518984568771,0.0000091548790806,0.00000464671666123,7.36704464543e-7,2.51904683779e-8,1.06330318772e-7,6.65088577989e-7,2.006930373e-7,4.72367077009e-7,5.04262800405e-7,9.3357087394e-8,7.04421410092e-8,6.01860321581e-8,1.4183883934e-7,6.54293046409e-7,3.23011761338e-7,4.63416398588e-7,1.18350691025e-7,6.09445720556e-8,1.08148391575e-7,6.03271672617e-8,1.50262351895e-7,8.53025738934e-8,3.2122194682e-8,5.70594025362e-8,8.87630247082e-10],"dvar2":[0.00000125884764657,0.00127660308499,0.0000230531168199,0.0000112713378257,0.00000204626849154,6.5448858777e-8,2.86627908963e-7,0.00000173225441813,5.08237690156e-7,0.00000118014042982,0.00000135446293825,2.33691721974e-7,1.89623648339e-7,1.57232662445e-7,3.55464379709e-7,0.00000150844721247,8.47297314976e-7,0.00000117863760352,3.07428962287e-7,1.52981399992e-7,2.72045838301e-7,1.37111712206e-7,3.59833364882e-7,1.72022225797e-7,6.16716988588e-8,7.41591037468e-8,1.7404259145e-9],"max":[0.00591515609995,0.207478702068,0.0362554043531,0.0296986885369,0.0125206485391,0.00395668996498,0.00933367107064,0.0108004454523,0.021741129458,0.0220980085433,0.0248407684267,0.0136313689873,0.00871187075973,0.00675281509757,0.00958888512105,0.0189228765666,0.0129470936954,0.0184894669801,0.00807212572545,0.00644749123603,0.0108255073428,0.0208367742598,0.0385960899293,0.0134286740795,0.00291207199916,0.00571642583236,0.00039086441393],"mean":[0.000330347596901,0.0173999983817,0.00313894404098,0.00152800255455,0.000686352315824,0.000163824719493,0.000238293767325,0.000346589862602,0.000347950641299,0.000394473870983,0.000359047699021,0.00022185734997,0.000211658552871,0.000256154482486,0.000408810010413,0.000892828044016,0.00083541998174,0.000988724525087,0.000543608621228,0.000419107236667,0.000464644021122,0.000306022848235,0.000287263130303,0.00041738737491,0.000184742661077,0.000231050871662,0.0000286093054456],"median":[0.0000716282665962,0.00612033437937,0.00189269112889,0.000617593992501,0.000377066724468,0.000107361622213,0.000120887511002,0.000117523581139,0.000160121970112,0.00012024967873,0.0000982456840575,0.0000744130375097,0.0000992048735498,0.000134166824864,0.000205270203878,0.000435161404312,0.000465322867967,0.000433779001469,0.000287454982754,0.000230555058806,0.000299645296764,0.000185742304893,0.000152280335897,0.000216533750063,0.0000719053277862,0.0000222483504331,0.00000391189769289],"min":[2.91955153629e-12,1.59665168456e-13,4.06416148972e-15,2.22236690822e-15,2.761053647e-14,3.50440637338e-14,2.752538933e-14,2.18561757912e-14,4.71462976894e-14,4.47174408776e-14,3.93619903653e-14,7.24890254159e-14,2.14320460657e-14,2.86933224034e-14,3.60062152348e-14,3.69672791456e-14,3.39097138227e-14,1.3524774291e-13,5.69044187855e-14,1.23547060169e-13,1.02315711784e-13,6.26434261452e-14,1.30864516814e-13,1.18659300593e-13,1.94198986319e-13,3.00568218318e-13,6.82900402893e-11],"var":[4.39863725887e-7,0.000666123174597,0.0000129558411572,0.00000658880207993,8.76517731285e-7,3.89588308281e-8,1.35877783691e-7,6.10127074196e-7,6.25392715392e-7,0.00000123753932257,0.00000101381851891,4.50554210829e-7,1.33951346015e-7,1.48818401158e-7,3.45624243892e-7,0.00000150336654769,0.0000011062259091,0.00000236179334934,4.45245376568e-7,2.33133590655e-7,2.60884547743e-7,3.08413376615e-7,4.41790149353e-7,4.18457005935e-7,8.1137649488e-8,4.37689550381e-7,2.33972374808e-9]},"barkbands_crest":{"dmean":3.47657966614,"dmean2":5.64831066132,"dvar":10.7259492874,"dvar2":24.6257762909,"max":26.6203937531,"mean":12.5875501633,"median":11.3164806366,"min":2.22469735146,"var":38.3896446228},"barkbands_flatness_db":{"dmean":0.0288450811058,"dmean2":0.0452944748104,"dvar":0.000954298244324,"dvar2":0.00222829147242,"max":0.733692288399,"mean":0.128852531314,"median":0.104111641645,"min":0.0186171848327,"var":0.00858749821782},"barkbands_kurtosis":{"dmean":5.99016618729,"dmean2":9.80790710449,"dvar":456.261993408,"dvar2":1124.73522949,"max":888.829162598,"mean":5.93152761459,"median":-0.126935124397,"min":-1.94095957279,"var":670.94329834},"barkbands_skewness":{"dmean":0.870600044727,"dmean2":1.35078549385,"dvar":1.28792023659,"dvar2":3.06681036949,"max":26.5845298767,"mean":1.51033353806,"median":1.0560631752,"min":-6.81580114365,"var":4.29869318008},"barkbands_spread":{"dmean":10.1676330566,"dmean2":15.5729827881,"dvar":100.039558411,"dvar2":218.356933594,"max":162.426589966,"mean":42.2843780518,"median":43.451675415,"min":0.207376733422,"var":505.574981689},"dissonance":{"dmean":0.00608690688387,"dmean2":0.0105728022754,"dvar":0.000065428117523,"dvar2":0.000188976031495,"max":0.500000178814,"mean":0.491554647684,"median":0.493977546692,"min":0.333049476147,"var":0.0000789203622844},"dynamic_complexity":2.50940680504,"erbbands":{"dmean":[0.419879764318,2.97799253464,2.78561210632,3.52156376839,2.75621414185,1.56042206287,1.18657886982,0.871781945229,1.50597131252,6.00063657761,4.8972120285,4.47958278656,7.67346382141,8.61694908142,7.97480201721,4.79413890839,6.02639865875,6.1933093071,9.7049665451,13.5482311249,29.8036594391,20.8548679352,21.0529594421,13.7652301788,9.35495758057,7.85448932648,8.38734722137,9.19867324829,5.42412519455,2.76666045189,4.34822368622,4.25705480576,2.60215330124,1.1504727602,0.675850152969,0.317234277725,0.216526716948,0.0278069339693,0.00230107130483,0.000183020689292],"dmean2":[0.699441969395,4.71086025238,4.44950914383,5.78264713287,4.79631996155,2.63788461685,2.01826858521,1.44770205021,2.54124832153,10.1721343994,8.26495933533,7.34434556961,12.6614789963,14.0880537033,13.0557250977,7.77632045746,10.073969841,10.1093120575,15.910235405,21.7958908081,48.2557640076,34.5214500427,33.8995475769,22.0610580444,14.96210289,12.5434541702,13.7378759384,14.8273839951,8.68999385834,4.22479629517,6.52454423904,6.17430591583,3.68873739243,1.59455990791,0.938370585442,0.438934028149,0.261925339699,0.03597503528,0.00303447409533,0.000236797393882],"dvar":[0.561172068119,23.2349662781,14.2463960648,23.9140510559,31.2024936676,6.03042316437,4.0232257843,1.7603417635,9.09396457672,192.238265991,128.781768799,81.2221298218,391.573150635,481.517333984,355.231292725,106.729919434,146.091583252,118.253227234,243.160858154,428.340270996,2475.64111328,932.729553223,1501.85229492,464.213562012,224.978149414,127.92742157,159.836807251,193.550018311,103.915847778,39.9334449768,140.731933594,54.313949585,17.5713844299,4.5542845726,1.75837945938,0.437272131443,0.702454388142,0.00531700206921,0.0000193397863768,1.13951465153e-7],"dvar2":[1.48523128033,54.8055305481,33.8254699707,59.4784736633,85.8838653564,16.2045593262,10.6729812622,4.43236684799,25.0797786713,500.626403809,340.781524658,202.383544922,993.436218262,1204.98913574,919.375915527,264.953430176,389.378540039,306.552215576,639.292785645,1027.04736328,5859.95410156,2459.5637207,3787.16748047,1216.92297363,576.191772461,318.825195312,408.114044189,479.827972412,241.36605835,83.1210708618,342.890625,117.022087097,36.1650009155,9.06045627594,3.52783703804,0.889478564262,0.831071913242,0.00714810937643,0.0000345048320014,2.02213286116e-7],"max":[6.06591701508,47.9857597351,42.9937973022,62.6200675964,86.5232391357,58.6778564453,55.1533355713,39.5173873901,100.802047729,209.926513672,189.925628662,407.652404785,708.005310059,699.436462402,619.390808105,528.813354492,419.912017822,364.962890625,326.464324951,584.986083984,1311.87512207,747.300598145,1100.60583496,617.666809082,372.118835449,353.725372314,242.361251831,694.017456055,786.078979492,839.756896973,1051.17041016,384.138885498,122.662322998,37.6756324768,20.8805046082,11.5273141861,20.1082172394,1.63129472733,0.0749466568232,0.00630674231797],"mean":[0.510915994644,3.86080789566,4.21531438828,4.81694936752,3.302932024,2.28599667549,1.67393803596,1.33054935932,2.22956371307,6.94237613678,6.34149694443,7.52755498886,12.2872123718,13.2823028564,12.8247594833,8.85299682617,9.88307666779,11.7202749252,18.1651382446,26.1216049194,58.2358283997,47.9272499084,54.3465385437,36.732635498,24.7537384033,19.4906406403,18.2155017853,18.1739521027,11.857758522,6.81550741196,9.32380008698,9.82377910614,5.85165882111,2.29173874855,1.24974536896,0.572583556175,0.655333578587,0.0714125037193,0.00490137794986,0.000393599882955],"median":[0.164621785283,1.39646649361,2.56600666046,2.70479536057,1.52836251259,1.14149904251,0.990663051605,0.835867106915,1.18231678009,2.70265054703,2.65209341049,3.51688861847,4.38030147552,3.98100948334,3.80345511436,3.43734836578,4.71354055405,6.45747280121,9.61168479919,15.119890213,28.4228439331,29.1743507385,25.4012489319,18.2623615265,13.2769327164,10.7133483887,10.6533184052,11.9198713303,7.31692123413,4.01332426071,4.77127218246,5.13324451447,2.97067737579,1.028226614,0.419994413853,0.150020703673,0.0298763029277,0.00609132274985,0.000600042869337,0.0000867532216944],"min":[9.39050642801e-11,3.37089384184e-11,1.52070474269e-11,1.54381091244e-11,6.99529947856e-11,5.61521176778e-11,2.00372163306e-10,3.14910680865e-10,5.42342282195e-10,5.7997018299e-10,8.04915190056e-10,9.42146582972e-10,1.01516084428e-9,7.58626939046e-10,2.02215932887e-9,2.48820963833e-9,1.01017116894e-9,9.8853503161e-10,2.0371906384e-9,1.79747805529e-9,2.26957230787e-9,1.58348578694e-9,5.19524601117e-9,5.29282218054e-9,2.95242630344e-9,4.62563987114e-9,6.59585763785e-9,3.02045344291e-9,2.00565164477e-9,3.819591754e-9,3.9090624071e-9,1.40485179045e-9,2.31814678564e-9,2.19524287637e-9,1.35880107166e-9,8.02705069081e-10,4.93378671251e-10,4.08010986108e-10,2.50726173157e-9,1.64654911927e-9],"var":[0.62576431036,31.7972564697,21.8375968933,34.7475814819,30.6259403229,10.5887346268,5.60417842865,2.92478895187,12.2252883911,186.69380188,144.837844849,264.062408447,1060.48522949,1178.22180176,1091.6295166,537.534606934,286.470977783,308.292419434,626.93371582,1196.46386719,6152.27246094,3344.73803711,7131.06640625,2192.59082031,893.181213379,501.702758789,420.250976562,438.080047607,455.98260498,392.315063477,351.017242432,276.438934326,65.6664123535,11.3015489578,4.07392978668,0.965903699398,5.67691469193,0.0398108325899,0.0000789505138528,4.66892856821e-7]},"erbbands_crest":{"dmean":2.08053207397,"dmean2":3.4107811451,"dvar":4.75697660446,"dvar2":11.6073989868,"max":29.251958847,"mean":7.85910987854,"median":6.3841791153,"min":2.17206215858,"var":18.882818222},"erbbands_flatness_db":{"dmean":0.0158366765827,"dmean2":0.0229253657162,"dvar":0.000322571460856,"dvar2":0.000591782678384,"max":0.815124750137,"mean":0.137051641941,"median":0.115846805274,"min":0.0248148478568,"var":0.00879284180701},"erbbands_kurtosis":{"dmean":1.35123324394,"dmean2":2.11919212341,"dvar":4.8792552948,"dvar2":11.1940479279,"max":77.831741333,"mean":2.04413414001,"median":0.939056634903,"min":-1.80426597595,"var":14.8282651901},"erbbands_skewness":{"dmean":0.33445930481,"dmean2":0.520703196526,"dvar":0.116133958101,"dvar2":0.26494756341,"max":4.23662233353,"mean":-0.883306801319,"median":-0.858988702297,"min":-6.68140649796,"var":0.656674861908},"erbbands_spread":{"dmean":9.8753824234,"dmean2":15.3019704819,"dvar":111.13079834,"dvar2":266.342285156,"max":168.906723022,"mean":42.526309967,"median":39.8777770996,"min":0.597499370575,"var":525.299682617},"gfcc":{"cov":[[13529.546875,95.090675354,1936.28930664,479.721618652,-1604.04650879,886.101196289,42.1590423584,427.774475098,-376.75579834,152.193161011,-371.190887451,205.429733276,-214.676025391],[95.090675354,1812.04785156,-300.572357178,156.175354004,-132.935379028,48.6635894775,266.344146729,12.7796783447,89.355506897,-86.6258163452,58.0469093323,-96.7023620605,98.8092193604],[1936.28930664,-300.572357178,1747.78747559,154.452651978,-497.384124756,447.573883057,157.561798096,118.949874878,-84.2705383301,96.0732803345,-73.2749633789,104.62877655,-31.9409198761],[479.721618652,156.175354004,154.452651978,494.535430908,-19.9967594147,170.101013184,-26.8006629944,17.6183586121,27.4882011414,28.7972011566,37.4213371277,-2.61198735237,10.9319868088],[-1604.04650879,-132.935379028,-497.384124756,-19.9967594147,803.283874512,-218.517684937,-70.8505325317,-48.3686943054,135.052764893,5.5981669426,64.5805435181,22.6364631653,16.6679077148],[886.101196289,48.6635894775,447.573883057,170.101013184,-218.517684937,377.544555664,120.396156311,54.9932785034,-19.7433128357,42.3265647888,11.7316904068,23.5303936005,24.7125072479],[42.1590423584,266.344146729,157.561798096,-26.8006629944,-70.8505325317,120.396156311,223.696243286,53.4713668823,33.8677711487,17.3764533997,25.3129940033,3.03132128716,29.051492691],[427.774475098,12.7796783447,118.949874878,17.6183586121,-48.3686943054,54.9932785034,53.4713668823,113.478240967,30.4824867249,23.6613388062,9.33189868927,10.2623643875,0.747458934784],[-376.75579834,89.355506897,-84.2705383301,27.4882011414,135.052764893,-19.7433128357,33.8677711487,30.4824867249,116.357528687,20.7988643646,23.408575058,2.31996440887,21.6176776886],[152.193161011,-86.6258163452,96.0732803345,28.7972011566,5.5981669426,42.3265647888,17.3764533997,23.6613388062,20.7988643646,72.2645950317,21.6755867004,13.12196064,-7.21450042725],[-371.190887451,58.0469093323,-73.2749633789,37.4213371277,64.5805435181,11.7316904068,25.3129940033,9.33189868927,23.408575058,21.6755867004,87.837020874,4.99913024902,13.7981948853],[205.429733276,-96.7023620605,104.62877655,-2.61198735237,22.6364631653,23.5303936005,3.03132128716,10.2623643875,2.31996440887,13.12196064,4.99913024902,64.5931854248,9.26766395569],[-214.676025391,98.8092193604,-31.9409198761,10.9319868088,16.6679077148,24.7125072479,29.051492691,0.747458934784,21.6176776886,-7.21450042725,13.7981948853,9.26766395569,59.5893516541]],"icov":[[0.000202800205443,-0.000178948364919,0.0000653894385323,-0.0000958781020017,0.000164023498655,-0.000303806416923,0.000288602517685,-0.000742058909964,0.000531480298378,-0.000538291817065,0.000920701422729,-0.000947255815845,0.000704840640537],[-0.000178948364919,0.00122279289644,0.00010884430958,-0.000524902832694,0.000222224829486,0.00069161556894,-0.00178226444405,0.000956839532591,-0.00104830926284,0.00177581631579,-0.00112899893429,0.0017733006971,-0.00142878259066],[0.0000653894385323,0.00010884430958,0.00123869744129,-0.00030641205376,0.000434896443039,-0.000843317015097,-0.000601379026193,-0.000533357262611,0.000489688012749,-0.000882486754563,0.00143171090167,-0.00188589945901,0.000980528770015],[-0.0000958781020017,-0.000524902832694,-0.00030641205376,0.00339168403298,-0.000358421355486,-0.00200209557079,0.00253889593296,0.000273175828625,-0.00134354713373,-0.000159979783348,-0.00166915461887,0.00103754363954,0.000121020217193],[0.000164023498655,0.000222224829486,0.000434896443039,-0.000358421355486,0.00250283908099,0.000573320547119,0.0000104861292129,0.000555888167582,-0.00222780625336,-0.00003735016071,-0.000316942343488,-0.00208133063279,0.000772129860707],[-0.000303806416923,0.00069161556894,-0.000843317015097,-0.00200209557079,0.000573320547119,0.0068043009378,-0.00350861018524,0.000787388300523,0.000713648681995,-0.000415336253354,-0.00156818411779,0.00136709830258,-0.0037662521936],[0.000288602517685,-0.00178226444405,-0.000601379026193,0.00253889593296,0.0000104861292129,-0.00350861018524,0.0102311298251,-0.00298455008306,-0.0011235983111,-0.00170763605274,-0.000616688921582,-0.000831861805636,0.000181540555786],[-0.000742058909964,0.000956839532591,-0.000533357262611,0.000273175828625,0.000555888167582,0.000787388300523,-0.00298455008306,0.0148792816326,-0.00642389478162,0.0012524680933,-0.00418161926791,0.0023661875166,-0.000727203267161],[0.000531480298378,-0.00104830926284,0.000489688012749,-0.00134354713373,-0.00222780625336,0.000713648681995,-0.0011235983111,-0.00642389478162,0.0173989795148,-0.00649993726984,0.00394731387496,-0.00174666964449,-0.0026237834245],[-0.000538291817065,0.00177581631579,-0.000882486754563,-0.000159979783348,-0.00003735016071,-0.000415336253354,-0.00170763605274,0.0012524680933,-0.00649993726984,0.0227911099792,-0.00803866237402,0.00172283069696,0.00238277949393],[0.000920701422729,-0.00112899893429,0.00143171090167,-0.00166915461887,-0.000316942343488,-0.00156818411779,-0.000616688921582,-0.00418161926791,0.00394731387496,-0.00803866237402,0.0200661979616,-0.00586545141414,0.00121528841555],[-0.000947255815845,0.0017733006971,-0.00188589945901,0.00103754363954,-0.00208133063279,0.00136709830258,-0.000831861805636,0.0023661875166,-0.00174666964449,0.00172283069696,-0.00586545141414,0.0255899336189,-0.00894260592759],[0.000704840640537,-0.00142878259066,0.000980528770015,0.000121020217193,0.000772129860707,-0.0037662521936,0.000181540555786,-0.000727203267161,-0.0026237834245,0.00238277949393,0.00121528841555,-0.00894260592759,0.0258096028119]],"mean":[5.72782039642,47.014289856,-109.234390259,58.4510726929,-31.8174285889,22.1466350555,-26.1582965851,20.9003009796,-12.8844127655,-1.43315076828,-16.6380901337,-3.14723682404,-10.2437572479]},"hfc":{"dmean":8.04019927979,"dmean2":10.7664632797,"dvar":93.1780548096,"dvar2":179.56968689,"max":310.126525879,"mean":30.5861968994,"median":23.0984039307,"min":0.00000144153068504,"var":720.966308594},"melbands":{"dmean":[0.00388520071283,0.00222384184599,0.000577507948037,0.000134419024107,0.0000474767366541,0.0000198173402168,0.0000254829010373,0.0000701135577401,0.0000369876506738,0.0000300657266052,0.0000395322058466,0.000035300887248,0.0000324532375089,0.0000152750617417,0.0000147041200762,0.0000121773673527,0.0000127690900626,0.0000158576458489,0.000018814471332,0.0000253099860856,0.0000378391159757,0.0000244225830102,0.0000199989790417,0.0000200377671717,0.0000118460402518,0.00000820490549813,0.00000715756686986,0.00000555420729142,0.0000054709912547,0.00000603086527917,0.00000531283967575,0.00000348712478626,0.00000218294599108,0.00000148949391132,0.00000234004187405,0.00000303054071082,0.0000026815550882,0.00000224475456889,0.00000124760356357,8.90044759672e-7],"dmean2":[0.00628545926884,0.00348462676629,0.000948938366491,0.000232644088101,0.0000800507041276,0.0000329321410391,0.000043028867367,0.000118959222164,0.0000623538726359,0.0000493804327562,0.000065292158979,0.0000578000835958,0.0000538886706636,0.0000249180811807,0.0000243370432145,0.0000204211191885,0.000020932937332,0.0000263400270342,0.0000311800758936,0.0000408094820159,0.0000620899227215,0.0000408458108723,0.0000325809887727,0.0000324058710248,0.0000192891275219,0.0000133521871248,0.0000117451209007,0.0000090567746156,0.00000904579792405,0.00000997359347821,0.00000867439848662,0.00000570060365135,0.00000338021004609,0.00000231614876611,0.00000356862301487,0.00000449190793006,0.00000393989512304,0.0000032874252156,0.00000178548668828,0.00000126667941913],"dvar":[0.0000446082085546,0.0000109585562313,6.90113097335e-7,5.73698599737e-8,6.29497565185e-9,8.76013539486e-10,2.4022135392e-9,2.96464310878e-8,6.53396137196e-9,3.99915212057e-9,1.05805408879e-8,8.11092171205e-9,6.97649049641e-9,1.62050162178e-9,8.87019457885e-10,5.25406662621e-10,5.49764955782e-10,6.92183144135e-10,9.40557298712e-10,1.44687384296e-9,4.29743218788e-9,1.32938993147e-9,1.01289243659e-9,1.52684886956e-9,3.6178018914e-10,1.75593234397e-10,1.30698563083e-10,6.72079406017e-11,6.96605897965e-11,8.29667723412e-11,6.63318219796e-11,4.2087052593e-11,2.65493564633e-11,1.71152154949e-11,5.78228714909e-11,4.38895690624e-11,2.22355484719e-11,1.4435673143e-11,4.85897910449e-12,2.89823807315e-12],"dvar2":[0.000111902387289,0.0000249000713666,0.00000171939439042,1.59482155482e-7,1.65550364528e-8,2.22826845864e-9,6.62881527447e-9,7.7059205239e-8,1.74284728871e-8,9.86189263585e-9,2.6808637088e-8,2.01329974914e-8,1.87240694061e-8,4.17346823767e-9,2.26608154463e-9,1.42758971311e-9,1.41308753587e-9,1.8580204042e-9,2.29910934735e-9,3.5462193182e-9,1.0210549739e-8,3.53233309269e-9,2.55088461465e-9,3.87842380434e-9,9.7544650135e-10,4.57434451429e-10,3.48917700288e-10,1.73673353476e-10,1.77718798011e-10,2.14375017737e-10,1.65148561493e-10,9.8067838572e-11,4.68872857207e-11,3.16898625397e-11,1.38451861087e-10,1.05881109436e-10,4.73159844638e-11,3.13610665215e-11,1.00030877678e-11,6.01073357753e-12],"max":[0.055556550622,0.0379978790879,0.0105010960251,0.00370901334099,0.00248501985334,0.000820893561468,0.00165890401695,0.00235679442994,0.0013854681747,0.00305848335847,0.00358493765816,0.00292561296374,0.00292297475971,0.00205341237597,0.00110072642565,0.000548250915017,0.000755587185267,0.000641203834675,0.000811090227216,0.000675086572301,0.0017751242267,0.00084340776084,0.00080932729179,0.00124665675685,0.000517250737175,0.000482558272779,0.000242082838668,0.000332717376295,0.000247774616582,0.000215554100578,0.000391948909964,0.000465021992568,0.000708298874088,0.000538853171747,0.000726308906451,0.000538377265912,0.000313723052386,0.000114727285109,0.0000465677294414,0.0000302675089188],"mean":[0.004917871207,0.00326744746417,0.000809830613434,0.000182546224096,0.0000700414166204,0.0000304295917886,0.0000372608083126,0.0000799223926151,0.0000488233599754,0.0000498982262798,0.000062212224293,0.0000532535996172,0.0000472043902846,0.0000272835732176,0.0000221277914534,0.0000199809619517,0.0000220323709073,0.0000276081318589,0.0000316134246532,0.0000444434444944,0.0000726513753762,0.0000502050352225,0.0000445751429652,0.0000490639649797,0.0000277062608802,0.0000193119994947,0.0000157569320436,0.0000121612283692,0.0000110177415991,0.0000115855100375,0.00000982470646704,0.00000703359546605,0.00000470514396511,0.0000033515918858,0.00000478657921121,0.00000633731588096,0.00000597471535002,0.00000478726997244,0.00000249249501394,0.00000164672167102],"median":[0.00164038687944,0.00168393994682,0.000457747140899,0.0000953675553319,0.0000389712586184,0.0000192519128177,0.0000199870482902,0.0000297036494885,0.0000209565350815,0.0000225464282266,0.0000213362254726,0.0000154645622388,0.0000130835687742,0.0000085784440671,0.00000941783673625,0.00000979379274213,0.0000114418908197,0.0000141297514347,0.0000155659508891,0.0000234099352383,0.0000331837727572,0.0000280280219158,0.0000241142952291,0.0000200258109544,0.0000137924589581,0.0000100889319583,0.00000825958704809,0.0000065410508796,0.00000597984853812,0.00000722682079868,0.00000626517521596,0.00000416213970311,0.00000269335396297,0.00000189245270121,0.00000240682857111,0.00000323400126945,0.00000304571631204,0.00000231028161579,0.00000122729534269,6.55879489386e-7],"min":[7.99658895958e-13,7.61854467045e-15,3.46329622221e-15,5.18679397053e-15,7.04561751416e-15,7.86369209902e-15,7.44974286253e-15,8.18617532973e-15,6.04244081935e-15,5.54378871165e-15,4.34510283656e-15,2.45345168403e-15,5.58809742864e-15,9.24284469626e-15,3.80483303555e-15,1.87865427899e-15,1.95372363273e-15,3.47229319441e-15,2.76143053431e-15,2.52854898986e-15,2.63856268784e-15,1.41348496018e-15,2.15115028384e-15,8.05619558287e-15,3.72340479372e-15,2.5500606621e-15,9.68746393698e-16,4.08048169703e-15,4.9605302945e-15,3.52577316064e-15,9.40941372534e-16,1.03620737987e-15,1.56757094708e-15,2.23209444634e-15,2.82964167404e-15,6.02726675349e-16,1.0237521839e-15,1.06793448122e-15,2.73807338903e-15,1.64764552438e-15],"var":[0.000055268232245,0.0000163768108905,9.86954205473e-7,6.45144595524e-8,1.06716413484e-8,1.4697202344e-9,3.23152371529e-9,2.77064025056e-8,8.18308443229e-9,1.36900757397e-8,2.83775900556e-8,2.00460235078e-8,1.606895772e-8,8.43037017972e-9,1.78749104407e-9,1.0518191873e-9,1.26991128724e-9,1.60654600734e-9,2.21073248596e-9,3.46037110077e-9,1.02735357999e-8,4.07888922638e-9,4.06345579407e-9,6.9833312466e-9,1.3128550469e-9,5.9301052957e-10,3.84897003158e-10,2.1679211204e-10,1.7091494886e-10,1.79080861251e-10,1.38942718442e-10,1.51423845685e-10,1.61663293863e-10,1.42992687135e-10,1.33016028747e-10,1.06920527987e-10,1.26063506856e-10,4.97238257513e-11,1.19119887565e-11,6.58203439668e-12]},"melbands_crest":{"dmean":3.68960428238,"dmean2":6.08844566345,"dvar":9.60079288483,"dvar2":24.1202774048,"max":39.8968505859,"mean":18.2973804474,"median":18.5267906189,"min":3.51219820976,"var":32.9733352661},"melbands_flatness_db":{"dmean":0.0378119833767,"dmean2":0.058360427618,"dvar":0.00138742325362,"dvar2":0.00313424598426,"max":0.70180863142,"mean":0.193730890751,"median":0.173707962036,"min":0.0265129711479,"var":0.00972682517022},"melbands_kurtosis":{"dmean":19.1928424835,"dmean2":30.9317684174,"dvar":1390.25390625,"dvar2":3479.66845703,"max":728.028991699,"mean":27.6064090729,"median":9.42446708679,"min":-1.94228076935,"var":2596.3972168},"melbands_skewness":{"dmean":1.37430310249,"dmean2":2.12175679207,"dvar":2.50116419792,"dvar2":5.83309936523,"max":26.2674198151,"mean":3.84127616882,"median":3.09031629562,"min":-5.64083909988,"var":8.64966487885},"melbands_spread":{"dmean":13.077753067,"dmean2":20.3874206543,"dvar":190.75567627,"dvar2":426.813964844,"max":196.286193848,"mean":37.4902763367,"median":31.6484909058,"min":0.308316975832,"var":813.670654297},"mfcc":{"cov":[[7298.11865234,-365.329406738,1344.47167969,20.4642524719,-564.236633301,242.522735596,283.661712646,120.904319763,57.6580963135,-12.4514741898,-110.692733765,113.821151733,-62.9328460693],[-365.329406738,1113.67419434,-197.171157837,64.4116210938,-122.757675171,49.4214553833,107.584884644,86.1520004272,77.0903396606,35.1845932007,1.66697609425,8.53407096863,47.330532074],[1344.47167969,-197.171157837,1425.42138672,-12.4127845764,-309.154663086,251.547225952,222.211517334,63.3928871155,44.2390594482,-5.63815069199,-12.5786170959,52.2734794617,-23.7440853119],[20.4642524719,64.4116210938,-12.4127845764,312.635467529,154.774078369,71.6996841431,-1.81637978554,19.1446266174,7.59035921097,20.3991508484,30.9453926086,29.3132572174,12.4844350815],[-564.236633301,-122.757675171,-309.154663086,154.774078369,426.692016602,5.48160171509,-82.7814178467,-3.3970015049,8.8078212738,4.65465354919,24.6929607391,18.021982193,24.3500576019],[242.522735596,49.4214553833,251.547225952,71.6996841431,5.48160171509,244.456771851,97.9421310425,49.3623580933,44.7091751099,14.8407373428,14.8570556641,29.5744590759,18.4706840515],[283.661712646,107.584884644,222.211517334,-1.81637978554,-82.7814178467,97.9421310425,165.003051758,53.4847640991,21.3151836395,28.8925113678,25.3571243286,21.4595298767,5.38939332962],[120.904319763,86.1520004272,63.3928871155,19.1446266174,-3.3970015049,49.3623580933,53.4847640991,92.9385528564,46.4192695618,22.2494411469,9.69702720642,16.0881843567,14.164264679],[57.6580963135,77.0903396606,44.2390594482,7.59035921097,8.8078212738,44.7091751099,21.3151836395,46.4192695618,95.1975631714,30.2502574921,2.23132920265,16.0789489746,12.1526937485],[-12.4514741898,35.1845932007,-5.63815069199,20.3991508484,4.65465354919,14.8407373428,28.8925113678,22.2494411469,30.2502574921,87.5705108643,41.3409614563,10.2708377838,2.41167879105],[-110.692733765,1.66697609425,-12.5786170959,30.9453926086,24.6929607391,14.8570556641,25.3571243286,9.69702720642,2.23132920265,41.3409614563,74.3214950562,20.385477066,4.90366601944],[113.821151733,8.53407096863,52.2734794617,29.3132572174,18.021982193,29.5744590759,21.4595298767,16.0881843567,16.0789489746,10.2708377838,20.385477066,62.4271697998,21.0410919189],[-62.9328460693,47.330532074,-23.7440853119,12.4844350815,24.3500576019,18.4706840515,5.38939332962,14.164264679,12.1526937485,2.41167879105,4.90366601944,21.0410919189,49.4769554138]],"icov":[[0.000201040806132,0.000121299468447,-0.0000563098219573,-0.00017262842448,0.000265730923275,-0.00000456810266769,-0.000168211845448,-0.000172422995092,-0.0000205734158953,-0.0000833317899378,0.000507687276695,-0.000457661750261,0.000248253520112],[0.000121299468447,0.00144238374196,0.000528138247319,-0.00080574763706,0.00104424345773,0.0000189265338122,-0.00118560250849,-0.000461529911263,-0.000996804097667,0.00015222170623,0.000679604650941,0.0000384470004064,-0.000874759629369],[-0.0000563098219573,0.000528138247319,0.00144545128569,-0.000373690476408,0.00102763611358,-0.000894577533472,-0.00116062781308,0.0000223094848479,-0.000572520249989,0.000493747706059,0.000446720951004,-0.000749169499613,0.000550249125808],[-0.00017262842448,-0.00080574763706,-0.000373690476408,0.00496568484232,-0.00221565831453,-0.00126988999546,0.00136891962029,-0.000428431580076,0.00155482697301,-0.000770971470047,-0.00122706941329,-0.000854577578139,0.000797665503342],[0.000265730923275,0.00104424345773,0.00102763611358,-0.00221565831453,0.0048171710223,-0.000803815841209,0.000785001495387,-0.000660221034195,-0.001119790948,0.000565026362892,-0.0000913624608074,-0.00103535072412,-0.000879028055351],[-0.00000456810266769,0.0000189265338122,-0.000894577533472,-0.00126988999546,-0.000803815841209,0.00717339478433,-0.00333901378326,0.0000195118755073,-0.00220123887993,0.000977126066573,-0.000120298289403,0.000345739739714,-0.00169910187833],[-0.000168211845448,-0.00118560250849,-0.00116062781308,0.00136891962029,0.000785001495387,-0.00333901378326,0.0131049901247,-0.00458892574534,0.00304740760475,-0.00201780349016,-0.00325060309842,-0.000826090981718,0.000787529628724],[-0.000172422995092,-0.000461529911263,0.0000223094848479,-0.000428431580076,-0.000660221034195,0.0000195118755073,-0.00458892574534,0.0178755931556,-0.00680407742038,-0.000261954439338,-0.000213653649553,0.000393384601921,-0.00242102984339],[-0.0000205734158953,-0.000996804097667,-0.000572520249989,0.00155482697301,-0.001119790948,-0.00220123887993,0.00304740760475,-0.00680407742038,0.017620055005,-0.00633534183726,0.00364070408978,-0.00269483122975,0.0000152179100041],[-0.0000833317899378,0.00015222170623,0.000493747706059,-0.000770971470047,0.000565026362892,0.000977126066573,-0.00201780349016,-0.000261954439338,-0.00633534183726,0.0188866984099,-0.0102529339492,0.00185288768262,0.000695499707945],[0.000507687276695,0.000679604650941,0.000446720951004,-0.00122706941329,-0.0000913624608074,-0.000120298289403,-0.00325060309842,-0.000213653649553,0.00364070408978,-0.0102529339492,0.0233671534806,-0.0068566147238,0.00123027921654],[-0.000457661750261,0.0000384470004064,-0.000749169499613,-0.000854577578139,-0.00103535072412,0.000345739739714,-0.000826090981718,0.000393384601921,-0.00269483122975,0.00185288768262,-0.0068566147238,0.0239734817296,-0.00934901833534],[0.000248253520112,-0.000874759629369,0.000550249125808,0.000797665503342,-0.000879028055351,-0.00169910187833,0.000787529628724,-0.00242102984339,0.0000152179100041,0.000695499707945,0.00123027921654,-0.00934901833534,0.0269173197448]],"mean":[-632.730102539,74.9926834106,-2.70826649666,39.6118621826,22.9314174652,10.6509132385,7.83348178864,17.8220176697,12.7597379684,10.1684465408,0.861453831196,7.7643494606,-4.58414983749]},"pitch_salience":{"dmean":0.0954655781388,"dmean2":0.154334068298,"dvar":0.00721413036808,"dvar2":0.0170028377324,"max":0.883965075016,"mean":0.489408791065,"median":0.507230401039,"min":0.0469166859984,"var":0.0268377102911},"silence_rate_20dB":{"dmean":0,"dmean2":0,"dvar":0,"dvar2":0,"max":1,"mean":1,"median":1,"min":1,"var":0},"silence_rate_30dB":{"dmean":0.0255175437778,"dmean2":0.0510382801294,"dvar":0.0248650480062,"dvar2":0.0660719200969,"max":1,"mean":0.983051896095,"median":1,"min":0,"var":0.0166607517749},"silence_rate_60dB":{"dmean":0.0105072241277,"dmean2":0.0209532156587,"dvar":0.0103954123333,"dvar2":0.0238894931972,"max":1,"mean":0.0373358353972,"median":0,"min":0,"var":0.0359436273575},"spectral_centroid":{"dmean":276.394348145,"dmean2":433.894317627,"dvar":76633.5546875,"dvar2":184429.71875,"max":4734.72167969,"mean":2336.23071289,"median":2429.91186523,"min":172.231674194,"var":413944},"spectral_complexity":{"dmean":5.2197136879,"dmean2":7.7353014946,"dvar":29.3150348663,"dvar2":55.7188682556,"max":64,"mean":24.1876163483,"median":22,"min":0,"var":218.702102661},"spectral_contrast_coeffs":{"dmean":[0.053154297173,0.0434449650347,0.0345254167914,0.0297157205641,0.019784193486,0.0203890372068],"dmean2":[0.0883788764477,0.0736954957247,0.0584939792752,0.0493919327855,0.0327343679965,0.0333522371948],"dvar":[0.00172900431789,0.00118897063658,0.000721954158507,0.000535980798304,0.000253046193393,0.000423120509367],"dvar2":[0.00477488152683,0.00328355235979,0.0020519006066,0.00141354440711,0.000668702530675,0.0010923370719],"max":[-0.450380265713,-0.489735245705,-0.578693151474,-0.545099973679,-0.485451698303,-0.58972465992],"mean":[-0.695527970791,-0.810703337193,-0.820893347263,-0.800248682499,-0.791735768318,-0.753029584885],"median":[-0.695083379745,-0.815796017647,-0.82643032074,-0.807782351971,-0.801228106022,-0.753004550934],"min":[-0.99124699831,-0.990192949772,-0.978549957275,-0.956658661366,-0.941745281219,-0.949787795544],"var":[0.00431762170047,0.00272512389347,0.00218442454934,0.00265035941266,0.0026638188865,0.001580219483]},"spectral_contrast_valleys":{"dmean":[0.426886558533,0.381614565849,0.35964179039,0.309797614813,0.238465055823,0.311321556568],"dmean2":[0.696667551994,0.626729786396,0.567668139935,0.482934623957,0.349954903126,0.407826542854],"dvar":[0.132787659764,0.102641031146,0.11053917557,0.0916298925877,0.069247931242,0.144136726856],"dvar2":[0.335616797209,0.259044528008,0.251024395227,0.205968245864,0.138045847416,0.277271777391],"max":[-5.30204916,-5.50804424286,-5.20388221741,-5.58424520493,-5.41737556458,-7.50464296341],"mean":[-7.16280889511,-7.28542232513,-7.51388406754,-7.46422767639,-6.93192195892,-9.63014030457],"median":[-6.92963695526,-7.08393096924,-7.34639644623,-7.35694313049,-6.79702425003,-9.21339321136],"min":[-19.3362579346,-18.2313518524,-18.1608810425,-18.6598987579,-17.8729934692,-19.3433551788],"var":[1.96275150776,1.56953275204,1.52879595757,0.892832636833,1.05554807186,2.01466655731]},"spectral_decrease":{"dmean":4.33579128156e-9,"dmean2":6.74866384998e-9,"dvar":4.04890053681e-17,"dvar2":9.53376213246e-17,"max":4.38582304553e-16,"mean":-7.64637597683e-9,"median":-4.88293849799e-9,"min":-6.25190494929e-8,"var":6.0402309898e-17},"spectral_energy":{"dmean":0.0167269837111,"dmean2":0.0258727129549,"dvar":0.00058366189478,"dvar2":0.00136545440182,"max":0.238727480173,"mean":0.0316335707903,"median":0.0215157978237,"min":8.05278482785e-11,"var":0.000909858965315},"spectral_energyband_high":{"dmean":0.000713583955076,"dmean2":0.000972311070655,"dvar":9.85013798527e-7,"dvar2":0.00000202675482797,"max":0.0414135307074,"mean":0.00212775962427,"median":0.00141362147406,"min":4.63876333179e-11,"var":0.00000567612460145},"spectral_energyband_low":{"dmean":0.0152103109285,"dmean2":0.0240290239453,"dvar":0.000594010634813,"dvar2":0.00142519490328,"max":0.230492964387,"mean":0.021772345528,"median":0.0106228301302,"min":3.49283449386e-12,"var":0.000804242328741},"spectral_energyband_middle_high":{"dmean":0.00159833533689,"dmean2":0.00245354673825,"dvar":0.00000446485455541,"dvar2":0.0000102709736893,"max":0.0507986135781,"mean":0.00527578499168,"median":0.00371111137792,"min":5.0456058602e-13,"var":0.0000266134484264},"spectral_energyband_middle_low":{"dmean":0.00197333260439,"dmean2":0.0032262916211,"dvar":0.0000121693992696,"dvar2":0.0000303137348965,"max":0.0448926910758,"mean":0.00344588072039,"median":0.00201440881938,"min":3.72256072538e-13,"var":0.0000184039145097},"spectral_entropy":{"dmean":0.112860016525,"dmean2":0.166639566422,"dvar":0.0162185616791,"dvar2":0.0348383225501,"max":8.97677898407,"mean":7.98862171173,"median":8.06037139893,"min":5.96218347549,"var":0.16298687458},"spectral_flux":{"dmean":0.0345492064953,"dmean2":0.0563290156424,"dvar":0.00185734650586,"dvar2":0.00465292623267,"max":0.352905571461,"mean":0.0933560058475,"median":0.0818870663643,"min":0.000019803399482,"var":0.00270262127742},"spectral_kurtosis":{"dmean":2.1540248394,"dmean2":3.60519552231,"dvar":93.1475143433,"dvar2":270.25289917,"max":332.507720947,"mean":6.37207746506,"median":2.72214579582,"min":-0.520516872406,"var":530.316162109},"spectral_rms":{"dmean":0.00129062263295,"dmean2":0.00191608024761,"dvar":0.00000228489011533,"dvar2":0.00000488004297949,"max":0.0152612207457,"mean":0.00501964287832,"median":0.00458159577101,"min":2.80292255184e-7,"var":0.00000566508697375},"spectral_rolloff":{"dmean":970.354980469,"dmean2":1563.59729004,"dvar":1874532.375,"dvar2":3822417.5,"max":21533.203125,"mean":2827.15600586,"median":2519.38476562,"min":64.599609375,"var":7572139},"spectral_skewness":{"dmean":0.213544458151,"dmean2":0.348293542862,"dvar":0.239741533995,"dvar2":0.710377633572,"max":13.5661659241,"mean":1.31281876564,"median":1.15040040016,"min":-0.531818091869,"var":0.955698490143},"spectral_spread":{"dmean":577005,"dmean2":791162.875,"dvar":448165937152,"dvar2":754274598912,"max":19099636,"mean":4990408.5,"median":4745636.5,"min":216715,"var":4115090112510},"spectral_strongpeak":{"dmean":0.459510803223,"dmean2":0.828973174095,"dvar":5.80338430405,"dvar2":16.1369800568,"max":39.0523338318,"mean":0.574635207653,"median":0.267170101404,"min":0,"var":4.71541976929},"zerocrossingrate":{"dmean":0.0168957095593,"dmean2":0.0181478876621,"dvar":0.000284149631625,"dvar2":0.000301509164274,"max":0.8037109375,"mean":0.0975937992334,"median":0.08837890625,"min":0.0029296875,"var":0.00526610389352}},"metadata":{"audio_properties":{"analysis_sample_rate":44100,"bit_rate":0,"codec":"flac","downmix":"mix","equal_loudness":0,"length":371.253326416,"lossless":true,"md5_encoded":"d89266d9cf8649bdc05fee3fe58abd93","replay_gain":-13.6292304993,"sample_rate":44100},"tags":{"acoustid_id":["e6f250ca-19c6-46c1-aaf1-5839f4d94113"],"album":["Pigs of the Roman Empire"],"albumartist":["Melvins & Lustmord"],"albumartistsort":["Melvins & Lustmord"],"artist":["Melvins & Lustmord"],"artistsort":["Melvins & Lustmord"],"asin":["B0002KV386"],"barcode":["689230005421"],"catalognumber":["IPC-054"],"date":["2004-08-23"],"discnumber":["1"],"disctotal":["1"],"file_name":"07_Safety_Third.flac","genre":["Favourites; Industrial; Male Vocal; Noise"],"label":["Ipecac Recordings"],"language":["eng"],"media":["CD"],"musicbrainz_albumartistid":["9ccfbc94-a4f4-42f7-b6f5-d903ab77cccb","15f2bb82-bce4-44c9-863a-995ae9bde0b4"],"musicbrainz_albumid":["e49980be-ea93-4d03-ab54-e64e3443a2ba"],"musicbrainz_artistid":["9ccfbc94-a4f4-42f7-b6f5-d903ab77cccb","15f2bb82-bce4-44c9-863a-995ae9bde0b4"],"musicbrainz_recordingid":["07e18122-73d9-4df6-8c72-da8aaccca505"],"musicbrainz_releasegroupid":["560a9c41-0b9e-35c1-ad41-a5f337f5adc4"],"musicbrainz_releasetrackid":["1bb72219-f4b9-383b-a272-b5dfc5957531"],"originaldate":["2004-08-23"],"releasecountry":["US"],"releasestatus":["official"],"releasetype":["album"],"script":["Latn"],"title":["Safety Third"],"totaldiscs":["1"],"totaltracks":["9"],"tracknumber":["7"],"tracktotal":["9"]},"version":{"essentia":"2.1-beta2","essentia_build_sha":"70f2e5ece6736b2c40cc944ad0e695b16b925413","essentia_git_sha":"v2.1_beta2","extractor":"music 1.0"}},"rhythm":{"beats_count":527,"beats_loudness":{"dmean":0.0100953504443,"dmean2":0.016825305298,"dvar":0.000146470963955,"dvar2":0.000356632779585,"max":0.139780968428,"mean":0.0333942174911,"median":0.0299843885005,"min":2.27728902402e-9,"var":0.000300800980767},"beats_loudness_band_ratio":{"dmean":[0.150268256664,0.0262629743665