{"lowlevel":{"average_loudness":0.96436715126,"barkbands":{"dmean":[0.0000284645648208,0.00234024529345,0.00229367543943,0.00237239920534,0.0018134037964,0.0006898358115,0.000840812746901,0.00149210484233,0.00202689412981,0.00163334049284,0.000869391078595,0.000938373501413,0.000904613058083,0.00092795753153,0.000633755233139,0.000322421459714,0.000176166024175,0.000117726893222,0.000123435005662,0.00010008578829,0.000073691153375,0.0000426222832175,0.0000223360657401,0.0000204707066587,0.0000104122073026,0.00000933001047088,0.00000204137518267],"dmean2":[0.000045976266847,0.00370081420988,0.00402239756659,0.00409312499687,0.0031284999568,0.00114624772687,0.0013961205259,0.00246724905446,0.0032307242509,0.00260737165809,0.0013585833367,0.00152408296708,0.00145628047176,0.00148222839925,0.00100626575295,0.00051600090228,0.00028945930535,0.000191440951312,0.000205098796869,0.00016586043057,0.000122860816191,0.0000682727404637,0.0000347214008798,0.0000315914949169,0.0000150617761392,0.0000139808626045,0.00000317046169585],"dvar":[1.961671936e-9,0.0000143076476888,0.0000150597843458,0.0000188635058294,0.0000168270962604,0.00000130372689,0.00000248365222433,0.000012019307178,0.0000191718227143,0.0000105020117189,0.00000318210481964,0.00000204322236641,0.00000248601963904,0.00000255562372331,0.00000161100035712,3.07956128154e-7,5.86107375966e-8,4.37144045407e-8,2.653466602e-8,1.52743790949e-8,1.40335956189e-8,1.0369114456e-8,5.11875120068e-9,3.48728423916e-9,4.55897070095e-10,6.99063473775e-10,3.00060878922e-11],"dvar2":[4.74586814292e-9,0.0000340449223586,0.0000433479290223,0.000050358754379,0.0000464177173853,0.00000334684091285,0.00000674955799695,0.0000309715578624,0.0000457105197711,0.0000252667432505,0.00000748278262108,0.00000522479967913,0.00000607323636359,0.00000586287933402,0.00000386247256756,7.35630123927e-7,1.41053789093e-7,1.02992395057e-7,6.6581051783e-8,4.03143793903e-8,3.46765105519e-8,2.29201386759e-8,9.93948745531e-9,7.34523375456e-9,9.07944053274e-10,1.72341685367e-9,7.22576790069e-11],"max":[0.000483221694594,0.0385109335184,0.0338508337736,0.0414354801178,0.058069139719,0.0228241663426,0.0401592031121,0.0594907514751,0.072940595448,0.0460482910275,0.0479478053749,0.027640145272,0.0404761768878,0.0234402567148,0.0285105928779,0.0138596165925,0.00631421944126,0.00701091671363,0.00335586327128,0.00354738370515,0.00242602126673,0.00241526006721,0.00285295723006,0.00235016900115,0.000590950832702,0.000626344350167,0.000139454350574],"mean":[0.0000358540964953,0.00345666497014,0.00416955817491,0.00252065761015,0.00246235658415,0.00109552091453,0.00155919557437,0.00201100786217,0.00344144599512,0.0027418830432,0.00144215789624,0.00187662488315,0.00165991694666,0.00171437801328,0.00123199808877,0.000685833627358,0.000379744597012,0.00025375772384,0.00029744283529,0.000268167408649,0.000197801433387,0.0000855254984344,0.0000541938243259,0.0000544819704373,0.0000295157569781,0.0000180626429938,0.00000407687366533],"median":[0.0000163044896908,0.00196051970124,0.00378214311786,0.00116620305926,0.00143329729326,0.000713407469448,0.000968651263975,0.00076982768951,0.00126911187544,0.00135931407567,0.000787745346315,0.00123962189537,0.00101010233629,0.000871738884598,0.000707846775185,0.000485271273647,0.000309385999572,0.000192583989701,0.000243745496846,0.000250134500675,0.000179580121767,0.0000504760791955,0.000028806634873,0.0000315774741466,0.0000167413982126,0.00000677650632497,3.76876727159e-7],"min":[4.40963040131e-25,3.06886929198e-24,1.24900080883e-24,1.18540067328e-24,4.55596755049e-24,4.36074222582e-24,7.49761566656e-24,6.14616243514e-24,1.49350964663e-23,1.64611415766e-23,2.06276839969e-23,1.84758718181e-23,2.60362768685e-23,2.89151758327e-23,5.27552181871e-23,5.23003925435e-23,5.9784505278e-23,1.02838204768e-22,1.3058426034e-22,1.58959473505e-22,1.90641339149e-22,3.26559839064e-22,3.99998068796e-22,6.04845833593e-22,7.51682307277e-22,1.24509352318e-21,2.01512243795e-21],"var":[2.57690535577e-9,0.0000175648347067,0.0000148359868035,0.0000161235911946,0.0000135795626193,0.00000178465859335,0.00000465950279249,0.0000150033120008,0.000039376278437,0.0000179883791134,0.00000532287367605,0.00000461052695755,0.00000495145559398,0.00000543989699509,0.0000033816627365,7.32170917672e-7,1.26147199353e-7,9.74047438262e-8,7.04314615518e-8,3.81209517286e-8,2.86766610458e-8,2.40995170486e-8,1.98639700244e-8,1.16303882081e-8,1.9412356167e-9,1.03852315636e-9,7.35875943514e-11]},"barkbands_crest":{"dmean":2.1693110466,"dmean2":3.59249353409,"dvar":4.14975976944,"dvar2":11.0822134018,"max":26.173707962,"mean":7.81190443039,"median":7.18662500381,"min":2.2988216877,"var":8.40608024597},"barkbands_flatness_db":{"dmean":0.0145876463503,"dmean2":0.0231925491244,"dvar":0.000215877880692,"dvar2":0.000540404755156,"max":0.319879591465,"mean":0.119681946933,"median":0.10816347599,"min":0.024242034182,"var":0.00226807268336},"barkbands_kurtosis":{"dmean":0.925814688206,"dmean2":1.49585747719,"dvar":1.76960968971,"dvar2":4.29605293274,"max":44.8143806458,"mean":0.55153632164,"median":0.0832047462463,"min":-1.92467606068,"var":3.01687693596},"barkbands_skewness":{"dmean":0.342402786016,"dmean2":0.535143733025,"dvar":0.122837498784,"dvar2":0.295006424189,"max":6.79391241074,"mean":0.673344492912,"median":0.649801909924,"min":-2.27258276939,"var":0.477884322405},"barkbands_spread":{"dmean":3.72593212128,"dmean2":5.79820871353,"dvar":16.1556491852,"dvar2":37.6169662476,"max":144.495269775,"mean":21.6327991486,"median":21.0210151672,"min":1.78206419945,"var":132.563354492},"dissonance":{"dmean":0.0160316843539,"dmean2":0.0273422077298,"dvar":0.000232886261074,"dvar2":0.000624820298981,"max":0.500000059605,"mean":0.472719311714,"median":0.478553622961,"min":0.290786355734,"var":0.000552874291316},"dynamic_complexity":2.47051095963,"erbbands":{"dmean":[0.0563028231263,0.581423580647,2.14561605453,5.62143182755,7.30865335464,5.9467959404,4.78971242905,5.77900886536,9.58474826813,16.812746048,39.1120567322,46.3216972351,38.7140769958,47.7125091553,34.2487182617,31.9585762024,38.5682792664,48.0148735046,32.8533325195,24.9085903168,14.6545763016,8.89097690582,6.28952693939,4.84316492081,6.81488132477,4.75519418716,3.82962322235,2.35871911049,1.58192896843,1.02778887749,0.58965408802,0.509922027588,0.298003196716,0.143502518535,0.066804215312,0.0391578488052,0.0183308627456,0.00383619149216,0.000366816209862,0.0000184575674211],"dmean2":[0.0896848663688,0.922634482384,3.68236637115,9.838971138,12.6602420807,10.0734128952,8.20245265961,9.46379375458,15.4997768402,28.0291519165,63.8888549805,72.407409668,61.202747345,76.1667633057,54.5132865906,51.6374931335,61.8610649109,75.8330764771,51.2988929749,39.2301864624,23.4401607513,14.4393863678,10.1371517181,8.03101921082,11.3696575165,7.88024759293,6.36602926254,3.88099908829,2.56816625595,1.61525154114,0.917595684528,0.793504834175,0.465606153011,0.215628281236,0.0966684818268,0.0568041093647,0.0288249105215,0.00613672612235,0.00055927503854,0.0000281485627056],"dvar":[0.00965567212552,0.835263311863,11.4749794006,99.2897872925,257.794158936,164.860198975,74.9841766357,99.1109237671,236.105316162,1364.86791992,8563.9765625,10472.5234375,8906.953125,8659.61230469,3886.52563477,2399.24365234,4568.88232422,7045.11376953,4365.94433594,1874.50695801,471.629364014,162.350921631,153.715362549,44.9702110291,85.7319488525,34.4147529602,28.0231742859,24.0662841797,14.805850029,10.4216098785,3.30602288246,2.63246273994,0.519683659077,0.0962397009134,0.0179594047368,0.00923641957343,0.00354179111309,0.00011270208779,9.96961944111e-7,9.7679375699e-10],"dvar2":[0.0226904861629,2.01805830002,32.508846283,273.712097168,704.735046387,443.118530273,208.196243286,242.237960815,616.390991211,3651.0222168,21846.2226562,25195.7929688,20954.234375,20989.9902344,9429.06542969,6069.69042969,11268.6230469,16686.2246094,10341.5712891,4176.75488281,1053.71350098,369.778778076,361.864959717,111.597564697,218.167816162,90.7147216797,72.1305007935,60.0686531067,33.5372657776,22.8215751648,6.39754867554,5.61920928955,1.10713589191,0.210664391518,0.0341430976987,0.0197544842958,0.00914950855076,0.000294067256618,0.00000234602339333,2.23404383881e-9],"max":[0.82403832674,9.44678211212,31.7217006683,88.596534729,177.666915894,189.540710449,103.690307617,219.419494629,301.361419678,1323.93896484,1507.06030273,1555.7154541,1966.1842041,1334.90612793,1516.87402344,1070.02270508,1889.32043457,1364.53601074,1362.74499512,1131.77600098,717.021850586,453.97164917,358.040313721,184.899368286,206.392959595,169.681533813,169.924850464,111.572685242,100.985076904,124.667877197,68.6951293945,59.7293052673,28.8257141113,8.97491359711,4.85008430481,3.79808235168,1.41101324558,0.249827176332,0.0275496412069,0.000835842452943],"mean":[0.067817017436,0.940735518932,4.49184560776,6.80126953125,8.68685722351,8.34752082825,6.58874177933,9.48275947571,19.9559555054,26.6005897522,56.7187957764,80.3900604248,68.959564209,88.453086853,73.5218811035,69.0552978516,77.5480651855,96.1180496216,67.9642944336,54.088508606,34.8561134338,21.3771934509,14.5353021622,12.410695076,15.8185815811,13.1745424271,11.1175756454,5.63390302658,3.19169259071,2.1906235218,1.46536171436,1.26604437828,0.788153767586,0.382955938578,0.185145646334,0.0894384533167,0.0298848357052,0.0068061510101,0.000762106035836,0.0000626537221251],"median":[0.0345121584833,0.607114136219,4.08667087555,4.07795143127,4.9622926712,4.53217935562,4.15953636169,6.15810251236,12.0907249451,16.9437465668,21.5156993866,31.4203720093,34.6298522949,45.7411422729,46.182964325,49.121006012,50.2032814026,51.6533470154,37.8589782715,37.0978851318,26.9574718475,17.6202392578,10.9016542435,10.9436035156,12.6090936661,12.3846149445,10.6465616226,4.47054100037,1.94907128811,1.15663254261,0.805096268654,0.710314869881,0.465238332748,0.218744635582,0.101263917983,0.0410618819296,0.00862659700215,0.00108717079274,0.000101172539871,0.000050623617426],"min":[5.5142942375e-23,4.83051768279e-22,2.79766195461e-21,5.85231414292e-21,9.06764596327e-21,1.79004792613e-20,2.70785328337e-20,4.7058153183e-20,1.17195595421e-19,1.58766539382e-19,2.37563014902e-19,3.74536343673e-19,5.95113695834e-19,6.18503933714e-19,1.16527652247e-18,1.1590929338e-18,1.28630690136e-18,1.70888679974e-18,2.05568402931e-18,3.39498146487e-18,3.89198693887e-18,3.66037636735e-18,4.71816128621e-18,5.23405522269e-18,6.65383298916e-18,7.68874636408e-18,8.93168201457e-18,9.87844399238e-18,1.26637637741e-17,1.10337274493e-17,1.04169534604e-17,9.86887020397e-18,1.02202863067e-17,7.95896310914e-18,5.64121502689e-18,4.51285878048e-18,2.33009127136e-18,9.30766579507e-19,2.60982669392e-19,2.77448106613e-20],"var":[0.0102746570483,1.05965411663,13.8135051727,77.9189605713,197.289016724,151.223129272,69.8333969116,151.859909058,838.747131348,1360.54394531,11387.3330078,22472.3203125,16367.2861328,17599.2480469,9331.89355469,5094.66015625,9432.55566406,16146.9873047,9607.92675781,4346.26611328,1341.04382324,412.574188232,324.375,107.884780884,222.854171753,87.4000167847,66.5930786133,40.6791381836,30.619562149,29.6170597076,13.1600885391,8.4078168869,1.82079410553,0.349479526281,0.0807280093431,0.0250804312527,0.0036710894201,0.000170790983248,0.00000251828942055,3.03229485965e-9]},"erbbands_crest":{"dmean":2.37827515602,"dmean2":3.8379547596,"dvar":5.64674520493,"dvar2":14.0681295395,"max":27.086938858,"mean":8.61359405518,"median":7.62237882614,"min":2.31864690781,"var":15.9657039642},"erbbands_flatness_db":{"dmean":0.014625848271,"dmean2":0.0215364173055,"dvar":0.000210656304262,"dvar2":0.000440805160906,"max":0.377142369747,"mean":0.174464330077,"median":0.167274549603,"min":0.0295418892056,"var":0.00259077385999},"erbbands_kurtosis":{"dmean":0.655567526817,"dmean2":1.03297054768,"dvar":0.512753248215,"dvar2":1.24089074135,"max":10.8697690964,"mean":0.746696531773,"median":0.380758523941,"min":-1.47171986103,"var":1.75881528854},"erbbands_skewness":{"dmean":0.28302910924,"dmean2":0.445349961519,"dvar":0.0663442313671,"dvar2":0.162983596325,"max":2.56492757797,"mean":0.223751530051,"median":0.192516952753,"min":-2.33786725998,"var":0.240739360452},"erbbands_spread":{"dmean":4.3980717659,"dmean2":6.80435228348,"dvar":20.5834674835,"dvar2":46.2402267456,"max":95.8367156982,"mean":24.5991516113,"median":23.4748401642,"min":3.38300490379,"var":100.571388245},"gfcc":{"cov":[[25948.1914062,1190.68066406,-1574.09533691,941.692382812,-893.86907959,1069.26306152,-338.233062744,341.262878418,-360.020751953,123.966262817,-449.51159668,-93.9659729004,-361.379119873],[1190.68066406,1281.72790527,-524.685424805,-96.7013931274,22.8776760101,-261.988616943,-3.72914719582,-103.447219849,-15.6318349838,-55.0234832764,55.9440879822,-156.22253418,77.0257492065],[-1574.09533691,-524.685424805,859.39263916,149.346252441,123.13885498,159.671264648,53.1453742981,67.3697509766,46.6638298035,26.4255981445,13.0648508072,130.377990723,-48.44947052],[941.692382812,-96.7013931274,149.346252441,363.926300049,-17.2478179932,223.487960815,28.1142902374,58.2244300842,14.469824791,-3.56945681572,-9.06974983215,20.2832927704,-14.1161394119],[-893.86907959,22.8776760101,123.13885498,-17.2478179932,197.216110229,-12.9555463791,67.8547210693,-0.40584525466,26.9137229919,5.42576885223,16.1967430115,-1.47182905674,15.7326583862],[1069.26306152,-261.988616943,159.671264648,223.487960815,-12.9555463791,318.990875244,68.6626358032,80.8353500366,-2.35813879967,17.5372390747,-17.9406986237,44.7118263245,-35.9861030579],[-338.233062744,-3.72914719582,53.1453742981,28.1142902374,67.8547210693,68.6626358032,128.348388672,35.0536079407,30.0098590851,4.03971242905,22.744966507,-2.18223237991,-0.244800969958],[341.262878418,-103.447219849,67.3697509766,58.2244300842,-0.40584525466,80.8353500366,35.0536079407,106.894248962,42.9148025513,24.5613975525,-16.6290569305,8.44722080231,-15.3491182327],[-360.020751953,-15.6318349838,46.6638298035,14.469824791,26.9137229919,-2.35813879967,30.0098590851,42.9148025513,86.2487258911,20.1395683289,12.4115152359,-8.24645042419,-1.27988040447],[123.966262817,-55.0234832764,26.4255981445,-3.56945681572,5.42576885223,17.5372390747,4.03971242905,24.5613975525,20.1395683289,52.2163581848,14.1254081726,12.2251605988,-12.8905115128],[-449.51159668,55.9440879822,13.0648508072,-9.06974983215,16.1967430115,-17.9406986237,22.744966507,-16.6290569305,12.4115152359,14.1254081726,66.0195465088,16.7171573639,9.94512271881],[-93.9659729004,-156.22253418,130.377990723,20.2832927704,-1.47182905674,44.7118263245,-2.18223237991,8.44722080231,-8.24645042419,12.2251605988,16.7171573639,75.9504013062,1.22029769421],[-361.379119873,77.0257492065,-48.44947052,-14.1161394119,15.7326583862,-35.9861030579,-0.244800969958,-15.3491182327,-1.27988040447,-12.8905115128,9.94512271881,1.22029769421,52.2887649536]],"icov":[[0.000166037221788,-0.000431674910942,0.000360608653864,-0.000213748498936,0.000189916972886,-0.000547558884136,0.000313541473588,-0.000285167305265,0.00032567261951,-0.000690449844114,0.00118515151553,-0.00101099803578,0.00117955647875],[-0.000431674910942,0.00273115630262,-0.000399934273446,-0.0000346403576259,-0.000836238847114,0.00237880996428,-0.000930437410716,0.000524859467987,-0.000124206286273,0.00249692238867,-0.00507680699229,0.00504222745076,-0.00388765055686],[0.000360608653864,-0.000399934273446,0.0033406172879,-0.00135758169927,-0.00145079544745,-0.000734244356863,0.000816151325125,-0.000857401406392,-0.000354268384399,-0.000214724903344,0.00242956285365,-0.00584625918418,0.00510628335178],[-0.000213748498936,-0.0000346403576259,-0.00135758169927,0.00623468263075,0.000169308768818,-0.00446851691231,0.00189569988288,-0.000119346506835,-0.00206387694925,0.00310623622499,-0.00282256864011,0.00297626596875,-0.00297077512369],[0.000189916972886,-0.000836238847114,-0.00145079544745,0.000169308768818,0.00854651350528,0.000185908254934,-0.00447908742353,0.00181763374712,-0.000241993955569,-0.00349787948653,0.00325271533802,0.000541388406418,-0.00218462781049],[-0.000547558884136,0.00237880996428,-0.000734244356863,-0.00446851691231,0.000185908254934,0.0120135741308,-0.00657918490469,-0.00155247293878,0.00284267473035,0.0000631371440249,-0.00156621646602,0.000244637281867,-0.00107233179733],[0.000313541473588,-0.000930437410716,0.000816151325125,0.00189569988288,-0.00447908742353,-0.00657918490469,0.01638671197,-0.00491077825427,-0.00154428812675,0.00405400246382,-0.00593471853063,0.00181912968401,0.0023084199056],[-0.000285167305265,0.000524859467987,-0.000857401406392,-0.000119346506835,0.00181763374712,-0.00155247293878,-0.00491077825427,0.0200936626643,-0.00929842237383,-0.00582917733118,0.00720449071378,-0.000815966923255,-0.00232646823861],[0.00032567261951,-0.000124206286273,-0.000354268384399,-0.00206387694925,-0.000241993955569,0.00284267473035,-0.00154428812675,-0.00929842237383,0.0209057442844,-0.00553549872711,-0.00278811878525,0.00438628904521,0.000415781454649],[-0.000690449844114,0.00249692238867,-0.000214724903344,0.00310623622499,-0.00349787948653,0.0000631371440249,0.00405400246382,-0.00582917733118,-0.00553549872711,0.0329086408019,-0.015178585425,0.00188464019448,0.00241358741187],[0.00118515151553,-0.00507680699229,0.00242956285365,-0.00282256864011,0.00325271533802,-0.00156621646602,-0.00593471853063,0.00720449071378,-0.00278811878525,-0.015178585425,0.0366941541433,-0.0184256974608,0.0068298378028],[-0.00101099803578,0.00504222745076,-0.00584625918418,0.00297626596875,0.000541388406418,0.000244637281867,0.00181912968401,-0.000815966923255,0.00438628904521,0.00188464019448,-0.0184256974608,0.0360233746469,-0.0160181298852],[0.00117955647875,-0.00388765055686,0.00510628335178,-0.00297077512369,-0.00218462781049,-0.00107233179733,0.0023084199056,-0.00232646823861,0.000415781454649,0.00241358741187,0.0068298378028,-0.0160181298852,0.0358601287007]],"mean":[6.95419025421,106.482543945,-138.145584106,15.6171092987,-46.8189888,15.3439903259,-25.8458900452,6.3406085968,-25.5388698578,4.21159124374,-18.1395435333,-10.6873750687,-10.3403434753]},"hfc":{"dmean":5.82194948196,"dmean2":8.84787368774,"dvar":45.198425293,"dvar2":102.142311096,"max":98.3370666504,"mean":27.5349712372,"median":25.0887737274,"min":1.0937935633e-16,"var":259.948944092},"melbands":{"dmean":[0.000589947216213,0.000926677021198,0.00101498374715,0.000481881725136,0.000167132093338,0.000128709580167,0.000153610861162,0.000204715834116,0.000346639775671,0.000282022578176,0.000202373747015,0.000207927369047,0.000118174422823,0.000113114168926,0.0000790700723883,0.0000905534834601,0.0000977451782092,0.0000581947933824,0.0000434847570432,0.0000279495143332,0.0000172553536686,0.0000110261844384,0.00000751304378355,0.00000562311470276,0.0000041830421651,0.00000619817137704,0.00000348631101588,0.00000376156776838,0.00000301561067317,0.00000184575912954,0.00000143288036725,0.00000104615776308,7.19563161056e-7,5.56662143936e-7,3.65290645732e-7,3.42043762203e-7,3.38454384519e-7,2.46869745979e-7,1.6364454325e-7,1.20183216268e-7],"dmean2":[0.000929402012844,0.00154298148118,0.00176035077311,0.000827148556709,0.000282089691609,0.000210628975765,0.000249313190579,0.000340214959579,0.00056426145602,0.00044117658399,0.000318552076351,0.000333047471941,0.000186920355191,0.000183461874258,0.000127262974274,0.000143374680192,0.000154778157594,0.0000916994176805,0.0000687302599545,0.0000445639016107,0.0000279771375062,0.0000182896528713,0.0000121645171021,0.00000923140305531,0.00000697977293385,0.0000104234013634,0.00000581230051466,0.00000630413478575,0.00000502970397065,0.00000308387734549,0.00000238561551669,0.00000173355454081,0.00000113934981982,8.88783176833e-7,5.71645955461e-7,5.41277699995e-7,5.34384355433e-7,3.93992422687e-7,2.50970231264e-7,1.84488584409e-7],"dvar":[9.86973191175e-7,0.00000186728470908,0.00000318367528962,0.00000117535421396,8.87461055754e-8,4.62808102952e-8,6.43875424089e-8,1.90132865896e-7,6.36925335584e-7,4.04971871149e-7,2.39545528302e-7,1.63780015328e-7,5.04664292578e-8,3.1558318625e-8,1.52973189671e-8,2.69839492972e-8,2.95965527641e-8,1.30013475541e-8,8.1466930979e-9,2.59739785236e-9,6.70869693131e-10,2.38888325788e-10,1.92386759301e-10,9.66008453784e-11,3.32341376641e-11,7.08685818362e-11,2.62074129759e-11,2.00580628495e-11,1.69600739702e-11,8.71114985701e-12,9.95449903063e-12,6.2105095372e-12,3.28580045117e-12,3.67405368282e-12,1.31476719702e-12,1.09573233733e-12,1.27562175233e-12,3.69002273399e-13,1.36349007714e-13,6.18931650181e-14],"dvar2":[0.00000231788544625,0.00000505988509758,0.0000085997808128,0.00000322221330862,2.41015612801e-7,1.13342338182e-7,1.69625096191e-7,5.00071678289e-7,0.00000159808348599,9.56768872129e-7,5.67980237065e-7,3.9774704419e-7,1.2083684453e-7,8.19666468033e-8,3.71104107444e-8,6.50012523806e-8,6.95814463825e-8,2.98968210188e-8,1.85600086411e-8,6.16638340389e-9,1.55576251881e-9,5.71692027052e-10,4.49402792757e-10,2.34162828017e-10,8.5368545566e-11,1.84233114875e-10,6.63988516947e-11,5.39672681543e-11,4.56504938018e-11,2.17546952674e-11,2.55194216453e-11,1.46489816805e-11,7.04367033449e-12,8.40049557693e-12,2.7051468704e-12,2.39690363911e-12,2.83003048079e-12,8.08081845795e-13,3.18713967978e-13,1.37608078144e-13],"max":[0.0095223179087,0.0130239874125,0.0151413390413,0.0156676471233,0.00349580938928,0.00500872544944,0.00454270932823,0.013379140757,0.011841696687,0.0100042587146,0.00951050128788,0.0056760138832,0.00696362974122,0.00375159876421,0.00414570746943,0.00316336890683,0.00267705880105,0.00206153630279,0.00251873233356,0.00120121508371,0.000759635295253,0.00056588742882,0.000479214446386,0.000278393941699,0.000156588823302,0.000193455751287,0.000122712837765,0.000121014170873,0.000155320143676,0.0000691128952894,0.0000766880184528,0.0000599756604061,0.0000591638417973,0.0000714100679033,0.0000480189773953,0.0000366052554455,0.0000453212451248,0.0000279798332485,0.0000106334591692,0.00000759802969696],"mean":[0.000791239261162,0.0019758224953,0.00126191356685,0.000659272831399,0.000241411442403,0.000212635161006,0.000312864722218,0.000311430805596,0.000506118580233,0.000492655555718,0.000339778489433,0.000368916487787,0.000228824283113,0.000226121774176,0.000154624154675,0.000169740858837,0.000180815171916,0.000107275205664,0.0000847315022838,0.0000578486578888,0.0000368761066056,0.0000232835463976,0.0000151438944158,0.0000115773227662,0.00000924439336814,0.0000131571978272,0.00000798647215561,0.00000924311461858,0.00000792874016042,0.00000441975453214,0.00000289759100269,0.00000190249795651,0.00000140076087973,0.00000112025020371,8.31365127851e-7,7.91124250554e-7,7.71106329012e-7,6.05126956543e-7,3.91204451944e-7,2.99112826951e-7],"median":[0.000414251990151,0.00179001246579,0.000783370516729,0.000371939036995,0.000161039788509,0.000136506787385,0.000188879479538,0.000187810175703,0.000193844753085,0.000179456415935,0.000162512355018,0.000180740040378,0.000139439929626,0.000141512020491,0.000107757965452,0.000101449113572,0.0000918417499634,0.0000549426440557,0.0000497777109558,0.0000401887518819,0.0000285421883746,0.0000189194088307,0.000010386647773,0.00000897436893865,0.00000789497698861,0.0000103816037154,0.00000603774788033,0.00000857613758853,0.00000743447435525,0.00000387417594538,0.00000204296043194,0.00000113870351015,7.6471843613e-7,5.42349312127e-7,4.34383082393e-7,4.62712904437e-7,4.16770944867e-7,3.66699339338e-7,2.10130224332e-7,1.68867700268e-7],"min":[8.20819238213e-25,2.02162883017e-24,1.23322359073e-24,2.10756871769e-24,9.79941949127e-25,1.17913938567e-24,1.75544743922e-24,1.38034171221e-24,2.13755923715e-24,1.8622736025e-24,2.87571985478e-24,2.37519056865e-24,3.87793647486e-24,2.11682363383e-24,2.8123019461e-24,2.47838836619e-24,2.19465955327e-24,1.82364012574e-24,3.7402802469e-24,3.38194806931e-24,4.30570103388e-24,3.26814502297e-24,2.78012785965e-24,4.29554366086e-24,2.89435945468e-24,3.73887173575e-24,3.10997426995e-24,4.83601159412e-24,6.31157236746e-24,4.14125982274e-24,5.07709734752e-24,6.05752917927e-24,5.28395679282e-24,5.52982895976e-24,5.93143449673e-24,4.32243316811e-24,6.42997092301e-24,5.94065312527e-24,6.75514846004e-24,6.00822300611e-24],"var":[0.00000113109661015,0.00000244322768594,0.00000260649176198,9.75079956334e-7,8.63904858761e-8,7.31020577405e-8,1.9941030871e-7,2.05164667477e-7,8.85190161171e-7,9.23982156564e-7,4.21256856953e-7,3.28316360765e-7,9.79281367108e-8,7.36336644991e-8,2.96040365555e-8,5.53647474533e-8,6.40108908101e-8,2.67552557887e-8,1.72870908699e-8,5.65694646681e-9,1.56520774119e-9,5.13489362142e-10,3.71826569534e-10,1.87609552893e-10,6.94118165723e-11,1.60718910402e-10,6.54111556586e-11,4.43923439675e-11,3.53874186898e-11,1.61077817751e-11,1.49678307942e-11,1.12113009848e-11,8.59618799753e-12,9.82008484945e-12,4.61033815291e-12,3.36917429719e-12,3.44349050142e-12,1.12858008529e-12,4.03619276673e-13,2.14272637177e-13]},"melbands_crest":{"dmean":2.79042577744,"dmean2":4.5979385376,"dvar":6.3608083725,"dvar2":17.0759468079,"max":39.3025779724,"mean":11.9341392517,"median":11.5146617889,"min":1.59236001968,"var":16.4942703247},"melbands_flatness_db":{"dmean":0.0187992043793,"dmean2":0.0300166998059,"dvar":0.000393425289076,"dvar2":0.00097290816484,"max":0.418857544661,"mean":0.178204476833,"median":0.167085140944,"min":0.00300299772061,"var":0.00301548792049},"melbands_kurtosis":{"dmean":1.90829503536,"dmean2":3.07094979286,"dvar":9.75874137878,"dvar2":23.4735507965,"max":125.924240112,"mean":2.77320885658,"median":1.70451688766,"min":-1.80709350109,"var":16.360622406},"melbands_skewness":{"dmean":0.445838421583,"dmean2":0.700774133205,"dvar":0.217499673367,"dvar2":0.514092862606,"max":10.9744768143,"mean":1.33941674232,"median":1.26867258549,"min":-1.29607772827,"var":0.751603901386},"melbands_spread":{"dmean":5.50821113586,"dmean2":8.74113368988,"dvar":31.2452011108,"dvar2":76.6694869995,"max":210.767211914,"mean":29.0234451294,"median":27.7672786713,"min":2.81900310516,"var":305.037567139},"mfcc":{"cov":[[9837.53320312,132.862014771,382.305755615,234.802749634,73.1795272827,564.475708008,255.220245361,377.087554932,205.151855469,185.845352173,181.934738159,-17.8916835785,-64.2648010254],[132.862014771,1210.29748535,-351.4921875,60.8276596069,-27.7828273773,-127.356971741,4.25068235397,-137.419876099,-19.8314685822,18.8865871429,-84.2093276978,39.7747192383,2.44925498962],[382.305755615,-351.4921875,518.809265137,69.0440597534,83.5285644531,120.437736511,21.8362751007,122.372528076,7.64151954651,-21.1735134125,60.4841308594,-0.728262662888,36.4099197388],[234.802749634,60.8276596069,69.0440597534,162.309295654,56.6464614868,48.6080436707,25.6453952789,31.4150104523,28.2672290802,16.8425197601,-2.77167892456,19.1914806366,10.9937410355],[73.1795272827,-27.7828273773,83.5285644531,56.6464614868,106.314971924,43.7767982483,15.1818313599,24.723072052,21.4908409119,10.1432695389,4.48692417145,3.63815188408,9.93420219421],[564.475708008,-127.356971741,120.437736511,48.6080436707,43.7767982483,173.995758057,86.8153305054,83.149848938,21.9123706818,10.4370117188,32.0380249023,0.537974178791,6.11957406998],[255.220245361,4.25068235397,21.8362751007,25.6453952789,15.1818313599,86.8153305054,115.571243286,56.0643997192,23.9424266815,14.0897293091,11.5758247375,13.7243299484,4.36788082123],[377.087554932,-137.419876099,122.372528076,31.4150104523,24.723072052,83.149848938,56.0643997192,116.285820007,46.4390716553,21.3662185669,36.8659858704,3.45765709877,6.80601501465],[205.151855469,-19.8314685822,7.64151954651,28.2672290802,21.4908409119,21.9123706818,23.9424266815,46.4390716553,79.8233795166,48.4468765259,16.2812023163,6.20774078369,-0.0701729878783],[185.845352173,18.8865871429,-21.1735134125,16.8425197601,10.1432695389,10.4370117188,14.0897293091,21.3662185669,48.4468765259,76.5740661621,31.1244297028,9.07772731781,-3.16867017746],[181.934738159,-84.2093276978,60.4841308594,-2.77167892456,4.48692417145,32.0380249023,11.5758247375,36.8659858704,16.2812023163,31.1244297028,73.5126647949,13.9319877625,8.77566146851],[-17.8916835785,39.7747192383,-0.728262662888,19.1914806366,3.63815188408,0.537974178791,13.7243299484,3.45765709877,6.20774078369,9.07772731781,13.9319877625,52.8749885559,23.8464069366],[-64.2648010254,2.44925498962,36.4099197388,10.9937410355,9.93420219421,6.11957406998,4.36788082123,6.80601501465,-0.0701729878783,-3.16867017746,8.77566146851,23.8464069366,52.5802726746]],"icov":[[0.000147084880155,-0.000118253163237,-0.0000581348394917,-0.0000309396527882,0.000186417193618,-0.000529733486474,0.000213663530303,-0.000212351718801,-0.00013625966676,-0.00013267347822,-0.000114814531116,0.0000543987443962,0.000254488753853],[-0.000118253163237,0.00139004457742,0.000626953027677,-0.000862461340148,-0.000173008520505,0.00116119335871,-0.00111211487092,0.00101449072827,0.000581303902436,-0.000553949968889,0.000767910911236,-0.000467562436825,-0.000553207821213],[-0.0000581348394917,0.000626953027677,0.00409042555839,-0.00116188288666,-0.00195422768593,-0.000312348740408,0.00130265892949,-0.00337372906506,0.0016652001068,0.0019252775237,-0.00192220380995,0.00084398733452,-0.00189944496378],[-0.0000309396527882,-0.000862461340148,-0.00116188288666,0.00956023763865,-0.003138625063,-0.00216635712422,0.0011452663457,-0.000759348680731,-0.00140091369394,-0.00140374246985,0.00325027410872,-0.00360742188059,0.000663413316943],[0.000186417193618,-0.000173008520505,-0.00195422768593,-0.003138625063,0.0138968722895,-0.00314321904443,0.000789727317169,0.00213789497502,-0.0033185724169,-0.00095264648553,0.00127733952831,0.000676359108184,-0.000938499812037],[-0.000529733486474,0.00116119335871,-0.000312348740408,-0.00216635712422,-0.00314321904443,0.0160556118935,-0.009382231161,-0.00294825597666,0.00324836396612,0.00072706543142,-0.00251061329618,0.00304318312556,-0.00105904776137],[0.000213663530303,-0.00111211487092,0.00130265892949,0.0011452663457,0.000789727317169,-0.009382231161,0.0182057023048,-0.00638716155663,-0.000484055606648,-0.000721186690498,0.00273499405012,-0.00479231774807,0.00110144284554],[-0.000212351718801,0.00101449072827,-0.00337372906506,-0.000759348680731,0.00213789497502,-0.00294825597666,-0.00638716155663,0.0245813149959,-0.0118236774579,0.003132291371,-0.0046993191354,0.0015344399726,-0.000262467277935],[-0.00013625966676,0.000581303902436,0.0016652001068,-0.00140091369394,-0.0033185724169,0.00324836396612,-0.000484055606648,-0.0118236774579,0.0291893146932,-0.0160965397954,0.00490351533517,-0.000464756682049,-0.000772893137764],[-0.00013267347822,-0.000553949968889,0.0019252775237,-0.00140374246985,-0.00095264648553,0.00072706543142,-0.000721186690498,0.003132291371,-0.0160965397954,0.0290789529681,-0.012712765485,0.00012713461183,0.00236881780438],[-0.000114814531116,0.000767910911236,-0.00192220380995,0.00325027410872,0.00127733952831,-0.00251061329618,0.00273499405012,-0.0046993191354,0.00490351533517,-0.012712765485,0.0251245573163,-0.00688441563398,-0.00092329637846],[0.0000543987443962,-0.000467562436825,0.00084398733452,-0.00360742188059,0.000676359108184,0.00304318312556,-0.00479231774807,0.0015344399726,-0.000464756682049,0.00012713461183,-0.00688441563398,0.0289215687662,-0.0119849611074],[0.000254488753853,-0.000553207821213,-0.00189944496378,0.000663413316943,-0.000938499812037,-0.00105904776137,0.00110144284554,-0.000262467277935,-0.000772893137764,0.00236881780438,-0.00092329637846,-0.0119849611074,0.0265062712133]],"mean":[-620.095825195,139.562454224,-27.5719852448,9.70326805115,-2.72092676163,8.39068698883,9.11737060547,-2.17867970467,4.81682825089,7.60047292709,-5.02888536453,2.87237906456,-2.87015342712]},"pitch_salience":{"dmean":0.0612558797002,"dmean2":0.0992386192083,"dvar":0.00285475398414,"dvar2":0.00750624714419,"max":0.980314314365,"mean":0.608522176743,"median":0.609375357628,"min":0.0443790815771,"var":0.00782882794738},"silence_rate_20dB":{"dmean":0,"dmean2":0,"dvar":0,"dvar2":0,"max":1,"mean":1,"median":1,"min":1,"var":0},"silence_rate_30dB":{"dmean":0,"dmean2":0,"dvar":0,"dvar2":0,"max":1,"mean":1,"median":1,"min":1,"var":0},"silence_rate_60dB":{"dmean":0.00492033734918,"dmean2":0.0098418276757,"dvar":0.00489487266168,"dvar2":0.0111531456932,"max":1,"mean":0.047909103334,"median":0,"min":0,"var":0.0456075966358},"spectral_centroid":{"dmean":186.513320923,"dmean2":299.113098145,"dvar":49503.765625,"dvar2":117270.34375,"max":11774.1142578,"mean":1430.6472168,"median":1341.65209961,"min":273.103363037,"var":1051979.125},"spectral_complexity":{"dmean":3.28069353104,"dmean2":5.32091379166,"dvar":8.18347167969,"dvar2":20.497209549,"max":60,"mean":27.8956298828,"median":30,"min":0,"var":82.7682037354},"spectral_contrast_coeffs":{"dmean":[0.0548495724797,0.0465036779642,0.0372428037226,0.0289427638054,0.0178331658244,0.0163436289877],"dmean2":[0.0909287407994,0.0772262960672,0.0596248954535,0.0473253875971,0.0299239717424,0.0265149716288],"dvar":[0.00226452993229,0.00145676836837,0.000900776183698,0.000573309895117,0.000208884928725,0.00021960583399],"dvar2":[0.00604799715802,0.00391686102375,0.00226315786131,0.00146458251402,0.000549808144569,0.000531577970833],"max":[-0.318812191486,-0.438338547945,-0.472017914057,-0.528284907341,-0.608162462711,-0.612628936768],"mean":[-0.635665357113,-0.757290899754,-0.76482719183,-0.779477834702,-0.811679840088,-0.755826175213],"median":[-0.635228037834,-0.764346718788,-0.770680069923,-0.784895062447,-0.813750743866,-0.754108011723],"min":[-0.984512269497,-0.976699829102,-0.980357587337,-0.976236701012,-0.968718111515,-0.965496063232],"var":[0.00572009384632,0.00473231216893,0.00395945785567,0.00283325673081,0.00112105242442,0.00142918899655]},"spectral_contrast_valleys":{"dmean":[0.405522227287,0.32951849699,0.270777076483,0.23088465631,0.18700376153,0.198662787676],"dmean2":[0.653896450996,0.537412047386,0.437987476587,0.371321558952,0.300996959209,0.292865008116],"dvar":[0.119353652,0.0883408859372,0.0656983554363,0.0574516616762,0.0593637116253,0.0820345059037],"dvar2":[0.276236087084,0.196976214647,0.13510428369,0.112425237894,0.117399416864,0.165812849998],"max":[-5.41574764252,-4.64335584641,-5.06352901459,-5.61249256134,-5.61304664612,-8.01909351349],"mean":[-7.47166872025,-6.52287054062,-6.67590045929,-7.04169464111,-7.33726024628,-10.5043611526],"median":[-6.97414255142,-6.14496850967,-6.27311372757,-6.61465883255,-6.84293603897,-9.97961044312],"min":[-28.5090351105,-28.5905647278,-27.69572258,-27.7287807465,-27.5302219391,-27.4169998169],"var":[5.84227514267,5.50176763535,5.3632979393,5.21441173553,5.09500312805,4.4403758049]},"spectral_decrease":{"dmean":2.34910801922e-9,"dmean2":3.75027253696e-9,"dvar":8.2329302911e-18,"dvar2":2.02587153013e-17,"max":7.15244011115e-24,"mean":-8.27991453178e-9,"median":-7.77302755495e-9,"min":-2.60274788388e-8,"var":1.94780023869e-17},"spectral_energy":{"dmean":0.00926833134145,"dmean2":0.0147535698488,"dvar":0.000126061597257,"dvar2":0.000308749498799,"max":0.10299129039,"mean":0.0337478332222,"median":0.0317351408303,"min":1.00899054911e-20,"var":0.000319080252666},"spectral_energyband_high":{"dmean":0.000177255642484,"dmean2":0.000275147962384,"dvar":9.21523621855e-8,"dvar2":1.9705335319e-7,"max":0.0082148462534,"mean":0.00061933248071,"median":0.000533486891072,"min":7.1244718808e-21,"var":3.7238893924e-7},"spectral_energyband_low":{"dmean":0.0043779425323,"dmean2":0.00715430360287,"dvar":0.0000418069648731,"dvar2":0.000106230894744,"max":0.0535281673074,"mean":0.00896929483861,"median":0.00768684502691,"min":1.65558269733e-23,"var":0.0000533255406481},"spectral_energyband_middle_high":{"dmean":0.00308533664793,"dmean2":0.00468015437946,"dvar":0.0000171211213456,"dvar2":0.0000384019585908,"max":0.0702268183231,"mean":0.0120338238776,"median":0.00949681922793,"min":1.22875811972e-21,"var":0.0000842510125949},"spectral_energyband_middle_low":{"dmean":0.00649694539607,"dmean2":0.0106368716806,"dvar":0.0000899859078345,"dvar2":0.000229053213843,"max":0.0805943831801,"mean":0.0137058598921,"median":0.010107409209,"min":1.38374305955e-22,"var":0.000130198954139},"spectral_entropy":{"dmean":0.0995791107416,"dmean2":0.157864928246,"dvar":0.0127720823511,"dvar2":0.0297370236367,"max":9.82004356384,"mean":7.66470623016,"median":7.71471500397,"min":5.62045717239,"var":0.171136006713},"spectral_flux":{"dmean":0.0254644919187,"dmean2":0.0378487333655,"dvar":0.000680712459143,"dvar2":0.00129774864763,"max":0.279562920332,"mean":0.0988279953599,"median":0.0946010053158,"min":6.37402283732e-11,"var":0.00247619836591},"spectral_kurtosis":{"dmean":1.97448396683,"dmean2":3.39670753479,"dvar":10.5472249985,"dvar2":30.0369415283,"max":60.3068008423,"mean":6.05463981628,"median":4.97367525101,"min":-1.31594610214,"var":23.5810317993},"spectral_rms":{"dmean":0.000733710883651,"dmean2":0.00114581058733,"dvar":6.74053922012e-7,"dvar2":0.00000159768342201,"max":0.0100239366293,"mean":0.00545563688502,"median":0.00556427100673,"min":3.13748462974e-12,"var":0.00000316074329021},"spectral_rolloff":{"dmean":256.479370117,"dmean2":419.037567139,"dvar":179905.71875,"dvar2":382886.875,"max":19789.0136719,"mean":1708.95593262,"median":1442.72460938,"min":21.533203125,"var":4777934},"spectral_skewness":{"dmean":0.214551687241,"dmean2":0.35697978735,"dvar":0.0717608109117,"dvar2":0.192974314094,"max":6.18920993805,"mean":1.67763316631,"median":1.62438559532,"min":-0.0789817124605,"var":0.224714770913},"spectral_spread":{"dmean":290668.34375,"dmean2":442563,"dvar":407336255488,"dvar2":894883594240,"max":52351136,"mean":3952823.75,"median":3521947,"min":1119998.5,"var":14424589991900},"spectral_strongpeak":{"dmean":0.769808650017,"dmean2":1.29793393612,"dvar":1.26404178143,"dvar2":3.06703186035,"max":11.499871254,"mean":1.27822422981,"median":0.469543039799,"min":0,"var":2.38797879219},"zerocrossingrate":{"dmean":0.0058255684562,"dmean2":0.00754950894043,"dvar":0.0000566060662095,"dvar2":0.000101510820969,"max":0.52490234375,"mean":0.061089605093,"median":0.0537109375,"min":0.01025390625,"var":0.00310679664835}},"metadata":{"audio_properties":{"analysis_sample_rate":44100,"bit_rate":260122,"codec":"mp3","downmix":"mix","equal_loudness":0,"length":198.19102478,"lossless":false,"md5_encoded":"3861a6f1502b8501cb0b3dbce739a491","replay_gain":-14.4447994232,"sample_rate":44100},"tags":{"acoustid_id":["51c73763-37fc-443c-b161-3956e1be64f7"],"album":["Sex Pistols Box Set"],"albumartist":["Sex Pistols"],"albumartistsort":["Sex Pistols"],"artist":["Sex Pistols"],"artistsort":["Sex Pistols"],"asin":["B000066EX9"],"barcode":["724381256725"],"catalognumber":["SEXBOX1"],"date":["2002-06-06"],"discnumber":["1/3"],"file_name":"10 - Pretty Vacant.mp3","label":["Virgin"],"language":["eng"],"media":["CD"],"musicbrainz album release country":["GB"],"musicbrainz album status":["official"],"musicbrainz album type":["album","compilation"],"musicbrainz_albumartistid":["e5db18cb-4b1f-496d-a308-548b611090d3"],"musicbrainz_albumid":["14b892ce-84c9-4007-9b8a-b87ca0ec0979"],"musicbrainz_artistid":["e5db18cb-4b1f-496d-a308-548b611090d3"],"musicbrainz_recordingid":["07e3952e-11c5-4eb2-94b6-77ae6264f5b1"],"musicbrainz_releasegroupid":["967d6413-4b8d-3e44-b2ac-f21e61b221cc"],"musicbrainz_workid":["acd64745-196a-344c-9e8a-0cff548fedab"],"originaldate":["2002"],"script":["Latn"],"title":["Pretty Vacant"],"tracknumber":["10/20"],"work":["Pretty Vacant"],"writer":["Steve Jones","Paul Cook","John Lydon","Glen Matlock"]},"version":{"essentia":"2.1-beta2","essentia_build_sha":"70f2e5ece6736b2c40cc944ad0e695b16b925413","essentia_git_sha":"v2.1_beta2","extractor":"music 1.0"}},"rhythm":{"beats_count":477,"beats_loudness":{"dmean":0.0116418749094,"dmean2":0.0198748484254,"dvar":0.0000946714426391,"dvar2":0.000282711262116,"max":0.0894835814834,"mean":0.0391240715981,"median":0.0400127395988,"min":0,"var":0.000278858584352},"beats_loudness_band_ratio":{"dmean":[0.149069815874,0.107032217085,0.126431941986,0.122381716967,0.0605251938105,0.0190853904933],"dmean2":[0.263601720333,0.200767323375,0.221114784479,0.216440111399,0.109081082046,0.0337103381753],"dvar":[