{"lowlevel":{"average_loudness":0.938935935497,"barkbands":{"dmean":[0.00383002799936,0.00953886471689,0.0025783306919,0.00119504437316,0.00252590375021,0.00275399629027,0.00145058974158,0.000962702033576,0.00109272811096,0.000958619464654,0.000859616498929,0.0010678548133,0.000545029644854,0.000275761762168,0.000232243051869,0.000151707296027,0.000101499594166,0.0000519933964824,0.000029286255085,0.0000204501684493,0.0000185915487236,0.0000149100460476,0.00000841337714519,0.00000405169430451,0.00000283831423076,0.00000562788136449,0.000119644850201],"dmean2":[0.00662747956812,0.0160415675491,0.00447639962658,0.00202390388586,0.00416328525171,0.00454137427732,0.00241273269057,0.00162172177806,0.00184303254355,0.00160935870372,0.00144370342605,0.00180897046812,0.000928916793782,0.000462875002995,0.000385335006285,0.000248380703852,0.000168021288118,0.0000816562023829,0.000044541873649,0.0000310255600198,0.00002726821549,0.000021864356313,0.0000127254452309,0.00000630436716165,0.00000459874809167,0.00000851401091495,0.000197218934773],"dvar":[0.0000920938255149,0.00029329553945,0.0000213721723412,0.0000033477854231,0.0000159328956215,0.0000228199587582,0.0000117971203508,0.00000406271237807,0.00000371497003471,0.00000385944213122,0.00000325591781802,0.00000197687290893,3.88264254525e-7,1.00014553084e-7,9.01765062622e-8,4.20429451253e-8,2.28091820986e-8,8.48908232598e-9,2.1210893042e-9,8.29628810095e-10,1.08331588144e-9,7.39916794501e-10,2.15107875956e-10,3.66595746815e-11,1.78310873011e-11,7.54236742506e-11,1.20463043984e-8],"dvar2":[0.000246154668275,0.000809470715467,0.0000576364145672,0.0000092719164968,0.0000404476268159,0.0000613644733676,0.0000309272763843,0.0000108280482891,0.00000988360079646,0.0000105285862446,0.00000877781621966,0.00000535549179403,0.00000106355105345,2.68576513918e-7,2.36863940017e-7,1.05313070264e-7,5.90153597102e-8,1.94823783772e-8,4.57352644645e-9,1.76480285941e-9,2.08215600317e-9,1.32035316014e-9,4.39819597409e-10,7.90075366242e-11,4.23861536147e-11,1.51867129983e-10,3.17946025064e-8],"max":[0.11422841996,0.237379908562,0.0454599410295,0.0294018574059,0.0946865305305,0.0853745862842,0.125212430954,0.0498186424375,0.045204680413,0.0541727617383,0.0315794199705,0.0334861539304,0.0103048877791,0.00403899420053,0.00487824948505,0.00306292879395,0.00216750684194,0.00114480697084,0.000783497118391,0.000442674878286,0.00130342436023,0.00122466345783,0.000195213317056,0.0000831995930639,0.0000539980974281,0.000117107811093,0.00193052086979],"mean":[0.00423650396988,0.014864188619,0.00273787789047,0.00158684118651,0.00392221473157,0.00415699370205,0.0021548056975,0.00141777202953,0.00181069271639,0.00161057861988,0.00141724583227,0.00196467572823,0.00100996415131,0.000513398437761,0.000453030341305,0.00028636585921,0.0001976165222,0.0000981900375336,0.0000580068553973,0.0000467479949293,0.0000444649267592,0.0000309542701871,0.0000148494427776,0.00000642191525912,0.00000357412341145,0.0000100910010588,0.000415536749642],"median":[0.00186194118578,0.0114201568067,0.0014142653672,0.000891751260497,0.00234272191301,0.00204407353885,0.000888709910214,0.00069205526961,0.00108321185689,0.000785447715316,0.000667196291033,0.00146254745778,0.000790470046923,0.000414888723753,0.000332977826474,0.000194310763618,0.000140669071698,0.0000597279831709,0.0000363812723663,0.0000309131683025,0.0000282051878457,0.000017307293092,0.00000839675976749,0.00000387745149055,0.0000019843098471,0.00000643074508844,0.00039273450966],"min":[3.35052250972e-14,1.04312873172e-13,2.32523418922e-14,2.28116577548e-14,4.27221361857e-14,2.22156497977e-14,1.07031337325e-14,1.79411844268e-14,1.97308074962e-14,1.65234139034e-14,2.09180935784e-14,3.33709907038e-14,1.20485142791e-14,2.13073221583e-14,1.81223884911e-14,1.09279904868e-14,2.37407139845e-14,4.96688837791e-14,3.6352001189e-14,6.99935511568e-14,5.38404295648e-14,1.12190347344e-13,1.13863630438e-13,1.56515994826e-13,4.39458961842e-13,3.23427130347e-13,4.13892905409e-13],"var":[0.0000749331738916,0.000279857893474,0.0000184988475667,0.00000499863244841,0.0000287841758109,0.0000391338653571,0.0000205471114896,0.00000652372045806,0.00000683985717842,0.00000742209886084,0.00000596529798713,0.00000372970930584,7.19325214504e-7,1.61279089639e-7,1.77097547294e-7,8.04475916993e-8,3.55628202442e-8,1.33680355674e-8,4.3236236813e-9,2.37013697557e-9,4.01847222165e-9,2.63720356664e-9,4.00998040329e-10,6.09397809992e-11,2.22130647209e-11,1.40943437477e-10,3.57489433611e-8]},"barkbands_crest":{"dmean":2.84319138527,"dmean2":4.65876531601,"dvar":5.89986371994,"dvar2":15.2132110596,"max":26.6208972931,"mean":9.93117237091,"median":9.34560489655,"min":2.57414293289,"var":15.0741462708},"barkbands_flatness_db":{"dmean":0.0218147244304,"dmean2":0.0348036102951,"dvar":0.000418889248976,"dvar2":0.00108376587741,"max":0.393641620874,"mean":0.135761201382,"median":0.133976280689,"min":0.0173042770475,"var":0.001371455146},"barkbands_kurtosis":{"dmean":3.34718537331,"dmean2":5.61094474792,"dvar":68.336265564,"dvar2":172.325927734,"max":387.876556396,"mean":6.26419591904,"median":4.35663509369,"min":-1.81322062016,"var":140.465194702},"barkbands_skewness":{"dmean":0.526738464832,"dmean2":0.870145261288,"dvar":0.340363323689,"dvar2":0.871311664581,"max":17.5784397125,"mean":1.89972496033,"median":1.76432454586,"min":-1.62777042389,"var":0.985189855099},"barkbands_spread":{"dmean":4.53709125519,"dmean2":7.40765142441,"dvar":20.4423122406,"dvar2":52.3283500671,"max":127.795883179,"mean":21.3729438782,"median":20.1822719574,"min":0.603367865086,"var":104.2682724},"dissonance":{"dmean":0.0179047379643,"dmean2":0.0307778622955,"dvar":0.000273081619525,"dvar2":0.00076950417133,"max":0.500000119209,"mean":0.47206184268,"median":0.476308137178,"min":0.300538957119,"var":0.000404578546295},"dynamic_complexity":3.0429391861,"erbbands":{"dmean":[0.47232785821,1.58181524277,2.99207353592,2.8945915699,6.10410642624,9.18569469452,15.0833158493,25.4470691681,22.9651699066,19.9572753906,21.373090744,23.9905605316,27.1352233887,31.587310791,34.5618400574,41.7399177551,25.5859470367,11.7529630661,13.8950519562,9.3993139267,7.49780607224,5.36262702942,3.02628016472,1.9376513958,1.13161730766,1.00890910625,0.804931104183,0.721365630627,0.575836420059,0.37637001276,0.221645459533,0.107342839241,0.0592248551548,0.0328865945339,0.0200985707343,0.0134534696117,0.0106838196516,0.00905323587358,0.00321853742935,0.00387254334055],"dmean2":[0.789168596268,2.69301581383,5.19409227371,4.84720182419,10.2855768204,15.1437101364,24.758562088,42.1107749939,37.6490936279,33.2659988403,36.016960144,40.5140419006,46.0963439941,53.1933670044,58.3363227844,70.8239898682,43.5939598083,19.5475330353,23.3094367981,15.491235733,12.1690454483,8.8067741394,4.72771549225,2.99141287804,1.70430397987,1.53967833519,1.1983884573,1.06515967846,0.851636648178,0.566175937653,0.333923190832,0.165225222707,0.0933367162943,0.0530295446515,0.0326360315084,0.021264789626,0.016157399863,0.0130278160796,0.00444761291146,0.00637779012322],"dvar":[0.920284867287,5.89020586014,25.8988838196,16.4764137268,114.051475525,227.359710693,932.382873535,2244.90454102,2405.0378418,2438.49902344,1467.28173828,2236.27368164,3010.07177734,3519.83374023,5350.20507812,2968.30126953,858.684448242,199.332290649,259.371154785,153.128845215,100.981422424,67.3347091675,28.8620510101,9.67878723145,3.23887777328,2.05024123192,1.6238912344,1.98255205154,1.157548666,0.465723633766,0.147139623761,0.0277959611267,0.00761343212798,0.00237441458739,0.000885097368155,0.000353483337676,0.000270154851023,0.000247185089393,0.0000210763264477,0.0000122923020172],"dvar2":[2.54530072212,16.5735549927,70.1858291626,42.8213577271,311.793243408,566.466369629,2549.15722656,5943.44433594,6114.46337891,6789.97802734,3835.04394531,6114.48486328,8268.84570312,9480.93066406,14946.5830078,8144.28173828,2381.21020508,515.678833008,686.605407715,393.446746826,248.99281311,172.005584717,66.1569137573,21.0195484161,6.75063419342,4.49596261978,3.46870803833,3.76225137711,2.16686987877,0.979344069958,0.299316465855,0.0581213794649,0.0170188453048,0.00561008881778,0.00210417644121,0.000791344733443,0.000544782844372,0.000448051432613,0.0000343905885529,0.000032837222534],"max":[13.1713066101,32.2436218262,55.7872543335,58.8499908447,352.544952393,370.578033447,667.349853516,1064.22180176,1422.03283691,1421.27478027,1255.49304199,1253.78833008,1379.10595703,1304.3046875,1630.74316406,1600.48266602,467.383850098,255.6431427,266.053100586,261.672058105,139.289138794,119.297325134,66.3751602173,50.131477356,26.6291828156,22.5945549011,41.7886886597,63.8941764832,54.715007782,13.4087791443,5.70315313339,2.22601628304,1.06458437443,0.605667352676,0.399086475372,0.222426563501,0.236359342933,0.367967963219,0.144623756409,0.0815261676908],"mean":[0.72205966711,2.17255878448,3.39423203468,4.16598653793,8.959233284,13.4052648544,22.4103069305,36.8831291199,33.8269424438,30.4951057434,33.3432197571,39.6992034912,46.4367256165,55.3449707031,64.1399612427,79.0225982666,51.4194869995,25.7631931305,28.8770313263,19.2671489716,15.4178447723,11.0143938065,6.00757074356,3.91662430763,2.37849473953,2.26577544212,1.91016995907,1.65428102016,1.1921184063,0.707507252693,0.391145557165,0.179450243711,0.0878591090441,0.0424124449492,0.0252202376723,0.0199899282306,0.0197795797139,0.0205427035689,0.0119263082743,0.0212191734463],"median":[0.523023247719,1.54886972904,2.00173211098,2.58876657486,5.25350809097,7.2486243248,11.1593866348,17.3604335785,14.0337553024,12.6590433121,19.0672702789,23.4374351501,23.7148361206,27.4108829498,36.664352417,59.8613357544,41.4155845642,21.0071544647,23.4653720856,13.8786249161,11.2722482681,7.99899768829,3.78328418732,2.48183965683,1.52583527565,1.49015080929,1.23836255074,0.998581886292,0.651776373386,0.400672823191,0.221419230103,0.108655281365,0.0534986108541,0.0240952931345,0.014103770256,0.0125338090584,0.0128076504916,0.0126789417118,0.00947276968509,0.0206854492426],"min":[5.0720560564e-12,1.53896183991e-11,3.67351288277e-11,7.34662469748e-11,9.10576405944e-11,1.55272864011e-10,1.96705346456e-10,1.68840913473e-10,1.4563290851e-10,2.39611386288e-10,4.43906439385e-10,4.55496779184e-10,4.17454848467e-10,7.92020005136e-10,8.90888696148e-10,1.33639432853e-9,5.62565438678e-10,1.31949540183e-9,4.87910711833e-10,1.19895615658e-9,5.76835690325e-10,1.74014258558e-9,2.52057419381e-9,2.44831888097e-9,2.28573249217e-9,2.80288903198e-9,1.15169840331e-9,3.23470206176e-9,3.91130727806e-9,3.61324659082e-9,3.03872349505e-9,2.79240430778e-9,3.15310622057e-9,3.36143668456e-9,3.6683851512e-9,1.6178882678e-9,5.85587245361e-10,2.2694691959e-10,6.24392829107e-11,5.23083399512e-12],"var":[0.849049806595,5.65205717087,22.44373703,24.589597702,176.776473999,406.64666748,1422.91699219,3578.44189453,3995.24609375,3735.11157227,2395.76977539,3636.60766602,5525.44384766,7147.17382812,9614.33886719,5467.86230469,1659.66223145,387.707885742,485.920074463,318.453613281,195.465881348,103.217941284,45.8132362366,19.2171173096,6.63499546051,5.77280569077,5.17765855789,7.66330289841,4.19405317307,1.0419870615,0.272002488375,0.0490255914629,0.0115781379864,0.00303335720673,0.00109881861135,0.000536009436473,0.000515183724929,0.000713857414667,0.0000941091202549,0.0000591113348491]},"erbbands_crest":{"dmean":2.42583942413,"dmean2":4.11873435974,"dvar":4.81840801239,"dvar2":13.1957616806,"max":31.7056560516,"mean":7.83195924759,"median":7.15245294571,"min":2.1577835083,"var":9.10014247894},"erbbands_flatness_db":{"dmean":0.0175260901451,"dmean2":0.0273447073996,"dvar":0.000216693195398,"dvar2":0.000509226985741,"max":0.355283766985,"mean":0.152445197105,"median":0.15290980041,"min":0.0277286358178,"var":0.00117998220958},"erbbands_kurtosis":{"dmean":0.821433544159,"dmean2":1.36090540886,"dvar":1.14073443413,"dvar2":2.484177351,"max":58.0093345642,"mean":0.767327725887,"median":0.514348745346,"min":-1.5812445879,"var":2.31713366508},"erbbands_skewness":{"dmean":0.293621867895,"dmean2":0.481437951326,"dvar":0.0616505891085,"dvar2":0.158695280552,"max":6.87151956558,"mean":0.0490359067917,"median":0.0117159560323,"min":-1.92308580875,"var":0.253576785326},"erbbands_spread":{"dmean":4.35267305374,"dmean2":6.99260902405,"dvar":15.145488739,"dvar2":36.7711524963,"max":124.797218323,"mean":23.060338974,"median":21.386548996,"min":2.40194392204,"var":112.666152954},"gfcc":{"cov":[[11811.8955078,1243.22387695,-686.348999023,-139.455871582,156.694335938,-432.891937256,349.802398682,-420.022705078,362.470489502,-123.103347778,126.216033936,42.8766365051,26.0988483429],[1243.22387695,703.292419434,-123.498260498,-143.158401489,231.365783691,-142.256515503,81.4609985352,-67.2809677124,106.384155273,-50.0468406677,78.3250732422,-31.9636745453,46.0326004028],[-686.348999023,-123.498260498,194.055038452,91.4117279053,-37.6411361694,96.4468307495,-46.733921051,48.2613945007,-43.301071167,21.0363788605,-20.10754776,8.24106693268,-1.37909221649],[-139.455871582,-143.158401489,91.4117279053,170.896575928,12.2941064835,37.5398025513,-5.12730884552,12.7109670639,-16.8189945221,6.0827331543,-27.1487693787,8.13981342316,-23.755399704],[156.694335938,231.365783691,-37.6411361694,12.2941064835,216.675048828,-6.47165060043,36.1072463989,-2.60314774513,39.9927902222,-26.9932308197,24.700717926,-25.3893489838,5.17641592026],[-432.891937256,-142.256515503,96.4468307495,37.5398025513,-6.47165060043,156.430801392,2.03125500679,45.9447822571,-26.7759494781,13.3862113953,-15.7777614594,5.8292388916,-0.686812758446],[349.802398682,81.4609985352,-46.733921051,-5.12730884552,36.1072463989,2.03125500679,110.650230408,-11.5562067032,47.2825126648,-4.12381362915,6.6521320343,6.91547203064,7.36831712723],[-420.022705078,-67.2809677124,48.2613945007,12.7109670639,-2.60314774513,45.9447822571,-11.5562067032,118.973098755,15.4959669113,31.2274856567,3.60880422592,-12.6897277832,2.14013338089],[362.470489502,106.384155273,-43.301071167,-16.8189945221,39.9927902222,-26.7759494781,47.2825126648,15.4959669113,95.114112854,22.1593475342,18.7241306305,-0.834005475044,-2.78265380859],[-123.103347778,-50.0468406677,21.0363788605,6.0827331543,-26.9932308197,13.3862113953,-4.12381362915,31.2274856567,22.1593475342,54.02394104,21.8885803223,11.4607124329,6.29014921188],[126.216033936,78.3250732422,-20.10754776,-27.1487693787,24.700717926,-15.7777614594,6.6521320343,3.60880422592,18.7241306305,21.8885803223,53.7528457642,20.1991786957,20.8708496094],[42.8766365051,-31.9636745453,8.24106693268,8.13981342316,-25.3893489838,5.8292388916,6.91547203064,-12.6897277832,-0.834005475044,11.4607124329,20.1991786957,52.3847007751,26.3892707825],[26.0988483429,46.0326004028,-1.37909221649,-23.755399704,5.17641592026,-0.686812758446,7.36831712723,2.14013338089,-2.78265380859,6.29014921188,20.8708496094,26.3892707825,58.6458969116]],"icov":[[0.000191312545212,-0.000749060651287,0.00114174187183,-0.0010320461588,0.000914566393476,-0.00069854024332,0.000268943898845,0.000217222142965,-0.000326401554048,0.000102133970358,-0.0000117008621601,-0.000125457590912,0.000015172779058],[-0.000749060651287,0.0121091222391,-0.0122005045414,0.0104351006448,-0.00925351213664,0.0092141404748,-0.00442173425108,0.00355855561793,-0.00647163996473,0.00955554656684,-0.0108149945736,0.0089212404564,-0.00537851871923],[0.00114174187183,-0.0122005045414,0.0260009821504,-0.0173523277044,0.0118696447462,-0.0155095597729,0.0087730223313,-0.00384403136559,0.00524809956551,-0.00872521195561,0.00884467735887,-0.00652309274301,0.00143214198761],[-0.0010320461588,0.0104351006448,-0.0173523277044,0.0222883615643,-0.0140298577026,0.0116128455848,-0.00652658892795,0.00103747274261,0.000209437450394,-0.000215872525587,0.00237292307429,-0.00322045641951,0.0036829514429],[0.000914566393476,-0.00925351213664,0.0118696447462,-0.0140298577026,0.0182272084057,-0.010684877634,0.00408878037706,-0.000755113607738,-0.00298685673624,0.00566800264642,-0.00576159683987,0.00502238189802,-0.00172688113526],[-0.00069854024332,0.0092141404748,-0.0155095597729,0.0116128455848,-0.010684877634,0.0196771230549,-0.00816355831921,-0.00128477299586,0.00156088115182,0.00131273758598,-0.00112084299326,0.000516611617059,-0.000236502412008],[0.000268943898845,-0.00442173425108,0.0087730223313,-0.00652658892795,0.00408878037706,-0.00816355831921,0.0167331863195,0.000628887675703,-0.00663948850706,0.00113903940655,0.00312920799479,-0.00309134530835,-0.00182796281297],[0.000217222142965,0.00355855561793,-0.00384403136559,0.00103747274261,-0.000755113607738,-0.00128477299586,0.000628887675703,0.015632044524,-0.00810491200536,0.00060261588078,-0.00709198787808,0.0115568693727,-0.00628350675106],[-0.000326401554048,-0.00647163996473,0.00524809956551,0.000209437450394,-0.00298685673624,0.00156088115182,-0.00663948850706,-0.00810491200536,0.030519977212,-0.0236310213804,0.0149489017203,-0.0131005458534,0.0114027662203],[0.000102133970358,0.00955554656684,-0.00872521195561,-0.000215872525587,0.00566800264642,0.00131273758598,0.00113903940655,0.00060261588078,-0.0236310213804,0.0554674006999,-0.0365896932781,0.0163262076676,-0.00988386105746],[-0.0000117008621601,-0.0108149945736,0.00884467735887,0.00237292307429,-0.00576159683987,-0.00112084299326,0.00312920799479,-0.00709198787808,0.0149489017203,-0.0365896932781,0.0600124597549,-0.0319027304649,0.00765648577362],[-0.000125457590912,0.0089212404564,-0.00652309274301,-0.00322045641951,0.00502238189802,0.000516611617059,-0.00309134530835,0.0115568693727,-0.0131005458534,0.0163262076676,-0.0319027304649,0.0520024113357,-0.0232941843569],[0.000015172779058,-0.00537851871923,0.00143214198761,0.0036829514429,-0.00172688113526,-0.000236502412008,-0.00182796281297,-0.00628350675106,0.0114027662203,-0.00988386105746,0.00765648577362,-0.0232941843569,0.0327588059008]],"mean":[8.18053340912,112.485153198,-91.7542800903,-15.8698301315,-14.3582429886,-4.72751569748,-1.84501981735,-17.1763000488,-0.23631426692,-5.4646897316,-1.22858381271,1.70652592182,-0.676002860069]},"hfc":{"dmean":43.7704353333,"dmean2":71.410369873,"dvar":1772.86865234,"dvar2":4576.20703125,"max":859.919433594,"mean":210.792434692,"median":200.664749146,"min":2.30295373882e-8,"var":7934.67382812},"melbands":{"dmean":[0.00341506837867,0.00161420705263,0.000572544289753,0.000529903569259,0.000492605147883,0.000552774057724,0.000335675140377,0.000214057421545,0.000184554344742,0.000152831955347,0.000139902549563,0.000132851302624,0.000116252522275,0.00012373404752,0.0000903285181266,0.0000468369325972,0.0000228213084483,0.0000258584404946,0.000017453201508,0.0000113700625661,0.00000918646583159,0.0000063970373958,0.00000373481680072,0.00000244737611865,0.00000164352104548,9.92645823317e-7,7.33412150566e-7,7.37260961614e-7,5.30449312919e-7,4.99581972235e-7,4.43636594127e-7,3.66565473087e-7,2.63817810264e-7,1.97953823999e-7,1.42985697948e-7,9.06321560024e-8,5.85452646362e-8,4.43462155886e-8,3.25901403642e-8,2.63890331809e-8],"dmean2":[0.00571611197665,0.00277320272289,0.000954252493102,0.000881924235728,0.000801886199042,0.000912880990654,0.000549784919713,0.000356800388545,0.000311674288241,0.000257910549408,0.000236907304497,0.000223710143473,0.000195109183551,0.000212202081457,0.000154061039211,0.0000798153923824,0.0000381109093723,0.0000437558737758,0.0000289933013846,0.0000187856803677,0.000015068761968,0.0000106370762296,0.00000605112836638,0.00000385468865716,0.00000258476666204,0.00000154306826516,0.00000111933593416,0.00000115279601687,8.07576043371e-7,7.53408357923e-7,6.7039258056e-7,5.53276549908e-7,4.00777992127e-7,3.05067288764e-7,2.17993033402e-7,1.39880484085e-7,9.091667863e-8,6.99975757357e-8,5.23442942324e-8,4.28915711836e-8],"dvar":[0.0000451724336017,0.00000580116420679,6.88296722728e-7,7.17784814697e-7,8.69999837505e-7,9.77791273726e-7,5.34187506673e-7,2.67619014949e-7,9.69084510416e-8,9.09352877443e-8,8.0623244969e-8,6.54146532497e-8,6.14890538486e-8,3.00554034993e-8,1.19239613738e-8,2.99726043984e-9,7.79315278976e-10,8.53431325609e-10,5.78635417359e-10,2.60040849964e-10,1.48744211392e-10,9.32483326666e-11,4.19100136539e-11,1.73500953188e-11,6.79928119016e-12,2.59937492537e-12,1.18238491914e-12,1.13745395481e-12,6.52421747269e-13,9.07179496454e-13,7.51732497865e-13,4.83190093839e-13,2.41891007008e-13,1.29671636926e-13,6.42431461219e-14,2.14376381772e-14,8.04119208828e-15,4.32407524365e-15,2.27065858588e-15,1.55834951114e-15],"dvar2":[0.000124234284158,0.0000159389255714,0.00000182715473329,0.00000185188366686,0.00000232287698054,0.00000259053649643,0.00000136044798182,7.38962796731e-7,2.53075597811e-7,2.48572774808e-7,2.20266088036e-7,1.77295731874e-7,1.69081687318e-7,8.15937468701e-8,3.24764890536e-8,8.28298318822e-9,2.05712380463e-9,2.28958696447e-9,1.51888535083e-9,6.78037292978e-10,3.75839193101e-10,2.44578718389e-10,1.03251761308e-10,3.98207578023e-11,1.53909957695e-11,5.78888109323e-12,2.52800276372e-12,2.70611007561e-12,1.44579335483e-12,1.95945408336e-12,1.54586998584e-12,9.25484298572e-13,5.22600300708e-13,2.81795013756e-13,1.34858988668e-13,4.50067060172e-14,1.75557217553e-14,9.74469985905e-15,5.26366517511e-15,3.72348992053e-15],"max":[0.0913688987494,0.0266457144171,0.0135226603597,0.0239791125059,0.0182328354567,0.0207081586123,0.0249266158789,0.0139554152265,0.00904680974782,0.00800153426826,0.00746922707185,0.00580455968156,0.00483758188784,0.00349669554271,0.00262580742128,0.000864217698108,0.000516621686984,0.000382193597034,0.000401415338274,0.000318633101415,0.000177081106813,0.000135073598358,0.0000857619670569,0.0000491059290653,0.0000425344078394,0.0000229202905757,0.0000136842518259,0.0000192878032976,0.0000204469361051,0.000039033806388,0.0000397327021346,0.0000366885069525,0.0000164332395798,0.00000584619874644,0.0000037775837427,0.00000218903960558,0.00000114029728593,7.39546067052e-7,6.19378283773e-7,4.73963012837e-7],"mean":[0.0052612083964,0.00212009088136,0.000878772349097,0.000812835351098,0.000758288544603,0.000825762050226,0.000502339040395,0.000322947773384,0.000281860091491,0.000249528849963,0.000231469908613,0.00022207100119,0.000203056100872,0.00022041608463,0.000168697486515,0.0000850971919135,0.0000435781621491,0.0000493118313898,0.0000329245704052,0.0000202247338166,0.0000175350214704,0.0000122171777548,0.00000679022514305,0.00000445616160505,0.00000306573861053,0.00000188418039215,0.00000148022252233,0.00000152337986492,0.00000117814204259,0.00000109021914341,9.23304071421e-7,7.0758540005e-7,5.09995857101e-7,3.4036861507e-7,2.40891409931e-7,1.52162471068e-7,9.26121188627e-8,6.56166108115e-8,4.35516724906e-8,3.27094547004e-8],"median":[0.00391665566713,0.00144604942761,0.000560279295314,0.000493729894515,0.000390475121094,0.000396768358769,0.000209355799598,0.000131520995637,0.000166499172337,0.000144667108543,0.000115745817311,0.000106951105408,0.000103448830487,0.000157577393111,0.000132015251438,0.0000660299265292,0.0000343544197676,0.0000402250552725,0.0000230132409342,0.0000130043308673,0.000012861128198,0.00000875894602359,0.00000437232711192,0.00000268084500021,0.00000190727814697,0.00000114642250537,9.42777035107e-7,9.62380454439e-7,7.39517247439e-7,6.83996006501e-7,5.23066546521e-7,3.79162315767e-7,2.84270782913e-7,1.89464827827e-7,1.34178193889e-7,8.8989260405e-8,5.53035235384e-8,3.95783708029e-8,2.53113547899e-8,1.80760917345e-8],"min":[3.77072166351e-14,1.61027790359e-14,1.31329476916e-14,8.7984802007e-15,7.10488779761e-15,3.88158946717e-15,2.21648977011e-15,2.87330728126e-15,3.70603468907e-15,2.78351374204e-15,2.01998490261e-15,3.10287565634e-15,2.85593654133e-15,3.71312520187e-15,2.32946088363e-15,1.39069109181e-15,2.5076848743e-15,5.5059846783e-16,1.57301419256e-15,1.02298466617e-15,5.73877262561e-16,1.36754792823e-15,3.10859609335e-15,1.59746697495e-15,2.09898427747e-15,1.18891598532e-15,2.86792904556e-15,1.48101762652e-15,8.02048192096e-16,7.20309089169e-16,2.28667259078e-15,1.69115930095e-15,3.02470679728e-15,1.66016901239e-15,1.25285373794e-15,2.52619868519e-15,1.39408949388e-15,1.93134226941e-15,2.36740075988e-15,2.82890856702e-15],"var":[0.0000417133669544,0.00000545187958778,0.0000010840961977,0.0000012438814565,0.00000145167098253,0.00000162628134603,9.3028631909e-7,4.18973229444e-7,1.57576835136e-7,1.51539765625e-7,1.46631435882e-7,1.27132508965e-7,1.14038527954e-7,5.54263905883e-8,2.15040270035e-8,5.29883337208e-9,1.30464261616e-9,1.44447387385e-9,1.11363096522e-9,4.76946038219e-10,2.63699811986e-10,1.37154093638e-10,5.77686370962e-11,2.80150347365e-11,1.27627118943e-11,4.81153224902e-12,2.5241597007e-12,2.94511550564e-12,1.91460996363e-12,2.68384143035e-12,2.69108585242e-12,1.61832884333e-12,6.42219133776e-13,2.41748515737e-13,1.1136764796e-13,3.79237148683e-14,1.31673414644e-14,6.56295357686e-15,3.07580321279e-15,1.91433617717e-15]},"melbands_crest":{"dmean":4.44606399536,"dmean2":7.26004362106,"dvar":15.3189687729,"dvar2":39.3885917664,"max":38.2392959595,"mean":16.3588943481,"median":15.4471521378,"min":2.92014884949,"var":43.0371398926},"melbands_flatness_db":{"dmean":0.0278483852744,"dmean2":0.0446126572788,"dvar":0.000629650603514,"dvar2":0.00160364701878,"max":0.547646462917,"mean":0.250362068415,"median":0.249655023217,"min":0.0123760849237,"var":0.00241300021298},"melbands_kurtosis":{"dmean":4.49127817154,"dmean2":7.59468793869,"dvar":115.169410706,"dvar2":318.197418213,"max":376.360656738,"mean":6.83652925491,"median":3.91099691391,"min":-1.65668332577,"var":272.709289551},"melbands_skewness":{"dmean":0.652118980885,"dmean2":1.07313513756,"dvar":0.496160209179,"dvar2":1.32299208641,"max":15.3906517029,"mean":2.05182814598,"median":1.89816117287,"min":-0.428740441799,"var":1.5904314518},"melbands_spread":{"dmean":4.56107902527,"dmean2":7.50640249252,"dvar":22.1578483582,"dvar2":55.6725387573,"max":134.926086426,"mean":17.533618927,"median":16.7146625519,"min":0.492601692677,"var":56.5119171143},"mfcc":{"cov":[[7723.82177734,1739.25561523,-362.173278809,151.308181763,-217.453842163,109.668754578,-144.395431519,2.38655257225,-26.3916912079,-9.99072647095,-67.5899047852,60.9508056641,51.0954475403],[1739.25561523,1229.89221191,-301.645507812,28.5593338013,63.7897529602,4.17468500137,-11.038433075,-2.65238976479,9.45352077484,-9.83205604553,37.3877716064,11.7012357712,21.3026046753],[-362.173278809,-301.645507812,252.190689087,-25.5578899384,-12.2971744537,19.9779281616,9.53893756866,-0.412919670343,-2.69556474686,-5.06389665604,-19.9914321899,-3.09963726997,-6.69402265549],[151.308181763,28.5593338013,-25.5578899384,147.740585327,32.5073738098,12.0320158005,-6.92223644257,7.36374235153,-2.16382002831,6.10557174683,10.4819746017,-8.2517490387,-5.95343160629],[-217.453842163,63.7897529602,-12.2971744537,32.5073738098,162.005493164,8.14367294312,34.8686676025,16.2594947815,9.07389736176,6.60877943039,38.3208084106,-9.53250789642,-4.60234498978],[109.668754578,4.17468500137,19.9779281616,12.0320158005,8.14367294312,108.965484619,23.2882022858,24.7178764343,5.36467170715,-7.81979036331,-13.3084030151,6.34130144119,-2.43270397186],[-144.395431519,-11.038433075,9.53893756866,-6.92223644257,34.8686676025,23.2882022858,71.3555526733,22.2429676056,12.3951616287,-0.139976844192,-3.3593146801,-1.92061209679,0.45243537426],[2.38655257225,-2.65238976479,-0.412919670343,7.36374235153,16.2594947815,24.7178764343,22.2429676056,57.3449134827,25.8942070007,14.8038845062,11.2717809677,-0.544744670391,-5.02514505386],[-26.3916912079,9.45352077484,-2.69556474686,-2.16382002831,9.07389736176,5.36467170715,12.3951616287,25.8942070007,53.8763160706,30.6688537598,15.6240110397,5.51698207855,-0.720562577248],[-9.99072647095,-9.83205604553,-5.06389665604,6.10557174683,6.60877943039,-7.81979036331,-0.139976844192,14.8038845062,30.6688537598,55.4678039551,32.7352638245,10.0352039337,0.233938470483],[-67.5899047852,37.3877716064,-19.9914321899,10.4819746017,38.3208084106,-13.3084030151,-3.3593146801,11.2717809677,15.6240110397,32.7352638245,68.7657623291,17.1497039795,-0.966270148754],[60.9508056641,11.7012357712,-3.09963726997,-8.2517490387,-9.53250789642,6.34130144119,-1.92061209679,-0.544744670391,5.51698207855,10.0352039337,17.1497039795,40.285243988,16.9157333374],[51.0954475403,21.3026046753,-6.69402265549,-5.95343160629,-4.60234498978,-2.43270397186,0.45243537426,-5.02514505386,-0.720562577248,0.233938470483,-0.966270148754,16.9157333374,39.1215744019]],"icov":[[0.000247797579505,-0.000402670237236,-0.000102703343146,-0.000258583051618,0.00034952632268,-0.000183770433068,0.000370598194422,-0.000302288623061,0.000315443088766,-0.000411992223235,0.000522897345945,-0.000357154087396,8.93834965154e-7],[-0.000402670237236,0.00187437655404,0.00160165072884,0.000517930660862,-0.000945811101701,-0.000110862674774,-0.000285860791337,0.000815936422441,-0.00113426917233,0.00150665419642,-0.00129018141888,0.000616000732407,-0.000480021408293],[-0.000102703343146,0.00160165072884,0.00595315825194,0.000961206387728,-0.000616221106611,-0.00112263776828,-0.000124605125166,0.000746637117118,-0.000459913688246,0.000344979198417,0.000570609525312,-0.0000581279600738,0.000410647102399],[-0.000258583051618,0.000517930660862,0.000961206387728,0.00798231642693,-0.00205597793683,-0.00120670022443,0.00160157645587,-0.000570095551666,0.0011556603713,-0.00116811553016,-0.000603980501182,0.00204681791365,0.000154577734065],[0.00034952632268,-0.000945811101701,-0.000616221106611,-0.00205597793683,0.0103104999289,-0.000902678526472,-0.00458344677463,0.000325844157487,-0.000141724041896,0.00221896125004,-0.00746892020106,0.00488845817745,-0.00142219488043],[-0.000183770433068,-0.000110862674774,-0.00112263776828,-0.00120670022443,-0.000902678526472,0.0124278021976,-0.00236753304489,-0.00520761078224,0.000244391791057,0.00177757954225,0.00389552442357,-0.00553222792223,0.00243189325556],[0.000370598194422,-0.000285860791337,-0.000124605125166,0.00160157645587,-0.00458344677463,-0.00236753304489,0.0203201938421,-0.00609931675717,-0.00176442647353,-0.0000458234426333,0.00509450631216,-0.00144109223038,-0.00109412847087],[-0.000302288623061,0.000815936422441,0.000746637117118,-0.000570095551666,0.000325844157487,-0.00520761078224,-0.00609931675717,0.0281606335193,-0.0110367862508,0.000332100666128,-0.00524836964905,0.00430875411257,0.00119582109619],[0.000315443088766,-0.00113426917233,-0.000459913688246,0.0011556603713,-0.000141724041896,0.000244391791057,-0.00176442647353,-0.0110367862508,0.0340228006244,-0.0180150680244,0.00392748042941,-0.00242466409691,0.00078385672532],[-0.000411992223235,0.00150665419642,0.000344979198417,-0.00116811553016,0.00221896125004,0.00177757954225,-0.0000458234426333,0.000332100666128,-0.0180150680244,0.0374625474215,-0.0157957654446,0.000576015154365,-0.00118131749332],[0.000522897345945,-0.00129018141888,0.000570609525312,-0.000603980501182,-0.00746892020106,0.00389552442357,0.00509450631216,-0.00524836964905,0.00392748042941,-0.0157957654446,0.0327501669526,-0.016000116244,0.00654979422688],[-0.000357154087396,0.000616000732407,-0.0000581279600738,0.00204681791365,0.00488845817745,-0.00553222792223,-0.00144109223038,0.00430875411257,-0.00242466409691,0.000576015154365,-0.016000116244,0.0418898388743,-0.0173222180456],[8.93834965154e-7,-0.000480021408293,0.000410647102399,0.000154577734065,-0.00142219488043,0.00243189325556,-0.00109412847087,0.00119582109619,0.00078385672532,-0.00118131749332,0.00654979422688,-0.0173222180456,0.0337387248874]],"mean":[-654.228942871,177.287796021,-16.525182724,11.7390079498,0.212774038315,20.7882404327,1.43877530098,6.92497253418,1.90205955505,-0.533041775227,0.789995193481,5.99416637421,3.40520048141]},"pitch_salience":{"dmean":0.078601680696,"dmean2":0.128208070993,"dvar":0.00502877868712,"dvar2":0.0130522828549,"max":0.840712845325,"mean":0.577725946903,"median":0.591470777988,"min":0.0711040943861,"var":0.0123158851638},"silence_rate_20dB":{"dmean":0,"dmean2":0,"dvar":0,"dvar2":0,"max":1,"mean":1,"median":1,"min":1,"var":0},"silence_rate_30dB":{"dmean":0.0554466545582,"dmean2":0.110908836126,"dvar":0.0523722395301,"dvar2":0.122141472995,"max":1,"mean":0.947781026363,"median":1,"min":0,"var":0.0494911335409},"silence_rate_60dB":{"dmean":0.000280033593299,"dmean2":0.000560145650525,"dvar":0.000279937201412,"dvar2":0.000559860316571,"max":1,"mean":0.032199356705,"median":0,"min":0,"var":0.0311634242535},"spectral_centroid":{"dmean":124.531555176,"dmean2":199.599502563,"dvar":28033.2285156,"dvar2":46905.2695312,"max":11197.8613281,"mean":873.832214355,"median":845.140869141,"min":219.697540283,"var":85453.3125},"spectral_complexity":{"dmean":2.93419218063,"dmean2":4.66657352448,"dvar":6.52061319351,"dvar2":14.4526062012,"max":43,"mean":22.4464511871,"median":23,"min":0,"var":36.8658714294},"spectral_contrast_coeffs":{"dmean":[0.0532936602831,0.0507773570716,0.0372688211501,0.0279698055238,0.0198424682021,0.0271396152675],"dmean2":[0.0897217169404,0.0856563299894,0.0635938048363,0.0478785857558,0.0331903956831,0.04337503016],"dvar":[0.0017530444311,0.00161832885351,0.00084245018661,0.000467396253953,0.000269813725026,0.000626774854027],"dvar2":[0.00477208057418,0.00456023216248,0.00242641451769,0.00133901881054,0.000741572875995,0.00156898773275],"max":[-0.36820846796,-0.460723221302,-0.599308133125,-0.646684467793,-0.689206838608,-0.558793723583],"mean":[-0.709908664227,-0.766185820103,-0.807695448399,-0.805035293102,-0.810921192169,-0.760349690914],"median":[-0.71379506588,-0.771684169769,-0.811823129654,-0.804751932621,-0.812880516052,-0.752467393875],"min":[-0.955601215363,-0.968231201172,-0.971357703209,-0.953841090202,-0.958120346069,-0.960067152977],"var":[0.00502660218626,0.00398440100253,0.00209631142206,0.00109948427416,0.00112422951497,0.0025276588276]},"spectral_contrast_valleys":{"dmean":[0.371818691492,0.34443411231,0.275408059359,0.237170532346,0.235430583358,0.452388882637],"dmean2":[0.613894581795,0.571142017841,0.459913372993,0.383592963219,0.348245710135,0.712701380253],"dvar":[0.128331705928,0.103876136243,0.0779802650213,0.0711947530508,0.0836166739464,0.20074775815],"dvar2":[0.272437959909,0.223544612527,0.152787879109,0.125684455037,0.134915113449,0.463557511568],"max":[-5.03201007843,-4.26008987427,-4.93290758133,-5.56490564346,-6.52175712585,-9.14123058319],"mean":[-6.58920717239,-6.13506126404,-6.37987232208,-7.02832984924,-7.90409421921,-10.9590587616],"median":[-6.36302042007,-5.98166704178,-6.20710325241,-6.85463762283,-7.74621868134,-10.8478984833],"min":[-27.7984352112,-26.9336547852,-27.1079998016,-27.5214481354,-27.3550395966,-27.2469367981],"var":[1.43169021606,1.45051288605,1.36219394207,1.33190655708,1.12967681885,0.840471565723]},"spectral_decrease":{"dmean":4.60046312156e-9,"dmean2":7.49344586382e-9,"dvar":4.7899776033e-17,"dvar2":1.24418234402e-16,"max":1.57844992632e-9,"mean":-9.14851039369e-9,"median":-7.40079642014e-9,"min":-8.21471601853e-8,"var":6.24387160695e-17},"spectral_energy":{"dmean":0.0179220866412,"dmean2":0.0290923528373,"dvar":0.000695387017913,"dvar2":0.00180299649946,"max":0.333367913961,"mean":0.0536480173469,"median":0.04763122648,"min":3.01803265539e-12,"var":0.00110062444583},"spectral_energyband_high":{"dmean":0.0000855378166307,"dmean2":0.000119703181554,"dvar":1.34725084422e-8,"dvar2":2.17474589448e-8,"max":0.00316035817377,"mean":0.000284383422695,"median":0.000225642608711,"min":1.56948260811e-12,"var":5.53994965458e-8},"spectral_energyband_low":{"dmean":0.0131684895605,"dmean2":0.0220445841551,"dvar":0.000544637383427,"dvar2":0.00147452636156,"max":0.30075237155,"mean":0.0215544551611,"median":0.0169041957706,"min":2.68761114709e-13,"var":0.000525329727679},"spectral_energyband_middle_high":{"dmean":0.00232526031323,"dmean2":0.00374519755132,"dvar":0.000009345781109,"dvar2":0.0000245208575507,"max":0.0635130554438,"mean":0.00739463092759,"median":0.00562886241823,"min":2.94402170828e-13,"var":0.0000338645113516},"spectral_energyband_middle_low":{"dmean":0.00626464374363,"dmean2":0.00996107794344,"dvar":0.0000707300350768,"dvar2":0.000179021953954,"max":0.163610935211,"mean":0.0155036477372,"median":0.0106449984014,"min":1.39911763815e-13,"var":0.00019503654039},"spectral_entropy":{"dmean":0.131710574031,"dmean2":0.204684644938,"dvar":0.0138607453555,"dvar2":0.030721064657,"max":9.81050300598,"mean":7.4523396492,"median":7.4428396225,"min":5.01638793945,"var":0.0791515558958},"spectral_flux":{"dmean":0.0278515499085,"dmean2":0.0449285469949,"dvar":0.00122092396487,"dvar2":0.00254867272452,"max":0.45102891326,"mean":0.126338794827,"median":0.118524417281,"min":0.00000861584339873,"var":0.00294628506526},"spectral_kurtosis":{"dmean":4.95826721191,"dmean2":7.59299039841,"dvar":28.3328399658,"dvar2":67.3524551392,"max":83.2571105957,"mean":23.3336029053,"median":21.6793327332,"min":-1.18434286118,"var":108.401351929},"spectral_rms":{"dmean":0.00109173054807,"dmean2":0.00173219805583,"dvar":0.00000166068832641,"dvar2":0.00000410114444094,"max":0.0180343277752,"mean":0.0068743401207,"median":0.00681685330346,"min":5.42625286926e-8,"var":0.00000508298990098},"spectral_rolloff":{"dmean":5709.79882812,"dmean2":11053.1455078,"dvar":70923488,"dvar2":150457888,"max":22050,"mean":15238.3769531,"median":20973.3398438,"min":43.06640625,"var":82396632},"spectral_skewness":{"dmean":0.347750782967,"dmean2":0.519046008587,"dvar":0.113280661404,"dvar2":0.247103601694,"max":6.97219133377,"mean":3.40105676651,"median":3.36062169075,"min":-0.0386496260762,"var":0.608332455158},"spectral_spread":{"dmean":404524.8125,"dmean2":636771.9375,"dvar":269059080192,"dvar2":432305766400,"max":40030872,"mean":3700437.25,"median":3535511,"min":1826009.5,"var":1726036705280},"spectral_strongpeak":{"dmean":2.19814705849,"dmean2":4.21571445465,"dvar":100.595581055,"dvar2":285.319641113,"max":122.043579102,"mean":1.69197022915,"median":0.244470223784,"min":0,"var":74.596862793},"zerocrossingrate":{"dmean":0.037778146565,"dmean2":0.048783544451,"dvar":0.000932885915972,"dvar2":0.00155488948803,"max":0.5546875,"mean":0.280486702919,"median":0.27587890625,"min":0.0087890625,"var":0.00466780876741}},"metadata":{"audio_properties":{"analysis_sample_rate":44100,"bit_rate":320000,"codec":"mp3","downmix":"mix","equal_loudness":0,"length":165.825302124,"lossless":false,"md5_encoded":"a6c9229d1700058cacd0b59a497508e6","replay_gain":-9.30195426941,"sample_rate":44100},"tags":{"acoustid_id":["f26ea6cc-2020-47a5-a90f-6707e387d7e7"],"album":["Alice in Chains"],"albumartist":["Alice in Chains"],"albumartistsort":["Alice in Chains"],"artist":["Alice in Chains"],"artistsort":["Alice in Chains"],"asin":["B000002B8A"],"barcode":["074646724828"],"catalognumber":["CK 67248"],"composer":["Sean Kinney/Jerry Cantrell"],"date":["1995"],"discnumber":["1/1"],"file_name":"09. Alice in Chains - So Close.mp3","genre":["Grunge"],"label":["Columbia Records"],"language":["eng"],"lyricist":["Layne Staley"],"media":["CD"],"musicbrainz album release country":["US"],"musicbrainz album status":["official"],"musicbrainz album type":["album"],"musicbrainz_albumartistid":["4bd95eea-b9f6-4d70-a36c-cfea77431553"],"musicbrainz_albumid":["fe898c16-115e-45d2-987b-674470173493"],"musicbrainz_artistid":["4bd95eea-b9f6-4d70-a36c-cfea77431553"],"musicbrainz_recordingid":["08027b3f-255a-4044-bb3e-7f162522e2ef"],"musicbrainz_workid":["5e38b6aa-d45b-3146-b86d-7ebde229f42c"],"originaldate":["1995"],"script":["Latn"],"title":["So Close"],"tracknumber":["9/12"]},"version":{"essentia":"2.1-beta1","essentia_build_sha":"ca57ba49d9b1854bd80e60cf9ccf267278fb7d6b","essentia_git_sha":"v2.1_beta1-28-g21ef5f4-dirty","extractor":"music 1.0"}},"rhythm":{"beats_count":392,"beats_loudness":{"dmean":0.0226968917996,"dmean2":0.0401825867593,"dvar":0.000387931824662,"dvar2":0.00107064133044,"max":0.175487592816,"mean":0.0611749775708,"median":0.0582726225257,"min":6.87706389613e-8,"var":0.000672418216709},"beats_loudness_band_ratio":{"dmean":[0.165104866028,0.109685271978,0.0684002786875,0.0581916198134,0.0203073136508,0.0614329762757],"dmean2":[0.275234431028,0.184346109629,0.116175070405,0.0967956185341,0.0353617705405,0