{"lowlevel":{"average_loudness":0.479336977005,"barkbands":{"dmean":[0.000395421724534,0.0133348507807,0.00419496139511,0.00282035046257,0.00212408206426,0.000879214261658,0.000436691450886,0.000681131496094,0.000278517196421,0.000131502194563,0.000198073321371,0.00014462172112,0.000234252700466,0.0000316892219416,0.0000357668432116,0.0000224043415074,0.0000186432644114,0.0000160497729667,0.0000238427892327,0.0000220573929255,0.0000223297538469,0.0000216896260099,0.0000181432060344,0.0000215583622776,0.0000304265267914,0.0000490053498652,0.00000759464910516],"dmean2":[0.000607118476182,0.0213193520904,0.0074083507061,0.00453784316778,0.00372594990768,0.00141878891736,0.000670709006954,0.00101515965071,0.000399237789679,0.000193621235667,0.000311348994728,0.000227324635489,0.000386704545235,0.0000510305908392,0.0000564408837818,0.0000359380319424,0.0000280296808342,0.0000248155029112,0.0000372008689737,0.0000335466575052,0.000034268006857,0.0000339520338457,0.0000281315678876,0.0000325316832459,0.0000481760071125,0.0000762905183365,0.0000112264806376],"dvar":[5.64426045457e-7,0.000469545950182,0.0000760968832765,0.0000438119277533,0.0000243320482696,0.00000400698536396,0.00000148105539211,0.00000528442933501,9.65920776252e-7,1.0219604718e-7,0.00000179113840204,9.22808510495e-7,0.0000027354217309,9.62326041076e-9,3.13249621797e-8,1.00665094038e-8,1.25352626057e-8,2.29608421165e-9,1.04065369655e-8,8.19544165864e-9,5.59886048634e-9,5.42158584693e-9,3.94594357189e-9,5.69809088802e-9,1.33888402587e-8,4.64780178788e-8,9.07985908682e-10],"dvar2":[0.00000121399330055,0.00107970344834,0.000246236042585,0.000108043823275,0.0000741370458854,0.00000973706573859,0.00000332318541041,0.0000131549822981,0.00000180810468464,2.05201487802e-7,0.00000432835395259,0.00000226954944083,0.00000758322084948,2.15843503071e-8,7.05970677473e-8,1.91877482791e-8,1.92592324311e-8,4.70551997367e-9,2.10113473287e-8,1.55067745311e-8,1.32296182898e-8,1.27948629469e-8,9.03315466871e-9,1.28791981524e-8,3.34990204465e-8,1.09372614077e-7,1.919856496e-9],"max":[0.024960109964,0.291039049625,0.11936185509,0.123725727201,0.0846577659249,0.0325909852982,0.0455483421683,0.070068821311,0.0383233502507,0.0139942457899,0.0521217137575,0.0332000665367,0.0744264945388,0.00389482383616,0.0100744049996,0.0088307261467,0.0113175967708,0.00284025561996,0.00536343827844,0.00531908217818,0.00140669499524,0.00114886416122,0.0010111136362,0.00123072601855,0.00225217267871,0.00502468599007,0.000512168335263],"mean":[0.000644635991193,0.019428761676,0.00778023991734,0.00481070205569,0.00327464030124,0.00261227716692,0.00118410296272,0.00189037830569,0.000992831657641,0.000294656667393,0.000378930970328,0.000229078053962,0.000562341301702,0.0000485457348987,0.0000680950979586,0.0000345913649653,0.0000327588459186,0.0000216233802348,0.000037867215724,0.0000293403809337,0.00002552398837,0.0000217862361751,0.0000191087819985,0.0000225502917601,0.0000281169977825,0.0000436396949226,0.00000989043383015],"median":[0.000106141400465,0.00716153671965,0.00101012340747,0.000873523182236,0.00101487641223,0.000741034164093,0.000294885830954,0.000150815176312,0.000048463272833,0.0000435070796811,0.0000144863452078,0.0000131401593535,0.00000656922247799,0.00000897122481547,0.00000777209424996,0.00000424789232056,0.00000359972500519,0.00000267699351753,0.00000364632205674,0.00000141167367929,0.00000108407641619,4.72727379019e-7,3.01281914972e-7,2.98070233384e-7,2.19741480123e-7,2.51305039001e-7,3.61839482821e-7],"min":[3.75212395876e-11,6.59450938301e-10,1.13003051361e-10,3.20817643285e-11,2.22479742962e-10,1.2481063405e-10,8.24229434704e-11,4.4498522922e-11,3.13149992048e-11,3.12953829518e-11,2.15244870538e-11,2.12911160924e-10,4.76788830639e-10,2.74088113317e-10,2.84849366317e-10,2.32334457229e-10,1.49475043454e-10,7.76826866722e-11,1.06816902545e-10,9.08544489642e-11,3.93433549628e-11,3.51981881141e-11,2.78318063041e-11,2.49737834579e-11,2.5490647787e-11,2.53444366188e-11,2.63746368495e-11],"var":[0.00000190119590116,0.00079897698015,0.000156266760314,0.0000917910874705,0.0000360647027264,0.0000188278390851,0.00000724010124031,0.0000238496995735,0.0000109480106403,6.73655392802e-7,0.00000552102483198,0.00000231320063904,0.0000151740305228,2.56773429186e-8,1.39820983236e-7,3.44276926967e-8,8.97372771647e-8,5.4860760379e-9,4.44830305923e-8,2.58513317419e-8,7.69549934887e-9,6.17806028558e-9,4.8859094548e-9,6.94740265317e-9,1.25252777039e-8,4.22417265611e-8,1.3064881399e-9]},"barkbands_crest":{"dmean":3.22523880005,"dmean2":5.34091043472,"dvar":11.2550907135,"dvar2":25.1981945038,"max":26.920293808,"mean":15.2003927231,"median":14.5428800583,"min":3.49508881569,"var":28.8800773621},"barkbands_flatness_db":{"dmean":0.048581507057,"dmean2":0.0742036178708,"dvar":0.00318052666262,"dvar2":0.0067999321036,"max":0.714624285698,"mean":0.320667058229,"median":0.297270208597,"min":0.0538589023054,"var":0.0185594912618},"barkbands_kurtosis":{"dmean":20.6579532623,"dmean2":32.1558837891,"dvar":4742.62744141,"dvar2":11176.1005859,"max":3721.55004883,"mean":32.8390960693,"median":8.72983932495,"min":-1.94466114044,"var":11398.9472656},"barkbands_skewness":{"dmean":1.1565721035,"dmean2":1.74908530712,"dvar":2.76108527184,"dvar2":6.10484266281,"max":43.5949707031,"mean":2.79328751564,"median":2.01395916939,"min":-4.03566408157,"var":10.7179470062},"barkbands_spread":{"dmean":2.43662047386,"dmean2":3.87899589539,"dvar":26.5373840332,"dvar2":60.0217323303,"max":128.331863403,"mean":6.01079511642,"median":3.8989906311,"min":0.0286618378013,"var":52.1221504211},"dissonance":{"dmean":0.0397633314133,"dmean2":0.0656596422195,"dvar":0.00191727408674,"dvar2":0.00487125385553,"max":0.500000059605,"mean":0.388640075922,"median":0.417959392071,"min":0.0377955324948,"var":0.00947329495102},"dynamic_complexity":5.53123426437,"erbbands":{"dmean":[0.474578619003,2.74298810959,4.62752342224,6.34576654434,10.7434682846,4.90009403229,3.50986361504,8.6897354126,7.62096977234,9.47423839569,11.7112293243,7.37404298782,4.43614053726,3.8066380024,12.0534648895,3.58114647865,10.3111038208,4.05715703964,1.87147343159,1.31502485275,1.11590623856,0.880004048347,0.835566282272,1.01830589771,1.26575791836,1.01569151878,0.893831670284,0.914182424545,0.748755633831,0.714043974876,0.496544718742,0.448928177357,0.377698451281,0.335630744696,0.225454717875,0.220470517874,0.0893442481756,0.0123699977994,0.00142565381248,0.0000841767250677],"dmean2":[0.755174458027,4.42641305923,8.1217918396,10.4576444626,18.3052825928,8.55865383148,5.84705352783,14.2015962601,11.3080940247,14.4668664932,17.170337677,10.4341983795,6.26285743713,5.66267633438,19.0789146423,5.71850633621,17.0021419525,6.47971582413,2.98954319954,2.06876993179,1.74480319023,1.38719820976,1.28351509571,1.59506881237,1.95526099205,1.53294038773,1.37555551529,1.43387448788,1.16281652451,1.12638342381,0.766393601894,0.680315196514,0.582084357738,0.534153699875,0.35743200779,0.344185084105,0.14021641016,0.0190006252378,0.00210098968819,0.000124408339616],"dvar":[0.646391034126,20.8177604675,103.969490051,166.424545288,660.196472168,129.728927612,52.2559776306,413.474365234,405.819793701,1152.51867676,1412.74572754,646.734619141,165.015716553,118.095863342,7930.15332031,283.742401123,5355.91894531,502.376647949,82.6125335693,29.2308521271,19.6544475555,14.9759664536,7.08020973206,9.25787258148,37.7486228943,18.1743564606,9.42420005798,10.9309740067,6.6926074028,6.21573877335,2.99686551094,2.52542805672,1.77727520466,1.60729646683,0.755609512329,0.953186392784,0.16063824296,0.00192380184308,0.0000310851974064,7.58407168178e-8],"dvar2":[1.48424315453,50.705532074,359.224609375,444.791992188,1937.58410645,365.515594482,131.475662231,1033.21289062,845.453491211,2699.63232422,3234.92724609,1214.66589355,291.841461182,246.773696899,20563.2617188,733.291625977,14425.8251953,1250.04272461,198.125732422,56.8884735107,33.9876365662,28.2149467468,13.5034160614,20.0382614136,76.4313278198,33.3147735596,21.307718277,27.0921993256,15.780708313,15.0224580765,6.90218734741,5.86732721329,4.09506225586,3.95940852165,1.91741514206,2.22898435593,0.383928358555,0.00447038561106,0.0000668673892505,1.57925995836e-7],"max":[8.57951068878,72.7164611816,159.310943604,228.144210815,365.445007324,202.248916626,126.508049011,379.702362061,668.836669922,1254.19433594,1222.06396484,954.919250488,550.635437012,546.224853516,2924.06958008,496.21875,3524.73779297,1376.02416992,683.637390137,428.312927246,496.881744385,436.286987305,173.041030884,148.071517944,336.954223633,260.061767578,96.4313735962,81.0099411011,43.536277771,39.2061653137,30.1141338348,25.337223053,21.1965942383,24.3478431702,17.0407524109,22.3791809082,9.55793857574,0.728776454926,0.0854194760323,0.00517748761922],"mean":[0.601746976376,4.19006633759,8.61675930023,13.1615037918,17.1747722626,7.57505226135,7.1969203949,25.2214221954,25.3635425568,24.330072403,34.4960441589,26.1499404907,13.0032548904,8.38965320587,23.5570468903,6.85933494568,24.1774291992,8.64282417297,3.64314556122,2.39020442963,2.17584371567,1.60834634304,1.18875551224,1.45255434513,2.08749222755,1.4091322422,1.07155716419,0.975396931171,0.76496553421,0.704732954502,0.523796439171,0.461576849222,0.385994285345,0.31284070015,0.206766963005,0.195826679468,0.0780766233802,0.0127027314156,0.00175246282015,0.00014853508037],"median":[0.216298490763,1.60211825371,2.22244167328,2.41214966774,3.62324404716,2.5051817894,2.91472768784,6.30430603027,6.25262212753,4.54555749893,2.41855597496,1.77088260651,1.53653073311,1.0441917181,0.751325666904,0.664694786072,0.385478794575,0.629578709602,0.496328949928,0.365372568369,0.243141978979,0.210318922997,0.18861669302,0.197234928608,0.144012600183,0.0715305656195,0.0572430938482,0.0299570336938,0.0171572174877,0.013728058897,0.0084732985124,0.00622739829123,0.00468540145084,0.00271519925445,0.00147114065476,0.000923102197703,0.000486220931634,0.000196280947421,0.0000845238319016,0.0000601670544711],"min":[4.59298306055e-8,1.44157311865e-7,2.74284246871e-7,2.33018852214e-7,2.80529548036e-7,8.92399384611e-7,0.00000145315573263,0.00000161549303357,0.00000161869354542,0.00000331586170432,0.00000127568250718,9.10303299406e-7,8.66000846145e-7,0.00000143694558119,0.00000837164316181,0.0000115877974167,0.0000340657425113,0.0000337213168677,0.000022419844754,0.0000237741733145,0.0000226227020903,0.00000976002502284,0.0000054165579968,0.00000542953330296,0.00000435815218225,0.00000368749056179,0.00000203449121727,0.00000147566584019,0.00000131238027734,0.00000100986676443,7.68549227814e-7,5.67355471048e-7,3.9364664417e-7,2.7769448252e-7,1.88493132214e-7,9.98811771069e-8,4.69891858756e-8,1.58496185065e-8,3.56846752148e-9,4.42785169641e-10],"var":[0.905633985996,37.9619903564,187.94128418,460.756408691,1163.39465332,171.103286743,141.461746216,1864.5859375,2586.41455078,4678.87890625,7982.03955078,6987.18652344,1803.35791016,627.339538574,23193.7402344,853.369689941,28370.125,2654.05664062,332.383758545,142.054107666,246.487533569,142.403671265,20.0194911957,23.7181549072,176.014099121,63.3641815186,15.0834369659,12.3083486557,7.76622724533,6.67820835114,3.74756813049,3.01139998436,2.03667783737,1.52110934258,0.691900610924,0.87462079525,0.140907168388,0.00215679313987,0.0000428569255746,1.19864097314e-7]},"erbbands_crest":{"dmean":2.57652139664,"dmean2":4.1057639122,"dvar":7.26553630829,"dvar2":17.2799396515,"max":33.7379226685,"mean":14.5697193146,"median":13.3115358353,"min":2.38713026047,"var":45.2754249573},"erbbands_flatness_db":{"dmean":0.0320216603577,"dmean2":0.0471769087017,"dvar":0.00151274062227,"dvar2":0.00323240179569,"max":0.627332627773,"mean":0.260796844959,"median":0.236157119274,"min":0.0357365459204,"var":0.0160467270762},"erbbands_kurtosis":{"dmean":4.04827022552,"dmean2":6.51982784271,"dvar":69.5512237549,"dvar2":177.446350098,"max":164.5599823,"mean":7.78217363358,"median":2.49402689934,"min":-1.83673965931,"var":209.843078613},"erbbands_skewness":{"dmean":0.616304397583,"dmean2":0.95777285099,"dvar":0.589650571346,"dvar2":1.4240603447,"max":9.65709686279,"mean":1.08503699303,"median":0.955491781235,"min":-5.0074224472,"var":2.27715826035},"erbbands_spread":{"dmean":8.24387645721,"dmean2":12.0641450882,"dvar":216.625839233,"dvar2":414.785186768,"max":190.069946289,"mean":22.0204277039,"median":13.2126607895,"min":0.214438006282,"var":633.868103027},"gfcc":{"cov":[[18695.3925781,-1959.40637207,-520.676635742,2655.51953125,-212.079940796,577.444274902,118.035430908,824.586242676,-129.7837677,306.727020264,-688.259094238,-272.942230225,-291.160339355],[-1959.40637207,3543.47436523,1542.26574707,-278.415802002,1.88595223427,-664.209289551,193.639511108,-30.2408313751,485.493988037,-141.90411377,182.169799805,-320.934783936,38.6347007751],[-520.676635742,1542.26574707,2781.64624023,673.057556152,-137.606369019,-240.816818237,23.8826465607,140.562530518,325.776031494,37.2671089172,-95.7351379395,-136.411895752,-76.1200485229],[2655.51953125,-278.415802002,673.057556152,1443.63464355,305.749359131,153.734313965,49.9056777954,178.056777954,114.256256104,45.1381530762,-181.008636475,-60.8044242859,-6.94091558456],[-212.079940796,1.88595223427,-137.606369019,305.749359131,588.805725098,226.692871094,104.389801025,5.03041553497,7.24661111832,-47.4321022034,2.51004910469,1.09780824184,36.4047088623],[577.444274902,-664.209289551,-240.816818237,153.734313965,226.692871094,474.669708252,132.363952637,7.72187662125,-154.686004639,-20.4937343597,-48.7726898193,43.6418418884,-38.9578971863],[118.035430908,193.639511108,23.8826465607,49.9056777954,104.389801025,132.363952637,328.764282227,87.9550933838,0.587329745293,-36.4151496887,30.2795982361,0.560829639435,9.4156332016],[824.586242676,-30.2408313751,140.562530518,178.056777954,5.03041553497,7.72187662125,87.9550933838,328.291717529,165.646072388,45.7135124207,-109.382949829,-20.2445697784,-12.5949068069],[-129.7837677,485.493988037,325.776031494,114.256256104,7.24661111832,-154.686004639,0.587329745293,165.646072388,308.534698486,76.3453445435,-38.1734619141,-52.2777061462,38.9754257202],[306.727020264,-141.90411377,37.2671089172,45.1381530762,-47.4321022034,-20.4937343597,-36.4151496887,45.7135124207,76.3453445435,171.607788086,33.3651695251,60.0532722473,23.4438304901],[-688.259094238,182.169799805,-95.7351379395,-181.008636475,2.51004910469,-48.7726898193,30.2795982361,-109.382949829,-38.1734619141,33.3651695251,227.719741821,122.962287903,64.5777740479],[-272.942230225,-320.934783936,-136.411895752,-60.8044242859,1.09780824184,43.6418418884,0.560829639435,-20.2445697784,-52.2777061462,60.0532722473,122.962287903,280.084106445,135.338043213],[-291.160339355,38.6347007751,-76.1200485229,-6.94091558456,36.4047088623,-38.9578971863,9.4156332016,-12.5949068069,38.9754257202,23.4438304901,64.5777740479,135.338043213,158.405990601]],"icov":[[0.000140945485327,-0.000190457285498,0.000194888722035,-0.000383221195079,0.000309095921693,-0.000206160650123,0.000125143575133,-0.000405554979807,0.000530318066012,-0.000443039141828,0.000236964508076,-0.0000112212683234,0.000069024223194],[-0.000190457285498,0.0016086732503,-0.000917615834624,0.000999940326437,-0.00092247367138,0.00140083313454,-0.00112081423867,0.00103733979631,-0.00208683102392,0.00179436139297,-0.0017897519283,0.00176997401286,-0.000968628795817],[0.000194888722035,-0.000917615834624,0.00112418155186,-0.00107575173024,0.000920524413232,-0.000660861900542,0.000401376397349,-0.000415152462665,0.000588065711781,-0.000900152081158,0.00109171739314,-0.0012708081631,0.00127335719299],[-0.000383221195079,0.000999940326437,-0.00107575173024,0.00233124569058,-0.00167970824987,0.000875664642081,-0.000617270183284,0.000919200421777,-0.0014922528062,0.000972555193584,-0.000404200574849,0.000868961040396,-0.00100630207453],[0.000309095921693,-0.00092247367138,0.000920524413232,-0.00167970824987,0.00382480537519,-0.0026346934028,0.00068170245504,-0.000713495945092,0.000252700468991,-0.0000208865403692,-0.000143607365317,0.0000150594878505,-0.00047576619545],[-0.000206160650123,0.00140083313454,-0.000660861900542,0.000875664642081,-0.0026346934028,0.00616691540927,-0.00296011706814,0.00133879878558,0.000283249770291,0.000191187209566,0.0010618113447,-0.000769753183704,0.00153157569002],[0.000125143575133,-0.00112081423867,0.000401376397349,-0.000617270183284,0.00068170245504,-0.00296011706814,0.00586226535961,-0.00344341038726,0.00197128672153,0.000288060982712,-0.00194118730724,0.000907469948288,-0.00134930876084],[-0.000405554979807,0.00103733979631,-0.000415152462665,0.000919200421777,-0.000713495945092,0.00133879878558,-0.00344341038726,0.00881891977042,-0.0066314949654,0.00134807196446,0.00297515257262,-0.00311034871265,0.0031181126833],[0.000530318066012,-0.00208683102392,0.000588065711781,-0.0014922528062,0.000252700468991,0.000283249770291,0.00197128672153,-0.0066314949654,0.013297425583,-0.00677748816088,0.00190936774015,0.00274682906456,-0.0043258885853],[-0.000443039141828,0.00179436139297,-0.000900152081158,0.000972555193584,-0.0000208865403692,0.000191187209566,0.000288060982712,0.00134807196446,-0.00677748816088,0.0118030169979,-0.00440067145973,-0.000857183360495,0.000947114254814],[0.000236964508076,-0.0017897519283,0.00109171739314,-0.000404200574849,-0.000143607365317,0.0010618113447,-0.00194118730724,0.00297515257262,0.00190936774015,-0.00440067145973,0.0124513367191,-0.00698569184169,0.00309887807816],[-0.0000112212683234,0.00176997401286,-0.0012708081631,0.000868961040396,0.0000150594878505,-0.000769753183704,0.000907469948288,-0.00311034871265,0.00274682906456,-0.000857183360495,-0.00698569184169,0.0143690630794,-0.0114966044202],[0.000069024223194,-0.000968628795817,0.00127335719299,-0.00100630207453,-0.00047576619545,0.00153157569002,-0.00134930876084,0.0031181126833,-0.0043258885853,0.000947114254814,0.00309887807816,-0.0114966044202,0.0175412297249]],"mean":[-144.922439575,146.058303833,-51.3887252808,3.89533162117,-35.2016105652,-2.98535108566,-19.8946781158,2.84237885475,-11.5574960709,3.9264729023,-6.61874198914,-2.38542079926,-9.18361663818]},"hfc":{"dmean":4.11371469498,"dmean2":6.2228269577,"dvar":61.1819076538,"dvar2":143.280685425,"max":117.299156189,"mean":10.8438072205,"median":6.19164419174,"min":0.0000243808772211,"var":178.813064575},"melbands":{"dmean":[0.00396019499749,0.00252274144441,0.00125365820713,0.000552263867576,0.000130244443426,0.000188617297681,0.000109961205453,0.000117462492199,0.0000861976004671,0.0000447291859018,0.0000221954232984,0.0000150530704559,0.0000305226203636,0.0000231060766964,0.00000756494773668,0.000029943366826,0.00000477636467622,0.00000304951095131,0.00000242772239289,0.00000150841208324,0.00000133456285312,9.56207259151e-7,8.6646048203e-7,7.2581792665e-7,8.47947433158e-7,9.90649027699e-7,8.25276970318e-7,6.64115248128e-7,5.80153368901e-7,5.43848273082e-7,5.27481461177e-7,4.10504071624e-7,4.58308477391e-7,3.79058917588e-7,2.86186377707e-7,2.73728829825e-7,2.74260088418e-7,2.57071292253e-7,2.90512446099e-7,2.77398441995e-7],"dmean2":[0.00628423178568,0.00418525235727,0.00206187204458,0.000948398024775,0.000218555986066,0.000304845016217,0.000163931545103,0.000178785601747,0.000126057551824,0.0000633679082966,0.0000312439151458,0.000022285954401,0.0000485896707687,0.0000365015366697,0.0000113835194497,0.0000496522152389,0.00000731854743208,0.00000488839850732,0.00000378425647796,0.00000244282227868,0.00000206626305044,0.00000150367986862,0.00000136794619721,0.00000112774785066,0.00000134197762236,0.00000155424606874,0.00000124905943721,0.00000101016757981,9.14170414035e-7,8.32023204111e-7,8.42922418087e-7,6.43909970677e-7,7.41514497804e-7,5.94833238665e-7,4.45019907147e-7,4.2670845346e-7,4.15875405224e-7,3.96531589786e-7,4.59380970597e-7,4.42044836291e-7],"dvar":[0.0000425243088102,0.0000229793531616,0.00000657077680444,0.00000162156777606,6.7563107109e-8,1.96734404767e-7,8.47578291996e-8,1.85599446922e-7,7.41630117318e-8,2.65612669637e-8,4.27039692497e-9,2.07016004339e-9,4.66010874334e-8,2.65512589692e-8,1.52881241e-9,4.96541083805e-8,4.95722574101e-10,2.31229882464e-10,1.5422622901e-10,2.16781488593e-11,4.10219289093e-11,2.52078080631e-11,7.35904739924e-12,5.16065532322e-12,6.58427782782e-12,2.85777911752e-11,1.30350452654e-11,8.69193692715e-12,4.40129703516e-12,3.32136401715e-12,4.06934208552e-12,2.22961774911e-12,2.59991572542e-12,1.8051703795e-12,1.0594541737e-12,9.20339325583e-13,9.93816032073e-13,8.46328432683e-13,1.13426954461e-12,1.1011850069e-12],"dvar2":[0.0000953746493906,0.0000748505917727,0.0000171652100107,0.00000478169476992,1.75142304215e-7,4.78012680105e-7,1.78667164619e-7,4.54192075949e-7,1.65828168974e-7,5.03742256797e-8,7.50291473395e-9,4.24229318341e-9,1.19843136304e-7,6.96031392522e-8,2.83209544705e-9,1.37063580041e-7,8.7913110125e-10,5.5934018528e-10,2.82733891854e-10,5.20516824087e-11,6.08054787077e-11,4.48567537281e-11,1.50527871418e-11,1.0206257714e-11,1.4698913961e-11,6.14973766355e-11,2.21192439365e-11,1.66633824794e-11,1.00147763346e-11,7.73442247748e-12,1.03925670153e-11,5.35976037858e-12,6.45700853896e-12,4.38950655338e-12,2.47643550631e-12,2.20041411307e-12,2.29716115921e-12,1.93171498762e-12,2.76944331183e-12,2.70780208152e-12],"max":[0.0693426132202,0.0743895992637,0.0476163811982,0.021602883935,0.00447994098067,0.00777231901884,0.00982648134232,0.0144744655117,0.00899266451597,0.00633149640635,0.00285360310227,0.00230982620269,0.00740759493783,0.00491032097489,0.00192098144908,0.00957389734685,0.00145505531691,0.00122637243476,0.00104580051266,0.000182086514542,0.000749072059989,0.000597433478106,0.000163901160704,0.000139214695082,0.000122982601169,0.000342757499311,0.000261778855929,0.000202937284485,0.0000810304627521,0.0000328217502101,0.0000509988421982,0.0000296189064102,0.0000253869402513,0.0000198500674742,0.0000173345688381,0.0000156690712174,0.0000166327499755,0.0000159765440912,0.0000202701012313,0.000019126384359],"mean":[0.0054430635646,0.00497805746272,0.00256194104441,0.000888423877768,0.000251912366366,0.000569402764086,0.000358141958714,0.000307172798784,0.000253906880971,0.000159568327945,0.0000613461888861,0.0000318169986713,0.0000598841470492,0.0000426154401794,0.0000155572033691,0.0000675131304888,0.00000848709169077,0.00000534348555448,0.00000455591452919,0.00000239478231379,0.00000263384413302,0.00000178535754003,0.00000123943925701,9.74072463578e-7,0.0000011311083199,0.00000157020861025,0.00000127374357817,8.56447911701e-7,6.75015144225e-7,6.18702301836e-7,5.40064206689e-7,4.19670556084e-7,4.32840295161e-7,3.7155112409e-7,2.98223937989e-7,2.80195905589e-7,2.81651637124e-7,2.64696865315e-7,2.76517766906e-7,2.55305735664e-7],"median":[0.00205936096609,0.00198014872149,0.000510038400535,0.000228681048611,0.000111293644295,0.000148398656165,0.0000870685325935,0.0000398082192987,0.0000166123554663,0.00000930773603613,0.00000658858425595,0.00000330448233399,0.00000206552113013,0.00000203284275813,0.00000100340730569,6.6211828198e-7,0.00000104707464743,7.2183024713e-7,5.09297763074e-7,3.71932856069e-7,2.08351607967e-7,1.86750270359e-7,1.81363418505e-7,1.24232968801e-7,1.47323106603e-7,9.99792817424e-8,6.45210889161e-8,3.852163033e-8,3.6038116491e-8,2.12172075464e-8,1.36838185227e-8,9.39575350856e-9,8.16447887075e-9,6.67985400327e-9,4.87947815486e-9,3.71088315632e-9,3.59864937849e-9,3.2349083412e-9,2.786775255e-9,1.86560256132e-9],"min":[5.02934194291e-10,1.99759500608e-10,4.73454817018e-11,5.43947109577e-11,6.02342203893e-11,3.32540210646e-11,2.53025777414e-11,2.27975451017e-11,5.86252834472e-12,5.64911702486e-12,4.09133881288e-12,4.21034778222e-12,4.89576521684e-12,2.12179752934e-11,3.05651788601e-11,4.65447923259e-11,2.32195686289e-11,1.96666519875e-11,2.18379186262e-11,2.13922161235e-11,1.69356386553e-11,1.06364708707e-11,4.18520947065e-12,4.49644878622e-12,4.49993601409e-12,3.75695525037e-12,2.59289920264e-12,2.14478673537e-12,1.38045662141e-12,9.1783265016e-13,8.06810835589e-13,7.71981653949e-13,6.26538263545e-13,5.3029716035e-13,4.48307000247e-13,4.10253726607e-13,3.19996660463e-13,2.75641570116e-13,2.4733448796e-13,2.31421544254e-13],"var":[0.0000650196525385,0.0000492304898216,0.0000170868133864,0.00000271946009889,1.48826970303e-7,9.51204924604e-7,5.35111837507e-7,7.79429228714e-7,4.27147483606e-7,2.91058654511e-7,4.41469616419e-8,1.10836611e-8,1.40270557836e-7,7.3947170165e-8,7.6529254045e-9,2.48247545187e-7,2.11228901037e-9,8.36253122305e-10,8.40965075355e-10,7.53172524348e-11,5.42252687197e-10,2.51281134789e-10,2.67595078041e-11,1.17051880341e-11,1.35296530923e-11,1.18895907009e-10,7.29180743564e-11,2.32075643425e-11,6.457823859e-12,4.81125903007e-12,4.07995946056e-12,2.50376954412e-12,2.60882374731e-12,1.92476807062e-12,1.27658213861e-12,1.08459920732e-12,1.18001463635e-12,9.94195611254e-13,1.10768501576e-12,1.04713037286e-12]},"melbands_crest":{"dmean":3.70270776749,"dmean2":6.04851436615,"dvar":13.3189067841,"dvar2":30.7248077393,"max":38.0957832336,"mean":19.2214946747,"median":18.6370582581,"min":4.92689609528,"var":39.1535453796},"melbands_flatness_db":{"dmean":0.0563451834023,"dmean2":0.0862681940198,"dvar":0.0044315927662,"dvar2":0.00948973372579,"max":0.896499812603,"mean":0.443301320076,"median":0.424182534218,"min":0.0503910034895,"var":0.0243962109089},"melbands_kurtosis":{"dmean":20.232252121,"dmean2":31.1663894653,"dvar":2276.82958984,"dvar2":5385.36083984,"max":1917.75195312,"mean":34.5526161194,"median":11.1212205887,"min":-1.76298236847,"var":4102.88183594},"melbands_skewness":{"dmean":1.11406350136,"dmean2":1.68330597878,"dvar":2.22511649132,"dvar2":4.82863759995,"max":31.0611476898,"mean":2.94390726089,"median":2.28652381897,"min":-5.10124254227,"var":9.32574748993},"melbands_spread":{"dmean":2.12396192551,"dmean2":3.47183823586,"dvar":18.1028327942,"dvar2":45.9287261963,"max":141.400558472,"mean":6.49781703949,"median":3.82970428467,"min":0.119049809873,"var":69.3333129883},"mfcc":{"cov":[[14953.5986328,-453.316589355,-1135.17346191,992.395629883,291.103759766,259.348510742,259.444488525,305.995178223,445.694549561,467.921173096,39.0903701782,-253.338241577,-404.769073486],[-453.316589355,3115.84033203,869.739013672,380.805755615,148.479797363,-288.389678955,-172.455841064,1.3717315197,115.977294922,208.334747314,162.775360107,111.599136353,17.4710102081],[-1135.17346191,869.739013672,2327.7890625,859.001464844,209.130157471,-125.470199585,-234.010665894,-16.7397480011,171.866424561,88.4708023071,119.088027954,148.453063965,57.6901473999],[992.395629883,380.805755615,859.001464844,1017.50390625,430.9765625,90.7032241821,-45.8509788513,97.0482406616,219.43196106,135.751251221,40.4412536621,35.675075531,-2.88897132874],[291.103759766,148.479797363,209.130157471,430.9765625,494.417694092,211.197570801,57.0936393738,80.5579147339,103.806045532,64.0004577637,15.7930860519,-10.7774562836,-42.4958000183],[259.348510742,-288.389678955,-125.470199585,90.7032241821,211.197570801,394.188446045,255.451416016,88.0859603882,-4.9113111496,-46.3635520935,-32.3234939575,-40.171005249,-29.3239364624],[259.444488525,-172.455841064,-234.010665894,-45.8509788513,57.0936393738,255.451416016,353.369293213,150.719024658,-34.7816123962,-48.583480835,-13.8713006973,-33.1216468811,-27.4790592194],[305.995178223,1.3717315197,-16.7397480011,97.0482406616,80.5579147339,88.0859603882,150.719024658,229.487457275,141.378799438,42.5554466248,7.63608789444,-7.56465005875,-0.191519975662],[445.694549561,115.977294922,171.866424561,219.43196106,103.806045532,-4.9113111496,-34.7816123962,141.378799438,300.622436523,184.768920898,40.2237167358,10.2135219574,-14.9632015228],[467.921173096,208.334747314,88.4708023071,135.751251221,64.0004577637,-46.3635520935,-48.583480835,42.5554466248,184.768920898,239.576446533,100.928710938,12.1545209885,-61.5173873901],[39.0903701782,162.775360107,119.088027954,40.4412536621,15.7930860519,-32.3234939575,-13.8713006973,7.63608789444,40.2237167358,100.928710938,158.470062256,57.0028495789,-45.649066925],[-253.338241577,111.599136353,148.453063965,35.675075531,-10.7774562836,-40.171005249,-33.1216468811,-7.56465005875,10.2135219574,12.1545209885,57.0028495789,106.944412231,50.8513336182],[-404.769073486,17.4710102081,57.6901473999,-2.88897132874,-42.4958000183,-29.3239364624,-27.4790592194,-0.191519975662,-14.9632015228,-61.5173873901,-45.649066925,50.8513336182,164.669006348]],"icov":[[0.0000995542359306,0.00000455650206277,0.000113998336019,-0.000241125773755,0.000151498781634,-0.0000263221863861,-0.0000152656775754,-0.0000271995686489,-0.0000109863676698,-0.000107267114799,0.0000228385433729,0.0000695295020705,0.000175679000677],[0.00000455650206277,0.000426869577495,-0.000126133963931,0.000018582042685,-0.000291092379484,0.000520599423908,-0.000242009540671,-0.0000305104731524,0.000224506671657,-0.000387987471186,-0.0000642348750262,-0.0000541261179023,-0.000138045841595],[0.000113998336019,-0.000126133963931,0.000931921415031,-0.00100638775621,0.000473709456855,-0.0000931045578909,0.0002550574427,0.000200701135327,-0.000426335755037,0.000593474309426,-0.000461614050437,-0.000355954078259,0.000262844579993],[-0.000241125773755,0.000018582042685,-0.00100638775621,0.00308449286968,-0.00217063981108,0.00027015915839,-0.0000357689277735,-0.0000623105152044,-0.00045810919255,-0.000287368369754,0.000467387377284,-0.000214525993215,-0.000659257057123],[0.000151498781634,-0.000291092379484,0.000473709456855,-0.00217063981108,0.00525006372482,-0.00357272359543,0.0022527105175,-0.00157680397388,0.000820505083539,-0.000716483220458,0.0000952780101215,-0.0000942193510127,0.00115437549539],[-0.0000263221863861,0.000520599423908,-0.0000931045578909,0.00027015915839,-0.00357272359543,0.0087856175378,-0.00719623733312,0.00403236970305,-0.00310319382697,0.0023437438067,-0.000303719367366,0.000799654750153,-0.000373775488697],[-0.0000152656775754,-0.000242009540671,0.0002550574427,-0.0000357689277735,0.0022527105175,-0.00719623733312,0.0121803609654,-0.0096549410373,0.00673310691491,-0.00271618040279,0.000505727890413,-0.000669476110488,0.00116343807895],[-0.0000271995686489,-0.0000305104731524,0.000200701135327,-0.0000623105152044,-0.00157680397388,0.00403236970305,-0.0096549410373,0.0158355627209,-0.011356536299,0.00586395245045,-0.00265199132264,0.00175713724457,-0.00153570040129],[-0.0000109863676698,0.000224506671657,-0.000426335755037,-0.00045810919255,0.000820505083539,-0.00310319382697,0.00673310691491,-0.011356536299,0.0161090102047,-0.0114360349253,0.00445833662525,-0.001867029001,-0.000136003523949],[-0.000107267114799,-0.000387987471186,0.000593474309426,-0.000287368369754,-0.000716483220458,0.0023437438067,-0.00271618040279,0.00586395245045,-0.0114360349253,0.0160201136023,-0.00774921290576,0.0025611279998,0.00135710008908],[0.0000228385433729,-0.0000642348750262,-0.000461614050437,0.000467387377284,0.0000952780101215,-0.000303719367366,0.000505727890413,-0.00265199132264,0.00445833662525,-0.00774921290576,0.0154759455472,-0.00974587351084,0.00509465578943],[0.0000695295020705,-0.0000541261179023,-0.000355954078259,-0.000214525993215,-0.0000942193510127,0.000799654750153,-0.000669476110488,0.00175713724457,-0.001867029001,0.0025611279998,-0.00974587351084,0.0189789235592,-0.00746945105493],[0.000175679000677,-0.000138045841595,0.000262844579993,-0.000659257057123,0.00115437549539,-0.000373775488697,0.00116343807895,-0.00153570040129,-0.000136003523949,0.00135710008908,0.00509465578943,-0.00746945105493,0.0110529167578]],"mean":[-807.288574219,182.202362061,42.0091667175,27.1602954865,8.23141002655,3.90192222595,2.62232351303,0.282971650362,1.1936661005,5.34422445297,4.98031997681,3.32408738136,3.0180606842]},"pitch_salience":{"dmean":0.0892557874322,"dmean2":0.146387562156,"dvar":0.00927780475467,"dvar2":0.0218352898955,"max":0.914768636227,"mean":0.416654020548,"median":0.436807990074,"min":0.0314932353795,"var":0.0231342297047},"silence_rate_20dB":{"dmean":0,"dmean2":0,"dvar":0,"dvar2":0,"max":1,"mean":1,"median":1,"min":1,"var":0},"silence_rate_30dB":{"dmean":0.0572920925915,"dmean2":0.114593535662,"dvar":0.0540153905749,"dvar2":0.129719808698,"max":1,"mean":0.894238591194,"median":1,"min":0,"var":0.0945758894086},"silence_rate_60dB":{"dmean":0.0202399417758,"dmean2":0.0404831878841,"dvar":0.0198319777846,"dvar2":0.0458643697202,"max":1,"mean":0.112942710519,"median":0,"min":0,"var":0.100167475641},"spectral_centroid":{"dmean":94.5010910034,"dmean2":148.029220581,"dvar":33816.8398438,"dvar2":74163.8046875,"max":4338.82128906,"mean":529.629211426,"median":406.125061035,"min":64.2514419556,"var":155360.953125},"spectral_complexity":{"dmean":1.51146662235,"dmean2":2.48947119713,"dvar":6.13485240936,"dvar2":14.6628599167,"max":43,"mean":6.84454059601,"median":6,"min":0,"var":20.531337738},"spectral_contrast_coeffs":{"dmean":[0.0510296449065,0.0439455769956,0.0384712405503,0.0334897823632,0.0253666993231,0.018789017573],"dmean2":[0.0847763940692,0.0713355764747,0.0617939718068,0.055002886802,0.04133124277,0.0302179474384],"dvar":[0.00177334016189,0.00169971038122,0.0012361126719,0.000993501744233,0.000824207381811,0.000423518766183],"dvar2":[0.0047243302688,0.00428442237899,0.00296724843793,0.00250983214937,0.0019681181293,0.000983475591056],"max":[-0.285440087318,-0.313948601484,-0.392967313528,-0.473851114511,-0.501761734486,-0.577260136604],"mean":[-0.660970985889,-0.665435791016,-0.738749206066,-0.800619482994,-0.831695020199,-0.822144508362],"median":[-0.676483869553,-0.668133497238,-0.760240793228,-0.814956128597,-0.838746547699,-0.818640291691],"min":[-0.984369456768,-0.95452350378,-0.967383086681,-0.972483932972,-0.964124381542,-0.957023084164],"var":[0.0133442804217,0.0129683790728,0.00946563482285,0.00624903524294,0.00366787123494,0.00237581250258]},"spectral_contrast_valleys":{"dmean":[0.45876082778,0.478039056063,0.494796782732,0.560347378254,0.568203032017,0.527600049973],"dmean2":[0.74373203516,0.762281775475,0.796876490116,0.907452106476,0.869098842144,0.772231638432],"dvar":[0.171621933579,0.240096867085,0.2946652174,0.428678691387,0.530843853951,0.498258888721],"dvar2":[0.425132989883,0.575511038303,0.712613344193,1.05367028713,1.24776244164,1.05426955223],"max":[-4.78097677231,-4.64918327332,-5.7792339325,-5.74698495865,-6.22524929047,-7.99094581604],"mean":[-7.51285934448,-7.75152492523,-8.92104053497,-9.60892295837,-9.84876155853,-12.2606945038],"median":[-6.97568082809,-7.53253507614,-8.7291097641,-9.35165500641,-9.72103881836,-12.4168891907],"min":[-14.7193231583,-14.0961494446,-14.4409618378,-13.6613111496,-14.7079496384,-15.2723388672],"var":[3.29874491692,1.99159431458,1.83739590645,2.16151952744,2.75663328171,2.60830140114]},"spectral_decrease":{"dmean":4.63699123543e-9,"dmean2":7.28716598175e-9,"dvar":4.08792129328e-17,"dvar2":1.0336564078e-16,"max":-1.08283141907e-14,"mean":-1.15371205922e-8,"median":-8.01948019102e-9,"min":-9.44153555338e-8,"var":1.32861061774e-16},"spectral_energy":{"dmean":0.017765654251,"dmean2":0.0279007330537,"dvar":0.000595457677264,"dvar2":0.00150341854896,"max":0.360702365637,"mean":0.0445272997022,"median":0.0311275310814,"min":4.30800000117e-8,"var":0.00196030340157},"spectral_energyband_high":{"dmean":0.000175048335223,"dmean2":0.000262240704615,"dvar":3.38706996672e-7,"dvar2":7.67717608596e-7,"max":0.0102606676519,"mean":0.000185027893167,"median":0.00000482877567265,"min":2.36055730518e-10,"var":4.00741413387e-7},"spectral_energyband_low":{"dmean":0.0155489584431,"dmean2":0.0245633795857,"dvar":0.000556821643841,"dvar2":0.00141981837805,"max":0.335374444723,"mean":0.0300274584442,"median":0.0154684055597,"min":3.77868625279e-9,"var":0.00133820006158},"spectral_energyband_middle_high":{"dmean":0.000697895186022,"dmean2":0.00110259605572,"dvar":0.00000726448161004,"dvar2":0.0000193551422853,"max":0.0764965489507,"mean":0.00167154532392,"median":0.000226546806516,"min":8.01507393788e-9,"var":0.000031748553738},"spectral_energyband_middle_low":{"dmean":0.00534726399928,"dmean2":0.0086878631264,"dvar":0.000107394851511,"dvar2":0.000280231441138,"max":0.205677583814,"mean":0.0148695800453,"median":0.0075594689697,"min":1.20128418324e-9,"var":0.000371036672732},"spectral_entropy":{"dmean":0.369708299637,"dmean2":0.560249209404,"dvar":0.214922010899,"dvar2":0.479345053434,"max":8.85114192963,"mean":6.10170412064,"median":6.29448032379,"min":2.91284203529,"var":1.2464454174},"spectral_flux":{"dmean":0.0387144573033,"dmean2":0.0647347941995,"dvar":0.00203159986995,"dvar2":0.00562247028574,"max":0.430783718824,"mean":0.0821752995253,"median":0.0620997175574,"min":0.000220676622121,"var":0.00452394038439},"spectral_kurtosis":{"dmean":19.6890182495,"dmean2":31.7776298523,"dvar":1465.34533691,"dvar2":3802.80541992,"max":710.852539062,"mean":56.1777496338,"median":17.616394043,"min":-0.297332048416,"var":9533.6796875},"spectral_rms":{"dmean":0.00124071876053,"dmean2":0.00189454318024,"dvar":0.00000201348393603,"dvar2":0.00000424541121902,"max":0.018759123981,"mean":0.00568207586184,"median":0.00551074603572,"min":0.00000648299828754,"var":0.0000111553135866},"spectral_rolloff":{"dmean":102.818656921,"dmean2":182.16305542,"dvar":245889.140625,"dvar2":612896.0625,"max":13329.0527344,"mean":458.590667725,"median":344.53125,"min":43.06640625,"var":338578.75},"spectral_skewness":{"dmean":1.0319224596,"dmean2":1.6157759428,"dvar":2.04821276665,"dvar2":4.78641033173,"max":22.3921203613,"mean":4.85198163986,"median":3.34089040756,"min":-0.0466709323227,"var":15.9542369843},"spectral_spread":{"dmean":836204,"dmean2":1171406.75,"dvar":1461233123330,"dvar2":2347065147390,"max":24474516,"mean":3162797.5,"median":2770708,"min":143617.140625,"var":5683239976960},"spectral_strongpeak":{"dmean":0.390135079622,"dmean2":0.660411953926,"dvar":0.455025374889,"dvar2":1.16622519493,"max":14.2758302689,"mean":0.899485528469,"median":0.503891944885,"min":0,"var":1.79078042507},"zerocrossingrate":{"dmean":0.00508142448962,"dmean2":0.00643094955012,"dvar":0.0000674998373142,"dvar2":0.0000952902337303,"max":0.2578125,"mean":0.023045130074,"median":0.01611328125,"min":0.00146484375,"var":0.000461517483927}},"metadata":{"audio_properties":{"analysis_sample_rate":44100,"bit_rate":0,"codec":"flac","downmix":"mix","equal_loudness":0,"length":284.493347168,"lossless":true,"md5_encoded":"1bc0b14908c6553658e583c92e4f1f32","replay_gain":-10.2627258301,"sample_rate":44100},"tags":{"album":["Kid A"],"albumartist":["Radiohead"],"artist":["Radiohead"],"content group":["Rock"],"date":["2009-08-31"],"discnumber":["1"],"file_name":"02 - Kid A.flac","genre":["Rock"],"musicbrainz_albumid":["ce8327a8-cc18-3eed-a8aa-8a39b6df7e84"],"musicbrainz_recordingid":["0852f01a-1832-453d-ae8e-345499ecc027"],"title":["Kid A"],"tracknumber":["2"]},"version":{"essentia":"2.1-beta1","essentia_build_sha":"ca57ba49d9b1854bd80e60cf9ccf267278fb7d6b","essentia_git_sha":"v2.1_beta1-28-g21ef5f4-dirty","extractor":"music 1.0"}},"rhythm":{"beats_count":541,"beats_loudness":{"dmean":0.0289094224572,"dmean2":0.0512058697641,"dvar":0.000652786286082,"dvar2":0.00177875941154,"max":0.224267274141,"mean":0.0513142421842,"median":0.0401307605207,"min":3.4503364077e-7,"var":0.00180647859816},"beats_loudness_band_ratio":{"dmean":[0.149831414223,0.131854057312,0.0963024869561,0.0207655932754,0.00897812005132,0.00617670733482],"dmean2":[0.256157904863,0.232400268316,0.163521692157,0.034779381007,0.0146749429405,0.0107237063348],"dvar":[0.0238614827394,0.023570112884,0.0136329913512,0.00239951792173,0.00167936575599,0.00016068421246],"dvar2":[0.0629890859127,0.0622381716967,0.0309455636889,0.00561917060986,0.00255257729441,0.000446393969469],"max":[0.998517930508,0.967838704586,0.99063372612,0.999140799046,0.740067720413,0.129578560591],"mean":[0.641950428486,0.177253469825,0.127279013395,0.0930885523558,0.0134105086327,0.00656645465642],"median":[0.763099730015,0.0882754400373,0.0603513307869,0.00435083499178,0.00158730265684,0.000703814672306],"min":[0.0000296071211778,0.00000837756033434,0.0000921081955312,0.00000642582017463,3.23658582602e-7,0.00000100