{"lowlevel":{"average_loudness":0.950584053993,"barkbands":{"dmean":[0.0000474857733934,0.00216877390631,0.00303933327086,0.00141469144728,0.00166416075081,0.000423137447797,0.000420605443651,0.000153059183504,0.000310380273731,0.000388196320273,0.000883963133674,0.00035658761044,0.000482723960886,0.000622189545538,0.000671543821227,0.00073608988896,0.000975597882643,0.000384738086723,0.000167681937455,0.0000969659886323,0.00012500777666,0.0000778871326474,0.000039926962927,0.0000213357925531,0.0000331452465616,0.000037199279177,5.68187090266e-7],"dmean2":[0.0000787277604104,0.00371775845997,0.00511465827003,0.00244762655348,0.00283530727029,0.000702878925949,0.000648897199426,0.000253946986049,0.000501283269841,0.000626398075838,0.00143120007124,0.000575658981688,0.000802620954346,0.00101583136711,0.00107587722596,0.00116984301712,0.00156562332995,0.000616909004748,0.000270745047601,0.000156861555297,0.000204068302992,0.000129376814584,0.000066225482442,0.000033959364373,0.0000522485861438,0.0000639525533188,9.45503643379e-7],"dvar":[8.60984972206e-9,0.0000199986207008,0.0000170866296685,0.00000407771904065,0.00000528766759089,6.52854225791e-7,7.79877325385e-7,8.76148433804e-8,3.44773695815e-7,2.75525053439e-7,0.00000208882397601,2.33941321426e-7,5.03638432292e-7,7.35612275093e-7,6.93008928465e-7,7.6920673564e-7,0.00000127721955323,2.06662406299e-7,5.49362155766e-8,1.58913646686e-8,2.13214725875e-8,1.33606823383e-8,7.51948903144e-9,1.39996669812e-9,1.67392038009e-8,3.4353984546e-8,1.089292892e-11],"dvar2":[2.28865513208e-8,0.0000554756843485,0.0000484790070914,0.0000120180411614,0.0000148120016092,0.00000179026392289,0.00000174983688339,2.1884693524e-7,9.12952259569e-7,7.31312752578e-7,0.0000054042402553,6.18285525888e-7,0.00000135067955398,0.00000183019574251,0.00000169897919022,0.0000018709079086,0.00000319166019835,5.17561772995e-7,1.33335234409e-7,3.96980972539e-8,5.34411377373e-8,3.58074139228e-8,2.0469808959e-8,3.40078054606e-9,4.28280131359e-8,9.43373379414e-8,2.94116085653e-11],"max":[0.0019693155773,0.0759158805013,0.0580464713275,0.0352014452219,0.0340922810137,0.0135000711307,0.0245669800788,0.00841385312378,0.0138025516644,0.0123240016401,0.026144022122,0.0101559050381,0.0167719032615,0.0187866352499,0.0175112187862,0.021943314001,0.0173470713198,0.0080860843882,0.00689249718562,0.0019911818672,0.0018941143062,0.00269515928812,0.00284840120003,0.000621694198344,0.00356398243457,0.00363569939509,0.0000968145104707],"mean":[0.0000754986467655,0.0032619421836,0.00522293196991,0.00214180373587,0.00272369501181,0.000711047730874,0.000841538887471,0.000277922459645,0.000586571637541,0.000768263998907,0.00152596097905,0.000691093038768,0.000879710132722,0.00121687201317,0.00143387948629,0.00164595025126,0.00223008776084,0.000909904716536,0.000428260333138,0.000242985013756,0.000367411528714,0.000210833590245,0.0000896893325262,0.0000561811939406,0.0000578091785428,0.0000367709326383,6.33039235254e-7],"median":[0.0000410175525758,0.00241280114278,0.00361538189463,0.00142968050204,0.0019940789789,0.000435929454397,0.000232620368479,0.000128694344312,0.000254979007877,0.000545275397599,0.000794825784396,0.000481550872792,0.000583545654081,0.000856096099596,0.00105328625068,0.00129789020866,0.00180871738121,0.000743060489185,0.00030977971619,0.000189546844922,0.000334075448336,0.000176851724973,0.0000637819612166,0.0000410969805671,0.0000249049135164,0.00000943156555877,2.3426062512e-7],"min":[4.83126028489e-25,3.56484586461e-24,8.05728033274e-25,2.30090570657e-24,8.57560040444e-24,8.244467362e-24,9.99865735694e-24,8.67641761698e-24,2.7237700983e-23,1.91190979562e-23,2.94193431481e-23,2.82926162726e-23,1.9480984741e-23,3.77553909503e-23,4.91606125448e-23,4.86717869963e-23,7.23621855924e-23,1.00485171527e-22,1.51014079089e-22,1.59190338382e-22,3.07192862079e-22,3.70517465866e-22,4.02284553731e-22,5.31391851886e-22,9.56044790088e-22,1.38648425653e-21,2.05594468975e-21],"var":[1.04558957048e-8,0.0000175493478309,0.0000278497736872,0.00000525353789271,0.00000673923932482,9.08444064862e-7,0.00000282145015262,2.74873173112e-7,8.17542002096e-7,6.11618418134e-7,0.00000450125253337,5.26047131189e-7,0.00000100406998627,0.00000157059673711,0.00000194163840206,0.00000197565304916,0.00000321662037095,5.4233339597e-7,1.96167476929e-7,4.27200497199e-8,5.55749437581e-8,2.58448924484e-8,9.4010568219e-9,3.14272807778e-9,1.79727184246e-8,2.38893296256e-8,7.49860677024e-12]},"barkbands_crest":{"dmean":1.93909156322,"dmean2":3.25154328346,"dvar":3.34510016441,"dvar2":9.41502380371,"max":25.9992275238,"mean":7.2149477005,"median":6.4317483902,"min":2.28517603874,"var":8.77778053284},"barkbands_flatness_db":{"dmean":0.0137637453154,"dmean2":0.0219528432935,"dvar":0.000176951725734,"dvar2":0.000434982881416,"max":0.345073223114,"mean":0.102245502174,"median":0.0939814001322,"min":0.021462701261,"var":0.00119973102119},"barkbands_kurtosis":{"dmean":0.764852583408,"dmean2":1.28391170502,"dvar":2.26962542534,"dvar2":6.12245798111,"max":47.0071601868,"mean":-0.349448949099,"median":-0.980144023895,"min":-1.84966802597,"var":4.94275045395},"barkbands_skewness":{"dmean":0.391703873873,"dmean2":0.644473135471,"dvar":0.135651275516,"dvar2":0.361531257629,"max":6.35962152481,"mean":0.516127705574,"median":0.416992068291,"min":-6.81201124191,"var":0.58360016346},"barkbands_spread":{"dmean":4.51965427399,"dmean2":7.31276082993,"dvar":18.5310134888,"dvar2":47.2540206909,"max":114.679885864,"mean":32.9010009766,"median":33.5163841248,"min":2.28534078598,"var":70.1656112671},"dissonance":{"dmean":0.00915076304227,"dmean2":0.0157435908914,"dvar":0.000102292069641,"dvar2":0.000289396353764,"max":0.500000238419,"mean":0.484730213881,"median":0.487716764212,"min":0.217012420297,"var":0.000147136277519},"dynamic_complexity":1.42923069,"erbbands":{"dmean":[0.035502474755,0.610113680363,3.15973734856,3.75476384163,5.6263999939,5.91442251205,3.38376569748,3.39849901199,5.93158578873,4.30850076675,3.80840349197,7.51735067368,8.36233997345,19.9023036957,25.8969478607,14.9634466171,22.7385845184,27.63007164,24.0513706207,40.6696128845,46.6399154663,44.6964187622,24.5671977997,9.55970668793,7.02104711533,4.42479276657,4.97562217712,4.68163967133,3.17944145203,1.81762123108,1.03629863262,0.599445044994,0.304155528545,0.210724160075,0.339951872826,0.248639956117,0.0449028089643,0.00269108987413,0.000105923951196,0.0000121379935081],"dmean2":[0.059201862663,1.05352115631,5.31001520157,6.48574733734,9.85221576691,9.93980979919,5.62688875198,5.70531988144,9.11719512939,7.03680801392,6.21863460541,12.1828536987,13.5554981232,32.3952217102,42.0313339233,24.1372451782,37.8398132324,45.1843070984,38.6138801575,64.9031677246,73.6892700195,71.9878311157,39.3716812134,15.2744531631,11.2738790512,7.13434505463,8.13182926178,7.75921487808,5.31217479706,3.0098195076,1.70462858677,0.965777397156,0.478527128696,0.316917598248,0.552265048027,0.427391976118,0.0760852023959,0.00447987439111,0.000179891401785,0.0000197376066353],"dvar":[0.00663267960772,1.47323393822,19.7717342377,24.6809024811,83.0809173584,53.3727035522,18.69789505,66.0914230347,168.991500854,75.8998184204,43.8857650757,214.563201904,133.779296875,1297.23901367,1602.27624512,377.924835205,1175.34985352,1751.15930176,886.631225586,2977.17504883,3040.01293945,2453.21582031,819.163024902,159.622497559,98.5455932617,36.9567260742,33.7696723938,34.1911392212,20.2912826538,12.7912225723,4.45911741257,1.1235114336,0.295260757208,0.199911803007,2.24087381363,1.54166972637,0.0501856207848,0.000165318633663,5.63875289572e-7,9.39939459599e-10],"dvar2":[0.0166738405824,4.16819763184,55.0365982056,74.7489852905,234.384872437,148.23425293,49.2443885803,187.936798096,381.865203857,198.969802856,110.700134277,572.083557129,355.276367188,3440.53369141,4275.74658203,986.811706543,3133.8215332,4353.26513672,2233.52539062,7332.24707031,7241.13671875,6284.09179688,2059.18359375,385.175842285,245.803405762,91.9251937866,85.1910247803,88.5548782349,54.7075309753,35.2044906616,11.9497766495,2.85788249969,0.693302631378,0.434317409992,5.86703538895,4.24290466309,0.135285571218,0.000440116389655,0.00000152762038397,2.44925235648e-9],"max":[1.49389076233,18.8568248749,67.2961578369,86.5118637085,111.692062378,104.944618225,84.8648452759,139.908950806,377.739471436,214.20135498,188.717346191,362.709503174,282.20425415,870.14050293,784.529052734,402.31930542,921.308959961,1038.04016113,737.024902344,1229.16174316,1523.64196777,853.961120605,550.404968262,347.81652832,212.79574585,124.629814148,69.3199081421,87.3462677002,103.282165527,89.5756454468,61.2953071594,17.9727230072,10.6653470993,9.94467926025,36.08644104,24.4319877625,4.26235961914,0.273680388927,0.0219207797199,0.00105536088813],"mean":[0.0616175495088,0.919372141361,5.49263811111,6.61352729797,8.0434217453,9.89335536957,6.65805006027,5.63381004333,11.9873924255,8.56301879883,7.67149019241,14.0675544739,17.491312027,40.7364311218,49.0260238647,32.3341598511,43.4079704285,56.8317832947,56.7158546448,86.7274398804,112.966293335,112.575363159,65.2131118774,26.8746471405,18.1884689331,11.5233640671,13.7350492477,13.3812274933,8.62918949127,4.19431447983,2.401917696,1.47911977768,0.822733581066,0.524659633636,0.478767812252,0.256628185511,0.0458484254777,0.00314300274476,0.000121603959997,0.00004090593211],"median":[0.044613160193,0.671692728996,3.73382019997,5.19326114655,5.67059707642,6.98726463318,4.65056419373,3.56333780289,3.2760617733,3.49310493469,3.75499534607,6.27816867828,12.203660965,24.5535125732,31.0817108154,24.0202217102,29.3555526733,39.9104537964,45.3572425842,62.7391853333,93.5719833374,96.8315048218,54.672958374,20.9538497925,13.1398773193,8.79277706146,12.1476945877,12.0821657181,7.53438854218,2.93403339386,1.73233389854,1.05631375313,0.59734994173,0.307238966227,0.155092269182,0.0660449042916,0.0124182328582,0.00128362560645,0.0000516509753652,0.0000375465206162],"min":[2.18381033346e-22,5.10039444531e-22,1.36341023914e-21,7.79649958295e-21,1.43585855824e-20,3.1376812097e-20,3.80748651019e-20,6.64566468401e-20,1.03006565709e-19,1.43238562752e-19,3.01791056226e-19,6.4940011187e-19,7.34430711624e-19,7.04643007188e-19,1.56547901393e-18,1.42499510479e-18,1.45944386858e-18,2.38661128184e-18,3.05580081099e-18,2.15214590324e-18,4.24404038424e-18,5.14256449745e-18,5.66374949472e-18,7.36082549948e-18,8.5701519745e-18,8.86470106447e-18,9.44263561485e-18,1.07594533833e-17,1.24575203504e-17,1.11835778347e-17,1.16747088787e-17,1.09480728968e-17,9.79394831998e-18,7.42300714767e-18,6.21904948841e-18,4.81780346279e-18,2.38424719965e-18,1.00119604558e-18,2.85625181171e-19,2.68231359729e-20],"var":[0.0070689371787,1.26827299595,31.581155777,31.6836509705,75.0459442139,92.0041656494,45.1550712585,61.8150062561,602.867492676,224.906005859,114.206062317,483.014465332,311.194335938,3070.47949219,3268.95239258,887.233825684,2346.96655273,3745.49072266,2198.34814453,7256.95996094,8282.60351562,6553.60986328,2469.37036133,566.191589355,325.742492676,107.570556641,88.1196975708,76.7351760864,38.4765853882,17.8848190308,6.40512275696,2.31631159782,0.720608353615,0.51737600565,2.03705787659,1.08335113525,0.0365586392581,0.00012284112745,3.79170501219e-7,8.84486484054e-10]},"erbbands_crest":{"dmean":1.95121240616,"dmean2":3.21578502655,"dvar":3.02679276466,"dvar2":7.85437917709,"max":24.9917354584,"mean":7.92192029953,"median":7.29998970032,"min":2.84001994133,"var":7.92083644867},"erbbands_flatness_db":{"dmean":0.012704461813,"dmean2":0.0197245143354,"dvar":0.000143614437548,"dvar2":0.000319029000821,"max":0.387347042561,"mean":0.16424973309,"median":0.16120775044,"min":0.0631282329559,"var":0.00102238007821},"erbbands_kurtosis":{"dmean":0.907680988312,"dmean2":1.45491182804,"dvar":0.999360561371,"dvar2":2.47659301758,"max":41.2479171753,"mean":1.45370781422,"median":1.00175738335,"min":-1.76313495636,"var":3.77166771889},"erbbands_skewness":{"dmean":0.270253539085,"dmean2":0.431257545948,"dvar":0.0506758354604,"dvar2":0.12514129281,"max":5.1334810257,"mean":-0.694502532482,"median":-0.702651441097,"min":-2.86309194565,"var":0.32524445653},"erbbands_spread":{"dmean":5.36246871948,"dmean2":8.78534889221,"dvar":27.2096385956,"dvar2":71.4228668213,"max":98.1075363159,"mean":27.2566890717,"median":26.0569381714,"min":3.35113072395,"var":88.7673721313},"gfcc":{"cov":[[8012.30761719,-54.8362846375,-341.466156006,479.883850098,-516.152770996,183.434844971,-506.067504883,250.012741089,-216.26902771,147.988174438,-224.167816162,-15.2065172195,-156.406616211],[-54.8362846375,582.710449219,-60.5991210938,66.9788284302,79.1332931519,-77.1605529785,80.168762207,-111.342681885,70.410736084,-88.7465744019,59.4310569763,-53.9094619751,30.1406326294],[-341.466156006,-60.5991210938,381.494232178,38.3411636353,34.8644943237,53.3493118286,-61.7078781128,61.5749969482,2.57604384422,63.9419174194,19.9654636383,11.5525512695,-25.786485672],[479.883850098,66.9788284302,38.3411636353,188.9296875,37.7087440491,25.0203323364,-43.1132545471,-4.50078392029,4.21009492874,-0.954362332821,-5.9380106926,-27.5893859863,7.1278424263],[-516.152770996,79.1332931519,34.8644943237,37.7087440491,197.046859741,11.9729614258,43.238697052,-38.8573455811,14.6910219193,-7.55122613907,4.1658744812,-3.28477931023,24.2983074188],[183.434844971,-77.1605529785,53.3493118286,25.0203323364,11.9729614258,137.207122803,8.2055683136,41.8907356262,-16.1068840027,21.2694149017,-10.4390220642,1.68477857113,-2.02242422104],[-506.067504883,80.168762207,-61.7078781128,-43.1132545471,43.238697052,8.2055683136,154.145126343,-10.4846439362,23.9418106079,-49.4023780823,15.3689107895,-1.75822997093,13.6569080353],[250.012741089,-111.342681885,61.5749969482,-4.50078392029,-38.8573455811,41.8907356262,-10.4846439362,116.441650391,13.0196065903,42.982219696,-5.30256986618,13.5116844177,-20.7033176422],[-216.26902771,70.410736084,2.57604384422,4.21009492874,14.6910219193,-16.1068840027,23.9418106079,13.0196065903,85.2243881226,20.2018432617,25.5474033356,-13.8045768738,-3.03249025345],[147.988174438,-88.7465744019,63.9419174194,-0.954362332821,-7.55122613907,21.2694149017,-49.4023780823,42.982219696,20.2018432617,95.0141983032,14.1371078491,13.5174036026,-17.941904068],[-224.167816162,59.4310569763,19.9654636383,-5.9380106926,4.1658744812,-10.4390220642,15.3689107895,-5.30256986618,25.5474033356,14.1371078491,67.0631484985,10.8882675171,-6.82272195816],[-15.2065172195,-53.9094619751,11.5525512695,-27.5893859863,-3.28477931023,1.68477857113,-1.75822997093,13.5116844177,-13.8045768738,13.5174036026,10.8882675171,56.4739189148,18.9637298584],[-156.406616211,30.1406326294,-25.786485672,7.1278424263,24.2983074188,-2.02242422104,13.6569080353,-20.7033176422,-3.03249025345,-17.941904068,-6.82272195816,18.9637298584,65.0733795166]],"icov":[[0.000878172344528,-0.00183062895667,0.0017753058346,-0.00228510401212,0.00174661469646,-0.00121719378512,0.00169325631578,-0.00192800466903,0.00220792740583,-0.00212095398456,0.00337593699805,-0.00294406688772,0.0029836774338],[-0.00183062895667,0.00744271464646,-0.00388550572097,0.00376534159295,-0.00396942021325,0.00342021766119,-0.00397729780525,0.00571208633482,-0.00680823205039,0.00704924808815,-0.0101218251511,0.00853488594294,-0.00748108513653],[0.0017753058346,-0.00388550572097,0.0072288508527,-0.0047102146782,0.0021687601693,-0.00334662012756,0.0050770980306,-0.00571172079071,0.00491698272526,-0.00480350106955,0.00540506467223,-0.00628582015634,0.00695389742032],[-0.00228510401212,0.00376534159295,-0.0047102146782,0.0136377383024,-0.00624424312264,0.00123918103054,-0.000556453072932,0.00360295502469,-0.00586054380983,0.00691862404346,-0.0094052227214,0.0112742111087,-0.00960067752749],[0.00174661469646,-0.00396942021325,0.0021687601693,-0.00624424312264,0.0107788275927,-0.00288800220005,0.0000467263453174,-0.000304316985421,0.00362074538134,-0.0064925532788,0.00856411457062,-0.00678683491424,0.00461316853762],[-0.00121719378512,0.00342021766119,-0.00334662012756,0.00123918103054,-0.00288800220005,0.0121466396376,-0.00567745603621,-0.000248271680903,0.00077526923269,0.0000671408051858,-0.00460262130946,0.00656964024529,-0.0057456814684],[0.00169325631578,-0.00397729780525,0.0050770980306,-0.000556453072932,0.0000467263453174,-0.00567745603621,0.01635623537,-0.00639789458364,0.0000475486340292,0.00432451162487,0.00308180623688,-0.00592634826899,0.00556751294062],[-0.00192800466903,0.00571208633482,-0.00571172079071,0.00360295502469,-0.000304316985421,-0.000248271680903,-0.00639789458364,0.0204864665866,-0.0101544316858,0.00158174126409,-0.00341257685795,0.00148856837768,-0.00279999524355],[0.00220792740583,-0.00680823205039,0.00491698272526,-0.00586054380983,0.00362074538134,0.00077526923269,0.0000475486340292,-0.0101544316858,0.0266320332885,-0.0139554133639,0.00362139474601,0.000629853340797,0.00407158583403],[-0.00212095398456,0.00704924808815,-0.00480350106955,0.00691862404346,-0.0064925532788,0.0000671408051858,0.00432451162487,0.00158174126409,-0.0139554133639,0.0283298771828,-0.013454515487,0.00375890056603,-0.00434748502448],[0.00337593699805,-0.0101218251511,0.00540506467223,-0.0094052227214,0.00856411457062,-0.00460262130946,0.00308180623688,-0.00341257685795,0.00362139474601,-0.013454515487,0.0373125113547,-0.0219247359782,0.0176616292447],[-0.00294406688772,0.00853488594294,-0.00628582015634,0.0112742111087,-0.00678683491424,0.00656964024529,-0.00592634826899,0.00148856837768,0.000629853340797,0.00375890056603,-0.0219247359782,0.0422085076571,-0.0238328576088],[0.0029836774338,-0.00748108513653,0.00695389742032,-0.00960067752749,0.00461316853762,-0.0057456814684,0.00556751294062,-0.00279999524355,0.00407158583403,-0.00434748502448,0.0176616292447,-0.0238328576088,0.0336387753487]],"mean":[30.6181087494,87.9773254395,-144.077392578,47.4687614441,-36.2499465942,22.9040470123,-38.8669700623,4.22054958344,-26.6415729523,-4.03069257736,-27.0860748291,4.93397474289,-8.18933963776]},"hfc":{"dmean":6.1255979538,"dmean2":9.3055524826,"dvar":49.0893859863,"dvar2":105.894622803,"max":114.436576843,"mean":31.1044483185,"median":29.7620239258,"min":1.09821328857e-16,"var":231.72442627},"melbands":{"dmean":[0.000448871549452,0.00132861395832,0.000673961185385,0.000423389370553,0.000138577830512,0.0000768675381551,0.0000910745729925,0.0000422313096351,0.0000393241098209,0.0000429172068834,0.0000439685682068,0.0000782893403084,0.000117956449685,0.0000425611797255,0.0000503200863022,0.0000389519045711,0.0000598701371928,0.000042089541239,0.0000505949174112,0.0000494667510793,0.0000642809900455,0.0000529192111571,0.000040179646021,0.0000204809093702,0.00000761835781304,0.00000673195791023,0.00000426593805969,0.00000297461201626,0.00000301080422105,0.00000400987482863,0.00000277797630588,0.00000212005238609,0.00000146691252212,9.49757122726e-7,6.49087780857e-7,5.67674305785e-7,3.29715106773e-7,2.29757660009e-7,2.06292114058e-7,1.79186201876e-7],"dmean2":[0.00076172396075,0.00225338898599,0.00116391293705,0.000724728917703,0.00023002322996,0.000128525367472,0.000139830022817,0.0000696879360476,0.0000634608513792,0.0000697311552358,0.0000710546955816,0.00012746291759,0.00019068599795,0.0000690177621436,0.000082842860138,0.0000647096749162,0.0000977292947937,0.0000679063014104,0.0000817667751107,0.0000793109502411,0.000101975063444,0.0000854363825056,0.0000650991787552,0.0000330997754645,0.0000123598983919,0.0000109818520286,0.00000692445155437,0.00000487524448545,0.00000499274983667,0.00000661643480271,0.00000467067002319,0.00000357782550964,0.00000245879868999,0.00000159156513746,0.00000107997243504,9.31514932745e-7,5.36119387107e-7,3.69172113324e-7,3.22423261423e-7,2.74325941518e-7],"dvar":[9.68920517153e-7,0.00000390723835153,7.49811420064e-7,3.55660290552e-7,3.09250651753e-8,2.96911970565e-8,3.93779977514e-8,7.41284322814e-9,5.33246291567e-9,6.71957511855e-9,3.63364471845e-9,1.88123454592e-8,3.52341800181e-8,3.35768279847e-9,5.85763659799e-9,2.6182545021e-9,8.69189165087e-9,3.12690318083e-9,3.95997190594e-9,4.12915079906e-9,5.57311397031e-9,3.44200334901e-9,2.62994781508e-9,7.09302672153e-10,1.15936406309e-10,7.80085857022e-11,3.59422318297e-11,1.52540237386e-11,1.34024154622e-11,2.03218379624e-11,1.28656659978e-11,8.85883900958e-12,4.74825040397e-12,4.46584783043e-12,1.88116341081e-12,9.1188894543e-13,3.38951333364e-13,1.54318222155e-13,1.52482207091e-13,1.5043824205e-13],"dvar2":[0.00000260797628471,0.0000109224520202,0.00000222166886488,0.00000100035902051,8.10983422639e-8,8.35904216956e-8,8.79666046671e-8,1.9579040611e-8,1.34495268256e-8,1.80507750969e-8,9.55592138752e-9,5.01191550484e-8,9.1864649221e-8,8.85055051469e-9,1.57299151482e-8,7.02064628655e-9,2.15283542104e-8,7.83981679575e-9,9.96112259344e-9,1.01445944978e-8,1.34019515485e-8,8.80874573284e-9,6.73417277497e-9,1.76032444177e-9,2.82365908433e-10,1.95514535117e-10,9.15472489482e-11,3.87029158722e-11,3.49279945244e-11,5.23473937808e-11,3.45838843674e-11,2.42489067021e-11,1.29239717886e-11,1.24781799477e-11,5.14287787703e-12,2.37983829691e-12,8.74147650966e-13,3.76664330152e-13,3.63283188254e-13,3.30132622628e-13],"max":[0.0175039488822,0.0300866290927,0.0134697081521,0.00896399375051,0.0033982754685,0.0029879657086,0.00560525478795,0.00217381655239,0.00206093676388,0.00202278513461,0.0014558150433,0.00337596796453,0.00368917873129,0.0010911062127,0.00144797354005,0.00143050332554,0.00237273727544,0.00137955555692,0.00141304044519,0.00129149330314,0.00188881286886,0.0011154251406,0.00095893535763,0.000514540530276,0.000323466345435,0.000220995949348,0.000127115723444,0.0000682984027662,0.0000494265368616,0.0000630284121144,0.0000557495477551,0.0000713265981176,0.0000396725408791,0.0000686086714268,0.0000463552350993,0.000017222500901,0.0000105048702608,0.00000901687599253,0.0000119299220387,0.0000100265842775],"mean":[0.000720165669918,0.0023089570459,0.00122523063328,0.000681822944898,0.000279082625639,0.000126319355331,0.000183732598089,0.0000841937799123,0.0000758042442612,0.0000810718120192,0.0000869031719049,0.000158317867317,0.000204850293812,0.0000821158246254,0.0000957882439252,0.0000779027468525,0.000114712056529,0.0000882726380951,0.000105420120235,0.000106715080619,0.00014288930106,0.000122527781059,0.0000872746313689,0.000043332176574,0.0000184948657989,0.0000159334595082,0.00000976496448857,0.00000692517141943,0.00000753653785068,0.0000100492825368,0.00000691852073942,0.0000051401325436,0.0000034293373119,0.0000018783057385,0.00000134758045078,0.00000124625125864,7.60491730034e-7,5.73817544591e-7,4.99638190377e-7,4.17501837546e-7],"median":[0.000558769272175,0.00164072774351,0.000998200848699,0.000492816674523,0.000194680702407,0.0000780080954428,0.0000489592748636,0.0000356131131412,0.0000346588640241,0.00003700479283,0.0000593061195104,0.0000975147413556,0.000116905663162,0.0000575210724492,0.0000620859209448,0.0000581455897191,0.0000761162809795,0.0000656534539303,0.0000783337600296,0.0000791981437942,0.000113992246042,0.000102998645161,0.0000671272719046,0.0000323348540405,0.0000138563082146,0.0000117416639114,0.00000662328238832,0.00000525325049239,0.00000637987886876,0.00000891592389962,0.00000600433713771,0.00000442759937869,0.00000262545381702,0.00000118163166007,9.35113234846e-7,8.56754866163e-7,5.32828948963e-7,4.11282030655e-7,3.19867382359e-7,2.22970371055e-7],"min":[2.39142907316e-24,6.22264969825e-25,1.57349834776e-24,2.10732495967e-24,2.02925849563e-24,1.43655534867e-24,1.80077992279e-24,1.25066915104e-24,2.32609837401e-24,4.25331751433e-24,3.29977755641e-24,1.93175154065e-24,4.36421203051e-24,2.81896229873e-24,4.5711282738e-24,2.15799803156e-24,4.30837369463e-24,3.79352283597e-24,2.80496632854e-24,2.37476241439e-24,4.37679120651e-24,4.61117874196e-24,4.51968902075e-24,4.83314290144e-24,5.55657765533e-24,4.88508426445e-24,5.04398924976e-24,4.81801097156e-24,5.41179170251e-24,6.65272039352e-24,5.24434256474e-24,5.1775497119e-24,5.90106453517e-24,5.1298516317e-24,6.07822691727e-24,6.0572006187e-24,6.2890811542e-24,6.27124067039e-24,7.22755702427e-24,5.34597506504e-24],"var":[8.80475113263e-7,0.00000528528607902,9.37365371101e-7,4.2746810891e-7,7.69004344647e-8,3.08878220778e-8,1.43041376077e-7,2.33373604885e-8,1.29494850398e-8,1.52791290731e-8,8.29830870686e-9,4.42170495774e-8,7.03416702663e-8,7.30938953808e-9,1.19154082157e-8,5.59064350369e-9,1.80404899908e-8,7.0490138171e-9,1.00093195954e-8,9.63651469732e-9,1.44576066674e-8,8.25335799703e-9,6.27864782388e-9,1.71002578764e-9,3.41871475573e-10,2.44036180153e-10,1.03512580452e-10,3.86863874269e-11,3.15040736554e-11,4.66895723472e-11,2.43740739397e-11,1.47737117678e-11,8.81331813085e-12,4.9785215013e-12,2.35395774054e-12,1.76996600969e-12,6.45826220193e-13,3.46789654285e-13,3.52705576334e-13,3.86531328863e-13]},"melbands_crest":{"dmean":3.38483953476,"dmean2":5.69481897354,"dvar":8.43510723114,"dvar2":23.8002586365,"max":30.3563079834,"mean":13.2728691101,"median":12.5427684784,"min":1.51155602932,"var":25.9149360657},"melbands_flatness_db":{"dmean":0.01989383623,"dmean2":0.0322841070592,"dvar":0.000354398827767,"dvar2":0.000902939820662,"max":0.478232830763,"mean":0.154196575284,"median":0.144274786115,"min":0.00335333519615,"var":0.00232038483955},"melbands_kurtosis":{"dmean":2.65066790581,"dmean2":4.46538686752,"dvar":21.8039226532,"dvar2":60.8966789246,"max":185.722335815,"mean":3.38931179047,"median":1.38072824478,"min":-1.74904477596,"var":47.4301986694},"melbands_skewness":{"dmean":0.546562850475,"dmean2":0.905001938343,"dvar":0.291033506393,"dvar2":0.79047447443,"max":11.7497730255,"mean":1.69447803497,"median":1.52207398415,"min":-1.94394004345,"var":1.10494267941},"melbands_spread":{"dmean":8.71106910706,"dmean2":14.2710552216,"dvar":60.3786697388,"dvar2":158.764144897,"max":149.459899902,"mean":42.6878700256,"median":43.3669433594,"min":2.01768660545,"var":282.247253418},"mfcc":{"cov":[[3637.1418457,-213.06427002,82.085105896,71.0741043091,-15.7560033798,-70.8760757446,-85.4091186523,-7.67883491516,4.602891922,63.6323509216,1.26054406166,11.6711874008,-23.3032875061],[-213.06427002,494.122253418,-57.6630401611,89.5853652954,13.4728775024,47.5153923035,4.94675636292,11.6524343491,-0.268869787455,-28.5375061035,0.199632436037,8.40703201294,-7.33196640015],[82.085105896,-57.6630401611,282.925689697,-19.0837841034,58.7620239258,-20.6273365021,-4.29602336884,-5.19377851486,-17.7862434387,27.9898910522,18.2628993988,40.3224906921,41.4795455933],[71.0741043091,89.5853652954,-19.0837841034,159.862060547,58.1531219482,25.8015899658,-8.24029445648,-9.88814926147,4.81578445435,-3.85970497131,-5.59409952164,-11.9716262817,-11.2991914749],[-15.7560033798,13.4728775024,58.7620239258,58.1531219482,163.442901611,50.3442268372,4.77364778519,-27.930267334,15.20216465,-3.98493242264,11.297867775,20.8362636566,11.6995744705],[-70.8760757446,47.5153923035,-20.6273365021,25.8015899658,50.3442268372,112.766693115,38.4448013306,5.16560077667,11.952960968,-5.05333375931,-8.96015644073,-12.4371328354,-8.61900615692],[-85.4091186523,4.94675636292,-4.29602336884,-8.24029445648,4.77364778519,38.4448013306,82.484916687,39.2723731995,4.76925373077,-4.91572809219,-2.70313692093,-8.2167224884,-2.17443776131],[-7.67883491516,11.6524343491,-5.19377851486,-9.88814926147,-27.930267334,5.16560077667,39.2723731995,80.4105529785,20.1165103912,8.38696670532,-4.89450311661,-6.23181295395,-0.249244526029],[4.602891922,-0.268869787455,-17.7862434387,4.81578445435,15.20216465,11.952960968,4.76925373077,20.1165103912,71.0505218506,13.9683198929,-3.21544623375,-7.57677316666,-0.941579520702],[63.6323509216,-28.5375061035,27.9898910522,-3.85970497131,-3.98493242264,-5.05333375931,-4.91572809219,8.38696670532,13.9683198929,69.2054672241,28.5091934204,9.02792930603,9.7810382843],[1.26054406166,0.199632436037,18.2628993988,-5.59409952164,11.297867775,-8.96015644073,-2.70313692093,-4.89450311661,-3.21544623375,28.5091934204,62.7136993408,35.6010284424,11.5938863754],[11.6711874008,8.40703201294,40.3224906921,-11.9716262817,20.8362636566,-12.4371328354,-8.2167224884,-6.23181295395,-7.57677316666,9.02792930603,35.6010284424,67.2993011475,31.3591823578],[-23.3032875061,-7.33196640015,41.4795455933,-11.2991914749,11.6995744705,-8.61900615692,-2.17443776131,-0.249244526029,-0.941579520702,9.7810382843,11.5938863754,31.3591823578,54.671962738]],"icov":[[0.000306262256345,0.000160793162649,-0.0000846216498758,-0.000267919123871,0.0000972384077613,0.0000332496783813,0.000285342073767,-0.000123768637422,-0.00000327665588884,-0.000243190457695,0.000203368850634,-0.000298856990412,0.000327898102114],[0.000160793162649,0.00261861924082,0.000185093187611,-0.00166969140992,0.000746351084672,-0.00122550502419,0.000702987716068,-0.000807992008049,0.00000862384604261,0.00117280322593,-0.000427081395173,-0.00122910586651,0.000191463055671],[-0.0000846216498758,0.000185093187611,0.00509616453201,0.000990751897916,-0.00289710541256,0.00147729483433,-0.000222479822696,-0.000884915236384,0.0022600996308,-0.0024532219395,0.00147414347157,-0.00106166326441,-0.00205879611894],[-0.000267919123871,-0.00166969140992,0.000990751897916,0.00914915092289,-0.00427670171484,0.000265317881713,0.00141070573591,-0.000725268560927,0.00115248770453,-0.00115276523866,0.000337588804541,0.00267103337683,0.000433323759353],[0.0000972384077613,0.000746351084672,-0.00289710541256,-0.00427670171484,0.0120226349682,-0.00493039889261,-0.00110736803617,0.00466461898759,-0.00443691108376,0.00290407193825,-0.00169552257285,-0.00335791613907,-0.000227501062909],[0.0000332496783813,-0.00122550502419,0.00147729483433,0.000265317881713,-0.00493039889261,0.0144303543493,-0.00686941947788,0.00159536162391,-0.000300310610328,-0.0022976663895,0.00247158412822,0.00132745900191,0.000968260806985],[0.000285342073767,0.000702987716068,-0.000222479822696,0.00141070573591,-0.00110736803617,-0.00686941947788,0.021298982203,-0.0111914463341,0.00250113056973,0.00310889119282,-0.00333344237879,0.00290720630437,-0.000847404648084],[-0.000123768637422,-0.000807992008049,-0.000884915236384,-0.000725268560927,0.00466461898759,0.00159536162391,-0.0111914463341,0.0212226249278,-0.00628578895703,-0.00244394666515,0.00255233980715,-0.00179567793384,0.0000830161880003],[-0.00000327665588884,0.00000862384604261,0.0022600996308,0.00115248770453,-0.00443691108376,-0.000300310610328,0.00250113056973,-0.00628578895703,0.0184189099818,-0.00486690271646,0.00202942686155,0.00194699782878,-0.000863045279402],[-0.000243190457695,0.00117280322593,-0.0024532219395,-0.00115276523866,0.00290407193825,-0.0022976663895,0.00310889119282,-0.00244394666515,-0.00486690271646,0.0228002276272,-0.0130423996598,0.00485656736419,-0.0033772776369],[0.000203368850634,-0.000427081395173,0.00147414347157,0.000337588804541,-0.00169552257285,0.00247158412822,-0.00333344237879,0.00255233980715,0.00202942686155,-0.0130423996598,0.0308160316199,-0.0166437681764,0.00499230716377],[-0.000298856990412,-0.00122910586651,-0.00106166326441,0.00267103337683,-0.00335791613907,0.00132745900191,0.00290720630437,-0.00179567793384,0.00194699782878,0.00485656736419,-0.0166437681764,0.0324639156461,-0.013826129958],[0.000327898102114,0.000191463055671,-0.00205879611894,0.000433323759353,-0.000227501062909,0.000968260806985,-0.000847404648084,0.0000830161880003,-0.000863045279402,-0.0033772776369,0.00499230716377,-0.013826129958,0.0277370829135]],"mean":[-598.517944336,110.415412903,-32.4294433594,29.9048461914,16.8895683289,20.6856136322,-0.28188213706,10.7139472961,8.24431610107,-9.83591079712,-6.57113027573,-0.534044921398,-6.21698665619]},"pitch_salience":{"dmean":0.0613060668111,"dmean2":0.102264679968,"dvar":0.00291199143976,"dvar2":0.00815983209759,"max":0.90464925766,"mean":0.578600525856,"median":0.587110996246,"min":0.193033710122,"var":0.00729932216927},"silence_rate_20dB":{"dmean":0,"dmean2":0,"dvar":0,"dvar2":0,"max":1,"mean":1,"median":1,"min":1,"var":0},"silence_rate_30dB":{"dmean":0,"dmean2":0,"dvar":0,"dvar2":0,"max":1,"mean":1,"median":1,"min":1,"var":0},"silence_rate_60dB":{"dmean":0.00142404041253,"dmean2":0.00284826522693,"dvar":0.00142189313192,"dvar2":0.00348700699396,"max":1,"mean":0.0110032362863,"median":0,"min":0,"var":0.0108831357211},"spectral_centroid":{"dmean":188.695709229,"dmean2":302.049285889,"dvar":35254.9179688,"dvar2":80529.1953125,"max":11744.2617188,"mean":1885.33605957,"median":1925.33325195,"min":306.394683838,"var":401742.03125},"spectral_complexity":{"dmean":3.62858438492,"dmean2":5.79311227798,"dvar":10.0877685547,"dvar2":22.5574302673,"max":58,"mean":31.8172168732,"median":32,"min":0,"var":72.2389907837},"spectral_contrast_coeffs":{"dmean":[0.0506191179156,0.0428272113204,0.0360806621611,0.0291814692318,0.0216920301318,0.0168880447745],"dmean2":[0.0864504426718,0.0716386958957,0.0595409050584,0.0483645275235,0.0361407510936,0.0270280782133],"dvar":[0.00163638731465,0.00110811402556,0.000784989912063,0.000516787229571,0.000282028486254,0.000219276640564],"dvar2":[0.00468686968088,0.00306016928516,0.00213614245877,0.00139544310514,0.000768128433265,0.000522521731909],"max":[-0.332058548927,-0.498544573784,-0.544597744942,-0.580811440945,-0.574138641357,-0.537563681602],"mean":[-0.629642426968,-0.757668316364,-0.768489837646,-0.762106001377,-0.759970664978,-0.702819347382],"median":[-0.632544696331,-0.760486721992,-0.771215677261,-0.766023397446,-0.760235965252,-0.703167617321],"min":[-0.979929566383,-0.976378917694,-0.97549456358,-0.971300363541,-0.968874752522,-0.964352428913],"var":[0.00459645828232,0.00317042670213,0.00239257374778,0.0020127738826,0.00107920344453,0.00138568948023]},"spectral_contrast_valleys":{"dmean":[0.376588433981,0.325955837965,0.254337579012,0.212492272258,0.179022967815,0.201815366745],"dmean2":[0.635414958,0.547518134117,0.426746338606,0.346932411194,0.277376234531,0.281226158142],"dvar":[0.100755780935,0.0794964358211,0.0525586083531,0.0408309325576,0.041633490473,0.0730465725064],"dvar2":[0.2625900805,0.198294684291,0.125089868903,0.0873641595244,0.0747532173991,0.121712297201],"max":[-5.28570175171,-5.2432923317,-5.48725223541,-5.65482091904,-5.71878814697,-8.35620498657],"mean":[-7.05828285217,-6.97863388062,-6.92069816589,-6.87076568604,-6.90933942795,-10.0750513077],"median":[-6.86351966858,-6.8678817749,-6.81295681,-6.7421245575,-6.7311706543,-9.86032772064],"min":[-28.0203399658,-27.6718044281,-27.6213340759,-27.6843795776,-27.5621757507,-27.378030777],"var":[1.91733682156,1.75620794296,1.61451470852,1.58468782902,1.72242677212,1.63929021358]},"spectral_decrease":{"dmean":1.79860371041e-9,"dmean2":2.99225200173e-9,"dvar":4.70272609598e-18,"dvar2":1.27207325301e-17,"max":1.67258328608e-16,"mean":-6.83953071956e-9,"median":-6.58347332205e-9,"min":-3.19343307353e-8,"var":7.57163165141e-18},"spectral_energy":{"dmean":0.00713091064245,"dmean2":0.0117862215266,"dvar":0.000071505230153,"dvar2":0.000191299666767,"max":0.124176234007,"mean":0.0286351516843,"median":0.0276816636324,"min":1.0097278223e-20,"var":0.000125539212604},"spectral_energyband_high":{"dmean":0.000286935770418,"dmean2":0.000441074982518,"dvar":2.44227436497e-7,"dvar2":5.71825125917e-7,"max":0.00884736888111,"mean":0.000933603208978,"median":0.000813189486507,"min":7.15161536023e-21,"var":4.98117969983e-7},"spectral_energyband_low":{"dmean":0.00494837854058,"dmean2":0.00840292498469,"dvar":0.0000536851512152,"dvar2":0.000148623046698,"max":0.110162332654,"mean":0.00964366272092,"median":0.00771032599732,"min":2.18356461907e-23,"var":0.000068302382715},"spectral_energyband_middle_high":{"dmean":0.00250641210005,"dmean2":0.00393971521407,"dvar":0.00000657646387481,"dvar2":0.0000161070001923,"max":0.044807035476,"mean":0.0117789916694,"median":0.0110405851156,"min":1.19344643368e-21,"var":0.0000363907238352},"spectral_energyband_middle_low":{"dmean":0.00303518003784,"dmean2":0.00515148928389,"dvar":0.0000161696534633,"dvar2":0.0000452898457297,"max":0.0491235554218,"mean":0.0074400510639,"median":0.00651478813961,"min":1.48539883124e-22,"var":0.0000223634233407},"spectral_entropy":{"dmean":0.082703307271,"dmean2":0.124550893903,"dvar":0.00641123764217,"dvar2":0.0140095157549,"max":9.82956886292,"mean":7.78203773499,"median":7.80567073822,"min":5.98820734024,"var":0.057727213949},"spectral_flux":{"dmean":0.016409419477,"dmean2":0.0256450083107,"dvar":0.000323004293023,"dvar2":0.000659278070088,"max":0.270188242197,"mean":0.0860277712345,"median":0.0819285660982,"min":6.36581481972e-11,"var":0.000796633481514},"spectral_kurtosis":{"dmean":1.25783121586,"dmean2":2.2039232254,"dvar":1.78755772114,"dvar2":5.30766677856,"max":36.1903572083,"mean":4.44241476059,"median":4.13109588623,"min":-1.25483071804,"var":3.79634666443},"spectral_rms":{"dmean":0.000635587435681,"dmean2":0.00104047474451,"dvar":4.24914020414e-7,"dvar2":0.00000112487032311,"max":0.0110067045316,"mean":0.00517072714865,"median":0.00519677810371,"min":3.13863084828e-12,"var":0.00000120044114738},"spectral_rolloff":{"dmean":290.070129395,"dmean2":492.262298584,"dvar":184779.21875,"dvar2":453942.40625,"max":19573.6816406,"mean":2211.14331055,"median":2325.5859375,"min":107.666015625,"var":1403021.625},"spectral_skewness":{"dmean":0.15790066123,"dmean2":0.267843931913,"dvar":0.0210179686546,"dvar2":0.0583097115159,"max":4.20133590698,"mean":1.38868165016,"median":1.3741799593,"min":-0.0833394303918,"var":0.0723370760679},"spectral_spread":{"dmean":312693.375,"dmean2":489921.71875,"dvar":274028642304,"dvar2":595121864704,"max":42305548,"mean":3714944.75,"median":3537273,"min":1408746.75,"var":4652037308420},"spectral_strongpeak":{"dmean":0.713566482067,"dmean2":1.28217232227,"dvar":1.85298752785,"dvar2":4.91360330582,"max":12.966676712,"mean":0.87736594677,"median":0.387596189976,"min":0,"var":2.09548664093},"zerocrossingrate":{"dmean":0.00727061508223,"dmean2":0.00934106577188,"dvar":0.000055458607676,"dvar2":0.0000765121367294,"max":0.74365234375,"mean":0.0742933005095,"median":0.07421875,"min":0.005859375,"var":0.00109082763083}},"metadata":{"audio_properties":{"analysis_sample_rate":44100,"bit_rate":192000,"codec":"mp3","downmix":"mix","equal_loudness":0,"length":358.713470459,"lossless":false,"md5_encoded":"8474dc2d26010351eb7bbdc470080f69","replay_gain":-12.9301624298,"sample_rate":44100},"tags":{"album":["Popscene"],"albumartist":["Blur"],"artist":["Blur"],"date":["2000"],"file_name":"427005.mp3","genre":["General"],"label":["Food"],"musicbrainz_recordingid":["085b8cc7-0e6b-4fd7-9740-667b9aeaca5a"],"title":["Garden Central"],"tracknumber":["5"]},"version":{"essentia":"2.1-beta2","essentia_build_sha":"70f2e5ece6736b2c40cc944ad0e695b16b925413","essentia_git_sha":"v2.1_beta2","extractor":"music 1.0"}},"rhythm":{"beats_count":513,"beats_loudness":{"dmean":0.00758657138795,"dmean2":0.0127369379625,"dvar":0.0000383040969609,"dvar2":0.000114848742669,"max":0.067370004952,"mean":0.0323499329388,"median":0.0324293598533,"min":1.47638318237e-10,"var":0.000110200911877},"beats_loudness_band_ratio":{"dmean":[0.154735609889,0.071414552629,0.0332290381193,0.0663409233093,0.0996768847108,0.0466515310109],"dmean2":[0.2732398808,0.12292355299,0.056838080287,0.107069134712,0.179074808955,0.0814176648855],"dvar":[0.013778174296,0.00407821219414,0.00128374597989,0.00349632324651,0.0074501959607,0.0036185644567],"dvar2":[0.043632555753,0.0111095365137,0.0037904176861,0.00843045674264,0.0218248423189,0.0068993838504],"max":[0.868879377842,0.654093205929,0.349479526281,0.897125482559,0.721352040768,0.972198069096],"mean":[0.360932409763,0.107269614935,0.0585250519216,0.142836332321,0.277977705002,0.0845578238368],"median":[0.363789498806,0.087149463594,0.0389456450939,0.118850633502,0.269128441811,0.0737486556172],"min":[0.00056235579541,0.00020890365704,0.00126376107801,0.0131113128737,0.0128061454743,0.000191996194189],"var":[0.0267702750862,0.00610443763435,0.00293802819215,0.0108463587239,0.0122529901564,0.00345328869298]},"beats_position":[0.743038535118,1.50929701328,2.27555561066,3.03020405769,3.78485250473,4.55111122131,5.31736946106,6.06040811539,6.80344676971,7.51165533066,8.21986