{"lowlevel":{"average_loudness":0.912331044674,"barkbands":{"dmean":[0.00000831996476336,0.00144913664553,0.00181184872054,0.00238279462792,0.00101490749512,0.000539222906809,0.000381657329854,0.000126778366393,0.000282085908111,0.000298638391541,0.000204872529139,0.000571715296246,0.000283739995211,0.000207588876947,0.00024345976999,0.000106278268504,0.000110903041787,0.00017911910254,0.000424927449785,0.000262746500084,0.0000495405183756,0.0000201542170544,0.0000107713194666,0.00000911040024221,0.00000911701681616,8.42980000471e-7,4.76828745377e-8],"dmean2":[0.0000139450239658,0.00239315303043,0.00274254009128,0.0036663536448,0.00157176179346,0.000806062482297,0.000566104019526,0.000189164231415,0.000401199591579,0.000449243932962,0.000319290498737,0.000830972101539,0.000403847516282,0.000318915699609,0.000364182254998,0.000158777838806,0.000167646314367,0.000272328412393,0.000620217586402,0.000396135554183,0.0000779320980655,0.0000320666185871,0.0000170895145857,0.0000141688487929,0.0000144506911965,0.00000136126686812,8.29977579997e-8],"dvar":[4.84870144035e-10,0.0000115653974717,0.00001749337207,0.0000289596046059,0.00000316875639328,7.7425136169e-7,4.53908484133e-7,1.06200722882e-7,3.6745072407e-7,3.1949014101e-7,5.99250881805e-7,0.00000201214402296,0.00000111006204406,1.93947215621e-7,3.76395803414e-7,1.11795550595e-7,8.90037696877e-8,1.4063989795e-7,6.08636582911e-7,3.01467707686e-7,2.87432389001e-8,2.33266028715e-9,6.83579470806e-10,1.04510278209e-9,7.47716732974e-9,2.33009427725e-11,1.25171589741e-14],"dvar2":[1.12966891397e-9,0.0000372543981939,0.0000386378051189,0.0000681642995914,0.00000743005239201,0.00000176232197191,9.62861918197e-7,2.61180389316e-7,6.75680269069e-7,6.92810772307e-7,0.00000143677573305,0.00000401638362746,0.00000199792134481,4.01887916723e-7,7.05380955424e-7,2.33462401411e-7,1.79369465059e-7,3.12219611942e-7,0.00000120984725527,6.73025340348e-7,7.00211799654e-8,5.75466696517e-9,1.6044764406e-9,2.03076333527e-9,1.93562748052e-8,5.47976594656e-11,3.46112298977e-14],"max":[0.00081692810636,0.0516266226768,0.0710407048464,0.0770596265793,0.0403391644359,0.0145407859236,0.016231065616,0.0121992612258,0.0145710613579,0.0123658152297,0.0151722691953,0.0298128966242,0.0389891602099,0.00789865199476,0.0135909859091,0.0109984036535,0.00850812438875,0.0103023089468,0.0218564923853,0.0156825184822,0.0083687081933,0.00191959564108,0.000778684101533,0.00167083158158,0.00434517348185,0.000272870180197,0.00000279002119896],"mean":[0.0000100943179859,0.00287860119715,0.00374658638611,0.00497688213363,0.00208997027948,0.00116139987949,0.000698576215655,0.000212111786823,0.000552569923457,0.000499756017234,0.000339706370141,0.00170099909883,0.000677614938468,0.000397404131945,0.000433285254985,0.000194855732843,0.00020941683033,0.000419577118009,0.00108980981167,0.000699708296452,0.0000804473602329,0.0000274040921795,0.0000146175871123,0.0000135839291033,0.0000116151186376,0.00000107733194454,6.66009256634e-8],"median":[0.00000438330607722,0.000557420600671,0.000961650570389,0.00116695626639,0.00109479483217,0.000636846059933,0.0002998773125,0.0000760656985221,0.000155216126586,0.00018881521828,0.0000506364813191,0.000106949606561,0.000044174859795,0.000128104758915,0.00011524889851,0.0000494021369377,0.000076098687714,0.000139829091495,0.000351145048626,0.000209087840631,0.0000359508921974,0.00000996736707748,0.00000534128594154,0.00000446668673248,0.00000220309266297,2.66474557975e-7,4.24136317179e-8],"min":[3.06038390965e-25,1.17803991079e-24,1.1617643298e-24,1.1969568939e-24,9.75546258391e-24,6.45242308766e-24,4.78662969032e-24,4.21130791011e-24,2.24300323724e-23,1.53549440173e-23,1.02630582888e-23,2.28497189957e-23,1.37114832722e-23,2.60876206693e-23,4.62844130626e-23,4.01926966238e-23,7.16943296391e-23,1.09531657994e-22,1.27496090777e-22,1.80422737905e-22,2.65646978702e-22,3.45118593342e-22,4.0198203504e-22,5.42232290093e-22,8.43305737249e-22,1.26563318923e-21,2.00026004606e-21],"var":[7.3816397439e-10,0.0000279948708339,0.0000398317606596,0.0000783551877248,0.00000894263212103,0.00000234058916249,0.0000011719541817,1.77814342806e-7,0.00000122914502754,6.72071450936e-7,0.00000114567455967,0.0000146595593833,0.00000576791171625,5.28381917775e-7,9.78342541202e-7,3.05716355342e-7,2.3798826021e-7,6.65466757255e-7,0.00000284542329609,0.00000154026758992,4.46624106587e-8,2.73060152267e-9,9.13720821227e-10,1.98339322743e-9,8.23785484272e-9,3.89977321269e-11,9.56030417456e-15]},"barkbands_crest":{"dmean":2.193795681,"dmean2":3.46766805649,"dvar":4.31738424301,"dvar2":11.0180673599,"max":25.4068508148,"mean":10.6138057709,"median":9.87006378174,"min":2.670160532,"var":18.1987819672},"barkbands_flatness_db":{"dmean":0.020636189729,"dmean2":0.0310077667236,"dvar":0.000518591026776,"dvar2":0.00104520947207,"max":0.447439283133,"mean":0.184069827199,"median":0.171878069639,"min":0.0415663085878,"var":0.00435425434262},"barkbands_kurtosis":{"dmean":3.64242577553,"dmean2":5.57708597183,"dvar":77.6909942627,"dvar2":178.320281982,"max":256.36932373,"mean":6.34332799911,"median":1.14292669296,"min":-1.92743241787,"var":212.501144409},"barkbands_skewness":{"dmean":0.534017264843,"dmean2":0.787535309792,"dvar":0.44634822011,"dvar2":0.942137241364,"max":11.3939628601,"mean":1.45109140873,"median":1.13971269131,"min":-2.77594709396,"var":2.8510491848},"barkbands_spread":{"dmean":4.51904153824,"dmean2":6.73364591599,"dvar":29.340385437,"dvar2":61.311050415,"max":145.960083008,"mean":21.4136180878,"median":20.5233058929,"min":0.39517942071,"var":184.26399231},"dissonance":{"dmean":0.0185310207307,"dmean2":0.0312763974071,"dvar":0.00039124142495,"dvar2":0.00109004438855,"max":0.499999850988,"mean":0.458793133497,"median":0.466189026833,"min":0.219881549478,"var":0.000915801269002},"dynamic_complexity":3.40060591698,"erbbands":{"dmean":[0.017349049449,0.402967691422,1.60637795925,5.97466516495,5.00725221634,3.49470543861,2.97032237053,4.92649745941,5.38176059723,5.38373470306,2.80300998688,5.55937337875,11.0566501617,5.29686737061,12.8034915924,25.0625762939,12.8354625702,9.24629878998,10.705083847,9.7525138855,5.69523572922,5.12928915024,7.6463804245,13.3027715683,21.2502117157,11.7508087158,4.28220701218,0.879088401794,0.712804675102,0.556473731995,0.259225815535,0.183630049229,0.166921153665,0.147962883115,0.0362275317311,0.00676420936361,0.00114837859292,0.000123667152366,0.00000980243930826,0.00000642258964945],"dmean2":[0.0273996666074,0.66342073679,2.52804851532,9.1094493866,7.98410415649,5.43456745148,4.53918981552,7.36229705811,8.26389694214,7.69419574738,4.09725189209,7.85950756073,16.4003047943,7.91536426544,17.8286685944,34.7903900146,17.3768863678,14.4236078262,16.0713500977,14.7702026367,8.47552585602,7.51573944092,11.4117183685,19.3909416199,30.8442001343,17.4512042999,6.48623609543,1.36796724796,1.13812375069,0.884119093418,0.411537140608,0.287986159325,0.260986834764,0.237935915589,0.054492328316,0.0104427738115,0.00187841546722,0.000206561904633,0.0000165230667335,0.0000096409166872],"dvar":[0.00131837325171,0.87440007925,10.3647756577,193.289871216,105.058830261,38.5374984741,24.9212093353,79.2387542725,91.1583175659,142.626556396,40.0181465149,162.023986816,427.547729492,230.653030396,1641.26245117,3709.56567383,2028.55285645,350.779388428,926.215698242,675.085876465,249.515136719,191.881256104,259.352966309,811.020507812,1665.76147461,679.137268066,160.994430542,3.18524098396,3.00382137299,2.27667164803,0.344396829605,0.297951191664,0.701297104359,2.63165926933,0.0526621751487,0.00156126031652,0.0000439112627646,1.38173916753e-7,4.30096180892e-10,8.28130689023e-11],"dvar2":[0.00353007786907,2.84530043602,24.9115905762,425.425018311,265.941986084,92.3097229004,58.4824485779,180.897903442,200.333770752,298.79901123,86.1059951782,315.217803955,906.182739258,516.581237793,3413.37548828,6940.03613281,3410.10791016,790.54864502,1814.07128906,1406.50683594,522.203613281,377.64956665,573.443908691,1605.55786133,3284.30981445,1467.42236328,386.983428955,7.72839260101,7.46248531342,5.57266998291,0.791342377663,0.596123337746,1.51421034336,7.05076313019,0.10371516645,0.00316599220969,0.000107118270535,3.37272069828e-7,1.15378029353e-9,1.83537074427e-10],"max":[0.700913608074,13.9227561951,52.4482154846,212.861862183,170.592086792,121.758056641,93.9133453369,171.952529907,193.927612305,394.327423096,134.219650269,357.591552734,448.363372803,409.555664062,789.38885498,1541.78564453,1306.00061035,368.066589355,740.149230957,637.07409668,500.772369385,406.267913818,466.48147583,1089.34887695,899.714660645,712.451660156,551.214477539,73.9063034058,75.7122573853,51.2372817993,15.1064577103,22.3790283203,54.0547561646,86.598236084,10.1496124268,2.07230019569,0.414757937193,0.0157063733786,0.000550926546566,0.000133613240905],"mean":[0.0416689030826,0.822290480137,3.64597606659,12.4657096863,10.2933835983,7.15363883972,6.30183029175,10.1566209793,9.94615745544,9.80709838867,5.19059324265,10.895778656,22.2705059052,10.1562433243,27.8279018402,73.3846740723,32.5641517639,21.1097660065,21.7621688843,18.4018535614,11.8600702286,11.4840288162,19.3358325958,35.0565567017,60.4485626221,32.4194068909,9.87199211121,1.7046598196,1.01921010017,0.736166715622,0.361370116472,0.265158355236,0.242207020521,0.177797690034,0.0516500882804,0.00925133191049,0.00140445062425,0.000165445700986,0.0000251368073805,0.0000283359131572],"median":[0.00791043043137,0.188450813293,1.22273743153,4.02994632721,4.24870204926,3.51307821274,3.60286831856,5.12445259094,4.69359207153,3.15735912323,1.97025918961,3.90447616577,7.4582233429,4.71404457092,5.04908418655,6.37875556946,3.9938147068,8.16961479187,6.79077148438,5.59323072433,3.9512963295,4.48843860626,7.40574645996,15.1449680328,18.5391616821,10.9098339081,4.05326938629,0.957663714886,0.406443923712,0.241332858801,0.142088681459,0.0973002910614,0.0702362731099,0.0307252965868,0.0118938228115,0.002242192626,0.000409815140301,0.0000757484085625,0.0000206909462577,0.0000260909255303],"min":[6.70291766396e-23,3.38666241252e-22,1.47266573271e-21,5.16936062888e-21,1.37715393791e-20,2.37646598918e-20,5.15532141903e-20,3.93793806267e-20,1.15407334335e-19,1.86322678547e-19,1.55804754575e-19,4.59749517698e-19,6.67785803646e-19,7.42813773542e-19,7.72552726021e-19,1.40318069767e-18,8.99953481304e-19,1.46148597071e-18,2.34342045975e-18,2.74612444878e-18,3.70931113162e-18,4.97584872653e-18,5.14287634454e-18,4.73432687692e-18,7.74933568958e-18,9.26895498317e-18,8.40482090393e-18,1.01708821174e-17,1.00359821944e-17,1.15626548571e-17,1.08529190022e-17,9.06950023079e-18,9.50792746214e-18,7.5902299803e-18,5.92143817582e-18,4.19357326789e-18,2.45821637836e-18,9.40090042383e-19,2.24514861124e-19,2.46083760386e-20],"var":[0.00645322958007,2.07438278198,29.5942974091,481.956329346,261.782714844,112.914794922,68.6385345459,216.936294556,224.562438965,361.862854004,96.019203186,440.354644775,1336.91259766,437.022583008,4700.59716797,26978.453125,10206.6064453,1200.10314941,3029.0625,1709.48046875,718.897399902,628.964538574,1263.61535645,3186.8449707,8734.37792969,3147.96826172,509.547454834,5.80166339874,3.45011472702,2.7914788723,0.47774720192,0.502807676792,1.09245228767,2.50410532951,0.088865108788,0.00313945719972,0.0000560605294595,1.79767738473e-7,5.1306014992e-10,3.97323396406e-10]},"erbbands_crest":{"dmean":2.59029555321,"dmean2":4.01346635818,"dvar":6.04303503036,"dvar2":13.6778945923,"max":33.5146751404,"mean":11.2410268784,"median":10.0677547455,"min":2.49968147278,"var":28.0285320282},"erbbands_flatness_db":{"dmean":0.016948653385,"dmean2":0.0244405642152,"dvar":0.000302543397993,"dvar2":0.00059705163585,"max":0.415944933891,"mean":0.208072662354,"median":0.201730817556,"min":0.0259227920324,"var":0.00336241954938},"erbbands_kurtosis":{"dmean":1.08292531967,"dmean2":1.69247674942,"dvar":5.73187112808,"dvar2":14.4698543549,"max":64.9230499268,"mean":0.701205015182,"median":-0.0806419849396,"min":-1.89403557777,"var":10.897808075},"erbbands_skewness":{"dmean":0.366530120373,"dmean2":0.538590788841,"dvar":0.161837682128,"dvar2":0.349782586098,"max":6.79515838623,"mean":0.109666414559,"median":0.0410336256027,"min":-4.2101893425,"var":1.19995355606},"erbbands_spread":{"dmean":7.19844770432,"dmean2":10.9142513275,"dvar":79.235168457,"dvar2":173.2550354,"max":152.938659668,"mean":36.1686782837,"median":33.6075592041,"min":1.32151973248,"var":333.011383057},"gfcc":{"cov":[[27773.4296875,2752.04296875,-3452.36547852,1706.21411133,-1258.4831543,-207.747467041,-893.049499512,-137.73147583,-1148.91845703,-340.98248291,21.9306221008,-494.736724854,-212.402999878],[2752.04296875,1278.11901855,293.552978516,419.25100708,63.0218315125,-172.876235962,-71.1438674927,-205.065444946,8.63288116455,-202.07585144,-140.604095459,-116.131278992,-124.215652466],[-3452.36547852,293.552978516,1720.49291992,342.150360107,230.637435913,9.47050857544,-36.9745483398,-115.814285278,267.325286865,-146.834671021,-266.505249023,31.9856586456,-139.431564331],[1706.21411133,419.25100708,342.150360107,737.563964844,87.0935745239,-129.7993927,-181.25302124,-124.294898987,-23.457151413,-170.624954224,-104.218070984,-49.4812202454,-129.887985229],[-1258.4831543,63.0218315125,230.637435913,87.0935745239,381.297729492,88.1172027588,135.658370972,16.4191665649,54.2284469604,-37.6638145447,-24.7333469391,-39.1739120483,1.58459079266],[-207.747467041,-172.876235962,9.47050857544,-129.7993927,88.1172027588,352.417449951,171.033828735,11.0323076248,-26.2545051575,25.6184310913,-10.17000103,-24.3279781342,0.626462578773],[-893.049499512,-71.1438674927,-36.9745483398,-181.25302124,135.658370972,171.033828735,272.821289062,47.4718933105,-7.01336431503,34.5025253296,56.5920066833,-20.1807003021,37.5233039856],[-137.73147583,-205.065444946,-115.814285278,-124.294898987,16.4191665649,11.0323076248,47.4718933105,298.507843018,52.2750053406,47.0447883606,28.8971195221,10.2847805023,97.2901382446],[-1148.91845703,8.63288116455,267.325286865,-23.457151413,54.2284469604,-26.2545051575,-7.01336431503,52.2750053406,267.85369873,-7.13896274567,-131.331100464,49.8425788879,-25.016746521],[-340.98248291,-202.07585144,-146.834671021,-170.624954224,-37.6638145447,25.6184310913,34.5025253296,47.0447883606,-7.13896274567,186.017379761,108.716583252,9.47683238983,46.6413574219],[21.9306221008,-140.604095459,-266.505249023,-104.218070984,-24.7333469391,-10.17000103,56.5920066833,28.8971195221,-131.331100464,108.716583252,247.284011841,17.9447345734,68.1282119751],[-494.736724854,-116.131278992,31.9856586456,-49.4812202454,-39.1739120483,-24.3279781342,-20.1807003021,10.2847805023,49.8425788879,9.47683238983,17.9447345734,121.239830017,22.1495933533],[-212.402999878,-124.215652466,-139.431564331,-129.887985229,1.58459079266,0.626462578773,37.5233039856,97.2901382446,-25.016746521,46.6413574219,68.1282119751,22.1495933533,161.394790649]],"icov":[[0.00059438747121,-0.001622845768,0.00138598796912,-0.00154714274686,0.00154033699073,-0.00180572818499,0.0011911704205,-0.00140277191531,0.00141408457421,-0.000813855323941,0.000928717898205,-0.000357380165951,0.000157444606884],[-0.001622845768,0.00577543629333,-0.00382350129075,0.00380739243701,-0.00401537073776,0.00566763384268,-0.00387589703314,0.00455163465813,-0.00424693245441,0.00308308308013,-0.00252558314241,0.00225997460075,-0.000548333278857],[0.00138598796912,-0.00382350129075,0.00412301952019,-0.00390226719901,0.00322136539035,-0.00432636775076,0.00275380397215,-0.00301109999418,0.00268860231154,-0.00191175122745,0.00258520594798,-0.00123214372434,0.00050985411508],[-0.00154714274686,0.00380739243701,-0.00390226719901,0.00690487446263,-0.00516897346824,0.00480747735128,-0.0010023387149,0.00344661716372,-0.00289655150846,0.00344299385324,-0.00286445720121,0.00120366050396,0.000867380527779],[0.00154033699073,-0.00401537073776,0.00322136539035,-0.00516897346824,0.00845654401928,-0.00496013928205,0.000522317306604,-0.00346662849188,0.00214280351065,-0.00131837266963,0.00163602817338,0.000689041567966,-0.000607673602644],[-0.00180572818499,0.00566763384268,-0.00432636775076,0.00480747735128,-0.00496013928205,0.0106754498556,-0.00695535959676,0.00450593465939,-0.00255715707317,0.00156092247926,-0.000427544931881,0.00111836974975,0.000204630894586],[0.0011911704205,-0.00387589703314,0.00275380397215,-0.0010023387149,0.000522317306604,-0.00695535959676,0.0112232631072,-0.00336290546693,0.00202222634107,-0.000351613241946,-0.0010812364053,0.000215116830077,0.000438657210907],[-0.00140277191531,0.00455163465813,-0.00301109999418,0.00344661716372,-0.00346662849188,0.00450593465939,-0.00336290546693,0.00845348276198,-0.00544255925342,0.00235722470097,-0.00268097803928,0.00237617641687,-0.0031872165855],[0.00141408457421,-0.00424693245441,0.00268860231154,-0.00289655150846,0.00214280351065,-0.00255715707317,0.00202222634107,-0.00544255925342,0.0125870900229,-0.00538214575499,0.00828002858907,-0.00558588420972,0.00216142321005],[-0.000813855323941,0.00308308308013,-0.00191175122745,0.00344299385324,-0.00131837266963,0.00156092247926,-0.000351613241946,0.00235722470097,-0.00538214575499,0.011845077388,-0.00720407254994,0.00363796274178,-0.000626884866506],[0.000928717898205,-0.00252558314241,0.00258520594798,-0.00286445720121,0.00163602817338,-0.000427544931881,-0.0010812364053,-0.00268097803928,0.00828002858907,-0.00720407254994,0.0128085510805,-0.00466446438804,-0.000341613427736],[-0.000357380165951,0.00225997460075,-0.00123214372434,0.00120366050396,0.000689041567966,0.00111836974975,0.000215116830077,0.00237617641687,-0.00558588420972,0.00363796274178,-0.00466446438804,0.0131328534335,-0.00207077246159],[0.000157444606884,-0.000548333278857,0.00050985411508,0.000867380527779,-0.000607673602644,0.000204630894586,0.000438657210907,-0.0031872165855,0.00216142321005,-0.000626884866506,-0.000341613427736,-0.00207077246159,0.00988874956965]],"mean":[-73.1106109619,111.240921021,-135.414276123,42.7105293274,-45.4965248108,-0.404128044844,-25.6958332062,4.6539888382,-33.2030067444,-2.57703781128,-4.12574958801,-14.3462095261,-6.39825344086]},"hfc":{"dmean":3.40903091431,"dmean2":4.76334667206,"dvar":18.9950485229,"dvar2":35.5199394226,"max":89.2288284302,"mean":17.7916202545,"median":13.1275949478,"min":1.0797389706e-16,"var":217.049926758},"melbands":{"dmean":[0.000283789588138,0.000727135746274,0.000972124340478,0.000266635150183,0.000112507077574,0.000109148990305,0.0000800904235803,0.0000508661432832,0.0000247127827606,0.0000387939580833,0.0000546336414118,0.0000209857444133,0.0000348417488567,0.0000707750878064,0.0000539637294423,0.0000205831056519,0.0000195013217308,0.0000183567080967,0.0000146384263644,0.0000105536000774,0.00000748268121242,0.00000549876949663,0.00000765410004533,0.00000848975560075,0.000011793392332,0.0000226627616939,0.0000114639778985,0.00000737357231628,0.00000417224191551,7.88535089669e-7,4.67811020144e-7,4.15398631048e-7,3.95258837216e-7,2.85983787762e-7,1.5545089127e-7,1.21958677823e-7,1.14416742747e-7,1.13432953697e-7,1.44948089087e-7,1.2106495717e-7],"dmean2":[0.000458670954686,0.00117200741079,0.00147906900384,0.000417395931436,0.000171405539731,0.000163123011589,0.000121420154755,0.0000732645858079,0.0000363948965969,0.0000547489435121,0.0000810937781353,0.0000315869910992,0.0000508880257257,0.0000992956847767,0.000072814473242,0.0000284013858618,0.0000303094293486,0.0000278176758002,0.0000219499725063,0.0000156402948051,0.00001132176385,0.00000831764918985,0.0000114876193038,0.0000129143918457,0.0000174970627995,0.000033202348277,0.000017164813471,0.0000112014386104,0.00000644015108264,0.00000125195401779,7.4041275866e-7,6.71800989949e-7,6.31537488971e-7,4.57826871525e-7,2.49469167102e-7,1.94469961912e-7,1.80742574685e-7,1.78959908226e-7,2.28706468874e-7,1.9723424316e-7],"dvar":[4.08476296343e-7,0.00000203900344786,0.00000442676946477,2.17935479441e-7,3.69311763393e-8,3.5210927507e-8,1.93004030535e-8,1.32454225366e-8,3.20794568687e-9,7.15909287408e-9,1.04253885524e-8,3.89515397714e-9,1.4044776897e-8,3.14055839112e-8,2.37247803625e-8,5.13276487979e-9,1.63063929026e-9,2.50894438558e-9,1.29873145571e-9,1.0440848186e-9,4.218824734e-10,2.47053683067e-10,4.56407051042e-10,2.860569559e-10,8.07449440643e-10,2.12008721689e-9,4.90964435773e-10,3.0860483613e-10,1.87316134825e-10,2.65909494944e-12,1.05235199895e-12,9.72744454431e-13,1.04168236537e-12,6.36031537767e-13,1.17412237701e-13,1.1121360316e-13,1.34954845693e-13,1.64316924325e-13,1.81996019817e-12,2.14018017718e-12],"dvar2":[0.00000123737686408,0.00000555165615879,0.00000995046684693,5.25248026406e-7,8.57254889297e-8,8.02400279554e-8,4.22061461336e-8,2.86229866475e-8,6.81581013851e-9,1.35062698803e-8,2.20538431961e-8,8.80167672079e-9,3.1007012069e-8,5.99735940909e-8,4.12448066811e-8,9.37863742223e-9,3.65660546287e-9,5.10296516154e-9,2.55442067498e-9,2.22702212227e-9,8.94738505508e-10,5.198879105e-10,1.00917518786e-9,6.07796035723e-10,1.64239166711e-9,4.32196367584e-9,1.06525355204e-9,6.69021060773e-10,4.5654413583e-10,6.40803469315e-12,2.52871313298e-12,2.41891988211e-12,2.58997771146e-12,1.55032833359e-12,2.76391024867e-13,2.34291210564e-13,2.7197829492e-13,3.35601582331e-13,4.55226915191e-12,5.80008957529e-12],"max":[0.0107925012708,0.0200643800199,0.0290636382997,0.00990460533649,0.00408308766782,0.0033964549657,0.00253401207738,0.00356924231164,0.0013709171908,0.00194217683747,0.00224706856534,0.00166406668723,0.00228432449512,0.00375372800045,0.00550964102149,0.0024250538554,0.000804182840511,0.00108064676169,0.000794380146544,0.00117265165318,0.000705057289451,0.000384370592656,0.00056990730809,0.000544934708159,0.00110674160533,0.00101937167346,0.000542873342056,0.000491259037517,0.00061398971593,0.0000496491848025,0.0000418407216785,0.0000419513271481,0.0000376974967367,0.0000293553148367,0.00000836259914649,0.000016074953237,0.0000146742213474,0.0000224970463023,0.000086425592599,0.0000843774905661],"mean":[0.000610336544923,0.00166841165628,0.00211284472607,0.000570880540181,0.000248775933869,0.00023079267703,0.000152251770487,0.0000911974857445,0.0000434052453784,0.0000771340055508,0.00010909003322,0.0000355314623448,0.0000637046177872,0.000211239603232,0.000125589009258,0.0000430735490227,0.0000393833324779,0.0000349354486389,0.0000267792784143,0.0000181904197234,0.0000135271811814,0.0000102283320302,0.0000163337517733,0.00001960651025,0.0000252101363003,0.000056373730331,0.0000303803881252,0.0000183409738383,0.00000847570117912,0.00000135644177135,7.30775980173e-7,5.65853099488e-7,5.10824577304e-7,3.64915081263e-7,2.07695293852e-7,1.67130394857e-7,1.60379471481e-7,1.6461103769e-7,1.81070475946e-7,1.38892445989e-7],"median":[0.00011507927411,0.000548328855075,0.000780443020631,0.000315950950608,0.000135040900204,0.000119272299344,0.0000721487231203,0.0000290679672617,0.0000138132782013,0.0000256959083345,0.0000362780119758,0.0000122087476484,0.0000105355957203,0.0000120735749078,0.00000929379530135,0.00000596433483224,0.0000126221793835,0.00000737523077987,0.00000775957778387,0.00000432747765444,0.00000420293554271,0.00000378328513762,0.00000524588904227,0.00000650071251584,0.00000886561792868,0.0000145353678818,0.00000852250923344,0.00000632446790405,0.00000275321281151,7.3211850804e-7,3.24794029893e-7,2.16994266111e-7,1.60663375937e-7,1.12363892413e-7,7.56026850013e-8,6.45937348054e-8,4.9907910693e-8,4.83035371701e-8,3.56580933669e-8,1.99857126404e-8],"min":[9.46288156834e-25,8.08623843049e-25,1.29266287943e-24,1.48219667128e-24,1.72174907629e-24,8.14911261679e-25,1.80572233357e-24,2.09415670179e-24,1.11667668894e-24,3.04578091101e-24,2.57970808314e-24,1.89960920585e-24,2.06418334005e-24,2.86698657291e-24,2.72697638401e-24,1.88489556947e-24,1.8570434547e-24,3.45419905076e-24,3.44794259492e-24,2.40599617864e-24,3.19740648509e-24,4.03433643236e-24,3.09731088306e-24,4.19142979859e-24,2.54566242419e-24,4.66771798075e-24,5.40163709051e-24,4.89705443983e-24,4.14607147983e-24,4.47892423904e-24,5.66388009338e-24,5.90460297077e-24,4.72789662934e-24,4.13929595352e-24,5.10766255215e-24,5.49606374086e-24,5.13760297895e-24,5.85106850315e-24,5.59335474517e-24,6.51846376163e-24],"var":[0.00000133982473471,0.00000584763938605,0.000011505011571,5.79336699502e-7,1.21701006606e-7,1.03111858607e-7,4.91226188615e-8,3.15658823524e-8,7.84654741182e-9,2.21997051852e-8,3.28192051313e-8,6.84667167405e-9,3.36984484761e-8,2.43400847921e-7,1.13306050764e-7,1.77105317078e-8,4.91805662861e-9,8.88861872994e-9,3.30186677999e-9,2.51230725112e-9,1.02316644046e-9,5.81770354113e-10,1.58908231018e-9,1.20671472814e-9,2.37593456021e-9,9.6161594243e-9,2.47937381737e-9,1.14658382788e-9,5.29414345696e-10,4.4772918012e-12,1.55844976681e-12,1.09584834696e-12,1.20617198954e-12,7.8705374466e-13,1.59502714313e-13,1.54799729892e-13,2.32602972257e-13,2.94184110666e-13,2.05666842064e-12,1.8375132145e-12]},"melbands_crest":{"dmean":2.93868136406,"dmean2":4.6151638031,"dvar":8.06701469421,"dvar2":20.1648330688,"max":33.2183265686,"mean":14.9768400192,"median":14.0778160095,"min":1.53158736229,"var":37.2731513977},"melbands_flatness_db":{"dmean":0.0246666334569,"dmean2":0.0364273674786,"dvar":0.000790767546277,"dvar2":0.00152316782624,"max":0.571204006672,"mean":0.237217113376,"median":0.227111116052,"min":0.00261316727847,"var":0.00749675184488},"melbands_kurtosis":{"dmean":8.50647163391,"dmean2":12.9441699982,"dvar":387.697021484,"dvar2":883.355895996,"max":557.367004395,"mean":17.4405384064,"median":5.94378709793,"min":-1.84740352631,"var":1049.44641113},"melbands_skewness":{"dmean":0.720744669437,"dmean2":1.0761910677,"dvar":0.87096786499,"dvar2":1.83733582497,"max":19.6235218048,"mean":2.63597416878,"median":2.19510197639,"min":-2.9693570137,"var":4.70449638367},"melbands_spread":{"dmean":6.7804889679,"dmean2":10.1068868637,"dvar":72.9017181396,"dvar2":149.484848022,"max":196.891952515,"mean":28.4509677887,"median":21.8948173523,"min":0.349555134773,"var":630.387756348},"mfcc":{"cov":[[11077.1308594,968.930908203,-711.975036621,1057.4263916,-87.9714050293,-142.838485718,150.863708496,-216.305923462,-682.423400879,-247.017654419,-310.767547607,-108.685523987,81.6690444946],[968.930908203,1283.39074707,291.333618164,391.713378906,95.2156677246,118.970596313,-75.5277862549,43.5668296814,17.4702758789,-14.6951971054,-1.78527438641,-40.7338752747,-90.8693618774],[-711.975036621,291.333618164,1099.41882324,298.69052124,185.180969238,197.377456665,-265.083557129,117.413505554,121.870704651,-108.198204041,72.4413452148,-14.2291154861,-130.291748047],[1057.4263916,391.713378906,298.69052124,683.826965332,221.394302368,12.4483299255,-150.153533936,54.0868263245,-48.5219535828,-90.4272689819,-28.5072345734,-3.6646399498,-37.5163154602],[-87.9714050293,95.2156677246,185.180969238,221.394302368,257.025756836,23.6627979279,-13.5152997971,67.9785385132,65.8098526001,13.3765497208,-2.20822501183,-13.185213089,-24.8431854248],[-142.838485718,118.970596313,197.377456665,12.4483299255,23.6627979279,362.272155762,9.00012302399,54.0582847595,3.9476082325,7.00612401962,31.7094917297,-38.3888626099,-38.7248497009],[150.863708496,-75.5277862549,-265.083557129,-150.153533936,-13.5152997971,9.00012302399,495.084533691,-44.5295143127,-60.2217407227,102.432807922,-50.6442451477,6.16701507568,114.26348114],[-216.305923462,43.5668296814,117.413505554,54.0868263245,67.9785385132,54.0582847595,-44.5295143127,220.577331543,117.918190002,16.1877746582,38.6323852539,-33.8431587219,-79.7574462891],[-682.423400879,17.4702758789,121.870704651,-48.5219535828,65.8098526001,3.9476082325,-60.2217407227,117.918190002,252.92918396,94.8375320435,33.7380714417,-22.1092243195,-71.5398712158],[-247.017654419,-14.6951971054,-108.198204041,-90.4272689819,13.3765497208,7.00612401962,102.432807922,16.1877746582,94.8375320435,182.387771606,31.770860672,-26.1389274597,-2.36728477478],[-310.767547607,-1.78527438641,72.4413452148,-28.5072345734,-2.20822501183,31.7094917297,-50.6442451477,38.6323852539,33.7380714417,31.770860672,137.099151611,31.9147472382,-43.203037262],[-108.685523987,-40.7338752747,-14.2291154861,-3.6646399498,-13.185213089,-38.3888626099,6.16701507568,-33.8431587219,-22.1092243195,-26.1389274597,31.9147472382,136.733795166,59.5868759155],[81.6690444946,-90.8693618774,-130.291748047,-37.5163154602,-24.8431854248,-38.7248497009,114.26348114,-79.7574462891,-71.5398712158,-2.36728477478,-43.203037262,59.5868759155,184.452651978]],"icov":[[0.000155972331413,-0.000067896238761,0.000125200720504,-0.000298835482681,0.000193384941667,0.0000224243922275,-0.0000503056980961,-0.0000280023214145,0.000272218108876,-0.00000400019280278,0.000147660437506,0.000102060177596,0.0000821019202704],[-0.000067896238761,0.00106661615428,-0.000158671158715,-0.000608923262917,0.000311401207,-0.000275905447779,-0.000140336633194,0.00022575406183,-0.000350487069227,-0.00016941393551,0.00000603483522355,0.0000024365315312,0.000350675662048],[0.000125200720504,-0.000158671158715,0.00174559350125,-0.000579974614084,-0.000479357840959,-0.000766865559854,0.000166525380337,0.000411170884036,-0.00101910589729,0.00154326227494,-0.000757624336984,0.00027603295166,0.000188461432117],[-0.000298835482681,-0.000608923262917,-0.000579974614084,0.00389372510836,-0.00299631920643,0.000402415229473,0.00105503888335,-0.000903478241526,0.00160201941617,-0.000239389191847,0.000722648575902,-0.000721698685084,-0.000128026222228],[0.000193384941667,0.000311401207,-0.000479357840959,-0.00299631920643,0.00729257334024,-0.0000187457935681,-0.00103396957275,-0.000496365479194,-0.00159223272931,-0.000579613086302,0.000358906632755,0.000341487815604,-0.000127325838548],[0.0000224243922275,-0.000275905447779,-0.000766865559854,0.000402415229473,-0.0000187457935681,0.00353770866059,-0.000286778871669,-0.000906789733563,0.0011642719619,-0.000533423852175,-0.000508131284732,0.000866273185238,-0.0000340869264619],[-0.0000503056980961,-0.000140336633194,0.000166525380337,0.00105503888335,-0.00103396957275,-0.000286778871669,0.00355209386908,-0.000907650508452,0.00192768371198,-0.00265789614059,0.00152820290532,-0.000615419645328,-0.00123672233894],[-0.0000280023214145,0.00022575406183,0.000411170884036,-0.000903478241526,-0.000496365479194,-0.000906789733563,-0.000907650508452,0.00790640432388,-0.00439372379333,0.00257888878696,-0.00230896193534,0.0015376888914,0.00124549935572],[0.000272218108876,-0.000350487069227,-0.00101910589729,0.00160201941617,-0.00159223272931,0.0011642719619,0.00192768371198,-0.00439372379333,0.0107226055115,-0.00641353568062,0.00291325477883,-0.00181975332089,0.00159542600159],[-0.00000400019280278,-0.00016941393551,0.00154326227494,-0.000239389191847,-0.000579613086302,-0.000533423852175,-0.00265789614059,0.00257888878696,-0.00641353568062,0.012282513082,-0.00492903962731,0.0036009948235,-0.00111634877976],[0.000147660437506,0.00000603483522355,-0.000757624336984,0.000722648575902,0.000358906632755,-0.000508131284732,0.00152820290532,-0.00230896193534,0.00291325477883,-0.00492903962731,0.0122207002714,-0.00541791552678,0.00322524970397],[0.000102060177596,0.0000024365315312,0.00027603295166,-0.000721698685084,0.000341487815604,0.000866273185238,-0.000615419645328,0.0015376888914,-0.00181975332089,0.0036009948235,-0.00541791552678,0.0116749592125,-0.00442193401977],[0.0000821019202704,0.000350675662048,0.000188461432117,-0.000128026222228,-0.000127325838548,-0.0000340869264619,-0.00123672233894,0.00124549935572,0.00159542600159,-0.00111634877976,0.00322524970397,-0.00442193401977,0.00973367877305]],"mean":[-700.161315918,130.848022461,-21.3748378754,42.9020690918,1.88976800442,-1.25058877468,16.7779026031,-2.92184329033,-9.32385253906,7.29334115982,-5.27156925201,-6.67839479446,-0.830598115921]},"pitch_salience":{"dmean":0.0633255913854,"dmean2":0.100894674659,"dvar":0.00347462110221,"dvar2":0.0085872747004,"max":0.848187088966,"mean":0.5133857131,"median":0.510359823704,"min":0.12806391716,"var":0.015075054951},"silence_rate_20dB":{"dmean":0,"dmean2":0,"dvar":0,"dvar2":0,"max":1,"mean":1,"median":1,"min":1,"var":0},"silence_rate_30dB":{"dmean":0.000800533685833,"dmean2":0.00160128099378,"dvar":0.000799796776846,"dvar2":0.00213264604099,"max":1,"mean":0.999466359615,"median":1,"min":0,"var":0.000533306447323},"silence_rate_60dB":{"dmean":0.0160106737167,"dmean2":0.0320256203413,"dvar":0.0157556347549,"dvar2":0.035000693053,"max":1,"mean":0.0991195291281,"median":0,"min":0,"var":0.089296489954},"spectral_centroid":{"dmean":244.487838745,"dmean2":355.006835938,"dvar":92808.5078125,"dvar2":179825.15625,"max":11854.3652344,"mean":1820.10546875,"median":1741.82202148,"min":149.030914307,"var":2225994.25},"spectral_complexity":{"dmean":2.25430297852,"dmean2":3.45262885094,"dvar":6.99363327026,"dvar2":14.5920801163,"max":48,"mean":13.831243515,"median":14,"min":0,"var":59.6058235168},"spectral_contrast_coeffs":{"dmean":[0.0466467700899,0.0432307943702,0.0379511676729,0.0304547473788,0.0237261746079,0.0165797956288],"dmean2":[0.0768025293946,0.0705606043339,0.059652980417,0.0472680218518,0.0357505567372,0.0261047556996],"dvar":[0.00160064268857,0.0012600881746,0.00110540329479,0.000676032097545,0.000485529628349,0.000225660274737],"dvar2":[0.00413089571521,0.00326672964729,0.00244170869701,0.00148869189434,0.000942021841183,0.000508247525431],"max":[-0.361212790012,-0.332329452038,-0.386377632618,-0.492348074913,-0.530562281609,-0.635946512222],"mean":[-0.632646381855,-0.707095563412,-0.710096895695,-0.740843176842,-0.738536536694,-0.765088558197],"median":[-0.614155709743,-0.711659252644,-0.726044416428,-0.748525738716,-0.74094414711,-0.75819170475],"min":[-0.98471480608,-0.978610932827,-0.97685366869,-0.972621679306,-0.966775476933,-0.966226518154],"var":[0.0126514416188,0.00788634456694,0.0114716971293,0.00677443481982,0.00664080027491,0.00264080287889]},"spectral_contrast_valleys":{"dmean":[0.412675976753,0.357422888279,0.314074009657,0.271247029305,0.240112960339,0.315959692001],"dmean2":[0.666988909245,0.579889118671,0.498961508274,0.419882118702,0.350539892912,0.45324665308],"dvar":[0.134720340371,0.104788243771,0.0988175868988,0.0823261216283,0.0834942385554,0.162739992142],"dvar2":[0.305270254612,0.237714603543,0.20786254108,0.157845512033,0.150585085154,0.328730195761],"max":[-5.46551179886,-5.27315616608,-6.04712057114,-6.18397045135,-5.76184129715,-8.07215118408],"mean":[-8.07079315186,-7.8769364357,-8.45843410492,-8.76928329468,-8.23205757141,-11.437040329],"median":[-7.45755243301,-7.25500154495,-8.0043182373,-8.26567649841,-7.65728902817,-11.1539640427],"min":[-28.0913696289,-28.0344696045,-27.8748474121,-27.6669788361,-27.5053443909,-27.4609336853],"var":[8.05139446259,7.99612998962,7.13646030426,6.9828748703,7.45340251923,5.21101522446]},"spectral_decrease":{"dmean":1.42830569594e-9,"dmean2":2.15678697124e-9,"dvar":4.80176443072e-18,"dvar2":1.06706050865e-17,"max":1.42245961836e-16,"mean":-5.70287017609e-9,"median":-4.9002033542e-9,"min":-3.19111137514e-8,"var":2.0160136879e-17},"spectral_energy":{"dmean":0.00557683454826,"dmean2":0.00839765369892,"dvar":0.000069710345997,"dvar2":0.00015465526667,"max":0.122383080423,"mean":0.0231376886368,"median":0.0204304661602,"min":1.01273984217e-20,"var":0.000305700930767},"spectral_energyband_high":{"dmean":0.000177431516931,"dmean2":0.000270452408586,"dvar":1.53007590598e-7,"dvar2":3.43790446777e-7,"max":0.0152985621244,"mean":0.000389727356378,"median":0.000193196174223,"min":7.05902363821e-21,"var":4.55332298088e-7},"spectral_energyband_low":{"dmean":0.00379158253781,"dmean2":0.00595539063215,"dvar":0.000055684511608,"dvar2":0.000128373852931,"max":0.105941265821,"mean":0.00963518302888,"median":0.00419007986784,"min":1.37180734162e-23,"var":0.000197565022972},"spectral_energyband_middle_high":{"dmean":0.0013458536705,"dmean2":0.00187769008335,"dvar":0.00000362158789358,"dvar2":0.00000650052061246,"max":0.0454026162624,"mean":0.00621942942962,"median":0.00338289840147,"min":1.16425863068e-21,"var":0.0000439682298747},"spectral_energyband_middle_low":{"dmean":0.00345894298516,"dmean2":0.00517801335081,"dvar":0.0000331079609168,"dvar2":0.0000772116327425,"max":0.0869234725833,"mean":0.0100447796285,"median":0.00726020336151,"min":1.63791984923e-22,"var":0.000102500511275},"spectral_entropy":{"dmean":0.174759045243,"dmean2":0.255128413439,"dvar":0.0398345775902,"dvar2":0.0789118185639,"max":9.82373714447,"mean":7.09579753876,"median":7.13482666016,"min":5.05623149872,"var":0.380619287491},"spectral_flux":{"dmean":0.021271487698,"dmean2":0.0337660200894,"dvar":0.000563951558433,"dvar2":0.00139963719994,"max":0.254254698753,"mean":0.0670400559902,"median":0.0616404376924,"min":6.35376126712e-11,"var":0.00156694080215},"spectral_kurtosis":{"dmean":2.37218689919,"dmean2":4.09968852997,"dvar":6.01535654068,"dvar2":16.6123600006,"max":44.8566055298,"mean":5.41107320786,"median":4.41844844818,"min":-1.26479995251,"var":17.1931610107},"spectral_rms":{"dmean":0.000538254331332,"dmean2":0.000785121810623,"dvar":4.60400087832e-7,"dvar2":9.40474933486e-7,"max":0.010926945135,"mean":0.00433712871745,"median":0.00446454528719,"min":3.14330853013e-12,"var":0.0000037627276015},"spectral_rolloff":{"dmean":400.832641602,"dmean2":678.919128418,"dvar":529593.5,"dvar2":1125155.375,"max":21188.671875,"mean":1973.56262207,"median":1335.05859375,"min":64.599609375,"var":7026696},"spectral_skewness":{"dmean":0.274760901928,"dmean2":0.456735432148,"dvar":0.0695239827037,"dvar2":0.174727678299,"max":5.41648817062,"mean":1.30397450924,"median":1.15892672539,"min":-0.0832761079073,"var":0.438118040562},"spectral_spread":{"dmean":397639.75,"dmean2":610374.75,"dvar":649353560064,"dvar2":1509196824580,"max":53235164,"mean":4012105.75,"median":3160404.25,"min":1531723.875,"var":24803041869800},"spectral_strongpeak":{"dmean":0.680400371552,"dmean2":1.1547472477,"dvar":2.09896492958,"dvar2":5.36919641495,"max":25.2412891388,"mean":1.4755064249,"median":0.675216197968,"min":0,"var":4.18529319763},"zerocrossingrate":{"dmean":0.00796592235565,"dmean2":0.00923629570752,"dvar":0.0000927911023609,"dvar2":0.00011279721366,"max":0.64404296875,"mean":0.0643401071429,"median":0.05615234375,"min":0.0029296875,"var":0.00442578876391}},"metadata":{"audio_properties":{"analysis_sample_rate":44100,"bit_rate":276423,"codec":"mp3","downmix":"mix","equal_loudness":0,"length":174.027755737,"lossless":false,"md5_encoded":"eb2bdaf543374783b39e1cd50993c426","replay_gain":-13.5306682587,"sample_rate":44100},"tags":{"album":["431 # Anthology"],"artist":["Diana Ross & Supremes"],"barcode":["094637724323"],"bpm":["120"],"composer":["Berry Gordy - Brian Holland - Freddie Gorman"],"date":["2001"],"discnumber":["1"],"file_name":"copy2673966898586400217.mp3","genre":[" Rock"],"initialkey":["Em"],"language":["eng"],"musicbrainz_albumid":["0e6cb6e5-44b9-45d0-98f2-84deb2a6d3f5"],"musicbrainz_artistid":["c1aa2ec9-53e7-4d90-8d36-bac75832e986"],"musicbrainz_recordingid":["08988131-2168-48b1-9bed-0649ff5afad4"],"title":["I Want A Guy"],"tracknumber":["1"]},"version":{"essentia":"2.1-beta2","essentia_build_sha":"cead25079874084f62182a551b7393616cd33d87","essentia_git_sha":"v2.1_beta2-1-ge3940c0","extractor":"music 1.0"}},"rhythm":{"beats_count":341,"beats_loudness":{"dmean":0.0236192978919,"dmean2":0.0449257642031,"dvar":0.00041729118675,"dvar2":0.00127343845088,"max":0.11748072505,"mean":0.0339659526944,"median":0.0297138988972,"min":0,"var":0.000510814716108},"beats_loudness_band_ratio":{"dmean":[0.398076534271,0.159757196903,0.137964218855,0.134052678943,0.0835576429963,0.0752758607268],"dmean2":[0.768949151039,0.287509649992,0.265236645937,0.244491174817,0.151615813375,0.133603841066],"dvar":[0.0733800828457,0.0221732500941,0.0126236760989,0.0253102295101,0.00607321131974,0.00653493404388],"dvar2":[0.22204425931,0.0634542703629,0.0366518460214,0.056719109416,0.0178544074297,0.0192216988653],"max":[0.989341676235,0.828974604607,0.952097475529,0.890982508659,0.719363391399,0.427693247795],"mean":[0.483652502298,0.163849756122,0.113278567791,0.138688191772,0.0746345296502,0.0732478275895],"m