{"lowlevel":{"average_loudness":0.478384554386,"barkbands":{"dmean":[0.000175429406227,0.00216070236638,0.00252348510548,0.00216715503484,0.00250353314914,0.000794165418483,0.000715447415132,0.000336769357091,0.000397264346248,0.000214325875277,0.000599451246671,0.000222972303163,0.000122990983073,0.0000813333754195,0.0000852828306961,0.0000709871092113,0.000125719467178,0.000145589903696,0.000203773292014,0.000151886648382,0.000112544519652,0.000242285212153,0.0000340595543094,0.00000825099778012,0.00000158958778229,0.00001941426126,0.000253710109973],"dmean2":[0.000300224928651,0.00342653389089,0.00420705322176,0.00328945321962,0.00382406380959,0.00121419108473,0.00100084871519,0.000498351408169,0.000609585898928,0.000322881096508,0.000909715192392,0.000342347368132,0.000195913919015,0.00012559107563,0.000130328102387,0.000107776046207,0.000187552519492,0.000217328197323,0.000295945821563,0.000228583900025,0.00017027836293,0.000347159279045,0.0000491957071063,0.0000129285936055,0.00000257923716163,0.0000279532396235,0.000337481149472],"dvar":[1.71337021015e-7,0.00002944847256,0.0000374887094949,0.0000276465743809,0.0000320220751746,0.0000054981383073,0.00000345588455275,0.00000102445653738,0.00000198279190045,3.347733184e-7,9.43102236306e-7,2.02895591883e-7,1.84302095363e-7,3.02701614885e-8,3.23175157746e-8,2.48294167449e-8,7.61412977113e-8,2.45969488333e-7,4.02912917252e-7,3.12825676474e-7,1.24720344274e-7,3.53742649395e-7,1.90866060734e-8,1.0864373845e-9,1.05582704038e-11,3.56727070105e-9,1.66445190075e-7],"dvar2":[4.65354077051e-7,0.0000771974882809,0.000102334975963,0.0000640964208287,0.000071575610491,0.0000125472597574,0.00000635244850855,0.00000200014596885,0.00000467059953735,7.11325242264e-7,0.00000205926789931,4.3429059815e-7,4.48824238219e-7,7.28365776581e-8,7.22180075741e-8,4.97155241419e-8,1.66863856066e-7,5.38342078471e-7,8.33610442896e-7,7.51391382892e-7,2.86382430659e-7,7.37742141155e-7,3.74421702531e-8,2.38809128028e-9,2.49852673273e-11,6.95374069437e-9,3.21148064586e-7],"max":[0.00752351852134,0.138336986303,0.112118765712,0.188710123301,0.140848100185,0.0982973352075,0.0410310104489,0.0269961729646,0.0521992444992,0.0141771445051,0.0216661822051,0.0132684279233,0.0152149898931,0.00549980904907,0.00447767740116,0.00774248642847,0.0150171015412,0.0174224320799,0.0149255134165,0.0170132424682,0.00830863881856,0.0156124299392,0.00784476939589,0.000770079146605,0.0000621019280516,0.0025535558816,0.00564696639776],"mean":[0.000172804211616,0.00370492949151,0.00358777283691,0.00366217596456,0.00421895785257,0.00126169389114,0.00162899063434,0.000562700093724,0.000674538081512,0.000339503487339,0.000932303199079,0.00038469125866,0.000180363073014,0.000129122461658,0.00013319044956,0.000105273538793,0.000183281270438,0.00021041216678,0.000288345705485,0.000192516949028,0.000155039437232,0.000296546815662,0.0000454429900856,0.00000934182935453,0.00000167762345882,0.0000271733733825,0.000428095838288],"median":[0.0000276229475276,0.000310264818836,0.000551255943719,0.00142499990761,0.00167995796073,0.000430575746577,0.000342557876138,0.000137900278787,0.000184998236364,0.0000875693294802,0.000455183646409,0.000176268833457,0.0000451368068752,0.0000555583828827,0.0000563589310332,0.0000404553466069,0.0000771884006099,0.0000439181894762,0.0000555378901481,0.0000377997748728,0.0000364869993064,0.0000501343529322,0.000014663809452,0.00000233847390518,4.88690204747e-7,0.00000972976249614,0.00018613532302],"min":[2.30936150661e-24,4.17399794474e-24,1.31355773405e-24,9.53436617142e-25,8.20781294004e-24,1.64232115665e-23,1.49503214818e-23,2.39812737e-23,1.74514728238e-23,1.08789582851e-23,3.00724253143e-23,3.67725239049e-23,4.1761198228e-23,4.20089889047e-23,5.94117905884e-23,7.54941148474e-23,1.04618064296e-22,1.19680410338e-22,1.80264688045e-22,2.31135664628e-22,3.5336061208e-22,4.0651055102e-22,3.84225545992e-22,5.96915724147e-22,1.07051438918e-21,1.29222161351e-21,1.92890198574e-21],"var":[1.69015038409e-7,0.0000621267899987,0.0000577164610149,0.0000509637357027,0.0000617715268163,0.0000100859369923,0.0000151764752445,0.00000238801590058,0.00000387716045225,6.47741956072e-7,0.00000199766031983,4.41938198037e-7,3.20101065654e-7,5.75459466745e-8,5.70776705899e-8,5.19348688499e-8,1.2344985123e-7,5.33710476702e-7,7.81364690283e-7,3.76085580456e-7,1.7651589701e-7,5.04688102865e-7,2.74935096911e-8,1.29056065834e-9,1.28460003052e-11,5.01805308417e-9,3.66075255442e-7]},"barkbands_crest":{"dmean":2.4735956192,"dmean2":3.9547970295,"dvar":4.74011230469,"dvar2":11.7861509323,"max":25.611989975,"mean":9.95570087433,"median":9.36753177643,"min":2.5205180645,"var":12.9122648239},"barkbands_flatness_db":{"dmean":0.0270217619836,"dmean2":0.039392542094,"dvar":0.000512721133418,"dvar2":0.00114947301336,"max":0.357469290495,"mean":0.14334218204,"median":0.137764215469,"min":0.0316728428006,"var":0.00238367216662},"barkbands_kurtosis":{"dmean":4.90302228928,"dmean2":7.50756263733,"dvar":57.9176979065,"dvar2":152.291366577,"max":154.095031738,"mean":8.95255565643,"median":5.31497955322,"min":-1.71824800968,"var":177.913757324},"barkbands_skewness":{"dmean":0.6734842062,"dmean2":0.986056685448,"dvar":0.397822916508,"dvar2":0.856266975403,"max":10.1437196732,"mean":2.12715554237,"median":2.07967233658,"min":-2.17207551003,"var":2.07067656517},"barkbands_spread":{"dmean":8.63089752197,"dmean2":12.2926931381,"dvar":92.4341278076,"dvar2":177.674682617,"max":102.538742065,"mean":24.308095932,"median":18.9187774658,"min":0.986225664616,"var":295.995758057},"dissonance":{"dmean":0.0219798218459,"dmean2":0.0355506390333,"dvar":0.000469367514597,"dvar2":0.00120900059119,"max":0.500000178814,"mean":0.455702006817,"median":0.464090764523,"min":0.176524460316,"var":0.0011730438564},"dynamic_complexity":4.1020655632,"erbbands":{"dmean":[0.040655400604,0.585408747196,2.46940660477,4.94900560379,9.11452198029,8.33799552917,6.8034029007,7.19645357132,5.29959869385,15.8767080307,6.64961147308,8.80016899109,6.08467483521,11.369720459,19.6463737488,7.92641687393,5.53551530838,4.0701508522,4.30484771729,4.23148012161,4.23038911819,6.97736024857,7.79348516464,6.81974363327,13.5240345001,5.99139499664,3.20056676865,5.395860672,8.38722896576,3.84025263786,1.00629162788,0.378765404224,0.0334350392222,0.0180518161505,0.0113215679303,0.00774104567245,0.0481492690742,0.122187197208,0.0305097419769,0.00395009573549],"dmean2":[0.0642227008939,0.935385107994,4.1290564537,7.74574899673,13.5309438705,13.1193170547,10.6761980057,11.2227315903,7.92748975754,21.2715797424,9.79642295837,13.5336856842,9.35066127777,16.9677810669,29.5842075348,11.9790172577,8.68766307831,6.23195409775,6.57131719589,6.4963259697,6.2498292923,10.2949447632,11.6300525665,9.67260360718,19.7482643127,8.81953716278,4.72239255905,8.09527111053,12.0545129776,5.51656246185,1.46180689335,0.560614585876,0.0525556132197,0.0292321033776,0.0182866789401,0.0120369121432,0.0683017000556,0.174158543348,0.0417944416404,0.00513541512191],"dvar":[0.00998794008046,2.16893696785,35.1849250793,136.924331665,549.369689941,428.187530518,361.020751953,569.016601562,212.759750366,2252.12841797,367.210632324,1031.11962891,459.587402344,388.352661133,979.349609375,276.04776001,374.795349121,106.803604126,72.817527771,86.4376296997,90.4761734009,227.780273438,660.984191895,527.452270508,1625.65820312,428.529571533,64.0557098389,237.702453613,462.266265869,99.0317993164,6.55231904984,1.60622179508,0.00402193889022,0.00134051404893,0.000527402502485,0.000194858308532,0.0142518719658,0.0806613266468,0.00292119942605,0.0000332576419169],"dvar2":[0.0251478683203,5.77117776871,97.3190307617,333.472351074,1178.1829834,999.193115234,893.361633301,1301.08825684,454.91986084,3692.72241211,854.23840332,2591.16699219,1056.81469727,802.098937988,2134.06396484,609.757080078,935.471496582,266.957183838,163.418319702,202.647766113,193.217788696,474.831939697,1506.15527344,1003.93463135,3500.8425293,968.34576416,143.783218384,518.708618164,959.103637695,205.465270996,14.113902092,3.44977760315,0.00912255980074,0.00317472708412,0.00124705699272,0.000444708944997,0.028581675142,0.168779850006,0.00583495153114,0.0000607983492955],"max":[2.5612859726,34.9724121094,105.034988403,317.495239258,862.137268066,589.070922852,673.706787109,1117.24450684,376.802642822,1222.17785645,649.528686523,1240.78210449,560.863952637,560.838500977,622.484008789,514.37677002,572.100524902,336.130828857,240.93170166,301.862304688,466.449645996,807.678405762,923.993164062,607.94909668,973.998779297,608.09564209,194.92414856,376.726135254,654.05480957,289.735321045,92.2998580933,32.0883140564,1.00118720531,0.693204581738,0.442929625511,0.254401385784,3.38269424438,5.08947372437,0.883877396584,0.133248120546],"mean":[0.0671927928925,0.985677778721,3.69118380547,8.54554462433,15.6321411133,12.5272693634,10.0900211334,11.1856479645,9.95857524872,36.7994804382,12.3983268738,14.9816017151,9.74326133728,20.4455547333,33.2219619751,14.9254245758,8.73697090149,6.77208566666,6.96198415756,6.69087076187,6.43341255188,10.499048233,11.1728582382,10.9518604279,17.9785404205,8.20899486542,4.75656604767,7.76309013367,10.1905574799,4.50753164291,1.36523199081,0.486536979675,0.0404628664255,0.0193909369409,0.0122563997284,0.00992448441684,0.0672708749771,0.153180003166,0.0484852492809,0.00919748004526],"median":[0.00727255549282,0.0868415981531,0.565797567368,2.99213695526,6.81073141098,4.19057226181,2.74949884415,3.99644303322,3.23765707016,6.08926486969,4.19733476639,3.75895690918,2.86990737915,10.9103918076,17.9712944031,7.36961841583,2.67790865898,2.65350198746,3.18690276146,2.85210609436,2.48221302032,4.26196432114,2.62583327293,2.52577328682,3.05947232246,1.86185026169,1.39371550083,1.88011288643,1.8896638155,0.851251363754,0.468726217747,0.14248354733,0.0160413701087,0.00609608413652,0.00386847904883,0.00434740725905,0.0235743299127,0.0377370417118,0.0178183577955,0.00558035820723],"min":[1.63448470708e-22,9.82111278751e-22,4.33429029656e-21,4.98287138653e-21,1.37516094962e-20,1.73523040845e-20,5.23171639536e-20,1.36938910303e-19,2.38981009267e-19,3.3403509934e-19,4.75773453729e-19,5.16685806826e-19,4.06899785139e-19,1.07874319403e-18,1.75506529481e-18,1.59743176022e-18,2.01643823835e-18,2.75835369375e-18,2.57149586812e-18,4.05806288558e-18,4.5635405502e-18,6.17671231671e-18,6.86949510488e-18,7.64700517601e-18,9.83537931532e-18,1.1211168444e-17,8.58936655295e-18,1.42419292571e-17,1.41382736002e-17,1.07483203594e-17,1.12931949823e-17,1.18053579206e-17,1.10424649581e-17,1.02100226496e-17,7.9622544608e-18,4.72264625949e-18,2.38200202467e-18,1.11963310986e-18,2.54737533315e-19,2.86464052172e-20],"var":[0.0219460316002,4.3721613884,55.6668663025,273.236572266,961.375854492,719.351806641,579.649475098,939.313537598,456.148834229,10114.3339844,815.602539062,1898.61694336,828.146911621,892.351135254,2127.36865234,599.871582031,635.181213379,221.871200562,128.645782471,148.276565552,181.118270874,425.100616455,1314.4786377,1327.86328125,2712.78588867,606.294433594,101.832962036,390.645263672,650.063171387,132.630264282,9.49520778656,2.17197108269,0.00546556944028,0.00163119344506,0.00064889434725,0.000277355633443,0.0229094456881,0.10779043287,0.00607311958447,0.000114268594189]},"erbbands_crest":{"dmean":2.91084718704,"dmean2":4.53898906708,"dvar":6.56500673294,"dvar2":14.9070215225,"max":31.3953056335,"mean":10.3091516495,"median":9.082903862,"min":1.9056044817,"var":24.5042743683},"erbbands_flatness_db":{"dmean":0.0223335493356,"dmean2":0.0325000174344,"dvar":0.000370945723262,"dvar2":0.000780654198024,"max":0.382392019033,"mean":0.153853803873,"median":0.146222904325,"min":0.0238969624043,"var":0.0020691708196},"erbbands_kurtosis":{"dmean":1.31468999386,"dmean2":2.06444096565,"dvar":4.49501991272,"dvar2":12.442237854,"max":41.0923042297,"mean":0.817537903786,"median":0.00329113006592,"min":-1.83372747898,"var":7.85487127304},"erbbands_skewness":{"dmean":0.441186130047,"dmean2":0.638740777969,"dvar":0.176681503654,"dvar2":0.380171179771,"max":5.31360054016,"mean":0.300876498222,"median":0.323789149523,"min":-3.36131310463,"var":0.873050689697},"erbbands_spread":{"dmean":10.0771131516,"dmean2":15.1078243256,"dvar":85.5639419556,"dvar2":188.161895752,"max":120.053581238,"mean":37.8707542419,"median":35.4219970703,"min":3.18044948578,"var":332.926452637},"gfcc":{"cov":[[15721.2773438,569.601318359,-543.703125,476.698272705,-119.761352539,-393.912567139,468.072998047,-206.814498901,202.110061646,-157.174179077,-105.831336975,207.180908203,-389.424591064],[569.601318359,2314.58129883,623.463623047,-209.744277954,290.303161621,94.5319137573,-210.727493286,310.802764893,-169.737594604,17.5385894775,146.030975342,-394.905914307,166.781906128],[-543.703125,623.463623047,583.366638184,151.913604736,60.9629859924,161.994552612,-90.4519042969,176.096481323,-66.2999572754,64.5403671265,32.8685379028,-104.931747437,58.9618110657],[476.698272705,-209.744277954,151.913604736,426.020996094,144.976593018,23.5034046173,140.394287109,14.2264938354,61.2524833679,12.2311906815,-4.96730709076,58.6218757629,-70.4595108032],[-119.761352539,290.303161621,60.9629859924,144.976593018,319.251068115,99.0065383911,44.0268440247,84.7878189087,-21.4018573761,-7.81730318069,55.8776245117,-69.2233886719,38.1589317322],[-393.912567139,94.5319137573,161.994552612,23.5034046173,99.0065383911,261.864593506,-21.9898700714,93.66355896,-51.6512947083,46.8701057434,20.371799469,-28.0250091553,74.854095459],[468.072998047,-210.727493286,-90.4519042969,140.394287109,44.0268440247,-21.9898700714,233.634368896,-40.213924408,88.542427063,-10.2335224152,-7.88957023621,86.818977356,-72.3330612183],[-206.814498901,310.802764893,176.096481323,14.2264938354,84.7878189087,93.66355896,-40.213924408,235.642272949,-6.72371721268,57.4477310181,55.8293113708,-111.863609314,39.7535896301],[202.110061646,-169.737594604,-66.2999572754,61.2524833679,-21.4018573761,-51.6512947083,88.542427063,-6.72371721268,165.567443848,50.3329124451,-12.9797525406,48.051612854,-79.0397567749],[-157.174179077,17.5385894775,64.5403671265,12.2311906815,-7.81730318069,46.8701057434,-10.2335224152,57.4477310181,50.3329124451,122.578224182,48.8749008179,-23.4655418396,9.08050060272],[-105.831336975,146.030975342,32.8685379028,-4.96730709076,55.8776245117,20.371799469,-7.88957023621,55.8293113708,-12.9797525406,48.8749008179,93.3111038208,-15.2943315506,24.4603996277],[207.180908203,-394.905914307,-104.931747437,58.6218757629,-69.2233886719,-28.0250091553,86.818977356,-111.863609314,48.051612854,-23.4655418396,-15.2943315506,178.27645874,-16.4469623566],[-389.424591064,166.781906128,58.9618110657,-70.4595108032,38.1589317322,74.854095459,-72.3330612183,39.7535896301,-79.0397567749,9.08050060272,24.4603996277,-16.4469623566,157.578430176]],"icov":[[0.000147801620187,-0.000543333822861,0.00102618173696,-0.000979819335043,0.000746990495827,-0.000342730723787,0.000131021530251,-0.000309316295898,0.000389080640161,-0.000318400096148,0.000475017615827,-0.000547266565263,0.000320988387102],[-0.000543333822861,0.00403474876657,-0.00692318566144,0.00621412694454,-0.00465789809823,0.00264281337149,-0.0015492165694,0.00206104805693,-0.00276031484827,0.00314677250572,-0.00403300859034,0.00472834520042,-0.00204897555523],[0.00102618173696,-0.00692318566144,0.015827646479,-0.0138259297237,0.0104614952579,-0.00650252355263,0.00376052688807,-0.00457557244226,0.00468224938959,-0.00428520701826,0.00526587292552,-0.00548126176,0.002401182428],[-0.000979819335043,0.00621412694454,-0.0138259297237,0.0173265170306,-0.0136936455965,0.0073443967849,-0.00413947599009,0.00149934203364,-0.000493631290738,-0.00149628310464,0.000701983575709,-0.0000305325811496,0.00119749316946],[0.000746990495827,-0.00465789809823,0.0104614952579,-0.0136936455965,0.0173828359693,-0.00901958998293,0.000837693514768,0.00034386702464,-0.00370076950639,0.00786137301475,-0.00765916472301,0.00567390583456,-0.00341664301232],[-0.000342730723787,0.00264281337149,-0.00650252355263,0.0073443967849,-0.00901958998293,0.0111611895263,-0.00199002679437,-0.00241127377376,0.0051408233121,-0.00741163128987,0.00625604065135,-0.00408207718283,0.000258531275904],[0.000131021530251,-0.0015492165694,0.00376052688807,-0.00413947599009,0.000837693514768,-0.00199002679437,0.00910726003349,-0.00110546732321,-0.00180914287921,0.000424397469033,0.000573528348468,-0.00430828146636,0.00243672309443],[-0.000309316295898,0.00206104805693,-0.00457557244226,0.00149934203364,0.00034386702464,-0.00241127377376,-0.00110546732321,0.0118886418641,-0.00772147579119,0.00658741733059,-0.010289398022,0.0111417742446,-0.00450042122975],[0.000389080640161,-0.00276031484827,0.00468224938959,-0.000493631290738,-0.00370076950639,0.0051408233121,-0.00180914287921,-0.00772147579119,0.0231747310609,-0.0202965177596,0.0174567941576,-0.014736354351,0.0100279822946],[-0.000318400096148,0.00314677250572,-0.00428520701826,-0.00149628310464,0.00786137301475,-0.00741163128987,0.000424397469033,0.00658741733059,-0.0202965177596,0.0325374267995,-0.0253566112369,0.0178454127163,-0.00928997527808],[0.000475017615827,-0.00403300859034,0.00526587292552,0.000701983575709,-0.00765916472301,0.00625604065135,0.000573528348468,-0.010289398022,0.0174567941576,-0.0253566112369,0.0355291739106,-0.0195827111602,0.00818634219468],[-0.000547266565263,0.00472834520042,-0.00548126176,-0.0000305325811496,0.00567390583456,-0.00408207718283,-0.00430828146636,0.0111417742446,-0.014736354351,0.0178454127163,-0.0195827111602,0.0277775041759,-0.0110239768401],[0.000320988387102,-0.00204897555523,0.002401182428,0.00119749316946,-0.00341664301232,0.000258531275904,0.00243672309443,-0.00450042122975,0.0100279822946,-0.00928997527808,0.00818634219468,-0.0110239768401,0.0150473080575]],"mean":[-40.9691009521,78.3120040894,-90.592956543,2.43719530106,-27.7652626038,-27.8446922302,3.11516976357,-31.6882266998,-10.0083942413,-21.5175876617,-14.3338136673,3.00088095665,-18.8636817932]},"hfc":{"dmean":24.6003990173,"dmean2":34.6390991211,"dvar":1070.83105469,"dvar2":2268.84399414,"max":621.522155762,"mean":75.1174316406,"median":55.7205696106,"min":1.09570018152e-16,"var":4573.58984375},"melbands":{"dmean":[0.000478902627947,0.00110081140883,0.000960305565968,0.000613243842963,0.000259844819084,0.000152535998495,0.0000952307818807,0.000150724750711,0.0000567377755942,0.0000550978402316,0.0000303793221974,0.0000432632514276,0.0000882933454704,0.0000287515740638,0.0000152129778144,0.0000113871383292,0.00000728883469492,0.00000725742665963,0.00000618649346507,0.00000514175781063,0.00000555125052415,0.00000723102630218,0.00000809737957752,0.00000700453165337,0.0000053211406339,0.00000894899312698,0.000010128715985,0.0000027630421755,0.00000146653690081,0.0000036460796764,0.00000334237620336,0.00000399830832976,0.00000634980369796,7.84286157796e-7,5.50728714188e-7,5.4360083368e-7,1.05289821306e-7,1.89956228525e-8,1.64901532429e-8,1.45794993855e-8],"dmean2":[0.000746131758206,0.00181531335693,0.0014577585971,0.000930309877731,0.000409720320022,0.0002362003288,0.000139308045618,0.000202131923288,0.000085609179223,0.0000847780029289,0.0000470560626127,0.0000647383931209,0.000133787136292,0.0000444174038421,0.0000237184813159,0.0000178359605343,0.0000112328962132,0.0000111850140456,0.00000951489801082,0.00000798048677098,0.00000840933171276,0.0000108466365418,0.0000123947429529,0.0000105222443381,0.00000772699786467,0.0000131095039251,0.0000152391021402,0.0000041841494749,0.00000215968407247,0.00000568124642086,0.0000050565854508,0.0000058374685068,0.00000925993845158,0.00000113810824587,8.27173266771e-7,8.0317784068e-7,1.62650437119e-7,3.09146024335e-8,2.68516426871e-8,2.36980941537e-8],"dvar":[0.00000141449424973,0.00000650230913379,0.00000490094271299,0.00000206181903195,4.58595451391e-7,2.32538170053e-7,5.87961004328e-8,2.02345830758e-7,2.74764921926e-8,4.25167598905e-8,1.16045493215e-8,6.45828990287e-9,2.03534753496e-8,3.39672423522e-9,1.77732284445e-9,1.65239788519e-9,3.31908694973e-10,1.95098340261e-10,1.76832021248e-10,1.52310691837e-10,1.76110431793e-10,2.27954641274e-10,5.7625826333e-10,6.21544482549e-10,3.46155548669e-10,8.84566364601e-10,1.34026878484e-9,1.06715504489e-10,1.20424876668e-11,2.19883847241e-10,7.89773663135e-11,9.11279107729e-11,3.3452274284e-10,2.03154576495e-11,2.57254612578e-12,2.28387035846e-12,1.70446894988e-13,1.49125105507e-15,1.14235341953e-15,8.93596783585e-16],"dvar2":[0.00000356981513505,0.0000180356764758,0.0000113416790555,0.0000045318379307,0.00000115239436127,5.27635393155e-7,1.21954812471e-7,3.27895918417e-7,6.11341661738e-8,1.08445043168e-7,2.64456918586e-8,1.34527899931e-8,4.44478089889e-8,7.28939220096e-9,4.33281677203e-9,4.08852418587e-9,8.56170800922e-10,4.52100079595e-10,4.02712918568e-10,3.7343206305e-10,4.08110267802e-10,4.93356078213e-10,1.30179611535e-9,1.36578659493e-9,6.92062185337e-10,1.85201709524e-9,3.20420889821e-9,2.37079356147e-10,2.53346961465e-11,5.25989973799e-10,1.77994105566e-10,1.95534616276e-10,7.0469230451e-10,3.96880583953e-11,5.69098978012e-12,4.88980037017e-12,3.75441458521e-13,3.5299215045e-15,2.70570995418e-15,2.11613457707e-15],"max":[0.0331241451204,0.0442993678153,0.0787523239851,0.0391418747604,0.0184473562986,0.0223275721073,0.00558800110593,0.0116078825668,0.00749540887773,0.00667577097192,0.00270017632283,0.0022989611607,0.0030384385027,0.00169777544215,0.000892228155863,0.00180662923958,0.000636655720882,0.000368210719898,0.000392063695472,0.000532454811037,0.000689245702233,0.00075002934318,0.00101392832585,0.000759168877266,0.000508680881467,0.000872603035532,0.00111349963117,0.000340711616445,0.000147981831105,0.000386019935831,0.000164770710398,0.00025372201344,0.000479593931232,0.000269042764558,0.0000633479940007,0.0000359782206942,0.0000103560259959,7.1104102517e-7,6.33568731701e-7,5.67539188978e-7],"mean":[0.000838669133373,0.00178521708585,0.00177751982119,0.00105446530506,0.000384737999411,0.000242035341216,0.000197060624487,0.000342903193086,0.0000964803257375,0.0000908831934794,0.0000463258074888,0.0000761624614825,0.000139506548294,0.0000486237004225,0.0000240455938183,0.0000171015744854,0.0000115438315333,0.0000110996479634,0.00000959574572335,0.00000752749247113,0.00000768187055655,0.0000106293009594,0.000010840944924,0.00000987644216366,0.00000822686251922,0.0000123510462799,0.0000121626981127,0.00000385356634069,0.00000216763396566,0.00000457255828223,0.00000472081683256,0.00000505234811499,0.00000697574159858,9.59340809459e-7,7.12736380137e-7,7.08276900241e-7,1.22945337466e-7,1.9553901609e-8,1.7079377912e-8,1.52537698028e-8],"median":[0.0000778328394517,0.000264378235443,0.000751844898332,0.000432521221228,0.000112033842015,0.0000856609985931,0.0000575728190597,0.0000572099052079,0.0000333240895998,0.0000212406994251,0.0000116681922009,0.0000380413184757,0.0000696987699484,0.0000224958257604,0.00000883134362084,0.00000464960749014,0.00000453583834314,0.00000493777770316,0.00000412986855736,0.00000283553640656,0.00000270238138,0.00000437832568423,0.00000316111322718,0.00000188397279999,0.00000181792256626,0.00000222579433284,0.00000173597345565,9.94036213342e-7,6.53886615964e-7,7.35356024961e-7,0.00000106686673007,0.00000110432154088,7.08497339019e-7,2.60063103497e-7,2.26501754241e-7,2.1482699708e-7,3.21809139336e-8,5.38890665425e-9,4.7622084054e-9,4.38324976315e-9],"min":[1.74358573222e-24,2.16890245585e-24,1.30515084338e-24,1.03376356211e-24,1.46989438546e-24,3.26538065714e-24,3.188760964e-24,5.03696168238e-24,2.86457995551e-24,3.06673818424e-24,1.84200520205e-24,4.29628558454e-24,4.76761262047e-24,4.61082809328e-24,4.22360585719e-24,4.40227575248e-24,4.33712649133e-24,3.52174368804e-24,4.61763320188e-24,5.47065531997e-24,4.39284847023e-24,6.21464423918e-24,4.67521413151e-24,5.02359403991e-24,5.40944208031e-24,6.55448275613e-24,7.41917607131e-24,6.56368087429e-24,3.15674918568e-24,8.60264255627e-24,7.12694254897e-24,6.691458986e-24,5.77812411297e-24,5.16108973468e-24,5.78841717006e-24,7.39933779727e-24,6.34554545121e-24,7.11324555708e-24,6.64433006894e-24,8.36810079851e-24],"var":[0.00000322730102198,0.000011521318811,0.00000998091127258,0.00000401829720431,7.16483725682e-7,4.08172098787e-7,1.6786383128e-7,8.78878381627e-7,6.15852897567e-8,7.69646959498e-8,2.07856842849e-8,1.44085703369e-8,4.30091233738e-8,7.13562320342e-9,2.99348856814e-9,2.93563329201e-9,6.44227893254e-10,3.31557920008e-10,3.00291319588e-10,2.33772085023e-10,2.93174734489e-10,4.02951061407e-10,9.40702737928e-10,1.31027899641e-9,8.09923517142e-10,1.63291458133e-9,1.57547075386e-9,1.52394138975e-10,1.98473910917e-11,2.68917138557e-10,1.3284173761e-10,1.33214023146e-10,4.29676599856e-10,2.82562567094e-11,3.3614348284e-12,3.35490966605e-12,2.05266508543e-13,1.79059842786e-15,1.3738805583e-15,1.08113104278e-15]},"melbands_crest":{"dmean":3.1714258194,"dmean2":5.00441360474,"dvar":7.80346679688,"dvar2":18.997303009,"max":32.9546051025,"mean":15.0507717133,"median":14.5864658356,"min":1.68733048439,"var":24.169462204},"melbands_flatness_db":{"dmean":0.0342192575336,"dmean2":0.0491908639669,"dvar":0.000823166687042,"dvar2":0.0017726845108,"max":0.504089415073,"mean":0.241116553545,"median":0.238225236535,"min":0.00423650303856,"var":0.00451372051612},"melbands_kurtosis":{"dmean":7.77083492279,"dmean2":12.1786994934,"dvar":143.723922729,"dvar2":370.908325195,"max":287.148651123,"mean":14.5545911789,"median":8.92554187775,"min":-1.83167946339,"var":358.008758545},"melbands_skewness":{"dmean":0.813951253891,"dmean2":1.22803175449,"dvar":0.608047068119,"dvar2":1.42539286613,"max":13.1249732971,"mean":2.71043610573,"median":2.58488154411,"min":-3.10245490074,"var":2.8281981945},"melbands_spread":{"dmean":8.28802680969,"dmean2":12.0041713715,"dvar":154.217773438,"dvar2":299.695953369,"max":167.877838135,"mean":21.4835720062,"median":14.4241847992,"min":0.796992778778,"var":506.741851807},"mfcc":{"cov":[[9285.29003906,1047.1854248,-304.123321533,964.112487793,-426.380554199,295.714019775,-204.894821167,407.2605896,-189.577407837,317.459381104,56.3707122803,-192.747436523,196.962402344],[1047.1854248,2131.72583008,340.188354492,-104.508041382,377.42364502,-278.176696777,318.614318848,-153.829803467,13.0834827423,205.073364258,-49.9260902405,-202.666000366,184.871643066],[-304.123321533,340.188354492,571.534301758,-28.5113925934,178.976318359,-66.0512924194,120.261230469,-62.5131950378,53.0476341248,58.676410675,43.4117546082,-37.2398719788,13.2096605301],[964.112487793,-104.508041382,-28.5113925934,469.62310791,-31.9161643982,121.371932983,-18.5592460632,148.692687988,-43.1163749695,99.453414917,49.2238883972,-34.2256317139,49.5755386353],[-426.380554199,377.42364502,178.976318359,-31.9161643982,412.445526123,-67.358039856,241.24256897,-61.5211448669,60.9373512268,94.2096633911,-1.14118230343,-53.4216461182,61.653087616],[295.714019775,-278.176696777,-66.0512924194,121.371932983,-67.358039856,265.001098633,-32.4044456482,97.5850143433,-1.67843103409,-17.2532901764,-11.4561262131,43.6627311707,-25.4115581512],[-204.894821167,318.614318848,120.261230469,-18.5592460632,241.24256897,-32.4044456482,297.381225586,-14.6998262405,46.0014801025,67.0742950439,6.07893753052,-39.4429130554,45.9360046387],[407.2605896,-153.829803467,-62.5131950378,148.692687988,-61.5211448669,97.5850143433,-14.6998262405,182.011138916,0.796869695187,9.88813018799,20.2446899414,-10.7432670593,18.8626441956],[-189.577407837,13.0834827423,53.0476341248,-43.1163749695,60.9373512268,-1.67843103409,46.0014801025,0.796869695187,115.429946899,26.3685455322,11.0887861252,25.4365406036,-14.7197551727],[317.459381104,205.073364258,58.676410675,99.453414917,94.2096633911,-17.2532901764,67.0742950439,9.88813018799,26.3685455322,191.191543579,54.7060050964,-11.1145305634,59.2043838501],[56.3707122803,-49.9260902405,43.4117546082,49.2238883972,-1.14118230343,-11.4561262131,6.07893753052,20.2446899414,11.0887861252,54.7060050964,160.913223267,36.8621330261,29.2178096771],[-192.747436523,-202.666000366,-37.2398719788,-34.2256317139,-53.4216461182,43.6627311707,-39.4429130554,-10.7432670593,25.4365406036,-11.1145305634,36.8621330261,150.757171631,-25.263217926],[196.962402344,184.871643066,13.2096605301,49.5755386353,61.653087616,-25.4115581512,45.9360046387,18.8626441956,-14.7197551727,59.2043838501,29.2178096771,-25.263217926,136.353820801]],"icov":[[0.000195283500943,-0.000193860003492,0.0000920670790947,-0.00028449218371,0.00025194088812,-0.000167004443938,0.0000979167307378,-0.000137729322887,0.0000412633671658,-0.000157319635036,-0.0000361369420716,0.0000933057963266,0.0000140890288094],[-0.000193860003492,0.00104338454548,-0.000348332192516,0.000449607265182,-0.00018457173428,0.000548464653548,-0.00057081313571,0.000503120361827,0.0000755828732508,-0.000510116922669,0.000525340263266,0.000530142977368,-0.000740663148463],[0.0000920670790947,-0.000348332192516,0.00234079826623,-0.00029562250711,-0.000482629198814,-0.000147977189044,-0.0000337146266247,0.000538640655577,-0.000710505002644,0.00010446144006,-0.0009614880546,0.000512849714141,0.000526476185769],[-0.00028449218371,0.000449607265182,-0.00029562250711,0.00438201520592,-0.000522132148035,-0.000893389922567,0.000266489223577,-0.00212724437006,0.00173021107912,-0.00202269176953,-0.000406753068091,0.000780516886152,-0.000192331353901],[0.00025194088812,-0.00018457173428,-0.000482629198814,-0.000522132148035,0.00615538749844,-0.000194132851902,-0.00355752441101,0.00164165790193,-0.00157856126316,-0.0011728706304,0.000603267224506,0.00107155845035,-0.00131695589516],[-0.000167004443938,0.000548464653548,-0.000147977189044,-0.000893389922567,-0.000194132851902,0.00613168161362,-0.000502043811139,-0.00226093712263,0.000131419626996,0.000354137475369,0.00150532636326,-0.00209989282303,0.000697979994584],[0.0000979167307378,-0.00057081313571,-0.0000337146266247,0.000266489223577,-0.00355752441101,-0.000502043811139,0.0069986092858,-0.00122939224821,-0.000540999521036,-0.000158399008797,-0.000415016547777,0.000220366433496,0.00000629922760709],[-0.000137729322887,0.000503120361827,0.000538640655577,-0.00212724437006,0.00164165790193,-0.00226093712263,-0.00122939224821,0.010222918354,-0.00266147847287,0.000903404550627,-0.000946576299611,0.00220684171654,-0.00199348479509],[0.0000412633671658,0.0000755828732508,-0.000710505002644,0.00173021107912,-0.00157856126316,0.000131419626996,-0.000540999521036,-0.00266147847287,0.0121137388051,-0.00229265750386,0.0000780988266342,-0.00238498696126,0.00241091800854],[-0.000157319635036,-0.000510116922669,0.00010446144006,-0.00202269176953,-0.0011728706304,0.000354137475369,-0.000158399008797,0.000903404550627,-0.00229265750386,0.00908374693245,-0.00211128988303,-0.000522138900124,-0.00166709220503],[-0.0000361369420716,0.000525340263266,-0.0009614880546,-0.000406753068091,0.000603267224506,0.00150532636326,-0.000415016547777,-0.000946576299611,0.0000780988266342,-0.00211128988303,0.0086081661284,-0.00260005169548,-0.00154164107516],[0.0000933057963266,0.000530142977368,0.000512849714141,0.000780516886152,0.00107155845035,-0.00209989282303,0.000220366433496,0.00220684171654,-0.00238498696126,-0.000522138900124,-0.00260005169548,0.0099596567452,-0.0000707279177732],[0.0000140890288094,-0.000740663148463,0.000526476185769,-0.000192331353901,-0.00131695589516,0.000697979994584,0.00000629922760709,-0.00199348479509,0.00241091800854,-0.00166709220503,-0.00154164107516,-0.0000707279177732,0.0106371864676]],"mean":[-703.952514648,141.766723633,-12.8992443085,39.0841789246,-18.7369651794,18.3003940582,-7.8474111557,13.4686746597,-9.93510437012,-8.49511146545,-7.6390542984,-5.33486652374,0.451572626829]},"pitch_salience":{"dmean":0.0694306045771,"dmean2":0.108046516776,"dvar":0.00359658710659,"dvar2":0.00878024287522,"max":0.96217662096,"mean":0.53696000576,"median":0.542408049107,"min":0.147617444396,"var":0.0113994767889},"silence_rate_20dB":{"dmean":0,"dmean2":0,"dvar":0,"dvar2":0,"max":1,"mean":1,"median":1,"min":1,"var":0},"silence_rate_30dB":{"dmean":0.0171887986362,"dmean2":0.034382365644,"dvar":0.0168937630951,"dvar2":0.0412412211299,"max":1,"mean":0.976437985897,"median":1,"min":0,"var":0.0230065975338},"silence_rate_60dB":{"dmean":0.034932076931,"dmean2":0.0698738396168,"dvar":0.033712182194,"dvar2":0.0713694244623,"max":1,"mean":0.111850313842,"median":0,"min":0,"var":0.0993418172002},"spectral_centroid":{"dmean":336.243438721,"dmean2":468.849884033,"dvar":175314.109375,"dvar2":304348.875,"max":11372.5878906,"mean":1253.78637695,"median":910.787963867,"min":169.717163086,"var":1096716.25},"spectral_complexity":{"dmean":3.52924871445,"dmean2":4.99154281616,"dvar":15.7516317368,"dvar2":27.5810470581,"max":56,"mean":13.4374217987,"median":11,"min":0,"var":80.9289169312},"spectral_contrast_coeffs":{"dmean":[0.0534754469991,0.0470088534057,0.0409011803567,0.0295710917562,0.0282365716994,0.0573377497494],"dmean2":[0.0857299491763,0.0766551420093,0.0657458305359,0.0479775369167,0.0425665266812,0.0833882912993],"dvar":[0.00181629438885,0.00136612518691,0.00102997291833,0.000543265021406,0.000550078053493,0.00230599869974],"dvar2":[0.00459347153082,0.00351458089426,0.00265126093291,0.00139910541475,0.00122658035252,0.00482702674344],"max":[-0.320545136929,-0.43429389596,-0.53961378336,-0.633217155933,-0.583700537682,-0.388339459896],"mean":[-0.595150053501,-0.750601768494,-0.7692309618,-0.816034436226,-0.798161387444,-0.684970796108],"median":[-0.589825689793,-0.753718852997,-0.769339501858,-0.818408131599,-0.803677797318,-0.681665718555],"min":[-0.978507220745,-0.990306258202,-0.975055336952,-0.983901262283,-0.967755794525,-0.963064789772],"var":[0.00852547492832,0.00513667566702,0.00341350468807,0.00180266529787,0.00259859883226,0.0112415077165]},"spectral_contrast_valleys":{"dmean":[0.469769567251,0.39203324914,0.347416937351,0.35570526123,0.417418628931,0.646855294704],"dmean2":[0.737309098244,0.61451613903,0.526046335697,0.513195633888,0.551805257797,1.02090096474],"dvar":[0.174143061042,0.12941159308,0.113020323217,0.124031633139,0.159191444516,0.304446041584],"dvar2":[0.367699891329,0.269724279642,0.220509454608,0.217982143164,0.264614969492,0.731574833393],"max":[-4.89593410492,-4.41583633423,-4.90159845352,-5.96678256989,-5.39335775375,-8.97038936615],"mean":[-7.85061502457,-7.1159453392,-7.5689125061,-8.20410346985,-8.09732341766,-11.6024751663],"median":[-7.59376430511,-6.89251041412,-7.34524202347,-8.0365562439,-7.92826890945,-11.4737005234],"min":[-27.9545383453,-27.7391891479,-27.637424469,-27.6695289612,-27.4708862305,-27.4110507965],"var":[3.07045483589,2.32807326317,2.09847354889,1.91558480263,2.20782160759,1.67503416538]},"spectral_decrease":{"dmean":1.99846184046e-9,"dmean2":2.9872937457e-9,"dvar":1.34099427252e-17,"dvar2":3.03751970586e-17,"max":4.41261693851e-10,"mean":-5.09037123564e-9,"median":-2.76736256133e-9,"min":-8.68986447244e-8,"var":4.31448970265e-17},"spectral_energy":{"dmean":0.00848282687366,"dmean2":0.0122788008302,"dvar":0.000207573219086,"dvar2":0.000458061083918,"max":0.350012868643,"mean":0.0260255634785,"median":0.0165478773415,"min":1.00328857666e-20,"var":0.000854854530189},"spectral_energyband_high":{"dmean":0.000633384508546,"dmean2":0.000863797788043,"dvar":0.0000013413165334,"dvar2":0.00000261348282038,"max":0.0226887669414,"mean":0.000966768129729,"median":0.000334948388627,"min":7.2520119837e-21,"var":0.00000255319969256},"spectral_energyband_low":{"dmean":0.00469531817362,"dmean2":0.00754918158054,"dvar":0.000103061422124,"dvar2":0.000269763928372,"max":0.194259732962,"mean":0.00892933085561,"median":0.00199866411276,"min":1.75678329628e-23,"var":0.000243401780608},"spectral_energyband_middle_high":{"dmean":0.00130888354033,"dmean2":0.00183062930591,"dvar":0.00000388229364034,"dvar2":0.00000748838647269,"max":0.0427266843617,"mean":0.00298998714425,"median":0.00192436610814,"min":1.24622281859e-21,"var":0.000012835454072},"spectral_energyband_middle_low":{"dmean":0.00491693522781,"dmean2":0.00700783776119,"dvar":0.000095655421319,"dvar2":0.000201427974389,"max":0.304861813784,"mean":0.0120796775445,"median":0.00659416476265,"min":1.81233484967e-22,"var":0.000271058466751},"spectral_entropy":{"dmean":0.231517791748,"dmean2":0.328761100769,"dvar":0.0442139618099,"dvar2":0.0949674397707,"max":9.82563781738,"mean":7.35085630417,"median":7.40954208374,"min":5.4435710907,"var":0.175081804395},"spectral_flux":{"dmean":0.0190776456147,"dmean2":0.0293016731739,"dvar":0.000471781997476,"dvar2":0.00106726819649,"max":0.357975274324,"mean":0.0726170912385,"median":0.0631771162152,"min":6.54361426156e-11,"var":0.00222167186439},"spectral_kurtosis":{"dmean":3.51292824745,"dmean2":5.269115448,"dvar":23.0107803345,"dvar2":53.8474273682,"max":76.6252670288,"mean":13.0810279846,"median":10.7047395706,"min":-1.25572228432,"var":59.2325973511},"spectral_rms":{"dmean":0.000726642203517,"dmean2":0.00100246921647,"dvar":7.12120424851e-7,"dvar2":0.00000143972886235,"max":0.0184790678322,"mean":0.00438201753423,"median":0.00401799334213,"min":3.12860696551e-12,"var":0.00000618883086645},"spectral_rolloff":{"dmean":4530.54492188,"dmean2":8403.796875,"dvar":47778244,"dvar2":109551088,"max":22006.9335938,"mean":10024.6572266,"median":5447.90039062,"min":86.1328125,"var":83772224},"spectral_skewness":{"dmean":0.362770467997,"dmean2":0.517394185066,"dvar":0.144748792052,"dvar2":0.313689112663,"max":6.93925905228,"mean":2.30944895744,"median":2.12621593475,"min":-0.0422916561365,"var":0.621142864227},"spectral_spread":{"dmean":497756.8125,"dmean2":743365,"dvar":678045089792,"dvar2":1228232196100,"max":42758596,"mean":4346615.5,"median":4348968.5,"min":1714479.25,"var":3479309910020},"spectral_strongpeak":{"dmean":1.28076529503,"dmean2":2.33791089058,"dvar":27.0370979309,"dvar2":73.9391403198,"max":102.570823669,"mean":1.42753183842,"median":0.481287032366,"min":0,"var":20.8738670349},"zerocrossingrate":{"dmean":0.0337520539761,"dmean2":0.0407805889845,"dvar":0.000860343512613,"dvar2":0.00128402921837,"max":0.625,"mean":0.240359917283,"median":0.2333984375,"min":0.0126953125,"var":0.00714713893831}},"metadata":{"audio_properties":{"analysis_sample_rate":44100,"bit_rate":192000,"codec":"mp3","downmix":"mix","equal_loudness":0,"length":167.497146606,"lossless":false,"md5_encoded":"720e895e0b52de1423cd730433d621d0","replay_gain":-5.01579666138},"tags":{"album":["The Jethro Tull Christmas Album"],"albumartist":["Jethro Tull"],"albumartistsort":["Jethro Tull"],"artist":["Jethro Tull"],"artistsort":["Jethro Tull"],"asin":["B0002ZMJ5M"],"barcode":["030206134025"],"catalognumber":["302 061 340 2"],"date":["2003-09-30"],"discnumber":["1/1"],"file_name":"03 A Christmas Song.mp3","genre":["Rock"],"label":["Fuel 2000 Records"],"language":["eng"],"media":["CD"],"mp3gain_album_minmax":["027,210"],"mp3gain_minmax":["062,210"],"musicbrainz album release country":["US"],"musicbrainz album status":["official"],"musicbrainz album type":["album"],"musicbrainz_albumartistid":["ece57992-dc2e-4f67-a269-fa43626c1a3d"],"musicbrainz_albumid":["c265fa6a-f85e-3f2f-8906-53f7121d2b54"],"musicbrainz_artistid":["ece57992-dc2e-4f67-a269-fa43626c1a3d"],"musicbrainz_recordingid":["08c65b3f-8622-4636-81aa-98753a73a0f2"],"originaldate":["2003-09-30"],"replaygain_album_gain":["-7.57 dB"],"replaygain_album_peak":["1.132391"],"replaygain_track_gain":["-3.66 dB"],"replaygain_track_peak":["1.012637"],"script":["Latn"],"title":["A Christmas Song"],"tracknumber":["3/16"]},"version":{"essentia":"2.1-beta1","essentia_build_sha":"eef087cf131c10083d474ad51def18efd0e38295","essentia_git_sha":"v2.1_beta1-7-ge0e83e8-dirty","extractor":"music 1.0"}},"rhythm":{"beats_count":358,"beats_loudness":{"dmean":0.0256176609546,"dmean2":0.0447394885123,"dvar":0.00111529987771,"dvar2":0.00345330033451,"max":0.258844166994,"mean":0.0377842076123,"median":0.0257354341447,"min":5.8862593022e-8,"var":0.00143466261216},"beats_loudness_band_ratio":{"dmean":[0.181566655636,0.121569037437,0.0817821919918,0.0799633935094,0.0325060449541,0.116637967527],"dmean2":[0.3077873