{"lowlevel":{"average_loudness":0.967108547688,"barkbands":{"dmean":[0.00266953371465,0.00691182445735,0.00270494795404,0.00217319279909,0.00301031791605,0.00172127317637,0.00114791758824,0.000551566889044,0.000665419327561,0.000575787620619,0.000997014227323,0.000556882005185,0.00036650992115,0.000380387122277,0.000336670782417,0.000222485512495,0.000181515642907,0.000155723304488,0.000144287027069,0.000136929695145,0.00011565357272,0.000040444690967,0.0000181868199434,0.0000144665928019,0.00000293158609566,0.0000151451240527,0.000185817363672],"dmean2":[0.00440322654322,0.0111608868465,0.00453901011497,0.00364760542288,0.00488391984254,0.00274700112641,0.00181852816604,0.000915423384868,0.00110518967267,0.000958005781285,0.00162224832457,0.00092944764765,0.000614238844719,0.00064749707235,0.000566210306715,0.000370089954231,0.000287791161099,0.000231372920098,0.000205862597795,0.000186267439858,0.000158032911713,0.0000547692070541,0.000024698818379,0.0000191110048036,0.00000494618643643,0.0000193660707737,0.000253240228631],"dvar":[0.0000351396520273,0.0000989898253465,0.000011634272596,0.00000878825630934,0.0000246667877946,0.00000921240825846,0.00000221968116421,7.23893492705e-7,0.00000118199352528,8.11925019661e-7,0.00000128136309741,4.51842680604e-7,1.58217588364e-7,1.75960707338e-7,1.49138728034e-7,6.50965432669e-8,9.61411004141e-8,1.2898311752e-7,1.39994099868e-7,1.30968928147e-7,8.97244447629e-8,6.25738794113e-9,1.0865558453e-9,4.7093656752e-10,1.92912803787e-11,4.66091276685e-10,6.03869096949e-8],"dvar2":[0.0000879944636836,0.00025518212351,0.0000320488179568,0.0000238153043028,0.0000599678751314,0.0000223709830607,0.00000530636498297,0.00000182996939202,0.00000315959778163,0.00000212358190765,0.00000331240062224,0.0000011810095657,4.14169193164e-7,4.91000264446e-7,4.06805895636e-7,1.722696652e-7,2.21656208055e-7,2.59188908558e-7,2.77379967883e-7,2.38281430143e-7,1.68312297433e-7,1.23544943165e-8,1.96750726822e-9,8.44574687964e-10,4.99603761139e-11,7.99334376467e-10,1.10917120821e-7],"max":[0.0736376494169,0.127473309636,0.0657622143626,0.0489655397832,0.0906310379505,0.0659136250615,0.0302564967424,0.0263101030141,0.0248859338462,0.0246498659253,0.0188150256872,0.0122550921515,0.00814065802842,0.00774196535349,0.00917419977486,0.00339373317547,0.00881180167198,0.00936336722225,0.0102987689897,0.00832120608538,0.00636139791459,0.0021902306471,0.00134611129761,0.000422491371864,0.0000610970528214,0.000429526495282,0.00531403999776],"mean":[0.00388373550959,0.0169507917017,0.00418181763962,0.0033470490016,0.00452178809792,0.00280851731077,0.00205127033405,0.000927718821913,0.00112714478746,0.000933031260502,0.00167060259264,0.00103480636608,0.000721222313587,0.000729223771486,0.000716513080988,0.000476585817523,0.000379425036954,0.000291508855298,0.000262563786237,0.000262971210759,0.000225514449994,0.0000758574024076,0.0000340714905178,0.0000248446904152,0.00000287048715109,0.0000283397948806,0.000592364114709],"median":[0.00243427813984,0.0142619796097,0.0029662931338,0.00228895386681,0.00239293812774,0.00163622898981,0.00142618059181,0.000612812465988,0.000721128832083,0.000519979395904,0.00124380330089,0.000805726856925,0.000584200839512,0.000594966812059,0.000596096157096,0.000386348663596,0.00025026203366,0.000106994324597,0.0000627340195933,0.000056737302657,0.0000509811143274,0.0000284170055238,0.0000135740019687,0.0000104191913124,0.00000120953029636,0.0000132252298499,0.000364635314327],"min":[3.72689919379e-24,7.77528050571e-24,4.77782126945e-24,4.37314390811e-24,1.2508849045e-23,5.81970836339e-23,6.59115374418e-23,4.49687066686e-23,9.41467120187e-23,1.05790885892e-22,5.24868445517e-23,6.95480599971e-23,7.22604477791e-23,1.06026010618e-22,2.52260779068e-22,1.02485697539e-22,1.68632498546e-22,2.06481741856e-22,1.86257859979e-22,3.41568694025e-22,4.21567015315e-22,4.12921478447e-22,4.3525240149e-22,6.85193222678e-22,1.2020019773e-21,1.71043562919e-21,2.66332709612e-21],"var":[0.0000355396150553,0.000212281971471,0.0000174556607817,0.0000134779857035,0.0000380665769626,0.0000168860115082,0.00000456815769212,0.00000131999809128,0.00000202623414225,0.00000153216933541,0.00000225182225222,7.75678643095e-7,3.05781867382e-7,2.95413201457e-7,3.12295640015e-7,1.36376542059e-7,2.19498275555e-7,3.38777851994e-7,3.88114756333e-7,4.45339935595e-7,3.31478673843e-7,1.88062045936e-8,3.4232650048e-9,1.3594887438e-9,1.99842468962e-11,1.51699686146e-9,3.61904511692e-7]},"barkbands_crest":{"dmean":2.34379076958,"dmean2":3.77052474022,"dvar":4.45316362381,"dvar2":11.1951036453,"max":23.480298996,"mean":10.2756261826,"median":9.77214241028,"min":2.36883068085,"var":16.983757019},"barkbands_flatness_db":{"dmean":0.0219592619687,"dmean2":0.0329033844173,"dvar":0.000380824989406,"dvar2":0.000913278898224,"max":0.501069128513,"mean":0.131977915764,"median":0.125562444329,"min":0.0281091462821,"var":0.00269641191699},"barkbands_kurtosis":{"dmean":3.65143227577,"dmean2":5.85436201096,"dvar":174.090057373,"dvar2":488.469573975,"max":864.664245605,"mean":9.42809391022,"median":4.30295372009,"min":-1.87015712261,"var":1358.9786377},"barkbands_skewness":{"dmean":0.466785699129,"dmean2":0.730901837349,"dvar":0.203741133213,"dvar2":0.497615665197,"max":23.9557647705,"mean":2.09120941162,"median":1.90264594555,"min":-1.75498712063,"var":2.15978360176},"barkbands_spread":{"dmean":5.14318847656,"dmean2":7.54814243317,"dvar":28.9098968506,"dvar2":56.9296417236,"max":132.249526978,"mean":23.4711227417,"median":20.5209121704,"min":0.216653466225,"var":183.410888672},"dissonance":{"dmean":0.0165616180748,"dmean2":0.0281198993325,"dvar":0.000234232022194,"dvar2":0.00066468201112,"max":0.499997526407,"mean":0.472417712212,"median":0.47664475441,"min":0.350108027458,"var":0.000370837340597},"dynamic_complexity":1.84740912914,"erbbands":{"dmean":[0.311777353287,1.31979584694,2.91708493233,5.05703783035,10.2027721405,9.97116088867,13.4858560562,12.7432785034,12.0181427002,22.4693317413,11.7613668442,14.8965301514,13.359703064,22.7417354584,33.0712127686,22.1548309326,15.4829158783,21.0565948486,15.2837276459,15.5295572281,10.2386541367,9.84119796753,8.77220439911,6.0641412735,7.86144113541,6.41371488571,6.12277603149,3.17831730843,1.51724040508,0.90013217926,0.473051577806,0.299767643213,0.24729937315,0.0419668704271,0.0210578627884,0.0382928848267,0.0319779403508,0.0245763361454,0.0197405591607,0.004056093283],"dmean2":[0.495705932379,2.17568254471,4.8627448082,8.40965843201,16.6723480225,16.3441257477,21.5984249115,20.5433063507,19.6823196411,35.2045631409,19.3347644806,24.7371788025,21.9502983093,37.6931800842,54.0653076172,36.9309043884,25.6722793579,35.8980865479,25.5160522461,25.962978363,16.7043418884,15.3308105469,13.0116014481,8.58686828613,11.0870351791,8.64779758453,8.40277385712,4.30946397781,2.03942465782,1.22597551346,0.643060028553,0.401175945997,0.335343509912,0.0669878646731,0.0352526642382,0.0535320900381,0.0407086089253,0.0303500033915,0.024496357888,0.00574540905654],"dvar":[0.224934414029,3.81009984016,13.8339262009,39.8840065002,236.562469482,391.015686035,666.576904297,416.167327881,370.348754883,940.987304688,433.192443848,652.752685547,501.157714844,869.164916992,1369.65307617,777.016784668,302.704986572,547.504638672,362.527496338,298.325592041,182.060897827,277.748016357,403.538970947,191.904693604,453.929412842,280.707275391,263.512969971,59.0180931091,8.6355266571,3.81361842155,0.66715657711,0.197217136621,0.146995842457,0.00310813030228,0.000951013003942,0.00331601942889,0.00220649596304,0.00139305263292,0.00123496423475,0.0000260851920757],"dvar2":[0.595121264458,10.1402368546,37.6483306885,108.714401245,598.804931641,959.987976074,1578.65026855,1063.70275879,927.362365723,2153.50805664,1105.8807373,1747.76477051,1248.04406738,2322.00366211,3560.83666992,2001.90600586,780.069519043,1565.3572998,981.149963379,789.501586914,460.016479492,616.549743652,824.116149902,356.421783447,883.993835449,493.329376221,493.860900879,110.262916565,16.6735115051,7.55957126617,1.22790288925,0.37305149436,0.277055740356,0.00767725287005,0.00246067205444,0.0066040372476,0.00381189258769,0.00239774258807,0.00207182625309,0.0000497679684486],"max":[6.06794548035,23.0007534027,84.9089889526,97.7838287354,378.57623291,340.289215088,589.270080566,363.91696167,544.021789551,668.700866699,734.500793457,717.267578125,742.548461914,432.710632324,593.965515137,601.912597656,309.588348389,373.262390137,449.265563965,396.717773438,216.483886719,498.557434082,437.946228027,455.723236084,558.204589844,346.882354736,367.503723145,164.726089478,76.3460464478,67.5225524902,32.2857131958,9.18556213379,6.12819623947,0.965471923351,0.446201920509,1.23813569546,0.911831259727,0.798333466053,0.735680222511,0.137761905789],"mean":[0.76677441597,2.65522885323,4.87367725372,8.56147956848,15.2523794174,13.291806221,19.7895431519,21.0652942657,20.4361934662,37.7190818787,21.7315330505,25.3921031952,23.1773586273,43.7833251953,62.9664535522,42.6750831604,33.4873809814,42.3138656616,33.6034393311,35.5129776001,23.7186965942,21.5767116547,17.2530021667,11.8396654129,14.5130596161,12.5130758286,11.6956787109,6.30053091049,2.90749621391,1.66488158703,0.88067471981,0.531349003315,0.400219917297,0.0556713715196,0.0228755753487,0.0613330490887,0.0597029738128,0.0518612377346,0.0460179746151,0.0175615660846],"median":[0.597114682198,2.05286693573,3.48380327225,6.29559135437,8.95515823364,6.24483823776,9.83807373047,13.2047185898,13.4157676697,24.1585140228,14.8703775406,16.09856987,12.8956451416,32.8150062561,51.0405731201,33.1058425903,27.2832450867,35.4333572388,28.0522499084,30.1170883179,18.3484802246,14.1351079941,7.13352966309,3.54944729805,3.23292446136,2.73814702034,2.34872102737,1.68788003922,1.06852054596,0.613360583782,0.364352017641,0.237546980381,0.151402413845,0.0313835591078,0.0117104630917,0.026629993692,0.0271027199924,0.0228818207979,0.0169899761677,0.0127846524119],"min":[4.41008284065e-22,1.01632083144e-21,6.17236235804e-21,1.27486651204e-20,9.16189770108e-21,2.7395763061e-20,4.02045811756e-19,4.36127462451e-19,8.62447044379e-19,9.37096992735e-19,9.76229149756e-19,2.26319820919e-18,3.45515016904e-18,2.29731031047e-18,2.70872099584e-18,2.94151960551e-18,3.62295058054e-18,5.31644985633e-18,7.73638204119e-18,1.13908924572e-17,6.53221055575e-18,9.62368228988e-18,1.10482072459e-17,1.22221825031e-17,9.32277300818e-18,1.41890906139e-17,1.78689723137e-17,1.66817216349e-17,1.92412004298e-17,1.08407073349e-17,1.34497061244e-17,1.26467230263e-17,1.42227899521e-17,1.08352156828e-17,9.4751959253e-18,5.66937969956e-18,3.46705495242e-18,1.34584188178e-18,4.14587162312e-19,3.52620665095e-20],"var":[0.521595418453,6.09312963486,21.9623470306,65.4024887085,366.203308105,483.065704346,1167.67822266,686.798950195,655.544494629,1905.94311523,786.819519043,1074.21533203,1005.26361084,1596.32788086,2437.97314453,1327.08117676,637.133056641,873.075927734,680.265197754,653.144958496,413.236602783,699.93548584,1069.05395508,598.520751953,1294.23840332,987.826293945,943.369995117,219.642059326,28.8076648712,9.77827644348,2.07519841194,0.577826440334,0.376235336065,0.00474153552204,0.00103323487565,0.00799139216542,0.00703632598743,0.00536655355245,0.00573090370744,0.000206073746085]},"erbbands_crest":{"dmean":2.0036277771,"dmean2":3.34223937988,"dvar":3.35735464096,"dvar2":8.4896478653,"max":23.4426727295,"mean":6.92088890076,"median":6.33783435822,"min":2.50519371033,"var":6.64632225037},"erbbands_flatness_db":{"dmean":0.0199329443276,"dmean2":0.0285025071353,"dvar":0.00031401735032,"dvar2":0.000707904284354,"max":0.340462237597,"mean":0.138640761375,"median":0.133719816804,"min":0.0477379560471,"var":0.00143314956222},"erbbands_kurtosis":{"dmean":0.619212269783,"dmean2":0.998478353024,"dvar":0.446074813604,"dvar2":1.17948651314,"max":19.4806213379,"mean":0.20508761704,"median":0.0155229568481,"min":-1.68160557747,"var":1.00213217735},"erbbands_skewness":{"dmean":0.272128939629,"dmean2":0.420170009136,"dvar":0.0508521236479,"dvar2":0.118176400661,"max":4.1838850975,"mean":-0.0837262645364,"median":-0.0698194056749,"min":-1.98077404499,"var":0.305327802896},"erbbands_spread":{"dmean":5.43262529373,"dmean2":8.43282699585,"dvar":22.3690738678,"dvar2":52.7199440002,"max":167.46257019,"mean":29.2465114594,"median":27.9314613342,"min":6.59673309326,"var":100.269058228},"gfcc":{"cov":[[8372.08203125,-378.652099609,-548.18762207,76.4977111816,-274.040161133,-432.102478027,86.4313430786,-231.522109985,-112.926208496,-61.4115524292,-40.2526054382,0.58578234911,-37.0799560547],[-378.652099609,1001.11175537,-41.3443031311,-364.763763428,214.662017822,44.9791984558,-94.1297073364,-27.4696903229,89.3154144287,-40.7376060486,31.5234470367,-37.1278419495,88.9224624634],[-548.18762207,-41.3443031311,323.32409668,98.676109314,-58.4168739319,152.061889648,-14.5878973007,87.3096466064,-23.4501876831,54.7584724426,4.30571985245,15.158372879,15.4520750046],[76.4977111816,-364.763763428,98.676109314,337.56930542,-29.194776535,-20.5210762024,126.455436707,4.83623123169,-17.1835918427,36.7732772827,-4.52909326553,31.6263828278,-40.3419647217],[-274.040161133,214.662017822,-58.4168739319,-29.194776535,171.1456604,14.4939136505,27.082862854,-3.46672725677,46.3760948181,-10.8083772659,25.6141052246,-10.5439167023,16.2356338501],[-432.102478027,44.9791984558,152.061889648,-20.5210762024,14.4939136505,186.789108276,-31.1843929291,78.9608917236,2.34169793129,33.8112983704,5.47544956207,11.3881921768,21.679058075],[86.4313430786,-94.1297073364,-14.5878973007,126.455436707,27.082862854,-31.1843929291,154.441726685,0.379274368286,40.5236320496,18.3432292938,12.400015831,15.4572019577,-16.8357467651],[-231.522109985,-27.4696903229,87.3096466064,4.83623123169,-3.46672725677,78.9608917236,0.379274368286,111.312843323,25.9222011566,41.5039596558,17.1161174774,1.27990460396,14.9507360458],[-112.926208496,89.3154144287,-23.4501876831,-17.1835918427,46.3760948181,2.34169793129,40.5236320496,25.9222011566,92.4527206421,35.6076660156,23.4656658173,7.7416934967,0.427188307047],[-61.4115524292,-40.7376060486,54.7584724426,36.7732772827,-10.8083772659,33.8112983704,18.3432292938,41.5039596558,35.6076660156,70.0730285645,31.455537796,13.3924026489,6.43087148666],[-40.2526054382,31.5234470367,4.30571985245,-4.52909326553,25.6141052246,5.47544956207,12.400015831,17.1161174774,23.4656658173,31.455537796,50.6110038757,21.6350421906,14.4377241135],[0.58578234911,-37.1278419495,15.158372879,31.6263828278,-10.5439167023,11.3881921768,15.4572019577,1.27990460396,7.7416934967,13.3924026489,21.6350421906,51.6224441528,19.3046131134],[-37.0799560547,88.9224624634,15.4520750046,-40.3419647217,16.2356338501,21.679058075,-16.8357467651,14.9507360458,0.427188307047,6.43087148666,14.4377241135,19.3046131134,55.8118896484]],"icov":[[0.000167782141943,-0.000145134021295,0.00052829523338,-0.0003030730295,0.000608365633525,-0.0000883371321834,-0.0000884278997546,0.0000402475779993,0.000221122347284,-0.0000936156939133,-0.000232338541537,0.000266383518465,-0.000225683586905],[-0.000145134021295,0.00401655817404,-0.00369059946388,0.00428972486407,-0.00446496717632,0.00131005863659,-0.0000137340575748,0.00294473813847,-0.0035421163775,0.00151173083577,0.000237529515289,0.00124304031488,-0.00301479431801],[0.00052829523338,-0.00369059946388,0.0128666888922,-0.00891417544335,0.00958427973092,-0.00868762936443,0.00159163679928,-0.00254204589874,0.00205548224039,0.000234533581533,-0.00523767620325,0.00525659089908,-0.00253304606304],[-0.0003030730295,0.00428972486407,-0.00891417544335,0.0162649955601,-0.0118295652792,0.008530523628,-0.0070561831817,-0.0000692659014021,0.00706834252924,-0.0110931387171,0.0131201064214,-0.0129309119657,0.00750916451216],[0.000608365633525,-0.00446496717632,0.00958427973092,-0.0118295652792,0.0228854157031,-0.0113957105204,0.00070647202665,0.00248940452002,-0.00905715301633,0.0151347201318,-0.0200409200042,0.0172639209777,-0.00883243139833],[-0.0000883371321834,0.00131005863659,-0.00868762936443,0.008530523628,-0.0113957105204,0.0183080770075,-0.000847830320708,-0.00728662731126,0.00744874449447,-0.011420480907,0.015056271106,-0.014655568637,0.00675833644345],[-0.0000884278997546,-0.0000137340575748,0.00159163679928,-0.0070561831817,0.00070647202665,-0.000847830320708,0.0136949382722,0.000427088991273,-0.00847733672708,0.0049935085699,-0.00435423897579,0.00249782716855,-0.00168544962071],[0.0000402475779993,0.00294473813847,-0.00254204589874,-0.0000692659014021,0.00248940452002,-0.00728662731126,0.000427088991273,0.0208770427853,-0.0104675553739,0.00296069262549,-0.00879122875631,0.01247988455,-0.00967220962048],[0.000221122347284,-0.0035421163775,0.00205548224039,0.00706834252924,-0.00905715301633,0.00744874449447,-0.00847733672708,-0.0104675553739,0.034993223846,-0.0266233142465,0.0163212455809,-0.0191665720195,0.0155258765444],[-0.0000936156939133,0.00151173083577,0.000234533581533,-0.0110931387171,0.0151347201318,-0.011420480907,0.0049935085699,0.00296069262549,-0.0266233142465,0.0523962415755,-0.0366682969034,0.0228872355074,-0.0140718314797],[-0.000232338541537,0.000237529515289,-0.00523767620325,0.0131201064214,-0.0200409200042,0.015056271106,-0.00435423897579,-0.00879122875631,0.0163212455809,-0.0366682969034,0.0603288635612,-0.0349251106381,0.0119979437441],[0.000266383518465,0.00124304031488,0.00525659089908,-0.0129309119657,0.0172639209777,-0.014655568637,0.00249782716855,0.01247988455,-0.0191665720195,0.0228872355074,-0.0349251106381,0.0538689121604,-0.0266129560769],[-0.000225683586905,-0.00301479431801,-0.00253304606304,0.00750916451216,-0.00883243139833,0.00675833644345,-0.00168544962071,-0.00967220962048,0.0155258765444,-0.0140718314797,0.0119979437441,-0.0266129560769,0.0383305065334]],"mean":[30.7271499634,104.625648499,-92.8289718628,-2.62806129456,-9.71134376526,-6.51007032394,-3.95660996437,-16.5395336151,-0.0903191640973,-6.59244775772,-4.707447052,-1.27926194668,-5.61277484894]},"hfc":{"dmean":25.130197525,"dmean2":38.1660385132,"dvar":996.202697754,"dvar2":2371.0456543,"max":788.384277344,"mean":134.778381348,"median":85.653137207,"min":1.13286553879e-16,"var":12783.1435547},"melbands":{"dmean":[0.00228797574528,0.00151076784823,0.000955180730671,0.000730114581529,0.000430990417954,0.000292932527373,0.000184190372238,0.00021443728474,0.000104542232293,0.0000922299004742,0.0000700909513398,0.0000922848557821,0.000144061254105,0.000072132985224,0.0000334759424732,0.0000436980408267,0.0000385112325603,0.0000254370061157,0.0000258054478763,0.0000183927440958,0.0000128603142002,0.0000112897641884,0.00000970324981608,0.00000769611506257,0.00000484026440972,0.00000631401553619,0.0000052525274441,0.0000043940553951,0.00000419018533648,0.00000317875606015,0.00000158081377322,9.28799522626e-7,6.98720782566e-7,4.57189685221e-7,3.02202550984e-7,2.0245992971e-7,1.86299018878e-7,2.03280649202e-7,8.25738979415e-8,2.69368936046e-8],"dmean2":[0.00366452406161,0.00249238708057,0.00158000737429,0.00118686165661,0.000689203559887,0.00046991740237,0.000299737090245,0.000337369303452,0.000172302301507,0.000153105400386,0.000115511807962,0.000153598695761,0.000234618215472,0.000120400327432,0.0000552041601622,0.0000734603672754,0.0000658118951833,0.0000426595179306,0.0000434902030975,0.0000310202340188,0.0000212124214158,0.0000180236947926,0.0000150159339682,0.0000116338551379,0.00000713876033842,0.00000918783098314,0.0000074244494499,0.00000617475734543,0.00000591551315665,0.00000456982479591,0.00000224992595577,0.00000130242131036,9.79238052423e-7,6.47251795272e-7,4.27354137855e-7,2.82430733023e-7,2.55386908066e-7,2.74359962305e-7,1.23507973626e-7,4.54849633513e-8],"dvar":[0.0000117238196253,0.00000374673231818,0.00000145283377151,0.00000154322435719,5.80902849379e-7,2.21148923174e-7,7.22963022781e-8,8.42667944312e-8,3.39094299306e-8,2.53021568142e-8,1.35663604794e-8,1.60547397599e-8,2.77059886145e-8,7.24633952842e-9,2.04582173424e-9,2.1658144167e-9,1.7747598946e-9,1.11114406565e-9,8.24834422986e-10,4.11178591175e-10,3.3239583308e-10,3.51733364656e-10,4.45759956724e-10,3.2517838422e-10,1.23815818709e-10,3.06450198551e-10,1.97377877931e-10,1.37652458876e-10,1.35151792535e-10,7.72131525384e-11,1.29742128499e-11,3.70729098462e-12,1.9947932195e-12,1.0395122263e-12,3.00700978874e-13,1.0118417741e-13,8.61714874261e-14,1.01414563596e-13,1.54643160934e-14,1.64137790409e-15],"dvar2":[0.0000303100532619,0.0000100971128631,0.00000389200567952,0.0000037335230445,0.00000139196674809,5.56088082249e-7,1.80825722396e-7,1.95386334667e-7,8.77115624576e-8,6.75036631037e-8,3.38226762153e-8,4.30328910284e-8,7.13944530162e-8,1.89719706611e-8,5.38748912149e-9,5.89287330044e-9,5.02936270408e-9,2.96394175869e-9,2.23095408813e-9,1.100776581e-9,8.61296534094e-10,8.36870017729e-10,9.72511737807e-10,7.02166991218e-10,2.52376286536e-10,6.4200722516e-10,3.81762926827e-10,2.62302179976e-10,2.72596084594e-10,1.65153918319e-10,2.61526945933e-11,7.87341459391e-12,4.13203629299e-12,2.10218951621e-12,5.90598858881e-13,2.04236096351e-13,1.7143258384e-13,1.90533962848e-13,3.41838475657e-14,4.25411498088e-15],"max":[0.0410737581551,0.0393381379545,0.0212631896138,0.0239971894771,0.0155944610015,0.00834667589515,0.00716441171244,0.00623627845198,0.0063075311482,0.0046690152958,0.00393290212378,0.00186778476927,0.00281566986814,0.00143466936424,0.00115170807112,0.000957522541285,0.000644403742626,0.00076270243153,0.000576688267756,0.0003330091713,0.000289772928227,0.000553103222046,0.000456689740531,0.00044427573448,0.000345844513504,0.000479924405226,0.000441503041657,0.000235664017964,0.00026256867568,0.000194291744265,0.0000847266128403,0.0000477838839288,0.0000363129111065,0.0000387099353247,0.0000196026012418,0.00000957248357736,0.00000670553163218,0.00000507798586113,0.00000187772945992,5.65137497688e-7],"mean":[0.00566464196891,0.00290942983702,0.00172254245263,0.00107034994289,0.00064813561039,0.000496786728036,0.000330292270519,0.000363502243999,0.000178850867087,0.000153415036038,0.000115382790682,0.000170421393705,0.000244193244725,0.000133493493195,0.0000653878814774,0.0000872162418091,0.0000736792426324,0.0000501545764564,0.0000541031949979,0.0000388238149753,0.0000255949544226,0.0000227655418712,0.0000182414987648,0.0000134613028422,0.00000876174726727,0.0000108456360977,0.00000949000514083,0.00000803420880402,0.00000757895577408,0.00000575843705519,0.00000293890752801,0.00000169891563928,0.00000119229218853,8.10410142549e-7,5.36569643828e-7,3.52043883822e-7,3.12318974238e-7,3.27360112351e-7,1.17933417698e-7,2.61303636506e-8],"median":[0.00471199862659,0.00226393295452,0.00130057591014,0.000569400377572,0.00032896240009,0.000309554859996,0.000229085533647,0.000235407991568,0.000118556999951,0.0000947239022935,0.0000614758318989,0.00012228419655,0.000183154887054,0.000105065628304,0.0000484513584524,0.0000719781965017,0.0000610365677858,0.0000401042416343,0.0000455689369119,0.0000319126411341,0.0000182986841537,0.0000153326018335,0.00000879925573827,0.00000474726266475,0.00000253678445006,0.00000239422570303,0.00000212505665331,0.00000168070050677,0.00000144039358929,0.00000122219876175,8.89645718871e-7,6.17791215518e-7,4.39043844835e-7,2.87610930627e-7,2.16774083128e-7,1.561192704e-7,1.33103711164e-7,1.18640244295e-7,5.11321189833e-8,1.08436459811e-8],"min":[3.10224323587e-24,2.32455378435e-24,1.81998927747e-24,5.44515578564e-25,1.13793043583e-23,1.03505926614e-23,1.25759290432e-23,9.86279499868e-24,7.28253510734e-24,1.49903735277e-23,1.74125709372e-23,9.77175098388e-24,8.14976066602e-24,7.70448339491e-24,7.14749631986e-24,7.73680065961e-24,1.06268028411e-23,9.42564851691e-24,2.2526499017e-23,7.96338596628e-24,7.50325365545e-24,1.10717590458e-23,8.23484483668e-24,1.06264486425e-23,1.02279547674e-23,5.79151778785e-24,8.64088889953e-24,9.59819606271e-24,1.12454401847e-23,1.0354446247e-23,8.86663406934e-24,1.05714295387e-23,7.43368558994e-24,5.84452884625e-24,7.20297769619e-24,7.62552867348e-24,7.84550253691e-24,9.46624487681e-24,1.06307794889e-23,8.62780090826e-24],"var":[0.0000253044017882,0.00000617981868345,0.00000245734486271,0.00000226021120397,0.00000101548550901,3.92009837924e-7,1.34059575885e-7,1.71388194303e-7,5.99725211714e-8,4.1434180531e-8,2.70411195658e-8,2.86008656758e-8,4.77725059511e-8,1.22584298268e-8,3.63609675702e-9,4.06506428519e-9,2.80963408095e-9,1.93257498893e-9,1.62176394536e-9,8.27203916476e-10,6.43816167045e-10,7.38690664193e-10,1.04593977923e-9,7.57622409253e-10,3.39679423478e-10,7.56402829261e-10,5.74175818002e-10,4.30886548664e-10,4.22644280684e-10,2.36744096549e-10,4.22599837069e-11,1.05887763835e-11,4.64240104692e-12,2.55866877165e-12,8.45274913432e-13,2.6900356942e-13,2.23849489834e-13,2.5970352713e-13,3.01870548415e-14,1.68971182752e-15]},"melbands_crest":{"dmean":3.48394012451,"dmean2":5.61405658722,"dvar":9.8436498642,"dvar2":25.9865474701,"max":37.7288627625,"mean":16.6655693054,"median":15.9234991074,"min":2.50219416618,"var":39.3314056396},"melbands_flatness_db":{"dmean":0.0290231443942,"dmean2":0.0428578332067,"dvar":0.000634065072518,"dvar2":0.00146525143646,"max":0.657105445862,"mean":0.24514529109,"median":0.239867076278,"min":0.00954288616776,"var":0.004566159565},"melbands_kurtosis":{"dmean":6.58831644058,"dmean2":10.6267671585,"dvar":1839.73486328,"dvar2":4541.65966797,"max":2866.94165039,"mean":15.8668622971,"median":6.72197389603,"min":-1.58483684063,"var":9765.5546875},"melbands_skewness":{"dmean":0.604892015457,"dmean2":0.96052467823,"dvar":0.44119104743,"dvar2":1.08951294422,"max":41.1384963989,"mean":2.66690349579,"median":2.43178749084,"min":-0.782727539539,"var":3.96382808685},"melbands_spread":{"dmean":4.88342571259,"dmean2":7.44577455521,"dvar":34.1388664246,"dvar2":68.6032028198,"max":183.513442993,"mean":18.643661499,"median":15.9985084534,"min":0.109177596867,"var":175.757644653},"mfcc":{"cov":[[5371.58691406,-405.505340576,-373.393188477,428.798858643,-487.974151611,3.32293009758,-117.401451111,-28.162322998,-196.102859497,52.9199447632,-192.622817993,24.7651767731,-157.545120239],[-405.505340576,1207.48181152,-181.112564087,-336.112487793,219.112030029,-15.9899950027,-78.7666854858,-40.5167922974,63.6761016846,-91.0725402832,47.1170158386,-34.5580444336,67.643157959],[-373.393188477,-181.112564087,402.45489502,-24.0970592499,29.0736122131,17.2710189819,67.6616821289,11.1275625229,28.1594696045,29.5102748871,19.9701843262,1.46660780907,-9.39639759064],[428.798858643,-336.112487793,-24.0970592499,347.605834961,-122.452461243,54.8349151611,31.6985244751,29.8969631195,-31.2061386108,54.0392303467,-18.9977970123,17.8218708038,-14.6140985489],[-487.974151611,219.112030029,29.0736122131,-122.452461243,178.906677246,1.60804700851,20.7061748505,-2.00799489021,37.5602149963,-24.8056812286,33.866645813,-3.67485380173,32.2936286926],[3.32293009758,-15.9899950027,17.2710189819,54.8349151611,1.60804700851,93.1436386108,21.0429897308,24.0942115784,5.2412610054,11.5931968689,-2.53669691086,16.0199546814,6.75856781006],[-117.401451111,-78.7666854858,67.6616821289,31.6985244751,20.7061748505,21.0429897308,83.7641830444,20.854139328,17.3797073364,11.9182252884,10.6643218994,0.212886944413,9.84117031097],[-28.162322998,-40.5167922974,11.1275625229,29.8969631195,-2.00799489021,24.0942115784,20.854139328,59.9259109497,16.8521842957,19.6436481476,0.481817185879,8.18852329254,1.15059900284],[-196.102859497,63.6761016846,28.1594696045,-31.2061386108,37.5602149963,5.2412610054,17.3797073364,16.8521842957,67.8840026855,19.582326889,27.0722637177,6.98498439789,23.080663681],[52.9199447632,-91.0725402832,29.5102748871,54.0392303467,-24.8056812286,11.5931968689,11.9182252884,19.6436481476,19.582326889,71.8270721436,19.208322525,28.535326004,1.09666669369],[-192.622817993,47.1170158386,19.9701843262,-18.9977970123,33.866645813,-2.53669691086,10.6643218994,0.481817185879,27.0722637177,19.208322525,62.38438797,18.8872833252,28.6849994659],[24.7651767731,-34.5580444336,1.46660780907,17.8218708038,-3.67485380173,16.0199546814,0.212886944413,8.18852329254,6.98498439789,28.535326004,18.8872833252,62.1851272583,19.5321712494],[-157.545120239,67.643157959,-9.39639759064,-14.6140985489,32.2936286926,6.75856781006,9.84117031097,1.15059900284,23.080663681,1.09666669369,28.6849994659,19.5321712494,60.3225097656]],"icov":[[0.000292041135253,-0.0000913563271752,0.000171277482877,-0.000145912476,0.000547289091628,0.0000443292592536,-0.0000712333931006,0.000178747897735,0.000243917107582,-0.000223893628572,0.000484595482703,-0.000312938296702,0.000348387489794],[-0.0000913563271752,0.0017228142824,0.000694307265803,0.00106637354475,-0.00125745427795,-0.000988857238553,0.00133046065457,0.000300815299852,-0.00101916689891,0.000629654969089,-0.000764777301811,0.00113899423741,-0.000869435374625],[0.000171277482877,0.000694307265803,0.0035998316016,0.00105310918298,-0.000142986245919,-0.000930641777813,-0.00218328880146,0.000982177560218,-0.00066925608553,-0.00116498966236,-0.000534851977136,0.000368020060705,0.0014153313823],[-0.000145912476,0.00106637354475,0.00105310918298,0.00599415320903,0.00202057394199,-0.00299575948156,-0.00172737636603,-0.000424016994657,0.00187435734551,-0.00287860818207,-0.000453171203844,0.00153735349886,-0.00136394542642],[0.000547289091628,-0.00125745427795,-0.000142986245919,0.00202057394199,0.0115322005004,-0.000973832095042,-0.00343830976635,0.0000884984765435,-0.00130943662953,0.00246165436693,-0.00215971330181,-0.000736729882192,-0.000476922490634],[0.0000443292592536,-0.000988857238553,-0.000930641777813,-0.00299575948156,-0.000973832095042,0.0146975414827,-0.00188283540774,-0.00404904223979,0.000133511173772,0.000906403001864,0.00289107393473,-0.00414712028578,-0.000486602570163],[-0.0000712333931006,0.00133046065457,-0.00218328880146,-0.00172737636603,-0.00343830976635,-0.00188283540774,0.0186105296016,-0.00369698717259,-0.00212348112836,0.000638605328277,-0.00131308380514,0.00330433715135,-0.00299518485554],[0.000178747897735,0.000300815299852,0.000982177560218,-0.000424016994657,0.0000884984765435,-0.00404904223979,-0.00369698717259,0.0227608475834,-0.00545607553795,-0.00379250803962,0.00314379506744,-0.000877752201632,0.00170086638536],[0.000243917107582,-0.00101916689891,-0.00066925608553,0.00187435734551,-0.00130943662953,0.000133511173772,-0.00212348112836,-0.00545607553795,0.0255993437022,-0.00855276174843,-0.00336559535936,0.00333913089707,-0.00585383828729],[-0.000223893628572,0.000629654969089,-0.00116498966236,-0.00287860818207,0.00246165436693,0.000906403001864,0.000638605328277,-0.00379250803962,-0.00855276174843,0.0271134916693,-0.00751060154289,-0.00930281635374,0.00574233196676],[0.000484595482703,-0.000764777301811,-0.000534851977136,-0.000453171203844,-0.00215971330181,0.00289107393473,-0.00131308380514,0.00314379506744,-0.00336559535936,-0.00751060154289,0.0281935390085,-0.00406156713143,-0.0077507365495],[-0.000312938296702,0.00113899423741,0.000368020060705,0.00153735349886,-0.000736729882192,-0.00414712028578,0.00330433715135,-0.000877752201632,0.00333913089707,-0.00930281635374,-0.00406156713143,0.0253863669932,-0.00872514117509],[0.000348387489794,-0.000869435374625,0.0014153313823,-0.00136394542642,-0.000476922490634,-0.000486602570163,-0.00299518485554,0.00170086638536,-0.00585383828729,0.00574233196676,-0.0077507365495,-0.00872514117509,0.0277647189796]],"mean":[-631.65032959,166.780960083,-18.415977478,23.4630432129,6.06018877029,21.6899471283,-0.00119011593051,7.663210392,1.89638018608,4.25060892105,-4.32257080078,7.63790369034,0.843923866749]},"pitch_salience":{"dmean":0.0676519721746,"dmean2":0.110175281763,"dvar":0.00344358803704,"dvar2":0.00899129826576,"max":0.920295596123,"mean":0.562068104744,"median":0.574164032936,"min":0.0208171773702,"var":0.0132056772709},"silence_rate_20dB":{"dmean":0,"dmean2":0,"dvar":0,"dvar2":0,"max":1,"mean":1,"median":1,"min":1,"var":0},"silence_rate_30dB":{"dmean":0.0162134431303,"dmean2":0.0324302129447,"dvar":0.0159486122429,"dvar2":0.04266288504,"max":1,"mean":0.989021122456,"median":1,"min":0,"var":0.0108592435718},"silence_rate_60dB":{"dmean":0.000205233460292,"dmean2":0.000410509033827,"dvar":0.00020519134705,"dvar2":0.000410292996094,"max":1,"mean":0.0154935354367,"median":0,"min":0,"var":0.0152537152171},"spectral_centroid":{"dmean":195.24079895,"dmean2":277.763763428,"dvar":54674.9414062,"dvar2":82279.2578125,"max":10944.2666016,"mean":1075.29748535,"median":910.032470703,"min":114.850364685,"var":366318.21875},"spectral_complexity":{"dmean":3.78040027618,"dmean2":5.61247968674,"dvar":14.0084486008,"dvar2":24.0804748535,"max":63,"mean":27.1442642212,"median":25,"min":0,"var":100.002693176},"spectral_contrast_coeffs":{"dmean":[0.0521023571491,0.0480896793306,0.0373786389828,0.0257491841912,0.0224458985031,0.0344472452998],"dmean2":[0.085800729692,0.0806176587939,0.0629090592265,0.0439636148512,0.0371387153864,0.0531672351062],"dvar":[0.00171509734355,0.00139700120781,0.000825305352919,0.000376855634386,0.000412138499087,0.000951787515078],"dvar2":[0.00462526502088,0.00391274737194,0.00229506217875,0.00109007640276,0.00108419684693,0.00217143679038],"max":[-0.329435646534,-0.501151621342,-0.611720621586,-0.689674913883,-0.575817644596,-0.442264288664],"mean":[-0.681140959263,-0.7678129673,-0.79442769289,-0.813924252987,-0.809073925018,-0.736230492592],"median":[-0.687004387379,-0.770427703857,-0.795772194862,-0.813637435436,-0.813111484051,-0.735936641693],"min":[-0.973737120628,-0.964777946472,-0.971083521843,-0.978521347046,-0.975358128548,-0.95737105608],"var":[0.00580998603255,0.00329450424761,0.00196948647499,0.000905064691324,0.00161172286607,0.00481512164697]},"spectral_contrast_valleys":{"dmean":[0.350367486477,0.325579345226,0.270996630192,0.212909460068,0.320165097713,0.523000180721],"dmean2":[0.579854130745,0.542794585228,0.447436451912,0.350230097771,0.441216737032,0.814306020737],"dvar":[0.0970299243927,0.0825889110565,0.0638105645776,0.0498131848872,0.114523023367,0.227954268456],"dvar2":[0.231491595507,0.197737842798,0.143104910851,0.102174960077,0.223689094186,0.603263616562],"max":[-4.93511104584,-4.5754160881,-5.26013278961,-5.64828014374,-5.15550470352,-8.93811893463],"mean":[-6.43299245834,-6.10941267014,-6.4881362915,-6.82499217987,-7.44578933716,-10.8047170639],"median":[-6.2751121521,-6.0031671524,-6.36649942398,-6.70129394531,-7.38976860046,-10.6546726227],"min":[-26.9479312897,-26.8399467468,-26.8905506134,-27.2609424591,-27.3005924225,-27.3324966431],"var":[0.835774362087,0.879499852657,0.867592513561,0.830293595791,1.13558876514,0.817705988884]},"spectral_decrease":{"dmean":3.13003178931e-9,"dmean2":5.01905228489e-9,"dvar":1.40765427654e-17,"dvar2":3.49434541926e-17,"max":4.53672877043e-9,"mean":-1.08059108328e-8,"median":-1.02203685515e-8,"min":-4.6925404007e-8,"var":3.17552883536e-17},"spectral_energy":{"dmean":0.0122137023136,"dmean2":0.0194252561778,"dvar":0.000207425211556,"dvar2":0.000512428057846,"max":0.182703793049,"mean":0.0530088283122,"median":0.0523310340941,"min":1.00210839025e-20,"var":0.000535735918675},"spectral_energyband_high":{"dmean":0.00036969978828,"dmean2":0.000447695027106,"dvar":4.39004821828e-7,"dvar2":6.69522648877e-7,"max":0.0129933897406,"mean":0.000916605698876,"median":0.000368028413504,"min":7.49367069939e-21,"var":0.00000219098228627},"spectral_energyband_low":{"dmean":0.00948391016573,"dmean2":0.0153905916959,"dvar":0.00015565425565,"dvar2":0.000399414129788,"max":0.144032478333,"mean":0.0256649572402,"median":0.0230510048568,"min":2.04616729526e-23,"var":0.000343233667081},"spectral_energyband_middle_high":{"dmean":0.00190877972636,"dmean2":0.00295451749116,"dvar":0.00000359899740943,"dvar2":0.0000081304970081,"max":0.0348157249391,"mean":0.0072484514676,"median":0.00653723720461,"min":1.47105882935e-21,"var":0.0000146239271999},"spectral_energyband_middle_low":{"dmean":0.00562816578895,"dmean2":0.00899074040353,"dvar":0.0000483564253955,"dvar2":0.000118860858493,"max":0.138980194926,"mean":0.0149663360789,"median":0.0122534837574,"min":3.09323947726e-22,"var":0.000111216235382},"spectral_entropy":{"dmean":0.156038090587,"dmean2":0.223583698273,"dvar":0.0231402236968,"dvar2":0.0529508665204,"max":9.79874515533,"mean":7.54218006134,"median":7.56459474564,"min":5.41391468048,"var":0.100654743612},"spectral_flux":{"dmean":0.0227493643761,"dmean2":0.0358537770808,"dvar":0.000573655182961,"dvar2":0.00125418475363,"max":0.313871234655,"mean":0.111280240119,"median":0.107330158353,"min":1.001053615e-10,"var":0.0016541373916},"spectral_kurtosis":{"dmean":5.03026294708,"dmean2":7.44676303864,"dvar":43.7599983215,"dvar2":112.56968689,"max":97.7670516968,"mean":18.2952899933,"median":15.2821884155,"min":-1.22352826595,"var":115.936355591},"spectral_rms":{"dmean":0.000800590554718,"dmean2":0.00126094883308,"dvar":7.07683568635e-7,"dvar2":0.00000171038504959,"max":0.0133509403095,"mean":0.00697899004444,"median":0.00714525487274,"min":3.12676620706e-12,"var":0.00000300941610476},"spectral_rolloff":{"dmean":1924.44348145,"dmean2":3573.11279297,"dvar":24232264,"dvar2":62507712,"max":22006.9335938,"mean":5835.05419922,"median":1485.79101562,"min":43.06640625,"var":68617824},"spectral_skewness":{"dmean":0.370647609234,"dmean2":0.521575093269,"dvar":0.156301543117,"dvar2":0.362851411104,"max":6.6813826561,"mean":2.83266115189,"median":2.74890136719,"min":0.0119212819263,"var":0.677637279034},"spectral_spread":{"dmean":473887.8125,"dmean2":673530.1875,"dvar":299420745728,"dvar2":506955333632,"max":42550660,"mean":3656244.75,"median":3624100.75,"min":1203007.25,"var":1005699661820},"spectral_strongpeak":{"dmean":1.00030481815,"dmean2":1.88779473305,"dvar":54.2272109985,"dvar2":150.292419434,"max":196.72795105,"mean":1.06779909134,"median":0.274726808071,"min":0,"var":52.9611663818},"zerocrossingrate":{"dmean":0.0232813209295,"dmean2":0.0297660138458,"dvar":0.000412968336605,"dvar2":0.000662677281071,"max":0.62060546875,"mean":0.182518795133,"median":0.1630859375,"min":0.00390625,"var":0.00767367426306}},"metadata":{"audio_properties":{"analysis_sample_rate":44100,"bit_rate":241691,"codec":"mp3","downmix":"mix","equal_loudness":0,"length":226.273712158,"lossless":false,"md5_encoded":"d46ee9c2091476803d676207ce250acf","replay_gain":-11.7601070404,"sample_rate":44100},"tags":{"acoustid_id":["9e799349-5588-4a49-a214-89d24e9df0ba"],"album":["Accelerate"],"albumartist":["R.E.M."],"albumartistsort":["R.E.M."],"artist":["R.E.M."],"artistsort":["R.E.M."],"asin":["B00140AI5M"],"barcode":["093624987413"],"catalognumber":["9362-49874-1"],"date":["2008"],"discnumber":["1/1"],"encoding":["LAME"],"file_name":"08-r.e.m.-mr._richards.mp3","genre":["Rock"],"isrc":["USWB10705624"],"label":["Warner Bros. Records"],"language":["eng"],"media":["CD"],"musicbrainz album release country":["GB"],"musicbrainz album status":["official"],"musicbrainz album type":["album"],"musicbrainz_albumartistid":["ea4dfa26-f633-4da6-a52a-f49ea4897b58"],"musicbrainz_albumid":["ea10e71e-39c1-3839-8e04-bb07185842b9"],"musicbrainz_artistid":["ea4dfa26-f633-4da6-a52a-f49ea4897b58"],"musicbrainz_recordingid":["0917c599-2343-4ece-be41-ecb9540800a2"],"musicbrainz_releasegroupid":["20829bc2-ea4e-37c5-a72d-1df9fb6d27ca"],"originaldate":["2008"],"release type":["Normal release"],"rip date":["2008-03-15"],"ripping tool":["EAC"],"script":["Latn"],"source":["CD (LP)"],"title":["Mr. Richards"],"tracknumber":["8/11"]},"version":{"essentia":"2.1-beta1","essentia_build_sha":"ca57ba49d9b1854bd80e60cf9ccf267278fb7d6b","essentia_git_sha":"v2.1_beta1-28-g21ef5f4-dirty","extractor":"music 1.0"}},"rhythm":{"beats_count":579,"beats_loudness":{"dmean":0.0197366755456,"dmean2":0.0344055369496,"dvar":0.000317006080877,"dvar2":0.000909653143026,"max":0.162905588746,"mean":0.0599760599434,"median":0.0592842064798,"min":3.20462634207e-9,"var":0.000532974780072},"beats_loudness_band_ratio":{"dmean":[0.189372390509,0.0988303050399,0.0589295886457,0.0541583411396,0.0297378282994,0.0624410621822],"dmean2":[0.331252753735,0.169089972973,0.106521353126,0.0940569117