{"lowlevel":{"average_loudness":0.898587524891,"barkbands":{"dmean":[0.00707382475957,0.00979114416987,0.00171560863964,0.000881025393028,0.00112232775427,0.00111272663344,0.000949515204411,0.00070577400038,0.000903841573745,0.00105515238829,0.00112099817488,0.000726781028789,0.00045081085409,0.000292775977869,0.000328041205648,0.000207792589208,0.000166208148585,0.000209650228499,0.000218491477426,0.000106480227259,0.0000726498255972,0.0000327847410517,0.0000201911971089,0.0000128042429424,0.00000276479636341,0.0000178093778231,0.00034276896622],"dmean2":[0.0114717632532,0.0162349715829,0.00291364104487,0.00150444358587,0.00186290952843,0.00179807667155,0.00155483582057,0.00117972958833,0.0014658147702,0.00170259492006,0.00176769751124,0.00119429535698,0.000749546918087,0.000491486920509,0.000546438212041,0.000346048444044,0.000275718455669,0.000322619860526,0.000341876264429,0.000168577360455,0.00010753145034,0.0000473848849651,0.0000296108210023,0.0000190384162124,0.0000046295986067,0.0000257768660958,0.00052298407536],"dvar":[0.000267865631031,0.000250827724813,0.00000592696642343,0.0000020963013867,0.00000310627910949,0.00000478609126731,0.00000246965760198,0.00000326405506712,0.00000213922203329,0.00000580840196562,0.00000603252783549,0.00000144291323068,5.89326759837e-7,2.0737020634e-7,2.74627893759e-7,9.57924157774e-8,9.61523625165e-8,3.43710922834e-7,2.07617333103e-7,3.33728884527e-8,1.65057958412e-8,3.41785622027e-9,1.90391946653e-9,1.02647845779e-9,1.97647974376e-11,1.64688251925e-9,2.47997064662e-7],"dvar2":[0.000658559903968,0.000681195233483,0.0000161660791491,0.00000574572868572,0.00000785580323281,0.0000118961170301,0.00000640328335066,0.00000810921756056,0.00000561488286621,0.0000140665097206,0.0000141354994412,0.00000361661523129,0.00000145410319874,5.5707903357e-7,7.41866756471e-7,2.54370462471e-7,2.45718496217e-7,7.36694687475e-7,4.53969391856e-7,8.04959299217e-8,3.37325403166e-8,6.83828149661e-9,4.02471167504e-9,2.13167594687e-9,4.8992684909e-11,3.33662053542e-9,5.96345955728e-7],"max":[0.189904689789,0.209838747978,0.0503407157958,0.0381810069084,0.0306471902877,0.0463394485414,0.0333565920591,0.0492619127035,0.030965205282,0.046480730176,0.0722595900297,0.0200471933931,0.0177231319249,0.0100269718096,0.00956167187542,0.00637880293652,0.0100080268458,0.0119625078514,0.0103804208338,0.00406671920791,0.00237331003882,0.00119876826648,0.000659337092657,0.000661781115923,0.0000598804581387,0.0006437957054,0.0117619326338],"mean":[0.0109691154212,0.0267589241266,0.00248490506783,0.00125115166884,0.00175197096542,0.00163651211187,0.00157113780733,0.000974550493993,0.00152267236263,0.00170158990659,0.00177332817111,0.00128715613391,0.000818430562504,0.000569650495891,0.000686619314365,0.000456493027741,0.000398874981329,0.000386260624509,0.000452298991149,0.000251382531133,0.000159154486028,0.0000658041317365,0.0000301467425743,0.0000164388929988,0.00000286860608867,0.0000253275829891,0.00140552211087],"median":[0.00607055984437,0.0228002518415,0.00151711329818,0.000678773154505,0.000955651164986,0.000661889207549,0.000832071877085,0.000401683559176,0.000862657325342,0.000576405029278,0.000795354542788,0.000777392182499,0.000535115599632,0.000341487932019,0.000349656242179,0.000288798881229,0.000253627134953,0.000212332088267,0.000241274537984,0.000175220760866,0.000108943757368,0.0000391308203689,0.0000114190170279,0.00000411462997363,0.0000011797856132,0.00000826167160994,0.000889721733984],"min":[2.38406535244e-25,1.40005721977e-24,3.29567917749e-25,1.87303721512e-24,5.47605980603e-24,6.92298650623e-24,5.28331387118e-24,8.01669481967e-24,1.23907447345e-23,8.51238582466e-24,1.37703922491e-23,1.80419257451e-23,3.12936640371e-23,2.54266214951e-23,4.69165557049e-23,4.88987612114e-23,7.81127291559e-23,9.07710562984e-23,1.09955875834e-22,1.54048795437e-22,2.4120943101e-22,2.76917238817e-22,3.744724989e-22,5.75996597066e-22,8.88910884275e-22,1.25236730035e-21,1.79914549923e-21],"var":[0.000298536731862,0.000571139564272,0.00000928919962462,0.00000325252835864,0.0000053612748161,0.00000751453808334,0.0000048247761697,0.00000444318629889,0.00000383824362871,0.0000117290865091,0.0000102092599263,0.00000285999135485,0.00000116603541755,4.70964863553e-7,7.94072093413e-7,2.72992764394e-7,2.36775974827e-7,5.76972695399e-7,4.41795606321e-7,8.14951093275e-8,4.0328689721e-8,7.61935403659e-9,2.93950019881e-9,1.52998036462e-9,2.24958732198e-11,2.57320986741e-9,0.00000217731871999]},"barkbands_crest":{"dmean":2.17904996872,"dmean2":3.49439001083,"dvar":4.50008058548,"dvar2":11.3348369598,"max":23.7856674194,"mean":12.1715869904,"median":11.9704933167,"min":2.49856448174,"var":26.5221843719},"barkbands_flatness_db":{"dmean":0.023368537426,"dmean2":0.0361111983657,"dvar":0.000557269435376,"dvar2":0.00133196578827,"max":0.409490019083,"mean":0.149127021432,"median":0.136955708265,"min":0.0233749281615,"var":0.00390027649701},"barkbands_kurtosis":{"dmean":5.24607276917,"dmean2":8.14076900482,"dvar":102.951385498,"dvar2":237.257019043,"max":261.487213135,"mean":11.5440530777,"median":4.85062837601,"min":-1.77174329758,"var":343.265014648},"barkbands_skewness":{"dmean":0.626727640629,"dmean2":0.965362131596,"dvar":0.515829861164,"dvar2":1.17949557304,"max":13.5894088745,"mean":2.50908899307,"median":2.09928035736,"min":-3.18249177933,"var":3.26876044273},"barkbands_spread":{"dmean":5.95309114456,"dmean2":9.22394180298,"dvar":40.3293266296,"dvar2":92.7130050659,"max":88.7082519531,"mean":27.3616447449,"median":26.6211566925,"min":0.94497191906,"var":263.947631836},"dissonance":{"dmean":0.0168282017112,"dmean2":0.0286198630929,"dvar":0.000442478834884,"dvar2":0.00123609811999,"max":0.500000178814,"mean":0.471312105656,"median":0.480962157249,"min":0.150828868151,"var":0.00111861270852},"dynamic_complexity":3.0348649025,"erbbands":{"dmean":[0.586610913277,1.27198779583,1.94554162025,2.22295618057,3.8802754879,3.60686373711,5.43610525131,10.2832536697,11.8197755814,17.3783435822,15.2214221954,22.0436229706,17.4334926605,46.8450775146,38.1546401978,24.189950943,20.7624645233,13.9734926224,16.126039505,14.0073890686,9.36684417725,8.96507549286,9.78653049469,11.5356359482,10.5156106949,4.57382440567,3.36150336266,2.47622179985,1.25881564617,0.834667205811,0.530113458633,0.378859102726,0.139320641756,0.0340327173471,0.0196209996939,0.0230717789382,0.0432888157666,0.030006505549,0.0213014781475,0.00748037127778],"dmean2":[0.96487557888,2.13954520226,3.29172348976,3.73659658432,6.64079809189,5.92841005325,8.87158107758,16.8945293427,19.4544353485,28.7714958191,25.2055225372,35.7588157654,28.5734329224,74.7202529907,60.2475776672,39.4749641418,34.5849227905,22.8373165131,26.8587760925,23.1759853363,15.4046325684,14.7464990616,15.0950403214,17.3766136169,16.5754432678,7.08621931076,5.07799243927,3.67227673531,1.81917738914,1.21489965916,0.773802578449,0.5573310256,0.208824589849,0.0558978393674,0.0326945371926,0.0351246334612,0.062361061573,0.0415774434805,0.0309350583702,0.0113550079986],"dvar":[1.08122372627,3.30399298668,7.01386785507,10.7226352692,40.6750068665,39.8738212585,123.397720337,479.685394287,420.822906494,1275.8873291,1381.89318848,1319.16906738,815.937683105,13167.4716797,5037.59082031,1603.38183594,1310.29125977,538.909301758,649.615661621,528.112304688,203.403701782,311.647491455,615.00390625,1161.96582031,401.281951904,59.2839927673,30.9337425232,20.7662639618,5.18604469299,2.71750712395,1.36534976959,0.917780160904,0.100360698998,0.00276919873431,0.000982224126346,0.00188613974024,0.011335012503,0.00349560985342,0.000993446679786,0.000105133163743],"dvar2":[2.93829011917,9.20443820953,19.0445766449,28.875213623,115.796913147,93.1540603638,294.909454346,1211.68359375,1058.32666016,3295.18066406,3402.76416016,3384.68579102,2128.59765625,31702.4589844,11621.1650391,3945.57202148,3243.16918945,1368.6875,1771.69396973,1438.12255859,508.384552002,807.65020752,1280.76074219,2405.31054688,959.204650879,133.213821411,65.7363891602,43.0959854126,10.4749364853,5.76001548767,2.87771344185,1.92920660973,0.206271544099,0.00661115255207,0.00244155572727,0.00393217010424,0.0234836526215,0.00706651201472,0.00202421448193,0.000247806077823],"max":[14.0698404312,23.1121330261,52.5827217102,75.6404647827,116.57837677,121.856269836,234.248565674,468.864624023,401.629638672,891.561889648,1291.9744873,648.192199707,644.808105469,2426.80688477,1515.47375488,798.518371582,902.778259277,586.756591797,486.728149414,480.612823486,523.571044922,618.895874023,619.456665039,803.717224121,269.665679932,193.029556274,112.147743225,96.9440612793,49.7654685974,28.7077522278,18.3562660217,19.3007469177,5.81097841263,0.675245821476,0.421451181173,0.669018864632,1.94304132462,1.07155275345,0.507084071636,0.277207016945],"mean":[1.57614171505,2.83753275871,3.0980784893,3.52050542831,5.64295244217,5.3070230484,7.64501667023,14.5366601944,19.0282707214,27.5783100128,24.1025733948,36.5731163025,31.1471786499,77.4797439575,70.2002029419,46.7743911743,39.1418075562,30.7971229553,35.5902748108,31.5245552063,23.3245620728,22.8360862732,20.1169834137,22.8169460297,22.290977478,11.4034433365,7.69939041138,5.24474287033,2.626278162,1.41161525249,0.77570182085,0.496329605579,0.176160767674,0.0384381860495,0.0209024958313,0.029524564743,0.0598075613379,0.0622592903674,0.0728274434805,0.0390843711793],"median":[1.11626946926,2.51484727859,2.09035873413,2.28577518463,2.94826602936,2.65384078026,3.15905547142,5.88355064392,9.15645027161,12.9372234344,12.182062149,19.5725021362,16.7954998016,28.8605804443,40.1158981323,29.7974700928,26.2128334045,20.0504112244,19.8245296478,17.7648506165,16.7017745972,14.5226402283,12.1682815552,11.9722862244,11.5311698914,8.02891540527,5.7750082016,3.41320705414,1.61680197716,0.677459537983,0.286871492863,0.129494786263,0.0492453947663,0.0168196242303,0.00902378652245,0.0110262557864,0.0175393410027,0.0372773334384,0.0597530677915,0.0255490764976],"min":[5.15537767175e-23,3.17195416409e-22,1.52005433647e-21,5.05291072386e-21,1.6369033521e-20,1.68730240053e-20,2.46878273827e-20,6.280776575e-20,1.08367038582e-19,1.08282291344e-19,3.15481102159e-19,3.87785812532e-19,2.69805222709e-19,5.43734199266e-19,9.66132273006e-19,8.88029052388e-19,1.80936846125e-18,1.48641409245e-18,2.41398641062e-18,3.28450074072e-18,4.14528659963e-18,4.29498891971e-18,5.71004638002e-18,5.31880235799e-18,7.0663367937e-18,8.14343348473e-18,1.00522015518e-17,8.1563284033e-18,9.31544501514e-18,1.10683176609e-17,1.11491828376e-17,1.1248237716e-17,1.06730618129e-17,7.61271605807e-18,6.17971126002e-18,4.0599864941e-18,2.29654909752e-18,9.09092999892e-19,2.1782547736e-19,2.48536157032e-20],"var":[2.38538980484,5.90039491653,11.225605011,16.402885437,65.5895767212,63.9357948303,183.708938599,687.443725586,766.96081543,2179.45288086,1962.15637207,2432.93017578,1682.43603516,22959.5117188,10279.2470703,3484.73461914,2632.94287109,1353.35131836,1982.28637695,1517.69848633,650.744812012,794.230407715,1122.44091797,2090.35498047,915.544921875,162.800979614,77.9788742065,47.187915802,11.6553764343,4.71945762634,2.06090736389,1.34543228149,0.153671845794,0.00351481372491,0.00112865539268,0.00291352439672,0.0169255528599,0.00695813493803,0.00442998064682,0.00143932597712]},"erbbands_crest":{"dmean":2.25371384621,"dmean2":3.69688940048,"dvar":5.16061162949,"dvar2":12.9617156982,"max":27.554473877,"mean":7.74317741394,"median":6.68482589722,"min":2.60072278976,"var":13.6378259659},"erbbands_flatness_db":{"dmean":0.0195426214486,"dmean2":0.0301382075995,"dvar":0.000369213725207,"dvar2":0.000902549596503,"max":0.371596604586,"mean":0.137778714299,"median":0.133872717619,"min":0.0463505722582,"var":0.0015790888574},"erbbands_kurtosis":{"dmean":0.900338172913,"dmean2":1.44028067589,"dvar":2.06901907921,"dvar2":5.12373209,"max":34.1887207031,"mean":0.841682672501,"median":0.176044791937,"min":-1.63254237175,"var":5.22838115692},"erbbands_skewness":{"dmean":0.312656849623,"dmean2":0.479232251644,"dvar":0.0949872806668,"dvar2":0.208892568946,"max":3.20990467072,"mean":0.0372220166028,"median":0.0279277078807,"min":-4.21071100235,"var":0.395514219999},"erbbands_spread":{"dmean":5.57317304611,"dmean2":8.62348747253,"dvar":32.2176704407,"dvar2":69.5146942139,"max":102.279319763,"mean":29.6864852905,"median":27.8704338074,"min":3.09097313881,"var":175.029876709},"gfcc":{"cov":[[29761.3242188,852.920654297,-3562.68896484,565.60925293,351.930541992,-343.520385742,679.299743652,-346.815032959,190.880477905,56.8608970642,180.100204468,334.776245117,-55.9112663269],[852.920654297,817.855834961,18.3595046997,-275.042480469,50.6230392456,-70.8278198242,16.9547901154,-23.3475017548,14.8517723083,-31.6619186401,27.2539634705,-103.278900146,53.2302970886],[-3562.68896484,18.3595046997,922.310302734,-95.9874572754,-292.201324463,124.341453552,-217.587478638,87.9236984253,-67.1279754639,-17.3955249786,-72.5009841919,-69.4418563843,-25.2710208893],[565.60925293,-275.042480469,-95.9874572754,342.904510498,92.0710144043,14.4821844101,79.3884887695,20.0301818848,31.3551616669,41.5237693787,26.1151294708,90.6162567139,-31.424571991],[351.930541992,50.6230392456,-292.201324463,92.0710144043,311.043518066,0.914947330952,124.32611084,10.2511663437,51.2459793091,29.5688705444,64.1023101807,16.6999225616,41.7065238953],[-343.520385742,-70.8278198242,124.341453552,14.4821844101,0.914947330952,208.278274536,-4.7705078125,62.8739776611,-24.4619007111,28.2290687561,8.11720752716,34.2662734985,7.48056697845],[679.299743652,16.9547901154,-217.587478638,79.3884887695,124.32611084,-4.7705078125,189.71711731,-0.718502819538,55.5937004089,8.83429145813,31.2710533142,47.5008468628,5.86745977402],[-346.815032959,-23.3475017548,87.9236984253,20.0301818848,10.2511663437,62.8739776611,-0.718502819538,125.865501404,18.2508277893,28.209066391,19.2055912018,-1.36980092525,18.9466590881],[190.880477905,14.8517723083,-67.1279754639,31.3551616669,51.2459793091,-24.4619007111,55.5937004089,18.2508277893,101.731887817,43.1919937134,26.0083332062,21.3841972351,-1.87171971798],[56.8608970642,-31.6619186401,-17.3955249786,41.5237693787,29.5688705444,28.2290687561,8.83429145813,28.209066391,43.1919937134,79.2199172974,46.5761871338,29.8380241394,8.38999938965],[180.100204468,27.2539634705,-72.5009841919,26.1151294708,64.1023101807,8.11720752716,31.2710533142,19.2055912018,26.0083332062,46.5761871338,77.4424285889,40.8318519592,17.1634483337],[334.776245117,-103.278900146,-69.4418563843,90.6162567139,16.6999225616,34.2662734985,47.5008468628,-1.36980092525,21.3841972351,29.8380241394,40.8318519592,103.032798767,11.8852510452],[-55.9112663269,53.2302970886,-25.2710208893,-31.424571991,41.7065238953,7.48056697845,5.86745977402,18.9466590881,-1.87171971798,8.38999938965,17.1634483337,11.8852510452,66.819229126]],"icov":[[0.000146664227941,-0.000487350829644,0.000916002260055,-0.000673913687933,0.000854099809658,-0.000441723765107,0.000275506579783,-0.0000767699821154,-0.000141437994898,0.0000577682330913,0.000130529908347,0.0000870113653946,-0.0000058397599787],[-0.000487350829644,0.00391643261537,-0.0034512183629,0.0035210668575,-0.00290761888027,0.00154475762974,-0.00197031279095,0.00124131701887,-0.000456393579952,0.00113898399286,-0.00331499427557,0.00221034535207,-0.00141157314647],[0.000916002260055,-0.0034512183629,0.00809678249061,-0.00517319282517,0.00740150548518,-0.00444021634758,0.00338812498376,-0.0013043457875,-0.00184685620479,0.00130319304299,0.000560937973205,0.00212653866038,-0.000642962404527],[-0.000673913687933,0.0035210668575,-0.00517319282517,0.0109171560034,-0.00836056284606,0.0053528319113,-0.00259645818733,-0.00260309595615,0.00423211976886,-0.00493838777766,0.00450635980815,-0.00861645489931,0.0065078441985],[0.000854099809658,-0.00290761888027,0.00740150548518,-0.00836056284606,0.0148081565276,-0.0065579158254,-0.000402615318308,0.0022418720182,-0.00523769995198,0.00478539383039,-0.00809067394584,0.0104482574388,-0.00773847615346],[-0.000441723765107,0.00154475762974,-0.00444021634758,0.0053528319113,-0.0065579158254,0.0113823376596,-0.00218927417882,-0.00508988136426,0.00769078126177,-0.00755352154374,0.00658500753343,-0.00906705111265,0.00477753859013],[0.000275506579783,-0.00197031279095,0.00338812498376,-0.00259645818733,-0.000402615318308,-0.00218927417882,0.0116652892902,-0.00103574211244,-0.00509486114606,0.00470747379586,0.000710319727659,-0.00364557863213,0.00135836948175],[-0.0000767699821154,0.00124131701887,-0.0013043457875,-0.00260309595615,0.0022418720182,-0.00508988136426,-0.00103574211244,0.0143388099968,-0.00566219165921,0.00270705320872,-0.00801983289421,0.00935669336468,-0.0076777455397],[-0.000141437994898,-0.000456393579952,-0.00184685620479,0.00423211976886,-0.00523769995198,0.00769078126177,-0.00509486114606,-0.00566219165921,0.0223854668438,-0.0161489825696,0.00956577528268,-0.00906089320779,0.00780753605068],[0.0000577682330913,0.00113898399286,0.00130319304299,-0.00493838777766,0.00478539383039,-0.00755352154374,0.00470747379586,0.00270705320872,-0.0161489825696,0.0343517959118,-0.0216332990676,0.00853172224015,-0.00673725036904],[0.000130529908347,-0.00331499427557,0.000560937973205,0.00450635980815,-0.00809067394584,0.00658500753343,0.000710319727659,-0.00801983289421,0.00956577528268,-0.0216332990676,0.0395389311016,-0.0209765769541,0.00816520955414],[0.0000870113653946,0.00221034535207,0.00212653866038,-0.00861645489931,0.0104482574388,-0.00906705111265,-0.00364557863213,0.00935669336468,-0.00906089320779,0.00853172224015,-0.0209765769541,0.0331857018173,-0.0146151520312],[-0.0000058397599787,-0.00141157314647,-0.000642962404527,0.0065078441985,-0.00773847615346,0.00477753859013,0.00135836948175,-0.0076777455397,0.00780753605068,-0.00673725036904,0.00816520955414,-0.0146151520312,0.0268227308989]],"mean":[-0.532035648823,93.4233856201,-90.7313079834,-0.263225138187,-7.6687746048,-15.5971126556,15.55027771,-10.006770134,3.07842087746,-5.8120765686,0.571276426315,-1.30873858929,-4.46318817139]},"hfc":{"dmean":39.1599388123,"dmean2":61.0318603516,"dvar":1911.92834473,"dvar2":4695.13378906,"max":1015.1628418,"mean":198.390792847,"median":159.587982178,"min":1.07220448018e-16,"var":21233.4082031},"melbands":{"dmean":[0.0039469320327,0.00109959894326,0.000413067900809,0.00025923983776,0.000179437323823,0.000229552664678,0.000181118986802,0.000180429720785,0.000136354457936,0.000129993160954,0.0000907791982172,0.000193575891899,0.000150006875629,0.0000918967780308,0.0000496195207234,0.0000449938052043,0.0000274822996289,0.000027525882615,0.000023488604711,0.0000180740498763,0.0000107591031338,0.0000103355496321,0.0000088628339654,0.000011162122064,0.00000998645646177,0.00000882053427631,0.00000609010021435,0.00000270815053227,0.00000237833114625,0.00000197426629711,0.00000138849145515,7.92365369762e-7,5.78636218052e-7,4.54870985322e-7,3.24507141158e-7,2.65251657083e-7,2.27542656717e-7,1.17603370597e-7,4.1547355778e-8,2.49502836169e-8],"dmean2":[0.00648499652743,0.0018562724581,0.000698841467965,0.000432717963122,0.000290400581434,0.000374074297724,0.000297823979054,0.000299266423099,0.000225417301408,0.000211018850678,0.000149540093844,0.000309564551571,0.00023640107247,0.000151018204633,0.000081760212197,0.0000748933962313,0.0000454387009086,0.0000460222254333,0.0000390658751712,0.0000301827221847,0.0000177475685632,0.0000172119362105,0.0000143421548273,0.0000172500913322,0.0000153391592903,0.0000141401433211,0.00000973268106463,0.00000428299335908,0.00000369957660951,0.00000297953852169,0.00000211292945096,0.00000117217632578,8.68531287779e-7,6.78503340623e-7,4.81696304178e-7,3.9440081423e-7,3.41416722449e-7,1.77382858624e-7,6.69478481541e-8,4.1916969451e-8],"dvar":[0.000048020909162,0.00000198072575586,3.66130194607e-7,1.70890913864e-7,1.1612232953e-7,2.17330637042e-7,9.06027324277e-8,1.49766236746e-7,9.17673972367e-8,4.34670290872e-8,2.35115980018e-8,2.25386457942e-7,9.21027591971e-8,2.34712480562e-8,9.24174603512e-9,5.66794744472e-9,2.03456806958e-9,1.82997372811e-9,1.48420664647e-9,7.88136111929e-10,3.10525577474e-10,4.14651646352e-10,2.74943762202e-10,1.05957786989e-9,9.10579778246e-10,2.72206701624e-10,1.35110075905e-10,1.90678844242e-11,1.53662169794e-11,1.29917196792e-11,6.50227397966e-12,1.98830123373e-12,1.15435937718e-12,9.06256623565e-13,5.27920806029e-13,3.90452318914e-13,3.71899017658e-13,8.43343610549e-14,4.7714399299e-15,1.65720365592e-15],"dvar2":[0.000127575127408,0.00000543708893019,9.92872969618e-7,4.4572607294e-7,2.73558640629e-7,5.46933904388e-7,2.29849078437e-7,3.86295880617e-7,2.31935203487e-7,1.11594395946e-7,6.0907019872e-8,5.42325608421e-7,2.1486290791e-7,5.93144768857e-8,2.27702088296e-8,1.40322775621e-8,5.32174526668e-9,5.02340524733e-9,4.00092980968e-9,2.17080442511e-9,7.50588258214e-10,1.07719133613e-9,6.73360200931e-10,2.25740248716e-9,1.94030946865e-9,6.68251121105e-10,3.25646204447e-10,4.32878073664e-11,3.51935008913e-11,2.84030403364e-11,1.40316994135e-11,4.07505496361e-12,2.49922153285e-12,2.00242752067e-12,1.16466016518e-12,8.22602673912e-13,8.0806433593e-13,1.79465180238e-13,1.06884732862e-14,4.12689359682e-15],"max":[0.091948337853,0.0196659564972,0.0134952208027,0.00646978523582,0.00713619263843,0.0102866096422,0.00536434724927,0.00845782179385,0.00914162583649,0.00358963338658,0.00371692120098,0.00957792066038,0.00758705008775,0.00278335181065,0.0024472954683,0.00169706670567,0.00102501141373,0.000886689638719,0.00083999132039,0.000426963379141,0.000816312502138,0.000688057392836,0.000359161727829,0.000702624849509,0.000749725440983,0.000288154144073,0.000232880702242,0.000113690948638,0.0000940807876759,0.0000798745677457,0.0000519681707374,0.0000308516682708,0.0000225084986596,0.0000173460703081,0.0000125969945657,0.00000980159529718,0.0000127009288917,0.00000581793074161,0.00000102333501673,5.53979248252e-7],"mean":[0.0106540415436,0.00220217579044,0.000705532962456,0.000397332332795,0.000260843837168,0.000333523727022,0.000303701555822,0.000282097345917,0.000213935476495,0.000216765096411,0.000152057386003,0.000312777294312,0.000253150210483,0.000158750233823,0.0000893666147022,0.0000802831345936,0.0000543388123333,0.0000565888403798,0.0000482786927023,0.0000377110882255,0.0000239587025135,0.0000243255453825,0.0000184668242582,0.0000191184517462,0.000018132801415,0.0000173310545506,0.0000127563698697,0.0000062797425926,0.00000505391471961,0.00000388469061363,0.00000272283182312,0.00000155659449774,0.00000102362332655,6.89164721734e-7,4.58655307511e-7,3.55009518671e-7,2.8346701697e-7,1.45686087194e-7,4.80986983575e-8,2.52437004633e-8],"median":[0.00844024028629,0.00185099267401,0.000465794524644,0.000222236936679,0.000113985646749,0.000140218791785,0.00015573357814,0.000130240863655,0.000108482323412,0.000118630632642,0.0000761259143474,0.000108870910481,0.000126185739646,0.0000961198966252,0.0000528384007339,0.0000524054376001,0.0000327970701619,0.0000305977810058,0.0000246419403993,0.0000220777874347,0.0000168898950506,0.0000145345184137,0.000011674947018,0.0000095966297522,0.00000882017411641,0.00000916929457162,0.00000628769930699,0.00000466667097498,0.00000373940110876,0.00000247482648774,0.00000171677493199,9.36891638048e-7,5.56265206342e-7,2.80441781797e-7,1.68061603745e-7,1.07015935669e-7,6.53910063875e-8,3.58639766773e-8,1.86646715861e-8,9.9013686139e-9],"min":[4.54646226962e-25,8.08060842882e-25,1.33709556852e-24,9.57775253513e-25,9.30523856327e-25,1.36411277263e-24,1.47184799949e-24,1.14668574664e-24,2.61623766786e-24,2.10713997179e-24,1.2114970795e-24,1.82467136416e-24,2.40905557845e-24,2.89453418737e-24,3.15508902791e-24,3.15130210113e-24,2.16888825636e-24,2.85522919277e-24,3.5203675202e-24,3.16749406286e-24,4.29713321559e-24,3.68444388316e-24,4.02015192442e-24,4.11367138473e-24,3.68843118061e-24,4.10563723084e-24,4.45484307662e-24,4.65077877054e-24,4.76741461639e-24,4.8402272668e-24,4.07384021991e-24,3.24367140225e-24,4.31841668281e-24,4.25407758181e-24,5.09369655869e-24,6.29200467271e-24,6.08972022623e-24,5.73358305411e-24,5.71107251375e-24,6.25057764227e-24],"var":[0.000101000718132,0.00000321210450238,6.47292097256e-7,2.804514736e-7,1.86517937095e-7,3.2788980775e-7,1.76531784746e-7,2.43365775532e-7,1.32343785708e-7,8.02762869512e-8,4.66264111765e-8,4.00021036739e-7,1.68736121964e-7,4.30495568082e-8,1.68756848495e-8,1.12426272736e-8,4.59107196704e-9,5.17673726108e-9,3.88568999199e-9,2.06508232736e-9,7.93641263819e-10,1.0444441978e-9,5.59909618669e-10,1.75181258388e-9,1.53187429408e-9,5.53543433313e-10,3.1026620162e-10,4.83551601538e-11,3.40259868892e-11,2.81199265262e-11,1.34715710809e-11,4.3393509272e-12,2.07603400616e-12,1.38904762258e-12,7.37945240938e-13,5.70176013608e-13,5.10382534846e-13,1.22016952748e-13,6.60024547291e-15,1.8440904643e-15]},"melbands_crest":{"dmean":3.56417632103,"dmean2":5.76903915405,"dvar":15.5397567749,"dvar2":37.2769775391,"max":38.2380943298,"mean":21.6865787506,"median":22.5688934326,"min":1.63421308994,"var":88.4096908569},"melbands_flatness_db":{"dmean":0.0289713814855,"dmean2":0.0445836447179,"dvar":0.000820306828246,"dvar2":0.00194706814364,"max":0.585925459862,"mean":0.2581166327,"median":0.249581307173,"min":0.00296619860455,"var":0.00705515127629},"melbands_kurtosis":{"dmean":8.77534770966,"dmean2":13.962521553,"dvar":310.907073975,"dvar2":764.375915527,"max":467.958007812,"mean":19.5709247589,"median":8.1618309021,"min":-1.89204764366,"var":1081.05932617},"melbands_skewness":{"dmean":0.813427746296,"dmean2":1.27414155006,"dvar":0.841783940792,"dvar2":1.9601868391,"max":17.5496520996,"mean":3.23843073845,"median":2.67452454567,"min":-1.63171994686,"var":5.61295318604},"melbands_spread":{"dmean":4.87246513367,"dmean2":7.63502264023,"dvar":38.7806053162,"dvar2":87.5394973755,"max":163.997528076,"mean":19.5313472748,"median":15.7695064545,"min":0.491202354431,"var":378.234527588},"mfcc":{"cov":[[11734.7685547,210.169342041,-2212.61206055,784.895446777,-198.43258667,604.758361816,141.112503052,275.861450195,-61.2779197693,187.84223938,-86.7687072754,203.90965271,188.576583862],[210.169342041,1201.41137695,12.9801902771,-96.4749145508,34.3123512268,-62.1546783447,56.3359489441,-56.6834564209,66.3550567627,1.8657027483,49.2815666199,-53.8740539551,58.4274902344],[-2212.61206055,12.9801902771,1056.91967773,-223.469833374,5.18267679214,-142.108856201,-85.6678314209,-44.0705566406,-16.5553760529,-39.275642395,-15.7387485504,1.74080526829,-96.636932373],[784.895446777,-96.4749145508,-223.469833374,331.902252197,-8.23974609375,70.9326248169,6.84948062897,53.4233055115,-6.32045221329,31.504535675,24.1932506561,32.8575134277,14.6466264725],[-198.43258667,34.3123512268,5.18267679214,-8.23974609375,155.056793213,-2.200111866,45.7932548523,-11.1127786636,24.1955814362,2.22836017609,33.6465377808,0.663685321808,22.6263446808],[604.758361816,-62.1546783447,-142.108856201,70.9326248169,-2.200111866,160.717895508,39.2989120483,54.7042655945,-3.38885784149,10.1065406799,-5.32623338699,45.8701591492,11.5012578964],[141.112503052,56.3359489441,-85.6678314209,6.84948062897,45.7932548523,39.2989120483,124.56111908,41.5189361572,27.140209198,-1.87059521675,20.9975185394,-4.61762952805,29.1522541046],[275.861450195,-56.6834564209,-44.0705566406,53.4233055115,-11.1127786636,54.7042655945,41.5189361572,105.512611389,19.7966098785,19.5544948578,1.52436041832,31.2660484314,-1.62615537643],[-61.2779197693,66.3550567627,-16.5553760529,-6.32045221329,24.1955814362,-3.38885784149,27.140209198,19.7966098785,80.9031982422,18.8815059662,20.2643070221,-3.53642177582,14.0312242508],[187.84223938,1.8657027483,-39.275642395,31.504535675,2.22836017609,10.1065406799,-1.87059521675,19.5544948578,18.8815059662,72.4362716675,23.3099994659,15.9283514023,11.7834348679],[-86.7687072754,49.2815666199,-15.7387485504,24.1932506561,33.6465377808,-5.32623338699,20.9975185394,1.52436041832,20.2643070221,23.3099994659,74.0589981079,23.1873855591,19.8720054626],[203.90965271,-53.8740539551,1.74080526829,32.8575134277,0.663685321808,45.8701591492,-4.61762952805,31.2660484314,-3.53642177582,15.9283514023,23.1873855591,89.4764633179,18.7405357361],[188.576583862,58.4274902344,-96.636932373,14.6466264725,22.6263446808,11.5012578964,29.1522541046,-1.62615537643,14.0312242508,11.7834348679,19.8720054626,18.7405357361,70.7376556396]],"icov":[[0.000195942804567,-0.000123393110698,0.00034742616117,-0.000172806438059,0.000106032108306,-0.000202906507184,-0.0000550756049051,-0.0000585735397181,0.000207518547541,-0.00035583958379,0.000564842426684,-0.000435978290625,0.0000853383244248],[-0.000123393110698,0.00108174479101,-0.000290749710985,0.000287103932351,0.000193822183064,0.000127915031044,-0.000290110736387,0.000519942550454,-0.00073441216955,0.000278191961115,-0.00097578560235,0.000919908401556,-0.000842730049044],[0.00034742616117,-0.000290749710985,0.00209719035774,0.000450107763754,-0.000212105049286,0.000794788589701,0.000238728127442,-0.000322135194438,0.000399685144657,-0.000293874676572,0.0010586315766,-0.00211044214666,0.00215002987534],[-0.000172806438059,0.000287103932351,0.000450107763754,0.00437443703413,-0.000202967348741,-0.000719323696103,0.00138249609154,-0.00194297125563,0.000810077355709,-0.000129207983264,-0.0024215860758,0.00078983703861,-0.000167975624208],[0.000106032108306,0.000193822183064,-0.000212105049286,-0.000202967348741,0.00857386738062,-0.000331415765686,-0.0033505319152,0.00263146450743,-0.00153264252003,0.0000219127814489,-0.00224647554569,-0.000321806408465,-0.000921058468521],[-0.000202906507184,0.000127915031044,0.000794788589701,-0.000719323696103,-0.000331415765686,0.0110130105168,-0.00339837791398,-0.00153341249097,0.000596420199145,-0.000172154468601,0.00317968986928,-0.0056554377079,0.00186608533841],[-0.0000550756049051,-0.000290110736387,0.000238728127442,0.00138249609154,-0.0033505319152,-0.00339837791398,0.0158764645457,-0.00805015303195,-0.000586027337704,0.00406774505973,-0.00500828959048,0.00655474234372,-0.00556840794161],[-0.0000585735397181,0.000519942550454,-0.000322135194438,-0.00194297125563,0.00263146450743,-0.00153341249097,-0.00805015303195,0.0185074228793,-0.00463430210948,-0.00367996864952,0.00387321016751,-0.0065316548571,0.00501419138163],[0.000207518547541,-0.00073441216955,0.000399685144657,0.000810077355709,-0.00153264252003,0.000596420199145,-0.000586027337704,-0.00463430210948,0.016829488799,-0.00333250733092,-0.00223667360842,0.00228972220793,-0.00180145585909],[-0.00035583958379,0.000278191961115,-0.000293874676572,-0.000129207983264,0.0000219127814489,-0.000172154468601,0.00406774505973,-0.00367996864952,-0.00333250733092,0.0187977962196,-0.00649948231876,0.00132250285242,-0.00239068968222],[0.000564842426684,-0.00097578560235,0.0010586315766,-0.0024215860758,-0.00224647554569,0.00317968986928,-0.00500828959048,0.00387321016751,-0.00223667360842,-0.00649948231876,0.0238024201244,-0.0095337703824,0.000967853935435],[-0.000435978290625,0.000919908401556,-0.00211044214666,0.00078983703861,-0.000321806408465,-0.0056554377079,0.00655474234372,-0.0065316548571,0.00228972220793,0.00132250285242,-0.0095337703824,0.0220641084015,-0.00831492245197],[0.0000853383244248,-0.000842730049044,0.00215002987534,-0.000167975624208,-0.000921058468521,0.00186608533841,-0.00556840794161,0.00501419138163,-0.00180145585909,-0.00239068968222,0.000967853935435,-0.00831492245197,0.0226651802659]],"mean":[-654.665466309,157.593078613,-21.3352336884,34.9356460571,-6.33319664001,16.2479972839,8.8865852356,13.4808979034,4.61566209793,9.5080499649,2.75689458847,7.01305246353,3.99429225922]},"pitch_salience":{"dmean":0.0698624998331,"dmean2":0.112225107849,"dvar":0.00467267306522,"dvar2":0.0111424298957,"max":0.904475033283,"mean":0.461619228125,"median":0.471874058247,"min":0.0809099897742,"var":0.0279486291111},"silence_rate_20dB":{"dmean":0,"dmean2":0,"dvar":0,"dvar2":0,"max":1,"mean":1,"median":1,"min":1,"var":0},"silence_rate_30dB":{"dmean":0.106299676001,"dmean2":0.212624579668,"dvar":0.0950000584126,"dvar2":0.207994386554,"max":1,"mean":0.834875464439,"median":1,"min":0,"var":0.137858435512},"silence_rate_60dB":{"dmean":0.00688100606203,"dmean2":0.0137636447325,"dvar":0.00683365762234,"dvar2":0.0164218582213,"max":1,"mean":0.028825622052,"median":0,"min":0,"var":0.0279947053641},"spectral_centroid":{"dmean":210.468048096,"dmean2":318.119445801,"dvar":69242.8203125,"dvar2":136384.234375,"max":11933.5361328,"mean":1550.57592773,"median":1392.93774414,"min":202.577056885,"var":1866519.75},"spectral_complexity":{"dmean":3.45663785934,"dmean2":5.30042695999,"dvar":10.5278682709,"dvar2":22.0428714752,"max":57,"mean":25.0940685272,"median":26,"min":0,"var":164.275970459},"spectral_contrast_coeffs":{"dmean":[0.0474367402494,0.0455752462149,0.0375164151192,0.0280474610627,0.0198881551623,0.0380071625113],"dmean2":[0.0796845555305,0.0762103870511,0.0625553354621,0.0472435057163,0.0328194871545,0.0601307302713],"dvar":[0.00143369275611,0.00129246409051,0.000863086024765,0.000537341053132,0.000293837016216,0.00108364631888],"dvar2":[0.00395947601646,0.00357215898111,0.00235579092987,0.00144854653627,0.000735233421437,0.00273519637994],"max":[-0.447418689728,-0.494530797005,-0.582603394985,-0.581506490707,-0.606917142868,-0.510543882847],"mean":[-0.736877024174,-0.779576182365,-0.793541073799,-0.819032788277,-0.815203487873,-0.724173665047],"median":[-0.740662932396,-0.782136082649,-0.795887112617,-0.816131711006,-0.807578623295,-0.708786606789],"min":[-0.982650458813,-0.981206953526,-0.987093150616,-0.987612187862,-0.990760147572,-0.969316065311],"var":[0.00527990749106,0.00336274737492,0.00278342189267,0.00193598668557,0.00267049111426,0.00666393339634]},"spectral_contrast_valleys":{"dmean":[0.353069901466,0.349888145924,0.30583769083,0.275502026081,0.244307607412,0.566438794136],"dmean2":[0.584985554218,0.575511097908,0.494419574738,0.442257553339,0.371405124664,0.885407686234],"dvar":[0.104257315397,0.110406562686,0.0923867374659,0.10190244019,0.108813323081,0.236669883132],"dvar2":[0.23256932199,0.22905395925,0.175416812301,0.212534666061,0.229800835252,0.613618671894],"max":[-4.95436954498,-4.49786806107,-4.73765182495,-5.57741832733,-5.6378030777,-9.05558395386],"mean":[-6.91280174255,-6.69999361038,-6.95201921463,-7.50525426865,-7.63913345337,-11.2322912216],"median":[-6.42671966553,-6.27361297607,-6.37216758728,-6.88130092621,-6.98657846451,-10.8949279785],"min":[-28.3812084198,-28.1902503967,-27.8380966187,-27.7265720367,-27.5458850861,-27.4609642029],"var":[7.80719232559,7.87655591965,8.06936073303,7.94089460373,7.8201417923,5.13713312149]},"spectral_decrease":{"dmean":4.28615987147e-9,"dmean2":6.90973367412e-9,"dvar":4.8581071764e-17,"dvar2":1.21612795107e-16,"max":2.65941024757e-9,"mean":-1.28212143125e-8,"median":-1.23961054754e-8,"min":-8.93404816793e-8,"var":1.02807042404e-16},"spectral_energy":{"dmean":0.0166503433138,"dmean2":0.0265182498842,"dvar":0.000702811288647,"dvar2":0.0017426807899,"max":0.349107354879,"mean":0.0663848668337,"median":0.0663710236549,"min":1.01677145908e-20,"var":0.00188100757077},"spectral_energyband_high":{"dmean":0.000326779292664,"dmean2":0.000461716670543,"dvar":2.08768767607e-7,"dvar2":4.07883220532e-7,"max":0.00775657827035,"mean":0.00118434999604,"median":0.00101211725269,"min":7.0548933897e-21,"var":0.00000107174935238},"spectral_energyband_low":{"dmean":0.0138369258493,"dmean2":0.0226805042475,"dvar":0.000552904559299,"dvar2":0.00143026339356,"max":0.308005094528,"mean":0.0386163331568,"median":0.0325802564621,"min":1.36158054884e-23,"var":0.00111468392424},"spectral_energyband_middle_high":{"dmean":0.00258754659444,"dmean2":0.00390047999099,"dvar":0.0000159664014063,"dvar2":0.0000368022738257,"max":0.0779130384326,"mean":0.00855872873217,"median":0.00656180735677,"min":1.2599111835e-21,"var":0.0000713868139428},"spectral_energyband_middle_low":{"dmean":0.00330249615945,"dmean2":0.00531838834286,"dvar":0.0000225461681111,"dvar2":0.0000557515086257,"max":0.0681437030435,"mean":0.00894801970571,"median":0.00648972671479,"min":1.48025962332e-22,"var":0.0000733078923076},"spectral_entropy":{"dmean":0.132354289293,"dmean2":0.203192964196,"dvar":0.0307318121195,"dvar2":0.076196692884,"max":9.81835746765,"mean":7.6421751976,"median":7.71574687958,"min":5.02471542358,"var":0.275150626898},"spectral_flux":{"dmean":0.0266346260905,"dmean2":0.0414351597428,"dvar":0.00125221943017,"dvar2":0.00289939902723,"max":0.413285642862,"mean":0.11222358048,"median":0.106085553765,"min":6.35639110791e-11,"var":0.00397194130346},"spectral_kurtosis":{"dmean":4.53664541245,"dmean2":7.23642206192,"dvar":94.4055633545,"dvar2":258.640472412,"max":252.366882324,"mean":18.8333282471,"median":17.5693626404,"min":-1.27747130394,"var":147.965484619},"spectral_rms":{"dmean":0.000914647651371,"dmean2":0.00142476754263,"dvar":0.00000146874992879,"dvar2":0.00000344109503203,"max":0.0184551496059,"mean":0.00749751040712,"median":0.00804687663913,"min":3.14955895565e-12,"var":0.00000855306734593},"spectral_rolloff":{"dmean":3130.97485352,"dmean2":5907.76513672,"dvar":39280084,"dvar2":97637720,"max":21985.4003906,"mean":9942.7890625,"median":3143.84765625,"min":43.06640625,"var":96183072},"spectral_skewness":{"dmean":0.332024514675,"dmean2":0.519113481045,"dvar":0.343063831329,"dvar2":0.913563847542,"max":14.2316207886,"mean":2.80670905113,"median":2.71223735809,"min":-0.0869713500142,"var":1.13030123711},"spectral_spread":{"dmean":478229.3125,"dmean2":733401.0625,"dvar":456159133696,"dvar2":960630554624,"max":43039332,"mean":4570322,"median":3805949.5,"min":1148416.375,"var":23122229067800},"spectral_strongpeak":{"dmean":2.20771360397,"dmean2":4.11786079407,"dvar":83.4933166504,"dvar2":237.858108521,"max":143.076370239,"mean":3.31361865997,"median":0.328512609005,"min":0,"var":115.492141724},"zerocrossingrate":{"dmean":0.0305598955601,"dmean2":0.0396151468158,"dvar":0.000770542596001,"dvar2":0.00119636580348,"max":0.8466796875,"mean":0.252080321312,"median":0.2197265625,"min":0.01953125,"var":0.0222285408527}},"metadata":{"audio_properties":{"analysis_sample_rate":44100,"bit_rate":223503,"codec":"mp3","downmix":"mix","equal_loudness":0,"length":195.710449219,"lossless":false,"md5_encoded":"1034bce86662d0d77506bf1abd13fbee","replay_gain":0.215700149536,"sample_rate":44100},"tags":{"acoustid_id":["854b08dd-9c85-45fe-8752-644bebc43f27"],"album":["Sleeping With Ghosts"],"albumartist":["Placebo"],"artist":["Placebo"],"date":["2003"],"discnumber":["1/1"],"file_name":"11 - Placebo - Protect Me From What I Want.mp3","musicbrainz_albumartistid":["847e8284-8582-4b0e-9c26-b042a4f49e57"],"musicbrainz_albumid":["04ef359e-b07e-3f82-b8dc-f6cf930d0786"],"musicbrainz_artistid":["847e8284-8582-4b0e-9c26-b042a4f49e57"],"musicbrainz_recordingid":["097fb086-e3d7-4572-ab04-3f0f0c46229d"],"musicbrainz_releasegroupid":["fd6279cf-0bf3-3d8f-9e07-bde8b7a34448"],"replaygain_album_gain":["+0.42 dB"],"replaygain_album_peak":["0.413625"],"replaygain_track_gain":["-0.57 dB"],"replaygain_track_peak":["0.347138"],"title":["Protect Me From What I Want"],"tracknumber":["11/12"]},"version":{"essentia":"2.1-beta1","essentia_build_sha":"e76a03f03bb3900de42a1fa0d9be1e72f12def64","essentia_git_sha":"v2.1_beta1-28-g21ef5f4-dirty","extractor":"music 1.0"}},"rhythm":{"beats_count":365,"beats_loudness":{"dmean":0.0244160629809,"dmean2":0.0416570790112,"dvar":0.000529671378899,"dvar2":0.0015242366353,"max":0.2223136127,"mean":0.074213527143,"median":0.0763712450862,"min":0,"var":0.00157936569303},"beats_loudness_band_ratio":{"dmean":[0.180062562227,0.060724645853,0.0610608197749,0.0759746357799,0.0188937895,0.0738606899977],"dmean2":[0.30971005559,0.10748411715,0.106385990977,0.134294420481,0.0330108068883,0.126754283905],"dvar":[0.0219453778118,0.00408701458946,0.00346187641844,0.00642150780186,0.000284375302726,0.00520565081388],"dvar2":[0.0609706602991,0.010989908129,0.00949790421873,0.0180863756686,0.000788792327512,0.0151497330517],"max":[0.936665415764,0.53647840023,0.485489994287,0.503408789635,0.128841683269,0.814028203487],"mean":[0.525597155094,0.07182950526