{"lowlevel":{"average_loudness":0.896929383278,"barkbands":{"dmean":[0.00446144398302,0.0161997377872,0.00624738819897,0.00284637790173,0.00216872338206,0.00123952236027,0.000921517494135,0.000711349886842,0.000714307185262,0.000759889837354,0.000598900602199,0.00068269012263,0.000567465263885,0.00040119123878,0.00028352055233,0.000179430964636,0.0001520216465,0.000133250083309,0.000104838778498,0.0000951344409259,0.000117437288282,0.0000941535763559,0.0000739316092222,0.0000832207952044,0.00000692406092639,0.000161048286827,0.000218579007196],"dmean2":[0.00777608575299,0.0268690716475,0.0103251598775,0.00476336944848,0.00354488170706,0.00198027212173,0.00142480782233,0.00113198254257,0.00114888534881,0.00125483702868,0.00100463686977,0.0011341945501,0.000939537829254,0.000687882944476,0.000475947279483,0.000297711172607,0.000249315344263,0.000210749640246,0.000157519738423,0.000137449780595,0.000161685340572,0.000136918781209,0.000103382197267,0.000119173440908,0.0000110005930765,0.000231037964113,0.000330410664901],"dvar":[0.0000828769407235,0.0006641203654,0.0000899395381566,0.0000376922507712,0.0000109586717372,0.00000565113668927,0.00000618726380708,0.00000307979416903,0.00000296908774544,0.00000232474872064,0.000001021593107,0.00000121499817851,0.00000106258357846,3.86832454069e-7,1.95199191921e-7,1.0130810324e-7,7.58138583024e-8,9.17786024957e-8,9.05470116663e-8,6.86959467089e-8,8.33628774899e-8,3.47345157081e-8,2.81063421426e-8,5.02129395841e-8,1.72618946914e-10,1.85497640359e-7,1.13258700196e-7],"dvar2":[0.00023830110149,0.0016965813702,0.000234173814533,0.0000989980107988,0.0000280520434899,0.0000129203972392,0.0000130195048769,0.00000711199572834,0.0000071944159572,0.00000599249551669,0.00000273601744993,0.00000318208390127,0.0000028872295843,0.00000107379912606,5.38092535862e-7,2.69516760909e-7,1.88660933986e-7,1.98483476765e-7,1.99103311616e-7,1.34223725468e-7,1.6032973349e-7,7.38618552987e-8,5.59722224125e-8,1.11939023384e-7,4.00863009453e-10,4.06233624517e-7,2.3290424167e-7],"max":[0.167781576514,0.332093775272,0.142522141337,0.0785007849336,0.0495954863727,0.0520135909319,0.078386195004,0.0419030077755,0.036601152271,0.0340965166688,0.0214108414948,0.0238154437393,0.0239067804068,0.00862731225789,0.0089420247823,0.00650567142293,0.00811699219048,0.0101019367576,0.00794051494449,0.00890449341387,0.00894026365131,0.00273504224606,0.00334833585657,0.00376870692708,0.000198776760953,0.00787640735507,0.00793779361993],"mean":[0.00523485569283,0.0220718756318,0.00879568140954,0.0034988776315,0.00371294119395,0.00184574641753,0.00151838373858,0.00114237400703,0.00118015706539,0.00124523381237,0.00096960173687,0.00127575232182,0.00100372813176,0.000707030063495,0.000555141072255,0.000310384872137,0.000277770828689,0.000207421544474,0.000160554875038,0.000147041588207,0.000184294345672,0.000130939093651,0.0000973623245955,0.000100622783066,0.00000808378354122,0.00018285997794,0.000569843046833],"median":[0.00163652689662,0.0119655970484,0.00443449988961,0.00128661014605,0.00233652233146,0.000868156028446,0.000498505018186,0.000399090000428,0.000431413995102,0.000530904973857,0.000595897901803,0.000748526945245,0.000562058994547,0.000476816814626,0.000330489012413,0.000148601131514,0.000150474268594,0.0000790104968473,0.0000489280537295,0.0000350389527739,0.0000340754340868,0.0000349552974512,0.00001535431511,0.0000132958439281,0.00000268393455372,0.0000210938287637,0.000499195186421],"min":[6.01434062243e-24,1.71633445336e-23,1.96343172129e-23,1.20985798431e-23,5.41859026357e-23,4.34804448403e-23,6.18661451238e-23,2.59004018884e-23,1.3980333064e-22,1.16824266855e-22,1.16295730049e-22,1.15240486593e-22,9.12497307848e-23,9.44980832876e-23,9.13369977336e-23,1.63484859284e-22,2.24153526176e-22,2.39550727894e-22,5.60428799444e-22,3.10685610001e-22,3.91773190428e-22,5.51195567512e-22,4.6614242749e-22,1.12282275869e-21,1.24309433508e-21,1.39407872775e-21,2.32608014816e-21],"var":[0.0000952437039814,0.000885226065293,0.000144288278534,0.0000453645261587,0.0000193724044948,0.0000097886313597,0.0000179035014298,0.00000791911134002,0.00000732888838684,0.00000487317583975,0.0000018123848804,0.00000292918662126,0.00000252925519817,6.67018809963e-7,4.77008597954e-7,2.09975809184e-7,1.59766486263e-7,1.71786993519e-7,1.68890991858e-7,1.71157111595e-7,2.04994606179e-7,5.73544340909e-8,4.74989967358e-8,6.34278691791e-8,2.18137202745e-10,2.2931973831e-7,3.5617733829e-7]},"barkbands_crest":{"dmean":3.35983490944,"dmean2":5.53644752502,"dvar":7.97309780121,"dvar2":20.5869731903,"max":26.585357666,"mean":11.3386363983,"median":10.6597061157,"min":2.41060876846,"var":18.5898265839},"barkbands_flatness_db":{"dmean":0.0358926653862,"dmean2":0.0548798888922,"dvar":0.00119621143676,"dvar2":0.00267339032143,"max":0.623295009136,"mean":0.154342710972,"median":0.144614323974,"min":0.0168519821018,"var":0.00459888530895},"barkbands_kurtosis":{"dmean":9.36362075806,"dmean2":15.4602251053,"dvar":704.433227539,"dvar2":1882.87158203,"max":1292.43737793,"mean":13.5747747421,"median":6.18216228485,"min":-1.96434152126,"var":803.186889648},"barkbands_skewness":{"dmean":0.911072611809,"dmean2":1.45976495743,"dvar":1.14225924015,"dvar2":2.820343256,"max":29.795841217,"mean":2.56484007835,"median":2.24406886101,"min":-3.34858608246,"var":2.99074196815},"barkbands_spread":{"dmean":7.72357845306,"dmean2":12.0684518814,"dvar":94.9988555908,"dvar2":209.046798706,"max":142.904632568,"mean":22.2437267303,"median":18.4151134491,"min":0.175279811025,"var":320.373168945},"dissonance":{"dmean":0.0208103992045,"dmean2":0.0348515249789,"dvar":0.000576404156163,"dvar2":0.00154306541663,"max":0.500000238419,"mean":0.464269161224,"median":0.476513981819,"min":0.222918197513,"var":0.00135931419209},"dynamic_complexity":4.30101299286,"erbbands":{"dmean":[0.675399839878,3.13466405869,6.98858690262,8.45341491699,7.17787027359,7.49590301514,9.60789775848,10.3754768372,9.9458026886,18.290019989,13.7909975052,16.6555080414,18.697052002,23.8917694092,25.8077316284,26.4753570557,25.7218608856,21.3149795532,14.4140701294,12.4596242905,9.06062984467,8.1344461441,7.582654953,5.57211589813,4.75633430481,4.70931959152,4.93600416183,4.31325292587,3.49367141724,2.6059679985,2.01467370987,1.9350758791,1.1843804121,0.161287799478,0.041275985539,0.383199214935,0.383296072483,0.117708355188,0.0253112558275,0.00407841289416],"dmean2":[1.13110280037,5.21483039856,11.469335556,14.0338039398,11.9594020844,12.2717857361,15.6208667755,16.5864906311,15.7231092453,28.5416088104,22.1209087372,26.828414917,30.4301700592,39.7237319946,43.0486984253,44.0277519226,42.7081642151,36.1478385925,24.4208908081,20.8539295197,15.0381450653,13.264500618,12.1251306534,8.47851657867,6.97998380661,6.86576318741,7.03076028824,5.87996435165,5.05179691315,3.7912709713,2.82325363159,2.7748272419,1.72368001938,0.236041367054,0.0633877441287,0.559035241604,0.55713301897,0.17106577754,0.0352909937501,0.00630357023329],"dvar":[1.56879901886,22.07239151,102.434432983,256.75112915,177.523040771,136.11680603,344.229217529,432.219238281,433.20135498,3394.58618164,1103.33581543,1806.66247559,1948.67578125,2356.01977539,1719.0032959,1987.45593262,2386.59448242,1103.02905273,498.067657471,382.697021484,294.056243896,228.050308228,278.91027832,255.672409058,172.455169678,179.300704956,156.002975464,99.3868179321,52.6634788513,24.6785163879,22.8830356598,26.3557300568,10.2253704071,0.139128401875,0.00469352304935,1.00594830513,1.16453385353,0.071421213448,0.00371337495744,0.0000273913883575],"dvar2":[4.13342475891,58.0474967957,265.651062012,671.741271973,461.366088867,347.537322998,802.61730957,987.326782227,947.378417969,7500.02441406,2543.71191406,4390.05810547,4859.41015625,6317.76416016,4739.28515625,4982.56005859,6478.80371094,3013.57543945,1382.85742188,1026.77770996,788.051635742,568.754089355,626.912414551,577.773742676,347.005157471,349.323577881,313.946838379,190.624832153,111.919380188,51.9814033508,45.7859458923,57.3761253357,23.2398357391,0.3055562675,0.010202512145,2.19169306755,2.63492703438,0.155177265406,0.00691410526633,0.000062873637944],"max":[15.498503685,61.342376709,149.956985474,204.200286865,263.078765869,159.386383057,441.374511719,401.845214844,664.604370117,2001.70703125,1088.53259277,1068.59924316,1150.19604492,1276.6932373,707.772338867,1163.7890625,1197.31921387,477.315979004,397.814239502,410.415740967,319.693206787,435.309570312,428.508544922,573.427001953,379.48449707,431.661499023,433.472381592,247.241760254,108.689704895,82.0243530273,94.8707733154,80.7301483154,53.4363708496,9.76450252533,0.960180461407,14.2518634796,18.7962875366,4.94793701172,1.56273722649,0.155813723803],"mean":[0.829723119736,4.21703386307,10.301609993,11.7090148926,10.3624038696,12.5707235336,14.2178497314,15.7486419678,15.8915424347,32.9567184448,23.5001449585,27.8544273376,30.7417430878,41.9667243958,47.6517028809,51.3539810181,48.4217605591,39.3196105957,30.5925655365,25.3273448944,16.4037780762,15.1923131943,12.2885446548,8.76700115204,7.47431755066,7.2541718483,7.48305082321,6.75360631943,4.97372102737,3.36743354797,2.67432665825,2.34975409508,1.42982339859,0.203124418855,0.0506879352033,0.429521590471,0.422445207834,0.141742676497,0.0397305376828,0.017884587869],"median":[0.368483096361,2.35013461113,5.72592878342,5.60124826431,5.65072727203,7.15394449234,7.77237224579,6.87503147125,6.68421602249,8.28724193573,9.6452331543,10.2499351501,12.8181943893,22.553319931,30.8077831268,31.6474590302,28.6913871765,26.7270450592,21.0220031738,14.9730463028,8.62139606476,8.12466812134,5.12989616394,3.13000440598,2.1020925045,1.69499874115,1.52784276009,1.30900979042,1.29727888107,0.686217486858,0.404331564903,0.295687109232,0.196380063891,0.0509443432093,0.0182026326656,0.0489414893091,0.042820289731,0.023256547749,0.0122027471662,0.0193950999528],"min":[4.53799442762e-22,4.13247922973e-21,1.82626098862e-20,3.52279840833e-20,9.69586088106e-20,2.5508763751e-19,1.03726083595e-19,4.7923318834e-19,1.02914523771e-18,5.29535075365e-19,1.35589688251e-18,3.14246990044e-18,2.92919668233e-18,4.0888368995e-18,5.44705671197e-18,4.84510414532e-18,4.19893918853e-18,4.79773151164e-18,6.5160594407e-18,4.11950296635e-18,9.63957408381e-18,1.47104228493e-17,1.57379399888e-17,1.83291395059e-17,2.86629927476e-17,1.52722770086e-17,1.62058545546e-17,1.79313632386e-17,1.71132468712e-17,1.52138366983e-17,1.37959506939e-17,2.13649403304e-17,1.91688601765e-17,1.41749507885e-17,8.86670780463e-18,5.55894364316e-18,2.24860777716e-18,1.52191482318e-18,3.01312971681e-19,3.0680878552e-20],"var":[1.81689941883,29.4807624817,179.927154541,350.065368652,225.208831787,252.490982056,503.780487061,853.130004883,912.157287598,13108.7197266,2607.9777832,4281.26123047,3718.93164062,4907.98339844,3519.67382812,4996.12109375,5662.79833984,2030.38000488,1292.45532227,975.343505859,583.605773926,485.02947998,506.370361328,449.600219727,387.10333252,440.762420654,355.807250977,238.618408203,87.4088516235,41.1994819641,37.6158599854,34.6678924561,12.5479803085,0.186751753092,0.00687041739002,1.22368049622,1.34559834003,0.0989461839199,0.00842274166644,0.000195044922293]},"erbbands_crest":{"dmean":2.65938282013,"dmean2":4.35106706619,"dvar":6.88383674622,"dvar2":17.4526100159,"max":29.552778244,"mean":8.78494548798,"median":7.54199886322,"min":2.12158608437,"var":20.3600845337},"erbbands_flatness_db":{"dmean":0.0267617050558,"dmean2":0.0386152975261,"dvar":0.000687461229973,"dvar2":0.00140991748776,"max":0.382626980543,"mean":0.133193463087,"median":0.128383249044,"min":0.032893601805,"var":0.00241094571538},"erbbands_kurtosis":{"dmean":1.50198817253,"dmean2":2.42848849297,"dvar":11.1461048126,"dvar2":28.9782352448,"max":126.079170227,"mean":1.50294816494,"median":0.561967492104,"min":-1.82993018627,"var":15.1423978806},"erbbands_skewness":{"dmean":0.429678380489,"dmean2":0.665421068668,"dvar":0.225157856941,"dvar2":0.5345261693,"max":9.01592540741,"mean":0.146183595061,"median":0.0685869306326,"min":-5.84584522247,"var":0.897580087185},"erbbands_spread":{"dmean":9.70738506317,"dmean2":14.5876531601,"dvar":119.687095642,"dvar2":246.559677124,"max":187.704742432,"mean":33.1118049622,"median":28.444442749,"min":1.3615642786,"var":387.01272583},"gfcc":{"cov":[[21170.7226562,-483.429077148,-1889.4329834,130.986221313,479.075561523,164.28692627,465.270568848,-247.791183472,400.827575684,26.3772678375,39.811832428,355.874206543,-275.907012939],[-483.429077148,1574.24145508,49.9353370667,-476.226257324,167.352416992,-102.859817505,49.2200584412,-63.5138893127,103.856758118,-75.5777893066,104.334823608,-137.030059814,188.856140137],[-1889.4329834,49.9353370667,579.750305176,123.836494446,-142.274047852,26.8438968658,-63.3765907288,51.1174278259,-62.6483840942,35.6544342041,-26.7616634369,-12.8430404663,11.5990066528],[130.986221313,-476.226257324,123.836494446,437.026123047,-21.6958713531,-47.9150352478,33.7502937317,-21.3108692169,-36.2341308594,23.4298210144,-32.9268188477,64.0056381226,-65.4152755737],[479.075561523,167.352416992,-142.274047852,-21.6958713531,267.552886963,48.2369728088,35.9719696045,-50.2106208801,21.1978988647,-30.9336223602,34.599029541,-11.8455066681,11.909324646],[164.28692627,-102.859817505,26.8438968658,-47.9150352478,48.2369728088,276.413635254,-61.7534294128,53.1738090515,-38.6887397766,7.59026432037,-3.72579193115,-6.642182827,-9.28449440002],[465.270568848,49.2200584412,-63.3765907288,33.7502937317,35.9719696045,-61.7534294128,163.152679443,-19.6303291321,47.6842842102,-8.15019416809,8.09830951691,17.6072311401,-8.85994720459],[-247.791183472,-63.5138893127,51.1174278259,-21.3108692169,-50.2106208801,53.1738090515,-19.6303291321,149.397537231,23.5653953552,27.0175209045,1.36215174198,-8.94817256927,14.1709136963],[400.827575684,103.856758118,-62.6483840942,-36.2341308594,21.1978988647,-38.6887397766,47.6842842102,23.5653953552,121.109985352,23.8363895416,15.4139223099,12.7614688873,-2.44767069817],[26.3772678375,-75.5777893066,35.6544342041,23.4298210144,-30.9336223602,7.59026432037,-8.15019416809,27.0175209045,23.8363895416,73.8036880493,22.328119278,16.9265785217,-7.65857744217],[39.811832428,104.334823608,-26.7616634369,-32.9268188477,34.599029541,-3.72579193115,8.09830951691,1.36215174198,15.4139223099,22.328119278,69.268913269,11.2298240662,28.7806568146],[355.874206543,-137.030059814,-12.8430404663,64.0056381226,-11.8455066681,-6.642182827,17.6072311401,-8.94817256927,12.7614688873,16.9265785217,11.2298240662,89.2182388306,-2.90391325951],[-275.907012939,188.856140137,11.5990066528,-65.4152755737,11.909324646,-9.28449440002,-8.85994720459,14.1709136963,-2.44767069817,-7.65857744217,28.7806568146,-2.90391325951,96.7263183594]],"icov":[[0.0000888002032298,-0.000130962551339,0.000361747428542,-0.000181421404704,0.0000909833106562,-0.000210804952076,-0.0000872504315339,0.0000365319319826,-0.0000526309704583,-0.000188314312254,0.000188527046703,-0.000329303176841,0.000215921623749],[-0.000130962551339,0.00263664522208,-0.00204130751081,0.00230333651416,-0.00111395434942,0.0010143944528,-0.000418708252255,0.00153511145618,-0.00231795501895,0.00238286633976,-0.00252759316936,0.00289712008089,-0.00277870730497],[0.000361747428542,-0.00204130751081,0.00485315686092,-0.00291091552936,0.00209277519025,-0.00168582668994,0.000290692900307,-0.000988636398688,0.0018484207103,-0.0030355756171,0.00255783251487,-0.00176643987652,0.00121117208619],[-0.000181421404704,0.00230333651416,-0.00291091552936,0.00592757342383,-0.00225046603009,0.00230309925973,-0.00111079274211,0.000664154009428,0.000318972364767,0.0004746314371,-0.000389473309042,-0.000345036853105,-0.000206589247682],[0.0000909833106562,-0.00111395434942,0.00209277519025,-0.00225046603009,0.0069290548563,-0.00301523227245,-0.000519480847288,0.00188398291357,-0.00142935034819,0.00211162632331,-0.00284350733273,0.000997212249786,0.000202455645194],[-0.000210804952076,0.0010143944528,-0.00168582668994,0.00230309925973,-0.00301523227245,0.00631411047652,0.00129655341152,-0.00246574287303,0.00223584612831,-0.000336549070198,0.000167185891769,-0.000186653342098,0.000609740091022],[-0.0000872504315339,-0.000418708252255,0.000290692900307,-0.00111079274211,-0.000519480847288,0.00129655341152,0.00843137875199,-0.000197657107492,-0.00245230365545,0.00179988821037,-0.000689964217599,-0.0009829235496,0.00102847465314],[0.0000365319319826,0.00153511145618,-0.000988636398688,0.000664154009428,0.00188398291357,-0.00246574287303,-0.000197657107492,0.0107977641746,-0.0051249647513,-0.000294018216664,-0.0013323565945,0.00360678182915,-0.00404227571562],[-0.0000526309704583,-0.00231795501895,0.0018484207103,0.000318972364767,-0.00142935034819,0.00223584612831,-0.00245230365545,-0.0051249647513,0.0159530770034,-0.00734008708969,0.00353829888627,-0.00457343598828,0.0039189113304],[-0.000188314312254,0.00238286633976,-0.0030355756171,0.0004746314371,0.00211162632331,-0.000336549070198,0.00179988821037,-0.000294018216664,-0.00734008708969,0.0245443955064,-0.0126347308978,0.0015194453299,0.000973670161329],[0.000188527046703,-0.00252759316936,0.00255783251487,-0.000389473309042,-0.00284350733273,0.000167185891769,-0.000689964217599,-0.0013323565945,0.00353829888627,-0.0126347308978,0.0261507909745,-0.00586251728237,-0.00346709066071],[-0.000329303176841,0.00289712008089,-0.00176643987652,-0.000345036853105,0.000997212249786,-0.000186653342098,-0.0009829235496,0.00360678182915,-0.00457343598828,0.0015194453299,-0.00586251728237,0.01857794635,-0.0050698556006],[0.000215921623749,-0.00277870730497,0.00121117208619,-0.000206589247682,0.000202455645194,0.000609740091022,0.00102847465314,-0.00404227571562,0.0039189113304,0.000973670161329,-0.00346709066071,-0.0050698556006,0.0178704690188]],"mean":[-2.42419719696,93.3760910034,-71.4525146484,1.3965959549,-15.3311576843,3.75010371208,-5.26900672913,-13.3979320526,-5.83714437485,-5.68841934204,-7.09630012512,-0.254174858332,-8.58307552338]},"hfc":{"dmean":41.9844703674,"dmean2":65.4297027588,"dvar":2807.08178711,"dvar2":6532.67675781,"max":1403.13635254,"mean":155.245727539,"median":153.555969238,"min":1.14808129455e-16,"var":12574.6474609},"melbands":{"dmean":[0.00510978605598,0.00358591624536,0.00134844949935,0.000488877645694,0.000340117432643,0.000230821286095,0.000158912371262,0.000187561978237,0.000116984709166,0.000101946439827,0.00009663405217,0.000101144665678,0.0000875787663972,0.0000797233151388,0.000061478203861,0.0000542827692698,0.0000414352944063,0.0000253529997281,0.0000224590312428,0.0000136760609166,0.0000113699124995,0.00000889228886081,0.00000871785960044,0.00000606287903793,0.00000466611572847,0.00000391423145629,0.00000318489082929,0.00000326667623085,0.00000311142230203,0.00000317293506669,0.00000240259805651,0.00000224791779146,0.00000158466366429,0.00000142852491081,0.00000120392826375,0.00000118815648875,0.00000120802349102,9.57216911956e-7,4.56853257447e-7,4.03524822445e-8],"dmean2":[0.00851755961776,0.00588856404647,0.00223120162264,0.000800961803179,0.000549642543774,0.000368296954548,0.000249030184932,0.000294853409287,0.000188577963854,0.000163699427503,0.00015750687453,0.000168099271832,0.00014643992472,0.000133570662001,0.000102076221083,0.0000891151212272,0.0000709827654646,0.0000433654713561,0.0000377514952561,0.0000227352884394,0.0000190134833247,0.0000146004658745,0.0000143921770359,0.00000973403803073,0.00000725777090338,0.0000058563841776,0.00000471081784781,0.00000486540920974,0.00000459337161374,0.00000452939138995,0.00000339749658451,0.00000333061120728,0.00000236578489421,0.00000211079168366,0.00000173500484379,0.00000168201677297,0.00000178720438271,0.00000141966893352,6.67375900321e-7,6.5566922558e-8],"dvar":[0.0000768689496908,0.0000237878448388,0.0000063383986344,6.1843519461e-7,3.53890754923e-7,2.00541265372e-7,1.14982974253e-7,3.10533863512e-7,7.18789081589e-8,6.25389162678e-8,4.96399898964e-8,4.40057981166e-8,2.19188720507e-8,1.64927911328e-8,1.23292025478e-8,9.03174157685e-9,4.27823509952e-9,1.54194756963e-9,1.26475507845e-9,5.17447751314e-10,4.83092676973e-10,2.82554257769e-10,3.19588189246e-10,2.17927093038e-10,1.93031785001e-10,1.34938851759e-10,8.26865104164e-11,9.21929199649e-11,5.79370162956e-11,7.45599554319e-11,2.87260840115e-11,2.4199203405e-11,8.97932856542e-12,8.5003419234e-12,9.10498412776e-12,8.42344076435e-12,1.17975438446e-11,7.02248589141e-12,1.4820792163e-12,4.36648152463e-15],"dvar2":[0.000200003778446,0.0000625624670647,0.0000165375531651,0.00000159852800152,8.36653669012e-7,4.58545827087e-7,2.44553746143e-7,6.9229008659e-7,1.65004536257e-7,1.51725117803e-7,1.24340928664e-7,1.17613275563e-7,5.87892046156e-8,4.51094983589e-8,3.26995959199e-8,2.36642332396e-8,1.18238530078e-8,4.32178293153e-9,3.50046258646e-9,1.36513900184e-9,1.30612443083e-9,7.11727621283e-10,7.93217325157e-10,4.77456851833e-10,4.6028114653e-10,2.92230517562e-10,1.71667818849e-10,1.84579324047e-10,1.24610877172e-10,1.4805227877e-10,5.90623175367e-11,5.43285208487e-11,1.92529204385e-11,1.84038582984e-11,1.91831567992e-11,1.70867556215e-11,2.72622792397e-11,1.63165557454e-11,3.35131293376e-12,1.03131106357e-14],"max":[0.103227227926,0.062892191112,0.0342449136078,0.0137182883918,0.0115552349016,0.00851864274591,0.0105266086757,0.0183307174593,0.00780619122088,0.00697540957481,0.00554282451048,0.00564508605748,0.00325169297867,0.00265931827016,0.00265491963364,0.00282797287218,0.000825487892143,0.000575294601731,0.000668712833431,0.000513357692398,0.000322200212395,0.000554844387807,0.00034750206396,0.000622976163868,0.000442689197371,0.000318488309858,0.000309448107146,0.000344092812156,0.000258986459812,0.000215643551201,0.000117797550047,0.000079590070527,0.0000422972552769,0.0000530672332388,0.0000602570835326,0.0000424799363827,0.0000575171688979,0.0000485353593831,0.0000328302303387,0.00000110333746761],"mean":[0.00690707704052,0.00550903752446,0.00200123293325,0.00080583919771,0.00053753942484,0.000353745504981,0.000256667146459,0.000339260092005,0.000191048762645,0.000168027268955,0.000151888394612,0.00016939669149,0.00015048525529,0.000148054139572,0.000115439521323,0.0000971726622083,0.0000699406155036,0.0000487030702061,0.0000418242016167,0.000025388028007,0.0000182801813935,0.0000158722050401,0.0000137309134516,0.00000906852164917,0.00000687319516146,0.00000582045777264,0.00000478210631627,0.00000479432446809,0.00000445687146566,0.00000476013974549,0.00000361385673386,0.00000308434778162,0.00000202724390874,0.00000178585401045,0.0000015533981923,0.0000015084020788,0.00000138858445098,0.00000113033559046,5.50417780687e-7,4.53376216569e-8],"median":[0.00354116782546,0.00337894889526,0.00108692364302,0.000509353878442,0.000296670186799,0.00015873349912,0.000102900703496,0.0000899079677765,0.0000787281460362,0.0000606478679401,0.0000616073084529,0.000085733976448,0.0000940451282077,0.0000878323917277,0.0000686051716912,0.0000554564430786,0.0000462148127554,0.0000319757164107,0.0000241489051405,0.0000132399527502,0.00000840811389935,0.00000828555312182,0.00000617444811724,0.00000333968387167,0.00000232824186241,0.00000167266250628,0.00000121827497424,0.00000105263700334,9.18481646295e-7,8.38363234834e-7,7.07546803369e-7,7.64387664276e-7,4.44959567858e-7,3.19547154959e-7,2.09741742196e-7,2.18695475951e-7,1.47199202161e-7,1.44387058754e-7,8.82228903265e-8,1.74267107411e-8],"min":[4.58733660439e-24,8.5293266126e-24,7.93041789133e-24,1.23704031672e-23,5.41047233265e-24,1.15317706609e-23,1.4586262174e-23,5.19361407537e-24,1.43992358752e-23,1.91933392337e-23,1.45252658711e-23,1.64634056074e-23,1.6293578054e-23,1.5464755033e-23,9.37684011498e-24,8.23907470885e-24,9.19437027672e-24,1.0933795951e-23,5.06481202221e-24,8.63023612187e-24,1.08290044572e-23,1.68251188428e-23,9.74958793675e-24,1.3091862219e-23,1.33500224722e-23,2.72914508097e-23,1.09521117235e-23,9.75953547277e-24,8.89724423904e-24,1.09116281707e-23,1.1291830728e-23,1.08110255283e-23,7.79779854024e-24,8.09472657383e-24,7.02643299218e-24,9.11317834577e-24,1.5158482942e-23,1.21138498236e-23,1.34642731971e-23,1.20185806698e-23],"var":[0.0000983528443612,0.0000409920503444,0.00000848886520544,9.62594754128e-7,5.8546100945e-7,3.89207286844e-7,2.66395090875e-7,0.00000123103961869,1.70864680626e-7,1.50438069113e-7,9.26614163177e-8,9.00835672724e-8,4.11982128412e-8,3.73676911636e-8,2.90342629938e-8,2.3565366547e-8,6.78955203171e-9,3.4728342424e-9,2.83737033868e-9,1.23274923602e-9,8.41198277701e-10,5.69304936526e-10,5.26243104648e-10,3.78144432434e-10,3.04407138385e-10,2.48428194682e-10,1.86435838989e-10,2.07786926554e-10,1.18979340269e-10,1.63755065063e-10,6.20911724813e-11,3.60545863998e-11,1.41930946163e-11,1.32901510977e-11,1.38845376169e-11,1.26662473912e-11,1.37422122293e-11,8.25676853278e-12,1.81443434496e-12,5.56477183533e-15]},"melbands_crest":{"dmean":4.46131706238,"dmean2":7.39667701721,"dvar":13.7078495026,"dvar2":37.2661018372,"max":38.8404846191,"mean":17.7710819244,"median":17.2858161926,"min":2.39154267311,"var":32.169002533},"melbands_flatness_db":{"dmean":0.0448265820742,"dmean2":0.0677766948938,"dvar":0.0017122294521,"dvar2":0.00378736923449,"max":0.770095705986,"mean":0.271321445704,"median":0.264599263668,"min":0.00488642137498,"var":0.00700240908191},"melbands_kurtosis":{"dmean":14.16959095,"dmean2":23.3705291748,"dvar":1998.05712891,"dvar2":5118.60888672,"max":1946.96887207,"mean":21.4084339142,"median":10.566742897,"min":-1.89827346802,"var":2439.1887207},"melbands_skewness":{"dmean":1.09551954269,"dmean2":1.75050222874,"dvar":1.47693920135,"dvar2":3.58147644997,"max":29.5126228333,"mean":3.27427649498,"median":2.92700314522,"min":-4.64451789856,"var":4.16967391968},"melbands_spread":{"dmean":6.27734375,"dmean2":9.98264884949,"dvar":106.747322083,"dvar2":242.95362854,"max":303.272949219,"mean":16.1750202179,"median":12.4689731598,"min":0.0780075415969,"var":404.03112793},"mfcc":{"cov":[[15490.8623047,84.4318695068,-1533.14831543,-33.9193267822,-16.3579826355,573.644775391,-160.144302368,430.579040527,-89.0681381226,222.462081909,-65.3616104126,431.638519287,-194.798171997],[84.4318695068,1906.08666992,-75.2870178223,-278.088928223,106.760551453,-64.6141891479,45.5312156677,-70.0166702271,112.06362915,-35.9720039368,84.6508865356,-64.1267089844,96.4980239868],[-1533.14831543,-75.2870178223,659.602050781,71.5868225098,-28.1382751465,-53.2776069641,6.35171127319,-46.6834449768,4.25831031799,9.89416980743,-8.96831989288,-53.3840866089,12.6948623657],[-33.9193267822,-278.088928223,71.5868225098,457.237701416,-84.4431610107,20.5746994019,-29.9995307922,9.9606962204,-34.5033454895,7.70100641251,-21.619058609,1.38224172592,1.42493796349],[-16.3579826355,106.760551453,-28.1382751465,-84.4431610107,220.794387817,54.2076873779,50.5591430664,1.41030418873,8.70286750793,-23.1430702209,13.8898115158,3.3268237114,-4.63272953033],[573.644775391,-64.6141891479,-53.2776069641,20.5746994019,54.2076873779,177.895111084,34.5275650024,34.8513336182,-30.7230300903,-2.84653830528,-10.8440103531,11.8804092407,-7.8704829216],[-160.144302368,45.5312156677,6.35171127319,-29.9995307922,50.5591430664,34.5275650024,118.612892151,5.54465484619,6.17262077332,-17.4540023804,-10.0702581406,-0.836945593357,2.4517428875],[430.579040527,-70.0166702271,-46.6834449768,9.9606962204,1.41030418873,34.8513336182,5.54465484619,97.749671936,19.5451335907,15.2378988266,3.64971661568,11.5582551956,-13.9355859756],[-89.0681381226,112.06362915,4.25831031799,-34.5033454895,8.70286750793,-30.7230300903,6.17262077332,19.5451335907,74.0670013428,24.7304344177,15.9011096954,-6.96578121185,6.28689670563],[222.462081909,-35.9720039368,9.89416980743,7.70100641251,-23.1430702209,-2.84653830528,-17.4540023804,15.2378988266,24.7304344177,69.6459884644,20.418384552,13.5639562607,-10.1212539673],[-65.3616104126,84.6508865356,-8.96831989288,-21.619058609,13.8898115158,-10.8440103531,-10.0702581406,3.64971661568,15.9011096954,20.418384552,76.8391189575,15.9105739594,14.2108335495],[431.638519287,-64.1267089844,-53.3840866089,1.38224172592,3.3268237114,11.8804092407,-0.836945593357,11.5582551956,-6.96578121185,13.5639562607,15.9105739594,80.6199645996,7.67597055435],[-194.798171997,96.4980239868,12.6948623657,1.42493796349,-4.63272953033,-7.8704829216,2.4517428875,-13.9355859756,6.28689670563,-10.1212539673,14.2108335495,7.67597055435,66.305267334]],"icov":[[0.000141451964737,-0.0001058284397,0.000219066118007,0.00000433324476035,0.0000462034149677,-0.000305007328279,0.000255788938375,-0.000382426806027,0.000241342015215,-0.000427011400461,0.000398092553951,-0.000610630610026,0.000302048778394],[-0.0001058284397,0.000844460446388,-0.0000156579662871,0.000283328758087,-0.000123974212329,0.000143346260302,-0.000292080425425,0.000891013303772,-0.00128170021344,0.000818980450276,-0.000977272982709,0.00111678335816,-0.00100986915641],[0.000219066118007,-0.0000156579662871,0.00211934186518,-0.000247171410592,-0.00000319616128763,-0.00000562380364499,-0.0000536604129593,0.000119689619169,0.000419714575401,-0.00144604046363,0.000614285701886,0.000377520045731,-0.000143718003528],[0.00000433324476035,0.000283328758087,-0.000247171410592,0.00266533950344,0.000808675948065,-0.000464560842374,0.000367760541849,-0.000302496540826,0.000662308360916,-0.000154931753059,0.000251689867582,0.000170149854966,-0.000645476800855],[0.0000462034149677,-0.000123974212329,-0.00000319616128763,0.000808675948065,0.00634871330112,-0.00239371787757,-0.00140511931386,0.00085521832807,-0.00203077960759,0.00285395258106,-0.0017967922613,-0.000881368527189,0.00180587673094],[-0.000305007328279,0.000143346260302,-0.00000562380364499,-0.000464560842374,-0.00239371787757,0.00915770232677,-0.00255507580005,-0.00277938554063,0.00506614008918,-0.00184229342267,0.000376025913283,0.00170815072488,-0.00170345429797],[0.000255788938375,-0.000292080425425,-0.0000536604129593,0.000367760541849,-0.00140511931386,-0.00255507580005,0.0109011474997,-0.000765660312027,-0.00198424584232,0.0018128065858,0.00224900594912,-0.00194664509036,0.000421661679866],[-0.000382426806027,0.000891013303772,0.000119689619169,-0.000302496540826,0.00085521832807,-0.00277938554063,-0.000765660312027,0.0151799535379,-0.00744333257899,0.00183516507968,-0.00211250805296,0.000313481607009,0.00191423750948],[0.000241342015215,-0.00128170021344,0.000419714575401,0.000662308360916,-0.00203077960759,0.00506614008918,-0.00198424584232,-0.00744333257899,0.0243336074054,-0.0106909302995,0.000894305994734,0.00234466232359,-0.00295406021178],[-0.000427011400461,0.000818980450276,-0.00144604046363,-0.000154931753059,0.00285395258106,-0.00184229342267,0.0018128065858,0.00183516507968,-0.0106909302995,0.0241351909935,-0.00668380083516,-0.0022033052519,0.00451856246218],[0.000398092553951,-0.000977272982709,0.000614285701886,0.000251689867582,-0.0017967922613,0.000376025913283,0.00224900594912,-0.00211250805296,0.000894305994734,-0.00668380083516,0.018324855715,-0.00432165153325,-0.00267145177349],[-0.000610630610026,0.00111678335816,0.000377520045731,0.000170149854966,-0.000881368527189,0.00170815072488,-0.00194664509036,0.000313481607009,0.00234466232359,-0.0022033052519,-0.00432165153325,0.0184285808355,-0.00498201604933],[0.000302048778394,-0.00100986915641,-0.000143718003528,-0.000645476800855,0.00180587673094,-0.00170345429797,0.000421661679866,0.00191423750948,-0.00295406021178,0.00451856246218,-0.00267145177349,-0.00498201604933,0.0199101120234]],"mean":[-667.218322754,153.79359436,4.30815792084,20.8351097107,7.51038074493,25.1634979248,5.58126163483,10.3189630508,0.756402313709,4.10114765167,-1.13513982296,5.85763311386,-2.54148221016]},"pitch_salience":{"dmean":0.0917349234223,"dmean2":0.151707097888,"dvar":0.00603614421561,"dvar2":0.0153701165691,"max":0.923613131046,"mean":0.524939894676,"median":0.53732329607,"min":0.0331302843988,"var":0.0135931316763},"silence_rate_20dB":{"dmean":0.000192307692487,"dmean2":0.000384652375942,"dvar":0.00019227071607,"dvar2":0.000576830585487,"max":1,"mean":0.999903857708,"median":1,"min":0,"var":0.0000961353580351},"silence_rate_30dB":{"dmean":0.108653843403,"dmean2":0.217328593135,"dvar":0.0968481898308,"dvar2":0.207408159971,"max":1,"mean":0.838573217392,"median":1,"min":0,"var":0.135368183255},"silence_rate_60dB":{"dmean":0.00499999988824,"dmean2":0.0100009618327,"dvar":0.00497499993071,"dvar2":0.01086257305,"max":1,"mean":0.0622055567801,"median":0,"min":0,"var":0.0583360269666},"spectral_centroid":{"dmean":237.953216553,"dmean2":356.006072998,"dvar":107212.898438,"dvar2":185110.890625,"max":11549.765625,"mean":959.755065918,"median":807.433898926,"min":100.565750122,"var":476799.28125},"spectral_complexity":{"dmean":3.74673080444,"dmean2":5.67054510117,"dvar":18.8633556366,"dvar2":35.4173736572,"max":59,"mean":20.9062595367,"median":22,"min":0,"var":141.50328064},"spectral_contrast_coeffs":{"dmean":[0.0541689544916,0.0489190258086,0.0382459312677,0.0298188626766,0.0266324523836,0.0363078303635],"dmean2":[0.0894938409328,0.0818984508514,0.0640976056457,0.0497979559004,0.0429694242775,0.0544988065958],"dvar":[0.00186102394946,0.00151829002425,0.00092817278346,0.000597762176767,0.000649705878459,0.00154693331569],"dvar2":[0.00505972234532,0.00414485856891,0.00254797446541,0.00158981152344,0.00150835548993,0.00312337209471],"max":[-0.376722365618,-0.485467404127,-0.498933821917,-0.611202418804,-0.648127317429,-0.408378958702],"mean":[-0.684516191483,-0.773172199726,-0.802403330803,-0.81475096941,-0.828926444054,-0.760291159153],"median":[-0.687102615833,-0.779362499714,-0.805710196495,-0.811754703522,-0.821838974953,-0.755272865295],"min":[-0.964551627636,-0.978845536709,-0.983991861343,-0.985704421997,-0.97527295351,-0.96413898468],"var":[0.00511290598661,0.00489316461608,0.00343083916232,0.00249108741991,0.00264216703363,0.00515206716955]},"spectral_contrast_valleys":{"dmean":[0.387029111385,0.388623923063,0.346989810467,0.346143007278,0.43392893672,0.554904580116],"dmean2":[0.629672706127,0.636312007904,0.561470687389,0.542105972767,0.624778687954,0.807065188885],"dvar":[0.119574740529,0.141910865903,0.135854557157,0.169472530484,0.242292150855,0.276693314314],"dvar2":[0.268574565649,0.315781116486,0.287654131651,0.350231558084,0.47033560276,0.614003956318],"max":[-4.61983108521,-4.70777606964,-5.15867042542,-5.52218103409,-5.43842172623,-8.27345848083],"mean":[-6.59217357635,-6.65717411041,-6.98076868057,-7.46078205109,-7.9256734848,-10.7262468338],"median":[-6.29622983932,-6.34719228745,-6.49010658264,-6.92078018188,-7.60678482056,-10.4851322174],"min":[-27.4229278564,-27.0931072235,-26.8973884583,-27.0873260498,-27.1735401154,-27.2546405792],"var":[1.86157131195,1.83555269241,2.26357030869,2.4149646759,2.16398215294,1.74152243137]},"spectral_decrease":{"dmean":6.28560981042e-9,"dmean2":1.02452588635e-8,"dvar":7.21875028096e-17,"dvar2":1.86055233787e-16,"max":3.31760863226e-9,"mean":-1.28976553881e-8,"median":-9.92114390641e-9,"min":-1.07046801645e-7,"var":1.41583092381e-16},"spectral_energy":{"dmean":0.0241834595799,"dmean2":0.0391113907099,"dvar":0.0010364537593,"dvar2":0.00265816599131,"max":0.423910737038,"mean":0.0627599880099,"median":0.0540129840374,"min":1.08095930137e-20,"var":0.00245622172952},"spectral_energyband_high":{"dmean":0.000688791216817,"dmean2":0.00093858683249,"dvar":0.00000191447270481,"dvar2":0.00000378309118787,"max":0.0171108040959,"mean":0.00108643714339,"median":0.000363182363799,"min":7.48615741143e-21,"var":0.0000036755632209},"spectral_energyband_low":{"dmean":0.0217543859035,"dmean2":0.0357623323798,"dvar":0.000977600342594,"dvar2":0.00251641636714,"max":0.394802600145,"mean":0.0368431806564,"median":0.0242300927639,"min":4.3824189402e-23,"var":0.0016159118386},"spectral_energyband_middle_high":{"dmean":0.00205720751546,"dmean2":0.00332978577353,"dvar":0.00000706953778717,"dvar2":0.0000184371492651,"max":0.0476459302008,"mean":0.00660347333178,"median":0.00548856379464,"min":1.94050270915e-21,"var":0.0000352832357748},"spectral_energyband_middle_low":{"dmean":0.00571271823719,"dmean2":0.00909705553204,"dvar":0.000084819526819,"dvar2":0.000215776031837,"max":0.136400058866,"mean":0.0132431806996,"median":0.00953234545887,"min":3.54024870827e-22,"var":0.000175204782863},"spectral_entropy":{"dmean":0.262512415648,"dmean2":0.379779934883,"dvar":0.083367548883,"dvar2":0.174894839525,"max":9.81191158295,"mean":7.45242118835,"median":7.53151988983,"min":4.57993602753,"var":0.301761865616},"spectral_flux":{"dmean":0.0345724411309,"dmean2":0.0563724897802,"dvar":0.00147874641698,"dvar2":0.00368688395247,"max":0.534880101681,"mean":0.130974307656,"median":0.127105221152,"min":0.0000110837772809,"var":0.00477758888155},"spectral_kurtosis":{"dmean":6.49234008789,"dmean2":9.68546962738,"dvar":99.5311584473,"dvar2":254.27520752,"max":173.702972412,"mean":16.0969409943,"median":13.2520952225,"min":-1.20364320278,"var":149.412338257},"spectral_rms":{"dmean":0.00136063701939,"dmean2":0.00215745531023,"dvar":0.00000203493482331,"dvar2":0.00000509372966917,"max":0.0203364565969,"mean":0.00712839188054,"median":0.00725917331874,"min":3.24745200349e-12,"var":0.0000104152868516},"spectral_rolloff":{"dmean":4809.97949219,"dmean2":9107.484375,"dvar":57536896,"dvar2":138006816,"max":22050,"mean":7297.66699219,"median":1550.390625,"min":21.533203125,"var":81702928},"spectral_skewness":{"dmean":0.557913184166,"dmean2":0.796847760677,"dvar":0.471859514713,"dvar2":1.10103547573,"max":11.2626094818,"mean":2.80794644356,"median":2.68470072746,"min":-0.0436116345227,"var":1.12690722942},"spectral_spread":{"dmean":772880.1875,"dmean2":1095240.125,"dvar":804416192512,"dvar2":1551904538620,"max":42611476,"mean":4557403,"median":4279381.5,"min":855801.6875,"var":3114873651200},"spectral_strongpeak":{"dmean":1.96408426762,"dmean2":3.68643498421,"dvar":107.128677368,"dvar2":305.599182129,"max":165.294662476,"mean":1.59286439419,"median":0.322852343321,"min":0,"var":76.1929092407},"zerocrossingrate":{"dmean":0.0383803620934,"dmean2":0.0491184927523,"dvar":0.00111971085425,"dvar2":0.00174886465538,"max":0.8818359375,"mean":0.216087251902,"median":0.2060546875,"min":0,"var":0.00866479426622}},"metadata":{"audio_properties":{"analysis_sample_rate":44100,"bit_rate":167376,"codec":"mp3","downmix":"mix","equal_loudness":0,"length":241.476989746,"lossless":false,"md5_encoded":"dada7b678e09692c00f7128f4a3513f2","replay_gain":1.37898445129,"sample_rate":44100},"tags":{"acoustid_id":["8d266e3f-39e0-460f-8cf1-863a0bb0deb4"],"album":["Meds"],"albumartist":["Placebo"],"artist":["Placebo"],"date":["2006"],"discnumber":["1/1"],"file_name":"08 - Placebo - Blind.mp3","musicbrainz_albumartistid":["847e8284-8582-4b0e-9c26-b042a4f49e57"],"musicbrainz_albumid":["0198aa84-9a91-339a-9f0d-bc07cb6f47cd"],"musicbrainz_artistid":["847e8284-8582-4b0e-9c26-b042a4f49e57"],"musicbrainz_recordingid":["0980592a-238f-446b-a4f3-819c92bfa87a"],"musicbrainz_releasegroupid":["90bf604b-bde5-3b45-bfd0-ba775be89986"],"replaygain_album_gain":["+0.39 dB"],"replaygain_album_peak":["0.398942"],"replaygain_track_gain":["+0.48 dB"],"replaygain_track_peak":["0.353443"],"title":["Blind"],"tracknumber":["8/13"]},"version":{"essentia":"2.1-beta1","essentia_build_sha":"e76a03f03bb3900de42a1fa0d9be1e72f12def64","essentia_git_sha":"v2.1_beta1-28-g21ef5f4-dirty","extractor":"music 1.0"}},"rhythm":{"beats_count":662,"beats_loudness":{"dmean":0.050176102668,"dmean2":0.0943362787366,"dvar":0.00279085664079,"dvar2":0.00883736927062,"max":0.352916747332,"mean":0.0782850906253,"median":0.0685545504093,"min":1.38967655161e-8,"var":0.00312569155358},"beats_loudness_band_ratio":{"dmean":[0.230617374182,0.0888568088412,0.0566800571978,0.0460297204554,0.0246897228062,0.128220051527],"dmean2":[0.40096449852,0.154735416174,0.0999599248171,0.0784138441086,0.0427851863205,0.231338039041],"dvar":[0.0305208787322,0.00828113500029,0.00686045316979,0.00235584611073,0.00133410037961,0.0171401705593],"dvar2":[0.0845574662089,0.0247177090496,0.0187565982342,0.00657231826335,0.00369393383153,0.0448724776506],"max":[0.974056124687,0.658803164959,0.525799632072,0