{"lowlevel":{"average_loudness":0.959793508053,"barkbands":{"dmean":[0.00697913439944,0.0136052109301,0.00282891001552,0.000882898806594,0.00186252570711,0.00199238583446,0.0013601599494,0.00118724617641,0.00182541809045,0.00174021359999,0.00110736500937,0.00123753352091,0.000661928672343,0.000343141553458,0.000306041387375,0.000252639874816,0.000129674139316,0.000110970337118,0.0000925771018956,0.0000585276247875,0.0000330372749886,0.0000203661875275,0.00000878669652593,0.00000466400842924,0.00000353157179234,0.0000127717430587,0.00043022268801],"dmean2":[0.0115401186049,0.0224606934935,0.00494759250432,0.00150308804587,0.00305163231678,0.00336148566566,0.0022561638616,0.00203100033104,0.00308564561419,0.00291659892537,0.00186295900494,0.00209302827716,0.00110303703696,0.000584186869673,0.000521741982084,0.000428444036515,0.000210920290556,0.000175300010596,0.000138089439133,0.0000897608188097,0.0000493493316753,0.000030661089113,0.0000134085630634,0.00000744684484744,0.00000590865465711,0.0000189189559023,0.000694995920639],"dvar":[0.000099270575447,0.000281392392935,0.0000176659777935,0.00000157474823936,0.00000573828447159,0.0000120546428661,0.00000550254117115,0.00000346037836607,0.00000689563921696,0.00000597215921516,0.00000199005830837,0.00000200507633963,0.0000012040487718,1.94068178416e-7,1.13913372957e-7,7.92493466406e-8,3.36215784102e-8,4.06003053399e-8,6.38641424189e-8,3.21155724237e-8,3.26217342028e-9,1.26404409162e-9,2.00708838438e-10,3.65912543321e-11,2.29219438569e-11,4.31833124814e-10,1.62481299526e-7],"dvar2":[0.000253674952546,0.000744480232242,0.0000515284991707,0.00000422896528107,0.000014144456145,0.0000334725991706,0.0000119299065773,0.00000981129505817,0.0000189655856957,0.0000156557216542,0.00000526020221514,0.00000545147759112,0.0000032299403756,5.43742203263e-7,3.12871151209e-7,2.15930512582e-7,8.16335798959e-8,9.68888400621e-8,1.41410993137e-7,7.76551942749e-8,6.78989842129e-9,2.65423105716e-9,4.26440022183e-10,8.60751331322e-11,5.91712304154e-11,8.59718185531e-10,4.1577075649e-7],"max":[0.159711942077,0.196708843112,0.0701509788632,0.0193161573261,0.0452648475766,0.0569934174418,0.156245589256,0.0369684062898,0.0556245259941,0.0419208668172,0.0214237757027,0.0235064644367,0.0299118291587,0.0160637944937,0.00569602847099,0.00549547607079,0.00502741290256,0.00499020703137,0.0068236021325,0.00754036568105,0.00217802287079,0.000952428381424,0.000395124516217,0.000167992082424,0.0000528729688085,0.000639148696791,0.00629745190963],"mean":[0.0120408320799,0.0251308847219,0.00338784465566,0.00113033759408,0.0033056398388,0.00318929716013,0.00292354426347,0.00178404955659,0.00301911029965,0.00294408109039,0.00187349808402,0.00226857839152,0.00124143797439,0.000670152308885,0.000644339772407,0.000525909592398,0.000273422600003,0.000225258918363,0.000171651059645,0.000116888782941,0.0000734791610739,0.0000404024067393,0.0000162167034432,0.00000727162705516,0.00000372162867279,0.0000254588212556,0.00164233963005],"median":[0.00827093888074,0.0215207580477,0.00196574837901,0.000667538901325,0.0022996685002,0.001494621858,0.00122010370251,0.000993913039565,0.00191873451695,0.00191369303502,0.00134160357993,0.00180611247197,0.000750297913328,0.000517575768754,0.000535762461368,0.000427816557931,0.000207485558349,0.000150808860781,0.0000907343055587,0.0000706129867467,0.0000512455044372,0.0000258204981947,0.0000100330480564,0.00000478635092804,0.00000187873195046,0.0000148122817336,0.00154979841318],"min":[2.35726331014e-25,3.46362159984e-24,9.23418684762e-25,6.74142385801e-25,6.76429056907e-24,1.21406955491e-23,1.31169558844e-23,7.29654448815e-24,1.83173549524e-23,8.89643960092e-24,1.56102620047e-23,3.13354547324e-23,3.66365842383e-23,3.83638866982e-23,4.0013530535e-23,5.43261053066e-23,5.07090265949e-23,9.84570290722e-23,1.22431540656e-22,1.70359220404e-22,2.35207272372e-22,3.35298045e-22,4.06750743389e-22,5.21519352321e-22,9.6228590416e-22,1.26135986029e-21,1.91325361071e-21],"var":[0.00014398896019,0.000417568458943,0.0000191012459254,0.00000206660865842,0.0000114811437015,0.0000217849210458,0.000114166155981,0.00000541949657418,0.0000120126160255,0.0000110912515083,0.00000345345461028,0.00000339075768352,0.00000299997941511,3.5245253116e-7,2.22539526362e-7,1.60403018867e-7,6.28494305488e-8,8.1341205771e-8,1.2341808997e-7,5.6910817392e-8,8.25086843292e-9,2.81554601855e-9,4.55100623853e-10,7.25060289586e-11,2.48601746827e-11,1.16086429358e-9,5.64141487303e-7]},"barkbands_crest":{"dmean":2.74373650551,"dmean2":4.44947719574,"dvar":5.50161170959,"dvar2":14.1542835236,"max":25.7348022461,"mean":10.46778965,"median":10.0854082108,"min":2.67388916016,"var":15.3020267487},"barkbands_flatness_db":{"dmean":0.0230468995869,"dmean2":0.0365214087069,"dvar":0.000417363859015,"dvar2":0.00104246172123,"max":0.430306911469,"mean":0.14033614099,"median":0.136681854725,"min":0.0393305681646,"var":0.00161737401504},"barkbands_kurtosis":{"dmean":3.12172079086,"dmean2":5.19453573227,"dvar":24.5097808838,"dvar2":63.6316490173,"max":97.3409194946,"mean":5.76877784729,"median":4.47881984711,"min":-1.91432130337,"var":29.7076950073},"barkbands_skewness":{"dmean":0.539346396923,"dmean2":0.887056171894,"dvar":0.316382944584,"dvar2":0.809366881847,"max":8.01439476013,"mean":2.01392745972,"median":1.9256439209,"min":-4.19755077362,"var":0.82967633009},"barkbands_spread":{"dmean":6.83912611008,"dmean2":11.1305923462,"dvar":45.9367790222,"dvar2":118.556632996,"max":132.824920654,"mean":29.4576644897,"median":28.0928115845,"min":0.933807492256,"var":131.742279053},"dissonance":{"dmean":0.0183577407151,"dmean2":0.0315848179162,"dvar":0.000276295584626,"dvar2":0.000778891844675,"max":0.500000059605,"mean":0.471628338099,"median":0.477916061878,"min":0.214299827814,"var":0.00068928708788},"dynamic_complexity":1.30008471012,"erbbands":{"dmean":[0.743960678577,1.99067795277,3.47596502304,2.51960301399,5.24531459808,6.38556289673,9.80055236816,18.6672363281,21.400270462,19.9021396637,26.81133461,46.8754730225,38.7737197876,52.8000068665,43.4126205444,46.7859916687,30.423784256,18.8910560608,12.322561264,17.964509964,9.16573238373,6.80224847794,5.95809221268,5.25699234009,4.09098100662,2.66918063164,1.52263581753,1.17876875401,0.768307209015,0.453727126122,0.228156715631,0.121248707175,0.067297808826,0.0395148433745,0.0253301113844,0.01947786659,0.027237854898,0.031844034791,0.0180328376591,0.0115992631763],"dmean2":[1.2290340662,3.3623239994,6.10729980469,4.25186538696,8.77122306824,10.464430809,16.1788387299,31.7324886322,35.7260169983,33.2452735901,45.7728691101,79.5469741821,65.5452804565,87.9977722168,73.2490921021,79.1248703003,50.6027030945,32.0894889832,20.7109851837,30.3645648956,15.1919984818,11.0082998276,9.38258171082,8.08115959167,6.12528467178,4.09356021881,2.29081821442,1.75592052937,1.15104556084,0.69492316246,0.350322425365,0.190362378955,0.109176233411,0.0660122931004,0.0423227213323,0.0313069187105,0.0399158447981,0.0453557521105,0.0253257155418,0.0187955349684],"dvar":[0.998796105385,5.94583559036,23.4816150665,12.160615921,61.0159339905,73.6215515137,249.68901062,1233.12890625,1664.62585449,892.627685547,1699.13049316,4910.38867188,4281.01953125,5111.12792969,3267.48217773,2712.77270508,2789.77124023,671.805114746,200.150527954,378.503204346,141.47706604,91.330368042,97.1110229492,194.420059204,134.206954956,76.2153320312,6.3766541481,4.99775505066,2.01636195183,0.624999821186,0.127855151892,0.0265813693404,0.00762371812016,0.00289443996735,0.00115214183461,0.000585168600082,0.00213594781235,0.00337886554189,0.000900828745216,0.000108467087557],"dvar2":[2.64687156677,16.4817581177,70.4057312012,32.3380241394,153.154998779,183.28805542,628.312561035,3537.67382812,3622.08691406,2236.98730469,4737.48388672,13356.8076172,11453.4609375,13328.8173828,8796.15234375,7510.85595703,7370.29248047,1924.52966309,542.300170898,1035.87683105,366.088134766,218.882461548,220.057403564,450.834686279,292.646789551,191.003967285,13.532377243,10.4529323578,4.29690313339,1.38030290604,0.272341281176,0.0593317262828,0.0185898710042,0.00746953627095,0.0029729611706,0.00143544143066,0.00419436395168,0.00680456543341,0.00181404000614,0.000280897686025],"max":[11.0722837448,34.0887985229,87.6695022583,58.8642959595,181.645523071,143.466491699,383.957885742,588.712097168,2744.53564453,711.361938477,688.436889648,1371.93261719,1414.00256348,1414.3782959,1382.3918457,753.438476562,1609.29187012,978.528747559,256.081176758,354.102416992,247.682418823,195.217056274,284.59765625,432.141113281,512.604919434,371.019104004,86.4854354858,71.4602355957,33.1438407898,22.4437789917,13.1159210205,4.60906887054,2.44329929352,0.594087302685,0.375017076731,0.390395730734,1.5302208662,1.141097188,1.00420129299,0.203730225563],"mean":[1.37083518505,3.15699481964,4.43091344833,3.62606620789,7.89441871643,10.5513267517,15.3670377731,29.5505867004,47.180316925,34.5520362854,44.5108146667,74.8289642334,69.9989318848,96.4577484131,84.9678573608,89.0310745239,62.2501525879,39.5390090942,29.0831108093,40.0064086914,21.8026103973,15.4228315353,12.9319162369,10.1146507263,7.99819278717,5.39753246307,3.46884155273,2.4735956192,1.50443542004,0.867666065693,0.41830638051,0.205136597157,0.0949122607708,0.0433082133532,0.0273461155593,0.0285290125757,0.0545651204884,0.0736057236791,0.0601553022861,0.058922406286],"median":[1.17162191868,2.55344867706,2.787150383,2.45048594475,4.69638252258,6.98328733444,9.86889076233,12.2826032639,16.9997653961,20.830499649,26.5313224792,45.4624671936,45.710144043,66.9665985107,64.2677383423,72.3196868896,39.45570755,30.6355953217,24.1854743958,33.6587791443,17.5791110992,11.9280633926,9.11847496033,5.76892948151,4.41604661942,3.33689928055,2.50483846664,1.62366890907,0.947927296162,0.534706234932,0.263143897057,0.133931323886,0.0615041702986,0.023090813309,0.0143189951777,0.0186546538025,0.0296343211085,0.0455343388021,0.0464275926352,0.0574999302626],"min":[1.45812721555e-22,7.45146550501e-22,1.9831964167e-21,3.49304640191e-21,1.55816577442e-20,2.70756700133e-20,3.64976352377e-20,9.48229447912e-20,1.44247219036e-19,2.00515895861e-19,2.30074884858e-19,4.06820194854e-19,7.04562874066e-19,4.37573787752e-19,7.66250798825e-19,1.42017129765e-18,1.45105553338e-18,1.9785064238e-18,2.26903582957e-18,3.6061890062e-18,3.15951188901e-18,3.83693930987e-18,5.48950638023e-18,6.01944129402e-18,6.92221297967e-18,8.72334086087e-18,8.63636695536e-18,9.06976741013e-18,1.08967066352e-17,1.16941393513e-17,1.16899033594e-17,1.02937275374e-17,9.29239480019e-18,8.66919609951e-18,6.78162536276e-18,4.03950550213e-18,2.46499905259e-18,8.45585432881e-19,2.15405767273e-19,2.72101741046e-20],"var":[1.50045013428,7.2092499733,25.7759151459,15.4311656952,100.794387817,135.256286621,382.911193848,2225.18579102,35521.21875,2195.92114258,2740.93798828,8191.72607422,7381.18164062,10153.2441406,5891.88378906,4501.56640625,7353.81103516,1275.27075195,426.457244873,784.74786377,304.585174561,183.002944946,209.263412476,367.053924561,275.996459961,119.363197327,16.5470142365,11.4764909744,4.29232406616,1.32486391068,0.295917600393,0.0611318945885,0.0127508742735,0.0031726390589,0.00126604305115,0.000982973724604,0.00580004928634,0.0081203263253,0.0028452903498,0.00047603083658]},"erbbands_crest":{"dmean":2.48518323898,"dmean2":4.17395353317,"dvar":4.95229530334,"dvar2":13.2692213058,"max":33.3318481445,"mean":8.41596698761,"median":7.48397636414,"min":2.64029049873,"var":14.4930286407},"erbbands_flatness_db":{"dmean":0.0185767002404,"dmean2":0.0291748326272,"dvar":0.000240011519054,"dvar2":0.000573471945245,"max":0.456565916538,"mean":0.150449097157,"median":0.146691590548,"min":0.0621067807078,"var":0.00121780973859},"erbbands_kurtosis":{"dmean":0.973379075527,"dmean2":1.60204982758,"dvar":3.61224532127,"dvar2":9.10916423798,"max":139.736251831,"mean":1.74380600452,"median":0.941930532455,"min":-1.33546328545,"var":57.6877708435},"erbbands_skewness":{"dmean":0.29678979516,"dmean2":0.48837056756,"dvar":0.0655289888382,"dvar2":0.16876719892,"max":9.70245742798,"mean":0.162010371685,"median":0.114250130951,"min":-2.1062002182,"var":0.573303997517},"erbbands_spread":{"dmean":4.2827706337,"dmean2":6.88499403,"dvar":13.5469818115,"dvar2":33.8777923584,"max":92.6039047241,"mean":20.6622486115,"median":19.855506897,"min":0.74121683836,"var":51.0821456909},"gfcc":{"cov":[[16148.3652344,1078.89147949,-1298.68347168,-156.22328186,-74.5267333984,-208.918945312,191.500289917,-181.342666626,32.9947357178,-110.198623657,-46.687713623,75.9030456543,-54.9483184814],[1078.89147949,603.401062012,-95.0115509033,-166.807281494,42.3814430237,-56.4443092346,15.2929830551,-46.0521888733,55.3822631836,-5.91652584076,32.2027702332,-33.2390327454,46.2480888367],[-1298.68347168,-95.0115509033,250.477584839,41.5187034607,-56.4898300171,66.3728561401,-90.2828369141,39.3669548035,-29.6388874054,22.266960144,-3.55999588966,-8.51449966431,3.78886365891],[-156.22328186,-166.807281494,41.5187034607,154.82170105,38.3469238281,11.1837930679,26.2199440002,-5.55947732925,-22.5614051819,-7.04523992538,-7.6661400795,14.3670597076,-30.0697784424],[-74.5267333984,42.3814430237,-56.4898300171,38.3469238281,159.346786499,23.6157283783,76.3806915283,-23.4394874573,9.4266166687,-20.2996177673,1.74096679688,-3.61069893837,5.76772546768],[-208.918945312,-56.4443092346,66.3728561401,11.1837930679,23.6157283783,134.074508667,-15.3885259628,43.8717269897,-19.5808029175,5.22787094116,-10.9392566681,-11.7771253586,13.4559412003],[191.500289917,15.2929830551,-90.2828369141,26.2199440002,76.3806915283,-15.3885259628,144.843399048,-10.9798231125,45.0103912354,-8.45648479462,-4.05987262726,13.1143779755,-15.2175388336],[-181.342666626,-46.0521888733,39.3669548035,-5.55947732925,-23.4394874573,43.8717269897,-10.9798231125,92.3844451904,10.8287649155,23.4939289093,9.14088153839,-14.128282547,14.3743209839],[32.9947357178,55.3822631836,-29.6388874054,-22.5614051819,9.4266166687,-19.5808029175,45.0103912354,10.8287649155,71.1317138672,24.8079223633,11.8699111938,9.63707256317,-3.73959946632],[-110.198623657,-5.91652584076,22.266960144,-7.04523992538,-20.2996177673,5.22787094116,-8.45648479462,23.4939289093,24.8079223633,54.7956428528,33.5041542053,5.96054172516,4.14216661453],[-46.687713623,32.2027702332,-3.55999588966,-7.6661400795,1.74096679688,-10.9392566681,-4.05987262726,9.14088153839,11.8699111938,33.5041542053,57.6492729187,16.9159564972,12.0446386337],[75.9030456543,-33.2390327454,-8.51449966431,14.3670597076,-3.61069893837,-11.7771253586,13.1143779755,-14.128282547,9.63707256317,5.96054172516,16.9159564972,50.4309959412,6.37890720367],[-54.9483184814,46.2480888367,3.78886365891,-30.0697784424,5.76772546768,13.4559412003,-15.2175388336,14.3743209839,-3.73959946632,4.14216661453,12.0446386337,6.37890720367,58.4165840149]],"icov":[[0.000257281324593,-0.000902839645278,0.00198197015561,-0.0011886190623,0.000934127660003,-0.000738420058042,0.00052903778851,-0.000475977780297,0.000710626365617,-0.000781916489359,0.00116540782619,-0.00118806725368,0.000539566855878],[-0.000902839645278,0.00680411420763,-0.00725856749341,0.00701683061197,-0.00382050569169,0.00284323771484,-0.00189260661136,0.00451911566779,-0.00593391247094,0.00584683008492,-0.0080345980823,0.00842330884188,-0.00409370148554],[0.00198197015561,-0.00725856749341,0.0225645154715,-0.0126808770001,0.00895274151117,-0.0086973188445,0.00814990699291,-0.00413917098194,0.00447583105415,-0.00803027208894,0.0102594913915,-0.00881476327777,0.00358401588164],[-0.0011886190623,0.00701683061197,-0.0126808770001,0.0197157431394,-0.00969184841961,0.00610072026029,-0.00533117633313,0.0012531762477,0.00220047379844,0.00218438706361,-0.00502813933417,0.00175481522456,0.00298346253112],[0.000934127660003,-0.00382050569169,0.00895274151117,-0.00969184841961,0.0175777561963,-0.00865167472512,-0.00335933011957,0.00407952303067,-0.0015182987554,0.00423289975151,-0.00319817266427,0.00288832373917,-0.00334110087715],[-0.000738420058042,0.00284323771484,-0.0086973188445,0.00610072026029,-0.00865167472512,0.0156107880175,-0.00163091195282,-0.00549220852554,0.0042531862855,-0.00333175272681,0.00329633243382,0.000325643079123,-0.0012628698023],[0.00052903778851,-0.00189260661136,0.00814990699291,-0.00533117633313,-0.00335933011957,-0.00163091195282,0.0172475986183,-0.00290921516716,-0.00752311293036,0.000378910190193,0.00500684604049,-0.00582952192053,0.00373516394757],[-0.000475977780297,0.00451911566779,-0.00413917098194,0.0012531762477,0.00407952303067,-0.00549220852554,-0.00290921516716,0.0222707167268,-0.0101420814171,0.00331174279563,-0.0102065363899,0.0147372540087,-0.00887645315379],[0.000710626365617,-0.00593391247094,0.00447583105415,0.00220047379844,-0.0015182987554,0.0042531862855,-0.00752311293036,-0.0101420814171,0.0367327965796,-0.023387838155,0.0151250688359,-0.0152522986755,0.00847152154893],[-0.000781916489359,0.00584683008492,-0.00803027208894,0.00218438706361,0.00423289975151,-0.00333175272681,0.000378910190193,0.00331174279563,-0.023387838155,0.0512830764055,-0.0335349701345,0.0135418390855,-0.00378368771635],[0.00116540782619,-0.0080345980823,0.0102594913915,-0.00502813933417,-0.00319817266427,0.00329633243382,0.00500684604049,-0.0102065363899,0.0151250688359,-0.0335349701345,0.0477890558541,-0.0229137651622,0.00357059505768],[-0.00118806725368,0.00842330884188,-0.00881476327777,0.00175481522456,0.00288832373917,0.000325643079123,-0.00582952192053,0.0147372540087,-0.0152522986755,0.0135418390855,-0.0229137651622,0.0418280176818,-0.0135959396139],[0.000539566855878,-0.00409370148554,0.00358401588164,0.00298346253112,-0.00334110087715,-0.0012628698023,0.00373516394757,-0.00887645315379,0.00847152154893,-0.00378368771635,0.00357059505768,-0.0135959396139,0.0275072064251]],"mean":[34.6790122986,105.043807983,-92.4443435669,-18.458612442,-5.67395782471,-12.161693573,12.113360405,-12.8318853378,4.21979284286,-6.02176380157,-1.14467132092,1.48534822464,-0.755743861198]},"hfc":{"dmean":57.4000434875,"dmean2":94.48021698,"dvar":2470.86230469,"dvar2":6692.68261719,"max":1008.14245605,"mean":319.175506592,"median":311.241241455,"min":1.10662756829e-16,"var":10385.6259766},"melbands":{"dmean":[0.00504658091813,0.0019014327554,0.000476146960864,0.000429119187174,0.000316570483847,0.00041342782788,0.000309915456455,0.00022730276396,0.000234378399909,0.00028774535167,0.000202522845939,0.000229218450841,0.00015659154451,0.000145826401422,0.0000989072868833,0.0000597859288973,0.0000357217140845,0.0000213043858821,0.0000263372166955,0.0000231771482504,0.0000100772613223,0.00000805068975751,0.00000630549084235,0.00000554995949642,0.00000456534053228,0.00000331197543346,0.00000293980269817,0.0000016316307665,0.00000102355659237,9.25988160816e-7,6.71009217967e-7,4.86264582378e-7,3.69177797666e-7,2.23663988663e-7,1.45235063087e-7,9.30842531943e-8,6.94224624453e-8,5.00136998483e-8,3.82288085632e-8,3.20561035494e-8],"dmean2":[0.00829669646919,0.00331375235692,0.000796258449554,0.000703144993167,0.000519544701092,0.000699323543813,0.000515976455063,0.000381188030588,0.000399002921768,0.000487730285386,0.000342722865753,0.000382609665394,0.000263653259026,0.000245545641519,0.000166611614986,0.000100687531813,0.0000609499111306,0.0000361050952051,0.0000449617946288,0.0000396614886995,0.0000166968457052,0.0000132092191052,0.0000102515787148,0.00000886483212525,0.00000716433123671,0.0000049982722885,0.00000449261005997,0.00000255408485828,0.00000158123839356,0.00000142334727116,0.00000101910075045,7.44576311718e-7,5.65443940559e-7,3.49759176288e-7,2.26704813144e-7,1.45439003063e-7,1.10558580957e-7,8.12356972801e-8,6.35145340766e-8,5.37686766222e-8],"dvar":[0.0000441550182586,0.00000552182109459,4.02444072733e-7,3.46106730831e-7,2.15043115759e-7,5.63489720662e-7,3.13059672408e-7,1.15483857144e-7,1.2239406999e-7,1.79604441541e-7,1.14845398969e-7,9.65205160242e-8,3.96678778714e-8,3.03269658275e-8,1.57991539851e-8,9.1812006886e-9,2.39250286249e-9,6.25395568665e-10,8.40792990786e-10,6.41890429698e-10,2.0871966655e-10,1.30928240472e-10,8.5392415361e-11,1.06012844336e-10,1.61081092909e-10,7.86105069928e-11,8.98376303904e-11,2.56875892085e-11,3.07876554112e-12,2.95177142277e-12,1.54418893037e-12,7.91796912324e-13,4.58728974945e-13,1.53787464534e-13,5.75039758107e-14,1.78738825769e-14,8.89252880994e-15,4.39922315969e-15,2.58571736105e-15,1.93303294717e-15],"dvar2":[0.000115502502013,0.0000164744142239,0.0000010645844668,8.40620884901e-7,5.41597387382e-7,0.0000015926159449,6.86674127337e-7,3.0293671216e-7,3.38609595474e-7,4.90390050345e-7,3.05499270326e-7,2.50380253419e-7,1.05547229623e-7,8.17420939825e-8,4.31754934027e-8,2.45829490098e-8,6.83614809205e-9,1.70319169879e-9,2.30518715227e-9,1.76717995792e-9,5.38536049088e-10,3.21698584438e-10,2.06612310594e-10,2.52139448209e-10,3.80527359622e-10,1.77620862463e-10,2.07770370353e-10,6.6023096712e-11,6.82319175119e-12,6.79116745478e-12,3.32834259285e-12,1.73701222676e-12,1.03283993771e-12,3.44989987099e-13,1.2783056677e-13,3.73370632372e-14,2.10890349915e-14,1.07078339183e-14,6.5532495439e-15,4.9953374194e-15],"max":[0.0769852623343,0.0368112176657,0.00842581223696,0.0113041000441,0.0103220818564,0.0130359306931,0.0368977859616,0.00718515738845,0.00631891936064,0.00754142971709,0.00732013722882,0.00626208633184,0.00358886085451,0.00320675759576,0.00306835561059,0.00236159632914,0.00194429780822,0.000385226216167,0.000531065510586,0.000481895054691,0.000363724015187,0.000238832435571,0.000232879901887,0.0002481622505,0.000418909912696,0.000275491707725,0.000421923876274,0.000218348985072,0.0000521356196259,0.0000590941126575,0.0000352587085217,0.0000173103053385,0.0000229886809393,0.00000931856811803,0.00000795328833192,0.00000496355642099,0.0000020732854864,0.00000189495517589,0.00000112730845103,4.877746278e-7],"mean":[0.00989727210253,0.0028594112955,0.000752357474994,0.000710144464392,0.000521432317328,0.000679661228787,0.000681606761646,0.000371988338884,0.000387609150494,0.00045655228314,0.000347647757735,0.000400408869609,0.000279605825199,0.000261810870143,0.000182557967491,0.000111487352115,0.0000685856502969,0.000043850599468,0.0000537216656085,0.0000477291032439,0.0000208056735573,0.0000162956785061,0.000012989699826,0.000010495477909,0.00000800985617389,0.00000598869792157,0.00000531873138243,0.00000309417055178,0.00000215810723603,0.00000185133978903,0.0000013009655504,8.87066732957e-7,6.6460876269e-7,4.02887138762e-7,2.54137091815e-7,1.60726344234e-7,1.09977939644e-7,7.05614979779e-8,4.54859012677e-8,3.31073302107e-8],"median":[0.00877900421619,0.00222736108117,0.000533718499355,0.000455269502709,0.000356810371159,0.000287413975457,0.00026357229217,0.000224660194363,0.000238892069319,0.000279355532257,0.000218982284423,0.000269481475698,0.000204575553653,0.000200693568331,0.000132074535941,0.0000698471340002,0.000051941457059,0.0000349146175722,0.0000441020383732,0.0000391819703509,0.0000156479909492,0.0000121536104416,0.00000940798872762,0.00000670263716529,0.00000430054933531,0.00000318694765156,0.00000287875877802,0.000001930318831,0.00000153513894929,0.00000126112297494,8.23709569886e-7,5.39691882295e-7,3.92523418213e-7,2.43668949906e-7,1.56536358986e-7,1.01688115706e-7,7.01299356365e-8,4.48983143997e-8,2.7688418669e-8,1.62199942366e-8],"min":[1.18433433056e-24,8.47795125728e-25,1.00663710077e-24,1.95749936895e-24,1.03621465155e-24,2.21484295396e-24,2.19677468657e-24,2.9544414678e-24,1.70633256483e-24,2.62929962673e-24,3.13336222086e-24,1.31868020234e-24,2.29596704287e-24,2.87342446676e-24,2.63339874521e-24,3.18038838878e-24,3.28973377936e-24,3.14431338516e-24,2.91647418408e-24,4.15008954285e-24,3.09714482784e-24,3.5888359136e-24,3.86700089056e-24,4.31757181278e-24,3.94345413405e-24,4.60837868017e-24,3.77334298516e-24,4.71465914892e-24,4.59613634778e-24,4.58179091222e-24,4.44978095619e-24,5.65180026634e-24,5.54635362357e-24,5.59532374199e-24,6.00025945527e-24,5.22689020051e-24,6.44730495811e-24,5.44957261785e-24,6.6617646838e-24,6.51530082383e-24],"var":[0.0000653855531709,0.00000623017194812,5.59373802389e-7,6.70663553137e-7,3.49383924458e-7,0.00000114112697247,0.00000638705250822,2.31304241538e-7,2.0356658581e-7,2.96758400964e-7,1.92871212334e-7,1.87947179597e-7,7.02159752564e-8,5.12611393333e-8,3.17585104881e-8,2.12641406705e-8,4.18589385376e-9,1.1569650793e-9,1.57039803383e-9,1.25393018191e-9,3.75441677747e-10,2.345706962e-10,1.61843871638e-10,2.0882656715e-10,2.77099565515e-10,1.4474893506e-10,1.6845311257e-10,3.55699428245e-11,6.90049579977e-12,5.92317471113e-12,3.36559122585e-12,1.55304165795e-12,8.88378780262e-13,3.01741081123e-13,1.15544496171e-13,4.53785365404e-14,1.73514767008e-14,7.48436787535e-15,3.19683342129e-15,2.06553431111e-15]},"melbands_crest":{"dmean":4.85131168365,"dmean2":8.03640079498,"dvar":18.150642395,"dvar2":48.3430633545,"max":37.9070663452,"mean":19.8661556244,"median":20.1723403931,"min":1.50771033764,"var":53.2638397217},"melbands_flatness_db":{"dmean":0.0302602350712,"dmean2":0.0481392219663,"dvar":0.000678377575241,"dvar2":0.00173343415372,"max":0.56525439024,"mean":0.254179418087,"median":0.253288626671,"min":0.00267615122721,"var":0.00301159522496},"melbands_kurtosis":{"dmean":4.37411212921,"dmean2":7.36774492264,"dvar":60.5165939331,"dvar2":158.143615723,"max":336.361541748,"mean":5.84787511826,"median":3.66295528412,"min":-1.59135949612,"var":67.9149932861},"melbands_skewness":{"dmean":0.722553491592,"dmean2":1.19495987892,"dvar":0.520648300648,"dvar2":1.35458517075,"max":12.2591209412,"mean":2.0569255352,"median":1.91177177429,"min":-2.83933711052,"var":1.24951350689},"melbands_spread":{"dmean":5.18379878998,"dmean2":8.54457092285,"dvar":26.5487651825,"dvar2":67.5190582275,"max":177.58430481,"mean":19.4332180023,"median":17.846414566,"min":0.955821812153,"var":192.618789673},"mfcc":{"cov":[[4273.609375,648.272277832,-283.825653076,198.107025146,-105.746292114,97.0560150146,1.12089633942,129.954696655,-9.83345794678,45.4780464172,-31.0745716095,9.81180763245,-9.73676300049],[648.272277832,867.285217285,-90.7389526367,-46.4079170227,2.96177840233,13.3919029236,-13.5903863907,-23.9144496918,41.4425811768,-3.88791871071,23.0103282928,25.5937461853,18.8229503632],[-283.825653076,-90.7389526367,259.6796875,-69.1934814453,37.5488090515,-46.3744659424,-21.043510437,-40.4897193909,-15.1669740677,-10.7250394821,1.37816572189,-5.68138790131,-4.16253232956],[198.107025146,-46.4079170227,-69.1934814453,169.791381836,-28.8697662354,38.6467628479,5.48475456238,28.7234401703,-26.263299942,10.4921770096,-4.53941392899,-1.7659226656,-3.66646718979],[-105.746292114,2.96177840233,37.5488090515,-28.8697662354,108.8491745,11.1794252396,35.914806366,-10.1371059418,8.9469499588,-17.3501701355,1.65009844303,-4.7543797493,1.71589207649],[97.0560150146,13.3919029236,-46.3744659424,38.6467628479,11.1794252396,106.460456848,26.0402011871,35.557346344,5.29934692383,1.79404067993,-6.8897819519,2.85496687889,-3.15328717232],[1.12089633942,-13.5903863907,-21.043510437,5.48475456238,35.914806366,26.0402011871,78.9642333984,20.2919654846,20.6713256836,-1.82607471943,9.05352878571,-2.81400799751,6.02410316467],[129.954696655,-23.9144496918,-40.4897193909,28.7234401703,-10.1371059418,35.557346344,20.2919654846,70.283706665,20.7256946564,18.0966377258,-4.35727214813,-2.38727617264,-6.93873214722],[-9.83345794678,41.4425811768,-15.1669740677,-26.263299942,8.9469499588,5.29934692383,20.6713256836,20.7256946564,67.9312286377,20.6812152863,7.69926404953,0.919138014317,5.0635881424],[45.4780464172,-3.88791871071,-10.7250394821,10.4921770096,-17.3501701355,1.79404067993,-1.82607471943,18.0966377258,20.6812152863,48.0163536072,16.0967826843,8.24807262421,2.44288086891],[-31.0745716095,23.0103282928,1.37816572189,-4.53941392899,1.65009844303,-6.8897819519,9.05352878571,-4.35727214813,7.69926404953,16.0967826843,56.4586715698,25.7786407471,10.065071106],[9.81180763245,25.5937461853,-5.68138790131,-1.7659226656,-4.7543797493,2.85496687889,-2.81400799751,-2.38727617264,0.919138014317,8.24807262421,25.7786407471,42.5220527649,17.7071990967],[-9.73676300049,18.8229503632,-4.16253232956,-3.66646718979,1.71589207649,-3.15328717232,6.02410316467,-6.93873214722,5.0635881424,2.44288086891,10.065071106,17.7071990967,41.4548149109]],"icov":[[0.000318108417559,-0.000282895955024,0.00010037964239,-0.000228629098274,0.000110717315692,0.000076289230492,-0.0000886108464329,-0.000552132434677,0.00036901171552,-0.00025732110953,0.000303114997223,-0.0000915987839107,0.0000503272131027],[-0.000282895955024,0.00160949188285,0.000549512042198,0.000532026926521,-0.000212720697164,-0.00049294839846,0.000795913045295,0.00129157525953,-0.00140434864443,0.000799642060883,-0.000744841934647,-0.000260617118329,-0.000206603916013],[0.00010037964239,0.000549512042198,0.00541561935097,0.00167638494167,-0.00202099396847,0.00101512763649,0.00140230660327,0.001122892485,0.00121858587954,-0.000861665175762,-0.000330506532919,0.000480578804854,0.000388062006095],[-0.000228629098274,0.000532026926521,0.00167638494167,0.00882508698851,0.00111209275201,-0.00206149299629,-0.000720112759154,-0.00149214686826,0.00494508771226,-0.00246482575312,-0.00043384093442,0.00134830456227,-0.000623726809863],[0.000110717315692,-0.000212720697164,-0.00202099396847,0.00111209275201,0.0135139841586,-0.00208455044776,-0.00625021057203,0.00244671362452,-0.00142719433643,0.00359118310735,-0.000366080523236,0.000645582331344,0.000393715425162],[0.000076289230492,-0.00049294839846,0.00101512763649,-0.00206149299629,-0.00208455044776,0.0135454256088,-0.002605027752,-0.00545411137864,0.000872603210155,0.000465428660391,0.00299956626259,-0.00385608291253,0.00152842479292],[-0.0000886108464329,0.000795913045295,0.00140230660327,-0.000720112759154,-0.00625021057203,-0.002605027752,0.0206766277552,-0.00441721873358,-0.00474417069927,0.00445000175387,-0.00652377866209,0.00530191045254,-0.00435204152018],[-0.000552132434677,0.00129157525953,0.001122892485,-0.00149214686826,0.00244671362452,-0.00545411137864,-0.00441721873358,0.0253095813096,-0.00641527585685,-0.00574344489723,0.00330549734645,-0.0014450987801,0.00456349598244],[0.00036901171552,-0.00140434864443,0.00121858587954,0.00494508771226,-0.00142719433643,0.000872603210155,-0.00474417069927,-0.00641527585685,0.0246887169778,-0.0107023017481,0.00055207015248,0.00251263799146,-0.00256715924479],[-0.00025732110953,0.000799642060883,-0.000861665175762,-0.00246482575312,0.00359118310735,0.000465428660391,0.00445000175387,-0.00574344489723,-0.0107023017481,0.0329925306141,-0.00947390310466,-0.000479950773297,-0.000581009546295],[0.000303114997223,-0.000744841934647,-0.000330506532919,-0.00043384093442,-0.000366080523236,0.00299956626259,-0.00652377866209,0.00330549734645,0.00055207015248,-0.00947390310466,0.0300589036196,-0.0177611876279,0.00286170979962],[-0.0000915987839107,-0.000260617118329,0.000480578804854,0.00134830456227,0.000645582331344,-0.00385608291253,0.00530191045254,-0.0014450987801,0.00251263799146,-0.000479950773297,-0.0177611876279,0.0413410887122,-0.0146929519251],[0.0000503272131027,-0.000206603916013,0.000388062006095,-0.000623726809863,0.000393715425162,0.00152842479292,-0.00435204152018,0.00456349598244,-0.00256715924479,-0.000581009546295,0.00286170979962,-0.0146929519251,0.0316373258829]],"mean":[-627.089416504,177.446746826,-25.7245025635,18.8378162384,-4.61697292328,17.891292572,5.98328256607,12.3387985229,6.90534448624,5.97372436523,1.45283591747,5.49575328827,5.18030738831]},"pitch_salience":{"dmean":0.0817871615291,"dmean2":0.133416086435,"dvar":0.0051162885502,"dvar2":0.0130834868178,"max":0.848661124706,"mean":0.524943888187,"median":0.529489636421,"min":0.113971315324,"var":0.0149801848456},"silence_rate_20dB":{"dmean":0,"dmean2":0,"dvar":0,"dvar2":0,"max":1,"mean":1,"median":1,"min":1,"var":0},"silence_rate_30dB":{"dmean":0.144429475069,"dmean2":0.288891375065,"dvar":0.123569600284,"dvar2":0.272826164961,"max":1,"mean":0.810443580151,"median":1,"min":0,"var":0.153624787927},"silence_rate_60dB":{"dmean":0.000224618153879,"dmean2":0.000449286744697,"dvar":0.000224567702389,"dvar2":0.000449084909633,"max":1,"mean":0.0119034247473,"median":0,"min":0,"var":0.0117617333308},"spectral_centroid":{"dmean":147.018356323,"dmean2":226.763519287,"dvar":35318.2304688,"dvar2":64895.515625,"max":11746.3339844,"mean":1134.02575684,"median":987.289123535,"min":301.113525391,"var":1134916.875},"spectral_complexity":{"dmean":3.27717876434,"dmean2":5.16881942749,"dvar":8.14868831635,"dvar2":17.8862476349,"max":56,"mean":26.1855144501,"median":26,"min":0,"var":45.6370048523},"spectral_contrast_coeffs":{"dmean":[0.0522911325097,0.0494647324085,0.0382266752422,0.0266913250089,0.0192225277424,0.0384632088244],"dmean2":[0.0878295153379,0.0840460956097,0.0645449534059,0.0456406362355,0.0321267023683,0.0603272020817],"dvar":[0.00162547233049,0.00150716397911,0.000876640668139,0.000431326508988,0.00024439531262,0.00106528936885],"dvar2":[0.00454850262031,0.00431691994891,0.00252889073454,0.00124544429127,0.000653884140775,0.00269186799414],"max":[-0.456968605518,-0.293834149837,-0.606287360191,-0.658332467079,-0.655800879002,-0.525738537312],"mean":[-0.728760838509,-0.76805883646,-0.791125535965,-0.809113144875,-0.813942551613,-0.742031514645],"median":[-0.732121706009,-0.773894131184,-0.793313741684,-0.810017645359,-0.813211262226,-0.739217877388],"min":[-0.98052752018,-0.975476741791,-0.975943684578,-0.985141277313,-0.973672926426,-0.965467810631],"var":[0.00446008844301,0.00433053355664,0.00205788901076,0.00110332737677,0.00102826755028,0.00350072933361]},"spectral_contrast_valleys":{"dmean":[0.352953195572,0.330832064152,0.26234999299,0.215668991208,0.221611082554,0.542853593826],"dmean2":[0.593555450439,0.55637472868,0.4408441782,0.358673423529,0.330353617668,0.862232148647],"dvar":[0.107380017638,0.0974394977093,0.0716763734818,0.0611757338047,0.078687004745,0.226683795452],"dvar2":[0.244471207261,0.216314300895,0.143174692988,0.11464253068,0.133056968451,0.576189935207],"max":[-5.14298439026,-4.48668050766,-4.56139135361,-5.5788359642,-5.71509075165,-9.05868244171],"mean":[-6.48327445984,-6.12723112106,-6.20490407944,-6.8718457222,-7.55562877655,-10.9583263397],"median":[-6.21903800964,-5.89859962463,-5.94192504883,-6.61630105972,-7.32492876053,-10.7756700516],"min":[-28.61460495,-28.1013259888,-27.7537937164,-27.8558216095,-27.4463310242,-27.3990135193],"var":[4.77962017059,4.93465995789,4.84340190887,4.56126785278,4.30855417252,3.15969538689]},"spectral_decrease":{"dmean":5.24499865762e-9,"dmean2":8.65796412342e-9,"dvar":3.73795838147e-17,"dvar2":9.67137653138e-17,"max":3.0998559275e-9,"mean":-1.37815954204e-8,"median":-1.3333799842e-8,"min":-8.44083771767e-8,"var":6.4753577705e-17},"spectral_energy":{"dmean":0.0195169318467,"dmean2":0.0322039201856,"dvar":0.000493947591167,"dvar2":0.00128475867677,"max":0.331424325705,"mean":0.0809651017189,"median":0.0797096341848,"min":1.01248910305e-20,"var":0.00102353270631},"spectral_energyband_high":{"dmean":0.00028081383789,"dmean2":0.000417188362917,"dvar":1.13150932179e-7,"dvar2":2.22398583105e-7,"max":0.00754165416583,"mean":0.000981791410595,"median":0.000841263739858,"min":6.95678039865e-21,"var":4.30463586554e-7},"spectral_energyband_low":{"dmean":0.0178272519261,"dmean2":0.0295198876411,"dvar":0.000481530907564,"dvar2":0.0012556972215,"max":0.27157574892,"mean":0.0384920202196,"median":0.0354391001165,"min":2.26526962515e-23,"var":0.000705766200554},"spectral_energyband_middle_high":{"dmean":0.00300293252803,"dmean2":0.0048982356675,"dvar":0.00000978830939857,"dvar2":0.0000252350964729,"max":0.0501805283129,"mean":0.010602325201,"median":0.00959011074156,"min":1.20442980087e-21,"var":0.0000364595725841},"spectral_energyband_middle_low":{"dmean":0.00510811200365,"dmean2":0.00838448759168,"dvar":0.0000342776365869,"dvar2":0.0000889833681867,"max":0.16011659801,"mean":0.0160091053694,"median":0.0127705698833,"min":2.00652135497e-22,"var":0.000204949523322},"spectral_entropy":{"dmean":0.124076515436,"dmean2":0.19112996757,"dvar":0.0139553640038,"dvar2":0.0303799975663,"max":9.82727909088,"mean":7.54085445404,"median":7.55544996262,"min":4.03985643387,"var":0.150878340006},"spectral_flux":{"dmean":0.0279566943645,"dmean2":0.0450510978699,"dvar":0.000827054551337,"dvar2":0.00193169515114,"max":0.409252524376,"mean":0.150073647499,"median":0.14511962235,"min":6.36711655622e-11,"var":0.00190089736134},"spectral_kurtosis":{"dmean":5.1659526825,"dmean2":8.02540588379,"dvar":35.936214447,"dvar2":82.4887008667,"max":129.890029907,"mean":25.1365184784,"median":23.850643158,"min":-1.25570237637,"var":91.2757492065},"spectral_rms":{"dmean":0.00105453911237,"dmean2":0.00173133471981,"dvar":0.00000112337261271,"dvar2":0.00000288489263767,"max":0.0179816801101,"mean":0.00868158694357,"median":0.00881847459823,"min":3.14291930155e-12,"var":0.00000362038531421},"spectral_rolloff":{"dmean":5605.24951172,"dmean2":10845.5341797,"dvar":67298784,"dvar2":154230288,"max":21942.3339844,"mean":13975.5927734,"median":20564.2089844,"min":43.06640625,"var":85095952},"spectral_skewness":{"dmean":0.373443514109,"dmean2":0.568049252033,"dvar":0.152373090386,"dvar2":0.334794014692,"max":8.99533176422,"mean":3.57284379005,"median":3.53394651413,"min":-0.0911826938391,"var":0.606498837471},"spectral_spread":{"dmean":411059.96875,"dmean2":650227.625,"dvar":342391160832,"dvar2":666123763712,"max":42718504,"mean":4174306,"median":3777712.25,"min":1287253.625,"var":14240059490300},"spectral_strongpeak":{"dmean":1.26053917408,"dmean2":2.42707562447,"dvar":59.0476837158,"dvar2":175.539627075,"max":135.00050354,"mean":0.959054410458,"median":0.28078943491,"min":0,"var":36.653717041},"zerocrossingrate":{"dmean":0.0342655107379,"dmean2":0.0465600825846,"dvar":0.00083360314602,"dvar2":0.00144918216392,"max":0.55419921875,"mean":0.272161006927,"median":0.2626953125,"min":0.04833984375,"var":0.00519515480846}},"metadata":{"audio_properties":{"analysis_sample_rate":44100,"bit_rate":238747,"codec":"mp3","downmix":"mix","equal_loudness":0,"length":206.734130859,"lossless":false,"md5_encoded":"05d8e8f74f4cae644d1d978d02e78b46","replay_gain":-2.03465080261,"sample_rate":44100},"tags":{"acoustid_id":["ee11f5e3-4472-4866-803f-73ecc87251f1"],"album":["Sleeping With Ghosts"],"albumartist":["Placebo"],"artist":["Placebo"],"date":["2003"],"discnumber":["1/1"],"file_name":"07 - Placebo - Plasticine.mp3","musicbrainz_albumartistid":["847e8284-8582-4b0e-9c26-b042a4f49e57"],"musicbrainz_albumid":["04ef359e-b07e-3f82-b8dc-f6cf930d0786"],"musicbrainz_artistid":["847e8284-8582-4b0e-9c26-b042a4f49e57"],"musicbrainz_recordingid":["09cece2b-c6c6-4c3f-ba68-2fccf8a3cee7"],"musicbrainz_releasegroupid":["fd6279cf-0bf3-3d8f-9e07-bde8b7a34448"],"replaygain_album_gain":["+0.42 dB"],"replaygain_album_peak":["0.413625"],"replaygain_track_gain":["-3.70 dB"],"replaygain_track_peak":["0.413625"],"title":["Plasticine"],"tracknumber":["7/12"]},"version":{"essentia":"2.1-beta1","essentia_build_sha":"e76a03f03bb3900de42a1fa0d9be1e72f12def64","essentia_git_sha":"v2.1_beta1-28-g21ef5f4-dirty","extractor":"music 1.0"}},"rhythm":{"beats_count":522,"beats_loudness":{"dmean":0.0242649652064,"dmean2":0.0420686416328,"dvar":0.00051862525288,"dvar2":0.00137979048304,"max":0.257607936859,"mean":0.0813041552901,"median":0.0803322643042,"min":0,"var":0.000837295141537},"beats_loudness_band_ratio":{"dmean":[0.184087559581,0.0624282732606,0.0717686191201,0.0614584498107,0.0207065362483,0.0786793753505],"dmean2":[0.320858091116,0.108114778996,0.124603621662,0.109352990985,0.0364958494902,0.137845084071],"dvar":[0.0205936469138,0.00370449246839,0.00546020828187,0.00291384290904,0.000443527300376,0.00531515106559],"dvar2":[0.0584062710404,0.0108005516231,0.0129202418029,0.00843719951808,0.00131572142709,0.014862854965],"max":[0.904535889626,0.395815134048,0.794348180294,0.402009695768,0.201203927398,0.618846833706],"mean":[0.457477420568,0.0920987948775,0.112510755658,0.118272423744,0.0349640324712,0.201062232256],"median":[