{"lowlevel":{"average_loudness":0.968600034714,"barkbands":{"dmean":[0.0000302108328469,0.00736246397719,0.00427263835445,0.00149015127681,0.000747085025068,0.000209374760743,0.000254066777416,0.000163258227985,0.000471220759209,0.000426848011557,0.000236652806052,0.00022711744532,0.000221184585826,0.000293135031825,0.000275627418887,0.000527017458808,0.000941822654568,0.000480519607663,0.000458013295429,0.000260521279415,0.000159312228789,0.000108760665171,0.000082579361333,0.000070476635301,0.0000512469996465,0.0000291112373816,0.0000111379877126],"dmean2":[0.0000477389839943,0.012087979354,0.00756587833166,0.00257557164878,0.00129774585366,0.00034110157867,0.000414021342294,0.0002638726437,0.000733457272872,0.000667769112624,0.000382388709113,0.000365783489542,0.000356737116817,0.000481471448438,0.000453030050267,0.000893574208021,0.00159542262554,0.000804573472124,0.000769966922235,0.000447349826572,0.000267636001809,0.000175126493559,0.000128707368276,0.000105042869109,0.0000737359951017,0.0000407835177612,0.0000162504784385],"dvar":[5.43499423244e-9,0.000300597166643,0.0000979143733275,0.0000049954410315,0.00000136021174058,1.69273775441e-7,2.90676439363e-7,1.34658478146e-7,5.80667006034e-7,5.03025830767e-7,2.27169564937e-7,1.54099055294e-7,1.16942857176e-7,2.32790739574e-7,1.77442728955e-7,6.05564821399e-7,0.00000140165582252,3.82087534945e-7,3.13097928029e-7,2.01567615932e-7,1.19620764849e-7,4.63538043505e-8,2.92156592252e-8,2.10521875488e-8,1.11930535951e-8,2.99037350437e-9,7.27674365208e-10],"dvar2":[1.2412814776e-8,0.000756327121053,0.000276386446785,0.0000142191483974,0.00000396051655116,4.1341544943e-7,7.41402004678e-7,3.24875202296e-7,0.0000013893313735,0.00000119117783015,6.10294137005e-7,3.84236500395e-7,2.77491238876e-7,5.99227576004e-7,4.52610066759e-7,0.00000164545292591,0.00000387283125747,0.00000101710838862,8.54911206716e-7,5.63142179999e-7,3.21404826309e-7,1.15681018542e-7,6.86192649368e-8,4.72349377389e-8,2.23405827171e-8,6.02694738561e-9,1.44696366e-9],"max":[0.00107549328823,0.226916790009,0.127815261483,0.031599920243,0.0202225651592,0.0102380886674,0.0192534290254,0.00854572094977,0.0110390977934,0.0122438017279,0.0109589584172,0.00890161283314,0.0113117676228,0.00779505772516,0.00751185975969,0.0194177199155,0.0171273630112,0.012459888123,0.00884842220694,0.00843485631049,0.00880100205541,0.00394773948938,0.00471093691885,0.00638357410207,0.00529482401907,0.001359638758,0.000766222190578],"mean":[0.0000301076033793,0.00980319827795,0.0052182613872,0.0022097392939,0.00113767269067,0.000369482149836,0.000485641823616,0.000281575514236,0.000902429514099,0.000795050582383,0.000390874978621,0.000409728789236,0.000385793100577,0.000534939055797,0.000537871324923,0.00105500197969,0.00224389485084,0.00111462862696,0.00121264799964,0.000575553800445,0.000353025447112,0.000216292362893,0.000150180218043,0.000132594985189,0.0000911955285119,0.0000486488715978,0.0000134838810482],"median":[0.00000529090721102,0.00456666806713,0.00276093720458,0.0016202731058,0.000787915836554,0.000206003285712,0.000252653611824,0.000159207673278,0.000510724610649,0.00043004899635,0.000200141425012,0.000243276997935,0.00025782015291,0.000304395129206,0.000318990758387,0.00084974517813,0.00190156465396,0.000889378599823,0.00107794674113,0.000497380504385,0.00027043823502,0.000141251497553,0.0000774586005718,0.0000714332054486,0.0000413901798311,0.0000208270757867,0.00000218732338908],"min":[1.86208052879e-24,9.01010577989e-24,1.68045418005e-24,5.33148132363e-24,1.23940571615e-23,1.04156934076e-23,1.19103655197e-23,1.99427886481e-23,1.89530380025e-23,1.93336823219e-23,2.66755239921e-23,3.6516857241e-23,8.21234179049e-23,7.12275890405e-23,1.08883757066e-22,8.90312898362e-23,1.01969081998e-22,1.7126601917e-22,1.65689744447e-22,2.37095616052e-22,3.76120473508e-22,3.61334140431e-22,4.02826229805e-22,7.25256855347e-22,1.05019494785e-21,1.55051209193e-21,2.16538032129e-21],"var":[5.62302693297e-9,0.000286517344648,0.0000730547835701,0.0000056271669564,0.00000151935478243,2.99275995985e-7,6.5194058152e-7,2.3454676068e-7,0.00000130946614263,0.00000114700026188,4.06954455912e-7,3.13945776043e-7,2.25630543582e-7,4.76705935171e-7,4.31685151625e-7,9.54102915784e-7,0.00000297234078062,9.01395310393e-7,7.0457434731e-7,2.31052680988e-7,1.34411507702e-7,6.63278214574e-8,5.2457089339e-8,3.81286753282e-8,2.47378508789e-8,5.85708193057e-9,1.31663868697e-9]},"barkbands_crest":{"dmean":2.54095602036,"dmean2":4.07008314133,"dvar":6.68251991272,"dvar2":15.6619291306,"max":26.2453174591,"mean":9.14942264557,"median":8.16320133209,"min":2.2524087429,"var":18.3056850433},"barkbands_flatness_db":{"dmean":0.0188553407788,"dmean2":0.0295424535871,"dvar":0.000442111224402,"dvar2":0.00104318384547,"max":0.376493006945,"mean":0.103354178369,"median":0.0956075340509,"min":0.0241781845689,"var":0.0018665867392},"barkbands_kurtosis":{"dmean":2.01462888718,"dmean2":3.26324796677,"dvar":119.005523682,"dvar2":285.018341064,"max":462.526031494,"mean":0.741036057472,"median":-0.98156774044,"min":-1.87348425388,"var":116.603683472},"barkbands_skewness":{"dmean":0.534056723118,"dmean2":0.819999456406,"dvar":0.541358530521,"dvar2":1.14549839497,"max":18.6630954742,"mean":0.805026590824,"median":0.621209979057,"min":-3.66318392754,"var":1.31014442444},"barkbands_spread":{"dmean":6.79350328445,"dmean2":10.8615121841,"dvar":55.2460899353,"dvar2":132.234573364,"max":116.572052002,"mean":40.04945755,"median":41.7496871948,"min":0.50741225481,"var":163.042510986},"dissonance":{"dmean":0.00763680459931,"dmean2":0.012968310155,"dvar":0.0000736701476853,"dvar2":0.000196358916583,"max":0.500000059605,"mean":0.486189186573,"median":0.490131914616,"min":0.311600267887,"var":0.000241623012698},"dynamic_complexity":2.87144994736,"erbbands":{"dmean":[0.131880506873,1.94431781769,4.87981653214,4.94480323792,3.80537033081,1.83638942242,1.10562551022,1.90859937668,3.19813132286,4.38968801498,3.72777962685,10.2407617569,16.6184902191,7.81607437134,8.07787799835,10.3535070419,10.4733133316,13.9343318939,10.8736972809,18.5788822174,34.1153297424,47.3007507324,30.9377384186,22.2386379242,18.51587677,10.7369127274,6.48626756668,6.70595502853,3.94964694977,2.75635790825,2.41377496719,1.69578588009,1.0679268837,0.615032911301,0.368145108223,0.159858554602,0.0437766239047,0.0130509892479,0.00196742895059,0.0000937865843298],"dmean2":[0.211040198803,3.22333145142,8.59593868256,8.51855182648,6.68517446518,3.16991114616,1.85422635078,3.10335469246,5.18913602829,7.15401697159,5.86484766006,15.935008049,25.9253883362,12.2186746597,13.0478076935,16.6353759766,16.8718452454,22.9399604797,17.6286220551,30.8957996368,57.9998054504,79.9592132568,51.7711143494,37.4500160217,31.4201622009,18.4367103577,11.0960016251,11.1543264389,6.39578151703,4.34426021576,3.72745895386,2.54946398735,1.62859344482,0.919134259224,0.526572465897,0.227973103523,0.0622660033405,0.0184547957033,0.00290601374581,0.000140098971315],"dvar":[0.104341685772,20.8420124054,135.331832886,73.8966140747,36.4699249268,6.76391172409,2.95386815071,17.8010730743,42.9148788452,82.9161300659,73.9677658081,329.314361572,772.634765625,232.438873291,231.752487183,311.129577637,272.041442871,610.191223145,280.821899414,775.231262207,2637.3515625,3883.04589844,1415.45361328,788.250793457,611.756530762,417.855102539,272.425231934,164.286010742,65.48828125,30.8016796112,24.3904476166,14.8671035767,4.60171842575,2.05360579491,0.508517622948,0.0889749228954,0.00754244299605,0.00102319032885,0.0000218129807763,4.44075212158e-8],"dvar2":[0.244691580534,53.6552429199,375.52456665,208.829284668,104.939575195,19.5348873138,7.85699081421,43.6814575195,107.985534668,213.152694702,169.212890625,800.632507324,1866.6204834,548.70300293,611.209899902,764.912414551,643.743408203,1566.8515625,713.593383789,2044.56628418,7183.54443359,10574.6787109,3832.66943359,2137.24267578,1679.5859375,1169.91394043,752.240722656,432.568023682,164.141052246,74.2569046021,56.6417617798,33.1440315247,10.8679285049,4.3050236702,1.05892539024,0.186053812504,0.0153837483376,0.00200157938525,0.0000448008504463,9.43789331131e-8],"max":[3.28965902328,59.97290802,160.397094727,112.459197998,85.0433349609,37.7469329834,34.6448440552,99.2640304565,151.031387329,248.698547363,200.445922852,321.318695068,468.709564209,344.449401855,377.607818604,348.315551758,590.359619141,442.681152344,310.837005615,485.228363037,1178.07666016,1074.38781738,748.28302002,396.370300293,515.562194824,473.812957764,383.485626221,320.965698242,156.571136475,114.208992004,134.957275391,202.716049194,51.5821380615,73.0991134644,27.8421726227,6.55056381226,2.50714874268,1.3165166378,0.123068228364,0.00540698645636],"mean":[0.165358200669,2.59254050255,6.05539035797,7.94847917557,5.42485713959,2.98873591423,2.00330591202,3.26004862785,5.87003278732,8.18548107147,7.37024831772,20.3225440979,31.6564350128,16.1104183197,15.2057704926,19.2311458588,19.8263816833,26.6718444824,22.4145526886,37.9649200439,76.0795516968,119.971992493,81.4046707153,57.6041908264,51.6726493835,25.2390213013,13.1441278458,14.8157176971,8.13836097717,5.05317831039,4.40557670593,3.19869661331,1.93077456951,1.08377158642,0.628515422344,0.268306523561,0.0703152790666,0.0181755069643,0.00234735687263,0.000132795888931],"median":[0.0749243348837,1.22124505043,3.38707876205,5.76285839081,3.74956011772,2.15645837784,1.35425162315,1.66792845726,3.04500555992,4.29031467438,4.31174564362,11.4758052826,17.9654579163,8.75170993805,9.40452766418,12.0896463394,14.201587677,15.3162727356,16.0472431183,25.5580863953,63.9524078369,104.935775757,70.2928771973,49.7220611572,47.8466339111,22.0085716248,9.72085952759,11.5776433945,5.44968366623,2.78114581108,2.25086092949,1.72495818138,0.987776994705,0.49883005023,0.284976482391,0.117920830846,0.0282733254135,0.00503606209531,0.000363239232684,0.0000512116603204],"min":[1.72796775358e-22,9.03283147418e-22,3.90312805682e-21,8.25976677021e-21,3.22527543604e-20,4.72942873984e-20,1.12824941086e-19,9.46652053258e-20,9.89685995379e-20,2.79246946564e-19,5.8975418585e-19,5.71151824452e-19,6.0748909328e-19,1.00933757076e-18,1.17785049496e-18,2.37433261283e-18,3.04900428148e-18,3.63232295047e-18,4.13832297965e-18,4.67186398732e-18,4.77020418162e-18,6.51631793464e-18,8.70219398851e-18,1.07741292217e-17,1.00768440895e-17,1.22985850403e-17,1.01840433881e-17,1.86082285902e-17,1.36678485412e-17,1.44799934917e-17,1.29239765968e-17,1.23036970165e-17,1.14584160378e-17,8.42266153538e-18,7.33477427327e-18,5.19943688688e-18,2.67170259547e-18,1.18652875696e-18,2.7315744969e-19,2.89371753584e-20],"var":[0.103499226272,19.290397644,101.149971008,76.3040008545,36.191318512,8.90590667725,5.31636428833,29.0219211578,87.0069198608,192.029785156,147.079284668,736.534484863,1659.96508789,577.127868652,427.70526123,594.012756348,524.664550781,1257.3927002,548.212524414,1775.83581543,4354.15966797,8153.57958984,3615.12109375,1789.84558105,1166.82446289,449.429260254,251.599349976,208.243713379,90.7117996216,48.3939094543,46.2683944702,25.2157115936,7.99842882156,4.33231782913,0.988706827164,0.167000129819,0.0141072105616,0.00189759838395,0.0000372624745069,6.91526409469e-8]},"erbbands_crest":{"dmean":2.04478597641,"dmean2":3.40061354637,"dvar":3.64331793785,"dvar2":9.60370540619,"max":29.6579093933,"mean":8.10771846771,"median":7.45422267914,"min":2.13993430138,"var":10.1837043762},"erbbands_flatness_db":{"dmean":0.0148014640436,"dmean2":0.021087711677,"dvar":0.000203035044251,"dvar2":0.000398828473408,"max":0.319118142128,"mean":0.143445104361,"median":0.14261379838,"min":0.0193658526987,"var":0.001196479192},"erbbands_kurtosis":{"dmean":0.994187831879,"dmean2":1.60500311852,"dvar":1.28638386726,"dvar2":3.33409833908,"max":27.2655506134,"mean":1.31769478321,"median":1.09261035919,"min":-1.73155593872,"var":3.00835680962},"erbbands_skewness":{"dmean":0.29249984026,"dmean2":0.462578833103,"dvar":0.0821337997913,"dvar2":0.194531351328,"max":3.72469091415,"mean":-0.886533379555,"median":-0.966721892357,"min":-2.80597305298,"var":0.416360497475},"erbbands_spread":{"dmean":6.83865594864,"dmean2":10.9090852737,"dvar":62.9451904297,"dvar2":153.735931396,"max":132.961990356,"mean":33.0897865295,"median":29.848608017,"min":3.40541577339,"var":219.968261719},"gfcc":{"cov":[[12613.9287109,-176.538406372,-1286.55395508,640.404418945,-99.8732147217,442.299926758,-141.568344116,283.325164795,-270.658660889,-142.134078979,-282.653320312,14.0915002823,-31.9365081787],[-176.538406372,991.180175781,-313.886566162,164.442062378,189.749786377,-118.52306366,66.4514465332,54.1534538269,58.5575904846,29.6434402466,89.9618911743,-10.9462928772,55.9091186523],[-1286.55395508,-313.886566162,623.975708008,-57.5355491638,29.1426944733,39.2138404846,33.0381393433,-41.170337677,49.6453018188,23.5858325958,31.1205844879,18.2776679993,-22.1558685303],[640.404418945,164.442062378,-57.5355491638,256.673156738,94.2386398315,47.7551841736,25.3414058685,35.3635482788,-1.30847024918,14.9957590103,3.15023541451,-3.18790793419,25.0549297333],[-99.8732147217,189.749786377,29.1426944733,94.2386398315,228.980194092,24.5342903137,63.3925895691,43.8398551941,42.2596282959,21.0248031616,47.4848403931,11.1986894608,18.7243652344],[442.299926758,-118.52306366,39.2138404846,47.7551841736,24.5342903137,147.41468811,44.157207489,33.3974838257,-23.5690021515,-5.43616104126,-15.4285697937,2.69058990479,-4.5293211937],[-141.568344116,66.4514465332,33.0381393433,25.3414058685,63.3925895691,44.157207489,119.559242249,41.4218292236,16.8692092896,-4.61214160919,10.1191902161,-4.49428367615,8.65027713776],[283.325164795,54.1534538269,-41.170337677,35.3635482788,43.8398551941,33.3974838257,41.4218292236,102.479888916,28.9799613953,2.86355042458,0.877101361752,-0.433760344982,3.78508996964],[-270.658660889,58.5575904846,49.6453018188,-1.30847024918,42.2596282959,-23.5690021515,16.8692092896,28.9799613953,81.6667175293,32.4786148071,29.3673095703,-1.15917122364,2.6489174366],[-142.134078979,29.6434402466,23.5858325958,14.9957590103,21.0248031616,-5.43616104126,-4.61214160919,2.86355042458,32.4786148071,62.6623039246,34.136920929,8.43123912811,0.25657171011],[-282.653320312,89.9618911743,31.1205844879,3.15023541451,47.4848403931,-15.4285697937,10.1191902161,0.877101361752,29.3673095703,34.136920929,74.9696273804,25.0767326355,7.98206567764],[14.0915002823,-10.9462928772,18.2776679993,-3.18790793419,11.1986894608,2.69058990479,-4.49428367615,-0.433760344982,-1.15917122364,8.43123912811,25.0767326355,50.7476043701,16.7751522064],[-31.9365081787,55.9091186523,-22.1558685303,25.0549297333,18.7243652344,-4.5293211937,8.65027713776,3.78508996964,2.6489174366,0.25657171011,7.98206567764,16.7751522064,48.2522621155]],"icov":[[0.000169829538208,0.0000936987635214,0.000357575481758,-0.000403186975745,0.0000468361286039,-0.000379046483431,0.000284780369839,-0.000264464702923,-0.0000304953318846,0.000211025384488,0.000278484920273,-0.000456029869383,0.000406341132475],[0.0000936987635214,0.00244168168865,0.00130876037292,-0.00126913015265,-0.00100971315987,0.00200829841197,-0.00109912327025,-0.000290442316327,-0.000117828247312,0.000513463863172,-0.0024104649201,0.00132176314946,-0.000764058437198],[0.000357575481758,0.00130876037292,0.00342018483207,-0.000945647654589,-0.000548403942958,-0.00101193529554,-0.00063663063338,0.00145668396726,-0.00247798906639,0.000859649037011,-0.000496928172652,-0.00146799697541,0.00162339897361],[-0.000403186975745,-0.00126913015265,-0.000945647654589,0.00698256678879,-0.00196973094717,-0.00147238129284,0.000525861396454,-0.000149435611092,0.00161672313698,-0.00286378501914,0.00128139939625,0.00216231867671,-0.00334987789392],[0.0000468361286039,-0.00100971315987,-0.000548403942958,-0.00196973094717,0.0077131674625,-0.00134827301372,-0.0016167582944,-0.000761431932915,-0.00210899813101,0.00111665879376,-0.00262729171664,-0.000891310744919,0.0000561378146813],[-0.000379046483431,0.00200829841197,-0.00101193529554,-0.00147238129284,-0.00134827301372,0.0135679915547,-0.00501683400944,-0.00332183227874,0.0058801327832,-0.00261434051208,-0.000322182575474,0.000569303054363,0.000225245239562],[0.000284780369839,-0.00109912327025,-0.00063663063338,0.000525861396454,-0.0016167582944,-0.00501683400944,0.0139033263549,-0.00368057982996,-0.000940259313211,0.00325154257007,-0.000874969293363,0.00221518008038,-0.00174169044476],[-0.000264464702923,-0.000290442316327,0.00145668396726,-0.000149435611092,-0.000761431932915,-0.00332183227874,-0.00368057982996,0.0165240224451,-0.00871503911912,0.00159665057436,0.00218491954729,-0.00229139323346,0.00116034678649],[-0.0000304953318846,-0.000117828247312,-0.00247798906639,0.00161672313698,-0.00210899813101,0.0058801327832,-0.000940259313211,-0.00871503911912,0.025070419535,-0.00994574930519,-0.00312612298876,0.00552469212562,-0.00236536189914],[0.000211025384488,0.000513463863172,0.000859649037011,-0.00286378501914,0.00111665879376,-0.00261434051208,0.00325154257007,0.00159665057436,-0.00994574930519,0.0268710926175,-0.0101101314649,-0.000721319112927,0.0023659253493],[0.000278484920273,-0.0024104649201,-0.000496928172652,0.00128139939625,-0.00262729171664,-0.000322182575474,-0.000874969293363,0.00218491954729,-0.00312612298876,-0.0101101314649,0.0291841030121,-0.0136737208813,0.00320986821316],[-0.000456029869383,0.00132176314946,-0.00146799697541,0.00216231867671,-0.000891310744919,0.000569303054363,0.00221518008038,-0.00229139323346,0.00552469212562,-0.000721319112927,-0.0136737208813,0.0323346704245,-0.0127270501107],[0.000406341132475,-0.000764058437198,0.00162339897361,-0.00334987789392,0.0000561378146813,0.000225245239562,-0.00174169044476,0.00116034678649,-0.00236536189914,0.0023659253493,0.00320986821316,-0.0127270501107,0.0285949762911]],"mean":[23.673822403,63.16381073,-124.657279968,50.4799842834,-33.3631019592,13.8507661819,-27.6813392639,22.8740463257,-22.218542099,-4.51102161407,-22.5541858673,-1.76851665974,-16.5155296326]},"hfc":{"dmean":7.2907834053,"dmean2":11.5168962479,"dvar":112.459503174,"dvar2":278.510009766,"max":156.029632568,"mean":31.4188556671,"median":30.6008090973,"min":1.10861505169e-16,"var":308.403015137},"melbands":{"dmean":[0.00166598975193,0.00253344094381,0.000799339031801,0.000201601273147,0.0000411404034821,0.0000438022543676,0.0000492953549838,0.0000445812438556,0.0000362194550689,0.0000676291019772,0.0000831589786685,0.0000319433493132,0.0000329049435095,0.0000249482727668,0.0000233157115872,0.0000224872110266,0.0000288509600068,0.0000188817884919,0.0000213461389649,0.0000259263324551,0.0000476758541481,0.0000513311024406,0.0000550820659555,0.0000185113985935,0.0000207310295082,0.0000172920354089,0.0000135260834213,0.00000649005050946,0.00000447192905995,0.00000403281865147,0.00000424644395025,0.00000261135369328,0.00000173618411736,0.00000153802852765,0.00000152779864493,0.00000126757288399,9.71868985289e-7,7.87151520854e-7,6.70336021358e-7,5.06837807279e-7],"dmean2":[0.0026977120433,0.00431186938658,0.00137966615148,0.000352346512955,0.0000687771025696,0.0000710333624738,0.000079869365436,0.0000725663121557,0.0000562785389775,0.000105358965811,0.000129587511765,0.000049861282605,0.0000530898905708,0.0000403031226597,0.000037291283661,0.0000362757673429,0.000047655448725,0.0000307036898448,0.0000352138486051,0.0000435121037299,0.0000809226912679,0.0000863599270815,0.0000928343870328,0.0000311248622893,0.0000349624024238,0.0000291277083306,0.0000230471905525,0.0000112046691356,0.00000771356189944,0.00000684357473801,0.00000706349783286,0.00000428031944466,0.00000281077041109,0.00000244460534304,0.00000239902647081,0.00000196000837605,0.00000147500577441,0.00000121976449918,0.00000104238381482,7.63699802064e-7],"dvar":[0.0000157807080541,0.0000342980783898,0.00000187021987585,9.76822960297e-8,3.4011700123e-9,8.57663717824e-9,1.02066426422e-8,8.11114908572e-9,6.10135453272e-9,1.31916317869e-8,1.9147739394e-8,4.05849620577e-9,4.36466063292e-9,2.12545336886e-9,1.25603349943e-9,1.17722065429e-9,2.70850364359e-9,8.86795747945e-10,1.11387099544e-9,1.16592169253e-9,5.32148680676e-9,4.84782303189e-9,4.68405225718e-9,6.41252939637e-10,6.69391209129e-10,4.54851989407e-10,3.37908395709e-10,1.89517360139e-10,1.35443087301e-10,7.27326462946e-11,5.88141965685e-11,2.69985787199e-11,1.26803524278e-11,9.85618271027e-12,1.04757582817e-11,9.37536680234e-12,4.46508021529e-12,2.39950203804e-12,2.46855444072e-12,1.5627490621e-12],"dvar2":[0.0000384038758057,0.0000915121054277,0.00000528101963937,2.85252667709e-7,9.10435105084e-9,2.0990839289e-8,2.55886387635e-8,2.05733048375e-8,1.35510971333e-8,3.20178017432e-8,4.6169549961e-8,9.45352240933e-9,1.17364393759e-8,5.18793585869e-9,3.03110025968e-9,2.80163225952e-9,6.992373347e-9,2.23707763425e-9,2.84272694273e-9,3.12509484957e-9,1.44959440007e-8,1.30648176722e-8,1.29299984053e-8,1.73025993533e-9,1.81199732996e-9,1.24155996595e-9,9.39761490848e-10,5.35526845091e-10,3.78575837345e-10,1.97032917759e-10,1.54797258345e-10,6.85578885329e-11,3.14070297547e-11,2.39027807963e-11,2.51175052979e-11,2.18684948622e-11,9.74179244217e-12,5.77476564831e-12,6.04110121302e-12,3.19219000192e-12],"max":[0.0486355796456,0.0844224095345,0.0178390946239,0.00500966701657,0.000967341882642,0.00227445876226,0.00304522877559,0.00221209647134,0.00166338519193,0.00187810976058,0.00232161139138,0.00143201800529,0.00154395133723,0.00128183152992,0.00102734693792,0.000914373900741,0.000968750391621,0.000552685291041,0.000596537254751,0.000561338267289,0.00171777710784,0.00109599845018,0.00111196190119,0.000391452107579,0.00037646733108,0.000362383172614,0.000303472392261,0.000329933187459,0.000234744424233,0.000197172921617,0.000191351238755,0.000111793589895,0.0000681313613313,0.0000736533547752,0.0000960724428296,0.000128287661937,0.000114414884592,0.0000314733297273,0.0000696084171068,0.0000734997156542],"mean":[0.0022081900388,0.00346581358463,0.00130248034839,0.000297907216009,0.0000761768751545,0.0000756971057854,0.0000938024168136,0.0000822570218588,0.0000691128298058,0.00013256946113,0.000155001514941,0.0000618842459517,0.0000551445045858,0.0000461584058939,0.0000443063399871,0.000040628543502,0.0000515507308592,0.0000346563756466,0.0000420117066824,0.0000525354444108,0.000098105003417,0.000118690979434,0.000123262812849,0.0000417445153289,0.0000476585155411,0.0000430533546023,0.0000314005228574,0.0000127363055071,0.00000782933875598,0.00000811398695078,0.00000879943581822,0.00000500048327012,0.00000310003520099,0.00000262181947619,0.00000260614933723,0.00000228695375881,0.00000176311891664,0.00000137321649163,0.00000110782275442,8.55408814004e-7],"median":[0.00103984645102,0.00204042065889,0.000988317537121,0.00020747576491,0.0000540844484931,0.0000391041030525,0.0000497374348924,0.0000439092327724,0.0000368445689674,0.0000764420474297,0.0000850581855047,0.0000307669361064,0.0000298092600133,0.0000264916034212,0.0000310662944685,0.0000279494161077,0.0000270544460363,0.0000231643680308,0.0000248205324169,0.0000410994543927,0.0000795605956228,0.0000997054012259,0.000101989484392,0.0000327742891386,0.0000393766276829,0.0000381781719625,0.0000280350141111,0.0000103065576695,0.00000545414650333,0.0000059999183577,0.00000678864307702,0.0000032917732824,0.00000177393508238,0.00000133059575091,0.00000126472718875,0.00000122339656627,9.29504494707e-7,7.02058002844e-7,5.11354642185e-7,3.79935272576e-7],"min":[3.79647790892e-24,2.287352879e-24,3.19329592813e-24,3.14868189963e-24,4.79509337897e-24,2.44487775215e-24,1.83718210647e-24,3.39705357235e-24,4.87943759809e-24,3.06025295874e-24,3.0010540754e-24,4.11811424935e-24,3.24375679644e-24,2.94539441651e-24,6.55994325132e-24,5.96726061475e-24,6.31600971006e-24,6.29527292344e-24,6.45481885823e-24,7.99864962646e-24,4.9809174538e-24,5.75822509664e-24,5.50430773175e-24,6.53990500104e-24,7.82374733086e-24,6.59699565361e-24,6.17256008761e-24,8.19105122352e-24,5.23153146364e-24,8.88848472755e-24,9.99809332139e-24,6.32269412294e-24,6.15816495381e-24,6.27963927802e-24,6.92518190613e-24,7.92458820924e-24,6.27269099117e-24,7.52583085456e-24,7.33202271851e-24,6.90068146414e-24],"var":[0.000015466408513,0.0000288274732156,0.00000187247565009,1.02806374969e-7,6.21303497539e-9,1.4822932215e-8,2.15634212708e-8,1.76306667043e-8,1.23673435937e-8,2.96494651053e-8,4.14070591148e-8,1.00567039141e-8,7.63767893375e-9,4.67068295151e-9,2.47099007922e-9,2.25800111942e-9,5.33328847752e-9,1.60305690944e-9,2.84187762212e-9,2.23138818534e-9,8.46149372791e-9,9.76080016812e-9,1.01685042608e-8,1.32829447441e-9,1.44295864146e-9,9.33962240879e-10,5.25171017784e-10,1.72711650537e-10,1.15583632943e-10,7.8069287146e-11,7.63236349122e-11,3.61575144825e-11,1.76556963494e-11,1.50017151479e-11,1.82080132222e-11,1.4366603393e-11,7.92060601135e-12,4.05037331799e-12,3.76335160951e-12,3.28609058367e-12]},"melbands_crest":{"dmean":3.12020039558,"dmean2":5.09711313248,"dvar":8.48166465759,"dvar2":20.8300266266,"max":32.9740333557,"mean":14.4688615799,"median":14.0405683517,"min":1.74293470383,"var":23.5519752502},"melbands_flatness_db":{"dmean":0.0266542322934,"dmean2":0.041473839432,"dvar":0.000848048424814,"dvar2":0.00190387200564,"max":0.511170208454,"mean":0.160624280572,"median":0.150872066617,"min":0.00367916212417,"var":0.00370021467097},"melbands_kurtosis":{"dmean":6.909760952,"dmean2":11.1696834564,"dvar":407.391723633,"dvar2":951.16192627,"max":609.492370605,"mean":8.92738437653,"median":3.46656632423,"min":-1.78232896328,"var":502.235656738},"melbands_skewness":{"dmean":0.80297523737,"dmean2":1.24137818813,"dvar":1.10765028,"dvar2":2.45577716827,"max":17.726600647,"mean":2.40660524368,"median":2.06932973862,"min":-2.03048276901,"var":2.74785518646},"melbands_spread":{"dmean":11.7279624939,"dmean2":18.5618877411,"dvar":167.464752197,"dvar2":365.539001465,"max":221.271972656,"mean":43.8871040344,"median":43.2523803711,"min":0.457209855318,"var":524.458190918},"mfcc":{"cov":[[8768.49414062,274.9112854,-677.361938477,351.46673584,143.49520874,53.4481925964,143.980300903,236.68611145,105.218688965,16.702960968,-47.9559707642,-63.9944267273,-104.374473572],[274.9112854,682.467468262,-224.00920105,188.005264282,61.1919746399,-41.2065429688,39.9216346741,24.651052475,32.6022071838,8.82547473907,33.0691604614,64.5378646851,8.65709781647],[-677.361938477,-224.00920105,418.510894775,-66.3365631104,7.11976671219,48.5969772339,-20.3997192383,-9.16648864746,-20.3175182343,6.98768234253,2.42262077332,-3.33297920227,30.7127780914],[351.46673584,188.005264282,-66.3365631104,229.684005737,80.6519775391,25.5964851379,38.5268363953,12.0808076859,39.7794723511,8.90456008911,13.3709259033,42.8280029297,12.223985672],[143.49520874,61.1919746399,7.11976671219,80.6519775391,149.408889771,33.7418174744,28.9993190765,21.7133865356,21.9485683441,12.2799978256,19.8552818298,29.4141616821,30.0069293976],[53.4481925964,-41.2065429688,48.5969772339,25.5964851379,33.7418174744,101.110137939,50.166343689,12.0510520935,6.91259479523,5.36651182175,3.99981808662,2.5713891983,4.4036397934],[143.980300903,39.9216346741,-20.3997192383,38.5268363953,28.9993190765,50.166343689,115.186157227,57.4207077026,32.272857666,10.5218420029,12.2376289368,14.5292463303,-0.845240414143],[236.68611145,24.651052475,-9.16648864746,12.0808076859,21.7133865356,12.0510520935,57.4207077026,94.9283905029,39.7305526733,17.9977493286,6.6901216507,1.33755218983,-0.651299595833],[105.218688965,32.6022071838,-20.3175182343,39.7794723511,21.9485683441,6.91259479523,32.272857666,39.7305526733,72.994430542,31.4440097809,8.68149852753,7.91910982132,0.668568730354],[16.702960968,8.82547473907,6.98768234253,8.90456008911,12.2799978256,5.36651182175,10.5218420029,17.9977493286,31.4440097809,60.6113624573,24.7012557983,4.34334468842,-0.927258253098],[-47.9559707642,33.0691604614,2.42262077332,13.3709259033,19.8552818298,3.99981808662,12.2376289368,6.6901216507,8.68149852753,24.7012557983,55.7433547974,30.3417053223,10.9067735672],[-63.9944267273,64.5378646851,-3.33297920227,42.8280029297,29.4141616821,2.5713891983,14.5292463303,1.33755218983,7.91910982132,4.34334468842,30.3417053223,68.7871170044,31.0350513458],[-104.374473572,8.65709781647,30.7127780914,12.223985672,30.0069293976,4.4036397934,-0.845240414143,-0.651299595833,0.668568730354,-0.927258253098,10.9067735672,31.0350513458,61.4593696594]],"icov":[[0.000155756351887,0.0000721507094568,0.00026633386733,-0.000246733019594,-0.0000749405080569,-0.000136459580972,0.000158076742082,-0.00048176565906,0.000167431673617,-0.0000345065600413,0.0000831637153169,0.000148087827256,0.000121888260765],[0.0000721507094568,0.0024535371922,0.00100348913111,-0.00172647996806,-0.000181978553883,0.00124372425489,-0.000402504927479,-0.00057776318863,0.000674584298395,-0.000170718092704,-0.000447812402854,-0.000915738404728,0.000138901086757],[0.00026633386733,0.00100348913111,0.00377156189643,-0.00005498963219,-0.000267591967713,-0.00193204567768,0.00137529755011,-0.00135742663406,0.00100777111948,-0.000825845345389,0.0000776281158323,-0.0000697339346516,-0.00129122380167],[-0.000246733019594,-0.00172647996806,-0.00005498963219,0.00830134563148,-0.00273263501003,-0.0015889427159,-0.000514594255947,0.00250602676533,-0.00370879285038,0.000678564712871,0.00158285384532,-0.0033068517223,0.00110760389362],[-0.0000749405080569,-0.000181978553883,-0.000267591967713,-0.00273263501003,0.0100398855284,-0.00238154293038,0.000531699799467,-0.0015064511681,-0.000292052369332,-0.000169719787664,-0.00180132396054,0.0000977696981863,-0.00389337679371],[-0.000136459580972,0.00124372425489,-0.00193204567768,-0.0015889427159,-0.00238154293038,0.0165316835046,-0.00893307477236,0.00344023504294,0.00146258226596,-0.00109437806532,0.000172737520188,0.00172160367947,-0.000165990481037],[0.000158076742082,-0.000402504927479,0.00137529755011,-0.000514594255947,0.000531699799467,-0.00893307477236,0.0185434613377,-0.00966814067215,-0.00212016841397,0.00222204835154,-0.00151887582615,-0.00285835773684,0.00204278505407],[-0.00048176565906,-0.00057776318863,-0.00135742663406,0.00250602676533,-0.0015064511681,0.00344023504294,-0.00966814067215,0.02038442716,-0.00740219699219,-0.000637866265606,-0.000112158915726,0.00197265367024,-0.000890139315743],[0.000167431673617,0.000674584298395,0.00100777111948,-0.00370879285038,-0.000292052369332,0.00146258226596,-0.00212016841397,-0.00740219699219,0.0251191370189,-0.0117860231549,0.00398808578029,-0.00129590916913,-0.000150845284224],[-0.0000345065600413,-0.000170718092704,-0.000825845345389,0.000678564712871,-0.000169719787664,-0.00109437806532,0.00222204835154,-0.000637866265606,-0.0117860231549,0.0277247279882,-0.0133375125006,0.00427862349898,0.00118110515177],[0.0000831637153169,-0.000447812402854,0.0000776281158323,0.00158285384532,-0.00180132396054,0.000172737520188,-0.00151887582615,-0.000112158915726,0.00398808578029,-0.0133375125006,0.0312019325793,-0.0135756535456,0.00176919647492],[0.000148087827256,-0.000915738404728,-0.0000697339346516,-0.0033068517223,0.0000977696981863,0.00172160367947,-0.00285835773684,0.00197265367024,-0.00129590916913,0.00427862349898,-0.0135756535456,0.0290031749755,-0.0112743116915],[0.000121888260765,0.000138901086757,-0.00129122380167,0.00110760389362,-0.00389337679371,-0.000165990481037,0.00204278505407,-0.000890139315743,-0.000150845284224,0.00118110515177,0.00176919647492,-0.0112743116915,0.0242134295404]],"mean":[-613.288757324,91.1877746582,-20.0946445465,40.404510498,16.4252033234,3.67886519432,8.546002388,18.9233055115,9.61172866821,4.31802558899,1.7437953949,3.30348801613,-4.55094575882]},"pitch_salience":{"dmean":0.0733522027731,"dmean2":0.120341211557,"dvar":0.00502299284562,"dvar2":0.0125088058412,"max":0.911832094193,"mean":0.528659701347,"median":0.540667653084,"min":0.0548854395747,"var":0.0125016663224},"silence_rate_20dB":{"dmean":0,"dmean2":0,"dvar":0,"dvar2":0,"max":1,"mean":1,"median":1,"min":1,"var":0},"silence_rate_30dB":{"dmean":0.0229794755578,"dmean2":0.0459634661674,"dvar":0.0224543344229,"dvar2":0.0605505481362,"max":1,"mean":0.985369205475,"median":1,"min":0,"var":0.0144163239747},"silence_rate_60dB":{"dmean":0.0070706079714,"dmean2":0.0141426045448,"dvar":0.00702266907319,"dvar2":0.0159053355455,"max":1,"mean":0.0568538866937,"median":0,"min":0,"var":0.0536237433553},"spectral_centroid":{"dmean":220.288330078,"dmean2":356.985931396,"dvar":73024.375,"dvar2":165958.34375,"max":11599.1064453,"mean":2289.23144531,"median":2374.12475586,"min":159.390136719,"var":268294.375},"spectral_complexity":{"dmean":3.77963280678,"dmean2":6.12492656708,"dvar":14.2283554077,"dvar2":32.1861534119,"max":63,"mean":32.2265319824,"median":35,"min":0,"var":143.259231567},"spectral_contrast_coeffs":{"dmean":[0.0501152165234,0.0415238104761,0.036668445915,0.0294849518687,0.0215419046581,0.0179842934012],"dmean2":[0.0850782766938,0.0688721686602,0.0600663982332,0.0494790300727,0.0359199084342,0.0285750571638],"dvar":[0.00176449585706,0.0011286472436,0.000881143263541,0.000544653856196,0.000318981910823,0.000269726879196],"dvar2":[0.00496853888035,0.0030256928876,0.0022825174965,0.00149683048949,0.000842397334054,0.00066351616988],"max":[-0.348176151514,-0.454530000687,-0.504513382912,-0.549472033978,-0.573166370392,-0.601094424725],"mean":[-0.651492834091,-0.767550766468,-0.766836881638,-0.781407177448,-0.755520761013,-0.741126775742],"median":[-0.652004182339,-0.774605870247,-0.76959836483,-0.781008958817,-0.752038598061,-0.735878705978],"min":[-0.974670767784,-0.978525280952,-0.973182320595,-0.974979102612,-0.96519690752,-0.961584508419],"var":[0.00420594029129,0.00393367884681,0.00331654516049,0.00180380337406,0.00173073960468,0.00156069011427]},"spectral_contrast_valleys":{"dmean":[0.384809404612,0.325313478708,0.28149998188,0.243762299418,0.184985294938,0.264273762703],"dmean2":[0.631158232689,0.54109531641,0.463355988264,0.398372262716,0.301963508129,0.358326554298],"dvar":[0.120412603021,0.0846176743507,0.0743698328733,0.0672560334206,0.0630704835057,0.114137232304],"dvar2":[0.271627575159,0.197258770466,0.162614136934,0.140666738153,0.124753654003,0.200648933649],"max":[-5.33080387115,-5.58878898621,-5.61842155457,-5.76191425323,-5.14364147186,-7.77260446548],"mean":[-7.20297765732,-7.21224927902,-7.29704523087,-7.38062477112,-6.79677391052,-9.79382133484],"median":[-6.93182754517,-6.99628829956,-7.04544734955,-7.1086730957,-6.47558784485,-9.5893945694],"min":[-28.0644454956,-28.0390434265,-27.4056987762,-27.3632240295,-27.3921775818,-27.3145236969],"var":[1.42060124874,1.29011297226,1.48487555981,1.54439687729,1.70658397675,1.48104989529]},"spectral_decrease":{"dmean":3.05927150279e-9,"dmean2":4.91549334569e-9,"dvar":3.67200462425e-17,"dvar2":8.96092169117e-17,"max":8.28847484024e-29,"mean":-7.37889704894e-9,"median":-6.22756868296e-9,"min":-8.27822006499e-8,"var":4.11020189939e-17},"spectral_energy":{"dmean":0.0119520211592,"dmean2":0.0191581510007,"dvar":0.00053455948364,"dvar2":0.00130129477475,"max":0.316989660263,"mean":0.0306995529681,"median":0.0265871845186,"min":1.05058287052e-20,"var":0.000617860932834},"spectral_energyband_high":{"dmean":0.000484884629259,"dmean2":0.000748835911509,"dvar":9.98118366624e-7,"dvar2":0.00000242719829657,"max":0.0189593620598,"mean":0.0011703746859,"median":0.000807011849247,"min":7.44465459355e-21,"var":0.00000158385580562},"spectral_energyband_low":{"dmean":0.0106162521988,"dmean2":0.0171994194388,"dvar":0.000528332137037,"dvar2":0.00130772474222,"max":0.307464927435,"mean":0.0165926292539,"median":0.0110920425504,"min":4.20909231537e-23,"var":0.000531141937245},"spectral_energyband_middle_high":{"dmean":0.00192690070253,"dmean2":0.00317892269231,"dvar":0.00000562184368391,"dvar2":0.0000150879250214,"max":0.0330892167985,"mean":0.00887386593968,"median":0.00884120166302,"min":1.36803839141e-21,"var":0.0000237268559431},"spectral_energyband_middle_low":{"dmean":0.00231160339899,"dmean2":0.00393197778612,"dvar":0.00000909270602278,"dvar2":0.0000254047172348,"max":0.0391494892538,"mean":0.00586228445172,"median":0.00529102236032,"min":1.88982850603e-22,"var":0.000014010563973},"spectral_entropy":{"dmean":0.0991928130388,"dmean2":0.150847539306,"dvar":0.0130254626274,"dvar2":0.0284550338984,"max":9.82212162018,"mean":7.81577968597,"median":7.82504034042,"min":5.7115483284,"var":0.0867211967707},"spectral_flux":{"dmean":0.0248097404838,"dmean2":0.0376519188285,"dvar":0.00142605637666,"dvar2":0.00271337176673,"max":0.50305891037,"mean":0.090752594173,"median":0.0805263519287,"min":6.48436096484e-11,"var":0.00286926142871},"spectral_kurtosis":{"dmean":1.16381394863,"dmean2":1.98394739628,"dvar":1.98855245113,"dvar2":6.03121185303,"max":47.7233772278,"mean":4.78327035904,"median":4.51930475235,"min":-1.25285851955,"var":5.39792346954},"spectral_rms":{"dmean":0.00088641588809,"dmean2":0.00137118599378,"dvar":0.00000172121031028,"dvar2":0.00000383582482755,"max":0.0175857394934,"mean":0.00509904511273,"median":0.00509300641716,"min":3.20149787757e-12,"var":0.00000395054803448},"spectral_rolloff":{"dmean":616.164978027,"dmean2":1015.82263184,"dvar":1127787.375,"dvar2":2522904,"max":19207.6171875,"mean":2600.43139648,"median":2648.58398438,"min":64.599609375,"var":2397504.75},"spectral_skewness":{"dmean":0.157508924603,"dmean2":0.258192688227,"dvar":0.0242092721164,"dvar2":0.0671809017658,"max":5.06089067459,"mean":1.34201872349,"median":1.3400683403,"min":-0.0356008186936,"var":0.0931640565395},"spectral_spread":{"dmean":438082.34375,"dmean2":626478.875,"dvar":342657630208,"dvar2":629015904256,"max":41618252,"mean":4007641.5,"median":3704893.75,"min":1556521.375,"var":2640211869700},"spectral_strongpeak":{"dmean":0.414917171001,"dmean2":0.73636507988,"dvar":0.97725969553,"dvar2":2.66128110886,"max":11.3488464355,"mean":0.616690993309,"median":0.363235294819,"min":0,"var":1.02371692657},"zerocrossingrate":{"dmean":0.0117560075596,"dmean2":0.0139955254272,"dvar":0.000224099319894,"dvar2":0.000294836005196,"max":0.52001953125,"mean":0.0846196115017,"median":0.08056640625,"min":0.00439453125,"var":0.00151788082439}},"metadata":{"audio_properties":{"analysis_sample_rate":44100,"bit_rate":320035,"codec":"mp3","downmix":"mix","equal_loudness":0,"length":236.434280396,"lossless":false,"md5_encoded":"2507bde5a3a9b852fbe6b2482589ab43","replay_gain":-11.7882194519,"sample_rate":44100},"tags":{"acoustid_id":["4fe6f62e-b955-41d0-bdfc-6f5602b2c881"],"album":["Electric Peace"],"albumartist":["The Cult"],"albumartistsort":["Cult, The"],"artist":["The Cult"],"artistsort":["Cult, The"],"barcode":["607618212520"],"bpm":["140"],"catalognumber":["BBQCD 2125"],"composer":["Billy Duffy"],"contentgroup":["Hard Rock"],"date":["2013"],"discnumber":["2/2"],"discsubtitle":["Peace"],"file_name":"Cult, The - Love Trooper.mp3","genre":["Rock; Hard Rock"],"label":["Beggars Banquet"],"language":["eng"],"lyricist":["Ian Astbury"],"media":["CD"],"mood":["Dark"],"musicbrainz album release country":["XE"],"musicbrainz album status":["official"],"musicbrainz album type":["album"],"musicbrainz_albumartistid":["8846e4ff-0c19-4af2-872b-7a8dc7497f68"],"musicbrainz_albumid":["a8c24130-8b07-44bf-bf41-9c224b7a0089"],"musicbrainz_artistid":["8846e4ff-0c19-4af2-872b-7a8dc7497f68"],"musicbrainz_recordingid":["09ecf4a3-db1e-469e-838d-93d9aef1dc00"],"musicbrainz_releasegroupid":["caf80f5c-93e3-4c86-b595-5628a94df4c3"],"musicbrainz_workid":["0f9fee9f-afce-48ce-8448-4522d663ef2e"],"originaldate":["2013"],"originalyear":["2013"],"script":["Latn"],"title":["Love Trooper"],"tracknumber":["9/11"],"work":["Love Trooper"]},"version":{"essentia":"2.1-beta2","essentia_build_sha":"70f2e5ece6736b2c40cc944ad0e695b16b925413","essentia_git_sha":"v2.1_beta2","extractor":"music 1.0"}},"rhythm":{"beats_count":534,"beats_loudness":{"dmean":0.023980434984,"dmean2":0.0434996038675,"dvar":0.000534085149411,"dvar2":0.00165498128626,"max":0.154335469007,"mean":0.0388895943761,"median":0.0346382185817,"min":4.57959572486e-8,"var":0.000550919095986},"beats_loudness_band_ratio":{"dmean":[0.295345544815,0.0469304583967,0.0602432228625