{"lowlevel":{"average_loudness":0.910741388798,"barkbands":{"dmean":[0.000223964962061,0.00484554935247,0.00160090741701,0.00125020812266,0.000781808921602,0.000310699135298,0.000410600827308,0.000363019149518,0.000693802721798,0.000943228136748,0.000509379256982,0.000335319375154,0.000808584853075,0.00106693583075,0.000681124045514,0.000428993691457,0.000373426941223,0.000275952217635,0.000237681495491,0.000359702040441,0.000251646881225,0.000117917770694,0.0000640714570181,0.0000420779069827,0.0000398294359911,0.0000151519016072,0.00000509536812388],"dmean2":[0.000289892952424,0.00785448588431,0.00283540948294,0.00220105936751,0.00133969157469,0.000517174310517,0.000704084406607,0.000596106634475,0.00113426987082,0.00154660094995,0.000811387726571,0.000553995545488,0.00131827732548,0.00173965957947,0.00111500686035,0.000701115000993,0.00061019253917,0.000449641840532,0.000380510755349,0.000573503843043,0.000395448703784,0.000190865379409,0.000105033264845,0.000066975451773,0.0000583305445616,0.0000215848631342,0.0000071441709224],"dvar":[4.63429579156e-8,0.0000335257609549,0.0000082124806795,0.00000378375489163,0.00000148161711877,2.95807609518e-7,6.89266812515e-7,8.51190407047e-7,0.00000183954091426,0.00000412143617723,0.00000173958494543,3.90946269135e-7,0.0000026031118523,0.00000383156384487,0.00000274916965282,6.16676970822e-7,3.95698407374e-7,2.42199888589e-7,1.45949769603e-7,3.5334602444e-7,1.97541808689e-7,6.28039060757e-8,1.5420061672e-8,7.31648297503e-9,6.5058287646e-9,9.7300323354e-10,2.11319101107e-10],"dvar2":[9.03568206923e-8,0.0000875472687767,0.00002184771256,0.0000105021053969,0.00000408614596381,7.60043519676e-7,0.00000189355068869,0.00000218424611376,0.00000457277837995,0.0000111622002805,0.00000437564176536,0.00000103025615772,0.00000646451917419,0.00000966849256656,0.00000683685630065,0.0000015380954892,0.00000103885270164,6.08689560977e-7,3.49528448851e-7,8.74888371527e-7,4.35627129036e-7,1.57098611453e-7,3.98503843257e-8,1.71541270078e-8,1.40524418768e-8,2.0734645112e-9,4.30512236971e-10],"max":[0.00199650716968,0.0542606897652,0.0547515526414,0.0249180682003,0.0169374421239,0.0212892238051,0.01984542422,0.0235976409167,0.0226919613779,0.0295680258423,0.0371207594872,0.0114816026762,0.0424804352224,0.0438045449555,0.0492548421025,0.0268396921456,0.0168753620237,0.0121208513156,0.0068545974791,0.0200505759567,0.0118927005678,0.0073222713545,0.00217434135266,0.00247186655179,0.00207932339981,0.00068416655995,0.000340366386808],"mean":[0.000368612963939,0.00563645316288,0.00164318061434,0.00135944865178,0.00114517239854,0.000494564883411,0.000551126082428,0.000499801535625,0.00108787009958,0.00143945915624,0.000822437228635,0.000574659730773,0.00147140480112,0.00197444832884,0.00113941845484,0.000871553085744,0.000774938904215,0.000540047418326,0.000508875935338,0.000887061120011,0.00059324153699,0.000227008436923,0.000127472521854,0.0000950815083343,0.0000954160423134,0.0000300527462969,0.0000077625081758],"median":[0.000299779174384,0.00364898843691,0.000822377041914,0.000735317997169,0.000765533884987,0.00028453633422,0.000299467064906,0.000185339769814,0.000392915710108,0.000460597424535,0.000220882458962,0.000295221048873,0.000617602257989,0.00107192294672,0.000522391230334,0.000573827768676,0.00052838854026,0.000342023529811,0.000312952819513,0.000594821874984,0.000350163143594,0.00013077823678,0.0000760658294894,0.0000583712862863,0.0000464944678242,0.0000127852945297,8.34514253256e-7],"min":[2.0648328191e-25,2.30585640039e-24,1.54235106239e-24,1.38446706031e-24,1.46885932107e-23,8.67206310479e-24,5.32734256489e-24,6.45873318604e-24,1.24090676068e-23,1.70303394296e-23,6.80896770644e-24,2.37580844395e-23,2.67833202571e-23,4.58571628409e-23,3.87041728937e-23,7.74358423231e-23,7.48271992163e-23,8.89464778226e-23,1.39184257845e-22,2.11038442258e-22,2.1084434461e-22,3.32434290588e-22,2.68190947836e-22,5.88320093775e-22,7.27865523697e-22,1.11925564327e-21,2.007104279e-21],"var":[1.08318928937e-7,0.000036636753066,0.00000891022318683,0.00000362291189049,0.00000170641590103,4.76741348621e-7,7.17529530903e-7,0.00000109427537609,0.00000325384576172,0.00000719241597835,0.00000375331251234,7.62154911627e-7,0.00000723163338989,0.00000846581951919,0.00000487124771098,0.0000014625724134,7.95961227595e-7,4.80184439766e-7,3.57540727691e-7,0.00000108185281533,5.67184770262e-7,1.01915176742e-7,2.78171814472e-8,1.55911727973e-8,2.22260148064e-8,2.09130268658e-9,3.9412811903e-10]},"barkbands_crest":{"dmean":3.04424595833,"dmean2":5.02631521225,"dvar":7.17168807983,"dvar2":17.8578510284,"max":25.1527805328,"mean":8.28389072418,"median":7.35376977921,"min":2.39455246925,"var":14.7027101517},"barkbands_flatness_db":{"dmean":0.0182301793247,"dmean2":0.0292977709323,"dvar":0.000315865967423,"dvar2":0.000764083815739,"max":0.337120324373,"mean":0.0881392881274,"median":0.0806479007006,"min":0.0182353276759,"var":0.0012757939985},"barkbands_kurtosis":{"dmean":1.39093005657,"dmean2":2.29029083252,"dvar":34.2473068237,"dvar2":88.6970062256,"max":196.944274902,"mean":0.557286202908,"median":-0.716977000237,"min":-1.86632680893,"var":63.2767219543},"barkbands_skewness":{"dmean":0.482930451632,"dmean2":0.739449501038,"dvar":0.260816454887,"dvar2":0.631132125854,"max":13.3256187439,"mean":0.525317072868,"median":0.347484350204,"min":-2.2197830677,"var":1.13527595997},"barkbands_spread":{"dmean":6.66147947311,"dmean2":10.4582290649,"dvar":35.7876548767,"dvar2":85.9871520996,"max":113.901016235,"mean":35.1298294067,"median":35.6306877136,"min":1.1861294508,"var":121.71408844},"dissonance":{"dmean":0.00983607210219,"dmean2":0.0169953498989,"dvar":0.0000952139889705,"dvar2":0.000264425965725,"max":0.500000178814,"mean":0.485583841801,"median":0.48880892992,"min":0.371664077044,"var":0.000141187614645},"dynamic_complexity":3.61707544327,"erbbands":{"dmean":[0.152142077684,1.12034010887,1.87798011303,3.09640049934,3.71620869637,2.43297624588,1.87565302849,2.9604165554,5.07385492325,6.92272138596,8.5318775177,14.4735326767,23.0238380432,28.6611862183,16.5843658447,13.619969368,30.606464386,50.6908683777,44.7076721191,21.7043876648,24.9860477448,18.1991901398,15.7525672913,8.8858127594,14.4269962311,17.5493450165,11.525809288,8.647356987,4.31430053711,3.00795722008,1.61071419716,0.883243143559,0.786371469498,0.578895688057,0.224456980824,0.0744534358382,0.0266007483006,0.00741999642923,0.000994253321551,0.0000305579851556],"dmean2":[0.220131918788,1.94527482986,3.28968310356,5.4338054657,6.54487609863,4.13656282425,3.15633893013,4.92190885544,8.80912780762,11.5156755447,13.8493499756,23.517414093,37.2946586609,47.0794639587,26.5488109589,22.0479488373,49.7738952637,82.6188735962,72.7261199951,34.2488250732,41.0671730042,29.4643363953,25.5231151581,14.3122272491,22.8610801697,27.9456710815,18.1276760101,13.5921697617,6.8664689064,4.92499113083,2.65585827827,1.45094227791,1.23791837692,0.873952686787,0.327691048384,0.110357515514,0.0382082909346,0.0104070520028,0.00140593992546,0.0000440575131506],"dvar":[0.0262266490608,2.17752170563,9.48940753937,22.7992630005,41.2783432007,12.6948270798,9.82513427734,31.0048503876,101.846412659,259.007232666,492.865447998,933.66607666,2186.84106445,4771.58154297,1403.66394043,602.975402832,3560.08422852,9726.59765625,9790.68457031,2325.84130859,2290.98046875,1030.74645996,820.504089355,184.870193481,623.18371582,1062.47119141,287.462432861,372.751983643,82.1056289673,36.2895050049,9.50436973572,2.93389201164,2.9826965332,1.55794048309,0.182940199971,0.024299595505,0.00308318366297,0.000326854322338,0.00000862702927407,5.97977711791e-9],"dvar2":[0.0584920309484,5.77451324463,25.1036739349,61.0781135559,116.018852234,34.9537658691,25.0814933777,79.1335601807,287.529632568,681.255004883,1261.42456055,2311.44580078,5638.48583984,12924.3701172,3463.56518555,1462.6673584,8985.29199219,24487.1875,23847.7441406,5406.27246094,5702.95556641,2653.26757812,2054.34179688,434.916809082,1475.95776367,2714.37963867,664.128723145,840.595031738,195.714431763,93.678527832,24.9788722992,7.62238693237,6.87138605118,3.43399143219,0.396719634533,0.0561797432601,0.00642476323992,0.000635108735878,0.0000179643811862,1.30378214891e-8],"max":[2.16939544678,13.6042032242,51.0314598083,79.569770813,65.0459442139,50.7627716064,128.951919556,233.681396484,336.034759521,299.215118408,506.067687988,480.365020752,684.74029541,1329.0567627,822.984680176,563.629333496,1572.17004395,2324.39892578,2872.70117188,1073.25756836,1855.53710938,1125.93762207,757.863586426,283.769866943,469.210845947,1362.70178223,383.954650879,575.479797363,323.157562256,119.437904358,45.2497367859,28.3578186035,52.4854927063,31.7240886688,10.8808145523,4.9551615715,1.12196731567,0.465101242065,0.0671976059675,0.00245642266236],"mean":[0.218275681138,1.02755534649,1.86796152592,3.56889891624,4.31411314011,3.63475322723,2.96774244308,4.6207985878,6.97621631622,9.76913833618,12.6795473099,23.0682945251,37.1949691772,47.4443130493,30.9247379303,26.4788017273,61.3030700684,98.3102493286,82.9660186768,44.3949241638,53.3990364075,42.2914581299,33.6293373108,20.8167514801,33.8259239197,42.8946990967,30.0948200226,18.5263786316,8.61695194244,5.69393396378,3.23558521271,1.87628126144,1.73481237888,1.32885849476,0.527166187763,0.151170179248,0.0515181384981,0.0129528287798,0.00149255688302,0.0000677769130562],"median":[0.157710000873,0.48467284441,0.856049418449,2.11490678787,2.62445664406,2.22631788254,1.83038282394,2.53440380096,4.17530632019,4.701212883,4.97283267975,9.27058410645,14.4871807098,14.6969928741,13.3375883102,15.5284051895,28.1270217896,52.2402420044,45.7773323059,25.0468788147,36.9809608459,29.9390449524,22.330947876,15.4278764725,19.2386512756,28.3603363037,20.2185935974,9.8184337616,5.04953289032,3.25569176674,1.99586558342,1.25760960579,0.940044999123,0.62097287178,0.260306835175,0.0742675736547,0.0203679464757,0.00351794715971,0.000146316946484,0.0000428761850344],"min":[1.04881272471e-22,3.1044710895e-22,2.04320073649e-21,7.5446263176e-21,2.41074470919e-20,2.14293513079e-20,3.22958453005e-20,7.73846979336e-20,8.32621199162e-20,8.76903537773e-20,1.93496725527e-19,2.54688910605e-19,6.68882490042e-19,7.76254566057e-19,7.16429813929e-19,1.11549658641e-18,1.35595054585e-18,2.62613135437e-18,1.92318375725e-18,2.76787619696e-18,5.25307624088e-18,5.40388532862e-18,5.836423034e-18,5.95295499793e-18,7.68319350062e-18,8.19289805818e-18,9.94231970646e-18,8.32529824138e-18,1.14340307534e-17,1.16824198564e-17,8.21504581908e-18,1.19575144856e-17,1.00425648977e-17,8.18532521967e-18,5.03666552671e-18,3.83104647519e-18,1.87607747572e-18,9.79676631754e-19,2.59902242265e-19,2.9178947973e-20],"var":[0.0419001094997,1.8841252327,9.66369533539,23.8936653137,35.4101028442,18.0605545044,16.016462326,46.8375663757,98.8240280151,305.930480957,678.850158691,1528.52685547,3763.56640625,9270.18261719,3350.95800781,1303.22338867,10902.7128906,22216.2558594,17367.8144531,5301.96826172,5272.82568359,2292.83984375,1725.30810547,435.549713135,1757.45544434,2920.64746094,1044.64550781,761.944091797,147.156845093,61.7078132629,15.978562355,5.00429344177,6.48490047455,4.9160656929,0.600471675396,0.0478261373937,0.00678958371282,0.000684265105519,0.0000154167137225,1.00636468048e-8]},"erbbands_crest":{"dmean":2.55259418488,"dmean2":4.22736358643,"dvar":5.94730901718,"dvar2":15.4046792984,"max":31.0417938232,"mean":8.51617527008,"median":7.3702454567,"min":2.1162610054,"var":17.6145114899},"erbbands_flatness_db":{"dmean":0.0164974015206,"dmean2":0.0250769145787,"dvar":0.000251621502684,"dvar2":0.000516585307196,"max":0.339639037848,"mean":0.150522142649,"median":0.147466093302,"min":0.0290508195758,"var":0.0016681032721},"erbbands_kurtosis":{"dmean":0.765262663364,"dmean2":1.24023556709,"dvar":1.07924795151,"dvar2":2.64753890038,"max":34.1830101013,"mean":0.566794633865,"median":0.164919137955,"min":-1.75019598007,"var":3.06557393074},"erbbands_skewness":{"dmean":0.300255507231,"dmean2":0.484858393669,"dvar":0.0704673826694,"dvar2":0.176893591881,"max":4.68850374222,"mean":-0.175748988986,"median":-0.215433701873,"min":-3.26290035248,"var":0.261199474335},"erbbands_spread":{"dmean":6.07233762741,"dmean2":9.71830940247,"dvar":40.3727874756,"dvar2":95.4540023804,"max":137.808898926,"mean":30.4377975464,"median":28.0568141937,"min":2.91250419617,"var":201.80859375},"gfcc":{"cov":[[22938.1367188,880.126831055,-1573.92626953,659.127075195,-700.623291016,461.843933105,-261.33013916,124.443878174,-418.965576172,144.974655151,-217.07359314,-46.7915916443,-5.5954875946],[880.126831055,758.589355469,-265.580993652,225.620513916,61.2246398926,-1.6658860445,0.742588818073,-28.0086250305,74.9543228149,-18.2000541687,58.2361869812,-49.0468826294,61.841129303],[-1573.92626953,-265.580993652,847.541381836,60.1822814941,86.522277832,-0.312200725079,15.2209501266,-10.2870845795,71.3287811279,11.9161958694,0.640323579311,94.2041549683,-52.561882019],[659.127075195,225.620513916,60.1822814941,334.761688232,-15.0796718597,88.2056274414,-13.0947208405,6.66236448288,38.0470161438,21.8565330505,37.7297019958,13.1697502136,32.3316307068],[-700.623291016,61.2246398926,86.522277832,-15.0796718597,244.873168945,10.1309309006,52.5494613647,4.84150075912,28.9408683777,-4.57833576202,10.4911260605,-5.54339694977,15.0009851456],[461.843933105,-1.6658860445,-0.312200725079,88.2056274414,10.1309309006,166.88609314,31.0790996552,49.330871582,-16.5856018066,12.5397558212,13.7733106613,5.76955127716,18.9887294769],[-261.33013916,0.742588818073,15.2209501266,-13.0947208405,52.5494613647,31.0790996552,157.552780151,47.7353096008,-1.9247328043,-3.40289258957,2.79363846779,1.32981085777,16.238571167],[124.443878174,-28.0086250305,-10.2870845795,6.66236448288,4.84150075912,49.330871582,47.7353096008,122.788764954,9.53403949738,24.8329677582,1.156031847,4.98839950562,23.8045501709],[-418.965576172,74.9543228149,71.3287811279,38.0470161438,28.9408683777,-16.5856018066,-1.9247328043,9.53403949738,128.014190674,32.7702941895,17.6137390137,0.0839496180415,-10.9271726608],[144.974655151,-18.2000541687,11.9161958694,21.8565330505,-4.57833576202,12.5397558212,-3.40289258957,24.8329677582,32.7702941895,89.3313980103,24.6126499176,5.93238019943,-1.25425469875],[-217.07359314,58.2361869812,0.640323579311,37.7297019958,10.4911260605,13.7733106613,2.79363846779,1.156031847,17.6137390137,24.6126499176,83.7259368896,29.8074359894,21.1079521179],[-46.7915916443,-49.0468826294,94.2041549683,13.1697502136,-5.54339694977,5.76955127716,1.32981085777,4.98839950562,0.0839496180415,5.93238019943,29.8074359894,85.1178436279,18.6090927124],[-5.5954875946,61.841129303,-52.561882019,32.3316307068,15.0009851456,18.9887294769,16.238571167,23.8045501709,-10.9271726608,-1.25425469875,21.1079521179,18.6090927124,85.9879684448]],"icov":[[0.0000804933733889,-0.000143227356602,0.000126941580675,-0.000103239050077,0.00012032801169,-0.00017403451784,0.0000955416981014,-0.0000681265228195,0.000301403168123,-0.000307504291413,0.000449328072136,-0.000328828318743,0.000237596381339],[-0.000143227356602,0.00317030260339,0.000873862707522,-0.00203074445017,-0.00110038521234,0.00134723330848,-0.000430699350545,0.000667303800583,-0.00218097004108,0.00208432739601,-0.00222102925181,0.00181764992885,-0.00129546818789],[0.000126941580675,0.000873862707522,0.00234366604127,-0.00144774757791,-0.000870521937031,0.000176628906047,-0.000113097485155,0.000177948997589,-0.000796711305156,0.0000759511385695,0.00110310688615,-0.00262286514044,0.00163842365146],[-0.000103239050077,-0.00203074445017,-0.00144774757791,0.00604852475226,0.00127834640443,-0.00312101445161,0.000607402762398,0.00067860429408,-0.000722902186681,-0.000816462154035,-0.000558598316275,0.000281417684164,-0.00156938366126],[0.00012032801169,-0.00110038521234,-0.000870521937031,0.00127834640443,0.00551316281781,-0.00120206759311,-0.00127492030151,0.00052223331295,-0.000348185363691,-0.000359285942977,0.000213625811739,0.000817000167444,-0.00109246536158],[-0.00017403451784,0.00134723330848,0.000176628906047,-0.00312101445161,-0.00120206759311,0.00950502511114,-0.00108446506783,-0.00293408357538,0.00128058821429,0.000730348110665,-0.00219335290603,0.00117511732969,-0.000113500471343],[0.0000955416981014,-0.000430699350545,-0.000113097485155,0.000607402762398,-0.00127492030151,-0.00108446506783,0.00817120447755,-0.00307676964439,0.00077418924775,0.000563986017369,0.000146783248056,-0.000191149432794,-0.0000990533299046],[-0.0000681265228195,0.000667303800583,0.000177948997589,0.00067860429408,0.00052223331295,-0.00293408357538,-0.00307676964439,0.0120718423277,-0.00219171424396,-0.00264469906688,0.001518499339,0.0000460895898868,-0.00353460456245],[0.000301403168123,-0.00218097004108,-0.000796711305156,-0.000722902186681,-0.000348185363691,0.00128058821429,0.00077418924775,-0.00219171424396,0.0125817572698,-0.00493775540963,0.000736657821108,-0.00069631182123,0.00310812960379],[-0.000307504291413,0.00208432739601,0.0000759511385695,-0.000816462154035,-0.000359285942977,0.000730348110665,0.000563986017369,-0.00264469906688,-0.00493775540963,0.0164112541825,-0.00655892724171,0.00228610355407,0.0000886413909029],[0.000449328072136,-0.00222102925181,0.00110310688615,-0.000558598316275,0.000213625811739,-0.00219335290603,0.000146783248056,0.001518499339,0.000736657821108,-0.00655892724171,0.0201805513352,-0.00857764668763,-0.000589667353779],[-0.000328828318743,0.00181764992885,-0.00262286514044,0.000281417684164,0.000817000167444,0.00117511732969,-0.000191149432794,0.0000460895898868,-0.00069631182123,0.00228610355407,-0.00857764668763,0.0195153262466,-0.00558935338631],[0.000237596381339,-0.00129546818789,0.00163842365146,-0.00156938366126,-0.00109246536158,-0.000113500471343,-0.0000990533299046,-0.00353460456245,0.00310812960379,0.0000886413909029,-0.000589667353779,-0.00558935338631,0.0171317830682]],"mean":[7.59161710739,66.5983581543,-135.203048706,40.9054756165,-41.7206344604,22.7818431854,-27.0760269165,11.6798610687,-23.4676895142,10.7355690002,-18.3194026947,-4.47097587585,-6.89228773117]},"hfc":{"dmean":6.91054916382,"dmean2":10.3836965561,"dvar":72.401802063,"dvar2":158.452377319,"max":148.042449951,"mean":30.4653759003,"median":28.6489105225,"min":1.09853310969e-16,"var":412.280090332},"melbands":{"dmean":[0.00132281205151,0.00112385558896,0.000552065204829,0.000200536000193,0.0000733491688152,0.0000658976423438,0.000079028926848,0.0000747951853555,0.0000727915685275,0.0000988411702565,0.000120479839097,0.000124147554743,0.0000646036423859,0.0000425021098636,0.0000509690980834,0.0000875776313478,0.000100132034277,0.0000825188617455,0.0000417338997067,0.0000262761259364,0.0000336657176376,0.000021513320462,0.0000188070425793,0.000013189855963,0.00000744714861867,0.0000104343162093,0.0000132364230012,0.0000127885487018,0.00000843438192533,0.00000672015858072,0.00000491916989631,0.00000277572212326,0.00000201745319828,0.00000167011228314,0.00000105248591353,6.66175196784e-7,5.45898501514e-7,5.82349741762e-7,5.70326051275e-7,5.08057610205e-7],"dmean2":[0.00205410504714,0.00192971120123,0.000967008585576,0.000346217420883,0.000122765806736,0.000109817912744,0.000137132359669,0.00012390424672,0.000117661555123,0.000160868105013,0.000195001906832,0.000204167270567,0.000102910984424,0.0000699524534866,0.0000801730711828,0.000142626828165,0.000163088116096,0.000134883564897,0.0000673595422995,0.0000423481978942,0.0000556363811484,0.0000350927221007,0.0000306540678139,0.0000214868687181,0.0000121304101413,0.0000167882826645,0.0000213619678107,0.0000206253680517,0.0000136065445986,0.0000106477891677,0.00000782018105383,0.00000447143747806,0.00000333647608386,0.00000274372973763,0.00000174843887635,0.00000110674511689,9.0340506631e-7,9.31190015763e-7,8.95075231711e-7,7.71257418819e-7],"dvar":[0.00000223861502491,0.00000257722558672,7.10481742772e-7,1.00473158682e-7,1.25795649453e-8,1.47386947091e-8,2.36132233766e-8,2.94019191216e-8,3.38446355386e-8,3.98497412846e-8,5.89590740674e-8,8.85424853436e-8,2.577818492e-8,6.67885613481e-9,1.64171947148e-8,3.09064525084e-8,3.80150630974e-8,2.9104707977e-8,1.01605213132e-8,2.50223730625e-9,4.12073308809e-9,1.44479928021e-9,1.32636168715e-9,6.28562146776e-10,1.48794504495e-10,3.27400911937e-10,6.18511297734e-10,5.7875554349e-10,1.4739796883e-10,1.46335416007e-10,1.34224353854e-10,3.70725221355e-11,1.6072011777e-11,1.10134982731e-11,4.09390490258e-12,1.58705969373e-12,1.14658922547e-12,1.5497534896e-12,1.74780426677e-12,1.21376617524e-12],"dvar2":[0.00000559370664632,0.00000671987118039,0.00000191972139874,2.79585009366e-7,3.27411804335e-8,3.8143777914e-8,6.62614567659e-8,7.64569847433e-8,8.58005435589e-8,9.94063569237e-8,1.51793784653e-7,2.41004329382e-7,6.33892724977e-8,1.76574985744e-8,3.41004273707e-8,7.77897852799e-8,9.67301971855e-8,7.09714171876e-8,2.50069120966e-8,5.7474758286e-9,1.03165325172e-8,3.6946248283e-9,3.26754290292e-9,1.56803092732e-9,3.51148943256e-10,7.96930466063e-10,1.48331225081e-9,1.49472911826e-9,3.65292907034e-10,3.3246716491e-10,3.12237985467e-10,8.86114445708e-11,4.21968779363e-11,2.84339721907e-11,1.07806073096e-11,4.25085747852e-12,2.97049949742e-12,3.59748927696e-12,4.04889576727e-12,2.66274025398e-12],"max":[0.0173437073827,0.0232699029148,0.0113692395389,0.00450563011691,0.00390324275941,0.00491861533374,0.00470054894686,0.00310321804136,0.0034728567116,0.00319128250703,0.00365303782746,0.00552638061345,0.00380535656586,0.00148838292807,0.00539516052231,0.00379428244196,0.00514796609059,0.00417672982439,0.00243868934922,0.00119353050832,0.00242913770489,0.00112449342851,0.000858400017023,0.000574050296564,0.000272686447715,0.000382314115996,0.000654956907965,0.000921250903048,0.000245349656325,0.000302363565424,0.000289364747005,0.000219932248001,0.0000691936947987,0.0000705863785697,0.0000336318553309,0.0000217324850382,0.0000180289644049,0.0000387901563954,0.000035354281863,0.0000331092269334],"mean":[0.00171106262133,0.00112299900502,0.000658292381559,0.000280875829048,0.000117363138997,0.000102717815025,0.00011041671678,0.000106835963379,0.000107219377242,0.000154295936227,0.000188987411093,0.000198064895812,0.000111149936856,0.000073215647717,0.0000874782490428,0.000162322758115,0.000183866155567,0.000143397846841,0.000072891205491,0.0000508034827362,0.0000653188471915,0.0000443462231488,0.0000364368279406,0.0000249194745265,0.0000149096849782,0.0000215597810893,0.00002869059972,0.0000283865629171,0.0000198869620363,0.0000145595731738,0.00000925760468817,0.0000050568783081,0.0000035946764001,0.00000296221651297,0.00000197222561837,0.00000129095337797,0.00000107464984467,0.00000120502716072,0.00000118144077987,0.00000112187728973],"median":[0.00117078889161,0.000531502300873,0.000401616853196,0.000186366494745,0.0000738047310733,0.0000577847022214,0.0000663887913106,0.000049456855777,0.0000394064627471,0.0000571519631194,0.0000685536506353,0.0000566216185689,0.0000368591936422,0.0000375801319024,0.000038703372411,0.0000702975085005,0.0000940857426031,0.0000754258071538,0.0000344678046531,0.0000304583809339,0.0000438647039118,0.0000300749688904,0.0000219001503865,0.0000152973680088,0.0000100533179648,0.0000118552361528,0.0000151741760419,0.0000187430086953,0.0000135883865369,0.0000077823005995,0.00000470561099064,0.00000276757464235,0.00000206453910323,0.00000159031492331,0.00000117583999781,8.1564814991e-7,6.92433218319e-7,6.47560227662e-7,5.75357319121e-7,4.82875975649e-7],"min":[9.11441804068e-25,9.50422872662e-25,1.72062396342e-24,1.86332101257e-24,1.4298581168e-24,1.8510802579e-24,1.22659725773e-24,9.35125972241e-25,1.63978179368e-24,1.54185861597e-24,3.25500121978e-24,3.03226180724e-24,1.39002774083e-24,2.58678041837e-24,2.00161424571e-24,3.65378440965e-24,4.15142350664e-24,2.5256034663e-24,2.35584336051e-24,4.40430746374e-24,5.5480662406e-24,4.10018541313e-24,3.86320094758e-24,4.3378009674e-24,4.33099309779e-24,6.02625912742e-24,5.08974712656e-24,5.40878180373e-24,5.29921257387e-24,5.17024091561e-24,4.09289791609e-24,5.23874283561e-24,5.25510933281e-24,5.6922988075e-24,3.53088776923e-24,6.3200060794e-24,6.78682753627e-24,7.04591312337e-24,5.6284196124e-24,6.31656546256e-24],"var":[0.0000028693814329,0.00000256297357737,7.29774740194e-7,1.0765482017e-7,2.11250146265e-8,2.21782325838e-8,2.3692301454e-8,3.63349954569e-8,4.96552239326e-8,6.69178348289e-8,1.01920640816e-7,1.67721097455e-7,5.98527805096e-8,1.32793971375e-8,4.31215596564e-8,7.93263055243e-8,8.29816215742e-8,5.28881116679e-8,1.94707432399e-8,5.73333513998e-9,8.2618623054e-9,3.02031955002e-9,2.43554887369e-9,1.22421150994e-9,3.02598390789e-10,8.02733435279e-10,1.56786705841e-9,1.36587896549e-9,4.38614311538e-10,3.9672182206e-10,2.30714294891e-10,6.17055642693e-11,2.44166648705e-11,1.92513626568e-11,6.5619879322e-12,2.49804820926e-12,1.83112617951e-12,3.26627678897e-12,3.69919199439e-12,4.06050887358e-12]},"melbands_crest":{"dmean":4.09863758087,"dmean2":6.10358142853,"dvar":9.84330463409,"dvar2":21.4231338501,"max":35.3344116211,"mean":13.216878891,"median":12.6909542084,"min":1.47606003284,"var":28.0356369019},"melbands_flatness_db":{"dmean":0.0271347798407,"dmean2":0.0424628928304,"dvar":0.000600668485276,"dvar2":0.00145112257451,"max":0.454927265644,"mean":0.138600543141,"median":0.131695091724,"min":0.00373510760255,"var":0.00232239253819},"melbands_kurtosis":{"dmean":4.55022144318,"dmean2":7.21200561523,"dvar":292.960113525,"dvar2":672.163085938,"max":700.893554688,"mean":5.73272037506,"median":1.1444542408,"min":-1.77016949654,"var":700.411254883},"melbands_skewness":{"dmean":0.724554479122,"dmean2":1.10893511772,"dvar":0.581429541111,"dvar2":1.35078585148,"max":23.0075092316,"mean":1.6210590601,"median":1.28402817249,"min":-1.90150904655,"var":2.55874180794},"melbands_spread":{"dmean":11.1817941666,"dmean2":17.5216846466,"dvar":96.0551452637,"dvar2":231.20149231,"max":158.77154541,"mean":46.3719024658,"median":46.8033752441,"min":0.739442229271,"var":369.045379639},"mfcc":{"cov":[[11773.1025391,950.396118164,-339.116455078,284.878601074,-93.5688171387,216.585754395,170.812988281,-20.1800880432,89.9714508057,44.5061798096,-64.0737380981,-15.112575531,-37.400302887],[950.396118164,625.983215332,-207.12210083,144.779724121,67.6986846924,37.3649330139,1.15077960491,-4.8909330368,27.0781898499,27.2229290009,-20.8553390503,54.7643432617,-1.06301534176],[-339.116455078,-207.12210083,578.962402344,98.7130813599,60.843547821,58.1193275452,-55.5218963623,50.0698776245,-20.8710422516,-10.7221765518,50.2406234741,-20.9821910858,46.8783988953],[284.878601074,144.779724121,98.7130813599,219.179855347,58.8099822998,58.8815917969,-12.0183382034,11.8270339966,14.6208744049,14.8247385025,6.13973236084,21.0554466248,23.4748096466],[-93.5688171387,67.6986846924,60.843547821,58.8099822998,181.424301147,50.3267936707,-6.56373167038,8.8067522049,6.82228517532,14.5630970001,-3.53228783607,17.2312889099,21.721496582],[216.585754395,37.3649330139,58.1193275452,58.8815917969,50.3267936707,125.24974823,22.6354618073,22.3717823029,-1.18179011345,12.4247941971,15.4882497787,4.65399885178,0.292828798294],[170.812988281,1.15077960491,-55.5218963623,-12.0183382034,-6.56373167038,22.6354618073,173.085235596,41.6878433228,39.4785270691,6.07880973816,-12.2703552246,-3.02281570435,-10.9881734848],[-20.1800880432,-4.8909330368,50.0698776245,11.8270339966,8.8067522049,22.3717823029,41.6878433228,98.6799926758,28.267829895,7.04232883453,1.28127789497,-2.37236618996,7.90755033493],[89.9714508057,27.0781898499,-20.8710422516,14.6208744049,6.82228517532,-1.18179011345,39.4785270691,28.267829895,93.9057388306,41.5656166077,7.51052570343,-7.63155508041,-4.22776699066],[44.5061798096,27.2229290009,-10.7221765518,14.8247385025,14.5630970001,12.4247941971,6.07880973816,7.04232883453,41.5656166077,85.6659317017,39.2063179016,8.05288028717,-0.544293880463],[-64.0737380981,-20.8553390503,50.2406234741,6.13973236084,-3.53228783607,15.4882497787,-12.2703552246,1.28127789497,7.51052570343,39.2063179016,85.8322906494,23.3159236908,4.87363004684],[-15.112575531,54.7643432617,-20.9821910858,21.0554466248,17.2312889099,4.65399885178,-3.02281570435,-2.37236618996,-7.63155508041,8.05288028717,23.3159236908,71.3995895386,31.1341571808],[-37.400302887,-1.06301534176,46.8783988953,23.4748096466,21.721496582,0.292828798294,-10.9881734848,7.90755033493,-4.22776699066,-0.544293880463,4.87363004684,31.1341571808,76.3240356445]],"icov":[[0.000106566214527,-0.000170872648596,-0.00000431985426985,-0.0000304854420392,0.000176618967089,-0.000202286581043,-0.0000880976585904,0.00011110529158,-0.0000516087675351,-0.000010195235518,0.0000461240961158,0.00014614155225,-0.0000773046776885],[-0.000170872648596,0.003038802417,0.00134672713466,-0.00201818533242,-0.000888799200766,0.0000697839423083,0.000645092979539,-0.00057929137256,-0.000179028313141,-0.000215170803131,0.00054295337759,-0.00167720788158,0.000795775384177],[-0.00000431985426985,0.00134672713466,0.00339145190082,-0.00200298149139,-0.000957442389335,-0.000403946061851,0.000950980349444,-0.00169262452982,0.000606741639785,0.001251786598,-0.00245762430131,0.00220267334953,-0.00156308698934],[-0.0000304854420392,-0.00201818533242,-0.00200298149139,0.00778994802386,-0.000161305855727,-0.0023232284002,0.000425540143624,0.000832919788081,-0.0015692160232,-0.000380228913855,0.00127091817558,-0.00128881912678,-0.00082401005784],[0.000176618967089,-0.000888799200766,-0.000957442389335,-0.000161305855727,0.00753589067608,-0.00283710798249,0.000307663838612,0.000668994209263,-0.000688683765475,-0.00155907333829,0.00254903244786,-0.00136225309689,-0.0011033131741],[-0.000202286581043,0.0000697839423083,-0.000403946061851,-0.0023232284002,-0.00283710798249,0.0118244988844,-0.00195816881023,-0.00201105535962,0.00294775166549,-0.000900006096344,-0.00236961548217,0.000745747529436,0.00155697658192],[-0.0000880976585904,0.000645092979539,0.000950980349444,0.000425540143624,0.000307663838612,-0.00195816881023,0.00790521036834,-0.0027514139656,-0.00301803043112,0.000809271179605,0.00122728722636,-0.00125515356194,0.000866174930707],[0.00011110529158,-0.00057929137256,-0.00169262452982,0.000832919788081,0.000668994209263,-0.00201105535962,-0.0027514139656,0.0135973161086,-0.00380419264548,0.000462241936475,0.00090107799042,-0.000125139340525,-0.0013716481626],[-0.0000516087675351,-0.000179028313141,0.000606741639785,-0.0015692160232,-0.000688683765475,0.00294775166549,-0.00301803043112,-0.00380419264548,0.0175153501332,-0.00819068681449,0.0000462311254523,0.00337307411246,-0.000240575842327],[-0.000010195235518,-0.000215170803131,0.001251786598,-0.000380228913855,-0.00155907333829,-0.000900006096344,0.000809271179605,0.000462241936475,-0.00819068681449,0.0204774625599,-0.00949939992279,0.00118834234308,-0.000329959613737],[0.0000461240961158,0.00054295337759,-0.00245762430131,0.00127091817558,0.00254903244786,-0.00236961548217,0.00122728722636,0.00090107799042,0.0000462311254523,-0.00949939992279,0.0203860849142,-0.00862667057663,0.00266780238599],[0.00014614155225,-0.00167720788158,0.00220267334953,-0.00128881912678,-0.00136225309689,0.000745747529436,-0.00125515356194,-0.000125139340525,0.00337307411246,0.00118834234308,-0.00862667057663,0.0238320101053,-0.00966654438525],[-0.0000773046776885,0.000795775384177,-0.00156308698934,-0.00082401005784,-0.0011033131741,0.00155697658192,0.000866174930707,-0.0013716481626,-0.000240575842327,-0.000329959613737,0.00266780238599,-0.00966654438525,0.0186207145452]],"mean":[-621.310424805,93.6973800659,-23.6076164246,24.8687000275,6.55833625793,15.2571115494,10.697013855,-0.378561228514,9.55875205994,8.08405017853,0.586743116379,1.83733487129,-2.57903432846]},"pitch_salience":{"dmean":0.0762563198805,"dmean2":0.123438060284,"dvar":0.00434995628893,"dvar2":0.011262703687,"max":0.901702463627,"mean":0.572944879532,"median":0.578356385231,"min":0.101969569921,"var":0.00987663026899},"silence_rate_20dB":{"dmean":0,"dmean2":0,"dvar":0,"dvar2":0,"max":1,"mean":1,"median":1,"min":1,"var":0},"silence_rate_30dB":{"dmean":0,"dmean2":0,"dvar":0,"dvar2":0,"max":1,"mean":1,"median":1,"min":1,"var":0},"silence_rate_60dB":{"dmean":0.00429140683264,"dmean2":0.00858369097114,"dvar":0.00427290564403,"dvar2":0.010350192897,"max":1,"mean":0.073763795197,"median":0,"min":0,"var":0.068321891129},"spectral_centroid":{"dmean":250.467712402,"dmean2":403.416473389,"dvar":60424.375,"dvar2":145057.859375,"max":11819.5927734,"mean":2288.79516602,"median":2226.29321289,"min":260.03024292,"var":810093.5625},"spectral_complexity":{"dmean":4.12772035599,"dmean2":6.44369506836,"dvar":14.7501296997,"dvar2":32.6183052063,"max":60,"mean":29.981508255,"median":32,"min":0,"var":167.216445923},"spectral_contrast_coeffs":{"dmean":[0.055980052799,0.0455666892231,0.0400968529284,0.0303617343307,0.0207848306745,0.0183784104884],"dmean2":[0.0913324281573,0.0757236108184,0.0665392577648,0.0500290952623,0.0341370292008,0.0291127152741],"dvar":[0.002016475657,0.00130744837224,0.00103616167326,0.000595869321842,0.000286254246021,0.000287635339191],"dvar2":[0.00532560842112,0.00355569156818,0.0027742064558,0.00154078262858,0.000729005609173,0.000646590488032],"max":[-0.395277202129,-0.497838497162,-0.477227240801,-0.502593040466,-0.611861944199,-0.557755112648],"mean":[-0.712276041508,-0.777265965939,-0.77068990469,-0.771756827831,-0.79164659977,-0.739773690701],"median":[-0.714535593987,-0.781006634235,-0.778238654137,-0.774990677834,-0.792908787727,-0.736409783363],"min":[-0.976604938507,-0.973682045937,-0.974809587002,-0.971446931362,-0.966078817844,-0.964642167091],"var":[0.00590934837237,0.00379268941469,0.00489144399762,0.00312483962625,0.00170795095619,0.00213930080645]},"spectral_contrast_valleys":{"dmean":[0.436142116785,0.356730639935,0.291804939508,0.232377395034,0.19239397347,0.223560452461],"dmean2":[0.691129624844,0.591510057449,0.484289616346,0.373317211866,0.304887056351,0.326453894377],"dvar":[0.140891462564,0.101046361029,0.0711376219988,0.0544360987842,0.0517796501517,0.0962828472257],"dvar2":[0.321695029736,0.243648603559,0.163806214929,0.11418876797,0.103080548346,0.189703583717],"max":[-5.37037706375,-5.23989248276,-5.48627614975,-5.58943796158,-5.47242069244,-7.95072984695],"mean":[-7.38500976562,-7.19495391846,-7.26941013336,-7.22553443909,-7.04322719574,-9.96429252625],"median":[-6.91645526886,-6.80642223358,-6.88950395584,-6.83487129211,-6.64101743698,-9.56583786011],"min":[-28.1715507507,-27.8285388947,-27.9506111145,-27.6422176361,-27.5233764648,-27.445356369],"var":[4.70792150497,4.40420103073,4.38362550735,4.37291240692,4.35962152481,3.58349990845]},"spectral_decrease":{"dmean":2.02823646767e-9,"dmean2":3.13807446695e-9,"dvar":4.46989626024e-18,"dvar2":1.08208392837e-17,"max":1.6590927117e-28,"mean":-5.8828613092e-9,"median":-5.71122971138e-9,"min":-2.52635192766e-8,"var":1.16746633838e-17},"spectral_energy":{"dmean":0.00804381072521,"dmean2":0.0123918773606,"dvar":0.0000691044915584,"dvar2":0.00016533525195,"max":0.0968138128519,"mean":0.0249665305018,"median":0.0243659671396,"min":1.0016225832e-20,"var":0.000203695934033},"spectral_energyband_high":{"dmean":0.00055633392185,"dmean2":0.000857079285197,"dvar":7.96621066002e-7,"dvar2":0.00000179871869932,"max":0.0205095596611,"mean":0.00163990433794,"median":0.0012164269574,"min":7.20370431281e-21,"var":0.0000025542988169},"spectral_energyband_low":{"dmean":0.00596581911668,"dmean2":0.00931342504919,"dvar":0.0000490258753416,"dvar2":0.000124151061755,"max":0.0856787189841,"mean":0.00836681388319,"median":0.00613169930875,"min":1.23490258256e-23,"var":0.0000667231870466},"spectral_energyband_middle_high":{"dmean":0.00283874571323,"dmean2":0.00445864303038,"dvar":0.0000128499414132,"dvar2":0.0000320028375427,"max":0.0630992874503,"mean":0.0104022333398,"median":0.00870766490698,"min":1.14921014335e-21,"var":0.0000650325673632},"spectral_energyband_middle_low":{"dmean":0.00258390489034,"dmean2":0.00430870242417,"dvar":0.0000113492169476,"dvar2":0.0000299156836263,"max":0.0386464037001,"mean":0.00546207651496,"median":0.00452286470681,"min":1.22504178969e-22,"var":0.0000192596944544},"spectral_entropy":{"dmean":0.0910656899214,"dmean2":0.146230846643,"dvar":0.00941772572696,"dvar2":0.0222762152553,"max":9.8204240799,"mean":7.92031478882,"median":7.93840026855,"min":6.67513561249,"var":0.0717303678393},"spectral_flux":{"dmean":0.0237634051591,"dmean2":0.0361758135259,"dvar":0.000498886278365,"dvar2":0.00102026551031,"max":0.259402751923,"mean":0.0961535125971,"median":0.0985707268119,"min":6.23157705992e-11,"var":0.00175355863757},"spectral_kurtosis":{"dmean":0.996617674828,"dmean2":1.70469915867,"dvar":1.25051558018,"dvar2":3.72969484329,"max":16.5512237549,"mean":3.76872515678,"median":3.51770114899,"min":-1.25700175762,"var":2.91811180115},"spectral_rms":{"dmean":0.000763904128689,"dmean2":0.00115477689542,"dvar":5.17645560194e-7,"dvar2":0.00000119421133604,"max":0.00971866771579,"mean":0.0046313861385,"median":0.00487562082708,"min":3.12600834974e-12,"var":0.00000290794787361},"spectral_rolloff":{"dmean":579.883239746,"dmean2":948.47088623,"dvar":482929.21875,"dvar2":1103945.375,"max":19401.4160156,"mean":2507.09692383,"median":2304.05273438,"min":21.533203125,"var":3169530.75},"spectral_skewness":{"dmean":0.155350625515,"dmean2":0.256723284721,"dvar":0.0220092814416,"dvar2":0.0600879266858,"max":2.64745497704,"mean":1.27450489998,"median":1.27168381214,"min":-0.0684964284301,"var":0.0886951759458},"spectral_spread":{"dmean":378868.25,"dmean2":569421.4375,"dvar":363541200896,"dvar2":723818774528,"max":43166620,"mean":4459390.5,"median":4109786,"min":1794675.875,"var":11106230730800},"spectral_strongpeak":{"dmean":0.853913128376,"dmean2":1.49219989777,"dvar":2.00953888893,"dvar2":4.89477062225,"max":20.6182250977,"mean":1.04856443405,"median":0.241201162338,"min":0,"var":2.96234536171},"zerocrossingrate":{"dmean":0.0101794190705,"dmean2":0.0123743824661,"dvar":0.000104620296042,"dvar2":0.00016454384604,"max":0.52783203125,"mean":0.08693356812,"median":0.0830078125,"min":0.00830078125,"var":0.00193044962361}},"metadata":{"audio_properties":{"analysis_sample_rate":44100,"bit_rate":192000,"codec":"mp3","downmix":"mix","equal_loudness":0,"length":227.239181519,"lossless":false,"md5_encoded":"465ff3565d48d872e627acf7242e55bd","replay_gain":-7.71306991577,"sample_rate":44100},"tags":{"album":["Asylum"],"albumartist":["Kiss"],"artist":["Kiss"],"date":["1998"],"encodedby":["wizz21"],"file_name":"42677.mp3","genre":["Hard-Rock"],"musicbrainz_recordingid":["0a0efd47-5947-4407-85c4-25c993531ae0"],"title":["I'm Alive"],"tracknumber":["5"]},"version":{"essentia":"2.1-beta2","essentia_build_sha":"70f2e5ece6736b2c40cc944ad0e695b16b925413","essentia_git_sha":"v2.1_beta2","extractor":"music 1.0"}},"rhythm":{"beats_count":476,"beats_loudness":{"dmean":0.0103121390566,"dmean2":0.0175840035081,"dvar":0.0000911190800252,"dvar2":0.000259359512711,"max":0.0720289647579,"mean":0.0313548073173,"median":0.0324581973255,"min":0,"var":0.000226946154726},"beats_loudness_band_ratio":{"dmean":[0.161234855652,0.0403800681233,0.0686047226191,0.0976522937417,0.0823741182685,0.0532629080117],"dmean2":[0.279424965382,0.0699014291167,0.120591007173,0.161767378449,0.144133225083,0.0919693261385],"dvar":[0.0191413685679,0.0014260035241,0.00581309059635,0.00824567861855,0.00654801214114,0.00339918560348],"dvar2":[0.0474142320454,0.00397307705134,0.015525280498,0.0220368057489,0.0182418618351,0.00974443089217],"max":[0.961793243885,0.255930989981,0.551016151905,0.844322502613,0.604309976101,0.488501638174],"mean":[0.454351574183,0.0628955811262,0.0944171026349,0.157430380583,0.146938294172,0.104641519487],"median":[0.441617399454,0.0512110218406,0.0701524838805,0.120759412646,0.121130630374,0.0918631851673],"min":[0,0,0,0,0,0],"var":[0.0432511344552,0.00193043984473,0.00660693878308,0.0162337552756,0.010066899471,0.0046833246015]},"beats_position":[0.394739210606,0.789478421211,1.17260766029,1.5673469305,1.97369611263,2.34521532059,2.71673464775,3.08825397491,3.45977306366,3.83129239