{"lowlevel":{"average_loudness":0.636594116688,"barkbands":{"dmean":[0.0270260740072,0.0186349898577,0.00352053460665,0.00104825757444,0.00137154082768,0.000543474045116,0.000261767272605,0.000194759224541,0.000259519903921,0.000384348095395,0.000432041415479,0.000454099994386,0.000345156964613,0.000235699655605,0.000234763487242,0.000188169797184,0.00015185365919,0.000162151947734,0.000128051542561,0.0000749777682358,0.0000715937567293,0.0000346363740391,0.0000210627167689,0.0000128345063786,0.00000586807436775,0.0000325324472215,0.000248139869655],"dmean2":[0.0343690626323,0.0287859421223,0.00578254181892,0.00165013037622,0.00213461299427,0.000815843290184,0.000389550928958,0.00029878137866,0.000393040187191,0.000558775325771,0.000686169369146,0.000698336109053,0.000547141884454,0.000359937170288,0.000343971099937,0.000284383073449,0.000220748144784,0.000232402802794,0.000178192611202,0.000100039382232,0.0000989273612504,0.0000494543783134,0.0000308636554109,0.0000180424212886,0.00000774222371547,0.0000482193645439,0.000310051487759],"dvar":[0.00459053274244,0.00277779065073,0.0000779344554758,0.0000069177176556,0.0000155753441504,0.00000423160918217,7.33577394385e-7,4.40495171006e-7,9.32513898988e-7,0.00000340935957865,0.00000957741485763,0.00000270312489192,0.00000115341219953,3.05342780393e-7,3.36618825258e-7,2.33371252989e-7,1.63597263736e-7,2.38745315073e-7,1.63967015965e-7,5.67319347056e-8,3.73849999846e-8,7.00349556126e-9,3.40865624615e-9,1.12122489071e-9,1.90797808108e-10,1.08981117464e-8,2.10434180303e-7],"dvar2":[0.00824916455895,0.00713028712198,0.000191507831914,0.0000173468470166,0.0000396908872062,0.00000910127982934,0.00000159949547651,0.00000109140808036,0.00000206697086469,0.00000572470889892,0.0000266091101366,0.00000534642231287,0.00000304205923385,6.70893030019e-7,7.01883607235e-7,5.12187511958e-7,3.49610957073e-7,4.98768997659e-7,3.72494326939e-7,1.06155859214e-7,7.18911579156e-8,1.51161643203e-8,7.96408095027e-9,2.45194420323e-9,3.31278615651e-10,2.52583731708e-8,3.46424997133e-7],"max":[0.88317990303,0.745824098587,0.0962252616882,0.0356380902231,0.0725513622165,0.0873075723648,0.0278931502253,0.0238226093352,0.0339472591877,0.106836594641,0.114040404558,0.0745471045375,0.0291803721339,0.00986386463046,0.0173038393259,0.0130802132189,0.00719898520038,0.0108804460615,0.0104436194524,0.00572406034917,0.00379102770239,0.00139832403511,0.000755261455197,0.000432641885709,0.0002617535647,0.00113233912271,0.0129698710516],"mean":[0.051808167249,0.025292551145,0.00387370330282,0.0011863023974,0.00151266227476,0.000719235977158,0.000344333937392,0.00024167149968,0.000350367394276,0.000508332857862,0.000512944709044,0.000688292901032,0.000519251974765,0.000335236021783,0.000370611582184,0.000306543370243,0.000223517374252,0.000232560341829,0.000202148963581,0.000115817201731,0.000110098866571,0.0000491550490551,0.0000264648388111,0.0000165252495208,0.00000865670608619,0.000037507063098,0.000645096588414],"median":[0.000262301851762,0.000569658877794,0.000284008157905,0.0000856255501276,0.000169058839674,0.0000796914100647,0.0000390493660234,0.0000256305065705,0.0000760313996579,0.0000849147472763,0.0000945577558014,0.000185780110769,0.000139264710015,0.000108076521428,0.000132512956043,0.000107549480163,0.0000610276729276,0.0000441324336862,0.000026758900276,0.0000178303598659,0.0000159042338055,0.00000557717885386,0.00000260500678451,0.00000136033577292,7.72780936131e-7,0.00000340493261319,0.000297451013466],"min":[1.19867674814e-11,1.5097263717e-11,6.73257630202e-12,4.25322624342e-12,5.46338365173e-12,2.785016575e-12,1.14886117113e-12,1.10273780125e-12,9.88556242074e-13,9.9172840079e-13,6.61404687529e-13,3.32119423109e-13,4.03185704224e-13,2.33958523128e-13,1.76116391436e-13,2.64991614806e-13,1.40646568285e-13,3.27382598028e-13,3.11584118966e-13,1.7728002497e-13,2.476811345e-13,2.11310325791e-13,1.92863723581e-13,5.31233802607e-13,3.50376466122e-13,4.49511792806e-13,1.02794574068e-12],"var":[0.0134366611019,0.00373520655558,0.0000950125322561,0.00000867562994245,0.0000155155357788,0.00000811093559605,0.00000131148067339,6.11088694313e-7,0.00000170791827259,0.00000821294634079,0.0000108545664261,0.00000518801380167,0.00000161928051057,4.94390576478e-7,6.5538125682e-7,4.11609505591e-7,2.69573263267e-7,4.16236503042e-7,3.8367645061e-7,1.11764101973e-7,9.06323123218e-8,1.40628939604e-8,4.24574997382e-9,1.57429336234e-9,4.29185048612e-10,1.19841594426e-8,0.00000102101148514]},"barkbands_crest":{"dmean":3.03094005585,"dmean2":4.71761131287,"dvar":7.29251384735,"dvar2":17.5490913391,"max":26.4133396149,"mean":11.9725875854,"median":10.7639894485,"min":2.40269756317,"var":33.1563491821},"barkbands_flatness_db":{"dmean":0.0346168614924,"dmean2":0.0487411208451,"dvar":0.00118811673019,"dvar2":0.00239617237821,"max":0.603959262371,"mean":0.174727275968,"median":0.156378671527,"min":0.0232643224299,"var":0.00759707856923},"barkbands_kurtosis":{"dmean":25.659702301,"dmean2":35.7216300964,"dvar":3994.6081543,"dvar2":7403.06689453,"max":1541.93054199,"mean":45.9666442871,"median":3.19373369217,"min":-1.79914975166,"var":11879.9736328},"barkbands_skewness":{"dmean":1.33014905453,"dmean2":1.82562077045,"dvar":3.31700181961,"dvar2":5.776450634,"max":32.8883552551,"mean":3.76398897171,"median":1.8787304163,"min":-2.37678861618,"var":21.2630958557},"barkbands_spread":{"dmean":10.6484746933,"dmean2":15.8962221146,"dvar":160.917022705,"dvar2":351.568481445,"max":129.797592163,"mean":33.1142959595,"median":27.849603653,"min":0.155079767108,"var":781.87109375},"dissonance":{"dmean":0.0111829359084,"dmean2":0.0190418269485,"dvar":0.000211796635995,"dvar2":0.000563302135561,"max":0.500000178814,"mean":0.486525148153,"median":0.491713881493,"min":0.259140610695,"var":0.000257739331573},"dynamic_complexity":7.51960325241,"erbbands":{"dmean":[1.23518657684,2.02024412155,4.08157873154,3.72820067406,3.78594326973,4.83736801147,4.22316980362,4.25419092178,3.9218685627,3.5313782692,4.43019628525,5.19524240494,10.3000888824,13.3231868744,16.9419841766,18.5820808411,16.1071376801,11.9054365158,11.3900213242,12.068901062,9.71619415283,8.4475812912,9.04767131805,7.56422519684,5.03295183182,3.43319153786,3.7128405571,2.01647615433,1.25392520428,0.931718111038,0.5595459342,0.347992122173,0.187686771154,0.0745572075248,0.039867144078,0.0660433471203,0.0706500336528,0.0427790246904,0.0195122119039,0.00795712135732],"dmean2":[1.93831670284,3.19010567665,6.64716148376,5.68450784683,5.82800865173,7.64029502869,6.54885625839,6.27080965042,5.78729486465,5.21489429474,6.74010753632,7.70582580566,15.1739225388,19.3547782898,26.075252533,28.2043743134,25.5175495148,17.8410377502,17.0471229553,17.4744338989,14.4187469482,11.7808475494,12.7639551163,10.950753212,6.60894918442,4.52285337448,5.17269515991,2.77106904984,1.7703357935,1.38007450104,0.809875369072,0.498509764671,0.266554743052,0.100238852203,0.0518232136965,0.0981319919229,0.105215959251,0.0608152598143,0.0238046888262,0.00954719446599],"dvar":[13.2701997757,32.9614677429,98.1049194336,87.4837341309,129.263793945,185.130340576,181.483856201,273.559509277,185.274734497,118.272445679,244.390213013,327.885009766,1870.50183105,5074.10107422,14250.0566406,4170.94921875,2713.22070312,780.299865723,828.228149414,907.166137695,605.033691406,481.382476807,727.62298584,647.202453613,241.336608887,107.532798767,99.5280303955,33.4004707336,9.2126083374,5.93470573425,2.41303396225,0.946657180786,0.245176926255,0.0285219065845,0.00913475919515,0.0396574810147,0.0545581877232,0.0129758417606,0.00230445503257,0.000179619499249],"dvar2":[34.4741668701,82.2662277222,238.318634033,190.739837646,324.57434082,485.778137207,406.460876465,583.692321777,358.616363525,241.070724487,646.651000977,674.316040039,3839.65844727,8698.28320312,39238.4609375,8040.15576172,7040.45410156,1673.70739746,1857.58972168,1856.7010498,1291.85754395,983.850769043,1507.67602539,1554.23010254,435.065917969,189.420944214,191.918914795,64.3922958374,18.8216762543,14.3094415665,5.61254405975,2.15244030952,0.549332618713,0.052653145045,0.0153058012947,0.0931011661887,0.126527711749,0.029722539708,0.0038665633183,0.000273242476396],"max":[49.1919631958,95.1007843018,108.642814636,166.763412476,202.744766235,222.127456665,621.278625488,631.698913574,510.792236328,519.045715332,612.929077148,706.225891113,1367.18725586,3619.15209961,5531.81738281,2946.58520508,1656.86535645,583.118896484,586.753295898,1231.50219727,546.826660156,406.969726562,596.523681641,795.750549316,430.395599365,226.271820068,165.737365723,110.164543152,55.9382972717,35.9652442932,23.7889785767,11.7730569839,7.01870393753,2.94230890274,1.84573590755,2.19707250595,2.60830545425,1.4525821209,1.13073825836,0.373806148767],"mean":[1.62685310841,2.93044543266,4.65451335907,4.44039106369,4.3003988266,5.20872497559,5.38866329193,5.65537977219,5.25950431824,4.72240018845,5.61446809769,7.40528726578,13.6322097778,18.6024456024,22.2836780548,28.9939002991,25.5459766388,18.2653255463,17.6022167206,19.9467010498,15.8277330399,13.0185060501,13.1736679077,11.2276859283,8.20699977875,5.49753332138,5.61932182312,3.15370082855,1.76235163212,1.23578464985,0.716743290424,0.439460933208,0.235943928361,0.106630839407,0.0600776337087,0.0751806348562,0.0812437310815,0.0605646036565,0.043520912528,0.0217871721834],"median":[0.0190088171512,0.10830001533,0.333247482777,0.364331960678,0.476456075907,0.544143140316,0.594697654247,0.669245064259,0.620300114155,0.561155676842,0.750787734985,1.69087517262,2.78905248642,3.19974994659,5.52828454971,7.72467327118,7.13060998917,6.34533071518,6.56535339355,6.95650815964,5.63701438904,3.64403796196,2.60197353363,1.78146159649,1.09587705135,0.851264894009,0.799792051315,0.469292491674,0.220505341887,0.131915435195,0.0671541914344,0.0357093252242,0.0186734050512,0.00951194670051,0.00547882076353,0.0062687699683,0.00731125613675,0.00866856612265,0.00952810142189,0.0128041282296],"min":[5.9864874169e-10,2.86093437829e-9,7.41770289636e-9,1.21986865054e-8,1.54287214116e-8,1.84105495293e-8,2.23977902891e-8,2.20995968192e-8,1.70590901405e-8,1.97925178469e-8,2.42688784624e-8,2.21669314016e-8,2.86731687282e-8,3.17079198453e-8,2.18664339968e-8,1.3926692688e-8,1.76232148874e-8,1.36042705989e-8,1.04404680457e-8,1.05774766723e-8,1.47410927909e-8,9.06005315215e-9,1.69483129753e-8,1.5641882456e-8,1.55719828143e-8,8.62857607586e-9,4.41636416326e-9,1.36395730266e-8,7.08348757428e-9,7.67236407739e-9,6.07681815978e-9,1.27141586148e-8,7.23264825808e-9,5.01433206068e-9,1.80565773444e-9,1.39308820035e-9,7.66826324661e-10,4.65428168228e-10,1.39615569106e-10,1.59784789566e-11],"var":[16.6918449402,46.8592033386,123.955345154,125.458389282,135.811721802,176.021347046,347.079101562,490.498596191,390.500915527,216.83480835,370.328308105,705.130126953,3440.88793945,12029.5068359,16881.4316406,8614.76855469,3929.65991211,1375.0859375,1379.18078613,1912.8338623,1101.1661377,869.91418457,1312.37304688,1048.69030762,671.710754395,239.427810669,233.283889771,75.2909317017,17.6949825287,9.03652858734,3.15613460541,1.22646892071,0.328168570995,0.0598949454725,0.0211676042527,0.0424007251859,0.0602187253535,0.0233387313783,0.0104745691642,0.000903283420485]},"erbbands_crest":{"dmean":2.21971225739,"dmean2":3.62277245522,"dvar":5.44461584091,"dvar2":13.223482132,"max":26.5937347412,"mean":7.33721971512,"median":6.20522356033,"min":1.82486009598,"var":17.1294651031},"erbbands_flatness_db":{"dmean":0.0222728531808,"dmean2":0.0335094593465,"dvar":0.000574870791752,"dvar2":0.00109568040352,"max":0.387037187815,"mean":0.141219004989,"median":0.12788464129,"min":0.0213405285031,"var":0.00613279081881},"erbbands_kurtosis":{"dmean":1.12882745266,"dmean2":1.80551731586,"dvar":2.05146932602,"dvar2":5.18879318237,"max":22.1945056915,"mean":1.17536652088,"median":0.633131742477,"min":-1.68244755268,"var":4.66050004959},"erbbands_skewness":{"dmean":0.385023266077,"dmean2":0.592616856098,"dvar":0.146363988519,"dvar2":0.336144804955,"max":4.45440244675,"mean":-0.30027204752,"median":-0.289320379496,"min":-3.01218247414,"var":0.644318044186},"erbbands_spread":{"dmean":8.39430236816,"dmean2":12.9820556641,"dvar":105.483818054,"dvar2":230.132720947,"max":146.541824341,"mean":34.80701828,"median":30.3405532837,"min":2.86901926994,"var":544.030639648},"gfcc":{"cov":[[21794.1132812,2237.5456543,844.5546875,497.504821777,-260.998046875,651.835510254,-349.668518066,144.647262573,-27.3807830811,37.9886283875,-203.17338562,87.9775772095,-130.335891724],[2237.5456543,1727.57092285,59.3047180176,-200.979812622,419.899841309,89.3997116089,19.278049469,-23.2408771515,-36.742023468,-108.091712952,28.1418399811,-211.691436768,104.539421082],[844.5546875,59.3047180176,1840.6986084,1252.04016113,-386.800872803,442.668029785,-106.823036194,301.971343994,23.6604576111,295.871673584,-83.7070922852,189.982833862,-37.4393386841],[497.504821777,-200.979812622,1252.04016113,1267.31091309,-231.334793091,103.024902344,90.8761825562,128.65447998,30.9531288147,193.569824219,-134.914581299,169.429229736,-99.3379135132],[-260.998046875,419.899841309,-386.800872803,-231.334793091,544.345825195,0.568853199482,117.341201782,-8.22523784637,42.4577903748,-107.3542099,58.4316978455,-127.125244141,65.1776809692],[651.835510254,89.3997116089,442.668029785,103.024902344,0.568853199482,493.920440674,-114.036468506,211.921783447,49.531337738,82.7113876343,23.8515357971,48.4474601746,23.8935394287],[-349.668518066,19.278049469,-106.823036194,90.8761825562,117.341201782,-114.036468506,213.701797485,-26.9249649048,39.076133728,-14.1077213287,-13.1794633865,1.23082077503,0.41316023469],[144.647262573,-23.2408771515,301.971343994,128.65447998,-8.22523784637,211.921783447,-26.9249649048,200.077102661,61.9545898438,77.3597259521,29.8833522797,27.290145874,22.8072795868],[-27.3807830811,-36.742023468,23.6604576111,30.9531288147,42.4577903748,49.531337738,39.076133728,61.9545898438,90.4199523926,36.8508605957,25.4054164886,20.6315402985,4.93089962006],[37.9886283875,-108.091712952,295.871673584,193.569824219,-107.3542099,82.7113876343,-14.1077213287,77.3597259521,36.8508605957,108.090309143,19.4252262115,60.0012207031,-0.450185596943],[-203.17338562,28.1418399811,-83.7070922852,-134.914581299,58.4316978455,23.8515357971,-13.1794633865,29.8833522797,25.4054164886,19.4252262115,82.9708633423,2.2265996933,40.3179244995],[87.9775772095,-211.691436768,189.982833862,169.429229736,-127.125244141,48.4474601746,1.23082077503,27.290145874,20.6315402985,60.0012207031,2.2265996933,105.130302429,-12.2504606247],[-130.335891724,104.539421082,-37.4393386841,-99.3379135132,65.1776809692,23.8935394287,0.41316023469,22.8072795868,4.93089962006,-0.450185596943,40.3179244995,-12.2504606247,71.3296585083]],"icov":[[0.000076412652561,-0.000221670692554,0.000248432654189,-0.000170607629116,0.0000831709548947,-0.0000677664065734,0.000243031914579,-0.000186215096619,0.000016750431314,-0.000147581580677,0.000279225612758,-0.000416752038291,0.000130642554723],[-0.000221670692554,0.00188758654986,-0.00202353834175,0.00126867962535,-0.000745584955439,-0.0000376195348508,-0.00137466366868,0.00184053753037,-0.00047222484136,0.0015477858251,-0.00134316098411,0.00337711512111,-0.000971772067714],[0.000248432654189,-0.00202353834175,0.00755250267684,-0.00671929819509,0.00277772801928,-0.00279800617136,0.00321484310552,-0.00267718662508,0.00212740153074,-0.00416704826057,0.0000973235510173,-0.000186904406291,-0.00299792760052],[-0.000170607629116,0.00126867962535,-0.00671929819509,0.00881856121123,-0.00422364799306,0.00366085162386,-0.00299089518376,0.000238254258875,0.000244295719313,-0.00234555080533,0.00635251728818,-0.00448180595413,0.00476550264284],[0.0000831709548947,-0.000745584955439,0.00277772801928,-0.00422364799306,0.00764887686819,-0.00351161067374,-0.00206951377913,0.000979043776169,-0.00307398778386,0.00690804515034,-0.00793700106442,0.00729823717847,-0.00329760182649],[-0.0000677664065734,-0.0000376195348508,-0.00279800617136,0.00366085162386,-0.00351161067374,0.0069993478246,0.00217182585038,-0.00501484889537,0.000224179966608,-0.00143850233871,0.00499458797276,-0.00614052871242,0.00211377255619],[0.000243031914579,-0.00137466366868,0.00321484310552,-0.00299089518376,-0.00206951377913,0.00217182585038,0.0108061693609,-0.00209233234636,-0.00281525356695,-0.00282655423507,0.0053887446411,-0.00523101072758,-0.00201672315598],[-0.000186215096619,0.00184053753037,-0.00267718662508,0.000238254258875,0.000979043776169,-0.00501484889537,-0.00209233234636,0.0164887774736,-0.00714723113924,0.000151715707034,-0.00519952131435,0.00855209864676,-0.00368319475092],[0.000016750431314,-0.00047222484136,0.00212740153074,0.000244295719313,-0.00307398778386,0.000224179966608,-0.00281525356695,-0.00714723113924,0.022619491443,-0.0100022135302,0.000362296879757,-0.00535316113383,0.00446397159249],[-0.000147581580677,0.0015477858251,-0.00416704826057,-0.00234555080533,0.00690804515034,-0.00143850233871,-0.00282655423507,0.000151715707034,-0.0100022135302,0.0388042926788,-0.0193071458489,0.00362441875041,-0.0013824737398],[0.000279225612758,-0.00134316098411,0.0000973235510173,0.00635251728818,-0.00793700106442,0.00499458797276,0.0053887446411,-0.00519952131435,0.000362296879757,-0.0193071458489,0.0379761494696,-0.0144626554102,-0.00550876837224],[-0.000416752038291,0.00337711512111,-0.000186904406291,-0.00448180595413,0.00729823717847,-0.00614052871242,-0.00523101072758,0.00855209864676,-0.00535316113383,0.00362441875041,-0.0144626554102,0.0323960445821,-0.00523518584669],[0.000130642554723,-0.000971772067714,-0.00299792760052,0.00476550264284,-0.00329760182649,0.00211377255619,-0.00201672315598,-0.00368319475092,0.00446397159249,-0.0013824737398,-0.00550876837224,-0.00523518584669,0.0261373315006]],"mean":[-86.8142318726,60.9978027344,-98.1881484985,-0.614751517773,2.83879899979,-11.793920517,1.7892884016,-12.821803093,-4.5587682724,-7.82606697083,-2.31667232513,-2.61541223526,-2.3782248497]},"hfc":{"dmean":146.827148438,"dmean2":194.072006226,"dvar":90993.8046875,"dvar2":172122.84375,"max":4872.09375,"mean":283.033172607,"median":62.4760055542,"min":6.93775774607e-8,"var":221727.96875},"melbands":{"dmean":[0.00880807079375,0.00218906323425,0.000615993456449,0.000326406327076,0.000151881875354,0.000095985342341,0.0000584226690989,0.0000397403273382,0.0000356169985025,0.0000362395694538,0.000052829800552,0.0000541184963367,0.0000597654579906,0.0000529009303136,0.0000437869603047,0.0000325312794303,0.0000219651356019,0.0000193240211956,0.0000176189150807,0.0000144318328239,0.0000117080589916,0.00000907264620764,0.00000846106740937,0.00000819049000711,0.00000641097994958,0.00000429882356912,0.00000293212224278,0.00000228068847719,0.00000257560418504,0.00000192259949472,0.00000100902195754,7.78616254138e-7,5.42857321761e-7,5.00848898355e-7,3.42565215306e-7,2.69283560783e-7,1.93103431911e-7,1.44260283719e-7,9.16567941545e-8,5.20535259341e-8],"dmean2":[0.0131217939779,0.00349906808697,0.000911381328478,0.000511093065143,0.000233876300626,0.000141805503517,0.0000858607963892,0.0000590130221099,0.0000543612441106,0.0000549096912437,0.0000777233872213,0.0000786898453953,0.0000942925835261,0.0000800224152044,0.0000695137423463,0.0000510220015713,0.0000333441166731,0.0000297631449939,0.000026272080504,0.0000214714673348,0.0000178823429451,0.0000131209726533,0.0000121181774375,0.0000118133775686,0.00000955428640736,0.00000597710959482,0.00000399624332204,0.00000308304743157,0.00000363847721019,0.00000284658995042,0.00000139081623729,0.00000112097370675,7.84958785971e-7,7.57933037221e-7,5.03892181314e-7,3.93030688883e-7,2.77431524864e-7,2.08278535752e-7,1.27859820509e-7,6.81386751467e-8],"dvar":[0.000614901713561,0.0000274452304438,0.00000214549913835,0.00000104589139482,1.72648611851e-7,1.33269338676e-7,3.83590936792e-8,1.41239357987e-8,1.60700306395e-8,1.7228027005e-8,5.10941688958e-8,8.6126306087e-8,1.81599006055e-7,5.40387858905e-8,1.77325834017e-8,9.9791179764e-9,2.71916000827e-9,2.43922526622e-9,2.07379691197e-9,1.36799083172e-9,9.74573532986e-10,5.86009185621e-10,5.30326060844e-10,7.37359451275e-10,4.9321852158e-10,1.79708983805e-10,1.00892086352e-10,4.65380997627e-11,5.48061526717e-11,3.01791786006e-11,9.78997351936e-12,3.6647915605e-12,1.70147099535e-12,1.8679634662e-12,9.34509305876e-13,6.15410120867e-13,2.87107767031e-13,1.56653471662e-13,4.90626148649e-14,1.56315102328e-14],"dvar2":[0.00150147231761,0.000065753069066,0.00000445884961664,0.00000273260138783,3.86925364637e-7,2.77501499113e-7,7.46689536868e-8,2.9830808046e-8,4.21579002818e-8,3.83477605226e-8,1.02594135853e-7,1.40080743449e-7,5.08092796281e-7,1.09491999467e-7,4.28748521131e-8,2.53657326255e-8,5.95663429692e-9,5.7697540079e-9,4.43247039073e-9,2.92527313484e-9,2.18919327111e-9,1.26041110882e-9,1.08369235807e-9,1.59966728752e-9,1.25348087465e-9,3.66199875979e-10,1.9488574643e-10,8.39199126856e-11,1.09049186348e-10,6.73832448173e-11,1.95956549598e-11,7.72013009076e-12,3.78282344685e-12,4.60986717549e-12,2.2071370339e-12,1.44881665259e-12,6.51462933078e-13,3.60300683603e-13,1.04315075458e-13,2.65315859018e-14],"max":[0.346378207207,0.0643994137645,0.0242092274129,0.0194711331278,0.0164378564805,0.0144517747685,0.00730274710804,0.00510126911104,0.00464279437438,0.00426156353205,0.00849848613143,0.0149761047214,0.0164705254138,0.011220660992,0.00409733550623,0.00331853376701,0.00108754553366,0.000846047129016,0.00141945201904,0.00130419782363,0.000747733516619,0.000471617822768,0.000378790078685,0.000770351034589,0.000689319043886,0.000302812171867,0.000292741664452,0.000169685226865,0.000146608334035,0.000109574779344,0.0000671778252581,0.0000321695260936,0.0000218274672079,0.0000172260570253,0.0000148661792991,0.00000930516034714,0.00000669082646709,0.00000532439980816,0.00000306855622512,0.00000240888061853],"mean":[0.0143374288455,0.00282812770456,0.000770241254941,0.000356249744073,0.000193819898413,0.000129675783683,0.0000780325863161,0.0000518918350281,0.0000452043605037,0.0000497142536915,0.0000692441390129,0.0000738723538234,0.0000720422467566,0.0000767399760662,0.0000683718026266,0.0000484060219605,0.0000317415506288,0.0000275966795016,0.0000278108927887,0.0000237739277509,0.0000176881676452,0.0000134254014483,0.0000121973635032,0.0000112278003144,0.00000899105270946,0.00000684824271957,0.00000443122553406,0.00000349132028532,0.0000037212407733,0.00000275978959507,0.00000154333804403,0.00000104337198081,7.86330815572e-7,6.14792497799e-7,4.26315807545e-7,3.30006230342e-7,2.43723007998e-7,1.75452257167e-7,1.21220182336e-7,7.73298083345e-8],"median":[0.000207308781683,0.000184084463399,0.000073070419603,0.0000403542508138,0.0000226241463679,0.000015204459487,0.00000913028270588,0.00000592460946791,0.00000656232714391,0.0000110294349724,0.0000135081445478,0.0000118572233987,0.0000150470305016,0.0000202482351597,0.0000166365880432,0.0000137338574859,0.0000107012383523,0.00000967671621765,0.00000991968136077,0.00000803205330158,0.00000591733123656,0.00000369415738533,0.00000254711790149,0.00000200814770324,0.00000136231415127,9.05329613943e-7,6.36389984265e-7,5.27500333192e-7,5.16981003784e-7,3.88172253452e-7,2.09132039686e-7,1.25364152836e-7,8.80119301883e-8,6.14618826944e-8,3.82949174593e-8,2.50989291573e-8,1.90183566673e-8,1.30728494696e-8,9.30182153525e-9,6.41510133903e-9],"min":[5.34522166112e-12,3.92333041055e-12,2.22912834025e-12,1.21579428383e-12,8.0344774887e-13,4.99402656815e-13,2.5471787765e-13,2.23110009742e-13,1.93481664609e-13,1.37997753957e-13,1.43673254175e-13,1.3010255308e-13,8.35905441545e-14,3.9846439001e-14,3.41928599963e-14,4.14072530604e-14,2.25751526034e-14,1.7777529191e-14,1.33046895509e-14,1.60980678386e-14,1.66618766852e-14,6.2894983072e-15,1.92554187249e-14,1.11278961916e-14,1.30745540872e-14,1.06638923901e-14,9.24337578592e-15,5.35427567761e-15,2.57116385271e-15,2.79178861866e-15,1.02268538825e-14,3.15047869621e-15,4.6480378174e-15,4.16000792638e-15,3.07306094363e-15,4.79316590148e-15,8.76662667969e-15,4.90033462755e-15,5.0083126936e-15,3.67903847849e-15],"var":[0.00104460085277,0.0000386942083423,0.00000342802400155,9.64188075159e-7,3.21249018498e-7,2.57386375324e-7,8.14464158339e-8,2.5072639076e-8,2.64720743104e-8,3.22447313295e-8,9.71071116851e-8,2.09704509757e-7,2.065385587e-7,8.92354421467e-8,3.2840997477e-8,1.35831008663e-8,4.34894920076e-9,3.62892338401e-9,3.95603283465e-9,2.64944222117e-9,1.59030422164e-9,9.79502257081e-10,9.60470925015e-10,1.18247256431e-9,7.02834845878e-10,4.68173833035e-10,2.0632376363e-10,9.78532047058e-11,1.13408574198e-10,5.76125848417e-11,1.98766801629e-11,6.40445205549e-12,3.61339257127e-12,2.32360289863e-12,1.1480405385e-12,7.4237783889e-13,3.75059114625e-13,1.9456108274e-13,7.75732017684e-14,3.57085271996e-14]},"melbands_crest":{"dmean":4.59971904755,"dmean2":7.01831102371,"dvar":19.0493659973,"dvar2":43.978553772,"max":39.7917137146,"mean":20.6375141144,"median":18.4415607452,"min":2.66589140892,"var":114.07988739},"melbands_flatness_db":{"dmean":0.0415651425719,"dmean2":0.0595428533852,"dvar":0.00152689393144,"dvar2":0.00311964214779,"max":0.696632742882,"mean":0.252410113811,"median":0.244581446052,"min":0.0218575838953,"var":0.0108046932146},"melbands_kurtosis":{"dmean":72.555809021,"dmean2":114.421363831,"dvar":87032.3671875,"dvar2":196705.296875,"max":7318.65527344,"mean":94.1586685181,"median":7.72235965729,"min":-1.80471217632,"var":117096.632812},"melbands_skewness":{"dmean":2.03600811958,"dmean2":2.98659873009,"dvar":12.0015182495,"dvar2":26.5954151154,"max":56.9335365295,"mean":4.86909770966,"median":2.77458786964,"min":-1.647818923,"var":40.9209022522},"melbands_spread":{"dmean":10.0412597656,"dmean2":15.6306524277,"dvar":251.630508423,"dvar2":542.446289062,"max":181.323272705,"mean":26.1931686401,"median":13.2354421616,"min":0.0376380048692,"var":1068.62744141},"mfcc":{"cov":[[18330.4316406,2770.59765625,200.958816528,691.228210449,-121.087730408,612.577209473,-226.890487671,295.219787598,-70.532409668,3.16223025322,32.5494995117,-91.7722930908,-14.4753246307],[2770.59765625,2129.27612305,-780.001831055,-331.062835693,261.935302734,24.3823394775,176.535644531,-25.4926109314,15.6981611252,-24.746471405,-3.96561551094,-123.948127747,19.1810512543],[200.958816528,-780.001831055,2378.26464844,828.025756836,153.641998291,283.243499756,-10.9947795868,108.798164368,154.424423218,117.991592407,158.199905396,146.226043701,14.1615457535],[691.228210449,-331.062835693,828.025756836,1020.14984131,-53.5089035034,157.724975586,26.3090934753,36.1289253235,99.9778213501,17.1616611481,37.527053833,52.7985496521,-63.7756881714],[-121.087730408,261.935302734,153.641998291,-53.5089035034,373.002990723,91.4557876587,115.131393433,84.7228393555,71.217666626,80.766708374,67.5659561157,16.2942714691,34.9448165894],[612.577209473,24.3823394775,283.243499756,157.724975586,91.4557876587,191.517456055,35.9900131226,83.0641860962,54.4887123108,24.7673568726,40.3279342651,13.8130130768,11.5311841965],[-226.890487671,176.535644531,-10.9947795868,26.3090934753,115.131393433,35.9900131226,130.689239502,36.8892326355,62.3383560181,22.93475914,19.8337898254,8.99899482727,10.981880188],[295.219787598,-25.4926109314,108.798164368,36.1289253235,84.7228393555,83.0641860962,36.8892326355,122.072952271,60.0623855591,50.6343536377,47.1247406006,16.9239196777,18.4457645416],[-70.532409668,15.6981611252,154.424423218,99.9778213501,71.217666626,54.4887123108,62.3383560181,60.0623855591,101.832603455,48.6331214905,46.58776474,17.8255214691,7.84351968765],[3.16223025322,-24.746471405,117.991592407,17.1616611481,80.766708374,24.7673568726,22.93475914,50.6343536377,48.6331214905,76.0577163696,48.5068969727,26.8036231995,13.347120285],[32.5494995117,-3.96561551094,158.199905396,37.527053833,67.5659561157,40.3279342651,19.8337898254,47.1247406006,46.58776474,48.5068969727,82.4303359985,33.4885787964,21.8002662659],[-91.7722930908,-123.948127747,146.226043701,52.7985496521,16.2942714691,13.8130130768,8.99899482727,16.9239196777,17.8255214691,26.8036231995,33.4885787964,64.6819229126,22.9858627319],[-14.4753246307,19.1810512543,14.1615457535,-63.7756881714,34.9448165894,11.5311841965,10.981880188,18.4457645416,7.84351968765,13.347120285,21.8002662659,22.9858627319,49.2749023438]],"icov":[[0.000133084089612,-0.000302213156829,-0.000025841893148,-0.000122016979731,0.000238699911279,-0.000322807551129,0.000554635596927,-0.000567707582377,0.000359622732503,-0.000272400880931,0.00025343746529,-0.000282984809019,0.0000378293880203],[-0.000302213156829,0.00147176999599,0.000298118597129,0.000273281446425,-0.000944942526985,0.000303706910927,-0.00207711290568,0.00212866463698,-0.000708932522684,0.000730796484277,-0.00135979824699,0.0022276812233,-0.000651204725727],[-0.000025841893148,0.000298118597129,0.000893712625839,-0.000481649301946,-0.000577518949285,-0.000729866616894,0.000658822769765,0.00086301722331,-0.000636934884824,-0.0000845218310133,-0.000614933436736,-0.000483296986204,-0.000271621567663],[-0.000122016979731,0.000273281446425,-0.000481649301946,0.0020978176035,0.000499963352922,-0.00079894537339,-0.00104330549948,0.000871001277119,-0.0016157211503,0.000846015173011,-0.000135738504468,-0.00125640560873,0.00312441424467],[0.000238699911279,-0.000944942526985,-0.000577518949285,0.000499963352922,0.00637593725696,-0.00203775661066,-0.00355035089888,-0.00144106463995,0.00310170534067,-0.00547573808581,-0.000599015154876,0.0011075331131,-0.000725210993551],[-0.000322807551129,0.000303706910927,-0.000729866616894,-0.00079894537339,-0.00203775661066,0.0113320443779,-0.000668409338687,-0.00524770468473,-0.00155985099263,0.0050383717753,-0.00107937480789,0.00139037717599,-0.00141819368582],[0.000554635596927,-0.00207711290568,0.000658822769765,-0.00104330549948,-0.00355035089888,-0.000668409338687,0.0193665903062,-0.00287840911187,-0.00948416814208,0.00378685817122,0.00472080614418,-0.00618805736303,0.000149318540934],[-0.000567707582377,0.00212866463698,0.00086301722331,0.000871001277119,-0.00144106463995,-0.00524770468473,-0.00287840911187,0.0207847245038,-0.00582834286615,-0.00544563820586,-0.00342617672868,0.00369244255126,-0.00280902930535],[0.000359622732503,-0.000708932522684,-0.000636934884824,-0.0016157211503,0.00310170534067,-0.00155985099263,-0.00948416814208,-0.00582834286615,0.027351398021,-0.0104171801358,-0.00524996733293,0.00382505566813,-0.0000593155782553],[-0.000272400880931,0.000730796484277,-0.0000845218310133,0.000846015173011,-0.00547573808581,0.0050383717753,0.00378685817122,-0.00544563820586,-0.0104171801358,0.033350341022,-0.00797855202109,-0.00646071042866,0.0038218232803],[0.00025343746529,-0.00135979824699,-0.000614933436736,-0.000135738504468,-0.000599015154876,-0.00107937480789,0.00472080614418,-0.00342617672868,-0.00524996733293,-0.00797855202109,0.0269385222346,-0.00801396090537,-0.00367029942572],[-0.000282984809019,0.0022276812233,-0.000483296986204,-0.00125640560873,0.0011075331131,0.00139037717599,-0.00618805736303,0.00369244255126,0.00382505566813,-0.00646071042866,-0.00801396090537,0.0313266180456,-0.0134780788794],[0.0000378293880203,-0.000651204725727,-0.000271621567663,0.00312441424467,-0.000725210993551,-0.00141819368582,0.000149318540934,-0.00280902930535,-0.0000593155782553,0.0038218232803,-0.00367029942572,-0.0134780788794,0.0334306284785]],"mean":[-747.784667969,127.502349854,-29.5182571411,26.5704879761,12.517870903,16.1614093781,11.7707662582,8.2086057663,4.2925195694,3.32086133957,-0.132626727223,4.36276197433,2.02103900909]},"pitch_salience":{"dmean":0.0858987793326,"dmean2":0.130176976323,"dvar":0.00785791128874,"dvar2":0.0176903698593,"max":0.851489186287,"mean":0.477264404297,"median":0.556097686291,"min":0.00625506555662,"var":0.0484400466084},"silence_rate_20dB":{"dmean":0.0491071417928,"dmean2":0.0982325598598,"dvar":0.046694919467,"dvar2":0.0922992825508,"max":1,"mean":0.891017317772,"median":1,"min":0,"var":0.0971029028296},"silence_rate_30dB":{"dmean":0.071800597012,"dmean2":0.143627911806,"dvar":0.0666464418173,"dvar2":0.127093181014,"max":1,"mean":0.740003705025,"median":1,"min":0,"var":0.19240680337},"silence_rate_60dB":{"dmean":0.0656622052193,"dmean2":0.131348833442,"dvar":0.0613515898585,"dvar2":0.137171283364,"max":1,"mean":0.253859043121,"median":0,"min":0,"var":0.189417868853},"spectral_centroid":{"dmean":284.631896973,"dmean2":419.208526611,"dvar":124513.320312,"dvar2":229614.5625,"max":4551.70019531,"mean":1685.57446289,"median":1497.65515137,"min":141.363265991,"var":815817.125},"spectral_complexity":{"dmean":4.24125766754,"dmean2":5.60502338409,"dvar":32.6012649536,"dvar2":44.5474052429,"max":64,"mean":13.2008552551,"median":10,"min":0,"var":165.769439697},"spectral_contrast_coeffs":{"dmean":[0.0515600442886,0.0416163951159,0.0334124453366,0.0271323360503,0.0218781866133,0.0346913263202],"dmean2":[0.0820694044232,0.0698932558298,0.0548649169505,0.0442179962993,0.0335978008807,0.0515415370464],"dvar":[0.00217240210623,0.00130289839581,0.000769895734265,0.00051478255773,0.000372204667656,0.00129094673321],"dvar2":[0.00489399349317,0.00349441217259,0.00196351809427,0.00132236105856,0.000812231737655,0.00265568238683],"max":[-0.340149283409,-0.466890186071,-0.484022855759,-0.560704708099,-0.660218119621,-0.444587647915],"mean":[-0.761962413788,-0.840544819832,-0.845889806747,-0.841767430305,-0.83006477356,-0.776257038116],"median":[-0.776491105556,-0.848771452904,-0.850215196609,-0.840234577656,-0.83390301466,-0.795550346375],"min":[-0.972741663456,-0.965185642242,-0.969827234745,-0.986152231693,-0.97461104393,-0.951414108276],"var":[0.00998731888831,0.00390768004581,0.00336810387671,0.00265479739755,0.00292232236825,0.0065378760919]},"spectral_contrast_valleys":{"dmean":[0.541333854198,0.571709275246,0.472455888987,0.42412263155,0.418855160475,0.628087937832],"dmean2":[0.776067793369,0.815484166145,0.66138201952,0.571164011955,0.504036724567,0.856301963329],"dvar":[0.349028527737,0.323489636183,0.284509211779,0.246536299586,0.211222469807,0.36199298501],"dvar2":[0.599910080433,0.617687106133,0.499082893133,0.410785287619,0.33149394393,0.713276863098],"max":[-4.27383470535,-4.43658876419,-4.69898509979,-5.21267843246,-5.20136737823,-8.2920255661],"mean":[-7.90815925598,-7.67086791992,-7.71918439865,-7.82437944412,-8.07336902618,-11.3793001175],"median":[-7.72570085526,-7.50868988037,-7.30676221848,-7.36051511765,-7.92785406113,-11.2459545135],"min":[-14.9336557388,-15.779835701,-16.480266571,-16.9263515472,-16.8653182983,-19.0037975311],"var":[4.0070772171,2.60559487343,2.42365694046,2.31311559677,1.73241317272,2.36431264877]},"spectral_decrease":{"dmean":1.16924372406e-8,"dmean2":1.59301425384e-8,"dvar":7.30733364833e-16,"dvar2":1.51296093302e-15,"max":4.12369089986e-8,"mean":-2.02299137442e-8,"median":-8.3976803289e-10,"min":-3.43133137903e-7,"var":1.72779929927e-15},"spectral_energy":{"dmean":0.0450824834406,"dmean2":0.0587645843625,"dvar":0.00993785448372,"dvar2":0.0199712887406,"max":1.34286797047,"mean":0.102024443448,"median":0.0107503179461,"min":5.74704277223e-11,"var":0.0324370004237},"spectral_energyband_high":{"dmean":0.000368424050976,"dmean2":0.000474953412777,"dvar":5.53288089122e-7,"dvar2":9.85444444268e-7,"max":0.0168334078044,"mean":0.000754923326895,"median":0.000249181699473,"min":3.00989875385e-12,"var":0.00000205574565371},"spectral_energyband_low":{"dmean":0.0340128690004,"dmean2":0.0483266711235,"dvar":0.0075182756409,"dvar2":0.0170709453523,"max":1.22510790825,"mean":0.0620159767568,"median":0.00183380255476,"min":3.01511073053e-11,"var":0.0161962136626},"spectral_energyband_middle_high":{"dmean":0.00196472136304,"dmean2":0.0025696773082,"dvar":0.0000296832913591,"dvar2":0.0000555846454517,"max":0.174735963345,"mean":0.00387559086084,"median":0.00144823791925,"min":3.78865125036e-12,"var":0.0000807004398666},"spectral_energyband_middle_low":{"dmean":0.00313750049099,"dmean2":0.00447038561106,"dvar":0.000047674497182,"dvar2":0.00010125857807,"max":0.0944918692112,"mean":0.00450830673799,"median":0.000776150263846,"min":1.60373797575e-11,"var":0.0000863675813889},"spectral_entropy":{"dmean":0.140076056123,"dmean2":0.212330803275,"dvar":0.0246402770281,"dvar2":0.053429171443,"max":8.65480995178,"mean":7.74780225754,"median":7.78661775589,"min":6.42728614807,"var":0.110923044384},"spectral_flux":{"dmean":0.0476466119289,"dmean2":0.071056842804,"dvar":0.00579528743401,"dvar2":0.0127163883299,"max":0.842285811901,"mean":0.116776183248,"median":0.0721146911383,"min":0.000230637160712,"var":0.0146337803453},"spectral_kurtosis":{"dmean":5.19385242462,"dmean2":7.65075445175,"dvar":54.8184700012,"dvar2":118.194847107,"max":94.2100830078,"mean":21.1394710541,"median":15.1700630188,"min":2.49960565567,"var":332.34588623},"spectral_rms":{"dmean":0.00176725664642,"dmean2":0.00206407159567,"dvar":0.00000744981980461,"dvar2":0.0000114967851914,"max":0.036195512861,"mean":0.00685848249123,"median":0.00323853595182,"min":2.36788324059e-7,"var":0.0000524974093423},"spectral_rolloff":{"dmean":4367.61865234,"dmean2":8273.28515625,"dvar":60451500,"dvar2":114051736,"max":22050,"mean":14748.1640625,"median":20822.6074219,"min":21.533203125,"var":88699072},"spectral_skewness":{"dmean":0.395844131708,"dmean2":0.566924035549,"dvar":0.237077668309,"dvar2":0.468030929565,"max":7.84839773178,"mean":3.03313159943,"median":2.49248337746,"min":1.13924491405,"var":2.03274440765},"spectral_spread":{"dmean":575372.875,"dmean2":853148.125,"dvar":526230323200,"dvar2":1083230126080,"max":16544051,"mean":4482211,"median":4153431.75,"min":1833100.5,"var":2371783753730},"spectral_strongpeak":{"dmean":7.57010602951,"dmean2":14.3978033066,"dvar":636.380371094,"dvar2":1800.08374023,"max":296.342895508,"mean":5.01897144318,"median":0.311295151711,"min":0,"var":387.726104736},"zerocrossingrate":{"dmean":0.064668931067,"dmean2":0.0758475661278,"dvar":0.00341578852385,"dvar2":0.0048299706541,"max":0.99951171875,"mean":0.325155258179,"median":0.33203125,"min":0.0087890625,"var":0.0209228377789}},"metadata":{"audio_properties":{"analysis_sample_rate":44100,"bit_rate":320000,"codec":"mp3","downmix":"mix","equal_loudness":0,"length":124.814125061,"lossless":false,"md5_encoded":"3a9cebc0035baf5fdfd75dadcc72fe0c","replay_gain":1.436170578,"sample_rate":44100},"tags":{"acoustid_id":["cc377504-0607-4519-99c4-139454a9acf6"],"album":["Yo! Bum Rush the Show"],"albumartist":["Public Enemy"],"albumartistsort":["Public Enemy"],"artist":["Public Enemy"],"artistsort":["Public Enemy"],"barcode":["07464406582"],"catalognumber":["CK 40658"],"date":["1987"],"discnumber":["1/1"],"file_name":"12. Public Enemy - Terminator X Speaks With His Hands.mp3","genre":["Hip-Hop"],"label":["Def Jam Recordings"],"media":["CD"],"musicbrainz album release country":["US"],"musicbrainz album status":["official"],"musicbrainz album type":["album"],"musicbrainz_albumartistid":["bf2e15d0-4b77-469e-bfb4-f8414415baca"],"musicbrainz_albumid":["38f354d3-7148-41ae-96d3-8574a9c71287"],"musicbrainz_artistid":["bf2e15d0-4b77-469e-bfb4-f8414415baca"],"musicbrainz_recordingid":["0a3fa163-c42f-4aa0-9855-a5b2be3d1d4d"],"originaldate":["1987"],"script":["Latn"],"title":["Terminator X Speaks With His Hands"],"tracknumber":["12/12"]},"version":{"essentia":"2.1-beta1","essentia_build_sha":"ca57ba49d9b1854bd80e60cf9ccf267278fb7d6b","essentia_git_sha":"v2.1_beta1-28-g21ef5f4-dirty","extractor":"music 1.0"}},"rhythm":{"beats_count":188,"beats_loudness":{"dmean":0.226083829999,"dmean2":0.385857492685,"dvar":0.0508040450513,"dvar2":0.131321534514,"max":1.10263907909,"mean":0.160989865661,"median":0.0608000792563,"min":0.00000714789121048,"var":0.0494966059923},"beats_loudness_band_ratio":{"dmean":[0.344143271446,0.0508814565837,0.0477978549898,0.145294189453,0.11239682883,0.271459698677],"dmean2":[0.530398964882,0.0981242060661,0.0881864577532,0.261254608631,0.196804925799,0.443350791931],"dvar":[0.0510717593133,0.00365421106108,0.00469860853627,0.0153782535344,0.00594261381775,0.0396701358259],"dvar2":[0.14403501153,0.01055382099,0.0