{"lowlevel":{"average_loudness":0.974281489849,"barkbands":{"dmean":[0.000302987697069,0.00906180590391,0.0037059194874,0.00262934830971,0.00360160600394,0.00102589814924,0.000684066326357,0.000997344381176,0.000838620471768,0.00106679834425,0.000666278705467,0.000640023732558,0.000565493188333,0.000577769067604,0.000348522124114,0.00039919099072,0.000324534630636,0.000213544481085,0.000178558533662,0.000174781904207,0.000162372278282,0.000158848095452,0.000127593957586,0.000166165758856,0.000099590200989,0.0000634543321212,0.00000687788360665],"dmean2":[0.00052181025967,0.0150873996317,0.00669196201488,0.00473412545398,0.0061950981617,0.0016265893355,0.00111738825217,0.00157451140694,0.00134248228278,0.00166902004275,0.00105859758332,0.0010115376208,0.000884006207343,0.00089889758965,0.000555830192752,0.000648220884614,0.000510907324497,0.000343192863511,0.000291869480861,0.000275708909612,0.00025095208548,0.000238351116423,0.000184157805052,0.000221543741645,0.000135543145007,0.0000893951873877,0.0000103647707874],"dvar":[6.09470419022e-7,0.000569704221562,0.0000852681769175,0.0000242417154368,0.0000492864674015,0.00000443410590378,0.00000204809703064,0.00000305288040181,0.00000174372632955,0.00000224659493142,0.0000019887856979,0.00000178490165581,0.00000127468263145,0.00000157967872383,4.15342327642e-7,4.91593539209e-7,3.50852673137e-7,1.39520722087e-7,7.12874381747e-8,7.52979403273e-8,6.20700006948e-8,7.50883017986e-8,8.24108070674e-8,2.64452779675e-7,1.23670901075e-7,3.86818079789e-8,4.36035291207e-10],"dvar2":[0.00000161175819358,0.00142616010271,0.000243529866566,0.0000681223682477,0.000133408670081,0.0000114017866508,0.00000511078405907,0.00000728102395442,0.00000455629106,0.00000550441063751,0.0000048550145948,0.00000427210079579,0.00000288147384708,0.00000383576843888,9.87476710179e-7,0.00000122739152175,8.00545649327e-7,3.41266343185e-7,1.71953161043e-7,1.75101277478e-7,1.35069157636e-7,1.64847548945e-7,1.6776075995e-7,4.11923622323e-7,2.02059908361e-7,7.64397327657e-8,9.5419883106e-10],"max":[0.00725391414016,0.192115753889,0.0884908139706,0.0511964634061,0.0764317587018,0.0620246939361,0.0397841371596,0.0286840517074,0.0218603797257,0.0268442668021,0.0520652942359,0.0324579626322,0.021185465157,0.0473313443363,0.0121202720329,0.0192853938788,0.0114191882312,0.00842211861163,0.00631517032161,0.00625293841586,0.00491764536127,0.0062126647681,0.00903459452093,0.0102350180969,0.00628654565662,0.00570019474253,0.00057425320847],"mean":[0.000274031044682,0.00920368358493,0.00464170565829,0.00278150779195,0.0047546508722,0.00194869190454,0.00113648618571,0.00169886171352,0.00152171053924,0.0020614489913,0.00122081954032,0.00108944252133,0.000920416787267,0.000947937194724,0.000636835640762,0.000748968042899,0.000644894840661,0.000449450686574,0.000390696601244,0.000371567060938,0.000378759519663,0.000341000646586,0.00027863640571,0.000328154972522,0.000175191002199,0.0000868105926202,0.00000814975919639],"median":[0.0000513043341925,0.00313564576209,0.00280818296596,0.00159035087563,0.00277803651989,0.00112737447489,0.000658723758534,0.000954322691541,0.000977315707132,0.00134653563146,0.000615845783614,0.000414783309679,0.000384132319596,0.000402123841923,0.000374218099751,0.000534802908078,0.000363411323633,0.000295248348266,0.000324167544022,0.000266485032625,0.000249368080404,0.000213711799006,0.000146194419358,0.0000857207778608,0.0000339729122061,0.0000132638760988,0.00000122740573261],"min":[7.46957686787e-23,3.98264285055e-23,1.74223796336e-23,3.51689495449e-24,2.22806647154e-23,2.79746895506e-23,4.4814885103e-23,5.47036036488e-23,6.46178686661e-23,6.29651798261e-23,2.85290978393e-23,5.28275851311e-23,8.96804592524e-23,5.55408879918e-23,1.76710850734e-22,1.9306557813e-22,1.1614779023e-22,2.91044917214e-22,4.76840391107e-22,2.56582802818e-22,3.90591489414e-22,6.45798746005e-22,5.96821313273e-22,1.03720966626e-21,1.41328715001e-21,1.65358402672e-21,2.54359128881e-21],"var":[4.92837671118e-7,0.000464682874735,0.0000565325899515,0.0000175653585757,0.0000451745290775,0.00000680012180965,0.00000286213889922,0.00000570384463572,0.00000316655336974,0.00000490914908369,0.00000360080616701,0.00000397951453124,0.00000280423068943,0.0000026597804208,8.14586996967e-7,8.26638654416e-7,9.53003677751e-7,2.87429628543e-7,1.30667643816e-7,1.66391316725e-7,1.97516811795e-7,1.67734711454e-7,2.19183675654e-7,8.65170818543e-7,3.43330697206e-7,8.37829716716e-8,7.3026429348e-10]},"barkbands_crest":{"dmean":2.63952660561,"dmean2":4.28311014175,"dvar":9.07021427155,"dvar2":21.0555953979,"max":26.8288612366,"mean":8.22218894958,"median":6.90756034851,"min":2.42279839516,"var":20.0260372162},"barkbands_flatness_db":{"dmean":0.0191569216549,"dmean2":0.03039053455,"dvar":0.000468211161206,"dvar2":0.00114177784417,"max":0.437256991863,"mean":0.1032191962,"median":0.0911026448011,"min":0.0292372517288,"var":0.0027334257029},"barkbands_kurtosis":{"dmean":4.37252902985,"dmean2":7.21054172516,"dvar":525.112060547,"dvar2":1212.11328125,"max":1218.13916016,"mean":11.5586032867,"median":0.46295773983,"min":-1.92300450802,"var":5778.55712891},"barkbands_skewness":{"dmean":0.589141070843,"dmean2":0.916623473167,"dvar":0.766685247421,"dvar2":1.67577826977,"max":10.3430519104,"mean":0.753493607044,"median":0.952384293079,"min":-31.8330345154,"var":9.66851806641},"barkbands_spread":{"dmean":6.05217313766,"dmean2":9.27652359009,"dvar":58.4766235352,"dvar2":107.178253174,"max":116.262321472,"mean":27.4559307098,"median":25.4846477509,"min":0.237700760365,"var":238.34197998},"dissonance":{"dmean":0.0160348340869,"dmean2":0.0271219518036,"dvar":0.000281517452095,"dvar2":0.000761975650676,"max":0.500000059605,"mean":0.470100045204,"median":0.476392924786,"min":0.254915326834,"var":0.000675203278661},"dynamic_complexity":2.94053506851,"erbbands":{"dmean":[0.290212959051,1.98364961147,4.22560119629,5.7646112442,16.0064105988,8.11219882965,8.21338367462,8.28115177155,9.94471168518,15.2112264633,19.020816803,20.4192485809,30.5006637573,25.3795318604,27.2259845734,28.0007362366,24.9085006714,28.6061382294,17.8253154755,18.9767360687,17.7109832764,13.9747991562,11.9346103668,10.7543621063,6.91237926483,8.41662120819,7.52049398422,5.94975996017,6.34460687637,3.83608746529,3.67032909393,3.91527032852,2.54639387131,1.33494353294,0.601263999939,0.392833769321,0.083203651011,0.0142523637041,0.00106073252391,0.0000646276821499],"dmean2":[0.498636454344,3.30313158035,7.56420660019,10.2798910141,28.4160289764,13.6905660629,13.1156721115,13.3100528717,15.8734407425,24.6076068878,29.923997879,32.6518096924,47.6874160767,40.3124160767,43.2932434082,43.9130363464,38.9542808533,44.0344543457,28.1647796631,30.170042038,28.4729232788,21.847946167,19.1362380981,17.5639228821,10.9573316574,13.3547821045,11.4889993668,9.2775554657,9.68192481995,5.69617509842,5.31821727753,5.39329719543,3.40838336945,1.83878338337,0.838094055653,0.556208312511,0.118091315031,0.0201332569122,0.00157743319869,0.0000975830989773],"dvar":[0.625296533108,27.3489131927,119.499305725,105.935157776,1221.24694824,222.785079956,268.369750977,356.869445801,458.548736572,819.493896484,1317.5144043,1057.95458984,1947.0279541,2320.60131836,3329.98144531,3557.33666992,2551.6730957,2922.15356445,1933.95910645,1676.47241211,876.290222168,670.15625,471.754089355,210.629989624,157.27911377,180.364318848,156.196655273,77.0213623047,125.515533447,49.1069831848,77.3306808472,122.976501465,75.3751831055,24.5688934326,4.5329079628,1.76063919067,0.0485571958125,0.00192409416195,0.00000991142223938,5.57813280011e-8],"dvar2":[1.61514806747,69.4116821289,336.305847168,298.351898193,3428.89599609,584.723815918,669.037475586,941.064819336,1117.11218262,2057.70239258,3124.89086914,2745.90869141,4822.97753906,5563.89208984,8102.24267578,8437.0078125,5841.83251953,6832.5859375,4947.48193359,3865.88647461,2128.25683594,1518.31384277,1179.32592773,534.973388672,353.900665283,427.518463135,328.4581604,180.826812744,285.263183594,106.344985962,153.945114136,208.079193115,125.136161804,40.852481842,8.29059410095,3.4814760685,0.0949070155621,0.00358160049655,0.0000224944451475,1.28241325115e-7],"max":[5.87371635437,42.9045257568,98.0568695068,107.355194092,328.384399414,195.490097046,486.384033203,537.98236084,483.471832275,547.508422852,790.019348145,645.675231934,733.982543945,1101.44091797,2215.4362793,1329.04711914,1055.10693359,1543.22753906,2170.57568359,1046.57653809,574.548217773,662.244628906,509.910644531,346.970794678,323.195220947,415.79107666,294.537109375,171.832015991,266.356018066,174.648376465,246.241897583,236.081161499,178.65473938,111.708564758,40.5744476318,38.0367546082,5.40831756592,1.69932246208,0.0986732617021,0.00831708777696],"mean":[0.262122511864,2.08209896088,5.24111318588,7.50971364975,16.7203559875,11.765917778,14.6850128174,15.1081113815,18.299949646,25.6437644958,33.4016532898,39.3042793274,59.4966812134,49.6425971985,53.021938324,52.0599327087,44.6111488342,51.0592956543,34.5607185364,39.4667854309,38.4692115784,31.4989757538,26.595664978,24.3072929382,15.5405349731,18.0205421448,16.7434387207,13.9332799911,13.1830730438,8.54065895081,8.03616142273,7.8092918396,4.71685647964,2.38764476776,0.98769146204,0.54901355505,0.111756369472,0.0191585198045,0.00126574584283,0.000103619153379],"median":[0.0665950924158,0.771556019783,2.89735412598,5.24794197083,7.94853639603,6.95513153076,7.62799978256,8.50882720947,10.2293338776,15.9546947479,18.2549495697,25.9912834167,39.0497398376,27.0251483917,28.9010810852,21.1498413086,20.6567115784,22.7417964935,20.6824493408,25.6332130432,26.635848999,18.8249378204,18.2840576172,19.6194877625,12.3627958298,13.2087078094,10.7896213531,9.4710559845,8.28621864319,5.27694511414,3.98347854614,2.49989891052,1.00972175598,0.432917535305,0.208578228951,0.0782940387726,0.020407313481,0.00266847526655,0.000224618561333,0.0000531865989615],"min":[1.20737319868e-21,9.3357833443e-21,1.61711483309e-20,2.14609198805e-20,5.83814964428e-20,6.18032259819e-20,1.09075344294e-19,3.100650337e-19,6.05085461516e-19,8.61068185997e-19,1.10687157416e-18,1.24225301969e-18,2.27485938788e-18,1.98236480776e-18,1.77266542349e-18,2.14844323602e-18,3.51113644124e-18,2.41639557416e-18,6.18220893188e-18,1.32544666844e-17,7.2831772282e-18,7.74444870653e-18,1.48697427984e-17,1.67314566964e-17,2.4428380568e-17,1.35271211307e-17,1.36501303324e-17,1.80534766037e-17,2.4692565512e-17,2.00848551715e-17,1.73062016383e-17,1.46339500017e-17,2.23202313675e-17,1.41209722905e-17,1.12199009897e-17,5.21001115024e-18,2.9329314028e-18,1.34758444114e-18,3.0457397615e-19,4.32972440498e-20],"var":[0.480030208826,21.8483104706,80.6944274902,79.892074585,918.230285645,242.138381958,472.220550537,490.659118652,739.636962891,1321.7923584,2354.66381836,2002.28063965,4422.28466797,4622.57763672,6274.72949219,8440.70214844,5775.93359375,6299.20166016,2771.49389648,3104.91333008,2244.13793945,1974.32373047,946.188598633,466.962768555,271.333129883,378.245880127,473.140899658,209.256652832,266.248291016,114.887825012,206.373565674,390.645935059,218.509628296,67.5933761597,10.5582056046,3.69593811035,0.114399060607,0.00503389211372,0.0000148658746184,6.52549374536e-8]},"erbbands_crest":{"dmean":2.41210794449,"dmean2":3.86372661591,"dvar":5.47992801666,"dvar2":13.0584049225,"max":29.0157985687,"mean":8.22939300537,"median":7.13179016113,"min":2.37369990349,"var":16.166021347},"erbbands_flatness_db":{"dmean":0.0154552590102,"dmean2":0.0216772966087,"dvar":0.000234999883105,"dvar2":0.000431742577348,"max":0.348156541586,"mean":0.13623124361,"median":0.133883416653,"min":0.0385781265795,"var":0.0012575344881},"erbbands_kurtosis":{"dmean":0.647349953651,"dmean2":0.99385535717,"dvar":0.705653071404,"dvar2":1.53825747967,"max":24.6427574158,"mean":0.262224495411,"median":-0.211184382439,"min":-1.75783872604,"var":2.59154772758},"erbbands_skewness":{"dmean":0.270552366972,"dmean2":0.413394242525,"dvar":0.0566606111825,"dvar2":0.128754362464,"max":3.73629903793,"mean":0.198418110609,"median":0.205750614405,"min":-2.80301570892,"var":0.288919597864},"erbbands_spread":{"dmean":8.09888935089,"dmean2":12.167309761,"dvar":78.2276916504,"dvar2":162.302230835,"max":146.673019409,"mean":39.5153160095,"median":36.6483078003,"min":3.06440067291,"var":315.483551025},"gfcc":{"cov":[[23964.8554688,2729.47045898,-1444.20532227,1335.72509766,-1171.5411377,607.78894043,-989.218505859,275.94430542,-595.52911377,228.998199463,-436.128112793,130.65057373,-302.523040771],[2729.47045898,1296.78820801,-487.673828125,119.878829956,-86.8736038208,8.75980472565,-0.318982839584,-3.55347919464,20.7149105072,-34.4893341064,0.92571491003,0.194239541888,1.53631579876],[-1444.20532227,-487.673828125,664.808288574,-32.9347877502,168.906188965,36.7041702271,51.8338546753,51.8588104248,0.721810817719,33.4889907837,20.6231765747,24.149646759,18.2662773132],[1335.72509766,119.878829956,-32.9347877502,319.307098389,-28.7801399231,48.0277481079,-45.3261756897,9.11339569092,11.5913257599,27.9618797302,-9.20695400238,1.34827244282,10.0690507889],[-1171.5411377,-86.8736038208,168.906188965,-28.7801399231,261.454620361,30.0231647491,116.131744385,22.6127853394,46.2796134949,17.7025489807,51.0849990845,12.7837486267,14.6743907928],[607.78894043,8.75980472565,36.7041702271,48.0277481079,30.0231647491,167.795806885,46.4771575928,46.1294326782,-27.1649131775,18.9335155487,17.7377052307,5.95108222961,-14.8139266968],[-989.218505859,-0.318982839584,51.8338546753,-45.3261756897,116.131744385,46.4771575928,211.281066895,19.2186717987,30.144701004,-10.9882392883,34.4466285706,-3.73906111717,2.06275343895],[275.94430542,-3.55347919464,51.8588104248,9.11339569092,22.6127853394,46.1294326782,19.2186717987,109.739746094,26.3022613525,17.5234184265,-0.649827301502,7.46743059158,8.04901504517],[-595.52911377,20.7149105072,0.721810817719,11.5913257599,46.2796134949,-27.1649131775,30.144701004,26.3022613525,120.729095459,13.8895072937,21.5563907623,-9.18379116058,26.1431827545],[228.998199463,-34.4893341064,33.4889907837,27.9618797302,17.7025489807,18.9335155487,-10.9882392883,17.5234184265,13.8895072937,77.1083374023,24.843120575,5.13406467438,-12.67877388],[-436.128112793,0.92571491003,20.6231765747,-9.20695400238,51.0849990845,17.7377052307,34.4466285706,-0.649827301502,21.5563907623,24.843120575,87.5058288574,16.1435203552,7.75234985352],[130.65057373,0.194239541888,24.149646759,1.34827244282,12.7837486267,5.95108222961,-3.73906111717,7.46743059158,-9.18379116058,5.13406467438,16.1435203552,58.8959121704,18.9809474945],[-302.523040771,1.53631579876,18.2662773132,10.0690507889,14.6743907928,-14.8139266968,2.06275343895,8.04901504517,26.1431827545,-12.67877388,7.75234985352,18.9809474945,63.957244873]],"icov":[[0.000301688880427,-0.00050074106548,0.000196354041691,-0.000711819739081,0.000456049834611,-0.000747850222979,0.000825300579891,-0.000807553296909,0.000906557950657,-0.000857797742356,0.00106042250991,-0.000968389562331,0.00091043068096],[-0.00050074106548,0.00197505531833,0.000548260926735,0.00077550165588,-0.000857529754285,0.00123405503109,-0.0015181065537,0.00100362219382,-0.00158586900216,0.00190507876687,-0.0019703861326,0.00127882242668,-0.00140421045944],[0.000196354041691,0.000548260926735,0.00274774385616,-0.000581496336963,-0.00115225207992,-0.000466675614007,0.000584493624046,-0.00147397082765,0.00129638123326,-0.000991541775875,0.000936445838306,-0.000998106785119,0.00000155299767357],[-0.000711819739081,0.00077550165588,-0.000581496336963,0.00560388341546,-0.000870113144629,-0.0000525636532984,-0.000980129349045,0.00274639739655,-0.00307225412689,0.000407417013776,-0.00141040340532,0.0024539520964,-0.00344905350357],[0.000456049834611,-0.000857529754285,-0.00115225207992,-0.000870113144629,0.00738081382588,-0.00144249701407,-0.00154043873772,-0.000757597677875,-0.000318643200444,-0.0019003667403,-0.0000286029917334,-0.00223109940998,0.00118040118832],[-0.000747850222979,0.00123405503109,-0.000466675614007,-0.0000525636532984,-0.00144249701407,0.0112792346627,-0.0042344359681,-0.00237432378344,0.00183363340329,0.00136953406036,-0.00471213599667,0.00276023824699,-0.000772639119532],[0.000825300579891,-0.0015181065537,0.000584493624046,-0.000980129349045,-0.00154043873772,-0.0042344359681,0.00980505626649,-0.00233900779858,0.000994853442535,0.000289277784759,0.0014638582943,-0.00168059952557,0.00325037329458],[-0.000807553296909,0.00100362219382,-0.00147397082765,0.00274639739655,-0.000757597677875,-0.00237432378344,-0.00233900779858,0.0150122437626,-0.00655229855329,-0.0000892721000127,0.000383098376915,0.000739649462048,-0.0036506082397],[0.000906557950657,-0.00158586900216,0.00129638123326,-0.00307225412689,-0.000318643200444,0.00183363340329,0.000994853442535,-0.00655229855329,0.0162380132824,-0.00529391271994,0.000651877664495,0.00197018496692,-0.00262067117728],[-0.000857797742356,0.00190507876687,-0.000991541775875,0.000407417013776,-0.0019003667403,0.00136953406036,0.000289277784759,-0.0000892721000127,-0.00529391271994,0.0210955496877,-0.00852030515671,0.000994155998342,0.00395457353443],[0.00106042250991,-0.0019703861326,0.000936445838306,-0.00141040340532,-0.0000286029917334,-0.00471213599667,0.0014638582943,0.000383098376915,0.000651877664495,-0.00852030515671,0.0202425215393,-0.00739840045571,0.00162404030561],[-0.000968389562331,0.00127882242668,-0.000998106785119,0.0024539520964,-0.00223109940998,0.00276023824699,-0.00168059952557,0.000739649462048,0.00197018496692,0.000994155998342,-0.00739840045571,0.0252078361809,-0.0107927527279],[0.00091043068096,-0.00140421045944,0.00000155299767357,-0.00344905350357,0.00118040118832,-0.000772639119532,0.00325037329458,-0.0036506082397,-0.00262067117728,0.00395457353443,0.00162404030561,-0.0107927527279,0.0252842959017]],"mean":[29.9751472473,81.4951171875,-118.164245605,31.9847278595,-58.2647323608,19.3812713623,-30.5186901093,8.05882358551,-21.2564792633,-2.38507318497,-20.9100017548,-0.570724785328,-12.3829965591]},"hfc":{"dmean":8.55072212219,"dmean2":12.0168571472,"dvar":140.433639526,"dvar2":253.665145874,"max":196.390975952,"mean":32.8941497803,"median":29.2215309143,"min":1.25074407004e-16,"var":566.52154541},"melbands":{"dmean":[0.00256661046296,0.0022547794506,0.0013506464893,0.000888530805241,0.000285748043098,0.000189333746675,0.000147336759255,0.000181082359632,0.000157138696522,0.000123552526929,0.000154094450409,0.000107104780909,0.0000924997584661,0.0000734613058739,0.0000676215277053,0.0000508551493112,0.000060116777604,0.0000321176994476,0.0000257900901488,0.000033593205444,0.0000207760112971,0.0000165876263054,0.0000164826797118,0.00000957265274337,0.00000993932735582,0.00000588985358263,0.00000541493864148,0.00000608541449765,0.00000531327304998,0.00000442033979198,0.00000364481797988,0.00000402220985052,0.00000299626003653,0.00000216443640966,0.0000021839814508,0.00000255064583143,0.00000250803827839,0.0000018261397372,0.00000177120216449,9.70710289039e-7],"dmean2":[0.00431290781125,0.00384400063194,0.00242060818709,0.0015461317962,0.000460665207356,0.000302374915918,0.000236098756432,0.000291197589831,0.000247865857091,0.000197649729671,0.000240875902819,0.000170432336745,0.000147313447087,0.000116199407785,0.00010579903028,0.0000790993653936,0.0000929683665163,0.0000508052035002,0.0000407496881962,0.000054541942518,0.0000331550327246,0.0000259234748228,0.0000267186096607,0.0000153625369421,0.0000164450757438,0.00000963177626545,0.00000857535633259,0.00000976482442638,0.00000826659288578,0.00000695089147484,0.0000057722809288,0.00000624774475,0.00000457972555523,0.00000329704971591,0.00000325945234181,0.00000367609209206,0.00000350802361027,0.00000247644993578,0.00000251093797488,0.00000136546680096],"dvar":[0.0000470419799967,0.0000328253190673,0.00000623596815785,0.00000335276035912,2.75030004104e-7,1.68824854541e-7,9.74083036454e-8,1.11328638752e-7,8.54708019915e-8,3.74877053844e-8,4.95163590131e-8,4.21623660429e-8,4.11442364623e-8,1.94166283052e-8,1.93828757489e-8,1.10096651795e-8,1.34454891665e-8,8.61691429321e-9,2.46582820829e-9,3.70507113878e-9,1.55332935403e-9,1.10410169896e-9,8.09300626514e-10,2.93384594396e-10,1.75945050196e-10,1.14435710907e-10,9.643390253e-11,1.00495362032e-10,8.40647759737e-11,5.01709819523e-11,3.11694593746e-11,4.91959806226e-11,2.91067864255e-11,1.79581696735e-11,2.80318337986e-11,4.23781738867e-11,5.71238611968e-11,3.81955786444e-11,4.50682061115e-11,1.33822111378e-11],"dvar2":[0.000118857387861,0.0000873044118634,0.0000174457290996,0.00000915293003345,6.96362917552e-7,4.40574837057e-7,2.37059211372e-7,2.74574887271e-7,2.02763743573e-7,9.6858478571e-8,1.2328224841e-7,1.01500823746e-7,1.00985225515e-7,4.55774049613e-8,4.55723494497e-8,2.45145628242e-8,3.17837027808e-8,2.20749125646e-8,5.64999380614e-9,8.99195029547e-9,3.68810448848e-9,2.47159492872e-9,1.97084881748e-9,7.37597316558e-10,4.55303211799e-10,2.6548555021e-10,2.21934692846e-10,2.35254149494e-10,1.8134189983e-10,1.10565265277e-10,7.56033152749e-11,1.13969500504e-10,6.6590982728e-11,4.1149875174e-11,6.05732894399e-11,8.08068473246e-11,1.01056128743e-10,6.73743907886e-11,8.10785050209e-11,2.30359290671e-11],"max":[0.054326839745,0.0480426177382,0.0242859870195,0.0197262912989,0.0140017746016,0.0117552308366,0.00810600351542,0.00634522316977,0.00614392617717,0.00405786046758,0.00367357465439,0.00418630056083,0.00776889268309,0.00323305511847,0.00297955446877,0.00213867961429,0.0035213814117,0.00491782091558,0.000979500822723,0.00188611843623,0.000905297056306,0.000750241568312,0.000589075207245,0.000444052915554,0.000293167249765,0.000321262457874,0.000263280322542,0.00039182099863,0.000229113808018,0.000200129259611,0.000119315736811,0.000171666863025,0.000103126680187,0.000132178523927,0.000173090564203,0.000125000879052,0.000155063928105,0.000135136317112,0.000165221150382,0.0000740379764466],"mean":[0.00247407471761,0.00279938848689,0.00164172926452,0.00106790382415,0.000506906362716,0.000352465285687,0.000266407296294,0.000306745700072,0.000276971928542,0.000234928491409,0.000292532640742,0.0001966394193,0.000169465231011,0.000137091003126,0.000118336203741,0.0000825749812066,0.000100409255538,0.0000556364902877,0.0000472760548291,0.000061971732066,0.0000420701799158,0.0000329224931193,0.000031779800338,0.0000194382992049,0.0000202965766221,0.0000117668960229,0.0000107296518763,0.0000120995900943,0.0000105955186882,0.00000936491596804,0.00000768915288063,0.00000779215770308,0.00000591833259023,0.0000044136750148,0.00000448895343652,0.00000500737587572,0.00000465832363261,0.00000321990137309,0.0000030197347769,0.00000165556139109],"median":[0.000756532012019,0.00145273737144,0.00105931726284,0.000579159590416,0.000283422064967,0.000201200251468,0.000149504470755,0.0001857150055,0.000158323528012,0.000154902867507,0.000187882338651,0.0000986988306977,0.000085260871856,0.0000652141025057,0.0000491758910357,0.0000333920070261,0.0000418566996814,0.0000288973569695,0.0000280035528704,0.0000440149306087,0.0000254095684795,0.000017158294213,0.0000199406913453,0.0000127623497974,0.0000158896400535,0.00000914168776944,0.00000755339988245,0.00000843277484819,0.00000648905370326,0.00000585163252254,0.00000510899553774,0.00000476183231513,0.00000350905702362,0.00000262363437287,0.00000230919886235,0.00000198717862077,0.00000129501165702,6.8755571192e-7,4.8167589739e-7,3.11913993301e-7],"min":[1.46698656528e-23,1.06451091472e-23,4.40815749939e-24,5.55630155402e-24,3.02875808153e-24,6.47373810932e-24,8.88989284427e-24,1.02928985303e-23,7.66390754538e-24,9.14189998247e-24,1.11739820085e-23,7.70688942067e-24,5.14188215493e-24,4.93194970197e-24,1.03122958311e-23,5.44423755154e-24,4.5369524528e-24,8.63355091539e-24,1.44459459071e-23,1.86877772122e-23,6.19367986619e-24,7.41092537511e-24,1.04833555852e-23,1.50731013708e-23,1.21360483695e-23,2.1483433996e-23,9.31544780389e-24,9.01017914396e-24,8.57136737682e-24,9.54026290669e-24,9.58633632786e-24,1.43120178358e-23,1.13429197268e-23,1.07271727695e-23,8.93978040791e-24,1.09663530294e-23,8.09813366408e-24,1.7022510774e-23,1.32362971287e-23,1.10591325382e-23],"var":[0.0000377060641767,0.0000247856114584,0.00000460671617475,0.00000283823510472,4.65221518198e-7,2.4562177714e-7,1.57038655857e-7,1.95165782202e-7,1.5003415399e-7,7.14275643077e-8,1.11014664128e-7,8.35795361809e-8,7.31016527311e-8,4.50855957013e-8,4.208400739e-8,2.23470166816e-8,2.70487987564e-8,1.09071969234e-8,4.7501163003e-9,5.92675819533e-9,4.04378175389e-9,2.92226909338e-9,1.80140935502e-9,5.19539078425e-10,3.60049851045e-10,1.77283507319e-10,1.74418660071e-10,2.10603146034e-10,2.21057228078e-10,1.53128509872e-10,7.08060693411e-11,9.77191313978e-11,5.84662665504e-11,3.69757419127e-11,6.37599487097e-11,1.19261656106e-10,1.68597691363e-10,1.04031568082e-10,1.13177904548e-10,3.43628875354e-11]},"melbands_crest":{"dmean":3.25019192696,"dmean2":5.23463964462,"dvar":11.4324369431,"dvar2":26.3440380096,"max":29.3391456604,"mean":11.7828502655,"median":10.7348937988,"min":1.00425362587,"var":23.626543045},"melbands_flatness_db":{"dmean":0.025651589036,"dmean2":0.0399958901107,"dvar":0.000904568645637,"dvar2":0.00208720122464,"max":0.441185325384,"mean":0.158272758126,"median":0.150815397501,"min":3.53775760686e-7,"var":0.0030610661488},"melbands_kurtosis":{"dmean":6.51572799683,"dmean2":10.8267335892,"dvar":219.437316895,"dvar2":563.72644043,"max":350.312957764,"mean":8.3884344101,"median":4.42351818085,"min":-1.56367456913,"var":210.212036133},"melbands_skewness":{"dmean":0.770817756653,"dmean2":1.21218049526,"dvar":1.0398170948,"dvar2":2.38661026955,"max":14.4186267853,"mean":2.18442749977,"median":1.9322681427,"min":-1.11499607563,"var":1.91608691216},"melbands_spread":{"dmean":8.2341299057,"dmean2":12.6025419235,"dvar":94.9768981934,"dvar2":196.155731201,"max":210.096939087,"mean":31.5234489441,"median":28.103477478,"min":0.855099439621,"var":433.691589355},"mfcc":{"cov":[[9615.21679688,707.21105957,94.0866012573,489.374298096,146.446670532,306.988433838,3.43790459633,82.3603515625,-84.8585128784,130.813583374,4.84283924103,-15.547662735,-120.269264221],[707.21105957,923.65057373,-174.170928955,43.9143371582,-22.6349201202,41.6060218811,25.7547092438,84.1792755127,28.1806354523,-3.42463159561,17.4990558624,33.6922073364,33.0027694702],[94.0866012573,-174.170928955,360.46673584,24.0994739532,69.4113540649,-3.9572019577,30.3324451447,-9.21612262726,16.2998256683,11.5914983749,-17.4063663483,-9.76805973053,10.2726135254],[489.374298096,43.9143371582,24.0994739532,216.046585083,42.9888801575,45.7764511108,-24.2942943573,3.80263352394,12.5565891266,20.1308746338,-1.76823592186,2.92186713219,-1.75411105156],[146.446670532,-22.6349201202,69.4113540649,42.9888801575,155.28012085,12.6669139862,8.07437515259,-0.203809514642,11.8564186096,24.0723667145,5.30726909637,14.482052803,2.37179350853],[306.988433838,41.6060218811,-3.9572019577,45.7764511108,12.6669139862,127.41506958,63.0133171082,25.6433544159,-12.1272621155,18.490480423,23.2397480011,4.2503490448,-3.69521403313],[3.43790459633,25.7547092438,30.3324451447,-24.2942943573,8.07437515259,63.0133171082,163.103866577,57.7317276001,-1.0773845911,20.8612823486,25.1311168671,-1.35433030128,18.0183868408],[82.3603515625,84.1792755127,-9.21612262726,3.80263352394,-0.203809514642,25.6433544159,57.7317276001,101.326454163,42.8526344299,11.1135654449,5.35178518295,7.0724234581,15.635802269],[-84.8585128784,28.1806354523,16.2998256683,12.5565891266,11.8564186096,-12.1272621155,-1.0773845911,42.8526344299,100.118247986,22.1106967926,-7.20349740982,5.37486982346,9.38424110413],[130.813583374,-3.42463159561,11.5914983749,20.1308746338,24.0723667145,18.490480423,20.8612823486,11.1135654449,22.1106967926,88.7150802612,36.9507446289,2.48811984062,-4.42290353775],[4.84283924103,17.4990558624,-17.4063663483,-1.76823592186,5.30726909637,23.2397480011,25.1311168671,5.35178518295,-7.20349740982,36.9507446289,68.2825164795,18.1112632751,0.707779169083],[-15.547662735,33.6922073364,-9.76805973053,2.92186713219,14.482052803,4.2503490448,-1.35433030128,7.0724234581,5.37486982346,2.48811984062,18.1112632751,63.4882698059,20.850069046],[-120.269264221,33.0027694702,10.2726135254,-1.75411105156,2.37179350853,-3.69521403313,18.0183868408,15.635802269,9.38424110413,-4.42290353775,0.707779169083,20.850069046,55.4840545654]],"icov":[[0.000143576296978,-0.00012013844389,-0.0000987917228485,-0.0002106949687,-0.0000310916657327,-0.00021277180349,0.000117241193948,-0.000191212762729,0.000300863350276,-0.000252456229646,0.00021493017266,-0.0000508657176397,0.000342643004842],[-0.00012013844389,0.00144316826481,0.000714530295227,-0.000124938742374,0.0000408683044952,-0.00000646777516522,-0.0000193416908587,-0.000770254875533,-0.000309990689857,0.000430461397627,-0.000313791999361,-0.00022184647969,-0.000859796709847],[-0.0000987917228485,0.000714530295227,0.00369129818864,-0.00030179542955,-0.00133420410566,0.000535399885848,-0.00131853006314,0.000914253934752,-0.00088706886163,-0.0000106102143036,0.000880705600139,0.000509887409862,-0.00112254195847],[-0.0002106949687,-0.000124938742374,-0.00030179542955,0.00640709418803,-0.00120638590306,-0.00291295116767,0.00240755290724,-0.00012260657968,-0.000708363251761,-0.000880382722244,0.000623938685749,0.000506872020196,-0.00116249604616],[-0.0000310916657327,0.0000408683044952,-0.00133420410566,-0.00120638590306,0.00791103392839,-0.0000210376638279,-0.000505751930177,0.000615325057879,-0.000390641740523,-0.00167533347849,0.000627643312328,-0.00232836604118,0.000567920738831],[-0.00021277180349,-0.00000646777516522,0.000535399885848,-0.00291295116767,-0.0000210376638279,0.0127125959843,-0.00509506464005,-0.000851251010317,0.00163263815921,0.000108860978798,-0.0019466211088,-0.00101230724249,0.00223125936463],[0.000117241193948,-0.0000193416908587,-0.00131853006314,0.00240755290724,-0.000505751930177,-0.00509506464005,0.0118377665058,-0.00625701807439,0.00260286894627,-0.00140425225254,-0.00199845479801,0.00262884027325,-0.00332742300816],[-0.000191212762729,-0.000770254875533,0.000914253934752,-0.00012260657968,0.000615325057879,-0.000851251010317,-0.00625701807439,0.0181230287999,-0.00816131476313,0.00125977140851,0.000205265110708,-0.000627645815257,-0.00157368194778],[0.000300863350276,-0.000309990689857,-0.00088706886163,-0.000708363251761,-0.000390641740523,0.00163263815921,0.00260286894627,-0.00816131476313,0.0159362647682,-0.00561545044184,0.00398858822882,-0.00111733283848,-0.000215541527723],[-0.000252456229646,0.000430461397627,-0.0000106102143036,-0.000880382722244,-0.00167533347849,0.000108860978798,-0.00140425225254,0.00125977140851,-0.00561545044184,0.0183382444084,-0.0107873566449,0.00246782018803,0.000972568872385],[0.00021493017266,-0.000313791999361,0.000880705600139,0.000623938685749,0.000627643312328,-0.0019466211088,-0.00199845479801,0.000205265110708,0.00398858822882,-0.0107873566449,0.0244430396706,-0.00723690772429,0.00181707821321],[-0.0000508657176397,-0.00022184647969,0.000509887409862,0.000506872020196,-0.00232836604118,-0.00101230724249,0.00262884027325,-0.000627645815257,-0.00111733283848,0.00246782018803,-0.00723690772429,0.0214147381485,-0.00827072188258],[0.000342643004842,-0.000859796709847,-0.00112254195847,-0.00116249604616,0.000567920738831,0.00223125936463,-0.00332742300816,-0.00157368194778,-0.000215541527723,0.000972568872385,0.00181707821321,-0.00827072188258,0.0242956150323]],"mean":[-600.650695801,110.441581726,-1.2060739994,17.8340492249,-1.36179816723,10.1955528259,-1.48014545441,10.1207122803,3.32022213936,2.75472784042,-3.96065998077,-0.0830401107669,-3.86611175537]},"pitch_salience":{"dmean":0.0722922533751,"dmean2":0.117984555662,"dvar":0.00540134357288,"dvar2":0.0134326210245,"max":0.995966792107,"mean":0.58415132761,"median":0.591622710228,"min":0.173872277141,"var":0.0112806996331},"silence_rate_20dB":{"dmean":0,"dmean2":0,"dvar":0,"dvar2":0,"max":1,"mean":1,"median":1,"min":1,"var":0},"silence_rate_30dB":{"dmean":0.0695966556668,"dmean2":0.13920904696,"dvar":0.064753010869,"dvar2":0.169112816453,"max":1,"mean":0.955038428307,"median":1,"min":0,"var":0.0429356358945},"silence_rate_60dB":{"dmean":0.00451926328242,"dmean2":0.0090395482257,"dvar":0.00449837045744,"dvar2":0.00941058248281,"max":1,"mean":0.0420244000852,"median":0,"min":0,"var":0.0402597784996},"spectral_centroid":{"dmean":250.478393555,"dmean2":390.677124023,"dvar":70443.484375,"dvar2":159293.5625,"max":10867.6572266,"mean":1549.41088867,"median":1479.07849121,"min":224.642959595,"var":374993.9375},"spectral_complexity":{"dmean":3.85719132423,"dmean2":5.95548009872,"dvar":13.4646940231,"dvar2":28.6222934723,"max":57,"mean":26.9550380707,"median":28,"min":0,"var":93.8917999268},"spectral_contrast_coeffs":{"dmean":[0.0552167966962,0.0450661927462,0.0385218374431,0.0313596539199,0.0210667084903,0.0180854853243],"dmean2":[0.091829419136,0.0735367909074,0.0620904304087,0.051047205925,0.0342049449682,0.0281964726746],"dvar":[0.00227909511887,0.00138351286296,0.000957031850703,0.000631484086625,0.000303446984617,0.000270523858489],"dvar2":[0.00616492796689,0.00363800302148,0.00244252476841,0.00164523115382,0.000744311313611,0.000582599197514],"max":[-0.268791943789,-0.474038898945,-0.524192154408,-0.572434067726,-0.626912951469,-0.599166512489],"mean":[-0.638394236565,-0.747790455818,-0.757054686546,-0.766313135624,-0.791760921478,-0.739748716354],"median":[-0.641080081463,-0.750268757343,-0.758732736111,-0.764704763889,-0.792110919952,-0.734418928623],"min":[-0.976422190666,-0.979269564152,-0.993872821331,-0.977115154266,-0.986810922623,-0.960155069828],"var":[0.00653487723321,0.00413505872712,0.00355585245416,0.00269272690639,0.00148935476318,0.00231669121422]},"spectral_contrast_valleys":{"dmean":[0.382669121027,0.350916326046,0.301572710276,0.261709988117,0.221911132336,0.260721534491],"dmean2":[0.610508441925,0.575744867325,0.484153300524,0.418676137924,0.340613365173,0.349758446217],"dvar":[0.139551386237,0.110569342971,0.0910949483514,0.0760541185737,0.0814015567303,0.0989186614752],"dvar2":[0.286971718073,0.250031918287,0.195819914341,0.15189267695,0.154411911964,0.154471814632],"max":[-4.86506652832,-4.60756731033,-5.01707649231,-5.69993495941,-5.34182739258,-7.2921833992],"mean":[-7.09870243073,-6.53996992111,-6.84642982483,-7.35179042816,-7.22817182541,-9.75741386414],"median":[-6.7136631012,-6.25377082825,-6.57377910614,-7.06779766083,-6.90891075134,-9.5918598175],"min":[-26.7487983704,-27.0189666748,-27.3160572052,-27.2904472351,-27.2070121765,-27.1795578003],"var":[3.66654849052,2.66463637352,2.39111685753,2.23209881783,2.13815951347,2.00532412529]},"spectral_decrease":{"dmean":4.5450438968e-9,"dmean2":7.31590965586e-9,"dvar":6.19071433381e-17,"dvar2":1.45783555236e-16,"max":1.77497321108e-15,"mean":-9.55345580422e-9,"median":-7.59502505332e-9,"min":-6.73725253364e-8,"var":6.58281117905e-17},"spectral_energy":{"dmean":0.0176089853048,"dmean2":0.0282746367157,"dvar":0.00089712603949,"dvar2":0.00211083050817,"max":0.257436573505,"mean":0.0390404760838,"median":0.0318993926048,"min":1.12067059468e-20,"var":0.0009725689888},"spectral_energyband_high":{"dmean":0.000683073827531,"dmean2":0.000912975461688,"dvar":0.00000153330438479,"dvar2":0.00000238040820477,"max":0.0211778413504,"mean":0.00180794869084,"median":0.00104339676909,"min":8.21057456536e-21,"var":0.00000619573756921},"spectral_energyband_low":{"dmean":0.0118568791077,"dmean2":0.0192581601441,"dvar":0.000800649693701,"dvar2":0.00190915039275,"max":0.240476697683,"mean":0.0153168439865,"median":0.00798195414245,"min":8.09538274833e-23,"var":0.000730351835955},"spectral_energyband_middle_high":{"dmean":0.00237410096452,"dmean2":0.00363110820763,"dvar":0.00000900638951862,"dvar2":0.0000207307803066,"max":0.0665981769562,"mean":0.00876429583877,"median":0.00755121838301,"min":1.62983115981e-21,"var":0.0000348867106368},"spectral_energyband_middle_low":{"dmean":0.00712657952681,"dmean2":0.0120361223817,"dvar":0.000146207254147,"dvar2":0.000392831047066,"max":0.115379221737,"mean":0.0148713858798,"median":0.0120549760759,"min":2.42782482763e-22,"var":0.000153020388098},"spectral_entropy":{"dmean":0.117008537054,"dmean2":0.171906158328,"dvar":0.015932045877,"dvar2":0.0312443524599,"max":9.80296707153,"mean":7.84451341629,"median":7.84256649017,"min":6.34144210815,"var":0.117881946266},"spectral_flux":{"dmean":0.0369719900191,"dmean2":0.0566382110119,"dvar":0.00245773466304,"dvar2":0.00465984782204,"max":0.440652549267,"mean":0.110328674316,"median":0.0924904793501,"min":1.05861729105e-10,"var":0.00477204285562},"spectral_kurtosis":{"dmean":1.00916063786,"dmean2":1.62835633755,"dvar":1.82668852806,"dvar2":4.56045055389,"max":33.6887664795,"mean":3.28274345398,"median":2.86923623085,"min":-1.19683885574,"var":5.73666572571},"spectral_rms":{"dmean":0.00115932524204,"dmean2":0.00180549069773,"dvar":0.00000272507236332,"dvar2":0.0000059309631979,"max":0.0158479548991,"mean":0.00575982220471,"median":0.00557865202427,"min":3.30656487434e-12,"var":0.0000049124432735},"spectral_rolloff":{"dmean":579.340026855,"dmean2":930.850219727,"dvar":1188811.125,"dvar2":2175893.75,"max":19961.2792969,"mean":2192.19311523,"median":1431.95800781,"min":86.1328125,"var":9329799},"spectral_skewness":{"dmean":0.164737135172,"dmean2":0.254794329405,"dvar":0.0299884006381,"dvar2":0.0713081806898,"max":4.35509681702,"mean":1.36153042316,"median":1.31350064278,"min":0.0397202111781,"var":0.155070617795},"spectral_spread":{"dmean":529510.9375,"dmean2":726099.625,"dvar":547964813312,"dvar2":833064337408,"max":40444440,"mean":5135146,"median":4528402.5,"min":1901333.125,"var":7248480305150},"spectral_strongpeak":{"dmean":0.677093505859,"dmean2":1.17623567581,"dvar":1.1893863678,"dvar2":2.96794509888,"max":9.45560836792,"mean":0.969346821308,"median":0.477548003197,"min":0,"var":1.57924687862},"zerocrossingrate":{"dmean":0.011925294064,"dmean2":0.0135299703106,"dvar":0.000273776997346,"dvar2":0.00024848987232,"max":0.84619140625,"mean":0.0856663286686,"median":0.06396484375,"min":0.00830078125,"var":0.0119750481099}},"metadata":{"audio_properties":{"analysis_sample_rate":44100,"bit_rate":320041,"codec":"mp3","downmix":"mix","equal_loudness":0,"length":205.505310059,"lossless":false,"md5_encoded":"2452b190a1ca74ec84d4c59f3d512712","replay_gain":-13.5615196228,"sample_rate":44100},"tags":{"album":["Seven Nights Seven Days"],"albumartist":["The Fratellis"],"artist":["The Fratellis"],"discnumber":["/"],"file_name":"1962208.mp3","musicbrainz_recordingid":["0a6e3b8a-5aa0-4568-bc02-e81080338258"],"title":["Seven Nights Seven Days"],"tracknumber":["1/1"]},"version":{"essentia":"2.1-beta2","essentia_build_sha":"70f2e5ece6736b2c40cc944ad0e695b16b925413","essentia_git_sha":"v2.1_beta2","extractor":"music 1.0"}},"rhythm":{"beats_count":404,"beats_loudness":{"dmean":0.0182875003666,"dmean2":0.0322947315872,"dvar":0.00037927806261,"dvar2":0.0011106665479,"max":0.230686172843,"mean":0.0482169575989,"median":0.0447418764234,"min":2.90793344959e-9,"var":0.000533060752787},"beats_loudness_band_ratio":{"dmean":[0.159950584173,0.105841360986,0.0967910513282,0.102238863707,0.0594655014575,0.0439856462181],"dmean2":[0.270427852869,0.183052733541,0.16574563086,0.181919813156,0.10572142899,0.0778632760048],"dvar":[0.0192579496652,0.00794272683561,0.00780351273715,0.00787189602852,0.00374836754054,0.00405503064394],"dvar2":[0.0539880916476,0.0215864796191,0.0212055519223,0.0227758176625,0.0106966765597,0.00928583275527],"max":[0.977816462517,0.708643317223,0.657167255878,0.477124661207,0.411152094603,0.998309791088],"mean":[0.417957007885,0.220032006502,0.156038552523,0.134834378958,0.0834905356169,0.102603495121],"median":[0.383533656597,0.2115585953,0.130958363414,0.111986726522,0.0655637905002,0.0820153951645],"min":[0.000138780931593,0.000022770902433,0.000153071407112,0.000531433499418,0.000361783109838,0.00103790732101],"var":[0.045020069927,0.0189147405326,0.0121358605102,0.00976681336761,0.00445276638493,0.0187153406441]},"beats_position":[0.53405892849,1.