{"lowlevel":{"average_loudness":0.894100725651,"barkbands":{"dmean":[0.0000399595919589,0.00271451822482,0.00132209446747,0.000537581159733,0.00151778385043,0.000901648774743,0.000690818880685,0.00115488108713,0.00137939862907,0.000603966065682,0.000698051648214,0.000668213528115,0.000723553297576,0.000708218489308,0.000582153501455,0.000449696584838,0.000343180290656,0.000149938248796,0.000178498012247,0.000130531960167,0.0000638115670881,0.0000702126417309,0.0000582970969845,0.0000367877255485,0.0000200234317163,0.00000483001394969,9.79826836556e-7],"dmean2":[0.0000624765161774,0.00410414673388,0.00240607257001,0.000962182355579,0.00264618429355,0.00141250470188,0.0010756481206,0.00175066455267,0.00203195586801,0.000908849237021,0.0011218728032,0.00105087342672,0.00115695490967,0.0011161128059,0.000896938261576,0.000684483035002,0.000522080401424,0.00023127059103,0.000264705711743,0.00019305627211,0.0000936611832003,0.000106596009573,0.000087436143076,0.0000546244591533,0.0000284735924652,0.00000689323360348,0.00000149862046328],"dvar":[5.01050978485e-9,0.0000933827541303,0.000021801533876,0.00000289148056254,0.0000216071875911,0.00000465057109977,0.0000039495666897,0.0000132868808578,0.000016715061065,0.00000491949003845,0.00000638448773316,0.00000764907872508,0.00000572506951357,0.00000493189463668,0.00000235668767345,0.00000141182692914,4.34634785051e-7,1.00873876363e-7,1.52656241426e-7,7.41271719562e-8,1.75560330717e-8,1.04550217372e-8,5.90265747391e-9,7.14087278197e-9,1.92108218222e-9,8.26243032326e-11,3.69204796943e-12],"dvar2":[1.45999150547e-8,0.000194997148355,0.0000650404690532,0.00000833329704619,0.0000569717740291,0.0000106617990241,0.00000819522119855,0.0000280572221527,0.0000327237030433,0.0000100765610114,0.0000156116038852,0.0000172994296008,0.0000138422101372,0.0000115416232802,0.00000524985307493,0.00000323759104504,9.96177959678e-7,2.28298191018e-7,3.37153039709e-7,1.62653250868e-7,3.70839821073e-8,2.36507773366e-8,1.30699229217e-8,1.54923647244e-8,3.99095467785e-9,1.7108790773e-10,8.23236010611e-12],"max":[0.00113944057375,0.172618567944,0.0759810060263,0.0244829766452,0.0535662472248,0.0525344610214,0.0728283971548,0.0855973139405,0.159545391798,0.0866861268878,0.0703530609608,0.088916182518,0.0514617934823,0.0524035096169,0.0361066311598,0.0417796932161,0.0160269998014,0.0098429210484,0.0162977669388,0.00793380755931,0.00533068552613,0.00206839689054,0.00214794650674,0.00251573277637,0.00121697166469,0.000294637429761,0.0000574316545681],"mean":[0.0000823552909424,0.00403301091865,0.00111631595064,0.000500608526636,0.00123900233302,0.00115732580889,0.00077162636444,0.0013189323945,0.00183687498793,0.000724860758055,0.000963328464422,0.00074380467413,0.00074877589941,0.000784023141023,0.000777199456934,0.00062005862128,0.000512669561431,0.000233315731748,0.000291074073175,0.000218468267121,0.000105064136733,0.000098432188679,0.0000835861719679,0.0000612762232777,0.0000339648031513,0.00000753853964852,0.00000121264281461],"median":[0.0000319171449519,0.000405137252528,0.000128712636069,0.0000957489100983,0.000246033770964,0.000245863629971,0.0000952059635893,0.0000786417440395,0.000134126617922,0.0000680321827531,0.000101780584373,0.0000863005116116,0.0000809007615317,0.000127022198285,0.000144136123708,0.0001374270214,0.000165614575963,0.0000656212432659,0.0000872116797836,0.0000831461584312,0.0000461579402327,0.0000555106016691,0.0000514687235409,0.0000246132767643,0.0000104087612272,0.00000167640007476,8.01992925403e-8],"min":[4.58782534532e-12,4.98112662228e-12,1.21295974567e-12,5.48882933462e-13,1.49141522699e-13,8.30330135161e-14,5.02076204505e-14,3.24466033197e-14,4.26576837547e-14,9.23619565703e-14,8.65487423483e-14,3.58150026292e-14,2.94409306233e-14,3.56396532566e-14,1.65644390972e-14,2.62354157496e-14,2.58444880216e-14,2.30114440279e-14,3.56162277134e-14,1.94256011965e-14,3.43920414879e-14,1.69735221294e-14,2.47752918848e-14,3.41975186775e-14,3.60964208556e-14,9.04616686464e-14,1.31390083817e-13],"var":[9.0501695027e-9,0.000132026863866,0.0000150259966176,0.00000228827479987,0.0000156357709784,0.00000679903223499,0.00000599522809352,0.0000201521670533,0.0000328785718011,0.00000769940197642,0.00000845464637678,0.00000915099008125,0.00000625144730293,0.00000554938242203,0.00000358269130629,0.00000243386580223,7.83008374583e-7,2.12023707036e-7,2.90442017103e-7,1.55732777785e-7,3.48306343767e-8,1.65945603925e-8,1.05975717091e-8,1.411598749e-8,4.11450296056e-9,1.60510951752e-10,5.55983818012e-12]},"barkbands_crest":{"dmean":3.5648522377,"dmean2":5.71611976624,"dvar":9.38840389252,"dvar2":22.0158348083,"max":26.0197849274,"mean":11.1796255112,"median":10.3260374069,"min":2.26291561127,"var":24.121006012},"barkbands_flatness_db":{"dmean":0.0279625542462,"dmean2":0.0405517332256,"dvar":0.00065384543268,"dvar2":0.00130965490825,"max":0.431492328644,"mean":0.135261937976,"median":0.128774568439,"min":0.0185217466205,"var":0.00294786063023},"barkbands_kurtosis":{"dmean":4.22735309601,"dmean2":6.7311463356,"dvar":175.837295532,"dvar2":434.799194336,"max":639.082702637,"mean":4.30042409897,"median":0.525057077408,"min":-1.96697533131,"var":272.62701416},"barkbands_skewness":{"dmean":0.762060880661,"dmean2":1.12709510326,"dvar":0.779758930206,"dvar2":1.63260865211,"max":19.2320251465,"mean":1.06913614273,"median":0.786338090897,"min":-4.75069522858,"var":2.76352310181},"barkbands_spread":{"dmean":7.99416303635,"dmean2":12.0557575226,"dvar":77.5389328003,"dvar2":163.910934448,"max":109.784347534,"mean":25.5373821259,"median":22.7637329102,"min":0.316867500544,"var":250.021347046},"dissonance":{"dmean":0.0230240374804,"dmean2":0.0373925752938,"dvar":0.000687395047862,"dvar2":0.00169583864044,"max":0.500000059605,"mean":0.460923910141,"median":0.474198043346,"min":0.15128095448,"var":0.00151071243454},"dynamic_complexity":5.22518730164,"erbbands":{"dmean":[0.0647732988,0.674849152565,1.43444418907,1.8290117979,1.60744524002,5.21577262878,9.86543083191,7.43631410599,9.06481456757,14.2674598694,29.3925762177,30.6716384888,22.3076782227,17.9298267365,28.4393405914,27.0260887146,31.0119380951,32.6726875305,29.715007782,27.4627552032,22.9168834686,18.0106124878,9.24111461639,7.68494796753,8.64099597931,5.94344949722,3.35108757019,2.18206238747,2.16756892204,2.81136679649,1.35582745075,0.780676484108,0.617922723293,0.287080585957,0.116638921201,0.0348103791475,0.00646535074338,0.00124295940623,0.000196080116439,0.0000146411339301],"dmean2":[0.0924409478903,1.04452764988,2.55610656738,3.25839996338,2.90938949585,9.12068653107,16.6447200775,11.6019802094,14.3464679718,21.3252010345,42.9858589172,44.5276947021,32.3650970459,27.159286499,45.3014831543,42.2376937866,48.7156410217,50.8275604248,44.8171615601,40.7542076111,34.5982704163,26.760427475,13.8570737839,11.4382419586,12.7057390213,8.70864009857,4.93017196655,3.18434429169,3.259786129,4.2734746933,2.04367589951,1.1691879034,0.912877857685,0.414175599813,0.166474997997,0.0493491925299,0.00925587303936,0.00182903930545,0.000302136322716,0.0000206338645512],"dvar":[0.0418449416757,6.14085435867,25.6531887054,35.4489784241,22.6392803192,258.101806641,877.528015137,404.345092773,682.878051758,1890.99462891,8109.64306641,8194.64160156,7546.80273438,3482.62304688,11454.4599609,13105.9082031,10481.5273438,11225.7070312,7999.42236328,5269.36230469,2812.16577148,1100.03271484,383.674346924,273.834106445,350.515991211,150.257583618,48.0550575256,17.7462425232,12.6552209854,12.0604410172,3.95263338089,3.08459091187,2.23062682152,0.415790528059,0.0641849115491,0.00422971881926,0.000180765564437,0.0000063345523813,1.50612748939e-7,4.22881396567e-10],"dvar2":[0.0844600126147,13.2259950638,73.533203125,101.489173889,66.4801940918,687.442504883,2216.07543945,919.694335938,1549.21887207,3881.26977539,16885.4121094,15917.4521484,14603.4091797,7496.76660156,27915.6015625,30352.5703125,24902.1484375,26807.625,17985.3886719,11177.8193359,6376.52294922,2472.40625,851.45098877,596.036499023,745.537963867,318.776885986,103.487358093,36.9963951111,28.7485523224,27.2940883636,8.84693336487,6.91481113434,4.75192546844,0.872476994991,0.13677687943,0.00887118186802,0.00038314802805,0.0000130728885779,3.43550368598e-7,8.37824420952e-10],"max":[4.12376785278,42.0484428406,85.8167037964,86.2052993774,70.5996551514,177.679138184,427.873931885,558.596740723,746.097595215,1363.42822266,1725.88037109,3088.77685547,3420.16455078,2972.42431641,3494.99755859,4228.953125,2357.84887695,3062.25952148,2616.59887695,1928.03637695,1401.28869629,667.827819824,682.125366211,611.557617188,487.861114502,357.038391113,231.184417725,131.181900024,79.8153152466,76.3939285278,50.5025253296,58.5383033752,45.0160751343,17.9056243896,8.97668933868,1.84081995487,0.566588878632,0.0825444087386,0.0111747505143,0.000274316524155],"mean":[0.11975954473,0.880724847317,1.34959161282,1.73192107677,1.39731514454,4.15138530731,8.96843147278,9.6991853714,11.3349103928,16.4791927338,36.2840423584,41.9774665833,28.9528179169,25.4999103546,39.4838752747,31.4291534424,34.0703926086,38.5836639404,39.8926925659,39.8061218262,34.5404472351,28.5087165833,15.0530834198,12.7664165497,14.732919693,10.2161931992,5.65788507462,3.57093167305,3.15875577927,3.68092417717,2.03504323959,1.24880170822,1.0246784687,0.485931158066,0.192925095558,0.055265635252,0.00960322003812,0.00174569175579,0.000244009599555,0.0000298283212032],"median":[0.005704482086,0.112974263728,0.215105742216,0.252926141024,0.353647112846,0.755141437054,2.01720547676,1.84657692909,1.78059113026,2.16188573837,2.83181595802,4.10133647919,3.89236164093,4.04125261307,6.04118776321,4.85414791107,4.42607307434,7.33809661865,7.86194896698,8.19811153412,9.78688240051,9.86720848083,4.61168766022,4.42885971069,4.31999731064,3.96167850494,2.32328677177,1.68741953373,1.68992328644,2.14531493187,1.23494541645,0.521893501282,0.387203961611,0.15811342001,0.0514118149877,0.0126558141783,0.00215635355562,0.000290444499115,0.0000279678770312,0.0000197714307433],"min":[2.12471179539e-10,8.84976869564e-10,1.78303016796e-9,1.92905269536e-9,1.15170217807e-9,2.93248814121e-10,2.48786546919e-10,8.23416834717e-10,8.38218661148e-10,7.17277293116e-10,7.13369752159e-10,1.02090258469e-9,1.89200322076e-9,4.24419299705e-9,1.97698613036e-9,1.75924008694e-9,1.47421652663e-9,1.68252289878e-9,1.27696708763e-9,1.03002251173e-9,1.73441117024e-9,1.24583610095e-9,1.32897670646e-9,1.57809099122e-9,1.49687373607e-9,1.16761578184e-9,1.23590537804e-9,1.1985087367e-9,5.77772663046e-10,8.70454153201e-10,6.36617980554e-10,7.11226522121e-10,5.83512460572e-10,4.31969460202e-10,2.45901965457e-10,2.77318057407e-10,1.71871641919e-10,1.03445571553e-10,1.45970336513e-11,1.55251061573e-12],"var":[0.0675516948104,8.15449333191,21.1624946594,28.0449199677,15.4207983017,182.568191528,726.515014648,590.129760742,964.330871582,2873.43994141,13198.7529297,17423.0234375,13124.1943359,6265.25341797,14090.7636719,14956.703125,11906.2744141,12419.3720703,10596.5605469,9351.33496094,5184.99951172,2197.67407227,843.151062012,504.776611328,768.63671875,326.270782471,100.093002319,34.0802268982,19.6349506378,18.1758613586,7.27564191818,5.45185279846,4.61382246017,0.920649290085,0.122418403625,0.00834252964705,0.000311561452691,0.00001120305933,2.18010740127e-7,9.86532966429e-10]},"erbbands_crest":{"dmean":3.78576993942,"dmean2":6.01828050613,"dvar":12.2072153091,"dvar2":28.2670097351,"max":31.9639568329,"mean":10.9604845047,"median":9.71577358246,"min":2.4429204464,"var":31.5314674377},"erbbands_flatness_db":{"dmean":0.028103781864,"dmean2":0.0389186218381,"dvar":0.000668769178446,"dvar2":0.00116721761879,"max":0.429780960083,"mean":0.181490108371,"median":0.177072778344,"min":0.0310111120343,"var":0.0035403505899},"erbbands_kurtosis":{"dmean":2.00636172295,"dmean2":3.12457156181,"dvar":11.1422710419,"dvar2":25.1073589325,"max":84.5325012207,"mean":1.69890093803,"median":0.41205072403,"min":-1.87531375885,"var":20.4900932312},"erbbands_skewness":{"dmean":0.555831968784,"dmean2":0.820825219154,"dvar":0.292455732822,"dvar2":0.619042873383,"max":7.92324018478,"mean":0.15744407475,"median":0.0695500150323,"min":-5.05396127701,"var":1.22042763233},"erbbands_spread":{"dmean":11.7269630432,"dmean2":17.545331955,"dvar":180.9112854,"dvar2":378.803436279,"max":174.285125732,"mean":34.1528625488,"median":27.6834869385,"min":1.13531434536,"var":553.538513184},"gfcc":{"cov":[[12884.7607422,402.865966797,-578.650146484,79.9008178711,-242.192047119,217.865814209,-115.417068481,88.8365478516,-131.548217773,157.771591187,-91.9557495117,-129.118179321,-2.22495055199],[402.865966797,1177.36608887,-71.937789917,110.008529663,42.0970535278,13.7804412842,217.961380005,-77.6910934448,145.065750122,-85.701133728,80.8212585449,-32.2287597656,53.7044448853],[-578.650146484,-71.937789917,1571.67358398,528.036254883,86.1594543457,224.097717285,32.4368133545,52.8364295959,-12.4892396927,80.2984466553,-27.8076400757,79.6712722778,-84.9703140259],[79.9008178711,110.008529663,528.036254883,718.943359375,239.664306641,97.0415267944,16.1128902435,-7.00661849976,58.393611908,23.8792991638,12.4236650467,22.1869049072,-5.12398195267],[-242.192047119,42.0970535278,86.1594543457,239.664306641,516.602905273,157.290481567,75.3514633179,87.7671813965,30.4562835693,31.0379886627,15.3296461105,10.2093572617,-2.24498605728],[217.865814209,13.7804412842,224.097717285,97.0415267944,157.290481567,328.748138428,157.577224731,58.9298248291,-7.00076675415,10.4038515091,7.5494260788,18.0109367371,-9.41051292419],[-115.417068481,217.961380005,32.4368133545,16.1128902435,75.3514633179,157.577224731,404.970947266,109.751426697,15.9204397202,-22.5661334991,21.1130523682,20.3184566498,6.18260335922],[88.8365478516,-77.6910934448,52.8364295959,-7.00661849976,87.7671813965,58.9298248291,109.751426697,217.458587646,44.7885704041,29.8066082001,-2.21705770493,8.70188331604,1.80945515633],[-131.548217773,145.065750122,-12.4892396927,58.393611908,30.4562835693,-7.00076675415,15.9204397202,44.7885704041,216.944290161,50.2524452209,15.7870235443,-10.1999464035,29.2850112915],[157.771591187,-85.701133728,80.2984466553,23.8792991638,31.0379886627,10.4038515091,-22.5661334991,29.8066082001,50.2524452209,159.742645264,38.34765625,-5.01346302032,-6.41109037399],[-91.9557495117,80.8212585449,-27.8076400757,12.4236650467,15.3296461105,7.5494260788,21.1130523682,-2.21705770493,15.7870235443,38.34765625,134.946868896,56.1507301331,22.0325450897],[-129.118179321,-32.2287597656,79.6712722778,22.1869049072,10.2093572617,18.0109367371,20.3184566498,8.70188331604,-10.1999464035,-5.01346302032,56.1507301331,140.73664856,47.6826133728],[-2.22495055199,53.7044448853,-84.9703140259,-5.12398195267,-2.24498605728,-9.41051292419,6.18260335922,1.80945515633,29.2850112915,-6.41109037399,22.0325450897,47.6826133728,112.703399658]],"icov":[[0.00010829668463,-0.000151546715642,0.000141117721796,-0.000141572105349,0.000192327293917,-0.000243287984631,0.000195263477508,-0.00024929139181,0.000260376604274,-0.000331230752636,0.000261916109594,-0.000105622159026,0.0000581013846386],[-0.000151546715642,0.00172370718792,-0.00038240334834,0.000200594309717,-0.000502442882862,0.000700330245309,-0.00133638782427,0.0014759323094,-0.00154344597831,0.00174471386708,-0.00175413489342,0.00139398919418,-0.00075201317668],[0.000141117721796,-0.00038240334834,0.00139300769661,-0.00109845050611,0.000782589660957,-0.00106318970211,0.000549313146621,-0.00077755714301,0.000658896751702,-0.00124741368927,0.00126239901874,-0.00143692758866,0.00121343834326],[-0.000141572105349,0.000200594309717,-0.00109845050611,0.00264326785691,-0.00144184194505,0.000622338673566,-0.000335384829668,0.0011275523575,-0.00102785404306,0.000889743561856,-0.000768102938309,0.000578064820729,-0.00055953906849],[0.000192327293917,-0.000502442882862,0.000782589660957,-0.00144184194505,0.00334677100182,-0.00177966756746,0.000744468066841,-0.00171170651447,0.000773644482251,-0.00115945737343,0.000711000757292,-0.000618885154836,0.00052825344028],[-0.000243287984631,0.000700330245309,-0.00106318970211,0.000622338673566,-0.00177966756746,0.00544185843319,-0.00234679179266,0.000995029113255,-0.000492071674671,0.000929667497985,-0.00100405747071,0.000721113523468,-0.000508155149873],[0.000195263477508,-0.00133638782427,0.000549313146621,-0.000335384829668,0.000744468066841,-0.00234679179266,0.0047038202174,-0.00286436406896,0.00111712212674,-0.000449638493592,0.000675540650263,-0.00106515281368,0.000649109890219],[-0.00024929139181,0.0014759323094,-0.00077755714301,0.0011275523575,-0.00171170651447,0.000995029113255,-0.00286436406896,0.007742122747,-0.00260056578554,0.000644053216092,-0.000632039562333,0.000583960849326,-0.000572493649088],[0.000260376604274,-0.00154344597831,0.000658896751702,-0.00102785404306,0.000773644482251,-0.000492071674671,0.00111712212674,-0.00260056578554,0.00729162665084,-0.00341607467271,0.00139343307819,-0.0000657969285385,-0.00118812196888],[-0.000331230752636,0.00174471386708,-0.00124741368927,0.000889743561856,-0.00115945737343,0.000929667497985,-0.000449638493592,0.000644053216092,-0.00341607467271,0.0103908386081,-0.00517321424559,0.00298858759925,-0.000443446479039],[0.000261916109594,-0.00175413489342,0.00126239901874,-0.000768102938309,0.000711000757292,-0.00100405747071,0.000675540650263,-0.000632039562333,0.00139343307819,-0.00517321424559,0.0125316465273,-0.00622196542099,0.00118750357069],[-0.000105622159026,0.00139398919418,-0.00143692758866,0.000578064820729,-0.000618885154836,0.000721113523468,-0.00106515281368,0.000583960849326,-0.0000657969285385,0.00298858759925,-0.00622196542099,0.0125838723034,-0.00554700568318],[0.0000581013846386,-0.00075201317668,0.00121343834326,-0.00055953906849,0.00052825344028,-0.000508155149873,0.000649109890219,-0.000572493649088,-0.00118812196888,-0.000443446479039,0.00118750357069,-0.00554700568318,0.0124616008252]],"mean":[-53.1714172363,72.5191574097,-136.928619385,34.7565383911,-59.5959205627,18.1100063324,-37.4328460693,9.54757976532,-14.0186233521,1.76894319057,-9.74162960052,1.58333337307,-4.63450241089]},"hfc":{"dmean":7.55659103394,"dmean2":10.1688652039,"dvar":102.766807556,"dvar2":186.273132324,"max":143.427963257,"mean":17.4605541229,"median":11.4122934341,"min":6.7569270179e-9,"var":326.698822021},"melbands":{"dmean":[0.000687725085299,0.000764520140365,0.000296676415019,0.00020031647,0.000358382734703,0.000168251455761,0.000140208285302,0.000171256659087,0.000255813181866,0.00018774990167,0.000110156404844,0.0000707669896656,0.0000972358247964,0.0000767342135077,0.00007564722182,0.000069521687692,0.0000649622015771,0.0000537504893146,0.0000435755428043,0.0000330798393406,0.0000281321099465,0.0000218924687942,0.0000119666819955,0.00000664877234158,0.00000663036280457,0.00000727412361812,0.00000577237869948,0.00000386687634091,0.00000241473844653,0.00000158130580985,0.00000127975158648,0.00000128480553485,0.00000155304246618,0.00000164963512361,9.37440574944e-7,4.78204981391e-7,4.96127995575e-7,4.77773028251e-7,3.47630560782e-7,2.20550745667e-7],"dmean2":[0.00100502755959,0.0012800975237,0.00052759173559,0.000355128926458,0.000608958827797,0.000263752677711,0.000217789536691,0.000255301391007,0.000372018432245,0.00027390383184,0.000160882787895,0.000107527390355,0.00015479659487,0.000120591095765,0.000119597549201,0.0001103137256,0.000102122838143,0.0000833299927763,0.0000664379258524,0.0000501173817611,0.0000431702828791,0.0000332023118972,0.000018317348804,0.0000101943260233,0.0000100494726212,0.0000109213160613,0.00000862747310748,0.00000577986065764,0.00000367589041161,0.00000233999980992,0.00000192070388039,0.00000197496660803,0.00000242650412474,0.00000251294227382,0.00000144548459957,7.1992485573e-7,7.52764265144e-7,7.15974977084e-7,5.10603683779e-7,3.2261158367e-7],"dvar":[0.00000552333449377,0.00000708692368789,8.96582548648e-7,3.09588870095e-7,0.0000012339874047,1.8667813606e-7,1.4967852735e-7,2.66295501206e-7,5.89439025589e-7,3.04898094328e-7,1.88391425127e-7,5.56106982685e-8,1.33926121748e-7,1.01787094309e-7,8.84032331783e-8,5.97290679138e-8,4.82688129466e-8,3.10163414952e-8,1.38510598546e-8,9.73362368484e-9,4.17582812773e-9,1.7845760425e-9,6.65160926339e-10,2.22610888057e-10,2.34959496304e-10,3.0456118183e-10,1.72562616974e-10,6.57809431925e-11,2.57451577418e-11,1.30958932934e-11,6.33812620443e-12,5.45039317498e-12,4.75773413722e-12,4.02267325353e-12,1.651992345e-12,1.5586470916e-12,1.25538013145e-12,1.44065965754e-12,7.30611914284e-13,2.29272059237e-13],"dvar2":[0.0000109295315269,0.0000180376227945,0.00000255988788922,8.55910343489e-7,0.00000316254818244,4.25454828701e-7,3.23730120044e-7,5.41696010714e-7,0.00000120029937989,5.96900576966e-7,3.64071325976e-7,1.19969470802e-7,3.31298707579e-7,2.34139889699e-7,2.07308133326e-7,1.44858390172e-7,1.15339595652e-7,7.04440878962e-8,3.00920568463e-8,2.15696331907e-8,9.49819156659e-9,4.12059453225e-9,1.54350932036e-9,5.10864350822e-10,5.20546550309e-10,6.83793799361e-10,3.82345238803e-10,1.40887856936e-10,5.92159862811e-11,2.75893839025e-11,1.35461433737e-11,1.27729693142e-11,1.1328981156e-11,9.17428633063e-12,3.79327775787e-12,3.65433638211e-12,2.84343815854e-12,3.1885678993e-12,1.55275998222e-12,4.99302747585e-13],"max":[0.0456629469991,0.0394604876637,0.0133767798543,0.00612396094948,0.0135587500408,0.0114147868007,0.0129500813782,0.0164528358728,0.0214885976166,0.0167315024883,0.0169358272105,0.0115401567891,0.011141192168,0.0104842465371,0.00847338605672,0.00677967583761,0.00606255838647,0.00569720100611,0.00402827793732,0.00377322151326,0.00172945088707,0.00101841590367,0.000464198732516,0.000601369014475,0.000613302283455,0.000696794013493,0.000480889109895,0.000236524036154,0.000128443323774,0.000156744878041,0.0000810689962236,0.00005186438284,0.0000513279992447,0.0000496357934026,0.000033040294511,0.0000447824495495,0.0000330473703798,0.0000439933792222,0.0000203444669751,0.0000127026269183],"mean":[0.00111442874186,0.00089123978978,0.000286354596028,0.000161465766723,0.000315514829708,0.000222334594582,0.000174781685928,0.000197791610844,0.000320016319165,0.000252685102168,0.000137050068588,0.0000946746076806,0.000135297726956,0.0000898621146916,0.0000774789805291,0.0000734520144761,0.0000718596202205,0.0000645453037578,0.0000591146781517,0.0000450219595223,0.0000397511284973,0.0000325671535393,0.0000172680356627,0.0000104387991087,0.0000101182740764,0.0000113049500214,0.00000943203031056,0.0000061609102886,0.00000381908057534,0.00000244387729254,0.00000196195833269,0.00000175772674993,0.00000199269470613,0.00000207332709579,0.00000130789953801,7.53438996526e-7,7.48615889279e-7,7.62274453336e-7,5.60230091651e-7,3.58328577477e-7],"median":[0.0000789284822531,0.0002170005464,0.0000527039264853,0.0000347619134118,0.0000669183064019,0.0000431742373621,0.0000249798831646,0.000018279240976,0.0000199267888092,0.0000204788630072,0.0000133984949571,0.0000114952108561,0.0000172099935298,0.0000127319372041,0.00000731984164304,0.00000870043277246,0.0000120235608847,0.0000108659696707,0.0000105568069557,0.00000892889511306,0.0000105038934635,0.00000995819482341,0.00000469960241389,0.00000295950007967,0.00000319806554216,0.00000299070939036,0.00000268519897872,0.00000236451342062,0.00000144129967339,9.9731141745e-7,8.74771444614e-7,8.02063766514e-7,0.00000110547944132,0.00000116268688544,7.87831424987e-7,3.14294936743e-7,2.8934195484e-7,2.81737754904e-7,1.81350074513e-7,1.11948686765e-7],"min":[1.8612455327e-12,1.0337762547e-12,3.21062566724e-13,4.73871464258e-14,7.66555499903e-15,1.81839931974e-14,1.21959429047e-14,7.71415520844e-15,6.09883584946e-15,6.18254176289e-15,9.40963564797e-15,1.71644670726e-14,9.11379837972e-15,3.11317091829e-15,5.32989129313e-15,2.41593680655e-15,3.31918838931e-15,2.32920804429e-15,1.06862894235e-15,1.33793745634e-15,2.34219729454e-15,1.19263668342e-15,1.57594355012e-15,9.06099942798e-16,1.33009329597e-15,1.26295926452e-15,7.73918280857e-16,7.77388521903e-16,6.07008003381e-16,9.06053779503e-16,5.79538724902e-16,2.7882357919e-16,4.14107287542e-16,5.07233133788e-16,3.90374509621e-16,3.39106755227e-16,4.33271566792e-16,4.24845944777e-16,3.27024730207e-16,4.01967267235e-16],"var":[0.00000836865910969,0.0000081181196947,7.17526518201e-7,2.0982758997e-7,9.73172859631e-7,2.85533246824e-7,2.29040225008e-7,4.20332355588e-7,0.00000102617400444,6.22518996352e-7,3.2693395724e-7,9.70252287402e-8,1.63685712096e-7,1.2055086529e-7,9.67808091445e-8,6.3228732472e-8,5.20525738068e-8,3.74607367348e-8,2.26155183469e-8,1.71593175224e-8,7.29775884167e-9,3.24680837771e-9,1.14530185336e-9,4.74020545038e-10,3.7531838748e-10,5.33974198191e-10,3.63005486781e-10,1.29329172371e-10,4.98827958106e-11,2.36017819871e-11,1.14373285148e-11,7.75067076492e-12,6.50247434023e-12,5.88742639709e-12,2.7831701787e-12,2.4687532834e-12,2.06944379168e-12,2.72692523944e-12,1.5181501889e-12,4.80054906417e-13]},"melbands_crest":{"dmean":4.3675775528,"dmean2":7.00464868546,"dvar":13.3378620148,"dvar2":32.9902420044,"max":33.9997596741,"mean":15.2390375137,"median":14.6487522125,"min":2.29364562035,"var":37.1177940369},"melbands_flatness_db":{"dmean":0.0322572365403,"dmean2":0.0470662154257,"dvar":0.000900129845832,"dvar2":0.00183134200051,"max":0.555726766586,"mean":0.181615352631,"median":0.172819942236,"min":0.016119543463,"var":0.0045286458917},"melbands_kurtosis":{"dmean":10.7202825546,"dmean2":16.7472839355,"dvar":758.535522461,"dvar2":1699.96899414,"max":589.685302734,"mean":14.3767766953,"median":3.44509887695,"min":-1.89831650257,"var":1394.31921387},"melbands_skewness":{"dmean":1.06546354294,"dmean2":1.5713955164,"dvar":1.6443734169,"dvar2":3.37805199623,"max":20.7317562103,"mean":2.18383741379,"median":1.59115576744,"min":-3.31028413773,"var":5.64309024811},"melbands_spread":{"dmean":11.377831459,"dmean2":17.2907943726,"dvar":211.503875732,"dvar2":464.717529297,"max":283.83480835,"mean":31.8833045959,"median":27.6614818573,"min":0.335586041212,"var":545.174499512},"mfcc":{"cov":[[10878.6074219,749.159606934,-755.070617676,8.89359760284,-195.697952271,11.1388731003,-28.9011039734,-111.57951355,25.931640625,108.290718079,-64.9100875854,8.02974224091,-2.29211425781],[749.159606934,939.293457031,-97.6210403442,0.91407674551,-104.325561523,63.6848182678,23.2098026276,84.7613143921,20.166015625,8.2578163147,38.4656105042,-2.75389790535,33.5665626526],[-755.070617676,-97.6210403442,1316.19641113,307.889953613,128.175933838,183.112869263,56.9469528198,58.0224609375,31.8757858276,-42.3555259705,67.0265197754,25.5364093781,56.931098938],[8.89359760284,0.91407674551,307.889953613,554.06036377,211.133850098,130.784500122,26.9199142456,50.7282829285,41.0747833252,20.7606239319,18.6909046173,11.5170116425,51.0410614014],[-195.697952271,-104.325561523,128.175933838,211.133850098,473.861663818,121.018043518,18.52734375,11.9905786514,25.539396286,51.1623802185,18.1318531036,4.71536445618,18.9147319794],[11.1388731003,63.6848182678,183.112869263,130.784500122,121.018043518,298.804412842,125.252159119,76.9252090454,42.3248291016,20.7266407013,42.8036613464,3.91744637489,27.1423358917],[-28.9011039734,23.2098026276,56.9469528198,26.9199142456,18.52734375,125.252159119,334.939208984,142.100463867,50.8846511841,7.73951148987,32.3718185425,46.6168174744,8.53787517548],[-111.57951355,84.7613143921,58.0224609375,50.7282829285,11.9905786514,76.9252090454,142.100463867,247.086776733,87.5116653442,3.16345834732,27.2984313965,8.57025051117,17.5026531219],[25.931640625,20.166015625,31.8757858276,41.0747833252,25.539396286,42.3248291016,50.8846511841,87.5116653442,177.294937134,74.4487915039,22.5626220703,21.6610622406,-2.27044153214],[108.290718079,8.2578163147,-42.3555259705,20.7606239319,51.1623802185,20.7266407013,7.73951148987,3.16345834732,74.4487915039,164.262695312,56.7556686401,5.71978807449,0.434049159288],[-64.9100875854,38.4656105042,67.0265197754,18.6909046173,18.1318531036,42.8036613464,32.3718185425,27.2984313965,22.5626220703,56.7556686401,125.227256775,40.431552887,8.63419723511],[8.02974224091,-2.75389790535,25.5364093781,11.5170116425,4.71536445618,3.91744637489,46.6168174744,8.57025051117,21.6610622406,5.71978807449,40.431552887,125.754959106,37.1910476685],[-2.29211425781,33.5665626526,56.931098938,51.0410614014,18.9147319794,27.1423358917,8.53787517548,17.5026531219,-2.27044153214,0.434049159288,8.63419723511,37.1910476685,114.203048706]],"icov":[[0.000104647791886,-0.0000808739350759,0.0000559632680961,-0.000047240191634,0.000046317520173,-0.0000438907081843,-0.0000129821273731,0.0000843488160172,-0.0000110847968244,-0.0000837384795886,0.000104286053102,-0.0000500494752487,0.0000184017335414],[-0.0000808739350759,0.00127199385315,0.000122883895529,-0.0000477914145449,0.000344074098393,-0.000345996610122,0.000214499101276,-0.000472665269626,0.000050181773986,0.0000959583558142,-0.000470139348181,0.000209325764445,-0.000365728337783],[0.0000559632680961,0.000122883895529,0.0010271408828,-0.000469389546197,0.000060223028413,-0.000410073727835,0.0000376069256163,0.000128506668261,-0.000301496591419,0.000674691807944,-0.000672498659696,0.000140338815982,-0.000275683647487],[-0.000047240191634,-0.0000477914145449,-0.000469389546197,0.00260405964218,-0.000918757519685,-0.000433812499978,0.000232824648265,-0.000293608143693,-0.000199861489818,-0.0000773266801843,0.000257599109318,-0.0000111751451186,-0.000653398688883],[0.000046317520173,0.000344074098393,0.000060223028413,-0.000918757519685,0.00292287231423,-0.00102161068935,0.000245461735176,-0.0000189036036318,0.000306070374791,-0.000956390053034,0.000337830220815,-0.00023363942455,0.000083918152086],[-0.0000438907081843,-0.000345996610122,-0.000410073727835,-0.000433812499978,-0.00102161068935,0.00532093038782,-0.00181008235086,0.0000909297668841,-0.000620178354438,0.000420789379859,-0.00133509247098,0.00142440397758,-0.000851755437907],[-0.0000129821273731,0.000214499101276,0.0000376069256163,0.000232824648265,0.000245461735176,-0.00181008235086,0.00486840168014,-0.00263333506882,0.000597391917836,-0.000409547472373,0.000465867022285,-0.00210356898606,0.000906305387616],[0.0000843488160172,-0.000472665269626,0.000128506668261,-0.000293608143693,-0.0000189036036318,0.0000909297668841,-0.00263333506882,0.00726428255439,-0.00373341352679,0.00220656744204,-0.00162291899323,0.0019162830431,-0.00131110963412],[-0.0000110847968244,0.000050181773986,-0.000301496591419,-0.000199861489818,0.000306070374791,-0.000620178354438,0.000597391917836,-0.00373341352679,0.00970828346908,-0.0051234238781,0.00227733445354,-0.00255861924961,0.00172241067048],[-0.0000837384795886,0.0000959583558142,0.000674691807944,-0.0000773266801843,-0.000956390053034,0.000420789379859,-0.000409547472373,0.00220656744204,-0.0051234238781,0.010649417527,-0.00539158284664,0.00235325470567,-0.00108189170714],[0.000104286053102,-0.000470139348181,-0.000672498659696,0.000257599109318,0.000337830220815,-0.00133509247098,0.000465867022285,-0.00162291899323,0.00227733445354,-0.00539158284664,0.0125471260399,-0.00454168068245,0.00143183255568],[-0.0000500494752487,0.000209325764445,0.000140338815982,-0.0000111751451186,-0.00023363942455,0.00142440397758,-0.00210356898606,0.0019162830431,-0.00255861924961,0.00235325470567,-0.00454168068245,0.0115333907306,-0.00403613131493],[0.0000184017335414,-0.000365728337783,-0.000275683647487,-0.000653398688883,0.000083918152086,-0.000851755437907,0.000906305387616,-0.00131110963412,0.00172241067048,-0.00108189170714,0.00143183255568,-0.00403613131493,0.0108598703519]],"mean":[-686.121154785,95.3283309937,-12.9133548737,16.4365177155,4.32998943329,6.78007984161,-5.41830587387,5.6111240387,-0.142069652677,4.6800327301,-0.705046355724,-1.21080362797,5.71151638031]},"pitch_salience":{"dmean":0.0908861756325,"dmean2":0.146872833371,"dvar":0.00686874287203,"dvar2":0.0171583369374,"max":0.860624074936,"mean":0.536443412304,"median":0.537827312946,"min":0.0663989111781,"var":0.0178523082286},"silence_rate_20dB":{"dmean":0,"dmean2":0,"dvar":0,"dvar2":0,"max":1,"mean":1,"median":1,"min":1,"var":0},"silence_rate_30dB":{"dmean":0.00854700896889,"dmean2":0.0170953702182,"dvar":0.00847496744245,"dvar2":0.0193341784179,"max":1,"mean":0.992165863514,"median":1,"min":0,"var":0.00777248106897},"silence_rate_60dB":{"dmean":0.0645774006844,"dmean2":0.129165023565,"dvar":0.0604016259313,"dvar2":0.129270642996,"max":1,"mean":0.184537470341,"median":0,"min":0,"var":0.150491073728},"spectral_centroid":{"dmean":344.366241455,"dmean2":519.255737305,"dvar":141420.828125,"dvar2":300416.6875,"max":11038.8798828,"mean":1699.81225586,"median":1677.45507812,"min":150.191589355,"var":464042.90625},"spectral_complexity":{"dmean":4.22491312027,"dmean2":5.66489887238,"dvar":24.669916153,"dvar2":37.9411125183,"max":59,"mean":13.7685365677,"median":11,"min":0,"var":122.328285217},"spectral_contrast_coeffs":{"dmean":[0.0627438873053,0.0635638013482,0.051403876394,0.0416287072003,0.0282483045012,0.0242385212332],"dmean2":[0.102467291057,0.0971051901579,0.0779542028904,0.0617925785482,0.0432396940887,0.0350713208318],"dvar":[0.00324236834422,0.00309095717967,0.00208382331766,0.00148454483133,0.000655544979963,0.000440985604655],"dvar2":[0.00805754959583,0.00655362568796,0.00411942368373,0.00282096187584,0.00135272042826,0.000875619589351],"max":[-0.33337944746,-0.333492666483,-0.378124117851,-0.43651330471,-0.553318202496,-0.579754412174],"mean":[-0.692597925663,-0.723501503468,-0.756270647049,-0.76891207695,-0.787182033062,-0.765548944473],"median":[-0.703570127487,-0.743151009083,-0.775695443153,-0.78641474247,-0.791786909103,-0.766332447529],"min":[-0.959598362446,-0.959376335144,-0.957150757313,-0.955022573471,-0.958988368511,-0.959204316139],"var":[0.0085226977244,0.0113860098645,0.00931952428073,0.00611990084872,0.00272563518956,0.00223758164793]},"spectral_contrast_valleys":{"dmean":[0.47527807951,0.545232772827,0.467880636454,0.412687808275,0.361739367247,0.370734035969],"dmean2":[0.747734844685,0.824797272682,0.685403525829,0.584620296955,0.48250195384,0.46680483222],"dvar":[0.176475182176,0.244142144918,0.187927231193,0.165605187416,0.143625676632,0.149629369378],"dvar2":[0.374334365129,0.511659681797,0.356901556253,0.284960865974,0.231795579195,0.23714479804],"max":[-5.19281673431,-4.62559366226,-5.35542058945,-5.72208404541,-5.54054689407,-8.0296792984],"mean":[-8.17368602753,-7.53837013245,-7.90351819992,-7.98686218262,-7.82517004013,-10.3843564987],"median":[-7.88198709488,-7.41407632828,-7.77127408981,-7.82227230072,-7.65723323822,-10.182841301],"min":[-28.0222682953,-27.2462291718,-27.3442459106,-27.2692108154,-27.2027263641,-27.272611618],"var":[1.99483168125,1.42906081676,1.38405930996,1.41008174419,1.3432289362,1.35224640369]},"spectral_decrease":{"dmean":2.33668528971e-9,"dmean2":3.3258813481e-9,"dvar":1.41205421565e-17,"dvar2":2.8899265309e-17,"max":-3.22696350488e-18,"mean":-4.63167948439e-9,"median":-2.78916800767e-9,"min":-5.63566722178e-8,"var":3.12006703703e-17},"spectral_energy":{"dmean":0.00941756833345,"dmean2":0.0133232781664,"dvar":0.000217702443479,"dvar2":0.000442367134383,"max":0.216032758355,"mean":0.0190647356212,"median":0.0117060681805,"min":1.27921874482e-11,"var":0.000495559244882},"spectral_energyband_high":{"dmean":0.0002560922876,"dmean2":0.000358573102858,"dvar":1.27838902131e-7,"dvar2":2.52920699495e-7,"max":0.00767625262961,"mean":0.000487964629428,"median":0.000303469045321,"min":3.59193577659e-13,"var":3.18819559197e-7},"spectral_energyband_low":{"dmean":0.00356318498962,"dmean2":0.00546770775691,"dvar":0.00013030381524,"dvar2":0.000281155167613,"max":0.184154301882,"mean":0.00555404368788,"median":0.00123989989515,"min":9.0820875126e-12,"var":0.000208858953556},"spectral_energyband_middle_high":{"dmean":0.00326591404155,"dmean2":0.00464505329728,"dvar":0.000030186954973,"dvar2":0.0000619051133981,"max":0.101247236133,"mean":0.00636050384492,"median":0.00312098185532,"min":4.07367824369e-13,"var":0.0000723725897842},"spectral_energyband_middle_low":{"dmean":0.00491142598912,"dmean2":0.00753628555685,"dvar":0.0000744026692701,"dvar2":0.000168074227986,"max":0.169320866466,"mean":0.00714797852561,"median":0.0028090744745,"min":9.26172983792e-13,"var":0.000121859309729},"spectral_entropy":{"dmean":0.211783632636,"dmean2":0.299614429474,"dvar":0.0452932193875,"dvar2":0.0861208066344,"max":9.80392074585,"mean":7.65079641342,"median":7.68980741501,"min":4.99737548828,"var":0.180520042777},"spectral_flux":{"dmean":0.0300607085228,"dmean2":0.0449744798243,"dvar":0.00114604656119,"dvar2":0.0024610015098,"max":0.376249462366,"mean":0.0845171809196,"median":0.073650971055,"min":0.00000357661679118,"var":0.00326869171113},"spectral_kurtosis":{"dmean":1.60128772259,"dmean2":2.56707882881,"dvar":2.8679587841,"dvar2":7.2655081749,"max":40.1918830872,"mean":3.94862699509,"median":3.40013742447,"min":-1.3637586832,"var":9.80647754669},"spectral_rms":{"dmean":0.000958182907198,"dmean2":0.00129107211251,"dvar":0.00000122813696635,"dvar2":0.00000223763163376,"max":0.0145177021623,"mean":0.00368331582285,"median":0.00337943108752,"min":1.11714740569e-7,"var":0.0000050328285397},"spectral_rolloff":{"dmean":656.60144043,"dmean2":1074.60058594,"dvar":1144906.625,"dvar2":2449080,"max":10895.8007812,"mean":1945.84191895,"median":1744.18945312,"min":21.533203125,"var":2354987},"spectral_skewness":{"dmean":0.252953290939,"dmean2":0.383202791214,"dvar":0.053382948041,"dvar2":0.11821039021,"max":5.09314250946,"mean":1.40544009209,"median":1.37394738197,"min":-0.143263936043,"var":0.215860188007},"spectral_spread":{"dmean":705263.0625,"dmean2":991473.125,"dvar":687038529536,"dvar2":1157410717700,"max":39459208,"mean":4559563,"median":4177148.75,"min":1209937,"var":2983927218180},"spectral_strongpeak":{"dmean":0.783433437347,"dmean2":1.25411248207,"dvar":1.41217076778,"dvar2":3.20001983643,"max":16.6892337799,"mean":1.25076246262,"median":0.447231054306,"min":0,"var":2.77524518967},"zerocrossingrate":{"dmean":0.0131941819564,"dmean2":0.0152036519721,"dvar":0.000240724722971,"dvar2":0.000282435881672,"max":0.39697265625,"mean":0.0730845779181,"median":0.068359375,"min":0,"var":0.00141984061338}},"metadata":{"audio_properties":{"analysis_sample_rate":44100,"bit_rate":192000,"codec":"mp3","downmix":"mix","equal_loudness":0,"length":293.407348633,"lossless":false,"md5_encoded":"546c7d8ec31a132c7ac6183e680f53ee","replay_gain":-7.5809803009,"sample_rate":44100},"tags":{"album":["It Takes A Nation Of Millions To Hold Us Back"],"albumartist":["Public Enemy"],"artist":["Public Enemy"],"date":["1988"],"discnumber":["1"],"file_name":"2175559.mp3","genre":["Hip-Hop"],"musicbrainz_recordingid":["0a8b1c9f-f560-4621-8c3f-c1a590047814"],"title":["Caught, Can I Get a Witness?"],"tracknumber":["8"]},"version":{"essentia":"2.1-beta2","essentia_build_sha":"70f2e5ece6736b2c40cc944ad0e695b16b925413","essentia_git_sha":"v2.1_beta2","extractor":"music 1.0"}},"rhythm":{"beats_count":575,"beats_loudness":{"dmean":0.0290160756558,"dmean2":0.0479931905866,"dvar":0.000912727613468,"dvar2":0.00242056464776,"max":0.178286388516,"mean":0.035469148308,"median":0.028056781739,"min":8.39245970496e-8,"var":0.000995528884232},"beats_loudness_band_ratio":{"dmean":[0.437931418419,0.158521339297,0.212280273438,0.166621372104,0.195192709565,0.0626609995961],"dmean2":[0.835106611252,0.297247380018,0.380375266075,0.293494164944,0.358747154474,0.111788548529],"dvar":[0.106873944402,0.0171163473278,0.0326310023665,0.0269578322768,0.0281045697629,0.00467625167221],"dvar2":[0.315531373024,0.050759691745,0.0933056399226,0.0797431841493,0.0893072038889,0.0133744459599],"max":[0.991655886173,0.898475348949,0.951021194458,0.86081969738,0.929447650909,0.885115027428],"mean":[0.301006168127,0.131984531879,0.193996652961,0.153105795383,0.185856074095,0.0658340156078],"median":[0.124641336501,0.0751649290323,0.140683203936,0.0997766852379,0.131159424782,0.0537409707904],"min":[0.000303143897327,0.000382521364372,0.00033779948717,0.000258358515566,0.000330720708007,0.000381139921956],"var":[0.11245495