{"lowlevel":{"average_loudness":0.947382509708,"barkbands":{"dmean":[0.0000101649302451,0.00238520954736,0.00203101988882,0.0012466206681,0.00272162188776,0.000764321244787,0.00048945308663,0.000356297707185,0.000572931603529,0.000368698470993,0.000508318189532,0.000357033743057,0.000378363241907,0.000430386950029,0.000341677921824,0.000370469730115,0.000631407776382,0.000418009876739,0.000310890114633,0.000192518302356,0.00014775483578,0.0000992826317088,0.000077993470768,0.0000558309111511,0.0000362798818969,0.0000287903039862,0.00000504310219185],"dmean2":[0.0000168664300872,0.00403051450849,0.00351844029501,0.00217549246736,0.0046788896434,0.00127142062411,0.000809708843008,0.000572062679566,0.000928306079004,0.000578650680836,0.000812551414128,0.000571483338717,0.00061444361927,0.000699658121448,0.000549572287127,0.000610121001955,0.00104897737037,0.000692124536727,0.000510385492817,0.00030594522832,0.000233589627896,0.000151874686708,0.000116292969324,0.0000771123450249,0.0000526470867044,0.0000424849204137,0.00000735380262995],"dvar":[2.59788884849e-10,0.0000186050583579,0.0000122309238577,0.0000031854935969,0.0000309701063088,0.0000020092993509,8.44002215672e-7,4.90211846227e-7,0.00000135449727168,5.8654387658e-7,7.78802245804e-7,4.58766635347e-7,4.6396709763e-7,5.37615960639e-7,3.65735559171e-7,2.94249701938e-7,7.44355702409e-7,2.94170092729e-7,1.45879070601e-7,1.0585958421e-7,5.19843936786e-8,2.17461337826e-8,1.49389727255e-8,2.5495248579e-8,4.25784740798e-9,2.91749091552e-9,1.10266538955e-10],"dvar2":[6.82723211298e-10,0.0000483620460727,0.0000337935816788,0.00000908802303456,0.0000823946465971,0.00000530282022737,0.0000021911271233,0.00000108727624593,0.0000032417001421,0.0000013486841226,0.00000202362775781,0.0000010865699096,0.00000117160197988,0.00000132478885462,9.20501236124e-7,7.43468092423e-7,0.00000195535562852,7.86496343608e-7,3.71862853399e-7,2.54061916394e-7,1.25730181821e-7,4.91842584438e-8,3.0848944732e-8,4.0971432469e-8,8.54384829552e-9,6.33013286233e-9,2.3107915581e-10],"max":[0.000248312629992,0.0423113927245,0.0445356592536,0.0252031553537,0.0647271648049,0.0271694995463,0.0242244452238,0.0204615276307,0.0242164172232,0.019676849246,0.0257922001183,0.0152948787436,0.0142112448812,0.0158437713981,0.012961935252,0.012808131054,0.017525922507,0.00937655195594,0.0085447980091,0.00862603913993,0.00695128645748,0.00301545951515,0.00299785216339,0.00479923933744,0.00216931756586,0.00116667849943,0.000209471167182],"mean":[0.0000181772156793,0.00310809724033,0.00270427507348,0.00169102381915,0.0036180363968,0.00124513090122,0.000891465402674,0.000626835622825,0.00100015604403,0.000708986190148,0.00108837289736,0.000726975500584,0.000751802523155,0.000858732790221,0.00068680557888,0.000788425386418,0.00146333279554,0.00105067819823,0.000893829215784,0.000527293537743,0.000415189831983,0.000273263198324,0.000219176727114,0.000145250378409,0.0000949138775468,0.0000537515916221,0.00000824135258881],"median":[0.0000116588771562,0.00188598711975,0.00176548887976,0.00105630489998,0.00211884733289,0.000770634855144,0.000477844499983,0.000297597667668,0.000364812760381,0.000220564863412,0.000452119391412,0.000342978106346,0.00038155564107,0.00048868911108,0.000390662724385,0.000547001720406,0.00104788178578,0.000760854454711,0.000697904557455,0.000384251237847,0.000311795447487,0.000196277687792,0.000152569264174,0.0000753511412768,0.000058916531998,0.0000236188716372,0.00000313086275128],"min":[6.77015890534e-24,1.43961072528e-23,2.83977493432e-23,2.08540902322e-23,4.02574147725e-23,2.47532277383e-23,1.37802025234e-23,2.23830557055e-23,3.32465049852e-23,3.6812790521e-23,2.58437600977e-23,9.28484299844e-23,7.97836312165e-23,8.48324104297e-23,1.83969873053e-22,1.42164385019e-22,1.83944061525e-22,2.06791088927e-22,2.43543979662e-22,2.8982615867e-22,3.18750999627e-22,6.23273018494e-22,4.58132649403e-22,7.0601960496e-22,1.08677527369e-21,1.54364524077e-21,2.20978533951e-21],"var":[5.06781949738e-10,0.0000183399333764,0.000011264427485,0.00000385206658393,0.0000276112205029,0.00000247933667197,0.00000164427206073,0.000001318876798,0.00000418834133598,0.00000224120617531,0.00000274818467005,0.00000150978905822,0.00000115721445582,0.00000128170643166,7.72883936406e-7,6.75887520174e-7,0.00000195594680008,8.37447828417e-7,5.42155873973e-7,3.02847610101e-7,1.96510598016e-7,8.32557702779e-8,6.08434405081e-8,1.04218251806e-7,1.65865490231e-8,5.7394871078e-9,1.90166049574e-10]},"barkbands_crest":{"dmean":2.10551524162,"dmean2":3.51371622086,"dvar":4.71829366684,"dvar2":12.6659450531,"max":21.7192211151,"mean":6.81384658813,"median":6.14289903641,"min":1.99319148064,"var":7.7788476944},"barkbands_flatness_db":{"dmean":0.0141917942092,"dmean2":0.0222503188998,"dvar":0.000190086997463,"dvar2":0.000433215813246,"max":0.397591739893,"mean":0.0916513726115,"median":0.0826405286789,"min":0.0205953158438,"var":0.00186070660129},"barkbands_kurtosis":{"dmean":0.821189403534,"dmean2":1.34910619259,"dvar":2.24650406837,"dvar2":5.13522481918,"max":75.5136489868,"mean":-0.117259256542,"median":-0.833602786064,"min":-1.80767536163,"var":8.6047706604},"barkbands_skewness":{"dmean":0.375781446695,"dmean2":0.59624683857,"dvar":0.142097845674,"dvar2":0.326477378607,"max":6.31266641617,"mean":0.626309990883,"median":0.538155436516,"min":-7.3140206337,"var":0.610694110394},"barkbands_spread":{"dmean":5.37128210068,"dmean2":8.49655818939,"dvar":28.6128330231,"dvar2":64.3283081055,"max":83.9075088501,"mean":35.3950424194,"median":35.2022972107,"min":1.47029960155,"var":131.823791504},"dissonance":{"dmean":0.00896209571511,"dmean2":0.0153386769816,"dvar":0.0000746299338061,"dvar2":0.00020789768314,"max":0.500000178814,"mean":0.483123838902,"median":0.485675007105,"min":0.345210283995,"var":0.000147604034282},"dynamic_complexity":1.80134785175,"erbbands":{"dmean":[0.0293451808393,0.665962398052,2.30872821808,3.02434921265,6.10776042938,11.7699251175,7.04850006104,6.62129735947,7.03495264053,8.41219711304,6.79503536224,13.9345417023,13.5215158463,12.5069828033,16.5752773285,13.6481990814,14.7602453232,22.1682033539,16.1469593048,16.484752655,22.5149936676,30.0863494873,24.1423130035,16.5171852112,13.3396348953,8.19206237793,7.573802948,4.68730115891,3.3973543644,3.25269436836,2.16154193878,1.28590762615,0.942403435707,0.509779155254,0.231736928225,0.125176504254,0.0542572848499,0.0101615004241,0.00100595166441,0.0000282620603684],"dmean2":[0.0501723699272,1.12107050419,3.9447696209,5.28685426712,10.580450058,20.4402999878,12.2174978256,10.8849010468,11.5359783173,13.7649068832,10.8915586472,22.6295204163,21.2249622345,19.8978843689,26.7424812317,22.164478302,23.921333313,35.8091125488,25.9023857117,26.4405326843,37.1844291687,50.015335083,40.0129470825,27.2671146393,21.6676902771,13.0345888138,12.2497825623,7.32350206375,5.21110296249,4.93844842911,3.23201179504,1.84291148186,1.32228028774,0.74179816246,0.339143574238,0.182741835713,0.0821309685707,0.0151242399588,0.00146168225911,0.0000400127464673],"dvar":[0.00291357375681,1.41408479214,15.6003875732,20.5600585938,60.1764945984,904.811218262,225.225082397,144.321182251,192.493118286,227.092224121,179.499740601,844.502929688,815.791442871,571.206237793,905.722106934,629.65423584,645.901428223,1257.04675293,1020.68212891,593.643493652,1078.2689209,1526.89501953,1095.66162109,391.052825928,346.416381836,203.026123047,171.853210449,46.1229743958,28.581401825,23.241355896,12.6045341492,9.12621116638,8.73123264313,1.08067917824,0.138709247112,0.04897390306,0.0107521126047,0.000449320068583,0.00000452792301076,2.71905475913e-9],"dvar2":[0.00776148634031,3.64664506912,41.6524200439,59.2448348999,166.165679932,2455.05810547,620.908752441,368.690826416,499.956817627,551.768554688,414.695922852,2011.86975098,1880.77783203,1392.91662598,2342.70214844,1523.52026367,1613.39929199,3118.35839844,2585.50341797,1408.85266113,2834.14282227,3929.6628418,2930.95556641,991.306518555,875.077270508,471.765380859,430.111877441,111.166885376,65.645324707,51.8282203674,26.2497844696,16.0307826996,14.9462785721,2.07903814316,0.283012777567,0.103639192879,0.024481413886,0.000973882211838,0.00000950153753365,5.49591794297e-9],"max":[0.632289111614,11.6865129471,43.3411712646,57.0121803284,118.978103638,347.597503662,253.083480835,209.383102417,295.013214111,361.021331787,467.816467285,751.44128418,946.956848145,561.196044922,704.004638672,618.668151855,584.649291992,857.083618164,824.878112793,534.648010254,1130.41052246,891.659240723,667.319641113,599.341918945,521.435058594,413.209197998,432.392456055,191.316131592,115.672813416,107.794113159,108.221954346,90.2020263672,93.6558914185,41.0632095337,8.83254051208,5.17855024338,2.01773762703,0.453862279654,0.0452074855566,0.00105796579737],"mean":[0.0385112576187,0.875419735909,3.2763068676,4.39932870865,9.05588340759,13.062171936,9.3485212326,10.7394266129,13.061662674,14.6668539047,12.7481679916,25.106218338,27.9776248932,26.5397071838,40.3699684143,28.6868801117,32.1418190002,48.1295127869,34.3474349976,39.330657959,55.1080741882,77.0538864136,64.4744338989,48.0673332214,38.8190879822,23.9951305389,20.5869846344,13.1067390442,9.16007804871,8.93633460999,5.91026973724,3.41816997528,2.32614088058,1.29349052906,0.579746544361,0.261899977922,0.0908992514014,0.0164761710912,0.00166674843058,0.0000735669818823],"median":[0.0219124741852,0.535145998001,2.2008960247,3.07160520554,6.14865589142,5.74947118759,5.04632282257,6.33671712875,6.85457992554,7.58238887787,6.49057531357,9.77344894409,9.25605773926,12.2826480865,17.1904239655,16.2617740631,18.9957923889,29.0234870911,22.1765975952,26.4798698425,40.1611747742,59.0799560547,45.7653198242,39.3476715088,30.5945472717,18.2924785614,15.5299596786,9.78172683716,6.62380027771,6.30412387848,3.99536371231,1.98177146912,1.1595480442,0.768214583397,0.347577393055,0.128658920527,0.0373303070664,0.00660478696227,0.000644932326395,0.0000523525304743],"min":[4.44171048315e-22,3.24770233001e-21,2.38211230465e-20,6.1908135748e-20,9.22784855282e-20,1.4028700138e-19,1.43347181906e-19,1.83468052403e-19,2.55041625588e-19,4.88426008378e-19,4.59511651573e-19,5.71761404865e-19,9.31063433949e-19,1.76302070435e-18,1.64287334076e-18,4.04033681865e-18,3.55978748255e-18,4.12783308871e-18,8.83276775692e-18,6.26609373139e-18,1.01884472977e-17,9.86116170784e-18,1.26489671673e-17,1.1501669312e-17,1.03238038244e-17,1.30701832516e-17,1.44934037438e-17,1.71720015101e-17,2.17925612743e-17,1.83423909393e-17,1.49080842741e-17,1.56063487882e-17,1.08552839116e-17,9.73377093042e-18,8.44736942028e-18,4.57016337178e-18,3.19513007939e-18,1.2445738817e-18,2.83156227989e-19,3.06271376616e-20],"var":[0.00297584664077,1.41675961018,15.416844368,22.2472896576,85.1146240234,699.631469727,203.251983643,199.697662354,372.723693848,473.308227539,480.412597656,2775.9831543,3529.14990234,1594.59985352,4296.23242188,1720.48962402,1552.75,3230.80322266,1834.5135498,1739.38781738,2506.22509766,4104.42382813,3313.67163086,1410.35668945,1120.64868164,581.317504883,488.884857178,179.074630737,95.004447937,94.1590270996,48.2970428467,35.4520988464,33.5163421631,4.34002780914,0.489432573318,0.116368539631,0.0183932352811,0.000737042573746,0.00000774910768087,5.44078249121e-9]},"erbbands_crest":{"dmean":1.71527600288,"dmean2":2.822732687,"dvar":2.56281518936,"dvar2":6.60073947906,"max":26.696805954,"mean":7.09348726273,"median":6.4081363678,"min":2.35289359093,"var":8.62044620514},"erbbands_flatness_db":{"dmean":0.0123559134081,"dmean2":0.0178606137633,"dvar":0.000144885154441,"dvar2":0.000270727119641,"max":0.392913937569,"mean":0.1458555758,"median":0.136964797974,"min":0.0504792220891,"var":0.00209393026307},"erbbands_kurtosis":{"dmean":0.536033272743,"dmean2":0.854648172855,"dvar":0.345943063498,"dvar2":0.824506759644,"max":17.5602931976,"mean":0.131367087364,"median":-0.140035092831,"min":-1.7395683527,"var":1.54973173141},"erbbands_skewness":{"dmean":0.242818787694,"dmean2":0.38617002964,"dvar":0.0463759936392,"dvar2":0.111469402909,"max":4.1638045311,"mean":-0.46080070734,"median":-0.469607383013,"min":-2.74520659447,"var":0.278993844986},"erbbands_spread":{"dmean":5.76723241806,"dmean2":9.1075668335,"dvar":31.2237071991,"dvar2":75.0262145996,"max":99.6460876465,"mean":36.396736145,"median":34.6229705811,"min":6.62177801132,"var":162.150100708},"gfcc":{"cov":[[4537.66113281,-1339.31420898,799.987670898,122.484382629,-347.969085693,551.772949219,-154.239944458,204.842010498,-87.525680542,133.915634155,-239.236618042,168.638977051,-161.305145264],[-1339.31420898,1299.55200195,-592.355285645,22.3374080658,209.580245972,-340.08770752,111.611557007,-114.970985413,66.4885101318,-116.13608551,120.225509644,-140.189941406,117.413825989],[799.987670898,-592.355285645,793.390563965,69.4739685059,-28.6561050415,238.75680542,-84.9268035889,117.982543945,9.82913589478,96.7942657471,-110.34311676,98.8251495361,-84.9678268433],[122.484382629,22.3374080658,69.4739685059,192.358810425,28.5239200592,55.8377494812,8.49122905731,10.1022520065,38.0672035217,6.5597820282,-6.84679269791,-12.4124612808,5.63766622543],[-347.969085693,209.580245972,-28.6561050415,28.5239200592,254.667236328,-35.9223403931,64.8067703247,19.8241004944,4.71454763412,-4.39975261688,8.42976474762,-9.3369550705,1.1281837225],[551.772949219,-340.08770752,238.75680542,55.8377494812,-35.9223403931,240.732650757,-11.8175487518,75.0516738892,-16.2166233063,30.5686130524,-31.8301582336,37.1565132141,-37.1757240295],[-154.239944458,111.611557007,-84.9268035889,8.49122905731,64.8067703247,-11.8175487518,113.775314331,10.3682327271,9.86996269226,-11.7835168839,1.70519793034,-9.57183170319,6.97238492966],[204.842010498,-114.970985413,117.982543945,10.1022520065,19.8241004944,75.0516738892,10.3682327271,111.040611267,15.1549901962,22.3761749268,-20.4808940887,16.34582901,-18.0393733978],[-87.525680542,66.4885101318,9.82913589478,38.0672035217,4.71454763412,-16.2166233063,9.86996269226,15.1549901962,97.9556274414,21.8477153778,-12.9284934998,-11.0820045471,8.16242980957],[133.915634155,-116.13608551,96.7942657471,6.5597820282,-4.39975261688,30.5686130524,-11.7835168839,22.3761749268,21.8477153778,76.1758880615,4.47849178314,20.9550971985,-15.1132593155],[-239.236618042,120.225509644,-110.34311676,-6.84679269791,8.42976474762,-31.8301582336,1.70519793034,-20.4808940887,-12.9284934998,4.47849178314,94.7938156128,6.19601011276,14.6546363831],[168.638977051,-140.189941406,98.8251495361,-12.4124612808,-9.3369550705,37.1565132141,-9.57183170319,16.34582901,-11.0820045471,20.9550971985,6.19601011276,66.8633956909,-2.86292529106],[-161.305145264,117.413825989,-84.9678268433,5.63766622543,1.1281837225,-37.1757240295,6.97238492966,-18.0393733978,8.16242980957,-15.1132593155,14.6546363831,-2.86292529106,59.6499061584]],"icov":[[0.00046198288328,-0.0000710366657586,0.000222149610636,-0.000438128685346,0.000538082967978,-0.000519083929248,0.000301781139569,-0.000371808593627,0.000660651654471,-0.000624806503765,0.00125874357764,-0.00100921350531,0.000659174111206],[-0.0000710366657586,0.00275280373171,-0.000104729988379,-0.000100888697489,-0.00155722920317,0.00200331769884,-0.000879339582752,0.000332228170009,-0.00180819653906,0.00255678640679,-0.00313027412631,0.00363412871957,-0.00243037915789],[0.000222149610636,-0.000104729988379,0.00363403232768,-0.00121882627718,-0.00015497111599,-0.00158036570065,0.0023663660977,-0.00115449074656,0.000421972479671,-0.00237638526596,0.00407570926473,-0.00435048574582,0.00262085045688],[-0.000438128685346,-0.000100888697489,-0.00121882627718,0.0076606287621,-0.00152851443272,-0.00229843822308,-0.000559818116017,0.00200830958784,-0.00373924686573,0.00136323308107,-0.00245751137845,0.00368176493794,-0.00253959698603],[0.000538082967978,-0.00155722920317,-0.00015497111599,-0.00152851443272,0.00654877582565,0.000138510964462,-0.00212261383422,-0.00209275307134,0.00266284192912,-0.00207267515361,0.00235179066658,-0.00265464233235,0.00242698471993],[-0.000519083929248,0.00200331769884,-0.00158036570065,-0.00229843822308,0.000138510964462,0.0102447140962,-0.00202239630744,-0.0033535680268,0.00109055137727,0.00191480317153,-0.00310824811459,0.0021192478016,-0.000575232959818],[0.000301781139569,-0.000879339582752,0.0023663660977,-0.000559818116017,-0.00212261383422,-0.00202239630744,0.0125785227865,-0.00183137774002,-0.000298113416648,-0.000554814643692,0.00342510384507,-0.00325360125862,0.00162879994605],[-0.000371808593627,0.000332228170009,-0.00115449074656,0.00200830958784,-0.00209275307134,-0.0033535680268,-0.00183137774002,0.0139989200979,-0.00364779494703,0.0000348153989762,-0.000962956866715,0.00106127979234,-0.000301054446027],[0.000660651654471,-0.00180819653906,0.000421972479671,-0.00373924686573,0.00266284192912,0.00109055137727,-0.000298113416648,-0.00364779494703,0.0165674164891,-0.00812730938196,0.0062787765637,-0.00145249557681,-0.0000773026258685],[-0.000624806503765,0.00255678640679,-0.00237638526596,0.00136323308107,-0.00207267515361,0.00191480317153,-0.000554814643692,0.0000348153989762,-0.00812730938196,0.0224591176957,-0.00894776917994,0.00171056052204,0.000154622568516],[0.00125874357764,-0.00313027412631,0.00407570926473,-0.00245751137845,0.00235179066658,-0.00310824811459,0.00342510384507,-0.000962956866715,0.0062787765637,-0.00894776917994,0.0221820995212,-0.011484419927,0.00380304805003],[-0.00100921350531,0.00363412871957,-0.00435048574582,0.00368176493794,-0.00265464233235,0.0021192478016,-0.00325360125862,0.00106127979234,-0.00145249557681,0.00171056052204,-0.011484419927,0.0298426952213,-0.00946926977485],[0.000659174111206,-0.00243037915789,0.00262085045688,-0.00253959698603,0.00242698471993,-0.000575232959818,0.00162879994605,-0.000301054446027,-0.0000773026258685,0.000154622568516,0.00380304805003,-0.00946926977485,0.0252793207765]],"mean":[41.0679969788,74.1260604858,-133.424819946,41.1239967346,-44.6868667603,6.68571138382,-38.3907585144,7.52805376053,-27.768327713,-2.74545168877,-18.0523834229,0.661289989948,-15.4824209213]},"hfc":{"dmean":4.86099624634,"dmean2":7.42861509323,"dvar":29.7290592194,"dvar2":65.705581665,"max":88.0843276978,"mean":31.3994503021,"median":31.9717445374,"min":1.14219388617e-16,"var":248.099563599},"melbands":{"dmean":[0.000463025382487,0.00107763882261,0.00055811018683,0.000658538891003,0.00030165258795,0.0001478769409,0.000103327925899,0.0000889953880687,0.000055497737776,0.000093093207397,0.0000678895012243,0.0000492957151437,0.0000658362841932,0.0000384068371204,0.0000303256401821,0.0000438872048107,0.0000451901469205,0.0000288627452392,0.0000247356911132,0.0000244665334321,0.0000318842357956,0.0000362551872968,0.0000334585347446,0.0000170430103026,0.0000154614699568,0.0000124475536722,0.00000881799132912,0.00000584213921684,0.00000550117965759,0.00000395305778511,0.00000263865376837,0.00000206050867746,0.00000239654582401,0.00000180302322406,0.00000141027464906,0.00000110852192847,7.84464077697e-7,7.47102887999e-7,5.75866351937e-7,4.27880991083e-7],"dmean2":[0.000782147166319,0.00180276937317,0.000973857473582,0.00113750179298,0.00052001408767,0.000243344358751,0.000169107428519,0.000144525212818,0.0000892586831469,0.000150923879119,0.000106562365545,0.0000783504583524,0.000106139123091,0.0000613577867625,0.0000492123654112,0.0000712609107723,0.0000733010820113,0.0000464391523565,0.000039562699385,0.000039910304622,0.0000529616518179,0.0000601834835834,0.0000557062521693,0.000028054082577,0.0000256668645306,0.0000203830913961,0.0000142310236697,0.0000093562357506,0.00000896422261576,0.00000632703131487,0.00000417148612541,0.00000323295193994,0.00000376262596546,0.00000277572394225,0.0000021771018055,0.00000166536324286,0.00000115517434551,0.00000108145070499,8.3770277115e-7,6.45902161978e-7],"dvar":[7.12642247436e-7,0.00000327646148435,5.78376557314e-7,0.00000185156420685,4.41804786533e-7,7.03606488628e-8,3.93247709951e-8,2.59994585861e-8,1.19130314502e-8,3.74609321341e-8,2.06558574689e-8,8.96833629582e-9,1.2775418945e-8,5.41484945771e-9,3.60794194521e-9,6.60559562604e-9,5.72511593688e-9,3.14678394453e-9,1.95521776547e-9,1.32667732355e-9,2.30265029266e-9,2.32013919188e-9,3.22304227751e-9,4.95608443174e-10,3.67136820945e-10,2.91935753349e-10,2.34892383322e-10,1.01841951539e-10,9.92912627118e-11,4.07822595139e-11,1.53764674604e-11,1.05614648971e-11,1.30019814359e-11,7.3565251113e-12,5.24836164112e-12,4.08403822913e-12,4.1703602377e-12,5.62728943304e-12,3.26629023308e-12,5.43903247094e-13],"dvar2":[0.00000185928877272,0.00000838353298604,0.00000165850531175,0.0000049589880291,0.00000120449112728,1.80947040462e-7,1.02207202701e-7,6.17580155904e-8,2.74203912909e-8,8.90458551339e-8,4.77206150151e-8,2.16515818607e-8,3.34441629946e-8,1.31552209126e-8,8.75577388371e-9,1.66111178146e-8,1.40967344464e-8,7.88152121345e-9,4.76017536499e-9,3.204596144e-9,6.16666628872e-9,5.87331738799e-9,8.99331009663e-9,1.26491739305e-9,9.28359444874e-10,7.55831286448e-10,5.74716552126e-10,2.3861529419e-10,2.52910165033e-10,9.96737900549e-11,3.74304372219e-11,2.52608177431e-11,3.13638351401e-11,1.68617342311e-11,1.16213800735e-11,8.40708665878e-12,7.79222519842e-12,1.05238985929e-11,6.48492414282e-12,1.16259139902e-12],"max":[0.00862070918083,0.0209675077349,0.00942805409431,0.0169094856828,0.00771492114291,0.00429304130375,0.00473780278116,0.00457997201011,0.00372159830295,0.00468949275091,0.00459170434624,0.00214309059083,0.00355420866981,0.00169538555201,0.00214131386019,0.00190139212646,0.0019387541106,0.00175933085848,0.00134148320649,0.00112587586045,0.00172813259996,0.0012094094418,0.00163474644069,0.00051091221394,0.000616555858869,0.000510668731295,0.000443305820227,0.000278290914139,0.000404090242228,0.000252557831118,0.0000793509680079,0.0000799430999905,0.0000765362274251,0.0000537219893886,0.0000649038411211,0.0000518383967574,0.0000608150512562,0.0000816096508061,0.0000769449543441,0.0000242606984102],"mean":[0.000600095023401,0.00157931062859,0.000897599617019,0.000838515989017,0.000381183461286,0.00024806210422,0.000194676264073,0.000156279507792,0.000100389726867,0.000164089666214,0.000134726171382,0.0000980099721346,0.000148818216985,0.0000831993602333,0.0000580535452173,0.0000873600656632,0.0000908804213395,0.0000554149155505,0.0000508071425429,0.0000533844686288,0.0000697131981724,0.000081875390606,0.0000765849326854,0.0000421785371145,0.0000389970919059,0.0000314512217301,0.000022252141207,0.0000143219776874,0.0000134435931614,0.0000103406209746,0.00000648048126095,0.00000483580197397,0.00000571781174585,0.00000455859390058,0.00000348574280906,0.00000272513625532,0.00000185120245533,0.00000168850181126,0.00000132989464419,0.00000101262696717],"median":[0.000359833065886,0.00107122561894,0.000658278469928,0.000478667207062,0.000195073662326,0.000147424754687,0.00010533315799,0.0000783879877417,0.0000481782990391,0.0000592335709371,0.0000403765770898,0.000041565792344,0.0000628497655271,0.0000365915875591,0.0000337683813996,0.0000444531833637,0.0000512640071975,0.0000333593125106,0.0000279310297628,0.0000371598471247,0.0000477787980344,0.0000595358433202,0.0000478817055409,0.0000301380223391,0.000030663322832,0.0000229347169807,0.0000155014658958,0.00000998819632514,0.00000969965549302,0.00000721311744201,0.00000464985032522,0.0000033093251659,0.0000037944757878,0.00000315026227327,0.00000236515120378,0.00000166792187883,9.71581357589e-7,7.97928350948e-7,6.97116433912e-7,6.09982294009e-7],"min":[4.1912239059e-24,9.91560844742e-24,1.0112941214e-23,1.09691250866e-23,4.30940552469e-24,4.56125725729e-24,3.48370520963e-24,7.77128255864e-24,3.50752880896e-24,4.27177488736e-24,4.65905471029e-24,7.0376253507e-24,3.96977329486e-24,9.63242552625e-24,1.0206014179e-23,9.16677197795e-24,6.19762456515e-24,1.23501310197e-23,1.31125390522e-23,6.11437646825e-24,1.27347527758e-23,8.74086045319e-24,1.35490536564e-23,6.52713334298e-24,1.00213828619e-23,8.8070324725e-24,6.99187299592e-24,9.1187792582e-24,8.76885002697e-24,7.72627804399e-24,1.13017372432e-23,1.22326609534e-23,1.11483353516e-23,9.3734559017e-24,7.84763246135e-24,8.91436252069e-24,9.95932159676e-24,7.07720802434e-24,7.82844736413e-24,7.68460331123e-24],"var":[7.08377569936e-7,0.00000349208971784,7.19882507383e-7,0.00000160387139658,3.81876560596e-7,1.00021999572e-7,7.75361570504e-8,5.94827689326e-8,3.24110907002e-8,1.22756119936e-7,8.78650041614e-8,2.3881625566e-8,4.88977676127e-8,2.08014316883e-8,7.67514318767e-9,1.59892312723e-8,1.41320022351e-8,5.59725243932e-9,4.61147653397e-9,3.4273519578e-9,4.84368190001e-9,5.8691602689e-9,8.07748445908e-9,1.48934875543e-9,1.1642240505e-9,8.53239090493e-10,5.87357218418e-10,2.57083604405e-10,2.30173380356e-10,1.82368176116e-10,4.46611324312e-11,2.86781327852e-11,4.3137639294e-11,2.54467089761e-11,1.69108772125e-11,1.45083077496e-11,1.41418916508e-11,1.93532394971e-11,1.04663673561e-11,1.98455639942e-12]},"melbands_crest":{"dmean":3.29694032669,"dmean2":5.59217786789,"dvar":9.16350269318,"dvar2":25.1864395142,"max":28.6831378937,"mean":11.7382040024,"median":11.1304998398,"min":1.67950093746,"var":16.7866611481},"melbands_flatness_db":{"dmean":0.0205773357302,"dmean2":0.0325601957738,"dvar":0.000406079954701,"dvar2":0.000906869536266,"max":0.469885706902,"mean":0.138971328735,"median":0.130917072296,"min":0.00455496227369,"var":0.00250492058694},"melbands_kurtosis":{"dmean":2.85093641281,"dmean2":4.64389276505,"dvar":19.2413387299,"dvar2":46.5352783203,"max":115.2397995,"mean":4.49845504761,"median":2.35856962204,"min":-1.71691715717,"var":56.3615989685},"melbands_skewness":{"dmean":0.524354815483,"dmean2":0.842245876789,"dvar":0.288223296404,"dvar2":0.682475984097,"max":9.00689983368,"mean":1.85581243038,"median":1.70476901531,"min":-1.29511153698,"var":1.14776194096},"melbands_spread":{"dmean":9.50222969055,"dmean2":15.0160160065,"dvar":86.5274505615,"dvar2":195.187362671,"max":137.938079834,"mean":43.3079681396,"median":42.2952728271,"min":1.36831390858,"var":329.360076904},"mfcc":{"cov":[[2845.94482422,-994.216796875,713.540039063,-228.69821167,-24.1535358429,186.3099823,-26.2380180359,140.523773193,53.2433280945,59.6390533447,35.7509841919,-27.5826282501,-15.6542720795],[-994.216796875,942.19934082,-488.199371338,196.361419678,12.0741891861,-113.317817688,35.5450248718,-55.0992126465,-3.6016907692,-16.3938159943,-20.5012989044,-9.06663322449,-11.6511249542],[713.540039063,-488.199371338,683.746032715,-91.2803497314,74.1198806763,104.208953857,-59.6360778809,60.9248809814,37.1568756104,29.4273071289,51.8096389771,2.76848840714,3.55793070793],[-228.69821167,196.361419678,-91.2803497314,194.501647949,43.9697151184,10.9233570099,4.67638301849,-4.11849832535,34.0901145935,13.4989547729,7.08918428421,3.96840596199,11.5401172638],[-24.1535358429,12.0741891861,74.1198806763,43.9697151184,157.408889771,34.0158348083,25.5976467133,26.0271110535,22.6711616516,16.7266330719,21.335515976,11.4675674438,15.0747022629],[186.3099823,-113.317817688,104.208953857,10.9233570099,34.0158348083,110.219810486,17.5318756104,28.147769928,23.677696228,10.14868927,22.8123378754,0.288461953402,5.43845129013],[-26.2380180359,35.5450248718,-59.6360778809,4.67638301849,25.5976467133,17.5318756104,122.083580017,31.9007720947,-14.2130537033,-3.99647808075,-5.35553359985,13.1656122208,9.54404163361],[140.523773193,-55.0992126465,60.9248809814,-4.11849832535,26.0271110535,28.147769928,31.9007720947,93.4143600464,33.4502601624,17.8973484039,16.8152675629,-6.49211072922,1.3452630043],[53.2433280945,-3.6016907692,37.1568756104,34.0901145935,22.6711616516,23.677696228,-14.2130537033,33.4502601624,96.9096755981,34.5812606812,19.2344264984,-10.5939741135,-6.54307937622],[59.6390533447,-16.3938159943,29.4273071289,13.4989547729,16.7266330719,10.14868927,-3.99647808075,17.8973484039,34.5812606812,68.4305725098,24.2842903137,-2.43974757195,-6.24090194702],[35.7509841919,-20.5012989044,51.8096389771,7.08918428421,21.335515976,22.8123378754,-5.35553359985,16.8152675629,19.2344264984,24.2842903137,66.8652038574,13.4830751419,3.33856678009],[-27.5826282501,-9.06663322449,2.76848840714,3.96840596199,11.4675674438,0.288461953402,13.1656122208,-6.49211072922,-10.5939741135,-2.43974757195,13.4830751419,60.029914856,25.2331027985],[-15.6542720795,-11.6511249542,3.55793070793,11.5401172638,15.0747022629,5.43845129013,9.54404163361,1.3452630043,-6.54307937622,-6.24090194702,3.33856678009,25.2331027985,61.6878814697]],"icov":[[0.000637491699308,0.000423265184509,-0.000291869830107,0.000136732633109,0.000312576739816,-0.00037350092316,-0.0000632164519629,-0.000426152371801,-0.0000179286034836,-0.000321123923641,0.000213719060412,0.000167313439306,0.0000941944454098],[0.000423265184509,0.00257090502419,0.000999309238978,-0.00161521125119,-0.000447956437711,0.00142919190694,-0.000428652303526,0.000158929367899,-0.000194183114218,0.000407842802815,-0.000726872589439,0.000703098310623,0.000656234333292],[-0.000291869830107,0.000999309238978,0.0031540102791,0.000480986724142,-0.00161460146774,-0.000953285314608,0.0018406129675,-0.000821201130748,0.0000864457542775,0.000189291022252,-0.000901031773537,-0.000205175208976,0.000215534731979],[0.000136732633109,-0.00161521125119,0.000480986724142,0.00818573962897,-0.00155221030582,-0.00244489172474,0.000827427662443,0.00065518025076,-0.00228759762831,-0.000918732024729,0.000585331930779,-0.000466354162199,-0.00155339110643],[0.000312576739816,-0.000447956437711,-0.00161460146774,-0.00155221030582,0.00872363056988,-0.0011163468007,-0.00198047538288,-0.000710076419637,-0.000525407900568,-0.000922209757846,-0.000618471880443,-0.000522673828527,-0.00123503000941],[-0.00037350092316,0.00142919190694,-0.000953285314608,-0.00244489172474,-0.0011163468007,0.0141365947202,-0.00321924313903,0.000218855493586,-0.00202337489463,0.00180857384112,-0.00356241851114,0.00179520936217,-0.000365855463315],[-0.0000632164519629,-0.000428652303526,0.0018406129675,0.000827427662443,-0.00198047538288,-0.00321924313903,0.0123988939449,-0.00583412637934,0.00346448365599,-0.000496628694236,0.0023991568014,-0.00318289361894,0.000108090731374],[-0.000426152371801,0.000158929367899,-0.000821201130748,0.00065518025076,-0.000710076419637,0.000218855493586,-0.00583412637934,0.0168101731688,-0.00530727999285,-0.000343704537954,-0.00263444450684,0.00321425031871,-0.00123296014499],[-0.0000179286034836,-0.000194183114218,0.0000864457542775,-0.00228759762831,-0.000525407900568,-0.00202337489463,0.00346448365599,-0.00530727999285,0.0163117814809,-0.00558184785768,-0.000362523336662,0.00121769797988,0.000955210183747],[-0.000321123923641,0.000407842802815,0.000189291022252,-0.000918732024729,-0.000922209757846,0.00180857384112,-0.000496628694236,-0.000343704537954,-0.00558184785768,0.0202453080565,-0.00599186075851,0.000617713201791,0.00183449301403],[0.000213719060412,-0.000726872589439,-0.000901031773537,0.000585331930779,-0.000618471880443,-0.00356241851114,0.0023991568014,-0.00263444450684,-0.000362523336662,-0.00599186075851,0.0209760311991,-0.00598966050893,0.000681051693391],[0.000167313439306,0.000703098310623,-0.000205175208976,-0.000466354162199,-0.000522673828527,0.00179520936217,-0.00318289361894,0.00321425031871,0.00121769797988,0.000617713201791,-0.00598966050893,0.0230745188892,-0.00825656112283],[0.0000941944454098,0.000656234333292,0.000215534731979,-0.00155339110643,-0.00123503000941,-0.000365855463315,0.000108090731374,-0.00123296014499,0.000955210183747,0.00183449301403,0.000681051693391,-0.00825656112283,0.0206082314253]],"mean":[-595.543212891,102.849975586,-22.7632579803,33.4706916809,10.2638778687,4.04372167587,0.911017715931,6.06315469742,-3.44235348701,-2.85475873947,-2.62832903862,-0.453637748957,-2.59589862823]},"pitch_salience":{"dmean":0.0603634230793,"dmean2":0.101502403617,"dvar":0.00296686729416,"dvar2":0.0083544710651,"max":0.86022734642,"mean":0.598781347275,"median":0.60250967741,"min":0.0760442987084,"var":0.00758364005014},"silence_rate_20dB":{"dmean":0,"dmean2":0,"dvar":0,"dvar2":0,"max":1,"mean":1,"median":1,"min":1,"var":0},"silence_rate_30dB":{"dmean":0,"dmean2":0,"dvar":0,"dvar2":0,"max":1,"mean":1,"median":1,"min":1,"var":0},"silence_rate_60dB":{"dmean":0.000756143650506,"dmean2":0.00151240173727,"dvar":0.00075594795635,"dvar2":0.00196345988661,"max":1,"mean":0.00438530184329,"median":0,"min":0,"var":0.00436591589823},"spectral_centroid":{"dmean":235.398300171,"dmean2":374.085784912,"dvar":62605.6796875,"dvar2":138479.109375,"max":11158.7490234,"mean":2063.94213867,"median":2128.03417969,"min":330.658172607,"var":250369.03125},"spectral_complexity":{"dmean":3.66926264763,"dmean2":5.92120409012,"dvar":9.38847446442,"dvar2":22.8636054993,"max":61,"mean":33.1000289917,"median":34,"min":0,"var":84.2347564697},"spectral_contrast_coeffs":{"dmean":[0.0552403107285,0.0440355353057,0.0357960388064,0.0279890280217,0.0201616585255,0.0159792210907],"dmean2":[0.0937350392342,0.0739016830921,0.0593933090568,0.0466494746506,0.033609136939,0.0255931355059],"dvar":[0.00213688518852,0.00125581247266,0.000777757377364,0.000485684286105,0.000249693810474,0.00020845279505],"dvar2":[0.00587445544079,0.00340946903452,0.00208309898153,0.00132684328128,0.000672268273775,0.000476691056974],"max":[-0.284159123898,-0.399654150009,-0.530622601509,-0.549845337868,-0.554903566837,-0.58143645525],"mean":[-0.633324801922,-0.756846487522,-0.763559877872,-0.783462285995,-0.769055962563,-0.736735105515],"median":[-0.639995336533,-0.763450562954,-0.769466280937,-0.786943733692,-0.771215438843,-0.738239884377],"min":[-0.97583168745,-0.965374946594,-0.966021478176,-0.96717196703,-0.963080525398,-0.962792217731],"var":[0.00468204030767,0.00375758926384,0.00352848530747,0.00174127682112,0.00105597206857,0.00132275337819]},"spectral_contrast_valleys":{"dmean":[0.403820127249,0.339273810387,0.2887814641,0.21828597784,0.156298235059,0.201391428709],"dmean2":[0.678885519505,0.562542438507,0.476919472218,0.362061291933,0.250939667225,0.268702179193],"dvar":[0.118832424283,0.0928890779614,0.0751277133822,0.0463066659868,0.0325921215117,0.0704097226262],"dvar2":[0.300680041313,0.218103423715,0.164442181587,0.0935691222548,0.0519496463239,0.106220394373],"max":[-5.3701748848,-4.62421607971,-5.31398677826,-5.70350694656,-5.4951915741,-7.73890638351],"mean":[-7.11917638779,-6.62876749039,-7.01682472229,-6.98373508453,-6.66216516495,-9.80203151703],"median":[-6.96760177612,-6.58295726776,-6.97622013092,-6.93234968185,-6.55079460144,-9.41159629822],"min":[-27.2817840576,-27.4052715302,-27.3094806671,-27.3322792053,-27.3261947632,-27.2214946747],"var":[0.810437381268,0.496010988951,0.448898673058,0.373080074787,0.429243773222,1.46616971493]},"spectral_decrease":{"dmean":1.82255632808e-9,"dmean2":2.96277113954e-9,"dvar":6.16839749719e-18,"dvar2":1.51342917019e-17,"max":1.10368426114e-17,"mean":-6.04365135715e-9,"median":-5.47348477653e-9,"min":-2.48047555829e-8,"var":1.05617233025e-17},"spectral_energy":{"dmean":0.00710145710036,"dmean2":0.0115381041542,"dvar":0.0000915524797165,"dvar2":0.000224266084842,"max":0.0999183803797,"mean":0.0256582517177,"median":0.0238270908594,"min":1.04612772744e-20,"var":0.000171993495314},"spectral_energyband_high":{"dmean":0.000365688028978,"dmean2":0.000517201027833,"dvar":2.46792495773e-7,"dvar2":4.80299661376e-7,"max":0.0109034096822,"mean":0.00145819876343,"median":0.00120790558867,"min":7.10034066357e-21,"var":0.00000158085583735},"spectral_energyband_low":{"dmean":0.00400381116197,"dmean2":0.00656874617562,"dvar":0.0000413841553382,"dvar2":0.000100330231362,"max":0.0702903196216,"mean":0.00666056014597,"median":0.00470017967746,"min":6.87640395424e-23,"var":0.0000512393089593},"spectral_energyband_middle_high":{"dmean":0.00175841280725,"dmean2":0.00280510052107,"dvar":0.00000421557479058,"dvar2":0.0000104584369183,"max":0.0383409522474,"mean":0.00912674516439,"median":0.00823615863919,"min":1.62143071256e-21,"var":0.0000294467063213},"spectral_energyband_middle_low":{"dmean":0.00430929567665,"dmean2":0.00724141998217,"dvar":0.0000504080999235,"dvar2":0.000131055057864,"max":0.0775911509991,"mean":0.00946731865406,"median":0.00735808676109,"min":1.93529617669e-22,"var":0.0000628584457445},"spectral_entropy":{"dmean":0.0853058844805,"dmean2":0.127327054739,"dvar":0.00741193303838,"dvar2":0.0140543747693,"max":9.8220281601,"mean":7.82960367203,"median":7.86680030823,"min":5.13814353943,"var":0.0905200764537},"spectral_flux":{"dmean":0.0190565157682,"dmean2":0.0301030613482,"dvar":0.000493203348015,"dvar2":0.00101070664823,"max":0.258932769299,"mean":0.0894801616669,"median":0.0843872278929,"min":1.03325806244e-10,"var":0.00137455912773},"spectral_kurtosis":{"dmean":1.27099692822,"dmean2":2.176258564,"dvar":3.41698288918,"dvar2":10.8593845367,"max":40.6021003723,"mean":4.32247686386,"median":3.86870718002,"min":-1.23832499981,"var":5.81835889816},"spectral_rms":{"dmean":0.000635111471638,"dmean2":0.00101899111178,"dvar":5.51041807739e-7,"dvar2":0.00000130343141791,"max":0.00987326446921,"mean":0.00484153442085,"median":0.00482140434906,"min":3.19470253203e-12,"var":0.00000159183832693},"spectral_rolloff":{"dmean":508.289031982,"dmean2":820.487670898,"dvar":469061.65625,"dvar2":963246.75,"max":19272.2167969,"mean":2651.27905273,"median":2637.81738281,"min":129.19921875,"var":1569193.875},"spectral_skewness":{"dmean":0.161684185266,"dmean2":0.26824644208,"dvar":0.0324482917786,"dvar2":0.0957106277347,"max":4.23466825485,"mean":1.2984265089,"median":1.30628991127,"min":-0.00466722948477,"var":0.0882828906178},"spectral_spread":{"dmean":370026.1875,"dmean2":515468.6875,"dvar":293286969344,"dvar2":415770836992,"max":42122568,"mean":4063848.25,"median":4019957.25,"min":1331922.75,"var":1757531865090},"spectral_strongpeak":{"dmean":0.66548705101,"dmean2":1.18240964413,"dvar":1.35944998264,"dvar2":3.54796862602,"max":13.2774372101,"mean":1.00905930996,"median":0.407948851585,"min":7.85860443386e-9,"var":1.87192845345},"zerocrossingrate":{"dmean":0.00991545058787,"dmean2":0.011819367297,"dvar":0.000108532403829,"dvar2":0.000128118816065,"max":0.5771484375,"mean":0.0880004912615,"median":0.0849609375,"min":0.0107421875,"var":0.00107055273838}},"metadata":{"audio_properties":{"analysis_sample_rate":44100,"bit_rate":238896,"codec":"mp3","downmix":"mix","equal_loudness":0,"length":307.069396973,"lossless":false,"md5_encoded":"dc707ae5b9cb4e273e782b6107a705c7","replay_gain":-13.7805480957,"sample_rate":44100},"tags":{"acoustid_id":["d7d8f9ba-bd76-4940-8042-791c1368e973"],"album":["Telephantasm"],"albumartist":["Soundgarden"],"albumartistsort":["Soundgarden"],"artist":["Soundgarden"],"artistsort":["Soundgarden"],"barcode":["602527471297"],"catalognumber":["B0014677-00"],"date":["2809","2010"],"discnumber":["2/2"],"encoding":["Lame 3.97 (-V2 --vbr-new)"],"file_name":"2-04 Superunknown.mp3","genre":["Rock"],"label":["A&M Records"],"language":["eng"],"media":["CD"],"musicbrainz album release country":["XE"],"musicbrainz album status":["official"],"musicbrainz album type":["album/compilation"],"musicbrainz_albumartistid":["153c9281-268f-4cf3-8938-f5a4593e5df4"],"musicbrainz_albumid":["2b226697-8e9c-44f9-97e5-4adfaf894ffd"],"musicbrainz_artistid":["153c9281-268f-4cf3-8938-f5a4593e5df4"],"musicbrainz_recordingid":["0a9205f2-ccaf-47d6-8e34-3d73ad5abb2c"],"musicbrainz_releasegroupid":["99f2c4db-a8b3-4701-9cd4-27f3f3acf498"],"originaldate":["2010"],"originalyear":["2010"],"script":["Latn"],"title":["Superunknown"],"tracknumber":["4/12"]},"version":{"essentia":"2.1-beta2","essentia_build_sha":"2d9f1f26377add8aeb1075a9c2973f962c4f09fd","essentia_git_sha":"v2.1_beta2-1-ge3940c0","extractor":"music 1.0"}},"rhythm":{"beats_count":683,"beats_loudness":{"dmean":0.00954182073474,"dmean2":0.0160158071667,"dvar":0.0000607896909059,"dvar2":0.000180911098141,"max":0.0676883384585,"mean":0.0311739817262,"median":0.0323449037969,"min":0.0013906781096,"var":0.000157061615027},"beats_loudness_band_ratio":{"dmean":[0.263600736856,0.217952251434,0.0720177069306,0.0780837014318,0.0758514404297,0.0487623251975],"dmean2":[0.50619918108,0.420509725809,0.12905