{"lowlevel":{"average_loudness":0.904798328876,"barkbands":{"dmean":[0.000106558174593,0.00474078441039,0.00214100023732,0.00347066274844,0.00365665042773,0.000834277889226,0.000726038124412,0.000471454492072,0.000531613070052,0.000413810746977,0.000256710074609,0.000303677166812,0.00028048522654,0.000400921009714,0.000330097071128,0.000224735835218,0.000179083202966,0.000220851565246,0.000193151223357,0.000190127873793,0.000153167755343,0.000135366120958,0.0000901831081137,0.0000551916855329,0.0000196373857762,0.00000239620726461,3.63541147408e-7],"dmean2":[0.000155019995873,0.00771090900525,0.00374914868735,0.0057140882127,0.00579411815852,0.00140181323513,0.00117134163156,0.000762707379181,0.000835652695969,0.000647774024401,0.000419818417868,0.00048236612929,0.000456543086329,0.000642627826892,0.000530836172402,0.000362893624697,0.000287803413812,0.000347184482962,0.000303641427308,0.000294650031719,0.000230581645155,0.000198126144824,0.000135268026497,0.0000770012120483,0.0000272964189207,0.00000342904900208,5.40471944532e-7],"dvar":[6.20839983867e-8,0.0000916252611205,0.0000189172023966,0.0000387597028748,0.000032833795558,0.00000259997887042,0.00000295616769108,0.00000102615149444,0.00000193029836737,0.00000101321779766,5.14076191394e-7,7.54649761348e-7,7.73393537656e-7,0.00000101411933429,8.81504945482e-7,3.63170130413e-7,2.37722446172e-7,3.49619966755e-7,4.45001745675e-7,3.1308016446e-7,1.23135905028e-7,8.60555999793e-8,4.88273741439e-8,2.02883931877e-8,1.84004111947e-9,2.4526131126e-11,8.75706028958e-13],"dvar2":[1.22564543403e-7,0.000217415348743,0.0000531215082447,0.0000938880184549,0.0000773099018261,0.00000696201732353,0.00000696944107403,0.00000253864004662,0.00000462551724922,0.00000244409307015,0.00000143321028645,0.0000018528299961,0.00000201465718419,0.00000245131104748,0.00000204289563044,8.46729108162e-7,6.04367016876e-7,8.57681982325e-7,0.00000111701774586,6.40741120606e-7,2.79249576352e-7,1.88073528307e-7,1.10223901117e-7,3.6614412835e-8,3.54005758041e-9,5.51479070743e-11,2.27485565107e-12],"max":[0.00312644802034,0.101440399885,0.0522445291281,0.100290626287,0.0829730555415,0.0223362315446,0.0431755892932,0.0214431621134,0.0351048409939,0.0216567032039,0.0268909595907,0.0287711657584,0.0300469435751,0.0272249095142,0.0297621488571,0.029408223927,0.0166785586625,0.0250281635672,0.024760087952,0.0242180153728,0.0109911914915,0.00877295713872,0.00771731557325,0.00632319506258,0.00156570388936,0.000188672624063,0.0000302253083646],"mean":[0.000125343416585,0.00647194124758,0.00262088305317,0.00442343391478,0.00533855054528,0.00107326847501,0.00100108014885,0.000648247252684,0.000872457574587,0.000721987918951,0.00038180424599,0.0004760005977,0.000432501459727,0.00063055427745,0.000527140451595,0.000359817931894,0.000299134349916,0.000394441041863,0.000344010535628,0.000363357452443,0.000309025490424,0.00026747098309,0.000156936454005,0.0000901043240447,0.0000295467198157,0.00000313347118208,4.1949257934e-7],"median":[0.0000139033782034,0.00239886087365,0.00115300121251,0.00140877603553,0.00304530002177,0.00054580491269,0.000369515269995,0.000236352774664,0.000271440367214,0.000293542456347,0.000140213538543,0.000190713821212,0.000131889028125,0.000207041477552,0.000177304100362,0.000150443374878,0.000136282033054,0.000182556730579,0.000124912694446,0.000135875496198,0.000124920756207,0.0000809840203146,0.0000495871572639,0.0000204056068469,0.00000593473123445,6.20042783339e-7,7.2274602303e-8],"min":[2.97600419179e-24,1.3880168555e-23,1.49833400438e-23,5.97685829095e-23,5.96531062947e-23,4.10916572679e-23,3.48519599896e-23,2.35931825336e-23,1.51647149432e-23,8.58795128408e-23,1.22250052161e-22,4.14959137719e-23,7.02964681151e-23,1.25888632066e-22,1.15367385913e-22,1.45858425e-22,1.49275353923e-22,3.14222559377e-22,1.69187023586e-22,3.04405898542e-22,8.11706014114e-22,5.12234017704e-22,7.8236245841e-22,6.66202248355e-22,1.17192479358e-21,1.84118650958e-21,2.51975148312e-21],"var":[8.50990531376e-8,0.000119131975225,0.0000184914588317,0.0000544890135643,0.0000486739954795,0.00000265649327957,0.00000479870413983,0.0000016379904082,0.00000465783796244,0.00000217742103814,6.74619400343e-7,0.00000116744263323,0.00000122852452478,0.00000193983760255,0.00000207015091291,7.94289462647e-7,4.06602936209e-7,6.29391536222e-7,9.34766546834e-7,9.55739892561e-7,2.9425041248e-7,2.29830646958e-7,1.24862552298e-7,7.02645763795e-8,5.73132874493e-9,3.89699141012e-11,8.53836749568e-13]},"barkbands_crest":{"dmean":3.04689121246,"dmean2":4.97310686111,"dvar":7.22720336914,"dvar2":18.0620422363,"max":25.1881504059,"mean":10.0872602463,"median":9.42949295044,"min":2.15077114105,"var":17.6764431},"barkbands_flatness_db":{"dmean":0.0237675663084,"dmean2":0.0350943133235,"dvar":0.000482643576106,"dvar2":0.00102371978574,"max":0.371890723705,"mean":0.138688400388,"median":0.135155469179,"min":0.0145376650617,"var":0.00252984673716},"barkbands_kurtosis":{"dmean":3.94555044174,"dmean2":5.95444154739,"dvar":63.6329650879,"dvar2":148.950500488,"max":280.928436279,"mean":5.43071889877,"median":1.86321210861,"min":-1.92656683922,"var":131.608520508},"barkbands_skewness":{"dmean":0.677395999432,"dmean2":0.985055446625,"dvar":0.4942240417,"dvar2":1.00000429153,"max":14.691906929,"mean":1.74585390091,"median":1.59401524067,"min":-3.72501945496,"var":2.00865030289},"barkbands_spread":{"dmean":6.64974403381,"dmean2":9.91959762573,"dvar":53.2889595032,"dvar2":107.974250793,"max":102.992225647,"mean":24.3390254974,"median":20.6797332764,"min":0.544079840183,"var":262.555786133},"dissonance":{"dmean":0.0141274742782,"dmean2":0.0234194863588,"dvar":0.0002160295262,"dvar2":0.000567493145354,"max":0.500000119209,"mean":0.471501141787,"median":0.478304594755,"min":0.303308665752,"var":0.000551910721697},"dynamic_complexity":3.72025609016,"erbbands":{"dmean":[0.121009901166,1.18755841255,2.44648122787,6.88208627701,12.8569040298,13.9653625488,6.0465388298,7.29288482666,9.24223423004,10.5997400284,10.1237440109,13.0306043625,11.3625440598,11.7202129364,10.5344266891,11.4865455627,12.2709684372,18.2968769073,18.5404071808,14.0823688507,11.7434768677,9.82715892792,11.2281799316,10.927280426,9.30678749084,8.46627521515,7.01308107376,5.8304772377,5.34548568726,2.9937646389,2.58717393875,1.44988596439,0.788745045662,0.327053844929,0.0791245922446,0.0177958663553,0.00307267648168,0.000538250955287,0.0000667703643558,0.0000155765756062],"dmean2":[0.182647511363,1.97498762608,4.14501571655,11.4462776184,20.899066925,22.0728416443,10.0164699554,12.2742967606,15.1637430191,16.7147884369,16.2327575684,20.2144031525,17.7817897797,18.2474861145,16.9397106171,18.2528381348,19.7067508698,29.3857650757,29.6569328308,22.334186554,18.9261322021,15.6219434738,17.6283378601,17.1058330536,14.3070755005,12.9865226746,10.7401266098,8.58824825287,7.78764247894,4.54566287994,3.9036886692,2.06611299515,1.10835075378,0.454669594765,0.112410984933,0.0252543073148,0.00439265510067,0.00077814218821,0.0000969457105384,0.0000220400797843],"dvar":[0.0662524476647,5.82507371902,21.8483219147,143.644592285,381.040924072,621.606140137,109.64402771,192.840255737,428.874176025,965.161132813,453.452392578,1315.7869873,1052.15234375,771.170410156,930.188720703,1134.87426758,1326.34155273,2361.83251953,2360.01928711,1916.04992676,837.15612793,690.84375,971.072692871,1217.97827148,898.215515137,756.223510742,293.403839111,152.867782593,132.090576172,71.7845916748,39.8459892273,15.5535984039,3.50085639954,0.514829993248,0.0376031771302,0.00140085245948,0.000037109166442,0.00000142184012475,2.01727381466e-8,4.76324202303e-10],"dvar2":[0.134368091822,14.7555332184,58.0558547974,365.350128174,938.776367188,1471.53540039,289.798187256,520.705078125,1043.16223145,2289.77539063,1095.93347168,3083.63037109,2444.72167969,1930.61791992,2404.80834961,2720.30224609,3373.31933594,5944.43701172,5599.27832031,4276.28369141,1999.57629395,1729.91699219,2409.84985352,3096.66235352,2043.37353516,1604.17907715,637.165588379,327.083251953,287.659393311,172.497711182,88.5964660645,28.6022968292,6.65032577515,0.983071804047,0.0826239287853,0.00302336947061,0.0000832154400996,0.00000344293584931,4.87015618944e-8,1.0087587432e-9],"max":[2.61126995087,26.5045223236,51.1902885437,154.976318359,364.120513916,372.076812744,148.317398071,229.667144775,525.566040039,1092.25817871,598.482421875,1112.7911377,815.791259766,755.756225586,1163.91723633,1145.21264648,1274.75524902,1377.51025391,1179.45568848,1688.41711426,1385.52648926,864.379333496,1580.55175781,1087.97509766,1548.89855957,1297.42687988,713.311584473,370.868469238,373.298614502,331.837158203,165.34715271,185.529953003,64.0462417603,24.9342212677,7.0222735405,1.61338448524,0.110944591463,0.0326201617718,0.00334915262647,0.000531065627001],"mean":[0.159843057394,1.52210891247,3.33599972725,8.91133594513,17.5686340332,19.5819206238,8.50862312317,9.44723796844,12.3784246445,16.1729183197,14.5184841156,21.7464008331,19.4585952759,21.7561206818,17.5237922668,19.2938251495,20.9267063141,29.8870182037,31.2542438507,23.3128814697,19.8819217682,17.5427150726,20.2881011963,19.9420471191,17.6480846405,15.7941160202,14.66614151,11.2826728821,10.7766275406,5.71606731415,4.30006027222,2.38200068474,1.25981831551,0.501107692719,0.118969142437,0.0245269164443,0.00399072049186,0.000665465428028,0.0000898089492694,0.0000372653812519],"median":[0.0461596697569,0.580852150917,1.67077887058,3.52147459984,10.4456396103,9.58695697784,4.78065919876,4.79253530502,5.21834468842,5.09505081177,5.90635442734,6.85076808929,7.5145573616,10.3659257889,8.17278766632,8.0309343338,7.25849866867,10.3046016693,10.5662469864,9.13428115845,8.86297893524,8.44788169861,9.66549396515,7.80790996552,6.58003616333,5.95953559875,5.76370477676,4.49942064285,3.11370587349,1.80321907997,1.29387271404,0.587041139603,0.288992106915,0.101670660079,0.0244743730873,0.00481970841065,0.000839345855638,0.000131868058816,0.0000267686173174,0.0000287111142825],"min":[1.67022464993e-22,3.84275477732e-21,1.84368057222e-20,1.40313044645e-19,1.16408752788e-19,2.6244277242e-19,1.99678465964e-19,3.72799057591e-19,5.63185868358e-19,5.41309784589e-19,3.80194284912e-19,3.27266823225e-19,2.6366388229e-18,3.55221257609e-18,3.4493321942e-18,1.98736428739e-18,2.67051807284e-18,6.11620281413e-18,5.27845083335e-18,7.58516349905e-18,8.66306917271e-18,9.28054543791e-18,1.40248241248e-17,1.17367226093e-17,1.13669331708e-17,1.51946246014e-17,2.16268885781e-17,3.60614284952e-17,1.99080221545e-17,2.0289636967e-17,2.43830775402e-17,1.23072687824e-17,1.26258499507e-17,1.27878094331e-17,9.17283990471e-18,7.28607649625e-18,3.35291147251e-18,1.40405254604e-18,3.566390245e-19,3.38760381514e-20],"var":[0.0981979444623,6.53211545944,24.2359600067,178.487792969,489.272949219,899.482727051,135.321502686,206.274078369,662.546081543,1598.84423828,779.878967285,3144.29150391,2301.87939453,1823.35302734,1275.2532959,1964.27844238,2405.58886719,4214.31494141,5509.25439453,4435.55078125,1983.75610352,1260.01379395,1723.73327637,2272.38183594,2448.1171875,2126.40844727,783.959472656,372.384735107,381.892608643,155.181900024,99.2803115845,52.4422035217,11.7652425766,1.69929862022,0.0943749397993,0.00288829393685,0.0000532619778824,0.00000164389211932,2.42974440567e-8,1.0131597783e-9]},"erbbands_crest":{"dmean":2.17653989792,"dmean2":3.5380988121,"dvar":4.71500968933,"dvar2":11.3220872879,"max":27.320728302,"mean":7.26986169815,"median":6.32774543762,"min":2.23967027664,"var":12.5059261322},"erbbands_flatness_db":{"dmean":0.0167273804545,"dmean2":0.0225475262851,"dvar":0.000256837025518,"dvar2":0.00045545809553,"max":0.309900790453,"mean":0.152585938573,"median":0.151339709759,"min":0.0323909409344,"var":0.00143627228681},"erbbands_kurtosis":{"dmean":0.774564325809,"dmean2":1.19996857643,"dvar":1.43198049068,"dvar2":2.95074653625,"max":24.3821277618,"mean":0.0099864276126,"median":-0.407099366188,"min":-1.88831090927,"var":3.08582210541},"erbbands_skewness":{"dmean":0.365472793579,"dmean2":0.54216748476,"dvar":0.131133452058,"dvar2":0.258461147547,"max":4.00199508667,"mean":-0.000226382602705,"median":-0.0344900563359,"min":-3.97657370567,"var":0.594475150108},"erbbands_spread":{"dmean":10.28536129,"dmean2":14.8990478516,"dvar":106.441741943,"dvar2":206.652816772,"max":165.178329468,"mean":47.3624687195,"median":43.8604774475,"min":4.84907054901,"var":498.783935547},"gfcc":{"cov":[[11546.796875,587.10748291,-1065.91796875,326.297973633,-571.070617676,358.702911377,-409.376586914,86.2525863647,-188.646331787,-55.9915771484,-32.043586731,-137.876907349,-35.8501701355],[587.10748291,1333.37878418,-127.156585693,-317.547393799,218.128799438,-126.553672791,143.907562256,-46.8884658813,100.241821289,-96.5804519653,89.3981628418,-66.2170791626,50.4860267639],[-1065.91796875,-127.156585693,892.115966797,151.91317749,52.9501876831,95.1237640381,-21.966791153,73.7267608643,26.3539924622,51.009727478,3.28837418556,34.6447486877,25.2107639313],[326.297973633,-317.547393799,151.91317749,433.547332764,-40.8261795044,52.7966079712,-0.0580297745764,-2.11750006676,12.4933443069,35.289188385,-20.3390235901,32.012462616,14.1173610687],[-571.070617676,218.128799438,52.9501876831,-40.8261795044,291.601348877,18.4976501465,85.3754882813,15.3330669403,38.2703933716,10.7682914734,21.8151283264,5.90779924393,9.00715923309],[358.702911377,-126.553672791,95.1237640381,52.7966079712,18.4976501465,187.945739746,22.4671802521,52.4927825928,-5.49490499496,29.3515586853,2.56042313576,7.11228847504,4.36758708954],[-409.376586914,143.907562256,-21.966791153,-0.0580297745764,85.3754882813,22.4671802521,179.06111145,9.26269245148,42.0738449097,6.52233457565,7.81332778931,9.76908111572,10.4502515793],[86.2525863647,-46.8884658813,73.7267608643,-2.11750006676,15.3330669403,52.4927825928,9.26269245148,118.83795929,35.5835342407,25.5040493011,19.4119720459,0.696905016899,-1.99760997295],[-188.646331787,100.241821289,26.3539924622,12.4933443069,38.2703933716,-5.49490499496,42.0738449097,35.5835342407,97.4033203125,32.8774490356,24.2208919525,-0.145070850849,4.624584198],[-55.9915771484,-96.5804519653,51.009727478,35.289188385,10.7682914734,29.3515586853,6.52233457565,25.5040493011,32.8774490356,82.896522522,18.9245014191,12.7527160645,-2.42111539841],[-32.043586731,89.3981628418,3.28837418556,-20.3390235901,21.8151283264,2.56042313576,7.81332778931,19.4119720459,24.2208919525,18.9245014191,72.3208465576,15.9982881546,5.80350542068],[-137.876907349,-66.2170791626,34.6447486877,32.012462616,5.90779924393,7.11228847504,9.76908111572,0.696905016899,-0.145070850849,12.7527160645,15.9982881546,62.9095993042,22.4750442505],[-35.8501701355,50.4860267639,25.2107639313,14.1173610687,9.00715923309,4.36758708954,10.4502515793,-1.99760997295,4.624584198,-2.42111539841,5.80350542068,22.4750442505,50.9978141785]],"icov":[[0.000391967478208,-0.00112399738282,0.000719618459698,-0.00100827717688,0.000846598006319,-0.00131320673972,0.00137461419217,-0.00115080783144,0.00130920077208,-0.00109091424383,0.00113327079453,-0.000753258529585,0.000980303855613],[-0.00112399738282,0.00530718872324,-0.00219959928654,0.00391209637746,-0.00324960728176,0.00431104702875,-0.00489126937464,0.00460329651833,-0.00574747333303,0.00566941872239,-0.00600523501635,0.00518654985353,-0.00546431960538],[0.000719618459698,-0.00219959928654,0.00268962862901,-0.00229767826386,0.00124654418323,-0.00280727143399,0.00307995500043,-0.00283135450445,0.00240198825486,-0.00248566502705,0.00258360477164,-0.00198477786034,0.0015129216481],[-0.00100827717688,0.00391209637746,-0.00229767826386,0.00592664256692,-0.00203129323199,0.00290669919923,-0.00400410266593,0.00435807928443,-0.00518919201568,0.00328511861153,-0.00300601520576,0.00208581076004,-0.00393598526716],[0.000846598006319,-0.00324960728176,0.00124654418323,-0.00203129323199,0.00642746174708,-0.00332702463493,0.00150784128346,-0.00270582037047,0.00280388304964,-0.00330126704648,0.00280062598176,-0.0027487098705,0.00297464523464],[-0.00131320673972,0.00431104702875,-0.00280727143399,0.00290669919923,-0.00332702463493,0.0118476068601,-0.0062085930258,0.000790111604147,-0.00155060563702,0.00196666596457,-0.00443926081061,0.00409540720284,-0.00479736737907],[0.00137461419217,-0.00489126937464,0.00307995500043,-0.00400410266593,0.00150784128346,-0.0062085930258,0.0127607462928,-0.00399519503117,0.00199799682014,-0.00395613908768,0.00607363879681,-0.00541506614536,0.00421466864645],[-0.00115080783144,0.00460329651833,-0.00283135450445,0.00435807928443,-0.00270582037047,0.000790111604147,-0.00399519503117,0.016101129353,-0.00949816871434,0.00442893523723,-0.00659140991047,0.00422632740811,-0.0033541219309],[0.00130920077208,-0.00574747333303,0.00240198825486,-0.00518919201568,0.00280388304964,-0.00155060563702,0.00199799682014,-0.00949816871434,0.0231481585652,-0.0116364648566,0.00306252366863,-0.0017709917156,0.00349571811967],[-0.00109091424383,0.00566941872239,-0.00248566502705,0.00328511861153,-0.00330126704648,0.00196666596457,-0.00395613908768,0.00442893523723,-0.0116364648566,0.0229032114148,-0.00870823021978,0.00239437958226,-0.00258290651254],[0.00113327079453,-0.00600523501635,0.00258360477164,-0.00300601520576,0.00280062598176,-0.00443926081061,0.00607363879681,-0.00659140991047,0.00306252366863,-0.00870823021978,0.0244067329913,-0.0109531302005,0.00603784248233],[-0.000753258529585,0.00518654985353,-0.00198477786034,0.00208581076004,-0.0027487098705,0.00409540720284,-0.00541506614536,0.00422632740811,-0.0017709917156,0.00239437958226,-0.0109531302005,0.0278359223157,-0.0145970685408],[0.000980303855613,-0.00546431960538,0.0015129216481,-0.00393598526716,0.00297464523464,-0.00479736737907,0.00421466864645,-0.0033541219309,0.00349571811967,-0.00258290651254,0.00603784248233,-0.0145970685408,0.0302456934005]],"mean":[-19.127872467,106.295646667,-125.022727966,55.0474662781,-58.3454055786,14.2625703812,-31.0830974579,-3.05009651184,-19.6747016907,-7.84401702881,-14.4934196472,-8.19476890564,-6.7312951088]},"hfc":{"dmean":6.6620016098,"dmean2":9.26093006134,"dvar":141.750747681,"dvar2":300.391387939,"max":290.385223389,"mean":19.0679244995,"median":13.7643051147,"min":1.20217030393e-16,"var":468.931793213},"melbands":{"dmean":[0.00120116327889,0.00130302866455,0.00137291382998,0.00100524176378,0.000262728601228,0.000161811549333,0.000142458433402,0.000110920147563,0.0000828980337246,0.0000798344626673,0.0000578237159061,0.0000502669499838,0.0000368792425434,0.0000346994311258,0.0000301890449919,0.0000275680758932,0.0000370598208974,0.000032378029573,0.0000225433359446,0.0000159723895194,0.0000144522391565,0.0000108018275569,0.0000106493716885,0.000010777089301,0.00000934778745432,0.00000712460723662,0.00000720379421182,0.00000588016064285,0.00000498813233207,0.00000437798098574,0.00000343718147633,0.00000333000798491,0.00000234723529502,0.00000167174027865,0.00000165689380083,0.00000112210170755,8.67326946263e-7,5.59821103252e-7,4.99065549775e-7,2.12651187326e-7],"dmean2":[0.00190536177251,0.00211541657336,0.00227006524801,0.00157855940051,0.000428527273471,0.000271458702628,0.000232152131503,0.000175992259756,0.000132108674734,0.000124203943415,0.0000905843699002,0.0000782089846325,0.0000598381520831,0.0000550215227122,0.0000480409144075,0.0000449276230938,0.0000596937134105,0.0000520148460055,0.0000361866295862,0.00002572413905,0.0000235021943809,0.000017409436623,0.0000171216088347,0.0000170951952896,0.0000148285635078,0.0000111675035441,0.0000115714929052,0.00000916918452276,0.00000782116603659,0.00000680427046973,0.00000514692101206,0.00000493182460559,0.00000352736424247,0.00000260938827523,0.00000253158600572,0.00000168059045791,0.00000124977395899,8.09360756193e-7,7.10354981948e-7,2.99952631622e-7],"dvar":[0.00000601869078309,0.00000587746944802,0.00000550508866581,0.00000248920741797,1.73659614688e-7,9.53530090442e-8,1.0151626384e-7,9.23956804399e-8,3.0066487966e-8,4.84036881687e-8,2.67721027569e-8,1.49488119661e-8,1.11196278851e-8,1.02403765467e-8,7.94510324198e-9,8.89849260943e-9,8.95162255432e-9,7.83536791005e-9,5.48591794214e-9,2.29408581021e-9,1.26845955961e-9,8.58063675668e-10,8.6214069217e-10,9.40971633945e-10,9.87830151011e-10,6.41522779343e-10,5.579842699e-10,3.64533209174e-10,1.48490206242e-10,1.17429704849e-10,4.99281067878e-11,5.06697322988e-11,3.38156586066e-11,2.37769196693e-11,1.63399970637e-11,8.82029171922e-12,6.53277475518e-12,2.24069525954e-12,1.14959832018e-12,2.68431842509e-13],"dvar2":[0.0000134612118927,0.0000141227810673,0.0000136072394525,0.00000578438903176,4.48332741598e-7,2.56106545748e-7,2.42679021767e-7,2.2104826769e-7,7.1690550385e-8,1.12981346945e-7,6.21577811444e-8,3.73779585061e-8,3.06778851211e-8,2.46528681913e-8,1.86054034401e-8,2.38975115252e-8,2.21696510039e-8,1.86312263395e-8,1.22749934661e-8,5.14877385172e-9,3.12174974759e-9,2.1747659229e-9,2.12681383616e-9,2.40182695954e-9,2.57310350804e-9,1.5562249267e-9,1.24398213952e-9,8.03607569377e-10,3.27634308572e-10,2.83811668611e-10,1.09435696616e-10,1.14054793388e-10,7.79901698778e-11,5.88788531819e-11,3.74726118191e-11,1.90091258706e-11,1.27515012438e-11,4.61227106854e-12,2.33961027635e-12,5.60447359094e-13],"max":[0.0230570789427,0.0244054254144,0.0333156250417,0.0231713112444,0.00789415929466,0.0047035808675,0.00796720013022,0.010682137683,0.00492344424129,0.00697275344282,0.00403756508604,0.00340762431733,0.00421414338052,0.0029011007864,0.00268652616069,0.00386279216036,0.00224314490333,0.00222376640886,0.00257026893087,0.00185678107664,0.00148787570652,0.00101824279409,0.00172908930108,0.00133584789,0.000972829759121,0.00104047602508,0.0011379023781,0.000913544965442,0.000580379797611,0.000390177796362,0.000192438281374,0.00021130173991,0.000184946504305,0.000219375084271,0.000103891252365,0.0000931564645725,0.000116891518701,0.0000556380618946,0.0000371350288333,0.0000220675065066],"mean":[0.0016324208118,0.00188000081107,0.00183340418153,0.00146906613372,0.000381662830478,0.000210036247154,0.000193693544134,0.000169265505974,0.000121134005894,0.000131394452183,0.0000953791313805,0.0000905218475964,0.000058101486502,0.0000544230788364,0.0000480891903862,0.0000426624937973,0.0000576649399591,0.0000514300954819,0.0000364594925486,0.0000248454362008,0.0000230629375437,0.0000177809779416,0.0000176278808794,0.0000187062469195,0.0000159534392878,0.000012548194718,0.0000124470052469,0.000010150259186,0.00000960991656029,0.00000827598978503,0.00000585948782827,0.00000629087207926,0.00000458279146187,0.00000283746544483,0.00000265169842351,0.00000179691221547,0.00000133883656872,8.76832132235e-7,7.18719491033e-7,3.20244907925e-7],"median":[0.000584580935538,0.000913967960514,0.000827001931611,0.000849537027534,0.000217616354348,0.000105233870272,0.0000809098346508,0.0000559446525585,0.0000467414065497,0.0000396524155803,0.0000360086087312,0.0000412182707805,0.0000243399044848,0.0000217931756197,0.0000156633886945,0.0000138996774695,0.0000184989785339,0.0000162046435435,0.0000128158371808,0.0000103289476101,0.00000982001620287,0.00000828810789244,0.0000083049026216,0.00000790220838098,0.00000591798880123,0.00000438789811597,0.00000423004485128,0.00000373034322365,0.00000371304417968,0.00000295368113257,0.00000227991199608,0.00000184262444236,0.00000121076629966,8.83945062924e-7,7.75829505528e-7,4.92705169108e-7,2.86331925281e-7,2.04445811391e-7,1.36011593099e-7,6.56964829204e-8],"min":[2.80241791339e-24,7.79842962897e-24,2.10672057389e-23,1.4202910484e-23,8.50926193547e-24,8.93349476422e-24,7.98444224156e-24,5.94597320322e-24,2.39347715329e-24,2.27481038504e-24,1.33895854244e-23,1.36963229433e-23,1.28540600991e-23,4.88026195774e-24,5.95755092029e-24,7.08326568724e-24,1.25242089556e-23,8.98317170201e-24,9.59364827959e-24,8.04147688501e-24,1.12323048618e-23,9.01807011959e-24,1.0618489036e-23,1.51985665423e-23,8.67562875608e-24,6.34702456541e-24,1.00660820874e-23,9.76835730427e-24,1.11697860573e-23,1.88209621766e-23,2.07569688329e-23,9.53153416077e-24,1.15694600684e-23,1.06991469081e-23,1.62252532333e-23,7.93805327603e-24,7.52403067397e-24,8.87536518184e-24,8.15794194247e-24,1.19579780085e-23],"var":[0.00000837944298837,0.00000770080623624,0.00000719953550288,0.00000365925234291,2.65774218633e-7,1.02954423653e-7,1.60596030696e-7,1.52581108637e-7,5.94584008695e-8,1.15187688721e-7,5.75193723762e-8,3.44187647272e-8,1.46919409971e-8,1.49108885239e-8,1.60553952355e-8,1.1750552531e-8,1.62639839374e-8,1.65155142895e-8,1.29958088735e-8,4.88165419199e-9,2.75628764257e-9,1.42845846263e-9,1.47887535551e-9,1.51698764661e-9,1.66416391778e-9,1.48522416588e-9,1.38861544485e-9,9.38388255989e-10,3.64061725211e-10,2.47902892658e-10,1.05470437939e-10,1.28470747929e-10,8.25738019627e-11,4.77697777168e-11,3.6402051512e-11,2.65835686797e-11,1.89390482463e-11,6.86146929205e-12,2.99618836686e-12,8.32915171296e-13]},"melbands_crest":{"dmean":3.85697865486,"dmean2":6.28888654709,"dvar":11.0198392868,"dvar2":27.3687572479,"max":33.841796875,"mean":14.7052583694,"median":14.2021360397,"min":2.09069013596,"var":26.8485298157},"melbands_flatness_db":{"dmean":0.0320329032838,"dmean2":0.0462720319629,"dvar":0.000873155426234,"dvar2":0.00175328867044,"max":0.49351644516,"mean":0.197783917189,"median":0.195390477777,"min":0.00757013307884,"var":0.00513909664005},"melbands_kurtosis":{"dmean":11.3155221939,"dmean2":17.2293777466,"dvar":442.492767334,"dvar2":1042.77856445,"max":697.413879395,"mean":20.3177909851,"median":10.8911933899,"min":-1.87592029572,"var":1044.83361816},"melbands_skewness":{"dmean":0.975394487381,"dmean2":1.43928015232,"dvar":1.03959870338,"dvar2":2.14349293709,"max":21.7697105408,"mean":3.28291153908,"median":2.99048280716,"min":-1.44953489304,"var":4.21973562241},"melbands_spread":{"dmean":9.15645885468,"dmean2":13.793047905,"dvar":163.134216309,"dvar2":327.352539063,"max":247.094161987,"mean":25.1577682495,"median":18.3420391083,"min":0.55398017168,"var":534.183776855},"mfcc":{"cov":[[8958.74609375,97.4135818481,-258.765441895,-49.9620933533,-81.2858428955,-9.74286842346,-88.1934585571,-35.6045074463,-153.954101563,-8.72638320923,-23.8808860779,-58.5000457764,-131.054733276],[97.4135818481,1616.40856934,-234.065628052,-85.5246505737,34.9695014954,-57.2850570679,42.7460594177,44.812297821,3.72103834152,32.3292388916,29.6598739624,6.6613779068,-49.151725769],[-258.765441895,-234.065628052,746.346557617,102.802337646,117.012825012,30.3146820068,14.290802002,0.512132883072,54.688785553,-11.133638382,-8.3611946106,41.6517448425,30.0706596375],[-49.9620933533,-85.5246505737,102.802337646,311.65133667,23.5856628418,73.5263061523,-14.060708046,10.5688362122,29.3984718323,-5.79741430283,-8.43523693085,9.05181503296,34.2193222046],[-81.2858428955,34.9695014954,117.012825012,23.5856628418,210.161407471,15.5915327072,36.4909439087,8.38704204559,23.5648136139,11.9938087463,15.6208229065,27.7177181244,5.23753070831],[-9.74286842346,-57.2850570679,30.3146820068,73.5263061523,15.5915327072,157.095703125,47.9130859375,18.6700725555,34.3810272217,4.16713380814,6.67734622955,-2.17119073868,18.8873329163],[-88.1934585571,42.7460594177,14.290802002,-14.060708046,36.4909439087,47.9130859375,111.272781372,41.7223815918,25.3724441528,13.2887220383,15.0823860168,9.8241109848,3.48884367943],[-35.6045074463,44.812297821,0.512132883072,10.5688362122,8.38704204559,18.6700725555,41.7223815918,85.0025253296,32.1157608032,10.9885921478,11.1349210739,10.0087423325,8.22815990448],[-153.954101563,3.72103834152,54.688785553,29.3984718323,23.5648136139,34.3810272217,25.3724441528,32.1157608032,88.3540267944,29.7126121521,14.9506797791,9.14310073853,11.0933609009],[-8.72638320923,32.3292388916,-11.133638382,-5.79741430283,11.9938087463,4.16713380814,13.2887220383,10.9885921478,29.7126121521,72.2543106079,39.3688316345,14.169634819,-1.34464383125],[-23.8808860779,29.6598739624,-8.3611946106,-8.43523693085,15.6208229065,6.67734622955,15.0823860168,11.1349210739,14.9506797791,39.3688316345,74.3453979492,30.8183364868,2.90857481956],[-58.5000457764,6.6613779068,41.6517448425,9.05181503296,27.7177181244,-2.17119073868,9.8241109848,10.0087423325,9.14310073853,14.169634819,30.8183364868,63.3308639526,25.1092643738],[-131.054733276,-49.151725769,30.0706596375,34.2193222046,5.23753070831,18.8873329163,3.48884367943,8.22815990448,11.0933609009,-1.34464383125,2.90857481956,25.1092643738,62.2234649658]],"icov":[[0.000120300428534,-8.64843343606e-7,0.0000179558483069,-0.00000403369631385,0.00000363837193618,-0.000101615187305,0.000114667745947,-0.0000844056048663,0.000232445454458,-0.0000953934722929,0.0000520651519764,-0.0000482025825477,0.000255019083852],[-8.64843343606e-7,0.000700077682268,0.000236328894971,0.0000206622644328,-0.00019061905914,0.000273531739367,-0.00020849367138,-0.00029053282924,-0.0000863029708853,-0.0000782623392297,-0.0000160965319083,-0.000228255943512,0.000515294726938],[0.0000179558483069,0.000236328894971,0.00173674162943,-0.000357506825821,-0.00077715923544,0.000143848272273,-0.0000999679978122,0.000390596222132,-0.00109629461076,0.000594569719397,0.000537550484296,-0.00111199112143,0.000189399041119],[-0.00000403369631385,0.0000206622644328,-0.000357506825821,0.00418688589707,-0.000365178653738,-0.00211521750316,0.0019520255737,-0.000739976589102,-0.000500412716065,0.000110256980406,0.000572715129238,-0.000173114705831,-0.00132607016712],[0.00000363837193618,-0.00019061905914,-0.00077715923544,-0.000365178653738,0.00586897041649,0.000156169306138,-0.00187312089838,0.000878045102581,-0.000627055356745,-0.000142863020301,-0.0000541663575859,-0.00199144473299,0.000795849831775],[-0.000101615187305,0.000273531739367,0.000143848272273,-0.00211521750316,0.000156169306138,0.0095659326762,-0.00456797704101,0.00112927111331,-0.002554040635,0.00118261284661,-0.00162528734654,0.00265320762992,-0.00222800811753],[0.000114667745947,-0.00020849367138,-0.0000999679978122,0.0019520255737,-0.00187312089838,-0.00456797704101,0.0143163539469,-0.00584970321506,0.000157281916472,-0.000661081983708,-0.000278203369817,-0.000798802298959,0.000859708699863],[-0.0000844056048663,-0.00029053282924,0.000390596222132,-0.000739976589102,0.000878045102581,0.00112927111331,-0.00584970321506,0.0166356246918,-0.00519780255854,0.00110998912714,-0.000612054311205,-0.0010378472507,-0.0010795298731],[0.000232445454458,-0.0000863029708853,-0.00109629461076,-0.000500412716065,-0.000627055356745,-0.002554040635,0.000157281916472,-0.00519780255854,0.0178688336164,-0.00716299191117,0.000850792333949,0.0010307172779,-0.00106323487125],[-0.0000953934722929,-0.0000782623392297,0.000594569719397,0.000110256980406,-0.000142863020301,0.00118261284661,-0.000661081983708,0.00110998912714,-0.00716299191117,0.0226301457733,-0.0107452524826,0.000317989877658,0.00107265950646],[0.0000520651519764,-0.0000160965319083,0.000537550484296,0.000572715129238,-0.0000541663575859,-0.00162528734654,-0.000278203369817,-0.000612054311205,0.000850792333949,-0.0107452524826,0.0237544216216,-0.0107257403433,0.00295057147741],[-0.0000482025825477,-0.000228255943512,-0.00111199112143,-0.000173114705831,-0.00199144473299,0.00265320762992,-0.000798802298959,-0.0010378472507,0.0010307172779,0.000317989877658,-0.0107257403433,0.0270099174231,-0.0106798708439],[0.000255019083852,0.000515294726938,0.000189399041119,-0.00132607016712,0.000795849831775,-0.00222800811753,0.000859708699863,-0.0010795298731,-0.00106323487125,0.00107265950646,0.00295057147741,-0.0106798708439,0.0227413550019]],"mean":[-647.872741699,117.407691956,-0.535972237587,36.554359436,1.11628818512,15.5120763779,-0.898481488228,5.07540941238,-0.791797876358,0.930171906948,-4.21961975098,-2.81228089333,-6.6270570755]},"pitch_salience":{"dmean":0.0818445086479,"dmean2":0.136833563447,"dvar":0.00556538300589,"dvar2":0.0151437614113,"max":0.906881451607,"mean":0.58396935463,"median":0.593121469021,"min":0.139748826623,"var":0.0116363475099},"silence_rate_20dB":{"dmean":0,"dmean2":0,"dvar":0,"dvar2":0,"max":1,"mean":1,"median":1,"min":1,"var":0},"silence_rate_30dB":{"dmean":0.00611790874973,"dmean2":0.0122369518504,"dvar":0.00608088960871,"dvar2":0.0170950964093,"max":1,"mean":0.99629253149,"median":1,"min":0,"var":0.0036937922705},"silence_rate_60dB":{"dmean":0.0222469419241,"dmean2":0.0444980077446,"dvar":0.0217479746789,"dvar2":0.0488246008754,"max":1,"mean":0.066827327013,"median":0,"min":0,"var":0.0623540468514},"spectral_centroid":{"dmean":321.904602051,"dmean2":473.257171631,"dvar":129337.9375,"dvar2":241556.96875,"max":10909.3623047,"mean":1439.24230957,"median":1279.42565918,"min":173.269180298,"var":643639.5},"spectral_complexity":{"dmean":4.81979990005,"dmean2":6.89218521118,"dvar":29.5742645264,"dvar2":54.1818389893,"max":67,"mean":20.1875991821,"median":18,"min":0,"var":156.544021606},"spectral_contrast_coeffs":{"dmean":[0.0596000254154,0.0469119437039,0.037338219583,0.0288072731346,0.0201651751995,0.0195665210485],"dmean2":[0.0980468690395,0.0779361501336,0.0604681484401,0.0471366941929,0.0326512567699,0.0294322818518],"dvar":[0.00239978800528,0.00138460379094,0.000903961597942,0.000571467564441,0.000307489855913,0.000322752137436],"dvar2":[0.00613566627726,0.00375193078071,0.00231959670782,0.00144553452265,0.000727644946892,0.000664886960294],"max":[-0.290745645761,-0.443794757128,-0.503637731075,-0.555263638496,-0.619724392891,-0.567975997925],"mean":[-0.624139130116,-0.762658298016,-0.785712718964,-0.803569555283,-0.808666586876,-0.725251972675],"median":[-0.626341164112,-0.766382157803,-0.791358649731,-0.810295462608,-0.811834394932,-0.728011846542],"min":[-0.963646709919,-0.966965794563,-0.961029350758,-0.961770057678,-0.956187546253,-0.959979534149],"var":[0.00772650260478,0.00424517132342,0.00411217007786,0.0026240570005,0.00148078612983,0.00270876009017]},"spectral_contrast_valleys":{"dmean":[0.46359783411,0.426205903292,0.362218439579,0.352812767029,0.286865770817,0.403169006109],"dmean2":[0.716435313225,0.663151144981,0.555344939232,0.529428005219,0.405131757259,0.485037654638],"dvar":[0.177230164409,0.163610175252,0.128229632974,0.147788092494,0.1170283705,0.212475121021],"dvar2":[0.342354804277,0.346424400806,0.250291198492,0.301935106516,0.199455484748,0.348223537207],"max":[-4.9997253418,-4.55194664001,-4.75569105148,-4.99719953537,-5.02926301956,-7.73163747787],"mean":[-7.11080789566,-6.89530801773,-7.3927154541,-7.63246297836,-7.39845609665,-10.3787889481],"median":[-6.91092395782,-6.73660755157,-7.20165777206,-7.49125671387,-7.25086307526,-10.2553987503],"min":[-27.414440155,-27.0079250336,-27.2862071991,-27.1891403198,-27.4232292175,-27.2340564728],"var":[1.38462126255,1.25598740578,1.28970932961,1.30636513233,1.25714206696,1.41534399986]},"spectral_decrease":{"dmean":3.04562286502e-9,"dmean2":4.40643477262e-9,"dvar":1.52545439106e-17,"dvar2":2.89445683368e-17,"max":-5.40137021095e-30,"mean":-7.05654867872e-9,"median":-5.48629586206e-9,"min":-4.17483434489e-8,"var":3.5357603673e-17},"spectral_energy":{"dmean":0.011922842823,"dmean2":0.0171856284142,"dvar":0.000229529701755,"dvar2":0.000435371068306,"max":0.163044884801,"mean":0.0283624529839,"median":0.0222040433437,"min":1.09244200614e-20,"var":0.00054825906409},"spectral_energyband_high":{"dmean":0.000467973586638,"dmean2":0.000655309180729,"dvar":0.00000100143063264,"dvar2":0.00000193639993995,"max":0.0373318903148,"mean":0.00105191580951,"median":0.000421553326305,"min":8.1927134418e-21,"var":0.00000332359286404},"spectral_energyband_low":{"dmean":0.00653700158,"dmean2":0.0099134221673,"dvar":0.000124626312754,"dvar2":0.000245182571234,"max":0.111954696476,"mean":0.0110996169969,"median":0.00582879548892,"min":7.51072385268e-23,"var":0.000227581418585},"spectral_energyband_middle_high":{"dmean":0.00178755167872,"dmean2":0.00264648068696,"dvar":0.0000152845987031,"dvar2":0.0000329211216012,"max":0.0943759605289,"mean":0.00464530009776,"median":0.00273503968492,"min":1.483006904e-21,"var":0.000049021866289},"spectral_energyband_middle_low":{"dmean":0.00737484963611,"dmean2":0.0113298725337,"dvar":0.0001015933085,"dvar2":0.000233273691265,"max":0.138598784804,"mean":0.013545056805,"median":0.0095320250839,"min":2.62627092939e-22,"var":0.000177959431312},"spectral_entropy":{"dmean":0.153635814786,"dmean2":0.221618562937,"dvar":0.0270601585507,"dvar2":0.0544168166816,"max":9.80388450623,"mean":7.66846895218,"median":7.74083805084,"min":5.9294128418,"var":0.153837755322},"spectral_flux":{"dmean":0.0301816929132,"dmean2":0.045729547739,"dvar":0.00112761673518,"dvar2":0.00228735990822,"max":0.317509829998,"mean":0.0905753821135,"median":0.0789678096771,"min":1.04519948252e-10,"var":0.00281164771877},"spectral_kurtosis":{"dmean":1.47578477859,"dmean2":2.46589159966,"dvar":3.29032826424,"dvar2":8.82090473175,"max":34.5319786072,"mean":3.18766260147,"median":2.43078684807,"min":-1.18476033211,"var":7.19953107834},"spectral_rms":{"dmean":0.0010522317607,"dmean2":0.00146621430758,"dvar":0.00000131138608594,"dvar2":0.00000227704867939,"max":0.0126122236252,"mean":0.00478708744049,"median":0.0046542971395,"min":3.26465482252e-12,"var":0.00000475460456073},"spectral_rolloff":{"dmean":590.720275879,"dmean2":941.771179199,"dvar":821144.5625,"dvar2":1638065.875,"max":18583.1542969,"mean":1579.16564941,"median":925.927734375,"min":64.599609375,"var":3069341},"spectral_skewness":{"dmean":0.215859845281,"dmean2":0.333907842636,"dvar":0.0464778840542,"dvar2":0.111761838198,"max":4.444896698,"mean":1.18101513386,"median":1.12100207806,"min":-0.217170476913,"var":0.256793946028},"spectral_spread":{"dmean":485482.4375,"dmean2":639225.4375,"dvar":359247118336,"dvar2":537017745408,"max":39044556,"mean":4221026,"median":4001942.5,"min":1815072.375,"var":1759435030530},"spectral_strongpeak":{"dmean":0.422573894262,"dmean2":0.714844226837,"dvar":0.696351885796,"dvar2":1.86370038986,"max":21.5222034454,"mean":0.661050736904,"median":0.393938422203,"min":0,"var":0.906241774559},"zerocrossingrate":{"dmean":0.0111632104963,"dmean2":0.0124266147614,"dvar":0.000148215709487,"dvar2":0.000163241333212,"max":0.494140625,"mean":0.0599593445659,"median":0.04931640625,"min":0.00244140625,"var":0.00171051698271}},"metadata":{"audio_properties":{"analysis_sample_rate":44100,"bit_rate":320033,"codec":"mp3","downmix":"mix","equal_loudness":0,"length":250.48815918,"lossless":false,"md5_encoded":"d88fb5139273b7e1042ee80d659b1984","replay_gain":-14.0584125519,"sample_rate":44100},"tags":{"acoustid_fingerprint":["AQADtEniRMkUMsEJj6Gg8sQ1HTaFS_PQT0cTMcfRJyS0fMKP5onRNUe_FEyuWPjBnGjStIOeo--g5Qk-9Bn8FI-U4fjxHf_AK8vhNPjxwSfuLDgPP4c2GdVFonnx40djAT6nQuuC_2iUBxXH494RHmYGyj2YRj36HL50MCyu6ggtHha9Cepz5MvgF2wX4zuy4-FwGuoTxMlxacGP88azoMHB6MmRKlxwo_2IHuIOO0X6o7eO_EdVK0LDSTj0D40iH1_gQ490uAqLkpFyNJyE-jiTibhqNL_APMJFpsN1aJmUwXk0XMlxD77QB5ck_HhIBXQUorlIRCKPPQ9KGQ2TZEH-BP8GXyIhN8KVEPmaIkyVD4w-4YGu8LhxCTmDO8ieTriiQ5xFQd_BKz9EScZ1ZHOO9LLAR3giCV8YGf2h68HTHM154OJxnEqKf3hyNJqKcF_xZRx-WMqHPA-uhUYTHdVz6ClyK-iP-EG9UcGXBnrQSwgzFjuRP8JcatCi-OiXQp4enIdYaT3e55DvwVfxSVMPVVF4lFKO5tCVS-gb9Mcb4inxbarw44d-NNMraOWW4Xohpk04PJOeQ3tYNMdxC_-GMKny4XlwaUNvIY-TBqqYo48EJkmXHPmS4-GHk04QPgo8CXU-5I4JhE_QnA-eB18O8YmQl8lxnGhu-NrhKwif46PR0wnCkHjSoE-04cW1HhXC_BGSfcbxDc2DJymOUDuH59ATDtWF5jueHD9MJU8R-cPVJcR0Ho24_NgVnGqFni_CPkjy4PIjNA5F1CNiH_8h5_gEOsdzvAepRI6E5pvQpTt-MGkaaJRoPMuVoLuO5jueFKoU47Hh9Qry40e-DYd0fD6-yXiFHg2fCj9O6XD4I7vwHL2x3ZTxoKlT5CqSZfJRuRF-rC_u49qSgz--I6SVIsm-ox-Lkxba5YNLHX0-NCMbJHuOiM5RXQzBo-_xRhveKCd65Bf0p2Ak5ugrojkiUtnwI3wP8Qvyh6g5Fxeeo6Rg4h98hMekZzqcZHkOsTqYLhM39DBRK0ePpnhwLomgH6qUkiDnhMOnJ-hCaImjHKzU4dqFI8zz4fHxH0-iINzwXLhpvI1Rm0Kjh3iUBv_R1GgV5lC5KwInHp7V4ZxwDS_BZB0FTc5x4ckOPZBjXMIvXIuHk4FPxDdx6kTapJDzCL2IMD-uTLgcPPES9EeYpFlW6CS-I1-CJzieCw8TfBuoqyC9aAnyHU0daFRCB29yofnRR8YTace1bqh1iHEe4UfPDCeOH9UWhQLDC2qmeCg5QQsjWnjy4IWv4NkjZOHR5EO2K9BFNFSygBofVE6sCBWF5iF44Tpk8TgnXMqFUC6aWRTxnfgOe0oRk3qGf5BE5NLxD65QacliNFWQ86CWEuqlBW-OMCGlo89yzNFxPkTz4jCX-IOno4-D6smFKdWRL1lKTD20VM-xZ4F8NFWCfi8aJw96rYJ5PMelNCoaNQjrx3i0oQ9RuThnRNcDMeKOfMly_ELDY_qHMM-OJ4SW68XD4EfJ1IaUbGkDPiz6wq9G6FIZeD8sR0HeeYMzpUZ55Iceo1yO5gU9Hj908rgW5AmuL8KX41o0MJkkhL_wLA1OeEoKWfkUnMnhPDmeVMR9PE2hPYFjR