{"lowlevel":{"average_loudness":0.134629189968,"barkbands":{"dmean":[0.0000200582271646,0.000347542605596,0.000376420182874,0.000354481016984,0.000224442381295,0.000394855276681,0.000291025644401,0.000199584916118,0.000340350350598,0.000523212191183,0.000690962246154,0.000359367782949,0.000329299480654,0.000487585872179,0.000522728834767,0.000220441710553,0.00018637526955,0.000168760117958,0.000127151753986,0.0000709500091034,0.0000223850202019,0.0000116449418783,0.0000095781761047,0.00000861865737534,0.00000640705366095,0.00000130991179503,2.81240744471e-7],"dmean2":[0.0000309508650389,0.000574030098505,0.000623882340733,0.000589254312217,0.000366762513295,0.000667117594276,0.000439507421106,0.00030330294976,0.000509820180014,0.000767423945945,0.00104963581543,0.000555339676794,0.000515856780112,0.000756060122512,0.00084450194845,0.000352513743564,0.000292629731121,0.000263864872977,0.000192863677512,0.000108023057692,0.0000341509112332,0.0000169018094311,0.0000138270752359,0.000011921548321,0.00000901443581824,0.00000199213400265,4.90076502047e-7],"dvar":[4.78214303712e-8,8.24097298846e-7,6.91720174473e-7,5.13983877681e-7,2.21994000071e-7,0.0000027082141969,0.00000108643109797,9.79334458862e-7,0.00000222566836783,0.00000424717836722,0.00000722835829947,9.81832954494e-7,8.07516357781e-7,0.00000170114174125,0.00000181150073786,6.76721413129e-7,2.20516895411e-7,1.86563639204e-7,9.86583330587e-8,3.55677016728e-8,3.44026629406e-9,3.01078695308e-9,1.68642999565e-9,2.49211695724e-9,1.28953159262e-9,3.89951473889e-11,4.20960098377e-12],"dvar2":[8.82652813061e-8,0.00000192500715457,0.00000188573676496,0.00000141232703754,5.8089074173e-7,0.00000740750783734,0.00000208497453968,0.0000019378117031,0.00000456544512417,0.00000860035652295,0.0000158468337759,0.00000205449941859,0.00000176387402462,0.00000405070977649,0.00000450643574368,0.00000164285586379,4.99899044826e-7,4.22725349836e-7,2.07507014238e-7,7.70296750829e-8,7.28520355153e-9,6.09645622873e-9,3.31587046709e-9,4.22562429492e-9,2.52577780913e-9,9.22791704161e-11,1.20425449127e-11],"max":[0.023902785033,0.0634489431977,0.0131944241002,0.0126297716051,0.00979278609157,0.0354014076293,0.0372923761606,0.041625764221,0.0777004063129,0.083400465548,0.0761011168361,0.0401959829032,0.0351576022804,0.0335454344749,0.0317741669714,0.0371077507734,0.0158206801862,0.0149227939546,0.00968864187598,0.0059095188044,0.00177238509059,0.00387489260174,0.00236813118681,0.00259478553198,0.00190894841217,0.000218175846385,0.0000674481780152],"mean":[0.0000272042270808,0.000975147006102,0.000971173227299,0.00100202998146,0.000471608509542,0.000499440007843,0.000532404403202,0.000326750829117,0.000588088820223,0.00104806781746,0.001392389182,0.000637949677184,0.00058223848464,0.000934901356231,0.00100261962507,0.00037714530481,0.000388099695556,0.000341729813954,0.000279012456303,0.000167356367456,0.0000579138759349,0.0000285183086817,0.0000221486425289,0.0000176682133315,0.0000116048131531,0.00000198841212296,3.09976769586e-7],"median":[0.00000358895022146,0.00081341463374,0.000498173991218,0.000559665844776,0.000265436072368,0.0000842744557303,0.0000874571851455,0.0000245038936555,0.000072206625191,0.0000782382921898,0.0000759083413868,0.000114850088721,0.0000996227608994,0.000107569030661,0.000124840065837,0.0000542983943888,0.000057651908719,0.0000591957723373,0.0000717473012628,0.0000444677971245,0.0000104699247458,0.00000370965449292,0.00000304629134007,0.00000233535229199,0.00000174947899723,3.26323572608e-7,8.55371524722e-8],"min":[7.14445052791e-24,1.5331789372e-23,1.3065631805e-23,3.10405217281e-23,3.68604976731e-23,5.8835392013e-23,1.06562814687e-22,5.51956761488e-23,3.93399095863e-23,8.85379551588e-23,2.81370529021e-23,3.73760908499e-23,5.73856108197e-23,6.88987075652e-23,8.81926486525e-23,1.2463123827e-22,1.2667129568e-22,1.98949193062e-22,3.1060594136e-22,2.82704398148e-22,6.40610085976e-22,5.26891280515e-22,4.94054371045e-22,6.6500923823e-22,1.35667778463e-21,1.37218913767e-21,2.56546108795e-21],"var":[6.64473347456e-8,0.00000127370992686,0.0000013279252471,0.0000013866780364,3.86159342725e-7,0.00000311130384034,0.00000353349696525,0.00000259408989223,0.00000639241852696,0.0000169059021573,0.0000281663978967,0.00000251751112046,0.00000222490439228,0.00000475669094158,0.00000530134366272,0.00000118045988984,6.94561038017e-7,5.46324656625e-7,3.31798105435e-7,1.08716093905e-7,1.5406486753e-8,9.56487067327e-9,5.48345591156e-9,7.1941905766e-9,2.60170129884e-9,5.40086794731e-11,2.71514321443e-12]},"barkbands_crest":{"dmean":1.9833073616,"dmean2":3.19107294083,"dvar":4.45770978928,"dvar2":11.162229538,"max":26.5787372589,"mean":10.7027578354,"median":9.84566402435,"min":2.37912845612,"var":21.1708717346},"barkbands_flatness_db":{"dmean":0.0169716570526,"dmean2":0.0247735660523,"dvar":0.000417059316533,"dvar2":0.000788499892224,"max":0.487725436687,"mean":0.18282982707,"median":0.160964772105,"min":0.0227614622563,"var":0.00646247994155},"barkbands_kurtosis":{"dmean":3.99933457375,"dmean2":6.07805252075,"dvar":216.081237793,"dvar2":500.446990967,"max":687.207214355,"mean":11.4688138962,"median":0.709297060966,"min":-1.93675673008,"var":1247.58068848},"barkbands_skewness":{"dmean":0.484760850668,"dmean2":0.727760970592,"dvar":0.49657663703,"dvar2":1.06873834133,"max":21.5822219849,"mean":1.39459550381,"median":0.759853363037,"min":-4.87887096405,"var":4.72840642929},"barkbands_spread":{"dmean":3.57690548897,"dmean2":5.44225788116,"dvar":25.0847625732,"dvar2":54.3660392761,"max":140.094696045,"mean":18.6663570404,"median":17.6493186951,"min":0.277013331652,"var":184.573059082},"dissonance":{"dmean":0.0211267005652,"dmean2":0.0357035808265,"dvar":0.000568684830796,"dvar2":0.0015811289195,"max":0.500000119209,"mean":0.456267952919,"median":0.469884037971,"min":0.167793467641,"var":0.00176215765532},"dynamic_complexity":6.17176818848,"erbbands":{"dmean":[0.00893675070256,0.0871631503105,0.357366204262,0.859091699123,1.00902533531,0.686943948269,1.44380950928,3.84782171249,3.9207713604,4.50155448914,3.98548221588,7.60517883301,13.3768901825,18.0505580902,25.1097660065,13.1141061783,12.1973247528,19.9136238098,22.3959751129,25.0327777863,8.65145969391,9.77266120911,8.25393676758,7.85965156555,4.95411109924,3.19238114357,1.3074734211,0.69372433424,0.414069086313,0.319300919771,0.271025836468,0.189507991076,0.14561663568,0.0916839018464,0.0350581146777,0.00844642706215,0.00197365041822,0.000416379334638,0.0000497436158184,0.00000525760333403],"dmean2":[0.0146746663377,0.144448205829,0.596289753914,1.42186582088,1.67101418972,1.10793948174,2.437302351,6.51874876022,5.89658784866,6.84453678131,5.91393375397,11.3141822815,19.4940567017,26.0785541534,37.2604866028,20.1459922791,18.6571025848,30.490901947,34.7226867676,39.8128662109,13.5707416534,15.2921485901,12.8327150345,11.9418611526,7.22762537003,4.80950307846,2.01448321342,1.02689695358,0.591552078724,0.46022900939,0.390872210264,0.263124197721,0.202800378203,0.130512729287,0.0501571632922,0.0122483931482,0.00311965658329,0.000708014529664,0.0000863043387653,0.00000821949379315],"dvar":[0.00147980113979,0.038691919297,0.6126999259,3.09372329712,4.55060243607,2.11943984032,29.4784889221,268.557342529,195.507095337,355.913635254,312.979675293,1588.65478516,3483.19726563,4136.96923828,9063.58105469,1073.98095703,1100.4317627,2752.27954102,3524.60620117,4345.23681641,857.055419922,574.310791016,419.074859619,406.721160889,178.666366577,64.6059951782,9.43724727631,5.47423887253,3.55319833755,1.6464420557,1.64380788803,1.10595619678,0.813768684864,0.28933313489,0.0358748435974,0.00174293387681,0.000104693164758,0.000006641060736,1.35226557063e-7,2.65891086926e-10],"dvar2":[0.00290705822408,0.103738479316,1.67065048218,8.57504367828,12.5593919754,5.45397186279,78.7182693481,737.643676758,355.154052734,748.323181152,596.934814453,3491.50292969,7018.24902344,8245.99121094,19167.1152344,2305.87670898,2359.91723633,6061.20410156,8497.93359375,10296.0976563,2075.92602539,1304.18786621,953.389709473,858.253356934,345.832763672,130.560241699,21.8963222504,11.0969772339,6.69510412216,3.28567290306,3.18376374245,1.89594912529,1.4727666378,0.575928926468,0.0716319084167,0.00355446478352,0.000273085548542,0.0000186861852853,3.87151374071e-7,7.31604943294e-10],"max":[3.78956365585,10.5820837021,14.0910139084,35.1603469849,51.1780357361,31.2754878998,113.323356628,331.717315674,712.833618164,821.090270996,1132.82727051,2455.91381836,3346.72241211,1833.75671387,3224.60083008,1028.54907227,1810.78051758,1788.58435059,2060.83422852,1480.47802734,1172.6184082,756.572387695,714.606140137,566.226379395,625.814086914,264.673950195,100.269493103,107.356307983,121.94367981,74.8779754639,78.6713027954,49.4566879272,42.9372024536,31.0637817383,9.24731826782,1.92237687111,0.356975972652,0.0816239193082,0.0125570287928,0.000676519586705],"mean":[0.021276364103,0.248200178146,0.976858735085,2.48445272446,2.56960272789,1.34616565704,1.80850112438,4.86822891235,7.26866865158,8.51751899719,7.07417631149,13.2377166748,28.7710094452,39.3081512451,49.7549324036,26.2146530151,24.7903728485,41.5685310364,46.9309310913,49.3162574768,18.9542884827,21.9383831024,18.5254993439,17.4031562805,12.2416934967,7.92980909348,3.52993273735,1.84740531445,1.0587003231,0.787181973457,0.622859895229,0.41490393877,0.274385124445,0.1638302356,0.0628801286221,0.0144042279571,0.00274000060745,0.000473719352158,0.0000591690550209,0.0000185618209798],"median":[0.0136498166248,0.204439803958,0.637694060802,1.91375946999,1.50040137768,0.725550353527,0.490402817726,0.880860388279,1.18714129925,1.38518321514,1.04395580292,1.95630884171,3.28018403053,3.68856716156,5.50862360001,5.78520107269,5.6503071785,6.77560806274,6.93331289291,6.74424266815,3.5233707428,3.66279220581,3.66678190231,4.25197076797,3.23513364792,2.13582658768,0.864320635796,0.314433455467,0.150132954121,0.110211536288,0.0802225470543,0.0557060167193,0.0338762253523,0.0215806886554,0.0101514253765,0.00242559518665,0.000443730008556,0.0000814393497421,0.0000179862436198,0.0000103818911157],"min":[7.80183435264e-22,2.01186400065e-21,9.40204180383e-21,6.53722776805e-20,1.70358545089e-19,5.78551187676e-20,4.55274935873e-19,3.80652646369e-19,1.37509409017e-18,1.13120443605e-18,1.59666837591e-18,7.00907718035e-19,1.05436421683e-18,3.3223887147e-18,1.36531743571e-18,1.47834918487e-18,2.21326917383e-18,3.38210019479e-18,3.5629340776e-18,6.93151876157e-18,5.66580379777e-18,8.48865648619e-18,1.02131940601e-17,1.33162339151e-17,1.6583447615e-17,1.33257357388e-17,2.3665531446e-17,2.30660207165e-17,2.13630692479e-17,1.36685499903e-17,1.23464117962e-17,1.28628884814e-17,1.25868202607e-17,1.19443556964e-17,1.15368385501e-17,5.52109433987e-18,2.77810304446e-18,1.18030256849e-18,3.62626804008e-19,3.63903150156e-20],"var":[0.00208722613752,0.059373691678,1.18374669552,5.90869855881,9.44568538666,3.77315592766,28.0886898041,316.479492188,770.528259277,1284.52258301,1043.50280762,3723.7355957,16459.3222656,16206.8945313,32599.6582031,3235.15454102,3500.65332031,8586.07519531,11055.2958984,12356.9716797,1947.82385254,2046.5098877,1346.86010742,1233.17773438,737.206726074,238.347122192,39.4717140198,23.1029911041,12.5207586288,5.61040687561,5.21754455566,3.42254161835,2.01710748672,0.586135625839,0.0686555206776,0.0031601767987,0.000110549539386,0.00000484121255795,8.63142872731e-8,5.49886636225e-10]},"erbbands_crest":{"dmean":2.62955141068,"dmean2":4.2280459404,"dvar":6.58583688736,"dvar2":15.7170095444,"max":33.2699966431,"mean":11.6321659088,"median":10.4098033905,"min":1.96969211102,"var":29.6926174164},"erbbands_flatness_db":{"dmean":0.016484271735,"dmean2":0.0237753689289,"dvar":0.000310867122607,"dvar2":0.000589026778471,"max":0.439062148333,"mean":0.206338226795,"median":0.202795296907,"min":0.0247215293348,"var":0.0031970620621},"erbbands_kurtosis":{"dmean":1.63939714432,"dmean2":2.53826546669,"dvar":19.9104347229,"dvar2":42.649974823,"max":192.929779053,"mean":3.35253977776,"median":0.86161339283,"min":-1.82708263397,"var":122.640792847},"erbbands_skewness":{"dmean":0.37601685524,"dmean2":0.567784488201,"dvar":0.188292965293,"dvar2":0.387058407068,"max":11.1664218903,"mean":0.316544592381,"median":-0.0267760306597,"min":-5.10023880005,"var":2.31547474861},"erbbands_spread":{"dmean":5.1749420166,"dmean2":7.87509679794,"dvar":50.6619949341,"dvar2":109.631942749,"max":166.779464722,"mean":25.7486019135,"median":22.0783996582,"min":0.826580882072,"var":260.719146729},"gfcc":{"cov":[[17463.5039063,535.15612793,-4515.00634766,869.27130127,-622.735656738,-123.022079468,-537.738464355,-20.0412387848,-443.01651001,-105.303436279,-104.701637268,-258.410736084,-47.1598739624],[535.15612793,1470.39501953,531.789306641,156.342391968,357.883514404,-5.6708650589,30.2955150604,-173.218338013,-133.949066162,-200.905761719,-81.5956573486,-154.601455688,-16.8192386627],[-4515.00634766,531.789306641,2718.85571289,257.718719482,269.255584717,221.465988159,60.5858879089,-69.4821090698,-48.930015564,-159.303436279,-142.747833252,-34.7682723999,-83.1804504395],[869.27130127,156.342391968,257.718719482,641.432495117,198.125595093,44.8285217285,-55.6875343323,-38.9107780457,-67.6385879517,-128.816253662,-118.368881226,-103.416824341,-63.4381027222],[-622.735656738,357.883514404,269.255584717,198.125595093,548.819580078,98.2023620605,12.6231489182,-100.377830505,-33.2494087219,-100.365005493,-109.041488647,-51.5795669556,-23.5832424164],[-123.022079468,-5.6708650589,221.465988159,44.8285217285,98.2023620605,305.23828125,97.4157562256,-36.5561218262,-46.0745849609,-46.2984046936,-52.3042259216,-36.6679534912,-37.7473220825],[-537.738464355,30.2955150604,60.5858879089,-55.6875343323,12.6231489182,97.4157562256,262.182098389,33.3423194885,10.1021490097,3.69220614433,10.7642564774,-25.3515548706,-22.0368556976],[-20.0412387848,-173.218338013,-69.4821090698,-38.9107780457,-100.377830505,-36.5561218262,33.3423194885,190.023345947,82.8035049438,60.5139160156,35.6658401489,-5.84938240051,-5.01782608032],[-443.01651001,-133.949066162,-48.930015564,-67.6385879517,-33.2494087219,-46.0745849609,10.1021490097,82.8035049438,201.235351563,78.0553207397,16.9454879761,38.6150665283,-7.87048387527],[-105.303436279,-200.905761719,-159.303436279,-128.816253662,-100.365005493,-46.2984046936,3.69220614433,60.5139160156,78.0553207397,173.650268555,101.707588196,36.2782325745,0.802973031998],[-104.701637268,-81.5956573486,-142.747833252,-118.368881226,-109.041488647,-52.3042259216,10.7642564774,35.6658401489,16.9454879761,101.707588196,165.996917725,47.4836387634,24.0523853302],[-258.410736084,-154.601455688,-34.7682723999,-103.416824341,-51.5795669556,-36.6679534912,-25.3515548706,-5.84938240051,38.6150665283,36.2782325745,47.4836387634,146.851104736,56.138671875],[-47.1598739624,-16.8192386627,-83.1804504395,-63.4381027222,-23.5832424164,-37.7473220825,-22.0368556976,-5.01782608032,-7.87048387527,0.802973031998,24.0523853302,56.138671875,105.202003479]],"icov":[[0.000443112745415,-0.000791945436504,0.000952702946961,-0.000940975383855,0.000963956525084,-0.000877722282894,0.000846983341035,-0.000713224406354,0.000986142316833,-0.000786920427345,0.00104029558133,-0.000892409181688,0.000620593957137],[-0.000791945436504,0.00264961482026,-0.00190259690862,0.00190392555669,-0.00229876721278,0.00221586925909,-0.00174230535049,0.00210033287294,-0.00189109682105,0.00261471699923,-0.00270968303084,0.00310501293279,-0.00147151586134],[0.000952702946961,-0.00190259690862,0.00250617531128,-0.00213917437941,0.00206466461532,-0.00219542998821,0.00182333250996,-0.00169759616256,0.0021237260662,-0.00163771351799,0.00243573007174,-0.00240177009255,0.00168673368171],[-0.000940975383855,0.00190392555669,-0.00213917437941,0.00430975528434,-0.00266324495897,0.00205820053816,-0.00118341576308,0.00128283724189,-0.00184021017049,0.00288119679317,-0.00206789164804,0.00293819396757,-0.000509990553837],[0.000963956525084,-0.00229876721278,0.00206466461532,-0.00266324495897,0.00488635571674,-0.00259176571853,0.00173177558463,-0.000718193477951,0.00159167102538,-0.00202230759896,0.00333149265498,-0.00219990406185,0.00113180850167],[-0.000877722282894,0.00221586925909,-0.00219542998821,0.00205820053816,-0.00259176571853,0.00657007843256,-0.00344119896181,0.00223099929281,-0.00106966961175,0.00194623926654,-0.00147786771413,0.00237223203294,-0.000394856353523],[0.000846983341035,-0.00174230535049,0.00182333250996,-0.00118341576308,0.00173177558463,-0.00344119896181,0.00653906632215,-0.00251794792712,0.00153196800966,-0.00098809262272,0.00109825108666,-0.00113518664148,0.00170914118644],[-0.000713224406354,0.00210033287294,-0.00169759616256,0.00128283724189,-0.000718193477951,0.00223099929281,-0.00251794792712,0.0095044253394,-0.00466281734407,0.00114305946045,-0.00277792196721,0.0043181926012,-0.00201396574266],[0.000986142316833,-0.00189109682105,0.0021237260662,-0.00184021017049,0.00159167102538,-0.00106966961175,0.00153196800966,-0.00466281734407,0.0103450389579,-0.00535079790279,0.00498692458495,-0.00485299574211,0.00304504693486],[-0.000786920427345,0.00261471699923,-0.00163771351799,0.00288119679317,-0.00202230759896,0.00194623926654,-0.00098809262272,0.00114305946045,-0.00535079790279,0.0149666517973,-0.0090456046164,0.00310424109921,0.000497343775351],[0.00104029558133,-0.00270968303084,0.00243573007174,-0.00206789164804,0.00333149265498,-0.00147786771413,0.00109825108666,-0.00277792196721,0.00498692458495,-0.0090456046164,0.0145969716832,-0.0051553552039,0.000881996529642],[-0.000892409181688,0.00310501293279,-0.00240177009255,0.00293819396757,-0.00219990406185,0.00237223203294,-0.00113518664148,0.0043181926012,-0.00485299574211,0.00310424109921,-0.0051553552039,0.0145287346095,-0.00666570616886],[0.000620593957137,-0.00147151586134,0.00168673368171,-0.000509990553837,0.00113180850167,-0.000394856353523,0.00170914118644,-0.00201396574266,0.00304504693486,0.000497343775351,0.000881996529642,-0.00666570616886,0.0145279504359]],"mean":[-104.470359802,104.277732849,-128.016464233,27.7443828583,-32.700012207,18.8032283783,-26.6479873657,8.62072658539,-25.0941848755,-2.23458123207,-10.9526672363,-9.4989233017,-9.86415481567]},"hfc":{"dmean":3.29585886002,"dmean2":4.7452082634,"dvar":35.3892250061,"dvar2":69.3829803467,"max":167.78793335,"mean":13.8952636719,"median":5.62754487991,"min":1.16415295063e-16,"var":366.395599365},"melbands":{"dmean":[0.0000867806520546,0.000156559486641,0.000150190055138,0.0000562959103263,0.0000446104349976,0.0000827699914225,0.0000588964903727,0.0000474936277897,0.0000350919945049,0.0000507419135829,0.0000694526315783,0.0000749829268898,0.0000996079397737,0.000042504776502,0.0000358284196409,0.0000293813336611,0.000042358355131,0.0000423305609729,0.0000394436756324,0.0000240656463575,0.0000101234727481,0.0000107179703264,0.00000955860923568,0.00000905942488316,0.00000707768822394,0.00000479602840642,0.00000330646389557,0.00000208255346479,0.00000107181813291,5.91025980157e-7,4.04684271871e-7,2.60136431507e-7,2.28975466143e-7,1.78611358592e-7,1.67569595533e-7,1.54658366114e-7,1.14252223682e-7,1.09016170313e-7,9.56240313599e-8,7.6652305836e-8],"dmean2":[0.000142305187183,0.000259922962869,0.000248705764534,0.0000925982385525,0.000074736555689,0.000139756273711,0.0000885349218152,0.0000725958088879,0.0000519333771081,0.000075303374615,0.000101345940493,0.00010837832815,0.000149483312271,0.0000639844001853,0.0000549980941287,0.0000456376037619,0.0000650859583402,0.0000655589756207,0.0000633242307231,0.0000376639254682,0.000015925437765,0.000016859605239,0.0000149802135638,0.0000143326387843,0.0000109500215331,0.00000718785895515,0.00000499012139699,0.00000320776484841,0.00000168973360815,9.05951310415e-7,6.06780474754e-7,3.88129450357e-7,3.32581066687e-7,2.6663624908e-7,2.48255531687e-7,2.24032859819e-7,1.61192602377e-7,1.53482005771e-7,1.38526701221e-7,1.11263226188e-7],"dvar":[8.02240691655e-8,1.08001017907e-7,8.81902266769e-8,1.35055753248e-8,2.46400340131e-8,1.17564617597e-7,3.97515549366e-8,4.09232185916e-8,2.30489867192e-8,6.27186906854e-8,9.0231935701e-8,7.3283594304e-8,1.55180018169e-7,1.44811433955e-8,9.1562597504e-9,7.04856395473e-9,1.28336763439e-8,1.30467148196e-8,1.23621246573e-8,6.10989658867e-9,1.26875376871e-9,8.00759181185e-10,5.34667643493e-10,6.1213994984e-10,3.50929590942e-10,1.47030623787e-10,9.14074718694e-11,2.85619097817e-11,6.50781902325e-12,3.02996104769e-12,2.11802493946e-12,1.51854581427e-12,1.08568265055e-12,4.47982010645e-13,5.89587460884e-13,6.90399560438e-13,4.24640113654e-13,4.60381461686e-13,3.53213281106e-13,1.93857503292e-13],"dvar2":[1.65547845654e-7,2.92710836902e-7,2.44572845531e-7,3.61990721842e-8,6.56442935565e-8,3.23159127902e-7,7.52013065153e-8,8.41337026714e-8,4.46156853684e-8,1.34936499308e-7,1.8195706275e-7,1.44040697592e-7,3.33545301601e-7,2.98135951482e-8,1.8943296709e-8,1.47096779202e-8,2.88416615035e-8,3.13177359601e-8,3.04955207753e-8,1.40345681743e-8,3.02718783374e-9,1.8229835419e-9,1.24159660331e-9,1.4101376733e-9,7.68667074436e-10,2.92918855838e-10,1.898173424e-10,6.19667719914e-11,1.61148767941e-11,6.77131701404e-12,4.39120181189e-12,3.2383670398e-12,2.12378573929e-12,9.59119285729e-13,1.26570162771e-12,1.27773421184e-12,7.46345043059e-13,8.2811139673e-13,7.16199072704e-13,3.95623610911e-13],"max":[0.0245743934065,0.00576366297901,0.00559176690876,0.0026464657858,0.0030045225285,0.00729060638696,0.0090058837086,0.00786833185703,0.0098989829421,0.0150601174682,0.0164508540183,0.00733873201534,0.0120427832007,0.00468053389341,0.00504735158756,0.0040381513536,0.00322081893682,0.00375778158195,0.00311091938056,0.00386263453402,0.0016773995012,0.000995252863504,0.000719173753168,0.000990551779978,0.000487843848532,0.000439954717876,0.000392105139326,0.000211079561268,0.0000947320731939,0.0000701506942278,0.0000793758226791,0.0000791537750047,0.000062100829382,0.0000297130955005,0.0000479341251776,0.0000480043163407,0.0000320061226375,0.0000416980110458,0.0000317214107781,0.0000246514027822],"mean":[0.000233434475376,0.000460758717963,0.000451830943348,0.000132899629534,0.0000607911861152,0.00010985013796,0.000109853986942,0.0000892559837666,0.0000609566341154,0.0000861232547322,0.000145580255776,0.000153398243128,0.000193103624042,0.0000769623802626,0.0000639407662675,0.0000532919984835,0.0000830169155961,0.0000798577602836,0.0000736127913115,0.0000432334963989,0.0000188105586858,0.0000223882834689,0.000018953525796,0.0000170891798916,0.0000137345796247,0.0000103239881355,0.00000709707137503,0.00000475030128655,0.00000251046935773,0.00000137008339607,9.54521397034e-7,5.9179001255e-7,5.13643556133e-7,4.04640417173e-7,3.59948927553e-7,3.17179512876e-7,2.28598977969e-7,1.96661474661e-7,1.65870631008e-7,1.30289606659e-7],"median":[0.000189082333236,0.000373876420781,0.000364115985576,0.000083726568846,0.0000194716703845,0.0000194411550183,0.0000187022724276,0.0000120287377285,0.00000708266179572,0.0000104931659735,0.0000138117557071,0.0000122439723782,0.0000136781782203,0.0000129954669319,0.0000130390289996,0.00000951334550336,0.0000102766953205,0.00000878702576301,0.00000852508946991,0.0000058645127865,0.00000275917363979,0.00000326819144902,0.00000289021431854,0.00000278439529211,0.00000304176137433,0.00000240542794927,0.00000161124967235,0.00000120538845749,5.70978613723e-7,2.21313229076e-7,1.33476220299e-7,7.68351497982e-8,5.99958696057e-8,5.3922118326e-8,4.39445990708e-8,3.57190614864e-8,2.97350801759e-8,2.29395666906e-8,1.85432345035e-8,1.71233835999e-8],"min":[5.64650385423e-24,4.58631976268e-24,1.5566675862e-23,7.83953559302e-24,1.22309956681e-23,9.39776149505e-24,2.1186440487e-23,1.05129536464e-23,1.48050527461e-23,3.45979720217e-24,5.28681404702e-24,1.40465440531e-23,4.29792247092e-24,4.18481086117e-24,3.94317882159e-24,6.95562089302e-24,5.75565498781e-24,5.54533559857e-24,7.11151321853e-24,1.15266493759e-23,5.08392533308e-24,7.21962897217e-24,1.10732626147e-23,9.13018145372e-24,1.09343016108e-23,1.14864719012e-23,1.14189430411e-23,7.5535790369e-24,1.57807679785e-23,1.44036960947e-23,1.18280526174e-23,1.36911969251e-23,8.36069260575e-24,7.66377738333e-24,7.00169352533e-24,8.25421768279e-24,7.59948600842e-24,8.36298266896e-24,9.75460035894e-24,9.97934209767e-24],"var":[1.21006735299e-7,1.97930958734e-7,1.81175906278e-7,2.53185081789e-8,2.45565345836e-8,1.57326283556e-7,1.49762371393e-7,1.49892244394e-7,8.62468354512e-8,1.54362808757e-7,4.20314194116e-7,2.70479461051e-7,5.39574557479e-7,4.45836327856e-8,2.49744580572e-8,2.02977528119e-8,3.80085474205e-8,3.64425467581e-8,3.22894742055e-8,1.22337135977e-8,2.45906139895e-9,2.59271626391e-9,1.4869745435e-9,1.56279389429e-9,8.85492346114e-10,5.29148946882e-10,2.79855999485e-10,9.05121255723e-11,2.07404371455e-11,1.04778789811e-11,7.80148255025e-12,4.44789214141e-12,3.26578846431e-12,1.43051889778e-12,1.62320298262e-12,2.12945308088e-12,1.16173769823e-12,1.14672063078e-12,7.17488080667e-13,3.65309182643e-13]},"melbands_crest":{"dmean":2.44643259048,"dmean2":3.89994621277,"dvar":6.65226221085,"dvar2":16.2228889465,"max":37.9211463928,"mean":15.0150899887,"median":14.3455543518,"min":2.28753972054,"var":33.3096160889},"melbands_flatness_db":{"dmean":0.0195034500211,"dmean2":0.0281867422163,"dvar":0.000618410413153,"dvar2":0.00113935396075,"max":0.636528074741,"mean":0.249697357416,"median":0.221105858684,"min":0.006410184782,"var":0.0119472118095},"melbands_kurtosis":{"dmean":7.10924386978,"dmean2":10.8966426849,"dvar":475.205352783,"dvar2":1014.89282227,"max":1490.41320801,"mean":19.9263534546,"median":2.78651499748,"min":-1.87777364254,"var":3035.51538086},"melbands_skewness":{"dmean":0.600901305676,"dmean2":0.912235379219,"dvar":0.747069835663,"dvar2":1.64163315296,"max":27.0964164734,"mean":2.21069192886,"median":1.56202542782,"min":-2.27348804474,"var":5.46119308472},"melbands_spread":{"dmean":5.40546941757,"dmean2":8.28489589691,"dvar":55.2547836304,"dvar2":121.783752441,"max":253.498062134,"mean":26.3363933563,"median":23.692150116,"min":0.142251327634,"var":428.568695068},"mfcc":{"cov":[[16651.4355469,-708.40057373,-3776.05957031,155.416244507,-511.750610352,-345.279907227,-278.264404297,-308.894378662,-353.595825195,-86.4596786499,-289.041809082,-64.36668396,-137.00642395],[-708.40057373,1459.85681152,434.180877686,159.176940918,292.465362549,161.570648193,174.531051636,19.8410148621,-14.6310834885,-39.3798866272,-90.4079360962,-95.6989440918,-116.676010132],[-3776.05957031,434.180877686,2015.1887207,209.023300171,296.054718018,205.414428711,142.390426636,148.26184082,65.6129379272,-2.80672574043,-11.2247848511,-56.7839927673,-74.1991043091],[155.416244507,159.176940918,209.023300171,521.776123047,248.762786865,56.9882965088,23.4366760254,33.440120697,22.057554245,-11.1286840439,-57.02784729,3.77754807472,-80.9472045898],[-511.750610352,292.465362549,296.054718018,248.762786865,470.483428955,162.274017334,30.0552310944,42.0497283936,40.8902587891,-36.3783760071,-60.6975708008,-21.3418312073,-87.1880645752],[-345.279907227,161.570648193,205.414428711,56.9882965088,162.274017334,359.097930908,120.192062378,79.2158813477,31.3868656158,-20.3105812073,-24.1834316254,-56.5497550964,-66.9315261841],[-278.264404297,174.531051636,142.390426636,23.4366760254,30.0552310944,120.192062378,272.540130615,45.3681297302,-17.5227737427,43.3479309082,0.291663825512,-60.1554908752,-33.8781356812],[-308.894378662,19.8410148621,148.26184082,33.440120697,42.0497283936,79.2158813477,45.3681297302,154.496734619,70.3152084351,12.656747818,-1.21019971371,-10.508181572,-16.7431678772],[-353.595825195,-14.6310834885,65.6129379272,22.057554245,40.8902587891,31.3868656158,-17.5227737427,70.3152084351,145.881149292,33.1689109802,23.8420581818,21.3804740906,-8.32358837128],[-86.4596786499,-39.3798866272,-2.80672574043,-11.1286840439,-36.3783760071,-20.3105812073,43.3479309082,12.656747818,33.1689109802,144.246566772,56.9459533691,22.1035766602,11.9755010605],[-289.041809082,-90.4079360962,-11.2247848511,-57.02784729,-60.6975708008,-24.1834316254,0.291663825512,-1.21019971371,23.8420581818,56.9459533691,152.845291138,57.9603767395,43.8353919983],[-64.36668396,-95.6989440918,-56.7839927673,3.77754807472,-21.3418312073,-56.5497550964,-60.1554908752,-10.508181572,21.3804740906,22.1035766602,57.9603767395,146.954788208,58.4361381531],[-137.00642395,-116.676010132,-74.1991043091,-80.9472045898,-87.1880645752,-66.9315261841,-33.8781356812,-16.7431678772,-8.32358837128,11.9755010605,43.8353919983,58.4361381531,145.698501587]],"icov":[[0.000128699321067,0.00000839725817059,0.000242059133598,-0.00014733451826,0.000102888487163,-0.0000284550478682,0.0000766955272411,-0.0000583803921472,0.000234409279074,-0.0000640284561086,0.000171641993802,0.0000242026490014,0.000186090997886],[0.00000839725817059,0.000893708434887,-0.0000919086378417,0.0000281575667032,-0.000416341063101,0.0000433461536886,-0.000501726870425,0.000244480906986,0.00000394023118133,0.000154071167344,0.000221971145947,0.000105880186311,0.00025293265935],[0.000242059133598,-0.0000919086378417,0.00106349389534,-0.000372336100554,-0.0000381316895073,-0.000103933358332,0.0000402206860599,-0.000542962050531,0.000442903401563,-0.0000753987333155,0.000112132292998,0.000186972843949,0.000287920964183],[-0.00014733451826,0.0000281575667032,-0.000372336100554,0.0029607960023,-0.00144926272333,0.000437918672105,-0.000315632147249,-0.000225845913519,-0.000118898475193,-0.000143844648846,0.000503681541886,-0.000931770482566,0.000801115937065],[0.000102888487163,-0.000416341063101,-0.0000381316895073,-0.00144926272333,0.0039620581083,-0.00130863056984,0.000507702003233,0.000343250605511,-0.000566778646316,0.000331985851517,0.000683211488649,-0.000446388003184,0.000779842783231],[-0.0000284550478682,0.0000433461536886,-0.000103933358332,0.000437918672105,-0.00130863056984,0.00443327752873,-0.0016367015196,-0.00125837663654,-0.000464138749521,0.00105786451604,-0.000421123171691,0.000500989262946,0.000738918839488],[0.0000766955272411,-0.000501726870425,0.0000402206860599,-0.000315632147249,0.000507702003233,-0.0016367015196,0.00588866882026,-0.0014478515368,0.0021627699025,-0.0024520449806,-0.000422278360929,0.00168330967426,0.0000472778774565],[-0.0000583803921472,0.000244480906986,-0.000542962050531,-0.000225845913519,0.000343250605511,-0.00125837663654,-0.0014478515368,0.010055671446,-0.00491602020338,0.000362322491128,0.000595960125793,0.000200483060325,-0.000385208375519],[0.000234409279074,0.00000394023118133,0.000442903401563,-0.000118898475193,-0.000566778646316,-0.000464138749521,0.0021627699025,-0.00491602020338,0.0110056828707,-0.00250583607703,-0.000697829760611,-0.000856832019053,0.00115696364082],[-0.0000640284561086,0.000154071167344,-0.0000753987333155,-0.000143844648846,0.000331985851517,0.00105786451604,-0.0024520449806,0.000362322491128,-0.00250583607703,0.00962159968913,-0.00284241721965,-0.000530674122274,0.000235000028624],[0.000171641993802,0.000221971145947,0.000112132292998,0.000503681541886,0.000683211488649,-0.000421123171691,-0.000422278360929,0.000595960125793,-0.000697829760611,-0.00284241721965,0.00993251614273,-0.00304911006242,-0.000709865824319],[0.0000242026490014,0.000105880186311,0.000186972843949,-0.000931770482566,-0.000446388003184,0.000500989262946,0.00168330967426,0.000200483060325,-0.000856832019053,-0.000530674122274,-0.00304911006242,0.0105072073638,-0.00323959090747],[0.000186090997886,0.00025293265935,0.000287920964183,0.000801115937065,0.000779842783231,0.000738918839488,0.0000472778774565,-0.000385208375519,0.00115696364082,0.000235000028624,-0.000709865824319,-0.00323959090747,0.0101652573794]],"mean":[-744.73626709,134.342880249,-22.0487365723,21.0587596893,14.2997226715,11.607922554,15.9149675369,6.87721681595,-0.0873472392559,7.66411018372,-1.14363217354,-3.65022182465,-0.101531162858]},"pitch_salience":{"dmean":0.0528107620776,"dmean2":0.0841316208243,"dvar":0.00268186512403,"dvar2":0.00659564137459,"max":0.869652152061,"mean":0.509340405464,"median":0.513839125633,"min":0.0403124764562,"var":0.0116882836446},"silence_rate_20dB":{"dmean":0,"dmean2":0,"dvar":0,"dvar2":0,"max":1,"mean":1,"median":1,"min":1,"var":0},"silence_rate_30dB":{"dmean":0.000116897535918,"dmean2":0.000233808750636,"dvar":0.000116882176371,"dvar2":0.000350651622284,"max":1,"mean":0.999941527843,"median":1,"min":0,"var":0.0000584415101912},"silence_rate_60dB":{"dmean":0.0418493188918,"dmean2":0.083703532815,"dvar":0.0401008836925,"dvar2":0.0877876132727,"max":1,"mean":0.225014612079,"median":0,"min":0,"var":0.174367114902},"spectral_centroid":{"dmean":166.884033203,"dmean2":249.496398926,"dvar":46294.9335938,"dvar2":92236.2109375,"max":10916.8037109,"mean":1342.69018555,"median":1434.61914063,"min":121.516464233,"var":589287.3125},"spectral_complexity":{"dmean":2.06218957901,"dmean2":3.26513910294,"dvar":6.6201839447,"dvar2":14.6559181213,"max":54,"mean":12.9996490479,"median":10,"min":0,"var":112.625785828},"spectral_contrast_coeffs":{"dmean":[0.0367978848517,0.0441301427782,0.0373107492924,0.0298393629491,0.0215518008918,0.0143112335354],"dmean2":[0.0607545673847,0.0707387030125,0.0594287328422,0.0479287654161,0.0337201654911,0.0216783061624],"dvar":[0.00116343982518,0.00154699000996,0.00104683148675,0.000674912473187,0.000394945353037,0.000209362871828],"dvar2":[0.00304656708613,0.0036456361413,0.0023954291828,0.00157599989325,0.000855954305734,0.00040324497968],"max":[-0.429163098335,-0.326929986477,-0.429314106703,-0.457844734192,-0.514911472797,-0.597231388092],"mean":[-0.669842839241,-0.721706569195,-0.748041510582,-0.763599574566,-0.772589385509,-0.79002904892],"median":[-0.654967308044,-0.737325966358,-0.758152723312,-0.763067722321,-0.76594388485,-0.789515733719],"min":[-0.976733803749,-0.962585747242,-0.965887546539,-0.954536378384,-0.963174521923,-0.955288052559],"var":[0.00714523019269,0.0101988138631,0.00771751906723,0.00528309540823,0.00444066803902,0.00326846912503]},"spectral_contrast_valleys":{"dmean":[0.34447786212,0.393273979425,0.318134665489,0.263420253992,0.223682358861,0.218825146556],"dmean2":[0.562231719494,0.630808234215,0.516446530819,0.41986900568,0.333301246166,0.295433014631],"dvar":[0.112593017519,0.144734561443,0.105033226311,0.0874515846372,0.0757929012179,0.0847065970302],"dvar2":[0.259803503752,0.324802905321,0.228122785687,0.172326236963,0.133988857269,0.133249357343],"max":[-5.95440578461,-5.12147521973,-5.0848197937,-5.49600124359,-5.76783895493,-8.0314283371],"mean":[-8.18231201172,-8.26431941986,-8.21483898163,-8.38348007202,-8.63097572327,-11.4873971939],"median":[-7.78761672974,-7.92493724823,-7.92772293091,-8.07152938843,-8.28660964966,-11.3869495392],"min":[-27.0936336517,-27.1939353943,-27.4023208618,-27.4577522278,-27.082983017,-27.3242206573],"var":[1.85852742195,1.95680701733,1.97195100784,2.44712018967,2.38998508453,1.41795563698]},"spectral_decrease":{"dmean":7.17087111912e-10,"dmean2":1.08685238587e-9,"dvar":1.43270308393e-18,"dvar2":3.2308280927e-18,"max":1.29890133416e-16,"mean":-3.0271583018e-9,"median":-1.88749038621e-9,"min":-2.76308860236e-8,"var":1.0698686214e-17},"spectral_energy":{"dmean":0.00296806776896,"dmean2":0.00447411229834,"dvar":0.0000244041602855,"dvar2":0.0000542216948816,"max":0.114281013608,"mean":0.0126855559647,"median":0.00766003783792,"min":1.02285050957e-20,"var":0.00019555047038},"spectral_energyband_high":{"dmean":0.0000696283459547,"dmean2":0.000100159952126,"dvar":3.70865080868e-8,"dvar2":6.98440558722e-8,"max":0.00811375491321,"mean":0.000211056947592,"median":0.0000554217513127,"min":7.47960701339e-21,"var":1.83353890293e-7},"spectral_energyband_low":{"dmean":0.000747779151425,"dmean2":0.00122188986279,"dvar":0.00000253484017776,"dvar2":0.00000620957598585,"max":0.0811131224036,"mean":0.00249513494782,"median":0.00237858016044,"min":4.6284138539e-23,"var":0.00000432460547017},"spectral_energyband_middle_high":{"dmean":0.00189221580513,"dmean2":0.0027784879785,"dvar":0.0000147498276419,"dvar2":0.0000309010429191,"max":0.0952479913831,"mean":0.00689404085279,"median":0.00216851988807,"min":1.28579420205e-21,"var":0.000122912795632},"spectral_energyband_middle_low":{"dmean":0.00135046697687,"dmean2":0.00211641285568,"dvar":0.00000899195856618,"dvar2":0.0000216376811295,"max":0.0906076282263,"mean":0.00379096809775,"median":0.00216747075319,"min":3.35511605425e-22,"var":0.0000329645117745},"spectral_entropy":{"dmean":0.145895764232,"dmean2":0.210584387183,"dvar":0.0343201756477,"dvar2":0.0621990785003,"max":9.79979896545,"mean":7.10088443756,"median":7.26823043823,"min":4.27283287048,"var":0.432052403688},"spectral_flux":{"dmean":0.0154550401494,"dmean2":0.0237631257623,"dvar":0.000380472658435,"dvar2":0.00087966962019,"max":0.287887245417,"mean":0.0499700643122,"median":0.0394056588411,"min":1.0113607174e-10,"var":0.00178515538573},"spectral_kurtosis":{"dmean":2.48476862907,"dmean2":4.20700597763,"dvar":7.51922035217,"dvar2":19.9749546051,"max":63.2084960938,"mean":8.34389305115,"median":6.70932579041,"min":-1.26683866978,"var":35.5134849548},"spectral_rms":{"dmean":0.00036966096377,"dmean2":0.000548501033336,"dvar":2.38443448097e-7,"dvar2":5.07574782205e-7,"max":0.0105590568855,"mean":0.00305736297742,"median":0.0027337167412,"min":3.15896028953e-12,"var":0.00000302867579194},"spectral_rolloff":{"dmean":275.609008789,"dmean2":459.386932373,"dvar":349146.125,"dvar2":779282.375,"max":21382.4707031,"mean":1524.81774902,"median":1496.55761719,"min":43.06640625,"var":3130312.25},"spectral_skewness":{"dmean":0.262238949537,"dmean2":0.427171766758,"dvar":0.0695177838206,"dvar2":0.16812042892,"max":6.27710866928,"mean":1.94523620605,"median":1.74592208862,"min":-0.122740902007,"var":0.649167299271},"spectral_spread":{"dmean":364905.9375,"dmean2":543030.4375,"dvar":339848527872,"dvar2":590123433984,"max":40266744,"mean":3531545.25,"median":3094190.25,"min":1000367.875,"var":3235973693440},"spectral_strongpeak":{"dmean":0.56570315361,"dmean2":0.934912979603,"dvar":1.08416283131,"dvar2":2.65833425522,"max":19.1029052734,"mean":1.24768471718,"median":0.332806408405,"min":0,"var":3.2292599678},"zerocrossingrate":{"dmean":0.00593711622059,"dmean2":0.00714620808139,"dvar":0.0000818324042484,"dvar2":0.000100594093965,"max":0.7177734375,"mean":0.0533036477864,"median":0.05126953125,"min":0.001953125,"var":0.00264385668561}},"metadata":{"audio_properties":{"analysis_sample_rate":44100,"bit_rate":0,"codec":"flac","downmix":"mix","equal_loudness":0,"length":397.266662598,"lossless":true,"md5_encoded":"56587cfb237a72ddd0ee16a87d5c6135","replay_gain":-11.7993240356,"sample_rate":44100},"tags":{"acoustid_id":["1f8e0e8c-eebb-4403-b31a-07e8f0b423c3"],"album":["The Essential Janis Joplin"],"albumartist":["Janis Joplin"],"albumartistsort":["Joplin, Janis"],"artist":["Janis Joplin"],"artistsort":["Joplin, Janis"],"asin":["B00007MB6Y"],"catalognumber":["C2K 087131"],"date":["2003-01-14"],"discnumber":["2"],"disctotal":["2"],"file_name":"0e8ceebb4403b31a07e8f0b423c3.flac","isrc":["USSM16900953"],"media":["CD"],"musicbrainz_albumartistid":["76c9a186-75bd-436a-85c0-823e3efddb7f"],"musicbrainz_albumid":["ac9a9ebc-5ee1-465f-9823-972b910b7c99"],"musicbrainz_artistid":["76c9a186-75bd-436a-85c0-823e3efddb7f"],"musicbrainz_recordingid":["0b063fc1-3f19-4d93-bf49-05fbbc0beb8b"],"musicbrainz_releasegroupid":["c0784fcf-934b-3110-97d4-8d75e76f9b30"],"musicbrainz_releasetrackid":["b914a6c8-644c-3bc3-beda-c8da28879b22"],"originaldate":["2003-01-14"],"originalyear":["2003"],"releasecountry":["US"],"releasestatus":["official"],"releasetype":["album","compilation"],"script":["Latn"],"title":["Work Me, Lord"],"totaldiscs":["2"],"totaltracks":["15"],"tracknumber":["5"],"tracktotal":["15"]},"version":{"essentia":"2.1-beta2","essentia_build_sha":"2d9f1f26377add8aeb1075a9c2973f962c4f09fd","essentia_git_sha":"v2.1_beta2-1-ge3940c0","extractor":"music 1.0"}},"rhythm":{"beats_count":764,"beats_loudness":{"dmean":0.00825042370707,"dmean2":0.0144400950521,"dvar":0.0000971203480731,"dvar2":0.000267172756139,"max":0.0975233614445,"mean":0.0155342146754,