{"lowlevel":{"average_loudness":0.849020242691,"barkbands":{"dmean":[0.00607614777982,0.0102949282154,0.00232414714992,0.00178151123691,0.00322482199408,0.00174300360959,0.00106097897515,0.000768836995121,0.000899706559721,0.00100712035783,0.000686118088197,0.000534412509296,0.000244854367338,0.000168891900103,0.000180508519406,0.000157324786414,0.000145491198055,0.000137350216391,0.000156646929099,0.0000789256737335,0.0000636696859146,0.0000721322430763,0.0000201877210202,0.00000906367040443,0.00000232067714023,0.00000969916436588,0.000151219748659],"dmean2":[0.00906124711037,0.0165039654821,0.00391280883923,0.00304979807697,0.00527361687273,0.00289955409244,0.00177144561894,0.00127157045063,0.0014606367331,0.00164000410587,0.00113207101822,0.000859002990182,0.000406010221923,0.000272158591542,0.000297346501611,0.000253319361946,0.000225902942475,0.000209076009924,0.000235376137425,0.000116593953862,0.0000891043819138,0.000105464197986,0.0000267200375674,0.000012442703337,0.00000385116391044,0.0000127596031234,0.000220151894609],"dvar":[0.000275854283245,0.000482107512653,0.0000223311417358,0.0000130021508085,0.0000330439652316,0.0000111216768346,0.00000451092364528,0.0000027095400128,0.00000349344668393,0.0000057356646721,0.00000236113419305,0.00000239416817749,3.2669370853e-7,1.33170161121e-7,1.93597969655e-7,1.11758964749e-7,1.07367753799e-7,9.84180132946e-8,1.15049083149e-7,2.95755988589e-8,1.83523916064e-8,3.5006081589e-8,1.7285687326e-9,3.5425923306e-10,1.83096177109e-11,3.35960953501e-10,9.87822161846e-8],"dvar2":[0.000597257225309,0.00121396360919,0.0000579566985834,0.0000355640622729,0.0000823932350613,0.0000281763441308,0.0000117814370242,0.00000684420001562,0.00000876667672856,0.0000132491695695,0.00000599942495683,0.00000566119479117,8.32691114283e-7,3.15418816399e-7,5.01451154378e-7,2.87415389266e-7,2.47126990871e-7,2.29247845596e-7,2.67047681746e-7,6.74711344573e-8,3.75654032325e-8,8.13194702687e-8,3.20274318177e-9,6.61733445817e-10,4.40136850577e-11,5.8562144023e-10,1.98242844363e-7],"max":[0.217457741499,0.218085944653,0.0880897343159,0.0957776010036,0.113432146609,0.0757069289684,0.0562103576958,0.0505431108177,0.0402977205813,0.0690302029252,0.0535185970366,0.0662133842707,0.0232071168721,0.00861518271267,0.0143379382789,0.00628601806238,0.0079909209162,0.011648086831,0.00913781672716,0.00498875183985,0.0042057139799,0.00401682825759,0.000896421261132,0.000383754697395,0.0000837926490931,0.000405390688684,0.00972581095994],"mean":[0.00624652951956,0.0110665308312,0.0026264116168,0.00211934978142,0.00498782843351,0.0024692255538,0.00152334826998,0.00112329761032,0.00144270784222,0.00153770833276,0.000979238539003,0.000792160572018,0.000348988658516,0.000258911139099,0.000285263871774,0.000269972049864,0.000234070292208,0.000230748497415,0.000267691677436,0.000137217968586,0.000120774631796,0.000112087887828,0.0000368319742847,0.0000142440403579,0.00000237218750954,0.0000176624344022,0.000369023851817],"median":[0.000659294833895,0.00347965490073,0.000842288020067,0.000719200936146,0.00209533120506,0.000996642047539,0.000641425664071,0.000457414746052,0.000684383383486,0.000551450473722,0.000313006108627,0.000332596886437,0.000138037547003,0.0000845842150738,0.0000882533277036,0.0000656867487123,0.0000610747811152,0.0000584312037972,0.0000796429303591,0.0000339147591149,0.0000263824440481,0.0000173152111529,0.00000672040914651,0.00000249759386861,7.99330393875e-7,0.0000045153146857,0.000191769664525],"min":[2.06998950423e-25,3.17206215914e-24,1.0342297789e-24,7.49558671632e-25,7.41380313969e-24,5.86762156596e-24,6.27694176816e-24,5.71883727164e-24,2.17816234182e-23,1.68685188144e-23,1.15959318738e-23,2.29958996546e-23,2.47192783203e-23,3.46140237634e-23,5.28067371151e-23,5.80379104359e-23,6.89766217791e-23,9.88692372941e-23,1.33819397845e-22,1.99208053035e-22,2.25348404323e-22,2.9556159397e-22,3.95316097282e-22,5.76163456925e-22,7.68233543079e-22,1.34146814248e-21,1.99422401058e-21],"var":[0.000316684803693,0.000478720670799,0.0000266923252639,0.0000164070279425,0.0000729126913939,0.000018500681108,0.00000702692886989,0.00000426386986874,0.00000661542617308,0.0000104204464151,0.00000361895581591,0.00000392710308006,4.56330809584e-7,2.49362841487e-7,3.6987319163e-7,2.66915122893e-7,2.30812560176e-7,1.98086638648e-7,2.43565864366e-7,6.42700186404e-8,5.56389991857e-8,5.78436782916e-8,5.59049206927e-9,8.97682039813e-10,1.98597440576e-11,1.07087860801e-9,2.68303352868e-7]},"barkbands_crest":{"dmean":3.09432840347,"dmean2":5.02067565918,"dvar":7.29041433334,"dvar2":17.8319759369,"max":25.2766132355,"mean":10.294672966,"median":9.31127357483,"min":2.06940698624,"var":20.7663173676},"barkbands_flatness_db":{"dmean":0.0300936084241,"dmean2":0.0454283468425,"dvar":0.000735524459742,"dvar2":0.00169851107057,"max":0.387575805187,"mean":0.150188356638,"median":0.143099606037,"min":0.025870449841,"var":0.00373966922052},"barkbands_kurtosis":{"dmean":7.2393283844,"dmean2":11.5079956055,"dvar":168.007553101,"dvar2":418.213409424,"max":240.325195312,"mean":11.5019626617,"median":6.10236120224,"min":-1.67621326447,"var":311.620025635},"barkbands_skewness":{"dmean":0.831840872765,"dmean2":1.26667308807,"dvar":0.804416596889,"dvar2":1.85547876358,"max":12.2599096298,"mean":2.25675368309,"median":1.93906021118,"min":-2.30983662605,"var":2.47197580338},"barkbands_spread":{"dmean":5.99108171463,"dmean2":9.00293540955,"dvar":48.8207778931,"dvar2":107.384986877,"max":123.097541809,"mean":19.0242195129,"median":15.6155042648,"min":0.635674118996,"var":189.463470459},"dissonance":{"dmean":0.0253289043903,"dmean2":0.043350443244,"dvar":0.000686172279529,"dvar2":0.00195740163326,"max":0.500000178814,"mean":0.460060149431,"median":0.46984899044,"min":0.223545476794,"var":0.0012107572984},"dynamic_complexity":4.82687902451,"erbbands":{"dmean":[0.541385769844,1.52700006962,2.65789365768,4.20103359222,8.72778701782,12.2243146896,11.7283182144,16.1149978638,14.625878334,15.4849853516,16.0480899811,21.8408565521,26.0257453918,31.8857002258,23.2119407654,21.6550445557,11.8195524216,8.56170082092,7.36007833481,9.9498500824,7.31135320663,8.2738494873,7.25373601913,7.7257809639,6.99607467651,3.87252831459,2.89905285835,2.35622262955,3.23202204704,1.07004165649,0.523934781551,0.285653859377,0.0937465578318,0.0266107972711,0.0165491998196,0.0129751292989,0.0234237741679,0.0325118899345,0.0127996699885,0.0048944754526],"dmean2":[0.862970232964,2.53129649162,4.45636081696,7.14287424088,14.3505792618,20.0216808319,19.6885795593,26.6992874146,24.2952022552,25.8791408539,26.4081268311,35.5518379211,42.4543838501,51.7597770691,38.1169624329,34.6275253296,19.3492069244,13.6958065033,11.7798871994,16.1965503693,11.4525976181,12.7396478653,10.9153013229,11.7237768173,10.4379777908,5.67329216003,4.12870931625,3.27511239052,4.84875869751,1.46665453911,0.695537447929,0.380366891623,0.135941535234,0.0438050627708,0.0273717492819,0.0199779104441,0.0305708628148,0.0456833839417,0.0175238046795,0.00738788954914],"dvar":[1.89361965656,7.92295408249,30.6960849762,71.2044677734,277.834594727,569.480895996,603.616333008,1017.31408691,1031.62805176,913.856140137,1252.14904785,2088.67602539,6497.46777344,4671.66162109,3806.37768555,3009.49731445,774.326721191,326.597564697,252.988555908,560.787231445,242.320724487,375.821350098,256.275238037,282.718078613,246.398345947,66.9654541016,40.1688690186,24.7336883545,83.9084396362,5.18510627747,1.18245363235,0.361539274454,0.035255536437,0.00234804768115,0.000911799725145,0.000444424687885,0.00212143384852,0.00855175126344,0.00095474725822,0.0000632204755675],"dvar2":[4.72114467621,20.540813446,78.5751113892,194.005935669,707.487060547,1374.12182617,1592.05908203,2489.15673828,2644.36230469,2390.27978516,3113.16772461,5192.77246094,15643.3076172,10983.7128906,9628.25488281,7095.28613281,1981.0135498,750.201721191,611.219177246,1472.66271973,593.808166504,879.128234863,569.261535645,656.575073242,581.262451172,151.214157104,86.1791229248,50.6516647339,201.504241943,10.4004926682,2.21041345596,0.654832661152,0.0711486339569,0.00563078699633,0.00218822923489,0.000974370283075,0.0037322989665,0.0195911601186,0.00195407331921,0.000134316840558],"max":[13.5510635376,31.8302955627,94.4077148438,255.748840332,462.470306396,619.805358887,667.646850586,727.412780762,1032.09057617,596.739624023,1266.16760254,1198.68188477,2375.82910156,1891.25244141,2458.12890625,2014.1751709,1056.82714844,434.72052002,441.446411133,837.397460938,288.304504395,496.758636475,420.681060791,470.748352051,355.159484863,174.735641479,218.374038696,148.20475769,206.966430664,35.0062713623,26.1025733948,14.8255586624,3.53021073341,0.965401291847,0.58972454071,0.364883691072,1.02653110027,1.95598161221,0.833330094814,0.154256254435],"mean":[0.542785644531,1.66524624825,3.08267712593,5.47834348679,12.3267040253,17.4245147705,16.1731281281,22.4661445618,21.1937580109,23.679561615,24.8327465057,35.581817627,39.9610023499,52.2452430725,36.7396202087,32.8831443787,18.0593452454,13.8984146118,12.6715536118,17.2280101776,13.2037334442,13.7268600464,12.6121530533,13.455534935,11.8725242615,6.83424186707,5.38592195511,4.39207649231,4.7360496521,1.90720307827,0.940809547901,0.480924397707,0.133870378137,0.0289994478226,0.0174356400967,0.0180813316256,0.0420041121542,0.0532581321895,0.0276162307709,0.0158890597522],"median":[0.114542156458,0.64165687561,1.15595662594,2.09653425217,4.46197509766,6.59731292725,7.281873703,8.36986541748,8.80674934387,10.4132423401,11.2509765625,16.5174446106,16.3560695648,18.5369319916,15.197555542,14.2836551666,7.97644042969,5.4241437912,4.37397575378,5.03919458389,3.27523207664,3.45406389236,3.43845582008,3.69676494598,3.41284608841,1.68981218338,1.29948687553,0.846283435822,0.679215312004,0.349281907082,0.168082371354,0.0740456432104,0.0302623622119,0.0112223671749,0.00636925408617,0.00731185916811,0.00927147269249,0.0116007793695,0.0120864454657,0.0118967313319],"min":[8.37878449952e-23,6.90985354988e-22,1.84510854929e-21,2.37662843646e-21,1.26813048305e-20,2.292075149e-20,5.04582500103e-20,7.27915772496e-20,1.20172256554e-19,1.04048671109e-19,2.97737793676e-19,4.65976843542e-19,3.80533092921e-19,4.76596033149e-19,6.99343157605e-19,1.33057109369e-18,1.35965114512e-18,2.09408030578e-18,2.3167649781e-18,3.46429010122e-18,4.06882202381e-18,5.14868315244e-18,5.814373294e-18,6.1986768571e-18,7.91154911643e-18,9.42381477437e-18,8.75570761105e-18,7.97437348395e-18,8.62401301291e-18,1.20193958672e-17,1.09481622323e-17,1.10118038543e-17,8.79933807964e-18,8.77306351467e-18,6.67879895441e-18,4.2140141416e-18,2.16761045838e-18,9.61052453467e-19,2.66246795112e-19,2.68264075368e-20],"var":[1.80260956287,7.83370161057,34.298740387,92.1667404175,622.750061035,1188.10095215,805.421875,1722.6418457,1587.61157227,1551.94641113,1966.84106445,4224.59863281,10157.0234375,10579.53125,5989.39941406,4945.34912109,1104.00939941,623.18963623,557.292602539,1287.77502441,614.680908203,818.862121582,584.371887207,594.990234375,496.415039062,154.763412476,106.71572876,73.9708938599,117.486236572,13.7184934616,3.69712305069,1.03243398666,0.0726129263639,0.00262715527788,0.00100354326423,0.000784993695561,0.00653741648421,0.0128724789247,0.0021275607869,0.000235391504248]},"erbbands_crest":{"dmean":2.94749641418,"dmean2":4.81240940094,"dvar":7.54304742813,"dvar2":18.4604034424,"max":31.2774372101,"mean":9.29855060577,"median":8.15324401855,"min":2.28577470779,"var":22.1743583679},"erbbands_flatness_db":{"dmean":0.0246975980699,"dmean2":0.0366571210325,"dvar":0.000499183719512,"dvar2":0.00109938799869,"max":0.386133730412,"mean":0.15619879961,"median":0.150469392538,"min":0.0355708189309,"var":0.00239183637314},"erbbands_kurtosis":{"dmean":1.53054463863,"dmean2":2.46608400345,"dvar":5.78811979294,"dvar2":14.3930339813,"max":67.4236602783,"mean":1.71380341053,"median":0.676557898521,"min":-1.65500175953,"var":14.1543731689},"erbbands_skewness":{"dmean":0.424206167459,"dmean2":0.653212189674,"dvar":0.158508002758,"dvar2":0.378156125546,"max":6.70084047318,"mean":0.538080573082,"median":0.493079543114,"min":-4.27194976807,"var":0.67896771431},"erbbands_spread":{"dmean":7.29202365875,"dmean2":10.9194908142,"dvar":52.6876487732,"dvar2":111.578941345,"max":102.202041626,"mean":26.7567672729,"median":24.2723026276,"min":1.09667575359,"var":199.643157959},"gfcc":{"cov":[[28038.4003906,614.441162109,-1843.31311035,1529.14245605,688.845275879,-253.918243408,869.535095215,79.0582046509,333.984832764,-200.044662476,-76.2419281006,224.293838501,-157.098480225],[614.441162109,1120.61828613,307.645355225,-335.174957275,5.01061439514,-76.1020202637,-15.1246089935,34.0312576294,-45.1161842346,-36.232635498,34.2378730774,-129.748825073,112.538139343],[-1843.31311035,307.645355225,739.654418945,-69.03150177,-128.59576416,153.727996826,-161.00769043,105.125205994,-87.3390579224,35.2421569824,26.7566509247,-61.3004112244,42.2644729614],[1529.14245605,-335.174957275,-69.03150177,541.422119141,229.194824219,65.8760147095,140.000808716,24.0884399414,69.5617980957,15.9967546463,-13.233836174,73.4010314941,-76.0610198975],[688.845275879,5.01061439514,-128.59576416,229.194824219,350.658355713,47.2305603027,156.639648438,15.2640733719,47.4533081055,1.69515955448,11.7268695831,-6.28723716736,-9.11684513092],[-253.918243408,-76.1020202637,153.727996826,65.8760147095,47.2305603027,233.758728027,3.16987514496,70.9072036743,-16.2416133881,37.0241584778,21.9280700684,12.461971283,-5.80200099945],[869.535095215,-15.1246089935,-161.00769043,140.000808716,156.639648438,3.16987514496,249.985534668,29.6638412476,83.7201766968,-15.1577444077,10.5543231964,39.3863105774,-23.681886673],[79.0582046509,34.0312576294,105.125205994,24.0884399414,15.2640733719,70.9072036743,29.6638412476,175.957641602,27.7035160065,35.6363105774,12.6596069336,-12.0551223755,44.8497390747],[333.984832764,-45.1161842346,-87.3390579224,69.5617980957,47.4533081055,-16.2416133881,83.7201766968,27.7035160065,117.038619995,36.7719612122,11.6792030334,33.9718818665,-10.7297487259],[-200.044662476,-36.232635498,35.2421569824,15.9967546463,1.69515955448,37.0241584778,-15.1577444077,35.6363105774,36.7719612122,82.0954208374,40.3342895508,15.5785245895,10.0373620987],[-76.2419281006,34.2378730774,26.7566509247,-13.233836174,11.7268695831,21.9280700684,10.5543231964,12.6596069336,11.6792030334,40.3342895508,65.8454208374,29.6054477692,15.5822210312],[224.293838501,-129.748825073,-61.3004112244,73.4010314941,-6.28723716736,12.461971283,39.3863105774,-12.0551223755,33.9718818665,15.5785245895,29.6054477692,90.0432052612,1.40727865696],[-157.098480225,112.538139343,42.2644729614,-76.0610198975,-9.11684513092,-5.80200099945,-23.681886673,44.8497390747,-10.7297487259,10.0373620987,15.5822210312,1.40727865696,87.5008773804]],"icov":[[0.0000952462069108,-0.000354614952812,0.000490437843837,-0.00060644838959,0.000400140386773,-0.000206680546398,0.0000676451745676,-0.000182236675755,0.0000503648407175,0.000209660356632,-0.000185601064004,0.0000880533552845,0.0000165001747519],[-0.000354614952812,0.00338215613738,-0.00292287347838,0.00309396022931,-0.00198256433941,0.00149143545423,-0.00117033882998,0.00140278949402,-0.00121773767751,0.000914058124181,-0.00154182151891,0.00244002463296,-0.00204762630165],[0.000490437843837,-0.00292287347838,0.00564118893817,-0.0046932301484,0.00398281123489,-0.00315212551504,0.00167553371284,-0.00171978480648,0.000763580668718,0.00137152976822,-0.0027244547382,0.00235821097158,-0.000240196022787],[-0.00060644838959,0.00309396022931,-0.0046932301484,0.00979890022427,-0.00747035676613,0.00311408773996,-0.000524701026734,-0.00112130842172,0.00100557657424,-0.00368120661005,0.006681391038,-0.00810564309359,0.00506363017485],[0.000400140386773,-0.00198256433941,0.00398281123489,-0.00747035676613,0.0106329517439,-0.00419782148674,-0.00283109070733,0.0024796098005,-0.00166982761584,0.00276491302066,-0.00680160010234,0.0103204501793,-0.00583354150876],[-0.000206680546398,0.00149143545423,-0.00315212551504,0.00311408773996,-0.00419782148674,0.0086368387565,-0.0005601621815,-0.00314873014577,0.00404961872846,-0.00434048613533,0.00288979173638,-0.0054767196998,0.0041058040224],[0.0000676451745676,-0.00117033882998,0.00167553371284,-0.000524701026734,-0.00283109070733,-0.0005601621815,0.0104589583352,-0.00367169850506,-0.00496440986171,0.00672261416912,-0.00278747687116,-0.00390802696347,0.0039211306721],[-0.000182236675755,0.00140278949402,-0.00171978480648,-0.00112130842172,0.0024796098005,-0.00314873014577,-0.00367169850506,0.0124826123938,-0.00412474665791,-0.0013735051034,-0.00163893098943,0.00859079044312,-0.00981222651899],[0.0000503648407175,-0.00121773767751,0.000763580668718,0.00100557657424,-0.00166982761584,0.00404961872846,-0.00496440986171,-0.00412474665791,0.0206477828324,-0.0145800281316,0.00939059164375,-0.00968226604164,0.00571487378329],[0.000209660356632,0.000914058124181,0.00137152976822,-0.00368120661005,0.00276491302066,-0.00434048613533,0.00672261416912,-0.0013735051034,-0.0145800281316,0.033228173852,-0.0225731059909,0.00963306054473,-0.00387245928869],[-0.000185601064004,-0.00154182151891,-0.0027244547382,0.006681391038,-0.00680160010234,0.00288979173638,-0.00278747687116,-0.00163893098943,0.00939059164375,-0.0225731059909,0.0399322733283,-0.0217857602984,0.00532229803503],[0.0000880533552845,0.00244002463296,0.00235821097158,-0.00810564309359,0.0103204501793,-0.0054767196998,-0.00390802696347,0.00859079044312,-0.00968226604164,0.00963306054473,-0.0217857602984,0.0363359227777,-0.0149110276252],[0.0000165001747519,-0.00204762630165,-0.000240196022787,0.00506363017485,-0.00583354150876,0.0041058040224,0.0039211306721,-0.00981222651899,0.00571487378329,-0.00387245928869,0.00532229803503,-0.0149110276252,0.0248013287783]],"mean":[-40.5031356812,102.015289307,-84.538192749,-7.28455257416,-27.3399581909,-20.3382492065,3.78429341316,-17.4451141357,-4.61405992508,-12.7244710922,-4.425740242,0.308611005545,-5.83824014664]},"hfc":{"dmean":45.3130455017,"dmean2":71.0091629028,"dvar":4004.48266602,"dvar2":9624.43554688,"max":1481.8762207,"mean":149.688949585,"median":127.587425232,"min":1.07160937336e-16,"var":15548.9912109},"melbands":{"dmean":[0.00395023217425,0.00151924369857,0.000808240787592,0.000760667317081,0.000424191501224,0.000347440654878,0.000221544440137,0.000167393940501,0.000126143931993,0.00014341379574,0.000132940884214,0.000133068926516,0.000087345521024,0.0000616604593233,0.0000404849488405,0.000022716483727,0.000016607098587,0.0000121978100651,0.0000149369716382,0.0000127171824715,0.00000832036857901,0.00000902390638657,0.00000801870010037,0.00000658802764519,0.00000666873847877,0.00000643643534204,0.00000349625679519,0.00000260351771431,0.0000018853909296,0.00000179253470378,0.000001300959525,0.00000203995114134,0.00000116641319892,4.84653583044e-7,3.36612600904e-7,2.22777330805e-7,1.75684533588e-7,8.71427587867e-8,2.39986235329e-8,2.12450839143e-8],"dmean2":[0.00610274169594,0.00250640069135,0.00135426002089,0.00124681647867,0.000704522244632,0.000575619109441,0.000367873843061,0.000279230123851,0.0002075976372,0.000233273691265,0.000217539505684,0.000216397369513,0.000143523153383,0.0000992275017779,0.0000671153757139,0.000037145211536,0.0000268828698609,0.0000197451245185,0.0000245959690801,0.0000208799465327,0.0000131210190375,0.0000141656391861,0.0000124452017189,0.0000101462301245,0.0000103251168184,0.00000989590898826,0.00000525522546013,0.00000394461631004,0.00000278380412055,0.00000259079024545,0.00000185089731985,0.00000308884091282,0.00000175259549451,6.71678037634e-7,4.64253872678e-7,3.06968104269e-7,2.41952363922e-7,1.28113114783e-7,3.99221420366e-8,3.52887283839e-8],"dvar":[0.000084176492237,0.00000790722333477,0.00000226625411415,0.00000197531517188,6.79473032505e-7,4.53716324955e-7,2.16042352008e-7,1.05983545495e-7,6.57536816107e-8,9.43914244544e-8,1.62897947575e-7,8.24253874043e-8,4.46155219436e-8,3.47954696167e-8,1.35109319288e-8,2.62018273745e-9,1.37528022304e-9,7.24745097269e-10,1.57416057966e-9,7.60939589117e-10,3.46048856237e-10,4.97656249543e-10,3.44064637892e-10,2.04809863513e-10,2.17642376343e-10,2.20158266617e-10,5.69810483519e-11,3.2551576018e-11,1.82497680162e-11,1.54098730304e-11,7.82077527739e-12,3.00897536054e-11,1.13930045953e-11,1.0128346729e-12,5.26615101352e-13,2.20572163507e-13,1.52424961216e-13,3.7481824556e-14,2.00929407627e-15,1.5536483724e-15],"dvar2":[0.000201688715606,0.0000201503225981,0.00000607979063716,0.00000491466744279,0.00000177261756562,0.00000111478709641,5.60251010029e-7,2.74820052937e-7,1.64722976592e-7,2.33748210121e-7,3.91966665347e-7,1.92438946556e-7,1.11734891561e-7,8.31779729538e-8,3.63877994403e-8,6.36500807616e-9,3.17642601111e-9,1.79484860308e-9,4.14265155513e-9,2.02299821339e-9,8.48996872804e-10,1.20585497143e-9,7.88543341734e-10,4.72962446985e-10,5.23027676724e-10,5.38036948328e-10,1.32151900534e-10,7.80599196393e-11,4.14510717417e-11,3.36400733658e-11,1.69343167961e-11,7.27052099081e-11,2.71875577607e-11,1.99862695838e-12,1.05315344119e-12,4.38274796229e-13,2.97112865994e-13,7.81314439145e-14,4.84521777016e-15,3.73734737954e-15],"max":[0.0939710661769,0.0435732342303,0.0411863289773,0.0275488253683,0.0176954753697,0.0142739219591,0.0132806319743,0.00579993054271,0.00862802192569,0.00779731152579,0.012211734429,0.00840950198472,0.00826109386981,0.00878722686321,0.00304829305969,0.00240128790028,0.000989185529761,0.000873209442943,0.00138528260868,0.000511921069119,0.000364488980267,0.000644606014248,0.000462470256025,0.000434797490016,0.000381490011932,0.000443598954007,0.000162238095072,0.000136357848532,0.000138473609695,0.000104030084913,0.0000862448723637,0.000143747805851,0.0000684098704369,0.0000192246279767,0.0000189558086277,0.0000118737707453,0.00000850688229548,0.00000371373107555,8.89318755526e-7,7.75120156504e-7],"mean":[0.00428422773257,0.00180808710866,0.00113119697198,0.00112569902558,0.000614748103544,0.000493022147566,0.000324327033013,0.000258045154624,0.000193698768271,0.000227064418141,0.000196772147319,0.000214090920053,0.000130179090775,0.0000939080928219,0.0000580916821491,0.0000328559472109,0.0000252424106293,0.0000192984498426,0.0000231805606745,0.0000217022843572,0.0000136885819302,0.0000140152169479,0.000012667745068,0.0000108391886897,0.0000108727954284,0.0000102320937003,0.00000584130566494,0.00000423708479502,0.00000330139891958,0.00000309059328174,0.00000231076273849,0.00000294994902106,0.00000168506278442,8.53654682942e-7,5.75733906771e-7,3.68858934507e-7,2.72036999149e-7,1.17821343792e-7,2.40952768849e-8,2.15244764235e-8],"median":[0.00111036770977,0.000789881218225,0.000462491123471,0.000430991116446,0.00027338846121,0.000189255282748,0.000133564026328,0.000109213884571,0.0000906639761524,0.0000991718261503,0.0000769512989791,0.0000724366982467,0.0000464235126856,0.0000399646414735,0.0000249986333074,0.0000126584618556,0.00000895951779967,0.00000613585325482,0.0000065958711275,0.00000585912266615,0.00000319452055919,0.0000033430987969,0.00000321882225762,0.00000271393173534,0.00000284738530354,0.00000286588806375,0.00000156279793373,0.00000100570491668,8.34741285871e-7,6.24552853878e-7,4.41055590272e-7,4.03308746399e-7,2.59436376382e-7,1.60483125455e-7,9.82976544606e-8,6.05575181112e-8,3.67786121558e-8,2.14521644892e-8,7.71926522702e-9,7.07182934434e-9],"min":[1.24513272799e-24,9.48420053431e-25,4.973814353e-25,1.50237642349e-24,1.81768560642e-24,1.48484142607e-24,1.96649119998e-24,1.10563904577e-24,2.14593812326e-24,2.68434732677e-24,1.28147061951e-24,1.91577237416e-24,1.66387725421e-24,2.74588163282e-24,2.39887355353e-24,3.18169750346e-24,2.90119868151e-24,3.10970132408e-24,4.41175667727e-24,4.23194056709e-24,3.21507894152e-24,4.38475909608e-24,4.47020219844e-24,4.06426029307e-24,4.12760464047e-24,4.28248998503e-24,4.98003037971e-24,4.60121424543e-24,4.1909182223e-24,4.64920696518e-24,4.01188071783e-24,4.77686280345e-24,4.72952049951e-24,6.36481653426e-24,5.3901729694e-24,5.4789490091e-24,5.61925778185e-24,6.25196603747e-24,5.46490767941e-24,6.59864358404e-24],"var":[0.0000899514343473,0.00000877373167896,0.00000352010602001,0.00000421087088398,0.00000108055121473,7.89566229287e-7,3.4054917819e-7,1.83392131703e-7,1.06261076382e-7,1.84458343711e-7,2.52278482549e-7,1.88718715322e-7,6.82701113419e-8,5.79192871442e-8,1.45643372917e-8,4.14790068959e-9,2.48516651702e-9,1.40808142923e-9,2.85584667026e-9,1.72269709608e-9,7.36823380088e-10,9.65265312125e-10,6.74963085423e-10,4.27607643738e-10,4.11728179328e-10,4.01577771036e-10,1.18747969791e-10,6.37887381805e-11,4.10774365911e-11,3.94839161366e-11,2.15512867968e-11,4.43120817817e-11,1.51845324509e-11,2.93511092167e-12,1.47790384531e-12,5.84931571495e-13,3.67753543546e-13,6.87666950835e-14,2.14639313505e-15,1.6748600577e-15]},"melbands_crest":{"dmean":4.70652341843,"dmean2":7.46683692932,"dvar":19.0119361877,"dvar2":40.6081123352,"max":38.353477478,"mean":15.4166374207,"median":13.6819553375,"min":1.59716808796,"var":52.5237846375},"melbands_flatness_db":{"dmean":0.0374181121588,"dmean2":0.0558509528637,"dvar":0.00107000838034,"dvar2":0.0024447189644,"max":0.539695799351,"mean":0.255773037672,"median":0.250670075417,"min":0.00273981271312,"var":0.00647160504013},"melbands_kurtosis":{"dmean":9.6194562912,"dmean2":15.4967269897,"dvar":455.933410645,"dvar2":1194.80773926,"max":457.03112793,"mean":12.4328393936,"median":5.48132705688,"min":-1.7769421339,"var":494.050994873},"melbands_skewness":{"dmean":0.98014742136,"dmean2":1.49597299099,"dvar":1.31421470642,"dvar2":3.05553483963,"max":19.0373535156,"mean":2.35279726982,"median":1.96061396599,"min":-2.56820321083,"var":3.07032179832},"melbands_spread":{"dmean":5.73613166809,"dmean2":8.61650371552,"dvar":47.1686668396,"dvar2":102.480148315,"max":165.641372681,"mean":17.0094108582,"median":13.0861091614,"min":0.501588881016,"var":281.510162354},"mfcc":{"cov":[[16427.46875,390.269500732,-1928.23022461,2101.63476562,-259.753356934,907.177246094,-45.7773475647,1016.58355713,124.982666016,418.748138428,28.7121868134,241.115432739,62.2324333191],[390.269500732,1597.13012695,242.449768066,-124.349075317,20.4652290344,-182.150466919,112.495727539,-94.2816314697,89.9089355469,-54.4871673584,38.3603782654,-88.4140396118,43.7319068909],[-1928.23022461,242.449768066,892.425476074,-336.073394775,99.0527191162,-164.418334961,30.667345047,-137.844192505,-25.6401882172,-59.6862030029,-4.61800575256,2.71946668625,-22.1899967194],[2101.63476562,-124.349075317,-336.073394775,575.311828613,6.91898918152,201.503189087,-3.35686612129,184.493179321,21.8539066315,84.1594696045,12.4228525162,46.6800956726,5.52090406418],[-259.753356934,20.4652290344,99.0527191162,6.91898918152,202.773727417,37.5775375366,72.6267852783,-27.6109924316,28.0253868103,-3.0838739872,24.8941192627,5.92274999619,10.3954105377],[907.177246094,-182.150466919,-164.418334961,201.503189087,37.5775375366,251.636581421,30.9816360474,119.723991394,-22.9927062988,41.22996521,6.88202381134,63.4853782654,6.8580121994],[-45.7773475647,112.495727539,30.667345047,-3.35686612129,72.6267852783,30.9816360474,150.024078369,35.0434074402,45.0428581238,-2.75634074211,29.3221721649,0.544722139835,24.8749485016],[1016.58355713,-94.2816314697,-137.844192505,184.493179321,-27.6109924316,119.723991394,35.0434074402,186.807876587,36.3171157837,61.9960289001,-0.830604434013,47.2579078674,6.92647027969],[124.982666016,89.9089355469,-25.6401882172,21.8539066315,28.0253868103,-22.9927062988,45.0428581238,36.3171157837,107.115486145,37.2437057495,28.3156356812,-10.8163366318,24.3326721191],[418.748138428,-54.4871673584,-59.6862030029,84.1594696045,-3.0838739872,41.22996521,-2.75634074211,61.9960289001,37.2437057495,89.1783676147,22.5290355682,30.4139480591,-0.229248270392],[28.7121868134,38.3603782654,-4.61800575256,12.4228525162,24.8941192627,6.88202381134,29.3221721649,-0.830604434013,28.3156356812,22.5290355682,77.9282531738,20.9883747101,25.2454891205],[241.115432739,-88.4140396118,2.71946668625,46.6800956726,5.92274999619,63.4853782654,0.544722139835,47.2579078674,-10.8163366318,30.4139480591,20.9883747101,86.8487930298,21.13422966],[62.2324333191,43.7319068909,-22.1899967194,5.52090406418,10.3954105377,6.8580121994,24.8749485016,6.92647027969,24.3326721191,-0.229248270392,25.2454891205,21.13422966,65.64112854]],"icov":[[0.00016664841678,-0.000161291565746,0.000174465487362,-0.000343327497831,0.0000125070946524,-0.0000802674912848,0.000211699225474,-0.000481921393657,0.000130968837766,-0.0000898634607438,0.0000046974128054,-0.000079832454503,-0.0000106157594928],[-0.000161291565746,0.000972622947302,-0.000400774209993,0.000103042497358,0.000343639083439,0.000358348246664,-0.000839979678858,0.000810670491774,-0.000579345680308,0.000315042736474,-0.000195087093743,0.000639086356387,-0.000413184432546],[0.000174465487362,-0.000400774209993,0.00204410310835,0.000421013974119,-0.00117438088637,0.00103754468728,-0.00000938281482377,-0.000656156218611,0.000779181194957,0.0000425214857387,0.000297697552014,-0.00175384734757,0.00106907472946],[-0.000343327497831,0.000103042497358,0.000421013974119,0.00421699276194,-0.00125476741232,-0.000966172723565,0.00108295097016,-0.00181749998592,0.000361607089872,-0.000637766439468,-0.00071054440923,0.00100745435338,-0.0000618194826529],[0.0000125070946524,0.000343639083439,-0.00117438088637,-0.00125476741232,0.00877756252885,-0.00317107210867,-0.0038961765822,0.00545145524666,-0.00414133444428,0.000488016172312,0.000284041074337,-0.00122720503714,0.00113293644972],[-0.0000802674912848,0.000358348246664,0.00103754468728,-0.000966172723565,-0.00317107210867,0.0100671900436,-0.00164868577849,-0.00440009729937,0.00568725401536,-0.00105116073973,-0.000197798930458,-0.00243135704659,-0.000444167031674],[0.000211699225474,-0.000839979678858,-0.00000938281482377,0.00108295097016,-0.0038961765822,-0.00164868577849,0.0126526886597,-0.00586021598428,-0.00208317465149,0.00353610166349,-0.00361652881838,0.00234615406953,-0.00170238222927],[-0.000481921393657,0.000810670491774,-0.000656156218611,-0.00181749998592,0.00545145524666,-0.00440009729937,-0.00586021598428,0.0182050056756,-0.00748982606456,-0.00289391633123,0.00542733538896,-0.00563977984712,0.00223877606913],[0.000130968837766,-0.000579345680308,0.000779181194957,0.000361607089872,-0.00414133444428,0.00568725401536,-0.00208317465149,-0.00748982606456,0.0220756102353,-0.00945186894387,-0.00323617993854,0.00765976309776,-0.00730161275715],[-0.0000898634607438,0.000315042736474,0.0000425214857387,-0.000637766439468,0.000488016172312,-0.00105116073973,0.00353610166349,-0.00289391633123,-0.00945186894387,0.0223933756351,-0.00488534849137,-0.00619594240561,0.00639693439007],[0.0000046974128054,-0.000195087093743,0.000297697552014,-0.00071054440923,0.000284041074337,-0.000197798930458,-0.00361652881838,0.00542733538896,-0.00323617993854,-0.00488534849137,0.0195570681244,-0.00518428487703,-0.00361048802733],[-0.000079832454503,0.000639086356387,-0.00175384734757,0.00100745435338,-0.00122720503714,-0.00243135704659,0.00234615406953,-0.00563977984712,0.00765976309776,-0.00619594240561,-0.00518428487703,0.0234526712447,-0.00929147005081],[-0.0000106157594928,-0.000413184432546,0.00106907472946,-0.0000618194826529,0.00113293644972,-0.000444167031674,-0.00170238222927,0.00223877606913,-0.00730161275715,0.00639693439007,-0.00361048802733,-0.00929147005081,0.0232712868601]],"mean":[-698.650085449,163.359939575,-4.83473062515,26.897151947,-13.7524881363,10.1700801849,0.316361963749,10.1689348221,-2.82398676872,1.20324552059,-2.7398045063,-0.550776720047,-0.484329164028]},"pitch_salience":{"dmean":0.0886307433248,"dmean2":0.140501022339,"dvar":0.00676813628525,"dvar2":0.0153049910441,"max":0.963040649891,"mean":0.566306710243,"median":0.592491388321,"min":0.069686062634,"var":0.0184964053333},"silence_rate_20dB":{"dmean":0,"dmean2":0,"dvar":0,"dvar2":0,"max":1,"mean":1,"median":1,"min":1,"var":0},"silence_rate_30dB":{"dmean":0.0770288854837,"dmean2":0.154071897268,"dvar":0.0710889846087,"dvar2":0.146643072367,"max":1,"mean":0.919952332973,"median":1,"min":0,"var":0.0736408606172},"silence_rate_60dB":{"dmean":0.00458505284041,"dmean2":0.00917094666511,"dvar":0.00456405710429,"dvar2":0.0100037585944,"max":1,"mean":0.142948836088,"median":0,"min":0,"var":0.122514978051},"spectral_centroid":{"dmean":221.394775391,"dmean2":320.240753174,"dvar":75956.7890625,"dvar2":144141.5,"max":11762.5419922,"mean":1070.89648438,"median":824.045837402,"min":197.066253662,"var":1226846.125},"spectral_complexity":{"dmean":3.72452998161,"dmean2":5.17534828186,"dvar":20.2884311676,"dvar2":31.437253952,"max":59,"mean":17.9301300049,"median":15,"min":0,"var":156.246765137},"spectral_contrast_coeffs":{"dmean":[0.0588135756552,0.0496062189341,0.0396344326437,0.0309057049453,0.0223959349096,0.0427092835307],"dmean2":[0.0963543131948,0.0839211717248,0.0657353550196,0.0514346696436,0.0364261642098,0.063624612987],"dvar":[0.00221463851631,0.00155772257131,0.00100646610372,0.000643403152935,0.000432392931543,0.00156092632096],"dvar2":[0.00576908048242,0.00433678552508,0.00268361601047,0.00175994995516,0.00114701990969,0.00330435740761],"max":[-0.270631074905,-0.479224860668,-0.516502320766,-0.616648733616,-0.619227349758,-0.429057061672],"mean":[-0.667919397354,-0.776095807552,-0.787068367004,-0.817663550377,-0.831614077091,-0.737026453018],"median":[-0.670586764812,-0.78208386898,-0.792334318161,-0.818108558655,-0.825921952724,-0.745266854763],"min":[-0.977164268494,-0.977319657803,-0.978638827801,-0.978330731392,-0.96770387888,-0.964157223701],"var":[0.0090417386964,0.00409307936206,0.00369868683629,0.00212416588329,0.00248277629726,0.0090851681307]},"spectral_contrast_valleys":{"dmean":[0.449518293142,0.368059784174,0.322885721922,0.345366537571,0.360622823238,0.584328949451],"dmean2":[0.721577584743,0.608606696129,0.516200721264,0.530048668385,0.506984949112,0.920390069485],"dvar":[0.150858670473,0.10316991061,0.0853724852204,0.11563000083,0.152599692345,0.268085539341],"dvar2":[0.338262826204,0.242827966809,0.181243866682,0.236776933074,0.303999632597,0.6526684165],"max":[-4.91045665741,-4.58782815933,-5.10949230194,-5.22982406616,-5.47698497772,-8.89650726318],"mean":[-7.35044145584,-6.69435453415,-7.1770658493,-8.0642375946,-8.17456245422,-11.5107507706],"median":[-6.73509407043,-6.23159980774,-6.69361019135,-7.57884216309,-7.68756103516,-11.1335105896],"min":[-28.4159946442,-28.3282489777,-27.9606189728,-27.7921123505,-27.503364563,-27.4860858917],"var":[5.89497184753,5.16236066818,5.02867460251,5.01180791855,5.41183757782,3.63332653046]},"spectral_decrease":{"dmean":5.28378230058e-9,"dmean2":7.85834952666e-9,"dvar":7.98952908714e-17,"dvar2":1.76180166346e-16,"max":9.96602533831e-9,"mean":-8.46419911937e-9,"median":-5.28972732283e-9,"min":-1.07921650283e-7,"var":1.18922869929e-16},"spectral_energy":{"dmean":0.0203880891204,"dmean2":0.0302238352597,"dvar":0.00114090158604,"dvar2":0.00250992830843,"max":0.416022151709,"mean":0.0455230474472,"median":0.0364882722497,"min":9.91913469984e-21,"var":0.00195322814398},"spectral_energyband_high":{"dmean":0.000279298459645,"dmean2":0.000368275679648,"dvar":3.11970268285e-7,"dvar2":6.06739376963e-7,"max":0.0101148430258,"mean":0.000620987615548,"median":0.000228176286328,"min":6.91194381671e-21,"var":9.69471784629e-7},"spectral_energyband_low":{"dmean":0.0157105885446,"dmean2":0.0236826650798,"dvar":0.00097947078757,"dvar2":0.00223193923011,"max":0.325003087521,"mean":0.0194611214101,"median":0.00736402533948,"min":1.19794815679e-23,"var":0.00121296232101},"spectral_energyband_middle_high":{"dmean":0.0021426207386,"dmean2":0.00325526366942,"dvar":0.0000127907069327,"dvar2":0.0000288750015898,"max":0.0732653960586,"mean":0.00506093958393,"median":0.00281055783853,"min":1.11735954982e-21,"var":0.0000393691807403},"spectral_energyband_middle_low":{"dmean":0.00611978955567,"dmean2":0.0099426060915,"dvar":0.0000744005155866,"dvar2":0.00019131937006,"max":0.14212577045,"mean":0.0140815861523,"median":0.00950999185443,"min":1.49564695481e-22,"var":0.000220414280193},"spectral_entropy":{"dmean":0.213918611407,"dmean2":0.313690632582,"dvar":0.0454541034997,"dvar2":0.0998641699553,"max":9.82441425323,"mean":7.34347629547,"median":7.40851640701,"min":4.96835708618,"var":0.344555199146},"spectral_flux":{"dmean":0.0339684560895,"dmean2":0.0545027889311,"dvar":0.00210244371556,"dvar2":0.00501388637349,"max":0.512166142464,"mean":0.11648670584,"median":0.1112742275,"min":6.22574838904e-11,"var":0.00547951180488},"spectral_kurtosis":{"dmean":6.56375360489,"dmean2":9.97538375854,"dvar":139.081176758,"dvar2":360.076812744,"max":333.289489746,"mean":19.4862098694,"median":15.7908210754,"min":-1.25061511993,"var":244.616470337},"spectral_rms":{"dmean":0.0012390789343,"dmean2":0.00177934963722,"dvar":0.00000253220946433,"dvar2":0.00000506816195411,"max":0.0201463457197,"mean":0.0058456347324,"median":0.0059664323926,"min":3.11082062887e-12,"var":0.0000102412277556},"spectral_rolloff":{"dmean":4668.84130859,"dmean2":8918.34960938,"dvar":61369768,"dvar2":132612280,"max":22006.9335938,"mean":12968.4443359,"median":20887.2070312,"min":43.06640625,"var":96838320},"spectral_skewness":{"dmean":0.514175355434,"dmean2":0.744193136692,"dvar":0.451736450195,"dvar2":1.10662090778,"max":15.3718976974,"mean":2.96106672287,"median":2.78521251678,"min":-0.068455055356,"var":1.56609785557},"spectral_spread":{"dmean":523518.9375,"dmean2":799089.8125,"dvar":408704843776,"dvar2":887169351680,"max":42539728,"mean":4185147.5,"median":3875812.25,"min":667908.8125,"var":12588657147900},"spectral_strongpeak":{"dmean":3.88061928749,"dmean2":7.15245056152,"dvar":208.05015564,"dvar2":547.23236084,"max":258.974700928,"mean":3.18779039383,"median":0.323030292988,"min":0,"var":184.215499878},"zerocrossingrate":{"dmean":0.0451598130167,"dmean2":0.0544595681131,"dvar":0.00144882127643,"dvar2":0.00206943112426,"max":0.8173828125,"mean":0.271196931601,"median":0.271484375,"min":0.01171875,"var":0.0109941223636}},"metadata":{"audio_properties":{"analysis_sample_rate":44100,"bit_rate":192000,"codec":"mp3","downmix":"mix","equal_loudness":0,"length":253.20489502,"lossless":false,"md5_encoded":"5180ebcdf523dab7098dca0b42aa4864","replay_gain":-6.39308166504,"sample_rate":44100},"tags":{"acoustid_id":["21291685-5437-4534-a10f-9ddd37101ff7"],"album":["Moving Violation"],"albumartist":["The Jackson 5"],"albumartistsort":["Jackson 5, The"],"artist":["The Jackson 5"],"artistsort":["Jackson 5, The"],"date":["1975"],"discnumber":["1/1"],"encodedby":["WB"],"file_name":"08 The Explosion.mp3","genre":["R&B"],"musicbrainz album release country":["US"],"musicbrainz album status":["official"],"musicbrainz album type":["album"],"musicbrainz_albumartistid":["e5257dc5-1edd-4fca-b7e6-1158e00522c8"],"musicbrainz_albumid":["f4aaf68d-9154-4b82-b76a-e13093412036"],"musicbrainz_artistid":["e5257dc5-1edd-4fca-b7e6-1158e00522c8"],"musicbrainz_recordingid":["0b153831-4458-4362-aa32-2a03fcc943bd"],"musicbrainz_releasegroupid":["e0eabebf-f73d-3287-ab03-b4b99c8d8e68"],"originaldate":["1975"],"script":["Latn"],"title":["Time Explosion"],"tracknumber":["9/10"]},"version":{"essentia":"2.1-beta1","essentia_build_sha":"ca57ba49d9b1854bd80e60cf9ccf267278fb7d6b","essentia_git_sha":"v2.1_beta1-28-g21ef5f4-dirty","extractor":"music 1.0"}},"rhythm":{"beats_count":551,"beats_loudness":{"dmean":0.037075355649,"dmean2":0.0693086013198,"dvar":0.00141363637522,"dvar2":0.00483259279281,"max":0.270660489798,"mean":0.063346683979,"median":0.0594482757151,"min":0,"var":0.00203037052415},"beats_loudness_band_ratio":{"dmean":[0.31633374095,0.114253386855,0.0890135765076,0.100838914514,0.0564295910299,0.126122623682],"dmean2":[0.58848720789,0.202033549547,0.154129743576,0.188599705696,0.109815657139,0.232831820846],"dvar":[0.0492786690593,0.0161998923868,0.00968061573803,0.00751659041271,0.00213374337181,0.00907037779689],"dvar2":[0.166355624795,0.041861794889,0.0278197657317,0.023356270045,0.00729512842372,0.029975699