{"lowlevel":{"average_loudness":0.814148664474,"barkbands":{"dmean":[0.00000805140552984,0.000228887452977,0.000268030766165,0.000674273411278,0.00292115355842,0.00404359074309,0.00195764168166,0.000353647890734,0.000724370882381,0.00041405565571,0.000246974697802,0.000204783384106,0.0000465601660835,0.0000645122709102,0.0000542561829207,0.0000258613108599,0.0000370958332496,0.0000374007140636,0.0000260647884716,0.0000513846898684,0.000040460996388,0.0000247645748459,0.0000135715044962,0.0000156321366376,0.00000589091678194,8.31937541079e-7,3.36649819133e-8],"dmean2":[0.0000134469655677,0.000350630609319,0.000402010919061,0.00102478079498,0.0041996515356,0.00584707595408,0.00296590151265,0.000563220586628,0.00113611319102,0.000667432090268,0.000401033175876,0.000354348536348,0.0000774882428232,0.00010878660396,0.0000863692039275,0.0000418930612796,0.0000599390914431,0.0000593708791712,0.0000417830415245,0.0000849853677209,0.0000666741689201,0.000040808092308,0.0000190869395738,0.0000228440712817,0.0000102804442577,0.0000013620201571,5.46745759777e-8],"dvar":[6.2098652609e-11,1.91918076098e-7,2.24108248403e-7,0.0000021066177851,0.0000219956018555,0.0000445562691311,0.0000202575483854,8.88624470008e-7,0.00000334473611474,0.00000274622288998,4.16570742345e-7,7.99461759016e-7,1.74429963806e-8,6.46080380307e-8,2.83337016072e-8,5.05720265664e-9,8.21138801399e-9,7.83159403994e-9,2.9305078364e-9,1.73832361838e-8,1.52260799524e-8,4.9243582545e-9,9.64644719659e-9,9.29841270647e-9,3.83948900451e-10,7.30044930758e-12,3.1559170289e-14],"dvar2":[1.70292113744e-10,4.0229903675e-7,5.19471200278e-7,0.0000047953617468,0.0000455342742498,0.0000983795252978,0.0000450123297924,0.0000022657768568,0.00000836661820358,0.00000726177404431,0.00000101874161373,0.00000233992432186,4.9408868108e-8,1.81903544672e-7,6.48177547191e-8,1.40305411733e-8,2.10624957475e-8,2.07091517268e-8,6.83175249705e-9,4.53155166724e-8,3.25310836047e-8,1.1390287824e-8,1.76143295505e-8,1.9744081925e-8,9.3244389987e-10,1.6143314116e-11,7.16182687699e-14],"max":[0.000250796438195,0.00822622980922,0.00915563292801,0.026433095336,0.170703649521,0.134881228209,0.0887741595507,0.0186163783073,0.0339883193374,0.0372873991728,0.0139457751065,0.0230261553079,0.00630579702556,0.00739082647488,0.00792024284601,0.00227644690312,0.00317057967186,0.00326384440996,0.00160495541058,0.00456700939685,0.00309244496748,0.00248110829853,0.00662663951516,0.00470484327525,0.000520519970451,0.0000820304849185,0.00000832161094877],"mean":[0.0000521277215739,0.000879663566593,0.000764162628911,0.00147407792974,0.00613716151565,0.00754241086543,0.00338829448447,0.000590045878198,0.00123464839999,0.000638330297079,0.000378635741072,0.000312117597787,0.000083274069766,0.000108429245302,0.0000953560956987,0.000045034372306,0.0000693288384355,0.000076349650044,0.0000512451806571,0.0000875444311532,0.0000548671450815,0.0000297664228128,0.0000205789801839,0.0000214586307266,0.00000561971501156,9.61881028161e-7,8.14765570567e-8],"median":[0.0000574289952056,0.000313673139317,0.000432702305261,0.0005820406368,0.00357173895463,0.00320459529757,0.00086385558825,0.000165035016835,0.000270943943178,0.0000594309240114,0.0000960306788329,0.0000510273384862,0.0000261903114733,0.0000278597035503,0.0000392250112782,0.0000146450365719,0.0000251235906035,0.0000342908788298,0.0000245290248131,0.0000428957246186,0.0000183943593584,0.00000632321643934,0.00000463471496914,0.00000476961758977,9.30395458454e-7,2.11987071452e-7,5.90949795765e-8],"min":[4.87216857765e-26,2.87452551937e-24,1.52008151903e-24,1.5392750965e-24,5.19778399412e-24,8.56929977239e-24,8.9050460734e-24,1.76874510973e-23,1.66547453977e-23,2.81974323158e-23,1.30618026742e-23,4.24216704432e-23,3.04480840328e-23,3.79998210795e-23,4.40323161524e-23,7.9057696168e-23,1.09354322062e-22,1.00951350456e-22,9.06109301564e-23,1.73328114198e-22,2.61828917164e-22,3.61267396487e-22,4.44180135992e-22,6.85059179433e-22,9.2968628405e-22,1.44490459411e-21,2.0418315264e-21],"var":[4.21874979395e-10,0.00000159487342444,9.1562532134e-7,0.00000524013648828,0.0000626063847449,0.000134299698402,0.0000492110993946,0.00000198744555746,0.00000783085215517,0.00000573952911509,8.37091022277e-7,0.00000163083598181,4.24389234865e-8,1.188237988e-7,5.13643492184e-8,1.05332063072e-8,2.20019273911e-8,2.00343297507e-8,6.72462352469e-9,2.36211139537e-8,2.94685804647e-8,8.70081251492e-9,2.5540513704e-8,1.58130291084e-8,4.6477033333e-10,1.0426331673e-11,3.534316462e-14]},"barkbands_crest":{"dmean":2.62514901161,"dmean2":4.11444473267,"dvar":5.36763954163,"dvar2":12.892829895,"max":26.7432174683,"mean":12.3842840195,"median":11.668548584,"min":2.89181303978,"var":22.2739830017},"barkbands_flatness_db":{"dmean":0.025824919343,"dmean2":0.0371061936021,"dvar":0.000644122657832,"dvar2":0.00136588385794,"max":0.421527802944,"mean":0.192978188396,"median":0.193511709571,"min":0.0212655868381,"var":0.00417753821239},"barkbands_kurtosis":{"dmean":7.05099821091,"dmean2":10.5187921524,"dvar":154.213119507,"dvar2":366.350463867,"max":278.465820313,"mean":15.709561348,"median":9.31679344177,"min":-1.9129652977,"var":411.337768555},"barkbands_skewness":{"dmean":0.644008874893,"dmean2":0.974504292011,"dvar":0.492287784815,"dvar2":1.13857853413,"max":14.3185253143,"mean":2.50775527954,"median":2.34805679321,"min":-2.01705431938,"var":2.58577179909},"barkbands_spread":{"dmean":3.74299764633,"dmean2":5.69644975662,"dvar":35.9832115173,"dvar2":72.5963134766,"max":113.78212738,"mean":12.747797966,"median":6.99851894379,"min":0.37022164464,"var":305.410430908},"dissonance":{"dmean":0.0278481822461,"dmean2":0.0454039089382,"dvar":0.000647471460979,"dvar2":0.00170864968095,"max":0.500000059605,"mean":0.428162157536,"median":0.433213233948,"min":0.210300415754,"var":0.00194141594693},"dynamic_complexity":5.71422863007,"erbbands":{"dmean":[0.0028522007633,0.0650149807334,0.273946076632,1.16963434219,4.93916225433,11.8500404358,23.7837696075,33.333782196,35.7147941589,10.9825181961,9.76425170898,14.2044420242,16.6835861206,10.1159343719,8.50594711304,7.00056743622,2.3584883213,2.63121032715,2.63616251945,2.54750275612,1.24988889694,2.14382123947,2.00816488266,1.61713349819,1.17301058769,2.46567487717,1.88634097576,1.59891593456,1.01438891888,0.394907653332,0.411544501781,0.375411123037,0.229640498757,0.0937992036343,0.0269937645644,0.00633837236091,0.00128275773022,0.000188104793779,0.0000113263695312,0.00000868941333465],"dmean2":[0.004579173401,0.0989823117852,0.408954769373,1.74216067791,7.29784727097,17.2684631348,33.3596611023,48.920375824,53.6204490662,17.6595420837,15.4078779221,22.2184143066,26.9818572998,16.3008804321,14.2670783997,11.855014801,3.90833759308,4.37214612961,4.27337837219,3.94267129898,2.00642371178,3.46053028107,3.17548274994,2.61123871803,1.86745071411,4.0646572113,3.15010118484,2.65414309502,1.68616867065,0.583795785904,0.58775550127,0.53549516201,0.348850309849,0.156547412276,0.0476040318608,0.0109275467694,0.00203190790489,0.000304808258079,0.0000173286989593,0.0000125682608996],"dvar":[0.0000404875754612,0.0143087022007,0.225348100066,4.88281679153,107.111671448,426.484588623,1578.71569824,5081.79541016,6803.80322266,683.034301758,657.405883789,1426.15783691,4083.12744141,1034.02001953,439.43762207,1290.65759277,53.5758705139,108.792633057,52.4909973145,106.012153625,14.3577346802,30.341999054,21.1840782166,11.3378410339,9.49509334564,40.1087760925,31.9855728149,21.3243427277,9.14713573456,1.53109669685,11.2116880417,7.43264436722,2.07519555092,0.174873203039,0.00465786317363,0.000256901432294,0.0000278971601801,0.00000356219288733,3.66147445696e-9,1.10970337086e-10],"dvar2":[0.0000987144740066,0.0295906290412,0.494990080595,11.0648155212,225.528442383,905.754211426,3142.13769531,11324.6679688,15102.6806641,1853.34020996,1623.38232422,3379.18261719,10868.6005859,2710.2043457,1201.46337891,3727.36889648,150.632400513,302.521514893,135.99772644,229.022323608,41.8515357971,78.1479034424,53.8221626282,28.6290607452,22.0806598663,104.488441467,72.7317428589,46.5868225098,21.2932243347,2.6209757328,23.2071228027,14.2263698578,4.53470277786,0.416045963764,0.0115369912237,0.000616456964053,0.0000619217098574,0.00000938456651056,8.43365910441e-9,2.46551667971e-10],"max":[0.105546213686,2.26093888283,8.51188755035,35.1497612,212.523834229,697.814819336,766.292724609,1636.17614746,1657.08337402,459.195953369,527.074645996,1076.29626465,2167.93896484,766.963562012,481.366699219,1137.95898438,321.713409424,340.786621094,174.206298828,558.758605957,150.872665405,194.048706055,166.955490112,163.35194397,110.750595093,207.746276855,177.371444702,107.287727356,98.6849975586,81.3393478394,249.142074585,166.461380005,48.0636177063,13.5114479065,1.86828780174,0.546814620495,0.203005552292,0.100764736533,0.002617175458,0.000204872529139],"mean":[0.00847111549228,0.256805032492,0.947491526604,3.07301712036,9.74759483337,23.8254566193,48.0958786011,60.252407074,63.1209335327,19.4805355072,17.2574462891,24.7658500671,26.5655708313,17.7214488983,13.3179969788,11.3024663925,4.74840688705,4.96939611435,4.80032157898,4.54707717896,2.44444227219,4.10596609116,4.34279203415,3.39814996719,2.6376888752,4.1114821434,2.66315793991,2.04126214981,1.21382880211,0.571671903133,0.620777308941,0.544818997383,0.296994298697,0.0987428575754,0.0241506919265,0.00633541168645,0.00156721670646,0.000217179884203,0.0000281592929241,0.0000282653727481],"median":[0.00245677726343,0.105308324099,0.570206940174,1.60118746758,4.28450584412,13.2306537628,21.3607215881,22.4517154694,17.2371959686,8.74844360352,5.44066429138,4.76718759537,3.73017883301,3.51858139038,3.55102300644,2.17296552658,1.60106050968,1.27391719818,2.16292524338,1.88428020477,0.779116392136,1.50078630447,1.98351144791,1.71937406063,1.44405388832,1.94220149517,0.894521415234,0.65559887886,0.223518177867,0.166142761707,0.129279986024,0.117833286524,0.0614944845438,0.0172386020422,0.00392831116915,0.00126275222283,0.00036622400512,0.0000650799629511,0.0000216465850826,0.0000246459821938],"min":[3.28347101264e-23,7.09058069975e-22,1.36995467969e-21,7.97018246998e-21,1.16694206032e-20,1.43996311892e-20,3.98085161123e-20,1.11461618189e-19,1.55233767308e-19,2.98182842695e-19,3.94729218292e-19,4.90498302608e-19,9.88694658189e-19,1.35981926958e-18,8.82259054025e-19,1.5162862727e-18,1.65127883995e-18,2.27172313259e-18,2.46929997818e-18,4.14060393019e-18,4.97214998842e-18,6.0048378339e-18,5.2836368422e-18,6.72234339621e-18,6.87101008617e-18,9.97428692841e-18,1.06173197658e-17,1.05037395959e-17,1.31331416224e-17,1.25808513254e-17,1.32026231395e-17,1.27908286423e-17,1.13642845385e-17,9.05829937811e-18,6.3151505048e-18,4.76389403432e-18,2.48999851865e-18,9.98071991203e-19,2.32860622366e-19,3.02028553997e-20],"var":[0.000162059965078,0.122226282954,1.1247099638,15.9534730911,266.18927002,1078.9453125,5076.16992188,14145.9824219,17057.9550781,1121.92907715,1591.12329102,3547.45751953,8363.78027344,2589.2800293,944.31463623,2523.85424805,146.29598999,231.883972168,93.7182922363,186.490142822,33.6729240417,80.426864624,58.5007362366,29.7573642731,17.4994487762,55.7123336792,51.8204078674,41.8007545471,15.4803438187,4.2706413269,26.3252296448,16.9512004852,2.7935731411,0.210995331407,0.00542027130723,0.000344548141584,0.0000393317313865,0.00000270909481515,4.06809785858e-9,4.88798113096e-10]},"erbbands_crest":{"dmean":3.36395215988,"dmean2":5.28450679779,"dvar":9.8366394043,"dvar2":23.6484127045,"max":31.6105155945,"mean":13.141251564,"median":11.6291027069,"min":2.23678398132,"var":39.7205314636},"erbbands_flatness_db":{"dmean":0.0230783838779,"dmean2":0.0336438342929,"dvar":0.00049723230768,"dvar2":0.00107444485184,"max":0.405204385519,"mean":0.207149237394,"median":0.207942128181,"min":0.0342144295573,"var":0.00319888931699},"erbbands_kurtosis":{"dmean":3.63688635826,"dmean2":5.44322252274,"dvar":44.8321037292,"dvar2":99.5275878906,"max":129.718002319,"mean":5.59933280945,"median":2.23924779892,"min":-1.80693554878,"var":112.347007751},"erbbands_skewness":{"dmean":0.589751720428,"dmean2":0.868948161602,"dvar":0.39464238286,"dvar2":0.865218698978,"max":8.92460441589,"mean":1.66407442093,"median":1.41407525539,"min":-2.23445820808,"var":2.03099608421},"erbbands_spread":{"dmean":8.33187294006,"dmean2":12.9886398315,"dvar":98.5617980957,"dvar2":224.661972046,"max":119.424743652,"mean":28.2687110901,"median":23.701499939,"min":1.30091023445,"var":330.584564209},"gfcc":{"cov":[[25502.1054688,5339.41455078,-1905.95849609,504.323028564,-1810.75952148,-887.765625,-881.883117676,-294.840576172,-455.709411621,-396.285125732,218.966674805,-517.78314209,262.717834473],[5339.41455078,2167.44604492,-219.413101196,-37.5970191956,-192.783187866,-419.148956299,-147.052062988,-184.999694824,1.30563008785,-159.236572266,205.952102661,-195.416641235,78.4330444336],[-1905.95849609,-219.413101196,596.613037109,105.418190002,130.831161499,42.8156929016,-4.96777820587,-35.9382972717,56.9546394348,45.8817367554,17.0638332367,66.7726821899,-13.1326675415],[504.323028564,-37.5970191956,105.418190002,340.229980469,18.5983791351,-6.5025434494,-29.6374721527,41.4851646423,27.8890323639,20.8938846588,-23.8942642212,18.2685966492,3.39335536957],[-1810.75952148,-192.783187866,130.831161499,18.5983791351,329.833496094,75.1474227905,89.7701568604,49.0839118958,77.3236465454,25.0294914246,-2.76797032356,19.7986354828,-24.4981803894],[-887.765625,-419.148956299,42.8156929016,-6.5025434494,75.1474227905,295.438537598,137.006607056,71.0470123291,-12.0741252899,46.143737793,-66.3646850586,22.8023796082,-41.5371208191],[-881.883117676,-147.052062988,-4.96777820587,-29.6374721527,89.7701568604,137.006607056,225.097198486,82.6006774902,12.4995965958,25.6694545746,-19.6409225464,-5.27145385742,-31.1602191925],[-294.840576172,-184.999694824,-35.9382972717,41.4851646423,49.0839118958,71.0470123291,82.6006774902,174.553497314,50.0117301941,13.4841518402,-22.6854228973,-10.57380867,-12.4187116623],[-455.709411621,1.30563008785,56.9546394348,27.8890323639,77.3236465454,-12.0741252899,12.4995965958,50.0117301941,120.916435242,27.8135967255,17.0196666718,5.70981407166,-4.09973192215],[-396.285125732,-159.236572266,45.8817367554,20.8938846588,25.0294914246,46.143737793,25.6694545746,13.4841518402,27.8135967255,91.2506866455,-0.147867828608,24.7142448425,-13.5366430283],[218.966674805,205.952102661,17.0638332367,-23.8942642212,-2.76797032356,-66.3646850586,-19.6409225464,-22.6854228973,17.0196666718,-0.147867828608,126.63684082,0.335294216871,20.6782131195],[-517.78314209,-195.416641235,66.7726821899,18.2685966492,19.7986354828,22.8023796082,-5.27145385742,-10.57380867,5.70981407166,24.7142448425,0.335294216871,105.61882019,15.874920845],[262.717834473,78.4330444336,-13.1326675415,3.39335536957,-24.4981803894,-41.5371208191,-31.1602191925,-12.4187116623,-4.09973192215,-13.5366430283,20.6782131195,15.874920845,78.141494751]],"icov":[[0.000851388031151,-0.00230446527712,0.00169418333098,-0.0017695951974,0.00250907428563,-0.00190660671797,0.00253240996972,-0.00172560126521,0.00174769305158,-0.00123734341469,0.000585038796999,-0.000797672604676,0.000205523974728],[-0.00230446527712,0.00729071069509,-0.00436170306057,0.00448135752231,-0.00647110305727,0.00586054753512,-0.00738751748577,0.0058470685035,-0.00552115542814,0.00441845273599,-0.00270712724887,0.00376225984655,-0.00100012146868],[0.00169418333098,-0.00436170306057,0.00569128198549,-0.00428694672883,0.0043930709362,-0.0041480041109,0.00511486269534,-0.00207295664586,0.00246252724901,-0.00242534116842,0.000485289347125,-0.00217822170816,0.000730343686882],[-0.0017695951974,0.00448135752231,-0.00428694672883,0.00728861615062,-0.00531362555921,0.00419220980257,-0.0042812093161,0.00180442689452,-0.00328739825636,0.0015388551401,-0.00000360563785762,0.00102501863148,-0.000556616461836],[0.00250907428563,-0.00647110305727,0.0043930709362,-0.00531362555921,0.0118853049353,-0.00595201086253,0.00590966874734,-0.00451567443088,0.00228171446361,-0.00254922430031,0.00137002952397,-0.0023146038875,0.00101560726762],[-0.00190660671797,0.00586054753512,-0.0041480041109,0.00419220980257,-0.00595201086253,0.0111357821152,-0.00859981868416,0.00301990192384,-0.00209895521402,0.00128834915813,0.00023321590561,0.00172128854319,0.00045420016977],[0.00253240996972,-0.00738751748577,0.00511486269534,-0.0042812093161,0.00590966874734,-0.00859981868416,0.0155213773251,-0.00829718355089,0.00648809783161,-0.00494411727414,0.00153576862067,-0.00250589009374,0.00168522330932],[-0.00172560126521,0.0058470685035,-0.00207295664586,0.00180442689452,-0.00451567443088,0.00301990192384,-0.00829718355089,0.0142472553998,-0.00892406515777,0.00465868832543,-0.00173430365976,0.00417194608599,-0.0013986324193],[0.00174769305158,-0.00552115542814,0.00246252724901,-0.00328739825636,0.00228171446361,-0.00209895521402,0.00648809783161,-0.00892406515777,0.0175355803221,-0.00708742439747,0.000842503970489,-0.00262127118185,0.000992897083052],[-0.00123734341469,0.00441845273599,-0.00242534116842,0.0015388551401,-0.00254922430031,0.00128834915813,-0.00494411727414,0.00465868832543,-0.00708742439747,0.0172802526504,-0.00298601179384,-0.0000548617608729,0.00132811465301],[0.000585038796999,-0.00270712724887,0.000485289347125,-0.00000360563785762,0.00137002952397,0.00023321590561,0.00153576862067,-0.00173430365976,0.000842503970489,-0.00298601179384,0.0114117143676,-0.0020298990421,-0.00135824130848],[-0.000797672604676,0.00376225984655,-0.00217822170816,0.00102501863148,-0.0023146038875,0.00172128854319,-0.00250589009374,0.00417194608599,-0.00262127118185,-0.0000548617608729,-0.0020298990421,0.0148780774325,-0.00428440328687],[0.000205523974728,-0.00100012146868,0.000730343686882,-0.000556616461836,0.00101560726762,0.00045420016977,0.00168522330932,-0.0013986324193,0.000992897083052,0.00132811465301,-0.00135824130848,-0.00428440328687,0.0157786421478]],"mean":[-98.1950912476,120.77772522,-109.747344971,27.7271213531,-73.1184539795,-11.9690065384,-39.6552047729,-8.26927375793,-26.6369152069,-8.0467672348,-7.58792066574,-6.02521324158,-2.96539092064]},"hfc":{"dmean":3.3264811039,"dmean2":4.90564060211,"dvar":16.8911247253,"dvar2":38.8469848633,"max":80.31275177,"mean":10.629992485,"median":8.49963378906,"min":1.09062063082e-16,"var":88.5484695435},"melbands":{"dmean":[0.0000455024055555,0.000122019293485,0.000296094542136,0.000580902502406,0.000743097625673,0.000774429470766,0.000485204916913,0.0000985080987448,0.0000926479551708,0.0000965496437857,0.000084902269009,0.00004239286136,0.0000309291608573,0.0000247054267675,0.0000112913694466,0.00000398480597141,0.00000548966863789,0.0000047804874157,0.00000420668538936,0.0000026375116704,0.00000140172414831,0.00000236262667386,0.00000222332869271,0.00000174390652319,0.00000142640828926,9.01691464605e-7,0.00000106767424768,0.00000195628945221,0.00000136905225645,0.00000105213871393,8.63017419306e-7,6.72222199682e-7,3.3024593904e-7,1.81297664881e-7,2.12722454762e-7,3.14730641549e-7,1.96324052126e-7,1.55323334639e-7,1.62240809232e-7,5.2897441094e-8],"dmean2":[0.0000705630591256,0.000182374496944,0.000439469062258,0.00084586290177,0.00104607571848,0.00113442819566,0.000731105275918,0.000160492811119,0.000145338475704,0.000151334883412,0.00013726184261,0.0000684604747221,0.0000507815020683,0.0000424068057328,0.0000191692652152,0.00000649245112072,0.00000915859982342,0.00000783135965321,0.00000675857972965,0.00000411895280195,0.00000228586759476,0.00000381660902349,0.00000355599536306,0.00000277771505353,0.00000232922388932,0.00000145351918945,0.00000172009538346,0.00000326714848597,0.00000231860758504,0.00000175085847332,0.00000144373416333,0.00000112784675821,5.38517554105e-7,2.65114408649e-7,3.16376116416e-7,4.67968931162e-7,2.84806134232e-7,2.37483561705e-7,2.63531291012e-7,9.13449014206e-8],"dvar":[8.37144753518e-9,3.98239698995e-8,3.7258777752e-7,8.91861589025e-7,0.00000142443218465,0.00000213954604078,0.00000117494880669,6.0112093081e-8,5.71499079172e-8,7.10855516672e-8,1.03687369801e-7,1.87622131165e-8,5.75239056388e-9,1.25231407466e-8,2.98799474052e-9,1.60054011711e-10,5.32910604534e-10,2.53128962235e-10,1.34211114444e-10,9.25442361632e-11,2.46175822782e-11,4.35571717583e-11,3.41759398559e-11,1.52511094031e-11,9.38641872561e-12,4.39138135577e-12,1.55978337885e-11,2.24591421849e-11,1.60942457278e-11,1.16282478438e-11,6.48905148365e-12,4.54165221056e-12,8.77329079611e-13,4.50895370303e-13,3.04415715725e-12,6.87719846348e-12,2.16231980238e-12,9.43321484294e-13,1.13631348254e-12,3.18779358921e-14],"dvar2":[1.86173885197e-8,8.58939159798e-8,7.79155300279e-7,0.00000200816066354,0.0000027833675631,0.00000481699635202,0.00000264406548922,1.62008376492e-7,1.37378023624e-7,1.72803481746e-7,2.77086172673e-7,4.96385084148e-8,1.48094931873e-8,3.72333488485e-8,8.27120683056e-9,4.40685099523e-10,1.47497891678e-9,6.81050882356e-10,3.17516207771e-10,2.00848129794e-10,7.40750447092e-11,1.08252011521e-10,9.34869195945e-11,3.85024824523e-11,2.43344667333e-11,1.02142200947e-11,4.14590098363e-11,5.78413705821e-11,3.93490795503e-11,2.58542874609e-11,1.41421492572e-11,1.12092349291e-11,1.97147528337e-12,7.4491817879e-13,6.98589667017e-12,1.24362516812e-11,4.52830047765e-12,2.00687752007e-12,2.8040549483e-12,7.49267997906e-14],"max":[0.00157405401114,0.00313575239852,0.0125556467101,0.0194465368986,0.0359869338572,0.032430306077,0.0210693739355,0.00423690397292,0.00503529747948,0.00650598527864,0.0104026375338,0.00292840879411,0.00162130931858,0.00326803931966,0.00247255386785,0.000477685040096,0.000703529920429,0.000455632252852,0.000513116829097,0.000475287873996,0.000205097763683,0.000272782548564,0.000239158631302,0.0000963511774899,0.000141691081808,0.0000723642951925,0.000201295071747,0.000106369428977,0.000097955307865,0.000102282916487,0.0000626677356195,0.0000749343525968,0.0000377681280952,0.0000469028345833,0.000130279746372,0.000147895756527,0.0000915416894713,0.0000392316032958,0.0000396542636736,0.00000470613031212],"mean":[0.000164149081684,0.000449876126368,0.000683625577949,0.00118563871365,0.00156687770505,0.00142037798651,0.000858506828081,0.00016092050646,0.000155741290655,0.000163430784596,0.000131653665449,0.0000712366672815,0.0000480813250761,0.0000364821789844,0.0000190154314623,0.0000079292076407,0.00000953796461545,0.00000781241942605,0.00000745993247619,0.00000432712067777,0.00000247264165409,0.00000417286946686,0.00000432172237197,0.00000349811352862,0.00000271149247055,0.00000174211743342,0.00000229193892665,0.00000290491243504,0.00000178988841526,0.00000137238464504,0.00000104935293166,7.75530111241e-7,3.81693553209e-7,2.78558275113e-7,3.11351158189e-7,4.56521348724e-7,2.80526592178e-7,2.12152230006e-7,1.63899315453e-7,5.5699374002e-8],"median":[0.0000537791711395,0.00024810663308,0.000371924950741,0.000615447526798,0.00079061940778,0.000577898405027,0.000240723340539,0.0000583292494412,0.0000438729912275,0.0000277537401416,0.000016773774405,0.000012847565813,0.0000123306781461,0.00000513919076184,0.00000533548427484,0.00000236821733779,0.0000021603307232,0.00000293833136311,0.00000316303021464,0.00000133513208311,6.29921032669e-7,0.00000133699109028,0.00000174441743184,0.00000157783915711,0.00000129289435336,9.1346521458e-7,0.0000011542736047,0.00000121978666812,5.10613858751e-7,4.33430216162e-7,2.87252447606e-7,1.16270854278e-7,8.55510009501e-8,7.91838772329e-8,6.39853396933e-8,7.99521728823e-8,6.40140456198e-8,4.80803947767e-8,2.35942181348e-8,9.68700497594e-9],"min":[5.13988781595e-25,8.59663143617e-25,2.01358047678e-24,9.53648130473e-25,1.1757319996e-24,2.30986637759e-24,1.93408735779e-24,3.47206635583e-24,2.95814674748e-24,2.4386236629e-24,4.64051371801e-24,5.63794786885e-24,3.12109503935e-24,4.26631399774e-24,1.79713834363e-24,4.68257933135e-24,4.02728164928e-24,4.19009899025e-24,4.0280046403e-24,3.39723698251e-24,4.74913552592e-24,6.24214432477e-24,4.29757103339e-24,4.87659375453e-24,5.11035217341e-24,3.41900283818e-24,4.16209758355e-24,6.07003814664e-24,5.37616713846e-24,5.74222699748e-24,4.8457449544e-24,5.92257834978e-24,5.34041990654e-24,6.44270589903e-24,5.9074010604e-24,7.11786512654e-24,7.23041270075e-24,5.83859069579e-24,5.83681496989e-24,6.79700068651e-24],"var":[5.69429090547e-8,2.42668789951e-7,9.50950891365e-7,0.00000246597164733,0.00000456703401142,0.00000603896705798,0.00000291989567813,9.7977320479e-8,1.37678114243e-7,1.69733723965e-7,2.10370188825e-7,4.45449508391e-8,1.18692993212e-8,2.55517083048e-8,6.08952177572e-9,4.57122367736e-10,1.02526220846e-9,4.01416871965e-10,2.58580296064e-10,1.62499486089e-10,5.30952053157e-11,1.11471963604e-10,7.92383381132e-11,3.7102210193e-11,2.1573361153e-11,8.1171406402e-12,1.87897839649e-11,3.13289429121e-11,2.18758847842e-11,2.07954209408e-11,1.27463222269e-11,6.95386630223e-12,1.49854141682e-12,1.27230918943e-12,6.08354902912e-12,1.68325665906e-11,4.1161904614e-12,1.36546134642e-12,1.10010730994e-12,4.62861154027e-14]},"melbands_crest":{"dmean":3.05901861191,"dmean2":4.81802940369,"dvar":7.71617412567,"dvar2":18.7675704956,"max":39.8202209473,"mean":15.2588624954,"median":14.1414833069,"min":1.55313754082,"var":33.7695655823},"melbands_flatness_db":{"dmean":0.0296282730997,"dmean2":0.0424733944237,"dvar":0.000906683562789,"dvar2":0.0018778431695,"max":0.50721257925,"mean":0.265682935715,"median":0.269014179707,"min":0.00355471088551,"var":0.00642320420593},"melbands_kurtosis":{"dmean":10.416852951,"dmean2":15.9878015518,"dvar":299.855865479,"dvar2":675.214416504,"max":560.452453613,"mean":25.9134063721,"median":17.4000740051,"min":-1.51582360268,"var":905.433959961},"melbands_skewness":{"dmean":0.761664628983,"dmean2":1.17557370663,"dvar":0.672871053219,"dvar2":1.5682066679,"max":22.8956699371,"mean":3.05633974075,"median":2.82972574234,"min":-0.933398842812,"var":3.28512191772},"melbands_spread":{"dmean":4.24195241928,"dmean2":6.56023359299,"dvar":64.5860443115,"dvar2":147.910675049,"max":148.710662842,"mean":13.1151981354,"median":7.31485462189,"min":0.384251356125,"var":335.019622803},"mfcc":{"cov":[[14312.9863281,3428.99389648,-21.2731609344,668.864807129,-493.671966553,-622.31829834,-273.546966553,-380.927581787,-394.433410645,-53.0996704102,-404.379608154,-22.4704532623,-442.985565186],[3428.99389648,2071.05273438,18.8366336823,237.739364624,-62.2138214111,-183.457275391,-95.8032073975,-149.670333862,-260.835021973,12.999756813,-114.667572021,-27.2536354065,-139.639083862],[-21.2731609344,18.8366336823,417.863250732,94.5397415161,37.8969078064,60.8565063477,-44.1631393433,-28.9903583527,-35.0250930786,-42.2304611206,-9.48089027405,-8.65232276917,31.4503574371],[668.864807129,237.739364624,94.5397415161,350.345306396,78.3578872681,-33.0752677917,-72.8680877686,-23.1479644775,-9.86180305481,-10.9232549667,-24.3802165985,10.7842683792,39.8478813171],[-493.671966553,-62.2138214111,37.8969078064,78.3578872681,222.738143921,10.491856575,-28.5129642487,13.9638290405,22.1880016327,9.84856128693,8.3781003952,34.0376968384,25.4333515167],[-622.31829834,-183.457275391,60.8565063477,-33.0752677917,10.491856575,205.356307983,58.9268035889,34.0760536194,42.6132469177,-7.98737239838,57.0412406921,-26.0539703369,32.5039100647],[-273.546966553,-95.8032073975,-44.1631393433,-72.8680877686,-28.5129642487,58.9268035889,171.216949463,64.9631500244,38.9874229431,48.3522987366,24.0109386444,14.3102741241,-12.9284858704],[-380.927581787,-149.670333862,-28.9903583527,-23.1479644775,13.9638290405,34.0760536194,64.9631500244,130.509887695,76.8625488281,31.3164253235,35.5458869934,4.67159557343,28.7146682739],[-394.433410645,-260.835021973,-35.0250930786,-9.86180305481,22.1880016327,42.6132469177,38.9874229431,76.8625488281,162.234603882,44.6721916199,40.205280304,7.28138542175,25.0860500336],[-53.0996704102,12.999756813,-42.2304611206,-10.9232549667,9.84856128693,-7.98737239838,48.3522987366,31.3164253235,44.6721916199,132.827362061,24.5344467163,24.8642539978,-10.3622293472],[-404.379608154,-114.667572021,-9.48089027405,-24.3802165985,8.3781003952,57.0412406921,24.0109386444,35.5458869934,40.205280304,24.5344467163,129.564147949,12.3466320038,9.16016387939],[-22.4704532623,-27.2536354065,-8.65232276917,10.7842683792,34.0376968384,-26.0539703369,14.3102741241,4.67159557343,7.28138542175,24.8642539978,12.3466320038,88.7504043579,10.962846756],[-442.985565186,-139.639083862,31.4503574371,39.8478813171,25.4333515167,32.5039100647,-12.9284858704,28.7146682739,25.0860500336,-10.3622293472,9.16016387939,10.962846756,115.740257263]],"icov":[[0.000166495970916,-0.000204799158382,-0.00000226212137022,-0.000264353118837,0.000401119614253,0.000120571217849,0.0000851769509609,0.0000388651278627,-0.000203350064112,0.000102690413769,0.000217913388042,-0.000216871223529,0.000416220864281],[-0.000204799158382,0.00103987450711,0.0000689195512678,-0.000312412303174,-0.000264312635409,-0.00000125200665479,0.00000751620882511,-0.00014259085583,0.00141887471545,-0.000665643543471,-0.0000941196049098,0.000471757317428,0.00024986101198],[-0.00000226212137022,0.0000689195512678,0.00294105429202,-0.000719874631613,-0.000147467260831,-0.00135793362278,0.000596492143814,0.000116032126243,0.000752931518946,0.000261705397861,0.000347858149325,-0.000211761594983,-0.000172476298758],[-0.000264353118837,-0.000312412303174,-0.000719874631613,0.00457679340616,-0.00180436554365,0.000324026565067,0.000641142425593,0.000311413052259,-0.000774587853812,-0.0000231441863434,-0.000138917355798,0.000253645092016,-0.00231618294492],[0.000401119614253,-0.000264312635409,-0.000147467260831,-0.00180436554365,0.00661640940234,-0.000708125880919,0.00183344748802,-0.000988162006252,-0.000490697333589,-0.000320715160342,0.000878537714016,-0.00292356591672,0.00135758367833],[0.000120571217849,-0.00000125200665479,-0.00135793362278,0.000324026565067,-0.000708125880919,0.0085193188861,-0.00370983593166,0.00142566382419,-0.00139360793401,0.00145291059744,-0.00311376503669,0.00353464996442,-0.00194384134375],[0.0000851769509609,0.00000751620882511,0.000596492143814,0.000641142425593,0.00183344748802,-0.00370983593166,0.0105912955478,-0.00482231052592,0.000881193089299,-0.0025995047763,0.00163865066133,-0.00314947310835,0.00271558202803],[0.0000388651278627,-0.00014259085583,0.000116032126243,0.000311413052259,-0.000988162006252,0.00142566382419,-0.00482231052592,0.0138253169134,-0.0048742746003,0.000134715010063,-0.00185521040112,0.00181104743388,-0.00327010569163],[-0.000203350064112,0.00141887471545,0.000752931518946,-0.000774587853812,-0.000490697333589,-0.00139360793401,0.000881193089299,-0.0048742746003,0.0116080148146,-0.0031222042162,-0.00070677313488,0.00046363536967,0.0000190734135685],[0.000102690413769,-0.000665643543471,0.000261705397861,-0.0000231441863434,-0.000320715160342,0.00145291059744,-0.0025995047763,0.000134715010063,-0.0031222042162,0.010423142463,-0.00131775357295,-0.00176137208473,0.00074648973532],[0.000217913388042,-0.0000941196049098,0.000347858149325,-0.000138917355798,0.000878537714016,-0.00311376503669,0.00163865066133,-0.00185521040112,-0.00070677313488,-0.00131775357295,0.010442645289,-0.00254500750452,0.00144830229692],[-0.000216871223529,0.000471757317428,-0.000211761594983,0.000253645092016,-0.00292356591672,0.00353464996442,-0.00314947310835,0.00181104743388,0.00046363536967,-0.00176137208473,-0.00254500750452,0.0150481220335,-0.00292411493137],[0.000416220864281,0.00024986101198,-0.000172476298758,-0.00231618294492,0.00135758367833,-0.00194384134375,0.00271558202803,-0.00327010569163,0.0000190734135685,0.00074648973532,0.00144830229692,-0.00292411493137,0.0129660964012]],"mean":[-731.260437012,145.239456177,12.238111496,30.0853595734,-10.9324464798,-7.14826774597,-6.06807518005,-8.15727615356,-13.0407190323,-5.04833173752,-13.1130514145,-3.45316815376,-7.47578573227]},"pitch_salience":{"dmean":0.0703844577074,"dmean2":0.110996089876,"dvar":0.00387246045284,"dvar2":0.00918117072433,"max":0.823300004005,"mean":0.540712594986,"median":0.557914733887,"min":0.013046104461,"var":0.016456592828},"silence_rate_20dB":{"dmean":0,"dmean2":0,"dvar":0,"dvar2":0,"max":1,"mean":1,"median":1,"min":1,"var":0},"silence_rate_30dB":{"dmean":0.00162579596508,"dmean2":0.00325203244574,"dvar":0.00162330036983,"dvar2":0.00378373637795,"max":1,"mean":0.997697114944,"median":1,"min":0,"var":0.00229772017337},"silence_rate_60dB":{"dmean":0.00867091212422,"dmean2":0.017344173044,"dvar":0.00859599933028,"dvar2":0.0208355691284,"max":1,"mean":0.119344353676,"median":0,"min":0,"var":0.105109505355},"spectral_centroid":{"dmean":180.528427124,"dmean2":281.472106934,"dvar":113815.492188,"dvar2":247173.859375,"max":11351.4785156,"mean":868.202819824,"median":579.886047363,"min":201.072967529,"var":934697.8125},"spectral_complexity":{"dmean":1.78918850422,"dmean2":2.8962059021,"dvar":3.81502652168,"dvar2":9.07053089142,"max":36,"mean":10.0055541992,"median":10,"min":0,"var":28.6322517395},"spectral_contrast_coeffs":{"dmean":[0.0469231531024,0.0498608909547,0.0373549722135,0.0273305531591,0.0188569650054,0.0161225255579],"dmean2":[0.074907951057,0.0787545442581,0.061102963984,0.04427754879,0.0303300525993,0.0249948874116],"dvar":[0.00156551878899,0.00167152867652,0.000931473681703,0.000502188398968,0.000286367052468,0.000248161464697],"dvar2":[0.00387863488868,0.0042515816167,0.00250606168993,0.0012522082543,0.000671779504046,0.000550891563762],"max":[-0.21244224906,-0.331505537033,-0.45241740346,-0.595376312733,-0.623459517956,-0.621897280216],"mean":[-0.562821567059,-0.654931485653,-0.74856108427,-0.77052038908,-0.793475806713,-0.770927608013],"median":[-0.553164362907,-0.648458123207,-0.752270281315,-0.768698394299,-0.793900430202,-0.766776323318],"min":[-0.97554153204,-0.978165507317,-0.985238671303,-0.983336091042,-0.977335453033,-0.968478381634],"var":[0.0139945223927,0.0114317303523,0.00537768378854,0.00265388353728,0.00207879929803,0.00194309442304]},"spectral_contrast_valleys":{"dmean":[0.395318508148,0.330441206694,0.333724468946,0.299309253693,0.279128283262,0.319634139538],"dmean2":[0.642160654068,0.528011679649,0.507872164249,0.44857314229,0.40777310729,0.47386932373],"dvar":[0.163251847029,0.114064730704,0.128765031695,0.119238615036,0.153886824846,0.213384672999],"dvar2":[0.356336176395,0.227556794882,0.22260555625,0.196774035692,0.271612763405,0.416666001081],"max":[-6.09290409088,-4.8449640274,-5.19136047363,-6.79915571213,-6.41422367096,-7.99851846695],"mean":[-8.31280326843,-7.30754518509,-8.43288516998,-9.11778354645,-8.77691650391,-11.4579401016],"median":[-7.76948833466,-6.78891468048,-8.06689167023,-8.68824386597,-8.29795837402,-11.2527809143],"min":[-28.0173873901,-27.696023941,-27.6748313904,-27.651807785,-27.4813423157,-27.3476696014],"var":[4.53120660782,4.70196771622,4.01680469513,3.55046796799,3.55225276947,2.42668938637]},"spectral_decrease":{"dmean":1.95123495139e-9,"dmean2":2.81673462332e-9,"dvar":5.79408627589e-18,"dvar2":1.27631222277e-17,"max":1.04405673398e-28,"mean":-6.14097483975e-9,"median":-5.27197840938e-9,"min":-4.77836152868e-8,"var":2.48755957662e-17},"spectral_energy":{"dmean":0.00761901168153,"dmean2":0.0110078873113,"dvar":0.0000880878142198,"dvar2":0.000194511871086,"max":0.185028418899,"mean":0.0241414681077,"median":0.0207199826837,"min":9.91336947716e-21,"var":0.000381857884349},"spectral_energyband_high":{"dmean":0.000124533777125,"dmean2":0.000196529785171,"dvar":1.06858784932e-7,"dvar2":2.00039409037e-7,"max":0.0108969826251,"mean":0.00018512114184,"median":0.00006863832823,"min":7.08260797919e-21,"var":2.76593539184e-7},"spectral_energyband_low":{"dmean":0.000610070594121,"dmean2":0.000899418839253,"dvar":8.2819843783e-7,"dvar2":0.00000179992787253,"max":0.0144790709019,"mean":0.00233218073845,"median":0.00172736868262,"min":1.94920603481e-23,"var":0.0000049649529501},"spectral_energyband_middle_high":{"dmean":0.000699659052771,"dmean2":0.00111443095375,"dvar":0.00000322090772897,"dvar2":0.00000888205522642,"max":0.0498975478113,"mean":0.00176784454379,"median":0.00067352456972,"min":1.24925325615e-21,"var":0.0000134443980642},"spectral_energyband_middle_low":{"dmean":0.0074330214411,"dmean2":0.0107220681384,"dvar":0.0000866053596837,"dvar2":0.000190289414604,"max":0.182442829013,"mean":0.0206169057637,"median":0.0167751312256,"min":1.94794003928e-22,"var":0.000334211246809},"spectral_entropy":{"dmean":0.255937874317,"dmean2":0.364882528782,"dvar":0.0774524584413,"dvar2":0.159497529268,"max":9.81567382813,"mean":6.86288309097,"median":6.856798172,"min":4.57721233368,"var":0.526155292988},"spectral_flux":{"dmean":0.0194520819932,"dmean2":0.0324388518929,"dvar":0.000416411989136,"dvar2":0.00115828076378,"max":0.240499317646,"mean":0.0600051730871,"median":0.0568956024945,"min":6.48954640026e-11,"var":0.00137974414974},"spectral_kurtosis":{"dmean":3.09343743324,"dmean2":5.09166002274,"dvar":11.6782646179,"dvar2":30.126083374,"max":47.0907363892,"mean":7.30504846573,"median":5.75112771988,"min":-1.26430428028,"var":32.9126091003},"spectral_rms":{"dmean":0.000703473342583,"dmean2":0.00100555748213,"dvar":5.33605827968e-7,"dvar2":0.00000116443811748,"max":0.0134356068447,"mean":0.0043391645886,"median":0.00449606683105,"min":3.10991640426e-12,"var":0.00000472435385745},"spectral_rolloff":{"dmean":252.736831665,"dmean2":428.868652344,"dvar":509412.75,"dvar2":1120107.25,"max":19444.4824219,"mean":1001.77416992,"median":452.197265625,"min":21.533203125,"var":3495379.5},"spectral_skewness":{"dmean":0.352924346924,"dmean2":0.55148857832,"dvar":0.128935083747,"dvar2":0.2924913764,"max":5.35855579376,"mean":1.95836877823,"median":1.85108709335,"min":-0.0730129182339,"var":0.585551440716},"spectral_spread":{"dmean":522719.46875,"dmean2":813874.0625,"dvar":715874697216,"dvar2":1335802855420,"max":41923972,"mean":4032449.5,"median":3430512.75,"min":1452323.375,"var":8652308611070},"spectral_strongpeak":{"dmean":0.465085357428,"dmean2":0.743093848228,"dvar":0.320576816797,"dvar2":0.801970422268,"max":7.24003648758,"mean":1.0682926178,"median":0.831492125988,"min":0,"var":0.892766237259},"zerocrossingrate":{"dmean":0.0069429082796,"dmean2":0.0086632873863,"dvar":0.000121276003483,"dvar2":0.000159925912158,"max":0.52978515625,"mean":0.0425372868776,"median":0.0283203125,"min":0,"var":0.00253713829443}},"metadata":{"audio_properties":{"analysis_sample_rate":44100,"bit_rate":0,"codec":"flac","downmix":"mix","equal_loudness":0,"length":171.373336792,"lossless":true,"md5_encoded":"b184a5bde1bc211452c43d999997852f","replay_gain":-6.73135757446,"sample_rate":44100},"tags":{"acoustid_fingerprint":["AQADtEmUaEkSRZGG43gWgMdwHM_xQ8fRPDhvPBF6Cf6hkfgyD89jqJwu-DS-BK8elAx8yQvsFHrgNjl6lJbxrUMoMfiM_KiLxglXXDqeztD04-PhJsFJ4wmOa8ygyTlyHXmNnmh-PBl-XNCuHJrExXgCWVyMZjdCLsgtQ3sehFGWHP-OvmieHj-OvE-Q3DjqHJaiXILHC9Ut5DqSE3VCNPnR48efI_yJP8i34NrxBF06-EdsHeJxJTxCJolzlLdxnJngKPxCdKFMXAry9NDII32UwJewNTnKxDF-4l_Bn5jyCWKj4evhRxe64-aGR3GK5kfxw_nxAw-SZUUd8cg_NHN09Md_jBEPJicmx8HlEzd-Dc_x4z4-oR-eTnCVIHyQPD_-BBdeDj18VF6PH6eQ8B3y49JlNM1moU-F80cZEtOFJ-txIleC5MdPsEmOWocP18GV5AGTStiFP_gO9CHSw8-hf7hGbBx-4wr848eD49iOU8jhGYePH-WP-nDHw-gTnDgqHV4SEfUn9I_RHOeHv8SVwA8e_MJzOJJi4pdj5Md96I5xnHAXGc8Sxvih5WZQfMEj5MZ9NI-FPjOQ4zhz6EsM38vwM2jCLUe3HL10-FmgHT8uZniSHP-FZl_RX-gd9NCDk0ccJclxmkrgl8KjnPhiPMYDJ4oexLqCBHeGpkmOkhfaSS6cBJV1NEd_onyOhklxKTpy9GhqQk-pIKYydD38Hd7To-1xMj36zGg0PTjFQMvDDD1xBs3COUGpfRN-OF-mFD-e4UKYZQmJ7_hxHscPHxe-wx2EIzf-tXiN38gP2TkeISQzPA9-HOkfqF2OHMd_PGvRXEcd-ah544uO6VJwXwV7Y02OM0JTHc_w5EhzyM1IpGNLXMkN_8SJyTt-Yhd64hmewftxhUV_vMmPHzm69lCk8xR44sFEVoObCMnCTHh29BfeVOi_4TbxHqHCanCIUM6Op5pSPPJx43nwNzn2HMmOMI9SnDweND9q4UceJD8uHqeCHk9UWL_Q59At7CfOPMjnGA5P6EmSGb8R5kb45DjRlCHERiHKPCUu8qjS3GjO4Dz2QMtzZB-aWQGbdKhzovnwgyymS0hYO8hjHD2-491xJfCe49nhz_iJLzhiiBdy_XgS-BF-_B3RwdF_TAyXGjyuR9hzXC_uwsqPZ4nR_EGdhMITUbgIfzhFHTmSH3MGRy92vMljWB8-Ic90JD_xHE3vFB-mH4-Ca8hzJO_xo1Oew1uIbzr4w3V8OFLqDQxz7Dh-hKKkw84OUUeNkDy2Zfhx_EhLHBOPPA9qwaKLa8d7nC06H9fxo-Fy4LbgKNmOHl_R82jq4wrxJS-Okj2aFxcfPO9xokeT56jy4D_SXWh34Rd0Xai3oDGeI8_H4WcGn8iFH22iBVpqIMyD50STjSQenB_CNIHJBTcHLVaOPDr8CE95nNzwXOiRnif0zEiPJwijiTmS88NPBWaV4w4uZWnwhC185EiaE47YBleOZ-jR