{"lowlevel":{"average_loudness":0.885931015015,"barkbands":{"dmean":[0.0000412958688685,0.0019781619776,0.00322297844104,0.00182325334754,0.00522878812626,0.00124998553656,0.000638402008917,0.000947795459069,0.000564877293073,0.000376467243768,0.000299954175716,0.00021369739261,0.000170682935277,0.000208033350646,0.000161155781825,0.000162887736224,0.000192434265045,0.000173690510564,0.000156712630996,0.000128363069962,0.000103155012766,0.0000791300408309,0.0000835424871184,0.0000628489578958,0.0000348531466443,0.0000188725043699,0.00000499655789099],"dmean2":[0.0000601041210757,0.00325184478424,0.00563696539029,0.00312300212681,0.00861307233572,0.00201870710589,0.00104204495437,0.00153916538693,0.000917855533771,0.000616677571088,0.000482599862153,0.000348844769178,0.000282426859485,0.000338021462085,0.000266597722657,0.000270749384072,0.000323090527672,0.000289495277684,0.00026357738534,0.000215146166738,0.000172086758539,0.000130763000925,0.000134440313559,0.000100571480289,0.0000544038884982,0.0000285366841126,0.00000778680532676],"dvar":[9.54191747837e-9,0.0000172565796674,0.0000640456855763,0.0000139109652082,0.000142781907925,0.00000383265160053,0.0000017839265638,0.00000525969926457,0.00000258241061601,0.00000151803340032,0.00000109537029402,5.14713519806e-7,3.54403425717e-7,3.50104556901e-7,2.62668805817e-7,1.15551742397e-7,1.05444705412e-7,1.39853483461e-7,9.61985193726e-8,6.69788988716e-8,5.54157146837e-8,4.45178365283e-8,7.84170097745e-8,3.79127449435e-8,4.73878003504e-9,2.07040984357e-9,2.0142824908e-10],"dvar2":[1.84402733083e-8,0.0000469386395707,0.000181834737305,0.000037666024582,0.000383631733712,0.00000987971270661,0.00000445959767603,0.0000129849258883,0.00000632648334431,0.00000364560492017,0.00000263190372607,0.0000012361294921,9.18602495403e-7,8.375429843e-7,6.43742339435e-7,2.84987123678e-7,2.79320829577e-7,3.72096081946e-7,2.52877072171e-7,1.7107190331e-7,1.34390674589e-7,1.05930404004e-7,1.76634728177e-7,8.11544680346e-8,1.18266791915e-8,5.2791553351e-9,4.90754825666e-10],"max":[0.00149356236216,0.043742634356,0.0794393569231,0.0383953899145,0.0958492979407,0.0294156949967,0.033057577908,0.0352399721742,0.0335722789168,0.0257438905537,0.0358346402645,0.0211072713137,0.0145076019689,0.0129360686988,0.014005725272,0.0073692263104,0.00627596629784,0.0096924379468,0.00661264313385,0.00554101215675,0.00610475661233,0.00681427447125,0.00691660353914,0.00512642599642,0.00113144284114,0.000849453092087,0.000295628706226],"mean":[0.0000722705954104,0.00313715776429,0.00409460347146,0.0021071115043,0.00687621580437,0.00204476062208,0.0010353726102,0.00136807153467,0.00082497135736,0.00054569443455,0.000434013752965,0.000316765945172,0.000235987230553,0.000327864516294,0.000253465783317,0.000290621363092,0.000386200525099,0.000343000836438,0.000310469360556,0.000236632840824,0.000184030854143,0.000131287481054,0.000133357738378,0.0000992152345134,0.0000601095380262,0.000029571212508,0.00000615342332821],"median":[0.00000445045998276,0.00141187850386,0.00164024042897,0.00087251473451,0.00338130351156,0.00112600706052,0.000555955688469,0.000537807063665,0.000349914567778,0.000196691646124,0.000143971643411,0.000126889601233,0.0000910377275432,0.00013828878582,0.000122124285554,0.000153422355652,0.000233584840316,0.000197510817088,0.000181981813512,0.000122930898215,0.0000971612025751,0.000052222287195,0.0000520801804669,0.0000362446371582,0.0000320580365951,0.0000114431368274,8.01054795829e-7],"min":[3.95991355906e-23,1.4373806155e-23,5.10434499762e-24,3.69601450049e-24,6.13194455838e-23,1.33613271646e-22,9.3926348458e-23,6.21206000974e-23,5.13644658775e-23,2.03079271176e-23,7.39208737669e-23,9.06069038103e-23,1.33979896329e-22,1.9258538272e-22,1.29900311624e-22,1.51638011267e-22,1.88152098028e-22,1.69120847623e-22,2.59720777903e-22,3.40525782043e-22,4.79590221383e-22,6.36911148746e-22,6.76450927287e-22,8.73495052817e-22,1.45097455692e-21,1.40439536232e-21,2.66705183226e-21],"var":[2.4058838477e-8,0.0000223503393499,0.0000536717379873,0.0000123072086353,0.000135146969114,0.00000697048153597,0.00000328214423462,0.00000796518452262,0.00000377410924557,0.00000242919531956,0.00000214868941839,7.97291534127e-7,4.47610432275e-7,6.01820772772e-7,3.47367489439e-7,1.944453345e-7,2.19922938527e-7,2.21288701141e-7,1.71226716361e-7,1.09819730199e-7,8.24250463438e-8,6.19499047616e-8,1.23013990105e-7,6.94289852277e-8,7.70429142705e-9,2.63198773887e-9,2.29605529034e-10]},"barkbands_crest":{"dmean":3.16366791725,"dmean2":5.16875553131,"dvar":9.02108764648,"dvar2":23.2528915405,"max":25.3146781921,"mean":10.8823947906,"median":9.90183353424,"min":2.33437848091,"var":21.7490119934},"barkbands_flatness_db":{"dmean":0.0286502297968,"dmean2":0.0446263067424,"dvar":0.000917973171454,"dvar2":0.00229706801474,"max":0.504803836346,"mean":0.156607717276,"median":0.13012689352,"min":0.0283827371895,"var":0.0077095888555},"barkbands_kurtosis":{"dmean":5.70133209229,"dmean2":9.48937702179,"dvar":134.798126221,"dvar2":349.767730713,"max":220.349639893,"mean":7.56065607071,"median":3.06082773209,"min":-1.94235062599,"var":211.226913452},"barkbands_skewness":{"dmean":0.767273724079,"dmean2":1.22933888435,"dvar":0.846450686455,"dvar2":2.1976339817,"max":12.0264959335,"mean":2.02820849419,"median":1.76802563667,"min":-3.52082514763,"var":1.92472410202},"barkbands_spread":{"dmean":6.53458404541,"dmean2":10.4128627777,"dvar":71.2312164307,"dvar2":166.145080566,"max":159.504867554,"mean":20.6446247101,"median":18.6231975555,"min":0.294877231121,"var":222.576538086},"dissonance":{"dmean":0.0158415175974,"dmean2":0.0261643268168,"dvar":0.000298047263641,"dvar2":0.000749632657971,"max":0.500000178814,"mean":0.465871155262,"median":0.474106520414,"min":0.275587141514,"var":0.000755450804718},"dynamic_complexity":3.47275900841,"erbbands":{"dmean":[0.0336815714836,0.557900071144,3.02961969376,5.18776082993,14.3230257034,18.3910999298,11.597284317,9.87555789948,8.03239917755,12.7983312607,21.864440918,12.6712322235,11.2105150223,13.0276231766,8.98025035858,8.37997245789,7.14266872406,9.40325069427,9.19427108765,7.75750684738,9.17577838898,10.3045902252,9.11603450775,9.29133987427,6.95456886292,6.02586698532,4.62644147873,3.69795942307,2.91815495491,2.73320531845,2.28929781914,1.48483586311,0.993297219276,0.498482704163,0.206738516688,0.0814143419266,0.0355101972818,0.0104747526348,0.000695977883879,0.0000193725245481],"dmean2":[0.0533273592591,0.926907598972,5.28029489517,9.01476573944,23.3911018372,30.9647445679,19.0753593445,15.831243515,13.1691427231,20.6182460785,35.4651260376,20.5687217712,18.1475811005,21.0337238312,14.4457035065,13.5592622757,11.643289566,15.0591211319,14.8556108475,12.6824493408,15.3083925247,17.2214546204,15.1349411011,15.5204410553,11.6485624313,10.1365194321,7.74818754196,6.17688369751,4.83053255081,4.45631361008,3.63409304619,2.37439322472,1.58116912842,0.781614124775,0.327531248331,0.126604363322,0.0536247417331,0.0160123370588,0.00106926984154,0.0000289692616207],"dvar":[0.00535851484165,1.45550262928,55.5155105591,137.476516724,1366.02600098,1425.75878906,290.286224365,275.857574463,246.57913208,930.694396973,3035.88598633,1451.02941895,1313.45556641,2211.42944336,772.152404785,869.877319336,681.785766602,754.632629395,747.393920898,650.369750977,334.961883545,304.941253662,401.554870605,357.278106689,226.294555664,162.15322876,88.0176086426,90.693359375,54.5756111145,65.3900527954,60.2603416443,22.859703064,9.77055358887,1.11592686176,0.178876027465,0.0384011790156,0.00748740648851,0.000821117835585,0.00000380256096832,1.18549403627e-9],"dvar2":[0.0139819998294,4.03195762634,157.659606934,379.758209229,3484.77587891,3954.69116211,799.519104004,688.557800293,614.132629395,2165.31176758,7393.57324219,3586.91845703,3180.97412109,5340.33642578,1899.13061523,2112.22387695,1752.01245117,1727.15893555,1807.5612793,1484.23620605,848.800842285,805.361206055,1090.61853027,915.440612793,600.876037598,414.45223999,230.754562378,211.662796021,132.896102905,154.34286499,130.565750122,50.1557044983,20.8949966431,2.64016366005,0.466346621513,0.103442780674,0.0186761859804,0.00201595691033,0.00000905564957066,2.71973243926e-9],"max":[0.866649866104,12.1871967316,67.3358688354,110.832832336,348.609863281,373.3230896,262.555847168,325.318847656,370.61340332,906.729553223,804.406616211,890.869445801,1032.10144043,1181.36779785,764.539733887,938.328186035,776.760620117,868.851196289,961.776428223,837.123413086,432.155853271,365.347290039,619.533996582,443.140289307,418.169403076,290.060119629,183.234283447,269.900238037,221.867294312,209.543395996,199.85319519,108.074905396,102.986122131,25.8786182404,5.58084821701,4.46626710892,1.59459078312,0.543941140175,0.0379946902394,0.000564595451578],"mean":[0.0521232262254,0.864379525185,4.18982982635,6.50463867188,15.1759662628,25.1101913452,20.1001377106,15.761797905,13.0828962326,20.0047683716,32.3028106689,19.2679004669,17.9046039581,19.9872722626,14.6035003662,13.0411682129,10.901017189,15.3156261444,15.6221752167,13.5426092148,17.7673416138,21.7396907806,19.1348304749,18.6093158722,13.8175983429,11.1981601715,8.70980358124,6.18398761749,4.83739614487,4.34843111038,3.59648728371,2.29487133026,1.55695390701,0.825308680534,0.354780912399,0.133112862706,0.0540224164724,0.0139841279015,0.000884632288944,0.0000456891430076],"median":[0.0177800096571,0.386704713106,1.87444925308,3.50809645653,4.12299728394,12.0185899734,13.5433015823,8.67710971832,7.03727293015,9.56252574921,12.2415904999,8.48929309845,7.29907560349,6.9891242981,6.33394479752,5.22532510757,4.58128356934,6.40106773376,7.54972553253,6.95933628082,10.2798728943,13.4917325974,11.4268083572,10.1578922272,8.07298088074,6.05508804321,4.89715623856,2.97573471069,1.97920310497,1.79337108135,1.31622707844,0.739479243755,0.619317889214,0.426038742065,0.182744577527,0.0565836057067,0.0193684697151,0.00356917735189,0.00014684603957,0.0000390306413465],"min":[5.25882952195e-22,3.48701905021e-21,4.38605330443e-21,1.54131923958e-20,2.69224590387e-20,1.92184636129e-19,9.91321060032e-19,9.23732959361e-19,1.42919087505e-18,1.51618794161e-18,9.81746651236e-19,1.11224783455e-18,8.74498342121e-19,1.24933482311e-18,3.18027060686e-18,4.37390898119e-18,6.58350898861e-18,9.59516854698e-18,6.05404101828e-18,8.04902984296e-18,8.85061666018e-18,1.20837232219e-17,9.41405404314e-18,1.14169833881e-17,1.16096287897e-17,1.61408001082e-17,2.18932523159e-17,1.60667806782e-17,2.06954699735e-17,2.32176627752e-17,1.97763862862e-17,2.24447237041e-17,1.16786355051e-17,1.05985601367e-17,1.40211365536e-17,5.28736122291e-18,2.73757781189e-18,1.39522859685e-18,3.34545366381e-19,3.5347182102e-20],"var":[0.00748074101284,1.71422898769,48.9711112976,113.827041626,1335.9230957,1374.4810791,468.367126465,468.417602539,435.375488281,1612.97937012,4862.84277344,2095.84985352,2500.04956055,3611.22900391,1318.81103516,1363.37402344,872.277954102,1407.44567871,1166.77978516,991.732543945,611.086608887,677.136413574,621.332580566,668.66217041,366.299499512,249.669387817,140.253143311,122.791862488,76.6521759033,91.6739196777,100.450653076,37.8516616821,17.6313285828,1.87371897697,0.260476648808,0.0467338487506,0.00959730707109,0.000949146517087,0.0000045385318117,1.91521043469e-9]},"erbbands_crest":{"dmean":2.73228859901,"dmean2":4.47705411911,"dvar":7.02147293091,"dvar2":17.4407558441,"max":27.7236022949,"mean":8.47237682343,"median":7.26972770691,"min":2.39702010155,"var":17.8657836914},"erbbands_flatness_db":{"dmean":0.0182085502893,"dmean2":0.0258635878563,"dvar":0.000396335875848,"dvar2":0.000767810910475,"max":0.441687554121,"mean":0.1627304703,"median":0.132784068584,"min":0.0229894723743,"var":0.00593767920509},"erbbands_kurtosis":{"dmean":1.19305717945,"dmean2":1.8752887249,"dvar":8.2296705246,"dvar2":18.6510677338,"max":87.4688186646,"mean":0.614496290684,"median":-0.474220514297,"min":-1.86351561546,"var":17.3551616669},"erbbands_skewness":{"dmean":0.435353696346,"dmean2":0.677147567272,"dvar":0.226042672992,"dvar2":0.528210580349,"max":7.57763814926,"mean":0.480945527554,"median":0.404766142368,"min":-3.27087235451,"var":0.879192233086},"erbbands_spread":{"dmean":9.50617694855,"dmean2":14.5537996292,"dvar":127.459899902,"dvar2":283.14465332,"max":167.029449463,"mean":44.8683052063,"median":45.0312728882,"min":2.47649621964,"var":523.746398926},"gfcc":{"cov":[[20340.9863281,-3753.65673828,-120.198005676,1778.67260742,-1414.69177246,1765.30639648,-745.434143066,663.725402832,-185.316864014,617.17364502,-377.847991943,463.323364258,-551.433349609],[-3753.65673828,3628.81665039,-755.148620605,-755.690002441,673.745483398,-886.985900879,430.486694336,-268.388885498,157.692520142,-329.246887207,287.901275635,-364.792572021,346.514434814],[-120.198005676,-755.148620605,1425.23168945,318.557128906,11.3714237213,447.140991211,-52.4845237732,164.243103027,6.79022455215,115.174415588,-83.6011276245,126.950080872,-105.544776917],[1778.67260742,-755.690002441,318.557128906,709.555175781,-58.2855911255,457.448059082,-0.856049597263,171.357437134,53.1715583801,138.426757812,-16.8586483002,98.7760467529,-83.1660614014],[-1414.69177246,673.745483398,11.3714237213,-58.2855911255,513.597839355,-146.251693726,204.159179688,31.1366996765,62.0981636047,2.7596912384,48.4893341064,-18.673210144,56.0734939575],[1765.30639648,-886.985900879,447.140991211,457.448059082,-146.251693726,618.516967773,-35.238609314,211.031585693,43.4872779846,126.191474915,-22.084394455,93.4571685791,-115.387695312],[-745.434143066,430.486694336,-52.4845237732,-0.856049597263,204.159179688,-35.238609314,215.576904297,33.4379959106,62.0284233093,-1.20118403435,48.1157112122,-31.0953540802,34.3923492432],[663.725402832,-268.388885498,164.243103027,171.357437134,31.1366996765,211.031585693,33.4379959106,180.323822021,54.1308631897,79.8664550781,1.17852520943,54.4722442627,-43.7596206665],[-185.316864014,157.692520142,6.79022455215,53.1715583801,62.0981636047,43.4872779846,62.0284233093,54.1308631897,104.01096344,20.4744319916,47.1807479858,-9.80067062378,14.7876882553],[617.17364502,-329.246887207,115.174415588,138.426757812,2.7596912384,126.191474915,-1.20118403435,79.8664550781,20.4744319916,111.542457581,-8.26594161987,56.7184371948,-41.2059555054],[-377.847991943,287.901275635,-83.6011276245,-16.8586483002,48.4893341064,-22.084394455,48.1157112122,1.17852520943,47.1807479858,-8.26594161987,95.225189209,-18.1783752441,36.2875671387],[463.323364258,-364.792572021,126.950080872,98.7760467529,-18.673210144,93.4571685791,-31.0953540802,54.4722442627,-9.80067062378,56.7184371948,-18.1783752441,105.440162659,-18.3161525726],[-551.433349609,346.514434814,-105.544776917,-83.1660614014,56.0734939575,-115.387695312,34.3923492432,-43.7596206665,14.7876882553,-41.2059555054,36.2875671387,-18.3161525726,83.8304672241]],"icov":[[0.000159674047609,-0.000281031534541,0.000247720367042,-0.000235898274696,0.000348858215148,-0.000372926675482,0.000418935815105,-0.000269360083621,0.000360996666132,-0.000659219396766,0.000687152030878,-0.000514283427037,0.000433171488112],[-0.000281031534541,0.00194165448193,-0.000549714721274,0.000632851442788,-0.00140572548844,0.00145747035276,-0.00146674341522,0.000114939735795,-0.0010436992161,0.00247826520354,-0.00307943718508,0.00353743182495,-0.00282243522815],[0.000247720367042,-0.000549714721274,0.00143419206142,-0.000262598041445,0.000125572769321,-0.00150434114039,0.00101886910852,-0.000161192030646,0.000363888102584,-0.00104957993608,0.00196875911206,-0.0016195474891,0.00100397225469],[-0.000235898274696,0.000632851442788,-0.000262598041445,0.00336302258074,-0.000814431463368,-0.00147223612294,-0.000947512569837,0.000972877664026,-0.00131465960294,-0.000226612042752,-0.000774696411099,0.000428533094237,-0.00119749875739],[0.000348858215148,-0.00140572548844,0.000125572769321,-0.000814431463368,0.00501315668225,0.00038416145253,-0.00182411551941,-0.00162605755031,0.000965926854406,-0.00268437643535,0.00228925049305,-0.00275523448363,0.00144775782246],[-0.000372926675482,0.00145747035276,-0.00150434114039,-0.00147223612294,0.00038416145253,0.00715841166675,-0.00175298226532,-0.00336818140931,-0.000991594046354,0.00280538923107,-0.00407498329878,0.00262091867626,0.000615462835412],[0.000418935815105,-0.00146674341522,0.00101886910852,-0.000947512569837,-0.00182411551941,-0.00175298226532,0.0105952033773,-0.00185232877266,-0.000609975890256,-0.00238974997774,0.00176659738645,-0.000276327948086,0.00076273700688],[-0.000269360083621,0.000114939735795,-0.000161192030646,0.000972877664026,-0.00162605755031,-0.00336818140931,-0.00185232877266,0.0149136232212,-0.00589944561943,-0.00224589882419,0.000537177023944,-0.00351180136204,0.00244859326631],[0.000360996666132,-0.0010436992161,0.000363888102584,-0.00131465960294,0.000965926854406,-0.000991594046354,-0.000609975890256,-0.00589944561943,0.0190817471594,-0.00442682392895,-0.00418895296752,0.00257082120515,-0.00216457992792],[-0.000659219396766,0.00247826520354,-0.00104957993608,-0.000226612042752,-0.00268437643535,0.00280538923107,-0.00238974997774,-0.00224589882419,-0.00442682392895,0.0225423239172,-0.00526064867154,-0.00249475310557,0.0029319555033],[0.000687152030878,-0.00307943718508,0.00196875911206,-0.000774696411099,0.00228925049305,-0.00407498329878,0.00176659738645,0.000537177023944,-0.00418895296752,-0.00526064867154,0.0222390182316,-0.00498931948096,-0.00118904572446],[-0.000514283427037,0.00353743182495,-0.0016195474891,0.000428533094237,-0.00275523448363,0.00262091867626,-0.000276327948086,-0.00351180136204,0.00257082120515,-0.00249475310557,-0.00498931948096,0.0233843605965,-0.0102989664301],[0.000433171488112,-0.00282243522815,0.00100397225469,-0.00119749875739,0.00144775782246,0.000615462835412,0.00076273700688,0.00244859326631,-0.00216457992792,0.0029319555033,-0.00118904572446,-0.0102989664301,0.0274522993714]],"mean":[-31.2853755951,102.953384399,-111.34853363,28.8398208618,-56.7260704041,-7.11543464661,-41.8322410583,4.39720153809,-28.578754425,-5.60714054108,-18.823797226,-4.18721437454,-11.0079612732]},"hfc":{"dmean":4.79225254059,"dmean2":7.34288644791,"dvar":60.5891418457,"dvar2":144.372039795,"max":133.162857056,"mean":16.8345527649,"median":13.5542545319,"min":1.22681393344e-16,"var":207.984786987},"melbands":{"dmean":[0.000415145390434,0.00128634553403,0.00108708592597,0.00126390368678,0.000464884476969,0.00022232090123,0.000121101635159,0.000149169485667,0.000171427425812,0.0000763221178204,0.0000565057598578,0.0000537174419151,0.0000362934588338,0.0000253721627814,0.0000181772375072,0.0000177997062565,0.0000186818233487,0.0000170384591911,0.0000113334281195,0.0000106391016743,0.0000120873592095,0.000011539596926,0.0000106899569801,0.00000802807699074,0.0000082972301243,0.00000578804383622,0.00000481322103951,0.00000413482621298,0.00000315130660056,0.00000282357632386,0.00000210598682315,0.0000017243334014,0.00000159615876782,0.00000165389292306,0.0000014605685692,0.00000110050655167,8.86814518708e-7,7.58078954277e-7,5.75542287606e-7,3.97968335619e-7],"dmean2":[0.00067427981412,0.00222083181143,0.00183678336907,0.0021258702036,0.000754111795686,0.000355209223926,0.000198407229618,0.000239824061282,0.000278395862551,0.000123687495943,0.0000915602067835,0.0000867331618792,0.0000581972999498,0.0000411323853768,0.0000304353106912,0.0000288301744149,0.000030176317523,0.0000278718835034,0.0000187128280231,0.0000175987479452,0.0000202280189114,0.0000193590949493,0.0000181536579476,0.0000133211960929,0.000013983361896,0.00000984626694844,0.00000798972996563,0.00000699535121385,0.00000534088439963,0.00000470235772809,0.00000353975701728,0.00000288771866508,0.00000264782602244,0.00000270210807685,0.00000232551678891,0.0000017863951598,0.00000143016745824,0.00000121896857763,9.13503697575e-7,6.31592058653e-7],"dvar":[7.67089318288e-7,0.00000949896002567,0.00000472501642435,0.00000996975177259,4.29875314012e-7,1.29990027631e-7,5.63483624205e-8,1.19193572345e-7,1.88371501508e-7,5.4335036026e-8,3.3608838379e-8,3.68820387564e-8,1.4025805406e-8,7.97436960909e-9,3.52252582658e-9,3.88275855912e-9,2.8961231191e-9,2.78502043649e-9,1.34510436123e-9,7.34990457385e-10,6.00155147801e-10,3.82125275866e-10,4.49247611334e-10,3.3133068511e-10,2.8851973588e-10,1.44038281302e-10,1.11874176589e-10,7.85645923318e-11,3.77148035025e-11,4.30789570682e-11,3.18348854222e-11,1.98673490853e-11,1.90743809636e-11,2.70769535266e-11,2.46580568464e-11,1.47775559151e-11,8.01717286308e-12,6.49419970924e-12,2.27857858449e-12,6.4205157033e-13],"dvar2":[0.00000205913693208,0.0000268676849373,0.000012530416825,0.0000272033867077,0.00000117983358905,3.25227887288e-7,1.40445322927e-7,2.82355415493e-7,4.56813182836e-7,1.34503324034e-7,8.12313132315e-8,8.88767957008e-8,3.33496537053e-8,1.8431858706e-8,9.57444878935e-9,9.64619761845e-9,6.64427757258e-9,6.83055834116e-9,3.3578850811e-9,1.69538993955e-9,1.53811707815e-9,1.00858832397e-9,1.2511185421e-9,8.6225926399e-10,7.46406159102e-10,3.92389815085e-10,2.80480277892e-10,2.05536115905e-10,1.02767981625e-10,1.05265192396e-10,7.69529023836e-11,5.05321444411e-11,4.48595778579e-11,6.65238697461e-11,5.46505132815e-11,3.40824347911e-11,1.7674412281e-11,1.43317380533e-11,5.07924475049e-12,1.61730568174e-12],"max":[0.0101681537926,0.0284253861755,0.0188666451722,0.0244233701378,0.00724089797586,0.00627989973873,0.00567995058373,0.00914297904819,0.00614721188322,0.00581098394468,0.00501138158143,0.00489611690864,0.00428392039612,0.00290393247269,0.00124634406529,0.00149701349437,0.00147430237848,0.00160266866442,0.00119585834909,0.000813587859739,0.000530667428393,0.00041367841186,0.000532485428266,0.000496246851981,0.000411173794419,0.00030000237166,0.000291516713332,0.000207407952985,0.000115344540973,0.000198737325263,0.000164509532624,0.000134120171424,0.00012988387607,0.000150095744175,0.000137821174576,0.000110455977847,0.0000546526171092,0.0000805516247055,0.0000447186976089,0.0000152312077262],"mean":[0.000662854639813,0.00189889292233,0.00136446743272,0.00149367167614,0.000834329635836,0.000362072576536,0.000197145665879,0.000229910845519,0.000251078541623,0.000112261164759,0.0000864682151587,0.0000792773935245,0.0000553893878532,0.0000370118032151,0.0000261670011241,0.0000247974567174,0.0000289543895633,0.0000267790182988,0.0000178835834959,0.0000180340703082,0.0000214941264858,0.0000222887792916,0.0000206031891139,0.000015250641809,0.000015306772184,0.0000105027156678,0.00000882988297235,0.00000697269888406,0.00000564265701541,0.00000454994597021,0.00000323069116348,0.00000271612634606,0.00000244691341322,0.0000024839357593,0.00000220340166379,0.00000163371282724,0.00000130594560233,0.00000112694715426,9.00899010503e-7,6.28943837455e-7],"median":[0.000292428827379,0.000996743212454,0.00070729944855,0.000632123555988,0.000576618360355,0.00020134956867,0.000104786158772,0.000107713822217,0.000093450267741,0.0000481852439407,0.0000339675316354,0.0000267931591225,0.0000212225022551,0.000014598243979,0.0000112171601359,0.00000879124490893,0.000011687483493,0.0000120346148833,0.00000889679813554,0.00000917172201298,0.0000120586910271,0.0000135902964757,0.0000111256886157,0.00000868932966114,0.00000777594141255,0.0000061640689637,0.00000457621808891,0.00000356632403964,0.00000300293936562,0.00000234902449847,0.00000135755954034,0.00000109905045065,8.75046680449e-7,0.00000104936282241,8.12930977645e-7,4.88626255901e-7,4.13897765839e-7,4.04434672419e-7,4.06036406275e-7,3.24124499684e-7],"min":[7.79860554495e-24,3.28836589455e-24,2.33154743071e-24,5.6936990356e-24,2.94299675268e-23,2.34223452382e-23,2.04143491869e-23,1.67511473557e-23,7.28324271557e-24,7.19103986411e-24,4.33945481429e-24,4.44100842849e-24,1.08506579002e-23,9.67787101414e-24,1.1654447998e-23,1.67071462722e-23,1.82130217868e-23,9.9553638816e-24,9.96590542988e-24,1.00548558078e-23,1.0560237969e-23,1.28142596999e-23,7.83485291468e-24,9.36706218406e-24,9.01861364475e-24,9.82330225518e-24,5.21479301853e-24,1.26485145016e-23,1.45272711555e-23,1.3518123998e-23,7.32464134701e-24,1.009939805e-23,1.5742987852e-23,1.06425153726e-23,1.02982943389e-23,1.31007582034e-23,1.48285229357e-23,7.3767598093e-24,7.86856094116e-24,9.1648621457e-24],"var":[0.00000102270428215,0.00000873116368894,0.00000443929548055,0.0000084715002231,7.18024580237e-7,2.34269123212e-7,1.03141779562e-7,1.94279294874e-7,3.00016523624e-7,7.57334390755e-8,6.27788736551e-8,5.86315636042e-8,2.74061822125e-8,1.26117853938e-8,3.97775457017e-9,5.5598703419e-9,5.12207654069e-9,4.10827283304e-9,1.72645953089e-9,1.15630183206e-9,9.69722635524e-10,7.61563478946e-10,7.24248383488e-10,4.98370511526e-10,5.04271624457e-10,2.1742163625e-10,1.8224600995e-10,1.06469652539e-10,5.8097034128e-11,5.77228508047e-11,3.98132291024e-11,2.51720415345e-11,2.58494389088e-11,3.49207815442e-11,4.0473912416e-11,2.0771374204e-11,1.34147805711e-11,1.11363166952e-11,3.77704248086e-12,9.45496827533e-13]},"melbands_crest":{"dmean":3.52590703964,"dmean2":5.86524438858,"dvar":10.7347898483,"dvar2":29.3637485504,"max":31.7444934845,"mean":14.1902971268,"median":13.6402616501,"min":2.66794252396,"var":20.8572101593},"melbands_flatness_db":{"dmean":0.0349764041603,"dmean2":0.0542301610112,"dvar":0.00140377110802,"dvar2":0.00346033275127,"max":0.644534647465,"mean":0.226844727993,"median":0.197725504637,"min":0.0085374917835,"var":0.0108309620991},"melbands_kurtosis":{"dmean":12.9714803696,"dmean2":21.5398674011,"dvar":652.221740723,"dvar2":1688.30273438,"max":574.749511719,"mean":20.8454189301,"median":11.5814085007,"min":-1.71882474422,"var":1126.91833496},"melbands_skewness":{"dmean":1.00723862648,"dmean2":1.60364019871,"dvar":1.48695969582,"dvar2":3.76379942894,"max":17.6436443329,"mean":3.25110077858,"median":2.90965557098,"min":-1.21329021454,"var":3.51244783401},"melbands_spread":{"dmean":6.90659999847,"dmean2":10.9029140472,"dvar":80.7926483154,"dvar2":180.858444214,"max":197.613479614,"mean":19.0689220428,"median":15.5968999863,"min":0.363158941269,"var":319.242980957},"mfcc":{"cov":[[12566.046875,-2118.16650391,-377.183013916,546.866821289,-64.6514434814,499.726165771,171.672653198,256.027160645,184.014846802,249.868530273,237.343078613,167.807342529,182.508605957],[-2118.16650391,2221.7590332,-364.62789917,-128.029296875,68.2104797363,-263.910491943,59.5159873962,-25.853061676,-28.5604763031,14.1674795151,-42.3978004456,-20.9684867859,-46.4826812744],[-377.183013916,-364.62789917,1110.96960449,57.6958312988,114.171684265,227.761260986,-3.15771174431,106.06137085,44.0865097046,35.5707702637,43.5089759827,-17.4018497467,10.3402614594],[546.866821289,-128.029296875,57.6958312988,350.909393311,134.828582764,136.660247803,103.966705322,71.8333740234,85.9724655151,54.4305686951,54.7149505615,58.9719619751,57.4148254395],[-64.6514434814,68.2104797363,114.171684265,134.828582764,206.660324097,98.8507995605,71.5348434448,71.9417648315,64.4829940796,39.8700523376,43.9304008484,35.5601654053,38.3851470947],[499.726165771,-263.910491943,227.761260986,136.660247803,98.8507995605,221.30758667,91.8835296631,91.3544692993,66.393661499,66.2215881348,66.7818908691,36.0871582031,36.1202583313],[171.672653198,59.5159873962,-3.15771174431,103.966705322,71.5348434448,91.8835296631,149.425323486,72.3915405273,60.5998268127,54.7051200867,54.483997345,38.2796096802,33.9848098755],[256.027160645,-25.853061676,106.06137085,71.8333740234,71.9417648315,91.3544692993,72.3915405273,128.135299683,64.5788192749,57.1945457458,53.3364219666,34.0882568359,34.8847618103],[184.014846802,-28.5604763031,44.0865097046,85.9724655151,64.4829940796,66.393661499,60.5998268127,64.5788192749,105.455108643,47.6659393311,44.8880348206,33.0643806458,32.4040412903],[249.868530273,14.1674795151,35.5707702637,54.4305686951,39.8700523376,66.2215881348,54.7051200867,57.1945457458,47.6659393311,102.621673584,59.8128623962,34.873374939,26.6558609009],[237.343078613,-42.3978004456,43.5089759827,54.7149505615,43.9304008484,66.7818908691,54.483997345,53.3364219666,44.8880348206,59.8128623962,86.6139144897,45.3053474426,33.882686615],[167.807342529,-20.9684867859,-17.4018497467,58.9719619751,35.5601654053,36.0871582031,38.2796096802,34.0882568359,33.0643806458,34.873374939,45.3053474426,67.7851333618,40.4528465271],[182.508605957,-46.4826812744,10.3402614594,57.4148254395,38.3851470947,36.1202583313,33.9848098755,34.8847618103,32.4040412903,26.6558609009,33.882686615,40.4528465271,65.5762252808]],"icov":[[0.000120343102026,0.0000908998190425,0.000129050167743,-0.000136536502396,0.000185757409781,-0.000206351513043,0.000123277292005,-0.000196476205019,0.0000425388207077,-0.000149881452671,-0.0000854128084029,0.0000982009805739,-0.000102288096969],[0.0000908998190425,0.000785002775956,0.00010378776642,0.000124764104839,-0.000683641643263,0.00133125274442,-0.000888871960342,-0.000257200706983,0.000251522549661,-0.000821248977445,0.000261705456069,0.0000534339196747,0.000483581796288],[0.000129050167743,0.00010378776642,0.00152625271585,0.0000766203665989,-0.000218510642298,-0.00194512435701,0.00139315787237,-0.00100044801366,0.0000916541102924,0.00011696164438,-0.000459442584543,0.00122163328342,-0.000192880295799],[-0.000136536502396,0.000124764104839,0.0000766203665989,0.00523118535057,-0.00216674827971,-0.00128874997608,-0.00153922301251,0.00115804828238,-0.00153284531552,0.0000477981484437,0.00148136273492,-0.00177845766302,-0.000894243479706],[0.000185757409781,-0.000683641643263,-0.000218510642298,-0.00216674827971,0.00902881659567,-0.00269390502945,0.000432272820035,-0.00158429017756,-0.00155129272025,0.00123561755754,-0.000483908661408,-0.000174769666046,-0.00163031881675],[-0.000206351513043,0.00133125274442,-0.00194512435701,-0.00128874997608,-0.00269390502945,0.0141833508387,-0.00523746013641,-0.0016249580076,0.000533730722964,-0.00261488836259,-0.0015574854333,0.000274785037618,0.00173066719435],[0.000123277292005,-0.000888871960342,0.00139315787237,-0.00153922301251,0.000432272820035,-0.00523746013641,0.0143688777462,-0.0031854507979,-0.00173170363996,-0.000046063982154,-0.00265327189118,0.000375314673875,-0.000951603171416],[-0.000196476205019,-0.000257200706983,-0.00100044801366,0.00115804828238,-0.00158429017756,-0.0016249580076,-0.0031854507979,0.0164350625128,-0.00426971213892,-0.00226773088798,-0.0010924563976,-0.000562860106584,-0.0018180568004],[0.0000425388207077,0.000251522549661,0.0000916541102924,-0.00153284531552,-0.00155129272025,0.000533730722964,-0.00173170363996,-0.00426971213892,0.0171638503671,-0.0024379985407,-0.00148641399574,-0.000338593905326,-0.00134308938868],[-0.000149881452671,-0.000821248977445,0.00011696164438,0.0000477981484437,0.00123561755754,-0.00261488836259,-0.000046063982154,-0.00226773088798,-0.0024379985407,0.0192085336894,-0.00890994258225,-0.000880663341377,0.000265675917035],[-0.0000854128084029,0.000261705456069,-0.000459442584543,0.00148136273492,-0.000483908661408,-0.0015574854333,-0.00265327189118,-0.0010924563976,-0.00148641399574,-0.00890994258225,0.0279528200626,-0.0106163648888,-0.00124163692817],[0.0000982009805739,0.0000534339196747,0.00122163328342,-0.00177845766302,-0.000174769666046,0.000274785037618,0.000375314673875,-0.000562860106584,-0.000338593905326,-0.000880663341377,-0.0106163648888,0.0313725471497,-0.0121575864032],[-0.000102288096969,0.000483581796288,-0.000192880295799,-0.000894243479706,-0.00163031881675,0.00173066719435,-0.000951603171416,-0.0018180568004,-0.00134308938868,0.000265675917035,-0.00124163692817,-0.0121575864032,0.0268486477435]],"mean":[-665.970397949,127.196617126,4.4440779686,28.3019428253,3.67801117897,-7.90927505493,-5.22279500961,-1.42224729061,-5.15522432327,-4.05255556107,-6.5654797554,-5.07886743546,-5.92454147339]},"pitch_salience":{"dmean":0.0882748365402,"dmean2":0.146108463407,"dvar":0.00698187015951,"dvar2":0.018659805879,"max":0.895148634911,"mean":0.587213993073,"median":0.595790147781,"min":0.136840984225,"var":0.0129111288115},"silence_rate_20dB":{"dmean":0,"dmean2":0,"dvar":0,"dvar2":0,"max":1,"mean":1,"median":1,"min":1,"var":0},"silence_rate_30dB":{"dmean":0,"dmean2":0,"dvar":0,"dvar2":0,"max":1,"mean":1,"median":1,"min":1,"var":0},"silence_rate_60dB":{"dmean":0.0262361243367,"dmean2":0.0524788685143,"dvar":0.0255461670458,"dvar2":0.0529979541898,"max":1,"mean":0.0839954614639,"median":0,"min":0,"var":0.0769404545426},"spectral_centroid":{"dmean":287.365447998,"dmean2":455.467651367,"dvar":120227.070312,"dvar2":273462.28125,"max":10778.7441406,"mean":1171.93493652,"median":1105.80664062,"min":135.488479614,"var":455052.5625},"spectral_complexity":{"dmean":3.68844604492,"dmean2":5.82137012482,"dvar":15.8396158218,"dvar2":37.3722496033,"max":56,"mean":20.0044136047,"median":18,"min":0,"var":149.024993896},"spectral_contrast_coeffs":{"dmean":[0.0566382445395,0.0481558069587,0.0367092825472,0.0274471156299,0.0200863741338,0.0210091676563],"dmean2":[0.0913927704096,0.0785129442811,0.0596788041294,0.0453837104142,0.0329842343926,0.0333727411926],"dvar":[0.00270838360302,0.0014772140421,0.000877978221979,0.000524292932823,0.0002728854015,0.000531638273969],"dvar2":[0.00677085621282,0.00390760879964,0.002289023716,0.00137844728306,0.00069809157867,0.00121966539882],"max":[-0.248575761914,-0.497477591038,-0.565181732178,-0.606483578682,-0.653769493103,-0.598871707916],"mean":[-0.569433033466,-0.750210285187,-0.798917710781,-0.823836803436,-0.809217691422,-0.773105680943],"median":[-0.58018809557,-0.756229579449,-0.805670678616,-0.828639686108,-0.809234023094,-0.769973397255],"min":[-0.960863888264,-0.968645036221,-0.963509917259,-0.962374210358,-0.957004189491,-0.958529412746],"var":[0.0108552826568,0.00422360468656,0.00300954352133,0.00190515455324,0.00106879277155,0.00221817637794]},"spectral_contrast_valleys":{"dmean":[0.420786499977,0.374045044184,0.330561846495,0.305166125298,0.273519009352,0.40539124608],"dmean2":[0.678310990334,0.598094582558,0.511946201324,0.461614608765,0.401736527681,0.559432148933],"dvar":[0.147435724735,0.129834532738,0.114543586969,0.125907480717,0.14091488719,0.278924256563],"dvar2":[0.323730051517,0.265237689018,0.212028354406,0.222565978765,0.243641912937,0.565600574017],"max":[-5.23178815842,-4.60913085938,-5.31387376785,-5.93599128723,-5.76699018478,-7.62593698502],"mean":[-7.67881584167,-6.61624622345,-7.41671514511,-7.81250476837,-7.59753084183,-10.5992546082],"median":[-7.07285642624,-6.40341329575,-7.16787195206,-7.47512388229,-7.13390254974,-9.84956169128],"min":[-27.3515129089,-27.3867511749,-27.0464630127,-27.2279758453,-27.2845973969,-27.280462265],"var":[2.6692211628,1.52613210678,1.51017582417,1.70415890217,2.20970249176,3.91791176796]},"spectral_decrease":{"dmean":2.64733346356e-9,"dmean2":4.29339008789e-9,"dvar":1.90969120069e-17,"dvar2":5.06493210804e-17,"max":1.42851825313e-17,"mean":-6.45376241337e-9,"median":-5.51889600686e-9,"min":-3.24656284079e-8,"var":2.99805624232e-17},"spectral_energy":{"dmean":0.0102107105777,"dmean2":0.0164735913277,"dvar":0.000278654188151,"dvar2":0.000735944951884,"max":0.124148271978,"mean":0.0258850324899,"median":0.022285958752,"min":1.1197681277e-20,"var":0.000463131582364},"spectral_energyband_high":{"dmean":0.000382712139981,"dmean2":0.000616257195361,"dvar":7.33363549443e-7,"dvar2":0.00000168117833255,"max":0.0177327245474,"mean":0.000755645625759,"median":0.000410565378843,"min":8.09890518267e-21,"var":0.00000132176637635},"spectral_energyband_low":{"dmean":0.00527170253918,"dmean2":0.00897917896509,"dvar":0.000149431027239,"dvar2":0.000413472676883,"max":0.112537622452,"mean":0.00835073925555,"median":0.00543694104999,"min":4.37521190697e-23,"var":0.000146761187352},"spectral_energyband_middle_high":{"dmean":0.00114949245472,"dmean2":0.00178963306826,"dvar":0.00000417126102548,"dvar2":0.00000934767649596,"max":0.0396933667362,"mean":0.00347240408882,"median":0.00218466925435,"min":1.46295908326e-21,"var":0.00001878871808},"spectral_energyband_middle_low":{"dmean":0.00735707953572,"dmean2":0.0117959156632,"dvar":0.000176837595063,"dvar2":0.000458894763142,"max":0.109365008771,"mean":0.0144429393113,"median":0.0101568019018,"min":4.11338480734e-22,"var":0.000232015721849},"spectral_entropy":{"dmean":0.20060120523,"dmean2":0.300942510366,"dvar":0.0609302259982,"dvar2":0.131272792816,"max":9.79785442352,"mean":7.48292732239,"median":7.68131542206,"min":4.45138120651,"var":0.422163039446},"spectral_flux":{"dmean":0.0274493731558,"dmean2":0.042554628104,"dvar":0.00130292854737,"dvar2":0.00272107706405,"max":0.306914359331,"mean":0.0845290720463,"median":0.0724260956049,"min":1.05819096541e-10,"var":0.00305663305335},"spectral_kurtosis":{"dmean":3.77445077896,"dmean2":5.94097661972,"dvar":90.2730178833,"dvar2":216.506958008,"max":189.127288818,"mean":8.66593933105,"median":3.74430656433,"min":-1.20530676842,"var":312.48916626},"spectral_rms":{"dmean":0.000868767325301,"dmean2":0.00133260549046,"dvar":0.00000131014110138,"dvar2":0.00000329496060658,"max":0.0110054658726,"mean":0.00455815438181,"median":0.00466287462041,"min":3.30523325723e-12,"var":0.00000447672891823},"spectral_rolloff":{"dmean":557.601623535,"dmean2":928.035705566,"dvar":910219.125,"dvar2":2035643.25,"max":19078.4179688,"mean":1342.63452148,"median":753.662109375,"min":21.533203125,"var":2873396.75},"spectral_skewness":{"dmean":0.354967832565,"dmean2":0.549843013287,"dvar":0.34133130312,"dvar2":0.801410853863,"max":11.0948181152,"mean":1.78645575047,"median":1.44746649265,"min":-0.101680077612,"var":1.42882180214},"spectral_spread":{"dmean":572596.6875,"dmean2":781348.5,"dvar":617397288960,"dvar2":991874383872,"max":40629192,"mean":4414638.5,"median":4461819,"min":435825.4375,"var":3665996808190},"spectral_strongpeak":{"dmean":0.377765774727,"dmean2":0.632253348827,"dvar":0.308535516262,"dvar2":0.789491117001,"max":7.50294923782,"mean":0.688301324844,"median":0.50000423193,"min":0,"var":0.48042306304},"zerocrossingrate":{"dmean":0.0108162797987,"dmean2":0.0131040718406,"dvar":0.000171793086338,"dvar2":0.000201705974177,"max":0.6728515625,"mean":0.0575480312109,"median":0.0517578125,"min":0.0009765625,"var":0.00246223132126}},"metadata":{"audio_properties":{"analysis_sample_rate":44100,"bit_rate":160023,"codec":"mp3","downmix":"mix","equal_loudness":0,"length":184.084899902,"lossless":false,"md5_encoded":"14a7c89153997469746de055845f7718","replay_gain":-16.4033069611,"sample_rate":44100},"tags":{"album":["Royal Blood"],"albumartist":["Royal Blood"],"albumartistsort":["Royal Blood"],"artist":["Royal Blood"],"artistsort":["Royal Blood"],"date":["2014"],"discnumber":["1/1"],"encoding":["Lavf56.36.100"],"file_name":"Royal Blood - Figure It Out.mp3","label":["Imperial Galactic Limited"],"media":["Digital Media"],"musicbrainz album release country":["GB"],"musicbrainz album status":["official"],"musicbrainz album type":["album"],"musicbrainz_albumartistid":["aa62b28e-b6d4-4086-91d4-e5fac1ed56f3"],"musicbrainz_albumid":["7684d02b-c645-4c04-b85c-19c0f6c5ed48"],"musicbrainz_artistid":["aa62b28e-b6d4-4086-91d4-e5fac1ed56f3"],"musicbrainz_recordingid":["0b2cdaaa-e6de-4e12-9468-df312d160f2c"],"musicbrainz_releasegroupid":["1e4a055a-e3de-4b82-bc34-cd6ac1967835"],"originaldate":["2014"],"originalyear":["2014"],"script":["Latn"],"title":["Figure It Out"],"tracknumber":["3/10"]},"version":{"essentia":"2.1-beta2","essentia_build_sha":"70f2e5ece6736b2c40cc944ad0e695b16b925413","essentia_git_sha":"v2.1_beta2","extractor":"music 1.0"}},"rhythm":{"beats_count":330,"beats_loudness":{"dmean":0.0149140488356,"dmean2":0.0278046131134,"dvar":0.000176619490958,"dvar2":0.000625097949523,"max":0.0910529792309,"mean":0.0352817811072,"median":0.037864908576,"min":1.66950064884e-10,"var":0.000380297948141},"beats_loudness_band_ratio":{"dmean":[0.147828161716,0.241509154439,0.0816687345505,0.0465472601354,0.0324424915016,0.0330132693052],"dmean2":[0.255011469126,0.456000596285,0.139202445745,0.0872625410557,0.057532351464,0.0560291744769],"dvar":[0.0224208217114,0.0281475260854,0.00794611498713,0.00595392892137,0.0017225400079,0.00385353993624],"dvar2":[0.0636605322361,0.0971539616585,0.02328413