{"lowlevel":{"average_loudness":0.975715577602,"barkbands":{"dmean":[0.000102241639979,0.00365141453221,0.0017334112199,0.000874463934451,0.00289712497033,0.00190095009748,0.00138893455733,0.00083478045417,0.0010522317607,0.0014343165094,0.000591105606873,0.000574436271563,0.000344051310094,0.000344131694874,0.000331388640916,0.000377271411708,0.000215582796955,0.000249778444413,0.000217673616135,0.000243582166149,0.000135625145049,0.0000408046762459,0.0000153781929839,0.00000925694075704,0.00000202392334359,3.46283343333e-7,9.70228910546e-8],"dmean2":[0.000167540070834,0.00557275814936,0.00297537958249,0.0015138364397,0.00470539974049,0.0030369956512,0.00225488655269,0.00137698941398,0.00166186236311,0.00231673754752,0.000967747415416,0.000878483231645,0.000545285409316,0.000542288587894,0.000536431500223,0.000616423320025,0.000354852847522,0.000408821244491,0.000348815083271,0.000385902647395,0.000211970982491,0.0000641526421532,0.0000245369119511,0.0000151459016706,0.00000305550565827,5.25204882251e-7,1.58726280119e-7],"dvar":[8.00979478299e-8,0.0000654322502669,0.00000874611487234,0.00000151266465309,0.0000122631827253,0.00000663062064632,0.0000042683132051,0.00000289927561425,0.00000466835763291,0.00000400638282372,0.00000109421523575,0.00000125796532302,3.85749189036e-7,2.97601530974e-7,2.47222004646e-7,5.2187408528e-7,1.30120284325e-7,1.69341888068e-7,1.18148079764e-7,2.22862226451e-7,8.45905603342e-8,7.62121921127e-9,2.73160294384e-9,2.99426128336e-9,3.63908209122e-11,1.72213306983e-12,3.00845069343e-13],"dvar2":[2.10816921253e-7,0.000144038916915,0.0000228951885219,0.00000422795301347,0.0000297614406009,0.0000153006712935,0.0000109965258162,0.0000067278174356,0.0000103064594441,0.00000975328475761,0.00000266995016318,0.00000246651120506,8.86675309175e-7,6.73114925576e-7,5.90281274526e-7,0.00000128860085624,3.4078891531e-7,4.25679502314e-7,2.72816038205e-7,5.20637172485e-7,1.83636430506e-7,1.76522423345e-8,7.23773618816e-9,7.09042824454e-9,8.3044550403e-11,3.95978042023e-12,8.14912590533e-13],"max":[0.00635644374415,0.0758412480354,0.0388326644897,0.0122231841087,0.0461946092546,0.0430791117251,0.0369705930352,0.031253810972,0.0539730787277,0.035063251853,0.0227767005563,0.0214419849217,0.0142861455679,0.0114672314376,0.00787848141044,0.0224200114608,0.00863932073116,0.0106650469825,0.00612485967577,0.0132669219747,0.00675291614607,0.00184531591367,0.0013704081066,0.00146695156582,0.000126624829136,0.0000372092581529,0.0000159075316333],"mean":[0.000110476197733,0.006888539996,0.00263406033628,0.00106109993067,0.00570060778409,0.00350747862831,0.00246539223008,0.00129089364782,0.00179334171116,0.00254900148138,0.00102110381704,0.00107302784454,0.000601812964305,0.000612872943748,0.000610252202023,0.000665366998874,0.000404106162023,0.000489757570904,0.000483968702611,0.000520695291925,0.000301722669974,0.0000915416094358,0.0000332381423505,0.0000164177072293,0.00000413625230067,7.58567864523e-7,1.27271690076e-7],"median":[0.000016258618416,0.00151305273175,0.000735313340556,0.000615201541223,0.00406616833061,0.00243194564246,0.00165349780582,0.000789837504271,0.00105853797868,0.00171359546948,0.000565290567465,0.000516966916621,0.000381912948797,0.000406136299716,0.000412421912188,0.000438631919678,0.00027450491325,0.000313325755997,0.000296152225928,0.000329884031089,0.000182579999091,0.000020136769308,0.00000887292480911,0.00000419642037741,3.3413851952e-7,4.91419349657e-8,3.47225643793e-8],"min":[5.32774646167e-24,5.53731051659e-24,9.52057214963e-24,2.26367462729e-24,1.48711040697e-23,1.55790751777e-23,5.81500730459e-24,1.04987005075e-23,2.28901212959e-23,4.39598577005e-23,1.40003767574e-23,6.78491565298e-23,4.64653146454e-23,6.84561502865e-23,8.87559142714e-23,9.02209299466e-23,1.15343480273e-22,1.82164403944e-22,1.8301735822e-22,3.01168236682e-22,3.27561730279e-22,2.89550221436e-22,4.93868679498e-22,6.15120967765e-22,1.0560964857e-21,1.38000332874e-21,1.94014344296e-21],"var":[8.4809144596e-8,0.000105420243926,0.0000166290283232,0.00000186476484032,0.0000320495200867,0.0000149735469677,0.00000783466839493,0.00000398357087761,0.0000086406198534,0.00000947034823184,0.00000287900957119,0.00000389556862501,7.68436962062e-7,6.27725626146e-7,5.70848897041e-7,0.00000109066763798,2.46909763746e-7,3.86101845606e-7,3.37621941071e-7,5.08971254476e-7,1.95097427991e-7,2.11006483397e-8,4.52605242174e-9,4.65005323136e-9,8.41464259382e-11,3.49871802537e-12,2.32875242527e-13]},"barkbands_crest":{"dmean":2.55716824532,"dmean2":4.16182470322,"dvar":6.90648269653,"dvar2":16.3408927917,"max":24.2973766327,"mean":9.48177242279,"median":8.70265960693,"min":2.60694003105,"var":16.5936470032},"barkbands_flatness_db":{"dmean":0.0177658833563,"dmean2":0.027700189501,"dvar":0.000304703571601,"dvar2":0.000693091773428,"max":0.320270866156,"mean":0.158810734749,"median":0.158809363842,"min":0.0541547499597,"var":0.00202672556043},"barkbands_kurtosis":{"dmean":1.8023250103,"dmean2":2.91421961784,"dvar":9.04397201538,"dvar2":25.786190033,"max":74.1895446777,"mean":2.74746179581,"median":1.19226980209,"min":-1.94386982918,"var":36.9250259399},"barkbands_skewness":{"dmean":0.420610159636,"dmean2":0.654003977776,"dvar":0.175173923373,"dvar2":0.428305476904,"max":7.85599994659,"mean":1.38880050182,"median":1.27338111401,"min":-2.12445902824,"var":0.986868143082},"barkbands_spread":{"dmean":3.85383987427,"dmean2":6.04093170166,"dvar":15.4599170685,"dvar2":35.0973358154,"max":146.587539673,"mean":19.5660228729,"median":17.8873691559,"min":2.64771461487,"var":136.130432129},"dissonance":{"dmean":0.0147901661694,"dmean2":0.0252946373075,"dvar":0.000192178660654,"dvar2":0.000539547938388,"max":0.500000059605,"mean":0.47429060936,"median":0.478773623705,"min":0.295167118311,"var":0.000411703251302},"dynamic_complexity":2.78584337234,"erbbands":{"dmean":[0.085787601769,0.921219825745,2.29698681831,1.78139400482,6.60079956055,12.5735225677,12.90533638,16.9216804504,20.2423324585,17.1196098328,18.7334365845,22.3561687469,45.1790885925,32.4921722412,18.7437343597,23.7029590607,15.0220432281,16.6124172211,17.1171207428,16.1863288879,21.5685558319,10.7422094345,11.2346925735,12.2066898346,11.2622823715,11.8773918152,7.50255489349,3.8238465786,1.64851272106,0.636401057243,0.475318908691,0.322482854128,0.0689522922039,0.0289172045887,0.0117735052481,0.00220068194903,0.000576309277676,0.00010572237079,0.0000194535514311,0.0000084774555944],"dmean2":[0.127722784877,1.42677855492,3.84959602356,3.08855772018,11.169675827,20.0217056274,21.0974216461,27.1651382446,33.1868667603,27.8324146271,30.7548732758,35.2950935364,72.4616012573,52.7823829651,30.3411769867,36.1460075378,23.6453056335,26.0046463013,27.7471847534,26.0046958923,34.9465255737,17.6301765442,18.2391796112,19.512430191,17.8549003601,18.7527503967,11.68704319,5.99555397034,2.58556342125,1.02833175659,0.769251585007,0.525480926037,0.107030652463,0.0442028418183,0.0181705076247,0.00335458479822,0.000869082112331,0.000161838790518,0.0000310471696139,0.0000130103389893],"dvar":[0.056823015213,3.74756574631,15.1748476028,6.01779317856,83.4370880127,275.650878906,335.755432129,697.416564941,918.954040527,759.532958984,1555.85253906,3501.66821289,4789.171875,2284.34472656,841.251525879,2135.29394531,597.053955078,924.020874023,586.804931641,705.792663574,2022.15441895,269.185028076,324.890197754,481.160583496,236.793319702,593.723144531,224.45362854,67.8460540771,12.4708938599,1.98496031761,2.90816950798,3.69601631165,0.0937445610762,0.00839810073376,0.0012427973561,0.000057947843743,0.00000438841971118,2.42563487518e-7,1.05181499066e-8,9.43475575443e-11],"dvar2":[0.123551145196,8.66040325165,38.8941459656,16.990901947,227.009124756,609.681945801,827.652893066,1659.31274414,2416.91430664,1820.81713867,3629.7746582,8288.53320312,11562.0830078,5505.765625,1857.21386719,4171.39453125,1311.32763672,2119.2668457,1403.45849609,1692.92236328,4897.26806641,711.718139648,799.382995605,1171.30212402,542.990478516,1439.22900391,495.290313721,151.429977417,29.6174736023,4.80180549622,7.72792196274,9.04414749146,0.200812891126,0.0178892742842,0.00299026235007,0.000131610766402,0.0000100313309304,5.96040081291e-7,2.8756634407e-8,2.07650480144e-10],"max":[2.21087932587,20.4371128082,52.4394798279,26.7139358521,97.1806030273,263.198974609,397.250152588,434.669799805,490.964874268,519.792541504,796.71661377,1641.02429199,1152.9666748,1465.50634766,789.638122559,1047.85852051,684.776916504,614.049377441,487.728118896,512.896118164,1540.26379395,312.968444824,477.063171387,678.332214355,246.885345459,655.625732422,342.53616333,167.684768677,70.8972549438,29.2785015106,40.7963371277,49.4176597595,10.2104711533,2.72460055351,0.716698110104,0.200826570392,0.0585835464299,0.0164673887193,0.00305376481265,0.000185854922165],"mean":[0.115701302886,1.76839625835,4.06665802002,2.60919332504,10.1256837845,23.4702091217,22.346654892,29.6641597748,34.2956428528,32.0744094849,29.8924465179,39.2783966064,82.893989563,60.7196998596,36.8220787048,45.6078948975,29.0286121368,31.3206062317,32.1540794373,30.9320049286,39.6085624695,22.5393047333,23.6403121948,26.1389904022,26.1093635559,25.0798301697,16.4963912964,8.50787067413,3.72839522362,1.46770763397,0.982663691044,0.570872306824,0.140901193023,0.0558666735888,0.0236098375171,0.00513436552137,0.00125566055067,0.000184015574632,0.0000404961647291,0.0000423830242653],"median":[0.0233358666301,0.343010038137,0.911070466042,1.77789628506,7.04959964752,13.5113096237,15.9046440125,17.849609375,23.737663269,21.0596122742,18.5965843201,24.4710845947,50.9485473633,42.8053588867,24.115398407,23.3273792267,19.9663600922,19.7026672363,24.481754303,20.7268657684,24.8110294342,16.3896560669,15.9527740479,16.5813732147,18.3114433289,16.0039901733,10.7805995941,4.12392616272,0.893368065357,0.42148694396,0.243075653911,0.154884815216,0.0343171805143,0.00650855153799,0.00130515021738,0.000303751439787,0.000109999877168,0.0000295982354146,0.0000267603918473,0.0000437912276539],"min":[2.00468110025e-22,1.57520967342e-21,7.31935046323e-21,1.18523058746e-20,1.39192363549e-20,4.69081039123e-20,7.79915059987e-20,1.25988745053e-19,1.10853666288e-19,1.93820592586e-19,3.71919454407e-19,4.32970398396e-19,1.11366065904e-18,1.51606376112e-18,7.8174637324e-19,2.39826687706e-18,2.02067650501e-18,3.4254394958e-18,3.84596757267e-18,5.13190999757e-18,5.37177789955e-18,6.29020149675e-18,1.09907173661e-17,8.32434036623e-18,9.90234041309e-18,1.47122823513e-17,1.11159930427e-17,1.9490428294e-17,1.22761891253e-17,1.1692030868e-17,1.39571375896e-17,1.31989479761e-17,1.14442538785e-17,9.51326856735e-18,7.56259139449e-18,4.27471182777e-18,2.88397719979e-18,1.11864204408e-18,2.67661118863e-19,2.72767815309e-20],"var":[0.0769947394729,6.38539743423,35.7882881165,7.89668083191,115.751846313,893.251342773,556.32598877,1502.10974121,1399.72839355,1500.83740234,2136.859375,4788.54345703,11560.6123047,5019.02685547,2262.98632812,6643.51171875,1394.07531738,1866.86450195,1144.7590332,1599.99511719,4627.78417969,557.481018066,827.228088379,1135.87145996,767.362304688,1257.28735352,515.527770996,180.269882202,33.3617210388,5.16193056107,4.51711034775,5.29460430145,0.195305556059,0.0190626084805,0.00281253806315,0.000137379407533,0.00000933027968131,3.01553939153e-7,8.13143685718e-9,3.42093214867e-10]},"erbbands_crest":{"dmean":2.2472205162,"dmean2":3.64120388031,"dvar":5.42265319824,"dvar2":13.2161235809,"max":28.4834537506,"mean":7.32759809494,"median":6.22435188293,"min":2.42226433754,"var":14.3370599747},"erbbands_flatness_db":{"dmean":0.012567512691,"dmean2":0.0188239719719,"dvar":0.000158555223607,"dvar2":0.000309587514494,"max":0.354072749615,"mean":0.199042379856,"median":0.201040759683,"min":0.017990751192,"var":0.00235788337886},"erbbands_kurtosis":{"dmean":0.47141122818,"dmean2":0.751789271832,"dvar":0.339847505093,"dvar2":0.778974056244,"max":10.8329153061,"mean":-0.351542115211,"median":-0.567409038544,"min":-1.67837560177,"var":0.853280365467},"erbbands_skewness":{"dmean":0.266291439533,"dmean2":0.421221882105,"dvar":0.0577925667167,"dvar2":0.136723324656,"max":2.73753380775,"mean":0.241745099425,"median":0.236963152885,"min":-1.89947748184,"var":0.229470700026},"erbbands_spread":{"dmean":5.55742788315,"dmean2":8.80617427826,"dvar":25.025302887,"dvar2":60.8351783752,"max":148.73097229,"mean":35.8523674011,"median":34.0344581604,"min":5.15210723877,"var":210.624465942},"gfcc":{"cov":[[21887.109375,1639.99694824,-3615.65844727,731.989685059,-1861.63708496,362.153320312,-567.73425293,-533.862792969,-20.9767742157,-226.929046631,-90.5233535767,-78.736076355,106.026153564],[1639.99694824,1614.50964355,-497.667022705,-127.673469543,381.567810059,-287.21572876,241.177520752,-187.461044312,104.887374878,-105.074867249,107.355857849,-151.636871338,122.22971344],[-3615.65844727,-497.667022705,1241.65087891,83.0680465698,312.744262695,194.241226196,75.7925567627,264.958587646,16.117603302,146.782455444,-12.6216182709,75.7601089478,-74.5494918823],[731.989685059,-127.673469543,83.0680465698,291.933990479,-68.0560836792,171.926208496,22.8615245819,46.2236442566,61.5024147034,19.8026428223,37.8941764832,13.6768226624,-15.1110496521],[-1861.63708496,381.567810059,312.744262695,-68.0560836792,519.977661133,-64.3621444702,188.034118652,82.3972854614,55.2885513306,43.7854347229,44.8900146484,-13.6292676926,32.9486999512],[362.153320312,-287.21572876,194.241226196,171.926208496,-64.3621444702,279.982727051,10.8533382416,94.2371520996,47.108581543,46.9984169006,13.0067386627,42.5583000183,-24.9562702179],[-567.73425293,241.177520752,75.7925567627,22.8615245819,188.034118652,10.8533382416,174.690734863,24.258354187,64.4019393921,4.93537664413,56.2357673645,-17.8258743286,25.6679420471],[-533.862792969,-187.461044312,264.958587646,46.2236442566,82.3972854614,94.2371520996,24.258354187,167.554244995,21.097366333,74.2737045288,-18.651008606,44.879447937,-20.2651958466],[-20.9767742157,104.887374878,16.117603302,61.5024147034,55.2885513306,47.108581543,64.4019393921,21.097366333,108.104537964,12.6482381821,47.5033988953,-7.59707784653,21.5335159302],[-226.929046631,-105.074867249,146.782455444,19.8026428223,43.7854347229,46.9984169006,4.93537664413,74.2737045288,12.6482381821,93.4742507935,3.57621145248,42.385799408,-8.72285556793],[-90.5233535767,107.355857849,-12.6216182709,37.8941764832,44.8900146484,13.0067386627,56.2357673645,-18.651008606,47.5033988953,3.57621145248,88.1719512939,-1.79566204548,17.5175018311],[-78.736076355,-151.636871338,75.7601089478,13.6768226624,-13.6292676926,42.5583000183,-17.8258743286,44.879447937,-7.59707784653,42.385799408,-1.79566204548,77.1996459961,5.53273582458],[106.026153564,122.22971344,-74.5494918823,-15.1110496521,32.9486999512,-24.9562702179,25.6679420471,-20.2651958466,21.5335159302,-8.72285556793,17.5175018311,5.53273582458,56.146270752]],"icov":[[0.000839009997435,-0.00228812289424,0.0019433592679,-0.0019296691753,0.00217848550528,-0.00261013116688,0.00209655449726,-0.00126350065693,0.00160162698012,-0.00177720421925,0.00154903717339,-0.00101611553691,0.000331200513756],[-0.00228812289424,0.00793278496712,-0.00469590211287,0.00510636856779,-0.00708255637437,0.00779465213418,-0.00667057558894,0.00435392418876,-0.00494247861207,0.00460677919909,-0.00427026161924,0.00436513125896,-0.00205409317277],[0.0019433592679,-0.00469590211287,0.00632605236024,-0.00460163643584,0.00351850688457,-0.00652889255434,0.00480056973174,-0.00375304673798,0.00394151266664,-0.00459236418828,0.00351060298271,-0.00228367443196,0.00210274173878],[-0.0019296691753,0.00510636856779,-0.00460163643584,0.0106022227556,-0.00393145531416,0.00293311243877,-0.00518621550873,0.00232057925314,-0.00535931903869,0.00458191940561,-0.00534289702773,0.00265566539019,0.00026292714756],[0.00217848550528,-0.00708255637437,0.00351850688457,-0.00393145531416,0.0115340128541,-0.00536165945232,0.0017347560497,-0.00556665146723,0.00454503530636,-0.00553573621437,0.00352230132557,-0.00221170578152,-0.00051973038353],[-0.00261013116688,0.00779465213418,-0.00652889255434,0.00293311243877,-0.00536165945232,0.0162796340883,-0.00811029225588,0.00195642933249,-0.00703876977786,0.00557421753183,-0.00480270432308,0.00175638124347,-0.00023211199732],[0.00209655449726,-0.00667057558894,0.00480056973174,-0.00518621550873,0.0017347560497,-0.00811029225588,0.0192248560488,-0.00504094781354,0.00187488563824,-0.00235862424597,-0.000670489680488,-0.00111286225729,-0.000457010115497],[-0.00126350065693,0.00435392418876,-0.00375304673798,0.00232057925314,-0.00556665146723,0.00195642933249,-0.00504094781354,0.017940280959,-0.00568085676059,-0.00353981298395,0.00420144433156,-0.00177753798198,0.00195817858912],[0.00160162698012,-0.00494247861207,0.00394151266664,-0.00535931903869,0.00454503530636,-0.00703876977786,0.00187488563824,-0.00568085676059,0.0207264553756,-0.00529475137591,-0.00299170403741,0.0026804888621,-0.00527957407758],[-0.00177720421925,0.00460677919909,-0.00459236418828,0.00458191940561,-0.00553573621437,0.00557421753183,-0.00235862424597,-0.00353981298395,-0.00529475137591,0.024301469326,-0.00600374024361,-0.00576944230124,0.00223739119247],[0.00154903717339,-0.00427026161924,0.00351060298271,-0.00534289702773,0.00352230132557,-0.00480270432308,-0.000670489680488,0.00420144433156,-0.00299170403741,-0.00600374024361,0.0227442029864,-0.00516376970336,0.000843011075631],[-0.00101611553691,0.00436513125896,-0.00228367443196,0.00265566539019,-0.00221170578152,0.00175638124347,-0.00111286225729,-0.00177753798198,0.0026804888621,-0.00576944230124,-0.00516376970336,0.0257653556764,-0.0108079379424],[0.000331200513756,-0.00205409317277,0.00210274173878,0.00026292714756,-0.00051973038353,-0.00023211199732,-0.000457010115497,0.00195817858912,-0.00527957407758,0.00223739119247,0.000843011075631,-0.0108079379424,0.0288116410375]],"mean":[-27.7884616852,145.465744019,-157.568527222,35.8826370239,-53.7761192322,-12.3163318634,-16.84948349,-6.3997297287,-17.7015419006,-7.8685092926,-6.96392345428,-9.09457397461,2.04939413071]},"hfc":{"dmean":4.80986166,"dmean2":7.15511035919,"dvar":31.9362888336,"dvar2":65.147064209,"max":82.9811019897,"mean":23.8693447113,"median":23.1695404053,"min":1.135242525e-16,"var":179.171417236},"melbands":{"dmean":[0.000884011154994,0.00119427230675,0.000407693092711,0.000695660361089,0.000433550070738,0.000372512382455,0.00030411555781,0.000177864043508,0.000150064472109,0.000154725479661,0.000231382495258,0.000142064222018,0.0000727742299205,0.0000692869070917,0.0000420616597694,0.0000339441685355,0.000033652955608,0.0000298065824609,0.0000228626395256,0.0000230518216995,0.0000269474021479,0.0000123596464618,0.0000110632245196,0.0000125547257994,0.0000105716908365,0.0000087802136477,0.00000959149747359,0.00000849660591484,0.00000542332190889,0.00000380439018954,0.00000204565776585,0.00000111855979412,5.69214421375e-7,3.19063389043e-7,2.82309770228e-7,2.86629926904e-7,1.64160326221e-7,5.16886977664e-8,3.42197132852e-8,2.28600161023e-8],"dmean2":[0.00133709004149,0.00192996195983,0.000695890455972,0.00112794782035,0.000699765980244,0.00059548689751,0.000493681407534,0.000288031384116,0.000244807451963,0.00024472741643,0.000371373287635,0.000230988342082,0.000118758223834,0.000105368904769,0.0000669858854963,0.0000535127401236,0.0000530761717528,0.0000483209223603,0.0000371329588233,0.0000378529075533,0.0000439888171968,0.0000204052303161,0.0000184022210306,0.0000203271174541,0.0000170709026861,0.0000140967831612,0.0000154138106154,0.0000136331163958,0.0000086337522589,0.00000613489100942,0.00000324335132973,0.00000177870481366,9.28570045744e-7,5.19210971106e-7,4.62456142714e-7,4.68574256729e-7,2.68118355962e-7,8.14270890714e-8,5.47754268609e-8,3.49976012615e-8],"dvar":[0.00000482127688883,0.00000416103102907,3.14566108273e-7,7.70698250108e-7,3.08888246536e-7,2.96789494314e-7,2.01779954523e-7,9.36348598657e-8,1.02339740238e-7,1.2988409992e-7,1.21394748476e-7,4.19604120339e-8,1.52242076723e-8,2.18604920832e-8,3.78286424407e-9,5.224371602e-9,3.90108745307e-9,1.76551961939e-9,1.15244147558e-9,1.2839008745e-9,3.52814955029e-9,4.09071027052e-10,2.90447249585e-10,4.8827031307e-10,4.04466876658e-10,1.86569509841e-10,2.18562404286e-10,3.55537183028e-10,1.18755033585e-10,1.14620486713e-10,2.07248419815e-11,6.06028161682e-12,1.58673790253e-12,5.55004555768e-13,8.25338115993e-13,2.1148187368e-12,1.01106232761e-12,5.36186322935e-14,1.01639430515e-14,5.7153958927e-15],"dvar2":[0.0000104130449472,0.0000101811301647,8.63562604536e-7,0.00000188446449556,7.43188763863e-7,6.94285461122e-7,5.28902546648e-7,2.28161781024e-7,2.39946501779e-7,2.96848156722e-7,2.93567580911e-7,1.01831403754e-7,3.65007153391e-8,4.16484802201e-8,8.3720683719e-9,1.13296856341e-8,8.88132856147e-9,4.23104618008e-9,2.8830806631e-9,3.15416182062e-9,8.77101502539e-9,1.09180453567e-9,7.6692224793e-10,1.19792409325e-9,9.99303084726e-10,4.36404551385e-10,5.22182352913e-10,8.59178395096e-10,2.74286066082e-10,2.6309002199e-10,4.76638346847e-11,1.451733872e-11,3.89722412328e-12,1.37193457549e-12,2.23427222903e-12,5.28399936653e-12,2.47445965627e-12,1.16814652569e-13,2.30900656261e-14,1.27298785933e-14],"max":[0.0195889193565,0.022200897336,0.00669538415968,0.0120746847242,0.010729922913,0.00940817967057,0.00778552191332,0.00599754415452,0.00644369004294,0.00928851030767,0.00565970689058,0.00586484512314,0.00250452826731,0.00312851974741,0.00122572458349,0.00188515603077,0.00140025734436,0.000874449207913,0.000555542879738,0.000618630030658,0.00189683737699,0.000415430055,0.000392935180571,0.000435233174358,0.000597611942794,0.000230022153119,0.000219805224333,0.000494604697451,0.000326932145981,0.000312762131216,0.000109716194856,0.0000475967208331,0.0000219505600398,0.0000145628364407,0.0000195892662305,0.0000324043066939,0.0000265839389613,0.00000812515099824,0.00000324837060361,0.00000215613658838],"mean":[0.00146690208931,0.00233189412393,0.000633105111774,0.00128805672284,0.000830404169392,0.000669685367029,0.000532984209713,0.000329441856593,0.00022969445854,0.000266669405391,0.00041903424426,0.000252990081208,0.00012921243615,0.000128733314341,0.0000786538585089,0.0000596645222686,0.0000585259695072,0.0000521751899214,0.0000421230579377,0.0000411244873249,0.0000470617633255,0.0000225588555622,0.00002133770613,0.0000228449625865,0.0000207873399631,0.0000187750993064,0.0000187843015738,0.0000161802890943,0.0000108730000647,0.00000746444720789,0.00000408582673117,0.00000229689931075,0.00000117464117011,6.41045573957e-7,5.54224868665e-7,5.06082926677e-7,2.78530762898e-7,9.90792941025e-8,6.33769374758e-8,4.01548554407e-8],"median":[0.000321911182255,0.000503131654114,0.000434202258475,0.000803147093393,0.0006383760483,0.000435599649791,0.000371285277652,0.000219154069782,0.000139478303026,0.000157325004693,0.000257017964032,0.000173931024619,0.0000774423897383,0.0000575987833145,0.0000532964222657,0.0000348797912011,0.0000349803267454,0.0000383705955755,0.0000282672408503,0.0000283409754047,0.0000279985633824,0.0000156267742568,0.0000140951533467,0.0000139742960528,0.0000125359583762,0.0000106217894427,0.0000123528679978,0.00000963623642747,0.00000698738904248,0.00000401859188059,0.00000145292244724,4.38899149913e-7,2.86881089551e-7,1.81834877822e-7,1.24890178199e-7,1.44069076669e-7,7.15415495733e-8,2.4218822503e-8,8.12298317499e-9,4.05500699685e-9],"min":[2.81527338792e-24,3.73834714325e-24,2.22320369627e-24,3.03387404172e-24,2.98788325373e-24,3.13277570277e-24,1.66482191514e-24,2.3114738789e-24,3.31662092003e-24,2.86100365459e-24,4.9383497305e-24,6.02304728024e-24,2.59581110079e-24,4.42950407548e-24,4.43011741484e-24,4.92145824636e-24,6.03106368476e-24,5.82274997438e-24,7.12921131294e-24,6.6810428666e-24,5.80145309652e-24,5.76168188512e-24,8.43295068694e-24,8.75325819118e-24,5.92488419021e-24,6.17311978442e-24,6.99202524608e-24,9.16679169947e-24,7.17126312121e-24,7.46962609279e-24,1.08351749272e-23,6.61258946155e-24,5.35685661236e-24,6.5015955489e-24,7.09131206847e-24,8.7811460019e-24,7.14788996145e-24,7.91982822253e-24,7.82260427141e-24,7.66696201481e-24],"var":[0.00000674408374834,0.0000102297772173,4.65928991389e-7,0.00000209453901334,6.13843042174e-7,6.66461914989e-7,3.29843061309e-7,1.62308651852e-7,1.39502787988e-7,2.09104371152e-7,2.97428897511e-7,9.18677542927e-8,3.68835166853e-8,6.83847929395e-8,9.09473207855e-9,1.07002104954e-8,7.88763632187e-9,3.24706506127e-9,2.67506150564e-9,2.54499843422e-9,7.56512630318e-9,6.78819667144e-10,7.05330849282e-10,9.5575292125e-10,8.49312176143e-10,5.47139888951e-10,4.94397356388e-10,6.70089539412e-10,2.42007275331e-10,1.91788057657e-10,5.12130893249e-11,1.47031449516e-11,3.50996206926e-12,1.18704959057e-12,1.26430983738e-12,2.97068511283e-12,1.41763217918e-12,1.08161099706e-13,2.211400415e-14,1.11512124675e-14]},"melbands_crest":{"dmean":3.5482609272,"dmean2":5.65833330154,"dvar":9.17182540894,"dvar2":22.1450901031,"max":30.8147182465,"mean":13.8376302719,"median":13.0269260406,"min":1.0010021925,"var":30.4770774841},"melbands_flatness_db":{"dmean":0.0238267127424,"dmean2":0.0360331349075,"dvar":0.000589912873693,"dvar2":0.00123983132653,"max":0.444369137287,"mean":0.217264249921,"median":0.215724378824,"min":8.6286569001e-9,"var":0.00433379830793},"melbands_kurtosis":{"dmean":4.78980636597,"dmean2":7.82710456848,"dvar":104.555625916,"dvar2":312.708496094,"max":429.328216553,"mean":10.9373340607,"median":5.56029224396,"min":-1.41573524475,"var":631.962097168},"melbands_skewness":{"dmean":0.585361242294,"dmean2":0.915199160576,"dvar":0.383467257023,"dvar2":0.965152263641,"max":17.796579361,"mean":2.36792564392,"median":2.08213734627,"min":-0.51965624094,"var":2.45594000816},"melbands_spread":{"dmean":5.33079338074,"dmean2":8.30922698975,"dvar":33.8765182495,"dvar2":76.8036346436,"max":159.464126587,"mean":21.6049308777,"median":19.0302619934,"min":1.32438468933,"var":173.552581787},"mfcc":{"cov":[[11804.4462891,905.366577148,-926.175292969,296.377197266,-887.840148926,164.577865601,-444.968292236,-78.3777770996,-297.080596924,-11.6165523529,-228.875030518,-69.820640564,-226.501068115],[905.366577148,1901.53540039,-563.557312012,264.603942871,72.9579620361,-65.6497039795,156.002456665,-102.806030273,52.170009613,68.6363296509,-150.807952881,64.2648696899,27.3810157776],[-926.175292969,-563.557312012,707.04473877,-27.2472229004,138.079772949,106.375160217,35.4308853149,114.369529724,67.6321258545,18.7452716827,168.375030518,1.84630560875,42.2692184448],[296.377197266,264.603942871,-27.2472229004,188.028656006,36.1727790833,40.4054641724,49.5668334961,16.7528991699,27.5461215973,38.4199562073,3.36118674278,39.7331123352,13.003616333],[-887.840148926,72.9579620361,138.079772949,36.1727790833,238.903442383,27.9649295807,102.085189819,45.5033378601,86.8212509155,40.0549545288,60.4043273926,34.6674919128,47.9423866272],[164.577865601,-65.6497039795,106.375160217,40.4054641724,27.9649295807,147.616317749,35.3749847412,63.7809562683,23.5211238861,36.5685386658,38.3834648132,34.920124054,19.2231864929],[-444.968292236,156.002456665,35.4308853149,49.5668334961,102.085189819,35.3749847412,137.285385132,37.2188224792,52.5957984924,33.7941551208,36.4014472961,29.2062568665,29.2950839996],[-78.3777770996,-102.806030273,114.369529724,16.7528991699,45.5033378601,63.7809562683,37.2188224792,100.5389328,41.9116516113,31.9985351562,47.2968292236,21.0320472717,17.7731571198],[-297.080596924,52.170009613,67.6321258545,27.5461215973,86.8212509155,23.5211238861,52.5957984924,41.9116516113,103.752044678,34.0975723267,42.9126396179,19.7637500763,24.4247627258],[-11.6165523529,68.6363296509,18.7452716827,38.4199562073,40.0549545288,36.5685386658,33.7941551208,31.9985351562,34.0975723267,80.0341415405,21.6652088165,34.4306793213,12.6623849869],[-228.875030518,-150.807952881,168.375030518,3.36118674278,60.4043273926,38.3834648132,36.4014472961,47.2968292236,42.9126396179,21.6652088165,112.105789185,15.8027124405,24.6570682526],[-69.820640564,64.2648696899,1.84630560875,39.7331123352,34.6674919128,34.920124054,29.2062568665,21.0320472717,19.7637500763,34.4306793213,15.8027124405,67.9203338623,24.8028717041],[-226.501068115,27.3810157776,42.2692184448,13.003616333,47.9423866272,19.2231864929,29.2950839996,17.7731571198,24.4247627258,12.6623849869,24.6570682526,24.8028717041,59.2636833191]],"icov":[[0.000177718131454,-0.000136159578688,0.000158428127179,-0.000264952483121,0.000479945272673,-0.000420271797339,0.000564432295505,-0.000252824131167,0.000116977120342,-0.0000532033154741,-0.000365232030163,0.000259679887677,0.000238580512814],[-0.000136159578688,0.00125068135094,0.000491845945362,-0.000954054936301,-0.000505871372297,0.00058088847436,-0.00152021565009,0.00117797171697,-0.000683107529767,-0.000482892792206,0.00129605585244,-0.000123940655612,-0.000723340315744],[0.000158428127179,0.000491845945362,0.0032147790771,-0.00052522518672,-0.000938847661018,-0.0014111106284,0.00105004396755,-0.00103161693551,0.000165633959114,0.000285492598778,-0.00301568279974,0.00162528257351,-0.00034664105624],[-0.000264952483121,-0.000954054936301,-0.00052522518672,0.008390086703,-0.00053391547408,-0.00090054719476,-0.00136537943035,0.0000553232166567,-0.000338747398928,-0.00071407656651,0.000235823928961,-0.00281376508065,0.000715869129635],[0.000479945272673,-0.000505871372297,-0.000938847661018,-0.00053391547408,0.00986252445728,0.000142891251016,-0.0025785593316,-0.000115462273243,-0.00347356777638,-0.000710093241651,-0.000838419771753,-0.000452014413895,-0.00173943256959],[-0.000420271797339,0.00058088847436,-0.0014111106284,-0.00090054719476,0.000142891251016,0.0121343089268,-0.00266604335047,-0.00422315578908,0.000802334747277,-0.00154801283497,0.00123657868244,-0.00359062873758,-0.00114940665662],[0.000564432295505,-0.00152021565009,0.00105004396755,-0.00136537943035,-0.0025785593316,-0.00266604335047,0.0155077083036,-0.00317687401548,-0.000292677723337,-0.000189081023564,-0.00380024989136,0.00084245094331,0.0000375631316274],[-0.000252824131167,0.00117797171697,-0.00103161693551,0.0000553232166567,-0.000115462273243,-0.00422315578908,-0.00317687401548,0.0192283596843,-0.00434872088954,-0.00279599218629,-0.000515390362125,-0.000707815168425,-0.000619473925326],[0.000116977120342,-0.000683107529767,0.000165633959114,-0.000338747398928,-0.00347356777638,0.000802334747277,-0.000292677723337,-0.00434872088954,0.0172576718032,-0.00291280751117,-0.00342651619576,0.00138345104642,-0.00092605833197],[-0.0000532033154741,-0.000482892792206,0.000285492598778,-0.00071407656651,-0.000710093241651,-0.00154801283497,-0.000189081023564,-0.00279599218629,-0.00291280751117,0.0195253752172,-0.00123855774291,-0.00669436017051,0.00232703960501],[-0.000365232030163,0.00129605585244,-0.00301568279974,0.000235823928961,-0.000838419771753,0.00123657868244,-0.00380024989136,-0.000515390362125,-0.00342651619576,-0.00123855774291,0.0183305554092,-0.0016772239469,-0.00283306697384],[0.000259679887677,-0.000123940655612,0.00162528257351,-0.00281376508065,-0.000452014413895,-0.00359062873758,0.00084245094331,-0.000707815168425,0.00138345104642,-0.00669436017051,-0.0016772239469,0.024535195902,-0.00687632430345],[0.000238580512814,-0.000723340315744,-0.00034664105624,0.000715869129635,-0.00173943256959,-0.00114940665662,0.0000375631316274,-0.000619473925326,-0.00092605833197,0.00232703960501,-0.00283306697384,-0.00687632430345,0.0240981634706]],"mean":[-643.304992676,158.264511108,-37.9976768494,40.1601371765,-16.4177646637,2.50350999832,0.246800586581,-0.333111912012,-2.83528137207,4.53519201279,-12.3459558487,-0.332337886095,-4.2405166626]},"pitch_salience":{"dmean":0.078901335597,"dmean2":0.128572046757,"dvar":0.00570292398334,"dvar2":0.013761991635,"max":0.996096789837,"mean":0.605574727058,"median":0.622829139233,"min":0.171698868275,"var":0.0159092899412},"silence_rate_20dB":{"dmean":0,"dmean2":0,"dvar":0,"dvar2":0,"max":1,"mean":1,"median":1,"min":1,"var":0},"silence_rate_30dB":{"dmean":0,"dmean2":0,"dvar":0,"dvar2":0,"max":1,"mean":1,"median":1,"min":1,"var":0},"silence_rate_60dB":{"dmean":0.0015376729425,"dmean2":0.00307613424957,"dvar":0.00153532810509,"dvar2":0.00306670623831,"max":1,"mean":0.0604663081467,"median":0,"min":0,"var":0.0568102151155},"spectral_centroid":{"dmean":223.775665283,"dmean2":348.58013916,"dvar":79067.6484375,"dvar2":162798.046875,"max":11278.7509766,"mean":1375.50366211,"median":1296.56298828,"min":332.391265869,"var":475368.5625},"spectral_complexity":{"dmean":4.43618679047,"dmean2":6.74339914322,"dvar":19.0469551086,"dvar2":38.6221313477,"max":55,"mean":28.8952083588,"median":30,"min":0,"var":139.39515686},"spectral_contrast_coeffs":{"dmean":[0.0562599562109,0.0486707352102,0.0402223356068,0.0264190062881,0.0192567072809,0.0190292075276],"dmean2":[0.0914776325226,0.0811312794685,0.0672030821443,0.0441179201007,0.0319430083036,0.02932122536],"dvar":[0.00213078944944,0.00153167406097,0.00105086911935,0.000441226875409,0.000265933311312,0.000318293954479],"dvar2":[0.00534925470129,0.00419982057065,0.00288411066867,0.00115171086509,0.000676972500514,0.000688316766173],"max":[-0.314706265926,-0.405437707901,-0.458096623421,-0.575686097145,-0.645480215549,-0.524198114872],"mean":[-0.607431590557,-0.752421081066,-0.768724441528,-0.813416063786,-0.801648795605,-0.678874194622],"median":[-0.61030381918,-0.758445680141,-0.77810549736,-0.819431006908,-0.807515144348,-0.668858647346],"min":[-0.966615319252,-0.996683061123,-0.99700242281,-0.986312031746,-0.987430632114,-0.964779317379],"var":[0.0107589196414,0.00544485962018,0.00462167989463,0.00207043695264,0.00160369521473,0.00345120904967]},"spectral_contrast_valleys":{"dmean":[0.453675299883,0.340050697327,0.2995454669,0.255006492138,0.21778306365,0.250863730907],"dmean2":[0.763351202011,0.567141294479,0.499146550894,0.40184122324,0.335537314415,0.360189437866],"dvar":[0.216436341405,0.158852636814,0.131882742047,0.122369661927,0.128408282995,0.159449771047],"dvar2":[0.480271458626,0.324663192034,0.25332686305,0.213336825371,0.210676401854,0.291767656803],"max":[-5.30537080765,-4.72430562973,-5.29475784302,-5.52508211136,-5.83604049683,-8.57767677307],"mean":[-7.40061664581,-6.31945896149,-6.77069807053,-7.23008966446,-7.17829799652,-11.57949543],"median":[-7.13487625122,-5.9370932579,-6.38383436203,-6.8430814743,-6.79196405411,-11.4414291382],"min":[-27.8648147583,-28.0637359619,-27.4731330872,-27.5234012604,-27.4652881622,-27.3606319427],"var":[2.50962090492,3.00486445427,3.14148545265,3.14003634453,2.88667631149,2.39054083824]},"spectral_decrease":{"dmean":1.84737991571e-9,"dmean2":2.85382673049e-9,"dvar":3.98755070145e-18,"dvar2":8.44394737409e-18,"max":1.05845485243e-17,"mean":-8.68170602075e-9,"median":-8.83500472781e-9,"min":-2.52480560903e-8,"var":1.51881825188e-17},"spectral_energy":{"dmean":0.00716957496479,"dmean2":0.0110579868779,"dvar":0.0000578384024266,"dvar2":0.000121854951431,"max":0.0962843522429,"mean":0.0349316969514,"median":0.0358464494348,"min":1.03485117158e-20,"var":0.000231855010497},"spectral_energyband_high":{"dmean":0.000268614094239,"dmean2":0.000411819812143,"dvar":2.64911932391e-7,"dvar2":6.11478071733e-7,"max":0.0132957966998,"mean":0.00071210146416,"median":0.000447528174846,"min":7.29624837501e-21,"var":7.69339976614e-7},"spectral_energyband_low":{"dmean":0.00498835649341,"dmean2":0.0077338940464,"dvar":0.0000808091936051,"dvar2":0.000172155123437,"max":0.0913774892688,"mean":0.00998466368765,"median":0.0031090725679,"min":2.76226335504e-23,"var":0.000172148662386},"spectral_energyband_middle_high":{"dmean":0.00249957665801,"dmean2":0.00378211843781,"dvar":0.00000803604780231,"dvar2":0.0000175352288352,"max":0.0467454642057,"mean":0.00824516359717,"median":0.00702630588785,"min":1.3240179839e-21,"var":0.000035847628169},"spectral_energyband_middle_low":{"dmean":0.00497148139402,"dmean2":0.00789663102478,"dvar":0.0000262528246822,"dvar2":0.0000619437705609,"max":0.0637531653047,"mean":0.0168688371778,"median":0.0159719213843,"min":1.48202111817e-22,"var":0.0000935249845497},"spectral_entropy":{"dmean":0.101511508226,"dmean2":0.155552998185,"dvar":0.0107705201954,"dvar2":0.022905766964,"max":9.81678581238,"mean":7.5254611969,"median":7.54715585709,"min":6.40804290771,"var":0.100170075893},"spectral_flux":{"dmean":0.0209080278873,"dmean2":0.033781811595,"dvar":0.000567687617149,"dvar2":0.00136678339913,"max":0.270544320345,"mean":0.0952353850007,"median":0.0932211428881,"min":6.40410294239e-11,"var":0.00173538678791},"spectral_kurtosis":{"dmean":2.4409327507,"dmean2":4.32301712036,"dvar":7.10857772827,"dvar2":20.9956417084,"max":29.9225349426,"mean":4.08671474457,"median":3.06715393066,"min":-1.25668740273,"var":11.0800256729},"spectral_rms":{"dmean":0.000586040550843,"dmean2":0.000901836669073,"dvar":3.55899231863e-7,"dvar2":7.23800212654e-7,"max":0.00969205610454,"mean":0.00557918660343,"median":0.00591372512281,"min":3.1774374798e-12,"var":0.00000295243307846},"spectral_rolloff":{"dmean":356.513275146,"dmean2":570.390869141,"dvar":308407.875,"dvar2":658903.4375,"max":20585.7421875,"mean":1451.3918457,"median":990.52734375,"min":64.599609375,"var":3820434.25},"spectral_skewness":{"dmean":0.262602120638,"dmean2":0.449334442616,"dvar":0.0627300664783,"dvar2":0.176166072488,"max":3.4820728302,"mean":1.14672064781,"median":1.08378875256,"min":-0.0159630235285,"var":0.174541011453},"spectral_spread":{"dmean":229295.75,"dmean2":366312.125,"dvar":642294153216,"dvar2":1293929938940,"max":42267592,"mean":3144839.5,"median":2811910.25,"min":1518135,"var":4572183527420},"spectral_strongpeak":{"dmean":0.455303639174,"dmean2":0.756080567837,"dvar":0.59216094017,"dvar2":1.45548951626,"max":13.2906646729,"mean":0.937761485577,"median":0.630216836929,"min":0,"var":1.13681912422},"zerocrossingrate":{"dmean":0.00665086135268,"dmean2":0.00820815656334,"dvar":0.0000946179570747,"dvar2":0.000178245565621,"max":0.5966796875,"mean":0.0499210357666,"median":0.04248046875,"min":0.00439453125,"var":0.00217184470966}},"metadata":{"audio_properties":{"analysis_sample_rate":44100,"bit_rate":0,"codec":"flac","downmix":"mix","equal_loudness":0,"length":90.5999984741,"lossless":true,"md5_encoded":"385d7a782641e436d8cb2edaa58a0e71","replay_gain":-16.9547462463},"tags":{"album":["The White Stripes"],"albumartist":["The White Stripes"],"albumartistsort":["White Stripes, The"],"artist":["The White Stripes"],"artistsort":["White Stripes, The"],"asin":["B00005Q4Q2"],"barcode":["634904014926"],"catalognumber":["XLCD 149"],"date":["2001-11-26"],"discnumber":["1"],"disctotal":["1"],"engineer":["Jim Diamond"],"file_name":"15 Slicker Drips.flac","genre":["Rock"],"isrc":["GBBKS0100404"],"label":["XL Recordings"],"media":["CD"],"musicbrainz_albumartistid":["11ae9fbb-f3d7-4a47-936f-4c0a04d3b3b5"],"musicbrainz_albumid":["e63a68de-41c7-37ca-a362-90afcf9c7700"],"musicbrainz_artistid":["11ae9fbb-f3d7-4a47-936f-4c0a04d3b3b5"],"musicbrainz_recordingid":["0b57cc21-dcd6-42a9-aff2-a849bb85444c"],"musicbrainz_releasegroupid":["5c5589a7-1561-3b45-9ea9-650888413b4e"],"musicbrainz_releasetrackid":["025f3f0d-f2a6-3044-838a-8ea96ff3585e"],"originaldate":["1999-06-15"],"producer":["Jack White","Jim Diamond"],"releasecountry":["GB"],"releasestatus":["official"],"releasetype":["album"],"script":["Latn"],"title":["Slicker Drips"],"totaldiscs":["1"],"totaltracks":["17"],"tracknumber":["15"],"tracktotal":["17"]},"version":{"essentia":"2.1-beta1","essentia_build_sha":"7598a69e7b456135ce4c070efb04a3d0ebb71fdd","essentia_git_sha":"v2.1_beta1-6-g5578087","extractor":"music 1.0"}},"rhythm":{"beats_count":186,"beats_loudness":{"dmean":0.0130620039999,"dmean2":0.0218797083944,"dvar":0.000114283982839,"dvar2":0.000348734960426,"max":0.0724484995008,"mean":0.0415677651763,"median":0.042073905468,"min":4.60254145906e-9,"var":0.000306459434796},"beats_loudness_band_ratio":{"dmean":[0.214260101318,0.14069108665,0.105059079826,0.085207849741,0.0416746921837,0.0316002257168],"dmean2":[0.36803072691,0.241287142038,0.183401569724,0.148232445121,0.0706508010626,0.0532525479794],"dvar":[0.04233