{"lowlevel":{"average_loudness":0.960269272327,"barkbands":{"dmean":[0.000423683377448,0.0130219059065,0.00476908870041,0.00263939984143,0.00240141432732,0.000883656437509,0.000693464069627,0.000671602494549,0.0008354941383,0.000620961713139,0.000659731565975,0.000539614702575,0.000398777017836,0.000331498042215,0.000306156551233,0.000379745819373,0.000281609070953,0.000223098948481,0.000267919822363,0.000172159125214,0.000155823800014,0.000122125769849,0.000095845607575,0.0000558615647606,0.0000262851863226,0.0000154390345415,0.00000401875740863],"dmean2":[0.00068711664062,0.023180777207,0.00809803418815,0.00447961688042,0.00410481914878,0.00148937699851,0.00117470812984,0.00112747284584,0.0013286935864,0.000984120415524,0.00103644363116,0.000862148823217,0.00064081774326,0.000533997605089,0.000493053812534,0.000627868983429,0.000470111728646,0.000373600953026,0.000441429263446,0.000291792588541,0.000267449009698,0.000204427386052,0.000149976287503,0.0000887127243914,0.0000379907141905,0.0000226487845794,0.00000620540913587],"dvar":[4.43018933538e-7,0.000670509296469,0.0000376577627321,0.0000104790888145,0.0000134792899189,0.00000260457659351,0.00000225501548812,0.00000257098781731,0.00000287335888061,0.00000178561163011,0.00000254069709626,0.00000126421196001,6.52540677493e-7,4.24276151989e-7,4.33433740454e-7,4.94943321883e-7,1.32464961666e-7,1.04217100727e-7,1.37063352668e-7,5.18123037807e-8,4.81904542937e-8,6.65272210654e-8,9.13755897614e-8,1.95852276619e-8,3.57142315721e-9,1.63338564896e-9,9.89894555214e-11],"dvar2":[0.00000101012085452,0.00183933961671,0.000106174840766,0.0000286622034764,0.0000376689786208,0.00000693149559083,0.0000058643754528,0.0000066120160227,0.00000678227024764,0.00000415483509641,0.00000619022694082,0.00000310718905894,0.00000152667666953,0.00000101432692645,9.71082954493e-7,0.00000130148396238,3.49206771943e-7,2.57176395735e-7,3.45081275555e-7,1.34975593369e-7,1.28889652729e-7,1.46338123841e-7,1.78841588649e-7,3.8254718504e-8,6.13336403887e-9,3.5132399212e-9,2.22500934344e-10],"max":[0.00606645736843,0.189952194691,0.0676812008023,0.0449828505516,0.0545774251223,0.0206332560629,0.026729779318,0.0324733033776,0.0384065210819,0.0313386209309,0.0410070866346,0.0237837769091,0.0268005616963,0.0125297103077,0.0161596797407,0.0154876131564,0.00745364977047,0.00814764946699,0.00918567646295,0.00363513850607,0.00413064472377,0.00802265107632,0.0106609985232,0.0069831898436,0.00156670529395,0.00132581510115,0.000209940873901],"mean":[0.000549338641576,0.0130581306294,0.00716030690819,0.00396724743769,0.00396672822535,0.00137631001417,0.000998761039227,0.000946812564507,0.00164984317962,0.00125315587502,0.00116916082334,0.00102729001082,0.000735006993636,0.00057713111164,0.000572801509406,0.00080575584434,0.000648489221931,0.000521059031598,0.000738739094231,0.000402548757847,0.000371452333638,0.000239198692725,0.000182791627594,0.000129297142848,0.0000625307147857,0.0000340038786817,0.00000714311090633],"median":[0.000182545743883,0.00661543570459,0.00530450046062,0.00284338369966,0.00297924573533,0.000782824936323,0.000421222182922,0.000333200470777,0.00061699381331,0.000364263105439,0.000293308869004,0.000430686952313,0.000303380424157,0.000269149109954,0.00029455582262,0.000527211348526,0.000523429189343,0.000396767864004,0.000572131481022,0.000331955729052,0.00031327875331,0.000153116561705,0.000102430727566,0.0000867956987349,0.0000378127806471,0.000019999952201,0.00000352274855686],"min":[1.34857222611e-10,2.34295405299e-9,2.22765939029e-9,1.14985987398e-9,1.25958310448e-9,3.54594265062e-9,1.93735605336e-9,9.47496126003e-9,5.82479797728e-9,7.38082706064e-9,1.3000913679e-9,1.59625490603e-9,3.67037400473e-9,1.49674861394e-9,1.89145099583e-9,2.81278889069e-9,9.26809809454e-11,6.04884864419e-10,3.54903528788e-9,1.1205956163e-9,6.30224372689e-10,2.77811301741e-10,2.18918119743e-10,1.51781975877e-10,8.51583178973e-11,1.31936267467e-10,1.21699553213e-10],"var":[6.80829373323e-7,0.000500151771121,0.0000508288467245,0.0000165131423273,0.00001598104609,0.00000377936726181,0.00000386890815207,0.0000044888879529,0.0000114910990305,0.00000595731171416,0.00000652578773952,0.00000362201853932,0.00000208792198464,9.33155092753e-7,0.00000106767458874,0.00000117059448712,3.38786890097e-7,2.79034367168e-7,5.74832370148e-7,1.12276566711e-7,9.79979617455e-8,1.30437086909e-7,1.98921057404e-7,5.27963130992e-8,1.0507135606e-8,3.23619064879e-9,1.67095712267e-10]},"barkbands_crest":{"dmean":3.17394375801,"dmean2":5.37203216553,"dvar":10.5678892136,"dvar2":28.5301952362,"max":24.9031772614,"mean":9.49048137665,"median":8.51977348328,"min":2.44878077507,"var":16.5655479431},"barkbands_flatness_db":{"dmean":0.0224919989705,"dmean2":0.0369619391859,"dvar":0.000507747230586,"dvar2":0.0013338959543,"max":0.335154801607,"mean":0.115354329348,"median":0.103005424142,"min":0.0246423985809,"var":0.00227331579663},"barkbands_kurtosis":{"dmean":2.93380141258,"dmean2":5.0887761116,"dvar":31.6709899902,"dvar2":88.4116973877,"max":89.6797027588,"mean":2.74940037727,"median":1.00250530243,"min":-1.84408855438,"var":33.6905860901},"barkbands_skewness":{"dmean":0.616799116135,"dmean2":1.02326416969,"dvar":0.50537776947,"dvar2":1.35407078266,"max":8.81809139252,"mean":1.53285837173,"median":1.35284793377,"min":-1.52481949329,"var":1.08013415337},"barkbands_spread":{"dmean":6.00530052185,"dmean2":9.71021175385,"dvar":35.1741371155,"dvar2":86.9447784424,"max":87.4142456055,"mean":26.9021530151,"median":26.6945724487,"min":2.05174350739,"var":108.502540588},"dissonance":{"dmean":0.0120847886428,"dmean2":0.0206214170903,"dvar":0.000143867946463,"dvar2":0.000393361027818,"max":0.500000059605,"mean":0.478540897369,"median":0.483217656612,"min":0.196463763714,"var":0.000310006580548},"dynamic_complexity":2.41687750816,"erbbands":{"dmean":[0.355473577976,3.02981853485,5.52760028839,6.65922212601,9.53217029572,7.83710479736,6.46023225784,8.14329242706,7.87915563583,13.6526899338,13.7538604736,19.8131847382,19.0756874084,23.5534515381,20.7301692963,20.1215515137,17.6092643738,12.8975467682,17.887878418,13.8519258499,19.5640983582,14.5448760986,10.3260345459,15.8939180374,10.3473777771,7.04151153564,7.49434328079,5.65089941025,4.58376264572,3.20211815834,2.80071401596,1.60758054256,0.709382891655,0.34812143445,0.180452048779,0.0739168003201,0.0280048362911,0.00646194303408,0.000674758222885,0.0000472930842079],"dmean2":[0.616855025291,5.43371391296,9.45035552979,11.3835496902,16.180896759,13.3343839645,10.9831809998,13.6918087006,13.285533905,23.2647762299,22.6033592224,31.2167472839,30.1374092102,37.1068611145,32.2903442383,32.2470245361,27.968793869,20.6992149353,28.6147289276,22.3891067505,32.4838294983,24.2196998596,17.1931190491,26.1935329437,17.2714118958,11.9404754639,12.9470930099,9.76312065125,7.75972604752,5.18923521042,4.34541940689,2.54588198662,1.10822880268,0.516257166862,0.264374285936,0.109141133726,0.0417099781334,0.00988096743822,0.00103826355189,0.0000757796879043],"dvar":[0.51971924305,34.800945282,54.3868751526,63.0563964844,203.065338135,141.869781494,128.640365601,243.440505981,251.186065674,1168.33483887,1104.98742676,1820.4753418,1580.42675781,2964.02026367,2478.42431641,1509.38903809,1170.98583984,633.630432129,1256.76208496,835.706604004,1231.62524414,354.945526123,203.717941284,654.580444336,157.704620361,86.3662643433,106.402458191,76.1284561157,93.1818008423,62.2804222107,91.4859008789,18.321023941,3.03266620636,0.663273394108,0.171490162611,0.041381534189,0.00525024393573,0.000256194674876,0.00000277396861748,7.70277264195e-9],"dvar2":[1.39314675331,96.6954727173,153.239212036,175.784332275,564.091003418,389.714660645,349.353057861,639.366088867,638.72668457,3060.99731445,2736.76049805,4188.33154297,3679.34887695,7170.56591797,5970.07714844,3723.9699707,2764.27416992,1498.97912598,2941.2277832,2027.82568359,3239.67260742,909.42590332,506.505950928,1536.57263184,409.15737915,228.907699585,282.433502197,203.559082031,215.069549561,121.601913452,189.741104126,33.5341835022,6.14895629883,1.24723029137,0.296992212534,0.0895435959101,0.0117200249806,0.000566901930142,0.00000631150669506,1.78351999836e-8],"max":[5.06832838058,45.8964881897,80.1992034912,90.9428024292,247.042739868,171.087875366,182.576858521,256.180145264,304.480438232,510.175170898,752.867614746,1121.28125,1211.48571777,1211.41137695,1896.72705078,811.732299805,1039.34777832,537.69543457,652.784851074,995.942810059,943.761657715,474.13961792,501.57321167,800.219177246,222.022277832,178.012054443,252.350296021,203.678268433,275.087738037,264.461395264,405.054382324,137.68611145,106.133995056,24.1309242249,12.5324525833,6.29494857788,2.22058653831,0.449843853712,0.0395403392613,0.00216335547157],"mean":[0.34804725647,3.00909948349,8.21422481537,10.8880033493,14.9297208786,12.5294828415,10.2787208557,12.3212852478,12.3721761703,18.228679657,21.8019676208,39.4915351868,40.9908485413,45.5107078552,40.7037963867,41.3912086487,35.6653442383,25.3674583435,35.4666252136,31.2567825317,45.1340446472,36.5550575256,27.4342079163,41.431427002,29.3176078796,17.8402805328,16.7181129456,12.71525383,8.91753482819,6.08518695831,5.36993360519,3.4099779129,1.72359335423,0.812100172043,0.395487964153,0.160060703754,0.060544308275,0.0125093152747,0.00123039854225,0.00010433200805],"median":[0.125947088003,1.59437978268,6.2902302742,8.65160751343,10.7556009293,8.62051105499,6.43215227127,6.3112745285,6.04424333572,6.76997709274,9.43621921539,14.6441764832,15.686463356,14.5303478241,13.7069997787,19.9225502014,16.2679004669,13.821811676,18.8829269409,19.2951488495,32.4231185913,29.9365882874,21.7877540588,31.2049846649,24.0451583862,15.2721681595,13.986784935,10.5350379944,5.64735794067,3.64016389847,2.97022390366,2.08201766014,1.19594919682,0.492069035769,0.232973441482,0.0944081768394,0.0352039933205,0.00667129689828,0.000628992915154,0.0000760075054131],"min":[2.05663486241e-8,7.30687418127e-7,0.00000447425509265,0.00000909512073122,0.00000629119313089,0.00000517628041052,0.00000539492339158,0.0000303472497762,0.0000380670717277,0.000045790355216,0.000242447233177,0.000130425833049,0.000168054451933,0.000177535766852,0.0000934090930969,0.000092283320555,0.000183490163181,0.000130336804432,0.0000794786101324,0.000149647050421,0.000101385972812,0.0000094061369964,0.000021105452106,0.0000966811785474,0.000177116511622,0.0000623907981208,0.0000411961591453,0.0000127749362946,0.0000102675121525,0.00000947682383412,0.00000490563024869,0.00000351541802956,0.00000212109011954,0.00000102516344214,6.32418959867e-7,5.1295700132e-7,2.35870288634e-7,6.96738950978e-8,1.43173082279e-8,3.6033696027e-9],"var":[0.431439191103,24.73204422,61.8604736328,93.6942977905,254.959182739,181.498321533,176.833068848,364.175994873,495.531707764,1448.73522949,1878.77172852,7756.91064453,4848.78710938,7738.37158203,6522.65185547,4316.58154297,3916.40869141,1371.89855957,2920.47631836,2015.63146973,2820.50463867,1061.42687988,699.50769043,2242.37890625,569.45501709,200.76725769,198.608947754,132.106002808,175.437637329,128.42276001,193.370574951,48.6600990295,8.64215660095,1.75146698952,0.480631887913,0.0808326005936,0.0100712487474,0.000460311071947,0.0000046813197514,1.2785450032e-8]},"erbbands_crest":{"dmean":2.23226618767,"dmean2":3.6432056427,"dvar":5.48918056488,"dvar2":13.6454486847,"max":32.0421638489,"mean":7.95166444778,"median":6.56738424301,"min":2.31457424164,"var":18.7277755737},"erbbands_flatness_db":{"dmean":0.0128562022001,"dmean2":0.0198757834733,"dvar":0.000175336070242,"dvar2":0.000391453882912,"max":0.366784870625,"mean":0.137513875961,"median":0.125776097178,"min":0.0458824373782,"var":0.00222248025239},"erbbands_kurtosis":{"dmean":0.531977415085,"dmean2":0.861339271069,"dvar":0.447459936142,"dvar2":1.16064476967,"max":20.496295929,"mean":-0.192788392305,"median":-0.432582318783,"min":-1.74612283707,"var":1.23375105858},"erbbands_skewness":{"dmean":0.272918909788,"dmean2":0.430569112301,"dvar":0.0565038695931,"dvar2":0.133952766657,"max":4.114112854,"mean":-0.158656656742,"median":-0.204946696758,"min":-2.42357110977,"var":0.295803368092},"erbbands_spread":{"dmean":7.90367555618,"dmean2":12.8270673752,"dvar":61.1911621094,"dvar2":159.796112061,"max":123.179740906,"mean":44.2169113159,"median":41.70129776,"min":4.89059066772,"var":264.217041016},"gfcc":{"cov":[[7048.90380859,-1301.69030762,1582.75415039,-104.767623901,-31.0276947021,1186.27783203,-497.399749756,226.762176514,-539.480163574,-109.006622314,-26.1719665527,347.076568604,-86.6523590088],[-1301.69030762,987.313293457,-453.55368042,134.860137939,163.080612183,-312.499938965,221.222702026,-116.781478882,135.565231323,-22.8495044708,85.4391555786,-111.672828674,83.9325485229],[1582.75415039,-453.55368042,859.03894043,37.6618766785,32.9692115784,360.398376465,-159.548339844,80.8142318726,-144.258560181,-14.2288961411,-40.9181785583,118.304603577,-46.6008224487],[-104.767623901,134.860137939,37.6618766785,249.755615234,83.4774551392,-17.6812267303,55.2705764771,-16.8472957611,52.5804176331,13.4916667938,40.2186203003,-10.1796646118,12.0046577454],[-31.0276947021,163.080612183,32.9692115784,83.4774551392,191.953933716,12.9599752426,58.5538864136,-8.57089328766,-6.88583707809,-11.816781044,16.2179927826,-3.73560237885,24.621263504],[1186.27783203,-312.499938965,360.398376465,-17.6812267303,12.9599752426,359.057830811,-48.6813621521,61.1087417603,-97.9625778198,-29.6393413544,-16.8408432007,77.5516738892,-18.3056945801],[-497.399749756,221.222702026,-159.548339844,55.2705764771,58.5538864136,-48.6813621521,184.744949341,13.384601593,66.4169082642,-0.418799370527,19.01745224,-24.7985401154,22.8569736481],[226.762176514,-116.781478882,80.8142318726,-16.8472957611,-8.57089328766,61.1087417603,13.384601593,98.998878479,18.0926055908,14.9444217682,-13.0306615829,16.7501277924,-6.58481216431],[-539.480163574,135.565231323,-144.258560181,52.5804176331,-6.88583707809,-97.9625778198,66.4169082642,18.0926055908,176.558364868,71.2314071655,6.82425880432,-41.6397094727,2.24224495888],[-109.006622314,-22.8495044708,-14.2288961411,13.4916667938,-11.816781044,-29.6393413544,-0.418799370527,14.9444217682,71.2314071655,89.1997299194,26.2504329681,-6.33185148239,-20.3683872223],[-26.1719665527,85.4391555786,-40.9181785583,40.2186203003,16.2179927826,-16.8408432007,19.01745224,-13.0306615829,6.82425880432,26.2504329681,81.2722396851,22.9673252106,3.74499344826],[347.076568604,-111.672828674,118.304603577,-10.1796646118,-3.73560237885,77.5516738892,-24.7985401154,16.7501277924,-41.6397094727,-6.33185148239,22.9673252106,80.6102676392,15.5555887222],[-86.6523590088,83.9325485229,-46.6008224487,12.0046577454,24.621263504,-18.3056945801,22.8569736481,-6.58481216431,2.24224495888,-20.3683872223,3.74499344826,15.5555887222,63.4918746948]],"icov":[[0.000474056141684,-0.000219490611926,-0.0000875804180396,-0.000189558617421,0.000128697967739,-0.00119956466369,0.000915820826776,-0.000718751805834,0.000711868575308,-0.00027447330649,-0.0000603229673288,-0.00030013473588,0.0000725977224647],[-0.000219490611926,0.00411067064852,-0.000749605533201,0.0011430681916,-0.00193527492229,0.00223495950922,-0.00267033744603,0.00304349302314,-0.00318859238178,0.00434023654088,-0.00581818213686,0.0051684435457,-0.00324625289068],[-0.0000875804180396,-0.000749605533201,0.00358432694338,-0.00190998299513,-0.000615476514213,-0.00190214219037,0.00218455842696,-0.00165696954355,0.00174031965435,-0.00216188654304,0.00410586502403,-0.00429741619155,0.00265097082593],[-0.000189558617421,0.0011430681916,-0.00190998299513,0.00690711988136,-0.0022360808216,0.00121576327365,-0.00191673950758,0.00261461664923,-0.00429036514834,0.00338930264115,-0.00577550008893,0.00367706711404,-0.00162016984541],[0.000128697967739,-0.00193527492229,-0.000615476514213,-0.0022360808216,0.0084233013913,-0.00128918769769,-0.00132865947671,-0.000833159661852,0.00339462258853,-0.00290358508937,0.00179836293682,0.000127643477754,-0.00172992236912],[-0.00119956466369,0.00223495950922,-0.00190214219037,0.00121576327365,-0.00128918769769,0.00955629907548,-0.00413902290165,0.00118898449,-0.00184160715435,0.00343681988306,-0.00194115831982,0.000332765514031,-0.000148541555973],[0.000915820826776,-0.00267033744603,0.00218455842696,-0.00191673950758,-0.00132865947671,-0.00413902290165,0.0127063710243,-0.00594193069264,-0.000319857121212,0.000691321503837,0.00114664144348,-0.00279769743793,0.00172797159757],[-0.000718751805834,0.00304349302314,-0.00165696954355,0.00261461664923,-0.000833159661852,0.00118898449,-0.00594193069264,0.017541019246,-0.00570015190169,0.00111389986705,-0.00108558707871,0.00121046358254,-0.00176448340062],[0.000711868575308,-0.00318859238178,0.00174031965435,-0.00429036514834,0.00339462258853,-0.00184160715435,-0.000319857121212,-0.00570015190169,0.0185412541032,-0.0159396734089,0.00875557400286,-0.00154820445459,-0.000953580136411],[-0.00027447330649,0.00434023654088,-0.00216188654304,0.00338930264115,-0.00290358508937,0.00343681988306,0.000691321503837,0.00111389986705,-0.0159396734089,0.0304396059364,-0.0163061805069,0.00544407730922,0.00359982531518],[-0.0000603229673288,-0.00581818213686,0.00410586502403,-0.00577550008893,0.00179836293682,-0.00194115831982,0.00114664144348,-0.00108558707871,0.00875557400286,-0.0163061805069,0.0317552313209,-0.0192272663116,0.00722948461771],[-0.00030013473588,0.0051684435457,-0.00429741619155,0.00367706711404,0.000127643477754,0.000332765514031,-0.00279769743793,0.00121046358254,-0.00154820445459,0.00544407730922,-0.0192272663116,0.0342755243182,-0.015374536626],[0.0000725977224647,-0.00324625289068,0.00265097082593,-0.00162016984541,-0.00172992236912,-0.000148541555973,0.00172797159757,-0.00176448340062,-0.000953580136411,0.00359982531518,0.00722948461771,-0.015374536626,0.0267443545163]],"mean":[36.3801460266,89.2612838745,-119.919845581,47.5500297546,-42.9807891846,11.242764473,-24.7669582367,8.61465454102,-22.1145191193,-2.7043800354,-19.1785449982,-2.66336274147,-12.1771097183]},"hfc":{"dmean":5.87303113937,"dmean2":9.70953083038,"dvar":66.0493850708,"dvar2":162.164520264,"max":142.65663147,"mean":27.9575366974,"median":25.8989448547,"min":0.000310415285639,"var":274.515075684},"melbands":{"dmean":[0.00344713102095,0.00316560221836,0.00119558803272,0.000606271554716,0.000232470512856,0.000173714375705,0.000123788966448,0.000150473235408,0.000108270796773,0.000132893910632,0.0000982239071163,0.0000973802671069,0.000074636140198,0.0000603805128776,0.0000535189064976,0.0000372291760868,0.000026328205422,0.0000329840113409,0.0000226473657676,0.0000252608824667,0.0000244053226197,0.0000175230998138,0.000012571786101,0.0000103904440039,0.0000147796254168,0.00000999505573418,0.00000707215258444,0.00000500985652252,0.00000521673655385,0.00000441145903096,0.00000339804319083,0.00000300407577924,0.00000213180055653,0.00000182928920367,0.00000182786925507,0.00000125120436678,9.37423180858e-7,5.73375018575e-7,3.80517292342e-7,2.93796603046e-7],"dmean2":[0.00609980663285,0.00548882735893,0.00202671485022,0.0010359082371,0.000394381961087,0.000291762960842,0.000209165475098,0.000255243066931,0.000176789137186,0.000209576450288,0.000155375455506,0.000153549393872,0.000116597249871,0.0000964457722148,0.0000844975438667,0.0000603328335274,0.0000422882731073,0.0000526855328644,0.0000362772079825,0.0000415997092205,0.000040867478674,0.0000293456068903,0.0000209819972952,0.000017282411136,0.0000244407819991,0.0000168363258126,0.0000118061161629,0.00000856777114677,0.00000905970409804,0.00000753808444642,0.00000592639116803,0.00000514166504217,0.00000347164973391,0.00000299066050502,0.00000286079603029,0.00000196231349037,0.00000151723224917,9.12249333851e-7,5.90439242387e-7,4.41178002575e-7],"dvar":[0.0000488920486532,0.0000235527459154,0.00000197430813387,8.48793320074e-7,1.50590267367e-7,1.06962502855e-7,6.13588113652e-8,1.3338230076e-7,6.20846662969e-8,8.46685210831e-8,4.26640909268e-8,4.67549732264e-8,3.1252866961e-8,1.86481088349e-8,1.39588998138e-8,6.1432365861e-9,2.87278956179e-9,4.61861660028e-9,2.86954326967e-9,2.74595768346e-9,1.8911785471e-9,5.25665733164e-10,2.84949258633e-10,2.45421127865e-10,5.84663983894e-10,1.66961361403e-10,9.43524494645e-11,4.6730563863e-11,5.50613270256e-11,3.76798522939e-11,3.06154546159e-11,3.38208419604e-11,2.66102834212e-11,2.28842222949e-11,3.50543170879e-11,2.10105387949e-11,4.85067845266e-12,1.84922823582e-12,7.94160744111e-13,5.07276241412e-13],"dvar2":[0.000133506837301,0.0000651780428598,0.00000543888609172,0.0000023842956125,4.09193631867e-7,2.81291022475e-7,1.56166734655e-7,3.48851472154e-7,1.50345314864e-7,1.95868366859e-7,9.912913157e-8,1.11921842461e-7,7.50936592908e-8,4.65708396291e-8,3.25955085145e-8,1.48954706347e-8,6.7073906429e-9,1.10368985062e-8,6.25023144352e-9,6.89267887211e-9,4.95424368196e-9,1.33391131474e-9,7.20896120576e-10,5.98020188924e-10,1.36764222169e-9,4.373780782e-10,2.33343372402e-10,1.23934765228e-10,1.4660583858e-10,1.02070678298e-10,8.26342119731e-11,8.08612066194e-11,5.61541854682e-11,4.71987518513e-11,7.53953011134e-11,3.92393999238e-11,9.86763535465e-12,3.95424621866e-12,1.5870905935e-12,9.76148090311e-13],"max":[0.0483110770583,0.0454340726137,0.0196115206927,0.0150066176429,0.00633145449683,0.0049743023701,0.00455836812034,0.00485377758741,0.00524844834581,0.00757005205378,0.00605171313509,0.00453542359173,0.00614944566041,0.0034851396922,0.00325861037709,0.0013065696694,0.00122941902373,0.00125583843328,0.0014787967084,0.0011671326356,0.00144855421968,0.00057494052453,0.000403233425459,0.000514980405569,0.000743548502214,0.000252330442891,0.000204644253245,0.000142329663504,0.000195694563445,0.000106132167275,0.000122171826661,0.000149565865286,0.000187509023817,0.000147656333866,0.000239149609115,0.000170303726918,0.000086637410277,0.0000823959708214,0.0000411915716541,0.0000238962293224],"mean":[0.00337477121502,0.00431928317994,0.00211962405592,0.000997427036054,0.00039147346979,0.000269210286206,0.000194447115064,0.000204796757316,0.000170259401784,0.000262389046839,0.000204374053283,0.000185276207048,0.000137932162033,0.000117471878184,0.000104132224806,0.0000639473073534,0.000045720316848,0.0000596486388531,0.0000425700345659,0.0000498382651131,0.0000521927941008,0.0000391977155232,0.0000276137998299,0.0000236969372054,0.0000355259107891,0.0000250874600169,0.0000164689427038,0.000010639498214,0.0000102991198219,0.00000970871496975,0.00000660289333609,0.0000053855646911,0.00000392067931898,0.00000315535748996,0.00000333988896273,0.00000237239555645,0.0000019390952275,0.00000129335376187,8.68909125984e-7,6.12562814695e-7],"median":[0.00148931192234,0.00311015918851,0.00172083242796,0.000753654981963,0.000268414150923,0.000143653087434,0.0000926764478208,0.0000705632846802,0.0000740398754715,0.0000901437379071,0.0000693602050887,0.0000519900495419,0.0000399589662265,0.0000462053139927,0.0000446336016466,0.0000267459690804,0.0000222698363359,0.0000294178826152,0.0000217913893721,0.0000292357071885,0.0000381442259823,0.0000310796094709,0.0000216263579205,0.0000179673988896,0.0000257528954535,0.0000194878812181,0.0000129140389618,0.00000872104828886,0.00000825275583338,0.00000800761699793,0.00000512173210154,0.00000336078846885,0.00000226385714086,0.00000182013104677,0.00000186731892882,0.000001219462888,0.0000012411175021,8.93570188509e-7,5.70193151361e-7,3.35901802373e-7],"min":[4.03217320644e-10,2.14160400525e-9,2.2317190318e-9,2.88351648114e-10,1.95684496385e-10,7.24470539115e-10,5.51513223979e-10,5.32423716226e-10,2.28545848913e-9,6.22762730274e-10,8.62973636995e-10,8.15879253047e-10,2.21751200735e-10,1.60738672372e-10,5.84534698422e-10,3.77103431815e-10,1.7669048169e-10,1.13222341225e-10,1.61173421831e-10,2.4753338268e-10,8.02319807813e-11,5.38950134521e-12,7.14408003241e-12,3.20799185827e-11,7.18552647938e-11,1.71726938225e-10,5.81944908928e-11,3.64663993446e-11,2.25348264354e-11,1.80199171557e-11,5.20120231606e-12,6.48026857869e-12,3.98953526465e-12,5.91604239555e-12,3.05373998657e-12,1.87623571193e-12,2.26186582485e-12,1.49261213198e-12,1.16729076492e-12,7.810251469e-13],"var":[0.0000374202500097,0.0000213783478102,0.00000320041863233,9.92068066807e-7,2.12137578615e-7,1.63231078432e-7,1.21311316548e-7,1.82732463827e-7,1.07971004581e-7,3.66561437204e-7,1.33705270855e-7,1.26001182821e-7,8.11661706734e-8,5.22761993693e-8,4.89427804951e-8,1.26115571319e-8,5.93518478809e-9,9.88149917447e-9,7.46094830362e-9,6.6170429136e-9,3.84937370868e-9,1.39308420355e-9,7.58396401235e-10,6.41566466619e-10,1.91635751712e-9,5.78268433138e-10,2.36824421185e-10,8.66638844021e-11,8.50958400966e-11,7.18264198118e-11,4.4593908427e-11,6.03050942516e-11,5.27779625559e-11,4.15535592047e-11,6.95054847011e-11,4.94894784875e-11,1.18013290112e-11,5.00368366532e-12,2.02733619822e-12,1.20632442837e-12]},"melbands_crest":{"dmean":3.61647415161,"dmean2":5.9762597084,"dvar":9.20727539063,"dvar2":24.2707996368,"max":32.6898384094,"mean":14.6042203903,"median":14.0558128357,"min":4.38360738754,"var":21.0355644226},"melbands_flatness_db":{"dmean":0.0294626187533,"dmean2":0.0484519228339,"dvar":0.00081003428204,"dvar2":0.0021108861547,"max":0.451091825962,"mean":0.190130665898,"median":0.181188642979,"min":0.0539664588869,"var":0.0029880667571},"melbands_kurtosis":{"dmean":9.94990539551,"dmean2":17.191318512,"dvar":342.85055542,"dvar2":954.887512207,"max":244.69708252,"mean":14.4014320374,"median":7.88748502731,"min":-1.78619289398,"var":401.555664063},"melbands_skewness":{"dmean":0.975830674171,"dmean2":1.62181663513,"dvar":1.31160461903,"dvar2":3.51057958603,"max":13.5828304291,"mean":3.03801321983,"median":2.65096616745,"min":-1.21222734451,"var":2.95357561111},"melbands_spread":{"dmean":7.50991487503,"dmean2":12.2131958008,"dvar":55.0244140625,"dvar2":137.32963562,"max":133.172973633,"mean":24.9910087585,"median":22.9565410614,"min":1.34179532528,"var":181.233062744},"mfcc":{"cov":[[5761.74267578,-537.283874512,933.856689453,-491.270477295,377.660888672,464.255157471,228.923049927,361.222198486,-248.447860718,-154.774490356,-122.409065247,-19.5941257477,-139.69430542],[-537.283874512,660.545043945,-296.045349121,211.199249268,-35.6245613098,-6.9408249855,37.083820343,-35.1504516602,34.6449317932,-11.1287918091,13.8153657913,6.19902181625,9.20497322083],[933.856689453,-296.045349121,620.320800781,-130.855224609,150.779037476,127.962516785,13.9118309021,102.567947388,-60.7016296387,-14.7843799591,-25.7766857147,-18.4457702637,-23.6720466614],[-491.270477295,211.199249268,-130.855224609,332.946105957,6.23170042038,10.864812851,3.5212328434,-27.8538570404,36.8012466431,27.5470619202,35.3117790222,35.032169342,39.5040283203],[377.660888672,-35.6245613098,150.779037476,6.23170042038,163.604598999,68.9261245728,39.3421936035,29.4070892334,-24.5776062012,-14.2698755264,-28.5551624298,-5.34221363068,-21.6841392517],[464.255157471,-6.9408249855,127.962516785,10.864812851,68.9261245728,174.83354187,55.6902275085,73.1951599121,-8.65469169617,-2.13637471199,8.12545967102,-6.06818056107,-2.96764039993],[228.923049927,37.083820343,13.9118309021,3.5212328434,39.3421936035,55.6902275085,142.00617981,65.5420761108,-13.8019485474,-32.2403755188,-33.4352684021,2.53177905083,-20.4149990082],[361.222198486,-35.1504516602,102.567947388,-27.8538570404,29.4070892334,73.1951599121,65.5420761108,126.063613892,18.4136657715,-3.18909740448,-13.7027177811,-12.8233747482,-5.28009271622],[-248.447860718,34.6449317932,-60.7016296387,36.8012466431,-24.5776062012,-8.65469169617,-13.8019485474,18.4136657715,97.146736145,52.8732414246,19.8219299316,-8.6669216156,2.64426255226],[-154.774490356,-11.1287918091,-14.7843799591,27.5470619202,-14.2698755264,-2.13637471199,-32.2403755188,-3.18909740448,52.8732414246,90.8256912231,49.6724510193,6.35628414154,10.7291374207],[-122.409065247,13.8153657913,-25.7766857147,35.3117790222,-28.5551624298,8.12545967102,-33.4352684021,-13.7027177811,19.8219299316,49.6724510193,92.9249420166,37.9082946777,27.8776950836],[-19.5941257477,6.19902181625,-18.4457702637,35.032169342,-5.34221363068,-6.06818056107,2.53177905083,-12.8233747482,-8.6669216156,6.35628414154,37.9082946777,70.0603942871,33.0524597168],[-139.69430542,9.20497322083,-23.6720466614,39.5040283203,-21.6841392517,-2.96764039993,-20.4149990082,-5.28009271622,2.64426255226,10.7291374207,27.8776950836,33.0524597168,82.9745025635]],"icov":[[0.000363297673175,0.0000318365346175,-0.0000802944341558,0.000350455375155,-0.000267957017059,-0.000577049911954,0.000230554636801,-0.000728291226551,0.00070089235669,-0.0000420341348217,0.000223134280532,-0.000561524357181,0.000469876889838],[0.0000318365346175,0.00240714568645,0.000944614585023,-0.00115849566646,-0.00012741102546,-0.000403238664148,-0.000566806294955,0.000204460375244,-0.000349917565472,0.0011406999547,-0.000707438506652,0.000764554890338,0.000230221470702],[-0.0000802944341558,0.000944614585023,0.00351394852623,0.00030798491207,-0.00215313932858,-0.000947495456785,0.00173050910234,-0.00241030822508,0.00189095828682,-0.000570152653381,0.000117374445836,0.0000147196005855,0.000259877240751],[0.000350455375155,-0.00115849566646,0.00030798491207,0.00494131771848,-0.00142016960308,-0.00128262036014,-0.0000442706696049,0.000489522353746,-0.000781164504588,-0.000635493488517,0.000209634614293,-0.00193389481865,-0.00113591039553],[-0.000267957017059,-0.00012741102546,-0.00215313932858,-0.00142016960308,0.0104131354019,-0.00235907407477,-0.00139910005964,0.00207820138894,0.000269698066404,-0.00148925592657,0.00368085433729,-0.00146953563672,0.00158249493688],[-0.000577049911954,-0.000403238664148,-0.000947495456785,-0.00128262036014,-0.00235907407477,0.011376333423,-0.00270382012241,-0.0028514591977,0.000279977713944,0.000625267159194,-0.00520787760615,0.00423005130142,-0.00166781642474],[0.000230554636801,-0.000566806294955,0.00173050910234,-0.0000442706696049,-0.00139910005964,-0.00270382012241,0.0139943454415,-0.00791521091014,0.0027713237796,0.000736646470614,0.0047813677229,-0.00590324774384,0.00400447240099],[-0.000728291226551,0.000204460375244,-0.00241030822508,0.000489522353746,0.00207820138894,-0.0028514591977,-0.00791521091014,0.0188595317304,-0.00852927938104,0.00171563378535,-0.000360128586181,0.00322593841702,-0.0035897961352],[0.00070089235669,-0.000349917565472,0.00189095828682,-0.000781164504588,0.000269698066404,0.000279977713944,0.0027713237796,-0.00852927938104,0.0217999406159,-0.0117598390207,0.00216296548024,0.00115382147487,0.00198936904781],[-0.0000420341348217,0.0011406999547,-0.000570152653381,-0.000635493488517,-0.00148925592657,0.000625267159194,0.000736646470614,0.00171563378535,-0.0117598390207,0.0244504138827,-0.0119298724458,0.0031424111221,-0.000164234879776],[0.000223134280532,-0.000707438506652,0.000117374445836,0.000209634614293,0.00368085433729,-0.00520787760615,0.0047813677229,-0.000360128586181,0.00216296548024,-0.0119298724458,0.0254526454955,-0.0129717197269,0.000406325911172],[-0.000561524357181,0.000764554890338,0.0000147196005855,-0.00193389481865,-0.00146953563672,0.00423005130142,-0.00590324774384,0.00322593841702,0.00115382147487,0.0031424111221,-0.0129717197269,0.0269124507904,-0.00839047785848],[0.000469876889838,0.000230221470702,0.000259877240751,-0.00113591039553,0.00158249493688,-0.00166781642474,0.00400447240099,-0.0035897961352,0.00198936904781,-0.000164234879776,0.000406325911172,-0.00839047785848,0.017706733197]],"mean":[-603.854553223,113.376792908,-9.14609241486,39.2445526123,6.62650918961,10.2240781784,6.75372600555,9.99671649933,4.77769899368,3.35410761833,-2.80538630486,0.18091969192,-3.03766393661]},"pitch_salience":{"dmean":0.0833894014359,"dmean2":0.139998823404,"dvar":0.00629563583061,"dvar2":0.0169713702053,"max":0.84981238842,"mean":0.548568189144,"median":0.557265758514,"min":0.129253253341,"var":0.0128469662741},"silence_rate_20dB":{"dmean":0,"dmean2":0,"dvar":0,"dvar2":0,"max":1,"mean":1,"median":1,"min":1,"var":0},"silence_rate_30dB":{"dmean":0.0428685881197,"dmean2":0.0857457667589,"dvar":0.0410267859697,"dvar2":0.107428573072,"max":1,"mean":0.971657514572,"median":1,"min":0,"var":0.0275396313518},"silence_rate_60dB":{"dmean":0.00360576924868,"dmean2":0.00721226073802,"dvar":0.00359123689122,"dvar2":0.00916501879692,"max":1,"mean":0.0486730113626,"median":0,"min":0,"var":0.046307656914},"spectral_centroid":{"dmean":238.192276001,"dmean2":382.190093994,"dvar":44099.6875,"dvar2":108649.804688,"max":3754.72192383,"mean":1654.2701416,"median":1648.46948242,"min":268.936309814,"var":231450.046875},"spectral_complexity":{"dmean":4.05248403549,"dmean2":6.62315940857,"dvar":13.8996896744,"dvar2":35.3299942017,"max":60,"mean":30.1578369141,"median":32,"min":0,"var":150.222732544},"spectral_contrast_coeffs":{"dmean":[0.0523445419967,0.0472566746175,0.0392159149051,0.0296795219183,0.0198386739939,0.0171100907028],"dmean2":[0.0877015888691,0.0782779306173,0.0641481429338,0.0490374304354,0.033070076257,0.0278700664639],"dvar":[0.00174175889697,0.00137557822745,0.0010257337708,0.000552022771444,0.00024471298093,0.000242676091148],"dvar2":[0.00488334475085,0.00361649924889,0.00264911586419,0.00146567483898,0.000669586821459,0.000611523049884],"max":[-0.356665074825,-0.458838820457,-0.465721219778,-0.590451836586,-0.654993832111,-0.531368672848],"mean":[-0.649998188019,-0.757555246353,-0.760188996792,-0.786082625389,-0.794301688671,-0.720395505428],"median":[-0.651251554489,-0.765981674194,-0.768176496029,-0.792749166489,-0.798157930374,-0.730558276176],"min":[-0.916176617146,-0.971010029316,-0.939206063747,-0.963095605373,-0.915528297424,-0.95639359951],"var":[0.00448191585019,0.00405320525169,0.00464254617691,0.00216337270103,0.000749317696318,0.00214052386582]},"spectral_contrast_valleys":{"dmean":[0.394293934107,0.364573270082,0.293169617653,0.242155462503,0.200434580445,0.228740543127],"dmean2":[0.65747654438,0.608761012554,0.481432288885,0.399652510881,0.329412728548,0.349931210279],"dvar":[0.100403152406,0.0999559685588,0.059296682477,0.0433476604521,0.0378328040242,0.0797027423978],"dvar2":[0.272590339184,0.259312033653,0.151472613215,0.10908614099,0.0932280346751,0.178816750646],"max":[-4.98534154892,-4.51123189926,-5.19287824631,-5.68935871124,-5.45350646973,-7.60699748993],"mean":[-6.65317678452,-6.62021541595,-7.01228809357,-7.18178844452,-6.80282783508,-10.0124454498],"median":[-6.40570068359,-6.49938631058,-6.85375738144,-7.0029425621,-6.59467458725,-9.55059528351],"min":[-13.3321676254,-12.2852640152,-12.8451442719,-12.5335283279,-12.758263588,-15.3801727295],"var":[1.22993886471,0.660998880863,0.683797121048,0.631507694721,0.548673689365,2.05255579948]},"spectral_decrease":{"dmean":4.84519224742e-9,"dmean2":8.37782287988e-9,"dvar":5.24395450667e-17,"dvar2":1.41968280614e-16,"max":-1.04540460761e-13,"mean":-1.07612585509e-8,"median":-9.52592493775e-9,"min":-6.05455525715e-8,"var":5.60714370561e-17},"spectral_energy":{"dmean":0.0185943357646,"dmean2":0.0321381054819,"dvar":0.000761350849643,"dvar2":0.00206131185405,"max":0.231586292386,"mean":0.0431512854993,"median":0.0388382859528,"min":4.22715743298e-7,"var":0.000836674589664},"spectral_energyband_high":{"dmean":0.000449986226158,"dmean2":0.00073605356738,"dvar":6.8733641001e-7,"dvar2":0.00000143335091707,"max":0.0181023851037,"mean":0.00121063028928,"median":0.000958416319918,"min":2.00883709667e-9,"var":0.00000177698041171},"spectral_energyband_low":{"dmean":0.0164739955217,"dmean2":0.0285932030529,"dvar":0.000783555093221,"dvar2":0.00212113466114,"max":0.212112993002,"mean":0.0225319862366,"median":0.015537138097,"min":1.51522154823e-8,"var":0.000687752035446},"spectral_energyband_middle_high":{"dmean":0.00188584660646,"dmean2":0.00303723453544,"dvar":0.00000567270308238,"dvar2":0.0000145511576193,"max":0.043334428221,"mean":0.00813515670598,"median":0.00666512874886,"min":6.56908341057e-8,"var":0.0000368224500562},"spectral_energyband_middle_low":{"dmean":0.00540781579912,"dmean2":0.00912253465503,"dvar":0.0000567371025681,"dvar2":0.000157615737407,"max":0.113086774945,"mean":0.0132066337392,"median":0.0113559756428,"min":3.32008056603e-8,"var":0.0000918048754102},"spectral_entropy":{"dmean":0.111728824675,"dmean2":0.172612503171,"dvar":0.0130904149264,"dvar2":0.0295313559473,"max":8.65188694,"mean":7.77427768707,"median":7.85423183441,"min":5.85801744461,"var":0.0936392173171},"spectral_flux":{"dmean":0.0346147269011,"dmean2":0.0563058033586,"dvar":0.00191251758952,"dvar2":0.00381942372769,"max":0.417171478271,"mean":0.114290185273,"median":0.103820592165,"min":0.000313980242936,"var":0.00370323541574},"spectral_kurtosis":{"dmean":1.12004339695,"dmean2":1.93680977821,"dvar":1.90755057335,"dvar2":5.74975538254,"max":34.7380828857,"mean":3.47704768181,"median":3.24868416786,"min":-0.496511131525,"var":2.74107217789},"spectral_rms":{"dmean":0.00122464704327,"dmean2":0.00206875964068,"dvar":0.00000221982577386,"dvar2":0.00000591707748754,"max":0.0150312297046,"mean":0.00612174766138,"median":0.00615556770936,"min":0.0000203077725018,"var":0.00000462288880954},"spectral_rolloff":{"dmean":517.094848633,"dmean2":872.883300781,"dvar":390722.5,"dvar2":901573.5625,"max":8010.3515625,"mean":1400.63378906,"median":1227.39257813,"min":86.1328125,"var":1035432.625},"spectral_skewness":{"dmean":0.160665124655,"dmean2":0.269819259644,"dvar":0.0275405608118,"dvar2":0.0767214745283,"max":3.60732936859,"mean":1.2110363245,"median":1.23324799538,"min":-0.0656528323889,"var":0.107018612325},"spectral_spread":{"dmean":334762.6875,"dmean2":503582.53125,"dvar":188013641728,"dvar2":313720111104,"max":31510920,"mean":4245893.5,"median":4259770,"min":1569125.125,"var":1104730521600},"spectral_strongpeak":{"dmean":0.515141010284,"dmean2":0.919603943825,"dvar":0.897910952568,"dvar2":2.32785105705,"max":9.33528804779,"mean":0.7224650383,"median":0.350971698761,"min":0,"var":1.17768776417},"zerocrossingrate":{"dmean":0.00870460085571,"dmean2":0.0110983597115,"dvar":0.0000703856494511,"dvar2":0.0000937964505283,"max":0.21435546875,"mean":0.0602321438491,"median":0.05859375,"min":0.00390625,"var":0.000492503109854}},"metadata":{"audio_properties":{"analysis_sample_rate":44100,"bit_rate":0,"codec":"flac","downmix":"mix","equal_loudness":0,"length":231.813339233,"lossless":true,"md5_encoded":"7d80ad948122c0227ba1c3b807e4e3f1","replay_gain":-14.938085556,"sample_rate":44100},"tags":{"acoustid_id":["0b3d1e1b-2e0a-4401-8821-e7ac83865026"],"album":["Blackbird"],"albumartist":["Alter Bridge"],"albumartistsort":["Alter Bridge"],"artist":["Alter Bridge"],"artistsort":["Alter Bridge"],"asin":["B000VKJ6VS"],"barcode":["602517467484"],"catalognumber":["B0009955-02"],"date":["2007-10-09"],"discnumber":["1"],"disctotal":["1"],"file_name":"02 - Come to Life.flac","genre":["Rock"],"grouping":["Rock"],"isrc":["USUM70747529"],"label":["Universal Republic Records"],"media":["CD"],"mood":["Funky"],"musicbrainz_albumartistid":["60a23fda-a440-4ab9-a344-7dfdd2ed341a"],"musicbrainz_albumid":["1282e884-15ba-45bf-8600-728e2c195da9"],"musicbrainz_artistid":["60a23fda-a440-4ab9-a344-7dfdd2ed341a"],"musicbrainz_recordingid":["0b7414dd-6281-4c5e-9ced-a8a2a09bba88"],"musicbrainz_releasegroupid":["ae403b22-323c-36b7-9352-2bd597083545"],"musicbrainz_releasetrackid":["cc9a082e-cb9e-32e5-b69c-d10cefc57b93"],"originaldate":["2007-10-09"],"originalyear":["2007"],"releasecountry":["US"],"releasestatus":["official"],"releasetype":["album"],"script":["Latn"],"title":["Come to Life"],"totaldiscs":["1"],"totaltracks":["13"],"tracknumber":["2"],"tracktotal":["13"]},"version":{"essentia":"2.1-beta2","essentia_build_sha":"2d9f1f26377add8aeb1075a9c2973f962c4f09fd","essentia_git_sha":"v2.1_beta2-1-ge3940c0","extractor":"music 1.0"}},"rhythm":{"beats_count":384,"beats_loudness":{"dmean":0.021992681548,"dmean2":0.0393777601421,"dvar":0.000442240387201,"dvar2":0.00128523854073,"max":0.16423471272,"mean":0.0493603162467,"median":0.0457974895835,"min":0.0000542842572031,"var":0.000700068834703},"beats_loudness_band_ratio":{"dmean":[0.206666171551,0.103856764734,0.0804800391197,0.07