{"lowlevel":{"average_loudness":0.925603091717,"barkbands":{"dmean":[0.0133349047974,0.0191791709512,0.00104148185346,0.000488826888613,0.000780680857133,0.000614332268015,0.000585664529353,0.000362451915862,0.000354999036063,0.000650443078484,0.000482809322421,0.00139886257239,0.0013866807567,0.000906443689018,0.0010438573081,0.000566028058529,0.000476944929687,0.000331123068463,0.000194476902834,0.0000805222662166,0.0000493636034662,0.0000386924330087,0.0000261143086391,0.0000449723556812,0.00000432773958892,0.0000622209408903,0.000852248864248],"dmean2":[0.0233281347901,0.0327343791723,0.00176688027568,0.000832571880892,0.00130029628053,0.000970007444266,0.000962485908531,0.00059595098719,0.000581945350859,0.00109441764653,0.000814663886558,0.00238998723216,0.00237278663553,0.00151254679076,0.00172497809399,0.000936556491069,0.000778330722824,0.000533897313289,0.000303891574731,0.000125977414427,0.0000747241720092,0.0000544565264136,0.0000429990832345,0.00007388083759,0.00000708883726475,0.000102852070995,0.00135009095538],"dvar":[0.000872192904353,0.00147882301826,0.00000416722105001,4.73458555916e-7,0.00000165070412095,0.00000362425043932,0.00000320455023939,8.68059885306e-7,0.0000012256126638,0.00000178721347766,7.4670487038e-7,0.00000412994859289,0.00000803340753919,0.00000260408705799,0.00000454623022961,0.00000104439322968,3.98819736347e-7,2.30889952491e-7,1.15567068804e-7,1.46586778271e-8,5.52488099714e-9,8.11529954348e-9,8.41875369417e-9,3.55170399757e-8,8.47576592244e-11,6.70303066386e-8,6.4346443196e-7],"dvar2":[0.00225660274737,0.0038134988863,0.0000106080697151,0.00000115499267395,0.00000409509993915,0.00000705628826836,0.00000782226015872,0.00000216165904021,0.00000295859467769,0.00000484181782667,0.00000188756519037,0.0000114201029646,0.0000253026682913,0.00000684921178618,0.0000105164863271,0.00000229020815823,9.89379259408e-7,5.67599954593e-7,2.59732388486e-7,3.34812462199e-8,1.16473808376e-8,1.56360489001e-8,2.1888537205e-8,8.8157939615e-8,2.069127647e-10,1.67015272723e-7,0.00000155240206823],"max":[0.283095151186,0.307596415281,0.120233930647,0.0263429023325,0.0435821451247,0.11098074913,0.0496784374118,0.0280655473471,0.0386251993477,0.0335042141378,0.0225611198694,0.0767256766558,0.0896155685186,0.0441391915083,0.0822958424687,0.0615313909948,0.0160805918276,0.0125175109133,0.0121588315815,0.00262603745796,0.00175318599213,0.00205181282945,0.00153559981845,0.0030539042782,0.000187701472896,0.00365041499026,0.0149292256683],"mean":[0.012108463794,0.0171856526285,0.00123589893337,0.000635616248474,0.00120137108024,0.000907790963538,0.000859874417074,0.000501761795022,0.000540090724826,0.000993781606667,0.000784264819231,0.00246296729892,0.00247410824522,0.00171172816772,0.00206261035055,0.00116407091264,0.000972020381596,0.000634845055174,0.000382600468583,0.000170471292222,0.000114821326861,0.0000680154917063,0.0000273020941677,0.0000374894152628,0.00000441098336523,0.000053345975175,0.0034000845626],"median":[0.00455506565049,0.0056125074625,0.000669130356982,0.000390423520003,0.000782994087785,0.000407552113757,0.000361010199413,0.000239757995587,0.000288051000098,0.000640739686787,0.000525372568518,0.00190398085397,0.00185976154171,0.00121275649872,0.0013031733688,0.000789569108747,0.000697865441907,0.000408237159718,0.000221209018491,0.000108061962237,0.0000746785590309,0.0000291038431897,0.00000840787470224,0.00000414815258409,0.00000167663711181,0.00000791762795416,0.0030927688349],"min":[1.78497292518e-23,9.06218795458e-23,1.27703256695e-23,2.5572802154e-23,2.49473190754e-23,2.89603775625e-23,5.39738694461e-23,4.18170369583e-23,2.77462701423e-23,8.47296250092e-23,2.7551352079e-23,7.9889439552e-23,1.20923592015e-22,1.04353499281e-22,1.96805498262e-22,6.32873253762e-23,2.21065861484e-22,2.68204074481e-22,3.61743666526e-22,2.73509309219e-22,5.77048546238e-22,5.5552014086e-22,4.52755975422e-22,7.80702947501e-22,1.30134675257e-21,1.856547714e-21,2.587730341e-21],"var":[0.000682314333972,0.00117069249973,0.00000769677353674,6.86598468747e-7,0.00000255818849837,0.00000802844351711,0.00000616317856839,0.00000130505236484,0.00000232737693295,0.00000268034318651,0.00000126043210003,0.00000679582217344,0.0000115307893793,0.00000474437138109,0.0000101868790807,0.00000222420021601,8.44750786655e-7,4.61083061509e-7,2.44851065645e-7,3.71136330557e-8,1.64545994608e-8,1.52182710877e-8,6.42703978926e-9,2.83210788155e-8,8.04118785447e-11,5.31250385905e-8,0.00000313483155878]},"barkbands_crest":{"dmean":3.07819890976,"dmean2":5.10112857819,"dvar":7.64517450333,"dvar2":18.7586116791,"max":26.6753768921,"mean":8.51201248169,"median":7.43288898468,"min":2.43857431412,"var":15.2893953323},"barkbands_flatness_db":{"dmean":0.02838749066,"dmean2":0.0463849753141,"dvar":0.000989968772046,"dvar2":0.00253134337254,"max":0.419798284769,"mean":0.117790773511,"median":0.109796509147,"min":0.0250993072987,"var":0.00172613968607},"barkbands_kurtosis":{"dmean":3.92088222504,"dmean2":7.07447385788,"dvar":184.623550415,"dvar2":641.876342773,"max":494.441497803,"mean":2.8260872364,"median":-0.0926884412766,"min":-1.79092526436,"var":338.862243652},"barkbands_skewness":{"dmean":0.722552895546,"dmean2":1.1983602047,"dvar":1.12613582611,"dvar2":2.92972922325,"max":21.6874160767,"mean":1.15419709682,"median":0.789707183838,"min":-2.42492794991,"var":2.0799677372},"barkbands_spread":{"dmean":12.8197927475,"dmean2":21.0874614716,"dvar":159.041564941,"dvar2":374.876678467,"max":128.715652466,"mean":57.2608833313,"median":59.0284004211,"min":1.08681535721,"var":365.491333008},"dissonance":{"dmean":0.008445257321,"dmean2":0.0145884286612,"dvar":0.0000777705281507,"dvar2":0.000206541022635,"max":0.500000059605,"mean":0.488429486752,"median":0.490992337465,"min":0.2259978652,"var":0.000101314923086},"dynamic_complexity":2.42463970184,"erbbands":{"dmean":[1.18361496925,2.04263663292,1.39075636864,1.26727890968,2.42688465118,2.68373799324,3.33946657181,5.7712726593,7.08719539642,9.33146286011,7.81028938293,8.05537891388,13.5427398682,20.3058261871,19.5723381042,62.1968421936,61.5372505188,38.9616394043,50.1391677856,45.9380607605,27.5100517273,24.9936923981,17.6166725159,14.2054491043,7.72276639938,3.77637672424,2.39253616333,1.7913377285,1.42943787575,1.01430237293,0.701379418373,0.974161684513,0.647999167442,0.0878514871001,0.0278522744775,0.140731826425,0.15748411417,0.0554844029248,0.0294582508504,0.0206911955029],"dmean2":[2.0423681736,3.43711686134,2.33811879158,2.1244366169,4.10118913651,4.456990242,5.35714960098,9.24737167358,11.6018590927,15.3427782059,12.8812799454,13.2053909302,22.7382183075,34.3670959473,32.7975997925,106.537788391,105.229766846,65.1118087769,83.7420425415,75.4467926025,45.1216697693,40.8683013916,28.3097133636,22.4194488525,11.9980831146,5.90640974045,3.71304249763,2.61977696419,1.9944306612,1.57275545597,1.1536283493,1.60365521908,1.06366443634,0.143180057406,0.045310921967,0.231674090028,0.261084526777,0.0808680579066,0.0402430854738,0.0324490144849],"dvar":[6.69394207001,11.3416557312,5.58709287643,3.4654545784,11.9173116684,30.6068687439,74.8092041016,313.10357666,442.988861084,1157.37524414,554.553955078,597.319091797,634.526855469,2741.84814453,850.178894043,9692.03125,12436.5898438,4797.68994141,6651.04589844,12927.6650391,1850.58044434,1006.17590332,607.432678223,682.196777344,144.096481323,34.2426948547,12.5988397598,9.1577796936,10.5956726074,10.3100948334,6.14793395996,16.6243572235,7.43377876282,0.0718966424465,0.00237593776546,0.350774109364,0.458360224962,0.0325559265912,0.00174013210926,0.000386198749766],"dvar2":[17.4813461304,28.5530490875,13.7512550354,8.4161901474,32.0594329834,69.936126709,157.541564941,630.912414551,1034.02209473,2809.17675781,1383.57995605,1417.4901123,1586.77758789,7657.43798828,2186.31982422,28510.546875,37457.2539062,11889.5546875,16836.7910156,28470.2011719,4742.06152344,2503.5324707,1454.47509766,1587.80493164,320.24331665,78.5537261963,28.9125213623,18.1458187103,20.1904582977,25.025604248,15.8189611435,41.6777534485,18.384563446,0.174906730652,0.00549115426838,0.865835905075,1.14867162704,0.0729757472873,0.00294630113058,0.00092022086028],"max":[20.1077976227,27.5179595947,135.090560913,70.2047805786,85.9150924683,262.642547607,362.008880615,1050.16662598,703.207519531,1482.02075195,959.748352051,922.812011719,640.283996582,1642.07910156,860.921569824,2870.6315918,3283.89282227,2196.6550293,2038.03039551,5395.63720703,1653.74255371,780.663818359,421.813171387,835.420898438,227.305664062,137.986190796,82.0536270142,65.4256896973,96.9900054932,64.9286193848,33.9259681702,62.4871788025,45.5295524597,4.06657648087,0.653359115124,9.76753234863,9.08003044128,3.15441226959,0.74199795723,0.358855098486],"mean":[0.994884073734,1.99384713173,1.73151886463,1.79132401943,3.56437349319,3.69137430191,4.85385274887,8.2222738266,10.7212486267,13.559176445,11.6948795319,12.6194162369,21.1047477722,33.9943504333,39.8997039795,114.430763245,119.675506592,82.8916625977,103.477157593,96.0869979858,60.9055099487,54.4488563538,36.5737609863,27.4120674133,15.7250118256,8.16659641266,5.39912939072,4.02436590195,2.65580534935,1.27174735069,0.723043978214,0.821861803532,0.54263150692,0.0829957351089,0.0294563993812,0.117234602571,0.131073266268,0.0894244015217,0.103515170515,0.0960911735892],"median":[0.278128445148,0.779624462128,0.986010670662,1.15019488335,2.27592515945,2.09289264679,2.2891702652,3.72691917419,4.51226711273,5.94129276276,5.67442655563,6.93396520615,14.4044342041,21.0873260498,30.478515625,88.886100769,92.960067749,61.9255523682,69.1972808838,62.5307579041,40.9292182922,41.2940635681,24.357257843,15.8645095825,9.10171699524,5.12977170944,3.6027097702,2.43743920326,1.18880581856,0.44690439105,0.214297950268,0.110327377915,0.0577524825931,0.0224717147648,0.0119155272841,0.0136534338817,0.0165437795222,0.035545937717,0.0791367590427,0.0892368108034],"min":[2.90857766591e-21,1.85050045019e-20,2.05089076969e-20,7.08707604697e-20,3.65931358244e-20,1.12315255657e-19,1.55347569266e-19,2.82642135238e-19,4.38186728586e-19,8.19106709389e-19,1.28907288993e-18,7.27041507212e-19,1.01601953575e-18,2.8644141715e-18,1.41443573068e-18,3.70513345594e-18,4.45879342847e-18,5.50729986239e-18,1.31433515127e-17,5.30847500804e-18,4.33575692979e-18,9.4184587799e-18,1.29782884487e-17,1.84978512636e-17,1.60850200107e-17,1.20109462172e-17,1.83984555869e-17,2.48371533744e-17,1.92838498622e-17,1.7177909234e-17,1.30433850813e-17,1.0517250764e-17,1.80173602438e-17,1.49720087919e-17,9.09249750618e-18,6.90903102943e-18,3.36052380889e-18,1.47848256775e-18,3.80140776666e-19,3.41714353342e-20],"var":[5.05291748047,10.3209991455,10.5721139908,5.40106058121,17.9433326721,46.705291748,157.362808228,608.763122559,980.311462402,1989.17419434,903.100402832,1191.29528809,860.09185791,4476.18701172,1753.83312988,16380.140625,19794.8339844,9258.29394531,13371.5488281,32172.4355469,4515.10107422,2250.45263672,1337.07421875,1276.41345215,343.440826416,85.9673919678,34.771320343,24.9305267334,21.2487506866,9.97836208344,4.76763439178,13.0036478043,5.98939704895,0.0623604767025,0.00263126334175,0.283531874418,0.359320104122,0.0411349087954,0.00824615545571,0.00201462488621]},"erbbands_crest":{"dmean":2.23399829865,"dmean2":3.78260135651,"dvar":4.1185965538,"dvar2":10.9510717392,"max":30.3194923401,"mean":8.1641368866,"median":7.54617404938,"min":2.16316556931,"var":8.66736888885},"erbbands_flatness_db":{"dmean":0.0212936997414,"dmean2":0.0325660072267,"dvar":0.000331379967974,"dvar2":0.000704304722603,"max":0.320605427027,"mean":0.163513064384,"median":0.163322746754,"min":0.0312686786056,"var":0.00148598349188},"erbbands_kurtosis":{"dmean":1.07354271412,"dmean2":1.78384304047,"dvar":1.05460488796,"dvar2":2.79692292213,"max":20.9624500275,"mean":2.19579410553,"median":2.04869937897,"min":-1.44186282158,"var":2.12843990326},"erbbands_skewness":{"dmean":0.337754577398,"dmean2":0.548044681549,"dvar":0.0766491666436,"dvar2":0.198936507106,"max":1.36873340607,"mean":-0.546823620796,"median":-0.56267029047,"min":-2.74532794952,"var":0.21702285111},"erbbands_spread":{"dmean":4.19128274918,"dmean2":6.71590852737,"dvar":19.2944583893,"dvar2":45.0781097412,"max":78.2910842896,"mean":17.1520862579,"median":15.5546016693,"min":3.47149133682,"var":59.1793289185},"gfcc":{"cov":[[11350.9482422,859.1328125,-409.161437988,101.507499695,366.613891602,-87.2015151978,194.029632568,-124.707626343,58.8597488403,34.4183578491,115.864845276,-25.1195888519,24.4559059143],[859.1328125,943.958068848,-151.778411865,-275.297241211,277.291259766,-119.737686157,51.9533004761,-81.0792160034,30.9518566132,-41.5658378601,67.0802612305,-86.9833068848,82.2486038208],[-409.161437988,-151.778411865,265.178955078,114.894752502,-80.0397720337,148.062271118,-59.1995544434,88.9294891357,-26.2905826569,46.1492500305,-5.51217365265,30.4685077667,-11.7602376938],[101.507499695,-275.297241211,114.894752502,289.735748291,-16.4405918121,32.6790313721,75.7899856567,46.0991592407,-0.15079253912,37.1450767517,1.01557099819,48.5354003906,-25.523065567],[366.613891602,277.291259766,-80.0397720337,-16.4405918121,200.33505249,-44.7298431396,80.4979476929,-20.9457378387,12.025929451,-21.7945556641,27.7649669647,-20.1561870575,37.0238189697],[-87.2015151978,-119.737686157,148.062271118,32.6790313721,-44.7298431396,182.661483765,-52.4165382385,71.910949707,-16.5943775177,17.6193828583,-3.86643743515,17.1996593475,-5.47669649124],[194.029632568,51.9533004761,-59.1995544434,75.7899856567,80.4979476929,-52.4165382385,177.653396606,-12.0693416595,34.1681556702,10.1754045486,3.70927214622,8.71690654755,2.43442034721],[-124.707626343,-81.0792160034,88.9294891357,46.0991592407,-20.9457378387,71.910949707,-12.0693416595,116.175994873,8.46756267548,29.703458786,12.9486074448,1.69438028336,-0.655636548996],[58.8597488403,30.9518566132,-26.2905826569,-0.15079253912,12.025929451,-16.5943775177,34.1681556702,8.46756267548,69.9973831177,21.2904472351,13.248087883,8.93533802032,-6.76820755005],[34.4183578491,-41.5658378601,46.1492500305,37.1450767517,-21.7945556641,17.6193828583,10.1754045486,29.703458786,21.2904472351,68.8222579956,22.6368408203,18.5666713715,2.24516010284],[115.864845276,67.0802612305,-5.51217365265,1.01557099819,27.7649669647,-3.86643743515,3.70927214622,12.9486074448,13.248087883,22.6368408203,60.5162658691,20.0362682343,9.7448720932],[-25.1195888519,-86.9833068848,30.4685077667,48.5354003906,-20.1561870575,17.1996593475,8.71690654755,1.69438028336,8.93533802032,18.5666713715,20.0362682343,57.8361778259,6.74387121201],[24.4559059143,82.2486038208,-11.7602376938,-25.523065567,37.0238189697,-5.47669649124,2.43442034721,-0.655636548996,-6.76820755005,2.24516010284,9.7448720932,6.74387121201,55.3765640259]],"icov":[[0.000136342918267,-0.000445884128567,0.000858492101543,-0.000631722679827,0.000186037344974,-0.000497899833135,0.000276332342764,-0.000135306676384,0.000292502430966,-0.000493279832881,0.000425793259637,-0.000432186905527,0.000339276564773],[-0.000445884128567,0.00679306313396,-0.00792417675257,0.00683405203745,-0.00524885114282,0.00388916744851,-0.00289046531543,0.0040602623485,-0.00397190079093,0.00371915078722,-0.00816903077066,0.00857924856246,-0.00460000801831],[0.000858492101543,-0.00792417675257,0.0218594707549,-0.0118130100891,0.00578451575711,-0.0110264495015,0.00664551695809,-0.00719819450751,0.0078431610018,-0.0102135194466,0.0120437042788,-0.0114359268919,0.00589866936207],[-0.000631722679827,0.00683405203745,-0.0118130100891,0.0144386691973,-0.00606168992817,0.00636515952647,-0.00654878560454,0.00164674245752,-0.00147790345363,0.00308060739189,-0.00602769711986,0.00240294309333,-0.000273088546237],[0.000186037344974,-0.00524885114282,0.00578451575711,-0.00606168992817,0.0150828948244,-0.00392942875624,-0.00257798400708,-0.00127790041734,0.00112698727753,0.00290144281462,-0.00166900642216,0.00102065969259,-0.00403670314699],[-0.000497899833135,0.00388916744851,-0.0110264495015,0.00636515952647,-0.00392942875624,0.014705164358,-0.000947140913922,-0.00244989059865,-0.00138008757494,0.00383089063689,-0.00228667538613,0.000446423509857,-0.000846360810101],[0.000276332342764,-0.00289046531543,0.00664551695809,-0.00654878560454,-0.00257798400708,-0.000947140913922,0.0124824037775,-0.00219778786413,-0.000969083805103,-0.00503227673471,0.00779176177457,-0.00595689052716,0.00305905356072],[-0.000135306676384,0.0040602623485,-0.00719819450751,0.00164674245752,-0.00127790041734,-0.00244989059865,-0.00219778786413,0.0183508340269,-0.00657743029296,0.00119155424181,-0.0107768252492,0.0136518580839,-0.00643281871453],[0.000292502430966,-0.00397190079093,0.0078431610018,-0.00147790345363,0.00112698727753,-0.00138008757494,-0.000969083805103,-0.00657743029296,0.0236902628094,-0.00993920024484,0.00620471779257,-0.0113126691431,0.0094135934487],[-0.000493279832881,0.00371915078722,-0.0102135194466,0.00308060739189,0.00290144281462,0.00383089063689,-0.00503227673471,0.00119155424181,-0.00993920024484,0.0286514107138,-0.0148188304156,0.00717711960897,-0.00802360568196],[0.000425793259637,-0.00816903077066,0.0120437042788,-0.00602769711986,-0.00166900642216,-0.00228667538613,0.00779176177457,-0.0107768252492,0.00620471779257,-0.0148188304156,0.0393563508987,-0.0251067634672,0.00963521003723],[-0.000432186905527,0.00857924856246,-0.0114359268919,0.00240294309333,0.00102065969259,0.000446423509857,-0.00595689052716,0.0136518580839,-0.0113126691431,0.00717711960897,-0.0251067634672,0.0448349416256,-0.0168029759079],[0.000339276564773,-0.00460000801831,0.00589866936207,-0.000273088546237,-0.00403670314699,-0.000846360810101,0.00305905356072,-0.00643281871453,0.0094135934487,-0.00802360568196,0.00963521003723,-0.0168029759079,0.0300985015929]],"mean":[23.9810142517,76.0286865234,-117.916221619,-10.1340866089,16.283454895,-11.3918972015,5.40857505798,-19.4662704468,4.03942632675,-7.17083883286,4.21255493164,-1.56518042088,-2.56510639191]},"hfc":{"dmean":71.5261001587,"dmean2":116.922538757,"dvar":7214.65722656,"dvar2":19055.2128906,"max":1121.99584961,"mean":276.097442627,"median":260.975036621,"min":1.21885817648e-16,"var":13278.5439453},"melbands":{"dmean":[0.00822223816067,0.00121193483938,0.000238056964008,0.000182766380021,0.000115319118777,0.000126820261357,0.00010950655269,0.0000938074299484,0.0000670290683047,0.0000489100966661,0.0000726862344891,0.000087960404926,0.0000656245902064,0.000118765427032,0.000216359971091,0.00010405908688,0.0000777717577876,0.0000884620967554,0.0000783570067142,0.0000474442422274,0.0000335419317707,0.0000283863555524,0.000023426633561,0.0000160686431627,0.0000119492506201,0.00000753175208956,0.00000377773517357,0.00000236981531998,0.0000018420894321,0.0000011215122413,0.00000113716487249,9.07440721676e-7,7.02024635757e-7,5.3364044561e-7,3.70008905293e-7,4.91022092319e-7,6.5431981966e-7,5.45195348423e-7,2.11667597227e-7,3.01972207239e-8],"dmean2":[0.0141316913068,0.00201288005337,0.000398604664952,0.0003055249108,0.000185474011232,0.000201957067475,0.000179966082214,0.00015409316984,0.000110699067591,0.0000805264426162,0.000122234152514,0.000148729945067,0.00011047872249,0.000202714916668,0.00037383462768,0.000175807159394,0.000130625165184,0.000148721592268,0.000130363565404,0.0000779076581239,0.0000555088590772,0.0000471691964776,0.0000384264167224,0.0000260583892668,0.0000190822374861,0.0000119189789984,0.00000594310995439,0.00000376385673917,0.00000294292863146,0.00000172131785803,0.00000169964630459,0.00000129478769395,0.00000103789591321,8.66684501943e-7,6.13281031292e-7,8.12221287561e-7,0.00000108493929929,8.96968856523e-7,3.48150564378e-7,4.9697145954e-8],"dvar":[0.000308813585434,0.0000030691860502,1.07218184553e-7,8.77883366002e-8,7.60947642675e-8,1.47098660364e-7,9.77414202907e-8,1.0202072076e-7,4.61373694804e-8,2.18041833477e-8,1.78741608181e-8,4.87529518978e-8,1.21862901992e-8,1.90483113727e-8,2.77450851627e-7,2.83341350382e-8,2.11624637814e-8,2.15221529487e-8,2.7796208002e-8,1.10214974924e-8,2.95479907209e-9,1.44494738397e-9,1.06425934732e-9,5.67828950526e-10,5.30737731541e-10,1.48296291913e-10,3.1791833055e-11,1.41949394947e-11,7.85236025508e-12,3.5261524603e-12,3.97756567266e-12,4.05176326518e-12,3.86260988472e-12,3.20887977648e-12,1.55750011412e-12,3.90313259144e-12,7.91673410855e-12,5.49215490794e-12,7.261630533e-13,2.5460423378e-15],"dvar2":[0.000804712064564,0.00000745231500332,2.65171706815e-7,2.20316096033e-7,1.62796027325e-7,2.9285328651e-7,2.31362747627e-7,2.465249338e-7,1.14312271648e-7,5.23653049811e-8,4.48750050452e-8,1.3621993844e-7,3.14330357298e-8,5.00524173219e-8,8.69274458637e-7,7.58664384648e-8,5.28440580183e-8,5.60814612527e-8,6.48551576887e-8,2.38452191326e-8,7.51803330701e-9,3.65619756693e-9,2.66089839052e-9,1.38675626538e-9,1.25725019284e-9,3.44796247109e-10,7.34204363972e-11,3.35932254236e-11,1.92308842462e-11,7.91984273302e-12,8.17335001763e-12,8.01232257625e-12,8.29643298506e-12,8.2336342605e-12,4.03527298382e-12,1.00200507613e-11,1.98886809799e-11,1.36755667554e-11,1.80447117751e-12,6.00795090828e-15],"max":[0.138090029359,0.0516448840499,0.0104906922206,0.0105915367603,0.0110709648579,0.0224993433803,0.00971971824765,0.0138975866139,0.00906831678003,0.00544590363279,0.00317743513733,0.00681478297338,0.00368504808284,0.00272300536744,0.0184610448778,0.00735273491591,0.00502891093493,0.00270148017444,0.00577948056161,0.00553812226281,0.00198045070283,0.000860640371684,0.00056849734392,0.000611502153333,0.000792441074736,0.000250178884016,0.000127165971207,0.000103599290014,0.0000513264312758,0.0000552725578018,0.000041999235691,0.0000619634665782,0.000032702133467,0.000042376552301,0.000017595521058,0.0000314641583827,0.0000465759621875,0.0000393561022065,0.0000120957902254,8.30199383017e-7],"mean":[0.00731181865558,0.00142044364475,0.000370197551092,0.000273263838608,0.000168844984728,0.000185040262295,0.000166357756825,0.000137415263453,0.0000991142951534,0.0000739338211133,0.000108956286567,0.000140474701766,0.000116268813144,0.000214922562009,0.000373093673261,0.00019940554921,0.000147177590406,0.000165728022694,0.000150942592882,0.0000958970849751,0.0000658771386952,0.00005705298463,0.0000427728264185,0.0000292083495879,0.0000214076553675,0.0000139402054629,0.00000757141197028,0.00000472795773021,0.00000373485931959,0.00000238941447606,0.00000231979151977,0.00000164903872246,9.84654093372e-7,5.86674275382e-7,3.90452811416e-7,4.37563159039e-7,5.33160743998e-7,4.48884065918e-7,1.82331035603e-7,3.16648467447e-8],"median":[0.00247046770528,0.000745902769268,0.000255401799222,0.000175223074621,0.0000832791556604,0.0000827240583021,0.0000718493611203,0.0000615723984083,0.00004741975863,0.0000404228630941,0.0000738060407457,0.0000856472179294,0.0000810621859273,0.0001700836292,0.000272355246125,0.000155117479153,0.000105229133624,0.000109573367808,0.00009569368558,0.0000636515178485,0.0000410536595155,0.0000420929427492,0.0000280430103885,0.0000180695205927,0.0000118956750157,0.0000077552294897,0.00000461995023215,0.00000290744901577,0.00000239940641222,0.00000149944435179,0.00000132022660182,7.21303308637e-7,3.466023486e-7,1.89595027678e-7,1.2316370146e-7,8.64722267124e-8,5.81531409694e-8,4.32144453555e-8,2.7309063455e-8,1.33414523873e-8],"min":[2.66916293764e-23,1.61974837517e-23,9.60324871681e-24,5.38719738607e-24,5.2853475546e-24,5.97878113941e-24,8.55090984696e-24,8.22384417135e-24,1.10859561755e-23,3.50662871867e-24,5.76375540601e-24,1.27001793689e-23,3.98519394784e-24,9.13986235475e-24,8.09882549509e-24,1.16517216947e-23,9.24614558451e-24,2.30918787833e-23,9.19882418539e-24,5.16235822302e-24,5.83652033034e-24,7.5546968528e-24,1.70777389259e-23,1.11860610467e-23,1.50653374018e-23,1.66128679277e-23,7.29788002967e-24,7.99155145604e-24,1.10302586513e-23,1.33099925145e-23,1.49248996503e-23,1.1640990031e-23,9.75477943037e-24,8.86384544604e-24,7.0767307635e-24,6.48716254977e-24,6.36392906574e-24,1.18887688747e-23,1.24704275746e-23,1.30055221818e-23],"var":[0.000235965882894,0.00000405933951697,1.80372381919e-7,1.36789481076e-7,1.52097285877e-7,3.02310667166e-7,2.06401196579e-7,1.79820432322e-7,8.16692207195e-8,3.91263235144e-8,2.37669510739e-8,7.89413121538e-8,2.25946052979e-8,3.32993614904e-8,4.22502239417e-7,4.572265766e-8,3.89622911712e-8,3.8460918006e-8,6.14650303987e-8,2.55629171164e-8,6.74336764206e-9,2.85720491711e-9,1.951516726e-9,1.08437625546e-9,9.15324205319e-10,3.06129233074e-10,7.56099211019e-11,3.20854731672e-11,1.85581688905e-11,8.35378034109e-12,9.58145455338e-12,8.17087369986e-12,5.09387410724e-12,2.59376656438e-12,1.20558652037e-12,2.9519158385e-12,6.14419105871e-12,4.36854979274e-12,5.83502213561e-13,2.78091398616e-15]},"melbands_crest":{"dmean":6.46837711334,"dmean2":10.5493774414,"dvar":31.144449234,"dvar2":70.7139587402,"max":39.7558860779,"mean":17.3712902069,"median":16.1224136353,"min":2.57896494865,"var":70.3178024292},"melbands_flatness_db":{"dmean":0.0391897074878,"dmean2":0.0632101520896,"dvar":0.00152260693721,"dvar2":0.00377323059365,"max":0.449958503246,"mean":0.202663198113,"median":0.195099592209,"min":0.00716875027865,"var":0.0031223136466},"melbands_kurtosis":{"dmean":7.79850006104,"dmean2":13.843870163,"dvar":490.097717285,"dvar2":1578.41003418,"max":574.679748535,"mean":5.37938213348,"median":0.146897673607,"min":-1.80888700485,"var":499.085327148},"melbands_skewness":{"dmean":1.13171064854,"dmean2":1.83896708488,"dvar":2.21530914307,"dvar2":5.60387039185,"max":22.405298233,"mean":1.58102655411,"median":1.16033124924,"min":-1.82823932171,"var":3.46549963951},"melbands_spread":{"dmean":11.2677078247,"dmean2":18.4512710571,"dvar":109.678443909,"dvar2":254.18989563,"max":164.686157227,"mean":39.4911422729,"median":40.955909729,"min":0.980852603912,"var":260.031616211},"mfcc":{"cov":[[6630.32470703,775.367614746,-311.360961914,439.040100098,-29.6085796356,259.217681885,36.412727356,88.5971984863,-60.2096443176,65.5246124268,22.7312145233,103.712364197,-7.30843353271],[775.367614746,1280.72485352,-404.792114258,-74.1080551147,99.3501739502,0.125428169966,39.5992927551,-72.6584091187,17.4971179962,-49.580821991,19.0480422974,-26.727148056,35.9710769653],[-311.360961914,-404.792114258,406.309539795,-76.8444824219,50.6819267273,1.89414477348,2.13293743134,24.2831668854,-1.99592602253,32.6276664734,5.69971513748,26.8567790985,-10.0263929367],[439.040100098,-74.1080551147,-76.8444824219,295.612762451,-56.6550750732,47.6106147766,50.4672164917,28.6112232208,16.6589126587,18.957529068,20.1130867004,12.4054508209,14.0272521973],[-29.6085796356,99.3501739502,50.6819267273,-56.6550750732,140.110473633,-7.31005191803,25.5346832275,9.93184375763,-2.61748027802,-2.59089016914,3.45189571381,-4.40245103836,11.8663806915],[259.217681885,0.125428169966,1.89414477348,47.6106147766,-7.31005191803,96.2560806274,20.6960716248,22.3292312622,7.98385667801,2.08638334274,-5.54358100891,11.7726564407,-4.98744821548],[36.412727356,39.5992927551,2.13293743134,50.4672164917,25.5346832275,20.6960716248,98.3110733032,22.5814247131,27.0871601105,5.25870895386,13.6428022385,-2.74723887444,9.19804954529],[88.5971984863,-72.6584091187,24.2831668854,28.6112232208,9.93184375763,22.3292312622,22.5814247131,76.5292205811,7.59329605103,23.6773033142,3.62907791138,7.15941953659,-0.660581171513],[-60.2096443176,17.4971179962,-1.99592602253,16.6589126587,-2.61748027802,7.98385667801,27.0871601105,7.59329605103,69.3956069946,14.839840889,11.8778419495,1.37613463402,3.40907239914],[65.5246124268,-49.580821991,32.6276664734,18.957529068,-2.59089016914,2.08638334274,5.25870895386,23.6773033142,14.839840889,57.0851478577,19.7985458374,13.2962884903,5.34252023697],[22.7312145233,19.0480422974,5.69971513748,20.1130867004,3.45189571381,-5.54358100891,13.6428022385,3.62907791138,11.8778419495,19.7985458374,50.6455726624,20.8265419006,14.3122034073],[103.712364197,-26.727148056,26.8567790985,12.4054508209,-4.40245103836,11.7726564407,-2.74723887444,7.15941953659,1.37613463402,13.2962884903,20.8265419006,51.6477050781,16.1232662201],[-7.30843353271,35.9710769653,-10.0263929367,14.0272521973,11.8663806915,-4.98744821548,9.19804954529,-0.660581171513,3.40907239914,5.34252023697,14.3122034073,16.1232662201,49.8246116638]],"icov":[[0.000229300043429,-0.000229137993301,-0.0000473574691569,-0.000373523595044,-0.00000614391274212,-0.000366814347217,0.000160113937454,-0.000164584896993,0.000372165639419,-0.000336507306201,0.000206305718166,-0.000459005328594,0.000327586370986],[-0.000229137993301,0.00192989513744,0.00203361432068,0.00122824101709,-0.00154403527267,-0.000432731467299,-0.0008526382735,0.00156159373,-0.000609019829426,0.000251794612268,-0.00110256124754,0.000414752867073,-0.000663771119434],[-0.0000473574691569,0.00203361432068,0.0053846668452,0.00187945808284,-0.00270752632059,-0.000844425114337,-0.001280209166,0.00134714483283,-0.0000316115438181,-0.00186716229655,-0.000437675480498,-0.00201161182486,0.000872883014381],[-0.000373523595044,0.00122824101709,0.00187945808284,0.0059996470809,0.00147943093907,-0.00152838276699,-0.00305016804487,0.000088846332801,-0.0000952183909249,-0.000520535337273,-0.00190491764806,0.000741245341487,-0.00182382727508],[-0.00000614391274212,-0.00154403527267,-0.00270752632059,0.00147943093907,0.0108481124043,0.000821591296699,-0.00257812184282,-0.00269745197147,0.00147464696784,0.00105462584179,-0.000229841680266,0.00185101130046,-0.00265567726456],[-0.000366814347217,-0.000432731467299,-0.000844425114337,-0.00152838276699,0.000821591296699,0.0143039049581,-0.00201123976149,-0.00299532036297,-0.001465760055,0.00173107627779,0.00411244807765,-0.00432072579861,0.0022182520479],[0.000160113937454,-0.0008526382735,-0.001280209166,-0.00305016804487,-0.00257812184282,-0.00201123976149,0.0158147066832,-0.00370646687225,-0.00454270606861,0.00253243278712,-0.00339962495491,0.00351831479929,-0.00143853668123],[-0.000164584896993,0.00156159373,0.00134714483283,0.000088846332801,-0.00269745197147,-0.00299532036297,-0.00370646687225,0.0188398752362,0.00034008800867,-0.00726960087195,0.0017342956271,-0.00108177342918,0.000979273463599],[0.000372165639419,-0.000609019829426,-0.0000316115438181,-0.0000952183909249,0.00147464696784,-0.001465760055,-0.00454270606861,0.00034008800867,0.018144113943,-0.00479638949037,-0.00164184509777,0.000414436944993,0.000470287108328],[-0.000336507306201,0.000251794612268,-0.00186716229655,-0.000520535337273,0.00105462584179,0.00173107627779,0.00253243278712,-0.00726960087195,-0.00479638949037,0.0264347009361,-0.00837345514446,-0.000206633660127,-0.00113628408872],[0.000206305718166,-0.00110256124754,-0.000437675480498,-0.00190491764806,-0.000229841680266,0.00411244807765,-0.00339962495491,0.0017342956271,-0.00164184509777,-0.00837345514446,0.0309922732413,-0.0114114312455,-0.00180817360524],[-0.000459005328594,0.000414752867073,-0.00201161182486,0.000741245341487,0.00185101130046,-0.00432072579861,0.00351831479929,-0.00108177342918,0.000414436944993,-0.000206633660127,-0.0114114312455,0.0303169321269,-0.00905627012253],[0.000327586370986,-0.000663771119434,0.000872883014381,-0.00182382727508,-0.00265567726456,0.0022182520479,-0.00143853668123,0.000979273463599,0.000470287108328,-0.00113628408872,-0.00180817360524,-0.00905627012253,0.0259595438838]],"mean":[-634.620361328,149.281433105,-57.4833831787,23.2351036072,14.1053199768,24.4186096191,8.31274223328,9.11635112762,1.51189231873,2.86194348335,4.69618082047,8.71465396881,2.22508001328]},"pitch_salience":{"dmean":0.107793673873,"dmean2":0.174225047231,"dvar":0.0109840044752,"dvar2":0.0249222461134,"max":0.91195744276,"mean":0.554856538773,"median":0.586488962173,"min":0.0133667504415,"var":0.020805278793},"silence_rate_20dB":{"dmean":0.00066247099312,"dmean2":0.0013250883203,"dvar":0.000662067381199,"dvar2":0.00198601698503,"max":1,"mean":0.999668776989,"median":1,"min":0,"var":0.000331002433086},"silence_rate_30dB":{"dmean":0.115049131215,"dmean2":0.230123668909,"dvar":0.101818747818,"dvar2":0.189101368189,"max":1,"mean":0.874365210533,"median":1,"min":0,"var":0.109864383936},"silence_rate_60dB":{"dmean":0.00066247099312,"dmean2":0.0013250883203,"dvar":0.000662070058752,"dvar2":0.0015443317825,"max":1,"mean":0.025723118335,"median":0,"min":0,"var":0.0250602383167},"spectral_centroid":{"dmean":181.07182312,"dmean2":283.310394287,"dvar":33010.2578125,"dvar2":69445.2421875,"max":10649.6298828,"mean":1800.43981934,"median":1755.32678223,"min":648.322021484,"var":160659.734375},"spectral_complexity":{"dmean":3.62459969521,"dmean2":5.7592754364,"dvar":9.18523406982,"dvar2":22.0359249115,"max":56,"mean":32.1768608093,"median":32,"min":0,"var":70.5186233521},"spectral_contrast_coeffs":{"dmean":[0.0517234988511,0.045603133738,0.0377774350345,0.0288724768907,0.0219773985445,0.0355383530259],"dmean2":[0.0867117196321,0.076992161572,0.0646428838372,0.0491157285869,0.0369357168674,0.0553954653442],"dvar":[0.00163327215705,0.00127817702014,0.000865369744133,0.000496423221193,0.000303542678012,0.000920861260965],"dvar2":[0.00447970302776,0.00353196565993,0.00245621125214,0.00143348053098,0.000824365473818,0.00232277181931],"max":[-0.466971576214,-0.485165953636,-0.585270106792,-0.598913192749,-0.607683181763,-0.521575212479],"mean":[-0.746164262295,-0.799976944923,-0.80489718914,-0.797664642334,-0.772630929947,-0.73354023695],"median":[-0.749993503094,-0.807112455368,-0.80688470602,-0.799768924713,-0.772404670715,-0.728214859962],"min":[-0.949373781681,-0.974598765373,-0.976903319359,-0.966159105301,-0.962123632431,-0.95923781395],"var":[0.0037364307791,0.00341215217486,0.00186557334382,0.00132784922607,0.00124202016741,0.00383362802677]},"spectral_contrast_valleys":{"dmean":[0.433997124434,0.351289063692,0.267511874437,0.207297757268,0.227846339345,0.551672518253],"dmean2":[0.702549755573,0.584044456482,0.452279984951,0.347399115562,0.347825407982,0.839353322983],"dvar":[0.132937893271,0.0877702385187,0.0606494508684,0.0442995801568,0.0721085891128,0.239430382848],"dvar2":[0.307784408331,0.213657200336,0.13761523366,0.085817091167,0.126725614071,0.549144804478],"max":[-4.8368973732,-5.04595470428,-5.34425115585,-5.30174255371,-5.49237632751,-8.52328395844],"mean":[-6.92086553574,-6.66584587097,-6.61419057846,-6.36876392365,-7.19027280807,-10.8918304443],"median":[-6.75802516937,-6.52672576904,-6.46075057983,-6.21613407135,-7.00826597214,-10.8060493469],"min":[-27.574382782,-26.8294658661,-27.1168994904,-27.1290836334,-27.1437549591,-27.3014640808],"var":[1.4883813858,1.1966906786,1.17259669304,1.24984133244,1.15506362915,1.01965808868]},"spectral_decrease":{"dmean":8.35284552636e-9,"dmean2":1.41830556188e-8,"dvar":2.80015513365e-16,"dvar2":7.20561399109e-16,"max":2.92312463124e-9,"mean":-9.56788248629e-9,"median":-5.13001285896e-9,"min":-1.32440263201e-7,"var":2.339519294e-16},"spectral_energy":{"dmean":0.0343788005412,"dmean2":0.0574995912611,"dvar":0.00446153106168,"dvar2":0.0113845998421,"max":0.579082667828,"mean":0.0611542761326,"median":0.0437543392181,"min":1.09735419882e-20,"var":0.0039652492851},"spectral_energyband_high":{"dmean":0.000698020390701,"dmean2":0.0010252778884,"dvar":9.41138750932e-7,"dvar2":0.00000196809401132,"max":0.0156089421362,"mean":0.00222004158422,"median":0.00179287407082,"min":8.0405493676e-21,"var":0.00000303958540826},"spectral_energyband_low":{"dmean":0.0284749995917,"dmean2":0.0487316101789,"dvar":0.00356107391417,"dvar2":0.00925210956484,"max":0.469597667456,"mean":0.0272946245968,"median":0.0109498780221,"min":1.37854516038e-22,"var":0.00277126557194},"spectral_energyband_middle_high":{"dmean":0.00364964222535,"dmean2":0.00591705786064,"dvar":0.0000266579099844,"dvar2":0.0000734886925784,"max":0.136918216944,"mean":0.0136795388535,"median":0.0112361945212,"min":1.63893559915e-21,"var":0.0000887551505002},"spectral_energyband_middle_low":{"dmean":0.00201069493778,"dmean2":0.00321244401857,"dvar":0.000011572908079,"dvar2":0.0000259393182205,"max":0.11567106843,"mean":0.00483036972582,"median":0.00322304293513,"min":2.04626429359e-22,"var":0.0000301441832562},"spectral_entropy":{"dmean":0.101172558963,"dmean2":0.153784886003,"dvar":0.0099790096283,"dvar2":0.0209268331528,"max":9.80942630768,"mean":7.72163057327,"median":7.72997379303,"min":6.67788887024,"var":0.0526581257582},"spectral_flux":{"dmean":0.0479433648288,"dmean2":0.0817902162671,"dvar":0.00554652092978,"dvar2":0.0138177806512,"max":0.620092213154,"mean":0.153676137328,"median":0.131793171167,"min":1.04754677155e-10,"var":0.00729015097022},"spectral_kurtosis":{"dmean":5.57798528671,"dmean2":8.45803260803,"dvar":36.3253898621,"dvar2":81.69947052,"max":98.8005065918,"mean":28.4945983887,"median":27.1954612732,"min":-1.22937750816,"var":134.786239624},"spectral_rms":{"dmean":0.00171005725861,"dmean2":0.00273813121021,"dvar":0.00000659111447021,"dvar2":0.0000156415280799,"max":0.0237688608468,"mean":0.00709825381637,"median":0.00653354125097,"min":3.27198641445e-12,"var":0.00000927739893086},"spectral_rolloff":{"dmean":3446.90063477,"dmean2":6566.93017578,"dvar":45366312,"dvar2":103534224,"max":22050,"mean":18100.3886719,"median":20714.9414062,"min":43.06640625,"var":42619768},"spectral_skewness":{"dmean":0.385074138641,"dmean2":0.580423414707,"dvar":0.157946407795,"dvar2":0.339451670647,"max":8.07466983795,"mean":3.70079445839,"median":3.62218046188,"min":0.0385287441313,"var":0.739390671253},"spectral_spread":{"dmean":430709.28125,"dmean2":661224.875,"dvar":387430154240,"dvar2":668706799616,"max":41975748,"mean":3640447.25,"median":3472854,"min":1955903,"var":1040360734720},"spectral_strongpeak":{"dmean":1.99336087704,"dmean2":3.7894346714,"dvar":50.5005531311,"dvar2":145.825012207,"max":77.0675582886,"mean":1.33871221542,"median":0.140701979399,"min":0,"var":30.6058292389},"zerocrossingrate":{"dmean":0.040693230927,"dmean2":0.0536046102643,"dvar":0.00132917065639,"dvar2":0.00217228312977,"max":0.53662109375,"mean":0.329734742641,"median":0.3349609375,"min":0.03125,"var":0.00556970247999}},"metadata":{"audio_properties":{"analysis_sample_rate":44100,"bit_rate":238775,"codec":"mp3","downmix":"mix","equal_loudness":0,"length":210.286773682,"lossless":false,"md5_encoded":"20441850d551a18dbe093b1aef0cdb18","replay_gain":-3.83096694946,"sample_rate":44100},"tags":{"album":["Show No Mercy"],"albumartist":["Slayer"],"albumartistsort":["Slayer"],"artist":["Slayer"],"artists":["Slayer"],"artistsort":["Slayer"],"asin":["B00004SFHY"],"barcode":["5020083100720"],"catalognumber":["CD ZORRO 7"],"composer":["Kerry King","Jeff Hanneman"],"date":["1984"],"file_name":"10 - Crionics.mp3","label":["Metal Blade Records"],"lyricist":["Kerry King","Jeff Hanneman"],"media":["CD"],"musicbrainz album release country":["GB"],"musicbrainz album status":["official"],"musicbrainz album type":["album"],"musicbrainz disc id":["yatNfVRCmmeNO_TpyLAgN9Sp06M-"],"musicbrainz release track id":["3ed2d777-0287-37f1-ba8d-c6118370082b"],"musicbrainz_albumartistid":["bdacc37b-8633-4bf8-9dd5-4662ee651aec"],"musicbrainz_albumid":["694f3ae9-d1e9-4141-bf76-a0c2851d0b05"],"musicbrainz_artistid":["bdacc37b-8633-4bf8-9dd5-4662ee651aec"],"musicbrainz_recordingid":["0b8d13b7-e1b4-4ffb-809e-d47fd43dda52"],"musicbrainz_releasegroupid":["d8070bff-c9e8-30fe-8e90-6313bb1586d0"],"musicbrainz_workid":["17d47e23-227f-3392-b373-ed72689d47e7"],"originaldate":["1983"],"script":["Latn"],"title":["Crionics"],"tracknumber":["10/12"],"work":["Crionics"]},"version":{"essentia":"2.1-beta1","essentia_build_sha":"ca57ba49d9b1854bd80e60cf9ccf267278fb7d6b","essentia_git_sha":"v2.1_beta1-28-g21ef5f4-dirty","extractor":"music 1.0"}},"rhythm":{"beats_count":570,"beats_loudness":{"dmean":0.0274599362165,"dmean2":0.0487865246832,"dvar":0.000797118351329,"dvar2":0.00230001658201,"max":0.240111514926,"mean":0.0626561939716,"median":0.0568592622876,"min":1.18492513579e-8,"var":0.000997469178401},"beats_loudness_band_ratio":{"dmean":[0.176699116826,0.0277364142239,0.027822881937,0.0692063570023,0.0659421533346,0.096483297646],"dmean2":[0.315963804722,0.0503911338747,0.0496452711523,0.121381521225,0.122793450952,0.174524411