{"lowlevel":{"average_loudness":0.857959210873,"barkbands":{"dmean":[0.000443714961875,0.00267519149929,0.00320597109385,0.00108934170566,0.00171844835859,0.00120887870435,0.000883449218236,0.000905333668925,0.00137068517506,0.000687560532242,0.00035101827234,0.000337072502589,0.000409215514082,0.000263289810391,0.000309208582621,0.000226607779041,0.000203658870305,0.000134735615575,0.000124813377624,0.000117594376206,0.000114781498269,0.0000904489497771,0.0000680275334162,0.0000672759560985,0.0000473541476822,0.0000289300860459,0.000024080665753],"dmean2":[0.000738753878977,0.00446467660367,0.00574264815077,0.00187785341404,0.00283738342114,0.00207542139105,0.00150493532419,0.00151246262249,0.00217222725041,0.00109987764154,0.000583730638027,0.000554297002964,0.000679677876178,0.000427187769674,0.000503250514157,0.000367466360331,0.000328527064994,0.000221650116146,0.000207299090107,0.000192282954231,0.000179297552677,0.000142078031786,0.000100170262158,0.0000952438349486,0.0000653137394693,0.0000425661455665,0.0000368837208953],"dvar":[5.25862333234e-7,0.0000521780930285,0.0000937825461733,0.00000581516496823,0.0000158912371262,0.00000494568621434,0.00000430468162449,0.00000452631047665,0.00000960100351222,0.00000277029539575,0.00000100828481209,0.00000146226284414,0.00000152162965605,4.25769258072e-7,4.13335214944e-7,2.65637652319e-7,1.83838153589e-7,6.86452921173e-8,5.1148290936e-8,5.19564942181e-8,5.40415996397e-8,3.07393754895e-8,2.83726162564e-8,3.17925241688e-8,1.90206943529e-8,3.79494213831e-9,3.96820842852e-9],"dvar2":[0.00000133131391067,0.000136797287269,0.00026670252555,0.0000157670183398,0.0000410117318097,0.0000134877736855,0.0000122695437312,0.000011903779523,0.0000235587249335,0.00000693178617439,0.00000268817052529,0.00000397004987462,0.00000412586769016,0.00000110740086257,0.00000104165883386,6.34237210306e-7,4.55867308347e-7,1.76518952344e-7,1.35366192922e-7,1.36076067747e-7,1.27069199607e-7,7.29605957872e-8,5.73624880928e-8,6.45949569389e-8,3.54121851842e-8,8.11387490529e-9,9.0407406006e-9],"max":[0.00691885035485,0.0801391154528,0.103718183935,0.0437100417912,0.0725828558207,0.03557510674,0.0336101017892,0.0419962778687,0.0812610387802,0.0466333590448,0.0305851586163,0.0322884656489,0.0326677337289,0.0214792657644,0.014893389307,0.0147332642227,0.0124010695145,0.00573167484254,0.00693346653134,0.00615082867444,0.00437782984227,0.00566354440525,0.0079741673544,0.00564830331132,0.00436218781397,0.000971333531197,0.000914434029255],"mean":[0.000443851546152,0.00387638597749,0.00347921065986,0.00182118930388,0.00357370055281,0.00179002096411,0.00165628036484,0.00165399082471,0.0032590222545,0.00130848935805,0.000503250572365,0.000512900063768,0.000648426881526,0.000421508186264,0.000476033426821,0.000367587577784,0.000357806071406,0.00022498065664,0.00022252627241,0.000205921605811,0.00019709514163,0.00016028159007,0.000121700191812,0.000116873903607,0.0000852115917951,0.0000389578090108,0.0000256029106822],"median":[0.000116676310427,0.00114675494842,0.000603065011092,0.000424544326961,0.00230108085088,0.00102736358531,0.000849284522701,0.00061039510183,0.00105047691613,0.000442087068222,0.000137331953738,0.000115687391371,0.000170141502167,0.000127115883515,0.000183058204129,0.000139780036989,0.000140360265505,0.0000863262685016,0.000100053264759,0.0000879887666088,0.000088732878794,0.0000666473133606,0.0000473199033877,0.0000416017355747,0.0000265122762357,0.0000124397147374,0.00000482771156385],"min":[5.8090454883e-23,7.08476925612e-23,1.57973435238e-23,1.80912121967e-23,2.76969032269e-23,3.28912146553e-23,5.81348361976e-24,1.32155216879e-23,6.62446134486e-23,4.61140411952e-23,1.18935750887e-22,1.47869313489e-22,3.67580719732e-23,1.38258387578e-22,1.03966250618e-22,8.61576462634e-23,2.24955488483e-22,1.84532387677e-22,2.63314146611e-22,2.99028921638e-22,6.61788666253e-22,4.83191466079e-22,5.43328920348e-22,8.47651818101e-22,1.1738961128e-21,1.6551305475e-21,2.50139195093e-21],"var":[6.16789748165e-7,0.0000512236474606,0.0000723500925233,0.0000115115171866,0.0000214136616705,0.00000617575688011,0.0000055719779084,0.00000852713310451,0.0000310918840114,0.00000669102473694,0.00000168317365024,0.00000241603538598,0.00000294787946586,8.32003763662e-7,7.49186938265e-7,5.43551209375e-7,4.04912526619e-7,1.39423960377e-7,1.12523885321e-7,1.18481395361e-7,9.42843954022e-8,6.9809836134e-8,6.40067767677e-8,6.62212116254e-8,5.25422549913e-8,5.29469490473e-9,4.31715152516e-9]},"barkbands_crest":{"dmean":2.16669464111,"dmean2":3.54969167709,"dvar":4.3829741478,"dvar2":11.5158672333,"max":25.8363323212,"mean":10.1863508224,"median":9.23709583282,"min":2.14641904831,"var":20.8619327545},"barkbands_flatness_db":{"dmean":0.0216380357742,"dmean2":0.0321636646986,"dvar":0.000431620021118,"dvar2":0.000903580570593,"max":0.577464520931,"mean":0.143245369196,"median":0.113998807967,"min":0.0163007304072,"var":0.0101750232279},"barkbands_kurtosis":{"dmean":3.1633887291,"dmean2":4.99204540253,"dvar":31.0278930664,"dvar2":71.3587493896,"max":129.030853271,"mean":5.68076038361,"median":2.35000443459,"min":-1.87173318863,"var":102.814239502},"barkbands_skewness":{"dmean":0.533957004547,"dmean2":0.82939261198,"dvar":0.355700343847,"dvar2":0.827022850513,"max":8.84404754639,"mean":1.60884475708,"median":1.39536690712,"min":-4.14748334885,"var":1.5329515934},"barkbands_spread":{"dmean":5.476334095,"dmean2":8.03757190704,"dvar":43.6899261475,"dvar2":84.8931884766,"max":97.3457641602,"mean":19.5373764038,"median":17.6508483887,"min":0.249355047941,"var":177.528015137},"dissonance":{"dmean":0.0255129821599,"dmean2":0.0427328981459,"dvar":0.000831306446344,"dvar2":0.00235485984012,"max":0.5,"mean":0.443968296051,"median":0.462262988091,"min":0.0618803240359,"var":0.00320562440902},"dynamic_complexity":2.93004536629,"erbbands":{"dmean":[0.0438405647874,0.752030313015,3.34423303604,3.6955909729,4.41642189026,6.07220077515,8.84906005859,9.96553421021,11.2429380417,16.4758834839,19.9973316193,35.7882652283,16.0792694092,20.6182994843,13.1845293045,14.9262561798,18.4773769379,12.1182470322,17.1502037048,11.5622615814,13.2982902527,9.19404315948,8.05504322052,5.64836168289,6.922727108,5.21249771118,4.3384346962,4.48743581772,3.47900009155,2.42443108559,1.9641520977,1.31868457794,1.17012107372,0.642082452774,0.297186940908,0.111733205616,0.0596211440861,0.0175525322556,0.00362327601761,0.000307032285491],"dmean2":[0.0746219456196,1.25363206863,5.93062734604,6.53618526459,7.48376607895,9.92550373077,14.8190164566,17.3874053955,19.0487537384,28.0803871155,32.6528511047,56.6904678345,25.7145233154,33.3708152771,21.8722801208,24.57371521,30.6844177246,19.6089706421,27.9173870087,18.3273925781,21.54945755,14.5577812195,13.163020134,9.55586624146,11.3409729004,8.47076702118,6.99637365341,6.98607110977,5.5109629631,3.75229167938,2.86428117752,1.89599847794,1.66396224499,0.903313279152,0.41408893466,0.161163002253,0.0891569107771,0.0266569294035,0.00555014424026,0.000471958424896],"dvar":[0.0140772918239,4.28300380707,103.56162262,85.6359100342,137.593948364,170.023956299,341.49508667,357.761352539,636.085266113,1718.08947754,2177.1003418,6439.03222656,2567.1862793,2337.32128906,1397.36437988,3072.90869141,3249.85668945,964.619812012,1187.7767334,1037.41906738,895.175476074,307.447235107,238.57824707,121.125984192,162.50579834,98.3226013184,78.0994415283,79.9924087524,43.6227340698,30.0082263947,24.411075592,10.5350294113,10.840388298,4.15580034256,0.651982724667,0.0612803064287,0.0162778999656,0.00158634746913,0.0000916575809242,6.51763627957e-7],"dvar2":[0.037612259388,11.2884569168,291.629577637,242.862854004,381.446136475,410.905517578,909.729553223,1010.18481445,1763.8338623,4861.21630859,5616.47949219,15739.4589844,6445.95898438,6015.90673828,3799.40014648,8435.86621094,9009.97949219,2442.03491211,3077.46899414,2359.01611328,2187.08862305,739.066467285,607.602355957,342.435302734,408.236419678,251.454498291,199.133087158,184.344497681,106.430183411,66.0764007568,48.2822418213,21.464717865,21.9483890533,8.14089298248,1.21627140045,0.126144200563,0.0355021320283,0.00361203821376,0.000209049743717,0.00000148351182361],"max":[1.23532247543,22.7463874817,100.098579407,118.696578979,214.645675659,226.13343811,264.030822754,365.003997803,464.46762085,778.801635742,762.30847168,2128.52075195,1804.74157715,1733.29455566,1354.97949219,1591.73461914,1571.61218262,1134.67333984,901.945861816,880.240966797,1128.20825195,400.806335449,350.290344238,208.906738281,462.774810791,274.345306396,132.264450073,150.587722778,140.832214355,259.813293457,230.989944458,79.9040603638,108.013969421,54.9979095459,28.6062889099,7.13261270523,1.94490528107,0.651417791843,0.145698994398,0.011059124954],"mean":[0.0579540878534,1.07377946377,3.93286132812,5.22510766983,8.30080795288,12.9038629532,14.2806310654,14.831609726,20.8510856628,34.2582130432,40.1144371033,87.7298812866,32.2914505005,38.4981231689,21.4681625366,24.2131137848,30.772901535,21.4281005859,28.5313644409,19.0988388062,22.9145202637,17.7443599701,14.3461990356,9.65410137177,13.0089225769,9.3541469574,7.36405801773,7.72357416153,5.97540426254,4.3745265007,3.47023248672,2.34205532074,1.97058367729,1.13130605221,0.519171833992,0.174080774188,0.0755565166473,0.0201181285083,0.00394301256165,0.000340746890288],"median":[0.0182370357215,0.310769349337,0.939455389977,1.51414585114,4.03930187225,7.87160968781,8.30069065094,8.25958824158,11.4783420563,14.9096469879,18.6408882141,29.2026100159,12.1516265869,14.509103775,7.98127269745,5.4351811409,8.19664287567,7.11006307602,10.7345581055,8.00825214386,8.13569831848,7.61238622665,5.80552768707,4.36901950836,5.9069852829,4.1222410202,3.28795790672,3.34580230713,2.51070141792,1.68132638931,1.39930701256,0.896100878716,0.645354926586,0.319291055202,0.177038043737,0.0633291006088,0.0233667250723,0.0047849630937,0.000784366275184,0.0000924518681131],"min":[3.35369595316e-21,1.16596099504e-20,1.25538495459e-20,4.89941435572e-20,6.18518551546e-20,1.19883389575e-19,1.87818906103e-19,2.56263009461e-19,6.92990979188e-20,2.13377494561e-19,6.24438179127e-19,1.5807032731e-18,1.08324202259e-18,2.86688930269e-18,6.27487963026e-18,4.08625237368e-18,1.91195043773e-18,5.50162416261e-18,4.51153777304e-18,7.17574714614e-18,5.12584635009e-18,1.34425675557e-17,1.01043892039e-17,1.74031455517e-17,1.09828740396e-17,1.3073519271e-17,2.15648417604e-17,2.79119326037e-17,1.66904550078e-17,1.88661203442e-17,1.53780982244e-17,1.58081361899e-17,1.45083145015e-17,1.38167799289e-17,8.10705821729e-18,5.60356011104e-18,3.71509188333e-18,1.21248154868e-18,3.22542019265e-19,3.87273361218e-20],"var":[0.0133169563487,4.05960798264,79.6005783081,103.46786499,162.586227417,277.57333374,398.268035889,454.70300293,863.326171875,2856.13110352,4040.2019043,22416.09375,5804.68554688,5474.69970703,2290.42724609,5131.67382812,6245.47412109,2094.87353516,2366.81713867,1770.27832031,2141.4284668,856.691955566,539.231994629,188.372573853,410.99508667,226.355911255,124.20791626,150.604995728,89.6742630005,74.5826416016,52.5917205811,22.0376739502,22.8966178894,10.4930534363,1.74862158298,0.109583415091,0.0207304172218,0.00187267479487,0.000101691424788,6.89118053288e-7]},"erbbands_crest":{"dmean":2.44737696648,"dmean2":3.98652291298,"dvar":5.86140584946,"dvar2":14.912191391,"max":31.5060348511,"mean":10.6988487244,"median":8.83405017853,"min":2.33769488335,"var":38.351688385},"erbbands_flatness_db":{"dmean":0.0191763974726,"dmean2":0.0275461748242,"dvar":0.000363325700164,"dvar2":0.000684311438818,"max":0.58239620924,"mean":0.168922796845,"median":0.144601434469,"min":0.0442768521607,"var":0.00861566048115},"erbbands_kurtosis":{"dmean":1.50934112072,"dmean2":2.32684278488,"dvar":11.7267379761,"dvar2":24.0491313934,"max":98.1515045166,"mean":2.36147165298,"median":0.117627739906,"min":-1.83016002178,"var":61.8740272522},"erbbands_skewness":{"dmean":0.405360072851,"dmean2":0.617455124855,"dvar":0.175353690982,"dvar2":0.38237825036,"max":8.18258857727,"mean":0.782209992409,"median":0.549801588058,"min":-3.37249684334,"var":1.33414614201},"erbbands_spread":{"dmean":7.9074420929,"dmean2":11.9579439163,"dvar":84.8268127441,"dvar2":177.540756226,"max":170.497451782,"mean":35.8796730042,"median":32.8878135681,"min":0.682215809822,"var":459.937194824},"gfcc":{"cov":[[10210.2890625,-2720.79370117,-1352.15527344,1843.20288086,1335.86462402,904.372558594,-247.199905396,182.866485596,-225.858352661,274.266693115,-21.5736560822,323.276641846,-137.999969482],[-2720.79370117,2282.98046875,502.768218994,-454.767089844,101.013969421,-193.068222046,48.6715583801,-22.3640556335,73.2604064941,-192.776809692,67.3839492798,-34.7943763733,63.3759880066],[-1352.15527344,502.768218994,1059.77746582,-245.468048096,-33.0304870605,-120.960411072,82.929725647,-31.629404068,8.30922412872,-40.1386985779,-40.6116333008,-78.0204162598,-20.8730945587],[1843.20288086,-454.767089844,-245.468048096,1014.88903809,365.416503906,375.796051025,-39.5750846863,78.6720581055,2.57604885101,132.573577881,69.4564056396,91.9276733398,-48.593837738],[1335.86462402,101.013969421,-33.0304870605,365.416503906,584.049438477,205.151397705,-26.9518642426,52.5555725098,-26.7296676636,-3.20301103592,9.3726568222,74.7289428711,-9.82907962799],[904.372558594,-193.068222046,-120.960411072,375.796051025,205.151397705,276.450012207,29.5497245789,53.8567962646,-11.1906604767,45.5087890625,26.0362052917,42.3475799561,-22.2598972321],[-247.199905396,48.6715583801,82.929725647,-39.5750846863,-26.9518642426,29.5497245789,180.171356201,34.3585014343,29.937335968,-8.7283039093,-3.86325454712,-36.2717857361,-31.8995723724],[182.866485596,-22.3640556335,-31.629404068,78.6720581055,52.5555725098,53.8567962646,34.3585014343,128.644958496,52.5677528381,40.3610610962,3.11281108856,-5.65030956268,-15.2518749237],[-225.858352661,73.2604064941,8.30922412872,2.57604885101,-26.7296676636,-11.1906604767,29.937335968,52.5677528381,158.376083374,48.2824821472,-0.774594843388,-26.1373996735,-10.4902114868],[274.266693115,-192.776809692,-40.1386985779,132.573577881,-3.20301103592,45.5087890625,-8.7283039093,40.3610610962,48.2824821472,128.161026001,49.9009132385,18.4053077698,-21.7122936249],[-21.5736560822,67.3839492798,-40.6116333008,69.4564056396,9.3726568222,26.0362052917,-3.86325454712,3.11281108856,-0.774594843388,49.9009132385,124.175834656,69.8599777222,1.04049551487],[323.276641846,-34.7943763733,-78.0204162598,91.9276733398,74.7289428711,42.3475799561,-36.2717857361,-5.65030956268,-26.1373996735,18.4053077698,69.8599777222,115.786148071,36.4219093323],[-137.999969482,63.3759880066,-20.8730945587,-48.593837738,-9.82907962799,-22.2598972321,-31.8995723724,-15.2518749237,-10.4902114868,-21.7122936249,1.04049551487,36.4219093323,81.9608764648]],"icov":[[0.000388124753954,0.000348406843841,0.000231787518715,-0.000108951848233,-0.000726470083464,-0.000121765035146,0.00018388130411,-0.0000891837116797,0.000243358241278,-0.000161617484991,0.000469827005873,-0.000541103479918,0.000536131148692],[0.000348406843841,0.00116685696412,-0.0000933882329264,0.000104697915958,-0.00114799721632,0.0000929205853026,0.000334559736075,-0.00026107870508,-0.000614028773271,0.0016407239018,-0.00162484799512,0.000686138519086,-0.000236386273173],[0.000231787518715,-0.0000933882329264,0.00135324581061,-0.00000995855043584,-0.000582208042033,0.000355613272404,-0.000532778096385,0.000341027684044,0.000522091519088,-0.0009341466357,0.000928324880078,-0.000126043334603,0.000547654170077],[-0.000108951848233,0.000104697915958,-0.00000995855043584,0.00255140499212,-0.000428091909271,-0.00263386592269,0.000841292261612,0.000185221942957,-0.000424673577072,-0.000851953343954,-0.00058340682881,0.0000328319838445,0.00055376382079],[-0.000726470083464,-0.00114799721632,-0.000582208042033,-0.000428091909271,0.00456624384969,-0.00133646186441,0.000335013435688,-0.000711226311978,-0.000131498323753,0.000847720250022,0.00114464154467,-0.00174190977123,0.000412372435676],[-0.000121765035146,0.0000929205853026,0.000355613272404,-0.00263386592269,-0.00133646186441,0.00949107483029,-0.00284025957808,-0.00121636118274,0.00124961242545,-0.000464601587737,-0.0000494709565828,-0.000321825500578,-0.000481766473968],[0.00018388130411,0.000334559736075,-0.000532778096385,0.000841292261612,0.000335013435688,-0.00284025957808,0.00802806485444,-0.00182391377166,-0.00134835764766,0.00262305187061,-0.00182076299097,0.00143919570837,0.00237381947227],[-0.0000891837116797,-0.00026107870508,0.000341027684044,0.000185221942957,-0.000711226311978,-0.00121636118274,-0.00182391377166,0.0110901668668,-0.0025839980226,-0.0030167310033,0.00106566387694,0.000426274869824,-0.000146248858073],[0.000243358241278,-0.000614028773271,0.000522091519088,-0.000424673577072,-0.000131498323753,0.00124961242545,-0.00134835764766,-0.0025839980226,0.00983301736414,-0.00537138711661,0.00241372711025,0.000646994623821,-0.000398858595872],[-0.000161617484991,0.0016407239018,-0.0009341466357,-0.000851953343954,0.000847720250022,-0.000464601587737,0.00262305187061,-0.0030167310033,-0.00537138711661,0.0179903712124,-0.00913069956005,0.00231047719717,0.00131872110069],[0.000469827005873,-0.00162484799512,0.000928324880078,-0.00058340682881,0.00114464154467,-0.0000494709565828,-0.00182076299097,0.00106566387694,0.00241372711025,-0.00913069956005,0.0213464349508,-0.0146156819537,0.00566554628313],[-0.000541103479918,0.000686138519086,-0.000126043334603,0.0000328319838445,-0.00174190977123,-0.000321825500578,0.00143919570837,0.000426274869824,0.000646994623821,0.00231047719717,-0.0146156819537,0.0239776559174,-0.0108859008178],[0.000536131148692,-0.000236386273173,0.000547654170077,0.00055376382079,0.000412372435676,-0.000481766473968,0.00237381947227,-0.000146248858073,-0.000398858595872,0.00131872110069,0.00566554628313,-0.0108859008178,0.0196333806962]],"mean":[-5.04275941849,83.7054672241,-102.451896667,10.4348592758,-67.9631652832,2.58522939682,-34.1716957092,5.21763515472,-18.6722164154,0.096970975399,-19.5430545807,-5.70133113861,-10.5552749634]},"hfc":{"dmean":6.51175069809,"dmean2":10.0451745987,"dvar":89.8895568848,"dvar2":216.600952148,"max":126.124328613,"mean":20.4197063446,"median":15.5527515411,"min":1.19515356241e-16,"var":300.625152588},"melbands":{"dmean":[0.000575514452066,0.00150153890718,0.000629749614745,0.000387962616514,0.000288813258521,0.000218930537812,0.000176966073923,0.000184752076166,0.000192628765944,0.000203547737328,0.0000797124157543,0.0000883059765329,0.0000492730650876,0.0000382222133339,0.0000441777556262,0.0000350985646946,0.0000237821768678,0.0000284907728201,0.0000189956099348,0.0000139353178383,0.0000178077334567,0.0000101561308838,0.0000112037632789,0.00000581365657126,0.00000470699387733,0.0000054431125136,0.00000543662599739,0.00000308036146635,0.00000264694108409,0.00000315516490446,0.00000263202718997,0.00000208849746741,0.00000173608214027,0.00000129622901568,0.0000012957408444,9.56237386163e-7,7.77527191076e-7,8.46639181873e-7,7.47649380628e-7,5.12948474807e-7],"dmean2":[0.000961158948485,0.00262404303066,0.00110574264545,0.000638872617856,0.000481696421048,0.000380368583137,0.000299983541481,0.000314065779094,0.00031069398392,0.000323544838466,0.000127542691189,0.000142824937939,0.0000820324712549,0.0000630625363556,0.0000728549784981,0.0000580237356189,0.0000385394050681,0.0000464052063762,0.0000306714755425,0.0000222144353756,0.0000290247335215,0.0000163029908435,0.0000182419062185,0.0000096396133813,0.00000809172797744,0.00000902231840882,0.00000894449840416,0.00000505162324771,0.00000437495964434,0.0000049926175052,0.00000417798855779,0.00000336665061695,0.00000277961703432,0.00000202654678105,0.00000194188032765,0.00000140448378261,0.00000113837324989,0.00000123371285099,0.00000108013659883,7.43555801819e-7],"dvar":[0.00000234196204474,0.0000201432030735,0.00000222399739869,0.00000107749065137,3.12346884357e-7,1.67575251453e-7,1.61255428566e-7,2.12648714637e-7,1.84012776572e-7,2.05916805385e-7,6.49678923992e-8,4.42733849582e-8,2.16748450299e-8,1.84858812702e-8,1.92215985351e-8,1.01901571625e-8,3.9322092249e-9,3.42614936422e-9,1.8216160802e-9,1.31602895248e-9,1.79082582097e-9,4.4813380784e-10,4.87932860782e-10,1.24284499359e-10,9.0676632869e-11,9.59463411498e-11,1.30198796189e-10,3.30683015692e-11,3.13553800979e-11,5.02142008529e-11,2.68371418838e-11,1.51217909722e-11,1.37603687125e-11,1.01594782934e-11,1.13209571925e-11,5.48367557959e-12,4.06017363827e-12,5.6998199563e-12,5.35594789006e-12,3.0491126117e-12],"dvar2":[0.00000606814592174,0.0000561058877793,0.00000627229474048,0.00000280394874608,8.32806392737e-7,4.68499393946e-7,4.51168943982e-7,5.93066488364e-7,4.67956709826e-7,5.06918013343e-7,1.63145500665e-7,1.13444720284e-7,5.88811488456e-8,4.99036332258e-8,5.33430828398e-8,2.59890224896e-8,1.00436174932e-8,8.9437088846e-9,4.37941372056e-9,2.94954571878e-9,4.39754233028e-9,1.09816555849e-9,1.24279186942e-9,3.24188592637e-10,2.59234717026e-10,2.49070458702e-10,3.44085426818e-10,8.35993288484e-11,8.52957357522e-11,1.18341517141e-10,6.38112895857e-11,3.76683059744e-11,3.27679723633e-11,2.32045892917e-11,2.3638644861e-11,1.15856968116e-11,8.60560494392e-12,1.2115454473e-11,1.07187149781e-11,6.27380092322e-12],"max":[0.0156988352537,0.0415139682591,0.0184989254922,0.0190072953701,0.00752301327884,0.00735987350345,0.00705351447687,0.00960732344538,0.00842939130962,0.0113975023851,0.00894350837916,0.00768663547933,0.00494471937418,0.00403566705063,0.00324668362737,0.00328732444905,0.00227457215078,0.00191721157171,0.00129244779237,0.000909056223463,0.00154178612866,0.000558663043194,0.00048509350745,0.000231048223213,0.000189529208001,0.00025493800058,0.000333846604917,0.000130136060761,0.0000906450222828,0.000168446655152,0.0000887390851858,0.000075545591244,0.000160280629643,0.000132125482196,0.000165967547218,0.000083096405433,0.0000668148495606,0.0000855254911585,0.0000725945283193,0.0000486312274006],"mean":[0.00083052640548,0.00191102188546,0.000990584027022,0.000815924664494,0.000519697263371,0.000324325985275,0.000325486878864,0.000377108488465,0.00040994680603,0.000489186437335,0.000144767589518,0.000160683703143,0.000073546441854,0.0000574465848331,0.0000710201784386,0.0000558742176509,0.0000385344646929,0.0000464842814836,0.0000296148882626,0.0000215840227611,0.0000293993289233,0.0000178839327418,0.0000183070242201,0.00000938539142226,0.00000717419197827,0.00000945449301071,0.00000932514376473,0.00000520374715052,0.00000424783138442,0.00000495440781378,0.00000433059540228,0.00000344996010426,0.0000028839076549,0.00000224650307246,0.000002174333531,0.00000156510373017,0.00000135010657232,0.00000138174925723,0.00000122594747154,8.77675404354e-7],"median":[0.000289136311039,0.000604524277151,0.000306465197355,0.000470303726615,0.000322037725709,0.000181989686098,0.000175860099262,0.000154877780005,0.000164079741808,0.000162193973665,0.000042726220272,0.0000582354987273,0.0000227422424359,0.0000143154557009,0.0000156183014042,0.0000165113251569,0.0000115533630378,0.0000167784928635,0.0000118813732115,0.00000899455517356,0.00000843504858494,0.00000719198988008,0.0000064693153945,0.00000372175668417,0.00000291895594273,0.00000423439996666,0.00000393872232962,0.00000214688225242,0.00000175847344508,0.00000218171180677,0.00000178885215973,0.00000145528542816,0.00000113189071271,8.0584305806e-7,8.77658749232e-7,5.75374542677e-7,5.19013042322e-7,4.65204635702e-7,3.41461941389e-7,2.39586711359e-7],"min":[2.72906619488e-23,9.27335497485e-24,8.60787980382e-24,6.7730272036e-24,6.2155679953e-24,5.8440657849e-24,1.07766199515e-24,2.42738771981e-24,6.30659978275e-24,9.75163818624e-24,5.12568171295e-24,1.0777322235e-23,2.01913855406e-23,1.97440982519e-23,3.36057940511e-24,5.97159619428e-24,1.07511060205e-23,7.65703420032e-24,9.64063441283e-24,7.26739923315e-24,5.39265827569e-24,1.31452176152e-23,9.66360604239e-24,1.14632888569e-23,1.51968941572e-23,6.84765817839e-24,8.60078084453e-24,8.93560102284e-24,1.16713761642e-23,1.3861095476e-23,1.76681855363e-23,9.06632079686e-24,8.24351047372e-24,1.06202718616e-23,8.18096327027e-24,9.54543704537e-24,9.4850371213e-24,8.20785553853e-24,1.38026456161e-23,1.11051925487e-23],"var":[0.00000231376316151,0.0000159229821293,0.00000281644997813,0.00000141731516123,4.18285935666e-7,2.14894015471e-7,2.10528867228e-7,3.64385527973e-7,4.1050782329e-7,6.86856822085e-7,1.43082232285e-7,1.03429123044e-7,3.4648429903e-8,2.86531420812e-8,3.67172283688e-8,1.9708743082e-8,7.9419582022e-9,6.9608514508e-9,3.36713834592e-9,2.15393747283e-9,4.0910541621e-9,1.00606178943e-9,1.06485387175e-9,2.30858512862e-10,1.19728213455e-10,2.16980766687e-10,2.79552270221e-10,7.00111427165e-11,4.52517051608e-11,7.28624729995e-11,4.86809238753e-11,2.92545501712e-11,2.90894461297e-11,2.23427006063e-11,2.22437675917e-11,1.05483625307e-11,7.87753109271e-12,1.09836367432e-11,1.17665044375e-11,7.16974223047e-12]},"melbands_crest":{"dmean":2.88357973099,"dmean2":4.70790147781,"dvar":8.58636283875,"dvar2":22.5357322693,"max":33.4807319641,"mean":14.0597724915,"median":13.0939388275,"min":2.76530337334,"var":30.9632835388},"melbands_flatness_db":{"dmean":0.0255812499672,"dmean2":0.0376000776887,"dvar":0.000633214425761,"dvar2":0.0013103664387,"max":0.683738410473,"mean":0.215096399188,"median":0.189567968249,"min":0.00960781704634,"var":0.0131197627634},"melbands_kurtosis":{"dmean":6.77046823502,"dmean2":10.7248420715,"dvar":167.221359253,"dvar2":385.560028076,"max":257.441864014,"mean":13.8132982254,"median":7.75293302536,"min":-1.77989661694,"var":405.563476562},"melbands_skewness":{"dmean":0.695997655392,"dmean2":1.08326792717,"dvar":0.752504527569,"dvar2":1.70838022232,"max":12.8876371384,"mean":2.41529488564,"median":2.16470384598,"min":-2.16739439964,"var":2.66687560081},"melbands_spread":{"dmean":5.8985824585,"dmean2":8.76210689545,"dvar":72.1324005127,"dvar2":138.790908813,"max":158.904571533,"mean":19.683177948,"median":16.6019554138,"min":0.606556415558,"var":248.669143677},"mfcc":{"cov":[[8797.79785156,-1799.92248535,-1561.21130371,537.112243652,1078.30053711,913.952819824,526.776550293,261.868835449,-41.9486465454,-74.2605056763,82.5196533203,175.203231812,115.749488831],[-1799.92248535,1574.93225098,252.512191772,-64.5897521973,90.9842071533,-179.801177979,-45.6325492859,62.7441673279,25.3612194061,-58.1054077148,-40.4779586792,-95.9253463745,-3.71406602859],[-1561.21130371,252.512191772,790.350646973,37.817401886,-149.808502197,-122.175743103,-51.4994468689,-53.7779350281,29.9167404175,15.4380512238,2.15989351273,-14.8092947006,-33.4488143921],[537.112243652,-64.5897521973,37.817401886,363.4503479,249.026702881,175.444488525,89.919418335,66.0223007202,15.4600048065,9.97575759888,55.1973571777,54.4652175903,53.0768508911],[1078.30053711,90.9842071533,-149.808502197,249.026702881,506.539916992,231.993347168,121.174118042,92.4510345459,21.3829021454,-25.5660133362,19.6500320435,23.9849357605,46.8764839172],[913.952819824,-179.801177979,-122.175743103,175.444488525,231.993347168,304.22744751,140.366638184,78.8673477173,10.0120649338,4.33168888092,35.4178886414,37.5621604919,29.8389053345],[526.776550293,-45.6325492859,-51.4994468689,89.919418335,121.174118042,140.366638184,207.952972412,86.4863357544,-10.0083799362,-18.0013313293,15.9201107025,18.1182441711,7.28933286667],[261.868835449,62.7441673279,-53.7779350281,66.0223007202,92.4510345459,78.8673477173,86.4863357544,135.652816772,34.0482559204,-1.11005687714,16.3206310272,11.8293027878,20.3641548157],[-41.9486465454,25.3612194061,29.9167404175,15.4600048065,21.3829021454,10.0120649338,-10.0083799362,34.0482559204,115.678260803,63.3862419128,12.507850647,-5.49513626099,-8.79477024078],[-74.2605056763,-58.1054077148,15.4380512238,9.97575759888,-25.5660133362,4.33168888092,-18.0013313293,-1.11005687714,63.3862419128,128.777511597,63.7285919189,15.2021436691,-4.27267169952],[82.5196533203,-40.4779586792,2.15989351273,55.1973571777,19.6500320435,35.4178886414,15.9201107025,16.3206310272,12.507850647,63.7285919189,116.844078064,63.24817276,29.7823753357],[175.203231812,-95.9253463745,-14.8092947006,54.4652175903,23.9849357605,37.5621604919,18.1182441711,11.8293027878,-5.49513626099,15.2021436691,63.24817276,103.134147644,56.820274353],[115.749488831,-3.71406602859,-33.4488143921,53.0768508911,46.8764839172,29.8389053345,7.28933286667,20.3641548157,-8.79477024078,-4.27267169952,29.7823753357,56.820274353,86.1845245361]],"icov":[[0.000387217354728,0.000382030499168,0.000493675062899,-0.00000660214936943,-0.00059401046019,-0.000136568472954,-0.000289201387204,-0.0000307866757794,-0.000114392089017,0.000323042128002,-0.000144819307025,-0.0000512443912157,0.000182354488061],[0.000382030499168,0.00133811542764,0.000103839498479,0.000383394653909,-0.00128636718728,0.000726663158275,-0.000178631482413,-0.000826896284707,-0.000149571773363,0.000773196690716,-0.000781462411396,0.00119434762746,-0.000486961624119],[0.000493675062899,0.000103839498479,0.00239682081155,-0.00116774672642,0.000143371027661,0.000188970225281,-0.000687922292855,0.000936070748139,-0.00103693536948,0.000795646163169,-0.000270734599326,-0.000421571807237,0.000989549444057],[-0.00000660214936943,0.000383394653909,-0.00116774672642,0.00568611593917,-0.00231362017803,-0.00125238660257,0.0000405081082135,-0.00082926871255,0.000350824382622,-0.000214606829104,-0.00109478831291,-0.000148215069203,-0.00154390733223],[-0.00059401046019,-0.00128636718728,0.000143371027661,-0.00231362017803,0.00556890526786,-0.00202310667373,0.000120670716569,0.000565893948078,-0.00117189798038,0.000799399567768,0.000267109600827,0.000469580088975,-0.000731462845579],[-0.000136568472954,0.000726663158275,0.000188970225281,-0.00125238660257,-0.00202310667373,0.00804833881557,-0.00286519457586,-0.00077509554103,-0.000105410843389,-0.000534704129677,-0.000393240363337,0.000155151210492,-0.000204950803891],[-0.000289201387204,-0.000178631482413,-0.000687922292855,0.0000405081082135,0.000120670716569,-0.00286519457586,0.00940361060202,-0.00500892847776,0.00270428555086,0.0000764226206229,0.0000365250998584,-0.00104736315552,0.00236097141169],[-0.0000307866757794,-0.000826896284707,0.000936070748139,-0.00082926871255,0.000565893948078,-0.00077509554103,-0.00500892847776,0.0138727128506,-0.00595675781369,0.00271834409796,-0.00178575713653,0.00110294902697,-0.00259716133587],[-0.000114392089017,-0.000149571773363,-0.00103693536948,0.000350824382622,-0.00117189798038,-0.000105410843389,0.00270428555086,-0.00595675781369,0.0160549283028,-0.00980691425502,0.00434929598123,-0.00108972890303,0.00174899271224],[0.000323042128002,0.000773196690716,0.000795646163169,-0.000214606829104,0.000799399567768,-0.000534704129677,0.0000764226206229,0.00271834409796,-0.00980691425502,0.0184551216662,-0.0112390294671,0.00331585831009,0.000753871398047],[-0.000144819307025,-0.000781462411396,-0.000270734599326,-0.00109478831291,0.000267109600827,-0.000393240363337,0.0000365250998584,-0.00178575713653,0.00434929598123,-0.0112390294671,0.0205711238086,-0.0110527882352,0.00120462826453],[-0.0000512443912157,0.00119434762746,-0.000421571807237,-0.000148215069203,0.000469580088975,0.000155151210492,-0.00104736315552,0.00110294902697,-0.00108972890303,0.00331585831009,-0.0110527882352,0.0237761121243,-0.0122358165681],[0.000182354488061,-0.000486961624119,0.000989549444057,-0.00154390733223,-0.000731462845579,-0.000204950803891,0.00236097141169,-0.00259716133587,0.00174899271224,0.000753871398047,0.00120462826453,-0.0122358165681,0.0214212555438]],"mean":[-652.284118652,121.607337952,11.8169775009,12.1098775864,-8.63064098358,-3.01436400414,-8.56728935242,-1.67175710201,1.82769680023,4.25924253464,-0.109775319695,-2.94056963921,-4.5322098732]},"pitch_salience":{"dmean":0.0628699362278,"dmean2":0.103986494243,"dvar":0.00365604623221,"dvar2":0.00951743684709,"max":0.963655650616,"mean":0.567913889885,"median":0.579430937767,"min":0.134044453502,"var":0.0137969497591},"silence_rate_20dB":{"dmean":0,"dmean2":0,"dvar":0,"dvar2":0,"max":1,"mean":1,"median":1,"min":1,"var":0},"silence_rate_30dB":{"dmean":0.0022564874962,"dmean2":0.00451331445947,"dvar":0.00225162575953,"dvar2":0.0066000460647,"max":1,"mean":0.998796641827,"median":1,"min":0,"var":0.0012020834256},"silence_rate_60dB":{"dmean":0.0209101159126,"dmean2":0.0418233796954,"dvar":0.0204764381051,"dvar2":0.0441335998476,"max":1,"mean":0.053474728018,"median":0,"min":0,"var":0.050622344017},"spectral_centroid":{"dmean":224.862060547,"dmean2":334.592346191,"dvar":82726.1953125,"dvar2":160448.4375,"max":10741.4433594,"mean":1143.92016602,"median":1048.45410156,"min":204.800994873,"var":346375.9375},"spectral_complexity":{"dmean":3.80172991753,"dmean2":5.88310527802,"dvar":21.8617095947,"dvar2":47.7079353333,"max":54,"mean":17.9246387482,"median":16,"min":0,"var":120.807731628},"spectral_contrast_coeffs":{"dmean":[0.0492783747613,0.0467554405332,0.0396652780473,0.0303564369678,0.0230669155717,0.018739849329],"dmean2":[0.0813837349415,0.0782505571842,0.0646292939782,0.049305755645,0.037535905838,0.0303223524243],"dvar":[0.00181553279981,0.00146685005166,0.00107713509351,0.000687856634613,0.000414629234001,0.000362500024494],"dvar2":[0.0047940807417,0.00403175642714,0.00273346737958,0.00168209511321,0.00101021840237,0.000939654652029],"max":[-0.283646404743,-0.398154735565,-0.425644487143,-0.493388205767,-0.588995158672,-0.540294528008],"mean":[-0.599058032036,-0.700780034065,-0.726177752018,-0.785269260406,-0.795994639397,-0.767626941204],"median":[-0.609704971313,-0.708521187305,-0.735097169876,-0.792345404625,-0.799381256104,-0.762365937233],"min":[-0.962300479412,-0.992785990238,-0.963424682617,-0.966315507889,-0.957156300545,-0.960078179836],"var":[0.00826092157513,0.00561821321025,0.0061430237256,0.00319216772914,0.00252694031224,0.00185624824371]},"spectral_contrast_valleys":{"dmean":[0.450149476528,0.36149802804,0.335955500603,0.338976293802,0.343186467886,0.36334079504],"dmean2":[0.723008513451,0.596714317799,0.540750980377,0.528167724609,0.515144526958,0.502876162529],"dvar":[0.185580536723,0.11409406364,0.106251493096,0.142255663872,0.143336653709,0.157444015145],"dvar2":[0.398162513971,0.275261104107,0.232397437096,0.306067377329,0.306587725878,0.326862603426],"max":[-5.23155403137,-4.39361763,-4.88873910904,-5.75154781342,-5.61453342438,-7.45107889175],"mean":[-7.73413467407,-6.60724496841,-7.39920711517,-7.91520309448,-7.90776348114,-10.1592922211],"median":[-7.4139585495,-6.51000976562,-7.27502918243,-7.6029176712,-7.5503988266,-9.88362884521],"min":[-26.9697322845,-27.1482105255,-27.49559021,-27.1751728058,-27.3026103973,-27.2032814026],"var":[1.60270643234,0.584974110126,0.807526946068,1.6276665926,2.12725615501,1.90292680264]},"spectral_decrease":{"dmean":2.51018872355e-9,"dmean2":4.21201606926e-9,"dvar":2.52948671489e-17,"dvar2":6.77956899176e-17,"max":4.88965145228e-29,"mean":-6.80858791569e-9,"median":-5.51928591719e-9,"min":-4.55667326094e-8,"var":3.46019510224e-17},"spectral_energy":{"dmean":0.00990052241832,"dmean2":0.0165647268295,"dvar":0.000378048047423,"dvar2":0.00101260386873,"max":0.177424773574,"mean":0.0275493450463,"median":0.0223329924047,"min":1.06558553576e-20,"var":0.000540649518371},"spectral_energyband_high":{"dmean":0.000416933238739,"dmean2":0.000600651022978,"dvar":6.18105730155e-7,"dvar2":0.00000126916745558,"max":0.0158841367811,"mean":0.000817220192403,"median":0.000365075771697,"min":7.80256772822e-21,"var":0.00000154920633122},"spectral_energyband_low":{"dmean":0.00595686258748,"dmean2":0.0103328833356,"dvar":0.000288348208414,"dvar2":0.000794612453319,"max":0.156631574035,"mean":0.00842940434813,"median":0.00369975483045,"min":1.18597436843e-22,"var":0.000244682130869},"spectral_energyband_middle_high":{"dmean":0.00178713141941,"dmean2":0.00281614763662,"dvar":0.00000837474635773,"dvar2":0.0000215130348806,"max":0.0517675317824,"mean":0.00498751504347,"median":0.00270419474691,"min":1.47458131418e-21,"var":0.0000354180338036},"spectral_energyband_middle_low":{"dmean":0.00460665114224,"dmean2":0.00755614042282,"dvar":0.0000536830048077,"dvar2":0.000134075598908,"max":0.100881107152,"mean":0.0141445249319,"median":0.0115687903017,"min":1.72164222508e-22,"var":0.000125355072669},"spectral_entropy":{"dmean":0.188596665859,"dmean2":0.27385187149,"dvar":0.0383234731853,"dvar2":0.0785955414176,"max":9.7977437973,"mean":7.41076040268,"median":7.61389064789,"min":4.20204162598,"var":0.640150725842},"spectral_flux":{"dmean":0.0250214412808,"dmean2":0.0387070178986,"dvar":0.00140952051152,"dvar2":0.0029281268362,"max":0.380533963442,"mean":0.0775595158339,"median":0.0671746581793,"min":1.03227204562e-10,"var":0.00316817034036},"spectral_kurtosis":{"dmean":4.72433805466,"dmean2":8.21416664124,"dvar":354.898376465,"dvar2":1137.19372559,"max":465.250701904,"mean":16.2416915894,"median":3.84205698967,"min":-1.40949261189,"var":3011.84082031},"spectral_rms":{"dmean":0.00079132267274,"dmean2":0.00126879615709,"dvar":0.00000152033987888,"dvar2":0.00000381177278541,"max":0.0131566468626,"mean":0.00477214623243,"median":0.00466779246926,"min":3.22427609785e-12,"var":0.00000410411030316},"spectral_rolloff":{"dmean":473.693634033,"dmean2":746.43927002,"dvar":915717.625,"dvar2":1793030.625,"max":18992.2851562,"mean":1352.50146484,"median":882.861328125,"min":86.1328125,"var":2072450.625},"spectral_skewness":{"dmean":0.303880959749,"dmean2":0.493217498064,"dvar":0.261944532394,"dvar2":0.761749446392,"max":18.3984565735,"mean":2.20839548111,"median":1.57960271835,"min":-0.241358578205,"var":6.84356594086},"spectral_spread":{"dmean":611834.4375,"dmean2":863496.375,"dvar":550416744448,"dvar2":885477736448,"max":40651688,"mean":4877699,"median":4736662,"min":230765.765625,"var":3165570727940},"spectral_strongpeak":{"dmean":0.450039714575,"dmean2":0.775023937225,"dvar":0.569353580475,"dvar2":1.49601328373,"max":10.4016342163,"mean":1.03513240814,"median":0.671141326427,"min":0,"var":1.11892700195},"zerocrossingrate":{"dmean":0.0118238618597,"dmean2":0.013270935975,"dvar":0.000229857614613,"dvar2":0.000269789888989,"max":0.4892578125,"mean":0.0597999095917,"median":0.05224609375,"min":0.0029296875,"var":0.00137609033845}},"metadata":{"audio_properties":{"analysis_sample_rate":44100,"bit_rate":0,"codec":"flac","downmix":"mix","equal_loudness":0,"length":308.693328857,"lossless":true,"md5_encoded":"bc30a74e9178b40ea6743313d1dad609","replay_gain":-13.5585308075},"tags":{"acoustid_id":["ee62a0df-f1c3-4d8f-b7da-986d3bac5372"],"album":["Antidotes"],"album artist":["Foals"],"albumartist":["Foals"],"albumartist_credit":["Foals"],"albumartistsort":["Foals"],"artist":["Foals"],"artist_credit":["Foals"],"artistsort":["Foals"],"asin":["B0013F2LPS"],"barcode":["5051442700329"],"bpm":["0"],"catalognumber":["5144270032"],"compilation":["0"],"date":["2008-3-24"],"disc":["1"],"discc":["1"],"discnumber":["1"],"disctotal":["1"],"file_name":"03. Red Socks Pugie.flac","genre":["Math Rock"],"isrc":["GBKZV0725306"],"label":["Transgressive Records"],"language":["eng"],"media":["CD"],"musicbrainz_albumartistid":["6a65d878-fcd0-42cf-aff9-ca1d636a8bcc"],"musicbrainz_albumid":["2989029c-a481-40bc-87f0-0ada809fae26"],"musicbrainz_albumstatus":["Official"],"musicbrainz_albumtype":["album"],"musicbrainz_artistid":["6a65d878-fcd0-42cf-aff9-ca1d636a8bcc"],"musicbrainz_discid":["lfHfT1qTMifT4G6rUBtHaqMcNUQ-"],"musicbrainz_recordingid":["0bacaa33-fa7c-430f-9565-1837ab7901e1"],"musicbrainz_releasegroupid":["b3354e1f-317e-3b64-88e1-d4dc54571a6d"],"originaldate":["2008-3-24"],"publisher":["Transgressive Records"],"releasecountry":["GB"],"releasestatus":["official"],"releasetype":["album"],"replaygain_album_gain":["-9.21 dB"],"replaygain_album_peak":["1.000000"],"replaygain_reference_loudness":["89.0 dB"],"replaygain_track_gain":["-8.28 dB"],"replaygain_track_peak":["1.000000"],"script":["Latn"],"title":["Red Socks Pugie"],"totaldiscs":["1"],"totaltracks":["11"],"track":["3"],"trackc":["11"],"tracknumber":["3"],"tracktotal":["11"],"year":["2008"]},"version":{"esse