{"lowlevel":{"average_loudness":0.896647036076,"barkbands":{"dmean":[0.000515330932103,0.00423690443859,0.00270809978247,0.00160815904383,0.0014078138629,0.000985705060884,0.000929354690015,0.00108343537431,0.00140884425491,0.00118958239909,0.0004581528774,0.000524566799868,0.000417929521063,0.000484123709612,0.000323404878145,0.000327170215314,0.000233332422795,0.000228924589464,0.000173860098585,0.000134984104079,0.0000991010092548,0.0000974866125034,0.0000691790046403,0.000040482107579,0.000026744150091,0.0000162267624546,0.00000216233615902],"dmean2":[0.000829396711197,0.00712121278048,0.00426001707092,0.00265433639288,0.00233665946871,0.00155348086264,0.00153299432714,0.00166578579228,0.00225394731387,0.00190989603288,0.000735235167667,0.000843914400321,0.000671979098115,0.000766182958614,0.000516309519298,0.000484937452711,0.000370231864508,0.000349787005689,0.000269482086878,0.000197097077034,0.000151826112415,0.000146672406117,0.000102069025161,0.0000610986098764,0.000040690498281,0.0000252861136687,0.00000329693989443],"dvar":[9.19869194149e-7,0.0000869841969688,0.0000281329248537,0.0000178707432497,0.0000089111717898,0.0000053861649576,0.00000557660678169,0.00000577846276428,0.00000838950290927,0.00000567354709347,0.00000108973802071,0.00000130456066927,4.86255260057e-7,5.191294008e-7,2.92318048878e-7,2.81240716049e-7,1.41394608022e-7,1.63508673268e-7,1.0902184755e-7,1.02051266992e-7,7.31274525378e-8,1.05983239962e-7,5.12121118845e-8,1.76272205721e-8,9.86138815051e-9,2.30972108106e-9,4.28100610517e-11],"dvar2":[0.00000241479824581,0.000237719708821,0.0000671259331284,0.0000428623206972,0.0000237032145378,0.0000125361002574,0.0000148240314957,0.000012952536963,0.000020285950086,0.0000140590864248,0.00000272553597824,0.00000323240419675,0.00000119915216601,0.00000123651761896,7.10320648523e-7,5.92866626903e-7,3.37129733907e-7,3.69878023321e-7,2.50560475479e-7,2.14000749565e-7,1.54647281647e-7,2.11386904425e-7,1.08995536152e-7,3.67281067781e-8,2.29450360933e-8,5.40464473175e-9,1.03033651055e-10],"max":[0.0121455630288,0.108276233077,0.0603596605361,0.052552383393,0.0456452965736,0.0526132136583,0.0454859286547,0.0433950610459,0.0462037809193,0.0399914085865,0.0205780826509,0.0264573656023,0.0181222576648,0.0150353414938,0.0084112836048,0.00626675598323,0.00982073042542,0.00605236645788,0.0081180902198,0.0103170992807,0.00664327153936,0.010079245083,0.0048264185898,0.00356721319258,0.00273084966466,0.000659054378048,0.000128199520987],"mean":[0.000842986977659,0.00963162444532,0.00436942745,0.00185363844503,0.00201525189914,0.00168820237741,0.00165259721689,0.00160675263032,0.00210386025719,0.00218242034316,0.000700473668985,0.000935884716455,0.000805388553999,0.000993023510091,0.000570657197386,0.000598613580223,0.000420822907472,0.00038322218461,0.000314454955515,0.000229513825616,0.000190523773199,0.000188852136489,0.000128949628561,0.000082645288785,0.0000454733417428,0.0000213252005778,0.00000319403648064],"median":[0.000164276760188,0.00261457357556,0.00138258258812,0.000542237539776,0.00100927508902,0.000827428302728,0.000612614909187,0.000524618313648,0.000752476975322,0.000517082167789,0.000221233145567,0.000354379764758,0.000488944293465,0.000568250601646,0.000298849190585,0.000319254293572,0.000269903801382,0.000222820541239,0.000189431331819,0.000120815660921,0.0000748622260289,0.0000514322236995,0.00002737156683,0.0000165415658557,0.00000977232866717,0.00000474161015518,7.945334346e-7],"min":[7.26390960833e-25,1.2119271073e-24,1.43932375741e-24,3.2407862914e-25,5.82104682368e-24,7.40150479818e-24,7.14636036016e-24,5.34925712083e-24,1.36346671527e-23,1.21184599268e-23,1.47089584438e-23,2.51178439818e-23,2.88640229361e-23,3.22313072645e-23,3.42819669649e-23,6.41369790582e-23,6.08513418336e-23,8.86855668114e-23,1.19215979524e-22,1.68564479803e-22,2.1799632166e-22,3.30442448356e-22,3.41650255932e-22,5.40255770696e-22,8.30193329148e-22,1.37944403267e-21,1.89908652713e-21],"var":[0.0000019448762032,0.000158327675308,0.0000471491803182,0.0000188321173482,0.0000102149633676,0.0000089355316959,0.00000814518534753,0.000010311548067,0.0000134309975692,0.0000126363220261,0.00000211922451854,0.00000302949638353,0.00000111145220671,0.0000015034571561,5.49159608454e-7,5.70917620735e-7,2.72189197403e-7,2.56022190115e-7,1.752712393e-7,1.71533770299e-7,1.66740619534e-7,2.8867523838e-7,1.02121425982e-7,3.34380736433e-8,1.51396708503e-8,2.78944978227e-9,5.11330526531e-11]},"barkbands_crest":{"dmean":2.30130076408,"dmean2":3.73509216309,"dvar":5.18011760712,"dvar2":13.3721504211,"max":24.5884799957,"mean":9.42434883118,"median":8.62679862976,"min":2.5061583519,"var":16.6595821381},"barkbands_flatness_db":{"dmean":0.0182952210307,"dmean2":0.0267859827727,"dvar":0.000372172245989,"dvar2":0.000725013262127,"max":0.36598727107,"mean":0.129082873464,"median":0.121117018163,"min":0.0185575131327,"var":0.00244177947752},"barkbands_kurtosis":{"dmean":2.58317184448,"dmean2":3.92824745178,"dvar":50.6370353699,"dvar2":107.603439331,"max":144.229248047,"mean":4.4534535408,"median":0.881654262543,"min":-1.85647451878,"var":200.973236084},"barkbands_skewness":{"dmean":0.46579939127,"dmean2":0.70188331604,"dvar":0.334505081177,"dvar2":0.719083487988,"max":10.9521627426,"mean":1.18392634392,"median":1.02372932434,"min":-5.82740831375,"var":2.5885925293},"barkbands_spread":{"dmean":4.51559209824,"dmean2":6.80985832214,"dvar":32.2283210754,"dvar2":67.3684158325,"max":93.540512085,"mean":20.8558254242,"median":20.0548057556,"min":1.30585753918,"var":130.369018555},"dissonance":{"dmean":0.0173130538315,"dmean2":0.0286154467613,"dvar":0.000306530244416,"dvar2":0.000793024664745,"max":0.500000119209,"mean":0.466715216637,"median":0.473361492157,"min":0.237083077431,"var":0.000782058516052},"dynamic_complexity":4.22950029373,"erbbands":{"dmean":[0.154644340277,0.979402124882,2.99227452278,4.35963726044,5.13377046585,4.42027282715,5.04604244232,9.63016319275,11.3227291107,19.4884414673,23.795715332,27.7444763184,46.7591514587,20.6233081818,15.5834264755,22.0930805206,18.2030830383,23.8957805634,17.3832550049,16.981628418,17.57862854,11.878455162,12.0148429871,10.4773359299,8.24523353577,6.14506053925,4.73062992096,3.6716029644,3.6479473114,2.71485543251,1.87432038784,1.11144065857,0.587058484554,0.340744167566,0.184277251363,0.102126091719,0.0210293121636,0.00317380297929,0.000377188116545,0.0000304520526697],"dmean2":[0.259613454342,1.65120732784,4.75750350952,7.09611845016,8.80532741547,7.36992025375,8.22287654877,15.2459716797,18.6864452362,30.6682186127,36.9722251892,43.8948059082,74.5018997192,32.1857566833,24.4344882965,35.4443130493,28.7481422424,37.8027801514,26.6258659363,27.0757064819,25.9649162292,18.2070083618,18.4733638763,16.0418586731,12.6759366989,8.98476600647,7.23910284042,5.6128988266,5.56894636154,3.9427652359,2.79264974594,1.69929504395,0.895012438297,0.527623295784,0.284399181604,0.162156999111,0.0319464541972,0.00479366956279,0.000573875615373,0.0000462650787085],"dvar":[0.0982782542706,5.04498147964,39.1084518433,97.9995269775,175.396026611,83.6571960449,123.8777771,639.571105957,863.334838867,2099.01416016,2727.56030273,3599.00146484,8437.81542969,3269.49121094,914.981140137,2450.39404297,936.546630859,1254.65490723,748.834960938,874.901855469,818.900146484,399.845458984,460.323974609,374.349456787,259.178344727,221.422561646,166.911849976,105.550559998,143.614471436,98.4281005859,40.3382987976,13.320731163,3.97004723549,1.84775269032,0.40738222003,0.104661352932,0.00318063702434,0.0000686883358867,0.00000128447527459,6.35627372958e-9],"dvar2":[0.257816255093,13.9421262741,96.4753570557,230.477172852,487.347503662,216.504837036,305.780700684,1482.9128418,2306.27148438,4724.08007812,6275.48242188,8518.92480469,20811.390625,8034.51171875,2289.56005859,6287.18896484,2262.26855469,3090.578125,1762.92016602,2085.97216797,1664.80761719,918.034545898,1025.7088623,811.001953125,637.54095459,469.737487793,364.239654541,217.864440918,304.311218262,181.791778564,89.7245178223,30.3176670074,7.86434459686,4.44072818756,0.914542376995,0.254231184721,0.00694395042956,0.000155747315148,0.00000311383291773,1.51661616599e-8],"max":[4.19998979568,26.6153144836,68.8823471069,113.312316895,158.071136475,177.472793579,225.809707642,660.001220703,560.014892578,1193.40270996,811.886474609,1439.50500488,1703.60534668,1241.81665039,616.003234863,1033.35302734,876.052734375,895.776184082,505.904052734,343.959442139,365.333496094,613.886169434,315.983795166,458.018798828,285.51965332,556.344848633,298.669006348,323.838256836,437.707092285,341.587341309,153.670516968,85.1944885254,68.9588012695,41.0582923889,18.9690551758,4.07303380966,1.22553360462,0.16764305532,0.0220211744308,0.00108840502799],"mean":[0.3743314147,1.77627849579,5.03098201752,5.85921955109,6.15517807007,6.50503349304,8.60084152222,16.0143280029,17.6922492981,38.2097358704,34.0595245361,44.5685882568,88.0674514771,36.5695724487,27.8221931458,41.0303688049,38.4793739319,51.9619255066,35.904586792,29.9729194641,33.9758987427,23.2567329407,20.4098796844,18.8858985901,14.6522798538,10.5682659149,8.63310241699,6.98983192444,6.78394985199,5.3240737915,3.45744299889,2.12331748009,1.14348554611,0.59329110384,0.286698698997,0.13166077435,0.0290656350553,0.00469820899889,0.000571569951717,0.0000716208960512],"median":[0.057651091367,0.620652556419,1.48077297211,2.19799995422,2.43844413757,3.01646995544,4.65754508972,6.22889661789,8.88589382172,11.1580247879,13.3982639313,19.7056694031,21.2719764709,10.988202095,11.0332584381,17.1610298157,23.9821929932,30.5821647644,22.0235385895,16.1730117798,21.070728302,16.213684082,11.724105835,11.6934089661,8.50064086914,5.55910634995,3.58303880692,2.69937753677,1.89354467392,1.26270067692,0.690945923328,0.417843550444,0.228462427855,0.12804608047,0.0579750612378,0.0274665821344,0.00702839903533,0.00111309369095,0.000152154170792,0.0000551723860553],"min":[3.93040290369e-23,4.73053151943e-22,3.79282142188e-21,6.38233133211e-21,1.21952352464e-20,1.76091889011e-20,3.52546832763e-20,1.06414388274e-19,1.31080532861e-19,1.28030717943e-19,1.70244730207e-19,3.8212626863e-19,4.2384827645e-19,6.76234471326e-19,9.95167760073e-19,1.20760521557e-18,1.61727106682e-18,1.63426259738e-18,2.49747602459e-18,2.65267330548e-18,3.60095295292e-18,4.16022672227e-18,3.9323645197e-18,6.10610293885e-18,5.96790008365e-18,7.69427027621e-18,8.07208171227e-18,8.46064897783e-18,1.15684583562e-17,1.33892805806e-17,1.00657251277e-17,1.0038993959e-17,8.97937393997e-18,8.13753485978e-18,6.31748149976e-18,4.08337626669e-18,2.40354842527e-18,9.96810023781e-19,2.38877844335e-19,2.56492051249e-20],"var":[0.256042212248,6.64024066925,63.6196632385,117.293243408,149.235351562,111.751861572,272.992645264,1013.99682617,1008.30718994,5000.03662109,3699.86938477,6292.13183594,18550.1308594,7034.33251953,2039.63574219,5901.10693359,2387.33276367,4103.54492188,1810.9699707,1495.24243164,1680.77282715,804.946411133,735.409545898,610.223449707,399.324829102,362.561737061,323.700897217,246.872390747,320.48223877,316.223846436,69.2744674683,21.7981815338,7.49358654022,2.63896083832,0.649384617805,0.119125030935,0.00456112064421,0.0000976749361143,0.00000155485258801,8.53524451117e-9]},"erbbands_crest":{"dmean":2.42668819427,"dmean2":3.85613799095,"dvar":5.73329210281,"dvar2":13.6443271637,"max":26.9336662292,"mean":8.79295349121,"median":7.90335988998,"min":2.29767870903,"var":14.8147706985},"erbbands_flatness_db":{"dmean":0.0159249361604,"dmean2":0.0230914000422,"dvar":0.000318029546179,"dvar2":0.000545674934983,"max":0.489990830421,"mean":0.170107379556,"median":0.158597320318,"min":0.0490132942796,"var":0.0034388769418},"erbbands_kurtosis":{"dmean":0.866699635983,"dmean2":1.35003638268,"dvar":2.14812111855,"dvar2":4.67745828629,"max":36.0347709656,"mean":0.627827703953,"median":0.0785044431686,"min":-1.75566363335,"var":5.05940771103},"erbbands_skewness":{"dmean":0.337970882654,"dmean2":0.504617989063,"dvar":0.1151650846,"dvar2":0.236831784248,"max":3.02586817741,"mean":0.157475948334,"median":0.240401372313,"min":-4.38792276382,"var":0.559971392155},"erbbands_spread":{"dmean":5.99689483643,"dmean2":9.10722160339,"dvar":46.8190612793,"dvar2":107.131591797,"max":127.197166443,"mean":30.9812984467,"median":27.5145645142,"min":1.25975620747,"var":269.812652588},"gfcc":{"cov":[[29595.1777344,1511.14135742,-656.536804199,769.655944824,-1233.37353516,820.007385254,-412.234863281,769.122314453,-203.766784668,213.669754028,-386.930145264,88.1810531616,-166.140274048],[1511.14135742,1728.35253906,-430.270690918,-404.150238037,161.64781189,-366.673736572,-106.412818909,-186.541351318,49.9363441467,-29.1975498199,125.225341797,-77.1257858276,21.4172039032],[-656.536804199,-430.270690918,1560.40307617,300.538635254,114.690765381,361.147216797,178.297897339,228.721740723,3.22283673286,126.831604004,-42.1380653381,134.493423462,16.4685344696],[769.655944824,-404.150238037,300.538635254,527.618041992,56.0263442993,185.79006958,44.4981575012,76.1989593506,19.9209690094,51.9757957458,-9.68438625336,42.4633369446,23.2141075134],[-1233.37353516,161.64781189,114.690765381,56.0263442993,425.281707764,12.6364421844,63.2670593262,-2.82705020905,43.4096794128,58.3069725037,68.6214752197,33.7401771545,39.2200050354],[820.007385254,-366.673736572,361.147216797,185.79006958,12.6364421844,375.93081665,143.136886597,172.432403564,5.0577788353,45.8238182068,-30.4396762848,55.9686050415,4.34061717987],[-412.234863281,-106.412818909,178.297897339,44.4981575012,63.2670593262,143.136886597,208.267456055,90.1151046753,9.82403087616,21.0472755432,5.39892482758,28.0229434967,15.787604332],[769.122314453,-186.541351318,228.721740723,76.1989593506,-2.82705020905,172.432403564,90.1151046753,192.453430176,28.535741806,43.0342483521,-27.7382240295,33.9191818237,2.82726311684],[-203.766784668,49.9363441467,3.22283673286,19.9209690094,43.4096794128,5.0577788353,9.82403087616,28.535741806,102.336868286,42.3112030029,35.0549964905,-2.30061626434,12.1095151901],[213.669754028,-29.1975498199,126.831604004,51.9757957458,58.3069725037,45.8238182068,21.0472755432,43.0342483521,42.3112030029,112.861694336,50.0044288635,38.7112960815,2.97863698006],[-386.930145264,125.225341797,-42.1380653381,-9.68438625336,68.6214752197,-30.4396762848,5.39892482758,-27.7382240295,35.0549964905,50.0044288635,124.046958923,32.5548057556,20.9368343353],[88.1810531616,-77.1257858276,134.493423462,42.4633369446,33.7401771545,55.9686050415,28.0229434967,33.9191818237,-2.30061626434,38.7112960815,32.5548057556,76.8835067749,27.9916114807],[-166.140274048,21.4172039032,16.4685344696,23.2141075134,39.2200050354,4.34061717987,15.787604332,2.82726311684,12.1095151901,2.97863698006,20.9368343353,27.9916114807,58.0071678162]],"icov":[[0.000184311313205,-0.000581242551561,0.000326144217979,-0.000568116549402,0.000598622602411,-0.000580496154726,0.000622767140158,-0.000912201823667,0.000734311703127,-0.000823634793051,0.000782168237492,-0.000739449169487,0.000354430085281],[-0.000581242551561,0.0027765869163,-0.00107415171806,0.00233707227744,-0.00223701703362,0.00226407102309,-0.00183151825331,0.00289018661715,-0.00244806986302,0.00269129662775,-0.00326349772513,0.00332983653061,-0.001675606356],[0.000326144217979,-0.00107415171806,0.00159888400231,-0.0012626965763,0.000890617724508,-0.00136134959757,0.000838966341689,-0.00187294918578,0.00142341142055,-0.00210056826472,0.00223026634194,-0.00264918711036,0.0010288648773],[-0.000568116549402,0.00233707227744,-0.0012626965763,0.00458389380947,-0.00222728401423,0.000717084039934,-0.00128285819665,0.00325104291551,-0.00259657623246,0.00191864441149,-0.00243407161906,0.00304889283143,-0.00247222813778],[0.000598622602411,-0.00223701703362,0.000890617724508,-0.00222728401423,0.0050568706356,-0.00180116004776,0.000989319756627,-0.00223368452862,0.00191788107622,-0.00367986527272,0.00207349727862,-0.00250294501893,-0.0000177140536834],[-0.000580496154726,0.00226407102309,-0.00136134959757,0.000717084039934,-0.00180116004776,0.00837124790996,-0.00420964276418,-0.000532808888238,-0.0018120368477,0.0027603446506,-0.00221835565753,0.000894559780136,-0.0000303962460748],[0.000622767140158,-0.00183151825331,0.000838966341689,-0.00128285819665,0.000989319756627,-0.00420964276418,0.00968906655908,-0.00516590289772,0.00305147608742,-0.00182507943828,0.00107860495336,-0.00125952356029,-0.000328856112901],[-0.000912201823667,0.00289018661715,-0.00187294918578,0.00325104291551,-0.00223368452862,-0.000532808888238,-0.00516590289772,0.0160268060863,-0.00738026853651,0.0017230687663,0.000135254973429,0.000943850900512,-0.00132618227508],[0.000734311703127,-0.00244806986302,0.00142341142055,-0.00259657623246,0.00191788107622,-0.0018120368477,0.00305147608742,-0.00738026853651,0.0181042328477,-0.0084172533825,-0.00059371558018,0.00449755741283,-0.00329309515655],[-0.000823634793051,0.00269129662775,-0.00210056826472,0.00191864441149,-0.00367986527272,0.0027603446506,-0.00182507943828,0.0017230687663,-0.0084172533825,0.0209741331637,-0.00871769618243,-0.00296293501742,0.00442656176165],[0.000782168237492,-0.00326349772513,0.00223026634194,-0.00243407161906,0.00207349727862,-0.00221835565753,0.00107860495336,0.000135254973429,-0.00059371558018,-0.00871769618243,0.0189133994281,-0.0104991607368,0.00106148701161],[-0.000739449169487,0.00332983653061,-0.00264918711036,0.00304889283143,-0.00250294501893,0.000894559780136,-0.00125952356029,0.000943850900512,0.00449755741283,-0.00296293501742,-0.0104991607368,0.0319095849991,-0.0142885353416],[0.000354430085281,-0.001675606356,0.0010288648773,-0.00247222813778,-0.0000177140536834,-0.0000303962460748,-0.000328856112901,-0.00132618227508,-0.00329309515655,0.00442656176165,0.00106148701161,-0.0142885353416,0.0267107374966]],"mean":[-24.6781024933,99.2816238403,-130.994369507,26.0436248779,-47.9437026978,11.2738628387,-28.6166095734,6.11686420441,-15.6807441711,2.08255815506,-13.9117469788,-4.93197917938,-12.9289979935]},"hfc":{"dmean":6.56419897079,"dmean2":9.34620666504,"dvar":124.902770996,"dvar2":260.132904053,"max":131.728149414,"mean":22.7002487183,"median":19.7625846863,"min":1.08602865345e-16,"var":372.310302734},"melbands":{"dmean":[0.00122182711493,0.00137816905044,0.000734415953048,0.000336374301696,0.000173602064024,0.000207251796382,0.000179331836989,0.000218445391511,0.000199781279662,0.000188542209798,0.000231949175941,0.0000847611227073,0.0000584074477956,0.0000571594027861,0.0000501684335177,0.0000431462285633,0.0000486106619064,0.0000312495540129,0.0000245885603363,0.0000233399969147,0.0000226484517043,0.0000139687872434,0.0000100586257759,0.0000117117115224,0.00000881939649844,0.00000665492552798,0.00000557318253414,0.00000409813264923,0.00000331036744683,0.0000024522005333,0.00000224449490815,0.00000222545668294,0.00000205515539164,0.0000014343301018,0.00000114252736694,9.73106807578e-7,6.52604569495e-7,4.80898677324e-7,3.13403063501e-7,2.86556428364e-7],"dmean2":[0.00206065690145,0.00222888984717,0.0011810377473,0.000572488585021,0.000281134416582,0.000326560257236,0.000295263191219,0.000342959421687,0.000313281052513,0.000297282531392,0.000369499059161,0.000132929344545,0.0000928795125219,0.0000913441472221,0.000080557045294,0.0000699987504049,0.0000770557599026,0.0000487880206492,0.0000393366353819,0.0000371585301764,0.0000342799357895,0.0000220342408284,0.0000157264439622,0.0000182626499736,0.0000137103370434,0.000010559423572,0.00000855945563671,0.00000615970111539,0.00000518347815159,0.00000382054395232,0.00000348951289197,0.00000347882451024,0.00000317660101246,0.00000211736710298,0.00000171620069978,0.00000158247087256,0.00000101913906292,7.38684150292e-7,4.88978798785e-7,4.47274402404e-7],"dvar":[0.00000649821913612,0.00000931015711103,0.00000280543463305,5.9464144897e-7,1.29186872755e-7,2.71733512136e-7,2.13110908476e-7,2.5247570079e-7,1.88751556607e-7,1.58089250135e-7,2.06342321007e-7,5.94344911065e-8,1.48103893594e-8,2.05186907465e-8,6.93022306208e-9,5.41322142666e-9,5.30995070136e-9,2.64360289215e-9,1.90361992836e-9,1.59040913772e-9,1.34482813774e-9,5.87423998333e-10,3.26624838287e-10,4.49810022563e-10,2.81931228363e-10,1.57425669722e-10,1.34616526259e-10,1.36828409714e-10,8.85926401684e-11,5.42922547198e-11,3.91967118485e-11,5.12471662328e-11,6.17379758427e-11,2.80364793881e-11,1.67282021568e-11,9.68880618096e-12,5.70313457918e-12,2.6665199996e-12,1.34237553798e-12,1.44397135308e-12],"dvar2":[0.0000174517299456,0.0000239966830122,0.00000671554516884,0.00000162787910085,3.14969781812e-7,6.35678134131e-7,5.70825136492e-7,5.58476187962e-7,4.38758235077e-7,3.71880446437e-7,5.06431092617e-7,1.46375839449e-7,3.81679221562e-8,4.99347834193e-8,1.67067248924e-8,1.3579624536e-8,1.29638308977e-8,6.34558139367e-9,4.6103432183e-9,3.71662545184e-9,2.82774070826e-9,1.40725830988e-9,7.1852829242e-10,1.06036512904e-9,6.20132389884e-10,3.89529020151e-10,3.37206790268e-10,3.08448322439e-10,2.02413669159e-10,1.25559965203e-10,8.22945878109e-11,1.18149365291e-10,1.29997207443e-10,5.23004660413e-11,3.78741794871e-11,2.28789487355e-11,1.37532624178e-11,5.33585328699e-12,3.19551958679e-12,3.46128854745e-12],"max":[0.0299514550716,0.0339326933026,0.0203744880855,0.0117446780205,0.00640143081546,0.0128570254892,0.00789842009544,0.0115302791819,0.00589242577553,0.00929474644363,0.00829342007637,0.00507549289614,0.00202584755607,0.00391937512904,0.00207523466088,0.00126413616817,0.00180844194256,0.000930036301725,0.000628669455182,0.000407589657698,0.000436493661255,0.00078004412353,0.000384936545743,0.00029668447678,0.000424842175562,0.000204139141715,0.000328293564962,0.000460468872916,0.00021832085622,0.000178646892891,0.000236255698837,0.000262190413196,0.00029186689062,0.000166222744156,0.000116031747893,0.0000723970733816,0.0000781015041866,0.0000564356159884,0.0000388945300074,0.0000423457968282],"mean":[0.00289545580745,0.0025336924009,0.00104306614958,0.000443853758043,0.000303927023197,0.000346258311765,0.000290424388368,0.000410086184274,0.000274257006822,0.000302217697026,0.000431827589637,0.000138320829137,0.0000929093366722,0.000101957099105,0.0000951877882471,0.0000838193154777,0.0000985751903499,0.0000599200866418,0.0000408893574786,0.0000390699242416,0.0000405597565987,0.0000256647344941,0.0000169823306351,0.0000185391163541,0.0000150138903336,0.0000112492025437,0.00000920966886042,0.00000641018186798,0.00000556711484023,0.00000447860929853,0.00000393450818592,0.0000038992361624,0.00000351935909748,0.00000271622116088,0.00000204292064154,0.00000165351025316,0.00000116518913273,8.85018607732e-7,5.65574509892e-7,4.67891879907e-7],"median":[0.000704764504917,0.000979270786047,0.000430951127782,0.000211912789382,0.000169732884387,0.000143906945596,0.000135591224534,0.000115744645882,0.000102275713289,0.000123722595163,0.0000993105204543,0.0000363455474144,0.0000318748134305,0.0000357548342436,0.0000548366224393,0.0000446731646662,0.0000540268083569,0.0000334187134285,0.000019033504941,0.0000201230141101,0.0000247539537668,0.0000162908181665,0.00000976449700829,0.0000102044668893,0.00000874598572409,0.00000618341073277,0.00000512439146405,0.00000305526191369,0.0000023016762043,0.00000167487542058,0.00000147820071561,0.00000113031637738,7.85665406511e-7,6.2991108507e-7,3.92482718325e-7,2.93302520049e-7,2.28302297955e-7,1.66339958696e-7,1.13684386349e-7,1.01356391724e-7],"min":[6.27781671351e-25,1.74209103802e-24,1.05693743588e-24,1.08042645959e-24,1.45741943771e-24,1.62313278567e-24,2.15297062101e-24,1.39020119162e-24,1.05269987231e-24,2.5640495886e-24,1.17287237882e-24,1.81966564729e-24,2.32751260439e-24,2.63262645038e-24,3.29045854532e-24,2.96810513033e-24,2.37117309727e-24,2.84435139253e-24,3.73356388515e-24,3.5143926877e-24,3.53321135902e-24,3.1191114486e-24,3.20292239776e-24,4.66542397324e-24,3.74634540397e-24,4.09051910603e-24,4.0015884496e-24,3.43664807891e-24,4.88829729492e-24,5.01853113062e-24,3.91411284711e-24,6.00322005025e-24,5.95673208267e-24,6.88366573441e-24,5.43354059767e-24,5.80798841469e-24,4.76808712031e-24,5.83896579915e-24,5.4767756973e-24,5.0884056686e-24],"var":[0.0000143311899592,0.0000141914188134,0.00000336929747391,5.64437698358e-7,2.80669496533e-7,4.31853749205e-7,2.58816896803e-7,5.95811400217e-7,2.45785230391e-7,2.89558215627e-7,4.54883519296e-7,1.20232854783e-7,2.89663457664e-8,4.44738681438e-8,1.59540753941e-8,1.25611219204e-8,1.61730380199e-8,5.78396353035e-9,3.29359894913e-9,2.65745292438e-9,2.57324495045e-9,1.09882614119e-9,5.38763755831e-10,6.5275812533e-10,4.30354335501e-10,2.36795194564e-10,1.95766125533e-10,1.83644432994e-10,1.44201206531e-10,1.02124225743e-10,8.48170006451e-11,9.42206035415e-11,1.55747970076e-10,8.07081346199e-11,2.67096067486e-11,1.42527595628e-11,7.83707300445e-12,4.8767990514e-12,1.96710226233e-12,2.01121866557e-12]},"melbands_crest":{"dmean":3.12665486336,"dmean2":5.06755065918,"dvar":8.9304561615,"dvar2":21.7462863922,"max":36.8048706055,"mean":14.1056833267,"median":13.5113639832,"min":1.5996491909,"var":38.3509979248},"melbands_flatness_db":{"dmean":0.0233437921852,"dmean2":0.0332786329091,"dvar":0.000618305290118,"dvar2":0.00118920695968,"max":0.436288326979,"mean":0.194126620889,"median":0.18982745707,"min":0.00359279452823,"var":0.00486380327493},"melbands_kurtosis":{"dmean":5.87418079376,"dmean2":9.2960062027,"dvar":264.968414307,"dvar2":638.686035156,"max":515.781860352,"mean":12.4614448547,"median":3.78530263901,"min":-1.88960921764,"var":1026.67102051},"melbands_skewness":{"dmean":0.611966967583,"dmean2":0.950573921204,"dvar":0.603526175022,"dvar2":1.40330255032,"max":19.6893119812,"mean":2.13039159775,"median":1.72674536705,"min":-4.37160015106,"var":4.17701244354},"melbands_spread":{"dmean":6.64029788971,"dmean2":9.96155643463,"dvar":102.838630676,"dvar2":209.387588501,"max":226.774032593,"mean":27.9583587646,"median":22.5949039459,"min":0.883529245853,"var":564.317443848},"mfcc":{"cov":[[14224.1435547,1122.96020508,564.240844727,360.082183838,-33.7235946655,216.10206604,119.258743286,439.808349609,284.587036133,311.754364014,43.4834899902,-44.3574562073,-36.790019989],[1122.96020508,2121.59375,-473.135467529,-47.1407203674,51.4594116211,-145.857681274,-96.7206497192,-178.58821106,-128.403717041,-74.4897842407,-4.73129320145,25.5845088959,42.0037956238],[564.240844727,-473.135467529,1140.36865234,119.578742981,68.4010162354,177.702285767,165.519622803,194.701599121,139.732925415,111.729347229,43.4422416687,-0.873264253139,19.3194026947],[360.082183838,-47.1407203674,119.578742981,340.090179443,134.430465698,90.8455352783,22.176366806,-2.50719475746,14.9176616669,26.2393417358,5.91268777847,3.7049100399,30.9319000244],[-33.7235946655,51.4594116211,68.4010162354,134.430465698,270.697753906,87.4519500732,44.2319068909,4.89185094833,27.7565040588,35.7002830505,17.9492168427,35.2008857727,39.4488754272],[216.10206604,-145.857681274,177.702285767,90.8455352783,87.4519500732,185.207550049,102.74143219,68.1329345703,51.0039978027,43.9814910889,26.0318050385,18.2737617493,20.19008255],[119.258743286,-96.7206497192,165.519622803,22.176366806,44.2319068909,102.74143219,190.444122314,110.451164246,61.3307113647,50.6272506714,25.8169784546,12.2444219589,15.4383440018],[439.808349609,-178.58821106,194.701599121,-2.50719475746,4.89185094833,68.1329345703,110.451164246,161.405517578,94.1193695068,59.568523407,15.7855348587,-7.6159992218,-6.90326118469],[284.587036133,-128.403717041,139.732925415,14.9176616669,27.7565040588,51.0039978027,61.3307113647,94.1193695068,125.34853363,70.5950393677,17.8999252319,-3.87985277176,-4.84925413132],[311.754364014,-74.4897842407,111.729347229,26.2393417358,35.7002830505,43.9814910889,50.6272506714,59.568523407,70.5950393677,103.939933777,41.5719985962,14.3666934967,5.96904277802],[43.4834899902,-4.73129320145,43.4422416687,5.91268777847,17.9492168427,26.0318050385,25.8169784546,15.7855348587,17.8999252319,41.5719985962,70.490486145,37.1524276733,19.8957805634],[-44.3574562073,25.5845088959,-0.873264253139,3.7049100399,35.2008857727,18.2737617493,12.2444219589,-7.6159992218,-3.87985277176,14.3666934967,37.1524276733,84.3901901245,48.5645866394],[-36.790019989,42.0037956238,19.3194026947,30.9319000244,39.4488754272,20.19008255,15.4383440018,-6.90326118469,-4.84925413132,5.96904277802,19.8957805634,48.5645866394,80.4394454956]],"icov":[[0.00010069662676,-0.000103152640804,-0.0000133220119096,-0.000145615515066,0.000134852612973,-0.00011910234025,0.000231979676755,-0.0004388341913,0.0000720473108231,-0.000280357373413,0.000134049216285,-0.0000613692973275,0.0000697332798154],[-0.000103152640804,0.000678559707012,0.000160867231898,0.000214823012357,-0.000394900183892,0.000502370414324,-0.000459985341877,0.000821970927063,0.0000804772862466,0.000311841809889,-0.000335355260177,0.000246325216722,-0.00038041442167],[-0.0000133220119096,0.000160867231898,0.00126304791775,-0.000227900338359,0.0000146716638483,-0.000461637624539,-0.0000783525320003,-0.000865596870426,-0.00013730347564,-0.000256666215137,-0.000247656396823,0.000378358294256,-0.000412788096583],[-0.000145615515066,0.000214823012357,-0.000227900338359,0.00442822184414,-0.00177793158218,-0.00144484557677,0.000232517893892,0.00150687526911,0.000200473528821,-0.000377321091946,0.000138267001603,0.00171568954829,-0.00153752509505],[0.000134852612973,-0.000394900183892,0.0000146716638483,-0.00177793158218,0.00578365754336,-0.00185753044207,-0.000202931259992,0.000751577201299,-0.00100448750891,-0.00133502564859,0.00123852211982,-0.00167851883452,-0.000573113444261],[-0.00011910234025,0.000502370414324,-0.000461637624539,-0.00144484557677,-0.00185753044207,0.0104741314426,-0.00415294105187,0.000106992127257,-0.000754099630285,0.00090569985332,-0.0014066536678,-0.000641718565021,0.0000605730856478],[0.000231979676755,-0.000459985341877,-0.0000783525320003,0.000232517893892,-0.000202931259992,-0.00415294105187,0.0116693992168,-0.00777211366221,0.00167013320606,-0.00130302261095,-0.000416576513089,0.00000884371820575,-0.00119397894014],[-0.0004388341913,0.000821970927063,-0.000865596870426,0.00150687526911,0.000751577201299,0.000106992127257,-0.00777211366221,0.0196081772447,-0.0086488025263,0.000294559518807,0.000219512687181,0.00119861960411,0.000456309004221],[0.0000720473108231,0.0000804772862466,-0.00013730347564,0.000200473528821,-0.00100448750891,-0.000754099630285,0.00167013320606,-0.0086488025263,0.0191768854856,-0.00915204454213,0.00178109190892,0.00101978203747,0.000344919040799],[-0.000280357373413,0.000311841809889,-0.000256666215137,-0.000377321091946,-0.00133502564859,0.00090569985332,-0.00130302261095,0.000294559518807,-0.00915204454213,0.0217526331544,-0.0100221158937,0.000154210734763,0.000838291307446],[0.000134049216285,-0.000335355260177,-0.000247656396823,0.000138267001603,0.00123852211982,-0.0014066536678,-0.000416576513089,0.000219512687181,0.00178109190892,-0.0100221158937,0.0247906967998,-0.0093562239781,0.000455307017546],[-0.0000613692973275,0.000246325216722,0.000378358294256,0.00171568954829,-0.00167851883452,-0.000641718565021,0.00000884371820575,0.00119861960411,0.00101978203747,0.000154210734763,-0.0093562239781,0.023436896503,-0.0116075240076],[0.0000697332798154,-0.00038041442167,-0.000412788096583,-0.00153752509505,-0.000573113444261,0.0000605730856478,-0.00119397894014,0.000456309004221,0.000344919040799,0.000838291307446,0.000455307017546,-0.0116075240076,0.0207407101989]],"mean":[-652.737060547,127.947898865,-18.5084857941,19.0800132751,1.09370422363,7.46783828735,-1.16741490364,3.52120351791,0.174474835396,6.00434875488,4.32161808014,1.71219837666,-2.79997944832]},"pitch_salience":{"dmean":0.0681777447462,"dmean2":0.110790841281,"dvar":0.004098250065,"dvar2":0.0106496457011,"max":0.933267474174,"mean":0.570153594017,"median":0.570889949799,"min":0.138924315572,"var":0.0155663471669},"silence_rate_20dB":{"dmean":0,"dmean2":0,"dvar":0,"dvar2":0,"max":1,"mean":1,"median":1,"min":1,"var":0},"silence_rate_30dB":{"dmean":0.013178627938,"dmean2":0.0263610314578,"dvar":0.0130061609671,"dvar2":0.0379904843867,"max":1,"mean":0.99298197031,"median":1,"min":0,"var":0.00696905283257},"silence_rate_60dB":{"dmean":0.0209139082581,"dmean2":0.0418338105083,"dvar":0.0204778630286,"dvar2":0.0443780273199,"max":1,"mean":0.10441134125,"median":0,"min":0,"var":0.0935036018491},"spectral_centroid":{"dmean":235.207473755,"dmean2":338.790618896,"dvar":95208.078125,"dvar2":167480.484375,"max":11947.9560547,"mean":1553.67504883,"median":1327.20605469,"min":234.352630615,"var":1584959.25},"spectral_complexity":{"dmean":4.48503065109,"dmean2":6.27936983109,"dvar":27.8665599823,"dvar2":46.0840644836,"max":59,"mean":22.6996555328,"median":23,"min":0,"var":156.409851074},"spectral_contrast_coeffs":{"dmean":[0.049393735826,0.0456220433116,0.037701331079,0.0285168420523,0.0208875946701,0.0191737469286],"dmean2":[0.0805244967341,0.0741563662887,0.0597239583731,0.045911539346,0.0334331914783,0.0291576981544],"dvar":[0.00185038743075,0.00149813760072,0.00100108666811,0.000580041087233,0.00032312082476,0.000384929444408],"dvar2":[0.00465180305764,0.00385096040554,0.00242905667983,0.00136928027496,0.000754920591135,0.000737613125239],"max":[-0.314666897058,-0.46458491683,-0.498106777668,-0.504418194294,-0.61853402853,-0.583862066269],"mean":[-0.672740459442,-0.745389103889,-0.761249125004,-0.790306568146,-0.796853065491,-0.750106990337],"median":[-0.675924897194,-0.747353971004,-0.767510771751,-0.791293799877,-0.796778202057,-0.751422166824],"min":[-0.981483697891,-0.978693246841,-0.973497211933,-0.970795750618,-0.969286799431,-0.96407610178],"var":[0.00983734149486,0.00588704878464,0.00643849372864,0.00292738666758,0.00180514692329,0.00223595276475]},"spectral_contrast_valleys":{"dmean":[0.382950633764,0.370984315872,0.335500299931,0.298041820526,0.300703495741,0.283891409636],"dmean2":[0.63091391325,0.587982058525,0.516940057278,0.438630461693,0.38468849659,0.380409240723],"dvar":[0.155087828636,0.168020457029,0.162173703313,0.149496540427,0.172555997968,0.19621117413],"dvar2":[0.315621674061,0.298711776733,0.264393806458,0.211231768131,0.218925431371,0.273708611727],"max":[-5.13672161102,-4.4850153923,-5.14930105209,-5.70566415787,-5.53011274338,-7.71737098694],"mean":[-7.65245914459,-6.96185112,-7.45121479034,-7.51899528503,-7.69813966751,-10.742143631],"median":[-6.99048948288,-6.44459104538,-6.9846072197,-7.04135608673,-7.20700836182,-10.2770957947],"min":[-28.0901870728,-27.8572044373,-27.8786964417,-27.6695289612,-27.5165882111,-27.4064369202],"var":[7.19686794281,6.80902290344,6.32301473618,6.03684043884,6.07569980621,5.46151828766]},"spectral_decrease":{"dmean":2.54134957522e-9,"dmean2":3.95894206306e-9,"dvar":1.79288998947e-17,"dvar2":4.29116684897e-17,"max":1.69667169752e-28,"mean":-8.61127169571e-9,"median":-8.55082404883e-9,"min":-4.26532800191e-8,"var":4.59142877912e-17},"spectral_energy":{"dmean":0.0100367451087,"dmean2":0.0155486268923,"dvar":0.000275755359326,"dvar2":0.000655961455777,"max":0.16538310051,"mean":0.0345599129796,"median":0.0343347266316,"min":1.01379328576e-20,"var":0.000717106799129},"spectral_energyband_high":{"dmean":0.00034502017661,"dmean2":0.000480318441987,"dvar":8.13510041553e-7,"dvar2":0.00000152508152951,"max":0.0182373095304,"mean":0.000768040656112,"median":0.000269606505753,"min":7.17070756119e-21,"var":0.00000232525189858},"spectral_energyband_low":{"dmean":0.00622614473104,"dmean2":0.0102013507858,"dvar":0.000157821938046,"dvar2":0.000396370742237,"max":0.139853417873,"mean":0.0159209500998,"median":0.0110547430813,"min":1.32608843454e-23,"var":0.000343520659953},"spectral_energyband_middle_high":{"dmean":0.00229583773762,"dmean2":0.00331858638674,"dvar":0.00000980201821221,"dvar2":0.0000211751303141,"max":0.0434190779924,"mean":0.00713682360947,"median":0.00582494027913,"min":9.2029941988e-22,"var":0.0000435336842202},"spectral_energyband_middle_low":{"dmean":0.00520304450765,"dmean2":0.00816281791776,"dvar":0.000095481867902,"dvar2":0.000229089040658,"max":0.113115809858,"mean":0.0124176600948,"median":0.00967069528997,"min":1.60617343583e-22,"var":0.000157083006343},"spectral_entropy":{"dmean":0.124575912952,"dmean2":0.171565160155,"dvar":0.0206809043884,"dvar2":0.0349550247192,"max":9.82217502594,"mean":7.6603975296,"median":7.6801738739,"min":5.9060716629,"var":0.189517810941},"spectral_flux":{"dmean":0.0255035627633,"dmean2":0.0392159000039,"dvar":0.0011413639877,"dvar2":0.00265732547268,"max":0.366108566523,"mean":0.087554641068,"median":0.0818074420094,"min":6.4363459007e-11,"var":0.00305927265435},"spectral_kurtosis":{"dmean":2.09064435959,"dmean2":3.52233624458,"dvar":10.8231239319,"dvar2":28.7514419556,"max":50.4457473755,"mean":5.69163131714,"median":4.44517612457,"min":-1.24595844746,"var":23.5380344391},"spectral_rms":{"dmean":0.000762732990552,"dmean2":0.001138661406,"dvar":0.00000109450058972,"dvar2":0.00000235102902479,"max":0.0127023374662,"mean":0.00522486772388,"median":0.00578768458217,"min":3.14494285648e-12,"var":0.00000641762244413},"spectral_rolloff":{"dmean":371.858581543,"dmean2":599.48236084,"dvar":474367,"dvar2":910071.9375,"max":19767.4804688,"mean":1710.64782715,"median":1248.92578125,"min":43.06640625,"var":5312570},"spectral_skewness":{"dmean":0.243226289749,"dmean2":0.386385917664,"dvar":0.0883836522698,"dvar2":0.204157233238,"max":5.26632738113,"mean":1.5629683733,"median":1.51794528961,"min":-0.35130110383,"var":0.308733910322},"spectral_spread":{"dmean":379031.28125,"dmean2":569352.625,"dvar":600136417280,"dvar2":1018509852670,"max":42378652,"mean":4238592,"median":3745899,"min":716105.4375,"var":18285257031700},"spectral_strongpeak":{"dmean":0.460317730904,"dmean2":0.776323735714,"dvar":0.61530649662,"dvar2":1.52550029755,"max":12.5403795242,"mean":0.785376131535,"median":0.389622926712,"min":0,"var":0.942540228367},"zerocrossingrate":{"dmean":0.00873933173716,"dmean2":0.00994911510497,"dvar":0.000152852764586,"dvar2":0.000167103367858,"max":0.53515625,"mean":0.0622827149928,"median":0.048828125,"min":0.001953125,"var":0.00377052580006}},"metadata":{"audio_properties":{"analysis_sample_rate":44100,"bit_rate":0,"codec":"flac","downmix":"mix","equal_loudness":0,"length":162.080001831,"lossless":true,"md5_encoded":"c054c4adb46d5d97d968dc33e604680d","replay_gain":-15.2261791229},"tags":{"album":["Gorillaz"],"albumartist":["Gorillaz"],"albumartistsort":["Gorillaz"],"artist":["Gorillaz"],"artistsort":["Gorillaz"],"date":["2001-06-25"],"discnumber":["1"],"disctotal":["1"],"file_name":"02 - 5_4.flac","musicbrainz_albumartistid":["e21857d5-3256-4547-afb3-4b6ded592596"],"musicbrainz_albumid":["bb60c122-39b0-36df-8506-57b4f8d78f28"],"musicbrainz_artistid":["e21857d5-3256-4547-afb3-4b6ded592596"],"musicbrainz_recordingid":["0bce478e-ff71-41ba-bb7b-310910d11cde"],"musicbrainz_releasegroupid":["b0405d2a-5720-340a-bb56-4e135d031cc2"],"producer":["Dan the Automator"],"releasecountry":["GB"],"releasetype":["album"],"replaygain_album_gain":["-8.49 dB"],"replaygain_album_peak":["0.99996948"],"replaygain_reference_loudness":["89.0 dB"],"replaygain_track_gain":["-9.70 dB"],"replaygain_track_peak":["0.99902344"],"title":["5/4"],"totaldiscs":["1"],"totaltracks":["17"],"tracknumber":["2"],"tracktotal":["17"]},"version":{"essentia":"2.1-beta1","essentia_build_sha":"0a826ad6289770054bb7564d59068f1232327ff9","essentia_git_sha":"v2.1_beta1-5-gf9dded9","extractor":"music 1.0"}},"rhythm":{"beats_count":262,"beats_loudness":{"dmean":0.0143010430038,"dmean2":0.0237349681556,"dvar":0.000238812717726,"dvar2":0.000599773309659,"max":0.150120615959,"mean":0.0650540217757,"median":0.0744344741106,"min":0,"var":0.000999177689664},"beats_loudness_band_ratio":{"dmean":[0.279360055923,0.0527605712414,0.1645411551,0.0673367008567,0.0430070385337,0.0457880906761],"dmean2":[0.536956846714,0.0908794105053,0.31160068512,0.12563996017,0.0692155510187,0.0883811935782],"dvar":[0.0337167195976,0.00264007854275,0.0125369420275,0.00518511980772,0.00293439114466,0.0024124418851],"dvar2":[0.105492286384,0.00655910558999,0.039158102124