{"lowlevel":{"average_loudness":0.230041235685,"barkbands":{"dmean":[0.0000616567267571,0.000835885177366,0.00108073104639,0.000626341614407,0.000925879692659,0.000385804713005,0.000242743190029,0.000228815420996,0.00015535345301,0.000261256849626,0.00013783290342,0.000113311580208,0.000167996928212,0.000129966865643,0.0000800435591373,0.000193656582269,0.000252330646617,0.000260061322479,0.000242656722548,0.000155144341988,0.0000568249233766,0.0000550852928427,0.000028465043215,0.0000236431878875,0.000010579497939,0.00000203465242521,2.48510531264e-7],"dmean2":[0.0000889255097718,0.0013256437378,0.001907094731,0.00109274382703,0.00157732970547,0.000633589690551,0.000390546454582,0.000360654928954,0.00023764949583,0.000403927493608,0.0002198452421,0.000179394235602,0.000266012008069,0.000213199004065,0.000127530234749,0.000313760683639,0.000398689007852,0.000406755629228,0.000377364747692,0.000237563799601,0.0000896616766113,0.0000852497832966,0.0000435629626736,0.0000364269326383,0.0000162711112353,0.00000315944384965,4.34890097267e-7],"dvar":[5.41612088512e-8,0.00000974347403826,0.0000147147520693,0.00000251502001447,0.00000664667595629,6.48461707442e-7,2.9551185321e-7,3.984398802e-7,1.89364243397e-7,3.76135744773e-7,1.28122280785e-7,9.28957746282e-8,1.73640785306e-7,8.26067605431e-8,4.55248070352e-8,3.25392136347e-7,4.81382357975e-7,4.75962281143e-7,4.26956688671e-7,1.59366393859e-7,2.18246718475e-8,1.95480662768e-8,7.49866035932e-9,6.51898401927e-9,1.58553536966e-9,6.29321664225e-11,1.84223383076e-12],"dvar2":[1.07410301098e-7,0.0000218552377191,0.0000409809654229,0.00000710276208338,0.0000192025090655,0.00000173673709014,7.15848159416e-7,9.60751776802e-7,4.1461339606e-7,8.91308047812e-7,3.02202607827e-7,2.05931513619e-7,3.88105917182e-7,2.14679545252e-7,1.07838523888e-7,8.1236078131e-7,0.00000114773445148,0.00000109832285489,9.93009280137e-7,3.59142262596e-7,5.26609760243e-8,4.63188669642e-8,1.59652877585e-8,1.53025485616e-8,4.0882022212e-9,1.57169235959e-10,5.15068022955e-12],"max":[0.00386238936335,0.0418202988803,0.0506490133703,0.0360736325383,0.0478241890669,0.0193390343338,0.0153256580234,0.027343198657,0.0174636505544,0.0189921110868,0.011291615665,0.0100569957867,0.0166377071291,0.00692216213793,0.0134687162936,0.027434617281,0.0283711981028,0.0240773390979,0.0260485224426,0.0129333622754,0.00716728530824,0.0062613398768,0.00400197552517,0.00378784653731,0.00134574039839,0.000317044992698,0.0000464947115688],"mean":[0.0000639403588139,0.000848973577376,0.00106825761031,0.000812306127045,0.00157090241555,0.000686634273734,0.000414523732616,0.00039804528933,0.000285316200461,0.000545992515981,0.000262007437414,0.000210327227251,0.000302352098515,0.000216815591557,0.000148621882545,0.000372031034203,0.000505146395881,0.000556468672585,0.000578720355406,0.000355883763405,0.000147809521877,0.000145937592606,0.0000624303575023,0.0000429333922511,0.0000158105704031,0.00000268763096756,2.66626130951e-7],"median":[6.86407361172e-7,0.0000821991052362,0.000214807660086,0.000204748532269,0.000521954731084,0.0002311184071,0.000103746700916,0.0000665072802803,0.00005401357339,0.0000824546586955,0.0000405427163059,0.0000334295473294,0.0000522926493431,0.0000434586727351,0.0000330875445798,0.0000661624944769,0.0000767677920521,0.0000328680835082,0.0000215735308302,0.000019245688236,0.00000615767112322,0.00000358448096449,0.00000382154848921,0.00000203669083021,5.8968345229e-7,9.12124704655e-8,5.23977341516e-8],"min":[4.73142219848e-11,5.43507405748e-10,3.12143338954e-10,3.21666748793e-10,8.36113289715e-10,6.17562945227e-10,1.52892115635e-10,1.0476819412e-9,2.48871745434e-9,3.88450549504e-10,1.73121028624e-9,7.77244379968e-10,2.98624042161e-10,2.36801328546e-10,2.9329580431e-10,9.65554303178e-11,6.52605330886e-11,4.41322117739e-11,2.06989647644e-10,6.02802599503e-11,8.6604119709e-11,9.61182036741e-11,4.57944515642e-11,1.11751059795e-10,2.18106102623e-10,3.42268102749e-10,1.75569267458e-10],"var":[6.89255159614e-8,0.00000982781057246,0.0000105726394395,0.00000269602787739,0.00000782247298048,0.0000012403177152,6.2847055915e-7,9.62594640441e-7,5.17592297911e-7,0.00000156650139616,4.14594865106e-7,2.45778949193e-7,4.74146020224e-7,1.81244331543e-7,1.01245568374e-7,5.94225582518e-7,0.00000118690070394,0.00000134543904551,0.00000155117709255,5.30561578671e-7,1.0029747699e-7,8.96673881812e-8,2.92174870964e-8,1.72637868445e-8,2.2069981398e-9,1.0040127757e-10,1.53798165609e-12]},"barkbands_crest":{"dmean":2.05701255798,"dmean2":3.32350468636,"dvar":3.96369791031,"dvar2":9.89949798584,"max":26.6683425903,"mean":9.03472042084,"median":8.25150680542,"min":2.13702607155,"var":17.3057155609},"barkbands_flatness_db":{"dmean":0.0166690275073,"dmean2":0.0253773331642,"dvar":0.000313187832944,"dvar2":0.0006770407781,"max":0.409268766642,"mean":0.156999275088,"median":0.142586201429,"min":0.0249259285629,"var":0.00421416619793},"barkbands_kurtosis":{"dmean":2.92020654678,"dmean2":4.51465177536,"dvar":45.8892211914,"dvar2":107.489570618,"max":404.95916748,"mean":5.96198987961,"median":0.617144584656,"min":-1.95052790642,"var":210.448120117},"barkbands_skewness":{"dmean":0.478822559118,"dmean2":0.730990886688,"dvar":0.301157146692,"dvar2":0.691789150238,"max":18.6854705811,"mean":1.35872793198,"median":1.10946512222,"min":-4.26331233978,"var":2.21758317947},"barkbands_spread":{"dmean":3.9512784481,"dmean2":6.08360719681,"dvar":27.1407642365,"dvar2":59.0477638245,"max":99.3825302124,"mean":20.9472904205,"median":19.8865528107,"min":0.372281521559,"var":194.426376343},"dissonance":{"dmean":0.0175539031625,"dmean2":0.0293297804892,"dvar":0.000378164579161,"dvar2":0.00099549384322,"max":0.500000178814,"mean":0.459658175707,"median":0.472478151321,"min":0.163363486528,"var":0.00148764194455},"dynamic_complexity":8.12458896637,"erbbands":{"dmean":[0.0227083899081,0.226311713457,1.07876873016,1.77395415306,2.6415116787,3.23760581017,3.04177451134,3.50444245338,3.78032207489,4.38597583771,3.32352900505,3.33021712303,8.42878723145,5.02885484695,6.49236822128,3.86544394493,7.43090438843,6.41206645966,3.60959362984,6.69790649414,10.2717456818,11.309879303,12.3365888596,13.4576034546,11.006855011,7.35449123383,2.60048341751,2.09470772743,2.33322286606,1.3045014143,0.788187980652,0.58824378252,0.341484040022,0.155277475715,0.0576099604368,0.013596012257,0.00305663235486,0.00049368920736,0.0000424460595241,0.00000568084897168],"dmean2":[0.0344431847334,0.374772906303,1.91025876999,3.08180379868,4.62551021576,5.50321292877,4.8969707489,5.79505729675,6.08988904953,7.04139518738,5.17803049088,5.01081514359,12.95997715,7.78373908997,10.3673496246,6.0699634552,11.8261938095,10.3372707367,5.77539920807,10.6451225281,16.434223175,17.7649250031,19.2066402435,20.8044910431,17.0335445404,11.2785978317,4.13126564026,3.29710102081,3.6323325634,2.01540279388,1.20315110683,0.910688638687,0.530342757702,0.241979703307,0.0882014781237,0.0206216070801,0.00482038268819,0.000829731812701,0.0000729797538952,0.00000910748440219],"dvar":[0.00756454467773,0.762497961521,16.5620098114,20.1535015106,79.2928161621,67.9342041016,36.7405166626,60.8527145386,62.4164810181,155.750701904,75.9112014771,78.8081893921,426.193878174,192.448059082,274.127563477,103.396575928,285.777252197,189.327209473,64.4122772217,313.892303467,862.875854492,905.417907715,1077.24938965,1697.76953125,837.592834473,374.54095459,44.8539161682,29.806722641,40.2079315186,13.2944660187,5.9241733551,3.99193668365,1.47380495071,0.346424132586,0.0491443797946,0.00244444096461,0.000160825802595,0.00000597418465986,5.55154073822e-8,2.24676013905e-10],"dvar2":[0.0164583846927,1.92054224014,46.0012779236,56.5837287903,231.942199707,193.593536377,92.2711410522,166.082138062,155.649612427,385.319488525,176.192733765,169.756576538,990.012390137,453.192657471,645.536621094,228.508087158,670.689819336,471.760772705,156.321395874,763.417358398,2137.52563477,2145.93505859,2585.62670898,3939.94091797,1884.89758301,835.894775391,108.723937988,71.6326293945,95.103767395,30.4853515625,12.457818985,9.16176128387,3.58942127228,0.900177955627,0.125408321619,0.00595160713419,0.000408200081438,0.0000162962915056,1.55591450834e-7,5.80904935266e-10],"max":[1.61597120762,11.4110631943,52.6774330139,68.9560317993,182.78137207,182.757766724,167.468612671,201.856582642,135.589553833,425.087799072,379.054534912,394.473754883,661.555236816,608.159912109,579.480957031,340.240264893,570.137939453,307.529602051,279.922088623,951.999267578,1332.56481934,1534.98498535,1649.9465332,1709.4822998,1648.55383301,715.153137207,339.99005127,222.074584961,331.730865479,170.524993896,117.085220337,94.9753646851,67.5284500122,22.4356746674,11.3425312042,1.49812185764,0.530643463135,0.0926720574498,0.0101067675278,0.000438774790382],"mean":[0.0225699152797,0.206534639001,1.0113350153,2.31468391418,3.81597757339,5.03614234924,5.68687582016,6.02607584,6.76323318481,7.63568067551,6.18737649918,6.78273248672,17.1107387543,11.1798286438,12.9647512436,8.1019859314,13.9707708359,11.9432153702,7.85955667496,13.9540834427,22.48396492,25.7491283417,28.8471679688,31.5066776276,26.8646907806,17.7305488586,6.90291452408,5.4794459343,5.72381353378,3.23292136192,1.73207437992,1.10295188427,0.587236166,0.240338370204,0.0818813592196,0.0192222166806,0.00377778895199,0.000533610058483,0.0000515097272,0.0000161017633218],"median":[0.00175682245754,0.0251639187336,0.190118566155,0.692407011986,1.07140827179,1.53403484821,1.9329944849,1.94065284729,1.91417896748,1.62502276897,1.45054960251,1.65728807449,2.71944499016,2.03156065941,2.14530563354,1.71344280243,2.7635474205,2.83225607872,2.07952594757,3.20661950111,4.09689331055,3.74345421791,2.29850316048,1.13057386875,1.26849985123,0.872125566006,0.444673478603,0.187801256776,0.115092746913,0.131275340915,0.113918282092,0.0570528358221,0.0299312006682,0.010470783338,0.00240462692454,0.000679781078361,0.000131116830744,0.0000563695684832,0.0000103957036117,0.0000064136202127],"min":[2.10120632005e-8,1.06416699452e-7,3.26930944539e-7,7.91480545104e-7,0.00000171086765022,0.00000300445640278,0.00000446548438049,0.00000499345333083,0.00000207136645258,0.00000840111260914,0.0000327398374793,0.000059277004766,0.0000185194421647,0.0000361150596291,0.0000656991105643,0.0000303441665892,0.0000151239592014,0.0000130823709696,0.0000149206034621,0.0000113844616862,0.00000482487212139,0.00000367781831301,0.00000281623329101,0.00000526305484527,0.0000107293562905,0.00000326118561134,0.00000160911008606,0.00000529065300725,0.00000451200730822,9.79764990916e-7,0.00000146190166106,7.67266897128e-7,0.00000262171738541,0.00000306618244394,0.00000131663057346,8.6758643647e-7,8.55284781665e-7,2.05999256764e-7,2.42536071227e-8,1.5522708674e-9],"var":[0.00810968503356,0.620526432991,11.4615974426,20.5192966461,67.2379226685,84.9495315552,91.0020980835,101.858505249,143.32194519,363.410125732,182.53604126,228.089370728,1570.05981445,817.600280762,897.361083984,286.980499268,807.251647949,476.580718994,207.723022461,707.862670898,1926.67297363,2586.77270508,3084.95556641,5528.48632812,3134.04736328,1328.12731934,195.777633667,135.813751221,146.552459717,55.9809417725,23.2232589722,12.2238521576,3.1715157032,0.50006210804,0.0648806914687,0.00421748869121,0.000228580218391,0.00000559965474167,4.74611319135e-8,4.92299423449e-10]},"erbbands_crest":{"dmean":2.11586928368,"dmean2":3.37127304077,"dvar":4.2897439003,"dvar2":10.2914161682,"max":33.3115997314,"mean":9.0355796814,"median":7.93868160248,"min":2.53749775887,"var":18.6173744202},"erbbands_flatness_db":{"dmean":0.0157173965126,"dmean2":0.0229409709573,"dvar":0.000278495863313,"dvar2":0.000558798783459,"max":0.415736675262,"mean":0.187681645155,"median":0.18735152483,"min":0.0534618869424,"var":0.00181112077553},"erbbands_kurtosis":{"dmean":1.10207009315,"dmean2":1.67216563225,"dvar":4.44299030304,"dvar2":9.74081516266,"max":93.4470672607,"mean":1.21674132347,"median":-0.0939083099365,"min":-1.88375020027,"var":21.2795581818},"erbbands_skewness":{"dmean":0.341147065163,"dmean2":0.506686866283,"dvar":0.123553387821,"dvar2":0.261107414961,"max":7.6929526329,"mean":0.1616332829,"median":-0.0336213707924,"min":-5.95606994629,"var":1.3179962635},"erbbands_spread":{"dmean":6.42395353317,"dmean2":9.9223613739,"dvar":65.2095413208,"dvar2":154.130325317,"max":143.584381104,"mean":32.5262985229,"median":31.293548584,"min":1.18904745579,"var":226.585708618},"gfcc":{"cov":[[17639.40625,-2114.87719727,-4444.99365234,2531.91455078,-2033.21264648,625.046508789,121.527946472,66.3563461304,87.3686141968,-556.842224121,416.853363037,-152.621307373,-22.6480140686],[-2114.87719727,1642.02941895,754.20135498,-288.321960449,475.88482666,-294.630310059,49.5861434937,-189.076477051,25.4015369415,-11.5903320312,14.225897789,-81.4682540894,21.1782684326],[-4444.99365234,754.20135498,2204.86254883,-459.201843262,456.598022461,-17.6616783142,-150.346420288,23.2853546143,-46.2409095764,174.596221924,-95.5621490479,35.021697998,-34.1196937561],[2531.91455078,-288.321960449,-459.201843262,792.21685791,-255.672119141,37.9908256531,35.4476699829,-25.3017139435,44.0464019775,-84.1144485474,78.1214370728,-29.3907527924,-7.68522310257],[-2033.21264648,475.88482666,456.598022461,-255.672119141,542.605102539,-83.7923278809,-0.489363640547,-31.4062976837,-16.9267940521,84.1019287109,-57.8668823242,18.4865570068,10.8416318893],[625.046508789,-294.630310059,-17.6616783142,37.9908256531,-83.7923278809,336.655639648,18.7002601624,28.2474842072,-8.50719070435,-8.34568023682,7.3251414299,13.5249261856,4.34068822861],[121.527946472,49.5861434937,-150.346420288,35.4476699829,-0.489363640547,18.7002601624,217.513031006,6.3271727562,-13.1140527725,-24.5675125122,-14.9017219543,15.3875188828,2.37653851509],[66.3563461304,-189.076477051,23.2853546143,-25.3017139435,-31.4062976837,28.2474842072,6.3271727562,187.483276367,28.7148838043,14.3110704422,0.538406789303,0.402172118425,-1.16580319405],[87.3686141968,25.4015369415,-46.2409095764,44.0464019775,-16.9267940521,-8.50719070435,-13.1140527725,28.7148838043,118.182022095,16.3161907196,11.5294408798,-11.2089061737,0.035991024226],[-556.842224121,-11.5903320312,174.596221924,-84.1144485474,84.1019287109,-8.34568023682,-24.5675125122,14.3110704422,16.3161907196,118.12361145,10.2566728592,3.43847155571,-11.9177808762],[416.853363037,14.225897789,-95.5621490479,78.1214370728,-57.8668823242,7.3251414299,-14.9017219543,0.538406789303,11.5294408798,10.2566728592,110.454681396,-2.35685825348,-12.4761857986],[-152.621307373,-81.4682540894,35.021697998,-29.3907527924,18.4865570068,13.5249261856,15.3875188828,0.402172118425,-11.2089061737,3.43847155571,-2.35685825348,109.370956421,25.0199222565],[-22.6480140686,21.1782684326,-34.1196937561,-7.68522310257,10.8416318893,4.34068822861,2.37653851509,-1.16580319405,0.035991024226,-11.9177808762,-12.4761857986,25.0199222565,85.3989486694]],"icov":[[0.000509350036737,-0.000767861492932,0.000994765432552,-0.00119585206266,0.00118565536104,-0.00109276920557,0.000974280410446,-0.00100855343044,0.00102546741255,-0.000706932100002,0.000735164852813,-0.000716143229511,0.000697597803082],[-0.000767861492932,0.00360123440623,-0.00247440184467,0.00251846504398,-0.00331614422612,0.00318164005876,-0.00316341547295,0.00382563541643,-0.00345560442656,0.00411690399051,-0.00411434238777,0.00369295687415,-0.00256618554704],[0.000994765432552,-0.00247440184467,0.00299724144861,-0.0024952518288,0.00253758928739,-0.0028492254205,0.00302114267834,-0.00301394378766,0.00301128393039,-0.00314421788789,0.00304710748605,-0.00263452227227,0.00232479674742],[-0.00119585206266,0.00251846504398,-0.0024952518288,0.00474598770961,-0.00275923986919,0.00293770595454,-0.0030120247975,0.00340041867457,-0.00360818440095,0.0033304982353,-0.00349283544347,0.00270773516968,-0.00201759883203],[0.00118565536104,-0.00331614422612,0.00253758928739,-0.00275923986919,0.00653442181647,-0.00294040259905,0.0028323601,-0.00317927706055,0.00360412034206,-0.00491138035432,0.00435308879241,-0.00334383826703,0.00202872906812],[-0.00109276920557,0.00318164005876,-0.0028492254205,0.00293770595454,-0.00294040259905,0.00649582780898,-0.00344425928779,0.00319286063313,-0.00303982337937,0.00328791514039,-0.00350713566877,0.0028294629883,-0.00265147234313],[0.000974280410446,-0.00316341547295,0.00302114267834,-0.0030120247975,0.0028323601,-0.00344425928779,0.00823566969484,-0.00396006088704,0.00388084934093,-0.00290081580169,0.00442713825032,-0.00405893381685,0.00294060539454],[-0.00100855343044,0.00382563541643,-0.00301394378766,0.00340041867457,-0.00317927706055,0.00319286063313,-0.00396006088704,0.0100291883573,-0.00535140745342,0.00364782637917,-0.00418026186526,0.00388586334884,-0.00286376383156],[0.00102546741255,-0.00345560442656,0.00301128393039,-0.00360818440095,0.00360412034206,-0.00303982337937,0.00388084934093,-0.00535140745342,0.0131675219163,-0.00570515077561,0.0037012596149,-0.00269742496312,0.00205250666477],[-0.000706932100002,0.00411690399051,-0.00314421788789,0.0033304982353,-0.00491138035432,0.00328791514039,-0.00290081580169,0.00364782637917,-0.00570515077561,0.0163873136044,-0.00714782066643,0.00388265587389,-0.00147047557402],[0.000735164852813,-0.00411434238777,0.00304710748605,-0.00349283544347,0.00435308879241,-0.00350713566877,0.00442713825032,-0.00418026186526,0.0037012596149,-0.00714782066643,0.0157043095678,-0.00490288017318,0.0042953947559],[-0.000716143229511,0.00369295687415,-0.00263452227227,0.00270773516968,-0.00334383826703,0.0028294629883,-0.00405893381685,0.00388586334884,-0.00269742496312,0.00388265587389,-0.00490288017318,0.0140509903431,-0.00575787201524],[0.000697597803082,-0.00256618554704,0.00232479674742,-0.00201759883203,0.00202872906812,-0.00265147234313,0.00294060539454,-0.00286376383156,0.00205250666477,-0.00147047557402,0.0042953947559,-0.00575787201524,0.0151430740952]],"mean":[-117.390098572,108.185890198,-124.685806274,31.3669681549,-50.2714805603,-2.54926228523,-40.728477478,1.28395235538,-25.5432090759,-8.37813091278,-14.707069397,-4.32974147797,-7.83183050156]},"hfc":{"dmean":2.61429333687,"dmean2":3.9077000618,"dvar":25.3752231598,"dvar2":56.1464004517,"max":141.6902771,"mean":13.0945663452,"median":3.06787252426,"min":0.00002111539834,"var":332.360687256},"melbands":{"dmean":[0.000204317140742,0.000474356522318,0.000317276659189,0.000206683864235,0.000117613555631,0.0000777644163463,0.0000543082715012,0.0000514418134117,0.0000247783173108,0.0000232731035794,0.0000430334475823,0.0000217284232349,0.0000194591739273,0.0000134589463414,0.0000154680583364,0.0000154941662913,0.0000134804604386,0.00000681342498865,0.00000706571336195,0.0000138564646477,0.0000137012902997,0.0000147316150105,0.0000149627585415,0.0000114266513265,0.0000126855302369,0.00000888956310519,0.00000784388612374,0.00000468963889944,0.00000169316285792,0.00000169068709965,0.00000133362436827,0.00000142070689435,0.00000126620875562,6.43159751235e-7,4.85535281314e-7,4.49227002264e-7,3.47490725972e-7,2.65878867367e-7,1.88048659311e-7,1.18019784168e-7],"dmean2":[0.000313947850373,0.000825942726806,0.0005513059441,0.00035958798253,0.000189164769836,0.00012787245214,0.0000874596589711,0.0000820333298179,0.0000384351696994,0.0000351328671968,0.0000661601152387,0.0000335508921125,0.0000310118375637,0.0000212597205973,0.000024149492674,0.0000244466627919,0.0000219209450734,0.0000110163700811,0.0000111505660243,0.0000224666327995,0.0000217497745325,0.0000232927668549,0.0000236524228967,0.0000180707866093,0.0000196886776394,0.0000138327677632,0.000012066686395,0.00000728508302927,0.00000273097839454,0.00000269259248853,0.00000212873419514,0.00000222831340579,0.00000198787392947,0.00000100769705114,7.54421989768e-7,7.02583236034e-7,5.46490923625e-7,4.19660949547e-7,2.99331588849e-7,1.87024738807e-7],"dvar":[5.71644307001e-7,0.00000322631058225,6.45113857445e-7,4.37816311205e-7,5.47276997054e-8,2.76639884333e-8,1.27988544207e-8,2.07003250097e-8,4.22331991601e-9,4.1578394061e-9,1.10498046269e-8,3.58227381092e-9,2.23417839784e-9,1.25671195672e-9,2.63674015955e-9,1.48917445042e-9,8.70734540026e-10,2.35493069489e-10,3.65796143376e-10,1.87378956795e-9,1.52916157514e-9,1.79901571418e-9,1.86495041632e-9,9.67620428227e-10,1.63519497942e-9,6.0268273705e-10,4.300449441e-10,1.62405450199e-10,1.94103847578e-11,1.93843066598e-11,1.31770783521e-11,1.49253040482e-11,1.13268578544e-11,3.7522099143e-12,2.19792760381e-12,2.39998819429e-12,1.43643669008e-12,9.46919626044e-13,4.6494015235e-13,2.15191742464e-13],"dvar2":[0.00000118583704989,0.0000088018250608,0.00000181876100669,0.0000012799690694,1.38240451975e-7,7.48645092585e-8,3.17817416828e-8,5.111040835e-8,9.61534052379e-9,8.8602467585e-9,2.57540619941e-8,8.34233926383e-9,5.37054001271e-9,2.81343326414e-9,5.29117683001e-9,3.35864269729e-9,2.22475637912e-9,5.88102067045e-10,8.77205363903e-10,4.70127003993e-9,3.72915431868e-9,4.12491463209e-9,4.26060164926e-9,2.33194152877e-9,3.77926623329e-9,1.3292815737e-9,9.81090764185e-10,3.58237356446e-10,4.8045959572e-11,4.72044486832e-11,3.24493626414e-11,3.52653600766e-11,2.79840595141e-11,8.64387207644e-12,4.8156175228e-12,5.48617488244e-12,3.39569886966e-12,2.35740008243e-12,1.18153089309e-12,5.70434758457e-13],"max":[0.0130167361349,0.0228655487299,0.0146377356723,0.0124052762985,0.00541881425306,0.00429640244693,0.00237369257957,0.00535152759403,0.00354923168197,0.00275212945417,0.00330511387438,0.00260967365466,0.00154128822032,0.00117161229718,0.0026274623815,0.00111132429447,0.000678162439726,0.000469675695058,0.00116211024579,0.00204522442073,0.00193106231745,0.00225763767958,0.00204979302362,0.00101937155705,0.00175030587707,0.00164930499159,0.000760299619287,0.00040397036355,0.000233162514633,0.000136857823236,0.000147970509715,0.000163807839272,0.000136068600114,0.0000960833858699,0.0000605492168688,0.0000864337125677,0.0000507178046973,0.0000599454760959,0.0000254528022197,0.000017984488295],"mean":[0.000218864777707,0.000452304491773,0.000443064782303,0.000317312980769,0.00021937902784,0.000137671813718,0.0000965151120909,0.0000884932087502,0.000045450979087,0.000044159067329,0.0000865114852786,0.000045349366701,0.0000390651839552,0.0000261082677753,0.0000268560197583,0.0000280302701867,0.0000227940290642,0.0000129238314912,0.0000134958845592,0.0000252032514254,0.0000277017625194,0.0000280994227069,0.0000286933573079,0.0000237477961491,0.0000263739839284,0.00001919728129,0.00001733184763,0.0000101991536212,0.00000387104137189,0.00000382387906939,0.00000292629079013,0.0000031552301607,0.00000285866781269,0.00000137778863518,9.96017206489e-7,8.34859861243e-7,6.09641460869e-7,4.42874835471e-7,2.90555931315e-7,1.7197838531e-7],"median":[0.0000201019702217,0.0000854724203236,0.000141713841003,0.00009888279601,0.0000745917204767,0.0000449691651738,0.0000269700958597,0.0000165499004652,0.0000103932470665,0.00000920446927921,0.0000128082447191,0.00000703095247445,0.00000612758049101,0.00000433595732829,0.00000454437395092,0.00000493338711749,0.00000472337706015,0.00000296644225273,0.00000299386829283,0.00000459105467598,0.00000466548090117,0.00000397022176912,0.0000025288895813,0.00000137678387091,7.4387122595e-7,7.39389349746e-7,7.78082494435e-7,4.60154751636e-7,2.44013989459e-7,1.45516196426e-7,7.16917440968e-8,5.42518741042e-8,7.26209492541e-8,6.24913525371e-8,6.05558554412e-8,4.42323084826e-8,2.70978937067e-8,2.28400889313e-8,1.26487762486e-8,6.9580075035e-9],"min":[1.8805855484e-10,1.62894808753e-10,1.61290786282e-10,1.70140929123e-10,1.55841742289e-10,1.11205447628e-10,3.04018407671e-11,1.14471238044e-10,3.07447040049e-10,3.65593444407e-10,7.84372081175e-11,1.28053026516e-10,2.40501313309e-10,1.03730288248e-10,5.34030007715e-11,2.75086394635e-11,2.2763792587e-11,2.28878721531e-11,2.0355659866e-11,8.76334421696e-12,5.70523749771e-12,4.36639916931e-12,2.40133433971e-12,1.84047677272e-12,4.04384295147e-12,9.55779639461e-12,4.24891719031e-12,1.74389506741e-12,7.16119275424e-13,1.90193477287e-12,3.32886257622e-12,3.16518621209e-12,7.32615194638e-13,5.23532064055e-13,1.02110594286e-12,3.95112301167e-13,4.56260680279e-13,1.42793155772e-12,2.404793812e-12,3.01306765996e-12],"var":[6.54915368159e-7,0.00000230883620134,6.62170066335e-7,3.98121841272e-7,1.34896211534e-7,5.00913728274e-8,2.905807861e-8,5.03613897251e-8,1.00355963539e-8,1.17013927436e-8,4.13176266534e-8,1.48732306471e-8,7.73084529726e-9,3.74306230455e-9,6.31523899841e-9,4.05341005205e-9,1.9297095033e-9,6.48551823357e-10,7.8420103744e-10,2.9859705819e-9,3.33692518062e-9,4.3206109801e-9,4.43925696203e-9,2.46720643915e-9,4.79843720314e-9,2.04848049634e-9,1.348443468e-9,5.14028708487e-10,6.84491352487e-11,7.0398485652e-11,4.52797348227e-11,4.79011344479e-11,3.79389089589e-11,1.3089286599e-11,7.39996518923e-12,7.74076809595e-12,3.71789491554e-12,1.89882289579e-12,7.60491713006e-13,2.71396620455e-13]},"melbands_crest":{"dmean":2.70029067993,"dmean2":4.38456869125,"dvar":7.31633710861,"dvar2":18.0122528076,"max":34.647644043,"mean":11.9597997665,"median":11.2324638367,"min":2.68851685524,"var":23.109418869},"melbands_flatness_db":{"dmean":0.021188069135,"dmean2":0.0322508774698,"dvar":0.000557093182579,"dvar2":0.00119743566029,"max":0.560847699642,"mean":0.218236118555,"median":0.204180926085,"min":0.0230593755841,"var":0.0106302453205},"melbands_kurtosis":{"dmean":5.39894008636,"dmean2":8.50921440125,"dvar":130.592224121,"dvar2":317.988891602,"max":459.716552734,"mean":11.0762758255,"median":4.82774066925,"min":-1.93448746204,"var":339.337310791},"melbands_skewness":{"dmean":0.601405382156,"dmean2":0.925627171993,"dvar":0.526973485947,"dvar2":1.24828863144,"max":14.9135227203,"mean":2.20974397659,"median":1.95670986176,"min":-2.60567498207,"var":2.28932762146},"melbands_spread":{"dmean":6.52511692047,"dmean2":10.1546583176,"dvar":89.2202529907,"dvar2":200.295928955,"max":276.096466064,"mean":28.9491710663,"median":22.7316741943,"min":0.422590017319,"var":605.949645996},"mfcc":{"cov":[[21665.8144531,-3963.75292969,-3198.97753906,982.411621094,-1717.48278809,80.1615219116,-92.5012588501,545.840087891,-396.817047119,13.1476325989,135.900024414,-239.481384277,80.7215957642],[-3963.75292969,1952.93017578,584.793029785,-55.3994407654,398.132568359,-17.1103210449,31.449136734,-171.259887695,31.4173069,-22.149394989,-57.4656105042,43.0457725525,13.5581789017],[-3198.97753906,584.793029785,1405.37463379,-37.9951057434,344.485351562,50.9556121826,22.2572650909,-63.3339347839,30.0609874725,22.2145290375,-30.0477161407,77.2957305908,-9.58160018921],[982.411621094,-55.3994407654,-37.9951057434,536.914916992,-31.4520530701,6.26726341248,-30.8656368256,12.4316043854,-44.1476249695,-13.5852355957,24.1564617157,-19.7189025879,44.0264015198],[-1717.48278809,398.132568359,344.485351562,-31.4520530701,418.751525879,23.5974254608,-5.6525812149,-75.0429916382,29.5617218018,29.2597389221,-23.9631061554,53.0911140442,6.13948488235],[80.1615219116,-17.1103210449,50.9556121826,6.26726341248,23.5974254608,245.803268433,51.0127410889,14.9971256256,10.4408483505,-41.3110923767,7.63714742661,-12.1192445755,-2.0020840168],[-92.5012588501,31.449136734,22.2572650909,-30.8656368256,-5.6525812149,51.0127410889,161.529541016,42.5900382996,8.271900177,10.1244182587,-4.37883281708,3.51107025146,3.08378624916],[545.840087891,-171.259887695,-63.3339347839,12.4316043854,-75.0429916382,14.9971256256,42.5900382996,152.820632935,34.4622993469,-14.5381317139,17.1624279022,-20.3181648254,1.23438489437],[-396.817047119,31.4173069,30.0609874725,-44.1476249695,29.5617218018,10.4408483505,8.271900177,34.4622993469,132.086959839,23.6506481171,-14.9895925522,-1.55681908131,-8.54105091095],[13.1476325989,-22.149394989,22.2145290375,-13.5852355957,29.2597389221,-41.3110923767,10.1244182587,-14.5381317139,23.6506481171,133.764144897,19.0294628143,14.799665451,-0.322021156549],[135.900024414,-57.4656105042,-30.0477161407,24.1564617157,-23.9631061554,7.63714742661,-4.37883281708,17.1624279022,-14.9895925522,19.0294628143,117.331085205,15.5349149704,-9.61188983917],[-239.481384277,43.0457725525,77.2957305908,-19.7189025879,53.0911140442,-12.1192445755,3.51107025146,-20.3181648254,-1.55681908131,14.799665451,15.5349149704,97.6203994751,23.2781581879],[80.7215957642,13.5581789017,-9.58160018921,44.0264015198,6.13948488235,-2.0020840168,3.08378624916,1.23438489437,-8.54105091095,-0.322021156549,-9.61188983917,23.2781581879,88.3455276489]],"icov":[[0.00014539177937,0.000144817342516,0.000201665054192,-0.000196901659365,0.000255838502198,-0.000190048885997,0.000148601495312,-0.000317526399158,0.000401726167183,-0.000292976736091,0.000231615282246,-0.000136626389576,0.0000410592765547],[0.000144817342516,0.000895490054972,0.0000225864714594,-0.00019144709222,-0.000244261085754,0.000115267110232,-0.000319494109135,0.000489006692078,0.0000520301509823,0.000235126237385,0.000109551328933,0.000152647684445,-0.000170401079231],[0.000201665054192,0.0000225864714594,0.00123933434952,-0.000306866830215,-0.000208293145988,-0.00046641996596,0.000211695936741,-0.000627102795988,0.000626798020676,-0.000541726651136,0.00054489239119,-0.00073519279249,0.00041651003994],[-0.000196901659365,-0.00019144709222,-0.000306866830215,0.002367134206,-0.000352678238414,0.000143285476952,0.000276801467407,0.000146236052387,0.0000925430795178,0.000386952713598,-0.000806448748335,0.000936521450058,-0.00131173280533],[0.000255838502198,-0.000244261085754,-0.000208293145988,-0.000352678238414,0.00426331767812,-0.000935730466153,0.000653279770631,0.000303252221784,0.0000834197126096,-0.00128267798573,0.000949621899053,-0.00155200401787,0.000128013532958],[-0.000190048885997,0.000115267110232,-0.00046641996596,0.000143285476952,-0.000935730466153,0.00530936336145,-0.00219910894521,0.00114377727732,-0.00145160919055,0.00258842715994,-0.00145924394019,0.0012647958938,-0.00034283217974],[0.000148601495312,-0.000319494109135,0.000211695936741,0.000276801467407,0.000653279770631,-0.00219910894521,0.0081048393622,-0.00341842183843,0.00153572240379,-0.00223664287478,0.00146022019908,-0.00112128118053,0.0000625266184215],[-0.000317526399158,0.000489006692078,-0.000627102795988,0.000146236052387,0.000303252221784,0.00114377727732,-0.00341842183843,0.0108415437862,-0.00453890254721,0.00291178212501,-0.0027412311174,0.00210470776074,-0.00123413151596],[0.000401726167183,0.0000520301509823,0.000626798020676,0.0000925430795178,0.0000834197126096,-0.00145160919055,0.00153572240379,-0.00453890254721,0.0108143463731,-0.00340693327598,0.00266047962941,-0.00074610451702,0.00113707454875],[-0.000292976736091,0.000235126237385,-0.000541726651136,0.000386952713598,-0.00128267798573,0.00258842715994,-0.00223664287478,0.00291178212501,-0.00340693327598,0.0102089429274,-0.00288888812065,0.000376676936867,-0.000540515116882],[0.000231615282246,0.000109551328933,0.00054489239119,-0.000806448748335,0.000949621899053,-0.00145924394019,0.00146022019908,-0.0027412311174,0.00266047962941,-0.00288888812065,0.0107856076211,-0.00319959758781,0.00238401582465],[-0.000136626389576,0.000152647684445,-0.00073519279249,0.000936521450058,-0.00155200401787,0.0012647958938,-0.00112128118053,0.00210470776074,-0.00074610451702,0.000376676936867,-0.00319959758781,0.0135550182313,-0.004289268516],[0.0000410592765547,-0.000170401079231,0.00041651003994,-0.00131173280533,0.000128013532958,-0.00034283217974,0.0000625266184215,-0.00123413151596,0.00113707454875,-0.000540515116882,0.00238401582465,-0.004289268516,0.0135026061907]],"mean":[-754.909667969,131.582199097,-7.96752500534,27.9678878784,8.4132270813,-1.93718278408,-5.0322599411,1.67919123173,-5.70573091507,-4.67126655579,-7.56404399872,-3.65912508965,-3.39072751999]},"pitch_salience":{"dmean":0.0609591305256,"dmean2":0.0979945957661,"dvar":0.00311369611882,"dvar2":0.0077647715807,"max":0.900768995285,"mean":0.579229772091,"median":0.594104349613,"min":0.0626749992371,"var":0.0134805878624},"silence_rate_20dB":{"dmean":0,"dmean2":0,"dvar":0,"dvar2":0,"max":1,"mean":1,"median":1,"min":1,"var":0},"silence_rate_30dB":{"dmean":0,"dmean2":0,"dvar":0,"dvar2":0,"max":1,"mean":1,"median":1,"min":1,"var":0},"silence_rate_60dB":{"dmean":0.0240149218589,"dmean2":0.0480020977557,"dvar":0.0234256274998,"dvar2":0.0525881201029,"max":1,"mean":0.469880223274,"median":0,"min":0,"var":0.249086797237},"spectral_centroid":{"dmean":187.806182861,"dmean2":288.36138916,"dvar":57039.046875,"dvar2":122617.789062,"max":5798.55371094,"mean":1444.17480469,"median":1323.9276123,"min":160.606948853,"var":843891.3125},"spectral_complexity":{"dmean":2.21887397766,"dmean2":3.51962924004,"dvar":8.92073154449,"dvar2":20.1341762543,"max":61,"mean":14.4873075485,"median":8,"min":0,"var":193.463882446},"spectral_contrast_coeffs":{"dmean":[0.0454894974828,0.0411435067654,0.0337870828807,0.0279505904764,0.0211881436408,0.0161629132926],"dmean2":[0.0748276337981,0.0679467245936,0.0539256930351,0.0447217598557,0.0336526222527,0.0257701054215],"dvar":[0.00157661887351,0.00113377673551,0.000781649898272,0.000551737844944,0.000340946309734,0.000283896719338],"dvar2":[0.00420682039112,0.00301863369532,0.00194359046873,0.00136677594855,0.000777220760938,0.000638105731923],"max":[-0.320214271545,-0.424209803343,-0.493243277073,-0.519411742687,-0.566966533661,-0.562340319157],"mean":[-0.630046248436,-0.750059008598,-0.767506420612,-0.777995407581,-0.780556380749,-0.774385988712],"median":[-0.631367385387,-0.755289614201,-0.772149562836,-0.780975937843,-0.782168388367,-0.79910838604],"min":[-0.974099755287,-0.952538490295,-0.952123463154,-0.946586608887,-0.914786636829,-0.906839430332],"var":[0.00698956009001,0.00449862703681,0.0042462144047,0.00376920145936,0.00379097601399,0.00611753901467]},"spectral_contrast_valleys":{"dmean":[0.392870664597,0.339787334204,0.302217483521,0.264128565788,0.224938601255,0.270999222994],"dmean2":[0.642411649227,0.559860110283,0.489278912544,0.422338664532,0.343571424484,0.379932969809],"dvar":[0.124395087361,0.0810723602772,0.0737199932337,0.0641746893525,0.0631570369005,0.145129486918],"dvar2":[0.296907037497,0.212379544973,0.178657799959,0.147031232715,0.127396672964,0.284544825554],"max":[-5.39633131027,-4.81120443344,-5.70704841614,-6.0193529129,-5.52900600433,-7.74297189713],"mean":[-8.39717483521,-7.75707912445,-8.50625801086,-8.80832576752,-8.64943218231,-11.5662384033],"median":[-8.26697826385,-7.58799648285,-8.16854381561,-8.48235702515,-8.53349590302,-11.6166715622],"min":[-12.5741786957,-13.1097040176,-12.7822198868,-13.5558013916,-14.2554035187,-16.0694293976],"var":[1.37435150146,1.63039064407,2.13992905617,2.35260176659,3.17373657227,2.56467723846]},"spectral_decrease":{"dmean":8.74575800669e-10,"dmean2":1.40283284988e-9,"dvar":4.35431803556e-18,"dvar2":1.11208312221e-17,"max":-2.67439472261e-15,"mean":-2.49945131259e-9,"median":-9.94866300452e-10,"min":-2.6021391264e-8,"var":1.01002293126e-17},"spectral_energy":{"dmean":0.00346894492395,"dmean2":0.00554169574752,"dvar":0.00006553986168,"dvar2":0.000166750643984,"max":0.102739490569,"mean":0.0106211565435,"median":0.00410205032676,"min":1.20090337674e-8,"var":0.00017651617236},"spectral_energyband_high":{"dmean":0.000169225502759,"dmean2":0.000252849218668,"dvar":1.66676571212e-7,"dvar2":3.40044579161e-7,"max":0.0176509302109,"mean":0.000551274220925,"median":0.0000419965799665,"min":1.09284148397e-9,"var":0.00000114078420665},"spectral_energyband_low":{"dmean":0.00206144200638,"dmean2":0.00333832926117,"dvar":0.0000447237507615,"dvar2":0.000112554051157,"max":0.0861653313041,"mean":0.00242634629831,"median":0.000547420699149,"min":1.21436405376e-9,"var":0.0000425740036007},"spectral_energyband_middle_high":{"dmean":0.000785967335105,"dmean2":0.0012020743452,"dvar":0.00000216781745621,"dvar2":0.00000511314874529,"max":0.0426611416042,"mean":0.00385840446688,"median":0.000815148989204,"min":4.12445988474e-9,"var":0.0000293862103717},"spectral_energyband_middle_low":{"dmean":0.00174825114664,"dmean2":0.00289855664596,"dvar":0.0000178766258614,"dvar2":0.0000499931593367,"max":0.0861268490553,"mean":0.00442553358153,"median":0.00203244178556,"min":5.52139756138e-9,"var":0.0000347959685314},"spectral_entropy":{"dmean":0.150822371244,"dmean2":0.22467635572,"dvar":0.0331082493067,"dvar2":0.0669789090753,"max":8.70523738861,"mean":7.18077373505,"median":7.31504392624,"min":4.80637025833,"var":0.423058778048},"spectral_flux":{"dmean":0.0126542942598,"dmean2":0.0201107282192,"dvar":0.000469915335998,"dvar2":0.000986088183708,"max":0.279391825199,"mean":0.0465571507812,"median":0.0327275805175,"min":0.000828217191156,"var":0.00203887792304},"spectral_kurtosis":{"dmean":2.40914463997,"dmean2":4.00556898117,"dvar":9.14730548859,"dvar2":23.539068222,"max":86.0592422485,"mean":7.96493053436,"median":5.22098064423,"min":-1.26666903496,"var":51.9351615906},"spectral_rms":{"dmean":0.000390232598875,"dmean2":0.000600653525908,"dvar":4.73264179846e-7,"dvar2":0.00000113874705221,"max":0.0100116757676,"mean":0.00256457179785,"median":0.00200049998239,"min":0.00000342288331012,"var":0.00000378513300348},"spectral_rolloff":{"dmean":347.061859131,"dmean2":586.677246094,"dvar":411429.59375,"dvar2":965763.125,"max":10077.5390625,"mean":1763.1652832,"median":1421.19140625,"min":64.599609375,"var":2044563.25},"spectral_skewness":{"dmean":0.265635311604,"dmean2":0.425521403551,"dvar":0.0869358405471,"dvar2":0.200721919537,"max":7.78545188904,"mean":1.84532237053,"median":1.57269537449,"min":-0.703729391098,"var":1.03755044937},"spectral_spread":{"dmean":416471.03125,"dmean2":636434.8125,"dvar":340785954816,"dvar2":727626022912,"max":15647892,"mean":3543920.25,"median":3302543.5,"min":1057855.5,"var":1251882172420},"spectral_strongpeak":{"dmean":0.48565813899,"dmean2":0.834956407547,"dvar":1.4287340641,"dvar2":3.65734100342,"max":27.7284030914,"mean":0.768159329891,"median":0.255713641644,"min":0,"var":2.41646575928},"zerocrossingrate":{"dmean":0.00683935265988,"dmean2":0.00829915888608,"dvar":0.0000710055974196,"dvar2":0.0000815829407657,"max":0.3427734375,"mean":0.0607564710081,"median":0.05419921875,"min":0.00439453125,"var":0.00149984227028}},"metadata":{"audio_properties":{"analysis_sample_rate":44100,"bit_rate":881786,"codec":"alac","downmix":"mix","equal_loudness":0,"length":796.706665039,"lossless":true,"md5_encoded":"6d5509e11ebba16ee645a1d52589894c","replay_gain":-15.3425712585,"sample_rate":44100},"tags":{"album":["Rock 'N Roll Animal (Japan Mini LP 2006 Remaster)"],"artist":["Lou Reed"],"bpm":["87"],"composer":["Lou Reed"],"date":["1974"],"discnumber":["1/1"],"encodedby":["qaac 1.46, CoreAudioToolbox 7.9.8.5, Apple Lossless Encoder"],"file_name":"1.02. Heroin.m4a","genre":["Rock"],"language":["eng"],"musicbrainz_recordingid":["0bd2b06a-778c-4bc6-ac89-2921046a4a1a"],"title":["Heroin"],"tracknumber":["2/7"]},"version":{"essentia":"2.1-beta2","essentia_build_sha":"cead25079874084f62182a551b7393616cd33d87","essentia_git_sha":"v2.1_beta2-1-ge3940c0","extractor":"music 1.0"}},"rhythm":{"beats_count":1736,"beats_loudness":{"dmean":0.00706208869815,"dmean2":0.0130615057424,"dvar":0.0000822255897219,"dvar2":0.000268660136499,"max":0.0719955191016,"mean":0.0153028648347,"median":0.0115187168121,"min":0.00000497223390994,"var":0.000231906757108},"beats_loudness_band_ratio":{"dmean":[0.23195913434,0.144622251391,0.108851872385,0.0834757164121,0.0873628407717,0.0592822171748],"dmean2":[0.425275146961,0.25936371088,0.194506525993,0.14766561985,0.158323377371,0.106659419835],"dvar":[0.0372980311513,0.0174825917929,0.0136586092412,0.00891048368067,0.00860086921602,0.0060643167235],"dvar2":[0.119646318257,0.0512229800224,0.0382068902254,0.0243383497,0.0249385684729,0.0167761165649],"max":[0.968194544315,0.986488580704,0.939598977566,0.949317753315,0.770359754562,0.90055334568],"mean":[0.36371037364,0.240566149354,0.139432936907,0.114868707955,0.129682675004,0.0866205841303],"median":[0.316282093525,0.192905426025,0.100692018867,0.0795552581549,0.0942957103252,0.0543269924819],"min":[0.00019206518482,0.000735735404305,0.00116492586676,0.000303986889776,0.00014548440