{"lowlevel":{"average_loudness":0.847862422466,"barkbands":{"dmean":[0.000116235853056,0.000925250467844,0.000815586419776,0.000383193517337,0.000584446534049,0.00092184607638,0.000823145674076,0.000359148834832,0.000198521374841,0.000162361553521,0.000224558199989,0.000486552919028,0.000309641793137,0.000143673052662,0.0000825551542221,0.000087306383648,0.00021877096151,0.000183375814231,0.000798197404947,0.000463877309812,0.000119756587083,0.00010943536472,0.000099028540717,0.000276893202681,0.000089765235316,0.0000422503144364,0.0000193872565433],"dmean2":[0.00017347287212,0.00129956100136,0.00129260332324,0.000634091498796,0.000913128547836,0.00146681745537,0.00135157688055,0.000558040395845,0.00030864571454,0.000260789471213,0.000373289978597,0.000814784260001,0.000512394413818,0.000244507740717,0.000142842443893,0.000146440681419,0.000382757454645,0.00031360599678,0.00126337190159,0.000708622275852,0.000183795098565,0.000163916163729,0.000147803148138,0.000420309748733,0.000135865440825,0.0000658872522763,0.0000325990768033],"dvar":[3.65304799743e-8,0.00000278151060229,0.00000554171901967,9.30043256631e-7,0.00000129713475872,0.00000445986461273,0.00000320699837175,8.64908884068e-7,1.69134722228e-7,2.60850868017e-7,0.00000111685460524,0.00000465387802251,0.00000118622051559,3.01590091567e-7,1.11836307326e-7,2.05992364499e-7,0.00000159168939717,8.38099708744e-7,0.0000123683503261,0.00000600077146373,3.6367470102e-7,7.07824085566e-7,1.53982341544e-7,0.0000022294802875,9.87396404639e-8,1.71628435908e-8,3.58656548904e-9],"dvar2":[7.10003433824e-8,0.0000050078078857,0.000012831334061,0.00000220112315219,0.00000290127513836,0.00001027694816,0.00000810094752524,0.0000020041281914,3.80857784421e-7,6.75671060435e-7,0.00000234113417719,0.0000131731612782,0.00000313876944347,8.09338018826e-7,3.10501690137e-7,5.2661778227e-7,0.00000449803792435,0.00000215310615204,0.0000276485025097,0.0000137930455821,6.99768293089e-7,0.00000178657671768,2.95126028504e-7,0.00000564045831197,2.12130373711e-7,4.12399501215e-8,9.41565225787e-9],"max":[0.00411429768428,0.0196795240045,0.0404626205564,0.014019895345,0.0127243092284,0.0389748364687,0.0205442495644,0.0157186351717,0.00503266742453,0.00972614251077,0.0267433989793,0.0530388839543,0.018684675917,0.00973665621132,0.00656995736063,0.0093782953918,0.0339433476329,0.0153304506093,0.052625797689,0.0557906776667,0.0167079977691,0.0249587502331,0.00842285621911,0.0343514941633,0.00674636894837,0.00190005241893,0.000942495884374],"mean":[0.000228171687922,0.00188426312525,0.00108532374725,0.000445191632025,0.000915715179872,0.00120264699217,0.000998626230285,0.000407556886785,0.000283726316411,0.000219630703214,0.00025015004212,0.000473542982945,0.000313417200232,0.000137578608701,0.0000807219184935,0.0000875556725077,0.000203194722417,0.000169110906427,0.000825703085866,0.000492692517582,0.00015584679204,0.00012302165851,0.000125990613014,0.000328420981532,0.000116787887237,0.0000605027562415,0.0000284359502984],"median":[0.0000986825034488,0.000255476334132,0.0000618650301476,0.0000540979017387,0.000146357735503,0.000153333094204,0.000153625645908,0.0000461074268969,0.0000773602296249,0.0000584148619964,0.0000185035460163,0.0000356282253051,0.0000240782992478,0.0000162277719937,0.0000162287815328,0.0000142859607877,0.0000189869788301,0.0000154459030455,0.000021687556,0.0000130346315927,0.0000203859526664,0.0000197484041564,0.0000282933197013,0.0000488333425892,0.0000320688232023,0.0000155108391482,0.00000483115718453],"min":[3.33010774511e-9,3.87058296525e-9,1.49585943632e-9,1.67666414086e-9,5.59865265259e-9,2.82152923248e-9,3.82154707879e-9,6.88006374094e-10,7.33975491496e-10,7.67790941936e-10,6.16290241062e-10,2.09578812638e-10,1.79595949223e-10,1.82646897606e-10,4.06637695738e-10,5.21778398266e-10,5.27991317334e-10,4.12422151985e-10,6.50300813199e-10,9.18699671892e-10,1.42253142599e-9,7.64653174112e-10,9.95235005519e-10,1.62211666321e-9,1.97339056207e-9,2.12510942177e-9,2.22811351591e-8],"var":[1.4512819746e-7,0.00000836009621707,0.00000798188466433,0.00000120163917927,0.00000248317951446,0.00000650636093269,0.00000430281079389,0.00000112094255655,3.15777782589e-7,2.60897706994e-7,0.00000135465234052,0.00000342975613421,0.00000107643393221,2.45957949119e-7,8.32239734905e-8,1.98991742195e-7,0.00000123081542824,7.37815184948e-7,0.000016817546566,0.00000734847162676,7.40590564874e-7,6.65171853598e-7,2.44294199092e-7,0.00000222878270506,1.51077088617e-7,2.31774617276e-8,5.47055645228e-9]},"barkbands_crest":{"dmean":2.20594334602,"dmean2":3.49202799797,"dvar":4.18345546722,"dvar2":10.2369337082,"max":26.7185211182,"mean":9.94384002686,"median":8.50073432922,"min":2.31151223183,"var":29.5532951355},"barkbands_flatness_db":{"dmean":0.0235614795238,"dmean2":0.0351013541222,"dvar":0.000604065833613,"dvar2":0.00129668996669,"max":0.411442756653,"mean":0.122724719346,"median":0.107491269708,"min":0.0149784972891,"var":0.00527547392994},"barkbands_kurtosis":{"dmean":4.09914016724,"dmean2":6.42016887665,"dvar":55.4674301147,"dvar2":121.720672607,"max":268.292938232,"mean":7.89806509018,"median":2.13738250732,"min":-1.90767157078,"var":425.824554443},"barkbands_skewness":{"dmean":0.749422192574,"dmean2":1.11133241653,"dvar":0.652824342251,"dvar2":1.29629015923,"max":5.91675901413,"mean":1.13896846771,"median":1.15412795544,"min":-4.85768604279,"var":2.19648361206},"barkbands_spread":{"dmean":10.330789566,"dmean2":16.2773342133,"dvar":154.676635742,"dvar2":343.289703369,"max":134.714111328,"mean":32.7268333435,"median":26.646232605,"min":0.490911096334,"var":606.746032715},"dissonance":{"dmean":0.0245914664119,"dmean2":0.0409123562276,"dvar":0.00121859670617,"dvar2":0.00321858283132,"max":0.499999940395,"mean":0.453819662333,"median":0.47291970253,"min":0.111390724778,"var":0.00375717389397},"dynamic_complexity":6.81433105469,"erbbands":{"dmean":[0.0141833191738,0.25245949626,0.94475209713,0.979896306992,1.64890050888,2.11762022972,4.17076253891,9.04484081268,10.8896970749,10.7392921448,6.5212020874,4.95990610123,3.96878647804,6.83568954468,11.4021377563,19.5834827423,14.167881012,8.85793972015,5.24788331985,3.92145252228,6.94011116028,10.9514083862,9.19270324707,24.6443424225,43.0842132568,21.5386295319,7.63068628311,4.09919929504,3.84895825386,3.12311148643,2.82679700851,5.33842849731,4.5652256012,1.27746117115,0.565488755703,0.225395143032,0.0706914737821,0.0181963406503,0.00269117252901,0.000246067182161],"dmean2":[0.0228689741343,0.350303322077,1.44071984291,1.63067924976,2.67025732994,3.40255045891,6.59510135651,14.7271661758,17.8635730743,16.8266372681,10.0129070282,7.64071893692,6.47586202621,10.9205141068,18.149980545,33.1320075989,23.3303718567,14.6305446625,9.07580852509,6.71760082245,11.5826911926,18.9042205811,15.5884389877,40.5541954041,65.2471084595,32.3703460693,11.5106582642,6.33198738098,5.70340967178,4.81209659576,4.1982011795,7.9083981514,7.37298297882,1.94177997112,0.86362695694,0.350368112326,0.110752001405,0.030194895342,0.00447159819305,0.000419055286329],"dvar":[0.000558549480047,0.229422464967,5.70904636383,7.44507741928,14.2891588211,19.6555404663,102.048980713,434.066436768,510.924682617,689.136962891,264.865447998,108.13079071,121.707107544,854.995117188,1955.71875,8972.31542969,2361.61621094,1124.88684082,398.055236816,260.504760742,1426.23425293,3068.25390625,1850.29772949,12922.2070312,36719.1835938,12279.3603516,1086.80041504,508.50390625,843.54876709,333.20602417,123.867095947,561.263427734,971.459533691,23.1502075195,4.50642299652,0.607333183289,0.0452879145741,0.00254171295092,0.0000616377510596,6.92442597483e-7],"dvar2":[0.00143835833296,0.406860470772,12.5770635605,17.4650211334,32.8479423523,47.9110069275,213.847900391,1059.08728027,1308.94995117,1579.91174316,609.996582031,243.100204468,314.01953125,2162.05297852,4234.4765625,25654.6171875,6289.00683594,2927.22265625,1093.65380859,709.249023438,3655.25463867,8441.75683594,4834.203125,32091.4726562,78424.1796875,27745.90625,2143.83837891,1004.04437256,2068.39331055,809.276428223,240.249710083,1124.61437988,2719.78588867,53.2434997559,10.0220441818,1.47426724434,0.110583342612,0.00632482860237,0.000156285503181,0.0000018358714442],"max":[0.434102445841,5.83480024338,29.150396347,52.0458869934,62.3859138489,60.3364944458,222.239608765,273.845275879,271.371673584,370.314331055,241.050537109,135.033813477,230.979797363,666.076171875,1164.36828613,2422.15795898,831.431762695,486.316070557,310.38192749,317.043273926,860.515014648,1382.72644043,737.209533691,2003.41687012,3412.4230957,2467.17504883,715.119873047,714.925354004,873.164428711,488.466766357,214.872558594,449.20602417,830.292114258,97.4069671631,41.2094802856,11.6049175262,3.57425832748,0.947449624538,0.142379745841,0.0125544993207],"mean":[0.0233994536102,0.51733738184,1.52517318726,1.16573154926,2.18774414062,3.10875582695,5.96700811386,11.370092392,13.7250318527,12.8283119202,8.14230442047,7.22502326965,4.93072795868,9.07005500793,12.5846385956,19.4533996582,14.9893407822,9.06092357635,5.00947237015,4.04460430145,6.99469280243,10.5261793137,8.57259464264,24.0212783813,45.680847168,23.1988658905,9.2363653183,5.25171756744,4.39411211014,3.65575551987,3.61108183861,6.56592702866,5.17414903641,1.63752567768,0.72978001833,0.289375841618,0.102683633566,0.0288112666458,0.00424406118691,0.000343922991306],"median":[0.01278615091,0.0269698891789,0.0688290297985,0.174639031291,0.408541142941,0.504151701927,0.7953774333,1.52434253693,2.38723087311,1.78147721291,1.32945263386,1.87482321262,1.45089006424,1.99541902542,1.07709217072,1.59663522243,1.34118628502,0.958425521851,0.873514890671,0.940742790699,0.82052397728,1.0942838192,0.963446736336,0.963548600674,0.950562596321,0.655428886414,0.825123250484,0.71266245842,0.62680709362,0.750438570976,0.825555682182,0.960202097893,0.796142220497,0.425417900085,0.182620733976,0.0690976977348,0.0263416916132,0.00682721845806,0.000800381356385,0.0000626096079941],"min":[3.82503088758e-7,6.75642581882e-7,0.00000298927284348,0.0000126629984152,0.00000748816546547,0.0000276165028481,0.0000316784608003,0.0000300583706121,0.0000357854623871,0.0000510770332767,0.0000347300046997,0.0000294576620945,0.0000224674440688,0.0000208662349905,0.000036736819311,0.000021573565391,0.0000479042610095,0.0000335793520208,0.0000208959208976,0.0000165247638506,0.0000337994242727,0.0000356216150976,0.0000277900380752,0.0000260194337898,0.0000438577699242,0.0000515606552653,0.0000538878812222,0.0000598734441155,0.0000303565084323,0.0000201353068405,0.0000350104710378,0.0000240302779275,0.0000307702212012,0.0000217492088268,0.0000156640835485,0.00000811572226667,0.0000041136568143,0.00000429913006883,0.00000217794877244,3.21703510053e-7],"var":[0.000892248062883,0.686132192612,10.0028781891,9.31561946869,20.5130405426,31.0353069305,176.886459351,576.239440918,742.044250488,945.095947266,363.746765137,211.501800537,121.983612061,854.906005859,2359.02563477,6303.30175781,2182.61279297,995.97277832,290.956970215,204.790634155,1480.58837891,2521.73876953,1559.14331055,13689.7958984,53881.5976562,15534.3007812,1958.52746582,1042.19360352,842.208679199,360.012695312,187.86416626,810.227539062,716.691345215,31.2075099945,6.67621803284,0.727627515793,0.0620261766016,0.00430953223258,0.000109387357952,9.16093426895e-7]},"erbbands_crest":{"dmean":2.97899007797,"dmean2":4.81569194794,"dvar":8.11713027954,"dvar2":20.1703929901,"max":33.1588172913,"mean":12.0108890533,"median":9.4876537323,"min":2.50366973877,"var":60.2461776733},"erbbands_flatness_db":{"dmean":0.0229199845344,"dmean2":0.0339759588242,"dvar":0.000592966622207,"dvar2":0.00119730248116,"max":0.443464875221,"mean":0.145652338862,"median":0.125530928373,"min":0.0260571837425,"var":0.00567064667121},"erbbands_kurtosis":{"dmean":3.7172460556,"dmean2":5.25778245926,"dvar":83.4482650757,"dvar2":136.440765381,"max":359.556274414,"mean":13.0144691467,"median":0.900682210922,"min":-1.81577169895,"var":2209.72705078},"erbbands_skewness":{"dmean":0.641593813896,"dmean2":0.953216314316,"dvar":0.489768236876,"dvar2":1.05723679066,"max":13.1927471161,"mean":0.996812582016,"median":0.700009822845,"min":-3.80888605118,"var":3.99238777161},"erbbands_spread":{"dmean":12.5543212891,"dmean2":19.2159481049,"dvar":190.696182251,"dvar2":433.38293457,"max":136.952362061,"mean":41.5932655334,"median":38.0708503723,"min":0.368526548147,"var":711.79107666},"gfcc":{"cov":[[15167.9365234,565.41595459,-1026.52770996,1426.56506348,427.167419434,12.9637517929,-1691.85144043,-93.5663375854,153.448638916,866.155944824,857.768859863,-222.205123901,-723.427124023],[565.41595459,2251.94018555,485.809387207,-214.370666504,-134.464920044,227.243774414,-7.74816036224,-24.180891037,3.67398929596,-136.531021118,113.61920929,54.4436950684,-14.5255765915],[-1026.52770996,485.809387207,1170.55554199,-204.587081909,-126.511260986,35.6164016724,124.060424805,-70.3354568481,-4.58709001541,-185.967895508,-183.029800415,88.2209014893,80.8504867554],[1426.56506348,-214.370666504,-204.587081909,844.346496582,182.698455811,-80.5817489624,-249.640304565,4.68666315079,45.0005912781,201.000137329,127.029075623,-66.7917098999,-61.356098175],[427.167419434,-134.464920044,-126.511260986,182.698455811,348.433624268,-10.2188148499,-141.495910645,-13.4408111572,65.1794815063,94.0827713013,66.6303100586,-40.647983551,-40.7710189819],[12.9637517929,227.243774414,35.6164016724,-80.5817489624,-10.2188148499,226.005386353,47.1345214844,20.7638225555,-31.4345207214,-49.7562065125,39.0216331482,10.1115646362,-18.5946998596],[-1691.85144043,-7.74816036224,124.060424805,-249.640304565,-141.495910645,47.1345214844,420.847106934,60.6201858521,-77.5542297363,-140.307525635,-121.480751038,46.5199623108,97.325302124],[-93.5663375854,-24.180891037,-70.3354568481,4.68666315079,-13.4408111572,20.7638225555,60.6201858521,149.635803223,6.87892150879,-29.0396995544,-0.532700061798,-14.1404714584,5.36317586899],[153.448638916,3.67398929596,-4.58709001541,45.0005912781,65.1794815063,-31.4345207214,-77.5542297363,6.87892150879,140.179794312,53.8236427307,7.20273256302,-11.1571931839,-4.13081932068],[866.155944824,-136.531021118,-185.967895508,201.000137329,94.0827713013,-49.7562065125,-140.307525635,-29.0396995544,53.8236427307,230.334075928,110.776451111,-23.4083900452,-49.5832862854],[857.768859863,113.61920929,-183.029800415,127.029075623,66.6303100586,39.0216331482,-121.480751038,-0.532700061798,7.20273256302,110.776451111,205.411621094,-9.72568798065,-72.3634567261],[-222.205123901,54.4436950684,88.2209014893,-66.7917098999,-40.647983551,10.1115646362,46.5199623108,-14.1404714584,-11.1571931839,-23.4083900452,-9.72568798065,92.6745986938,36.9291305542],[-723.427124023,-14.5255765915,80.8504867554,-61.356098175,-40.7710189819,-18.5946998596,97.325302124,5.36317586899,-4.13081932068,-49.5832862854,-72.3634567261,36.9291305542,119.687721252]],"icov":[[0.00016835477436,-0.0000563522444281,0.0000393590889871,-0.0000827341718832,0.00011671413813,-0.0000722551412764,0.000536272476893,-0.000173491804162,0.000191204773728,-0.0002836905187,0.0000170999519469,-0.000136417060276,0.000483480660478],[-0.0000563522444281,0.000654995907098,-0.00029205105966,0.0000989853797364,0.000202698545763,-0.000382989208447,-0.0000655294352327,0.000174025684828,-0.000385367922718,0.000548036361579,-0.000864782778081,0.000145178259118,-0.000311963027343],[0.0000393590889871,-0.00029205105966,0.00131843506824,-0.000134982838063,0.0000946513318922,-0.000116816241643,0.000097510710475,0.00058560539037,-0.000274709629593,0.000409094616771,0.00115463754628,-0.000916731951293,0.000292144832201],[-0.0000827341718832,0.0000989853797364,-0.000134982838063,0.0018315105699,-0.000478976115119,0.000365361338481,0.000435518159065,-0.000524403934833,0.000454324588645,-0.000863022287376,-0.000378322292818,0.000713672081474,-0.000685804116074],[0.00011671413813,0.000202698545763,0.0000946513318922,-0.000478976115119,0.00398939521983,-0.000601689680479,0.00089797336841,0.000302386761177,-0.00126618787181,-0.000320903607644,-0.000542096502613,0.000765508098993,0.000201729868422],[-0.0000722551412764,-0.000382989208447,-0.000116816241643,0.000365361338481,-0.000601689680479,0.00597396865487,-0.000967680476606,-0.000475338398246,0.000637703342363,0.00141168711707,-0.00181091215927,-0.000184914766578,0.000883334549144],[0.000536272476893,-0.0000655294352327,0.000097510710475,0.000435518159065,0.00089797336841,-0.000967680476606,0.00631345948204,-0.00232119369321,0.00239543267526,-0.00081115856301,0.00131896394305,-0.00100597064011,-0.00062899623299],[-0.000173491804162,0.000174025684828,0.00058560539037,-0.000524403934833,0.000302386761177,-0.000475338398246,-0.00232119369321,0.0086336620152,-0.00228219525889,0.00226360582747,-0.0011129261693,0.00157806149218,-0.000462936208351],[0.000191204773728,-0.000385367922718,-0.000274709629593,0.000454324588645,-0.00126618787181,0.000637703342363,0.00239543267526,-0.00228219525889,0.00999187491834,-0.00299553619698,0.00166987255216,-0.000075595897215,-0.000513634178787],[-0.0002836905187,0.000548036361579,0.000409094616771,-0.000863022287376,-0.000320903607644,0.00141168711707,-0.00081115856301,0.00226360582747,-0.00299553619698,0.00964968651533,-0.00406299997121,0.000226433578064,-0.00033093750244],[0.0000170999519469,-0.000864782778081,0.00115463754628,-0.000378322292818,-0.000542096502613,-0.00181091215927,0.00131896394305,-0.0011129261693,0.00166987255216,-0.00406299997121,0.0110471453518,-0.00272797001526,0.00343110389076],[-0.000136417060276,0.000145178259118,-0.000916731951293,0.000713672081474,0.000765508098993,-0.000184914766578,-0.00100597064011,0.00157806149218,-0.000075595897215,0.000226433578064,-0.00272797001526,0.0145809520036,-0.00489949807525],[0.000483480660478,-0.000311963027343,0.000292144832201,-0.000685804116074,0.000201729868422,0.000883334549144,-0.00062899623299,-0.000462936208351,-0.000513634178787,-0.00033093750244,0.00343110389076,-0.00489949807525,0.0148601159453]],"mean":[-74.3082199097,40.1543579102,-77.0820922852,13.2541275024,-63.9674530029,12.4766340256,-31.7138500214,12.043847084,-21.9755554199,1.76891815662,-7.13272285461,3.6042945385,-9.88420200348]},"hfc":{"dmean":11.7263507843,"dmean2":17.4696788788,"dvar":1358.12158203,"dvar2":2807.875,"max":561.424621582,"mean":17.3213119507,"median":5.5997467041,"min":0.00168545811903,"var":2217.78393555},"melbands":{"dmean":[0.000189416561625,0.000436620990513,0.000192107894691,0.000125405393192,0.000132483139168,0.000192242805497,0.00016824483464,0.000108436004666,0.0000489769736305,0.0000282794553641,0.0000196723831323,0.0000271007338597,0.0000339148064086,0.0000528032542206,0.0000435018409917,0.0000283608605969,0.0000154311164806,0.00000885084136826,0.00000607549327469,0.00000475723982163,0.0000099310227597,0.0000131430633701,0.00000785151132732,0.00000947878652369,0.0000204968200705,0.0000357464959961,0.0000247665866482,0.0000122227456814,0.00000562015611649,0.00000300441729451,0.00000235799143411,0.00000214770307139,0.00000236475148085,0.00000154541692154,0.00000123651739159,0.00000286997169496,0.00000345063313034,0.00000387744375985,0.000001746653993,9.2566318699e-7],"dmean2":[0.000277590646874,0.0006422852166,0.000312665652018,0.000200925569516,0.000205239412026,0.000310227856971,0.000278262159554,0.00016746786423,0.0000747757731006,0.0000439170471509,0.0000323056956404,0.0000440571930085,0.0000553730387765,0.0000876720587257,0.0000737625741749,0.0000462736206828,0.0000260762244579,0.0000154779336299,0.000010281152754,0.00000826199266157,0.0000169257400557,0.0000227587333939,0.0000135346144816,0.0000164045777638,0.0000342551975336,0.0000570122829231,0.000037577108742,0.0000183738466148,0.0000086193331299,0.00000476196919408,0.00000359283762918,0.00000311711937684,0.00000372341582988,0.00000239174210037,0.00000193096639123,0.00000420166998083,0.00000519580316904,0.0000062998606154,0.00000274763965535,0.00000140487986755],"dvar":[9.99765248366e-8,9.88181795947e-7,2.35036139884e-7,6.69667414854e-8,8.85982984755e-8,1.90174716863e-7,1.25777404492e-7,7.00568492107e-8,1.41601104175e-8,3.55862894708e-9,3.24067173096e-9,1.3928928233e-8,2.14392166242e-8,5.85417083698e-8,2.80830079191e-8,1.13785727507e-8,3.64069041581e-9,1.14886467006e-9,5.5315996228e-10,6.66309896147e-10,3.66873753599e-9,5.97071858621e-9,1.39727973636e-9,2.52050535998e-9,9.64217683475e-9,2.83538348356e-8,1.67473999113e-8,3.81386611181e-9,6.07010774978e-10,3.21304954864e-10,1.77336062501e-10,1.87746415636e-10,5.02111796585e-10,4.28899728233e-11,2.15170138651e-11,1.53082990728e-10,2.42620229463e-10,9.00158059203e-10,5.25520356398e-11,1.16405210124e-11],"dvar2":[2.00832715791e-7,0.00000206070581044,5.60965588647e-7,1.55843324023e-7,1.81295050083e-7,4.55850283743e-7,3.20915916063e-7,1.57316279115e-7,3.27183151683e-8,8.09919775691e-9,8.51450909778e-9,3.659313208e-8,4.42285639224e-8,1.62201331477e-7,7.85972673611e-8,2.94772650733e-8,9.63511403995e-9,3.11795322894e-9,1.50976109392e-9,1.80589165844e-9,9.70572422432e-9,1.67077516267e-8,3.84919474072e-9,6.56045973102e-9,2.45622491235e-8,6.46068585297e-8,3.73252895258e-8,8.62576676752e-9,1.31675903514e-9,6.97186863796e-10,3.96969929151e-10,4.28393709395e-10,1.36164879372e-9,8.59276608201e-11,4.67331243148e-11,2.74185757432e-10,5.11287512328e-10,2.56820031908e-9,1.31956973126e-10,2.58473745879e-11],"max":[0.00367349316366,0.0122617390007,0.00761616462842,0.00339088705368,0.00614865031093,0.00594741152599,0.00349880149588,0.00375793338753,0.00178980827332,0.000783321389463,0.00121140293777,0.00253079086542,0.00384465418756,0.00581416580826,0.00360379763879,0.00176213821396,0.000964136561379,0.000470835890155,0.000397224212065,0.000626635504887,0.00153430562932,0.00213033217005,0.000714200956281,0.000792615464889,0.00187654618639,0.00276050670072,0.00273552467115,0.00128920306452,0.000502780079842,0.000500758702401,0.00043567531975,0.000387831270928,0.000685586361215,0.000161781557836,0.0000757507805247,0.00025169714354,0.000313687691232,0.000827495125122,0.000126941289636,0.0000886345878826],"mean":[0.000380304350983,0.000804640178103,0.000245215836912,0.000185537443031,0.000201270042453,0.000247114949161,0.00021160551114,0.000129870313685,0.0000637823104626,0.0000405612554459,0.0000237111999013,0.0000358239485649,0.0000380346973543,0.0000514252642461,0.0000440402363893,0.0000288042883767,0.0000150373816723,0.00000810179972177,0.00000604334582022,0.00000467641302748,0.0000096350458989,0.0000122507844935,0.00000721186961528,0.00000852124958328,0.0000190585851669,0.0000366058920918,0.0000259177941189,0.0000131280303322,0.00000632369165032,0.00000380843994208,0.00000276669538835,0.0000024427884,0.00000239789187617,0.00000188457954664,0.00000155130419444,0.00000348692105945,0.00000418544959757,0.0000042335013859,0.00000205107653528,0.00000115552359148],"median":[0.000123956793686,0.0000349188412656,0.0000361553611583,0.000038623711589,0.0000267588075076,0.0000320984181599,0.0000364494408132,0.0000165491546795,0.0000122856054077,0.000010987103451,0.00000669183145874,0.00000792475657363,0.00000274571357295,0.00000364561265087,0.00000387751970266,0.00000226870679398,0.0000015455010498,0.00000126655413624,0.00000125357030356,0.0000010559506336,8.67748383371e-7,0.0000010868066056,8.82626295606e-7,6.80379230289e-7,7.13456415724e-7,7.57841519317e-7,4.89962701522e-7,3.78242191346e-7,4.53305347037e-7,5.21011997989e-7,3.55393808604e-7,3.21963739225e-7,3.76797117951e-7,4.01536766503e-7,4.19965232368e-7,5.07705181008e-7,5.79516040489e-7,5.67914696603e-7,4.72566853205e-7,2.9240470667e-7],"min":[4.82898654397e-9,1.05727582245e-9,2.99833380346e-9,1.53251267232e-9,9.90283521851e-10,5.7227156347e-10,4.65412763884e-10,6.29608865044e-10,2.40567482601e-10,8.85119894045e-11,1.21041413004e-10,7.01256275271e-11,1.13650353017e-10,2.38204577591e-11,2.02141550026e-11,2.79304010475e-11,1.95084434718e-11,2.36292842931e-11,2.7597297711e-11,2.48935438235e-11,4.15060798231e-11,3.21450470409e-11,2.37260957409e-11,1.67908655729e-11,1.66974021415e-11,2.57758172445e-11,2.5832424741e-11,3.15143952601e-11,3.19038337415e-11,3.13105374961e-11,3.25021953795e-11,1.65271650532e-11,1.26272551443e-11,1.04557326339e-11,2.37380618634e-11,1.38603694494e-11,1.57556381136e-11,2.3518730366e-11,1.84812946197e-11,1.81450583725e-11],"var":[2.7023105531e-7,0.0000020932247935,3.08742443167e-7,1.05337086609e-7,1.70567972191e-7,2.66077364586e-7,1.77511182642e-7,9.95134072923e-8,2.00580902998e-8,6.65646116005e-9,3.04276248642e-9,1.28718742332e-8,2.6981210155e-8,4.36456524255e-8,2.33067964928e-8,1.03454356193e-8,3.08908210123e-9,8.49672443515e-10,4.43346470647e-10,4.87786977477e-10,3.54796925173e-9,4.74981254328e-9,9.59697099567e-10,2.200363447e-9,9.56077261804e-9,3.63055292496e-8,2.17892086596e-8,4.87409446137e-9,9.61623780604e-10,5.60537782857e-10,3.13833320442e-10,2.26890117805e-10,3.63620189514e-10,7.04417149611e-11,2.86704444907e-11,2.39633812793e-10,3.3140948319e-10,6.04814753835e-10,5.85974671563e-11,1.64323173124e-11]},"melbands_crest":{"dmean":3.43664288521,"dmean2":5.5271987915,"dvar":10.6202373505,"dvar2":27.8965950012,"max":35.1510696411,"mean":14.6792497635,"median":13.1404438019,"min":2.74518656731,"var":45.5860176086},"melbands_flatness_db":{"dmean":0.0307960901409,"dmean2":0.0445079803467,"dvar":0.00112425396219,"dvar2":0.00217835232615,"max":0.485145777464,"mean":0.186232194304,"median":0.17833429575,"min":0.0213523153216,"var":0.00845631211996},"melbands_kurtosis":{"dmean":8.19520187378,"dmean2":12.718460083,"dvar":131.768951416,"dvar2":308.920440674,"max":177.068191528,"mean":14.695889473,"median":7.20138645172,"min":-1.88240623474,"var":452.390533447},"melbands_skewness":{"dmean":0.897705733776,"dmean2":1.32812285423,"dvar":0.886749744415,"dvar2":1.83472836018,"max":10.1222829819,"mean":1.94255340099,"median":1.96518790722,"min":-5.98646879196,"var":4.70702362061},"melbands_spread":{"dmean":14.5698184967,"dmean2":22.7793502808,"dvar":446.078155518,"dvar2":1033.43859863,"max":202.142990112,"mean":34.8847351074,"median":22.857465744,"min":0.632239222527,"var":1062.61853027},"mfcc":{"cov":[[14644.1230469,450.528015137,-706.476196289,210.31980896,1168.0534668,152.272079468,-59.6996421814,-799.564025879,-1289.87524414,19.9164905548,659.787658691,1091.05419922,233.199630737],[450.528015137,1978.67980957,647.950378418,-331.204803467,33.9728088379,-8.35490036011,-27.9342460632,111.927474976,13.7235145569,-155.51423645,-50.9165115356,68.1097869873,36.8677749634],[-706.476196289,647.950378418,1042.25683594,8.96791172028,-85.2709274292,17.6517982483,-61.2556381226,139.368057251,124.882408142,-94.1036071777,-139.821594238,-97.0102310181,-6.1014919281],[210.31980896,-331.204803467,8.96791172028,537.572631836,94.1378326416,39.6350593567,-21.8341846466,-77.8625106812,-4.63258600235,77.2316970825,4.94890642166,2.01857304573,32.5150985718],[1168.0534668,33.9728088379,-85.2709274292,94.1378326416,449.750640869,80.1976165771,-40.0769882202,-97.9038925171,-154.816253662,37.254989624,75.7111740112,144.228424072,32.5770492554],[152.272079468,-8.35490036011,17.6517982483,39.6350593567,80.1976165771,183.774276733,18.2006225586,-48.3263893127,-44.355052948,-22.896156311,33.3038024902,44.1817054749,20.080291748],[-59.6996421814,-27.9342460632,-61.2556381226,-21.8341846466,-40.0769882202,18.2006225586,200.979995728,47.6565361023,-17.281162262,-7.30219221115,25.2840423584,17.4189128876,-0.78278195858],[-799.564025879,111.927474976,139.368057251,-77.8625106812,-97.9038925171,-48.3263893127,47.6565361023,219.650131226,121.478218079,-17.6747550964,-65.559425354,-91.9390792847,-31.3825626373],[-1289.87524414,13.7235145569,124.882408142,-4.63258600235,-154.816253662,-44.355052948,-17.281162262,121.478218079,262.820068359,14.184753418,-99.3001098633,-139.847290039,-40.0848464966],[19.9164905548,-155.51423645,-94.1036071777,77.2316970825,37.254989624,-22.896156311,-7.30219221115,-17.6747550964,14.184753418,142.206207275,26.8323249817,-1.0557025671,0.557293593884],[659.787658691,-50.9165115356,-139.821594238,4.94890642166,75.7111740112,33.3038024902,25.2840423584,-65.559425354,-99.3001098633,26.8323249817,176.76739502,107.010070801,6.18561267853],[1091.05419922,68.1097869873,-97.0102310181,2.01857304573,144.228424072,44.1817054749,17.4189128876,-91.9390792847,-139.847290039,-1.0557025671,107.010070801,195.471984863,49.9924430847],[233.199630737,36.8677749634,-6.1014919281,32.5150985718,32.5770492554,20.080291748,-0.78278195858,-31.3825626373,-40.0848464966,0.557293593884,6.18561267853,49.9924430847,79.7535247803]],"icov":[[0.000157375325216,-0.0000461873023596,0.000015866376998,-0.0000730933170416,-0.0000747047743062,0.00014525341976,0.0000677720890963,0.000101576581073,0.000466158468043,-0.00001669635094,0.0000128456122184,-0.000509148463607,0.000179345399374],[-0.0000461873023596,0.000839724729303,-0.000522831222042,0.000516229425557,-0.000210859871004,0.000181757422979,-0.00000776974775363,-0.000138881718158,-0.000333080650307,0.000402783451136,-0.0000268660242,-0.00035212066723,-0.00046536771697],[0.000015866376998,-0.000522831222042,0.00158293324057,-0.000521025503986,0.000223531358643,-0.000512973580044,0.000564206915442,-0.000749789061956,0.000057833007304,0.000432170258136,0.000599569582846,0.000098232208984,0.000195137006813],[-0.0000730933170416,0.000516229425557,-0.000521025503986,0.00265606306493,-0.000589508446865,-0.000220239642658,-0.000290789903374,0.000914666859899,-0.000688206753694,-0.000907802314032,-0.0000411653927586,0.000739188166335,-0.00129403860774],[-0.0000747047743062,-0.000210859871004,0.000223531358643,-0.000589508446865,0.00383976846933,-0.00141364417505,0.00117325014435,-0.000726186961401,0.00139652728103,-0.0013230558252,0.000789066019934,-0.00205421959981,0.00102422083728],[0.00014525341976,0.000181757422979,-0.000512973580044,-0.000220239642658,-0.00141364417505,0.0071153040044,-0.00123545329552,0.00165997527074,-0.000290836731438,0.00187626411207,-0.00119915010873,-0.0000732651969884,-0.00105154293124],[0.0000677720890963,-0.00000776974775363,0.000564206915442,-0.000290789903374,0.00117325014435,-0.00123545329552,0.00643807789311,-0.00280949263833,0.00141704571433,-0.000101895464468,-0.000337779929396,-0.00148508895654,0.000426674698247],[0.000101576581073,-0.000138881718158,-0.000749789061956,0.000914666859899,-0.000726186961401,0.00165997527074,-0.00280949263833,0.00862947665155,-0.00251746620052,0.000479490350699,0.0000520567518834,0.00167609739583,0.000260349042946],[0.000466158468043,-0.000333080650307,0.000057833007304,-0.000688206753694,0.00139652728103,-0.000290836731438,0.00141704571433,-0.00251746620052,0.00947052892298,-0.001942513627,0.00172193313483,0.000623905914836,0.00185092038009],[-0.00001669635094,0.000402783451136,0.000432170258136,-0.000907802314032,-0.0013230558252,0.00187626411207,-0.000101895464468,0.000479490350699,-0.001942513627,0.00958468019962,-0.00223432481289,0.0011168041965,-0.00104856467806],[0.0000128456122184,-0.0000268660242,0.000599569582846,-0.0000411653927586,0.000789066019934,-0.00119915010873,-0.000337779929396,0.0000520567518834,0.00172193313483,-0.00223432481289,0.0105226440355,-0.00546278990805,0.00352351297624],[-0.000509148463607,-0.00035212066723,0.000098232208984,0.000739188166335,-0.00205421959981,-0.0000732651969884,-0.00148508895654,0.00167609739583,0.000623905914836,0.0011168041965,-0.00546278990805,0.0156003357843,-0.0061892233789],[0.000179345399374,-0.00046536771697,0.000195137006813,-0.00129403860774,0.00102422083728,-0.00105154293124,0.000426674698247,0.000260349042946,0.00185092038009,-0.00104856467806,0.00352351297624,-0.0061892233789,0.0172688458115]],"mean":[-732.43371582,87.7908706665,31.0447368622,9.27052879333,0.963690042496,-4.0832028389,3.12453556061,4.23855352402,-2.25814199448,2.48829483986,-0.754353404045,4.75015068054,1.11592411995]},"pitch_salience":{"dmean":0.0702162832022,"dmean2":0.111628167331,"dvar":0.00412832153961,"dvar2":0.0108580784872,"max":0.944775342941,"mean":0.586172938347,"median":0.618266105652,"min":0.049439355731,"var":0.0271967239678},"silence_rate_20dB":{"dmean":0,"dmean2":0,"dvar":0,"dvar2":0,"max":1,"mean":1,"median":1,"min":1,"var":0},"silence_rate_30dB":{"dmean":0,"dmean2":0,"dvar":0,"dvar2":0,"max":1,"mean":1,"median":1,"min":1,"var":0},"silence_rate_60dB":{"dmean":0.0676217749715,"dmean2":0.135321095586,"dvar":0.0630481615663,"dvar2":0.141090735793,"max":1,"mean":0.428980529308,"median":0,"min":0,"var":0.244951799512},"spectral_centroid":{"dmean":365.827209473,"dmean2":538.838439941,"dvar":248414.640625,"dvar2":452873.9375,"max":4825.89794922,"mean":1594.23254395,"median":1188.90771484,"min":289.017120361,"var":1017938.625},"spectral_complexity":{"dmean":3.29742121696,"dmean2":4.84633016586,"dvar":25.6859664917,"dvar2":53.9577941895,"max":48,"mean":9.32416915894,"median":7,"min":0,"var":75.8954391479},"spectral_contrast_coeffs":{"dmean":[0.0472041666508,0.0466232970357,0.0366954654455,0.0323588252068,0.0279721450061,0.0194145776331],"dmean2":[0.0771758332849,0.0758941695094,0.0609876476228,0.0503610409796,0.0428254045546,0.0292958114296],"dvar":[0.00137000356335,0.0015720926458,0.000948448723648,0.000939109944738,0.00088753021555,0.000295039062621],"dvar2":[0.00362734613009,0.00396811822429,0.0025249668397,0.00210302881896,0.00183647929225,0.000671401678119],"max":[-0.407016187906,-0.455728948116,-0.397109210491,-0.600299715996,-0.498773366213,-0.635584115982],"mean":[-0.702550947666,-0.770812034607,-0.782825052738,-0.828455984592,-0.816916465759,-0.820331990719],"median":[-0.703991353512,-0.777675628662,-0.809875369072,-0.840410172939,-0.832079172134,-0.823986768723],"min":[-0.915334105492,-0.939939081669,-0.973564445972,-0.938475549221,-0.927488207817,-0.906581401825],"var":[0.00690699229017,0.00464134337381,0.0103026591241,0.00317438016646,0.00351565983146,0.0012143937638]},"spectral_contrast_valleys":{"dmean":[0.469941318035,0.470449656248,0.446865200996,0.391717553139,0.337875038385,0.27839037776],"dmean2":[0.767720937729,0.742867171764,0.684298753738,0.590784192085,0.4870621562,0.387597411871],"dvar":[0.172412872314,0.205370411277,0.208759337664,0.206214025617,0.18810044229,0.0904790908098],"dvar2":[0.38178306818,0.451426774263,0.469950407743,0.5096398592,0.386227816343,0.168865486979],"max":[-5.75860929489,-4.60093355179,-5.22618293762,-5.04561853409,-5.24426555634,-7.03084611893],"mean":[-8.38669490814,-7.46747493744,-8.32601928711,-8.71664047241,-8.43683815002,-10.0325841904],"median":[-8.26551055908,-7.36298942566,-8.04464912415,-8.37942314148,-8.27495574951,-9.78010368347],"min":[-13.7089700699,-13.0246839523,-13.5714998245,-13.7776603699,-13.0976495743,-14.7227811813],"var":[2.24463963509,2.08281421661,2.69142770767,2.25150966644,1.91130304337,1.4849268198]},"spectral_decrease":{"dmean":1.32407740328e-9,"dmean2":1.993984311e-9,"dvar":4.86758732796e-18,"dvar2":1.07147144927e-17,"max":-1.97703886682e-13,"mean":-2.66880184618e-9,"median":-9.34973876099e-10,"min":-2.07673380714e-8,"var":1.11984116646e-17},"spectral_energy":{"dmean":0.00588032230735,"dmean2":0.00887414440513,"dvar":0.000107380750705,"dvar2":0.000240899535129,"max":0.110428750515,"mean":0.0116437608376,"median":0.00415400322527,"min":8.99055976333e-7,"var":0.000227755255764},"spectral_energyband_high":{"dmean":0.000815380481072,"dmean2":0.00118697877042,"dvar":0.000011398411516,"dvar2":0.0000228523258556,"max":0.0754977241158,"mean":0.00112917728256,"median":0.000263401539996,"min":3.17271471317e-8,"var":0.0000191575672943},"spectral_energyband_low":{"dmean":0.00170923327096,"dmean2":0.00253224512562,"dvar":0.0000125717815536,"dvar2":0.0000265902999672,"max":0.0476688817143,"mean":0.00331179075874,"median":0.000689334177878,"min":3.99748820712e-8,"var":0.0000271916960628},"spectral_energyband_middle_high":{"dmean":0.00245742383413,"dmean2":0.00385757558979,"dvar":0.0000445264558948,"dvar2":0.000106456995127,"max":0.076835565269,"mean":0.0030482839793,"median":0.000589731615037,"min":8.18401080238e-9,"var":0.0000548651296413},"spectral_energyband_middle_low":{"dmean":0.00239938544109,"dmean2":0.00362018495798,"dvar":0.0000182939165825,"dvar2":0.0000362795035471,"max":0.0480442233384,"mean":0.00430122483522,"median":0.00106945587322,"min":1.52953518295e-7,"var":0.0000414029746025},"spectral_entropy":{"dmean":0.19723905623,"dmean2":0.283710122108,"dvar":0.0362376980484,"dvar2":0.0751009508967,"max":9.03483104706,"mean":7.71648263931,"median":7.87067222595,"min":4.62753820419,"var":0.52058506012},"spectral_flux":{"dmean":0.0185602139682,"dmean2":0.0296109504998,"dvar":0.00083910592366,"dvar2":0.00188054400496,"max":0.269519209862,"mean":0.0572688914835,"median":0.0440597385168,"min":0.000284324167296,"var":0.00245281518437},"spectral_kurtosis":{"dmean":1.17569351196,"dmean2":1.76420080662,"dvar":1.48791134357,"dvar2":3.44712924957,"max":18.3965759277,"mean":3.481539011,"median":3.07873535156,"min":-1.07582879066,"var":6.14427232742},"spectral_rms":{"dmean":0.000715367612429,"dmean2":0.00105507671833,"dvar":0.00000109404766135,"dvar2":0.00000234243066188,"max":0.0103795649484,"mean":0.00271676387638,"median":0.00201312708668,"min":0.0000296163434541,"var":0.0000039789724724},"spectral_rolloff":{"dmean":1173.1348877,"dmean2":1880.35205078,"dvar":3615946.75,"dvar2":8027078.5,"max":18303.2226562,"mean":3036.34423828,"median":1216.62597656,"min":43.06640625,"var":12509393},"spectral_skewness":{"dmean":0.23276796937,"dmean2":0.337438106537,"dvar":0.0445637665689,"dvar2":0.0954543352127,"max":3.89229226112,"mean":1.58680987358,"median":1.53994607925,"min":0.24987770617,"var":0.273450642824},"spectral_spread":{"dmean":1066936.5,"dmean2":1574264.5,"dvar":1227395563520,"dvar2":2631657586690,"max":19342154,"mean":7036906.5,"median":6595128,"min":1940643.75,"var":5782930718720},"spectral_strongpeak":{"dmean":0.474402070045,"dmean2":0.796836733818,"dvar":1.97959697247,"dvar2":5.38376998901,"max":29.0587673187,"mean":0.633126914501,"median":0.27653875947,"min":0,"var":2.20855283737},"zerocrossingrate":{"dmean":0.0209762267768,"dmean2":0.0230838879943,"dvar":0.000542618043255,"dvar2":0.000609742710367,"max":0.455078125,"mean":0.117501273751,"median":0.09375,"min":0.01708984375,"var":0.00596334133297}},"metadata":{"audio_properties":{"analysis_sample_rate":44100,"bit_rate":0,"codec":"flac","downmix":"mix","equal_loudness":0,"length":40.5066680908,"lossless":true,"md5_encoded":"dcad94408849d4b1016070db4bf85828","replay_gain":-3.19482803345,"sample_rate":44100},"tags":{"acoustid_id":["372c8b65-74ea-49f9-8a70-9ea5d5d31e61"],"album":["Songs From the Labyrinth"],"albumartist":["Sting & Edin Karamazov"],"albumartistsort":["Sting & Karamazov, Edin"],"artist":["Sting & Edin Karamazov"],"artists":["Sting","Edin Karamazov"],"artistsort":["Sting & Karamazov, Edin"],"asin":["B000G8OYZS"],"barcode":["0602517031395"],"catalognumber":["06025 170 3139"],"date":["2006-10-06"],"file_name":"03 - \"Ryght Honorable: As I Have Bin Most Bounde Unto Your Honor...\".flac","isrc":["USUM70604996"],"label":["Deutsche Grammophon"],"media":["CD"],"musicbrainz_albumartistid":["7944ed53-2a58-4035-9b93-140a71e41c34","a472827c-096d-423a-998c-65e9b6440e14"],"musicbrainz_albumid":["f9863b24-bf95-4e91-a474-d463045331fa"],"musicbrainz_artistid":["7944ed53-2a58-4035-9b93-140a71e41c34","a472827c-096d-423a-998c-65e9b6440e14"],"musicbrainz_recordingid":["0bd8a062-0e13-405d-a92d-e07b9414b530"],"musicbrainz_releasegroupid":["6903253d-3583-367e-bd94-0bb4c5abacf2"],"musicbrainz_releasetrackid":["e87c8029-d060-3768-8b74-c310b2f64f64"],"originaldate":["2006"],"releasecountry":["DE"],"releasestatus":["official"],"releasetype":["album"],"script":["Latn"],"title":["\"Ryght Honorable: As I Have Bin Most Bounde Unto Your Honor...\""],"totaltracks":["23"],"tracknumber":["3"],"tracktotal":["23"]},"version":{"essentia":"2.1-beta1","essentia_build_sha":"ca57ba49d9b1854bd80e60cf9ccf267278fb7d6b","essentia_git_sha":"v2.1_beta1-28-g21ef5f4-dirty","extractor":"music 1.0"}},"rhythm":{"beats_count":92,"beats_loudness":{"dmean":0.0153316324577,"dmean2":0.0281370319426,"