{"lowlevel":{"average_loudness":0.922741651535,"barkbands":{"dmean":[0.00046443429892,0.00414528232068,0.00202162284404,0.00102074386086,0.0015620123595,0.000775994325522,0.000495751097333,0.000223737079068,0.000234406994423,0.0000708633378963,0.0000928241934162,0.0000718870942364,0.0000915967102628,0.000116251554573,0.000129536347231,0.000259669235675,0.000453981716419,0.000505439005792,0.000547352363355,0.000240433873842,0.000177078109118,0.000154774985276,0.0000886174821062,0.0000775511653046,0.000125153426779,0.000328511116095,0.000109889333544],"dmean2":[0.000768389552832,0.00662887375802,0.00348707498051,0.00174144678749,0.00261892843992,0.00128723715898,0.000806394557003,0.000372246548068,0.00037586473627,0.000117458228488,0.000143920755363,0.000119929820357,0.000143897166708,0.000189430211321,0.000214418338146,0.000427785242209,0.000742015428841,0.000819220149424,0.000911533541512,0.000397096329834,0.000295918405754,0.000262966874288,0.000136929156724,0.000112853231258,0.000176669229404,0.000496927241329,0.000168191123521],"dvar":[3.9211369085e-7,0.0000504105773871,0.00000976103365247,0.00000178288121333,0.00000366668950846,0.00000112630868898,5.75818773996e-7,9.01151224753e-8,2.82309088107e-7,3.62113112828e-8,4.46603429793e-8,3.40304708857e-8,6.98790785236e-8,5.43433849032e-8,4.05050037955e-8,1.71603645072e-7,3.08301991936e-7,4.05458166597e-7,5.53997438146e-7,1.2653372039e-7,8.46002876642e-8,8.50427781529e-8,2.4155999867e-8,1.96284233311e-8,5.53604841969e-8,7.08076470346e-7,7.72971802121e-8],"dvar2":[9.43859276958e-7,0.000116648312542,0.0000264977261395,0.00000479212940263,0.00000995547179627,0.00000301071281683,0.00000145910075844,2.34662522303e-7,6.66656490012e-7,8.89336533305e-8,8.03699009566e-8,8.43607494971e-8,1.46136187595e-7,1.33256818913e-7,1.03597500356e-7,4.21897965452e-7,8.06522507446e-7,0.00000104791820377,0.0000014642394035,3.21091306432e-7,2.24789445724e-7,2.27739178627e-7,5.26009600321e-8,3.87515974865e-8,1.04757205577e-7,0.00000173051012098,1.91195823618e-7],"max":[0.00542290508747,0.0509292893112,0.0267850551754,0.0136801227927,0.0315944999456,0.017146943137,0.0163537636399,0.00401724735275,0.012170035392,0.00565579719841,0.00722305709496,0.00493782013655,0.00711861252785,0.00649004755542,0.0035473217722,0.0120937898755,0.00919037405401,0.00901896972209,0.0132369147614,0.00571816181764,0.00390451960266,0.00387084367685,0.00319024454802,0.00405369326472,0.00454523926601,0.0163802523166,0.00524845905602],"mean":[0.000515458639711,0.00418818974867,0.00237775291316,0.00144169770647,0.00271732360125,0.00143191148527,0.000929625530262,0.000361004495062,0.000413876929088,0.000105633960629,0.000177997033461,0.000105376908323,0.000144045698107,0.000199734669877,0.000251543824561,0.00050309143262,0.000886843365151,0.0010150494054,0.00132499658503,0.000514461891726,0.000316631398164,0.000250071141636,0.000196570894332,0.000193293570192,0.000261874432908,0.000476147950394,0.000114592075988],"median":[0.000247592106462,0.00136040127836,0.00133582903072,0.00100917066447,0.00204560346901,0.000906186935026,0.000564558780752,0.000241896748776,0.000172639222001,0.0000625803659204,0.0000739294628147,0.0000595733217779,0.0000571908531128,0.000119975637062,0.000156581576448,0.000326699577272,0.000699017429724,0.000823463895358,0.00097735458985,0.000359774916433,0.000217954919208,0.000130899701617,0.000107803978608,0.0000955685100053,0.000102122561657,0.000221859198064,0.0000136703565659],"min":[1.06107695883e-25,4.06687931128e-24,3.35482772164e-25,6.64128684078e-25,9.22093990087e-24,1.2729165274e-23,7.53353565902e-24,6.67354395484e-24,1.88568237933e-23,1.21559600076e-23,1.60169087573e-23,2.21321868936e-23,2.38842895626e-23,3.38399745105e-23,3.61548710597e-23,5.89006339654e-23,7.12923071892e-23,1.15563162258e-22,7.77461044725e-23,1.83772026738e-22,2.34502472485e-22,3.11632798445e-22,3.899685796e-22,5.98968075165e-22,8.89148173635e-22,1.33350208622e-21,2.00076451314e-21],"var":[4.76000508343e-7,0.0000516620493727,0.00000967120377027,0.00000229978877542,0.00000691452305546,0.00000259964917859,0.0000014747718069,1.56270374418e-7,5.96449353907e-7,5.12108613293e-8,2.25237428708e-7,4.55095694463e-8,1.49508480263e-7,1.18270463645e-7,1.15637938336e-7,7.26914038296e-7,6.53055451494e-7,9.03673878838e-7,0.00000191569233721,3.29024686607e-7,1.3171002422e-7,1.20178071938e-7,7.99445416533e-8,8.17300360723e-8,1.6295605576e-7,8.00642737886e-7,7.71249233367e-8]},"barkbands_crest":{"dmean":2.78826785088,"dmean2":4.56911897659,"dvar":7.31845474243,"dvar2":17.845615387,"max":26.9115772247,"mean":7.65109014511,"median":6.652364254,"min":2.09284949303,"var":13.8061580658},"barkbands_flatness_db":{"dmean":0.0198568254709,"dmean2":0.0305350068957,"dvar":0.000385590741644,"dvar2":0.000854704005178,"max":0.589352428913,"mean":0.0798526033759,"median":0.0706907361746,"min":0.0132939359173,"var":0.00176172237843},"barkbands_kurtosis":{"dmean":3.55104064941,"dmean2":5.47041797638,"dvar":5897.83886719,"dvar2":13414.4814453,"max":6521.16943359,"mean":4.04506111145,"median":-0.796779632568,"min":-1.91628885269,"var":12844.2099609},"barkbands_skewness":{"dmean":0.557535648346,"dmean2":0.854585409164,"dvar":0.879154741764,"dvar2":1.61922359467,"max":78.0252304077,"mean":0.992654323578,"median":0.765624046326,"min":-3.45912742615,"var":4.07720899582},"barkbands_spread":{"dmean":9.21678352356,"dmean2":14.2669706345,"dvar":84.5283737183,"dvar2":185.869979858,"max":111.867675781,"mean":46.9265174866,"median":46.9703292847,"min":0.0713243857026,"var":275.042358398},"dissonance":{"dmean":0.0075690606609,"dmean2":0.0127080781385,"dvar":0.0000653335955576,"dvar2":0.000170379062183,"max":0.500000059605,"mean":0.486340910196,"median":0.488905727863,"min":0.34497615695,"var":0.000121948462038},"dynamic_complexity":4.33728456497,"erbbands":{"dmean":[0.145519271493,0.909677863121,2.18478393555,2.6805024147,4.65878486633,5.43637180328,6.46907758713,6.16468667984,7.110850811,6.008248806,4.43660736084,5.63326597214,2.8382768631,2.62386035919,3.27590560913,2.70513772964,4.17196941376,4.3605427742,6.26502513885,8.64636516571,15.9375743866,24.8032951355,26.7728767395,32.7943611145,16.9556293488,11.460858345,7.5405421257,7.37146186829,5.89417362213,3.22789716721,2.43169975281,1.89227724075,1.32638847828,1.02767324448,1.16459047794,1.25203597546,0.639296531677,0.188471138477,0.0187094584107,0.000388447660953],"dmean2":[0.225927561522,1.53411710262,3.78518557549,4.55682945251,7.9003405571,9.2407989502,10.7573757172,10.2651443481,11.5847463608,9.93905735016,7.12166690826,8.98193264008,4.63915586472,4.09868049622,5.14627361298,4.45251226425,6.51154565811,7.03918838501,10.3538274765,14.1537818909,26.1949424744,40.2809066772,43.4416656494,54.1352310181,28.0035972595,18.9001235962,12.5628480911,12.3506784439,10.0181627274,5.27973079681,3.72279143333,2.84440159798,1.93144083023,1.48696732521,1.66980540752,1.89308547974,0.979874968529,0.28936830163,0.0286839026958,0.000606793269981],"dvar":[0.0582004338503,2.70630598068,12.8208236694,12.4658145905,37.0521850586,50.9838638306,82.7702026367,70.3416061401,122.460502625,68.5768814087,39.0838546753,176.874511719,85.2470626831,26.9616584778,48.2523155212,45.5431632996,137.967102051,107.918235779,119.774406433,192.563308716,628.733642578,920.265075684,1150.3458252,1926.13305664,513.412597656,307.308898926,148.778396606,157.609313965,121.7473526,37.7661132812,20.0986785889,9.71607780457,6.42531251907,2.63061189651,6.14722251892,6.8634929657,3.22588014603,0.290228188038,0.00217978982255,9.70151859292e-7],"dvar2":[0.124593921006,6.873691082,35.1310958862,33.5068283081,98.6401519775,142.363876343,215.305007935,187.317321777,304.689910889,178.818817139,93.0691452026,400.848358154,217.074890137,49.4620475769,92.2749404907,112.666656494,278.770324707,260.730010986,304.325469971,470.765655518,1561.06408691,2379.87817383,2924.97998047,5123.41992188,1378.99780273,777.40802002,389.221801758,422.967163086,330.572418213,90.9311981201,43.6538772583,20.2608680725,13.0815830231,5.21777582169,11.9198970795,15.9313049316,8.00904655457,0.733542859554,0.00538158323616,0.00000244665079663],"max":[1.93904173374,12.1737270355,30.337310791,33.5322151184,80.9479217529,103.377403259,143.261047363,133.471496582,294.221832275,138.041687012,122.028717041,383.776611328,268.315124512,264.341430664,288.751831055,234.628646851,301.199066162,354.919158936,295.226013184,264.291107178,841.206054688,551.493713379,519.114868164,902.070800781,464.995880127,286.978302002,170.956298828,213.802154541,166.391769409,144.563873291,98.9875183105,75.8620758057,72.3578338623,34.5037384033,50.8037910461,62.431350708,35.60546875,10.9956960678,0.955565571785,0.0187367331237],"mean":[0.151061907411,0.844483375549,2.50966238976,4.04823637009,7.17418193817,8.84283542633,11.2948551178,11.0999164581,13.2308635712,10.7933216095,8.38101959229,9.77787780762,4.31432819366,4.9320192337,6.40777254105,4.47125339508,6.91704177856,7.6558675766,11.8594245911,17.6919498444,34.1427764893,51.6532936096,56.5131492615,76.5621795654,42.8690109253,24.8941421509,14.5708761215,12.4396419525,9.45545959473,5.83543682098,5.45892095566,4.48282909393,3.20445251465,2.29161524773,2.23157477379,2.02082705498,0.873294949532,0.220839306712,0.0189542863518,0.000416538008722],"median":[0.045039691031,0.296775817871,1.42144608498,3.01225852966,5.21081352234,6.31154251099,6.97986412048,7.02885913849,7.83645486832,7.51951980591,5.56694412231,4.2323474884,2.40597486496,2.67900943756,3.2389497757,2.59836435318,2.94705581665,4.83531093597,8.30814933777,11.723482132,23.5175323486,41.6611709595,46.2304611206,58.8179702759,33.1454963684,17.2486381531,10.3818817139,8.06395149231,5.27526760101,2.54960489273,2.80592989922,2.74240350723,1.39331531525,0.944496870041,0.827753543854,1.15899205208,0.344332545996,0.0522989332676,0.00180569058284,0.0000849559364724],"min":[1.26068328269e-22,5.75498440871e-22,1.24055988276e-21,4.0875671191e-21,1.4087937579e-20,1.97770951929e-20,3.98768651416e-20,1.26663310842e-19,9.60608852014e-20,1.51451651978e-19,2.53912963492e-19,4.30199886181e-19,4.26851045472e-19,6.82950557515e-19,6.75488406113e-19,1.24896590056e-18,1.51202463819e-18,1.61433943534e-18,1.94659069384e-18,1.96390337726e-18,3.42638000016e-18,5.02073402811e-18,5.41666650985e-18,5.8827281911e-18,5.13523567722e-18,8.78718266054e-18,7.60823852942e-18,1.01024651818e-17,1.01666047665e-17,8.48906759496e-18,1.02075270457e-17,1.07072020384e-17,1.05401140362e-17,8.13897580841e-18,6.93230582392e-18,4.06457941445e-18,2.38654779573e-18,1.02954579992e-18,2.6024337672e-19,2.81804957372e-20],"var":[0.0671906173229,2.29625916481,11.4684429169,15.3751630783,52.9868392944,87.9968490601,172.439788818,159.669143677,355.119567871,130.711166382,95.7858123779,357.273468018,95.4947967529,145.75743103,188.012115479,62.1993484497,338.059661865,168.228439331,209.473175049,471.077819824,3183.29907227,2105.81884766,2587.8918457,6039.19775391,1750.09838867,802.334411621,262.106903076,239.05078125,158.911346436,82.101890564,68.8836288452,34.2282447815,25.6932106018,10.1007728577,14.9825515747,9.46161460876,3.4310863018,0.282318174839,0.00214710296132,9.06164359549e-7]},"erbbands_crest":{"dmean":2.00275301933,"dmean2":3.32022023201,"dvar":3.55106592178,"dvar2":9.07430362701,"max":32.7061233521,"mean":7.63024997711,"median":7.0531167984,"min":2.05336380005,"var":9.29422187805},"erbbands_flatness_db":{"dmean":0.0141836944968,"dmean2":0.0216548442841,"dvar":0.000166406360222,"dvar2":0.00036499791895,"max":0.294373214245,"mean":0.110702872276,"median":0.104870788753,"min":0.0280463919044,"var":0.00135395582765},"erbbands_kurtosis":{"dmean":0.882671713829,"dmean2":1.43489205837,"dvar":1.01164054871,"dvar2":2.63863873482,"max":21.0459194183,"mean":0.348379313946,"median":0.00840127468109,"min":-1.80551218987,"var":2.55927371979},"erbbands_skewness":{"dmean":0.330684989691,"dmean2":0.515509128571,"dvar":0.103146605194,"dvar2":0.250434458256,"max":3.81538581848,"mean":-0.731993556023,"median":-0.777981162071,"min":-3.62984848022,"var":0.342741757631},"erbbands_spread":{"dmean":9.98272800446,"dmean2":15.9494438171,"dvar":96.7287902832,"dvar2":233.505615234,"max":155.310241699,"mean":48.7802124023,"median":46.4953918457,"min":4.61467313766,"var":310.674255371},"gfcc":{"cov":[[30131.9667969,-394.80178833,-494.563690186,842.02130127,-398.539093018,-63.6416625977,-968.745788574,565.712341309,-739.064697266,208.436477661,-516.818359375,216.607498169,-570.984985352],[-394.80178833,1082.46899414,-499.809204102,115.240188599,14.1657094955,-75.4146957397,-13.3045978546,-4.5760436058,29.0878009796,-25.5140037537,35.1304626465,25.493927002,14.0041818619],[-494.563690186,-499.809204102,842.976074219,-64.3167266846,172.978927612,171.285217285,44.0517616272,53.7124061584,-19.3309898376,32.4893608093,-23.0594329834,24.3826828003,-37.0402183533],[842.02130127,115.240188599,-64.3167266846,307.028869629,11.5044126511,61.9096870422,1.87756180763,54.1443367004,6.67592287064,30.3526306152,1.99783241749,12.8247108459,-5.08241271973],[-398.539093018,14.1657094955,172.978927612,11.5044126511,198.225143433,61.5090789795,58.1487617493,41.005859375,-0.826049983501,12.930809021,-5.42508602142,15.7034263611,-10.9630355835],[-63.6416625977,-75.4146957397,171.285217285,61.9096870422,61.5090789795,230.335403442,81.8018798828,52.7057647705,-4.83167648315,31.5018348694,-5.29161691666,9.76430130005,-11.7648334503],[-968.745788574,-13.3045978546,44.0517616272,1.87756180763,58.1487617493,81.8018798828,151.335739136,8.41173744202,30.8512535095,-0.469169318676,15.4200849533,-12.6707334518,22.0507698059],[565.712341309,-4.5760436058,53.7124061584,54.1443367004,41.005859375,52.7057647705,8.41173744202,103.873817444,3.45913290977,29.5556735992,-13.3069591522,20.4184894562,-14.6270427704],[-739.064697266,29.0878009796,-19.3309898376,6.67592287064,-0.826049983501,-4.83167648315,30.8512535095,3.45913290977,93.344291687,17.6699848175,25.3969955444,-9.60411453247,27.0956497192],[208.436477661,-25.5140037537,32.4893608093,30.3526306152,12.930809021,31.5018348694,-0.469169318676,29.5556735992,17.6699848175,65.1533432007,22.421672821,12.4766683578,-1.18386268616],[-516.818359375,35.1304626465,-23.0594329834,1.99783241749,-5.42508602142,-5.29161691666,15.4200849533,-13.3069591522,25.3969955444,22.421672821,77.0665969849,11.6673545837,23.5006542206],[216.607498169,25.493927002,24.3826828003,12.8247108459,15.7034263611,9.76430130005,-12.6707334518,20.4184894562,-9.60411453247,12.4766683578,11.6673545837,53.5981750488,6.14624166489],[-570.984985352,14.0041818619,-37.0402183533,-5.08241271973,-10.9630355835,-11.7648334503,22.0507698059,-14.6270427704,27.0956497192,-1.18386268616,23.5006542206,6.14624166489,60.3206558228]],"icov":[[0.0000830111603136,0.0000679348886479,0.000101702600659,-0.000159941264428,0.000123055142467,0.0000423515521106,0.000261163106188,-0.000300727959257,0.000435227557318,-0.000307336420519,0.000331931660185,-0.000208588462556,0.000371605186956],[0.0000679348886479,0.00162809737958,0.00122017192189,-0.000453458458651,-0.00102292955853,-0.000167049525771,0.000588728289586,-0.00014936873049,-0.000362566817785,0.000863978464622,-0.000369588087779,-0.0012649014825,0.000958887278102],[0.000101702600659,0.00122017192189,0.0027344156988,0.000295444624498,-0.00196561287157,-0.00140761071816,0.00116893812083,-0.000188426245586,-0.000116010734928,0.0000496428474435,0.000246652605711,-0.00136928528082,0.00137512094807],[-0.000159941264428,-0.000453458458651,0.000295444624498,0.00441221008077,-0.000303962675389,-0.00140426959842,0.000151486659888,-0.000967223662883,-0.000916864606552,-0.000354512449121,-0.000618231017143,0.00057566788746,-0.000887475791387],[0.000123055142467,-0.00102292955853,-0.00196561287157,-0.000303962675389,0.00850886944681,0.000994603498839,-0.00321391737089,-0.00208056019619,0.00148075888865,-0.00147302809637,0.00137784413528,-0.00154974579345,0.00150755175855],[0.0000423515521106,-0.000167049525771,-0.00140761071816,-0.00140426959842,0.000994603498839,0.00811690092087,-0.00478878011927,-0.00162889261264,0.0021120547317,-0.00310775241815,0.0012414753437,-0.000697717594448,0.0011541765416],[0.000261163106188,0.000588728289586,0.00116893812083,0.000151486659888,-0.00321391737089,-0.00478878011927,0.0129881082103,-0.00134590943344,-0.00139446172398,0.0026491668541,-0.00158078153618,0.00326537108049,-0.0025648761075],[-0.000300727959257,-0.00014936873049,-0.000188426245586,-0.000967223662883,-0.00208056019619,-0.00162889261264,-0.00134590943344,0.0165132060647,-0.00366721185856,-0.00415513338521,0.00357527658343,-0.0047331219539,0.0014463737607],[0.000435227557318,-0.000362566817785,-0.000116010734928,-0.000916864606552,0.00148075888865,0.0021120547317,-0.00139446172398,-0.00366721185856,0.0179768223315,-0.00628393050283,-0.000523922790308,0.00419870438054,-0.00406507030129],[-0.000307336420519,0.000863978464622,0.0000496428474435,-0.000354512449121,-0.00147302809637,-0.00310775241815,0.0026491668541,-0.00415513338521,-0.00628393050283,0.0257544070482,-0.0096313515678,-0.00106537539978,0.0012300373055],[0.000331931660185,-0.000369588087779,0.000246652605711,-0.000618231017143,0.00137784413528,0.0012414753437,-0.00158078153618,0.00357527658343,-0.000523922790308,-0.0096313515678,0.0211239214987,-0.00567729352042,-0.00234042759985],[-0.000208588462556,-0.0012649014825,-0.00136928528082,0.00057566788746,-0.00154974579345,-0.000697717594448,0.00326537108049,-0.0047331219539,0.00419870438054,-0.00106537539978,-0.00567729352042,0.0268584005535,-0.00766403786838],[0.000371605186956,0.000958887278102,0.00137512094807,-0.000887475791387,0.00150755175855,0.0011541765416,-0.0025648761075,0.0014463737607,-0.00406507030129,0.0012300373055,-0.00234042759985,-0.00766403786838,0.025972943753]],"mean":[7.34985113144,38.120136261,-88.7914123535,42.6495628357,-39.9538917542,-10.0715789795,-45.6637153625,18.5942707062,-27.0433177948,6.57926416397,-20.5334415436,9.56695842743,-18.9085559845]},"hfc":{"dmean":11.9247951508,"dmean2":17.2019901276,"dvar":361.870300293,"dvar2":854.103759766,"max":384.314971924,"mean":34.093837738,"median":28.3205509186,"min":1.10101557797e-16,"var":893.787780762},"melbands":{"dmean":[0.00119483924937,0.00113784451969,0.000482495583128,0.000379135162802,0.00021346185531,0.000138349205372,0.000106111576315,0.000061076520069,0.0000371688620362,0.0000344202308042,0.0000138238428917,0.0000104745513454,0.0000126979257402,0.00000818520311441,0.00000831590114103,0.00000915919008548,0.00000880537118064,0.0000114668000606,0.00000987208841252,0.0000142870703712,0.000020254356059,0.0000267790255748,0.0000310237301164,0.0000241198868025,0.000030221286579,0.0000182996118383,0.0000102193171188,0.00000773996816861,0.00000543324404134,0.00000429078500019,0.00000456059660792,0.00000378006029678,0.00000254514839071,0.00000164404229963,0.00000144722434925,0.00000176596574875,0.00000102953617898,0.00000105065987555,8.50967637689e-7,9.24128812585e-7],"dmean2":[0.00187140400521,0.00194103480317,0.000813093211036,0.000638133089524,0.000356179225491,0.000229720084462,0.000172817701241,0.000101400350104,0.0000589924093219,0.0000549476171727,0.0000227834916586,0.0000163956283359,0.0000197256595129,0.0000136085627673,0.0000132590466819,0.0000143617771755,0.0000143549250424,0.0000189709153346,0.0000163085442182,0.0000233498922171,0.000033572439861,0.0000442146629211,0.000050954746257,0.0000395354436478,0.0000502223592775,0.0000306538204313,0.0000171228966792,0.0000128311794469,0.00000914586780709,0.00000719026729712,0.00000768787867855,0.00000646504622637,0.00000431528405898,0.00000265081257567,0.00000227036684919,0.00000278128845821,0.00000156445628363,0.0000015788860992,0.00000125823373764,0.0000013802380181],"dvar":[0.0000039895808186,0.00000361570732821,3.62167327239e-7,2.34668945609e-7,8.20375589683e-8,3.42503945205e-8,2.66577249164e-8,6.99785651648e-9,3.29100813268e-9,7.23712911821e-9,2.07924566453e-9,4.32230445879e-10,7.91568643965e-10,4.41745917623e-10,4.32710700604e-10,8.4818513324e-10,4.33926922172e-10,4.55473325722e-10,2.51639847848e-10,5.49905287972e-10,9.86517423307e-10,1.11456088803e-9,1.52981660673e-9,9.90333037798e-10,1.75737846497e-9,6.1452626321e-10,2.10052156224e-10,1.54346105341e-10,7.56498960697e-11,5.05107830562e-11,6.13701450769e-11,4.85933411565e-11,2.52149533891e-11,1.03707424592e-11,8.52183601463e-12,6.89807455947e-12,3.92171885244e-12,4.18954844775e-12,2.22746257203e-12,2.27045140501e-12],"dvar2":[0.00000878155060491,0.00000976817500487,9.59804992817e-7,6.28951113413e-7,2.17427739813e-7,9.11298911888e-8,6.71486404258e-8,1.83609198956e-8,7.50000950234e-9,1.68525140509e-8,5.29944221839e-9,7.90952692231e-10,1.40261036119e-9,1.07183073528e-9,9.16965059439e-10,1.80329795541e-9,1.06118247523e-9,1.14579856714e-9,6.31489305292e-10,1.31889377197e-9,2.47124654074e-9,2.91887891635e-9,3.89571086501e-9,2.5859028252e-9,4.71273020608e-9,1.66603408847e-9,5.58696588993e-10,3.91162685576e-10,1.98691965658e-10,1.34990366107e-10,1.65733177182e-10,1.32817007392e-10,6.73363101389e-11,2.43922260862e-11,1.94981895213e-11,1.57474155243e-11,8.6623980558e-12,9.01351215887e-12,4.78476980259e-12,4.74960001884e-12],"max":[0.0146930376068,0.0151335466653,0.00613607699051,0.008879349567,0.00467859301716,0.0030118774157,0.00377757195383,0.00131538172718,0.00148298847489,0.0022615082562,0.00131932529621,0.000971881265286,0.00106428761501,0.000661144440528,0.000686326355208,0.000914193049539,0.000737440423109,0.000613883254118,0.000365441024769,0.00065486819949,0.00102481525391,0.000643951643724,0.000512951693963,0.000474311906146,0.000950665737037,0.000518133398145,0.000260228407569,0.00021617783932,0.000134489877382,0.000107884930912,0.000144043006003,0.000102455247543,0.0000696123461239,0.0000746485602576,0.0000617944679107,0.0000584878107475,0.0000530345605512,0.0000474685875815,0.000043541775085,0.0000321980587614],"mean":[0.00126228295267,0.00124270189553,0.000788871140685,0.00061997649027,0.000388956541428,0.000255907390965,0.000197840985493,0.000108185740828,0.0000707656072336,0.0000575583726459,0.0000196118216991,0.0000185756161954,0.0000245352966886,0.0000121471775856,0.0000141367981996,0.0000134070651256,0.0000148075268953,0.0000196739001694,0.0000199665428227,0.0000271541521215,0.0000408354353567,0.0000510133431817,0.00005749072443,0.0000464003023808,0.0000663956670905,0.0000407109109801,0.0000210354355659,0.000015202054783,0.00000970140899881,0.00000718835963198,0.00000712083510734,0.0000057704437495,0.00000385780867873,0.00000296974621961,0.00000291758328785,0.00000372239924218,0.0000023080099254,0.00000238082020587,0.00000184553800864,0.00000192570769286],"median":[0.000401328201406,0.000665647559799,0.000634693307802,0.000447715981863,0.000259197549894,0.000164151846548,0.000119263298984,0.0000759529284551,0.0000424321478931,0.0000241615671257,0.00000996076505544,0.00000988400097413,0.0000108184412966,0.00000700177770341,0.0000064285022745,0.00000544633803656,0.00000884433211468,0.000012546479411,0.0000117562285595,0.0000185659519047,0.0000272227189271,0.0000398221782234,0.0000448659993708,0.0000366977146768,0.0000484556585434,0.0000291530632239,0.0000144027444549,0.00000949581772147,0.00000662989896227,0.0000046882296374,0.00000437284961663,0.0000032067111988,0.00000174495698957,0.00000118803939131,0.00000117937611321,0.00000253836060438,0.00000123021686704,0.00000102740796137,7.34865579943e-7,7.91084289631e-7],"min":[1.37835664235e-24,6.78153546289e-25,1.10442301668e-24,9.01362331067e-25,1.35413111838e-24,2.98339167695e-24,1.24821766717e-24,1.57771165386e-24,1.9987295786e-24,2.69956031211e-24,1.84453074024e-24,1.53102735852e-24,2.18531332648e-24,1.86721068848e-24,3.27513531667e-24,3.56156459768e-24,2.16005242257e-24,3.088222811e-24,1.8792307593e-24,4.34746806337e-24,3.77817673035e-24,4.47334186485e-24,4.75785796095e-24,5.6129532055e-24,3.5336980862e-24,2.91049619614e-24,4.11393289212e-24,4.54825130755e-24,4.61246261308e-24,4.51871398867e-24,6.03841507954e-24,4.59224805238e-24,4.11161640208e-24,4.61664278702e-24,5.2521211277e-24,4.08428118842e-24,5.52489384594e-24,6.28202952656e-24,6.82620273949e-24,5.91825026443e-24],"var":[0.000004463552159,0.00000309452320835,4.92181413847e-7,4.16412603954e-7,1.71407563698e-7,8.21507555315e-8,7.13968759669e-8,1.27975834374e-8,9.4322167854e-9,1.31705686357e-8,2.35836883355e-9,2.08019157455e-9,3.45153949866e-9,6.19370388311e-10,1.05459707633e-9,1.50103141028e-9,7.29363403007e-10,8.44665892785e-10,9.87970372179e-10,1.21585808088e-9,4.74773997894e-9,2.29713559285e-9,2.93533575224e-9,2.19317053407e-9,5.10392794695e-9,1.81324777415e-9,5.13484421649e-10,3.5934946685e-10,1.26411159318e-10,7.66038760203e-11,8.51180653738e-11,6.06663191904e-11,3.4789601755e-11,2.43573355929e-11,2.58970483946e-11,1.93982347546e-11,1.13267789245e-11,1.49235155483e-11,8.01180476129e-12,7.36597241535e-12]},"melbands_crest":{"dmean":3.816010952,"dmean2":6.10191249847,"dvar":11.4327793121,"dvar2":27.4300918579,"max":39.9724273682,"mean":12.7938661575,"median":11.6527967453,"min":1.64895701408,"var":26.9582080841},"melbands_flatness_db":{"dmean":0.0292673725635,"dmean2":0.0446134135127,"dvar":0.000776487751864,"dvar2":0.00169632141478,"max":0.571171164513,"mean":0.149627149105,"median":0.143122792244,"min":0.00214327126741,"var":0.00305926962756},"melbands_kurtosis":{"dmean":9.118891716,"dmean2":14.5248765945,"dvar":7653.99609375,"dvar2":13874.0019531,"max":6834.3515625,"mean":13.7056512833,"median":5.02367115021,"min":-1.8698734045,"var":16145.359375},"melbands_skewness":{"dmean":0.849346101284,"dmean2":1.32051455975,"dvar":1.44872069359,"dvar2":2.85772180557,"max":79.7383804321,"mean":2.73734474182,"median":2.35023379326,"min":-1.99660682678,"var":5.10234880447},"melbands_spread":{"dmean":13.1168069839,"dmean2":20.7387866974,"dvar":150.484466553,"dvar2":352.877868652,"max":209.481613159,"mean":43.1458816528,"median":40.3163909912,"min":0.102192007005,"var":634.782653809},"mfcc":{"cov":[[13424.8916016,429.449981689,294.856750488,860.33416748,319.163665771,-54.2230682373,41.842414856,71.6384353638,-142.545684814,8.032787323,-26.3053894043,-82.1041793823,-37.9270515442],[429.449981689,781.57611084,-177.895706177,103.523864746,82.264465332,-64.5427780151,-26.8346614838,24.4035129547,-26.0910415649,-43.3229141235,-11.8406400681,52.5542640686,-47.7588119507],[294.856750488,-177.895706177,364.442718506,-5.63175296783,59.4244003296,68.6590194702,30.4203681946,30.1297664642,8.53781700134,11.2311201096,9.57343864441,8.79356098175,7.51997995377],[860.33416748,103.523864746,-5.63175296783,234.252410889,70.9376831055,-0.474845230579,5.53487491608,20.1918945312,4.36993265152,6.92010164261,7.06644821167,7.04266023636,1.29078757763],[319.163665771,82.264465332,59.4244003296,70.9376831055,130.451324463,19.8688983917,19.4265918732,28.5874786377,7.02479839325,2.55694890022,6.66869211197,20.6263027191,-5.59305763245],[-54.2230682373,-64.5427780151,68.6590194702,-0.474845230579,19.8688983917,141.111587524,69.9001083374,47.9284172058,26.2117557526,32.9000282288,11.074836731,16.5401763916,3.20570492744],[41.842414856,-26.8346614838,30.4203681946,5.53487491608,19.4265918732,69.9001083374,114.540893555,46.2318572998,21.4695224762,17.4776821136,7.06216526031,17.2039031982,-2.6257007122],[71.6384353638,24.4035129547,30.1297664642,20.1918945312,28.5874786377,47.9284172058,46.2318572998,85.5377655029,34.8686103821,14.6551914215,6.11335802078,16.520866394,-7.793176651],[-142.545684814,-26.0910415649,8.53781700134,4.36993265152,7.02479839325,26.2117557526,21.4695224762,34.8686103821,76.0428848267,24.8172874451,2.59683084488,9.61479091644,-4.17707538605],[8.032787323,-43.3229141235,11.2311201096,6.92010164261,2.55694890022,32.9000282288,17.4776821136,14.6551914215,24.8172874451,83.2397613525,15.7168645859,1.28597259521,17.2715969086],[-26.3053894043,-11.8406400681,9.57343864441,7.06644821167,6.66869211197,11.074836731,7.06216526031,6.11335802078,2.59683084488,15.7168645859,50.4192276001,15.7134408951,4.14497613907],[-82.1041793823,52.5542640686,8.79356098175,7.04266023636,20.6263027191,16.5401763916,17.2039031982,16.520866394,9.61479091644,1.28597259521,15.7134408951,56.0957603455,7.80503511429],[-37.9270515442,-47.7588119507,7.51997995377,1.29078757763,-5.59305763245,3.20570492744,-2.6257007122,-7.793176651,-4.17707538605,17.2715969086,4.14497613907,7.80503511429,62.2970924377]],"icov":[[0.000108955864562,-0.0000353716677637,-0.000126196930069,-0.000386823987355,-0.00000789440309745,0.000102090001747,-0.0000945990541368,-0.0000817541367724,0.000261128210695,-0.0000913521580514,0.0000716082795407,0.000216724249185,0.0000532068006578],[-0.0000353716677637,0.00216776970774,0.00118418002967,-0.000330037844833,-0.00123083044309,0.000586302543525,0.000653649913147,-0.00112217036076,0.00115763070062,0.0000523346243426,0.000966832914855,-0.0025051238481,0.0015633739531],[-0.000126196930069,0.00118418002967,0.00406913878396,0.000801238813438,-0.00234657968394,-0.0013277430553,0.00071264069993,-0.000804122420959,0.000482698436826,0.000439152732724,0.0000285230980808,-0.000878760940395,0.00012910591613],[-0.000386823987355,-0.000330037844833,0.000801238813438,0.00678843958303,-0.0028779739514,-0.0000842052686494,0.000365208194125,-0.000339078076649,-0.00105773517862,0.0000165861147252,-0.000994981150143,0.00044485606486,-0.00107202434447],[-0.00000789440309745,-0.00123083044309,-0.00234657968394,-0.0028779739514,0.0118125667796,-0.000117904623039,-0.000633618212305,-0.00122275215108,-0.00000629580199529,-0.000106642197352,-0.000160013631103,-0.00191321305465,0.000560920627322],[0.000102090001747,0.000586302543525,-0.0013277430553,-0.0000842052686494,-0.000117904623039,0.0125393522903,-0.00527189066634,-0.00325783342123,0.000383663049433,-0.00299675646238,0.00015302230895,-0.00135497481097,0.000404206628446],[-0.0000945990541368,0.000653649913147,0.00071264069993,0.000365208194125,-0.000633618212305,-0.00527189066634,0.0141919655725,-0.00450778985396,0.00029020983493,-0.000190127306269,0.000447680678917,-0.00244853831828,0.000947727588937],[-0.0000817541367724,-0.00112217036076,-0.000804122420959,-0.000339078076649,-0.00122275215108,-0.00325783342123,-0.00450778985396,0.0202872697264,-0.00711039081216,0.000257912004599,-0.000599373248406,-0.000868156726938,0.00120016082656],[0.000261128210695,0.00115763070062,0.000482698436826,-0.00105773517862,-0.00000629580199529,0.000383663049433,0.00029020983493,-0.00711039081216,0.0192427821457,-0.00515930727124,0.00252355867997,-0.00306198070757,0.00304889772087],[-0.0000913521580514,0.0000523346243426,0.000439152732724,0.0000165861147252,-0.000106642197352,-0.00299675646238,-0.000190127306269,0.000257912004599,-0.00515930727124,0.0166205856949,-0.00497109629214,0.00323298759758,-0.00492818327621],[0.0000716082795407,0.000966832914855,0.0000285230980808,-0.000994981150143,-0.000160013631103,0.00015302230895,0.000447680678917,-0.000599373248406,0.00252355867997,-0.00497109629214,0.0239723026752,-0.00789290294051,0.00166491034906],[0.000216724249185,-0.0025051238481,-0.000878760940395,0.00044485606486,-0.00191321305465,-0.00135497481097,-0.00244853831828,-0.000868156726938,-0.00306198070757,0.00323298759758,-0.00789290294051,0.0261592902243,-0.00585945695639],[0.0000532068006578,0.0015633739531,0.00012910591613,-0.00107202434447,0.000560920627322,0.000404206628446,0.000947727588937,0.00120016082656,0.00304889772087,-0.00492818327621,0.00166491034906,-0.00585945695639,0.0197033919394]],"mean":[-639.266479492,81.8762207031,3.58550214767,48.7672080994,18.2012577057,-11.105430603,-4.91337823868,3.20785331726,-3.14227128029,-1.74539268017,0.0655075013638,2.244535923,-2.90506339073]},"pitch_salience":{"dmean":0.0758721828461,"dmean2":0.121908128262,"dvar":0.00497930403799,"dvar2":0.0119400024414,"max":0.863622963428,"mean":0.638847708702,"median":0.665188848972,"min":0.00498473038897,"var":0.0126741919667},"silence_rate_20dB":{"dmean":0,"dmean2":0,"dvar":0,"dvar2":0,"max":1,"mean":1,"median":1,"min":1,"var":0},"silence_rate_30dB":{"dmean":0,"dmean2":0,"dvar":0,"dvar2":0,"max":1,"mean":1,"median":1,"min":1,"var":0},"silence_rate_60dB":{"dmean":0.00298107019626,"dmean2":0.00596302933991,"dvar":0.00297246617265,"dvar2":0.00652328040451,"max":1,"mean":0.1111773476,"median":0,"min":0,"var":0.0988156571984},"spectral_centroid":{"dmean":297.683685303,"dmean2":478.522979736,"dvar":107848.3125,"dvar2":262321.15625,"max":11960.6201172,"mean":2307.32080078,"median":2277.671875,"min":346.273345947,"var":1161183.375},"spectral_complexity":{"dmean":4.64987325668,"dmean2":7.17740011215,"dvar":22.8530426025,"dvar2":51.7275352478,"max":60,"mean":25.5250377655,"median":28,"min":0,"var":173.081756592},"spectral_contrast_coeffs":{"dmean":[0.0567619763315,0.0448226593435,0.0329517610371,0.0289101023227,0.0248055979609,0.0227305646986],"dmean2":[0.0912319868803,0.0746691450477,0.0545170642436,0.0480441823602,0.0415163338184,0.0374064221978],"dvar":[0.00195007165894,0.00127179699484,0.000718767929357,0.000541403423995,0.000435696245404,0.00051257625455],"dvar2":[0.00498516345397,0.00360793876462,0.00189579394646,0.00146996323019,0.0011822427623,0.0013356419513],"max":[-0.39014518261,-0.541652321815,-0.542197287083,-0.600136041641,-0.629149436951,-0.627902448177],"mean":[-0.660011291504,-0.764270782471,-0.821514368057,-0.8000857234,-0.774859786034,-0.76868724823],"median":[-0.654741168022,-0.764913201332,-0.827502250671,-0.800511837006,-0.771517336369,-0.767108440399],"min":[-0.982307195663,-0.976758658886,-0.97726392746,-0.985081851482,-0.974858522415,-0.964960753918],"var":[0.00651026051491,0.00377444457263,0.00266653555445,0.00211795791984,0.00173003412783,0.00180344912224]},"spectral_contrast_valleys":{"dmean":[0.446222990751,0.351610869169,0.341736465693,0.296057283878,0.290205895901,0.272612690926],"dmean2":[0.713026106358,0.573407232761,0.547509729862,0.463988006115,0.438361287117,0.379516482353],"dvar":[0.152164742351,0.108120761812,0.113436937332,0.10543192178,0.127595975995,0.109448336065],"dvar2":[0.336050719023,0.237621873617,0.245192274451,0.205124586821,0.253411263227,0.198385730386],"max":[-5.41181707382,-5.17306613922,-6.12878704071,-5.95612621307,-5.40175390244,-7.61708593369],"mean":[-7.4937953949,-6.99759960175,-7.99503850937,-8.02220058441,-7.14820766449,-9.8391828537],"median":[-6.94555473328,-6.52518463135,-7.54296684265,-7.54804801941,-6.54080486298,-9.37572860718],"min":[-28.2390842438,-28.1345672607,-27.7951908112,-27.6662425995,-27.4953575134,-27.452583313],"var":[6.32822465897,5.98419380188,5.33241033554,5.39679765701,6.10551261902,5.30184841156]},"spectral_decrease":{"dmean":1.95571581152e-9,"dmean2":3.02680525088e-9,"dvar":5.90243866433e-18,"dvar2":1.40461339517e-17,"max":1.02464141338e-10,"mean":-4.85460294186e-9,"median":-4.43002790007e-9,"min":-2.41774689158e-8,"var":1.09970196552e-17},"spectral_energy":{"dmean":0.0079193180427,"dmean2":0.0121704675257,"dvar":0.0000876694612089,"dvar2":0.000208745361306,"max":0.0952127277851,"mean":0.0214148219675,"median":0.0203251838684,"min":9.85977964413e-21,"var":0.000186833945918},"spectral_energyband_high":{"dmean":0.000931683636736,"dmean2":0.00135340518318,"dvar":0.00000231089484259,"dvar2":0.0000053957601267,"max":0.0278731118888,"mean":0.00205065123737,"median":0.00125842005946,"min":7.10560424645e-21,"var":0.00000548683010493},"spectral_energyband_low":{"dmean":0.00587403168902,"dmean2":0.0091937193647,"dvar":0.0000784534859122,"dvar2":0.000187291065231,"max":0.070604391396,"mean":0.0076782181859,"median":0.00427525769919,"min":9.15071550308e-24,"var":0.0000904563494259},"spectral_energyband_middle_high":{"dmean":0.00145519757643,"dmean2":0.00225241179578,"dvar":0.00000289288664135,"dvar2":0.00000704493277226,"max":0.0255238581449,"mean":0.00498965801671,"median":0.0046326443553,"min":1.06670180549e-21,"var":0.0000137862234624},"spectral_energyband_middle_low":{"dmean":0.00260989624076,"dmean2":0.00431102141738,"dvar":0.00000809498942544,"dvar2":0.0000218007280637,"max":0.0372374728322,"mean":0.00733061460778,"median":0.00694187637419,"min":1.4182112324e-22,"var":0.0000231755184359},"spectral_entropy":{"dmean":0.12288903445,"dmean2":0.18589784205,"dvar":0.0154087254778,"dvar2":0.0320457480848,"max":9.81934928894,"mean":7.94248104095,"median":7.92610788345,"min":6.25002765656,"var":0.104614801705},"spectral_flux":{"dmean":0.0213729422539,"dmean2":0.033066753298,"dvar":0.000508303579409,"dvar2":0.00116210081615,"max":0.232823878527,"mean":0.085659109056,"median":0.0866813212633,"min":6.39370709155e-11,"var":0.00155628018547},"spectral_kurtosis":{"dmean":0.977032423019,"dmean2":1.58325433731,"dvar":1.22251713276,"dvar2":3.36165356636,"max":19.9759559631,"mean":4.40223407745,"median":4.3998799324,"min":-1.27402758598,"var":3.17814421654},"spectral_rms":{"dmean":0.00077561440412,"dmean2":0.00115940859541,"dvar":6.42293457531e-7,"dvar2":0.00000146893614783,"max":0.00963796954602,"mean":0.00423210859299,"median":0.00445302668959,"min":3.10149930911e-12,"var":0.00000298182681036},"spectral_rolloff":{"dmean":1195.5411377,"dmean2":1906.15686035,"dvar":3315941.25,"dvar2":6801352.5,"max":19552.1484375,"mean":3630.24682617,"median":3100.78125,"min":21.533203125,"var":10037184},"spectral_skewness":{"dmean":0.166663989425,"dmean2":0.269905567169,"dvar":0.0291764847934,"dvar2":0.0738968253136,"max":3.14086413383,"mean":1.48601448536,"median":1.52078723907,"min":-0.0924946442246,"var":0.102067790926},"spectral_spread":{"dmean":789810.625,"dmean2":1174461,"dvar":1229383139330,"dvar2":2565039980540,"max":51882480,"mean":5897573.5,"median":5209780.5,"min":1834680,"var":17277412966400},"spectral_strongpeak":{"dmean":0.384844630957,"dmean2":0.686131238937,"dvar":1.00362026691,"dvar2":2.73981165886,"max":16.8437137604,"mean":0.485721945763,"median":0.254589498043,"min":0,"var":1.08510482311},"zerocrossingrate":{"dmean":0.0232702512294,"dmean2":0.0255354065448,"dvar":0.000519753259141,"dvar2":0.000641522055957,"max":0.55322265625,"mean":0.127062857151,"median":0.11181640625,"min":0,"var":0.00476810475811}},"metadata":{"audio_properties":{"analysis_sample_rate":44100,"bit_rate":196064,"codec":"mp3","downmix":"mix","equal_loudness":0,"length":155.768157959,"lossless":false,"md5_encoded":"d64deeba6d56a9a1d7dbff8fc856efa2","replay_gain":-6.08711624146,"sample_rate":44100},"tags":{"acoustid_id":["797556c6-f176-47c3-9110-a92e1bd0d4cc"],"album":["Dry"],"albumartist":["PJ Harvey"],"albumartistsort":["Harvey, PJ"],"artist":["PJ Harvey"],"artists":["PJ Harvey"],"artistsort":["Harvey, PJ"],"asin":["B0000243FS"],"barcode":["5016554701022"],"catalognumber":["PURE CD10"],"composer":["Rob Ellis","PJ Harvey"],"date":["1992-02-11"],"file_name":"08 - Joe.mp3","label":["Too Pure"],"media":["CD"],"musicbrainz album release country":["GB"],"musicbrainz album status":["official"],"musicbrainz album type":["album"],"musicbrainz release track id":["04826de7-3d74-3aff-b322-ec54bf4fd427"],"musicbrainz_albumartistid":["e795e03d-b5d5-4a5f-834d-162cfb308a2c"],"musicbrainz_albumid":["72c6b7bd-6999-48cb-9197-e2f8d0dc5703"],"musicbrainz_artistid":["e795e03d-b5d5-4a5f-834d-162cfb308a2c"],"musicbrainz_recordingid":["0bf3d0b7-c05b-49cb-b54f-da0972f92617"],"musicbrainz_releasegroupid":["78e2be48-6a07-31bf-b85f-3a1093177263"],"musicbrainz_workid":["b425d3ed-21b4-3b0b-a74a-adff3df5a6e8"],"originaldate":["1992"],"performer:background vocals":["Rob Ellis"],"performer:drums and harmonium":["Rob Ellis"],"performer:electric bass guitar":["Stephen Vaughan"],"performer:electric guitar and violin":["PJ Harvey"],"script":["Latn"],"title":["Joe"],"tracknumber":["8/11"],"work":["Joe"]},"version":{"essentia":"2.1-beta1","essentia_build_sha":"65e368e5454dd45657e4cc002e00185f437e13e1","essentia_git_sha":"v2.1_beta1-28-g21ef5f4","extractor":"music 1.0"}},"rhythm":{"beats_count":330,"beats_loudness":{"dmean":0.00682566827163,"dmean2":0.0112118804827,"dvar":0.0000317144949804,"dvar2":0.000087435291789,"max":0.0506843104959,"mean":0.0210090875626,"median":0.0212886631489,"min":0,"var":0.0000925863932935},"beats_loudness_band_ratio":{"dmean":[0.17