{"lowlevel":{"average_loudness":0.878271818161,"barkbands":{"dmean":[0.00000416745660914,0.00250727729872,0.0031727286987,0.00132694409695,0.00350579363294,0.000767695484683,0.000572897202801,0.000940461293794,0.000605378474575,0.000327213434502,0.000276598933851,0.00066983216675,0.00041915194015,0.000523279362824,0.00021316902712,0.000151377505972,0.000129908206873,0.000144768258906,0.000219060457312,0.000255021936027,0.000109862463432,0.0000938761731959,0.000050258327974,0.0000437925955339,0.0000215069321712,0.00000392976608055,9.43721886415e-7],"dmean2":[0.00000674036300552,0.0038616869133,0.00506838411093,0.00231485837139,0.00593170896173,0.00122217857279,0.000884141540155,0.00145396753214,0.000927034358028,0.000506607699208,0.000440370349679,0.00107392889913,0.000651014503092,0.000839005573653,0.000341228180332,0.000249392789556,0.000207861303352,0.000223182127229,0.000340623402735,0.000395934417611,0.000172261279658,0.000142777440487,0.0000764791620895,0.0000669820510666,0.0000336561206495,0.00000625487700745,0.00000155789098244],"dvar":[5.355545174e-11,0.0000240955741901,0.0000330286093231,0.00000472698911835,0.0000493273728353,0.00000122086794363,0.0000011597012417,0.00000771117629483,0.00000403311787522,5.87542388075e-7,6.18306614797e-7,0.0000021447533527,0.00000152902703121,0.00000273465138889,2.86629926904e-7,7.48220045921e-8,4.17407477471e-8,6.8091644323e-8,1.34968914267e-7,2.68669623438e-7,5.5111215147e-8,3.95333188408e-8,1.36200348777e-8,1.16401670525e-8,3.46676132246e-9,1.11917912438e-10,7.96075878828e-12],"dvar2":[1.35980615656e-10,0.0000485651326017,0.0000834312959341,0.0000134715055538,0.000130385888042,0.00000319500804835,0.00000248171136263,0.000015920284568,0.00000834722595755,0.0000012917209915,0.00000147414687035,0.00000526064786754,0.00000329624003825,0.00000720529169485,7.4927680771e-7,1.89530538819e-7,9.93050477405e-8,1.59727974847e-7,3.30304999352e-7,6.38886547222e-7,1.35187491423e-7,9.29836332375e-8,2.99150606509e-8,2.5023336292e-8,7.83544162886e-9,2.63188332239e-10,2.0854646135e-11],"max":[0.000143892713822,0.0516573525965,0.0727383121848,0.0208971444517,0.0738439783454,0.0201588273048,0.0210436526686,0.0833924934268,0.0711384788156,0.0289927031845,0.0200665015727,0.0375818274915,0.0358314476907,0.0389585793018,0.017519839108,0.00584559468552,0.00485381344333,0.00725757516921,0.0090099060908,0.0129844741896,0.00342174689285,0.00243653496727,0.00244645797648,0.00219785701483,0.00131030532066,0.000278584979242,0.0000553390418645],"mean":[0.00000591613843426,0.00279977708124,0.00394504517317,0.00158386619296,0.00429964531213,0.00146111682989,0.000987974344753,0.00136853405274,0.000963029393461,0.000530428427737,0.000415433081798,0.00114634342026,0.000712278299034,0.000941783713643,0.000328281981638,0.000261959357886,0.000241978093982,0.000269771291642,0.000483891111799,0.00049498520093,0.000171207619132,0.000144733756315,0.0000778970716055,0.0000673138856655,0.0000327369416482,0.00000498171220897,0.00000122710787309],"median":[0.00000314957605951,0.000792864710093,0.00168043887243,0.000821858760901,0.00206857500598,0.00100888055749,0.000523229013197,0.00047255915706,0.000262961548287,0.000162290700246,0.000109116997919,0.000351366470568,0.000141402182635,0.00015680436627,0.000132403016323,0.000118264986668,0.000148606821313,0.000137637573062,0.000253887963481,0.000264444184722,0.0000724138080841,0.0000534822174814,0.0000316109872074,0.0000293927969324,0.0000155588240887,0.00000205732499126,5.67099391446e-7],"min":[8.91737596934e-24,3.00144535041e-23,9.96385596924e-24,5.46541728356e-24,2.37031008344e-23,2.16100209277e-23,3.55527903287e-23,4.02396685576e-23,8.93967848708e-23,3.26744325231e-23,3.36191123897e-23,4.13697402033e-23,3.72561871477e-23,4.14164313026e-23,1.60008507047e-22,1.86510913936e-22,2.24286181026e-22,2.19376487456e-22,2.52820655741e-22,2.57327992383e-22,3.78734241055e-22,4.35595410834e-22,5.41828595258e-22,7.70876391195e-22,1.08212702755e-21,1.75583100233e-21,2.47242548336e-21],"var":[6.87413875822e-11,0.0000311162220896,0.000039533344534,0.00000486411772727,0.000046285593271,0.00000248543483394,0.00000243366707764,0.0000146082720676,0.00000894811910257,0.00000129841589569,0.0000011981088619,0.00000603032231083,0.00000389097203879,0.0000074314698395,5.03275089159e-7,1.66924550626e-7,8.45665226734e-8,1.5630065775e-7,4.0665116785e-7,5.8431578509e-7,7.85310305673e-8,6.54262990452e-8,2.03876027172e-8,1.8103154531e-8,4.76793893256e-9,1.15167229919e-10,6.35480253489e-12]},"barkbands_crest":{"dmean":2.48752713203,"dmean2":4.1329703331,"dvar":5.36884832382,"dvar2":14.1416788101,"max":26.9195537567,"mean":9.67066478729,"median":8.45459651947,"min":2.76742458344,"var":23.5807361603},"barkbands_flatness_db":{"dmean":0.0194448847324,"dmean2":0.0302595607936,"dvar":0.000312154355925,"dvar2":0.000739789044019,"max":0.626995205879,"mean":0.138830959797,"median":0.122391834855,"min":0.0465382896364,"var":0.00661531416699},"barkbands_kurtosis":{"dmean":10.1674718857,"dmean2":15.9693832397,"dvar":5165.9921875,"dvar2":9968.90820312,"max":4253.61132812,"mean":48.9234199524,"median":1.76288104057,"min":-1.90945863724,"var":91750.65625},"barkbands_skewness":{"dmean":0.62385648489,"dmean2":0.967924058437,"dvar":0.846191823483,"dvar2":1.66079699993,"max":64.1007766724,"mean":2.60796713829,"median":1.48750603199,"min":-3.02101588249,"var":41.2331924438},"barkbands_spread":{"dmean":5.86349773407,"dmean2":9.11876869202,"dvar":44.47914505,"dvar2":100.627662659,"max":143.078689575,"mean":22.8104095459,"median":20.2431221008,"min":0.132698446512,"var":178.235931396},"dissonance":{"dmean":0.013191380538,"dmean2":0.0223117358983,"dvar":0.000150719846715,"dvar2":0.000410971610108,"max":0.500000119209,"mean":0.474292397499,"median":0.477793633938,"min":0.339966058731,"var":0.000305295368889},"dynamic_complexity":4.0515537262,"erbbands":{"dmean":[0.0162396840751,0.76101154089,3.77308988571,3.12755942345,9.93164634705,12.0154180527,6.75296974182,6.42613983154,7.39843940735,13.2230587006,19.5694332123,13.7506046295,12.0163602829,9.70390129089,10.9037857056,25.8359928131,21.1023349762,26.7963886261,12.9309139252,8.54004096985,8.30697917938,6.80840730667,7.96072626114,9.47957420349,12.4182252884,10.7681674957,4.95704364777,4.52733421326,3.5486536026,2.17290973663,1.38051879406,0.987715065479,0.706325471401,0.342610776424,0.100642092526,0.0254913531244,0.00583034241572,0.00124312529806,0.000166320911376,0.0000159364462888],"dmean2":[0.0249543637037,1.16929388046,5.95187711716,5.26263427734,17.1530132294,20.3410644531,10.8020448685,10.39041996,11.8709440231,20.3195991516,30.0595207214,20.9584445953,18.3588371277,15.6571378708,17.2845172882,41.1005439758,33.1205329895,42.9917297363,20.0535144806,13.654047966,13.5318775177,10.6340608597,12.3949232101,15.0377588272,18.9831085205,16.561290741,7.67590332031,7.13767194748,5.38653373718,3.30465364456,2.08887314796,1.52677607536,1.09196317196,0.530913889408,0.158555224538,0.0402759425342,0.00923071149737,0.00201703351922,0.000272126198979,0.0000229510551435],"dvar":[0.000773812062107,2.22523927689,52.6816062927,18.3170185089,479.374603271,496.404449463,88.5294418335,108.778457642,184.209579468,1260.97460938,2765.63745117,2764.13500977,753.343505859,876.243225098,1275.61914062,2892.85058594,3742.44604492,8507.13378906,803.698730469,343.507110596,234.641616821,128.016403198,185.291900635,303.901367188,409.706176758,656.379638672,87.2185821533,114.270530701,54.9249534607,21.6982784271,10.9936361313,7.00902175903,3.06806373596,0.829165816307,0.0917726308107,0.00474958214909,0.00026017500204,0.0000124345015138,2.49937386343e-7,9.93872428801e-10],"dvar2":[0.00155294733122,4.57822990417,128.574020386,49.2944641113,1298.1583252,1300.20666504,214.115570068,302.132659912,455.761230469,2926.85327148,5790.67871094,5537.85693359,1526.73754883,2313.328125,3004.4831543,6896.68896484,7810.30126953,22493.9082031,1937.94775391,869.955505371,608.031433105,296.82925415,437.475738525,756.883544922,943.713256836,1579.4699707,192.127304077,289.240722656,128.957748413,49.9081192017,23.7220859528,15.464594841,6.8045630455,1.83332479,0.221655011177,0.0111072584987,0.000622055318672,0.0000317491430906,6.5806193561e-7,2.34287078626e-9],"max":[0.295940190554,15.1934404373,86.5724945068,43.6714897156,217.230545044,251.665466309,171.195175171,148.233673096,323.869720459,799.150268555,1231.13244629,2129.13476562,1150.87194824,767.146484375,970.934020996,1311.50231934,1968.17578125,2336.66137695,759.097473145,422.395751953,399.897003174,303.031188965,313.789001465,467.223083496,360.627655029,831.19354248,226.606201172,181.885284424,96.3831939697,77.2760620117,75.2437667847,58.6504020691,34.7808837891,24.3670692444,9.98967933655,2.04741072655,0.471390604973,0.0623875670135,0.0101202288643,0.000480027287267],"mean":[0.0210683550686,0.862385869026,4.50833415985,4.78628396988,10.8946695328,14.6913948059,12.1601352692,11.3215446472,12.5553417206,21.5094413757,29.9595832825,21.661108017,19.7591743469,16.0306625366,17.6204032898,47.1221618652,40.5294189453,52.1449165344,22.744512558,15.5311155319,15.1325941086,13.8921260834,15.4551792145,20.140581131,27.301071167,21.517698288,9.12792682648,6.63777303696,5.46775150299,3.36443066597,2.15087151527,1.52724933624,1.04033529758,0.521190881729,0.147443041205,0.0337872728705,0.00730878487229,0.00148066226393,0.000219315683353,0.0000406066646974],"median":[0.00885053351521,0.260715961456,1.7484562397,3.11585688591,4.3746099472,6.88469791412,7.73197746277,7.19760799408,7.15793418884,10.4915313721,10.434879303,6.67968559265,6.85661029816,4.85973930359,5.97931480408,14.8798046112,8.78918838501,8.02209091187,8.79468154907,7.22703266144,7.96552658081,8.8124256134,8.7251625061,10.8101158142,13.9065513611,11.5999031067,4.69583034515,2.63088607788,2.06437301636,1.24582910538,0.880930423737,0.688887834549,0.431709706783,0.240238338709,0.0633358731866,0.0141970664263,0.00303184334189,0.000557774386834,0.000103686834336,0.0000296728030662],"min":[9.73692252248e-22,5.77854239542e-21,1.49078060442e-20,1.09997896246e-20,5.42317639542e-20,1.00765429699e-19,1.96706897162e-19,2.02232864319e-19,4.89482007828e-19,6.42941330551e-19,9.76350435113e-19,2.20699314773e-18,1.53253716642e-18,2.27723753214e-18,1.43428641102e-18,1.60265168347e-18,1.72526818119e-18,1.39340642136e-18,4.91319475821e-18,7.41282207279e-18,1.20105243551e-17,1.20979631361e-17,1.10618267747e-17,1.01506261186e-17,1.40684876806e-17,1.39558405704e-17,1.62212864361e-17,1.42200387493e-17,1.43508011149e-17,1.24262322438e-17,1.37294304834e-17,1.35278945446e-17,1.48933323351e-17,1.21808234724e-17,7.13907905677e-18,6.08434064411e-18,3.29114258745e-18,1.23696175211e-18,3.2953301376e-19,3.84596559519e-20],"var":[0.00114780187141,2.83619427681,60.0556411743,27.2742824554,394.886779785,509.653289795,195.983581543,175.511550903,346.007263184,1980.20117188,5236.78076172,6117.30029297,1762.15905762,1587.6763916,2396.16870117,9420.56835938,10688.2207031,24928.3808594,1637.0769043,672.70513916,497.260375977,277.305297852,422.164367676,787.025634766,1290.23046875,1329.92858887,196.012710571,136.216766357,93.4840240479,34.4724273682,16.3871135712,9.77565765381,4.70454359055,1.22504663467,0.106326147914,0.00519584398717,0.000256285740761,0.0000107178047983,1.99271966039e-7,1.50631351836e-9]},"erbbands_crest":{"dmean":2.28264379501,"dmean2":3.76089334488,"dvar":5.00257349014,"dvar2":12.4556035995,"max":27.3988723755,"mean":7.64824724197,"median":6.77107524872,"min":2.27795410156,"var":13.7621765137},"erbbands_flatness_db":{"dmean":0.0140502573922,"dmean2":0.020227663219,"dvar":0.000176392350113,"dvar2":0.00033732369775,"max":0.279983222485,"mean":0.146558061242,"median":0.146663412452,"min":0.0315330512822,"var":0.00144657143392},"erbbands_kurtosis":{"dmean":0.618616521358,"dmean2":0.985410392284,"dvar":0.565621078014,"dvar2":1.36161959171,"max":9.89097213745,"mean":-0.200474366546,"median":-0.619921207428,"min":-1.71304345131,"var":1.73493599892},"erbbands_skewness":{"dmean":0.308596313,"dmean2":0.478479623795,"dvar":0.0767117887735,"dvar2":0.178686097264,"max":2.38391423225,"mean":0.038503266871,"median":0.10575864464,"min":-2.83654427528,"var":0.402535647154},"erbbands_spread":{"dmean":8.72377490997,"dmean2":13.427936554,"dvar":75.9652633667,"dvar2":161.730636597,"max":172.363113403,"mean":46.8014831543,"median":43.9198455811,"min":5.98323345184,"var":477.665802002},"gfcc":{"cov":[[42505.234375,5708.92675781,-4089.625,593.402832031,-2409.94677734,-882.172424316,-1556.0970459,-776.166137695,-1099.72717285,-688.118469238,-419.187866211,-944.327331543,-519.934204102],[5708.92675781,1794.3392334,-588.120666504,-73.7685089111,-87.0250549316,-336.85256958,-84.6131668091,-224.346221924,-124.734565735,-129.198913574,-43.6696357727,-162.086547852,-78.3294372559],[-4089.625,-588.120666504,848.352355957,132.420349121,253.223846436,126.182243347,88.0893707275,82.8206329346,99.8179855347,49.8882522583,-9.48429012299,113.650672913,49.029083252],[593.402832031,-73.7685089111,132.420349121,368.578582764,-3.21964263916,0.673077762127,-79.6258087158,57.8203010559,43.2001342773,-15.0869102478,-21.6210460663,5.20373630524,28.9568576813],[-2409.94677734,-87.0250549316,253.223846436,-3.21964263916,320.279998779,53.703502655,153.506988525,37.1471366882,80.6856613159,44.9134635925,5.64453268051,44.9408721924,28.0118293762],[-882.172424316,-336.85256958,126.182243347,0.673077762127,53.703502655,273.613220215,102.2996521,45.7680587769,8.11709594727,37.5218582153,12.5714244843,12.4360132217,-15.7706422806],[-1556.0970459,-84.6131668091,88.0893707275,-79.6258087158,153.506988525,102.2996521,239.308624268,23.6114463806,48.109703064,28.8478221893,1.73425006866,37.3695487976,-8.83713817596],[-776.166137695,-224.346221924,82.8206329346,57.8203010559,37.1471366882,45.7680587769,23.6114463806,126.469764709,60.0261383057,27.4520683289,13.1472864151,11.0224599838,22.4477977753],[-1099.72717285,-124.734565735,99.8179855347,43.2001342773,80.6856613159,8.11709594727,48.109703064,60.0261383057,128.376358032,39.6978378296,-1.28192186356,22.3188476562,25.3507118225],[-688.118469238,-129.198913574,49.8882522583,-15.0869102478,44.9134635925,37.5218582153,28.8478221893,27.4520683289,39.6978378296,67.022567749,28.0875225067,12.3239221573,2.96923184395],[-419.187866211,-43.6696357727,-9.48429012299,-21.6210460663,5.64453268051,12.5714244843,1.73425006866,13.1472864151,-1.28192186356,28.0875225067,90.9868087769,19.5557003021,3.33712291718],[-944.327331543,-162.086547852,113.650672913,5.20373630524,44.9408721924,12.4360132217,37.3695487976,11.0224599838,22.3188476562,12.3239221573,19.5557003021,85.2251815796,32.4321174622],[-519.934204102,-78.3294372559,49.029083252,28.9568576813,28.0118293762,-15.7706422806,-8.83713817596,22.4477977753,25.3507118225,2.96923184395,3.33712291718,32.4321174622,65.0119094849]],"icov":[[0.000372837355826,-0.00105646473821,0.000888548907824,-0.00093912758166,0.00140373781323,-0.000952315225732,0.00101530679967,-0.000592706783209,0.00114259577822,-0.000931593240239,0.00164678215515,-0.000862913555466,0.000906858942471],[-0.00105646473821,0.00437882030383,-0.00194840633776,0.00232668500394,-0.00468510389328,0.00398379843682,-0.00339811644517,0.00328658544458,-0.00325120612979,0.00400760630146,-0.00521853100508,0.00432177586481,-0.00215523480438],[0.000888548907824,-0.00194840633776,0.00451489957049,-0.00282046943903,0.00143044209108,-0.00255562015809,0.00320967612788,-0.00123419670854,0.00250829267316,-0.0018945998745,0.00470154453069,-0.00397378904745,0.00308564212173],[-0.00093912758166,0.00232668500394,-0.00282046943903,0.00624964572489,-0.00357458600774,0.00154386460781,-0.000447578437161,-0.00020681177557,-0.00433543417603,0.00401999475434,-0.00352811068296,0.00161847949494,-0.00255803973414],[0.00140373781323,-0.00468510389328,0.00143044209108,-0.00357458600774,0.0122681995854,-0.00332048581913,-0.0000931852846406,-0.00216806307435,0.00329334358685,-0.0059445980005,0.00588079867885,-0.00227436609566,0.000559420499485],[-0.000952315225732,0.00398379843682,-0.00255562015809,0.00154386460781,-0.00332048581913,0.00917050056159,-0.00597878405824,0.00135864713229,-0.000599308288656,0.000779856112786,-0.00474974419922,0.00476409168914,-0.00113789213356],[0.00101530679967,-0.00339811644517,0.00320967612788,-0.000447578437161,-0.0000931852846406,-0.00597878405824,0.012523428537,-0.00300356093794,0.000681241624989,-0.0012194684241,0.00605654902756,-0.00744670908898,0.00632777577266],[-0.000592706783209,0.00328658544458,-0.00123419670854,-0.00020681177557,-0.00216806307435,0.00135864713229,-0.00300356093794,0.0151062281802,-0.0063538691029,0.00202573579736,-0.00533633679152,0.00592557620257,-0.00441502220929],[0.00114259577822,-0.00325120612979,0.00250829267316,-0.00433543417603,0.00329334358685,-0.000599308288656,0.000681241624989,-0.0063538691029,0.0184195097536,-0.0106257274747,0.00788147002459,-0.00296103255823,0.000357641576556],[-0.000931593240239,0.00400760630146,-0.0018945998745,0.00401999475434,-0.0059445980005,0.000779856112786,-0.0012194684241,0.00202573579736,-0.0106257274747,0.0290468856692,-0.0116066457704,0.00399814220145,0.0003197233018],[0.00164678215515,-0.00521853100508,0.00470154453069,-0.00352811068296,0.00588079867885,-0.00474974419922,0.00605654902756,-0.00533633679152,0.00788147002459,-0.0116066457704,0.0222191233188,-0.00946420338005,0.00492579955608],[-0.000862913555466,0.00432177586481,-0.00397378904745,0.00161847949494,-0.00227436609566,0.00476409168914,-0.00744670908898,0.00592557620257,-0.00296103255823,0.00399814220145,-0.00946420338005,0.0253516044468,-0.0115299308673],[0.000906858942471,-0.00215523480438,0.00308564212173,-0.00255803973414,0.000559420499485,-0.00113789213356,0.00632777577266,-0.00441502220929,0.000357641576556,0.0003197233018,0.00492579955608,-0.0115299308673,0.0260624978691]],"mean":[-47.4857635498,90.0943832397,-119.566314697,39.575504303,-55.7727127075,4.67183685303,-34.4128417969,1.1151740551,-26.750541687,-0.833617448807,-9.85434055328,-10.095290184,-13.5997848511]},"hfc":{"dmean":5.89835548401,"dmean2":8.25251960754,"dvar":61.3799552917,"dvar2":129.855392456,"max":93.065284729,"mean":18.274055481,"median":12.9075422287,"min":1.14516458954e-16,"var":273.820861816},"melbands":{"dmean":[0.000398199888878,0.00164875283372,0.000667179469019,0.000880485866219,0.00026585967862,0.000144514531712,0.000115296264994,0.000163775548572,0.000158635433763,0.0000845495596877,0.0000586829810345,0.000038426314859,0.0000327862253471,0.0000557589228265,0.0000791565762484,0.0000435056426795,0.0000568388022657,0.0000217975048145,0.000017158459741,0.0000103751990537,0.0000103248594314,0.00000800936686574,0.00000811282643554,0.00000604580736763,0.00000870602252689,0.00000855440521264,0.0000114449367175,0.00000690788783686,0.00000361582260666,0.00000272663214673,0.00000265751259576,0.00000217163642446,0.00000166400639046,0.00000108994436232,8.50208721204e-7,6.75558453622e-7,6.13304223407e-7,5.18534932326e-7,4.35602771631e-7,2.57930196312e-7],"dmean2":[0.000613196811173,0.00254867365584,0.00111718045082,0.00150410970673,0.000432186730905,0.000233276892686,0.000182093499461,0.000252289581113,0.000243980859523,0.000128960222355,0.0000898232101463,0.0000622812731308,0.0000518685192219,0.0000871850788826,0.000127618885017,0.0000680006342009,0.0000916273711482,0.0000336707053066,0.0000275703259831,0.0000169211780303,0.0000170161729329,0.0000128065712488,0.0000128158953885,0.00000938284756558,0.0000141366954267,0.0000131456672534,0.0000179862308869,0.0000107047180791,0.00000561494380236,0.00000435017182099,0.0000042247638703,0.00000334103810928,0.00000254106839748,0.00000168147494151,0.00000129156831008,0.00000104052219285,9.48737124418e-7,8.03989792075e-7,6.76253080201e-7,4.06342564929e-7],"dvar":[5.68220798414e-7,0.00000992270724964,0.00000107860034859,0.00000338563131663,1.47067609646e-7,4.99072960736e-8,4.09741467422e-8,2.27194959734e-7,1.78811717433e-7,1.10900565176e-7,1.77779906352e-8,1.34671456209e-8,9.6361780777e-9,1.90030746694e-8,3.1567687131e-8,1.971234731e-8,4.20115959798e-8,2.74316347415e-9,2.12472173189e-9,3.70823233231e-10,3.47713552395e-10,2.07020275922e-10,2.30841137872e-10,1.04674421908e-10,2.71893424442e-10,2.62481869573e-10,4.93035945404e-10,2.88994356223e-10,4.94163425457e-11,3.61220879597e-11,4.06030070677e-11,2.13643078922e-11,1.2367456885e-11,5.65127068405e-12,3.87350524919e-12,3.68386657984e-12,2.61929280349e-12,1.52796113435e-12,1.43953013572e-12,4.87628763323e-13],"dvar2":[0.00000112152736165,0.0000229611578106,0.00000288975843432,0.00000907954108698,3.6307730511e-7,1.37663164423e-7,9.64791411207e-8,5.03766955262e-7,3.83300033491e-7,2.21235396225e-7,3.63373189316e-8,3.5569758694e-8,2.1952295981e-8,4.40587726303e-8,7.99791379791e-8,4.36606342191e-8,1.11781751855e-7,6.29512131312e-9,5.56940937813e-9,9.24513132716e-10,9.23482956772e-10,4.89727758346e-10,5.6458787645e-10,2.35220953826e-10,6.93994195444e-10,6.47854048186e-10,1.18358067791e-9,6.7650401947e-10,1.04083311414e-10,9.07230124358e-11,1.04195194139e-10,5.15718648342e-11,2.81984609274e-11,1.33492739432e-11,8.51643061628e-12,8.30723250606e-12,5.89099038648e-12,3.46134709436e-12,3.21532687628e-12,1.10527635221e-12],"max":[0.00807729829103,0.0358716212213,0.0105982702225,0.019955156371,0.00518947839737,0.00303466524929,0.00436876667663,0.0131112523377,0.0127656655386,0.0141514828429,0.00567052094266,0.00297169666737,0.00280317733996,0.00473375245929,0.0037032046821,0.00408289488405,0.00501383887604,0.00127720832825,0.00159573717974,0.000403176323744,0.000473662134027,0.000431195250712,0.000371309230104,0.000231192680076,0.000406715058489,0.000489388941787,0.000426850136137,0.000537246523891,0.000176617948455,0.0000927440269152,0.000115236078273,0.0000613072916167,0.0000492952494824,0.0000433316236013,0.0000424388090323,0.0000431525149907,0.000035779641621,0.0000254799379036,0.0000371689202439,0.000016735675672],"mean":[0.000465193239506,0.00199297606014,0.0010047693504,0.00100443186238,0.000459293485619,0.000260499829892,0.000199446556508,0.000258890067926,0.000241183108301,0.000131248889375,0.0000937961449381,0.0000609444177826,0.0000507874246978,0.0000941227481235,0.000133828027174,0.0000720187745173,0.000104676284536,0.0000347959212377,0.0000266598726739,0.0000179749640665,0.0000172554009623,0.0000145982312461,0.0000147687942444,0.0000111865592771,0.0000169215145434,0.0000181783925655,0.000021568414013,0.0000127051116579,0.00000627255894869,0.00000398523889089,0.00000368976247955,0.00000319770197166,0.00000253036910181,0.00000160286492701,0.00000128535828026,9.98522523332e-7,9.09657444481e-7,7.45479610487e-7,6.16245358742e-7,3.81020157647e-7],"median":[0.000148242121213,0.000767555437051,0.000629877962638,0.000445948040579,0.000296251499094,0.000173481603269,0.000114599853987,0.000114656031656,0.0000758485839469,0.0000390059685742,0.0000322539963236,0.0000180197439477,0.0000148084200191,0.0000318273159792,0.0000323784079228,0.0000121892608149,0.000014568628103,0.0000127828752738,0.0000105706494651,0.00000771863960836,0.00000892468415259,0.00000902543433767,0.00000736494985176,0.00000595827168581,0.00000823846403364,0.00000853512210597,0.0000104203936644,0.00000627522194918,0.00000302718081002,0.00000168698602465,0.00000130680155053,0.00000122011022086,8.21672188067e-7,5.87808699493e-7,4.90923866892e-7,4.41162512743e-7,3.83666758808e-7,2.91083608772e-7,2.58058037161e-7,1.75098847421e-7],"min":[8.09013619222e-24,8.31105668873e-24,2.88114662616e-24,6.95792831117e-24,5.83296217323e-24,4.22308126469e-24,7.58212633534e-24,8.213586613e-24,7.15154948719e-24,1.51006168392e-23,7.11510884654e-24,7.98599550868e-24,4.66282862086e-24,4.72943372481e-24,4.08503888932e-24,3.57942835288e-24,2.25033991976e-24,5.51762883143e-24,1.33785066618e-23,1.09478305753e-23,1.5077836114e-23,1.14359863809e-23,1.00144022317e-23,8.10690974165e-24,7.69428184568e-24,8.13319379815e-24,8.87476722527e-24,8.81572808626e-24,1.03967236695e-23,7.78757095861e-24,8.13985651736e-24,6.52520655022e-24,9.83800188929e-24,5.17084833851e-24,8.14697125386e-24,7.48457106263e-24,8.64663259579e-24,1.01240073548e-23,1.06805290019e-23,1.00698820303e-23],"var":[7.71203872318e-7,0.0000119722917589,0.00000137946472023,0.00000295150471175,2.77992143083e-7,8.28579302947e-8,8.19189978074e-8,3.90529947936e-7,3.36409215151e-7,2.5119496172e-7,4.05102973389e-8,2.33668018268e-8,1.93448546071e-8,4.55163196023e-8,8.19753580572e-8,4.59783500162e-8,1.15624189334e-7,5.38250599647e-9,3.83342380061e-9,8.63305871235e-10,6.76374400932e-10,3.59815038875e-10,4.83665774098e-10,2.41877767815e-10,6.47195907977e-10,6.66356470003e-10,1.15794174249e-9,5.58591117805e-10,1.1741627115e-10,4.48465119207e-11,4.69303276796e-11,3.39220145029e-11,2.17153378612e-11,8.16590111502e-12,5.77820647232e-12,4.71800203072e-12,3.60169294562e-12,2.33634292468e-12,2.04796813189e-12,6.80853051889e-13]},"melbands_crest":{"dmean":3.80385446548,"dmean2":6.21261024475,"dvar":11.3741941452,"dvar2":29.6148967743,"max":39.9915618896,"mean":14.7155504227,"median":13.0915527344,"min":1.02646183968,"var":49.5188865662},"melbands_flatness_db":{"dmean":0.0262681692839,"dmean2":0.0400355756283,"dvar":0.000543444126379,"dvar2":0.00126203126274,"max":0.606429457664,"mean":0.195196047425,"median":0.183755412698,"min":0.00000540605515198,"var":0.00577494455501},"melbands_kurtosis":{"dmean":32.8218765259,"dmean2":50.8302230835,"dvar":41042.953125,"dvar2":98121.515625,"max":9512.86132812,"mean":104.847473145,"median":8.59556674957,"min":-1.70331823826,"var":384629.15625},"melbands_skewness":{"dmean":1.00212526321,"dmean2":1.53231739998,"dvar":3.27598023415,"dvar2":7.45584440231,"max":94.2528152466,"mean":4.28875637054,"median":2.62790203094,"min":-1.81332230568,"var":78.1794128418},"melbands_spread":{"dmean":7.30122900009,"dmean2":11.4142456055,"dvar":80.4706954956,"dvar2":170.707901001,"max":215.976425171,"mean":23.3312416077,"median":19.5164375305,"min":0.101245842874,"var":283.426605225},"mfcc":{"cov":[[18625.2558594,2313.92651367,-529.648254395,485.693786621,-393.183654785,-47.2884864807,0.597994148731,-122.924385071,-346.267059326,34.3382377625,-80.6704483032,-166.896865845,-118.175506592],[2313.92651367,1629.62573242,-323.621765137,186.054534912,-83.5594024658,26.2957401276,56.4775619507,-68.0769271851,-50.4866867065,-51.3193740845,18.178560257,-13.3376302719,-48.9416694641],[-529.648254395,-323.621765137,421.764953613,72.991569519,128.621154785,27.9373817444,-19.1656188965,23.7786808014,41.7745780945,-29.4729728699,-27.1474494934,34.4999275208,17.5882434845],[485.693786621,186.054534912,72.991569519,342.889709473,108.122589111,-28.2413063049,-61.675693512,-2.74838137627,58.003364563,-25.2479610443,-30.1807956696,11.9684000015,23.5433998108],[-393.183654785,-83.5594024658,128.621154785,108.122589111,192.091812134,-7.30628252029,-18.0307331085,-9.24226570129,40.2053222656,13.3479862213,-23.5904521942,20.682012558,30.4369544983],[-47.2884864807,26.2957401276,27.9373817444,-28.2413063049,-7.30628252029,177.378753662,69.9858474731,48.2212409973,21.7292118073,5.6229929924,38.5215301514,-1.50391030312,-36.8589096069],[0.597994148731,56.4775619507,-19.1656188965,-61.675693512,-18.0307331085,69.9858474731,130.292541504,36.8648643494,-16.3832740784,8.72957992554,25.7958717346,1.65490603447,-6.61373662949],[-122.924385071,-68.0769271851,23.7786808014,-2.74838137627,-9.24226570129,48.2212409973,36.8648643494,87.0896377563,34.8599090576,8.00122070312,19.3798313141,-2.7753405571,-7.7376241684],[-346.267059326,-50.4866867065,41.7745780945,58.003364563,40.2053222656,21.7292118073,-16.3832740784,34.8599090576,116.717514038,20.2281208038,-0.226358756423,6.04259061813,-9.78014945984],[34.3382377625,-51.3193740845,-29.4729728699,-25.2479610443,13.3479862213,5.6229929924,8.72957992554,8.00122070312,20.2281208038,91.6687316895,27.0956611633,2.17778205872,-0.187829390168],[-80.6704483032,18.178560257,-27.1474494934,-30.1807956696,-23.5904521942,38.5215301514,25.7958717346,19.3798313141,-0.226358756423,27.0956611633,73.7518997192,16.2495994568,-10.5611047745],[-166.896865845,-13.3376302719,34.4999275208,11.9684000015,20.682012558,-1.50391030312,1.65490603447,-2.7753405571,6.04259061813,2.17778205872,16.2495994568,59.5622024536,19.2325973511],[-118.175506592,-48.9416694641,17.5882434845,23.5433998108,30.4369544983,-36.8589096069,-6.61373662949,-7.7376241684,-9.78014945984,-0.187829390168,-10.5611047745,19.2325973511,71.9173660278]],"icov":[[0.0000823085065349,-0.0000960987454164,-0.0000494087034895,-0.000189820304513,0.000225097202929,-0.0000331282572006,0.0000321072438965,-0.0000636248805677,0.000325381930452,-0.000321138388244,0.000224857358262,0.0000839562344481,0.0000819183624117],[-0.0000960987454164,0.00113721401431,0.000855254242197,-0.000801631831564,0.0000085868723545,-0.000173921507667,-0.000941650243476,0.00114211952314,-0.000234730687225,0.000919862592127,-0.000446337246103,-0.000363527738955,0.000614924472757],[-0.0000494087034895,0.000855254242197,0.00417787441984,-0.000348139175912,-0.00228804070503,-0.000954575894866,0.000232134450926,-0.000710812862962,-0.0000672196620144,0.00199785432778,0.000826024333946,-0.0020807555411,0.000690863991622],[-0.000189820304513,-0.000801631831564,-0.000348139175912,0.00570302875713,-0.00300167151727,0.000362712249625,0.00235054618679,-0.00141751149204,-0.00237812707201,0.00202769949101,-0.000373941787984,0.0000168621336343,-0.00149690289982],[0.000225097202929,0.0000085868723545,-0.00228804070503,-0.00300167151727,0.0100369416177,-0.000688802509103,-0.00124433683231,0.00269203609787,-0.000803501170594,-0.00378933199681,0.00270613562316,-0.000634552096017,-0.00205979496241],[-0.0000331282572006,-0.000173921507667,-0.000954575894866,0.000362712249625,-0.000688802509103,0.00964042171836,-0.00396955851465,-0.00200911867432,-0.00146444002166,0.00114805158228,-0.00360276619904,0.000753107829951,0.00366648193449],[0.0000321072438965,-0.000941650243476,0.000232134450926,0.00235054618679,-0.00124433683231,-0.00396955851465,0.0131171857938,-0.00555388256907,0.00316091137938,-0.000878914841451,0.000136969640153,-0.000812706071883,-0.00164839520585],[-0.0000636248805677,0.00114211952314,-0.000710812862962,-0.00141751149204,0.00269203609787,-0.00200911867432,-0.00555388256907,0.0194053277373,-0.00632357271388,0.0010241062846,-0.00368998199701,0.00293062976561,-0.00146426109131],[0.000325381930452,-0.000234730687225,-0.0000672196620144,-0.00237812707201,-0.000803501170594,-0.00146444002166,0.00316091137938,-0.00632357271388,0.0147077105939,-0.00459076697007,0.00314052822068,-0.00203117891215,0.00336224259809],[-0.000321138388244,0.000919862592127,0.00199785432778,0.00202769949101,-0.00378933199681,0.00114805158228,-0.000878914841451,0.0010241062846,-0.00459076697007,0.0163272004575,-0.00718878116459,0.00124788610265,-0.00080368766794],[0.000224857358262,-0.000446337246103,0.000826024333946,-0.000373941787984,0.00270613562316,-0.00360276619904,0.000136969640153,-0.00368998199701,0.00314052822068,-0.00718878116459,0.0225228946656,-0.00808315351605,0.00248741847463],[0.0000839562344481,-0.000363527738955,-0.0020807555411,0.0000168621336343,-0.000634552096017,0.000753107829951,-0.000812706071883,0.00293062976561,-0.00203117891215,0.00124788610265,-0.00808315351605,0.0229455996305,-0.00630720984191],[0.0000819183624117,0.000614924472757,0.000690863991622,-0.00149690289982,-0.00205979496241,0.00366648193449,-0.00164839520585,-0.00146426109131,0.00336224259809,-0.00080368766794,0.00248741847463,-0.00630720984191,0.019727891311]],"mean":[-666.276611328,114.647850037,-3.95783233643,31.0100364685,0.564848065376,2.60299777985,3.95040035248,-4.04134654999,-7.82289886475,1.03479266167,-0.477726340294,-0.598433315754,-0.732668161392]},"pitch_salience":{"dmean":0.0777524933219,"dmean2":0.126413837075,"dvar":0.00515231303871,"dvar2":0.0133539671078,"max":0.997663736343,"mean":0.551108837128,"median":0.575384616852,"min":0.00194605195429,"var":0.0213436763734},"silence_rate_20dB":{"dmean":0,"dmean2":0,"dvar":0,"dvar2":0,"max":1,"mean":1,"median":1,"min":1,"var":0},"silence_rate_30dB":{"dmean":0.000931749353185,"dmean2":0.00186393293552,"dvar":0.000930907961447,"dvar2":0.00232659326866,"max":1,"mean":0.999301373959,"median":1,"min":0,"var":0.000698154675774},"silence_rate_60dB":{"dmean":0.00745399482548,"dmean2":0.0149114634842,"dvar":0.00739819044247,"dvar2":0.0156207922846,"max":1,"mean":0.101537026465,"median":0,"min":0,"var":0.0912263393402},"spectral_centroid":{"dmean":289.151947021,"dmean2":453.039855957,"dvar":117794.242188,"dvar2":235237.015625,"max":11251.8291016,"mean":1572.05615234,"median":1434.9699707,"min":228.8775177,"var":638098.9375},"spectral_complexity":{"dmean":4.17516899109,"dmean2":5.95666360855,"dvar":23.8032112122,"dvar2":46.637928009,"max":52,"mean":19.3754081726,"median":19,"min":0,"var":105.139671326},"spectral_contrast_coeffs":{"dmean":[0.0581337027252,0.0432011671364,0.036478612572,0.0298965703696,0.0217299293727,0.0182417184114],"dmean2":[0.0974501818419,0.0702595338225,0.0586702153087,0.0475874096155,0.0336114056408,0.0282931774855],"dvar":[0.0025261065457,0.00130826875102,0.000901405815966,0.000597896520048,0.000363677274436,0.000284688634565],"dvar2":[0.00695147179067,0.00333717814647,0.00230408972129,0.00146280706394,0.000777500506956,0.00061866582837],"max":[-0.301920562983,-0.45299834013,-0.485642462969,-0.551704287529,-0.62055939436,-0.633344292641],"mean":[-0.625326156616,-0.748452663422,-0.784369885921,-0.770705997944,-0.780507743359,-0.760207295418],"median":[-0.620267868042,-0.745658516884,-0.788992285728,-0.775065660477,-0.778681516647,-0.750529646873],"min":[-0.967794120312,-0.998092234135,-0.995626568794,-0.977584242821,-0.979823827744,-0.95917648077],"var":[0.00827914103866,0.00539990933612,0.00496771419421,0.00516514061019,0.00335610075854,0.00269093923271]},"spectral_contrast_valleys":{"dmean":[0.474652200937,0.364244252443,0.367623478174,0.305945962667,0.271637737751,0.318518936634],"dmean2":[0.750246524811,0.576471447945,0.553646087646,0.452092051506,0.375630944967,0.400765478611],"dvar":[0.229602873325,0.184383928776,0.184055954218,0.154380425811,0.16422457993,0.21795797348],"dvar2":[0.434819847345,0.331286042929,0.31204661727,0.241124555469,0.239222258329,0.323739916086],"max":[-5.53933858871,-4.89489459991,-5.40524244308,-6.14860296249,-5.77567577362,-8.15119171143],"mean":[-7.79653406143,-7.07840919495,-7.86316919327,-8.14300823212,-7.84720516205,-10.5925197601],"median":[-7.25184440613,-6.50141525269,-7.36968803406,-7.668820858,-7.39043235779,-10.0944404602],"min":[-27.5316963196,-27.6916427612,-27.1955604553,-27.3083820343,-27.3897972107,-27.296169281],"var":[5.52264642715,5.17312097549,4.36825466156,4.06364917755,3.8548874855,3.06215333939]},"spectral_decrease":{"dmean":2.22653340209e-9,"dmean2":3.05209102436e-9,"dvar":8.58398657025e-18,"dvar2":1.6253147779e-17,"max":1.53062229087e-29,"mean":-5.85142245768e-9,"median":-4.35458558101e-9,"min":-3.41808572557e-8,"var":2.56872551617e-17},"spectral_energy":{"dmean":0.00875247828662,"dmean2":0.0119665097445,"dvar":0.000131502063596,"dvar2":0.000245646428084,"max":0.134743124247,"mean":0.0237420964986,"median":0.0176914576441,"min":1.04993106189e-20,"var":0.00041041141958},"spectral_energyband_high":{"dmean":0.00037684533163,"dmean2":0.000563283450902,"dvar":4.80230028188e-7,"dvar2":0.00000111711290174,"max":0.00863345433027,"mean":0.000701035081875,"median":0.000370151014067,"min":7.71431628103e-21,"var":8.72052908107e-7},"spectral_energyband_low":{"dmean":0.00550849689171,"dmean2":0.00831271801144,"dvar":0.0000956224757829,"dvar2":0.000214423358557,"max":0.113709591329,"mean":0.00749928783625,"median":0.00359816430137,"min":4.56830012857e-23,"var":0.000130164946313},"spectral_energyband_middle_high":{"dmean":0.00186185748316,"dmean2":0.00272764917463,"dvar":0.00000813968836155,"dvar2":0.0000177668716788,"max":0.0495389215648,"mean":0.00547443749383,"median":0.00289457128383,"min":1.55055106797e-21,"var":0.0000525685572939},"spectral_energyband_middle_low":{"dmean":0.00567732937634,"dmean2":0.00912967231125,"dvar":0.0000875036930665,"dvar2":0.000224431147217,"max":0.0943660438061,"mean":0.0109465960413,"median":0.00811157282442,"min":2.64501047796e-22,"var":0.000119046468171},"spectral_entropy":{"dmean":0.132317721844,"dmean2":0.191100731492,"dvar":0.0160241853446,"dvar2":0.029046036303,"max":9.80241680145,"mean":7.65000200272,"median":7.59655094147,"min":6.55398273468,"var":0.136222556233},"spectral_flux":{"dmean":0.0241392049938,"dmean2":0.0378498993814,"dvar":0.000854618730955,"dvar2":0.0018298208015,"max":0.326569229364,"mean":0.07967530936,"median":0.0712722167373,"min":6.81412565262e-11,"var":0.00244227284566},"spectral_kurtosis":{"dmean":1.24316871166,"dmean2":2.09045290947,"dvar":1.90489971638,"dvar2":5.14439678192,"max":20.1192569733,"mean":3.56714224815,"median":3.22918391228,"min":-1.19028568268,"var":4.29073047638},"spectral_rms":{"dmean":0.000814113824163,"dmean2":0.00109517411329,"dvar":8.1683992903e-7,"dvar2":0.0000014263301864,"max":0.0114654572681,"mean":0.00431000348181,"median":0.00415451079607,"min":3.20050453154e-12,"var":0.00000458689055449},"spectral_rolloff":{"dmean":501.594818115,"dmean2":827.311950684,"dvar":676104,"dvar2":1442754.875,"max":18690.8203125,"mean":1430.21691895,"median":1184.32617188,"min":21.533203125,"var":2031682.5},"spectral_skewness":{"dmean":0.185479149222,"dmean2":0.298171937466,"dvar":0.0312232859433,"dvar2":0.0752071514726,"max":2.98075723648,"mean":1.30009222031,"median":1.27108597755,"min":-0.0179812405258,"var":0.102495521307},"spectral_spread":{"dmean":454278.3125,"dmean2":658268.5,"dvar":938403168256,"dvar2":1670035931140,"max":40609260,"mean":4548556,"median":4050160.5,"min":2043633.5,"var":4047109095420},"spectral_strongpeak":{"dmean":0.511695802212,"dmean2":0.860458731651,"dvar":0.872303187847,"dvar2":2.12974286079,"max":11.197016716,"mean":0.889042317867,"median":0.415420472622,"min":0,"var":1.94048452377},"zerocrossingrate":{"dmean":0.00959888380021,"dmean2":0.0115223908797,"dvar":0.000180556759005,"dvar2":0.000237292260863,"max":0.61865234375,"mean":0.0598617568612,"median":0.0546875,"min":0,"var":0.00150932557881}},"metadata":{"audio_properties":{"analysis_sample_rate":44100,"bit_rate":206124,"codec":"mp3","downmix":"mix","equal_loudness":0,"length":99.6719970703,"lossless":false,"md5_encoded":"12eba525ea4fc0679f5dbeb5e744b0d6","replay_gain":-5.64270591736,"sample_rate":48000},"tags":{"acoustid_fingerprint":["AQADD0pEasuiJPjxYE-Mp4vR5MqF3o5xhGRm_MW1I48eXEqOSsTUjSmaqMfZoVqMHzk_PMS1XNCD6NLhhzjCTcenPSlq9RD3HOktfB--pMcPH1UaxIdyI0_x6ujLBI0_XB0bfImO7pjC0fiD_miKXIKIPAt-_EGVG5GCH3pu8Edz6CmRG88FxyRwysMtwlUO3riMJxKRiw6U1UeIsgo3onlk_PiRJ9GSF1qqC6F83ByuERUthNGSQTvSB-tzNM9x_mAjHlfmIcw0JehzZCMeJkd1eHmMHy7S60WyRxeO5ydmCX2WSWh64T8eHcdHos_Cwz_CH0lbSrhmlPpwBn3xY_qL-jEuLT1KkmhyUXgYo4_Q9ArykdCF4HiC88LDJDrCXIF2nshz8MdzNG4wfTny5MIPVbmRo9GNPjnu4_rwcB165B0eHT-MXONxE46Pdnkw5SiXf7jR9AjZQV1UOOmNr4duHYxdNFehH2GOkheeJTp2qfBJZohTXkjOFM5xB-9aPPvQTA-qZ8cd6Tib4kqD44_RacV-_MJz5B3EXUboHVd2_KhHH-aJejS-SMa-I8yR7DqejNj1ojxMJTnh7UUppzKSKTrS-fgT-Et6nCIqJbnx8LgzB3fQNC_648L1wollfNOG50TzY16OxlqM_kh_-CeSjQnKPCpcH-dCoqlj1Dmm7ME_PFpOo7o0UMTxdfCnCz1zVCaHVD-kcMmCPIKPjzk6H1OiJ0jqC_nYommmHCWzG9-HM1qHnpnQNOGRzAvCyDm6ZkFzYnyHF08uPEOY93DE7HiY5bhC-MoQicyOZ9qDo6l-IXxD4zZ0nkjrDE-i4xKPJwyaWUOlPLiPT3lGNH6Cij56hUdaiOaFXMmNs5Vw7Gh4XGfUgLcDH6dQxXnQXEMOvQyy5rhyXPjygTnHBGFO6Mee5LGQG314NMdHIdeOhjv0o7qPB7_QpdlhEmIvhER14kcK7Uc-9B_MHWh4vD2OLXuQvDvy8nAeHsgTfpB69KrgZ0geBVOO0xqujJZg7STynEgO40d5NNxxMY_w7UGvw0-QfEWq6cXU5XiF_qB-5Mf2G52iEx8qI_9xHl6P6Zdx5EoXsD_e5DimHema5mjlY7_wH004Gj1-hJkHKRfCHMWdDRd5NByYZ6lwvsHJ_QjzGfuOZtDFEP3RWMc_hHlY4g2PH2e6Iv46KEfaRejRC96Fp0PzZYh_yDtCaZqFplvW4tmH8-ibY6sIq8lj5EKSHV2z42I2PLgoCkyMZF9SGfl0_MZ3lPnxG0ca80j2JR0e7cU5Hewi9Gic0BFO6fh2oxqXI-GJaEfPoHmONmIs5DkO8VGO10fe7Dh-9CFG9scF-Bf6SnjCI38yaJ8eNJ-RE1eUD82DNsd94Q_6RBlCIXnC49oONtLRoM_xxMJznMmDXPlxQtuFJvuRsxX4FdeHqx1-gU0U4v5R5WiOM0t49OrB3LieBv2xXRrS4csDP9DU5ESoHM2jyPjRoE-OUiqD7TbOCn_hpPkE_vjRN8J19FLgiuBEJKaiHKGWDc_Ro8lJ7D-q60i7Dq0y6FkOzS