{"lowlevel":{"average_loudness":0.84926700592,"barkbands":{"dmean":[0.00272759841755,0.0072053829208,0.00171579758171,0.000861196196638,0.0018639806658,0.00157458719332,0.00154311803635,0.000652879825793,0.000815289386082,0.00102051568683,0.000710260297637,0.000676007708535,0.000394571659854,0.000203490330023,0.00024039267737,0.000174700646312,0.000144800273119,0.000156051144586,0.000173495092895,0.000103675563878,0.0000703697151039,0.0000277315230051,0.00000698792337062,0.00000238828943111,0.00000237945914705,0.00000460206547359,0.00029004807584],"dmean2":[0.00457144528627,0.0119725782424,0.00290957209654,0.00144417386036,0.00295790540986,0.00245733372867,0.00240199128166,0.00105529464781,0.00129918905441,0.00165531109087,0.0011593044037,0.00109632522799,0.000657393131405,0.000339081016136,0.000404764723498,0.000289475894533,0.000238635635469,0.000253050151514,0.000274899357464,0.000160535797477,0.000107013744127,0.0000424792160629,0.0000110666351247,0.00000398243764721,0.0000039535148062,0.00000732751232135,0.000433601438999],"dvar":[0.0000254791175394,0.000186633522389,0.00000718426917956,0.00000306572746922,0.0000119012993309,0.0000118527386803,0.0000134545598485,0.00000295818540508,0.00000253688790508,0.00000487807983518,0.00000239595851781,0.00000200005933948,5.59922341381e-7,1.34776300342e-7,2.22189214583e-7,1.04827698522e-7,6.53589680155e-8,6.97068216482e-8,2.03435106982e-7,1.12069734826e-7,4.85195279509e-8,4.35287317302e-9,2.15965467731e-10,1.68142739315e-11,1.57044273419e-11,5.10386351238e-11,1.69469998923e-7],"dvar2":[0.0000656712436466,0.000512667698786,0.0000195804113901,0.00000784601343184,0.0000279867072095,0.0000282204018731,0.0000319631835737,0.00000707623257767,0.00000627049666946,0.0000122550463857,0.00000596592781221,0.00000471843941341,0.00000147824880514,3.58352139074e-7,6.19075990471e-7,2.80189482282e-7,1.68797541278e-7,1.66068417684e-7,4.46715176849e-7,2.40344178337e-7,1.06530535504e-7,9.18591602783e-9,5.05855968225e-10,4.25494396661e-11,3.96197519237e-11,1.21026327848e-10,3.4919423797e-7],"max":[0.133392751217,0.199945196509,0.0690360218287,0.0569789931178,0.0641938745975,0.0752942785621,0.0995855629444,0.0536855906248,0.0407539345324,0.0532687529922,0.0361420214176,0.0390726998448,0.0206221751869,0.013854553923,0.023800002411,0.0104614766315,0.0110542569309,0.00665251957253,0.027516067028,0.014521991834,0.00761817162856,0.0026647595223,0.00047352258116,0.0000637851990177,0.0000610402275925,0.000168598722667,0.0107595222071],"mean":[0.00415707798675,0.0110961366445,0.00233874702826,0.00112498004455,0.00304190465249,0.00266322935931,0.00272488384508,0.00100903667044,0.00140181882307,0.00171493901871,0.00119337777141,0.00126292859204,0.000677148986142,0.00037743858411,0.000464470096631,0.000345710839611,0.000296906015137,0.000338458950864,0.000370325753465,0.000216001441004,0.000136579343234,0.0000529332501173,0.0000115143011499,0.00000238621419157,0.00000247308571488,0.00000721110563973,0.00123806879856],"median":[0.00263899285346,0.00704159867018,0.00133156438824,0.000542680034414,0.00127410842106,0.00086948799435,0.000736535643227,0.000341372127878,0.00054611969972,0.000683580117766,0.000532431760803,0.000666723703034,0.000404616410378,0.000242672729655,0.000283359288005,0.00020902135293,0.00019177980721,0.000216858970816,0.000189610538655,0.0000967465966824,0.0000627796252957,0.0000254342467088,0.00000627994859315,8.37627680994e-7,9.53926814873e-7,0.00000433796503785,0.000875028723385],"min":[1.80912248185e-23,5.05797449143e-23,2.95125170873e-23,3.41611576504e-23,7.76811149557e-23,2.2285811244e-23,4.43769000621e-23,5.77039256612e-23,1.11212146292e-22,6.9156286428e-23,7.23236386931e-23,7.51178913045e-23,1.04456316256e-22,7.8685618878e-23,1.19296228766e-22,1.72938240206e-22,1.85251917175e-22,1.97824643443e-22,2.59192354692e-22,4.28058797828e-22,4.98689288583e-22,6.9418618651e-22,5.20060780061e-22,1.09568038997e-21,9.03670686381e-22,1.53681645688e-21,2.55505670681e-21],"var":[0.0000323117383232,0.000216540429392,0.0000100082097561,0.00000428756220572,0.0000250322573265,0.0000250012672041,0.0000324029788317,0.00000514318344358,0.00000596390054852,0.000010714941709,0.00000526842541149,0.00000538000813322,0.00000110353062155,3.3439241065e-7,4.05611586984e-7,2.22407777528e-7,1.48700863178e-7,1.81871783411e-7,4.80208655063e-7,2.58505963302e-7,9.19516267572e-8,8.60188986707e-9,3.35197397616e-10,1.79385447469e-11,1.73368368273e-11,8.41952618735e-11,0.00000167990697264]},"barkbands_crest":{"dmean":2.74570584297,"dmean2":4.44698667526,"dvar":6.04188203812,"dvar2":15.758263588,"max":25.4756393433,"mean":9.78664207458,"median":9.09043693542,"min":2.53982186317,"var":15.0770101547},"barkbands_flatness_db":{"dmean":0.0225669052452,"dmean2":0.0357867367566,"dvar":0.000403180369176,"dvar2":0.00101919833105,"max":0.363585680723,"mean":0.13688711822,"median":0.129743427038,"min":0.0303354561329,"var":0.00186350615695},"barkbands_kurtosis":{"dmean":3.77635884285,"dmean2":6.08497571945,"dvar":76.3506240845,"dvar2":200.840118408,"max":245.829437256,"mean":6.75866603851,"median":3.61227989197,"min":-1.70711803436,"var":151.715530396},"barkbands_skewness":{"dmean":0.540459811687,"dmean2":0.85033261776,"dvar":0.403229027987,"dvar2":0.973320245743,"max":12.8529434204,"mean":1.96325075626,"median":1.77524840832,"min":-2.09159374237,"var":1.53288698196},"barkbands_spread":{"dmean":6.77413463593,"dmean2":10.5432605743,"dvar":51.1039276123,"dvar2":112.860122681,"max":117.755149841,"mean":31.1860198975,"median":27.7610645294,"min":0.6228505373,"var":368.770690918},"dissonance":{"dmean":0.0171499941498,"dmean2":0.0291431732476,"dvar":0.000309151684633,"dvar2":0.000853282923345,"max":0.500000119209,"mean":0.470106869936,"median":0.477285802364,"min":0.243430167437,"var":0.000729069113731},"dynamic_complexity":4.49229860306,"erbbands":{"dmean":[0.319077759981,1.33567035198,2.06291151047,2.28045511246,4.58822774887,6.66870832443,9.13561916351,14.8281822205,19.5675697327,23.1290016174,13.0532646179,19.5225811005,19.4055519104,36.1773796082,27.6578178406,24.4989109039,18.9093093872,9.52104282379,10.8391342163,11.9516353607,8.843126297,7.47749853134,7.83511543274,9.53837108612,7.41697692871,4.61888360977,3.48203516006,2.14621710777,1.06086850166,0.530606091022,0.122126251459,0.0533183142543,0.0383514948189,0.0264461152256,0.0170548260212,0.0101034054533,0.00692907115445,0.0265817586333,0.0247096084058,0.00697119254619],"dmean2":[0.531149983406,2.23262763023,3.50071644783,3.77596712112,7.42025375366,10.5964403152,14.4824018478,23.2076721191,30.507276535,36.5687446594,20.8626995087,31.2511634827,31.6356678009,58.6534042358,44.6145248413,40.1136131287,31.4393596649,15.6811323166,18.1933021545,19.8272972107,14.5830583572,12.244802475,12.5979814529,15.3147010803,11.5359544754,7.1144618988,5.27517318726,3.26350903511,1.6198849678,0.809265315533,0.19546328485,0.0888339802623,0.0639346688986,0.0440176203847,0.0282850470394,0.0166756138206,0.0110243782401,0.0393289327621,0.0360652171075,0.010383865796],"dvar":[0.314702898264,7.53669261932,10.7257738113,16.4704170227,73.4061660767,204.364105225,436.394714355,1214.99963379,1859.38928223,4833.51269531,953.586425781,1572.08081055,1409.05859375,6158.39453125,4063.45166016,2229.73486328,1285.57470703,289.587493896,368.287139893,589.293212891,226.141769409,179.872741699,179.928741455,507.151611328,462.917358398,220.534561157,132.372268677,38.2021446228,6.08717632294,1.58926641941,0.0491484887898,0.0083373002708,0.0042985714972,0.00198761955835,0.000788769801147,0.0002581384324,0.0000973237110884,0.00320953060873,0.00202676001936,0.0000863448512973],"dvar2":[0.872916698456,20.8823490143,29.2903289795,43.1771888733,174.837356567,476.492218018,1033.16943359,2882.24536133,4300.29882812,12094.4335938,2367.06323242,3928.19897461,3632.88574219,15611.3271484,9330.94433594,5394.625,3368.5715332,760.332336426,1013.00006104,1624.69567871,599.591430664,453.210876465,423.030456543,1178.99108887,965.036499023,462.441711426,291.636749268,81.1384124756,12.7760972977,3.58438205719,0.116228818893,0.0211069118232,0.010871136561,0.00501860165969,0.00198753853329,0.00064757745713,0.000231479600188,0.0075045293197,0.00422669062391,0.000180809860467],"max":[9.02351951599,39.8406295776,68.92993927,114.902153015,273.76171875,282.598022461,510.35559082,826.521972656,927.477294922,2695.87011719,902.732055664,809.50213623,879.620422363,1790.55725098,2204.72705078,1840.22558594,1097.68774414,519.760192871,535.567565918,1233.56921387,329.071807861,598.34362793,457.464599609,1572.82226562,1103.98803711,733.521057129,415.932189941,232.953598022,90.582649231,58.8886146545,6.89770030975,1.43239295483,1.01464247704,0.687245607376,0.431393623352,0.243537798524,0.199287444353,1.03310990334,1.25589799881,0.267480283976],"mean":[0.492854654789,1.8180642128,2.96566820145,3.35106801987,6.81243467331,9.94711112976,14.4418611526,24.6697673798,35.0744552612,38.0965766907,22.6079349518,33.4322013855,34.5215530396,64.1608200073,54.0539665222,48.2962722778,34.9149055481,19.5588817596,22.3029956818,23.6782665253,18.7816467285,16.6387481689,17.8292198181,20.4695224762,16.1800270081,9.97524547577,7.07488918304,4.1259226799,2.06521582603,1.0015630722,0.192345231771,0.0560653023422,0.0388452447951,0.0271991416812,0.0179937165231,0.0111736953259,0.0117145180702,0.0618402771652,0.0831707268953,0.0368156321347],"median":[0.28986543417,1.05551016331,1.74271392822,1.99169540405,2.85318827629,3.73263716698,4.83981704712,8.05970287323,10.1328697205,9.97378444672,9.31572341919,12.7800197601,16.947971344,26.6754493713,26.3887748718,27.7960186005,21.3635139465,13.4641122818,14.3361196518,14.5506401062,12.5712823868,11.0339078903,11.6342144012,12.3557720184,7.19402742386,4.61025810242,3.29946327209,1.91168403625,0.996303975582,0.515034556389,0.109622903168,0.0225787516683,0.014173139818,0.0102969231084,0.00716757122427,0.00481546949595,0.0076191322878,0.0322177633643,0.0448420271277,0.0306812170893],"min":[1.29608932911e-21,1.24121528607e-20,3.88754273008e-20,6.95278327452e-20,1.23268135093e-19,3.15635784933e-19,2.76516707705e-19,2.28764708316e-19,6.76942744726e-19,7.75091136525e-19,1.14161791618e-18,2.48157802681e-18,3.71621808974e-18,1.31114465361e-18,3.46691309094e-18,3.62434934295e-18,4.08924263159e-18,3.66713484655e-18,6.67198505411e-18,6.28489471953e-18,9.35110394416e-18,9.96765045836e-18,8.78334619686e-18,1.30853008045e-17,1.50664463481e-17,2.41359622953e-17,1.36810156022e-17,2.6422901622e-17,2.42855430198e-17,1.83955455655e-17,1.65791462758e-17,2.36120095517e-17,1.53796549783e-17,1.02659987889e-17,6.69707385568e-18,4.57072585459e-18,2.94659022266e-18,1.3727246313e-18,3.57096507077e-19,3.88179673288e-20],"var":[0.417668610811,7.25499582291,14.4123954773,23.2249507904,141.644714355,376.509979248,897.93182373,2452.46362305,4635.82373047,9377.421875,1811.5098877,3449.22412109,2767.08496094,14318.7792969,11256.2607422,5824.01708984,2717.30566406,686.328125,900.105529785,1134.56420898,495.740783691,445.236022949,504.866271973,1031.59655762,1192.82348633,516.884460449,261.718536377,76.9532623291,12.677778244,2.73979830742,0.0756825059652,0.0089729949832,0.00461258878931,0.00216576270759,0.000883027969394,0.000302512344206,0.000178040529136,0.00683506391943,0.0112551758066,0.00105310778599]},"erbbands_crest":{"dmean":2.59802937508,"dmean2":4.25242042542,"dvar":6.05012512207,"dvar2":15.271241188,"max":31.8655643463,"mean":8.84794425964,"median":7.80304193497,"min":2.23665094376,"var":18.3147792816},"erbbands_flatness_db":{"dmean":0.0200698468834,"dmean2":0.031414154917,"dvar":0.000282748427708,"dvar2":0.000686722982209,"max":0.394925802946,"mean":0.155827477574,"median":0.149399027228,"min":0.0485472790897,"var":0.00158134975936},"erbbands_kurtosis":{"dmean":0.925449550152,"dmean2":1.46634399891,"dvar":2.39713430405,"dvar2":4.95053958893,"max":74.2919158936,"mean":0.776732802391,"median":0.166860580444,"min":-1.7830183506,"var":7.20841169357},"erbbands_skewness":{"dmean":0.320966988802,"dmean2":0.494112581015,"dvar":0.0937033072114,"dvar2":0.203053191304,"max":6.7162270546,"mean":0.257071107626,"median":0.210476860404,"min":-4.19902849197,"var":0.543608009815},"erbbands_spread":{"dmean":5.61857414246,"dmean2":8.82590103149,"dvar":28.8736763,"dvar2":69.0841369629,"max":102.462043762,"mean":28.3902740479,"median":27.7346477509,"min":1.31363642216,"var":128.201675415},"gfcc":{"cov":[[14840.5390625,-372.955474854,-184.993927002,44.0707397461,755.079162598,-322.134338379,779.868103027,194.318023682,713.239868164,532.983703613,632.456665039,159.003372192,223.316375732],[-372.955474854,608.204589844,-7.04588842392,-163.540420532,-10.2218427658,-47.9423065186,-26.9731330872,-24.6362495422,-17.7263412476,-55.6215133667,7.55206203461,-6.754591465,25.7698383331],[-184.993927002,-7.04588842392,383.571838379,130.609985352,-68.1225204468,149.355178833,-99.617401123,78.4020462036,-25.4402141571,16.5886039734,5.57976341248,3.2766187191,4.98180341721],[44.0707397461,-163.540420532,130.609985352,304.909210205,101.048370361,-8.24081802368,87.7229690552,-49.3494796753,13.5681123734,10.2746934891,-30.3512325287,22.486125946,-38.1405639648],[755.079162598,-10.2218427658,-68.1225204468,101.048370361,325.414886475,2.64355707169,197.844650269,-50.4046707153,66.0807723999,11.1460142136,39.8615684509,0.971341133118,4.56828403473],[-322.134338379,-47.9423065186,149.355178833,-8.24081802368,2.64355707169,277.537780762,-65.4565887451,101.544647217,-68.9327316284,-16.1780567169,5.58779811859,-23.9915542603,28.3466072083],[779.868103027,-26.9731330872,-99.617401123,87.7229690552,197.844650269,-65.4565887451,320.735565186,-51.216796875,121.452087402,34.5818977356,17.2164382935,36.6696662903,-20.7522754669],[194.318023682,-24.6362495422,78.4020462036,-49.3494796753,-50.4046707153,101.544647217,-51.216796875,179.580154419,43.3246955872,46.2180671692,38.7058792114,-30.9713993073,24.0262928009],[713.239868164,-17.7263412476,-25.4402141571,13.5681123734,66.0807723999,-68.9327316284,121.452087402,43.3246955872,201.97265625,101.433242798,35.8401794434,13.4011735916,-21.0554485321],[532.983703613,-55.6215133667,16.5886039734,10.2746934891,11.1460142136,-16.1780567169,34.5818977356,46.2180671692,101.433242798,112.057014465,64.139541626,13.0389947891,2.09951090813],[632.456665039,7.55206203461,5.57976341248,-30.3512325287,39.8615684509,5.58779811859,17.2164382935,38.7058792114,35.8401794434,64.139541626,116.237434387,33.3591690063,32.8872795105],[159.003372192,-6.754591465,3.2766187191,22.486125946,0.971341133118,-23.9915542603,36.6696662903,-30.9713993073,13.4011735916,13.0389947891,33.3591690063,84.090133667,22.3820533752],[223.316375732,25.7698383331,4.98180341721,-38.1405639648,4.56828403473,28.3466072083,-20.7522754669,24.0262928009,-21.0554485321,2.09951090813,32.8872795105,22.3820533752,80.5656204224]],"icov":[[0.000121709184896,0.000130284926854,-0.00013371539535,0.00010764603212,-0.00012694337056,0.000217684588279,-0.000184283650015,-0.0000124846610561,-0.000199290108867,0.0000521272086189,-0.000503151677549,0.000209668185562,-0.000339243968483],[0.000130284926854,0.00266964128241,-0.00174870004412,0.0024220328778,-0.000805470335763,0.00142861972563,-0.000451457482995,0.00051089032786,-0.000663851737045,0.00205455999821,-0.000954089569859,0.000535118742846,-0.000672160007525],[-0.00013371539535,-0.00174870004412,0.00714747514576,-0.00583239784464,0.00295729399659,-0.00437364773825,0.0020303579513,-0.000162955315318,-0.00207243370824,0.000636444834527,-0.00177345413249,0.000156609428814,-0.000208141296753],[0.00010764603212,0.0024220328778,-0.00583239784464,0.0104588139802,-0.00533592421561,0.00408008694649,-0.00161489483435,-0.000964931910858,0.004429416731,-0.00429041683674,0.00579682551324,-0.00415181275457,0.00303420005366],[-0.00012694337056,-0.000805470335763,0.00295729399659,-0.00533592421561,0.0103119481355,-0.00464932294562,-0.00296789454296,0.00527034280822,-0.00596139440313,0.00667018629611,-0.00834484491497,0.00751365395263,-0.0037972885184],[0.000217684588279,0.00142861972563,-0.00437364773825,0.00408008694649,-0.00464932294562,0.00966137833893,-0.000934650015552,-0.00601568073034,0.00613531423733,-0.00263863266446,0.00333742727526,-0.00223865709268,0.000490986451041],[-0.000184283650015,-0.000451457482995,0.0020303579513,-0.00161489483435,-0.00296789454296,-0.000934650015552,0.00792273692787,0.000230732999626,-0.00339819677174,0.000704544596374,0.00152730429545,-0.00356182781979,0.0016938438639],[-0.0000124846610561,0.00051089032786,-0.000162955315318,-0.000964931910858,0.00527034280822,-0.00601568073034,0.000230732999626,0.0154806496575,-0.0089503955096,0.00402216007933,-0.00757248559967,0.00936205871403,-0.00526872649789],[-0.000199290108867,-0.000663851737045,-0.00207243370824,0.004429416731,-0.00596139440313,0.00613531423733,-0.00339819677174,-0.0089503955096,0.0215157587081,-0.0186259541661,0.0116304391995,-0.00764646939933,0.00644814735278],[0.0000521272086189,0.00205455999821,0.000636444834527,-0.00429041683674,0.00667018629611,-0.00263863266446,0.000704544596374,0.00402216007933,-0.0186259541661,0.0343807563186,-0.0197432935238,0.00786220654845,-0.00322864158079],[-0.000503151677549,-0.000954089569859,-0.00177345413249,0.00579682551324,-0.00834484491497,0.00333742727526,0.00152730429545,-0.00757248559967,0.0116304391995,-0.0197432935238,0.0286318734288,-0.0137460967526,0.0021895871032],[0.000209668185562,0.000535118742846,0.000156609428814,-0.00415181275457,0.00751365395263,-0.00223865709268,-0.00356182781979,0.00936205871403,-0.00764646939933,0.00786220654845,-0.0137460967526,0.0249241534621,-0.00959157664329],[-0.000339243968483,-0.000672160007525,-0.000208141296753,0.00303420005366,-0.0037972885184,0.000490986451041,0.0016938438639,-0.00526872649789,0.00644814735278,-0.00322864158079,0.0021895871032,-0.00959157664329,0.020607156679]],"mean":[-13.2769165039,103.534057617,-102.049362183,-4.33947658539,-6.42558288574,-28.6275157928,14.3634805679,-18.764541626,-3.22127962112,-8.65898132324,-3.26579213142,1.64760887623,-3.06311130524]},"hfc":{"dmean":38.698764801,"dmean2":61.0327415466,"dvar":2285.33862305,"dvar2":5682.25488281,"max":1415.86816406,"mean":187.406158447,"median":182.709747314,"min":1.22077260329e-16,"var":16882.5761719},"melbands":{"dmean":[0.00237748888321,0.00123995833565,0.000423360907007,0.000401192199206,0.000312961958116,0.000327644811478,0.000295693665976,0.000226285803365,0.000111280278361,0.000121178520203,0.000101375269878,0.000155305766384,0.0000998301693471,0.000079026685853,0.0000562007007829,0.0000325907894876,0.0000189064667211,0.0000187390942301,0.0000182535077329,0.0000138321574923,0.0000109498832899,0.00000865165930009,0.00000772936618887,0.00000808304594102,0.00000862986507855,0.0000064115688474,0.00000482506038679,0.00000304430773213,0.00000241532302425,0.00000197728559215,0.00000113359749321,7.05767035925e-7,4.15397096276e-7,2.68061995712e-7,7.91525849309e-8,3.56634792809e-8,3.09735490589e-8,2.72295253012e-8,2.4154735101e-8,2.16591065083e-8],"dmean2":[0.00393544789404,0.00209157564677,0.00069636432454,0.000639466277789,0.000495513202623,0.000511432648636,0.000459921226138,0.000358945311746,0.000178154034074,0.000194097519852,0.000165536708664,0.000251804856816,0.00016202047118,0.000128195970319,0.0000932131224545,0.0000540095243196,0.0000314936951327,0.0000314752978738,0.0000306296424242,0.0000228627777688,0.0000181436462299,0.0000143142115121,0.0000126109625853,0.000013159736227,0.000014031165847,0.0000101812338471,0.00000760050215831,0.00000481874758407,0.00000372470640286,0.00000306000174533,0.00000175435798155,0.00000110264636533,6.43699081593e-7,4.15881231675e-7,1.28459447524e-7,5.95111089297e-8,5.16854079535e-8,4.54143496142e-8,4.02546831424e-8,3.60316754211e-8],"dvar":[0.0000186344495887,0.00000476663853988,5.37719131444e-7,5.99595864514e-7,4.61910843796e-7,5.36435379672e-7,4.18679036329e-7,4.39207980207e-7,6.03310255087e-8,5.95105156265e-8,3.97073804947e-8,1.17762652962e-7,4.96568191011e-8,3.09473300319e-8,1.08500657348e-8,3.78395981215e-9,1.20886267663e-9,1.18619836176e-9,1.68956493241e-9,6.99947211302e-10,3.34496402798e-10,2.4038299129e-10,1.96064331437e-10,1.85022303034e-10,4.57240939555e-10,3.20880100269e-10,2.2656475307e-10,1.08247306951e-10,6.84654416494e-11,4.1974364956e-11,9.38367786252e-12,2.6928908322e-12,1.13996995437e-12,3.76685499199e-13,2.42417610779e-14,3.80168842573e-15,2.85030165465e-15,2.17605368776e-15,1.68589975574e-15,1.32509156642e-15],"dvar2":[0.0000507675104018,0.0000129601503431,0.00000136062635647,0.00000137284996526,0.00000111149461191,0.00000127601856548,9.66077436715e-7,0.00000109164841433,1.50522424747e-7,1.48843071202e-7,1.01849586542e-7,2.96814420153e-7,1.20230765788e-7,7.34847773742e-8,2.82082250891e-8,9.73203828636e-9,3.20853366098e-9,3.26199955936e-9,4.71548755598e-9,1.84241288892e-9,8.88503159935e-10,6.19094719934e-10,4.82280160252e-10,4.49217552045e-10,1.0965537367e-9,7.03176350481e-10,5.02284325243e-10,2.42764613967e-10,1.56355151049e-10,9.75213590437e-11,1.98458766781e-11,5.83627677436e-12,2.68837990064e-12,8.58594825012e-13,5.96803964754e-14,9.63626016004e-15,7.21837920112e-15,5.50444953696e-15,4.25998110756e-15,3.34494793178e-15],"max":[0.0674894452095,0.0294709187001,0.0205298960209,0.0170636065304,0.0165678970516,0.0166714917868,0.0150134274736,0.024977106601,0.00616971030831,0.00526260491461,0.00495866965503,0.00780005659908,0.00527115305886,0.00521706836298,0.00271629588678,0.00216215918772,0.00107442657463,0.00116409896873,0.00232169311494,0.000970319553744,0.000438694260083,0.000694984861184,0.000506847398356,0.000335271353833,0.00154883530922,0.000887487083673,0.000656852149405,0.000607938622124,0.000366948894225,0.000264922098722,0.0000963978964137,0.000067358610977,0.0000578169565415,0.0000224419000006,0.00000580327923672,9.74439331003e-7,8.38547123294e-7,7.21823482763e-7,6.37417201688e-7,5.5789257658e-7],"mean":[0.00389065174386,0.00185956782661,0.000673727015965,0.000625491491519,0.0005001045065,0.000563473789953,0.000538669060916,0.000369387562387,0.000185459677596,0.000205024232855,0.000172633765033,0.000265645532636,0.000180026880116,0.000147147206008,0.00010231162014,0.0000572592907702,0.000034023221815,0.000035216267861,0.0000342787207046,0.0000267958712357,0.0000211206443055,0.0000172146155819,0.0000157713875524,0.0000164866487466,0.0000167942725966,0.0000129785648824,0.00000944563453231,0.00000597099869992,0.00000464220920549,0.00000344002182828,0.0000020487079837,0.0000012725712395,7.49301705127e-7,4.7268233061e-7,1.14259989914e-7,3.51904567708e-8,3.07466585525e-8,2.72951261593e-8,2.45023290546e-8,2.22850502496e-8],"median":[0.00253124418668,0.00117322895676,0.000407964893384,0.000256799743511,0.000174134460394,0.000182458810741,0.00015676007024,0.0000978415991995,0.0000744668577681,0.0000779238325777,0.0000783751893323,0.000104130282125,0.0000839058920974,0.0000747769081499,0.0000611293507973,0.0000343338833773,0.0000221181762754,0.0000207339217013,0.000020709599994,0.0000157496688189,0.0000136564640343,0.0000110958490041,0.00000956572512223,0.0000105096441985,0.0000097597230706,0.00000594243738306,0.00000365887103726,0.00000276505625152,0.00000214869805859,0.0000014654477809,9.28916449539e-7,5.91888976942e-7,3.65433805882e-7,2.4328792847e-7,6.16430995137e-8,1.20163248241e-8,1.06211759388e-8,9.69409974516e-9,9.00932040082e-9,8.44373371223e-9],"min":[1.40438272161e-23,1.85710731299e-23,1.42067664361e-23,1.39676832061e-23,1.26329944522e-23,5.41168915059e-24,9.5935189064e-24,9.26031115978e-24,9.17177414495e-24,1.71035993641e-23,1.78150020171e-23,4.32178630217e-24,1.04298660827e-23,9.31159500723e-24,1.202477875e-23,7.46711830397e-24,7.18063321105e-24,1.05201598907e-23,8.29590188188e-24,1.20121096438e-23,1.05611325373e-23,1.14161149747e-23,6.7839939479e-24,9.61346288781e-24,1.06556065193e-23,1.03428484139e-23,1.33021543925e-23,1.63320003132e-23,7.98429235799e-24,8.08020916659e-24,1.87030243158e-23,1.30012804767e-23,1.36291829917e-23,9.05922814846e-24,7.88710706105e-24,1.48221726055e-23,1.31940331168e-23,9.69125640598e-24,1.12681159914e-23,7.56989031384e-24],"var":[0.0000241432990151,0.00000548735988559,8.84059545569e-7,0.00000121885625504,9.60540887718e-7,0.0000011462088878,0.00000106377194697,8.52211996971e-7,1.13095538268e-7,1.34222005954e-7,7.57654916583e-8,2.67778233365e-7,1.22050977325e-7,8.46309902158e-8,2.26393144231e-8,7.4399135741e-9,2.56022603118e-9,2.69807731712e-9,2.61487209663e-9,1.56737312018e-9,6.59337751063e-10,5.10288422628e-10,4.82558049075e-10,4.43264036587e-10,7.95357280037e-10,7.15278281049e-10,5.23419863008e-10,2.11841752473e-10,1.28243318742e-10,6.80657544216e-11,1.86635602806e-11,5.21334494671e-12,1.79078073984e-12,6.23747798204e-13,3.19465828303e-14,4.02144731225e-15,3.02486688651e-15,2.32750211994e-15,1.81835972095e-15,1.44845513893e-15]},"melbands_crest":{"dmean":4.07524585724,"dmean2":6.69511938095,"dvar":12.2432641983,"dvar2":32.6126441956,"max":37.8010864258,"mean":15.8773822784,"median":15.0490694046,"min":1.67275321484,"var":35.3841285706},"melbands_flatness_db":{"dmean":0.0300615672022,"dmean2":0.0478223673999,"dvar":0.000667723710649,"dvar2":0.00170499400701,"max":0.520772874355,"mean":0.245495066047,"median":0.240991830826,"min":0.00364640029147,"var":0.00302481465042},"melbands_kurtosis":{"dmean":5.99549293518,"dmean2":9.76590919495,"dvar":175.033599854,"dvar2":463.142059326,"max":439.971435547,"mean":9.9160900116,"median":5.18562030792,"min":-1.73092889786,"var":334.552886963},"melbands_skewness":{"dmean":0.71535295248,"dmean2":1.13430035114,"dvar":0.623807013035,"dvar2":1.56172227859,"max":15.0733537674,"mean":2.28900504112,"median":2.04329681396,"min":-2.22230410576,"var":2.31821513176},"melbands_spread":{"dmean":5.60408782959,"dmean2":8.7561044693,"dvar":53.0922393799,"dvar2":114.927207947,"max":154.541702271,"mean":20.3971290588,"median":17.9869308472,"min":0.490802943707,"var":190.53956604},"mfcc":{"cov":[[10805.2978516,942.779418945,-1438.69628906,1069.69824219,-456.422363281,356.194244385,46.3662910461,19.3630256653,238.043579102,310.211578369,545.675964355,214.571655273,479.286102295],[942.779418945,778.869140625,-177.163665771,-7.19390106201,-53.6815795898,-18.8074245453,-8.80746269226,7.2210392952,18.7716693878,-8.17079925537,40.1331329346,35.5985488892,60.6400032043],[-1438.69628906,-177.163665771,667.547729492,-222.54675293,155.329910278,-104.765579224,-18.0767612457,4.33631658554,-55.4071044922,-23.8267822266,-92.8489685059,4.6982998848,-97.3302459717],[1069.69824219,-7.19390106201,-222.54675293,525.679870605,-111.433990479,177.693588257,-10.6533021927,12.9349966049,47.2255172729,19.5264396667,121.681396484,-33.1040649414,80.7068939209],[-456.422363281,-53.6815795898,155.329910278,-111.433990479,219.942428589,-5.16294050217,57.3878440857,13.0513925552,-22.8872013092,7.94563865662,-51.5641403198,12.1097660065,-41.321231842],[356.194244385,-18.8074245453,-104.765579224,177.693588257,-5.16294050217,216.513153076,73.8379364014,47.3419914246,36.0425758362,0.863657832146,39.7997703552,-21.7682914734,38.3035736084],[46.3662910461,-8.80746269226,-18.0767612457,-10.6533021927,57.3878440857,73.8379364014,156.166687012,53.5576705933,1.36552643776,-2.23103904724,-26.9826755524,0.411266684532,-7.43039798737],[19.3630256653,7.2210392952,4.33631658554,12.9349966049,13.0513925552,47.3419914246,53.5576705933,87.8508224487,38.8442726135,8.48589038849,10.037610054,-5.34829330444,4.17805957794],[238.043579102,18.7716693878,-55.4071044922,47.2255172729,-22.8872013092,36.0425758362,1.36552643776,38.8442726135,94.8286972046,60.558506012,38.7290153503,9.52517223358,18.1681041718],[310.211578369,-8.17079925537,-23.8267822266,19.5264396667,7.94563865662,0.863657832146,-2.23103904724,8.48589038849,60.558506012,116.142784119,69.2873916626,26.3203754425,25.2958011627],[545.675964355,40.1331329346,-92.8489685059,121.681396484,-51.5641403198,39.7997703552,-26.9826755524,10.037610054,38.7290153503,69.2873916626,124.720710754,38.4681854248,52.0576515198],[214.571655273,35.5985488892,4.6982998848,-33.1040649414,12.1097660065,-21.7682914734,0.411266684532,-5.34829330444,9.52517223358,26.3203754425,38.4681854248,81.1929779053,40.001865387],[479.286102295,60.6400032043,-97.3302459717,80.7068939209,-41.321231842,38.3035736084,-7.43039798737,4.17805957794,18.1681041718,25.2958011627,52.0576515198,40.001865387,91.0395202637]],"icov":[[0.000192326595425,-0.000162098018336,0.000250354030868,-0.000314372387948,0.000149306535604,-0.0000311182739097,-0.0000502167713421,-0.0000885744811967,0.000274198479019,-0.000538649212103,0.000168591199326,-0.000531072262675,-0.0000454865512438],[-0.000162098018336,0.00166482117493,0.000083832659584,0.000670224020723,-0.000386735337088,0.000757646397687,-0.000421747943619,0.000370749126887,-0.00129524304066,0.00202448666096,-0.00147525058128,0.00105469848495,-0.00122968712822],[0.000250354030868,0.000083832659584,0.002920554718,-0.000479425652884,-0.000500138034113,-0.000448472797871,0.00208667386323,-0.0027226859238,0.00284544215538,-0.00256227329373,0.00263062654994,-0.00328681408428,0.00251452904195],[-0.000314372387948,0.000670224020723,-0.000479425652884,0.00511781685054,-0.000577144906856,-0.0011139146518,-0.00110689550638,0.00301248440519,-0.00343009480275,0.00482281250879,-0.0066722095944,0.00636787805706,-0.00350103201345],[0.000149306535604,-0.000386735337088,-0.000500138034113,-0.000577144906856,0.0085516879335,-0.00302262650803,0.000470240513096,-0.00311925052665,0.005911746528,-0.00750260381028,0.00694912765175,-0.00653918320313,0.00458774063736],[-0.0000311182739097,0.000757646397687,-0.000448472797871,-0.0011139146518,-0.00302262650803,0.0121983038262,-0.00741259939969,0.00302926637232,-0.00791445747018,0.00873029604554,-0.00858289282769,0.00884806923568,-0.0069072637707],[-0.0000502167713421,-0.000421747943619,0.00208667386323,-0.00110689550638,0.000470240513096,-0.00741259939969,0.0164370723069,-0.0122331446037,0.0108592072502,-0.0105363931507,0.0129134347662,-0.010650251992,0.00704859243706],[-0.0000885744811967,0.000370749126887,-0.0027226859238,0.00301248440519,-0.00311925052665,0.00302926637232,-0.0122331446037,0.0271311942488,-0.0188757516444,0.0145865380764,-0.0147419171408,0.0129092168063,-0.00782449450344],[0.000274198479019,-0.00129524304066,0.00284544215538,-0.00343009480275,0.005911746528,-0.00791445747018,0.0108592072502,-0.0188757516444,0.0341942608356,-0.0254618469626,0.0174512881786,-0.0150494091213,0.010152217932],[-0.000538649212103,0.00202448666096,-0.00256227329373,0.00482281250879,-0.00750260381028,0.00873029604554,-0.0105363931507,0.0145865380764,-0.0254618469626,0.0359646491706,-0.0268552042544,0.0165850669146,-0.0109781548381],[0.000168591199326,-0.00147525058128,0.00263062654994,-0.0066722095944,0.00694912765175,-0.00858289282769,0.0129134347662,-0.0147419171408,0.0174512881786,-0.0268552042544,0.0385423079133,-0.0233337003738,0.0095109436661],[-0.000531072262675,0.00105469848495,-0.00328681408428,0.00636787805706,-0.00653918320313,0.00884806923568,-0.010650251992,0.0129092168063,-0.0150494091213,0.0165850669146,-0.0233337003738,0.0375928282738,-0.0199984479696],[-0.0000454865512438,-0.00122968712822,0.00251452904195,-0.00350103201345,0.00458774063736,-0.0069072637707,0.00704859243706,-0.00782449450344,0.010152217932,-0.0109781548381,0.0095109436661,-0.0199984479696,0.0281305089593]],"mean":[-675.090698242,168.176132202,-32.8093566895,39.1388587952,-10.0356311798,12.9603805542,7.66037511826,7.42035198212,4.80930328369,-5.10027551651,5.01027822495,-2.47575068474,6.76743412018]},"pitch_salience":{"dmean":0.0728709474206,"dmean2":0.119146056473,"dvar":0.00411704787984,"dvar2":0.010864184238,"max":0.847141742706,"mean":0.559230446815,"median":0.569600403309,"min":0.0975207909942,"var":0.0109083643183},"silence_rate_20dB":{"dmean":0,"dmean2":0,"dvar":0,"dvar2":0,"max":1,"mean":1,"median":1,"min":1,"var":0},"silence_rate_30dB":{"dmean":0.0258114375174,"dmean2":0.0516268648207,"dvar":0.0251476876438,"dvar2":0.0610234625638,"max":1,"mean":0.977126955986,"median":1,"min":0,"var":0.02234852314},"silence_rate_60dB":{"dmean":0.00510046351701,"dmean2":0.0102017158642,"dvar":0.00507491175085,"dvar2":0.0110268928111,"max":1,"mean":0.120160728693,"median":0,"min":0,"var":0.105720415711},"spectral_centroid":{"dmean":206.483932495,"dmean2":309.679199219,"dvar":62309.03125,"dvar2":109688.164062,"max":11052.8466797,"mean":1222.30944824,"median":1094.19140625,"min":184.215270996,"var":368495.875},"spectral_complexity":{"dmean":3.34451317787,"dmean2":5.16052246094,"dvar":11.9357204437,"dvar2":23.7858390808,"max":62,"mean":22.8572750092,"median":24,"min":0,"var":156.506866455},"spectral_contrast_coeffs":{"dmean":[0.0518013909459,0.0499482005835,0.0377691872418,0.0278448872268,0.0203425101936,0.0512885935605],"dmean2":[0.0857687368989,0.0824238583446,0.0627175197005,0.0469929203391,0.0335073955357,0.080468647182],"dvar":[0.00168893241789,0.00158023077529,0.00088174326811,0.000475925189676,0.000282397930278,0.00183341791853],"dvar2":[0.00461711362004,0.00419481936842,0.00238558463752,0.0013200606918,0.000732779153623,0.00450684409589],"max":[-0.338707089424,-0.457724153996,-0.545142710209,-0.595100939274,-0.631843209267,-0.416218191385],"mean":[-0.698776602745,-0.75864726305,-0.789248764515,-0.812706589699,-0.80740237236,-0.715968310833],"median":[-0.707638323307,-0.766915440559,-0.79433131218,-0.814087688923,-0.806543111801,-0.720867216587],"min":[-0.962180256844,-0.959478676319,-0.967239916325,-0.965812921524,-0.96270430088,-0.960035204887],"var":[0.00586526188999,0.00549596454948,0.00276035699062,0.00149657821748,0.00117317785043,0.00661398749799]},"spectral_contrast_valleys":{"dmean":[0.38452476263,0.348864018917,0.283951044083,0.242661044002,0.216197133064,0.701367735863],"dmean2":[0.639238834381,0.56919169426,0.464418709278,0.392841666937,0.322909623384,1.11429512501],"dvar":[0.109425827861,0.0855239331722,0.0667141899467,0.0590396523476,0.0619177557528,0.326816409826],"dvar2":[0.278604358435,0.202448010445,0.150039568543,0.124619215727,0.110081590712,0.87531632185],"max":[-5.0704498291,-4.54075670242,-4.94235897064,-5.39594841003,-5.12794494629,-8.98945236206],"mean":[-7.00717782974,-6.60314702988,-6.82455348969,-7.41674232483,-7.54463768005,-11.3984441757],"median":[-6.59865999222,-6.32178115845,-6.49060630798,-7.0237698555,-7.17300987244,-11.1849327087],"min":[-27.5824928284,-27.134311676,-27.4334259033,-27.0819778442,-27.2534542084,-27.2060241699],"var":[1.80792486668,1.47971105576,1.39208006859,1.54259753227,1.62932217121,1.54442596436]},"spectral_decrease":{"dmean":3.0975411125e-9,"dmean2":5.01743491199e-9,"dvar":1.97340627629e-17,"dvar2":4.99701694015e-17,"max":9.06258268429e-9,"mean":-7.42726946612e-9,"median":-6.54115206444e-9,"min":-6.16623978544e-8,"var":4.20010551319e-17},"spectral_energy":{"dmean":0.0121757555753,"dmean2":0.0195405054837,"dvar":0.000290372787276,"dvar2":0.000727786915377,"max":0.24661834538,"mean":0.0450306870043,"median":0.0448336303234,"min":1.0995139157e-20,"var":0.000867023947649},"spectral_energyband_high":{"dmean":0.00031592650339,"dmean2":0.000453540822491,"dvar":3.57945367568e-7,"dvar2":7.01873261733e-7,"max":0.0186334475875,"mean":0.00114848511294,"median":0.000727355130948,"min":7.82107023987e-21,"var":0.0000018346863726},"spectral_energyband_low":{"dmean":0.0090637197718,"dmean2":0.0149840954691,"dvar":0.000243581060204,"dvar2":0.000648999062832,"max":0.231006413698,"mean":0.0170536022633,"median":0.0126589648426,"min":1.03846299585e-22,"var":0.000346353743225},"spectral_energyband_middle_high":{"dmean":0.00202505942434,"dmean2":0.00318534835242,"dvar":0.00000990969147097,"dvar2":0.00002445728569,"max":0.082938991487,"mean":0.0070254476741,"median":0.00514757307246,"min":1.54436932673e-21,"var":0.0000542205416423},"spectral_energyband_middle_low":{"dmean":0.00463140942156,"dmean2":0.00717171980068,"dvar":0.0000438041570305,"dvar2":0.000105060731585,"max":0.133727833629,"mean":0.012243415229,"median":0.00878535397351,"min":4.005908883e-22,"var":0.000150382416905},"spectral_entropy":{"dmean":0.130403891206,"dmean2":0.200992360711,"dvar":0.0161047298461,"dvar2":0.0359382890165,"max":9.80145168304,"mean":7.51180171967,"median":7.56446266174,"min":5.39800691605,"var":0.102742962539},"spectral_flux":{"dmean":0.0210077632219,"dmean2":0.0342440679669,"dvar":0.000659846584313,"dvar2":0.0015387958847,"max":0.399060577154,"mean":0.107713729143,"median":0.110542163253,"min":1.04857705852e-10,"var":0.00288802175783},"spectral_kurtosis":{"dmean":3.36880922318,"dmean2":5.28973293304,"dvar":12.6243429184,"dvar2":30.4700469971,"max":87.4160461426,"mean":19.5581417084,"median":18.9985904694,"min":-1.20763969421,"var":50.753074646},"spectral_rms":{"dmean":0.000825814204291,"dmean2":0.00130336021539,"dvar":9.13351698273e-7,"dvar2":0.00000219348862629,"max":0.0155113916844,"mean":0.00608067773283,"median":0.00661363219842,"min":3.27520454334e-12,"var":0.00000695769767844},"spectral_rolloff":{"dmean":3747.49023438,"dmean2":7120.24560547,"dvar":46906720,"dvar2":114779528,"max":22050,"mean":12564.9121094,"median":19939.7460938,"min":43.06640625,"var":93930288},"spectral_skewness":{"dmean":0.256570875645,"dmean2":0.393808066845,"dvar":0.070374019444,"dvar2":0.154782265425,"max":7.81830263138,"mean":2.8952357769,"median":2.86149525642,"min":0.00805501174182,"var":0.384588390589},"spectral_spread":{"dmean":371738.3125,"dmean2":586406.6875,"dvar":185665830912,"dvar2":342863413248,"max":40508620,"mean":3722961.75,"median":3699722.25,"min":1291233.875,"var":583914749952},"spectral_strongpeak":{"dmean":2.20422196388,"dmean2":4.10281038284,"dvar":97.3059768677,"dvar2":272.761871338,"max":169.827667236,"mean":1.89420044422,"median":0.215839311481,"min":0,"var":87.3466949463},"zerocrossingrate":{"dmean":0.0309238247573,"dmean2":0.0400672145188,"dvar":0.000791083904915,"dvar2":0.00132758589461,"max":0.70361328125,"mean":0.258466899395,"median":0.2646484375,"min":0.01220703125,"var":0.0119095612317}},"metadata":{"audio_properties":{"analysis_sample_rate":44100,"bit_rate":128000,"codec":"mp3","downmix":"mix","equal_loudness":0,"length":300.461486816,"lossless":false,"md5_encoded":"73d1ba184ce8c24a01f8474d09ed3ed5","replay_gain":-10.3058986664,"sample_rate":44100},"tags":{"album":["Nine Lives"],"albumartist":["Aerosmith"],"albumartistsort":["Aerosmith"],"artist":["Aerosmith"],"artistsort":["Aerosmith"],"asin":["B000007TUZ"],"barcode":["5099748502063"],"catalognumber":["485020 6"],"date":["1997"],"discnumber":["1/1"],"file_name":"05. Aerosmith - Full Circle.mp3","genre":["Rock"],"label":["Columbia Records"],"musicbrainz album release country":["XU"],"musicbrainz album status":["official"],"musicbrainz album type":["album"],"musicbrainz_albumartistid":["3d2b98e5-556f-4451-a3ff-c50ea18d57cb"],"musicbrainz_albumid":["9f8eca05-e9d2-41c6-a96b-c103bc404925"],"musicbrainz_artistid":["3d2b98e5-556f-4451-a3ff-c50ea18d57cb"],"musicbrainz_recordingid":["0c32ca77-e0cf-4c8e-971c-5592eb20705c"],"musicip_puid":["85472e0c-7ed6-065f-c0c5-afdf4f78189b"],"title":["Full Circle"],"tracknumber":["5/14"]},"version":{"essentia":"2.1-beta1","essentia_build_sha":"ca57ba49d9b1854bd80e60cf9ccf267278fb7d6b","essentia_git_sha":"v2.1_beta1-28-g21ef5f4-dirty","extractor":"music 1.0"}},"rhythm":{"beats_count":687,"beats_loudness":{"dmean":0.0228466298431,"dmean2":0.039049576968,"dvar":0.000566323520616,"dvar2":0.00151491584256,"max":0.178477823734,"mean":0.0565328598022,"median":0.0581867545843,"min":6.40994013423e-9,"var":0.00113585952204},"beats_loudness_band_ratio":{"dmean":[0.209110364318,0.114754348993,0.0994172468781,0.0661134719849,0.025921439752,0.0912548154593],"dmean2":[0.361848294735,0.195333510637,0.171515598893,0.113149613142,0.0439277030528,0.155281051993],"dvar":[0.028189163655,0.0162655860186,0.0142012611032,0.00540733383968,0.00101404741872,0.00884874630719],"dvar2":[0.0671841576695,0.0466001704335,0.0360379181802,0.0147199397907,0.00273331557401,0.0222723092884],"max":[0.919308662415,0.843568444252,0.944428801537,0.57042580843,