{"lowlevel":{"average_loudness":0.904690206051,"barkbands":{"dmean":[0.000658174860291,0.0144578302279,0.00469189370051,0.00194140605163,0.00212541804649,0.000503558490891,0.000517432694323,0.000924629974179,0.000891147588845,0.000486028002342,0.000360607024049,0.000338769430527,0.000386224332033,0.000364618463209,0.000478018075228,0.000213799765334,0.000167013466125,0.0000931578251766,0.0000359124351235,0.0000411638829974,0.0000294290530292,0.0000288605824608,0.0000215601976379,0.0000319048012898,0.0000609519738646,0.000534110004082,0.000240963985561],"dmean2":[0.000949201406911,0.0226096771657,0.00829144287854,0.00350449304096,0.00373524567112,0.000799664121587,0.000761573959608,0.00135741487611,0.00129274069332,0.000726663623936,0.000535287312232,0.000494257663377,0.000579548475798,0.000520020257682,0.000704313453753,0.000314411969157,0.000248769734753,0.000137889961479,0.0000526189796801,0.0000585512680118,0.0000457822716271,0.0000432879496657,0.0000326622030116,0.0000480940470879,0.0000955464347498,0.000853134086356,0.000389156048186],"dvar":[0.00000184878877008,0.00221281917766,0.000412458379287,0.0000793737490312,0.0000787908647908,0.00000696990355209,0.00000437515018348,0.0000126622016978,0.00000932288639888,0.00000321435595652,0.00000176860191914,0.00000166071902186,0.00000144136720337,0.00000131453236918,0.00000164371510891,4.36123769987e-7,1.90644342979e-7,5.59181465576e-8,8.53642312393e-9,1.39471545424e-8,3.99482757985e-9,3.13740744495e-9,1.98080485347e-9,5.36214450619e-9,2.12768753727e-8,0.00000195026882466,4.07630238897e-7],"dvar2":[0.0000043278632802,0.00572616793215,0.00121626048349,0.00023023718677,0.000231800921028,0.0000152885822899,0.00000897279096534,0.0000287609473162,0.0000167252637766,0.00000645073441774,0.00000371200917471,0.0000030313606203,0.00000283219242192,0.00000251608116741,0.00000347833656633,9.60396960181e-7,4.14237547375e-7,1.19972838775e-7,1.67922777905e-8,2.38308057732e-8,9.17914633192e-9,6.89200030379e-9,4.45555281559e-9,1.12843627775e-8,4.96143996997e-8,0.000004374245691,9.22185677155e-7],"max":[0.020757207647,0.670478105545,0.221080958843,0.16817933321,0.142622485757,0.146065220237,0.0556621551514,0.110079988837,0.0964583978057,0.0483577735722,0.0458157993853,0.0781647413969,0.0401451252401,0.0285641755909,0.0244293026626,0.0230678301305,0.00834912527353,0.00678381416947,0.00325186504051,0.00402238825336,0.000783287163358,0.00102411862463,0.000569463649299,0.00209392141551,0.00229191989638,0.0107453418896,0.0054183229804],"mean":[0.00138272228651,0.0239192787558,0.00559684913605,0.00195004604757,0.00253294617869,0.000586090260185,0.000714370340575,0.00137212884147,0.00153121782932,0.000697070150636,0.000553323421627,0.000525053299498,0.000585553294513,0.000577825878281,0.000661474303342,0.000297985505313,0.000221572860028,0.000137308597914,0.0000567381430301,0.0000726330981706,0.0000369760891772,0.0000450799088867,0.000026659852665,0.0000380702949769,0.0000605679160799,0.000428870349424,0.000191238272237],"median":[0.0000871261581779,0.00183661631308,0.000567283830605,0.000219690788072,0.000908150221221,0.000117790732475,0.0000360248304787,0.0000622641819064,0.000104414422822,0.0000336215598509,0.0000222558137466,0.0000332900744979,0.0000622926745564,0.000047240027925,0.0000596083373239,0.0000212914783333,0.0000205530814128,0.0000169302202266,0.00000858056591824,0.00000814009581518,0.00000580075447942,0.00000629799797025,0.0000042564524847,0.0000050556250244,0.00000385504836231,0.00000197429176296,4.0909657173e-7],"min":[8.13277223088e-23,4.9973849252e-23,7.96447601428e-23,1.54419774633e-23,7.02863075866e-23,2.4085286588e-23,4.2964627627e-23,1.66881441907e-23,9.67260031888e-23,9.51561699874e-23,4.53948209307e-23,7.63935424971e-23,1.78031934004e-22,1.09131396282e-22,1.46417721071e-22,1.79971471602e-22,2.2670410912e-22,1.10463321656e-22,3.4181355645e-22,3.09357269211e-22,6.55701083446e-22,4.59752275505e-22,4.81799132892e-22,9.11201947754e-22,1.02158582796e-21,1.79111582923e-21,2.43636416489e-21],"var":[0.00000493523293699,0.00219249515794,0.000251541379839,0.0000475707565784,0.0000469355254609,0.00000755002565711,0.00000909908158064,0.0000227750697377,0.0000329608446918,0.00000697797986504,0.00000639908739686,0.00000491956006954,0.00000325890800923,0.00000385724888474,0.00000310850509777,7.98180508355e-7,3.27796470856e-7,1.08918790431e-7,1.94496578843e-8,4.27765982636e-8,5.31306687535e-9,6.95337831758e-9,2.90619062149e-9,9.56510337602e-9,2.41267006373e-8,0.00000188954243185,3.86371340255e-7]},"barkbands_crest":{"dmean":3.23073005676,"dmean2":5.06595754623,"dvar":10.3245820999,"dvar2":25.3302097321,"max":26.2469062805,"mean":14.1646690369,"median":14.2065296173,"min":2.48955273628,"var":28.9276885986},"barkbands_flatness_db":{"dmean":0.0408379174769,"dmean2":0.0540254786611,"dvar":0.0020239520818,"dvar2":0.00322011602111,"max":0.62910425663,"mean":0.216623961926,"median":0.192746549845,"min":0.0326632857323,"var":0.0126774683595},"barkbands_kurtosis":{"dmean":14.165681839,"dmean2":22.5849723816,"dvar":1431.9465332,"dvar2":3835.05981445,"max":860.196044922,"mean":19.7219829559,"median":4.94006156921,"min":-1.96258890629,"var":1999.609375},"barkbands_skewness":{"dmean":1.20530605316,"dmean2":1.7916816473,"dvar":2.36549806595,"dvar2":5.72938632965,"max":21.8363265991,"mean":2.51844644547,"median":1.94680428505,"min":-4.20620393753,"var":6.3724770546},"barkbands_spread":{"dmean":10.5119981766,"dmean2":16.1468639374,"dvar":290.366912842,"dvar2":644.207824707,"max":153.345214844,"mean":19.2157058716,"median":11.4971017838,"min":0.150381684303,"var":510.054870605},"dissonance":{"dmean":0.03010013327,"dmean2":0.0500772111118,"dvar":0.000891248579137,"dvar2":0.00242839637212,"max":0.500000119209,"mean":0.439560830593,"median":0.449686527252,"min":0.178817123175,"var":0.00204439205118},"dynamic_complexity":6.09868955612,"erbbands":{"dmean":[0.477197289467,3.12542009354,5.84003210068,5.6255106926,7.76656246185,6.36294460297,5.18605566025,4.67548704147,5.75629663467,12.0297060013,22.4155540466,20.3816719055,12.8794555664,18.0282440186,10.6760158539,14.2186689377,15.0490045547,17.4636745453,20.6366004944,21.037443161,10.0585842133,9.35306835175,6.2478351593,2.12957239151,2.02957582474,1.85003387928,1.27651822567,1.06222343445,0.998029649258,0.85253071785,0.636345922947,0.62899440527,0.579697012901,0.532504320145,0.535571396351,0.938485682011,1.19816708565,0.470086961985,0.0349102467299,0.00105758418795],"dmean2":[0.733553647995,5.05096197128,10.1395235062,10.1986646652,13.4086198807,11.484205246,8.65441226959,7.34135866165,8.87296390533,17.5677890778,33.0810966492,28.9017906189,18.8343677521,26.7717857361,15.3805561066,20.5585956573,21.9891777039,25.264541626,29.731552124,30.7906112671,14.2450666428,13.7370414734,9.25016689301,3.10820817947,2.85204362869,2.59441184998,1.96600091457,1.62628149986,1.47823143005,1.30008280277,0.964888632298,0.962771832943,0.877895891666,0.821518540382,0.847416520119,1.49703419209,1.91735959053,0.756990134716,0.0561498403549,0.00169308029581],"dvar":[1.62548720837,130.083511353,583.05480957,712.480224609,1107.67687988,749.613342285,274.751708984,924.614379883,595.297668457,2039.71081543,7489.52734375,5419.67529297,2325.78979492,3277.77856445,1042.02734375,3153.70947266,2381.55932617,2497.61401367,3007.26757812,3559.89477539,911.083740234,633.765563965,224.641693115,35.8722801208,24.3874359131,30.7306995392,7.27756404877,4.89231729507,3.88352656364,3.12380599976,1.78353619576,2.16268277168,1.82534492016,1.48926210403,1.80085062981,6.04234027863,9.90397453308,1.52718567848,0.00848570372909,0.00000768502832216],"dvar2":[4.19377231598,343.529266357,1682.19067383,2086.67919922,3245.48730469,2191.71582031,721.421264648,2104.91772461,1394.92883301,4262.68408203,18156.9550781,9531.97070312,4891.64794922,6987.24609375,2139.27246094,5551.96289062,4639.359375,5066.14599609,5887.1171875,7781.19677734,1846.35412598,1417.57324219,489.806427002,77.4332885742,43.919052124,50.5021247864,16.7552986145,11.121512413,8.26488685608,7.20323228836,4.0082988739,4.72429800034,3.84987902641,3.37350416183,4.23248052597,13.7751998901,22.1996974945,3.42978310585,0.0191613640636,0.0000174547749339],"max":[19.143289566,148.913497925,267.852722168,309.667022705,715.17565918,337.226013184,513.433410645,1820.37854004,608.735290527,1046.76647949,3066.64501953,2658.578125,1765.03515625,1352.43664551,1134.69030762,3764.78100586,1899.57751465,1516.56738281,1413.39770508,1070.96325684,941.110168457,497.854003906,378.228210449,316.766662598,191.996963501,239.618942261,40.7606582642,37.8268508911,33.4705352783,32.6928100586,21.9196491241,43.4079475403,29.5757961273,23.4269790649,15.9470920563,22.8939552307,25.7946090698,9.73399448395,0.835398375988,0.0252033118159],"mean":[0.880517065525,4.5361623764,7.39373540878,5.78707027435,9.60376167297,6.38477659225,6.49584817886,5.09953403473,7.37022256851,18.9101753235,34.5686035156,34.1764450073,20.8374557495,26.8689937592,18.5311317444,23.2279758453,24.1156711578,28.3746490479,33.3027038574,28.9407424927,15.5991773605,12.5714635849,9.5835647583,3.47741246223,3.57084321976,3.2750544548,1.72826492786,1.42052555084,1.63034379482,1.15265607834,0.766488552094,0.72264534235,0.701074004173,0.599613785744,0.480895221233,0.768193125725,0.959665477276,0.373684763908,0.0277313329279,0.000872286676895],"median":[0.0571600608528,0.307431638241,0.714154601097,0.756798863411,1.64902722836,2.24785280228,1.67847716808,0.941484034061,0.633096158504,1.299898386,2.51980662346,2.87657260895,2.46327733994,1.87879407406,1.66827201843,1.7951489687,2.92374253273,3.25187730789,3.51094102859,2.10491919518,1.37420535088,1.1800198555,1.17838943005,0.610262513161,0.489571362734,0.392755389214,0.283178448677,0.214385673404,0.235132932663,0.171857014298,0.118962064385,0.0908323153853,0.0870000943542,0.0474258586764,0.0217581391335,0.00885501690209,0.00316027505323,0.000703458907083,0.0000899152437341,0.0000596175596002],"min":[3.29760216202e-21,6.26767917167e-21,6.36096398057e-20,9.64041263815e-20,5.26731327291e-20,1.40861917755e-19,6.17271589698e-19,1.21883680317e-19,3.33082213124e-19,7.70459286987e-19,6.30801110893e-19,2.61278975827e-18,2.26864250519e-18,2.44990921026e-18,3.43633987512e-18,3.47425824799e-18,7.48215387019e-18,5.28659732161e-18,5.92001583876e-18,9.61250128954e-18,1.08105293046e-17,1.27711342991e-17,7.55259491679e-18,7.82528906779e-18,2.07348305357e-17,1.46443675143e-17,2.97821648077e-17,1.98213518242e-17,1.46857993369e-17,1.83480670527e-17,1.42749354179e-17,1.43399418879e-17,1.77458746037e-17,1.06877492319e-17,7.95033892407e-18,6.37362514307e-18,2.84734902188e-18,1.61337411556e-18,3.1941610373e-19,3.55741591696e-20],"var":[2.03780651093,111.469802856,386.154022217,414.775482178,706.62701416,438.120697021,265.118347168,912.99810791,831.383666992,4965.03076172,12208.5488281,17398.8984375,5860.15087891,7560.38037109,3650.61254883,9905.70996094,5538.75683594,6740.19091797,7760.578125,5789.67773438,2014.80639648,1047.64587402,451.289398193,66.3879241943,74.9309387207,88.8432235718,10.8494930267,7.49503421783,9.83791637421,4.72357797623,2.54353451729,3.47183084488,3.17944979668,2.13258957863,1.84143400192,5.83289384842,9.57907009125,1.46405541897,0.00808389019221,0.00000728368331693]},"erbbands_crest":{"dmean":3.1641600132,"dmean2":4.97374391556,"dvar":9.71054458618,"dvar2":23.0879688263,"max":32.449886322,"mean":11.2440290451,"median":10.1483678818,"min":1.93604767323,"var":28.3631572723},"erbbands_flatness_db":{"dmean":0.0334021896124,"dmean2":0.045917455107,"dvar":0.00136387522798,"dvar2":0.0024416630622,"max":0.466143578291,"mean":0.179655984044,"median":0.179504841566,"min":0.0146257197484,"var":0.00524712959304},"erbbands_kurtosis":{"dmean":3.05320978165,"dmean2":4.73890304565,"dvar":74.8067703247,"dvar2":182.249893188,"max":279.213867188,"mean":3.80983519554,"median":0.634610652924,"min":-1.91979897022,"var":151.671859741},"erbbands_skewness":{"dmean":0.648324370384,"dmean2":0.962657868862,"dvar":0.594822645187,"dvar2":1.33922362328,"max":13.7749519348,"mean":0.712208986282,"median":0.480270713568,"min":-4.07074832916,"var":2.07487106323},"erbbands_spread":{"dmean":13.274096489,"dmean2":20.5624771118,"dvar":422.723114014,"dvar2":964.447814941,"max":213.515411377,"mean":35.4117202759,"median":29.0481548309,"min":0.584356784821,"var":792.12109375},"gfcc":{"cov":[[19543.4804688,-1345.81152344,-2066.30932617,-109.987670898,-746.168334961,134.997543335,-213.3853302,725.827026367,183.531860352,292.882019043,-341.161376953,-44.4967880249,-253.669967651],[-1345.81152344,3882.53564453,455.446807861,625.670898438,1172.49658203,334.450836182,407.016784668,-131.138702393,163.590316772,-346.916595459,166.764892578,-269.924438477,113.061065674],[-2066.30932617,455.446807861,2478.96508789,345.770996094,762.148010254,152.939956665,269.759094238,-182.006256104,-92.6198425293,-43.6062355042,-21.7910690308,97.6857833862,-56.2228088379],[-109.987670898,625.670898438,345.770996094,886.31628418,259.505401611,165.319869995,73.1887741089,73.3469467163,134.863418579,-63.9981231689,63.6750679016,-105.705574036,70.8141326904],[-746.168334961,1172.49658203,762.148010254,259.505401611,1066.98242188,191.145996094,298.933258057,-60.3177528381,92.688659668,-69.3186416626,-29.5813751221,-58.2829666138,-33.0961647034],[134.997543335,334.450836182,152.939956665,165.319869995,191.145996094,408.398284912,191.27243042,79.2028656006,5.74684667587,-27.6031646729,49.0429000854,-71.4425582886,-2.87937855721],[-213.3853302,407.016784668,269.759094238,73.1887741089,298.933258057,191.27243042,385.446807861,75.2483139038,-3.15249252319,-52.854763031,27.5971050262,-23.5375537872,-33.5699501038],[725.827026367,-131.138702393,-182.006256104,73.3469467163,-60.3177528381,79.2028656006,75.2483139038,232.808532715,91.0801010132,27.986869812,2.09899663925,-27.4723758698,-0.429415434599],[183.531860352,163.590316772,-92.6198425293,134.863418579,92.688659668,5.74684667587,-3.15249252319,91.0801010132,227.299575806,57.9425888062,-18.9434127808,-45.283706665,5.91700839996],[292.882019043,-346.916595459,-43.6062355042,-63.9981231689,-69.3186416626,-27.6031646729,-52.854763031,27.986869812,57.9425888062,158.195068359,13.2555046082,20.3238563538,-27.2447547913],[-341.161376953,166.764892578,-21.7910690308,63.6750679016,-29.5813751221,49.0429000854,27.5971050262,2.09899663925,-18.9434127808,13.2555046082,154.941360474,16.3636074066,14.8337965012],[-44.4967880249,-269.924438477,97.6857833862,-105.705574036,-58.2829666138,-71.4425582886,-23.5375537872,-27.4723758698,-45.283706665,20.3238563538,16.3636074066,140.202972412,8.16347503662],[-253.669967651,113.061065674,-56.2228088379,70.8141326904,-33.0961647034,-2.87937855721,-33.5699501038,-0.429415434599,5.91700839996,-27.2447547913,14.8337965012,8.16347503662,117.812393188]],"icov":[[0.0000759688118706,-0.0000496155880683,0.0000691486857249,-0.0000686456260155,0.0000279211490124,-0.0000715573332855,0.0000798078908701,-0.000249934295425,0.000169776496477,-0.000211104939808,0.000313275144435,-0.000196306296857,0.000230185338296],[-0.0000496155880683,0.000829059397802,-0.00000662174397803,0.000123675039504,-0.000675635354128,0.0000851973163662,-0.000255494785961,0.000790681515355,-0.000964961247519,0.00165304285474,-0.00149512081407,0.00121697259601,-0.000702927529346],[0.0000691486857249,-0.00000662174397803,0.000759182032198,-0.000463029544335,-0.000367556960555,-0.000181885639904,-0.000200173803023,0.000278118153801,0.000546712253708,-0.000478557805764,0.000637920515146,-0.000949866371229,0.000479503767565],[-0.0000686456260155,0.000123675039504,-0.000463029544335,0.00198217015713,-0.000211004240555,-0.000179690512596,0.000352900300641,-0.000260015658569,-0.00134169461671,0.00133931578603,-0.00152925646398,0.00148185971193,-0.00117597624194],[0.0000279211490124,-0.000675635354128,-0.000367556960555,-0.000211004240555,0.00242612161674,-0.000383141014026,-0.00100829231087,0.000645743624773,-0.000626995577477,-0.000858148443513,0.00158280332107,-0.000729760155082,0.000731478095986],[-0.0000715573332855,0.0000851973163662,-0.000181885639904,-0.000179690512596,-0.000383141014026,0.00402389839292,-0.00133607082535,-0.000879966595676,0.000763475662097,-0.000104942540929,-0.00135403499007,0.00208436138928,-0.000644385465421],[0.0000798078908701,-0.000255494785961,-0.000200173803023,0.000352900300641,-0.00100829231087,-0.00133607082535,0.00522230053321,-0.00272895861417,0.000983102247119,0.000961217738222,-0.000423251651227,-0.000681359902956,0.00154501048382],[-0.000249934295425,0.000790681515355,0.000278118153801,-0.000260015658569,0.000645743624773,-0.000879966595676,-0.00272895861417,0.00872621126473,-0.00405777525157,0.00112880626693,-0.00106592848897,0.000836350198369,-0.00105272897054],[0.000169776496477,-0.000964961247519,0.000546712253708,-0.00134169461671,-0.000626995577477,0.000763475662097,0.000983102247119,-0.00405777525157,0.00948860030621,-0.00557873863727,0.00318927434273,-0.000215152118471,0.000313503813231],[-0.000211104939808,0.00165304285474,-0.000478557805764,0.00133931578603,-0.000858148443513,-0.000104942540929,0.000961217738222,0.00112880626693,-0.00557873863727,0.012918558903,-0.00518054375425,0.0013152299216,0.000788862176705],[0.000313275144435,-0.00149512081407,0.000637920515146,-0.00152925646398,0.00158280332107,-0.00135403499007,-0.000423251651227,-0.00106592848897,0.00318927434273,-0.00518054375425,0.0114734740928,-0.00431142468005,0.00111596239731],[-0.000196306296857,0.00121697259601,-0.000949866371229,0.00148185971193,-0.000729760155082,0.00208436138928,-0.000681359902956,0.000836350198369,-0.000215152118471,0.0013152299216,-0.00431142468005,0.0124347275123,-0.00328356190585],[0.000230185338296,-0.000702927529346,0.000479503767565,-0.00117597624194,0.000731478095986,-0.000644385465421,0.00154501048382,-0.00105272897054,0.000313503813231,0.000788862176705,0.00111596239731,-0.00328356190585,0.0114738000557]],"mean":[-90.7096710205,93.1017913818,-83.216468811,9.71976566315,-27.1672325134,14.1048173904,-27.2864665985,4.6500825882,-16.2220306396,3.93999052048,-16.8738365173,-0.277594476938,-10.1284828186]},"hfc":{"dmean":16.7887306213,"dmean2":25.3682975769,"dvar":1227.4987793,"dvar2":2679.49853516,"max":311.35949707,"mean":22.9645767212,"median":7.17811727524,"min":1.1609806799e-16,"var":1524.02050781},"melbands":{"dmean":[0.00409653736278,0.00332457432523,0.00106484687421,0.000502902257722,0.000203553485335,0.0000989420950646,0.0000941344551393,0.000146907026647,0.000191113227629,0.000119419943076,0.0000651589652989,0.0000765185322962,0.0000427931481681,0.0000373785806005,0.0000390789427911,0.0000344660656992,0.0000344776708516,0.0000344819418387,0.0000353939576598,0.0000198666839424,0.0000109057236841,0.0000097424372143,0.00000810600795376,0.00000472971532872,0.00000150272251176,0.00000143166357702,0.00000174952890575,0.00000113468763629,7.92753098722e-7,7.61298110774e-7,6.02380453074e-7,5.67947381569e-7,5.97434791416e-7,4.21933322059e-7,3.6869320752e-7,3.9305589894e-7,3.93840736024e-7,3.77776018468e-7,5.07049492171e-7,4.27019728022e-7],"dmean2":[0.0063392855227,0.00552256638184,0.00190151156858,0.000893243239261,0.000344453233993,0.000155712084961,0.000140640346217,0.000213935447391,0.000283118279185,0.00016859191237,0.000096067909908,0.000113754227641,0.000062343380705,0.0000534835453436,0.0000577537612116,0.0000512528349645,0.0000497701148561,0.0000493258485221,0.000052075007261,0.0000294286201097,0.0000155097532115,0.0000144370760609,0.0000122616711451,0.0000070548644544,0.0000022686272132,0.00000209714426092,0.00000249426216214,0.00000162194442055,0.00000122511187328,0.00000119425681078,9.20649597447e-7,8.38370795009e-7,9.13881990527e-7,6.47711601687e-7,5.6328269693e-7,6.10181075444e-7,6.07695483268e-7,5.74967145894e-7,7.90789954408e-7,6.65881202622e-7],"dvar":[0.000152888780576,0.000168934217072,0.0000240838671743,0.00000501453359902,4.43734165856e-7,3.65697786719e-7,1.46558619463e-7,2.77707869145e-7,5.0690948683e-7,1.90942770928e-7,6.37389447888e-8,6.20253928219e-8,2.12604227556e-8,2.39857325113e-8,1.87241262495e-8,1.06530926303e-8,1.13680336256e-8,9.4953884755e-9,1.06161701652e-8,3.56745633034e-9,1.0730235589e-9,7.83515696767e-10,4.00964539349e-10,1.70888650453e-10,2.93148491592e-11,1.29102371155e-11,2.77802884863e-11,1.10601120276e-11,2.84075237292e-12,2.95476967546e-12,1.57878885746e-12,1.35609275545e-12,1.44565620325e-12,8.32435845515e-13,6.41053779071e-13,8.66062213264e-13,9.3313865749e-13,9.03023749527e-13,1.40165364124e-12,1.03075696849e-12],"dvar2":[0.000393279246055,0.000462347525172,0.000070596106525,0.0000147755226863,0.00000120904212508,8.22432127734e-7,3.29034293145e-7,5.89261617279e-7,0.00000122997664675,3.24623130155e-7,1.32390496788e-7,1.29523087367e-7,4.33949267631e-8,4.44827890078e-8,3.79183759946e-8,2.16455440238e-8,2.30460646122e-8,1.80840995512e-8,2.34891643913e-8,8.27672952397e-9,2.0909354248e-9,1.78468584355e-9,8.90337914505e-10,3.72047420649e-10,6.59269097647e-11,2.40500952486e-11,4.80940495762e-11,1.91445401199e-11,6.5087722538e-12,6.8451984532e-12,3.61017487606e-12,2.84720467689e-12,3.3126149393e-12,1.93286207352e-12,1.45838202625e-12,1.97049928458e-12,2.11059338409e-12,1.92854759939e-12,3.21565582322e-12,2.38605879846e-12],"max":[0.188209056854,0.154235899448,0.0699005424976,0.0387072265148,0.0157591644675,0.0353840179741,0.00898328237236,0.0101577732712,0.0249266289175,0.0178935881704,0.00851925183088,0.00635526748374,0.00602951319888,0.0100005893037,0.00618095975369,0.00298425834626,0.00308263115585,0.00272982148454,0.00219253241085,0.00184061063919,0.000989017309621,0.000703093886841,0.000416346185375,0.000297112885164,0.000301340973238,0.000143236349686,0.000202988347155,0.000139092211612,0.0000301130639855,0.0000224605264521,0.0000219593839574,0.00002532983126,0.0000242274563789,0.0000173362095666,0.0000160584422702,0.0000320780272887,0.0000353953219019,0.0000244829043368,0.000019058054022,0.0000229180459428],"mean":[0.00711877038702,0.00464749615639,0.00121810520068,0.000561574473977,0.000248362601269,0.000109244458145,0.000122277910123,0.000232211212278,0.000300684856484,0.00019969677669,0.000103448575828,0.000111952220323,0.0000703736950527,0.0000595533965679,0.0000581277818128,0.0000523504131706,0.0000535034596396,0.0000553560057597,0.000046891902457,0.0000266740553343,0.0000163563399838,0.0000123449744933,0.0000110571936602,0.00000721529249859,0.00000214241458707,0.00000216101898332,0.00000313964596899,0.00000188841499948,0.00000108216966055,8.84650262378e-7,8.06424282018e-7,9.35007960834e-7,8.60951104187e-7,5.35758772457e-7,4.3671190042e-7,4.30010317132e-7,4.45904845492e-7,4.59368436623e-7,5.74719877022e-7,4.6825388722e-7],"median":[0.000502483802848,0.000454583496321,0.000169349863427,0.000182941061212,0.0000641954684397,0.0000184168020496,0.0000080959071056,0.0000127572302517,0.0000163963104569,0.0000143145334732,0.00000886644193088,0.00000699746533428,0.00000443867429567,0.0000037413260543,0.00000509107849211,0.00000604835486229,0.00000490797492603,0.00000512361339133,0.00000342435623679,0.00000180171969077,0.00000137922268095,0.00000102387525658,0.00000118923117043,8.33734020489e-7,3.46356472392e-7,3.05173387005e-7,2.99345799704e-7,1.97335467078e-7,1.61500622653e-7,1.23480518255e-7,1.01245454687e-7,1.26582676785e-7,1.09642300572e-7,7.69905312836e-8,6.68179680474e-8,4.69218122134e-8,5.18781675396e-8,5.96591931412e-8,4.59083544513e-8,3.25416351643e-8],"min":[2.51273671107e-23,2.49117761584e-23,1.55883537597e-23,3.71408257066e-24,2.04852725154e-23,2.95977870347e-24,6.53503417938e-24,7.58252392124e-24,7.17975047569e-24,1.56814014812e-23,1.13926763395e-23,1.01887988675e-23,8.8082875502e-24,9.50491799383e-24,1.70369406176e-23,1.29866865499e-23,9.42511682466e-24,9.82729862452e-24,1.11926717011e-23,1.18177848039e-23,1.31454140415e-23,1.33461081444e-23,8.80790810811e-24,5.71608059721e-24,5.58056139344e-24,1.52192709857e-23,1.21451581352e-23,8.48871289775e-24,1.85235458381e-23,1.64800442616e-23,1.00834338718e-23,7.52434779606e-24,9.43720769575e-24,1.04254823826e-23,8.92586332382e-24,5.8886786301e-24,9.73097081939e-24,1.23993338521e-23,1.20147483836e-23,8.16961708387e-24],"var":[0.000165183853824,0.000130235755933,0.0000143527113323,0.00000290110824608,3.87957385328e-7,3.72012237904e-7,2.31107520676e-7,6.49468859137e-7,8.90448347945e-7,6.1359622805e-7,1.57828040415e-7,1.38126623028e-7,8.34507147829e-8,7.12438321671e-8,4.07598719221e-8,2.7784345491e-8,2.95759168267e-8,2.57444181528e-8,1.77838863635e-8,5.71695757401e-9,2.50167597748e-9,1.18842458097e-9,6.87012002842e-10,3.54252710499e-10,4.17699277944e-11,3.16911392961e-11,9.60583210197e-11,2.92616694764e-11,4.66547720596e-12,3.5727237141e-12,2.6190011531e-12,3.66028908572e-12,2.66124752443e-12,1.15284507201e-12,8.65072499311e-13,1.1923862505e-12,1.43543098415e-12,1.54138149727e-12,2.01405168584e-12,1.39832112903e-12]},"melbands_crest":{"dmean":3.90036249161,"dmean2":6.0205116272,"dvar":13.816614151,"dvar2":33.2228660583,"max":37.0954551697,"mean":18.4756889343,"median":18.9535007477,"min":2.2138698101,"var":46.3529853821},"melbands_flatness_db":{"dmean":0.0494093857706,"dmean2":0.0638580396771,"dvar":0.00304402853362,"dvar2":0.00490867579356,"max":0.80909216404,"mean":0.310862243176,"median":0.282422035933,"min":0.00687683280557,"var":0.022880570963},"melbands_kurtosis":{"dmean":22.4837036133,"dmean2":34.8921165466,"dvar":2420.79760742,"dvar2":5873.17626953,"max":982.740478516,"mean":35.7592391968,"median":12.2737646103,"min":-1.81582784653,"var":3857.13427734},"melbands_skewness":{"dmean":1.33873283863,"dmean2":1.96757161617,"dvar":2.93764948845,"dvar2":6.89413022995,"max":27.5809707642,"mean":3.53367614746,"median":2.80740356445,"min":-1.98474097252,"var":8.77480792999},"melbands_spread":{"dmean":7.15625190735,"dmean2":10.472776413,"dvar":150.219451904,"dvar2":319.891296387,"max":211.860519409,"mean":16.4302845001,"median":10.2826471329,"min":0.190413549542,"var":419.6824646},"mfcc":{"cov":[[16054.0908203,-1058.7713623,-1811.67700195,-363.990600586,-527.649169922,-569.097290039,-420.76385498,8.08828353882,406.462036133,131.995452881,361.759857178,179.866638184,62.720954895],[-1058.7713623,3142.52392578,287.844726562,455.838684082,746.144897461,551.841308594,455.648895264,313.452667236,108.381752014,78.2604598999,22.0680427551,-34.6204452515,-32.2251968384],[-1811.67700195,287.844726562,1460.23181152,386.918823242,292.175964355,300.854217529,247.131942749,105.251785278,-33.1839179993,-18.6962375641,-90.2500076294,29.6559505463,11.1415472031],[-363.990600586,455.838684082,386.918823242,686.80267334,382.192382812,206.405715942,84.4819488525,129.461807251,99.8678665161,76.0956497192,-29.7473583221,45.9465713501,27.5397205353],[-527.649169922,746.144897461,292.175964355,382.192382812,599.66784668,317.083251953,138.169616699,114.348876953,119.202041626,90.9857788086,8.32537460327,18.8654289246,3.25601792336],[-569.097290039,551.841308594,300.854217529,206.405715942,317.083251953,386.413391113,232.838775635,120.597595215,63.8037223816,62.1101760864,38.3829536438,-5.17675828934,-6.45379209518],[-420.76385498,455.648895264,247.131942749,84.4819488525,138.169616699,232.838775635,428.658447266,197.431854248,33.7871704102,17.605966568,60.3234024048,-15.3016796112,-7.95686674118],[8.08828353882,313.452667236,105.251785278,129.461807251,114.348876953,120.597595215,197.431854248,246.137863159,101.762130737,36.1415863037,36.114238739,14.8487958908,9.77838897705],[406.462036133,108.381752014,-33.1839179993,99.8678665161,119.202041626,63.8037223816,33.7871704102,101.762130737,215.619918823,95.198638916,31.1676101685,18.9092540741,18.2066230774],[131.995452881,78.2604598999,-18.6962375641,76.0956497192,90.9857788086,62.1101760864,17.605966568,36.1415863037,95.198638916,157.829696655,65.8081054688,28.3924388885,8.22223377228],[361.759857178,22.0680427551,-90.2500076294,-29.7473583221,8.32537460327,38.3829536438,60.3234024048,36.114238739,31.1676101685,65.8081054688,150.875579834,42.5124206543,-1.74585461617],[179.866638184,-34.6204452515,29.6559505463,45.9465713501,18.8654289246,-5.17675828934,-15.3016796112,14.8487958908,18.9092540741,28.3924388885,42.5124206543,143.223480225,55.6335601807],[62.720954895,-32.2251968384,11.1415472031,27.5397205353,3.25601792336,-6.45379209518,-7.95686674118,9.77838897705,18.2066230774,8.22223377228,-1.74585461617,55.6335601807,121.354995728]],"icov":[[0.0000829149284982,0.00000753808171794,0.0000722737022443,-0.0000318237871397,0.0000400523858843,0.0000529685967194,0.0000331509290845,-0.00000445178102382,-0.000190838385606,0.000104177968751,-0.000182713774848,-0.0000499079797009,0.00000583288692724],[0.00000753808171794,0.000535797793418,0.000140179414302,-0.00000546109686184,-0.00054357299814,-0.000232119171415,-0.000232210935792,-0.000328084803186,0.00026011702721,0.00000996206381387,0.00017720622418,0.0000440960538981,0.0000828369011288],[0.0000722737022443,0.000140179414302,0.00113857595716,-0.000427621329436,-0.0000513587801834,-0.000569893280044,-0.000496295106132,0.000027435597076,0.000311669515213,0.0000865657348186,0.000806583731901,-0.000583078770433,0.000154983674292],[-0.0000318237871397,-0.00000546109686184,-0.000427621329436,0.00272570364177,-0.0013751431834,-0.00000410164466302,0.000476598856039,-0.00104239245411,0.00016315173707,-0.000741672876757,0.000923596147913,-0.000499920162838,-0.00014413894678],[0.0000400523858843,-0.00054357299814,-0.0000513587801834,-0.0013751431834,0.00466955499724,-0.00252971262671,0.000600381987169,0.000575834477786,-0.00127574242651,-0.000251059624134,0.000168957398273,-0.000366345455404,0.000263670604909],[0.0000529685967194,-0.000232119171415,-0.000569893280044,-0.00000410164466302,-0.00252971262671,0.00707996357232,-0.00238397484645,0.000464942568215,-0.000195302491193,-0.000714859343134,-0.00113678944763,0.000827968586236,-0.000103331585706],[0.0000331509290845,-0.000232210935792,-0.000496295106132,0.000476598856039,0.000600381987169,-0.00238397484645,0.00586811127141,-0.00381595105864,0.000923768908251,0.000661635480355,-0.00191632518545,0.00115411402658,-0.000332125084242],[-0.00000445178102382,-0.000328084803186,0.000027435597076,-0.00104239245411,0.000575834477786,0.000464942568215,-0.00381595105864,0.00912828743458,-0.00388706894591,0.00114934577141,-0.000425735721365,-0.000753053696826,0.0000171636384039],[-0.000190838385606,0.00026011702721,0.000311669515213,0.00016315173707,-0.00127574242651,-0.000195302491193,0.000923768908251,-0.00388706894591,0.00910846143961,-0.00446952413768,0.0012507007923,0.000453407876194,-0.000753877218813],[0.000104177968751,0.00000996206381387,0.0000865657348186,-0.000741672876757,-0.000251059624134,-0.000714859343134,0.000661635480355,0.00114934577141,-0.00446952413768,0.0113855730742,-0.00467275083065,-0.000213488689042,-0.0000415569083998],[-0.000182713774848,0.00017720622418,0.000806583731901,0.000923596147913,0.000168957398273,-0.00113678944763,-0.00191632518545,-0.000425735721365,0.0012507007923,-0.00467275083065,0.0117272213101,-0.00381345697679,0.00174740469083],[-0.0000499079797009,0.0000440960538981,-0.000583078770433,-0.000499920162838,-0.000366345455404,0.000827968586236,0.00115411402658,-0.000753053696826,0.000453407876194,-0.000213488689042,-0.00381345697679,0.0104867042974,-0.00452121160924],[0.00000583288692724,0.0000828369011288,0.000154983674292,-0.00014413894678,0.000263670604909,-0.000103331585706,-0.000332125084242,0.0000171636384039,-0.000753877218813,-0.0000415569083998,0.00174740469083,-0.00452121160924,0.0104557666928]],"mean":[-750.352478027,141.717254639,7.50371742249,13.6656961441,18.4998321533,14.6561670303,4.87075519562,4.08432435989,5.32897186279,5.41661548615,4.06152582169,-2.28046154976,-3.60544991493]},"pitch_salience":{"dmean":0.090212315321,"dmean2":0.139748081565,"dvar":0.00860324595124,"dvar2":0.0219071917236,"max":0.903026163578,"mean":0.462890684605,"median":0.448280036449,"min":0.0423764176667,"var":0.0254833567888},"silence_rate_20dB":{"dmean":0.0220179054886,"dmean2":0.0440411381423,"dvar":0.0215353388339,"dvar2":0.0592885091901,"max":1,"mean":0.98657310009,"median":1,"min":0,"var":0.0132477460429},"silence_rate_30dB":{"dmean":0.05710138008,"dmean2":0.114216573536,"dvar":0.0538442805409,"dvar2":0.113274998963,"max":1,"mean":0.914721190929,"median":1,"min":0,"var":0.0780010521412},"silence_rate_60dB":{"dmean":0.0646019876003,"dmean2":0.129219606519,"dvar":0.0604337155819,"dvar2":0.125839516521,"max":1,"mean":0.218579903245,"median":0,"min":0,"var":0.170800402761},"spectral_centroid":{"dmean":250.28755188,"dmean2":358.482574463,"dvar":128013.359375,"dvar2":245289.9375,"max":10970.4511719,"mean":970.126159668,"median":849.721862793,"min":104.763290405,"var":517360.875},"spectral_complexity":{"dmean":2.74909257889,"dmean2":3.79213547707,"dvar":16.1280593872,"dvar2":27.4709205627,"max":44,"mean":9.20273399353,"median":8,"min":0,"var":60.2804412842},"spectral_contrast_coeffs":{"dmean":[0.0536550097167,0.0503797195852,0.0416335165501,0.0353154912591,0.0277804005891,0.0214215368032],"dmean2":[0.0856946259737,0.0782086104155,0.0635184571147,0.0535941794515,0.0410582385957,0.0317900106311],"dvar":[0.00227014045231,0.00199543475173,0.00144934968557,0.00103951175697,0.00071227713488,0.000432524888311],"dvar2":[0.00561932940036,0.00435339054093,0.00311673129909,0.00210672803223,0.001359935035,0.000908435613383],"max":[-0.311012506485,-0.309080630541,-0.389236092567,-0.49026325345,-0.519990921021,-0.592172682285],"mean":[-0.669161856174,-0.722739756107,-0.754598021507,-0.756453514099,-0.780856132507,-0.8065533638],"median":[-0.673585653305,-0.743605256081,-0.767143547535,-0.766011834145,-0.789153337479,-0.810662806034],"min":[-0.95711940527,-0.971554398537,-0.963487744331,-0.954626023769,-0.9578576684,-0.963173985481],"var":[0.00903577357531,0.0114155951887,0.00960412248969,0.00752670038491,0.00529574044049,0.00252877315506]},"spectral_contrast_valleys":{"dmean":[0.481288135052,0.504244685173,0.473462700844,0.441497772932,0.483926951885,0.63031578064],"dmean2":[0.725878536701,0.738340675831,0.682847976685,0.606142580509,0.638190567493,0.830941855907],"dvar":[0.26808398962,0.288158982992,0.266840815544,0.257386118174,0.322773039341,0.546964943409],"dvar2":[0.527993619442,0.52613556385,0.481284379959,0.422884464264,0.546915650368,0.947003006935],"max":[-4.11156320572,-3.74217057228,-4.94937610626,-5.51639938354,-6.16640090942,-8.21593475342],"mean":[-7.68430233002,-7.919506073,-8.46859455109,-8.74188041687,-9.18526077271,-11.3220586777],"median":[-7.33947563171,-7.859770298,-8.42688083649,-8.63989162445,-8.96949768066,-11.0721845627],"min":[-27.0950450897,-27.6772708893,-27.0507564545,-27.1690921783,-27.3248691559,-27.2359409332],"var":[2.80161499977,1.75776338577,1.75486218929,1.89368999004,1.97603952885,2.38566946983]},"spectral_decrease":{"dmean":5.82077941402e-9,"dmean2":8.7628118095e-9,"dvar":3.08076391419e-16,"dvar2":7.63301993413e-16,"max":5.16137910189e-10,"mean":-1.13181002348e-8,"median":-5.6310551777e-9,"min":-1.96583172851e-7,"var":3.34240842113e-16},"spectral_energy":{"dmean":0.0227250736207,"dmean2":0.0341456383467,"dvar":0.00453108828515,"dvar2":0.0112214703113,"max":0.751235842705,"mean":0.0448000133038,"median":0.0246986970305,"min":1.07660497092e-20,"var":0.00493090739474},"spectral_energyband_high":{"dmean":0.000935213058256,"dmean2":0.00147015939001,"dvar":0.00000525973064214,"dvar2":0.0000117515992315,"max":0.0170171204954,"mean":0.000852013065014,"median":0.000061894999817,"min":7.72828787857e-21,"var":0.00000530550914846},"spectral_energyband_low":{"dmean":0.0182135552168,"dmean2":0.0277101825923,"dvar":0.00351160648279,"dvar2":0.00879983603954,"max":0.719371259212,"mean":0.0316429063678,"median":0.00352344242856,"min":1.85418676059e-22,"var":0.00369827868417},"spectral_energyband_middle_high":{"dmean":0.00201340322383,"dmean2":0.00275637255982,"dvar":0.0000144956311487,"dvar2":0.0000278399438685,"max":0.0804628059268,"mean":0.00429868604988,"median":0.000771943246946,"min":1.63958708466e-21,"var":0.0000560418193345},"spectral_energyband_middle_low":{"dmean":0.00581996003166,"dmean2":0.00969439279288,"dvar":0.000414003181504,"dvar2":0.00115700939205,"max":0.365156888962,"mean":0.00882100034505,"median":0.00421133451164,"min":2.96526882039e-22,"var":0.000326203298755},"spectral_entropy":{"dmean":0.37988370657,"dmean2":0.515389919281,"dvar":0.208584412932,"dvar2":0.381423205137,"max":9.7930727005,"mean":6.9785451889,"median":7.04197835922,"min":3.77238082886,"var":0.855156183243},"spectral_flux":{"dmean":0.0402353666723,"dmean2":0.0592050403357,"dvar":0.00490726204589,"dvar2":0.00981642026454,"max":0.805681049824,"mean":0.0886295884848,"median":0.0614883452654,"min":1.03759577319e-10,"var":0.0100195752457},"spectral_kurtosis":{"dmean":5.48890447617,"dmean2":8.12053203583,"dvar":71.3097381592,"dvar2":136.71987915,"max":141.382125854,"mean":13.5148057938,"median":8.04343128204,"min":-1.44183921814,"var":271.885620117},"spectral_rms":{"dmean":0.00132631242741,"dmean2":0.00181086477824,"dvar":0.00000588434750171,"dvar2":0.0000127716657516,"max":0.027072366327,"mean":0.00527120241895,"median":0.00490879733115,"min":3.24090472341e-12,"var":0.0000159218998306},"spectral_rolloff":{"dmean":1430.82910156,"dmean2":2570.28979492,"dvar":12553171,"dvar2":27435232,"max":21662.4023438,"mean":2053.41577148,"median":624.462890625,"min":21.533203125,"var":15336541},"spectral_skewness":{"dmean":0.535710036755,"dmean2":0.795219838619,"dvar":0.44566899538,"dvar2":0.875527620316,"max":10.1566143036,"mean":2.61933684349,"median":2.30784606934,"min":0.00211303820834,"var":1.95521628857},"spectral_spread":{"dmean":1674314,"dmean2":2438263.75,"dvar":5384603959300,"dvar2":10011119976400,"max":42303120,"mean":5125216,"median":4008649.25,"min":764085.6875,"var":11889821089800},"spectral_strongpeak":{"dmean":0.46740090847,"dmean2":0.760494709015,"dvar":1.04879260063,"dvar2":2.57009482384,"max":19.8401279449,"mean":0.894916892052,"median":0.413686424494,"min":0,"var":2.0722360611},"zerocrossingrate":{"dmean":0.0290343035012,"dmean2":0.0342438481748,"dvar":0.00233518076129,"dvar2":0.00305512151681,"max":0.59814453125,"mean":0.0657020285726,"median":0.03759765625,"min":0.00146484375,"var":0.00693977903575}},"metadata":{"audio_properties":{"analysis_sample_rate":44100,"bit_rate":0,"codec":"flac","downmix":"mix","equal_loudness":0,"length":191.933334351,"lossless":true,"md5_encoded":"bf5b69f4ddf373303a00efd589521d5d","replay_gain":-8.8554725647,"sample_rate":44100},"tags":{"album":["Rastaman Vibration"],"albumartist":["Bob Marley & The Wailers"],"albumartistsort":["Marley, Bob & The Wailers"],"artist":["Bob Marley & The Wailers"],"artistsort":["Marley, Bob & The Wailers"],"asin":["B0007WZW9K"],"barcode":["4988005389411"],"catalognumber":["UICY-9545"],"date":["2005-05-11"],"discnumber":["1"],"disctotal":["1"],"file_name":"01-06 Crazy Baldhead.flac","genre":["Reggae"],"isrc":["USIR27600006"],"label":["UNIVERSAL MUSIC JAPAN"],"media":["CD"],"musicbrainz_albumartistid":["c296e10c-110a-4103-9e77-47bfebb7fb2e"],"musicbrainz_albumid":["e78fcabd-1f3f-43ae-b64e-045f10583b38"],"musicbrainz_artistid":["c296e10c-110a-4103-9e77-47bfebb7fb2e"],"musicbrainz_recordingid":["0c5eef3e-e0cf-40d7-9ce5-c1f1287c5f5d"],"musicbrainz_releasegroupid":["9e64450d-608d-3d85-b881-9b1de24f9195"],"originaldate":["1976-04-30"],"releasecountry":["JP"],"releasestatus":["official"],"releasetype":["album"],"script":["Latn"],"title":["Crazy Baldhead"],"totaldiscs":["1"],"totaltracks":["11"],"tracknumber":["6"],"tracktotal":["11"]},"version":{"essentia":"2.1-beta1","essentia_build_sha":"ca57ba49d9b1854bd80e60cf9ccf267278fb7d6b","essentia_git_sha":"v2.1_beta1-28-g21ef5f4-dirty","extractor":"music 1.0"}},"rhythm":{"beats_count":402,"beats_loudness":{"dmean":0.120950847864,"dmean2":0.18337251246,"dvar":0.0064530884847,"dvar2":0.01879597269,"max":0.53170144558,"mean":0.103531911969,"median":0.0724843218923,"min":2.73894968927e-8,"var":0.0103046130389},"beats_loudness_band_ratio":{"dmean":[0.447471916676,0.09605075