{"lowlevel":{"average_loudness":0.94230723381,"barkbands":{"dmean":[0.0000771002887632,0.00323150027543,0.00131977954879,0.00519536715001,0.00125239382032,0.000526884337887,0.00025496823946,0.000211916660191,0.000543048779946,0.000229545548791,0.000186887249583,0.000178822345333,0.000279344967566,0.000313892349368,0.000273944751825,0.000258781888988,0.000178582849912,0.0000830073913676,0.00028697491507,0.000383128004614,0.000184903852642,0.000290770025458,0.000171728766873,0.0000745958459447,0.0000606049470662,0.000023672118914,0.00000430904901805],"dmean2":[0.000122759607621,0.00541828200221,0.00221350975335,0.00817139726132,0.00208636769094,0.00083859753795,0.000401896104449,0.00032916694181,0.000781410490163,0.000350225629518,0.000278899940895,0.000273712794296,0.000414430745877,0.000483266136143,0.000414520414779,0.000396963645471,0.00027345167473,0.000128677886096,0.00043404562166,0.000545902759768,0.000261536770267,0.000388498301618,0.000227006166824,0.0000994198708213,0.0000801896967459,0.0000321667612297,0.0000063660691012],"dvar":[3.56025111614e-8,0.0000594505763729,0.00000370744305656,0.000075202951848,0.00000294216010843,6.21935100753e-7,2.16891180571e-7,3.5832081835e-7,0.00000164824348303,6.34251932752e-7,2.09171602705e-7,2.63244089638e-7,4.84117663291e-7,3.50393662529e-7,3.4270561855e-7,1.9154767017e-7,6.50554881076e-8,1.48125938182e-8,3.34756634857e-7,6.97140137618e-7,7.46638875171e-8,1.46278154034e-7,9.3930665912e-8,2.4590198322e-8,8.58803250736e-9,2.46560794004e-9,1.13721775052e-10],"dvar2":[8.50049133305e-8,0.000150655512698,0.0000100140723589,0.000168664642842,0.0000075484658737,0.00000150567757373,4.9250934353e-7,7.56127519708e-7,0.00000311060443892,0.00000137795609589,4.45060720722e-7,5.86068154007e-7,0.00000106276218048,8.10284404906e-7,7.69859525462e-7,4.34283435879e-7,1.48547883327e-7,3.51933984177e-8,7.10199515197e-7,0.00000118719208331,1.62499333101e-7,2.6837071232e-7,1.63553167454e-7,4.81945932052e-8,1.63070090764e-8,4.6781205576e-9,2.32517810561e-10],"max":[0.00231105857529,0.0618743933737,0.021474711597,0.0913630947471,0.0213551931083,0.0145142069086,0.0120477229357,0.0185507852584,0.027284020558,0.029010552913,0.0114899529144,0.0107603501529,0.0154199115932,0.0137549387291,0.0141942156479,0.0114583885297,0.00531597575173,0.00257505266927,0.0117332916707,0.0197929181159,0.00851356144994,0.00646837987006,0.0116570973769,0.00568139413372,0.002143754391,0.000819147855509,0.000222548100282],"mean":[0.0000688327345415,0.00295239198022,0.00191532238387,0.0073949242942,0.00209312792867,0.000987905426882,0.000452690757811,0.000324150634697,0.00102363247424,0.000514530926012,0.000340027065249,0.000311249692459,0.000464185286546,0.000530786055606,0.000455201807199,0.000491027196404,0.000345771812135,0.00016989656433,0.000553022953682,0.000771631486714,0.000383778882679,0.000583340530284,0.000333946256433,0.000146913705976,0.000118451898743,0.0000340082515322,0.00000459810416942],"median":[0.00000741108669899,0.000655739684589,0.00124085240532,0.00385886593722,0.00148351292592,0.000594998360611,0.000181607814739,0.000111587301944,0.000268202507868,0.000127128558233,0.000129494714201,0.0000690323358867,0.000113900867291,0.000252272671787,0.000191212457139,0.000256846484262,0.000210734346183,0.000105252314825,0.000289750343654,0.000348556146491,0.000229321565712,0.00032305996865,0.000150938823936,0.0000724281126168,0.0000623936066404,0.00000999834264803,2.43851843607e-7],"min":[2.67101360532e-24,4.66118897347e-24,5.38506652485e-26,2.69395762475e-24,9.01733332351e-24,1.29737697415e-23,9.33247694425e-24,1.16264134592e-23,1.59793305792e-23,6.76591798912e-24,2.20997694435e-23,2.93755929223e-23,4.89958037245e-23,5.22018669719e-23,7.43757309648e-23,6.43540798902e-23,8.72063390181e-23,1.2345098876e-22,1.55106525382e-22,1.92461184459e-22,2.44221794195e-22,3.99934707489e-22,4.45195431532e-22,7.02936963734e-22,9.39202900062e-22,1.30716155359e-21,2.05183665557e-21],"var":[3.44741266645e-8,0.000051155086112,0.00000458238719148,0.000107826279418,0.0000043590698624,0.00000138713357956,6.86676457917e-7,7.39532254102e-7,0.00000485157625008,0.00000307056416204,4.89613000809e-7,6.28338000297e-7,0.00000102899582544,6.82208849412e-7,6.27213125881e-7,4.89646083679e-7,1.67717544741e-7,4.31250128941e-8,7.64347419135e-7,0.0000020754396246,2.00602954692e-7,4.45092382506e-7,2.75938020877e-7,5.788068691e-8,2.29249774719e-8,3.93093069206e-9,1.48572695813e-10]},"barkbands_crest":{"dmean":3.08371663094,"dmean2":5.06242609024,"dvar":8.31542015076,"dvar2":21.3095932007,"max":24.5818710327,"mean":10.001493454,"median":9.40893173218,"min":1.94265782833,"var":16.4713172913},"barkbands_flatness_db":{"dmean":0.0215753559023,"dmean2":0.0326656736434,"dvar":0.000396708288463,"dvar2":0.000911157927476,"max":0.454843580723,"mean":0.121005579829,"median":0.10872412473,"min":0.018865082413,"var":0.00332728447393},"barkbands_kurtosis":{"dmean":2.63321638107,"dmean2":4.1277012825,"dvar":19.2938766479,"dvar2":45.6306762695,"max":125.994384766,"mean":2.86354541779,"median":0.323537945747,"min":-1.89807367325,"var":50.6739807129},"barkbands_skewness":{"dmean":0.605975627899,"dmean2":0.905328035355,"dvar":0.359691083431,"dvar2":0.796450316906,"max":8.70600318909,"mean":1.4148542881,"median":1.20273542404,"min":-3.52348828316,"var":1.36728715897},"barkbands_spread":{"dmean":7.95594215393,"dmean2":11.7481145859,"dvar":67.4897537231,"dvar2":140.347396851,"max":96.2357406616,"mean":33.2858314514,"median":32.8940086365,"min":0.771986842155,"var":259.269836426},"dissonance":{"dmean":0.011523462832,"dmean2":0.0190272051841,"dvar":0.000153939326992,"dvar2":0.000389587832615,"max":0.500000059605,"mean":0.47590649128,"median":0.481265127659,"min":0.255300492048,"var":0.000426808779594},"dynamic_complexity":2.89521169662,"erbbands":{"dmean":[0.0820242837071,0.771744191647,1.38450753689,9.57240486145,10.6635332108,3.24658513069,3.62413239479,4.48138904572,3.20120787621,4.21735239029,5.48406887054,14.2061128616,8.59128761292,5.84778499603,6.99992609024,7.22209072113,12.4941062927,13.4015369415,18.9879932404,9.32201385498,13.617108345,9.76828861237,4.44160842896,7.99280548096,19.2723255157,15.9492712021,8.48979091644,7.62094831467,10.5026483536,8.12610721588,4.72967004776,1.96668660641,1.18096292019,0.878618955612,0.313338160515,0.0974063798785,0.0477730594575,0.0107890451327,0.000703690457158,0.0000248751202889],"dmean2":[0.137771487236,1.30471861362,2.24005889893,14.9316453934,16.9997177124,5.41062688828,5.96476221085,7.00546789169,4.97294616699,6.76015138626,8.24775218964,20.322221756,12.7410154343,8.60126686096,10.2924871445,10.9886636734,18.505065918,20.3005771637,28.5825119019,13.8422803879,20.941318512,14.7715206146,6.77567768097,12.3184051514,27.7857532501,22.7034492493,12.3051948547,10.7723474503,14.1709985733,10.8588132858,6.37055015564,2.63079047203,1.5828615427,1.18345427513,0.419269263744,0.130475834012,0.065911963582,0.0149966124445,0.00104909774382,0.0000347281820723],"dvar":[0.0415298305452,3.32334566116,4.43584346771,247.119735718,281.026733398,21.8474826813,35.2101821899,49.2788658142,38.0844345093,77.6165466309,232.308074951,1161.95617676,881.512023926,197.721603394,372.894317627,420.415893555,915.231506348,723.793273926,1365.64465332,262.555511475,597.319274902,211.408187866,41.5453033447,173.536697388,1640.18933105,1232.24230957,199.702453613,108.324157715,197.655075073,157.568984985,70.3097381592,20.9932632446,4.30268383026,1.96027743816,0.22593998909,0.0294973123819,0.0123672662303,0.000689219217747,0.00000298923328046,1.61940638677e-9],"dvar2":[0.103910371661,8.60466861725,11.321685791,535.26550293,668.761352539,57.2207870483,89.6660919189,116.971115112,81.3418731689,187.701446533,475.113739014,2209.98706055,1889.10546875,385.353240967,757.85748291,949.999206543,2000.44030762,1709.67565918,3015.01977539,587.910461426,1358.81445312,478.618652344,97.8897094727,401.026855469,3177.06665039,2130.4440918,434.31652832,232.084609985,378.75402832,307.885406494,127.840499878,39.6341400146,8.27073383331,3.88794279099,0.433194309473,0.0538302212954,0.0242242682725,0.00136233505327,0.00000610192319073,3.18588444514e-9],"max":[1.53334605694,14.3614807129,22.4184265137,155.561859131,173.533493042,67.1226119995,113.116577148,139.865234375,183.403869629,206.326004028,292.146575928,702.90814209,1128.33691406,553.413330078,541.843566895,484.837402344,692.695251465,634.99029541,858.601318359,393.207672119,692.942321777,317.055358887,156.187149048,325.537139893,862.187133789,1050.12512207,429.090332031,169.982009888,195.586502075,331.233520508,291.996490479,155.934921265,65.5000305176,36.2457847595,10.164185524,5.07870912552,2.07025814056,0.431262493134,0.0391475372016,0.000849637959618],"mean":[0.0743211135268,0.707669436932,2.0850622654,14.3424272537,16.5029983521,5.46950387955,6.17128896713,8.41047477722,6.37296390533,6.50045537949,9.58613109589,26.8309516907,19.6767444611,12.1742744446,13.2350530624,13.3244142532,22.2150650024,25.6516475677,32.9809761047,19.7936763763,26.5150337219,19.6249694824,9.95814228058,16.8137512207,38.8480987549,33.6814613342,18.3136405945,15.699505806,20.6606445312,15.7609548569,9.01870536804,3.80935955048,2.31792664528,1.66043913364,0.604720652103,0.171452865005,0.0614541731775,0.0127885872498,0.000756745401304,0.0000486710923724],"median":[0.0112216230482,0.192705988884,1.30887174606,7.47789478302,9.49371623993,3.43164968491,3.51633501053,4.88569164276,2.90797138214,2.96228265762,3.04219818115,7.27103233337,5.08487701416,4.61366844177,4.80184602737,3.97441697121,6.06444120407,13.1300153732,17.1132965088,10.6536598206,14.5594520569,12.06524086,6.34127235413,11.3217067719,15.7901229858,16.1384353638,11.2253236771,9.14511871338,11.4265766144,8.05247497559,4.07926082611,1.74906623363,1.1623249054,0.845653533936,0.316298931837,0.0746570900083,0.0125703336671,0.00154241127893,0.0000658066419419,0.0000316958321491],"min":[3.09394528689e-22,9.72662719347e-22,1.19367675582e-21,1.04486151102e-20,1.72249602754e-20,3.8428303868e-20,9.68468295679e-20,1.07565571655e-19,1.06272701282e-19,1.93640822974e-19,3.5098493482e-19,3.30223916367e-19,4.69108239148e-19,7.10517075211e-19,1.00958944726e-18,1.33337337481e-18,2.29077454966e-18,3.03310504293e-18,3.05457224098e-18,5.04387109702e-18,4.90079159852e-18,5.07696907487e-18,7.57455573487e-18,5.15629817716e-18,7.77926391133e-18,7.32630146225e-18,1.01647171403e-17,1.23782119277e-17,1.25726547927e-17,1.22822813105e-17,1.25507816558e-17,1.29981333387e-17,1.12162936551e-17,9.45050210247e-18,6.72151745637e-18,4.2238869558e-18,2.53886710847e-18,1.00024065197e-18,2.66367330836e-19,2.95933913093e-20],"var":[0.0365594737232,2.73950242996,5.39175224304,383.030944824,406.651611328,35.4442024231,66.8293838501,115.296676636,131.080841064,136.102584839,534.745849609,3403.92602539,4188.30371094,648.278625488,906.053344727,977.71887207,2052.71240234,1504.20019531,2573.90356445,736.52722168,1398.73669434,554.363342285,135.013000488,401.5078125,4444.33837891,3902.6315918,510.498779297,309.665161133,569.571716309,422.001708984,201.017791748,49.133518219,11.0377969742,4.82821750641,0.602925896645,0.0650058984756,0.0175743680447,0.000956516596489,0.00000386151123166,2.71249711581e-9]},"erbbands_crest":{"dmean":2.22365832329,"dmean2":3.5363407135,"dvar":4.67904615402,"dvar2":10.8530302048,"max":28.0446052551,"mean":7.76867294312,"median":6.72086524963,"min":2.25467777252,"var":13.7657623291},"erbbands_flatness_db":{"dmean":0.0156969036907,"dmean2":0.0208974219859,"dvar":0.000230577876209,"dvar2":0.000370165478671,"max":0.322912156582,"mean":0.13948521018,"median":0.132277756929,"min":0.0337285771966,"var":0.00156185438391},"erbbands_kurtosis":{"dmean":0.733722507954,"dmean2":1.12383913994,"dvar":2.27464222908,"dvar2":5.0404458046,"max":73.4381027222,"mean":-0.00487318262458,"median":-0.563967943192,"min":-1.86828422546,"var":6.23724985123},"erbbands_skewness":{"dmean":0.321551591158,"dmean2":0.465910106897,"dvar":0.100921809673,"dvar2":0.203113302588,"max":6.67473316193,"mean":-0.232705131173,"median":-0.30403187871,"min":-4.36176776886,"var":0.618185579777},"erbbands_spread":{"dmean":11.2265939713,"dmean2":16.5439682007,"dvar":121.021949768,"dvar2":260.131286621,"max":138.544403076,"mean":53.9849319458,"median":51.4793548584,"min":3.06199264526,"var":512.140014648},"gfcc":{"cov":[[15697.2802734,-1889.67443848,-1657.37817383,520.599914551,-636.96887207,617.241394043,-298.232696533,243.379211426,-256.704284668,52.5776901245,-483.519714355,78.1351013184,-281.268554688],[-1889.67443848,1554.97412109,-88.0365219116,-94.36743927,294.555145264,-186.125183105,124.777603149,-69.502746582,104.323181152,-53.2729568481,216.203857422,-117.310142517,128.023117065],[-1657.37817383,-88.0365219116,850.939880371,-8.35272407532,74.5147323608,-8.29432868958,-4.90175867081,-25.5749969482,53.2219238281,23.4894275665,-15.0675210953,67.512008667,-33.2225494385],[520.599914551,-94.36743927,-8.35272407532,336.266937256,-15.7424907684,31.9077243805,-28.8068389893,5.01604175568,53.3538703918,-8.97318458557,-8.15784454346,-10.0893392563,23.9693069458],[-636.96887207,294.555145264,74.5147323608,-15.7424907684,279.472564697,-48.3682670593,26.4592590332,-18.7899055481,59.5703048706,-4.45154237747,34.0146217346,0.276054292917,21.8366374969],[617.241394043,-186.125183105,-8.29432868958,31.9077243805,-48.3682670593,176.35899353,0.678360164165,29.6191291809,-7.03343343735,16.2713603973,-11.8117332458,33.7839355469,-8.40846729279],[-298.232696533,124.777603149,-4.90175867081,-28.8068389893,26.4592590332,0.678360164165,151.096954346,35.4653015137,-2.84469723701,-1.99151217937,40.5523834229,-16.1813278198,10.7363271713],[243.379211426,-69.502746582,-25.5749969482,5.01604175568,-18.7899055481,29.6191291809,35.4653015137,101.662155151,8.4625377655,13.2097253799,-0.774747550488,6.10747480392,4.08950090408],[-256.704284668,104.323181152,53.2219238281,53.3538703918,59.5703048706,-7.03343343735,-2.84469723701,8.4625377655,112.906745911,16.3526821136,15.6796092987,3.12547469139,21.4181404114],[52.5776901245,-53.2729568481,23.4894275665,-8.97318458557,-4.45154237747,16.2713603973,-1.99151217937,13.2097253799,16.3526821136,76.3806533813,22.5668125153,12.8508472443,2.04568195343],[-483.519714355,216.203857422,-15.0675210953,-8.15784454346,34.0146217346,-11.8117332458,40.5523834229,-0.774747550488,15.6796092987,22.5668125153,110.515487671,8.19343471527,35.0830688477],[78.1351013184,-117.310142517,67.512008667,-10.0893392563,0.276054292917,33.7839355469,-16.1813278198,6.10747480392,3.12547469139,12.8508472443,8.19343471527,97.8179855347,11.3679647446],[-281.268554688,128.023117065,-33.2225494385,23.9693069458,21.8366374969,-8.40846729279,10.7363271713,4.08950090408,21.4181404114,2.04568195343,35.0830688477,11.3679647446,75.1293182373]],"icov":[[0.00016329693608,-0.0000837501793285,0.000359610421583,-0.000313050957629,0.000075475727499,-0.000316246092552,0.000108668318717,-0.000236025283812,0.000240805034991,-0.000395890441723,0.000681087840348,-0.000457476911834,0.000646252185106],[-0.0000837501793285,0.00190461962484,-0.000148195438669,0.000919209443964,-0.00102933787275,0.00065474252915,-0.000292861717753,0.000889021437615,-0.00132320541888,0.00207345886156,-0.00331046595238,0.00250809523277,-0.00206481688656],[0.000359610421583,-0.000148195438669,0.00220032664947,-0.000707336585037,-0.000100069220935,-0.000454263179563,-0.000125434657093,0.0000084797393356,-0.000191759507288,-0.00121996377129,0.00182918924838,-0.00218139588833,0.0023569916375],[-0.000313050957629,0.000919209443964,-0.000707336585037,0.00449692597613,-0.0000663277678541,-0.0000841362925712,0.000429446488852,0.000706628430635,-0.00287280022167,0.00245309225284,-0.00237553962506,0.00269190571271,-0.00312164635397],[0.000075475727499,-0.00102933787275,-0.000100069220935,-0.0000663277678541,0.00517951510847,0.000395938986912,-0.000606212648563,0.000410892214859,-0.00178020261228,-0.000335018849,0.00117633794434,-0.00160351919476,0.000826583418529],[-0.000316246092552,0.00065474252915,-0.000454263179563,-0.0000841362925712,0.000395938986912,0.00779139203951,-0.000879358442035,-0.00066765275551,-0.000423853110988,-0.0000228232693189,-0.00135167385451,-0.00125222513452,-0.000612640578765],[0.000108668318717,-0.000292861717753,-0.000125434657093,0.000429446488852,-0.000606212648563,-0.000879358442035,0.00917899701744,-0.00397375319153,0.00128033116926,0.00116795173381,-0.00291653955355,0.00176903884858,0.00039321553777],[-0.000236025283812,0.000889021437615,0.0000084797393356,0.000706628430635,0.000410892214859,-0.00066765275551,-0.00397375319153,0.0129947466776,-0.00248560891487,-0.000762798299547,-0.000195536777028,0.000535810540896,-0.00221426063217],[0.000240805034991,-0.00132320541888,-0.000191759507288,-0.00287280022167,-0.00178020261228,-0.000423853110988,0.00128033116926,-0.00248560891487,0.013577430509,-0.00433415593579,0.00259178155102,-0.0014679019805,-0.000330483657308],[-0.000395890441723,0.00207345886156,-0.00121996377129,0.00245309225284,-0.000335018849,-0.0000228232693189,0.00116795173381,-0.000762798299547,-0.00433415593579,0.0187699366361,-0.00892972853035,0.00278839026578,-0.00189555180259],[0.000681087840348,-0.00331046595238,0.00182918924838,-0.00237553962506,0.00117633794434,-0.00135167385451,-0.00291653955355,-0.000195536777028,0.00259178155102,-0.00892972853035,0.0209605842829,-0.00674360757694,0.000428736471804],[-0.000457476911834,0.00250809523277,-0.00218139588833,0.00269190571271,-0.00160351919476,-0.00125222513452,0.00176903884858,0.000535810540896,-0.0014679019805,0.00278839026578,-0.00674360757694,0.017119012773,-0.00686478987336],[0.000646252185106,-0.00206481688656,0.0023569916375,-0.00312164635397,0.000826583418529,-0.000612640578765,0.00039321553777,-0.00221426063217,-0.000330483657308,-0.00189555180259,0.000428736471804,-0.00686478987336,0.022026412189]],"mean":[-1.42252647877,72.7903594971,-114.177345276,55.5100364685,-60.0113868713,16.3633174896,-39.8981208801,-0.788356184959,-28.5626716614,-0.540193796158,-25.9561500549,-10.4627962112,-13.7175855637]},"hfc":{"dmean":7.37541866302,"dmean2":8.63564968109,"dvar":68.875869751,"dvar2":96.501121521,"max":167.915863037,"mean":24.894525528,"median":20.6614570618,"min":1.10330620652e-16,"var":393.32598877},"melbands":{"dmean":[0.000840118504129,0.000785725773312,0.00176495010965,0.000416503549786,0.000118479809316,0.0000981849007076,0.0000493224106322,0.0000455234003311,0.0000524256538483,0.0000893141623237,0.0000415055001213,0.0000240643785219,0.0000238840584643,0.0000167680373124,0.0000225309831876,0.0000326190929627,0.0000272999441222,0.00003553949864,0.0000131979359139,0.0000170512757904,0.0000158837992785,0.0000123245044961,0.00000600885323365,0.00000319053515341,0.00000714969064575,0.0000129699674289,0.0000181671312021,0.0000101713230833,0.00000621910658083,0.00000436054733655,0.00000503629962623,0.0000063878023866,0.0000060076254158,0.00000422525818067,0.00000306183596877,0.00000187177352018,0.00000105900892322,8.39058202473e-7,9.12938503461e-7,7.37139714602e-7],"dmean2":[0.00141224288382,0.00128387706354,0.00276203174144,0.000668161665089,0.000194971231394,0.000153751840116,0.0000768541212892,0.000072367998655,0.0000783103168942,0.000126548387925,0.0000621564540779,0.0000354517505912,0.0000351526141458,0.0000253793914453,0.0000341292252415,0.0000484850934299,0.0000418764939241,0.000053838983149,0.0000200424819923,0.0000257772117038,0.0000246947201958,0.0000191028721019,0.00000934062427405,0.00000495336826134,0.000011285457731,0.0000195347911358,0.0000259306689259,0.0000149112256622,0.00000928864665184,0.0000064901969381,0.00000735618914405,0.00000892123443919,0.00000831497072795,0.00000582675284022,0.00000428433850175,0.00000257189344666,0.0000014931390524,0.00000115993566396,0.00000126389443267,0.00000101949740383],"dvar":[0.00000420426613346,0.0000020482027594,0.00000826091854833,3.46929198258e-7,3.28924549819e-8,2.1989347232e-8,8.25111268199e-9,1.0370921899e-8,2.1497637448e-8,4.46185346448e-8,2.19260769541e-8,3.55577878253e-9,4.07664435542e-9,1.86036441807e-9,4.07036537808e-9,7.42125383368e-9,3.38263772548e-9,4.35238156626e-9,8.51121284562e-10,7.74017017147e-10,8.75984729198e-10,3.45196066176e-10,8.26777327156e-11,2.11904140068e-11,1.52722182123e-10,8.00880362029e-10,1.93961491313e-9,4.93782570388e-10,1.27407487338e-10,4.14173764729e-11,5.19819950973e-11,7.71884223205e-11,6.94022894709e-11,5.52576630286e-11,2.96922798848e-11,1.48265202199e-11,7.44610709896e-12,2.20312158274e-12,2.42269941088e-12,1.40083040653e-12],"dvar2":[0.0000106069555841,0.00000509146775585,0.0000183777829079,8.29298869576e-7,8.40625773435e-8,5.24927017409e-8,1.8074993946e-8,2.39639810218e-8,4.34258211612e-8,8.31316171457e-8,4.71417607173e-8,6.78940148546e-9,8.40978220396e-9,3.93935462029e-9,9.14082765036e-9,1.65045861422e-8,8.02429145352e-9,9.64726432073e-9,2.04693995087e-9,1.72231040541e-9,1.91778770642e-9,8.06554767419e-10,1.95841898254e-10,5.08474963523e-11,3.62003760301e-10,1.66951086289e-9,3.47419693014e-9,8.98155771978e-10,2.89678336873e-10,9.65524812879e-11,1.18222140411e-10,1.5814893839e-10,1.38156472373e-10,1.14069864665e-10,5.83462514414e-11,2.69513734247e-11,1.54936497659e-11,4.35132268758e-12,5.05851307023e-12,2.91567421248e-12],"max":[0.0161735843867,0.0129884378985,0.0303658675402,0.00592043390498,0.00301349302754,0.00281362375244,0.00243870564736,0.00322150369175,0.00314362649806,0.00458203768358,0.00548385921866,0.00210391287692,0.00166867615189,0.00145776628051,0.00146082229912,0.0020999731496,0.0014556722017,0.00135036092252,0.000897737569176,0.000600630242843,0.000839242129587,0.000398314819904,0.000157644957653,0.000125046048197,0.000302900705719,0.000603151042014,0.00117161055095,0.000910363800358,0.000402407982619,0.000102601887193,0.000128728788695,0.0000993882858893,0.000137539100251,0.000214552230318,0.000187333411304,0.000108461623313,0.0000974653885351,0.0000541714580322,0.0000493658772029,0.0000248995565926],"mean":[0.000763204705436,0.00100719928741,0.00270727835596,0.000715350208338,0.000208006313187,0.000186588033102,0.0000959983226494,0.0000691827226547,0.0000888155846042,0.000168066937476,0.0000922645413084,0.0000477973480884,0.0000440011826868,0.0000301689797197,0.0000393881819036,0.0000532683006895,0.0000471428538731,0.0000587957219977,0.0000241998441197,0.0000319707469316,0.000029625636671,0.0000226346128329,0.0000114985850814,0.00000657808368487,0.0000133440798891,0.0000242445275944,0.0000329321046593,0.00001983396578,0.0000122342507893,0.00000831035686133,0.00000947516673477,0.0000118685393318,0.000011151137187,0.00000771121358412,0.00000555773431188,0.00000333021512233,0.0000019466735921,0.00000155256714152,0.00000166600671037,0.00000131564411276],"median":[0.000143241311889,0.000536619860213,0.00153035251424,0.000475077831652,0.000131406297442,0.000111243854917,0.000041499537474,0.0000294866895274,0.0000239203036472,0.00004333527977,0.0000202783794521,0.0000159667542903,0.0000160478630278,0.00000954836286837,0.00000896656092664,0.0000132110808408,0.0000209065383387,0.0000301178079098,0.0000112107645691,0.0000165488127095,0.0000158449656738,0.0000132348659463,0.00000638093661109,0.00000432050592281,0.00000845511385705,0.0000110284418042,0.0000107341893454,0.00000990595253825,0.00000719558647688,0.00000493213246955,0.00000509780602442,0.0000061975169956,0.00000589593128097,0.00000364278321285,0.00000244663306148,0.0000013839123767,8.6886899453e-7,7.59409090278e-7,8.28414727039e-7,6.44628130431e-7],"min":[2.33225602502e-24,9.81394340661e-25,1.68216758594e-24,2.24414400899e-24,3.25692465988e-24,2.34276720215e-24,1.86036495354e-24,1.94069170129e-24,3.04617632753e-24,1.81786724164e-24,1.99804129746e-24,1.81180050685e-24,2.99650017861e-24,3.52421558369e-24,2.19763533382e-24,4.364733862e-24,4.90556269912e-24,4.70987904626e-24,5.9750352334e-24,4.76865233915e-24,5.22566628281e-24,4.83040200423e-24,4.65059259936e-24,5.86935627109e-24,2.45875322383e-24,4.18772096905e-24,4.95570033168e-24,3.98148314614e-24,6.03684445747e-24,4.19303789155e-24,6.61747882144e-24,5.86216185963e-24,5.51065175115e-24,6.59061574104e-24,5.69246091841e-24,7.43024378981e-24,7.28437473097e-24,6.94938573643e-24,6.72818440544e-24,7.61133785466e-24],"var":[0.00000364329571312,0.00000209353811442,0.0000124360658447,5.61307729186e-7,5.997881658e-8,5.17353306861e-8,2.86751298262e-8,1.92855242886e-8,5.1109626753e-8,1.35892534558e-7,1.07092780866e-7,1.25252910266e-8,9.61254364995e-9,4.26196988812e-9,9.85430848033e-9,1.45554892583e-8,6.53131770889e-9,8.09675704261e-9,1.5010593879e-9,1.94665950026e-9,2.07337413904e-9,8.13737188743e-10,2.11048747922e-10,6.26223517486e-11,3.02371488958e-10,1.8539200175e-9,5.05238562098e-9,1.46527867617e-9,2.71887401482e-10,9.74175809465e-11,1.29045218955e-10,1.98542030039e-10,1.82949266847e-10,1.3051590364e-10,7.69697638958e-11,3.75092561178e-11,1.47033669962e-11,5.48686616975e-12,5.34063071544e-12,3.20577418778e-12]},"melbands_crest":{"dmean":4.12387466431,"dmean2":6.77693986893,"dvar":13.2686452866,"dvar2":32.5407791138,"max":32.7523994446,"mean":16.6862716675,"median":16.1796951294,"min":1.00205349922,"var":34.2097015381},"melbands_flatness_db":{"dmean":0.0280634444207,"dmean2":0.0424964688718,"dvar":0.000668772030622,"dvar2":0.00152162462473,"max":0.576863229275,"mean":0.175294935703,"median":0.15966334939,"min":3.8397621438e-7,"var":0.00600051134825},"melbands_kurtosis":{"dmean":9.70475387573,"dmean2":15.1684751511,"dvar":205.219223022,"dvar2":497.430633545,"max":237.124893188,"mean":16.335817337,"median":8.71789550781,"min":-1.8225427866,"var":436.966186523},"melbands_skewness":{"dmean":0.954172670841,"dmean2":1.43826532364,"dvar":0.935289800167,"dvar2":2.1049888134,"max":12.9546909332,"mean":3.20423650742,"median":2.83115196228,"min":-1.267121315,"var":3.30528950691},"melbands_spread":{"dmean":10.9076213837,"dmean2":16.5213260651,"dvar":156.475830078,"dvar2":329.47869873,"max":213.041442871,"mean":32.7405586243,"median":28.9319725037,"min":0.733104586601,"var":537.875732422},"mfcc":{"cov":[[9319.26855469,-1458.04968262,-543.570678711,-24.432762146,-322.743560791,157.927581787,-93.8626861572,129.235656738,138.61907959,40.190246582,-43.7551994324,-170.351303101,30.5183029175],[-1458.04968262,1321.15515137,-122.059539795,70.7501449585,122.111656189,-48.0749397278,86.5616455078,-27.9124393463,-36.3296546936,23.5912799835,36.3134765625,74.8696060181,6.17857599258],[-543.570678711,-122.059539795,587.483215332,11.6301746368,62.9306259155,56.2659225464,-29.5328350067,15.9503726959,6.52793455124,-27.1080989838,34.3109664917,34.3864326477,-25.5529975891],[-24.432762146,70.7501449585,11.6301746368,265.092132568,62.1083602905,13.2170782089,-20.9088821411,3.16175794601,15.7685985565,40.3309669495,-6.85011339188,-17.3075199127,7.8264131546],[-322.743560791,122.111656189,62.9306259155,62.1083602905,206.552062988,38.2980117798,-43.4928474426,4.12575626373,22.0359191895,-10.5624408722,10.2815732956,25.6913528442,-1.20560872555],[157.927581787,-48.0749397278,56.2659225464,13.2170782089,38.2980117798,111.839134216,-1.56148660183,13.0598154068,8.26597690582,-8.23474121094,10.0810461044,12.7297430038,-0.550298810005],[-93.8626861572,86.5616455078,-29.5328350067,-20.9088821411,-43.4928474426,-1.56148660183,134.933929443,23.4627780914,-12.1597738266,14.3176460266,12.5348482132,6.97738933563,7.61320066452],[129.235656738,-27.9124393463,15.9503726959,3.16175794601,4.12575626373,13.0598154068,23.4627780914,91.1635360718,27.1217536926,-6.8450884819,9.76287555695,9.33279132843,3.86339211464],[138.61907959,-36.3296546936,6.52793455124,15.7685985565,22.0359191895,8.26597690582,-12.1597738266,27.1217536926,77.1270980835,21.2786884308,4.61274194717,0.298873484135,-0.176018536091],[40.190246582,23.5912799835,-27.1080989838,40.3309669495,-10.5624408722,-8.23474121094,14.3176460266,-6.8450884819,21.2786884308,92.7598419189,17.3599300385,-5.32588577271,-2.35174918175],[-43.7551994324,36.3134765625,34.3109664917,-6.85011339188,10.2815732956,10.0810461044,12.5348482132,9.76287555695,4.61274194717,17.3599300385,73.7907180786,27.0729370117,-2.43625259399],[-170.351303101,74.8696060181,34.3864326477,-17.3075199127,25.6913528442,12.7297430038,6.97738933563,9.33279132843,0.298873484135,-5.32588577271,27.0729370117,83.9441757202,16.9392318726],[30.5183029175,6.17857599258,-25.5529975891,7.8264131546,-1.20560872555,-0.550298810005,7.61320066452,3.86339211464,-0.176018536091,-2.35174918175,-2.43625259399,16.9392318726,58.6994628906]],"icov":[[0.000163024262292,0.000145920392242,0.00019652863557,-0.0000334008582286,0.000213863328099,-0.000309344904963,0.000144203208038,-0.000173589069163,-0.000170401501236,-0.00000884159362613,-0.000102352292743,0.000147976752487,-0.0000637119374005],[0.000145920392242,0.00116775673814,0.000444152974524,-0.000328629161231,-0.000655829091556,0.000389163324144,-0.000777347653639,0.000273510930128,0.000274777092272,-0.0000316015393764,-0.0002996569674,-0.000791494210716,0.000326908077113],[0.00019652863557,0.000444152974524,0.00227154139429,-0.000277409009868,-0.000157539543579,-0.000891401141416,0.000277588609606,-0.000265871058218,-0.000110699489596,0.000609890907072,-0.000909112452064,-0.000669990375172,0.00102652271744],[-0.0000334008582286,-0.000328629161231,-0.000277409009868,0.00484755961224,-0.00141386198811,-0.00044946995331,0.000790732097812,-0.000800842244644,0.000474300672067,-0.00268703885376,0.00089451612439,0.00167447980493,-0.00135055184364],[0.000213863328099,-0.000655829091556,-0.000157539543579,-0.00141386198811,0.0074754068628,-0.00240663974546,0.0024627619423,-0.000138328541652,-0.00219125347212,0.00143000320531,-0.000505766947754,-0.00110870052595,0.000248108437518],[-0.000309344904963,0.000389163324144,-0.000891401141416,-0.00044946995331,-0.00240663974546,0.0111517924815,-0.00133622507565,-0.000167243066244,0.0000365991763829,0.000927646004129,-0.000654500850942,-0.00134407309815,0.000429160136264],[0.000144203208038,-0.000777347653639,0.000277588609606,0.000790732097812,0.0024627619423,-0.00133622507565,0.0101834591478,-0.00378593988717,0.0022112140432,-0.00218224525452,-0.000797693850473,0.00042116077384,-0.00124672451057],[-0.000173589069163,0.000273510930128,-0.000265871058218,-0.000800842244644,-0.000138328541652,-0.000167243066244,-0.00378593988717,0.014687157236,-0.00594600802287,0.00348224746995,-0.00145973137114,-0.0011851208983,-0.0000244422262767],[-0.000170401501236,0.000274777092272,-0.000110699489596,0.000474300672067,-0.00219125347212,0.0000365991763829,0.0022112140432,-0.00594600802287,0.0178459454328,-0.00548654096201,0.000709532876499,0.0000850857250043,-0.000153270404553],[-0.00000884159362613,-0.0000316015393764,0.000609890907072,-0.00268703885376,0.00143000320531,0.000927646004129,-0.00218224525452,0.00348224746995,-0.00548654096201,0.0151081085205,-0.00434131827205,0.000607396417763,0.000956975738518],[-0.000102352292743,-0.0002996569674,-0.000909112452064,0.00089451612439,-0.000505766947754,-0.000654500850942,-0.000797693850473,-0.00145973137114,0.000709532876499,-0.00434131827205,0.0175836309791,-0.00521631352603,0.00181602977682],[0.000147976752487,-0.000791494210716,-0.000669990375172,0.00167447980493,-0.00110870052595,-0.00134407309815,0.00042116077384,-0.0011851208983,0.0000850857250043,0.000607396417763,-0.00521631352603,0.017034785822,-0.00562826730311],[-0.0000637119374005,0.000326908077113,0.00102652271744,-0.00135055184364,0.000248108437518,0.000429160136264,-0.00124672451057,-0.0000244422262767,-0.000153270404553,0.000956975738518,0.00181602977682,-0.00562826730311,0.0195714384317]],"mean":[-634.825195312,89.6089706421,7.54225206375,35.5605201721,5.16953086853,16.3097286224,-1.68592905998,-2.47177839279,-0.277304559946,3.18906283379,-4.43468093872,-12.1925611496,-2.9906976223]},"pitch_salience":{"dmean":0.0786854848266,"dmean2":0.131475791335,"dvar":0.00520498724654,"dvar2":0.0139850489795,"max":0.996078908443,"mean":0.522850751877,"median":0.52777159214,"min":0.123755402863,"var":0.0102568864822},"silence_rate_20dB":{"dmean":0,"dmean2":0,"dvar":0,"dvar2":0,"max":1,"mean":1,"median":1,"min":1,"var":0},"silence_rate_30dB":{"dmean":0,"dmean2":0,"dvar":0,"dvar2":0,"max":1,"mean":1,"median":1,"min":1,"var":0},"silence_rate_60dB":{"dmean":0.0172394737601,"dmean2":0.0344827584922,"dvar":0.0169383119792,"dvar2":0.0390418209136,"max":1,"mean":0.0512707196176,"median":0,"min":0,"var":0.0486380830407},"spectral_centroid":{"dmean":344.524505615,"dmean2":514.960571289,"dvar":112747.90625,"dvar2":233011.25,"max":11589.2919922,"mean":1802.90856934,"median":1777.05664062,"min":150.789108276,"var":785337.125},"spectral_complexity":{"dmean":3.81589126587,"dmean2":5.27099895477,"dvar":13.2514247894,"dvar2":21.926908493,"max":54,"mean":19.7793369293,"median":19,"min":0,"var":104.43687439},"spectral_contrast_coeffs":{"dmean":[0.0571264326572,0.0451315417886,0.037917111069,0.0316842570901,0.023135798052,0.0179337225854],"dmean2":[0.0920127034187,0.0723374783993,0.0584542490542,0.0488037578762,0.0354328714311,0.0278513673693],"dvar":[0.00216477131471,0.00130803103093,0.000977966934443,0.000663168902975,0.000402418285375,0.000255568302236],"dvar2":[0.00550431245938,0.00329967122525,0.00218597939238,0.00147427956108,0.000819576729555,0.00056982843671],"max":[-0.312139034271,-0.486736476421,-0.470860779285,-0.552320837975,-0.504095137119,-0.610195457935],"mean":[-0.59515619278,-0.73761510849,-0.756234228611,-0.762551486492,-0.785406708717,-0.738759100437],"median":[-0.593725025654,-0.740952849388,-0.764823913574,-0.764696240425,-0.792656779289,-0.733113646507],"min":[-0.985649704933,-0.996696054935,-0.998475790024,-0.988780736923,-0.989393651485,-0.963516891003],"var":[0.00701666716486,0.00433809543028,0.00509204249829,0.00312315067276,0.00245290133171,0.00171443202998]},"spectral_contrast_valleys":{"dmean":[0.45828333497,0.376439243555,0.330165356398,0.283713489771,0.245574742556,0.323614567518],"dmean2":[0.721795380116,0.583910524845,0.505676805973,0.411088824272,0.327564507723,0.369795352221],"dvar":[0.154720202088,0.114459380507,0.0950905829668,0.0733641907573,0.063547052443,0.126908555627],"dvar2":[0.34396725893,0.236470595002,0.191004738212,0.123980738223,0.0936854705215,0.170399010181],"max":[-5.27672481537,-5.33007574081,-5.94008970261,-5.73830747604,-5.78714036942,-7.40361881256],"mean":[-7.44730854034,-7.23685741425,-7.85744571686,-7.84543228149,-7.38213300705,-9.8290309906],"median":[-7.31823539734,-7.07075786591,-7.66581344604,-7.59424686432,-7.06498003006,-9.46256446838],"min":[-28.3869686127,-28.0560379028,-27.7844371796,-27.5367507935,-27.3645019531,-27.3554725647],"var":[1.99723386765,2.01992344856,2.17371869087,2.31136965752,2.5236093998,2.68173694611]},"spectral_decrease":{"dmean":2.44786413361e-9,"dmean2":3.62580121482e-9,"dvar":1.08888550368e-17,"dvar2":2.27253960121e-17,"max":2.67461936356e-20,"mean":-5.69845903797e-9,"median":-4.43922409943e-9,"min":-2.94985404992e-8,"var":2.11238105644e-17},"spectral_energy":{"dmean":0.00962891709059,"dmean2":0.0140428645536,"dvar":0.000161030518939,"dvar2":0.000330527400365,"max":0.116708740592,"mean":0.0237653926015,"median":0.0190027207136,"min":1.01311078097e-20,"var":0.000340182334185},"spectral_energyband_high":{"dmean":0.000777674897108,"dmean2":0.000955537077971,"dvar":0.00000105809237994,"dvar2":0.00000163526499364,"max":0.0227533038706,"mean":0.00191824976355,"median":0.0012341364054,"min":7.23176867691e-21,"var":0.00000423308574682},"spectral_energyband_low":{"dmean":0.00594395957887,"dmean2":0.00920978654176,"dvar":0.0000879816507222,"dvar2":0.000198724359507,"max":0.0742675587535,"mean":0.00846859999001,"median":0.00429300498217,"min":1.46965259959e-23,"var":0.000117679264804},"spectral_energyband_middle_high":{"dmean":0.0013112751767,"dmean2":0.00178225606214,"dvar":0.0000029029667985,"dvar2":0.00000528429109181,"max":0.0324513167143,"mean":0.00453230272979,"median":0.00332786468789,"min":1.24961333014e-21,"var":0.0000190674127225},"spectral_energyband_middle_low":{"dmean":0.00626753969118,"dmean2":0.00957867689431,"dvar":0.0000878818973433,"dvar2":0.000190930601093,"max":0.10148781538,"mean":0.0125148175284,"median":0.00893950462341,"min":1.97767189125e-22,"var":0.000150474748807},"spectral_entropy":{"dmean":0.141698077321,"dmean2":0.189226165414,"dvar":0.0212394241244,"dvar2":0.0362030491233,"max":9.81970882416,"mean":7.77123785019,"median":7.87293577194,"min":4.75572299957,"var":0.25343644619},"spectral_flux":{"dmean":0.0267762746662,"dmean2":0.04163813591,"dvar":0.00082190183457,"dvar2":0.00193456059787,"max":0.264379858971,"mean":0.0813533887267,"median":0.0746417716146,"min":6.50696996285e-11,"var":0.00193783349823},"spectral_kurtosis":{"dmean":1.1549052,"dmean2":1.82000422478,"dvar":7.25094270706,"dvar2":16.6615428925,"max":89.4883651733,"mean":3.05064535141,"median":1.86581373215,"min":-1.23778009415,"var":35.4844436646},"spectral_rms":{"dmean":0.000893163785804,"dmean2":0.00126091449056,"dvar":9.80700406217e-7,"dvar2":0.00000186189379292,"max":0.0106706228107,"mean":0.00445734988898,"median":0.00430572172627,"min":3.14388424148e-12,"var":0.00000331775959239},"spectral_rolloff":{"dmean":867.549194336,"dmean2":1406.78076172,"dvar":1272803.875,"dvar2":2703836.75,"max":19681.3476562,"mean":2300.58813477,"median":1981.0546875,"min":64.599609375,"var":3874902},"spectral_skewness":{"dmean":0.173500210047,"dmean2":0.258545726538,"dvar":0.0522809699178,"dvar2":0.108798190951,"max":7.94863128662,"mean":1.09717655182,"median":0.976322293282,"min":-0.0438339449465,"var":0.469275683165},"spectral_spread":{"dmean":543096.6875,"dmean2":723547.3125,"dvar":410879918080,"dvar2":709591695360,"max":42226040,"mean":5191367.5,"median":5095845,"min":1044632.4375,"var":5363948060670},"spectral_strongpeak":{"dmean":0.550228953362,"dmean2":0.938269197941,"dvar":1.46842467785,"dvar2":3.51717758179,"max":19.9069671631,"mean":0.856425642967,"median":0.461938858032,"min":0,"var":1.87747085094},"zerocrossingrate":{"dmean":0.0142032159492,"dmean2":0.016223533079,"dvar":0.000191922124941,"dvar2":0.000241560104769,"max":0.52099609375,"mean":0.08224927634,"median":0.0791015625,"min":0.0029296875,"var":0.00202189292759}},"metadata":{"audio_properties":{"analysis_sample_rate":44100,"bit_rate":186729,"codec":"mp3","downmix":"mix","equal_loudness":0,"length":210.102859497,"lossless":false,"md5_encoded":"0878a37dfd5b5cd8a4b0a3763e89dc00","replay_gain":-12.0191993713,"sample_rate":44100},"tags":{"acoustid_id":["f7591efc-d5ed-4f22-a555-a306b9ce23ba"],"album":["On Parole"],"albumartist":["Motörhead"],"albumartistsort":["Motörhead"],"artist":["Motörhead"],"artistsort":["Motörhead"],"asin":["B000005RQ2"],"barcode":["724385479427"],"catalognumber":["7243 8 54794 2 7"],"date":["1997"],"file_name":"08 - Lost Johnny.mp3","label":["EMI"],"media":["CD"],"musicbrainz album release country":["GB"],"musicbrainz album status":["official"],"musicbrainz album type":["album"],"musicbrainz_albumartistid":["57961a97-3796-4bf7-9f02-a985a8979ae9"],"musicbrainz_albumid":["b87958f4-f095-414f-a379-966af3b27fe1"],"musicbrainz_artistid":["57961a97-3796-4bf7-9f02-a985a8979ae9"],"musicbrainz_recordingid":["0c9b401c-607f-4046-acb4-6acd02238fca"],"musicbrainz_releasegroupid":["dced67d7-83f2-31ff-8fab-c007ed47dd26"],"originaldate":["1979"],"script":["Latn"],"title":["Lost Johnny"],"tracknumber":["8/13"]},"version":{"essentia":"2.1-beta2","essentia_build_sha":"70f2e5ece6736b2c40cc944ad0e695b16b925413","essentia_git_sha":"v2.1_beta2","extractor":"music 1.0"}},"rhythm":{"beats_count":347,"beats_loudness":{"dmean":0.0151568688452,"dmean2":0.0260754246265,"dvar":0.000134843532578,"dvar2":0.000392350601032,"max":0.0884412899613,"mean":0.0413664132357,"median":0.0408076569438,"min":9.14406772523e-9,"var":0.000297812075587},"beats_loudness_band_ratio":{"dmean":[0.178893044591,0.0666464939713,0.0638594552875,0.0427605360746,0.0542677678168,0.077665194869],"dmean2":[0.298519402742,0.117266103625,0.112509123981,0.0746244117618,0.0928686708212,0.138432562351],"dvar":[0.0169388800859,0.00446890341118,0.0060222507454