{"lowlevel":{"average_loudness":0.865812301636,"barkbands":{"dmean":[0.0171351004392,0.0447697751224,0.0053629623726,0.00134895904921,0.00112623733003,0.000918889301829,0.000455043802503,0.000569794327021,0.00078631931683,0.00138374511153,0.00066932948539,0.0005681636394,0.00042290383135,0.000396371702664,0.000423360674176,0.000347985042026,0.000228740071179,0.000159294417244,0.000118944692076,0.000137789844302,0.0000795699234004,0.0000388350053981,0.0000322763153235,0.0000250219036388,0.0000051427678045,0.0000229800571105,0.0002739491174],"dmean2":[0.0284686442465,0.0712435245514,0.00913511775434,0.00230815680698,0.00180917233229,0.00141527270898,0.000712685578037,0.000911554030608,0.00124501029495,0.0022398615256,0.00107930589002,0.000931518618017,0.000682934070937,0.000663775310386,0.000698421325069,0.000593153992668,0.000370977853891,0.00025682116393,0.00018420755805,0.000208262106753,0.000116249306302,0.0000581342101214,0.0000490403836011,0.0000383628612326,0.00000868189181347,0.0000345692133124,0.000402378907893],"dvar":[0.00130508234724,0.00488274917006,0.0000697649156791,0.00000604369506618,0.00000526647772858,0.00000514682005814,6.31363150205e-7,0.00000198364455173,0.00000353233417627,0.000011834165889,0.00000250273706115,0.00000137221525165,7.89075670582e-7,7.78819412517e-7,9.53272433435e-7,6.30691602055e-7,4.64847090598e-7,1.76934094043e-7,5.50431309421e-8,7.99489399128e-8,3.91233356822e-8,5.61683943801e-9,4.68273242404e-9,3.24866578083e-9,8.1929643625e-11,2.43387288101e-9,2.66333870513e-7],"dvar2":[0.00337441172451,0.0117889642715,0.000191826431546,0.0000166859972524,0.000012554375644,0.0000104265218397,0.00000147568357534,0.00000505523212269,0.00000839830954646,0.0000305998873955,0.00000607450238022,0.00000353027803612,0.00000197916824618,0.00000212210420614,0.00000249472759606,0.00000170543250988,0.00000128856822812,4.79929440189e-7,1.28960977008e-7,1.75641261535e-7,7.60094280849e-8,1.25723014222e-8,1.07775752767e-8,7.4271757633e-9,2.05300221268e-10,5.47283196539e-9,6.48444483886e-7],"max":[0.503273010254,0.833700180054,0.130964800715,0.0464633330703,0.0666921809316,0.120363391936,0.0190425608307,0.0425898507237,0.0453430563211,0.0797932446003,0.0522766336799,0.0351075418293,0.0332443863153,0.0325774364173,0.023013792932,0.0131246363744,0.0271261576563,0.0100669646636,0.00644179945812,0.00640655867755,0.00735568068922,0.00202404102311,0.000836212595459,0.000815319595858,0.000159865652677,0.000661788624711,0.0179634355009],"mean":[0.0218281298876,0.0675057992339,0.00641751755029,0.00148530479055,0.00162163015921,0.00144219119102,0.000677676638588,0.000824980903417,0.00114970956929,0.00199914164841,0.00102497159969,0.000951678666752,0.00064850540366,0.000539677857887,0.000572764954995,0.000372446287656,0.000284091278445,0.000224944640649,0.000217616485315,0.000258846266661,0.000127906867419,0.0000502023503941,0.0000348743524228,0.0000237527074205,0.00000479007076137,0.000023544051146,0.000618295976892],"median":[0.0103460187092,0.0460037663579,0.003609882202,0.000614462071098,0.000711931148544,0.000526505929884,0.000287799397483,0.000309189606924,0.000357105192961,0.00055169739062,0.000360808480764,0.000368749548215,0.000258850050159,0.00016800960293,0.000101914352854,0.0000617721816525,0.0000567067108932,0.0000760626426199,0.0000798108521849,0.0000717687798897,0.000029345650546,0.0000119081714729,0.00000645139789412,0.00000358149122803,0.0000014914521671,0.00000468357484351,0.000317595084198],"min":[1.74830046273e-11,7.4899975111e-11,2.6582945914e-12,2.3468154503e-12,5.86855911089e-12,2.15750009004e-12,4.10998969233e-12,2.24241198526e-12,1.39992975979e-12,1.41127214082e-12,1.21948729326e-12,2.26090153543e-12,1.12949536876e-12,1.67786737195e-12,1.13489144297e-12,1.06813581417e-12,1.12012623569e-12,1.12553954872e-12,8.76852789596e-13,4.11866911019e-13,6.45407176054e-13,6.47365299387e-13,7.01374613769e-13,5.50961132186e-13,4.75078852126e-13,5.44913940359e-13,1.40832029198e-12],"var":[0.00130074634217,0.00641914643347,0.0000725584177417,0.00000632032924841,0.00000958521468419,0.0000158110869961,0.00000117348497497,0.00000346504202753,0.00000669638347972,0.000021928559363,0.00000498661029269,0.00000303894921672,0.00000139139785915,0.00000114363456305,0.00000157363490416,6.28563554983e-7,4.62076087615e-7,1.86973835525e-7,1.43698713373e-7,2.35594029618e-7,1.3169655233e-7,9.48421963187e-9,5.26242827092e-9,3.34389738121e-9,8.17625342431e-11,2.6683011356e-9,7.89353919117e-7]},"barkbands_crest":{"dmean":3.31983804703,"dmean2":5.36699533463,"dvar":7.73618221283,"dvar2":20.7150115967,"max":26.961971283,"mean":15.7727146149,"median":16.0715961456,"min":2.77928090096,"var":22.1483840942},"barkbands_flatness_db":{"dmean":0.0410391464829,"dmean2":0.0640144571662,"dvar":0.00127050909214,"dvar2":0.00297858472914,"max":0.696516871452,"mean":0.214839249849,"median":0.203877151012,"min":0.0216031260788,"var":0.0064148674719},"barkbands_kurtosis":{"dmean":30.2168769836,"dmean2":49.5394859314,"dvar":40265.7539062,"dvar2":104906.804688,"max":20040.2753906,"mean":143.109741211,"median":15.0005693436,"min":-1.87399029732,"var":1714816.25},"barkbands_skewness":{"dmean":1.32394266129,"dmean2":2.09735536575,"dvar":2.46875929832,"dvar2":6.32375574112,"max":133.35484314,"mean":4.7918753624,"median":3.56862306595,"min":-2.96520829201,"var":96.6358947754},"barkbands_spread":{"dmean":6.57050991058,"dmean2":10.4698534012,"dvar":67.0304260254,"dvar2":155.82749939,"max":124.928985596,"mean":15.8501577377,"median":11.2111988068,"min":0.0253380909562,"var":246.170913696},"dissonance":{"dmean":0.0225836653262,"dmean2":0.0382978320122,"dvar":0.000692562025506,"dvar2":0.00192266423255,"max":0.500000178814,"mean":0.465900808573,"median":0.476273536682,"min":0.114426605403,"var":0.0011556239333},"dynamic_complexity":4.25495910645,"erbbands":{"dmean":[2.10414791107,7.7118730545,8.27330112457,4.58997869492,3.14320373535,4.16035556793,6.23190927505,7.9224524498,7.08170700073,6.88225793839,13.9826307297,18.2065887451,22.9422836304,51.0046005249,23.7913551331,25.999256134,19.2226581573,17.7864227295,22.58253479,19.9263401031,17.4050292969,12.1789216995,8.32791137695,7.49571990967,5.65304040909,7.03667974472,4.05395460129,2.53161358833,1.47300708294,1.0577660799,0.924481272697,0.80268651247,0.225192204118,0.0660751014948,0.0355509594083,0.0348467826843,0.0591198578477,0.0271338354796,0.020576486364,0.00591188576072],"dmean2":[3.41159009933,12.4277420044,13.8222665787,7.70005273819,5.22799968719,6.67223167419,9.95898246765,12.0541391373,10.836722374,11.0185480118,22.3447570801,28.7295436859,36.8407440186,82.643661499,37.9376487732,42.6478042603,30.9285125732,29.1689758301,37.2613601685,33.3473510742,28.9474182129,19.5711898804,13.2557697296,11.9159154892,8.54200649261,10.6946077347,5.95569705963,3.7145690918,2.18745326996,1.60304832458,1.40151071548,1.22364330292,0.35900631547,0.110430255532,0.0600576847792,0.0563552826643,0.089230760932,0.0399644374847,0.0294810160995,0.00845758151263],"dvar":[14.5984840393,135.715240479,160.091140747,58.4717636108,26.8605041504,102.785751343,211.215805054,492.135253906,163.947555542,214.940963745,1288.31530762,2100.1809082,3017.84912109,17025.7148438,2912.47436523,3040.77099609,1492.15563965,1161.35803223,2922.50292969,1831.57128906,1579.09094238,1294.90856934,451.826416016,325.686706543,139.653289795,222.330383301,98.8625488281,39.6038475037,8.10913562775,4.54889249802,3.92120265961,3.52979040146,0.25580355525,0.0127233490348,0.00398067198694,0.00458004511893,0.0184860564768,0.0030946501065,0.00131111068185,0.0000956722797127],"dvar2":[37.1108932495,329.173156738,428.554321289,156.698318481,70.4741821289,246.173477173,473.495025635,1004.78051758,359.197723389,507.401641846,3272.4309082,5006.67871094,7244.67871094,43873.3046875,7007.43994141,7832.97460938,3727.22998047,3019.91430664,7910.1171875,4871.12548828,4195.44433594,3575.91186523,1215.63439941,872.409179688,311.074523926,491.306762695,202.816390991,80.4276733398,17.9986038208,10.4499568939,8.9901714325,8.18942546844,0.588564753532,0.0309689473361,0.0099984286353,0.010591709055,0.0423993840814,0.00709492806345,0.00271565909497,0.000221410300583],"max":[48.706401825,135.023620605,166.357376099,105.616821289,135.367202759,350.768768311,512.436523438,1119.8026123,282.049926758,544.676147461,1062.62060547,1314.4239502,1347.8190918,2887.0168457,2073.66430664,1801.35095215,1139.1048584,837.018310547,1520.11450195,1069.84228516,726.467895508,1418.90112305,628.934631348,398.007232666,399.684356689,339.971984863,331.940429688,209.633605957,76.470161438,32.691783905,26.7056541443,26.5739269257,6.90356874466,1.81685042381,1.1171400547,0.940864741802,1.78346848488,0.858698248863,1.09386444092,0.258268356323],"mean":[3.03767848015,10.680981636,10.775935173,5.8622918129,4.02036857605,5.8627076149,8.95336341858,12.3706378937,11.0421981812,10.6312255859,20.806432724,27.693315506,34.7723426819,75.535484314,40.7163848877,44.9936561584,31.6756839752,27.6479415894,32.7979927063,23.8021011353,19.9866542816,15.549454689,12.1080636978,11.7035131454,11.254486084,12.995390892,7.0766119957,3.87694454193,1.95706415176,1.22936367989,0.98987698555,0.772514343262,0.208247512579,0.0629297941923,0.0334923118353,0.0335538499057,0.0586153380573,0.0357345119119,0.0464580357075,0.0157679524273],"median":[2.01568937302,6.51805496216,6.3023223877,2.97368240356,2.08522605896,2.24744987488,3.08069086075,4.36524820328,4.32433080673,4.6929063797,7.74680709839,9.16530418396,12.9907970428,20.3507041931,15.8017940521,17.9256019592,14.7169208527,10.2328014374,6.87715816498,4.72476673126,3.59122991562,3.23949766159,3.95972466469,4.73793983459,3.64985561371,3.45553088188,2.06120252609,0.800439476967,0.462311446667,0.274890899658,0.17840591073,0.103793792427,0.0399930253625,0.0196800939739,0.0110518066213,0.00887656584382,0.00966260395944,0.0100217591971,0.0213431380689,0.00930103939027],"min":[1.59135904454e-9,1.45314569266e-8,3.89281744617e-8,7.38592760285e-8,9.41522841913e-8,8.09674460811e-8,5.16728348998e-8,4.73247361299e-8,7.90146970076e-8,8.65686473617e-8,7.33450988832e-8,4.59894167193e-8,8.08861528867e-8,7.65668985991e-8,4.76925130499e-8,9.55446139983e-8,5.54909505013e-8,9.10112945007e-8,4.97947993949e-8,6.11082029423e-8,6.37302122186e-8,6.71448603384e-8,6.72898465837e-8,5.29452712783e-8,3.4556460804e-8,1.80036003883e-8,2.90749877507e-8,2.19178453165e-8,1.9456342315e-8,3.00016260724e-8,1.71078564648e-8,1.24506245314e-8,7.77276998321e-9,5.16099518677e-9,3.33490568494e-9,1.83884307781e-9,1.17475007499e-9,5.01916952445e-10,1.13084555609e-10,3.83098448797e-11],"var":[16.4093971252,181.381759644,187.186737061,70.2446670532,34.268409729,184.579971313,459.105743408,1341.87268066,361.883728027,462.375183105,2138.55712891,4044.58886719,5095.18212891,31871.3691406,6451.60595703,6796.90771484,2822.24804688,2059.38623047,5421.55371094,2196.60717773,1780.39343262,1336.97558594,533.859069824,400.990203857,454.457183838,604.366027832,313.754119873,119.045150757,14.5906934738,5.71936511993,4.36255788803,3.56217861176,0.257344335318,0.0133645925671,0.00396116450429,0.00483617046848,0.0191616471857,0.00425145635381,0.00619332771748,0.000350780697772]},"erbbands_crest":{"dmean":3.2424082756,"dmean2":5.27444934845,"dvar":9.22083568573,"dvar2":22.4673938751,"max":32.280166626,"mean":9.97173309326,"median":8.46866798401,"min":2.41160941124,"var":28.6259441376},"erbbands_flatness_db":{"dmean":0.0290624182671,"dmean2":0.0450618900359,"dvar":0.000686497660354,"dvar2":0.00164096965455,"max":0.418697953224,"mean":0.146597862244,"median":0.138510212302,"min":0.0380152724683,"var":0.00257231574506},"erbbands_kurtosis":{"dmean":1.42420136929,"dmean2":2.28578400612,"dvar":6.12971353531,"dvar2":16.5121479034,"max":79.7317581177,"mean":1.29539752007,"median":0.371185660362,"min":-1.82415390015,"var":11.5361175537},"erbbands_skewness":{"dmean":0.440093398094,"dmean2":0.692552149296,"dvar":0.172696456313,"dvar2":0.423011809587,"max":4.85770845413,"mean":-0.184081941843,"median":-0.152030363679,"min":-5.27671575546,"var":0.709872961044},"erbbands_spread":{"dmean":8.95066738129,"dmean2":13.9715995789,"dvar":67.7940750122,"dvar2":165.076065063,"max":175.44670105,"mean":34.6672592163,"median":31.6202774048,"min":0.798900783062,"var":407.412384033},"gfcc":{"cov":[[16338.6523438,1109.08666992,-1214.6517334,-361.306732178,94.2261810303,-73.7606658936,259.644622803,-1.53668749332,-49.0930023193,-60.8398933411,29.8492622375,-165.667190552,-91.0918121338],[1109.08666992,1802.53356934,223.867828369,-579.816955566,-19.4318790436,54.1255683899,45.9823493958,120.707862854,-128.686706543,-18.5110969543,170.935623169,-101.246177673,114.364517212],[-1214.6517334,223.867828369,538.821411133,65.556892395,-157.804229736,159.765716553,-121.497421265,147.893463135,-91.0825805664,40.6438102722,24.8130893707,9.84846973419,19.0097694397],[-361.306732178,-579.816955566,65.556892395,449.576568604,90.8956832886,-61.6059875488,22.8136100769,-26.52526474,48.1009483337,0.313503801823,-53.4079475403,35.3851661682,-69.5778198242],[94.2261810303,-19.4318790436,-157.804229736,90.8956832886,279.582977295,-39.7259941101,98.5164337158,-58.2125663757,61.7897987366,-25.8793792725,17.8983135223,-11.7993011475,2.02485346794],[-73.7606658936,54.1255683899,159.765716553,-61.6059875488,-39.7259941101,346.062530518,-109.544319153,87.5534439087,-8.1348361969,13.3010911942,-40.2696990967,59.5015525818,20.2507667542],[259.644622803,45.9823493958,-121.497421265,22.8136100769,98.5164337158,-109.544319153,301.230041504,-32.6720466614,-11.6796264648,-30.4741210938,61.6645431519,-15.5896263123,4.79628276825],[-1.53668749332,120.707862854,147.893463135,-26.52526474,-58.2125663757,87.5534439087,-32.6720466614,173.134963989,-23.3118972778,9.45512485504,16.0107421875,-13.7310714722,14.8615217209],[-49.0930023193,-128.686706543,-91.0825805664,48.1009483337,61.7897987366,-8.1348361969,-11.6796264648,-23.3118972778,165.257949829,16.9931564331,-52.2503967285,20.6280155182,-36.2960929871],[-60.8398933411,-18.5110969543,40.6438102722,0.313503801823,-25.8793792725,13.3010911942,-30.4741210938,9.45512485504,16.9931564331,88.0913696289,34.7955055237,-15.1511468887,0.0897753611207],[29.8492622375,170.935623169,24.8130893707,-53.4079475403,17.8983135223,-40.2696990967,61.6645431519,16.0107421875,-52.2503967285,34.7955055237,127.745185852,-1.90895116329,18.9985122681],[-165.667190552,-101.246177673,9.84846973419,35.3851661682,-11.7993011475,59.5015525818,-15.5896263123,-13.7310714722,20.6280155182,-15.1511468887,-1.90895116329,102.726455688,10.8696889877],[-91.0918121338,114.364517212,19.0097694397,-69.5778198242,2.02485346794,20.2507667542,4.79628276825,14.8615217209,-36.2960929871,0.0897753611207,18.9985122681,10.8696889877,83.1419677734]],"icov":[[0.000136195711093,-0.000368268258171,0.000929093686864,-0.000728177255951,0.000541172514204,-0.000388557295082,0.000065815031121,-0.000198911788175,0.000175524444785,-0.0000883301254362,-0.000133220630232,0.000235818981309,0.0000235265342781],[-0.000368268258171,0.00274183996953,-0.0043638269417,0.00488469190896,-0.00299807148986,0.0017295605503,-0.000475396198453,0.000410176435253,-0.000634681782685,0.0011076524388,-0.000160900512128,-0.000264196598437,0.000309457042022],[0.000929093686864,-0.0043638269417,0.0125649757683,-0.0106422770768,0.00820581242442,-0.00566372834146,0.00185715162661,-0.00232405751012,0.00107165437657,0.000159285220434,-0.00400024838746,0.00383984763175,-0.00239072693512],[-0.000728177255951,0.00488469190896,-0.0106422770768,0.0152687812224,-0.0110750319436,0.00749003980309,-0.00213934807107,-0.00126848428044,0.003461020533,-0.00528961839154,0.00885428208858,-0.00876895617694,0.00712951738387],[0.000541172514204,-0.00299807148986,0.00820581242442,-0.0110750319436,0.0145336957648,-0.00741873122752,0.000790041987784,0.00327690783888,-0.00741301197559,0.00927284359932,-0.011772127822,0.0109108770266,-0.00758848153055],[-0.000388557295082,0.0017295605503,-0.00566372834146,0.00749003980309,-0.00741873122752,0.00939732324332,-0.000463465141365,-0.00362063921057,0.00468489341438,-0.0071829832159,0.0097442176193,-0.0101007567719,0.00447086663917],[0.000065815031121,-0.000475396198453,0.00185715162661,-0.00213934807107,0.000790041987784,-0.000463465141365,0.00525648752227,0.000300057698041,-0.00102613389026,0.0035847031977,-0.00461593922228,0.00219442835078,-0.00143609638326],[-0.000198911788175,0.000410176435253,-0.00232405751012,-0.00126848428044,0.00327690783888,-0.00362063921057,0.000300057698041,0.0107643818483,-0.00505813024938,0.00633136508986,-0.00676604174078,0.00695128785446,-0.00402935640886],[0.000175524444785,-0.000634681782685,0.00107165437657,0.003461020533,-0.00741301197559,0.00468489341438,-0.00102613389026,-0.00505813024938,0.017356030643,-0.0147143928334,0.0152064803988,-0.0124080581591,0.00945961847901],[-0.0000883301254362,0.0011076524388,0.000159285220434,-0.00528961839154,0.00927284359932,-0.0071829832159,0.0035847031977,0.00633136508986,-0.0147143928334,0.030553765595,-0.0224589370191,0.0174209941179,-0.00950043555349],[-0.000133220630232,-0.000160900512128,-0.00400024838746,0.00885428208858,-0.011772127822,0.0097442176193,-0.00461593922228,-0.00676604174078,0.0152064803988,-0.0224589370191,0.0309554878622,-0.0184679329395,0.00979238282889],[0.000235818981309,-0.000264196598437,0.00383984763175,-0.00876895617694,0.0109108770266,-0.0101007567719,0.00219442835078,0.00695128785446,-0.0124080581591,0.0174209941179,-0.0184679329395,0.0268064904958,-0.0114893028513],[0.0000235265342781,0.000309457042022,-0.00239072693512,0.00712951738387,-0.00758848153055,0.00447086663917,-0.00143609638326,-0.00402935640886,0.00945961847901,-0.00950043555349,0.00979238282889,-0.0114893028513,0.0214440133423]],"mean":[-16.5048542023,100.814735413,-80.3145980835,9.90353870392,-4.43866634369,1.39543521404,14.9620866776,-4.44584417343,-0.265205204487,-3.86125826836,2.37861418724,-0.980777680874,-3.2054746151]},"hfc":{"dmean":33.6125679016,"dmean2":47.8217697144,"dvar":2483.97875977,"dvar2":4814.17578125,"max":812.034667969,"mean":92.4149169922,"median":62.5307159424,"min":5.8791772517e-7,"var":9019.77539062},"melbands":{"dmean":[0.0156141854823,0.00612674094737,0.000736818648875,0.000239877845161,0.000214553772821,0.000178058078745,0.000101208555861,0.000082088423369,0.000115007118438,0.000119375006761,0.000117977513582,0.000217455482925,0.0000860986547195,0.0000657927594148,0.0000500296991959,0.0000426208061981,0.0000342872481269,0.0000380681412935,0.0000305577596009,0.0000270633954642,0.0000192462812265,0.0000139230533023,0.00000918168552744,0.00000720783737052,0.00000636820414002,0.0000045152983148,0.00000451396226708,0.00000514566590937,0.00000285943633571,0.00000195693178284,0.00000134881884151,8.91557306204e-7,6.67877031901e-7,5.6310977925e-7,4.9170711236e-7,6.80652647134e-7,3.90821099927e-7,1.72599897041e-7,8.52881498759e-8,4.68289265143e-8],"dmean2":[0.0249160602689,0.00993293058127,0.00122615508735,0.000388208747609,0.00034132017754,0.000268821429927,0.000156202266226,0.00013104948448,0.000183222917258,0.000189138940186,0.000190462451428,0.000353228504537,0.00013777212007,0.00010815972928,0.0000811093850643,0.0000690422748448,0.0000569838957745,0.0000631109578535,0.0000505917087139,0.0000464936892968,0.0000318711317959,0.0000226769461733,0.0000149744464579,0.0000116475630421,0.0000102612593764,0.00000697093082636,0.00000701970611772,0.00000792004993855,0.00000432605747847,0.0000029105244721,0.00000203415856959,0.00000134780850658,0.00000101600642211,8.6475262151e-7,7.50345634515e-7,0.00000104998059669,5.97531141011e-7,2.79040278883e-7,1.41256890629e-7,7.92569281316e-8],"dvar":[0.000690633140039,0.0000848227791721,0.0000014313502561,2.31654681215e-7,2.36975282064e-7,2.14385195818e-7,3.20101207762e-8,3.29939737753e-8,8.9441066109e-8,8.91699301064e-8,8.0885094178e-8,3.18985058811e-7,4.30694235831e-8,1.88121482836e-8,7.34236627054e-9,9.97506255374e-9,4.45061454357e-9,8.90215368088e-9,5.31759347666e-9,3.78062736672e-9,2.08507722199e-9,1.73176095686e-9,7.16055825745e-10,3.52634310641e-10,2.35278935223e-10,1.00839364636e-10,9.24250745382e-11,1.30614116745e-10,5.33783052481e-11,2.78339122584e-11,1.19622428282e-11,3.21059520116e-12,1.73831316095e-12,1.37415903309e-12,1.06064213402e-12,2.63548276085e-12,8.36164904677e-13,1.67249352388e-13,3.00971541526e-14,6.88653498579e-15],"dvar2":[0.00169449660461,0.000210774654988,0.00000379460834665,5.61761112294e-7,5.34814546427e-7,4.32840863596e-7,7.15682233476e-8,7.87110678857e-8,2.18580538558e-7,2.13987974007e-7,1.94821453192e-7,8.25740357868e-7,1.01837208888e-7,4.89671982962e-8,1.83917379104e-8,2.45537616905e-8,1.16848033471e-8,2.4392127429e-8,1.37551339208e-8,1.03319610645e-8,5.56047963229e-9,4.80215822662e-9,1.96879224035e-9,9.65743596204e-10,6.32595142935e-10,2.34034625013e-10,2.2195204008e-10,2.97043195596e-10,1.16555265439e-10,5.48991616056e-11,2.65655136777e-11,7.3025569966e-12,3.97826953671e-12,3.22044431053e-12,2.44342458593e-12,6.22421558738e-12,1.93037621478e-12,3.92824417743e-13,7.17905281663e-14,1.72959452207e-14],"max":[0.33178588748,0.102499447763,0.0171394404024,0.0183189418167,0.014996740967,0.024201977998,0.00369152775966,0.00589375244454,0.00775291351601,0.00881982408464,0.00690770288929,0.0128393052146,0.00812645629048,0.00325326155871,0.00272338837385,0.00430054077879,0.00163856102154,0.00330107426271,0.0025034127757,0.000835766841192,0.000972348731011,0.00158639636356,0.00103487272281,0.000436956441263,0.000340778700775,0.00032144744182,0.000289591640467,0.000233252620092,0.00018964271294,0.000228371209232,0.000136185946758,0.0000583932087466,0.0000236507876252,0.0000164033845067,0.0000129459795062,0.0000215415893763,0.0000130897014969,0.0000058577670643,0.00000299441671814,0.00000146857121308],"mean":[0.023575829342,0.00870605092496,0.000973742513452,0.000338798621669,0.000316128891427,0.000284539302811,0.000156670605065,0.000125282109366,0.000169373961398,0.000175517663592,0.000171928826603,0.000312973657856,0.000136298986035,0.000114941933134,0.0000854465615703,0.000064650834247,0.0000491468199471,0.0000532433186891,0.0000393693408114,0.000027967218557,0.0000220675628952,0.0000169257764355,0.0000121292259792,0.0000101937412182,0.00000934272338782,0.00000834009642858,0.00000797822576715,0.0000089469122031,0.00000478175070384,0.0000029930022265,0.0000019339188384,0.00000114830038456,8.04989269909e-7,6.2259346123e-7,5.32975150236e-7,6.61801323076e-7,3.6934795844e-7,1.53232122102e-7,7.74367165945e-8,4.3413105999e-8],"median":[0.0162819232792,0.00541298650205,0.000517139502335,0.000159976276336,0.000112237481517,0.000101563047792,0.000063710307586,0.0000548628449906,0.0000604816050327,0.0000536350999027,0.0000602843283559,0.0000790155754657,0.0000493721599923,0.0000439964642283,0.0000413600791944,0.000024514276447,0.0000168352908076,0.0000106088336906,0.00000712014889359,0.00000471885505249,0.0000037702757254,0.00000316401292366,0.00000325160954162,0.00000361446382158,0.0000036117558011,0.0000025354945592,0.00000238808161157,0.00000215374461732,0.00000129433715301,5.6717942698e-7,3.67856443972e-7,2.59578598616e-7,1.89195986877e-7,1.29041694663e-7,1.04358605313e-7,8.35264728494e-8,5.03715398281e-8,2.52264804601e-8,1.86100539423e-8,1.34906485982e-8],"min":[2.06967724209e-11,5.22181776985e-12,1.97318485336e-12,1.47225233307e-12,1.07913038314e-12,3.13885094132e-13,9.14225834793e-13,6.16253088056e-13,3.97782718223e-13,2.23818115734e-13,2.75741940132e-13,2.09110967474e-13,1.51641069493e-13,2.31864657682e-13,2.05339895478e-13,1.09854108503e-13,1.78726892769e-13,7.31357994456e-14,9.76479571572e-14,6.52255281578e-14,7.39517700007e-14,6.52793587957e-14,6.07107205762e-14,6.2393585307e-14,4.15242520273e-14,2.77463412624e-14,1.97467029165e-14,9.65083505597e-15,1.67029391484e-14,1.77398514715e-14,1.11621629095e-14,9.8107752052e-15,1.44268464227e-14,1.78471400527e-14,1.17267603438e-14,6.26546628842e-15,7.57229751857e-15,5.40921423457e-15,4.8480930235e-15,4.21668459494e-15],"var":[0.000847175600938,0.000115529372124,0.00000175093828148,4.35034564816e-7,4.98473582411e-7,6.25733434845e-7,6.77562610463e-8,7.08727370125e-8,1.54152218101e-7,1.67161047671e-7,1.34684725595e-7,5.86612941333e-7,9.12565027988e-8,4.38468958919e-8,1.54386601281e-8,1.68654015198e-8,7.186934603e-9,1.58509951831e-8,7.54006990178e-9,3.50523099435e-9,2.34868502424e-9,1.714617337e-9,7.39764693947e-10,3.70602243338e-10,2.75562295204e-10,2.74845729509e-10,2.40568537313e-10,3.1369362663e-10,1.49004517058e-10,8.88257037368e-11,2.92490649756e-11,5.47867090236e-12,2.3828547642e-12,1.59520595518e-12,1.20398255168e-12,2.59087694875e-12,8.4684131452e-13,1.59950787966e-13,2.95867863087e-14,6.82656378257e-15]},"melbands_crest":{"dmean":4.36955833435,"dmean2":7.17804193497,"dvar":14.6623430252,"dvar2":38.8475990295,"max":39.9964256287,"mean":24.2629337311,"median":24.6078147888,"min":3.1327278614,"var":47.5394210815},"melbands_flatness_db":{"dmean":0.0483551695943,"dmean2":0.0757080242038,"dvar":0.00169119611382,"dvar2":0.00399855105206,"max":0.688951432705,"mean":0.332115799189,"median":0.325148046017,"min":0.0504513420165,"var":0.00765326293185},"melbands_kurtosis":{"dmean":68.9731750488,"dmean2":117.359916687,"dvar":454980.1875,"dvar2":1316301.875,"max":41767.625,"mean":214.013442993,"median":26.7398109436,"min":-1.94124436378,"var":4524100.5},"melbands_skewness":{"dmean":1.74794745445,"dmean2":2.81590008736,"dvar":7.41303682327,"dvar2":19.9358463287,"max":194.881195068,"mean":6.04325437546,"median":4.71105194092,"min":-2.94657206535,"var":141.186050415},"melbands_spread":{"dmean":5.41482496262,"dmean2":8.88695716858,"dvar":67.6649017334,"dvar2":166.001525879,"max":240.00642395,"mean":11.4563150406,"median":6.79140996933,"min":0.0220813453197,"var":260.666564941},"mfcc":{"cov":[[11787.1396484,1302.97473145,-964.91229248,234.242767334,-273.209777832,159.236160278,-48.1260643005,140.129806519,-179.911590576,338.032745361,-167.772613525,-7.15804052353,-153.678604126],[1302.97473145,2091.48999023,47.1078491211,-352.627838135,-68.9581604004,-162.916946411,266.828887939,-24.9914493561,-69.8183288574,-31.6352043152,77.0744400024,-55.1037788391,28.6366672516],[-964.91229248,47.1078491211,709.482543945,-178.016311646,76.3119735718,-90.1101455688,49.5766983032,-9.60379505157,9.59932327271,-54.8899269104,21.7935504913,13.5694684982,13.452507019],[234.242767334,-352.627838135,-178.016311646,497.230926514,-48.0649375916,22.5489711761,13.1839618683,18.4735946655,-48.5368499756,85.5766143799,-35.6241111755,-0.747998356819,24.2537307739],[-273.209777832,-68.9581604004,76.3119735718,-48.0649375916,254.749526978,40.4689559937,-58.9296073914,13.0315093994,49.491027832,-24.6517066956,17.1447200775,29.8251190186,-8.54305934906],[159.236160278,-162.916946411,-90.1101455688,22.5489711761,40.4689559937,215.422149658,-54.5950202942,45.0553627014,37.2863807678,-5.90763187408,-20.7403316498,33.3183784485,-24.4775810242],[-48.1260643005,266.828887939,49.5766983032,13.1839618683,-58.9296073914,-54.5950202942,269.228302002,15.1915254593,-51.6709632874,10.5909852982,-6.15391683578,-34.9452323914,62.4160270691],[140.129806519,-24.9914493561,-9.60379505157,18.4735946655,13.0315093994,45.0553627014,15.1915254593,152.116531372,35.5522727966,-0.484374642372,-30.0581359863,25.2715320587,7.29525852203],[-179.911590576,-69.8183288574,9.59932327271,-48.5368499756,49.491027832,37.2863807678,-51.6709632874,35.5522727966,125.692405701,-11.8426895142,10.8828210831,6.7575211525,-32.4529151917],[338.032745361,-31.6352043152,-54.8899269104,85.5766143799,-24.6517066956,-5.90763187408,10.5909852982,-0.484374642372,-11.8426895142,129.064498901,13.6263332367,-4.64614295959,2.88444304466],[-167.772613525,77.0744400024,21.7935504913,-35.6241111755,17.1447200775,-20.7403316498,-6.15391683578,-30.0581359863,10.8828210831,13.6263332367,91.0456695557,14.435839653,-2.78788471222],[-7.15804052353,-55.1037788391,13.5694684982,-0.747998356819,29.8251190186,33.3183784485,-34.9452323914,25.2715320587,6.7575211525,-4.64614295959,14.435839653,83.2620697021,16.6977787018],[-153.678604126,28.6366672516,13.452507019,24.2537307739,-8.54305934906,-24.4775810242,62.4160270691,7.29525852203,-32.4529151917,2.88444304466,-2.78788471222,16.6977787018,91.7301940918]],"icov":[[0.000134210597025,-0.000123672420159,0.000126479149912,-0.0000080424697444,0.0000401868164772,-0.0000530065517523,0.0000957638185355,-0.000100765595562,0.000203194053029,-0.000355512456736,0.000337172008585,-0.000169070262928,0.00030357518699],[-0.000123672420159,0.00082339567598,0.0000691036693752,0.000568804331124,-0.0000311052644975,0.000371267087758,-0.000764521828387,-0.00009721598326,0.000199946109205,0.000366769672837,-0.000831086712424,0.000250146753388,-0.0000122500914586],[0.000126479149912,0.0000691036693752,0.00192709884141,0.000619617581833,-0.000511800928507,0.000850280281156,-0.000538499793038,-0.000106772211439,0.000225602285354,0.0000307723821606,0.000281295215245,-0.00077329663327,0.000526168558281],[-0.0000080424697444,0.000568804331124,0.000619617581833,0.00308056757785,0.0000453177453892,0.000130517670186,-0.000440587667981,-0.000354441668605,0.00104805582669,-0.00152507214807,0.000537174928468,-0.0000494276464451,-0.000285331683699],[0.0000401868164772,-0.0000311052644975,-0.000511800928507,0.0000453177453892,0.00480994675308,-0.000750651117414,0.000791413651314,-0.000042963965825,-0.00123648811132,0.00039654871216,-0.000615134777036,-0.000682971382048,-0.000491612649057],[-0.0000530065517523,0.000371267087758,0.000850280281156,0.000130517670186,-0.000750651117414,0.00642532622442,-0.00020456610946,-0.000903810141608,-0.000832002901006,0.000337485369528,0.00122038088739,-0.0024709564168,0.00167372298893],[0.0000957638185355,-0.000764521828387,-0.000538499793038,-0.000440587667981,0.000791413651314,-0.00020456610946,0.0063438960351,-0.00149945460726,0.00120801874436,-0.000433255714597,-0.000175782202859,0.00315690366551,-0.00372263137251],[-0.000100765595562,-0.00009721598326,-0.000106772211439,-0.000354441668605,-0.000042963965825,-0.000903810141608,-0.00149945460726,0.00920652225614,-0.0035450514406,-0.000265608192421,0.00350027787499,-0.00333538814448,-0.000518498418387],[0.000203194053029,0.000199946109205,0.000225602285354,0.00104805582669,-0.00123648811132,-0.000832002901006,0.00120801874436,-0.0035450514406,0.0118374861777,-0.000195917280507,-0.00197643274441,0.00125130172819,0.00299685564823],[-0.000355512456736,0.000366769672837,0.0000307723821606,-0.00152507214807,0.00039654871216,0.000337485369528,-0.000433255714597,-0.000265608192421,-0.000195917280507,0.010312480852,-0.00339772040024,0.00110933894757,-0.000567255367059],[0.000337172008585,-0.000831086712424,0.000281295215245,0.000537174928468,-0.000615134777036,0.00122038088739,-0.000175782202859,0.00350027787499,-0.00197643274441,-0.00339772040024,0.015574356541,-0.00500505138189,0.00154265854508],[-0.000169070262928,0.000250146753388,-0.00077329663327,-0.0000494276464451,-0.000682971382048,-0.0024709564168,0.00315690366551,-0.00333538814448,0.00125130172819,0.00110933894757,-0.00500505138189,0.0178559552878,-0.00583527144045],[0.00030357518699,-0.0000122500914586,0.000526168558281,-0.000285331683699,-0.000491612649057,0.00167372298893,-0.00372263137251,-0.000518498418387,0.00299685564823,-0.000567255367059,0.00154265854508,-0.00583527144045,0.0165744647384]],"mean":[-680.423095703,159.544296265,-7.72650194168,33.2252922058,4.5441608429,23.4895973206,18.8606910706,17.9169445038,5.76307868958,13.049290657,3.35529971123,7.73928403854,5.15730762482]},"pitch_salience":{"dmean":0.0962092503905,"dmean2":0.157546103001,"dvar":0.0068853800185,"dvar2":0.0184808503836,"max":0.836706638336,"mean":0.357782721519,"median":0.351890683174,"min":0.00134832574986,"var":0.0184095893055},"silence_rate_20dB":{"dmean":0.0577668175101,"dmean2":0.115541778505,"dvar":0.0544342435896,"dvar2":0.125567823648,"max":1,"mean":0.949915468693,"median":1,"min":0,"var":0.0475717224181},"silence_rate_30dB":{"dmean":0.160760834813,"dmean2":0.321544319391,"dvar":0.134929105639,"dvar2":0.260234862566,"max":1,"mean":0.577063977718,"median":1,"min":0,"var":0.244075462222},"silence_rate_60dB":{"dmean":0.00648115528747,"dmean2":0.0129632242024,"dvar":0.00643933331594,"dvar2":0.0132177155465,"max":1,"mean":0.0674133524299,"median":0,"min":0,"var":0.0628703981638},"spectral_centroid":{"dmean":258.189147949,"dmean2":393.527862549,"dvar":87603.15625,"dvar2":176941.421875,"max":5488.29101562,"mean":1199.92871094,"median":1020.97509766,"min":99.2573776245,"var":577454.5},"spectral_complexity":{"dmean":4.54596710205,"dmean2":6.23798799515,"dvar":27.1225833893,"dvar2":46.5406761169,"max":57,"mean":18.7205543518,"median":17,"min":0,"var":136.516525269},"spectral_contrast_coeffs":{"dmean":[0.0537809990346,0.0478992536664,0.040694411844,0.0316738374531,0.0272694472224,0.0442461036146],"dmean2":[0.0903377085924,0.0793415009975,0.0676058679819,0.0531706064939,0.0441949553788,0.0695669576526],"dvar":[0.00179845525417,0.00141908507794,0.00105672772042,0.00068935053423,0.000581009953748,0.00198647240177],"dvar2":[0.00491680717096,0.00379301304929,0.00287950085476,0.00187470670789,0.00148095795885,0.00446201022714],"max":[-0.375436574221,-0.418805778027,-0.486299306154,-0.573797166348,-0.625610947609,-0.400092869997],"mean":[-0.732912480831,-0.789642810822,-0.790030121803,-0.814047455788,-0.815240561962,-0.762309849262],"median":[-0.735294103622,-0.795640647411,-0.796474575996,-0.817912340164,-0.81285148859,-0.777365684509],"min":[-0.951265275478,-0.986041843891,-0.975315928459,-0.980002641678,-0.967528522015,-0.919135689735],"var":[0.00437902798876,0.0048167463392,0.00454166857526,0.00259070750326,0.0028538221959,0.00685265148059]},"spectral_contrast_valleys":{"dmean":[0.439115464687,0.436245441437,0.361100405455,0.429955303669,0.420358836651,0.7534070611],"dmean2":[0.707790613174,0.696832120419,0.559487700462,0.632703661919,0.607420682907,1.21259212494],"dvar":[0.134876474738,0.139702707529,0.102827824652,0.197444438934,0.209802165627,0.411077082157],"dvar2":[0.32520377636,0.335589587688,0.223869234324,0.416202038527,0.457896977663,1.05259048939],"max":[-4.5718960762,-4.81809091568,-4.93470525742,-5.2932677269,-5.41892814636,-8.53302669525],"mean":[-6.54830932617,-6.83250045776,-7.05097055435,-7.60086584091,-7.79216194153,-11.0358581543],"median":[-6.24049949646,-6.56492710114,-6.76356697083,-7.42069673538,-7.54119968414,-10.8377885818],"min":[-16.1017475128,-17.7439212799,-18.1296424866,-17.9484272003,-17.1512355804,-20.0443325043],"var":[1.90773129463,1.83457911015,2.00865316391,1.9312582016,1.69422364235,1.49449598789]},"spectral_decrease":{"dmean":1.59079167616e-8,"dmean2":2.47148079779e-8,"dvar":6.42125195281e-16,"dvar2":1.49563042716e-15,"max":1.23173776734e-10,"mean":-2.79098966161e-8,"median":-2.00685903451e-8,"min":-3.00182676938e-7,"var":9.00197923101e-16},"spectral_energy":{"dmean":0.0611676238477,"dmean2":0.0942693203688,"dvar":0.00936026964337,"dvar2":0.0215558316559,"max":1.14795815945,"mean":0.113720357418,"median":0.082888931036,"min":2.86775075908e-10,"var":0.0137536497787},"spectral_energyband_high":{"dmean":0.000386632571463,"dmean2":0.000546078197658,"dvar":3.8980843442e-7,"dvar2":7.82989275194e-7,"max":0.0121953357011,"mean":0.000791556958575,"median":0.000365833984688,"min":4.69562323052e-12,"var":0.00000136405162721},"spectral_energyband_low":{"dmean":0.056611135602,"dmean2":0.0888084694743,"dvar":0.0082833301276,"dvar2":0.0196461435407,"max":1.07870411873,"mean":0.0919991731644,"median":0.0645583868027,"min":1.5430665079e-10,"var":0.0111635364592},"spectral_energyband_middle_high":{"dmean":0.00316197099164,"dmean2":0.00487817451358,"dvar":0.0000243444574153,"dvar2":0.0000614732489339,"max":0.0937413275242,"mean":0.00679925410077,"median":0.00370433693752,"min":1.50131157506e-11,"var":0.0000709695741534},"spectral_energyband_middle_low":{"dmean":0.00366368354298,"dmean2":0.00565137155354,"dvar":0.0000265424278041,"dvar2":0.0000621291910647,"max":0.129260092974,"mean":0.00752297462896,"median":0.00486042536795,"min":6.05809291621e-11,"var":0.0000716043068678},"spectral_entropy":{"dmean":0.224873483181,"dmean2":0.341191589832,"dvar":0.0517128743231,"dvar2":0.11946516484,"max":8.84652519226,"mean":7.46172809601,"median":7.51521015167,"min":5.49597835541,"var":0.160770103335},"spectral_flux":{"dmean":0.0634073838592,"dmean2":0.103406742215,"dvar":0.0062790052034,"dvar2":0.0151571864262,"max":0.848591923714,"mean":0.159432098269,"median":0.129966497421,"min":0.0000263800739049,"var":0.0124854454771},"spectral_kurtosis":{"dmean":5.51173591614,"dmean2":8.81632900238,"dvar":64.1242141724,"dvar2":172.603637695,"max":120.084007263,"mean":15.8460302353,"median":13.5585803986,"min":1.19365739822,"var":95.6381530762},"spectral_rms":{"dmean":0.0024706129916,"dmean2":0.00369308050722,"dvar":0.00000862657361722,"dvar2":0.0000179207254405,"max":0.0334657914937,"mean":0.00932960025966,"median":0.00899262167513,"min":5.28942848632e-7,"var":0.0000239062883338},"spectral_rolloff":{"dmean":1113.67883301,"dmean2":2075.70703125,"dvar":12842123,"dvar2":34479052,"max":22006.9335938,"mean":1391.04663086,"median":172.265625,"min":21.533203125,"var":15155222},"spectral_skewness":{"dmean":0.429091691971,"dmean2":0.662305474281,"dvar":0.299105763435,"dvar2":0.761348724365,"max":8.36498260498,"mean":2.61129903793,"median":2.43888139725,"min":0.78989726305,"var":0.723544716835},"spectral_spread":{"dmean":637335.0625,"dmean2":1022443.9375,"dvar":345829638144,"dvar2":908588482560,"max":13962052,"mean":3948452.25,"median":3815054.5,"min":973335.5,"var":1134462107650},"spectral_strongpeak":{"dmean":0.434612959623,"dmean2":0.774835824966,"dvar":7.27661275864,"dvar2":21.3813800812,"max":92.7587280273,"mean":0.523907661438,"median":0.345447927713,"min":0,"var":4.06616592407},"zerocrossingrate":{"dmean":0.0270702168345,"dmean2":0.0357858128846,"dvar":0.000624669890385,"dvar2":0.00104692578316,"max":0.48779296875,"mean":0.112620130181,"median":0.1015625,"min":0,"var":0.00448380690068}},"metadata":{"audio_properties":{"analysis_sample_rate":44100,"bit_rate":192000,"codec":"mp3","downmix":"mix","equal_loudness":0,"length":329.58694458,"lossless":false,"md5_encoded":"7aac37f5ba8013721c292999b644f3c2","replay_gain":-0.226974487305,"sample_rate":44100},"tags":{"album":["Pornography"],"albumartist":["The Cure"],"albumartistsort":["Cure, The"],"artist":["The Cure"],"artistsort":["Cure, The"],"asin":["B0007XT8AS"],"composer":["Laurence Tolhurst","Robert Smith","Simon Gallup"],"date":["1982-05"],"file_name":"04 Siamese Twins.mp3","genre":["Progressive Rock"],"musicbrainz album release country":["GB"],"musicbrainz album status":["official"],"musicbrainz album type":["album"],"musicbrainz_albumartistid":["69ee3720-a7cb-4402-b48d-a02c366f2bcf"],"musicbrainz_albumid":["9c9bc257-f13f-4e28-a017-22c1b1189389"],"musicbrainz_artistid":["69ee3720-a7cb-4402-b48d-a02c366f2bcf"],"musicbrainz_recordingid":["0cbc288f-7526-4b4b-b307-85ca81d8e276"],"title":["Siamese Twins"],"tracknumber":["4/8"]},"version":{"essentia":"2.1-beta1","essentia_build_sha":"9f04d4dd351e2d05498f0c7e4880499648f24ac0","essentia_git_sha":"v2.1_beta1-34-gf95df8b","extractor":"music 1.0"}},"rhythm":{"beats_count":520,"beats_loudness":{"dmean":0.11707521975,"dmean2":0.20618326962,"dvar":0.0107940314338,"dvar2":0.0316020660102,"max":0.82537150383,"mean":0.219422906637,"median":0.205169573426,"min":0.0000134107158374,"var":0.0160646941513},"beats_loudness_band_ratio":{"dmean":[0.0939929038286,0.028252530843,0.0215520579368,0.0316197238863,0.0234139766544,0.0445204079151],"dmean2":[0.15840639174,0.0504435747862,0.0387443378568,0.0567876696587,0.0428348705173,0.0764986351132],"dvar":[0.00891762599349,0.00353755964898,0.000976332579739,0.00258242990822,0.00166584888939,0.00526062073186],"dvar2":[0.0213158074766,0.0111745977774,0.00268091564067,0.00662405183539,0.00450939172879,0.0149212712422],"max":[0.986133813858,0.814420104027,0.328891783953,0.614283800125,0.721274375916,0.812615573406],"mean":[0.83574