{"lowlevel":{"average_loudness":0.800087511539,"barkbands":{"dmean":[0.00037896077265,0.00644650775939,0.00214335485362,0.00106187665369,0.0010957417544,0.000757078872994,0.000427487364504,0.000318781094393,0.000447807600722,0.000617154641077,0.000312203366775,0.000305285211653,0.000326881941874,0.00034618168138,0.000318461621646,0.000312806281727,0.000293172168313,0.000338910060236,0.000242817914113,0.000189090627828,0.000133757130243,0.0000766306984588,0.0000909975133254,0.0000772029088694,0.0000389630258724,0.00000870761505212,3.63182834917e-7],"dmean2":[0.000553219637368,0.0106574278325,0.00384683022276,0.00176303845365,0.0018027840415,0.00122429779731,0.00067728938302,0.000502419716213,0.000678213895299,0.000860844331328,0.000495120766573,0.000481069670059,0.000511299062055,0.000552934536245,0.000505044590682,0.000492443039548,0.000457008223748,0.000531071680598,0.000371529778931,0.000295253994409,0.000202350958716,0.000102594436612,0.000128703119117,0.000106627085188,0.0000530650759174,0.0000115365510283,4.12836811847e-7],"dvar":[4.54082766055e-7,0.000144613193697,0.0000264462032646,0.00000517790249432,0.00000484499832965,0.00000237535300585,0.00000141212365179,5.91398986671e-7,0.0000014704453406,0.00000451293408332,0.00000110775249595,0.00000131948206672,0.00000137048868964,9.07873697997e-7,5.54071391434e-7,7.85056613495e-7,2.8664382512e-7,3.86103209848e-7,2.0038727655e-7,1.29407524696e-7,7.18476655948e-8,4.29959641224e-8,1.15190431416e-7,1.64635935107e-7,3.70305386355e-8,9.29415877593e-10,8.22059163363e-13],"dvar2":[9.35251705414e-7,0.000352762377588,0.000075534262578,0.0000133535040732,0.0000124591933854,0.00000586384931012,0.00000332827903549,0.00000151852282215,0.00000321953984894,0.00000785919928603,0.00000262296703113,0.00000329498243445,0.00000326778649651,0.00000226369115808,0.00000140958513839,0.00000216828721022,6.83003634094e-7,9.17128829769e-7,4.87642466851e-7,3.14055540684e-7,1.72815546762e-7,8.38416553961e-8,2.51965417419e-7,4.05039713769e-7,9.15672657698e-8,1.88796533962e-9,1.30689621451e-12],"max":[0.00907453149557,0.140395969152,0.0461763814092,0.0352441109717,0.0561979487538,0.0486941225827,0.0332828648388,0.014737050049,0.0400669425726,0.0871051698923,0.0415292754769,0.0594071373343,0.0399422831833,0.0285596754402,0.0229061860591,0.0267673879862,0.00954133179039,0.0126475822181,0.00869690347463,0.00887191854417,0.00686612306163,0.00753824459389,0.0168330390006,0.0158905386925,0.00857041310519,0.000888713286258,0.0000248117539741],"mean":[0.00057263544295,0.00961402710527,0.00214094598778,0.00144552800339,0.00188023829833,0.00118197081611,0.000683695136104,0.000485712371301,0.000769791193306,0.00139980867971,0.000477416382637,0.000476954475744,0.000499073474202,0.000526730320416,0.00052676233463,0.000530793331563,0.000557060877327,0.000652872375213,0.000484038668219,0.000335427292157,0.000220422487473,0.00015330289898,0.000174169894308,0.000135536276503,0.0000674250259181,0.0000157679824042,6.43905082143e-7],"median":[0.000206258162507,0.0051203481853,0.000784561329056,0.000665344297886,0.00103492522612,0.000562207133044,0.000268895179033,0.0001922044612,0.000247797259362,0.000206748009077,0.000135376583785,0.000144126606756,0.000123975216411,0.000153393193614,0.000194939028006,0.000172626489075,0.000236997773754,0.000281827466097,0.000199679794605,0.000119451040518,0.0000700384553056,0.0000486836142954,0.0000462316165795,0.0000265303042397,0.000013525536815,0.00000343057399732,6.42318909172e-8],"min":[5.81325765303e-10,3.43866690677e-9,1.01315844603e-10,3.09198222581e-10,7.6445488828e-11,3.00948016507e-11,1.14496884196e-11,1.81161734919e-11,3.19035596552e-11,1.60616624167e-11,1.76882536396e-11,2.16566122674e-11,1.20351593275e-11,2.18850874922e-11,2.69701119077e-11,1.68565040398e-11,1.65731040003e-11,3.43928115154e-11,4.24418659939e-11,3.20092008455e-11,6.56578194591e-11,3.35090843961e-11,1.02193177531e-10,6.38975400369e-11,8.21920032035e-11,1.52898901873e-10,1.14433268417e-10],"var":[7.86571547451e-7,0.00017389410641,0.0000181631257874,0.00000545779175809,0.0000077514705481,0.0000039230449147,0.00000260612296188,9.9760404737e-7,0.00000438024881078,0.0000273744408332,0.00000247311118073,0.00000266270808424,0.00000262089065473,0.00000177590902695,0.00000114768272397,0.00000146819525071,7.83026678164e-7,0.00000102285764569,5.30685554168e-7,3.09181075409e-7,1.39232540164e-7,1.27265920469e-7,2.45967299861e-7,3.44596685409e-7,7.93101051499e-8,2.2735384686e-9,2.42165554103e-12]},"barkbands_crest":{"dmean":3.06056189537,"dmean2":5.00907230377,"dvar":8.33784484863,"dvar2":21.3430843353,"max":25.5639400482,"mean":11.1206855774,"median":10.4310913086,"min":2.43628263474,"var":21.736032486},"barkbands_flatness_db":{"dmean":0.0259411148727,"dmean2":0.0388842448592,"dvar":0.000773433188442,"dvar2":0.00169106770772,"max":0.488603025675,"mean":0.13677367568,"median":0.123823523521,"min":0.0350345000625,"var":0.00341944908723},"barkbands_kurtosis":{"dmean":4.34318494797,"dmean2":7.00630569458,"dvar":155.514205933,"dvar2":369.418426514,"max":375.778991699,"mean":5.63720035553,"median":0.958876371384,"min":-1.96857726574,"var":276.202453613},"barkbands_skewness":{"dmean":0.675028324127,"dmean2":1.04091966152,"dvar":0.706597447395,"dvar2":1.71417784691,"max":15.3095502853,"mean":1.60988366604,"median":1.32751095295,"min":-4.72170209885,"var":2.67509865761},"barkbands_spread":{"dmean":7.59173536301,"dmean2":11.5842704773,"dvar":85.8795166016,"dvar2":192.783935547,"max":122.153144836,"mean":28.3362674713,"median":26.7441520691,"min":0.2512588799,"var":308.086334229},"dissonance":{"dmean":0.0130606358871,"dmean2":0.0218114778399,"dvar":0.000240187451709,"dvar2":0.000627220317256,"max":0.500000119209,"mean":0.478372782469,"median":0.484851032495,"min":0.265267312527,"var":0.000449584593298},"dynamic_complexity":4.78783035278,"erbbands":{"dmean":[0.207100018859,1.44844210148,2.6586368084,2.94203019142,3.44599628448,3.71981620789,5.30583524704,6.30597257614,6.37935304642,6.2600069046,7.34754371643,9.78725147247,13.993391037,19.1144485474,13.4890508652,11.0335254669,14.3172836304,17.038438797,16.3993682861,14.3593292236,16.9140434265,14.5572280884,17.6585597992,14.6306848526,11.0817193985,9.33828926086,6.73691749573,3.93098449707,2.72275257111,2.88039565086,2.52531528473,1.81066381931,1.24285912514,0.573160767555,0.216978266835,0.0655393153429,0.0104359900579,0.000917205761652,0.000071246358857,0.000013383923033],"dmean2":[0.338077068329,2.40495872498,4.72627878189,4.96096086502,5.72450828552,6.04071903229,8.6613702774,10.1118068695,10.1608495712,9.92742824554,11.492524147,14.7570724487,20.9760990143,26.2291259766,20.7320861816,17.4088802338,22.0251960754,27.0824451447,25.8408298492,22.9174041748,26.3589801788,22.211101532,27.4435157776,22.38697052,16.9919986725,14.9021606445,10.4516143799,5.72456550598,3.65183091164,3.91989302635,3.58303999901,2.51902127266,1.74575865269,0.798304080963,0.294709175825,0.0880947038531,0.0136753851548,0.00111058121547,0.0000789388504927,0.0000186281649803],"dvar":[0.135693132877,8.65641975403,41.1199073792,40.7113304138,49.425945282,60.1854858398,124.804840088,193.141525269,350.472259521,239.21043396,345.052947998,735.349975586,2705.45483398,4074.61206055,2083.72949219,1135.73132324,2745.21875,2640.56274414,1579.9140625,1214.28515625,2493.85375977,675.534423828,1034.8260498,835.288452148,378.567108154,310.615753174,201.962036133,56.4936294556,45.5379104614,90.5773239136,100.250450134,66.8080444336,69.7171478271,11.1795597076,0.898051738739,0.0603199079633,0.00121164775919,0.00000560206581213,2.50146570124e-8,3.61062679755e-10],"dvar2":[0.337592422962,21.331653595,115.142311096,108.010032654,134.066848755,149.554122925,312.363311768,476.403930664,852.458129883,586.496582031,890.822265625,1584.72241211,6130.69287109,5952.77197266,4789.95849609,2786.79614258,6352.84033203,6811.65136719,3792.88696289,3209.85107422,6917.91796875,1569.16455078,2427.50341797,2069.41333008,878.934936523,776.117675781,489.567077637,126.135673523,91.2510070801,176.821487427,225.493530273,156.305465698,189.634628296,28.9935417175,2.1826634407,0.127538889647,0.00252452585846,0.0000107091664177,3.75887232451e-8,7.27440940818e-10],"max":[5.17418956757,33.7096138,60.5735969543,89.963470459,105.323532104,206.866699219,283.558258057,482.497161865,524.606506348,552.177307129,520.994812012,914.855529785,2206.2668457,3125.50146484,1901.31774902,1348.68774414,1788.43713379,1614.70361328,1363.13110352,1473.15136719,1640.25732422,555.329589844,648.149230957,605.809143066,328.281829834,359.681915283,427.901367188,157.875427246,225.634338379,480.09072876,518.767333984,302.474761963,435.704315186,166.495651245,32.9223060608,7.58881950378,1.14174473286,0.0667602866888,0.00368879060261,0.000394662929466],"mean":[0.325893163681,1.92283737659,2.81103110313,3.94167757034,5.16360235214,6.37680387497,8.37779903412,9.7226266861,10.1415519714,9.91949939728,11.7995586395,17.4787044525,26.6691360474,45.0820884705,23.5795059204,18.4016571045,23.2801609039,27.5100078583,28.637544632,25.2601623535,30.8368053436,30.0695533752,35.8473320007,29.2742404938,22.7787456512,16.3695678711,11.1922512054,6.88098573685,5.34774208069,5.80118274689,4.72141695023,3.18859124184,2.05285573006,0.965242385864,0.378167569637,0.118635423481,0.0183817446232,0.00166558253113,0.000142477059853,0.0000371435344277],"median":[0.170049443841,0.877852499485,1.20850145817,1.95565116405,2.78519058228,3.22261142731,3.89008045197,4.4668135643,4.10192298889,4.18483734131,4.93167972565,6.14752435684,6.80057287216,7.75506401062,6.8014125824,6.65633058548,6.87545490265,8.48972988129,11.2361688614,10.8494739532,11.08248806,14.201874733,17.1813545227,12.2537727356,10.0944471359,6.04329776764,3.53644275665,2.20783805847,1.67665660381,1.7762285471,1.17822659016,0.680900454521,0.360534638166,0.184634596109,0.0761145800352,0.0264192018658,0.00367795443162,0.000269633543212,0.0000321862644341,0.0000272648976534],"min":[1.22309373296e-7,5.04234549226e-7,3.44191477097e-7,8.77318655057e-7,7.34286231818e-7,2.48662189506e-7,4.82655650558e-7,3.71889001372e-7,1.86330666452e-7,3.51116028696e-7,4.40782230271e-7,7.19908882729e-7,7.33700915134e-7,5.21335095982e-7,9.9778094409e-7,8.4864694827e-7,7.0503523375e-7,9.17658439903e-7,0.00000138940060879,0.00000121860625768,0.00000110565395062,9.5733901162e-7,0.00000223631764129,0.00000207939660868,0.00000191422350326,0.00000154291603849,0.00000233609171119,0.00000265329413196,0.00000115040450055,0.00000166186293882,0.00000297295082419,0.00000144751231801,0.00000116277135476,0.00000102284877812,5.49129708816e-7,4.863637173e-7,3.62215075711e-7,8.97892320495e-8,1.37961801983e-8,1.5639110007e-9],"var":[0.191955670714,8.97834682465,28.9622764587,38.7680969238,55.1150360107,106.172729492,197.397994995,305.326843262,609.273681641,404.387573242,596.190917969,2351.69189453,6905.50830078,30586.4609375,5595.36328125,2232.47265625,5419.3984375,5140.05859375,3608.32006836,2353.30126953,4758.74121094,2020.26074219,2815.7746582,2128.60205078,1066.390625,699.983703613,420.084106445,123.457000732,137.219116211,239.433746338,197.582885742,135.384033203,122.626396179,21.483953476,1.81992304325,0.143095657229,0.00281536416151,0.0000151188041855,8.50450874168e-8,1.10900011396e-9]},"erbbands_crest":{"dmean":2.46718168259,"dmean2":3.91633963585,"dvar":6.57740783691,"dvar2":15.5313796997,"max":31.815120697,"mean":8.34272575378,"median":6.77300834656,"min":1.90383946896,"var":24.8750534058},"erbbands_flatness_db":{"dmean":0.0176273286343,"dmean2":0.0245857033879,"dvar":0.00034285595757,"dvar2":0.000657897035126,"max":0.337994962931,"mean":0.149374142289,"median":0.143713235855,"min":0.0274746287614,"var":0.00205384241417},"erbbands_kurtosis":{"dmean":1.19370210171,"dmean2":1.85659885406,"dvar":6.18448591232,"dvar2":13.0983657837,"max":88.7765045166,"mean":0.76459300518,"median":-0.129908561707,"min":-1.83210611343,"var":12.036904335},"erbbands_skewness":{"dmean":0.396912008524,"dmean2":0.587632536888,"dvar":0.17209585011,"dvar2":0.346306920052,"max":7.8223233223,"mean":-0.118008241057,"median":-0.197564125061,"min":-4.71265554428,"var":0.88646954298},"erbbands_spread":{"dmean":9.28826332092,"dmean2":14.0980348587,"dvar":119.202438354,"dvar2":272.806427002,"max":184.012588501,"mean":40.9155654907,"median":37.4161720276,"min":2.5416636467,"var":460.503814697},"gfcc":{"cov":[[17861.1484375,-202.072860718,-2071.72094727,189.72442627,-596.234558105,199.409164429,-244.699234009,298.243804932,-59.8086967468,86.3764266968,-92.2188568115,-47.6362838745,-239.458435059],[-202.072860718,1522.24462891,-237.316513062,-304.213287354,200.660018921,-258.452880859,134.565292358,-152.526397705,60.5217399597,-162.344329834,111.77986145,-122.235107422,83.2869186401],[-2071.72094727,-237.316513062,978.575134277,54.5063667297,-78.694442749,84.8723602295,-70.3876647949,-42.3101272583,-17.7970809937,54.5351028442,-54.685256958,51.6697158813,22.8521289825],[189.72442627,-304.213287354,54.5063667297,351.95223999,-39.8967018127,14.5705003738,-46.5252380371,-14.3938503265,17.2816085815,30.5832214355,-10.7245521545,-9.24329280853,1.0708591938],[-596.234558105,200.660018921,-78.694442749,-39.8967018127,312.50012207,-38.6736106873,75.1376800537,15.1011819839,12.9559307098,0.575044631958,14.6185693741,-11.4292135239,6.19930696487],[199.409164429,-258.452880859,84.8723602295,14.5705003738,-38.6736106873,215.332260132,7.18093347549,30.6746940613,-7.72398805618,28.9432926178,6.01117324829,26.7629489899,-25.1715774536],[-244.699234009,134.565292358,-70.3876647949,-46.5252380371,75.1376800537,7.18093347549,182.316680908,8.94284629822,7.49382829666,-4.00454044342,7.73303794861,-11.8554201126,7.09102010727],[298.243804932,-152.526397705,-42.3101272583,-14.3938503265,15.1011819839,30.6746940613,8.94284629822,140.726303101,27.9755477905,17.2189369202,-5.69313049316,10.6275682449,-4.71640253067],[-59.8086967468,60.5217399597,-17.7970809937,17.2816085815,12.9559307098,-7.72398805618,7.49382829666,27.9755477905,110.331413269,19.2161941528,16.7743244171,-8.4665517807,3.90722990036],[86.3764266968,-162.344329834,54.5351028442,30.5832214355,0.575044631958,28.9432926178,-4.00454044342,17.2189369202,19.2161941528,110.60509491,4.01157474518,12.2279949188,-14.4655046463],[-92.2188568115,111.77986145,-54.685256958,-10.7245521545,14.6185693741,6.01117324829,7.73303794861,-5.69313049316,16.7743244171,4.01157474518,103.408760071,12.9947776794,6.23831748962],[-47.6362838745,-122.235107422,51.6697158813,-9.24329280853,-11.4292135239,26.7629489899,-11.8554201126,10.6275682449,-8.4665517807,12.2279949188,12.9947776794,84.7565307617,7.21502876282],[-239.458435059,83.2869186401,22.8521289825,1.0708591938,6.19930696487,-25.1715774536,7.09102010727,-4.71640253067,3.90722990036,-14.4655046463,6.23831748962,7.21502876282,82.5235748291]],"icov":[[0.000136695642141,-0.000332189520122,0.000365938292816,-0.000310734380037,0.000375306321075,-0.000367181201,0.000287042785203,-0.000497406639624,0.0003627454862,-0.000503400573507,0.000552076846361,-0.000393909926061,0.000328614609316],[-0.000332189520122,0.00332629168406,-0.000957352574915,0.00267353490926,-0.00171117589343,0.00253921700642,-0.00148377229925,0.00361471786164,-0.00268735317513,0.00350584764965,-0.00376126496121,0.00377841340378,-0.00215764902532],[0.000365938292816,-0.000957352574915,0.00223360257223,-0.000907458248548,0.00111103837844,-0.00154467206448,0.00116203958169,-0.000798497989308,0.000953530368861,-0.0019966699183,0.0023737270385,-0.00174146867357,0.000298869039398],[-0.000310734380037,0.00267353490926,-0.000907458248548,0.00529103027657,-0.00126876996364,0.00180025375448,-0.000514834537171,0.00344497035258,-0.00275634299032,0.0020304187201,-0.00275009078905,0.00360442814417,-0.00215256283991],[0.000375306321075,-0.00171117589343,0.00111103837844,-0.00126876996364,0.00501981098205,-0.000774748623371,-0.000403140176786,-0.00253907521255,0.00149832887109,-0.00240089255385,0.00186135643162,-0.0017911863979,0.0013250465272],[-0.000367181201,0.00253921700642,-0.00154467206448,0.00180025375448,-0.000774748623371,0.00781298335642,-0.00219285232015,0.00150169199333,-0.00137308042031,0.00212839734741,-0.00387474452145,0.00167042901739,0.0000767802048358],[0.000287042785203,-0.00148377229925,0.00116203958169,-0.000514834537171,-0.000403140176786,-0.00219285232015,0.00739294756204,-0.00169684982393,0.00101726327557,-0.0018583110068,0.00195573573001,-0.000804755836725,0.000193092637346],[-0.000497406639624,0.00361471786164,-0.000798497989308,0.00344497035258,-0.00253907521255,0.00150169199333,-0.00169684982393,0.0125174913555,-0.00538780586794,0.00312327872962,-0.0027721808292,0.00283357477747,-0.00264067109674],[0.0003627454862,-0.00268735317513,0.000953530368861,-0.00275634299032,0.00149832887109,-0.00137308042031,0.00101726327557,-0.00538780586794,0.0128296064213,-0.00466155819595,0.00114720873535,-0.0014261166798,0.00122319476213],[-0.000503400573507,0.00350584764965,-0.0019966699183,0.0020304187201,-0.00240089255385,0.00212839734741,-0.0018583110068,0.00312327872962,-0.00466155819595,0.0145245511085,-0.00468551274389,0.00275784730911,-0.000424889964052],[0.000552076846361,-0.00376126496121,0.0023737270385,-0.00275009078905,0.00186135643162,-0.00387474452145,0.00195573573001,-0.0027721808292,0.00114720873535,-0.00468551274389,0.0155754433945,-0.00650285696611,0.00164366920944],[-0.000393909926061,0.00377841340378,-0.00174146867357,0.00360442814417,-0.0017911863979,0.00167042901739,-0.000804755836725,0.00283357477747,-0.0014261166798,0.00275784730911,-0.00650285696611,0.0180568359792,-0.00418191589415],[0.000328614609316,-0.00215764902532,0.000298869039398,-0.00215256283991,0.0013250465272,0.0000767802048358,0.000193092637346,-0.00264067109674,0.00122319476213,-0.000424889964052,0.00164366920944,-0.00418191589415,0.015059415251]],"mean":[-31.6919441223,96.1758575439,-117.471099854,52.5164756775,-47.5513343811,19.7284393311,-32.4613876343,15.9381961823,-19.1093063354,0.714568376541,-9.07188415527,1.49003314972,-4.95233345032]},"hfc":{"dmean":6.34509706497,"dmean2":8.54341602325,"dvar":100.696800232,"dvar2":202.951889038,"max":269.053649902,"mean":20.4054031372,"median":14.549659729,"min":0.00000955595169216,"var":438.170013428},"melbands":{"dmean":[0.00179531227332,0.00153025961481,0.000500703463331,0.000245346542215,0.00017882148677,0.000141051656101,0.0000953285198193,0.0000666381820338,0.0000626050023129,0.000063784464146,0.0000721026954125,0.0000817475811346,0.0000461641539005,0.0000362911596312,0.0000311555522785,0.0000306278052449,0.0000337662240781,0.0000276032060356,0.0000204943498829,0.0000216559401451,0.0000209054269362,0.0000159038427228,0.0000178629834409,0.0000177138426807,0.0000124799671539,0.00000953363905865,0.0000071326185207,0.00000626534983894,0.00000487257739223,0.00000302590933643,0.0000021505074983,0.00000155596455897,0.00000166321990491,0.00000171984413555,0.00000155275870384,0.00000135332868467,0.00000108293590984,9.16606325063e-7,7.4006709383e-7,4.36318828179e-7],"dmean2":[0.00295363925397,0.00260186870582,0.000823554117233,0.000403660174925,0.000291409407509,0.00022636311769,0.000151352694957,0.00010556010966,0.0000973472415353,0.0000962710837484,0.000107780455437,0.000111618697701,0.00007162590191,0.0000572542558075,0.0000487332654302,0.0000481262504763,0.00005393632091,0.0000437853850599,0.0000328159003402,0.0000344963336829,0.0000328280038957,0.0000244211751124,0.0000284249472315,0.0000277117724181,0.0000194171880139,0.0000148993167386,0.0000111790777737,0.0000101800578705,0.00000777931927587,0.00000449840808869,0.00000319482569466,0.00000215134764403,0.00000235477523347,0.00000243566341851,0.0000022467479539,0.00000197910685529,0.0000015532056068,0.00000131182775931,0.00000111882786769,6.08788980117e-7],"dvar":[0.0000104034825199,0.0000117401632451,0.00000108415531486,2.31103612691e-7,1.4609253185e-7,9.27917795934e-8,7.43589154695e-8,2.58150425481e-8,2.68662621039e-8,3.12975672045e-8,7.07591922833e-8,7.98024046844e-8,2.38085906545e-8,1.93981186669e-8,1.30427224576e-8,8.844981636e-9,1.1045006687e-8,5.10220621308e-9,2.30324714856e-9,3.195804954e-9,3.48003981188e-9,8.69887162303e-10,1.15248321997e-9,1.18470599997e-9,6.80111023055e-10,3.25474869278e-10,1.66359606646e-10,1.49501591662e-10,1.15194041805e-10,3.85198886677e-11,1.78907080123e-11,1.49165194085e-11,2.49194328367e-11,3.32459441921e-11,3.43897237076e-11,3.50175305419e-11,2.90001668513e-11,3.32045675677e-11,3.80470793759e-11,4.56792329656e-12],"dvar2":[0.0000254263868555,0.0000311607473122,0.00000278490119854,6.13140059613e-7,3.57889831548e-7,2.31107236459e-7,1.78396433625e-7,6.42150155272e-8,6.86698626851e-8,6.63026682446e-8,1.59615169082e-7,1.14827358288e-7,5.33231165889e-8,4.86003841615e-8,2.9819950953e-8,2.24123350989e-8,2.826952894e-8,1.2187628684e-8,6.03593575121e-9,8.69896332745e-9,9.38772348746e-9,2.01852379256e-9,2.86557888529e-9,2.73866485045e-9,1.73470271481e-9,7.98298593896e-10,3.93092614015e-10,3.7811942466e-10,2.93257640394e-10,9.00249527702e-11,4.09782104083e-11,3.12898561228e-11,4.97572573421e-11,6.84161893805e-11,7.65962709925e-11,8.43079356327e-11,7.09341890781e-11,8.54560311403e-11,1.12122443274e-10,1.13143504982e-11],"max":[0.0397753976285,0.0359888635576,0.0147823188454,0.00769377686083,0.0124983256683,0.0101201171055,0.00783315487206,0.00524535356089,0.00563318887725,0.00580107560381,0.0114334318787,0.0140413502231,0.00687370449305,0.00690003298223,0.00421823048964,0.00232646497898,0.00325606111437,0.00270209391601,0.00177120661829,0.00149332080036,0.00179030362051,0.000581972533837,0.000748561986256,0.00103204092011,0.000568622723222,0.000354755320586,0.00027213152498,0.000280470296275,0.000363433471648,0.000173524647835,0.000113701040391,0.000151294661919,0.000201461967663,0.000271725177299,0.000304400600726,0.000237256492255,0.000208684825338,0.000321135827107,0.000308410031721,0.0000966736115515],"mean":[0.00279100099578,0.00188899645582,0.000723354285583,0.000415743270423,0.000297472462989,0.000218762856093,0.000152648543008,0.000105226805317,0.0000995737500489,0.00011230767268,0.000136959177325,0.000191797080333,0.0000752247433411,0.0000577167702431,0.0000488115074404,0.0000474244989164,0.0000514929779456,0.0000456062152807,0.0000336263146892,0.0000357808894478,0.0000357513126801,0.00003006868792,0.0000327429952449,0.0000325450164382,0.0000225272560783,0.000018210575945,0.0000133020557769,0.0000101018831629,0.00000753202129999,0.00000492565823151,0.00000362116315955,0.00000288263049697,0.00000312568113259,0.00000328622741108,0.00000281264578916,0.00000229104580285,0.00000180907557024,0.00000150326036419,0.00000111445592665,7.21415517546e-7],"median":[0.00152031239122,0.00092401006259,0.000382557394914,0.000228446529945,0.000147743194248,0.000102240352135,0.0000611827636021,0.000044109969167,0.0000384445120289,0.0000364502775483,0.0000316632176691,0.0000287328603008,0.0000207762241189,0.000016355957996,0.0000151453996295,0.0000127235380205,0.0000135118234539,0.000016051601051,0.0000132245286295,0.0000127915036501,0.0000116439150588,0.0000127168232211,0.0000137313181767,0.0000134694473672,0.00000796834046923,0.00000751654079068,0.00000529936778548,0.00000334531387125,0.00000213577845898,0.00000143797183227,0.00000111170220407,8.26117457109e-7,9.51195147536e-7,9.30519831854e-7,6.65546622258e-7,5.03675494201e-7,3.45752141584e-7,2.56981479652e-7,1.77364697151e-7,1.42954675653e-7],"min":[1.05058428623e-9,4.26117002794e-10,1.61443039493e-10,3.95130733688e-11,1.78674366969e-11,7.46578406735e-12,2.61650922283e-12,2.96717641776e-12,3.99245740634e-12,4.55493585558e-12,2.70427083504e-12,1.90734255646e-12,3.21529521757e-12,2.5015224267e-12,1.1086055034e-12,2.05265253579e-12,1.65744533983e-12,1.7462841069e-12,1.84689091277e-12,1.1452540305e-12,1.44336376618e-12,6.5289126102e-13,1.45257568994e-12,1.64411778462e-12,1.55372709056e-12,1.73491733133e-12,1.43899280512e-12,6.180418048e-13,1.28812477178e-12,1.27512529615e-12,1.35139881056e-12,6.7789908886e-13,4.85245849578e-13,1.14285523319e-12,1.60657826018e-12,1.65301919288e-12,5.99602236351e-13,7.36605004423e-13,9.88839760942e-13,7.8900476647e-13],"var":[0.0000137573288157,0.00000979238757282,0.00000113791645617,3.50082785872e-7,2.40792360273e-7,1.47581289411e-7,1.33706734573e-7,4.38789236057e-8,4.90138454268e-8,1.0360779612e-7,1.85387392548e-7,6.12795929555e-7,6.21898834652e-8,4.04450588576e-8,2.48751987897e-8,1.75032379701e-8,2.10159392111e-8,1.09896287626e-8,4.40603775687e-9,5.75204772701e-9,6.83249457012e-9,2.36128316899e-9,2.75371370151e-9,3.09788283914e-9,1.53254497981e-9,7.8668282999e-10,4.1194234135e-10,3.16565190728e-10,2.2537978428e-10,7.52617690392e-11,3.70985499265e-11,4.0590458078e-11,6.69099012307e-11,8.09294159465e-11,6.90434029393e-11,6.11089442937e-11,5.27758080293e-11,6.3708392728e-11,4.8804685987e-11,9.45749121378e-12]},"melbands_crest":{"dmean":3.88568806648,"dmean2":6.32226848602,"dvar":13.7803096771,"dvar2":35.1945266724,"max":38.0153388977,"mean":16.5414848328,"median":15.6272363663,"min":3.28040885925,"var":38.4160003662},"melbands_flatness_db":{"dmean":0.0335362777114,"dmean2":0.0501333922148,"dvar":0.00125819304958,"dvar2":0.0027531364467,"max":0.641951799393,"mean":0.206343114376,"median":0.191938906908,"min":0.0267131123692,"var":0.00584581447765},"melbands_kurtosis":{"dmean":13.7673606873,"dmean2":22.4394569397,"dvar":2254.41210938,"dvar2":5295.61181641,"max":1890.80981445,"mean":22.0415706635,"median":8.52919864655,"min":-1.91690468788,"var":4153.05273438},"melbands_skewness":{"dmean":1.00134015083,"dmean2":1.57811951637,"dvar":1.9963452816,"dvar2":4.79636907578,"max":33.7024154663,"mean":3.14914870262,"median":2.68179917336,"min":-1.59937763214,"var":6.9461388588},"melbands_spread":{"dmean":9.94669151306,"dmean2":15.0295705795,"dvar":201.322494507,"dvar2":408.625152588,"max":258.494598389,"mean":29.22108078,"median":23.8408184052,"min":0.200886413455,"var":703.333007812},"mfcc":{"cov":[[15292.9365234,170.523727417,-1468.44372559,72.7737579346,-389.929626465,-171.05317688,-213.074020386,86.8078994751,-119.347328186,175.312774658,20.3912258148,40.8074035645,-9.00195789337],[170.523727417,1630.52001953,-322.520202637,-24.7939815521,-20.8138427734,-93.6069335938,31.9766674042,-2.49498820305,-31.5390319824,-38.007724762,-4.65616941452,-35.4080162048,-46.6429100037],[-1468.44372559,-322.520202637,908.338439941,-37.0535621643,41.4377326965,88.2197875977,-48.231678009,-49.5125160217,6.20861101151,-38.6194953918,-22.4932403564,-9.69815254211,-3.56111240387],[72.7737579346,-24.7939815521,-37.0535621643,275.047302246,29.8896923065,1.9256131649,-14.7950716019,-39.4635810852,28.4147377014,-15.1297836304,-10.6660861969,2.85416483879,12.1787033081],[-389.929626465,-20.8138427734,41.4377326965,29.8896923065,193.901229858,1.91099846363,2.68656110764,6.03847074509,3.26523709297,6.98704719543,7.82627248764,0.107899941504,12.3769721985],[-171.05317688,-93.6069335938,88.2197875977,1.9256131649,1.91099846363,157.593154907,35.0519828796,-7.39138031006,7.13168525696,-17.630777359,22.8048992157,18.3977241516,0.482253074646],[-213.074020386,31.9766674042,-48.231678009,-14.7950716019,2.68656110764,35.0519828796,137.512985229,21.2446422577,16.8004188538,-0.88320505619,14.2968215942,6.52340459824,-9.67479324341],[86.8078994751,-2.49498820305,-49.5125160217,-39.4635810852,6.03847074509,-7.39138031006,21.2446422577,116.573791504,2.0565135479,13.2626895905,9.39626693726,-3.92472195625,8.15400409698],[-119.347328186,-31.5390319824,6.20861101151,28.4147377014,3.26523709297,7.13168525696,16.8004188538,2.0565135479,128.538131714,16.5767440796,6.67464113235,6.56779241562,-9.75177669525],[175.312774658,-38.007724762,-38.6194953918,-15.1297836304,6.98704719543,-17.630777359,-0.88320505619,13.2626895905,16.5767440796,91.8840637207,19.2292938232,9.46026039124,7.79210519791],[20.3912258148,-4.65616941452,-22.4932403564,-10.6660861969,7.82627248764,22.8048992157,14.2968215942,9.39626693726,6.67464113235,19.2292938232,86.7465667725,31.249956131,10.8711357117],[40.8074035645,-35.4080162048,-9.69815254211,2.85416483879,0.107899941504,18.3977241516,6.52340459824,-3.92472195625,6.56779241562,9.46026039124,31.249956131,76.7345657349,20.5556125641],[-9.00195789337,-46.6429100037,-3.56111240387,12.1787033081,12.3769721985,0.482253074646,-9.67479324341,8.15400409698,-9.75177669525,7.79210519791,10.8711357117,20.5556125641,69.8247909546]],"icov":[[0.0000879384897416,0.0000142882645378,0.000143521712744,-0.0000352831593773,0.000150398700498,-0.0000386310457543,0.000189917220268,-0.0000554550788365,0.0000858195562614,-0.000136874747113,0.0000155957277457,-0.0000488994555781,0.0000799809859018],[0.0000142882645378,0.000715748756193,0.00026033326867,0.0000889760849532,-0.00000363557933269,0.000374912429834,-0.000135375346872,0.000140803444083,0.000128120693262,0.000408687075833,-0.000197349872906,0.000196804554434,0.000385649473174],[0.000143521712744,0.00026033326867,0.00162002246361,0.000364052219084,-0.00013720318384,-0.000809478049632,0.000891887466423,0.000438488932559,-0.0000872554592206,0.000288861105219,0.000337896140991,0.000165080884472,0.000168186816154],[-0.0000352831593773,0.0000889760849532,0.000364052219084,0.00428123865277,-0.000818037427962,-0.00015309061564,0.000358177552698,0.00154717743862,-0.00125349115115,0.00097588886274,0.000497374567203,0.0000984592988971,-0.00104864861351],[0.000150398700498,-0.00000363557933269,-0.00013720318384,-0.000818037427962,0.00571980746463,0.000101538091258,0.00000402318300985,-0.000554704922251,0.000233937069424,-0.000719545758329,-0.000552379060537,0.000351804454112,-0.00070119817974],[-0.0000386310457543,0.000374912429834,-0.000809478049632,-0.00015309061564,0.000101538091258,0.00815132819116,-0.00229689921252,0.000477096124087,-0.0000975760704023,0.00187336094677,-0.00207189354114,-0.00106959987897,0.000197382614715],[0.000189917220268,-0.000135375346872,0.000891887466423,0.000358177552698,0.00000402318300985,-0.00229689921252,0.00904599018395,-0.00151225016452,-0.000858182494994,0.0000566637972952,-0.000448806444183,-0.0004997344804,0.00145302573219],[-0.0000554550788365,0.000140803444083,0.000438488932559,0.00154717743862,-0.000554704922251,0.000477096124087,-0.00151225016452,0.00996527634561,-0.000464546319563,-0.000477762427181,-0.000757155008614,0.00149916217197,-0.00177383120172],[0.0000858195562614,0.000128120693262,-0.0000872554592206,-0.00125349115115,0.000233937069424,-0.0000975760704023,-0.000858182494994,-0.000464546319563,0.00873924233019,-0.00194846920203,-0.000176037632627,-0.000827577023301,0.00191438221373],[-0.000136874747113,0.000408687075833,0.000288861105219,0.00097588886274,-0.000719545758329,0.00187336094677,0.0000566637972952,-0.000477762427181,-0.00194846920203,0.0131001453847,-0.00265259412117,-0.000330524519086,-0.000945621635765],[0.0000155957277457,-0.000197349872906,0.000337896140991,0.000497374567203,-0.000552379060537,-0.00207189354114,-0.000448806444183,-0.000757155008614,-0.000176037632627,-0.00265259412117,0.0149496421218,-0.00516448263079,-0.000596619793214],[-0.0000488994555781,0.000196804554434,0.000165080884472,0.0000984592988971,0.000351804454112,-0.00106959987897,-0.0004997344804,0.00149916217197,-0.000827577023301,-0.000330524519086,-0.00516448263079,0.0169469993562,-0.00444650603458],[0.0000799809859018,0.000385649473174,0.000168186816154,-0.00104864861351,-0.00070119817974,0.000197382614715,0.00145302573219,-0.00177383120172,0.00191438221373,-0.000945621635765,-0.000596619793214,-0.00444650603458,0.0170871485025]],"mean":[-666.4921875,113.638214111,-0.616757571697,34.8262519836,13.1114692688,8.070104599,5.45708322525,12.2930393219,1.03840768337,5.95582056046,0.726856648922,0.168841913342,0.562413752079]},"pitch_salience":{"dmean":0.0849526748061,"dmean2":0.140296667814,"dvar":0.00759971095249,"dvar2":0.0197726879269,"max":0.875885128975,"mean":0.521776974201,"median":0.526716709137,"min":0.0510322600603,"var":0.0176935177296},"silence_rate_20dB":{"dmean":0,"dmean2":0,"dvar":0,"dvar2":0,"max":1,"mean":1,"median":1,"min":1,"var":0},"silence_rate_30dB":{"dmean":0.00502402801067,"dmean2":0.0100491531193,"dvar":0.00499930465594,"dvar2":0.0143182007596,"max":1,"mean":0.997160613537,"median":1,"min":0,"var":0.00283100293018},"silence_rate_60dB":{"dmean":0.0229357797652,"dmean2":0.0458765700459,"dvar":0.0224057827145,"dvar2":0.0472681112587,"max":1,"mean":0.105056241155,"median":0,"min":0,"var":0.0940244048834},"spectral_centroid":{"dmean":303.513580322,"dmean2":446.143157959,"dvar":126759.84375,"dvar2":246124.71875,"max":10944.8017578,"mean":1711.5916748,"median":1720.86206055,"min":111.103492737,"var":623572.4375},"spectral_complexity":{"dmean":4.82175636292,"dmean2":6.57280158997,"dvar":38.5514221191,"dvar2":57.4438209534,"max":67,"mean":21.008846283,"median":19,"min":0,"var":212.509597778},"spectral_contrast_coeffs":{"dmean":[0.0459421873093,0.0442634150386,0.0370137542486,0.030114647001,0.0232154130936,0.0205758735538],"dmean2":[0.0740244612098,0.0716369450092,0.0599454753101,0.0485272109509,0.036564193666,0.0311710573733],"dvar":[0.00182586302981,0.00136041094083,0.000966458173934,0.00066603400046,0.000428801344242,0.000527018564753],"dvar2":[0.00450594816357,0.00352116348222,0.00244439719245,0.00158232368995,0.000932294409722,0.00112498737872],"max":[-0.424267888069,-0.431292712688,-0.407345533371,-0.495483309031,-0.543027460575,-0.583517432213],"mean":[-0.714664638042,-0.764539182186,-0.789700686932,-0.794179737568,-0.78606325388,-0.76074641943],"median":[-0.717457830906,-0.771453619003,-0.804416418076,-0.801740348339,-0.790639877319,-0.759164094925],"min":[-0.955685257912,-0.950409770012,-0.96580016613,-0.964085698128,-0.956995666027,-0.959537923336],"var":[0.00503903301433,0.00504625355825,0.00580363860354,0.00393012864515,0.0032644579187,0.00274909823202]},"spectral_contrast_valleys":{"dmean":[0.36243391037,0.406899869442,0.389010727406,0.365685760975,0.360559672117,0.353824496269],"dmean2":[0.544148683548,0.606295406818,0.556427359581,0.483319222927,0.446723461151,0.381428658962],"dvar":[0.150086566806,0.2177067101,0.203303009272,0.188503280282,0.245757430792,0.20931878686],"dvar2":[0.253122329712,0.369393199682,0.325501739979,0.259762704372,0.357091933489,0.292171239853],"max":[-4.93881988525,-4.8467707634,-5.55981206894,-5.7946600914,-5.36697626114,-7.16968297958],"mean":[-7.04589128494,-7.11078357697,-7.57426118851,-7.8681397438,-7.62653827667,-10.4363050461],"median":[-6.78354263306,-6.78762292862,-7.22672557831,-7.53761482239,-7.32254552841,-10.1351184845],"min":[-27.8422908783,-27.7582855225,-27.0676174164,-27.0149250031,-27.187286377,-27.3187503815],"var":[1.398873806,1.83324360847,1.89246296883,1.92678177357,2.06311392784,2.05106782913]},"spectral_decrease":{"dmean":2.66730748599e-9,"dmean2":3.9831284937e-9,"dvar":1.62605311931e-17,"dvar2":3.54898036785e-17,"max":-1.89567307672e-15,"mean":-6.40075459302e-9,"median":-4.89058926689e-9,"min":-4.67988847674e-8,"var":3.2698022789e-17},"spectral_energy":{"dmean":0.0104571478441,"dmean2":0.0154773956165,"dvar":0.000239859320573,"dvar2":0.000516166735906,"max":0.180268466473,"mean":0.026008784771,"median":0.0199867617339,"min":8.25965074114e-9,"var":0.000516064174008},"spectral_energyband_high":{"dmean":0.000435016991105,"dmean2":0.000588657101616,"dvar":0.00000108779249786,"dvar2":0.00000232477918871,"max":0.0322927646339,"mean":0.000924495980144,"median":0.000340529979439,"min":6.35662467108e-10,"var":0.00000322586106449},"spectral_energyband_low":{"dmean":0.00813067145646,"dmean2":0.0132490219548,"dvar":0.00021749411826,"dvar2":0.000528932199813,"max":0.158862307668,"mean":0.0130980731919,"median":0.00764188775793,"min":4.06060207681e-9,"var":0.000270949298283},"spectral_energyband_middle_high":{"dmean":0.0020858400967,"dmean2":0.00292968261056,"dvar":0.0000111946637844,"dvar2":0.0000222084909183,"max":0.0921215713024,"mean":0.00618554838002,"median":0.00342621817254,"min":4.23066331967e-10,"var":0.0000664619365125},"spectral_energyband_middle_low":{"dmean":0.00302288611419,"dmean2":0.00470514688641,"dvar":0.0000250722077908,"dvar2":0.0000613356241956,"max":0.0652598664165,"mean":0.00673658819869,"median":0.00494704348966,"min":1.84191972785e-9,"var":0.0000463304641016},"spectral_entropy":{"dmean":0.160721123219,"dmean2":0.219964280725,"dvar":0.0401904694736,"dvar2":0.0697759017348,"max":9.80732250214,"mean":7.67799568176,"median":7.74252319336,"min":5.07841014862,"var":0.215955600142},"spectral_flux":{"dmean":0.0260984823108,"dmean2":0.0378935411572,"dvar":0.00100473384373,"dvar2":0.00178990408313,"max":0.33080381155,"mean":0.0793356746435,"median":0.066919580102,"min":0.0000560573644179,"var":0.00305485050194},"spectral_kurtosis":{"dmean":1.7291508913,"dmean2":2.74542713165,"dvar":9.19562911987,"dvar2":19.4269142151,"max":106.284065247,"mean":4.44745016098,"median":3.56254768372,"min":-1.28011000156,"var":22.0376033783},"spectral_rms":{"dmean":0.000894258904736,"dmean2":0.00127254845574,"dvar":0.0000012021407656,"dvar2":0.00000228524413615,"max":0.0132616618648,"mean":0.00452053640038,"median":0.00441579893231,"min":0.00000283869621853,"var":0.00000493920470035},"spectral_rolloff":{"dmean":610.702819824,"dmean2":995.587646484,"dvar":1001834.5,"dvar2":2051628.625,"max":11455.6640625,"mean":1640.86938477,"median":1205.859375,"min":21.533203125,"var":2906950.75},"spectral_skewness":{"dmean":0.246797218919,"dmean2":0.374713540077,"dvar":0.103119522333,"dvar2":0.214733183384,"max":8.23121452332,"mean":1.3894764185,"median":1.32402837276,"min":-0.140005588531,"var":0.335988104343},"spectral_spread":{"dmean":522063.625,"dmean2":714675.75,"dvar":653620477952,"dvar2":1167021047810,"max":41085444,"mean":4334954,"median":4045675,"min":803942.5,"var":2758197641220},"spectral_strongpeak":{"dmean":0.411028593779,"dmean2":0.707174003124,"dvar":1.05205917358,"dvar2":2.59722709656,"max":13.9858961105,"mean":0.648655653,"median":0.223569303751,"min":0,"var":1.83984422684},"zerocrossingrate":{"dmean":0.0117804519832,"dmean2":0.0132475961,"dvar":0.000223093680688,"dvar2":0.000219540597755,"max":0.33740234375,"mean":0.0609648227692,"median":0.05419921875,"min":0.001953125,"var":0.00174910726491}},"metadata":{"audio_properties":{"analysis_sample_rate":44100,"bit_rate":0,"codec":"flac","downmix":"mix","equal_loudness":0,"length":212.600006104,"lossless":true,"md5_encoded":"aed94f35d40cbf63f06cb5718b7151e3","replay_gain":-7.95442199707},"tags":{"album":["Hot Space"],"albumartist":["Queen"],"albumartistsort":["Queen"],"artist":["Queen"],"artistsort":["Queen"],"asin":["B000024ZSA"],"barcode":["077778949725"],"catalognumber":["CDPCSD 135"],"compilation":["1"],"date":["1994-02-07"],"file_name":"05 Queen - Action This Day.flac","format":["CD"],"label":["Parlophone"],"language":["eng"],"musicbrainz_albumartistid":["0383dadf-2a4e-4d10-a46a-e9e041da8eb3"],"musicbrainz_albumid":["24a355b3-940d-4428-b54d-d830fb5766f6"],"musicbrainz_artistid":["0383dadf-2a4e-4d10-a46a-e9e041da8eb3"],"musicbrainz_recordingid":["0cbde616-b9d5-4f3a-afbe-1f29497724c8"],"releasecountry":["GB"],"releasestatus":["official"],"releasetype":["album"],"replaygain_album_gain":["-3.58 dB"],"replaygain_album_peak":["1.00000000"],"replaygain_reference_loudness":["89.0 dB"],"replaygain_track_gain":["-3.36 dB"],"replaygain_track_peak":["0.95031738"],"script":["Latn"],"title":["Action This Day"],"totaltracks":["11"],"tracknumber":["5"],"tracktotal":["11"]},"version":{"essentia":"2.1-beta1","essentia_build_sha":"d95b123ab7c93145a6f110a2dd6bea92b4529a00","essentia_git_sha":"v2.1_beta1-6-g5578087-dirty","extractor":"music 1.0"}},"rhythm":{"beats_count":588,"beats_loudness":{"dmean":0.0166481081396,"dmean2":0.0286870673299,"dvar":0.000298432190903,"dvar2":0.000914150441531,"max":0.144858449697,"mean":0.0461549647152,"median":0.0440767407417,"min":1.09393596404e-7,"var":0.000528224394657},"beats_loudness_band_ratio":{"dmean":[0.214406728745,0.0704643949866,0.0567844733596,0.0745746195316,0.0871013179421,0.0592023395002],"dmean2":[0.391758918762,0.12484126538,0.0994781553745,0.132297843695,0