{"lowlevel":{"average_loudness":0.888278484344,"barkbands":{"dmean":[0.0000106019779196,0.00119004223961,0.00119973008987,0.00253494549543,0.00149468146265,0.000514478655532,0.00034137244802,0.000523390423041,0.000985653372481,0.000959176104516,0.000364615552826,0.000263963564066,0.00028785772156,0.000378707307391,0.000332905736286,0.000236951484112,0.000232708989643,0.000292666372843,0.000124092315673,0.00024228147231,0.000245329283644,0.00027030237834,0.000112475201604,0.0000508484081365,0.000171692154254,0.0000153497931024,1.72497180984e-7],"dmean2":[0.0000173779535544,0.00200901762582,0.0019737300463,0.00421622535214,0.00250858603977,0.000808218144812,0.000525681301951,0.000803486153018,0.00148100079969,0.00143363222014,0.000564109242987,0.000420540076448,0.000460114650195,0.000625377288088,0.00053669186309,0.00039120943984,0.000381847436074,0.000479975482449,0.000199723712285,0.000382876460208,0.00037822444574,0.000458366092062,0.000179090508027,0.0000737489826861,0.00029041810194,0.0000256603525486,3.18250556575e-7],"dvar":[2.08530678836e-10,0.00000300632723338,0.0000022930933028,0.0000175810437213,0.00000589519731875,9.9152725852e-7,5.99606380547e-7,0.00000134529898332,0.00000392480387745,0.0000105746103145,0.0000023044824502,4.88536670673e-7,3.82294814472e-7,6.89376122409e-7,3.88650249761e-7,3.32872815534e-7,1.85047198897e-7,2.46134419513e-7,2.96888753581e-8,1.1942343292e-7,1.69691645624e-7,9.33169758355e-7,9.97192444174e-8,1.51015715488e-8,4.10954015706e-7,3.31854743685e-9,7.79135599354e-13],"dvar2":[5.38593392108e-10,0.00000795374671725,0.00000633299350739,0.0000427827908425,0.000015352088667,0.00000227926648222,0.000001260018621,0.00000280350695903,0.00000839068343339,0.0000198884481506,0.00000477227467854,0.00000115302304948,9.58046371125e-7,0.00000182069027233,9.64903961176e-7,9.11034192086e-7,4.88591865633e-7,6.19579054728e-7,7.78059074946e-8,3.01031747085e-7,4.04730258197e-7,0.00000264527852778,2.58080547155e-7,2.90757071753e-8,0.00000112743930458,9.31506605184e-9,2.28946701007e-12],"max":[0.000177442256245,0.0268591865897,0.016467384994,0.0543843209743,0.0401783287525,0.0297229234129,0.0273999664932,0.0366011336446,0.0416610576212,0.0925666615367,0.0833740532398,0.021408226341,0.00989340059459,0.0217749625444,0.0128201507032,0.0218921974301,0.0151684749871,0.0133390696719,0.00300039537251,0.00572458934039,0.0160061754286,0.0143963638693,0.00538867944852,0.00557138584554,0.00804627873003,0.000954305520281,0.0000228178123507],"mean":[0.0000174044234882,0.00232921517454,0.00251274718903,0.00352478981949,0.00249729282223,0.000965297978837,0.000638056895696,0.000882100546733,0.00176664988976,0.00177513086237,0.000635533011518,0.000425369682489,0.000478786445456,0.000628725683782,0.000590333656874,0.000438898918219,0.000468388345325,0.000659375160467,0.00029305514181,0.000617140554823,0.000586871698033,0.000329162925482,0.000169091450516,0.0000942654223763,0.000188468620763,0.0000170626353793,1.29034049223e-7],"median":[0.0000105920425995,0.00153932673857,0.00210239784792,0.00185700552538,0.0014883344993,0.000407292798627,0.000173121050466,0.000267146009719,0.000502518378198,0.000231714016991,0.000100392906461,0.000103981758002,0.000139302253956,0.00019723479636,0.000238248991081,0.000157014437718,0.000237442800426,0.000347524503013,0.000201169037609,0.000414266309235,0.000331794843078,0.0000798244509497,0.0000460132214357,0.0000428884923167,0.0000159297433129,0.00000155857549089,1.89030053832e-8],"min":[3.26572563588e-25,2.32651942852e-24,1.29497355163e-24,1.71524669306e-24,1.09911966259e-23,9.26841118356e-24,7.81956321262e-24,8.56255658937e-24,2.01074333854e-23,1.36909697332e-23,5.63958988282e-24,1.60498657882e-23,2.70917206948e-23,3.71610189681e-23,3.6045405565e-23,4.73065622256e-23,3.7284292684e-23,6.92827502974e-23,9.87984165175e-23,1.62548500322e-22,2.30153059485e-22,2.77472092023e-22,3.75211806719e-22,5.58599803347e-22,8.74908085714e-22,1.19790686781e-21,1.94707532151e-21],"var":[4.02495814456e-10,0.00000725324434825,0.00000485522468807,0.000024107608624,0.0000103623478935,0.00000323561539517,0.00000303309684568,0.0000039661485971,0.0000116814007924,0.0000335734039254,0.00000707175149728,0.00000125249368921,8.26482619232e-7,0.00000145794410855,9.12609209536e-7,7.92389471371e-7,6.28703787697e-7,7.3405050216e-7,9.37850401783e-8,4.32680025142e-7,4.93548213854e-7,8.08846209566e-7,1.32436014155e-7,2.88881363275e-8,3.95175845824e-7,3.01405189695e-9,4.57491954476e-13]},"barkbands_crest":{"dmean":2.10713601112,"dmean2":3.43814730644,"dvar":4.22039270401,"dvar2":10.5038518906,"max":26.551897049,"mean":8.79036521912,"median":7.72597026825,"min":2.55250287056,"var":17.0223941803},"barkbands_flatness_db":{"dmean":0.015904949978,"dmean2":0.0247042812407,"dvar":0.000231840414926,"dvar2":0.00050566176651,"max":0.360232144594,"mean":0.127476289868,"median":0.120903521776,"min":0.0453858189285,"var":0.00162903824821},"barkbands_kurtosis":{"dmean":1.56179559231,"dmean2":2.46016478539,"dvar":16.8754405975,"dvar2":31.5958557129,"max":231.500061035,"mean":2.25623321533,"median":0.0404185056686,"min":-1.88192439079,"var":87.3267211914},"barkbands_skewness":{"dmean":0.421026408672,"dmean2":0.65857565403,"dvar":0.212157785892,"dvar2":0.459629118443,"max":14.1201143265,"mean":1.09909105301,"median":0.885961532593,"min":-2.21164131165,"var":1.48870539665},"barkbands_spread":{"dmean":6.19577598572,"dmean2":9.74456596375,"dvar":53.7078971863,"dvar2":128.419418335,"max":129.898880005,"mean":30.7464733124,"median":30.2467880249,"min":0.769245266914,"var":209.015014648},"dissonance":{"dmean":0.0149550605565,"dmean2":0.0250019710511,"dvar":0.000285357062239,"dvar2":0.000785229669418,"max":0.5,"mean":0.469567626715,"median":0.477354168892,"min":0.0681397542357,"var":0.000667775864713},"dynamic_complexity":3.06572270393,"erbbands":{"dmean":[0.0181412622333,0.329259604216,1.23742604256,4.71284246445,7.78853464127,4.06098985672,3.86652421951,4.42517709732,5.24614572525,5.69323396683,14.4746828079,23.1266765594,24.0830554962,22.078950882,14.1904211044,9.44161605835,12.8159103394,14.2982492447,16.0938453674,15.2037391663,13.0770711899,13.365644455,16.1664600372,8.46854305267,6.53881025314,11.6012763977,11.6701345444,9.6171836853,11.4358949661,3.77710294724,3.01497888565,1.27652740479,0.792366206646,1.24036383629,1.63998818398,0.16442707181,0.0156151531264,0.0011330274865,0.0000479671289213,0.0000111305744213],"dmean2":[0.0299542546272,0.557126700878,2.04178094864,7.8439912796,12.9399642944,6.64254426956,5.98653697968,7.04473257065,8.19707679749,8.74523639679,22.0729904175,33.8857536316,36.4334793091,32.9228363037,21.6351642609,14.8996715546,20.5277576447,22.9860420227,26.3281326294,24.6242389679,21.5535697937,21.9031639099,26.487569809,13.7464971542,10.3153247833,18.44373703,18.031047821,15.3011894226,19.4681358337,5.98793363571,4.71709871292,1.86986601353,1.16345989704,2.07478809357,2.7900185585,0.273738533258,0.0261090360582,0.00195911340415,0.0000811774443719,0.0000173728094524],"dvar":[0.000536683131941,0.233821064234,2.79389619827,58.9076004028,142.454269409,63.023399353,67.314956665,84.3333129883,137.848602295,167.658950806,758.674072266,2804.43823242,6089.34228516,7439.98193359,4576.58251953,552.179626465,810.738647461,1374.39208984,863.831054688,846.228393555,1060.2388916,579.816345215,780.875854492,207.330490112,80.1111907959,298.802124023,359.073944092,476.767547607,1777.85339355,109.916671753,66.7817153931,11.2889976501,3.03585529327,18.3735084534,41.2396850586,0.365235298872,0.00344007229432,0.0000201135062525,4.05384383839e-8,4.75142980516e-10],"dvar2":[0.001414751634,0.620826661587,7.72555160522,148.420028687,369.028625488,152.093521118,156.037322998,192.209533691,325.88482666,350.875732422,1603.96350098,5703.328125,11930.6738281,13929.2802734,8970.04394531,1277.69262695,2021.95605469,3506.64624023,2270.5246582,2122.64038086,2928.47827148,1563.79797363,1948.87585449,538.927429199,195.21105957,758.610534668,859.33026123,1251.35144043,5052.81201172,292.498748779,166.520904541,20.8757343292,6.77485799789,50.6363639832,113.045692444,1.00769853592,0.00962753035128,0.0000577247119509,1.16069578837e-7,1.19939269627e-9],"max":[0.268806576729,7.50906133652,20.8966236115,94.7696228027,142.679916382,217.058746338,256.081451416,209.819747925,293.514373779,421.1328125,614.076293945,1333.56311035,2307.07763672,3181.78637695,4048.30615234,770.447570801,483.383758545,1035.17651367,640.790771484,539.826843262,1308.09020996,752.227783203,887.606201172,314.722991943,212.076599121,290.87109375,708.379699707,453.053619385,627.877319336,177.727264404,143.309387207,170.446594238,49.129901886,65.719367981,82.5501556396,8.82643795013,0.861009478569,0.0650162994862,0.00546067068353,0.000297805614537],"mean":[0.0408700071275,0.639272391796,2.78458786011,7.47516298294,11.2345867157,6.89603328705,7.1152472496,8.39069652557,9.94827079773,11.0568265915,25.9798355103,42.6083297729,45.4794807434,42.4345397949,26.2653121948,17.6133575439,23.2747116089,26.2726898193,30.3669109344,29.6894664764,26.0523071289,29.1865825653,36.4507026672,21.2209529877,17.2478809357,29.4175033569,30.6305027008,18.2595806122,13.7899360657,5.44859313965,4.65530920029,2.33092260361,1.40441381931,1.47191929817,1.71844637394,0.18630412221,0.0175061784685,0.00119899550918,0.000062223385612,0.0000347228415194],"median":[0.0337218716741,0.428909569979,2.23357653618,4.71668481827,6.03947162628,3.87821912766,3.70278048515,3.40560531616,3.13190078735,3.89700937271,11.0273647308,11.896528244,10.3183546066,8.36552238464,5.78138256073,5.60959672928,6.91026115417,8.0759267807,15.5217514038,11.476521492,9.66695594788,16.3655586243,21.0518264771,11.9490222931,12.7239818573,19.489484787,18.6373634338,8.90657711029,3.37215471268,1.41869103909,1.32343244553,1.00902056694,0.613550186157,0.224190697074,0.0902671217918,0.0150829162449,0.00185476825573,0.000172631989699,0.0000203028266696,0.0000285261212412],"min":[3.83286782582e-23,9.01195102021e-22,1.63755679651e-21,5.78383061601e-21,1.16682686896e-20,2.43655629859e-20,1.45064586572e-20,7.43972899149e-20,1.19398209372e-19,1.60752522485e-19,2.30387765925e-19,4.51018161043e-19,5.9041381069e-19,6.83125454516e-19,8.05509255986e-19,1.12546390599e-18,1.43647089162e-18,2.71855617332e-18,2.72814878009e-18,2.63048418555e-18,3.56035368768e-18,3.27800323701e-18,3.98837912283e-18,3.64346631409e-18,6.02478239924e-18,7.47350900561e-18,7.46091518078e-18,9.31837571605e-18,1.09905113982e-17,1.17210384377e-17,1.19777150633e-17,1.0825571584e-17,9.08580313348e-18,8.87255514438e-18,6.72573235518e-18,3.91395975107e-18,2.29380285788e-18,9.04940863409e-19,2.51117610009e-19,2.76606224157e-20],"var":[0.00125578837469,0.545745909214,6.07620334625,78.7248382568,203.29901123,136.412124634,151.911224365,285.336791992,551.676330566,646.822937012,1944.52075195,9036.04003906,18592.5136719,23094.4296875,14364.7998047,1626.98303223,1866.23815918,3196.80444336,1866.66333008,2153.07714844,2971.50732422,1869.97229004,2141.27880859,708.775390625,299.609130859,1028.4543457,1262.69934082,744.493469238,1500.28210449,135.7215271,96.0351486206,21.3353672028,5.29664516449,18.0370235443,38.7086219788,0.355656385422,0.0030946044717,0.0000158896946232,3.12340553421e-8,8.73074945673e-10]},"erbbands_crest":{"dmean":2.39984345436,"dmean2":3.88520383835,"dvar":6.16626405716,"dvar2":14.7701568604,"max":33.7140388489,"mean":9.04529857635,"median":7.40271425247,"min":2.47129178047,"var":26.6353816986},"erbbands_flatness_db":{"dmean":0.0140136983246,"dmean2":0.0204595383257,"dvar":0.000196370005142,"dvar2":0.000378623750294,"max":0.349554002285,"mean":0.159450098872,"median":0.16026622057,"min":0.0330011211336,"var":0.0011765161762},"erbbands_kurtosis":{"dmean":0.873235523701,"dmean2":1.38192236423,"dvar":2.57369565964,"dvar2":5.45779752731,"max":63.1010894775,"mean":0.368169367313,"median":-0.240491986275,"min":-1.8374812603,"var":6.35570859909},"erbbands_skewness":{"dmean":0.336820662022,"dmean2":0.521985411644,"dvar":0.1074565202,"dvar2":0.247587040067,"max":4.22165298462,"mean":-0.0594462156296,"median":-0.180574327707,"min":-3.23763012886,"var":0.735351860523},"erbbands_spread":{"dmean":8.32621192932,"dmean2":12.7842712402,"dvar":74.3857269287,"dvar2":165.782516479,"max":147.520202637,"mean":42.2703170776,"median":39.396736145,"min":1.6023273468,"var":323.915466309},"gfcc":{"cov":[[26959.875,1215.09033203,-3085.95874023,1328.43713379,-1433.62133789,543.213012695,-642.871948242,469.713317871,-403.713134766,21.8829193115,-637.784851074,-418.013580322,-86.8464736938],[1215.09033203,899.256103516,-317.150543213,36.5985984802,133.62121582,-54.1438789368,147.839050293,22.3853244781,73.0679931641,-45.036819458,92.8681259155,-143.994522095,35.8749465942],[-3085.95874023,-317.150543213,891.35333252,-165.809036255,92.1720123291,18.2889404297,-20.4345817566,-21.4642047882,29.8592910767,73.1443634033,-21.9670352936,150.306274414,-38.3209724426],[1328.43713379,36.5985984802,-165.809036255,344.929351807,13.7446718216,-67.8505477905,-93.6338195801,17.0296134949,43.5557327271,3.11144375801,-28.9112548828,-57.8309593201,1.19926285744],[-1433.62133789,133.62121582,92.1720123291,13.7446718216,282.519378662,-27.409122467,97.9055709839,1.40357255936,77.9499664307,-8.49663162231,43.9159088135,-32.3479919434,32.9425468445],[543.213012695,-54.1438789368,18.2889404297,-67.8505477905,-27.409122467,217.150405884,80.3742370605,25.6359348297,-50.4874954224,5.44518280029,-14.2237491608,15.790810585,-7.9387512207],[-642.871948242,147.839050293,-20.4345817566,-93.6338195801,97.9055709839,80.3742370605,224.023376465,36.5219039917,21.9584503174,-22.5722503662,50.2828903198,-31.3397159576,20.9496040344],[469.713317871,22.3853244781,-21.4642047882,17.0296134949,1.40357255936,25.6359348297,36.5219039917,124.657783508,69.9215087891,14.4969539642,-33.7274131775,-19.1832447052,11.4486188889],[-403.713134766,73.0679931641,29.8592910767,43.5557327271,77.9499664307,-50.4874954224,21.9584503174,69.9215087891,167.216140747,39.0849075317,5.65593481064,-43.5509490967,14.3264141083],[21.8829193115,-45.036819458,73.1443634033,3.11144375801,-8.49663162231,5.44518280029,-22.5722503662,14.4969539642,39.0849075317,102.368461609,11.8292188644,18.8022232056,-18.8597316742],[-637.784851074,92.8681259155,-21.9670352936,-28.9112548828,43.9159088135,-14.2237491608,50.2828903198,-33.7274131775,5.65593481064,11.8292188644,136.75680542,12.0948543549,2.49758648872],[-418.013580322,-143.994522095,150.306274414,-57.8309593201,-32.3479919434,15.790810585,-31.3397159576,-19.1832447052,-43.5509490967,18.8022232056,12.0948543549,135.632400513,16.4083518982],[-86.8464736938,35.8749465942,-38.3209724426,1.19926285744,32.9425468445,-7.9387512207,20.9496040344,11.4486188889,14.3264141083,-18.8597316742,2.49758648872,16.4083518982,76.3258361816]],"icov":[[0.000533854414243,-0.00118661217857,0.00124506803695,-0.001401579706,0.00154821225442,-0.00178497435991,0.00132813025266,-0.0016482322244,0.00125952716917,-0.00124335230794,0.00172005186323,-0.000561380002182,0.000361886777682],[-0.00118661217857,0.00438985321671,-0.00238412991166,0.0031929386314,-0.00378092331812,0.00443992717192,-0.00361116230488,0.0035118937958,-0.00283528119326,0.00288156280294,-0.00468427687883,0.00250893761404,-0.00124448828865],[0.00124506803695,-0.00238412991166,0.00509844068438,-0.00239255954511,0.0022569342982,-0.00420704530552,0.00320233730599,-0.00320142530836,0.00172304897569,-0.00333793554455,0.00511400075629,-0.00383151578717,0.00283235264942],[-0.001401579706,0.0031929386314,-0.00239255954511,0.00804526824504,-0.00528225675225,0.00482652196661,-0.000928658584598,0.00359129882418,-0.00376781262457,0.00308387982659,-0.00427670869976,0.00247005675919,-0.000846933457069],[0.00154821225442,-0.00378092331812,0.0022569342982,-0.00528225675225,0.0108891604468,-0.00464304722846,0.000971210305579,-0.00276096398011,0.00147116917651,-0.00292500830255,0.00426485762,-0.000364639709005,-0.00134036096279],[-0.00178497435991,0.00443992717192,-0.00420704530552,0.00482652196661,-0.00464304722846,0.0133358715102,-0.00809694360942,0.00353311072104,-0.000774234184064,0.00214967178181,-0.00457225367427,0.00185881927609,-0.000795943487901],[0.00132813025266,-0.00361116230488,0.00320233730599,-0.000928658584598,0.000971210305579,-0.00809694360942,0.0137669071555,-0.00742698181421,0.00328861922026,-0.00105444504879,0.00080685003195,0.000769707141444,-0.000164790166309],[-0.0016482322244,0.0035118937958,-0.00320142530836,0.00359129882418,-0.00276096398011,0.00353311072104,-0.00742698181421,0.0201138183475,-0.0116715291515,0.00346554908901,-0.000653075112496,-0.000202163661015,-0.00149731023703],[0.00125952716917,-0.00283528119326,0.00172304897569,-0.00376781262457,0.00147116917651,-0.000774234184064,0.00328861922026,-0.0116715291515,0.0174537040293,-0.00813870597631,0.00233546411619,0.00371312675998,-0.00233913492411],[-0.00124335230794,0.00288156280294,-0.00333793554455,0.00308387982659,-0.00292500830255,0.00214967178181,-0.00105444504879,0.00346554908901,-0.00813870597631,0.0171327125281,-0.00632410589606,-0.00124727247749,0.00299828918651],[0.00172005186323,-0.00468427687883,0.00511400075629,-0.00427670869976,0.00426485762,-0.00457225367427,0.00080685003195,-0.000653075112496,0.00233546411619,-0.00632410589606,0.017035510391,-0.00577921187505,0.00303778215311],[-0.000561380002182,0.00250893761404,-0.00383151578717,0.00247005675919,-0.000364639709005,0.00185881927609,0.000769707141444,-0.000202163661015,0.00371312675998,-0.00124727247749,-0.00577921187505,0.0162912011147,-0.00792903173715],[0.000361886777682,-0.00124448828865,0.00283235264942,-0.000846933457069,-0.00134036096279,-0.000795943487901,-0.000164790166309,-0.00149731023703,-0.00233913492411,0.00299828918651,0.00303778215311,-0.00792903173715,0.0190844014287]],"mean":[-16.2039489746,89.2891540527,-128.601852417,56.2185935974,-60.6957931519,15.2005519867,-33.8168182373,10.1503562927,-27.9518947601,-1.79855000973,-21.2965164185,-12.3364114761,-5.87710285187]},"hfc":{"dmean":7.80523204803,"dmean2":11.7678871155,"dvar":248.920288086,"dvar2":622.358947754,"max":207.373840332,"mean":25.6689090729,"median":20.1156158447,"min":1.07320662604e-16,"var":558.503295898},"melbands":{"dmean":[0.000242745605647,0.000553009624127,0.000928239605855,0.000399429758545,0.00013872749696,0.0000998278410407,0.0000758633104851,0.0000773855790612,0.000136041708174,0.00013795545965,0.000125276637846,0.0000988167739706,0.0000514062121511,0.0000299394814647,0.0000337724159181,0.0000244213551923,0.0000302639327856,0.0000293527536996,0.0000282754717773,0.0000148507006088,0.0000165880828717,0.0000147587288666,0.0000148108892972,0.0000148823046402,0.00000700139480614,0.00000510276549903,0.00000655118174109,0.00000914588781598,0.0000087139515017,0.000006109514743,0.00000619349884801,0.00000837201787363,0.00000261845843852,0.00000221783739107,0.00000225008329835,9.274510262e-7,7.53428366806e-7,5.90728234329e-7,4.82768712118e-7,0.00000129425200157],"dmean2":[0.000406620558351,0.000922986131627,0.00153986224905,0.000668330641929,0.000216044165427,0.000157738730195,0.000117465569929,0.000118256772112,0.000207946490264,0.000202766706934,0.000190037855646,0.000147386163007,0.0000792307400843,0.0000467152312922,0.0000552079254703,0.0000384610902984,0.0000490168495162,0.0000486177632411,0.0000459255461465,0.0000241899160756,0.0000273992991424,0.0000244729708356,0.000024120314265,0.0000247064344876,0.0000114649055831,0.0000083137265392,0.000010524579011,0.0000147886094055,0.0000138390641951,0.00000951480615186,0.0000101606510725,0.0000144988771353,0.00000423293931817,0.00000360297985935,0.00000362774039786,0.00000138370057812,0.000001120447223,8.86132283995e-7,7.37709569876e-7,0.00000220847641685],"dvar":[1.15203917517e-7,5.72433918933e-7,0.00000213720181819,4.01706955699e-7,8.53306403314e-8,3.9645708938e-8,2.8467699309e-8,2.86244414838e-8,6.17419573246e-8,9.71724603005e-8,1.62368593237e-7,1.55937755153e-7,4.34371294489e-8,1.15101945752e-8,7.79655540128e-9,3.28169158514e-9,6.6111862651e-9,3.50621975898e-9,3.39571504249e-9,9.35013289016e-10,2.18171414268e-9,8.09679379099e-10,6.72281508241e-10,7.39616090595e-10,1.46057055339e-10,5.32860179592e-11,8.60525609103e-11,2.009940131e-10,1.98005292718e-10,1.11788370227e-10,2.7931615354e-10,1.04081121499e-9,6.11928771543e-11,4.2031822467e-11,4.38106495526e-11,5.27455943505e-12,4.38203509937e-12,1.76299675813e-12,1.24613763319e-12,2.24925668368e-11],"dvar2":[2.98729162296e-7,0.0000015880822275,0.00000523221478943,0.00000105099945813,1.95515212909e-7,9.03699799437e-8,6.39160475657e-8,5.99706098114e-8,1.3645951924e-7,1.9545005614e-7,3.1620243135e-7,2.9048518968e-7,9.13215245646e-8,2.33047448006e-8,2.09476329616e-8,7.8400947956e-9,1.7109181627e-8,9.44018285765e-9,8.55352055851e-9,2.31749130997e-9,5.99636429399e-9,2.20428497677e-9,1.76907988259e-9,1.85600235181e-9,3.84916459817e-10,1.37574937553e-10,2.18162862775e-10,5.24764953713e-10,4.95496421671e-10,2.70980626826e-10,7.6059541998e-10,2.97461943966e-9,1.69363412184e-10,1.13971818094e-10,1.1391575877e-10,1.06195148161e-11,8.15037533991e-12,3.97888709827e-12,3.09533952289e-12,6.29217858372e-11],"max":[0.00498796720058,0.0100396415219,0.0185449440032,0.00850703567266,0.00896862987429,0.00457310071215,0.00484983064234,0.00568982446566,0.00472516799346,0.00825701095164,0.0115360468626,0.0138586936519,0.0112370140851,0.0049219247885,0.0019931087736,0.00110992509872,0.00239968672395,0.00141904014163,0.00116517825518,0.00113191269338,0.00210646004416,0.000934599491302,0.000685573846567,0.000895668112207,0.000256435887422,0.000182484916877,0.00016714524827,0.000255728285993,0.000427267805208,0.000405185681302,0.000280326057691,0.000502912094817,0.000108950240246,0.000118655392725,0.000130828775582,0.0000883978354977,0.000119394004287,0.0000428320345236,0.0000194106069102,0.0000823731388664],"mean":[0.000513756007422,0.00124592985958,0.00149071239866,0.000641522870865,0.000262277084403,0.000189410799067,0.000145644065924,0.000141602111398,0.00024245561508,0.000252854108112,0.00022878004529,0.000184560121852,0.0000900954619283,0.0000511150501552,0.0000554231155547,0.0000419343668909,0.0000512751030328,0.0000497090550198,0.0000485819364258,0.0000286252616206,0.0000299571202049,0.0000285441165033,0.0000315445249726,0.000031612591556,0.0000154828521772,0.0000113514288387,0.0000146543306982,0.0000208453584492,0.0000210312045965,0.0000138328168759,0.00000958349846769,0.00000947817807173,0.00000341039094565,0.00000304684590446,0.00000322870027958,0.0000015971652374,0.0000013172295894,0.00000102737044472,7.56875863317e-7,0.00000140944905525],"median":[0.00035818584729,0.00107311829925,0.00094988924684,0.00038159682299,0.000139296505949,0.0000776601809775,0.0000433509048889,0.0000442739292339,0.0000993551802821,0.0000624967942713,0.0000394781745854,0.0000284848720185,0.0000159201736096,0.0000123339532365,0.0000157206231961,0.0000107068990474,0.0000126152808662,0.0000207788398257,0.0000170091389009,0.0000102355152194,0.0000100823035609,0.0000139518651849,0.000018993679987,0.000015851273929,0.0000083187906057,0.00000777865170676,0.00000985615770333,0.0000130068056023,0.0000121756656881,0.00000772987004893,0.00000366185236089,0.00000196327323465,8.9233435574e-7,7.09910636942e-7,7.78215621722e-7,6.77439345509e-7,5.6698206663e-7,4.60872456642e-7,2.6244572382e-7,1.52287498167e-7],"min":[6.7059280755e-25,1.22305655416e-24,1.56406919197e-24,1.45763883965e-24,8.87004766769e-25,1.74548116776e-24,1.69749357561e-24,1.76969781705e-24,1.86447866595e-24,2.97021829148e-24,2.40895105438e-24,2.51245315501e-24,1.50615289785e-24,2.18647985454e-24,2.60152679248e-24,2.55688259006e-24,4.39996439003e-24,3.655325055e-24,3.01945721424e-24,3.74399578176e-24,3.14898166678e-24,2.01098689934e-24,3.1721729941e-24,3.41496702579e-24,2.53677038406e-24,3.42815441354e-24,4.41616404315e-24,3.95116446054e-24,4.09528974235e-24,3.67428414357e-24,4.80264120011e-24,5.21452480582e-24,4.98243561661e-24,4.96600364396e-24,6.63046662739e-24,6.00823050029e-24,6.14498269365e-24,5.48848554858e-24,6.15161425285e-24,6.00058525483e-24],"var":[2.98938402921e-7,0.0000011413210359,0.00000305973867398,6.08362938692e-7,2.11628119473e-7,1.37226791708e-7,1.31402885017e-7,1.04020337233e-7,1.54367867822e-7,3.24705496269e-7,4.99776092511e-7,4.89424621719e-7,1.34044512379e-7,3.38975283398e-8,1.48735441741e-8,7.32743732357e-9,1.44943550495e-8,6.91895341021e-9,7.56422124937e-9,2.34264385668e-9,5.94361804218e-9,2.33006880457e-9,1.68456015803e-9,2.02961847329e-9,4.27504975864e-10,1.47657469585e-10,2.57179527674e-10,5.83056047887e-10,6.37972064066e-10,3.0656249761e-10,3.30303007168e-10,8.38300151518e-10,6.08992856144e-11,4.87358070567e-11,5.66610577901e-11,9.16435764081e-12,7.89124234707e-12,2.88746327196e-12,1.85448661635e-12,2.03649788005e-11]},"melbands_crest":{"dmean":3.02633976936,"dmean2":5.06331253052,"dvar":8.48490905762,"dvar2":22.1458148956,"max":34.3400650024,"mean":13.4491863251,"median":12.8321533203,"min":1.4844161272,"var":25.3400382996},"melbands_flatness_db":{"dmean":0.0212463289499,"dmean2":0.032752789557,"dvar":0.000441402517026,"dvar2":0.000970862456597,"max":0.43160957098,"mean":0.171289265156,"median":0.16498310864,"min":0.00267254724167,"var":0.00361731648445},"melbands_kurtosis":{"dmean":4.68407392502,"dmean2":7.39597177505,"dvar":79.0204772949,"dvar2":166.499694824,"max":356.285522461,"mean":10.2191038132,"median":4.53946971893,"min":-1.57694387436,"var":398.05267334},"melbands_skewness":{"dmean":0.617313146591,"dmean2":0.956776857376,"dvar":0.422021090984,"dvar2":0.921643972397,"max":14.6490182877,"mean":2.38841152191,"median":2.07118082047,"min":-1.81402361393,"var":2.63722491264},"melbands_spread":{"dmean":8.80021095276,"dmean2":14.2656669617,"dvar":137.647674561,"dvar2":358.640167236,"max":192.106018066,"mean":34.7604408264,"median":30.8269100189,"min":0.676971793175,"var":524.542602539},"mfcc":{"cov":[[10450.2587891,170.744094849,-399.693145752,249.950958252,-165.59828186,38.5286941528,-42.1298484802,70.9196777344,326.660522461,272.303894043,-21.2074947357,46.2863807678,-157.346221924],[170.744094849,906.455749512,-123.598861694,84.5666732788,17.7926387787,8.67853736877,133.342193604,27.4292564392,35.5590934753,100.472846985,-5.37291812897,66.3633956909,-16.0086612701],[-399.693145752,-123.598861694,453.601409912,-51.5986213684,13.8897781372,42.5425224304,-75.7341003418,1.45192360878,-20.4184303284,-82.009552002,45.2671012878,-63.9029426575,79.850189209],[249.950958252,84.5666732788,-51.5986213684,307.219543457,120.747413635,-41.2199172974,-71.4370574951,-39.3722267151,44.931022644,32.1618537903,-31.0044956207,48.8350257874,-2.29897689819],[-165.59828186,17.7926387787,13.8897781372,120.747413635,166.499542236,-0.0504503473639,-47.5489730835,-16.6471385956,33.2994995117,29.9752941132,-19.8086776733,15.2666158676,9.18771839142],[38.5286941528,8.67853736877,42.5425224304,-41.2199172974,-0.0504503473639,130.397521973,65.661491394,16.3863315582,-11.6755828857,-12.4550409317,26.1864776611,-22.9600486755,0.0476366505027],[-42.1298484802,133.342193604,-75.7341003418,-71.4370574951,-47.5489730835,65.661491394,200.430679321,54.8128662109,-23.0414333344,14.8715820312,-0.4687974751,18.3964061737,-31.8660907745],[70.9196777344,27.4292564392,1.45192360878,-39.3722267151,-16.6471385956,16.3863315582,54.8128662109,106.428779602,45.0656661987,13.4822721481,-1.11223363876,-17.5193576813,-4.27994346619],[326.660522461,35.5590934753,-20.4184303284,44.931022644,33.2994995117,-11.6755828857,-23.0414333344,45.0656661987,149.235122681,82.8019332886,-1.56708216667,-8.66430950165,-2.32269096375],[272.303894043,100.472846985,-82.009552002,32.1618537903,29.9752941132,-12.4550409317,14.8715820312,13.4822721481,82.8019332886,156.734359741,19.1216888428,40.2519989014,-25.8112030029],[-21.2074947357,-5.37291812897,45.2671012878,-31.0044956207,-19.8086776733,26.1864776611,-0.4687974751,-1.11223363876,-1.56708216667,19.1216888428,99.5801086426,16.8272209167,14.4166641235],[46.2863807678,66.3633956909,-63.9029426575,48.8350257874,15.2666158676,-22.9600486755,18.3964061737,-17.5193576813,-8.66430950165,40.2519989014,16.8272209167,126.516189575,25.6279525757],[-157.346221924,-16.0086612701,79.850189209,-2.29897689819,9.18771839142,0.0476366505027,-31.8660907745,-4.27994346619,-2.32269096375,-25.8112030029,14.4166641235,25.6279525757,109.496063232]],"icov":[[0.000121219112771,-0.00000120183881336,0.0000579726547585,-0.000154900510097,0.000352340110112,-0.000260167435044,0.000189143858734,-0.0000485190539621,-0.000211418344406,-0.000102541336673,0.000104180464405,-0.000101358877146,0.00013353547547],[-0.00000120183881336,0.00140785286203,0.0000182072199095,-0.000589848845266,0.0000760858165449,0.000262155110249,-0.0012371246703,0.0000970811815932,0.0000465759840154,-0.000755170418415,0.0000171804131242,0.000047635530791,-0.000374732131604],[0.0000579726547585,0.0000182072199095,0.00353318708949,0.000313071941491,-0.000603423104621,-0.000927064043935,0.00125484087039,-0.000618529564235,0.000192681327462,0.000994909089059,-0.00153491226956,0.00157965160906,-0.00202100793831],[-0.000154900510097,-0.000589848845266,0.000313071941491,0.00614842446521,-0.00381496176124,0.000591006421018,0.00126867450308,0.00136549654417,-0.00166160683148,0.00163845543284,0.000688475673087,-0.00222969474271,0.00111659918912],[0.000352340110112,0.0000760858165449,-0.000603423104621,-0.00381496176124,0.0107996854931,-0.00325672887266,0.00230229343288,-0.000200664435397,-0.000554759229999,-0.00259038573131,0.00282970769331,-0.000813634193037,-0.000169735678355],[-0.000260167435044,0.000262155110249,-0.000927064043935,0.000591006421018,-0.00325672887266,0.0127768442035,-0.006334642414,0.00146498461254,-0.0000292796739814,0.00122314528562,-0.00411471305415,0.00348648522049,-0.00115218607243],[0.000189143858734,-0.0012371246703,0.00125484087039,0.00126867450308,0.00230229343288,-0.006334642414,0.0121212312952,-0.00574161950499,0.00276174489409,-0.00114594085608,0.00240014144219,-0.00355745991692,0.00262027746066],[-0.0000485190539621,0.0000970811815932,-0.000618529564235,0.00136549654417,-0.000200664435397,0.00146498461254,-0.00574161950499,0.0154698165134,-0.00680723693222,0.00192718836479,-0.000212468585232,0.00147150154226,-0.000632414536085],[-0.000211418344406,0.0000465759840154,0.000192681327462,-0.00166160683148,-0.000554759229999,-0.0000292796739814,0.00276174489409,-0.00680723693222,0.0149212647229,-0.00804934464395,0.000724061450455,0.00347731821239,-0.00237832264975],[-0.000102541336673,-0.000755170418415,0.000994909089059,0.00163845543284,-0.00259038573131,0.00122314528562,-0.00114594085608,0.00192718836479,-0.00804934464395,0.0140533857048,-0.00348762283102,-0.00400559650734,0.00354849454015],[0.000104180464405,0.0000171804131242,-0.00153491226956,0.000688475673087,0.00282970769331,-0.00411471305415,0.00240014144219,-0.000212468585232,0.000724061450455,-0.00348762283102,0.0138756353408,-0.00321248499677,-0.000141232798342],[-0.000101358877146,0.000047635530791,0.00157965160906,-0.00222969474271,-0.000813634193037,0.00348648522049,-0.00355745991692,0.00147150154226,0.00347731821239,-0.00400559650734,-0.00321248499677,0.0141851939261,-0.00601609842852],[0.00013353547547,-0.000374732131604,-0.00202100793831,0.00111659918912,-0.000169735678355,-0.00115218607243,0.00262027746066,-0.000632414536085,-0.00237832264975,0.00354849454015,-0.000141232798342,-0.00601609842852,0.0137324212119]],"mean":[-638.709411621,101.636405945,-4.45619678497,38.6358413696,0.559834182262,6.45535564423,5.36829900742,1.51691544056,5.6334695816,3.60596370697,-5.55023241043,0.423855990171,-11.6064176559]},"pitch_salience":{"dmean":0.0591852813959,"dmean2":0.0977618470788,"dvar":0.00274295546114,"dvar2":0.00725902756676,"max":0.969883799553,"mean":0.526843130589,"median":0.52956867218,"min":0.0574762225151,"var":0.0107551040128},"silence_rate_20dB":{"dmean":0,"dmean2":0,"dvar":0,"dvar2":0,"max":1,"mean":1,"median":1,"min":1,"var":0},"silence_rate_30dB":{"dmean":0.000288309063762,"dmean2":0.000576701248065,"dvar":0.000288238894427,"dvar2":0.000864771136548,"max":1,"mean":0.999855875969,"median":1,"min":0,"var":0.000144105521031},"silence_rate_60dB":{"dmean":0.00778434472159,"dmean2":0.0155709339306,"dvar":0.0077241784893,"dvar2":0.0176369026303,"max":1,"mean":0.0828769132495,"median":0,"min":0,"var":0.0760067626834},"spectral_centroid":{"dmean":288.491607666,"dmean2":464.336334229,"dvar":111705.359375,"dvar2":266163.9375,"max":11633.6044922,"mean":1953.94042969,"median":1879.60693359,"min":242.798934937,"var":1742535.75},"spectral_complexity":{"dmean":3.39195609093,"dmean2":5.04469442368,"dvar":11.0970106125,"dvar2":21.2907962799,"max":55,"mean":21.5386276245,"median":21,"min":0,"var":135.095672607},"spectral_contrast_coeffs":{"dmean":[0.0528379902244,0.0462483093143,0.039751380682,0.0310805924237,0.0205249581486,0.0183040760458],"dmean2":[0.0883549079299,0.0758664533496,0.0639810487628,0.0506601110101,0.0335765369236,0.0289651658386],"dvar":[0.00211974885315,0.00141035043634,0.00109778309707,0.000602337357122,0.000275639991742,0.000256082392298],"dvar2":[0.00568252103403,0.00369343208149,0.00272082933225,0.00155785307288,0.000697080628015,0.000611520430539],"max":[-0.334603369236,-0.442521929741,-0.421754956245,-0.555040121078,-0.601835131645,-0.606803655624],"mean":[-0.630447268486,-0.730314493179,-0.739718317986,-0.754768490791,-0.780380904675,-0.731276273727],"median":[-0.631950139999,-0.737357437611,-0.751325488091,-0.751900732517,-0.779091954231,-0.725240707397],"min":[-0.982263743877,-0.977801799774,-0.977597296238,-0.980290710926,-0.970510482788,-0.964495122433],"var":[0.0072302534245,0.00632507167757,0.00793352723122,0.00345536856912,0.00209167110734,0.00245899171568]},"spectral_contrast_valleys":{"dmean":[0.380071252584,0.3561450243,0.294389009476,0.244712337852,0.193324431777,0.30654746294],"dmean2":[0.632847487926,0.578260242939,0.475857615471,0.386813282967,0.282650500536,0.376592159271],"dvar":[0.119770362973,0.101406909525,0.0751223191619,0.0576427169144,0.0552199967206,0.132968991995],"dvar2":[0.281352669001,0.228179261088,0.155147999525,0.104533113539,0.0861543118954,0.215824142098],"max":[-5.57287549973,-5.20280313492,-5.61564683914,-6.16993665695,-5.7706246376,-7.79000997543],"mean":[-7.53383493423,-7.33352565765,-7.93667984009,-8.11395263672,-7.5058927536,-10.274930954],"median":[-7.02893018723,-6.88996124268,-7.5070810318,-7.65435647964,-7.00213623047,-9.96764183044],"min":[-28.260892868,-28.0585670471,-27.7833309174,-27.7781162262,-27.5008411407,-27.4045238495],"var":[6.94728088379,7.07424449921,6.63283443451,6.59563159943,7.08756256104,5.48740720749]},"spectral_decrease":{"dmean":1.49791112847e-9,"dmean2":2.28419727577e-9,"dvar":3.34167091517e-18,"dvar2":7.20012664034e-18,"max":5.14918568163e-22,"mean":-5.61733726201e-9,"median":-5.25092325177e-9,"min":-2.77297846907e-8,"var":1.2306451528e-17},"spectral_energy":{"dmean":0.00608544424176,"dmean2":0.00916666723788,"dvar":0.0000541637527931,"dvar2":0.000113134890853,"max":0.119495093822,"mean":0.02352931723,"median":0.0219872519374,"min":1.00389466417e-20,"var":0.000215652835323},"spectral_energyband_high":{"dmean":0.000855183810927,"dmean2":0.00134923565201,"dvar":0.00000426388805863,"dvar2":0.0000111201788968,"max":0.0346867516637,"mean":0.00177864043508,"median":0.00096207135357,"min":7.05680382149e-21,"var":0.00000648402829029},"spectral_energyband_low":{"dmean":0.00255960831419,"dmean2":0.00426273886114,"dvar":0.0000113082669486,"dvar2":0.0000293921493721,"max":0.0418323501945,"mean":0.00646525993943,"median":0.00580875668675,"min":1.18388379237e-23,"var":0.0000247593125096},"spectral_energyband_middle_high":{"dmean":0.0018676999025,"dmean2":0.00274475757033,"dvar":0.0000122397477753,"dvar2":0.0000235609077208,"max":0.0959493666887,"mean":0.00633872207254,"median":0.00460540968925,"min":1.02830707434e-21,"var":0.0000522097870999},"spectral_energyband_middle_low":{"dmean":0.00447474652901,"dmean2":0.00699802534655,"dvar":0.0000348873909388,"dvar2":0.0000807010073913,"max":0.0772777199745,"mean":0.0107880951837,"median":0.00818764418364,"min":1.37387699709e-22,"var":0.0000854072786751},"spectral_entropy":{"dmean":0.12614262104,"dmean2":0.183938711882,"dvar":0.0199488550425,"dvar2":0.0392973423004,"max":9.81918048859,"mean":7.69329118729,"median":7.6853427887,"min":5.44128274918,"var":0.18579672277},"spectral_flux":{"dmean":0.017576245591,"dmean2":0.0272366516292,"dvar":0.000360660953447,"dvar2":0.000800993002485,"max":0.246864169836,"mean":0.0749032348394,"median":0.0720126628876,"min":6.46324868625e-11,"var":0.00139200675767},"spectral_kurtosis":{"dmean":1.01126587391,"dmean2":1.72401475906,"dvar":0.996383666992,"dvar2":2.86332368851,"max":12.9359502792,"mean":2.66899108887,"median":2.41045832634,"min":-1.26245439053,"var":2.45684313774},"spectral_rms":{"dmean":0.000589718052652,"dmean2":0.000879795814399,"dvar":3.99687110075e-7,"dvar2":7.97216671344e-7,"max":0.0107972491533,"mean":0.0044857589528,"median":0.00463152024895,"min":3.12955173928e-12,"var":0.00000283339227281},"spectral_rolloff":{"dmean":654.071044922,"dmean2":1114.90783691,"dvar":1146204.375,"dvar2":2821065.75,"max":19379.8828125,"mean":2380.26538086,"median":1873.38867188,"min":86.1328125,"var":6746282.5},"spectral_skewness":{"dmean":0.157862365246,"dmean2":0.259672790766,"dvar":0.0209350492805,"dvar2":0.0533526465297,"max":2.91240811348,"mean":1.05298757553,"median":1.00255656242,"min":-0.066914498806,"var":0.130454808474},"spectral_spread":{"dmean":457988,"dmean2":664499.3125,"dvar":586187210752,"dvar2":1133238550530,"max":42676176,"mean":5013003,"median":4130178.5,"min":2527353.25,"var":21247788318700},"spectral_strongpeak":{"dmean":0.593597888947,"dmean2":1.00590777397,"dvar":1.00221502781,"dvar2":2.59382414818,"max":19.2680301666,"mean":0.99948066473,"median":0.384298622608,"min":0,"var":2.02300286293},"zerocrossingrate":{"dmean":0.0107238870114,"dmean2":0.0131319211796,"dvar":0.00019002983754,"dvar2":0.000273147947155,"max":0.52001953125,"mean":0.0805669724941,"median":0.0712890625,"min":0.00341796875,"var":0.00395888788626}},"metadata":{"audio_properties":{"analysis_sample_rate":44100,"bit_rate":160000,"codec":"mp3","downmix":"mix","equal_loudness":0,"length":161.071014404,"lossless":false,"md5_encoded":"da33c4ef09c54283f49642b7f87b6345","replay_gain":-7.54545402527,"sample_rate":44100},"tags":{"acoustid_fingerprint":["AQADtFOiJUoSdVgjvDCOXPC06IG4-MgPNMePeVPQ8EcvHSEPT3yKyJ3xOYePH5_gK8HlGOnCQduFXwHO49Gh5UnRcbrxI9-OC83ejOg2PLCLa-nwJcgtJPty4IafJTnSSiKSRWxu_MFzNKcWo0yoKBuRXIlJBDf2w3lwLcNF6BN844uOO15QH42maMNNFh_C_NCeB7lIzBceJUqIc8eNX0fPwF1edElyBjl56D7yY12C0Aq4Q5-MaHNdtFF4zEooHL1AxaFRaxPOK8cpHRcVXOiPMA-NBD-ug5NeXDtRUd7QDB_4SkO-oD-01MW3LBWeLJQUwQ-PfHiKfwgzZmgnBTqy9grKG6Zw56DGoy9-fEeYripkVZOQk4M1-ygn8EFF60F46Arxo-mOPEfOHdRwZb2gtMEnKMh3WMsNxurxRg8eH92xlTLeHLmP5EJ_fHXw8VqILser5Sgl4ThGMSq6ahxyHXq-gkeqXhirkfADVw9-4RkqKsFJ4bwQL8oH_UGYZyjlAJ8kHNN3WF6Q_Mh-_Dl8lNSF98iiHkm2kLAmHf3xGx-SJz_CZ1XQbMWL_3AyhcWx5_AXNXiPJBZ15D7e0HiYKEZzotJzfEqFRtEmMUgmf8iD82gq9MfzIS70IZdy4S2F8haa446JJpmYoa-OvkJT4kSuBvqXIG-OE4-C5kRFB6vx-WDi5Aj1orwKLVWISw8aGjkz3Mefo8OPMtqQHjp35ME-_Ngi5viRMcsNZTI39AdOyHqGUOIuNM_y4MRf-EpxiniM6TyaV0FeOUiOMsdmwXnw-7ATo2cio_yQcMkf5CJV9PFx4jyOMNDeI2_oJLhECQ1RUtpxh0JTDad6NDX-JyJyHn0KLT3eXAitw4GfCOtRcQ7OE-xxHi3yH0evY6eHxmGOXrhu5ESzHcc3_DguXShlhOziQYseRPeRJRRl6OIQTbfhEdVG41LooHHzoNaP52jqoLqK3Ej4483xr0KrKYVH6ugT42ieaS3KRsSTPcTTI9xzJPwSXHiES0fLxcg7I_nh49FV3CjC5LqQNE-6Cc2YoWxs_MGzrEO9o04z5EeSv0JzVejDiOBzPJgsxBe051jd47icEJ8UHdeRJeiPfUfx6HCPH6fQnHmgH7iD5qnRF0-U4zliWiKSO8WJKUZv_Ae9dPDIC8mXIM-Hh0IzuuB-eD_6LBqSJSfCX_gTMbge4zoqHc01_MaN7NHRPeHQ_AmkMkeTHdpZ5IjUZYVeIzzRW2iyH4_04Q_2HI2mHH1TJDePHM-H5kL9NfhmfLlxIczDQFsl5MF3sNTRPsem0kjXo2JsQteFH80X9Dv0_Mi1mTiTo_kxrSGSZyKy_sGetPAv_EWjKQ_64jr2o1dHNCHNIkl_5Mel4U_x6yjroz7xtFsQb0hGi4frHCdqKsU_JN4Ra2Fw0crQcEefA8kfI0woHv2PbrvQ4FeOV0EY7tCOXJmHKUzCHO_RP_iDPow8UNMVvBfy6ThrnBeQPTwY68ErXKj05PiP8Eiuo_ou-Al-HJSHJLuRXsEFSzpi6hCJfEfzhLiO_kMTUtEwphkOJi_C00Py4zkYaSI23TiNWhNeOSZeJI-PMMqzBH2r4P3xE38QXkiWh_hm4mRkPEejol