{"lowlevel":{"average_loudness":0.848226964474,"barkbands":{"dmean":[0.00042008885066,0.00716534582898,0.00365070486441,0.00103960302658,0.00141549727414,0.000766871788073,0.000891169998795,0.000339151913067,0.000593335658778,0.000259345746599,0.000079682096839,0.0000574453042645,0.0000261981094809,0.0000276813716482,0.0000241202142206,0.00000884335804585,0.0000152760712808,0.0000116978480946,0.0000452278400189,0.0000110019345811,0.00000653019196761,9.18905527669e-7,1.0205928902e-7,3.76515032485e-8,7.81384734694e-9,4.02882438522e-9,3.55487261849e-9],"dmean2":[0.000471346487757,0.0100163072348,0.00523498328403,0.00153343810234,0.00203181151301,0.00100765423849,0.00123638671357,0.000443182419986,0.00090753112454,0.000351972383214,0.0000975195653155,0.0000777265522629,0.0000391309222323,0.0000381847348763,0.0000352030692738,0.0000137287515827,0.0000245061182795,0.0000190724949789,0.0000686812563799,0.0000171046667674,0.0000100283659776,0.00000137080212426,1.74138776288e-7,6.69007036436e-8,1.33673818681e-8,6.81231071553e-9,6.16961237654e-9],"dvar":[7.73279509758e-7,0.000142949094879,0.0000922090330278,0.00000522556638316,0.00000687665351506,0.00000338442646353,0.00000819007345854,0.00000114579006549,0.0000071358799687,0.00000154906592797,5.16710656484e-8,4.4556863088e-8,1.11678142289e-8,3.2393845828e-8,2.20428546527e-8,3.22455551149e-9,4.00603505923e-9,2.17385265344e-9,4.80880011366e-8,3.40432282364e-9,9.28330523564e-10,1.6642758352e-11,3.72084226494e-13,1.17018943363e-13,1.99794489357e-15,3.2192410294e-17,1.58721831304e-17],"dvar2":[7.19144850336e-7,0.000310582836391,0.000187705503777,0.0000107931600724,0.0000138496525324,0.00000538073936696,0.0000153493547259,0.00000175871309693,0.0000167669586517,0.00000278855759461,9.36153838893e-8,8.25556654149e-8,2.21641567322e-8,5.50856888992e-8,4.63332767708e-8,6.44021769247e-9,9.91366899683e-9,5.62914781455e-9,1.11604201436e-7,7.6949220329e-9,2.00421212959e-9,3.69758633434e-11,9.89333289771e-13,3.36640302223e-13,5.506880098e-15,7.71244078729e-17,4.75674678024e-17],"max":[0.0304472930729,0.183216616511,0.140204265714,0.0444053933024,0.0711247250438,0.0533208474517,0.0865738391876,0.0434422194958,0.061647567898,0.0415685847402,0.00574686657637,0.00603834632784,0.00304325507022,0.0108279958367,0.00625483458862,0.00287866475992,0.00172664644197,0.00112261879258,0.00543329818174,0.0016175218625,0.000803190341685,0.0000861481967149,0.0000181885843631,0.0000117649460663,0.00000145883916502,3.13926790341e-7,7.33472091952e-8],"mean":[0.00186657032464,0.0273380856961,0.0070842159912,0.00260616256855,0.00407250504941,0.00247347936966,0.00265319179744,0.000973154907115,0.0014367956901,0.000558260129765,0.000147327824379,0.00010905507952,0.0000540570435987,0.0000545741277165,0.000048754922318,0.0000146420734382,0.0000250282464549,0.0000191484814422,0.0000775717999204,0.0000163926415553,0.0000114818722068,0.00000167582572885,1.24450167505e-7,4.41457963518e-8,2.25058620629e-8,2.25700578227e-8,2.47946427834e-8],"median":[0.000376364332624,0.0170556977391,0.00231419783086,0.00106096197851,0.00177538546268,0.000811081088614,0.000630598864518,0.000211662554648,0.00017008613213,0.0000570484953641,0.0000177110177901,0.00000876827016327,0.00000671941779729,0.00000329847216562,0.00000363804247172,0.00000141405519116,0.0000023615552891,0.0000016714946014,0.00000434361800217,7.50836875341e-7,3.34540288804e-7,8.33159958802e-8,2.2404051947e-8,1.77697749848e-8,1.88658866307e-8,2.45729783188e-8,2.98051716641e-8],"min":[7.37150915112e-24,9.74021232489e-24,1.64738864134e-23,1.92520336405e-23,3.10011638798e-23,1.63251940213e-23,4.31597949704e-23,3.2812820814e-23,3.63370947734e-23,3.7152041731e-23,3.79830562075e-23,8.48384499488e-23,6.47846401723e-23,1.12125167593e-22,1.10374754664e-22,9.25024734567e-23,1.44864472882e-22,1.81080584791e-22,1.96555927915e-22,4.1506882094e-22,4.37001930895e-22,6.782998153e-22,6.50947268791e-22,6.57043787815e-22,1.38806833972e-21,1.57775240562e-21,2.28071324975e-21],"var":[0.000014508800632,0.000916067510843,0.000168703845702,0.0000166509671544,0.0000472585779789,0.0000250102366408,0.0000417878945882,0.00000698333133187,0.0000197229182959,0.00000405998025599,1.31841503048e-7,1.08268885413e-7,2.75259601779e-8,6.47502460538e-8,4.68654270946e-8,5.4631104085e-9,7.31724680847e-9,3.58929108657e-9,8.28613622161e-8,5.10645215002e-9,1.89793136762e-9,3.27202362427e-11,4.30410400246e-13,7.47948591625e-14,1.98373252774e-15,2.36390166678e-16,1.93418742661e-16]},"barkbands_crest":{"dmean":1.90515875816,"dmean2":2.8978471756,"dvar":3.51409101486,"dvar2":7.96749925613,"max":26.7772483826,"mean":14.7625360489,"median":14.5560760498,"min":4.25737380981,"var":20.8329849243},"barkbands_flatness_db":{"dmean":0.0195516739041,"dmean2":0.0279287658632,"dvar":0.000525551207829,"dvar2":0.00105120555963,"max":0.50701880455,"mean":0.335381001234,"median":0.338195592165,"min":0.0543671622872,"var":0.00546360341832},"barkbands_kurtosis":{"dmean":4.09872293472,"dmean2":6.08203649521,"dvar":41.7025146484,"dvar2":91.1493148804,"max":238.879989624,"mean":11.8655118942,"median":6.84975719452,"min":-1.82932519913,"var":332.910552979},"barkbands_skewness":{"dmean":0.478575348854,"dmean2":0.683719038963,"dvar":0.255424648523,"dvar2":0.505117535591,"max":15.2836503983,"mean":2.39542675018,"median":2.12518143654,"min":-2.01020288467,"var":2.57066917419},"barkbands_spread":{"dmean":1.06031048298,"dmean2":1.55344665051,"dvar":5.92021512985,"dvar2":12.9454040527,"max":130.810913086,"mean":4.88821220398,"median":3.79635047913,"min":0.456476032734,"var":16.5064353943},"dissonance":{"dmean":0.0366759225726,"dmean2":0.0602798759937,"dvar":0.00109706562944,"dvar2":0.00280789542012,"max":0.500000119209,"mean":0.404816150665,"median":0.411525189877,"min":0.156262859702,"var":0.00299407262355},"dynamic_complexity":8.56521034241,"erbbands":{"dmean":[0.251425147057,1.55141079426,3.94437623024,3.86495828629,3.10242271423,6.1252374649,5.59714126587,6.60699176788,12.6284914017,9.27317142487,7.31650924683,15.429690361,11.1053953171,4.10749530792,2.57766842842,2.03336000443,1.33579039574,0.838468790054,1.72822451591,0.629778623581,0.494526565075,0.912172734737,0.705070972443,1.13411974907,2.36713862419,0.392513722181,0.378403425217,0.0922037139535,0.0430113971233,0.00651929434389,0.00274709612131,0.00124679936562,0.000452280743048,0.000129188440042,0.0000442236851086,0.0000212277718674,0.00000936960623221,0.0000034117758787,0.00000505406615048,0.0000120926197269],"dmean2":[0.326971024275,2.24250745773,5.6859869957,5.56287050247,4.4413690567,8.83522510529,7.4225859642,8.88742256165,18.1742954254,11.9045181274,10.1987390518,22.9864940643,15.2050924301,5.37531709671,3.33352017403,2.7637553215,1.93032300472,1.13519597054,2.40113377571,0.933126807213,0.769774377346,1.4562741518,1.14477741718,1.70996773243,3.67004299164,0.590065538883,0.578728079796,0.140375971794,0.0640758350492,0.0100568439811,0.00473459297791,0.00220634182915,0.000791336758994,0.000221566369873,0.0000738076487323,0.0000344554355252,0.0000152744723891,0.00000586453779761,0.00000697730729371,0.0000167349408002],"dvar":[0.15178732574,8.57655525208,94.763168335,104.121749878,32.7057876587,191.667907715,104.809783936,260.92364502,1725.72595215,613.653747559,562.713195801,5684.01611328,2644.74902344,185.481079102,70.0998840332,57.3979911804,25.2235336304,59.9532852173,79.0188598633,6.08266448975,7.16640424728,15.6665716171,9.09459018707,21.2380504608,149.788787842,3.28009319305,3.03627824783,0.193343535066,0.0359796583652,0.000768065685406,0.000339255260769,0.000103914950159,0.0000164227458299,7.79350557423e-7,1.97147933534e-8,1.20547416493e-9,1.47642481574e-10,1.30421420191e-11,6.74561309588e-11,3.92343713074e-10],"dvar2":[0.300707995892,18.2303085327,193.171005249,207.276870728,68.8008041382,368.373931885,173.108108521,444.527862549,3526.60302734,941.113830566,1077.28479004,12761.3574219,4707.33251953,347.112121582,135.635696411,105.197883606,47.7521820068,95.6730880737,145.992263794,11.1369218826,15.1930999756,38.6607055664,22.520318985,46.6420974731,354.225982666,7.25875616074,6.59042263031,0.428915172815,0.0784446746111,0.0018028812483,0.000922020233702,0.000294918601867,0.0000474449261674,0.00000217921251533,5.17393132782e-8,2.53746801349e-9,3.61781660185e-10,3.77364146875e-11,1.39442485336e-10,8.20990497807e-10],"max":[7.50494718552,46.5876693726,142.50994873,204.668136597,138.057342529,411.162567139,349.103881836,513.004455566,1254.37414551,674.765319824,864.043151855,1815.64599609,1519.52172852,556.602600098,221.833969116,307.671447754,148.634994507,542.795349121,415.437988281,93.3244094849,94.4754943848,128.683898926,80.8019943237,128.770141602,282.023132324,41.6030044556,48.2279205322,13.7941665649,3.83541178703,0.724371314049,0.601929605007,0.315481901169,0.150395303965,0.0315316133201,0.00424949638546,0.00183363759425,0.00047914579045,0.0000613279698882,0.000114278664114,0.000260708387941],"mean":[1.10704445839,4.87801456451,8.00461101532,8.88848209381,8.94709300995,16.542263031,17.3469390869,22.188123703,36.2729225159,31.2920055389,21.0167484283,34.9409790039,24.1672382355,10.1079177856,5.03876781464,4.13088846207,3.04868936539,1.77179539204,3.77127385139,1.5505797863,0.870152592659,1.52514004707,1.16494739056,2.28284096718,3.76273036003,0.698232889175,0.683393359184,0.158503651619,0.0794986188412,0.0110652623698,0.00351242115721,0.00133742054459,0.000637699500658,0.000309153227136,0.000177051770152,0.000111883062345,0.0000567794377275,0.0000211489186768,0.0000265112721536,0.0000566198978049],"median":[0.613736152649,2.8637881279,3.45416069031,4.120262146,4.30979919434,5.62638998032,7.33379077911,8.30747413635,8.65646743774,9.79584693909,5.32684612274,4.86647701263,3.29748773575,1.73932766914,0.893349647522,0.496926546097,0.459193140268,0.183236896992,0.282583594322,0.170071318746,0.0937200188637,0.148939058185,0.108797006309,0.155200719833,0.201979488134,0.0392593629658,0.0220716260374,0.00668360339478,0.00354884215631,0.0012788156746,0.000664638180751,0.000428981002187,0.00032015342731,0.00023243992473,0.000167087622685,0.000113933769171,0.0000620303908363,0.0000253714824794,0.0000237135955103,0.0000472670799354],"min":[2.1026058754e-22,1.85004618747e-21,1.35519956279e-20,3.88258869369e-20,1.31525724052e-19,5.51328092105e-20,7.64750900655e-20,1.82688615622e-19,6.35697709926e-19,4.21830963882e-19,9.7291298268e-19,5.84245369766e-19,1.05205152323e-18,1.46468912424e-18,1.52194780701e-18,3.24100406859e-18,2.82523682974e-18,3.35503505194e-18,6.11941434286e-18,4.17690516496e-18,5.4029559912e-18,6.55099169155e-18,8.15337619569e-18,1.12944266542e-17,1.57674256689e-17,1.58121000394e-17,1.56617715436e-17,1.85752935669e-17,2.36829617959e-17,1.6712792193e-17,1.93926638174e-17,1.24100046145e-17,1.36813415113e-17,1.2515435401e-17,1.1796191105e-17,6.14798805635e-18,2.77455940272e-18,1.20676200833e-18,2.73927735786e-19,3.32223812906e-20],"var":[1.7654684782,33.69165802,180.63130188,201.948898315,186.433502197,1348.27233887,749.717834473,1947.8840332,8296.5390625,4356.98974609,2455.31079102,13425.0654297,7159.90673828,769.554870605,157.327697754,142.505432129,74.4034729004,118.339309692,202.049606323,22.4518966675,12.4222555161,30.486497879,14.5530462265,55.1989974976,215.672729492,5.88044881821,6.53293323517,0.333340108395,0.0746073797345,0.00147443148308,0.000339448364684,0.0000709846717655,0.0000105986136987,6.89506691742e-7,3.4419425532e-8,7.74002106851e-9,1.3429407586e-9,1.48273698874e-10,4.83585615996e-10,2.54881094008e-9]},"erbbands_crest":{"dmean":2.08576750755,"dmean2":3.14097189903,"dvar":4.08153533936,"dvar2":9.15729618073,"max":29.9598293304,"mean":11.3069458008,"median":10.4253292084,"min":2.1790792942,"var":19.7094078064},"erbbands_flatness_db":{"dmean":0.013148794882,"dmean2":0.0192247256637,"dvar":0.00020324086654,"dvar2":0.000430456770118,"max":0.407283306122,"mean":0.26334041357,"median":0.275127023458,"min":0.0281699057668,"var":0.00359934405424},"erbbands_kurtosis":{"dmean":1.1613972187,"dmean2":1.69035589695,"dvar":1.8996796608,"dvar2":3.9879655838,"max":28.0760917664,"mean":2.56173968315,"median":1.92468214035,"min":-1.67554497719,"var":8.46129703522},"erbbands_skewness":{"dmean":0.283104002476,"dmean2":0.401939719915,"dvar":0.0746377632022,"dvar2":0.155940905213,"max":4.49681663513,"mean":0.905646145344,"median":0.875957429409,"min":-1.27021360397,"var":0.485582828522},"erbbands_spread":{"dmean":3.34783434868,"dmean2":5.01393985748,"dvar":18.4447975159,"dvar2":42.4027023315,"max":114.227325439,"mean":18.2016410828,"median":15.4635601044,"min":1.51321184635,"var":140.539001465},"gfcc":{"cov":[[24083.7246094,5810.68603516,-3214.19458008,306.021057129,548.677124023,-1595.21496582,1190.74487305,-572.647827148,228.072647095,-221.491424561,376.180603027,-572.374023438,252.057647705],[5810.68603516,2049.68334961,-236.552474976,-184.284790039,192.271987915,-396.386230469,235.092498779,-95.576675415,-15.5028467178,-126.849685669,183.249710083,-112.863876343,72.9184112549],[-3214.19458008,-236.552474976,1610.40490723,-220.09703064,-0.311685502529,380.920684814,-254.443771362,117.359130859,-50.7423248291,-131.45664978,84.5683898926,165.212982178,1.94743216038],[306.021057129,-184.284790039,-220.09703064,247.332931519,-0.66912561655,-52.7086334229,47.9816474915,-20.7899055481,45.8914070129,26.4067382812,-54.1446342468,-28.5192813873,6.17050790787],[548.677124023,192.271987915,-0.311685502529,-0.66912561655,176.173019409,-11.6028213501,21.9856033325,20.2184143066,1.03895914555,-24.7149085999,37.2109794617,-9.28859996796,25.0766487122],[-1595.21496582,-396.386230469,380.920684814,-52.7086334229,-11.6028213501,279.966003418,-64.3642501831,19.4440307617,-5.4017496109,-30.057516098,-10.5851774216,64.5119094849,-15.7333517075],[1190.74487305,235.092498779,-254.443771362,47.9816474915,21.9856033325,-64.3642501831,183.953704834,-3.37168598175,10.6561536789,14.9385299683,22.7249488831,-29.4871253967,24.6619682312],[-572.647827148,-95.576675415,117.359130859,-20.7899055481,20.2184143066,19.4440307617,-3.37168598175,109.137496948,12.9326839447,-14.6436357498,2.87744355202,15.7018384933,1.54899692535],[228.072647095,-15.5028467178,-50.7423248291,45.8914070129,1.03895914555,-5.4017496109,10.6561536789,12.9326839447,115.998908997,39.642250061,-41.0407524109,-19.4767951965,16.986951828],[-221.491424561,-126.849685669,-131.45664978,26.4067382812,-24.7149085999,-30.057516098,14.9385299683,-14.6436357498,39.642250061,118.399162292,-15.0694627762,-24.0530014038,4.33246564865],[376.180603027,183.249710083,84.5683898926,-54.1446342468,37.2109794617,-10.5851774216,22.7249488831,2.87744355202,-41.0407524109,-15.0694627762,118.841293335,31.5794219971,-0.417968571186],[-572.374023438,-112.863876343,165.212982178,-28.5192813873,-9.28859996796,64.5119094849,-29.4871253967,15.7018384933,-19.4767951965,-24.0530014038,31.5794219971,81.312461853,15.3351688385],[252.057647705,72.9184112549,1.94743216038,6.17050790787,25.0766487122,-15.7333517075,24.6619682312,1.54899692535,16.986951828,4.33246564865,-0.417968571186,15.3351688385,67.5828399658]],"icov":[[0.000630484952126,-0.00135336630046,0.000790127553046,-0.000894545693882,0.0000951488837018,0.0000611632640357,-0.000649941968732,0.00139845150989,-0.00165983790066,0.00166378333233,-0.00139890832361,0.000836025923491,-0.00053610058967],[-0.00135336630046,0.00577254546806,-0.00263503356837,0.00511597190052,-0.00174268102273,0.00431354530156,-0.00194259139244,0.00108941388316,0.000731026462745,0.00078137795208,0.000926655367948,0.00109010527376,0.000287348026177],[0.000790127553046,-0.00263503356837,0.00283086299896,-0.00195380277,0.0011214450933,-0.003029900603,0.00205567455851,-0.000777756387834,-0.001324154553,0.00159268884454,-0.00271408399567,0.000432002590969,-0.00174486835022],[-0.000894545693882,0.00511597190052,-0.00195380277,0.0102737238631,-0.00259587285109,0.0056934109889,-0.00421553617343,0.00362599384971,-0.0022078929469,0.00231720157899,0.0025003454648,0.000326870242134,0.00102625112049],[0.0000951488837018,-0.00174268102273,0.0011214450933,-0.00259587285109,0.00874469056726,-0.00376335531473,0.00294013414532,-0.00398497097194,0.000830923207104,0.000245869450737,-0.00374475470744,0.00343825994059,-0.0044002532959],[0.0000611632640357,0.00431354530156,-0.003029900603,0.0056934109889,-0.00376335531473,0.0139566026628,-0.00700793229043,0.00799918547273,-0.00514959217981,0.00619525974616,0.000832893070765,-0.00128906813916,0.00289958552457],[-0.000649941968732,-0.00194259139244,0.00205567455851,-0.00421553617343,0.00294013414532,-0.00700793229043,0.0140664922073,-0.00829786993563,0.00488792313263,-0.00563373835757,-0.00153462996241,0.000490966020152,-0.00380795123056],[0.00139845150989,0.00108941388316,-0.000777756387834,0.00362599384971,-0.00398497097194,0.00799918547273,-0.00829786993563,0.0203180480748,-0.00989777874202,0.010201934725,-0.00361683545634,0.00243850005791,0.000461531773908],[-0.00165983790066,0.000731026462745,-0.001324154553,-0.0022078929469,0.000830923207104,-0.00514959217981,0.00488792313263,-0.00989777874202,0.0195562895387,-0.0123124541715,0.00865062884986,-0.0030550302472,-0.000801869260613],[0.00166378333233,0.00078137795208,0.00159268884454,0.00231720157899,0.000245869450737,0.00619525974616,-0.00563373835757,0.010201934725,-0.0123124541715,0.0223127882928,-0.00923328101635,0.00959678925574,-0.00470310356468],[-0.00139890832361,0.000926655367948,-0.00271408399567,0.0025003454648,-0.00374475470744,0.000832893070765,-0.00153462996241,-0.00361683545634,0.00865062884986,-0.00923328101635,0.0215856041759,-0.0136566888541,0.00794368423522],[0.000836025923491,0.00109010527376,0.000432002590969,0.000326870242134,0.00343825994059,-0.00128906813916,0.000490966020152,0.00243850005791,-0.0030550302472,0.00959678925574,-0.0136566888541,0.0298924650997,-0.012862091884],[-0.00053610058967,0.000287348026177,-0.00174486835022,0.00102625112049,-0.0044002532959,0.00289958552457,-0.00380795123056,0.000461531773908,-0.000801869260613,-0.00470310356468,0.00794368423522,-0.012862091884,0.0236000921577]],"mean":[-191.479446411,203.726333618,-69.7348632812,15.9048061371,-26.3686580658,-23.8412017822,-0.380444318056,7.00694227219,-11.1330699921,1.64229416847,-2.27267408371,-6.92871284485,-2.13581347466]},"hfc":{"dmean":1.92429733276,"dmean2":2.68327355385,"dvar":15.9476003647,"dvar2":31.255487442,"max":76.5693969727,"mean":8.94690132141,"median":6.80066585541,"min":1.18521707184e-16,"var":94.487663269},"melbands":{"dmean":[0.00205051503144,0.00194617570378,0.000627806759439,0.000308364978991,0.000222890506848,0.000147240425576,0.000193555242731,0.0000959697790677,0.0000673815811751,0.000091385016276,0.0000553851787117,0.0000175608493009,0.00000893079595699,0.00000666500545776,0.0000052839318414,0.00000169054533217,0.00000183510985607,0.00000313355349135,0.00000125586598188,7.00638395301e-7,5.82684322126e-7,9.77284912551e-7,7.97033919753e-7,5.81875440275e-7,9.01440841972e-7,0.00000233429750551,9.66919515122e-7,1.30360518824e-7,2.73269051831e-7,1.56807985263e-7,2.18660058948e-8,2.99733002862e-8,8.6315212755e-9,2.12174300351e-9,1.74164238587e-9,1.09464737275e-9,6.37542463267e-10,3.44574119238e-10,1.88856680294e-10,9.03981750566e-11],"dmean2":[0.00276318727992,0.00282136723399,0.000893109594472,0.000452238688013,0.000298038299661,0.000197178000235,0.00027280143695,0.00012195562158,0.0000960613106145,0.000136558199301,0.0000761832707212,0.0000228239841817,0.0000114167323773,0.0000086280015239,0.00000757495490689,0.0000025050323984,0.0000025324516173,0.00000432661909144,0.00000183236670637,0.00000106886375306,9.01748080651e-7,0.00000157101237619,0.00000129083787215,9.47564217313e-7,0.00000137344522955,0.00000363393974112,0.0000015113542986,1.9980801369e-7,4.22596826866e-7,2.40343752012e-7,3.4591376874e-8,4.4977536362e-8,1.3000923893e-8,3.51171980384e-9,3.00772828865e-9,1.9216614966e-9,1.14581943933e-9,6.09717831779e-10,3.28634564006e-10,1.54123241947e-10],"dvar":[0.0000100295192169,0.0000190104728972,0.00000241208340412,3.40675171628e-7,1.66080255326e-7,1.28061799387e-7,4.165437133e-7,6.49975859801e-8,5.65303359679e-8,1.85544777764e-7,6.78968277157e-8,3.90930710026e-9,7.23346382792e-10,5.80200942846e-10,4.4156106549e-10,4.39478800573e-11,3.25077992303e-10,2.3392793258e-10,4.13314139858e-11,2.23225656709e-11,9.81898763686e-12,2.00199318928e-11,1.01141204786e-11,6.94126700562e-12,1.38103521674e-11,1.52942922216e-10,3.16078309359e-11,2.69883968689e-13,1.63495833625e-12,5.31811248684e-13,1.3691249977e-14,1.71655360282e-14,1.77443333346e-15,1.15719814839e-16,1.46065656912e-16,6.19788036489e-17,3.4471752794e-17,1.02662064112e-17,2.31864391886e-18,2.4207244171e-19],"dvar2":[0.0000213713337871,0.000039012702473,0.00000485375767312,7.57734710533e-7,2.77959117057e-7,2.13376907254e-7,8.12073494671e-7,9.58231822779e-8,1.19923143416e-7,4.2703166514e-7,1.1970956848e-7,7.19844761576e-9,1.40147737859e-9,1.05597919298e-9,8.09602163088e-10,8.62766316723e-11,5.2535598094e-10,4.14639045321e-10,7.61778279346e-11,4.27906425571e-11,2.16126005981e-11,5.07672341665e-11,2.56132025311e-11,1.80781223325e-11,2.96882414486e-11,3.63039237561e-10,7.51520096154e-11,5.62424889647e-13,3.61864292871e-12,1.14597491652e-12,3.38395015676e-14,3.75929993244e-14,4.04819280108e-15,2.90771428897e-16,3.97709259079e-16,1.70317441037e-16,9.94157011539e-17,2.98067982463e-17,6.6349645858e-18,6.57188430927e-19],"max":[0.0547470152378,0.0664492920041,0.0302267428488,0.0146178603172,0.0108430609107,0.0109193157405,0.0197518058121,0.00756496982649,0.00623140763491,0.0102497478947,0.0077248220332,0.00263505289331,0.000895539415069,0.000620751059614,0.000618498481344,0.000173804568476,0.00124870392028,0.000691359804478,0.000302653177641,0.000290585274342,0.000116156486911,0.000127722814796,0.000058634999732,0.0000706469363649,0.000112456589704,0.000367969274521,0.000156006397447,0.0000152526235979,0.0000411731125496,0.0000182141538971,0.00000478551828564,0.00000269238034889,0.00000134862648338,3.74296007521e-7,3.85207613363e-7,2.44817499606e-7,2.00800158723e-7,1.20231447909e-7,5.85670214548e-8,1.53367807343e-8],"mean":[0.00859612133354,0.00494254427031,0.00160305353347,0.000862111686729,0.000705558981281,0.000484210875584,0.000559121952392,0.000319899467286,0.000178539747139,0.000209951496799,0.000115473194455,0.0000417987612309,0.0000170314233401,0.0000120163795145,0.000011700964933,0.00000344525460605,0.00000336622497343,0.00000677241905578,0.00000274901185549,0.00000142151361615,8.9610972509e-7,0.00000153867438257,0.00000126202223782,8.95410209978e-7,0.00000178205345946,0.00000373668535758,0.00000136804374051,2.32323515093e-7,4.71935493351e-7,2.68053582886e-7,3.10849372909e-8,5.39427489343e-8,1.56648223282e-8,2.67095945361e-9,2.13855311237e-9,1.13572207194e-9,6.42432329556e-10,4.36056801778e-10,3.16614068296e-10,2.1032162123e-10],"median":[0.00517929717898,0.00289951567538,0.000786426651757,0.000395377952373,0.000288602866931,0.00016226322623,0.000126482453197,0.0000946972213569,0.0000337145866069,0.0000267461000476,0.0000126991144498,0.00000577500759391,0.00000270906571131,9.40890288348e-7,0.00000112427073873,4.54052354826e-7,2.38580554424e-7,4.35561560153e-7,2.46140757554e-7,1.22485744214e-7,8.20617884756e-8,1.36464976208e-7,1.09209196353e-7,6.81532483782e-8,1.08579122582e-7,1.95921813884e-7,5.85180011115e-8,1.22714993722e-8,1.49138870142e-8,7.56082396691e-9,2.18784101946e-9,2.2142292444e-9,9.55540091496e-10,4.57392040909e-10,3.58784807419e-10,2.81923456802e-10,2.19906426402e-10,2.00922167792e-10,1.83773163354e-10,1.64246991008e-10],"min":[2.05391986525e-24,5.14426806474e-24,9.76001667792e-24,6.98840121908e-24,4.20753715499e-24,4.31572666712e-24,9.4036968845e-24,5.19529868784e-24,8.89159205066e-24,3.49544424876e-24,5.35012960099e-24,5.79121604855e-24,4.83340085896e-24,7.55930301163e-24,6.79490152764e-24,7.90612334203e-24,5.30580035129e-24,9.36851368813e-24,7.24129740352e-24,5.59889846518e-24,6.42666007379e-24,7.08271032916e-24,7.02930523474e-24,8.32465586188e-24,9.1509190292e-24,7.98276433441e-24,1.15943407413e-23,8.47983505712e-24,8.95945459889e-24,9.13902537333e-24,1.12170198929e-23,1.57056841975e-23,9.1149856261e-24,9.85409465175e-24,1.14085434878e-23,4.95829450076e-24,5.92420971413e-24,9.38915502257e-24,1.04207949711e-23,1.05264723557e-23],"var":[0.0000945568390307,0.0000413011803175,0.00000551427956452,0.00000200235945158,0.00000135469110774,9.51451283981e-7,0.00000203177751246,4.63589088895e-7,1.80272451189e-7,4.8770397143e-7,1.80456837029e-7,1.59192694582e-8,1.65747437997e-9,1.45828504827e-9,1.38525868554e-9,1.14909311233e-10,6.11641737258e-10,6.00821781216e-10,1.23554458331e-10,4.30534739804e-11,1.51670898063e-11,3.43101450029e-11,1.68821848862e-11,9.80039226856e-12,3.87325692353e-11,2.27322868862e-10,3.9976463112e-11,6.45772823236e-13,3.39233524084e-12,1.04395897309e-12,1.58543747656e-14,3.47859321372e-14,3.58134678055e-15,1.84228104311e-16,1.46020181831e-16,4.94389043813e-17,2.13020315905e-17,6.31236786922e-18,1.69844012899e-18,2.53558283955e-19]},"melbands_crest":{"dmean":2.45790219307,"dmean2":3.67915558815,"dvar":5.99813842773,"dvar2":13.2818136215,"max":39.6020050049,"mean":20.0350379944,"median":19.5604362488,"min":1.95319187641,"var":38.8067626953},"melbands_flatness_db":{"dmean":0.0234078895301,"dmean2":0.0329638570547,"dvar":0.000835791812278,"dvar2":0.00163820397574,"max":0.670876204967,"mean":0.466737538576,"median":0.471856713295,"min":0.00550798419863,"var":0.00882124900818},"melbands_kurtosis":{"dmean":6.12268924713,"dmean2":9.22408866882,"dvar":133.365997314,"dvar2":327.166900635,"max":516.561584473,"mean":17.4278316498,"median":10.4097490311,"min":-1.43937122822,"var":771.04864502},"melbands_skewness":{"dmean":0.540764570236,"dmean2":0.7776709795,"dvar":0.358562767506,"dvar2":0.750253081322,"max":17.6450710297,"mean":2.86479187012,"median":2.58564329147,"min":-0.732715725899,"var":3.26918792725},"melbands_spread":{"dmean":1.16231012344,"dmean2":1.6877399683,"dvar":6.05085659027,"dvar2":11.3384857178,"max":163.251205444,"mean":5.15363454819,"median":3.79398918152,"min":0.53040933609,"var":28.1984043121},"mfcc":{"cov":[[13763.5419922,5838.79345703,-2812.70410156,1415.02990723,-833.01361084,-428.366851807,461.949005127,-341.974609375,66.4976806641,124.723449707,265.14654541,-104.724494934,-146.844772339],[5838.79345703,3831.41748047,-330.509887695,407.341766357,-65.3684616089,-297.663696289,288.752624512,-8.40732002258,-107.06665802,0.266667842865,25.5273094177,-11.4679002762,26.3963298798],[-2812.70410156,-330.509887695,1365.06115723,-332.725341797,318.141052246,68.7088470459,-65.7978668213,183.844711304,-92.3305511475,-70.5382766724,-123.989730835,35.923374176,96.2266387939],[1415.02990723,407.341766357,-332.725341797,338.214874268,-89.068649292,-48.0390548706,38.2561225891,-60.3601913452,43.8071136475,21.4924926758,49.424697876,-16.4785652161,-48.3995895386],[-833.01361084,-65.3684616089,318.141052246,-89.068649292,254.982223511,16.9159164429,-24.5865440369,77.4738998413,-32.5424194336,-17.5112075806,-44.5606079102,17.1020088196,23.1746444702],[-428.366851807,-297.663696289,68.7088470459,-48.0390548706,16.9159164429,150.341674805,-10.4949493408,0.0839711427689,33.1600875854,-7.43480920792,-19.5514698029,2.31914949417,20.9870243073],[461.949005127,288.752624512,-65.7978668213,38.2561225891,-24.5865440369,-10.4949493408,147.879333496,34.9271087646,-40.048625946,-20.6166687012,-7.93093967438,14.1097164154,18.1804847717],[-341.974609375,-8.40732002258,183.844711304,-60.3601913452,77.4738998413,0.0839711427689,34.9271087646,142.895690918,-5.97261714935,-37.6495132446,-35.4623146057,7.80363464355,33.9064483643],[66.4976806641,-107.06665802,-92.3305511475,43.8071136475,-32.5424194336,33.1600875854,-40.048625946,-5.97261714935,132.677764893,51.9428939819,9.80055332184,-15.1066169739,-16.6287403107],[124.723449707,0.266667842865,-70.5382766724,21.4924926758,-17.5112075806,-7.43480920792,-20.6166687012,-37.6495132446,51.9428939819,104.871238708,46.7108383179,-27.6848983765,-25.1343231201],[265.14654541,25.5273094177,-123.989730835,49.424697876,-44.5606079102,-19.5514698029,-7.93093967438,-35.4623146057,9.80055332184,46.7108383179,89.5716781616,6.8745803833,-39.3172073364],[-104.724494934,-11.4679002762,35.923374176,-16.4785652161,17.1020088196,2.31914949417,14.1097164154,7.80363464355,-15.1066169739,-27.6848983765,6.8745803833,73.3773727417,30.634557724],[-146.844772339,26.3963298798,96.2266387939,-48.3995895386,23.1746444702,20.9870243073,18.1804847717,33.9064483643,-16.6287403107,-25.1343231201,-39.3172073364,30.634557724,97.3559494019]],"icov":[[0.0138340974227,-0.0194737911224,0.0197853036225,-0.0205817781389,0.0207594055682,-0.0193544384092,0.0189598202705,-0.0190482437611,0.0174440164119,-0.0153754539788,0.0129883028567,-0.00933387316763,0.00587495276704],[-0.0194737911224,0.0278276801109,-0.0279064308852,0.0285976827145,-0.0294150970876,0.0280086025596,-0.0274738259614,0.027132621035,-0.0246515013278,0.0217723250389,-0.0184530392289,0.0135403294116,-0.00877548754215],[0.0197853036225,-0.0279064308852,0.0297430641949,-0.0288868620992,0.0289732292295,-0.0282782278955,0.0282146818936,-0.0286268498749,0.0261637214571,-0.0228790510446,0.0197994485497,-0.0140775535256,0.00853832717985],[-0.0205817781389,0.0285976827145,-0.0288868620992,0.035846631974,-0.031488712877,0.029866611585,-0.0298837851733,0.0303839687258,-0.0291532892734,0.0257827192545,-0.0218861587346,0.0154818193987,-0.00840284954756],[0.0207594055682,-0.0294150970876,0.0289732292295,-0.031488712877,0.038450665772,-0.0306595787406,0.0314883477986,-0.0329296551645,0.0299725197256,-0.0277157947421,0.0242046825588,-0.0181180052459,0.0114809209481],[-0.0193544384092,0.0280086025596,-0.0282782278955,0.029866611585,-0.0306595787406,0.037373483181,-0.0299376919866,0.0306019820273,-0.0300040561706,0.0259109511971,-0.0205093789846,0.0161409992725,-0.0116114867851],[0.0189598202705,-0.0274738259614,0.0282146818936,-0.0298837851733,0.0314883477986,-0.0299376919866,0.0388563983142,-0.0330813974142,0.031129354611,-0.0264210365713,0.0228061191738,-0.0179225672036,0.00987199973315],[-0.0190482437611,0.027132621035,-0.0286268498749,0.0303839687258,-0.0329296551645,0.0306019820273,-0.0330813974142,0.0414379090071,-0.0319284051657,0.0302708428353,-0.023269597441,0.0188745763153,-0.0126750264317],[0.0174440164119,-0.0246515013278,0.0261637214571,-0.0291532892734,0.0299725197256,-0.0300040561706,0.031129354611,-0.0319284051657,0.0398213118315,-0.0326227471232,0.0253420732915,-0.0182884503156,0.0116501217708],[-0.0153754539788,0.0217723250389,-0.0228790510446,0.0257827192545,-0.0277157947421,0.0259109511971,-0.0264210365713,0.0302708428353,-0.0326227471232,0.0435062125325,-0.0317385457456,0.0240442547947,-0.0129834795371],[0.0129883028567,-0.0184530392289,0.0197994485497,-0.0218861587346,0.0242046825588,-0.0205093789846,0.0228061191738,-0.023269597441,0.0253420732915,-0.0317385457456,0.0406643226743,-0.0233349911869,0.0165479872376],[-0.00933387316763,0.0135403294116,-0.0140775535256,0.0154818193987,-0.0181180052459,0.0161409992725,-0.0179225672036,0.0188745763153,-0.0182884503156,0.0240442547947,-0.0233349911869,0.0316249392927,-0.0148235298693],[0.00587495276704,-0.00877548754215,0.00853832717985,-0.00840284954756,0.0114809209481,-0.0116114867851,0.00987199973315,-0.0126750264317,0.0116501217708,-0.0129834795371,0.0165479872376,-0.0148235298693,0.0212219003588]],"mean":[-832.391723633,219.384613037,28.8561191559,45.9633483887,3.55659985542,-7.63454294205,12.6825313568,3.13416218758,4.36432790756,9.47612953186,6.83693599701,-0.968174219131,1.24985575676]},"pitch_salience":{"dmean":0.0537543967366,"dmean2":0.0816388651729,"dvar":0.00267265946604,"dvar2":0.00587642937899,"max":0.791819274426,"mean":0.433585226536,"median":0.437438189983,"min":0.016872940585,"var":0.0148571655154},"silence_rate_20dB":{"dmean":0,"dmean2":0,"dvar":0,"dvar2":0,"max":1,"mean":1,"median":1,"min":1,"var":0},"silence_rate_30dB":{"dmean":0.0696449801326,"dmean2":0.139313623309,"dvar":0.0647945553064,"dvar2":0.141651853919,"max":1,"mean":0.845278561115,"median":1,"min":0,"var":0.130782738328},"silence_rate_60dB":{"dmean":0.00679463241249,"dmean2":0.0135915735736,"dvar":0.00674846535549,"dvar2":0.015105788596,"max":1,"mean":0.201596468687,"median":0,"min":0,"var":0.160955324769},"spectral_centroid":{"dmean":65.0424499512,"dmean2":96.6921234131,"dvar":34317.9609375,"dvar2":61309.609375,"max":11024.9697266,"mean":462.841949463,"median":352.52545166,"min":137.696655273,"var":203442.265625},"spectral_complexity":{"dmean":1.09325635433,"dmean2":1.7781175375,"dvar":1.99826776981,"dvar2":4.31332349777,"max":28,"mean":7.68036699295,"median":8,"min":0,"var":22.1505527496},"spectral_contrast_coeffs":{"dmean":[0.037728395313,0.0358107052743,0.0334278009832,0.0238138940185,0.0194558948278,0.0192902293056],"dmean2":[0.0599807202816,0.0559348165989,0.0511713474989,0.0380449220538,0.0304218251258,0.0299861077219],"dvar":[0.00108870142139,0.00096492015291,0.000855184625834,0.000463885458885,0.000382079131668,0.000510719022714],"dvar2":[0.00258684018627,0.00230492488481,0.00193909241352,0.00108041882049,0.000816802552436,0.0010459801415],"max":[-0.390861421824,-0.359259933233,-0.408099591732,-0.522476732731,-0.53618144989,-0.565724909306],"mean":[-0.704379379749,-0.705325841904,-0.710005164146,-0.786749780178,-0.796196401119,-0.790198922157],"median":[-0.704926490784,-0.708464622498,-0.714345514774,-0.794713973999,-0.80140298605,-0.806556344032],"min":[-0.969497323036,-0.966546356678,-0.964387118816,-0.962558686733,-0.964621901512,-0.963093221188],"var":[0.00734470924363,0.00870152935386,0.00771447829902,0.00481919804588,0.0042654806748,0.00503670843318]},"spectral_contrast_valleys":{"dmean":[0.28440824151,0.278458833694,0.304334759712,0.277428627014,0.267781555653,0.175228536129],"dmean2":[0.45626950264,0.446694523096,0.489198416471,0.438404798508,0.403644621372,0.294403553009],"dvar":[0.102249003947,0.0974606946111,0.126223132014,0.120834827423,0.146590337157,0.0795072466135],"dvar2":[0.196902766824,0.180373564363,0.24229465425,0.212788209319,0.261793792248,0.148213461041],"max":[-4.95212125778,-4.90692949295,-5.90070009232,-6.99838781357,-6.48945379257,-10.6206941605],"mean":[-7.01348400116,-7.44696855545,-9.10118675232,-10.1495275497,-10.192399025,-13.6689720154],"median":[-6.3689031601,-6.85907745361,-8.61789894104,-9.77521133423,-9.93955230713,-13.464805603],"min":[-27.6483325958,-27.501367569,-27.8335456848,-27.2450675964,-27.391166687,-27.2509822845],"var":[3.30536961555,3.19210124016,2.86619377136,2.3468670845,2.22383284569,0.688821315765]},"spectral_decrease":{"dmean":2.90359203348e-9,"dmean2":4.02114164189e-9,"dvar":2.27292126235e-17,"dvar2":4.77039691471e-17,"max":-6.62500716801e-30,"mean":-1.34678943553e-8,"median":-1.11665237057e-8,"min":-6.31558663144e-8,"var":1.45775706946e-16},"spectral_energy":{"dmean":0.0111097116023,"dmean2":0.0153829827905,"dvar":0.000332074123435,"dvar2":0.000696219969541,"max":0.240589275956,"mean":0.0516424700618,"median":0.0428558029234,"min":1.07752722884e-20,"var":0.00213813059963},"spectral_energyband_high":{"dmean":0.00000891973650141,"dmean2":0.0000134583460749,"dvar":1.49838741414e-9,"dvar2":3.13664383356e-9,"max":0.000868278148118,"mean":0.0000172623440449,"median":8.35386344988e-7,"min":7.99611587465e-21,"var":3.44723427581e-9},"spectral_energyband_low":{"dmean":0.0097421137616,"dmean2":0.0136542860419,"dvar":0.000292100157822,"dvar2":0.000620783364866,"max":0.234050095081,"mean":0.0376105830073,"median":0.0270879305899,"min":3.78239366521e-23,"var":0.00144517456647},"spectral_energyband_middle_high":{"dmean":0.000353802810423,"dmean2":0.000464437209303,"dvar":0.0000014878867205,"dvar2":0.00000280982658296,"max":0.0375577881932,"mean":0.000993140158243,"median":0.000232090067584,"min":1.44626734186e-21,"var":0.00000539464144822},"spectral_energyband_middle_low":{"dmean":0.00336408079602,"dmean2":0.00473451102152,"dvar":0.0000355387601303,"dvar2":0.0000693201291142,"max":0.10704626143,"mean":0.0145000452176,"median":0.00945860333741,"min":2.29981327621e-22,"var":0.000262623390881},"spectral_entropy":{"dmean":0.161719977856,"dmean2":0.244256734848,"dvar":0.0393376424909,"dvar2":0.0871205553412,"max":9.81206035614,"mean":6.08316898346,"median":6.00486373901,"min":4.49050617218,"var":0.385527729988},"spectral_flux":{"dmean":0.0199344437569,"dmean2":0.0322377458215,"dvar":0.000783527735621,"dvar2":0.00199854304083,"max":0.316115289927,"mean":0.0544454194605,"median":0.0472760349512,"min":7.03233998811e-11,"var":0.00208362261765},"spectral_kurtosis":{"dmean":13.5463323593,"dmean2":23.1226158142,"dvar":190.914657593,"dvar2":513.827270508,"max":158.135437012,"mean":35.5361709595,"median":25.9884777069,"min":-1.20983278751,"var":879.830444336},"spectral_rms":{"dmean":0.000684895843733,"dmean2":0.000907578098122,"dvar":9.33626608912e-7,"dvar2":0.00000171664498794,"max":0.0153206149116,"mean":0.00600838754326,"median":0.00646610651165,"min":3.24229250219e-12,"var":0.0000142821763802},"spectral_rolloff":{"dmean":59.2629432678,"dmean2":100.140731812,"dvar":57376.5664062,"dvar2":108179.609375,"max":18970.7519531,"mean":311.068481445,"median":258.3984375,"min":21.533203125,"var":247733.875},"spectral_skewness":{"dmean":0.879873871803,"dmean2":1.4867002964,"dvar":0.682151377201,"dvar2":1.78646802902,"max":10.2342643738,"mean":4.05527496338,"median":3.66477656364,"min":0.0213809460402,"var":3.83957290649},"spectral_spread":{"dmean":296664.0625,"dmean2":487177.9375,"dvar":374190997504,"dvar2":590161838080,"max":41256040,"mean":2123881.5,"median":1703959.25,"min":588758.0625,"var":3110273024000},"spectral_strongpeak":{"dmean":0.19068595767,"dmean2":0.318449646235,"dvar":0.176962584257,"dvar2":0.420901685953,"max":6.77403688431,"mean":0.500272035599,"median":0.35182839632,"min":0,"var":0.361186742783},"zerocrossingrate":{"dmean":0.00269496091641,"dmean2":0.00335459015332,"dvar":0.0000267964169325,"dvar2":0.0000283502959064,"max":0.5068359375,"mean":0.013280371204,"median":0.0107421875,"min":0,"var":0.000229276134633}},"metadata":{"audio_properties":{"analysis_sample_rate":44100,"bit_rate":0,"codec":"flac","downmix":"mix","equal_loudness":0,"length":136.693328857,"lossless":true,"md5_encoded":"ee1b23bc94fa28fca410f1092c442d52","replay_gain":-9.95568847656},"tags":{"acoustid_id":["c8795c54-d967-4bcb-8c57-7e589bde78e2"],"album":["Get a Grip"],"albumartist":["Aerosmith"],"albumartistsort":["Aerosmith"],"artist":["Aerosmith"],"artists":["Aerosmith"],"artistsort":["Aerosmith"],"asin":["B0000249R6"],"barcode":["720642444429"],"catalognumber":["GED24444"],"date":["1993-04-19"],"discnumber":["1"],"disctotal":["1"],"engineer":["David Thoener","Mike Plotnikoff","John Aguto","Ed Korengo"],"file_name":"15 Boogie Man.flac","label":["Geffen Records"],"media":["CD"],"mixer":["Brendan O'Brien"],"musicbrainz_albumartistid":["3d2b98e5-556f-4451-a3ff-c50ea18d57cb"],"musicbrainz_albumid":["05cbf593-1d17-4d53-9f50-b96de15005f2"],"musicbrainz_artistid":["3d2b98e5-556f-4451-a3ff-c50ea18d57cb"],"musicbrainz_recordingid":["0d1bb018-4ad4-432d-87ec-49860709566b"],"musicbrainz_releasegroupid":["73c6a7b0-1dc2-3ddc-a720-c29505271711"],"musicbrainz_releasetrackid":["43827130-304d-3286-ad5d-1678b08e4264"],"musicbrainz_workid":["df5be4fc-70cf-3924-a465-f9bbf72819fc"],"originaldate":["1993-04-19"],"performer":["Tom Keenlyside (saxophone)","Joe Perry (appalachian dulcimer and guitar)","Brad Whitford (guitar)","Ken Lomas","Ian Putz (baritone saxophone)","John Webster (keyboard)","Joe Perry (vocals)","Steven Tyler (lead vocals)","Joey Kramer (drums and percussion)","Bruce Fairbairn (trumpet)","Paul Baron (trumpet)","Tom Hamilton (electric bass guitar)","Steven Tyler (harmonica, keyboard and mandolin)","Bob Rogers (trombone)"],"producer":["Bruce Fairbairn"],"releasecountry":["XE"],"releasestatus":["official"],"releasetype":["album"],"replaygain_album_gain":["-10.04 dB"],"replaygain_album_peak":["1.000000"],"replaygain_track_gain":["-5.84 dB"],"replaygain_track_peak":["0.939728"],"script":["Latn"],"tit