{"lowlevel":{"average_loudness":0.97240459919,"barkbands":{"dmean":[0.000138302406413,0.00613290444016,0.0022525282111,0.000910443544853,0.00179714930709,0.000820721674245,0.00168561353348,0.00154147332069,0.000905751076061,0.000461563206045,0.000481052877149,0.000582702807151,0.000580784806516,0.000720584648661,0.000444836128736,0.000496036489494,0.000475990294944,0.000300109531963,0.000231788115343,0.000153859276907,0.000147329512401,0.000154426277732,0.000161432180903,0.0000730998726794,0.0000470208942716,0.0000148053650264,0.0000015252284129],"dmean2":[0.000214603656786,0.00903303083032,0.00396988913417,0.00162948691286,0.0030117565766,0.00134490185883,0.00262803281657,0.0024126956705,0.00143346062396,0.000719328061678,0.000791235885117,0.000951274414547,0.000928215275053,0.00111836893484,0.00070874177618,0.000755245564505,0.000727413687855,0.000460028211819,0.000330329261487,0.000220695466851,0.00020649418002,0.000194882959477,0.000213322462514,0.000100527024188,0.0000685394625179,0.0000217164852074,0.00000232561342273],"dvar":[1.02339129171e-7,0.0000760287512094,0.0000186767701962,0.00000314408862323,0.00000828575321066,0.00000420582000515,0.0000141531181725,0.000011450848433,0.00000583399105381,0.00000195646020984,0.00000215269301407,0.00000356291934622,0.00000242736086875,0.00000280692188426,8.22040192361e-7,7.95669905074e-7,6.375138355e-7,2.22981597631e-7,1.39744344096e-7,7.12715930717e-8,5.80809356165e-8,7.48510231574e-8,1.47456688637e-7,3.688750283e-8,3.19933270987e-8,3.23360893617e-9,3.65409785763e-11],"dvar2":[2.02957536999e-7,0.000155469781021,0.0000521068868693,0.00000886821271706,0.0000207548000617,0.00000978494699666,0.0000311116091325,0.0000253667330981,0.0000129232503241,0.00000436515801994,0.00000563962021261,0.0000089973809736,0.00000547008266949,0.00000536704374099,0.00000195450093088,0.0000017201987248,0.00000139978840252,4.73705171089e-7,2.79009157111e-7,1.41422404454e-7,1.17329257421e-7,1.40437464324e-7,2.77970457319e-7,7.69363808217e-8,6.80347724824e-8,6.78177425328e-9,8.17262854613e-11],"max":[0.0106056760997,0.0878497362137,0.0398726910353,0.0250025577843,0.0422294810414,0.0429237782955,0.0541689693928,0.067690089345,0.0592387765646,0.0353225581348,0.0315226316452,0.0446896329522,0.050767313689,0.0386193394661,0.0193065926433,0.0146852536127,0.0121085727587,0.00905002374202,0.00478913681582,0.00541288359091,0.00483959494159,0.0103433020413,0.0116068404168,0.00444300891832,0.0045897513628,0.00169107248075,0.000235241270275],"mean":[0.000218188317376,0.010791009292,0.00231496989727,0.000897533725947,0.00242287782021,0.000979824573733,0.0021486801561,0.00198566238396,0.00108275702223,0.000564921007026,0.000588064198382,0.000670163601171,0.000767497520428,0.00115505489521,0.000622216961347,0.000868316274136,0.000782190763857,0.000507342629135,0.000398959411541,0.000286263995804,0.000273443263723,0.00028226186987,0.00027181324549,0.000122737852507,0.0000695148773957,0.0000218878485612,0.00000196675932784],"median":[0.0000679578515701,0.00474578747526,0.0010451877024,0.00041964117554,0.00115981139243,0.00033748880378,0.000552160956431,0.00059452932328,0.000332194205839,0.000144738063682,0.000153493223479,0.000184385571629,0.000218652654439,0.000398139527533,0.000209383957554,0.000339681690093,0.000285709655145,0.000176113360794,0.000139053459861,0.000103708523966,0.000123053760035,0.000104954611743,0.0000809337871033,0.0000374524934159,0.0000140071715578,0.000004406388598,2.9471445373e-7],"min":[3.56375161593e-25,5.24660722663e-23,3.26887424599e-23,1.05064266112e-23,4.96330392528e-23,1.03568514839e-23,1.84857956883e-23,1.96448832159e-23,5.8749595501e-23,8.36179432889e-23,1.04608124649e-22,1.4952335917e-22,3.67077994454e-23,8.6155929702e-23,1.51546591754e-22,1.8172159423e-22,1.24407378478e-22,2.25389576551e-22,3.64811414057e-22,3.63981052758e-22,3.78763094431e-22,5.80698309035e-22,6.01343644584e-22,8.64133432196e-22,1.12963316528e-21,2.01556551272e-21,2.37167120929e-21],"var":[3.31635646944e-7,0.000194454056327,0.0000154854169523,0.00000231621311286,0.0000114889871838,0.00000541353711014,0.0000208414639928,0.0000164928387676,0.00000818710486783,0.00000281240249933,0.00000245408705268,0.00000379796892958,0.00000347270224665,0.00000773854935687,0.00000125720191591,0.00000212945860767,0.00000154992756052,5.88387138123e-7,3.72135673388e-7,2.10077104157e-7,1.51559177652e-7,2.00980053933e-7,3.74872826114e-7,7.73441826141e-8,5.82492098999e-8,6.64448052135e-9,6.21329099282e-11]},"barkbands_crest":{"dmean":3.5585000515,"dmean2":5.65437173843,"dvar":9.58611106873,"dvar2":21.6607875824,"max":25.8648147583,"mean":11.4533624649,"median":10.2573623657,"min":2.39033150673,"var":28.5017642975},"barkbands_flatness_db":{"dmean":0.0266663245857,"dmean2":0.0391096770763,"dvar":0.000545527378563,"dvar2":0.00113005843014,"max":0.461987584829,"mean":0.139973178506,"median":0.131184771657,"min":0.0266277678311,"var":0.00319355679676},"barkbands_kurtosis":{"dmean":3.61141848564,"dmean2":5.59717655182,"dvar":47.001247406,"dvar2":105.404159546,"max":155.892883301,"mean":3.95325708389,"median":0.73924279213,"min":-1.92954945564,"var":99.5441513062},"barkbands_skewness":{"dmean":0.71102052927,"dmean2":1.06009483337,"dvar":0.524686574936,"dvar2":1.11698174477,"max":10.3509111404,"mean":1.40253078938,"median":1.12189972401,"min":-1.99966168404,"var":2.15753650665},"barkbands_spread":{"dmean":7.46768331528,"dmean2":10.945602417,"dvar":63.8608322144,"dvar2":125.485832214,"max":111.80606842,"mean":25.4449672699,"median":23.2260379791,"min":0.720459997654,"var":225.226104736},"dissonance":{"dmean":0.018914308399,"dmean2":0.0308970883489,"dvar":0.000435269379523,"dvar2":0.00108135305345,"max":0.5,"mean":0.467885047197,"median":0.477287769318,"min":0.149397268891,"var":0.00100800313521},"dynamic_complexity":2.16302919388,"erbbands":{"dmean":[0.143787443638,1.53464388847,2.59057426453,2.60539364815,4.47125816345,7.23024845123,5.48020792007,7.6721701622,17.1381969452,34.9088363647,29.4757823944,21.4631347656,16.3892650604,12.2357826233,21.2992343903,22.4907169342,25.9454650879,32.7576522827,30.1829814911,26.6025600433,21.6932640076,24.3005523682,17.4401359558,13.1484994888,9.43677425385,7.56330156326,6.29493188858,5.37819623947,5.99215602875,5.58724451065,4.16275262833,2.01209926605,1.07385635376,0.675389409065,0.260616958141,0.0871845111251,0.0235754325986,0.00418083183467,0.000171056453837,0.0000125717770061],"dmean2":[0.210945248604,2.27072358131,4.38822937012,4.5840678215,7.75331449509,12.1539840698,9.15470695496,12.3821105957,26.9301280975,54.7279243469,45.4296569824,34.4406280518,24.832359314,19.1631336212,34.6629219055,35.9798126221,40.7236557007,51.1029663086,44.7988929749,40.9940452576,32.5003128052,36.6576919556,26.5218868256,18.8292388916,13.7300977707,10.8707151413,8.72408294678,7.31593036652,7.56984138489,7.2767534256,5.55751419067,2.79779744148,1.49071240425,0.991092443466,0.378359436989,0.127506479621,0.0348260290921,0.00617357622832,0.000254555081483,0.0000182153544301],"dvar":[0.045557141304,4.88962459564,22.4541397095,24.3593330383,53.5300827026,174.630157471,131.575180054,460.020233154,2384.39428711,4535.27832031,5341.90234375,3641.62548828,2014.47058105,1474.2689209,4148.27001953,5254.47119141,4635.65332031,5747.41064453,4974.59033203,2600.65087891,1140.40490723,1552.13964844,795.618591309,476.972045898,234.532531738,174.737808228,106.117759705,79.6586685181,106.857162476,118.909088135,117.311035156,25.9422302246,10.0167865753,6.39335823059,0.997255444527,0.115587987006,0.00859228614718,0.000249800563324,4.61196179913e-7,2.94592017447e-10],"dvar2":[0.0904695615172,10.1287565231,59.9246139526,66.755569458,146.915878296,438.813293457,320.632537842,1063.91699219,5171.89746094,10190.4267578,11790.3017578,8372.47949219,4292.49609375,3534.28100586,10895.5058594,12944.6259766,10447.8349609,13270.2138672,8607.59667969,6042.50634766,2432.09594727,3425.36743164,1643.81225586,949.044006348,477.983856201,363.666625977,204.588485718,152.474212646,200.765457153,215.279327393,229.597732544,54.9254684448,20.601146698,13.7970619202,2.14317250252,0.246712118387,0.0181687120348,0.000538140127901,0.00000100998295238,6.03091687701e-10],"max":[2.49249362946,20.8986186981,47.983795166,47.4956474304,85.1739501953,205.637451172,320.336853027,484.750610352,894.055541992,1033.3503418,1215.29541016,1466.81652832,1079.68945312,1029.43127441,1560.46459961,1778.37939453,2341.68847656,1332.05554199,1473.6105957,865.262145996,755.922851562,585.827697754,522.860656738,487.5105896,256.377746582,242.874282837,200.226577759,262.600250244,401.508117676,287.164886475,315.8699646,121.671081543,77.2195053101,68.1555404663,29.8251628876,11.5702056885,3.21891832352,0.548524081707,0.0245257597417,0.000506703276187],"mean":[0.264371454716,2.54592370987,3.29327106476,2.9484667778,5.22930049896,9.19002532959,7.00387048721,9.18064308167,20.1815223694,49.5230445862,37.1230621338,26.1000595093,21.6685314178,16.0596370697,26.940952301,28.3498764038,36.9904708862,49.6414222717,49.9674415588,43.9676475525,40.4924926758,42.2405815125,30.475944519,23.5221290588,16.6137905121,13.9529829025,12.0118074417,10.0632419586,10.7589902878,9.79292583466,6.93923330307,3.34746050835,1.73885023594,0.977980911732,0.385530024767,0.12969866395,0.0336637012661,0.00584572600201,0.000248281867243,0.0000440623443865],"median":[0.0924041494727,1.08461856842,1.73478877544,1.59390592575,2.86717557907,3.5860850811,3.27804780006,2.99553871155,4.9345498085,14.9408769608,12.1235771179,8.6924943924,6.70164394379,4.82243394852,7.78939676285,9.34270191193,11.4820384979,17.9905929565,19.1985874176,15.941321373,19.5699710846,17.2791881561,11.0822649002,7.94601154327,6.57108402252,4.91637039185,5.18501758575,4.22922801971,3.93700671196,3.2006444931,2.07284903526,1.05265522003,0.497465401888,0.200978055596,0.078104428947,0.0265266112983,0.00634950771928,0.00106674036942,0.0000580774867558,0.000042163002945],"min":[8.20559229659e-22,1.40413472772e-20,4.23870998068e-20,3.12383918225e-20,7.6485649543e-20,1.98535056788e-19,1.91052316344e-19,7.21949344587e-20,2.3605141988e-19,3.82156641668e-19,5.56907877701e-19,1.39121242818e-18,1.30957807693e-18,4.59619846797e-18,4.20281949278e-18,5.63681608039e-18,1.9494167564e-18,4.35420305745e-18,5.61347552504e-18,9.17131458366e-18,1.0601259227e-17,6.56684502158e-18,9.61466436684e-18,2.22031389888e-17,1.33224700297e-17,1.96298313883e-17,1.66989650419e-17,1.46039332716e-17,1.96537451798e-17,1.83450296455e-17,1.64261674933e-17,1.93021851477e-17,1.47537820027e-17,1.13950779911e-17,8.5337667809e-18,6.6691354169e-18,3.95326116992e-18,1.35771223376e-18,3.22489596694e-19,3.6363770919e-20],"var":[0.135318696499,11.4130764008,24.6888523102,19.5454750061,50.2238235474,235.251785278,165.410522461,572.514648438,3310.24072266,7723.6953125,7371.45458984,4644.54443359,3315.85522461,1930.76403809,4764.92675781,5914.91748047,6919.7890625,9979.31738281,12173.1523438,5770.17578125,3182.18847656,3690.84106445,2180.55981445,1322.92797852,611.912353516,497.428466797,306.980438232,224.984985352,281.359588623,320.811157227,283.452423096,55.8789482117,19.885684967,11.1460094452,1.79990339279,0.226888373494,0.0173491444439,0.000502701906953,8.23804100492e-7,8.78169870155e-10]},"erbbands_crest":{"dmean":3.27354073524,"dmean2":5.19587469101,"dvar":9.88036727905,"dvar2":22.6702823639,"max":31.8081855774,"mean":9.80647468567,"median":8.50769233704,"min":2.48749876022,"var":24.8694286346},"erbbands_flatness_db":{"dmean":0.0213294122368,"dmean2":0.0310053899884,"dvar":0.000390657252865,"dvar2":0.00073802494444,"max":0.46172490716,"mean":0.164758071303,"median":0.158024653792,"min":0.058617785573,"var":0.00261082826182},"erbbands_kurtosis":{"dmean":1.35546040535,"dmean2":2.08760333061,"dvar":4.51471281052,"dvar2":10.2701835632,"max":40.457485199,"mean":0.881457686424,"median":-0.00706648826599,"min":-1.83312046528,"var":8.70691680908},"erbbands_skewness":{"dmean":0.484313964844,"dmean2":0.691182076931,"dvar":0.195531949401,"dvar2":0.381674557924,"max":5.68828010559,"mean":-0.084473952651,"median":-0.135561898351,"min":-4.60033798218,"var":0.87532299757},"erbbands_spread":{"dmean":10.1596450806,"dmean2":15.0321006775,"dvar":106.917175293,"dvar2":218.933197021,"max":140.411071777,"mean":37.6815452576,"median":34.2184143066,"min":2.54440665245,"var":426.224334717},"gfcc":{"cov":[[4731.60742188,-1408.02355957,56.1342887878,524.693237305,-416.060668945,317.901031494,-214.096405029,39.2980117798,-27.3497066498,144.13444519,-68.2541046143,167.086380005,-153.238464355],[-1408.02355957,1506.43884277,-67.1395568848,-412.227508545,390.025848389,-251.922775269,168.923736572,-36.9197463989,45.7631721497,-68.8372039795,115.113777161,-123.331077576,67.6298828125],[56.1342887878,-67.1395568848,865.604431152,279.020446777,-41.3060531616,214.154342651,42.2727355957,59.0268440247,81.3268508911,105.401641846,7.12305402756,45.2159881592,-21.8740577698],[524.693237305,-412.227508545,279.020446777,633.457641602,0.906841397285,136.272186279,-20.3301696777,2.31167888641,49.0317840576,14.8592166901,-11.6346693039,52.2245445251,18.3143634796],[-416.060668945,390.025848389,-41.3060531616,0.906841397285,406.641021729,38.4992675781,54.4060630798,-7.48657083511,46.8380355835,-14.1740322113,34.1636505127,-18.8812580109,45.0624465942],[317.901031494,-251.922775269,214.154342651,136.272186279,38.4992675781,409.693695068,107.342765808,35.2944335938,65.7556533813,69.8349151611,14.3950166702,45.2814979553,-6.09276676178],[-214.096405029,168.923736572,42.2727355957,-20.3301696777,54.4060630798,107.342765808,246.008575439,78.2339248657,15.3285512924,-7.47990131378,34.9672584534,-6.39689588547,6.20130872726],[39.2980117798,-36.9197463989,59.0268440247,2.31167888641,-7.48657083511,35.2944335938,78.2339248657,165.986709595,62.0394363403,22.6990242004,5.94310665131,5.3039393425,-13.1178417206],[-27.3497066498,45.7631721497,81.3268508911,49.0317840576,46.8380355835,65.7556533813,15.3285512924,62.0394363403,164.626968384,71.1718521118,24.4772567749,0.079630099237,-3.73939752579],[144.13444519,-68.8372039795,105.401641846,14.8592166901,-14.1740322113,69.8349151611,-7.47990131378,22.6990242004,71.1718521118,130.521224976,33.8634109497,0.74796050787,-25.7780399323],[-68.2541046143,115.113777161,7.12305402756,-11.6346693039,34.1636505127,14.3950166702,34.9672584534,5.94310665131,24.4772567749,33.8634109497,93.8646392822,18.4692764282,-8.06318187714],[167.086380005,-123.331077576,45.2159881592,52.2245445251,-18.8812580109,45.2814979553,-6.39689588547,5.3039393425,0.079630099237,0.74796050787,18.4692764282,82.7620773315,15.4066839218],[-153.238464355,67.6298828125,-21.8740577698,18.3143634796,45.0624465942,-6.09276676178,6.20130872726,-13.1178417206,-3.73939752579,-25.7780399323,-8.06318187714,15.4066839218,79.4178085327]],"icov":[[0.000354170828359,-0.0000309998140438,0.000234403560171,-0.000316756224493,0.0002105384483,-0.00029349324177,0.000297718681395,-0.000235366984271,0.000322606007103,-0.000460137816845,0.000378219876438,-0.000648604123853,0.000673346861731],[-0.0000309998140438,0.00303487689234,-0.00130493578035,0.00186714704614,-0.00198727962561,0.00216254522093,-0.00197626953013,0.00182197266258,-0.00207831687294,0.00229741702788,-0.00352602289058,0.00336312921718,-0.00204802420922],[0.000234403560171,-0.00130493578035,0.00231804093346,-0.00156895397231,0.00108242966235,-0.00146556086838,0.000791199621744,-0.00112722429913,0.00107342854608,-0.00232088682242,0.00214175903238,-0.00225705234334,0.00154173641931],[-0.000316756224493,0.00186714704614,-0.00156895397231,0.00344547629356,-0.00137953215744,0.00109467853326,-0.00102179485839,0.00149174919352,-0.00211292179301,0.00245861173607,-0.00224550673738,0.00189446331933,-0.00213191169314],[0.0002105384483,-0.00198727962561,0.00108242966235,-0.00137953215744,0.00454403180629,-0.00202902476303,0.0011992927175,-0.000832517514937,0.000321778294165,-0.000647815817501,0.0009306386346,-0.000986915081739,-0.000159514689585],[-0.00029349324177,0.00216254522093,-0.00146556086838,0.00109467853326,-0.00202902476303,0.0058134845458,-0.00395629368722,0.00244419975206,-0.0023803000804,-0.000130545944558,-0.000918178935535,0.000221853042603,-0.00104474008549],[0.000297718681395,-0.00197626953013,0.000791199621744,-0.00102179485839,0.0011992927175,-0.00395629368722,0.0084990458563,-0.00492978468537,0.00275063235313,0.000579281826504,-0.00117309566122,0.000257401494309,0.00039751525037],[-0.000235366984271,0.00182197266258,-0.00112722429913,0.00149174919352,-0.000832517514937,0.00244419975206,-0.00492978468537,0.0104022547603,-0.00520656397566,0.00141233450267,-0.000216693282709,0.000286055874312,0.000238641485339],[0.000322606007103,-0.00207831687294,0.00107342854608,-0.00211292179301,0.000321778294165,-0.0023803000804,0.00275063235313,-0.00520656397566,0.0119630601257,-0.00650290586054,0.00156959937885,-0.00150138209574,0.000638391473331],[-0.000460137816845,0.00229741702788,-0.00232088682242,0.00245861173607,-0.000647815817501,-0.000130545944558,0.000579281826504,0.00141233450267,-0.00650290586054,0.0162773262709,-0.00805480405688,0.00568719534203,-0.000448718608823],[0.000378219876438,-0.00352602289058,0.00214175903238,-0.00224550673738,0.0009306386346,-0.000918178935535,-0.00117309566122,-0.000216693282709,0.00156959937885,-0.00805480405688,0.0201621931046,-0.0106543116271,0.00587083399296],[-0.000648604123853,0.00336312921718,-0.00225705234334,0.00189446331933,-0.000986915081739,0.000221853042603,0.000257401494309,0.000286055874312,-0.00150138209574,0.00568719534203,-0.0106543116271,0.0219381935894,-0.00813214574009],[0.000673346861731,-0.00204802420922,0.00154173641931,-0.00213191169314,-0.000159514689585,-0.00104474008549,0.00039751525037,0.000238641485339,0.000638391473331,-0.000448718608823,0.00587083399296,-0.00813214574009,0.0186279900372]],"mean":[8.05933380127,92.0650558472,-124.445121765,43.1332015991,-51.3579139709,19.0124130249,-36.0149307251,9.7263507843,-11.0159454346,5.83409261703,-15.368481636,-2.17058944702,-13.991194725]},"hfc":{"dmean":7.65877532959,"dmean2":10.3132171631,"dvar":78.7463607788,"dvar2":142.277679443,"max":171.657455444,"mean":25.4412918091,"median":21.1301898956,"min":1.20728823582e-16,"var":367.165405273},"melbands":{"dmean":[0.00156495266128,0.00148881995119,0.000475367094623,0.000438756134827,0.00021511054365,0.000171186969965,0.000280427455436,0.000374631723389,0.000221806854825,0.000134235539008,0.0000822068541311,0.0000497444671055,0.0000710663807695,0.0000626128748991,0.0000675486007822,0.0000571375749132,0.0000655040275888,0.000056699533161,0.0000322457708535,0.0000378197946702,0.0000280916610791,0.0000284499019472,0.0000203118815989,0.0000145288904605,0.0000110713272079,0.00000890411229193,0.00000559819272894,0.00000556933946427,0.0000037336862988,0.00000452638596471,0.00000291500805361,0.00000361374532076,0.000002920625775,0.00000339000803251,0.00000265738799499,0.00000182938833859,0.00000107622429368,7.84532176112e-7,6.97011557804e-7,5.60363332625e-7],"dmean2":[0.00229029310867,0.00229401607066,0.000830483797472,0.000740255694836,0.000359357480193,0.000277266517514,0.000437635841081,0.000589948205743,0.000344904372469,0.000215252235648,0.000125124803162,0.0000782435672591,0.000116089926451,0.000102505364339,0.000105436934973,0.0000909847221919,0.000103423582914,0.0000843035741127,0.0000511574253323,0.0000579678635404,0.0000426795013482,0.0000435594301962,0.000031534491427,0.0000217776414502,0.0000160905110533,0.0000130551698021,0.00000817091859062,0.00000836215076561,0.00000521788933838,0.00000663136870571,0.00000400664021072,0.00000471015482617,0.00000396174073103,0.00000458075601273,0.00000365366099686,0.00000261540776592,0.00000151669576098,0.00000111688075322,0.00000100487091004,8.46060572712e-7],"dvar":[0.00000492423532705,0.00000515024294145,7.71515090037e-7,5.2159526831e-7,1.63755046856e-7,2.06724010354e-7,5.36560548881e-7,5.06919491272e-7,3.15411057272e-7,1.47328620415e-7,5.29912007607e-8,2.70370250632e-8,4.54537065764e-8,4.78954014227e-8,3.6535521275e-8,2.22208438316e-8,2.63177479809e-8,2.26291199112e-8,3.76183173501e-9,5.54600632086e-9,2.24638085911e-9,2.19794871192e-9,1.33240796174e-9,5.79915837573e-10,3.78316322713e-10,2.50840626048e-10,8.98064816957e-11,1.0755800417e-10,4.11059415673e-11,7.19463030818e-11,2.58427671623e-11,4.47148880423e-11,2.65835131685e-11,5.08901601415e-11,5.11237545353e-11,2.60586500295e-11,7.36666196793e-12,4.96478119033e-12,6.01980574763e-12,4.80196698377e-12],"dvar2":[0.00000982213532552,0.0000123477348097,0.00000211201836464,0.00000135384743771,4.04388629249e-7,4.72972203625e-7,0.00000115638783882,0.00000113290093395,6.97813391071e-7,3.35680425678e-7,1.12943197905e-7,6.42753832381e-8,1.19358219308e-7,1.23132153362e-7,8.32570918874e-8,5.21581497992e-8,6.12827903979e-8,3.69253569943e-8,9.07628550095e-9,1.23873578062e-8,4.76571804242e-9,4.88600493398e-9,3.04294833775e-9,1.23487509107e-9,7.91082643836e-10,5.30442523239e-10,1.82426851403e-10,2.41005715385e-10,7.97593588397e-11,1.64400063007e-10,5.0129241036e-11,8.75089445351e-11,5.29163379781e-11,9.42359940082e-11,1.02839070593e-10,5.58604690282e-11,1.64358041066e-11,1.03810007465e-11,1.30708352128e-11,1.06211558645e-11],"max":[0.0245495066047,0.0242179688066,0.00864111352712,0.0119688883424,0.0110330497846,0.0100409081206,0.0128080081195,0.0122634125873,0.00974196288735,0.0106132943183,0.0053796004504,0.00488036684692,0.00407703407109,0.00658410228789,0.00592359947041,0.00368322455324,0.00298799294978,0.00347673054785,0.00129077350721,0.00130676256958,0.000973868358415,0.000656155345496,0.000619519385509,0.000564832414966,0.000448217033409,0.000275475293165,0.000301832013065,0.000219196357648,0.000149719999172,0.000122494253446,0.000167411373695,0.000293005083222,0.000114938564366,0.000218430257519,0.000227913216804,0.000118043360999,0.000067027991463,0.0000548342541151,0.0000743561395211,0.0000620129576419],"mean":[0.002811397193,0.00241138832644,0.000565897498745,0.000557102030143,0.000282037013676,0.000203980598599,0.00033836971852,0.00053271377692,0.000268495030468,0.000157441114425,0.000105067163531,0.0000612088915659,0.000089504836069,0.0000701167155057,0.000087408006948,0.0000766862576711,0.0000938884040806,0.0000889569273568,0.0000468898251711,0.0000629072092124,0.000047140296374,0.0000464190306957,0.000032986401493,0.0000230099267355,0.0000188014637388,0.0000140935362651,0.00000921976879908,0.00000954266124609,0.00000717946250006,0.00000725081599739,0.0000052886011872,0.00000623494088359,0.00000520280218552,0.00000562539480597,0.00000425968391937,0.00000285692681246,0.00000174342847004,0.00000125235476389,0.00000100366696643,7.68777397298e-7],"median":[0.00117081357166,0.00130490260199,0.00033134984551,0.000252620026004,0.000131509325001,0.0000643231542199,0.000084164486907,0.000166651094332,0.000079618745076,0.0000479161790281,0.0000297359965771,0.0000163729255291,0.0000235878997046,0.0000192543848243,0.0000236478954321,0.0000238352313318,0.0000288558949251,0.000029268401704,0.0000162000105774,0.0000196706369024,0.0000199491823878,0.000017649594156,0.0000112112302304,0.00000749334685679,0.00000564505262446,0.00000472106148663,0.00000352961046701,0.00000290603225039,0.00000303651154354,0.00000277766594081,0.00000212166764868,0.00000209519794225,0.00000195772145162,0.00000165487642789,0.00000121271125408,8.28824227028e-7,5.40481039479e-7,3.56876824981e-7,2.18714490074e-7,1.41037119761e-7],"min":[1.09552979326e-23,2.18398760629e-23,6.70060188389e-24,9.87365209131e-24,7.32380988762e-24,1.7923093316e-24,3.44932862353e-24,4.26109449956e-24,5.26356158298e-24,8.73315564873e-24,6.32780436388e-24,1.84216139651e-23,1.40785086969e-23,1.88646840034e-23,6.42878802608e-24,4.70187250251e-24,8.38236182595e-24,7.71336439098e-24,1.22678173285e-23,1.29664783001e-23,1.20767449621e-23,7.32139360667e-24,4.00414988096e-24,1.42263238756e-23,1.93397092192e-23,1.0128395788e-23,8.81462289213e-24,1.36308585322e-23,1.24628355772e-23,5.03616651059e-24,1.00314463605e-23,1.18098883062e-23,9.98472291791e-24,9.31749647566e-24,6.88553217932e-24,1.56986144261e-23,1.01111812653e-23,1.01339746123e-23,1.02145614869e-23,9.41754849313e-24],"var":[0.0000136226808536,0.0000094135020845,6.24016877282e-7,6.61807007418e-7,2.15760366018e-7,2.69395144414e-7,7.63146431382e-7,8.59518308971e-7,4.37977575984e-7,1.9120749073e-7,8.50965236054e-8,3.43013653037e-8,5.45431682042e-8,4.87100209057e-8,5.02849104578e-8,3.22788764606e-8,4.46809416133e-8,5.61446817926e-8,6.04931793546e-9,1.50971377622e-8,5.73185854336e-9,5.25151389041e-9,2.76346456829e-9,1.27732069366e-9,9.61503210384e-10,5.45707590227e-10,2.13235332169e-10,2.68798899805e-10,1.20993812192e-10,1.30100541451e-10,6.96106020048e-11,1.03687863851e-10,6.87211398898e-11,1.25882845814e-10,1.15556869629e-10,5.31887173194e-11,1.43321543869e-11,9.61866870874e-12,1.04289172784e-11,7.81458751875e-12]},"melbands_crest":{"dmean":4.1070933342,"dmean2":6.73383331299,"dvar":11.59308815,"dvar2":31.3237323761,"max":32.9420127869,"mean":15.5768089294,"median":14.9747676849,"min":2.17858362198,"var":32.3969345093},"melbands_flatness_db":{"dmean":0.0338297002017,"dmean2":0.0484109148383,"dvar":0.000855042831972,"dvar2":0.0017367323162,"max":0.573241949081,"mean":0.202628448606,"median":0.196933582425,"min":0.00821213796735,"var":0.00585190625861},"melbands_kurtosis":{"dmean":10.9635047913,"dmean2":16.9164676666,"dvar":457.462677002,"dvar2":989.721130371,"max":385.137237549,"mean":16.3504867554,"median":5.55174064636,"min":-1.87114453316,"var":1038.56945801},"melbands_skewness":{"dmean":1.04088425636,"dmean2":1.55967319012,"dvar":1.33110833168,"dvar2":2.73355650902,"max":17.2565326691,"mean":2.77064323425,"median":2.14208555222,"min":-1.48260188103,"var":5.28707170486},"melbands_spread":{"dmean":9.89205265045,"dmean2":14.460896492,"dvar":120.691368103,"dvar2":245.239425659,"max":212.572479248,"mean":28.365228653,"median":22.8325691223,"min":0.645318210125,"var":465.811248779},"mfcc":{"cov":[[4260.89013672,-1266.25317383,-149.70614624,175.418136597,-153.411453247,112.043769836,-134.584564209,8.12341308594,-103.486930847,-6.70559453964,-15.1612615585,4.67146253586,37.6726570129],[-1266.25317383,1516.55371094,-260.002746582,-197.887512207,77.2751617432,-143.073776245,104.658889771,-32.8962860107,22.8573589325,1.23483622074,44.6576538086,50.9033622742,13.6789751053],[-149.70614624,-260.002746582,844.912597656,127.741226196,11.0513410568,150.253982544,9.55311775208,37.7378158569,54.8486671448,37.4726524353,65.9109725952,60.9931602478,45.9076042175],[175.418136597,-197.887512207,127.741226196,422.250366211,109.04032135,32.0107879639,-17.8184280396,27.6637325287,11.5634746552,19.4081516266,-16.3072032928,-10.4733743668,-9.24832725525],[-153.411453247,77.2751617432,11.0513410568,109.04032135,288.214019775,109.068397522,-18.0041694641,6.02318143845,33.3921203613,24.157535553,8.94469451904,7.76104784012,8.52427577972],[112.043769836,-143.073776245,150.253982544,32.0107879639,109.068397522,309.661346436,75.4641494751,52.4471359253,38.253452301,45.8799171448,27.6374340057,31.1005573273,22.7785186768],[-134.584564209,104.658889771,9.55311775208,-17.8184280396,-18.0041694641,75.4641494751,202.305480957,85.9635696411,26.3685112,18.628194809,15.0951795578,16.4618988037,10.2365484238],[8.12341308594,-32.8962860107,37.7378158569,27.6637325287,6.02318143845,52.4471359253,85.9635696411,168.300979614,60.2632980347,18.0340690613,18.6116371155,18.0444583893,6.17642116547],[-103.486930847,22.8573589325,54.8486671448,11.5634746552,33.3921203613,38.253452301,26.3685112,60.2632980347,130.845703125,56.1238479614,23.2029266357,18.6491622925,11.5687618256],[-6.70559453964,1.23483622074,37.4726524353,19.4081516266,24.157535553,45.8799171448,18.628194809,18.0340690613,56.1238479614,123.594429016,56.8595046997,17.2362384796,16.6342086792],[-15.1612615585,44.6576538086,65.9109725952,-16.3072032928,8.94469451904,27.6374340057,15.0951795578,18.6116371155,23.2029266357,56.8595046997,133.249160767,70.1645507812,19.0006999969],[4.67146253586,50.9033622742,60.9931602478,-10.4733743668,7.76104784012,31.1005573273,16.4618988037,18.0444583893,18.6491622925,17.2362384796,70.1645507812,120.640975952,45.8967895508],[37.6726570129,13.6789751053,45.9076042175,-9.24832725525,8.52427577972,22.7785186768,10.2365484238,6.17642116547,11.5687618256,16.6342086792,19.0006999969,45.8967895508,92.8454437256]],"icov":[[0.000358028133633,0.000277598534012,0.000218821674935,-0.000133663212182,0.000238660781179,-0.000198589987122,0.000206994722248,-0.000085056948592,0.000215101026697,-0.0000257094052358,-0.0000946517757257,-0.000114514725283,-0.000244252703851],[0.000277598534012,0.00118127150927,0.000301273132209,0.000363276980352,-0.000606223358773,0.000695988652296,-0.000832092133351,0.000445352663519,-0.000115339491458,0.0000293910052278,-0.000240954541368,-0.000517009641044,-0.000138440431328],[0.000218821674935,0.000301273132209,0.0016679444816,-0.000599530350883,0.000615598168224,-0.000867592170835,0.000315327895805,0.00013007405505,-0.000521175155882,0.000455462140962,-0.000809429620858,-0.000166984013049,-0.000673163449392],[-0.000133663212182,0.000363276980352,-0.000599530350883,0.00326139829122,-0.0017577764811,0.000928218069021,-0.000272864941508,-0.000593639153522,0.000521046924405,-0.000957668758929,0.00100365781691,-0.000356920849299,0.000702945515513],[0.000238660781179,-0.000606223358773,0.000615598168224,-0.0017577764811,0.00570951076224,-0.00288702780381,0.00197485089302,0.0000233116643358,-0.000943619583268,0.000433627894381,-0.000493196595926,0.000495797547046,-0.000626454537269],[-0.000198589987122,0.000695988652296,-0.000867592170835,0.000928218069021,-0.00288702780381,0.00582632888108,-0.00264862505719,-0.0000661917947582,0.000193166124518,-0.00135089911055,0.000613195064943,-0.000985552091151,0.000211209204281],[0.000206994722248,-0.000832092133351,0.000315327895805,-0.000272864941508,0.00197485089302,-0.00264862505719,0.0082333991304,-0.00391100673005,0.000821348512545,-0.000532317906618,0.000193446321646,0.000190430582734,-0.000464281387394],[-0.000085056948592,0.000445352663519,0.00013007405505,-0.000593639153522,0.0000233116643358,-0.0000661917947582,-0.00391100673005,0.00961023569107,-0.00429697521031,0.00169848348014,-0.00107028451748,-0.00022747660114,0.000214038911508],[0.000215101026697,-0.000115339491458,-0.000521175155882,0.000521046924405,-0.000943619583268,0.000193166124518,0.000821348512545,-0.00429697521031,0.0122238816693,-0.00553041836247,0.00183122721501,-0.00136599887628,0.000242059482844],[-0.0000257094052358,0.0000293910052278,0.000455462140962,-0.000957668758929,0.000433627894381,-0.00135089911055,-0.000532317906618,0.00169848348014,-0.00553041836247,0.0137475747615,-0.00667076790705,0.0034109596163,-0.00217208941467],[-0.0000946517757257,-0.000240954541368,-0.000809429620858,0.00100365781691,-0.000493196595926,0.000613195064943,0.000193446321646,-0.00107028451748,0.00183122721501,-0.00667076790705,0.0146051514894,-0.00818224623799,0.00254162517376],[-0.000114514725283,-0.000517009641044,-0.000166984013049,-0.000356920849299,0.000495797547046,-0.000985552091151,0.000190430582734,-0.00022747660114,-0.00136599887628,0.0034109596163,-0.00818224623799,0.0156066911295,-0.00612129550427],[-0.000244252703851,-0.000138440431328,-0.000673163449392,0.000702945515513,-0.000626454537269,0.000211209204281,-0.000464281387394,0.000214038911508,0.000242059482844,-0.00217208941467,0.00254162517376,-0.00612129550427,0.0142004303634]],"mean":[-629.031921387,113.370094299,-4.66340684891,26.5529499054,9.72143173218,12.8278541565,-6.72436380386,6.39753770828,2.62809181213,7.21948194504,5.84880113602,6.12308502197,0.200110763311]},"pitch_salience":{"dmean":0.0935679078102,"dmean2":0.150993853807,"dvar":0.00731952767819,"dvar2":0.0175152942538,"max":0.961850702763,"mean":0.503780663013,"median":0.511589407921,"min":0.0807523950934,"var":0.0208377037197},"silence_rate_20dB":{"dmean":0,"dmean2":0,"dvar":0,"dvar2":0,"max":1,"mean":1,"median":1,"min":1,"var":0},"silence_rate_30dB":{"dmean":0,"dmean2":0,"dvar":0,"dvar2":0,"max":1,"mean":1,"median":1,"min":1,"var":0},"silence_rate_60dB":{"dmean":0.00601551355794,"dmean2":0.0120319798589,"dvar":0.00597936147824,"dvar2":0.0134704485536,"max":1,"mean":0.0254056192935,"median":0,"min":0,"var":0.0247629508376},"spectral_centroid":{"dmean":324.721832275,"dmean2":454.875854492,"dvar":107644.351562,"dvar2":198286.109375,"max":11334.1142578,"mean":1572.6427002,"median":1525.86828613,"min":210.577865601,"var":460126.40625},"spectral_complexity":{"dmean":4.96327352524,"dmean2":6.9671497345,"dvar":29.5239315033,"dvar2":52.8943443298,"max":61,"mean":20.6845264435,"median":18,"min":0,"var":131.060424805},"spectral_contrast_coeffs":{"dmean":[0.0590333454311,0.0593908652663,0.0465654022992,0.0367772839963,0.0270394887775,0.022440712899],"dmean2":[0.0984164327383,0.0941923558712,0.0734021142125,0.0558708906174,0.0418937169015,0.032852075994],"dvar":[0.00237343041226,0.00244509754702,0.00152911001351,0.000938133976888,0.000555155915208,0.000438902789028],"dvar2":[0.00611075665802,0.0057873101905,0.00360051076859,0.00205231853761,0.00120514153969,0.000909447378945],"max":[-0.314192414284,-0.386277377605,-0.449220061302,-0.524209260941,-0.537467002869,-0.563656449318],"mean":[-0.669176459312,-0.717057168484,-0.769966781139,-0.765224099159,-0.786582708359,-0.746068000793],"median":[-0.682021260262,-0.729798197746,-0.78029692173,-0.773101866245,-0.79285210371,-0.743215978146],"min":[-0.95751029253,-0.991017103195,-0.960437178612,-0.949568629265,-0.957914173603,-0.960385322571],"var":[0.00705523369834,0.00760949403048,0.00475388672203,0.00399624276906,0.00227891164832,0.00179754896089]},"spectral_contrast_valleys":{"dmean":[0.430843621492,0.435824334621,0.388789594173,0.356417030096,0.331178486347,0.348614454269],"dmean2":[0.730043590069,0.715918958187,0.607048749924,0.537054419518,0.47687125206,0.456369459629],"dvar":[0.129284486175,0.148362547159,0.132391884923,0.123455785215,0.122912399471,0.118542581797],"dvar2":[0.342185229063,0.357541412115,0.281092077494,0.239240244031,0.223481029272,0.219950184226],"max":[-5.3815407753,-4.96894598007,-5.1405749321,-5.62373495102,-5.50822877884,-7.43132209778],"mean":[-7.05534887314,-6.80801725388,-7.39337730408,-7.40456771851,-7.33050918579,-10.0023765564],"median":[-6.91325426102,-6.75925636292,-7.36271333694,-7.40020942688,-7.32762241364,-9.91668987274],"min":[-27.5759811401,-27.6382904053,-27.5553741455,-27.4933700562,-27.2188453674,-27.2619514465],"var":[0.791931211948,0.504740417004,0.479667365551,0.548199534416,0.718328535557,1.21717524529]},"spectral_decrease":{"dmean":2.25835261602e-9,"dmean2":3.37749317403e-9,"dvar":5.21006988006e-18,"dvar2":1.08306331022e-17,"max":3.58879019636e-29,"mean":-7.62765672846e-9,"median":-7.32626936895e-9,"min":-2.42544579976e-8,"var":1.62301538123e-17},"spectral_energy":{"dmean":0.00875420868397,"dmean2":0.0130397565663,"dvar":0.0000771348932176,"dvar2":0.000159137169248,"max":0.0925801768899,"mean":0.0310961157084,"median":0.0306364074349,"min":1.08150011916e-20,"var":0.000244554219535},"spectral_energyband_high":{"dmean":0.000586398178712,"dmean2":0.000723074015696,"dvar":0.00000102699721083,"dvar2":0.00000177665322099,"max":0.0230423659086,"mean":0.00121419155039,"median":0.000510739337187,"min":7.91564105613e-21,"var":0.000003404644076},"spectral_energyband_low":{"dmean":0.00679507059976,"dmean2":0.0101705780253,"dvar":0.0000816402825876,"dvar2":0.000169429244124,"max":0.0896475315094,"mean":0.0137465111911,"median":0.00778008578345,"min":8.9326986458e-23,"var":0.00023987107852},"spectral_energyband_middle_high":{"dmean":0.00275069056079,"dmean2":0.00396704347804,"dvar":0.0000127866460389,"dvar2":0.0000252254376392,"max":0.059117410332,"mean":0.0069248713553,"median":0.00482189236209,"min":1.65073948265e-21,"var":0.0000467845929961},"spectral_energyband_middle_low":{"dmean":0.0048922682181,"dmean2":0.00767017807811,"dvar":0.0000364976440324,"dvar2":0.0000828448391985,"max":0.0700881034136,"mean":0.00975177995861,"median":0.00705103157088,"min":1.77236282584e-22,"var":0.0000728755476302},"spectral_entropy":{"dmean":0.184724718332,"dmean2":0.24954457581,"dvar":0.0310905929655,"dvar2":0.0579035654664,"max":9.79225826263,"mean":7.66733407974,"median":7.71357250214,"min":4.73916149139,"var":0.178818956017},"spectral_flux":{"dmean":0.0283300876617,"dmean2":0.0431555844843,"dvar":0.000730709289201,"dvar2":0.00159208278637,"max":0.286508768797,"mean":0.103568241,"median":0.0980060398579,"min":1.03995201339e-10,"var":0.00188515242189},"spectral_kurtosis":{"dmean":2.13925909996,"dmean2":3.40699481964,"dvar":26.7761974335,"dvar2":72.1573867798,"max":184.366989136,"mean":4.61041736603,"median":3.34538650513,"min":-1.21885037422,"var":50.2944259644},"spectral_rms":{"dmean":0.000790604331996,"dmean2":0.00116546894424,"dvar":5.76886691306e-7,"dvar2":0.0000011660644077,"max":0.00950379483402,"mean":0.00528671219945,"median":0.00546709960327,"min":3.24826428776e-12,"var":0.00000238844836531},"spectral_rolloff":{"dmean":627.420227051,"dmean2":985.029052734,"dvar":920823.75,"dvar2":1923998.375,"max":18776.953125,"mean":1674.16687012,"median":1356.59179688,"min":64.599609375,"var":2326432.25},"spectral_skewness":{"dmean":0.286991775036,"dmean2":0.422457396984,"dvar":0.13894854486,"dvar2":0.349128216505,"max":9.78776741028,"mean":1.41483926773,"median":1.31537616253,"min":-0.0901472717524,"var":0.417885750532},"spectral_spread":{"dmean":607555.9375,"dmean2":835506.8125,"dvar":612925898752,"dvar2":992729628672,"max":40437228,"mean":4349904.5,"median":4139511.75,"min":438329.65625,"var":2397250519040},"spectral_strongpeak":{"dmean":0.667548418045,"dmean2":1.11893391609,"dvar":1.31396090984,"dvar2":3.17451620102,"max":11.7182750702,"mean":1.03168261051,"median":0.455818802118,"min":0,"var":2.19480919838},"zerocrossingrate":{"dmean":0.0125316372141,"dmean2":0.0134735936299,"dvar":0.000189917118405,"dvar2":0.000209141144296,"max":0.49609375,"mean":0.0588622577488,"median":0.05029296875,"min":0.00390625,"var":0.00132499542087}},"metadata":{"audio_properties":{"analysis_sample_rate":44100,"bit_rate":226843,"codec":"mp3","downmix":"mix","equal_loudness":0,"length":293.355102539,"lossless":false,"md5_encoded":"22af00933bd6525eedd9e0c46bacbcf5","replay_gain":-17.1190719604,"sample_rate":44100},"tags":{"album":["How You Sell Soul to a Soulless People Who Sold Their Soul???"],"albumartist":["Public Enemy"],"albumartistsort":["Public Enemy"],"artist":["Public Enemy"],"artistsort":["Public Enemy"],"asin":["B000TJ6A06"],"barcode":["634457190320"],"catalognumber":["SJR1015CV"],"date":["2007-08-07"],"discnumber":["1/2"],"file_name":"11 - Escapism.mp3","label":["SLAMjamz Records"],"media":["CD"],"musicbrainz album release country":["US"],"musicbrainz album status":["official"],"musicbrainz album type":["album"],"musicbrainz_albumartistid":["bf2e15d0-4b77-469e-bfb4-f8414415baca"],"musicbrainz_albumid":["01b4ca3a-d4c2-4a28-b603-bff03fa8b3e0"],"musicbrainz_artistid":["bf2e15d0-4b77-469e-bfb4-f8414415baca"],"musicbrainz_recordingid":["0d583321-f1f2-48a1-b317-fc6a591feac2"],"musicbrainz_releasegroupid":["2e5bd731-d07d-37e7-ad7f-a588a654cdd8"],"originaldate":["2007"],"script":["Latn"],"title":["Escapism"],"tracknumber":["11/19"]},"version":{"essentia":"2.1-beta2","essentia_build_sha":"70f2e5ece6736b2c40cc944ad0e695b16b925413","essentia_git_sha":"v2.1_beta2","extractor":"music 1.0"}},"rhythm":{"beats_count":445,"beats_loudness":{"dmean":0.0216292086989,"dmean2":0.0424428805709,"dvar":0.000141270793392,"dvar2":0.00045019594836,"max":0.0829364433885,"mean":0.0434805229306,"median":0.0398132428527,"min":0.0000845200484036,"var":0.000255774066318},"beats_loudness_band_ratio":{"dmean":[0.622502982616,0.216306835413,0.124106794596,0.088504858315,0.202568233013,0.154907032847],"dmean2":[1.23936057091,0.42787706852,0.228410571814,0.157223030925,0.400483042002,0.309170007706],"dvar":[0.0551458895206,0.0171436090022,0.0190416239202,0.0124822994694,0.0107500981539,0.00693198572844],