{"lowlevel":{"average_loudness":0.864264130592,"barkbands":{"dmean":[0.000491346349008,0.0058747283183,0.00250411895104,0.00192073476501,0.00356220989488,0.00185589666944,0.000988213345408,0.000441055977717,0.000117223127745,0.000162451397046,0.000114426868095,0.0000976967421593,0.0000687420833856,0.000079093973909,0.0000549094438611,0.0000652563903714,0.000102329337096,0.000048009060265,0.0000621971630608,0.0000391264802602,0.0000353471768904,0.0000419413081545,0.000017934202333,0.00001196703397,0.00000897294830793,0.00000646305124974,0.00000123518429973],"dmean2":[0.000813608116005,0.00982307456434,0.00420558499172,0.00324301491491,0.00579282455146,0.00274093681946,0.00151391152758,0.000594376411755,0.000187244600966,0.000255755760008,0.000180891598575,0.00015036239347,0.000109698041342,0.000124510101159,0.0000868715287652,0.000101849160274,0.000154435299919,0.0000796519598225,0.0000973236310529,0.0000639394420432,0.0000570009106013,0.0000606184512435,0.0000261741679424,0.0000174098331627,0.0000127200937641,0.00000985246242635,0.00000214568080992],"dvar":[0.00000281172310679,0.000367166416254,0.0000274558060482,0.0000096326775747,0.0000673333852319,0.0000128890405904,0.00000404001457355,9.60174247666e-7,6.761416671e-8,9.71783933323e-8,1.45274626107e-7,1.24308385807e-7,3.48181146137e-8,3.23365227928e-8,2.95842284004e-8,5.27189811805e-8,1.86986241602e-7,2.33548487216e-8,6.74882443263e-8,1.54334145464e-8,1.14005676011e-8,2.17043201189e-8,2.15096807032e-9,7.70229213742e-10,3.93029581103e-10,2.14660650366e-10,1.52819683991e-11],"dvar2":[0.00000694145455782,0.000945193169173,0.0000761390474509,0.0000268676558335,0.000182475341717,0.0000287909188046,0.00000932040711632,0.00000166345262187,1.56690120434e-7,2.37376042378e-7,3.3986117387e-7,2.58507895978e-7,8.45068015565e-8,7.86084157767e-8,6.52328324691e-8,1.12583393275e-7,3.75823248078e-7,6.04115939495e-8,1.38311321507e-7,3.79793512195e-8,2.73409064278e-8,4.30846860411e-8,4.30932400874e-9,1.59108048958e-9,8.04796840281e-10,5.0697585019e-10,4.16124704139e-11],"max":[0.0175628531724,0.185274899006,0.0724844038486,0.0605474635959,0.114571280777,0.0982163771987,0.0873476862907,0.0390484817326,0.0119905499741,0.00746817048639,0.0141723547131,0.0140751590952,0.00744807301089,0.0052839005366,0.00936919171363,0.00729896873236,0.020745979622,0.00623205909505,0.0089094042778,0.00434629479423,0.00399035494775,0.00705130212009,0.00273665436544,0.00140599010047,0.00095923745539,0.000643653271254,0.000100499484688],"mean":[0.000455541623523,0.00758440233767,0.00417610770091,0.00326432613656,0.00667471578345,0.00482178712264,0.00196540332399,0.000907453068066,0.000219926732825,0.000296370330034,0.000199246918783,0.000172358602867,0.000119447337056,0.000146568054333,0.000112944064313,0.000126775063109,0.000206974116736,0.00006838049012,0.000134805944981,0.0000600610073889,0.0000502105613123,0.0000700683012838,0.0000265246380877,0.0000173953994818,0.0000134636848088,0.00000672350824971,9.3374694643e-7],"median":[0.0000218342429434,0.00169871828984,0.00164270331152,0.00185887352563,0.00331990025006,0.00231078010984,0.000783581868745,0.000284490728518,0.000085746672994,0.000128632105771,0.0000418646377511,0.0000537296655239,0.0000398673437303,0.0000472510037071,0.0000231066060223,0.0000176220328285,0.0000216980733967,0.0000158222064783,0.0000160595609486,0.0000111778617793,0.00000799578810984,0.00000850026208354,0.00000665111247145,0.00000585922089158,0.00000460979890704,6.86693169882e-7,3.75634527927e-8],"min":[5.99590336535e-24,3.0875363048e-24,2.51730445237e-24,6.42958674775e-24,7.87589072115e-23,7.23942448996e-23,2.4717760552e-23,1.95389912611e-23,3.94612363935e-23,8.70997670652e-23,1.61078429627e-22,3.2630922111e-23,4.14315679656e-23,1.01148540439e-22,1.86599291601e-22,1.74536447157e-22,1.5515409685e-22,1.78443151417e-22,3.56565583544e-22,3.49079886777e-22,4.13471914032e-22,5.81944431586e-22,8.00640706372e-22,8.55133400169e-22,1.25892668509e-21,1.57106407684e-21,2.43026835269e-21],"var":[0.00000249604158853,0.000314631382935,0.0000429663923569,0.0000176023677341,0.0000959926474025,0.0000565407171962,0.0000127670264192,0.00000383341148336,1.53794289304e-7,2.24839070029e-7,3.02342215264e-7,2.49637679417e-7,6.39034922756e-8,7.03289373405e-8,1.03528726925e-7,1.6293826377e-7,6.48614957299e-7,3.14868842111e-8,2.1321406507e-7,2.40964794784e-8,1.69376725978e-8,4.60721487627e-8,4.0313148375e-9,1.63845392809e-9,7.81275155681e-10,2.76036721258e-10,1.05017791338e-11]},"barkbands_crest":{"dmean":2.45698904991,"dmean2":3.98751306534,"dvar":6.68299627304,"dvar2":17.7752685547,"max":26.4836406708,"mean":11.6592445374,"median":10.6817531586,"min":2.50566649437,"var":19.2085399628},"barkbands_flatness_db":{"dmean":0.027173448354,"dmean2":0.0377325937152,"dvar":0.000869134441018,"dvar2":0.00171388848685,"max":0.485438615084,"mean":0.210988178849,"median":0.206359639764,"min":0.0320506468415,"var":0.00491072051227},"barkbands_kurtosis":{"dmean":7.97967576981,"dmean2":12.672129631,"dvar":411.980163574,"dvar2":1087.68273926,"max":516.758300781,"mean":16.5817222595,"median":10.1918735504,"min":-1.93345797062,"var":684.090270996},"barkbands_skewness":{"dmean":0.722544431686,"dmean2":1.09161043167,"dvar":0.992713391781,"dvar2":2.29590702057,"max":19.321975708,"mean":2.44065332413,"median":2.46894693375,"min":-14.2027168274,"var":5.00092315674},"barkbands_spread":{"dmean":3.01057577133,"dmean2":4.52610206604,"dvar":28.110452652,"dvar2":60.8278808594,"max":139.628601074,"mean":9.74463939667,"median":6.32269716263,"min":0.357554614544,"var":113.593025208},"dissonance":{"dmean":0.0265839919448,"dmean2":0.0432264879346,"dvar":0.000728907180019,"dvar2":0.0017908931477,"max":0.500000119209,"mean":0.433000534773,"median":0.444796919823,"min":0.147587180138,"var":0.00244750175625},"dynamic_complexity":5.72161006927,"erbbands":{"dmean":[0.230889603496,1.12973582745,2.34283423424,5.3264040947,9.76770305634,10.6410074234,17.255569458,14.3811664581,15.1176624298,12.1419792175,7.37964630127,2.76420640945,5.78253316879,3.30975580215,4.39107847214,4.46582221985,3.16121459007,3.86468362808,3.23294782639,2.72065782547,4.27715158463,4.24897909164,2.77417206764,3.12999844551,2.66812610626,1.887388587,1.46650397778,1.61793220043,1.60733366013,0.753479599953,0.471632659435,0.308107823133,0.171457841992,0.11143796891,0.0601893588901,0.0325879715383,0.0104582980275,0.00217268057168,0.000184028991498,0.0000222826729441],"dmean2":[0.387287408113,1.90210735798,3.92618203163,8.87047100067,16.8916034698,17.2392673492,24.7629470825,22.0857753754,22.0822753906,18.7109260559,9.87239074707,4.22063446045,9.05052852631,5.14031362534,6.89167308807,6.79745483398,5.04397583008,5.9786272049,5.17497682571,4.28537797928,6.60004806519,6.40541172028,4.54875230789,5.06460142136,4.13517999649,3.09071111679,2.36197447777,2.54012656212,2.3564620018,1.10189807415,0.677477896214,0.453244894743,0.245471030474,0.162287846208,0.085735052824,0.0485145412385,0.0162705685943,0.00341746397316,0.000321118335705,0.0000369929730368],"dvar":[0.67528039217,12.2221050262,28.1604747772,76.0968933105,693.566040039,567.662536621,1145.03503418,1118.90600586,1026.0333252,611.58203125,363.852325439,36.9715080261,139.353134155,76.0021133423,205.346618652,275.223022461,65.3545608521,72.185295105,101.838851929,70.2860870361,263.133911133,282.628967285,79.2689971924,139.251296997,131.746505737,36.9742927551,20.662651062,27.8607196808,30.7689666748,3.87384414673,1.43749368191,0.548902928829,0.153706163168,0.0638395100832,0.0181106515229,0.00582572165877,0.000625011743978,0.0000258238178503,3.83121943059e-7,2.27354979287e-9],"dvar2":[1.76132023335,32.1533889771,77.4638900757,211.065063477,1908.57202148,1509.46960449,2314.72924805,2548.41796875,2089.67822266,1436.12182617,597.46282959,82.7135391235,332.21307373,179.285812378,487.786071777,565.540222168,159.508956909,173.058883667,243.832504272,151.317779541,544.569885254,590.389343262,200.353103638,314.680236816,265.288604736,90.0951461792,51.0324897766,62.1575050354,61.1692390442,7.92876768112,2.74459671974,1.14813661575,0.306944549084,0.135365471244,0.0370101034641,0.0127852121368,0.00157096225303,0.0000651454174658,0.00000105974925191,5.96805760367e-9],"max":[9.02490901947,32.6139335632,80.5317001343,140.591690063,356.660461426,507.821868896,997.388366699,1166.99182129,1621.01257324,574.330932617,856.591247559,255.59173584,301.12411499,293.491485596,598.206237793,714.164245605,309.553039551,204.640335083,597.402770996,405.95489502,542.055175781,1006.23724365,418.399200439,403.524017334,518.600646973,203.833236694,214.301086426,231.092025757,192.72428894,98.5081787109,74.6605682373,39.9697608948,20.5997543335,8.85954475403,7.45500516891,4.90318012238,0.724216282368,0.133120089769,0.01630522497,0.00115742476191],"mean":[0.264761567116,1.547965765,4.06048774719,9.81458091736,14.0611858368,20.1888065338,41.1026687622,35.7666473389,35.1717758179,22.3776016235,15.8162965775,6.08838701248,10.7151317596,6.49700212479,7.83712339401,8.26634979248,5.80573415756,7.73196125031,6.33205223083,6.11826753616,9.55143356323,8.33938407898,4.52143621445,5.66773796082,5.79783248901,2.98099327087,2.03050398827,2.52844619751,2.6958065033,1.16103816032,0.69794523716,0.434307992458,0.252102851868,0.16616332531,0.0870325192809,0.0365023799241,0.0104431118816,0.00206613540649,0.000146119462443,0.0000421688855567],"median":[0.0446455664933,0.402877271175,1.61961913109,5.96558237076,5.49943399429,9.07139396667,20.6014556885,14.4479427338,14.5890293121,8.36445999146,5.4136557579,2.79851317406,4.17628192902,2.4139213562,2.24022674561,2.8745765686,2.14870619774,2.92301058769,1.49191868305,1.26342904568,1.17461371422,1.1130695343,1.04444563389,0.807933688164,0.742329418659,0.541088044643,0.301804482937,0.38745367527,0.316411316395,0.245494276285,0.170979723334,0.131158813834,0.0834740251303,0.0603950582445,0.0266030915082,0.00548081053421,0.000880697043613,0.000151255037053,0.0000226312986342,0.000032920470403],"min":[2.33951254349e-22,2.87926127226e-22,1.74088338822e-21,1.28303790943e-20,1.68648620591e-19,2.03153736061e-19,2.66712316851e-19,8.36820523713e-19,4.13481661273e-19,6.03215981633e-19,3.34609705523e-19,6.40551295568e-19,1.66480903323e-18,6.42325970213e-18,4.08229555522e-18,1.47120131041e-18,2.00994755888e-18,3.80050324466e-18,8.11604057156e-18,9.14207540337e-18,1.08804616351e-17,9.37131362089e-18,9.81398263442e-18,1.72590655783e-17,1.37834925267e-17,1.70105292371e-17,2.00284844671e-17,1.47167441636e-17,2.20528849392e-17,1.93682570263e-17,2.49075844948e-17,1.65952928414e-17,1.47807232752e-17,1.04302859575e-17,1.15999846909e-17,6.27628914603e-18,2.91163274279e-18,1.17421979245e-18,2.92467205608e-19,3.87354302133e-20],"var":[0.536751806736,10.6031017303,41.4166908264,140.418518066,706.979187012,962.002685547,4221.24316406,4979.21679688,4971.92724609,1464.99108887,1526.4810791,102.636169434,325.555236816,184.218826294,396.902008057,537.476135254,133.034729004,165.200775146,240.337387085,311.570068359,992.887207031,792.39630127,123.392784119,353.637054443,408.136260986,58.8424377441,29.1980819702,49.5862731934,67.4459381104,7.61296892166,2.90823316574,1.09652662277,0.33573782444,0.116184592247,0.0373475961387,0.00923611782491,0.000670712033752,0.0000239184719248,2.52792148103e-7,2.19174967064e-9]},"erbbands_crest":{"dmean":2.44097900391,"dmean2":3.7401471138,"dvar":6.35483169556,"dvar2":14.1554203033,"max":32.720451355,"mean":10.8135023117,"median":9.53422641754,"min":1.92793226242,"var":27.9295768738},"erbbands_flatness_db":{"dmean":0.0234555322677,"dmean2":0.0299460552633,"dvar":0.000715120870154,"dvar2":0.00127222528681,"max":0.455347031355,"mean":0.18197222054,"median":0.176271885633,"min":0.016699520871,"var":0.00361620960757},"erbbands_kurtosis":{"dmean":1.85572624207,"dmean2":2.71420121193,"dvar":11.512172699,"dvar2":22.5548686981,"max":125.17805481,"mean":2.92897391319,"median":1.29885149002,"min":-1.92937064171,"var":32.8385696411},"erbbands_skewness":{"dmean":0.400942772627,"dmean2":0.585043013096,"dvar":0.200539812446,"dvar2":0.421985179186,"max":8.89001274109,"mean":1.20746672153,"median":1.16601347923,"min":-4.92983675003,"var":1.00407111645},"erbbands_spread":{"dmean":8.20756340027,"dmean2":12.0261449814,"dvar":131.286270142,"dvar2":276.256225586,"max":141.708648682,"mean":33.2413978577,"median":29.384344101,"min":0.987092196941,"var":394.578216553},"gfcc":{"cov":[[37968.9960938,3858.91845703,-1939.55334473,1607.9050293,-1698.3659668,540.348510742,-1312.82824707,470.908691406,-826.206848145,315.248413086,-616.177307129,166.198806763,-207.80708313],[3858.91845703,2405.55541992,-62.2986488342,-116.013023376,30.0807857513,-33.8357391357,-92.3631057739,-24.0260505676,40.8294868469,-70.6271591187,140.466491699,-86.0479736328,85.1582717896],[-1939.55334473,-62.2986488342,944.011169434,-129.193649292,190.654052734,146.758361816,231.32383728,62.3250045776,40.7220611572,55.5499839783,45.9309196472,58.6543693542,-48.5136451721],[1607.9050293,-116.013023376,-129.193649292,538.696777344,26.9574012756,112.390899658,-29.4485664368,84.0527496338,39.085144043,48.7001190186,-8.71026420593,-9.53249549866,36.9383621216],[-1698.3659668,30.0807857513,190.654052734,26.9574012756,417.05255127,63.3825950623,129.362838745,23.2908344269,141.554702759,23.0347995758,85.3934326172,17.4799232483,46.6579551697],[540.348510742,-33.8357391357,146.758361816,112.390899658,63.3825950623,254.458740234,81.4199447632,96.6941757202,-1.70579183102,37.3019599915,3.70030999184,20.2771987915,5.46489048004],[-1312.82824707,-92.3631057739,231.32383728,-29.4485664368,129.362838745,81.4199447632,245.148254395,62.7307243347,54.8417243958,17.2612705231,42.9589233398,15.9123344421,3.62848091125],[470.908691406,-24.0260505676,62.3250045776,84.0527496338,23.2908344269,96.6941757202,62.7307243347,202.246551514,74.0701522827,40.3696556091,4.34351301193,7.85541629791,21.0543689728],[-826.206848145,40.8294868469,40.7220611572,39.085144043,141.554702759,-1.70579183102,54.8417243958,74.0701522827,202.903076172,51.3175354004,58.6787872314,-23.5630264282,47.3461265564],[315.248413086,-70.6271591187,55.5499839783,48.7001190186,23.0347995758,37.3019599915,17.2612705231,40.3696556091,51.3175354004,133.023132324,13.1335515976,20.2327804565,-17.390794754],[-616.177307129,140.466491699,45.9309196472,-8.71026420593,85.3934326172,3.70030999184,42.9589233398,4.34351301193,58.6787872314,13.1335515976,139.903366089,11.3002519608,37.0127792358],[166.198806763,-86.0479736328,58.6543693542,-9.53249549866,17.4799232483,20.2771987915,15.9123344421,7.85541629791,-23.5630264282,20.2327804565,11.3002519608,104.913642883,4.58247232437],[-207.80708313,85.1582717896,-48.5136451721,36.9383621216,46.6579551697,5.46489048004,3.62848091125,21.0543689728,47.3461265564,-17.390794754,37.0127792358,4.58247232437,108.24193573]],"icov":[[0.000121524826682,-0.000266318413196,0.000151712156367,-0.000295158883091,0.00024805960129,-0.0002108590852,0.000311078765662,-0.000318221980706,0.000296596146654,-0.000358352815965,0.00037827869528,-0.000463310832856,0.000269697338808],[-0.000266318413196,0.00108129298314,-0.000366611493519,0.00079920218559,-0.000570074247662,0.000362178165233,-0.000327128334902,0.00060595193645,-0.000570293457713,0.000941094534937,-0.00141126138624,0.00149547832552,-0.000858569401316],[0.000151712156367,-0.000366611493519,0.00184204417747,0.0000811280187918,-0.0000903662730707,-0.00091879395768,-0.000635976437479,-0.000422118755523,0.000330279755872,-0.000708085426595,0.000423226680141,-0.00113054388203,0.00121127860621],[-0.000295158883091,0.00079920218559,0.0000811280187918,0.00321878003888,-0.000886088237166,-0.000672689639032,-0.000117796073027,0.00021201572963,-0.000739958835766,0.000156241410878,-0.000825932773296,0.00159990112297,-0.00131541176233],[0.00024805960129,-0.000570074247662,-0.0000903662730707,-0.000886088237166,0.00481432676315,-0.00147664512042,-0.000527703785338,0.00105983344838,-0.0026600190904,0.000163364398759,0.0000689792650519,-0.00205386802554,0.000250612181844],[-0.0002108590852,0.000362178165233,-0.00091879395768,-0.000672689639032,-0.00147664512042,0.00709143420681,-0.00168084597681,-0.00228290050291,0.00251433928497,-0.000760258408263,-0.000495556218084,0.00120189343579,-0.00119649234693],[0.000311078765662,-0.000327128334902,-0.000635976437479,-0.000117796073027,-0.000527703785338,-0.00168084597681,0.00763855082914,-0.0021884450689,0.000378806260414,-0.000205734118936,-0.000357918790542,-0.000880813458934,0.00105262268335],[-0.000318221980706,0.00060595193645,-0.000422118755523,0.00021201572963,0.00105983344838,-0.00228290050291,-0.0021884450689,0.00920081883669,-0.00491441786289,0.000848923344165,0.000247585994657,-0.0000775964363129,-0.0012024671305],[0.000296596146654,-0.000570293457713,0.000330279755872,-0.000739958835766,-0.0026600190904,0.00251433928497,0.000378806260414,-0.00491441786289,0.0124952057377,-0.00523081095889,-0.00096213578945,0.00311615201645,-0.00272735371254],[-0.000358352815965,0.000941094534937,-0.000708085426595,0.000156241410878,0.000163364398759,-0.000760258408263,-0.000205734118936,0.000848923344165,-0.00523081095889,0.0118816699833,-0.00189246761147,-0.00155296036974,0.00292053446174],[0.00037827869528,-0.00141126138624,0.000423226680141,-0.000825932773296,0.0000689792650519,-0.000495556218084,-0.000357918790542,0.000247585994657,-0.00096213578945,-0.00189246761147,0.011291292496,-0.00295662600547,-0.00135183695238],[-0.000463310832856,0.00149547832552,-0.00113054388203,0.00159990112297,-0.00205386802554,0.00120189343579,-0.000880813458934,-0.0000775964363129,0.00311615201645,-0.00155296036974,-0.00295662600547,0.0139871053398,-0.00344314635731],[0.000269697338808,-0.000858569401316,0.00121127860621,-0.00131541176233,0.000250612181844,-0.00119649234693,0.00105262268335,-0.0012024671305,-0.00272735371254,0.00292053446174,-0.00135183695238,-0.00344314635731,0.0138448076323]],"mean":[-104.104064941,124.49835968,-83.5540008545,29.7588062286,-56.5078735352,1.99557423592,-41.7746696472,-4.04332780838,-22.5211219788,0.434844732285,-9.62568378448,-1.02750074863,-8.7156829834]},"hfc":{"dmean":3.32798933983,"dmean2":5.01401472092,"dvar":37.5366325378,"dvar2":88.1400756836,"max":123.591537476,"mean":10.3842315674,"median":8.15394973755,"min":1.16736545543e-16,"var":107.929550171},"melbands":{"dmean":[0.00181346165482,0.00124852708541,0.000963707745541,0.000751557818148,0.000569204858039,0.000324893131619,0.00022671642364,0.000123206700664,0.0000521888759977,0.0000172131476575,0.000028724076401,0.0000132057657538,0.0000151479689521,0.0000121079256132,0.00000855385587784,0.00000667004178467,0.00000791731145,0.00000554723919777,0.00000360954322787,0.00000488022578793,0.00000610829192738,0.00000537343885298,0.00000315100851367,0.00000223132497013,0.00000274780973086,0.00000221280356527,0.00000147664934502,0.00000127336727473,9.82274741546e-7,8.06646141882e-7,0.00000108748349703,0.00000114299109555,5.12144083586e-7,4.06060962632e-7,2.98513953112e-7,2.2186844717e-7,1.81189193427e-7,1.21680898246e-7,1.12644734429e-7,9.14383093686e-8],"dmean2":[0.00302763376385,0.00204551592469,0.00162238662597,0.00127525359858,0.00082346261479,0.00049322086852,0.00033397928928,0.000186468823813,0.0000699051015545,0.0000271888784482,0.0000450121624453,0.0000206301792787,0.0000239532528212,0.0000184255113709,0.000013161359675,0.000010767992535,0.0000122400006148,0.00000900467330212,0.00000571189457332,0.00000771712257119,0.00000938937591854,0.00000810348865343,0.00000502647435496,0.00000377765468329,0.0000044621183406,0.00000343371493727,0.00000237138738157,0.00000209927452488,0.00000159813873779,0.0000013183334886,0.00000170185751358,0.00000169685006313,7.51133597987e-7,6.17849877926e-7,4.48510888873e-7,3.19620738765e-7,2.77756470268e-7,1.78064098577e-7,1.64128167057e-7,1.37239453579e-7],"dvar":[0.0000385292441933,0.00000888158774615,0.0000024231817406,0.00000448025821242,0.00000106146239887,4.9831544402e-7,2.15293482597e-7,6.21626199404e-8,1.97924912015e-8,1.39414257916e-9,3.40161232515e-9,1.18618581624e-9,2.63952393276e-9,1.54476209602e-9,1.19511367469e-9,2.65240218678e-10,3.07083608542e-10,3.01812519421e-10,1.06547520806e-10,3.1424016167e-10,6.50117459866e-10,5.76127257013e-10,1.03603202406e-10,4.56830094586e-11,1.14573656118e-10,1.02162216187e-10,2.47794371827e-11,1.76578612843e-11,1.01521542908e-11,6.11588947888e-12,1.66228680126e-11,1.86509870048e-11,2.03655798822e-12,1.21682579377e-12,6.29149889738e-13,2.94763752252e-13,2.1356165805e-13,8.05225840433e-14,7.13718431686e-14,4.36640639281e-14],"dvar2":[0.0000995555092231,0.0000232411985053,0.00000670677354719,0.0000123149739011,0.00000221904065256,0.00000112300836008,4.54982540532e-7,1.36608932166e-7,3.22696678268e-8,3.24498072857e-9,8.11130096423e-9,2.83793877287e-9,6.23872287164e-9,3.21660476033e-9,2.69840350064e-9,6.56032506097e-10,7.28678561934e-10,7.37174987719e-10,2.2541774003e-10,6.74997779893e-10,1.34548694408e-9,1.18692244921e-9,2.38033898148e-10,1.2245381098e-10,2.59787524826e-10,2.04004868554e-10,5.51419881978e-11,4.40689151837e-11,2.53749209145e-11,1.54958441911e-11,3.59434565445e-11,3.69080391249e-11,4.26411770477e-12,2.67910476789e-12,1.29320035583e-12,5.62569576427e-13,4.90523312073e-13,1.6389924899e-13,1.52427549749e-13,9.53974922603e-14],"max":[0.0642191693187,0.0394627526402,0.0236807875335,0.0301278196275,0.0275742206722,0.022573120892,0.020632006228,0.00604117615148,0.00689901178703,0.00132742361166,0.00148494460154,0.00108561036177,0.00231243413873,0.00156481994782,0.00195194582921,0.000422481301939,0.000471681880299,0.000991793582216,0.000684622616973,0.000548817159142,0.000971412577201,0.00148795649875,0.000375274190446,0.000235954634263,0.000389188528061,0.000465467805043,0.000183294221642,0.000136400733027,0.000170396582689,0.0000764159995015,0.000221461130423,0.000163171251188,0.0000593720978941,0.0000559628460906,0.0000498263216286,0.0000302091848425,0.0000244049424509,0.0000159567061928,0.00000922957860894,0.00000706560422259],"mean":[0.00224348087795,0.00212429463863,0.00176672718953,0.00117630674504,0.00137004139833,0.000828847230878,0.000511292193551,0.000228742646868,0.000110292443424,0.0000347296845575,0.000052603900258,0.000024401329938,0.0000263735892077,0.0000217722099478,0.0000154841764015,0.0000116451028589,0.0000152786396939,0.0000101738751255,0.00000765940239944,0.00000980812819762,0.0000129103282234,0.0000103709908217,0.00000537857749805,0.00000312074257636,0.00000475306069347,0.00000485579494125,0.00000263871970674,0.00000185918918305,0.00000133390926749,0.00000104855485006,0.00000170027726654,0.00000188754086139,7.76444323947e-7,5.8186503793e-7,4.23918919523e-7,3.10398661441e-7,2.42266338546e-7,1.72223565187e-7,1.63488238059e-7,1.32135426156e-7],"median":[0.000460014271084,0.000894892495126,0.0011631277157,0.000469406193588,0.000716869777534,0.000357135286322,0.000211458042031,0.0000810870114947,0.0000345114822267,0.0000150389068949,0.0000201978928089,0.0000081690859588,0.00000624024642093,0.00000719787931303,0.00000526950952917,0.00000380346000384,0.00000535075014341,0.0000021889504751,0.0000016133187728,0.00000146426066294,0.00000128201020289,0.00000108602910132,9.55915538725e-7,7.47740330098e-7,5.97267160174e-7,5.40372525393e-7,4.47919461521e-7,3.05731845174e-7,1.77254818823e-7,1.51032836015e-7,2.4571289714e-7,1.9223917036e-7,1.17877988259e-7,1.39345686989e-7,1.01200704705e-7,7.20361441608e-8,7.72825714535e-8,5.28305825753e-8,5.59641826214e-8,4.70003627129e-8],"min":[2.15865061675e-24,7.64786053685e-25,6.01505454155e-24,1.51178297841e-23,9.64159366769e-24,1.71201496659e-23,6.17967364082e-24,6.15802966416e-24,2.58427992651e-24,4.79044225507e-24,8.16731676547e-24,2.47208655085e-23,1.69459912662e-23,3.82001988492e-24,4.55144501092e-24,5.20979203482e-24,6.74523011188e-24,1.28230625987e-23,1.30110946952e-23,1.17344345495e-23,1.28760180424e-23,9.86363355782e-24,7.91329487652e-24,8.51337742281e-24,1.50267983911e-23,1.206079735e-23,8.82210287124e-24,1.13907018207e-23,1.66528521315e-23,6.67008085546e-24,8.91255918466e-24,1.13067259996e-23,1.20892389411e-23,1.08583911036e-23,1.54188322843e-23,1.25653164974e-23,8.98966797156e-24,1.01711607265e-23,9.08856667439e-24,8.27485270635e-24],"var":[0.0000318907223118,0.0000112342358989,0.00000398038582716,0.0000045210395001,0.00000388285070585,0.00000230094678955,9.68915287558e-7,1.71097639168e-7,8.31473414564e-8,3.34824123982e-9,7.89362619713e-9,2.72684430591e-9,5.18493381563e-9,3.11200265557e-9,2.04499239764e-9,5.27443755338e-10,7.04862945788e-10,6.42699449216e-10,4.67090810474e-10,1.17852128056e-9,2.25964469358e-9,1.62817748173e-9,2.4530616427e-10,5.32089684813e-11,2.84908430181e-10,3.25611287932e-10,5.51998273479e-11,2.57479558508e-11,1.43704033048e-11,7.68628737047e-12,3.02368789729e-11,4.09619699271e-11,3.97319980736e-12,2.03132085805e-12,1.10821475694e-12,6.24750468373e-13,3.58339931079e-13,1.74599484176e-13,1.25016370953e-13,7.52090582737e-14]},"melbands_crest":{"dmean":3.07419157028,"dmean2":4.96787500381,"dvar":10.3504180908,"dvar2":26.6672744751,"max":34.5193862915,"mean":15.0448074341,"median":14.323138237,"min":1.26939320564,"var":29.6089248657},"melbands_flatness_db":{"dmean":0.0303703173995,"dmean2":0.0426679141819,"dvar":0.00123339169659,"dvar2":0.00242120353505,"max":0.648459076881,"mean":0.297199755907,"median":0.295686095953,"min":0.000576474820264,"var":0.0091479793191},"melbands_kurtosis":{"dmean":12.9778013229,"dmean2":20.3214473724,"dvar":1462.07397461,"dvar2":3595.60400391,"max":1372.84594727,"mean":25.4649295807,"median":17.2427558899,"min":-1.92563855648,"var":1795.39648438},"melbands_skewness":{"dmean":0.835107445717,"dmean2":1.25635898113,"dvar":1.34133780003,"dvar2":2.90072607994,"max":26.1281967163,"mean":3.22391605377,"median":3.03394722939,"min":-3.10755395889,"var":3.46440601349},"melbands_spread":{"dmean":2.78043460846,"dmean2":4.24484157562,"dvar":35.4135017395,"dvar2":80.0856933594,"max":196.254653931,"mean":11.0270042419,"median":6.25702953339,"min":0.289528518915,"var":409.758514404},"mfcc":{"cov":[[18503.9335938,2063.97387695,-443.33682251,800.07232666,-156.730804443,-49.3092651367,-311.675720215,-23.6693878174,-57.0248413086,-47.2741012573,-19.8339099884,-165.251861572,-83.1568527222],[2063.97387695,2630.36791992,224.498962402,-5.14048480988,125.07963562,-14.9482212067,39.0452537537,3.09981942177,-32.4769020081,-80.0132522583,77.1558456421,62.6475410461,67.0840682983],[-443.33682251,224.498962402,610.434020996,7.82715129852,5.75787448883,79.3920669556,127.495445251,72.1509017944,24.5248661041,33.1426315308,29.9769611359,51.0809707642,35.9342079163],[800.07232666,-5.14048480988,7.82715129852,308.527160645,101.963996887,60.4613418579,-4.01250934601,13.1619825363,40.3709068298,45.0339508057,31.2963237762,16.9315547943,23.5138893127],[-156.730804443,125.07963562,5.75787448883,101.963996887,287.183746338,75.1258544922,14.3365268707,40.0605392456,43.5613250732,65.9946212769,30.2311439514,38.4691963196,39.3637962341],[-49.3092651367,-14.9482212067,79.3920669556,60.4613418579,75.1258544922,181.141159058,79.7740707397,22.4799003601,22.2812042236,21.6875133514,16.484495163,39.518321991,18.8423080444],[-311.675720215,39.0452537537,127.495445251,-4.01250934601,14.3365268707,79.7740707397,183.882492065,87.1693878174,22.5747489929,12.5737886429,24.0974407196,24.6696872711,21.6129379272],[-23.6693878174,3.09981942177,72.1509017944,13.1619825363,40.0605392456,22.4799003601,87.1693878174,149.583343506,59.2482337952,26.6395187378,18.3018856049,19.9033260345,15.298374176],[-57.0248413086,-32.4769020081,24.5248661041,40.3709068298,43.5613250732,22.2812042236,22.5747489929,59.2482337952,152.578613281,79.8572006226,14.0399646759,30.1747989655,31.8918399811],[-47.2741012573,-80.0132522583,33.1426315308,45.0339508057,65.9946212769,21.6875133514,12.5737886429,26.6395187378,79.8572006226,150.590591431,55.9087142944,23.0738182068,21.4667301178],[-19.8339099884,77.1558456421,29.9769611359,31.2963237762,30.2311439514,16.484495163,24.0974407196,18.3018856049,14.0399646759,55.9087142944,111.254920959,42.2214889526,16.8804473877],[-165.251861572,62.6475410461,51.0809707642,16.9315547943,38.4691963196,39.518321991,24.6696872711,19.9033260345,30.1747989655,23.0738182068,42.2214889526,104.349975586,52.0087013245],[-83.1568527222,67.0840682983,35.9342079163,23.5138893127,39.3637962341,18.8423080444,21.6129379272,15.298374176,31.8918399811,21.4667301178,16.8804473877,52.0087013245,84.0281066895]],"icov":[[0.0000841931250761,-0.0000959713579505,0.0000847615228849,-0.000273362122243,0.000218640925596,-0.000110823944851,0.000192757157492,-0.000203057235922,0.00011202620226,-0.000135460024467,0.0000989527688944,0.0000938278899412,0.0000241385896516],[-0.0000959713579505,0.000565156922676,-0.000298741593724,0.000374835741241,-0.000606420973781,0.000386242056265,-0.000293356337352,0.000437804701505,-0.000277879298665,0.000816344632767,-0.000652579008602,-0.0000408999694628,-0.000276761682471],[0.0000847615228849,-0.000298741593724,0.00218064733781,-0.000325404893374,0.000702760589775,-0.000591018120758,-0.000771940511186,-0.000681533070747,0.000540339155123,-0.000932316761464,0.000518469023518,-0.000509538222104,-0.000148832506966],[-0.000273362122243,0.000374835741241,-0.000325404893374,0.00491835409775,-0.00169466796797,-0.000934766780119,0.000361114070984,0.000540811917745,-0.00103438133374,0.000576667662244,-0.0014627968194,0.000700076867361,-0.000888973008841],[0.000218640925596,-0.000606420973781,0.000702760589775,-0.00169466796797,0.00582617102191,-0.00239339191467,0.00173645978794,-0.00233226036653,0.00118780555204,-0.00261977640912,0.000910375034437,-0.0000694589180057,-0.00126188679133],[-0.000110823944851,0.000386242056265,-0.000591018120758,-0.000934766780119,-0.00239339191467,0.0093478243798,-0.00490208156407,0.00278213387355,-0.000780542206485,0.000564887654036,0.000714387395419,-0.00307500804774,0.00178738532122],[0.000192757157492,-0.000293356337352,-0.000771940511186,0.000361114070984,0.00173645978794,-0.00490208156407,0.0114043857902,-0.00635566841811,0.00130634568632,-0.0000964029386523,-0.00128711701836,0.00176462519448,-0.00214121909812],[-0.000203057235922,0.000437804701505,-0.000681533070747,0.000540811917745,-0.00233226036653,0.00278213387355,-0.00635566841811,0.012438731268,-0.00468965852633,0.00190086907241,-0.00105247681495,-0.000732140790205,0.00138734420761],[0.00011202620226,-0.000277879298665,0.000540339155123,-0.00103438133374,0.00118780555204,-0.000780542206485,0.00130634568632,-0.00468965852633,0.0121044889092,-0.00677229603752,0.00347317219712,-0.00174233329017,-0.00195582187735],[-0.000135460024467,0.000816344632767,-0.000932316761464,0.000576667662244,-0.00261977640912,0.000564887654036,-0.0000964029386523,0.00190086907241,-0.00677229603752,0.0137263033539,-0.00691025704145,0.00209567090496,-0.000614373479038],[0.0000989527688944,-0.000652579008602,0.000518469023518,-0.0014627968194,0.000910375034437,0.000714387395419,-0.00128711701836,-0.00105247681495,0.00347317219712,-0.00691025704145,0.0148542188108,-0.00601771613583,0.00193027162459],[0.0000938278899412,-0.0000408999694628,-0.000509538222104,0.000700076867361,-0.0000694589180057,-0.00307500804774,0.00176462519448,-0.000732140790205,-0.00174233329017,0.00209567090496,-0.00601771613583,0.0178465079516,-0.00916219875216],[0.0000241385896516,-0.000276761682471,-0.000148832506966,-0.000888973008841,-0.00126188679133,0.00178738532122,-0.00214121909812,0.00138734420761,-0.00195582187735,-0.000614373479038,0.00193027162459,-0.00916219875216,0.0191289167851]],"mean":[-739.123840332,150.105133057,26.4221096039,28.5611782074,7.35995721817,4.91701507568,-6.01929283142,-5.46578264236,-8.3079957962,-6.82796955109,-0.196827024221,-2.18440151215,-0.781536519527]},"pitch_salience":{"dmean":0.0700905025005,"dmean2":0.113650545478,"dvar":0.00521423807368,"dvar2":0.0135821122676,"max":0.98733651638,"mean":0.556821227074,"median":0.56398576498,"min":0.0736829340458,"var":0.0151085797697},"silence_rate_20dB":{"dmean":0,"dmean2":0,"dvar":0,"dvar2":0,"max":1,"mean":1,"median":1,"min":1,"var":0},"silence_rate_30dB":{"dmean":0.0340037606657,"dmean2":0.0680124461651,"dvar":0.0328500978649,"dvar2":0.0877074450254,"max":1,"mean":0.977428913116,"median":1,"min":0,"var":0.0220628045499},"silence_rate_60dB":{"dmean":0.0198234692216,"dmean2":0.0396498069167,"dvar":0.019433984533,"dvar2":0.0435894988477,"max":1,"mean":0.158431604505,"median":0,"min":0,"var":0.13332092762},"spectral_centroid":{"dmean":128.917373657,"dmean2":196.092193604,"dvar":50438.203125,"dvar2":101424.445312,"max":11153.453125,"mean":679.285827637,"median":472.441131592,"min":140.974014282,"var":402490.78125},"spectral_complexity":{"dmean":2.13543629646,"dmean2":3.31365323067,"dvar":11.6112661362,"dvar2":24.8890609741,"max":46,"mean":10.2238302231,"median":9,"min":0,"var":48.7263374329},"spectral_contrast_coeffs":{"dmean":[0.0520560257137,0.0414989665151,0.0341508351266,0.026954934001,0.0203982386738,0.0177675057203],"dmean2":[0.0826769471169,0.0662151500583,0.0546567551792,0.0428914986551,0.0322604328394,0.0286914519966],"dvar":[0.00227991421707,0.00133294053376,0.000849792791996,0.000609852897469,0.000424943253165,0.000440819276264],"dvar2":[0.00537900580093,0.00324069079943,0.00201894040219,0.00136613054201,0.000921860744711,0.00100835831836],"max":[-0.224770903587,-0.288047790527,-0.497701019049,-0.527932882309,-0.561743378639,-0.579607546329],"mean":[-0.599949657917,-0.674141705036,-0.774163961411,-0.789649367332,-0.808162391186,-0.788826525211],"median":[-0.612099945545,-0.673198223114,-0.774580597878,-0.794555008411,-0.819573879242,-0.792770683765],"min":[-0.96974593401,-0.990612208843,-0.988983690739,-0.991809666157,-0.975097954273,-0.95941311121],"var":[0.0152094746009,0.00899605546147,0.00425295997411,0.00409836973995,0.00381438247859,0.00230541056953]},"spectral_contrast_valleys":{"dmean":[0.457542091608,0.352913826704,0.34987321496,0.351725876331,0.372793316841,0.410438746214],"dmean2":[0.706903159618,0.562610924244,0.545446634293,0.529698252678,0.52689486742,0.508298695087],"dvar":[0.214993327856,0.128566205502,0.141248583794,0.171193778515,0.261580199003,0.285938173532],"dvar2":[0.421492099762,0.26872241497,0.289315998554,0.334927260876,0.498645722866,0.522952258587],"max":[-4.79771137238,-4.81205797195,-5.62344789505,-6.16778230667,-5.6528544426,-8.1104888916],"mean":[-7.75615358353,-7.46098899841,-8.52267551422,-9.07842540741,-9.03198623657,-11.3935670853],"median":[-7.10260438919,-6.87029504776,-7.98623228073,-8.61279296875,-8.59352207184,-10.9676208496],"min":[-27.2290344238,-27.2071247101,-27.3894557953,-27.2560024261,-27.1751155853,-27.2951889038],"var":[5.17611122131,4.10995960236,3.73052191734,3.41651964188,3.4023141861,3.11803603172]},"spectral_decrease":{"dmean":3.29329230553e-9,"dmean2":5.25335597246e-9,"dvar":3.86130093697e-17,"dvar2":9.38009447396e-17,"max":7.55936830178e-16,"mean":-8.20219092645e-9,"median":-6.75956313145e-9,"min":-6.11215256185e-8,"var":6.02594061753e-17},"spectral_energy":{"dmean":0.0126820774749,"dmean2":0.0202092695981,"dvar":0.000565488880966,"dvar2":0.00137392105535,"max":0.232311889529,"mean":0.0318988487124,"median":0.026372583583,"min":1.06626036651e-20,"var":0.000895320554264},"spectral_energyband_high":{"dmean":0.000126834100229,"dmean2":0.000184403979802,"dvar":1.03281202257e-7,"dvar2":2.11716454146e-7,"max":0.0129571650177,"mean":0.000215287320316,"median":0.0000473825784866,"min":7.87208159583e-21,"var":2.21556561542e-7},"spectral_energyband_low":{"dmean":0.00841531902552,"dmean2":0.0135656492785,"dvar":0.000461761635961,"dvar2":0.0011157739209,"max":0.221165955067,"mean":0.0143057620153,"median":0.00709338020533,"min":1.18784245417e-23,"var":0.000525827344973},"spectral_energyband_middle_high":{"dmean":0.000555449631065,"dmean2":0.000841842032969,"dvar":0.0000015317478983,"dvar2":0.00000338402287525,"max":0.0355045869946,"mean":0.00151201221161,"median":0.00073661073111,"min":1.599061697e-21,"var":0.00000543677060705},"spectral_energyband_middle_low":{"dmean":0.00639140373096,"dmean2":0.0102239474654,"dvar":0.000138024988701,"dvar2":0.000362783961464,"max":0.144573122263,"mean":0.0180409811437,"median":0.0141750229523,"min":2.44055868348e-22,"var":0.000308919406962},"spectral_entropy":{"dmean":0.265049934387,"dmean2":0.35727918148,"dvar":0.102696247399,"dvar2":0.191849842668,"max":9.79639816284,"mean":6.85757541656,"median":6.87826395035,"min":4.2325758934,"var":0.550469219685},"spectral_flux":{"dmean":0.030158476904,"dmean2":0.0472377240658,"dvar":0.00206001941115,"dvar2":0.00434882892296,"max":0.409679114819,"mean":0.0709061771631,"median":0.0561148710549,"min":1.03259886752e-10,"var":0.00409085303545},"spectral_kurtosis":{"dmean":4.24638605118,"dmean2":6.45482063293,"dvar":54.5458526611,"dvar2":111.643188477,"max":145.811157227,"mean":10.5806007385,"median":6.6584148407,"min":-1.19575846195,"var":161.376113892},"spectral_rms":{"dmean":0.000939510646276,"dmean2":0.0014310083352,"dvar":0.00000208952906178,"dvar2":0.00000468057851322,"max":0.0150547586381,"mean":0.00486316531897,"median":0.00507241068408,"min":3.22529698261e-12,"var":0.00000747039757698},"spectral_rolloff":{"dmean":185.418579102,"dmean2":314.429351807,"dvar":583488.5625,"dvar2":1396983.875,"max":21016.40625,"mean":1068.01940918,"median":387.59765625,"min":64.599609375,"var":10508201},"spectral_skewness":{"dmean":0.432853758335,"dmean2":0.640533924103,"dvar":0.340052425861,"dvar2":0.68076646328,"max":9.54010677338,"mean":2.38059878349,"median":2.15011906624,"min":-0.0257033631206,"var":1.31167948246},"spectral_spread":{"dmean":669034.4375,"dmean2":909416.4375,"dvar":713666658304,"dvar2":1356913180670,"max":39514916,"mean":4310457.5,"median":3910877.25,"min":695499.25,"var":4821377613820},"spectral_strongpeak":{"dmean":0.29266244173,"dmean2":0.487484335899,"dvar":0.192221865058,"dvar2":0.497214645147,"max":11.5395431519,"mean":0.693025827408,"median":0.476841151714,"min":0,"var":0.498631477356},"zerocrossingrate":{"dmean":0.00698367226869,"dmean2":0.00832127220929,"dvar":0.000116620176414,"dvar2":0.00013010778639,"max":0.861328125,"mean":0.0486565232277,"median":0.0234375,"min":0.001953125,"var":0.0132390037179}},"metadata":{"audio_properties":{"analysis_sample_rate":44100,"bit_rate":192000,"codec":"mp3","downmix":"mix","equal_loudness":0,"length":320.94039917,"lossless":false,"md5_encoded":"5f22696857c03d4732b51057963dcb1f","replay_gain":-11.1777229309,"sample_rate":44100},"tags":{"album":["The Ragpicker's Dream"],"albumartist":["Mark Knopfler"],"albumartistsort":["Knopfler, Mark"],"artist":["Mark Knopfler"],"artistsort":["Knopfler, Mark"],"asin":["B00006J3T4"],"barcode":["093624831822"],"catalognumber":["9 48318-2"],"date":["2002"],"discnumber":["1/1"],"file_name":"08 - Mark Knopfler - You Don't Know You're Born.mp3","isrc":["GBF080201260"],"label":["Warner Bros. Records"],"language":["eng"],"media":["CD"],"musicbrainz album release country":["US"],"musicbrainz album status":["official"],"musicbrainz album type":["album"],"musicbrainz_albumartistid":["e49f69da-17d5-4c5c-bac0-dadcb0e588f5"],"musicbrainz_albumid":["af9cbe87-074a-3175-9057-4f47ba9ac8d2"],"musicbrainz_artistid":["e49f69da-17d5-4c5c-bac0-dadcb0e588f5"],"musicbrainz_recordingid":["0d8d908b-e761-4ed9-890f-d0c66437aabe"],"originaldate":["2002"],"script":["Latn"],"title":["You Don't Know You're Born"],"tracknumber":["8/12"]},"version":{"essentia":"2.1-beta2","essentia_build_sha":"70f2e5ece6736b2c40cc944ad0e695b16b925413","essentia_git_sha":"v2.1_beta2","extractor":"music 1.0"}},"rhythm":{"beats_count":647,"beats_loudness":{"dmean":0.0367656573653,"dmean2":0.0691645219922,"dvar":0.00084346474614,"dvar2":0.00285664247349,"max":0.147963687778,"mean":0.051296427846,"median":0.0445362590253,"min":1.54547263875e-10,"var":0.00126591976732},"beats_loudness_band_ratio":{"dmean":[0.370968043804,0.339686363935,0.0963264554739,0.0324178487062,0.0398412384093,0.040734179318],"dmean2":[0.710334599018,0.662419557571,0.182333111763,0.0600445121527,0.0764700695872,0.07828567177