{"lowlevel":{"average_loudness":0.712279558182,"barkbands":{"dmean":[0.0000233740574913,0.000634664087556,0.000720011477824,0.000381352874683,0.000415222457377,0.000294387078611,0.000273045239737,0.000194966080016,0.000653516908642,0.0008240135503,0.000458686059574,0.000547783158254,0.000371447007637,0.000479597016238,0.000469838269055,0.000305372348521,0.0002483977878,0.000244657683652,0.000309006980387,0.000292637676466,0.00018082241877,0.000180089627975,0.000146152233356,0.000119026080938,0.0000427192717325,0.00000463793639938,8.18001808511e-7],"dmean2":[0.000039761991502,0.000999466283247,0.00111298786942,0.000587117858231,0.000654989504255,0.000466046214569,0.000404465943575,0.000302160391584,0.000954487244599,0.00120063743088,0.000690963410307,0.000825795694254,0.000580742489547,0.000746518722735,0.00071933720028,0.000473525462439,0.000381439487683,0.00037997297477,0.000479781330796,0.00043253658805,0.000272553559626,0.000275167869404,0.000219756184379,0.000172823405592,0.0000604546767136,0.00000605215382166,0.00000112828013243],"dvar":[2.83280443547e-9,0.00000136509038384,0.00000175670993485,4.74576836496e-7,5.04496426856e-7,2.10210345131e-7,4.31071441653e-7,1.84219643984e-7,0.00000224362747758,0.00000460180990558,0.00000195020402316,0.00000297220958601,9.23586924273e-7,0.00000170283237821,0.00000152422660449,6.21298340775e-7,2.50230272059e-7,2.05961370625e-7,5.12716155754e-7,5.2569384934e-7,3.40661301834e-7,0.00000137566655667,2.45248088504e-7,7.15734643109e-7,2.80756218274e-8,1.11016640325e-10,5.21980679166e-12],"dvar2":[7.2255397221e-9,0.00000319566424878,0.00000449128219771,0.00000109315624286,0.00000120928052638,5.16281829732e-7,9.27750193114e-7,4.33217138607e-7,0.00000454631299363,0.00000974275189947,0.00000408397499996,0.00000686746352585,0.00000212949180423,0.0000040946192712,0.0000033826033814,0.00000137281688239,5.71632085666e-7,4.79027562506e-7,0.00000118558136819,0.00000107886148726,7.92830292085e-7,0.00000378131085199,5.27520001015e-7,0.00000173496744083,5.11082731691e-8,2.02277444794e-10,1.13363511287e-11],"max":[0.00232212827541,0.019325805828,0.0195253118873,0.0149360634387,0.0184065513313,0.00750885671005,0.0194307118654,0.00863694865257,0.0293575581163,0.0452643148601,0.0388661585748,0.051894839853,0.0241951588541,0.0441878512502,0.0334742292762,0.0213971287012,0.0136975152418,0.012429298833,0.0275488868356,0.0271341651678,0.0238635651767,0.0660367384553,0.0138819906861,0.0462572351098,0.00782355945557,0.000260506843915,0.0000759965332691],"mean":[0.0000281819557131,0.00102176982909,0.00129899079911,0.000676027790178,0.000697905663401,0.000556643004529,0.000543963513337,0.000314962060656,0.00112520996481,0.00167700753082,0.000732302607503,0.00115576444659,0.000612968171481,0.000833559723105,0.000822078553028,0.000484664429678,0.000442839751486,0.000493170809932,0.000603744992986,0.000590477196965,0.000282192282612,0.000250805227552,0.000217428678297,0.000168288839632,0.0000617145415163,0.0000075446628216,0.00000140382292102],"median":[0.0000124617845358,0.000639360980131,0.000725359190255,0.00036738550989,0.000389933324186,0.000304295565002,0.00015721123782,0.000134711997816,0.000239386863541,0.000199602291104,0.000142247125041,0.000143339202623,0.000189373386092,0.000214972460526,0.000263665249804,0.000168469763594,0.000202165188966,0.000253798672929,0.00030764794792,0.000213343693758,0.000101117810118,0.0000554247235414,0.000051143400924,0.0000265871294687,0.000011724039723,0.00000138747600431,5.23497647009e-7],"min":[1.39886140525e-25,1.54575263061e-24,4.69960778146e-25,2.94868095895e-25,7.26353302585e-24,4.60165364096e-24,1.22478812357e-23,1.14222002478e-23,1.70465378994e-23,1.17628027765e-23,1.53123975932e-23,1.9875311064e-23,3.44099107373e-23,2.97977912788e-23,2.46904075889e-23,4.42477477547e-23,6.25936957595e-23,6.19239907163e-23,1.03620729542e-22,1.64585175097e-22,2.60579235272e-22,3.32523829456e-22,4.4705381112e-22,5.17518300297e-22,8.60831878913e-22,1.34077838775e-21,2.10221046045e-21],"var":[3.11964276634e-9,0.00000195335701392,0.00000292132835966,9.1301279781e-7,9.52675861754e-7,5.2941317108e-7,0.00000118253706205,3.09236924068e-7,0.00000628431962468,0.0000181658742804,0.00000416291004512,0.0000113482237794,0.00000222772609959,0.00000391229468732,0.00000458212798549,0.0000011769793673,5.87730369261e-7,5.52894107386e-7,0.00000107304856556,0.00000155402244673,5.15191629802e-7,0.00000111091446797,4.03812634886e-7,0.00000100002648651,6.33760848245e-8,2.85318685345e-10,8.59838849426e-12]},"barkbands_crest":{"dmean":2.05317831039,"dmean2":3.25740075111,"dvar":3.68681311607,"dvar2":8.72826480865,"max":25.7162818909,"mean":7.89032697678,"median":7.04512643814,"min":1.98612010479,"var":12.676858902},"barkbands_flatness_db":{"dmean":0.0164251755923,"dmean2":0.0236090347171,"dvar":0.00024312637106,"dvar2":0.000480716000311,"max":0.318264126778,"mean":0.102915748954,"median":0.0982287079096,"min":0.0252689179033,"var":0.00143035023939},"barkbands_kurtosis":{"dmean":1.04610037804,"dmean2":1.60998940468,"dvar":6.08485031128,"dvar2":12.6480035782,"max":72.5521850586,"mean":0.368028730154,"median":-0.42656981945,"min":-1.9409031868,"var":11.0464782715},"barkbands_skewness":{"dmean":0.404128819704,"dmean2":0.593310832977,"dvar":0.204001009464,"dvar2":0.387937366962,"max":7.54486846924,"mean":0.357386022806,"median":0.305385708809,"min":-6.90855455399,"var":0.915933966637},"barkbands_spread":{"dmean":6.34749507904,"dmean2":9.35722732544,"dvar":50.4434623718,"dvar2":109.619697571,"max":116.358779907,"mean":30.4523181915,"median":28.2485694885,"min":1.71837282181,"var":208.136016846},"dissonance":{"dmean":0.0146759096533,"dmean2":0.0246629491448,"dvar":0.000223941664444,"dvar2":0.000595739518758,"max":0.500000119209,"mean":0.472347080708,"median":0.478130698204,"min":0.32905292511,"var":0.000498025096022},"dynamic_complexity":3.81019258499,"erbbands":{"dmean":[0.0106748510152,0.178771749139,0.80493748188,1.00199127197,1.45045828819,1.34427022934,1.48936748505,2.84201955795,3.90112614632,3.88306093216,4.2700843811,13.8202629089,30.3887939453,14.0966825485,18.324514389,22.201166153,16.173456192,22.2065830231,22.5572681427,20.1733283997,14.27435112,11.2586231232,12.3397712708,15.7533931732,13.2876462936,13.4122676849,9.16764259338,6.43944978714,7.13141155243,4.2653875351,4.48670387268,3.08041334152,1.73976206779,0.755597352982,0.169041708112,0.0349392741919,0.00646853772923,0.0010726118926,0.000161046802532,0.0000117005729408],"dmean2":[0.0171056110412,0.282223761082,1.25947666168,1.49606788158,2.30390572548,2.14380192757,2.35256743431,4.5062289238,5.81320571899,5.90187549591,6.43877220154,20.2314605713,44.1340065002,20.3359413147,26.6887168884,33.047908783,25.009147644,34.579826355,33.2206726074,31.5165042877,21.9476470947,16.8920764923,18.9040908813,24.4090747833,20.3417339325,19.5786437988,13.8280439377,9.54121685028,11.1418399811,6.3081817627,6.7603597641,4.53147363663,2.5878367424,1.09132778645,0.224159911275,0.0455910265446,0.00847718212754,0.00141284579877,0.000222554561333,0.0000158347684192],"dvar":[0.000289813877316,0.114356443286,2.28926372528,2.71576142311,7.92454099655,5.76780653,5.69246101379,22.8647136688,85.0183029175,64.7716827393,103.90473175,1017.94464111,6209.54248047,1669.16687012,2880.57299805,4674.6328125,1538.78173828,2754.58691406,3548.01904297,2529.51977539,1471.35192871,637.763366699,534.082214355,866.238342285,1935.13244629,904.341125488,811.270812988,512.803527832,2787.44555664,210.146530151,249.400085449,315.642547607,325.415100098,12.8887834549,0.375356256962,0.0079517615959,0.00020024375408,0.00000663788023303,1.93718548758e-7,5.91222182322e-10],"dvar2":[0.000734116823878,0.268622845411,5.75142526627,6.21110057831,19.6715393066,13.8004751205,13.1262083054,56.6294326782,183.019821167,159.771636963,234.46395874,2118.83422852,13705.3730469,3374.19165039,5509.23095703,11268.6298828,3535.80126953,6357.34716797,7196.27685547,5934.69970703,3295.79833984,1383.12353516,1211.14685059,2071.65625,5078.31347656,1871.29931641,1792.9005127,1220.4407959,7863.01025391,466.504425049,551.305969238,704.806884766,874.154846191,25.5927677155,0.697764873505,0.0139048472047,0.000358694785973,0.0000125807200675,4.40378414623e-7,1.27420840546e-9],"max":[0.267701655626,5.29437828064,18.6677646637,28.8428573608,50.9753074646,91.3689651489,56.8037986755,91.4874649048,290.452362061,211.964172363,222.693557739,705.003479004,1707.3125,940.03137207,2280.76831055,1804.79431152,1048.37133789,1336.60498047,1923.92773438,1498.4864502,1222.36938477,945.577148438,575.759155273,769.054931641,1913.2911377,872.284362793,1204.22106934,829.415649414,3056.46508789,347.653808594,524.139831543,740.523010254,1172.68920898,226.019302368,24.9297714233,2.91913962364,0.296587467194,0.0726074054837,0.012257847935,0.000802141847089],"mean":[0.0202415399253,0.272708266973,1.35393893719,2.00601887703,2.30235266685,2.23358941078,2.68587684631,5.22285270691,8.00116920471,7.35451412201,7.50737285614,25.6795825958,65.9772491455,26.726316452,36.105594635,49.082698822,29.7779273987,43.1017494202,41.3398895264,37.8015060425,26.6775417328,22.5827960968,26.8792362213,32.3150749207,28.2256507874,27.953453064,16.0854530334,9.9469909668,9.60858345032,6.62873697281,6.35017967224,4.31249856949,2.34721302986,1.0530513525,0.25280380249,0.0556333474815,0.0106717888266,0.00182401528582,0.000270625547273,0.0000339744947269],"median":[0.0136979073286,0.161516070366,0.761648178101,1.23331856728,1.29761838913,1.16201448441,1.4498064518,2.7516207695,2.66529107094,3.06544923782,3.34164047241,6.96744775772,9.12497520447,6.38414669037,8.42332649231,7.49360227585,11.0346221924,14.209359169,14.9590244293,14.7010908127,12.3012561798,10.9048290253,13.8472366333,18.5866985321,11.5322313309,10.6593122482,6.11023807526,3.35650634766,2.10341930389,1.46727323532,1.49373054504,0.730486392975,0.392292231321,0.20276260376,0.0399745851755,0.00918707903475,0.0020600410644,0.000475125998491,0.000102624711872,0.0000240619301621],"min":[8.17320419218e-23,8.14797591556e-22,1.29538301461e-21,3.76151578609e-21,1.25487103632e-20,1.76487578612e-20,3.89633669397e-20,6.10596681594e-20,2.21212523474e-19,1.47833525205e-19,2.21293147734e-19,3.97924487752e-19,3.90544408176e-19,4.92781114304e-19,6.45161741809e-19,1.2006281539e-18,1.92428204631e-18,1.89769005077e-18,1.89966370371e-18,1.84847694022e-18,3.95274418204e-18,4.99311115873e-18,3.89406977965e-18,5.76993094764e-18,6.87547437993e-18,8.12952030682e-18,8.10295291991e-18,1.03196215993e-17,1.07214651137e-17,9.46052670431e-18,1.23492175928e-17,9.65219437841e-18,9.05210296814e-18,8.53801931643e-18,5.69236332647e-18,3.94478753173e-18,2.48835635834e-18,8.69840177899e-19,2.73227139656e-19,2.68176575169e-20],"var":[0.000536547042429,0.15407012403,3.39882206917,5.960064888,10.7425746918,11.5169897079,15.4341020584,52.1753616333,237.218811035,142.235076904,194.705978394,2890.93920898,27653.875,4438.15234375,8797.73632812,20994.4570312,3989.3581543,8107.59912109,8593.09765625,7329.30224609,3003.78295898,1537.34265137,1554.05895996,2064.53491211,4075.11743164,2892.27612305,1536.22546387,685.615112305,1993.88439941,358.963806152,375.040618896,479.659942627,307.754180908,24.552690506,0.813626885414,0.0206420887262,0.000530971970875,0.0000148389772221,2.98010064625e-7,1.35515698663e-9]},"erbbands_crest":{"dmean":2.61458230019,"dmean2":4.16592073441,"dvar":5.96897935867,"dvar2":13.7203683853,"max":29.8219509125,"mean":9.59389877319,"median":8.45131492615,"min":2.46499705315,"var":21.931558609},"erbbands_flatness_db":{"dmean":0.0180862601846,"dmean2":0.0250026900321,"dvar":0.000297829770716,"dvar2":0.000549498596229,"max":0.382617026567,"mean":0.171614319086,"median":0.166525542736,"min":0.0406486541033,"var":0.00206581386738},"erbbands_kurtosis":{"dmean":0.943475246429,"dmean2":1.4485553503,"dvar":3.81659603119,"dvar2":8.15897750854,"max":97.4447174072,"mean":0.635132849216,"median":0.0527530908585,"min":-1.81631600857,"var":8.47975921631},"erbbands_skewness":{"dmean":0.339519441128,"dmean2":0.496195107698,"dvar":0.117836028337,"dvar2":0.234065935016,"max":2.98453068733,"mean":-0.182912573218,"median":-0.190817803144,"min":-8.67781162262,"var":0.718629896641},"erbbands_spread":{"dmean":6.4579076767,"dmean2":9.74562644958,"dvar":48.7716522217,"dvar2":109.459739685,"max":120.168251038,"mean":31.1360549927,"median":29.1299514771,"min":3.11712002754,"var":196.109527588},"gfcc":{"cov":[[25899.8867188,1480.35131836,-2539.94116211,822.170410156,-1111.74682617,499.467224121,-526.949890137,173.472076416,-415.79119873,-75.6938018799,-255.102981567,-214.44619751,-272.262786865],[1480.35131836,1160.51818848,-201.109298706,-73.5442810059,161.819137573,-90.3633575439,46.1948928833,-5.97366333008,7.53256225586,-101.18044281,44.6096534729,-100.840965271,-45.7989501953],[-2539.94116211,-201.109298706,978.346618652,258.405761719,150.482299805,46.7110748291,-34.9761962891,-33.4109725952,-7.79590559006,8.10451030731,-69.4690246582,22.9041461945,-67.6996841431],[822.170410156,-73.5442810059,258.405761719,419.316162109,31.0536727905,52.3292007446,-65.0286636353,-6.84287261963,-39.1286621094,-14.02090168,-70.1150741577,-16.5796508789,-43.8014450073],[-1111.74682617,161.819137573,150.482299805,31.0536727905,301.061767578,35.4902420044,71.7318267822,-3.31888365746,-3.43030667305,-32.5205688477,-25.0616340637,-21.8106822968,-13.1162595749],[499.467224121,-90.3633575439,46.7110748291,52.3292007446,35.4902420044,258.878265381,89.6327514648,-12.4986066818,-53.3457679749,-14.4507255554,-46.229057312,-29.9872570038,-36.1824226379],[-526.949890137,46.1948928833,-34.9761962891,-65.0286636353,71.7318267822,89.6327514648,211.883285522,7.9750123024,-30.0143966675,-13.6880674362,2.62655282021,-27.7567939758,-3.24881434441],[173.472076416,-5.97366333008,-33.4109725952,-6.84287261963,-3.31888365746,-12.4986066818,7.9750123024,113.174034119,44.0826416016,-16.7043838501,-2.47537565231,-0.262249022722,-1.30594682693],[-415.79119873,7.53256225586,-7.79590559006,-39.1286621094,-3.43030667305,-53.3457679749,-30.0143966675,44.0826416016,119.23853302,20.8342151642,14.1080198288,9.9370136261,9.96879482269],[-75.6938018799,-101.18044281,8.10451030731,-14.02090168,-32.5205688477,-14.4507255554,-13.6880674362,-16.7043838501,20.8342151642,96.5160522461,23.2967796326,15.2422199249,-1.88970422745],[-255.102981567,44.6096534729,-69.4690246582,-70.1150741577,-25.0616340637,-46.229057312,2.62655282021,-2.47537565231,14.1080198288,23.2967796326,109.657562256,20.5010490417,17.2489509583],[-214.44619751,-100.840965271,22.9041461945,-16.5796508789,-21.8106822968,-29.9872570038,-27.7567939758,-0.262249022722,9.9370136261,15.2422199249,20.5010490417,84.3220825195,21.9986686707],[-272.262786865,-45.7989501953,-67.6996841431,-43.8014450073,-13.1162595749,-36.1824226379,-3.24881434441,-1.30594682693,9.96879482269,-1.88970422745,17.2489509583,21.9986686707,76.7053146362]],"icov":[[0.000299662031466,-0.000679621647578,0.000875166617334,-0.000822911213618,0.000970849650912,-0.000973339658231,0.000932972296141,-0.000973975926172,0.00112057046499,-0.000872835167684,0.000835166487377,-0.000546837807633,0.000492061139084],[-0.000679621647578,0.00299099925905,-0.00161104393192,0.00191207963508,-0.00299635156989,0.00299809360877,-0.00219163834117,0.00283901067451,-0.00290513504297,0.00353932497092,-0.00279716285877,0.00255499547347,0.000261897977907],[0.000875166617334,-0.00161104393192,0.00411301990971,-0.00313130882569,0.00195114943199,-0.00263328454457,0.00274656480178,-0.00219757668674,0.00283324136399,-0.0023700799793,0.00263569829985,-0.00223990506493,0.00278000230901],[-0.000822911213618,0.00191207963508,-0.00313130882569,0.00578309502453,-0.00281759351492,0.00220296438783,-0.00107932765968,0.00204995670356,-0.00181301601697,0.00236401380971,-0.00117473362479,0.00215594260953,-0.000754298991524],[0.000970849650912,-0.00299635156989,0.00195114943199,-0.00281759351492,0.00783998984843,-0.00339728430845,0.00140903727151,-0.00290599302389,0.00298915151507,-0.00229239161126,0.00350388651714,-0.00193264067639,0.000839745916892],[-0.000973339658231,0.00299809360877,-0.00263328454457,0.00220296438783,-0.00339728430845,0.00919627677649,-0.00546615570784,0.00379844917916,-0.00253125303425,0.00353561714292,-0.00148253410589,0.0026617650874,0.000845358707011],[0.000932972296141,-0.00219163834117,0.00274656480178,-0.00107932765968,0.00140903727151,-0.00546615570784,0.0101828193292,-0.00460395030677,0.00538595067337,-0.00318740960211,0.00167394976597,-0.0000962189224083,0.000698837917298],[-0.000973975926172,0.00283901067451,-0.00219757668674,0.00204995670356,-0.00290599302389,0.00379844917916,-0.00460395030677,0.0151173304766,-0.009177044034,0.00664774468169,-0.00267948326655,0.00148648349568,0.000358938239515],[0.00112057046499,-0.00290513504297,0.00283324136399,-0.00181301601697,0.00298915151507,-0.00253125303425,0.00538595067337,-0.009177044034,0.0167035199702,-0.00697216205299,0.00328607740812,-0.0017772631254,0.000525308016222],[-0.000872835167684,0.00353932497092,-0.0023700799793,0.00236401380971,-0.00229239161126,0.00353561714292,-0.00318740960211,0.00664774468169,-0.00697216205299,0.0170334447175,-0.00551687739789,0.00139987713192,0.00169210485183],[0.000835166487377,-0.00279716285877,0.00263569829985,-0.00117473362479,0.00350388651714,-0.00148253410589,0.00167394976597,-0.00267948326655,0.00328607740812,-0.00551687739789,0.0147056486458,-0.00427166186273,0.000230025791097],[-0.000546837807633,0.00255499547347,-0.00223990506493,0.00215594260953,-0.00193264067639,0.0026617650874,-0.0000962189224083,0.00148648349568,-0.0017772631254,0.00139987713192,-0.00427166186273,0.016977539286,-0.0038579495158],[0.000492061139084,0.000261897977907,0.00278000230901,-0.000754298991524,0.000839745916892,0.000845358707011,0.000698837917298,0.000358938239515,0.000525308016222,0.00169210485183,0.000230025791097,-0.0038579495158,0.0185689087957]],"mean":[-32.9914665222,67.7288665771,-142.451828003,39.900932312,-54.2155723572,15.80189991,-29.4979953766,7.35554361343,-21.1462364197,-3.29543066025,-10.7219152451,-7.28991985321,-8.99121284485]},"hfc":{"dmean":7.64994764328,"dmean2":10.5753574371,"dvar":235.478759766,"dvar2":517.912902832,"max":527.868835449,"mean":23.4939670563,"median":15.4302787781,"min":1.08392093108e-16,"var":709.297973633},"melbands":{"dmean":[0.000126877435832,0.000354122719727,0.000183923359145,0.0000968919048319,0.0000540113687748,0.0000620695209363,0.0000594670855207,0.0000415910108131,0.0000377356809622,0.000100187586213,0.000151874977746,0.0000561852684768,0.0000588266666455,0.0000668965512887,0.0000400207645725,0.000041216302634,0.000046919878514,0.0000389838423871,0.0000347346685885,0.0000259690423263,0.0000169958220795,0.0000136866519824,0.0000129573036247,0.0000106086326923,0.0000146643687913,0.0000104326763903,0.00000965867184277,0.00000976838964561,0.00000687494593876,0.00000467190693598,0.00000362232049156,0.00000485089140057,0.00000268581925411,0.00000231620470004,0.00000271356952908,0.00000246153035732,0.00000179148526058,0.00000133130129143,9.88866304397e-7,5.46995806872e-7],"dmean2":[0.000201923729037,0.000552468292881,0.000273995741736,0.000153310669702,0.0000852586308611,0.0000980644254014,0.0000881303858478,0.0000635578398942,0.0000571617601963,0.000145479963976,0.0002199345181,0.000081445388787,0.000084809056716,0.0000979244723567,0.00005967904508,0.0000650053771096,0.0000739732131478,0.0000572739336349,0.0000541833214811,0.0000408258274547,0.000026024537874,0.0000209123136301,0.0000199785245059,0.0000164518642123,0.0000230559544434,0.0000161787011166,0.0000146471666085,0.0000145303483805,0.0000106072156996,0.00000712591190677,0.00000546589308215,0.00000774247655499,0.00000407060360885,0.00000350402820004,0.00000413790803577,0.00000377382707484,0.00000261894092546,0.00000202324167731,0.00000149301286001,7.95153880517e-7],"dvar":[4.78450665753e-8,4.35392081499e-7,9.23918435092e-8,2.97139912675e-8,7.32670013548e-9,1.01299244548e-8,2.00145464646e-8,7.30750970845e-9,9.12948472376e-9,5.21746095217e-8,1.53196054953e-7,2.68913300516e-8,2.77588494413e-8,4.00403585843e-8,1.13777316457e-8,1.39018148104e-8,1.39774085639e-8,1.25440591248e-8,1.1532534927e-8,3.59922558424e-9,2.22178364595e-9,1.12727605028e-9,6.51271758745e-10,3.50658058146e-10,8.18974721373e-10,1.10368214568e-9,1.10831699374e-9,5.33591448804e-10,4.84521867072e-10,1.77274625535e-10,2.13808123983e-10,1.81647352715e-9,9.26254281608e-11,6.53939194462e-11,8.33947147449e-11,1.4361591083e-10,1.34167191246e-10,1.80103487679e-10,8.85462120293e-11,4.16056989208e-12],"dvar2":[1.13693488402e-7,0.00000105175070075,2.0800284517e-7,7.36969738568e-8,1.62746722765e-8,2.50251375178e-8,4.2749071838e-8,1.82647958979e-8,2.04944399229e-8,1.08153209055e-7,3.37434244102e-7,5.32008677112e-8,5.34480975034e-8,8.75828192193e-8,2.42294273534e-8,3.41668915382e-8,3.27116325138e-8,2.66387907288e-8,2.79318363994e-8,8.17994560975e-9,4.85029172381e-9,2.62741561841e-9,1.49204348876e-9,8.02239441544e-10,2.00775596149e-9,2.80545808806e-9,2.80323919633e-9,1.14695886122e-9,1.07546915817e-9,3.88478832436e-10,5.31687971428e-10,5.21511500651e-9,2.14629800044e-10,1.52284421184e-10,1.93445801044e-10,3.28705257457e-10,3.01532576685e-10,4.82368645027e-10,2.21127588462e-10,7.73765166523e-12],"max":[0.0033811959438,0.00854045525193,0.00592462858185,0.00352649437264,0.00246221129782,0.0017806928372,0.00455611245707,0.00190675863996,0.00200935220346,0.0050342977047,0.00857564527541,0.00349822291173,0.00508809834719,0.00635730987415,0.00376699026674,0.00327288964763,0.00309039372951,0.00435668369755,0.00371416984126,0.00133838155307,0.00154674809892,0.00122526858468,0.000609930371866,0.000410794396885,0.00072606879985,0.00145161408,0.00163128611166,0.000572304241359,0.00100853655022,0.000374319613911,0.000615968368948,0.00251959217712,0.000253445614362,0.000198031426407,0.000254138896707,0.000466171652079,0.000439783732872,0.000799983681645,0.000662302132696,0.0000798081455287],"mean":[0.000227965123486,0.000601955631282,0.000369431101717,0.000159906965564,0.0000985165606835,0.000116608782264,0.000122579629533,0.0000763083153288,0.0000626466207905,0.000182924588444,0.000325885659549,0.0000980198747129,0.000105045190139,0.000141670519952,0.0000754815409891,0.0000677226125845,0.0000843466768856,0.0000647928536637,0.0000612425938016,0.0000416508373746,0.0000295232366625,0.000023856644475,0.0000252848112723,0.0000216735206777,0.0000274226022157,0.0000194126223505,0.0000196749751922,0.0000186089291674,0.0000113688975034,0.00000710828362571,0.000005125817097,0.0000060812171796,0.00000391178627979,0.0000034706858969,0.00000369552208213,0.00000328154646922,0.00000240620101977,0.00000172866566572,0.00000126957263547,7.47067872453e-7],"median":[0.000155272573465,0.000362709572073,0.000230507459491,0.0000943070626818,0.0000543255846424,0.0000610781280557,0.0000385647690564,0.0000333959505951,0.0000217205779336,0.0000420463693445,0.0000390170971514,0.0000184990585694,0.0000219369903789,0.0000191370418179,0.0000169271879713,0.0000196323817363,0.0000232255497394,0.0000205062588066,0.0000175752829819,0.0000171182509803,0.0000122365263451,0.0000104226410258,0.000011482696209,0.0000114104095701,0.0000145796539073,0.00000793398976384,0.00000633910531178,0.00000674271632306,0.00000384028044209,0.00000242770147452,0.00000157732392836,0.00000125071824186,7.94902462076e-7,7.7493371009e-7,8.97755057849e-7,6.46150851935e-7,3.50263348992e-7,2.67509790319e-7,2.4203296789e-7,1.38525493298e-7],"min":[1.41576718749e-24,8.81370229146e-25,9.91170299429e-25,1.53118513071e-24,1.37169589529e-24,1.52254029987e-24,3.1968988531e-24,1.96337717156e-24,1.54928051519e-24,2.32945872425e-24,2.09119669846e-24,1.74429531261e-24,2.20769173264e-24,2.49999250537e-24,3.7374774241e-24,3.92105482308e-24,2.87548556309e-24,3.46733989572e-24,2.05216464973e-24,3.69010119915e-24,4.08922379642e-24,3.98640958249e-24,3.46322716939e-24,2.93091704396e-24,3.77242238448e-24,3.91745998393e-24,5.19918934982e-24,4.63984279181e-24,3.9873163781e-24,4.81366355911e-24,6.14730786117e-24,5.10363936154e-24,4.60208080914e-24,5.09103612528e-24,6.38307393105e-24,5.24391500213e-24,5.85770164008e-24,5.7434655091e-24,5.90033602213e-24,7.08859838695e-24],"var":[7.72665345039e-8,6.49258595331e-7,2.02074375011e-7,4.47689565419e-8,2.18979536726e-8,2.48160372252e-8,5.66277265079e-8,1.49834669116e-8,1.78464851786e-8,1.54388217766e-7,6.84494409597e-7,7.42836334666e-8,7.91950114376e-8,1.62992265018e-7,4.18163423888e-8,2.87400450105e-8,3.89786869448e-8,2.62707278154e-8,3.6632094691e-8,6.67400490428e-9,4.78099959622e-9,2.13758433176e-9,1.85513537865e-9,9.41204225668e-10,1.73150505045e-9,1.8558793391e-9,2.85031354075e-9,1.42295975003e-9,9.50880707506e-10,2.90714535778e-10,2.41143716107e-10,1.16433340747e-9,1.48562440128e-10,1.00869583519e-10,1.13690015735e-10,1.94742028059e-10,1.96898622407e-10,1.69670610894e-10,9.29500573732e-11,9.22553613364e-12]},"melbands_crest":{"dmean":2.94503426552,"dmean2":4.73642539978,"dvar":7.48662424088,"dvar2":18.4149990082,"max":33.3113861084,"mean":11.7324352264,"median":10.878818512,"min":1.70804262161,"var":23.4162979126},"melbands_flatness_db":{"dmean":0.0198982637376,"dmean2":0.0282189827412,"dvar":0.000370113237295,"dvar2":0.000719454372302,"max":0.374183654785,"mean":0.136473461986,"median":0.136504873633,"min":0.00324549525976,"var":0.00240045925602},"melbands_kurtosis":{"dmean":2.54428529739,"dmean2":3.90702700615,"dvar":28.9270687103,"dvar2":58.6671981812,"max":184.244537354,"mean":3.54197382927,"median":1.22127485275,"min":-1.95168888569,"var":68.7142868042},"melbands_skewness":{"dmean":0.516137242317,"dmean2":0.766785264015,"dvar":0.338973581791,"dvar2":0.681983292103,"max":11.6337089539,"mean":1.37142908573,"median":1.14263939857,"min":-3.61793160439,"var":1.50387275219},"melbands_spread":{"dmean":11.6647195816,"dmean2":17.1833457947,"dvar":253.512695312,"dvar2":499.1456604,"max":303.805664062,"mean":47.2238082886,"median":40.1303253174,"min":2.10568237305,"var":968.035095215},"mfcc":{"cov":[[10242.8623047,874.407348633,-264.169433594,120.159751892,-124.428283691,105.671524048,45.1951065063,113.505104065,-44.1953010559,117.132705688,-33.7206954956,-90.5882873535,2.57305288315],[874.407348633,1206.64245605,-246.970428467,55.0341491699,68.5896835327,-62.1273384094,48.4412002563,28.883348465,-35.6944122314,34.8723754883,19.4396343231,-27.9677906036,8.19911193848],[-264.169433594,-246.970428467,618.704528809,166.812606812,108.585990906,96.2686538696,-22.2742786407,2.55853199959,2.98580217361,-47.5424842834,16.1981124878,38.1707115173,-17.1901340485],[120.159751892,55.0341491699,166.812606812,321.13079834,118.59979248,16.7425441742,-6.20835447311,-0.937300384045,15.9980487823,-21.3220119476,-17.8192272186,25.1006145477,-3.49576067924],[-124.428283691,68.5896835327,108.585990906,118.59979248,228.581832886,29.849445343,-9.47072887421,30.9639453888,27.3503494263,-11.0478105545,-1.95477056503,10.4163303375,-20.9438514709],[105.671524048,-62.1273384094,96.2686538696,16.7425441742,29.849445343,238.077087402,108.710281372,23.0937385559,24.9064235687,-3.53027319908,17.3293704987,-13.1851358414,-23.9389095306],[45.1951065063,48.4412002563,-22.2742786407,-6.20835447311,-9.47072887421,108.710281372,207.817596436,53.0814208984,1.86433792114,24.4921188354,0.210482776165,-19.8255386353,-17.1824359894],[113.505104065,28.883348465,2.55853199959,-0.937300384045,30.9639453888,23.0937385559,53.0814208984,123.459663391,40.3368453979,2.65244555473,6.32781124115,-2.49898004532,-14.8072118759],[-44.1953010559,-35.6944122314,2.98580217361,15.9980487823,27.3503494263,24.9064235687,1.86433792114,40.3368453979,101.501190186,14.6060914993,1.88386166096,1.19862639904,-7.91601610184],[117.132705688,34.8723754883,-47.5424842834,-21.3220119476,-11.0478105545,-3.53027319908,24.4921188354,2.65244555473,14.6060914993,100.619606018,12.7387590408,-22.3824462891,-4.11528110504],[-33.7206954956,19.4396343231,16.1981124878,-17.8192272186,-1.95477056503,17.3293704987,0.210482776165,6.32781124115,1.88386166096,12.7387590408,78.8935241699,25.6184577942,-3.93437886238],[-90.5882873535,-27.9677906036,38.1707115173,25.1006145477,10.4163303375,-13.1851358414,-19.8255386353,-2.49898004532,1.19862639904,-22.3824462891,25.6184577942,91.9831619263,22.8706207275],[2.57305288315,8.19911193848,-17.1901340485,-3.49576067924,-20.9438514709,-23.9389095306,-17.1824359894,-14.8072118759,-7.91601610184,-4.11528110504,-3.93437886238,22.8706207275,84.2265701294]],"icov":[[0.000115649534564,-0.0000851248187246,0.000033622905903,-0.000107193984149,0.00016417443112,-0.000184362390428,0.000174826593138,-0.000218826637138,0.000143197874422,-0.000170355851878,0.0001207856767,0.0000130666494442,1.47996823685e-8],[-0.0000851248187246,0.00112573814113,0.000517236883752,-0.000331826246111,-0.000626891152933,0.000430130137829,-0.000418506504502,-0.0000817698091851,0.000479970214656,0.0000552762830921,-0.000781794311479,0.000465049553895,-0.000263562513283],[0.000033622905903,0.000517236883752,0.00249583972618,-0.00115011353046,-0.00056824152125,-0.00103147607297,0.000656402145978,-0.000389496068237,0.000828618532978,0.000374160183128,-0.000624997192062,-0.000275266444078,0.000182949748705],[-0.000107193984149,-0.000331826246111,-0.00115011353046,0.00471776584163,-0.00189616170246,0.000447453698143,-0.000624723499641,0.00110782787669,-0.000958322780207,0.000323713757098,0.00145511643495,-0.00116357696243,0.0000293143621093],[0.00016417443112,-0.000626891152933,-0.00056824152125,-0.00189616170246,0.00653399433941,-0.00106676481664,0.00140030891635,-0.00176924408879,-0.000514905841555,-0.000340217549819,0.000744431163184,-0.000513110368047,0.00126660440583],[-0.000184362390428,0.000430130137829,-0.00103147607297,0.000447453698143,-0.00106676481664,0.00739322602749,-0.00457386858761,0.0018762430409,-0.00237817992456,0.00189413246699,-0.00240628863685,0.00158036046196,0.000332129129674],[0.000174826593138,-0.000418506504502,0.000656402145978,-0.000624723499641,0.00140030891635,-0.00457386858761,0.00873005948961,-0.004167674575,0.00263390713371,-0.00257167546079,0.0017585104797,-0.000389321678085,0.000549676304217],[-0.000218826637138,-0.0000817698091851,-0.000389496068237,0.00110782787669,-0.00176924408879,0.0018762430409,-0.004167674575,0.0120422914624,-0.0051678288728,0.00191026052926,-0.0013714680681,0.000226558928262,0.00082335434854],[0.000143197874422,0.000479970214656,0.000828618532978,-0.000958322780207,-0.000514905841555,-0.00237817992456,0.00263390713371,-0.0051678288728,0.0133922584355,-0.00304382876493,0.000954960996751,-0.000907409877982,0.000304039451294],[-0.000170355851878,0.0000552762830921,0.000374160183128,0.000323713757098,-0.000340217549819,0.00189413246699,-0.00257167546079,0.00191026052926,-0.00304382876493,0.0127164311707,-0.00388708012179,0.00375693873502,-0.000511898833793],[0.0001207856767,-0.000781794311479,-0.000624997192062,0.00145511643495,0.000744431163184,-0.00240628863685,0.0017585104797,-0.0013714680681,0.000954960996751,-0.00388708012179,0.0168522782624,-0.00651287008077,0.00207959418185],[0.0000130666494442,0.000465049553895,-0.000275266444078,-0.00116357696243,-0.000513110368047,0.00158036046196,-0.000389321678085,0.000226558928262,-0.000907409877982,0.00375693873502,-0.00651287008077,0.0154670560732,-0.00427398085594],[1.47996823685e-8,-0.000263562513283,0.000182949748705,0.0000293143621093,0.00126660440583,0.000332129129674,0.000549676304217,0.00082335434854,0.000304039451294,-0.000511898833793,0.00207959418185,-0.00427398085594,0.0138644343242]],"mean":[-654.820068359,88.5734710693,-21.1640071869,22.8983287811,1.82761287689,6.55081415176,4.69639015198,5.54836654663,-1.9676374197,6.79411888123,-2.57147192955,-2.37053847313,-3.59754920006]},"pitch_salience":{"dmean":0.0590696632862,"dmean2":0.0922435894608,"dvar":0.0025758324191,"dvar2":0.00609961431473,"max":0.883746981621,"mean":0.570247709751,"median":0.571541905403,"min":0.146990731359,"var":0.00969528127462},"silence_rate_20dB":{"dmean":0,"dmean2":0,"dvar":0,"dvar2":0,"max":1,"mean":1,"median":1,"min":1,"var":0},"silence_rate_30dB":{"dmean":0,"dmean2":0,"dvar":0,"dvar2":0,"max":1,"mean":1,"median":1,"min":1,"var":0},"silence_rate_60dB":{"dmean":0.0292405225337,"dmean2":0.0584886111319,"dvar":0.0283850096166,"dvar2":0.0633471310139,"max":1,"mean":0.113065980375,"median":0,"min":0,"var":0.100281916559},"spectral_centroid":{"dmean":280.725219727,"dmean2":404.992004395,"dvar":106274.601562,"dvar2":192296.46875,"max":11627.8496094,"mean":2272.40429688,"median":2107.59423828,"min":374.029815674,"var":1429874},"spectral_complexity":{"dmean":3.50420498848,"dmean2":5.10248470306,"dvar":14.7291278839,"dvar2":28.175567627,"max":56,"mean":18.4597663879,"median":18,"min":0,"var":97.5960159302},"spectral_contrast_coeffs":{"dmean":[0.044281758368,0.0453659258783,0.0404605641961,0.0336883850396,0.0256430283189,0.0190365985036],"dmean2":[0.0728283077478,0.0723329409957,0.0623796656728,0.0527242831886,0.0391484424472,0.0301706716418],"dvar":[0.00143506145105,0.00136488128919,0.001165828784,0.000774319749326,0.000482625531731,0.000315710902214],"dvar2":[0.00373283796944,0.0034439181909,0.00257303402759,0.00181352905929,0.00103168911301,0.000759851478506],"max":[-0.38976880908,-0.38907968998,-0.426346629858,-0.501242160797,-0.55690664053,-0.558188915253],"mean":[-0.69109082222,-0.728414535522,-0.720551967621,-0.738293170929,-0.758681416512,-0.754839420319],"median":[-0.686718940735,-0.730187594891,-0.732224464417,-0.740103244781,-0.761713683605,-0.752473413944],"min":[-0.978450000286,-0.97686111927,-0.977160394192,-0.971361815929,-0.965173363686,-0.964689314365],"var":[0.00527452072129,0.00666393060237,0.00893243495375,0.00493271462619,0.00332497758791,0.00185071164742]},"spectral_contrast_valleys":{"dmean":[0.415291696787,0.363139867783,0.313917040825,0.273232161999,0.261705815792,0.319961994886],"dmean2":[0.65328091383,0.572925508022,0.494131326675,0.419101655483,0.360386908054,0.394987344742],"dvar":[0.159918501973,0.116606637836,0.0948733091354,0.0813958793879,0.0830847844481,0.123371988535],"dvar2":[0.327168881893,0.244057059288,0.187883257866,0.148890256882,0.131915062666,0.187744066119],"max":[-5.91288948059,-5.44508886337,-5.58196592331,-6.01386785507,-5.4650053978,-7.05149173737],"mean":[-8.10609817505,-7.81055879593,-7.99050617218,-8.12155246735,-7.71972036362,-10.3025979996],"median":[-7.55877494812,-7.3889503479,-7.61468219757,-7.70674133301,-7.37936306,-10.1098518372],"min":[-28.2227725983,-28.0282707214,-27.6614780426,-27.5608863831,-27.5115203857,-27.3929042816],"var":[6.02276992798,5.99167823792,5.66898488998,5.58137512207,5.74050855637,4.72293663025]},"spectral_decrease":{"dmean":9.37762312248e-10,"dmean2":1.31785182766e-9,"dvar":1.31188074096e-18,"dvar2":2.66613484277e-18,"max":1.81839853484e-28,"mean":-3.59560647922e-9,"median":-2.86695778229e-9,"min":-2.07703489963e-8,"var":8.60082300444e-18},"spectral_energy":{"dmean":0.0041139004752,"dmean2":0.00575010245666,"dvar":0.0000255200848187,"dvar2":0.0000527427000634,"max":0.0887704193592,"mean":0.0157015975565,"median":0.0126136858016,"min":9.85410408653e-21,"var":0.000163741380675},"spectral_energyband_high":{"dmean":0.000718995637726,"dmean2":0.00101465196349,"dvar":0.00000477734238302,"dvar2":0.0000106946617962,"max":0.0765968263149,"mean":0.00130283762701,"median":0.000428095227107,"min":6.75176804591e-21,"var":0.00000882883887243},"spectral_energyband_low":{"dmean":0.00134869292378,"dmean2":0.00203303596936,"dvar":0.00000540467135579,"dvar2":0.0000123304198496,"max":0.031004678458,"mean":0.00270608603023,"median":0.0018151991535,"min":1.262343898e-23,"var":0.0000102674030131},"spectral_energyband_middle_high":{"dmean":0.00218551629223,"dmean2":0.00305154267699,"dvar":0.0000115829780043,"dvar2":0.0000230400073633,"max":0.0771285817027,"mean":0.00753796612844,"median":0.00412241043523,"min":1.08774472694e-21,"var":0.0000805757881608},"spectral_energyband_middle_low":{"dmean":0.00179564941209,"dmean2":0.00267735566013,"dvar":0.00000635264314042,"dvar2":0.0000144108125824,"max":0.0453539714217,"mean":0.00511336838827,"median":0.00363278039731,"min":1.79754932439e-22,"var":0.0000290333664452},"spectral_entropy":{"dmean":0.145143195987,"dmean2":0.194752454758,"dvar":0.0197650380433,"dvar2":0.0324332714081,"max":9.82437705994,"mean":7.70465326309,"median":7.68974161148,"min":6.23560380936,"var":0.187803044915},"spectral_flux":{"dmean":0.0168110262603,"dmean2":0.0257663596421,"dvar":0.000308318878524,"dvar2":0.000725630612578,"max":0.289331972599,"mean":0.0664253458381,"median":0.0619486346841,"min":6.26994081654e-11,"var":0.00130731915124},"spectral_kurtosis":{"dmean":1.19870066643,"dmean2":1.99331653118,"dvar":1.46264004707,"dvar2":3.97791171074,"max":16.5779304504,"mean":3.5130212307,"median":3.30484271049,"min":-1.26036989689,"var":3.63320398331},"spectral_rms":{"dmean":0.00050622143317,"dmean2":0.000687832711264,"dvar":2.72161315706e-7,"dvar2":5.08457787873e-7,"max":0.00930619612336,"mean":0.00355818052776,"median":0.003507995978,"min":3.1006063602e-12,"var":0.00000265800213128},"spectral_rolloff":{"dmean":592.748840332,"dmean2":925.129760742,"dvar":727062.75,"dvar2":1407378.25,"max":19552.1484375,"mean":2929.50512695,"median":2390.18554688,"min":150.732421875,"var":5757753},"spectral_skewness":{"dmean":0.182809814811,"dmean2":0.289510279894,"dvar":0.029887413606,"dvar2":0.0705028101802,"max":2.87066507339,"mean":1.18988466263,"median":1.21295726299,"min":-0.744131863117,"var":0.126940444112},"spectral_spread":{"dmean":447562.65625,"dmean2":641541.75,"dvar":466592759808,"dvar2":835645472768,"max":42765980,"mean":4507569.5,"median":3858934,"min":1789173.125,"var":17126658146300},"spectral_strongpeak":{"dmean":0.816335439682,"dmean2":1.33970546722,"dvar":1.5938321352,"dvar2":3.92140197754,"max":23.7221870422,"mean":1.53481626511,"median":0.58512032032,"min":0,"var":3.85909962654},"zerocrossingrate":{"dmean":0.0123194828629,"dmean2":0.0134809976444,"dvar":0.000251523510087,"dvar2":0.000264930160483,"max":0.537109375,"mean":0.0958626195788,"median":0.08056640625,"min":0.01416015625,"var":0.0040690167807}},"metadata":{"audio_properties":{"analysis_sample_rate":44100,"bit_rate":320000,"codec":"mp3","downmix":"mix","equal_loudness":0,"length":179.461227417,"lossless":false,"md5_encoded":"39e6dd134e036c12d9654a1886a74c03","replay_gain":-14.7047328949,"sample_rate":44100},"tags":{"album":["Cream Of The Crop "],"albumartist":["Diana Ross & the Supremes"],"artist":["Diana Ross & The Supremes "],"bpm":["133"],"date":["1969"],"file_name":"copy3247013753197294884.mp3","genre":["R & B/Soul"],"initialkey":["C"],"label":["Motown"],"length":["179000"],"musicbrainz_recordingid":["0db9a7e7-5cb0-45cf-878f-0b4a86e87ceb"],"title":["When It's to the Top (Still I Won't Stop Giving You Love)"],"tracknumber":["8"]},"version":{"essentia":"2.1-beta2","essentia_build_sha":"cead25079874084f62182a551b7393616cd33d87","essentia_git_sha":"v2.1_beta2-1-ge3940c0","extractor":"music 1.0"}},"rhythm":{"beats_count":394,"beats_loudness":{"dmean":0.010556566529,"dmean2":0.0182340927422,"dvar":0.000117150389997,"dvar2":0.000315598328598,"max":0.0805233791471,"mean":0.0190450716764,"median":0.0165716819465,"min":0,"var":0.000181403709576},"beats_loudness_band_ratio":{"dmean":[0.181981369853,0.0669335871935,0.151202857494,0.154375135899,0.134913489223,0.124079108238],"dmean2":[0.330655932426,0.112931147218,0.265793681145,0.269834816456,0.233552739024,0.226894244552],"dvar":[0.0243270136416,0.0057626971975,0.0165056474507,0.0203271582723,0.0109421079978,0.0139077249914],"dvar2":[0.0775503367186,0.016298847273,0.0477514229715,0.0564262680709,0.0322638973594,0.0393630154431],"max":[0.847977101803,0.779467344284,0.82836663723,0.767201066017,0.740712821484,0.986544966698],"mean":[0.210393354297,0.0874199271202,0.180167004466,0.189759463072,0.198035851121,0.178130894899],"median":[0.175823658705,0.066226914525,0.129685103893,0.141802191734,0.174856811762,0.152708500624],"min":[0,0,0,0,0,0],"var":[0.0302096195519,0.00604378757998,0.02