{"lowlevel":{"average_loudness":0.599314212799,"barkbands":{"dmean":[0.000444878241979,0.00536374747753,0.00358730764128,0.00190493103582,0.00247506680898,0.00112677109428,0.00083534658188,0.000321829225868,0.000378091237508,0.000271823286312,0.000218794390094,0.000152143838932,0.0000846911498229,0.0000636848635622,0.0000535994258826,0.0000424723511969,0.0000616973120486,0.000100361881778,0.0000786710879765,0.0000896444107639,0.0000833166632219,0.0000524930510437,0.0000375950476155,0.00000767243182054,0.00000201732882488,0.0000140160882438,0.0000751564075472],"dmean2":[0.000770345970523,0.00892832688987,0.00577116804197,0.00291787041351,0.00378500577062,0.00174844264984,0.00125848769676,0.000530170160346,0.00058604485821,0.000428701576311,0.000345234555425,0.000245061528403,0.000135779177072,0.000102010955743,0.0000856220067362,0.000066024804255,0.0000975281218416,0.000149772007717,0.000116138769954,0.000132374538225,0.000121003795357,0.0000780559785198,0.000056889559346,0.0000121779994515,0.00000334786705025,0.0000207871398743,0.00010091895092],"dvar":[5.37410471679e-7,0.0000733812194085,0.0000288920909952,0.0000105006738522,0.0000478356705571,0.0000126510603877,0.00000659064835418,8.25649692615e-7,0.00000107839753127,6.28203395081e-7,4.21629124503e-7,1.40260581816e-7,4.6225473227e-8,2.2125725252e-8,1.99327416794e-8,1.26839223569e-8,5.38159738994e-8,2.59294210991e-7,1.35311495342e-7,2.45690500833e-7,1.84959915828e-7,3.89927876654e-8,2.8027606902e-8,8.63231430781e-10,1.6674137765e-11,2.9275115665e-9,5.02033046246e-8],"dvar2":[0.00000142576436701,0.00019534038438,0.0000748984457459,0.000025311632271,0.000105266975879,0.0000293609646178,0.0000135036871143,0.00000207697326005,0.0000024665159799,0.00000151898052536,9.60326246968e-7,3.47783412735e-7,1.11970955174e-7,5.41111866426e-8,5.03458430501e-8,2.99323730246e-8,1.27936289118e-7,6.24758399681e-7,3.19656294323e-7,4.98006045291e-7,3.4660385495e-7,8.57041442259e-8,6.59589005636e-8,2.02720396025e-9,4.16477650977e-11,6.59278009962e-9,9.5962946034e-8],"max":[0.0194621142,0.161504730582,0.0878977477551,0.0604315437376,0.178446352482,0.117533013225,0.0779921784997,0.0218709222972,0.0277326405048,0.0205675773323,0.0214050691575,0.0117247672752,0.00814303383231,0.00388989364728,0.00599625939503,0.00343505525962,0.0165601223707,0.0226779747754,0.0159226153046,0.0260262098163,0.0198596101254,0.00782378204167,0.00507228961214,0.00072369677946,0.000086919630121,0.00153596745804,0.00597217585891],"mean":[0.000512781902216,0.00918878242373,0.00576624507084,0.00328452629037,0.00415063137189,0.00171130441595,0.00151546881534,0.000558842904866,0.000708579667844,0.000436909671407,0.000348069821484,0.000271606084425,0.000142871620483,0.00011560726125,0.0000905243359739,0.0000747671292629,0.0000989945983747,0.000160280353157,0.000122403012938,0.000136458416819,0.000117558207421,0.0000653566894471,0.000040787672333,0.00000776117758505,0.00000195876350517,0.0000156906626216,0.000147715269122],"median":[0.000231898535276,0.00459209876135,0.0031412304379,0.00176846527029,0.00112861511298,0.000412502762629,0.000173691383679,0.0000892201933311,0.0000745831712265,0.0000686696293997,0.0000730419124011,0.0000631304501439,0.0000353936920874,0.0000224084069487,0.000018166803784,0.0000164609155036,0.0000149184597831,0.0000150520991156,0.0000107464529719,0.00000800481302576,0.00000612126041233,0.0000036589535739,0.00000177122501555,8.43261659611e-7,5.09018718731e-7,0.00000128240787944,0.0000187702171388],"min":[3.37431031802e-24,9.94540372381e-24,2.49794430692e-23,5.425732058e-24,2.2651451429e-23,1.82373597234e-22,2.51996204587e-23,3.79493907796e-23,8.77562507997e-23,9.68710526212e-23,1.11448097744e-22,1.57969863276e-22,6.56278630602e-23,1.80313824613e-22,2.00428742711e-22,2.32023126836e-22,1.98360134847e-22,2.33094488297e-22,3.34870898908e-22,3.5612106989e-22,3.81142475626e-22,5.10756512783e-22,6.88693089281e-22,1.07315365271e-21,1.23017912958e-21,2.00254064925e-21,2.2937922354e-21],"var":[6.66311507302e-7,0.000160143215908,0.0000578530052735,0.0000212318900594,0.0000954458664637,0.0000185194403457,0.000021257890694,0.00000192415336642,0.00000334176115757,0.00000123414133668,8.60682405346e-7,3.05275790424e-7,1.02646403377e-7,4.78311434904e-8,3.98288868553e-8,2.43716069548e-8,1.07893583845e-7,4.57542597587e-7,2.51237224802e-7,5.63831292766e-7,4.21712172738e-7,5.75118122015e-8,2.99181301955e-8,8.83772555138e-10,1.82091789563e-11,3.38205263795e-9,1.23772878169e-7]},"barkbands_crest":{"dmean":3.06203365326,"dmean2":5.15526199341,"dvar":6.72391462326,"dvar2":19.3304367065,"max":25.4235210419,"mean":12.1693458557,"median":11.5712871552,"min":2.94050526619,"var":16.9231243134},"barkbands_flatness_db":{"dmean":0.0426071956754,"dmean2":0.0678357928991,"dvar":0.00155397248454,"dvar2":0.00418409053236,"max":0.524301111698,"mean":0.210660025477,"median":0.200405240059,"min":0.0266396868974,"var":0.00609054928645},"barkbands_kurtosis":{"dmean":17.3756923676,"dmean2":29.7300548553,"dvar":1549.80688477,"dvar2":4761.69824219,"max":746.048034668,"mean":31.2358131409,"median":18.3087730408,"min":-1.80394542217,"var":1938.68249512},"barkbands_skewness":{"dmean":1.08075618744,"dmean2":1.77598428726,"dvar":1.98617649078,"dvar2":5.90282678604,"max":23.9478588104,"mean":3.67869448662,"median":3.28498840332,"min":-2.2242705822,"var":5.25524282455},"barkbands_spread":{"dmean":4.40632390976,"dmean2":6.85097646713,"dvar":61.4352073669,"dvar2":131.887237549,"max":124.67401886,"mean":10.6561222076,"median":6.23035335541,"min":0.288636237383,"var":183.989196777},"dissonance":{"dmean":0.0231200121343,"dmean2":0.038120534271,"dvar":0.000507975928485,"dvar2":0.00135097920429,"max":0.500000298023,"mean":0.455968767405,"median":0.464079856873,"min":0.230804309249,"var":0.00119731773157},"dynamic_complexity":6.39286279678,"erbbands":{"dmean":[0.128610491753,1.35536646843,3.57554531097,6.10440635681,6.1267323494,9.02828502655,10.2506055832,8.98487281799,10.7578516006,10.9571075439,7.78829908371,7.34768819809,7.61574459076,8.33125495911,7.88740158081,5.0607419014,3.92806243896,3.01060342789,2.62730526924,2.7610771656,2.40497899055,3.3701171875,5.38853168488,4.51604032516,3.54288029671,4.18653440475,3.98451924324,2.88605928421,2.00038599968,1.57211577892,0.941921830177,0.348157733679,0.0452368333936,0.0229489170015,0.0142887113616,0.00943996943533,0.0315322428942,0.0301090031862,0.0108204679564,0.00144059152808],"dmean2":[0.215000197291,2.26369595528,5.88056230545,9.15648078918,9.57950115204,13.7401046753,16.0646820068,13.5171985626,15.7806034088,17.287935257,12.5763101578,11.4594898224,12.0059490204,13.1211223602,12.2630109787,8.22344779968,6.26574516296,4.774310112,4.20293474197,4.33965778351,3.76056909561,5.23502492905,8.08208847046,6.57239818573,5.30789613724,6.32071495056,5.80841302872,4.20314741135,2.97541618347,2.34048485756,1.44192230701,0.53556907177,0.0732606202364,0.0380454547703,0.0236781332642,0.0153556959704,0.046760186553,0.0427096560597,0.0147125041112,0.00195477902889],"dvar":[0.0369489379227,5.00184631348,32.8784408569,87.6167297363,188.806045532,942.082824707,1183.16638184,993.119140625,1568.35742188,1252.98461914,490.575836182,423.754943848,559.722351074,568.569519043,548.079345703,132.744094849,95.1961364746,46.001285553,40.6535339355,58.0072937012,66.2169113159,139.537918091,682.934936523,450.56817627,237.909439087,558.053833008,695.050048828,168.496643066,55.2259788513,48.376537323,17.2239398956,2.07631802559,0.00994071550667,0.00213621254079,0.000829265802167,0.000358897203114,0.0157127734274,0.0118881678209,0.00137582968455,0.0000136814351208],"dvar2":[0.0966150164604,13.384346962,88.1872253418,196.550415039,445.286193848,1984.43286133,2783.63696289,2159.78320312,2988.7355957,2907.46264648,1214.16162109,970.027832031,1337.62182617,1390.20690918,1215.60498047,340.075805664,230.749481201,111.535247803,100.888298035,144.306015015,170.83795166,326.59765625,1667.23596191,1022.92376709,544.30267334,1165.95056152,1346.2265625,334.891845703,121.669631958,102.188522339,41.6827125549,4.81545543671,0.0233395509422,0.00532530341297,0.00206932122819,0.000860827625729,0.0353597775102,0.0250783003867,0.00259281694889,0.0000267512768914],"max":[2.68709540367,43.6180343628,88.5089569092,168.287719727,249.480514526,946.395568848,1102.54333496,895.688903809,1404.1439209,1248.95336914,678.167663574,556.848632812,661.393371582,749.428710938,1006.88378906,276.140380859,338.961273193,156.142745972,183.855911255,340.21105957,474.540039062,683.219177246,1034.47253418,752.080444336,587.063659668,1122.03100586,1411.20947266,710.298400879,267.747955322,376.703155518,121.511405945,33.2745513916,1.66201853752,0.985053062439,0.612852931023,0.435168713331,4.01808691025,3.55394697189,1.47135341167,0.127680137753],"mean":[0.210856243968,2.2375702858,5.946641922,11.060585022,10.738568306,13.8872127533,15.5185413361,13.9691333771,18.9491996765,20.6049861908,15.2436790466,14.0321159363,12.7213544846,15.0764341354,14.4822406769,9.78314113617,7.05752038956,5.79783201218,4.86162471771,4.86226892471,4.398853302,5.67769479752,8.64244651794,7.28226804733,5.6319475174,6.40686225891,5.7727432251,3.89468121529,2.47066140175,1.84971952438,0.994379043579,0.35733628273,0.0471838377416,0.0225518457592,0.0140781113878,0.0101346578449,0.0346094183624,0.0380199365318,0.0175154637545,0.00409941328689],"median":[0.102190598845,1.08078742027,3.30452227592,6.38838577271,4.20367050171,3.09601426125,4.0407743454,2.79769349098,2.25634431839,2.53247380257,2.2210354805,1.76796770096,2.04009246826,3.17219090462,3.59936952591,2.35755681992,1.80822682381,1.31180751324,1.07573139668,0.992406725883,1.02616786957,0.899495720863,0.909776210785,0.674039840698,0.476331561804,0.372322648764,0.295351475477,0.212243884802,0.144165962934,0.0860875993967,0.0463281311095,0.0237344168127,0.0103958882391,0.00598066765815,0.00380090484396,0.00268468353897,0.002498596441,0.00208200048655,0.00145255750977,0.00133212644141],"min":[5.54378690685e-23,3.57245856799e-21,3.08341169917e-20,1.64144848338e-20,2.6619219796e-20,1.33776637595e-19,7.27539831832e-19,1.60736712995e-18,4.01689503707e-19,3.84892412297e-19,1.71172682097e-18,1.65351388197e-18,2.22896141044e-18,2.88657454691e-18,4.83091179396e-18,7.00890068069e-18,3.52742445468e-18,6.2507805503e-18,1.13370355547e-17,9.12382035443e-18,1.27827173093e-17,1.39052799827e-17,1.30471669511e-17,1.78628875731e-17,1.5236198699e-17,1.76955605157e-17,8.38629040385e-18,2.06659263907e-17,1.72131752523e-17,2.12912765882e-17,2.06842434782e-17,2.0744298445e-17,1.85532475493e-17,1.17218647911e-17,1.02092814958e-17,7.92689827988e-18,3.42955782127e-18,1.30351835856e-18,3.14696211155e-19,3.33020814351e-20],"var":[0.0788607522845,10.304854393,62.0937309265,207.030914307,383.96383667,1811.21411133,1769.36401367,1556.98828125,5057.33642578,3831.23291016,1456.11547852,1243.74951172,1099.93005371,1241.81750488,1259.16271973,339.321136475,222.126403809,104.769111633,83.8047790527,116.491851807,126.410415649,301.088256836,1177.82458496,929.739807129,510.065185547,1262.5625,1459.98449707,354.509857178,82.6254501343,62.4939079285,17.1815490723,2.17114949226,0.0119096962735,0.00235415063798,0.000913747819141,0.000438864924945,0.0177877079695,0.0166786424816,0.00325888721272,0.0000443722237833]},"erbbands_crest":{"dmean":2.89644575119,"dmean2":4.63435173035,"dvar":7.41159629822,"dvar2":17.8521728516,"max":29.5444965363,"mean":9.53098201752,"median":8.64715957642,"min":1.72302293777,"var":20.8224258423},"erbbands_flatness_db":{"dmean":0.0301909521222,"dmean2":0.0471027456224,"dvar":0.000821348454338,"dvar2":0.00208578677848,"max":0.343222290277,"mean":0.147151947021,"median":0.143309950829,"min":0.0334772020578,"var":0.00253421138041},"erbbands_kurtosis":{"dmean":1.74399292469,"dmean2":2.7712688446,"dvar":7.40923690796,"dvar2":17.4387245178,"max":61.1276397705,"mean":1.98673975468,"median":0.670925796032,"min":-1.7855284214,"var":15.7771778107},"erbbands_skewness":{"dmean":0.471154600382,"dmean2":0.724714756012,"dvar":0.252709388733,"dvar2":0.572785556316,"max":7.2905960083,"mean":0.884506046772,"median":0.834760665894,"min":-4.91126680374,"var":1.09033477306},"erbbands_spread":{"dmean":9.59638118744,"dmean2":15.0712804794,"dvar":106.539916992,"dvar2":244.801605225,"max":141.117446899,"mean":34.9288291931,"median":31.6571540833,"min":2.44849157333,"var":326.236480713},"gfcc":{"cov":[[19459.0878906,206.276245117,-2039.64074707,-363.260742188,-600.032958984,-1028.28369141,291.240814209,-662.705810547,54.8699531555,-365.456329346,-233.751922607,195.135177612,-442.117858887],[206.276245117,1195.4888916,297.777648926,-313.862243652,82.4828872681,14.8632516861,-82.5889434814,-16.0962276459,-87.4320373535,-60.607093811,56.1607322693,-113.862922668,83.0985412598],[-2039.64074707,297.777648926,697.287902832,36.9338226318,18.2235584259,275.773223877,-165.771102905,128.080368042,-72.819694519,34.8487586975,20.5476360321,-84.706489563,68.7579345703],[-363.260742188,-313.862243652,36.9338226318,293.449645996,95.9048614502,-2.50766038895,59.749786377,-23.495092392,15.3942584991,1.77137923241,-19.7978515625,19.4075527191,-36.8956756592],[-600.032958984,82.4828872681,18.2235584259,95.9048614502,230.322158813,29.7712421417,59.3830833435,-40.0873680115,-20.4345531464,-37.2708587646,14.8726396561,-14.6294879913,23.9038677216],[-1028.28369141,14.8632516861,275.773223877,-2.50766038895,29.7712421417,271.773040771,-81.7995452881,83.0822906494,-80.7472229004,16.1751003265,8.42257976532,-25.0138511658,47.1845436096],[291.240814209,-82.5889434814,-165.771102905,59.749786377,59.3830833435,-81.7995452881,206.557266235,-61.833770752,71.4900741577,-24.0503692627,-8.25739479065,34.8294143677,-38.9584541321],[-662.705810547,-16.0962276459,128.080368042,-23.495092392,-40.0873680115,83.0822906494,-61.833770752,168.196578979,8.78715515137,56.0734558105,14.6767721176,-32.4333724976,32.8809280396],[54.8699531555,-87.4320373535,-72.819694519,15.3942584991,-20.4345531464,-80.7472229004,71.4900741577,8.78715515137,149.708435059,48.8342437744,-1.56369531155,16.9881248474,-42.4502334595],[-365.456329346,-60.607093811,34.8487586975,1.77137923241,-37.2708587646,16.1751003265,-24.0503692627,56.0734558105,48.8342437744,99.2380523682,33.8591194153,-8.39944553375,-0.420307189226],[-233.751922607,56.1607322693,20.5476360321,-19.7978515625,14.8726396561,8.42257976532,-8.25739479065,14.6767721176,-1.56369531155,33.8591194153,60.066860199,13.1592655182,13.0955467224],[195.135177612,-113.862922668,-84.706489563,19.4075527191,-14.6294879913,-25.0138511658,34.8294143677,-32.4333724976,16.9881248474,-8.39944553375,13.1592655182,74.8789825439,2.73480606079],[-442.117858887,83.0985412598,68.7579345703,-36.8956756592,23.9038677216,47.1845436096,-38.9584541321,32.8809280396,-42.4502334595,-0.420307189226,13.0955467224,2.73480606079,84.7188034058]],"icov":[[0.00012804545986,-0.000310348026687,0.000557347899303,-0.00041538500227,0.000587805232499,-0.000208362573176,0.000161660384038,0.00012882820738,-0.0000459678376501,0.000298072642181,0.000111957218905,-0.0000274974227068,0.000275952566881],[-0.000310348026687,0.00376778771169,-0.00376664055511,0.00510881282389,-0.0034898140002,0.00303662242368,-0.00106296944432,0.000550810364075,0.000961106037721,0.000478261878015,-0.00219011935405,0.0022644426208,-0.000693172507454],[0.000557347899303,-0.00376664055511,0.00862374249846,-0.00809535011649,0.00710643688217,-0.00740379700437,0.00311099039391,0.00106810091529,-0.00508048385382,0.0052031762898,-0.00405692728236,0.00515758618712,-0.00284616602585],[-0.00041538500227,0.00510881282389,-0.00809535011649,0.015304251574,-0.0116587299854,0.00802151393145,-0.00297079794109,-0.00183383596595,0.00753027200699,-0.00836439523846,0.00829855725169,-0.00764183886349,0.00691965641454],[0.000587805232499,-0.0034898140002,0.00710643688217,-0.0116587299854,0.0171416644007,-0.00825801957399,-0.000038968581066,0.00472222547978,-0.00804599002004,0.0122634880245,-0.0129446033388,0.0126744480804,-0.00882140360773],[-0.000208362573176,0.00303662242368,-0.00740379700437,0.00802151393145,-0.00825801957399,0.0134107284248,-0.0020331623964,-0.00409548869357,0.00970998220146,-0.0080396598205,0.00788240414113,-0.00792158581316,0.00481469137594],[0.000161660384038,-0.00106296944432,0.00311099039391,-0.00297079794109,-0.000038968581066,-0.0020331623964,0.00977361388505,0.0011374168098,-0.00597117701545,0.00447182171047,-0.00178867205977,-0.00033922449802,0.000581608910579],[0.00012882820738,0.000550810364075,0.00106810091529,-0.00183383596595,0.00472222547978,-0.00409548869357,0.0011374168098,0.0124227423221,-0.00553411478177,0.00173566536978,-0.00610527442768,0.00937077496201,-0.00700647989288],[-0.0000459678376501,0.000961106037721,-0.00508048385382,0.00753027200699,-0.00804599002004,0.00970998220146,-0.00597117701545,-0.00553411478177,0.0224991906434,-0.0185587368906,0.0159824378788,-0.014486678876,0.0116631910205],[0.000298072642181,0.000478261878015,0.0052031762898,-0.00836439523846,0.0122634880245,-0.0080396598205,0.00447182171047,0.00173566536978,-0.0185587368906,0.0364512614906,-0.0288677308708,0.0201128125191,-0.00968438293785],[0.000111957218905,-0.00219011935405,-0.00405692728236,0.00829855725169,-0.0129446033388,0.00788240414113,-0.00178867205977,-0.00610527442768,0.0159824378788,-0.0288677308708,0.0467191636562,-0.0275829955935,0.0119823282585],[-0.0000274974227068,0.0022644426208,0.00515758618712,-0.00764183886349,0.0126744480804,-0.00792158581316,-0.00033922449802,0.00937077496201,-0.014486678876,0.0201128125191,-0.0275829955935,0.0397433899343,-0.0170141384006],[0.000275952566881,-0.000693172507454,-0.00284616602585,0.00691965641454,-0.00882140360773,0.00481469137594,0.000581608910579,-0.00700647989288,0.0116631910205,-0.00968438293785,0.0119823282585,-0.0170141384006,0.0265346262604]],"mean":[-88.6136856079,116.078704834,-61.3588829041,16.3822422028,-16.5824680328,-8.63931179047,-1.46263444424,-13.5356998444,-7.99888181686,-10.1536359787,-7.72274255753,-2.1190776825,-9.79408740997]},"hfc":{"dmean":19.7576885223,"dmean2":30.3810691833,"dvar":1072.17956543,"dvar2":2423.66479492,"max":650.54119873,"mean":60.168182373,"median":36.233455658,"min":1.25453441013e-16,"var":4503.82666016},"melbands":{"dmean":[0.00129917869344,0.00180597091094,0.000947041204199,0.000543409318198,0.000362450460671,0.000204917028896,0.000160995885381,0.00010430101247,0.0000696273928043,0.0000472338906548,0.0000394062517444,0.0000356230630132,0.0000304718996631,0.000018969660232,0.0000112710768008,0.00000740954737921,0.00000590170202486,0.00000470554641652,0.0000042949386625,0.0000031214090086,0.00000307659047394,0.00000359924092663,0.00000463331389255,0.0000050154812925,0.00000377952733288,0.00000297225074064,0.000002570612196,0.00000298589498016,0.00000278543780041,0.00000211757674151,0.00000156476994562,0.00000117445426895,9.81196990324e-7,8.63207503699e-7,5.95408721438e-7,3.74816352178e-7,1.47970681041e-7,2.5196950304e-8,2.09874428947e-8,1.8561536308e-8],"dmean2":[0.00217148079537,0.00297344522551,0.00143234885763,0.000833710480947,0.000560608517844,0.000310017028823,0.000239568325924,0.000165212550201,0.000110899920401,0.0000735772919143,0.0000621861545369,0.0000560840635444,0.0000479913142044,0.00003058195216,0.0000179812886927,0.0000119350324894,0.00000943171653489,0.00000761454293752,0.00000684908491166,0.00000487753322886,0.00000491100263389,0.00000577581840844,0.00000716082377039,0.00000750015487938,0.0000056785279412,0.00000452844187748,0.00000396745963371,0.00000455000872535,0.00000409396670875,0.00000317590115628,0.00000232535103351,0.00000179582411874,0.00000146815898461,0.00000129949660277,9.26903112486e-7,5.78109847993e-7,2.33663769222e-7,4.18526049373e-8,3.48708262266e-8,3.08129308735e-8],"dvar":[0.00000400660746891,0.00000813806036604,0.00000209087147596,0.00000262528396888,0.00000141676207477,4.6319496505e-7,2.94978519833e-7,1.10614600146e-7,4.16427923255e-8,1.8242554134e-8,1.45590899336e-8,1.07466027188e-8,8.09443978511e-9,2.3143518213e-9,9.44276101755e-10,2.85819895529e-10,1.91931026627e-10,1.33500460686e-10,1.42640330103e-10,5.92573975999e-11,1.53249288259e-10,1.77316356043e-10,3.66707830768e-10,7.45119410617e-10,3.29868077298e-10,2.02021760431e-10,1.33768982002e-10,3.48620965429e-10,4.17030604494e-10,1.2741167843e-10,5.17859782834e-11,2.04886264205e-11,1.4521225368e-11,1.73223293348e-11,7.60100662967e-12,2.78905132496e-12,4.08819137397e-13,2.69911792027e-15,1.82082141045e-15,1.41692571389e-15],"dvar2":[0.0000106722709461,0.0000215433719859,0.00000481304596178,0.00000559214504392,0.00000328144028572,0.00000102078581676,5.74409057208e-7,2.54947423173e-7,1.01342635617e-7,4.16496952482e-8,3.46261650463e-8,2.6304153522e-8,1.8248249134e-8,5.7328404246e-9,2.24305884977e-9,6.90962398409e-10,4.74057848532e-10,3.34460237283e-10,3.48492706914e-10,1.40307182539e-10,4.09359796061e-10,4.31269575607e-10,8.68908389684e-10,1.82604731336e-9,7.79252107286e-10,4.87740958732e-10,3.20759169226e-10,7.4115164006e-10,8.29212087883e-10,2.61374727417e-10,1.09926096004e-10,4.57723720038e-11,3.28129919069e-11,3.72440862872e-11,1.89472135897e-11,6.71840014177e-12,9.67110723102e-13,6.71902320904e-15,4.55130157263e-15,3.53924373736e-15],"max":[0.0336377695203,0.0455987900496,0.0241351798177,0.0485018193722,0.0400299355388,0.0179163496941,0.0181205701083,0.0117796491832,0.00651737814769,0.00362831586972,0.00316966418177,0.00334102218039,0.00323207559995,0.00157109333668,0.00141964829527,0.00049645267427,0.000334637559718,0.000285174697638,0.00054889958119,0.000201332964934,0.000822341360617,0.000988704734482,0.000693314475939,0.00130600598641,0.000711291679181,0.000524106028024,0.000515820400324,0.000935067015234,0.0011418776121,0.000452552689239,0.000427471386502,0.000190876962733,0.000177987196366,0.000245861097937,0.0000769111793488,0.0000474758162454,0.0000161478365044,0.00000106048685211,9.10264532195e-7,8.0158451965e-7],"mean":[0.00228576455265,0.00324097438715,0.00184660800733,0.000913719530217,0.000555580423679,0.000323136890074,0.000288300449029,0.000193459811271,0.00012939167209,0.0000870340809342,0.000063417464844,0.0000616859979345,0.0000513443555974,0.0000335917866323,0.000018980472305,0.0000131240749397,0.0000105821873149,0.00000805606032372,0.00000714303951099,0.00000534235368832,0.00000518875322086,0.00000555433689442,0.00000736972287996,0.00000762708896218,0.0000057581614783,0.00000439326049673,0.00000383174983654,0.00000437894368588,0.00000390290779251,0.00000286795761895,0.0000020021968794,0.00000140785971325,0.00000116108230941,9.77207150754e-7,6.14728548953e-7,3.77320844791e-7,1.45524182926e-7,2.45033948687e-8,2.01655581122e-8,1.79360686303e-8],"median":[0.00114677648526,0.00187390390784,0.00112629961222,0.000254262238741,0.000143308134284,0.0000669228465995,0.000034801872971,0.0000256540224655,0.0000170478924701,0.0000100505667433,0.00000963109505392,0.000012074229744,0.0000118022489914,0.00000768885456637,0.00000411317887483,0.00000330860939357,0.00000221862524086,0.00000157603244588,0.00000136291646413,0.0000011747474673,0.00000106623474494,8.56933070281e-7,8.06947525689e-7,6.84368956172e-7,4.97081259709e-7,3.61240836355e-7,2.79843021644e-7,2.23149669409e-7,1.86459544693e-7,1.36456037581e-7,1.09859001896e-7,8.02273447675e-8,6.04052345921e-8,4.04687128253e-8,2.69751545545e-8,1.91968503316e-8,1.13349312159e-8,6.00098948311e-9,5.02089614329e-9,4.57629045769e-9],"min":[1.58689113517e-24,1.17649192903e-23,2.97099453061e-24,5.63753805561e-24,2.25172803885e-23,3.53505232372e-23,5.09474613812e-24,4.1227854892e-24,1.77466172429e-23,9.05440899719e-24,1.20051582015e-23,1.24401100723e-23,1.53588583451e-23,1.70307275491e-23,1.43348522035e-23,5.79601390058e-24,1.32451718139e-23,2.00998682093e-23,1.49136441829e-23,1.37905618448e-23,1.34097124215e-23,1.41550502929e-23,1.27439169729e-23,9.18349504028e-24,1.56832379493e-23,1.02292658542e-23,1.29760621713e-23,1.16834133927e-23,4.78523932297e-24,6.56479987348e-24,1.3331160808e-23,9.13953971064e-24,1.05213660591e-23,1.20776332195e-23,1.21345463783e-23,1.1503940437e-23,1.29861493357e-23,1.18294070916e-23,1.44009461256e-23,8.37553817912e-24],"var":[0.00000920882030186,0.0000169285249285,0.00000516117370353,0.00000559247700949,0.00000215650561586,7.52115965952e-7,9.43535724218e-7,3.31080030946e-7,1.20144548532e-7,5.2634003822e-8,2.84917032189e-8,2.25166392198e-8,1.71689649164e-8,5.08286746026e-9,2.10139461387e-9,6.4472677197e-10,3.90218357627e-10,2.57559723549e-10,2.89303581091e-10,1.17170370628e-10,2.67266569987e-10,3.4406960614e-10,6.64858723631e-10,1.1967624669e-9,6.16976636447e-10,3.50172862928e-10,2.64740146472e-10,7.32205629461e-10,8.08921818418e-10,2.56767357376e-10,9.52639495067e-11,3.00987047785e-11,1.85029214173e-11,2.10862646788e-11,7.11794468852e-12,2.71998981498e-12,4.05464670086e-13,2.94259203524e-15,1.97455683159e-15,1.54291667672e-15]},"melbands_crest":{"dmean":3.34147262573,"dmean2":5.57155275345,"dvar":8.55744361877,"dvar2":23.2071475983,"max":39.6040496826,"mean":17.5244235992,"median":16.5766563416,"min":1.94164776802,"var":35.5931167603},"melbands_flatness_db":{"dmean":0.0493454374373,"dmean2":0.0777762383223,"dvar":0.00197741878219,"dvar2":0.00517163332552,"max":0.704218685627,"mean":0.336690843105,"median":0.327289581299,"min":0.00315512763336,"var":0.00866983085871},"melbands_kurtosis":{"dmean":24.1698207855,"dmean2":41.5698547363,"dvar":4931.75732422,"dvar2":14985.4501953,"max":1691.44299316,"mean":43.2525901794,"median":26.3055000305,"min":-1.90281045437,"var":5213.36376953},"melbands_skewness":{"dmean":1.20653152466,"dmean2":1.96951508522,"dvar":2.9619781971,"dvar2":8.59929561615,"max":37.6108970642,"mean":4.22301721573,"median":3.86214804649,"min":-1.41438782215,"var":7.02673578262},"melbands_spread":{"dmean":3.63501644135,"dmean2":5.69304943085,"dvar":74.5676727295,"dvar2":164.386764526,"max":205.767425537,"mean":8.5121679306,"median":4.58494281769,"min":0.151907473803,"var":215.582778931},"mfcc":{"cov":[[16934.1972656,1001.83605957,-2392.04272461,700.0703125,-1604.97131348,66.2678375244,-861.407165527,180.374694824,-517.641113281,-75.5323944092,-246.25062561,-177.915557861,-173.291671753],[1001.83605957,1550.57666016,104.267974854,-174.233413696,56.149723053,-82.947303772,56.7209815979,-84.7695159912,-26.6900043488,-124.58367157,-27.2976417542,-47.744052887,-9.9333782196],[-2392.04272461,104.267974854,805.228027344,-217.706161499,315.772705078,-30.5819988251,128.519256592,-50.791595459,74.7784729004,23.8233642578,26.7086105347,18.5758686066,16.7760658264],[700.0703125,-174.233413696,-217.706161499,352.871551514,-88.9000701904,79.8631820679,-53.2109489441,48.4178924561,-29.4319324493,16.2855491638,1.28085887432,4.39510822296,-15.6885566711],[-1604.97131348,56.149723053,315.772705078,-88.9000701904,338.410949707,4.94703817368,150.217498779,-39.4128265381,53.9325447083,-30.1355705261,10.7276115417,3.76112985611,5.78076124191],[66.2678375244,-82.947303772,-30.5819988251,79.8631820679,4.94703817368,174.214828491,27.7592163086,52.8860588074,-28.3836975098,4.88209867477,-34.0287513733,-14.2131967545,0.757286131382],[-861.407165527,56.7209815979,128.519256592,-53.2109489441,150.217498779,27.7592163086,189.172576904,2.47268366814,30.1020965576,-38.8851585388,-8.33979320526,-14.5762987137,5.87590312958],[180.374694824,-84.7695159912,-50.791595459,48.4178924561,-39.4128265381,52.8860588074,2.47268366814,100.762779236,3.56585597992,10.527592659,-23.1663913727,-6.90341186523,-7.19416666031],[-517.641113281,-26.6900043488,74.7784729004,-29.4319324493,53.9325447083,-28.3836975098,30.1020965576,3.56585597992,96.8144607544,24.8112354279,19.5771350861,17.6547813416,10.3947162628],[-75.5323944092,-124.58367157,23.8233642578,16.2855491638,-30.1355705261,4.88209867477,-38.8851585388,10.527592659,24.8112354279,94.6759490967,32.3418159485,17.9909591675,10.4017524719],[-246.25062561,-27.2976417542,26.7086105347,1.28085887432,10.7276115417,-34.0287513733,-8.33979320526,-23.1663913727,19.5771350861,32.3418159485,83.4171218872,38.3841018677,12.5677871704],[-177.915557861,-47.744052887,18.5758686066,4.39510822296,3.76112985611,-14.2131967545,-14.5762987137,-6.90341186523,17.6547813416,17.9909591675,38.3841018677,77.179725647,32.9895362854],[-173.291671753,-9.9333782196,16.7760658264,-15.6885566711,5.78076124191,0.757286131382,5.87590312958,-7.19416666031,10.3947162628,10.4017524719,12.5677871704,32.9895362854,65.3833847046]],"icov":[[0.000181609357242,-0.000169279155671,0.000302773871226,-0.0000720550160622,0.000383323727874,0.0000091119118224,0.000281187734799,-0.0000628573470749,0.000319315557135,-0.000100540870335,0.000284665729851,-0.00000401814941142,0.000207000397495],[-0.000169279155671,0.000948661472648,-0.000392429268686,0.000295699865092,-0.000180511036888,0.000101935271232,-0.000284544366878,0.000450096937129,-0.000292448705295,0.00110277661588,-0.000421916920459,0.000442199787358,-0.000313974247547],[0.000302773871226,-0.000392429268686,0.00289759133011,0.000845374481287,-0.00146706262603,0.0000678482610965,0.00043971609557,-0.0000861356165842,0.000567249953747,-0.00181168399286,0.00075468380237,-0.000455214787507,0.000564813613892],[-0.0000720550160622,0.000295699865092,0.000845374481287,0.00419794488698,-0.000399475859012,-0.00176451960579,0.000658245175146,-0.000711633649189,0.0000532716112502,0.0000977355812211,-0.00120437855367,-0.000555486476514,0.00105038576294],[0.000383323727874,-0.000180511036888,-0.00146706262603,-0.000399475859012,0.00811676960438,-0.0011105829617,-0.00305472291075,0.00235823728144,-0.0015322919935,0.00197540852241,0.0000258929394477,-0.000482212839415,0.00126600032672],[0.0000091119118224,0.000101935271232,0.0000678482610965,-0.00176451960579,-0.0011105829617,0.00936288479716,-0.001958996756,-0.00355293415487,0.00379403145052,-0.00276401708834,0.00322154606692,0.0000450041698059,-0.00143169309013],[0.000281187734799,-0.000284544366878,0.00043971609557,0.000658245175146,-0.00305472291075,-0.001958996756,0.0105888703838,-0.00185606011655,-0.00187655398622,0.00392429670319,-0.00143502792343,0.00286858063191,-0.00161340623163],[-0.0000628573470749,0.000450096937129,-0.0000861356165842,-0.000711633649189,0.00235823728144,-0.00355293415487,-0.00185606011655,0.0146605568007,-0.00308958510868,-0.00116868095938,0.00359880342148,-0.00127722870093,0.00199548271485],[0.000319315557135,-0.000292448705295,0.000567249953747,0.0000532716112502,-0.0015322919935,0.00379403145052,-0.00187655398622,-0.00308958510868,0.0158271826804,-0.00537069607526,0.000723049684893,-0.00210633617826,-0.000148679202539],[-0.000100540870335,0.00110277661588,-0.00181168399286,0.0000977355812211,0.00197540852241,-0.00276401708834,0.00392429670319,-0.00116868095938,-0.00537069607526,0.0186005290598,-0.00740463938564,0.00239597423933,-0.00212543923408],[0.000284665729851,-0.000421916920459,0.00075468380237,-0.00120437855367,0.0000258929394477,0.00322154606692,-0.00143502792343,0.00359880342148,0.000723049684893,-0.00740463938564,0.0211287979037,-0.00897200312465,0.00222169654444],[-0.00000401814941142,0.000442199787358,-0.000455214787507,-0.000555486476514,-0.000482212839415,0.0000450041698059,0.00286858063191,-0.00127722870093,-0.00210633617826,0.00239597423933,-0.00897200312465,0.0224709678441,-0.0099757546559],[0.000207000397495,-0.000313974247547,0.000564813613892,0.00105038576294,0.00126600032672,-0.00143169309013,-0.00161340623163,0.00199548271485,-0.000148679202539,-0.00212543923408,0.00222169654444,-0.0099757546559,0.0211397074163]],"mean":[-755.666687012,167.413085938,16.7821941376,40.9846153259,5.79155683517,19.5507850647,7.00039196014,11.6482210159,0.764778673649,0.517605483532,0.328460335732,1.48609578609,1.37628173828]},"pitch_salience":{"dmean":0.0854317545891,"dmean2":0.141884252429,"dvar":0.00519043486565,"dvar2":0.0145593620837,"max":0.981157004833,"mean":0.519083917141,"median":0.536601066589,"min":0.0432379469275,"var":0.0162791404873},"silence_rate_20dB":{"dmean":0,"dmean2":0,"dvar":0,"dvar2":0,"max":1,"mean":1,"median":1,"min":1,"var":0},"silence_rate_30dB":{"dmean":0.027627106756,"dmean2":0.0552582107484,"dvar":0.0268638487905,"dvar2":0.0647897273302,"max":1,"mean":0.969626843929,"median":1,"min":0,"var":0.0294506270438},"silence_rate_60dB":{"dmean":0.0216966811568,"dmean2":0.0433964990079,"dvar":0.0212259348482,"dvar2":0.0516390912235,"max":1,"mean":0.12264969945,"median":0,"min":0,"var":0.107606746256},"spectral_centroid":{"dmean":192.531539917,"dmean2":292.896179199,"dvar":101908.8125,"dvar2":196356.125,"max":11033.3759766,"mean":665.25012207,"median":460.613861084,"min":108.935264587,"var":410367.84375},"spectral_complexity":{"dmean":2.40283513069,"dmean2":3.64024305344,"dvar":13.2329654694,"dvar2":24.4276409149,"max":59,"mean":10.8371419907,"median":8,"min":0,"var":96.5280075073},"spectral_contrast_coeffs":{"dmean":[0.0510647855699,0.0449545495212,0.0349624603987,0.0305499415845,0.0281774830073,0.044071149081],"dmean2":[0.0839682146907,0.0744165554643,0.0576550029218,0.0501419603825,0.0453841872513,0.0685000270605],"dvar":[0.001724154572,0.0013425728539,0.000805553805549,0.000604513625149,0.000591557763983,0.00222073472105],"dvar2":[0.00456043146551,0.00357174989767,0.00208881613798,0.00157609977759,0.00141295627691,0.00477464683354],"max":[-0.325380951166,-0.45540869236,-0.546938657761,-0.635559141636,-0.627557098866,-0.388843506575],"mean":[-0.674148440361,-0.784816622734,-0.824796676636,-0.844832777977,-0.848042905331,-0.77702152729],"median":[-0.667271316051,-0.787438392639,-0.824994146824,-0.840248465538,-0.839240014553,-0.807184278965],"min":[-0.963642656803,-0.980475902557,-0.977864682674,-0.98939293623,-0.974024176598,-0.954579651356],"var":[0.00856916327029,0.00557174487039,0.00396813731641,0.00299194920808,0.00350333028473,0.00926928874105]},"spectral_contrast_valleys":{"dmean":[0.408783197403,0.428301304579,0.412774980068,0.44721353054,0.523167073727,0.77060675621],"dmean2":[0.683576047421,0.70658570528,0.670840024948,0.715193152428,0.805961489677,1.24200260639],"dvar":[0.132959857583,0.171899452806,0.166542038321,0.204006746411,0.268657922745,0.375753074884],"dvar2":[0.343302637339,0.461646825075,0.432797461748,0.519072115421,0.658972859383,1.04412567616],"max":[-4.96039915085,-4.60510492325,-5.36804437637,-5.86497497559,-5.21033334732,-8.82782459259],"mean":[-6.95151805878,-7.16602373123,-7.87417078018,-8.53512477875,-8.60142040253,-11.6088056564],"median":[-6.71400022507,-6.95738697052,-7.61499738693,-8.2929058075,-8.40643501282,-11.4612388611],"min":[-27.6883506775,-27.3882579803,-27.589509964,-27.2020969391,-27.2406196594,-27.3547649384],"var":[1.33434855938,1.90866518021,1.90905976295,1.71727740765,1.92724168301,1.38486361504]},"spectral_decrease":{"dmean":2.58540788778e-9,"dmean2":4.04727895642e-9,"dvar":1.37119281688e-17,"dvar2":3.33135212654e-17,"max":4.36118280378e-10,"mean":-7.02492908289e-9,"median":-4.58350779553e-9,"min":-5.66377558187e-8,"var":5.23070307326e-17},"spectral_energy":{"dmean":0.010288332589,"dmean2":0.0159106403589,"dvar":0.000212087848922,"dvar2":0.000497747038025,"max":0.22848431766,"mean":0.0319711454213,"median":0.0214898567647,"min":1.16625260851e-20,"var":0.000987909850664},"spectral_energyband_high":{"dmean":0.000297766906442,"dmean2":0.000409510481404,"dvar":0.00000122890992316,"dvar2":0.00000230312616623,"max":0.0434624180198,"mean":0.000453559012385,"median":0.0000378711920348,"min":8.0388788505e-21,"var":0.00000283892404696},"spectral_energyband_low":{"dmean":0.00819345377386,"dmean2":0.0132025638595,"dvar":0.000138127390528,"dvar2":0.000355301046511,"max":0.204007998109,"mean":0.0175420194864,"median":0.0113631905988,"min":3.88984851118e-23,"var":0.00037566255196},"spectral_energyband_middle_high":{"dmean":0.000699687865563,"dmean2":0.00102032592986,"dvar":0.00000226239421863,"dvar2":0.00000491508308187,"max":0.035499215126,"mean":0.00186401698738,"median":0.000542121240869,"min":2.00623630482e-21,"var":0.00000923183506529},"spectral_energyband_middle_low":{"dmean":0.00466482667252,"dmean2":0.00701045198366,"dvar":0.0000800557172624,"dvar2":0.000177789028385,"max":0.18539737165,"mean":0.0120298285037,"median":0.00606212392449,"min":3.70408565196e-22,"var":0.000254673708696},"spectral_entropy":{"dmean":0.350833952427,"dmean2":0.545420527458,"dvar":0.131992191076,"dvar2":0.333835184574,"max":9.78133583069,"mean":7.05001544952,"median":7.11944675446,"min":4.55152320862,"var":0.418511629105},"spectral_flux":{"dmean":0.0217079762369,"dmean2":0.0346993356943,"dvar":0.000581353146117,"dvar2":0.00142718991265,"max":0.387949407101,"mean":0.0777138546109,"median":0.0703652501106,"min":1.07993176901e-10,"var":0.00251328200102},"spectral_kurtosis":{"dmean":6.41040849686,"dmean2":10.3675289154,"dvar":98.0146865845,"dvar2":261.456237793,"max":154.515930176,"mean":15.1657676697,"median":12.1789836884,"min":-1.17789936066,"var":127.029594421},"spectral_rms":{"dmean":0.000839985732455,"dmean2":0.0012916038977,"dvar":7.76620197485e-7,"dvar2":0.00000177446258931,"max":0.0149302221835,"mean":0.00485867308453,"median":0.0045788330026,"min":3.3731400919e-12,"var":0.00000758465557738},"spectral_rolloff":{"dmean":2938.67871094,"dmean2":5647.75927734,"dvar":44308948,"dvar2":120228304,"max":22050,"mean":3211.71264648,"median":473.73046875,"min":21.533203125,"var":45489624},"spectral_skewness":{"dmean":0.556943297386,"dmean2":0.86724448204,"dvar":0.476519286633,"dvar2":1.23630988598,"max":10.0131750107,"mean":2.71089363098,"median":2.52534914017,"min":-0.019575284794,"var":1.00609135628},"spectral_spread":{"dmean":722681.4375,"dmean2":1151772.875,"dvar":514789376000,"dvar2":1218724364290,"max":38958360,"mean":3956495.75,"median":3872236,"min":954330.9375,"var":1385807216640},"spectral_strongpeak":{"dmean":0.521733939648,"dmean2":0.946399271488,"dvar":13.561580658,"dvar2":39.127040863,"max":126.613792419,"mean":0.619802713394,"median":0.286010175943,"min":0,"var":8.2298374176},"zerocrossingrate":{"dmean":0.0331914015114,"dmean2":0.0453475043178,"dvar":0.00102339335717,"dvar2":0.0020020455122,"max":0.57470703125,"mean":0.150211110711,"median":0.141845703125,"min":0.00048828125,"var":0.00495017180219}},"metadata":{"audio_properties":{"analysis_sample_rate":44100,"bit_rate":191672,"codec":"mp3","downmix":"mix","equal_loudness":0,"length":321.045959473,"lossless":false,"md5_encoded":"d82ace4d3aedbf8c8006bfda1962f8c9","replay_gain":3.41286277771,"sample_rate":44100},"tags":{"acoustid_id":["d56bb474-605f-48cc-9706-3ce49de6e3f6"],"album":["Echoes, Silence, Patience & Grace"],"albumartist":["Foo Fighters"],"artist":["Foo Fighters"],"date":["2007"],"discnumber":["1/1"],"file_name":"06 - Foo Fighters - Stranger Things Have Happened.mp3","musicbrainz_albumartistid":["67f66c07-6e61-4026-ade5-7e782fad3a5d"],"musicbrainz_albumid":["ec3a4176-51c2-316e-96b1-23df619e5ace"],"musicbrainz_artistid":["67f66c07-6e61-4026-ade5-7e782fad3a5d"],"musicbrainz_recordingid":["0dc4f937-ed9a-453e-bc9b-9cf669090012"],"musicbrainz_releasegroupid":["0ce4a1f2-7908-3865-8f19-08348546424a"],"replaygain_album_gain":["+0.01 dB"],"replaygain_album_peak":["0.420713"],"replaygain_track_gain":["+5.33 dB"],"replaygain_track_peak":["0.286778"],"title":["Stranger Things Have Happened"],"tracknumber":["6/13"]},"version":{"essentia":"2.1-beta1","essentia_build_sha":"e76a03f03bb3900de42a1fa0d9be1e72f12def64","essentia_git_sha":"v2.1_beta1-28-g21ef5f4-dirty","extractor":"music 1.0"}},"rhythm":{"beats_count":522,"beats_loudness":{"dmean":0.0220937449485,"dmean2":0.0367852710187,"dvar":0.000618677353486,"dvar2":0.00167474010959,"max":0.215152725577,"mean":0.0439993590117,"median":0.0320852026343,"min":2.11167066055e-8,"var":0.00150895758998},"beats_loudness_band_ratio":{"dmean":[0.177960649133,0.129328116775,0.0680680796504,0.0292830187827,0.0254095569253,0.0594879761338],"dmean2":[0.308006048203,0.23508168757,0.124785073102,0.0520475618541,0.0474216789007,0.103671707213],"dvar":[0.0257418621331,0.022900775075,0.0142383594066,0.00222848681733,0.003818502184,0.0045652249828],"dvar2":[0.0784001126885,0.0688370540738,0.0460827723145,0.00641221366823,0.01