{"lowlevel":{"average_loudness":0.563381373882,"barkbands":{"dmean":[0.00000370982547793,0.000245917850407,0.000265108421445,0.000313768512569,0.000695804075804,0.000449022307293,0.000694779446349,0.00110369548202,0.000557867926545,0.000534334802069,0.000424745114287,0.000456678011687,0.000322257925291,0.000349869165802,0.000276700186078,0.000221522321226,0.00033456820529,0.000268829026027,0.000128818079247,0.00010128327267,0.0000464275217382,0.0000282316723315,0.0000360296580766,0.0000243374506681,0.000018360084141,0.00000463467677037,1.38203745337e-7],"dmean2":[0.00000627639155937,0.000405096710892,0.000451154977782,0.000517961918376,0.00107346812729,0.000675240415148,0.000976961804554,0.0016464155633,0.000857750012074,0.000803024275228,0.000657329452224,0.000719337549526,0.000506751122884,0.000550211872905,0.000438658491476,0.000356578122592,0.000552671495825,0.000430365122156,0.000204157084227,0.000167032616446,0.0000741663170629,0.0000432869273936,0.0000543851892871,0.0000353075593011,0.0000278646148217,0.00000715789292371,2.28255700563e-7],"dvar":[1.5742436868e-11,3.7673441966e-7,4.64324074301e-7,5.5007882338e-7,0.00000157080864938,0.00000191612025446,0.00000336642324328,0.00000873131284607,0.00000336551602231,0.00000243457179749,0.00000144452599216,0.0000018375341142,0.00000103882609892,7.90656088157e-7,4.18559210402e-7,2.41577652105e-7,4.77666731058e-7,3.00435289091e-7,4.47581776086e-8,6.65017481083e-8,1.1486712026e-8,5.55559376281e-9,2.37722446172e-8,8.35793745324e-9,8.26068191628e-9,3.9982372968e-10,2.39997420808e-13],"dvar2":[4.39812977704e-11,9.32321768232e-7,0.0000012571958905,0.0000014086608644,0.00000388144553654,0.00000411351311413,0.00000694922391631,0.0000188944177353,0.00000850251399243,0.00000577415403313,0.00000346214801539,0.00000469844735562,0.00000246706849794,0.00000209320569411,0.00000110205633064,6.00085684255e-7,0.00000127034115849,7.68879260704e-7,1.1532376476e-7,1.81821292244e-7,2.85069319261e-8,1.17131540023e-8,4.61899922755e-8,1.5431297129e-8,1.41042928448e-8,7.77996111978e-10,5.84049952498e-13],"max":[0.000052208735724,0.00737342238426,0.00999830290675,0.010487228632,0.0192649047822,0.03511890769,0.0464095622301,0.0638060569763,0.051506806165,0.0331160351634,0.0567652657628,0.0403076224029,0.0222690980881,0.0235002338886,0.017799237743,0.0162554103881,0.0124419778585,0.0111794285476,0.00402464997023,0.00451976899058,0.00220698816702,0.0020169406198,0.00674991263077,0.002421972109,0.00480169430375,0.00094470649492,0.0000141611690196],"mean":[0.0000110598202809,0.000291968841339,0.000402538280468,0.000457166519482,0.00135617447086,0.000830313540064,0.00143042881973,0.00205994164571,0.000947844062466,0.00100545538589,0.000778846326284,0.000976847484708,0.000583944609389,0.000648581772111,0.000546003459021,0.000425349106081,0.000739777053241,0.000620472477749,0.000329070287989,0.000211015445529,0.0000939749370445,0.0000570152842556,0.0000700981181581,0.0000449141298304,0.0000331662849931,0.00000876684316609,1.8395571999e-7],"median":[0.0000106660227175,0.00011676838767,0.000143739947816,0.000131576336571,0.000679691089317,0.000236491338001,0.000341097445926,0.000372492184397,0.000219439243665,0.000244926603045,0.000154400564497,0.000220290385187,0.000116172195703,0.000207000601222,0.000155780930072,0.000133197463583,0.000212914077565,0.000183475276572,0.000174916611286,0.000077064607467,0.0000341240083799,0.0000155172674567,0.0000131858732857,0.0000115641232696,0.00000552133678866,0.00000164274888448,3.15954054031e-8],"min":[6.98259599168e-24,4.06553603893e-23,3.12880852128e-23,6.01016967817e-23,1.23939186375e-22,1.10336927206e-22,3.88195232907e-23,6.06554077174e-23,1.08144449248e-22,3.45461186167e-23,8.34168594887e-23,1.94438006779e-22,1.2290606889e-22,8.54370439145e-23,1.7898148272e-22,1.09505164889e-22,1.83704992494e-22,1.07479748738e-22,1.42196065673e-22,5.24399237361e-22,3.66458479897e-22,6.68926885569e-22,5.50173405727e-22,7.08127138376e-22,9.86817484072e-22,1.87160478414e-21,2.70169607886e-21],"var":[3.02506283911e-11,3.51102443119e-7,5.28105601916e-7,7.15685132491e-7,0.00000363777598977,0.00000407234483646,0.0000103911261249,0.0000259566768364,0.00000614870759819,0.00000549122114535,0.00000390871946365,0.00000729659905119,0.00000272524175671,0.00000180388497029,0.00000130166176859,6.90520664648e-7,0.00000169550639839,0.0000011352689171,1.77554497327e-7,1.12239582961e-7,2.32699708391e-8,1.38131301952e-8,4.57560958012e-8,1.73514109747e-8,2.07240500316e-8,9.08218333873e-10,3.10263262564e-13]},"barkbands_crest":{"dmean":2.25789761543,"dmean2":3.57317996025,"dvar":4.79106283188,"dvar2":11.7522735596,"max":24.8506393433,"mean":8.83606624603,"median":7.92489337921,"min":2.33002209663,"var":16.1831073761},"barkbands_flatness_db":{"dmean":0.0162449628115,"dmean2":0.0241172667593,"dvar":0.000285573129077,"dvar2":0.000586688111071,"max":0.321861803532,"mean":0.120872229338,"median":0.114224493504,"min":0.0270163547248,"var":0.00179514277261},"barkbands_kurtosis":{"dmean":1.38102018833,"dmean2":2.08604359627,"dvar":10.9646635056,"dvar2":22.7700195313,"max":129.98298645,"mean":1.46492803097,"median":-0.0608054921031,"min":-1.96294844151,"var":29.3775520325},"barkbands_skewness":{"dmean":0.397060930729,"dmean2":0.586684346199,"dvar":0.190829113126,"dvar2":0.385515362024,"max":9.26730728149,"mean":0.761310517788,"median":0.579230725765,"min":-6.22847414017,"var":1.07575929165},"barkbands_spread":{"dmean":4.39805030823,"dmean2":6.61961221695,"dvar":29.161901474,"dvar2":62.6908035278,"max":112.430374146,"mean":22.4392414093,"median":20.870639801,"min":1.28878962994,"var":150.18270874},"dissonance":{"dmean":0.0170410908759,"dmean2":0.028310675174,"dvar":0.000297072401736,"dvar2":0.000776410335675,"max":0.499937623739,"mean":0.461394608021,"median":0.468694001436,"min":0.245471090078,"var":0.000857838313095},"dynamic_complexity":5.9987950325,"erbbands":{"dmean":[0.00358122610487,0.0682551041245,0.269060432911,0.704657971859,1.73789298534,2.52395868301,2.69574737549,3.91506528854,8.77673244476,14.8799085617,23.2450351715,14.3558969498,15.6296787262,11.7457017899,20.4711704254,19.5263671875,15.6543264389,17.0876960754,14.1407928467,11.9380502701,13.2467594147,14.4125976563,13.0694894791,9.02998542786,5.55925655365,5.08190488815,2.47036957741,1.39228439331,0.952822506428,1.22446584702,0.957873284817,0.593167424202,0.374096661806,0.234537944198,0.120365016162,0.0339019224048,0.00618827203289,0.000605965498835,0.0000212237955566,0.00000470800750918],"dmean2":[0.00580288982019,0.112320303917,0.455796808004,1.15793848038,2.73834896088,3.8561193943,4.11054754257,5.91697740555,12.1757516861,21.8767757416,34.8089675903,21.7914562225,23.7648830414,17.3052959442,32.1686286926,30.4560279846,24.3962612152,26.6003341675,22.3211612701,19.0686683655,21.4099121094,23.4610042572,20.8928508759,14.463637352,8.88829612732,8.43280410767,3.85684704781,2.24254012108,1.45988965034,1.89975047112,1.43034613132,0.875354349613,0.554544866085,0.352854907513,0.183626979589,0.0522040911019,0.00962951499969,0.000927841232624,0.0000336612938554,0.00000673874228596],"dvar":[0.0000661478406982,0.028933018446,0.468558251858,2.76183748245,12.0526561737,27.7754898071,46.3812866211,169.566040039,694.272583008,1740.76086426,3845.79931641,2464.2409668,2726.22387695,1065.81213379,3738.73706055,3902.51611328,2426.1784668,1523.73046875,1302.51269531,1007.3348999,755.475158691,970.499633789,676.179382324,250.107574463,91.453086853,162.404663086,27.8728103638,13.850402832,5.74540758133,17.1055240631,20.7019042969,6.11384439468,1.86996328831,1.30137658119,0.355285942554,0.023134926334,0.000640547950752,0.0000043370714593,5.79901504594e-9,4.8371594924e-11],"dvar2":[0.000166057434399,0.071359410882,1.25537872314,7.14593553543,29.6219787598,65.9123764038,101.27696228,371.209747314,1422.86975098,3758.07006836,8171.27001953,6242.29785156,6587.27636719,2217.71191406,9080.24707031,10190.6523438,5777.17480469,3984.00708008,3337.01049805,2489.58056641,1954.46960449,2494.31542969,1763.99401855,623.41809082,240.478744507,446.36315918,66.7451477051,35.487449646,12.3998966217,33.1701545715,42.9363975525,11.8262367249,3.41986846924,2.29824614525,0.621126055717,0.0434865392745,0.00131103955209,0.00000886751058715,1.30839259427e-8,9.78489025916e-11],"max":[0.130622759461,2.01317191124,8.60056400299,28.4272098541,64.5520935059,91.8845901489,264.421539307,344.844512939,702.184570313,1103.57592773,1431.06225586,1443.81005859,1247.33654785,963.700561523,3431.61669922,2074.73291016,1144.84399414,1031.87817383,748.236755371,1159.74890137,723.122924805,662.897644043,496.324707031,379.979553223,211.304794312,243.032226563,141.345977783,70.6088104248,66.3178482056,166.514984131,206.571075439,88.5742111206,42.0052185059,61.7449874878,28.3842391968,7.2656493187,1.02302610874,0.0689786970615,0.00262563303113,0.000160641473485],"mean":[0.00476798834279,0.0821534842253,0.389183819294,1.15645813942,3.18838262558,4.59093475342,4.65884828568,7.13936471939,18.2633647919,29.2443561554,45.1665878296,25.725069046,28.5886478424,26.0023288727,40.2484130859,44.5016784668,31.0879802704,33.2059898376,28.6074829102,26.0718250275,28.7785816193,35.6608543396,34.7922363281,24.1343727112,13.4879732132,10.9240570068,6.00740814209,2.59179711342,1.9495588541,2.39012074471,1.78460168839,1.08589589596,0.690701961517,0.415035814047,0.210728853941,0.0636230632663,0.011238922365,0.00108801235911,0.0000414026617364,0.0000204123207368],"median":[0.00162248697598,0.0347763448954,0.158401206136,0.451084524393,1.26400446892,1.80287384987,1.52134728432,2.3195207119,4.76434898376,7.30579566956,9.70634460449,6.6337890625,7.26333236694,8.36169719696,9.9305934906,11.1233682632,7.5799074173,12.3650350571,9.01560592651,8.6264667511,9.830701828,10.882651329,9.7213973999,10.5854434967,7.19194555283,4.15340709686,2.16060137749,0.979550182819,0.560483455658,0.467906653881,0.356830000877,0.248766258359,0.169549971819,0.0828835219145,0.0344815962017,0.0114445257932,0.00206106947735,0.000211047270568,0.0000144772093336,0.0000156038240675],"min":[1.35683439561e-21,8.60317112463e-21,3.23912263337e-20,1.21777839973e-19,4.54912320572e-19,2.57907780561e-19,9.0309170115e-19,6.08663999942e-19,5.30569981709e-19,8.48739886147e-19,1.34696901876e-18,2.09114733012e-18,1.94544732343e-18,1.65419175648e-18,3.70397953898e-18,9.29900810919e-18,7.34060424223e-18,5.14907606323e-18,8.07141500469e-18,8.65717137495e-18,5.34074332374e-18,1.11749437234e-17,7.64033561873e-18,6.38939989094e-18,1.21730033069e-17,1.98191151279e-17,1.5310639991e-17,2.14138862617e-17,2.68694286059e-17,1.28998171327e-17,1.63983179765e-17,1.28152031735e-17,1.36001487711e-17,1.0791790355e-17,7.54638196321e-18,5.69585899174e-18,3.37912275817e-18,1.60728244734e-18,3.80512826996e-19,4.01746986298e-20],"var":[0.0000701926110196,0.0270926300436,0.480848789215,3.74849557877,27.902053833,61.4973373413,96.6706695557,334.596252441,1927.48132324,4838.32958984,13209.5146484,4388.04882813,4678.01269531,4450.12792969,11377.2792969,15359.5332031,6773.28076172,3505.91015625,3719.58813477,3591.15039063,2468.84057617,3900.09692383,3328.17675781,1137.44726563,292.774810791,282.647338867,83.6375198364,20.7314128876,14.500210762,38.718082428,35.9355697632,11.6296110153,4.07942342758,3.03815293312,0.876659810543,0.0546213462949,0.00136445043609,0.00000959446515481,1.03707202825e-8,3.82041204228e-10]},"erbbands_crest":{"dmean":2.54386901855,"dmean2":4.03390645981,"dvar":6.01999950409,"dvar2":14.6409130096,"max":31.1377792358,"mean":9.98432159424,"median":8.93147659302,"min":2.30765843391,"var":20.6238250732},"erbbands_flatness_db":{"dmean":0.0157485362142,"dmean2":0.0230429526418,"dvar":0.000265470531303,"dvar2":0.000518726650625,"max":0.367257088423,"mean":0.189395144582,"median":0.188597261906,"min":0.0370864160359,"var":0.00173490890302},"erbbands_kurtosis":{"dmean":0.796693921089,"dmean2":1.2295333147,"dvar":1.99591362476,"dvar2":3.82628178596,"max":69.2705764771,"mean":0.413479626179,"median":-0.132035553455,"min":-1.72693610191,"var":6.82315826416},"erbbands_skewness":{"dmean":0.327624678612,"dmean2":0.495565354824,"dvar":0.109786704183,"dvar2":0.235682621598,"max":4.86971712112,"mean":0.125726357102,"median":0.0740531533957,"min":-6.22375202179,"var":0.658900141716},"erbbands_spread":{"dmean":5.39021587372,"dmean2":8.14762210846,"dvar":39.1805648804,"dvar2":86.2981262207,"max":139.469680786,"mean":29.3983726501,"median":27.5176925659,"min":3.12365484238,"var":180.836700439},"gfcc":{"cov":[[14154.3662109,50.4290542603,-1307.24694824,-161.092895508,-825.032287598,330.162261963,-384.068939209,6.64516067505,-152.765563965,-359.966064453,-214.485961914,-113.636909485,-74.0529937744],[50.4290542603,1031.08728027,-100.507415771,-125.623023987,182.263641357,-191.414291382,81.2582931519,-99.6367111206,-36.3770294189,-88.538482666,44.9891586304,-155.447555542,-12.4928636551],[-1307.24694824,-100.507415771,710.92175293,222.583511353,-6.75374221802,4.81990337372,-77.5573730469,-17.1812324524,-47.5176544189,-7.84974336624,-79.6873931885,15.4623203278,-9.85363101959],[-161.092895508,-125.623023987,222.583511353,340.049468994,75.3014144897,-0.414102375507,-49.5691452026,16.6873607635,-15.7454090118,-4.21551561356,-42.478931427,15.6405658722,-4.57414770126],[-825.032287598,182.263641357,-6.75374221802,75.3014144897,299.732177734,-5.01538658142,75.455657959,8.1451215744,-1.8995141983,36.374168396,18.2512893677,1.89976918697,-1.49711191654],[330.162261963,-191.414291382,4.81990337372,-0.414102375507,-5.01538658142,246.22203064,40.160987854,7.01376676559,-3.79494857788,-2.27445316315,-24.1504268646,3.52443885803,-2.21462130547],[-384.068939209,81.2582931519,-77.5573730469,-49.5691452026,75.455657959,40.160987854,171.042327881,12.6035366058,19.5131034851,28.2932910919,12.124417305,2.89216732979,-9.38283252716],[6.64516067505,-99.6367111206,-17.1812324524,16.6873607635,8.1451215744,7.01376676559,12.6035366058,124.421821594,42.3392105103,24.3196392059,12.9175834656,16.5114078522,2.29411792755],[-152.765563965,-36.3770294189,-47.5176544189,-15.7454090118,-1.8995141983,-3.79494857788,19.5131034851,42.3392105103,101.201828003,47.2510032654,20.6321659088,8.49207782745,2.20920753479],[-359.966064453,-88.538482666,-7.84974336624,-4.21551561356,36.374168396,-2.27445316315,28.2932910919,24.3196392059,47.2510032654,121.841682434,35.7143135071,32.8058166504,-4.82944297791],[-214.485961914,44.9891586304,-79.6873931885,-42.478931427,18.2512893677,-24.1504268646,12.124417305,12.9175834656,20.6321659088,35.7143135071,108.208274841,20.9713897705,9.79222488403],[-113.636909485,-155.447555542,15.4623203278,15.6405658722,1.89976918697,3.52443885803,2.89216732979,16.5114078522,8.49207782745,32.8058166504,20.9713897705,127.363967896,22.6969089508],[-74.0529937744,-12.4928636551,-9.85363101959,-4.57414770126,-1.49711191654,-2.21462130547,-9.38283252716,2.29411792755,2.20920753479,-4.82944297791,9.79222488403,22.6969089508,69.342048645]],"icov":[[0.000223390525207,-0.000489435624331,0.000686305109411,-0.000456325156847,0.000862728687935,-0.000691506080329,0.000693810114171,-0.000457152083982,0.000463517033495,-0.000238989552599,0.00070914090611,-0.000526553194504,0.000364155624993],[-0.000489435624331,0.00371033069678,-0.00179205229506,0.00203289347701,-0.00369454012252,0.00352288363501,-0.00268639088608,0.00254955561832,-0.00144722207915,0.00286014168523,-0.0029386926908,0.00376274576411,-0.000961198296864],[0.000686305109411,-0.00179205229506,0.00411004479975,-0.00264580943622,0.00308953109197,-0.00234355777502,0.00266659888439,-0.00140404282138,0.00217468570918,-0.001607098151,0.00332943815738,-0.00211226032116,0.00125871179625],[-0.000456325156847,0.00203289347701,-0.00264580943622,0.00580295128748,-0.00406798673794,0.00209965743124,-0.000381260644644,0.000688573287334,-0.00123344699387,0.00168679328635,-0.00087403919315,0.0014693303965,-0.000410131702665],[0.000862728687935,-0.00369454012252,0.00308953109197,-0.00406798673794,0.00910260621458,-0.00365642108954,0.00112320284825,-0.00277807866223,0.00317170424387,-0.00375308236107,0.00294528226368,-0.00322787812911,0.00102823064663],[-0.000691506080329,0.00352288363501,-0.00234355777502,0.00209965743124,-0.00365642108954,0.00807428918779,-0.00435575097799,0.00226891459897,-0.00137701118365,0.00243877014145,-0.00218010949902,0.00341371586546,-0.00137961446308],[0.000693810114171,-0.00268639088608,0.00266659888439,-0.000381260644644,0.00112320284825,-0.00435575097799,0.0107614062726,-0.00243424717337,0.000783442868851,-0.00250396644697,0.00329809961841,-0.00313873356208,0.00239482615143],[-0.000457152083982,0.00254955561832,-0.00140404282138,0.000688573287334,-0.00277807866223,0.00226891459897,-0.00243424717337,0.0115529680625,-0.00508224684745,0.00183797010686,-0.00277433008887,0.00178822723683,-0.000785700511187],[0.000463517033495,-0.00144722207915,0.00217468570918,-0.00123344699387,0.00317170424387,-0.00137701118365,0.000783442868851,-0.00508224684745,0.0154240876436,-0.00600446062163,0.00147373706568,-0.000524896895513,-0.000185318320291],[-0.000238989552599,0.00286014168523,-0.001607098151,0.00168679328635,-0.00375308236107,0.00243877014145,-0.00250396644697,0.00183797010686,-0.00600446062163,0.0146623030305,-0.00482274778187,0.000211622289498,0.00156445940956],[0.00070914090611,-0.0029386926908,0.00332943815738,-0.00087403919315,0.00294528226368,-0.00218010949902,0.00329809961841,-0.00277433008887,0.00147373706568,-0.00482274778187,0.0150944525376,-0.00430350797251,0.0000695526759955],[-0.000526553194504,0.00376274576411,-0.00211226032116,0.0014693303965,-0.00322787812911,0.00341371586546,-0.00313873356208,0.00178822723683,-0.000524896895513,0.000211622289498,-0.00430350797251,0.0132884001359,-0.00424253335223],[0.000364155624993,-0.000961198296864,0.00125871179625,-0.000410131702665,0.00102823064663,-0.00137961446308,0.00239482615143,-0.000785700511187,-0.000185318320291,0.00156445940956,0.0000695526759955,-0.00424253335223,0.016610680148]],"mean":[-57.255821228,87.8614807129,-150.479827881,22.6776561737,-59.7421073914,2.86707639694,-41.979019165,14.0604782104,-27.6086425781,0.815877139568,-12.7844600677,-4.31682634354,-15.5456180573]},"hfc":{"dmean":3.56697678566,"dmean2":5.19241523743,"dvar":27.7989845276,"dvar2":58.2874107361,"max":117.085845947,"mean":17.4010715485,"median":11.0971784592,"min":1.20660147739e-16,"var":323.072631836},"melbands":{"dmean":[0.0000511898397235,0.000120705386507,0.00014304848446,0.000153763394337,0.000098350814369,0.0000905021151993,0.000137121649459,0.000178539572516,0.000185345139471,0.0000799773333711,0.0000780377158662,0.0000480798807985,0.0000638521960354,0.0000585123889323,0.0000442307864432,0.0000270590735454,0.0000353736504621,0.0000237493004533,0.000016722102373,0.0000161111456691,0.0000179977450898,0.0000157511803991,0.0000190088903764,0.0000142395083458,0.00000765495587984,0.00000461781837657,0.00000379208950108,0.00000355076190317,0.00000196723362933,0.00000103428101283,8.09248206224e-7,5.57750354346e-7,5.93325580667e-7,7.83448740549e-7,6.08160803495e-7,4.60122691948e-7,3.50427001194e-7,2.85512129494e-7,2.23538464184e-7,2.04110719437e-7],"dmean2":[0.0000838332634885,0.000198945883312,0.000229921963182,0.000238118358538,0.000149894171045,0.000136048460263,0.000190359161934,0.000263908528723,0.000276779872365,0.000121951256006,0.000118861062219,0.0000708270963514,0.0000992700224742,0.0000928824447328,0.0000692863177392,0.0000419364259869,0.0000555253900529,0.0000377658470825,0.0000265920789388,0.0000261096338363,0.0000293660432362,0.0000258678828686,0.0000309769966407,0.0000235156312556,0.0000122822439153,0.00000731513091523,0.00000630008207736,0.0000058635350797,0.00000311643225359,0.00000166432585047,0.00000131591991703,8.63479669988e-7,9.22511674162e-7,0.00000122396761526,9.28500526243e-7,6.83793302869e-7,5.25405255303e-7,4.26205673421e-7,3.40813215871e-7,3.08410761818e-7],"dvar":[1.54049519807e-8,8.68363017048e-8,9.56840224831e-8,8.71364633781e-8,4.89143374693e-8,8.77615207173e-8,1.52704117795e-7,2.50008355351e-7,2.32498479136e-7,7.71996582216e-8,6.92295714089e-8,1.94461140524e-8,3.08944940741e-8,2.72599418594e-8,1.59954733903e-8,4.7122439284e-9,7.62893126449e-9,4.42153424984e-9,1.67792202355e-9,1.49798329296e-9,1.40771427848e-9,1.0882678092e-9,1.89712667797e-9,1.04258623956e-9,1.94604402037e-10,5.58094508107e-11,1.13501180676e-10,6.2642009635e-11,1.81735303889e-11,5.84995290057e-12,4.89176234242e-12,1.78906184572e-12,3.08419067195e-12,7.71289629387e-12,8.8765340564e-12,4.18926265205e-12,2.00250428219e-12,1.04221568441e-12,8.88914538765e-13,1.13647264342e-12],"dvar2":[3.80734093142e-8,2.21764267394e-7,2.41179321847e-7,2.19413905711e-7,1.10172642565e-7,1.88871553064e-7,3.08885660161e-7,5.44239469491e-7,4.97355074458e-7,1.94918797547e-7,1.67369634596e-7,4.04721944847e-8,7.30640294933e-8,6.82041942923e-8,4.00152408986e-8,1.12574527478e-8,2.02113383807e-8,1.13190363749e-8,4.47562165107e-9,3.55334628388e-9,3.67700137005e-9,2.78968159684e-9,4.96643659531e-9,2.89009549626e-9,4.91116924906e-10,1.45927353534e-10,3.14419823511e-10,1.70870678717e-10,4.44440179104e-11,1.49333375526e-11,1.27510883796e-11,4.00371489434e-12,6.50728559579e-12,1.5599875558e-11,1.92861837611e-11,8.30201012103e-12,4.01157232433e-12,2.02471481421e-12,1.63111267115e-12,2.16344997472e-12],"max":[0.0017190023791,0.0032306262292,0.00466715684161,0.00525450473651,0.00724839838222,0.00763987516984,0.0103618400171,0.0141862146556,0.0109175248072,0.00785851944238,0.00623517390341,0.00417233351618,0.00874964985996,0.00538600282744,0.00261387228966,0.00149696879089,0.00235565984622,0.00178313301876,0.00134403980337,0.00130484579131,0.000974255206529,0.000607065681834,0.000757915317081,0.000628769979812,0.000303614913719,0.000134802350658,0.000180743882083,0.000141969518154,0.000116793453344,0.0000512961269123,0.0000398641932406,0.0000307456357405,0.0000524107927049,0.000113922920718,0.000142324628541,0.0000835902246763,0.0000419902171416,0.000033942538721,0.0000397766489186,0.0000604116066825],"mean":[0.0000640426587779,0.000175294335349,0.000249389384408,0.000296557758702,0.000170524552232,0.000166542828083,0.000286701921141,0.00034032043186,0.000355106400093,0.000138506598887,0.000138359813718,0.000100632954855,0.000121967364976,0.000126099737827,0.0000878212595126,0.0000511180223839,0.0000646138869342,0.0000454101937066,0.0000341636041412,0.0000323466556438,0.0000357009957952,0.0000344510408468,0.0000413354719058,0.0000302327007375,0.0000182464282261,0.0000106836841951,0.00000717876037015,0.00000734206287234,0.00000447927504865,0.00000192285392586,0.00000133996513796,0.00000108501683371,0.00000108996198378,0.00000145651836192,0.00000107218806988,8.15833516299e-7,5.99330007844e-7,5.09837377649e-7,3.74684020699e-7,3.44326281265e-7],"median":[0.0000244364273385,0.0000776783999754,0.000115584742161,0.000127040781081,0.0000602237560088,0.0000504495328641,0.0000753473359509,0.0000830229691928,0.0000706746941432,0.0000342644489137,0.0000328342939611,0.0000282914079435,0.000028316895623,0.0000281968641502,0.0000190309892787,0.0000155287925736,0.00002079148544,0.0000124870603031,0.00000996753988147,0.0000103924212453,0.0000106845636765,0.0000107269770524,0.00000787234603195,0.00000857794293552,0.0000080112440628,0.00000559348836759,0.0000030915350635,0.00000260553088083,0.00000138653126669,7.6786648151e-7,4.35237950569e-7,3.02981334244e-7,2.77345293398e-7,2.40702121346e-7,2.01965264068e-7,1.62637917356e-7,1.25974935372e-7,1.17586530735e-7,9.32824377742e-8,5.40076321442e-8],"min":[1.20515574222e-23,1.50251875371e-23,3.26887677035e-23,2.58424474332e-23,2.57441837634e-23,1.50575986763e-23,8.60732996777e-24,1.05560483288e-23,1.14194179353e-23,1.4853878503e-23,9.51868677207e-24,5.58713457693e-24,1.2243983474e-23,1.58499747457e-23,2.28012261382e-23,1.31092921007e-23,8.75416301464e-24,1.15098781931e-23,1.24789591053e-23,1.07034895874e-23,4.84211895525e-24,1.28570901138e-23,6.74800847999e-24,5.25191641829e-24,5.2561881001e-24,5.18650209988e-24,1.62059876722e-23,1.26793936729e-23,1.00258028495e-23,1.00462020037e-23,1.36326950004e-23,1.84449610924e-23,7.64266036576e-24,7.4405147588e-24,9.82364856512e-24,7.8201588026e-24,7.70806087911e-24,9.33901186799e-24,8.3124979376e-24,9.8877064372e-24],"var":[1.50036161273e-8,9.27386167859e-8,1.41258553299e-7,2.09367613024e-7,9.79423120384e-8,1.91181413811e-7,4.49075884035e-7,6.60672355934e-7,7.93738934135e-7,1.35247887556e-7,1.17095410701e-7,7.96388377466e-8,9.54327177283e-8,1.10041952439e-7,4.42344436635e-8,1.31425652583e-8,1.59687694179e-8,1.15529754652e-8,5.16146014817e-9,5.18779241787e-9,4.13686152001e-9,3.59848351117e-9,6.55072573963e-9,3.04882696867e-9,6.96021851265e-10,1.82821854877e-10,1.51569576334e-10,1.28451277392e-10,5.30085420003e-11,1.00660157293e-11,6.75513421242e-12,4.41272626078e-12,6.99809220989e-12,1.56883030872e-11,1.42284378724e-11,7.2952373309e-12,3.69245172632e-12,2.08911490537e-12,1.98647912356e-12,2.4165623929e-12]},"melbands_crest":{"dmean":2.92474031448,"dmean2":4.62869119644,"dvar":7.68977594376,"dvar2":18.837184906,"max":33.2511749268,"mean":12.0013151169,"median":10.988161087,"min":2.70404100418,"var":27.4465122223},"melbands_flatness_db":{"dmean":0.0199190750718,"dmean2":0.0291942302138,"dvar":0.000444799603429,"dvar2":0.000919251877349,"max":0.411698460579,"mean":0.163755431771,"median":0.155021622777,"min":0.00753427948803,"var":0.00316288298927},"melbands_kurtosis":{"dmean":2.84432601929,"dmean2":4.31813097,"dvar":46.6500244141,"dvar2":102.352676392,"max":276.236572266,"mean":4.97210264206,"median":1.76763224602,"min":-1.93394625187,"var":119.808898926},"melbands_skewness":{"dmean":0.462727725506,"dmean2":0.694980621338,"dvar":0.290220707655,"dvar2":0.640352547169,"max":11.8505773544,"mean":1.50136470795,"median":1.28159475327,"min":-2.69608330727,"var":1.45995569229},"melbands_spread":{"dmean":7.5,"dmean2":11.218996048,"dvar":104.367782593,"dvar2":209.847915649,"max":236.984817505,"mean":32.6402206421,"median":29.6192684174,"min":1.15770351887,"var":411.639282227},"mfcc":{"cov":[[12837.6943359,-164.899017334,-637.403869629,-553.185852051,-420.617980957,-110.757392883,-321.788482666,246.909729004,-166.151275635,-53.3904418945,-215.897201538,-174.935531616,-117.229400635],[-164.899017334,1071.18127441,-212.762191772,44.8772392273,-5.42293548584,-53.7466087341,86.2105941772,-63.7089729309,-52.9967308044,22.4904823303,-14.8639736176,-23.2933063507,-44.8611946106],[-637.403869629,-212.762191772,611.990905762,116.208229065,62.7810516357,34.8653182983,-44.8184242249,-4.58776283264,17.5333023071,-53.323928833,-40.6560897827,-29.8107376099,-43.4100379944],[-553.185852051,44.8772392273,116.208229065,355.257019043,129.530883789,-26.458574295,9.25462627411,-21.8000621796,23.5070476532,-46.9906921387,-6.01425933838,37.317363739,-3.89685869217],[-420.617980957,-5.42293548584,62.7810516357,129.530883789,206.831130981,21.078245163,28.2708244324,-5.91945505142,27.8275737762,-20.2471580505,-6.57984256744,15.0075378418,4.63050222397],[-110.757392883,-53.7466087341,34.8653182983,-26.458574295,21.078245163,192.911483765,52.2963485718,18.1081962585,14.6543197632,17.1188468933,6.90019130707,-41.5706138611,-5.77764129639],[-321.788482666,86.2105941772,-44.8184242249,9.25462627411,28.2708244324,52.2963485718,144.236297607,19.3785476685,9.49483776093,13.4987516403,9.98729228973,2.82633090019,-3.2485370636],[246.909729004,-63.7089729309,-4.58776283264,-21.8000621796,-5.91945505142,18.1081962585,19.3785476685,109.381767273,24.9369316101,-1.26786136627,-11.4413537979,-2.68966650963,16.483997345],[-166.151275635,-52.9967308044,17.5333023071,23.5070476532,27.8275737762,14.6543197632,9.49483776093,24.9369316101,100.877204895,24.6133270264,1.4763365984,0.107637383044,0.381664842367],[-53.3904418945,22.4904823303,-53.323928833,-46.9906921387,-20.2471580505,17.1188468933,13.4987516403,-1.26786136627,24.6133270264,109.032798767,35.4632759094,-4.54579687119,-1.78742671013],[-215.897201538,-14.8639736176,-40.6560897827,-6.01425933838,-6.57984256744,6.90019130707,9.98729228973,-11.4413537979,1.4763365984,35.4632759094,96.7038955688,31.2372589111,10.4700899124],[-174.935531616,-23.2933063507,-29.8107376099,37.317363739,15.0075378418,-41.5706138611,2.82633090019,-2.68966650963,0.107637383044,-4.54579687119,31.2372589111,116.837280273,46.0894699097],[-117.229400635,-44.8611946106,-43.4100379944,-3.89685869217,4.63050222397,-5.77764129639,-3.2485370636,16.483997345,0.381664842367,-1.78742671013,10.4700899124,46.0894699097,112.859962463]],"icov":[[0.000112363457447,0.0000233469127124,0.000152768174303,0.0000604076740274,0.0000769722319092,-0.0000182175408554,0.000289138872176,-0.00031375917024,0.00017951373593,0.0000200366466743,0.000222561488044,0.0000213484072447,0.000207243356272],[0.0000233469127124,0.00123293325305,0.000452355510788,-0.000331775605446,0.000088927183242,0.000453349086456,-0.000816786603536,0.000551177130546,0.000622015330009,-0.000393994094338,0.000504319905303,0.0003835815005,0.000380642159143],[0.000152768174303,0.000452355510788,0.00236088875681,-0.00057326775277,-0.00010840754112,-0.000521800888237,0.000989809050225,-0.000287945760647,0.000147041850141,0.000541913555935,0.000856950355228,0.000261191074969,0.00109698413871],[0.0000604076740274,-0.000331775605446,-0.00057326775277,0.00436184182763,-0.00216122390702,0.000573530502152,0.00000564350148125,0.000421390956035,-0.000937770004384,0.0014657076681,-0.000249649077887,-0.00105649989564,0.000398618547479],[0.0000769722319092,0.000088927183242,-0.00010840754112,-0.00216122390702,0.00689397100359,-0.000831808836665,-0.000914249336347,0.000522640359122,-0.00128934544045,0.000629563874099,0.000632791954558,-0.000367679342162,-0.000323326647049],[-0.0000182175408554,0.000453349086456,-0.000521800888237,0.000573530502152,-0.000831808836665,0.00708138523623,-0.00282681151293,-0.000206822529435,-0.000178616654011,-0.000497512228321,-0.00116081419401,0.00305136363022,-0.000819826731458],[0.000289138872176,-0.000816786603536,0.000989809050225,0.00000564350148125,-0.000914249336347,-0.00282681151293,0.0100092059001,-0.00276620220393,0.000356020434992,-0.000340798462275,0.0000921280370676,-0.00128378043883,0.00145061907824],[-0.00031375917024,0.000551177130546,-0.000287945760647,0.000421390956035,0.000522640359122,-0.000206822529435,-0.00276620220393,0.0120037682354,-0.00329635757953,0.000795913976617,0.000949901819695,0.000304863177007,-0.00225677900016],[0.00017951373593,0.000622015330009,0.000147041850141,-0.000937770004384,-0.00128934544045,-0.000178616654011,0.000356020434992,-0.00329635757953,0.0128310015425,-0.00393332028762,0.00117308087647,-0.0000456882589788,0.000797494722065],[0.0000200366466743,-0.000393994094338,0.000541913555935,0.0014657076681,0.000629563874099,-0.000497512228321,-0.000340798462275,0.000795913976617,-0.00393332028762,0.0127922790125,-0.00446810573339,0.00102376262657,0.000158219627338],[0.000222561488044,0.000504319905303,0.000856950355228,-0.000249649077887,0.000632791954558,-0.00116081419401,0.0000921280370676,0.000949901819695,0.00117308087647,-0.00446810573339,0.014335796237,-0.00405959552154,0.000784335890785],[0.0000213484072447,0.0003835815005,0.000261191074969,-0.00105649989564,-0.000367679342162,0.00305136363022,-0.00128378043883,0.000304863177007,-0.0000456882589788,0.00102376262657,-0.00405959552154,0.0132113378495,-0.004673788324],[0.000207243356272,0.000380642159143,0.00109698413871,0.000398618547479,-0.000323326647049,-0.000819826731458,0.00145061907824,-0.00225677900016,0.000797494722065,0.000158219627338,0.000784335890785,-0.004673788324,0.0118411965668]],"mean":[-689.227172852,117.651069641,-31.1278705597,16.8025722504,-1.16920232773,-10.3215751648,-1.41250252724,0.758540630341,-7.22889757156,1.75243794918,-0.622326672077,2.69133996964,-0.780972182751]},"pitch_salience":{"dmean":0.0602905750275,"dmean2":0.0959389209747,"dvar":0.00288150808774,"dvar2":0.0074789612554,"max":0.858738303185,"mean":0.567955672741,"median":0.570671200752,"min":0.175856977701,"var":0.0101425684988},"silence_rate_20dB":{"dmean":0,"dmean2":0,"dvar":0,"dvar2":0,"max":1,"mean":1,"median":1,"min":1,"var":0},"silence_rate_30dB":{"dmean":0,"dmean2":0,"dvar":0,"dvar2":0,"max":1,"mean":1,"median":1,"min":1,"var":0},"silence_rate_60dB":{"dmean":0.0315749906003,"dmean2":0.0631578937173,"dvar":0.0305752791464,"dvar2":0.0641857981682,"max":1,"mean":0.262590825558,"median":0,"min":0,"var":0.193650469184},"spectral_centroid":{"dmean":222.16947937,"dmean2":328.209503174,"dvar":72335.1796875,"dvar2":132013.453125,"max":11310.1962891,"mean":1691.07897949,"median":1684.7800293,"min":228.621185303,"var":398126.90625},"spectral_complexity":{"dmean":2.41373252869,"dmean2":3.68897247314,"dvar":7.09478473663,"dvar2":15.0854511261,"max":49,"mean":16.9773235321,"median":17,"min":0,"var":120.251846313},"spectral_contrast_coeffs":{"dmean":[0.0469204261899,0.0442814528942,0.0363363735378,0.0314051061869,0.0230937283486,0.0172664672136],"dmean2":[0.0756204947829,0.0709097161889,0.0572827197611,0.0497222207487,0.0363406427205,0.0275474395603],"dvar":[0.00160779932048,0.0015138972085,0.000918069446925,0.000672751106322,0.000383163744118,0.000269524491159],"dvar2":[0.00386249693111,0.00361214391887,0.00217122747563,0.00159638549667,0.0009037675336,0.000650459900498],"max":[-0.338799774647,-0.377534896135,-0.431007176638,-0.509901821613,-0.591095685959,-0.628458440304],"mean":[-0.637686908245,-0.7088996768,-0.736784815788,-0.731644570827,-0.744232714176,-0.771076500416],"median":[-0.635949134827,-0.716380357742,-0.740660786629,-0.729209184647,-0.743368387222,-0.767820119858],"min":[-0.949923634529,-0.965442240238,-0.963803172112,-0.956048905849,-0.960535049438,-0.958723545074],"var":[0.00934605766088,0.00710456771776,0.00569824967533,0.00396078219637,0.00283786165528,0.00124952045735]},"spectral_contrast_valleys":{"dmean":[0.419109880924,0.330732733011,0.307367682457,0.290042698383,0.249275431037,0.27977514267],"dmean2":[0.664291799068,0.531674206257,0.484630733728,0.445884138346,0.359545826912,0.392379581928],"dvar":[0.144900172949,0.0934020876884,0.0893502011895,0.0889207869768,0.0782743021846,0.12887211144],"dvar2":[0.307686239481,0.19994994998,0.179096728563,0.172035902739,0.132076323032,0.230040162802],"max":[-6.07421255112,-5.0780210495,-5.24904823303,-6.00122880936,-5.81340360641,-7.68304109573],"mean":[-8.51666164398,-7.32188844681,-7.87019062042,-8.39277648926,-8.04546737671,-10.9216518402],"median":[-8.31037139893,-7.00500774384,-7.47527933121,-8.02672767639,-7.75088071823,-10.7074604034],"min":[-27.930814743,-27.225605011,-27.2201633453,-27.4012565613,-27.269115448,-27.2493839264],"var":[1.3246370554,1.49862039089,1.82083928585,1.74498903751,1.6830316782,1.7383261919]},"spectral_decrease":{"dmean":8.67630689516e-10,"dmean2":1.23784338335e-9,"dvar":1.4699811156e-18,"dvar2":3.12377892732e-18,"max":2.11399059482e-19,"mean":-3.54578166828e-9,"median":-2.83057599582e-9,"min":-2.33285035733e-8,"var":1.10656607568e-17},"spectral_energy":{"dmean":0.00352942594327,"dmean2":0.00502921361476,"dvar":0.0000238738011831,"dvar2":0.0000507502845721,"max":0.0986671447754,"mean":0.0149609129876,"median":0.0119596505538,"min":1.09105389368e-20,"var":0.000195624670596},"spectral_energyband_high":{"dmean":0.000162543030456,"dmean2":0.000240010311245,"dvar":1.87124101103e-7,"dvar2":3.49079698481e-7,"max":0.0130341788754,"mean":0.000425163365435,"median":0.000149202271132,"min":7.87898338407e-21,"var":5.64995161767e-7},"spectral_energyband_low":{"dmean":0.000556701328605,"dmean2":0.000884928333107,"dvar":0.00000164174400652,"dvar2":0.00000395733923142,"max":0.0181249827147,"mean":0.000929766334593,"median":0.000421001401264,"min":1.00174189936e-22,"var":0.0000021414477942},"spectral_energyband_middle_high":{"dmean":0.00157037971076,"dmean2":0.00235108146444,"dvar":0.0000070512514867,"dvar2":0.0000166453846759,"max":0.0939351096749,"mean":0.00653186906129,"median":0.00347605533898,"min":1.50626661294e-21,"var":0.0000652029048069},"spectral_energyband_middle_low":{"dmean":0.00266773207113,"dmean2":0.00383989489637,"dvar":0.0000178658428922,"dvar2":0.0000384950144507,"max":0.0734256729484,"mean":0.00755593599752,"median":0.00507684797049,"min":5.12189942468e-22,"var":0.000071294431109},"spectral_entropy":{"dmean":0.142063498497,"dmean2":0.204777896404,"dvar":0.0255123861134,"dvar2":0.04872084409,"max":9.79755973816,"mean":7.39365434647,"median":7.45105934143,"min":5.67119503021,"var":0.181097641587},"spectral_flux":{"dmean":0.0132557302713,"dmean2":0.0202058255672,"dvar":0.000231599464314,"dvar2":0.0005184316542,"max":0.226765796542,"mean":0.0535050518811,"median":0.0487571172416,"min":1.04453522221e-10,"var":0.0013647043379},"spectral_kurtosis":{"dmean":1.80134952068,"dmean2":3.09270071983,"dvar":3.54921603203,"dvar2":10.2805671692,"max":26.9345417023,"mean":5.70763874054,"median":5.23398208618,"min":-1.22419011593,"var":7.59834814072},"spectral_rms":{"dmean":0.000415350630647,"dmean2":0.000574976904318,"dvar":2.17648505441e-7,"dvar2":4.18519704226e-7,"max":0.00981125049293,"mean":0.00330766127445,"median":0.00341583834961,"min":3.26258009324e-12,"var":0.00000365540768144},"spectral_rolloff":{"dmean":411.173034668,"dmean2":667.890930176,"dvar":577120.0625,"dvar2":1145369.25,"max":19466.015625,"mean":2097.37841797,"median":1981.0546875,"min":86.1328125,"var":1971441},"spectral_skewness":{"dmean":0.210119947791,"dmean2":0.34924736619,"dvar":0.0404275134206,"dvar2":0.106238625944,"max":3.82901072502,"mean":1.59061896801,"median":1.56659650803,"min":-0.424583911896,"var":0.131593510509},"spectral_spread":{"dmean":380342.09375,"dmean2":575855.1875,"dvar":390218973184,"dvar2":648259108864,"max":40292128,"mean":3682659,"median":3472690,"min":1542367.25,"var":1540673110020},"spectral_strongpeak":{"dmean":0.641646385193,"dmean2":1.06365609169,"dvar":0.937915086746,"dvar2":2.42361116409,"max":10.4754562378,"mean":1.45502007008,"median":0.904797673225,"min":0,"var":2.47704720497},"zerocrossingrate":{"dmean":0.00884388014674,"dmean2":0.0102639412507,"dvar":0.000172903164639,"dvar2":0.00020018601208,"max":0.50439453125,"mean":0.0718801766634,"median":0.06689453125,"min":0.009765625,"var":0.00130915397312}},"metadata":{"audio_properties":{"analysis_sample_rate":44100,"bit_rate":192027,"codec":"mp3","downmix":"mix","equal_loudness":0,"length":185.312652588,"lossless":false,"md5_encoded":"bd8a570da74091d3aa979207150f98b4","replay_gain":-5.75326538086,"sample_rate":44100},"tags":{"acoustid_fingerprint":["AQADtEmyiNOURIEi5keY4jneo3n0oWt2JHVYIVdE_C9yiMgJlFI_NEuCu8d_IU1MIrlyPHxQcklxJ1pQHo8yXKmJZ2nQ_Oh1XIo-PIt2VB-ac_hy4T9yORv0D7mC6eVwSTm4PLiM8ClqH82FTz8evPjRnAdjZcFj4vCyHsclKSWq58g3kMXj4118bMePP8Z14-Rx5UeoB8IeDbnBb8eeo75ghxTCHzpy4saPecUHPkd4H-KzI5p64j_8SDK8oz8utcVPhNlziPmPLxLMUzjEsUV-2Mdk7vgocFcVPKGObbnxIA-0H-mycig74ynqHU2TELmxLwpUkZmQfzjr4Dqug_Yx7YHHCz2LX8iP5Dv8VsGPNzlCZU6QLF-wKxqDD0cpNKgeJFt5xGwZ7HtyXE-EfgmaZeTx4A_GH-GsJ1D4I-SP4znqJ4GnXIJj3MvRXA_uI16O5EqO0Vl2-AXpH-vxF1cehNdS3Dh1hM_x4cvx5DGao0d9XmiaHj_yB09eeMqhcHGQ82jWReg-4XnQUwr87oGfoQ4l4drw_GByjehz_MQn5nj2aPiVJsGJ6Ql8ngiZhziP80F-CtWDKVXwHXeO_kLzLLgUoxuso0_mom4QNzqHZPzxo8webJ9XPBs_nIJ9TJZP5EPC8fiC78N5MOfRfCue-0h6Im_Qz8KV4-iZ4xe-5cEzIfyRkFFGPOivDPQT_AueSCR65ZjSPkY-FUmOM_AyfAKfBGOiG02W5ER_5IQqSh7yLDp-fNlRSY-J7TmS_cgHYvpw3YF1PagcREdCVjkeevgTPGhOMPpx5cUZccQV5FkCTeLCIMwp3BHx48QkXfCPWlmOZD_CHDs1XG5QJnGH5jdu8MWV4zMuRUeoRRL6cCy0LXng_OjxF9lDtHgLOzryFWYV5pDyISRPNMG6PLiC54Sj9HhwokG7C7EzhEkWikHYUCR-aD-aE7-hJ85oXEqohehcwfmCSzyeE9pH5MezbMKpY9ONuIoMvUf4Ds1-fLnwXeimeAKTPMczi-gXIY1zdDse_TiJlV8IfUcoZ4f9wdWO8sVX1AonNC6HL0fiMEqRPhhP8NEzTFniB32Eq0WD8NClBOEO38d3nMEf-DnCr0gi5vCoG3xSYauOL6mk4wvCKCR0Bj9x0kco5wlqH0-QSyi5hEVz8fgO5RSRU8RpCvxRLkSTTDnGB70IV_PRv0ie7Cty8_DxThHOG6OZEFZ0xFOeIFF74ccePWiuoteRU1CdxcgvVPnxY1d2RMrlQ4845MbDHf-IP0fX4zn8o9sRBIejvEEuMRt-NM_SQ1NDC4-OkzmeyIZ2HXaPPB-O7sffBT8eZWGC6PpRD01lXdCfvMiXCb-F3EPzCpqVBV905Mpxpgi1J4Y1CVI06ciPZt1RXdizo8rh6Rx-I2GmHOHm4yJTPMeP5sqNGnniQ02OUEfrHC-O5qiVpcgTQjkH50-R6_h5PNuELD7EcYhE5DLOH-qUJ0GcKbgjwdaOy8e5BNOTFEwqHceU53gU0bgOLYd__LiSKjh_-ElyPBGFJ8KfoHl4TMfBH-lsJE_04lFU