{"lowlevel":{"average_loudness":0.905503451824,"barkbands":{"dmean":[0.0000215962372749,0.0022069781553,0.00111866614316,0.00161254545674,0.00280802254565,0.000872545293532,0.00112289038952,0.000691854977049,0.000927599729039,0.00102236168459,0.000371207657736,0.000562720873859,0.000418175914092,0.000441857177066,0.000394286093069,0.000300020590657,0.000374135386664,0.000222575399675,0.000128465049784,0.000232248858083,0.000107352199848,0.000113964626507,0.000186622855836,0.000247956428211,0.000056276046962,0.00000818392800284,1.0661788119e-9],"dmean2":[0.000037788940972,0.00353688187897,0.00163684622385,0.00257294648327,0.00462802452967,0.00135509413667,0.00170819065534,0.00111089705024,0.00141921045724,0.00158996949904,0.000584679539315,0.000899107079022,0.000653226627037,0.000689566833898,0.000613898155279,0.000476347573567,0.000581075728405,0.000350688467734,0.000199193906155,0.000347849156242,0.00016596041678,0.000167175327078,0.000283187371679,0.000415586226154,0.0000850648502819,0.0000123433392218,1.97144345293e-9],"dvar":[1.06832986901e-9,0.0000221480313485,0.00000493982088301,0.0000112449761218,0.000020557343305,0.00000307140908262,0.00000336564426107,0.00000239028895521,0.00000537348250873,0.00000649222420179,0.00000137735685257,0.00000184402915693,9.28119959553e-7,0.00000165892959103,0.00000102296314708,4.34818929307e-7,6.45118916509e-7,1.73756944832e-7,7.9755544391e-8,2.69813710929e-7,1.48220621554e-7,3.6412825466e-7,8.59538658915e-7,0.00000234095136875,7.14732024676e-8,2.20843521248e-9,2.29552422074e-18],"dvar2":[2.90487722765e-9,0.0000541272274859,0.00000841897235659,0.0000239204364334,0.0000524451243109,0.00000746773548599,0.00000802815884526,0.00000580833238928,0.0000116320097732,0.0000155714387802,0.00000302701528199,0.00000445466503152,0.00000217313186113,0.00000376214416065,0.0000021467476472,9.68978611127e-7,0.00000139592384585,3.97926413598e-7,1.93208251176e-7,5.78611832225e-7,3.35948698194e-7,6.37069547338e-7,0.00000170486293882,0.00000583923610975,1.31770008238e-7,4.01863964328e-9,7.14585366599e-18],"max":[0.000463040138129,0.0549570545554,0.0352640710771,0.0432475358248,0.0606549009681,0.0431982949376,0.0317645780742,0.036363158375,0.0436660498381,0.0493455901742,0.0396978743374,0.0440496094525,0.0195061992854,0.0323943644762,0.0211386661977,0.0160046797246,0.0147211458534,0.00906748417765,0.0118853049353,0.0144549906254,0.0142965707928,0.0209015645087,0.0225929394364,0.0579179227352,0.00693270517513,0.00229691108689,1.77734769125e-8],"mean":[0.000022857922886,0.00358589179814,0.00250202626921,0.00188095867634,0.00432804506272,0.00166891189292,0.00200742902234,0.00104686769191,0.00178524118382,0.00187454500701,0.000596781377681,0.000853313249536,0.000691733672284,0.00070446281461,0.000610660994425,0.00042643173947,0.0006263825926,0.000360224745236,0.000209265839658,0.000372303969925,0.000163611068274,0.000157161615789,0.000207303004572,0.000227388707572,0.0000726590515114,0.000010613152881,9.07798669569e-10],"median":[0.0000116009159683,0.00107815128285,0.000696206814609,0.000601458013989,0.00207544583827,0.00081715505803,0.00109201739542,0.000367792672478,0.000275863625575,0.000450485676993,0.000108678883407,0.000302948144963,0.00026294530835,0.000157228088938,0.00018588952662,0.000158102528076,0.000188011850696,0.000153596905875,0.0000940779937082,0.000151182874106,0.0000619995262241,0.0000463794094685,0.0000291877586278,0.0000229253600992,0.0000167660073203,0.00000297283645523,3.58771540254e-10],"min":[2.30142059608e-23,5.17437123354e-23,2.94535450015e-23,2.51547311178e-23,8.35768720347e-23,9.53997071261e-23,4.84828611204e-23,2.63114946611e-23,5.09572243238e-23,1.57538551999e-22,7.89149943857e-23,6.9133617721e-23,1.19226644923e-22,1.64710219017e-22,1.41854949595e-22,1.62784868293e-22,1.4757598345e-22,1.51272623517e-22,3.01756158938e-22,3.11479595347e-22,5.50436393021e-22,4.97548684067e-22,4.62810531462e-22,8.81251183724e-22,1.07823295769e-21,1.931499244e-21,2.20548626214e-21],"var":[1.19371557084e-9,0.0000389471861126,0.0000193907835637,0.0000157439189934,0.0000392687834392,0.0000102786898424,0.00000731549926059,0.00000398748898078,0.0000156884707394,0.0000197853587451,0.00000385850262319,0.00000328934061145,0.00000174577701273,0.00000337859137289,0.00000209408722185,7.94330674125e-7,0.00000164656307788,3.70684603013e-7,1.37552575552e-7,4.74033953424e-7,2.6003789344e-7,6.62685692987e-7,0.00000130047476432,0.00000232881370721,1.10103286488e-7,3.03358760334e-9,1.93047225242e-18]},"barkbands_crest":{"dmean":2.78665065765,"dmean2":4.47851467133,"dvar":6.52076911926,"dvar2":16.3549976349,"max":24.8558979034,"mean":9.78043270111,"median":8.93341350555,"min":2.67222857475,"var":16.4904594421},"barkbands_flatness_db":{"dmean":0.021506100893,"dmean2":0.0336742289364,"dvar":0.000423858960858,"dvar2":0.000944657484069,"max":0.367762893438,"mean":0.14754524827,"median":0.144837647676,"min":0.0386412963271,"var":0.00162994186394},"barkbands_kurtosis":{"dmean":2.66319894791,"dmean2":4.31636857986,"dvar":40.4973373413,"dvar2":95.2783279419,"max":181.411529541,"mean":3.03624415398,"median":0.9528170228,"min":-1.89881849289,"var":83.87550354},"barkbands_skewness":{"dmean":0.584416210651,"dmean2":0.902949273586,"dvar":0.424454540014,"dvar2":0.940294027328,"max":11.4979639053,"mean":1.25685286522,"median":1.14678299427,"min":-3.66152119637,"var":1.49097955227},"barkbands_spread":{"dmean":6.27547073364,"dmean2":9.91641521454,"dvar":63.2907943726,"dvar2":157.812164307,"max":126.157279968,"mean":23.2557926178,"median":20.2929782867,"min":0.894888877869,"var":192.737335205},"dissonance":{"dmean":0.0193836223334,"dmean2":0.0323631167412,"dvar":0.000376619456802,"dvar2":0.0010409487877,"max":0.500000059605,"mean":0.462809830904,"median":0.469568759203,"min":0.258203059435,"var":0.000762684852816},"dynamic_complexity":3.62762188911,"erbbands":{"dmean":[0.0359828397632,0.590985298157,1.41951715946,2.5304915905,10.7030916214,8.3780374527,7.62173557281,6.87958717346,14.6444501877,14.198220253,14.8060312271,20.7258815765,27.4816474915,25.623008728,15.1820249557,20.5871829987,18.9045391083,19.3129653931,23.4579257965,17.7962532043,14.6512937546,17.3883724213,13.7827939987,9.3759021759,8.87055206299,9.50270938873,5.47827339172,3.77590179443,3.92376542091,4.38007879257,5.70554876328,5.74161434174,3.77957129478,0.983770310879,0.278390586376,0.0731366872787,0.00875647459179,0.00022294363589,0.0000170575094671,0.0000119647165775],"dmean2":[0.0586803890765,0.943664431572,2.11000728607,3.94822096825,17.5164337158,13.7008485794,12.0443658829,10.5354566574,22.294927597,22.2874889374,23.8039665222,31.0270862579,42.7263908386,38.5969047546,24.2471809387,32.8133888245,29.0003852844,29.3943595886,35.510055542,27.7000656128,22.7071971893,26.7066860199,21.1268253326,15.0383291245,13.3117961884,14.2927846909,8.6185426712,5.74655818939,5.79566478729,6.41667127609,8.77793502808,9.28160858154,6.53799009323,1.54610621929,0.4166495502,0.108951233327,0.0130800753832,0.000330421753461,0.0000250519315159,0.0000175865570782],"dvar":[0.00633605523035,1.52161431313,6.34821605682,20.9350032806,398.368225098,218.131118774,235.561935425,166.453414917,633.461486816,661.567199707,1132.38769531,2628.78637695,4867.72705078,4422.12060547,1175.39465332,3316.48730469,1635.31799316,3150.40307617,4063.10009766,2144.56323242,835.117919922,1461.98913574,729.197753906,349.974334717,429.913208008,493.406585693,375.287414551,167.36000061,434.25668335,555.322570801,799.60369873,2098.03662109,383.307037354,21.075302124,1.47151875496,0.159190058708,0.00199176603928,0.00000115097680009,4.27713819917e-9,4.06571581957e-10],"dvar2":[0.0154661070555,3.7127737999,11.3091163635,44.7144165039,1001.16162109,525.86517334,550.594909668,387.505432129,1480.21923828,1528.21276855,2742.1887207,5708.61865234,10919.2548828,9961.35742188,2775.16943359,8331.81445313,3678.30004883,7004.12353516,8742.16699219,4977.94335938,1811.23852539,3112.52709961,1483.36340332,915.610900879,983.462768555,1035.6505127,966.158569336,334.409332275,808.99786377,969.254760742,1685.73742676,5411.10253906,961.683288574,41.7303352356,2.59258770943,0.277867615223,0.00377964205109,0.00000209866834666,7.48397166461e-9,8.34249724857e-10],"max":[0.986584663391,14.1763896942,37.3904418945,59.258518219,239.041442871,245.038452148,372.228057861,339.844665527,516.674316406,587.908569336,716.553039551,966.793273926,1304.58410645,1652.6920166,1000.76757813,2143.80566406,806.323242188,1206.2298584,1547.97973633,1513.88342285,600.678527832,866.958068848,647.38848877,222.635223389,914.158508301,839.133117676,711.64263916,482.432891846,787.166381836,1138.19909668,621.396240234,1964.59777832,418.047180176,108.480247498,36.3901634216,20.255897522,1.67651700974,0.0397796221077,0.00225239503197,0.0004814217682],"mean":[0.052154764533,0.997100174427,3.17542767525,3.76909136772,12.8029527664,13.6370944977,13.4278249741,13.4904470444,26.7443504333,24.7624530792,24.9528865814,40.015827179,52.486076355,49.7905731201,27.0794582367,32.6598701477,34.0958480835,34.3377037048,38.0896186829,26.9872970581,22.8280239105,30.9597167969,24.5003070831,14.2886896133,15.1096000671,15.5228528976,8.36750888824,5.72976303101,5.37620162964,5.51154851913,6.10867452621,5.4911775589,3.32223582268,1.14973640442,0.365347951651,0.0959670692682,0.0114252893254,0.000297307298752,0.0000324234242726,0.000035476161429],"median":[0.0167176686227,0.320972859859,1.27591383457,1.91122031212,4.90841197968,5.9403014183,5.837266922,7.11404132843,13.8525848389,14.5154809952,7.98569250107,7.31915616989,10.0057144165,13.4911203384,9.08191013336,12.5877523422,14.4126625061,8.52961540222,10.0997476578,9.97397613525,9.46356868744,11.0908203125,9.49616718292,6.3318104744,6.3448381424,6.89823389053,3.37851190567,2.11950850487,1.57829082012,1.18154478073,0.813489615917,0.575790524483,0.322490721941,0.221593007445,0.0900118947029,0.0264973305166,0.00339773716405,0.0000913708208827,0.0000187575951713,0.0000285657588392],"min":[1.86226648855e-21,1.07070896646e-20,3.08264720334e-20,5.91297071563e-20,2.29183003212e-19,2.07144792043e-19,3.01126028863e-19,1.03722462094e-18,1.11397860659e-18,3.28620995436e-19,5.75932359706e-19,1.28394654148e-18,3.53028153651e-18,5.24142540195e-18,1.68628677784e-18,2.94653997144e-18,4.49916025595e-18,9.61034152096e-18,8.65274761303e-18,5.13239720695e-18,9.80026467114e-18,8.40833559435e-18,9.66638879772e-18,1.34940496227e-17,1.50853987102e-17,1.55699644218e-17,1.65342502209e-17,2.47824568835e-17,1.60420843739e-17,1.60296071815e-17,1.32906980224e-17,2.07411981721e-17,1.24107590032e-17,9.92496380285e-18,9.63175722702e-18,6.36523215498e-18,3.41471964865e-18,1.30053140936e-18,2.94254096677e-19,3.44156959529e-20],"var":[0.0105010066181,2.69168448448,22.7700309753,30.9776802063,470.861297607,524.845336914,681.952270508,556.137084961,1447.32531738,1171.5300293,2102.26464844,7445.81005859,13482.6865234,12998.3710938,2913.26318359,5033.31005859,3517.19580078,7574.08447266,8605.16601563,3570.25048828,1676.63598633,4253.77539063,1989.0949707,492.984100342,776.217590332,919.178588867,556.240478516,313.508392334,745.186340332,1168.33312988,1059.70874023,1943.81201172,350.360107422,30.1676502228,2.34577131271,0.231724724174,0.00272205471992,0.00000166794109191,7.07626890417e-9,1.01115971152e-9]},"erbbands_crest":{"dmean":2.5575568676,"dmean2":4.15500831604,"dvar":6.12966251373,"dvar2":15.1392335892,"max":28.0326461792,"mean":8.81505012512,"median":8.01150989532,"min":2.34179663658,"var":14.7793979645},"erbbands_flatness_db":{"dmean":0.016404338181,"dmean2":0.0237763840705,"dvar":0.000236468709772,"dvar2":0.000470569968456,"max":0.315371990204,"mean":0.167849466205,"median":0.164193823934,"min":0.0354179777205,"var":0.00122981169261},"erbbands_kurtosis":{"dmean":0.892744600773,"dmean2":1.39357626438,"dvar":1.85489392281,"dvar2":4.47740077972,"max":27.6568241119,"mean":0.539915025234,"median":-0.280997514725,"min":-1.79794728756,"var":5.49529504776},"erbbands_skewness":{"dmean":0.37992811203,"dmean2":0.589048266411,"dvar":0.139923632145,"dvar2":0.317802280188,"max":4.03699350357,"mean":0.105742506683,"median":0.123047068715,"min":-4.92674064636,"var":0.572640240192},"erbbands_spread":{"dmean":7.8454079628,"dmean2":11.91289711,"dvar":75.7112197876,"dvar2":176.99382019,"max":154.771224976,"mean":36.8593406677,"median":36.1088104248,"min":4.59090662003,"var":297.432617188},"gfcc":{"cov":[[14421.1669922,1117.63598633,-1195.94458008,7.03425931931,-632.018188477,171.763427734,-244.637786865,-163.362762451,-219.315444946,-170.319488525,-81.3398284912,-316.632019043,-26.7806892395],[1117.63598633,1062.26086426,-58.0392951965,-224.208587646,194.584945679,-36.0181655884,151.261749268,-100.060806274,45.6951293945,6.40672159195,30.922914505,-55.7943611145,35.4725189209],[-1195.94458008,-58.0392951965,507.611236572,84.480758667,1.87606263161,64.6184387207,57.9537696838,-3.58954143524,-11.7494678497,4.93181943893,-10.3443841934,-1.2972048521,13.2872962952],[7.03425931931,-224.208587646,84.480758667,413.926574707,78.9565200806,-56.0611724854,-42.346912384,28.8708724976,18.7607402802,20.1414299011,25.4458713531,26.1457996368,-22.2886486053],[-632.018188477,194.584945679,1.87606263161,78.9565200806,354.396697998,4.13565254211,67.1478042603,61.1682014465,88.5904846191,43.1996917725,25.8872375488,20.7803382874,-7.98848962784],[171.763427734,-36.0181655884,64.6184387207,-56.0611724854,4.13565254211,210.087341309,87.7992553711,26.3316001892,0.146532997489,-8.83679866791,-19.9937858582,-29.7342224121,-1.564006567],[-244.637786865,151.261749268,57.9537696838,-42.346912384,67.1478042603,87.7992553711,204.274963379,44.9398231506,21.5296363831,13.829076767,15.5196676254,-2.2898068428,-7.031021595],[-163.362762451,-100.060806274,-3.58954143524,28.8708724976,61.1682014465,26.3316001892,44.9398231506,153.837402344,48.051700592,2.5517115593,6.64545440674,19.6640281677,-10.1591291428],[-219.315444946,45.6951293945,-11.7494678497,18.7607402802,88.5904846191,0.146532997489,21.5296363831,48.051700592,123.904014587,39.2506446838,19.2786540985,6.99638605118,2.4919860363],[-170.319488525,6.40672159195,4.93181943893,20.1414299011,43.1996917725,-8.83679866791,13.829076767,2.5517115593,39.2506446838,112.509605408,38.6544151306,18.0208091736,-1.77554619312],[-81.3398284912,30.922914505,-10.3443841934,25.4458713531,25.8872375488,-19.9937858582,15.5196676254,6.64545440674,19.2786540985,38.6544151306,96.6722869873,35.3634300232,-4.36835479736],[-316.632019043,-55.7943611145,-1.2972048521,26.1457996368,20.7803382874,-29.7342224121,-2.2898068428,19.6640281677,6.99638605118,18.0208091736,35.3634300232,88.2467880249,17.3266677856],[-26.7806892395,35.4725189209,13.2872962952,-22.2886486053,-7.98848962784,-1.564006567,-7.031021595,-10.1591291428,2.4919860363,-1.77554619312,-4.36835479736,17.3266677856,76.5413665771]],"icov":[[0.000252990226727,-0.000775144551881,0.0006786963786,-0.000775388267357,0.000932300987188,-0.000968507316429,0.000741085852496,-0.000640507671051,0.000394618429709,-0.000191376544535,0.000141066062497,0.00020320933254,0.000109480744868],[-0.000775144551881,0.0045064650476,-0.00197821250185,0.00352132855915,-0.00430663162842,0.00435547670349,-0.00411838712171,0.00388294900768,-0.00169705727603,0.00132283091079,-0.00150613719597,0.00126793480013,-0.00150134542491],[0.0006786963786,-0.00197821250185,0.00411261664703,-0.00275697652251,0.00260279374197,-0.00316690118052,0.00118115567602,-0.00129331764765,0.0012596299639,-0.000691636698321,0.000738045317121,0.00051498709945,-0.000350236688973],[-0.000775388267357,0.00352132855915,-0.00275697652251,0.00602601235732,-0.00434422772378,0.00432646879926,-0.00226472551003,0.00238211406395,-0.00131987268105,0.000870310293976,-0.00149442825932,0.0000264435420831,0.0000451559244539],[0.000932300987188,-0.00430663162842,0.00260279374197,-0.00434422772378,0.00830270443112,-0.00433728890494,0.00275837839581,-0.00399117870256,-0.000399639597163,-0.0016362714814,0.00145760749001,-0.000999455689453,0.001391257043],[-0.000968507316429,0.00435547670349,-0.00316690118052,0.00432646879926,-0.00433728890494,0.0112138250843,-0.0064907707274,0.00270133162849,-0.00152715772856,0.00122500234284,-0.000450484105386,0.00232222257182,-0.00148224865552],[0.000741085852496,-0.00411838712171,0.00118115567602,-0.00226472551003,0.00275837839581,-0.0064907707274,0.0109779490158,-0.00494448421523,0.00185016437899,-0.00150359212421,-0.00021898925479,-0.000829573138617,0.00189099542331],[-0.000640507671051,0.00388294900768,-0.00129331764765,0.00238211406395,-0.00399117870256,0.00270133162849,-0.00494448421523,0.0120908552781,-0.00468472903594,0.00256543396972,-0.000472160056233,-0.00154665764421,0.000218992252485],[0.000394618429709,-0.00169705727603,0.0012596299639,-0.00131987268105,-0.000399639597163,-0.00152715772856,0.00185016437899,-0.00468472903594,0.0126918461174,-0.00374334375374,-0.000493619067129,0.0015944216866,-0.00109235220589],[-0.000191376544535,0.00132283091079,-0.000691636698321,0.000870310293976,-0.0016362714814,0.00122500234284,-0.00150359212421,0.00256543396972,-0.00374334375374,0.012009725906,-0.00400651386008,-0.000487436394906,0.0000322701343975],[0.000141066062497,-0.00150613719597,0.000738045317121,-0.00149442825932,0.00145760749001,-0.000450484105386,-0.00021898925479,-0.000472160056233,-0.000493619067129,-0.00400651386008,0.0150092383847,-0.00601372029632,0.00238526868634],[0.00020320933254,0.00126793480013,0.00051498709945,0.0000264435420831,-0.000999455689453,0.00232222257182,-0.000829573138617,-0.00154665764421,0.0015944216866,-0.000487436394906,-0.00601372029632,0.0176337677985,-0.00533474935219],[0.000109480744868,-0.00150134542491,-0.000350236688973,0.0000451559244539,0.001391257043,-0.00148224865552,0.00189099542331,0.000218992252485,-0.00109235220589,0.0000322701343975,0.00238526868634,-0.00533474935219,0.0155706312507]],"mean":[-15.0826234818,102.553161621,-129.466903687,38.6155166626,-64.5589294434,16.3182792664,-42.9135742188,10.9508495331,-27.7304801941,0.879246175289,-12.9551324844,-5.11307954788,-7.7441444397]},"hfc":{"dmean":9.32587337494,"dmean2":13.7746162415,"dvar":540.477416992,"dvar2":1130.46679688,"max":578.167480469,"mean":23.1577987671,"median":15.9822759628,"min":1.16983865929e-16,"var":1014.86425781},"melbands":{"dmean":[0.000486642093165,0.000762795272749,0.000728858169168,0.000706125283614,0.000268275733106,0.000157505884999,0.000227706375881,0.000154878667672,0.000120276621601,0.000135264708661,0.000144405305036,0.000115773480502,0.0000517728221894,0.0000667102576699,0.0000472256251669,0.0000381470017601,0.0000382246616937,0.0000418158233515,0.0000250854154729,0.0000219870289584,0.0000177197835001,0.0000163843251357,0.0000244095226662,0.00000912010909815,0.00000789710338722,0.00000448629270977,0.0000110499167931,0.00000530131819687,0.00000388096759707,0.00000244809530159,0.00000230191699302,0.00000228829276239,0.00000230643490795,0.00000263104720943,0.00000348074195244,0.00000367381335309,0.0000033635519685,0.00000292162485493,0.00000144351281506,6.63606726903e-7],"dmean2":[0.000779553432949,0.00116782390978,0.00114753481466,0.0011582019506,0.000430199259426,0.000241557703703,0.000344895146554,0.000243633447099,0.000191988030565,0.000203115618206,0.000225518466323,0.000175741981366,0.0000819446358946,0.000107836989628,0.0000753202330088,0.0000586467212997,0.0000589523297094,0.0000646182597848,0.0000393637092202,0.00003497508078,0.0000276897153526,0.0000254890037468,0.0000372861541109,0.0000144422283483,0.0000128157007566,0.00000692761068422,0.0000164764314832,0.00000810916662886,0.00000626511973678,0.00000378907770937,0.00000355524275619,0.00000350419918504,0.00000338560471391,0.00000396178029405,0.00000538972381037,0.00000582267421123,0.00000545179818801,0.00000506073774886,0.00000244260377258,0.00000101265720787],"dvar":[0.00000115180193916,0.00000170400539901,0.00000187182638456,0.00000136881465096,2.54883588013e-7,8.831439402e-8,1.43079986969e-7,7.90445540133e-8,7.61310730013e-8,1.13535385537e-7,1.36404537443e-7,9.2667406193e-8,1.92153759571e-8,2.50861837969e-8,1.53015999871e-8,8.2110007682e-9,1.33543904823e-8,1.52437724665e-8,4.02771194175e-9,3.25399485135e-9,1.27500165981e-9,1.77523618028e-9,4.00926225552e-9,3.2757416224e-10,2.61601129647e-10,1.18776280478e-10,7.32349236809e-10,1.81176906811e-10,1.75218298204e-10,7.59377283277e-11,6.81640438538e-11,1.57058199779e-10,1.80313611264e-10,1.97529492763e-10,2.48555648286e-10,7.51781192854e-10,7.25863036344e-10,2.47003723031e-10,4.51351872544e-11,1.02862761711e-11],"dvar2":[0.00000279394384961,0.00000360953049494,0.00000419504567617,0.00000352596316588,6.05293223543e-7,2.08856363315e-7,3.34700303029e-7,1.84257970659e-7,1.83062368819e-7,2.44372557745e-7,3.0882080182e-7,2.13419866668e-7,4.31549693758e-8,5.9561518384e-8,3.80671778544e-8,1.86492670196e-8,3.01170608452e-8,3.43228130362e-8,9.40251876358e-9,7.38571914738e-9,2.75459721699e-9,3.75508069084e-9,8.00627475428e-9,7.35646876748e-10,6.90875301412e-10,2.78017053823e-10,1.594880783e-9,3.75922876161e-10,4.64637189834e-10,1.63292449007e-10,1.41807274257e-10,3.29881205685e-10,3.30423244321e-10,3.76499886823e-10,5.38237898695e-10,1.85126403096e-9,1.85676041209e-9,6.33306684872e-10,1.00890143462e-10,2.01768272229e-11],"max":[0.0127651216462,0.0141518628225,0.0179590042681,0.0146229323,0.0118721323088,0.00768376747146,0.00747271254659,0.00714036822319,0.00541132781655,0.00611158506945,0.00680779386312,0.00704528344795,0.00408334750682,0.00482879439369,0.00280061527155,0.00192903471179,0.00275558140129,0.00289326137863,0.00153153401334,0.00148900889326,0.000709807907697,0.00111566472333,0.00163271173369,0.000555325706955,0.000189804341062,0.000532149802893,0.000625645683613,0.000501302944031,0.000422422133852,0.000320549414027,0.00033715571044,0.000541023677215,0.000486869976157,0.000706356950104,0.000324095308315,0.000884591194335,0.0011769636767,0.000343851599609,0.000130663363962,0.0000898484577192],"mean":[0.000759929593187,0.00158110400662,0.000987172476016,0.00101289805025,0.000495043175761,0.000304762186715,0.000417244795244,0.000265042268438,0.000206902885111,0.000256062980043,0.000269498414127,0.000218172950554,0.0000878046048456,0.000101532663393,0.0000757393863751,0.0000668541542836,0.0000621658255113,0.0000634177777101,0.0000388975277019,0.0000302417683997,0.0000258747895714,0.0000271982462436,0.0000408711493947,0.0000134660676849,0.0000111451190605,0.00000725392737877,0.0000171089977812,0.00000815505245555,0.00000550749109607,0.0000037210386381,0.00000321531183545,0.00000300723490909,0.00000298184772873,0.00000312352108267,0.00000363583603757,0.00000357451767741,0.00000316226623909,0.00000247684488386,0.00000145513922689,8.09546520486e-7],"median":[0.000228172139032,0.000664465187583,0.000472247891594,0.000453221175121,0.000220890724449,0.000153694767505,0.000223107417696,0.000149277009768,0.0000566912385693,0.0000408537380281,0.0000480645867356,0.0000541882873222,0.0000236050036619,0.0000353087416443,0.0000295079644275,0.0000248197775363,0.0000130664157041,0.000015533012629,0.0000135991067509,0.0000102736457848,0.0000101097002698,0.00000941735106608,0.0000104938044387,0.00000540393421034,0.0000044859098125,0.00000314981821248,0.000005725254141,0.00000361700335816,0.00000197780127564,0.000001351245146,0.00000109097686618,8.65818947204e-7,7.35039407118e-7,5.76285572151e-7,4.45171679075e-7,4.1606338641e-7,2.89417414479e-7,2.11262474181e-7,2.00898341518e-7,1.60974323649e-7],"min":[1.77616844862e-23,1.5766745187e-23,1.52446912395e-23,1.76564930399e-23,1.02643015336e-23,2.27966412786e-23,1.49244673545e-23,3.5327033326e-24,4.82588893099e-24,8.5094993826e-24,1.90360987449e-23,2.28127529737e-23,6.93251673483e-24,6.42575564476e-24,7.23322893418e-24,1.4891502435e-23,1.68816186386e-23,1.42852754511e-23,9.51832074061e-24,4.14682996959e-24,1.37512355509e-23,7.13321557089e-24,1.13303176738e-23,7.25844092871e-24,1.14655844421e-23,1.05648315061e-23,1.26946802195e-23,9.13762672294e-24,7.89509585543e-24,1.41798820564e-23,1.4230501683e-23,8.76673666861e-24,9.19558827795e-24,8.71900900612e-24,6.83161274758e-24,1.09407410824e-23,1.25273580884e-23,8.30014437583e-24,8.14177818252e-24,8.17728796731e-24],"var":[0.00000200729368771,0.00000445012119599,0.00000252334757533,0.00000225127450904,7.79111985594e-7,3.03891368958e-7,3.36504285769e-7,1.4119223124e-7,1.55933108203e-7,3.27100877939e-7,3.76425504101e-7,2.6703196454e-7,5.08218427342e-8,4.58755700095e-8,2.59500350097e-8,1.7114517803e-8,2.87537229582e-8,2.81944334546e-8,6.71635680405e-9,5.49182699316e-9,2.44276909811e-9,4.64671856548e-9,1.02798942692e-8,6.25557217138e-10,3.38873734629e-10,2.09661760175e-10,1.21421717125e-9,3.40321659742e-10,2.31916402749e-10,1.37640357445e-10,1.12806070041e-10,2.26005408832e-10,3.28250565618e-10,3.87047477401e-10,3.16066672834e-10,7.50199846689e-10,6.81022072069e-10,2.12226153318e-10,5.38364040847e-11,1.4724553174e-11]},"melbands_crest":{"dmean":3.4526348114,"dmean2":5.53816747665,"dvar":9.77021408081,"dvar2":23.3048000336,"max":37.4857559204,"mean":13.4599170685,"median":12.608877182,"min":1.65695273876,"var":28.0845489502},"melbands_flatness_db":{"dmean":0.0286620892584,"dmean2":0.0435033068061,"dvar":0.000832557212561,"dvar2":0.00177137285937,"max":0.479530185461,"mean":0.189879059792,"median":0.189164802432,"min":0.00236388668418,"var":0.00340515631251},"melbands_kurtosis":{"dmean":6.3089222908,"dmean2":10.0972099304,"dvar":155.622344971,"dvar2":365.224121094,"max":298.668823242,"mean":10.1983356476,"median":5.13179731369,"min":-1.92794501781,"var":359.735015869},"melbands_skewness":{"dmean":0.749213576317,"dmean2":1.15494847298,"dvar":0.673007667065,"dvar2":1.51678967476,"max":13.5213785172,"mean":2.30410885811,"median":2.07494664192,"min":-2.01042699814,"var":2.4626865387},"melbands_spread":{"dmean":9.49756908417,"dmean2":14.8689775467,"dvar":236.780090332,"dvar2":507.126983643,"max":277.224578857,"mean":27.7434139252,"median":22.0051250458,"min":0.647704303265,"var":543.320922852},"mfcc":{"cov":[[8954.48242188,621.635925293,-14.4369325638,-242.43107605,-184.44744873,-60.7689857483,-109.470710754,-42.3562355042,-96.8598175049,50.0407524109,-110.252365112,-78.6208877563,-105.822944641],[621.635925293,1312.30297852,-131.348068237,-78.1301803589,-13.6205396652,89.6814346313,77.1698379517,-5.64169502258,52.0382957458,31.2033920288,54.915512085,-34.9955329895,12.0593500137],[-14.4369325638,-131.348068237,415.116638184,-5.04149007797,-60.4399604797,38.7768440247,41.9723587036,4.50214767456,-17.9436359406,10.5952014923,-55.586391449,-35.9054069519,-13.4851503372],[-242.43107605,-78.1301803589,-5.04149007797,419.149017334,134.515075684,6.6455950737,-24.4841785431,-10.597949028,-4.32177877426,-33.792011261,13.4195203781,77.2892150879,71.6187973022],[-184.44744873,-13.6205396652,-60.4399604797,134.515075684,231.164138794,14.5364332199,-17.1746273041,13.9680995941,37.5338554382,9.8303155899,29.2747440338,37.18932724,9.81318569183],[-60.7689857483,89.6814346313,38.7768440247,6.6455950737,14.5364332199,161.601211548,55.2680397034,-1.16931307316,15.5053339005,32.3769989014,20.5946006775,-2.30726528168,-0.0141806397587],[-109.470710754,77.1698379517,41.9723587036,-24.4841785431,-17.1746273041,55.2680397034,149.875335693,61.0175247192,25.5764846802,24.0274944305,31.2292423248,13.6144170761,2.58870601654],[-42.3562355042,-5.64169502258,4.50214767456,-10.597949028,13.9680995941,-1.16931307316,61.0175247192,137.309143066,48.035484314,13.6011257172,25.2824878693,21.0513401031,0.662949204445],[-96.8598175049,52.0382957458,-17.9436359406,-4.32177877426,37.5338554382,15.5053339005,25.5764846802,48.035484314,127.319007874,38.2645492554,24.3821372986,7.10716533661,0.794148862362],[50.0407524109,31.2033920288,10.5952014923,-33.792011261,9.8303155899,32.3769989014,24.0274944305,13.6011257172,38.2645492554,100.713493347,26.3275909424,-13.1830043793,-1.66880571842],[-110.252365112,54.915512085,-55.586391449,13.4195203781,29.2747440338,20.5946006775,31.2292423248,25.2824878693,24.3821372986,26.3275909424,109.215766907,57.9038772583,8.50979423523],[-78.6208877563,-34.9955329895,-35.9054069519,77.2892150879,37.18932724,-2.30726528168,13.6144170761,21.0513401031,7.10716533661,-13.1830043793,57.9038772583,133.089294434,41.1194496155],[-105.822944641,12.0593500137,-13.4851503372,71.6187973022,9.81318569183,-0.0141806397587,2.58870601654,0.662949204445,0.794148862362,-1.66880571842,8.50979423523,41.1194496155,89.1153411865]],"icov":[[0.000126987273688,-0.00008391677693,0.00000374057935915,0.0000130104854179,0.0000801603164291,0.0000354690637323,0.000141106836963,-0.0000757930538384,0.000131227905513,-0.000194914260646,0.000202062466997,-0.000149081228301,0.000184578471817],[-0.00008391677693,0.000958336109761,0.000329185888404,0.000120783763123,0.00000731755608285,-0.000406893290346,-0.000541973917279,0.000364619452739,-0.000415215909015,0.000350013258867,-0.000579018320423,0.000676388503052,-0.000510982004926],[0.00000374057935915,0.000329185888404,0.00307342759334,-0.000397836090997,0.000775319465902,-0.000741575378925,-0.000993356807157,-0.000113465837785,0.000258994899923,-0.000682329584379,0.00173422147054,0.0000537312116649,0.000483423908008],[0.0000130104854179,0.000120783763123,-0.000397836090997,0.00381534872577,-0.00212381989695,-0.00031797515112,0.000293392018648,0.000351522263372,0.000193883024622,0.00119903474115,0.000116116127174,-0.000966708757915,-0.00244897860102],[0.0000801603164291,0.00000731755608285,0.000775319465902,-0.00212381989695,0.00633857864887,-0.000729292631149,0.00121622963343,-0.000653863186017,-0.00132839311846,-0.000914770178497,-0.000260442844592,-0.000691619759891,0.00152849126607],[0.0000354690637323,-0.000406893290346,-0.000741575378925,-0.00031797515112,-0.000729292631149,0.00818445160985,-0.0030169938691,0.00177815149073,-0.000133112378535,-0.00169741013087,-0.000768240599427,0.000360476202331,0.000272962352028],[0.000141106836963,-0.000541973917279,-0.000993356807157,0.000293392018648,0.00121622963343,-0.0030169938691,0.0109271882102,-0.00457684276626,0.000253122620052,-0.000635753676761,-0.00148386205547,-0.000676323194057,-0.000123382327729],[-0.0000757930538384,0.000364619452739,-0.000113465837785,0.000351522263372,-0.000653863186017,0.00177815149073,-0.00457684276626,0.0107861282304,-0.00337704387493,0.000570273958147,-0.000738217029721,-0.00068502058275,0.000113325208076],[0.000131227905513,-0.000415215909015,0.000258994899923,0.000193883024622,-0.00132839311846,-0.000133112378535,0.000253122620052,-0.00337704387493,0.0108466260135,-0.00348854484037,0.0000518521483173,-0.000201923263376,0.000185654731467],[-0.000194914260646,0.000350013258867,-0.000682329584379,0.00119903474115,-0.000914770178497,-0.00169741013087,-0.000635753676761,0.000570273958147,-0.00348854484037,0.0140421045944,-0.00455534318462,0.00351247563958,-0.00212268368341],[0.000202062466997,-0.000579018320423,0.00173422147054,0.000116116127174,-0.000260442844592,-0.000768240599427,-0.00148386205547,-0.000738217029721,0.0000518521483173,-0.00455534318462,0.0162427406758,-0.00757366418839,0.00242237187922],[-0.000149081228301,0.000676388503052,0.0000537312116649,-0.000966708757915,-0.000691619759891,0.000360476202331,-0.000676323194057,-0.00068502058275,-0.000201923263376,0.00351247563958,-0.00757366418839,0.0137329939753,-0.00492841890082],[0.000184578471817,-0.000510982004926,0.000483423908008,-0.00244897860102,0.00152849126607,0.000272962352028,-0.000123382327729,0.000113325208076,0.000185654731467,-0.00212268368341,0.00242237187922,-0.00492841890082,0.015386864543]],"mean":[-645.950378418,122.532180786,-3.90380191803,21.0843791962,2.37113571167,2.34566617012,0.825598299503,1.05797445774,-3.1823220253,0.486881405115,-3.37918782234,0.060110565275,0.408398330212]},"pitch_salience":{"dmean":0.0821393802762,"dmean2":0.13295045495,"dvar":0.00570536684245,"dvar2":0.014592085965,"max":0.945092380047,"mean":0.533205032349,"median":0.536530792713,"min":0.124091304839,"var":0.0141130778939},"silence_rate_20dB":{"dmean":0,"dmean2":0,"dvar":0,"dvar2":0,"max":1,"mean":1,"median":1,"min":1,"var":0},"silence_rate_30dB":{"dmean":0.000376081239665,"dmean2":0.000752303923946,"dvar":0.000375934730982,"dvar2":0.00112786958925,"max":1,"mean":0.99981200695,"median":1,"min":0,"var":0.000187975427252},"silence_rate_60dB":{"dmean":0.0109063554555,"dmean2":0.0218168143183,"dvar":0.0107868378982,"dvar2":0.0258532911539,"max":1,"mean":0.0579056218266,"median":0,"min":0,"var":0.0545526519418},"spectral_centroid":{"dmean":288.419067383,"dmean2":444.242279053,"dvar":135577.171875,"dvar2":268244.75,"max":10990.3330078,"mean":1417.50537109,"median":1271.11755371,"min":172.363616943,"var":493291.6875},"spectral_complexity":{"dmean":3.99247837067,"dmean2":6.07259750366,"dvar":21.2172260284,"dvar2":43.5189437866,"max":56,"mean":18.4553489685,"median":18,"min":0,"var":69.2204284668},"spectral_contrast_coeffs":{"dmean":[0.057761952281,0.051609236747,0.0422676801682,0.0347143188119,0.0275127440691,0.0182216949761],"dmean2":[0.093316257,0.0829210430384,0.0667728707194,0.0532372295856,0.0421646237373,0.0281041990966],"dvar":[0.00231783324853,0.00191851274576,0.00115837936755,0.000870774849318,0.00060244044289,0.000252057478065],"dvar2":[0.00588865438476,0.00468683615327,0.00270571978763,0.00190953153651,0.00131884147413,0.000584600318689],"max":[-0.295429587364,-0.418964862823,-0.498171627522,-0.523059248924,-0.563097298145,-0.60658377409],"mean":[-0.619867742062,-0.719281494617,-0.750589847565,-0.762745261192,-0.760836720467,-0.768269598484],"median":[-0.625733494759,-0.724298536777,-0.761747062206,-0.769346117973,-0.766129076481,-0.76710408926],"min":[-0.962918937206,-0.980869948864,-0.960789442062,-0.967886388302,-0.964293062687,-0.959055900574],"var":[0.00827583856881,0.00626266840845,0.0055922055617,0.00378971919417,0.00296108936891,0.0015106695937]},"spectral_contrast_valleys":{"dmean":[0.440246731043,0.399465769529,0.36798208952,0.363198876381,0.341565877199,0.378919184208],"dmean2":[0.71780359745,0.648001790047,0.575631916523,0.53947687149,0.479846805334,0.504076659679],"dvar":[0.150001019239,0.144712880254,0.129714474082,0.12938785553,0.133915141225,0.195855304599],"dvar2":[0.33837929368,0.316688537598,0.258887678385,0.241547629237,0.233010619879,0.366364359856],"max":[-5.54244327545,-4.85027170181,-5.24432086945,-5.69871902466,-5.72114515305,-6.87671804428],"mean":[-7.47342586517,-6.81615781784,-7.38986063004,-7.83388853073,-7.80240917206,-10.3408384323],"median":[-7.27546930313,-6.56750535965,-7.18623352051,-7.63900184631,-7.67034769058,-10.23716259],"min":[-27.5201740265,-27.1507301331,-27.5003833771,-27.3458137512,-27.172996521,-27.2098350525],"var":[1.55001568794,1.71881937981,1.76442861557,1.65028631687,1.47576904297,1.39594125748]},"spectral_decrease":{"dmean":2.00055372268e-9,"dmean2":2.95285862428e-9,"dvar":5.20629049184e-18,"dvar2":1.13800216496e-17,"max":-1.83730331271e-29,"mean":-6.59542154224e-9,"median":-5.48141576573e-9,"min":-2.86370234193e-8,"var":2.25243084052e-17},"spectral_energy":{"dmean":0.00813325773925,"dmean2":0.0119914924726,"dvar":0.000084059072833,"dvar2":0.000183521493454,"max":0.113136917353,"mean":0.0269930679351,"median":0.0225473102182,"min":1.0680119053e-20,"var":0.000369552755728},"spectral_energyband_high":{"dmean":0.000719790987205,"dmean2":0.00109591369983,"dvar":0.00000896320671018,"dvar2":0.0000176947942236,"max":0.0710992366076,"mean":0.000968624080997,"median":0.000275849015452,"min":7.46172892617e-21,"var":0.0000148818489834},"spectral_energyband_low":{"dmean":0.00322606507689,"dmean2":0.00493333116174,"dvar":0.0000305655958073,"dvar2":0.0000685922932462,"max":0.058986864984,"mean":0.00658060610294,"median":0.00320979417302,"min":1.08139337429e-22,"var":0.0000682210011291},"spectral_energyband_middle_high":{"dmean":0.00249697896652,"dmean2":0.00369349797256,"dvar":0.0000126815357362,"dvar2":0.000026495923521,"max":0.0603862963617,"mean":0.00704315770417,"median":0.00429202849045,"min":1.6888587562e-21,"var":0.0000660260702716},"spectral_energyband_middle_low":{"dmean":0.00536297541112,"dmean2":0.00829268060625,"dvar":0.0000525831892446,"dvar2":0.000122713739984,"max":0.102225646377,"mean":0.0130968084559,"median":0.00942539423704,"min":3.58678367618e-22,"var":0.000140497271786},"spectral_entropy":{"dmean":0.192838847637,"dmean2":0.279369413853,"dvar":0.0372546166182,"dvar2":0.0744922161102,"max":9.80617332458,"mean":7.45257472992,"median":7.43466615677,"min":5.82108163834,"var":0.137118116021},"spectral_flux":{"dmean":0.0252536628395,"dmean2":0.039114382118,"dvar":0.00064655917231,"dvar2":0.0014235364506,"max":0.283878087997,"mean":0.08363892138,"median":0.0760223791003,"min":1.03344659219e-10,"var":0.00203042826615},"spectral_kurtosis":{"dmean":1.58472573757,"dmean2":2.63743495941,"dvar":2.57553052902,"dvar2":6.67097568512,"max":25.588394165,"mean":4.74617433548,"median":4.29870557785,"min":-1.2377384901,"var":7.02088403702},"spectral_rms":{"dmean":0.000770185433794,"dmean2":0.00112017430365,"dvar":6.1972673393e-7,"dvar2":0.00000126604493289,"max":0.0105060683563,"mean":0.00474538421258,"median":0.00469013582915,"min":3.22794482116e-12,"var":0.00000381603831556},"spectral_rolloff":{"dmean":631.725158691,"dmean2":1077.72131348,"dvar":1374452.5,"dvar2":3288228.25,"max":18949.21875,"mean":1689.59057617,"median":1248.92578125,"min":43.06640625,"var":2528103},"spectral_skewness":{"dmean":0.215587839484,"dmean2":0.343281567097,"dvar":0.0444448627532,"dvar2":0.096853621304,"max":3.84150838852,"mean":1.59813308716,"median":1.5549582243,"min":-0.20271037519,"var":0.2073212713},"spectral_spread":{"dmean":486773.90625,"dmean2":732294.1875,"dvar":510046699520,"dvar2":884308967424,"max":40775336,"mean":4271246,"median":4041026.25,"min":1866786.625,"var":1890322350080},"spectral_strongpeak":{"dmean":0.68678855896,"dmean2":1.16478455067,"dvar":1.64757406712,"dvar2":3.9997317791,"max":21.7479400635,"mean":1.11901926994,"median":0.548674464226,"min":0,"var":2.50125002861},"zerocrossingrate":{"dmean":0.0110676772892,"dmean2":0.0132093075663,"dvar":0.00023726427753,"dvar2":0.000292771059321,"max":0.501953125,"mean":0.062021907419,"median":0.0517578125,"min":0.00341796875,"var":0.00171241874341}},"metadata":{"audio_properties":{"analysis_sample_rate":44100,"bit_rate":192000,"codec":"mp3","downmix":"mix","equal_loudness":0,"length":123.480819702,"lossless":false,"md5_encoded":"c8006daff80372f3c6792765591cab4d","replay_gain":-5.62829780579,"sample_rate":44100},"tags":{"acoustid_fingerprint":["AQADtJLCiEkb7LkSuMrxHO9Rig9SWccP6WERTjtKKaUCH8yPO0Vzqeh5fHmQhzx0vshRUXnQpOCVPPh1PCmaP2B0XMUjPUYsXdByhBv6zWiqHW-D8jlCbTwuZR6UfznCVKTQ5_iDW8eT6PioDSUZNLyQ8wmaH9qLmmsQpomJ53h5RFQe6J-C-gjTXDjO3MglD1Ly6EGoR8N5PAkvsHuC-giDM3gSTF4uHGInHVOHr6EUPE8CO0T-IFYo_SgviKlyMItGPEOu4E6sBOkPXotwrUGzhM_RfQo0PcqNMj9ySQ_-oD6aE6yUpQoq5UvQeHgj4cmE_zgTKmi-GBV-NIt1oZzyIOmDSOnRldmxP0nwSJfQ9Md0HRc-SbiKVIoyapi4jtAXEnLJo2c66MJfoVnQheiDMOGFJ0MuKTUO1cMVhMsTHtyDK7iyYfKP_IGWJ0YoNVPQkDu6KDnOK8OfoFm48JjYI36gLzzOBs_BTrkgJdUjFH86lBIPLVQSEv_xMnhdPKoj9DmaL4UuPLnQbL2gfdDFVGDcI1aeDo4UyjmeGd1_sE-Htjo86RPqFKOZYy-TGL9hJjryQ4-yI9_g7AE5XviUUE7R_Agp5SH-4byQqyn6JkHTxbiHh4qQnMhzGX8iNPyISUwy4mOO5piePEieIROPS2kOcsq2BH96nESfo5mo4MkSMiFCthQSPQZzCs-DYot0YXrwXK_g48t3FE0lEr9QaktH5Jmg6LhyRMzh6Dd-XBearTFCkSQkJvYRkyLe5fgw70nQnKLQk8dzXIsRQ_7x6MLJC-3RnMce6ka5xki7GjdRksGjzApY5cGU36ge_EHOoZnCQ_OeBGHW7KiiGddl1MqF6SF1XFsEJnwQUleg_ITiDfHxUQ9-GXw-eIzxUETzB-GTQ9WRKime4xxXvHkymOZwJsKRkzmSS0fTMwnKXhpG6nhC5jiPXjOaURx-3EXzGj3uHHlVlDrEX0i5JMmOHl2Ppsrw3EK7K0J6Q9HUI2YWCfxwHZPFLfDbEX0T4UNy_fiCrkXJHJ9xKJL0o-GPM1FwP-iDJpQUnDn0bzifIH2Oiz_OLEM1ffCkpEQ0dR80PUeeLDK-D_uDklngrxGSdVc05FKCLzmybvqQ_DiTB82P6QmuqejRROkV5CF3KFSJMA3K5ErwqEFfNFcKNpGUI9-Jpsoq9DnC5xScP6CUIxTx9NAyitQRusf05GheGcef4DmuD0-OZPqNMCqOK0krXNIVTDmPrhLiH4kucbiG5_ieoHmkoHZxjFSq46GO54jNDM-Hf2jSY7Ie6K-QJ9mP3oetJagk_EN9NDnYSHhh60mMW0euH3oW4ryCT0-QOgGv4Mp65E8CLd2FqhbOHE-0D1ceiGJwPFlzaPmT4MmFplpyeB307DgbKgmqag2a6njH4xlTyFOe4M2DJssUMN9j3MI3ByI-VcfLVPiToDlKVnjw6XgeNOc0ML9xZUyFZtaI_gifKGDa4X2Mj6HQH03wo0wmXfC2IymdI30-dL2U4nqCJztcKjk-vDFxRg6ShVE