{"lowlevel":{"average_loudness":0.902321279049,"barkbands":{"dmean":[0.0000685308041284,0.00552072795108,0.00355866504833,0.00183610850945,0.00203737616539,0.000596085796133,0.000528463162482,0.000674235576298,0.00128529872745,0.000442831660621,0.000374761380954,0.000437836017227,0.00032134554931,0.000254835002124,0.000341953331372,0.000339617661666,0.000253642501775,0.000199745161808,0.000163055286976,0.0000991760534816,0.000101440971775,0.0000581335370953,0.000033061416616,0.0000202060655283,0.00000459588045487,0.00000685690201863,0.00000483691974296],"dmean2":[0.00011208181968,0.00929890852422,0.00609587039798,0.00305626471527,0.00339123816229,0.000963734812103,0.000828941003419,0.00104044063482,0.00195558206178,0.000710192893166,0.000599416554905,0.00071067980025,0.000524519418832,0.000413583475165,0.000551495235413,0.000564336020034,0.000419353833422,0.000330442650011,0.000264719856204,0.000167166857864,0.000167108621099,0.000100144112366,0.0000538191779924,0.0000315861325362,0.00000698666462995,0.0000106068491732,0.00000814882605482],"dvar":[1.87392306117e-8,0.000102997313661,0.000048644033086,0.0000138449686347,0.0000154093377205,8.599693615e-7,0.0000010635695844,0.00000388037142329,0.0000115953143904,0.00000182788301117,9.74766862782e-7,0.00000139435780966,6.41521182843e-7,3.02797332097e-7,7.49100934172e-7,5.13542488534e-7,1.91052251353e-7,1.38160331176e-7,1.26133727463e-7,2.6285764676e-8,2.88815513727e-8,1.26612915707e-8,4.79407979981e-9,1.91134930105e-9,1.58673921224e-10,2.20173476673e-10,6.84960005382e-11],"dvar2":[4.52389130601e-8,0.000292425742373,0.000139436349855,0.0000377050673706,0.0000414043533965,0.00000214999954551,0.00000241536895373,0.00000903876298253,0.0000271618227998,0.00000446026160716,0.00000231180979426,0.00000327290285895,0.00000154995609591,7.75415799126e-7,0.00000182553014838,0.00000134609217639,5.09890185185e-7,3.75532096086e-7,3.29869749294e-7,7.14089054554e-8,7.63194663023e-8,3.6190588304e-8,1.24808554602e-8,4.54786341919e-9,3.36952493685e-10,5.10664177611e-10,1.90544899303e-10],"max":[0.00225355778821,0.0860025286674,0.0657312870026,0.0508150681853,0.0582650788128,0.0186340250075,0.0422289334238,0.055062238127,0.0831873863935,0.0770154297352,0.0367107056081,0.0359096266329,0.0215933937579,0.0133118648082,0.0391696877778,0.026225393638,0.0104423630983,0.00951133947819,0.0154979582876,0.00322968582623,0.0033236395102,0.00176985294092,0.00169937708415,0.00112923793495,0.000514559447765,0.000399147626013,0.000140269883559],"mean":[0.0000767089732108,0.00826134718955,0.00501341698691,0.00268019572832,0.00336882891133,0.00117748056073,0.000940598140005,0.00113320606761,0.00239962991327,0.000771104590967,0.000649073161185,0.000726566941012,0.000538427848369,0.000428628525697,0.000578658480663,0.000606596469879,0.000527041731402,0.000411029148381,0.000346725719282,0.000229529076023,0.000259505963186,0.000131605775096,0.0000905732013052,0.0000543948481209,0.0000100128945633,0.0000217762080865,0.0000107589567051],"median":[0.000013044971638,0.00438331905752,0.00317004881799,0.00130525545683,0.00212943926454,0.000710211577825,0.000490907055791,0.00032273598481,0.000552732264623,0.000289176532533,0.000206042546779,0.000310841220198,0.000232904625591,0.000190949765965,0.000210957237869,0.000295856327284,0.000232981430599,0.000199403148144,0.000159333983902,0.000124220328871,0.000128267653054,0.0000412829831475,0.0000162199849001,0.0000131279348352,0.00000184927648661,0.00000508921675646,0.00000482421273773],"min":[8.88274418674e-24,8.69277070355e-24,1.15305589706e-23,1.50248656819e-23,8.45615155948e-23,4.39149210279e-23,4.0381773961e-24,6.40511636135e-23,2.12629416932e-22,1.56801894753e-22,7.48815359555e-23,8.41300970321e-23,1.11620864594e-22,9.19083034229e-23,8.16057484463e-23,9.84793443694e-23,1.16695461646e-22,2.1707576516e-22,2.1723929287e-22,3.649928142e-22,4.73524247054e-22,5.83755807686e-22,4.66112236206e-22,9.46342583504e-22,1.12967012183e-21,1.82902598522e-21,2.56494531176e-21],"var":[2.63891202223e-8,0.000126520186313,0.0000425127436756,0.0000182458679774,0.0000185492208402,0.00000215936051973,0.00000218789364226,0.00000932473358262,0.0000345473490597,0.00000677344905853,0.00000329102317664,0.00000243166732616,0.00000122405162983,5.76737647862e-7,0.00000147048262988,9.42361452871e-7,4.77425942336e-7,3.64708171219e-7,3.53575671852e-7,7.89147520663e-8,1.12853030032e-7,3.3176526415e-8,2.08244568256e-8,8.56681303674e-9,5.08443342984e-10,1.22038057437e-9,1.99435259973e-10]},"barkbands_crest":{"dmean":2.74562239647,"dmean2":4.53060150146,"dvar":6.18997478485,"dvar2":16.5775089264,"max":26.6367168427,"mean":10.4012136459,"median":9.65620231628,"min":2.36297488213,"var":18.3430690765},"barkbands_flatness_db":{"dmean":0.0223128404468,"dmean2":0.0350324101746,"dvar":0.000564756745007,"dvar2":0.00147967319936,"max":0.707811355591,"mean":0.146297946572,"median":0.135149016976,"min":0.0271865613759,"var":0.00495551619679},"barkbands_kurtosis":{"dmean":5.99781322479,"dmean2":9.38248634338,"dvar":1128.32995605,"dvar2":2352.69238281,"max":2237.14575195,"mean":9.48909950256,"median":2.17617702484,"min":-1.74859583378,"var":2796.6027832},"barkbands_skewness":{"dmean":0.620220065117,"dmean2":0.979427218437,"dvar":0.991038680077,"dvar2":2.44123291969,"max":42.391620636,"mean":1.92964947224,"median":1.56677508354,"min":-1.78358924389,"var":3.39283013344},"barkbands_spread":{"dmean":4.28075170517,"dmean2":6.77596378326,"dvar":20.7533187866,"dvar2":52.4547691345,"max":71.1877365112,"mean":19.5761604309,"median":18.8998146057,"min":0.0773587673903,"var":125.678146362},"dissonance":{"dmean":0.0151841677725,"dmean2":0.0254503190517,"dvar":0.000246739276918,"dvar2":0.00066716974834,"max":0.5,"mean":0.470593780279,"median":0.477456688881,"min":0.281555891037,"var":0.00059534428874},"dynamic_complexity":2.96143436432,"erbbands":{"dmean":[0.101040489972,1.48757147789,3.98938131332,4.8969874382,7.80236959457,5.74279737473,5.64368009567,5.35785102844,7.73575878143,8.46611404419,16.4607315063,29.9846305847,18.4544754028,10.7967681885,16.3665904999,15.9554347992,14.0064554214,11.0137500763,16.6952419281,16.166601181,16.7369098663,14.0213871002,10.9948501587,9.3063993454,6.28229141235,4.33852005005,4.85322904587,3.24402976036,2.31505298615,1.370475173,0.908707022667,0.577290177345,0.254426747561,0.0732620358467,0.0207439120859,0.0221544783562,0.0160007048398,0.00500286137685,0.0010583907133,0.0000305331232084],"dmean2":[0.168931663036,2.52478098869,6.88803958893,8.2552652359,13.0870428085,9.69134712219,9.19950962067,8.63944149017,12.1300868988,13.2606134415,25.3421287537,45.7356338501,28.6263771057,17.2514076233,26.0812778473,25.8421077728,22.6686763763,17.8337860107,26.8757228851,26.2772388458,27.8975086212,23.1070251465,18.2982730865,15.0768127441,10.3521938324,7.26699352264,8.11490058899,5.38351917267,3.983325243,2.25784945488,1.49581992626,0.938817083836,0.39651671052,0.110554017127,0.0315273106098,0.0335159189999,0.0255253892392,0.00825775694102,0.00178024568595,0.0000512443184562],"dvar":[0.0336709283292,7.78319549561,63.5094261169,65.2801055908,394.540130615,100.774597168,97.6316070557,76.1498794556,225.852340698,409.870239258,1909.43652344,7490.19921875,2622.01025391,682.646789551,1637.08068848,2153.30151367,1113.61157227,703.020568848,1757.87145996,1426.13842773,1132.22790527,627.172424316,449.870697021,504.937042236,119.823852539,53.3949279785,66.017074585,34.5878982544,20.3686141968,7.36314249039,3.86749625206,1.6764292717,0.30405113101,0.0354644991457,0.00369402999058,0.00270091556013,0.00122630386613,0.0000965084400377,0.00000307566460833,1.99951366575e-9],"dvar2":[0.0922597274184,22.5908432007,181.180511475,179.580291748,1061.5670166,280.460876465,247.948318481,187.130142212,533.489440918,971.582824707,4346.125,18000.1894531,6154.57958984,1592.78747559,4008.6340332,4964.78710938,2637.515625,1775.81311035,4175.90820312,3745.30883789,3009.59741211,1653.76391602,1280.20129395,1328.77685547,313.249542236,145.570297241,176.925216675,90.1152877808,57.927192688,20.0700836182,10.2257890701,4.29045200348,0.69975656271,0.0740594565868,0.00784430280328,0.00570911960676,0.00304268742912,0.00025643123081,0.00000845163413032,5.48951994972e-9],"max":[2.14859414101,23.4039440155,69.885307312,133.953872681,277.543914795,184.894882202,287.212554932,219.864181519,330.233978271,667.933105469,1141.07788086,2201.58544922,1833.65576172,1071.06884766,1208.79504395,1416.46057129,1006.05725098,699.173217773,2358.63647461,1068.38977051,1110.62158203,706.98059082,602.692504883,1062.36584473,347.156646729,156.258361816,172.408538818,126.688835144,91.4804916382,65.8088989258,55.1878509521,31.0517215729,16.8093795776,6.93370342255,2.58738851547,1.68651592731,0.98467361927,0.241782411933,0.0326918996871,0.000723721692339],"mean":[0.15128006041,2.16008996964,5.99243116379,7.64528846741,11.1047554016,9.53928470612,10.0080795288,10.9865179062,14.2329444885,15.0892724991,29.2813415527,55.5323905945,35.9230232239,20.5907039642,30.0884609222,27.8991241455,25.3528213501,20.950799942,30.0084228516,30.6190452576,33.2212409973,30.8673667908,24.1372776031,20.2836380005,14.4691019058,10.3761043549,11.8871088028,7.95902967453,5.09710884094,3.60135579109,2.42418289185,1.48475944996,0.683198273182,0.183295696974,0.0394218675792,0.0625361800194,0.045940477401,0.0143706565723,0.00218529207632,0.0000869194336701],"median":[0.0690681412816,1.18330538273,4.05075216293,4.45527172089,5.78856134415,5.90159606934,5.61177062988,6.29755592346,7.85444736481,6.5805721283,9.8316526413,12.5391254425,12.6458797455,8.84539890289,11.6222839355,12.577340126,11.9452733994,10.34258461,13.1013994217,14.0162220001,17.3766403198,14.6784391403,12.4008903503,8.73706531525,7.79024553299,5.70039367676,6.33392238617,3.42681097984,1.66289448738,0.807048141956,0.426835685968,0.337153851986,0.164062470198,0.039389975369,0.00645072758198,0.0152324847877,0.0108185494319,0.003722618334,0.0010436916491,0.0000612191070104],"min":[1.92498645886e-22,2.33917407799e-21,1.52640268513e-20,3.14579371893e-20,7.69525929988e-20,2.48471769422e-19,5.11567730183e-19,4.36872338593e-19,1.12870720363e-19,3.79985525205e-19,2.62004888853e-18,5.04607139745e-18,4.98474133171e-18,2.9338057327e-18,3.68372726245e-18,3.42403639069e-18,5.16271916666e-18,5.44878676022e-18,3.88827579305e-18,5.1031009512e-18,5.30959997367e-18,7.00821246642e-18,1.02436094912e-17,1.14826516026e-17,1.09418070037e-17,1.94725396861e-17,1.97094028545e-17,1.66324332509e-17,2.07968177965e-17,1.75253499067e-17,1.33775718391e-17,1.8617946308e-17,1.4893166899e-17,1.27755903211e-17,7.67849925065e-18,4.95044146043e-18,3.90788410947e-18,1.43178181152e-18,3.83046662158e-19,3.74339099871e-20],"var":[0.0481809191406,8.61845111847,56.3977813721,91.1411361694,388.710144043,141.029663086,195.827697754,220.424804688,445.244018555,842.710144043,4676.87060547,20937.9570312,8661.72460938,2079.61694336,4733.51513672,3821.59570312,2363.20288086,1450.99902344,3476.56640625,2853.94555664,2347.35717773,1600.07177734,1156.11547852,1505.80334473,378.71081543,154.115753174,223.82510376,123.300964355,49.9166717529,29.6700057983,15.1709709167,6.23797559738,1.38015913963,0.135936647654,0.0102592054754,0.0126306740567,0.00559810129926,0.000434450194007,0.00000839027688926,6.2860099348e-9]},"erbbands_crest":{"dmean":2.52107954025,"dmean2":4.0860657692,"dvar":6.26247358322,"dvar2":15.7248220444,"max":29.8351459503,"mean":8.59823894501,"median":7.23965978622,"min":2.25264763832,"var":21.076423645},"erbbands_flatness_db":{"dmean":0.0148818911985,"dmean2":0.0216763429344,"dvar":0.00021937218844,"dvar2":0.000437377893832,"max":0.472094655037,"mean":0.151816964149,"median":0.149283543229,"min":0.0567592196167,"var":0.00152211321983},"erbbands_kurtosis":{"dmean":1.07003080845,"dmean2":1.62760913372,"dvar":24.0735378265,"dvar2":50.568157196,"max":243.175491333,"mean":0.831184029579,"median":-0.420982837677,"min":-1.88567900658,"var":82.2317581177},"erbbands_skewness":{"dmean":0.34206160903,"dmean2":0.524691283703,"dvar":0.144961342216,"dvar2":0.319454193115,"max":11.6455488205,"mean":0.292151927948,"median":0.133279383183,"min":-2.64752840996,"var":0.966262340546},"erbbands_spread":{"dmean":7.37889957428,"dmean2":11.6428413391,"dvar":74.3236923218,"dvar2":172.929672241,"max":179.086791992,"mean":38.9009284973,"median":37.4867019653,"min":0.749089300632,"var":236.456436157},"gfcc":{"cov":[[8556.00390625,-1405.38745117,-1304.4967041,-460.33013916,-416.3543396,143.708618164,74.3355484009,253.554321289,176.480041504,103.34072876,-262.915039062,130.397857666,-177.038635254],[-1405.38745117,1225.82751465,-28.7201786041,-51.505443573,255.162796021,-275.189788818,187.423950195,-217.24861145,39.4273452759,-66.9354019165,138.818435669,-19.005569458,95.8513946533],[-1304.4967041,-28.7201786041,750.449768066,281.965057373,17.4773159027,243.300140381,-131.611907959,129.742675781,-62.4106941223,47.9481811523,33.0063095093,-22.5862827301,33.8169441223],[-460.33013916,-51.505443573,281.965057373,277.381835938,140.523696899,61.0850372314,35.614025116,23.3700809479,28.3629798889,17.1473751068,23.1776351929,20.7306365967,21.4608421326],[-416.3543396,255.162796021,17.4773159027,140.523696899,233.576095581,-37.4831123352,136.312332153,-58.7243461609,57.6551742554,-10.5588874817,52.9348487854,9.96916770935,40.1627540588],[143.708618164,-275.189788818,243.300140381,61.0850372314,-37.4831123352,303.904418945,-50.8109436035,164.608703613,-41.0654296875,49.4145965576,-17.2278594971,4.89239215851,-17.1958427429],[74.3355484009,187.423950195,-131.611907959,35.614025116,136.312332153,-50.8109436035,288.856384277,-49.3089485168,82.7730255127,-34.6979064941,30.8168258667,29.0467414856,0.546619057655],[253.554321289,-217.24861145,129.742675781,23.3700809479,-58.7243461609,164.608703613,-49.3089485168,209.791442871,17.6715164185,45.5736236572,-22.5988082886,-13.170416832,-7.99432468414],[176.480041504,39.4273452759,-62.4106941223,28.3629798889,57.6551742554,-41.0654296875,82.7730255127,17.6715164185,150.390365601,39.4955825806,-2.70924067497,9.22689056396,-8.12973213196],[103.34072876,-66.9354019165,47.9481811523,17.1473751068,-10.5588874817,49.4145965576,-34.6979064941,45.5736236572,39.4955825806,84.4886932373,23.8189888,-0.625808298588,1.9186681509],[-262.915039062,138.818435669,33.0063095093,23.1776351929,52.9348487854,-17.2278594971,30.8168258667,-22.5988082886,-2.70924067497,23.8189888,83.6074371338,28.7193317413,18.165687561],[130.397857666,-19.005569458,-22.5862827301,20.7306365967,9.96916770935,4.89239215851,29.0467414856,-13.170416832,9.22689056396,-0.625808298588,28.7193317413,78.0081100464,18.912103653],[-177.038635254,95.8513946533,33.8169441223,21.4608421326,40.1627540588,-17.1958427429,0.546619057655,-7.99432468414,-8.12973213196,1.9186681509,18.165687561,18.912103653,70.5506744385]],"icov":[[0.00028201774694,-0.0000125484666569,0.000890576513484,-0.000637351651676,0.000696790055372,-0.000511300051585,-0.0000552483761567,-0.000146060265251,-0.0000915924247238,-0.000344949716236,0.00035232747905,-0.000210273297853,-0.0000811995414551],[-0.0000125484666569,0.00337309995666,-0.00384689564817,0.00720897037536,-0.00658773817122,0.00391318788752,-0.00107323378325,-0.000189537953702,0.000511010934133,-0.000194378255401,-0.000357882527169,-0.00120302429423,0.000206457320019],[0.000890576513484,-0.00384689564817,0.0158833581954,-0.0225452426821,0.0216092839837,-0.0159578863531,0.00427037710324,0.00439710356295,-0.00953216664493,0.0117623740807,-0.014597998932,0.0147286010906,-0.0106277959421],[-0.000637351651676,0.00720897037536,-0.0225452426821,0.0411562882364,-0.039223536849,0.0234645865858,-0.00552743906155,-0.00838134717196,0.0153897656128,-0.0200417563319,0.024234443903,-0.0254693869501,0.0169408172369],[0.000696790055372,-0.00658773817122,0.0216092839837,-0.039223536849,0.0485975034535,-0.0272388141602,0.00348041090183,0.0127477701753,-0.0230657774955,0.0269368775189,-0.0326265878975,0.0310197453946,-0.0239196792245],[-0.000511300051585,0.00391318788752,-0.0159578863531,0.0234645865858,-0.0272388141602,0.0274382419884,-0.00637810910121,-0.0133037632331,0.0207185335457,-0.0242107100785,0.0251164529473,-0.0232857819647,0.0174686927348],[-0.0000552483761567,-0.00107323378325,0.00427037710324,-0.00552743906155,0.00348041090183,-0.00637810910121,0.00867711752653,0.00252908002585,-0.00842783227563,0.0108507666737,-0.00900056399405,0.00470895878971,-0.00257364381105],[-0.000146060265251,-0.000189537953702,0.00439710356295,-0.00838134717196,0.0127477701753,-0.0133037632331,0.00252908002585,0.0151588842273,-0.0127205103636,0.0114951692522,-0.0132693694904,0.013539198786,-0.0104598049074],[-0.0000915924247238,0.000511010934133,-0.00953216664493,0.0153897656128,-0.0230657774955,0.0207185335457,-0.00842783227563,-0.0127205103636,0.0322445556521,-0.0334180593491,0.0317233428359,-0.0242330357432,0.0187202561647],[-0.000344949716236,-0.000194378255401,0.0117623740807,-0.0200417563319,0.0269368775189,-0.0242107100785,0.0108507666737,0.0114951692522,-0.0334180593491,0.0544543229043,-0.0454472899437,0.0317664407194,-0.0223053712398],[0.00035232747905,-0.000357882527169,-0.014597998932,0.024234443903,-0.0326265878975,0.0251164529473,-0.00900056399405,-0.0132693694904,0.0317233428359,-0.0454472899437,0.0607150644064,-0.0399823710322,0.0242333635688],[-0.000210273297853,-0.00120302429423,0.0147286010906,-0.0254693869501,0.0310197453946,-0.0232857819647,0.00470895878971,0.013539198786,-0.0242330357432,0.0317664407194,-0.0399823710322,0.046020578593,-0.0257401801646],[-0.0000811995414551,0.000206457320019,-0.0106277959421,0.0169408172369,-0.0239196792245,0.0174686927348,-0.00257364381105,-0.0104598049074,0.0187202561647,-0.0223053712398,0.0242333635688,-0.0257401801646,0.0337643846869]],"mean":[-0.471735268831,106.86946106,-112.45929718,33.8614768982,-36.5663146973,-0.224750906229,-18.1193790436,-3.43177819252,-14.0694160461,-5.33464193344,-18.5919799805,-0.528326332569,-15.9506149292]},"hfc":{"dmean":4.01285600662,"dmean2":6.40381526947,"dvar":30.9156227112,"dvar2":77.811958313,"max":97.7467575073,"mean":19.659072876,"median":13.9122695923,"min":1.20086904957e-16,"var":279.047821045},"melbands":{"dmean":[0.00120303535368,0.00203180662356,0.000913921336178,0.000486452830955,0.000205146963708,0.000118084506539,0.000111382330942,0.000108366912173,0.000142399207107,0.000197401866899,0.0000933597912081,0.0000477540634165,0.000051644477935,0.0000550652039237,0.0000329608701577,0.0000364700317732,0.0000202403280127,0.0000288152423309,0.0000249407312367,0.0000251959172601,0.000020224146283,0.0000173332955455,0.0000116364908536,0.00000880594598129,0.00000849503794598,0.00000572294811718,0.00000429088186138,0.00000301057639263,0.00000346622346115,0.00000291408764497,0.00000182604082966,0.00000153029225203,0.00000104602861484,7.8960835026e-7,5.98110773353e-7,4.82977668526e-7,3.49379945419e-7,2.24060613618e-7,1.02545541836e-7,5.75445291418e-8],"dmean2":[0.00202100072056,0.00350955198519,0.00153814640362,0.000810882891528,0.000336412223987,0.000190246806596,0.000174889530172,0.00016800306912,0.000219578883843,0.000299816136248,0.000145504105603,0.0000763070565881,0.0000823736118036,0.0000906071800273,0.0000528921846126,0.0000594916855334,0.000032909145375,0.0000463927972305,0.0000404576712754,0.0000416705261159,0.0000338674362865,0.0000286399281322,0.0000194564654521,0.0000146375050463,0.000013805942217,0.00000939189976634,0.00000724217534298,0.00000507343656864,0.00000580508549319,0.00000478932906844,0.00000306748484036,0.00000265305561697,0.00000177753634034,0.00000129748957534,9.91460183286e-7,8.05808838322e-7,5.65651077977e-7,3.54658084234e-7,1.6065379782e-7,8.8265778686e-8],"dvar":[0.00000472450483358,0.0000159472820087,0.00000283026406578,0.00000103450008737,1.23667888374e-7,3.4509383795e-8,4.60690046111e-8,8.1129186924e-8,1.39900620866e-7,3.22983481738e-7,6.98168705071e-8,1.48045558035e-8,1.96820550968e-8,2.40255282336e-8,6.92986334982e-9,9.40020861151e-9,2.47014453336e-9,4.62668348078e-9,3.89363341569e-9,3.55940232843e-9,1.60631952184e-9,1.0461168598e-9,3.93946958388e-10,2.93618407365e-10,4.64526084265e-10,1.230043567e-10,4.85031598219e-11,2.71959798431e-11,3.69026822988e-11,2.48426678534e-11,1.19983779856e-11,9.06979265997e-12,4.58211593668e-12,2.59809339841e-12,1.65837385057e-12,1.28256292305e-12,5.99837941904e-13,2.34446088845e-13,5.90551099775e-14,2.42763742323e-14],"dvar2":[0.0000130965963763,0.0000456705492979,0.00000776535398472,0.0000027784572012,3.22925245655e-7,8.51724095696e-8,1.08256230646e-7,1.9214722613e-7,3.16330073247e-7,7.64196329328e-7,1.63684603649e-7,3.45265540602e-8,4.76602082244e-8,5.91351714263e-8,1.58402269079e-8,2.29425118903e-8,6.26152818484e-9,1.10237818873e-8,9.73149649752e-9,9.45654932138e-9,4.28360191762e-9,2.75611822254e-9,1.10678932685e-9,7.77147457498e-10,1.23265198049e-9,3.13960663023e-10,1.31911384593e-10,7.52660503367e-11,9.93278306827e-11,6.63652327537e-11,3.18411998157e-11,2.59345947495e-11,1.30614399504e-11,6.97757043117e-12,4.41197599288e-12,3.48239492798e-12,1.52271663161e-12,5.6247113087e-13,1.36073647467e-13,5.25005555794e-14],"max":[0.0199657566845,0.0310851242393,0.0207823030651,0.015874505043,0.00978675857186,0.00442950380966,0.00592727726325,0.00865985453129,0.010440225713,0.0151687394828,0.0102361431345,0.00611394830048,0.00542679708451,0.00534625723958,0.00320084858686,0.0028494137805,0.00154944369569,0.00351225654595,0.00251051806845,0.00274334754795,0.00141648377758,0.000937019009143,0.000399848097004,0.000449482962722,0.00102163944393,0.000319732294884,0.000121312790725,0.000114181384561,0.000152788386913,0.000109547880129,0.0000747119629523,0.0000644385581836,0.0000370031157217,0.0000472993851872,0.0000332961826643,0.0000279526502709,0.0000180445549631,0.0000139696458064,0.00000672224496157,0.00000654382256471],"mean":[0.00188041746151,0.00316065875813,0.00146367924754,0.000764150172472,0.000366933818441,0.000243907692493,0.00020424577815,0.000189560450963,0.000244218390435,0.000365601794329,0.000175128923729,0.0000845104077598,0.0000930660025915,0.0000898178914213,0.0000558504470973,0.0000586873902648,0.0000351410853909,0.0000480733579025,0.0000421983786509,0.0000428679886681,0.0000372062422684,0.00003405222742,0.0000238800384977,0.0000180046336027,0.0000165635065059,0.0000116341416287,0.00000862509477884,0.00000633417266727,0.0000076582591646,0.00000650213360132,0.00000388163380194,0.0000029218929285,0.00000233648688663,0.00000189431011677,0.000001453875484,0.00000110716962354,8.3004863427e-7,5.52151504962e-7,2.51164010479e-7,1.17055620308e-7],"median":[0.000953360227868,0.00216779182665,0.000890533789061,0.000456925947219,0.000214926636545,0.000148193765199,0.000114132730232,0.0000682410973241,0.0000758806854719,0.000075814408774,0.00005905832586,0.0000333643256454,0.000032416483009,0.0000376662428607,0.0000241643556365,0.0000224403156608,0.0000157770882652,0.0000202145929507,0.0000162960222951,0.0000189907004824,0.0000183177362487,0.0000151549193106,0.0000118617481348,0.00000826217456051,0.00000620589889877,0.00000579038169235,0.00000430159070675,0.00000340340102412,0.00000391741241401,0.00000308892867906,0.00000146946786117,9.69776806414e-7,6.43528721866e-7,3.41887840705e-7,2.28814158731e-7,2.38603746539e-7,1.85106301842e-7,1.24393409351e-7,6.28603729069e-8,2.0370338305e-8],"min":[2.41027397411e-24,6.07428064059e-24,5.91137376391e-24,1.10209635033e-23,1.87540399505e-23,8.88127453888e-24,1.480589663e-24,5.42819803719e-24,2.85010711891e-23,2.87619853558e-23,2.49686924728e-23,1.21653427192e-23,1.18005718589e-23,9.20227939615e-24,1.1128018239e-23,1.11872538044e-23,9.63174789473e-24,5.67079051491e-24,6.44266803371e-24,6.9663722783e-24,6.13996514386e-24,6.58141486187e-24,8.97215368174e-24,9.93786063583e-24,8.85223183579e-24,9.44652650963e-24,7.97367981223e-24,1.39405416578e-23,1.35423230951e-23,1.12386307374e-23,8.31811147181e-24,1.09372945491e-23,1.31803645239e-23,8.32671163339e-24,7.52701572364e-24,7.94516249051e-24,1.28978545011e-23,9.71284595123e-24,1.11977748423e-23,1.08055137571e-23],"var":[0.00000658499629935,0.0000149007273649,0.00000344337081515,0.00000117709259939,2.39001622049e-7,9.54265999553e-8,9.05103902937e-8,1.86650041201e-7,3.34921594458e-7,9.57027509685e-7,2.34058489923e-7,4.77559964907e-8,6.83742129581e-8,3.95549655252e-8,1.39408022903e-8,1.77009464863e-8,4.84528506206e-9,9.08875374961e-9,7.60160734359e-9,6.11280848162e-9,3.05804581657e-9,2.2816835088e-9,9.64584634389e-10,7.8567263806e-10,1.24484600406e-9,3.3605876415e-10,1.22635901434e-10,6.42721084687e-11,1.033487948e-10,8.25355547796e-11,3.28486335355e-11,1.777152904e-11,1.18316233547e-11,9.50365307284e-12,5.84779794033e-12,3.49294985297e-12,2.09676568642e-12,9.31734507256e-13,2.152109735e-13,7.24385693573e-14]},"melbands_crest":{"dmean":3.25331783295,"dmean2":5.29094839096,"dvar":8.32244110107,"dvar2":21.9628314972,"max":29.8838062286,"mean":15.0483694077,"median":14.7791490555,"min":2.71427989006,"var":21.7814483643},"melbands_flatness_db":{"dmean":0.0272510703653,"dmean2":0.0422161258757,"dvar":0.000828448391985,"dvar2":0.00212243013084,"max":0.85269266367,"mean":0.228722646832,"median":0.217052176595,"min":0.00966614764184,"var":0.00749851437286},"melbands_kurtosis":{"dmean":11.1555652618,"dmean2":17.8576183319,"dvar":1009.52783203,"dvar2":2350.71875,"max":956.058288574,"mean":20.0816440582,"median":8.94144153595,"min":-1.61431837082,"var":2155.17529297},"melbands_skewness":{"dmean":0.854498565197,"dmean2":1.35330998898,"dvar":1.22888994217,"dvar2":3.09210634232,"max":23.0053977966,"mean":3.0379486084,"median":2.66395545006,"min":-0.612631261349,"var":3.8895843029},"melbands_spread":{"dmean":5.35231876373,"dmean2":8.39159107208,"dvar":36.4031524658,"dvar2":86.4520645142,"max":129.07749939,"mean":19.7882728577,"median":17.1643562317,"min":0.259154170752,"var":195.434677124},"mfcc":{"cov":[[7626.12695312,-1041.02954102,-970.929626465,-487.914550781,-548.67755127,-102.509490967,-376.525482178,182.98878479,117.849273682,167.790313721,46.9972305298,53.2803192139,-27.1431026459],[-1041.02954102,1152.35998535,-202.210006714,192.761627197,-47.2415657043,2.32987785339,58.5399360657,-89.4140014648,-40.4600257874,-104.780136108,-6.89722490311,-2.38031673431,29.0522499084],[-970.929626465,-202.210006714,701.159973145,-28.5313148499,252.643966675,24.1391296387,92.9326934814,22.4986858368,6.2415189743,55.7620048523,1.28296518326,16.4221878052,12.3852081299],[-487.914550781,192.761627197,-28.5313148499,317.343170166,52.723274231,77.9483947754,34.2675209045,5.69092082977,28.9339599609,-33.9075431824,9.0831155777,10.1207771301,39.8860092163],[-548.67755127,-47.2415657043,252.643966675,52.723274231,231.39743042,33.8022079468,48.6348152161,-2.88296222687,15.9991025925,38.149017334,-0.912215709686,14.5891370773,14.2564811707],[-102.509490967,2.32987785339,24.1391296387,77.9483947754,33.8022079468,142.053237915,57.8633613586,39.2249031067,25.5329113007,-7.28871154785,30.8066711426,12.5762796402,15.7798919678],[-376.525482178,58.5399360657,92.9326934814,34.2675209045,48.6348152161,57.8633613586,161.842575073,51.9729042053,5.41475868225,-9.40001010895,17.2394599915,3.38331389427,-2.01581025124],[182.98878479,-89.4140014648,22.4986858368,5.69092082977,-2.88296222687,39.2249031067,51.9729042053,131.685714722,50.7902107239,26.5873661041,29.8249130249,6.10306549072,4.18163442612],[117.849273682,-40.4600257874,6.2415189743,28.9339599609,15.9991025925,25.5329113007,5.41475868225,50.7902107239,108.340103149,47.3327064514,28.9167289734,14.1747112274,11.3181600571],[167.790313721,-104.780136108,55.7620048523,-33.9075431824,38.149017334,-7.28871154785,-9.40001010895,26.5873661041,47.3327064514,127.486724854,36.4652099609,16.0724582672,-4.71844625473],[46.9972305298,-6.89722490311,1.28296518326,9.0831155777,-0.912215709686,30.8066711426,17.2394599915,29.8249130249,28.9167289734,36.4652099609,88.913192749,23.4505195618,3.62720108032],[53.2803192139,-2.38031673431,16.4221878052,10.1207771301,14.5891370773,12.5762796402,3.38331389427,6.10306549072,14.1747112274,16.0724582672,23.4505195618,83.5630950928,34.6031455994],[-27.1431026459,29.0522499084,12.3852081299,39.8860092163,14.2564811707,15.7798919678,-2.01581025124,4.18163442612,11.3181600571,-4.71844625473,3.62720108032,34.6031455994,91.2398529053]],"icov":[[0.00026875702315,0.000201437869691,0.000350792368408,0.000275113270618,0.000230425488553,-0.0001210821938,0.000361237383913,-0.000352059316356,-0.0000631757720839,-0.000225451251026,0.000108681379061,-0.000228513978072,-0.0000644982137601],[0.000201437869691,0.00137092289515,0.000584954570513,-0.00046278667287,0.000303188280668,0.00042263881187,-0.000710116990376,0.000790113932453,-0.000111407018267,0.000323663407471,-0.000283823203063,-0.000116721414088,-0.000339953607181],[0.000350792368408,0.000584954570513,0.00315989460796,0.000916964665521,-0.00253108981997,0.000185412616702,-0.000566988310311,-0.000574910547584,0.000266310322331,-0.000384572165785,0.0000909552545636,-0.000251646502875,-0.00049554859288],[0.000275113270618,-0.00046278667287,0.000916964665521,0.00502465711907,-0.00141932780389,-0.00208214414306,0.00059025088558,-0.000370248249965,-0.00137434294447,0.00105084967799,0.0000384568520531,0.000151281667058,-0.00131401023827],[0.000230425488553,0.000303188280668,-0.00253108981997,-0.00141932780389,0.00895412731916,-0.00115461519454,-0.000952720234636,0.00172321277205,-0.000580403895583,-0.00267995218746,0.00166478240862,-0.000704164616764,-0.000229107434279],[-0.0001210821938,0.00042263881187,0.000185412616702,-0.00208214414306,-0.00115461519454,0.0107505787164,-0.00283200270496,-0.000924244639464,-0.000952071859501,0.0020254238043,-0.00305546168238,-0.0000411458422604,-0.000624728796538],[0.000361237383913,-0.000710116990376,-0.000566988310311,0.00059025088558,-0.000952720234636,-0.00283200270496,0.0104246744886,-0.004852659069,0.0014108606847,0.000984743819572,-0.000497813918628,-0.000529864162672,0.00134054594673],[-0.000352059316356,0.000790113932453,-0.000574910547584,-0.000370248249965,0.00172321277205,-0.000924244639464,-0.004852659069,0.0131282266229,-0.00463771494105,-0.000437169626821,-0.00138865294866,0.00103982107248,-0.000721186283045],[-0.0000631757720839,-0.000111407018267,0.000266310322331,-0.00137434294447,-0.000580403895583,-0.000952071859501,0.0014108606847,-0.00463771494105,0.0142922103405,-0.00430762534961,-0.000997180701233,-0.000327378162183,-0.000751487270463],[-0.000225451251026,0.000323663407471,-0.000384572165785,0.00105084967799,-0.00267995218746,0.0020254238043,0.000984743819572,-0.000437169626821,-0.00430762534961,0.0129595082253,-0.00449918536469,-0.000738323375117,0.0011963628931],[0.000108681379061,-0.000283823203063,0.0000909552545636,0.0000384568520531,0.00166478240862,-0.00305546168238,-0.000497813918628,-0.00138865294866,-0.000997180701233,-0.00449918536469,0.0158963054419,-0.00367810972966,0.00106852070894],[-0.000228513978072,-0.000116721414088,-0.000251646502875,0.000151281667058,-0.000704164616764,-0.0000411458422604,-0.000529864162672,0.00103982107248,-0.000327378162183,-0.000738323375117,-0.00367810972966,0.015879208222,-0.00587862264365],[-0.0000644982137601,-0.000339953607181,-0.00049554859288,-0.00131401023827,-0.000229107434279,-0.000624728796538,0.00134054594673,-0.000721186283045,-0.000751487270463,0.0011963628931,0.00106852070894,-0.00587862264365,0.0142394993454]],"mean":[-645.88067627,139.425735474,-10.4803447723,38.4386520386,2.13640666008,13.5849971771,0.19100317359,8.90109348297,2.40615868568,3.80969452858,-5.42910861969,3.62022805214,-5.00904226303]},"pitch_salience":{"dmean":0.0804403722286,"dmean2":0.131796836853,"dvar":0.00554004125297,"dvar2":0.0151072647423,"max":0.837019860744,"mean":0.520971000195,"median":0.526901841164,"min":0.0509736463428,"var":0.0142096932977},"silence_rate_20dB":{"dmean":0,"dmean2":0,"dvar":0,"dvar2":0,"max":1,"mean":1,"median":1,"min":1,"var":0},"silence_rate_30dB":{"dmean":0,"dmean2":0,"dvar":0,"dvar2":0,"max":1,"mean":1,"median":1,"min":1,"var":0},"silence_rate_60dB":{"dmean":0.00500682741404,"dmean2":0.0100144147873,"dvar":0.00498324539512,"dvar2":0.0109760127962,"max":1,"mean":0.0175984222442,"median":0,"min":0,"var":0.0172907467932},"spectral_centroid":{"dmean":203.114547729,"dmean2":318.560668945,"dvar":48812.296875,"dvar2":111809.25,"max":11132.9404297,"mean":1219.51550293,"median":1218.63317871,"min":86.7873458862,"var":344646.71875},"spectral_complexity":{"dmean":3.24230003357,"dmean2":5.20734405518,"dvar":10.3846540451,"dvar2":24.4665145874,"max":56,"mean":22.5186233521,"median":19,"min":0,"var":162.249862671},"spectral_contrast_coeffs":{"dmean":[0.0525208339095,0.0461086928844,0.0378218591213,0.0301296375692,0.0220593307167,0.0220152847469],"dmean2":[0.0867495015264,0.0752241909504,0.0617025159299,0.0486806221306,0.0351245030761,0.0339257307351],"dvar":[0.00189482874703,0.00137418857776,0.000901991734281,0.000588216935284,0.000309909577481,0.000386624829844],"dvar2":[0.00509970448911,0.00366872316226,0.0022964081727,0.00148497801274,0.000743659969885,0.000918058212847],"max":[-0.253034591675,-0.468132972717,-0.429337203503,-0.544167876244,-0.603452682495,-0.475637674332],"mean":[-0.637097358704,-0.745913803577,-0.773988187313,-0.781277060509,-0.785204708576,-0.704442679882],"median":[-0.648530364037,-0.754378676414,-0.785631000996,-0.78886193037,-0.790158510208,-0.709871888161],"min":[-0.951633810997,-0.959097743034,-0.966539204121,-0.951663970947,-0.953117370605,-0.959524512291],"var":[0.00637474609539,0.00489409500733,0.00470336992294,0.00284155458212,0.00172370520886,0.00390562461689]},"spectral_contrast_valleys":{"dmean":[0.387435406446,0.32830041647,0.306603610516,0.275635629892,0.258962482214,0.314394593239],"dmean2":[0.630552709103,0.534792780876,0.493996709585,0.427671521902,0.378272414207,0.395369231701],"dvar":[0.132026046515,0.100033558905,0.0976291969419,0.0871688276529,0.0977801382542,0.124920427799],"dvar2":[0.278772175312,0.214371696115,0.196648269892,0.16197425127,0.178218141198,0.195698559284],"max":[-5.16841602325,-4.92634296417,-5.3685593605,-5.70628118515,-5.69779157639,-8.32289600372],"mean":[-6.89586687088,-6.71337890625,-7.16831827164,-7.58981323242,-7.53347349167,-10.9746608734],"median":[-6.69521903992,-6.60723209381,-7.0450720787,-7.49238348007,-7.39185476303,-10.8729543686],"min":[-27.9789085388,-27.6801109314,-27.410610199,-27.4275779724,-27.369720459,-27.2733078003],"var":[0.76120275259,0.923213601112,1.09929561615,1.18168449402,1.22529494762,1.65736949444]},"spectral_decrease":{"dmean":2.6052260349e-9,"dmean2":4.39386038664e-9,"dvar":1.63755738183e-17,"dvar2":4.58097884101e-17,"max":3.47777808973e-29,"mean":-7.85865594821e-9,"median":-6.81871714647e-9,"min":-3.31225571415e-8,"var":2.69984373486e-17},"spectral_energy":{"dmean":0.0100199496374,"dmean2":0.0168871320784,"dvar":0.000238836466451,"dvar2":0.000667713757139,"max":0.12692117691,"mean":0.0314434617758,"median":0.0273089092225,"min":1.07609735345e-20,"var":0.000422121200245},"spectral_energyband_high":{"dmean":0.000204743948416,"dmean2":0.000334118143655,"dvar":1.30010491262e-7,"dvar2":3.4748438793e-7,"max":0.0069156573154,"mean":0.000692876346875,"median":0.000305268564261,"min":7.94328779096e-21,"var":7.05224465491e-7},"spectral_energyband_low":{"dmean":0.00821972358972,"dmean2":0.013945733197,"dvar":0.000234502542298,"dvar2":0.000659830577206,"max":0.118424594402,"mean":0.014755859971,"median":0.0102628963068,"min":3.25049631125e-23,"var":0.000258905318333},"spectral_energyband_middle_high":{"dmean":0.00155053962953,"dmean2":0.00244512222707,"dvar":0.00000569882377022,"dvar2":0.000013758480236,"max":0.0833862945437,"mean":0.00559989688918,"median":0.00369490194134,"min":1.39877019084e-21,"var":0.0000363814251614},"spectral_energyband_middle_low":{"dmean":0.00456171482801,"dmean2":0.00731427688152,"dvar":0.0000558038373129,"dvar2":0.00014717533486,"max":0.0986145958304,"mean":0.0118968645111,"median":0.00918421987444,"min":4.89414404796e-22,"var":0.000110495864647},"spectral_entropy":{"dmean":0.144645884633,"dmean2":0.21256326139,"dvar":0.0272976458073,"dvar2":0.0552924722433,"max":9.79511642456,"mean":7.45610046387,"median":7.5437040329,"min":3.53348040581,"var":0.235801205039},"spectral_flux":{"dmean":0.0255025457591,"dmean2":0.0409372858703,"dvar":0.00112880591769,"dvar2":0.00241730106063,"max":0.340445816517,"mean":0.0878380015492,"median":0.0768640264869,"min":1.03735110779e-10,"var":0.00250396085903},"spectral_kurtosis":{"dmean":1.80744862556,"dmean2":3.05703878403,"dvar":6.78761959076,"dvar2":16.9827289581,"max":83.8556213379,"mean":5.07418775558,"median":4.14856147766,"min":-1.20537304878,"var":12.4826011658},"spectral_rms":{"dmean":0.000813566090073,"dmean2":0.00133354705758,"dvar":0.00000114449755984,"dvar2":0.00000312263182423,"max":0.0111276926473,"mean":0.00523578189313,"median":0.00516167003661,"min":3.24014057772e-12,"var":0.0000032631146496},"spectral_rolloff":{"dmean":324.114105225,"dmean2":539.037841797,"dvar":201084.390625,"dvar2":451304.6875,"max":18690.8203125,"mean":1073.70617676,"median":818.26171875,"min":86.1328125,"var":696818.3125},"spectral_skewness":{"dmean":0.220169723034,"dmean2":0.358837366104,"dvar":0.0623442530632,"dvar2":0.150855511427,"max":7.96349906921,"mean":1.48779857159,"median":1.35899698734,"min":-0.0267214477062,"var":0.253536939621},"spectral_spread":{"dmean":311235.1875,"dmean2":444884.875,"dvar":204899500032,"dvar2":277620817920,"max":39111812,"mean":3718384.75,"median":3645408.5,"min":1118972.75,"var":979027099648},"spectral_strongpeak":{"dmean":0.478869706392,"dmean2":0.826546609402,"dvar":0.83203548193,"dvar2":2.11497688293,"max":15.0147275925,"mean":0.804392814636,"median":0.398539721966,"min":3.43261441493e-9,"var":1.34682512283},"zerocrossingrate":{"dmean":0.00644518667832,"dmean2":0.00794437807053,"dvar":0.0000470249724458,"dvar2":0.0000646131156827,"max":0.49853515625,"mean":0.0449903607368,"median":0.04296875,"min":0.0029296875,"var":0.000530572957359}},"metadata":{"audio_properties":{"analysis_sample_rate":44100,"bit_rate":192000,"codec":"mp3","downmix":"mix","equal_loudness":0,"length":306.076721191,"lossless":false,"md5_encoded":"2f106da8b12b9fda89783cb9cd14bf13","replay_gain":-15.2518787384,"sample_rate":44100},"tags":{"album":["Scream"],"albumartist":["Ozzy Osbourne"],"albumartistsort":["Osbourne, Ozzy"],"artist":["Ozzy Osbourne"],"artistsort":["Osbourne, Ozzy"],"asin":["B003HLM2QO"],"date":["2010"],"file_name":"04 Life Won't Wait.mp3","genre":["Rock","Hard Rock","Metal","Classic Rock","Heavy Metal"],"label":["Epic"],"musicbrainz album release country":["GB"],"musicbrainz album status":["official"],"musicbrainz album type":["album"],"musicbrainz_albumartistid":["8aa5b65a-5b3c-4029-92bf-47a544356934"],"musicbrainz_albumid":["b1c5ff25-6693-4ffd-9efe-a2d7c7787214"],"musicbrainz_artistid":["8aa5b65a-5b3c-4029-92bf-47a544356934"],"musicbrainz_recordingid":["0e8ebc20-273f-4e8f-8751-a860908da6a7"],"musicip_puid":["b00dd529-cc7a-e1bd-3cd5-8316f0c441e8"],"title":["Life Won't Wait"],"tracknumber":["4/11"]},"version":{"essentia":"2.1-beta2","essentia_build_sha":"70f2e5ece6736b2c40cc944ad0e695b16b925413","essentia_git_sha":"v2.1_beta2","extractor":"music 1.0"}},"rhythm":{"beats_count":436,"beats_loudness":{"dmean":0.0124255130067,"dmean2":0.0205232519656,"dvar":0.00012462522136,"dvar2":0.000366315653082,"max":0.115083612502,"mean":0.0369320958853,"median":0.0336279273033,"min":8.28565362099e-7,"var":0.000307230016915},"beats_loudness_band_ratio":{"dmean":[0.159019008279,0.087928712368,0.0914284810424,0.0488524436951,0.0403573326766,0.0173810310662],"dmean2":[0.266648352146,0.151611059904,0.164282888174,0.0853219181299,0.069773927331,0.0307030808181],"dvar":[0.0177278742194,0.00633985921741,0.0116198714823,0.00575959635898,0.00264501618221,0.000780030910391],"dvar2":[0.0500464998186,0.0183319337666,0.0313592143357,0.0162275899202,0.0074663492851,0.00232211430557],"max":[0.988030731678,0.618318796158,0.812176048756,0.788720965385,0.428068935871,0.289662361145],"mean":[0.655373930931,0.130