{"lowlevel":{"average_loudness":0.809707999229,"barkbands":{"dmean":[0.00696987053379,0.0124072711915,0.00178473023698,0.000543509318959,0.000847719900776,0.000994941685349,0.000979918171652,0.000846074544825,0.00123213138431,0.00110292609315,0.000657510885503,0.000571075070184,0.000321466941386,0.000277491286397,0.000314152508508,0.000213226216147,0.000124208134366,0.000123063931824,0.0000992629138636,0.0000710272579454,0.0000661515514366,0.0000628736233921,0.0000747328376747,0.0000765007571317,0.0000074629183473,0.0000121203820527,0.0000347100067302],"dmean2":[0.0113646313548,0.0209735576063,0.00302127562463,0.00092809589114,0.00138330564369,0.00163343583699,0.00162532599643,0.00139981508255,0.00201629358344,0.00183462549467,0.00108972750604,0.000948004366364,0.000532169477083,0.000450900261058,0.000486174190883,0.000334315904183,0.000187283192645,0.000178811271326,0.000142660646816,0.000101122459455,0.0000928313093027,0.0000894313707249,0.000108682237624,0.000109802291263,0.0000107361920527,0.0000173369044205,0.0000480989292555],"dvar":[0.000415339047322,0.00119282305241,0.0000341148515872,0.00000110251653496,0.00000291231617666,0.00000528119562659,0.00000553763584321,0.00000373453349312,0.00000760556849855,0.00000573018724026,0.00000174037745637,0.00000107182449938,4.24298178814e-7,2.73392743111e-7,5.37095672826e-7,2.9336953844e-7,1.42678530324e-7,1.51634495182e-7,8.74250574157e-8,3.5264331899e-8,2.72749822727e-8,2.67133746235e-8,4.24263255638e-8,4.34463132137e-8,3.50018902751e-10,1.07375874858e-9,9.05191299694e-9],"dvar2":[0.000997995375656,0.00311471614987,0.0000900410159375,0.00000298870963888,0.00000756011604608,0.000013920008314,0.0000148824765347,0.00000952635582507,0.0000205787455343,0.00001518737281,0.0000047101329983,0.00000295097765957,0.00000109825543859,6.96211202467e-7,0.0000012062098449,6.98258759257e-7,3.27043778725e-7,3.27472520212e-7,1.8457788542e-7,6.99081112998e-8,5.34136397334e-8,5.54976651301e-8,9.15113957944e-8,9.17213185403e-8,7.31981530944e-10,2.23818963363e-9,1.9237159421e-8],"max":[0.225067138672,0.359581947327,0.0770570337772,0.0176790356636,0.0550951138139,0.0500545427203,0.053735986352,0.0473713763058,0.086344383657,0.0494730621576,0.0280549190938,0.0171526428312,0.0171107836068,0.0094226077199,0.0129495803267,0.00959496479481,0.00564298918471,0.00843993760645,0.00492015574127,0.00637730257586,0.00545665202662,0.00264439615421,0.00277780974284,0.0029142613057,0.000282892782707,0.000468201964395,0.00301565672271],"mean":[0.00567602878436,0.0104874903336,0.00164936936926,0.00058769370662,0.00114982156083,0.00142019649502,0.00143061298877,0.00121858855709,0.00191014015581,0.0016415322898,0.00098436139524,0.000915513839573,0.000486571574584,0.000426789396442,0.000441951764515,0.000262377900071,0.000152960070409,0.000154876252054,0.000125897495309,0.0000925227213884,0.0000845583781484,0.000068380664743,0.000072268951044,0.0000738560411264,0.000007750972145,0.0000124431899167,0.0000480461312691],"median":[0.000399501965148,0.00163584318943,0.000336441153195,0.000246761046583,0.000504271360114,0.000415852467995,0.000371324742446,0.000389006105252,0.000569500611164,0.000486866250867,0.000353298324626,0.000362954480806,0.000179699301952,0.000163028293173,0.0000909033333301,0.0000438745119027,0.0000180135411938,0.000016370551748,0.00000926322445594,0.00000642332224743,0.00000593460345044,0.0000033984692891,0.00000165974017818,0.00000124253131162,6.29588896572e-7,9.1551891046e-7,0.00000500031319461],"min":[1.297426416e-24,1.97243329475e-24,1.5545717011e-24,1.04654685586e-24,5.72326199246e-24,2.59009876176e-24,2.24304532297e-24,7.82250881924e-24,1.72481281483e-23,1.61912422842e-23,2.02998207829e-23,1.74805928353e-23,3.53755017289e-23,4.80899200371e-23,5.43292670611e-23,6.15572145715e-23,8.30288661411e-23,1.0037408729e-22,1.69420942933e-22,1.53176403628e-22,2.51668767358e-22,3.62777945214e-22,4.34241599303e-22,5.44192047774e-22,8.22682313101e-22,1.26238919124e-21,1.90361824904e-21],"var":[0.000357319164323,0.00090660143178,0.0000263532438112,0.00000108890662887,0.00000397797111873,0.00000873362023412,0.0000100966699392,0.00000656749125483,0.0000142144690471,0.0000098814480225,0.00000289271793008,0.00000196890141524,7.0830947152e-7,4.65000113081e-7,8.73854332895e-7,3.72499016521e-7,1.83437393275e-7,2.07650501238e-7,1.31006956394e-7,6.74231159792e-8,5.20201197673e-8,3.56037155314e-8,4.8763247662e-8,5.15057507755e-8,4.50177756184e-10,1.3192259507e-9,1.58798965089e-8]},"barkbands_crest":{"dmean":3.16517615318,"dmean2":5.24499750137,"dvar":7.6196513176,"dvar2":19.6335544586,"max":25.3946895599,"mean":9.93008327484,"median":8.96178627014,"min":2.59825205803,"var":18.2404937744},"barkbands_flatness_db":{"dmean":0.0313469469547,"dmean2":0.0491010919213,"dvar":0.000826498668175,"dvar2":0.00209179031663,"max":0.452153384686,"mean":0.156469538808,"median":0.154784783721,"min":0.0209578033537,"var":0.00335566629656},"barkbands_kurtosis":{"dmean":5.02938890457,"dmean2":8.25400161743,"dvar":142.976119995,"dvar2":364.17678833,"max":277.483947754,"mean":5.50315189362,"median":1.43383741379,"min":-1.89206588268,"var":210.199523926},"barkbands_skewness":{"dmean":0.79599404335,"dmean2":1.22602081299,"dvar":0.902196347713,"dvar2":2.12991547585,"max":14.3613967896,"mean":1.23969626427,"median":0.880651772022,"min":-4.4651927948,"var":2.49075841904},"barkbands_spread":{"dmean":5.47800827026,"dmean2":8.66543197632,"dvar":43.3167991638,"dvar2":107.524520874,"max":137.144683838,"mean":16.6013946533,"median":13.8495635986,"min":0.337770879269,"var":162.87890625},"dissonance":{"dmean":0.0241380110383,"dmean2":0.0415212139487,"dvar":0.000666045816615,"dvar2":0.00185621366836,"max":0.500000119209,"mean":0.466681838036,"median":0.47607588768,"min":0.206501767039,"var":0.00100116163958},"dynamic_complexity":5.78513622284,"erbbands":{"dmean":[0.544166743755,2.10812497139,2.89988684654,1.56236445904,1.90445065498,3.46743226051,5.97067737579,8.36970329285,13.0862665176,14.9463701248,20.5150337219,28.3915748596,32.7224502563,29.6125164032,24.6056289673,22.4818553925,15.1198339462,13.2724370956,12.9877185822,19.3455562592,8.9006690979,6.95514678955,6.8831319809,5.8366150856,4.07596540451,3.36085820198,2.83920431137,2.57087826729,2.30264639854,2.08150887489,2.16584229469,1.83872616291,1.08018100262,0.177998617291,0.0165047384799,0.00805223174393,0.0224796626717,0.0246465373784,0.00508115533739,0.000460821698653],"dmean2":[0.945030808449,3.54084420204,4.82856559753,2.60950517654,3.15837359428,5.73782110214,9.79947280884,13.8916692734,21.6358451843,24.6228065491,33.7653312683,46.6991462708,54.2543334961,48.6804122925,40.4546699524,37.2151832581,24.9551181793,21.4531059265,20.1873455048,29.8132266998,13.7594652176,10.3791379929,10.0754823685,8.43876171112,5.81871318817,4.80226564407,4.00238323212,3.65071558952,3.28463459015,2.98244214058,3.1613047123,2.68572854996,1.54190552235,0.248638287187,0.0252328105271,0.0126450723037,0.0317612886429,0.0356084741652,0.00724411243573,0.000620222825091],"dvar":[2.57301092148,40.2548332214,93.6211929321,11.7469778061,13.9832801819,59.3325500488,243.463546753,377.684814453,1178.99230957,1156.37316895,2282.35791016,4257.68310547,5349.73730469,3941.24511719,2507.16992188,1715.21875,924.173034668,629.653442383,762.291137695,2473.9777832,635.741027832,440.455627441,465.011047363,327.669311523,135.086914062,80.0520095825,52.1318778992,42.811416626,35.8148078918,31.5664596558,36.3347434998,26.0068416595,8.70711517334,0.204484090209,0.00137276784517,0.00034175455221,0.00354868662544,0.00499535119161,0.000221400187002,0.00000216006174014],"dvar2":[6.9846200943,103.600631714,241.645751953,30.5888977051,36.4897575378,155.21913147,639.694580078,993.696960449,3221.19946289,2937.10522461,5858.37548828,11635.7509766,14059.4394531,10463.7568359,6752.77197266,4801.37353516,2393.04150391,1592.38623047,1832.55480957,5388.69189453,1589.49755859,985.444458008,1001.59619141,687.740722656,281.051208496,160.325119019,103.063728333,87.8614425659,74.5079345703,65.8737258911,79.3772888184,56.1622047424,18.4415073395,0.406858533621,0.00304563972168,0.000795329222456,0.00718746893108,0.0105885257944,0.000490847975016,0.00000469217047794],"max":[14.2661447525,74.9979858398,115.576797485,59.2151451111,80.5465240479,271.024200439,504.60925293,444.478271484,879.34576416,1467.20715332,1054.11315918,2297.37133789,1379.51464844,1879.08032227,1109.48205566,562.949829102,870.390319824,494.204223633,706.054016113,988.742858887,474.49899292,337.948577881,482.086883545,311.598419189,293.938842773,316.121032715,185.83644104,182.963226318,99.9221420288,70.6100769043,83.4666290283,64.640083313,52.3916435242,5.43331718445,0.747762620449,0.391734629869,0.937133133411,1.1355317831,0.535247266293,0.0553506910801],"mean":[0.426750987768,1.84846937656,2.66344380379,1.77362406254,2.3592069149,4.43174219131,8.20214366913,11.9952774048,18.4402084351,22.6530399323,31.2836532593,43.8864555359,50.1940116882,47.0783958435,40.1149520874,36.8199577332,24.4866371155,21.4085178375,20.3000183105,24.9922962189,11.3852081299,8.85004997253,8.83996868134,7.40988969803,5.30973672867,4.39393615723,3.66934537888,3.15573859215,2.5424323082,2.13038086891,2.07152628899,1.74958908558,1.04636442661,0.183196142316,0.0177090000361,0.00856874417514,0.0235064607114,0.0246413610876,0.00592378433794,0.000783789320849],"median":[0.0381220988929,0.342540532351,0.544941425323,0.718770563602,1.08978497982,1.68555939198,2.66945934296,3.38246202469,4.3572640419,6.97063446045,10.9943532944,13.6208944321,15.7126598358,14.925907135,15.866976738,14.9485063553,9.74544525146,8.98026847839,6.25502252579,4.40053033829,1.97096562386,1.09958600998,0.976673960686,0.634997606277,0.406624376774,0.305580466986,0.251371234655,0.222262576222,0.133304357529,0.068293876946,0.0453728549182,0.0300199817866,0.0180383510888,0.00817398354411,0.00370958633721,0.00213754805736,0.00174061860889,0.00107688899152,0.000485610013129,0.00011917379743],"min":[8.69888469111e-23,2.96038823263e-22,2.64636847992e-21,4.1989473117e-21,7.22909407241e-21,2.1081292447e-20,3.30321200562e-20,3.79834422571e-20,5.4066037026e-20,1.59871588057e-19,2.89144265991e-19,3.88567989349e-19,8.68251060544e-19,8.78243092151e-19,1.16061132721e-18,9.10912900637e-19,1.93474546746e-18,2.5621313564e-18,3.28647149853e-18,3.2709126448e-18,4.14238526364e-18,5.54681510743e-18,6.33706251922e-18,7.19279202985e-18,1.0050539746e-17,9.7743044348e-18,9.20975366673e-18,1.16854001882e-17,1.16769530197e-17,1.18256288087e-17,1.1273340166e-17,1.19158022488e-17,8.68285616015e-18,8.34556747511e-18,6.28081630552e-18,3.75929889681e-18,2.35722527699e-18,9.13893956167e-19,2.43352607105e-19,2.80915253537e-20],"var":[1.74977493286,31.7422847748,74.6348800659,11.2481098175,16.0635528564,74.0082626343,358.907897949,632.545837402,1911.24047852,2308.43115234,4055.23144531,7442.36425781,9227.44042969,7616.63671875,4254.68701172,3147.36645508,1639.01147461,1078.21203613,1302.42346191,3670.60791016,751.553222656,590.819824219,652.025268555,473.870635986,218.852279663,150.97883606,101.682327271,70.7552185059,48.3107795715,39.1231880188,40.8635025024,29.571149826,10.3708820343,0.275165468454,0.00165612471756,0.000382784463,0.00458344584331,0.00585466623306,0.00028416144778,0.00000480892504129]},"erbbands_crest":{"dmean":3.01778721809,"dmean2":4.9807138443,"dvar":7.59362030029,"dvar2":19.2620983124,"max":31.8970088959,"mean":9.32454395294,"median":8.47943592072,"min":1.79830431938,"var":18.0262203217},"erbbands_flatness_db":{"dmean":0.0293472800404,"dmean2":0.0420801304281,"dvar":0.000657995988149,"dvar2":0.00131500000134,"max":0.451129943132,"mean":0.183845832944,"median":0.188864484429,"min":0.033800534904,"var":0.00359464739449},"erbbands_kurtosis":{"dmean":1.62572598457,"dmean2":2.62441539764,"dvar":8.90286445618,"dvar2":22.0002803802,"max":121.442092896,"mean":1.87646377087,"median":1.03310012817,"min":-1.84286296368,"var":17.9221382141},"erbbands_skewness":{"dmean":0.470870167017,"dmean2":0.730258822441,"dvar":0.194428563118,"dvar2":0.431715786457,"max":7.45685768127,"mean":0.295725315809,"median":0.279239356518,"min":-4.65093040466,"var":0.720463812351},"erbbands_spread":{"dmean":7.36231088638,"dmean2":10.7498779297,"dvar":97.2349090576,"dvar2":194.330963135,"max":141.588272095,"mean":22.5776309967,"median":16.6876087189,"min":0.375067770481,"var":289.130706787},"gfcc":{"cov":[[21891.7792969,671.163330078,-1757.10974121,274.722595215,-158.020874023,62.6143341064,159.918655396,14.3060779572,197.484024048,-80.233001709,94.9018630981,-23.6571159363,-8.90550708771],[671.163330078,1800.26977539,-66.6255111694,-650.44152832,97.0364151001,-8.01961994171,-166.97277832,-67.8701324463,-144.174255371,120.797309875,-129.427505493,-19.3957767487,38.5206108093],[-1757.10974121,-66.6255111694,807.411804199,312.324737549,-26.4699993134,137.523849487,-55.436466217,67.3132705688,-38.4631233215,40.9496116638,3.85131549835,14.1295385361,-35.0193099976],[274.722595215,-650.44152832,312.324737549,716.063659668,82.6321640015,56.0475158691,109.030693054,24.4241256714,82.8225097656,-94.8874740601,58.1702690125,-1.96810102463,-14.3683900833],[-158.020874023,97.0364151001,-26.4699993134,82.6321640015,285.209197998,108.440040588,30.3822689056,39.7695922852,18.5587463379,-15.436466217,-18.5502433777,-3.71870708466,4.4866733551],[62.6143341064,-8.01961994171,137.523849487,56.0475158691,108.440040588,278.434692383,28.3012218475,69.0075302124,-0.0822243243456,14.8423252106,0.125290513039,6.61588382721,-24.6612167358],[159.918655396,-166.97277832,-55.436466217,109.030693054,30.3822689056,28.3012218475,187.074493408,27.4132175446,44.1954689026,-42.5007629395,36.7820549011,-13.00344944,-2.08338856697],[14.3060779572,-67.8701324463,67.3132705688,24.4241256714,39.7695922852,69.0075302124,27.4132175446,150.220336914,49.1749610901,26.9097270966,7.596783638,2.799680233,-25.6409893036],[197.484024048,-144.174255371,-38.4631233215,82.8225097656,18.5587463379,-0.0822243243456,44.1954689026,49.1749610901,152.587493896,25.9795398712,39.7824516296,-10.6043233871,-10.7553691864],[-80.233001709,120.797309875,40.9496116638,-94.8874740601,-15.436466217,14.8423252106,-42.5007629395,26.9097270966,25.9795398712,116.809288025,15.159655571,5.67199087143,-8.86989593506],[94.9018630981,-129.427505493,3.85131549835,58.1702690125,-18.5502433777,0.125290513039,36.7820549011,7.596783638,39.7824516296,15.159655571,83.9956665039,23.9279518127,-7.396089077],[-23.6571159363,-19.3957767487,14.1295385361,-1.96810102463,-3.71870708466,6.61588382721,-13.00344944,2.799680233,-10.6043233871,5.67199087143,23.9279518127,55.3993606567,30.1556777954],[-8.90550708771,38.5206108093,-35.0193099976,-14.3683900833,4.4866733551,-24.6612167358,-2.08338856697,-25.6409893036,-10.7553691864,-8.86989593506,-7.396089077,30.1556777954,67.7094573975]],"icov":[[0.000104485508928,-0.000229971265071,0.000533072510734,-0.000544539885595,0.000458317081211,-0.00029412569711,0.000148674123921,-0.000269634329015,0.000100312063296,-0.000109284934297,-0.0000562075147172,-0.0000760282782721,0.0000990342305158],[-0.000229971265071,0.00164400716312,-0.00164453627076,0.00236450275406,-0.00193415326066,0.000859413703438,-0.000322240841342,0.00116622832138,0.00000330651118929,-0.000287009868771,0.000588856113609,0.000811680860352,-0.000775672204327],[0.000533072510734,-0.00164453627076,0.00529238814488,-0.00489202747121,0.00363759836182,-0.00252099777572,0.00165059603751,-0.00256820442155,0.00200772774406,-0.00210801162757,0.0000749189057387,-0.000803612172604,0.00103265594225],[-0.000544539885595,0.00236450275406,-0.00489202747121,0.00710826041177,-0.00431391922757,0.00205200258642,-0.0014853150351,0.00266660866328,-0.00234856246971,0.0031816791743,-0.000903683772776,0.00127063249238,-0.00106206187047],[0.000458317081211,-0.00193415326066,0.00363759836182,-0.00431391922757,0.00763438874856,-0.00351143605076,0.0007660377305,-0.0024904597085,0.000231690661167,-0.00032788774115,0.000988817540929,-0.000547932228073,-0.000231910365983],[-0.00029412569711,0.000859413703438,-0.00252099777572,0.00205200258642,-0.00351143605076,0.00633587129414,-0.001744584064,-0.000126512401039,0.000210617130506,-0.000347206485458,0.0010491105495,-0.00198656925932,0.0020300494507],[0.000148674123921,-0.000322240841342,0.00165059603751,-0.0014853150351,0.0007660377305,-0.001744584064,0.00909182894975,-0.00277062295936,0.000117514297017,0.00307781039737,-0.00603782152757,0.00639429502189,-0.00379974907264],[-0.000269634329015,0.00116622832138,-0.00256820442155,0.00266660866328,-0.0024904597085,-0.000126512401039,-0.00277062295936,0.0114890486002,-0.00416117254645,-0.00126211321913,0.00422923220322,-0.00557954842225,0.0050437618047],[0.000100312063296,0.00000330651118929,0.00200772774406,-0.00234856246971,0.000231690661167,0.000210617130506,0.000117514297017,-0.00416117254645,0.0116837285459,-0.00400306098163,-0.00497804535553,0.00602802541107,-0.00285644340329],[-0.000109284934297,-0.000287009868771,-0.00210801162757,0.0031816791743,-0.00032788774115,-0.000347206485458,0.00307781039737,-0.00126211321913,-0.00400306098163,0.0149342957884,-0.00503338174894,0.00155617692508,-0.000676531344652],[-0.0000562075147172,0.000588856113609,0.0000749189057387,-0.000903683772776,0.000988817540929,0.0010491105495,-0.00603782152757,0.00422923220322,-0.00497804535553,-0.00503338174894,0.025672249496,-0.0191337186843,0.0111126592383],[-0.0000760282782721,0.000811680860352,-0.000803612172604,0.00127063249238,-0.000547932228073,-0.00198656925932,0.00639429502189,-0.00557954842225,0.00602802541107,0.00155617692508,-0.0191337186843,0.0423108413815,-0.0229937564582],[0.0000990342305158,-0.000775672204327,0.00103265594225,-0.00106206187047,-0.000231910365983,0.0020300494507,-0.00379974907264,0.0050437618047,-0.00285644340329,-0.000676531344652,0.0111126592383,-0.0229937564582,0.0289920866489]],"mean":[-74.2471694946,115.183197021,-101.917434692,-7.62500524521,-37.2421188354,8.31299304962,-9.35296726227,-3.85319638252,-4.57458496094,-3.12252259254,-6.2761759758,-2.13137531281,-5.97885322571]},"hfc":{"dmean":7.28698825836,"dmean2":9.88795566559,"dvar":160.812072754,"dvar2":263.664642334,"max":174.407821655,"mean":15.2275314331,"median":7.36285638809,"min":1.09429854052e-16,"var":427.425140381},"melbands":{"dmean":[0.00441583292559,0.00198238994926,0.000276359700365,0.000184364922461,0.000192008301383,0.000191010563867,0.00019489270926,0.000162245720276,0.000181512936251,0.000176495726919,0.000167492835317,0.000126086408272,0.0000863614841364,0.0000671029774821,0.0000508903103764,0.0000257578631135,0.0000271380085906,0.00002174882502,0.0000238497686951,0.0000212283412111,0.00000922978506424,0.00000730421425033,0.0000069022757998,0.00000599011264057,0.00000484014481117,0.00000350055370291,0.00000256995235759,0.00000226034103434,0.00000181813084055,0.00000170716270986,0.00000146269314882,0.00000133018352244,0.00000120403944948,0.0000011608120758,0.00000121059804314,0.00000131841386519,0.00000105881076706,8.59863177993e-7,4.2958697577e-7,5.42748210819e-8],"dmean2":[0.00744589557871,0.00329342950135,0.000459578237496,0.000301752821542,0.000313480879413,0.000315934012178,0.000322188949212,0.000267129507847,0.000299091567285,0.00029005217948,0.000278530060314,0.000208273748285,0.000142461256473,0.000110815642984,0.0000856904298416,0.000042194755224,0.0000444514262199,0.0000344034306181,0.0000366926033166,0.0000330317852786,0.000014645020201,0.0000111315475806,0.000010434793694,0.00000884989913175,0.00000714067755325,0.00000513837085236,0.00000375449917556,0.00000328175428876,0.00000261734589913,0.00000246146441896,0.00000212400118471,0.00000192423317458,0.00000174802221409,0.00000168801454947,0.00000176571199972,0.00000196504061023,0.00000154162785293,0.00000124197663354,6.08060361174e-7,7.73004842358e-8],"dvar":[0.00015131123655,0.0000401794131903,3.5125142972e-7,1.39406324706e-7,2.09410487173e-7,1.86517056022e-7,2.46967488238e-7,1.32184183599e-7,1.74003830011e-7,1.67523893424e-7,1.40687134831e-7,7.36160927772e-8,3.11766719108e-8,1.4758028577e-8,1.00232036004e-8,2.85585266546e-9,2.69954636423e-9,2.09653161498e-9,3.01689562221e-9,2.8473110536e-9,8.99031016299e-10,4.92237806071e-10,4.58070248399e-10,3.88063442491e-10,2.34288227707e-10,1.11290081317e-10,5.20874419985e-11,3.85183170082e-11,2.3453211595e-11,2.09531159784e-11,1.46390746747e-11,1.24563102888e-11,1.06522082821e-11,1.03064180454e-11,1.15904256678e-11,1.44333902469e-11,8.67427137063e-12,5.71860397577e-12,1.33800381798e-12,1.70672514072e-14],"dvar2":[0.00039652272244,0.000101922873,9.09483105715e-7,3.62488464134e-7,5.46496949028e-7,4.89259889491e-7,6.73560066389e-7,3.34373027044e-7,4.47468238463e-7,4.58290941197e-7,3.70452596599e-7,1.96417403231e-7,8.44664924671e-8,3.97195734081e-8,2.80248535489e-8,7.33876293069e-9,6.91469903558e-9,5.17617948503e-9,6.68791733105e-9,6.32195140682e-9,2.32224128816e-9,1.13192322182e-9,1.01668606867e-9,8.76757499935e-10,5.09913722357e-10,2.45379994102e-10,1.12712464362e-10,8.05837827023e-11,4.87767291835e-11,4.28654854667e-11,3.19157651696e-11,2.67197097781e-11,2.25615793409e-11,2.19241898941e-11,2.54583316234e-11,3.27528039412e-11,1.87187713246e-11,1.23403448918e-11,2.77949972066e-12,3.46050533335e-14],"max":[0.109770037234,0.0725067257881,0.00994491484016,0.00886125862598,0.0134156737477,0.00999106280506,0.0124829364941,0.0153981847689,0.00924113485962,0.0159939974546,0.00695134699345,0.00759877171367,0.00378925632685,0.00202846550383,0.00158888567239,0.00114622735418,0.00100787566043,0.0011436722707,0.000932505645324,0.00104317860678,0.000687923282385,0.000326234061504,0.000320952327456,0.000506003620103,0.00026460038498,0.000191329381778,0.000204823634704,0.000224960458581,0.000129012056277,0.000189302809304,0.0000791416459833,0.0000679521763232,0.0000521917136211,0.0000432995366282,0.00005412308019,0.0000471377315989,0.0000379410921596,0.0000406621256843,0.000017248412405,0.00000170847545178],"mean":[0.00365696451627,0.0018261524383,0.000325710163452,0.000238560183789,0.000272280070931,0.000277190905763,0.000281975488178,0.00024564602063,0.000272779347142,0.000272035133094,0.000249295670073,0.000192793857423,0.000134655958391,0.000108003994683,0.0000791806523921,0.0000400604476454,0.0000407549523516,0.0000326355657307,0.0000326386652887,0.0000264299724222,0.000011004452972,0.00000892747448233,0.00000864168123371,0.00000731918407837,0.00000593809409111,0.00000430002637586,0.00000327888392349,0.00000282885912384,0.00000230227874454,0.00000208755386666,0.00000173579292095,0.00000145430658449,0.00000125421331632,0.00000116187300137,0.00000116513547255,0.00000121371874684,0.00000100949284842,8.2219463593e-7,4.27142936132e-7,5.78194701006e-8],"median":[0.000468094047392,0.00038540220703,0.000143872632179,0.000101993879071,0.0000981234843493,0.0000796263557277,0.0000688166182954,0.0000775030057412,0.0000930287496885,0.0000817156906123,0.0000729510793462,0.0000583309156355,0.000050524915423,0.0000431235057476,0.0000308595081151,0.0000151169697347,0.0000157989015861,0.00000986296254268,0.00000676548506817,0.0000040200584408,0.00000166055963291,0.00000104032517356,9.01057717329e-7,7.64520507346e-7,4.69924799518e-7,3.14532201173e-7,2.3945904104e-7,1.86958558857e-7,1.54125459062e-7,1.38064550015e-7,1.22042820294e-7,8.07097251254e-8,4.60675906311e-8,3.32095986266e-8,2.61667274515e-8,2.15649382795e-8,1.67676574847e-8,1.30547723742e-8,9.45002032182e-9,5.41193490022e-9],"min":[7.85622335382e-25,1.12154760921e-24,8.13164970154e-25,1.29424602466e-24,1.57982432197e-24,8.20586031208e-25,6.30415825825e-25,1.31528908652e-24,2.1311225266e-24,2.37154208696e-24,3.39248685657e-24,3.33041770283e-24,3.01715038774e-24,1.68609374666e-24,1.51319022738e-24,3.57633601813e-24,4.12124878816e-24,4.14023430357e-24,3.83282546399e-24,3.45260673502e-24,4.05249561596e-24,4.83267510692e-24,4.14848499977e-24,4.5573263634e-24,4.83414554365e-24,6.35204014304e-24,5.6623220931e-24,5.28178387546e-24,4.59094722075e-24,4.15242102126e-24,5.90539814256e-24,4.94742478635e-24,5.00711907434e-24,6.10745145279e-24,4.91294091517e-24,6.54971566968e-24,6.55045049362e-24,4.13686468421e-24,6.44864049962e-24,6.3211148234e-24],"var":[0.00011291426199,0.0000328164860548,3.44430191035e-7,1.82720654607e-7,3.21989659824e-7,3.21627567246e-7,4.19133840524e-7,2.65509839892e-7,3.08109207481e-7,2.95025245123e-7,2.36972695689e-7,1.37372239806e-7,5.21124050579e-8,2.73889515512e-8,1.69678173734e-8,4.70315431045e-9,4.29583346673e-9,3.47039064152e-9,4.85384887838e-9,4.04801037135e-9,9.2886071057e-10,6.25162810408e-10,6.23235685282e-10,4.87788642811e-10,3.21144805193e-10,1.54852505818e-10,8.94139345897e-11,6.65351246321e-11,4.25828122763e-11,3.50882482791e-11,2.18378856665e-11,1.61738504534e-11,1.32549327417e-11,1.22584989035e-11,1.29764272244e-11,1.5107444809e-11,9.91793886601e-12,6.58631829631e-12,1.67422564527e-12,2.33595948981e-14]},"melbands_crest":{"dmean":4.38775968552,"dmean2":7.05963039398,"dvar":19.1477355957,"dvar2":41.4601898193,"max":38.6453552246,"mean":14.1104812622,"median":12.468170166,"min":1.53400218487,"var":48.3925895691},"melbands_flatness_db":{"dmean":0.0383534654975,"dmean2":0.059206392616,"dvar":0.00122496450786,"dvar2":0.00300523149781,"max":0.597256481647,"mean":0.251596271992,"median":0.252220869064,"min":0.0030180150643,"var":0.00604762556031},"melbands_kurtosis":{"dmean":10.7475423813,"dmean2":17.9825649261,"dvar":936.227355957,"dvar2":2565.55639648,"max":609.331359863,"mean":11.4125366211,"median":2.32102203369,"min":-1.7828553915,"var":966.508483887},"melbands_skewness":{"dmean":1.06477034092,"dmean2":1.64602613449,"dvar":2.30675530434,"dvar2":5.66134548187,"max":21.2149047852,"mean":1.90553224087,"median":1.28661620617,"min":-4.9827413559,"var":4.73077392578},"melbands_spread":{"dmean":6.61401319504,"dmean2":10.6557207108,"dvar":67.4917449951,"dvar2":163.926498413,"max":163.913742065,"mean":19.54047966,"median":16.729177475,"min":0.249646693468,"var":276.815734863},"mfcc":{"cov":[[15001.5742188,17.4802303314,-1110.42077637,192.266693115,-278.031494141,164.09513855,-120.53061676,339.488128662,-46.0775146484,278.040863037,-25.4711704254,214.321868896,-55.2515220642],[17.4802303314,2501.60864258,-273.549346924,-498.395477295,-34.9226493835,-9.8591594696,-54.2193374634,-230.879180908,7.28192996979,-93.919670105,34.7693519592,-136.745040894,-44.5137672424],[-1110.42077637,-273.549346924,810.596862793,183.245483398,115.024780273,49.6239089966,54.701210022,17.7273674011,-19.5451488495,32.3097496033,7.77186536789,34.4471931458,11.815410614],[192.266693115,-498.395477295,183.245483398,463.933135986,70.3682098389,36.1273231506,21.0974731445,75.0080566406,11.8223438263,12.7713079453,-32.9715232849,40.6052055359,6.0824213028],[-278.031494141,-34.9226493835,115.024780273,70.3682098389,285.343933105,90.3208465576,46.5575523376,62.5530586243,40.9894561768,31.5983467102,17.2602977753,3.5320956707,14.1964235306],[164.09513855,-9.8591594696,49.6239089966,36.1273231506,90.3208465576,168.56312561,73.9309692383,38.5259666443,15.5471363068,19.122959137,-9.78187274933,-4.96846485138,-1.08445847034],[-120.53061676,-54.2193374634,54.701210022,21.0974731445,46.5575523376,73.9309692383,146.63067627,84.1182556152,14.5540428162,7.72204351425,2.7370493412,5.4737238884,-3.3175804615],[339.488128662,-230.879180908,17.7273674011,75.0080566406,62.5530586243,38.5259666443,84.1182556152,154.801544189,47.0756454468,35.926410675,3.90769958496,28.3093204498,3.38213634491],[-46.0775146484,7.28192996979,-19.5451488495,11.8223438263,40.9894561768,15.5471363068,14.5540428162,47.0756454468,87.3135757446,41.1175422668,11.5162363052,3.73569726944,7.76103925705],[278.040863037,-93.919670105,32.3097496033,12.7713079453,31.5983467102,19.122959137,7.72204351425,35.926410675,41.1175422668,96.2219238281,48.4261245728,37.3028106689,6.59101581573],[-25.4711704254,34.7693519592,7.77186536789,-32.9715232849,17.2602977753,-9.78187274933,2.7370493412,3.90769958496,11.5162363052,48.4261245728,97.7746887207,52.025604248,3.67759275436],[214.321868896,-136.745040894,34.4471931458,40.6052055359,3.5320956707,-4.96846485138,5.4737238884,28.3093204498,3.73569726944,37.3028106689,52.025604248,91.4791030884,24.4044818878],[-55.2515220642,-44.5137672424,11.815410614,6.0824213028,14.1964235306,-1.08445847034,-3.3175804615,3.38213634491,7.76103925705,6.59101581573,3.67759275436,24.4044818878,57.9527015686]],"icov":[[0.000124822938233,-0.0000917031793506,0.00018809211906,-0.0000899501537788,0.000159792907652,-0.000263695197646,0.000419497286202,-0.00059739802964,0.000605975626968,-0.000650951464195,0.00041143965791,-0.000354606134351,0.00015056032862],[-0.0000917031793506,0.000718565133866,-0.0000683185571688,0.000536280218512,-0.000248842698056,0.0000336059674737,-0.000541582761798,0.00138387898915,-0.00123984762467,0.00122981506865,-0.000949703797232,0.000742633186746,0.000145676720422],[0.00018809211906,-0.0000683185571688,0.00183453515638,-0.000650981790386,-0.000388199317968,-0.000162752985489,-0.000304916553432,9.22612912291e-7,0.00161086779553,-0.00179016892798,0.000888136739377,-0.000805871502962,0.000166559126228],[-0.0000899501537788,0.000536280218512,-0.000650981790386,0.00339201488532,-0.000659466488287,-0.00017283912166,0.000351677677827,-0.000118490701425,-0.00109544140287,0.00112585211173,0.00155137770344,-0.00176720297895,0.000952632224653],[0.000159792907652,-0.000248842698056,-0.000388199317968,-0.000659466488287,0.00547035411,-0.00292864418589,0.00160741072614,-0.00281621632166,-0.000243510934524,-0.000253880192759,-0.00197221338749,0.00175450986717,-0.00158111401834],[-0.000263695197646,0.0000336059674737,-0.000162752985489,-0.00017283912166,-0.00292864418589,0.0101861907169,-0.00604794267565,0.0032325105276,-0.000799832807388,-0.00184804166202,0.00233207712881,0.000220389250899,0.000275382801192],[0.000419497286202,-0.000541582761798,-0.000304916553432,0.000351677677827,0.00160741072614,-0.00604794267565,0.0152738271281,-0.010573416017,0.0033814124763,0.000833546684589,-0.00148913718294,0.000404025166063,0.0003704316332],[-0.00059739802964,0.00138387898915,9.22612912291e-7,-0.000118490701425,-0.00281621632166,0.0032325105276,-0.010573416017,0.0188413783908,-0.00885103456676,0.00115794246085,0.00161151331849,-0.00287779141217,0.00171438965481],[0.000605975626968,-0.00123984762467,0.00161086779553,-0.00109544140287,-0.000243510934524,-0.000799832807388,0.0033814124763,-0.00885103456676,0.0220138914883,-0.011308260262,0.00223813694902,0.00223672972061,-0.00257919239812],[-0.000650951464195,0.00122981506865,-0.00179016892798,0.00112585211173,-0.000253880192759,-0.00184804166202,0.000833546684589,0.00115794246085,-0.011308260262,0.0242585688829,-0.0108449570835,-0.000258481188212,0.000131091292133],[0.00041143965791,-0.000949703797232,0.000888136739377,0.00155137770344,-0.00197221338749,0.00233207712881,-0.00148913718294,0.00161151331849,0.00223813694902,-0.0108449570835,0.024301532656,-0.014478395693,0.00515489839017],[-0.000354606134351,0.000742633186746,-0.000805871502962,-0.00176720297895,0.00175450986717,0.000220389250899,0.000404025166063,-0.00287779141217,0.00223672972061,-0.000258481188212,-0.014478395693,0.0256329067051,-0.00979812350124],[0.00015056032862,0.000145676720422,0.000166559126228,0.000952632224653,-0.00158111401834,0.000275382801192,0.0003704316332,0.00171438965481,-0.00257919239812,0.000131091292133,0.00515489839017,-0.00979812350124,0.0218200385571]],"mean":[-723.373046875,165.569061279,-5.3401556015,2.16153526306,-4.44785070419,12.6303024292,3.68912506104,7.36510038376,4.28624868393,7.28360700607,0.956576645374,3.50519800186,-0.92246979475]},"pitch_salience":{"dmean":0.097918972373,"dmean2":0.158880323172,"dvar":0.00865243840963,"dvar2":0.0204149931669,"max":0.91949647665,"mean":0.584397375584,"median":0.611348807812,"min":0.0618156827986,"var":0.0205190498382},"silence_rate_20dB":{"dmean":0,"dmean2":0,"dvar":0,"dvar2":0,"max":1,"mean":1,"median":1,"min":1,"var":0},"silence_rate_30dB":{"dmean":0.0821092799306,"dmean2":0.164230629802,"dvar":0.0753550603986,"dvar2":0.154585748911,"max":1,"mean":0.92061394453,"median":1,"min":0,"var":0.0730800703168},"silence_rate_60dB":{"dmean":0.0537602826953,"dmean2":0.107528463006,"dvar":0.0508649609983,"dvar2":0.113746836782,"max":1,"mean":0.168098703027,"median":0,"min":0,"var":0.139815345407},"spectral_centroid":{"dmean":217.192077637,"dmean2":305.536071777,"dvar":88906.7109375,"dvar2":152296.546875,"max":11638.3251953,"mean":1061.32446289,"median":860.668457031,"min":137.017272949,"var":778113.0625},"spectral_complexity":{"dmean":3.95975327492,"dmean2":5.36452436447,"dvar":26.6862335205,"dvar2":36.1393241882,"max":63,"mean":16.2136306763,"median":15,"min":0,"var":137.496963501},"spectral_contrast_coeffs":{"dmean":[0.0512810014188,0.0480295307934,0.0382735617459,0.0301762409508,0.0238316636533,0.0253732725978],"dmean2":[0.0849310085177,0.0807755589485,0.0644027963281,0.0497490987182,0.0382081158459,0.0383642576635],"dvar":[0.00167465559207,0.00146057025995,0.000923008599784,0.000635764386971,0.000451018015156,0.000587706861552],"dvar2":[0.00440869247541,0.00410810206085,0.00260995840654,0.00163423933554,0.00108866579831,0.00127777503803],"max":[-0.341593384743,-0.43718418479,-0.553269028664,-0.601520121098,-0.670292675495,-0.520578026772],"mean":[-0.722059845924,-0.785776615143,-0.808695793152,-0.813163757324,-0.841381251812,-0.789296269417],"median":[-0.726764559746,-0.789918601513,-0.811213612556,-0.813443362713,-0.838906049728,-0.794461488724],"min":[-0.978312253952,-0.977207779884,-0.977702438831,-0.977361500263,-0.965846896172,-0.96460288763],"var":[0.00576078472659,0.00410653371364,0.00279071531259,0.00247578369454,0.00170341681223,0.00329888472334]},"spectral_contrast_valleys":{"dmean":[0.508596777916,0.398599117994,0.36762586236,0.383402407169,0.449868232012,0.586675226688],"dmean2":[0.780763089657,0.631456553936,0.559384763241,0.557019591331,0.592904031277,0.789004981518],"dvar":[0.212838828564,0.136685967445,0.14304164052,0.187191650271,0.221681907773,0.264044046402],"dvar2":[0.417491167784,0.282621413469,0.278083115816,0.346975117922,0.377974182367,0.506679654121],"max":[-4.90349245071,-4.19762277603,-4.6850066185,-5.34387016296,-5.56013441086,-8.19922733307],"mean":[-7.56230258942,-6.82776880264,-7.05426073074,-7.91021108627,-8.58475589752,-11.321598053],"median":[-7.29407978058,-6.50494098663,-6.65768861771,-7.55017948151,-8.45595741272,-11.3592166901],"min":[-28.045633316,-28.0542430878,-27.8708248138,-27.6473503113,-27.5936965942,-27.4235877991],"var":[3.42900395393,3.56186795235,3.64774155617,3.47566056252,3.34954071045,2.7087225914]},"spectral_decrease":{"dmean":6.08048944528e-9,"dmean2":9.4405097073e-9,"dvar":1.95768769398e-16,"dvar2":4.66179511477e-16,"max":1.46928473234e-28,"mean":-8.00224686515e-9,"median":-3.4000873228e-9,"min":-1.27979262743e-7,"var":2.01791239828e-16},"spectral_energy":{"dmean":0.0235338695347,"dmean2":0.0363129973412,"dvar":0.00286906701513,"dvar2":0.00678199110553,"max":0.490638822317,"mean":0.0315834023058,"median":0.0136790443212,"min":1.00534069543e-20,"var":0.00303452764638},"spectral_energyband_high":{"dmean":0.000354653864633,"dmean2":0.00049027701607,"dvar":7.52841799567e-7,"dvar2":0.00000146854267769,"max":0.00976788438857,"mean":0.000412093941122,"median":0.0000246329436777,"min":6.93657748154e-21,"var":0.00000113133330615},"spectral_energyband_low":{"dmean":0.0182717442513,"dmean2":0.0300906281918,"dvar":0.00236754445359,"dvar2":0.0059574842453,"max":0.435430198908,"mean":0.0162380058318,"median":0.00283749913797,"min":2.08653109897e-23,"var":0.00194688374177},"spectral_energyband_middle_high":{"dmean":0.00248524104245,"dmean2":0.00372340343893,"dvar":0.000017337342797,"dvar2":0.0000384263476008,"max":0.0772870853543,"mean":0.00537856947631,"median":0.00248977541924,"min":1.31244058552e-21,"var":0.000052392402722},"spectral_energyband_middle_low":{"dmean":0.00348818325438,"dmean2":0.0053928415291,"dvar":0.0000314063545375,"dvar2":0.0000756817971705,"max":0.128630578518,"mean":0.00826359260827,"median":0.0043699266389,"min":1.50729104665e-22,"var":0.000117177769425},"spectral_entropy":{"dmean":0.23667216301,"dmean2":0.330228120089,"dvar":0.0548629313707,"dvar2":0.105914056301,"max":9.82075881958,"mean":7.33231019974,"median":7.27691459656,"min":4.25928974152,"var":0.310348540545},"spectral_flux":{"dmean":0.0391315035522,"dmean2":0.059901677072,"dvar":0.00417377986014,"dvar2":0.00888089183718,"max":0.615678608418,"mean":0.0994733646512,"median":0.0721951648593,"min":6.39628558452e-11,"var":0.00841122772545},"spectral_kurtosis":{"dmean":4.76392555237,"dmean2":7.25527667999,"dvar":29.4638404846,"dvar2":75.528137207,"max":76.8601379395,"mean":13.8744287491,"median":12.3444547653,"min":-1.2760052681,"var":89.1899642944},"spectral_rms":{"dmean":0.00147238408681,"dmean2":0.00205902010202,"dvar":0.00000563401545151,"dvar2":0.0000113143241833,"max":0.0218785740435,"mean":0.00438843294978,"median":0.00365313678049,"min":3.13180492824e-12,"var":0.0000115546854431},"spectral_rolloff":{"dmean":350.550933838,"dmean2":585.882751465,"dvar":546166.25,"dvar2":1319860.125,"max":19272.2167969,"mean":1147.97839355,"median":904.39453125,"min":21.533203125,"var":3494613.75},"spectral_skewness":{"dmean":0.452631562948,"dmean2":0.64128780365,"dvar":0.195853531361,"dvar2":0.417070627213,"max":7.1040687561,"mean":2.62045884132,"median":2.64506077766,"min":-0.0891628861427,"var":1.00167322159},"spectral_spread":{"dmean":661064,"dmean2":956778.375,"dvar":595755073536,"dvar2":1127348043780,"max":45875104,"mean":3489990.5,"median":2997061.75,"min":945793.8125,"var":7867394949120},"spectral_strongpeak":{"dmean":0.426382303238,"dmean2":0.72876149416,"dvar":0.434046208858,"dvar2":1.09998512268,"max":8.65828609467,"mean":0.546306610107,"median":0.206114977598,"min":0,"var":0.647801041603},"zerocrossingrate":{"dmean":0.0081247407943,"dmean2":0.00973679032177,"dvar":0.000114976486657,"dvar2":0.00016736460384,"max":0.7607421875,"mean":0.0467610061169,"median":0.03662109375,"min":0.001953125,"var":0.0025664428249}},"metadata":{"audio_properties":{"analysis_sample_rate":44100,"bit_rate":320000,"codec":"mp3","downmix":"mix","equal_loudness":0,"length":316.152008057,"lossless":false,"md5_encoded":"ca7842ee23f8d50fa8adb7826ca147f3","replay_gain":-5.08493423462,"sample_rate":48000},"tags":{"album":["Speaking in Tongues"],"albumartist":["Talking Heads"],"albumartistsort":["Talking Heads","Talking Heads"],"artist":["Talking Heads"],"artistsort":["Talking Heads"],"asin":["B000002KZ6"],"barcode":["075992388320"],"catalognumber":["7599-23883-2"],"composer":["Tina Weymouth/Jerry Harrison/Chris Frantz/David Byrne"],"date":["1983"],"discnumber":["1/1"],"encodedby":["iTunes 8.2"],"file_name":"06. Talking Heads - Swamp.mp3","genre":["New Wave"],"label":["Sire Records"],"language":["eng"],"lyricist":["David Byrne"],"musicbrainz album release country":["GB"],"musicbrainz album status":["official"],"musicbrainz album type":["album"],"musicbrainz_albumartistid":["a94a7155-c79d-4409-9fcf-220cb0e4dc3a"],"musicbrainz_albumid":["a04486fc-31b7-48e1-8239-07cd30e67ef7"],"musicbrainz_artistid":["a94a7155-c79d-4409-9fcf-220cb0e4dc3a"],"musicbrainz_recordingid":["0ec047a0-96bd-46b9-9020-1537f48fd39f"],"script":["Latn"],"title":["Swamp"],"tracknumber":["6/9"]},"version":{"essentia":"2.1-beta1","essentia_build_sha":"ca57ba49d9b1854bd80e60cf9ccf267278fb7d6b","essentia_git_sha":"v2.1_beta1-28-g21ef5f4-dirty","extractor":"music 1.0"}},"rhythm":{"beats_count":612,"beats_loudness":{"dmean":0.0455447845161,"dmean2":0.0866042226553,"dvar":0.00169688370079,"dvar2":0.00551106082276,"max":0.290939897299,"mean":0.0769989192486,"median":0.0718064308167,"min":0,"var":0.0019513797015},"beats_loudness_band_ratio":{"dmean":[0.203010469675,0.0397401936352,0.0825833305717,0.0846670344472,0.0563487783074,0.031691364944],"dmean2":[0.373657315969,0.0707791596651,0.147286012769,0.161094710231,0.109631612897,0.0573986545205],"dvar":[0.0225659832358,0.00256468704902,0.0056647984311,0.00454281130806,0.00119716254994,0.001361