{"lowlevel":{"average_loudness":0.868034958839,"barkbands":{"dmean":[0.000019166553102,0.00229271152057,0.00204716040753,0.00223168241791,0.00127988995519,0.000711456174031,0.000639651727397,0.000813377206214,0.00156963756308,0.000569645606447,0.000453738583019,0.000676815630868,0.000429961684858,0.000381906866096,0.000280140637187,0.00018540545716,0.000169004531926,0.000076882308349,0.0000792054997873,0.0000430475811299,0.0000460477713204,0.0000255999057117,0.00001544065708,0.00000972400903265,0.00000659917350276,0.00000312459746965,2.32555734669e-7],"dmean2":[0.0000306077272398,0.00372161343694,0.0034201417584,0.00374903925695,0.00209109345451,0.00111181242391,0.000920643855352,0.00111772632226,0.00228250864893,0.000830872741062,0.000646491302177,0.000979403732345,0.000607643334661,0.000564890273381,0.000421952630859,0.000288199487841,0.000247277115704,0.00011558947881,0.000116424613225,0.0000658591161482,0.0000668569700792,0.0000388282714994,0.0000243136983045,0.000014858556824,0.0000101348505268,0.00000483122403239,3.79716738053e-7],"dvar":[2.8898383686e-9,0.0000210836897168,0.0000148174831338,0.0000187103905773,0.00000369518147636,0.00000234830417867,0.00000296743633044,0.00000561396427656,0.0000199630030693,0.00000255485929301,0.00000303024216919,0.00000371003943656,0.00000140430836382,0.00000132269371989,8.79422543676e-7,2.54419717294e-7,2.51482816793e-7,2.62702837261e-8,4.60500721999e-8,1.71978093988e-8,1.02900914456e-8,5.48725820337e-9,8.82643380606e-9,1.19674903321e-9,4.06522038254e-10,8.85269219042e-11,8.15059987818e-13],"dvar2":[6.730409563e-9,0.0000541579065612,0.000040891169192,0.0000481660463265,0.00000990079752228,0.00000553207019038,0.00000594100765738,0.00000965492108662,0.0000425189209636,0.00000490644924867,0.00000588945886193,0.00000770405313233,0.00000257963574768,0.00000247021034738,0.00000189334059542,5.97797395585e-7,4.9692681614e-7,5.76954768405e-8,1.07458291154e-7,4.31908802057e-8,2.00887395607e-8,1.33124498092e-8,2.26155663086e-8,2.95785929083e-9,8.73930039447e-10,2.07393963114e-10,2.01794635689e-12],"max":[0.000755214714445,0.0493810102344,0.0688231959939,0.0783236920834,0.0202155020088,0.0327956266701,0.0395368002355,0.0475898347795,0.0655982643366,0.0423585660756,0.0416440181434,0.035016156733,0.0354187339544,0.0364801287651,0.0281408987939,0.00916517805308,0.00995402224362,0.00312658539042,0.00613014772534,0.00495830876753,0.00256551429629,0.00166553573217,0.00279462267645,0.000730972038582,0.000593714299612,0.00010247080354,0.0000135070386023],"mean":[0.0000193016549019,0.00316917523742,0.00310514145531,0.00312544987537,0.00227402150631,0.00138415256515,0.00142815930303,0.00160431268159,0.00369974295609,0.0011154395761,0.00094041909324,0.00139266066253,0.000826872303151,0.000631327333394,0.000480307789985,0.000327026587911,0.000316091027344,0.000143968150951,0.000153419809067,0.0000846745533636,0.000096648298495,0.0000452894382761,0.0000207140965358,0.0000140953088703,0.00000895798621059,0.00000328412465933,1.97097534738e-7],"median":[0.00000127083922052,0.0015548839001,0.00170652684756,0.00118587678298,0.0014839770738,0.000476186425658,0.000362284306902,0.000318109843647,0.00051037594676,0.000232604783378,0.0000722585537005,0.000246286770562,0.000162598240422,0.000100940233096,0.000126970524434,0.0000843893431011,0.0000745120996726,0.0000542982234037,0.0000537433443242,0.0000402330479119,0.0000330283182848,0.0000148374247146,0.00000532569902134,0.0000050408352763,0.00000250804987445,6.84219799041e-7,2.01081373774e-8],"min":[8.14729478544e-25,3.70622906592e-24,8.47634198104e-25,1.03796316174e-24,4.32861980976e-24,7.0725640002e-24,9.85327581413e-24,1.12931970351e-23,1.40203633373e-23,1.36539737345e-23,1.31767665294e-23,1.61598566642e-23,3.1427044639e-23,2.58347954824e-23,3.54089052551e-23,6.17825448005e-23,5.44523798494e-23,7.68956619296e-23,1.2540853763e-22,1.81694836068e-22,2.63295794551e-22,2.04534404002e-22,3.89131225837e-22,6.16360981377e-22,8.87677585446e-22,1.28435279541e-21,1.96762397426e-21],"var":[3.11482972748e-9,0.0000236946852965,0.0000177688634722,0.000030022858482,0.00000691571358402,0.000007733291568,0.0000140973679663,0.0000188849789993,0.0000782081988291,0.0000082492342699,0.0000121607690744,0.0000122821702462,0.00000564767015021,0.00000313432474286,0.00000157033900905,5.5451806702e-7,8.00255804734e-7,7.24867916801e-8,9.37712201221e-8,2.70357034537e-8,2.8513497341e-8,8.12275668949e-9,7.84188447511e-9,1.24673782409e-9,5.24911503152e-10,8.70541139175e-11,6.34840595891e-13]},"barkbands_crest":{"dmean":2.32009005547,"dmean2":3.66657686234,"dvar":4.59650945663,"dvar2":11.8689289093,"max":24.3377399445,"mean":10.8343601227,"median":9.8558549881,"min":2.88817739487,"var":19.0020656586},"barkbands_flatness_db":{"dmean":0.0206463839859,"dmean2":0.0303946360946,"dvar":0.000395590701373,"dvar2":0.000842547800858,"max":0.438489705324,"mean":0.192049399018,"median":0.175353184342,"min":0.0282412339002,"var":0.00581141840667},"barkbands_kurtosis":{"dmean":3.06873440742,"dmean2":4.76305484772,"dvar":30.5424747467,"dvar2":73.4846801758,"max":194.746505737,"mean":7.85123348236,"median":2.37151432037,"min":-1.84260249138,"var":373.39666748},"barkbands_skewness":{"dmean":0.484332025051,"dmean2":0.735752105713,"dvar":0.269491910934,"dvar2":0.590507566929,"max":9.12012577057,"mean":1.48018217087,"median":1.28372466564,"min":-2.77793192863,"var":2.58047366142},"barkbands_spread":{"dmean":3.37603211403,"dmean2":5.20580196381,"dvar":25.4791908264,"dvar2":55.0843315125,"max":117.179130554,"mean":14.0825872421,"median":13.1008462906,"min":0.616530478001,"var":88.233581543},"dissonance":{"dmean":0.0246098954231,"dmean2":0.0411204844713,"dvar":0.000627314730082,"dvar2":0.00170204404276,"max":0.499895304441,"mean":0.435915023088,"median":0.449138313532,"min":0.126626208425,"var":0.00265472684987},"dynamic_complexity":5.76266479492,"erbbands":{"dmean":[0.0386072993279,0.617346942425,2.12547707558,5.28673791885,6.07809829712,3.33461809158,3.68546152115,6.76015806198,8.94360160828,9.36680316925,21.5250701904,34.1887130737,27.3561172485,16.3104515076,20.8556156158,26.3072166443,18.2484607697,19.8627243042,14.5739183426,9.63906764984,11.2110614777,7.95673942566,4.24170923233,4.01161003113,3.41291356087,1.98816227913,1.99773955345,1.50253486633,0.952656626701,0.702492237091,0.381087392569,0.248215526342,0.143078386784,0.0862111002207,0.0425502806902,0.0192943327129,0.00453869067132,0.000630408118013,0.000033828557207,0.00000907242701942],"dmean2":[0.0620858073235,1.02129983902,3.56128287315,8.74829292297,10.0707921982,5.51412534714,5.75452947617,10.4765024185,13.4859447479,12.7104320526,28.9337615967,47.3463439941,38.7242202759,22.5141544342,29.2189445496,37.6763381958,24.8809337616,28.6025981903,21.5925045013,13.7849607468,17.2790050507,11.943151474,6.31432008743,5.99713611603,5.18158531189,3.00264620781,2.90875196457,2.19854688644,1.41892361641,1.09524726868,0.596675872803,0.379539489746,0.220940560102,0.133720427752,0.0654455274343,0.029493983835,0.00701948162168,0.000991430366412,0.0000540701184946,0.0000134731981234],"dvar":[0.00846319459379,1.47357344627,15.4383306503,106.86126709,91.0758209229,29.8611030579,56.7854347229,244.316497803,527.65802002,729.300476074,3932.93432617,9945.5546875,6785.83984375,1978.3046875,3996.29077148,5509.03417969,2713.47973633,3599.54931641,1954.7532959,973.800476074,935.255493164,633.390258789,108.641403198,94.9091491699,154.149032593,32.5641098022,20.3439693451,11.6359157562,7.14258718491,12.7200126648,4.54295825958,0.999594092369,0.23445853591,0.0927678719163,0.0123092615977,0.00282685109414,0.000193569023395,0.00000422006951339,1.61842397262e-8,1.63914659623e-10],"dvar2":[0.0201348531991,3.83685207367,42.7527427673,263.779998779,237.418884277,80.6618652344,135.315765381,551.456970215,1149.33947754,1086.4453125,7029.18359375,19439.1542969,15522.1054688,3593.35009766,6959.18359375,12014.515625,4939.52490234,6442.27148438,4131.27636719,1979.95031738,2168.19750977,1313.01867676,227.024078369,210.183563232,399.910980225,80.8453826904,41.0719413757,23.5488491058,17.3112220764,33.7234764099,11.2868719101,2.42214179039,0.57805454731,0.20033352077,0.0279987640679,0.00655398517847,0.000458848517155,0.0000101107270893,4.00390973709e-8,3.63843066786e-10],"max":[0.737805962563,13.5551862717,68.0872192383,173.283370972,133.156784058,68.2817001343,163.07409668,417.785949707,707.183349609,701.700439453,1304.93908691,1846.08874512,1750.61010742,1091.8416748,1635.43591309,1589.05761719,1414.62670898,2171.89819336,1012.62384033,1141.35205078,592.832763672,614.638366699,292.483184814,250.708023071,497.080291748,203.018936157,108.21925354,75.8416671753,59.8409118652,113.668136597,57.6745948792,25.4891452789,10.0893306732,10.1999959946,3.0848402977,0.632259607315,0.152473092079,0.021677557379,0.00187845155597,0.000173704451299],"mean":[0.0522054955363,0.863753557205,3.28765463829,8.19598579407,9.85116386414,5.84205532074,6.86479473114,12.8989200592,18.7969284058,22.6677837372,44.9502868652,78.9746627808,62.5648422241,32.7649269104,49.4121170044,56.7567253113,38.3189888,38.1919822693,26.8648834229,19.3008594513,21.6718254089,15.9070930481,8.76556682587,8.15339851379,6.65078639984,4.14434576035,4.26910877228,3.0116314888,1.74830806255,1.06384897232,0.519135653973,0.34421262145,0.207022547722,0.118486359715,0.0529633723199,0.0209626071155,0.00473727378994,0.000626903027296,0.0000411661858379,0.0000313875643769],"median":[0.0143415490165,0.458471119404,2.07253217697,3.13453578949,6.22031354904,3.4467253685,2.88395524025,4.11786794662,6.9478430748,5.2750043869,10.6979532242,12.7485647202,13.0640478134,9.77491664886,9.43468284607,11.6912593842,9.68562793732,7.57494068146,7.32629060745,5.11022996902,7.3679189682,4.32391452789,3.32094597816,3.05198049545,2.58962655067,2.03171420097,1.53641235828,1.01014602184,0.589697897434,0.323466271162,0.140228107572,0.113898083568,0.0703502967954,0.0337942056358,0.0143022742122,0.00454900041223,0.00101377151441,0.000117118099297,0.0000184276686923,0.0000267495852313],"min":[1.21609938868e-22,4.36171418134e-22,1.87941857131e-21,6.71835649229e-21,1.64212913024e-20,1.39213253091e-20,4.20635073974e-20,8.10444616186e-20,1.6223342135e-19,1.08456613196e-19,2.43923646071e-19,3.43510970245e-19,4.55901214994e-19,5.63699702615e-19,9.76932460071e-19,9.16860639434e-19,1.59874418566e-18,1.95051049596e-18,1.96599531703e-18,2.36149022023e-18,3.25121313171e-18,4.41913508118e-18,5.32531102864e-18,5.14347935921e-18,7.64763383327e-18,9.26850830564e-18,9.29305489032e-18,9.47186735051e-18,6.84538568515e-18,9.43917882707e-18,1.05328431186e-17,1.09563546291e-17,1.00094801548e-17,8.66338019262e-18,6.86755123044e-18,4.28260933467e-18,2.45362221724e-18,8.97200624225e-19,2.38749993231e-19,2.79158044035e-20],"var":[0.00953313149512,1.63885390759,17.4277133942,197.555511475,144.888412476,54.0041313171,145.579605103,841.480895996,1754.4720459,4951.39746094,13302.8613281,38462.828125,25134.0878906,5482.39306641,21276.96875,17770.8476562,11200.5742188,10356.1816406,3695.20996094,2593.13525391,2181.71020508,2127.36645508,356.985015869,195.955215454,227.863677979,60.0224723816,54.9594955444,29.8737297058,11.2457780838,10.7809743881,4.41515016556,1.05366742611,0.246765121818,0.110940329731,0.0156721509993,0.00299059227109,0.000186688659596,0.00000381729250876,1.2987587894e-8,6.46886155753e-10]},"erbbands_crest":{"dmean":2.44585728645,"dmean2":3.64842128754,"dvar":5.90970373154,"dvar2":13.1715602875,"max":30.6271762848,"mean":11.5433692932,"median":10.4762277603,"min":2.65254712105,"var":31.0240535736},"erbbands_flatness_db":{"dmean":0.0180572662503,"dmean2":0.0250757448375,"dvar":0.000312954332912,"dvar2":0.000551923294552,"max":0.36419403553,"mean":0.196302101016,"median":0.198379725218,"min":0.0455006919801,"var":0.00255846325308},"erbbands_kurtosis":{"dmean":1.02458870411,"dmean2":1.55416440964,"dvar":2.50208234787,"dvar2":5.54852867126,"max":47.080280304,"mean":2.13956522942,"median":0.592523097992,"min":-1.8651829958,"var":21.6622829437},"erbbands_skewness":{"dmean":0.338642865419,"dmean2":0.50688201189,"dvar":0.112431541085,"dvar2":0.239794552326,"max":5.33736133575,"mean":0.503999948502,"median":0.355792790651,"min":-2.55489802361,"var":1.05158877373},"erbbands_spread":{"dmean":5.25433683395,"dmean2":7.78062105179,"dvar":48.6015625,"dvar2":101.566192627,"max":143.956359863,"mean":26.6244277954,"median":24.4213962555,"min":3.20885539055,"var":235.50100708},"gfcc":{"cov":[[66427.21875,4178.94335938,-10146.5136719,781.180969238,-2551.43041992,949.994262695,-959.366455078,480.717803955,-1313.94067383,-144.480178833,-1305.20043945,-445.052490234,-250.787017822],[4178.94335938,1431.04516602,-322.59979248,-58.6051940918,-65.8381729126,-23.0829124451,19.6579627991,-47.9247360229,-37.5123748779,-96.9129867554,8.9274597168,-115.217582703,-36.8008995056],[-10146.5136719,-322.59979248,2334.42236328,-22.28383255,340.419921875,-66.6921463013,80.84375,-59.5468330383,141.926452637,50.5758857727,245.533630371,107.47795105,-40.1799468994],[781.180969238,-58.6051940918,-22.28383255,352.92666626,21.4404430389,1.91012275219,-110.450363159,-7.19764566422,10.0767335892,26.2243385315,-24.4144554138,2.69584488869,7.28564834595],[-2551.43041992,-65.8381729126,340.419921875,21.4404430389,354.705383301,-22.2400951385,46.9390563965,-18.1337585449,75.4518280029,1.73323476315,43.95362854,3.72133588791,21.211019516],[949.994262695,-23.0829124451,-66.6921463013,1.91012275219,-22.2400951385,196.010696411,64.4403076172,36.3524475098,-41.3377418518,16.209985733,20.0497627258,16.5795822144,-15.2637290955],[-959.366455078,19.6579627991,80.84375,-110.450363159,46.9390563965,64.4403076172,247.699462891,41.6733093262,12.8694992065,-20.8302879333,52.9668884277,0.506119072437,5.4864115715],[480.717803955,-47.9247360229,-59.5468330383,-7.19764566422,-18.1337585449,36.3524475098,41.6733093262,107.519515991,15.8799762726,17.1031608582,-13.4689245224,0.865088999271,-3.8451089859],[-1313.94067383,-37.5123748779,141.926452637,10.0767335892,75.4518280029,-41.3377418518,12.8694992065,15.8799762726,150.941070557,41.0916481018,22.5810089111,-13.9385099411,23.127161026],[-144.480178833,-96.9129867554,50.5758857727,26.2243385315,1.73323476315,16.209985733,-20.8302879333,17.1031608582,41.0916481018,98.7051315308,21.4684295654,1.70550298691,-9.64266014099],[-1305.20043945,8.9274597168,245.533630371,-24.4144554138,43.95362854,20.0497627258,52.9668884277,-13.4689245224,22.5810089111,21.4684295654,113.926177979,31.1353244781,-5.89487552643],[-445.052490234,-115.217582703,107.47795105,2.69584488869,3.72133588791,16.5795822144,0.506119072437,0.865088999271,-13.9385099411,1.70550298691,31.1353244781,102.182533264,20.6890697479],[-250.787017822,-36.8008995056,-40.1799468994,7.28564834595,21.211019516,-15.2637290955,5.4864115715,-3.8451089859,23.127161026,-9.64266014099,-5.89487552643,20.6890697479,76.8052368164]],"icov":[[0.000291449337965,-0.000777243985794,0.000882493855897,-0.000475910928799,0.000591751653701,-0.000913637690246,0.000583473651204,-0.000848343071993,0.000943815568462,-0.000829397700727,0.001148508396,-0.00071000342723,0.000547986477613],[-0.000777243985794,0.00298213213682,-0.00220899400301,0.00131135515403,-0.00145603704732,0.00245143473148,-0.00143924972508,0.00245788739994,-0.00261131976731,0.00325118820183,-0.00396696571261,0.00294433673844,-0.00117697066162],[0.000882493855897,-0.00220899400301,0.00337670673616,-0.00144094671123,0.00135661754757,-0.00247566215694,0.00177747162525,-0.00238247332163,0.00245757587254,-0.0022885275539,0.00228954409249,-0.00262101599947,0.00246782624163],[-0.000475910928799,0.00131135515403,-0.00144094671123,0.00426425877959,-0.00142428895924,0.000781815149821,0.000831453187857,0.00121157383546,-0.00172126328107,0.000973428133875,-0.00161660718732,0.00123448297381,-0.00135007640347],[0.000591751653701,-0.00145603704732,0.00135661754757,-0.00142428895924,0.00499019073322,-0.00190209841821,0.000473129010061,-0.00095949228853,0.000451786443591,-0.000982570112683,0.00212300475687,-0.000972337729763,0.000406861072406],[-0.000913637690246,0.00245143473148,-0.00247566215694,0.000781815149821,-0.00190209841821,0.0100332973525,-0.00389603432268,0.000975476228632,-0.000322781619616,0.000576633843593,-0.0047328225337,0.00139119813684,-0.000899953301996],[0.000583473651204,-0.00143924972508,0.00177747162525,0.000831453187857,0.000473129010061,-0.00389603432268,0.00817541964352,-0.00452361581847,0.00137344549876,0.00113602553029,-0.0012314687483,0.00019690184854,-0.0000673229806125],[-0.000848343071993,0.00245788739994,-0.00238247332163,0.00121157383546,-0.00095949228853,0.000975476228632,-0.00452361581847,0.0149542847648,-0.00521373422816,0.000472813437227,0.000374392431695,0.00046770850895,0.000109020715172],[0.000943815568462,-0.00261131976731,0.00245757587254,-0.00172126328107,0.000451786443591,-0.000322781619616,0.00137344549876,-0.00521373422816,0.0142196193337,-0.00741061707959,0.00227517797612,0.000568042043597,-0.0024590336252],[-0.000829397700727,0.00325118820183,-0.0022885275539,0.000973428133875,-0.000982570112683,0.000576633843593,0.00113602553029,0.000472813437227,-0.00741061707959,0.0178616847843,-0.00752355298027,0.00316205597483,0.000933243485633],[0.001148508396,-0.00396696571261,0.00228954409249,-0.00161660718732,0.00212300475687,-0.0047328225337,-0.0012314687483,0.000374392431695,0.00227517797612,-0.00752355298027,0.020912412554,-0.00786323379725,0.00387386069633],[-0.00071000342723,0.00294433673844,-0.00262101599947,0.00123448297381,-0.000972337729763,0.00139119813684,0.00019690184854,0.00046770850895,0.000568042043597,0.00316205597483,-0.00786323379725,0.0163020361215,-0.00661032740027],[0.000547986477613,-0.00117697066162,0.00246782624163,-0.00135007640347,0.000406861072406,-0.000899953301996,-0.0000673229806125,0.000109020715172,-0.0024590336252,0.000933243485633,0.00387386069633,-0.00661032740027,0.0183190181851]],"mean":[-109.198783875,127.556968689,-111.185844421,26.4665603638,-48.8682556152,10.862985611,-27.0154876709,3.43513917923,-21.6287879944,-2.67612266541,-17.0667057037,-9.67638397217,-11.0948114395]},"hfc":{"dmean":4.02703380585,"dmean2":5.43584442139,"dvar":37.947681427,"dvar2":63.2541046143,"max":94.7460403442,"mean":16.5892295837,"median":10.685760498,"min":1.09144384096e-16,"var":269.284454346},"melbands":{"dmean":[0.000494693405926,0.000989494146779,0.000910941977054,0.00034045256325,0.00011902814731,0.000146164515172,0.000137084571179,0.000110671506263,0.000185225304449,0.000225585245062,0.000138320188853,0.0000671588204568,0.0000689511798555,0.0000841545042931,0.0000463511023554,0.0000415756003349,0.0000383801198041,0.0000256132207141,0.0000182075928024,0.0000111188501251,0.0000149042070916,0.00000998681025521,0.0000054618762988,0.00000432428032582,0.00000346330125467,0.00000310968448503,0.00000210336452255,0.00000124412758851,0.00000134692959364,0.00000122950825698,8.3395849515e-7,5.71161933749e-7,5.06706101078e-7,3.77289921971e-7,2.36343808524e-7,1.82575021768e-7,1.41270760423e-7,1.09881128196e-7,8.61684625875e-8,7.02519074025e-8],"dmean2":[0.000796310545411,0.00164629763458,0.0015103474725,0.000560527550988,0.000185588593013,0.000226675023441,0.000203462870559,0.000151916421601,0.000251436256804,0.000321483268635,0.00019665560103,0.0000941455000429,0.00009476638661,0.000119514996186,0.0000644716492388,0.0000587800423091,0.000055727774452,0.0000380417113774,0.0000267739887931,0.0000165243054653,0.0000228312055697,0.0000151180811372,0.00000836824438011,0.00000668430539008,0.00000529969793206,0.00000471943985758,0.00000329056820192,0.00000191801245819,0.00000201601051231,0.00000180486597401,0.00000124267887713,8.54744882872e-7,7.98252472123e-7,5.95927076574e-7,3.7458096358e-7,2.86491768975e-7,2.18520142425e-7,1.71575095465e-7,1.37802700806e-7,1.10061009195e-7],"dvar":[0.00000110992323243,0.00000315231045533,0.00000274012268164,2.65807727828e-7,4.91301506145e-8,1.07537630356e-7,1.18941649419e-7,9.21906320173e-8,3.11959581722e-7,4.35913079855e-7,1.70054150317e-7,3.40613830474e-8,5.65454563173e-8,5.67342652857e-8,1.47194993971e-8,1.40323708209e-8,1.5749572313e-8,6.01973448866e-9,5.69566527275e-9,9.46001388336e-10,1.67539859763e-9,1.03802166862e-9,4.42535841305e-10,1.01264815977e-10,8.65574695252e-11,9.22369333689e-11,8.21080148317e-11,8.37602470022e-12,8.49387660901e-12,9.4053202726e-12,3.40172985266e-12,2.50897870188e-12,2.57643082216e-12,5.41375798357e-12,1.92160545288e-12,9.24025287709e-13,2.45346494857e-13,1.46181433928e-13,9.81269509008e-14,5.62744160082e-14],"dvar2":[0.00000275395086646,0.00000838018058857,0.00000689203125148,7.2230676551e-7,1.17856863824e-7,2.43655421173e-7,2.52508726817e-7,1.47198576883e-7,5.68504617604e-7,8.9382774604e-7,3.84052952995e-7,6.1184380229e-8,1.00310259654e-7,1.16451488452e-7,2.71582667466e-8,2.62753658831e-8,2.78064824499e-8,1.27044028631e-8,1.2330034771e-8,1.97989225015e-9,3.79634146341e-9,2.26732699282e-9,9.62280921613e-10,2.42746378554e-10,1.95270077885e-10,2.13102036017e-10,2.24908230928e-10,1.93240458357e-11,1.82574580454e-11,1.90748875029e-11,7.18848851972e-12,6.02299547042e-12,6.58805735659e-12,1.45488343595e-11,4.91260200922e-12,2.20755618646e-12,6.07176635359e-13,3.7706293708e-13,2.15747938178e-13,1.23832639021e-13],"max":[0.00983643904328,0.0258381236345,0.0270943492651,0.00550189614296,0.004418913275,0.00803713593632,0.00927982758731,0.00815921742469,0.0134857660159,0.0111478278413,0.00855729170144,0.00440630409867,0.00677268719301,0.00463724741712,0.00418031634763,0.00239288900048,0.00471216859296,0.00168418686371,0.00233648973517,0.000741459894925,0.000847643474117,0.00081445282558,0.000624769425485,0.000171133113327,0.000235003055423,0.000302226661006,0.000368671433534,0.0000765300283092,0.0000617042314843,0.0000816674000816,0.0000397821895604,0.0000317476806231,0.0000392889996874,0.0000755519577069,0.0000410697430198,0.0000286505619442,0.0000105373464976,0.00000894634013093,0.0000100394327092,0.00000751080688133],"mean":[0.000684803759214,0.0015688452404,0.00146575120743,0.000580173975322,0.000226691481657,0.000279364117887,0.000296064012218,0.000256494007772,0.000377954071155,0.000534862861969,0.000303726934362,0.000123462858028,0.000152960332343,0.000175694920472,0.0000944888597587,0.0000818482949398,0.0000679103541188,0.0000426094084105,0.0000311913208861,0.0000208774017665,0.0000266770985036,0.000017673797629,0.00000962158173934,0.00000783308678365,0.0000062931744651,0.00000569019857721,0.0000036605765672,0.00000242598116529,0.00000274643321063,0.00000228160752158,0.0000015659102246,9.91295337371e-7,7.90986064203e-7,5.1717529459e-7,3.05008228452e-7,2.37733303265e-7,1.93834367224e-7,1.54998900825e-7,1.14473451163e-7,9.35371105015e-8],"median":[0.00029752519913,0.00100050261244,0.000759098737035,0.000371800269932,0.000109829226858,0.0000888773865881,0.000101494668343,0.0000585132547712,0.0000753130589146,0.0000749888204155,0.0000579715269851,0.0000298871291307,0.000018528837245,0.0000314518838422,0.0000245590999839,0.0000167496782524,0.0000108715894385,0.0000100945981103,0.00000816028932604,0.00000556251643502,0.00000790253034211,0.00000411821974922,0.00000226071688303,0.00000255509962699,0.00000197857912099,0.00000183427414413,0.00000134267554586,0.00000106705351754,9.08778588382e-7,6.58094734263e-7,4.72956799058e-7,2.93037629717e-7,2.38889271031e-7,1.37958025448e-7,7.58200471296e-8,6.4241348241e-8,6.60788472828e-8,4.97672765221e-8,3.13777022143e-8,2.62745274426e-8],"min":[1.08954855127e-24,9.38010639356e-25,1.31027272002e-24,7.08178381202e-25,1.44341350816e-24,1.80109211449e-24,2.40851836417e-24,1.18080920699e-24,1.66483769236e-24,2.00093444483e-24,1.96538383649e-24,2.0247546915e-24,2.23286901729e-24,1.73094601115e-24,2.1448532423e-24,3.11645732609e-24,2.53282746004e-24,2.80026807021e-24,2.65878527521e-24,3.07857800036e-24,3.43095763077e-24,2.78015744194e-24,2.38447782808e-24,3.32066580432e-24,3.43388903789e-24,4.44877318638e-24,4.45246702757e-24,5.49258683643e-24,3.58718719431e-24,5.34171876602e-24,4.90937723603e-24,3.62325233718e-24,3.65826474516e-24,4.46211558531e-24,5.48745569067e-24,5.18719471976e-24,6.67215477078e-24,6.69081764208e-24,6.20333789025e-24,6.51930587065e-24],"var":[0.00000124737516671,0.00000380259962185,0.00000464659842692,4.58571861373e-7,1.30975010393e-7,3.65743233033e-7,4.51946164048e-7,5.51367634216e-7,0.00000104530204226,0.00000174880233317,6.26686698979e-7,9.12354494176e-8,2.63517819121e-7,2.00748203838e-7,5.97411897729e-8,4.67969378803e-8,4.10143243812e-8,1.10972289136e-8,9.78520553474e-9,2.49612797099e-9,3.53482376703e-9,2.66868860344e-9,1.16143539231e-9,2.51426129916e-10,1.55309431982e-10,1.86066925756e-10,8.61355500814e-11,1.84688687954e-11,2.3101172017e-11,2.25066631998e-11,8.21680310598e-12,4.09944560936e-12,2.95679691668e-12,4.22628642152e-12,1.72350989817e-12,9.90772026054e-13,2.51317304641e-13,1.41520462341e-13,1.10285831032e-13,6.75433152334e-14]},"melbands_crest":{"dmean":3.02948999405,"dmean2":4.8904838562,"dvar":7.51661252975,"dvar2":19.7075595856,"max":32.0989074707,"mean":14.7073326111,"median":14.3020944595,"min":1.63882863522,"var":31.2503414154},"melbands_flatness_db":{"dmean":0.0242409687489,"dmean2":0.0355043448508,"dvar":0.00059585418785,"dvar2":0.00121519889217,"max":0.585295796394,"mean":0.25909268856,"median":0.240604549646,"min":0.00256136688404,"var":0.0114761115983},"melbands_kurtosis":{"dmean":5.51619100571,"dmean2":8.68089389801,"dvar":100.307914734,"dvar2":243.772521973,"max":265.335723877,"mean":12.856221199,"median":5.20845127106,"min":-1.75469481945,"var":546.297607422},"melbands_skewness":{"dmean":0.607643306255,"dmean2":0.916876316071,"dvar":0.451263189316,"dvar2":0.978886783123,"max":12.5663404465,"mean":2.15975403786,"median":1.94454371929,"min":-1.44691753387,"var":2.91716599464},"melbands_spread":{"dmean":4.59354639053,"dmean2":7.02803230286,"dvar":41.4501304626,"dvar2":83.0617675781,"max":160.838607788,"mean":20.6252784729,"median":15.1237001419,"min":0.502064108849,"var":619.556335449},"mfcc":{"cov":[[23346.7285156,3263.5378418,-2641.43017578,-183.56640625,-970.504943848,154.574630737,-46.7468757629,43.510761261,214.175125122,102.58808136,-99.1745986938,-127.438102722,-249.134017944],[3263.5378418,2202.89868164,-136.983108521,52.4405403137,-87.6504974365,4.40614080429,79.5483322144,31.0430221558,27.386384964,-15.2787132263,17.8998985291,16.8331565857,-42.1113929749],[-2641.43017578,-136.983108521,946.776916504,119.580970764,169.248443604,20.876953125,62.7547073364,17.6190891266,-76.7884292603,-40.4899864197,37.5025901794,34.6919403076,60.1402206421],[-183.56640625,52.4405403137,119.580970764,291.269897461,151.488845825,26.1274394989,-48.2048568726,-25.6558361053,10.2716827393,16.1318321228,-12.0048513412,-15.1365690231,6.71720552444],[-970.504943848,-87.6504974365,169.248443604,151.488845825,294.350524902,47.5523796082,-39.1283950806,-28.8353652954,-6.05931043625,17.0038967133,-6.74873161316,1.26544725895,14.1183671951],[154.574630737,4.40614080429,20.876953125,26.1274394989,47.5523796082,123.037490845,50.3551216125,15.6091537476,-4.9310836792,12.9697656631,16.8244304657,12.1568059921,-6.16594839096],[-46.7468757629,79.5483322144,62.7547073364,-48.2048568726,-39.1283950806,50.3551216125,183.775680542,70.474571228,-17.1415538788,10.0863599777,21.9859352112,19.334980011,-7.76240348816],[43.510761261,31.0430221558,17.6190891266,-25.6558361053,-28.8353652954,15.6091537476,70.474571228,117.564857483,13.3441925049,-3.3786945343,6.65794658661,4.65883636475,2.67107915878],[214.175125122,27.386384964,-76.7884292603,10.2716827393,-6.05931043625,-4.9310836792,-17.1415538788,13.3441925049,100.926017761,33.6920394897,1.23450779915,1.03018939495,-14.7781648636],[102.58808136,-15.2787132263,-40.4899864197,16.1318321228,17.0038967133,12.9697656631,10.0863599777,-3.3786945343,33.6920394897,113.686454773,38.135017395,1.30213260651,-12.0200061798],[-99.1745986938,17.8998985291,37.5025901794,-12.0048513412,-6.74873161316,16.8244304657,21.9859352112,6.65794658661,1.23450779915,38.135017395,93.2070083618,27.6155223846,-0.582495868206],[-127.438102722,16.8331565857,34.6919403076,-15.1365690231,1.26544725895,12.1568059921,19.334980011,4.65883636475,1.03018939495,1.30213260651,27.6155223846,83.2436904907,18.6165752411],[-249.134017944,-42.1113929749,60.1402206421,6.71720552444,14.1183671951,-6.16594839096,-7.76240348816,2.67107915878,-14.7781648636,-12.0200061798,-0.582495868206,18.6165752411,83.1302947998]],"icov":[[0.0000980513286777,-0.000124458776554,0.000209149264265,-0.0000953020280576,0.000284628011286,-0.000299755221931,0.000136483518872,-0.0000445187142759,0.0000563788125874,-0.000087613814685,0.0000995562877506,0.0000444411780336,0.0000188976828213],[-0.000124458776554,0.000651705719065,-0.000166543322848,-0.000177817244548,-0.000203703704756,0.000488868565299,-0.000492784252856,0.0000939044693951,-0.000197130240849,0.000365428131772,-0.00029725782224,-0.00018735442427,0.000171489431523],[0.000209149264265,-0.000166543322848,0.00194338639267,-0.000721062300727,-0.000199922724278,-0.0000535250510438,-0.000569294788875,-0.00019775769033,0.000789491285104,0.000609498471022,-0.000714770925697,-0.0000856089463923,-0.000579413957894],[-0.0000953020280576,-0.000177817244548,-0.000721062300727,0.00532870041206,-0.00240246136673,-0.00055243994575,0.00105491641443,0.000203062867513,-0.00069808063563,-0.000636907003354,0.000572516350076,0.000902641215362,-0.000239912682446],[0.000284628011286,-0.000203703704756,-0.000199922724278,-0.00240246136673,0.00650001084432,-0.00304207368754,0.00169596250635,0.000280838721665,0.000470417726319,-0.00139309791848,0.0013811441604,-0.000356166216079,-0.000120013333799],[-0.000299755221931,0.000488868565299,-0.0000535250510438,-0.00055243994575,-0.00304207368754,0.0117367552593,-0.00395571067929,0.0000484955744469,0.000211360966205,0.000490568578243,-0.00178061018232,-0.000978039810434,0.0007639847463],[0.000136483518872,-0.000492784252856,-0.000569294788875,0.00105491641443,0.00169596250635,-0.00395571067929,0.0100042428821,-0.00503109488636,0.00252432120033,-0.00219906470738,0.00070200546179,-0.00130152434576,0.00142756244168],[-0.0000445187142759,0.0000939044693951,-0.00019775769033,0.000203062867513,0.000280838721665,0.0000484955744469,-0.00503109488636,0.0121043045074,-0.00333381304517,0.0017419612268,-0.000615500262938,0.00105286552571,-0.00144287885632],[0.0000563788125874,-0.000197130240849,0.000789491285104,-0.00069808063563,0.000470417726319,0.000211360966205,0.00252432120033,-0.00333381304517,0.0131318960339,-0.00426103826612,0.00143753050361,-0.0017785631353,0.00195970130153],[-0.000087613814685,0.000365428131772,0.000609498471022,-0.000636907003354,-0.00139309791848,0.000490568578243,-0.00219906470738,0.0017419612268,-0.00426103826612,0.0129062235355,-0.005969658494,0.00155744911171,0.000262780347839],[0.0000995562877506,-0.00029725782224,-0.000714770925697,0.000572516350076,0.0013811441604,-0.00178061018232,0.00070200546179,-0.000615500262938,0.00143753050361,-0.005969658494,0.0153040504083,-0.00446356041357,0.000836516090203],[0.0000444411780336,-0.00018735442427,-0.0000856089463923,0.000902641215362,-0.000356166216079,-0.000978039810434,-0.00130152434576,0.00105286552571,-0.0017785631353,0.00155744911171,-0.00446356041357,0.014998533763,-0.00362123851664],[0.0000188976828213,0.000171489431523,-0.000579413957894,-0.000239912682446,-0.000120013333799,0.0007639847463,0.00142756244168,-0.00144287885632,0.00195970130153,0.000262780347839,0.000836516090203,-0.00362123851664,0.0140712782741]],"mean":[-717.377929688,147.071029663,-3.46318769455,23.1840248108,1.09362125397,8.911277771,3.84164595604,2.57900953293,4.06278657913,1.38842475414,0.508358299732,0.0130353569984,-3.66625881195]},"pitch_salience":{"dmean":0.061041649431,"dmean2":0.0959916040301,"dvar":0.00317420065403,"dvar2":0.00814052298665,"max":0.815121769905,"mean":0.4996560812,"median":0.497540265322,"min":0.0821012407541,"var":0.0158417578787},"silence_rate_20dB":{"dmean":0,"dmean2":0,"dvar":0,"dvar2":0,"max":1,"mean":1,"median":1,"min":1,"var":0},"silence_rate_30dB":{"dmean":0.00264900666662,"dmean2":0.00529976794496,"dvar":0.00264210882597,"dvar2":0.00725953141227,"max":1,"mean":0.998344898224,"median":1,"min":0,"var":0.00165244261734},"silence_rate_60dB":{"dmean":0.0125827817246,"dmean2":0.0248426627368,"dvar":0.0124246859923,"dvar2":0.0268755108118,"max":1,"mean":0.15392254293,"median":0,"min":0,"var":0.130231320858},"spectral_centroid":{"dmean":162.358688354,"dmean2":244.473953247,"dvar":68947.8515625,"dvar2":138052.265625,"max":11732.3007812,"mean":1236.99609375,"median":875.762390137,"min":129.216812134,"var":3668438.5},"spectral_complexity":{"dmean":2.22516560555,"dmean2":3.34812855721,"dvar":6.2022857666,"dvar2":11.9078559875,"max":50,"mean":13.8401193619,"median":14,"min":0,"var":67.3280563354},"spectral_contrast_coeffs":{"dmean":[0.0480090305209,0.0416059754789,0.0367822945118,0.0298023205251,0.0224042963237,0.0208945032209],"dmean2":[0.079711407423,0.0656068623066,0.0563317351043,0.0453908145428,0.0343227386475,0.0309185050428],"dvar":[0.00161080423277,0.00143964437302,0.00117670593318,0.00069860072108,0.000417940551415,0.000397873867769],"dvar2":[0.00444501452148,0.00325486715883,0.00249342340976,0.00153495429549,0.000937843346037,0.000833061756566],"max":[-0.364485442638,-0.397977292538,-0.472082346678,-0.533642053604,-0.616312861443,-0.594676852226],"mean":[-0.635513365269,-0.722004234791,-0.727970719337,-0.762736439705,-0.78686863184,-0.766071557999],"median":[-0.627062618732,-0.731168329716,-0.731918096542,-0.759966135025,-0.780217170715,-0.75694423914],"min":[-0.980259358883,-0.976042449474,-0.975823104382,-0.972578704357,-0.96765345335,-0.964275121689],"var":[0.0100967548788,0.00914406124502,0.00971078127623,0.00587033154443,0.0039904168807,0.00473665865138]},"spectral_contrast_valleys":{"dmean":[0.408897846937,0.353845179081,0.32589173317,0.288203567266,0.267722964287,0.360449999571],"dmean2":[0.666504263878,0.560865521431,0.50565046072,0.431665569544,0.374094843864,0.478626221418],"dvar":[0.160604417324,0.141367197037,0.117672100663,0.0992295518517,0.0932277962565,0.156068593264],"dvar2":[0.355978816748,0.29966416955,0.239042967558,0.188258677721,0.158318713307,0.267555087805],"max":[-5.5802989006,-4.88978338242,-5.38613796234,-5.93196582794,-5.67831468582,-8.31031227112],"mean":[-8.23062419891,-7.96176195145,-8.61477375031,-9.17373085022,-9.28276252747,-11.9659490585],"median":[-7.26253604889,-6.82594966888,-7.39747476578,-7.9496049881,-8.09077262878,-11.1077871323],"min":[-28.2612323761,-28.3154735565,-27.7868442535,-27.836971283,-27.5509910583,-27.4087238312],"var":[14.9184780121,16.072271347,15.947101593,15.4099636078,15.0387392044,10.7132854462]},"spectral_decrease":{"dmean":1.98297178677e-9,"dmean2":2.9926177092e-9,"dvar":7.85799661639e-18,"dvar2":1.77817725879e-17,"max":1.73136166805e-28,"mean":-6.59899379585e-9,"median":-5.60212631839e-9,"min":-3.38533929778e-8,"var":2.90134691731e-17},"spectral_energy":{"dmean":0.00777268316597,"dmean2":0.0116755953059,"dvar":0.000118824958918,"dvar2":0.000266073417151,"max":0.133304521441,"mean":0.0264108013362,"median":0.0222460497171,"min":9.9469664194e-21,"var":0.000464201613795},"spectral_energyband_high":{"dmean":0.000102267797047,"dmean2":0.000144090183312,"dvar":6.43728554905e-8,"dvar2":1.44472309671e-7,"max":0.00565638067201,"mean":0.000226728079724,"median":0.000107030537038,"min":7.12930248633e-21,"var":1.26130174749e-7},"spectral_energyband_low":{"dmean":0.00458634411916,"dmean2":0.00731363333762,"dvar":0.000061661368818,"dvar2":0.000147945407662,"max":0.101691409945,"mean":0.00817632675171,"median":0.00500393565744,"min":1.42400137678e-23,"var":0.000103079633845},"spectral_energyband_middle_high":{"dmean":0.00183578056749,"dmean2":0.00251825829037,"dvar":0.0000110127202788,"dvar2":0.0000192663665075,"max":0.0529425144196,"mean":0.00605422770604,"median":0.00298381270841,"min":1.25901604726e-21,"var":0.0000630826325505},"spectral_energyband_middle_low":{"dmean":0.00490627903491,"dmean2":0.00757631473243,"dvar":0.0000487691286253,"dvar2":0.000112918693048,"max":0.0957739055157,"mean":0.0140030570328,"median":0.0104659385979,"min":1.48132338648e-22,"var":0.000182881369255},"spectral_entropy":{"dmean":0.165084153414,"dmean2":0.235459908843,"dvar":0.028724513948,"dvar2":0.0575638785958,"max":9.83041763306,"mean":7.0669670105,"median":7.13320207596,"min":4.58221912384,"var":0.639760732651},"spectral_flux":{"dmean":0.022546954453,"dmean2":0.0348820351064,"dvar":0.00069130724296,"dvar2":0.0014563415898,"max":0.287369936705,"mean":0.0728781446815,"median":0.0683221817017,"min":6.26759685818e-11,"var":0.00254842382856},"spectral_kurtosis":{"dmean":2.78544545174,"dmean2":4.71129226685,"dvar":12.5221385956,"dvar2":33.4612922668,"max":55.0729217529,"mean":8.33782196045,"median":6.08180427551,"min":-1.25178217888,"var":66.3480224609},"spectral_rms":{"dmean":0.00068546255352,"dmean2":0.00100999895949,"dvar":6.85669078848e-7,"dvar2":0.00000142130295444,"max":0.0114040868357,"mean":0.00448544183746,"median":0.00465869763866,"min":3.11518172369e-12,"var":0.00000564742595088},"spectral_rolloff":{"dmean":243.583984375,"dmean2":401.264068604,"dvar":302873.78125,"dvar2":559936.0625,"max":19573.6816406,"mean":1539.54418945,"median":839.794921875,"min":107.666015625,"var":11330754},"spectral_skewness":{"dmean":0.284635573626,"dmean2":0.461015969515,"dvar":0.0825834870338,"dvar2":0.204674437642,"max":6.33135890961,"mean":2.02770614624,"median":1.84670186043,"min":-0.0777755752206,"var":0.957639217377},"spectral_spread":{"dmean":471840.625,"dmean2":709428.25,"dvar":557706510336,"dvar2":1158651445250,"max":42220652,"mean":4742472,"median":3336537.75,"min":1158005.625,"var":47113752805400},"spectral_strongpeak":{"dmean":0.60626077652,"dmean2":0.990163505077,"dvar":1.08162724972,"dvar2":2.47381711006,"max":11.2658147812,"mean":1.37333440781,"median":0.473364025354,"min":0,"var":3.29725289345},"zerocrossingrate":{"dmean":0.00574150821194,"dmean2":0.00714695593342,"dvar":0.0000671513262205,"dvar2":0.0000934345953283,"max":0.52490234375,"mean":0.0519831217825,"median":0.03515625,"min":0.0029296875,"var":0.00770807871595}},"metadata":{"audio_properties":{"analysis_sample_rate":44100,"bit_rate":194936,"codec":"mp3","downmix":"mix","equal_loudness":0,"length":70.1126556396,"lossless":false,"md5_encoded":"c5ed43af820e87afe96f2ed0f3f04558","replay_gain":-8.40745162964,"sample_rate":44100},"tags":{"album":["Chicago III"],"albumartist":["Chicago"],"artist":["Chicago"],"composer":["Terry Kath"],"date":["1971"],"file_name":"copy7260800176864104663.mp3","genre":["Rock"],"label":["Rhino"],"musicbrainz_recordingid":["0ec7319f-a572-4dfe-91a9-14056f119938"],"title":["An Hour In The Shower- Morning Blues Again"],"tracknumber":["17"]},"version":{"essentia":"2.1-beta2","essentia_build_sha":"cead25079874084f62182a551b7393616cd33d87","essentia_git_sha":"v2.1_beta2-1-ge3940c0","extractor":"music 1.0"}},"rhythm":{"beats_count":129,"beats_loudness":{"dmean":0.0175450239331,"dmean2":0.0298298671842,"dvar":0.000320854858728,"dvar2":0.000880739011336,"max":0.122998356819,"mean":0.0324515774846,"median":0.0326711498201,"min":0,"var":0.000618079211563},"beats_loudness_band_ratio":{"dmean":[0.24184024334,0.101630799472,0.158987954259,0.108982004225,0.0514646545053,0.0127090597525],"dmean2":[0.418591886759,0.178362935781,0.283318668604,0.191158026457,0.0900457054377,0.0219675507396],"dvar":[0.0517597682774,0.0103374617174,0.0360570773482,0.0167501196265,0.00844990182668,0.000328284193529],"dvar2":[0.129104018211,0.0275516435504,0.0889490097761,0.0469336211681,0.0246457159519,0.000965789658949],"max":[0.980332911015,0.827435076237,0.844206809998,0.591592609882,0.624456524849,0.126404061913],"mean":[0.508689403534,0.136791735888,0.200778394938,0.103293821216,0.0493914820254,0.013502205722],"median":[0.532710969448,0.0897778719664,0.113450944424,0.0485290102661,0.023132270202,0.00720241153613],"min":[0,0,0,0,0,0],"var":[0.0939507707953,0.0198500417173,0.04510