{"lowlevel":{"average_loudness":0.523377001286,"barkbands":{"dmean":[0.0000190277605725,0.000561269291211,0.000514317827765,0.000745400961023,0.000871206633747,0.00132488145027,0.000832493940834,0.000683705206029,0.000572202086914,0.000468961021397,0.000347763125319,0.000260082510067,0.000257087434875,0.000178443369805,0.000178642178071,0.000104664373794,0.000113056070404,0.0000860843065311,0.0000915648415685,0.000139142488479,0.00011716735753,0.0000479801092297,0.0000277262279269,0.0000114108206617,0.00000529226554136,6.96900883668e-7,6.1779724092e-7],"dmean2":[0.0000294128331007,0.000889847404324,0.000853956036735,0.00105307716876,0.0012277700007,0.00195297447499,0.0012347305892,0.00100709719118,0.000779976602644,0.000698176387232,0.000536583014764,0.000404225691454,0.000398440432036,0.000282457505818,0.00029664018075,0.000171426159795,0.000184343152796,0.000140817559441,0.00013467327517,0.000211592167034,0.000166725352756,0.0000700457894709,0.0000379438060918,0.0000173596945388,0.00000794269817561,0.00000109250993319,9.65769004324e-7],"dvar":[1.8899614318e-8,0.00000350455911757,0.00000179330788797,0.00000281203574559,0.0000069813340815,0.00000723265793567,0.00000958758755587,0.00000813849419501,0.00000354618441634,0.00000177108540811,0.00000151077063038,0.00000141986049584,6.98386372733e-7,3.93785910546e-7,1.34989775802e-7,6.00075367174e-8,1.05672469886e-7,6.7458444164e-8,2.24816560035e-7,0.0000013917394881,4.18385297962e-7,1.49056745613e-7,3.65566563687e-8,4.52265291884e-9,2.26122254254e-9,1.84047430074e-11,3.84344465976e-13],"dvar2":[4.03092563772e-8,0.00000895263201528,0.00000481167808175,0.00000576370121053,0.0000144543719216,0.0000166867775988,0.0000190394821402,0.000015168326172,0.00000610385450273,0.00000389081969843,0.00000332250988322,0.00000322824530485,0.00000143505599226,9.10907033358e-7,3.05178701865e-7,1.39618478556e-7,2.57631825207e-7,1.63321871582e-7,4.24941077881e-7,0.00000313525038109,8.70640974426e-7,2.83750893004e-7,6.37607797671e-8,1.01251771412e-8,5.33679722636e-9,4.15083731276e-11,8.62247773181e-13],"max":[0.0038112164475,0.0443325489759,0.0297591593117,0.0296680666506,0.0731695592403,0.0527380332351,0.0745000392199,0.0656380057335,0.0463200435042,0.0507843866944,0.0288566816598,0.0238840524107,0.0175001826137,0.0136464033276,0.00783585757017,0.00817925389856,0.0101640019566,0.00786952860653,0.017514443025,0.0495989993215,0.0228723138571,0.0121323242784,0.006731627509,0.00259019806981,0.0019148462452,0.000109096887172,0.00000791489219409],"mean":[0.0000189282600331,0.00100092228968,0.00092322769342,0.00182346871588,0.00222418433987,0.00279022823088,0.00139378709719,0.00115263205953,0.00110432703514,0.00085638393648,0.000522981223185,0.000316488003591,0.00032465995173,0.000237521919189,0.000290034862701,0.000172745698364,0.00017720895994,0.000135802023578,0.000140302043292,0.000182559422683,0.000170090977917,0.0000663898899802,0.0000363203507732,0.0000140473766805,0.0000064367759478,0.00000179739436135,0.00000144370847011],"median":[7.80609013873e-7,0.0000752762862248,0.000395499897422,0.000569696072489,0.00116230233107,0.00120360846631,0.00032724509947,0.000205588905374,0.000279958709143,0.000294562778436,0.000208706813282,0.0000777235836722,0.0001045293684,0.0000771866980358,0.000140619362355,0.0000812649232103,0.0000752490159357,0.0000469053193228,0.0000325336513924,0.0000225685180339,0.0000103984548332,0.00000314256021738,0.00000106057314042,8.69688392413e-7,0.00000107292612483,0.00000160614649758,0.00000124377856991],"min":[8.03785463295e-25,8.41230304161e-24,6.6354664278e-24,2.57297850797e-24,1.16151319593e-23,2.010990252e-23,2.25607876452e-23,8.6707835724e-24,2.66524860982e-23,3.22119170635e-23,2.7512145692e-23,3.24866962494e-23,3.43012467254e-23,4.57514491687e-23,4.94053171976e-23,6.69627166861e-23,1.00644912705e-22,1.1956697845e-22,1.64473245201e-22,2.58224718973e-22,2.90863870481e-22,3.47745916675e-22,3.81866460611e-22,5.61538758292e-22,9.49736427201e-22,1.56181776875e-21,2.1363595296e-21],"var":[2.35445742902e-8,0.00000577600485485,0.00000289355875793,0.0000102397161754,0.0000194001586351,0.0000197894150915,0.0000192082461581,0.0000215253185161,0.0000105620401882,0.00000559516865906,0.00000183120994279,0.00000162462356457,9.53641404067e-7,5.43619705695e-7,2.64692175733e-7,1.27486885049e-7,1.44556210557e-7,9.42424094319e-8,3.99016073516e-7,0.00000219144180846,7.52035532514e-7,3.02276419006e-7,8.21676522378e-8,5.55596413321e-9,2.37861730312e-9,2.38317560131e-11,8.51012077648e-13]},"barkbands_crest":{"dmean":1.85832333565,"dmean2":2.92148637772,"dvar":2.93644428253,"dvar2":8.33452224731,"max":21.2841396332,"mean":8.6982460022,"median":8.0675945282,"min":2.37184882164,"var":9.38617324829},"barkbands_flatness_db":{"dmean":0.0131108006462,"dmean2":0.0196611881256,"dvar":0.000171637060703,"dvar2":0.000385415711207,"max":0.322969824076,"mean":0.148595362902,"median":0.146910101175,"min":0.0402584783733,"var":0.00122787477449},"barkbands_kurtosis":{"dmean":1.56017696857,"dmean2":2.42441868782,"dvar":3.73881196976,"dvar2":8.66001224518,"max":40.0046310425,"mean":2.9905769825,"median":1.8666768074,"min":-1.77171039581,"var":15.2952852249},"barkbands_skewness":{"dmean":0.366906553507,"dmean2":0.556008279324,"dvar":0.154944837093,"dvar2":0.340836375952,"max":5.38294458389,"mean":1.41210222244,"median":1.36212992668,"min":-3.22872018814,"var":0.684418320656},"barkbands_spread":{"dmean":3.31569981575,"dmean2":5.09365653992,"dvar":26.1685695648,"dvar2":54.3500099182,"max":72.8928909302,"mean":14.9798774719,"median":13.6793413162,"min":1.99865710735,"var":60.8590049744},"dissonance":{"dmean":0.0175679586828,"dmean2":0.0285776741803,"dvar":0.000242790469201,"dvar2":0.000639959354885,"max":0.499999940395,"mean":0.451194822788,"median":0.453756451607,"min":0.309687882662,"var":0.000737041875254},"dynamic_complexity":4.30201292038,"erbbands":{"dmean":[0.00787312723696,0.155616864562,0.565634727478,1.48332941532,2.99714159966,2.84034562111,5.09647655487,13.0245313644,11.2143878937,17.1089916229,12.24330616,14.1958856583,15.567530632,9.91327095032,14.0760593414,11.5565166473,11.5085735321,9.72842884064,9.16269874573,7.09894227982,5.32774209976,5.71570539474,5.36690998077,3.15748047829,5.86147689819,6.39786338806,5.78413677216,3.29837083817,1.79155683517,1.34044694901,0.699271976948,0.339569061995,0.138198137283,0.08521284163,0.023059822619,0.00516527658328,0.00110203621443,0.0010007127421,0.0000357512290066,0.00000609724156675],"dmean2":[0.0128383301198,0.24764996767,0.911152422428,2.21063446999,4.24314546585,4.05474042892,7.29587888718,19.6193256378,16.4688396454,24.8849143982,16.4993801117,18.7337093353,22.1351490021,14.3853435516,21.376455307,17.8499469757,17.4717636108,14.8845214844,14.9512472153,11.4697504044,8.60156726837,9.16484069824,8.72444248199,4.90431690216,8.29030895233,9.61804294586,8.2359752655,4.80489873886,2.56646442413,1.94343018532,0.999282419682,0.50396490097,0.207348555326,0.127257689834,0.0353801101446,0.00792265404016,0.00178140611388,0.00156341958791,0.0000559925756534,0.00000846657803777],"dvar":[0.00113885302562,0.251429647207,2.32730793953,9.48171520233,88.25756073,51.9060020447,90.9999465942,860.112976074,1580.38696289,4239.36083984,3177.37792969,2117.9453125,1648.09228516,1844.02478027,2513.40649414,2246.171875,1348.96643066,1143.34277344,507.397094727,191.545639038,153.369522095,343.260162354,241.845413208,138.274978638,1297.24316406,3126.34692383,808.850646973,552.153137207,200.897445679,111.879852295,23.3631381989,3.85590600967,0.631767690182,0.607026457787,0.0377320237458,0.00109746318776,0.0000398577103624,0.00000113743351449,1.65126523566e-9,1.65535335439e-10],"dvar2":[0.00305486307479,0.639796376228,5.92797803879,21.8003826141,180.436904907,117.226478577,199.979507446,1985.83459473,3402.85668945,7963.61865234,5050.02636719,3714.75268555,2988.8203125,4391.92578125,5771.73486328,5068.14257813,2709.50048828,2639.83374023,1159.57324219,429.701629639,338.665740967,840.816345215,545.964172363,272.679016113,2145.00463867,7020.85595703,1552.96740723,1272.73840332,363.257995605,205.05670166,42.8414840698,8.36014556885,1.38252556324,1.46920502186,0.0844351500273,0.00230925739743,0.0000986871673376,0.00000259637067757,3.68376795734e-9,2.88165158402e-10],"max":[0.655931711197,11.7188358307,29.9301223755,54.2359466553,230.348236084,203.117553711,311.306549072,649.856811523,813.385192871,2361.74707031,1517.03161621,1292.66503906,1275.76062012,1454.78894043,1252.53991699,969.624694824,740.272399902,740.67590332,565.352233887,424.717529297,365.940887451,595.178771973,483.119537354,316.160491943,1263.08569336,2300.40771484,1053.6986084,902.34564209,488.874206543,338.096130371,164.041091919,73.806602478,26.5673446655,32.1099510193,7.52380847931,0.937949597836,0.149982452393,0.0160402227193,0.000830424542073,0.000253182923188],"mean":[0.0117527944967,0.285319834948,1.08454012871,3.60592198372,6.83168888092,7.60384511948,12.1530256271,25.677816391,19.802110672,26.2890644073,22.8697185516,28.7119197845,28.732673645,19.4170417786,21.3156719208,14.8331632614,15.112411499,13.4929218292,14.432477951,12.4636907578,9.67402172089,9.52738380432,8.87846565247,5.37277507782,8.50518512726,8.42864513397,8.45722103119,4.60060930252,2.46254730225,1.83441448212,0.926199316978,0.418493777514,0.167894855142,0.0977196022868,0.0312895290554,0.010294389911,0.00303485291079,0.00205186312087,0.000138899806188,0.000024841123377],"median":[0.000713511370122,0.0337642505765,0.453172802925,1.45034265518,2.38053894043,4.60774564743,6.45254707336,10.4307165146,5.30604219437,7.25385951996,3.66979908943,7.97357940674,8.62273597717,7.10006761551,8.69419002533,4.53706455231,5.04935789108,4.59891748428,5.9077091217,6.4627494812,4.91382741928,3.82566380501,3.30069065094,1.94132208824,1.35709881783,1.14353823662,0.589822411537,0.327711194754,0.132748633623,0.0568322837353,0.0307579487562,0.0196493752301,0.0141262952238,0.0106497202069,0.0085222106427,0.00714563950896,0.00283237639815,0.00166911026463,0.000141026161145,0.0000159821956913],"min":[1.83656701585e-22,2.48627268068e-21,8.21973413662e-21,2.36753615441e-20,1.35712275771e-20,3.65199432649e-20,4.64072460514e-20,2.10492676326e-19,4.18299109462e-19,1.97369688552e-19,3.98089846326e-19,7.79190747039e-19,6.19166091794e-19,9.49260166654e-19,7.51800935801e-19,1.88754985043e-18,1.46380900407e-18,2.29276619378e-18,3.56205726615e-18,4.43163543459e-18,4.1746209057e-18,6.02136407536e-18,6.73559441604e-18,7.79868942083e-18,9.12105757119e-18,1.22912305775e-17,1.22562127135e-17,1.1876993416e-17,1.03084836123e-17,1.06716580874e-17,1.1527765206e-17,1.15973617012e-17,9.74105260135e-18,1.0322354604e-17,5.95020958548e-18,5.1648379898e-18,2.62985201277e-18,1.24003876059e-18,2.72575734924e-19,3.27924606295e-20],"var":[0.00114689441398,0.43607199192,4.19598197937,29.8808364868,250.9478302,143.876968384,290.555023193,2042.21777344,2873.17944336,8533.88183594,10635.9814453,6090.10791016,4941.93457031,4471.61914063,2887.5871582,2658.00610352,1916.24536133,1569.4675293,950.463867188,456.34487915,326.356170654,470.413757324,379.925415039,234.888595581,2720.14868164,4683.63623047,1713.97021484,786.73828125,403.70791626,242.160919189,50.2538414001,5.14750337601,0.791277587414,0.593422114849,0.0461319535971,0.00151863577776,0.0000454592591268,0.00000233961509366,5.42450040442e-9,7.12011394288e-10]},"erbbands_crest":{"dmean":2.11987614632,"dmean2":3.3175368309,"dvar":3.5432407856,"dvar2":8.46120834351,"max":23.6784877777,"mean":8.20311737061,"median":7.58988714218,"min":2.7529091835,"var":8.5020647049},"erbbands_flatness_db":{"dmean":0.0116804409772,"dmean2":0.0171210318804,"dvar":0.000135277339723,"dvar2":0.000270876684226,"max":0.306797236204,"mean":0.182746380568,"median":0.18707382679,"min":0.0829568430781,"var":0.00122885243036},"erbbands_kurtosis":{"dmean":0.653249025345,"dmean2":0.993380129337,"dvar":0.947161495686,"dvar2":1.86621797085,"max":20.2995109558,"mean":0.0685709640384,"median":-0.397623956203,"min":-1.72818315029,"var":3.1738255024},"erbbands_skewness":{"dmean":0.292417109013,"dmean2":0.445905417204,"dvar":0.0857968628407,"dvar2":0.172480493784,"max":3.07276391983,"mean":0.358702331781,"median":0.358372300863,"min":-3.69727659225,"var":0.34243196249},"erbbands_spread":{"dmean":5.32762050629,"dmean2":8.06785583496,"dvar":37.815826416,"dvar2":85.1678543091,"max":91.812210083,"mean":29.8351268768,"median":27.8415145874,"min":4.66685009003,"var":122.146697998},"gfcc":{"cov":[[8416.25488281,547.10925293,-1041.50585938,731.364624023,-632.176513672,-42.473613739,0.233743414283,36.5384292603,-49.0512161255,91.183052063,63.9144935608,-158.37487793,30.239730835],[547.10925293,711.42175293,-171.539398193,-195.073287964,109.279968262,-135.115524292,31.6139316559,-61.9432601929,0.49968791008,-50.8948554993,11.5900478363,-54.2471618652,0.339757710695],[-1041.50585938,-171.539398193,730.761535645,85.0979614258,69.7492980957,247.200378418,27.1656951904,121.021896362,48.9067115784,152.714660645,32.0390090942,19.353351593,1.74694156647],[731.364624023,-195.073287964,85.0979614258,476.354125977,-99.4752883911,116.471565247,34.6724433899,28.0408363342,61.7782478333,78.5979614258,55.0081443787,-32.0952110291,27.5970191956],[-632.176513672,109.279968262,69.7492980957,-99.4752883911,200.780181885,-2.03522992134,-31.2551689148,-18.558675766,-6.16227245331,-16.9904212952,-11.5676717758,20.855682373,-7.31814622879],[-42.473613739,-135.115524292,247.200378418,116.471565247,-2.03522992134,230.288467407,47.2817840576,71.2962265015,30.0909557343,82.4394226074,24.4447193146,-7.43104887009,-1.65581715107],[0.233743414283,31.6139316559,27.1656951904,34.6724433899,-31.2551689148,47.2817840576,149.966094971,42.5678291321,12.6818742752,27.9267940521,-1.74114012718,-23.7759494781,-0.955931305885],[36.5384292603,-61.9432601929,121.021896362,28.0408363342,-18.558675766,71.2962265015,42.5678291321,110.685577393,30.3329162598,40.3306999207,3.49402356148,-0.963244438171,0.969473958015],[-49.0512161255,0.49968791008,48.9067115784,61.7782478333,-6.16227245331,30.0909557343,12.6818742752,30.3329162598,77.4374389648,35.9123039246,14.0232791901,-12.2393684387,1.09187948704],[91.183052063,-50.8948554993,152.714660645,78.5979614258,-16.9904212952,82.4394226074,27.9267940521,40.3306999207,35.9123039246,127.361602783,35.785320282,-9.56125926971,1.60349178314],[63.9144935608,11.5900478363,32.0390090942,55.0081443787,-11.5676717758,24.4447193146,-1.74114012718,3.49402356148,14.0232791901,35.785320282,75.6815719604,9.86521053314,2.1266067028],[-158.37487793,-54.2471618652,19.353351593,-32.0952110291,20.855682373,-7.43104887009,-23.7759494781,-0.963244438171,-12.2393684387,-9.56125926971,9.86521053314,75.2606506348,14.1676645279],[30.239730835,0.339757710695,1.74694156647,27.5970191956,-7.31814622879,-1.65581715107,-0.955931305885,0.969473958015,1.09187948704,1.60349178314,2.1266067028,14.1676645279,51.9079170227]],"icov":[[0.000711836095434,-0.00171988806687,0.00145954929758,-0.00167939299718,0.00210844934918,-0.00118428829592,0.00184226583224,-0.00198929500766,0.0023367300164,-0.00187922746409,0.00169384211767,-0.00125697162002,0.00105343945324],[-0.00171988806687,0.00676699681208,-0.00333339464851,0.00515323225409,-0.00664869230241,0.0039604245685,-0.0057327747345,0.00551528437063,-0.00657009426504,0.00496065616608,-0.00639246450737,0.00597249949351,-0.00407276907936],[0.00145954929758,-0.00333339464851,0.00581988831982,-0.00331431394443,0.00311254314147,-0.00440359767526,0.00426625600085,-0.00549818016589,0.00488500576466,-0.00591485435143,0.00371020287275,-0.00307829095982,0.00198547891341],[-0.00167939299718,0.00515323225409,-0.00331431394443,0.0077227964066,-0.00426382804289,0.00172995403409,-0.00481535075232,0.00592798739672,-0.0076759327203,0.004376785364,-0.00637603551149,0.00530966743827,-0.00495675671846],[0.00210844934918,-0.00664869230241,0.00311254314147,-0.00426382804289,0.0136650679633,-0.00462731951848,0.00681149261072,-0.00436143949628,0.00618668599054,-0.0047497083433,0.00677484273911,-0.00644701626152,0.00446184072644],[-0.00118428829592,0.0039604245685,-0.00440359767526,0.00172995403409,-0.00462731951848,0.0111805917695,-0.0048362808302,0.0012770621106,-0.00330385565758,0.00183661375195,-0.00417664321139,0.00359828211367,-0.00131440733094],[0.00184226583224,-0.0057327747345,0.00426625600085,-0.00481535075232,0.00681149261072,-0.0048362808302,0.0137154394761,-0.00823937729001,0.00699769379571,-0.00603571441025,0.00611884472892,-0.00255401991308,0.00307896453887],[-0.00198929500766,0.00551528437063,-0.00549818016589,0.00592798739672,-0.00436143949628,0.0012770621106,-0.00823937729001,0.0203038547188,-0.0111412657425,0.00502056442201,-0.00391781050712,0.00271150539629,-0.00344920158386],[0.0023367300164,-0.00657009426504,0.00488500576466,-0.0076759327203,0.00618668599054,-0.00330385565758,0.00699769379571,-0.0111412657425,0.0253532901406,-0.00933440309018,0.00520278327167,-0.0028208468575,0.00401383126155],[-0.00187922746409,0.00496065616608,-0.00591485435143,0.004376785364,-0.0047497083433,0.00183661375195,-0.00603571441025,0.00502056442201,-0.00933440309018,0.0192449353635,-0.00952866766602,0.00547653902322,-0.00338405976072],[0.00169384211767,-0.00639246450737,0.00371020287275,-0.00637603551149,0.00677484273911,-0.00417664321139,0.00611884472892,-0.00391781050712,0.00520278327167,-0.00952866766602,0.0231658797711,-0.00949472002685,0.00515511306003],[-0.00125697162002,0.00597249949351,-0.00307829095982,0.00530966743827,-0.00644701626152,0.00359828211367,-0.00255401991308,0.00271150539629,-0.0028208468575,0.00547653902322,-0.00949472002685,0.0225073248148,-0.00878190994263],[0.00105343945324,-0.00407276907936,0.00198547891341,-0.00495675671846,0.00446184072644,-0.00131440733094,0.00307896453887,-0.00344920158386,0.00401383126155,-0.00338405976072,0.00515511306003,-0.00878190994263,0.024160368368]],"mean":[-60.643245697,119.773483276,-124.130104065,3.66740369797,-44.9365959167,-15.6087694168,-35.4578399658,-5.83565092087,-29.2452316284,-4.7901725769,-21.8809223175,-3.19168615341,-10.4348506927]},"hfc":{"dmean":3.93589258194,"dmean2":5.39641904831,"dvar":146.155395508,"dvar2":255.221420288,"max":355.473114014,"mean":11.0092325211,"median":5.04617977142,"min":1.13123857379e-16,"var":427.086791992},"melbands":{"dmean":[0.000112151894427,0.000268994161161,0.000303645821987,0.000192951643839,0.000170982326381,0.000280538981315,0.00016782496823,0.000181175477337,0.0000977139425231,0.0000882888125489,0.0000775351873017,0.0000406777180615,0.000047711058869,0.0000323733584082,0.0000284498892142,0.0000236305913859,0.0000190535774891,0.0000152820812218,0.0000105366061689,0.0000094305814855,0.00000684690758135,0.0000068799431574,0.00000650264837532,0.00000321866173181,0.00000262858475253,0.00000404556976719,0.00000529918361281,0.00000383387714464,0.00000380242613574,0.00000323689482684,0.00000146919592225,9.84481289379e-7,0.00000102177375538,6.70461076879e-7,4.70128441066e-7,2.45788584152e-7,1.99431156034e-7,1.02244150924e-7,7.91535654798e-8,7.32070546405e-8],"dmean2":[0.000178901958861,0.000431380205555,0.000439882453065,0.000273767247563,0.00024256989127,0.000417340546846,0.000242765599978,0.000267010531388,0.000131521970616,0.000117212381156,0.000111031527922,0.0000600055645918,0.0000729078383301,0.0000514286148245,0.0000444548168161,0.0000369912595488,0.0000297855422104,0.0000251074652624,0.000016726906324,0.0000157146841957,0.0000112624793474,0.0000112526086014,0.0000105530434666,0.00000523218022863,0.0000042485121412,0.00000594382208874,0.00000781007656769,0.00000591280240769,0.00000556755458092,0.00000465562561658,0.0000022032936613,0.00000141842258472,0.00000153608539222,9.57133465818e-7,6.63384639665e-7,3.78451517236e-7,3.08242277924e-7,1.59469436767e-7,1.16372341097e-7,1.12861847867e-7],"dvar":[1.60239579827e-7,5.49765900359e-7,4.30324661238e-7,3.88140620089e-7,9.69854809796e-8,3.62702365919e-7,3.49031950009e-7,4.91360935939e-7,2.07172874411e-7,8.04739173077e-8,4.20681764979e-8,3.23646389688e-8,2.72998708084e-8,2.10469082162e-8,1.20956187288e-8,6.3619731705e-9,4.67491956258e-9,1.62132918202e-9,5.43224631944e-10,3.89575371962e-10,2.66790700643e-10,4.63475507972e-10,3.22390586449e-10,1.04500304243e-10,9.66351651477e-11,5.58894763802e-10,2.22698059993e-9,1.04120090327e-9,3.92809673677e-10,2.50075904429e-10,1.67189720401e-10,5.04924990707e-11,8.8505876239e-11,2.62970027698e-11,1.14008160551e-11,2.38297771273e-12,1.57815991178e-12,3.3260888618e-13,2.72570946933e-13,6.7930638328e-13],"dvar2":[4.17651477846e-7,0.00000139364976803,8.8723885483e-7,8.04238140972e-7,2.16122742813e-7,8.24799371912e-7,7.23995356111e-7,9.56500230131e-7,3.20411857047e-7,1.43482765225e-7,7.76676074565e-8,7.92157806018e-8,6.07685919363e-8,4.88037450452e-8,2.67556092837e-8,1.33211113251e-8,1.11818243553e-8,3.57194362977e-9,1.10684905685e-9,9.63432889023e-10,6.28162521998e-10,1.16098053393e-9,7.69398045275e-10,2.3030954921e-10,2.05218494975e-10,1.10422182509e-9,4.42652314803e-9,2.36459318792e-9,7.53012374677e-10,5.14381370831e-10,4.11770617603e-10,8.62432625315e-11,1.88575169369e-10,4.40650294031e-11,2.0015896926e-11,5.33533330363e-12,3.80261881011e-12,7.8578089131e-13,5.48660834647e-13,1.74150722055e-12],"max":[0.00924183707684,0.0126129668206,0.0131829679012,0.0193999204785,0.0101194083691,0.012586706318,0.0143770119175,0.0240071415901,0.0131011102349,0.0082146152854,0.00638819811866,0.00661668134853,0.00351346610114,0.00368421268649,0.00235895137303,0.00161498750094,0.00158049119636,0.00104377930984,0.000664183462504,0.000660774880089,0.000474010390462,0.000682787387632,0.000561349210329,0.000309970258968,0.000260350352619,0.00098284590058,0.00213216338307,0.00121125183068,0.000848681665957,0.000460548762931,0.000519330962561,0.000257642299403,0.000322503648931,0.000188621736015,0.000119460768474,0.0000374118862965,0.0000491637292725,0.0000196332348423,0.0000171827960003,0.000036330162402],"mean":[0.000194927517441,0.00051246053772,0.000752710620873,0.000517508713529,0.000432876404375,0.000573090219405,0.000293900026008,0.000281131680822,0.000181388750207,0.000175251858309,0.000139728901559,0.0000770348196966,0.0000707774743205,0.0000431501757703,0.0000356338932761,0.0000300170013361,0.000024636501621,0.0000224546474783,0.0000183229112736,0.0000147188175106,0.0000111598274088,0.0000103076981759,0.0000100245879366,0.00000523990001966,0.00000405548644267,0.00000565769823879,0.0000068900117185,0.00000504499712406,0.00000537454616278,0.000004580237146,0.00000193950904759,0.00000131450201479,0.00000132359900817,9.12717496249e-7,6.06396952207e-7,3.03120827994e-7,2.31557507391e-7,1.17769943131e-7,9.33247363832e-8,7.9118386509e-8],"median":[0.0000120368767966,0.000178884802153,0.000282171415165,0.00026626867475,0.000251242134254,0.000238306354731,0.000073391420301,0.0000738771777833,0.0000286185368168,0.0000474550142826,0.0000404029851779,0.0000267552186415,0.000028964395824,0.0000134713673106,0.0000119025653476,0.00000882222593646,0.00000797003667685,0.00000855954931467,0.00000939902747632,0.00000687122883392,0.00000512516953677,0.00000393761047235,0.0000036324499888,0.00000218849891098,0.00000140210227073,9.85271071841e-7,8.45603665312e-7,6.77810589877e-7,3.68565821418e-7,2.87151806333e-7,1.33790450718e-7,7.4345557266e-8,4.55406592437e-8,2.31118946203e-8,1.81497554763e-8,1.32978303924e-8,1.10844000645e-8,9.63434398926e-9,9.24690635173e-9,8.58130455583e-9],"min":[2.56634142674e-24,4.77012238144e-24,5.22545723467e-24,1.25955734546e-24,1.4525984129e-24,4.40232742287e-24,6.40754084646e-24,1.6093248602e-24,3.42403734848e-24,4.04017518635e-24,2.99025811948e-24,3.34377075137e-24,2.59681532073e-24,3.42836464497e-24,2.03932554407e-24,3.74113616098e-24,2.89456219193e-24,4.439766367e-24,4.68269844935e-24,5.96663899235e-24,4.17043111016e-24,5.05846129749e-24,6.40168039879e-24,4.12149649048e-24,6.17645390504e-24,5.11948954927e-24,6.62083700232e-24,7.80419699105e-24,7.24933431842e-24,7.15508358405e-24,6.42570712981e-24,4.98692147415e-24,5.58860343593e-24,5.16300075022e-24,5.54333899162e-24,6.65277561379e-24,6.75972385329e-24,5.96166285776e-24,6.866506432e-24,8.53093194454e-24],"var":[2.30339168183e-7,9.82845449471e-7,0.00000150825019318,0.00000114317106181,3.26411282003e-7,9.36033984544e-7,6.67922620323e-7,9.65081198956e-7,6.93844015132e-7,2.31481280366e-7,1.2479259226e-7,8.20661654188e-8,3.22830828736e-8,2.30978312032e-8,1.42612028853e-8,8.85512108084e-9,5.8859441765e-9,2.81525025514e-9,1.11698172933e-9,7.97087285065e-10,4.62794386147e-10,5.92582705128e-10,4.74737582579e-10,1.52102164197e-10,1.40202766064e-10,9.20961085171e-10,3.93761201423e-9,1.51573542606e-9,7.92633791935e-10,4.71058303475e-10,1.99737670847e-10,1.10583715796e-10,1.46583217786e-10,6.12535855371e-11,2.53737187511e-11,3.31669912888e-12,1.6888602062e-12,3.73563051152e-13,3.64199013829e-13,5.69151334135e-13]},"melbands_crest":{"dmean":2.17374777794,"dmean2":3.44466853142,"dvar":4.22004318237,"dvar2":12.2335710526,"max":30.6851997375,"mean":11.355386734,"median":10.6673641205,"min":1.00107693672,"var":14.6686258316},"melbands_flatness_db":{"dmean":0.0167396813631,"dmean2":0.0245207939297,"dvar":0.000408889609389,"dvar2":0.000843128131237,"max":0.446091383696,"mean":0.225356221199,"median":0.225247114897,"min":1.51001628979e-7,"var":0.00233235559426},"melbands_kurtosis":{"dmean":2.88559770584,"dmean2":4.48830699921,"dvar":15.9697303772,"dvar2":39.5989952087,"max":63.8399620056,"mean":6.79586410522,"median":5.01294517517,"min":-1.80832183361,"var":47.1927337646},"melbands_skewness":{"dmean":0.437047719955,"dmean2":0.658990263939,"dvar":0.203802928329,"dvar2":0.478358536959,"max":6.63908433914,"mean":2.03972291946,"median":1.95353484154,"min":-1.27630722523,"var":0.862347245216},"melbands_spread":{"dmean":4.88442897797,"dmean2":7.5194196701,"dvar":114.631271362,"dvar2":238.150665283,"max":166.828277588,"mean":18.8680648804,"median":15.8524942398,"min":1.65719282627,"var":279.804595947},"mfcc":{"cov":[[4887.39697266,-224.044403076,-219.544692993,519.582946777,-372.984344482,-1.73828530312,34.8960342407,-84.1319656372,13.3894481659,100.702255249,8.58889293671,249.280670166,-73.9199981689],[-224.044403076,953.225402832,-257.963745117,-135.390106201,33.9030685425,-98.0174865723,1.81331431866,-37.5823478699,-13.3549585342,-54.0262718201,-38.1176223755,-54.0732269287,-21.2354869843],[-219.544692993,-257.963745117,665.926208496,37.5998687744,104.446899414,132.428161621,116.86113739,18.7601985931,85.5557556152,142.712799072,89.8184661865,133.010223389,31.7656650543],[519.582946777,-135.390106201,37.5998687744,225.990386963,-11.736281395,29.4914779663,0.770814239979,-15.0830945969,10.3007411957,27.590473175,-5.40183591843,46.8608932495,3.02939486504],[-372.984344482,33.9030685425,104.446899414,-11.736281395,220.648895264,46.5719947815,-4.11967468262,2.89455032349,-11.8994998932,11.4652805328,6.03617620468,-10.7423667908,20.3391056061],[-1.73828530312,-98.0174865723,132.428161621,29.4914779663,46.5719947815,133.069885254,51.8291091919,0.176908805966,21.9852142334,32.5014686584,37.3501815796,42.0579414368,8.5206489563],[34.8960342407,1.81331431866,116.86113739,0.770814239979,-4.11967468262,51.8291091919,122.095237732,17.545999527,35.5186920166,43.0946578979,22.9352378845,55.8349189758,-3.87829828262],[-84.1319656372,-37.5823478699,18.7601985931,-15.0830945969,2.89455032349,0.176908805966,17.545999527,90.1575393677,18.8409156799,-4.76265382767,5.18191051483,-18.7948455811,7.21395349503],[13.3894481659,-13.3549585342,85.5557556152,10.3007411957,-11.8994998932,21.9852142334,35.5186920166,18.8409156799,107.969299316,44.0123291016,15.6093387604,46.9398956299,-12.1443471909],[100.702255249,-54.0262718201,142.712799072,27.590473175,11.4652805328,32.5014686584,43.0946578979,-4.76265382767,44.0123291016,110.158248901,36.0385818481,52.4039154053,-1.53599214554],[8.58889293671,-38.1176223755,89.8184661865,-5.40183591843,6.03617620468,37.3501815796,22.9352378845,5.18191051483,15.6093387604,36.0385818481,96.8918533325,33.8217048645,8.11969470978],[249.280670166,-54.0732269287,133.010223389,46.8608932495,-10.7423667908,42.0579414368,55.8349189758,-18.7948455811,46.9398956299,52.4039154053,33.8217048645,137.233154297,3.52906060219],[-73.9199981689,-21.2354869843,31.7656650543,3.02939486504,20.3391056061,8.5206489563,-3.87829828262,7.21395349503,-12.1443471909,-1.53599214554,8.11969470978,3.52906060219,70.7995223999]],"icov":[[0.000365980784409,-0.0000272066045,0.000224833202083,-0.000721857068129,0.000473976338981,-0.0000503684677824,0.00005648856677,-0.000102603982668,0.000350424583303,-0.000348581379512,-0.0000453528991784,-0.000614100310486,0.000275768135907],[-0.0000272066045,0.00152212986723,0.000658764969558,0.000702315883245,-0.000864099652972,0.00114326446783,-0.00127558480017,0.00107035203837,-0.000667175685521,0.000271512224572,-0.000165260003996,0.000185338663869,-0.0000646068729111],[0.000224833202083,0.000658764969558,0.00333978165872,-0.0000601865613135,-0.00111146143172,-0.000556809536647,-0.00127827585675,-0.00016358247376,-0.000535232422408,-0.00223815743811,-0.000747982528992,-0.00154367845971,-0.000708237232175],[-0.000721857068129,0.000702315883245,-0.0000601865613135,0.00694378698245,-0.00071014103014,-0.00102015351877,0.000914960692171,0.00050181458937,-0.00042490218766,-0.000618443766143,0.00160359207075,-0.000766485230997,-0.000719363975804],[0.000473976338981,-0.000864099652972,-0.00111146143172,-0.00071014103014,0.00678429752588,-0.00287587661296,0.00212266040035,-0.000836187391542,0.00173827074468,-0.00103446852881,0.000934399780817,0.000134971836815,-0.000474797765492],[-0.0000503684677824,0.00114326446783,-0.000556809536647,-0.00102015351877,-0.00287587661296,0.0127493096516,-0.00497129512951,0.00202513323165,-0.00128006597515,0.00159434962552,-0.00318135158159,0.000221814058023,-0.000434246641817],[0.00005648856677,-0.00127558480017,-0.00127827585675,0.000914960692171,0.00212266040035,-0.00497129512951,0.0146236754954,-0.00437463866547,0.000857365725096,-0.00272708083503,0.0014958436368,-0.00419891113415,0.00157171010505],[-0.000102603982668,0.00107035203837,-0.00016358247376,0.00050181458937,-0.000836187391542,0.00202513323165,-0.00437463866547,0.0147807449102,-0.00456003425643,0.00259994878434,-0.00156546616927,0.0047243796289,-0.00226509291679],[0.000350424583303,-0.000667175685521,-0.000535232422408,-0.00042490218766,0.00173827074468,-0.00128006597515,0.000857365725096,-0.00456003425643,0.0143357636407,-0.00416327640414,0.00110523612238,-0.00434502679855,0.00304890936241],[-0.000348581379512,0.000271512224572,-0.00223815743811,-0.000618443766143,-0.00103446852881,0.00159434962552,-0.00272708083503,0.00259994878434,-0.00416327640414,0.0160922817886,-0.00324701191857,0.0000845479589771,0.000442309101345],[-0.0000453528991784,-0.000165260003996,-0.000747982528992,0.00160359207075,0.000934399780817,-0.00318135158159,0.0014958436368,-0.00156546616927,0.00110523612238,-0.00324701191857,0.0137692894787,-0.00209050811827,-0.000829845608678],[-0.000614100310486,0.000185338663869,-0.00154367845971,-0.000766485230997,0.000134971836815,0.000221814058023,-0.00419891113415,0.0047243796289,-0.00434502679855,0.0000845479589771,-0.00209050811827,0.0145484022796,-0.00186593667604],[0.000275768135907,-0.0000646068729111,-0.000708237232175,-0.000719363975804,-0.000474797765492,-0.000434246641817,0.00157171010505,-0.00226509291679,0.00304890936241,0.000442309101345,-0.000829845608678,-0.00186593667604,0.0159677919]],"mean":[-706.358093262,165.599258423,-25.394443512,22.2991142273,-3.09492969513,-5.00022125244,-5.01201963425,-7.73147344589,-3.26519775391,-6.94039535522,-11.8326225281,-6.31572580338,-7.1834821701]},"pitch_salience":{"dmean":0.0506372638047,"dmean2":0.07912504673,"dvar":0.00184540974442,"dvar2":0.00474728364497,"max":0.996073424816,"mean":0.601329565048,"median":0.596329391003,"min":0.157413989305,"var":0.00878091249615},"silence_rate_20dB":{"dmean":0,"dmean2":0,"dvar":0,"dvar2":0,"max":1,"mean":1,"median":1,"min":1,"var":0},"silence_rate_30dB":{"dmean":0.00974491238594,"dmean2":0.0194954127073,"dvar":0.00965012703091,"dvar2":0.0219828598201,"max":1,"mean":0.986819505692,"median":1,"min":0,"var":0.013006998226},"silence_rate_60dB":{"dmean":0.0303811989725,"dmean2":0.0607798174024,"dvar":0.0294583030045,"dvar2":0.0668326988816,"max":1,"mean":0.163610309362,"median":0,"min":0,"var":0.136842116714},"spectral_centroid":{"dmean":174.740631104,"dmean2":266.875762939,"dvar":91177.96875,"dvar2":175026.09375,"max":11476.8017578,"mean":994.663635254,"median":873.700195313,"min":219.597808838,"var":581027.0625},"spectral_complexity":{"dmean":2.55832624435,"dmean2":3.90653657913,"dvar":10.8090324402,"dvar2":19.2922515869,"max":52,"mean":14.9234952927,"median":14,"min":0,"var":60.2545623779},"spectral_contrast_coeffs":{"dmean":[0.0376155972481,0.0403646603227,0.0315260738134,0.028083615005,0.0205146856606,0.0182596016675],"dmean2":[0.0604014694691,0.0637803524733,0.0489331446588,0.0472007133067,0.0336903221905,0.028477942571],"dvar":[0.00108883657958,0.00112309947144,0.000653038383462,0.000519393652212,0.000307510985294,0.000427540100645],"dvar2":[0.00281256739981,0.00284879421815,0.00149493687786,0.00136405986268,0.000787318625953,0.000844220339786],"max":[-0.31079018116,-0.350507944822,-0.510290205479,-0.598392426968,-0.531543314457,-0.534857451916],"mean":[-0.580360949039,-0.675129890442,-0.735488653183,-0.767538905144,-0.782342016697,-0.761407256126],"median":[-0.580709218979,-0.674285173416,-0.736930251122,-0.767613172531,-0.783136963844,-0.760456323624],"min":[-0.981766223907,-0.986151814461,-0.997708022594,-0.987649321556,-0.989122271538,-0.964966595173],"var":[0.00663030846044,0.0065158274956,0.00383574236184,0.00181268178858,0.00204317038879,0.00313627743162]},"spectral_contrast_valleys":{"dmean":[0.384883522987,0.325616031885,0.267502039671,0.227763131261,0.215612083673,0.175422921777],"dmean2":[0.616930425167,0.49301597476,0.41005808115,0.359231680632,0.321384966373,0.253753811121],"dvar":[0.159330800176,0.127582445741,0.0977882370353,0.0802605822682,0.0993109717965,0.0963035151362],"dvar2":[0.333961486816,0.223882302642,0.146563977003,0.118766479194,0.141353189945,0.138414487243],"max":[-5.32534790039,-4.4165148735,-4.98853540421,-6.1127538681,-5.72767496109,-8.02904129028],"mean":[-8.18111896515,-7.26227664948,-7.68732309341,-8.14053726196,-8.33051490784,-11.5328922272],"median":[-8.15511608124,-7.24689769745,-7.61735248566,-8.04493904114,-8.3371181488,-11.5922651291],"min":[-27.9038677216,-27.9342212677,-27.5040073395,-27.5324649811,-27.4561080933,-27.3523483276],"var":[2.42443680763,2.25315475464,1.89777243137,1.74736487865,1.97399604321,1.50200605392]},"spectral_decrease":{"dmean":1.20933330017e-9,"dmean2":1.63894675609e-9,"dvar":7.42901992354e-18,"dvar2":1.2479698717e-17,"max":1.06421821124e-28,"mean":-3.99719546351e-9,"median":-2.09435313536e-9,"min":-5.36181339328e-8,"var":3.12874118381e-17},"spectral_energy":{"dmean":0.00486420700327,"dmean2":0.00658394070342,"dvar":0.000118210919027,"dvar2":0.000199357571546,"max":0.214533179998,"mean":0.0160848759115,"median":0.00845528393984,"min":9.85900416231e-21,"var":0.000501213420648},"spectral_energyband_high":{"dmean":0.000246155716013,"dmean2":0.000341096631018,"dvar":0.00000192290440282,"dvar2":0.00000338970676239,"max":0.0509732328355,"mean":0.00037481309846,"median":0.000029407459806,"min":6.91570975032e-21,"var":0.00000432686692875},"spectral_energyband_low":{"dmean":0.00122146587819,"dmean2":0.00192491011694,"dvar":0.00000959622502705,"dvar2":0.0000238026077568,"max":0.0539499893785,"mean":0.00271259434521,"median":0.00104555417784,"min":3.64687651248e-23,"var":0.0000200226968445},"spectral_energyband_middle_high":{"dmean":0.00116129545495,"dmean2":0.0016694185324,"dvar":0.00000708586048859,"dvar2":0.0000133964704219,"max":0.058264490217,"mean":0.00307282339782,"median":0.00161810941063,"min":1.22627587106e-21,"var":0.0000207164011954},"spectral_energyband_middle_low":{"dmean":0.00357531337067,"dmean2":0.00483417604119,"dvar":0.000065055435698,"dvar2":0.00010823525372,"max":0.161750972271,"mean":0.0109142772853,"median":0.00544960284606,"min":1.93228133964e-22,"var":0.000263152149273},"spectral_entropy":{"dmean":0.107745550573,"dmean2":0.1570982337,"dvar":0.0149358967319,"dvar2":0.0283325761557,"max":9.81622982025,"mean":7.21531057358,"median":7.17599391937,"min":5.98980951309,"var":0.118317969143},"spectral_flux":{"dmean":0.0125748952851,"dmean2":0.0200070403516,"dvar":0.000431023305282,"dvar2":0.000974243390374,"max":0.299043416977,"mean":0.0500027909875,"median":0.0365274995565,"min":6.42213712765e-11,"var":0.00173718680162},"spectral_kurtosis":{"dmean":2.50325345993,"dmean2":4.26190280914,"dvar":5.83265161514,"dvar2":16.6901931763,"max":37.8282089233,"mean":8.44813251495,"median":8.25238418579,"min":-1.23706686497,"var":18.9319896698},"spectral_rms":{"dmean":0.000481962022604,"dmean2":0.000648559362162,"dvar":5.90922354604e-7,"dvar2":9.93392177406e-7,"max":0.0144672272727,"mean":0.0034017583821,"median":0.00287211732939,"min":3.10137722795e-12,"var":0.00000412062945543},"spectral_rolloff":{"dmean":318.937774658,"dmean2":529.403869629,"dvar":595705,"dvar2":1110566.875,"max":19745.9472656,"mean":1184.21435547,"median":968.994140625,"min":129.19921875,"var":2086668},"spectral_skewness":{"dmean":0.276135861874,"dmean2":0.448829978704,"dvar":0.0688276439905,"dvar2":0.163257107139,"max":4.35089063644,"mean":1.96556484699,"median":1.988458395,"min":-0.0451802499592,"var":0.347149074078},"spectral_spread":{"dmean":261561.96875,"dmean2":408315.5,"dvar":459868405760,"dvar2":807728316416,"max":41554520,"mean":3323879,"median":2989972.5,"min":1491652.5,"var":5840644341760},"spectral_strongpeak":{"dmean":0.325088590384,"dmean2":0.529033303261,"dvar":0.405216068029,"dvar2":0.965687513351,"max":17.3159351349,"mean":0.68603682518,"median":0.47207865119,"min":0,"var":0.692273914814},"zerocrossingrate":{"dmean":0.00645681610331,"dmean2":0.00797390751541,"dvar":0.000208328143344,"dvar2":0.000276731298072,"max":0.521484375,"mean":0.045659892261,"median":0.04052734375,"min":0.0048828125,"var":0.00137384887785}},"metadata":{"audio_properties":{"analysis_sample_rate":44100,"bit_rate":320103,"codec":"mp3","downmix":"mix","equal_loudness":0,"length":81.0057144165,"lossless":false,"md5_encoded":"eccf54c111762286242b0e00f106540c","replay_gain":-5.65510368347,"sample_rate":44100},"tags":{"acoustid_fingerprint":["AQACeUmUREqUqEVxHDx-PAdefMXxQu-JP2gl_CP84gce1MePHz2aiocexejRfHiDDtoTvOjCq5AuDT_KS-jh4xcs_HCOlsvxC6Ef_MFH0EjPozeOakdjH7FzfJh-fMepwT1KHhWa4yFuI9bRfzDHoKw6oTKa4yza5fB-7BnuHs-DGz_eHP-P4z18Hj2qY_1x4iP-4zf08nC-I3xeXObQwsOz4w_ho5wMRNehi_iHnDmOnocPHIf74kd0yXhzHMfRu8J74pnRorlwDa9y_LiMLiz8C18h6MHb4gku-DN8oX_wJ-gDn0FP9MlxXFKgTdnwDPcmPJ7RP2iOkhAbI1dCwiP6Hd8-XDlKHT6-4stwi3jRJ_iO50W8MVWgR0HIH37xLBHMHP6D8sfxwiPxKDPx2ag1pD96fDweWvgF_YuEHorCnfgOHaeJEM2PP_iOf-iJMDWGc8ZRX8WHw3yHwz667eh7uPrQa8cXkeiLBuqoEveht-iiPfjgyUQf4ke4loPVjLiYHLaUw9VxE86JeugD60etZMgPjcWF8MG1Hfk2oiSuEfrx_MgLaztO3EF_hNxhFtp3hPzh97iW7HCPdkefbYd7lEuIC0eOK9BZnNSNo95SPPhRtsR3dL9xZYnx3LhROUSvIffxwBWDH3mH67Gh89j-4fpx5mj0Y070Bsch5guP8yjRPMUTZY7w4Tv8HI_xFLeh1g5qHelDVMejHE_w4lmOK6WCNHSRnMKPu_iU4Il0IaapCHqOMOLRUzge2oiU8MGN5prwLMj6Sei5BGHyNJA40fiNMFaEksL-4k_RJyWaH7-QVAuDcILHEP7hNDs-o16L5BfyHPtRC-mLJ0fSv3guUBfBZxq-TWj34pkqJOcRXjAvwXWOSgvRB9fhjuhHfDqD_4hco6GPUsZx7TjeI4yO6cdDZMmVoz8UUkwjhFcOZ-iF4_oqWGyRSzH0PEP0W_BKBnzgEz--HA2fUMiOJmII6bRQ7kT6Fg9-404TfDp-mCOOuheqLVEoIZHUC7F-NA9u_EKzH2X4gnvwYzQzFrlu6Cfy4ceFPwifHHdy6Dl-vDnOh_CPPozxHM2OOwysItQVXCHyHooTHVf0CNlVNEFo8bgH3Sdy6sFTXEOTB8xpfElCRI6UQ-_xv-gvNI9w37iyF2oxbYd4DVnITPiP-0qC5jpKRcfIKegvRMqP5AzI9djC7EKfB83y5Ih8oTmfEIyP_EFzDX1w5XiSD76S4qER_3hu_LgCKWcKPxMqSkfOEFe44CqPXkeYz5DGF8-DMOJ05Co89tBmHSWaS0E-PDrC_EcbQ7sRxokufBp-gp1R4z38o2Qt_MaFSwryhUbfoxoPeRxJXN2DciWaOij8HDt1iG-FNsMTUsX5404UY_0iiM-OJ9lx7cG1R0ZI9vCPLBfkfBvyRDW4_-jhK1wwWSbgOAoeXvheJUiWSbmE8MHRH9sVZ3AlZQyyfki4KOlR_QpeKcWfY_LhpTUiQXXmCHmLx0cX-OhlfEJ-0EuO3siS8Rl6ovlwoheaUTpy6MkR5mFxm0FfPNaOW2CN7B2hcWGcBI6PfEEs4tB9Iex2BV0Oh6fAS4EvXD2S_XiRh0