{"lowlevel":{"average_loudness":0.649642825127,"barkbands":{"dmean":[0.000313312833896,0.00710130576044,0.00274930940941,0.00229813507758,0.004159912467,0.00168703112286,0.00059248751495,0.00071311998181,0.000244057591772,0.000223588765948,0.000111483110231,0.000106397674244,0.000118552874483,0.00014135488891,0.000105828068627,0.0000754473730922,0.0000996026574285,0.0000743333876017,0.0000540812616237,0.0000357369244739,0.0000605620152783,0.0000511580401508,0.000070312191383,0.0000643688181299,0.0000361226630048,0.00000545192278878,3.52898979372e-7],"dmean2":[0.00051102717407,0.011811777018,0.00470899790525,0.003494953271,0.00668473728001,0.00273823062889,0.000864750123583,0.00102855847217,0.000366315420251,0.000307751761284,0.000162562806509,0.000170052284375,0.000183159587323,0.000218517743633,0.000169186751009,0.000119333373732,0.000156965455972,0.000122174751596,0.0000857204868225,0.0000545974580746,0.0000860047439346,0.0000736744550522,0.000101630539575,0.0000930919923121,0.0000504246163473,0.00000733124988983,4.62237807142e-7],"dvar":[5.84337271903e-7,0.000189493381185,0.0000407923798775,0.000064305633714,0.0000422084158345,0.00000612853955317,0.00000317975332109,0.00000419002162744,8.04312207947e-7,5.99774125476e-7,6.30152783287e-8,5.76980205835e-8,1.4885235089e-7,1.83231506412e-7,1.17325463123e-7,4.94377871973e-8,8.64293099312e-8,2.14909032792e-8,4.07769853439e-8,1.58403423711e-8,8.31726865158e-8,9.7630028506e-8,1.8987772421e-7,1.90136134393e-7,5.59989175031e-8,1.13504350363e-9,3.55813859279e-12],"dvar2":[0.00000136898904657,0.000531472789589,0.000111280132842,0.000115460854431,0.000110761160613,0.000014308648133,0.00000567257393413,0.00000822266611067,0.00000156616908953,9.94668880594e-7,1.30173987145e-7,1.40830479722e-7,3.0488982361e-7,4.0605743834e-7,2.9460670703e-7,1.12588267598e-7,2.03545511113e-7,4.96260703642e-8,8.00637920406e-8,2.91989294965e-8,1.53948477077e-7,2.05156851507e-7,3.87903099863e-7,4.00480786311e-7,1.12620710979e-7,2.23675211686e-9,5.73906330445e-12],"max":[0.0148052033037,0.182019606233,0.127840965986,0.225149691105,0.105966605246,0.0700473859906,0.064910158515,0.0535397678614,0.0455189608037,0.0324445962906,0.00721272965893,0.00830903090537,0.0186642017215,0.0115278521553,0.0105451457202,0.00582189997658,0.00716366339475,0.00308236759156,0.0121913813055,0.00574206653982,0.00801326707006,0.0149353956804,0.0125565873459,0.0130773885176,0.00646253954619,0.00129769463092,0.0000628030975349],"mean":[0.000397724914365,0.0100772855803,0.00350565160625,0.00344035308808,0.00775840366259,0.00380738824606,0.00148055783939,0.00164550298359,0.0004757741699,0.000519152905326,0.00025558451307,0.000207633522223,0.000221356356633,0.000264794158284,0.000165992300026,0.000145252299262,0.000208849349292,0.000152344888193,0.000122101875604,0.0000817688851384,0.00011094432557,0.0000999059629976,0.000129851512611,0.000108892272692,0.0000603213047725,0.00000864200774231,5.96522966134e-7],"median":[0.000108456908492,0.00329140201211,0.00135560729541,0.000902812287677,0.00359837780707,0.00240743719041,0.000665515079163,0.000243542745011,0.000203993491596,0.000137698167237,0.0000880157313077,0.0000925435015233,0.0000549948308617,0.0000679746735841,0.0000459519578726,0.0000392565452785,0.0000511376165377,0.0000785593874753,0.0000513887716806,0.000025896993975,0.0000203806503123,0.0000065258345785,0.00000142011799653,2.73896262115e-7,5.53701759998e-8,5.57878792051e-8,8.08091868976e-8],"min":[2.24869803911e-16,3.34884798911e-16,2.19594297427e-16,2.15234671787e-16,5.10329250968e-16,4.58007072904e-16,3.93788396505e-16,3.23603537663e-16,3.36889858246e-16,2.20791631438e-16,1.40173682496e-16,1.28634221783e-16,1.57002427213e-16,2.3838593512e-16,3.21119216499e-16,2.69897096005e-16,1.33625932525e-16,2.92299185166e-16,7.6381513656e-16,3.2612359303e-16,4.74671122652e-16,3.54479953234e-16,2.33323907409e-16,1.92885972172e-16,2.46229788437e-15,2.2211323577e-15,3.98223731009e-15],"var":[7.5020074064e-7,0.000281244283542,0.0000400621611334,0.000136186034069,0.000102273246739,0.0000225997428061,0.0000140608090078,0.0000185603967111,0.00000172531053977,0.00000256517796515,2.5108207069e-7,1.44800736734e-7,4.60460057639e-7,4.65619024226e-7,1.78372459914e-7,1.15973534776e-7,2.17275001546e-7,5.46837064519e-8,8.50944559261e-8,3.9100470417e-8,2.17843393102e-7,2.63337256001e-7,4.59984079271e-7,3.78092920528e-7,1.1900518615e-7,2.45698217327e-9,9.8293690895e-12]},"barkbands_crest":{"dmean":3.2708325386,"dmean2":5.49817705154,"dvar":7.60866260529,"dvar2":20.4177131653,"max":26.2076778412,"mean":12.09532547,"median":11.4800682068,"min":2.77743721008,"var":17.0785865784},"barkbands_flatness_db":{"dmean":0.0259829349816,"dmean2":0.0417897328734,"dvar":0.00056352512911,"dvar2":0.00138338608667,"max":0.48235565424,"mean":0.222569510341,"median":0.211224347353,"min":0.0358241312206,"var":0.00559837371111},"barkbands_kurtosis":{"dmean":5.68022108078,"dmean2":9.06521987915,"dvar":125.310028076,"dvar2":299.963287354,"max":326.296661377,"mean":10.5664892197,"median":6.53119802475,"min":-1.95636057854,"var":247.77545166},"barkbands_skewness":{"dmean":0.675219535828,"dmean2":1.06156504154,"dvar":0.540843248367,"dvar2":1.25903332233,"max":16.0179309845,"mean":2.25075626373,"median":2.15927743912,"min":-1.75839543343,"var":1.70679092407},"barkbands_spread":{"dmean":3.7871325016,"dmean2":5.93098163605,"dvar":45.7948951721,"dvar2":92.3462371826,"max":123.172195435,"mean":12.3215026855,"median":8.59091567993,"min":0.410371214151,"var":207.03288269},"dissonance":{"dmean":0.024395968765,"dmean2":0.0409396626055,"dvar":0.00070133106783,"dvar2":0.00186946312897,"max":0.499939143658,"mean":0.422363579273,"median":0.446957409382,"min":0.0905802845955,"var":0.00506655685604},"dynamic_complexity":4.95885896683,"erbbands":{"dmean":[0.201512753963,1.67155587673,2.98583269119,5.33642339706,8.12023735046,20.519487381,16.8219833374,10.2602672577,6.15335130692,12.3609752655,14.5073223114,6.01191329956,7.79432582855,4.96052265167,3.40414714813,4.9730257988,4.27501344681,7.07569789886,6.22365379333,3.7925298214,4.12713623047,4.65901565552,4.43195343018,2.68898081779,2.48180007935,1.7661331892,2.28377723694,2.36169624329,1.84614694118,1.92183673382,2.095236063,1.42645704746,1.06295371056,0.543893039227,0.189663365483,0.0423407554626,0.00703731691465,0.000824925256893,0.0000641655278741,0.0000168032420333],"dmean2":[0.333207219839,2.80562973022,5.08351945877,8.45968341827,12.3053102493,33.1955909729,27.5426826477,15.9837799072,9.3607711792,17.6616230011,20.9892559052,9.04360580444,10.5128364563,7.00951433182,5.14469099045,7.93815946579,6.64225769043,10.5749969482,9.82251262665,6.02730226517,6.6171503067,7.19693994522,7.13570451736,4.32014608383,3.93325662613,2.66415643692,3.37482428551,3.2885696888,2.6193113327,2.68101549149,3.16469812393,1.99971151352,1.55468690395,0.782097041607,0.272251844406,0.057940851897,0.00968657340854,0.00110638828482,0.0000841121873236,0.0000260742926912],"dvar":[0.16315202415,10.8287858963,45.4265823364,200.674621582,436.638153076,1118.65466309,536.226501465,458.033966064,238.616348267,1771.93530273,1907.25671387,370.477416992,691.130981445,352.925720215,52.7589416504,140.964019775,159.097290039,509.487915039,422.536132812,101.948951721,139.0574646,180.610427856,67.7353744507,106.804603577,57.8445739746,42.0568351746,99.0195999146,177.597091675,124.853614807,115.040649414,197.416519165,87.608001709,53.8064956665,12.8900537491,1.59010398388,0.0698239803314,0.00208533764817,0.0000226488318731,1.03060294521e-7,8.17678758036e-10],"dvar2":[0.43279916048,31.1559848785,125.3123703,411.548034668,810.473754883,3021.08959961,1278.91967773,1016.82702637,511.397216797,3297.67211914,3790.62646484,688.64855957,1151.8482666,501.884490967,119.627761841,340.099151611,367.22756958,1004.53521729,1010.19396973,247.516296387,339.682281494,435.722290039,156.728775024,215.848800659,113.980415344,78.9601516724,204.711074829,346.018585205,255.525238037,227.496444702,421.806976318,176.352371216,118.250686646,26.8576202393,3.36218738556,0.140065327287,0.00429042009637,0.0000429811516369,1.62805619652e-7,1.66322211559e-9],"max":[5.34136724472,48.3151779175,118.328193665,346.380096436,547.528930664,561.201843262,451.988433838,802.486633301,483.780548096,1332.75341797,1275.80297852,889.371154785,956.778930664,1245.04858398,224.779098511,413.43737793,581.461242676,1153.81494141,625.608947754,232.623291016,297.961120605,310.855010986,200.864730835,486.537719727,354.797119141,293.332641602,348.950134277,399.939056396,515.481872559,289.206268311,472.142944336,291.902160645,183.638580322,115.859115601,36.2206306458,10.6963758469,1.28679382801,0.110882870853,0.00945938751101,0.000874207238667],"mean":[0.291967093945,2.23102211952,4.09411334991,8.32936191559,13.4704790115,34.928188324,32.5031738281,29.2705669403,17.443359375,32.1450386047,32.859249115,13.5792388916,18.1539478302,12.0752782822,7.94682025909,9.99785709381,8.85558986664,14.8726606369,10.9994497299,7.14928436279,8.89918422699,10.673951149,9.92282772064,6.35314655304,5.84980821609,4.06482028961,4.40385007858,4.0983080864,3.55807709694,3.65893101692,3.82213592529,2.43406224251,1.69229459763,0.91055649519,0.299063354731,0.0666749700904,0.0108541622758,0.00131227669772,0.000117822644825,0.0000467621939606],"median":[0.0838794633746,0.72823113203,1.7354516983,3.25895309448,6.79349422455,13.9437093735,15.5284910202,15.9587841034,9.56113052368,11.2673339844,7.29178333282,6.39523983002,5.75335407257,3.83020186424,3.55274963379,4.61505031586,2.98861169815,3.90636301041,3.45440912247,2.31800413132,3.00882101059,2.89224791527,4.84126567841,2.43733453751,2.62985634804,1.26905810833,1.20943689346,0.449251234531,0.257164299488,0.106374874711,0.0317549258471,0.00943990051746,0.00360532384366,0.000873184530064,0.000383492966648,0.00022240227554,0.000116636372695,0.0000499998968735,0.000026526999136,0.0000345458101947],"min":[1.22454036996e-14,6.78866752851e-14,2.2664116135e-13,5.40689509224e-13,1.06353283385e-12,1.82487900659e-12,2.82053178556e-12,4.00275992907e-12,5.26570237067e-12,6.44075157791e-12,7.31299222567e-12,7.66228747118e-12,7.35543310287e-12,6.48690216126e-12,5.52850126789e-12,5.37640374929e-12,7.05670981718e-12,1.0902323315e-11,1.54035152689e-11,1.70176546466e-11,1.31086834096e-11,7.86339309639e-12,1.29954528041e-11,3.12082269749e-11,3.76575402805e-11,1.5195917441e-11,8.53330774098e-12,2.57641356166e-11,1.29730792081e-11,9.95930074521e-12,5.34645461583e-12,4.69150282859e-12,3.02042635694e-12,8.78158570167e-12,2.91580370959e-11,1.13959779113e-11,4.05434279899e-12,2.28134676948e-12,8.92125511919e-13,2.36248517358e-14],"var":[0.256120920181,14.6183376312,47.7007369995,384.155670166,929.946777344,2452.29272461,2278.11303711,1692.7791748,834.621459961,8657.91894531,6750.81152344,938.334289551,2492.30200195,1861.88171387,205.715286255,344.709197998,412.693359375,1704.95922852,739.925598145,196.227096558,296.806854248,487.610046387,230.974121094,217.625701904,142.927062988,100.236160278,214.531906128,444.218505859,328.356658936,303.468811035,447.175689697,188.75012207,95.9086685181,27.011838913,3.01555132866,0.148144572973,0.00391891831532,0.0000520654903085,2.86058480015e-7,2.60229304772e-9]},"erbbands_crest":{"dmean":2.68189692497,"dmean2":4.42446660995,"dvar":6.8076338768,"dvar2":18.2460784912,"max":30.7094764709,"mean":10.6081209183,"median":9.54278182983,"min":1.96585202217,"var":23.8679904938},"erbbands_flatness_db":{"dmean":0.0164778754115,"dmean2":0.0252975709736,"dvar":0.000312582269544,"dvar2":0.000703743018676,"max":0.426911979914,"mean":0.214520588517,"median":0.204595521092,"min":0.0195139814168,"var":0.00446592783555},"erbbands_kurtosis":{"dmean":1.56542885303,"dmean2":2.59933972359,"dvar":13.350610733,"dvar2":38.5995330811,"max":92.5117797852,"mean":1.98693799973,"median":0.162712097168,"min":-1.91798639297,"var":36.1600837708},"erbbands_skewness":{"dmean":0.404066115618,"dmean2":0.640232563019,"dvar":0.170836880803,"dvar2":0.408371806145,"max":8.10546970367,"mean":0.851587474346,"median":0.744333922863,"min":-3.03283619881,"var":1.10228860378},"erbbands_spread":{"dmean":6.00618839264,"dmean2":9.30297088623,"dvar":57.8243637085,"dvar2":130.294403076,"max":139.655639648,"mean":33.9869155884,"median":30.7375450134,"min":1.29652881622,"var":421.459686279},"gfcc":{"cov":[[19951.7929688,-120.522888184,-2325.73950195,2446.33056641,-838.24798584,1159.89282227,-517.051940918,-198.700714111,-437.078765869,-287.407806396,-97.3827285767,-349.821350098,-140.805023193],[-120.522888184,3116.07714844,-314.748901367,-861.79498291,1171.3104248,-421.52355957,608.755065918,-265.222564697,224.976119995,-159.188308716,116.301185608,0.150585889816,106.626914978],[-2325.73950195,-314.748901367,1093.53259277,-405.505554199,-80.0882415771,133.220901489,-154.587402344,163.105514526,-12.2740468979,84.2688598633,-10.1609706879,52.3023033142,12.4825849533],[2446.33056641,-861.79498291,-405.505554199,1223.22460938,-316.823913574,88.4659423828,39.2282218933,-45.5613136292,-45.7363471985,4.1514081955,9.0250711441,-63.7741851807,-64.7720108032],[-838.24798584,1171.3104248,-80.0882415771,-316.823913574,824.246704102,-37.0791435242,340.609680176,-56.0155448914,140.456619263,-54.0866966248,27.1731033325,26.2751960754,53.0637817383],[1159.89282227,-421.52355957,133.220901489,88.4659423828,-37.0791435242,527.342468262,-70.0973510742,124.529968262,-50.6795158386,-5.76857566833,-30.0173110962,-15.3869419098,-17.7716808319],[-517.051940918,608.755065918,-154.587402344,39.2282218933,340.609680176,-70.0973510742,511.962249756,-50.8189697266,73.6614303589,-17.7040710449,40.5652236938,10.0308694839,-5.15790271759],[-198.700714111,-265.222564697,163.105514526,-45.5613136292,-56.0155448914,124.529968262,-50.8189697266,186.059020996,19.5829772949,36.4583511353,-10.8682193756,15.8671207428,7.29784631729],[-437.078765869,224.976119995,-12.2740468979,-45.7363471985,140.456619263,-50.6795158386,73.6614303589,19.5829772949,135.124938965,20.3957672119,20.3138771057,10.9651880264,18.5412712097],[-287.407806396,-159.188308716,84.2688598633,4.1514081955,-54.0866966248,-5.76857566833,-17.7040710449,36.4583511353,20.3957672119,94.0129928589,27.5768623352,12.5140028,-8.51411247253],[-97.3827285767,116.301185608,-10.1609706879,9.0250711441,27.1731033325,-30.0173110962,40.5652236938,-10.8682193756,20.3138771057,27.5768623352,82.7552261353,23.6731090546,6.31659269333],[-349.821350098,0.150585889816,52.3023033142,-63.7741851807,26.2751960754,-15.3869419098,10.0308694839,15.8671207428,10.9651880264,12.5140028,23.6731090546,79.9606018066,36.7080154419],[-140.805023193,106.626914978,12.4825849533,-64.7720108032,53.0637817383,-17.7716808319,-5.15790271759,7.29784631729,18.5412712097,-8.51411247253,6.31659269333,36.7080154419,75.1528625488]],"icov":[[0.000364370818716,-0.00103199807927,0.000612577481661,-0.000971271249,0.000857635168359,-0.00123230915051,0.000862823333591,-0.000367103668395,0.000818507687654,-0.000803940056358,0.00106912653428,-0.000576443038881,0.000304605317069],[-0.00103199807927,0.00447905715555,-0.0015737604117,0.00362748350017,-0.003669813741,0.00404515070841,-0.0030721060466,0.00188148906454,-0.00282900361344,0.00399619014934,-0.00518492050469,0.00356625416316,-0.00190184975509],[0.000612577481661,-0.0015737604117,0.00237196870148,-0.00110218778718,0.00139048194978,-0.00222931522876,0.0015338936355,-0.0011668872321,0.00156356289517,-0.00211094575934,0.00181702617556,-0.00129164534155,0.000599545368459],[-0.000971271249,0.00362748350017,-0.00110218778718,0.00430442532524,-0.00229191360995,0.00318824872375,-0.00306332227774,0.00174111372326,-0.00270639453083,0.00292916432954,-0.00429616682231,0.0030414678622,-0.00120555947069],[0.000857635168359,-0.003669813741,0.00139048194978,-0.00229191360995,0.00560109037906,-0.00391835579649,0.00112057942897,-0.00063970789779,0.000281077460386,-0.00213771522976,0.00408247252926,-0.00275437557139,0.00055562966736],[-0.00123230915051,0.00404515070841,-0.00222931522876,0.00318824872375,-0.00391835579649,0.00705509120598,-0.00281907059252,-0.000564731890336,-0.00157051428687,0.00393143575639,-0.00431899353862,0.00300827994943,-0.000907091773115],[0.000862823333591,-0.0030721060466,0.0015338936355,-0.00306332227774,0.00112057942897,-0.00281907059252,0.0054465145804,-0.00128306797706,0.00184998370241,-0.00235569803044,0.00257061119191,-0.00282789999619,0.0025627813302],[-0.000367103668395,0.00188148906454,-0.0011668872321,0.00174111372326,-0.00063970789779,-0.000564731890336,-0.00128306797706,0.00945220794529,-0.00371125550009,-0.000551855424419,-0.00043093090062,0.000416218768805,-0.00166460114997],[0.000818507687654,-0.00282900361344,0.00156356289517,-0.00270639453083,0.000281077460386,-0.00157051428687,0.00184998370241,-0.00371125550009,0.0132678719237,-0.00518898759037,0.00211860868149,-0.000753093219828,-0.000798880646471],[-0.000803940056358,0.00399619014934,-0.00211094575934,0.00292916432954,-0.00213771522976,0.00393143575639,-0.00235569803044,-0.000551855424419,-0.00518898759037,0.0193364415318,-0.00978155992925,0.00202526291832,0.0013338662684],[0.00106912653428,-0.00518492050469,0.00181702617556,-0.00429616682231,0.00408247252926,-0.00431899353862,0.00257061119191,-0.00043093090062,0.00211860868149,-0.00978155992925,0.0221627037972,-0.00879281479865,0.00247050542384],[-0.000576443038881,0.00356625416316,-0.00129164534155,0.0030414678622,-0.00275437557139,0.00300827994943,-0.00282789999619,0.000416218768805,-0.000753093219828,0.00202526291832,-0.00879281479865,0.0222605243325,-0.0106010055169],[0.000304605317069,-0.00190184975509,0.000599545368459,-0.00120555947069,0.00055562966736,-0.000907091773115,0.0025627813302,-0.00166460114997,-0.000798880646471,0.0013338662684,0.00247050542384,-0.0106010055169,0.0204859226942]],"mean":[-86.2669143677,153.530181885,-102.519035339,26.8271026611,-44.8911094666,-12.5402441025,-29.2148323059,-0.454659700394,-14.5263710022,-3.02944278717,-6.88367080688,-2.13447737694,-5.55107593536]},"hfc":{"dmean":4.12496232986,"dmean2":6.11616611481,"dvar":121.200195312,"dvar2":226.511947632,"max":229.087936401,"mean":14.3680467606,"median":9.20094585419,"min":1.48277570777e-10,"var":411.299957275},"melbands":{"dmean":[0.00191439734772,0.00171344261616,0.000957542448305,0.00105181406252,0.000595275138039,0.000242960712058,0.00010540621588,0.000136095186463,0.000109660293674,0.0000370356610802,0.0000391252760892,0.0000203899380722,0.0000130144171635,0.000012019998394,0.00000951013134909,0.0000131176911964,0.0000142054732351,0.0000110753835543,0.00000695623793945,0.00000542704492545,0.00000525572613697,0.00000502554257764,0.00000537174264537,0.00000340683141076,0.00000234972708313,0.00000206078880183,0.00000155332963914,0.00000114878389468,0.00000131765739297,0.00000167499513282,0.00000137956658364,0.00000114416218366,9.7247652775e-7,0.00000119159756196,0.00000134999481816,9.73059854914e-7,8.76539445471e-7,7.89201692442e-7,6.7637643042e-7,4.14298000351e-7],"dmean2":[0.00317534455098,0.00288952607661,0.00148331606761,0.00166795903351,0.000974696595222,0.000384047685657,0.000157993199537,0.000195444270503,0.000158397087944,0.0000551479606656,0.0000529320604983,0.0000290997031698,0.0000191201015696,0.0000191609960893,0.0000153641703946,0.0000201758321055,0.0000213829825952,0.0000176197554538,0.0000111200033643,0.00000845463000587,0.00000854246627569,0.00000787960379967,0.00000824985272629,0.00000569651274418,0.00000382053667636,0.00000328481451106,0.00000244952775574,0.00000173696707861,0.00000202127876037,0.0000024585351639,0.00000196509290618,0.00000171431793206,0.00000138561097174,0.00000170997225268,0.00000207183802559,0.00000146817444602,0.000001238109121,0.0000011715032997,0.00000101247178463,5.82520044645e-7],"dvar":[0.0000139504218168,0.0000119997866932,0.00000810604524304,0.00000277665390058,6.2356576791e-7,1.9920979355e-7,7.21085200439e-8,1.93103176116e-7,1.0677745621e-7,1.8255576606e-8,1.75974204097e-8,6.73213484959e-9,8.79228079231e-10,7.09149572398e-10,4.43115738546e-10,2.05733141634e-9,2.03745220695e-9,1.31693933536e-9,3.85097120859e-10,3.48194723054e-10,2.26243773715e-10,2.41672709622e-10,2.00301095155e-10,3.71161261448e-11,9.3285122682e-11,5.49129214322e-11,2.56135494758e-11,1.66020218406e-11,3.25595453377e-11,6.61074736619e-11,7.08309175201e-11,5.2988481658e-11,2.87039437358e-11,4.66737065663e-11,8.24104257058e-11,4.19853388167e-11,3.53527554453e-11,3.20001594667e-11,2.43532086858e-11,6.95475621537e-12],"dvar2":[0.0000386736392102,0.0000333107454935,0.0000152235634232,0.000006855335414,0.00000158083992119,4.45577796881e-7,1.40234163837e-7,3.65725014717e-7,2.07917409512e-7,3.4151607764e-8,2.93509465621e-8,9.69880886714e-9,1.84089388178e-9,1.74520586871e-9,1.07357633894e-9,4.26472190895e-9,4.17267331798e-9,3.05409453283e-9,9.60455492915e-10,7.90081222668e-10,5.61091118012e-10,6.0704319349e-10,4.07804900959e-10,9.12230777028e-11,1.92387758502e-10,1.07328874954e-10,5.11676048753e-11,3.14242694366e-11,7.22780862938e-11,1.28688712464e-10,1.49531442784e-10,1.2364179125e-10,5.48707572434e-11,9.75526742719e-11,1.85551130016e-10,8.73148012226e-11,7.27203644524e-11,7.11832606748e-11,5.81960105106e-11,1.38081421297e-11],"max":[0.0487817600369,0.0496993474662,0.0762078389525,0.0304451994598,0.0133360959589,0.015986898914,0.00898060202599,0.0148405041546,0.0113309118897,0.00685068871826,0.00468691112474,0.0051072970964,0.000979328178801,0.00100046838634,0.000474331201985,0.00214458140545,0.00191024481319,0.00111013383139,0.000455477682408,0.000607919762842,0.000389314547647,0.000428154278779,0.000401244848035,0.000193376239622,0.000446840189397,0.000474086002214,0.000185063952813,0.000178357644472,0.000253365811659,0.000236293039052,0.000285828427877,0.000310606585117,0.000246549549047,0.000165326986462,0.000322397390846,0.000194048392586,0.000194753156393,0.000157582311658,0.00016671398771,0.0000785668671597],"mean":[0.00276519102044,0.00249193911441,0.00155506434385,0.00176736246794,0.0012366353767,0.000652787508443,0.000291582662612,0.000352071801899,0.000237783009652,0.0000777276727604,0.0000884947585291,0.0000469408041681,0.0000297667611449,0.0000239177934418,0.0000186590259545,0.0000244979146373,0.0000284006018774,0.0000183222946362,0.0000113522182801,0.00000976841147349,0.0000105978569991,0.0000104824048321,0.0000113874702947,0.000007145312793,0.00000489605008624,0.00000445995601694,0.00000356882651431,0.00000238429333876,0.00000252316408478,0.00000287894067696,0.00000219952926273,0.00000199995770345,0.00000191396225091,0.00000210297253034,0.00000237171025219,0.00000165161395671,0.00000143580268741,0.00000123590598378,9.97147253656e-7,6.94095604103e-7],"median":[0.000876863254234,0.00106766680256,0.000614457880147,0.000815912615508,0.000670322100632,0.000389629276469,0.000150828796905,0.000115478062071,0.0000528676428075,0.0000337143865181,0.0000266613860731,0.0000133065677801,0.0000109879983938,0.0000111395111162,0.00000828663542052,0.00000572123053644,0.00000680430821376,0.00000531591558683,0.00000329790782416,0.00000225564781431,0.00000361636102753,0.00000283546432911,0.00000364885704585,0.00000370930956706,0.00000144099078625,0.00000190820355783,0.00000132382228912,6.23058213023e-7,7.78502624144e-7,4.77666958432e-7,1.55615452968e-7,1.41475084092e-7,9.39949131862e-8,4.30518838357e-8,1.70968785795e-8,9.12571351819e-9,3.995405784e-9,2.95523916449e-9,1.07966113827e-9,5.24162990789e-10],"min":[1.11907041611e-16,1.10466820903e-16,1.07645102692e-16,1.03470725805e-16,9.74751619066e-17,9.01744856725e-17,8.11382587819e-17,7.0699530619e-17,5.94650944116e-17,4.7631620622e-17,3.62888601502e-17,2.64433693791e-17,1.89471873529e-17,1.47134817632e-17,1.40635014359e-17,1.6512725327e-17,2.06003094615e-17,2.40960193979e-17,2.45829657352e-17,2.08449464733e-17,1.4010325303e-17,8.00059014629e-18,7.6967667073e-18,1.51651074884e-17,2.5996772912e-17,3.043447613e-17,2.17881921063e-17,6.90714588482e-18,2.32867203622e-18,1.15882999376e-17,1.6236898643e-17,8.23949479644e-18,4.57244266796e-18,5.85656736346e-18,2.97718122287e-18,3.09554787339e-18,2.64653831367e-18,1.22125958934e-18,3.63081872252e-18,7.14272030583e-18],"var":[0.0000212310442294,0.0000154732279043,0.0000167792823049,0.00000582755092182,0.00000275860315924,7.30627050416e-7,3.01973472006e-7,9.90307967186e-7,3.76751842168e-7,4.38402096847e-8,6.24263236659e-8,3.45386119704e-8,3.64163832423e-9,1.80396408922e-9,1.02252317724e-9,6.29973451183e-9,6.28745588926e-9,2.29337793201e-9,6.22165541309e-10,7.31105564977e-10,4.28335089619e-10,4.95544161261e-10,6.60663412866e-10,1.17635970409e-10,1.74007641629e-10,1.15668551126e-10,6.10790792943e-11,3.94073280952e-11,5.92548857203e-11,1.61945679089e-10,1.55999588247e-10,1.124955476e-10,9.0944259068e-11,1.02670510982e-10,1.7446916134e-10,8.88421627931e-11,7.10023151385e-11,5.40959568807e-11,3.76298749105e-11,1.54751957776e-11]},"melbands_crest":{"dmean":3.90889215469,"dmean2":6.54030561447,"dvar":11.2832632065,"dvar2":29.4536628723,"max":38.0512123108,"mean":15.6523046494,"median":14.8271360397,"min":3.45204877853,"var":26.7689208984},"melbands_flatness_db":{"dmean":0.0304134637117,"dmean2":0.048271894455,"dvar":0.000773801642936,"dvar2":0.00184331950732,"max":0.654888749123,"mean":0.317396700382,"median":0.302413225174,"min":0.0453049764037,"var":0.00993286632001},"melbands_kurtosis":{"dmean":9.22165584564,"dmean2":14.5945777893,"dvar":265.088134766,"dvar2":567.058776855,"max":512.75189209,"mean":19.3436546326,"median":14.4874391556,"min":-1.73532509804,"var":507.216430664},"melbands_skewness":{"dmean":0.806781113148,"dmean2":1.27740943432,"dvar":0.683283627033,"dvar2":1.61168336868,"max":16.9381790161,"mean":3.01795506477,"median":2.94477558136,"min":-1.76072645187,"var":2.60651493073},"melbands_spread":{"dmean":3.9069583416,"dmean2":5.98771286011,"dvar":57.7962493896,"dvar2":106.216400146,"max":201.333007812,"mean":11.0770978928,"median":7.90948677063,"min":0.41861525178,"var":197.567138672},"mfcc":{"cov":[[15346.1328125,-956.655822754,-1067.76855469,1109.73962402,309.404907227,614.51776123,157.920211792,206.546401978,-325.373077393,-21.8244972229,-83.5747528076,-81.3499450684,-116.774597168],[-956.655822754,4001.74853516,-843.355224609,-179.84173584,334.519561768,160.825164795,252.476364136,156.880737305,202.784301758,-42.9308815002,22.850233078,6.59002256393,28.2645530701],[-1067.76855469,-843.355224609,1202.9197998,-341.345245361,-31.8125076294,-155.673233032,-121.982849121,-73.5397415161,-48.1715431213,21.4517688751,-12.4468917847,28.3944587708,-28.6886768341],[1109.73962402,-179.84173584,-341.345245361,857.806396484,-173.576721191,111.796112061,64.2440185547,-10.3183736801,-23.2149887085,-1.86371612549,50.7444000244,16.561750412,24.6617450714],[309.404907227,334.519561768,-31.8125076294,-173.576721191,388.41116333,61.976398468,11.4240751266,57.7943992615,59.4678955078,1.12696659565,-12.8032159805,13.5151519775,22.6145629883],[614.51776123,160.825164795,-155.673233032,111.796112061,61.976398468,247.688949585,128.570648193,94.2867126465,40.5076637268,14.7512550354,24.2327404022,10.8239202499,3.32213926315],[157.920211792,252.476364136,-121.982849121,64.2440185547,11.4240751266,128.570648193,229.235473633,113.583312988,59.2236175537,24.6295070648,15.4267024994,17.8585643768,17.0710468292],[206.546401978,156.880737305,-73.5397415161,-10.3183736801,57.7943992615,94.2867126465,113.583312988,163.877456665,87.5680770874,28.2887859344,5.89477062225,7.8151268959,22.5282058716],[-325.373077393,202.784301758,-48.1715431213,-23.2149887085,59.4678955078,40.5076637268,59.2236175537,87.5680770874,158.365631104,34.2044715881,4.75908899307,11.7380752563,34.1856803894],[-21.8244972229,-42.9308815002,21.4517688751,-1.86371612549,1.12696659565,14.7512550354,24.6295070648,28.2887859344,34.2044715881,96.7989120483,32.5439414978,11.3030166626,-4.3142118454],[-83.5747528076,22.850233078,-12.4468917847,50.7444000244,-12.8032159805,24.2327404022,15.4267024994,5.89477062225,4.75908899307,32.5439414978,95.8654708862,25.293214798,-4.35124635696],[-81.3499450684,6.59002256393,28.3944587708,16.561750412,13.5151519775,10.8239202499,17.8585643768,7.8151268959,11.7380752563,11.3030166626,25.293214798,77.2949295044,32.5394668579],[-116.774597168,28.2645530701,-28.6886768341,24.6617450714,22.6145629883,3.32213926315,17.0710468292,22.5282058716,34.1856803894,-4.3142118454,-4.35124635696,32.5394668579,79.046081543]],"icov":[[0.000103591002699,0.0000385395142075,0.0000733240231057,-0.000124987520394,-0.000162678246852,-0.000154547713464,0.0000716388603905,-0.000252370577073,0.000355953437975,-0.0000806187890703,0.000199985151994,-0.0000161878506333,0.000173682477907],[0.0000385395142075,0.000380431913072,0.000290892465273,0.000106983126898,-0.000276794075035,0.000044960212108,-0.00035058154026,0.0000858160492498,-0.000248374359217,0.000332244351739,-0.000137421797263,-0.0000895272605703,0.000276494218269],[0.0000733240231057,0.000290892465273,0.0013026339002,0.000423649762524,-0.0000738067683415,0.000248886179179,0.000070601614425,-0.0000289390391117,0.000144141260535,-0.000156245951075,0.000164015131304,-0.00087779853493,0.000648070534226],[-0.000124987520394,0.000106983126898,0.000423649762524,0.00189741118811,0.000954367977101,-0.000646122149192,-0.000265146692982,0.000923638057429,-0.00041414698353,0.000263572786935,-0.000889919581823,-0.00010657380335,-0.000924597377889],[-0.000162678246852,-0.000276794075035,-0.0000738067683415,0.000954367977101,0.00377912889235,-0.00109177047852,0.000998781295493,-0.000213487117435,-0.00104555266444,0.000147635888425,0.000144921301398,-0.000547053234186,-0.000962639111094],[-0.000154547713464,0.000044960212108,0.000248886179179,-0.000646122149192,-0.00109177047852,0.00738690886647,-0.00282591627911,-0.00182593881618,-0.000178540562047,0.000650721602142,-0.00127415545285,-0.000352359435055,0.00136774696875],[0.0000716388603905,-0.00035058154026,0.000070601614425,-0.000265146692982,0.000998781295493,-0.00282591627911,0.00860070902854,-0.00447824131697,0.00046649997239,-0.000852999393828,0.000638617668301,-0.00129485304933,-0.0000886980051291],[-0.000252370577073,0.0000858160492498,-0.0000289390391117,0.000923638057429,-0.000213487117435,-0.00182593881618,-0.00447824131697,0.0138748195022,-0.00547948246822,-0.000819264561869,-0.000292749842629,0.0012525441125,-0.00175825227052],[0.000355953437975,-0.000248374359217,0.000144141260535,-0.00041414698353,-0.00104555266444,-0.000178540562047,0.00046649997239,-0.00547948246822,0.0119228847325,-0.00330775440671,0.0009836795507,0.000703388941474,-0.00300859310664],[-0.0000806187890703,0.000332244351739,-0.000156245951075,0.000263572786935,0.000147635888425,0.000650721602142,-0.000852999393828,-0.000819264561869,-0.00330775440671,0.0137199182063,-0.00439315801486,-0.000990971806459,0.0023167305626],[0.000199985151994,-0.000137421797263,0.000164015131304,-0.000889919581823,0.000144921301398,-0.00127415545285,0.000638617668301,-0.000292749842629,0.0009836795507,-0.00439315801486,0.0142683265731,-0.00496913027018,0.00280514382757],[-0.0000161878506333,-0.0000895272605703,-0.00087779853493,-0.00010657380335,-0.000547053234186,-0.000352359435055,-0.00129485304933,0.0012525441125,0.000703388941474,-0.000990971806459,-0.00496913027018,0.0188678819686,-0.00858207512647],[0.000173682477907,0.000276494218269,0.000648070534226,-0.000924597377889,-0.000962639111094,0.00136774696875,-0.0000886980051291,-0.00175825227052,-0.00300859310664,0.0023167305626,0.00280514382757,-0.00858207512647,0.0191852543503]],"mean":[-725.712036133,175.617416382,5.79721498489,37.750957489,3.11496758461,-1.79699420929,-5.17212533951,-0.892341077328,-4.47915697098,-1.29580116272,1.1714400053,0.253555387259,-2.26517367363]},"pitch_salience":{"dmean":0.0814463943243,"dmean2":0.135832816362,"dvar":0.00513718137518,"dvar2":0.013654531911,"max":0.982805728912,"mean":0.538116872311,"median":0.541220784187,"min":0.102943733335,"var":0.0152442865074},"silence_rate_20dB":{"dmean":0,"dmean2":0,"dvar":0,"dvar2":0,"max":1,"mean":1,"median":1,"min":1,"var":0},"silence_rate_30dB":{"dmean":0.0215993206948,"dmean2":0.0432038828731,"dvar":0.0211348608136,"dvar2":0.0483747087419,"max":1,"mean":0.973307430744,"median":1,"min":0,"var":0.0259815491736},"silence_rate_60dB":{"dmean":0.00970755983144,"dmean2":0.019417475909,"dvar":0.00961321033537,"dvar2":0.0260787885636,"max":1,"mean":0.0865081325173,"median":0,"min":0,"var":0.0790185555816},"spectral_centroid":{"dmean":160.503128052,"dmean2":248.663269043,"dvar":58051.34375,"dvar2":100369.101562,"max":11085.1464844,"mean":764.267883301,"median":622.369628906,"min":152.18157959,"var":303476.53125},"spectral_complexity":{"dmean":2.06261372566,"dmean2":3.37791252136,"dvar":5.55528068542,"dvar2":13.6303739548,"max":45,"mean":12.6964330673,"median":12,"min":0,"var":51.6813087463},"spectral_contrast_coeffs":{"dmean":[0.0544809140265,0.047448374331,0.0334008932114,0.0258621014655,0.0200103670359,0.0164740532637],"dmean2":[0.0894472673535,0.0797785371542,0.0532854273915,0.0421290174127,0.0326953269541,0.0258409697562],"dvar":[0.0019691309426,0.00140463700518,0.000814473663922,0.00048821643577,0.000359998026397,0.00029715715209],"dvar2":[0.00509602017701,0.00386806135066,0.00204367213883,0.00126651418395,0.000857224396896,0.000636003562249],"max":[-0.234563201666,-0.410014539957,-0.451757341623,-0.567133486271,-0.601291000843,-0.599884331226],"mean":[-0.623491168022,-0.673553645611,-0.752481639385,-0.794591128826,-0.787783145905,-0.755391120911],"median":[-0.633477628231,-0.673318743706,-0.761681497097,-0.804923534393,-0.79022860527,-0.750173568726],"min":[-0.996961951256,-0.997849822044,-0.978818953037,-0.958825826645,-0.965015888214,-0.960105955601],"var":[0.0106410589069,0.00697966152802,0.00636603776366,0.00390868680552,0.00270571815781,0.00614033080637]},"spectral_contrast_valleys":{"dmean":[0.407377570868,0.311570703983,0.298783361912,0.258702129126,0.211002930999,0.237190768123],"dmean2":[0.670227050781,0.520514786243,0.494514852762,0.42513653636,0.32112133503,0.326617151499],"dvar":[0.163771703839,0.0884023532271,0.0926157310605,0.0888538360596,0.101866841316,0.140311688185],"dvar2":[0.341667383909,0.19920642674,0.205361604691,0.18482927978,0.182346343994,0.210858434439],"max":[-4.76758289337,-4.93451118469,-5.72540235519,-5.81691074371,-5.98790597916,-7.13298940659],"mean":[-7.21901082993,-7.05261993408,-8.17136383057,-8.60910701752,-8.59565067291,-11.9983320236],"median":[-6.77003860474,-6.64484119415,-7.84893989563,-8.31819343567,-8.0637512207,-12.5179271698],"min":[-27.396238327,-27.2968406677,-27.0674991608,-27.5889568329,-27.1086215973,-27.1932525635],"var":[2.45968961716,2.00736832619,2.39328360558,2.38330841064,2.57072138786,2.81186056137]},"spectral_decrease":{"dmean":3.30843263896e-9,"dmean2":5.32465671554e-9,"dvar":2.42524094732e-17,"dvar2":6.05103661557e-17,"max":-7.44722357904e-22,"mean":-9.04804142721e-9,"median":-7.03540692371e-9,"min":-7.581115824e-8,"var":7.07138772396e-17},"spectral_energy":{"dmean":0.0127381961793,"dmean2":0.0204961150885,"dvar":0.000353553885361,"dvar2":0.000881115498487,"max":0.291299164295,"mean":0.0354525633156,"median":0.0280773192644,"min":1.62599697161e-14,"var":0.00105013418943},"spectral_energyband_high":{"dmean":0.000255723134615,"dmean2":0.000350065907696,"dvar":0.00000201331090466,"dvar2":0.00000352949132321,"max":0.0298615135252,"mean":0.000554228201509,"median":0.0000499245034007,"min":9.86680474059e-15,"var":0.00000600070052315},"spectral_energyband_low":{"dmean":0.00911350362003,"dmean2":0.0149780539796,"dvar":0.000280486186966,"dvar2":0.000757141562644,"max":0.223668262362,"mean":0.0156029304489,"median":0.00732299219817,"min":7.75162995773e-16,"var":0.000484302610857},"spectral_energyband_middle_high":{"dmean":0.000607403402682,"dmean2":0.000886409310624,"dvar":0.0000014812497966,"dvar2":0.00000297394558402,"max":0.0382398925722,"mean":0.00214426778257,"median":0.00134225748479,"min":2.90029163338e-15,"var":0.00000814856957732},"spectral_energyband_middle_low":{"dmean":0.00681919883937,"dmean2":0.0106395883486,"dvar":0.000116215815069,"dvar2":0.000234535385971,"max":0.275869011879,"mean":0.0189224556088,"median":0.0139282587916,"min":2.31148811504e-15,"var":0.000394337228499},"spectral_entropy":{"dmean":0.19493047893,"dmean2":0.309883922338,"dvar":0.0417084172368,"dvar2":0.0961125642061,"max":9.80146694183,"mean":6.83072805405,"median":6.96594047546,"min":4.46062755585,"var":0.598311424255},"spectral_flux":{"dmean":0.0278888139874,"dmean2":0.0462157428265,"dvar":0.00114843994379,"dvar2":0.00268877879716,"max":0.411260813475,"mean":0.0828170329332,"median":0.0756754875183,"min":0.0000330957154802,"var":0.0029620421119},"spectral_kurtosis":{"dmean":6.10513448715,"dmean2":10.2854661942,"dvar":100.495658875,"dvar2":262.532958984,"max":153.031539917,"mean":16.4524993896,"median":5.82142591476,"min":-1.2056709528,"var":554.840698242},"spectral_rms":{"dmean":0.000968324078713,"dmean2":0.00154110940639,"dvar":0.00000121895459415,"dvar2":0.00000296589860227,"max":0.0168580636382,"mean":0.0052325297147,"median":0.00523378513753,"min":3.98288646508e-9,"var":0.00000720873504179},"spectral_rolloff":{"dmean":303.066711426,"dmean2":512.127380371,"dvar":1187470.375,"dvar2":2902837.75,"max":17829.4921875,"mean":759.195007324,"median":452.197265625,"min":21.533203125,"var":2108643.25},"spectral_skewness":{"dmean":0.455048292875,"dmean2":0.750382602215,"dvar":0.360670924187,"dvar2":0.928141534328,"max":10.5675201416,"mean":2.42799210548,"median":1.76215338707,"min":0.0167709924281,"var":3.26399087906},"spectral_spread":{"dmean":371544.5,"dmean2":556829.0625,"dvar":376790089728,"dvar2":583309328384,"max":40891076,"mean":3338602.25,"median":2938501.5,"min":636875.9375,"var":3781628002300},"spectral_strongpeak":{"dmean":0.343663781881,"dmean2":0.574476063251,"dvar":0.205121099949,"dvar2":0.468299627304,"max":9.61132240295,"mean":0.757159233093,"median":0.52511203289,"min":0,"var":0.615969061852},"zerocrossingrate":{"dmean":0.00667471764609,"dmean2":0.00806286279112,"dvar":0.00015654276649,"dvar2":0.000180444447324,"max":0.49560546875,"mean":0.0343258976936,"median":0.02490234375,"min":0.00341796875,"var":0.0013591835741}},"metadata":{"audio_properties":{"analysis_sample_rate":44100,"bit_rate":0,"codec":"flac","downmix":"mix","equal_loudness":0,"length":191.333328247,"lossless":true,"md5_encoded":"aa857f667b35d74d384e6f71a8397901","replay_gain":-10.5582942963},"tags":{"acoustid_id":["cc34fb6d-2ea8-4aa0-99c4-1c3e8ed24553"],"album":["Rather Ripped"],"albumartist":["Sonic Youth"],"albumartistsort":["Sonic Youth"],"artist":["Sonic Youth"],"artists":["Sonic Youth"],"artistsort":["Sonic Youth"],"asin":["B000FDF1U6"],"barcode":["4988005432476"],"catalognumber":["UICF-1075"],"date":["2006-06-05"],"file_name":"03 - Do You Believe in Rapture?.flac","label":["Geffen Records"],"media":["CD"],"musicbrainz_albumartistid":["5cbef01b-cc35-4f52-af7b-d0df0c4f61b9"],"musicbrainz_albumid":["41973638-f69e-478c-9a7f-b2ab95744cff"],"musicbrainz_artistid":["5cbef01b-cc35-4f52-af7b-d0df0c4f61b9"],"musicbrainz_recordingid":["0eec7f6f-38ac-44ba-b5b8-9b7598926032"],"musicbrainz_releasegroupid":["4c528cc1-e920-38f5-9ee4-12e36afc388b"],"musicbrainz_releasetrackid":["78911710-21ac-3b47-98c3-4adb06ec1998"],"originaldate":["2006"],"releasecountry":["JP"],"releasestatus":["official"],"releasetype":["album"],"script":["Latn"],"title":["Do You Believe in Rapture?"],"totaltracks":["15"],"tracknumber":["3"],"tracktotal":["15"]},"version":{"essentia":"2.1-beta1","essentia_build_sha":"85931cb11b241c07ac43bfc3827c398894034a25","essentia_git_sha":"v2.1_beta1-6-g5578087","extractor":"music 1.0"}},"rhythm":{"beats_count":352,"beats_loudness":{"dmean":0.0312233455479,"dmean2":0.0582945868373,"dvar":0.00155233975966,"dvar2":0.00545618776232,"max":0.297416985035,"mean":0.0553141124547,"median":0.0469390898943,"min":9.92707427372e-9,"var":0.00202415790409},"beats_loudness_band_ratio":{"dmean":[0.172517776489,0.146309927106,0.0855832025409,0.0294993333519,0.016131259501,0.0417478606105],"dmean2":[0.293379843235,