{"lowlevel":{"average_loudness":0.533543109894,"barkbands":{"dmean":[0.000317432568409,0.000735725509003,0.000466063822387,0.000712413864676,0.00228407117538,0.00168620655313,0.000738887232728,0.000322623498505,0.000416544062318,0.000321943865856,0.0000915993659873,0.0000362837017747,0.0000303545330098,0.00000873573117133,0.00000798271230451,0.00000879842900758,0.0000081383923316,0.0000101626856122,0.0000135193004098,0.00000957004249358,0.00000569079884372,0.00000268629628408,0.00000150227310769,0.00000125964675135,0.00000120869697184,0.00000129659383674,0.00000507494951307],"dmean2":[0.000507140881382,0.00110946421046,0.000681312987581,0.00107427069452,0.00330809899606,0.00236385618336,0.00109374558087,0.000496118678711,0.000627900357358,0.000482257542899,0.000143799450598,0.0000583934161114,0.0000492769795528,0.0000140240490509,0.0000126521126731,0.0000140582960739,0.0000126036766233,0.0000153848395712,0.0000194159219973,0.000013881049199,0.0000081235102698,0.00000403127205573,0.00000235355514633,0.00000201380180442,0.00000193697724171,0.00000202637693292,0.00000708246489012],"dvar":[4.66625095896e-7,0.00000267748941951,0.0000012699515537,0.0000029466630167,0.0000391976100218,0.0000313077653118,0.0000137214638016,0.00000366628751181,0.00000438360711996,0.00000146628372022,2.1766179259e-7,1.60995856646e-8,7.76737252295e-9,4.33894309371e-10,4.74709938025e-10,1.11747056053e-9,2.01592964544e-9,3.54282359005e-9,1.23973586952e-8,9.36811428431e-9,9.95437066109e-10,6.40566835686e-11,1.30762718362e-11,9.0598561639e-12,8.29519092305e-12,8.41454336764e-12,2.96439123249e-10],"dvar2":[0.0000010939988897,0.00000575268040848,0.00000280167387245,0.00000768237987359,0.0000940522077144,0.0000590600066062,0.0000302710031974,0.00000817951513454,0.00000984301732387,0.00000325846099258,5.21608171766e-7,4.23558716989e-8,1.92765448048e-8,1.06617925599e-9,1.19209397909e-9,2.84770096393e-9,4.50282167108e-9,7.7280244426e-9,2.58043808543e-8,2.20594440492e-8,1.86004911473e-9,1.19775731e-10,2.75014368917e-11,2.05845826495e-11,1.87163652632e-11,1.85895222826e-11,4.6655151964e-10],"max":[0.0186467282474,0.0643544048071,0.0287479739636,0.046179715544,0.189505070448,0.189836084843,0.133666604757,0.0791941955686,0.101235531271,0.0312957130373,0.0225120708346,0.00555297546089,0.0018187178066,0.000536079634912,0.000744548509829,0.00141137198079,0.00291072367691,0.00403924845159,0.00724042626098,0.00616077287123,0.00182007078547,0.00038777734153,0.000112062392873,0.0000810249403003,0.0000766380035202,0.0000755549845053,0.000986668630503],"mean":[0.00085998949362,0.00286944909021,0.00117914844304,0.0016173949698,0.00534214777872,0.00334663246758,0.00115820358042,0.000498916895594,0.000731881475076,0.000491677375976,0.000138603485539,0.0000592855722061,0.0000465139710286,0.000013299208149,0.0000118627804113,0.0000144359528349,0.0000130325161081,0.0000175857767317,0.0000229662364291,0.0000149320057972,0.0000105055723907,0.00000470789882456,0.00000207017251341,0.00000151448352881,0.00000137891549912,0.00000176836374521,0.0000114223566925],"median":[0.000129356631078,0.000548904645257,0.00019387192151,0.000380594457965,0.00124738377053,0.000374513998395,0.0000899086007848,0.0000273025452771,0.0000344555082847,0.0000222248363571,0.0000101401374195,0.0000116587470984,0.0000050381499932,0.0000026588916171,0.00000208606957131,0.00000139903750096,0.00000125321309952,0.00000132822481191,0.00000111658016522,8.6828424628e-7,8.59247336393e-7,7.04340322955e-7,4.32661806826e-7,3.55752348469e-7,2.88929669523e-7,4.97295275181e-7,0.00000275511342807],"min":[1.23501499523e-25,1.48279127518e-24,6.52933564541e-25,6.23988088561e-25,4.47838426375e-24,7.08728966671e-24,2.88275511355e-24,8.9039361461e-24,1.40523153594e-23,5.15028076256e-24,1.73951055567e-23,2.49074879106e-23,2.17434409726e-23,2.56923193143e-23,4.48982266799e-23,5.0346346216e-23,3.60774838049e-23,7.27535237102e-23,1.14605952124e-22,1.39238859642e-22,2.12774870261e-22,3.21634519738e-22,3.67913669521e-22,5.75619407957e-22,8.64514912708e-22,1.29864337042e-21,1.92243882941e-21],"var":[0.00000268132635028,0.0000318582679029,0.0000076309306678,0.0000110463724923,0.000127375387819,0.0000962433841778,0.0000257003976003,0.00000675766295899,0.0000169918967003,0.00000322744631376,3.63571416528e-7,3.14226689113e-8,1.38520945825e-8,8.67482641276e-10,8.86576312364e-10,2.98240965257e-9,4.90955853749e-9,6.09121952877e-9,3.53855149626e-8,1.62097570922e-8,3.60090268714e-9,2.04674055482e-10,2.98716121283e-11,1.38165165073e-11,1.2457711078e-11,1.48738087818e-11,1.38447986409e-9]},"barkbands_crest":{"dmean":2.20601868629,"dmean2":3.40186095238,"dvar":4.33710765839,"dvar2":10.5093631744,"max":26.5956497192,"mean":13.2282991409,"median":12.6855316162,"min":3.26544237137,"var":19.6293048859},"barkbands_flatness_db":{"dmean":0.039362218231,"dmean2":0.0609178096056,"dvar":0.00119304691907,"dvar2":0.00313743855804,"max":0.551582157612,"mean":0.251283913851,"median":0.248048856854,"min":0.0385837964714,"var":0.00558495987207},"barkbands_kurtosis":{"dmean":15.9247694016,"dmean2":23.6442241669,"dvar":863.809509277,"dvar2":1566.91101074,"max":1363.18493652,"mean":37.802116394,"median":20.2485561371,"min":-1.86602938175,"var":3284.6184082},"barkbands_skewness":{"dmean":0.980657100677,"dmean2":1.48580884933,"dvar":1.05163896084,"dvar2":2.32753562927,"max":28.6285228729,"mean":3.29136109352,"median":2.77532863617,"min":-2.17183256149,"var":7.32558965683},"barkbands_spread":{"dmean":1.68221116066,"dmean2":2.52002906799,"dvar":9.6096534729,"dvar2":17.0739212036,"max":125.047828674,"mean":6.42106866837,"median":3.58226323128,"min":0.183391690254,"var":143.628799438},"dissonance":{"dmean":0.0406410433352,"dmean2":0.0676279142499,"dvar":0.00147924525663,"dvar2":0.00408419175074,"max":0.5,"mean":0.414126247168,"median":0.424355655909,"min":0.127397432923,"var":0.00314240343869},"dynamic_complexity":6.97938489914,"erbbands":{"dmean":[0.0394855327904,0.111614972353,0.371530234814,1.55101490021,3.39308595657,7.45111894608,17.7868995667,12.5769605637,11.3460597992,8.65666866302,5.69169902802,7.6936545372,12.1793727875,7.4803647995,2.59103631973,1.33806478977,1.30186378956,0.62436401844,0.33749717474,0.498474091291,0.414149314165,0.467316865921,0.538860082626,0.566759586334,0.707591533661,0.420656621456,0.279009848833,0.175183549523,0.10153388232,0.0615790933371,0.0405278727412,0.0284450184554,0.0199938081205,0.0135913770646,0.00856324937195,0.0048477454111,0.00242825224996,0.00118711427785,0.00063446268905,0.00048004189739],"dmean2":[0.0582060329616,0.176198780537,0.546643078327,2.33795142174,5.1284070015,10.9379768372,24.7033634186,17.8375434875,16.4592247009,13.0210647583,8.5565290451,11.606962204,18.3299350739,11.250295639,4.0176358223,2.14240026474,2.107837677,0.988460600376,0.534394025803,0.783505260944,0.656190156937,0.710784554482,0.808977663517,0.809972465038,0.985679805279,0.591154158115,0.400038540363,0.24775211513,0.150715395808,0.0947016999125,0.0635110586882,0.04521965608,0.0320788547397,0.0218148175627,0.0136961927637,0.00770364655182,0.00377517263405,0.00174918363336,0.000843490706757,0.000674928713124],"dvar":[0.00865355785936,0.0527707152069,0.706948101521,16.7574748993,48.8394470215,546.327087402,2883.55151367,3270.6237793,3360.85620117,1463.61645508,990.769836426,1208.89440918,2680.45043945,1104.93811035,116.709060669,23.3165931702,13.8634548187,2.59305739403,0.554999709129,2.81120944023,2.66809415817,7.12003087997,9.59966754913,11.8515062332,38.3798446655,16.0578613281,2.60283613205,0.738137543201,0.0909455120564,0.0253671556711,0.00917553994805,0.00453359354287,0.00229108752683,0.00105760199949,0.000412362074712,0.000127428007545,0.0000291724154522,0.00000783653013059,0.00000900208669918,7.62660874898e-7],"dvar2":[0.0175334103405,0.124134190381,1.55641698837,43.1980895996,125.969207764,1289.62878418,6223.96191406,6229.67724609,7330.89453125,3126.87939453,2148.88110352,2653.30786133,6177.86767578,2397.31274414,278.390899658,63.2105979919,35.0308837891,6.32176685333,1.32450819016,6.97914457321,6.84515142441,15.8000869751,21.1436500549,22.2159881592,68.3456802368,37.8051071167,4.49681949615,1.34101450443,0.154578015208,0.050509981811,0.019681846723,0.0102659054101,0.00519014149904,0.00239006895572,0.000928769470192,0.000285739544779,0.0000642405429971,0.0000138315608638,0.0000136629942062,0.00000157095860231],"max":[3.84125757217,7.16616535187,20.6053104401,119.144126892,163.407089233,653.764953613,1762.56860352,2377.85107422,2336.37988281,1227.38549805,1166.18334961,1423.65686035,2008.99450684,1188.59558105,423.396697998,252.673324585,69.4083709717,48.3335952759,16.5265598297,95.5362472534,85.2210998535,160.872253418,222.800216675,167.641494751,453.696533203,272.05291748,73.2626495361,53.367477417,13.9536275864,5.69657850266,2.33690881729,1.77728188038,1.28878498077,0.868352770805,0.539653480053,0.301046609879,0.140437111259,0.0799618810415,0.187613576651,0.0246261116117],"mean":[0.171777442098,0.299219459295,0.908885061741,4.29700231552,7.56829309464,15.7566595078,41.2810020447,22.3087730408,17.7491836548,14.2875852585,10.1123867035,13.8454904556,20.3945846558,11.9941387177,4.51967382431,2.39321780205,2.09644389153,1.02982676029,0.547888278961,0.802918374538,0.716465592384,0.772812128067,0.931271672249,1.01220428944,1.19666528702,0.696916878223,0.523949861526,0.320140808821,0.183751821518,0.0951071307063,0.0549694672227,0.0354156345129,0.023531133309,0.0154963303357,0.0098453303799,0.00594302499667,0.00340176699683,0.00218814145774,0.00151584600098,0.00168848771136],"median":[0.0180077012628,0.0986390188336,0.225186035037,0.974689304829,2.82973599434,3.16601061821,2.82207274437,2.95564484596,1.63182651997,0.981943488121,0.636928915977,0.765352487564,0.909820020199,0.738170683384,0.544193804264,0.492486476898,0.264322638512,0.169151321054,0.125091761351,0.105038940907,0.0776772499084,0.0729440823197,0.0723458752036,0.0650586932898,0.0514907054603,0.0413939729333,0.0360725522041,0.0332790724933,0.0259321257472,0.0179087072611,0.0117805982009,0.00832846015692,0.00540194753557,0.0032657822594,0.00209828210063,0.00151319953147,0.00100388680585,0.000610188988503,0.000375196803361,0.000873271899763],"min":[5.33166220943e-23,1.23095370264e-22,1.01654499416e-21,2.82675564967e-21,9.41051313497e-21,1.60584401256e-20,4.74450055222e-20,7.8615652545e-20,8.1724494555e-20,1.20404203168e-19,2.21521449584e-19,3.29286875829e-19,3.90639973386e-19,6.15961128812e-19,9.5314336604e-19,1.47202993858e-18,1.34151107428e-18,2.13357590528e-18,1.92765528884e-18,2.67732887121e-18,3.35388403012e-18,2.78714536933e-18,4.48682988815e-18,5.95418170678e-18,7.19864681422e-18,6.9710513774e-18,7.60020495131e-18,9.92492823408e-18,1.07977187584e-17,1.05121379607e-17,1.07129385359e-17,1.04115461807e-17,9.24760876028e-18,7.83632117562e-18,5.69057248045e-18,3.66443947852e-18,2.08035220954e-18,9.78571828648e-19,2.38491034001e-19,2.60613817925e-20],"var":[0.123979002237,0.289321154356,3.51601195335,94.8901748657,171.853469849,1365.49511719,12369.7675781,9107.05859375,5932.45605469,3376.75292969,2443.26074219,4115.07910156,8304.59863281,2325.45751953,222.67414856,47.1453819275,26.0481987,5.45758390427,1.2459230423,6.31543064117,7.6664223671,16.6761188507,17.3175907135,35.0998725891,121.358078003,32.0325813293,10.2057008743,2.65600562096,0.332795292139,0.0740675777197,0.0194598268718,0.00729512376711,0.00343678495847,0.00157657428645,0.000625270185992,0.000199655201868,0.0000528905329702,0.0000281135835394,0.0000408027299272,0.00000486637827635]},"erbbands_crest":{"dmean":3.0485394001,"dmean2":4.82143592834,"dvar":7.85607433319,"dvar2":19.4634208679,"max":31.5076770782,"mean":14.4407920837,"median":13.9052038193,"min":2.69007396698,"var":32.7264251709},"erbbands_flatness_db":{"dmean":0.0344341918826,"dmean2":0.0537624768913,"dvar":0.000884666049387,"dvar2":0.00227330531925,"max":0.410086363554,"mean":0.196381598711,"median":0.196410760283,"min":0.0355185046792,"var":0.00335920741782},"erbbands_kurtosis":{"dmean":5.5676817894,"dmean2":8.54212760925,"dvar":71.9865570068,"dvar2":163.639251709,"max":183.808959961,"mean":10.2784395218,"median":5.58794164658,"min":-1.91140246391,"var":229.122421265},"erbbands_skewness":{"dmean":0.672061145306,"dmean2":1.02049612999,"dvar":0.422959923744,"dvar2":1.01230168343,"max":11.0341396332,"mean":2.01600909233,"median":1.82367229462,"min":-3.94409132004,"var":2.69234466553},"erbbands_spread":{"dmean":6.00543165207,"dmean2":9.48076820374,"dvar":50.3854789734,"dvar2":123.680511475,"max":155.047210693,"mean":19.0900936127,"median":14.2490720749,"min":0.673065185547,"var":283.016876221},"gfcc":{"cov":[[35339.6328125,4175.55615234,-3025.44702148,-777.603881836,-1204.34411621,-1034.71557617,-116.054092407,-262.275299072,-231.265869141,-202.813903809,-97.6563491821,144.732818604,243.034347534],[4175.55615234,1251.65075684,-69.8617477417,-297.808929443,-98.1125488281,-74.8893432617,119.884620667,-59.5431480408,48.2512741089,-46.2343330383,57.5898284912,-10.2491950989,55.3989715576],[-3025.44702148,-69.8617477417,881.342346191,143.290939331,136.422698975,228.828430176,-5.16905021667,12.5387973785,-1.96915614605,-8.21701717377,32.2868347168,-48.4049720764,-12.8073158264],[-777.603881836,-297.808929443,143.290939331,501.962768555,252.629379272,116.23135376,11.3649721146,56.6197052002,18.8025531769,37.3696708679,-9.85621833801,21.4188594818,-28.5049209595],[-1204.34411621,-98.1125488281,136.422698975,252.629379272,314.65032959,157.496795654,89.2356872559,26.6817150116,19.7167224884,0.182430043817,21.2147254944,13.92923069,-8.18764591217],[-1034.71557617,-74.8893432617,228.828430176,116.23135376,157.496795654,282.09173584,53.1728515625,84.6491851807,17.193572998,39.9637985229,15.4850740433,6.98861837387,-5.96406793594],[-116.054092407,119.884620667,-5.16905021667,11.3649721146,89.2356872559,53.1728515625,227.508987427,80.256439209,91.7217941284,17.7365493774,31.3954677582,25.0508117676,11.0810413361],[-262.275299072,-59.5431480408,12.5387973785,56.6197052002,26.6817150116,84.6491851807,80.256439209,184.907684326,112.853050232,78.3867874146,15.3646860123,14.2609767914,6.71118497849],[-231.265869141,48.2512741089,-1.96915614605,18.8025531769,19.7167224884,17.193572998,91.7217941284,112.853050232,171.087387085,104.846740723,38.7990608215,19.8830280304,-0.121917001903],[-202.813903809,-46.2343330383,-8.21701717377,37.3696708679,0.182430043817,39.9637985229,17.7365493774,78.3867874146,104.846740723,133.179367065,57.9360580444,36.6206626892,4.98750734329],[-97.6563491821,57.5898284912,32.2868347168,-9.85621833801,21.2147254944,15.4850740433,31.3954677582,15.3646860123,38.7990608215,57.9360580444,100.016624451,69.1358337402,32.7853546143],[144.732818604,-10.2491950989,-48.4049720764,21.4188594818,13.92923069,6.98861837387,25.0508117676,14.2609767914,19.8830280304,36.6206626892,69.1358337402,115.06968689,74.8475875854],[243.034347534,55.3989715576,-12.8073158264,-28.5049209595,-8.18764591217,-5.96406793594,11.0810413361,6.71118497849,-0.121917001903,4.98750734329,32.7853546143,74.8475875854,118.473365784]],"icov":[[0.000147027909406,-0.000593385193497,0.000466419442091,-0.000522444490343,0.000603128923103,-0.0000981295306701,0.0000916194258025,-0.000201867966098,0.000481831462821,-0.000064649291744,0.000121092351037,-0.000141132521094,-9.41264488574e-7],[-0.000593385193497,0.00367809738964,-0.00149338645861,0.00208348338492,-0.00157649081666,-0.000453306944109,-0.000827090523671,0.00202347803861,-0.00384769868106,0.00238114129752,-0.00306329550222,0.00286104530096,-0.00139583239798],[0.000466419442091,-0.00149338645861,0.00378440646455,-0.00299543701112,0.00354679836892,-0.00325277284719,0.000866269692779,0.000879737199284,-0.00135727715679,0.00361150805838,-0.00456293020397,0.00408879667521,-0.00209347251803],[-0.000522444490343,0.00208348338492,-0.00299543701112,0.00758141139522,-0.00799641758204,0.00335111259483,0.000505343661644,-0.00191721599549,0.00169263046701,-0.00499985134229,0.00633101630956,-0.00555027741939,0.00324189360254],[0.000603128923103,-0.00157649081666,0.00354679836892,-0.00799641758204,0.0142115429044,-0.0072648813948,-0.00192223477643,0.00407268945128,-0.00432233139873,0.00850049033761,-0.00879348162562,0.00620173243806,-0.00332200643606],[-0.0000981295306701,-0.000453306944109,-0.00325277284719,0.00335111259483,-0.0072648813948,0.0111004402861,-0.00104463926982,-0.00625350093469,0.00899937283248,-0.0099777225405,0.0080990800634,-0.00621977914125,0.00349408900365],[0.0000916194258025,-0.000827090523671,0.000866269692779,0.000505343661644,-0.00192223477643,-0.00104463926982,0.0088760945946,-0.00226989714429,-0.0056138462387,0.00590156344697,-0.00200625532307,-0.00146723748185,0.00075491721509],[-0.000201867966098,0.00202347803861,0.000879737199284,-0.00191721599549,0.00407268945128,-0.00625350093469,-0.00226989714429,0.0149079570547,-0.0108017819002,0.00295226834714,-0.00300026428886,0.00507439766079,-0.00407476956025],[0.000481831462821,-0.00384769868106,-0.00135727715679,0.00169263046701,-0.00432233139873,0.00899937283248,-0.0056138462387,-0.0108017819002,0.0296104252338,-0.023367645219,0.0115351434797,-0.00683731399477,0.00450425595045],[-0.000064649291744,0.00238114129752,0.00361150805838,-0.00499985134229,0.00850049033761,-0.0099777225405,0.00590156344697,0.00295226834714,-0.023367645219,0.0362438522279,-0.0227151699364,0.00902913417667,-0.00339556718245],[0.000121092351037,-0.00306329550222,-0.00456293020397,0.00633101630956,-0.00879348162562,0.0080990800634,-0.00200625532307,-0.00300026428886,0.0115351434797,-0.0227151699364,0.0399529002607,-0.0269769281149,0.00932664237916],[-0.000141132521094,0.00286104530096,0.00408879667521,-0.00555027741939,0.00620173243806,-0.00621977914125,-0.00146723748185,0.00507439766079,-0.00683731399477,0.00902913417667,-0.0269769281149,0.0380112156272,-0.0189124625176],[-9.41264488574e-7,-0.00139583239798,-0.00209347251803,0.00324189360254,-0.00332200643606,0.00349408900365,0.00075491721509,-0.00407476956025,0.00450425595045,-0.00339556718245,0.00932664237916,-0.0189124625176,0.0192704480141]],"mean":[-175.134033203,114.830154419,-38.9206237793,0.172044038773,-37.0835380554,-14.5931386948,-16.2698001862,-16.1603279114,-17.5052852631,-13.2151355743,-6.0645980835,-1.6594568491,-1.12516951561]},"hfc":{"dmean":13.6432027817,"dmean2":19.5320205688,"dvar":628.285705566,"dvar2":1362.82873535,"max":637.186157227,"mean":46.691493988,"median":24.7538166046,"min":1.04279595948e-16,"var":3510.00219727},"melbands":{"dmean":[0.000265874434263,0.000165657751495,0.000301646476146,0.000343196414178,0.00058145908406,0.000283718487481,0.000165874982486,0.0000904778207769,0.0000429735118814,0.0000571040436625,0.0000629967835266,0.0000326894914906,0.000011139543858,0.00000448313767265,0.00000313384293804,0.00000274042304227,0.00000101607110992,5.4491880519e-7,6.37763776012e-7,6.94322693562e-7,4.68921228958e-7,4.93165998705e-7,5.24649522049e-7,4.91418347792e-7,4.80596099806e-7,5.72129124521e-7,4.8763314453e-7,2.48757430654e-7,1.9185858946e-7,1.47388092842e-7,9.51078433786e-8,6.49319531476e-8,4.34654978676e-8,3.17442712117e-8,2.43677273914e-8,1.98233802706e-8,1.65598379454e-8,1.42535263592e-8,1.25122916472e-8,1.11059099694e-8],"dmean2":[0.000395307550207,0.00024647481041,0.000456547742942,0.000508211087435,0.000812251411844,0.000398528383812,0.000240299865254,0.000135938229505,0.0000654629839119,0.0000862555607455,0.0000946344080148,0.0000493015795655,0.0000173880125658,0.00000720933121556,0.00000511031612405,0.00000440944995717,0.00000162228525369,8.72804150731e-7,0.00000100316174212,0.00000111067083708,7.50180504383e-7,7.60107013775e-7,8.10945152807e-7,7.41721407849e-7,6.98088285844e-7,8.45215538448e-7,6.89354919814e-7,3.61735260412e-7,2.80984068013e-7,2.13159211171e-7,1.38730783306e-7,9.78323697609e-8,6.6691534073e-8,4.93562879456e-8,3.84319278623e-8,3.15405159768e-8,2.64249084836e-8,2.28747829567e-8,2.01121466148e-8,1.7818207354e-8],"dvar":[3.79674503392e-7,1.19178778846e-7,4.54398076499e-7,7.09485107109e-7,0.00000312867973662,0.00000133899720822,6.77097546031e-7,1.72674234022e-7,4.9614470754e-8,8.00534820655e-8,7.0056870527e-8,2.04428953765e-8,2.79026690642e-9,2.3050571174e-10,1.26902446884e-10,6.25176577174e-11,6.83090780121e-12,1.48419503684e-12,3.28670857891e-12,7.08900559782e-12,4.31410549645e-12,9.34480444414e-12,1.26707420597e-11,5.93058718454e-12,9.36425589848e-12,2.82250594424e-11,2.46938684778e-11,4.78973761694e-12,1.27252527092e-12,7.65093012816e-13,1.90679557647e-13,4.05767304793e-14,1.43705068732e-14,6.95574689494e-15,3.53620966534e-15,2.16451392264e-15,1.55191587239e-15,1.16094865146e-15,8.98964431371e-16,7.04905847963e-16],"dvar2":[7.9418509813e-7,2.61275573621e-7,0.00000118063360333,0.0000016903878759,0.00000703049454387,0.00000251998085332,0.00000147565322095,3.72266697468e-7,1.0970803288e-7,1.77527240908e-7,1.61222885708e-7,4.45381047598e-8,6.58803189779e-9,5.92926152621e-10,3.43970851802e-10,1.53441009898e-10,1.67062648437e-11,3.55153796996e-12,8.30438235538e-12,1.77488076319e-11,1.13475444319e-11,2.15128696107e-11,2.98026568701e-11,1.20793800309e-11,1.82439445495e-11,6.3400999728e-11,5.04950699309e-11,1.12260192461e-11,2.32179683465e-12,1.59005762116e-12,3.53124810209e-13,7.6231528685e-14,2.90224082559e-14,1.44115286789e-14,7.69827842288e-15,4.87174853613e-15,3.52522195395e-15,2.63186541008e-15,2.03465911315e-15,1.59248366836e-15],"max":[0.024284074083,0.00876988004893,0.0173441804945,0.023401979357,0.0597692988813,0.0462673418224,0.0319798886776,0.0163414776325,0.00812643487006,0.0126256896183,0.0102054504678,0.00478441640735,0.00245583895594,0.000616566103417,0.000348788453266,0.000222867893171,0.0000789356054156,0.0000264732825599,0.0000656231786706,0.000120808814245,0.000114227739687,0.00020881612727,0.000266890478088,0.000123328820337,0.000155913628987,0.000335162709234,0.000324837455992,0.000147610146087,0.0000518904125784,0.0000569352996536,0.0000292047079711,0.0000099572189356,0.00000501446174894,0.00000317363696922,0.00000173203341092,0.00000115510863452,0.00000105808010176,9.1680777814e-7,8.0681536474e-7,7.06595358224e-7],"mean":[0.00112026336137,0.000440118659753,0.000799839908723,0.000755137065426,0.00134071090724,0.000515976164024,0.000260928354692,0.000144679986988,0.0000745551660657,0.00010024823132,0.000103862992546,0.0000507868389832,0.0000179036342161,0.00000739326333132,0.00000493371362609,0.00000419770685767,0.00000158137311246,8.17745331005e-7,9.62488229561e-7,0.00000111902693334,7.59526244565e-7,7.70426311192e-7,8.18134083147e-7,8.43895861635e-7,7.97875259195e-7,9.16251849503e-7,7.20477203231e-7,3.99702798859e-7,3.39232144597e-7,2.55628350487e-7,1.62759732802e-7,1.12903144611e-7,6.92661927815e-8,4.55932358534e-8,3.25765405762e-8,2.5170477258e-8,2.01575378611e-8,1.67589462308e-8,1.44223797349e-8,1.25634942449e-8],"median":[0.000167162157595,0.000145533078467,0.000235369327129,0.000253878562944,0.000102072095615,0.0000677631178405,0.0000226796018978,0.00000932504281081,0.00000457005535281,0.00000470801296615,0.00000420474498242,0.00000282465521195,0.00000159750516104,0.00000141963039368,7.57808550134e-7,4.75908080944e-7,2.65226276497e-7,1.84350668064e-7,1.50725384174e-7,1.1191360727e-7,8.13879168504e-8,7.3794822697e-8,6.50589271345e-8,6.25382838848e-8,5.06049957494e-8,3.9388066142e-8,3.00326377101e-8,2.57729393383e-8,2.20059810374e-8,2.00365963821e-8,1.80344716938e-8,1.46124108369e-8,1.15003482293e-8,8.62033200377e-9,6.71989131007e-9,5.74482683646e-9,4.67214267275e-9,3.83272347193e-9,3.21023740923e-9,2.55373766578e-9],"min":[4.53326709187e-25,6.65188913134e-25,6.32412186257e-25,1.0444736308e-24,1.56633470188e-24,1.58395233248e-24,1.02238325747e-24,9.18142092774e-25,1.64931468468e-24,1.93246427648e-24,1.50750076532e-24,1.93350557288e-24,2.51154123181e-24,1.82924261589e-24,2.78430369485e-24,3.29645724086e-24,3.02515633985e-24,2.68054935594e-24,2.89957283919e-24,2.84761175465e-24,3.08558032418e-24,2.40793934026e-24,2.90357512499e-24,3.90794040496e-24,4.10942336876e-24,4.50257704999e-24,4.36369572105e-24,3.44961695219e-24,4.6374387382e-24,4.87647858084e-24,4.80957331531e-24,5.36740644368e-24,5.74673494312e-24,5.68376096592e-24,4.62301047224e-24,4.6428100921e-24,5.69508190877e-24,4.50564571892e-24,5.41478266863e-24,5.33778511112e-24],"var":[0.00000490749243909,5.98573421939e-7,0.00000226153588301,0.00000193507071344,0.0000126615477711,0.00000383285305361,0.00000125596795897,3.66028359622e-7,1.25365403392e-7,2.91136956321e-7,2.17850228523e-7,4.2841797665e-8,4.94303709075e-9,4.85090079216e-10,2.09362902015e-10,1.10374646922e-10,1.36735449352e-11,3.0307837403e-12,6.62674906268e-12,1.769003867e-11,1.07880969782e-11,2.00984524162e-11,1.92754111283e-11,1.18692113429e-11,2.4410288027e-11,7.00125374342e-11,5.22470886e-11,9.92442326236e-12,4.52079216076e-12,2.34936939694e-12,6.12242027909e-13,1.31204739456e-13,4.06236052826e-14,1.82373427205e-14,7.50630009945e-15,3.67381059114e-15,2.4240903457e-15,1.74485324887e-15,1.33190277011e-15,1.05182889088e-15]},"melbands_crest":{"dmean":2.80034708977,"dmean2":4.31132030487,"dvar":7.27672863007,"dvar2":17.3545513153,"max":38.9904594421,"mean":19.761674881,"median":19.2273464203,"min":1.34416365623,"var":51.0343513489},"melbands_flatness_db":{"dmean":0.0450067520142,"dmean2":0.0699638873339,"dvar":0.00160862517077,"dvar2":0.00428058020771,"max":0.701552093029,"mean":0.370279431343,"median":0.371629089117,"min":0.000469742022688,"var":0.00969708804041},"melbands_kurtosis":{"dmean":15.0693893433,"dmean2":23.5018234253,"dvar":994.59777832,"dvar2":2473.39233398,"max":2369.79956055,"mean":36.2679405212,"median":17.5167922974,"min":-1.66623687744,"var":5108.15673828},"melbands_skewness":{"dmean":0.908262431622,"dmean2":1.40976083279,"dvar":0.957162082195,"dvar2":2.38486218452,"max":31.6099224091,"mean":3.07824826241,"median":2.61947846413,"min":-2.77729797363,"var":6.01803541183},"melbands_spread":{"dmean":1.77702641487,"dmean2":2.70982718468,"dvar":15.0317173004,"dvar2":32.5583496094,"max":175.864471436,"mean":8.15612697601,"median":3.31686830521,"min":0.0701466053724,"var":446.331817627},"mfcc":{"cov":[[14482.0029297,2578.88647461,-1611.77270508,159.390518188,-985.83013916,-415.558776855,-395.627471924,-36.9192428589,-37.2294425964,-101.303756714,20.0386886597,-68.399597168,-125.978744507],[2578.88647461,1892.3795166,254.035583496,-62.6270294189,-190.88772583,-27.57629776,2.84848213196,17.295539856,-15.478764534,-52.0030021667,7.73602390289,-20.689661026,-25.3685817719],[-1611.77270508,254.035583496,750.77532959,17.9344596863,195.9868927,87.3162002563,86.6184005737,7.82657432556,6.61852359772,29.573179245,-10.5373497009,0.493571847677,29.2602386475],[159.390518188,-62.6270294189,17.9344596863,355.951141357,133.090255737,85.4593734741,44.0067062378,48.4149246216,21.3046913147,15.1727828979,18.9632205963,21.1651115417,-3.20768523216],[-985.83013916,-190.88772583,195.9868927,133.090255737,319.977111816,159.259887695,104.773101807,43.1035461426,16.9191551208,16.4432315826,0.487602859735,24.1592521667,28.2983608246],[-415.558776855,-27.57629776,87.3162002563,85.4593734741,159.259887695,185.814926147,112.102500916,55.2790222168,27.3922214508,2.13642787933,5.44746828079,34.7568397522,31.3479690552],[-395.627471924,2.84848213196,86.6184005737,44.0067062378,104.773101807,112.102500916,155.328018188,86.9397659302,32.3501396179,0.394853711128,-8.29940319061,19.8917331696,18.7176971436],[-36.9192428589,17.295539856,7.82657432556,48.4149246216,43.1035461426,55.2790222168,86.9397659302,122.665267944,74.8928909302,30.8188896179,22.6181278229,27.219581604,22.4788150787],[-37.2294425964,-15.478764534,6.61852359772,21.3046913147,16.9191551208,27.3922214508,32.3501396179,74.8928909302,119.80645752,82.5857620239,47.1236076355,31.2686100006,16.8587970734],[-101.303756714,-52.0030021667,29.573179245,15.1727828979,16.4432315826,2.13642787933,0.394853711128,30.8188896179,82.5857620239,126.93195343,85.8252639771,32.5794258118,13.7266550064],[20.0386886597,7.73602390289,-10.5373497009,18.9632205963,0.487602859735,5.44746828079,-8.29940319061,22.6181278229,47.1236076355,85.8252639771,121.714569092,65.0444259644,25.4475440979],[-68.399597168,-20.689661026,0.493571847677,21.1651115417,24.1592521667,34.7568397522,19.8917331696,27.219581604,31.2686100006,32.5794258118,65.0444259644,99.46849823,71.1737594604],[-125.978744507,-25.3685817719,29.2602386475,-3.20768523216,28.2983608246,31.3479690552,18.7176971436,22.4788150787,16.8587970734,13.7266550064,25.4475440979,71.1737594604,97.5581283569]],"icov":[[0.00021102699975,-0.000364527048077,0.000533859245479,-0.000285120069748,0.000165305347764,0.0000258704603766,0.000253270729445,-0.0000885801782715,0.000152292021085,-0.000405238359235,0.000370796449715,-0.0000086251866378,-0.00013595209748],[-0.000364527048077,0.00133870542049,-0.0013993595494,0.000431878026575,0.000599965860602,-0.000438369635958,-0.000379070726922,-0.00015533909027,-0.0004126552667,0.00160821119789,-0.00143517344259,0.000369112152839,0.00033674784936],[0.000533859245479,-0.0013993595494,0.00340750906616,-0.000489525787998,-0.00122137635481,0.000707886996679,-0.000501253060065,0.000904670218006,0.000496512919199,-0.00234700087458,0.00157280697022,0.000559796404559,-0.00127228908241],[-0.000285120069748,0.000431878026575,-0.000489525787998,0.00415618903935,-0.00175559078343,-0.00107645825483,0.00128292955924,-0.00214098813012,0.000940871890634,-0.000115370363346,0.0000613984084339,-0.00177150103264,0.00225993059576],[0.000165305347764,0.000599965860602,-0.00122137635481,-0.00175559078343,0.00816955976188,-0.00508508877829,-0.000405890867114,-0.000236612206209,0.0015176825691,-0.00153364182916,0.000616643461399,0.000572186196223,-0.000550045864657],[0.0000258704603766,-0.000438369635958,0.000707886996679,-0.00107645825483,-0.00508508877829,0.0148824155331,-0.00856190547347,0.00400425260887,-0.0041145645082,0.00369422789663,-0.0021558708977,-0.000327621644828,-0.00192271207925],[0.000253270729445,-0.000379070726922,-0.000501253060065,0.00128292955924,-0.000405890867114,-0.00856190547347,0.0210635121912,-0.0150832599029,0.00653626024723,-0.00401499820873,0.00660020159557,-0.00531098991632,0.00431243656203],[-0.0000885801782715,-0.00015533909027,0.000904670218006,-0.00214098813012,-0.000236612206209,0.00400425260887,-0.0150832599029,0.0275626815856,-0.0176641605794,0.00866561289877,-0.00723747257143,0.00622427929193,-0.00599133316427],[0.000152292021085,-0.0004126552667,0.000496512919199,0.000940871890634,0.0015176825691,-0.0041145645082,0.00653626024723,-0.0176641605794,0.0302392356098,-0.0214325487614,0.0108355591074,-0.00874806661159,0.00501508638263],[-0.000405238359235,0.00160821119789,-0.00234700087458,-0.000115370363346,-0.00153364182916,0.00369422789663,-0.00401499820873,0.00866561289877,-0.0214325487614,0.0340209566057,-0.0234438087791,0.012369225733,-0.00536543410271],[0.000370796449715,-0.00143517344259,0.00157280697022,0.0000613984084339,0.000616643461399,-0.0021558708977,0.00660020159557,-0.00723747257143,0.0108355591074,-0.0234438087791,0.0331082083285,-0.023878203705,0.0107614947483],[-0.0000086251866378,0.000369112152839,0.000559796404559,-0.00177150103264,0.000572186196223,-0.000327621644828,-0.00531098991632,0.00622427929193,-0.00874806661159,0.012369225733,-0.023878203705,0.0424589291215,-0.0255933348089],[-0.00013595209748,0.00033674784936,-0.00127228908241,0.00225993059576,-0.000550045864657,-0.00192271207925,0.00431243656203,-0.00599133316427,0.00501508638263,-0.00536543410271,0.0107614947483,-0.0255933348089,0.0277015510947]],"mean":[-834.247009277,171.715255737,41.6101875305,27.5095939636,0.804103195667,5.18367958069,2.62054848671,1.48124825954,-4.94000244141,-8.40954113007,-5.76368141174,-4.51090431213,-4.76465368271]},"pitch_salience":{"dmean":0.0643286928535,"dmean2":0.0983346253633,"dvar":0.00320389214903,"dvar2":0.00768117699772,"max":0.968459069729,"mean":0.484654068947,"median":0.490730166435,"min":0.0499151684344,"var":0.0200337208807},"silence_rate_20dB":{"dmean":0,"dmean2":0,"dvar":0,"dvar2":0,"max":1,"mean":1,"median":1,"min":1,"var":0},"silence_rate_30dB":{"dmean":0.0104367993772,"dmean2":0.0208756159991,"dvar":0.0103278728202,"dvar2":0.0248855575919,"max":1,"mean":0.985892355442,"median":1,"min":0,"var":0.0139086171985},"silence_rate_60dB":{"dmean":0.0291843842715,"dmean2":0.0583744086325,"dvar":0.0283326543868,"dvar2":0.0601857416332,"max":1,"mean":0.274712532759,"median":0,"min":0,"var":0.199245557189},"spectral_centroid":{"dmean":72.3500289917,"dmean2":109.292518616,"dvar":27791.3867188,"dvar2":49858.78125,"max":11937.1464844,"mean":635.727966309,"median":320.613922119,"min":131.779998779,"var":2496535},"spectral_complexity":{"dmean":1.14766132832,"dmean2":1.8904030323,"dvar":1.89934027195,"dvar2":4.2375292778,"max":34,"mean":5.27442264557,"median":4,"min":0,"var":15.9391860962},"spectral_contrast_coeffs":{"dmean":[0.0444018244743,0.0493686124682,0.0390356518328,0.0350683480501,0.0252893902361,0.0185086466372],"dmean2":[0.0701999664307,0.079957716167,0.0620581246912,0.0569283217192,0.0412630140781,0.0293263662606],"dvar":[0.0014095188817,0.00165933708195,0.00108874379657,0.00088491855422,0.00048442609841,0.000523421855178],"dvar2":[0.00348910526372,0.00431867642328,0.002641283907,0.00227814447135,0.00120621151291,0.00120969023556],"max":[-0.232546210289,-0.357977539301,-0.383490920067,-0.624077558517,-0.655059576035,-0.517823219299],"mean":[-0.618573367596,-0.745806515217,-0.815170288086,-0.88374298811,-0.897533297539,-0.83643168211],"median":[-0.612531721592,-0.744485318661,-0.820845425129,-0.891805112362,-0.907484412193,-0.853747308254],"min":[-0.981154501438,-0.984986901283,-0.978078186512,-0.990384459496,-0.975583076477,-0.965994179249],"var":[0.0149207171053,0.00816729851067,0.00714551378042,0.00451150815934,0.00319528905675,0.00289535219781]},"spectral_contrast_valleys":{"dmean":[0.356014490128,0.457971572876,0.437455207109,0.595412671566,0.587581396103,0.56822091341],"dmean2":[0.570105910301,0.718488633633,0.68266749382,0.940813839436,0.929201424122,0.893195271492],"dvar":[0.101118586957,0.156515821815,0.156505152583,0.292917817831,0.304720848799,0.246891975403],"dvar2":[0.236283391714,0.390076845884,0.388195544481,0.769019961357,0.792383849621,0.637011528015],"max":[-5.49219608307,-4.7017827034,-5.42335891724,-6.44035959244,-6.09585142136,-8.86582756042],"mean":[-8.27863311768,-8.02624988556,-8.88257217407,-9.68621635437,-9.75684452057,-12.1309671402],"median":[-7.61723899841,-7.44843626022,-8.2872467041,-9.08640575409,-9.2118024826,-11.8161611557],"min":[-28.3121948242,-28.3792285919,-28.0934295654,-27.773607254,-27.5692176819,-27.4682102203],"var":[9.5033864975,10.0350141525,9.1377658844,8.42385196686,8.23859882355,6.00666284561]},"spectral_decrease":{"dmean":1.31479360732e-9,"dmean2":1.86765181098e-9,"dvar":6.74750953917e-18,"dvar2":1.46036933893e-17,"max":3.36252536925e-9,"mean":-4.27410062898e-9,"median":-1.9697388165e-9,"min":-6.53074891943e-8,"var":3.44421794327e-17},"spectral_energy":{"dmean":0.00524525949731,"dmean2":0.0073589948006,"dvar":0.000106665036583,"dvar2":0.000229274402955,"max":0.258504211903,"mean":0.0203665047884,"median":0.0109084052965,"min":9.86011568625e-21,"var":0.000642407569103},"spectral_energyband_high":{"dmean":0.0000190729388123,"dmean2":0.000026798210456,"dvar":4.83796513961e-9,"dvar2":7.40285788225e-9,"max":0.00317748263478,"mean":0.0000379446100851,"median":0.00000674115244692,"min":6.74603796224e-21,"var":2.21362288499e-8},"spectral_energyband_low":{"dmean":0.00137280405033,"dmean2":0.00202616979368,"dvar":0.00000750449726183,"dvar2":0.0000170964685822,"max":0.0788365751505,"mean":0.00575642101467,"median":0.00175729463808,"min":8.7552090442e-24,"var":0.0000771450140746},"spectral_energyband_middle_high":{"dmean":0.00038765888894,"dmean2":0.000572974444367,"dvar":0.00000147889068103,"dvar2":0.00000318999354931,"max":0.0327391028404,"mean":0.000758435635362,"median":0.0000955820214585,"min":1.19749711453e-21,"var":0.00000396412679038},"spectral_energyband_middle_low":{"dmean":0.00449304515496,"dmean2":0.00635640649125,"dvar":0.0000984004655038,"dvar2":0.000211038975976,"max":0.253712981939,"mean":0.0128539307043,"median":0.00429705018178,"min":1.41415421543e-22,"var":0.000435677793575},"spectral_entropy":{"dmean":0.432421326637,"dmean2":0.674436867237,"dvar":0.152632012963,"dvar2":0.401695013046,"max":9.82825660706,"mean":6.53728437424,"median":6.48708724976,"min":4.25315666199,"var":0.678104460239},"spectral_flux":{"dmean":0.013372075744,"dmean2":0.0219809804112,"dvar":0.000344681669958,"dvar2":0.000905017077457,"max":0.29796358943,"mean":0.0454704985023,"median":0.0364941544831,"min":6.28417873294e-11,"var":0.00149312487338},"spectral_kurtosis":{"dmean":8.26502990723,"dmean2":13.3625822067,"dvar":119.566940308,"dvar2":315.503723145,"max":166.911727905,"mean":19.7945995331,"median":16.3838214874,"min":-1.25518393517,"var":199.656387329},"spectral_rms":{"dmean":0.000474141183076,"dmean2":0.000650393078104,"dvar":4.29819237979e-7,"dvar2":8.65499885094e-7,"max":0.0158807821572,"mean":0.00367589271627,"median":0.00326226092875,"min":3.10155200134e-12,"var":0.00000635757396594},"spectral_rolloff":{"dmean":2438.0546875,"dmean2":4783.10986328,"dvar":42079632,"dvar2":101335232,"max":22028.4667969,"mean":8887.14550781,"median":796.728515625,"min":43.06640625,"var":106496504},"spectral_skewness":{"dmean":0.704318583012,"dmean2":1.12122654915,"dvar":0.602788150311,"dvar2":1.58653318882,"max":11.0227899551,"mean":3.36894154549,"median":3.2367579937,"min":-0.0769033059478,"var":1.59245824814},"spectral_spread":{"dmean":723167.75,"dmean2":1157725,"dvar":577097629696,"dvar2":1379962322940,"max":43040148,"mean":4748561.5,"median":3838505.75,"min":993847.125,"var":29476987600900},"spectral_strongpeak":{"dmean":2.10016441345,"dmean2":3.74084687233,"dvar":66.2645797729,"dvar2":160.441452026,"max":111.144821167,"mean":2.91738510132,"median":0.32208353281,"min":0,"var":103.616317749},"zerocrossingrate":{"dmean":0.0372312106192,"dmean2":0.0449115410447,"dvar":0.00129062577616,"dvar2":0.00170084391721,"max":0.89306640625,"mean":0.235538631678,"median":0.19775390625,"min":0.00830078125,"var":0.0202043838799}},"metadata":{"audio_properties":{"analysis_sample_rate":44100,"bit_rate":320000,"codec":"mp3","downmix":"mix","equal_loudness":0,"length":240.275344849,"lossless":false,"md5_encoded":"a4a16bc436c592870242bc4e76814aa1","replay_gain":-0.571184158325,"sample_rate":44100},"tags":{"acoustid_id":["df7bf26b-6167-4bb5-af62-3177ec28c1c1"],"album":["Lisbon"],"albumartist":["The Walkmen"],"artist":["The Walkmen"],"date":["2010"],"discnumber":["1/1"],"file_name":"10 - The Walkmen - While I Shovel the Snow.mp3","musicbrainz_albumartistid":["b7834ebd-64ae-46c3-a930-2d3a52ee743a"],"musicbrainz_albumid":["2cfca236-2cd3-4803-af4b-1a1957acec63"],"musicbrainz_artistid":["b7834ebd-64ae-46c3-a930-2d3a52ee743a"],"musicbrainz_recordingid":["0f4326e2-7c0a-410d-96d0-2328648996dd"],"musicbrainz_releasegroupid":["92f942a3-0856-43a9-8dce-8b2edf897fa4"],"replaygain_album_gain":["-0.58 dB"],"replaygain_album_peak":["0.433792"],"replaygain_track_gain":["+2.77 dB"],"replaygain_track_peak":["0.402537"],"title":["While I Shovel the Snow"],"tracknumber":["10/11"]},"version":{"essentia":"2.1-beta1","essentia_build_sha":"e76a03f03bb3900de42a1fa0d9be1e72f12def64","essentia_git_sha":"v2.1_beta1-28-g21ef5f4-dirty","extractor":"music 1.0"}},"rhythm":{"beats_count":529,"beats_loudness":{"dmean":0.0185045078397,"dmean2":0.0305169299245,"dvar":0.00054728606483,"dvar2":0.0014271979453,"max":0.156854614615,"mean":0.0245731174946,"median":0.0150403054431,"min":0,"var":0.000776247587055},"beats_loudness_band_ratio":{"dmean":[0.231592655182,0.208741918206,0.0936033204198,0.0262518636882,0.00501231662929,0.110894359648],"dmean2":[0.381298363209,0.35044926405,0.163574099541,0.0478346534073,0.00905468594283,0.193241223693],"dvar":[0.0352653935552,0.0343876481056,0.0210161861032,0.00242468109354,0.000708373787347,0.0157369412482],"dvar2":[0.0858853310347,0.0832190737128,0.05327477678