{"lowlevel":{"average_loudness":0.360455274582,"barkbands":{"dmean":[0.00000234458912018,0.00106671010144,0.000791013066191,0.000292678101687,0.00037087633973,0.000147037149873,0.00027865046286,0.000253844889812,0.000551516306587,0.000399757031118,0.000338977639331,0.000327090441715,0.000353248906322,0.00032727283542,0.000334369920893,0.00026994838845,0.000359951343853,0.000147035359987,0.0000549707910977,0.0000506862561451,0.0000258441432379,0.0000110272139864,0.00000922319486563,0.00000591122989135,0.00000357053954758,0.00000136708877108,3.64839564782e-7],"dmean2":[0.00000391350022255,0.00172926846426,0.00126587343402,0.000484190677525,0.000556178041734,0.000223042050493,0.000402837496949,0.000382197846193,0.000837901316117,0.000529988086782,0.00043949263636,0.000441584415967,0.000493988802191,0.000457837013528,0.000481232360471,0.000389276305214,0.00052744866116,0.00021807095618,0.0000794336665422,0.0000704513731762,0.0000368957626051,0.0000152435977725,0.0000130766720758,0.00000874182569532,0.00000541046529179,0.00000208718847716,6.24250901637e-7],"dvar":[3.29579280534e-11,0.00000451200548923,0.00000383604901799,5.78667197715e-7,0.00000257563692685,2.45027564461e-7,0.0000010410296909,7.90740955381e-7,0.00000759654312787,0.00000409188533013,0.00000199600140149,0.00000322570190292,0.00000275443130704,0.00000700518512531,0.00000299253565572,0.00000180532890681,0.00000309126403408,7.61881153721e-7,4.93807483792e-8,1.38005759709e-7,1.98137737328e-8,1.71586578279e-9,1.01250430262e-9,3.51295381673e-10,1.61001170729e-10,2.60947791153e-11,2.4415061986e-12],"dvar2":[8.04289204681e-11,0.00000945084775594,0.00000821723187983,0.00000146904358189,0.00000477365119878,5.67342169688e-7,0.00000219274147639,0.00000169215559254,0.0000195318098122,0.00000785223983257,0.00000316941259371,0.0000059989829424,0.000005721778507,0.0000127555776999,0.0000063104257606,0.00000338111931342,0.00000638471465209,0.00000138428640639,1.10107819751e-7,1.96802332653e-7,4.155038269e-8,3.4195712928e-9,1.99260608014e-9,7.54757034649e-10,3.83061304898e-10,6.22387003046e-11,6.43557516306e-12],"max":[0.00020504531858,0.054924365133,0.041245624423,0.0176315512508,0.0506497956812,0.0158673413098,0.0290995538235,0.0281279794872,0.104900501668,0.0873873978853,0.0638055875897,0.0793824642897,0.0724915489554,0.145201772451,0.0995275005698,0.0886708423495,0.0728544220328,0.0447259135544,0.00906248297542,0.0432517677546,0.00732845673338,0.00200310070068,0.00107190664858,0.000410014152294,0.000512984290253,0.000171551684616,0.0000320855979226],"mean":[0.00000326137546836,0.00415150215849,0.00305119995028,0.000562505971175,0.000596929690801,0.000271741067991,0.000513499951921,0.000401243421948,0.000876505742781,0.000792726292275,0.000647808774374,0.000603500637226,0.000665369560011,0.000517968088388,0.000533112150151,0.000533186015673,0.000671811460052,0.000264011119725,0.0000864989124238,0.0000851600489113,0.0000412328627135,0.0000197910321731,0.0000159890660143,0.0000119916721815,0.00000836511026137,0.00000325107521348,4.24222832862e-7],"median":[9.67207483882e-7,0.00178773119114,0.000821466906928,0.000272991950624,0.000143280485645,0.0000588007969782,0.0000544286558579,0.0000329251342919,0.0000471117455163,0.0000308374546876,0.0000241525267484,0.0000278094921669,0.0000336950251949,0.0000120115628306,0.0000223696824833,0.0000200701415451,0.0000208296532946,0.0000105378585431,0.00000476423883811,0.00000470765280625,0.00000278287188848,0.00000226767110689,0.0000027002272418,0.00000301524369206,0.00000232987122217,0.00000111573501727,1.21038894463e-7],"min":[5.96941252869e-25,2.35215642186e-24,3.61816132472e-25,2.76001871049e-25,6.54787367947e-24,4.55468012949e-24,6.48971333151e-24,7.92356505664e-24,1.3902303992e-23,1.55459288202e-23,1.21638935817e-23,1.59147765136e-23,1.77789147861e-23,2.44249827156e-23,2.36976403392e-23,5.72869148541e-23,5.35681488162e-23,7.29409570613e-23,1.18959277874e-22,1.65962778673e-22,1.98723225433e-22,3.02864880852e-22,4.06756675623e-22,5.45947585143e-22,9.18860941485e-22,1.36475269107e-21,1.97225545868e-21],"var":[5.57263783729e-11,0.0000256202511082,0.0000234627168538,9.10193989512e-7,0.00000491215405418,5.33719514806e-7,0.00000243618637796,0.00000152571158196,0.0000112411153168,0.0000121049388326,0.00000719848776498,0.00000994436868496,0.00000872379587236,0.0000158427792485,0.00000609311882727,0.00000860447380546,0.00000931287195272,0.00000228121621149,1.05300500763e-7,4.0499850229e-7,3.87713257055e-8,4.64508342901e-9,2.16758788696e-9,7.51506135099e-10,3.17579212927e-10,4.54001905514e-11,2.24978672844e-12]},"barkbands_crest":{"dmean":2.05888390541,"dmean2":3.14280128479,"dvar":5.47779607773,"dvar2":11.5518331528,"max":25.6813850403,"mean":14.8621988297,"median":14.6199569702,"min":2.63620257378,"var":34.34790802},"barkbands_flatness_db":{"dmean":0.020934144035,"dmean2":0.0303175766021,"dvar":0.00070714141475,"dvar2":0.00116975768469,"max":0.50923460722,"mean":0.216317474842,"median":0.207876235247,"min":0.0255822706968,"var":0.00723053934053},"barkbands_kurtosis":{"dmean":11.0270318985,"dmean2":16.7033042908,"dvar":770.186279297,"dvar2":1554.96740723,"max":965.93536377,"mean":37.3579521179,"median":4.80120611191,"min":-1.92069065571,"var":6353.00292969},"barkbands_skewness":{"dmean":0.780810654163,"dmean2":1.1298623085,"dvar":1.15813720226,"dvar2":2.08382201195,"max":23.938243866,"mean":3.22748208046,"median":2.00661349297,"min":-4.340883255,"var":14.2487068176},"barkbands_spread":{"dmean":3.56524705887,"dmean2":5.39208984375,"dvar":32.9337158203,"dvar2":72.6502609253,"max":123.931602478,"mean":13.947271347,"median":11.2029151917,"min":0.207803070545,"var":157.939620972},"dissonance":{"dmean":0.0255078133196,"dmean2":0.0426817089319,"dvar":0.000761201605201,"dvar2":0.00204388517886,"max":0.499999970198,"mean":0.444982647896,"median":0.455068230629,"min":0.180183187127,"var":0.0016942640068},"dynamic_complexity":5.45859193802,"erbbands":{"dmean":[0.0140962917358,0.296451091766,0.924170911312,0.868429481983,0.726864993572,1.56927812099,1.41619312763,1.42248463631,3.46306729317,4.3021068573,6.32287740707,13.4197502136,12.583729744,14.3844738007,9.14598941803,12.9581460953,15.7235126495,11.6427087784,18.8455047607,15.3189630508,14.8490915298,20.1772670746,9.74236679077,3.18005895615,2.69904446602,1.88899707794,1.48227190971,0.671370208263,0.420222699642,0.347161322832,0.248246923089,0.153067141771,0.090494826436,0.0488975644112,0.021778922528,0.00792945921421,0.00224850024097,0.0005140962312,0.0000630735230516,0.00000612442499914],"dmean2":[0.0234507862478,0.479032456875,1.48211765289,1.3939435482,1.1742246151,2.34719610214,2.16953325272,2.14216017723,5.17308282852,6.29889440536,9.38104629517,20.3005580902,17.0084342957,19.0472393036,12.0693349838,17.366771698,21.5190067291,16.5646114349,26.0318279266,21.2490081787,20.7196559906,29.5010452271,14.2325000763,4.64750337601,3.77062368393,2.61067271233,2.14270281792,0.959834456444,0.593911230564,0.476235181093,0.35988548398,0.226812958717,0.139343068004,0.0745985955,0.033383525908,0.01224102173,0.0034216567874,0.00080711080227,0.000108800828457,0.00000897094923857],"dvar":[0.000609863607679,0.346646308899,4.28406381607,4.96900463104,3.31749486923,58.7567405701,35.8963165283,27.2534866333,214.289031982,269.381164551,448.925628662,4883.07714844,2754.44091797,3735.15356445,1626.21789551,6066.2578125,4704.93994141,4962.93896484,22046.3535156,3738.75195312,4478.30566406,10668.109375,2949.49853516,178.48626709,246.072113037,109.020492554,79.4920959473,7.77042198181,2.79556441307,1.64892041683,0.734799206257,0.235659509897,0.0930702984333,0.0306772720069,0.00581316323951,0.000909043534193,0.0000627896224614,0.0000036631936382,9.00001566606e-8,1.76786571493e-10],"dvar2":[0.00151646102313,0.719487428665,9.30154323578,12.1156253815,8.47000789642,109.276420593,74.9972076416,62.4327163696,501.664581299,548.963378906,982.11328125,12450.5898438,5400.85253906,6197.57226562,2490.21362305,11939.7041016,9215.69921875,10554.5859375,39588.0351562,7493.51855469,7948.25390625,22880.0957031,5153.73828125,378.228973389,361.275299072,185.331771851,164.175384521,16.7147922516,6.04274368286,2.92234134674,1.49325203896,0.497053325176,0.218531161547,0.0742863491178,0.0138587653637,0.00225589098409,0.000144341480336,0.00000877743696037,2.40363192461e-7,3.88520132732e-10],"max":[0.45209774375,15.3975925446,38.4128265381,53.6947479248,46.1560707092,247.792266846,177.134963989,174.735565186,520.374450684,386.704620361,760.057189941,2692.20288086,3283.79003906,3711.71069336,2307.53051758,3454.73828125,2760.34863281,3423.83422852,8849.92382812,2834.59960938,4269.84423828,4409.50292969,2884.46533203,917.229614258,1782.93505859,841.848266602,475.11026001,110.718177795,77.9053497314,81.5016784668,22.3320465088,10.7330341339,7.1206817627,7.48027610779,2.40965890884,1.25723361969,0.200534775853,0.0590474754572,0.00664094509557,0.000381677411497],"mean":[0.0468231104314,1.18443715572,3.65178751945,2.64612746239,1.40200817585,2.37642621994,2.34474349022,2.65122795105,5.89330720901,8.16575908661,10.3629703522,22.061208725,24.6145648956,28.5436668396,17.2853870392,25.2945652008,31.1154594421,20.109462738,31.8906230927,29.6373786926,31.8851470947,38.230430603,19.1657142639,5.81090497971,4.77827548981,3.30885672569,2.30161738396,1.13609397411,0.740897297859,0.615765690804,0.431901663542,0.291175872087,0.178351342678,0.105914674699,0.0506556406617,0.0181702207774,0.00533520802855,0.00103682524059,0.0000723922712496,0.0000210733960557],"median":[0.0267605036497,0.637637019157,1.81942212582,1.2526153326,0.686487615108,0.398187965155,0.505569159985,0.483199328184,0.751512467861,1.26211583614,1.35289561749,1.50910496712,1.75759780407,1.66438519955,1.29356753826,1.39421653748,1.81251275539,1.21464967728,1.28578400612,1.46895611286,1.51324141026,1.18175947666,0.681893348694,0.39977350831,0.25494402647,0.218561723828,0.124058738351,0.105486579239,0.0849918499589,0.0854224935174,0.0781577378511,0.0660033375025,0.0468900054693,0.0280396509916,0.0145841157064,0.0056206532754,0.00192093267106,0.000408028863603,0.0000209443060157,0.0000140610236485],"min":[7.82419761267e-23,3.30170019976e-22,1.68411892647e-21,3.82300664799e-21,1.46507693624e-20,2.31220891898e-20,4.77256556255e-20,4.8634064728e-20,1.18964637484e-19,2.02465379619e-19,1.42120847874e-19,3.48472528806e-19,5.64149740567e-19,7.64686755383e-19,6.99470801914e-19,1.00891177954e-18,1.02988970026e-18,1.64353756679e-18,2.78868330488e-18,2.77374194148e-18,2.8860883715e-18,3.48785999239e-18,5.06170304308e-18,6.02703439846e-18,6.3257016071e-18,8.36814702429e-18,7.08111851125e-18,8.19262674294e-18,9.49871184293e-18,1.10134714504e-17,1.25850500942e-17,1.01387693117e-17,9.11230351876e-18,7.15556724792e-18,5.94286298087e-18,4.20533412184e-18,2.38467216369e-18,9.80524802074e-19,2.41543020268e-19,2.70441579863e-20],"var":[0.00283950101584,1.90002989769,21.3971042633,13.2899599075,5.51244926453,106.594703674,66.595375061,63.3911743164,346.181762695,566.942504883,892.721008301,7414.38232422,7228.04199219,12031.7314453,5274.98144531,17823.4882812,16249.0810547,9398.49707031,50179.8085938,13160.7695312,19569.2246094,31690.3242188,9986.92089844,562.083007812,704.885253906,304.225830078,149.927215576,17.9806690216,6.71878051758,4.31147766113,1.47326147556,0.491569489241,0.168849647045,0.0552510097623,0.0114102093503,0.00151783938054,0.000115485810966,0.00000527498559677,7.52103019863e-8,6.1941374252e-10]},"erbbands_crest":{"dmean":2.41091966629,"dmean2":3.74256014824,"dvar":7.08691692352,"dvar2":15.5591945648,"max":33.9021072388,"mean":11.6636276245,"median":10.7388038635,"min":2.06799459457,"var":28.1529464722},"erbbands_flatness_db":{"dmean":0.0163335818797,"dmean2":0.0229020584375,"dvar":0.000418761424953,"dvar2":0.000713906832971,"max":0.45333480835,"mean":0.177708089352,"median":0.171894833446,"min":0.0203384626657,"var":0.00366975995712},"erbbands_kurtosis":{"dmean":1.61384248734,"dmean2":2.42875432968,"dvar":11.5655107498,"dvar2":23.9386787415,"max":106.459915161,"mean":3.01860237122,"median":0.827443599701,"min":-1.86595642567,"var":57.5309028625},"erbbands_skewness":{"dmean":0.379300504923,"dmean2":0.550529003143,"dvar":0.210196882486,"dvar2":0.396327078342,"max":8.99688816071,"mean":0.500099003315,"median":0.385412991047,"min":-6.07253932953,"var":2.03977298737},"erbbands_spread":{"dmean":6.61135578156,"dmean2":9.84666728973,"dvar":93.8379364014,"dvar2":192.122253418,"max":163.421279907,"mean":33.6339683533,"median":28.0287685394,"min":0.814579188824,"var":565.111877441},"gfcc":{"cov":[[17519.7558594,1043.36694336,-3826.97802734,-54.9721946716,-524.903320312,140.014144897,-467.260864258,280.533416748,-104.447761536,-0.101345546544,-174.16368103,-44.469127655,-70.164604187],[1043.36694336,967.436279297,25.0525131226,-186.426864624,231.047912598,85.0864562988,90.7759246826,35.5554542542,53.1831016541,-44.8557395935,-13.7152385712,-38.8046989441,-1.57524716854],[-3826.97802734,25.0525131226,2342.30786133,514.823547363,36.7872505188,161.080490112,106.652854919,-48.048412323,-41.4410133362,7.33942890167,-2.30678248405,-59.1800231934,-75.8777084351],[-54.9721946716,-186.426864624,514.823547363,587.539978027,63.8098449707,22.2602653503,-2.97700166702,-19.4639854431,-8.59701633453,14.5449256897,-14.252363205,-24.8393783569,-25.8742427826],[-524.903320312,231.047912598,36.7872505188,63.8098449707,425.728881836,63.7541236877,111.92036438,-3.57601666451,45.8587226868,-46.4664840698,4.69452285767,-5.5110874176,35.1804771423],[140.014144897,85.0864562988,161.080490112,22.2602653503,63.7541236877,249.025848389,124.42855835,27.353477478,-19.1123714447,-2.91304588318,-3.87001347542,-26.7540969849,-13.0440101624],[-467.260864258,90.7759246826,106.652854919,-2.97700166702,111.92036438,124.42855835,306.63079834,54.1439628601,1.59490573406,-11.6627206802,10.4650812149,-33.2360115051,0.0283394604921],[280.533416748,35.5554542542,-48.048412323,-19.4639854431,-3.57601666451,27.353477478,54.1439628601,167.853744507,67.1424942017,6.7537446022,-15.3977041245,-17.0486297607,-5.16910028458],[-104.447761536,53.1831016541,-41.4410133362,-8.59701633453,45.8587226868,-19.1123714447,1.59490573406,67.1424942017,153.578460693,52.828037262,5.74667215347,-13.4623403549,3.96331977844],[-0.101345546544,-44.8557395935,7.33942890167,14.5449256897,-46.4664840698,-2.91304588318,-11.6627206802,6.7537446022,52.828037262,113.308708191,49.2283782959,-4.9651093483,-17.3757743835],[-174.16368103,-13.7152385712,-2.30678248405,-14.252363205,4.69452285767,-3.87001347542,10.4650812149,-15.3977041245,5.74667215347,49.2283782959,98.1268157959,48.7087936401,0.99471360445],[-44.469127655,-38.8046989441,-59.1800231934,-24.8393783569,-5.5110874176,-26.7540969849,-33.2360115051,-17.0486297607,-13.4623403549,-4.9651093483,48.7087936401,121.451683044,54.736656189],[-70.164604187,-1.57524716854,-75.8777084351,-25.8742427826,35.1804771423,-13.0440101624,0.0283394604921,-5.16910028458,3.96331977844,-17.3757743835,0.99471360445,54.736656189,95.0976257324]],"icov":[[0.000291270640446,-0.000654323783237,0.000674816663377,-0.000807284202892,0.000635860546026,-0.000602116866503,0.000452944252174,-0.000476316781715,0.000557246268727,-0.000249643053394,0.000308479415253,-0.000142788558151,0.000189127909834],[-0.000654323783237,0.00289135286584,-0.0016431461554,0.00247431360185,-0.00219835131429,0.00107193458825,-0.000916962511837,0.00097505672602,-0.00163181009702,0.00100523908623,-0.000775350723416,0.000665262283292,-0.000182278017746],[0.000674816663377,-0.0016431461554,0.00214778655209,-0.00242294371128,0.00166887103114,-0.00166921038181,0.000884018547367,-0.00084552221233,0.00120275444351,-0.000420809665229,0.000589178293012,-0.000325277476804,0.000686624960508],[-0.000807284202892,0.00247431360185,-0.00242294371128,0.00480059580877,-0.00273802620359,0.00173761218321,-0.000952279544435,0.00116111093666,-0.00115981884301,-0.000196416687686,0.0000443036333309,0.000320593331708,-0.0000396413306589],[0.000635860546026,-0.00219835131429,0.00166887103114,-0.00273802620359,0.00540662463754,-0.00192382698879,-0.0000192778006749,0.000299481878756,-0.00123575073667,0.00253359600902,-0.00131266203243,0.000608399976045,-0.00105040415656],[-0.000602116866503,0.00107193458825,-0.00166921038181,0.00173761218321,-0.00192382698879,0.00684068445116,-0.00275044701993,0.0000692516041454,0.000648987363093,-0.00101795850787,0.000314914039336,0.000237534739426,0.0000159495994012],[0.000452944252174,-0.000916962511837,0.000884018547367,-0.000952279544435,-0.0000192778006749,-0.00275044701993,0.00576530536637,-0.00249843019992,0.00166519754566,0.000344681087881,-0.00185629399493,0.00209331721999,-0.000934281968512],[-0.000476316781715,0.00097505672602,-0.00084552221233,0.00116111093666,0.000299481878756,0.0000692516041454,-0.00249843019992,0.00953209307045,-0.00584619864821,0.00207305490039,0.00072925403947,-0.000489402620587,0.000620064442046],[0.000557246268727,-0.00163181009702,0.00120275444351,-0.00115981884301,-0.00123575073667,0.000648987363093,0.00166519754566,-0.00584619864821,0.0134554523975,-0.00818994641304,0.00284449057654,0.00019410472305,-0.000942555896472],[-0.000249643053394,0.00100523908623,-0.000420809665229,-0.000196416687686,0.00253359600902,-0.00101795850787,0.000344681087881,0.00207305490039,-0.00818994641304,0.0194035340101,-0.0120470672846,0.0052048121579,-0.000504218100104],[0.000308479415253,-0.000775350723416,0.000589178293012,0.0000443036333309,-0.00131266203243,0.000314914039336,-0.00185629399493,0.00072925403947,0.00284449057654,-0.0120470672846,0.0228975638747,-0.0121685601771,0.00571069819853],[-0.000142788558151,0.000665262283292,-0.000325277476804,0.000320593331708,0.000608399976045,0.000237534739426,0.00209331721999,-0.000489402620587,0.00019410472305,0.0052048121579,-0.0121685601771,0.0185481123626,-0.0100921606645],[0.000189127909834,-0.000182278017746,0.000686624960508,-0.0000396413306589,-0.00105040415656,0.0000159495994012,-0.000934281968512,0.000620064442046,-0.000942555896472,-0.000504218100104,0.00571069819853,-0.0100921606645,0.0173101611435]],"mean":[-108.243927002,101.882545471,-92.613899231,25.251625061,-33.6940917969,24.5611152649,-30.1946926117,17.1304359436,-16.8000030518,-0.448464810848,-19.114906311,-2.49235200882,-14.1467113495]},"hfc":{"dmean":3.87509441376,"dmean2":4.96863889694,"dvar":110.128303528,"dvar2":182.861160278,"max":303.900848389,"mean":11.6523923874,"median":2.91122627258,"min":1.04200041025e-16,"var":642.297790527},"melbands":{"dmean":[0.000218429806409,0.0004555558844,0.000146103906445,0.0000720912503311,0.0000607501351624,0.0000332001873176,0.0000543494861631,0.000047814915888,0.0000540410801477,0.0000892040916369,0.0000638067067484,0.0000591138486925,0.0000371439855371,0.0000293325829261,0.0000425547623308,0.0000347416607838,0.0000225011881412,0.0000338988429576,0.0000272621400654,0.0000193755859073,0.0000181296236406,0.0000233021492022,0.0000131275110107,0.00000595136089032,0.00000259219268628,0.00000212371423913,0.00000237567792283,0.00000107626635781,0.00000104767491393,6.30785848443e-7,3.41479164945e-7,2.59778232703e-7,2.14474070503e-7,1.97474847141e-7,1.60996577847e-7,1.18049229059e-7,8.94356375625e-8,7.07390270804e-8,4.96676690886e-8,4.28977067202e-8],"dmean2":[0.000357394310413,0.000725733465515,0.000234150953474,0.00011022399849,0.0000906239874894,0.0000503431438119,0.0000798059772933,0.000070787005825,0.0000803414732218,0.000135075373692,0.0000863565146574,0.0000787280150689,0.0000477621215396,0.0000406467806897,0.0000575075027882,0.0000484280135424,0.0000328565802192,0.0000465989724034,0.0000386075371352,0.0000280055483017,0.0000253932084888,0.0000344993932231,0.0000192690476979,0.00000870408439368,0.00000389699289371,0.00000308192124976,0.00000335434060617,0.00000153139558279,0.0000015580752688,9.12574137146e-7,4.95416998092e-7,3.78011890234e-7,3.03979277305e-7,2.76861726434e-7,2.39828096937e-7,1.777389258e-7,1.34399456897e-7,1.1147565715e-7,7.64779741758e-8,6.6845494473e-8],"dvar":[1.70072937067e-7,8.38280016069e-7,1.23600386814e-7,7.00073172766e-8,8.28492119354e-8,1.52678083509e-8,4.58326177011e-8,3.10087067135e-8,3.48034099318e-8,2.31064930745e-7,7.49496464891e-8,6.91368740036e-8,2.84448447019e-8,2.54602117167e-8,7.02748153003e-8,2.45537385979e-8,2.50571829952e-8,9.66661630741e-8,1.58518389526e-8,1.16859517618e-8,7.81045539355e-9,1.384394821e-8,5.64738433795e-9,1.13858678041e-9,1.37845734827e-10,8.88686069178e-11,4.71217953546e-10,2.88746127702e-11,4.26495019856e-11,1.15435265513e-11,1.86623394689e-12,1.15775021948e-12,6.51211235544e-13,5.47814885902e-13,3.04120173055e-13,1.93586141041e-13,7.53757001476e-14,5.7446757041e-14,2.75625774645e-14,2.50938050721e-14],"dvar2":[3.77625298142e-7,0.00000178048151156,3.02434386867e-7,1.40648779734e-7,1.54232310479e-7,3.56541072222e-8,1.0432555797e-7,6.3271478723e-8,7.7819663602e-8,5.95053904817e-7,1.456906773e-7,1.18318965292e-7,4.18871977104e-8,4.74497525715e-8,1.31326956421e-7,4.5593786524e-8,5.513799195e-8,1.71539298321e-7,3.19595194753e-8,2.23600160609e-8,1.42671447989e-8,2.99973343942e-8,1.09970619278e-8,1.89259496963e-9,3.10299314021e-10,1.85331958114e-10,6.50377696143e-10,5.82457068687e-11,9.21264176057e-11,2.4200922516e-11,4.10221639643e-12,2.64513476227e-12,1.24980364599e-12,1.0389555969e-12,6.27236760795e-13,4.56204464396e-13,1.60897743696e-13,1.38850831332e-13,6.55802587799e-14,6.3311979086e-14],"max":[0.00977404695004,0.0188810136169,0.00780650600791,0.00806657783687,0.00890448875725,0.00382292084396,0.00675415666774,0.00413821171969,0.00574341602623,0.0190511289984,0.0165709611028,0.0142935290933,0.010041506961,0.00866314396262,0.0174200776964,0.00675872387365,0.00706496089697,0.0190807431936,0.00471771834418,0.00903606135398,0.00565968221053,0.00488472403958,0.0039809634909,0.00234973127954,0.000802470487542,0.000395499140723,0.00266114296392,0.000274552759947,0.000301099265926,0.000174646324012,0.0000525196592207,0.0000468465113954,0.0000450917286798,0.0000430315812991,0.0000142669605339,0.0000148720318975,0.00000608570189797,0.00000583012706556,0.00000525039604327,0.00000835550054035],"mean":[0.000817373977043,0.00189817580394,0.000449359853519,0.000120116288599,0.0000980440236162,0.000059587720898,0.0000966460429481,0.0000891758390935,0.00008564676682,0.00014358961198,0.000123247387819,0.000115900438686,0.0000690886517987,0.0000522900299984,0.0000828566917335,0.0000626141918474,0.0000338909885613,0.0000543466885574,0.0000440211260866,0.0000388490043406,0.0000358775760105,0.0000427929298894,0.0000230140631174,0.0000111912440843,0.00000392201809518,0.00000336972379955,0.0000038863354348,0.00000170081250417,0.00000156452733791,9.49891727942e-7,5.45758837234e-7,4.262548714e-7,3.63221886346e-7,3.28773211322e-7,2.66361553258e-7,1.93040250451e-7,1.67169503129e-7,1.29806423388e-7,9.51806597982e-8,9.00907082269e-8],"median":[0.00037727781455,0.00133144133724,0.000230515972362,0.0000376622010663,0.0000195979773707,0.0000105338685898,0.0000115201628432,0.0000121715702335,0.0000085101401055,0.00000747679132473,0.00000618384865447,0.00000564347010368,0.00000365911841982,0.00000298172426483,0.00000205249511964,0.00000330008242599,0.00000140488407396,0.00000144531759361,0.00000177094534592,0.00000145830756537,0.00000148661752064,0.00000121891048366,6.302118436e-7,4.37830323108e-7,2.6507535722e-7,1.50844300606e-7,1.85718150192e-7,1.17177151537e-7,7.0587852008e-8,5.91292526053e-8,5.50380612196e-8,4.48325074842e-8,4.51330244289e-8,4.49978081463e-8,4.75275498957e-8,3.59940841577e-8,3.91936403332e-8,3.39728636334e-8,2.36694202016e-8,2.38757689175e-8],"min":[8.11940855244e-25,9.00909031869e-25,9.92276775457e-25,1.50445773438e-24,1.60226356903e-24,8.50937060106e-25,1.80622444354e-24,2.07435570143e-24,1.11317069526e-24,1.71475819095e-24,2.52671891562e-24,2.6282877154e-24,1.7388358035e-24,2.68496401878e-24,2.47118409397e-24,2.22048212614e-24,2.09521259211e-24,3.65981919558e-24,2.00819926212e-24,3.01203146933e-24,3.13566924457e-24,2.34873513211e-24,3.02849894072e-24,3.57310602715e-24,3.90486936945e-24,2.77828468615e-24,4.05016453199e-24,4.3975575754e-24,4.36754733442e-24,4.32245367849e-24,3.85160548113e-24,4.86612162601e-24,5.9136492332e-24,5.84747445287e-24,5.39376504754e-24,6.24470220625e-24,6.04461592068e-24,5.96392531084e-24,5.69060117883e-24,5.7767372955e-24],"var":[9.42717178987e-7,0.0000038665862121,3.43984993378e-7,1.24858857475e-7,1.61125399245e-7,3.0925242811e-8,8.52399821838e-8,6.27517522389e-8,6.57481749045e-8,3.42367684425e-7,2.01043278025e-7,2.17591562546e-7,9.81530874355e-8,6.74856011074e-8,2.80141591702e-7,7.16139751944e-8,4.27050679264e-8,2.14935184317e-7,3.42273551723e-8,6.29851300005e-8,3.0306548382e-8,4.1462161704e-8,1.496606572e-8,4.72421346487e-9,2.9696117787e-10,2.01565139579e-10,1.28778399056e-9,5.87987020184e-11,7.77477041081e-11,2.07962171789e-11,3.83558462769e-12,2.44137175753e-12,1.70875694237e-12,1.24562697396e-12,5.85216011935e-13,2.98209590702e-13,1.56146688461e-13,9.53562451439e-14,4.78222503101e-14,4.119745994e-14]},"melbands_crest":{"dmean":2.26745200157,"dmean2":3.55106282234,"dvar":7.81636810303,"dvar2":17.494562149,"max":34.6672744751,"mean":17.6948223114,"median":17.7625846863,"min":1.4046715498,"var":41.7711105347},"melbands_flatness_db":{"dmean":0.0245328787714,"dmean2":0.0344475097954,"dvar":0.00104968668893,"dvar2":0.00163023243658,"max":0.65680783987,"mean":0.299578517675,"median":0.289349615574,"min":0.00245178956538,"var":0.0126184625551},"melbands_kurtosis":{"dmean":17.2218875885,"dmean2":25.9035377502,"dvar":1646.3046875,"dvar2":3471.70825195,"max":956.832763672,"mean":55.5069923401,"median":12.4041318893,"min":-1.87894678116,"var":9252.40429688},"melbands_skewness":{"dmean":0.909162223339,"dmean2":1.31993734837,"dvar":1.66381442547,"dvar2":3.21322703362,"max":22.0652885437,"mean":3.99155235291,"median":3.03504800797,"min":-3.33237528801,"var":13.3423395157},"melbands_spread":{"dmean":4.63942337036,"dmean2":6.85341310501,"dvar":63.675113678,"dvar2":130.075942993,"max":202.608123779,"mean":17.375667572,"median":10.9841041565,"min":0.267541915178,"var":425.695953369},"mfcc":{"cov":[[10407.3671875,44.4425811768,-2673.9230957,-452.584686279,-415.5234375,-334.954742432,-347.544372559,-37.9536552429,-52.381526947,41.1150817871,-67.4889068604,-10.1103601456,-5.315782547],[44.4425811768,1285.01391602,22.7658100128,-119.308578491,151.074417114,55.5945014954,101.200271606,108.519958496,117.022888184,7.54302692413,1.04432404041,57.6929931641,25.678855896],[-2673.9230957,22.7658100128,1806.09362793,364.913513184,166.785949707,179.253845215,158.607513428,13.0379524231,-0.0843861252069,61.1592292786,69.6304779053,-22.2690658569,3.98937773705],[-452.584686279,-119.308578491,364.913513184,469.714996338,165.453521729,95.6278152466,42.0296821594,12.9879894257,18.0618247986,19.0033111572,17.7991790771,4.32101964951,-0.360103040934],[-415.5234375,151.074417114,166.785949707,165.453521729,307.75112915,87.5389556885,2.07298135757,32.0590248108,38.205909729,-1.99107789993,-15.549987793,16.6593513489,7.42518997192],[-334.954742432,55.5945014954,179.253845215,95.6278152466,87.5389556885,245.976257324,139.788848877,37.8110809326,10.6130580902,18.9949054718,11.3775568008,-13.2834024429,-0.435035407543],[-347.544372559,101.200271606,158.607513428,42.0296821594,2.07298135757,139.788848877,260.243743896,106.076446533,36.0106277466,23.7975521088,19.4586715698,3.51595067978,-5.37296390533],[-37.9536552429,108.519958496,13.0379524231,12.9879894257,32.0590248108,37.8110809326,106.076446533,159.48890686,86.3316955566,12.8773679733,2.96482920647,13.2508583069,7.07731246948],[-52.381526947,117.022888184,-0.0843861252069,18.0618247986,38.205909729,10.6130580902,36.0106277466,86.3316955566,150.82220459,67.5850448608,3.3870613575,9.99137115479,5.17495346069],[41.1150817871,7.54302692413,61.1592292786,19.0033111572,-1.99107789993,18.9949054718,23.7975521088,12.8773679733,67.5850448608,171.48298645,77.5322341919,-17.9677085876,-3.26810765266],[-67.4889068604,1.04432404041,69.6304779053,17.7991790771,-15.549987793,11.3775568008,19.4586715698,2.96482920647,3.3870613575,77.5322341919,119.812614441,37.0354499817,1.86229610443],[-10.1103601456,57.6929931641,-22.2690658569,4.32101964951,16.6593513489,-13.2834024429,3.51595067978,13.2508583069,9.99137115479,-17.9677085876,37.0354499817,119.20438385,54.8941955566],[-5.315782547,25.678855896,3.98937773705,-0.360103040934,7.42518997192,-0.435035407543,-5.37296390533,7.07731246948,5.17495346069,-3.26810765266,1.86229610443,54.8941955566,111.398048401]],"icov":[[0.000173798078322,-0.0000662906168145,0.00025484219077,-0.00012962265464,0.000207487260923,-0.000045313834562,0.000220011701458,-0.00024662859505,0.00032243996975,-0.000349584530341,0.000211047838093,-0.0000752134146751,0.0000346028718923],[-0.0000662906168145,0.00104706443381,-0.000135852082167,0.000646182394121,-0.000812436977867,0.0000920027523534,-0.000532708188985,0.000186827921425,-0.000876134377904,0.000454370601801,-0.000312158459565,-0.000167161459103,-0.0000790020349086],[0.00025484219077,-0.000135852082167,0.00110208045226,-0.000648004934192,0.000104254366306,-0.0000878274295246,-0.000136391681735,-0.0000302236494463,0.000463158532511,-0.000387220672565,-0.000230566947721,0.000377968855901,-0.000225311028771],[-0.00012962265464,0.000646182394121,-0.000648004934192,0.00346751650795,-0.00189813633915,-0.000286257447442,-0.000514538318384,0.000531555560883,-0.000867386057507,0.000538176216651,-0.000681409088429,-0.0000281237462332,0.0000274219892162],[0.000207487260923,-0.000812436977867,0.000104254366306,-0.00189813633915,0.00582346785814,-0.00230861757882,0.00265737064183,-0.00176703091711,0.00051041203551,-0.00107032421511,0.00211357488297,-0.0016650193138,0.000760601949878],[-0.000045313834562,0.0000920027523534,-0.0000878274295246,-0.000286257447442,-0.00230861757882,0.00751787051558,-0.00470348726958,0.00171080778819,-0.000149642524775,0.000506568758283,-0.00115592824295,0.00202245102264,-0.00112893781625],[0.000220011701458,-0.000532708188985,-0.000136391681735,-0.000514538318384,0.00265737064183,-0.00470348726958,0.00938185770065,-0.00636016577482,0.00258720200509,-0.00209340942092,0.00156073784456,-0.00192028318997,0.00153617595788],[-0.00024662859505,0.000186827921425,-0.0000302236494463,0.000531555560883,-0.00176703091711,0.00171080778819,-0.00636016577482,0.014699658379,-0.00909299310297,0.00495204748586,-0.00353027693927,0.00221151974984,-0.00163130601868],[0.00032243996975,-0.000876134377904,0.000463158532511,-0.000867386057507,0.00051041203551,-0.000149642524775,0.00258720200509,-0.00909299310297,0.0166214779019,-0.0101507585496,0.00747208669782,-0.00475678732619,0.00201500486583],[-0.000349584530341,0.000454370601801,-0.000387220672565,0.000538176216651,-0.00107032421511,0.000506568758283,-0.00209340942092,0.00495204748586,-0.0101507585496,0.0164478886873,-0.0128791630268,0.00824647489935,-0.00334234186448],[0.000211047838093,-0.000312158459565,-0.000230566947721,-0.000681409088429,0.00211357488297,-0.00115592824295,0.00156073784456,-0.00353027693927,0.00747208669782,-0.0128791630268,0.0203470624983,-0.0109141245484,0.00455535762012],[-0.0000752134146751,-0.000167161459103,0.000377968855901,-0.0000281237462332,-0.0016650193138,0.00202245102264,-0.00192028318997,0.00221151974984,-0.00475678732619,0.00824647489935,-0.0109141245484,0.0175690203905,-0.00810514204204],[0.0000346028718923,-0.0000790020349086,-0.000225311028771,0.0000274219892162,0.000760601949878,-0.00112893781625,0.00153617595788,-0.00163130601868,0.00201500486583,-0.00334234186448,0.00455535762012,-0.00810514204204,0.0128536615521]],"mean":[-759.284301758,139.219955444,9.23130893707,19.559469223,21.6018619537,10.6300315857,6.83456325531,14.3238096237,9.54181003571,6.2883515358,0.420443475246,3.48400592804,1.17634952068]},"pitch_salience":{"dmean":0.0583489090204,"dmean2":0.0899730548263,"dvar":0.00430837413296,"dvar2":0.00913412030786,"max":0.980693876743,"mean":0.401730060577,"median":0.393280386925,"min":0.0614653900266,"var":0.025519233197},"silence_rate_20dB":{"dmean":0,"dmean2":0,"dvar":0,"dvar2":0,"max":1,"mean":1,"median":1,"min":1,"var":0},"silence_rate_30dB":{"dmean":0.00211416487582,"dmean2":0.00422859285027,"dvar":0.00210946821608,"dvar2":0.00445956597105,"max":1,"mean":0.995585381985,"median":1,"min":0,"var":0.00439505418763},"silence_rate_60dB":{"dmean":0.0380549691617,"dmean2":0.0761146694422,"dvar":0.0366041995585,"dvar2":0.0790172144771,"max":1,"mean":0.164832428098,"median":0,"min":0,"var":0.137687623501},"spectral_centroid":{"dmean":152.105239868,"dmean2":223.13671875,"dvar":60388.5703125,"dvar2":114651.976562,"max":11680.6884766,"mean":1004.99389648,"median":793.74822998,"min":103.842575073,"var":1251378.125},"spectral_complexity":{"dmean":2.01877880096,"dmean2":2.9164853096,"dvar":12.7606048584,"dvar2":20.4619750977,"max":52,"mean":8.56705856323,"median":6,"min":0,"var":58.3023490906},"spectral_contrast_coeffs":{"dmean":[0.0406997054815,0.0435487814248,0.0392288453877,0.0317599996924,0.0212911944836,0.0138126453385],"dmean2":[0.0671336948872,0.0697032287717,0.0595876425505,0.0485469289124,0.032521110028,0.0211782027036],"dvar":[0.00129979720805,0.00147791823838,0.00138717936352,0.000940323865507,0.000461813120637,0.000223968745559],"dvar2":[0.00334506947547,0.00350137008354,0.00281669967808,0.00181839137804,0.000869035779033,0.000449546234449],"max":[-0.339482069016,-0.408764481544,-0.392104625702,-0.406419992447,-0.494369268417,-0.56248742342],"mean":[-0.638539075851,-0.730342209339,-0.736789107323,-0.756544291973,-0.792286217213,-0.818276524544],"median":[-0.640954077244,-0.739670991898,-0.751239895821,-0.769444286823,-0.806577086449,-0.829353928566],"min":[-0.994623363018,-0.977874219418,-0.985601246357,-0.972478985786,-0.96808308363,-0.965613365173],"var":[0.00766700180247,0.00813215691596,0.0103128310293,0.00830828491598,0.00504537578672,0.00200711865909]},"spectral_contrast_valleys":{"dmean":[0.377782911062,0.405274271965,0.390786647797,0.35526150465,0.247940510511,0.173996835947],"dmean2":[0.620770037174,0.638705193996,0.596723735332,0.527363657951,0.348762601614,0.249019980431],"dvar":[0.113728567958,0.14422519505,0.147970125079,0.14031252265,0.104656763375,0.0818590447307],"dvar2":[0.273368090391,0.298636734486,0.302635848522,0.254745393991,0.157342910767,0.131820708513],"max":[-5.87627649307,-4.62942838669,-5.20722103119,-5.41786432266,-5.53865814209,-8.48145961761],"mean":[-8.19619274139,-8.19631958008,-8.73779010773,-9.14929008484,-9.12823295593,-11.3145427704],"median":[-7.96580457687,-8.08125305176,-8.62226676941,-9.0564289093,-9.11346530914,-11.2369718552],"min":[-28.1619987488,-28.0457611084,-27.8378353119,-27.6109161377,-27.621591568,-27.4181995392],"var":[3.81151604652,4.09538030624,4.04708957672,4.12920188904,3.92252993584,2.8466758728]},"spectral_decrease":{"dmean":9.74313962843e-10,"dmean2":1.38506928149e-9,"dvar":3.16791625083e-18,"dvar2":5.70140647852e-18,"max":2.16968286039e-28,"mean":-3.94084365141e-9,"median":-2.91670865238e-9,"min":-4.21531112238e-8,"var":1.600907325e-17},"spectral_energy":{"dmean":0.00399001967162,"dmean2":0.00561800738797,"dvar":0.0000559560066904,"dvar2":0.0000990930711851,"max":0.186660006642,"mean":0.0159305483103,"median":0.0114371059462,"min":9.82924262392e-21,"var":0.000290540920105},"spectral_energyband_high":{"dmean":0.0000627391345915,"dmean2":0.0000828822230687,"dvar":5.86445914053e-8,"dvar2":1.11074186293e-7,"max":0.0115030827001,"mean":0.000127691135276,"median":0.0000199335008801,"min":6.42271737538e-21,"var":1.53930656666e-7},"spectral_energyband_low":{"dmean":0.00176196510438,"dmean2":0.00280330330133,"dvar":0.0000106655870695,"dvar2":0.0000225097064686,"max":0.0702400356531,"mean":0.00753572024405,"median":0.00597495492548,"min":1.68229573639e-23,"var":0.0000497230539622},"spectral_energyband_middle_high":{"dmean":0.00188958388753,"dmean2":0.00242284615524,"dvar":0.0000313214295602,"dvar2":0.0000493501065648,"max":0.18552108109,"mean":0.00525993574411,"median":0.000531900266651,"min":1.18776098061e-21,"var":0.000181695606443},"spectral_energyband_middle_low":{"dmean":0.00151813856792,"dmean2":0.00216161971912,"dvar":0.0000158433613251,"dvar2":0.0000332724375767,"max":0.113465994596,"mean":0.00349387014285,"median":0.00148908095434,"min":1.44622955227e-22,"var":0.0000376713760488},"spectral_entropy":{"dmean":0.176629170775,"dmean2":0.253701806068,"dvar":0.0470495820045,"dvar2":0.0817818641663,"max":9.8264837265,"mean":7.00280237198,"median":6.98376750946,"min":4.58720350266,"var":0.443824648857},"spectral_flux":{"dmean":0.0174475349486,"dmean2":0.0269117522985,"dvar":0.000638005614746,"dvar2":0.00143502897117,"max":0.395779907703,"mean":0.0417558141053,"median":0.0272507183254,"min":6.33042368525e-11,"var":0.00181303801946},"spectral_kurtosis":{"dmean":2.11519408226,"dmean2":3.53530788422,"dvar":6.20524406433,"dvar2":16.4942245483,"max":40.3875160217,"mean":8.06945610046,"median":7.10291099548,"min":-1.26579654217,"var":27.9568023682},"spectral_rms":{"dmean":0.000458747585071,"dmean2":0.000640917511191,"dvar":4.57048827229e-7,"dvar2":7.46417356368e-7,"max":0.0134947150946,"mean":0.00347631541081,"median":0.00334038212895,"min":3.0966926072e-12,"var":0.00000345717398886},"spectral_rolloff":{"dmean":240.369689941,"dmean2":399.521179199,"dvar":372871.25,"dvar2":863545.375,"max":19810.546875,"mean":1075.69335938,"median":581.396484375,"min":86.1328125,"var":4130950.25},"spectral_skewness":{"dmean":0.238543704152,"dmean2":0.381736040115,"dvar":0.0658924505115,"dvar2":0.149832040071,"max":4.92148923874,"mean":2.16386008263,"median":2.12735629082,"min":-0.265964627266,"var":0.493415653706},"spectral_spread":{"dmean":477807.3125,"dmean2":723258.25,"dvar":472404688896,"dvar2":985847431168,"max":42017020,"mean":4813811,"median":4307585,"min":1269269.5,"var":13820561981400},"spectral_strongpeak":{"dmean":0.468670666218,"dmean2":0.746788978577,"dvar":1.77623021603,"dvar2":3.67903590202,"max":28.2440948486,"mean":1.07503783703,"median":0.342928022146,"min":0,"var":5.51613664627},"zerocrossingrate":{"dmean":0.00659076450393,"dmean2":0.00752471154556,"dvar":0.0000789077530499,"dvar2":0.0000942153783399,"max":0.525390625,"mean":0.0421827882528,"median":0.03173828125,"min":0.0029296875,"var":0.00289932801388}},"metadata":{"audio_properties":{"analysis_sample_rate":44100,"bit_rate":192000,"codec":"mp3","downmix":"mix","equal_loudness":0,"length":373.420410156,"lossless":false,"md5_encoded":"f227bf9ab43b0d9bccdc57b61b67ee1a","replay_gain":-10.8703155518,"sample_rate":44100},"tags":{"album":["Biggest Thing Since Colossus (Sony)"],"albumartist":["Otis Spann"],"artist":["Otis Spann"],"date":["1995"],"file_name":"326762.mp3","genre":["Other"],"musicbrainz_recordingid":["0f5ea61e-9762-46ab-baf4-1e58c47793ee"],"title":["04. Temperature Is Rising (100.2 Df)"],"tracknumber":["4"]},"version":{"essentia":"2.1-beta2","essentia_build_sha":"70f2e5ece6736b2c40cc944ad0e695b16b925413","essentia_git_sha":"v2.1_beta2","extractor":"music 1.0"}},"rhythm":{"beats_count":717,"beats_loudness":{"dmean":0.0163703095168,"dmean2":0.0290394462645,"dvar":0.000359527854016,"dvar2":0.000963657803368,"max":0.146626740694,"mean":0.0227159634233,"median":0.0169109497219,"min":0,"var":0.000446463469416},"beats_loudness_band_ratio":{"dmean":[0.327313959599,0.120207160711,0.139665201306,0.136447846889,0.117371328175,0.0266706179827],"dmean2":[0.577448427677,0.226448580623,0.245766058564,0.24120798707,0.203337237239,0.0495449565351],"dvar":[0.0825134888291,0.0248082652688,0.0228990409523,0.0275524184108,0.0238473527133,0.00158997799736],"dvar2":[0.20143853128,0.0675204619765,0.0612267553806,0.0768677592278,0.0592166669667,0.00439369864762],"max":[0.998297810555,0.737138032913,0.901128768921,0.95981502533,0.930401206017,0.594366073608],"mean":[0.516142308712,0.0926318094134,0.137873753905,0.134826093912,0.115710452199,0.0207152105868],"median":[0.526925444603,0.0350762568414,0.0745937526226,0.0653934106231,0.0400208085775,0.00650030281395],"min":[0,0,0,0,0,0],"var":[0.12777534