{"lowlevel":{"average_loudness":0.971102654934,"barkbands":{"dmean":[0.00313946604729,0.0111726587638,0.00269118486904,0.00132214371115,0.00086710206233,0.000870780379046,0.000708916515578,0.000455840607174,0.000590515614022,0.000396348361392,0.000759704271331,0.00124180759303,0.00121221144218,0.00109968869947,0.00152888067532,0.000762252428103,0.000459146278445,0.000232035265071,0.0000858883067849,0.0000594734083279,0.0000318748279824,0.0000178877580765,0.0000102755020635,0.0000098833870652,0.00000527489555679,0.00000865595666255,0.00164167373441],"dmean2":[0.00497360527515,0.0157262571156,0.00410125171766,0.00217447406612,0.00143282359932,0.00136936362833,0.00109941593837,0.000742769683711,0.000919899553992,0.000659833312966,0.00125523435418,0.00202801520936,0.00194940611254,0.00183341512457,0.002551818965,0.00126758927945,0.000762610638048,0.000387146574212,0.000143728510011,0.000100989331258,0.0000523121416336,0.0000282500095636,0.0000162197429745,0.0000152957618411,0.00000848802210385,0.0000134793981488,0.00267108227126],"dvar":[0.000058043468016,0.000205035612453,0.000012356706975,0.00000453995835414,0.00000135571269766,0.00000141420150612,9.88094370769e-7,4.62325004946e-7,8.91250010682e-7,2.9673506674e-7,7.80867424055e-7,0.00000203045965463,0.00000314923954647,0.0000022507522317,0.0000031061433674,8.97793881904e-7,2.96823856161e-7,1.00773526412e-7,1.64091478183e-8,8.21385626182e-9,2.56931542708e-9,1.05023501007e-9,3.34376304423e-10,1.64526114954e-9,1.23942398012e-10,4.06815248155e-10,0.0000025721046768],"dvar2":[0.000129329506308,0.00047791027464,0.0000294766814477,0.0000130926728161,0.00000353415953214,0.00000305674211631,0.00000232292086366,0.00000120861807318,0.00000207863536161,7.59912609283e-7,0.00000196816404241,0.00000463242895421,0.00000774738691689,0.00000551411312699,0.00000805874697107,0.0000023072195745,7.86100770256e-7,2.64953797569e-7,4.3266453531e-8,2.26910632506e-8,6.72764954857e-9,2.43303155401e-9,7.43486994192e-10,3.3543083866e-9,2.84618079105e-10,8.04252164865e-10,0.00000691676677889],"max":[0.130161941051,0.192618682981,0.0511802248657,0.0325509868562,0.0201299935579,0.0177185107023,0.013034729287,0.0110245672986,0.0135000701994,0.00758340349421,0.0108301742002,0.022389113903,0.0247904006392,0.0267962608486,0.0208425670862,0.0141252847388,0.0102348225191,0.00653686653823,0.00328233814798,0.00178336864337,0.000825316936243,0.000498681329191,0.000296058307867,0.000659064739011,0.000206161828828,0.000299075472867,0.0208575967699],"mean":[0.00733251031488,0.0368729718029,0.00567453866825,0.00220957398415,0.00154844427016,0.00158126652241,0.00123494456057,0.000742506468669,0.00102045398671,0.000655821349937,0.00129008095246,0.00226142723113,0.00214076810516,0.0020760144107,0.00316145690158,0.00165901274886,0.00105703691952,0.0005795317702,0.000249858218012,0.000180197836016,0.0000946310537984,0.0000430994768976,0.0000165657584148,0.0000105545695988,0.00000564108268009,0.0000115591119538,0.00589646305889],"median":[0.00499940291047,0.0314060673118,0.00392046850175,0.00129156117328,0.00100797507912,0.00100272707641,0.000706599035766,0.000463968957774,0.000619017519057,0.000444082368631,0.00098103703931,0.00174531177618,0.00154304283205,0.00155195454136,0.00247535062954,0.00126700545661,0.000857669278048,0.000412417488405,0.000146010264871,0.000104593840661,0.0000472743922728,0.0000208581950574,0.00000753311633162,0.00000267108657681,0.00000235588731812,0.00000561368142371,0.00549907889217],"min":[5.20161233609e-24,1.81431965526e-23,1.48513289045e-23,1.50615208927e-23,7.65558963823e-23,2.2030638407e-23,2.68724457622e-23,6.27654150013e-23,1.10537007575e-22,1.27906197473e-22,8.09047414024e-23,3.97011700156e-23,8.48566631694e-23,6.97790132266e-23,1.04355424102e-22,1.39092762602e-22,1.44311550807e-22,1.3777145214e-22,2.78303816475e-22,5.26479709693e-22,3.58019536234e-22,5.03738957632e-22,4.46467807374e-22,1.09946571062e-21,1.08544251527e-21,1.9832214583e-21,2.33517570178e-21],"var":[0.0000826334653539,0.000702272343915,0.000032918931538,0.000008463276572,0.00000355089218829,0.00000362418018085,0.00000222587163989,7.14693157988e-7,0.00000174608601355,5.19500531482e-7,0.00000132088541704,0.00000379001176043,0.00000503654882777,0.00000431198895967,0.00000685175064064,0.00000224555378736,8.11467543826e-7,4.30356891457e-7,1.00696944116e-7,3.93047905334e-8,1.37604585504e-8,3.00051694602e-9,6.1179034061e-10,1.98255700745e-9,1.41977679613e-10,5.6907123458e-10,0.00000748829097574]},"barkbands_crest":{"dmean":1.98109149933,"dmean2":2.92709732056,"dvar":3.13387727737,"dvar2":7.35016345978,"max":22.3579902649,"mean":11.7006988525,"median":11.8063192368,"min":3.1487660408,"var":14.8988161087},"barkbands_flatness_db":{"dmean":0.0170183032751,"dmean2":0.0262027252465,"dvar":0.000217331005842,"dvar2":0.000503397081047,"max":0.279226332903,"mean":0.141560584307,"median":0.140835046768,"min":0.0462340936065,"var":0.000984743470326},"barkbands_kurtosis":{"dmean":1.32705080509,"dmean2":2.05029511452,"dvar":3.43114209175,"dvar2":8.21252727509,"max":21.9157733917,"mean":1.90733516216,"median":1.16076660156,"min":-1.62240540981,"var":7.8563990593},"barkbands_skewness":{"dmean":0.344753593206,"dmean2":0.527976810932,"dvar":0.122021965683,"dvar2":0.279211610556,"max":4.57836294174,"mean":1.5206348896,"median":1.47456932068,"min":-2.43847417831,"var":0.559989273548},"barkbands_spread":{"dmean":9.73246192932,"dmean2":15.3887882233,"dvar":71.6731338501,"dvar2":175.133682251,"max":110.348922729,"mean":56.4958992004,"median":55.9633178711,"min":13.3538656235,"var":248.599700928},"dissonance":{"dmean":0.0102887190878,"dmean2":0.0172863472253,"dvar":0.000136779839522,"dvar2":0.000323939748341,"max":0.499999880791,"mean":0.48459726572,"median":0.487456530333,"min":0.246221408248,"var":0.000178408648935},"dynamic_complexity":1.28361022472,"erbbands":{"dmean":[0.547957956791,1.98708641529,3.28433036804,4.033680439,3.53275513649,2.92753767967,3.21340179443,9.01194763184,8.43581485748,13.5490398407,9.94339752197,14.470870018,8.82039642334,19.6946735382,33.4554977417,48.4676017761,53.1960296631,50.7915458679,75.4743118286,60.5383338928,36.8357925415,23.2798614502,13.6226463318,5.46418142319,4.02594614029,2.91574072838,1.83875608444,0.913592219353,0.75118547678,0.479622870684,0.197435900569,0.170286282897,0.178565695882,0.071850977838,0.0324020721018,0.0300916675478,0.0163678452373,0.0134519366547,0.0148687781766,0.0337553434074],"dmean2":[0.760620474815,2.78407263756,4.73856258392,6.37406682968,5.77228021622,4.93201112747,5.30237579346,14.1112756729,13.388297081,21.9254951477,15.8381385803,22.3418540955,14.6515312195,32.1346435547,54.093082428,80.1078491211,85.6496810913,84.4982147217,125.808044434,99.8136825562,61.0373382568,39.0599060059,22.482831955,9.06667518616,6.87044668198,4.93468046188,3.08086442947,1.47257733345,1.19794535637,0.757014155388,0.310629040003,0.264542371035,0.275947213173,0.113859035075,0.0533995106816,0.0473129376769,0.0253658723086,0.0207248609513,0.0225772429258,0.0552819259465],"dvar":[0.561914086342,5.71777772903,16.9124889374,35.5365219116,19.6641559601,24.3571510315,16.218706131,168.389968872,136.467285156,527.768371582,172.956436157,639.602233887,194.082351685,620.946716309,1405.97827148,2807.88500977,5649.85400391,5309.95263672,8941.96289062,4749.04052734,2463.36132812,780.154724121,343.483856201,71.3402786255,38.3310317993,19.9296283722,9.42795848846,1.98731899261,1.98629820347,0.774536788464,0.132035031915,0.299237579107,0.664006412029,0.0431093908846,0.00250515481457,0.00766039546579,0.00128459709231,0.000377112417482,0.00031458112062,0.000981457415037],"dvar2":[1.37503707409,12.6754980087,37.3104705811,103.767723083,51.5421447754,67.0914077759,41.5124549866,350.018432617,323.755004883,1261.21777344,427.473114014,1406.31408691,529.083251953,1432.90356445,3471.765625,6773.03222656,13682.4326172,13022.0087891,22393.2441406,12826.3291016,6097.32128906,2107.04492188,948.109863281,185.421707153,109.821739197,55.1712112427,25.8142051697,5.2581782341,4.79607772827,1.75054609776,0.259954750538,0.581767499447,1.388199687,0.0916119143367,0.00626662932336,0.0157704278827,0.00250513036735,0.000883321743459,0.00072566641029,0.00253513501957],"max":[10.4237642288,31.6517562866,61.1600914001,82.5804595947,65.6921691895,87.2766952515,53.5682487488,200.677520752,128.820953369,311.513793945,173.319564819,422.72869873,244.129821777,592.280395508,445.166625977,876.323669434,1010.60284424,1259.0201416,1319.94091797,1216.69055176,876.448242188,615.265930176,378.270080566,234.459472656,152.922958374,89.0384979248,48.5980491638,26.5337581635,24.6531829834,14.5367479324,4.91529178619,8.78490638733,14.4389448166,3.42342042923,0.615344166756,1.48250102997,0.501488804817,0.29525193572,0.467377871275,0.49919077754],"mean":[1.5059081316,6.33918857574,8.24572181702,7.50608110428,6.14030218124,4.63301134109,5.26213884354,16.0073852539,15.3544664383,21.6509628296,18.2853946686,24.9045658112,16.0837898254,36.5244522095,64.4560852051,94.8857345581,100.066581726,99.7659454346,151.444549561,135.178970337,87.4462814331,59.0127944946,36.1739425659,16.7879257202,11.6518611908,8.76141166687,5.36792087555,2.80615663528,1.79479706287,0.903889298439,0.312101095915,0.202035069466,0.183239489794,0.075535684824,0.0356280654669,0.0338822379708,0.0236566178501,0.0419045835733,0.0858212262392,0.159152761102],"median":[1.19680595398,4.81003284454,5.86731719971,4.76505613327,4.07892036438,2.64832401276,3.58054018021,9.24035263062,9.63993835449,10.462843895,12.6235790253,14.6305007935,11.2846107483,27.3285598755,50.5596008301,76.1712188721,75.4561157227,74.2996368408,115.792114258,106.852996826,66.8134613037,49.3251609802,27.9683532715,10.2473936081,6.85574436188,4.98644399643,2.8331785202,1.42667531967,0.859791219234,0.406562566757,0.157042205334,0.069103166461,0.038871858269,0.0256355907768,0.0174746941775,0.0132613927126,0.0126524232328,0.0221085231751,0.0630694776773,0.152799874544],"min":[1.17881719121e-21,1.6940072285e-21,1.08293871872e-20,3.39464163581e-20,1.83448574885e-19,2.84920681783e-19,1.19381950103e-19,2.337359604e-19,1.8783290355e-19,1.18546241775e-18,1.44497616947e-18,2.70660775617e-18,5.07536020858e-18,2.11103978308e-18,3.16472643559e-18,1.99903166993e-18,3.06839484261e-18,4.42233089347e-18,4.34976192474e-18,7.47518652789e-18,6.80172419729e-18,8.50609841659e-18,8.37138378203e-18,1.18241365749e-17,1.23163859671e-17,2.59951747991e-17,1.88908993666e-17,1.68485590013e-17,1.88322357175e-17,1.3931776232e-17,1.20183941515e-17,1.64418673814e-17,1.89108443455e-17,1.07089440807e-17,9.98091099076e-18,6.10399238752e-18,4.01678822738e-18,1.59224523438e-18,3.4255588683e-19,3.10971830447e-20],"var":[1.38958573341,28.474899292,61.3552780151,68.9834976196,48.1453552246,39.4203529358,30.9641056061,454.605743408,288.277801514,971.020324707,345.181060791,1299.87133789,326.761230469,1275.4675293,2610.69482422,5382.08789062,8980.91210938,10132.4873047,16472.4511719,11828.2763672,6777.1640625,2323.36254883,1300.94970703,531.462463379,173.289855957,92.494430542,42.007106781,11.548532486,5.41944932938,1.59274089336,0.242661416531,0.402621001005,0.765172183514,0.0509910620749,0.00289608631283,0.00942243915051,0.00188328570221,0.00200305273756,0.00425492739305,0.0038715810515]},"erbbands_crest":{"dmean":2.40462613106,"dmean2":4.01643514633,"dvar":4.84734296799,"dvar2":12.0773162842,"max":26.0436000824,"mean":8.43856906891,"median":7.64466714859,"min":3.4193584919,"var":10.4027690887},"erbbands_flatness_db":{"dmean":0.0186973344535,"dmean2":0.029263606295,"dvar":0.00024801879772,"dvar2":0.000583607761655,"max":0.2661036551,"mean":0.162537142634,"median":0.162293314934,"min":0.0435403846204,"var":0.000883847649675},"erbbands_kurtosis":{"dmean":1.2040835619,"dmean2":1.90679144859,"dvar":2.10828065872,"dvar2":4.735247612,"max":36.3722763062,"mean":2.24476242065,"median":1.75611758232,"min":-1.40529465675,"var":7.33883571625},"erbbands_skewness":{"dmean":0.291001945734,"dmean2":0.458455383778,"dvar":0.082720272243,"dvar2":0.174671009183,"max":1.54794323444,"mean":-0.961900115013,"median":-0.933090567589,"min":-5.43547821045,"var":0.28697013855},"erbbands_spread":{"dmean":4.1215004921,"dmean2":6.5664229393,"dvar":19.7564220428,"dvar2":52.3006286621,"max":116.455230713,"mean":20.7290611267,"median":19.9993438721,"min":5.61720705032,"var":47.41431427},"gfcc":{"cov":[[8261.95410156,1109.38891602,-489.374908447,157.013473511,375.709960938,-303.368652344,380.303039551,-458.616210938,241.918106079,-175.445114136,30.8336219788,-43.2738685608,-82.9477386475],[1109.38891602,657.869934082,-140.065444946,-125.395500183,243.113006592,-153.585479736,108.762039185,-116.083106995,107.193313599,-60.5498046875,61.6850509644,-26.7937355042,15.1847429276],[-489.374908447,-140.065444946,191.061477661,12.067650795,-112.71043396,91.5885620117,-114.858253479,74.1089630127,-46.3256645203,20.3482627869,-20.8789329529,-3.46467041969,-3.58012676239],[157.013473511,-125.395500183,12.067650795,186.531082153,-12.0250577927,-11.0600166321,80.9732513428,-53.6473388672,-18.7422122955,16.2388038635,-21.268693924,22.5551757812,-18.695148468],[375.709960938,243.113006592,-112.71043396,-12.0250577927,217.308425903,-51.4789581299,102.597694397,-56.6017417908,35.9219474792,-21.1583538055,34.5710525513,-8.83535194397,18.694475174],[-303.368652344,-153.585479736,91.5885620117,-11.0600166321,-51.4789581299,155.691192627,-76.5423202515,86.3419418335,-49.9443511963,-6.82539224625,-24.9050674438,-17.4136581421,0.346613138914],[380.303039551,108.762039185,-114.858253479,80.9732513428,102.597694397,-76.5423202515,213.821273804,-80.4115447998,49.3344535828,-5.06767368317,1.81883049011,18.8116073608,-9.60298347473],[-458.616210938,-116.083106995,74.1089630127,-53.6473388672,-56.6017417908,86.3419418335,-80.4115447998,132.161697388,-17.3939552307,11.7185153961,-14.2747945786,-23.2359657288,5.29440021515],[241.918106079,107.193313599,-46.3256645203,-18.7422122955,35.9219474792,-49.9443511963,49.3344535828,-17.3939552307,82.8827972412,14.5511598587,20.9572505951,4.88927841187,-4.39073514938],[-175.445114136,-60.5498046875,20.3482627869,16.2388038635,-21.1583538055,-6.82539224625,-5.06767368317,11.7185153961,14.5511598587,70.7869720459,37.2008972168,22.4321060181,2.4143512249],[30.8336219788,61.6850509644,-20.8789329529,-21.268693924,34.5710525513,-24.9050674438,1.81883049011,-14.2747945786,20.9572505951,37.2008972168,74.5879211426,32.3177452087,17.324804306],[-43.2738685608,-26.7937355042,-3.46467041969,22.5551757812,-8.83535194397,-17.4136581421,18.8116073608,-23.2359657288,4.88927841187,22.4321060181,32.3177452087,58.1960220337,15.3280477524],[-82.9477386475,15.1847429276,-3.58012676239,-18.695148468,18.694475174,0.346613138914,-9.60298347473,5.29440021515,-4.39073514938,2.4143512249,17.324804306,15.3280477524,44.2611885071]],"icov":[[0.000243072805461,-0.000720388547052,0.000853627629112,-0.000867128022946,0.000517208303791,-0.000641578284558,0.000413878558902,0.000228054632316,-0.000327981892042,0.0000347408713424,0.000104039456346,-0.0000121850926007,0.000183617128641],[-0.000720388547052,0.00985008385032,-0.00794740859419,0.0078060165979,-0.0066764485091,0.00609740708023,-0.00348647288047,0.003867887659,-0.00381106883287,0.00750173768029,-0.00673479307443,0.00528407422826,-0.00050301203737],[0.000853627629112,-0.00794740859419,0.0191386956722,-0.0096598835662,0.00749233132228,-0.00842634774745,0.00790549162775,-0.00432308577001,0.00235394458286,-0.00771817285568,0.00667769648135,-0.00491394335404,0.000670408364385],[-0.000867128022946,0.0078060165979,-0.0096598835662,0.0180669035763,-0.00523436814547,0.00410732161254,-0.00833842344582,0.00710912188515,0.00233127758838,-0.000956822012085,0.000874309451319,0.000548794283532,0.00181707635056],[0.000517208303791,-0.0066764485091,0.00749233132228,-0.00523436814547,0.0149674313143,-0.00552646210417,-0.00197614263743,-0.000653532100841,0.00198216410354,-0.00115388131235,-0.00371812866069,0.00438328832388,-0.00477719400078],[-0.000641578284558,0.00609740708023,-0.00842634774745,0.00410732161254,-0.00552646210417,0.0178377330303,-0.00184958858881,-0.00595076847821,0.00291582732461,0.00678193056956,-0.0038238610141,0.00195739325136,0.00100231275428],[0.000413878558902,-0.00348647288047,0.00790549162775,-0.00833842344582,-0.00197614263743,-0.00184958858881,0.0145398611203,-0.00106089096516,-0.00410045916215,-0.00271509750746,0.00716611277312,-0.00682408735156,0.00251942058094],[0.000228054632316,0.003867887659,-0.00432308577001,0.00710912188515,-0.000653532100841,-0.00595076847821,-0.00106089096516,0.0211403202266,-0.00493818195537,-0.00216547283344,-0.000322971231071,0.0082691386342,-0.00379178067669],[-0.000327981892042,-0.00381106883287,0.00235394458286,0.00233127758838,0.00198216410354,0.00291582732461,-0.00410045916215,-0.00493818195537,0.0235172975808,-0.00904554128647,0.00210770824924,-0.00286990427412,0.0037041339092],[0.0000347408713424,0.00750173768029,-0.00771817285568,-0.000956822012085,-0.00115388131235,0.00678193056956,-0.00271509750746,-0.00216547283344,-0.00904554128647,0.0365878939629,-0.0244660712779,0.00511175300926,0.00148044351954],[0.000104039456346,-0.00673479307443,0.00667769648135,0.000874309451319,-0.00371812866069,-0.0038238610141,0.00716611277312,-0.000322971231071,0.00210770824924,-0.0244660712779,0.0422410331666,-0.0210335981101,-0.00109760742635],[-0.0000121850926007,0.00528407422826,-0.00491394335404,0.000548794283532,0.00438328832388,0.00195739325136,-0.00682408735156,0.0082691386342,-0.00286990427412,0.00511175300926,-0.0210335981101,0.0390200801194,-0.0121812243015],[0.000183617128641,-0.00050301203737,0.000670408364385,0.00181707635056,-0.00477719400078,0.00100231275428,0.00251942058094,-0.00379178067669,0.0037041339092,0.00148044351954,-0.00109760742635,-0.0121812243015,0.0318764150143]],"mean":[44.6912460327,98.7282104492,-107.426208496,-6.05464267731,24.9843940735,-10.0305089951,6.51935052872,-15.2602872849,10.3271436691,-3.85822439194,2.52639269829,-5.45464134216,0.207479074597]},"hfc":{"dmean":90.579536438,"dmean2":142.40927124,"dvar":6620.16113281,"dvar2":15817.1523438,"max":1369.80895996,"mean":531.227478027,"median":511.496337891,"min":1.19136547225e-16,"var":30303.7988281},"melbands":{"dmean":[0.00381721789017,0.00191315868869,0.000631323433481,0.000221651338506,0.000110319735541,0.000192287683603,0.000130546584842,0.000136483766255,0.0000908611618797,0.0000871863958309,0.0000445397563453,0.0000774962463765,0.000110069362563,0.000138322095154,0.000150932843098,0.0000958286618697,0.0000997425813694,0.000126726634335,0.000110299704829,0.0000628263151157,0.0000467411191494,0.0000292146360152,0.000018752667529,0.000010553406355,0.00000453970142189,0.00000381767449653,0.00000255049826592,0.00000219293383452,0.00000138272696404,8.51304037042e-7,5.71922839754e-7,5.47978288523e-7,2.64696126351e-7,3.06903928049e-7,1.12621400206e-7,9.27254575345e-8,1.10793436647e-7,1.38728779575e-7,9.3326327999e-8,4.95064327311e-8],"dmean2":[0.00534018315375,0.00270029623061,0.00100137968548,0.000365523301298,0.000181114592124,0.000301503925584,0.000205258955248,0.000222168935579,0.000144602672663,0.000134858128149,0.0000744686476537,0.00012646378309,0.0001817214943,0.000225445517572,0.000242440248257,0.000155211702804,0.000166650614119,0.000211499587749,0.000183506694157,0.000103963408037,0.0000769913822296,0.0000491717582918,0.00003125485091,0.0000177814417839,0.00000755654946261,0.00000645276122668,0.00000436624941358,0.00000369242707166,0.0000023013972168,0.00000142400028835,9.17149179713e-7,8.8351072236e-7,4.25851993668e-7,4.87613306177e-7,1.79259387778e-7,1.45825168829e-7,1.72945959775e-7,2.14533258713e-7,1.44124243207e-7,8.01449502319e-8],"dvar":[0.0000277369181276,0.00000529798808202,8.24764867957e-7,8.56617532463e-8,2.1101401515e-8,7.44281578591e-8,2.92997626161e-8,5.14060296553e-8,1.53857051544e-8,2.28241034961e-8,5.18922504966e-9,9.75215996846e-9,1.62261564185e-8,2.80862195723e-8,4.72345504932e-8,1.32137349951e-8,2.23450804526e-8,2.60206221014e-8,1.79678636414e-8,5.50058176785e-9,4.06280165066e-9,1.20548337978e-9,6.84390377703e-10,2.32702537795e-10,5.14337634983e-11,3.47444052695e-11,1.51799493114e-11,1.09287943278e-11,5.25127294079e-12,1.88122998082e-12,8.825737992e-13,1.22779748608e-12,2.8432760161e-13,3.50971584694e-13,4.35663197141e-14,4.15094458914e-14,1.73830296945e-13,4.48134774731e-13,1.41846048254e-13,1.26969967743e-14],"dvar2":[0.000066123851866,0.0000116614428407,0.00000237210065279,2.24624244538e-7,5.51022054651e-8,1.56372166771e-7,6.948206277e-8,1.25654267435e-7,3.74491477828e-8,4.96859122734e-8,1.42311096241e-8,2.26931042846e-8,4.09324805162e-8,6.48617444199e-8,1.12719227729e-7,3.30419673844e-8,5.45995106904e-8,6.4621943352e-8,4.74876351575e-8,1.45248160166e-8,1.03179820243e-8,3.29234994823e-9,1.95303151429e-9,6.16576845136e-10,1.34224201198e-10,9.87871104363e-11,4.26122019614e-11,3.07958207546e-11,1.44631815205e-11,5.21987661428e-12,2.38577452065e-12,3.04220732807e-12,6.36779962527e-13,8.46004527284e-13,9.05246540163e-14,7.63763374377e-14,3.59659947224e-13,9.6518344532e-13,2.92074307448e-13,2.83341922922e-14],"max":[0.0731288716197,0.0355442613363,0.012727798894,0.00513701280579,0.00200142408721,0.00417157821357,0.00191240815911,0.00285120471381,0.00162895489484,0.00263531273231,0.00131446041632,0.00224056118168,0.00143108540215,0.00279779639095,0.00290858186781,0.00133486452978,0.00261317752302,0.00291202357039,0.00185294065159,0.00123549380805,0.00108887325041,0.000636412587482,0.000504566938616,0.000359096942702,0.000201589573408,0.000143115466926,0.0000743132623029,0.0000583101791563,0.0000348196990672,0.0000235765455727,0.0000192323095689,0.0000209342433664,0.00000655524945614,0.0000114342119559,0.00000287921943709,0.00000292553295367,0.00000743432292438,0.0000114368340292,0.00000650199945085,0.00000186655188372],"mean":[0.011900392361,0.00589682068676,0.00126349763013,0.000390964647522,0.000181559735211,0.000349390087649,0.000242770925979,0.000217345615965,0.000159278308274,0.000147559141624,0.0000747685262468,0.000137039940455,0.000199047033675,0.000248851836659,0.000267801719019,0.000182120551472,0.00017978719552,0.000232089863857,0.00022702680144,0.000132555898745,0.0000962598423939,0.0000637595949229,0.0000418073650508,0.000025399014703,0.0000120418508232,0.0000097974716482,0.00000649372714179,0.0000056913086155,0.00000364733887182,0.00000220528818318,0.00000144349144193,0.0000011906902273,5.25126324646e-7,4.96772088354e-7,1.66119832556e-7,1.20963846939e-7,1.21887651972e-7,1.3908234564e-7,9.62150181749e-8,5.24834824489e-8],"median":[0.010159259662,0.00441588275135,0.000872483593412,0.000259564782027,0.00012150038674,0.00020815138123,0.000151588610606,0.000111796573037,0.00010238190589,0.0000852127050166,0.000050359780289,0.000100743432995,0.000156144436914,0.000184172997251,0.000192194042029,0.000145041354699,0.000128787884023,0.000175436667632,0.000173061926034,0.000101588666439,0.0000705414131517,0.0000512410188094,0.0000328745009028,0.0000177683159563,0.00000683590587869,0.00000592246306041,0.00000352705205842,0.00000331265323439,0.00000188985404748,0.00000106990023596,7.16042563909e-7,5.52151391275e-7,2.47416551247e-7,1.99310804305e-7,7.95841827994e-8,4.85708113729e-8,3.61850069908e-8,2.72491540443e-8,2.3065547694e-8,2.07713490852e-8],"min":[7.3523240539e-24,4.50457641796e-24,1.02999604131e-23,1.82239269999e-23,6.0306704376e-24,4.94598393191e-24,3.18828035049e-24,1.33131195591e-23,1.32828493884e-23,1.6791945664e-23,2.46790543028e-23,7.42786616305e-24,9.8155453859e-24,6.84175828768e-24,4.18241548503e-24,9.22827788501e-24,7.59956173907e-24,6.20278529319e-24,9.10971840184e-24,1.02729498157e-23,7.14630356217e-24,9.42888284662e-24,7.50228651198e-24,6.97163003623e-24,1.01479390281e-23,9.08924115046e-24,7.05695638719e-24,2.20400652948e-23,1.33934192884e-23,9.92010732116e-24,9.45053471189e-24,1.10789503018e-23,9.17564508541e-24,7.01849784033e-24,5.86100815056e-24,9.33799344856e-24,9.98316176218e-24,1.12420835816e-23,1.45306206589e-23,7.57030998784e-24],"var":[0.0000748608945287,0.0000250575703831,0.00000163187451108,2.09879360114e-7,4.16572873974e-8,1.97159280901e-7,6.66169341912e-8,9.00598564613e-8,2.93145863139e-8,4.6149857269e-8,8.34387936521e-9,1.95542124715e-8,2.73541935769e-8,5.01185262181e-8,8.00347805807e-8,2.22825171647e-8,4.19581631661e-8,4.49001689162e-8,3.81537361704e-8,1.34579947186e-8,9.69054170241e-9,2.99406210935e-9,1.53612178533e-9,9.42885103328e-10,3.33733596314e-10,1.36427022457e-10,5.61716229086e-11,4.07287710502e-11,1.97085854581e-11,8.02052001203e-12,3.35919291515e-12,2.77242421728e-12,5.61569670973e-13,6.1279654311e-13,7.56880249122e-14,6.90191447831e-14,2.09069727134e-13,4.94819463182e-13,1.68680079128e-13,1.4691835598e-14]},"melbands_crest":{"dmean":2.92515277863,"dmean2":4.31175708771,"dvar":7.58634901047,"dvar2":18.4408340454,"max":33.8478622437,"mean":20.2198600769,"median":20.1511058807,"min":2.52316784859,"var":31.396774292},"melbands_flatness_db":{"dmean":0.0223946366459,"dmean2":0.0339684002101,"dvar":0.000363480532542,"dvar2":0.000865644949954,"max":0.387034624815,"mean":0.257589221001,"median":0.260186761618,"min":0.00651602214202,"var":0.00194259767886},"melbands_kurtosis":{"dmean":3.66606330872,"dmean2":5.69677400589,"dvar":21.5362014771,"dvar2":56.0008354187,"max":62.5593338013,"mean":7.37549066544,"median":5.43924045563,"min":-1.93298113346,"var":54.7476348877},"melbands_skewness":{"dmean":0.566329419613,"dmean2":0.872502565384,"dvar":0.268768250942,"dvar2":0.674677610397,"max":6.58372783661,"mean":2.58112621307,"median":2.49439120293,"min":-0.754647314548,"var":1.19747281075},"melbands_spread":{"dmean":5.90050172806,"dmean2":9.16764831543,"dvar":101.651626587,"dvar2":190.323547363,"max":347.261413574,"mean":26.6811695099,"median":22.4941596985,"min":4.28042030334,"var":828.046569824},"mfcc":{"cov":[[3358.70825195,351.328948975,-188.825500488,276.710510254,-43.5897293091,186.147766113,21.7796783447,17.2895107269,10.097700119,33.9501686096,11.569314003,15.8808612823,59.294593811],[351.328948975,743.44720459,-257.741882324,8.97905063629,94.1725311279,-6.0773191452,0.419241607189,-3.91589450836,21.5900192261,-13.8004512787,35.4206924438,43.2213439941,28.6714935303],[-188.825500488,-257.741882324,329.340087891,-126.811836243,26.2036628723,-58.8436927795,-36.2833061218,-8.65065860748,-14.3185310364,5.13929176331,-18.8156871796,-8.95658969879,-25.8050689697],[276.710510254,8.97905063629,-126.811836243,273.753692627,-109.100158691,106.564346313,22.2267780304,-6.46650838852,-5.09447813034,-0.10120511055,7.4355096817,-13.3366346359,37.2068252563],[-43.5897293091,94.1725311279,26.2036628723,-109.100158691,154.487930298,-40.4981575012,17.4221782684,-4.05437755585,3.97887349129,-5.87917804718,-1.40626358986,8.39165687561,-15.865237236],[186.147766113,-6.0773191452,-58.8436927795,106.564346313,-40.4981575012,109.030326843,33.5697593689,13.559969902,-1.30019664764,-1.14332413673,-0.563083708286,-9.59287166595,14.9308166504],[21.7796783447,0.419241607189,-36.2833061218,22.2267780304,17.4221782684,33.5697593689,80.5002059937,22.1570091248,13.4375982285,0.328106105328,-1.91309154034,-7.035364151,-1.27756071091],[17.2895107269,-3.91589450836,-8.65065860748,-6.46650838852,-4.05437755585,13.559969902,22.1570091248,58.1570930481,28.1217975616,8.02952384949,-5.21517801285,-12.057258606,-10.5265130997],[10.097700119,21.5900192261,-14.3185310364,-5.09447813034,3.97887349129,-1.30019664764,13.4375982285,28.1217975616,54.6542434692,22.7789058685,4.83238554001,-7.80251550674,-9.61521720886],[33.9501686096,-13.8004512787,5.13929176331,-0.10120511055,-5.87917804718,-1.14332413673,0.328106105328,8.02952384949,22.7789058685,42.234413147,15.6261568069,-3.46442937851,-7.59818649292],[11.569314003,35.4206924438,-18.8156871796,7.4355096817,-1.40626358986,-0.563083708286,-1.91309154034,-5.21517801285,4.83238554001,15.6261568069,48.6346969604,24.0129108429,9.67636108398],[15.8808612823,43.2213439941,-8.95658969879,-13.3366346359,8.39165687561,-9.59287166595,-7.035364151,-12.057258606,-7.80251550674,-3.46442937851,24.0129108429,52.4195861816,27.4060497284],[59.294593811,28.6714935303,-25.8050689697,37.2068252563,-15.865237236,14.9308166504,-1.27756071091,-10.5265130997,-9.61521720886,-7.59818649292,9.67636108398,27.4060497284,55.9944000244]],"icov":[[0.00037255580537,-0.000215674037463,-0.000111322908197,-0.000311343028443,-0.000136443180963,-0.000513201404829,0.000181530733244,-0.00016651758051,0.000176674177055,-0.000629852642305,0.000389671535231,-0.000294361962005,-0.0000358760844392],[-0.000215674037463,0.00258693587966,0.00214642984793,0.000129142063088,-0.0018828548491,0.000447146099759,0.00133274891414,-0.0000584047702432,-0.00120587274432,0.00142092537135,-0.00102233444341,-0.000523600552697,-0.000407460465794],[-0.000111322908197,0.00214642984793,0.00589884631336,0.00200720806606,-0.00107003375888,0.000541306042578,0.00201001367532,0.00015856900427,0.000657529104501,-0.000682622136083,0.000582841574214,0.000228920369409,-0.000160758834681],[-0.000311343028443,0.000129142063088,0.00200720806606,0.00985665526241,0.00460536032915,-0.00553627824411,-0.00105318240821,0.003953745123,-0.000938882003538,0.000755634624511,-0.0020030294545,0.00471222540364,-0.00387946050614],[-0.000136443180963,-0.0018828548491,-0.00107003375888,0.00460536032915,0.0120716420934,0.000577745609917,-0.00537040270865,0.00345222116448,-0.000710908323526,0.0012787329033,0.000183326847036,0.0000117870358736,0.00136204867158],[-0.000513201404829,0.000447146099759,0.000541306042578,-0.00553627824411,0.000577745609917,0.0185291804373,-0.00522309122607,-0.00427916506305,0.00337691325694,0.000103322759969,-0.000434333720477,0.00161916110665,-0.00158156827092],[0.000181530733244,0.00133274891414,0.00201001367532,-0.00105318240821,-0.00537040270865,-0.00522309122607,0.0187087934464,-0.00514180911705,-0.00236894679256,0.0013770184014,-0.000346722081304,0.000122766185086,-0.000137292212457],[-0.00016651758051,-0.0000584047702432,0.00015856900427,0.003953745123,0.00345222116448,-0.00427916506305,-0.00514180911705,0.0280166640878,-0.0135918017477,0.00237414636649,0.00162150559481,0.00210527912714,0.00159851135686],[0.000176674177055,-0.00120587274432,0.000657529104501,-0.000938882003538,-0.000710908323526,0.00337691325694,-0.00236894679256,-0.0135918017477,0.033482324332,-0.0161864217371,0.000776220753323,0.00148271920625,0.000339410704328],[-0.000629852642305,0.00142092537135,-0.000682622136083,0.000755634624511,0.0012787329033,0.000103322759969,0.0013770184014,0.00237414636649,-0.0161864217371,0.039757989347,-0.015336685814,0.00559681560844,0.00246170512401],[0.000389671535231,-0.00102233444341,0.000582841574214,-0.0020030294545,0.000183326847036,-0.000434333720477,-0.000346722081304,0.00162150559481,0.000776220753323,-0.015336685814,0.0350365824997,-0.0179662369192,0.00296604423784],[-0.000294361962005,-0.000523600552697,0.000228920369409,0.00471222540364,0.0000117870358736,0.00161916110665,0.000122766185086,0.00210527912714,0.00148271920625,0.00559681560844,-0.0179662369192,0.039769127965,-0.0178215689957],[-0.0000358760844392,-0.000407460465794,-0.000160758834681,-0.00387946050614,0.00136204867158,-0.00158156827092,-0.000137292212457,0.00159851135686,0.000339410704328,0.00246170512401,0.00296604423784,-0.0178215689957,0.0303166881204]],"mean":[-618.661682129,171.087783813,-52.3306159973,29.6328296661,21.8182659149,26.0287342072,7.91013240814,7.37684059143,10.438328743,5.14277267456,7.06003761292,8.45086193085,9.08340835571]},"pitch_salience":{"dmean":0.0545486547053,"dmean2":0.0830702707171,"dvar":0.00262514385395,"dvar2":0.00626758253202,"max":0.880249023438,"mean":0.490079849958,"median":0.485320627689,"min":0.226047188044,"var":0.010290004313},"silence_rate_20dB":{"dmean":0,"dmean2":0,"dvar":0,"dvar2":0,"max":1,"mean":1,"median":1,"min":1,"var":0},"silence_rate_30dB":{"dmean":0.118105851114,"dmean2":0.236343368888,"dvar":0.104155629873,"dvar2":0.216156795621,"max":1,"mean":0.586859703064,"median":1,"min":0,"var":0.242453321815},"silence_rate_60dB":{"dmean":0.000557103077881,"dmean2":0.0011148272315,"dvar":0.000556780491024,"dvar2":0.00111353409011,"max":1,"mean":0.0100222714245,"median":0,"min":0,"var":0.00992246344686},"spectral_centroid":{"dmean":142.336807251,"dmean2":219.623260498,"dvar":46719.3789062,"dvar2":90052.3046875,"max":11043.5966797,"mean":1536.23278809,"median":1470.74267578,"min":683.26953125,"var":453650.59375},"spectral_complexity":{"dmean":3.04846787453,"dmean2":5.09977722168,"dvar":5.78984451294,"dvar2":16.1333332062,"max":56,"mean":32.0489959717,"median":32,"min":0,"var":46.1814498901},"spectral_contrast_coeffs":{"dmean":[0.0463743135333,0.0472066216171,0.0393376015127,0.0303435456008,0.0217191725969,0.0379693247378],"dmean2":[0.0772545933723,0.078610740602,0.0657639950514,0.0504678972065,0.0363060384989,0.0597334504128],"dvar":[0.00126058468595,0.00128313561436,0.000887746573426,0.000518500048202,0.000320036808262,0.000989122432657],"dvar2":[0.00347657641396,0.00357860676013,0.00237942417152,0.00147302669939,0.000847395102028,0.00258201477118],"max":[-0.485961943865,-0.574574232101,-0.60775244236,-0.645094037056,-0.657026946545,-0.533978044987],"mean":[-0.717742502689,-0.772536456585,-0.790518641472,-0.778021037579,-0.764765024185,-0.748578310013],"median":[-0.720291376114,-0.775117754936,-0.793910324574,-0.779232919216,-0.766669631004,-0.757259368896],"min":[-0.969752728939,-0.956036925316,-0.956115484238,-0.951392352581,-0.95743060112,-0.960557281971],"var":[0.00376002141275,0.00325250742026,0.0020642792806,0.00146195071284,0.00122294900939,0.00436280155554]},"spectral_contrast_valleys":{"dmean":[0.334297001362,0.335681378841,0.274820148945,0.215798258781,0.170903578401,0.597686350346],"dmean2":[0.546922206879,0.557160079479,0.449856817722,0.353421986103,0.274943947792,0.943939089775],"dvar":[0.149932309985,0.148954495788,0.119263224304,0.104293689132,0.0998912751675,0.28901964426],"dvar2":[0.288682609797,0.258860558271,0.182166919112,0.137120172381,0.122516520321,0.642051398754],"max":[-5.15526390076,-4.73932170868,-5.29546642303,-5.13758134842,-5.72719097137,-8.7833738327],"mean":[-6.36383247375,-6.34616947174,-6.48776626587,-6.30601215363,-7.17943572998,-10.8236055374],"median":[-6.23061704636,-6.23594284058,-6.39995098114,-6.2026758194,-7.10289287567,-10.7785072327],"min":[-27.1270275116,-27.4486236572,-27.3756561279,-27.5396347046,-27.3186511993,-27.2607097626],"var":[1.40591025352,1.11794638634,1.07234084606,1.09934508801,1.02257347107,0.886219918728]},"spectral_decrease":{"dmean":4.12920009296e-9,"dmean2":6.0306888372e-9,"dvar":2.66849789099e-17,"dvar2":6.15689124943e-17,"max":4.85853357546e-9,"mean":-1.30188553271e-8,"median":-1.14308802424e-8,"min":-7.05753038233e-8,"var":8.26468641656e-17},"spectral_energy":{"dmean":0.0160642843693,"dmean2":0.0231381319463,"dvar":0.000372742477339,"dvar2":0.000861240376253,"max":0.309661149979,"mean":0.0973199084401,"median":0.0927436202765,"min":1.06591010721e-20,"var":0.00138599518687},"spectral_energyband_high":{"dmean":0.000697414856404,"dmean2":0.0011293750722,"dvar":4.40756394937e-7,"dvar2":0.00000116348689971,"max":0.0116895548999,"mean":0.00266034901142,"median":0.00242044590414,"min":8.11902570483e-21,"var":0.00000177752860964},"spectral_energyband_low":{"dmean":0.0138697130606,"dmean2":0.0197257231921,"dvar":0.000329500850057,"dvar2":0.000785811280366,"max":0.244737237692,"mean":0.0503314547241,"median":0.0439272075891,"min":4.00400646605e-23,"var":0.00107675138861},"spectral_energyband_middle_high":{"dmean":0.00357379345223,"dmean2":0.00578585034236,"dvar":0.0000109777156467,"dvar2":0.0000282649398287,"max":0.0701027289033,"mean":0.0151425292715,"median":0.0137087255716,"min":1.24781376802e-21,"var":0.0000608397167525},"spectral_energyband_middle_low":{"dmean":0.00272539141588,"dmean2":0.00422780122608,"dvar":0.00000921880655369,"dvar2":0.000024516852136,"max":0.0427485778928,"mean":0.00848822575063,"median":0.00744333025068,"min":4.09566181649e-22,"var":0.0000259134340013},"spectral_entropy":{"dmean":0.0916489884257,"dmean2":0.143230766058,"dvar":0.00785012170672,"dvar2":0.0166354048997,"max":9.80667209625,"mean":7.60129594803,"median":7.59762239456,"min":6.96403646469,"var":0.0440953224897},"spectral_flux":{"dmean":0.0193552970886,"dmean2":0.0323182530701,"dvar":0.000492618361022,"dvar2":0.00127702089958,"max":0.383849054575,"mean":0.139013797045,"median":0.1340572685,"min":1.03242921157e-10,"var":0.00140713329893},"spectral_kurtosis":{"dmean":5.32278251648,"dmean2":8.30083274841,"dvar":25.3494968414,"dvar2":61.9859313965,"max":66.4381942749,"mean":30.7196083069,"median":29.585269928,"min":-1.32781076431,"var":101.565727234},"spectral_rms":{"dmean":0.000781747163273,"dmean2":0.00112663733307,"dvar":6.96552149293e-7,"dvar2":0.00000155522650402,"max":0.0173812676221,"mean":0.00953608378768,"median":0.00951218046248,"min":3.22476724143e-12,"var":0.0000040093818825},"spectral_rolloff":{"dmean":2263.25146484,"dmean2":4285.91894531,"dvar":29532366,"dvar2":71362216,"max":22006.9335938,"mean":18906.5292969,"median":20865.6738281,"min":107.666015625,"var":34595260},"spectral_skewness":{"dmean":0.329806029797,"dmean2":0.518976926804,"dvar":0.104446090758,"dvar2":0.234879851341,"max":6.24759340286,"mean":3.87688374519,"median":3.80447721481,"min":-0.187676385045,"var":0.666742086411},"spectral_spread":{"dmean":397602.625,"dmean2":615284.0625,"dvar":460982943744,"dvar2":573270654976,"max":40384144,"mean":3626540,"median":3465874.5,"min":2030402.625,"var":2121201745920},"spectral_strongpeak":{"dmean":3.22684288025,"dmean2":6.12977361679,"dvar":245.934036255,"dvar2":682.259033203,"max":151.754959106,"mean":2.52213096619,"median":0.298307836056,"min":0,"var":175.502624512},"zerocrossingrate":{"dmean":0.0282504018396,"dmean2":0.0362664498389,"dvar":0.000607668189332,"dvar2":0.000940072815865,"max":0.60546875,"mean":0.327040225267,"median":0.32275390625,"min":0.1083984375,"var":0.00577109167352}},"metadata":{"audio_properties":{"analysis_sample_rate":44100,"bit_rate":320000,"codec":"mp3","downmix":"mix","equal_loudness":0,"length":41.6653060913,"lossless":false,"md5_encoded":"8581e04f0a5b6a4aab9b26c7b74b4f2a","replay_gain":-6.43231773376,"sample_rate":44100},"tags":{"album":["Screaming for Vengeance"],"albumartist":["Judas Priest"],"albumartistsort":["Judas Priest"],"artist":["Judas Priest"],"artistsort":["Judas Priest"],"asin":["B00005K9LK"],"barcode":["5099708594121"],"catalognumber":["CDCBS85941"],"composer":["Glenn Tipton/K.K. Downing/Rob Halford"],"contentgroup":["Intro"],"date":["1982"],"discnumber":["1/1"],"file_name":"01. Judas Priest - The Hellion.mp3","genre":["Heavy Metal"],"label":["CBS Records"],"musicbrainz album release country":["GB"],"musicbrainz album status":["official"],"musicbrainz album type":["album"],"musicbrainz_albumartistid":["6b335658-22c8-485d-93de-0bc29a1d0349"],"musicbrainz_albumid":["ae2779ce-f985-4cd4-95f5-bd371a3b18ec"],"musicbrainz_artistid":["6b335658-22c8-485d-93de-0bc29a1d0349"],"musicbrainz_recordingid":["0f84581a-4cb7-45be-896f-755dd10ec437"],"musicip_puid":["f7b1c58f-198d-1c9e-3714-372ae32ba560"],"title":["The Hellion"],"tracknumber":["1/10"]},"version":{"essentia":"2.1-beta1","essentia_build_sha":"ca57ba49d9b1854bd80e60cf9ccf267278fb7d6b","essentia_git_sha":"v2.1_beta1-28-g21ef5f4-dirty","extractor":"music 1.0"}},"rhythm":{"beats_count":78,"beats_loudness":{"dmean":0.0340445488691,"dmean2":0.0599049441516,"dvar":0.000893374031875,"dvar2":0.00242705456913,"max":0.2181956321,"mean":0.107296489179,"median":0.106293879449,"min":0.0314676500857,"var":0.00141300982796},"beats_loudness_band_ratio":{"dmean":[0.141253650188,0.0256418455392,0.0221464131027,0.0360934212804,0.0443511717021,0.0847747772932],"dmean2":[0.242897793651,0.04359934479,0.0393847078085,0.0635073632002,0.076800763607,0.14695122838],"dvar":[0.0123998457566,0.000565584108699,0.000400455028284,0.00137659756001,0.00151112838648,0.00484964624047],"dvar2":[0.0327318273485,0.00150887516793,0.0009102530