{"lowlevel":{"average_loudness":0.773901998997,"barkbands":{"dmean":[0.0059505389072,0.0101853907108,0.00273319450207,0.00094874977367,0.00118414871395,0.000748998427298,0.00173345673829,0.000961375713814,0.00134328799322,0.000993892201222,0.000549197022337,0.000636890530586,0.000274059566436,0.000130373373395,0.000143178724102,0.0000968435633695,0.000061503094912,0.0000607747315371,0.0000530307588633,0.0000609432390775,0.0000618188132648,0.000118127536552,0.00017939346435,0.000194179927348,0.00000609710332355,0.000569002993871,0.000411713786889],"dmean2":[0.00883976370096,0.015942139551,0.00460865069181,0.00156236824114,0.00194407487288,0.00117138039786,0.00274581136182,0.0015038306592,0.00212605367415,0.00156431039795,0.000879994302522,0.000991946551949,0.000442671909695,0.000208819299587,0.000230382735026,0.000156533991685,0.0000971394983935,0.0000922919716686,0.0000784675066825,0.0000865173715283,0.0000854024838191,0.000157793983817,0.000232806196436,0.000248340860708,0.0000098389964478,0.000712632958312,0.00050383299822],"dvar":[0.000483314564917,0.00110162864439,0.0000578050530748,0.00000398583415517,0.00000822450874693,0.00000270598388852,0.0000336528246407,0.00000869924861036,0.00001346820045,0.0000060206125454,0.00000580749565415,0.0000042219739953,5.32300930445e-7,9.89678454744e-8,7.86843443734e-8,4.9716007311e-8,1.16954961271e-8,1.22051506679e-8,7.8139725801e-9,1.02886463793e-8,8.65579785625e-9,3.09820826772e-8,7.2419069852e-8,8.68999592285e-8,1.27831828456e-10,6.89156308908e-7,3.37287929142e-7],"dvar2":[0.00100778008346,0.00263192993589,0.000160781128216,0.00000987902421912,0.0000214538304135,0.00000634920888842,0.0000830887947814,0.0000195061402337,0.0000311902622343,0.000014637730601,0.0000139791218317,0.00000942973019846,0.00000136112680593,2.41718794314e-7,2.00609662215e-7,1.27136118522e-7,2.9578078653e-8,2.86494010737e-8,1.69666485306e-8,2.20329265943e-8,1.77883432428e-8,5.51009158301e-8,1.26167478243e-7,1.44366694599e-7,3.1192060046e-10,0.00000109101665657,5.12124643137e-7],"max":[0.279078900814,0.490032762289,0.234991073608,0.0472966954112,0.0864735245705,0.0382027477026,0.183049947023,0.0933040603995,0.0979149863124,0.0745888352394,0.138147160411,0.053231857717,0.0210019797087,0.00993186607957,0.0085027795285,0.00700916536152,0.00280205253512,0.00366772105917,0.00282277283259,0.00346016674303,0.00263877562247,0.00232141721062,0.00375781441107,0.00409682374448,0.000224745162996,0.00897393375635,0.0156243974343],"mean":[0.00630009779707,0.0129950996488,0.00337123102508,0.00120919814799,0.00169415806886,0.00118225987535,0.00283266580664,0.00155531603377,0.00200190395117,0.00144515314605,0.000752335297875,0.000924383406527,0.000384801445762,0.000201888848096,0.000236118983594,0.000168366488651,0.000114597380161,0.000121431541629,0.000100729244878,0.000110897592094,0.000123677338706,0.000213390958379,0.00031450969982,0.000319104467053,0.00000645213413009,0.000969491724391,0.00103481241968],"median":[0.00062006036751,0.00229301257059,0.00119375111535,0.00043470034143,0.00078795698937,0.000501413480379,0.000475954671856,0.000291909847874,0.00038810929982,0.000261349487118,0.00013874497381,0.000119594929856,0.000142553355545,0.0000627494300716,0.0000924850755837,0.000065798391006,0.0000559781583434,0.0000570687661821,0.000048763344239,0.0000491240207339,0.0000568546747672,0.0000908625952434,0.000128215644509,0.000104740851384,0.00000203502258955,0.000339174061082,0.000528585165739],"min":[1.16167508991e-25,1.12940742484e-23,3.61685388637e-24,5.98138083052e-24,2.13680078684e-23,1.39568915889e-23,2.19722390342e-23,4.66684936601e-23,1.35359847555e-22,6.29758704691e-23,8.16499562114e-23,6.62056437199e-23,5.37411554791e-23,1.17862357319e-22,6.21516938388e-23,1.24643279443e-22,1.55812259281e-22,2.01171104999e-22,3.78538376358e-22,2.89932762177e-22,5.54146084003e-22,5.68879228922e-22,6.96784303057e-22,9.96846948025e-22,1.00573207142e-21,1.45822187886e-21,3.06053252158e-21],"var":[0.00055156921735,0.00114622735418,0.0000488740515721,0.00000536992411071,0.0000091677538876,0.00000523580274603,0.0000845806862344,0.0000240059544012,0.0000268120893452,0.0000106329389382,0.0000131299984787,0.00000820288732939,6.17318619334e-7,1.98115969852e-7,1.72441218638e-7,9.75486216248e-8,2.885018624e-8,3.68275081541e-8,2.33242758441e-8,2.51623220038e-8,2.68682711635e-8,8.55155164459e-8,1.92641948615e-7,2.28902706567e-7,1.41819903043e-10,0.00000189892443814,0.00000167902919657]},"barkbands_crest":{"dmean":2.87704396248,"dmean2":4.52164268494,"dvar":6.51925992966,"dvar2":15.1791591644,"max":26.2543983459,"mean":9.99009609222,"median":9.12624549866,"min":2.36889743805,"var":18.7703971863},"barkbands_flatness_db":{"dmean":0.0269298031926,"dmean2":0.0395920686424,"dvar":0.000629088026471,"dvar2":0.00131676427554,"max":0.384756028652,"mean":0.11739552021,"median":0.108354374766,"min":0.0237737428397,"var":0.00256760907359},"barkbands_kurtosis":{"dmean":6.08824443817,"dmean2":9.35079956055,"dvar":193.508300781,"dvar2":450.702941895,"max":305.295593262,"mean":7.27513360977,"median":2.52501487732,"min":-1.92997729778,"var":283.439483643},"barkbands_skewness":{"dmean":0.885659456253,"dmean2":1.26286840439,"dvar":1.15774488449,"dvar2":2.35378980637,"max":15.1339502335,"mean":1.77152347565,"median":1.50279510021,"min":-3.51722240448,"var":3.28904414177},"barkbands_spread":{"dmean":15.2330265045,"dmean2":22.2048511505,"dvar":295.267608643,"dvar2":598.442199707,"max":133.391586304,"mean":45.3969955444,"median":38.46118927,"min":0.836491286755,"var":977.048400879},"dissonance":{"dmean":0.0240869577974,"dmean2":0.0406679175794,"dvar":0.000685426814016,"dvar2":0.00183649396058,"max":0.500000119209,"mean":0.462216496468,"median":0.473263084888,"min":0,"var":0.0012702352833},"dynamic_complexity":4.53234195709,"erbbands":{"dmean":[0.512893080711,1.69575023651,3.45129942894,3.04345345497,3.67165279388,4.21265172958,3.69120788574,7.2818903923,15.1231241226,34.4098052979,19.778963089,31.0663261414,32.9260177612,24.5299758911,24.5075111389,22.0749988556,14.1413326263,7.0487165451,6.41032934189,7.02846908569,4.08608913422,3.2453122139,2.97725152969,3.18649983406,2.62621665001,3.02499675751,2.52150893211,2.86413049698,3.86821103096,4.87417078018,5.28756427765,5.54871797562,2.17356657982,0.184871271253,0.0458563044667,0.737630903721,1.47676157951,0.479255825281,0.0574283860624,0.00527432374656],"dmean2":[0.79494458437,2.79177832603,5.81693935394,4.95290088654,6.03299856186,6.99532604218,5.89323949814,11.4684514999,24.2271633148,52.6000213623,31.4173946381,48.9387283325,51.7697143555,38.6892318726,38.029800415,34.8218955994,22.5419445038,11.1218166351,10.2302160263,11.2910614014,6.60266113281,5.0669760704,4.51219320297,4.73278617859,3.80833339691,4.37172746658,3.54969549179,3.9298312664,5.21755409241,6.44942998886,6.87927865982,7.28348207474,2.83376550674,0.255137383938,0.0653981864452,0.998314201832,1.87341153622,0.598946392536,0.0699638277292,0.00683527905494],"dvar":[3.10355257988,29.6212120056,100.913291931,44.3155670166,49.9038543701,162.022918701,48.083480835,302.241851807,1953.89660645,19888.7617188,3335.55786133,7374.890625,8001.01464844,5004.41210938,8352.51855469,4395.34179688,1421.86804199,269.110961914,229.735137939,154.73538208,93.7811355591,34.2553634644,28.1061153412,30.9349021912,16.4421577454,28.059047699,14.5900621414,18.9006481171,33.0680236816,53.8590736389,62.3530540466,74.8486251831,10.6152257919,0.0759798139334,0.00431021722034,1.3336442709,4.73421001434,0.487278133631,0.00659692799672,0.0000721698597772],"dvar2":[7.28640174866,78.5819549561,280.763519287,111.700637817,127.213500977,436.731781006,117.829566956,709.192382812,5074.92626953,44242.3710938,8027.51855469,16639.4707031,18484.5898438,12606.1240234,19353.2324219,10254.8691406,3536.96655273,659.710754395,569.11151123,384.441070557,242.987823486,87.4531402588,67.4256057739,66.8554611206,34.7835006714,62.7839508057,29.401638031,37.9192008972,61.0185432434,97.0863189697,109.552902222,130.162902832,17.9688968658,0.143042370677,0.00888977851719,2.48327875137,7.69621276855,0.780833542347,0.0101481834427,0.000120100863569],"max":[24.1312980652,87.3530044556,265.301391602,155.816665649,161.966049194,367.217590332,122.917510986,388.595184326,1066.21118164,5943.98828125,1801.41235352,2476.20629883,2923.42285156,2741.89013672,4372.22021484,1595.828125,1053.71582031,552.113342285,471.397613525,229.270309448,414.543304443,171.276382446,162.074920654,194.534790039,109.192710876,189.755783081,99.6288299561,111.326049805,74.1102905273,110.548210144,114.639564514,119.178268433,40.8787841797,4.2666387558,0.740047872066,14.1187076569,27.3586463928,7.78446388245,2.0286860466,0.362610012293],"mean":[0.571870326996,2.13866496086,4.33245611191,4.14237213135,5.13231182098,5.55252170563,5.56891012192,11.1902036667,21.9142017365,61.6614570618,31.5802154541,46.4799461365,47.5495986938,38.133480072,37.3373451233,33.3259773254,21.0031738281,11.7575111389,10.8499794006,12.6162977219,7.78868436813,6.42087697983,6.29846715927,6.16709375381,5.02195501328,5.42192363739,4.92462015152,5.53100061417,6.92770719528,8.58697891235,9.1035785675,9.01720809937,3.49958276749,0.276163339615,0.0672919750214,1.11355793476,2.46223640442,0.872891664505,0.125928238034,0.017077408731],"median":[0.053127899766,0.507680535316,1.46272885799,1.73507893085,2.30783224106,2.32232165337,2.76822280884,4.45370578766,4.9985666275,9.12483024597,6.69826078415,9.21869277954,10.4843292236,7.10963153839,6.95141077042,6.03692436218,7.80337142944,4.41525173187,3.91167116165,5.7393913269,3.64014029503,3.1623814106,2.99361252785,2.99401473999,2.42669343948,2.37641429901,2.30004358292,2.44551444054,2.90653586388,3.61629962921,3.62061429024,3.00692987442,1.12007820606,0.096772313118,0.0296248421073,0.32376152277,0.840083479881,0.356151282787,0.0569243505597,0.0107764173299],"min":[4.22414895637e-22,2.15625285982e-21,4.72974321388e-21,8.08651847611e-21,3.90405726176e-20,7.28384680506e-20,1.23588758054e-19,1.3557158075e-19,3.31091266938e-19,2.73002482572e-19,1.38249229017e-18,2.28587143658e-18,2.86739098773e-18,3.73160778503e-18,3.46063685804e-18,1.85415388077e-18,2.04238275826e-18,6.05674672606e-18,3.43619801364e-18,5.88155194027e-18,6.92547496642e-18,8.92577677218e-18,1.06410127001e-17,1.52781334473e-17,1.90311726549e-17,1.45629712877e-17,2.50854217091e-17,1.72737629234e-17,2.14797397646e-17,1.94745232652e-17,1.88644941071e-17,1.86535283093e-17,1.72723666425e-17,1.09461149603e-17,6.6792514222e-18,5.41946279391e-18,2.59124914794e-18,1.37482453268e-18,4.6717537655e-19,4.40056079222e-20],"var":[3.13941192627,26.2890777588,84.032661438,56.5792121887,68.9039840698,148.752578735,75.9225158691,568.500915527,3261.23486328,60817.8515625,7829.60107422,13616.7480469,14981.9824219,9198.09863281,19422.2128906,8081.90185547,1776.80993652,578.629638672,493.727233887,365.754119873,189.650543213,90.4512252808,92.7100906372,89.7779922485,47.9831123352,63.0295677185,42.2539024353,54.9825706482,88.8874053955,142.340011597,163.612365723,186.204727173,27.3135948181,0.167040228844,0.00834671966732,2.91230463982,12.6021814346,1.43147885799,0.0255876835436,0.000498521898407]},"erbbands_crest":{"dmean":2.92184495926,"dmean2":4.64272642136,"dvar":8.67661857605,"dvar2":19.9765987396,"max":33.3896903992,"mean":9.13510799408,"median":7.49425601959,"min":2.15485668182,"var":29.6459827423},"erbbands_flatness_db":{"dmean":0.0243833791465,"dmean2":0.0350262820721,"dvar":0.000594521581661,"dvar2":0.00112605222967,"max":0.372539967299,"mean":0.105477504432,"median":0.091915152967,"min":0.0295739453286,"var":0.00269744871184},"erbbands_kurtosis":{"dmean":1.8805450201,"dmean2":2.96539902687,"dvar":16.1968975067,"dvar2":36.6708717346,"max":191.297485352,"mean":1.68803238869,"median":0.356254816055,"min":-1.74377834797,"var":25.7624149323},"erbbands_skewness":{"dmean":0.519215166569,"dmean2":0.779055774212,"dvar":0.254167824984,"dvar2":0.565091013908,"max":9.62100696564,"mean":0.511851131916,"median":0.465894281864,"min":-2.93420982361,"var":1.01854705811},"erbbands_spread":{"dmean":14.5192108154,"dmean2":21.2051448822,"dvar":206.481445312,"dvar2":419.444854736,"max":167.850646973,"mean":49.1312446594,"median":44.4468383789,"min":0.888191699982,"var":891.325195312},"gfcc":{"cov":[[9436.18359375,-361.887207031,22.7319355011,-66.8755950928,-392.676696777,-146.533554077,-182.986557007,136.074417114,10.7802801132,32.6872444153,5.76201629639,73.8755493164,-88.3515853882],[-361.887207031,2226.47802734,-266.320159912,-544.746154785,265.344207764,-203.699432373,136.161239624,-147.626968384,124.41746521,-44.2543945312,109.967834473,-139.75567627,147.847457886],[22.7319355011,-266.320159912,503.099060059,363.345977783,-67.3223495483,103.54196167,-70.4040222168,41.9460754395,-49.2108688354,57.9117279053,4.85697174072,70.8882446289,-58.246635437],[-66.8755950928,-544.746154785,363.345977783,534.791259766,99.6419067383,49.3729782104,-25.0417404175,29.2452526093,-16.5159168243,39.9307136536,-4.43405008316,56.7271499634,-42.5938415527],[-392.676696777,265.344207764,-67.3223495483,99.6419067383,286.512084961,14.6740007401,76.6396408081,-39.9952125549,38.9103660583,-11.5366477966,17.423658371,-29.6523170471,45.3471794128],[-146.533554077,-203.699432373,103.54196167,49.3729782104,14.6740007401,238.082183838,31.9908866882,36.3648529053,-34.7874603271,14.7523260117,4.65306997299,39.3067855835,-14.3217363358],[-182.986557007,136.161239624,-70.4040222168,-25.0417404175,76.6396408081,31.9908866882,142.642730713,27.4437007904,35.0233726501,-11.7997751236,14.7907886505,2.39421677589,16.4820690155],[136.074417114,-147.626968384,41.9460754395,29.2452526093,-39.9952125549,36.3648529053,27.4437007904,153.968673706,56.2776641846,35.6962127686,-16.4565734863,-5.3145942688,-3.45588254929],[10.7802801132,124.41746521,-49.2108688354,-16.5159168243,38.9103660583,-34.7874603271,35.0233726501,56.2776641846,137.987106323,42.1299858093,7.37700080872,-27.5308647156,2.13171482086],[32.6872444153,-44.2543945312,57.9117279053,39.9307136536,-11.5366477966,14.7523260117,-11.7997751236,35.6962127686,42.1299858093,87.1950683594,36.2978401184,10.8963775635,-10.9873352051],[5.76201629639,109.967834473,4.85697174072,-4.43405008316,17.423658371,4.65306997299,14.7907886505,-16.4565734863,7.37700080872,36.2978401184,78.6818847656,38.3603897095,12.7932739258],[73.8755493164,-139.75567627,70.8882446289,56.7271499634,-29.6523170471,39.3067855835,2.39421677589,-5.3145942688,-27.5308647156,10.8963775635,38.3603897095,89.3097991943,11.2994155884],[-88.3515853882,147.847457886,-58.246635437,-42.5938415527,45.3471794128,-14.3217363358,16.4820690155,-3.45588254929,2.13171482086,-10.9873352051,12.7932739258,11.2994155884,78.6317214966]],"icov":[[0.000122999656014,-0.000158311479026,0.000397870346205,-0.000381805381039,0.000343974359566,-0.0000881814121385,0.000261321605649,-0.000242942594923,0.0000701031458448,-0.0000320818799082,0.000134206537041,-0.000357112701749,0.000266986724455],[-0.000158311479026,0.00535549409688,-0.0112132197246,0.0123225944117,-0.00866954494268,0.00545179797336,-0.00343609112315,0.00252189300954,-0.00317091029137,0.00439181085676,-0.00773161416873,0.00687355082482,-0.00408514216542],[0.000397870346205,-0.0112132197246,0.029968963936,-0.0305231586099,0.0212707482278,-0.0135145476088,0.00833019521087,-0.00513990363106,0.00715986406431,-0.0103515619412,0.0150020467117,-0.0138315344229,0.00840212311596],[-0.000381805381039,0.0123225944117,-0.0305231586099,0.0355452336371,-0.0258808713406,0.015034198761,-0.00712362444028,0.00367279397324,-0.00613388372585,0.00874144770205,-0.0138726113364,0.0101389698684,-0.00544796511531],[0.000343974359566,-0.00866954494268,0.0212707482278,-0.0258808713406,0.024892129004,-0.0120880594477,0.00216023088433,0.000714898633305,0.00205360259861,-0.00548108108342,0.00803089980036,-0.00283906934783,-0.000274207792245],[-0.0000881814121385,0.00545179797336,-0.0135145476088,0.015034198761,-0.0120880594477,0.0124481003731,-0.0047936742194,-0.000115078335511,-0.000024999040761,0.00230250903405,-0.00520570063964,0.0025066875387,-0.0011695374269],[0.000261321605649,-0.00343609112315,0.00833019521087,-0.00712362444028,0.00216023088433,-0.0047936742194,0.0140992151573,-0.00568289589137,-0.000114035945444,0.00212145689875,0.00156668375712,-0.00714537966996,0.00481356540695],[-0.000242942594923,0.00252189300954,-0.00513990363106,0.00367279397324,0.000714898633305,-0.000115078335511,-0.00568289589137,0.013892496936,-0.00618101097643,-0.00201605586335,0.000412246823544,0.00615084078163,-0.00652921479195],[0.0000701031458448,-0.00317091029137,0.00715986406431,-0.00613388372585,0.00205360259861,-0.000024999040761,-0.000114035945444,-0.00618101097643,0.0158413890749,-0.00998701713979,0.00605646707118,-0.00352003006265,0.00428077718243],[-0.0000320818799082,0.00439181085676,-0.0103515619412,0.00874144770205,-0.00548108108342,0.00230250903405,0.00212145689875,-0.00201605586335,-0.00998701713979,0.0289483051747,-0.0214568413794,0.00937634240836,-0.00172016886063],[0.000134206537041,-0.00773161416873,0.0150020467117,-0.0138726113364,0.00803089980036,-0.00520570063964,0.00156668375712,0.000412246823544,0.00605646707118,-0.0214568413794,0.0400925688446,-0.0238787215203,0.00614247191697],[-0.000357112701749,0.00687355082482,-0.0138315344229,0.0101389698684,-0.00283906934783,0.0025066875387,-0.00714537966996,0.00615084078163,-0.00352003006265,0.00937634240836,-0.0238787215203,0.0350933857262,-0.0139692099765],[0.000266986724455,-0.00408514216542,0.00840212311596,-0.00544796511531,-0.000274207792245,-0.0011695374269,0.00481356540695,-0.00652921479195,0.00428077718243,-0.00172016886063,0.00614247191697,-0.0139692099765,0.0232721772045]],"mean":[9.35132980347,42.3800506592,-61.6997947693,-1.50560736656,-32.2191314697,1.42943358421,-2.3555700779,-8.34545707703,0.515526711941,-5.95185756683,-12.3028125763,5.88758659363,-21.502910614]},"hfc":{"dmean":30.3262825012,"dmean2":39.6386070251,"dvar":1357.15734863,"dvar2":2411.49926758,"max":697.114624023,"mean":97.7419586182,"median":79.4549636841,"min":1.24538804249e-16,"var":6648.99560547},"melbands":{"dmean":[0.00378159270622,0.0019597359933,0.000513655657414,0.000295398931485,0.000132401662995,0.000158204667969,0.000262678862782,0.00033750734292,0.000170055034687,0.000197139495867,0.000165769670275,0.000104291873868,0.00008269695536,0.000076325617556,0.0000422767589043,0.0000239355758822,0.0000132144587042,0.0000104558575913,0.0000107236592157,0.00000847880528454,0.000004484621968,0.00000360375929631,0.00000324814504893,0.00000301053160001,0.00000274166950476,0.00000208658457268,0.00000189632476122,0.00000223140568778,0.00000159730655014,0.00000161223601935,0.0000018621038862,0.00000223409438149,0.00000258009390564,0.00000290680304715,0.00000300089391203,0.00000350766117663,0.00000352067240783,0.00000189540708107,5.49155004137e-7,3.59106415715e-8],"dmean2":[0.00565528264269,0.0032604734879,0.00083667045692,0.000486165983602,0.000211995007703,0.000248023163294,0.000420370895881,0.000515368650667,0.000272607925581,0.000311412761221,0.000261712266365,0.000165363380802,0.000129777836264,0.000118761745398,0.0000668193169986,0.0000386458777939,0.0000210787802644,0.0000167735215655,0.0000173491062014,0.0000136366861625,0.000007284100775,0.00000572721774006,0.00000507604909217,0.00000461191984868,0.00000415116210206,0.00000316905811815,0.00000277664048554,0.0000033300927953,0.00000231365834225,0.0000023058385068,0.00000265317498815,0.00000311461235469,0.00000357550038643,0.0000039723709051,0.00000404467800763,0.00000477546063848,0.0000047484472816,0.00000253225221059,7.89912405708e-7,5.83332706583e-8],"dvar":[0.00015628869005,0.0000339700309269,0.00000119138690025,5.27555982899e-7,7.55670441777e-8,1.3145246669e-7,6.03568025781e-7,0.0000017777630319,2.46339823207e-7,2.91547877396e-7,2.02295908025e-7,9.12690651944e-8,1.30526416342e-7,6.54140492884e-8,1.90648581366e-8,3.24488524939e-9,1.04392439138e-9,6.79408418414e-10,4.08203609803e-10,3.54030388339e-10,1.05544191442e-10,4.56708143526e-11,2.98476729443e-11,3.69996533411e-11,2.39066925978e-11,1.29419253092e-11,9.03145700587e-12,1.80926176818e-11,6.08264393714e-12,6.53882200122e-12,8.45046515402e-12,1.14996840175e-11,1.56268990803e-11,1.99091663294e-11,2.04566277112e-11,3.13644908656e-11,3.09980062452e-11,8.32994870997e-12,7.83537785435e-13,4.3327276852e-15],"dvar2":[0.000350661255652,0.0000928847657633,0.00000302372359329,0.00000138648010761,1.87860024425e-7,3.07883311734e-7,0.00000155882776198,0.00000389617025576,5.87418981013e-7,6.58707733692e-7,4.70509604611e-7,2.30566087112e-7,3.01391594348e-7,1.45045930822e-7,4.49786305978e-8,8.26564505729e-9,2.54016807588e-9,1.68477798379e-9,1.06312947334e-9,8.75661154698e-10,2.71824757148e-10,1.19394633069e-10,7.29848334546e-11,8.918219635e-11,5.33295629879e-11,2.97623869994e-11,1.94542472409e-11,4.24391632947e-11,1.32519637625e-11,1.40917130395e-11,1.80833056862e-11,2.2927312826e-11,3.00425170852e-11,3.81284032125e-11,3.79485019797e-11,5.9120444651e-11,5.60671752081e-11,1.48805846117e-11,1.62121303795e-12,1.0884754537e-14],"max":[0.169901907444,0.116384238005,0.025485444814,0.0226630158722,0.00597358774394,0.00827158428729,0.0173928327858,0.0568707622588,0.0138673754409,0.0152808846906,0.0141897564754,0.0121054165065,0.0206647589803,0.00708631891757,0.00491866329685,0.00148572190665,0.00123750278726,0.000715729256626,0.000531189376488,0.000488583929837,0.000432952394476,0.000172743573785,0.000112248068035,0.000212737897527,0.000169056322193,0.000115401751827,0.0000767887831898,0.000164884186233,0.000053037678299,0.0000758600217523,0.0000667683561915,0.0000471510211355,0.0000642454688204,0.000058810954215,0.0000671164016239,0.0000801417118055,0.0000841999935801,0.0000411367145716,0.0000121621887956,9.2929406037e-7],"mean":[0.00463023176417,0.00253065326251,0.000743451353628,0.000417403585743,0.000198261943297,0.000246086419793,0.000398080213927,0.00060422118986,0.000251918972936,0.000291445292532,0.000233044265769,0.000155567380716,0.000120786156913,0.000111618486699,0.0000595881101617,0.0000348807297996,0.0000201619186555,0.0000161855059559,0.0000176613066287,0.0000147133951032,0.00000788978286437,0.00000651785285299,0.00000608423988524,0.0000056519370446,0.00000492657272844,0.00000371850478587,0.00000338973495673,0.00000369439248971,0.00000290025673166,0.00000298587588077,0.00000334902392751,0.0000038004959606,0.00000435714582636,0.00000492731396662,0.00000504734134665,0.00000559547470402,0.00000555208680453,0.00000296517782772,7.44824376397e-7,3.77853339728e-8],"median":[0.000648298650049,0.000831916288007,0.000349895795807,0.000185437500477,0.000100285164081,0.000100672761619,0.0000820125133032,0.0000933512710617,0.0000508853845531,0.0000565081245441,0.0000445448094979,0.0000265274647973,0.0000215025465877,0.0000149509351104,0.0000159152023116,0.0000136315538839,0.00000598442511546,0.00000500156147609,0.00000768049994804,0.00000564861966268,0.00000345730700246,0.0000030585388231,0.00000290796924673,0.0000024670239327,0.00000233113541981,0.00000175831701199,0.00000154603367264,0.00000154739973368,0.00000132502873385,0.00000133395269586,0.00000143173997458,0.00000156971464094,0.0000017889120727,0.0000020548673092,0.00000202253113457,0.00000195287793758,0.00000180163124242,9.12498649086e-7,2.07920805906e-7,1.37076554552e-8],"min":[3.30796159387e-24,2.52562555441e-24,2.79546193514e-24,3.49940275278e-24,4.70709752271e-24,2.80906288323e-24,4.77814154698e-24,3.10233198272e-24,1.2007565805e-23,1.75306255493e-23,1.44307871559e-23,1.45729919559e-23,1.06707376603e-23,8.41839778096e-24,3.38687923883e-24,5.22050713249e-24,1.27524958353e-23,5.52424382455e-24,5.03174060648e-24,1.02283026551e-23,7.20544051993e-24,1.02724607219e-23,6.3828349062e-24,1.11090832107e-23,1.22002198376e-23,1.55752444691e-23,1.1015180364e-23,8.86763118952e-24,1.52571015992e-23,1.19102061698e-23,1.01387945524e-23,1.25053433471e-23,1.08355969678e-23,1.15093693778e-23,9.33667526199e-24,1.26820884218e-23,1.14030498604e-23,1.23675545905e-23,1.13821789675e-23,8.85513089962e-24],"var":[0.000174393149791,0.0000292413224088,0.00000152014285959,5.74977320866e-7,1.05730286748e-7,2.53021823937e-7,0.00000115931902656,0.00000553418340132,5.20106993918e-7,5.55070016617e-7,3.73160219169e-7,1.60187980214e-7,3.11381654683e-7,1.29450498321e-7,2.59703831773e-8,4.19707291144e-9,2.15995732411e-9,1.3288723455e-9,8.36197056042e-10,7.49127759825e-10,2.13574782859e-10,1.03369507398e-10,8.40524386203e-11,9.49688591656e-11,6.17456294427e-11,3.29186365666e-11,2.2756208376e-11,3.33528309138e-11,1.51908815388e-11,1.71108405222e-11,2.15468996811e-11,2.7870067365e-11,3.81182030385e-11,4.80097628319e-11,5.01352084847e-11,7.13418837894e-11,7.29674723421e-11,2.01896711155e-11,1.47233191351e-12,4.58118193039e-15]},"melbands_crest":{"dmean":4.3619389534,"dmean2":6.91343736649,"dvar":15.3479356766,"dvar2":34.8524360657,"max":38.2665596008,"mean":15.949297905,"median":15.0511493683,"min":1.90492534637,"var":43.8889122009},"melbands_flatness_db":{"dmean":0.0389226526022,"dmean2":0.0552490502596,"dvar":0.00127027695999,"dvar2":0.00246212445199,"max":0.516255140305,"mean":0.208374023438,"median":0.205787807703,"min":0.00946875475347,"var":0.00587142305449},"melbands_kurtosis":{"dmean":16.3451919556,"dmean2":24.9053344727,"dvar":1281.28637695,"dvar2":2910.71557617,"max":771.450744629,"mean":24.0111637115,"median":9.36858177185,"min":-1.75356805325,"var":2139.01538086},"melbands_skewness":{"dmean":1.258877635,"dmean2":1.82853651047,"dvar":2.1297287941,"dvar2":4.34538316727,"max":22.1751937866,"mean":3.20915150642,"median":2.57372522354,"min":-3.76450228691,"var":7.22091770172},"melbands_spread":{"dmean":11.2082042694,"dmean2":16.8689174652,"dvar":339.567199707,"dvar2":686.37689209,"max":227.176834106,"mean":26.6413879395,"median":18.6645240784,"min":0.387658953667,"var":812.580871582},"mfcc":{"cov":[[8483.85644531,91.8058776855,-37.7018318176,-36.0363044739,-313.51940918,-178.218002319,-322.215301514,74.8687286377,-186.296691895,115.079345703,-142.176269531,134.163467407,-117.742927551],[91.8058776855,2189.86279297,-432.877746582,-262.297546387,-54.7896957397,-83.2903213501,8.95221710205,-163.925491333,91.6042251587,-89.5212554932,97.9784393311,-95.6238021851,101.932678223],[-37.7018318176,-432.877746582,566.441955566,136.165374756,59.7674598694,50.643497467,4.40770864487,36.2931442261,-73.0831451416,29.7213535309,-21.0200557709,42.8909378052,-13.6801795959],[-36.0363044739,-262.297546387,136.165374756,418.236022949,135.239273071,55.1855697632,-7.09180831909,9.85295581818,-6.7729549408,18.7358589172,9.10852813721,12.3562507629,-5.9310836792],[-313.51940918,-54.7896957397,59.7674598694,135.239273071,191.436523438,84.0320053101,43.1327514648,-5.80237770081,26.3400707245,0.424887835979,20.283700943,-0.805281460285,13.1354665756],[-178.218002319,-83.2903213501,50.643497467,55.1855697632,84.0320053101,183.972686768,68.8406448364,38.5772666931,-30.9580154419,-6.60883760452,-24.1976985931,18.8631954193,5.39296960831],[-322.215301514,8.95221710205,4.40770864487,-7.09180831909,43.1327514648,68.8406448364,143.194519043,36.569355011,23.0514640808,-35.981174469,6.7178902626,-9.90041732788,23.2139148712],[74.8687286377,-163.925491333,36.2931442261,9.85295581818,-5.80237770081,38.5772666931,36.569355011,115.708961487,24.5856513977,27.4433937073,-17.9316043854,21.3425827026,-12.7551240921],[-186.296691895,91.6042251587,-73.0831451416,-6.7729549408,26.3400707245,-30.9580154419,23.0514640808,24.5856513977,123.149360657,38.4720077515,44.1726455688,-14.5763101578,10.1801919937],[115.079345703,-89.5212554932,29.7213535309,18.7358589172,0.424887835979,-6.60883760452,-35.981174469,27.4433937073,38.4720077515,110.225318909,43.6864624023,21.5717372894,-23.5590610504],[-142.176269531,97.9784393311,-21.0200557709,9.10852813721,20.283700943,-24.1976985931,6.7178902626,-17.9316043854,44.1726455688,43.6864624023,101.522941589,20.90092659,10.4103355408],[134.163467407,-95.6238021851,42.8909378052,12.3562507629,-0.805281460285,18.8631954193,-9.90041732788,21.3425827026,-14.5763101578,21.5717372894,20.90092659,76.0061569214,16.197101593],[-117.742927551,101.932678223,-13.6801795959,-5.9310836792,13.1354665756,5.39296960831,23.2139148712,-12.7551240921,10.1801919937,-23.5590610504,10.4103355408,16.197101593,72.5049514771]],"icov":[[0.000153870743816,-0.0000703080368112,0.0000510197351105,-0.0000683078178554,0.0000598647347942,0.000214910003706,0.000075728574302,-0.000137454248033,0.000249277043622,-0.000265509908786,0.00037928839447,-0.000404050108045,0.00019203114789],[-0.0000703080368112,0.000766962184571,0.000232368183788,0.000333386939019,0.000220929956413,-0.000563555047847,0.000447436905233,0.000493855972309,-0.000481149676489,0.000780656700954,-0.00121537316591,0.00118733861018,-0.000945317791775],[0.0000510197351105,0.000232368183788,0.00253080273978,-0.000374718307285,-0.000958044023719,0.000875564699527,-0.000757341971621,-0.000536638835911,0.0022927429527,-0.00152288831305,0.000564815476537,-0.000556867918931,-0.000313903583447],[-0.0000683078178554,0.000333386939019,-0.000374718307285,0.00359205971472,-0.00258724065498,-0.000169123362866,0.00127287744544,-0.000706544320565,0.000407887797337,0.000459252332803,-0.00106604932807,0.000862907676492,-0.000354769232217],[0.0000598647347942,0.000220929956413,-0.000958044023719,-0.00258724065498,0.0109821613878,-0.00561568699777,-0.0000330956791004,0.00347146438435,-0.00511344475672,0.00186898792163,-0.00171320384834,0.000652388145681,-0.000130892454763],[0.000214910003706,-0.000563555047847,0.000875564699527,-0.000169123362866,-0.00561568699777,0.0124924164265,-0.00610155984759,-0.00234400480986,0.00641568237916,-0.00499489577487,0.00520843919367,-0.00373915210366,0.000485676660901],[0.000075728574302,0.000447436905233,-0.000757341971621,0.00127287744544,-0.0000330956791004,-0.00610155984759,0.0156803932041,-0.00621727621183,-0.00295794033445,0.00883468147367,-0.00753270136192,0.00560586107895,-0.00308392336592],[-0.000137454248033,0.000493855972309,-0.000536638835911,-0.000706544320565,0.00347146438435,-0.00234400480986,-0.00621727621183,0.0180394891649,-0.0073158419691,-0.00414638034999,0.00767214503139,-0.00712142046541,0.00380218843929],[0.000249277043622,-0.000481149676489,0.0022927429527,0.000407887797337,-0.00511344475672,0.00641568237916,-0.00295794033445,-0.0073158419691,0.0194141883403,-0.00754366023466,-0.00314070517197,0.00524902716279,-0.00424228003249],[-0.000265509908786,0.000780656700954,-0.00152288831305,0.000459252332803,0.00186898792163,-0.00499489577487,0.00883468147367,-0.00414638034999,-0.00754366023466,0.0217745322734,-0.0109510002658,0.00026930848253,0.00434303190559],[0.00037928839447,-0.00121537316591,0.000564815476537,-0.00106604932807,-0.00171320384834,0.00520843919367,-0.00753270136192,0.00767214503139,-0.00314070517197,-0.0109510002658,0.0233677774668,-0.0111464606598,0.0020458989311],[-0.000404050108045,0.00118733861018,-0.000556867918931,0.000862907676492,0.000652388145681,-0.00373915210366,0.00560586107895,-0.00712142046541,0.00524902716279,0.00026930848253,-0.0111464606598,0.0253189373761,-0.00995272770524],[0.00019203114789,-0.000945317791775,-0.000313903583447,-0.000354769232217,-0.000130892454763,0.000485676660901,-0.00308392336592,0.00380218843929,-0.00424228003249,0.00434303190559,0.0020458989311,-0.00995272770524,0.020925052464]],"mean":[-666.038757324,112.865692139,18.1246490479,17.9072914124,-6.5143327713,20.758234024,-6.04159879684,21.1172199249,-4.3378238678,15.3555736542,-4.82389593124,10.4048423767,-4.23753643036]},"pitch_salience":{"dmean":0.083284445107,"dmean2":0.128584578633,"dvar":0.00553430244327,"dvar2":0.0121879503131,"max":0.950611531734,"mean":0.549079060555,"median":0.566893815994,"min":0.0743026137352,"var":0.016383420676},"silence_rate_20dB":{"dmean":0.0127224121243,"dmean2":0.0254471693188,"dvar":0.01256101951,"dvar2":0.0327254757285,"max":1,"mean":0.9910582304,"median":1,"min":0,"var":0.00886068399996},"silence_rate_30dB":{"dmean":0.0479395240545,"dmean2":0.0958878844976,"dvar":0.045637845993,"dvar2":0.0920513793826,"max":1,"mean":0.924133479595,"median":1,"min":0,"var":0.0701067745686},"silence_rate_60dB":{"dmean":0.0237853787839,"dmean2":0.0475751422346,"dvar":0.0232184566557,"dvar2":0.0530518181622,"max":1,"mean":0.12767329812,"median":0,"min":0,"var":0.111368872225},"spectral_centroid":{"dmean":340.336578369,"dmean2":490.286407471,"dvar":193771.796875,"dvar2":364609.40625,"max":11121.8222656,"mean":1376.57434082,"median":1115.57080078,"min":151.994033813,"var":694102.25},"spectral_complexity":{"dmean":3.21489810944,"dmean2":4.69279003143,"dvar":10.8212423325,"dvar2":20.0301055908,"max":56,"mean":13.5071907043,"median":13,"min":0,"var":78.5921783447},"spectral_contrast_coeffs":{"dmean":[0.0513068139553,0.0507016517222,0.0425180718303,0.032263752073,0.020423328504,0.0277270637453],"dmean2":[0.0850220397115,0.0836459472775,0.0690062344074,0.0524779334664,0.0329605974257,0.0433143973351],"dvar":[0.00169747683685,0.00158364779782,0.00116101780441,0.00067577738082,0.000283977773506,0.000646887579933],"dvar2":[0.00453683314845,0.00422730343416,0.00300676794723,0.00173582939897,0.000729070801754,0.00158569647465],"max":[-0.417207032442,-0.43524825573,-0.439269900322,-0.574168086052,-0.661766767502,-0.519796967506],"mean":[-0.70391613245,-0.768966972828,-0.780905365944,-0.802044868469,-0.828497231007,-0.733172357082],"median":[-0.707695126534,-0.777790427208,-0.791759371758,-0.806884944439,-0.829312562943,-0.731425821781],"min":[-0.951624333858,-0.998017251492,-0.968068480492,-0.97931265831,-0.975306034088,-0.958414018154],"var":[0.00556773971766,0.00581283448264,0.00516921142116,0.0024164293427,0.000966372026596,0.00204496015795]},"spectral_contrast_valleys":{"dmean":[0.449051290751,0.457675814629,0.414550364017,0.339642643929,0.341324776411,0.584861934185],"dmean2":[0.702955663204,0.707780480385,0.623888492584,0.515253663063,0.460022330284,0.754103660583],"dvar":[0.154525175691,0.157380476594,0.136740475893,0.107727020979,0.12902083993,0.288762360811],"dvar2":[0.329836338758,0.339544385672,0.277141481638,0.210698336363,0.21625714004,0.52248686552],"max":[-4.32265663147,-4.36489439011,-4.78266859055,-5.66767215729,-5.84721946716,-8.32705116272],"mean":[-7.19383239746,-6.81144618988,-7.25694608688,-7.91787385941,-7.84930181503,-10.3384685516],"median":[-7.02400779724,-6.57675552368,-7.1203827858,-7.76984024048,-7.70019721985,-10.1269550323],"min":[-27.5081729889,-27.3233661652,-27.4023704529,-27.4232826233,-27.3379898071,-27.2314548492],"var":[1.17362761497,1.23399174213,1.08824086189,0.89097571373,0.925655663013,1.33716642857]},"spectral_decrease":{"dmean":5.19973530899e-9,"dmean2":7.47713713167e-9,"dvar":1.8914023366e-16,"dvar2":3.9245236085e-16,"max":1.22757326526e-9,"mean":-9.00456686992e-9,"median":-4.26306723256e-9,"min":-2.0495106412e-7,"var":2.7731985748e-16},"spectral_energy":{"dmean":0.0212102942169,"dmean2":0.0298766084015,"dvar":0.0028326397296,"dvar2":0.00587132852525,"max":0.791445374489,"mean":0.042850881815,"median":0.0254929102957,"min":1.08848882598e-20,"var":0.00436031492427},"spectral_energyband_high":{"dmean":0.00143269309774,"dmean2":0.00167688447982,"dvar":0.00000399095733883,"dvar2":0.00000568323639527,"max":0.0221868902445,"mean":0.00290700816549,"median":0.00134024582803,"min":8.31082174702e-21,"var":0.0000136742737595},"spectral_energyband_low":{"dmean":0.015750862658,"dmean2":0.0231559108943,"dvar":0.00228030327708,"dvar2":0.00492877839133,"max":0.725195467472,"mean":0.0218460280448,"median":0.00587402749807,"min":1.54439874808e-23,"var":0.00279771280475},"spectral_energyband_middle_high":{"dmean":0.00191936083138,"dmean2":0.00287653505802,"dvar":0.000015593437638,"dvar2":0.0000362254213542,"max":0.143693655729,"mean":0.00423335237429,"median":0.00188681809232,"min":1.43264955791e-21,"var":0.0000473681029689},"spectral_energyband_middle_low":{"dmean":0.00493909325451,"dmean2":0.00751177826896,"dvar":0.0000889207585715,"dvar2":0.000203384872293,"max":0.288198143244,"mean":0.0109814666212,"median":0.00560315791517,"min":2.49625226338e-22,"var":0.000311303563649},"spectral_entropy":{"dmean":0.234306097031,"dmean2":0.32282435894,"dvar":0.0563120022416,"dvar2":0.100889854133,"max":9.7912902832,"mean":7.85389709473,"median":7.94992351532,"min":5.43138027191,"var":0.257667124271},"spectral_flux":{"dmean":0.0336394421756,"dmean2":0.0528737455606,"dvar":0.00313817430288,"dvar2":0.00723653612658,"max":0.771772325039,"mean":0.104181855917,"median":0.0902877748013,"min":0.00000132803768338,"var":0.00648542074487},"spectral_kurtosis":{"dmean":3.35303354263,"dmean2":4.66035556793,"dvar":22.2677249908,"dvar2":45.4136886597,"max":65.2390213013,"mean":8.78872585297,"median":5.97849559784,"min":-1.19120430946,"var":57.2869987488},"spectral_rms":{"dmean":0.00124504347332,"dmean2":0.00169450161047,"dvar":0.00000377534934159,"dvar2":0.00000682069685354,"max":0.0277874413878,"mean":0.00539580872282,"median":0.00498709641397,"min":3.25874266807e-12,"var":0.0000126909417304},"spectral_rolloff":{"dmean":3653.46875,"dmean2":6355.80908203,"dvar":30225404,"dvar2":65689932,"max":22028.4667969,"mean":9545.66113281,"median":8053.41796875,"min":21.533203125,"var":71205680},"spectral_skewness":{"dmean":0.363308727741,"dmean2":0.484941333532,"dvar":0.162199258804,"dvar2":0.305498331785,"max":6.29462814331,"mean":2.13660144806,"median":1.9392118454,"min":-0.0108214728534,"var":0.645271480083},"spectral_spread":{"dmean":1039632.1875,"dmean2":1385699,"dvar":1088530284540,"dvar2":1777684578300,"max":40022224,"mean":6989100,"median":7329313.5,"min":1753875.25,"var":4671182209020},"spectral_strongpeak":{"dmean":1.06946146488,"dmean2":1.9100997448,"dvar":16.2869319916,"dvar2":45.0331573486,"max":68.0222625732,"mean":1.16083049774,"median":0.239476114511,"min":0,"var":13.098572731},"zerocrossingrate":{"dmean":0.0412152670324,"dmean2":0.0463364310563,"dvar":0.00143317016773,"dvar2":0.00174576276913,"max":0.6728515625,"mean":0.246044456959,"median":0.2373046875,"min":0.0078125,"var":0.0113263502717}},"metadata":{"audio_properties":{"analysis_sample_rate":44100,"bit_rate":205061,"codec":"mp3","downmix":"mix","equal_loudness":0,"length":251.847595215,"lossless":false,"md5_encoded":"03de3900a8dcb12d709ccb33fa885a03","replay_gain":1.4982624054,"sample_rate":44100},"tags":{"album":["Reggatta de Blanc"],"artist":["The Police"],"date":["1979-10"],"file_name":"04 - The Police - Bring on the Night.mp3","musicbrainz_albumid":["94247050-8844-45a8-a459-9b685e759863"],"musicbrainz_artistid":["9e0e2b01-41db-4008-bd8b-988977d6019a"],"musicbrainz_recordingid":["0fb7b7bc-13bc-4ab5-95cc-c7b2845ba898"],"title":["Bring on the Night"],"tracknumber":["04/11"]},"version":{"essentia":"2.1-beta1","essentia_build_sha":"ca57ba49d9b1854bd80e60cf9ccf267278fb7d6b","essentia_git_sha":"v2.1_beta1-28-g21ef5f4-dirty","extractor":"music 1.0"}},"rhythm":{"beats_count":458,"beats_loudness":{"dmean":0.0342158526182,"dmean2":0.0626172795892,"dvar":0.00360035989434,"dvar2":0.0126360002905,"max":0.54930883646,"mean":0.0513373613358,"median":0.0410492196679,"min":0.0000022682618237,"var":0.00271809753031},"beats_loudness_band_ratio":{"dmean":[0.205616772175,0.0505806989968,0.0922116264701,0.0764368101954,0.0170051530004,0.126678526402],"dmean2":[0.357048153877,0.0886320248246,0.16343729198,0.138111367822,0.0299910549074,0.222636774182],"dvar":[0.0318918153644,0.00273516215384,0.0140272313729,0.0120107410476,0.000587427173741,0.0117038283497],"dvar2":[0.104498185217,0.00807592459023,0.0357289537787,0.037334613502,0.00177495577373,0.0342124514282],"max":[0.928775250912,0.430375397205,0.667088925838,0.694416165352,0.227993264794,0.931660473347],"mean":[0.40707808733,0.0654051825404,0.105270117521,0.0773523747921,0.0266682375222,0.334738761187],"median":[0.40952411294,0.0496571883559,0.0631462708116,0.0369521975517,0.0196246374398,0.269729971886],"min":[0.00316831609234,0.000535569270141,0.00253201532178,0.00130975700449,0.00226119742729,0.0174623820931],"var":[0.062551282