{"lowlevel":{"average_loudness":0.947053730488,"barkbands":{"dmean":[7.66566927268e-7,0.000401454250095,0.000901741150301,0.000744440127164,0.00140674004797,0.00108964776155,0.000697388953995,0.000675074174069,0.00114862388,0.000740651157685,0.00111521931831,0.00149689021055,0.000628784997389,0.000898153812159,0.000335839722538,0.000466720870463,0.000318344478728,0.000312819058308,0.000214859974221,0.000187852943782,0.000254705490079,0.000157607602887,0.000067950655648,0.0000301763866446,0.0000151757212734,0.00000388527087125,5.16451166277e-7],"dmean2":[0.00000133513867695,0.000643645820674,0.00146585493349,0.00124800612684,0.00232110265642,0.00190393533558,0.00113993114792,0.00103196187411,0.00193478516303,0.00111624307465,0.00179102492984,0.00226525194012,0.00103577971458,0.00137800932862,0.000528373289853,0.000729913765099,0.000498266541399,0.000483397045173,0.000331942545017,0.000285657733912,0.000376727228286,0.000222863265662,0.0000965279978118,0.000042678151658,0.00002112689981,0.00000533166758032,7.08482275513e-7],"dvar":[1.89945715406e-12,3.72690806216e-7,0.00000167933967532,0.00000131791568947,0.00000361648744729,0.00000590484751228,0.00000155534814894,0.00000100115084933,0.0000052004807003,0.00000203527406484,0.00000395631195715,0.0000124831867652,0.0000039947822188,0.00000658481894789,6.20478260771e-7,6.66855271447e-7,3.16458169891e-7,3.5994588643e-7,1.58415900842e-7,1.18722851994e-7,2.32481127682e-7,9.65595816638e-8,1.81853714309e-8,3.10810865933e-9,6.86113721393e-10,3.88165333209e-11,9.10963362036e-13],"dvar2":[4.92791007653e-12,9.00142538285e-7,0.00000443382396043,0.00000346195770362,0.00000938849279919,0.0000166733352671,0.00000383680026061,0.0000022519579943,0.0000144039777297,0.00000406039225709,0.00000992715649772,0.0000260093765974,0.0000108512012957,0.0000153385390149,0.00000155922327849,0.00000160735203281,7.81813810136e-7,8.7958903805e-7,3.79240532311e-7,2.7347437026e-7,5.21877154824e-7,2.02817375339e-7,3.87167915505e-8,6.55411724892e-9,1.42157119409e-9,7.78975148275e-11,1.90846904252e-12],"max":[0.0000227462442126,0.00784196518362,0.0205851271749,0.0153368450701,0.0291320662946,0.0434126034379,0.0220365840942,0.0138033777475,0.0295236539096,0.0331374257803,0.0288996770978,0.0496333539486,0.0384817197919,0.0442158468068,0.0164728313684,0.016022188589,0.0107220336795,0.0195167567581,0.00695282639936,0.00408995058388,0.00596913322806,0.00618000514805,0.00177709723357,0.00064096681308,0.000320129503962,0.0000882095409906,0.0000173220796569],"mean":[9.10636686058e-7,0.000619560363702,0.00168039475102,0.00100731884595,0.00252542761154,0.00129597168416,0.00108834903222,0.00126579822972,0.00158439786173,0.00132758764084,0.00194968329743,0.00263236928731,0.00099717779085,0.00146141718142,0.000503598654177,0.000684038561303,0.000444158446044,0.00043092793203,0.000254500104347,0.000231888552662,0.000304000044707,0.000192928768229,0.0000783930227044,0.0000358313991455,0.0000184792716027,0.00000497862311022,7.28823010832e-7],"median":[5.40963128515e-7,0.000239574088482,0.000906242930796,0.000529559096321,0.00164385163225,0.000698177784216,0.000511504709721,0.000684451078996,0.000730927975383,0.000594430253841,0.000911052513402,0.000718400522601,0.00031208229484,0.000352658389602,0.000244194787228,0.000323929882143,0.000209509729757,0.000180458751856,0.0000894362019608,0.0000789595433162,0.000093593604106,0.0000505217467435,0.0000177938618435,0.00000952630762185,0.00000534409537067,0.00000165803044183,2.67671396159e-7],"min":[8.89254795286e-25,2.23173207151e-24,2.0611052048e-24,3.66555184778e-24,1.57228718989e-23,1.08538046663e-23,5.47911427546e-24,1.82815690663e-23,2.12727055824e-23,1.39577262037e-23,1.62965331269e-23,3.3675654784e-23,5.84692217135e-23,1.4714123905e-23,3.6738154813e-23,6.38599311083e-23,1.22147942006e-22,1.33899293677e-22,1.48366876461e-22,1.96269363147e-22,2.06172811304e-22,3.38660334261e-22,4.08342450125e-22,7.47440280334e-22,7.45871696688e-22,1.37836845554e-21,2.19025915146e-21],"var":[1.93696252614e-12,9.07603521227e-7,0.00000491233549837,0.00000182266444426,0.00000790124613559,0.00000478959964312,0.00000365652863366,0.00000274147237178,0.00000706720311427,0.00000550077584194,0.00000767522851675,0.0000304170844174,0.00000617860359853,0.0000133351077238,7.84951396327e-7,9.6367682545e-7,4.13837369706e-7,4.57163451983e-7,1.8933785384e-7,1.54781474748e-7,3.05229519881e-7,1.4089079059e-7,2.53209737622e-8,4.39315606116e-9,1.03780706251e-9,6.37850675056e-11,1.45817006473e-12]},"barkbands_crest":{"dmean":2.52847123146,"dmean2":4.08069944382,"dvar":5.60691642761,"dvar2":13.5673704147,"max":24.4846019745,"mean":8.37384223938,"median":7.41413021088,"min":1.97413015366,"var":14.5917348862},"barkbands_flatness_db":{"dmean":0.0226201061159,"dmean2":0.0310160815716,"dvar":0.000387332343962,"dvar2":0.000726551923435,"max":0.260519862175,"mean":0.125967115164,"median":0.123306624591,"min":0.0204264298081,"var":0.00152147817425},"barkbands_kurtosis":{"dmean":0.959472477436,"dmean2":1.56098151207,"dvar":1.40221965313,"dvar2":3.47626376152,"max":15.4523944855,"mean":0.381845295429,"median":-0.0127515792847,"min":-1.83121275902,"var":2.37378740311},"barkbands_skewness":{"dmean":0.381190061569,"dmean2":0.594191372395,"dvar":0.133564442396,"dvar2":0.298394262791,"max":3.52848434448,"mean":0.486616998911,"median":0.529344320297,"min":-3.03041434288,"var":0.489939391613},"barkbands_spread":{"dmean":4.80615091324,"dmean2":7.23338937759,"dvar":18.6399288177,"dvar2":39.5105552673,"max":96.0160293579,"mean":20.2541484833,"median":19.0352554321,"min":3.06892967224,"var":71.3034973145},"dissonance":{"dmean":0.0188790559769,"dmean2":0.0324082002044,"dvar":0.000380681041861,"dvar2":0.00106724118814,"max":0.5,"mean":0.471522420645,"median":0.479067027569,"min":0.309574306011,"var":0.000597217411269},"dynamic_complexity":3.22767353058,"erbbands":{"dmean":[0.00304840202443,0.125324770808,0.892820715904,1.67109239101,3.67974662781,5.71404981613,5.72800540924,9.81551933289,9.81099319458,10.0122365952,14.8576002121,26.4944076538,24.1088008881,34.2358665466,36.9293365479,59.8475532532,29.3440036774,33.1451911926,31.0166149139,19.4869403839,24.863319397,19.0260276794,18.2912998199,12.4586029053,10.0824728012,8.77426242828,10.6267843246,9.16663742065,6.14114570618,3.40490055084,1.72131562233,0.873970031738,0.383681714535,0.187285512686,0.100813172758,0.0260017588735,0.00581909622997,0.000975527218543,0.0000929900998017,0.0000123047511806],"dmean2":[0.00478686066344,0.202341169119,1.46543085575,2.76641917229,6.18714523315,9.46219158173,9.65837097168,17.1848907471,16.1365890503,16.4519119263,22.4096183777,44.3937072754,37.0417022705,54.6055374146,55.5318870544,90.7024841309,47.6396446228,50.2369995117,47.4290466309,30.082818985,38.5212974548,29.5560188293,27.808637619,19.4101657867,15.4074144363,13.1417798996,16.0160369873,13.3850879669,8.71097278595,4.82572555542,2.4797167778,1.26931965351,0.531543254852,0.25857925415,0.14388872683,0.0360807925463,0.0080045433715,0.00133851426654,0.000126225102576,0.0000164870234585],"dvar":[0.0000195955617528,0.0355380624533,1.7897028923,5.17919397354,25.76820755,71.2044143677,112.169441223,485.859863281,412.173858643,270.347930908,489.55758667,3010.26782227,1621.6875,4630.83789062,3784.74951172,22112.6972656,6912.26269531,9812.578125,8832.60644531,1297.13244629,2013.0526123,1121.71594238,1365.30224609,533.048522949,333.05279541,264.421661377,443.344482422,292.414581299,142.404327393,45.8105659485,11.9045000076,2.92959022522,0.449086636305,0.104182884097,0.031527671963,0.00175890070386,0.0000919864396565,0.00000300150077237,2.8004807362e-8,2.19178286631e-10],"dvar2":[0.0000450110492238,0.0885614901781,4.85664987564,13.6048231125,68.3927536011,185.440536499,302.90335083,1391.86877441,1018.20544434,698.668884277,1036.98925781,8267.31054688,3886.47143555,10930.7353516,8163.79248047,44295.40625,19023.375,22775.1347656,21325.0957031,3214.66503906,4857.83935547,2779.57055664,3347.51904297,1282.16516113,778.419250488,604.795837402,1041.80444336,641.329284668,300.542510986,97.3213348389,25.3608818054,6.3737449646,0.919226527214,0.214617952704,0.0667344406247,0.0036211151164,0.00018497450219,0.00000634992284176,5.8397052527e-8,4.30888741354e-10],"max":[0.054441254586,2.33746600151,18.1795158386,32.8051452637,56.7578125,146.895248413,156.729751587,462.395599365,392.163848877,266.547637939,384.217956543,726.8203125,739.02520752,1392.44262695,828.505065918,2275.84350586,1634.61083984,2228.65649414,1754.84094238,569.182922363,953.494445801,691.296081543,1333.63891602,443.368530273,217.94543457,175.678710938,335.371582031,214.673706055,228.498321533,111.749931335,45.2927970886,21.0978355408,7.77231931686,4.07970666885,2.05487012863,0.465583771467,0.160030037165,0.0350550115108,0.00343565898947,0.000207631019293],"mean":[0.00532372528687,0.205106347799,1.60871315002,2.95048141479,5.75075387955,9.71881008148,8.30697059631,11.8325929642,15.7684316635,15.8232536316,29.4545879364,38.3517799377,41.4632110596,62.8856773376,75.2968139648,106.933731079,50.1129722595,55.6527137756,52.8392372131,31.8304214478,37.039276123,27.6787185669,26.4161682129,15.1246109009,12.4802284241,10.679974556,12.3605947495,11.1078004837,7.53976964951,4.04656219482,1.96674180031,0.983716785908,0.483682334423,0.235081464052,0.118499003351,0.0322388708591,0.00751614011824,0.00128272233997,0.000138514864375,0.0000330181319441],"median":[0.00262457015924,0.0943512916565,0.889998078346,2.02986550331,3.47645497322,5.41579198837,4.91782617569,6.35141086578,6.43449497223,9.44304180145,17.2972927094,19.4357357025,18.6664142609,32.2093887329,36.1505851746,30.8085079193,17.8721618652,16.9300289154,18.3236427307,18.0467262268,18.0702877045,14.0791349411,11.8063793182,5.61626625061,4.66011476517,3.6449007988,3.94230937958,3.30327987671,2.03430533409,0.995703041553,0.426997184753,0.218056157231,0.147933542728,0.0729724615812,0.0312792807817,0.0100244712085,0.00245403544977,0.000425010774052,0.0000581263375352,0.0000278212228295],"min":[1.23348146541e-22,4.09064466113e-22,2.78015020177e-21,1.18545297303e-20,2.53329054759e-20,5.08548734205e-20,6.59140939064e-20,1.28415447401e-19,8.16855653674e-20,1.65409471785e-19,5.11942804892e-19,4.34183329518e-19,6.21170195322e-19,6.13827468121e-19,1.10417227703e-18,1.41719799693e-18,2.32225001274e-18,1.66708677844e-18,2.15450067964e-18,2.15903941967e-18,4.10425595971e-18,7.0304462541e-18,6.90268407259e-18,7.95659902695e-18,9.42740804695e-18,8.92826493146e-18,9.82488239335e-18,1.14054913679e-17,1.19375231845e-17,1.19137243711e-17,1.07345626915e-17,1.42109778129e-17,1.06155545624e-17,8.97954847508e-18,5.33357249501e-18,3.98182537084e-18,2.48585310301e-18,1.06452054718e-18,2.82742560134e-19,2.73896302922e-20],"var":[0.0000512940168846,0.0827947631478,4.4232544899,9.45839595795,45.4466094971,169.72505188,122.57660675,393.450500488,1041.39709473,408.186767578,1505.20825195,4062.25292969,3565.73730469,9589.57519531,10397.0820312,53799.2617188,10491.9365234,21350.7617188,16269.9414062,1820.65405273,2760.61499023,1470.30187988,1757.15393066,627.616760254,422.58883667,340.522796631,524.719543457,409.059539795,208.794189453,64.3544235229,16.3767967224,3.82720184326,0.697343409061,0.160676553845,0.0453331880271,0.00275496696122,0.00015072421229,0.00000468029975309,4.56161721729e-8,5.52529411113e-10]},"erbbands_crest":{"dmean":3.24636936188,"dmean2":5.08568620682,"dvar":9.866065979,"dvar2":22.0451946259,"max":33.0874290466,"mean":10.7479009628,"median":9.21175003052,"min":2.45958018303,"var":33.3241081238},"erbbands_flatness_db":{"dmean":0.0240622330457,"dmean2":0.0340133421123,"dvar":0.000511303020176,"dvar2":0.000990386586636,"max":0.36406236887,"mean":0.190111041069,"median":0.18572896719,"min":0.0278313215822,"var":0.00202373508364},"erbbands_kurtosis":{"dmean":1.33797395229,"dmean2":2.07514381409,"dvar":4.86734676361,"dvar2":10.5503082275,"max":40.2341041565,"mean":1.31951594353,"median":0.210168838501,"min":-1.52823281288,"var":11.4198770523},"erbbands_skewness":{"dmean":0.396518081427,"dmean2":0.619454443455,"dvar":0.140124589205,"dvar2":0.336551904678,"max":3.35121750832,"mean":0.139123573899,"median":0.194923385978,"min":-3.59834527969,"var":0.44822716713},"erbbands_spread":{"dmean":6.42893409729,"dmean2":9.73071861267,"dvar":38.6897506714,"dvar2":86.5715637207,"max":110.514060974,"mean":24.9452457428,"median":23.5216007233,"min":1.96372818947,"var":133.818710327},"gfcc":{"cov":[[18306.234375,601.447387695,-1467.40368652,704.323181152,-1025.22753906,246.201446533,-496.565643311,-26.7616119385,-275.828430176,43.3071517944,-171.88218689,-27.2835540771,-115.632232666],[601.447387695,1046.40539551,-204.124435425,-145.930877686,243.946029663,-92.6077651978,163.29637146,-69.1164169312,81.2272872925,-98.4479598999,-2.34582829475,-81.8873138428,29.9123210907],[-1467.40368652,-204.124435425,439.699432373,39.5938873291,46.9272346497,89.6601104736,19.7678413391,27.5543994904,3.30440688133,33.210308075,7.7759346962,11.5552206039,-21.462223053],[704.323181152,-145.930877686,39.5938873291,213.165466309,-83.7368850708,47.5287971497,-34.8093757629,16.1710166931,-14.8313989639,20.1679592133,1.11208319664,-0.734735786915,-13.156829834],[-1025.22753906,243.946029663,46.9272346497,-83.7368850708,287.978881836,16.1133422852,95.9069442749,-22.8497066498,26.3394031525,-7.11554908752,26.6701221466,-31.7967414856,-6.0606803894],[246.201446533,-92.6077651978,89.6601104736,47.5287971497,16.1133422852,182.826751709,27.9083156586,-12.5630836487,-26.2151451111,34.0730781555,26.8232555389,10.9173870087,-25.6949481964],[-496.565643311,163.29637146,19.7678413391,-34.8093757629,95.9069442749,27.9083156586,160.097824097,34.503238678,12.2534151077,-31.8417186737,25.5718574524,7.63703775406,11.1396484375],[-26.7616119385,-69.1164169312,27.5543994904,16.1710166931,-22.8497066498,-12.5630836487,34.503238678,117.025756836,28.2282505035,-19.8959465027,-29.8921527863,15.6095991135,11.5642299652],[-275.828430176,81.2272872925,3.30440688133,-14.8313989639,26.3394031525,-26.2151451111,12.2534151077,28.2282505035,99.9886245728,19.6679382324,-18.3163948059,-24.0376434326,9.61953449249],[43.3071517944,-98.4479598999,33.210308075,20.1679592133,-7.11554908752,34.0730781555,-31.8417186737,-19.8959465027,19.6679382324,94.4346694946,40.8311386108,-9.99665641785,-33.4741401672],[-171.88218689,-2.34582829475,7.7759346962,1.11208319664,26.6701221466,26.8232555389,25.5718574524,-29.8921527863,-18.3163948059,40.8311386108,96.4347991943,30.291097641,-21.5339050293],[-27.2835540771,-81.8873138428,11.5552206039,-0.734735786915,-31.7967414856,10.9173870087,7.63703775406,15.6095991135,-24.0376434326,-9.99665641785,30.291097641,77.9736785889,21.9830627441],[-115.632232666,29.9123210907,-21.462223053,-13.156829834,-6.0606803894,-25.6949481964,11.1396484375,11.5642299652,9.61953449249,-33.4741401672,-21.5339050293,21.9830627441,64.2617721558]],"icov":[[0.000321114785038,-0.000947585212998,0.000981703517027,-0.000823887006845,0.000833283818793,-0.0010411638068,0.000969381828327,-0.00107761321124,0.00146639859304,-0.00149362033699,0.00123719638214,-0.000807463482488,0.000559504667763],[-0.000947585212998,0.00514204567298,-0.0021076912526,0.0026399535127,-0.00323667866178,0.00346371671185,-0.0045221731998,0.0053069582209,-0.00670073879883,0.00740063702688,-0.00466349255294,0.00408674357459,-0.00145608419552],[0.000981703517027,-0.0021076912526,0.00604417268187,-0.00287227728404,0.00146026676521,-0.00405686162412,0.00240467488766,-0.00327260443009,0.00373646593653,-0.00465463846922,0.00452132662758,-0.00310416286811,0.00245883082971],[-0.000823887006845,0.0026399535127,-0.00287227728404,0.00835741590708,-0.000403733429266,0.00083560612984,-0.0012878861744,0.00110547128133,-0.00340961944312,0.0045524770394,-0.00527407508343,0.00480447849259,-0.00216825865209],[0.000833283818793,-0.00323667866178,0.00146026676521,-0.000403733429266,0.00828983820975,-0.00327133783139,0.00043329645996,-0.00212591304444,0.00328992330469,-0.003450257238,0.00125697732437,0.000668760156259,0.00109500635881],[-0.0010411638068,0.00346371671185,-0.00405686162412,0.00083560612984,-0.00327133783139,0.0118235759437,-0.00696595851332,0.00584528036416,-0.00264553143643,0.000790375866927,-0.000888187962119,-0.0000899882797967,0.000446059042588],[0.000969381828327,-0.0045221731998,0.00240467488766,-0.0012878861744,0.00043329645996,-0.00696595851332,0.0172392427921,-0.0104762250558,0.00406590802595,0.00123326247558,-0.00465232459828,0.000308404210955,-0.00108960538637],[-0.00107761321124,0.0053069582209,-0.00327260443009,0.00110547128133,-0.00212591304444,0.00584528036416,-0.0104762250558,0.0202488303185,-0.0112522095442,0.00696261646226,0.00307087181136,-0.00351667101495,0.00257617537864],[0.00146639859304,-0.00670073879883,0.00373646593653,-0.00340961944312,0.00328992330469,-0.00264553143643,0.00406590802595,-0.0112522095442,0.0255443863571,-0.0188619866967,0.00994290038943,-0.00108506437391,-0.00306602101773],[-0.00149362033699,0.00740063702688,-0.00465463846922,0.0045524770394,-0.003450257238,0.000790375866927,0.00123326247558,0.00696261646226,-0.0188619866967,0.0363328121603,-0.0216810982674,0.0115686245263,0.00229560071602],[0.00123719638214,-0.00466349255294,0.00452132662758,-0.00527407508343,0.00125697732437,-0.000888187962119,-0.00465232459828,0.00307087181136,0.00994290038943,-0.0216810982674,0.0341712832451,-0.0206807535142,0.0105875981972],[-0.000807463482488,0.00408674357459,-0.00310416286811,0.00480447849259,0.000668760156259,-0.0000899882797967,0.000308404210955,-0.00351667101495,-0.00108506437391,0.0115686245263,-0.0206807535142,0.0315201543272,-0.014325930737],[0.000559504667763,-0.00145608419552,0.00245883082971,-0.00216825865209,0.00109500635881,0.000446059042588,-0.00108960538637,0.00257617537864,-0.00306602101773,0.00229560071602,0.0105875981972,-0.014325930737,0.0277334023267]],"mean":[-19.9707450867,103.386985779,-148.531066895,17.695110321,-59.7562446594,6.25773286819,-31.2388572693,-4.7457113266,-26.5893135071,-7.64342451096,-23.9561252594,-3.28438997269,-10.3101387024]},"hfc":{"dmean":10.6775627136,"dmean2":14.4844894409,"dvar":184.189193726,"dvar2":363.067077637,"max":180.685974121,"mean":23.7924137115,"median":18.0670185089,"min":1.10990776955e-16,"var":419.007232666},"melbands":{"dmean":[0.0000663437167532,0.000358699762728,0.0003159357002,0.000364337873179,0.000189579135622,0.000216734959395,0.000144993828144,0.000114060872875,0.000112116948003,0.00018830341287,0.000123569814605,0.000137142356834,0.000134178553708,0.000157955830218,0.000129130392452,0.0000563073190278,0.0000662096717861,0.0000628634734312,0.0000294845485769,0.0000286788290396,0.0000288759765681,0.0000205149244721,0.0000159633873409,0.0000158331567945,0.00000994653419184,0.0000078771772678,0.00000681930987412,0.00000573130955672,0.00000693597758072,0.00000578340586799,0.00000534194714419,0.00000367702364201,0.00000267807331511,0.00000164548225712,0.00000107296386886,6.84402266415e-7,4.72285904607e-7,2.96591281312e-7,1.73882824583e-7,1.53601803277e-7],"dmean2":[0.000104739017843,0.000586144276895,0.000525105278939,0.0006061164313,0.000316348479828,0.00037902087206,0.000238498134422,0.000184523538337,0.00016847452207,0.000317381578498,0.00018848865875,0.000217711814912,0.000209962949157,0.000233724073041,0.00020508968737,0.000093461596407,0.000100947618193,0.0000968104868662,0.0000461281997559,0.0000452399726782,0.0000448306418548,0.0000323523709085,0.0000242530495598,0.0000247178086283,0.000015730422092,0.0000122054143503,0.0000106547995529,0.00000865054607857,0.0000106291381599,0.00000867223388923,0.00000789682871982,0.00000530185116077,0.00000390458944821,0.00000235799052462,0.00000157323768235,9.95553364191e-7,6.92632681876e-7,4.17905511085e-7,2.39009665393e-7,2.17138079961e-7],"dvar":[9.86462200814e-9,2.72700646065e-7,1.8709562255e-7,2.61892381559e-7,9.76391589802e-8,2.36651388263e-7,7.92736045696e-8,3.29283125211e-8,2.72506444077e-8,1.55837071247e-7,4.28630677618e-8,7.19005726069e-8,4.83775011162e-8,1.44336880226e-7,1.55682741365e-7,4.74711541187e-8,3.87681247105e-8,4.52960229325e-8,6.18563511523e-9,2.36208919091e-9,3.52346374299e-9,1.32415212128e-9,7.15111858618e-10,1.08812381328e-9,3.80045883652e-10,2.26619098487e-10,1.66516120337e-10,1.22781229628e-10,2.00756203328e-10,1.28659055632e-10,1.04969324899e-10,5.31857474728e-11,3.03369551702e-11,1.11621397889e-11,4.89973946832e-12,1.85083285503e-12,8.66424824681e-13,2.86817011114e-13,8.47725616917e-14,7.45948374142e-14],"dvar2":[2.3071057953e-8,7.33294484689e-7,4.877659876e-7,6.83634311827e-7,2.58003893805e-7,6.75343187595e-7,1.97214603759e-7,8.32278814755e-8,5.6118668823e-8,4.30603563473e-7,1.00360836086e-7,1.64285523852e-7,1.17085299678e-7,2.86170887875e-7,3.68812806073e-7,1.41536801834e-7,8.67692548923e-8,1.09139861593e-7,1.55591788342e-8,5.74694247746e-9,8.55912851705e-9,3.35335581525e-9,1.6743381126e-9,2.68540412129e-9,9.31980936869e-10,5.42737299547e-10,4.03364536217e-10,2.88796986325e-10,4.83580397947e-10,2.91043134037e-10,2.35190450448e-10,1.13278213199e-10,6.74625424968e-11,2.41539652862e-11,1.06585174714e-11,4.08737193397e-12,1.91380613614e-12,6.05114374407e-13,1.73166209562e-13,1.57826713938e-13],"max":[0.00130416941829,0.0070654284209,0.00529983919114,0.00779207888991,0.00441356329247,0.00981825590134,0.00516816694289,0.00297787156887,0.00307319662534,0.00525023275986,0.00372574781068,0.005888806656,0.00338434032165,0.00737436534837,0.00757146114483,0.00511872163042,0.00513130659238,0.00392902269959,0.00171907595359,0.000623394444119,0.00149852223694,0.00072616012767,0.00052462995518,0.00120045756921,0.000415538583184,0.000227404321777,0.000139196956297,0.000131831300678,0.000223668568651,0.000162972821272,0.000128688639961,0.000135867870995,0.000114061440399,0.0000493443694722,0.0000297734677588,0.000015651636204,0.0000119298383652,0.00000605811374044,0.00000366371614291,0.0000034194190448],"mean":[0.000107051579107,0.00065899087349,0.000574313802645,0.000605373235885,0.000310638948577,0.000264747504843,0.000231106459978,0.000188713005628,0.000221419875743,0.000256795756286,0.000208500554436,0.000247674499406,0.000252739177085,0.000288787327008,0.000215260559344,0.0000838109845063,0.000106655701529,0.000102669546322,0.0000425971520599,0.0000443860226369,0.0000410228567489,0.0000283457102341,0.0000231501053349,0.0000211776841752,0.0000112948446258,0.0000092102218332,0.00000846373131935,0.00000668694838168,0.00000786370856076,0.00000679404865878,0.00000640350481262,0.00000449444314654,0.0000031133106404,0.00000192199831872,0.00000120770698686,7.58537169077e-7,5.24062159002e-7,3.65906970501e-7,2.30194501682e-7,1.85778105788e-7],"median":[0.0000425507314503,0.000380177109037,0.000406099134125,0.000351134425728,0.000197696805117,0.000141110678669,0.000104265505797,0.000113803143904,0.000127207924379,0.000115821843792,0.0000887901260285,0.000121896198834,0.000124047335703,0.0000818330590846,0.000055893073295,0.0000265829676209,0.0000286319991574,0.0000267572650046,0.0000179218623089,0.0000237489512074,0.0000193971991393,0.0000132701179609,0.0000113357955343,0.00000847462615639,0.00000356310943062,0.00000316453201776,0.0000029054085644,0.00000205827655009,0.00000248268975156,0.00000195400389202,0.00000190058381122,0.00000119504841223,7.55335520353e-7,4.62935076939e-7,2.54896804108e-7,1.58963004537e-7,1.17418707646e-7,1.07771725766e-7,7.81739544209e-8,5.32697796984e-8],"min":[1.25224776032e-24,8.13783289192e-25,3.74976077726e-24,1.71553324679e-24,2.65422191209e-24,2.7581212042e-24,1.1922280672e-24,1.84945244342e-24,4.0377174902e-24,2.92210684816e-24,2.63442091172e-24,2.46372580855e-24,3.16146933491e-24,4.02474388375e-24,3.96731323213e-24,5.2244317155e-24,1.74043245797e-24,2.83498288042e-24,2.633955681e-24,3.2507841666e-24,4.33893377166e-24,6.67006507825e-24,7.24112858728e-24,3.69960697305e-24,6.55255675223e-24,5.50155263504e-24,6.74839817727e-24,5.50856639735e-24,6.1721415969e-24,4.26943473148e-24,6.18986099055e-24,6.79461201568e-24,5.24132438292e-24,5.55653269026e-24,5.11681452194e-24,7.26686123001e-24,7.57759354058e-24,6.78814177854e-24,6.37846027805e-24,7.49181753891e-24],"var":[2.58665409092e-8,6.72153362302e-7,3.32897570843e-7,5.39872985428e-7,1.3108751773e-7,1.92416095501e-7,1.89465637845e-7,5.7760278338e-8,8.97511966969e-8,2.07023930443e-7,9.72885842998e-8,1.57968386816e-7,1.08586228009e-7,3.91830809576e-7,3.3023962942e-7,5.45012035502e-8,8.59612327986e-8,8.13857425896e-8,7.69568142545e-9,3.77682507491e-9,4.42145253743e-9,1.66985691941e-9,1.03970332344e-9,1.270417882e-9,4.27731128294e-10,2.6240121187e-10,2.16044529489e-10,1.50822465628e-10,2.2238007269e-10,1.64096111699e-10,1.41195943826e-10,7.64560637023e-11,3.96786839496e-11,1.50618267858e-11,6.46245773908e-12,2.40853994735e-12,1.09237662319e-12,4.19718432102e-13,1.38918512652e-13,1.07856750603e-13]},"melbands_crest":{"dmean":3.04309940338,"dmean2":4.98785066605,"dvar":7.54488945007,"dvar2":19.7534503937,"max":32.8967819214,"mean":10.7878675461,"median":9.86663913727,"min":1.93052625656,"var":18.5893249512},"melbands_flatness_db":{"dmean":0.0289889406413,"dmean2":0.038486558944,"dvar":0.000601798121352,"dvar2":0.0010895273881,"max":0.320678859949,"mean":0.168151408434,"median":0.167461529374,"min":0.00477460678667,"var":0.00251297838986},"melbands_kurtosis":{"dmean":1.63453495502,"dmean2":2.63477921486,"dvar":4.73218870163,"dvar2":11.2474994659,"max":53.647605896,"mean":1.98904168606,"median":1.26192188263,"min":-1.7894436121,"var":9.1527671814},"melbands_skewness":{"dmean":0.469369053841,"dmean2":0.728075623512,"dvar":0.188924580812,"dvar2":0.427999377251,"max":6.49804782867,"mean":1.07142496109,"median":1.05640423298,"min":-2.37369155884,"var":0.679862260818},"melbands_spread":{"dmean":7.15801525116,"dmean2":11.0078678131,"dvar":49.7334632874,"dvar2":113.709442139,"max":160.214157104,"mean":30.2868347168,"median":28.6707878113,"min":6.45668697357,"var":158.0209198},"mfcc":{"cov":[[10058.8525391,203.518051147,-172.723480225,247.549865723,-263.523681641,96.2373657227,-153.378646851,-45.0928688049,-147.949920654,-71.7956314087,-13.5907030106,34.0437164307,-34.9776306152],[203.518051147,1339.41320801,-348.721374512,41.4849700928,21.5603141785,40.9342308044,48.9174461365,47.1929397583,98.4658737183,-8.15023708344,8.60482311249,-23.1513767242,-22.071767807],[-172.723480225,-348.721374512,370.081085205,-7.65303182602,16.6544589996,41.980140686,8.19651699066,8.93607902527,-14.1119318008,10.5544958115,3.80680251122,11.7214288712,28.2129440308],[247.549865723,41.4849700928,-7.65303182602,132.459976196,3.77959561348,-17.5586109161,-5.79744243622,6.09597587585,9.35613059998,10.5844078064,1.53587627411,0.249254107475,-11.6919221878],[-263.523681641,21.5603141785,16.6544589996,3.77959561348,115.305328369,47.2239303589,21.5147304535,-10.3767776489,1.25671994686,18.2230701447,23.9737033844,3.42493271828,-12.9851493835],[96.2373657227,40.9342308044,41.980140686,-17.5586109161,47.2239303589,151.079101562,68.5632629395,-11.095366478,-30.9541320801,3.24130725861,33.0917243958,27.2501983643,20.8925457001],[-153.378646851,48.9174461365,8.19651699066,-5.79744243622,21.5147304535,68.5632629395,146.354614258,51.9006538391,-15.4256858826,-9.30025005341,9.74498271942,32.2072906494,44.4970054626],[-45.0928688049,47.1929397583,8.93607902527,6.09597587585,-10.3767776489,-11.095366478,51.9006538391,115.816917419,58.207157135,-14.237455368,-20.2236328125,8.31376552582,25.5791721344],[-147.949920654,98.4658737183,-14.1119318008,9.35613059998,1.25671994686,-30.9541320801,-15.4256858826,58.207157135,116.528915405,32.9852333069,-25.3728122711,-22.4293937683,-14.3967647552],[-71.7956314087,-8.15023708344,10.5544958115,10.5844078064,18.2230701447,3.24130725861,-9.30025005341,-14.237455368,32.9852333069,81.5641174316,37.6804733276,-9.99317932129,-18.3515110016],[-13.5907030106,8.60482311249,3.80680251122,1.53587627411,23.9737033844,33.0917243958,9.74498271942,-20.2236328125,-25.3728122711,37.6804733276,93.1566314697,32.0230712891,-6.85353946686],[34.0437164307,-23.1513767242,11.7214288712,0.249254107475,3.42493271828,27.2501983643,32.2072906494,8.31376552582,-22.4293937683,-9.99317932129,32.0230712891,67.1536560059,39.6625785828],[-34.9776306152,-22.071767807,28.2129440308,-11.6919221878,-12.9851493835,20.8925457001,44.4970054626,25.5791721344,-14.3967647552,-18.3515110016,-6.85353946686,39.6625785828,86.0170288086]],"icov":[[0.000131427965243,-0.0000217404722207,0.000073961855378,-0.000266388989985,0.000367445405573,-0.000389634835301,0.000376404845156,-0.000315068638884,0.000402225356083,-0.000190503662452,0.000221546928515,-0.000186317236512,0.000166721947608],[-0.0000217404722207,0.00126601499505,0.0011428167345,-0.000451523548691,-0.0000335746372002,-0.000699700147379,-0.000545340764802,0.000614057120401,-0.00207714596763,0.00162014295347,-0.00140961748548,0.00126807170454,-0.000554833328351],[0.000073961855378,0.0011428167345,0.00413164077327,-0.000499647052493,-0.00019525726384,-0.00201385305263,0.00104425661266,-0.00124641892035,-0.00000653065717415,-0.000398529984523,-0.00011060952238,0.000884106790181,-0.00131221814081],[-0.000266388989985,-0.000451523548691,-0.000499647052493,0.00872591603547,-0.00126213137992,0.00208134204149,-0.00046481192112,-0.000711927947123,0.000827656709589,-0.00212816009298,0.00125599070452,-0.00201706355438,0.00159649772104],[0.000367445405573,-0.0000335746372002,-0.00019525726384,-0.00126213137992,0.0120566384867,-0.00396654056385,-0.000690627319273,0.00093928957358,-0.00101002119482,-0.000497130677104,-0.00102752214298,-0.000508024299052,0.0027720045764],[-0.000389634835301,-0.000699700147379,-0.00201385305263,0.00208134204149,-0.00396654056385,0.0129136778414,-0.00648685824126,0.0044998661615,-0.00112472171895,0.00136692891829,-0.00259646959603,-0.000549373158719,-0.000962552439887],[0.000376404845156,-0.000545340764802,0.00104425661266,-0.00046481192112,-0.000690627319273,-0.00648685824126,0.0160555299371,-0.0114610660821,0.00897407438606,-0.00581311946735,0.00399818550795,-0.00279657985084,-0.00194876384921],[-0.000315068638884,0.000614057120401,-0.00124641892035,-0.000711927947123,0.00093928957358,0.0044998661615,-0.0114610660821,0.0245423056185,-0.0186754669994,0.0126450387761,-0.00667286291718,0.00238833460025,-0.00403992366046],[0.000402225356083,-0.00207714596763,-0.00000653065717415,0.000827656709589,-0.00101002119482,-0.00112472171895,0.00897407438606,-0.0186754669994,0.0292673781514,-0.0197542216629,0.0140147954226,-0.00518915103748,0.00497055193409],[-0.000190503662452,0.00162014295347,-0.000398529984523,-0.00212816009298,-0.000497130677104,0.00136692891829,-0.00581311946735,0.0126450387761,-0.0197542216629,0.0316260010004,-0.0195594858378,0.0114455772564,-0.00437546521425],[0.000221546928515,-0.00140961748548,-0.00011060952238,0.00125599070452,-0.00102752214298,-0.00259646959603,0.00399818550795,-0.00667286291718,0.0140147954226,-0.0195594858378,0.0287116281688,-0.0178039632738,0.00899675674736],[-0.000186317236512,0.00126807170454,0.000884106790181,-0.00201706355438,-0.000508024299052,-0.000549373158719,-0.00279657985084,0.00238833460025,-0.00518915103748,0.0114455772564,-0.0178039632738,0.0338843539357,-0.0149906417355],[0.000166721947608,-0.000554833328351,-0.00131221814081,0.00159649772104,0.0027720045764,-0.000962552439887,-0.00194876384921,-0.00403992366046,0.00497055193409,-0.00437546521425,0.00899675674736,-0.0149906417355,0.0225876290351]],"mean":[-646.772155762,132.02961731,-28.5411682129,13.3344449997,-12.8576869965,7.81939840317,-4.66816329956,2.46782255173,1.67616081238,-9.21621417999,-7.38867712021,-3.88403725624,-5.47361040115]},"pitch_salience":{"dmean":0.0685584396124,"dmean2":0.108157739043,"dvar":0.00350261665881,"dvar2":0.00817305129021,"max":0.98324406147,"mean":0.59529542923,"median":0.606200635433,"min":0.202783316374,"var":0.0116231692955},"silence_rate_20dB":{"dmean":0,"dmean2":0,"dvar":0,"dvar2":0,"max":1,"mean":1,"median":1,"min":1,"var":0},"silence_rate_30dB":{"dmean":0,"dmean2":0,"dvar":0,"dvar2":0,"max":1,"mean":1,"median":1,"min":1,"var":0},"silence_rate_60dB":{"dmean":0.00395726179704,"dmean2":0.00791608914733,"dvar":0.003941626288,"dvar2":0.00824928376824,"max":1,"mean":0.0751730948687,"median":0,"min":0,"var":0.0695220679045},"spectral_centroid":{"dmean":284.210601807,"dmean2":414.413208008,"dvar":110233.960938,"dvar2":233239.734375,"max":11701.2138672,"mean":1466.35461426,"median":1366.85241699,"min":445.917633057,"var":588637.875},"spectral_complexity":{"dmean":5.82944202423,"dmean2":7.92440128326,"dvar":38.8276290894,"dvar2":63.0693969727,"max":62,"mean":23.5782394409,"median":22,"min":0,"var":142.422515869},"spectral_contrast_coeffs":{"dmean":[0.0518803112209,0.0436601005495,0.0407906323671,0.031449124217,0.022475130856,0.0213596913964],"dmean2":[0.0870143175125,0.0731063783169,0.0651287063956,0.0506101064384,0.0363691784441,0.0341233238578],"dvar":[0.00167096080258,0.00122339080554,0.0010940838838,0.000728742568754,0.000366969994502,0.000382929312764],"dvar2":[0.00464583793655,0.0033348093275,0.00269254366867,0.00180209940299,0.000881022482645,0.000932571012527],"max":[-0.349245131016,-0.510363221169,-0.474503755569,-0.551195859909,-0.593626201153,-0.615274548531],"mean":[-0.598155379295,-0.771180570126,-0.750549852848,-0.766536772251,-0.800545871258,-0.7248005867],"median":[-0.59634411335,-0.773687660694,-0.756540238857,-0.772282004356,-0.802522540092,-0.722832798958],"min":[-0.999804854393,-0.999470889568,-0.99862664938,-0.994998335838,-0.979544043541,-0.964724779129],"var":[0.0066303126514,0.00353712495416,0.00432244082913,0.00342682376504,0.00156787829474,0.0017005763948]},"spectral_contrast_valleys":{"dmean":[0.456079900265,0.38723808527,0.326290607452,0.327815979719,0.429136574268,0.536460340023],"dmean2":[0.744854271412,0.605961799622,0.48813393712,0.449469655752,0.531636059284,0.604789614677],"dvar":[0.172236025333,0.130108997226,0.0978248342872,0.097294896841,0.155408740044,0.239061713219],"dvar2":[0.382800608873,0.261098653078,0.16630358994,0.15038511157,0.247329086065,0.442444235086],"max":[-6.10312891006,-4.49486637115,-5.01708459854,-5.62234210968,-5.41468667984,-8.31476402283],"mean":[-8.00185966492,-6.65054321289,-6.89414930344,-7.45625066757,-7.56831026077,-10.6998968124],"median":[-7.70054531097,-6.39461612701,-6.6263422966,-7.22573947906,-7.40922832489,-10.4478607178],"min":[-27.8287315369,-27.8623466492,-27.95262146,-27.5974731445,-27.4517211914,-27.4514484406],"var":[2.91805148125,3.10944128036,3.00670289993,2.89558148384,3.06244683266,2.72195768356]},"spectral_decrease":{"dmean":1.77993941808e-9,"dmean2":2.52027110292e-9,"dvar":4.00462412288e-18,"dvar2":8.19552270226e-18,"max":1.23379586136e-28,"mean":-5.42170530693e-9,"median":-4.89469487164e-9,"min":-2.88187855801e-8,"var":1.21876841084e-17},"spectral_energy":{"dmean":0.00759009411559,"dmean2":0.0106259966269,"dvar":0.0000740788236726,"dvar2":0.000149400104419,"max":0.125157386065,"mean":0.0226207785308,"median":0.020158810541,"min":9.99528136043e-21,"var":0.00022019786411},"spectral_energyband_high":{"dmean":0.000607262190897,"dmean2":0.000857313745655,"dvar":0.00000121980019685,"dvar2":0.00000255547934103,"max":0.0171019360423,"mean":0.000755671528168,"median":0.000234854131122,"min":7.1392633888e-21,"var":0.00000181780353614},"spectral_energyband_low":{"dmean":0.00139631563798,"dmean2":0.00224661943503,"dvar":0.00000318557840728,"dvar2":0.00000846083275974,"max":0.0240290407091,"mean":0.00281640258618,"median":0.00196805945598,"min":1.38665638598e-23,"var":0.00000852088760439},"spectral_energyband_middle_high":{"dmean":0.0045720031485,"dmean2":0.00653028767556,"dvar":0.000032804604416,"dvar2":0.0000677091520629,"max":0.0616066157818,"mean":0.0106661338359,"median":0.00797223299742,"min":1.18285060547e-21,"var":0.0000911334354896},"spectral_energyband_middle_low":{"dmean":0.00376361398958,"dmean2":0.00594817521051,"dvar":0.0000232990096265,"dvar2":0.0000578394137847,"max":0.0763799250126,"mean":0.00909830164164,"median":0.00752447498962,"min":1.79896801184e-22,"var":0.0000487759862153},"spectral_entropy":{"dmean":0.189073562622,"dmean2":0.249864891171,"dvar":0.0289060976356,"dvar2":0.0513443015516,"max":9.82114982605,"mean":7.605509758,"median":7.60998249054,"min":6.54365777969,"var":0.1384793818},"spectral_flux":{"dmean":0.0228371173143,"dmean2":0.0330967530608,"dvar":0.000550163968001,"dvar2":0.00115349062253,"max":0.244012072682,"mean":0.0772115588188,"median":0.0717908814549,"min":6.57956744643e-11,"var":0.00157419091556},"spectral_kurtosis":{"dmean":2.19028615952,"dmean2":3.60568857193,"dvar":6.10696840286,"dvar2":15.6830101013,"max":31.8452301025,"mean":5.22075557709,"median":4.40167045593,"min":-1.25377082825,"var":12.0279521942},"spectral_rms":{"dmean":0.000749709026422,"dmean2":0.00102950260043,"dvar":5.46288958958e-7,"dvar2":0.00000103858644707,"max":0.0110501032323,"mean":0.00437899911776,"median":0.00443476391956,"min":3.12273817915e-12,"var":0.00000289345666715},"spectral_rolloff":{"dmean":444.648101807,"dmean2":713.736694336,"dvar":339122.5625,"dvar2":698517.0625,"max":19466.015625,"mean":1755.08166504,"median":1571.92382812,"min":258.3984375,"var":1852341.875},"spectral_skewness":{"dmean":0.281540721655,"dmean2":0.441999614239,"dvar":0.0693918466568,"dvar2":0.165774509311,"max":3.74420881271,"mean":1.5425208807,"median":1.51937174797,"min":-0.0564544685185,"var":0.197811484337},"spectral_spread":{"dmean":489291.9375,"dmean2":681234.25,"dvar":475307474944,"dvar2":882790367232,"max":42563904,"mean":3709116,"median":3543776.25,"min":1346845.625,"var":6761074393090},"spectral_strongpeak":{"dmean":1.00485873222,"dmean2":1.64103627205,"dvar":1.83608531952,"dvar2":4.2771859169,"max":14.8902864456,"mean":1.80082011223,"median":0.977915942669,"min":0,"var":4.207239151},"zerocrossingrate":{"dmean":0.00888644810766,"dmean2":0.0101547623053,"dvar":0.000100756813481,"dvar2":0.000159543880727,"max":0.51708984375,"mean":0.0638032406569,"median":0.05859375,"min":0.01708984375,"var":0.00128573121037}},"metadata":{"audio_properties":{"analysis_sample_rate":44100,"bit_rate":0,"codec":"flac","downmix":"mix","equal_loudness":0,"length":117.333335876,"lossless":true,"md5_encoded":"2175e6277845ba8ad5bf6b15b28867da","replay_gain":-6.63255882263,"sample_rate":44100},"tags":{"album":["Surfer Girl"],"albumartist":["The Beach Boys"],"albumartistsort":["Beach Boys, The"],"artist":["The Beach Boys"],"artistsort":["Beach Boys, The"],"catalognumber":["T 1981","T-1981"],"date":["1963-09-23"],"discnumber":["1"],"disctotal":["1"],"file_name":"01-12 Boogie Woodie.flac","genre":["Pop"],"label":["Capitol Records","Capitol Records"],"media":["12\" Vinyl"],"musicbrainz_albumartistid":["ebfc1398-8d96-47e3-82c3-f782abcdb13d"],"musicbrainz_albumid":["64a283a3-8eb7-4488-a99a-f52ffaaced83"],"musicbrainz_artistid":["ebfc1398-8d96-47e3-82c3-f782abcdb13d"],"musicbrainz_recordingid":["0fbddca7-4e3a-4817-b35e-611b0787c9d3"],"musicbrainz_releasegroupid":["09f10c6c-e9b4-383c-9744-3df6e3d2770e"],"originaldate":["1963-09-23"],"performer":["The Beach Boys"],"releasecountry":["US"],"releasestatus":["official"],"releasetype":["album"],"script":["Latn"],"title":["Boogie Woodie"],"totaldiscs":["1"],"totaltracks":["12"],"tracknumber":["12"],"tracktotal":["12"]},"version":{"essentia":"2.1-beta1","essentia_build_sha":"ca57ba49d9b1854bd80e60cf9ccf267278fb7d6b","essentia_git_sha":"v2.1_beta1-28-g21ef5f4-dirty","extractor":"music 1.0"}},"rhythm":{"beats_count":185,"beats_loudness":{"dmean":0.0139995953068,"dmean2":0.0257119499147,"dvar":0.000151438624016,"dvar2":0.000514007522725,"max":0.0800458267331,"mean":0.0345954075456,"median":0.0343288853765,"min":2.01828220803e-9,"var":0.000269511510851},"beats_loudness_band_ratio":{"dmean":[0.110568314791,0.0995431244373,0.092385776341,0.167286768556,0.0716557428241,0.0542183630168],"dmean2":[0.19855132699,0.175494834781,0.162303194404,0.300258815289,0.13042011857,0.0946952700615],"dvar":[0.0103690586984,0.00773910293356,0.00532300071791,0.0209418646991,0.00509961228818,0.00200199848041],"dvar2":[