{"lowlevel":{"average_loudness":0.876180410385,"barkbands":{"dmean":[0.0000669025903335,0.00166555389296,0.00452439207584,0.00213121133856,0.00188273412641,0.000747551501263,0.000597304548137,0.00078175670933,0.000742028933018,0.000785796204582,0.000368740817066,0.000411572487792,0.000329323956976,0.000420790747739,0.000438527698861,0.000363332394045,0.000575460784603,0.000201680202736,0.000241264162469,0.000150943407789,0.000115031027235,0.0000736383881303,0.0000672751993989,0.0000318413731293,0.0000162210908456,0.0000179736307473,0.00000935713524086],"dmean2":[0.000095018040156,0.00296303187497,0.00788324698806,0.00352812372148,0.00305840233341,0.00121052376926,0.000965057872236,0.0011456675129,0.0011495181825,0.00125508848578,0.000581569038332,0.000632636074442,0.000520983187016,0.000679294636939,0.000709928048309,0.000596374797169,0.000940715777688,0.000324796768837,0.000387563428376,0.00024577890872,0.000184148535482,0.000116837923997,0.000101363060821,0.0000474299959023,0.0000236973246501,0.0000260400611296,0.0000139744761327],"dvar":[4.95878094142e-9,0.0000125154683701,0.0000968911263044,0.0000116135925055,0.0000138538216561,0.0000016443639197,0.00000139267478971,0.00000216822377297,0.00000167973382759,0.00000295045401799,6.75491776292e-7,0.00000126934889977,3.14000999424e-7,8.13410167666e-7,7.18418618817e-7,0.00000113102464638,5.4122358506e-7,1.17461631532e-7,1.97997877649e-7,8.44763548002e-8,3.63844137041e-8,2.88006489768e-8,6.46198117238e-8,9.35255251022e-9,1.39920408593e-9,1.17973952829e-9,3.4265415505e-10],"dvar2":[1.01597779079e-8,0.0000347404966305,0.00026499980595,0.000030236393286,0.0000337077835866,0.00000408176629207,0.00000355469455826,0.00000496909933645,0.00000404716820412,0.00000751892685003,0.00000171974318164,0.00000304262380268,7.81813866979e-7,0.00000211879319068,0.00000190181663129,0.0000029180000638,0.00000141233624618,2.74322616178e-7,4.46644065732e-7,2.20846601451e-7,8.73695995551e-8,6.83108893895e-8,1.25251830241e-7,1.75853713813e-8,3.07718539538e-9,2.53401499783e-9,7.57669427198e-10],"max":[0.00124729657546,0.0389704294503,0.101526394486,0.044937055558,0.048200443387,0.0330803543329,0.0216831956059,0.0286050885916,0.0290563218296,0.0281224753708,0.0159218516201,0.0293012652546,0.0161101408303,0.0219312943518,0.0174734182656,0.0409711226821,0.0101109305397,0.0158958919346,0.0278759654611,0.0120457336307,0.00536131625995,0.00356649374589,0.00851358287036,0.00451866257936,0.00211514602415,0.000883300614078,0.000385980005376],"mean":[0.000124287340441,0.00172779941931,0.00437217950821,0.00286094564945,0.00250057061203,0.00127946271095,0.000967789383139,0.00164807599504,0.00140720256604,0.00141418073326,0.00064378476236,0.000727271486539,0.000628479523584,0.000831222860143,0.000821782508865,0.000667296524625,0.00127459946088,0.000463454140117,0.00056478579063,0.000357439072104,0.000295149133308,0.00015290932788,0.00012814393267,0.0000761848714319,0.0000433791901742,0.0000373801740352,0.0000141105138027],"median":[0.0000925197527977,0.000914430303965,0.00169296131935,0.00138994806912,0.00131498288829,0.000679873977788,0.000407541403547,0.000565839698538,0.000803086382803,0.000362503575161,0.000165245190146,0.000242252543103,0.000389326887671,0.00028400454903,0.000286689784843,0.000293856021017,0.000964000704698,0.000346716609783,0.000440207426436,0.000251312681939,0.000233338127146,0.0000886563211679,0.000057485915022,0.0000483693547721,0.0000289059917122,0.0000197630215553,0.00000387023419535],"min":[9.69231486009e-26,3.96556117206e-24,7.70039472883e-25,1.16280187911e-24,4.12510316254e-24,2.34123267047e-24,1.110073864e-23,9.51838306062e-24,1.68942199027e-23,1.04203697751e-23,8.78383917303e-24,2.07315422682e-23,2.46160748036e-23,4.57203207174e-23,5.17269253753e-23,6.17702890575e-23,7.5840134484e-23,1.01607121061e-22,1.54247285462e-22,1.7129987077e-22,1.88678514377e-22,3.0868594227e-22,3.97082943762e-22,6.00959033872e-22,8.0554704255e-22,1.28487745733e-21,1.86998677362e-21],"var":[1.12759828141e-8,0.0000090773910415,0.000073646166129,0.0000160695180966,0.0000149888410306,0.00000337715505339,0.00000255808186012,0.00000760235434427,0.00000359125056093,0.00000736026368031,0.00000173904425083,0.00000319922810377,6.49875289582e-7,0.00000240197050516,0.00000199221267394,0.00000259929970525,0.00000148386982346,3.12026799065e-7,4.74271757867e-7,2.1341307388e-7,9.14014535169e-8,5.01107528805e-8,1.51526393211e-7,2.56831835799e-8,2.9400726298e-9,2.30087149333e-9,5.40031797058e-10]},"barkbands_crest":{"dmean":2.34165048599,"dmean2":3.86356878281,"dvar":4.65153980255,"dvar2":12.4932880402,"max":23.1082458496,"mean":7.97366762161,"median":7.15461158752,"min":2.46534824371,"var":11.241607666},"barkbands_flatness_db":{"dmean":0.0177842844278,"dmean2":0.0282894410193,"dvar":0.000359805184416,"dvar2":0.000903344189283,"max":0.442548304796,"mean":0.104731276631,"median":0.0860998481512,"min":0.0221176482737,"var":0.00363159086555},"barkbands_kurtosis":{"dmean":1.92135584354,"dmean2":3.1811478138,"dvar":16.9118766785,"dvar2":45.000919342,"max":79.8315200806,"mean":1.77002096176,"median":0.100010991096,"min":-1.92468285561,"var":25.9696731567},"barkbands_skewness":{"dmean":0.493737518787,"dmean2":0.77782201767,"dvar":0.313354045153,"dvar2":0.805077433586,"max":7.87713813782,"mean":1.01352143288,"median":0.857065796852,"min":-2.21910881996,"var":1.1480679512},"barkbands_spread":{"dmean":5.0734705925,"dmean2":8.0779504776,"dvar":25.8839206696,"dvar2":64.2633285522,"max":106.605430603,"mean":26.078037262,"median":25.6967716217,"min":0.984731197357,"var":111.916778564},"dissonance":{"dmean":0.0148362219334,"dmean2":0.0249544195831,"dvar":0.000225213574595,"dvar2":0.000614584016148,"max":0.499999970198,"mean":0.470206230879,"median":0.478067815304,"min":0.217478081584,"var":0.000784598116297},"dynamic_complexity":3.0253765583,"erbbands":{"dmean":[0.0282285697758,0.508178472519,4.05042457581,7.24021673203,7.88943767548,4.38291072845,4.88581800461,6.64339494705,8.32804393768,10.0015096664,17.4593582153,18.6734409332,15.4975585938,24.6562004089,15.8324165344,18.5357990265,14.5177717209,19.2785968781,25.7389011383,15.0694713593,14.649723053,32.4651412964,13.8367395401,14.2771606445,8.7009601593,6.7468214035,4.72671127319,4.59104681015,2.73266339302,2.33596515656,1.83142697811,0.984274446964,0.400750994682,0.202889084816,0.117132872343,0.0616427026689,0.0382243208587,0.0122833428904,0.00177326076664,0.0000647373162792],"dmean2":[0.0482005290687,0.904943585396,7.03240776062,12.2370376587,13.0186796188,7.2154083252,7.87560367584,10.7066926956,13.2413625717,15.702337265,25.3919868469,28.7694263458,24.7354698181,39.1729469299,25.1378669739,28.189365387,22.856546402,31.0773105621,41.8810310364,24.5807209015,23.9712123871,53.0622138977,22.1460475922,23.1233062744,13.8634243011,10.9280967712,7.59413146973,7.45338249207,4.32914400101,3.64790201187,2.76799035072,1.47228646278,0.596098661423,0.305512666702,0.171952426434,0.0885671451688,0.0568305253983,0.018376685679,0.00266990507953,0.0000984405269264],"dvar":[0.00200202013366,1.27870535851,82.1689834595,161.165588379,305.65512085,47.7724761963,71.6175613403,180.954025269,269.35333252,444.791015625,1215.97412109,1077.89501953,996.735900879,3233.25024414,1292.38574219,2904.33813477,576.869873047,1657.28894043,2556.99902344,1571.20666504,1127.35302734,1844.43310547,424.75289917,523.542785645,454.288238525,173.252075195,68.1583709717,57.5725402832,35.7952346802,58.5407600403,47.0103683472,12.9873991013,1.12198150158,0.211498394608,0.0747733563185,0.0152767850086,0.00541913928464,0.000579319952521,0.0000124845882965,1.64353046728e-8],"dvar2":[0.00527566159144,3.5422270298,222.843353271,436.42086792,757.336303711,121.414146423,175.559768677,444.641235352,677.980773926,1111.59802246,2779.23608398,2595.8918457,2537.09033203,8165.46240234,3303.87207031,6743.69921875,1448.89489746,4310.18603516,6780.36669922,4289.34082031,2914.21484375,4813.74169922,1013.54095459,1288.87072754,1017.5402832,440.343048096,163.514007568,142.712417603,86.1866226196,128.379867554,88.1340179443,24.7733421326,2.30284833908,0.468386977911,0.170832633972,0.0316885188222,0.0120180705562,0.00131134968251,0.00002797237903,3.72225770207e-8],"max":[0.523505628109,12.169175148,93.8213424683,131.768264771,245.008178711,112.154212952,186.770385742,374.916351318,316.772796631,492.496643066,782.10144043,889.953674316,926.469543457,1033.74438477,633.549865723,1499.97875977,712.536071777,992.169189453,1038.87561035,1100.13916016,1259.37182617,651.093444824,871.826538086,696.760192871,1611.3079834,533.581787109,179.393585205,201.340759277,106.301635742,313.422302246,233.854309082,173.258575439,47.2222976685,22.8699378967,17.0118236542,5.34073638916,1.81483376026,0.647603750229,0.0648424327374,0.00228819996119],"mean":[0.0358911044896,0.496002227068,3.93471026421,9.29772567749,9.03351593018,6.82487297058,7.84080505371,11.3443984985,14.3408460617,18.7505817413,37.243560791,36.3473358154,31.2222919464,44.8540000916,30.1028423309,34.4808120728,29.8179130554,41.2971496582,54.2017822266,32.5334129333,32.1922988892,71.5053100586,34.9639434814,33.1617584229,22.1381587982,16.3415870667,11.6247701645,11.3145294189,5.8875951767,4.43794345856,3.5636048317,2.09961009026,0.982623517513,0.511995971203,0.29107606411,0.145590469241,0.0729104280472,0.0204719696194,0.0026593846269,0.00011105836893],"median":[0.0213778782636,0.238621711731,1.50543427467,4.5214099884,4.05600070953,4.24998855591,4.24012231827,5.26026916504,6.74481010437,7.0998210907,14.6064357758,22.0914554596,13.1985797882,10.8825416565,8.93459320068,12.9381914139,19.2823181152,17.3102531433,19.5940952301,13.0383558273,20.9455451965,53.6346511841,27.6378536224,25.626033783,17.2793292999,11.3766212463,8.69830513,8.81144714355,3.69005274773,2.09532260895,1.66697454453,1.13598394394,0.66023516655,0.33308249712,0.187344670296,0.0838229358196,0.0366789847612,0.00913844723254,0.000623684260063,0.0000535702965863],"min":[1.55396043645e-22,2.75415929229e-22,1.93006339094e-21,4.41559068011e-21,2.06380916597e-20,1.47768465511e-20,3.1663834076e-20,1.91083212832e-20,1.22655284732e-19,2.12168712268e-19,3.44712708579e-19,4.75599435607e-19,3.56683175265e-19,6.81499527624e-19,8.46631764657e-19,1.10226976162e-18,1.33532448708e-18,2.28317875689e-18,2.52811376051e-18,3.19773363037e-18,4.3110957806e-18,4.73383594522e-18,5.83547756656e-18,6.3391457736e-18,8.66056198828e-18,8.5851322154e-18,9.29615433607e-18,9.93137941568e-18,1.05747199643e-17,1.20051170754e-17,1.21538259516e-17,1.01411036154e-17,1.09345468395e-17,8.1857718972e-18,6.27129132077e-18,4.41889561239e-18,2.37806981483e-18,9.72037101809e-19,2.39430866273e-19,2.73529726202e-20],"var":[0.00208858307451,0.899985492229,62.5148582458,176.615020752,285.718658447,64.6349487305,132.272384644,375.640899658,533.077453613,1220.79162598,3657.19897461,2175.71289062,2547.06494141,8036.52636719,3309.96313477,7546.02050781,1256.38806152,4913.85986328,8645.53808594,3940.07006836,2664.9206543,4840.71191406,1360.15893555,1346.91760254,1023.88299561,449.879943848,163.426025391,133.378570557,62.0644187927,107.248283386,118.510299683,34.8463363647,2.50263690948,0.4334461689,0.143038764596,0.0336907915771,0.00954635813832,0.000885433284566,0.0000194869844563,2.29774723692e-8]},"erbbands_crest":{"dmean":2.47298145294,"dmean2":3.97010326385,"dvar":5.24676799774,"dvar2":12.7528152466,"max":33.7240371704,"mean":8.99986553192,"median":7.86206817627,"min":2.21004295349,"var":19.5983505249},"erbbands_flatness_db":{"dmean":0.0152134457603,"dmean2":0.0220101233572,"dvar":0.000228433986194,"dvar2":0.000433183187852,"max":0.492290228605,"mean":0.150393888354,"median":0.143579810858,"min":0.0456320084631,"var":0.00270738778636},"erbbands_kurtosis":{"dmean":0.733134448528,"dmean2":1.11238312721,"dvar":2.47174572945,"dvar2":5.09108304977,"max":62.7550048828,"mean":0.218851968646,"median":-0.290515184402,"min":-1.68841397762,"var":7.9281129837},"erbbands_skewness":{"dmean":0.305394291878,"dmean2":0.463214814663,"dvar":0.0756240040064,"dvar2":0.168721988797,"max":6.02678775787,"mean":-0.0750984847546,"median":-0.048842292279,"min":-6.9067530632,"var":0.521190524101},"erbbands_spread":{"dmean":6.64530467987,"dmean2":10.2416152954,"dvar":50.1415596008,"dvar2":115.585968018,"max":116.228240967,"mean":35.834564209,"median":34.1756134033,"min":0.650617659092,"var":226.26171875},"gfcc":{"cov":[[19619.4589844,-1650.04443359,-1014.61004639,990.656494141,-1307.71362305,-82.5255813599,-364.670715332,200.483047485,-538.189025879,-84.3951263428,-549.241760254,171.714385986,-468.094726562],[-1650.04443359,1231.93103027,-108.330947876,-153.854660034,213.905426025,-70.2196273804,23.828086853,-58.8793678284,52.9767837524,-49.4584999084,54.8797416687,-95.7202072144,73.6366577148],[-1014.61004639,-108.330947876,1087.73999023,-62.3501434326,85.924911499,-100.686302185,-34.382648468,-89.0916976929,-7.4984292984,15.198975563,-1.22026526928,8.64200401306,-70.0956344604],[990.656494141,-153.854660034,-62.3501434326,308.605957031,-133.08555603,-11.356716156,-21.2116069794,25.8970375061,-23.4106884003,-17.7719116211,-28.5827465057,0.243124648929,-29.1402587891],[-1307.71362305,213.905426025,85.924911499,-133.08555603,376.014373779,29.6692237854,51.571723938,-27.9331302643,42.0590057373,1.29111874104,3.81575655937,-31.2911300659,27.8255462646],[-82.5255813599,-70.2196273804,-100.686302185,-11.356716156,29.6692237854,196.10043335,48.26512146,-13.6068563461,-13.7655076981,-13.3785896301,-5.40670347214,9.25078773499,28.694568634],[-364.670715332,23.828086853,-34.382648468,-21.2116069794,51.571723938,48.26512146,113.678924561,27.4535942078,2.95076417923,-16.3861026764,3.60269808769,-1.11765360832,15.7935037613],[200.483047485,-58.8793678284,-89.0916976929,25.8970375061,-27.9331302643,-13.6068563461,27.4535942078,103.581321716,27.3806037903,9.50310897827,-1.95274698734,3.37146735191,-9.6872844696],[-538.189025879,52.9767837524,-7.4984292984,-23.4106884003,42.0590057373,-13.7655076981,2.95076417923,27.3806037903,89.608215332,37.2397346497,17.6177635193,-18.0411586761,6.0321354866],[-84.3951263428,-49.4584999084,15.198975563,-17.7719116211,1.29111874104,-13.3785896301,-16.3861026764,9.50310897827,37.2397346497,75.2363128662,33.3644104004,-4.19154882431,-19.0172538757],[-549.241760254,54.8797416687,-1.22026526928,-28.5827465057,3.81575655937,-5.40670347214,3.60269808769,-1.95274698734,17.6177635193,33.3644104004,87.8568115234,25.2711906433,11.477519989],[171.714385986,-95.7202072144,8.64200401306,0.243124648929,-31.2911300659,9.25078773499,-1.11765360832,3.37146735191,-18.0411586761,-4.19154882431,25.2711906433,79.6024551392,30.7529411316],[-468.094726562,73.6366577148,-70.0956344604,-29.1402587891,27.8255462646,28.694568634,15.7935037613,-9.6872844696,6.0321354866,-19.0172538757,11.477519989,30.7529411316,96.7113571167]],"icov":[[0.000163588134455,-0.0000713291374268,0.00018378693494,-0.000187245779671,0.000236379535636,-0.00000484243901155,0.000222818373004,-0.000145869373227,0.000693714246154,-0.000635798438452,0.00125405983999,-0.000932826020289,0.000784817675594],[-0.0000713291374268,0.00151611829642,0.000134125075419,0.000457930378616,-0.000530856661499,0.000846249400638,-0.0000382239923056,0.000714010326192,-0.000866540125571,0.00243573496118,-0.00255463155918,0.00289514451288,-0.00136944674887],[0.00018378693494,0.000134125075419,0.00144455523696,-0.0000169224622368,-0.0000805507006589,0.000797353452072,-0.0000411003820773,0.00130424590316,0.000283477304038,-0.000430898217019,0.00152141868602,-0.0018030666979,0.00204366329126],[-0.000187245779671,0.000457930378616,-0.0000169224622368,0.00441330159083,0.000839545915369,0.000138679737574,0.000195684362552,-0.000372584530851,-0.000862231536303,0.00223960634321,-0.00119295099284,0.00164486444555,-0.000176719317096],[0.000236379535636,-0.000530856661499,-0.0000805507006589,0.000839545915369,0.0043014055118,-0.000476469576824,-0.00126964249648,0.000785363197792,-0.000567236740608,-0.00115146255121,0.00260618445463,-0.000718837487511,0.000660914578475],[-0.00000484243901155,0.000846249400638,0.000797353452072,0.000138679737574,-0.000476469576824,0.00704406714067,-0.00310487742536,0.00253777066246,0.000266603223281,0.000200106340344,0.0000809384073364,0.000345688284142,-0.00133655034006],[0.000222818373004,-0.0000382239923056,-0.0000411003820773,0.000195684362552,-0.00126964249648,-0.00310487742536,0.0131763387471,-0.00558456452563,0.00192831130698,0.00285896519199,-0.000984190613963,0.000633769202977,0.0000692943140166],[-0.000145869373227,0.000714010326192,0.00130424590316,-0.000372584530851,0.000785363197792,0.00253777066246,-0.00558456452563,0.0156615935266,-0.00696947937831,0.000794092775322,0.000707693980075,-0.00236292276531,0.00234344787896],[0.000693714246154,-0.000866540125571,0.000283477304038,-0.000862231536303,-0.000567236740608,0.000266603223281,0.00192831130698,-0.00696947937831,0.0225650127977,-0.0121521372348,0.00436106044799,0.00123826309573,-0.00167414091993],[-0.000635798438452,0.00243573496118,-0.000430898217019,0.00223960634321,-0.00115146255121,0.000200106340344,0.00285896519199,0.000794092775322,-0.0121521372348,0.0290647596121,-0.01562730968,0.00706948293373,0.00139501283411],[0.00125405983999,-0.00255463155918,0.00152141868602,-0.00119295099284,0.00260618445463,0.0000809384073364,-0.000984190613963,0.000707693980075,0.00436106044799,-0.01562730968,0.0293932761997,-0.0167216025293,0.00669988756999],[-0.000932826020289,0.00289514451288,-0.0018030666979,0.00164486444555,-0.000718837487511,0.000345688284142,0.000633769202977,-0.00236292276531,0.00123826309573,0.00706948293373,-0.0167216025293,0.0293233301491,-0.0137935755774],[0.000784817675594,-0.00136944674887,0.00204366329126,-0.000176719317096,0.000660914578475,-0.00133655034006,0.0000692943140166,0.00234344787896,-0.00167414091993,0.00139501283411,0.00669988756999,-0.0137935755774,0.0210089515895]],"mean":[9.02192211151,80.5621871948,-119.068359375,27.0476722717,-44.0200042725,5.70830774307,-32.7850227356,9.119597435,-23.5232963562,-0.900415420532,-22.9289703369,-2.996945858,-18.5072555542]},"hfc":{"dmean":5.78026294708,"dmean2":8.67315292358,"dvar":59.5964660645,"dvar2":135.150680542,"max":177.311416626,"mean":25.1614780426,"median":22.7845344543,"min":1.05623109316e-16,"var":308.367706299},"melbands":{"dmean":[0.000342892308254,0.00163335877005,0.00121892581228,0.000473135209177,0.000152589840582,0.000144561287016,0.000126693150378,0.000117405172205,0.000138224713737,0.000121085497085,0.0000821247012937,0.000108342523163,0.000048255908041,0.0000506685319124,0.0000357244971383,0.0000341597769875,0.0000407189145335,0.0000425921098213,0.0000238143638853,0.0000310197174258,0.0000148027320392,0.0000360489211744,0.0000285013793473,0.00000842465397,0.0000135076261358,0.00000722063032299,0.00000689102171236,0.00000440447274741,0.00000318349930239,0.00000320097524309,0.000002689378789,0.00000172698378265,0.0000014392378489,0.00000135732364015,0.00000116833530228,8.92645402928e-7,5.41407018773e-7,3.05978034021e-7,2.35497324752e-7,1.66691165759e-7],"dmean2":[0.000599873892497,0.00285195512697,0.00204887287691,0.00077956210589,0.000246708747,0.000233078113524,0.000202386334422,0.000181413604878,0.000201263144845,0.000188117730431,0.000131205073558,0.000172531799763,0.0000767377568991,0.0000784309231676,0.0000553200152353,0.0000538622589374,0.0000660424120724,0.0000692184912623,0.0000386482497561,0.0000509911769768,0.0000242747173615,0.0000591538992012,0.0000468991747766,0.0000135732589115,0.0000220632136916,0.000011585510947,0.0000112171856017,0.00000723198536434,0.00000517924672749,0.00000519957302458,0.00000440105077359,0.00000279677306025,0.00000231150625041,0.00000213384737435,0.00000179321807536,0.00000134543233798,8.2725239281e-7,4.6854950142e-7,3.60556185797e-7,2.55200006904e-7],"dvar":[4.32272656781e-7,0.0000134549127324,0.00000429884175901,9.14173028832e-7,6.24316740527e-8,7.83545388572e-8,5.99271459123e-8,5.65237492367e-8,7.49274207124e-8,4.81219935011e-8,2.87366273e-8,6.32325125594e-8,1.15676916934e-8,1.61406727983e-8,6.17176576512e-9,3.58824792102e-9,8.27361024136e-9,7.10861325359e-9,2.14814521726e-9,1.04022701564e-8,7.11615710802e-10,2.50245069111e-9,1.61018665068e-9,2.46003023507e-10,4.78162009987e-10,2.92967233806e-10,2.04562117245e-10,7.69643793141e-11,3.29635867213e-11,2.6914860965e-11,1.91208281847e-11,1.26493936853e-11,1.33396462279e-11,2.43432756591e-11,1.76363663257e-11,1.54056455093e-11,2.57783399661e-12,6.42097486292e-13,2.9516219655e-13,1.25245977868e-13],"dvar2":[0.00000118303341878,0.0000366970161849,0.000011491191799,0.00000224801829063,1.55748296038e-7,1.92949642042e-7,1.51538571913e-7,1.37542485845e-7,1.70744215211e-7,1.16149450946e-7,7.32026919081e-8,1.60353991419e-7,2.9647805988e-8,4.06399003339e-8,1.37386884091e-8,9.05401620344e-9,2.15150155469e-8,1.88637532261e-8,5.71790303994e-9,2.71410414143e-8,1.90727944549e-9,6.49111209228e-9,4.22849089077e-9,5.80107184511e-10,1.19593090986e-9,6.51612319658e-10,5.18533549432e-10,1.96204066882e-10,8.04509792118e-11,6.66635358026e-11,4.8012736148e-11,3.12006427639e-11,3.22195568836e-11,5.38663627592e-11,3.46768863624e-11,3.08373361568e-11,4.84198445228e-12,1.3632255047e-12,6.58540821701e-13,2.8525540762e-13],"max":[0.00686874520034,0.0369175225496,0.0190169103444,0.0118537871167,0.00526393717155,0.00726293819025,0.00477438420057,0.00543719250709,0.00584805989638,0.00559826940298,0.00473186373711,0.00449033966288,0.0023374191951,0.00317235663533,0.0018314095214,0.00197090418078,0.0022300479468,0.00204851687886,0.000912584946491,0.00378978974186,0.000766958342865,0.000851320393849,0.000959494325798,0.000885749526788,0.000696892559063,0.00131683703512,0.000596090394538,0.000296181067824,0.000147466824274,0.00017668948567,0.000127070161398,0.0000580320083827,0.0000893819742487,0.000216648812057,0.000150065097841,0.000205879521673,0.0000814808954601,0.0000361176935257,0.0000230880232266,0.0000173681401066],"mean":[0.000399197975639,0.00160126632545,0.00154759304132,0.00060789793497,0.000255896156887,0.000248926487984,0.000215179607039,0.000228878081543,0.000293691555271,0.000223949420615,0.000157735383254,0.000191670507775,0.0000884336550371,0.0000911475872272,0.0000679841978126,0.0000657002165099,0.0000788923207438,0.000088921864517,0.0000469213882752,0.0000546266928723,0.0000297985734505,0.000073612012784,0.0000587322647334,0.0000190933042177,0.0000287787879643,0.0000162593969435,0.0000152723550855,0.00000962737431109,0.00000700090822647,0.00000730247802494,0.0000061633218138,0.00000341374720847,0.00000258011073129,0.00000241743759943,0.00000217637079913,0.00000160606612098,0.00000117561114621,7.0192226076e-7,5.38277333817e-7,3.89825856928e-7],"median":[0.000231332087424,0.000648689921945,0.000774947577156,0.000309417373501,0.000151242536958,0.000120934098959,0.0000974076101556,0.0000838560808916,0.00012200299534,0.000124297948787,0.0000601454157731,0.0000423046076321,0.0000233862574532,0.0000320560611726,0.0000362044302165,0.0000380661913368,0.0000290728385153,0.0000308282033075,0.0000166913596331,0.000018498796635,0.0000202417322726,0.0000535936451342,0.0000419765710831,0.0000142939825309,0.0000209891732084,0.0000123398349388,0.0000105240105768,0.00000626936525805,0.0000048079109547,0.0000055850669014,0.00000466371193397,0.0000021193984594,0.00000122609276332,0.00000108684366751,0.0000010301587281,6.4510197717e-7,7.13386270945e-7,4.77228354612e-7,3.531930588e-7,2.44148793627e-7],"min":[1.34778828227e-24,8.09817784029e-25,1.70821222316e-24,1.9508425662e-24,1.35696303042e-24,4.38585364058e-25,1.69189246596e-24,2.29494980673e-24,2.55330352813e-24,2.85419874321e-24,1.5976444926e-24,2.51962961988e-24,2.06279336714e-24,3.18279185075e-24,2.24164746144e-24,2.27262602919e-24,3.32006429788e-24,3.48291674315e-24,3.52744715239e-24,3.3701652484e-24,4.50208480079e-24,4.75718664032e-24,4.47394652673e-24,4.14680275389e-24,3.86382572542e-24,4.60490414232e-24,5.29008624205e-24,4.69016028465e-24,4.16954009176e-24,4.21417265849e-24,5.15827507897e-24,4.38514208805e-24,4.74009281337e-24,5.8715686315e-24,6.30122961214e-24,7.26587120958e-24,4.9126770412e-24,6.37130215419e-24,5.67780151621e-24,6.23321086944e-24],"var":[3.51426791667e-7,0.0000100130928331,0.00000448893706562,9.47355658809e-7,1.154443936e-7,1.6415448556e-7,1.18425205642e-7,1.8817185321e-7,2.23600139293e-7,9.78791234729e-8,7.23131066138e-8,1.5413374399e-7,3.09905985318e-8,3.90367098646e-8,1.64122777591e-8,7.73455344216e-9,2.24913065949e-8,2.49912410766e-8,6.57176268959e-9,2.29167902432e-8,1.46982837013e-9,5.72877878469e-9,3.88312626498e-9,5.7347848692e-10,1.14746656621e-9,5.92586701931e-10,4.9892812104e-10,1.72442893298e-10,7.02315497425e-11,5.94391966202e-11,4.17312850942e-11,2.02105329e-11,2.16157335087e-11,4.21661802696e-11,4.15575872326e-11,3.61545481053e-11,7.2524109114e-12,1.30732675119e-12,5.71031611753e-13,2.46602163603e-13]},"melbands_crest":{"dmean":3.3875887394,"dmean2":5.49142217636,"dvar":9.0825176239,"dvar2":23.2970542908,"max":34.7130775452,"mean":12.4345092773,"median":11.4339065552,"min":1.52700150013,"var":27.4420967102},"melbands_flatness_db":{"dmean":0.0246348474175,"dmean2":0.0394190661609,"dvar":0.000691525754519,"dvar2":0.0017729611136,"max":0.573393821716,"mean":0.172441244125,"median":0.151089981198,"min":0.00250464165583,"var":0.00622412841767},"melbands_kurtosis":{"dmean":5.1415886879,"dmean2":8.49149036407,"dvar":113.167861938,"dvar2":293.931854248,"max":368.904907227,"mean":7.36657762527,"median":3.28613114357,"min":-1.7544182539,"var":163.863937378},"melbands_skewness":{"dmean":0.685932934284,"dmean2":1.0858963728,"dvar":0.71290487051,"dvar2":1.79646289349,"max":16.6725940704,"mean":2.00501489639,"median":1.7784576416,"min":-3.22952008247,"var":2.06685590744},"melbands_spread":{"dmean":8.12743377686,"dmean2":12.8253536224,"dvar":73.26978302,"dvar2":176.252655029,"max":186.739196777,"mean":32.0550346375,"median":30.3866157532,"min":0.655281841755,"var":354.065185547},"mfcc":{"cov":[[10778.6337891,-844.854736328,-999.879943848,440.019592285,-541.647094727,-154.420471191,-58.1136703491,146.422866821,-57.3925285339,23.8904075623,-111.721794128,-92.8641586304,-228.297637939],[-844.854736328,942.312866211,93.3973236084,-26.8705635071,131.077697754,-20.9323577881,17.8869838715,-24.3558998108,20.239074707,-32.5378723145,30.0337333679,18.8041305542,-12.6694526672],[-999.879943848,93.3973236084,684.316772461,55.8857078552,76.1051635742,16.5359287262,-35.7521133423,-63.7258872986,-56.0731468201,-31.4127616882,20.7712535858,13.7259140015,54.4980697632],[440.019592285,-26.8705635071,55.8857078552,232.801193237,15.0722703934,-59.5166664124,-24.457244873,-11.729842186,-8.08285236359,-1.43349385262,25.80900383,23.0543479919,-25.9499130249],[-541.647094727,131.077697754,76.1051635742,15.0722703934,174.655654907,47.9909858704,3.69059967995,-17.0285758972,23.7155170441,-9.94920063019,14.8937654495,9.17273139954,10.1096916199],[-154.420471191,-20.9323577881,16.5359287262,-59.5166664124,47.9909858704,154.359573364,48.0200157166,21.3245124817,12.1090574265,1.18238532543,-25.748292923,-30.4944820404,5.56587409973],[-58.1136703491,17.8869838715,-35.7521133423,-24.457244873,3.69059967995,48.0200157166,98.6651000977,44.7031784058,15.1728744507,-10.0993776321,-5.38076972961,-8.10210990906,-7.07669210434],[146.422866821,-24.3558998108,-63.7258872986,-11.729842186,-17.0285758972,21.3245124817,44.7031784058,90.6677322388,32.9360809326,-1.54312539101,-19.81391716,-12.9327335358,-10.2591524124],[-57.3925285339,20.239074707,-56.0731468201,-8.08285236359,23.7155170441,12.1090574265,15.1728744507,32.9360809326,87.6348114014,22.8595981598,-0.644856095314,-10.9885482788,-15.5254583359],[23.8904075623,-32.5378723145,-31.4127616882,-1.43349385262,-9.94920063019,1.18238532543,-10.0993776321,-1.54312539101,22.8595981598,75.498664856,23.6431846619,-4.15260362625,-5.0741071701],[-111.721794128,30.0337333679,20.7712535858,25.80900383,14.8937654495,-25.748292923,-5.38076972961,-19.81391716,-0.644856095314,23.6431846619,89.5228881836,48.7627716064,-10.057393074],[-92.8641586304,18.8041305542,13.7259140015,23.0543479919,9.17273139954,-30.4944820404,-8.10210990906,-12.9327335358,-10.9885482788,-4.15260362625,48.7627716064,86.4560089111,24.8821525574],[-228.297637939,-12.6694526672,54.4980697632,-25.9499130249,10.1096916199,5.56587409973,-7.07669210434,-10.2591524124,-15.5254583359,-5.0741071701,-10.057393074,24.8821525574,80.5035095215]],"icov":[[0.00015729360166,0.000041505551053,0.000211647391552,-0.0003866275365,0.000389662280213,-0.000167438440258,0.000200426133233,-0.000136185597512,0.000147532336996,0.0000682108293404,0.0000908579095267,0.0000472453866678,0.000177096764673],[0.000041505551053,0.00132495490834,-0.000101458732388,0.000405849365052,-0.00101744849235,0.000787481490988,-0.000514033716172,0.000255677703535,-0.000160271010827,0.00041130266618,-0.0000460475675936,-0.000110055581899,0.000609732349403],[0.000211647391552,-0.000101458732388,0.0021912092343,-0.00117069820408,0.000146408274304,-0.000787650002167,0.000780402508099,0.000309234397719,0.000921855738852,0.000948577711824,-0.00106763187796,0.00120801862795,-0.00140160752926],[-0.0003866275365,0.000405849365052,-0.00117069820408,0.00664199329913,-0.00254337629303,0.00286829727702,-0.0003323960118,-0.000246259471169,0.000361344864359,-0.000641262507997,0.000362017482985,-0.00181144021917,0.00259584793821],[0.000389662280213,-0.00101744849235,0.000146408274304,-0.00254337629303,0.0101893059909,-0.00461134314537,0.00146729685366,0.00198165420443,-0.00373269245028,0.00277838832699,-0.00200770236552,0.000220409652684,-0.00141698447987],[-0.000167438440258,0.000787481490988,-0.000787650002167,0.00286829727702,-0.00461134314537,0.0113036911935,-0.00509117357433,-0.000375662697479,0.00103357248008,-0.00226795300841,0.00225687911734,0.00163155409973,0.000243106245762],[0.000200426133233,-0.000514033716172,0.000780402508099,-0.0003323960118,0.00146729685366,-0.00509117357433,0.0164441727102,-0.00714943511412,0.0000707087092451,0.00342355016619,-0.00329590099864,0.000809329561889,0.000121703233162],[-0.000136185597512,0.000255677703535,0.000309234397719,-0.000246259471169,0.00198165420443,-0.000375662697479,-0.00714943511412,0.0184645075351,-0.00640830816701,0.000769853708334,0.00350519176573,-0.00134390417952,0.000532956968527],[0.000147532336996,-0.000160271010827,0.000921855738852,0.000361344864359,-0.00373269245028,0.00103357248008,0.0000707087092451,-0.00640830816701,0.0174466539174,-0.00583602394909,0.00122682587244,0.000274040881777,0.0025378158316],[0.0000682108293404,0.00041130266618,0.000948577711824,-0.000641262507997,0.00277838832699,-0.00226795300841,0.00342355016619,0.000769853708334,-0.00583602394909,0.0195456556976,-0.00963210500777,0.00592872640118,-0.00331310508773],[0.0000908579095267,-0.0000460475675936,-0.00106763187796,0.000362017482985,-0.00200770236552,0.00225687911734,-0.00329590099864,0.00350519176573,0.00122682587244,-0.00963210500777,0.0250580552965,-0.0156036745757,0.0089257452637],[0.0000472453866678,-0.000110055581899,0.00120801862795,-0.00181144021917,0.000220409652684,0.00163155409973,0.000809329561889,-0.00134390417952,0.000274040881777,0.00592872640118,-0.0156036745757,0.0245400667191,-0.0106333671138],[0.000177096764673,0.000609732349403,-0.00140160752926,0.00259584793821,-0.00141698447987,0.000243106245762,0.000121703233162,0.000532956968527,0.0025378158316,-0.00331310508773,0.0089257452637,-0.0106333671138,0.019727639854]],"mean":[-630.114868164,114.037841797,-11.4197063446,25.9360752106,5.20125484467,2.9853413105,-0.350816309452,5.47807645798,2.21693468094,0.979696929455,1.04725027084,2.00401902199,-8.93733119965]},"pitch_salience":{"dmean":0.0682763680816,"dmean2":0.112182028592,"dvar":0.00398613605648,"dvar2":0.0108888978139,"max":0.893786728382,"mean":0.581812441349,"median":0.601015329361,"min":0.189937070012,"var":0.0115860821679},"silence_rate_20dB":{"dmean":0,"dmean2":0,"dvar":0,"dvar2":0,"max":1,"mean":1,"median":1,"min":1,"var":0},"silence_rate_30dB":{"dmean":0.000157567163114,"dmean2":0.000315159151796,"dvar":0.000157528716954,"dvar2":0.000472585001262,"max":1,"mean":0.99992120266,"median":1,"min":0,"var":0.0000787677709013},"silence_rate_60dB":{"dmean":0.00126053730492,"dmean2":0.00252127321437,"dvar":0.00125880679116,"dvar2":0.00283029535785,"max":1,"mean":0.0631006807089,"median":0,"min":0,"var":0.059105977416},"spectral_centroid":{"dmean":234.613647461,"dmean2":370.356842041,"dvar":60688.4492188,"dvar2":144401.078125,"max":11603.1201172,"mean":1650.99926758,"median":1664.74511719,"min":201.836837769,"var":871747.375},"spectral_complexity":{"dmean":3.76569771767,"dmean2":5.65505838394,"dvar":15.5934286118,"dvar2":32.2829704285,"max":60,"mean":25.800535202,"median":27,"min":0,"var":159.682876587},"spectral_contrast_coeffs":{"dmean":[0.0555603690445,0.0449091047049,0.0393824018538,0.0310910306871,0.0218169428408,0.0157647822052],"dmean2":[0.0926666855812,0.0729480162263,0.0631483644247,0.0500736944377,0.0354040898383,0.0256929844618],"dvar":[0.00201456202194,0.00132498494349,0.00107411795761,0.000665953964926,0.000326360430336,0.000222365793888],"dvar2":[0.00547611759976,0.00349928252399,0.00263196718879,0.00164759811014,0.000812248385046,0.000564795627724],"max":[-0.353772819042,-0.447073489428,-0.476759552956,-0.460359096527,-0.608246982098,-0.59813284874],"mean":[-0.627802491188,-0.732222557068,-0.741118848324,-0.764202237129,-0.778247177601,-0.745227217674],"median":[-0.625442624092,-0.739697098732,-0.744610726833,-0.770071744919,-0.776875019073,-0.73778885603],"min":[-0.981805205345,-0.982364356518,-0.979875028133,-0.969930231571,-0.966784775257,-0.964780807495],"var":[0.00599988782778,0.00527952099219,0.00407235650346,0.00336003489792,0.00162054842804,0.00220132037066]},"spectral_contrast_valleys":{"dmean":[0.412026584148,0.347998380661,0.325758188963,0.275981545448,0.210076510906,0.183891877532],"dmean2":[0.683937013149,0.560789644718,0.506455481052,0.428182959557,0.318402796984,0.258826643229],"dvar":[0.119190037251,0.0941226556897,0.102964706719,0.0922570824623,0.0838139131665,0.0822079926729],"dvar2":[0.305921286345,0.216398775578,0.209485441446,0.183625176549,0.161093488336,0.148375719786],"max":[-5.4143910408,-4.82824468613,-5.24895000458,-5.67018890381,-5.35233259201,-7.63926267624],"mean":[-7.43097448349,-6.9108338356,-7.46154499054,-7.66102266312,-7.38620376587,-10.2250070572],"median":[-7.18796062469,-6.60948371887,-7.13976764679,-7.27866840363,-6.8287115097,-9.82017803192],"min":[-27.8078079224,-27.9354934692,-27.7866611481,-27.7475948334,-27.5967330933,-27.395401001],"var":[3.27449369431,3.74611783028,3.91770076752,3.87670397758,4.33533716202,3.50904011726]},"spectral_decrease":{"dmean":2.57490850863e-9,"dmean2":4.21321688648e-9,"dvar":1.74251038883e-17,"dvar2":4.60498924721e-17,"max":1.35288128576e-28,"mean":-6.29203578129e-9,"median":-5.36834843246e-9,"min":-3.84649077034e-8,"var":2.16749213019e-17},"spectral_energy":{"dmean":0.0100978137925,"dmean2":0.0164475217462,"dvar":0.000258634914644,"dvar2":0.00067991920514,"max":0.149171382189,"mean":0.0260299295187,"median":0.0225027687848,"min":1.01254766808e-20,"var":0.000345540523995},"spectral_energyband_high":{"dmean":0.000313763623126,"dmean2":0.000461528281448,"dvar":4.97120936416e-7,"dvar2":0.00000101679165709,"max":0.017336525023,"mean":0.00089474930428,"median":0.000663111917675,"min":7.18570424876e-21,"var":0.00000127309772324},"spectral_energyband_low":{"dmean":0.00691064121202,"dmean2":0.0118959452957,"dvar":0.000204565061722,"dvar2":0.000559110660106,"max":0.136097550392,"mean":0.00823064986616,"median":0.00425389781594,"min":1.35535406972e-23,"var":0.000165405392181},"spectral_energyband_middle_high":{"dmean":0.00205310038291,"dmean2":0.00319130392745,"dvar":0.00000714011457603,"dvar2":0.0000180131955858,"max":0.0535798557103,"mean":0.00815736595541,"median":0.00586319901049,"min":1.11576789357e-21,"var":0.0000610231036262},"spectral_energyband_middle_low":{"dmean":0.00448931008577,"dmean2":0.00710261147469,"dvar":0.0000402867917728,"dvar2":0.0000996186354314,"max":0.0781530961394,"mean":0.0108841853216,"median":0.00874213315547,"min":1.7814165509e-22,"var":0.0000717586517567},"spectral_entropy":{"dmean":0.118084527552,"dmean2":0.182329580188,"dvar":0.022857947275,"dvar2":0.0497710183263,"max":9.81917762756,"mean":7.62334442139,"median":7.76629161835,"min":4.72167253494,"var":0.306026518345},"spectral_flux":{"dmean":0.0244137123227,"dmean2":0.0382613018155,"dvar":0.00107466708869,"dvar2":0.00224062707275,"max":0.327938884497,"mean":0.0869411155581,"median":0.0802608728409,"min":6.5035921093e-11,"var":0.00231113727205},"spectral_kurtosis":{"dmean":1.63603496552,"dmean2":2.78003787994,"dvar":10.9491128922,"dvar2":31.4415302277,"max":81.3310852051,"mean":6.12797880173,"median":4.4751958847,"min":-1.25209987164,"var":51.1383857727},"spectral_rms":{"dmean":0.00084824959049,"dmean2":0.00133872660808,"dvar":0.00000123183690448,"dvar2":0.00000310974792228,"max":0.0120637081563,"mean":0.00470924004912,"median":0.0046855006367,"min":3.14301037453e-12,"var":0.00000321804918713},"spectral_rolloff":{"dmean":444.125976562,"dmean2":750.316894531,"dvar":379159.28125,"dvar2":897866.3125,"max":19509.0820312,"mean":1920.30908203,"median":1830.32226562,"min":64.599609375,"var":2817764.75},"spectral_skewness":{"dmean":0.190638840199,"dmean2":0.314610391855,"dvar":0.0703987851739,"dvar2":0.191328421235,"max":6.97465801239,"mean":1.62129700184,"median":1.4618575573,"min":-0.0612063445151,"var":0.512390553951},"spectral_spread":{"dmean":349505.3125,"dmean2":508936.84375,"dvar":288529743872,"dvar2":523723079680,"max":42101264,"mean":4380214.5,"median":4015038.25,"min":925467.25,"var":9200959750140},"spectral_strongpeak":{"dmean":0.657262206078,"dmean2":1.13186705112,"dvar":0.982616782188,"dvar2":2.5350086689,"max":11.7364749908,"mean":1.02008354664,"median":0.542133271694,"min":0,"var":1.46021831036},"zerocrossingrate":{"dmean":0.00825788918883,"dmean2":0.0101797329262,"dvar":0.0000732212065486,"dvar2":0.00010403131455,"max":0.54150390625,"mean":0.0720117166638,"median":0.0712890625,"min":0.001953125,"var":0.00176838424522}},"metadata":{"audio_properties":{"analysis_sample_rate":44100,"bit_rate":320000,"codec":"mp3","downmix":"mix","equal_loudness":0,"length":294.713470459,"lossless":false,"md5_encoded":"10d9a786af4c75b9cb922c16d4d1f60a","replay_gain":-8.62733459473,"sample_rate":44100},"tags":{"album":["Instinct"],"albumartist":["Iggy Pop"],"albumartistsort":["Pop, Iggy"],"artist":["Iggy Pop"],"artistsort":["Pop, Iggy"],"asin":["B000008JIO"],"date":["1998"],"file_name":"05 Easy Rider.mp3","genre":["Punk Rock","Easy Rider - By Iggy Pop","Glam Punk","Iggy Pop","Favorite Band","Rock","Punk","Glam Rock","Niezywy","American","Hip-Hop","Proto-Punk","Good Stuff","Sexy","Alternative","Orima Sort","Classic Rock"],"musicbrainz album release country":["XE"],"musicbrainz album status":["official"],"musicbrainz album type":["album"],"musicbrainz_albumartistid":["f37b3f31-b1f8-4b88-8cb5-b34f709b17d7"],"musicbrainz_albumid":["c8598675-214d-4df5-b64d-086b181f92a6"],"musicbrainz_artistid":["f37b3f31-b1f8-4b88-8cb5-b34f709b17d7"],"musicbrainz_recordingid":["0fbd422d-0900-4a5a-bc43-db5697e0415a"],"musicip_puid":["0272be60-3030-4883-b0d4-8e6446d8933a"],"title":["Easy Rider"],"tracknumber":["5/10"]},"version":{"essentia":"2.1-beta2","essentia_build_sha":"70f2e5ece6736b2c40cc944ad0e695b16b925413","essentia_git_sha":"v2.1_beta2","extractor":"music 1.0"}},"rhythm":{"beats_count":420,"beats_loudness":{"dmean":0.0110954772681,"dmean2":0.0188727620989,"dvar":0.0000939893216128,"dvar2":0.000266489951173,"max":0.0868927761912,"mean":0.0370123423636,"median":0.0382675118744,"min":0,"var":0.0002359689679},"beats_loudness_band_ratio":{"dmean":[0.142791107297,0.102028720081,0.0795426443219,0.0566056706011,0.0527097769082,0.0277519207448],"dmean2":[0.244516417384,0.177436038852,0.140706628561,0.0954850539565,0.0902732014656,0.0482793189585],"dvar":[0.0116154076532,0.00710831163451,0.00