{"lowlevel":{"average_loudness":0.577162921429,"barkbands":{"dmean":[0.00280378409661,0.00764510734007,0.0032355717849,0.00159204134252,0.00241728057154,0.00150886573829,0.00161437119823,0.00104495731648,0.000485157564981,0.000380284705898,0.000192667546798,0.000242017675191,0.000232193036936,0.000088798100478,0.0000573341421841,0.0000374689188902,0.0000255883260252,0.0000385067469324,0.0000383862243325,0.0000204154403036,0.0000176632456714,0.000014668872609,0.00000729417479306,0.0000033006342619,0.00000235180323216,0.00000377327592105,0.0000274590292975],"dmean2":[0.00456084311008,0.0126287378371,0.00549516826868,0.00271156942472,0.00393826095387,0.00243437779136,0.00255621550605,0.00175077153835,0.000790867197793,0.000628819921985,0.000309342518449,0.000381439691409,0.000369377987226,0.00014267404913,0.0000905270499061,0.000058784346038,0.0000395593342546,0.00005930516636,0.0000579726765864,0.0000309437637043,0.0000273968071269,0.0000224619416258,0.0000108404110506,0.00000535604840479,0.00000400842509407,0.00000584586996411,0.0000383883962058],"dvar":[0.0000447997590527,0.000149873230839,0.0000289748222713,0.00000943174200074,0.0000315527104249,0.0000214447300095,0.0000161368643603,0.00000693903621141,0.00000183323152214,0.00000151212202582,7.14562361281e-7,6.89086220973e-7,4.18891232812e-7,5.81262433741e-8,2.20182343469e-8,8.56184190212e-9,2.87598767024e-9,8.47087022748e-9,6.97132529481e-9,2.76539480204e-9,1.46339751428e-9,1.16834220076e-9,2.04679509452e-10,2.69933849578e-11,1.60633069346e-11,3.363126444e-11,1.66208902197e-9],"dvar2":[0.000109294669528,0.000403548328904,0.0000799524059403,0.0000258215823123,0.0000760815673857,0.000055520747992,0.0000384743907489,0.0000187419700524,0.00000459319699075,0.00000389935394196,0.00000141520979469,0.00000167539417362,9.91522483673e-7,1.4168421103e-7,5.13490334697e-8,2.07853236844e-8,6.39659658574e-9,2.01434104952e-8,1.56928265937e-8,5.88034509974e-9,3.36410543866e-9,2.71754374559e-9,3.95886046167e-10,6.69314742519e-11,4.30524713102e-11,7.46956940745e-11,3.18961101975e-9],"max":[0.120699174702,0.150688424706,0.10183531791,0.049641430378,0.123933307827,0.149523511529,0.104239560664,0.0594080910087,0.0511777624488,0.0335419252515,0.0605290457606,0.0293147265911,0.0260771829635,0.00557599589229,0.00438664108515,0.00339050614275,0.00133255531546,0.00229465472512,0.00196481402963,0.00216484372504,0.00135213916656,0.00101160013583,0.000469895254355,0.000134308385896,0.0000500854112033,0.000167460311786,0.000814634026028],"mean":[0.00398222496733,0.0131486635655,0.00402349792421,0.00198685447685,0.00358336349018,0.00221208273433,0.00251079280861,0.00150648457929,0.000746882113162,0.000529756362084,0.000253647536738,0.000368866225472,0.000356668897439,0.000139007519465,0.0000864419635036,0.0000614463351667,0.0000423519013566,0.0000655550466035,0.0000648589993943,0.0000339940561389,0.0000291870746878,0.0000244275524892,0.0000125491351355,0.00000474603621115,0.00000226829502026,0.00000640070857116,0.0000720630923752],"median":[0.0011426784331,0.00578420888633,0.00178671453614,0.000837549334392,0.00121620367281,0.000508704397362,0.000753062195145,0.000397021707613,0.000281667074887,0.000133344597998,0.0000700292512192,0.000111053872388,0.0000889396542334,0.0000332102681568,0.0000254808001046,0.0000202226838155,0.0000149408379002,0.0000183702795766,0.0000165327946888,0.0000102356443676,0.0000105303024611,0.00000976260889729,0.00000634159641777,0.00000243506542574,8.18512319256e-7,0.00000378717663807,0.000042049192416],"min":[1.70184406931e-12,1.42845674525e-12,2.00505302465e-12,8.28762243294e-13,7.58876197559e-13,6.95563723806e-13,1.88460900531e-12,7.71938827963e-13,7.31305912095e-13,2.10596961419e-13,6.95257870373e-13,6.28637550001e-13,4.43086864942e-13,1.57555088767e-12,1.65645578851e-12,1.01148516646e-12,1.06189839907e-12,4.29871362031e-13,2.43500879182e-12,2.9079889538e-12,5.14116874073e-12,7.49013958495e-12,2.70681805963e-12,6.63994076736e-12,1.13352131501e-11,2.05702694461e-11,2.134581574e-11],"var":[0.0000598925507802,0.000290854426567,0.0000406074323109,0.0000122014871522,0.000060342685174,0.0000421802797064,0.0000344829459209,0.000012011403669,0.00000313136820296,0.00000229824036069,0.00000111460190055,0.00000122284302506,8.82431265836e-7,1.20639370493e-7,3.89520593558e-8,1.78017334207e-8,6.53382814519e-9,2.18075619784e-8,1.72297305312e-8,6.19532380952e-9,3.10825343242e-9,2.29065100221e-9,4.87309914643e-10,5.03485239611e-11,1.54317114642e-11,7.70670471884e-11,7.20015602695e-9]},"barkbands_crest":{"dmean":3.30125236511,"dmean2":5.49074649811,"dvar":7.16144704819,"dvar2":18.7836475372,"max":25.3949203491,"mean":12.5150232315,"median":12.0066099167,"min":3.3803653717,"var":20.4039134979},"barkbands_flatness_db":{"dmean":0.0347734391689,"dmean2":0.0549919568002,"dvar":0.000952418020461,"dvar2":0.00243080197833,"max":0.49776160717,"mean":0.190845817327,"median":0.183109208941,"min":0.0375879742205,"var":0.00340272462927},"barkbands_kurtosis":{"dmean":11.5843095779,"dmean2":18.9391880035,"dvar":413.947479248,"dvar2":1081.20092773,"max":528.129272461,"mean":21.7907829285,"median":12.6398305893,"min":-1.79690933228,"var":801.091308594},"barkbands_skewness":{"dmean":0.946333408356,"dmean2":1.51990866661,"dvar":0.85719203949,"dvar2":2.22590899467,"max":17.2398452759,"mean":3.18007898331,"median":2.80949425697,"min":-1.65138852596,"var":3.46653294563},"barkbands_spread":{"dmean":3.50637674332,"dmean2":5.57089328766,"dvar":20.2051696777,"dvar2":47.1765289307,"max":117.458839417,"mean":10.4723014832,"median":8.25773620605,"min":0.300588190556,"var":98.1305923462},"dissonance":{"dmean":0.028119456023,"dmean2":0.0476414076984,"dvar":0.000693545734975,"dvar2":0.0019481863128,"max":0.500000238419,"mean":0.450644075871,"median":0.459599554539,"min":0.182662218809,"var":0.00143542839214},"dynamic_complexity":5.19805908203,"erbbands":{"dmean":[0.363525897264,1.3142375946,3.27884960175,4.42166042328,5.01529026031,9.24831867218,12.9376878738,12.5906896591,16.1532840729,34.1681251526,14.9157323837,11.7844200134,11.7403373718,8.95848178864,7.10718679428,9.337931633,10.4647502899,4.85361623764,3.69151258469,2.27182483673,1.84078001976,1.39322865009,1.72764754295,2.2341837883,1.61083006859,0.919873178005,0.741168022156,0.694567799568,0.566668689251,0.302766472101,0.201506391168,0.0889315754175,0.04857224226,0.0266063809395,0.016676902771,0.0101459212601,0.00762328132987,0.00527029298246,0.00202068896033,0.00129123358056],"dmean2":[0.589440703392,2.21805882454,5.58450603485,7.52848482132,8.30167865753,15.1989116669,20.7844219208,20.4865512848,25.0978183746,56.3043060303,24.5001564026,19.1464614868,19.4162387848,14.4353885651,11.3337154388,14.5780973434,16.5837631226,7.58911514282,5.80062246323,3.55476737022,2.84533691406,2.12173748016,2.61554503441,3.36682605743,2.43817615509,1.38369297981,1.13887894154,1.07892239094,0.868184506893,0.458270281553,0.302718251944,0.140263572335,0.0802096873522,0.0453548505902,0.0283621549606,0.0169759057462,0.0118027450517,0.00771770719439,0.00286596128717,0.00185485894326],"dvar":[0.395822286606,3.86830234528,26.9340305328,69.0187835693,90.6540679932,550.035644531,1414.72814941,1864.60351562,2359.68359375,7884.53710938,1265.96179199,1259.91674805,1658.92736816,764.118652344,545.612976074,1195.69836426,893.237915039,170.50440979,102.713867188,32.557510376,21.1934509277,8.39801979065,17.1659965515,24.6993217468,13.7036790848,5.58573627472,2.73484230042,2.72096133232,1.97073733807,0.391754776239,0.172297075391,0.0221260599792,0.00593231106177,0.00205290573649,0.000797857006546,0.000254536513239,0.000144384932355,0.0000921772152651,0.0000119728047139,0.00000256660382547],"dvar2":[1.02950191498,10.7598752975,74.6484985352,190.845077515,227.902313232,1360.48547363,3327.87060547,5030.20947266,5022.97998047,20524.5527344,3313.65917969,3167.18212891,4260.04248047,1638.1385498,1299.34875488,2920.01586914,2076.20776367,430.539978027,243.889251709,78.2811737061,50.4193496704,18.1412067413,39.1758003235,56.5171089172,29.7583560944,11.5902690887,5.90527677536,6.59907054901,4.67727184296,0.806889772415,0.354761391878,0.050140094012,0.0152907390147,0.00550503842533,0.00213765096851,0.000674952927511,0.000319895101711,0.000181580428034,0.000024062295779,0.00000513028271598],"max":[7.76367998123,25.4901866913,79.8483047485,143.905532837,261.071166992,477.296417236,977.898742676,1540.35168457,1839.99633789,1502.81335449,1349.39111328,1604.75891113,1149.94616699,1412.50939941,1050.24121094,1490.50390625,1071.96887207,383.857635498,233.93901062,215.316741943,155.163314819,80.7286300659,131.767578125,135.399032593,95.4992980957,80.2833938599,58.6365242004,57.0192451477,46.426235199,22.2612476349,12.3208637238,5.6436753273,1.08062565327,0.568719148636,0.352182507515,0.200866684318,0.415654659271,0.340587317944,0.0917273163795,0.0320276655257],"mean":[0.626217961311,2.02394843102,4.24597024918,6.1647195816,6.98774290085,12.3562097549,19.6126995087,18.5428009033,26.3271999359,51.2034912109,24.6881561279,18.6244430542,16.572845459,13.7236251831,10.9078187943,15.2034912109,16.8487987518,8.43834686279,5.90247106552,3.89855718613,3.17323112488,2.4447453022,3.01075768471,3.98878264427,2.74664616585,1.59167540073,1.21494245529,1.15572249889,0.941685497761,0.492972463369,0.347903907299,0.144717052579,0.064046934247,0.0267364941537,0.0164073091,0.0123241087422,0.0133183607832,0.00999220274389,0.00466222409159,0.00548693817109],"median":[0.192614406347,1.15283322334,2.22876358032,2.74500846863,3.52030158043,3.46629977226,3.94798779488,4.24857091904,7.7633357048,13.981303215,8.40776920319,7.19212722778,4.48000335693,4.38631343842,3.77574634552,4.82700634003,4.28504228592,2.11570477486,1.46035313606,1.36608493328,1.06099915504,0.881603121758,0.903979599476,1.03280496597,0.690617322922,0.48829883337,0.412391811609,0.449240863323,0.367144495249,0.207206144929,0.18050198257,0.0785863325,0.0312447156757,0.0107545601204,0.00621819496155,0.00631578778848,0.00778633961454,0.00525355758145,0.00265978602692,0.0049180095084],"min":[7.10056458075e-11,2.53707971298e-10,2.31394436945e-9,3.35788796768e-9,1.11316333928e-9,3.19120219139e-9,4.46019798872e-9,6.72350619624e-9,2.72531330836e-8,1.93168716578e-8,2.03757313244e-8,1.86048367823e-8,8.07073252673e-9,1.32130884012e-8,3.60995784376e-8,1.85757222937e-8,1.99717415938e-8,6.56144010236e-8,7.87449891959e-8,8.55449826531e-8,5.33037187722e-8,6.69761135441e-8,2.7180719897e-8,7.6541091687e-8,1.2849497466e-7,1.58860444799e-7,1.73333191356e-7,2.33719418929e-7,2.87843050728e-7,1.2748307654e-7,8.8186503433e-8,1.44579615835e-7,1.04598058215e-7,7.52093498591e-8,9.67938120766e-8,7.03070099917e-8,4.24722266246e-8,1.41416967026e-8,3.51844153812e-9,2.62121657713e-10],"var":[0.879435539246,5.68131113052,35.9737129211,98.836151123,133.179168701,893.893066406,3088.89208984,3565.26196289,6486.31835938,13480.4638672,2583.1003418,2092.56103516,2316.14575195,1380.73803711,873.111206055,2135.48193359,1977.0526123,398.240692139,193.088195801,63.4155540466,45.9383430481,20.8720836639,44.1695556641,67.6667556763,33.0863227844,13.0552282333,6.16704273224,4.85487890244,3.6057934761,0.94840657711,0.369109541178,0.0524914003909,0.00851744879037,0.00198877067305,0.000774587271735,0.000294429832138,0.000355914206011,0.000261237728409,0.0000383430669899,0.0000198115758394]},"erbbands_crest":{"dmean":3.19812226295,"dmean2":5.29761648178,"dvar":8.44927215576,"dvar2":21.5022144318,"max":32.0717582703,"mean":9.93384456635,"median":8.68540000916,"min":2.02174448967,"var":24.4058265686},"erbbands_flatness_db":{"dmean":0.0243695508689,"dmean2":0.0385118164122,"dvar":0.000494590552989,"dvar2":0.00126333185472,"max":0.367220848799,"mean":0.142266497016,"median":0.136994689703,"min":0.0255071818829,"var":0.00199294136837},"erbbands_kurtosis":{"dmean":1.84548127651,"dmean2":2.9831404686,"dvar":7.2423119545,"dvar2":18.3208885193,"max":68.1636581421,"mean":2.31940889359,"median":1.34856331348,"min":-1.75135219097,"var":14.0519971848},"erbbands_skewness":{"dmean":0.441880881786,"dmean2":0.703815996647,"dvar":0.164450094104,"dvar2":0.410678684711,"max":5.33948421478,"mean":0.903045475483,"median":0.877991497517,"min":-2.42055583,"var":0.618833303452},"erbbands_spread":{"dmean":8.10927391052,"dmean2":12.7052106857,"dvar":65.9659042358,"dvar2":150.633575439,"max":124.222770691,"mean":30.4644641876,"median":26.8815135956,"min":1.43778467178,"var":288.72668457},"gfcc":{"cov":[[13943.0302734,792.006103516,-1343.11706543,-588.532226562,-150.088607788,-587.825683594,57.6492080688,-344.273223877,280.469116211,-29.3863811493,79.895401001,-3.90565013885,46.9369888306],[792.006103516,791.479858398,110.139961243,-308.188415527,-49.4896850586,-92.4916229248,-31.8289661407,-14.1462116241,113.555488586,-22.9365844727,9.51256084442,-70.7208786011,74.6945266724],[-1343.11706543,110.139961243,481.106262207,94.4457168579,-24.3936748505,103.558883667,-35.5910797119,125.192092896,2.77470469475,24.7757873535,-20.4397144318,-21.9422149658,36.7239837646],[-588.532226562,-308.188415527,94.4457168579,389.916290283,106.656364441,59.9685440063,42.7226486206,22.7381591797,-44.2734146118,5.79782533646,-16.276184082,43.1392555237,-44.5397071838],[-150.088607788,-49.4896850586,-24.3936748505,106.656364441,156.711853027,63.3539962769,51.8358612061,-7.89632320404,-10.3842687607,-10.0683050156,19.236995697,14.8122463226,-8.35054111481],[-587.825683594,-92.4916229248,103.558883667,59.9685440063,63.3539962769,172.047393799,20.4302196503,72.3904647827,-30.9580116272,25.9357566833,2.42058324814,13.9861345291,18.4328231812],[57.6492080688,-31.8289661407,-35.5910797119,42.7226486206,51.8358612061,20.4302196503,154.388641357,-3.81324100494,38.1758613586,-12.9068489075,23.9476737976,23.3373146057,-27.4346981049],[-344.273223877,-14.1462116241,125.192092896,22.7381591797,-7.89632320404,72.3904647827,-3.81324100494,143.419128418,33.7453689575,39.3968429565,-4.76890230179,-5.44881248474,26.6718215942],[280.469116211,113.555488586,2.77470469475,-44.2734146118,-10.3842687607,-30.9580116272,38.1758613586,33.7453689575,124.334007263,28.1068058014,12.0802631378,-0.530299723148,-1.83408629894],[-29.3863811493,-22.9365844727,24.7757873535,5.79782533646,-10.0683050156,25.9357566833,-12.9068489075,39.3968429565,28.1068058014,78.3980484009,40.1130638123,14.925819397,9.15278053284],[79.895401001,9.51256084442,-20.4397144318,-16.276184082,19.236995697,2.42058324814,23.9476737976,-4.76890230179,12.0802631378,40.1130638123,75.6139450073,34.8230361938,3.10241007805],[-3.90565013885,-70.7208786011,-21.9422149658,43.1392555237,14.8122463226,13.9861345291,23.3373146057,-5.44881248474,-0.530299723148,14.925819397,34.8230361938,61.1628494263,14.8088626862],[46.9369888306,74.6945266724,36.7239837646,-44.5397071838,-8.35054111481,18.4328231812,-27.4346981049,26.6718215942,-1.83408629894,9.15278053284,3.10241007805,14.8088626862,74.0900878906]],"icov":[[0.000128642655909,-0.000199448579224,0.000488843012135,-0.00024297919299,0.000283889850834,-0.00000179553558155,-0.0000185197495739,0.00000690267825121,-0.000170464598341,0.0000257083102042,-0.000175569293788,0.000226349191507,-0.000290977652185],[-0.000199448579224,0.00394076155499,-0.00245740264654,0.00227465596981,-0.00164093158673,0.00113337533548,0.000253812671872,0.00184044043999,-0.00300707784481,0.00214461470023,-0.00233451509848,0.00384352426045,-0.00330641167238],[0.000488843012135,-0.00245740264654,0.00672170659527,-0.00487725110725,0.00536345737055,-0.00411303760484,0.00108601816464,-0.00177030113991,-0.0014513018541,0.00308649963699,-0.00451928889379,0.0045387907885,-0.00256391335279],[-0.00024297919299,0.00227465596981,-0.00487725110725,0.0102569339797,-0.00945687666535,0.00620084581897,-0.00182629784103,-0.00166762562003,0.00463810935616,-0.00770537275821,0.0118562607095,-0.011377710849,0.00660410989076],[0.000283889850834,-0.00164093158673,0.00536345737055,-0.00945687666535,0.0186700951308,-0.0112134199589,0.000664963852614,0.00337231485173,-0.00616098986939,0.0118361720815,-0.01581752114,0.0124120581895,-0.00637605367228],[-0.00000179553558155,0.00113337533548,-0.00411303760484,0.00620084581897,-0.0112134199589,0.0179387666285,-0.00458673480898,-0.0064256740734,0.00944968499243,-0.0120342969894,0.0125545458868,-0.00950822420418,0.00260820682161],[-0.0000185197495739,0.000253812671872,0.00108601816464,-0.00182629784103,0.000664963852614,-0.00458673480898,0.0119712771848,0.000241269066464,-0.00706013850868,0.00960134528577,-0.00786206685007,-0.000271194876404,0.00270423851907],[0.00000690267825121,0.00184044043999,-0.00177030113991,-0.00166762562003,0.00337231485173,-0.0064256740734,0.000241269066464,0.016028162092,-0.00762112811208,-0.000907141249627,-0.00247131171636,0.00797686446458,-0.00725429365411],[-0.000170464598341,-0.00300707784481,-0.0014513018541,0.00463810935616,-0.00616098986939,0.00944968499243,-0.00706013850868,-0.00762112811208,0.021140197292,-0.0156175531447,0.0142971826717,-0.012012979947,0.00798616185784],[0.0000257083102042,0.00214461470023,0.00308649963699,-0.00770537275821,0.0118361720815,-0.0120342969894,0.00960134528577,-0.000907141249627,-0.0156175531447,0.0408356934786,-0.0328738875687,0.0155462734401,-0.00729260966182],[-0.000175569293788,-0.00233451509848,-0.00451928889379,0.0118562607095,-0.01581752114,0.0125545458868,-0.00786206685007,-0.00247131171636,0.0142971826717,-0.0328738875687,0.0508160069585,-0.0330828540027,0.013804199174],[0.000226349191507,0.00384352426045,0.0045387907885,-0.011377710849,0.0124120581895,-0.00950822420418,-0.000271194876404,0.00797686446458,-0.012012979947,0.0155462734401,-0.0330828540027,0.0510349906981,-0.0233486238867],[-0.000290977652185,-0.00330641167238,-0.00256391335279,0.00660410989076,-0.00637605367228,0.00260820682161,0.00270423851907,-0.00725429365411,0.00798616185784,-0.00729260966182,0.013804199174,-0.0233486238867,0.0296884663403]],"mean":[-59.1040153503,110.777580261,-62.0381355286,7.49707126617,-28.6163520813,-7.99125146866,-1.30000376701,-9.71514225006,-1.92962276936,-4.02477073669,-1.84798169136,-2.85170674324,-13.4908638]},"hfc":{"dmean":22.4627895355,"dmean2":35.3493804932,"dvar":639.976013184,"dvar2":1601.73840332,"max":494.438537598,"mean":94.1951980591,"median":90.0858688354,"min":0.00000107835228391,"var":4578.47412109},"melbands":{"dmean":[0.00260690529831,0.00157848477829,0.000750410952605,0.000463868695078,0.000462375115603,0.000287908274913,0.00025711816852,0.000350736285327,0.000106737214082,0.0000724674173398,0.0000602960972174,0.0000393169975723,0.0000248940395977,0.0000266957722488,0.000027996400604,0.0000200237336685,0.00000864822231961,0.00000675507089909,0.00000385867633668,0.00000288864157483,0.00000215281147575,0.00000156836074439,0.00000138116865855,0.00000199904025067,0.00000192588117898,0.0000014511979316,9.54141796683e-7,5.66677897496e-7,4.79043649193e-7,4.31786446597e-7,4.47226653932e-7,3.87661231116e-7,2.15022211592e-7,1.53623375354e-7,1.25878884205e-7,8.75284911217e-8,4.66001424115e-8,3.79263660477e-8,2.55752752309e-8,2.15857216546e-8],"dmean2":[0.00424189399928,0.00266970903613,0.00126684783027,0.000762324954849,0.000746295438148,0.000466488767415,0.0004002188507,0.000580720778089,0.000174766915734,0.000118256917631,0.000100207631476,0.0000637503690086,0.0000400464195991,0.0000427605700679,0.000044054191676,0.0000318448437611,0.0000137919769259,0.0000107468713395,0.00000606708681516,0.00000457835312773,0.00000339792495652,0.00000244895704782,0.00000214530473386,0.00000310569521389,0.00000295036034004,0.00000221011578105,0.00000148380445353,8.71326278684e-7,7.4334849387e-7,6.8104264983e-7,7.03853913819e-7,6.04349736477e-7,3.33992261403e-7,2.33919152492e-7,1.91028647123e-7,1.36403642159e-7,7.49355066887e-8,6.24899314516e-8,4.3418999951e-8,3.68334340806e-8],"dvar":[0.0000193201613001,0.00000496454867971,0.00000173068588083,0.00000100350257526,0.00000168253939137,8.57949771671e-7,4.79067693959e-7,7.76735589625e-7,6.23195930416e-8,4.71236774047e-8,4.39034906208e-8,1.40787834724e-8,9.71493907542e-9,8.95445939619e-9,8.45433323349e-9,3.25089644093e-9,5.68558755631e-10,3.78611475504e-10,9.10886296945e-11,5.42173944629e-11,2.90299173589e-11,1.12745117062e-11,1.08139885935e-11,2.53263972294e-11,1.93858505637e-11,1.02196081458e-11,6.33649079387e-12,2.22299262331e-12,1.23395879018e-12,9.76364280224e-13,1.53336349694e-12,1.09826405782e-12,2.44880504763e-13,1.04176412776e-13,7.16768089109e-14,3.0148453856e-14,5.96170841508e-15,4.04131531706e-15,1.79567384928e-15,1.36556089482e-15],"dvar2":[0.0000510608988407,0.0000138268369483,0.00000472265082863,0.00000252190466199,0.00000395436700273,0.00000228471185437,0.00000105285232621,0.00000204460206987,1.5900377548e-7,1.18039302777e-7,1.13101378929e-7,3.15844950194e-8,2.14771240792e-8,2.22061924404e-8,1.86608186681e-8,8.10378431026e-9,1.43890033222e-9,9.11428765793e-10,2.0312060367e-10,1.35434108373e-10,7.03266056501e-11,2.52690594144e-11,2.4911331678e-11,6.19663001467e-11,4.57265024456e-11,2.27430557026e-11,1.41283582056e-11,4.71955070511e-12,2.76385815276e-12,2.32780504941e-12,3.91106027772e-12,2.70024779446e-12,5.55483339448e-13,2.10541897501e-13,1.48729756267e-13,6.89067130178e-14,1.40060413015e-14,1.02784576708e-14,4.80351622058e-15,3.66239385756e-15],"max":[0.0536149889231,0.0345637537539,0.0204374007881,0.0190457906574,0.0301639437675,0.0333981215954,0.0247314274311,0.0142023805529,0.00916619412601,0.00960757490247,0.00593517720699,0.00530529301614,0.00640742154792,0.00353291886859,0.00305200787261,0.0012967241928,0.000669327971991,0.000454606342828,0.000319668557495,0.000241021247348,0.000171114894329,0.000106849540316,0.0000775143125793,0.000158344017109,0.000121566394228,0.0000720746829757,0.000109140979475,0.0000489105914312,0.0000414242094848,0.0000347323402821,0.0000448443825007,0.0000360137310054,0.0000185656317626,0.0000112413708848,0.00000927809196583,0.00000572515773456,0.00000296020539281,9.7142890354e-7,5.30661225184e-7,4.61134504803e-7],"mean":[0.00467078806832,0.00234984164126,0.0011193206301,0.000638330355287,0.000705816433765,0.000426891143434,0.000423198362114,0.000527069962118,0.000172215964994,0.000110184861114,0.0000815429957584,0.0000578841318202,0.0000352280876541,0.0000395661736547,0.0000428137464041,0.0000307867703668,0.0000137205206556,0.0000100232109617,0.00000598454789724,0.00000460140972791,0.00000347636205333,0.00000255831923823,0.00000219136836677,0.00000330907050738,0.00000327446514348,0.00000231983540289,0.00000150878190652,9.31135446081e-7,7.47915521515e-7,6.73275735608e-7,6.99077531863e-7,6.10205404428e-7,3.39749561817e-7,2.38966748611e-7,2.10949025359e-7,1.44180901884e-7,6.88003183313e-8,5.02738615182e-8,2.73509659365e-8,2.05950012599e-8],"median":[0.00177300756332,0.00155536644161,0.000557647552341,0.00026760547189,0.000148448874825,0.0000972921625362,0.000131577209686,0.000143958255649,0.000057784080127,0.0000408505729865,0.000020191695512,0.0000174967317434,0.0000110761793621,0.0000121606972243,0.0000119170381367,0.00000681392884871,0.00000341024156114,0.00000218780678551,0.00000196482574211,0.00000152146094479,0.00000112059262847,8.98107657576e-7,7.33045851575e-7,8.7035755314e-7,8.2766905507e-7,6.13272561623e-7,3.66222536741e-7,2.96173283232e-7,2.45368852347e-7,2.29735860557e-7,2.72536055945e-7,2.29965891663e-7,1.2606867017e-7,1.00339683229e-7,1.07974834407e-7,7.60062945915e-8,3.48465611921e-8,2.34027179857e-8,1.19924861153e-8,7.21711224116e-9],"min":[5.77612339469e-13,9.14735951915e-13,5.20864005139e-13,1.16262088932e-13,1.74324300112e-13,1.65329609812e-13,4.0799473717e-13,1.85446018893e-13,1.81347043502e-13,1.07824163552e-13,3.40441650565e-14,4.69940282706e-14,1.16401042993e-13,8.32152814538e-14,3.18955541774e-14,4.78552100562e-14,1.37601179908e-13,1.38274564325e-13,1.01964403175e-13,1.0430943083e-13,5.32871442555e-14,7.15290660361e-14,3.50669573403e-14,1.94979615271e-14,6.04796499882e-14,1.12044041037e-13,8.63543923326e-14,1.06388564679e-13,8.45376150809e-14,1.18297827588e-13,1.52530698033e-13,1.60221757194e-13,1.39822547529e-13,4.44964567579e-14,4.50850430123e-14,5.28099902675e-14,1.11148429056e-13,7.50592757436e-14,7.3039427425e-14,5.30717031194e-14],"var":[0.0000407863371947,0.00000705616685082,0.00000265952394329,0.00000145841420363,0.00000372848035113,0.00000172508623564,0.00000128016995404,0.00000135612413033,1.29983504848e-7,7.74282966631e-8,6.08555623671e-8,2.46944065196e-8,1.43035370215e-8,1.3619628092e-8,1.71026126594e-8,6.44806874561e-9,1.20352650068e-9,6.62403742968e-10,1.70677888489e-10,1.03930912487e-10,5.88338336382e-11,2.49411602482e-11,2.03689756034e-11,6.32788405008e-11,4.75745172424e-11,2.27366302868e-11,1.31929328573e-11,4.77258120177e-12,2.52590613356e-12,1.89788592828e-12,2.10176559316e-12,1.67909826668e-12,5.26285178631e-13,2.3823158073e-13,1.44269660237e-13,5.96493205307e-14,1.30956536779e-14,5.94753416574e-15,1.84065383988e-15,1.30257690129e-15]},"melbands_crest":{"dmean":4.49227666855,"dmean2":7.38133859634,"dvar":13.8027696609,"dvar2":34.9248695374,"max":39.050983429,"mean":19.0886516571,"median":18.3778381348,"min":4.68084907532,"var":43.9491996765},"melbands_flatness_db":{"dmean":0.0409608446062,"dmean2":0.0649509727955,"dvar":0.00127798970789,"dvar2":0.00327948643826,"max":0.652906954288,"mean":0.313110649586,"median":0.306236863136,"min":0.0271160472184,"var":0.00486248778179},"melbands_kurtosis":{"dmean":15.9415721893,"dmean2":26.1686134338,"dvar":1290.13366699,"dvar2":3022.58569336,"max":1853.9395752,"mean":28.8679637909,"median":14.5057764053,"min":-1.6598187685,"var":2291.14111328},"melbands_skewness":{"dmean":1.09321331978,"dmean2":1.75268208981,"dvar":1.26229691505,"dvar2":3.10160946846,"max":36.8958930969,"mean":3.48761677742,"median":3.03271412849,"min":-1.7107385397,"var":5.10115718842},"melbands_spread":{"dmean":3.19883871078,"dmean2":5.14832830429,"dvar":25.0461521149,"dvar2":59.2682876587,"max":163.08140564,"mean":8.86293315887,"median":6.86862039566,"min":0.150649115443,"var":116.851631165},"mfcc":{"cov":[[11268.0888672,1464.07434082,-1307.72705078,-32.7954177856,-638.355651855,-38.4277687073,-526.394470215,-95.6315383911,-290.178833008,193.961303711,-230.686721802,-124.616668701,117.012252808],[1464.07434082,1186.30090332,35.3396148682,-204.578430176,-112.274909973,-105.837402344,-148.812515259,-51.3898010254,-2.1572394371,58.0423736572,-30.4632568359,-29.6716537476,80.8372955322],[-1307.72705078,35.3396148682,491.042663574,19.5930614471,105.136428833,-44.7078552246,43.4733085632,6.59095811844,87.9062576294,12.0073060989,24.8921947479,9.50545787811,26.7671546936],[-32.7954177856,-204.578430176,19.5930614471,269.947357178,36.1419754028,67.3024368286,19.882396698,46.6100578308,-19.7250461578,12.6753759384,-0.610771119595,5.23196125031,-24.6730594635],[-638.355651855,-112.274909973,105.136428833,36.1419754028,176.230758667,28.9577312469,66.4738769531,6.08618354797,39.6096191406,-9.26678371429,15.849067688,2.91441082954,3.92396759987],[-38.4277687073,-105.837402344,-44.7078552246,67.3024368286,28.9577312469,121.747901917,59.6339988708,38.4651222229,-13.810002327,-9.13602733612,1.61130547523,18.7331638336,-15.5362758636],[-526.394470215,-148.812515259,43.4733085632,19.882396698,66.4738769531,59.6339988708,151.564147949,37.4283981323,20.050327301,-41.6562347412,33.850818634,23.4920787811,-20.542596817],[-95.6315383911,-51.3898010254,6.59095811844,46.6100578308,6.08618354797,38.4651222229,37.4283981323,94.7129516602,35.3649406433,19.8534488678,-3.99352240562,17.1702861786,5.28158426285],[-290.178833008,-2.1572394371,87.9062576294,-19.7250461578,39.6096191406,-13.810002327,20.050327301,35.3649406433,97.3811264038,30.721660614,14.6409730911,8.30788326263,14.9978265762],[193.961303711,58.0423736572,12.0073060989,12.6753759384,-9.26678371429,-9.13602733612,-41.6562347412,19.8534488678,30.721660614,84.3405075073,0.535525381565,0.13738925755,27.3424568176],[-230.686721802,-30.4632568359,24.8921947479,-0.610771119595,15.849067688,1.61130547523,33.850818634,-3.99352240562,14.6409730911,0.535525381565,98.4916687012,49.7238273621,-10.571975708],[-124.616668701,-29.6716537476,9.50545787811,5.23196125031,2.91441082954,18.7331638336,23.4920787811,17.1702861786,8.30788326263,0.13738925755,49.7238273621,82.9418029785,17.0026798248],[117.012252808,80.8372955322,26.7671546936,-24.6730594635,3.92396759987,-15.5362758636,-20.542596817,5.28158426285,14.9978265762,27.3424568176,-10.571975708,17.0026798248,74.6255340576]],"icov":[[0.000218587578274,-0.000257116073044,0.000555193051696,-0.000313911994454,0.000336540251737,-0.0000428982893936,0.0000461819254269,0.000261155655608,-0.0000779254987719,-0.000241956775426,0.000166748301126,0.0000915268028621,-0.000292467913823],[-0.000257116073044,0.0014997915132,-0.000957507756539,0.00119780923706,0.0000439221257693,-0.0000898522921489,0.000738022848964,-0.000491236103699,0.000498372188304,-0.00000988500505628,-0.000546685245354,0.000486378878122,-0.000549897493329],[0.000555193051696,-0.000957507756539,0.00442604301497,-0.00180285831448,-0.00029337653541,0.00155396934133,-0.00094474729849,0.00150303880218,-0.00251072552055,-0.000323292479152,0.000568450894207,-0.000104930681118,-0.00131697230972],[-0.000313911994454,0.00119780923706,-0.00180285831448,0.00647318270057,-0.00170749495737,-0.00201425724663,0.00172417773865,-0.00372389750555,0.00368510792032,-0.00149889360182,-0.000725841207895,0.000200882393983,0.0020501492545],[0.000336540251737,0.0000439221257693,-0.00029337653541,-0.00170749495737,0.00970783270895,-0.00225589610636,-0.00278335879557,0.00379632483236,-0.00396892987192,0.000434094545199,-0.000280046951957,0.00199373578653,-0.00290489057079],[-0.0000428982893936,-0.0000898522921489,0.00155396934133,-0.00201425724663,-0.00225589610636,0.0151790352538,-0.00553611805663,-0.00318544218317,0.00371592119336,-0.00250373990275,0.00309309037402,-0.00399172026664,0.00243969005533],[0.0000461819254269,0.000738022848964,-0.00094474729849,0.00172417773865,-0.00278335879557,-0.00553611805663,0.0155865782872,-0.00577657436952,-0.00126609916333,0.00791587494314,-0.00517643615603,0.00168604543433,-0.0000330778384523],[0.000261155655608,-0.000491236103699,0.00150303880218,-0.00372389750555,0.00379632483236,-0.00318544218317,-0.00577657436952,0.0208521671593,-0.00880639348179,-0.00428768945858,0.00578956585377,-0.004307967145,-0.000433876441093],[-0.0000779254987719,0.000498372188304,-0.00251072552055,0.00368510792032,-0.00396892987192,0.00371592119336,-0.00126609916333,-0.00880639348179,0.0209361407906,-0.00684120971709,-0.00195239088498,0.000505645584781,0.000865497800987],[-0.000241956775426,-0.00000988500505628,-0.000323292479152,-0.00149889360182,0.000434094545199,-0.00250373990275,0.00791587494314,-0.00428768945858,-0.00684120971709,0.021982960403,-0.00527292257175,0.00408393889666,-0.00640812050551],[0.000166748301126,-0.000546685245354,0.000568450894207,-0.000725841207895,-0.000280046951957,0.00309309037402,-0.00517643615603,0.00578956585377,-0.00195239088498,-0.00527292257175,0.0202630385756,-0.0137729411945,0.00704381475225],[0.0000915268028621,0.000486378878122,-0.000104930681118,0.000200882393983,0.00199373578653,-0.00399172026664,0.00168604543433,-0.004307967145,0.000505645584781,0.00408393889666,-0.0137729411945,0.0238023642451,-0.00970543269068],[-0.000292467913823,-0.000549897493329,-0.00131697230972,0.0020501492545,-0.00290489057079,0.00243969005533,-0.0000330778384523,-0.000433876441093,0.000865497800987,-0.00640812050551,0.00704381475225,-0.00970543269068,0.0216700974852]],"mean":[-726.95300293,165.822143555,20.1393356323,31.8837089539,-2.53471207619,14.7348899841,2.83109498024,9.67569732666,-2.72943735123,5.50186157227,8.23874950409,7.12974357605,0.267213404179]},"pitch_salience":{"dmean":0.0908912271261,"dmean2":0.148915022612,"dvar":0.00563161075115,"dvar2":0.0146852592006,"max":0.835307240486,"mean":0.508023500443,"median":0.519283235073,"min":0.0664340034127,"var":0.016143001616},"silence_rate_20dB":{"dmean":0,"dmean2":0,"dvar":0,"dvar2":0,"max":1,"mean":1,"median":1,"min":1,"var":0},"silence_rate_30dB":{"dmean":0.0313892662525,"dmean2":0.0627846121788,"dvar":0.0304039791226,"dvar2":0.0731824040413,"max":1,"mean":0.952533185482,"median":1,"min":0,"var":0.0452137216926},"silence_rate_60dB":{"dmean":0.0104630887508,"dmean2":0.0209282040596,"dvar":0.0103536127135,"dvar2":0.0239782482386,"max":1,"mean":0.109658047557,"median":0,"min":0,"var":0.0976331606507},"spectral_centroid":{"dmean":154.649291992,"dmean2":242.446762085,"dvar":39908.9960938,"dvar2":88567.359375,"max":4328.06152344,"mean":674.920166016,"median":544.062011719,"min":123.17565918,"var":244576.421875},"spectral_complexity":{"dmean":2.32183694839,"dmean2":3.56709623337,"dvar":7.06789922714,"dvar2":14.5390739441,"max":43,"mean":11.0301265717,"median":10,"min":0,"var":45.9302177429},"spectral_contrast_coeffs":{"dmean":[0.0549129359424,0.0480192415416,0.0376816242933,0.0326530709863,0.0246429331601,0.0346520133317],"dmean2":[0.0911042615771,0.0804980844259,0.0627033561468,0.0537333190441,0.0400482192636,0.0544954650104],"dvar":[0.00189498520922,0.00150180561468,0.000879078754224,0.000731053296477,0.00047581247054,0.000954549061134],"dvar2":[0.00520493509248,0.00417577568442,0.00240890053101,0.00194323528558,0.00121543195564,0.00237530982122],"max":[-0.279814988375,-0.429049611092,-0.548047065735,-0.615987241268,-0.675570905209,-0.543997883797],"mean":[-0.703236043453,-0.77030402422,-0.816526174545,-0.83355486393,-0.847064971924,-0.771355032921],"median":[-0.712291181087,-0.776349723339,-0.818827092648,-0.834282875061,-0.845697462559,-0.773755133152],"min":[-0.948156833649,-0.966730117798,-0.969156742096,-0.987700879574,-0.972580611706,-0.920368850231],"var":[0.00755237787962,0.0059593738988,0.00359118985943,0.00321259396151,0.00225465674885,0.00405760062858]},"spectral_contrast_valleys":{"dmean":[0.396610409021,0.382214516401,0.382905393839,0.412021636963,0.423042863607,0.5833542943],"dmean2":[0.657712161541,0.617407441139,0.611517846584,0.643839776516,0.650111079216,0.92550599575],"dvar":[0.0986349955201,0.10054256767,0.121530637145,0.15851816535,0.17360971868,0.231132939458],"dvar2":[0.260895401239,0.254041612148,0.30122178793,0.404836773872,0.450663238764,0.649794995785],"max":[-5.0046415329,-4.4227771759,-5.41855812073,-6.00985813141,-6.18779182434,-9.12368679047],"mean":[-6.83024501801,-6.71559476852,-7.5852766037,-8.27593612671,-8.45263004303,-11.2899599075],"median":[-6.58621311188,-6.42970323563,-7.28204679489,-8.01726055145,-8.2416229248,-11.1616439819],"min":[-16.337928772,-16.618686676,-16.745716095,-16.6962833405,-16.2781677246,-17.4502506256],"var":[1.19074189663,1.60554099083,1.53324317932,1.47637426853,1.39217686653,1.04593193531]},"spectral_decrease":{"dmean":3.54905860256e-9,"dmean2":5.69586600108e-9,"dvar":2.2102557135e-17,"dvar2":5.79477275308e-17,"max":2.71236522131e-9,"mean":-8.26011792299e-9,"median":-6.11163120112e-9,"min":-5.69035449871e-8,"var":6.70134417559e-17},"spectral_energy":{"dmean":0.0135581707582,"dmean2":0.0216320734471,"dvar":0.000319252052577,"dvar2":0.000831869721878,"max":0.229832693934,"mean":0.0397193841636,"median":0.0324121899903,"min":1.04852994343e-10,"var":0.00116988702212},"spectral_energyband_high":{"dmean":0.0000646701737423,"dmean2":0.0000922985564102,"dvar":1.20894885214e-8,"dvar2":2.35836878915e-8,"max":0.00319985370152,"mean":0.000134509682539,"median":0.0000700762902852,"min":7.59314486287e-11,"var":3.88565233322e-8},"spectral_energyband_low":{"dmean":0.0108386334032,"dmean2":0.0177631489933,"dvar":0.000242906826315,"dvar2":0.000651650130749,"max":0.195591494441,"mean":0.0212581586093,"median":0.0134785361588,"min":5.4712302397e-12,"var":0.000539542292245},"spectral_energyband_middle_high":{"dmean":0.000836321734823,"dmean2":0.00123387936037,"dvar":0.00000343773263012,"dvar2":0.00000738677999834,"max":0.0679587572813,"mean":0.0019107152475,"median":0.000721444026567,"min":1.15468485468e-11,"var":0.0000114207541628},"spectral_energyband_middle_low":{"dmean":0.00551481638104,"dmean2":0.00881802197546,"dvar":0.0000855853577377,"dvar2":0.000212098748307,"max":0.164859548211,"mean":0.0127131789923,"median":0.00602569431067,"min":5.84804687315e-12,"var":0.000288953335257},"spectral_entropy":{"dmean":0.2691809237,"dmean2":0.428341716528,"dvar":0.066753923893,"dvar2":0.175667956471,"max":8.91391468048,"mean":7.20794725418,"median":7.25425291061,"min":5.11741828918,"var":0.194151833653},"spectral_flux":{"dmean":0.0259502120316,"dmean2":0.042560428381,"dvar":0.000823179318104,"dvar2":0.00213046534918,"max":0.379774361849,"mean":0.0956171900034,"median":0.0916736349463,"min":0.0000159648461704,"var":0.00314300204627},"spectral_kurtosis":{"dmean":4.807492733,"dmean2":7.70710039139,"dvar":51.338432312,"dvar2":136.743942261,"max":136.515960693,"mean":14.8682689667,"median":12.4564638138,"min":1.0794942379,"var":94.9090805054},"spectral_rms":{"dmean":0.000976970652118,"dmean2":0.00153400399722,"dvar":0.00000112131158403,"dvar2":0.00000276429727819,"max":0.0149742113426,"mean":0.00553866522387,"median":0.00562331313267,"min":3.19836829021e-7,"var":0.00000807380911283},"spectral_rolloff":{"dmean":4339.35986328,"dmean2":8470.24316406,"dvar":64338152,"dvar2":158126880,"max":22028.4667969,"mean":7848.30273438,"median":861.328125,"min":43.06640625,"var":97682560},"spectral_skewness":{"dmean":0.445768117905,"dmean2":0.69457501173,"dvar":0.276690721512,"dvar2":0.729001164436,"max":9.34602165222,"mean":2.74730992317,"median":2.59851288795,"min":0.855079174042,"var":0.816334664822},"spectral_spread":{"dmean":562806.625,"dmean2":895127.125,"dvar":257858945024,"dvar2":680556953600,"max":14230220,"mean":4254478,"median":4214443.5,"min":976183.875,"var":957172940800},"spectral_strongpeak":{"dmean":1.50937283039,"dmean2":2.81101298332,"dvar":45.6757240295,"dvar2":126.671714783,"max":95.1982803345,"mean":1.50493896008,"median":0.253513753414,"min":0,"var":43.1189613342},"zerocrossingrate":{"dmean":0.0387606471777,"dmean2":0.050321970135,"dvar":0.00112015765626,"dvar2":0.00174699816853,"max":0.64404296875,"mean":0.214408203959,"median":0.2001953125,"min":0.0068359375,"var":0.0100840302184}},"metadata":{"audio_properties":{"analysis_sample_rate":44100,"bit_rate":224653,"codec":"mp3","downmix":"mix","equal_loudness":0,"length":239.674530029,"lossless":false,"md5_encoded":"d980812a1c407b9d37e1e99ba6cecd64","replay_gain":0.0708160400391,"sample_rate":44100},"tags":{"acoustid_id":["b7b2980f-18c6-4152-96c1-20b080fe4e5e"],"album":["Brothers"],"albumartist":["The Black Keys"],"artist":["The Black Keys"],"date":["2010"],"discnumber":["1/1"],"file_name":"13 - The Black Keys - Unknown Brother.mp3","musicbrainz_albumartistid":["d15721d8-56b4-453d-b506-fc915b14cba2"],"musicbrainz_albumid":["6ba8fde9-a0b9-4b93-a626-f2c2f5d698ae"],"musicbrainz_artistid":["d15721d8-56b4-453d-b506-fc915b14cba2"],"musicbrainz_recordingid":["0fcbbdf4-e976-4a42-9974-a53f77fbb15b"],"musicbrainz_releasegroupid":["2a2b851c-bba6-4584-80c0-19af4a55e286"],"replaygain_album_gain":["+0.26 dB"],"replaygain_album_peak":["0.384602"],"replaygain_track_gain":["+0.47 dB"],"replaygain_track_peak":["0.347024"],"title":["Unknown Brother"],"tracknumber":["13/16"]},"version":{"essentia":"2.1-beta1","essentia_build_sha":"e76a03f03bb3900de42a1fa0d9be1e72f12def64","essentia_git_sha":"v2.1_beta1-28-g21ef5f4-dirty","extractor":"music 1.0"}},"rhythm":{"beats_count":336,"beats_loudness":{"dmean":0.0283358134329,"dmean2":0.0511033162475,"dvar":0.000751107465476,"dvar2":0.00223733554594,"max":0.173303440213,"mean":0.0529986619949,"median":0.0515358410776,"min":3.20027346845e-8,"var":0.00137723598164},"beats_loudness_band_ratio":{"dmean":[0.222352072597,0.0928756445646,0.0972965508699,0.0485101900995,0.0144406408072,0.0806934311986],"dmean2":[0.393180757761,0.165270149708,0.16932182014,0.088356487453,0.0268736425787,0.141529262066],"dvar":[0.0306125618517,0.0104916701093,0.0112479729578,0.0070490418002,0.000269931479124,0.00610331725329],"dvar2":[0.0935304760933,0.0328179262578,0.0300092659891,0.0207762736827,0.000738795846701,0.0166466869414],"max":[0.98