{"lowlevel":{"average_loudness":0.949199438095,"barkbands":{"dmean":[0.00772087229416,0.0171250868589,0.00307965022512,0.00255741435103,0.00316254398786,0.00116831762716,0.000865353737026,0.000813611433841,0.00114809314255,0.000871412688866,0.000686747196596,0.000694592483342,0.000830607372336,0.000519395747688,0.000245112110861,0.000122756580822,0.000109604428872,0.0000759703907534,0.0000729380844859,0.0000716788781574,0.0000595277779212,0.0000181004961632,0.000004778591574,0.00000398132488044,0.00000402912883146,0.00000567699771636,0.00109064253047],"dmean2":[0.0124082611874,0.0275650452822,0.00511572230607,0.00427534943447,0.00507382769138,0.00184274406638,0.00141567143146,0.00133293471299,0.00186119088903,0.00142394436989,0.00113811390474,0.0011148423655,0.00132094311994,0.000818131607957,0.000378693570383,0.00018691328296,0.000160918498295,0.000109186803456,0.000106485487777,0.000109102475108,0.0000891395538929,0.0000273831192317,0.00000783538689575,0.00000667221911499,0.00000671257021168,0.00000924415326153,0.00154629384633],"dvar":[0.000112117144454,0.000384595798096,0.0000269256215688,0.0000135337913889,0.0000430999098171,0.00000923521201912,0.00000684764791004,0.00000359493787983,0.00000715233500159,0.00000488941304866,0.00000299693783745,0.00000250969787885,0.00000419213802161,0.00000149028880969,2.20316977106e-7,5.13781586164e-8,4.2714788151e-8,2.34236239294e-8,1.99189091887e-8,1.11581179851e-7,7.47199919715e-8,7.13165082544e-9,8.72675473551e-11,3.60940166644e-11,3.55453305678e-11,6.01825742019e-11,0.00000432643173554],"dvar2":[0.00027040365967,0.000937109929509,0.0000642472950858,0.0000356897107849,0.0000985891383607,0.0000204290117836,0.0000170129860635,0.00000931746126298,0.0000175753175427,0.0000125990363813,0.00000773953343014,0.00000619117236056,0.00000987116891338,0.00000360374519914,5.11468556397e-7,1.16681633244e-7,9.26166734416e-8,4.97184942105e-8,4.21430677022e-8,2.94580388527e-7,1.55354399567e-7,1.50528567389e-8,2.11381148696e-10,9.37907668197e-11,9.11789393987e-11,1.48281512069e-10,0.00000925571930566],"max":[0.154977172613,0.221455305815,0.193602859974,0.0578385777771,0.136927604675,0.0783731788397,0.0666837319732,0.0643362477422,0.0548210628331,0.0512535125017,0.0394551455975,0.053267929703,0.0528061240911,0.0268746390939,0.0106047280133,0.00405681692064,0.00311992643401,0.00241485843435,0.00467227259651,0.0196413621306,0.00784352608025,0.00393177615479,0.000372409675037,0.0000926046195673,0.0000897030113265,0.000113960151793,0.0685923248529],"mean":[0.014320012182,0.0313092693686,0.00419696653262,0.00341353216209,0.00467369705439,0.00160598498769,0.00116023549344,0.00112762977369,0.00155878032092,0.00114877871238,0.000869931129273,0.000967369123828,0.00118478410877,0.00078107585432,0.000371918053133,0.000184652250027,0.000160512296134,0.000104181126517,0.000102564386907,0.000100525809103,0.0000854183963384,0.0000254575115832,0.00000586272108194,0.00000427636541644,0.00000439814994024,0.00000725438303562,0.00210223975591],"median":[0.0063992375508,0.019679101184,0.00221817474812,0.00204190821387,0.0026633925736,0.000632599578239,0.000422443612479,0.000524215400219,0.000603124732152,0.000339563470334,0.000265992712229,0.000322774605593,0.000366595690139,0.000270116201136,0.000143472760101,0.0000846580878715,0.0000612553558312,0.000032060983358,0.0000316867735819,0.0000238045995502,0.0000143088018376,0.00000655137500871,0.00000286080557999,0.00000202794240067,0.00000209183895095,0.00000411175778936,0.000755671062507],"min":[2.78412008748e-24,2.34891870005e-23,5.02440498892e-24,3.97212607251e-24,1.1458762373e-23,1.67964895028e-23,2.49228391438e-23,1.30947352504e-23,7.30384539583e-23,7.67248388337e-23,5.29036754985e-23,5.59931324824e-23,6.82833834374e-23,1.28747060089e-22,8.58561814907e-23,1.97982907873e-22,1.69921913784e-22,2.22690258616e-22,3.28819616324e-22,3.07831877277e-22,3.41991220548e-22,4.66569497852e-22,4.29303355279e-22,9.07831832993e-22,9.39661019989e-22,1.60415321985e-21,2.35258486484e-21],"var":[0.000384576560464,0.00105720665306,0.0000604576634942,0.0000185480130312,0.0000588567454542,0.000015546747818,0.0000103444344859,0.00000504273657498,0.0000109849470391,0.00000728123995941,0.00000385319208362,0.00000407099241784,0.00000680662469676,0.00000274009767054,3.89317676763e-7,7.72700516904e-8,7.07029954583e-8,3.67799231071e-8,3.56138905033e-8,1.74723581381e-7,1.66376750599e-7,1.54134696118e-8,1.40614700439e-10,3.96485864973e-11,4.06322475666e-11,8.1982289013e-11,0.0000109384036477]},"barkbands_crest":{"dmean":3.17734050751,"dmean2":5.18449115753,"dvar":7.04000711441,"dvar2":17.9760570526,"max":25.6438732147,"mean":12.4043865204,"median":12.1083240509,"min":2.91834688187,"var":20.8256092072},"barkbands_flatness_db":{"dmean":0.034328378737,"dmean2":0.0520542003214,"dvar":0.000827324751299,"dvar2":0.00187152263243,"max":0.500770688057,"mean":0.188833996654,"median":0.178452312946,"min":0.0497848279774,"var":0.00408240640536},"barkbands_kurtosis":{"dmean":14.7076330185,"dmean2":22.3678627014,"dvar":804.330627441,"dvar2":1802.18127441,"max":685.618652344,"mean":27.3871459961,"median":11.4356155396,"min":-1.89075171947,"var":2530.76953125},"barkbands_skewness":{"dmean":1.08740520477,"dmean2":1.63892173767,"dvar":1.27271807194,"dvar2":2.78455638885,"max":20.8302211761,"mean":3.69263625145,"median":3.09995603561,"min":-4.61186075211,"var":6.0426774025},"barkbands_spread":{"dmean":9.98013210297,"dmean2":14.8062677383,"dvar":138.181091309,"dvar2":291.054290771,"max":137.65411377,"mean":25.1091003418,"median":19.3833885193,"min":0.324313282967,"var":443.736328125},"dissonance":{"dmean":0.01968816109,"dmean2":0.0332890413702,"dvar":0.000393536349293,"dvar2":0.00109097652603,"max":0.500000059605,"mean":0.468560606241,"median":0.474990099669,"min":0.217194154859,"var":0.000650248315651},"dynamic_complexity":3.12748885155,"erbbands":{"dmean":[0.855196297169,2.76292729378,3.58377456665,5.78191566467,10.667427063,10.1183414459,11.6687660217,8.57881641388,11.8569288254,12.7083148956,18.2394447327,25.8472938538,25.8993396759,28.2701778412,28.5565032959,25.1692562103,33.3577919006,31.043756485,16.2230396271,8.89855861664,6.38602638245,5.78877305984,4.34100580215,3.62973475456,3.82595801353,3.39356660843,2.77318739891,1.968983531,0.736094474792,0.246660366654,0.125377446413,0.0908504426479,0.0627781525254,0.0441367775202,0.0292774830014,0.0180933270603,0.0113975070417,0.0136226322502,0.0500436387956,0.0284241959453],"dmean2":[1.36642086506,4.53233861923,6.00575447083,9.59368133545,17.7118606567,16.3871479034,18.5844993591,13.723359108,19.3359413147,20.4533729553,29.9417533875,41.7878456116,41.7153739929,46.3226242065,46.2758674622,40.1963653564,52.8440322876,48.3211975098,24.7353420258,13.5328416824,9.41360092163,8.33949375153,6.19819879532,5.1723613739,5.66680431366,5.19549417496,4.20486116409,2.93927240372,1.09910559654,0.387361347675,0.206314474344,0.152318820357,0.105301976204,0.0737425908446,0.0486154854298,0.0298037789762,0.0184899363667,0.020194131881,0.0705209001899,0.0389570556581],"dvar":[1.1677583456,10.0653390884,28.7647228241,73.0078048706,321.224517822,747.539306641,1087.02038574,423.908233643,1192.9407959,1607.24353027,1870.69750977,4441.1328125,3582.48852539,5437.66357422,4627.10302734,3241.48681641,6317.86669922,4962.23828125,1196.31384277,230.245758057,148.69909668,119.1040802,75.8029937744,46.9145126343,87.5553665161,297.594482422,157.525375366,93.4455490112,12.0649204254,0.873507857323,0.0399153493345,0.0183117613196,0.00920327845961,0.00438654329628,0.0018324755365,0.000660830701236,0.00023539456015,0.000904064683709,0.043062414974,0.00205701752566],"dvar2":[2.8514623642,24.6815891266,71.2836074829,194.172286987,784.096252441,1677.57995605,2492.71313477,885.87677002,3052.59399414,3479.62402344,5053.22949219,10937.3994141,8929.78710938,14251.8300781,11625.9238281,8155.45996094,14907.7294922,11971.5634766,2714.34326172,533.689819336,330.446350098,255.194503784,160.326782227,95.2633590698,203.629623413,807.630554199,359.317443848,189.862075806,25.1782951355,2.03495931625,0.0983777791262,0.0475821383297,0.0238469727337,0.0113025363535,0.00468338420615,0.00166829675436,0.000577572907787,0.00195399112999,0.102568857372,0.00404374487698],"max":[12.156124115,41.4769554138,174.322341919,191.9375,500.128051758,603.735839844,1065.38024902,750.567626953,1171.29992676,1744.93469238,1431.09143066,1736.34350586,1804.1706543,2017.40234375,1806.42553711,2008.8215332,2690.33251953,1562.04711914,842.701721191,359.833099365,251.865936279,157.636962891,163.634765625,96.0741119385,415.820831299,1065.50537109,399.969940186,374.03527832,175.206375122,58.6003074646,6.26145553589,2.0355079174,1.48643326759,1.01284980774,0.632601678371,0.351145356894,0.212195336819,1.15493202209,11.3507575989,1.3561975956],"mean":[1.58012259007,4.42508983612,5.39413404465,8.47002983093,14.9416761398,13.8839616776,15.8774881363,12.05884552,16.2540397644,18.3388004303,26.9336299896,35.1175041199,35.9610671997,37.6042671204,39.7136268616,37.3268203735,50.621006012,48.6705093384,26.1771869659,14.7783460617,9.9315738678,8.68097782135,6.12240982056,5.10837364197,5.31874227524,4.74012613297,3.98003816605,2.78115820885,1.07038533688,0.341684401035,0.151395842433,0.100068829954,0.0661424249411,0.0474844165146,0.0324174873531,0.0207120385021,0.0150150209665,0.0226326603442,0.0846581757069,0.0690497308969],"median":[0.836191654205,2.88805961609,3.24169969559,5.2977399826,8.59900283813,7.23257923126,6.29420137405,4.92855453491,6.31220769882,8.13936328888,12.708656311,13.6630496979,12.7467288971,11.3395519257,13.0684185028,13.2728624344,16.9813690186,17.0807781219,9.04145908356,7.03613948822,4.45767974854,3.38459944725,1.96197533607,1.61881434917,1.53947591782,1.13254833221,0.749045550823,0.45218962431,0.256840139627,0.137396931648,0.0752906352282,0.0489427223802,0.0301652979106,0.0222874525934,0.0157456696033,0.0104294680059,0.00864494685084,0.00978023000062,0.0230029653758,0.0377459898591],"min":[4.96309629709e-22,6.00864643193e-21,9.35005544104e-21,8.44292426799e-21,1.08559732891e-20,4.27352814524e-20,6.81037443854e-20,1.79633372331e-19,3.4568242275e-19,3.59704581699e-19,3.6866819516e-19,1.36289090138e-18,2.02970290665e-18,2.59822538243e-18,2.08412001723e-18,2.50269284592e-18,3.50875002517e-18,5.5698901378e-18,4.43246509675e-18,7.31161156176e-18,1.10244936321e-17,1.00698602036e-17,1.23523302735e-17,1.60684995595e-17,1.48422969457e-17,1.43053789731e-17,1.44908212859e-17,1.31522304694e-17,1.66425595959e-17,1.24543679651e-17,1.43199621673e-17,1.9898782547e-17,1.2764295997e-17,7.52504649367e-18,8.5427863583e-18,5.65769577341e-18,2.70393389484e-18,1.31656123906e-18,2.99596235868e-19,3.68501563503e-20],"var":[3.38779163361,22.4727668762,61.5261611938,108.695472717,485.429016113,887.73638916,1554.3046875,835.494750977,1765.04699707,2518.80029297,2545.65478516,6618.30419922,5394.58642578,7485.32421875,6574.96386719,5703.07421875,11113.6748047,9965.51757812,2354.58496094,413.369140625,232.587539673,200.333221436,120.707275391,80.8456573486,157.29536438,412.426055908,318.469940186,203.943740845,27.4947834015,1.57801234722,0.0590504072607,0.0202676802874,0.0100542455912,0.00491681043059,0.00213206512854,0.000804962415714,0.000326882669469,0.00233156466857,0.0891835615039,0.00640928419307]},"erbbands_crest":{"dmean":2.52639889717,"dmean2":4.21284008026,"dvar":5.87697410583,"dvar2":15.0924663544,"max":28.321100235,"mean":7.72422790527,"median":6.82262992859,"min":1.96949636936,"var":12.6546049118},"erbbands_flatness_db":{"dmean":0.0245302431285,"dmean2":0.0386783704162,"dvar":0.000419297808548,"dvar2":0.00102364539634,"max":0.325044184923,"mean":0.139248594642,"median":0.134663075209,"min":0.0364136435091,"var":0.00158582744189},"erbbands_kurtosis":{"dmean":1.09069430828,"dmean2":1.76180446148,"dvar":2.940939188,"dvar2":7.29662513733,"max":48.2741241455,"mean":0.626796841621,"median":0.0125529766083,"min":-1.7391461134,"var":6.01619148254},"erbbands_skewness":{"dmean":0.396279394627,"dmean2":0.610195696354,"dvar":0.131911084056,"dvar2":0.299369156361,"max":5.01963806152,"mean":0.0349196456373,"median":0.0277766697109,"min":-4.02521562576,"var":0.515571653843},"erbbands_spread":{"dmean":7.60921621323,"dmean2":12.0310268402,"dvar":52.70860672,"dvar2":125.434684753,"max":111.94392395,"mean":31.7912101746,"median":30.2241210938,"min":2.52613687515,"var":206.827392578},"gfcc":{"cov":[[9773.94335938,962.136230469,-734.645996094,-636.409606934,147.273361206,-326.618469238,163.800521851,-104.442779541,-136.780776978,52.6484298706,121.839370728,-253.948806763,260.708587646],[962.136230469,706.611938477,-18.1162700653,-287.461212158,110.15271759,-18.614233017,16.6250114441,-50.6309814453,37.7779312134,-38.5033874512,34.5046157837,-72.2702178955,37.450958252],[-734.645996094,-18.1162700653,437.545837402,162.508392334,-68.7659835815,186.341491699,-134.645309448,117.617599487,-5.26153850555,14.3925685883,-18.6839065552,22.80676651,-9.44042778015],[-636.409606934,-287.461212158,162.508392334,390.912384033,33.6989784241,-30.5659179688,14.990986824,51.8285865784,7.15018796921,-4.5993847847,-28.2246284485,55.050907135,-27.6403446198],[147.273361206,110.15271759,-68.7659835815,33.6989784241,217.122085571,-32.8202056885,70.5665435791,-34.2269248962,26.1679019928,-17.1765880585,21.8222160339,-13.2952051163,1.89729237556],[-326.618469238,-18.614233017,186.341491699,-30.5659179688,-32.8202056885,260.135986328,-88.1510620117,74.5741348267,-14.9802780151,19.4209537506,13.180431366,10.2822656631,1.6327508688],[163.800521851,16.6250114441,-134.645309448,14.990986824,70.5665435791,-88.1510620117,221.487838745,-49.0075798035,43.2503318787,9.56507015228,-1.69770348072,-1.65786230564,11.2409706116],[-104.442779541,-50.6309814453,117.617599487,51.8285865784,-34.2269248962,74.5741348267,-49.0075798035,167.690734863,25.3604354858,3.21251296997,3.19792342186,22.5681228638,2.58818030357],[-136.780776978,37.7779312134,-5.26153850555,7.15018796921,26.1679019928,-14.9802780151,43.2503318787,25.3604354858,88.149230957,34.6050987244,10.9535474777,-0.639497280121,0.1552105546],[52.6484298706,-38.5033874512,14.3925685883,-4.5993847847,-17.1765880585,19.4209537506,9.56507015228,3.21251296997,34.6050987244,79.7587890625,30.4864597321,-2.44623756409,9.623254776],[121.839370728,34.5046157837,-18.6839065552,-28.2246284485,21.8222160339,13.180431366,-1.69770348072,3.19792342186,10.9535474777,30.4864597321,60.1784439087,17.835647583,13.6130905151],[-253.948806763,-72.2702178955,22.80676651,55.050907135,-13.2952051163,10.2822656631,-1.65786230564,22.5681228638,-0.639497280121,-2.44623756409,17.835647583,69.29637146,11.8690328598],[260.708587646,37.450958252,-9.44042778015,-27.6403446198,1.89729237556,1.6327508688,11.2409706116,2.58818030357,0.1552105546,9.623254776,13.6130905151,11.8690328598,57.7097015381]],"icov":[[0.000229488912737,-0.000526307732798,0.000691135763191,-0.000419803109253,0.000140465752338,-0.00000178661309747,0.00000833233207231,-0.000577576051001,0.00112858600914,-0.00089350878261,0.0000463622200186,0.000713373941835,-0.000775175809395],[-0.000526307732798,0.0062487567775,-0.00593725312501,0.00594078423455,-0.0025932372082,0.00261402246542,-0.000835252692923,0.00259000854567,-0.00602742470801,0.00810400396585,-0.00478226551786,0.00158279261086,-0.000278156541754],[0.000691135763191,-0.00593725312501,0.0118256714195,-0.00866039935499,0.0035707578063,-0.00601907260716,0.00291384058073,-0.0035120327957,0.00494668725878,-0.00776623794809,0.00511260377243,0.000910259899683,-0.00195134442765],[-0.000419803109253,0.00594078423455,-0.00866039935499,0.0115913106129,-0.0053070471622,0.00562662538141,-0.00182096904609,0.000816118437797,-0.00303296674974,0.00390787050128,-0.00000706848368281,-0.00422009360045,0.00273570092395],[0.000140465752338,-0.0025932372082,0.0035707578063,-0.0053070471622,0.00915214791894,-0.0029315056745,-0.00099077122286,0.00104964175262,-0.00175696541555,0.00360116409138,-0.00547817535698,0.00440120091662,-0.00119014945813],[-0.00000178661309747,0.00261402246542,-0.00601907260716,0.00562662538141,-0.0029315056745,0.00917953439057,-0.000294771947665,-0.00155687134247,0.00133666337933,-0.000141805125168,-0.00164335058071,-0.000861270877067,0.000570702832192],[0.00000833233207231,-0.000835252692923,0.00291384058073,-0.00182096904609,-0.00099077122286,-0.000294771947665,0.00759582640603,0.00100796483457,-0.00267403759062,-0.00213476014324,0.0034169042483,-0.00136194587685,-0.00153768004384],[-0.000577576051001,0.00259000854567,-0.0035120327957,0.000816118437797,0.00104964175262,-0.00155687134247,0.00100796483457,0.0112401386723,-0.0091601209715,0.00764786358923,-0.00350646371953,-0.000995898386464,-0.000164781566127],[0.00112858600914,-0.00602742470801,0.00494668725878,-0.00303296674974,-0.00175696541555,0.00133666337933,-0.00267403759062,-0.0091601209715,0.0277333315462,-0.0196643732488,0.00716685550287,-0.00142684835009,0.000928583031055],[-0.00089350878261,0.00810400396585,-0.00776623794809,0.00390787050128,0.00360116409138,-0.000141805125168,-0.00213476014324,0.00764786358923,-0.0196643732488,0.0374333895743,-0.0228154622018,0.0104305483401,-0.00361547037028],[0.0000463622200186,-0.00478226551786,0.00511260377243,-0.00000706848368281,-0.00547817535698,-0.00164335058071,0.0034169042483,-0.00350646371953,0.00716685550287,-0.0228154622018,0.0383887141943,-0.0169836636633,0.00166806241032],[0.000713373941835,0.00158279261086,0.000910259899683,-0.00422009360045,0.00440120091662,-0.000861270877067,-0.00136194587685,-0.000995898386464,-0.00142684835009,0.0104305483401,-0.0169836636633,0.0294019728899,-0.00970886275172],[-0.000775175809395,-0.000278156541754,-0.00195134442765,0.00273570092395,-0.00119014945813,0.000570702832192,-0.00153768004384,-0.000164781566127,0.000928583031055,-0.00361547037028,0.00166806241032,-0.00970886275172,0.0245352145284]],"mean":[-8.87140750885,111.699958801,-71.3720092773,-7.60487508774,1.30476593971,-8.78761672974,5.99438047409,-14.7887706757,-1.29373335838,-6.47068929672,-1.84313857555,-10.7064437866,-1.1222589016]},"hfc":{"dmean":194.808898926,"dmean2":294.272125244,"dvar":42715.6757812,"dvar2":99107.4375,"max":2981.31005859,"mean":575.690002441,"median":504.681243896,"min":1.1596113982e-16,"var":148624.5},"melbands":{"dmean":[0.00609292462468,0.00228358712047,0.00110676442273,0.000728138606064,0.000412186374888,0.000199662914383,0.000180295595783,0.000148421167978,0.000149882398546,0.000171015795786,0.000132548069814,0.000117396593851,0.0000952414775384,0.0000808209297247,0.000068582376116,0.0000847847913974,0.0000567729512113,0.0000295298013953,0.0000168513179233,0.00000954261940933,0.00000746085879655,0.00000657839018459,0.0000048337797125,0.0000036859555621,0.0000029356720006,0.00000293098105431,0.0000027327700991,0.00000227312989409,0.00000181131395038,0.00000158137413564,0.00000103458648937,4.76160153084e-7,2.19816044478e-7,1.09540742699e-7,7.33118454832e-8,6.22581239895e-8,5.23396046503e-8,4.44310082059e-8,3.98936776946e-8,3.62851295677e-8],"dmean2":[0.00971256382763,0.00378688983619,0.00182952708565,0.00117652479094,0.000656913325656,0.000317940604873,0.000294350291369,0.000239493179834,0.000245590112172,0.000277430226561,0.000214317115024,0.000193349274923,0.000155558431288,0.000129414504045,0.000109405606054,0.00013634491188,0.0000894233016879,0.0000462472562504,0.0000262964858848,0.0000146753836816,0.0000112260877358,0.00000978803382168,0.00000723359471522,0.00000536845163879,0.00000428650355389,0.00000437243625129,0.000004196962891,0.00000355225120074,0.0000027960738862,0.00000239259043155,0.00000157951217261,7.19731815479e-7,3.4650409475e-7,1.75632550281e-7,1.21007730058e-7,1.04264607614e-7,8.79290027456e-8,7.46071933122e-8,6.68129658266e-8,6.05821810495e-8],"dvar":[0.0000524259303347,0.00000788574470789,0.00000246612626142,0.00000232277079704,0.00000120391723613,2.28413014725e-7,2.66665125537e-7,1.68447215287e-7,1.18378110869e-7,1.93709297491e-7,9.63952970778e-8,9.69978017906e-8,5.30995620807e-8,3.42040493706e-8,2.90880297626e-8,4.26445012636e-8,1.74853198587e-8,4.42599512596e-9,9.7852237424e-10,2.73845085497e-10,2.14893824957e-10,1.56138518781e-10,9.61247539899e-11,6.17904061251e-11,3.18962946333e-11,3.56493966291e-11,8.47592829256e-11,1.85347959203e-10,6.51118325923e-11,5.93051024955e-11,2.92048017714e-11,5.15272199908e-12,1.55849205069e-12,1.09479435337e-13,1.43292800856e-14,8.36735821824e-15,6.24888943013e-15,4.64193240392e-15,3.66000226003e-15,2.943793975e-15],"dvar2":[0.000126546088723,0.0000198535508389,0.00000637999664832,0.0000053252942962,0.00000274630792774,4.83911264837e-7,6.83441214733e-7,3.72766209011e-7,3.19095562418e-7,4.78206686694e-7,2.40750381408e-7,2.54046312875e-7,1.35966160997e-7,8.42441352233e-8,6.89089603156e-8,1.04093402342e-7,4.25222310696e-8,1.03704556054e-8,2.33656560766e-9,6.31265817397e-10,4.89092655265e-10,3.47496670328e-10,2.16502246686e-10,1.3482134853e-10,6.70564645477e-11,7.75038783152e-11,2.09203321333e-10,5.22318799323e-10,1.50612702865e-10,1.28864169335e-10,5.96319660318e-11,1.07768464291e-11,3.79512827414e-12,2.603174024e-13,3.52676567149e-14,2.16707314799e-14,1.62664291894e-14,1.20338275748e-14,9.45955553472e-15,7.57679441648e-15],"max":[0.0836306065321,0.0644488781691,0.0309542156756,0.0362050384283,0.038690213114,0.0148387560621,0.0158394128084,0.0169410463423,0.0097281280905,0.0107383560389,0.00922387652099,0.00770284142345,0.00597382336855,0.00549401110038,0.00469984021038,0.00521234516054,0.00319050904363,0.00183575355913,0.000719509203918,0.000267148454441,0.000277691171505,0.000191499304492,0.000167648453498,0.000125866659801,0.0000820220884634,0.00019713731308,0.000399505486712,0.000856825499795,0.000248010561336,0.000248451513471,0.000226752628805,0.000090287423518,0.0000866529953782,0.0000185173030331,0.00000433294508184,0.00000134272022478,0.00000119841831747,0.00000105709045783,9.33386274937e-7,8.26885070637e-7],"mean":[0.0119494842365,0.00383292068727,0.00171931867953,0.00105429079849,0.000573250115849,0.000278983468888,0.000248558761086,0.000212674742215,0.000219343593926,0.000226792501053,0.00017987692263,0.000153147178935,0.000127397011966,0.000111695073429,0.0000978911630227,0.000120648815937,0.000085616382421,0.0000438765673607,0.0000255188115261,0.0000147689370351,0.0000108787235149,0.00000950445155468,0.00000661712556393,0.00000483351459479,0.00000398133033741,0.00000398395104639,0.00000361541151506,0.00000302536363961,0.0000025377860311,0.00000214452597902,0.00000142405565384,6.66051619191e-7,2.9513876143e-7,1.42996782415e-7,8.68305676249e-8,7.06175242726e-8,5.59869022254e-8,4.62844411686e-8,4.22476098549e-8,3.91429715307e-8],"median":[0.00729057472199,0.00267965625972,0.0011384699028,0.000598330865614,0.00024363931152,0.00011112838547,0.0000966183288256,0.0000979831384029,0.000102611607872,0.0000842452936922,0.0000613067822997,0.000043702115363,0.0000406623148592,0.0000375621311832,0.0000315719807986,0.0000379479606636,0.0000297422739095,0.0000138653640533,0.0000105281096694,0.00000719620038581,0.00000451193500339,0.00000367375605492,0.0000021622922759,0.00000140824181472,0.00000121529399166,0.00000119362016449,9.03112777451e-7,6.79487868638e-7,4.89132389703e-7,3.34798357926e-7,2.26965994443e-7,1.51691580186e-7,9.71521103565e-8,6.37358539279e-8,4.27366622091e-8,3.55435503252e-8,2.62812829277e-8,2.08044230732e-8,1.93637070822e-8,1.84435791084e-8],"min":[5.52265939742e-24,6.71629942704e-24,1.46837217974e-24,1.61922831862e-24,2.45108529862e-24,3.56072248866e-24,5.3084544738e-24,3.92857542852e-24,4.10079875248e-24,9.2045000396e-24,1.07725914361e-23,1.16183804886e-23,6.63552007035e-24,8.58893215373e-24,5.81578630474e-24,6.75545927124e-24,1.07711123219e-23,7.92395002076e-24,8.02660133492e-24,9.30276449826e-24,1.40886471373e-23,8.91486502508e-24,1.07709734824e-23,9.32790470645e-24,1.37043851018e-23,1.14731638177e-23,1.05614922579e-23,8.35912198369e-24,9.41897790909e-24,7.98119134577e-24,8.02692240131e-24,1.00062809087e-23,8.23199468223e-24,5.9700421383e-24,7.45637559616e-24,9.12438805923e-24,1.36361360117e-23,1.04948153676e-23,5.29864893275e-24,6.60300125168e-24],"var":[0.00016391625104,0.0000171124956978,0.00000389281103708,0.00000319303671859,0.00000170374266872,4.39850367684e-7,4.04053110969e-7,2.68962594419e-7,1.62218569244e-7,2.84770749204e-7,1.45170488963e-7,1.3494850748e-7,7.19108541603e-8,5.26087156061e-8,5.1566122039e-8,6.92741437547e-8,3.2912009118e-8,7.82497533436e-9,1.647214809e-9,4.33440033865e-10,3.17232462521e-10,2.48366743838e-10,1.41038236645e-10,8.88236359464e-11,5.16429433939e-11,6.00347410673e-11,1.50731399584e-10,2.12251993759e-10,1.25787810723e-10,1.16537099415e-10,6.08299660643e-11,1.15259052302e-11,2.15969559944e-12,1.98772164635e-13,2.04027062172e-14,9.38445759362e-15,6.81277239213e-15,5.04383683189e-15,4.04024254983e-15,3.31540109324e-15]},"melbands_crest":{"dmean":4.63624382019,"dmean2":7.4900932312,"dvar":16.1080551147,"dvar2":38.0868530273,"max":39.4054412842,"mean":20.9217128754,"median":20.3019447327,"min":1.88056361675,"var":59.6133956909},"melbands_flatness_db":{"dmean":0.0424991995096,"dmean2":0.0646288320422,"dvar":0.00118396384642,"dvar2":0.00271297106519,"max":0.652164638042,"mean":0.315706580877,"median":0.307531028986,"min":0.00534386141226,"var":0.00567408977076},"melbands_kurtosis":{"dmean":19.3933181763,"dmean2":30.5680618286,"dvar":1910.47912598,"dvar2":4770.58203125,"max":1654.75830078,"mean":35.1973342896,"median":15.1993150711,"min":-1.87067472935,"var":5125.62792969},"melbands_skewness":{"dmean":1.24892282486,"dmean2":1.94685578346,"dvar":1.63347101212,"dvar2":3.83292865753,"max":27.6413478851,"mean":4.03128385544,"median":3.46607351303,"min":-3.93260979652,"var":7.59974193573},"melbands_spread":{"dmean":4.79434204102,"dmean2":7.47794437408,"dvar":43.1761474609,"dvar2":105.526748657,"max":219.53465271,"mean":11.1984872818,"median":8.45015525818,"min":0.0747301056981,"var":117.693107605},"mfcc":{"cov":[[6966.39111328,990.740234375,-878.107116699,14.1061115265,-433.590148926,-46.805644989,69.2447891235,-200.31489563,-14.4791564941,-28.563243866,-3.55453109741,-29.9695091248,-29.2592220306],[990.740234375,1004.96362305,-175.599914551,-187.758010864,-16.8693962097,32.6602859497,-4.01619243622,-27.9788951874,-19.5647335052,37.4346199036,4.44390630722,-15.3277921677,-16.6431751251],[-878.107116699,-175.599914551,595.970214844,-74.472618103,164.180725098,-6.05850076675,-16.8267555237,56.2256813049,16.6742630005,20.4546146393,4.90944004059,18.8940315247,11.0701408386],[14.1061115265,-187.758010864,-74.472618103,425.697113037,-17.9088726044,2.21990704536,1.36387431622,28.3695697784,40.4656410217,-16.5083637238,1.09005606174,13.7032089233,5.25503540039],[-433.590148926,-16.8693962097,164.180725098,-17.9088726044,248.138870239,4.3052816391,2.73934793472,53.8891677856,-16.8322849274,7.8743019104,12.8131456375,16.2931480408,-0.519442200661],[-46.805644989,32.6602859497,-6.05850076675,2.21990704536,4.3052816391,136.268463135,41.6734466553,-20.345161438,3.72937655449,3.9453792572,6.70125246048,-0.503336668015,7.72562360764],[69.2447891235,-4.01619243622,-16.8267555237,1.36387431622,2.73934793472,41.6734466553,78.0754699707,24.7956104279,7.3682050705,-3.38015031815,-4.16504764557,4.88087797165,10.7710008621],[-200.31489563,-27.9788951874,56.2256813049,28.3695697784,53.8891677856,-20.345161438,24.7956104279,109.954452515,33.1441650391,-6.8068447113,-0.210874199867,13.6578063965,8.40932941437],[-14.4791564941,-19.5647335052,16.6742630005,40.4656410217,-16.8322849274,3.72937655449,7.3682050705,33.1441650391,73.1881256104,30.6527500153,9.61875247955,4.917740345,5.89298629761],[-28.563243866,37.4346199036,20.4546146393,-16.5083637238,7.8743019104,3.9453792572,-3.38015031815,-6.8068447113,30.6527500153,75.4661254883,33.2690544128,2.50625181198,0.472357183695],[-3.55453109741,4.44390630722,4.90944004059,1.09005606174,12.8131456375,6.70125246048,-4.16504764557,-0.210874199867,9.61875247955,33.2690544128,58.3794975281,26.5325927734,2.03067231178],[-29.9695091248,-15.3277921677,18.8940315247,13.7032089233,16.2931480408,-0.503336668015,4.88087797165,13.6578063965,4.917740345,2.50625181198,26.5325927734,51.1044387817,23.7249546051],[-29.2592220306,-16.6431751251,11.0701408386,5.25503540039,-0.519442200661,7.72562360764,10.7710008621,8.40932941437,5.89298629761,0.472357183695,2.03067231178,23.7249546051,47.8422546387]],"icov":[[0.000228575081564,-0.000225236479309,0.00016037414025,-0.0000647350680083,0.000134798785439,0.000389093562262,-0.000534083577804,0.000533040205482,-0.000319492653944,0.000378448778065,-0.00027137514553,0.0000347226487065,0.0000265354774456],[-0.000225236479309,0.00147717946675,0.000386929197703,0.000669596658554,-0.00020104633586,-0.000947025022469,0.00107039848808,-0.000999619369395,0.000719649775419,-0.00145722052548,0.000976684037596,-0.00049582083011,0.000428676139563],[0.00016037414025,0.000386929197703,0.00259990617633,0.000672724738251,-0.00132616516203,-0.000224027782679,0.000879237195477,-0.000361570506357,-0.000866885355208,-0.000599655904807,0.00102047109976,-0.000895833421964,-0.0000417835108237],[-0.0000647350680083,0.000669596658554,0.000672724738251,0.00302747939713,-0.000295918434858,-0.000546994328033,0.00088884489378,-0.000507315562572,-0.00193032028619,0.000888565264177,0.000226312535233,-0.000891538395081,0.000340824539308],[0.000134798785439,-0.00020104633586,-0.00132616516203,-0.000295918434858,0.0065120481886,-0.00111372303218,0.000611763389315,-0.0041075674817,0.00480744522065,-0.00248478702269,0.000123220539535,-0.00149277318269,0.00135408807546],[0.000389093562262,-0.000947025022469,-0.000224027782679,-0.000546994328033,-0.00111372303218,0.0115222064778,-0.00819450430572,0.00634987186641,-0.00369232101366,0.00356874940917,-0.00426592119038,0.00307315308601,-0.00204687216319],[-0.000534083577804,0.00107039848808,0.000879237195477,0.00088884489378,0.000611763389315,-0.00819450430572,0.020750714466,-0.00855027884245,0.00291879987344,-0.00339748873375,0.00464097503573,-0.00238615972921,-0.00143394223414],[0.000533040205482,-0.000999619369395,-0.000361570506357,-0.000507315562572,-0.0041075674817,0.00634987186641,-0.00855027884245,0.0194628369063,-0.0120588745922,0.00836016703397,-0.00295295729302,-0.0000253465077549,-0.000907669833396],[-0.000319492653944,0.000719649775419,-0.000866885355208,-0.00193032028619,0.00480744522065,-0.00369232101366,0.00291879987344,-0.0120588745922,0.0273105744272,-0.0149592841044,0.00454678805545,-0.00211472064257,0.000217899782001],[0.000378448778065,-0.00145722052548,-0.000599655904807,0.000888565264177,-0.00248478702269,0.00356874940917,-0.00339748873375,0.00836016703397,-0.0149592841044,0.0291013885289,-0.018586082384,0.010360701941,-0.00433586817235],[-0.00027137514553,0.000976684037596,0.00102047109976,0.000226312535233,0.000123220539535,-0.00426592119038,0.00464097503573,-0.00295295729302,0.00454678805545,-0.018586082384,0.0381338112056,-0.0239985603839,0.00998294912279],[0.0000347226487065,-0.00049582083011,-0.000895833421964,-0.000891538395081,-0.00149277318269,0.00307315308601,-0.00238615972921,-0.0000253465077549,-0.00211472064257,0.010360701941,-0.0239985603839,0.0419265031815,-0.0194313600659],[0.0000265354774456,0.000428676139563,-0.0000417835108237,0.000340824539308,0.00135408807546,-0.00204687216319,-0.00143394223414,-0.000907669833396,0.000217899782001,-0.00433586817235,0.00998294912279,-0.0194313600659,0.0310954637825]],"mean":[-681.509094238,181.703689575,-7.52329349518,26.467880249,9.76706027985,20.3668842316,13.3319568634,5.06090593338,6.99534797668,7.47056627274,4.85783338547,3.00209832191,-0.0650118216872]},"pitch_salience":{"dmean":0.0852115303278,"dmean2":0.13437128067,"dvar":0.00504047842696,"dvar2":0.011967336759,"max":0.892162203789,"mean":0.486240684986,"median":0.503235578537,"min":0.0380403473973,"var":0.0217372346669},"silence_rate_20dB":{"dmean":0.000209577701753,"dmean2":0.000419199321186,"dvar":0.000209502875805,"dvar2":0.000628499605227,"max":1,"mean":0.999895215034,"median":1,"min":0,"var":0.000104759157693},"silence_rate_30dB":{"dmean":0.126794502139,"dmean2":0.25361558795,"dvar":0.110713988543,"dvar2":0.218012943864,"max":1,"mean":0.601634562016,"median":1,"min":0,"var":0.239662751555},"silence_rate_60dB":{"dmean":0.00335324322805,"dmean2":0.00670718913898,"dvar":0.00334219797514,"dvar2":0.00750138191506,"max":1,"mean":0.0406538136303,"median":0,"min":0,"var":0.0390017777681},"spectral_centroid":{"dmean":212.131958008,"dmean2":310.767547607,"dvar":72479.28125,"dvar2":136913.796875,"max":11198.6953125,"mean":830.524291992,"median":710.473022461,"min":109.341270447,"var":302857.4375},"spectral_complexity":{"dmean":3.87928318977,"dmean2":5.43156576157,"dvar":16.0905437469,"dvar2":27.2202949524,"max":53,"mean":17.9281215668,"median":18,"min":0,"var":89.23046875},"spectral_contrast_coeffs":{"dmean":[0.0565468296409,0.04688994959,0.0396945364773,0.0304791145027,0.0253555607051,0.0409293025732],"dmean2":[0.0934479609132,0.0787445679307,0.0661571770906,0.0495406426489,0.0400386154652,0.0626013278961],"dvar":[0.00198760139756,0.00136406731326,0.00105580862146,0.000657339522149,0.000457986723632,0.00162941787858],"dvar2":[0.005310613662,0.00382285239175,0.00283962045796,0.00162400619593,0.00108780956361,0.00363808986731],"max":[-0.374109208584,-0.478251039982,-0.519859373569,-0.542136251926,-0.579443693161,-0.408168703318],"mean":[-0.705124020576,-0.794885098934,-0.808654487133,-0.812628030777,-0.833031475544,-0.79163479805],"median":[-0.710208535194,-0.800690472126,-0.816092073917,-0.818704724312,-0.831656455994,-0.81222641468],"min":[-0.980092346668,-0.967959225178,-0.971160888672,-0.965421080589,-0.96550744772,-0.961650669575],"var":[0.00558483088389,0.00350855989382,0.00326630542986,0.00243654916994,0.00147549854591,0.00465358281508]},"spectral_contrast_valleys":{"dmean":[0.3824634552,0.402883857489,0.390379458666,0.325793206692,0.420502573252,0.648791909218],"dmean2":[0.634345769882,0.653262615204,0.615501642227,0.482413828373,0.59229183197,1.03677761555],"dvar":[0.107574425638,0.132161721587,0.143361091614,0.103230118752,0.163022920489,0.295629054308],"dvar2":[0.264135807753,0.293585121632,0.304664999247,0.184385061264,0.320332080126,0.768469750881],"max":[-4.92191982269,-4.52913188934,-4.53647327423,-5.61016702652,-6.00565195084,-8.78054428101],"mean":[-6.33036184311,-6.47680330276,-6.89812898636,-7.36131906509,-7.93007469177,-10.946472168],"median":[-6.14134693146,-6.28305530548,-6.72559928894,-7.21771478653,-7.84146022797,-10.8143424988],"min":[-27.7494831085,-28.0478534698,-27.5400676727,-27.6726016998,-27.2762317657,-27.237329483],"var":[1.14522993565,1.2576457262,1.35141539574,1.19115316868,1.05036497116,1.09620690346]},"spectral_decrease":{"dmean":6.4617866613e-9,"dmean2":1.04834478876e-8,"dvar":4.65869080519e-17,"dvar2":1.22510200045e-16,"max":1.3044123115e-8,"mean":-1.14367297854e-8,"median":-8.23248136328e-9,"min":-7.43068397924e-8,"var":1.24735659999e-16},"spectral_energy":{"dmean":0.029038593173,"dmean2":0.0440684109926,"dvar":0.000849965435918,"dvar2":0.0018954554107,"max":0.387499600649,"mean":0.0953817591071,"median":0.0847415030003,"min":1.04718609857e-20,"var":0.00396686326712},"spectral_energyband_high":{"dmean":0.00066829577554,"dmean2":0.000921399332583,"dvar":0.00000305207595375,"dvar2":0.0000065742683546,"max":0.0775296762586,"mean":0.00120382988825,"median":0.000400634075049,"min":7.47205172016e-21,"var":0.00000727930682842},"spectral_energyband_low":{"dmean":0.0219007041305,"dmean2":0.0348941758275,"dvar":0.000575505604502,"dvar2":0.00139444880188,"max":0.294264942408,"mean":0.0482173673809,"median":0.0337787941098,"min":6.05034478635e-23,"var":0.00201308750547},"spectral_energyband_middle_high":{"dmean":0.00288128317334,"dmean2":0.00419293856248,"dvar":0.0000234023264056,"dvar2":0.0000522236041434,"max":0.0834368616343,"mean":0.00577694969252,"median":0.00258781691082,"min":1.76474581213e-21,"var":0.0000637231205474},"spectral_energyband_middle_low":{"dmean":0.00660001160577,"dmean2":0.0102236252278,"dvar":0.0000936593060032,"dvar2":0.000211861217394,"max":0.184542775154,"mean":0.0138515895233,"median":0.00973393302411,"min":2.21581486215e-22,"var":0.000210557031096},"spectral_entropy":{"dmean":0.222754180431,"dmean2":0.341664046049,"dvar":0.0400845520198,"dvar2":0.0959331393242,"max":9.80435943604,"mean":7.36139345169,"median":7.39666366577,"min":5.17443704605,"var":0.139557868242},"spectral_flux":{"dmean":0.0363998562098,"dmean2":0.0577364675701,"dvar":0.00116359873209,"dvar2":0.00281170313247,"max":0.453868418932,"mean":0.152642101049,"median":0.149704277515,"min":1.04720239424e-10,"var":0.00392236560583},"spectral_kurtosis":{"dmean":7.53323936462,"dmean2":12.0066022873,"dvar":53.8370666504,"dvar2":138.026855469,"max":109.819313049,"mean":24.8570537567,"median":23.0438404083,"min":-1.17076337337,"var":130.476547241},"spectral_rms":{"dmean":0.00146823504474,"dmean2":0.00218677893281,"dvar":0.00000166254835676,"dvar2":0.00000353160203304,"max":0.0194434672594,"mean":0.00900059752166,"median":0.00909256003797,"min":3.19631821011e-12,"var":0.0000120444383356},"spectral_rolloff":{"dmean":2717.80200195,"dmean2":5296.87841797,"dvar":43005580,"dvar2":115953264,"max":22050,"mean":19742.7617188,"median":21877.734375,"min":21.533203125,"var":36451368},"spectral_skewness":{"dmean":0.586640238762,"dmean2":0.921656608582,"dvar":0.284019142389,"dvar2":0.711560726166,"max":8.55450439453,"mean":3.63452577591,"median":3.52509117126,"min":-0.0149362152442,"var":0.902162969112},"spectral_spread":{"dmean":603559.875,"dmean2":947152.375,"dvar":440760270848,"dvar2":826387660800,"max":39984408,"mean":4208486.5,"median":4076400.5,"min":1748319.375,"var":1094424985600},"spectral_strongpeak":{"dmean":9.26269054413,"dmean2":17.7002372742,"dvar":711.841430664,"dvar2":1947.32714844,"max":246.340316772,"mean":6.37870264053,"median":0.306804895401,"min":0,"var":552.75970459},"zerocrossingrate":{"dmean":0.0505500808358,"dmean2":0.0670776218176,"dvar":0.00161809730344,"dvar2":0.00286428164691,"max":0.7705078125,"mean":0.341885477304,"median":0.34326171875,"min":0.01953125,"var":0.00785022508353}},"metadata":{"audio_properties":{"analysis_sample_rate":44100,"bit_rate":256571,"codec":"mp3","downmix":"mix","equal_loudness":0,"length":221.571670532,"lossless":false,"md5_encoded":"d0ca9f436506131595cf8448f0bb0759","replay_gain":-5.54130935669},"tags":{"album":["Scott Pilgrim vs. The World"],"albumartist":["Various Artists"],"albumartistsort":["Various Artists"],"artist":["The Rolling Stones"],"artistsort":["Rolling Stones, The"],"date":["2010-08-10"],"discnumber":["1/1"],"file_name":"15 - Under My Thumb.mp3","musicbrainz album type":["soundtrack"],"musicbrainz_albumartistid":["89ad4ac3-39f7-470e-963a-56509c546377"],"musicbrainz_albumid":["8c5af9a2-e5c1-4b19-a1fd-b20e2af794fb"],"musicbrainz_artistid":["b071f9fa-14b0-4217-8e97-eb41da73f598"],"musicbrainz_recordingid":["0fded65a-60dc-4ebd-9587-639c921176fb"],"musicbrainz_releasegroupid":["d52403d3-9316-4559-a96f-b09627f9d9e8"],"title":["Under My Thumb"],"tracknumber":["15/22"]},"version":{"essentia":"2.1-beta1","essentia_build_sha":"0a826ad6289770054bb7564d59068f1232327ff9","essentia_git_sha":"v2.1_beta1-5-gf9dded9","extractor":"music 1.0"}},"rhythm":{"beats_count":467,"beats_loudness":{"dmean":0.0516397915781,"dmean2":0.0920567587018,"dvar":0.00206018681638,"dvar2":0.00667776167393,"max":0.325916022062,"mean":0.124907620251,"median":0.121453210711,"min":8.97716674331e-8,"var":0.00321817444637},"beats_loudness_band_ratio":{"dmean":[0.176428154111,0.0529876425862,0.0396752618253,0.0442003011703,0.017893133685,0.121306911111],"dmean2":[0.307505697012,0.0951426327229,0.0711287930608,0.0790972262621,0.0328630432487,0.219745531678],"dvar":[0.0170721374452,0.00341023295186,0.00226824334823,0.00218781107105,0.000214339001104,0.00869659800082],"dvar2":[0.0531365126371,0.0100128427148,0.00633091805503,0.00614985171705,0.000650260131806,0.0279142912477],"max":[0.950533390045,0.443081974983,0.358368575573,0.410863697529,0.