{"lowlevel":{"average_loudness":0.863342881203,"barkbands":{"dmean":[0.0000174378401425,0.00218797498383,0.00094308401458,0.000383112113923,0.00160701246932,0.00109138537664,0.00105388532393,0.000828689953778,0.00126265850849,0.000576053338591,0.000355238909833,0.000316358607961,0.000415530550526,0.000622652994934,0.000450941355666,0.000579775893129,0.000543284404557,0.000255075690802,0.000188242600416,0.000115421549708,0.0000689160224283,0.0000381398313039,0.0000325449400407,0.000031694304198,0.0000382934704248,0.0000279891319224,0.0000226220854529],"dmean2":[0.0000288764258585,0.00390452239662,0.00167307583615,0.000635790405795,0.00273443711922,0.00175974331796,0.00177179870661,0.00138141750358,0.00198316760361,0.000917494005989,0.00055012863595,0.000502956332639,0.000648649467621,0.000982319121249,0.000725112156942,0.00093992089387,0.000857381848618,0.000404207472457,0.000296154379612,0.00018067950441,0.000107662679511,0.0000591208845435,0.0000485504206154,0.0000459330985905,0.0000574321602471,0.0000394226117351,0.0000325219298247],"dvar":[1.0840842668e-9,0.000036371700844,0.00000573595298192,4.15803867782e-7,0.0000111308454507,0.00000533947422809,0.00000574701562073,0.00000419963498643,0.0000142783310366,0.0000020710424451,8.5623855739e-7,7.18161174973e-7,0.00000139229530305,0.00000169132204064,0.00000129257819026,0.0000011575704093,7.53745894144e-7,1.7451424128e-7,8.13450782289e-8,3.30731708686e-8,1.72572391932e-8,9.44343803155e-9,8.27601898123e-9,1.38718370124e-8,3.30371534574e-8,8.45535197413e-9,3.07202352445e-9],"dvar2":[2.76096345786e-9,0.0000996435119305,0.0000164193115779,0.00000112615521175,0.0000303992037516,0.0000133108360387,0.0000147514156197,0.0000109126885945,0.000034798780689,0.00000490444654133,0.00000181984410119,0.00000170685643752,0.00000299955058836,0.00000382381540476,0.00000322079449688,0.00000291178935186,0.00000181733389581,4.06187496083e-7,1.91990892517e-7,7.67847367911e-8,4.26516741925e-8,2.22158647034e-8,1.85774133854e-8,2.91767552341e-8,6.66772663749e-8,1.82374897406e-8,6.36027941425e-9],"max":[0.000504014373291,0.0604009926319,0.0432593598962,0.0134369507432,0.0517714135349,0.0422164015472,0.0426485538483,0.0507517084479,0.0684558972716,0.0362573266029,0.0176183059812,0.0262222643942,0.0312391743064,0.0371361859143,0.0230648908764,0.0248958673328,0.016500024125,0.00840337574482,0.00412485795096,0.0031961845234,0.00246292352676,0.00327361049131,0.00412887334824,0.00443141395226,0.0073817470111,0.00298345927149,0.00192078971304],"mean":[0.0000274171252386,0.00210582371801,0.00131536473054,0.000621236220468,0.00217871414497,0.00167929637246,0.00133434112649,0.00103065278381,0.00175447657239,0.000837079773191,0.000554379832465,0.000481204653624,0.000608212896623,0.000990856671706,0.000665824511088,0.00105579046067,0.00107356871013,0.000485060503706,0.000378696597181,0.000233845756156,0.000133601177367,0.000072177623224,0.000064567233494,0.0000576642305532,0.000056742272136,0.0000485461605422,0.00004046752656],"median":[0.00000831098350318,0.000911217590328,0.000693127280101,0.000386408326449,0.00111714634113,0.00081404222874,0.000493646482937,0.000399429351091,0.000528415199369,0.000356939388439,0.000202990340767,0.000210923797567,0.000233535000007,0.000459498434793,0.000273805344477,0.000584385881666,0.00056284700986,0.000281326385448,0.000237809115788,0.000148148392327,0.0000844657261041,0.000036802226532,0.0000261219865934,0.0000232493293879,0.0000165497403941,0.0000127573730424,0.00000633624676993],"min":[7.09825079038e-25,2.49238453359e-24,1.46740858614e-24,1.29435991645e-24,5.3971476831e-24,1.10709622963e-23,8.7958598355e-24,1.14033046625e-23,1.43811993594e-23,1.66535889276e-23,1.20257608818e-23,1.58567857708e-23,2.24818005804e-23,1.09678810529e-23,5.05517782175e-23,4.51708570088e-23,3.99210097726e-23,7.3751565284e-23,1.24472456347e-22,1.45776585415e-22,2.60008301925e-22,3.13922135901e-22,4.31091557801e-22,5.93283379399e-22,8.09198218985e-22,1.33083697329e-21,1.87193880678e-21],"var":[1.69411662476e-9,0.0000244233069679,0.00000446691501566,5.85949635479e-7,0.0000112995639938,0.00000722929826225,0.00000673564409226,0.0000044677740334,0.0000189584443433,0.00000353571863343,0.00000179213623142,0.00000109847633212,0.00000240460303758,0.00000298619124806,0.00000175978448169,0.0000021195185127,0.00000197242457034,3.73460466108e-7,1.87708948829e-7,8.01653285976e-8,2.9537726931e-8,1.39105758024e-8,1.65218203563e-8,2.36495178996e-8,5.58050956556e-8,1.36135707152e-8,6.38297237288e-9]},"barkbands_crest":{"dmean":2.48678803444,"dmean2":4.14751291275,"dvar":5.94640254974,"dvar2":15.9085969925,"max":24.6936569214,"mean":7.84117412567,"median":6.85748672485,"min":2.23027038574,"var":13.3428316116},"barkbands_flatness_db":{"dmean":0.0173059273511,"dmean2":0.0268541183323,"dvar":0.00032240015571,"dvar2":0.000776689383201,"max":0.396439284086,"mean":0.100027941167,"median":0.0895781069994,"min":0.0192927401513,"var":0.00253929151222},"barkbands_kurtosis":{"dmean":1.33595895767,"dmean2":2.14281010628,"dvar":14.8222436905,"dvar2":40.3635253906,"max":148.557098389,"mean":0.939271569252,"median":-0.145087957382,"min":-1.85430562496,"var":19.8564987183},"barkbands_skewness":{"dmean":0.436777025461,"dmean2":0.682663440704,"dvar":0.231979265809,"dvar2":0.587577044964,"max":10.8385095596,"mean":0.773744463921,"median":0.696798563004,"min":-2.80446076393,"var":0.897739708424},"barkbands_spread":{"dmean":5.22727012634,"dmean2":8.083776474,"dvar":35.7634429932,"dvar2":76.5753555298,"max":154.835632324,"mean":26.9226436615,"median":26.0716342926,"min":1.15161132812,"var":133.580734253},"dissonance":{"dmean":0.0141586754471,"dmean2":0.0238467119634,"dvar":0.000233159691561,"dvar2":0.000639622739982,"max":0.500000119209,"mean":0.471383154392,"median":0.479388147593,"min":0.17820328474,"var":0.000972873880528},"dynamic_complexity":3.66477322578,"erbbands":{"dmean":[0.0399971269071,0.569176018238,1.21144580841,1.06858408451,2.52505946159,7.46133565903,6.25913715363,10.0566053391,13.7874116898,16.1698684692,19.8387851715,29.4758911133,22.3535118103,14.8618555069,12.8854618073,12.7190341949,17.798456192,26.1468486786,28.8365936279,20.6409072876,33.4907150269,26.7041664124,16.2585163116,10.5038175583,7.17329406738,5.63831806183,3.25223207474,2.4296913147,1.45571637154,1.07251477242,0.932723999023,0.625502228737,0.584871888161,0.46589577198,0.257791757584,0.110557086766,0.0587671175599,0.0190029963851,0.00389950117096,0.000245918723522],"dmean2":[0.0709054023027,1.01836669445,2.18452453613,1.78428173065,4.23882770538,12.8890190125,10.1729507446,16.4171733856,23.2728538513,26.4454746246,33.0495414734,46.1805953979,35.0668563843,23.2496833801,19.9246673584,19.9276218414,27.8322429657,41.0270347595,45.9660758972,32.8034820557,54.3608665466,41.979839325,25.5473670959,16.5237770081,11.2130241394,8.84365558624,5.0592918396,3.81172299385,2.26094579697,1.63553488255,1.39385938644,0.917426943779,0.859000623226,0.697733998299,0.388963878155,0.159296512604,0.0851671397686,0.0275311470032,0.00566803058609,0.000358418474207],"dvar":[0.0111863911152,2.48813533783,10.5693149567,3.46461033821,20.7414398193,282.074462891,182.574554443,501.681304932,877.277099609,1731.86621094,2953.52661133,7964.69140625,3546.39453125,1747.79870605,1032.46911621,1099.70410156,2616.42602539,3077.78100586,4346.65576172,2270.70336914,3443.51611328,1735.98815918,653.677062988,277.341705322,118.700653076,79.220199585,33.519405365,25.333650589,12.145904541,10.7012243271,7.41667461395,3.08015775681,6.53807973862,5.87064838409,1.29256725311,0.161495804787,0.0377260558307,0.00303690461442,0.0000945706124185,3.14850012728e-7],"dvar2":[0.0302391331643,6.84843206406,29.9955596924,9.44780254364,56.7636032104,775.375061035,447.809356689,1290.33911133,2324.28710938,4356.55566406,7720.14892578,19556.3046875,7821.64355469,4245.42724609,2243.0690918,2517.47900391,5812.79589844,6880.13525391,10592.9111328,5509.68017578,8528.63574219,4126.15966797,1513.95336914,672.08416748,277.457641602,186.160614014,80.3359909058,63.3311843872,28.4680137634,25.3564491272,16.6587276459,6.54541397095,13.7005777359,12.8127660751,2.61076545715,0.342666298151,0.0857513695955,0.00656508281827,0.000196342240088,6.61675017e-7],"max":[1.14978301525,15.1645498276,48.0823402405,30.5260696411,80.6490859985,260.445251465,268.107971191,514.563903809,606.134399414,843.259155273,1439.43371582,2099.16503906,1467.27355957,1331.88098145,955.098266602,1059.88659668,1734.57824707,1849.7911377,1471.43603516,1030.47924805,1301.28320312,932.252502441,515.709106445,286.094329834,182.323623657,167.962539673,119.362716675,100.725471497,110.401779175,102.841712952,132.393722534,55.9465255737,105.034561157,94.0096664429,45.0761947632,12.8239078522,6.66159820557,1.47634077072,0.360087692738,0.0154450377449],"mean":[0.0423679798841,0.537311077118,1.53903317451,1.91719651222,3.78164148331,8.8243560791,9.43650245667,14.798948288,18.7118778229,20.5906028748,25.7544269562,41.3236045837,33.2851219177,23.9435825348,22.0524673462,20.9799938202,28.0031738281,43.3430786133,47.0911254883,36.6605949402,65.006942749,56.3223304749,33.8545532227,21.1672344208,14.9210147858,11.4818115234,6.64899778366,4.57343053818,2.77035284042,2.06924891472,1.80043876171,1.208537817,0.991798698902,0.684189856052,0.373451471329,0.178138285875,0.0978893786669,0.0337606109679,0.00689776940271,0.000429591425927],"median":[0.0196646824479,0.226928666234,0.833850741386,1.26281452179,2.22948431969,3.3775396347,4.37756490707,6.76568078995,8.12594223022,7.04929494858,10.7450799942,13.6936588287,12.9263381958,9.94676971436,9.54650211334,9.86041736603,12.1326971054,21.0205764771,21.6207771301,19.1438541412,37.9542617798,33.2589988708,20.1464519501,13.1353750229,10.2345485687,7.219414711,4.38387918472,2.71982264519,1.44516062737,0.861984312534,0.720748066902,0.521052002907,0.352687239647,0.204564139247,0.102230206132,0.053867213428,0.0228024367243,0.00683752866462,0.00112544221338,0.0000817648906377],"min":[1.00008567011e-22,3.9419778282e-22,1.65109652741e-21,3.68199214449e-21,5.38930746908e-21,1.12928845957e-20,4.50831657664e-20,7.99288082298e-20,1.00379743814e-19,1.38527963034e-19,2.73399917007e-19,3.38003575877e-19,5.05770796752e-19,7.3216149671e-19,8.97161539941e-19,8.34094601703e-19,1.45991163921e-18,7.39268115545e-19,1.82099138283e-18,2.93817014441e-18,2.54090693586e-18,2.91275667445e-18,5.01670110903e-18,6.52497437975e-18,6.76108729534e-18,7.28462231273e-18,9.48473331776e-18,9.67355714491e-18,1.14389739847e-17,1.1021461188e-17,1.11182917776e-17,1.09396993475e-17,1.01554576805e-17,7.35858218566e-18,5.86393630195e-18,4.05734241127e-18,2.32111139863e-18,9.72125403339e-19,2.34715109601e-19,2.50502504289e-20],"var":[0.00797188095748,1.64967131615,7.38318014145,4.98543310165,24.7578392029,267.246765137,253.509216309,623.553894043,993.593078613,2124.54785156,2996.67236328,10374.6376953,5914.23193359,3307.33227539,2409.27099609,1837.31115723,4261.53955078,5377.20458984,6798.74658203,3581.6171875,7012.00341797,4640.02734375,1620.52880859,625.135620117,273.224090576,192.603790283,67.0972518921,39.5520362854,18.6304569244,16.6228713989,14.1536436081,5.81046867371,10.7274370193,8.92344665527,2.11736488342,0.250795871019,0.05619995296,0.00537023413926,0.000192692154087,6.37588811969e-7]},"erbbands_crest":{"dmean":2.52324867249,"dmean2":4.11398363113,"dvar":5.75924396515,"dvar2":14.7998361588,"max":33.0051841736,"mean":8.62159729004,"median":7.59078979492,"min":2.31655430794,"var":18.22290802},"erbbands_flatness_db":{"dmean":0.0169642474502,"dmean2":0.0248842295259,"dvar":0.000283297820715,"dvar2":0.000560208805837,"max":0.368003457785,"mean":0.150823757052,"median":0.146782964468,"min":0.0448565110564,"var":0.00180924532469},"erbbands_kurtosis":{"dmean":0.763671159744,"dmean2":1.20733487606,"dvar":0.957374036312,"dvar2":2.13592934608,"max":33.1643333435,"mean":0.318105280399,"median":-0.216546535492,"min":-1.70406067371,"var":3.98054075241},"erbbands_skewness":{"dmean":0.332158088684,"dmean2":0.512183010578,"dvar":0.0848174765706,"dvar2":0.206861779094,"max":2.98070955276,"mean":-0.166480049491,"median":-0.155927032232,"min":-3.21990036964,"var":0.47131305933},"erbbands_spread":{"dmean":5.98156070709,"dmean2":9.30852222443,"dvar":37.0436782837,"dvar2":85.5905761719,"max":127.282958984,"mean":31.862783432,"median":30.8250236511,"min":1.68501710892,"var":166.788482666},"gfcc":{"cov":[[28342.5625,319.039642334,-2966.67504883,395.146148682,-374.579437256,70.8802490234,-706.669799805,133.039855957,-344.122161865,13.5008773804,-114.727279663,97.4252929688,-46.6927947998],[319.039642334,1411.49719238,-147.588439941,198.040542603,82.8072662354,51.7797737122,153.087966919,97.0865402222,30.0983371735,-14.5431089401,28.1572380066,-72.85496521,2.06465506554],[-2966.67504883,-147.588439941,983.819458008,-130.294387817,104.907264709,49.22473526,153.796325684,52.181602478,36.1819190979,15.3331508636,-4.86072158813,-16.5891475677,-22.8209877014],[395.146148682,198.040542603,-130.294387817,373.190612793,41.7299079895,41.9841499329,-42.3831138611,7.82883787155,3.83554363251,-2.8467862606,9.25020885468,2.72802376747,6.35469675064],[-374.579437256,82.8072662354,104.907264709,41.7299079895,364.51651001,19.2127227783,158.269882202,94.217590332,60.3656005859,9.9715089798,26.2180709839,3.13180923462,25.6917285919],[70.8802490234,51.7797737122,49.22473526,41.9841499329,19.2127227783,211.471481323,99.4613418579,58.0366744995,2.5162088871,5.51878643036,13.4054784775,-13.1021976471,-7.00772476196],[-706.669799805,153.087966919,153.796325684,-42.3831138611,158.269882202,99.4613418579,268.838287354,121.339477539,47.0247383118,1.12630021572,22.9266624451,-15.7238664627,3.42566752434],[133.039855957,97.0865402222,52.181602478,7.82883787155,94.217590332,58.0366744995,121.339477539,154.655731201,51.6332473755,16.1889953613,16.9225845337,-11.1773738861,4.32750368118],[-344.122161865,30.0983371735,36.1819190979,3.83554363251,60.3656005859,2.5162088871,47.0247383118,51.6332473755,87.0793304443,30.1700935364,16.1137619019,-5.4942984581,8.70654678345],[13.5008773804,-14.5431089401,15.3331508636,-2.8467862606,9.9715089798,5.51878643036,1.12630021572,16.1889953613,30.1700935364,65.6197891235,29.6359024048,6.78426504135,4.77380466461],[-114.727279663,28.1572380066,-4.86072158813,9.25020885468,26.2180709839,13.4054784775,22.9266624451,16.9225845337,16.1137619019,29.6359024048,80.8762359619,24.6763286591,16.2689094543],[97.4252929688,-72.85496521,-16.5891475677,2.72802376747,3.13180923462,-13.1021976471,-15.7238664627,-11.1773738861,-5.4942984581,6.78426504135,24.6763286591,67.8139724731,24.5342063904],[-46.6927947998,2.06465506554,-22.8209877014,6.35469675064,25.6917285919,-7.00772476196,3.42566752434,4.32750368118,8.70654678345,4.77380466461,16.2689094543,24.5342063904,56.9598884583]],"icov":[[0.0000671626621624,-0.0000158364255185,0.000192561376025,0.0000450542211183,-0.0000627499030088,-0.0000948591768974,0.000227958400501,-0.000342867424479,0.000322676700307,-0.000182458024938,0.000172401007148,-0.000156613081344,0.000140911812196],[-0.0000158364255185,0.000960098812357,0.000119018288387,-0.000600028492045,0.000210214333492,0.000364181061741,-0.000862191489432,-0.0000719575909898,0.0000666769774398,0.00025495904265,-0.000575436570216,0.0012684300309,-0.000339399644872],[0.000192561376025,0.000119018288387,0.00177624821663,0.000397353054723,-0.000361886894098,-0.000345081207342,-0.0000532233170816,-0.000761549337767,0.000747099111322,-0.000839615182485,0.00073027604958,-0.000368075066945,0.000908824033104],[0.0000450542211183,-0.000600028492045,0.000397353054723,0.00366416433826,-0.00110233447049,-0.00155987672042,0.00227680220269,-0.000526521005668,-0.000310051254928,0.000511361984536,-0.00000313961777465,-0.000772730680183,0.000355729047442],[-0.0000627499030088,0.000210214333492,-0.000361886894098,-0.00110233447049,0.00450960081071,0.00132853875402,-0.00295643392019,-0.000297809921904,-0.00139767024666,0.00035588935134,-0.000431054097135,0.000137630049721,-0.00150359165855],[-0.0000948591768974,0.000364181061741,-0.000345081207342,-0.00155987672042,0.00132853875402,0.0070142429322,-0.0036517677363,-0.00076136138523,0.00157386192586,-0.00088187365327,-0.000911010371055,0.00138014287222,-0.0000149282168422],[0.000227958400501,-0.000862191489432,-0.0000532233170816,0.00227680220269,-0.00295643392019,-0.0036517677363,0.01061522495,-0.00505302473903,-0.000175226683496,0.00211891089566,-0.000776165165007,-0.000563218840398,0.000885975372512],[-0.000342867424479,-0.0000719575909898,-0.000761549337767,-0.000526521005668,-0.000297809921904,-0.00076136138523,-0.00505302473903,0.0136619862169,-0.00584961986169,-0.0000311755320581,-0.000716264010407,0.00121909112204,-0.000642005295958],[0.000322676700307,0.0000666769774398,0.000747099111322,-0.000310051254928,-0.00139767024666,0.00157386192586,-0.000175226683496,-0.00584961986169,0.0199298225343,-0.00831712596118,0.000789550889749,0.00187141017523,-0.00150585256051],[-0.000182458024938,0.00025495904265,-0.000839615182485,0.000511361984536,0.00035588935134,-0.00088187365327,0.00211891089566,-0.0000311755320581,-0.00831712596118,0.0228889994323,-0.00796408299357,0.000352052447852,0.000529707234818],[0.000172401007148,-0.000575436570216,0.00073027604958,-0.00000313961777465,-0.000431054097135,-0.000911010371055,-0.000776165165007,-0.000716264010407,0.000789550889749,-0.00796408299357,0.018535271287,-0.00656116334721,-0.00128263107035],[-0.000156613081344,0.0012684300309,-0.000368075066945,-0.000772730680183,0.000137630049721,0.00138014287222,-0.000563218840398,0.00121909112204,0.00187141017523,0.000352052447852,-0.00656116334721,0.0220491867512,-0.00812540110201],[0.000140911812196,-0.000339399644872,0.000908824033104,0.000355729047442,-0.00150359165855,-0.0000149282168422,0.000885975372512,-0.000642005295958,-0.00150585256051,0.000529707234818,-0.00128263107035,-0.00812540110201,0.0227322746068]],"mean":[-15.0186958313,72.8115081787,-120.19077301,13.5395078659,-40.3228607178,-4.53858470917,-36.6245384216,7.28893327713,-17.6063194275,1.0192284584,-17.6979904175,-0.692740857601,-10.2454118729]},"hfc":{"dmean":7.1572303772,"dmean2":10.0865745544,"dvar":111.396476746,"dvar2":229.376983643,"max":177.660766602,"mean":21.8500156403,"median":17.5816860199,"min":1.04056435853e-16,"var":373.81048584},"melbands":{"dmean":[0.000496483349707,0.000691155844834,0.000201527116587,0.000364200968761,0.00024097559799,0.000222994640353,0.000212851140532,0.000172677551745,0.000172725864104,0.000188248828636,0.000110685323307,0.0000611527066212,0.0000466695164505,0.0000356389173248,0.0000409043605032,0.0000388338812627,0.0000552506753593,0.0000532776830369,0.0000303921260638,0.0000353347568307,0.0000430205836892,0.0000315238648909,0.0000257806859736,0.00000930980058911,0.00000956096482696,0.00000661415924696,0.0000044134358177,0.00000387256295653,0.00000228576186601,0.00000192512584363,0.00000132983984713,9.19291494483e-7,6.62901811666e-7,6.36358151951e-7,5.97770849708e-7,4.35768953366e-7,4.0925186795e-7,4.09971164572e-7,4.50414688657e-7,3.91968683289e-7],"dmean2":[0.00088439200772,0.00123963004444,0.000335215969244,0.000624653301202,0.000398179661715,0.000362114544259,0.000358631834388,0.000282880850136,0.000286455324385,0.000293756485917,0.000173882988747,0.0000965683502727,0.0000719662493793,0.0000566083654121,0.0000641323422315,0.0000595126039116,0.0000875801342772,0.0000852062512422,0.0000488125333504,0.0000571138443775,0.0000702829929651,0.0000504967501911,0.0000413256057072,0.0000148002345668,0.0000152695884026,0.0000105518884084,0.00000697495806889,0.00000616735133008,0.00000361249749403,0.00000304935520035,0.00000213153089135,0.00000145330625401,0.00000103377408323,9.88209876596e-7,9.10452115477e-7,6.68570805828e-7,6.08321272466e-7,6.13588667875e-7,6.79174718243e-7,5.96685481469e-7],"dvar":[0.00000183859992831,0.00000350141885974,1.11955280602e-7,6.15522310454e-7,2.22374410441e-7,2.28170250693e-7,2.12425177892e-7,1.79993818961e-7,2.48667731739e-7,3.33917938633e-7,8.91259546165e-8,3.12494243815e-8,1.39832287971e-8,9.8724557418e-9,1.55585784256e-8,1.21816174925e-8,1.4156199768e-8,1.50247583264e-8,7.0169483557e-9,5.95395421854e-9,5.58555512953e-9,2.65747113204e-9,1.79489878516e-9,2.1589521837e-10,2.45811815347e-10,1.01749560166e-10,5.03543491626e-11,3.88268132923e-11,1.70855690707e-11,1.42938603662e-11,7.80117723892e-12,4.3987730125e-12,4.26526045386e-12,3.35861048174e-12,3.34516810953e-12,1.32916236611e-12,1.39882289779e-12,2.72457013548e-12,5.53854748522e-12,4.23771955027e-12],"dvar2":[0.00000499939324072,0.00000976371120487,3.07259938381e-7,0.00000168741757989,5.61713704883e-7,5.82970187679e-7,5.58525243832e-7,4.53626654462e-7,6.49569585676e-7,8.10577944321e-7,1.97043021899e-7,7.63426086792e-8,2.9503871346e-8,2.4274994459e-8,3.56205660523e-8,2.44934863503e-8,3.22760627114e-8,3.60270711042e-8,1.74297731803e-8,1.52753809601e-8,1.40931870618e-8,6.46669784388e-9,4.43577263809e-9,5.02553443305e-10,6.07700778588e-10,2.47176945578e-10,1.2097155222e-10,9.20697962314e-11,4.1309067278e-11,3.53990413371e-11,1.97582575301e-11,1.04668764975e-11,1.02644507477e-11,8.11325399225e-12,7.8305339643e-12,2.83319743534e-12,3.14617472699e-12,5.70765223279e-12,1.23868701754e-11,9.30168008589e-12],"max":[0.0141130145639,0.0211510229856,0.00518472213298,0.0111880898476,0.00761943636462,0.0101763047278,0.00922953151166,0.00781001290306,0.0123447692022,0.0128332814202,0.0071574607864,0.00592770986259,0.00274706818163,0.00365756475367,0.00339662143961,0.00331644294783,0.00377384200692,0.00335525698029,0.00227799848653,0.00199902663007,0.00158587296028,0.00115298549645,0.000741681666113,0.000335340213496,0.000271784898359,0.000168253260199,0.000141315293149,0.000143124139868,0.0000907858266146,0.0000889060320333,0.0000637633929728,0.000069026973506,0.0000829622222227,0.0000490551137773,0.0000945399806369,0.0000410535976698,0.0000348582216247,0.0000583821820328,0.0000949371460592,0.0000839673593873],"mean":[0.000488691148348,0.000803848204669,0.000370439433027,0.000463994510937,0.000355257157935,0.000337186793331,0.00028613320319,0.000219754394493,0.000217971304664,0.000263420981355,0.000159931456437,0.0000939462697715,0.0000761329574743,0.0000545811308257,0.0000607408946962,0.0000584334993619,0.0000861409498611,0.0000824219168862,0.0000447237325716,0.0000613163210801,0.0000784818839747,0.0000600815401413,0.0000476802888443,0.0000180166316568,0.000017357071556,0.0000124182643049,0.00000855960479385,0.00000736984975447,0.00000430391673945,0.00000341791928804,0.00000234971230384,0.00000164484026755,0.00000115837383419,0.00000115536477097,0.00000109549455374,7.89028945292e-7,7.34422712867e-7,6.93226866133e-7,6.5765192403e-7,5.48846742277e-7],"median":[0.000219797715545,0.000444513338152,0.000277880899375,0.000228594784858,0.000166272744536,0.000158501949045,0.000120457327284,0.0000770794358687,0.0000861446023919,0.0000812160214991,0.0000581805543334,0.0000367082029697,0.0000303332690237,0.0000241787474806,0.0000256106995948,0.0000228685312322,0.0000390013046854,0.0000361916754628,0.0000190756363736,0.0000305363646476,0.0000448319042334,0.0000323138156091,0.0000253904945566,0.0000110754690468,0.00000979352171271,0.00000815264320408,0.00000541739109394,0.00000443183171228,0.00000274856392934,0.00000204243929147,0.00000132048978685,8.46129410093e-7,5.12741905823e-7,4.51673912494e-7,4.28919634032e-7,3.13974055643e-7,3.1153024338e-7,2.54591185467e-7,1.92349375538e-7,1.57605512641e-7],"min":[7.13949391762e-25,7.67520245583e-25,9.62939235607e-25,1.22350176754e-24,1.36227028938e-24,1.77004294369e-24,1.65294748776e-24,1.06696484406e-24,1.92814861568e-24,1.75938326349e-24,2.10109769168e-24,2.57901960478e-24,1.95984465242e-24,2.43750959408e-24,2.64796880891e-24,1.78555451289e-24,9.55144007964e-25,2.48762691347e-24,3.55409960693e-24,2.87288153324e-24,2.59169226079e-24,2.39701953318e-24,3.73966927413e-24,3.34196307661e-24,4.50411730091e-24,5.23451887989e-24,3.86495379651e-24,4.91780029835e-24,4.08980873678e-24,5.26977110159e-24,3.85569335834e-24,6.21763283872e-24,4.90278866975e-24,5.74881359161e-24,5.70747530802e-24,5.41878258785e-24,5.82656411686e-24,5.96851293143e-24,6.06167503776e-24,5.82767325529e-24],"var":[0.0000012580484281,0.00000238900020122,1.55834413818e-7,5.8445294826e-7,3.04202899315e-7,2.95841800835e-7,2.42128209038e-7,2.1777535153e-7,2.45188090275e-7,4.54053235899e-7,1.47031698816e-7,5.86357877808e-8,3.12746912812e-8,1.42165070827e-8,2.38703421473e-8,2.41739481766e-8,2.33794157367e-8,2.34562911317e-8,9.02527741431e-9,9.58006651786e-9,1.06917443787e-8,6.12903372499e-9,3.84986931223e-9,4.72488159708e-10,4.97638541486e-10,2.01576380587e-10,1.10714562518e-10,8.97025231872e-11,3.24289622933e-11,2.30039754606e-11,1.15100403167e-11,6.65811850098e-12,5.42212498858e-12,5.48618572446e-12,5.90080935503e-12,2.53251673105e-12,2.37330142518e-12,4.43386516738e-12,8.18853231749e-12,6.25156870715e-12]},"melbands_crest":{"dmean":3.12807583809,"dmean2":5.23694229126,"dvar":8.85056781769,"dvar2":23.529914856,"max":33.0760688782,"mean":10.9446086884,"median":9.9834318161,"min":1.54537785053,"var":22.0949897766},"melbands_flatness_db":{"dmean":0.0221071448177,"dmean2":0.0344585701823,"dvar":0.000589360715821,"dvar2":0.00143752142321,"max":0.5417111516,"mean":0.16002972424,"median":0.146703317761,"min":0.00293933809735,"var":0.0048085427843},"melbands_kurtosis":{"dmean":3.15843033791,"dmean2":5.138027668,"dvar":57.4464378357,"dvar2":153.782302856,"max":261.194122314,"mean":4.37033557892,"median":2.11892747879,"min":-1.77456223965,"var":71.757232666},"melbands_skewness":{"dmean":0.550856947899,"dmean2":0.869029700756,"dvar":0.411977410316,"dvar2":1.04123282433,"max":12.1486940384,"mean":1.64350056648,"median":1.49883008003,"min":-1.8343629837,"var":1.23038637638},"melbands_spread":{"dmean":8.37364578247,"dmean2":13.3834686279,"dvar":80.5064239502,"dvar2":204.066329956,"max":166.601867676,"mean":35.0553665161,"median":32.2914581299,"min":0.856662452221,"var":397.193511963},"mfcc":{"cov":[[12335.6767578,728.975463867,-1113.2487793,92.9923553467,79.7736053467,-38.0869026184,84.1574783325,82.5688552856,28.4744205475,54.8020935059,-51.263961792,86.4216308594,-34.4094009399],[728.975463867,1028.93798828,-77.7861709595,141.616607666,55.595790863,10.8674116135,126.492073059,70.5489807129,82.7788009644,37.1788330078,23.5972118378,99.1753845215,34.1537322998],[-1113.2487793,-77.7861709595,596.062683105,-57.3764533997,-9.04591464996,37.3700790405,19.1375026703,4.32531881332,-12.200211525,11.5645294189,26.6302890778,-13.0507202148,10.3846616745],[92.9923553467,141.616607666,-57.3764533997,287.921661377,106.247756958,17.0536956787,10.4005508423,23.1159973145,24.0614910126,7.53917884827,-6.06521606445,5.4312210083,23.4390563965],[79.7736053467,55.595790863,-9.04591464996,106.247756958,170.468338013,23.8918113708,32.7303504944,21.642572403,41.6345558167,19.6653823853,8.27006912231,13.4627809525,24.9856987],[-38.0869026184,10.8674116135,37.3700790405,17.0536956787,23.8918113708,122.483825684,56.1280212402,37.8601837158,15.2114429474,18.7775039673,9.83285522461,4.43549776077,-3.18850016594],[84.1574783325,126.492073059,19.1375026703,10.4005508423,32.7303504944,56.1280212402,200.225631714,106.351013184,80.1531295776,41.9781455994,45.2633247375,69.9710693359,19.8950595856],[82.5688552856,70.5489807129,4.32531881332,23.1159973145,21.642572403,37.8601837158,106.351013184,135.218399048,72.5277633667,33.163974762,31.5798091888,39.9947853088,11.5252122879],[28.4744205475,82.7788009644,-12.200211525,24.0614910126,41.6345558167,15.2114429474,80.1531295776,72.5277633667,126.568786621,50.7737846375,33.0700302124,42.6543045044,13.8903436661],[54.8020935059,37.1788330078,11.5645294189,7.53917884827,19.6653823853,18.7775039673,41.9781455994,33.163974762,50.7737846375,91.2454528809,36.8257904053,28.1489772797,7.56432056427],[-51.263961792,23.5972118378,26.6302890778,-6.06521606445,8.27006912231,9.83285522461,45.2633247375,31.5798091888,33.0700302124,36.8257904053,73.409362793,39.6680374146,11.1959342957],[86.4216308594,99.1753845215,-13.0507202148,5.4312210083,13.4627809525,4.43549776077,69.9710693359,39.9947853088,42.6543045044,28.1489772797,39.6680374146,96.2823562622,32.1464500427],[-34.4094009399,34.1537322998,10.3846616745,23.4390563965,24.9856987,-3.18850016594,19.8950595856,11.5252122879,13.8903436661,7.56432056427,11.1959342957,32.1464500427,68.0649032593]],"icov":[[0.000103661914181,-0.0000630517315585,0.000189036742086,0.0000573503530177,-0.0000732102271286,0.0000183858519449,-0.0000162549804372,-0.0000871599695529,0.000136338596349,-0.000121418663184,0.0000888495778781,-0.0000329541908286,0.0000693177280482],[-0.0000630517315585,0.00124800950289,-0.0000547207091586,-0.000637511548121,0.000196143882931,0.000164296347066,-0.000535725615919,0.000212898376049,-0.000337646371918,0.0000111256867967,0.000375085975975,-0.000973282789346,0.0000916602439247],[0.000189036742086,-0.0000547207091586,0.00218591256998,0.000487849436468,-0.000171884094016,-0.000487201323267,-0.000271474302281,-0.000103439328086,0.000583185988944,-0.000327578396536,-0.000735651527066,0.00077221961692,-0.000567654322367],[0.0000573503530177,-0.000637511548121,0.000487849436468,0.00507788499817,-0.00295440689661,-0.000392973248381,0.000879365950823,-0.00108807499055,0.000369008776033,-0.0000523985727341,0.000480893620988,0.000585144152865,-0.000905807013623],[-0.0000732102271286,0.000196143882931,-0.000171884094016,-0.00295440689661,0.008684896864,-0.00108153629117,-0.000713774934411,0.00130143365823,-0.00250205514021,-0.000180024653673,-0.000105093335151,0.000740920950193,-0.0021443546284],[0.0000183858519449,0.000164296347066,-0.000487201323267,-0.000392973248381,-0.00108153629117,0.0104167209938,-0.00305137061514,-0.00152188679203,0.00175474176649,-0.00162786873989,0.000454322609585,0.00137958175037,0.00126761535648],[-0.0000162549804372,-0.000535725615919,-0.000271474302281,0.000879365950823,-0.000713774934411,-0.00305137061514,0.0116994660348,-0.00569014018402,-0.00183925416786,0.000414994923631,-0.000983929727226,-0.00439602136612,0.000229339231737],[-0.0000871599695529,0.000212898376049,-0.000103439328086,-0.00108807499055,0.00130143365823,-0.00152188679203,-0.00569014018402,0.0150649081916,-0.00520026311278,0.000516276108101,-0.00118749821559,0.000371827598428,-0.000173550972249],[0.000136338596349,-0.000337646371918,0.000583185988944,0.000369008776033,-0.00250205514021,0.00175474176649,-0.00183925416786,-0.00520026311278,0.0153802204877,-0.00523771252483,-0.00023025716655,-0.00132030923851,0.000545934657566],[-0.000121418663184,0.0000111256867967,-0.000327578396536,-0.0000523985727341,-0.000180024653673,-0.00162786873989,0.000414994923631,0.000516276108101,-0.00523771252483,0.0164993815124,-0.00588826136664,-0.000513508275617,0.000228490011068],[0.0000888495778781,0.000375085975975,-0.000735651527066,0.000480893620988,-0.000105093335151,0.000454322609585,-0.000983929727226,-0.00118749821559,-0.00023025716655,-0.00588826136664,0.0214828569442,-0.00663657858968,0.000653953233268],[-0.0000329541908286,-0.000973282789346,0.00077221961692,0.000585144152865,0.000740920950193,0.00137958175037,-0.00439602136612,0.000371827598428,-0.00132030923851,-0.000513508275617,-0.00663657858968,0.0201459042728,-0.00692955963314],[0.0000693177280482,0.0000916602439247,-0.000567654322367,-0.000905807013623,-0.0021443546284,0.00126761535648,0.000229339231737,-0.000173550972249,0.000545934657566,0.000228490011068,0.000653953233268,-0.00692955963314,0.0189167354256]],"mean":[-651.880737305,116.870033264,-22.3007450104,20.6859703064,7.67195892334,-4.6087179184,-6.83287572861,-0.893884599209,1.61231744289,1.18207383156,-3.34565830231,0.955580532551,-3.27447295189]},"pitch_salience":{"dmean":0.0702156871557,"dmean2":0.116689093411,"dvar":0.00478040566668,"dvar2":0.0126840351149,"max":0.919075250626,"mean":0.608052194118,"median":0.620421946049,"min":0.136027216911,"var":0.0114433364943},"silence_rate_20dB":{"dmean":0,"dmean2":0,"dvar":0,"dvar2":0,"max":1,"mean":1,"median":1,"min":1,"var":0},"silence_rate_30dB":{"dmean":0.000400560791604,"dmean2":0.000801201793365,"dvar":0.000400450197048,"dvar2":0.00120136002079,"max":1,"mean":0.999799728394,"median":1,"min":0,"var":0.00020019429212},"silence_rate_60dB":{"dmean":0.0334468260407,"dmean2":0.0669003501534,"dvar":0.0323321633041,"dvar2":0.0714284852147,"max":1,"mean":0.117052167654,"median":0,"min":0,"var":0.10333622992},"spectral_centroid":{"dmean":221.792327881,"dmean2":346.991363525,"dvar":57726.5703125,"dvar2":132936.078125,"max":11892.3125,"mean":1718.06848145,"median":1661.62316895,"min":179.814147949,"var":1286509.375},"spectral_complexity":{"dmean":4.16342878342,"dmean2":6.01342010498,"dvar":20.9295959473,"dvar2":37.3443374634,"max":59,"mean":23.4639034271,"median":25,"min":0,"var":151.945800781},"spectral_contrast_coeffs":{"dmean":[0.0529931858182,0.0503083541989,0.0388765372336,0.0315159708261,0.0221905913204,0.0180728193372],"dmean2":[0.0865867361426,0.082188911736,0.0628937259316,0.0513282269239,0.0358159765601,0.0282653290778],"dvar":[0.00220273970626,0.00181377562694,0.00105995335616,0.000692412490025,0.000352557224687,0.000290208292427],"dvar2":[0.00550857931376,0.00467191962525,0.00260878261179,0.0016966953408,0.000857279577758,0.000678133801557],"max":[-0.254753887653,-0.415993213654,-0.461357027292,-0.552783787251,-0.572896003723,-0.614878773689],"mean":[-0.646333158016,-0.740922689438,-0.777213931084,-0.778402268887,-0.784606695175,-0.76988363266],"median":[-0.654821872711,-0.747244954109,-0.784658253193,-0.781081855297,-0.780792295933,-0.766288459301],"min":[-0.978333890438,-0.982575237751,-0.976607382298,-0.972792863846,-0.967584788799,-0.965089857578],"var":[0.00895308144391,0.00609794678167,0.00438831187785,0.00315164821222,0.00215765275061,0.00191420817282]},"spectral_contrast_valleys":{"dmean":[0.429589360952,0.402283787727,0.328310966492,0.287813842297,0.260784626007,0.290538012981],"dmean2":[0.683748364449,0.645522534847,0.514919221401,0.443553209305,0.378189742565,0.381003469229],"dvar":[0.170552939177,0.161954790354,0.107879363,0.0998364686966,0.107353039086,0.147700339556],"dvar2":[0.365414887667,0.367341965437,0.223105162382,0.196063622832,0.199424564838,0.265671670437],"max":[-5.44781351089,-4.23512840271,-5.09250926971,-5.66471338272,-5.52681779861,-7.3966960907],"mean":[-7.98179578781,-7.00997781754,-7.50656223297,-7.64827537537,-7.58483362198,-10.5162296295],"median":[-7.38926267624,-6.58141708374,-6.99912500381,-7.11556529999,-7.03487014771,-10.1097106934],"min":[-28.3236465454,-28.069311142,-27.6530437469,-27.6994438171,-27.549074173,-27.393119812],"var":[6.04670619965,6.05583143234,5.98783063889,6.05135965347,6.05520343781,4.67034053802]},"spectral_decrease":{"dmean":2.04325001363e-9,"dmean2":3.22959103904e-9,"dvar":9.75555886776e-18,"dvar2":2.39223230497e-17,"max":2.48431242949e-16,"mean":-4.74366945724e-9,"median":-3.87141385616e-9,"min":-3.54288580695e-8,"var":1.65411307092e-17},"spectral_energy":{"dmean":0.00824971497059,"dmean2":0.012901827693,"dvar":0.000154649053002,"dvar2":0.000375073170289,"max":0.149784803391,"mean":0.0198856517673,"median":0.0163060799241,"min":1.01566760917e-20,"var":0.000281593005639},"spectral_energyband_high":{"dmean":0.000253390317084,"dmean2":0.000350771762896,"dvar":3.37014711249e-7,"dvar2":7.01392536939e-7,"max":0.0179256163538,"mean":0.000587701273616,"median":0.000351902039256,"min":7.09200746513e-21,"var":7.11476559445e-7},"spectral_energyband_low":{"dmean":0.00301919737831,"dmean2":0.0053256098181,"dvar":0.0000621047147433,"dvar2":0.000169460123288,"max":0.0780128315091,"mean":0.00378606817685,"median":0.00234066927806,"min":1.55179069031e-23,"var":0.0000450264924439},"spectral_energyband_middle_high":{"dmean":0.00243808189407,"dmean2":0.00354641163722,"dvar":0.0000129312784338,"dvar2":0.0000264690443146,"max":0.0594038255513,"mean":0.00705030141398,"median":0.00529429176822,"min":1.18657776498e-21,"var":0.0000479270020151},"spectral_energyband_middle_low":{"dmean":0.00449873041362,"dmean2":0.00716490251943,"dvar":0.0000579919869779,"dvar2":0.000144467398059,"max":0.0934077724814,"mean":0.00897006131709,"median":0.00657632621005,"min":1.68028874803e-22,"var":0.0000864636385813},"spectral_entropy":{"dmean":0.115686275065,"dmean2":0.172228097916,"dvar":0.016730170697,"dvar2":0.0334458835423,"max":9.82615756989,"mean":7.69082164764,"median":7.73717546463,"min":5.1078248024,"var":0.216849088669},"spectral_flux":{"dmean":0.0246204342693,"dmean2":0.0374080650508,"dvar":0.000951564288698,"dvar2":0.00178093393333,"max":0.313200771809,"mean":0.0800868347287,"median":0.0717452466488,"min":6.2804400569e-11,"var":0.00239033345133},"spectral_kurtosis":{"dmean":1.46132314205,"dmean2":2.4452290535,"dvar":3.14357161522,"dvar2":8.74414253235,"max":77.5080795288,"mean":6.74590015411,"median":5.95353031158,"min":-1.28906166553,"var":26.5907077789},"spectral_rms":{"dmean":0.000814315746538,"dmean2":0.00121182552539,"dvar":0.000001061654757,"dvar2":0.00000240361805481,"max":0.0120884869248,"mean":0.00398430787027,"median":0.00398853002116,"min":3.14784873515e-12,"var":0.0000035257755826},"spectral_rolloff":{"dmean":442.423706055,"dmean2":740.042907715,"dvar":674348.75,"dvar2":1486518.375,"max":19616.7480469,"mean":2273.71533203,"median":2174.85351562,"min":86.1328125,"var":5397859.5},"spectral_skewness":{"dmean":0.185764178634,"dmean2":0.298811793327,"dvar":0.0344189628959,"dvar2":0.0859341472387,"max":6.98302936554,"mean":1.76712930202,"median":1.71380710602,"min":-0.115638203919,"var":0.35823982954},"spectral_spread":{"dmean":480809.28125,"dmean2":698935.375,"dvar":591535603712,"dvar2":1161957081090,"max":43274872,"mean":4475377,"median":3884938.5,"min":1112621.5,"var":16901411438600},"spectral_strongpeak":{"dmean":0.677677690983,"dmean2":1.14040565491,"dvar":1.12268340588,"dvar2":2.81906628609,"max":11.0437784195,"mean":1.02207827568,"median":0.48962149024,"min":0,"var":1.78141641617},"zerocrossingrate":{"dmean":0.010653000325,"dmean2":0.012949208729,"dvar":0.0001906286343,"dvar2":0.000267854775302,"max":0.6123046875,"mean":0.082819826901,"median":0.07470703125,"min":0.0048828125,"var":0.00372759066522}},"metadata":{"audio_properties":{"analysis_sample_rate":44100,"bit_rate":320036,"codec":"mp3","downmix":"mix","equal_loudness":0,"length":231.862854004,"lossless":false,"md5_encoded":"b3cdf935c134c0bfbf5434a83e859fb2","replay_gain":-7.99153518677,"sample_rate":44100},"tags":{"album":["UK Jive"],"artist":["The Kinks"],"bpm":["95"],"date":["1989"],"file_name":"03 UK Jive.mp3","genre":["Classic Rock"],"initialkey":["C"],"musicbrainz_recordingid":["0fe1e2e6-5e29-48cd-985e-547d0eb502ff"],"title":["UK Jive"],"tracknumber":["03"]},"version":{"essentia":"2.1-beta2","essentia_build_sha":"cead25079874084f62182a551b7393616cd33d87","essentia_git_sha":"v2.1_beta2-1-ge3940c0","extractor":"music 1.0"}},"rhythm":{"beats_count":398,"beats_loudness":{"dmean":0.0108794663101,"dmean2":0.0181799363345,"dvar":0.000128886764287,"dvar2":0.00033439337858,"max":0.0948968082666,"mean":0.0280698668212,"median":0.0255356170237,"min":0,"var":0.00029135265504},"beats_loudness_band_ratio":{"dmean":[0.0951925516129,0.116968169808,0.1181640625,0.0749077647924,0.0692481249571,0.0411204434931],"dmean2":[0.157900378108,0.202529728413,0.196722269058,0.134769827127,0.118135593832,0.07007496804],"dvar":[0.00803524442017,0.0114537449554,0.010683237575,0.00612568249926,0.00445647863671,0.00432525901124],"dvar2":[0.0206780955195,0.0353930816054,0.030114537105,0.0176017712802,0.0129269277677,0.012078919448],"max":[0.964080631733,0.80655169487,0.731470346451,0.499525308609,0.508662045002,0.768166065216],"mean":[0.17200268805,0.22339951992,0.246273577213,0.130006715655,0.186276271939,0.0805856585503],"median":[0.132512658834,0.196233525872,0.221366658807,0.108324453235,0.171174868941,0.0697569474578],"min":[0,0,0,0,0,0],"var":[0.0239999778569,0.0222789477557,0.0193223394454,0.00827922858298,0.0116962296888,0.0037617359776]},"beats_position":[0.603718817