{"lowlevel":{"average_loudness":0.529346942902,"barkbands":{"dmean":[0.000198436668143,0.00030899560079,0.000246648851316,0.000764545926359,0.00160141079687,0.000531259458512,0.000771819264628,0.000745015160646,0.000727461301722,0.000452456210041,0.000338371784892,0.000334106036462,0.000226756659686,0.000189189813682,0.00007355674461,0.0000552362798771,0.0000791646307334,0.0000766445009504,0.000119047683256,0.0000436465306848,0.0000308350463456,0.0000239028431679,0.0000166180470842,0.000012228725609,0.0000112145089588,0.000017244465198,0.0000075781367741],"dmean2":[0.0003062809119,0.000477507361211,0.000421132222982,0.00114204187412,0.00224827835336,0.000751701474655,0.00116578186862,0.0011099310359,0.00111643318087,0.000615251774434,0.00050418562023,0.000497885979712,0.000341335107805,0.000303384498693,0.000112416106276,0.0000843857051223,0.000123358811834,0.000114210728498,0.000166129146237,0.0000658467179164,0.0000435489346273,0.0000340609731211,0.0000240056815528,0.000017384714738,0.0000160385934578,0.0000245380851993,0.0000113778278319],"dvar":[3.47906166098e-7,5.6419315797e-7,4.65400489702e-7,0.00000333674893227,0.0000127318589875,0.00000166136499047,0.00001073450494,0.00000495974200021,0.000007321263638,0.00000273525392913,0.00000284496127279,0.00000397567191612,0.00000158762952651,0.00000188146213986,2.11321790289e-7,5.87998769674e-8,1.04287558145e-7,1.37153236324e-7,2.60440828015e-7,4.02869027027e-8,9.12331454828e-9,6.75751099521e-9,3.0342210966e-9,1.86281301495e-9,1.3135609267e-9,6.05942362952e-9,1.48051981785e-9],"dvar2":[7.22424886135e-7,0.00000134480899305,0.00000131826584493,0.00000810498659121,0.0000245943647315,0.00000350362392965,0.0000224739724217,0.0000107370779006,0.0000174105571205,0.00000485213104184,0.00000612025132796,0.00000890062619874,0.0000037057825466,0.00000489826516059,5.39217808182e-7,1.23557683196e-7,2.35022952211e-7,2.68942727644e-7,4.83115854877e-7,9.40624147461e-8,1.82747559307e-8,1.36458888633e-8,6.84742618162e-9,4.17718570844e-9,2.77057687903e-9,1.27037669273e-8,3.26242144411e-9],"max":[0.0114386612549,0.0114095499739,0.0164128337055,0.0319929234684,0.0585103332996,0.0304474458098,0.106571279466,0.0688372850418,0.0705427825451,0.0566801056266,0.0637403577566,0.0745443403721,0.052536752075,0.0639551281929,0.0198585763574,0.0110038602725,0.00953977741301,0.0189565811306,0.026892947033,0.00630297325552,0.00281351897866,0.00231884443201,0.00164609518833,0.00172794656828,0.000925923290197,0.00155971513595,0.000782981747761],"mean":[0.000228643795708,0.000428057042882,0.000324909749907,0.00110594416037,0.0027081053704,0.00115169840865,0.00127688213252,0.00156792264897,0.00117903854698,0.000941642618272,0.000557223451324,0.000472047890071,0.000330768030835,0.000257014937233,0.000121639066492,0.0000910235539777,0.00013293333177,0.000135342881549,0.000230727426242,0.0000744899298297,0.0000629702917649,0.0000444024226454,0.0000281148932118,0.0000189864440472,0.0000150878222485,0.0000183804149856,0.000007303712664],"median":[0.0000322466148646,0.000111792905955,0.0000878460923559,0.000249600794632,0.000482409086544,0.00029064330738,0.000215625070268,0.000345212349202,0.000198631751118,0.0000861211228766,0.0000435060319433,0.0000181255181815,0.0000129818963615,0.0000138308969326,0.00000750546996642,0.00000517183161719,0.0000117784202303,0.00000636345976091,0.00000548572279513,0.00000808273398434,0.00000453276697954,0.00000251243272942,0.00000328519718096,0.00000208527535506,0.00000122870460473,5.80681557949e-7,2.17735816932e-7],"min":[4.89543066826e-25,2.6746930498e-24,3.30821984721e-25,5.91196669149e-25,2.81995961612e-24,7.44239698092e-24,7.23059887192e-24,6.25351891016e-24,1.26165498578e-23,6.12596444052e-24,1.67238937892e-23,1.36054603665e-23,2.41917481004e-23,1.71894826509e-23,4.33587583125e-23,5.34645429804e-23,4.81505739744e-23,8.97968320131e-23,1.29558829515e-22,1.67718543234e-22,2.27759769094e-22,2.72381074042e-22,3.93766875439e-22,5.82203329425e-22,8.15777899536e-22,1.27912495739e-21,1.90866958416e-21],"var":[4.92707101785e-7,7.73135809595e-7,4.96723657761e-7,0.00000503289584231,0.0000316606092383,0.00000528174268766,0.0000184610671567,0.0000126635022752,0.0000126633622131,0.0000135584923555,0.00000568897667108,0.000006161829333,0.00000283732038042,0.00000306817378259,3.39609556477e-7,1.50112867914e-7,2.26672170811e-7,4.94632161008e-7,0.00000111122494673,8.58057518371e-8,3.62547467603e-8,1.87472899427e-8,5.6139382032e-9,3.18204662619e-9,2.00091010427e-9,7.14593939577e-9,1.56011925601e-9]},"barkbands_crest":{"dmean":2.39317107201,"dmean2":3.79220557213,"dvar":4.62023115158,"dvar2":11.067782402,"max":26.0368442535,"mean":10.4872570038,"median":9.86595535278,"min":2.73874211311,"var":15.2744636536},"barkbands_flatness_db":{"dmean":0.0207613706589,"dmean2":0.0297201536596,"dvar":0.000411429384258,"dvar2":0.000807033793535,"max":0.413293451071,"mean":0.157343417406,"median":0.151994407177,"min":0.0208030603826,"var":0.00371538219042},"barkbands_kurtosis":{"dmean":3.41134214401,"dmean2":5.27737522125,"dvar":23.3645534515,"dvar2":52.3111038208,"max":99.4470901489,"mean":7.14857149124,"median":4.8952126503,"min":-1.86116933823,"var":71.4345779419},"barkbands_skewness":{"dmean":0.534725546837,"dmean2":0.811824202538,"dvar":0.279253304005,"dvar2":0.634240806103,"max":8.30093955994,"mean":1.62503826618,"median":1.59122109413,"min":-3.17214632034,"var":1.71335589886},"barkbands_spread":{"dmean":4.51914310455,"dmean2":6.91921615601,"dvar":56.7046203613,"dvar2":130.778961182,"max":133.146835327,"mean":15.0301609039,"median":10.6702823639,"min":0.7758436203,"var":209.90234375},"dissonance":{"dmean":0.0268352106214,"dmean2":0.0443023964763,"dvar":0.000746879552025,"dvar2":0.00199525034986,"max":0.499931126833,"mean":0.435025811195,"median":0.448693573475,"min":0.158057838678,"var":0.00265914667398},"dynamic_complexity":7.17882061005,"erbbands":{"dmean":[0.0134272901341,0.0611367076635,0.2674446702,1.22947525978,3.62258529663,6.49517726898,4.89878416061,5.48505783081,9.5415391922,14.8236570358,15.4593439102,16.552532196,11.7259321213,13.1775388718,13.7369775772,13.9365358353,9.79915332794,9.78583621979,5.90500307083,2.60590982437,3.01468849182,4.36381578445,4.03440284729,4.55096530914,5.41005563736,1.82867252827,1.07150709629,1.38186860085,0.928667783737,0.540129482746,0.472251713276,0.330188184977,0.179746210575,0.134749129415,0.0774153992534,0.0575335212052,0.0338829867542,0.012103786692,0.00128290895373,0.0000367301108781],"dmean2":[0.0213815066963,0.0963937118649,0.449435919523,1.89117705822,5.48509836197,9.2782831192,6.57318925858,7.62170648575,14.1607303619,22.7924957275,23.205247879,25.1642093658,16.3644351959,17.8560161591,20.1395778656,20.3880119324,14.4719524384,15.4581699371,8.71092510223,4.01371908188,4.53360939026,6.67924404144,5.94807338715,6.66458272934,7.58183097839,2.67574667931,1.51563251019,1.9649875164,1.31499826908,0.76431787014,0.68542265892,0.474746376276,0.25786781311,0.191746264696,0.11276576668,0.0815280601382,0.04821132496,0.0176925901324,0.00192766974214,0.0000542621783097],"dvar":[0.00194271712098,0.0163331534714,0.394468128681,9.27754688263,69.5564117432,255.641845703,145.080627441,175.30279541,2196.25805664,3606.16186523,2750.02124023,3837.24121094,2153.90600586,2651.3984375,5158.26708984,6657.80126953,2429.02587891,5057.88525391,1339.4765625,449.80770874,189.238601685,314.272155762,402.381591797,385.515838623,588.342285156,66.2557067871,11.7293672562,21.4045276642,9.84725666046,3.60891962051,2.51268172264,1.24133479595,0.507276535034,0.199565768242,0.0646271035075,0.054885648191,0.0244185626507,0.00354692409746,0.0000424614809162,3.08819849693e-8],"dvar2":[0.00466942414641,0.0399811938405,1.10454773903,23.6164264679,163.975524902,510.514953613,266.63494873,371.717346191,4614.86767578,8031.13818359,5810.74560547,8978.55664063,4372.64941406,4503.39257813,11171.8837891,13920.4179688,5105.45019531,13310.0791016,3100.35620117,1243.6895752,373.204986572,693.246276855,812.966369629,787.067932129,1051.72888184,145.115859985,24.3219928741,43.6767082214,19.507062912,7.03877449036,5.66909074783,2.75096082687,1.16053700447,0.419816493988,0.1403336972,0.116341471672,0.0514314956963,0.00765574304387,0.0000949693494476,6.99539981497e-8],"max":[0.80845451355,2.09287714958,13.1691484451,52.615447998,175.404342651,293.845458984,238.736495972,328.719665527,1516.92944336,2405.53686523,1320.64440918,1834.65844727,1654.43188477,2190.3059082,3984.39672852,3362.49658203,1825.40222168,3669.08618164,1592.37194824,1260.08618164,670.698303223,451.898834229,1060.36877441,900.971374512,1361.28527832,284.63482666,147.599502563,111.068061829,75.2687225342,75.726776123,47.8457717896,40.0300369263,29.5199241638,14.1817064285,4.33830451965,5.27078771591,3.209846735,1.12259685993,0.135309949517,0.00456720823422],"mean":[0.0155063560233,0.0862483903766,0.364177942276,1.86668217182,5.55057382584,10.4358139038,8.78241729736,12.3803768158,17.0532207489,30.3458995819,28.174161911,28.7206840515,22.9212303162,28.0320568085,22.3525829315,20.987651825,16.3230056763,14.2799549103,9.70756626129,4.49169111252,5.25427484512,7.8594751358,8.01046276093,8.74657154083,10.8506269455,3.38234996796,2.14796829224,2.70693445206,1.77815914154,0.959863781929,0.787596642971,0.515289008617,0.266680717468,0.186623781919,0.0973057225347,0.0642649754882,0.0353449583054,0.011939718388,0.00122293713503,0.0000469624646939],"median":[0.00371861970052,0.0200095120817,0.120125114918,0.561785936356,1.57780051231,1.23960995674,1.45281195641,2.95942902565,2.8380241394,7.83453464508,6.60258674622,5.06877040863,2.87236642838,2.82042765617,1.80559527874,0.966624855995,0.724169194698,0.820942282677,0.581473231316,0.30704587698,0.362213611603,0.623468697071,0.423548847437,0.286538630724,0.456629693508,0.324403882027,0.134791508317,0.223736166954,0.0899097248912,0.120461434126,0.0717362686992,0.0520411804318,0.025026537478,0.0163806583732,0.00684952549636,0.00307960622013,0.000921464292333,0.000206823606277,0.0000454753899248,0.00000984987127595],"min":[9.20367930871e-23,4.68055787528e-22,1.89666435812e-21,3.85859439748e-21,1.4504330929e-20,1.04599839969e-20,1.7275859348e-20,6.52571638661e-20,1.05027542429e-19,1.25016239146e-19,1.74580888526e-19,3.94792187417e-19,4.78186391274e-19,7.41190638385e-19,7.52913442026e-19,6.78767608555e-19,1.05553995067e-18,7.0641824018e-19,2.11358129551e-18,2.51203688492e-18,3.67511920741e-18,3.78789577135e-18,5.70079022896e-18,5.88144109807e-18,7.07152569769e-18,7.33884731061e-18,7.56278826348e-18,1.04119060043e-17,9.05100364511e-18,1.12823059767e-17,1.09665562476e-17,1.0654174798e-17,9.66198075224e-18,8.7014346367e-18,5.76436609007e-18,4.1484708314e-18,2.32804937601e-18,9.91310616876e-19,2.49297760963e-19,2.53558338885e-20],"var":[0.00205421121791,0.0254744663835,0.454078733921,13.0745830536,111.031463623,589.310852051,377.800964355,624.775512695,3988.03979492,6125.60742188,5984.27734375,7518.85253906,6607.07910156,12502.3242188,9240.86523438,11878.4492188,5484.84667969,8774.41015625,2508.97143555,508.600921631,485.584320068,781.032043457,1654.07458496,1331.61877441,2460.44677734,156.124755859,46.510635376,67.0091705322,29.5913047791,7.99446725845,4.78954935074,2.34865140915,0.725909948349,0.316057682037,0.0888606980443,0.0663783848286,0.0284746792167,0.00389390694909,0.000043914969865,3.20895168215e-8]},"erbbands_crest":{"dmean":2.58117961884,"dmean2":4.0795006752,"dvar":6.23932027817,"dvar2":15.0247430801,"max":30.4663639069,"mean":10.6908960342,"median":9.67387104034,"min":1.9361115694,"var":25.1608543396},"erbbands_flatness_db":{"dmean":0.0176242049783,"dmean2":0.0246298070997,"dvar":0.000372104055714,"dvar2":0.000655834330246,"max":0.386779814959,"mean":0.179892659187,"median":0.176327973604,"min":0.0306003093719,"var":0.00465692952275},"erbbands_kurtosis":{"dmean":1.70966303349,"dmean2":2.53025174141,"dvar":7.71737098694,"dvar2":16.0003566742,"max":82.6055908203,"mean":3.20248055458,"median":1.3870651722,"min":-1.8182926178,"var":39.2123718262},"erbbands_skewness":{"dmean":0.388881593943,"dmean2":0.571014285088,"dvar":0.155415326357,"dvar2":0.334975361824,"max":7.12293148041,"mean":1.04568135738,"median":1.01964998245,"min":-2.23343753815,"var":1.05196678638},"erbbands_spread":{"dmean":6.79426336288,"dmean2":10.0329771042,"dvar":83.9411392212,"dvar2":175.41494751,"max":137.593505859,"mean":30.4914207458,"median":24.7289009094,"min":1.49609649181,"var":435.19430542},"gfcc":{"cov":[[35145.9335938,2530.53369141,-3731.56079102,603.487121582,-2196.66674805,-300.198242188,-1013.13818359,-73.408744812,-899.064025879,-300.496734619,-536.817260742,-110.573440552,-484.187927246],[2530.53369141,1837.30187988,-277.340606689,-316.276885986,-128.280960083,-203.193984985,-47.2001876831,-131.987258911,-10.7984514236,-103.526924133,34.1217651367,-94.4431381226,58.520778656],[-3731.56079102,-277.340606689,1364.02160645,215.886459351,158.148025513,69.6931533813,55.7088470459,38.0994415283,65.0555725098,24.9963550568,-35.0292625427,16.1404075623,2.3668859005],[603.487121582,-316.276885986,215.886459351,752.233764648,-60.699924469,-14.9376859665,-64.0249099731,67.2422943115,-22.8906612396,-25.401517868,-45.0812683105,-9.59786987305,-50.2179794312],[-2196.66674805,-128.280960083,158.148025513,-60.699924469,442.968505859,78.670425415,51.2170143127,-37.9671478271,45.8345031738,53.4518623352,31.0730724335,-16.0966072083,42.0783004761],[-300.198242188,-203.193984985,69.6931533813,-14.9376859665,78.670425415,284.622192383,86.9608383179,33.9390792847,-10.0600786209,28.734670639,-10.4607315063,9.97447967529,-26.3300189972],[-1013.13818359,-47.2001876831,55.7088470459,-64.0249099731,51.2170143127,86.9608383179,204.811019897,64.8391036987,34.1236343384,-7.66058015823,21.5959186554,20.9976615906,15.5050668716],[-73.408744812,-131.987258911,38.0994415283,67.2422943115,-37.9671478271,33.9390792847,64.8391036987,149.289871216,47.5877761841,4.16033506393,-3.0111117363,20.1969203949,-7.51925611496],[-899.064025879,-10.7984514236,65.0555725098,-22.8906612396,45.8345031738,-10.0600786209,34.1236343384,47.5877761841,123.22681427,47.3224411011,38.2031021118,3.64391756058,22.3145103455],[-300.496734619,-103.526924133,24.9963550568,-25.401517868,53.4518623352,28.734670639,-7.66058015823,4.16033506393,47.3224411011,123.447441101,42.6320266724,6.73542451859,8.0445098877],[-536.817260742,34.1217651367,-35.0292625427,-45.0812683105,31.0730724335,-10.4607315063,21.5959186554,-3.0111117363,38.2031021118,42.6320266724,104.026786804,29.5331668854,22.7505092621],[-110.573440552,-94.4431381226,16.1404075623,-9.59786987305,-16.0966072083,9.97447967529,20.9976615906,20.1969203949,3.64391756058,6.73542451859,29.5331668854,87.6374893188,37.7827415466],[-484.187927246,58.520778656,2.3668859005,-50.2179794312,42.0783004761,-26.3300189972,15.5050668716,-7.51925611496,22.3145103455,8.0445098877,22.7505092621,37.7827415466,103.859420776]],"icov":[[0.000137045586598,-0.000248106429353,0.000315986835631,-0.000162284966791,0.000326667010086,-0.000144571400597,0.000388874846976,-0.000278846302535,0.000572539865971,-0.000496601918712,0.000673946924508,-0.000507297751028,0.000398160336772],[-0.000248106429353,0.00127898948267,-0.000554516736884,0.000579530315008,-0.000229092940572,0.000478278845549,-0.000697508978192,0.000934476673137,-0.00119740085211,0.00171249371488,-0.00193643488456,0.00229731108993,-0.00148555077612],[0.000315986835631,-0.000554516736884,0.00160492339637,-0.000663463550154,0.000459359027445,-0.000383371720091,0.000654912844766,-0.000386562460335,0.000685185252223,-0.00122516206466,0.00222708634101,-0.00165839737747,0.00108227680903],[-0.000162284966791,0.000579530315008,-0.000663463550154,0.00193994212896,-0.000270971882856,0.000338146841386,0.000359702476999,-0.000729365972802,-0.000198610592633,0.00109803571831,-0.00103153148666,0.00113630224951,-0.000270776887191],[0.000326667010086,-0.000229092940572,0.000459359027445,-0.000270971882856,0.00404137047008,-0.00117930630222,0.000328512309352,0.000848123629112,0.000513665785547,-0.00149204884656,0.000802878523245,0.00086332554929,-0.000898190890439],[-0.000144571400597,0.000478278845549,-0.000383371720091,0.000338146841386,-0.00117930630222,0.0052928281948,-0.00261090882123,-0.000247271294938,0.00106694095302,-0.00132731650956,0.00050436280435,-0.000377497373847,0.00132066663355],[0.000388874846976,-0.000697508978192,0.000654912844766,0.000359702476999,0.000328512309352,-0.00261090882123,0.00895174592733,-0.00408572377637,0.000845285656396,0.00127471971791,-0.000222665010369,-0.0013275773963,0.000189119047718],[-0.000278846302535,0.000934476673137,-0.000386562460335,-0.000729365972802,0.000848123629112,-0.000247271294938,-0.00408572377637,0.0121637051925,-0.00662859389558,0.00133452622686,0.000884201726876,-0.00134787685238,0.000531383557245],[0.000572539865971,-0.00119740085211,0.000685185252223,-0.000198610592633,0.000513665785547,0.00106694095302,0.000845285656396,-0.00662859389558,0.0166476424783,-0.00616079010069,-0.000617464480456,0.000818781845737,-0.000573731318582],[-0.000496601918712,0.00171249371488,-0.00122516206466,0.00109803571831,-0.00149204884656,-0.00132731650956,0.00127471971791,0.00133452622686,-0.00616079010069,0.0145826330408,-0.0071768979542,0.00322520709597,-0.00195392710157],[0.000673946924508,-0.00193643488456,0.00222708634101,-0.00103153148666,0.000802878523245,0.00050436280435,-0.000222665010369,0.000884201726876,-0.000617464480456,-0.0071768979542,0.0189102720469,-0.00909814052284,0.00343936495483],[-0.000507297751028,0.00229731108993,-0.00165839737747,0.00113630224951,0.00086332554929,-0.000377497373847,-0.0013275773963,-0.00134787685238,0.000818781845737,0.00322520709597,-0.00909814052284,0.021452607587,-0.00965405348688],[0.000398160336772,-0.00148555077612,0.00108227680903,-0.000270776887191,-0.000898190890439,0.00132066663355,0.000189119047718,0.000531383557245,-0.000573731318582,-0.00195392710157,0.00343936495483,-0.00965405348688,0.0159082487226]],"mean":[-124.655532837,97.2238693237,-96.1913528442,8.61531257629,-66.7318649292,-4.69988536835,-29.7995414734,6.90985107422,-21.695476532,-2.68398857117,-15.8060150146,-1.89567005634,-14.4577579498]},"hfc":{"dmean":3.39957690239,"dmean2":4.480717659,"dvar":56.8443183899,"dvar2":101.708854675,"max":144.509658813,"mean":9.94862747192,"median":2.99267864227,"min":1.07662817592e-16,"var":290.804260254},"melbands":{"dmean":[0.000107100757305,0.00011377769988,0.000301390187815,0.000333336996846,0.000221463051275,0.000119838099636,0.000146711245179,0.000160597599461,0.000138488510856,0.0000996692397166,0.0000600916027906,0.0000560510306968,0.0000461547206214,0.000035706343624,0.0000349138135789,0.000019876883016,0.000019929746486,0.0000109364245873,0.00000426893802796,0.00000383744782084,0.00000365835217053,0.00000443041290055,0.00000550667482457,0.00000279498021882,0.0000039622004806,0.00000571745022171,0.0000024355831556,0.00000103196020973,6.60940486341e-7,7.50475692257e-7,8.5074884737e-7,5.8959500393e-7,3.9495679971e-7,2.87405271138e-7,2.67609038929e-7,2.88118769731e-7,1.76710500455e-7,1.25676535845e-7,1.25921317817e-7,1.14752921831e-7],"dmean2":[0.000164100478287,0.0001877770992,0.000452611944638,0.000485825526994,0.000296775368042,0.000166335215908,0.000218511821004,0.000244550348725,0.000208949582884,0.000151602187543,0.0000836119434098,0.0000762705967645,0.0000683833641233,0.0000543026981177,0.0000511327998538,0.0000292743898171,0.0000320041945088,0.000016233911083,0.00000646555827188,0.00000608504115007,0.00000557705789106,0.00000688034469931,0.00000807118976809,0.00000419382467953,0.00000593710592511,0.00000798480232334,0.00000364280458598,0.0000015189439182,9.61464479587e-7,0.00000108112453745,0.00000123413667552,8.45454451337e-7,5.65723723867e-7,4.15549010313e-7,3.95983448698e-7,4.25912190849e-7,2.57154994188e-7,1.8532989543e-7,1.82604352972e-7,1.6583491913e-7],"dvar":[9.51838146079e-8,6.34911003772e-8,5.1228363418e-7,4.9693562687e-7,3.15974375553e-7,8.80390302882e-8,4.58941144643e-7,3.78440205395e-7,2.54316802284e-7,1.3062181381e-7,5.72127056842e-8,4.89642317802e-8,5.60800863525e-8,4.81323425561e-8,3.84544129872e-8,9.39504207764e-9,2.47437519363e-8,5.71095126745e-9,1.04211062002e-9,4.28729968194e-10,3.08363612422e-10,3.47153666924e-10,7.46552986097e-10,1.85763598948e-10,3.1816449475e-10,7.31997185088e-10,1.45610690172e-10,2.27415968002e-11,5.71569657923e-12,6.44887919107e-12,8.14498642143e-12,3.932179235e-12,2.6698036143e-12,8.77213178398e-13,7.8871566396e-13,1.25148697828e-12,3.42073591675e-13,2.67697376852e-13,2.36892401312e-13,1.39641824579e-13],"dvar2":[2.17823640014e-7,1.71952024175e-7,0.00000122906772049,0.00000108091057882,5.5145665101e-7,1.85002235753e-7,9.75047669272e-7,8.44987027904e-7,5.59547288503e-7,3.01713299677e-7,1.14750598357e-7,8.28827566579e-8,1.23021635545e-7,1.09379598712e-7,7.31878557758e-8,2.02574241825e-8,6.5900714219e-8,1.31861019881e-8,2.71658318063e-9,1.1411289691e-9,6.16076079041e-10,7.70691843677e-10,1.5201581105e-9,3.95440014067e-10,6.68484101407e-10,1.3105935226e-9,3.2436617281e-10,4.86683991718e-11,1.2729216986e-11,1.35361461623e-11,1.69125945887e-11,7.96919995272e-12,5.27502694303e-12,1.81435075297e-12,1.78044287213e-12,2.98214859924e-12,7.47856962989e-13,6.24039828059e-13,5.39593597668e-13,2.92773292589e-13],"max":[0.00561154354364,0.0049402709119,0.012981175445,0.0122032174841,0.011089053005,0.00812582019717,0.0216043647379,0.0253795050085,0.0121285133064,0.00994424428791,0.00861368048936,0.00960488524288,0.00987115222961,0.00793101266026,0.00881001260132,0.00295691355132,0.00798464287072,0.00365115492605,0.00157424854115,0.000810155761428,0.000799624132924,0.000444326113211,0.0013020754559,0.00062451697886,0.000830328441225,0.00165423145518,0.000450821040431,0.000159564529895,0.0000946362561081,0.000077042474004,0.0000652242015349,0.0000472467545478,0.0000682055106154,0.0000320150611515,0.0000248673932219,0.0000395349452447,0.0000198915786314,0.0000219534358621,0.0000185393491847,0.00000990232638287],"mean":[0.000140413685585,0.000161302130437,0.000459921895526,0.000557771651074,0.000389429711504,0.000264161382802,0.00025367422495,0.000339403632097,0.000235050116316,0.000169754683156,0.000113383059215,0.000117219409731,0.0000741674230085,0.0000498160734423,0.0000535150174983,0.0000305351495626,0.00002609972762,0.0000169307331817,0.00000683717280481,0.00000584688677918,0.0000059497933762,0.00000743161490391,0.00000971518420556,0.00000499452562508,0.00000689342141413,0.0000106759907794,0.00000438558481619,0.00000165212031789,0.00000117751824291,0.00000150913137986,0.00000156969690579,0.00000109507789148,6.46397211312e-7,4.84957581648e-7,4.4173972924e-7,4.28045410672e-7,2.69052861768e-7,1.78874770995e-7,1.73960756911e-7,1.53319788865e-7],"median":[0.00003878044663,0.0000503673036292,0.000143787212437,0.000118932992336,0.0000596401077928,0.0000633844028926,0.0000394708185922,0.0000802845388534,0.0000467384597869,0.0000276065475191,0.0000117343161037,0.000010756145457,0.00000566692597204,0.00000310941641146,0.00000182611188393,0.00000126416443891,0.00000126379836729,8.90947490007e-7,4.25420410011e-7,3.46377447613e-7,4.2239821596e-7,6.46690864414e-7,4.79941377307e-7,3.29055978909e-7,1.95684776827e-7,2.72314707672e-7,3.52745701093e-7,1.6811057435e-7,7.45810240232e-8,7.75363133698e-8,1.47502632331e-7,4.81155097987e-8,3.75218434101e-8,7.87372727018e-8,4.6240511864e-8,2.26338769949e-8,3.25183648897e-8,1.62032218753e-8,1.57544430834e-8,1.22371286437e-8],"min":[9.96319490381e-25,8.56214933993e-25,1.03624778371e-24,6.99192466631e-25,5.41886847509e-25,1.47054706925e-24,1.55766009155e-24,1.08869174972e-24,1.26977861621e-24,2.23492439438e-24,2.41085674511e-24,2.83079757889e-24,2.49127164806e-24,1.83277395174e-24,2.35554438223e-24,1.64529662166e-24,1.13680477076e-24,2.33393767925e-24,3.25259263022e-24,2.71008075836e-24,3.64248752706e-24,2.75432224729e-24,3.2594829358e-24,3.33146333796e-24,4.06334600329e-24,4.88621667428e-24,4.52212383994e-24,3.73369010289e-24,4.32909273187e-24,4.839131539e-24,4.7026262591e-24,5.13625481566e-24,5.10952899705e-24,5.59021586762e-24,5.56593709554e-24,4.25689933727e-24,5.32303420105e-24,5.89761287428e-24,6.30321872491e-24,6.32444066098e-24],"var":[1.19967197065e-7,8.20009802283e-8,7.71540442202e-7,0.00000115983334581,8.34620948353e-7,2.88739840926e-7,8.04359501672e-7,7.2546094998e-7,5.10116251462e-7,2.73083429647e-7,1.78984549848e-7,2.42959202978e-7,1.04525369693e-7,6.5011001027e-8,8.62300524318e-8,2.23576126501e-8,3.89322245553e-8,9.6201722144e-9,1.20047682906e-9,6.78055889214e-10,7.0313582734e-10,7.31796789832e-10,2.19659734846e-9,6.49201303826e-10,9.39353150819e-10,2.88731727416e-9,3.95484645033e-10,4.44682207723e-11,1.56932921519e-11,2.60182483197e-11,2.21932004024e-11,1.16129987571e-11,5.63521928773e-12,1.73517688933e-12,1.51530426661e-12,1.94876124786e-12,6.55657711283e-13,3.64206169563e-13,3.28289695775e-13,2.18586067757e-13]},"melbands_crest":{"dmean":3.24608206749,"dmean2":5.23153305054,"dvar":9.69469451904,"dvar2":24.338104248,"max":36.9712562561,"mean":14.3713140488,"median":13.5205860138,"min":1.59802699089,"var":32.5133628845},"melbands_flatness_db":{"dmean":0.0243938341737,"dmean2":0.035094730556,"dvar":0.000595598306973,"dvar2":0.00120983948,"max":0.470763653517,"mean":0.237372159958,"median":0.236124485731,"min":0.00322910863906,"var":0.00612063193694},"melbands_kurtosis":{"dmean":5.8422665596,"dmean2":9.12112998962,"dvar":78.2366027832,"dvar2":183.967559814,"max":207.987808228,"mean":13.1833610535,"median":7.91020774841,"min":-1.65562283993,"var":265.947570801},"melbands_skewness":{"dmean":0.638911545277,"dmean2":0.967826545238,"dvar":0.434273540974,"dvar2":0.969470798969,"max":10.9632282257,"mean":2.19313144684,"median":1.92326140404,"min":-1.95502519608,"var":2.71304059029},"melbands_spread":{"dmean":4.72071170807,"dmean2":7.31073522568,"dvar":74.0994415283,"dvar2":171.2943573,"max":185.915588379,"mean":17.4184303284,"median":11.1339950562,"min":0.938939273357,"var":486.018005371},"mfcc":{"cov":[[14059.8779297,851.250183105,-901.900146484,279.03012085,-542.681396484,-208.275253296,-204.700027466,-45.0821266174,-297.423980713,-262.784698486,-204.465454102,-208.251068115,-138.780654907],[851.250183105,2133.85717773,-54.2914924622,-168.927536011,-97.0051574707,-96.1503295898,-57.551109314,-81.2579498291,-65.6592712402,16.7985725403,-53.4575614929,-90.0340652466,-30.2045574188],[-901.900146484,-54.2914924622,991.907226563,254.301437378,54.8229141235,4.81880712509,1.59274184704,54.0411376953,56.468662262,0.571684420109,0.736097991467,45.761932373,2.23759555817],[279.03012085,-168.927536011,254.301437378,528.640014648,102.267578125,-53.5652999878,-39.1969413757,-3.26176118851,5.243247509,-14.6895112991,-15.0974941254,11.1998167038,-8.43919086456],[-542.681396484,-97.0051574707,54.8229141235,102.267578125,276.543334961,89.1137313843,14.5825843811,-44.34324646,3.02285552025,40.6248092651,9.54576969147,-12.7982234955,-7.49399614334],[-208.275253296,-96.1503295898,4.81880712509,-53.5652999878,89.1137313843,190.477249146,85.1380996704,-2.34562444687,15.2735261917,17.4318885803,13.2356815338,14.5784931183,-7.30086421967],[-204.700027466,-57.551109314,1.59274184704,-39.1969413757,14.5825843811,85.1380996704,148.953414917,65.8432769775,29.7038764954,10.3222818375,16.3735218048,25.1298999786,-3.83205270767],[-45.0821266174,-81.2579498291,54.0411376953,-3.26176118851,-44.34324646,-2.34562444687,65.8432769775,175.701385498,52.986328125,-4.48704051971,13.3628501892,26.869020462,1.55809080601],[-297.423980713,-65.6592712402,56.468662262,5.243247509,3.02285552025,15.2735261917,29.7038764954,52.986328125,117.04599762,32.0603637695,0.993928134441,20.0233249664,2.74335885048],[-262.784698486,16.7985725403,0.571684420109,-14.6895112991,40.6248092651,17.4318885803,10.3222818375,-4.48704051971,32.0603637695,102.409957886,48.2867050171,-0.631244897842,2.37840723991],[-204.465454102,-53.4575614929,0.736097991467,-15.0974941254,9.54576969147,13.2356815338,16.3735218048,13.3628501892,0.993928134441,48.2867050171,99.6415863037,37.8955802917,4.22157239914],[-208.251068115,-90.0340652466,45.761932373,11.1998167038,-12.7982234955,14.5784931183,25.1298999786,26.869020462,20.0233249664,-0.631244897842,37.8955802917,107.433387756,25.7162685394],[-138.780654907,-30.2045574188,2.23759555817,-8.43919086456,-7.49399614334,-7.30086421967,-3.83205270767,1.55809080601,2.74335885048,2.37840723991,4.22157239914,25.7162685394,69.8224029541]],"icov":[[0.000101384597656,-0.0000338130121236,0.00011083548452,-0.000172285552253,0.000255556369666,-0.000159875766258,0.000123491612612,-0.0000855410835356,0.00018210701819,0.0000497849832755,0.0000861054213601,0.0000870605872478,0.000135787428007],[-0.0000338130121236,0.000550179684069,-0.000102504651295,0.000257669977145,0.000039652648411,0.000356539007043,-0.000144209407154,0.000216968706809,0.000243213333306,-0.000442775373813,0.000364067294868,0.000131300403154,0.00016915978631],[0.00011083548452,-0.000102504651295,0.00134250230622,-0.000782435876317,0.000229793746257,-0.000447091646492,0.000395898357965,-0.000438916846178,-0.000221802765736,0.000109707158117,0.000130684900796,-0.000297180580674,0.000154330700752],[-0.000172285552253,0.000257669977145,-0.000782435876317,0.00300206826068,-0.00181128119584,0.00173318735324,-0.0000876499980222,0.000135509457323,-0.000246627343586,0.000318545062328,0.000285155256279,-0.000705097452737,0.000377233547624],[0.000255556369666,0.000039652648411,0.000229793746257,-0.00181128119584,0.00627566175535,-0.00340545224026,0.000622450257652,0.000803280738182,0.000743026204873,-0.00198013987392,0.00042407863657,0.00112808332779,0.000229662298807],[-0.000159875766258,0.000356539007043,-0.000447091646492,0.00173318735324,-0.00340545224026,0.0100126387551,-0.00559599418193,0.00203480105847,-0.000708936306182,0.00028107065009,-0.00000303426918435,-0.00101815431844,0.0007826538058],[0.000123491612612,-0.000144209407154,0.000395898357965,-0.0000876499980222,0.000622450257652,-0.00559599418193,0.012158934027,-0.00448089046404,0.00000541668759979,-0.000453236425528,0.0000724721103325,-0.00116312631872,0.00084800447803],[-0.0000855410835356,0.000216968706809,-0.000438916846178,0.000135509457323,0.000803280738182,0.00203480105847,-0.00448089046404,0.00910573545843,-0.00371469790116,0.00198946404271,-0.00184897810686,0.00015008621267,-0.0000611600989942],[0.00018210701819,0.000243213333306,-0.000221802765736,-0.000246627343586,0.000743026204873,-0.000708936306182,0.00000541668759979,-0.00371469790116,0.0131727596745,-0.00644300319254,0.00495689921081,-0.00267208693549,0.000919643382076],[0.0000497849832755,-0.000442775373813,0.000109707158117,0.000318545062328,-0.00198013987392,0.00028107065009,-0.000453236425528,0.00198946404271,-0.00644300319254,0.0177944209427,-0.01024935022,0.00428913673386,-0.00162304169498],[0.0000861054213601,0.000364067294868,0.000130684900796,0.000285155256279,0.00042407863657,-0.00000303426918435,0.0000724721103325,-0.00184897810686,0.00495689921081,-0.01024935022,0.0181363951415,-0.00699733989313,0.00208435603417],[0.0000870605872478,0.000131300403154,-0.000297180580674,-0.000705097452737,0.00112808332779,-0.00101815431844,-0.00116312631872,0.00015008621267,-0.00267208693549,0.00428913673386,-0.00699733989313,0.0144430836663,-0.00483599957079],[0.000135787428007,0.00016915978631,0.000154330700752,0.000377233547624,0.000229662298807,0.0007826538058,0.00084800447803,-0.0000611600989942,0.000919643382076,-0.00162304169498,0.00208435603417,-0.00483599957079,0.0165344383568]],"mean":[-761.981262207,138.207458496,13.2181873322,16.307100296,-12.9054851532,-9.22313022614,-4.85367631912,3.11765599251,-3.75933599472,-0.373074412346,0.0688172876835,-1.24986064434,-3.90547084808]},"pitch_salience":{"dmean":0.0693698972464,"dmean2":0.110699303448,"dvar":0.00396616291255,"dvar2":0.00996103137732,"max":0.941900372505,"mean":0.606454253197,"median":0.618639588356,"min":0.14338581264,"var":0.013693026267},"silence_rate_20dB":{"dmean":0,"dmean2":0,"dvar":0,"dvar2":0,"max":1,"mean":1,"median":1,"min":1,"var":0},"silence_rate_30dB":{"dmean":0.000853849458508,"dmean2":0.00170794187579,"dvar":0.000853302772157,"dvar2":0.00255972449668,"max":1,"mean":0.999573111534,"median":1,"min":0,"var":0.000426730286563},"silence_rate_60dB":{"dmean":0.0634694769979,"dmean2":0.126957014203,"dvar":0.0594407394528,"dvar2":0.125068768859,"max":1,"mean":0.364257246256,"median":0,"min":0,"var":0.231579974294},"spectral_centroid":{"dmean":178.196258545,"dmean2":263.514068604,"dvar":73163.953125,"dvar2":151894.296875,"max":11746.0507813,"mean":1151.67993164,"median":744.062805176,"min":215.810241699,"var":2480694.5},"spectral_complexity":{"dmean":1.86736869812,"dmean2":2.75206375122,"dvar":6.64267921448,"dvar2":12.8003454208,"max":42,"mean":8.57370471954,"median":7,"min":0,"var":45.0437278748},"spectral_contrast_coeffs":{"dmean":[0.0498186722398,0.0423836708069,0.036289319396,0.0284147728235,0.0199479740113,0.0167607478797],"dmean2":[0.0789149552584,0.067998804152,0.0566512532532,0.0440954379737,0.0307812206447,0.0261198021472],"dvar":[0.00185509573203,0.00145441328641,0.000994031783193,0.000657469965518,0.000418794166762,0.000363379658666],"dvar2":[0.00441699940711,0.00345951435156,0.00219612498768,0.00138119619805,0.000853035890032,0.000793632178102],"max":[-0.332919746637,-0.284682095051,-0.391920298338,-0.496578991413,-0.529136657715,-0.569192886353],"mean":[-0.629175543785,-0.72191464901,-0.751100003719,-0.797025322914,-0.808602511883,-0.790021538734],"median":[-0.616281986237,-0.734258890152,-0.766998648643,-0.813602685928,-0.822282314301,-0.790033221245],"min":[-0.974584460258,-0.981056630611,-0.988081276417,-0.975886285305,-0.968972623348,-0.964763700962],"var":[0.0137860607356,0.0115528972819,0.00923262536526,0.00600614538416,0.00422607501969,0.00305242766626]},"spectral_contrast_valleys":{"dmean":[0.431073993444,0.354050159454,0.342768609524,0.32717269659,0.260978251696,0.275515377522],"dmean2":[0.67959946394,0.559153139591,0.518614888191,0.470435827971,0.360014677048,0.357819318771],"dvar":[0.137741595507,0.11040006578,0.118126913905,0.122087135911,0.115654185414,0.167444735765],"dvar2":[0.298598349094,0.22616584599,0.223452344537,0.212018609047,0.18942719698,0.287338733673],"max":[-5.90953922272,-4.89537477493,-5.07238340378,-5.49992418289,-5.93824625015,-8.01505661011],"mean":[-8.8567199707,-7.76806926727,-8.68676948547,-9.48936653137,-9.25320339203,-11.6672935486],"median":[-8.45464897156,-7.24142360687,-8.20158576965,-9.13178443909,-8.90407371521,-11.5338916779],"min":[-28.4471073151,-28.2118606567,-27.7994194031,-27.871389389,-27.5037879944,-27.4024581909],"var":[8.82695865631,9.77247238159,8.92785549164,8.30532264709,8.45709037781,6.61785650253]},"spectral_decrease":{"dmean":1.19216236882e-9,"dmean2":1.59860358284e-9,"dvar":4.14444080746e-18,"dvar2":7.59806668943e-18,"max":2.62191576694e-28,"mean":-3.3407885347e-9,"median":-1.50053980352e-9,"min":-3.11608125969e-8,"var":1.82266898783e-17},"spectral_energy":{"dmean":0.00476231100038,"dmean2":0.00636654114351,"dvar":0.0000670090084895,"dvar2":0.000121888006106,"max":0.125162437558,"mean":0.013511271216,"median":0.0060346215032,"min":1.01150262554e-20,"var":0.00030354980845},"spectral_energyband_high":{"dmean":0.000112756650196,"dmean2":0.000151434680447,"dvar":9.66685931303e-8,"dvar2":1.89901030012e-7,"max":0.00630696490407,"mean":0.000219870635192,"median":0.0000198226189241,"min":7.02909488655e-21,"var":2.67183366987e-7},"spectral_energyband_low":{"dmean":0.000724834215362,"dmean2":0.00112305930816,"dvar":0.00000233322452914,"dvar2":0.00000580488631385,"max":0.0274566430598,"mean":0.00125108624343,"median":0.000534884864464,"min":1.43858709937e-23,"var":0.0000042157862481},"spectral_energyband_middle_high":{"dmean":0.00126569508575,"dmean2":0.00173671625089,"dvar":0.0000155780871864,"dvar2":0.0000288213923341,"max":0.104928225279,"mean":0.00321599142626,"median":0.000378986675059,"min":1.18106820896e-21,"var":0.0000698782896507},"spectral_energyband_middle_low":{"dmean":0.00374203501269,"dmean2":0.00513378437608,"dvar":0.0000449970320915,"dvar2":0.0000885607078089,"max":0.115240558982,"mean":0.00923821236938,"median":0.00421476271003,"min":8.92024663418e-23,"var":0.000150281717652},"spectral_entropy":{"dmean":0.187179088593,"dmean2":0.26092684269,"dvar":0.0422810725868,"dvar2":0.0793912410736,"max":9.82561206818,"mean":7.17329931259,"median":7.1862859726,"min":4.82600688934,"var":0.556647360325},"spectral_flux":{"dmean":0.016381919384,"dmean2":0.0262078866363,"dvar":0.000508431985509,"dvar2":0.00114797090646,"max":0.322023659945,"mean":0.0474497266114,"median":0.0340307801962,"min":6.423239024e-11,"var":0.00188268651254},"spectral_kurtosis":{"dmean":2.27698040009,"dmean2":3.62059402466,"dvar":10.6642112732,"dvar2":26.0233325958,"max":85.8980560303,"mean":7.8661031723,"median":5.26443481445,"min":-1.27895116806,"var":60.3248596191},"spectral_rms":{"dmean":0.000570019474253,"dmean2":0.000730612722691,"dvar":5.53922120616e-7,"dvar2":8.81228970684e-7,"max":0.011050324887,"mean":0.00292222737335,"median":0.00242640380748,"min":3.1413879744e-12,"var":0.00000464233153252},"spectral_rolloff":{"dmean":364.00491333,"dmean2":619.825805664,"dvar":1156311.75,"dvar2":2854115.75,"max":19810.546875,"mean":1501.84777832,"median":689.0625,"min":43.06640625,"var":9624436},"spectral_skewness":{"dmean":0.263350367546,"dmean2":0.39836448431,"dvar":0.0864047333598,"dvar2":0.190624281764,"max":7.4779291153,"mean":2.04681611061,"median":1.85163748264,"min":-0.132687807083,"var":0.836556494236},"spectral_spread":{"dmean":590777.6875,"dmean2":874226.4375,"dvar":1060830642180,"dvar2":2279080984580,"max":43047104,"mean":5198008,"median":4314114,"min":938240.75,"var":30594159345700},"spectral_strongpeak":{"dmean":0.384890109301,"dmean2":0.610639989376,"dvar":0.633096337318,"dvar2":1.5036996603,"max":15.1648397446,"mean":0.880638241768,"median":0.418659597635,"min":0,"var":1.7297296524},"zerocrossingrate":{"dmean":0.00954173970968,"dmean2":0.0116352848709,"dvar":0.000208042925806,"dvar2":0.000279832165688,"max":0.5400390625,"mean":0.0588538013399,"median":0.0390625,"min":0.00537109375,"var":0.00607554009184}},"metadata":{"audio_properties":{"analysis_sample_rate":44100,"bit_rate":256041,"codec":"mp3","downmix":"mix","equal_loudness":0,"length":163.160812378,"lossless":false,"md5_encoded":"c4c2afe934ca1b2f6231f199f079de4b","replay_gain":-14.4674835205,"sample_rate":44100},"tags":{"album":["Travelin'"],"albumartist":["John Lee Hooker"],"artist":["John Lee Hooker"],"bpm":["131"],"composer":["John Lee Hooker"],"date":["1960"],"discnumber":["1/1"],"file_name":"H:\\iTunes\\iTunes Music\\Music\\John Lee Hooker\\Travelin'\\05 I'm A Stranger.mp3","genre":["Blues"],"initialkey":["F"],"language":["eng"],"musicbrainz_albumid":["ea8b98ff-0ce5-44a7-b9e7-c5d949402d0c"],"musicbrainz_recordingid":["0ff558ef-4a13-4d16-9e4f-d821ed6930f9"],"musicbrainz_releasegroupid":["8f5b08da-9083-38c7-b141-f22f5b8e5df5"],"title":["I'm a Stranger"],"tracknumber":["5/16"]},"version":{"essentia":"2.1-beta2","essentia_build_sha":"2d9f1f26377add8aeb1075a9c2973f962c4f09fd","essentia_git_sha":"v2.1_beta2-1-ge3940c0","extractor":"music 1.0"}},"rhythm":{"beats_count":176,"beats_loudness":{"dmean":0.0194176658988,"dmean2":0.0349642969668,"dvar":0.000381466612453,"dvar2":0.00102769036312,"max":0.107406966388,"mean":0.0301486682147,"median":0.0265303142369,"min":0,"var":0.000487063167384},"beats_loudness_band_ratio":{"dmean":[0.215941056609,0.151550397277,0.131085678935,0.121870391071,0.0274463817477,0.0420457497239],"dmean2":[0.368145823479,0.259246617556,0.227659583092,0.220742672682,0.0472282581031,0.074423097074],"dvar":[0.0329594165087,0.0161856710911,0.0150415720418,0.0273681264371,0.00148500921205,0.00387196708471],"dvar2":[0.0849475413561,0.0353243201971,0.0353367477655,0.0753298550844,0.00362572306767,0.00964481942356],"max":[0.928084075451,0.865948438644,0.754919409752,0.927986979485,0.267580270767,0.42069748044],"mean":[0.371748149395,0.267682373524,0.1