{"lowlevel":{"average_loudness":0.967552363873,"barkbands":{"dmean":[0.0047750310041,0.0181865245104,0.00181451276876,0.000932792143431,0.0010854935972,0.00111828953959,0.0011749692494,0.000694853253663,0.000973176152911,0.00110301165842,0.000883392291144,0.00151199754328,0.000823637179565,0.00113832694478,0.000646897125989,0.000491471379064,0.000313174445182,0.00023866877018,0.000177307752892,0.000139768919325,0.0000950507092057,0.0000411149158026,0.0000135310501719,0.00000414509167967,0.00000329098338625,0.00000683035341353,0.000708109524567],"dmean2":[0.00819855183363,0.0306198224425,0.00314774271101,0.00156931695528,0.00175001518801,0.0017957118107,0.00188578607049,0.00113454158418,0.00160275422968,0.0018038218841,0.00143128621858,0.00251257023774,0.00137642247137,0.00191498606,0.00107472017407,0.000811489240732,0.000505537725985,0.000371895323042,0.00026657761191,0.00019667345623,0.000134248432005,0.0000597821344854,0.0000198459492822,0.00000663105493004,0.00000544661861568,0.000010177475815,0.00112912384793],"dvar":[0.0000999109834083,0.000984719954431,0.00000539933853361,0.00000175548927928,0.00000431402577306,0.00000657745977151,0.00000766794528317,0.00000251553547059,0.00000506442893311,0.00000481462802782,0.00000443223643742,0.00000686631801727,0.00000123853317291,0.0000031866993595,8.06359992112e-7,5.14261387252e-7,1.94272658405e-7,1.50064977333e-7,1.1818659118e-7,2.22330442057e-7,6.12266433109e-7,5.41363043283e-8,8.91278773008e-10,4.04557359834e-11,2.64080632362e-11,1.1763552632e-10,6.20465357315e-7],"dvar2":[0.000262774439761,0.00264816591516,0.0000151655485752,0.00000446988633485,0.00000956653002504,0.0000150834302985,0.0000184149303095,0.000006176763236,0.0000125603619381,0.0000122772944451,0.0000102698468254,0.0000164710781974,0.00000314940098178,0.00000816017291072,0.00000212339432437,0.00000136755181757,4.78223171285e-7,3.46748237234e-7,2.63561730662e-7,4.27630254762e-7,0.00000105825381524,1.21261294339e-7,1.81258308363e-9,9.50261813681e-11,6.56756940498e-11,2.41523828715e-10,0.00000148099536545],"max":[0.11648529768,0.335791438818,0.0318968445063,0.0208246838301,0.0505943112075,0.0606435835361,0.0795224159956,0.0509468577802,0.0686828643084,0.0463936440647,0.0560646019876,0.101664274931,0.0257383212447,0.0435164943337,0.040183827281,0.0225733984262,0.00810593832284,0.00785470567644,0.0099210916087,0.0212238952518,0.0680209472775,0.0156857818365,0.000588963623159,0.000138997202157,0.0000903987893253,0.000306461617583,0.0167098008096],"mean":[0.00472713587806,0.023155650124,0.0022230274044,0.00118834467139,0.00158618402202,0.00155039364472,0.00178184360266,0.00100450916216,0.00140926078893,0.00163467298262,0.00131148612127,0.00258122407831,0.00148619897664,0.00219123461284,0.00128888944164,0.000993542023934,0.000673753675073,0.000502458831761,0.000348028523149,0.000274325546343,0.000172179192305,0.0000721043470548,0.0000248190699494,0.00000586837677474,0.00000343992428498,0.0000127896328195,0.00261016306467],"median":[0.0018347685691,0.0140346456319,0.00150778586976,0.000657317694277,0.000904771208297,0.000690998567734,0.000707117258571,0.000488929217681,0.000667344313115,0.000799451139756,0.00061572593404,0.00143171090167,0.00108012696728,0.00120169890579,0.000985282938927,0.000757609202992,0.000445171754109,0.000224851522944,0.000133745677886,0.0000957134034252,0.0000501825925312,0.0000223626484512,0.00000896472829481,0.00000304632567349,0.00000158266789185,0.00000633865329291,0.00233992072754],"min":[1.9065912954e-23,7.60505836408e-23,2.77176408023e-23,2.0569387176e-23,8.66051007906e-23,2.25643390969e-23,3.95655774477e-23,1.44837796761e-23,9.37877803068e-23,1.2467263769e-22,4.20975874507e-23,9.17760903352e-23,6.5116719059e-23,1.31661150139e-22,1.43256193755e-22,2.03049830887e-22,1.45747870878e-22,2.41858064e-22,1.78692759629e-22,4.24711957619e-22,4.63008491373e-22,4.40274605557e-22,6.757774294e-22,7.43664905637e-22,1.09878474064e-21,1.47095048404e-21,2.31926842891e-21],"var":[0.0000864774992806,0.000932125025429,0.00000589096907788,0.00000256795306086,0.00000713683175491,0.0000094692404673,0.000013924211089,0.00000403400235882,0.00000741903340895,0.00000761992896514,0.00000778803678259,0.0000135174514071,0.00000232617912843,0.00000760257489674,0.00000159320461535,9.14924896733e-7,4.61366369109e-7,4.14376927438e-7,2.77501840173e-7,4.34376403291e-7,9.60433794717e-7,6.45813642564e-8,2.22730189847e-9,6.78361186668e-11,2.85566657127e-11,3.50867140897e-10,0.00000270289206128]},"barkbands_crest":{"dmean":3.57290291786,"dmean2":5.83804368973,"dvar":9.56903553009,"dvar2":24.8013725281,"max":25.1736068726,"mean":10.7382316589,"median":10.0315084457,"min":2.31191301346,"var":23.1429767609},"barkbands_flatness_db":{"dmean":0.0257574357092,"dmean2":0.0412657409906,"dvar":0.000535334460437,"dvar2":0.00134979840368,"max":0.319767266512,"mean":0.131278127432,"median":0.127912074327,"min":0.0217369925231,"var":0.00167016836349},"barkbands_kurtosis":{"dmean":2.92931985855,"dmean2":4.82986688614,"dvar":33.8796730042,"dvar2":82.2859802246,"max":189.194396973,"mean":3.36178159714,"median":1.30185699463,"min":-1.82984375954,"var":54.09532547},"barkbands_skewness":{"dmean":0.606558442116,"dmean2":0.96734970808,"dvar":0.451957762241,"dvar2":1.11296319962,"max":12.1835374832,"mean":1.53997063637,"median":1.30911922455,"min":-2.79258275032,"var":1.14429092407},"barkbands_spread":{"dmean":10.4295768738,"dmean2":16.7601470947,"dvar":88.7154846191,"dvar2":224.130905151,"max":126.188896179,"mean":43.9746170044,"median":43.4726982117,"min":1.74521768093,"var":297.09375},"dissonance":{"dmean":0.0144503926858,"dmean2":0.0247994977981,"dvar":0.000266925228061,"dvar2":0.000740636547562,"max":0.500000059605,"mean":0.479238986969,"median":0.485642582178,"min":0.265298515558,"var":0.000434682820924},"dynamic_complexity":1.97662961483,"erbbands":{"dmean":[0.806532561779,3.18325996399,2.85211133957,2.24650216103,3.22652792931,3.82526493073,6.64283466339,9.75053119659,14.8550491333,16.0165538788,16.4348316193,19.2831420898,32.9791679382,31.5580253601,41.3284683228,53.5452613831,35.782459259,50.5257606506,38.091545105,34.9252128601,20.955663681,16.203004837,13.1163730621,10.877122879,6.84188699722,7.01910448074,4.75782442093,3.10007119179,1.56590044498,0.819129407406,0.312367290258,0.113780036569,0.0600232407451,0.0370418913662,0.0234472565353,0.0146625777707,0.012036354281,0.0222771055996,0.0236058533192,0.0154678989202],"dmean2":[1.38129293919,5.31871557236,4.90494155884,3.77737641335,5.29997730255,6.28234767914,10.4965009689,15.817483902,24.2391242981,25.3703308105,27.0746650696,31.5990772247,54.1450691223,51.18201828,68.1286697388,88.735206604,59.3061065674,84.9126968384,63.0406303406,58.0755729675,34.4801368713,25.7732868195,20.4372348785,16.2679138184,9.76820755005,9.79737091064,6.60517168045,4.47492790222,2.25773787498,1.18227577209,0.456773728132,0.176413193345,0.0974377989769,0.0612764768302,0.0387373156846,0.023790191859,0.0177033692598,0.0291375555098,0.0305302925408,0.0242087207735],"dvar":[2.82673478127,21.6410541534,12.9385347366,8.83925914764,41.3649635315,58.4302597046,336.141967773,555.400756836,1050.63525391,1343.74963379,1415.51513672,2427.4699707,4613.10302734,5841.11816406,7549.70605469,6910.22900391,2411.65161133,6221.70947266,2610.25756836,2591.78051758,983.904968262,526.207946777,447.111724854,367.208831787,258.40637207,598.450500488,1017.57305908,645.601867676,79.8063354492,4.99385213852,0.45492079854,0.0322858020663,0.00871565379202,0.00338189164177,0.00131944415625,0.000461487623397,0.000333706120728,0.00399208627641,0.00577826891094,0.000277715065749],"dvar2":[7.60237550735,59.2369842529,36.5573120117,23.0565547943,90.6382751465,137.546386719,683.149963379,1317.12695312,2653.83666992,3045.91552734,3525.98022461,5906.18847656,11638.7109375,14774.0107422,18660.7128906,17308.4003906,6097.20654297,15875.8134766,6971.52587891,6962.78759766,2606.16967773,1298.83752441,1045.09277344,841.838562012,501.478759766,1150.46777344,1866.1315918,1182.36083984,171.04548645,10.0818185806,0.930380344391,0.0703889429569,0.0210954509676,0.00840329285711,0.00327500212006,0.00111646344885,0.000665304658469,0.00706448452547,0.00972041860223,0.000641608901788],"max":[15.8925695419,51.4812965393,53.3066864014,42.6779136658,255.80368042,231.221542358,649.434143066,615.484069824,658.656494141,1094.6328125,1155.24816895,2158.98168945,1324.65527344,2138.2878418,2628.40722656,2311.85107422,1352.59851074,2056.62426758,1091.70129395,1959.04504395,1226.45739746,512.994689941,437.013061523,400.423278809,631.221923828,1196.98083496,2741.26025391,1870.40771484,574.02532959,93.1633605957,16.8655452728,4.60294532776,1.75748002529,0.980337500572,0.674463629723,0.409294962883,0.694288253784,2.55944061279,3.28915882111,0.409763932228],"mean":[0.860664665699,4.31947803497,4.11800575256,3.21205210686,4.48182630539,5.29107570648,8.94325065613,13.4959287643,22.2089233398,25.0528869629,24.499786377,29.1790828705,51.0242958069,50.3798789978,70.7572097778,97.5551605225,72.4621810913,100.119911194,81.9100952148,73.1361999512,47.3290557861,37.0197029114,28.9126720428,22.3141918182,14.6531591415,13.3544311523,9.07344913483,5.48522138596,2.75727319717,1.53092110157,0.562685489655,0.184190154076,0.0764060541987,0.0395776480436,0.0247334260494,0.0185282826424,0.023837858811,0.055293302983,0.0775067284703,0.0747693032026],"median":[0.401177763939,2.8119187355,3.01858234406,2.07830715179,2.44525790215,2.93312716484,3.87942147255,6.29780817032,9.52614974976,10.5825510025,12.5724420547,14.6701498032,24.3977813721,24.3629550934,38.3986701965,58.231918335,55.0181999207,59.4451789856,59.1969680786,56.6644287109,36.5520057678,24.6622829437,13.9609775543,9.13909626007,5.7414484024,4.61066532135,2.81309223175,1.61514115334,0.865632295609,0.46615678072,0.215411692858,0.090223737061,0.0400830879807,0.0187519080937,0.0115867462009,0.0104730371386,0.0125247035176,0.0214013308287,0.0445320159197,0.0695002451539],"min":[2.53431620308e-21,1.59054682579e-20,4.05776002116e-20,3.46940357667e-20,3.57265820609e-19,1.4003123455e-19,9.44224730525e-20,2.20142177611e-19,6.24936917338e-19,2.77298677728e-19,6.31205498815e-19,2.38657736743e-18,1.95227694016e-18,4.05301791103e-18,3.12508566589e-18,3.04118080725e-18,3.50231083769e-18,6.09676779205e-18,8.20385737411e-18,8.31060255062e-18,9.0847443423e-18,7.92482619244e-18,1.33971884273e-17,1.21200579575e-17,8.38400490382e-18,2.03419015468e-17,2.13856082652e-17,1.65679611396e-17,1.39719060723e-17,1.98779706828e-17,1.60169794423e-17,1.8486068903e-17,1.19286888956e-17,1.05893180477e-17,7.5945222205e-18,5.75309161832e-18,2.83546264327e-18,1.21919081062e-18,2.97228483063e-19,3.55335013038e-20],"var":[2.29309177399,24.3554573059,15.8544607162,12.774933815,64.7407150269,94.850402832,528.00012207,717.8984375,1793.00646973,2599.66699219,2075.78588867,3408.69628906,7624.53710938,9903.47265625,15530.0048828,14281.3398438,4838.91845703,14646.7070312,6255.23779297,4892.81347656,1888.05834961,1337.57885742,1228.46496582,978.077880859,593.070617676,1127.2779541,1587.06481934,955.131225586,101.232559204,11.0161085129,1.08976197243,0.0733360275626,0.0116023477167,0.00367588037625,0.00143890269101,0.000590148149058,0.00109495304059,0.0108060026541,0.015084810555,0.00164997996762]},"erbbands_crest":{"dmean":2.38326525688,"dmean2":3.97896695137,"dvar":5.37035703659,"dvar2":13.9401493073,"max":30.1309146881,"mean":8.17587852478,"median":7.30147409439,"min":2.24994492531,"var":12.3563804626},"erbbands_flatness_db":{"dmean":0.0206025671214,"dmean2":0.0322366282344,"dvar":0.000301790802041,"dvar2":0.000728023820557,"max":0.366403520107,"mean":0.163552924991,"median":0.161113649607,"min":0.0343796871603,"var":0.00145678978879},"erbbands_kurtosis":{"dmean":1.08246457577,"dmean2":1.75802993774,"dvar":1.73078024387,"dvar2":4.15141916275,"max":39.239025116,"mean":1.46854233742,"median":1.03521156311,"min":-1.54168021679,"var":4.51968479156},"erbbands_skewness":{"dmean":0.345058768988,"dmean2":0.552260220051,"dvar":0.0909947156906,"dvar2":0.223938688636,"max":4.10037946701,"mean":-0.481732785702,"median":-0.53160995245,"min":-5.2050204277,"var":0.401505947113},"erbbands_spread":{"dmean":4.71560192108,"dmean2":7.47317028046,"dvar":19.2158470154,"dvar2":45.5428009033,"max":87.383354187,"mean":21.8939247131,"median":20.2770557404,"min":2.19680833817,"var":100.923057556},"gfcc":{"cov":[[6674.6015625,233.278396606,-584.331115723,309.440460205,186.753967285,-337.802185059,360.385437012,-120.966705322,23.1393699646,-20.5584506989,44.1091651917,24.1565494537,-10.9895067215],[233.278396606,844.505493164,44.6979560852,-345.638061523,215.612411499,53.5477905273,-56.2203674316,23.3551521301,79.4560699463,-35.8493232727,64.9560470581,-71.4626617432,84.0852432251],[-584.331115723,44.6979560852,321.437683105,28.111328125,-59.0253639221,152.72744751,-97.9947357178,82.0229034424,-2.78434419632,26.7348594666,-15.006061554,4.66825675964,10.602057457],[309.440460205,-345.638061523,28.111328125,444.132232666,-16.5839557648,-101.993347168,154.990600586,-20.8970012665,-28.5483913422,23.2107334137,-24.8908805847,43.2368850708,-48.258266449],[186.753967285,215.612411499,-59.0253639221,-16.5839557648,270.54095459,28.1154727936,43.6990127563,-4.29969835281,0.0878093168139,-27.6994495392,43.5350418091,-34.1392593384,27.3046855927],[-337.802185059,53.5477905273,152.72744751,-101.993347168,28.1154727936,297.16973877,-74.0835494995,64.1837539673,-6.86624193192,4.66915845871,-1.82652294636,5.42941236496,19.766336441],[360.385437012,-56.2203674316,-97.9947357178,154.990600586,43.6990127563,-74.0835494995,230.297897339,-13.4965667725,18.7519760132,-8.59579753876,-5.73587417603,18.2814273834,-23.6485214233],[-120.966705322,23.3551521301,82.0229034424,-20.8970012665,-4.29969835281,64.1837539673,-13.4965667725,156.373168945,18.1769237518,35.3729248047,13.680803299,-27.2090549469,17.1588344574],[23.1393699646,79.4560699463,-2.78434419632,-28.5483913422,0.0878093168139,-6.86624193192,18.7519760132,18.1769237518,125.651931763,45.3859291077,15.1704702377,8.2954492569,-19.9194431305],[-20.5584506989,-35.8493232727,26.7348594666,23.2107334137,-27.6994495392,4.66915845871,-8.59579753876,35.3729248047,45.3859291077,97.2109909058,38.1088752747,2.41167283058,-2.33676147461],[44.1091651917,64.9560470581,-15.006061554,-24.8908805847,43.5350418091,-1.82652294636,-5.73587417603,13.680803299,15.1704702377,38.1088752747,67.8121337891,12.5398950577,15.8592729568],[24.1565494537,-71.4626617432,4.66825675964,43.2368850708,-34.1392593384,5.42941236496,18.2814273834,-27.2090549469,8.2954492569,2.41167283058,12.5398950577,73.022354126,5.58905076981],[-10.9895067215,84.0852432251,10.602057457,-48.258266449,27.3046855927,19.766336441,-23.6485214233,17.1588344574,-19.9194431305,-2.33676147461,15.8592729568,5.58905076981,68.4123077393]],"icov":[[0.000237231273786,-0.000502889393829,0.00085469026817,-0.000618213030975,0.000223085124162,-0.000205621370696,0.000189550541108,-0.000249733187957,0.000269284500973,-0.00028020949685,0.000324334163452,-0.000373275950551,0.00021034036763],[-0.000502889393829,0.00558316893876,-0.00536736799404,0.00465882848948,-0.00248854304664,0.00184839323629,-0.0025101697538,0.00250914180651,-0.00426428997889,0.00403293594718,-0.00480698933825,0.00498010590672,-0.00425912160426],[0.00085469026817,-0.00536736799404,0.0123174004257,-0.00742147024721,0.00369934877381,-0.00494641577825,0.00540458224714,-0.00439463555813,0.00250100228004,-0.00288524781354,0.0046646152623,-0.00399453379214,0.00238812039606],[-0.000618213030975,0.00465882848948,-0.00742147024721,0.0101614259183,-0.0047393143177,0.00461940187961,-0.00532795349136,0.00146204791963,0.00109868764412,-0.00251395627856,0.00176956492942,-0.00186710385606,0.000817348889541],[0.000223085124162,-0.00248854304664,0.00369934877381,-0.0047393143177,0.00961080845445,-0.00409209588543,0.0000560539338039,0.00106686865911,-0.00176772114355,0.00580442883074,-0.00871922634542,0.00694585684687,-0.00258628977463],[-0.000205621370696,0.00184839323629,-0.00494641577825,0.00461940187961,-0.00409209588543,0.00740904221311,-0.00103630917147,-0.00124294299167,0.00131834251806,-0.00205114204437,0.00329722044989,-0.00393736362457,0.00103739369661],[0.000189550541108,-0.0025101697538,0.00540458224714,-0.00532795349136,0.0000560539338039,-0.00103630917147,0.00943454261869,-0.00289942696691,-0.000331247516442,-0.0000605559180258,0.00310488278046,-0.00371649838053,0.00227067060769],[-0.000249733187957,0.00250914180651,-0.00439463555813,0.00146204791963,0.00106686865911,-0.00124294299167,-0.00289942696691,0.0115614067763,-0.00397063512355,0.00162276660558,-0.00640644179657,0.00951796490699,-0.0057735722512],[0.000269284500973,-0.00426428997889,0.00250100228004,0.00109868764412,-0.00176772114355,0.00131834251806,-0.000331247516442,-0.00397063512355,0.0175297949463,-0.0132196936756,0.0100652519614,-0.0114525975659,0.0101328026503],[-0.00028020949685,0.00403293594718,-0.00288524781354,-0.00251395627856,0.00580442883074,-0.00205114204437,-0.0000605559180258,0.00162276660558,-0.0132196936756,0.0292737260461,-0.0238771662116,0.0143671063706,-0.00696786819026],[0.000324334163452,-0.00480698933825,0.0046646152623,0.00176956492942,-0.00871922634542,0.00329722044989,0.00310488278046,-0.00640644179657,0.0100652519614,-0.0238771662116,0.0418578088284,-0.0216359999031,0.00587243353948],[-0.000373275950551,0.00498010590672,-0.00399453379214,-0.00186710385606,0.00694585684687,-0.00393736362457,-0.00371649838053,0.00951796490699,-0.0114525975659,0.0143671063706,-0.0216359999031,0.0335880555212,-0.0127578433603],[0.00021034036763,-0.00425912160426,0.00238812039606,0.000817348889541,-0.00258628977463,0.00103739369661,0.00227067060769,-0.0057735722512,0.0101328026503,-0.00696786819026,0.00587243353948,-0.0127578433603,0.0254511665553]],"mean":[28.7604370117,96.9181594849,-108.909461975,-10.7516365051,8.95168590546,-11.1617193222,7.56587219238,-16.7986068726,8.61247158051,-5.92497205734,1.17602396011,-3.71126556396,-1.8493720293]},"hfc":{"dmean":59.7046432495,"dmean2":94.5561218262,"dvar":3756.64526367,"dvar2":9316.39648438,"max":1634.34692383,"mean":291.489349365,"median":269.787872314,"min":1.09493719013e-16,"var":18195.3066406},"melbands":{"dmean":[0.00605827989057,0.00233054254204,0.000402251636842,0.000239540517214,0.000210947706364,0.000220360525418,0.000230289821047,0.000166641184478,0.000137244249345,0.000131578010041,0.000170436513145,0.000134092944791,0.000120535762107,0.000179729031515,0.000128706436954,0.0000698900475982,0.00010767216736,0.000075652016676,0.0000506837168359,0.0000424138561357,0.0000254429269262,0.0000187460045709,0.0000149342822624,0.0000121059401863,0.00000944515795709,0.00000601154806645,0.00000478302354168,0.00000490941692988,0.00000327063412442,0.00000260718411482,0.00000167891505498,0.00000101204466318,6.4644456188e-7,4.01936262051e-7,2.09319239275e-7,9.82461969556e-8,5.96485065785e-8,4.36129674597e-8,3.51974804857e-8,3.00037754641e-8],"dmean2":[0.0102672139183,0.00393705070019,0.000670593522955,0.000391492096242,0.000334201409714,0.000356197939254,0.000372961425455,0.000264193862677,0.000226634045248,0.000215908250539,0.000279764906736,0.00021802772244,0.000197346569621,0.000299945822917,0.000215002684854,0.000116569615784,0.000181541909114,0.000126310245832,0.0000846617258503,0.0000706636565155,0.000042321786168,0.000030585386412,0.0000238165703195,0.0000191197450476,0.0000144356072269,0.0000091426736617,0.00000689684793542,0.0000070569685704,0.00000471269368063,0.00000380938672606,0.00000248759533861,0.00000149750917444,9.63895331552e-7,5.90981073856e-7,3.10651302016e-7,1.51391333247e-7,9.47382972072e-8,7.09713390279e-8,5.79945229617e-8,4.97512964159e-8],"dvar":[0.000134212576086,0.00000925071253732,2.95866186661e-7,2.3615969269e-7,2.7034343475e-7,2.54668293564e-7,2.67299071766e-7,1.24995892747e-7,8.93865745866e-8,1.07275766936e-7,1.20205768894e-7,9.86587735952e-8,6.64618440283e-8,1.16583812826e-7,3.43779795742e-8,9.76830616395e-9,3.12088168641e-8,1.19154641709e-8,6.24834894936e-9,3.85619935983e-9,1.45440237631e-9,6.95847601762e-10,5.22929921587e-10,4.43651060333e-10,2.86106277558e-10,1.71135577931e-10,1.62496308076e-10,3.12113335177e-10,3.12861958562e-10,5.65483104786e-10,1.50595841353e-10,3.88834450749e-11,4.89705975423e-12,9.18518408034e-13,2.24037666674e-13,2.87177711624e-14,8.50989014634e-15,4.74877417527e-15,3.01854420908e-15,2.24268701686e-15],"dvar2":[0.000358690595021,0.0000256956554949,7.41450378428e-7,5.35220351594e-7,5.56262932605e-7,6.02548993811e-7,6.64525430238e-7,2.87232467144e-7,2.26410350024e-7,2.6006199505e-7,3.02155200416e-7,2.51564472364e-7,1.63057165992e-7,2.7822304105e-7,9.22501115497e-8,2.54474272765e-8,7.92397045757e-8,3.1589376448e-8,1.59886326401e-8,1.0313589982e-8,3.89749077456e-9,1.77238812515e-9,1.2858870635e-9,1.07544795291e-9,6.90388857194e-10,3.71787933773e-10,3.17935816563e-10,6.16038886569e-10,6.15704820461e-10,9.42912414814e-10,3.00005353893e-10,8.48020195732e-11,1.08124238729e-11,1.87710285683e-12,4.84623951212e-13,6.084609677e-14,1.96605257844e-14,1.15543654221e-14,7.39814500351e-15,5.59286114193e-15],"max":[0.11730235815,0.0382796004415,0.0129306865856,0.0125634465367,0.0168264061213,0.0135310357437,0.0117749907076,0.00962707400322,0.00774285383523,0.0128070050851,0.00645042350516,0.00814031623304,0.0075521664694,0.0136765548959,0.00486517930403,0.00292106159031,0.00471939658746,0.00277186604217,0.00446842657402,0.00219721137546,0.00127907283604,0.00062680488918,0.000466770725325,0.000490201637149,0.000392622197978,0.00041818927275,0.000516932865139,0.000828563468531,0.00131148600485,0.00211539585143,0.00071466807276,0.000412180670537,0.000112614652608,0.0000232908078033,0.00000964504215517,0.00000376544062419,0.0000023768839128,0.00000157441024839,8.76763124324e-7,8.15721250547e-7],"mean":[0.00727131590247,0.00350925256498,0.000600845378358,0.000346771732438,0.000293798744678,0.000309406459564,0.000350480171619,0.000261192384642,0.000198433335754,0.000192342646187,0.000258365616901,0.000202996539883,0.00019655712822,0.000294641620712,0.000221313879592,0.000132038272568,0.000199198169867,0.000144142395584,0.0000988065075944,0.0000839542553877,0.0000501812901348,0.0000391961111745,0.0000303281594825,0.0000233872124227,0.0000177101737791,0.0000116347227959,0.00000927316432353,0.00000873675344337,0.00000600194653089,0.00000431924718214,0.00000279161599792,0.00000165767698945,0.00000110622954708,7.30590443254e-7,3.54989424523e-7,1.63283630172e-7,8.80203501197e-8,5.51266907678e-8,3.91911356701e-8,3.09206882321e-8],"median":[0.00404663477093,0.00257265730761,0.000400310120312,0.000196157969185,0.000142368255183,0.00014685971837,0.000148510880535,0.000114077934995,0.000102358702861,0.0000914862030186,0.00012077777501,0.0000920986785786,0.000103192593087,0.000149519139086,0.000145848316606,0.0000985958831734,0.000108197607915,0.0000940983154578,0.0000750227336539,0.0000639245190541,0.0000362240352842,0.0000260332562902,0.00001567326035,0.000010164863852,0.0000068219824243,0.00000427195936936,0.00000339646658176,0.00000284761767944,0.00000190120044863,0.00000116797934879,8.04594662895e-7,5.08271568833e-7,3.19656123793e-7,2.23568136448e-7,1.28962696522e-7,7.40985299785e-8,4.43095906633e-8,2.85533232613e-8,1.92225080298e-8,1.38681421902e-8],"min":[2.22927279764e-23,2.06927208454e-23,1.62557190414e-23,2.12513590063e-23,2.75019413817e-24,5.65852293898e-24,8.83332362875e-24,2.95545278748e-24,6.84512277945e-24,1.44105165861e-23,1.0658602613e-23,1.81738863973e-23,8.31438962606e-24,1.00231775205e-23,8.31833471944e-24,7.26328847897e-24,1.1301353068e-23,1.25916691848e-23,1.02699545109e-23,1.55232664241e-23,9.14061966122e-24,8.01276708122e-24,7.92680175294e-24,1.46634790349e-23,9.27754067081e-24,6.49395661432e-24,7.60754816687e-24,1.51861956256e-23,1.31692478961e-23,1.26314364519e-23,9.03844087475e-24,8.42189716794e-24,7.91513844445e-24,1.26827991854e-23,8.76386284833e-24,1.23350006675e-23,1.03729623901e-23,7.38827638966e-24,8.73098943668e-24,9.71220066301e-24],"var":[0.000118339135952,0.0000117020899779,4.52081224012e-7,3.78815400381e-7,4.31017525671e-7,3.42334061543e-7,4.65967843866e-7,2.47824260668e-7,1.28221657292e-7,1.54257691065e-7,2.00215097834e-7,1.63506499007e-7,1.24421475789e-7,2.23197829996e-7,5.91946793804e-8,1.87604758395e-8,7.00523727915e-8,2.58128682873e-8,1.13423714865e-8,6.75831701713e-9,2.534244814e-9,1.57589341576e-9,1.26322563521e-9,9.98010118991e-10,6.71865896251e-10,3.5869252013e-10,3.1934538347e-10,5.76394876273e-10,4.98982077879e-10,8.82117490164e-10,2.0494952957e-10,4.5598486792e-11,7.89829920217e-12,2.22399464296e-12,4.80127764803e-13,6.75624175204e-14,1.61080306401e-14,6.29916507071e-15,3.44973628351e-15,2.39683176667e-15]},"melbands_crest":{"dmean":4.77968454361,"dmean2":7.82578134537,"dvar":18.7070484161,"dvar2":46.538066864,"max":36.5992050171,"mean":16.476770401,"median":15.9862108231,"min":2.05531740189,"var":42.9403457642},"melbands_flatness_db":{"dmean":0.0355003997684,"dmean2":0.0564134381711,"dvar":0.000932811351959,"dvar2":0.00232830923051,"max":0.472950547934,"mean":0.236853078008,"median":0.235404476523,"min":0.00640674401075,"var":0.0037319145631},"melbands_kurtosis":{"dmean":5.87247037888,"dmean2":9.62765789032,"dvar":108.372901917,"dvar2":269.890075684,"max":239.698776245,"mean":6.72193861008,"median":2.57631921768,"min":-1.86838579178,"var":167.862838745},"melbands_skewness":{"dmean":0.92255038023,"dmean2":1.47063934803,"dvar":0.867377758026,"dvar2":2.1805062294,"max":12.5878267288,"mean":2.07732605934,"median":1.79172134399,"min":-2.71647381783,"var":2.39157700539},"melbands_spread":{"dmean":8.81002807617,"dmean2":14.0373067856,"dvar":78.408241272,"dvar2":187.486160278,"max":188.840393066,"mean":28.0592746735,"median":26.6012172699,"min":0.763841092587,"var":242.063323975},"mfcc":{"cov":[[5052.23632812,14.3102312088,-483.771575928,617.51751709,-343.370605469,109.378311157,60.7566452026,81.5863571167,-55.7414665222,58.3488349915,12.268245697,8.13766670227,32.1548995972],[14.3102312088,1202.97058105,-107.128692627,-368.904266357,250.265396118,-37.277217865,4.32634592056,-24.6958770752,54.6133956909,-1.06404566765,36.8474082947,22.1666679382,6.02567005157],[-483.771575928,-107.128692627,424.296508789,-111.083465576,51.3291816711,3.60465216637,-38.5353088379,10.641913414,30.164855957,7.15659666061,16.1290607452,-5.10663366318,9.06618690491],[617.51751709,-368.904266357,-111.083465576,565.50177002,-175.990737915,20.3015365601,45.3145446777,21.6259422302,-25.2170276642,36.990196228,-18.6407985687,-0.431668251753,2.10279989243],[-343.370605469,250.265396118,51.3291816711,-175.990737915,277.054412842,8.22647094727,45.5610580444,-11.0984239578,20.6974887848,-9.8537197113,20.7862052917,10.8379020691,-2.60755133629],[109.378311157,-37.277217865,3.60465216637,20.3015365601,8.22647094727,170.655532837,18.0209732056,44.9742012024,-7.30733060837,-8.28125,-9.17816162109,1.89862465858,11.2370042801],[60.7566452026,4.32634592056,-38.5353088379,45.3145446777,45.5610580444,18.0209732056,163.431991577,33.3049507141,22.0695037842,1.36310303211,-7.14679861069,-8.8616361618,-2.90442347527],[81.5863571167,-24.6958770752,10.641913414,21.6259422302,-11.0984239578,44.9742012024,33.3049507141,108.544158936,25.3456325531,6.94754219055,-0.334216892719,-7.16983890533,-7.35518693924],[-55.7414665222,54.6133956909,30.164855957,-25.2170276642,20.6974887848,-7.30733060837,22.0695037842,25.3456325531,71.8681259155,34.0504989624,16.1807727814,6.72222661972,-0.308076798916],[58.3488349915,-1.06404566765,7.15659666061,36.990196228,-9.8537197113,-8.28125,1.36310303211,6.94754219055,34.0504989624,78.9319915771,45.1763114929,19.8082180023,4.68076610565],[12.268245697,36.8474082947,16.1290607452,-18.6407985687,20.7862052917,-9.17816162109,-7.14679861069,-0.334216892719,16.1807727814,45.1763114929,83.2217025757,35.2502403259,7.60196304321],[8.13766670227,22.1666679382,-5.10663366318,-0.431668251753,10.8379020691,1.89862465858,-8.8616361618,-7.16983890533,6.72222661972,19.8082180023,35.2502403259,59.6928062439,23.2052574158],[32.1548995972,6.02567005157,9.06618690491,2.10279989243,-2.60755133629,11.2370042801,-2.90442347527,-7.35518693924,-0.308076798916,4.68076610565,7.60196304321,23.2052574158,48.8665275574]],"icov":[[0.000274132238701,-0.000126420316519,0.000189120662981,-0.000243370479438,0.00026161086862,-0.000142579927342,-0.0000413921552536,-0.000148192193592,0.000179402137292,-0.0000599426311965,-0.000213150473428,0.00016209212481,-0.00020436932391],[-0.000126420316519,0.00139442260843,0.000636814744212,0.000767823425122,-0.00102757499553,0.000250341458013,0.000312322779791,0.0000983310601441,-0.000977794756182,0.000043700052629,-0.0000697322975611,0.0000697009891155,-0.000351583265001],[0.000189120662981,0.000636814744212,0.00323433848098,0.000451593339676,-0.00073064136086,-0.0000973241913016,0.00107313215267,-0.000422172568506,-0.00153773045167,0.000143961951835,-0.000826737086754,0.00142370734829,-0.00140978419222],[-0.000243370479438,0.000767823425122,0.000451593339676,0.00324292411096,0.00091854884522,0.0000201073344215,-0.00107953406405,-0.0000649715439067,0.00113086251076,-0.00231321388856,0.00135460065212,-0.000759316375479,0.000191130413441],[0.00026161086862,-0.00102757499553,-0.00073064136086,0.00091854884522,0.00625299382955,-0.000932768802159,-0.00248059513979,0.00119385647122,-0.0000155398502102,0.00100000924431,-0.0013021613704,-0.00108945055399,0.0012550430838],[-0.000142579927342,0.000250341458013,-0.0000973241913016,0.0000201073344215,-0.000932768802159,0.00725838029757,-0.0000793646249804,-0.00351254502311,0.00186128041241,-0.0000785139127402,0.00106658635195,-0.000599558406975,-0.0020340855699],[-0.0000413921552536,0.000312322779791,0.00107313215267,-0.00107953406405,-0.00248059513979,-0.0000793646249804,0.00822659954429,-0.00186812505126,-0.00290697882883,0.000948774861172,0.000124964222778,0.00176541157998,-0.00103725143708],[-0.000148192193592,0.0000983310601441,-0.000422172568506,-0.0000649715439067,0.00119385647122,-0.00351254502311,-0.00186812505126,0.012899053283,-0.00517537677661,0.00133030477446,-0.00109169946518,0.00095811317442,0.00242321076803],[0.000179402137292,-0.000977794756182,-0.00153773045167,0.00113086251076,-0.0000155398502102,0.00186128041241,-0.00290697882883,-0.00517537677661,0.0236197877675,-0.0114589734003,0.00327390152961,-0.00187380169518,0.00048559505376],[-0.0000599426311965,0.000043700052629,0.000143961951835,-0.00231321388856,0.00100000924431,-0.0000785139127402,0.000948774861172,0.00133030477446,-0.0114589734003,0.0258979927748,-0.0127188293263,0.000454572989838,-0.000355249649147],[-0.000213150473428,-0.0000697322975611,-0.000826737086754,0.00135460065212,-0.0013021613704,0.00106658635195,0.000124964222778,-0.00109169946518,0.00327390152961,-0.0127188293263,0.0237121265382,-0.0110694020987,0.00257897609845],[0.00016209212481,0.0000697009891155,0.00142370734829,-0.000759316375479,-0.00108945055399,-0.000599558406975,0.00176541157998,0.00095811317442,-0.00187380169518,0.000454572989838,-0.0110694020987,0.0286618545651,-0.0119618382305],[-0.00020436932391,-0.000351583265001,-0.00140978419222,0.000191130413441,0.0012550430838,-0.0020340855699,-0.00103725143708,0.00242321076803,0.00048559505376,-0.000355249649147,0.00257897609845,-0.0119618382305,0.0270490739495]],"mean":[-633.885131836,167.203262329,-45.3453330994,23.4142417908,8.64961910248,23.3953762054,4.09343290329,9.38454914093,6.08228826523,7.10522651672,4.42879104614,6.87359905243,5.2896528244]},"pitch_salience":{"dmean":0.0934199914336,"dmean2":0.152361780405,"dvar":0.00695711979643,"dvar2":0.0179293490946,"max":0.828215122223,"mean":0.536372900009,"median":0.548490107059,"min":0.0970989912748,"var":0.0162329319865},"silence_rate_20dB":{"dmean":0,"dmean2":0,"dvar":0,"dvar2":0,"max":1,"mean":1,"median":1,"min":1,"var":0},"silence_rate_30dB":{"dmean":0.0992894917727,"dmean2":0.198597073555,"dvar":0.0894430428743,"dvar2":0.181192561984,"max":1,"mean":0.897531628609,"median":1,"min":0,"var":0.0919663012028},"silence_rate_60dB":{"dmean":0.00273273815401,"dmean2":0.00546597409993,"dvar":0.00272542820312,"dvar2":0.00561891263351,"max":1,"mean":0.0187630932778,"median":0,"min":0,"var":0.0184100195765},"spectral_centroid":{"dmean":196.008560181,"dmean2":279.237579346,"dvar":45976.0976562,"dvar2":75289.6484375,"max":10982.0136719,"mean":1468.7364502,"median":1361.9765625,"min":217.503814697,"var":305417.375},"spectral_complexity":{"dmean":3.76334476471,"dmean2":5.55361223221,"dvar":11.5911464691,"dvar2":20.445734024,"max":62,"mean":30.5806541443,"median":29,"min":0,"var":103.877845764},"spectral_contrast_coeffs":{"dmean":[0.0504052639008,0.0492165200412,0.0404525995255,0.0288583599031,0.0241789612919,0.0390589535236],"dmean2":[0.0846353620291,0.0820624753833,0.0676480159163,0.0491158515215,0.0400589108467,0.0595548823476],"dvar":[0.00160270463675,0.00145045528188,0.00103069387842,0.000500493100844,0.000446485588327,0.00113541109022],"dvar2":[0.004399869591,0.00398116605356,0.00283129769377,0.00143006118014,0.0011793076992,0.00261370791122],"max":[-0.346449166536,-0.508592426777,-0.51902025938,-0.579800009727,-0.620510101318,-0.409925341606],"mean":[-0.721900105476,-0.777695119381,-0.788982450962,-0.79773247242,-0.785688519478,-0.735730648041],"median":[-0.725481688976,-0.785167396069,-0.796014785767,-0.799775242805,-0.78767490387,-0.736329138279],"min":[-0.964591085911,-0.977928876877,-0.984530627728,-0.980395078659,-0.968244373798,-0.961818635464],"var":[0.00382419256493,0.00392582220957,0.00321184028871,0.00139474519528,0.0013688801555,0.00647430680692]},"spectral_contrast_valleys":{"dmean":[0.400129616261,0.350616395473,0.286645501852,0.22672906518,0.265680968761,0.574397146702],"dmean2":[0.662180840969,0.57718449831,0.465596526861,0.367181897163,0.372735202312,0.906182646751],"dvar":[0.121238380671,0.101072505116,0.0760856717825,0.0599372573197,0.100395724177,0.242279082537],"dvar2":[0.288498669863,0.225199431181,0.150433212519,0.107168957591,0.168226405978,0.622800946236],"max":[-4.72195625305,-4.51221084595,-5.11406135559,-5.24679660797,-5.53035163879,-8.79607391357],"mean":[-6.66003847122,-6.34843730927,-6.46573209763,-6.4938044548,-7.31801462173,-10.9540653229],"median":[-6.52878046036,-6.2535443306,-6.34440851212,-6.35400629044,-7.1735701561,-10.8933649063],"min":[-27.2648792267,-27.0567684174,-27.4856910706,-27.1620445251,-27.0736923218,-27.2156352997],"var":[0.874768912792,0.778934299946,0.770731329918,0.792346894741,1.14585101604,0.686585843563]},"spectral_decrease":{"dmean":6.38898667304e-9,"dmean2":1.06031627922e-8,"dvar":1.05396580942e-16,"dvar2":2.76444104822e-16,"max":5.9087121862e-9,"mean":-1.01416652853e-8,"median":-7.61450102971e-9,"min":-1.0960776109e-7,"var":1.12651093881e-16},"spectral_energy":{"dmean":0.0244761072099,"dmean2":0.0402704961598,"dvar":0.00147878169082,"dvar2":0.00387410703115,"max":0.44341608882,"mean":0.0647159144282,"median":0.0569402612746,"min":1.01346734105e-20,"var":0.00173681613524},"spectral_energyband_high":{"dmean":0.000466004421469,"dmean2":0.000644030806143,"dvar":0.00000182067026344,"dvar2":0.00000301071531794,"max":0.0884886011481,"mean":0.00160018994939,"median":0.00110526685603,"min":7.30342481306e-21,"var":0.00000451554569736},"spectral_energyband_low":{"dmean":0.0216198358685,"dmean2":0.0364224277437,"dvar":0.00144268246368,"dvar2":0.00383907952346,"max":0.402753025293,"mean":0.0296254213899,"median":0.0191639382392,"min":1.14637620156e-22,"var":0.00137079041451},"spectral_energyband_middle_high":{"dmean":0.00376782566309,"dmean2":0.00584046775475,"dvar":0.0000211028436752,"dvar2":0.0000507014738105,"max":0.113978989422,"mean":0.0128717785701,"median":0.0112685970962,"min":1.52340385249e-21,"var":0.0000814080194687},"spectral_energyband_middle_low":{"dmean":0.00381426955573,"dmean2":0.00598659971729,"dvar":0.0000272204815701,"dvar2":0.0000632789960946,"max":0.0838640034199,"mean":0.00904300995171,"median":0.00663565983996,"min":2.80612616707e-22,"var":0.0000663678583805},"spectral_entropy":{"dmean":0.115147985518,"dmean2":0.175362378359,"dvar":0.0125486077741,"dvar2":0.0271660275757,"max":9.80648708344,"mean":7.59308242798,"median":7.62256813049,"min":5.90409803391,"var":0.0778577625751},"spectral_flux":{"dmean":0.0350725762546,"dmean2":0.05770611763,"dvar":0.00197874987498,"dvar2":0.00463018799201,"max":0.534872949123,"mean":0.147496700287,"median":0.138120755553,"min":0.0000158599377755,"var":0.00368716451339},"spectral_kurtosis":{"dmean":6.18602323532,"dmean2":9.59373569489,"dvar":52.1046295166,"dvar2":128.110839844,"max":93.6116790771,"mean":28.4239826202,"median":25.5346279144,"min":-1.19206786156,"var":172.84954834},"spectral_rms":{"dmean":0.00133800588083,"dmean2":0.00214458536357,"dvar":0.0000026236116355,"dvar2":0.00000664140270601,"max":0.0207990631461,"mean":0.00759388040751,"median":0.007453286089,"min":3.14443740143e-12,"var":0.0000054702777561},"spectral_rolloff":{"dmean":4858.86279297,"dmean2":9303.88574219,"dvar":58325756,"dvar2":136006704,"max":22028.4667969,"mean":16258.6376953,"median":20693.4082031,"min":21.533203125,"var":66654268},"spectral_skewness":{"dmean":0.429555296898,"dmean2":0.638448476791,"dvar":0.211459621787,"dvar2":0.475576817989,"max":8.08917045593,"mean":3.64376163483,"median":3.44394183159,"min":0.0316455028951,"var":1.14925920963},"spectral_spread":{"dmean":382052.625,"dmean2":601297.4375,"dvar":292598120448,"dvar2":472126881792,"max":41079008,"mean":3531552.5,"median":3438213.25,"min":1821779.875,"var":992227885056},"spectral_strongpeak":{"dmean":3.86972427368,"dmean2":7.21838903427,"dvar":190.040222168,"dvar2":511.660614014,"max":190.488891602,"mean":3.29054474831,"median":0.345777928829,"min":0,"var":170.324310303},"zerocrossingrate":{"dmean":0.0396883077919,"dmean2":0.0523970201612,"dvar":0.00108773214743,"dvar2":0.00185117835645,"max":0.9140625,"mean":0.304517328739,"median":0.298828125,"min":0.03515625,"var":0.00775438779965}},"metadata":{"audio_properties":{"analysis_sample_rate":44100,"bit_rate":320000,"codec":"mp3","downmix":"mix","equal_loudness":0,"length":254.903915405,"lossless":false,"md5_encoded":"81c67718b945e2eec96a1e49912fd0a3","replay_gain":-8.45569992065,"sample_rate":44100},"tags":{"album":["No Rest for the Wicked"],"albumartist":["Ozzy Osbourne"],"albumartistsort":["LBUMARTISTSORT","Osbourne, Ozzy"],"artist":["Ozzy Osbourne"],"artistsort":["Osbourne, Ozzy"],"asin":["SIN"],"composer":["Bob Daisley/Ozzy Osbourne/Randy Castillo/Zakk Wylde"],"date":["1988"],"discnumber":["1/1"],"file_name":"03. Ozzy Osbourne - Crazy Babies.mp3","genre":["Heavy Metal"],"label":["Sony/Columbia"],"language":["eng"],"musicbrainz album release country":["us"],"musicbrainz album status":["usicBrai"],"musicbrainz album type":["usicB"],"musicbrainz_albumartistid":["usicBrainz Album Artist Id"],"musicbrainz_albumid":["usicBrainz Album Id"],"musicbrainz_artistid":["usicBrainz Artist Id"],"musicbrainz_recordingid":["0ff63ab4-76fa-4e29-8d20-7774c558db34"],"originaldate":["1988"],"script":["CRIP"],"title":["Crazy Babies"],"tracknumber":["3/9"]},"version":{"essentia":"2.1-beta1","essentia_build_sha":"ca57ba49d9b1854bd80e60cf9ccf267278fb7d6b","essentia_git_sha":"v2.1_beta1-28-g21ef5f4-dirty","extractor":"music 1.0"}},"rhythm":{"beats_count":526,"beats_loudness":{"dmean":0.0282679833472,"dmean2":0.0501733832061,"dvar":0.000705177895725,"dvar2":0.00210873782635,"max":0.22536188364,"mean":0.0734968855977,"median":0.0687793642282,"min":2.77013384675e-7,"var":0.00101908156648},"beats_loudness_band_ratio":{"dmean":[0.228531435132,0.0386433936656,0.0605176798999,0.0829462483525,0.0705634057522,0.101033478975],"dmean2":[0.412608057261,0.0701935514808,0.106265805662,0.147401586175,0.133974269032,0.183002889156],"dvar":[0.0298657026142,0.00253214524128,0.00570339523256,0.00738898199052,0.00449828617275,0.00703072268516],"dvar2":[0.101315140724,0.00746090430766,0.0170814376324,0.0206950753927,0.0151744401082,0.0239176210016],"max":[0.889684259892,0.39094260335,0.575348317623,0.66584