{"lowlevel":{"average_loudness":0.958572328091,"barkbands":{"dmean":[0.00267084664665,0.00648010708392,0.00222351867706,0.00187087384984,0.00287585007027,0.00281908595935,0.00250797905028,0.00141791184433,0.00110476918053,0.00126960268244,0.000706495542545,0.000517897948157,0.00050731562078,0.000314464239636,0.00022360602452,0.00017471506726,0.000186315184692,0.00011889556481,0.000130439584609,0.000087433923909,0.0000660266596242,0.0000718263327144,0.0000298751638184,0.00000731081672711,0.00000313803775498,0.0000123551908473,0.00028864457272],"dmean2":[0.004626119975,0.0108586279675,0.00379195413552,0.00322007900104,0.00490515399724,0.00479811383411,0.00425232388079,0.00238949246705,0.00187803688459,0.00216595828533,0.00121656688862,0.000883782224264,0.000855204823893,0.000528277945705,0.000374525348889,0.000291685428238,0.000305619061692,0.000195651766262,0.000194292282686,0.00013747678895,0.0000927633591346,0.00010463684157,0.0000452860404039,0.0000112473489935,0.00000523711105416,0.0000185933549801,0.000413498433772],"dvar":[0.00003217358244,0.000177675916348,0.0000115019720397,0.00000998071391223,0.0000202379633265,0.0000123985537357,0.0000128718356791,0.00000540879136679,0.0000018987062731,0.00000423523897553,0.00000118487275813,6.38369556327e-7,8.70951339493e-7,3.47430585634e-7,1.13760258103e-7,9.00203076526e-8,6.13947008787e-8,3.39136896343e-8,9.65471969039e-8,2.56186449832e-8,1.0180960075e-8,1.38998128563e-8,2.7229902777e-9,1.18122470139e-10,2.08724669493e-11,3.57500723469e-10,4.53853630233e-7],"dvar2":[0.0000875383339007,0.000476105138659,0.0000304394543491,0.000028067637686,0.0000549261749256,0.0000343532556144,0.0000354795774911,0.0000146093825606,0.0000053996918723,0.0000116138835438,0.00000340592441717,0.00000180745371381,0.00000223679944611,8.53534402268e-7,2.88426861061e-7,2.26821484262e-7,1.58791479521e-7,8.46796979204e-8,2.0301675363e-7,5.98316844957e-8,1.96788434437e-8,2.85776682318e-8,5.38461808475e-9,2.33749380962e-10,5.39614637696e-11,6.82591705381e-10,8.94985134892e-7],"max":[0.0932026952505,0.14939211309,0.0369152501225,0.0411241613328,0.0648910328746,0.0479403436184,0.0590439513326,0.0525517314672,0.0206143762916,0.0501220040023,0.0256997942924,0.0183513108641,0.0238391067833,0.0256042554975,0.00857822783291,0.0125005915761,0.00554961711168,0.00369327818044,0.00839947536588,0.00427885679528,0.00242140027694,0.00125553179532,0.000540614128113,0.000116865747259,0.0000422710327257,0.000261326349573,0.0208303257823],"mean":[0.00287732155994,0.00872899033129,0.00276675564237,0.0023308370728,0.00432540010661,0.00439464021474,0.00372223532759,0.00219156965613,0.00198136200197,0.00206840177998,0.00113912287634,0.000946011336055,0.000910187605768,0.000584909284953,0.00045539115672,0.000344455591403,0.000363349914551,0.000241207686486,0.000300133076962,0.000218067478272,0.000180292947334,0.000164912125911,0.000059992493334,0.0000122802330225,0.0000033863113913,0.0000276762893918,0.000910353963263],"median":[0.0011909105815,0.00576606858522,0.00157598417718,0.00125264853705,0.00260926224291,0.00334090134129,0.00234504812397,0.001315549016,0.00155964167789,0.00134420243558,0.000777594395913,0.000722633034457,0.000618465594016,0.000438354763901,0.0003555000294,0.000261808774667,0.000294505502097,0.000181967654498,0.00020553226932,0.000165878140251,0.000123069155961,0.0000861854568939,0.0000332404233632,0.00000688784393788,0.00000159665660249,0.0000185594071809,0.000603523803875],"min":[2.2139276225e-14,2.25710970097e-14,6.01487921427e-15,2.69634536968e-15,4.93478006939e-15,1.90284172831e-15,2.26147653697e-15,2.69032635355e-15,2.42886845856e-15,1.6481677202e-15,6.78464285147e-16,4.84655576458e-16,4.43462378999e-16,1.83962572717e-16,5.38928312581e-16,3.82694011902e-16,6.48771809878e-16,4.10462266542e-16,2.24336993718e-16,2.3932422528e-15,3.56255620165e-15,9.41320673888e-15,9.90770372645e-15,8.45617724606e-15,4.87033864979e-15,9.50362411787e-15,1.18755814915e-14],"var":[0.0000342042876582,0.000159555624123,0.0000141893260661,0.0000113654841698,0.0000303757678921,0.0000190661503439,0.0000195936190721,0.0000101753348645,0.00000346500291926,0.00000687141482558,0.00000185197473002,0.00000105716537746,0.00000144451792039,5.67999904888e-7,2.53745326972e-7,1.78586986976e-7,1.21554919019e-7,6.91288164489e-8,2.91970451372e-7,7.0566670729e-8,3.71447193004e-8,4.47001440307e-8,6.22903684189e-9,2.39687075743e-10,2.32686543644e-11,9.70634683739e-10,0.00000233586661125]},"barkbands_crest":{"dmean":2.68650436401,"dmean2":4.53350448608,"dvar":6.33928203583,"dvar2":17.8733215332,"max":26.2731285095,"mean":8.38844299316,"median":7.19503116608,"min":2.49034452438,"var":16.4962806702},"barkbands_flatness_db":{"dmean":0.0216032285243,"dmean2":0.0352171510458,"dvar":0.000622552237473,"dvar2":0.00185961998068,"max":0.535510957241,"mean":0.112343199551,"median":0.0991793125868,"min":0.0276950970292,"var":0.00250341068022},"barkbands_kurtosis":{"dmean":4.77333879471,"dmean2":8.34635925293,"dvar":499.471557617,"dvar2":1718.99316406,"max":825.530578613,"mean":7.70800876617,"median":3.92851114273,"min":-1.81497347355,"var":446.294647217},"barkbands_skewness":{"dmean":0.531945824623,"dmean2":0.890550434589,"dvar":0.635035991669,"dvar2":1.97948551178,"max":20.7646446228,"mean":1.97840344906,"median":1.73401904106,"min":-1.51122260094,"var":1.56932628155},"barkbands_spread":{"dmean":5.9313082695,"dmean2":9.30669784546,"dvar":36.0369224548,"dvar2":85.6869888306,"max":116.804718018,"mean":25.1211299896,"median":23.2775535583,"min":0.168951198459,"var":193.912261963},"dissonance":{"dmean":0.0161641687155,"dmean2":0.0277712829411,"dvar":0.000222015805775,"dvar2":0.000622891529929,"max":0.500000119209,"mean":0.476298838854,"median":0.480373203754,"min":0.286342054605,"var":0.000339035905199},"dynamic_complexity":4.07211923599,"erbbands":{"dmean":[0.273087829351,1.2143291235,2.43063187599,4.56520223618,6.67629909515,11.6538028717,18.8829307556,24.8021125793,37.1982688904,29.7419586182,28.4526615143,24.9247303009,35.1078987122,32.1793022156,26.3800621033,18.5006637573,23.3841762543,15.3263454437,12.9373874664,9.09451198578,9.66942501068,9.95568847656,6.39910268784,5.91485881805,6.39208126068,4.26929616928,2.91451668739,2.59350419044,2.91425704956,1.52509212494,0.697591245174,0.216446101665,0.100007586181,0.0399409532547,0.0203442983329,0.0204017199576,0.0234350766987,0.0313954874873,0.025164399296,0.00728530576453],"dmean2":[0.465739935637,2.0491039753,4.18003368378,7.84775590897,11.5615472794,19.9005088806,31.9052715302,42.4700088501,63.1508216858,50.1027679443,48.0825042725,42.3065032959,60.015586853,55.1744270325,45.225933075,31.1395072937,39.5666770935,25.8030700684,21.4774913788,15.2054624557,15.951757431,16.2096862793,10.4621906281,9.08414649963,9.54217529297,6.73068237305,4.18543481827,3.66486954689,4.19537258148,2.18162727356,1.05542480946,0.324271321297,0.157971099019,0.0657035261393,0.0339871160686,0.0326345525682,0.0340861342847,0.0428597219288,0.0344966128469,0.0107687432319],"dvar":[0.437846899033,4.97459697723,13.2980489731,64.2784347534,113.394668579,383.074432373,744.878601074,930.312683105,3182.11303711,2316.29345703,1821.12145996,962.100463867,3380.75146484,2301.20458984,1917.37353516,683.022277832,2053.24511719,618.688354492,582.950439453,181.839523315,239.456634521,176.256820679,92.6845016479,117.423324585,271.785339355,47.1054649353,22.2820892334,14.6459627151,23.1516971588,5.88998126984,1.406645298,0.105323418975,0.0240858402103,0.00328790489584,0.000926441978663,0.000863344583195,0.00119050883222,0.00202099932358,0.0063466494903,0.000236942156334],"dvar2":[1.16478574276,13.8159627914,37.185874939,180.224807739,308.302459717,1063.82873535,1967.98791504,2614.75976562,8787.21191406,6343.48681641,4820.46191406,2727.90380859,9266.3203125,6390.01416016,5448.51855469,1865.77880859,5275.35400391,1641.50708008,1401.16589355,430.387420654,602.647460938,451.362823486,230.714996338,253.227539062,573.588989258,109.112213135,44.569065094,29.2293605804,47.3761444092,9.75660991669,2.75482869148,0.205278337002,0.0507393702865,0.00828070845455,0.00241555832326,0.00195235433057,0.00221558799967,0.00340714422055,0.012455092743,0.000483406591229],"max":[8.1564655304,25.8322582245,45.6311912537,101.795600891,183.226516724,298.837615967,381.827178955,345.017852783,1056.52087402,790.097473145,1065.65771484,499.662261963,1629.33813477,781.909973145,1204.85058594,483.595703125,1159.7019043,561.601745605,983.13092041,378.67666626,481.626556396,293.685211182,183.82850647,311.045349121,460.13092041,171.241195679,148.487319946,83.8961029053,52.3114509583,33.1806678772,12.1421699524,4.32501983643,1.86712622643,0.613865733147,0.295849561691,0.333572864532,0.503948271275,0.934071779251,2.78708267212,0.493707686663],"mean":[0.324370652437,1.64354407787,3.34222197533,6.15402698517,9.10468292236,15.8940486908,26.9725780487,37.7605781555,54.3351860046,48.107257843,47.7423019409,45.3193244934,59.1167297363,56.1953315735,47.3503875732,37.8220481873,43.1490287781,31.3231220245,27.4026756287,20.025062561,19.8558559418,20.32462883,14.1211853027,13.8086185455,14.7229089737,10.7546482086,7.64795207977,7.00153779984,6.5414147377,3.59142446518,1.46158969402,0.427196919918,0.140451699495,0.0464873425663,0.0222197119147,0.0292814038694,0.0548434667289,0.0898388549685,0.0747497528791,0.0275616142899],"median":[0.165657430887,1.10911941528,2.28300213814,3.57541584969,5.4763917923,8.71230220795,17.5805931091,28.6042861938,34.4920272827,31.3859043121,32.032043457,35.6344985962,39.8486976624,39.0360031128,33.7479553223,29.9587364197,29.7577514648,24.1933403015,21.7479877472,15.6679439545,15.3899297714,16.6067199707,11.5714664459,10.0815219879,9.92096996307,8.02411460876,5.4797410965,4.50034809113,3.34991264343,1.87019181252,0.809675633907,0.266559660435,0.0628475919366,0.0226359255612,0.0109455781057,0.015701521188,0.0375914722681,0.0582033768296,0.0422814786434,0.0191162638366],"min":[9.90821248832e-13,3.91098394989e-12,7.33667120112e-12,8.47507480861e-12,1.15427997022e-11,1.79602010347e-11,1.65811583214e-11,1.60665716842e-11,2.92078826403e-11,4.09071873597e-11,6.37407071569e-11,5.37524330602e-11,5.93744428623e-11,3.77269465668e-11,2.48790363311e-11,1.96755563231e-11,1.99729208866e-11,1.25002586407e-11,1.32330596134e-11,4.05261553482e-11,1.61544094074e-11,3.42498286676e-11,2.68556253624e-11,1.15676166562e-11,5.91283202955e-11,1.02664599044e-10,5.06311936821e-11,2.52750098628e-10,3.50252798986e-10,4.32702207398e-10,1.78051948185e-10,2.19858437012e-10,8.96460822242e-11,4.9437971078e-11,4.02547509215e-11,5.07465527932e-11,1.43592178078e-11,8.76849547832e-12,1.17306750251e-12,1.31036796539e-13],"var":[0.379005789757,4.49840450287,15.46347332,72.3288192749,145.481658936,492.259216309,1094.63012695,1379.72802734,4536.09912109,3879.57226562,3696.28515625,1794.92114258,5158.14306641,3880.68237305,3241.8203125,1413.43347168,3302.41870117,1122.84423828,1134.48718262,470.256591797,496.902374268,367.515899658,201.545166016,380.287536621,768.925292969,151.023300171,70.5226211548,55.6389007568,72.4336929321,21.1865673065,3.46581411362,0.2458768785,0.0413576029241,0.00404784362763,0.00100601546001,0.00142543890979,0.00366977136582,0.00967894122005,0.0306474920362,0.00129668973386]},"erbbands_crest":{"dmean":2.22242546082,"dmean2":3.76188611984,"dvar":4.70915365219,"dvar2":12.786655426,"max":29.6449584961,"mean":6.94774580002,"median":6.12822723389,"min":2.13509726524,"var":10.6131839752},"erbbands_flatness_db":{"dmean":0.0165158286691,"dmean2":0.0263238251209,"dvar":0.000252718717093,"dvar2":0.000636043143459,"max":0.331606566906,"mean":0.130779281259,"median":0.128479808569,"min":0.030694598332,"var":0.000885187531821},"erbbands_kurtosis":{"dmean":0.810005784035,"dmean2":1.35604190826,"dvar":3.87614870071,"dvar2":11.0896921158,"max":52.7349357605,"mean":0.349729716778,"median":0.0265710353851,"min":-1.76213133335,"var":4.57826805115},"erbbands_skewness":{"dmean":0.317683875561,"dmean2":0.51184874773,"dvar":0.107249520719,"dvar2":0.2748221457,"max":6.16240262985,"mean":0.507305145264,"median":0.529295086861,"min":-4.78527784348,"var":0.348982036114},"erbbands_spread":{"dmean":5.93502378464,"dmean2":9.37052440643,"dvar":32.2405052185,"dvar2":73.8880004883,"max":96.6741333008,"mean":32.8928985596,"median":30.9108314514,"min":2.77115750313,"var":144.981124878},"gfcc":{"cov":[[14622.5429688,199.170791626,-891.053405762,-331.406799316,-262.824645996,-674.734375,687.156616211,-122.630439758,481.128997803,-62.4572639465,21.5490055084,336.780212402,-53.7723884583],[199.170791626,651.538452148,92.6563110352,-96.0119857788,112.361503601,-14.2551383972,58.3759651184,-44.6913948059,57.9704437256,-1.33587741852,29.1920814514,-35.6539802551,23.1224994659],[-891.053405762,92.6563110352,304.745819092,92.7349319458,-0.882630109787,119.715316772,-90.0039825439,55.180973053,-57.2416000366,35.1443977356,3.52145910263,-28.2562065125,28.1010112762],[-331.406799316,-96.0119857788,92.7349319458,208.460998535,21.3361988068,30.6417198181,-21.3083095551,-4.58432483673,-21.9225292206,7.24026489258,-23.710515976,13.1110954285,-17.5442218781],[-262.824645996,112.361503601,-0.882630109787,21.3361988068,156.908996582,15.9430303574,22.7009315491,-0.380049943924,8.32039546967,-12.030752182,21.0799255371,-35.491809845,3.24331974983],[-674.734375,-14.2551383972,119.715316772,30.6417198181,15.9430303574,161.789108276,-63.9490280151,62.6410140991,-48.9167861938,28.9806556702,-3.48501157761,-21.2986240387,18.2923316956],[687.156616211,58.3759651184,-90.0039825439,-21.3083095551,22.7009315491,-63.9490280151,158.02293396,-18.3800163269,76.3351821899,-7.18594408035,16.986448288,28.6438274384,-19.1728363037],[-122.630439758,-44.6913948059,55.180973053,-4.58432483673,-0.380049943924,62.6410140991,-18.3800163269,135.653305054,3.463742733,30.371799469,14.5529232025,-12.0955705643,28.1887626648],[481.128997803,57.9704437256,-57.2416000366,-21.9225292206,8.32039546967,-48.9167861938,76.3351821899,3.463742733,97.2966918945,21.6863574982,15.3574323654,19.1292362213,-14.7621507645],[-62.4572639465,-1.33587741852,35.1443977356,7.24026489258,-12.030752182,28.9806556702,-7.18594408035,30.371799469,21.6863574982,61.8695068359,30.3332958221,5.11001729965,9.03443431854],[21.5490055084,29.1920814514,3.52145910263,-23.710515976,21.0799255371,-3.48501157761,16.986448288,14.5529232025,15.3574323654,30.3332958221,60.1938591003,16.7141017914,12.7058868408],[336.780212402,-35.6539802551,-28.2562065125,13.1110954285,-35.491809845,-21.2986240387,28.6438274384,-12.0955705643,19.1292362213,5.11001729965,16.7141017914,64.9312973022,9.38755989075],[-53.7723884583,23.1224994659,28.1010112762,-17.5442218781,3.24331974983,18.2923316956,-19.1728363037,28.1887626648,-14.7621507645,9.03443431854,12.7058868408,9.38755989075,49.4216308594]],"icov":[[0.000114992559247,-0.000101910234662,0.000188765989151,0.0000350461596099,0.000127083985717,0.000268103525741,-0.00024289029534,-0.000204253199627,0.0000047512198762,-0.000132507469971,0.000275591417449,-0.000416562979808,0.0000265201142611],[-0.000101910234662,0.00343281170353,-0.00328436703421,0.00281628570519,-0.00284903915599,0.000302723317873,-0.000656060758047,0.00254132132977,-0.00252358987927,0.0000258708969341,0.00111513480078,0.000406312261475,-0.00160120951477],[0.000188765989151,-0.00328436703421,0.0103786066175,-0.00747114187106,0.00688343821093,-0.00472167041153,0.00153094134293,-0.00144308130257,-0.000197406698135,0.00328093580902,-0.00741326576099,0.00681982189417,-0.00414676964283],[0.0000350461596099,0.00281628570519,-0.00747114187106,0.0145372832194,-0.0116841094568,0.00561471655965,-0.00110007228795,-0.000863582012244,0.00647871987894,-0.0125504648313,0.0166753828526,-0.0156731344759,0.00980301387608],[0.000127083985717,-0.00284903915599,0.00688343821093,-0.0116841094568,0.0214250553399,-0.00878604874015,-0.000663546146825,0.00275190896355,-0.00992413144559,0.0188811644912,-0.0227914918214,0.0216965805739,-0.0112491147593],[0.000268103525741,0.000302723317873,-0.00472167041153,0.00561471655965,-0.00878604874015,0.017218593508,-0.000771877064835,-0.00649644434452,0.0117926979437,-0.0158448815346,0.0147484568879,-0.0115089565516,0.00725078675896],[-0.00024289029534,-0.000656060758047,0.00153094134293,-0.00110007228795,-0.000663546146825,-0.000771877064835,0.0137401083484,-0.000193904794287,-0.00873049348593,0.00601116521284,-0.00450759613886,-0.00201109214686,0.00238612713292],[-0.000204253199627,0.00254132132977,-0.00144308130257,-0.000863582012244,0.00275190896355,-0.00649644434452,-0.000193904794287,0.014627716504,-0.00884504523128,0.00420755427331,-0.00653894431889,0.00968420226127,-0.0106613552198],[0.0000047512198762,-0.00252358987927,-0.000197406698135,0.00647871987894,-0.00992413144559,0.0117926979437,-0.00873049348593,-0.00884504523128,0.0361275859177,-0.0275523103774,0.0187876131386,-0.0177694261074,0.0159155223519],[-0.000132507469971,0.0000258708969341,0.00328093580902,-0.0125504648313,0.0188811644912,-0.0158448815346,0.00601116521284,0.00420755427331,-0.0275523103774,0.0544502660632,-0.0393420681357,0.0239803586155,-0.014543460682],[0.000275591417449,0.00111513480078,-0.00741326576099,0.0166753828526,-0.0227914918214,0.0147484568879,-0.00450759613886,-0.00653894431889,0.0187876131386,-0.0393420681357,0.056205265224,-0.0329811051488,0.0125492103398],[-0.000416562979808,0.000406312261475,0.00681982189417,-0.0156731344759,0.0216965805739,-0.0115089565516,-0.00201109214686,0.00968420226127,-0.0177694261074,0.0239803586155,-0.0329811051488,0.0500390045345,-0.0242697894573],[0.0000265201142611,-0.00160120951477,-0.00414676964283,0.00980301387608,-0.0112491147593,0.00725078675896,0.00238612713292,-0.0106613552198,0.0159155223519,-0.014543460682,0.0125492103398,-0.0242697894573,0.040707256645]],"mean":[20.5209274292,94.5698242188,-94.6068344116,-0.72825884819,-25.5259857178,-22.1881999969,4.08616113663,-21.6644916534,1.5543192625,-6.81021356583,-5.2718667984,2.29398918152,-9.79881000519]},"hfc":{"dmean":42.7598495483,"dmean2":70.4324645996,"dvar":3072.54077148,"dvar2":8375.37792969,"max":1190.41564941,"mean":170.168609619,"median":152.192459106,"min":6.58184284852e-10,"var":14555.5507812},"melbands":{"dmean":[0.0020657395944,0.0013160801027,0.00078093848424,0.000621595594566,0.000603433523793,0.000554367608856,0.000537016836461,0.000312151270919,0.000228825883823,0.00015880454157,0.000182560441317,0.000142292148666,0.0000928157605813,0.0000637708290014,0.000054232601542,0.0000463760225102,0.0000303492633975,0.0000241865327553,0.0000169334834936,0.0000118112811833,0.0000120547392726,0.0000119934720715,0.00000808337063063,0.00000575935109737,0.00000514608473168,0.00000630687782177,0.00000354664643964,0.00000283482290797,0.0000020223451429,0.00000193467644749,0.00000153719361151,0.00000192823995349,0.00000137407278089,8.22160586722e-7,5.01036765854e-7,1.90755912399e-7,1.18846259056e-7,7.48110835502e-8,5.01969026345e-8,3.05453724536e-8],"dmean2":[0.00348525331356,0.00223379558884,0.00132663617842,0.00106422638055,0.00102017133031,0.000947149703279,0.000910957925953,0.000524451606907,0.00038880444481,0.000270693097264,0.000312288582791,0.000244330731221,0.000159241113579,0.000108707092295,0.0000913575422601,0.0000781348571763,0.0000514241910423,0.0000403735430154,0.0000285920486931,0.0000198657289729,0.0000199715959752,0.0000196666460397,0.000013422363736,0.00000950658795773,0.00000806915340945,0.00000978521347861,0.00000552489700567,0.00000457687519884,0.00000302732246382,0.00000290325783681,0.00000229277520702,0.00000276116202258,0.00000218853188017,0.00000116665182759,7.88209717939e-7,2.88033021434e-7,1.84718615515e-7,1.18523736603e-7,8.17715459789e-8,5.10658004771e-8],"dvar":[0.0000215968029806,0.00000393081472794,0.00000171469923771,0.00000107264099825,7.60524926591e-7,4.58993753227e-7,6.17492219135e-7,2.71978564115e-7,1.08955731548e-7,3.95062613734e-8,9.1835687499e-8,4.65404426109e-8,2.11810018413e-8,1.09511120172e-8,7.70475150347e-9,6.60902799154e-9,2.54445065018e-9,2.30968866255e-9,7.06174119181e-10,4.39190211976e-10,3.13355674741e-10,2.72990463568e-10,1.3733801596e-10,7.93782192754e-11,9.19418291501e-11,2.69182287571e-10,7.68825836328e-11,1.84349115834e-11,1.12403602051e-11,9.11954452926e-12,4.72638031143e-12,1.02036989968e-11,5.18192303303e-12,1.9190265696e-12,7.91006691571e-13,7.16513301599e-14,3.45839723775e-14,1.30160029348e-14,6.13652839209e-15,2.0099479857e-15],"dvar2":[0.0000571726995986,0.0000111081917566,0.00000477889716421,0.00000296509574582,0.00000201214311346,0.00000128513795516,0.00000171088515799,7.39279187201e-7,2.92252394729e-7,1.11596584418e-7,2.50847079997e-7,1.29250210534e-7,6.04871814858e-8,3.09132914822e-8,2.00718819343e-8,1.69718905596e-8,6.80344580672e-9,5.49941292505e-9,1.80114656523e-9,1.11160514127e-9,8.00424837522e-10,7.08082981138e-10,3.56623092168e-10,2.06156106075e-10,2.08441250371e-10,6.21070972429e-10,1.67079142188e-10,4.51320682215e-11,2.46814044896e-11,2.02805324617e-11,1.01783486153e-11,2.11686484314e-11,1.28067374414e-11,3.32943807073e-12,1.68151148387e-12,1.44016160217e-13,7.34526710831e-14,2.84061036954e-14,1.46349217602e-14,5.17470681038e-15],"max":[0.0556478723884,0.0212466754019,0.0153359360993,0.0173544269055,0.0138093614951,0.00852393731475,0.0142333386466,0.00983528420329,0.00750975497067,0.00345605472103,0.00850151572376,0.00376615230925,0.00358309433796,0.00262521766126,0.00238518510014,0.00191658083349,0.00126748392358,0.0022280337289,0.000684609112795,0.000968622975051,0.000428235653089,0.000341162580298,0.000237554573687,0.00013812367979,0.000291605887469,0.000464634242235,0.000274626188911,0.0000987380408333,0.000107207422843,0.0000619618294877,0.000047398305469,0.0000367300235666,0.0000265750204562,0.0000166552435985,0.00000876296871866,0.00000316854971061,0.00000247928596764,0.00000137436143177,8.79769459061e-7,4.32215387036e-7],"mean":[0.00275959982537,0.00196842593141,0.00113727501594,0.000878572172951,0.00091293087462,0.000871309603099,0.000805243733339,0.000512335158419,0.000381402176572,0.000279078347376,0.000299074425129,0.000235548897763,0.00015838885156,0.000114251844934,0.0000981359917205,0.0000830788485473,0.0000556176673854,0.0000456330853922,0.0000328669048031,0.000022625163183,0.0000228738445003,0.0000223036895477,0.0000154694535013,0.000011138084119,0.0000107466312329,0.0000128572892208,0.00000793387971498,0.00000675151113683,0.00000478548645333,0.00000446795411335,0.00000377882588509,0.0000040465879465,0.00000271145654551,0.00000170467615135,9.44424755289e-7,4.06291263744e-7,1.90888570728e-7,9.80266037232e-8,6.01768803676e-8,3.21946309612e-8],"median":[0.00165961333551,0.00147390062921,0.000703586614691,0.000507045828272,0.000615625700448,0.000675822142512,0.000524138915353,0.000327582558384,0.000260840461124,0.000218284927541,0.000196329201572,0.000158701470355,0.000109506087028,0.0000832549703773,0.0000711638567736,0.0000568155010114,0.0000412811787101,0.0000341674603987,0.0000253806210821,0.000016573281755,0.0000172674226633,0.0000173078260559,0.0000121774000945,0.00000830891804071,0.00000747028389014,0.00000828138036013,0.00000545033344679,0.00000497559449286,0.00000340235396834,0.00000280482231574,0.00000243285148827,0.00000205829837796,0.00000130568184886,8.69064592735e-7,4.9022918347e-7,2.65537380528e-7,1.06499555841e-7,4.20670254186e-8,2.4798747944e-8,1.42484850585e-8],"min":[8.62361363688e-15,4.36499244071e-15,1.55809487186e-15,1.080628964e-15,6.44608272366e-16,3.68207577982e-16,4.51967675051e-16,4.75301050467e-16,5.20151868541e-16,3.29535574091e-16,2.94764156922e-16,1.56742732205e-16,8.89352897056e-17,5.74735081944e-17,5.01318335804e-17,3.88757252409e-17,2.08779228556e-17,1.46922149497e-17,4.93910602547e-17,4.56190173997e-17,1.48649616944e-17,3.80890202301e-17,3.36579162591e-17,1.58740111996e-17,7.81264313059e-18,9.99381418113e-18,1.03690418358e-16,5.58963857861e-17,2.93485567306e-17,3.25723211144e-17,1.97328262933e-16,1.74835977999e-16,2.20913696826e-16,2.7680952013e-16,6.72274896287e-17,1.54587734804e-16,1.2070386258e-16,6.15136766818e-17,6.60402604566e-17,3.21475076216e-17],"var":[0.0000198502311832,0.0000044195380724,0.00000210575853998,0.00000141526822972,0.00000117887577744,7.04459978351e-7,9.14661711704e-7,4.82633140564e-7,2.14406796317e-7,6.99245532587e-8,1.40212364386e-7,7.5833654023e-8,3.56461526962e-8,1.75623622312e-8,1.35160886927e-8,1.12845368605e-8,4.12894252122e-9,3.97105015537e-9,1.44444434191e-9,8.64646798604e-10,6.23635476593e-10,4.9714549144e-10,2.54896548313e-10,1.48208431638e-10,2.60523158602e-10,6.17898787691e-10,2.02982491926e-10,5.21086195027e-11,2.87972371643e-11,2.65364709373e-11,1.57214692653e-11,2.95077330625e-11,1.28785515238e-11,5.26814182555e-12,1.62669324625e-12,1.94476758916e-13,6.13219869848e-14,2.11601654303e-14,8.38491805827e-15,2.21910583137e-15]},"melbands_crest":{"dmean":3.76235961914,"dmean2":6.30071783066,"dvar":13.1138114929,"dvar2":33.9129867554,"max":38.6528053284,"mean":12.650270462,"median":10.9073972702,"min":3.41053438187,"var":38.2397842407},"melbands_flatness_db":{"dmean":0.02659958601,"dmean2":0.042225047946,"dvar":0.000647467444651,"dvar2":0.00167535583023,"max":0.628333210945,"mean":0.212885409594,"median":0.201893657446,"min":0.0533121414483,"var":0.00362207647413},"melbands_kurtosis":{"dmean":5.37723302841,"dmean2":8.98641395569,"dvar":233.545120239,"dvar2":646.606140137,"max":521.339294434,"mean":10.1967439651,"median":5.2704873085,"min":-1.74337232113,"var":433.643280029},"melbands_skewness":{"dmean":0.622405946255,"dmean2":1.02518713474,"dvar":0.578068375587,"dvar2":1.53116118908,"max":18.4854888916,"mean":2.22198605537,"median":1.91869044304,"min":-1.42324006557,"var":1.90748786926},"melbands_spread":{"dmean":4.95943641663,"dmean2":8.04081630707,"dvar":30.2101764679,"dvar2":75.8573303223,"max":115.826126099,"mean":19.100976944,"median":18.0481739044,"min":0.244479551911,"var":114.600708008},"mfcc":{"cov":[[12325.0927734,974.596313477,-994.264892578,302.88671875,-1102.90625,-18.9282550812,-518.790405273,341.044830322,-2.75134396553,18.3336811066,-46.0382385254,95.1871643066,205.994003296],[974.596313477,803.361206055,-65.8290863037,14.3127450943,-42.8334083557,26.9956436157,-15.1771707535,18.9524021149,16.0166606903,24.2144031525,40.5936355591,2.46175026894,25.9936847687],[-994.264892578,-65.8290863037,394.523162842,-38.9672698975,143.402023315,14.3809213638,62.1707725525,-55.2105827332,15.7590894699,-17.1009998322,17.25831604,-6.45118665695,-22.0881271362],[302.88671875,14.3127450943,-38.9672698975,198.24609375,-34.417350769,43.1081542969,-30.5749034882,29.1062793732,-13.3746566772,9.89519309998,-13.2882385254,8.29055118561,4.00082778931],[-1102.90625,-42.8334083557,143.402023315,-34.417350769,248.058761597,-2.84389948845,95.2113342285,-40.9281692505,21.3107738495,-2.24617266655,18.2007217407,-10.0567684174,-22.2558002472],[-18.9282550812,26.9956436157,14.3809213638,43.1081542969,-2.84389948845,106.556564331,-2.69772219658,4.81705141068,-17.1270904541,-0.484816521406,-3.53645181656,4.97796201706,-6.25679016113],[-518.790405273,-15.1771707535,62.1707725525,-30.5749034882,95.2113342285,-2.69772219658,105.154273987,-2.20809435844,16.0308952332,1.35716283321,14.8389549255,-3.64988827705,-2.89134907722],[341.044830322,18.9524021149,-55.2105827332,29.1062793732,-40.9281692505,4.81705141068,-2.20809435844,69.0173339844,17.7320175171,12.2178668976,-3.72589278221,7.85293054581,8.91170883179],[-2.75134396553,16.0166606903,15.7590894699,-13.3746566772,21.3107738495,-17.1270904541,16.0308952332,17.7320175171,61.5993690491,19.1577224731,15.0522212982,1.38058853149,4.90312290192],[18.3336811066,24.2144031525,-17.1009998322,9.89519309998,-2.24617266655,-0.484816521406,1.35716283321,12.2178668976,19.1577224731,58.3391113281,25.2279815674,13.6334943771,5.02408361435],[-46.0382385254,40.5936355591,17.25831604,-13.2882385254,18.2007217407,-3.53645181656,14.8389549255,-3.72589278221,15.0522212982,25.2279815674,54.8179512024,20.8040657043,11.2447481155],[95.1871643066,2.46175026894,-6.45118665695,8.29055118561,-10.0567684174,4.97796201706,-3.64988827705,7.85293054581,1.38058853149,13.6334943771,20.8040657043,41.0034484863,18.3700046539],[205.994003296,25.9936847687,-22.0881271362,4.00082778931,-22.2558002472,-6.25679016113,-2.89134907722,8.91170883179,4.90312290192,5.02408361435,11.2447481155,18.3700046539,44.3745117188]],"icov":[[0.000179141992703,-0.000159897565027,0.000139536292409,-0.0000852849479998,0.000485202675918,0.0000848969939398,0.000329145375872,-0.000361008162145,-0.000182037867489,0.000281394779449,-0.0000510458194185,-0.000101203972008,-0.000268442265224],[-0.000159897565027,0.00153757305816,0.0000789650075603,0.0000624524109298,-0.000325817120029,-0.000622854393441,-0.0000679408476572,0.000156614289153,-0.0000613449155935,-0.000237637068494,-0.00143821863458,0.00129555666354,-0.000550039578229],[0.000139536292409,0.0000789650075603,0.00376987131312,-0.0000352695242327,-0.000801948364824,-0.000841470493469,-0.000429703504778,0.00197962485254,-0.00173645140603,0.00161209527869,-0.000856574741192,-0.00060390366707,0.00071567017585],[-0.0000852849479998,0.0000624524109298,-0.0000352695242327,0.00646133814007,-0.000893978402019,-0.00221830210648,0.00170584872831,-0.00254833698273,0.00156578666065,-0.00172704819124,0.00164426094852,-0.00048390289885,-0.000572823104449],[0.000485202675918,-0.000325817120029,-0.000801948364824,-0.000893978402019,0.0095901619643,0.000277901213849,-0.0055024260655,0.00329966493882,-0.00294069875963,0.000889708811883,-0.000525109062437,-0.000730012485292,0.00210723583587],[0.0000848969939398,-0.000622854393441,-0.000841470493469,-0.00221830210648,0.000277901213849,0.0114120105281,-0.000391874316847,-0.00146073859651,0.00331616029143,-0.000185575307114,0.00046343714348,-0.00219251564704,0.00221299869008],[0.000329145375872,-0.0000679408476572,-0.000429703504778,0.00170584872831,-0.0055024260655,-0.000391874316847,0.0171870365739,-0.00571505725384,0.000122215933516,0.00110977387521,-0.00337363430299,0.0027555541601,-0.0028281759005],[-0.000361008162145,0.000156614289153,0.00197962485254,-0.00254833698273,0.00329966493882,-0.00146073859651,-0.00571505725384,0.0240721721202,-0.008674220182,-0.00217871461064,0.0052575240843,-0.00447081774473,0.000765104661696],[-0.000182037867489,-0.0000613449155935,-0.00173645140603,0.00156578666065,-0.00294069875963,0.00331616029143,0.000122215933516,-0.008674220182,0.024350002408,-0.00622997246683,-0.00368123105727,0.00454080896452,-0.00231396406889],[0.000281394779449,-0.000237637068494,0.00161209527869,-0.00172704819124,0.000889708811883,-0.000185575307114,0.00110977387521,-0.00217871461064,-0.00622997246683,0.0255631525069,-0.0105788046494,-0.00336092174985,0.0025871868711],[-0.0000510458194185,-0.00143821863458,-0.000856574741192,0.00164426094852,-0.000525109062437,0.00046343714348,-0.00337363430299,0.0052575240843,-0.00368123105727,-0.0105788046494,0.0329912565649,-0.0139852799475,-0.00193498784211],[-0.000101203972008,0.00129555666354,-0.00060390366707,-0.00048390289885,-0.000730012485292,-0.00219251564704,0.0027555541601,-0.00447081774473,0.00454080896452,-0.00336092174985,-0.0139852799475,0.0396892800927,-0.0131516288966],[-0.000268442265224,-0.000550039578229,0.00071567017585,-0.000572823104449,0.00210723583587,0.00221299869008,-0.0028281759005,0.000765104661696,-0.00231396406889,0.0025871868711,-0.00193498784211,-0.0131516288966,0.0314402282238]],"mean":[-640.019897461,154.563446045,-14.8833370209,32.7805747986,-15.1646509171,16.9019889832,-6.28797340393,7.65217733383,-3.30913925171,3.33384156227,1.08170866966,2.05831766129,1.52068173885]},"pitch_salience":{"dmean":0.0742377862334,"dmean2":0.125413909554,"dvar":0.00513820489869,"dvar2":0.0140042006969,"max":0.845531344414,"mean":0.635241627693,"median":0.668744444847,"min":0.068850569427,"var":0.0159531813115},"silence_rate_20dB":{"dmean":0,"dmean2":0,"dvar":0,"dvar2":0,"max":1,"mean":1,"median":1,"min":1,"var":0},"silence_rate_30dB":{"dmean":0.0248280484229,"dmean2":0.0496644303203,"dvar":0.0242116581649,"dvar2":0.0629721283913,"max":1,"mean":0.983059346676,"median":1,"min":0,"var":0.0166542325169},"silence_rate_60dB":{"dmean":0.00704579753801,"dmean2":0.014093959704,"dvar":0.00699610402808,"dvar2":0.0155729074031,"max":1,"mean":0.10784971714,"median":0,"min":0,"var":0.0962145328522},"spectral_centroid":{"dmean":200.144821167,"dmean2":309.905151367,"dvar":41067.9453125,"dvar2":91576.828125,"max":4598.55664062,"mean":1088.54284668,"median":1019.17248535,"min":137.137283325,"var":226252.703125},"spectral_complexity":{"dmean":3.26992106438,"dmean2":5.07248306274,"dvar":9.42704296112,"dvar2":21.3362369537,"max":58,"mean":25.3706817627,"median":28,"min":0,"var":141.61076355},"spectral_contrast_coeffs":{"dmean":[0.0538296550512,0.051105286926,0.0372249521315,0.0267359949648,0.018941020593,0.0428644604981],"dmean2":[0.0899576246738,0.0867195874453,0.063958466053,0.0455802157521,0.0318382978439,0.0671472325921],"dvar":[0.00180858385283,0.00161805737298,0.000885218440089,0.000435833993834,0.000228803561185,0.00122280314099],"dvar2":[0.00512154446915,0.00467897439376,0.00256192311645,0.0012823791476,0.000639130652416,0.00317334430292],"max":[-0.358688265085,-0.554678678513,-0.606738448143,-0.659480690956,-0.683291196823,-0.455749601126],"mean":[-0.683786273003,-0.771635711193,-0.810708940029,-0.821410417557,-0.819509863853,-0.682678878307],"median":[-0.68538582325,-0.772681355476,-0.810423135757,-0.821298718452,-0.814525544643,-0.675639927387],"min":[-0.986846625805,-0.9645627141,-0.965517044067,-0.976074397564,-0.969211697578,-0.911714911461],"var":[0.00532672181726,0.00372924632393,0.00237197708338,0.00120126572438,0.00127281900495,0.00634840782732]},"spectral_contrast_valleys":{"dmean":[0.373119115829,0.349890857935,0.29057097435,0.238823965192,0.203889265656,0.580034554005],"dmean2":[0.621888637543,0.591208636761,0.490201562643,0.394580572844,0.309311598539,0.9365041852],"dvar":[0.0918753966689,0.0896975249052,0.0718322992325,0.0526107773185,0.0574466697872,0.242910668254],"dvar2":[0.245629191399,0.254369854927,0.19616766274,0.134282395244,0.13656450808,0.63902258873],"max":[-5.1554775238,-4.25064229965,-5.08800315857,-5.38140583038,-5.69278335571,-9.19392967224],"mean":[-6.7780008316,-6.00485897064,-6.5643415451,-7.15838384628,-7.36431455612,-11.1309528351],"median":[-6.46031093597,-5.60282230377,-6.15071105957,-6.80531835556,-7.01648139954,-10.9389228821],"min":[-20.2406806946,-19.9076881409,-20.1442184448,-20.5417003632,-20.0294494629,-21.0618610382],"var":[1.38818216324,1.67537343502,1.61848413944,1.37501609325,1.36003541946,1.08936715126]},"spectral_decrease":{"dmean":3.28700600072e-9,"dmean2":5.4979660824e-9,"dvar":2.01473585929e-17,"dvar2":5.33814821e-17,"max":6.23724005777e-9,"mean":-8.71216077059e-9,"median":-8.49266701408e-9,"min":-5.95619304988e-8,"var":3.72540045628e-17},"spectral_energy":{"dmean":0.0125347180292,"dmean2":0.0208212789148,"dvar":0.000276420643786,"dvar2":0.000727512990125,"max":0.234906300902,"mean":0.0483165346086,"median":0.0506589598954,"min":1.34912927726e-13,"var":0.000740317977034},"spectral_energyband_high":{"dmean":0.000378616299713,"dmean2":0.000496401626151,"dvar":5.14757459769e-7,"dvar2":9.30138241984e-7,"max":0.0215378627181,"mean":0.00123933609575,"median":0.000853548408486,"min":5.67638994077e-14,"var":0.00000299010366689},"spectral_energyband_low":{"dmean":0.00893805269152,"dmean2":0.0150051796809,"dvar":0.000258725427557,"dvar2":0.000688371190336,"max":0.192927122116,"mean":0.0147188529372,"median":0.0112848533317,"min":4.09332737519e-14,"var":0.000278627674561},"spectral_energyband_middle_high":{"dmean":0.00208569830284,"dmean2":0.00341465487145,"dvar":0.0000076128976616,"dvar2":0.0000197654444491,"max":0.0539013147354,"mean":0.00718332873657,"median":0.0066427057609,"min":7.0664219139e-15,"var":0.0000297632650472},"spectral_energyband_middle_low":{"dmean":0.00694256229326,"dmean2":0.0116556799039,"dvar":0.0000585056623095,"dvar2":0.000156365713337,"max":0.0784744992852,"mean":0.0195659771562,"median":0.0189599767327,"min":1.75831673169e-14,"var":0.000168934799149},"spectral_entropy":{"dmean":0.134346678853,"dmean2":0.21095572412,"dvar":0.02418368496,"dvar2":0.0620102100074,"max":8.83263015747,"mean":7.62110233307,"median":7.66001749039,"min":4.68160533905,"var":0.0924580544233},"spectral_flux":{"dmean":0.0216780547053,"dmean2":0.0351954586804,"dvar":0.000666490173899,"dvar2":0.00157296517864,"max":0.402228981256,"mean":0.126762926579,"median":0.136287525296,"min":0.0000138595132739,"var":0.00318292714655},"spectral_kurtosis":{"dmean":2.44549369812,"dmean2":3.75175285339,"dvar":12.3751516342,"dvar2":31.7664108276,"max":87.841003418,"mean":13.9578065872,"median":13.5541944504,"min":1.36327123642,"var":37.0913581848},"spectral_rms":{"dmean":0.000818055123091,"dmean2":0.00134496192914,"dvar":8.13887368167e-7,"dvar2":0.00000210814596358,"max":0.0151385888457,"mean":0.00639636954293,"median":0.00703017599881,"min":1.1472678807e-8,"var":0.00000622449942966},"spectral_rolloff":{"dmean":4103.90332031,"dmean2":7814.11279297,"dvar":48650140,"dvar2":122996680,"max":22050,"mean":9815.79882812,"median":3488.37890625,"min":21.533203125,"var":90139256},"spectral_skewness":{"dmean":0.22125159204,"dmean2":0.326332896948,"dvar":0.0709272101521,"dvar2":0.165859341621,"max":7.41284132004,"mean":2.45205307007,"median":2.46998643875,"min":0.632619202137,"var":0.363811343908},"spectral_spread":{"dmean":365818.875,"dmean2":570443.3125,"dvar":128744497152,"dvar2":300365807616,"max":11062283,"mean":4084857.25,"median":4001027.5,"min":1624179.625,"var":667101888512},"spectral_strongpeak":{"dmean":1.54630064964,"dmean2":2.83162903786,"dvar":68.818107605,"dvar2":188.558364868,"max":154.07623291,"mean":1.30054140091,"median":0.274842858315,"min":0,"var":55.5720748901},"zerocrossingrate":{"dmean":0.0307523813099,"dmean2":0.0400114543736,"dvar":0.000703563680872,"dvar2":0.00121918739751,"max":0.65576171875,"mean":0.23419302702,"median":0.22802734375,"min":0.00244140625,"var":0.00692508742213}},"metadata":{"audio_properties":{"analysis_sample_rate":44100,"bit_rate":192000,"codec":"mp3","downmix":"mix","equal_loudness":0,"length":138.396728516,"lossless":false,"md5_encoded":"68f3d8c163976ceb79a527a3306525c1","replay_gain":-10.8807220459,"sample_rate":44100},"tags":{"album":["Holy Wood (In the Shadow of the Valley of Death)"],"album artist credit":["Marilyn Manson"],"albumartist":["Marilyn Manson"],"albumartistsort":["Marilyn Manson"],"artist":["Marilyn Manson"],"artist credit":["Marilyn Manson"],"artistsort":["Marilyn Manson"],"asin":["B000050ITX"],"bpm":["0"],"catalognumber":["490 832-2"],"composer":["Marilyn Manson, Twiggy Ramiez, Madonna Wayne Gacy, John 5, Ginger Fish"],"date":["2000-11-14"],"discnumber":["1/1"],"encodedby":["iTunes v4.8.0.32"],"file_name":"18 - Marilyn Manson - King Kill 33°.mp3","genre":["Rock - Alternative Metal / Punk"],"label":["Nothing Records"],"language":["eng"],"media":["CD"],"musicbrainz album release country":["AU"],"musicbrainz album status":["Official"],"musicbrainz album type":["album"],"musicbrainz_albumartistid":["5dfdca28-9ddc-4853-933c-8bc97d87beec"],"musicbrainz_albumid":["c254c4cb-f28e-49d5-bf6f-134e63e566d2"],"musicbrainz_artistid":["5dfdca28-9ddc-4853-933c-8bc97d87beec"],"musicbrainz_recordingid":["10144252-b966-4806-b452-c1e469b9bdd3"],"musicbrainz_releasegroupid":["db6a41da-710b-36eb-a288-48b4b1c5b130"],"originaldate":["2000-11-11"],"replaygain_album_gain":["0.00 dB"],"replaygain_album_peak":["0.000000"],"replaygain_track_gain":["-9.96 dB"],"replaygain_track_peak":["1.105988"],"script":["Latn"],"title":["King Kill 33°"],"tracknumber":["18/19"]},"version":{"essentia":"2.1-beta1","essentia_build_sha":"ca57ba49d9b1854bd80e60cf9ccf267278fb7d6b","essentia_git_sha":"v2.1_beta1-28-g21ef5f4-dirty","extractor":"music 1.0"}},"rhythm":{"beats_count":247,"beats_loudness":{"dmean":0.0141291096807,"dmean2":0.0259209107608,"dvar":0.000165892226505,"dvar2":0.000480800721562,"max":0.140733480453,"mean":0.0456052273512,"me