{"lowlevel":{"average_loudness":0.842274308205,"barkbands":{"dmean":[0.00296320975758,0.00955134443939,0.00313795777038,0.00123070145492,0.00215031090192,0.00139142235275,0.00138210190926,0.000523063295987,0.000637872377411,0.00145848083775,0.000603403022978,0.000814068829641,0.000447900994914,0.000344182102708,0.000223054128583,0.000148625083966,0.0000816751344246,0.000059170753957,0.0000525446885149,0.0000410409047618,0.0000278054885712,0.0000121402645163,0.00000449786602985,0.00000314759495268,0.0000036603494209,0.0000068230897341,0.000492726860102],"dmean2":[0.00501029426232,0.0157871879637,0.00528032612056,0.00202925386839,0.00348793691956,0.00222763908096,0.00213818042539,0.000831986602861,0.00104802288115,0.00238172244281,0.000993662397377,0.00131754449103,0.000730853294954,0.000553447869606,0.000363793165889,0.000246266688919,0.000134289308335,0.0000961431360338,0.0000845526519697,0.0000646605549264,0.0000447902493761,0.000019050325136,0.00000723322318663,0.0000052503646657,0.00000611087261859,0.0000111118461064,0.000751267420128],"dvar":[0.0000184820200957,0.000119067561172,0.0000174964170583,0.00000300506235362,0.0000163836684806,0.00000838464438857,0.00000964042465057,0.00000117487309126,0.00000156265468831,0.00000866979098646,0.00000120668164527,0.00000286170734398,8.26388713904e-7,7.1737269991e-7,2.64519059101e-7,1.42315215612e-7,2.28653487255e-8,1.00180228557e-8,2.71961493326e-8,1.11271187819e-8,2.95393021155e-9,4.93068197382e-10,4.78410297489e-11,2.58151156701e-11,3.39275309236e-11,1.04210994001e-10,0.00000146567174397],"dvar2":[0.0000471424536954,0.0003120721085,0.000046056607971,0.00000710841186446,0.0000391704634239,0.0000196663131646,0.0000205281903618,0.00000268113990387,0.00000418876652475,0.0000234745166381,0.00000314021235681,0.00000707133449396,0.00000206165759664,0.00000170162695667,5.92387891629e-7,3.68766222891e-7,5.97546616632e-8,2.47119640306e-8,5.55103518707e-8,2.30017960234e-8,7.37419902919e-9,1.09624531675e-9,1.11840474382e-10,6.57493989809e-11,8.55268217359e-11,2.53130211236e-10,0.000003491074267],"max":[0.0657594874501,0.133058875799,0.0624159350991,0.0427165068686,0.0877875760198,0.0789202898741,0.0875048190355,0.0242675598711,0.0280081629753,0.0493715032935,0.0335104577243,0.0498701408505,0.0254561770707,0.0209367573261,0.0166580099612,0.0123575767502,0.00405252026394,0.00406157970428,0.00710284803063,0.00343656144105,0.000771951279603,0.000413704459788,0.0000935980278882,0.0000683581602061,0.0000848277850309,0.000186873367056,0.0329085551202],"mean":[0.00388594344258,0.0145172923803,0.00423909910023,0.00171854486689,0.00349276070483,0.00239994004369,0.0028668185696,0.000854513491504,0.0011479324894,0.00233308598399,0.000950994843151,0.0014011944877,0.000767926918343,0.000580906518735,0.000419197487645,0.000271793571301,0.000163424774655,0.000117078481708,0.000101108380477,0.0000780370392022,0.0000587299582548,0.0000256646471826,0.00000782842380431,0.00000328972146235,0.00000374618502974,0.0000100000779639,0.00134956592228],"median":[0.00193194765598,0.010314701125,0.00237017869949,0.000910988252144,0.00196398911066,0.000870504532941,0.000427455292083,0.00027552593383,0.00037298630923,0.000753676111344,0.000442810589448,0.000572004995774,0.000277668936178,0.000153991830302,0.000189026191947,0.000113006259198,0.0000776303495513,0.0000637984121568,0.0000532701706106,0.0000374719020328,0.0000259852731688,0.000013027206478,0.00000423767141911,0.00000137270785672,0.00000148819515289,0.00000586845362704,0.000691432505846],"min":[6.86851408301e-23,3.95663410651e-23,9.15137735738e-24,1.55492688572e-23,1.9798310351e-23,8.17660323604e-23,7.30268498144e-24,3.01532520027e-23,3.95098870233e-23,6.86065765948e-23,6.46157608297e-23,9.88910224769e-23,4.30490672983e-23,6.31314527722e-23,1.5365191636e-22,2.39598766368e-22,1.66365842419e-22,2.79403980826e-22,4.64236388082e-22,3.37778147956e-22,3.92666812062e-22,5.28909754691e-22,5.82550377736e-22,7.11133998467e-22,1.06164501777e-21,1.60474361597e-21,2.62984506251e-21],"var":[0.0000275726633845,0.000201100265258,0.0000313150776492,0.00000658599719827,0.0000330683287757,0.0000176980120159,0.0000379255543521,0.00000309268898491,0.00000357923499905,0.0000158051625476,0.00000225501730711,0.00000707932213118,0.00000166751567576,0.00000140749716593,6.94549157743e-7,2.95129808592e-7,6.13734059129e-8,2.38544934916e-8,6.85765684239e-8,2.20286704433e-8,6.96161084335e-9,1.26332400097e-9,1.04722286398e-10,2.79754292648e-11,3.69406658041e-11,1.60916932557e-10,0.00000474397029393]},"barkbands_crest":{"dmean":3.23590946198,"dmean2":5.43659925461,"dvar":8.17258930206,"dvar2":21.4957199097,"max":26.4079380035,"mean":11.4563112259,"median":10.3421907425,"min":2.76018929482,"var":25.9668426514},"barkbands_flatness_db":{"dmean":0.0336583666503,"dmean2":0.0534685328603,"dvar":0.00134386960417,"dvar2":0.00329917506315,"max":0.578966021538,"mean":0.175036638975,"median":0.154202207923,"min":0.0525396615267,"var":0.00523897213861},"barkbands_kurtosis":{"dmean":31.2542133331,"dmean2":51.6554374695,"dvar":18854.7988281,"dvar2":48764.1796875,"max":2916.62402344,"mean":40.79662323,"median":7.70499420166,"min":-1.94461393356,"var":19227.9589844},"barkbands_skewness":{"dmean":1.1999206543,"dmean2":1.93011295795,"dvar":5.38821983337,"dvar2":13.3863267899,"max":45.8585014343,"mean":3.13861727715,"median":2.3201174736,"min":-10.9177274704,"var":16.868024826},"barkbands_spread":{"dmean":6.84549331665,"dmean2":10.9823513031,"dvar":70.3098907471,"dvar2":162.659637451,"max":138.362686157,"mean":22.8504161835,"median":19.9668750763,"min":0.0854398086667,"var":327.195465088},"dissonance":{"dmean":0.022243719548,"dmean2":0.0379938967526,"dvar":0.000448992825113,"dvar2":0.00126875680871,"max":0.500000119209,"mean":0.463360071182,"median":0.470031946898,"min":0.23853290081,"var":0.000811109668575},"dynamic_complexity":5.06710529327,"erbbands":{"dmean":[0.383840113878,1.95412385464,3.67266106606,3.57080483437,5.22530555725,8.2276725769,8.85662078857,13.2924785614,21.6094360352,13.8297185898,10.8277435303,15.4046125412,30.8102283478,41.9071960449,20.2561588287,35.0932388306,20.8637218475,18.0950527191,13.1469478607,8.88170433044,6.32068252563,4.20024347305,3.44406557083,2.44314050674,2.7120039463,1.87804269791,1.47614121437,0.837205171585,0.486286848783,0.237794101238,0.114428691566,0.0692223683,0.0516751036048,0.0385312587023,0.0274683218449,0.0184538830072,0.012884198688,0.022012501955,0.0238972287625,0.0153155550361],"dmean2":[0.643250703812,3.22932291031,6.21819257736,5.84159231186,8.82388877869,13.1633653641,14.3733501434,21.2988758087,33.1263122559,21.9891986847,17.492811203,25.3420085907,50.1932601929,69.3345870972,33.2184104919,56.8476791382,34.0194702148,28.9732170105,21.786605835,14.2599697113,10.3339424133,6.85735940933,5.59129142761,3.88526344299,4.35806703568,2.98529148102,2.3676006794,1.33762669563,0.761569976807,0.373592853546,0.183656573296,0.114862143993,0.0863723307848,0.0643636807799,0.0458245202899,0.0307043846697,0.0209161695093,0.032933332026,0.0364127196372,0.023283040151],"dvar":[0.227472692728,5.34495782852,22.3335552216,23.8351554871,62.7661399841,337.222869873,364.646575928,889.469421387,2616.37670898,868.442871094,458.047088623,984.530029297,4275.11865234,7805.52636719,1574.56738281,6093.81347656,1734.73583984,1764.89282227,867.827819824,547.704956055,233.335708618,49.6899604797,32.8118095398,41.5335578918,81.3200073242,22.8953762054,8.25379371643,2.95282936096,0.817169725895,0.168407469988,0.0295192226768,0.0120829129592,0.00698613701388,0.00379722542129,0.00190112926066,0.000860333093442,0.000377115560696,0.00354381254874,0.00262059504166,0.000575884187128],"dvar2":[0.620804965496,14.0809936523,61.0306587219,56.8802947998,166.694046021,771.611022949,880.660339355,2132.48779297,5557.79833984,1972.54125977,1114.17858887,2655.16040039,10940.9443359,21836.796875,3887.20947266,15051.0214844,4341.26269531,4160.10693359,2039.47021484,1264.0847168,585.705810547,128.951980591,83.1568908691,87.0871734619,181.172119141,46.3280487061,20.099817276,7.44258356094,1.85138475895,0.362184733152,0.0707103908062,0.0308042392135,0.0177519619465,0.00959864072502,0.00478274188936,0.00215829187073,0.000906752597075,0.00607801415026,0.00524199800566,0.00127526384313],"max":[7.15437650681,24.7445888519,60.2840843201,109.693130493,166.621627808,463.908203125,557.084411621,821.874267578,1523.20776367,574.584411621,379.016662598,780.546936035,1011.97772217,1569.47509766,1545.79650879,2416.79394531,1387.27160645,1175.83203125,1214.81018066,828.92980957,571.387878418,154.668151855,163.991317749,392.945037842,332.018768311,181.587783813,62.5910186768,29.1172504425,16.4907302856,10.3447532654,2.38069200516,1.43485355377,1.13755905628,0.876494288445,0.669979393482,0.515923500061,0.362914681435,3.38357639313,1.66802990437,0.708789646626],"mean":[0.508306443691,2.88595509529,5.2964053154,5.67509651184,7.84728431702,12.6418638229,13.5906820297,23.0653018951,44.4541816711,26.5758609772,19.5248126984,27.9874706268,51.3449859619,70.832901001,38.0032043457,60.5617294312,39.4672546387,33.089969635,25.2471485138,18.4531574249,12.7410478592,9.06638050079,7.15337896347,4.88635063171,5.10222673416,3.66408133507,3.0845553875,1.74064671993,1.01446294785,0.483889251947,0.190621346235,0.0808558389544,0.0527411326766,0.0393698066473,0.0282475370914,0.0193005912006,0.0191912297159,0.0516339018941,0.0637199655175,0.0560741275549],"median":[0.318177878857,1.95543599129,3.32926559448,3.30526208878,4.86457920074,5.57479953766,6.7095656395,6.87574100494,7.005671978,6.02579545975,7.67514562607,9.23363494873,12.7015142441,33.6773834229,18.6139240265,25.7470588684,15.839756012,9.07120895386,10.8032131195,7.84119749069,5.89745044708,4.6303691864,3.76052308083,2.94762516022,2.57623243332,1.78521895409,1.34180033207,0.805232465267,0.509657621384,0.249487131834,0.106565073133,0.0393552184105,0.0207563154399,0.0154388360679,0.0113124391064,0.00788382161409,0.0114241531119,0.0284349825233,0.036227889359,0.0393636412919],"min":[2.19099343581e-21,5.24502988347e-21,8.06467169909e-21,4.99471105529e-20,2.67238274473e-20,7.14936080839e-20,2.01488970454e-19,8.33652887256e-19,3.52435266777e-19,2.84882915818e-19,6.38332952262e-19,8.76568671796e-19,1.6538068073e-18,2.94485955403e-18,3.73161481607e-18,2.64112400297e-18,2.05222393281e-18,2.78226272897e-18,7.73759716951e-18,1.10048025976e-17,1.03893148746e-17,8.86828606524e-18,1.54256544921e-17,1.69987733462e-17,2.33858649896e-17,1.71358868045e-17,1.62241815683e-17,1.65625613045e-17,2.06602122271e-17,1.34159712175e-17,1.70275840469e-17,1.49535560468e-17,1.26163059408e-17,1.15187067511e-17,8.34350035076e-18,8.03691247416e-18,2.50130959314e-18,1.20824286842e-18,3.88825733658e-19,3.80826457695e-20],"var":[0.319836169481,8.80296897888,37.1793632507,53.8356933594,100.538322449,679.719726562,570.662658691,1856.06420898,10009.2744141,2595.36303711,1190.55065918,2087.16772461,8812.89941406,13355.0205078,3391.46459961,14780.171875,3933.10180664,3768.12011719,2263.15258789,1761.72741699,538.737670898,152.032791138,84.0696487427,99.6635971069,171.426986694,48.0233268738,20.0149688721,6.19607686996,1.99273228645,0.442538559437,0.0602639652789,0.0140804192051,0.00749398535118,0.0041131451726,0.00207835808396,0.000946061627474,0.00058609386906,0.00909883435816,0.00756389787421,0.00367200281471]},"erbbands_crest":{"dmean":3.20294928551,"dmean2":5.26959133148,"dvar":9.81735134125,"dvar2":26.1378498077,"max":27.5766162872,"mean":9.81099796295,"median":8.70753192902,"min":2.18048644066,"var":20.0920982361},"erbbands_flatness_db":{"dmean":0.0253572948277,"dmean2":0.0401559434831,"dvar":0.000558322994038,"dvar2":0.00147977541201,"max":0.312200278044,"mean":0.147195324302,"median":0.147041633725,"min":0.0236383657902,"var":0.00176372029819},"erbbands_kurtosis":{"dmean":2.01621055603,"dmean2":3.47959685326,"dvar":52.696723938,"dvar2":158.516220093,"max":200.467987061,"mean":2.33948612213,"median":0.758156299591,"min":-1.61083126068,"var":49.8437042236},"erbbands_skewness":{"dmean":0.435478061438,"dmean2":0.7008061409,"dvar":0.393315970898,"dvar2":1.08739030361,"max":12.0549564362,"mean":0.211003616452,"median":0.242107987404,"min":-5.07137727737,"var":1.58885371685},"erbbands_spread":{"dmean":6.67550182343,"dmean2":10.8630189896,"dvar":56.8415145874,"dvar2":152.245651245,"max":181.576339722,"mean":27.0244922638,"median":24.1077823639,"min":2.95942950249,"var":200.359085083},"gfcc":{"cov":[[32135.3457031,6135.15917969,-2386.80371094,-948.222412109,996.920471191,-1827.64416504,1789.73925781,-2093.07177734,850.062072754,-912.649902344,76.3033905029,32.4295387268,-236.784286499],[6135.15917969,2135.6394043,-187.413635254,-230.015777588,388.052642822,-415.903381348,504.638641357,-535.776855469,261.869293213,-275.687683105,88.0461959839,-28.0782871246,-30.8807678223],[-2386.80371094,-187.413635254,838.602905273,286.990081787,-35.6272239685,312.963745117,-179.598526001,256.311859131,-53.11951828,43.5705718994,47.8600234985,-46.4179458618,23.708272934],[-948.222412109,-230.015777588,286.990081787,272.545593262,46.7666931152,58.9371528625,-7.01594400406,71.2528152466,-11.063454628,15.7743377686,-4.20263051987,-6.96415281296,-18.0712738037],[996.920471191,388.052642822,-35.6272239685,46.7666931152,261.462615967,-31.6136436462,153.745681763,-143.096206665,51.4858398438,-88.1358108521,5.9092464447,-9.53683185577,16.6956481934],[-1827.64416504,-415.903381348,312.963745117,58.9371528625,-31.6136436462,345.724853516,-184.567886353,192.942733765,-93.1217880249,41.2135658264,-4.84398269653,-20.3736305237,54.8292312622],[1789.73925781,504.638641357,-179.598526001,-7.01594400406,153.745681763,-184.567886353,295.946716309,-183.290924072,114.298713684,-82.5504760742,3.55570554733,20.8512172699,-28.3113651276],[-2093.07177734,-535.776855469,256.311859131,71.2528152466,-143.096206665,192.942733765,-183.290924072,279.724243164,-58.774066925,98.4878997803,8.73591709137,-15.1219778061,22.3040809631],[850.062072754,261.869293213,-53.11951828,-11.063454628,51.4858398438,-93.1217880249,114.298713684,-58.774066925,124.480201721,2.40497088432,14.8634271622,6.72993183136,-21.5401954651],[-912.649902344,-275.687683105,43.5705718994,15.7743377686,-88.1358108521,41.2135658264,-82.5504760742,98.4878997803,2.40497088432,102.098098755,23.5556697845,2.986369133,-9.92791461945],[76.3033905029,88.0461959839,47.8600234985,-4.20263051987,5.9092464447,-4.84398269653,3.55570554733,8.73591709137,14.8634271622,23.5556697845,58.1936187744,8.08390808105,1.91136288643],[32.4295387268,-28.0782871246,-46.4179458618,-6.96415281296,-9.53683185577,-20.3736305237,20.8512172699,-15.1219778061,6.72993183136,2.986369133,8.08390808105,43.9559516907,12.6083078384],[-236.784286499,-30.8807678223,23.708272934,-18.0712738037,16.6956481934,54.8292312622,-28.3113651276,22.3040809631,-21.5401954651,-9.92791461945,1.91136288643,12.6083078384,59.8740844727]],"icov":[[0.000131248772959,-0.000537469401024,0.000760213530157,-0.000852544966619,0.000636115961242,-0.000494277512189,0.000181656039786,0.0000745170691516,-0.000268183939625,0.000419672956923,-0.000295161065878,0.000152127759065,-0.0000326105946442],[-0.000537469401024,0.00789902172983,-0.00763268768787,0.0104483710602,-0.00413140980527,0.0054461825639,-0.002690740861,0.00496926065534,-0.00435429858044,0.00682224007323,-0.00626910850406,0.00504534412175,-0.000131985972985],[0.000760213530157,-0.00763268768787,0.0137850102037,-0.0169314406812,0.00899985898286,-0.00986865349114,0.0041542891413,-0.00399377662688,-0.0015272613382,0.00267054373398,-0.00428455835208,0.00185131770559,-0.00187897658907],[-0.000852544966619,0.0104483710602,-0.0169314406812,0.0269084684551,-0.0145643269643,0.0124763464555,-0.00531515805051,0.00245976052247,0.00133877876215,-0.00076579063898,0.00383139867336,-0.00317413802259,0.00695046037436],[0.000636115961242,-0.00413140980527,0.00899985898286,-0.0145643269643,0.0191092006862,-0.00991667248309,-0.00149234116543,0.00561775872484,-0.00563509017229,0.00791573897004,-0.00954640749842,0.0110424896702,-0.0093557452783],[-0.000494277512189,0.0054461825639,-0.00986865349114,0.0124763464555,-0.00991667248309,0.0145305227488,-0.00039721277426,-0.00181083125062,0.00281654554419,-0.00143835588824,0.00400819070637,-0.00135225430131,-0.000595146848354],[0.000181656039786,-0.002690740861,0.0041542891413,-0.00531515805051,-0.00149234116543,-0.00039721277426,0.0135130593553,-0.00194039510097,-0.00630176020786,0.0058992090635,-0.000403438054491,-0.00641667470336,0.00404891418293],[0.0000745170691516,0.00496926065534,-0.00399377662688,0.00245976052247,0.00561775872484,-0.00181083125062,-0.00194039510097,0.0187540296465,-0.00629822770134,0.00241881492548,-0.00828984659165,0.0112616755068,-0.0066020837985],[-0.000268183939625,-0.00435429858044,-0.0015272613382,0.00133877876215,-0.00563509017229,0.00281654554419,-0.00630176020786,-0.00629822770134,0.0255062915385,-0.0219975654036,0.0139594804496,-0.00892392545938,0.00302314502187],[0.000419672956923,0.00682224007323,0.00267054373398,-0.00076579063898,0.00791573897004,-0.00143835588824,0.0058992090635,0.00241881492548,-0.0219975654036,0.0483676381409,-0.0302999354899,0.0104043623433,0.00377052370459],[-0.000295161065878,-0.00626910850406,-0.00428455835208,0.00383139867336,-0.00954640749842,0.00400819070637,-0.000403438054491,-0.00828984659165,0.0139594804496,-0.0302999354899,0.0447738654912,-0.0197729580104,0.00307354191318],[0.000152127759065,0.00504534412175,0.00185131770559,-0.00317413802259,0.0110424896702,-0.00135225430131,-0.00641667470336,0.0112616755068,-0.00892392545938,0.0104043623433,-0.0197729580104,0.0454541705549,-0.0179832000285],[-0.0000326105946442,-0.000131985972985,-0.00187897658907,0.00695046037436,-0.0093557452783,-0.000595146848354,0.00404891418293,-0.0066020837985,0.00302314502187,0.00377052370459,0.00307354191318,-0.0179832000285,0.0322758071125]],"mean":[-38.2942810059,101.021743774,-72.2519302368,-10.0763187408,-4.13726568222,-12.1538238525,8.52139186859,-16.006975174,-3.99130010605,-6.54024267197,-1.90338766575,-1.95502650738,-0.241743266582]},"hfc":{"dmean":286.612335205,"dmean2":463.691741943,"dvar":93874.6484375,"dvar2":247664.796875,"max":4798.37744141,"mean":744.399230957,"median":663.201721191,"min":1.20247563284e-16,"var":274657.125},"melbands":{"dmean":[0.00297390413471,0.00201495876536,0.000609825365245,0.000481227732962,0.000319117767503,0.000294764759019,0.000307629205054,0.000140264834045,0.0000913214607863,0.0000968636086327,0.000163160992088,0.000181723109563,0.000073357616202,0.0000817267064122,0.0000776965825935,0.0000408162777603,0.0000358413271897,0.0000233480404859,0.000014159996681,0.0000129611325974,0.00000648835793982,0.00000478388346892,0.00000447235015599,0.00000273419550467,0.00000207412563213,0.00000212713734982,0.00000181812697519,0.0000012658375681,0.00000102910098576,7.25848735783e-7,4.47016446969e-7,3.24116967931e-7,1.94943922338e-7,1.17741656425e-7,7.10380305691e-8,4.9517488776e-8,4.00500894671e-8,3.63186281049e-8,3.37721530741e-8,3.20055342229e-8],"dmean2":[0.00493070948869,0.00335394497961,0.001000713557,0.000793765590061,0.000513513281476,0.000470823899377,0.000471228035167,0.000221960493946,0.000149364801473,0.000158514201757,0.00026623060694,0.000300548475934,0.000120960117783,0.000131840904942,0.000126557686599,0.0000665642073727,0.0000576037855353,0.0000388935222873,0.0000229294073506,0.000021333413315,0.0000105462277133,0.00000787152475823,0.00000737845221011,0.00000448970104117,0.00000333079606207,0.0000034660390611,0.00000293122343464,0.00000203377180696,0.00000167079099356,0.00000117940169275,7.18393096122e-7,5.17252487953e-7,3.0782604199e-7,1.88058663753e-7,1.14746121938e-7,8.15544467514e-8,6.68482442734e-8,6.07276788855e-8,5.64413191739e-8,5.34515329775e-8],"dvar":[0.0000121592383948,0.00000576778666073,6.33474144252e-7,9.17931345157e-7,4.34575952113e-7,3.9679451902e-7,5.03501439653e-7,8.39803107056e-8,2.9676121116e-8,3.81339049227e-8,1.17099425267e-7,1.55395284196e-7,1.94307308021e-8,2.83371246468e-8,2.86046244469e-8,6.30464436213e-9,7.72919150904e-9,2.96802782351e-9,1.40110723024e-9,1.17916942877e-9,1.98863078782e-10,7.12888845178e-11,7.40062663929e-11,2.71719938216e-11,3.07009799527e-11,6.21767984321e-11,3.25883729724e-11,9.720646163e-12,4.16594233069e-12,2.29462043984e-12,7.95788782093e-13,3.66492345369e-13,1.25005284986e-13,4.00511499237e-14,1.16583082232e-14,5.74960077717e-15,4.21770992833e-15,3.46716673926e-15,2.94895748784e-15,2.61145805704e-15],"dvar2":[0.0000323832500726,0.0000156533860718,0.00000154486326664,0.00000222221660806,0.00000100907868728,9.55572659223e-7,0.00000107099583602,1.88753119801e-7,7.51611111127e-8,1.02205518715e-7,2.9953045555e-7,4.35811813304e-7,5.01279622256e-8,6.91242192374e-8,7.04845959376e-8,1.60617883438e-8,1.81269150801e-8,7.28306659425e-9,3.31033400691e-9,2.96209012873e-9,4.96657048821e-10,1.86470935915e-10,1.91895707657e-10,6.81044318163e-11,6.6152396061e-11,1.41993680702e-10,7.18337125893e-11,2.07702067351e-11,1.0352821031e-11,5.96374772482e-12,2.02334221426e-12,8.67728523583e-13,2.78765969726e-13,9.1104275274e-14,2.79749351261e-14,1.45606047835e-14,1.07671973754e-14,8.81654910754e-15,7.47411962372e-15,6.59631905169e-15],"max":[0.049973513931,0.0295784920454,0.0167535860091,0.0244182739407,0.0168359316885,0.017091633752,0.0209885556251,0.00568865425885,0.0025592087768,0.00446033105254,0.00513134151697,0.00716331088915,0.00486872019246,0.00574834737927,0.00428267847747,0.00226566940546,0.0026479982771,0.00227126595564,0.00098689366132,0.000907297478989,0.000488088524435,0.00018116227875,0.000174826447619,0.000283742352622,0.000336005381541,0.000344226282323,0.000186213263078,0.000146997117554,0.0000550840668438,0.0000254851984209,0.0000156209971465,0.00000991513115878,0.00000837109291751,0.0000045231522563,0.00000179501466846,9.74214913185e-7,8.54333563893e-7,7.95469134118e-7,7.55715404921e-7,7.31739362436e-7],"mean":[0.00451363110915,0.00323792500421,0.00104157323949,0.00075444491813,0.000506252923515,0.00052340264665,0.000652242568322,0.000258454267168,0.000156961221364,0.000173912878381,0.000262050918536,0.000299833860481,0.000124287165818,0.000145048979903,0.00013210211182,0.0000715079004294,0.0000596789577685,0.0000412090521422,0.0000269295524049,0.0000234972521866,0.0000125125889099,0.000009321406651,0.00000826720133773,0.00000514008570462,0.00000375950548914,0.00000382143844035,0.00000323150993609,0.00000226384440793,0.00000205869150705,0.00000139179439884,8.82956953774e-7,6.25149709776e-7,3.78652970312e-7,2.19928864453e-7,1.15833998393e-7,6.54009610912e-8,4.20103596355e-8,3.66728656331e-8,3.42954074029e-8,3.26723643695e-8],"median":[0.0031546424143,0.00227459124289,0.000675177492667,0.000407382060075,0.000250042096013,0.000159839604748,0.000101939622255,0.0000641977458145,0.000063557359681,0.0000533763377462,0.0000599907216383,0.000134195273858,0.0000575292615395,0.0000645153777441,0.0000502906186739,0.0000246750660153,0.0000148138969962,0.00001667129618,0.0000117876934382,0.00000915435521165,0.00000595924075242,0.00000455082999906,0.00000381862446375,0.00000279470236819,0.00000214686861,0.00000190612377082,0.00000152112204432,0.00000104995706351,8.54234656344e-7,6.00400710482e-7,3.98132527835e-7,3.05355001728e-7,1.87550242003e-7,1.11593102758e-7,6.28549656767e-8,3.41516219748e-8,1.74529013464e-8,1.41041267554e-8,1.33012321157e-8,1.27848469589e-8],"min":[1.7288958011e-23,4.99731313886e-24,6.91084751462e-24,2.83277308381e-24,6.29604521827e-24,1.76387689131e-23,5.03775369873e-24,4.1210835218e-24,5.47782054357e-24,5.58196911572e-24,8.16614057386e-24,1.1719618164e-23,1.10627415768e-23,1.04205157144e-23,6.44997051911e-24,3.31941585421e-24,5.31349056182e-24,1.19884319838e-23,1.14434766152e-23,1.95323932285e-23,1.0501459943e-23,8.98217537068e-24,1.18053886436e-23,1.25478093073e-23,1.35405954897e-23,1.94752150124e-23,1.15286010178e-23,1.17807982715e-23,9.70996739779e-24,1.06285541123e-23,8.17336732861e-24,1.15136166049e-23,1.06513506147e-23,6.26577780862e-24,8.12248974453e-24,1.23567408852e-23,8.30187040349e-24,8.49278973091e-24,1.01167395793e-23,9.63008418708e-24],"var":[0.0000199285677809,0.0000102730609797,0.00000146540321566,0.00000175377590494,7.97396126018e-7,8.81079017745e-7,0.00000201318675863,2.43163668756e-7,6.96097828268e-8,8.60293098981e-8,2.37608645648e-7,2.61298993109e-7,3.85154130811e-8,7.3309962545e-8,5.98354574777e-8,1.36801627804e-8,1.48857841609e-8,6.9905339295e-9,3.30487415212e-9,2.82367129678e-9,4.70529004648e-10,1.86388793288e-10,1.48293349822e-10,5.37857397509e-11,6.83443232563e-11,1.2610745781e-10,5.7251151736e-11,1.8538812846e-11,9.25925048439e-12,4.34530753393e-12,1.61728161245e-12,7.95904791726e-13,2.96399081494e-13,9.34954154028e-14,2.3419546196e-14,7.92686212216e-15,4.56026911044e-15,3.70137812544e-15,3.17405543479e-15,2.83232020397e-15]},"melbands_crest":{"dmean":4.32505130768,"dmean2":7.28689908981,"dvar":13.3104343414,"dvar2":37.2542304993,"max":37.5334243774,"mean":16.9861316681,"median":16.4130363464,"min":2.00473690033,"var":39.9278793335},"melbands_flatness_db":{"dmean":0.0411349646747,"dmean2":0.0656177178025,"dvar":0.00173069653101,"dvar2":0.00428561586887,"max":0.742237210274,"mean":0.290759861469,"median":0.27359443903,"min":0.00664561800659,"var":0.00835420470685},"melbands_kurtosis":{"dmean":16.1138858795,"dmean2":26.9074497223,"dvar":1365.99938965,"dvar2":3814.08544922,"max":869.390869141,"mean":27.2990245819,"median":6.72358894348,"min":-1.84247159958,"var":3106.74462891},"melbands_skewness":{"dmean":0.997891187668,"dmean2":1.65430033207,"dvar":1.28324186802,"dvar2":3.57479381561,"max":22.5227165222,"mean":2.96556758881,"median":2.33508372307,"min":-3.66036319733,"var":6.43292808533},"melbands_spread":{"dmean":4.71181201935,"dmean2":7.68887758255,"dvar":58.995765686,"dvar2":142.356582642,"max":308.29019165,"mean":16.3273258209,"median":12.8212432861,"min":0.184772372246,"var":450.398498535},"mfcc":{"cov":[[16075.4306641,3283.76953125,-2204.15869141,245.838699341,-981.375915527,248.502990723,-257.633789062,-131.805618286,-73.7881622314,-214.47052002,-41.1223564148,-81.5562973022,-22.5723514557],[3283.76953125,1832.18115234,-280.80279541,105.652709961,-92.6913299561,136.583572388,44.0300216675,13.7700996399,-2.15462779999,-36.1494369507,6.66922283173,-22.0215206146,22.5757980347],[-2204.15869141,-280.80279541,907.344238281,-28.0627479553,333.156036377,-62.6316719055,123.592430115,53.850818634,26.4119358063,85.7097091675,39.1549453735,47.5690536499,8.69017696381],[245.838699341,105.652709961,-28.0627479553,311.748931885,-40.672908783,46.7251853943,8.48766517639,26.5169944763,2.49110937119,15.4549646378,26.2034111023,-10.7291603088,27.2525043488],[-981.375915527,-92.6913299561,333.156036377,-40.672908783,299.367919922,38.3809928894,105.173828125,31.0954608917,31.2138843536,25.4403648376,-18.1666927338,9.34146022797,6.11037874222],[248.502990723,136.583572388,-62.6316719055,46.7251853943,38.3809928894,146.723968506,39.397693634,33.8039016724,21.3275623322,-12.8380422592,-27.3450622559,-5.90003967285,14.8293685913],[-257.633789062,44.0300216675,123.592430115,8.48766517639,105.173828125,39.397693634,112.241386414,41.2800102234,13.3778057098,4.03373432159,-14.268368721,-9.09182357788,10.9312763214],[-131.805618286,13.7700996399,53.850818634,26.5169944763,31.0954608917,33.8039016724,41.2800102234,68.2301483154,36.9209594727,5.11131715775,-9.66796588898,0.59683996439,9.87744045258],[-73.7881622314,-2.15462779999,26.4119358063,2.49110937119,31.2138843536,21.3275623322,13.3778057098,36.9209594727,66.2521057129,18.171245575,-6.31833457947,11.3712825775,3.47900009155],[-214.47052002,-36.1494369507,85.7097091675,15.4549646378,25.4403648376,-12.8380422592,4.03373432159,5.11131715775,18.171245575,56.2975006104,36.8033218384,12.0204744339,2.58092188835],[-41.1223564148,6.66922283173,39.1549453735,26.2034111023,-18.1666927338,-27.3450622559,-14.268368721,-9.66796588898,-6.31833457947,36.8033218384,69.8871688843,30.2043304443,0.71801006794],[-81.5562973022,-22.0215206146,47.5690536499,-10.7291603088,9.34146022797,-5.90003967285,-9.09182357788,0.59683996439,11.3712825775,12.0204744339,30.2043304443,57.5812454224,13.4881534576],[-22.5723514557,22.5757980347,8.69017696381,27.2525043488,6.11037874222,14.8293685913,10.9312763214,9.87744045258,3.47900009155,2.58092188835,0.71801006794,13.4881534576,40.8351364136]],"icov":[[0.000154251916683,-0.000236948821112,0.000249544798862,-0.0000519291315868,0.00018021541473,0.0000187817986443,-0.0000542888883501,0.000110145483632,0.0000198502293642,-0.000128425977891,0.000242596041062,-0.000287715083687,0.000249111180892],[-0.000236948821112,0.00101571134292,-0.000295565783745,0.0000538848507858,-0.0000335274380632,-0.000600433268119,-0.000463481701445,0.00020642405434,-0.000417120289057,0.000895543314982,-0.00129484257195,0.000906301371288,-0.00066602777224],[0.000249544798862,-0.000295565783745,0.00322633236647,-0.000396185030695,-0.00255037448369,0.0021354786586,-0.000660327204969,-0.00232839933597,0.00234676199034,-0.0032185446471,0.00127846247051,-0.00266283447854,0.00108580698725],[-0.0000519291315868,0.0000538848507858,-0.000396185030695,0.00435643596575,0.000775572785642,-0.00169764459133,0.000445622776169,-0.00129842362367,-0.000195014639758,0.000532827631105,-0.00380564411171,0.00357039505616,-0.00331582012586],[0.00018021541473,-0.0000335274380632,-0.00255037448369,0.000775572785642,0.00938406214118,-0.00287316623144,-0.00572939543054,0.00468586850911,-0.00294185616076,-0.00137540418655,0.00300215254538,-0.00118396501057,0.000858634070028],[0.0000187817986443,-0.000600433268119,0.0021354786586,-0.00169764459133,-0.00287316623144,0.0113795287907,-0.0015270881122,-0.00378778902814,0.000521170266438,-0.00104189570993,0.00420317240059,-0.00283252773806,-0.000473569467431],[-0.0000542888883501,-0.000463481701445,-0.000660327204969,0.000445622776169,-0.00572939543054,-0.0015270881122,0.0192179866135,-0.0099069988355,0.00390035915188,0.00102494307794,-0.00158795167226,0.00489528244361,-0.003253020579],[0.000110145483632,0.00020642405434,-0.00232839933597,-0.00129842362367,0.00468586850911,-0.00378778902814,-0.0099069988355,0.0323607847095,-0.0180327147245,0.00581502681598,-0.00188747548964,0.00289617944509,-0.00294704828411],[0.0000198502293642,-0.000417120289057,0.00234676199034,-0.000195014639758,-0.00294185616076,0.000521170266438,0.00390035915188,-0.0180327147245,0.0330771803856,-0.0188544820994,0.0147964023054,-0.0124587668106,0.00566968508065],[-0.000128425977891,0.000895543314982,-0.0032185446471,0.000532827631105,-0.00137540418655,-0.00104189570993,0.00102494307794,0.00581502681598,-0.0188544820994,0.0454178638756,-0.0303044337779,0.0149126285687,-0.00699065672234],[0.000242596041062,-0.00129484257195,0.00127846247051,-0.00380564411171,0.00300215254538,0.00420317240059,-0.00158795167226,-0.00188747548964,0.0147964023054,-0.0303044337779,0.045027140528,-0.0247783716768,0.0100712198764],[-0.000287715083687,0.000906301371288,-0.00266283447854,0.00357039505616,-0.00118396501057,-0.00283252773806,0.00489528244361,0.00289617944509,-0.0124587668106,0.0149126285687,-0.0247783716768,0.0366337411106,-0.0148271992803],[0.000249111180892,-0.00066602777224,0.00108580698725,-0.00331582012586,0.000858634070028,-0.000473569467431,-0.003253020579,-0.00294704828411,0.00566968508065,-0.00699065672234,0.0100712198764,-0.0148271992803,0.0332828722894]],"mean":[-699.834594727,173.600708008,-8.6131811142,27.4130859375,0.910926163197,19.9794750214,11.1455602646,7.32216310501,5.10543489456,0.350112497807,1.79144394398,0.604993760586,4.83340024948]},"pitch_salience":{"dmean":0.0982831791043,"dmean2":0.163039311767,"dvar":0.0071583436802,"dvar2":0.0189796127379,"max":0.850229382515,"mean":0.505869150162,"median":0.518902659416,"min":0.0430481955409,"var":0.020242953673},"silence_rate_20dB":{"dmean":0,"dmean2":0,"dvar":0,"dvar2":0,"max":1,"mean":1,"median":1,"min":1,"var":0},"silence_rate_30dB":{"dmean":0.124723449349,"dmean2":0.249481394887,"dvar":0.109171018004,"dvar2":0.238138228655,"max":1,"mean":0.729296267033,"median":1,"min":0,"var":0.197416290641},"silence_rate_60dB":{"dmean":0.00580752221867,"dmean2":0.0116166509688,"dvar":0.00577423209324,"dvar2":0.0139729017392,"max":1,"mean":0.0575141720474,"median":0,"min":0,"var":0.0542065314949},"spectral_centroid":{"dmean":162.861221313,"dmean2":255.075515747,"dvar":42315.28125,"dvar2":85065.921875,"max":11066.2275391,"mean":1026.86352539,"median":747.403442383,"min":78.3738250732,"var":1838300.25},"spectral_complexity":{"dmean":2.87002205849,"dmean2":4.52274942398,"dvar":8.33741283417,"dvar2":18.5282421112,"max":47,"mean":16.621181488,"median":17,"min":0,"var":92.1873703003},"spectral_contrast_coeffs":{"dmean":[0.053425733,0.0467079356313,0.0394289344549,0.0286227669567,0.0197534263134,0.0430626198649],"dmean2":[0.0898364856839,0.0776699259877,0.0655923783779,0.0478860102594,0.0324433557689,0.0695830434561],"dvar":[0.00173795118462,0.00136408477556,0.00100710825063,0.000518361863215,0.000285901216557,0.00175425643101],"dvar2":[0.00498429732397,0.00364756351337,0.00276375585236,0.0013973332243,0.000707790895831,0.0044343448244],"max":[-0.41917526722,-0.482713341713,-0.569370746613,-0.597631394863,-0.644550919533,-0.509039640427],"mean":[-0.708978772163,-0.775847017765,-0.793954908848,-0.818832159042,-0.843631982803,-0.773540914059],"median":[-0.708934783936,-0.781633973122,-0.790714979172,-0.812183737755,-0.834379792213,-0.781970739365],"min":[-0.971842825413,-0.968987643719,-0.975598394871,-0.987122416496,-0.969689011574,-0.960717916489],"var":[0.00502807972953,0.00641746073961,0.00512534333393,0.00357423652895,0.00201253662817,0.00635410752147]},"spectral_contrast_valleys":{"dmean":[0.391778498888,0.395269483328,0.356079816818,0.322585254908,0.33559679985,0.7059071064],"dmean2":[0.655018031597,0.645564675331,0.578531324863,0.512652337551,0.522613704205,1.14929020405],"dvar":[0.114248268306,0.139857828617,0.130538031459,0.137260660529,0.157798990607,0.404712021351],"dvar2":[0.286734104156,0.333012282848,0.30316644907,0.309777379036,0.342378556728,1.0154389143],"max":[-5.14135551453,-4.38085174561,-5.0445561409,-5.59598588943,-6.01614093781,-8.88000869751],"mean":[-6.87947130203,-6.84315872192,-7.17967033386,-7.77376651764,-8.11849784851,-11.2399635315],"median":[-6.38172340393,-6.40324354172,-6.63654088974,-7.2383556366,-7.60554933548,-10.9922780991],"min":[-27.4124755859,-26.962184906,-27.385925293,-27.2193660736,-27.3058261871,-27.2522468567],"var":[4.69519519806,3.71581053734,3.73371863365,3.38344192505,2.74981951714,1.71843528748]},"spectral_decrease":{"dmean":1.62784563607e-9,"dmean2":2.66304822638e-9,"dvar":5.94750180974e-18,"dvar2":1.61041758594e-17,"max":3.8728462215e-8,"mean":-2.23097473828e-9,"median":-5.44832234883e-10,"min":-2.69206257286e-8,"var":1.3997158242e-17},"spectral_energy":{"dmean":0.0258175693452,"dmean2":0.0415271297097,"dvar":0.000721616204828,"dvar2":0.00187885086052,"max":0.332606494427,"mean":0.0759392678738,"median":0.0712539851665,"min":1.07183866576e-20,"var":0.0025596069172},"spectral_energyband_high":{"dmean":0.00030907423934,"dmean2":0.000468876241939,"dvar":3.45733667473e-7,"dvar2":7.6474952948e-7,"max":0.0178714506328,"mean":0.000853091012686,"median":0.000496261753142,"min":7.5666136507e-21,"var":0.00000122797223412},"spectral_energyband_low":{"dmean":0.0120364688337,"dmean2":0.019758168608,"dvar":0.000167138729012,"dvar2":0.000443052646006,"max":0.163021877408,"mean":0.0225437898189,"median":0.0179502181709,"min":8.76077303793e-23,"var":0.000351100170519},"spectral_energyband_middle_high":{"dmean":0.00237285112962,"dmean2":0.00371353561059,"dvar":0.0000140971569635,"dvar2":0.0000350896989403,"max":0.0652926489711,"mean":0.00690553756431,"median":0.00360325607471,"min":1.76156492301e-21,"var":0.0000666833220748},"spectral_energyband_middle_low":{"dmean":0.00442194845527,"dmean2":0.00695229321718,"dvar":0.0000387638901884,"dvar2":0.0000904782136786,"max":0.0988399758935,"mean":0.0130715919659,"median":0.0083244331181,"min":2.1599445774e-22,"var":0.000190958206076},"spectral_entropy":{"dmean":0.220197662711,"dmean2":0.346585273743,"dvar":0.0712600722909,"dvar2":0.191199705005,"max":9.81422901154,"mean":7.40503168106,"median":7.42160415649,"min":4.59110498428,"var":0.218209654093},"spectral_flux":{"dmean":0.0355939902365,"dmean2":0.0581844449043,"dvar":0.0011604456231,"dvar2":0.00295078544877,"max":0.443161457777,"mean":0.143155783415,"median":0.145455643535,"min":1.03529643192e-10,"var":0.00391728570685},"spectral_kurtosis":{"dmean":5.7724814415,"dmean2":9.24753189087,"dvar":44.5758132935,"dvar2":110.006225586,"max":91.5070266724,"mean":21.815071106,"median":21.1635169983,"min":-1.35009145737,"var":112.639472961},"spectral_rms":{"dmean":0.00145494972821,"dmean2":0.00231236568652,"dvar":0.00000180658105364,"dvar2":0.00000463903688797,"max":0.018013721332,"mean":0.00795046240091,"median":0.00833763089031,"min":3.23372275138e-12,"var":0.0000108772346721},"spectral_rolloff":{"dmean":94.9947128296,"dmean2":171.744445801,"dvar":697655.375,"dvar2":1909200.375,"max":22050,"mean":21602.5,"median":21985.4003906,"min":279.931640625,"var":3461154.75},"spectral_skewness":{"dmean":0.432191997766,"dmean2":0.684375286102,"dvar":0.218190938234,"dvar2":0.530760407448,"max":7.7758140564,"mean":3.32315421104,"median":3.34052610397,"min":-0.371698230505,"var":1.01087749004},"spectral_spread":{"dmean":616175.6875,"dmean2":981446.875,"dvar":466484363264,"dvar2":1031051280380,"max":40187080,"mean":4708932.5,"median":4130519.75,"min":1847608.25,"var":5084304375810},"spectral_strongpeak":{"dmean":40.4364356995,"dmean2":71.9544830322,"dvar":2180.99926758,"dvar2":5661.96191406,"max":400.750762939,"mean":37.780620575,"median":2.21682596207,"min":0,"var":2704.81933594},"zerocrossingrate":{"dmean":0.0404068939388,"dmean2":0.0534297600389,"dvar":0.0015303977998,"dvar2":0.00259927147999,"max":0.8623046875,"mean":0.456924110651,"median":0.4580078125,"min":0.14404296875,"var":0.00741016212851}},"metadata":{"audio_properties":{"analysis_sample_rate":44100,"bit_rate":160000,"codec":"mp3","downmix":"mix","equal_loudness":0,"length":167.915100098,"lossless":false,"md5_encoded":"882a3fa15e80b54eda7f9b1b156e9b47","replay_gain":-2.39771270752,"sample_rate":44100},"tags":{"album":["Fresh Cream"],"album artist credit":["Cream"],"albumartist":["Cream"],"albumartistsort":["Cream"],"artist":["Cream"],"artist credit":["Cream"],"artistsort":["Cream"],"asin":["B0000067L1"],"bpm":["0"],"catalognumber":["531 810-2"],"composer":["Jack Bruce"],"date":["1997"],"discnumber":["1/1"],"encodedby":["iTunes v4.8.0.32"],"file_name":"02 - Cream - N.S.U_.mp3","genre":["Rock - Classic Rock"],"label":["Polydor"],"language":["eng"],"media":["CD"],"musicbrainz album release country":["GB"],"musicbrainz album status":["Official"],"musicbrainz album type":["album"],"musicbrainz_albumartistid":["04cd0cfd-bfd1-4c36-bc38-95c35e2c045f"],"musicbrainz_albumid":["f92bdc34-4400-3027-8389-d1517ef5d615"],"musicbrainz_artistid":["04cd0cfd-bfd1-4c36-bc38-95c35e2c045f"],"musicbrainz_recordingid":["1022e948-b66f-43e8-bb47-e91c64fc6f40"],"musicbrainz_releasegroupid":["38d65202-a589-38ad-bf19-6161193340ee"],"originaldate":["1966-12-09"],"replaygain_album_gain":["0.00 dB"],"replaygain_album_peak":["0.000000"],"replaygain_track_gain":["-2.35 dB"],"replaygain_track_peak":["0.886475"],"script":["Latn"],"title":["N.S.U."],"tracknumber":["2/11"]},"version":{"essentia":"2.1-beta1","essentia_build_sha":"5a811adb4c06fd6d02ca903f7349a26d851abfa8","essentia_git_sha":"v2.1_beta1-34-gf95df8b","extractor":"music 1.0"}},"rhythm":{"beats_count":378,"beats_loudness":{"dmean":0.0343197733164,"dmean2":0.0580775775015,"dvar":0.00101647339761,"dvar2":0.00272098695859,"max":0.24968059361,"mean":0.0870706140995,"median":0.083523504436,"min":1.25750432289e-8,"var":0.00252951751463},"beats_loudness_band_ratio":{"dmean":[0.0790474563837,0.0536969788373,0.0456413589418,0.0435443073511,0.010584499687,0.0866784825921],"dmean2":[0.134825974703,0.09454687684