{"lowlevel":{"average_loudness":0.801416695118,"barkbands":{"dmean":[0.00136172340717,0.00522525561973,0.00195285957307,0.00118328630924,0.00291032902896,0.00123650603928,0.000831738929264,0.000923465006053,0.000765788485296,0.000821780413389,0.000664185965434,0.000766165670939,0.000379372533644,0.000309935508994,0.000287807633867,0.000140976670082,0.000100601682789,0.000103365622635,0.0000738627495593,0.000069133908255,0.0000778189642006,0.000038678310375,0.0000125710030261,0.0000038080665945,0.00000209279301089,0.0000180839706445,0.000234561710386],"dmean2":[0.00216103508137,0.00861075520515,0.00323761766776,0.00200578919612,0.00455403327942,0.00196506991051,0.00131997896824,0.00146513746586,0.00120685703587,0.00130698329303,0.0010628598975,0.0012195330346,0.000589273287915,0.000510262267198,0.000456211710116,0.00022383153555,0.000160663636052,0.00016127579147,0.000107555257273,0.0000991704218904,0.000107973406557,0.0000540257751709,0.0000180947463377,0.0000056904232224,0.00000339651933245,0.0000245816045208,0.00032703395118],"dvar":[0.0000145972508108,0.000104360093246,0.0000169963113876,0.00000556051554668,0.0000540571309102,0.00000683925145495,0.0000027819717161,0.00000730175588615,0.00000723771472622,0.00000583229120821,0.0000119941214507,0.00000539909342478,0.00000221180107474,5.26731184891e-7,7.66214782288e-7,1.20829000139e-7,1.20926316072e-7,7.40480174954e-8,5.36843636212e-8,1.81961681278e-7,8.42513827592e-8,9.85715331581e-9,9.77450786976e-10,6.08116265677e-11,1.55626986992e-11,2.35056063502e-9,1.94592075786e-7],"dvar2":[0.0000345900771208,0.00027472191141,0.0000444184152002,0.0000154006938828,0.000118077950901,0.0000175059813046,0.00000711022903488,0.0000179008075065,0.0000166938407347,0.0000146492029671,0.0000292076510959,0.0000127400371639,0.00000450239986094,0.00000126931263367,0.00000193693767869,3.08180204911e-7,2.69130651986e-7,1.84640043699e-7,1.14441220944e-7,3.66151596154e-7,1.64458512586e-7,1.93200015985e-8,1.968765595e-9,1.27204316525e-10,3.66808389218e-11,4.36805036585e-9,3.61263829518e-7],"max":[0.07067514956,0.142752587795,0.0727116167545,0.0328799299896,0.33159506321,0.0677393078804,0.0417031794786,0.0825041756034,0.113797776401,0.135790854692,0.137956038117,0.0658845230937,0.0580314025283,0.0239546224475,0.032916802913,0.0107789393514,0.0226263552904,0.00761925941333,0.00938812550157,0.0225359443575,0.0143915265799,0.00366136571392,0.000679234333802,0.000178123722435,0.0000791256679804,0.00111922901124,0.0161361843348],"mean":[0.0014307575766,0.00704801687971,0.00261756032705,0.00137864344288,0.00485326349735,0.00189156201668,0.00126482301857,0.00133546837606,0.00113472901285,0.00129776296671,0.000919179583434,0.00116840237752,0.000590628536884,0.00049499218585,0.000483643991174,0.000243355956627,0.000164853365277,0.000177680281922,0.000125811333419,0.000119393364002,0.000140787786222,0.0000690914603183,0.0000201226430363,0.00000572882754568,0.00000240946087615,0.0000306880101562,0.000613407057244],"median":[0.000304967281409,0.00230615818873,0.000772999541368,0.000589899078477,0.00203621736728,0.000799472443759,0.000557583931368,0.000340548634995,0.000327889691107,0.000430661806604,0.00017571792705,0.000330290495185,0.00013516760373,0.000197043060325,0.000134778762003,0.0000728471495677,0.0000593042059336,0.000042557832785,0.0000266291535809,0.0000226881693379,0.0000237385902437,0.0000139010062412,0.00000451213509223,0.0000021872247089,9.57504425969e-7,0.00000668371649226,0.000297253136523],"min":[2.5832487867e-25,5.52205473554e-24,1.65082071876e-24,6.11165795496e-25,5.06688672639e-24,1.0558672869e-23,1.06488909464e-23,7.26627352864e-24,2.23840323153e-23,2.57479529408e-23,1.59823534942e-23,3.1523531794e-23,2.34863660339e-23,3.47806595856e-23,5.19003517122e-23,6.68048119764e-23,5.19500499492e-23,6.53704356588e-23,1.27646592816e-22,1.69390675918e-22,2.24001383306e-22,3.62491582394e-22,4.31301685103e-22,5.93020240644e-22,9.40118231148e-22,1.35841443982e-21,1.89864082703e-21],"var":[0.0000147216069308,0.00013102099183,0.0000229311026487,0.00000558328565603,0.000113820133265,0.0000127146495288,0.00000466854999104,0.0000168017231772,0.0000122594692584,0.00000981819448498,0.0000190070513781,0.0000105945800897,0.00000444125998911,0.00000102338026409,0.00000173885655386,2.4158904921e-7,2.04006695981e-7,1.99780814114e-7,1.21012377008e-7,3.06722483856e-7,1.8375952493e-7,2.31536461115e-8,2.17271867164e-9,1.14167023058e-10,1.88237463811e-11,5.54528911678e-9,7.7671904819e-7]},"barkbands_crest":{"dmean":2.97372484207,"dmean2":4.85737705231,"dvar":6.81352996826,"dvar2":17.4165611267,"max":25.8495311737,"mean":9.90871047974,"median":9.02893829346,"min":3.06808519363,"var":17.2188625336},"barkbands_flatness_db":{"dmean":0.0240388773382,"dmean2":0.0371864810586,"dvar":0.00047112183529,"dvar2":0.00111565028783,"max":0.376661717892,"mean":0.133872449398,"median":0.130480036139,"min":0.0206832550466,"var":0.00229242257774},"barkbands_kurtosis":{"dmean":5.09952116013,"dmean2":8.23972129822,"dvar":104.065589905,"dvar2":264.459960938,"max":251.21913147,"mean":8.90250492096,"median":5.15545225143,"min":-1.84684360027,"var":177.934814453},"barkbands_skewness":{"dmean":0.670034945011,"dmean2":1.03961205482,"dvar":0.51471465826,"dvar2":1.2348998785,"max":12.3830566406,"mean":2.10978102684,"median":1.92713022232,"min":-2.67221212387,"var":1.94510662556},"barkbands_spread":{"dmean":7.09719800949,"dmean2":10.8897380829,"dvar":65.2733612061,"dvar2":140.986541748,"max":129.753051758,"mean":25.5201816559,"median":20.5971679688,"min":0.757960617542,"var":307.826660156},"dissonance":{"dmean":0.0233933702111,"dmean2":0.0394223220646,"dvar":0.000507189717609,"dvar2":0.00138506724034,"max":0.500000059605,"mean":0.458906263113,"median":0.466603457928,"min":0.203540697694,"var":0.000995712005533},"dynamic_complexity":4.36570882797,"erbbands":{"dmean":[0.195524826646,1.06372642517,2.22251677513,3.06313109398,7.0172996521,10.3147621155,9.28065490723,10.8512401581,13.6482028961,13.1811704636,20.8630065918,16.8441753387,26.9675998688,21.2342281342,26.5590858459,34.104385376,16.7865867615,15.2839050293,17.3176250458,8.89089488983,6.4246096611,5.26425981522,5.71330070496,4.5077085495,3.04645633698,3.26652956009,3.60482859612,2.66905927658,1.49005007744,0.758138298988,0.283352345228,0.105654984713,0.0528796203434,0.0246428418905,0.015149122104,0.0206979960203,0.032847546041,0.0593738444149,0.0278038103133,0.0052818688564],"dmean2":[0.327421218157,1.75482583046,3.65307211876,5.08760356903,11.3908586502,16.168888092,14.2700271606,17.3469333649,21.7490215302,21.3815917969,32.83045578,26.7006282806,42.2298736572,33.5669250488,42.0705299377,54.3128890991,26.0397720337,24.8228740692,27.516084671,14.1633005142,10.0425395966,8.33267211914,8.85161876678,6.71965026855,4.3462729454,4.6676940918,5.21305370331,3.73157262802,2.07233929634,1.0730381012,0.403018146753,0.154738500714,0.0806395560503,0.0394478105009,0.0244249347597,0.0295749250799,0.0435806065798,0.07821110636,0.0364012047648,0.00755484960973],"dvar":[0.203806102276,3.93929791451,21.3065738678,39.9543800354,146.736022949,1327.13012695,687.424072266,616.037719727,690.664306641,1487.55895996,3899.29711914,3337.83642578,4227.76318359,7703.75488281,16270.4697266,10246.1894531,3917.8347168,1236.96264648,3051.84838867,413.909576416,312.319763184,417.227600098,220.683776855,215.276992798,98.4006729126,434.52243042,368.429382324,61.7306594849,14.5100307465,3.37273716927,0.479393154383,0.0519190691411,0.011491689831,0.00205701659434,0.000803195347544,0.00255864579231,0.00708827143535,0.0212667193264,0.00670815818012,0.0000700419186614],"dvar2":[0.550113737583,10.2617883682,54.8107376099,107.257339478,367.607055664,2947.64428711,1455.42175293,1588.75244141,1803.17126465,3577.67529297,9601.74414062,7911.00048828,10649.6767578,18698.1230469,39594.6601562,25089.8769531,8123.60888672,2808.77612305,7580.31005859,969.295898438,744.091247559,889.839233398,528.591308594,490.474945068,209.98588562,807.58795166,801.387207031,115.176811218,26.8988704681,6.48294448853,0.943681895733,0.108402535319,0.0239791180938,0.00476877763867,0.00188677071128,0.00481541035697,0.0126386685297,0.0369759574533,0.012268264778,0.000135051988764],"max":[7.01673460007,22.0620441437,74.2627487183,91.5000457764,261.22052002,1723.85913086,867.652709961,694.864929199,581.213623047,1174.11254883,2062.82836914,2125.34814453,2021.88769531,4707.31005859,4644.24853516,2624.11816406,2472.40795898,1460.31176758,2019.82958984,774.830322266,818.700073242,1405.89819336,497.379821777,736.405029297,318.877349854,1121.9206543,1127.58581543,388.016357422,140.775283813,36.7955207825,14.8023672104,4.96856641769,2.51895737648,0.849576354027,0.593508899212,1.18930804729,1.85841441154,3.41147112846,4.57450437546,0.264754593372],"mean":[0.22596219182,1.4692902565,3.27480173111,4.03755187988,10.9498491287,15.507932663,14.4046878815,16.3598480225,21.6825714111,19.1783714294,31.4327259064,26.5735874176,40.9893531799,34.5081214905,40.030632019,52.9761543274,28.742143631,26.4675445557,29.7734775543,17.3511180878,11.9830236435,9.26820659637,10.132516861,7.95763158798,5.27066421509,5.74987792969,6.40087938309,4.74506664276,2.70712995529,1.28907394409,0.463268369436,0.164364308119,0.0771706029773,0.0305852144957,0.0175074636936,0.0325682871044,0.0577645041049,0.110014863312,0.0592394843698,0.0168764386326],"median":[0.0751400887966,0.4226962924,0.945875287056,1.88271594048,5.05053377151,5.07764291763,3.72928237915,7.09235668182,9.61203575134,6.04042196274,8.33526229858,9.28415679932,13.5675621033,11.9214191437,10.7841300964,15.0276737213,7.97090530396,11.2304286957,8.43407249451,6.16789054871,4.16573810577,3.32605266571,2.53060221672,1.81209206581,1.20657587051,1.10100841522,1.08469474316,0.781536340714,0.529731750488,0.268539130688,0.115297615528,0.0589240640402,0.0305174067616,0.0128589291126,0.00696204230189,0.0108979241922,0.0141366012394,0.0198733657598,0.0142639260739,0.0114154610783],"min":[4.18280399902e-23,7.79761312638e-22,2.40190974978e-21,7.5428297847e-21,1.2673957948e-20,1.48221088403e-20,3.66170788257e-20,9.46766242957e-20,1.01096650911e-19,2.29838957438e-19,3.27225593441e-19,4.7452203286e-19,7.52993988738e-19,7.00383182129e-19,1.07494116174e-18,1.18043729553e-18,1.0158507909e-18,1.9283015237e-18,2.92309829327e-18,3.95794342578e-18,3.71443923783e-18,4.01401882669e-18,5.07706668219e-18,6.43659509438e-18,8.21481089978e-18,8.96713083972e-18,9.45925036463e-18,8.81503631331e-18,1.18001805971e-17,1.24872566663e-17,1.24925026457e-17,1.07796556154e-17,1.01224523469e-17,9.63537366065e-18,6.15465513208e-18,4.42915678789e-18,2.14271790541e-18,1.02577240876e-18,2.48743420705e-19,2.24953867847e-20],"var":[0.187844395638,5.83447313309,33.864654541,44.0254211426,326.490966797,2277.40771484,1629.10412598,1114.57434082,1411.94006348,2454.30371094,9341.16113281,5761.12646484,6318.53808594,12560.0957031,26252.3945312,19019.2421875,8280.078125,2621.76464844,7466.58789062,1049.16052246,593.857421875,740.686706543,627.988647461,497.433959961,198.591400146,760.647216797,609.67199707,160.347900391,36.7630195618,7.94004440308,1.10672855377,0.100903011858,0.0207781139761,0.00269934860989,0.000984123209491,0.00521966535598,0.0176866278052,0.0584551729262,0.0184742379934,0.000325985718518]},"erbbands_crest":{"dmean":3.33632898331,"dmean2":5.42105531693,"dvar":9.85677909851,"dvar2":24.4493350983,"max":31.9097518921,"mean":10.0387067795,"median":8.79721450806,"min":2.29603219032,"var":25.4040031433},"erbbands_flatness_db":{"dmean":0.0208452679217,"dmean2":0.0312206279486,"dvar":0.000346226937836,"dvar2":0.000732516811695,"max":0.348737597466,"mean":0.14746260643,"median":0.146583765745,"min":0.0387016125023,"var":0.00177418824751},"erbbands_kurtosis":{"dmean":1.32963967323,"dmean2":2.12455224991,"dvar":4.64710521698,"dvar2":10.576294899,"max":66.917137146,"mean":1.22081589699,"median":0.355864882469,"min":-1.83310770988,"var":10.0932092667},"erbbands_skewness":{"dmean":0.393362820148,"dmean2":0.612880170345,"dvar":0.134321093559,"dvar2":0.316430658102,"max":4.86448431015,"mean":0.295791208744,"median":0.247610628605,"min":-3.90457057953,"var":0.593861162663},"erbbands_spread":{"dmean":6.96971130371,"dmean2":10.7024774551,"dvar":50.6375236511,"dvar2":113.472991943,"max":120.523353577,"mean":28.1668548584,"median":25.5715312958,"min":1.44144749641,"var":195.280944824},"gfcc":{"cov":[[21584.9375,1271.23046875,-1357.80993652,32.6136322021,251.128616333,-378.065826416,363.118347168,-464.785552979,231.958679199,20.8558921814,-131.59463501,61.489730835,-157.7059021],[1271.23046875,1039.87109375,123.044662476,-243.762390137,57.2037315369,77.8657608032,-57.2139968872,38.8205490112,2.72480368614,-35.8954734802,55.6418838501,-102.50958252,105.491394043],[-1357.80993652,123.044662476,474.319976807,139.174987793,-10.5254602432,156.835357666,-46.2402839661,114.019447327,-26.2527980804,26.8025474548,27.0653438568,-22.6505069733,10.7785434723],[32.6136322021,-243.762390137,139.174987793,338.890991211,124.738861084,21.8574695587,89.37449646,9.08661842346,9.02690124512,33.260509491,-6.87993717194,45.4398002625,-41.6763954163],[251.128616333,57.2037315369,-10.5254602432,124.738861084,258.054138184,81.2858123779,84.1662521362,-1.97049319744,25.5494670868,11.5247125626,33.015460968,12.8254117966,4.99685525894],[-378.065826416,77.8657608032,156.835357666,21.8574695587,81.2858123779,259.208770752,17.8049983978,82.5218048096,-5.41644620895,33.779384613,29.252199173,-0.714487552643,21.8292617798],[363.118347168,-57.2139968872,-46.2402839661,89.37449646,84.1662521362,17.8049983978,199.130126953,27.2745933533,53.3889846802,15.9934625626,-6.77643251419,36.1654968262,-17.1057395935],[-464.785552979,38.8205490112,114.019447327,9.08661842346,-1.97049319744,82.5218048096,27.2745933533,174.956802368,54.5171051025,21.0402336121,21.8787288666,-18.6119480133,15.7324781418],[231.958679199,2.72480368614,-26.2527980804,9.02690124512,25.5494670868,-5.41644620895,53.3889846802,54.5171051025,122.820137024,54.749786377,-0.714691340923,9.73029518127,-17.0915527344],[20.8558921814,-35.8954734802,26.8025474548,33.260509491,11.5247125626,33.779384613,15.9934625626,21.0402336121,54.749786377,90.2476196289,34.4264984131,17.3077754974,-5.78080129623],[-131.59463501,55.6418838501,27.0653438568,-6.87993717194,33.015460968,29.252199173,-6.77643251419,21.8787288666,-0.714691340923,34.4264984131,95.1626052856,24.4642372131,11.7646398544],[61.489730835,-102.50958252,-22.6505069733,45.4398002625,12.8254117966,-0.714487552643,36.1654968262,-18.6119480133,9.73029518127,17.3077754974,24.4642372131,87.3015289307,9.79202461243],[-157.7059021,105.491394043,10.7785434723,-41.6763954163,4.99685525894,21.8292617798,-17.1057395935,15.7324781418,-17.0915527344,-5.78080129623,11.7646398544,9.79202461243,83.4070205688]],"icov":[[0.000117481074994,-0.000485158001538,0.000748681195546,-0.000713004497811,0.00039707205724,-0.000241130866925,0.0000931113172555,-0.00000966878360487,0.0000320957296935,-0.000172534506419,0.000202896801056,-0.000263571186224,0.000439912808361],[-0.000485158001538,0.0042530419305,-0.00474747689441,0.00495465472341,-0.00266446778551,0.00113335286733,-0.00118013063911,0.00174704624806,-0.00224171020091,0.00250815553591,-0.00272871227935,0.00378222251311,-0.004260500893],[0.000748681195546,-0.00474747689441,0.0108992941678,-0.00995303876698,0.00607070652768,-0.00475056003779,0.002691231668,-0.00229388405569,0.00105678976979,-0.000924578635022,0.000274765392533,-0.000990974600427,0.00313263083808],[-0.000713004497811,0.00495465472341,-0.00995303876698,0.0157512016594,-0.0102196400985,0.006348118186,-0.00282534072176,-0.00189329509158,0.00498592900112,-0.00493231788278,0.00443318951875,-0.00303727108985,0.000681631267071],[0.00039707205724,-0.00266446778551,0.00607070652768,-0.0102196400985,0.0129866432399,-0.00700966641307,-0.000947338179685,0.00488258199766,-0.00726368371397,0.0069826724939,-0.0074027874507,0.00471665756777,-0.00234303227626],[-0.000241130866925,0.00113335286733,-0.00475056003779,0.006348118186,-0.00700966641307,0.00986797828227,-0.000841357978061,-0.00520223239437,0.00727692712098,-0.00735238287598,0.00481492746621,-0.00353000941686,0.00125940237194],[0.0000931113172555,-0.00118013063911,0.002691231668,-0.00282534072176,-0.000947338179685,-0.000841357978061,0.0085594272241,-0.00266038649715,-0.00105204223655,-0.000065071231802,0.00243004458025,-0.0040786229074,0.00235929968767],[-0.00000966878360487,0.00174704624806,-0.00229388405569,-0.00189329509158,0.00488258199766,-0.00520223239437,-0.00266038649715,0.0156850889325,-0.0136164072901,0.00990998838097,-0.00957174692303,0.0091709876433,-0.00714263971895],[0.0000320957296935,-0.00224171020091,0.00105678976979,0.00498592900112,-0.00726368371397,0.00727692712098,-0.00105204223655,-0.0136164072901,0.0280564315617,-0.021310409531,0.0141209643334,-0.0102543160319,0.00961833167821],[-0.000172534506419,0.00250815553591,-0.000924578635022,-0.00493231788278,0.0069826724939,-0.00735238287598,-0.000065071231802,0.00990998838097,-0.021310409531,0.0311314109713,-0.0169016420841,0.00817292183638,-0.00700494367629],[0.000202896801056,-0.00272871227935,0.000274765392533,0.00443318951875,-0.0074027874507,0.00481492746621,0.00243004458025,-0.00957174692303,0.0141209643334,-0.0169016420841,0.0248816702515,-0.0135179813951,0.00730129797012],[-0.000263571186224,0.00378222251311,-0.000990974600427,-0.00303727108985,0.00471665756777,-0.00353000941686,-0.0040786229074,0.0091709876433,-0.0102543160319,0.00817292183638,-0.0135179813951,0.0248889885843,-0.0111467428505],[0.000439912808361,-0.004260500893,0.00313263083808,0.000681631267071,-0.00234303227626,0.00125940237194,0.00235929968767,-0.00714263971895,0.00961833167821,-0.00700494367629,0.00730129797012,-0.0111467428505,0.0215516723692]],"mean":[-29.9762783051,91.1825408936,-85.1846389771,-11.0289402008,-17.3342456818,-17.287481308,0.419751167297,-21.5791568756,-5.33549547195,-6.70843744278,-10.3154430389,-1.57259130478,-7.59244966507]},"hfc":{"dmean":65.1037216187,"dmean2":100.350074768,"dvar":11457.6513672,"dvar2":26562.5859375,"max":1613.57470703,"mean":157.204620361,"median":117.31187439,"min":1.09775536139e-16,"var":22221.8007812},"melbands":{"dmean":[0.00159623811487,0.0011975064408,0.00059421925107,0.000621109327767,0.000370883644791,0.000251267076237,0.00019815081032,0.000153326269356,0.00016182581021,0.000110527616926,0.000136418660986,0.0000864642497618,0.0000930248279474,0.0000915520795388,0.0000629376154393,0.0000306563742924,0.0000312061565637,0.0000298575978377,0.0000164460452652,0.0000111162280518,0.00000794611969468,0.00000608685513726,0.00000490335241921,0.00000555517499379,0.000003787446758,0.00000253878761214,0.00000199069495466,0.00000239450741901,0.00000247872253567,0.00000202560909202,0.00000150858886627,9.62513468039e-7,5.87040119626e-7,3.79217937052e-7,1.86763315924e-7,8.91594282848e-8,5.63892008643e-8,4.03200495214e-8,2.64334243383e-8,1.89876949719e-8],"dmean2":[0.00261564436369,0.00196200981736,0.000978216761723,0.000988946179859,0.00056841498008,0.000400400109356,0.000315174460411,0.000248847849434,0.000254952843534,0.0001753824763,0.000213485793211,0.000137284456287,0.000148304490722,0.000144994410221,0.000099805816717,0.0000488461009809,0.0000515829087817,0.000047423527576,0.0000261464065261,0.0000177462934516,0.0000125856449813,0.0000097192805697,0.00000771577560954,0.00000869736140885,0.0000057072720665,0.00000378395270673,0.00000287191210191,0.00000347260379385,0.00000373738475901,0.00000293613561553,0.00000215184240915,0.00000139348367156,8.45571491936e-7,5.56596944534e-7,2.69467136604e-7,1.33551139925e-7,8.53355359709e-8,6.20585467459e-8,4.1502797643e-8,3.08020062789e-8],"dvar":[0.000011243649169,0.00000526131270817,0.00000115541752166,0.00000237336439568,0.0000013297822079,3.09461825054e-7,1.42284150684e-7,1.92244399955e-7,2.21883396989e-7,1.57899279429e-7,1.09805512238e-7,1.35728939199e-7,2.37474978348e-7,8.84936355305e-8,5.33192547891e-8,9.32268129361e-9,5.46704015392e-9,9.05673136486e-9,2.03237315866e-9,6.30819174674e-10,5.94522986397e-10,7.4438999409e-10,1.44375164601e-10,2.65021171675e-10,1.8727934481e-10,6.25954982292e-11,5.46516339128e-11,2.94368029952e-10,2.19662815715e-10,4.59394501606e-11,2.08351409042e-11,6.48722915664e-12,2.19868762953e-12,9.09547827679e-13,2.25250509434e-13,4.41060999301e-14,1.47103737611e-14,7.31526621776e-15,2.46268201381e-15,1.28422445018e-15],"dvar2":[0.000029526578146,0.0000134286392495,0.00000308776520797,0.00000557289286007,0.00000268997928288,8.06156265298e-7,3.71665379362e-7,4.58410397641e-7,5.43474129699e-7,3.68281462215e-7,2.7586906981e-7,3.28502068214e-7,5.69717769849e-7,2.053777024e-7,1.21646579032e-7,2.04423411532e-8,1.27707302511e-8,2.19438440752e-8,4.88016649314e-9,1.56228396886e-9,1.49245005243e-9,1.65772284788e-9,3.49181822346e-10,6.39045760753e-10,4.28053231749e-10,1.43153183751e-10,1.10550568699e-10,5.80635206582e-10,5.0970166976e-10,9.52601469928e-11,4.16075819631e-11,1.30777619636e-11,4.48909182396e-12,1.84880214436e-12,4.63609673654e-13,9.57226309393e-14,3.26502605334e-14,1.54178190668e-14,5.43293454523e-15,3.04131732514e-15],"max":[0.0510373041034,0.0317064896226,0.0155603541061,0.0565668381751,0.0526216924191,0.0151843167841,0.00805219169706,0.0157478097826,0.0147617580369,0.0171672794968,0.0104584824294,0.0209829453379,0.0209102965891,0.00969898421317,0.00747346458957,0.0032139280811,0.00289959763177,0.00315625476651,0.00176067138091,0.000704152218532,0.00104119908065,0.00196729227901,0.000416724651586,0.00047686212929,0.000707550265361,0.000256861705566,0.000327578454744,0.000923172163311,0.000884711334947,0.000332357041771,0.0002445182472,0.000098868207715,0.000034890454117,0.0000182727326319,0.0000110297332867,0.00000537903042641,0.00000253896359936,0.00000205598735192,0.00000119189064662,7.16877252671e-7],"mean":[0.00204741745256,0.00185121409595,0.00088256096933,0.000985232414678,0.00057312939316,0.000385137769626,0.000314997712849,0.000221928043175,0.000243923466769,0.000165954130352,0.000204253185075,0.000136682516313,0.000131915003294,0.000140501899295,0.0000990146800177,0.0000485784075863,0.0000492084400321,0.0000488250661874,0.0000286634149234,0.0000192918505491,0.0000131037613755,0.00000987490329862,0.00000789386740507,0.0000096367284641,0.00000616188708591,0.00000405096488976,0.00000327218572238,0.00000396483255827,0.00000418886247644,0.00000336885295837,0.00000255218333223,0.0000016663510678,9.8559860362e-7,6.05416857979e-7,2.93015290254e-7,1.35456573958e-7,8.36950562189e-8,5.80944075068e-8,3.59870284683e-8,2.16761986138e-8],"median":[0.000707979022991,0.000587123387959,0.000478589150589,0.000421709293732,0.000136909715366,0.000168269267306,0.00014237598225,0.0000651289301459,0.0000622219959041,0.0000536818552064,0.0000648983987048,0.0000430152213085,0.0000271034514299,0.0000407731859013,0.0000246777781285,0.0000141650380101,0.0000198680208996,0.0000129755153466,0.00000896204073797,0.00000657074406263,0.00000421058757638,0.00000335738468493,0.00000246659737968,0.00000190361345176,0.00000132118839247,8.66852815307e-7,7.20870048099e-7,7.08743471023e-7,6.74262423672e-7,5.50911749997e-7,4.0602768081e-7,3.25560904457e-7,1.91708735997e-7,1.12977481592e-7,6.57201724152e-8,4.37921414687e-8,3.16518793397e-8,2.23600924443e-8,1.53363153288e-8,8.49286330151e-9],"min":[1.15657066682e-24,1.36149710708e-24,1.4361088534e-24,8.51915740667e-25,1.2585682125e-24,2.03930799191e-24,1.75297791016e-24,2.44675997427e-24,2.15675912551e-24,3.6020446006e-24,3.30837436534e-24,2.64836363379e-24,3.25261195732e-24,3.35571686649e-24,2.65581758049e-24,2.39001247619e-24,2.7136095304e-24,3.82345931846e-24,3.58805178586e-24,4.13730013543e-24,3.44046932113e-24,3.24250724076e-24,4.30639562591e-24,4.14450085777e-24,4.35923786807e-24,4.38271397418e-24,4.88011720176e-24,5.25402701565e-24,4.07204437806e-24,4.40116700848e-24,5.09495281968e-24,6.02161115896e-24,4.81027421823e-24,6.26232930318e-24,5.9266650437e-24,6.08025783967e-24,5.78153909183e-24,6.38114556057e-24,7.13251506241e-24,6.4603140633e-24],"var":[0.0000122319461298,0.00000907589492272,0.00000152154279931,0.00000415953627453,0.00000316773275699,5.79082211516e-7,2.8616531722e-7,3.47058517036e-7,5.24455629147e-7,2.54359207474e-7,1.6442366757e-7,2.1998285149e-7,3.74195849417e-7,1.79261832045e-7,1.03063655388e-7,1.7332819624e-8,1.01794839225e-8,2.20920206573e-8,4.6502286466e-9,1.43549194753e-9,9.17187603644e-10,1.10104203532e-9,2.89357898753e-10,8.21973156206e-10,3.88727189327e-10,1.14175155441e-10,1.04387852529e-10,4.71343575281e-10,3.24791055162e-10,9.66312516115e-11,4.71166369809e-11,1.47314990068e-11,4.62090869041e-12,1.97838772274e-12,4.9519307925e-13,7.91732063482e-14,2.56105680147e-14,1.28617141893e-14,3.80921473699e-15,1.54462916558e-15]},"melbands_crest":{"dmean":3.85721731186,"dmean2":6.25372600555,"dvar":11.5863170624,"dvar2":30.0159683228,"max":36.1529960632,"mean":13.9258728027,"median":13.0890769958,"min":1.56769764423,"var":29.0359916687},"melbands_flatness_db":{"dmean":0.0307564865798,"dmean2":0.0471659079194,"dvar":0.000757029920351,"dvar2":0.0017603803426,"max":0.521777331829,"mean":0.239362359047,"median":0.239883124828,"min":0.0023001448717,"var":0.00473487051204},"melbands_kurtosis":{"dmean":6.69104814529,"dmean2":10.8861160278,"dvar":172.722976685,"dvar2":443.751098633,"max":318.844696045,"mean":10.2842788696,"median":5.02103996277,"min":-1.84236335754,"var":298.168945312},"melbands_skewness":{"dmean":0.811490952969,"dmean2":1.25415277481,"dvar":0.737341105938,"dvar2":1.75706636906,"max":15.1476612091,"mean":2.22607922554,"median":1.96072816849,"min":-2.09544825554,"var":2.54831242561},"melbands_spread":{"dmean":5.95744991302,"dmean2":9.22089958191,"dvar":65.8810195923,"dvar2":144.569763184,"max":190.772384644,"mean":19.5786418915,"median":15.1520118713,"min":0.464254319668,"var":333.441558838},"mfcc":{"cov":[[10548.6152344,1370.89379883,-929.997741699,554.518249512,-300.393798828,449.98626709,-201.006515503,65.3187789917,80.3966064453,38.3517723083,80.9741744995,91.3966140747,18.3693408966],[1370.89379883,1412.60437012,35.8560409546,-177.595397949,89.3233947754,-30.2423019409,37.1902694702,-42.8569908142,47.3409996033,8.5012550354,3.35110449791,-6.8709564209,-3.07216954231],[-929.997741699,35.8560409546,496.099029541,-46.0330085754,94.2234191895,-41.192817688,58.856212616,12.0888700485,9.86998558044,24.3757667542,11.8612756729,3.04661154747,8.8847990036],[554.518249512,-177.595397949,-46.0330085754,355.177520752,-11.4152679443,80.018951416,10.9651765823,41.7655334473,3.39918017387,12.256477356,23.6208896637,10.9457178116,-7.96604299545],[-300.393798828,89.3233947754,94.2234191895,-11.4152679443,220.759246826,46.3533325195,75.7603912354,12.5466833115,7.32994937897,4.31359577179,25.4225444794,17.4764823914,9.12388801575],[449.98626709,-30.2423019409,-41.192817688,80.018951416,46.3533325195,200.624786377,60.0269050598,31.4314117432,16.4929351807,-2.27262830734,6.49441623688,30.495880127,17.0976066589],[-201.006515503,37.1902694702,58.856212616,10.9651765823,75.7603912354,60.0269050598,157.992233276,53.6167984009,15.3069028854,4.29497385025,8.33500576019,5.39164638519,12.8415765762],[65.3187789917,-42.8569908142,12.0888700485,41.7655334473,12.5466833115,31.4314117432,53.6167984009,118.291641235,48.1857528687,30.1630249023,22.8192424774,10.0350122452,6.902094841],[80.3966064453,47.3409996033,9.86998558044,3.39918017387,7.32994937897,16.4929351807,15.3069028854,48.1857528687,113.751808167,52.1881103516,20.7049789429,2.37322592735,4.71541595459],[38.3517723083,8.5012550354,24.3757667542,12.256477356,4.31359577179,-2.27262830734,4.29497385025,30.1630249023,52.1881103516,93.3767089844,48.2109031677,16.8399486542,7.65836048126],[80.9741744995,3.35110449791,11.8612756729,23.6208896637,25.4225444794,6.49441623688,8.33500576019,22.8192424774,20.7049789429,48.2109031677,88.082824707,44.6698036194,10.7212514877],[91.3966140747,-6.8709564209,3.04661154747,10.9457178116,17.4764823914,30.495880127,5.39164638519,10.0350122452,2.37322592735,16.8399486542,44.6698036194,80.6970062256,39.849571228],[18.3693408966,-3.07216954231,8.8847990036,-7.96604299545,9.12388801575,17.0976066589,12.8415765762,6.902094841,4.71541595459,7.65836048126,10.7212514877,39.849571228,69.8732376099]],"icov":[[0.000210335725569,-0.000296830636216,0.000256741826888,-0.000301422114717,0.000279362895526,-0.000494275358506,0.0003992630227,-0.000221242968109,0.000101676196209,-0.0000193012310774,-0.000187683894183,0.0000535168946953,-0.00010888302495],[-0.000296830636216,0.00122847594321,-0.000302066560835,0.000766284239944,-0.000664342369419,0.000802137190476,-0.000836890365463,0.000819909502752,-0.000695800583344,0.0000995855880319,0.000186785851838,-0.00010244470468,0.000286912545562],[0.000256741826888,-0.000302066560835,0.00272573251277,-0.000250524055446,-0.00064214982558,0.000332887546392,-0.00033682747744,-0.000191616854863,0.000177533001988,-0.000813969469164,0.000241912115598,-0.000182158953976,-0.00022870398243],[-0.000301422114717,0.000766284239944,-0.000250524055446,0.00395009526983,-0.000103683967609,-0.000761888222769,-0.000257986655924,-0.00064202590147,0.000382648257073,-0.000126992483274,-0.000790553924162,0.000333012227202,0.000825406925287],[0.000279362895526,-0.000664342369419,-0.00064214982558,-0.000103683967609,0.00668457150459,-0.00182598398533,-0.00184054672718,0.000538986525498,0.000011388544408,0.000914484495297,-0.00243684323505,0.000100909055618,0.0000415104623244],[-0.000494275358506,0.000802137190476,0.000332887546392,-0.000761888222769,-0.00182598398533,0.00848681759089,-0.00332681764849,0.000523530936334,-0.0015602648491,0.00063188560307,0.00246361712925,-0.00362343760207,0.000481991766719],[0.0003992630227,-0.000836890365463,-0.00033682747744,-0.000257986655924,-0.00184054672718,-0.00332681764849,0.0109580969438,-0.00485452730209,0.00119317916688,0.000555731938221,-0.000711601460353,0.00224228994921,-0.00191939563956],[-0.000221242968109,0.000819909502752,-0.000191616854863,-0.00064202590147,0.000538986525498,0.000523530936334,-0.00485452730209,0.0135006308556,-0.0048194588162,-0.000631319999229,-0.00119084690232,-0.000435897120042,0.000231243713642],[0.000101676196209,-0.000695800583344,0.000177533001988,0.000382648257073,0.000011388544408,-0.0015602648491,0.00119317916688,-0.0048194588162,0.0142784407362,-0.00729392189533,0.000817203486804,0.00190691940952,-0.000776265980676],[-0.0000193012310774,0.0000995855880319,-0.000813969469164,-0.000126992483274,0.000914484495297,0.00063188560307,0.000555731938221,-0.000631319999229,-0.00729392189533,0.0202242136002,-0.0103017035872,0.00216704537161,-0.0015949558001],[-0.000187683894183,0.000186785851838,0.000241912115598,-0.000790553924162,-0.00243684323505,0.00246361712925,-0.000711601460353,-0.00119084690232,0.000817203486804,-0.0103017035872,0.0244110506028,-0.0137806339189,0.00508806435391],[0.0000535168946953,-0.00010244470468,-0.000182158953976,0.000333012227202,0.000100909055618,-0.00362343760207,0.00224228994921,-0.000435897120042,0.00190691940952,0.00216704537161,-0.0137806339189,0.0271765124053,-0.013203850016],[-0.00010888302495,0.000286912545562,-0.00022870398243,0.000825406925287,0.0000415104623244,0.000481991766719,-0.00191939563956,0.000231243713642,-0.000776265980676,-0.0015949558001,0.00508806435391,-0.013203850016,0.0216594170779]],"mean":[-692.281616211,158.652069092,-12.3683977127,24.0266647339,-6.39744138718,17.6265678406,-0.405781000853,2.46705102921,1.56525158882,-0.36447840929,-0.939098596573,0.776125371456,-2.95482730865]},"pitch_salience":{"dmean":0.0763547867537,"dmean2":0.123309567571,"dvar":0.00426298659295,"dvar2":0.011123762466,"max":0.963806629181,"mean":0.561802148819,"median":0.572833478451,"min":0.116030864418,"var":0.0114451274276},"silence_rate_20dB":{"dmean":0,"dmean2":0,"dvar":0,"dvar2":0,"max":1,"mean":1,"median":1,"min":1,"var":0},"silence_rate_30dB":{"dmean":0.0298033468425,"dmean2":0.0596139766276,"dvar":0.0289134662598,"dvar2":0.0702262148261,"max":1,"mean":0.970810949802,"median":1,"min":0,"var":0.0283382739872},"silence_rate_60dB":{"dmean":0.0114816175774,"dmean2":0.0229660402983,"dvar":0.0113498996943,"dvar2":0.0263491794467,"max":1,"mean":0.102222763002,"median":0,"min":0,"var":0.0917708426714},"spectral_centroid":{"dmean":212.188949585,"dmean2":316.455444336,"dvar":76405.890625,"dvar2":146140.359375,"max":11621.7011719,"mean":1077.9708252,"median":817.661499023,"min":198.426895142,"var":1111279.875},"spectral_complexity":{"dmean":3.1027238369,"dmean2":4.51478147507,"dvar":13.0963611603,"dvar2":21.1402759552,"max":55,"mean":15.7824869156,"median":15,"min":0,"var":95.1441574097},"spectral_contrast_coeffs":{"dmean":[0.0560380890965,0.0509808249772,0.0415058620274,0.0289422702044,0.0198478084058,0.0312043596059],"dmean2":[0.0919162333012,0.0838137716055,0.0678288638592,0.0475175790489,0.0328372940421,0.0473640039563],"dvar":[0.00203298451379,0.00163773971144,0.00111909909174,0.000543166650459,0.000286473543383,0.000769537349697],"dvar2":[0.00523913046345,0.00442827772349,0.00285293138586,0.00141235184856,0.000751155486796,0.00164972560015],"max":[-0.271294891834,-0.413958132267,-0.481788545847,-0.587147653103,-0.614337086678,-0.446655273438],"mean":[-0.656638324261,-0.753847718239,-0.778599917889,-0.804828464985,-0.827265381813,-0.738726556301],"median":[-0.663848638535,-0.758133888245,-0.783283352852,-0.809576034546,-0.829606354237,-0.746992588043],"min":[-0.979140996933,-0.97992503643,-0.980378389359,-0.973323106766,-0.967159807682,-0.964249432087],"var":[0.00925168860704,0.00527779385448,0.00422956515104,0.0025639270898,0.0016002439661,0.00538875954226]},"spectral_contrast_valleys":{"dmean":[0.435435146093,0.371439665556,0.309482067823,0.269276946783,0.284063011408,0.432098716497],"dmean2":[0.700999081135,0.593517839909,0.491037100554,0.411163657904,0.409062296152,0.665907382965],"dvar":[0.142326697707,0.106444254518,0.0812083482742,0.0681567043066,0.0963319912553,0.160072878003],"dvar2":[0.330079644918,0.246226012707,0.178662747145,0.135994285345,0.178590834141,0.359306156635],"max":[-5.14978313446,-4.58051013947,-5.01943731308,-5.61963558197,-5.62824058533,-9.00804710388],"mean":[-7.39868688583,-6.92382621765,-7.29204463959,-7.82955121994,-8.1335515976,-11.3304920197],"median":[-6.97176647186,-6.56192445755,-6.93708086014,-7.49757862091,-7.90512561798,-11.1462211609],"min":[-28.2433547974,-27.8212604523,-27.6795558929,-27.558177948,-27.5226688385,-27.4064979553],"var":[4.6248922348,4.41260385513,4.22364139557,4.12608337402,4.03662967682,2.83294296265]},"spectral_decrease":{"dmean":2.62915578197e-9,"dmean2":4.13284295675e-9,"dvar":1.46571242937e-17,"dvar2":3.55972345877e-17,"max":3.09616576821e-9,"mean":-5.66649838163e-9,"median":-4.00030408798e-9,"min":-8.86483917384e-8,"var":3.54754305882e-17},"spectral_energy":{"dmean":0.0133417509496,"dmean2":0.0203505270183,"dvar":0.000379227887606,"dvar2":0.000876338745002,"max":0.349753350019,"mean":0.0356456190348,"median":0.0279450081289,"min":9.90244891592e-21,"var":0.000981340999715},"spectral_energyband_high":{"dmean":0.000338729412761,"dmean2":0.000439532770542,"dvar":9.67329583546e-7,"dvar2":0.00000172590671355,"max":0.0511177517474,"mean":0.000765172764659,"median":0.000240493202,"min":7.11562331006e-21,"var":0.00000269597626357},"spectral_energyband_low":{"dmean":0.00724211940542,"dmean2":0.0116402590647,"dvar":0.000183254640433,"dvar2":0.000460946204839,"max":0.18365624547,"mean":0.0114060463384,"median":0.00481556355953,"min":1.42336255722e-23,"var":0.000272072473308},"spectral_energyband_middle_high":{"dmean":0.00221521081403,"dmean2":0.00332848029211,"dvar":0.0000262793673755,"dvar2":0.0000626408436801,"max":0.149721726775,"mean":0.00544831110165,"median":0.00281713414006,"min":1.22866522346e-21,"var":0.0000763731368352},"spectral_energyband_middle_low":{"dmean":0.00544419605285,"dmean2":0.00846436433494,"dvar":0.0000840132925077,"dvar2":0.000188228150364,"max":0.341680198908,"mean":0.0124421389773,"median":0.00834383256733,"min":1.42595380752e-22,"var":0.000227799755521},"spectral_entropy":{"dmean":0.180974394083,"dmean2":0.272593796253,"dvar":0.0284020435065,"dvar2":0.0618316531181,"max":9.82257938385,"mean":7.42006063461,"median":7.39821147919,"min":5.35171604156,"var":0.206695780158},"spectral_flux":{"dmean":0.0258414745331,"dmean2":0.04086991027,"dvar":0.00105783587787,"dvar2":0.00226010056213,"max":0.350930035114,"mean":0.0990065634251,"median":0.0922754555941,"min":6.30160715276e-11,"var":0.00324723008089},"spectral_kurtosis":{"dmean":3.59380817413,"dmean2":5.49963474274,"dvar":14.1395425797,"dvar2":33.7081947327,"max":52.3479499817,"mean":17.5298900604,"median":16.6396026611,"min":-1.27022492886,"var":54.2751502991},"spectral_rms":{"dmean":0.000993084628135,"dmean2":0.00147215044126,"dvar":0.0000013849220295,"dvar2":0.00000301807313008,"max":0.0184722151607,"mean":0.00526738353074,"median":0.00522143859416,"min":3.10820293115e-12,"var":0.00000703097157384},"spectral_rolloff":{"dmean":3983.18188477,"dmean2":7616.37402344,"dvar":52590348,"dvar2":124080040,"max":22028.4667969,"mean":15759.3583984,"median":21339.4042969,"min":64.599609375,"var":79105192},"spectral_skewness":{"dmean":0.315721124411,"dmean2":0.472576349974,"dvar":0.0972209572792,"dvar2":0.216611206532,"max":5.56231832504,"mean":2.92216944695,"median":2.92329525948,"min":-0.0699039101601,"var":0.571552693844},"spectral_spread":{"dmean":445694.78125,"dmean2":686362.9375,"dvar":400593846272,"dvar2":834317058048,"max":43884660,"mean":4470050.5,"median":4049759.25,"min":1688971.125,"var":10771169804300},"spectral_strongpeak":{"dmean":2.56244730949,"dmean2":4.85348320007,"dvar":94.0751342773,"dvar2":269.100006104,"max":132.448532104,"mean":2.02913284302,"median":0.409838587046,"min":0,"var":58.0527305603},"zerocrossingrate":{"dmean":0.0386403612792,"dmean2":0.0502818748355,"dvar":0.00105618627276,"dvar2":0.00170373963192,"max":0.70751953125,"mean":0.290791809559,"median":0.29150390625,"min":0.0302734375,"var":0.00778103619814}},"metadata":{"audio_properties":{"analysis_sample_rate":44100,"bit_rate":320000,"codec":"mp3","downmix":"mix","equal_loudness":0,"length":190.093063354,"lossless":false,"md5_encoded":"769648da472a6da6a2a70f447290c043","replay_gain":-2.49097824097,"sample_rate":44100},"tags":{"acoustid_id":["18a74103-ff36-4092-843a-ee8617abbcf2"],"album":["Third Album"],"albumartist":["The Jackson 5"],"albumartistsort":["Jackson 5, The"],"artist":["The Jackson 5"],"artistsort":["Jackson 5, The"],"catalognumber":["530 160-2"],"date":["1993"],"discnumber":["1/1"],"encodedby":["iTunes 8.2.0.23"],"file_name":"05 Can I See You In The Morning 1.mp3","genre":["R&B"],"isrc":["USMO17082637"],"label":["Motown Records"],"media":["CD"],"musicbrainz album release country":["XE"],"musicbrainz album status":["official"],"musicbrainz album type":["album"],"musicbrainz_albumartistid":["e5257dc5-1edd-4fca-b7e6-1158e00522c8"],"musicbrainz_albumid":["f94442ed-a819-4604-a103-bb74e630529e"],"musicbrainz_artistid":["e5257dc5-1edd-4fca-b7e6-1158e00522c8"],"musicbrainz_recordingid":["10751d05-e392-471d-b293-af8c8b48622d"],"musicbrainz_releasegroupid":["2b0bb932-db34-3780-b5cd-0df61a03236a"],"originaldate":["1970"],"script":["Latn"],"title":["Can I See You in the Morning"],"tracknumber":["5/11"]},"version":{"essentia":"2.1-beta1","essentia_build_sha":"ca57ba49d9b1854bd80e60cf9ccf267278fb7d6b","essentia_git_sha":"v2.1_beta1-28-g21ef5f4-dirty","extractor":"music 1.0"}},"rhythm":{"beats_count":290,"beats_loudness":{"dmean":0.0238228924572,"dmean2":0.0410612076521,"dvar":0.000441286334535,"dvar2":0.00128153222613,"max":0.153370037675,"mean":0.0495142489672,"median":0.0482122674584,"min":0,"var":0.00107180036139},"beats_loudness_band_ratio":{"dmean":[0.213947236538,0.11751127243,0.0956083759665,0.0848282873631,0.0387098453939,0.111655525863],"dmean2":[0.388229042292,0.203596189618,0.170907661319,0.154562175274,0.0712203979492,0.201929986477],"dvar":[0.0262617841363,0.0135336425155,0.0111637022346,0.00866123568267,0.00154394330457,0.0