{"lowlevel":{"average_loudness":0.82950514555,"barkbands":{"dmean":[0.00117508368567,0.00591079192236,0.0028952518478,0.00270389229991,0.003394639818,0.00125452911016,0.000806782045402,0.000786820310168,0.000868766685016,0.00101882661693,0.000703303609043,0.000782729126513,0.000406808860134,0.000313482305501,0.000223312687012,0.000173838430783,0.000127893712488,0.0000722145414329,0.000037528872781,0.0000165431756614,0.0000075596485658,0.00000381490872314,0.00000248551828008,0.00000235155243899,0.00000245549631472,0.00000314474209517,0.000553894729819],"dmean2":[0.00204879534431,0.00997210294008,0.00496179796755,0.00460652960464,0.00561158452183,0.00206165527925,0.00133305450436,0.00130344030913,0.00145450606942,0.00170410331339,0.00117525144015,0.00128123513423,0.000678040145431,0.000514242216013,0.000367695960449,0.000285015208647,0.000208108729566,0.000115985523735,0.000059084417444,0.0000266952320089,0.0000127200637507,0.00000701612589182,0.00000487802799398,0.00000469351380161,0.0000049088466767,0.00000621201934337,0.0008497008821],"dvar":[0.00000387427780879,0.0000534844584763,0.000016351830709,0.000015576446458,0.0000316951518471,0.0000049219615903,0.00000305177604787,0.0000054857714531,0.00000307811228595,0.00000344793284057,0.00000266100187218,0.00000261775267063,5.14548503361e-7,6.94981679317e-7,1.50223485207e-7,1.21269863484e-7,4.25789963288e-8,1.24476553509e-8,5.19819076672e-9,1.84070936271e-9,1.70914185582e-10,5.68310815074e-11,3.22928975227e-11,2.97923873072e-11,2.96269397904e-11,3.98382334066e-11,9.30908697683e-7],"dvar2":[0.0000107277592178,0.000146756807226,0.0000451144223916,0.0000426266742579,0.0000822655347292,0.0000123204490592,0.00000765301956562,0.0000133740704769,0.00000819653996587,0.00000934618583415,0.00000759435215514,0.00000648859986541,0.0000012962901792,0.00000143658121488,3.73979332835e-7,3.05417444224e-7,1.10759089011e-7,3.19763202583e-8,1.14196465617e-8,4.49912196387e-9,4.15694895173e-10,1.54206508673e-10,9.14984615852e-11,8.39386060658e-11,8.28813198628e-11,1.10496695127e-10,0.00000205315905077],"max":[0.0304342582822,0.0983718037605,0.135238647461,0.0724463239312,0.0975458920002,0.0461163781583,0.0834188982844,0.111471533775,0.0383334457874,0.0383740402758,0.0495036095381,0.0537162162364,0.0322562381625,0.0585443787277,0.0127804772928,0.0131095657125,0.00523710716516,0.00219430006109,0.00215175724588,0.00211746245623,0.000380612851586,0.000184548625839,0.0000682681493345,0.0000657639320707,0.0000639844001853,0.0000669821238262,0.0267169605941],"mean":[0.00141352112405,0.00939340516925,0.00389779452235,0.00348116876557,0.00527377566323,0.00193176046014,0.00131083466113,0.00122891855426,0.00145994022023,0.00173018721398,0.0011718517635,0.00145880191121,0.000753682455979,0.000595699180849,0.000429180421634,0.00034144037636,0.000248183816439,0.000148159640958,0.0000788024481153,0.0000331851297233,0.0000139137919177,0.00000475421666124,0.00000165090227711,0.00000123787265238,0.0000012435973531,0.00000194571066459,0.00159570388496],"median":[0.000569676514715,0.00682772975415,0.002346762456,0.00183880364057,0.00260336254723,0.0009135666769,0.000600180879701,0.000469151098514,0.000648104003631,0.000796792795882,0.000507962016854,0.000685984967276,0.000452658481663,0.0003107523371,0.000267970608547,0.000183627780643,0.000140703108627,0.0000803303119028,0.0000342226194334,0.0000136083872349,0.00000618412514086,0.00000162309311236,2.29671982765e-7,6.14965216528e-8,1.84075705789e-8,3.10676540494e-7,0.000992954242975],"min":[3.46547680347e-25,2.52593143523e-24,5.96183404058e-25,1.40764574121e-25,8.12557261295e-24,6.75358178228e-24,6.01374937118e-24,8.0002833574e-24,1.3122947283e-23,8.87128440437e-24,6.09186829447e-24,1.96520255625e-23,1.93953507343e-23,2.77630507915e-23,3.32493859052e-23,4.4265418239e-23,5.65885646937e-23,8.34272408982e-23,1.00331608708e-22,1.37433844916e-22,2.5879017447e-22,3.21424670115e-22,3.82944259177e-22,5.50062838983e-22,7.90791329898e-22,1.10811354465e-21,1.91839642845e-21],"var":[0.00000473569389214,0.0000887236892595,0.0000251376877713,0.0000234542385442,0.0000696502029314,0.00000987862767943,0.00000717325747246,0.0000136079943331,0.00000685308850734,0.00000711298025635,0.00000523723383594,0.00000691447985446,0.00000137037466175,0.00000181725431503,3.93404178567e-7,3.25300163695e-7,1.07445217168e-7,3.86050871271e-8,1.95159426397e-8,5.09630604384e-9,5.49034151476e-10,8.89362541945e-11,1.91457006499e-11,1.63124479202e-11,1.63272988879e-11,2.31234510706e-11,0.00000431681337432]},"barkbands_crest":{"dmean":2.86724972725,"dmean2":4.83128070831,"dvar":6.09315013885,"dvar2":16.4685974121,"max":24.3233642578,"mean":9.35977363586,"median":8.60217285156,"min":2.63498520851,"var":13.6521873474},"barkbands_flatness_db":{"dmean":0.0358114056289,"dmean2":0.0620658062398,"dvar":0.00099628942553,"dvar2":0.00264883320779,"max":0.379470437765,"mean":0.181065455079,"median":0.178580194712,"min":0.0384269952774,"var":0.00233517587185},"barkbands_kurtosis":{"dmean":4.15602731705,"dmean2":6.81918668747,"dvar":49.811958313,"dvar2":130.77255249,"max":154.303237915,"mean":7.86391925812,"median":4.97134637833,"min":-1.9072804451,"var":101.116073608},"barkbands_skewness":{"dmean":0.568308234215,"dmean2":0.91755259037,"dvar":0.349530607462,"dvar2":0.881379902363,"max":10.0839986801,"mean":2.20278263092,"median":2.09220027924,"min":-2.23909759521,"var":1.61480903625},"barkbands_spread":{"dmean":7.96156072617,"dmean2":12.7178926468,"dvar":70.860168457,"dvar2":163.033279419,"max":136.06137085,"mean":30.4490756989,"median":27.5538673401,"min":1.5561413765,"var":332.565093994},"dissonance":{"dmean":0.0193263590336,"dmean2":0.0333802439272,"dvar":0.000374833034584,"dvar2":0.00108139973599,"max":0.500000178814,"mean":0.470783263445,"median":0.477111726999,"min":0.243302479386,"var":0.000579309824388},"dynamic_complexity":2.78734779358,"erbbands":{"dmean":[0.23554199934,1.22066068649,2.96481442451,6.00615215302,9.80669689178,12.8608760834,12.445690155,9.57429122925,10.7296609879,14.2267475128,15.777586937,20.0599937439,26.6869506836,29.1138114929,30.1700344086,28.9893112183,18.2318897247,13.6711864471,14.9735889435,10.5224161148,7.53691148758,7.10659599304,4.05751800537,2.60829925537,1.44343423843,0.75687199831,0.404766112566,0.2346136868,0.143302127719,0.093246743083,0.0682108327746,0.0514178611338,0.0381380021572,0.0269156638533,0.0177949350327,0.0108296945691,0.0059975120239,0.00429679593071,0.00863517634571,0.0124640334398],"dmean2":[0.396827995777,2.07032632828,5.08231592178,10.1916856766,16.5305538177,21.2777938843,20.9418201447,15.6849241257,17.995388031,23.1484603882,25.9379863739,33.5975074768,44.9811782837,48.1479034424,50.1367073059,47.3477478027,30.06092453,22.3081207275,24.7097129822,17.2871894836,12.2237930298,11.525141716,6.46905326843,4.15223550797,2.25866508484,1.21642625332,0.665893852711,0.404943078756,0.261514872313,0.17849740386,0.134418159723,0.102439120412,0.0761681869626,0.0537901930511,0.0355821996927,0.0216258354485,0.0118377897888,0.00752166751772,0.0124064544216,0.0185569692403],"dvar":[0.0971946492791,2.24402070045,16.3569374084,69.0325164795,244.847000122,620.817443848,471.881713867,363.832489014,505.75088501,2024.00378418,1125.19970703,1816.32373047,2661.28442383,3358.54736328,4871.17138672,3354.64990234,1198.89855957,729.448791504,1304.86560059,483.471862793,161.381591797,139.488647461,38.1986885071,19.4752292633,11.3411207199,3.26138281822,0.536176502705,0.172790005803,0.0762251019478,0.0400432012975,0.0248781647533,0.0144516360015,0.00770818069577,0.00367077928968,0.00151779106818,0.000522812653799,0.00014338256733,0.0000420851465606,0.000217468012124,0.000383164471714],"dvar2":[0.262621998787,6.21917057037,45.3982315063,187.420837402,666.785217285,1610.46862793,1247.57202148,911.581848145,1350.28637695,4602.95751953,2883.5300293,4773.60449219,7264.80517578,9034.25390625,13943.7011719,8471.84179688,2953.90478516,1680.4510498,2782.04833984,1218.73779297,420.023986816,361.305938721,97.4705886841,46.4652290344,25.491071701,7.56650352478,1.26848649979,0.436677068472,0.205985173583,0.113060951233,0.0704665109515,0.0407913327217,0.0216874554753,0.0102933300659,0.00423761550337,0.00145266996697,0.000397524127038,0.000108619424282,0.000399072130676,0.000796174979769],"max":[4.93880558014,24.2584629059,140.774032593,149.657318115,311.536804199,538.55645752,511.850799561,580.663879395,641.605895996,2857.18334961,1215.00268555,1074.70288086,1469.46594238,1520.39746094,2547.06054688,2080.97460938,1816.99572754,1236.57727051,2475.11987305,718.685424805,428.518951416,374.33203125,111.296142578,115.034820557,174.524902344,87.0961761475,24.2281017303,9.14782047272,6.40872240067,2.77965283394,1.91554951668,1.45784020424,1.05274355412,0.720757186413,0.454985767603,0.258291840553,0.125696212053,0.220316320658,0.540871202946,0.551505088806],"mean":[0.346523582935,1.81461405754,4.34922075272,8.65394496918,14.6092195511,18.7190990448,16.8200683594,15.0466299057,17.0540161133,24.4476776123,26.3904857635,33.5207023621,46.8989562988,52.362663269,54.9130096436,57.0345649719,36.6295547485,28.8185462952,30.0266971588,21.2667274475,16.2387008667,14.3582029343,8.88588523865,5.60891723633,3.1175673008,1.57131636143,0.803097903728,0.400196403265,0.190258771181,0.0848963707685,0.0432334244251,0.0278625451028,0.0199310351163,0.0138014731929,0.00899285916239,0.00574573362246,0.00395231926814,0.00809893757105,0.0269008651376,0.0459611043334],"median":[0.213560476899,1.24157547951,2.87569022179,5.31921195984,7.725938797,7.52380561829,7.77173423767,7.01839828491,7.93745231628,9.5732088089,11.9441862106,15.0261077881,22.0360145569,24.0696659088,26.7228431702,27.9118995667,22.1226921082,16.5992584229,17.8930931091,11.8900852203,9.46488571167,8.18246841431,5.00535011292,2.75653982162,1.31133985519,0.650927186012,0.370245337486,0.170329302549,0.0680715814233,0.0208252295852,0.00544126518071,0.0018274881877,0.000916284625418,0.0003880605218,0.000110301560198,0.000361314712791,0.000889327551704,0.00468514952809,0.0174691323191,0.032569848001],"min":[8.68845216341e-23,2.84413815554e-22,1.03078942397e-21,2.75289645851e-21,1.27304001001e-20,2.4732239873e-20,2.4267183423e-20,6.35009818774e-20,1.04949121829e-19,9.51618626602e-20,1.82456772406e-19,3.71125800459e-19,2.97548369316e-19,5.48540170324e-19,7.501924831e-19,1.26926398221e-18,9.79250943931e-19,1.11167046248e-18,2.09109873326e-18,2.28043396482e-18,3.99000949582e-18,4.38650032447e-18,4.81923862116e-18,5.80318526263e-18,6.16172876709e-18,7.1042837043e-18,9.51021296217e-18,1.02034622802e-17,9.43278389375e-18,1.13523880269e-17,1.03541133764e-17,1.01349890963e-17,1.00392197793e-17,7.84478075174e-18,5.77247825034e-18,3.60013114898e-18,2.05781236502e-18,9.80289572587e-19,2.48988602209e-19,2.6784638147e-20],"var":[0.155577048659,3.68612933159,25.8661804199,110.439117432,461.577606201,1220.51525879,713.719299316,701.664916992,920.109863281,7612.43798828,2632.9128418,3751.91064453,5386.45214844,7221.796875,10140.140625,9467.71679688,3388.66796875,2364.66259766,3332.42041016,1232.60461426,531.811279297,364.013000488,126.427482605,73.9249572754,38.5011291504,10.4743776321,1.79813933372,0.476376205683,0.133430048823,0.0334374345839,0.0142910219729,0.00792470108718,0.00422393763438,0.00201806239784,0.000838423497044,0.000291443633614,0.0000839048007037,0.000105450300907,0.00124358490575,0.00245374906808]},"erbbands_crest":{"dmean":2.31724357605,"dmean2":3.89007043839,"dvar":4.68005609512,"dvar2":12.3823137283,"max":29.1308631897,"mean":7.8683681488,"median":7.00089740753,"min":2.38853669167,"var":12.3334474564},"erbbands_flatness_db":{"dmean":0.0344861336052,"dmean2":0.0620389282703,"dvar":0.00102010008413,"dvar2":0.00261806906201,"max":0.386746495962,"mean":0.197300463915,"median":0.200544282794,"min":0.0364422649145,"var":0.00203620758839},"erbbands_kurtosis":{"dmean":0.797162055969,"dmean2":1.31382727623,"dvar":0.967504024506,"dvar2":2.57232165337,"max":22.2679977417,"mean":0.475466668606,"median":0.0223962068558,"min":-1.59350681305,"var":3.24257469177},"erbbands_skewness":{"dmean":0.310877561569,"dmean2":0.512252688408,"dvar":0.0725328028202,"dvar2":0.192770943046,"max":3.35421776772,"mean":-0.0853280127048,"median":-0.125163212419,"min":-3.03321433067,"var":0.327187895775},"erbbands_spread":{"dmean":4.78568840027,"dmean2":7.82175588608,"dvar":17.8979911804,"dvar2":44.9997062683,"max":83.9106750488,"mean":24.3682785034,"median":23.3810005188,"min":2.31590461731,"var":98.9312133789},"gfcc":{"cov":[[25437.4804688,2695.68969727,-2481.76928711,-433.037780762,427.937957764,-857.89440918,316.717224121,-600.499572754,14.2436733246,-375.669586182,-31.4982433319,-98.1128768921,-3.31267809868],[2695.68969727,1342.39489746,-296.9815979,-317.949035645,268.131866455,-357.27911377,226.056991577,-228.039276123,121.555526733,-118.724090576,63.6267700195,-68.4335098267,14.5244483948],[-2481.76928711,-296.9815979,686.918457031,58.3938446045,-264.292755127,260.691497803,-224.615097046,184.426208496,-72.9559860229,87.1853637695,25.3730239868,-37.4085655212,21.3120250702],[-433.037780762,-317.949035645,58.3938446045,308.436462402,54.014465332,11.9359292984,5.71187257767,11.7209377289,-8.27634620667,41.891292572,-24.6839847565,32.6620521545,-18.3440227509],[427.937957764,268.131866455,-264.292755127,54.014465332,339.6534729,-154.687042236,175.083755493,-116.209350586,68.3503036499,-42.20570755,15.1530427933,4.0656414032,-4.84073019028],[-857.89440918,-357.27911377,260.691497803,11.9359292984,-154.687042236,391.545440674,-151.965332031,160.270446777,-67.6787338257,37.2317504883,-16.7105541229,18.0762653351,16.4911193848],[316.717224121,226.056991577,-224.615097046,5.71187257767,175.083755493,-151.965332031,283.391845703,-96.5698547363,75.3910827637,-36.4652061462,2.43852949142,7.58890295029,-14.1682491302],[-600.499572754,-228.039276123,184.426208496,11.7209377289,-116.209350586,160.270446777,-96.5698547363,159.801498413,-14.2566690445,44.4739379883,2.6124765873,-4.95134353638,15.0906658173],[14.2436733246,121.555526733,-72.9559860229,-8.27634620667,68.3503036499,-67.6787338257,75.3910827637,-14.2566690445,99.0809631348,23.2455787659,14.0903911591,10.799489975,-8.60350131989],[-375.669586182,-118.724090576,87.1853637695,41.891292572,-42.20570755,37.2317504883,-36.4652061462,44.4739379883,23.2455787659,74.0367965698,29.3178901672,5.87405252457,-0.00738595798612],[-31.4982433319,63.6267700195,25.3730239868,-24.6839847565,15.1530427933,-16.7105541229,2.43852949142,2.6124765873,14.0903911591,29.3178901672,58.3198204041,3.70804810524,11.6434516907],[-98.1128768921,-68.4335098267,-37.4085655212,32.6620521545,4.0656414032,18.0762653351,7.58890295029,-4.95134353638,10.799489975,5.87405252457,3.70804810524,66.013168335,14.5097761154],[-3.31267809868,14.5244483948,21.3120250702,-18.3440227509,-4.84073019028,16.4911193848,-14.1682491302,15.0906658173,-8.60350131989,-0.00738595798612,11.6434516907,14.5097761154,50.925655365]],"icov":[[0.000165972887771,-0.000619424507022,0.00112715444993,-0.000834819860756,0.000793084560428,-0.00032894857577,0.000294592959108,-0.000303006789181,0.000445570767624,-0.0000796820168034,-0.000438176793978,0.000652950780932,-0.000241889982135],[-0.000619424507022,0.00471036648378,-0.00472569372505,0.0045031029731,-0.00340859289281,0.00160610862076,-0.000937523436733,0.0032661287114,-0.00501535413787,0.00429334165528,-0.00112894002814,-0.000235694998992,-0.000378184340661],[0.00112715444993,-0.00472569372505,0.0113727813587,-0.008002162911,0.00785598810762,-0.00383126339875,0.00276080518961,-0.00290055782534,0.00259867520072,-0.000235389292357,-0.00610263831913,0.00780785083771,-0.0029960856773],[-0.000834819860756,0.0045031029731,-0.008002162911,0.0129371359944,-0.00918780174106,0.00422671018168,-0.00249532819726,0.000903802458197,0.00284002488479,-0.00840484630316,0.0105484845117,-0.0089520085603,0.00408363016322],[0.000793084560428,-0.00340859289281,0.00785598810762,-0.00918780174106,0.0128023326397,-0.00372837320901,0.000595842779148,0.00138783978764,-0.00420347927138,0.00786579120904,-0.0102863339707,0.0083868727088,-0.00414145970717],[-0.00032894857577,0.00160610862076,-0.00383126339875,0.00422671018168,-0.00372837320901,0.00719541171566,-0.00052123318892,-0.00435637682676,0.00371562759392,-0.00317345443182,0.00541326310486,-0.0062223947607,0.00227030925453],[0.000294592959108,-0.000937523436733,0.00276080518961,-0.00249532819726,0.000595842779148,-0.00052123318892,0.00742776645347,0.000806500203907,-0.00421618809924,0.00422836327925,-0.0028944958467,0.00213581789285,-0.000373152201064],[-0.000303006789181,0.0032661287114,-0.00290055782534,0.000903802458197,0.00138783978764,-0.00435637682676,0.000806500203907,0.0180957820266,-0.00931977760047,0.00272423471324,-0.00291120540351,0.00589207978919,-0.00559435551986],[0.000445570767624,-0.00501535413787,0.00259867520072,0.00284002488479,-0.00420347927138,0.00371562759392,-0.00421618809924,-0.00931977760047,0.0314753614366,-0.0253948289901,0.013024575077,-0.0105406753719,0.00672001531348],[-0.0000796820168034,0.00429334165528,-0.000235389292357,-0.00840484630316,0.00786579120904,-0.00317345443182,0.00422836327925,0.00272423471324,-0.0253948289901,0.0510589070618,-0.0312020778656,0.0102841677144,-0.00209334352985],[-0.000438176793978,-0.00112894002814,-0.00610263831913,0.0105484845117,-0.0102863339707,0.00541326310486,-0.0028944958467,-0.00291120540351,0.013024575077,-0.0312020778656,0.0430982001126,-0.0130138257518,0.0000237063213717],[0.000652950780932,-0.000235694998992,0.00780785083771,-0.0089520085603,0.0083868727088,-0.0062223947607,0.00213581789285,0.00589207978919,-0.0105406753719,0.0102841677144,-0.0130138257518,0.0303267408162,-0.0121665885672],[-0.000241889982135,-0.000378184340661,-0.0029960856773,0.00408363016322,-0.00414145970717,0.00227030925453,-0.000373152201064,-0.00559435551986,0.00672001531348,-0.00209334352985,0.0000237063213717,-0.0121665885672,0.0274745821953]],"mean":[-50.9906959534,151.185272217,-98.6610641479,-23.5562763214,16.9833335876,-31.8685684204,14.6657047272,-24.7341976166,1.65277385712,-19.0666065216,-1.51603221893,-8.26832485199,-2.27152395248]},"hfc":{"dmean":52.8988189697,"dmean2":84.2981948853,"dvar":3118.9934082,"dvar2":7916.52734375,"max":1573.57543945,"mean":212.654327393,"median":191.487823486,"min":1.08959128726e-16,"var":20243.3574219},"melbands":{"dmean":[0.00179288710933,0.00143970141653,0.00109054287896,0.000790502585005,0.00045630056411,0.000216435917537,0.000161761432537,0.00016010813124,0.000130261309096,0.000126580882352,0.000138387214975,0.000125158680021,0.0000967852029135,0.0000987706080195,0.0000551054436073,0.000038813228457,0.0000270217769867,0.0000285202149826,0.0000154613135237,0.000014461945284,0.00000888148133527,0.00000825867027743,0.00000528480495632,0.00000330508055413,0.00000222410108108,0.00000130944658849,8.413913406e-7,4.6958282951e-7,2.8968429433e-7,1.94694848688e-7,1.26935333356e-7,8.93200393648e-8,6.2843049875e-8,4.8501274108e-8,4.01895441371e-8,3.44343540348e-8,3.02527887186e-8,2.70286601989e-8,2.42913458237e-8,2.21352820517e-8],"dmean2":[0.00301585556008,0.00245858356357,0.00184432568494,0.00130621902645,0.000767013116274,0.000354257004801,0.000269612239208,0.000259761320194,0.000214266750845,0.00021199445473,0.000233568673139,0.000207678298466,0.000161397023476,0.000160981639056,0.0000909953887458,0.00006479932199,0.0000442448108515,0.0000471597377327,0.0000255065770034,0.0000238903212448,0.0000146241372931,0.0000135206901177,0.00000856797487359,0.0000053312601267,0.00000358824581781,0.00000207311086342,0.00000135020798098,7.6519643244e-7,4.79814275423e-7,3.30882130584e-7,2.22798007599e-7,1.62048166885e-7,1.17710705183e-7,9.36733570711e-8,7.90334269141e-8,6.83879974872e-8,6.03311036684e-8,5.39680584666e-8,4.85200324363e-8,4.42412719792e-8],"dvar":[0.00000524316465089,0.00000313357600135,0.00000217079991671,0.00000196414066522,6.02488228196e-7,1.66935961943e-7,1.12433106381e-7,2.70612304121e-7,6.70683064641e-8,7.42880601479e-8,7.07401923705e-8,6.09483166158e-8,5.0967429388e-8,4.71824783688e-8,1.00365271649e-8,4.79315387381e-9,3.43134098912e-9,5.91314641696e-9,7.25327076179e-10,1.01673891528e-9,2.33710467645e-10,1.97839314375e-10,6.57803325699e-11,2.82052107364e-11,1.52114675023e-11,8.32162116993e-12,6.37117572241e-12,1.09410267304e-12,3.18084398881e-13,1.16236040975e-13,5.31027180778e-14,2.9024441135e-14,1.6648297053e-14,1.12836096464e-14,8.58769181662e-15,6.46394050753e-15,4.99961112414e-15,3.89736418526e-15,3.04962565956e-15,2.46631176175e-15],"dvar2":[0.0000142650251291,0.00000868651568453,0.00000591811158301,0.000005046294973,0.00000159638625519,4.17394346641e-7,2.96082532714e-7,6.25978827884e-7,1.74111534079e-7,1.95592463115e-7,1.93319110053e-7,1.63478972581e-7,1.45634800219e-7,1.16155341345e-7,2.51181067057e-8,1.24927721501e-8,7.65237029299e-9,1.23127277263e-8,1.83580317614e-9,2.59818944137e-9,6.2348920471e-10,5.18067921895e-10,1.71604133681e-10,7.33486188453e-11,3.68478372814e-11,1.89685107899e-11,1.57814716156e-11,2.56771210197e-12,7.78363755827e-13,2.86342835294e-13,1.36149731354e-13,7.8159504422e-14,4.61715491144e-14,3.1961666793e-14,2.43347856243e-14,1.82684915101e-14,1.41046054434e-14,1.09716533412e-14,8.56579855603e-15,6.9123237509e-15],"max":[0.0312305614352,0.0543722882867,0.0246824529022,0.0258081965148,0.0163370482624,0.0112187061459,0.00959772337228,0.0320266522467,0.00808699801564,0.00665030861273,0.00741797732189,0.00569575466216,0.00699588423595,0.00815522391349,0.00269779236987,0.0029656207189,0.00282990396954,0.00568199623376,0.00078596919775,0.00120549742132,0.000486342702061,0.000449896702776,0.000154135617777,0.000139507843414,0.000105854356661,0.0000958114032983,0.000147970247781,0.000046489010856,0.0000200365848286,0.00000755805149311,0.00000466480287287,0.00000402648447562,0.00000260112710748,0.00000131743638576,0.00000111553697479,9.94495849227e-7,8.53721019212e-7,7.53935353259e-7,6.52451831229e-7,5.91627781432e-7],"mean":[0.00287453853525,0.00233984016813,0.00168678897899,0.00124625884928,0.000640709418803,0.000344353000401,0.000261022680206,0.000273709156318,0.000216173997615,0.000210068697925,0.000236148465774,0.000214701474761,0.000168922066223,0.000179974565981,0.00010377819126,0.0000708830120857,0.0000516028485436,0.0000526728363184,0.0000298084669339,0.0000263892889052,0.0000172641121026,0.0000153460005095,0.0000104351665868,0.00000655425901641,0.00000437344442616,0.00000259647845269,0.00000162902551892,8.91304068773e-7,5.37089192676e-7,3.40831462609e-7,1.93532642356e-7,1.16671174055e-7,6.62052741518e-8,3.86628542515e-8,2.54663738986e-8,1.92197191495e-8,1.60259734372e-8,1.40879699018e-8,1.26067467576e-8,1.12408278241e-8],"median":[0.0020001984667,0.00171958003193,0.00108325039037,0.000588002498262,0.000305563007714,0.000163308141055,0.000122520432342,0.000104045000626,0.000100491655758,0.0000911666429602,0.000108007530798,0.00009449035133,0.0000778960966272,0.0000806359457783,0.0000566015514778,0.0000421494878537,0.0000270360196737,0.0000293763223453,0.0000174799279193,0.0000135601585498,0.00000989041473076,0.00000848558556754,0.00000595428446104,0.00000348598268829,0.00000201624698093,0.00000106848483483,6.12196743077e-7,3.7343323811e-7,2.41569466652e-7,1.51724776742e-7,7.72198802679e-8,4.11549194723e-8,1.86904394184e-8,7.72678188099e-9,3.07031666757e-9,1.53667789604e-9,8.74808114837e-10,6.27418894616e-10,5.23910026473e-10,2.05609362869e-10],"min":[1.14172686838e-24,5.99396335917e-25,6.12918003478e-25,1.3058596349e-24,1.01806799111e-24,1.69261624584e-24,1.33231033827e-24,6.56717434481e-25,1.40254942859e-24,2.19784300145e-24,1.46765372467e-24,1.24452037471e-24,1.18966564977e-24,2.82304563999e-24,2.10374096736e-24,2.11809034723e-24,1.805062057e-24,2.44090662636e-24,2.86767919279e-24,2.6817028678e-24,4.34319874815e-24,3.01804278664e-24,2.66085958496e-24,3.986066428e-24,3.27917132627e-24,3.13903491962e-24,3.16695310149e-24,3.90401108879e-24,4.4121818733e-24,4.32799266534e-24,5.36362819437e-24,4.34565841645e-24,5.68244277935e-24,5.94635737848e-24,4.25660824759e-24,5.03668360891e-24,5.50169147456e-24,5.84184790246e-24,5.98349418888e-24,5.93926157464e-24],"var":[0.00000873718454386,0.00000550432878299,0.00000368981795873,0.00000440104668087,9.72055431703e-7,3.37678557116e-7,2.17073775843e-7,9.57119823397e-7,1.49692766627e-7,1.54513600137e-7,1.4033746254e-7,1.26745021589e-7,1.03444271815e-7,1.16403704453e-7,2.6924126928e-8,1.24348433772e-8,9.99302418592e-9,1.40192799591e-8,1.97907290556e-9,2.27131957686e-9,6.18006368303e-10,4.5446835184e-10,1.7622588111e-10,8.30746929581e-11,5.05936716133e-11,2.58330405678e-11,1.53663123892e-11,3.11290706753e-12,8.69232257786e-13,3.33911799036e-13,1.24160799914e-13,5.19873586454e-14,2.00184209216e-14,8.00223196084e-15,4.96744547148e-15,3.56135129728e-15,2.73623278644e-15,2.13440232489e-15,1.67415490278e-15,1.35632103591e-15]},"melbands_crest":{"dmean":3.92383766174,"dmean2":6.60903549194,"dvar":10.5020742416,"dvar2":28.3006916046,"max":35.2700767517,"mean":14.4303827286,"median":13.7786436081,"min":1.59141790867,"var":28.4022369385},"melbands_flatness_db":{"dmean":0.0447043515742,"dmean2":0.0772899314761,"dvar":0.00156792113557,"dvar2":0.00414572982118,"max":0.545404314995,"mean":0.30860632658,"median":0.311038285494,"min":0.00289157824591,"var":0.00523405848071},"melbands_kurtosis":{"dmean":4.97816991806,"dmean2":8.20356273651,"dvar":67.8724060059,"dvar2":178.313583374,"max":304.945343018,"mean":8.23127269745,"median":4.68877983093,"min":-1.77508032322,"var":147.579101562},"melbands_skewness":{"dmean":0.674207150936,"dmean2":1.09996807575,"dvar":0.408645689487,"dvar2":1.05659234524,"max":15.5818929672,"mean":2.242603302,"median":2.08053159714,"min":-1.24263179302,"var":1.81973719597},"melbands_spread":{"dmean":4.34233903885,"dmean2":7.09298276901,"dvar":18.9249038696,"dvar2":48.4550971985,"max":162.834518433,"mean":17.6063175201,"median":14.1488189697,"min":0.894916713238,"var":302.942504883},"mfcc":{"cov":[[7425.15527344,1603.1307373,-1191.45837402,525.358032227,-159.680953979,175.689071655,-47.9744300842,55.3492546082,-12.2408618927,-76.6145477295,-11.3468999863,-84.819480896,-5.42469596863],[1603.1307373,1931.25524902,-359.87020874,85.556022644,2.52932572365,-36.6898803711,59.9409942627,-42.3512191772,33.2091636658,-35.6057052612,20.5617408752,-9.36294174194,-12.1155776978],[-1191.45837402,-359.87020874,861.456542969,-298.966522217,83.9507827759,-92.0252685547,-5.5614733696,-24.2331542969,-40.1102523804,54.4600944519,-8.49004173279,32.7425575256,-16.1259899139],[525.358032227,85.556022644,-298.966522217,436.265533447,-27.0112476349,45.3201828003,8.94688606262,-32.5319137573,15.6659660339,-15.8233127594,35.7166519165,-12.3978567123,-5.15644693375],[-159.680953979,2.52932572365,83.9507827759,-27.0112476349,190.351486206,13.7200260162,14.2561798096,-1.33305072784,1.62838244438,-1.58642923832,-6.65673446655,25.5825653076,5.55696487427],[175.689071655,-36.6898803711,-92.0252685547,45.3201828003,13.7200260162,133.282409668,32.0224456787,43.6144523621,16.7852554321,-6.51327896118,-3.35030460358,-5.71608114243,17.3220386505],[-47.9744300842,59.9409942627,-5.5614733696,8.94688606262,14.2561798096,32.0224456787,99.0654220581,28.3184108734,11.2398900986,12.7942867279,-5.56265354156,-9.3434715271,-2.56940484047],[55.3492546082,-42.3512191772,-24.2331542969,-32.5319137573,-1.33305072784,43.6144523621,28.3184108734,84.6747817993,36.7100944519,0.486680269241,-8.74860477448,-2.75054860115,8.92969036102],[-12.2408618927,33.2091636658,-40.1102523804,15.6659660339,1.62838244438,16.7852554321,11.2398900986,36.7100944519,62.6448020935,17.3210468292,4.56022310257,5.49221611023,4.63146352768],[-76.6145477295,-35.6057052612,54.4600944519,-15.8233127594,-1.58642923832,-6.51327896118,12.7942867279,0.486680269241,17.3210468292,63.1398468018,27.2812385559,5.48734521866,4.94514989853],[-11.3468999863,20.5617408752,-8.49004173279,35.7166519165,-6.65673446655,-3.35030460358,-5.56265354156,-8.74860477448,4.56022310257,27.2812385559,53.2309951782,25.0415630341,4.9847612381],[-84.819480896,-9.36294174194,32.7425575256,-12.3978567123,25.5825653076,-5.71608114243,-9.3434715271,-2.75054860115,5.49221611023,5.48734521866,25.0415630341,50.1614990234,24.067653656],[-5.42469596863,-12.1155776978,-16.1259899139,-5.15644693375,5.55696487427,17.3220386505,-2.56940484047,8.92969036102,4.63146352768,4.94514989853,4.9847612381,24.067653656,45.7952346802]],"icov":[[0.000249835313298,-0.000236679974478,0.000232688296819,-0.000284672918497,0.000112326073577,-0.000269960117294,0.000614774879068,-0.0008037906955,0.00102136458736,-0.000900437880773,0.00088995747501,-0.000551053730305,0.000483242445625],[-0.000236679974478,0.00089408934582,0.0000792439532233,0.000574064266402,-0.000283745117486,0.000681990408339,-0.00142421713099,0.00175254337955,-0.00202256138436,0.00200917897746,-0.00202077673748,0.00131856522057,-0.000829544907901],[0.000232688296819,0.0000792439532233,0.00230972212739,0.000758276903071,-0.000440147181507,0.000428749539424,0.000255988736171,-0.000490507634822,0.0021642036736,-0.00297143915668,0.0021923717577,-0.00269277836196,0.00222702207975],[-0.000284672918497,0.000574064266402,0.000758276903071,0.00439253821969,-0.000372634094674,-0.000520886154845,-0.0020774519071,0.00478726206347,-0.00425857584924,0.00437394110486,-0.00624425336719,0.00399429025128,-0.00138917914592],[0.000112326073577,-0.000283745117486,-0.000440147181507,-0.000372634094674,0.00666013918817,-0.0018018418923,-0.000450835272204,0.00043058625306,0.000596842146479,-0.00150955864228,0.00478203315288,-0.00692649371922,0.00272775674239],[-0.000269960117294,0.000681990408339,0.000428749539424,-0.000520886154845,-0.0018018418923,0.011960615404,-0.00317937321961,-0.00384590053,-0.00102226703893,0.00343623175286,-0.00399210909382,0.00543690705672,-0.00618364522234],[0.000614774879068,-0.00142421713099,0.000255988736171,-0.0020774519071,-0.000450835272204,-0.00317937321961,0.0155095634982,-0.00780691485852,0.0061583747156,-0.00918213650584,0.00739269750193,-0.00302996346727,0.00435843970627],[-0.0008037906955,0.00175254337955,-0.000490507634822,0.00478726206347,0.00043058625306,-0.00384590053,-0.00780691485852,0.0278818774968,-0.0191981345415,0.0109274033457,-0.00743753509596,0.0074176536873,-0.00606471067294],[0.00102136458736,-0.00202256138436,0.0021642036736,-0.00425857584924,0.000596842146479,-0.00102226703893,0.0061583747156,-0.0191981345415,0.0350258909166,-0.019455190748,0.0148283140734,-0.0148895801976,0.00904142390937],[-0.000900437880773,0.00200917897746,-0.00297143915668,0.00437394110486,-0.00150955864228,0.00343623175286,-0.00918213650584,0.0109274033457,-0.019455190748,0.0397060774267,-0.031338956207,0.0223290584981,-0.0145353088155],[0.00088995747501,-0.00202077673748,0.0021923717577,-0.00624425336719,0.00478203315288,-0.00399210909382,0.00739269750193,-0.00743753509596,0.0148283140734,-0.031338956207,0.0553549230099,-0.0384869500995,0.0185204222798],[-0.000551053730305,0.00131856522057,-0.00269277836196,0.00399429025128,-0.00692649371922,0.00543690705672,-0.00302996346727,0.0074176536873,-0.0148895801976,0.0223290584981,-0.0384869500995,0.0592062585056,-0.0308791846037],[0.000483242445625,-0.000829544907901,0.00222702207975,-0.00138917914592,0.00272775674239,-0.00618364522234,0.00435843970627,-0.00606471067294,0.00904142390937,-0.0145353088155,0.0185204222798,-0.0308791846037,0.0406047590077]],"mean":[-706.491149902,219.676712036,-41.7823867798,27.7220611572,7.73085594177,10.425617218,11.1625318527,6.08907556534,5.96146869659,-2.98697805405,1.60543930531,-0.600398540497,-1.27865624428]},"pitch_salience":{"dmean":0.0775527358055,"dmean2":0.13085962832,"dvar":0.00424117175862,"dvar2":0.0117932520807,"max":0.838742852211,"mean":0.603092670441,"median":0.614599406719,"min":0.123572289944,"var":0.010433414951},"silence_rate_20dB":{"dmean":0,"dmean2":0,"dvar":0,"dvar2":0,"max":1,"mean":1,"median":1,"min":1,"var":0},"silence_rate_30dB":{"dmean":0.0222158934921,"dmean2":0.0444360040128,"dvar":0.0217214282602,"dvar2":0.0530952066183,"max":1,"mean":0.970666408539,"median":1,"min":0,"var":0.0284721609205},"silence_rate_60dB":{"dmean":0.00398746784776,"dmean2":0.00797569286078,"dvar":0.00397095037624,"dvar2":0.00886020995677,"max":1,"mean":0.0323713682592,"median":0,"min":0,"var":0.0313210710883},"spectral_centroid":{"dmean":147.765884399,"dmean2":237.65927124,"dvar":38136.9960938,"dvar2":88680.546875,"max":11828.8964844,"mean":966.274230957,"median":740.880737305,"min":181.619247437,"var":1805677.125},"spectral_complexity":{"dmean":3.23915314674,"dmean2":4.90467166901,"dvar":9.24431991577,"dvar2":17.8929615021,"max":45,"mean":20.2292575836,"median":21,"min":0,"var":72.1650619507},"spectral_contrast_coeffs":{"dmean":[0.0566965080798,0.047981005162,0.0380701832473,0.0269208960235,0.0257681235671,0.0666042491794],"dmean2":[0.0951276347041,0.0816633850336,0.0646493956447,0.0457223132253,0.0436319224536,0.122167982161],"dvar":[0.00200966675766,0.0014333515428,0.000928488560021,0.000486739183543,0.000536097155418,0.00371827697381],"dvar2":[0.0055539496243,0.00412134919316,0.00263089803047,0.0013642583508,0.00147572683636,0.00892571359873],"max":[-0.324228167534,-0.466023117304,-0.513512969017,-0.590460002422,-0.631708681583,-0.546086907387],"mean":[-0.669772446156,-0.782864391804,-0.799026310444,-0.816632926464,-0.792474627495,-0.738457739353],"median":[-0.670739173889,-0.786731004715,-0.803243815899,-0.819051504135,-0.786692976952,-0.729503393173],"min":[-0.976189374924,-0.978174507618,-0.983849942684,-0.983736276627,-0.981670558453,-0.979918122292],"var":[0.00687698461115,0.00382001255639,0.00312339537777,0.00169662537519,0.00190983724315,0.00635491032153]},"spectral_contrast_valleys":{"dmean":[0.387990266085,0.380085468292,0.319516867399,0.28411012888,0.333949387074,1.23014199734],"dmean2":[0.648883998394,0.632453978062,0.517456829548,0.454152196646,0.555471897125,2.3664393425],"dvar":[0.111384250224,0.114498570561,0.0866113305092,0.0864429399371,0.157464116812,1.51750504971],"dvar2":[0.278878837824,0.27823138237,0.188479810953,0.170837640762,0.359428614378,3.42462587357],"max":[-5.07914447784,-4.25044536591,-4.79440689087,-5.27351522446,-6.23012971878,-8.95364093781],"mean":[-6.90775346756,-6.67932033539,-6.88944339752,-7.49645853043,-8.42091369629,-12.7786569595],"median":[-6.44894886017,-6.24140548706,-6.44096851349,-6.98573207855,-7.96318435669,-13.0473403931],"min":[-28.7745742798,-28.2349700928,-27.8948287964,-27.713218689,-27.5118331909,-27.5303916931],"var":[7.60774040222,7.82316732407,7.64883804321,7.35306072235,6.74071073532,4.79359865189]},"spectral_decrease":{"dmean":2.80051448698e-9,"dmean2":4.58933868686e-9,"dvar":8.21637261678e-18,"dvar2":2.19376603342e-17,"max":4.17781231832e-9,"mean":-6.9947110326e-9,"median":-6.0927822787e-9,"min":-4.76435353391e-8,"var":2.72207801886e-17},"spectral_energy":{"dmean":0.0122050698847,"dmean2":0.0196140762419,"dvar":0.000148066610564,"dvar2":0.000381883670343,"max":0.211499169469,"mean":0.0456881150603,"median":0.042149156332,"min":9.8936375037e-21,"var":0.000792783219367},"spectral_energyband_high":{"dmean":0.000227676457143,"dmean2":0.00033412312041,"dvar":1.82834256179e-7,"dvar2":3.47517072896e-7,"max":0.0147066731006,"mean":0.000650366768241,"median":0.000407164014177,"min":7.05175188052e-21,"var":9.85415795185e-7},"spectral_energyband_low":{"dmean":0.00802207645029,"dmean2":0.0134386094287,"dvar":0.0000785320953582,"dvar2":0.000213406878174,"max":0.180475577712,"mean":0.0161929987371,"median":0.01357290335,"min":1.01355223574e-23,"var":0.000168992017279},"spectral_energyband_middle_high":{"dmean":0.00207310705446,"dmean2":0.0032565004658,"dvar":0.00000961330351856,"dvar2":0.0000239263135882,"max":0.0851755738258,"mean":0.00673964014277,"median":0.00430952105671,"min":1.12876296966e-21,"var":0.0000645525942673},"spectral_energyband_middle_low":{"dmean":0.00616885209456,"dmean2":0.00996619835496,"dvar":0.0000598767728661,"dvar2":0.000153601795319,"max":0.159136772156,"mean":0.0151854455471,"median":0.0108291395009,"min":1.57385639201e-22,"var":0.000216650223592},"spectral_entropy":{"dmean":0.203417375684,"dmean2":0.348440170288,"dvar":0.0445108003914,"dvar2":0.117284335196,"max":9.82855415344,"mean":7.19376325607,"median":7.21904802322,"min":5.52091741562,"var":0.246873527765},"spectral_flux":{"dmean":0.0235045943409,"dmean2":0.0370479077101,"dvar":0.000413605099311,"dvar2":0.000966764520854,"max":0.3239364326,"mean":0.116914339364,"median":0.118253991008,"min":6.32674815315e-11,"var":0.00198290986009},"spectral_kurtosis":{"dmean":13.775844574,"dmean2":24.7200222015,"dvar":274.747375488,"dvar2":737.971679688,"max":203.105743408,"mean":44.9061508179,"median":41.2833786011,"min":-1.29902732372,"var":477.412384033},"spectral_rms":{"dmean":0.000881584826857,"dmean2":0.00139960856177,"dvar":5.89085516367e-7,"dvar2":0.0000014642394035,"max":0.0143645629287,"mean":0.00628832308576,"median":0.00641257548705,"min":3.10681970601e-12,"var":0.00000503084675074},"spectral_rolloff":{"dmean":4652.97900391,"dmean2":9034.38671875,"dvar":60312252,"dvar2":152134640,"max":22028.4667969,"mean":16458.3691406,"median":20736.4746094,"min":21.533203125,"var":68378544},"spectral_skewness":{"dmean":0.744703769684,"dmean2":1.32176756859,"dvar":0.806278645992,"dvar2":2.15567326546,"max":12.2400751114,"mean":4.68551874161,"median":4.48264884949,"min":-0.118119694293,"var":2.01314115524},"spectral_spread":{"dmean":614814.875,"dmean2":1125541.25,"dvar":585923887104,"dvar2":1393965268990,"max":43969340,"mean":3498081.5,"median":2700459,"min":1178912.75,"var":23783664517100},"spectral_strongpeak":{"dmean":2.16936922073,"dmean2":4.06971311569,"dvar":88.8629608154,"dvar2":249.305267334,"max":114.387458801,"mean":1.89716720581,"median":0.283699274063,"min":0,"var":77.2226791382},"zerocrossingrate":{"dmean":0.0335554406047,"dmean2":0.0443192645907,"dvar":0.000782607821748,"dvar2":0.00135563604999,"max":0.76025390625,"mean":0.2973741889,"median":0.2890625,"min":0.064453125,"var":0.00578710483387}},"metadata":{"audio_properties":{"analysis_sample_rate":44100,"bit_rate":827391,"codec":"alac","downmix":"mix","equal_loudness":0,"length":244.559997559,"lossless":true,"md5_encoded":"5486c1bcb5be96d791ccd6daccd48f9b","replay_gain":-3.32699012756,"sample_rate":44100},"tags":{"album":["The Book of Taliesyn"],"albumartistsort":["Deep Purple"],"artist":["Deep Purple"],"artistsort":["Deep Purple"],"asin":["B000005RTE"],"barcode":["0077779240821"],"catalognumber":["CDP 7 92408 2"],"composer":["Ian Paice","Jon Lord","Rod Evans","Ritchie Blackmore"],"composersort":["Paice, Ian","Lord, Jon","Evans, Rod","Blackmore, Ritchie"],"date":["1989"],"file_name":"01 - Listen, Learn, Read On.m4a","label":["EMI"],"media":["CD"],"musicbrainz_albumartistid":["79491354-3d83-40e3-9d8e-7592d58d790a"],"musicbrainz_albumid":["17693388-d0f8-3a6c-b72a-ede64ea3bded"],"musicbrainz_artistid":["79491354-3d83-40e3-9d8e-7592d58d790a"],"musicbrainz_recordingid":["107af45f-dbd8-4cab-b693-3db969a955c1"],"musicbrainz_releasegroupid":["3a2bbe30-d2c7-367b-9326-f0082adad661"],"musicbrainz_workid":["7e313635-fe5a-3c18-83a2-781da8d0dd73"],"producer":["Derek Lawrence"],"script":["Latn"],"title":["Listen, Learn, Read On"],"tracknumber":["1/7"]},"version":{"essentia":"2.1-beta1","essentia_build_sha":"ca57ba49d9b1854bd80e60cf9ccf267278fb7d6b","essentia_git_sha":"v2.1_beta1-28-g21ef5f4-dirty","extractor":"music 1.0"}},"rhythm":{"beats_count":641,"beats_loudness":{"dmean":0.0219012983143,"dmean2":0.0363909117877,"dvar":0.000387820706237,"dvar2":0.00104244891554,"max":0.207661509514,"mean":0.0527527034283,"median":0.0478669665754,"min":0,"var":0.000861980312038},"beats_loudness_band_ratio":{"dmean":[0.1614472121,0.0941081941128,0.0617034733295,0.066803433001,0.0220938175917,0.0717964693904],"dmean2":[0.272726625204,0.1601652354,0.104156218469,0.118165664375,0.0367548875511,0.122394636273],"dvar":[0.015648426488,0.00754490029067,0.00387865258381,0.00458461930975,0.000602001673542,0.00428852485493],"dvar2":[0.04