{"lowlevel":{"average_loudness":0.775520563126,"barkbands":{"dmean":[0.0000507783552166,0.00137657183222,0.000997608876787,0.00164410716388,0.00151685602032,0.000800648471341,0.000641786493361,0.000510059762746,0.000828511314467,0.000619468744844,0.00110236660112,0.000581039756071,0.000601310981438,0.000513555423822,0.000382967176847,0.000161497388035,0.000113632944704,0.0000704818448867,0.0000504113631905,0.0000330021684931,0.0000309828974423,0.0000371093447029,0.0000329517715727,0.0000297672613669,0.0000293498542305,0.0000204260013561,0.00000110072858206],"dmean2":[0.000068261200795,0.00213627447374,0.00167572684586,0.00272283353843,0.00244375504553,0.00126283266582,0.000982363126241,0.00080097123282,0.00121890765149,0.000940778118093,0.0017250670353,0.000866901711561,0.000938970653806,0.000798204971943,0.000622694264166,0.000263461086433,0.00018200885097,0.000113873393275,0.0000821052817628,0.0000538965578016,0.0000496330831083,0.0000576483216719,0.0000491777391289,0.0000436239497503,0.0000421152071794,0.0000304510904243,0.00000177250080924],"dvar":[1.13231077847e-8,0.00000889739476406,0.00000393768095819,0.00000856915175973,0.00000507309596287,0.00000179365292752,0.00000225521466746,0.00000196609903469,0.00000398987504013,0.00000589215005675,0.000018802802515,0.00000692264757163,0.00000400821591029,0.00000198538668883,0.00000112365307814,1.94453249946e-7,1.10606038106e-7,1.8972517779e-8,1.10452829105e-8,2.87853962888e-9,2.61394261791e-9,5.63185720281e-9,1.44548941705e-8,1.49166314856e-8,4.08068778768e-8,4.96622654111e-9,1.71935694848e-11],"dvar2":[1.9331826806e-8,0.0000204629068321,0.0000108844806164,0.0000223466995521,0.0000127430275825,0.00000461521358375,0.00000499358520756,0.00000511850794283,0.00000891311719897,0.0000135162063089,0.0000444416000391,0.0000144162122524,0.00000958662712947,0.00000451546020486,0.00000286647605208,4.34860112364e-7,2.39656856138e-7,4.85241820058e-8,2.79468892472e-8,7.24247328776e-9,6.6048770897e-9,1.28351054229e-8,3.11895931304e-8,3.40978729696e-8,7.05412404045e-8,1.01194173041e-8,4.27340801634e-11],"max":[0.000939943070989,0.0317553952336,0.0322226285934,0.0369034558535,0.0327642634511,0.0323107764125,0.0418239198625,0.0424152612686,0.0858231782913,0.0777495279908,0.0959244892001,0.107916884124,0.0635017827153,0.0429813079536,0.0327994339168,0.0162363499403,0.0132961887866,0.00369777530432,0.00456740893424,0.00129410787486,0.000994829344563,0.00182658573613,0.0094037419185,0.00710167083889,0.0143270008266,0.00318254670128,0.0000985151928035],"mean":[0.0000582203538215,0.0017459737137,0.00203987490386,0.00216110004112,0.00301019032486,0.00166263256688,0.00116880657151,0.000911754905246,0.00159944174811,0.00113676197361,0.0017559871776,0.00102428649552,0.0010446436936,0.000850710726809,0.000641533813905,0.000266468268819,0.000222254515393,0.000143070748891,0.000116441791761,0.0000812899961602,0.0000778598550824,0.0000966573061305,0.0000805189774837,0.0000635252363281,0.0000545523580513,0.0000247829757427,9.86701365946e-7],"median":[0.00000450537527286,0.000677738687955,0.00139677256811,0.00120879220776,0.00214824429713,0.00106066744775,0.000501573318616,0.000340077385772,0.000651170499623,0.000178970192792,0.000274157238891,0.000138052710099,0.000313730357448,0.000230513265706,0.000199047033675,0.0000978196039796,0.0000823276786832,0.0000746629666537,0.0000598292972427,0.0000489377816848,0.0000406917897635,0.0000371934911527,0.0000264086975221,0.0000162656469911,0.00000891961281013,0.00000259511693912,2.24180798369e-8],"min":[2.06837209285e-25,2.87411136739e-24,1.03198694874e-24,8.55663027182e-25,9.52588512783e-24,6.55814859276e-24,8.84857467663e-24,8.72274662909e-24,9.91847516795e-24,1.54970052446e-23,1.96885766437e-23,2.11970475107e-23,4.20922484401e-23,4.89434896247e-23,3.53349353457e-23,8.11377961573e-23,7.40488080731e-23,9.18702298402e-23,1.2002355852e-22,2.06757148975e-22,2.88098237743e-22,3.16674591506e-22,2.90872730967e-22,6.59066199984e-22,9.50841589775e-22,1.40145297425e-21,1.84928766931e-21],"var":[1.76941483687e-8,0.00000985242786555,0.00000547335139345,0.0000087388607426,0.00000936556807574,0.00000401139323003,0.00000558397050554,0.00000466874962513,0.0000122776200442,0.0000210491307371,0.0000462051211798,0.0000194441763597,0.000009368269275,0.00000432201159128,0.00000262894786829,4.57556495803e-7,2.9180765182e-7,5.03057897561e-8,4.12916669745e-8,1.01302450872e-8,1.02615107522e-8,2.43700863933e-8,3.57463534328e-8,4.45580958797e-8,1.52286929733e-7,9.6617736034e-9,1.69613229711e-11]},"barkbands_crest":{"dmean":2.24373984337,"dmean2":3.64284825325,"dvar":4.29650831223,"dvar2":10.7807664871,"max":26.3558521271,"mean":8.9436006546,"median":8.16572761536,"min":2.88043475151,"var":13.7115936279},"barkbands_flatness_db":{"dmean":0.0184323899448,"dmean2":0.0270843096077,"dvar":0.000281468877802,"dvar2":0.000575994956307,"max":0.471562683582,"mean":0.147686034441,"median":0.138610765338,"min":0.0406424626708,"var":0.00294273695908},"barkbands_kurtosis":{"dmean":2.64684486389,"dmean2":4.22420167923,"dvar":62.2214584351,"dvar2":172.849212646,"max":380.038238525,"mean":4.40287923813,"median":1.66603302956,"min":-1.90632712841,"var":162.93611145},"barkbands_skewness":{"dmean":0.481663346291,"dmean2":0.719216346741,"dvar":0.272116631269,"dvar2":0.661565423012,"max":15.2735462189,"mean":1.35857498646,"median":1.26679897308,"min":-4.04702758789,"var":1.40527427197},"barkbands_spread":{"dmean":3.75633621216,"dmean2":5.67866802216,"dvar":20.4755458832,"dvar2":39.3842964172,"max":144.191101074,"mean":18.1264514923,"median":16.1783733368,"min":0.320474594831,"var":155.714981079},"dissonance":{"dmean":0.0226081348956,"dmean2":0.0382057316601,"dvar":0.000525153125636,"dvar2":0.00147222320084,"max":0.5,"mean":0.451945871115,"median":0.460466831923,"min":0.194429367781,"var":0.00135979289189},"dynamic_complexity":3.61732459068,"erbbands":{"dmean":[0.0437225885689,0.315433740616,0.971134126186,3.02651262283,6.40837335587,5.25914144516,4.17488098145,7.47991943359,7.28658390045,12.8630495071,11.3239545822,18.8891410828,17.9832668304,24.8667488098,40.3919906616,24.4797267914,26.1423454285,29.5530223846,14.8788328171,19.7131710052,7.17178964615,5.44264793396,3.52027773857,3.09950828552,2.09869265556,1.75951266289,1.37152862549,1.21123635769,1.41862738132,1.20356285572,0.915086507797,0.676627516747,0.490393936634,0.363772124052,0.193305462599,0.0926222428679,0.037431102246,0.00634741829708,0.000129198379,0.0000105243425423],"dmean2":[0.0652901232243,0.510191977024,1.6230905056,5.05240535736,10.6001195908,8.37351989746,6.44293355942,11.8964004517,11.7864522934,19.137090683,17.4130764008,27.8308486938,26.7420864105,37.3388442993,62.2788085938,35.5108413696,40.2355957031,45.2121047974,23.3872699738,32.2800445557,11.3777837753,8.67085075378,5.66815233231,4.92382717133,3.39733195305,2.8733253479,2.20239663124,1.93112361431,2.24035382271,1.86480903625,1.36744570732,1.00042808056,0.720089256763,0.517071723938,0.284045606852,0.138040482998,0.0564069673419,0.00951075926423,0.00019309738127,0.0000152183220052],"dvar":[0.00943445693702,0.479089021683,3.78199148178,28.6467819214,125.280860901,66.3242263794,36.1360855103,202.385238647,183.869888306,1386.94116211,820.124511719,2556.12524414,3321.86889648,9899.39941406,23948.5820313,12166.3261719,6395.79248047,7381.51806641,2437.17504883,2454.79760742,329.410095215,302.243591309,44.9500961304,43.8851394653,20.8737373352,8.13694667816,5.02724933624,4.80735826492,9.05586051941,7.31709527969,15.8921976089,5.04840135574,6.45923471451,7.62675952911,1.6229186058,0.168895989656,0.0138783976436,0.000396622141125,1.64658615631e-7,3.14715281613e-10],"dvar2":[0.0200252700597,1.19101989269,10.3451766968,77.2199630737,319.902862549,159.495941162,86.7288970947,531.909545898,441.361633301,3163.68261719,2279.2722168,5652.24609375,7095.79443359,22102.0820313,57642.2578125,24838.1972656,14785.40625,16227.9335938,6039.2734375,6271.37841797,682.287902832,648.801086426,118.336471558,106.113128662,46.4164390564,20.678062439,12.8863840103,12.2962188721,21.6400089264,15.9101686478,35.678691864,11.5008029938,13.820766449,12.8678197861,3.34238696098,0.334216296673,0.0303733162582,0.000858324288856,3.58251696753e-7,6.47304043699e-10],"max":[0.958145737648,8.71078872681,26.6256027222,76.5163269043,148.174621582,167.758163452,152.475250244,391.687774658,278.59552002,991.182678223,908.981140137,2372.5546875,2389.34399414,3538.9987793,4474.92675781,5565.90136719,3028.70141602,3646.52929688,1630.56066895,1730.75866699,683.879089355,752.524047852,231.434448242,242.411682129,271.944488525,66.5420303345,43.5112609863,43.6190376282,82.9148254395,118.562011719,319.544189453,104.997917175,186.328491211,218.803787231,68.1494064331,22.5925598145,3.34517741203,0.560698509216,0.0109054669738,0.000475326698506],"mean":[0.0482789725065,0.417042702436,1.96826076508,4.93274736404,9.44183444977,10.4815835953,9.60792541504,14.789396286,13.1350812912,24.0693912506,22.4817390442,36.7652282715,33.6917114258,47.1279029846,68.3088989258,45.5965118408,48.0903778076,51.2721405029,28.37109375,32.9997024536,14.4480638504,11.6495571136,7.9026222229,7.06081438065,5.07784891129,4.27711677551,3.37620019913,3.01271653175,3.4517724514,2.9933962822,2.15844011307,1.51371705532,1.01100409031,0.704089581966,0.315785229206,0.124043807387,0.0430424138904,0.00676541216671,0.000149768660776,0.0000312707488774],"median":[0.0103351147845,0.211210742593,1.35437738895,3.42453360558,5.69807004929,6.81725740433,6.81213569641,8.79270935059,6.7822022438,8.10314941406,10.4028148651,14.9932155609,10.421792984,8.56134796143,12.9260921478,8.44238948822,16.2856502533,14.9095830917,7.5439119339,12.6932554245,5.56139707565,4.68042802811,4.42998838425,3.62931370735,2.67182898521,2.53032445908,1.84516108036,1.46062886715,1.29844105244,1.07860600948,0.689664363861,0.420580327511,0.23151627183,0.12199832499,0.0488997101784,0.015593547374,0.00431008264422,0.000511869904585,0.0000249974764301,0.0000229072356888],"min":[4.49387615087e-23,7.99931867517e-22,1.13636885096e-21,3.19379563996e-21,1.08756495248e-20,2.19509242271e-20,4.27147441087e-20,7.84102209474e-20,1.44514527621e-19,2.04002074402e-19,3.00894547538e-19,2.96979217355e-19,5.26363044511e-19,5.5978703492e-19,9.73225863747e-19,1.30754135147e-18,2.07044568772e-18,2.44884669677e-18,2.14876108017e-18,3.92817154117e-18,4.88607316029e-18,5.00860301084e-18,5.71021429768e-18,4.08334814255e-18,8.08256126345e-18,9.15920217795e-18,1.05233206154e-17,8.88852800201e-18,1.13571997365e-17,1.13322254995e-17,9.297138681e-18,1.26092393368e-17,1.06431766046e-17,1.00590588791e-17,6.42699400901e-18,4.50300168271e-18,2.2597976697e-18,8.82165996206e-19,2.75059835852e-19,2.84238451648e-20],"var":[0.0112320091575,0.466115266085,4.78234767914,31.078622818,149.86151123,149.383987427,93.9784088135,394.416625977,394.100769043,3564.11914063,1803.46374512,8085.21289063,9409.265625,32495.078125,60262.9960938,34823.3085938,16602.3554688,17126.6054688,7015.28466797,5198.67724609,1086.56982422,811.50213623,127.425216675,145.552780151,78.2879180908,27.7611503601,17.6221466064,18.0949249268,32.8721046448,28.6375236511,32.3010902405,15.9849882126,20.6012821198,29.0320739746,4.21209478378,0.355323165655,0.023172320798,0.000593853881583,2.49501965754e-7,9.77664393886e-10]},"erbbands_crest":{"dmean":2.60504341125,"dmean2":4.2428689003,"dvar":6.11310338974,"dvar2":15.0149269104,"max":32.3022918701,"mean":9.4927482605,"median":8.06018257141,"min":2.38621401787,"var":23.9094905853},"erbbands_flatness_db":{"dmean":0.0193443167955,"dmean2":0.0256762541831,"dvar":0.000386112660635,"dvar2":0.000619077472948,"max":0.413256198168,"mean":0.169859856367,"median":0.165896430612,"min":0.0385595709085,"var":0.002911739517},"erbbands_kurtosis":{"dmean":1.09637486935,"dmean2":1.69541501999,"dvar":6.05510425568,"dvar2":14.1378526688,"max":137.791671753,"mean":1.51368439198,"median":0.12218952179,"min":-1.75103926659,"var":52.4328231812},"erbbands_skewness":{"dmean":0.332598358393,"dmean2":0.514434993267,"dvar":0.0930049493909,"dvar2":0.20962652564,"max":9.53114700317,"mean":0.389371931553,"median":0.325193017721,"min":-4.50642061234,"var":0.810889840126},"erbbands_spread":{"dmean":6.70710277557,"dmean2":9.74319076538,"dvar":54.6003341675,"dvar2":104.515281677,"max":136.057312012,"mean":33.1258125305,"median":29.1666564941,"min":1.04488325119,"var":378.800567627},"gfcc":{"cov":[[19247.5039063,252.771286011,-1962.40246582,-64.8257446289,-792.003479004,575.212280273,-273.875762939,368.666168213,-318.271118164,58.8891868591,-500.355621338,-186.41619873,-409.697479248],[252.771286011,1372.79406738,-257.451568604,-215.357925415,148.375778198,-102.611953735,60.842792511,-183.848022461,88.9844284058,-131.216003418,113.182746887,-123.499153137,92.23853302],[-1962.40246582,-257.451568604,1010.12438965,152.552368164,138.872085571,11.9041347504,25.3265132904,56.1153030396,4.06677246094,106.720375061,-13.0483970642,126.869613647,-0.686965286732],[-64.8257446289,-215.357925415,152.552368164,426.66015625,-45.881275177,-15.8728981018,-42.3036689758,25.3781814575,35.1036186218,36.4556350708,-18.9000415802,23.1785259247,-2.63799858093],[-792.003479004,148.375778198,138.872085571,-45.881275177,280.470397949,50.6621780396,60.8492622375,10.0777606964,39.1885643005,13.5610752106,32.6740837097,31.1391620636,35.3642654419],[575.212280273,-102.611953735,11.9041347504,-15.8728981018,50.6621780396,183.122314453,72.226524353,57.3039131165,-16.2587776184,34.8525161743,-13.9432725906,9.37085437775,-9.38990211487],[-273.875762939,60.842792511,25.3265132904,-42.3036689758,60.8492622375,72.226524353,147.356262207,32.6373634338,11.8495283127,-2.6057138443,23.7848739624,-7.45840072632,3.60389709473],[368.666168213,-183.848022461,56.1153030396,25.3781814575,10.0777606964,57.3039131165,32.6373634338,146.929580688,27.0683631897,34.9878044128,-29.368850708,32.0667152405,-13.1771907806],[-318.271118164,88.9844284058,4.06677246094,35.1036186218,39.1885643005,-16.2587776184,11.8495283127,27.0683631897,101.025146484,18.2668609619,11.7714738846,-8.23146438599,23.1412658691],[58.8891868591,-131.216003418,106.720375061,36.4556350708,13.5610752106,34.8525161743,-2.6057138443,34.9878044128,18.2668609619,94.9567718506,9.25115776062,32.0204734802,-12.5624933243],[-500.355621338,113.182746887,-13.0483970642,-18.9000415802,32.6740837097,-13.9432725906,23.7848739624,-29.368850708,11.7714738846,9.25115776062,102.708740234,20.4613056183,27.4833393097],[-186.41619873,-123.499153137,126.869613647,23.1785259247,31.1391620636,9.37085437775,-7.45840072632,32.0667152405,-8.23146438599,32.0204734802,20.4613056183,105.913925171,19.4346542358],[-409.697479248,92.23853302,-0.686965286732,-2.63799858093,35.3642654419,-9.38990211487,3.60389709473,-13.1771907806,23.1412658691,-12.5624933243,27.4833393097,19.4346542358,78.8267593384]],"icov":[[0.000232607315411,-0.000566845526919,0.000479284819448,-0.000216768326936,0.000486248638481,-0.000825782015454,0.000627620727755,-0.000887644826435,0.000939048069995,-0.000793360406533,0.000981441931799,-0.000552800891455,0.000767575751524],[-0.000566845526919,0.00289180455729,-0.00113365950529,0.0010247011669,-0.00174619653262,0.00222640717402,-0.00180735695176,0.00344447325915,-0.00375670008361,0.00323522603139,-0.00334803271107,0.00247561209835,-0.00242311297916],[0.000479284819448,-0.00113365950529,0.00251447665505,-0.000929424830247,0.000179419614142,-0.000816472689621,0.000426927581429,-0.00162824196741,0.00256428099237,-0.00319115165621,0.00305124209262,-0.00246741925366,0.00162208988331],[-0.000216768326936,0.0010247011669,-0.000929424830247,0.00319603458047,0.000172580927028,0.000506511423737,0.00011288994574,0.00126369122881,-0.0028274692595,0.00103621010203,-0.00102888455149,0.000574212463107,-0.000825476017781],[0.000486248638481,-0.00174619653262,0.000179419614142,0.000172580927028,0.00643522106111,-0.00357896368951,0.000596993835643,-0.00134214060381,-0.000216845466639,-0.00114956405014,0.00170578609686,-0.00273739476688,0.000973478483502],[-0.000825782015454,0.00222640717402,-0.000816472689621,0.000506511423737,-0.00357896368951,0.0128378309309,-0.00687553500757,0.00092308683088,0.000997140305117,-0.00201341183856,-0.00112211052328,0.00283724186011,-0.00420568184927],[0.000627620727755,-0.00180735695176,0.000426927581429,0.00011288994574,0.000596993835643,-0.00687553500757,0.0130745498464,-0.00509713450447,0.0013438067399,0.00129593221936,-0.00174202164635,0.000845791539177,0.00305857113563],[-0.000887644826435,0.00344447325915,-0.00162824196741,0.00126369122881,-0.00134214060381,0.00092308683088,-0.00509713450447,0.0160276573151,-0.00966656859964,0.00293202046305,-0.000214560699533,-0.00216934760101,-0.00107673963066],[0.000939048069995,-0.00375670008361,0.00256428099237,-0.0028274692595,-0.000216845466639,0.000997140305117,0.0013438067399,-0.00966656859964,0.0216838847846,-0.00987620092928,0.0042241201736,0.00207139528356,-0.00218023313209],[-0.000793360406533,0.00323522603139,-0.00319115165621,0.00103621010203,-0.00114956405014,-0.00201341183856,0.00129593221936,0.00293202046305,-0.00987620092928,0.0216802563518,-0.00833148974925,-0.0004187093582,0.00216708960943],[0.000981441931799,-0.00334803271107,0.00305124209262,-0.00102888455149,0.00170578609686,-0.00112211052328,-0.00174202164635,-0.000214560699533,0.0042241201736,-0.00833148974925,0.0195974707603,-0.00709778117016,0.000504998955876],[-0.000552800891455,0.00247561209835,-0.00246741925366,0.000574212463107,-0.00273739476688,0.00283724186011,0.000845791539177,-0.00216934760101,0.00207139528356,-0.0004187093582,-0.00709778117016,0.0184647105634,-0.0073601170443],[0.000767575751524,-0.00242311297916,0.00162208988331,-0.000825476017781,0.000973478483502,-0.00420568184927,0.00305857113563,-0.00107673963066,-0.00218023313209,0.00216708960943,0.000504998955876,-0.0073601170443,0.0208638049662]],"mean":[-32.2068595886,108.13923645,-117.014411926,22.578666687,-62.0968704224,16.1496353149,-42.5855178833,-2.24518299103,-25.6627483368,-1.85099160671,-19.2028007507,-4.54646730423,-14.1217765808]},"hfc":{"dmean":4.42877864838,"dmean2":6.29968500137,"dvar":55.6612739563,"dvar2":115.067131042,"max":223.730529785,"mean":17.1535797119,"median":11.2548055649,"min":1.09188886413e-16,"var":372.755279541},"melbands":{"dmean":[0.000382020283723,0.000438127288362,0.00066141464049,0.000382315716706,0.000161917414516,0.000163393691764,0.000116341885587,0.000133370922413,0.000103533304355,0.000115652503155,0.0000906670393306,0.0000963242346188,0.000158771013957,0.0000741620460758,0.0000603713015153,0.0000566922681173,0.0000571340387978,0.0000253158978012,0.0000247462558036,0.0000193820033019,0.00000814670420368,0.00000677438538332,0.00000471011162517,0.00000334969877258,0.00000275929505733,0.00000189521233551,0.00000122788298995,0.00000126106567677,9.51546667238e-7,8.57383156472e-7,7.40711413982e-7,9.18353123325e-7,7.73115573338e-7,7.01793680946e-7,5.54095777261e-7,5.72066937821e-7,3.91081727003e-7,3.85640447575e-7,3.21134507431e-7,3.11809031928e-7],"dmean2":[0.000584058754612,0.000709487474523,0.00108963588718,0.000619994185399,0.000249137636274,0.000260012544459,0.000185310520465,0.000199488771614,0.000157032016432,0.000170262355823,0.000134568050271,0.000144782257848,0.000245221657678,0.000111994573672,0.0000902884348761,0.0000869049254106,0.0000879504004843,0.0000396785544581,0.0000400243588956,0.0000319048485835,0.0000128589708766,0.0000108512713268,0.00000776238539402,0.00000540025394002,0.0000044052217163,0.00000304652394334,0.00000201678039957,0.00000206591812457,0.00000154698727783,0.00000140070312682,0.00000119287051348,0.00000148175081449,0.00000122193546304,0.00000110403345843,8.53316862504e-7,8.82771360011e-7,5.88210127717e-7,5.75053888952e-7,4.79023697153e-7,4.57117863562e-7],"dvar":[7.04168428456e-7,7.27251801891e-7,0.00000134024071485,3.45877197105e-7,5.2874387535e-8,8.76062173916e-8,4.99376362484e-8,1.43676331277e-7,6.99626951928e-8,8.59404494236e-8,8.61209272784e-8,1.64378562317e-7,3.70049974663e-7,1.07924130077e-7,4.19286472209e-8,3.24211981706e-8,2.79664433833e-8,6.53394272021e-9,5.20728393738e-9,2.06983941098e-9,5.09299324936e-10,5.8670346359e-10,7.60102952801e-11,5.74420511157e-11,3.87752850661e-11,2.30870288165e-11,4.90352203286e-12,4.28167700947e-12,2.47449174866e-12,2.24933830242e-12,1.79173147673e-12,4.0080842291e-12,2.74301848596e-12,2.74574048394e-12,6.743965629e-12,3.09944301127e-12,2.12761665924e-12,4.13729987769e-12,5.37921053187e-12,6.6092708563e-12],"dvar2":[0.00000156013300057,0.00000186934937574,0.00000348946559825,8.74476313584e-7,1.26614722262e-7,2.286841152e-7,1.16707653319e-7,3.35924426054e-7,1.89248723359e-7,1.89947229501e-7,1.81788493592e-7,3.70533712157e-7,8.64875914885e-7,2.24722583653e-7,8.97462086868e-8,7.55772475713e-8,6.17528783664e-8,1.54321728729e-8,1.26960211233e-8,5.04863928441e-9,9.95158178085e-10,1.24196408713e-9,1.92564117429e-10,1.46265555223e-10,9.34846575151e-11,4.61119198381e-11,1.30494851036e-11,1.10633984612e-11,6.41955282335e-12,5.89374295895e-12,4.58257910785e-12,9.93698612978e-12,6.6338054841e-12,6.0718340078e-12,1.55278186142e-11,6.8554471995e-12,5.06915863452e-12,9.54265052394e-12,1.07764101462e-11,1.19305017254e-11],"max":[0.0072490926832,0.0111999670044,0.016562750563,0.00860513653606,0.00543167768046,0.00764963589609,0.00439847866073,0.00934675801545,0.00816158950329,0.012767395936,0.012267687358,0.0146962609142,0.0155542017892,0.0103494403884,0.00801966153085,0.00751078501344,0.00600735470653,0.00269045121968,0.00330986524932,0.00168870610651,0.000916624849197,0.000983826583251,0.000274647725746,0.000202435912797,0.000228694523685,0.000305694149574,0.0000786596356193,0.0000380165038223,0.0000328655332851,0.0000272422021226,0.0000320660656143,0.0000512940532644,0.0000509733254148,0.0000789210098446,0.000206460739719,0.000106530060293,0.0000566439957765,0.0001414171129,0.000159770279424,0.000195534681552],"mean":[0.000453351996839,0.000876502890605,0.00104744965211,0.000713985296898,0.000379784120014,0.000328483060002,0.000212715167436,0.00025021113106,0.000205222313525,0.00022197997896,0.000162642405485,0.000179668320925,0.000257509702351,0.000133252106025,0.000104096594441,0.0000999787662295,0.0000938456942094,0.0000445074729214,0.0000413973029936,0.0000319677346852,0.0000148964772961,0.0000129328127514,0.00000889947204996,0.00000651357277093,0.00000564653555557,0.00000404297406931,0.00000285047053694,0.00000280756853499,0.00000209939776141,0.00000187643024674,0.00000167727250755,0.00000201411535272,0.00000179333039796,0.00000157627448516,0.00000118592981835,0.00000122999028918,7.96205199549e-7,7.401740163e-7,6.23017513135e-7,5.82157952067e-7],"median":[0.000145823520143,0.00063570617931,0.000716361100785,0.00049302552361,0.000274221762083,0.000200326307095,0.000105340564915,0.0000866736081662,0.0000908935908228,0.0000891149538802,0.0000438025672338,0.0000278909210465,0.0000440765725216,0.0000170344319486,0.0000267500890914,0.0000320593535434,0.0000241475772782,0.00000895300217962,0.0000144089590322,0.0000123800582514,0.0000045609517656,0.00000411522614741,0.00000459061902802,0.00000308322933051,0.0000027291778224,0.00000197502936317,0.00000155887607889,0.00000159175112913,0.00000112437601274,9.16495309866e-7,7.91256411503e-7,7.47960541503e-7,6.45996237836e-7,5.57551345537e-7,3.77570614774e-7,3.43120206026e-7,2.11746097989e-7,1.70226741147e-7,1.23817358144e-7,9.19728506688e-8],"min":[6.65662229678e-25,1.04299106533e-24,7.42118825827e-25,2.1397163773e-24,1.32371274048e-24,2.01536823281e-24,2.59033187016e-24,2.04286338801e-24,2.3390635002e-24,1.27281918197e-24,2.57233479747e-24,2.00215205163e-24,2.79599776891e-24,2.59794694169e-24,2.93150494255e-24,3.82365495597e-24,4.34605245247e-24,3.52305793031e-24,2.86613065883e-24,5.03073796427e-24,5.04289312753e-24,4.79625497665e-24,3.65676985375e-24,4.02981507608e-24,2.90485347409e-24,5.2056911414e-24,5.40041159509e-24,4.90802512844e-24,6.74776708855e-24,4.23006899459e-24,3.82919473168e-24,4.85176277982e-24,3.46293647414e-24,5.28099264797e-24,4.90128470643e-24,7.14881292871e-24,7.16156328752e-24,7.05320377586e-24,7.52126887195e-24,7.64028983874e-24],"var":[8.02284716883e-7,9.2808215868e-7,0.00000145437377341,5.59032685032e-7,1.3807377286e-7,1.79404352707e-7,1.12107528594e-7,3.68853761756e-7,1.68798322875e-7,2.59722213514e-7,2.44603683086e-7,5.66896574128e-7,9.33002866077e-7,3.06197478039e-7,1.14564102205e-7,7.63797913805e-8,6.19673841129e-8,1.93952001126e-8,1.09842988039e-8,4.67366412238e-9,1.56472312884e-9,1.46591072614e-9,1.93174976015e-10,1.41318706737e-10,1.08385099507e-10,7.11266948117e-11,1.67490934316e-11,1.2660072643e-11,7.20833028683e-12,6.65718391871e-12,5.99654440686e-12,1.18892768894e-11,9.49055244115e-12,8.95743548779e-12,1.1346590334e-11,9.65152697346e-12,5.43692217983e-12,9.93174032599e-12,1.72861239212e-11,2.2742864883e-11]},"melbands_crest":{"dmean":2.89073991776,"dmean2":4.73007059097,"dvar":6.83825397491,"dvar2":17.4788665771,"max":29.3763771057,"mean":12.3381500244,"median":11.7987756729,"min":1.00066924095,"var":18.1108074188},"melbands_flatness_db":{"dmean":0.0199526939541,"dmean2":0.0302338376641,"dvar":0.000345983105944,"dvar2":0.00077266554581,"max":0.562147080898,"mean":0.207950979471,"median":0.198184102774,"min":-2.58859216729e-7,"var":0.00482718273997},"melbands_kurtosis":{"dmean":5.16685819626,"dmean2":8.01708507538,"dvar":82.2756652832,"dvar2":198.569747925,"max":249.562133789,"mean":9.98729896545,"median":5.39554309845,"min":-1.92606604099,"var":210.453704834},"melbands_skewness":{"dmean":0.615030229092,"dmean2":0.916408956051,"dvar":0.399833470583,"dvar2":0.875050842762,"max":12.2748775482,"mean":2.13828849792,"median":1.99236679077,"min":-2.50964713097,"var":2.15838003159},"melbands_spread":{"dmean":4.92183685303,"dmean2":7.54110479355,"dvar":41.5694541931,"dvar2":86.5988540649,"max":295.818237305,"mean":20.8150901794,"median":18.4464187622,"min":0.546889722347,"var":270.764648438},"mfcc":{"cov":[[10097.0195313,-163.963912964,-775.087890625,-300.247497559,-311.783081055,45.0658493042,-3.26930594444,210.012329102,102.258407593,372.958404541,89.2953643799,-128.853164673,-88.7061538696],[-163.963912964,1491.44848633,-186.974121094,-117.249053955,61.2985725403,47.5099258423,29.400762558,-22.0702285767,-10.1441440582,-32.8582077026,-12.071267128,2.04858565331,-1.50664401054],[-775.087890625,-186.974121094,642.210632324,192.775787354,81.7000732422,37.3664894104,26.4273548126,-5.29009485245,24.1400184631,-20.0791282654,15.2452049255,39.3298835754,17.2518081665],[-300.247497559,-117.249053955,192.775787354,291.520996094,65.8280105591,16.4633865356,-41.0859222412,-0.579290568829,7.61059236526,-15.2819728851,6.34127187729,24.4975757599,11.1400184631],[-311.783081055,61.2985725403,81.7000732422,65.8280105591,186.238098145,40.9179115295,11.4805145264,10.8273181915,37.9271011353,-9.53120708466,1.73094749451,23.2834396362,16.9927158356],[45.0658493042,47.5099258423,37.3664894104,16.4633865356,40.9179115295,126.911453247,53.0147628784,9.05727672577,10.2089834213,27.7024536133,13.4006814957,-1.55847668648,-0.857046127319],[-3.26930594444,29.400762558,26.4273548126,-41.0859222412,11.4805145264,53.0147628784,131.379699707,44.5516090393,2.71166729927,23.1558952332,21.8818035126,0.0683663263917,2.85934042931],[210.012329102,-22.0702285767,-5.29009485245,-0.579290568829,10.8273181915,9.05727672577,44.5516090393,98.2510147095,45.977596283,23.4486885071,12.145942688,5.30751132965,7.50189733505],[102.258407593,-10.1441440582,24.1400184631,7.61059236526,37.9271011353,10.2089834213,2.71166729927,45.977596283,103.230857849,46.5202674866,5.69509887695,6.77977275848,8.26469993591],[372.958404541,-32.8582077026,-20.0791282654,-15.2819728851,-9.53120708466,27.7024536133,23.1558952332,23.4486885071,46.5202674866,115.346748352,39.3347625732,-14.1272010803,-7.98616456985],[89.2953643799,-12.071267128,15.2452049255,6.34127187729,1.73094749451,13.4006814957,21.8818035126,12.145942688,5.69509887695,39.3347625732,70.4728469849,28.3054962158,-0.694143116474],[-128.853164673,2.04858565331,39.3298835754,24.4975757599,23.2834396362,-1.55847668648,0.0683663263917,5.30751132965,6.77977275848,-14.1272010803,28.3054962158,77.5433502197,30.3408660889],[-88.7061538696,-1.50664401054,17.2518081665,11.1400184631,16.9927158356,-0.857046127319,2.85934042931,7.50189733505,8.26469993591,-7.98616456985,-0.694143116474,30.3408660889,63.450668335]],"icov":[[0.000135062655318,0.0000141897317008,0.000111143279355,0.0000486740536871,0.000139466617838,-0.000127741644974,0.000211396909435,-0.000348958565155,0.000112038695079,-0.000378355762223,0.0000129546651806,0.0000202037062991,0.000071315720561],[0.0000141897317008,0.00075850385474,0.000246051436989,0.000254862563452,-0.000315438053804,-0.000318742298987,-0.000120129807328,0.000258874439169,-0.000130387881654,0.00033586009522,-0.0000521961446793,-0.0000677016287227,0.0000722398472135],[0.000111143279355,0.000246051436989,0.0023410723079,-0.00138794421218,-0.0000926703942241,-0.00016640665126,-0.0012239497155,0.000939013902098,-0.00106549914926,0.000509187811986,-0.000278740102658,-0.000364490377251,0.000109205488116],[0.0000486740536871,0.000254862563452,-0.00138794421218,0.0053107929416,-0.00132572290022,-0.00119120744057,0.00316890864633,-0.00177581305616,0.00133837445173,-0.00012565292127,-0.000531868659891,-0.000303366221488,-0.000125734921312],[0.000139466617838,-0.000315438053804,-0.0000926703942241,-0.00132572290022,0.00765107339248,-0.00211334018968,-0.00051802030066,0.00057760195341,-0.00359939574264,0.00181109143887,-0.000274162564892,-0.000668603752274,-0.000663582468405],[-0.000127741644974,-0.000318742298987,-0.00016640665126,-0.00119120744057,-0.00211334018968,0.0113472929224,-0.00506849493831,0.00208925805055,0.0000637843622826,-0.00235348963179,0.000599685008638,0.000176491856109,0.000386500585591],[0.000211396909435,-0.000120129807328,-0.0012239497155,0.00316890864633,-0.00051802030066,-0.00506849493831,0.0142326513305,-0.00788748357445,0.00447685783729,-0.00152081286069,-0.00235386006534,0.00109547516331,-0.000893581425771],[-0.000348958565155,0.000258874439169,0.000939013902098,-0.00177581305616,0.00057760195341,0.00208925805055,-0.00788748357445,0.0182240661234,-0.00916645210236,0.00281050545163,-0.00168408500031,0.000462423224235,-0.00104277115315],[0.000112038695079,-0.000130387881654,-0.00106549914926,0.00133837445173,-0.00359939574264,0.0000637843622826,0.00447685783729,-0.00916645210236,0.0193852484226,-0.00991884246469,0.00560903223231,-0.00355314370245,0.0000420735050284],[-0.000378355762223,0.00033586009522,0.000509187811986,-0.00012565292127,0.00181109143887,-0.00235348963179,-0.00152081286069,0.00281050545163,-0.00991884246469,0.0196829941124,-0.0126087991521,0.00805926136672,-0.0016403059708],[0.0000129546651806,-0.0000521961446793,-0.000278740102658,-0.000531868659891,-0.000274162564892,0.000599685008638,-0.00235386006534,-0.00168408500031,0.00560903223231,-0.0126087991521,0.0276395361871,-0.0144769577309,0.00548012647778],[0.0000202037062991,-0.0000677016287227,-0.000364490377251,-0.000303366221488,-0.000668603752274,0.000176491856109,0.00109547516331,0.000462423224235,-0.00355314370245,0.00805926136672,-0.0144769577309,0.0243952125311,-0.010090100579],[0.000071315720561,0.0000722398472135,0.000109205488116,-0.000125734921312,-0.000663582468405,0.000386500585591,-0.000893581425771,-0.00104277115315,0.0000420735050284,-0.0016403059708,0.00548012647778,-0.010090100579,0.0208734720945]],"mean":[-667.425109863,135.743392944,2.80606746674,10.82117939,0.863707482815,9.58760452271,-5.97282123566,-1.32573258877,-6.11529588699,-1.29210269451,-3.03144860268,-4.1758685112,-5.95257997513]},"pitch_salience":{"dmean":0.0621840544045,"dmean2":0.101372174919,"dvar":0.00273986207321,"dvar2":0.00689594028518,"max":0.996097564697,"mean":0.581370294094,"median":0.589836299419,"min":0.116983942688,"var":0.00892640929669},"silence_rate_20dB":{"dmean":0,"dmean2":0,"dvar":0,"dvar2":0,"max":1,"mean":1,"median":1,"min":1,"var":0},"silence_rate_30dB":{"dmean":0.00373320048675,"dmean2":0.00746733043343,"dvar":0.00371896405704,"dvar2":0.00965158268809,"max":1,"mean":0.997387111187,"median":1,"min":0,"var":0.00260622310452},"silence_rate_60dB":{"dmean":0.0129417618737,"dmean2":0.0258867461234,"dvar":0.0127745913342,"dvar2":0.031689427793,"max":1,"mean":0.0691800415516,"median":0,"min":0,"var":0.064397752285},"spectral_centroid":{"dmean":156.717315674,"dmean2":239.938415527,"dvar":42281.7851563,"dvar2":87156.953125,"max":11699.0976563,"mean":1065.49401855,"median":966.575378418,"min":212.980224609,"var":815867.5625},"spectral_complexity":{"dmean":2.0873568058,"dmean2":3.42401981354,"dvar":3.74744057655,"dvar2":9.27573871613,"max":44,"mean":15.4757995605,"median":15,"min":0,"var":47.9161720276},"spectral_contrast_coeffs":{"dmean":[0.0504580289125,0.0422096475959,0.0390978045762,0.0323516912758,0.0211744215339,0.0174482259899],"dmean2":[0.0808253958821,0.0692547559738,0.0625728294253,0.0529912151396,0.0345106348395,0.0280144978315],"dvar":[0.00190201285295,0.00112837832421,0.000976253068075,0.000692243862431,0.000324877124513,0.000217111490201],"dvar2":[0.00469407392666,0.00301452050917,0.00241432781331,0.00175101845525,0.000808969838545,0.000519920489751],"max":[-0.283016622066,-0.356184393167,-0.428530305624,-0.497658193111,-0.608487963676,-0.632862627506],"mean":[-0.607740998268,-0.731839776039,-0.735847234726,-0.752991974354,-0.803783714771,-0.767097234726],"median":[-0.611079990864,-0.736648082733,-0.744094371796,-0.755606949329,-0.805415570736,-0.76195025444],"min":[-0.976822972298,-0.981516540051,-0.989757597446,-0.984710991383,-0.987271010876,-0.9656509161],"var":[0.00805681571364,0.00511008314788,0.00597911281511,0.00436950288713,0.001796118333,0.00161844585091]},"spectral_contrast_valleys":{"dmean":[0.430325955153,0.308228939772,0.282577127218,0.246467158198,0.21617770195,0.313828766346],"dmean2":[0.651742398739,0.506317734718,0.466057181358,0.404748797417,0.340366333723,0.410994946957],"dvar":[0.187227606773,0.0793757662177,0.0708828940988,0.0653482824564,0.0766163319349,0.141914099455],"dvar2":[0.342356443405,0.179560065269,0.156427785754,0.134860545397,0.142859175801,0.224137932062],"max":[-5.5185880661,-5.10341358185,-5.29596090317,-6.02750301361,-6.27683353424,-7.71974992752],"mean":[-7.64789390564,-6.85569190979,-7.65160369873,-8.0464887619,-8.17155838013,-10.6654014587],"median":[-7.25517416,-6.54106426239,-7.35524654388,-7.72920227051,-7.76819181442,-10.3855600357],"min":[-28.5106372833,-27.8611679077,-27.9507808685,-27.6185932159,-27.487361908,-27.4184055328],"var":[3.72937369347,3.82958436012,3.73082518578,3.52783417702,3.55236411095,3.17177128792]},"spectral_decrease":{"dmean":1.56164159382e-9,"dmean2":2.30112995325e-9,"dvar":4.35379484382e-18,"dvar2":9.65014214331e-18,"max":1.27755166562e-27,"mean":-5.42745004495e-9,"median":-4.29302948746e-9,"min":-3.20556381439e-8,"var":1.95053059645e-17},"spectral_energy":{"dmean":0.00621847622097,"dmean2":0.00914198532701,"dvar":0.0000695924463798,"dvar2":0.000153911823872,"max":0.132490292192,"mean":0.0220403075218,"median":0.0173530876637,"min":1.01008042419e-20,"var":0.000329364556819},"spectral_energyband_high":{"dmean":0.000154593974003,"dmean2":0.000214883068111,"dvar":1.63464520142e-7,"dvar2":2.82445768107e-7,"max":0.0219074022025,"mean":0.000443148863269,"median":0.000186664095963,"min":7.08522119138e-21,"var":8.09125992873e-7},"spectral_energyband_low":{"dmean":0.00230298261158,"dmean2":0.00345263397321,"dvar":0.0000152370494106,"dvar2":0.0000327435773215,"max":0.0478522665799,"mean":0.00470128236338,"median":0.00346916471608,"min":1.10585085492e-23,"var":0.0000246604522545},"spectral_energyband_middle_high":{"dmean":0.00239293486811,"dmean2":0.00349703477696,"dvar":0.0000316955920425,"dvar2":0.0000707630315446,"max":0.11637660116,"mean":0.00700598210096,"median":0.00275402376428,"min":1.16964843131e-21,"var":0.000156708614668},"spectral_energyband_middle_low":{"dmean":0.00389938242733,"dmean2":0.00609175395221,"dvar":0.000029472335882,"dvar2":0.0000717449875083,"max":0.0995391979814,"mean":0.0109086008742,"median":0.00864035170525,"min":1.73641374019e-22,"var":0.0000792249193182},"spectral_entropy":{"dmean":0.144603922963,"dmean2":0.206122979522,"dvar":0.0235471315682,"dvar2":0.0421990193427,"max":9.81937789917,"mean":7.39062213898,"median":7.46060085297,"min":4.32102537155,"var":0.325038611889},"spectral_flux":{"dmean":0.0186874084175,"dmean2":0.0289822854102,"dvar":0.000441650481662,"dvar2":0.000964931270573,"max":0.302177369595,"mean":0.0699867904186,"median":0.0624913871288,"min":6.38348610082e-11,"var":0.00164316862356},"spectral_kurtosis":{"dmean":2.09724235535,"dmean2":3.45824146271,"dvar":8.96297454834,"dvar2":22.6867656708,"max":64.2355728149,"mean":6.0611000061,"median":4.44987630844,"min":-1.36331224442,"var":30.7884960175},"spectral_rms":{"dmean":0.000614263990428,"dmean2":0.000884013134055,"dvar":4.55109557151e-7,"dvar2":9.10268738608e-7,"max":0.01136920508,"mean":0.00426147505641,"median":0.00411458872259,"min":3.13917880405e-12,"var":0.00000334258629664},"spectral_rolloff":{"dmean":308.433868408,"dmean2":508.782531738,"dvar":386430.8125,"dvar2":744328.0625,"max":19982.8125,"mean":1368.94787598,"median":1055.12695313,"min":86.1328125,"var":3769828.75},"spectral_skewness":{"dmean":0.228370770812,"dmean2":0.364378213882,"dvar":0.0657478496432,"dvar2":0.152865514159,"max":6.33638906479,"mean":1.83399736881,"median":1.71273028851,"min":-0.308448255062,"var":0.511410832405},"spectral_spread":{"dmean":578063.625,"dmean2":757371.125,"dvar":774904741888,"dvar2":1286131941380,"max":41664124,"mean":4568841.5,"median":4081391.75,"min":1111265,"var":10467481223200},"spectral_strongpeak":{"dmean":0.596858263016,"dmean2":0.978962302208,"dvar":1.01904642582,"dvar2":2.33732247353,"max":16.4828720093,"mean":1.14741122723,"median":0.410940974951,"min":0,"var":3.26892828941},"zerocrossingrate":{"dmean":0.00724419532344,"dmean2":0.00866254046559,"dvar":0.000115574919619,"dvar2":0.000145704558236,"max":0.52001953125,"mean":0.056189160794,"median":0.04833984375,"min":0.0068359375,"var":0.00255100242794}},"metadata":{"audio_properties":{"analysis_sample_rate":44100,"bit_rate":128000,"codec":"mp3","downmix":"mix","equal_loudness":0,"length":186.592651367,"lossless":false,"md5_encoded":"fbad365faf089d12c4a3dec046c8cbc6","replay_gain":-3.79172515869,"sample_rate":44100},"tags":{"acoustid_fingerprint":["AQADtFLGXFGUoEfSH9HxyFzQH4ymdMSPhtmHSJdy6DzCR4H5CaUkOfhxVA-mRF0j0MPRbDX2wUOPPCx6PCduOMdf5IZPhD9a-Dp-_NCFaHXw4T0oXDXaRDn2o3zyID0S_vBIB98OcyzsfCg14myUYDq8H5dx4kK666jtA38R_kYzEhypGA2Vg9kc5IKmI12XoxbV4z2uY_zRB9acI25oGWJN_EGno96Hb3hzfBc8kvinozf-HNeKrkEKXyv-C3-H8zHe4Rw8Hn0tnFkR6Wi2HHp-_ArI5kJVGq4kFzuaSVmIKz-ub5iePfBz9OAyHS-a6dDR_Mj5YRfTwPyxTxLOLMj2Y5pyHnmkI5K3HIl_LWAS6weDf7hiXGjUVviWBy4pJOoYhCkVWuDj4XlQSS-cMF0jtFF-HAeTK0OPv3jyB-fx6Xhu9Mnh0eh55OkCfWYQN0f9o7lIsDryxMaTnNCs4wclDyUPHW2c44SiUS-qH1-Onhny5EJ_TPmJJ8mOT7lRyfgL5g2R90iel8KlVPDx5tgT_AquKHh_JIvCEJH6406sDFlsFs1zRLzQKK9QPcihH_7w41HgzMGjHslZtFEP-xM8OQ5uWGVO9LtxHcmhjS3SHZO2RME5fAeXMsebzMNjfKFZJCeysEdzPMnxOGRwPROah_jRHMnYDWE8JciL34GaXCQyL0yDZjX2F-ePKllwJUd-qN-Q48cnPUH5dfiF6IKjHto06cP1EPrxH2HHHM3R7KHA8Mhz4kecSxMqHVeOnkI9UC8l9DLyBXpLXPmIH82sEOF-RNTxvtiXBRUlBVbxJrvgOiT0KId_ME4QH8xEosnBNEq4BU3zY2aOS4mGnofHD8msLAzCZIlRpRluB7cilKIS7bCzE99o9Mfx5CgvJNORN1GGfwzO48nRZ0eTLxaOT8ijo4l0o7-BH31h6-gx8UFzFr_gMD5-vCo3mD2uRMpxO9jlEH4X6F0-fEmIS22OXieaJyp0PA6-ZMZIMUxQZSeamQ5yBfiD1OGGPcMlYnwzhGvSiqjF4Eto4z-aF7WCT8czZ8iOZHqLpkmW49lQNgoTUL9GMCIepgrCTAqPZD1-4wdVGheaSYmMkNmJ52sQPhjFHG2S4yzq5USYQ3mFWPqN8xneC80VVEf0Q420K0LsLEf_4SgXhD8aPjjU4qmU6RDp4FMR_phyJmjGXKgTKcjDDOoFZk1-JIx54gkjOMsOn2AWMsVzHKOUKTvypoXsGOHRZLtw05HQH1YoHdfgUeiNK8GljgjznKj0Hr-hrkOOTlGyCf5RMQ2-zBaOZuiznLiPWMsF7dVgdBqFB592xFeE48cUPg9KiUe_wmfQH7FyHZoSwa8RHk_whQhJOmi6BdqZDc4Z4Tk893jCXGAkTcHV4-JzhOlVlNuDpxqOJtKDcIx0qNJu5GM6NHtQsxf6Bp7EHh8Xcnilg4ruBFci5IEflLTxP_iHZ8rRpCJ0CS_SH64j9DkepQ14U0iY-siPz8bHDPVB2SUSRdIUIiSaDxfo5QilPUfy44Yr6iiZB_QleMUb1GkUBU0y3OkFlsV36AxzXD-epJjeBM1zEV_