{"lowlevel":{"average_loudness":0.754041850567,"barkbands":{"dmean":[0.0000303762080875,0.000691727269441,0.00183695950545,0.00311867962591,0.00424300506711,0.0018544648774,0.000963371363468,0.00110738247167,0.000630395370536,0.000533698825166,0.000286995491479,0.000132221393869,0.0000786494128988,0.000124453319586,0.0000916645076359,0.0000384019549529,0.0000250019529631,0.0000397948388127,0.0000101032592283,0.0000156586847879,0.00000581775566388,0.00000759921476856,0.00000930728401727,0.00000809728226159,0.0000021577136522,1.63107031881e-7,2.1643035808e-8],"dmean2":[0.0000479718364659,0.00116587069351,0.00298945140094,0.00512300059199,0.00666928244755,0.00290874927305,0.00145648862235,0.00172321288846,0.00100850674789,0.000838877749629,0.000445288460469,0.000219526526053,0.000125055128592,0.00019232390332,0.000143341254443,0.0000609701382928,0.0000399953351007,0.0000633783783996,0.0000166315403476,0.0000238004995481,0.00000891909166967,0.0000111625604404,0.0000130140924739,0.00000973150872596,0.00000268257531388,2.24541608418e-7,3.17356700918e-8],"dvar":[2.91582260559e-8,0.000011572295989,0.0000209732552321,0.0000213941493712,0.0000417637966166,0.0000168035185197,0.00000635144306216,0.0000139444664455,0.0000039937767724,0.00000351181461156,0.00000148209744566,1.79600860406e-7,5.65662610086e-8,1.23775194538e-7,6.54424923141e-8,2.76641713981e-8,5.81898351726e-9,1.94683362764e-8,2.73959255281e-9,1.24666978962e-8,2.00322713972e-9,3.05935388134e-9,6.25820373301e-9,6.90143853177e-9,8.05652988767e-10,3.22645122425e-12,3.69614176776e-14],"dvar2":[6.62608670154e-8,0.0000297616443277,0.0000580631021876,0.000056495602621,0.000104887927591,0.0000414667701989,0.0000130895541588,0.0000342839193763,0.000009655285794,0.00000856506903801,0.00000323961148752,4.63701610443e-7,1.31946833903e-7,2.9456580819e-7,1.57414604018e-7,6.52631655385e-8,1.44630831755e-8,4.83807802709e-8,6.18757223236e-9,3.11861469982e-8,3.57335072643e-9,6.09790706818e-9,1.04491446606e-8,9.18607057088e-9,1.19274090604e-9,6.22603271022e-12,8.29423064518e-14],"max":[0.00296026701108,0.0493763536215,0.0881050750613,0.0572354607284,0.0976739674807,0.0792207866907,0.0804777443409,0.0785493329167,0.0540787652135,0.0493252277374,0.0343886986375,0.0184324216098,0.00611673761159,0.0108176041394,0.00559271220118,0.0073777125217,0.00265536434017,0.00311433081515,0.0023703998886,0.00671649351716,0.00276648579165,0.00181577191688,0.00341523531824,0.00492220977321,0.00144387525506,0.0000906749046408,0.00000810228812043],"mean":[0.0000270414930128,0.000761889386922,0.0032757378649,0.00522577157244,0.00758518511429,0.00330231315456,0.00178338901605,0.00179341563489,0.00102524110116,0.000996857299469,0.000506456301082,0.000197372137336,0.000124586716993,0.000219667053898,0.00015515301493,0.000051664217608,0.0000360678459401,0.000063190011133,0.0000127820458147,0.0000212458562601,0.00000798407836555,0.0000103867923826,0.0000132549903356,0.0000112852048915,0.00000327149791701,2.41263791168e-7,5.15582669891e-8],"median":[8.59315491653e-7,0.000063651081291,0.0013480167836,0.0025693019852,0.0042300443165,0.00120029819664,0.000353617651854,0.000142429198604,0.000149384097313,0.0000365245432477,0.0000972596390056,0.0000439439172624,0.0000252715271927,0.0000209654317587,0.0000340313563356,0.0000100042179838,0.0000075166735769,0.00000517003809364,0.00000234192020798,0.0000032721311527,8.51470304042e-7,7.81485027801e-7,3.87327730778e-7,2.00928411687e-7,5.73989353825e-8,4.04151521138e-8,3.55402605123e-8],"min":[5.04132685653e-26,1.70616710126e-24,9.13030569931e-25,1.73231133216e-24,5.57709040545e-24,6.44356181311e-24,6.62677791379e-24,4.78715231067e-24,1.45342541523e-23,1.36904301523e-23,1.10237647483e-23,2.16477095464e-23,2.71273614305e-23,3.47510141928e-23,1.87094756203e-23,5.61944624072e-23,6.20079192057e-23,6.79325170394e-23,1.31503908072e-22,1.49136514404e-22,2.03947996359e-22,2.63898812449e-22,4.03530752013e-22,5.68384758285e-22,9.23019664716e-22,1.17040200173e-21,1.92489028093e-21],"var":[2.83746164342e-8,0.0000109885622805,0.0000335251352226,0.0000441143856733,0.0000942425904213,0.0000395588467654,0.0000229734778259,0.0000386421306757,0.00000828136944619,0.0000126154955069,0.00000429800138591,2.62091191416e-7,1.20081026012e-7,3.84303945111e-7,1.54213509518e-7,4.35176019664e-8,1.07411137762e-8,3.44871189384e-8,2.89676149734e-9,1.60395092763e-8,4.92895235737e-9,5.49693668361e-9,1.53763366484e-8,2.09875121726e-8,2.50197063068e-9,6.79003294562e-12,4.74993647388e-14]},"barkbands_crest":{"dmean":2.78245711327,"dmean2":4.68167495728,"dvar":6.15423965454,"dvar2":16.4627094269,"max":25.8121204376,"mean":12.9968605042,"median":12.4473733902,"min":3.91964650154,"var":19.0623760223},"barkbands_flatness_db":{"dmean":0.0294613819569,"dmean2":0.044562831521,"dvar":0.000808857381344,"dvar2":0.0018266843399,"max":0.498500972986,"mean":0.277958244085,"median":0.278060615063,"min":0.0361901149154,"var":0.00503884162754},"barkbands_kurtosis":{"dmean":7.5053691864,"dmean2":12.2313146591,"dvar":113.058486938,"dvar2":292.734558105,"max":201.927520752,"mean":15.7813186646,"median":10.4477043152,"min":-1.93125784397,"var":334.578491211},"barkbands_skewness":{"dmean":0.724375009537,"dmean2":1.14776968956,"dvar":0.532235980034,"dvar2":1.31735920906,"max":10.3262996674,"mean":2.49442958832,"median":2.42721986771,"min":-2.99539637566,"var":3.0780775547},"barkbands_spread":{"dmean":2.20843243599,"dmean2":3.44089913368,"dvar":24.0976734161,"dvar2":45.9169044495,"max":121.570960999,"mean":6.37937641144,"median":3.68391895294,"min":0.281088322401,"var":98.1371765137},"dissonance":{"dmean":0.0351959839463,"dmean2":0.0582200363278,"dvar":0.00109014019836,"dvar2":0.00294631021097,"max":0.500000059605,"mean":0.41237950325,"median":0.41862437129,"min":0.00716679403558,"var":0.00255560036749},"dynamic_complexity":3.97788977623,"erbbands":{"dmean":[0.0148718785495,0.200445562601,1.56673336029,6.07890748978,14.6610593796,13.0935964584,16.9021396637,13.8238372803,10.9281644821,19.0135097504,23.0167999268,13.2154130936,16.3421974182,15.7455406189,6.25017642975,5.09889745712,3.5308778286,4.91176462173,5.94913911819,2.95718312263,1.99346184731,1.30278837681,2.2959895134,0.898591220379,0.559982299805,0.808127582073,0.292966276407,0.214565202594,0.263683080673,0.26645860076,0.281092554331,0.231433406472,0.102017372847,0.0359272286296,0.00984151195735,0.00174352223985,0.000159585266374,0.0000352865754394,0.00000671450879963,0.00000994016227196],"dmean2":[0.0238241571933,0.337833970785,2.52569556236,10.0983343124,23.4674682617,20.2404689789,26.2459392548,21.6626205444,16.6734275818,28.7207965851,36.4326782227,21.0887336731,25.4383163452,25.3346309662,9.82327747345,8.36699581146,5.56189775467,7.50557184219,9.08775138855,4.64280748367,3.14854502678,2.07969403267,3.62982535362,1.43763780594,0.899862766266,1.22230708599,0.443226277828,0.330608278513,0.39296272397,0.374939858913,0.381145745516,0.280693590641,0.12350859493,0.0428940355778,0.011764167808,0.00234333588742,0.000215731037315,0.0000499446905451,0.00000970156088442,0.0000155351426656],"dvar":[0.00656760018319,0.845843195915,18.3557319641,79.762008667,630.66003418,568.356994629,1439.75183105,1100.80285645,773.619384766,3458.73828125,6026.10400391,1648.51867676,3161.59790039,3459.46386719,407.527191162,329.362701416,104.500762939,207.042098999,259.239349365,93.452583313,42.4285774231,15.0011396408,72.0684585571,14.4155569077,8.64944267273,29.611164093,5.78023576736,3.0266931057,3.8827111721,4.11644935608,6.57359313965,5.34258842468,1.43048965931,0.224839821458,0.0141923204064,0.000505671370775,0.00000173822297711,1.28667977606e-7,7.31116167607e-10,1.49962084417e-10],"dvar2":[0.0135262589902,2.3286716938,50.0932540894,220.65184021,1615.41992188,1282.59619141,3491.73925781,2662.85986328,1595.79370117,7217.87695312,15676.5390625,3968.16870117,7682.21044922,9155.58105469,875.750549316,840.997436523,254.644378662,464.048583984,621.823730469,233.200119019,100.53717804,37.8107528687,178.500534058,36.0550422668,21.0027160645,74.8172454834,9.44801330566,5.32690000534,8.2191400528,7.70287513733,10.8806943893,8.1848115921,2.34611845016,0.342218339443,0.0184949114919,0.00100612360984,0.00000298358077089,2.99025629147e-7,1.28638055763e-9,3.62562035949e-10],"max":[1.16786754131,14.2701177597,81.0312042236,111.473312378,351.035186768,574.772949219,884.604858398,788.555297852,694.778808594,1542.02709961,1895.92529297,1275.18054199,1371.14233398,1748.16125488,879.764587402,854.134155273,253.526428223,614.986938477,428.819854736,205.647140503,215.741134644,128.398864746,220.331420898,116.760620117,105.923995972,327.103271484,149.485351562,83.677154541,80.5679702759,63.431427002,128.669692993,138.443756104,69.0196838379,24.9308319092,7.67991924286,1.21783697605,0.0618003867567,0.0191775783896,0.00162480515428,0.000142894597957],"mean":[0.0161111969501,0.245595216751,2.94660782814,11.5165777206,24.0494403839,23.6900291443,29.3494682312,23.683057785,20.1425685883,35.1925392151,38.2191085815,22.2699317932,28.694770813,33.6759605408,11.7487564087,7.93100786209,6.15361642838,9.56572914124,11.0162696838,5.00044679642,2.9521677494,2.08119797707,3.51306986809,1.41304922104,0.71041983366,1.09149873257,0.438243657351,0.308917850256,0.354699760675,0.372561007738,0.394222646952,0.307112663984,0.141289368272,0.0535468384624,0.0139350537211,0.00234303576872,0.000279969943222,0.0000622278021183,0.0000211030928767,0.0000309036804538],"median":[0.00114425166976,0.042884118855,1.26723432541,6.86635160446,12.2627220154,11.503487587,11.0458602905,7.66901493073,5.39128351212,5.43772029877,5.11279773712,3.15981340408,1.13555073738,3.58851981163,2.74782896042,1.73489022255,1.28468227386,1.29107809067,1.72999954224,1.22963190079,0.672258019447,0.433674097061,0.318700373173,0.166914612055,0.154914185405,0.166281625628,0.0482606366277,0.0322235748172,0.0307151880115,0.0163883529603,0.0101644787937,0.00586184626445,0.00268628960475,0.000845181639306,0.000355468713678,0.000167484075064,0.0000835831815493,0.0000302613771055,0.0000169475897565,0.0000265979724645],"min":[9.76410944607e-23,3.05983645596e-22,2.30250166369e-21,6.39704731141e-21,1.13089419162e-20,1.65170665389e-20,4.85535503276e-20,6.89593851809e-20,1.21519746697e-19,2.18074096833e-19,1.68794553346e-19,3.01877677545e-19,4.73178277955e-19,6.86052691607e-19,8.65571512348e-19,1.0503717262e-18,1.50628400474e-18,1.56143399733e-18,1.37607988266e-18,2.12677110397e-18,2.90518900582e-18,4.14037480116e-18,4.19378502613e-18,5.78081912605e-18,7.46220144663e-18,7.02893499513e-18,8.55360505353e-18,8.8722217906e-18,9.9707846457e-18,9.80098597264e-18,1.17750483686e-17,8.74859303061e-18,9.87918928211e-18,8.18190482784e-18,6.55460523006e-18,3.9764209863e-18,1.85947347929e-18,9.52628342711e-19,2.28313403744e-19,2.71372303455e-20],"var":[0.00761664705351,0.713288903236,27.351064682,166.422088623,1181.2857666,1672.43835449,3126.00439453,2534.37011719,2367.79296875,10666.6201172,15081.9833984,3430.71069336,9406.91308594,14009.8779297,1131.81958008,477.465393066,239.617492676,743.942993164,700.580871582,174.369247437,72.7388916016,28.9928398132,116.986816406,20.7961730957,8.61633491516,36.9399147034,14.8208694458,7.19775390625,6.28515052795,8.89043903351,15.6231365204,13.5616855621,3.87960839272,0.670381903648,0.0450011827052,0.00101166381501,0.00000445963314633,1.49050435994e-7,1.62980096086e-9,5.77956016379e-10]},"erbbands_crest":{"dmean":3.42273020744,"dmean2":5.59546661377,"dvar":10.3735942841,"dvar2":26.7044887543,"max":32.0549545288,"mean":12.7305421829,"median":11.8163871765,"min":2.12100982666,"var":29.6339035034},"erbbands_flatness_db":{"dmean":0.0218496695161,"dmean2":0.0322032906115,"dvar":0.000441891839728,"dvar2":0.000950579531491,"max":0.423379302025,"mean":0.262352049351,"median":0.26893889904,"min":0.0294869560748,"var":0.0034956606105},"erbbands_kurtosis":{"dmean":2.39966964722,"dmean2":3.8096601963,"dvar":13.7398414612,"dvar2":35.5631866455,"max":106.545898438,"mean":3.30918049812,"median":1.89034318924,"min":-1.87204504013,"var":25.9110336304},"erbbands_skewness":{"dmean":0.50800216198,"dmean2":0.790456771851,"dvar":0.273590445518,"dvar2":0.638201594353,"max":9.01371002197,"mean":1.25161802769,"median":1.27900743484,"min":-4.92651987076,"var":1.20709788799},"erbbands_spread":{"dmean":6.02774524689,"dmean2":9.28443145752,"dvar":73.1092071533,"dvar2":153.030502319,"max":149.136917114,"mean":20.4076442719,"median":16.6097869873,"min":1.58076477051,"var":245.904983521},"gfcc":{"cov":[[35105.2265625,5316.43164062,-4778.98046875,371.425262451,-1720.59106445,-607.257141113,-914.123535156,-482.803710938,-287.131500244,-789.473876953,-304.104064941,-637.035095215,-270.614990234],[5316.43164062,1972.38000488,-452.14251709,-441.761474609,122.494720459,-208.084106445,-55.2493743896,-190.251159668,-37.528553009,-114.028572083,-9.05309867859,-119.457084656,-54.2720451355],[-4778.98046875,-452.14251709,1367.96533203,41.1371879578,293.994049072,179.876464844,18.3179512024,-32.071346283,-9.68760204315,147.107269287,50.4433860779,114.124732971,47.4739837646],[371.425262451,-441.761474609,41.1371879578,547.778259277,-79.7944335938,34.0369186401,-65.4866485596,24.7483005524,21.2144813538,-1.42204856873,8.24415779114,29.2430000305,39.2632751465],[-1720.59106445,122.494720459,293.994049072,-79.7944335938,378.328430176,17.1992168427,90.2841339111,18.8763446808,49.7285079956,30.4213199615,37.7215805054,40.739402771,19.171710968],[-607.257141113,-208.084106445,179.876464844,34.0369186401,17.1992168427,248.231170654,81.0257110596,28.3175144196,-10.2284355164,34.3464393616,-14.2905311584,3.34991550446,-5.37372541428],[-914.123535156,-55.2493743896,18.3179512024,-65.4866485596,90.2841339111,81.0257110596,232.31678772,50.2927398682,-15.1129522324,17.8460865021,-17.4801197052,-19.1945953369,8.49752140045],[-482.803710938,-190.251159668,-32.071346283,24.7483005524,18.8763446808,28.3175144196,50.2927398682,149.696136475,74.2036437988,-8.41948318481,15.426733017,20.7445526123,-8.51461982727],[-287.131500244,-37.528553009,-9.68760204315,21.2144813538,49.7285079956,-10.2284355164,-15.1129522324,74.2036437988,151.712234497,25.9442844391,44.128818512,12.3676595688,-6.88466024399],[-789.473876953,-114.028572083,147.107269287,-1.42204856873,30.4213199615,34.3464393616,17.8460865021,-8.41948318481,25.9442844391,124.856681824,26.8466091156,-1.3205807209,0.976000487804],[-304.104064941,-9.05309867859,50.4433860779,8.24415779114,37.7215805054,-14.2905311584,-17.4801197052,15.426733017,44.128818512,26.8466091156,89.3786239624,38.7877426147,-1.97810280323],[-637.035095215,-119.457084656,114.124732971,29.2430000305,40.739402771,3.34991550446,-19.1945953369,20.7445526123,12.3676595688,-1.3205807209,38.7877426147,93.8945846558,24.7443065643],[-270.614990234,-54.2720451355,47.4739837646,39.2632751465,19.171710968,-5.37372541428,8.49752140045,-8.51461982727,-6.88466024399,0.976000487804,-1.97810280323,24.7443065643,58.1079864502]],"icov":[[0.000775942811742,-0.0025176696945,0.00162988738157,-0.00205164006911,0.00213163159788,-0.00165042269509,0.0018689451972,-0.00118027441204,0.00104823778383,-0.0000778980756877,0.000519114371855,0.000113631031127,0.000109460423118],[-0.0025176696945,0.00919500552118,-0.00500019500032,0.00727428356186,-0.00757451588288,0.00554729485884,-0.00583623768762,0.0051966579631,-0.00370382331312,0.00122161197942,-0.00226611085236,0.000658900360577,-0.00015715083282],[0.00162988738157,-0.00500019500032,0.00479466235265,-0.00421172054484,0.00329696759582,-0.00424865540117,0.00459629064426,-0.00198367191479,0.00272028124891,-0.00120582210366,0.00116721249651,-0.000587936199736,0.0000382130529033],[-0.00205164006911,0.00727428356186,-0.00421172054484,0.0080036111176,-0.00551903806627,0.00392681499943,-0.00400208169594,0.00332068023272,-0.00313247088343,0.000880447740201,-0.0019689372275,0.000461794610601,-0.00212137517519],[0.00213163159788,-0.00757451588288,0.00329696759582,-0.00551903806627,0.0106612248346,-0.00393151398748,0.00268922722898,-0.00301703810692,0.000878442311659,0.0000661504454911,0.00115452578757,-0.00128748454154,-0.000137575945701],[-0.00165042269509,0.00554729485884,-0.00424865540117,0.00392681499943,-0.00393151398748,0.0092374579981,-0.00613719271496,0.00223051873036,-0.00217542448081,-0.000477009220049,0.000147771206684,-0.000824143411592,0.0017946746666],[0.0018689451972,-0.00583623768762,0.00459629064426,-0.00400208169594,0.00268922722898,-0.00613719271496,0.012280694209,-0.00670342473313,0.00569391483441,-0.0014982247958,0.00104974280111,0.00348630989902,-0.00278009055182],[-0.00118027441204,0.0051966579631,-0.00198367191479,0.00332068023272,-0.00301703810692,0.00223051873036,-0.00670342473313,0.0161047596484,-0.00907297153026,0.0037028787192,-0.000261959823547,-0.00329384510405,0.00353220105171],[0.00104823778383,-0.00370382331312,0.00272028124891,-0.00313247088343,0.000878442311659,-0.00217542448081,0.00569391483441,-0.00907297153026,0.0140813142061,-0.0032388814725,-0.00320915458724,0.00257526477799,-0.000819683191366],[-0.0000778980756877,0.00122161197942,-0.00120582210366,0.000880447740201,0.0000661504454911,-0.000477009220049,-0.0014982247958,0.0037028787192,-0.0032388814725,0.0122558223084,-0.00418995413929,0.00350605184212,-0.000361053418601],[0.000519114371855,-0.00226611085236,0.00116721249651,-0.0019689372275,0.00115452578757,0.000147771206684,0.00104974280111,-0.000261959823547,-0.00320915458724,-0.00418995413929,0.0188556294888,-0.00894877966493,0.00426142243668],[0.000113631031127,0.000658900360577,-0.000587936199736,0.000461794610601,-0.00128748454154,-0.000824143411592,0.00348630989902,-0.00329384510405,0.00257526477799,0.00350605184212,-0.00894877966493,0.0203931536525,-0.0080734891817],[0.000109460423118,-0.00015715083282,0.0000382130529033,-0.00212137517519,-0.000137575945701,0.0017946746666,-0.00278009055182,0.00353220105171,-0.000819683191366,-0.000361053418601,0.00426142243668,-0.0080734891817,0.0236019734293]],"mean":[-153.581222534,171.766235352,-99.2429504395,3.60298681259,-46.1226196289,-14.0766305923,-36.8252563477,-23.2682037354,-22.7250976562,-18.2274303436,-17.1339111328,-16.2033119202,-11.6184206009]},"hfc":{"dmean":2.78811383247,"dmean2":4.25445604324,"dvar":13.5621681213,"dvar2":29.3928432465,"max":83.165725708,"mean":9.82688617706,"median":6.66429519653,"min":1.0735750192e-16,"var":100.312705994},"melbands":{"dmean":[0.000154804816702,0.000624973210506,0.00132424815092,0.000960636418313,0.000582902925089,0.0003120645124,0.000177490786882,0.000215496198507,0.00018054289103,0.000083578597696,0.0000850779106258,0.0000675597257214,0.0000281548764178,0.0000147538112287,0.0000098514410638,0.00000875472960615,0.00000989449472399,0.0000110258752102,0.00000636433969703,0.00000290626871902,0.000002284367838,0.00000143207694236,0.00000181899679319,0.00000197069516616,6.59183399421e-7,3.76240762989e-7,4.96630491398e-7,5.50758102236e-7,1.91513962022e-7,1.41468660786e-7,1.23513501649e-7,1.48839944814e-7,1.62233860124e-7,1.50143677047e-7,1.67190123079e-7,1.65192091117e-7,1.35264514256e-7,8.0755057752e-8,4.68732963554e-8,2.51260399153e-8],"dmean2":[0.000256933359196,0.00100822537206,0.00215460872278,0.0015262454981,0.000901988882106,0.00048935203813,0.000269083684543,0.000327466870658,0.000287054717774,0.000134253845317,0.000132377928821,0.000109365755634,0.0000439692557848,0.0000242537862505,0.0000163092990988,0.0000138740388138,0.0000153799719556,0.0000169821178133,0.0000100005572676,0.00000457922578789,0.00000369444614989,0.00000231711783272,0.00000289477770821,0.00000316070327244,0.00000107311984721,6.27578799595e-7,7.87271858371e-7,8.44287910695e-7,2.87167580382e-7,2.26758089639e-7,1.90605817352e-7,2.27926861385e-7,2.36790569375e-7,2.15119243308e-7,2.33644286141e-7,2.24529458137e-7,1.6122358204e-7,1.08427428813e-7,6.30632399634e-8,3.25366080745e-8],"dvar":[6.20069101842e-7,0.00000328306146002,0.00000353220821125,0.00000223708138947,0.00000135094319376,5.02938519276e-7,1.88118391975e-7,4.58748445453e-7,3.61511041547e-7,7.93827510392e-8,8.70935252806e-8,6.01271707978e-8,1.16713714249e-8,1.6515073753e-9,1.47813783435e-9,7.57551965602e-10,9.51427714391e-10,1.03431307963e-9,4.33653252196e-10,2.30317251382e-10,4.75006978196e-11,2.31825635078e-11,3.55941248698e-11,4.91139802439e-11,9.86442177942e-12,3.49742977634e-12,8.64849598187e-12,1.6506752562e-11,2.80975438229e-12,1.43194982781e-12,1.00701521774e-12,1.60441668631e-12,1.52969726729e-12,1.50154931891e-12,2.60409554163e-12,2.42568530366e-12,2.29233082169e-12,1.00457532917e-12,4.00019644145e-13,1.19070199664e-13],"dvar2":[0.00000144602222463,0.00000892269326869,0.0000092241270977,0.00000571082819079,0.00000322165919897,0.00000122572942018,3.80845847303e-7,9.89701561593e-7,9.54705569711e-7,1.8676026059e-7,2.11091759184e-7,1.59067312211e-7,2.40476261126e-8,4.26370538875e-9,3.87769372168e-9,1.73819858507e-9,2.16041895484e-9,2.47909603956e-9,1.00976349504e-9,5.47606238133e-10,1.17738083172e-10,6.01056843186e-11,8.53470349949e-11,1.21915366691e-10,2.4871245688e-11,7.96808018871e-12,2.14107204188e-11,4.25550185368e-11,4.68042141502e-12,2.73983548522e-12,1.8476724057e-12,3.7388555793e-12,2.93796736071e-12,3.05228065045e-12,4.5639781017e-12,4.09313902217e-12,3.46081410058e-12,1.96427748199e-12,6.94770792547e-13,1.96720054526e-13],"max":[0.00994074810296,0.0318905189633,0.0236733965576,0.0214455910027,0.0234545003623,0.016248261556,0.0135406013578,0.0187361668795,0.0134505135939,0.00942408293486,0.00714731356129,0.00679792230949,0.00419703498483,0.00119004945736,0.00189578568097,0.000810279219877,0.0014064629795,0.000844441819936,0.000531708763447,0.000699231110048,0.000159787217854,0.000185512777534,0.000164990022313,0.000156897571287,0.0000995934169623,0.0000724522178643,0.000135108100949,0.000243949500145,0.0001069683276,0.0000652453963994,0.0000458128670289,0.0000594386801822,0.0000475803390145,0.0000417707015004,0.0000750975159463,0.00006484532787,0.000103567312181,0.0000549872675037,0.0000337346064043,0.0000176154735527],"mean":[0.000169530088897,0.00109964329749,0.00244677672163,0.00170579797123,0.00103576038964,0.000545295886695,0.000331158109475,0.000390550732845,0.000294202676741,0.000134809408337,0.000144412668305,0.000140788091812,0.00005060233525,0.0000222696271521,0.0000151853864736,0.0000145376152432,0.0000179632697836,0.0000193032192328,0.0000104898372228,0.00000411812334278,0.00000318514821629,0.00000209924041883,0.00000268351777777,0.00000303328943119,9.38812092954e-7,4.61696572529e-7,6.03374189723e-7,7.38138624001e-7,2.8516240036e-7,1.8404101354e-7,1.76785505346e-7,1.93750437916e-7,2.15291990457e-7,2.02517583148e-7,2.29942671126e-7,2.16334456127e-7,1.77725738126e-7,1.07551841211e-7,6.57749978927e-8,3.71695634271e-8],"median":[0.000010752964954,0.000403134035878,0.0015528810909,0.000980340642855,0.000412625609897,0.000187121069757,0.0000842943263706,0.0000486024000566,0.0000395713941543,0.0000165226119861,0.00000442504733655,0.0000129722957354,0.0000107321193354,0.00000528802456756,0.00000281119037027,0.00000303926572087,0.00000212861550608,0.00000235767129197,0.00000249136792263,7.1983208727e-7,6.96336087458e-7,4.3137032435e-7,2.88864555387e-7,2.18145970621e-7,1.03774084437e-7,9.56938919217e-8,1.17128550414e-7,9.75581997409e-8,2.20229718906e-8,1.95521465685e-8,1.73577223705e-8,1.78921055749e-8,1.21848078294e-8,7.14146874969e-9,5.38770850156e-9,5.15739539964e-9,2.5727513453e-9,2.02446770459e-9,1.00196795305e-9,5.2293969155e-10],"min":[1.0883429746e-24,1.36181294727e-24,1.40608983633e-24,7.90579734526e-25,1.61861241546e-24,1.41258196437e-24,2.27511113826e-24,2.12087975939e-24,1.15505802603e-24,1.70428902066e-24,1.89327623051e-24,2.54275034416e-24,1.82158455144e-24,2.14528632693e-24,2.63238781996e-24,3.26932851154e-24,2.92356111324e-24,2.48409321104e-24,1.59632019236e-24,2.7254128617e-24,2.45525363964e-24,3.13922661282e-24,3.58299203202e-24,2.90302548615e-24,3.65578180546e-24,3.56176062961e-24,3.44275898991e-24,4.700208006e-24,4.25723184214e-24,3.37668873365e-24,5.52762843227e-24,5.68722406529e-24,5.06553106893e-24,4.22120338131e-24,5.79058890413e-24,5.99506441178e-24,4.19845618268e-24,6.32116018291e-24,6.60882777833e-24,6.03372096272e-24],"var":[6.73015961183e-7,0.00000446516605734,0.00000727465339878,0.00000486695353175,0.00000312648762701,0.0000011779942497,6.75203693845e-7,0.0000014217930584,8.73738883911e-7,1.622130128e-7,2.62893593117e-7,2.40421655917e-7,3.37176402354e-8,2.65149147083e-9,2.13693285289e-9,1.67873681622e-9,3.1920042165e-9,2.61131405388e-9,9.10044706259e-10,3.51420503808e-10,7.18361203855e-11,4.26337645743e-11,5.93157814532e-11,8.6977494651e-11,1.23067857988e-11,3.7327554242e-12,9.13858398677e-12,2.01635184244e-11,7.24392290943e-12,3.02016788314e-12,2.30689360843e-12,2.13208183747e-12,2.80942890479e-12,2.95812311278e-12,5.60231938965e-12,5.16519292615e-12,5.86872998115e-12,2.25915119945e-12,1.02698567966e-12,3.35496170775e-13]},"melbands_crest":{"dmean":3.39599847794,"dmean2":5.65728855133,"dvar":9.4617805481,"dvar2":24.3996200562,"max":33.4064178467,"mean":17.1324043274,"median":16.6067962646,"min":1.22672975063,"var":36.3879089355},"melbands_flatness_db":{"dmean":0.0345566868782,"dmean2":0.0510551445186,"dvar":0.00122203002684,"dvar2":0.00266969157383,"max":0.646740317345,"mean":0.37145036459,"median":0.373736262321,"min":0.000233202285017,"var":0.0100149167702},"melbands_kurtosis":{"dmean":10.9505586624,"dmean2":17.6685390472,"dvar":276.554901123,"dvar2":721.822875977,"max":310.999572754,"mean":23.2457427979,"median":14.7055215836,"min":-1.87621831894,"var":778.917907715},"melbands_skewness":{"dmean":0.846420109272,"dmean2":1.33069837093,"dvar":0.752561986446,"dvar2":1.88687288761,"max":12.9428482056,"mean":3.01754546165,"median":2.81486797333,"min":-0.686697721481,"var":3.81591582298},"melbands_spread":{"dmean":2.83319473267,"dmean2":4.45698308945,"dvar":53.2163314819,"dvar2":106.531272888,"max":247.765167236,"mean":10.0320625305,"median":4.29583072662,"min":0.390080779791,"var":525.900939941},"mfcc":{"cov":[[10719.3876953,2455.68481445,-1550.06530762,488.567077637,-562.758239746,-267.097717285,-447.298278809,217.317184448,-148.215057373,74.0493011475,-27.2591171265,-70.8689422607,-417.762420654],[2455.68481445,2922.70166016,-187.881835938,-137.63999939,97.8393936157,-27.2274303436,5.22138261795,-96.7275161743,-75.27709198,-40.0434608459,26.4275455475,-98.8892211914,-84.9639282227],[-1550.06530762,-187.881835938,934.03729248,-4.77037620544,216.110977173,174.102127075,59.7812728882,-88.8772583008,-23.8211841583,-29.457775116,-79.1477127075,22.981388092,154.106887817],[488.567077637,-137.63999939,-4.77037620544,358.613739014,72.1710510254,-4.61261177063,-50.1608123779,3.92824172974,2.74684500694,-19.7918281555,-55.6099128723,26.7811355591,59.2806930542],[-562.758239746,97.8393936157,216.110977173,72.1710510254,289.796356201,41.8562393188,-24.4701080322,6.68764305115,-4.62673139572,-16.6255092621,9.40050792694,16.5894412994,65.3793563843],[-267.097717285,-27.2274303436,174.102127075,-4.61261177063,41.8562393188,191.359390259,97.7321166992,-25.00299263,22.6857757568,24.3300151825,-12.1147880554,-10.0522060394,36.5601730347],[-447.298278809,5.22138261795,59.7812728882,-50.1608123779,-24.4701080322,97.7321166992,190.249008179,19.5397357941,38.3595695496,12.501994133,-2.67077422142,-1.06627106667,10.0178966522],[217.317184448,-96.7275161743,-88.8772583008,3.92824172974,6.68764305115,-25.00299263,19.5397357941,170.704803467,42.3028373718,0.543400585651,37.1937294006,23.0867023468,-40.3412399292],[-148.215057373,-75.27709198,-23.8211841583,2.74684500694,-4.62673139572,22.6857757568,38.3595695496,42.3028373718,104.660362244,34.424030304,12.8021860123,8.95213127136,0.15189859271],[74.0493011475,-40.0434608459,-29.457775116,-19.7918281555,-16.6255092621,24.3300151825,12.501994133,0.543400585651,34.424030304,117.599517822,44.2514572144,9.03511619568,2.55180239677],[-27.2591171265,26.4275455475,-79.1477127075,-55.6099128723,9.40050792694,-12.1147880554,-2.67077422142,37.1937294006,12.8021860123,44.2514572144,124.214294434,32.1559562683,-26.4462718964],[-70.8689422607,-98.8892211914,22.981388092,26.7811355591,16.5894412994,-10.0522060394,-1.06627106667,23.0867023468,8.95213127136,9.03511619568,32.1559562683,83.4889602661,37.4193534851],[-417.762420654,-84.9639282227,154.106887817,59.2806930542,65.3793563843,36.5601730347,10.0178966522,-40.3412399292,0.15189859271,2.55180239677,-26.4462718964,37.4193534851,135.301940918]],"icov":[[0.000415503396653,-0.000439005350927,0.000316182471579,-0.000763526302762,0.00100195419509,-0.000883752130903,0.00124172598589,-0.00100568367634,0.000749837956391,-0.0007047955296,0.000669659581035,-0.000572619028389,0.000646207889076],[-0.000439005350927,0.000870376010425,-0.000171331892489,0.000949023815338,-0.00143689953256,0.00101963116322,-0.00151610013563,0.00140088167973,-0.000613803160377,0.000848331255838,-0.000789598852862,0.000905144261196,-0.000500813359395],[0.000316182471579,-0.000171331892489,0.00223637907766,0.000163994089235,-0.000575473648496,-0.00193101272453,0.000894485565368,-0.000267795781838,0.000989351072349,-0.000308535789372,0.00179652217776,-0.00121916609351,-0.000403571728384],[-0.000763526302762,0.000949023815338,0.000163994089235,0.00532111898065,-0.0030012994539,0.000994690344669,-0.00115769123659,0.00151394272689,-0.00157216005027,0.00126931257546,0.00133694964461,-0.000498124281876,-0.0021842001006],[0.00100195419509,-0.00143689953256,-0.000575473648496,-0.0030012994539,0.00812753848732,-0.00301181222312,0.00451881019399,-0.00392760662362,0.0015782173723,-0.000566713628359,-0.000896887620911,-0.0000536620791536,-0.000608871632721],[-0.000883752130903,0.00101963116322,-0.00193101272453,0.000994690344669,-0.00301181222312,0.0114342477173,-0.00729321688414,0.00342647894286,-0.0022674317006,-0.000271623051958,-0.00194738875143,0.00339298718609,-0.00170887261629],[0.00124172598589,-0.00151610013563,0.000894485565368,-0.00115769123659,0.00451881019399,-0.00729321688414,0.0124314585701,-0.00471368385479,0.000345030712197,-0.00130412424915,0.00247394759208,-0.00220449524932,0.000949131906964],[-0.00100568367634,0.00140088167973,-0.000267795781838,0.00151394272689,-0.00392760662362,0.00342647894286,-0.00471368385479,0.0113395284861,-0.0048348410055,0.00297762290575,-0.00273300660774,-0.00119578512385,0.00186395307537],[0.000749837956391,-0.000613803160377,0.000989351072349,-0.00157216005027,0.0015782173723,-0.0022674317006,0.000345030712197,-0.0048348410055,0.0142933893949,-0.00490555539727,0.0020722290501,-0.00121377396863,0.00069192686351],[-0.0007047955296,0.000848331255838,-0.000308535789372,0.00126931257546,-0.000566713628359,-0.000271623051958,-0.00130412424915,0.00297762290575,-0.00490555539727,0.0130868060514,-0.00602338137105,0.00185058906209,-0.00244700000621],[0.000669659581035,-0.000789598852862,0.00179652217776,0.00133694964461,-0.000896887620911,-0.00194738875143,0.00247394759208,-0.00273300660774,0.0020722290501,-0.00602338137105,0.0158427823335,-0.00819217599928,0.00437496928498],[-0.000572619028389,0.000905144261196,-0.00121916609351,-0.000498124281876,-0.0000536620791536,0.00339298718609,-0.00220449524932,-0.00119578512385,-0.00121377396863,0.00185058906209,-0.00819217599928,0.0204349756241,-0.00796331465244],[0.000646207889076,-0.000500813359395,-0.000403571728384,-0.0021842001006,-0.000608871632721,-0.00170887261629,0.000949131906964,0.00186395307537,0.00069192686351,-0.00244700000621,0.00437496928498,-0.00796331465244,0.0148325841874]],"mean":[-783.996032715,201.724761963,4.74472570419,17.4272708893,1.97359955311,3.46774172783,-10.4561862946,-8.66535186768,-13.0573625565,-6.61937665939,-13.0189733505,-11.8334245682,-8.60652160645]},"pitch_salience":{"dmean":0.0828328132629,"dmean2":0.136919975281,"dvar":0.00567799201235,"dvar2":0.0145566994324,"max":0.990235507488,"mean":0.509857535362,"median":0.516186952591,"min":0.0991037413478,"var":0.0188578218222},"silence_rate_20dB":{"dmean":0,"dmean2":0,"dvar":0,"dvar2":0,"max":1,"mean":1,"median":1,"min":1,"var":0},"silence_rate_30dB":{"dmean":0.0025777942501,"dmean2":0.00515653798357,"dvar":0.00257117557339,"dvar2":0.00733998883516,"max":1,"mean":0.998527228832,"median":1,"min":0,"var":0.00147064216435},"silence_rate_60dB":{"dmean":0.0132572269067,"dmean2":0.026519337669,"dvar":0.0130811976269,"dvar2":0.0298663713038,"max":1,"mean":0.0929675996304,"median":0,"min":0,"var":0.0843200236559},"spectral_centroid":{"dmean":100.898017883,"dmean2":154.782684326,"dvar":58431.6210938,"dvar2":109784.65625,"max":12011.6230469,"mean":697.646606445,"median":356.926757812,"min":145.353088379,"var":2767547.5},"spectral_complexity":{"dmean":1.7168109417,"dmean2":2.74069976807,"dvar":3.63174080849,"dvar2":8.56549072266,"max":30,"mean":8.96741485596,"median":8,"min":0,"var":22.0300006866},"spectral_contrast_coeffs":{"dmean":[0.0507894307375,0.0465056076646,0.0342125408351,0.0276762396097,0.0219445191324,0.0174693986773],"dmean2":[0.0825826823711,0.0750226452947,0.055188100785,0.0442081354558,0.0339402928948,0.025882711634],"dvar":[0.00183379661757,0.00175633933395,0.000914545729756,0.000559436681215,0.00038805778604,0.000304031709675],"dvar2":[0.00466843741015,0.00437291478738,0.00221362570301,0.00141410389915,0.00092089996906,0.000648552842904],"max":[-0.20887747407,-0.344649851322,-0.433986127377,-0.582790851593,-0.582826375961,-0.614923357964],"mean":[-0.492334514856,-0.69138944149,-0.780103564262,-0.78946262598,-0.795394420624,-0.789051651955],"median":[-0.475693821907,-0.700854003429,-0.793941140175,-0.791922807693,-0.792528152466,-0.782887935638],"min":[-0.980349600315,-0.989837646484,-0.989322960377,-0.983301579952,-0.984142780304,-0.965486347675],"var":[0.0140327503905,0.0102372076362,0.00696042412892,0.00358272134326,0.00281718350016,0.0028242233675]},"spectral_contrast_valleys":{"dmean":[0.441929876804,0.365417391062,0.358591198921,0.338808357716,0.369079679251,0.287955641747],"dmean2":[0.718283355236,0.580946266651,0.565008103848,0.517184495926,0.504375219345,0.385114580393],"dvar":[0.18580134213,0.14113971591,0.141263604164,0.155391648412,0.217839390039,0.133222714067],"dvar2":[0.402331084013,0.308056563139,0.308279663324,0.325911283493,0.426390171051,0.223119944334],"max":[-5.10513782501,-4.77929115295,-5.47586345673,-6.37315130234,-6.41330099106,-7.68402671814],"mean":[-8.64202404022,-7.57234239578,-8.48558998108,-9.19118881226,-10.0359897614,-12.9763269424],"median":[-8.0912399292,-6.93328666687,-7.93895053864,-8.55835533142,-9.47292327881,-12.6632652283],"min":[-28.4080657959,-28.1752510071,-27.904088974,-27.7658729553,-27.5421638489,-27.4374961853],"var":[10.0211544037,11.0644369125,10.1609201431,9.59260177612,8.94902133942,6.00558042526]},"spectral_decrease":{"dmean":2.313205405e-9,"dmean2":3.63099261769e-9,"dvar":8.38515468487e-18,"dvar2":2.03664489587e-17,"max":1.82765383193e-28,"mean":-6.97363988778e-9,"median":-6.02999294941e-9,"min":-3.37566774533e-8,"var":3.01312714221e-17},"spectral_energy":{"dmean":0.00893986038864,"dmean2":0.0140293268487,"dvar":0.000124204510939,"dvar2":0.000301467109239,"max":0.129672780633,"mean":0.0272113699466,"median":0.02340137586,"min":9.90057321926e-21,"var":0.000459033617517},"spectral_energyband_high":{"dmean":0.0000386293613701,"dmean2":0.0000491966529808,"dvar":5.51764252066e-8,"dvar2":8.07281139714e-8,"max":0.0101816747338,"mean":0.0000591151620029,"median":0.00000497629389429,"min":7.02164460648e-21,"var":1.70679669509e-7},"spectral_energyband_low":{"dmean":0.00327781145461,"dmean2":0.00532305799425,"dvar":0.0000491728496854,"dvar2":0.000128448940814,"max":0.120835833251,"mean":0.00643091043457,"median":0.00350295053795,"min":1.49295712845e-23,"var":0.0000817505497253},"spectral_energyband_middle_high":{"dmean":0.000841752509587,"dmean2":0.00128695333842,"dvar":0.00000433890363638,"dvar2":0.0000104560185719,"max":0.0556311421096,"mean":0.00227225781418,"median":0.000414166192058,"min":1.10195603721e-21,"var":0.0000286123413389},"spectral_energyband_middle_low":{"dmean":0.0078362878412,"dmean2":0.0123910820112,"dvar":0.0000921819009818,"dvar2":0.000226114687393,"max":0.115879774094,"mean":0.0209507085383,"median":0.017186999321,"min":1.78768048514e-22,"var":0.000319895800203},"spectral_entropy":{"dmean":0.281557321548,"dmean2":0.41985091567,"dvar":0.0894694700837,"dvar2":0.194230780005,"max":9.8219127655,"mean":6.2514462471,"median":6.17462253571,"min":4.33868837357,"var":0.732387661934},"spectral_flux":{"dmean":0.0255929790437,"dmean2":0.0426133535802,"dvar":0.000750386912841,"dvar2":0.00185805174988,"max":0.276720494032,"mean":0.0713025704026,"median":0.0671938508749,"min":6.28059340646e-11,"var":0.00211402983405},"spectral_kurtosis":{"dmean":12.3375654221,"dmean2":20.0858020782,"dvar":185.006393433,"dvar2":424.299438477,"max":202.267578125,"mean":29.818649292,"median":21.1708183289,"min":-1.29180252552,"var":733.763977051},"spectral_rms":{"dmean":0.000812765792944,"dmean2":0.00126647681464,"dvar":7.62787749409e-7,"dvar2":0.00000178138611773,"max":0.011247667484,"mean":0.0046622492373,"median":0.00477813836187,"min":3.10790867868e-12,"var":0.00000481110964756},"spectral_rolloff":{"dmean":158.01348877,"dmean2":275.357452393,"dvar":396057.6875,"dvar2":867132.625,"max":19659.8144531,"mean":990.841247559,"median":366.064453125,"min":64.599609375,"var":8831952},"spectral_skewness":{"dmean":0.844681620598,"dmean2":1.34891951084,"dvar":0.685768961906,"dvar2":1.54628491402,"max":11.652592659,"mean":3.69856214523,"median":3.34894323349,"min":-0.452108949423,"var":3.52089715004},"spectral_spread":{"dmean":432748.03125,"dmean2":667534.3125,"dvar":637263478784,"dvar2":1232249683970,"max":42759176,"mean":3126638.75,"median":1895959.125,"min":500962.71875,"var":36843286429700},"spectral_strongpeak":{"dmean":0.435230642557,"dmean2":0.718946099281,"dvar":0.386371970177,"dvar2":0.966878712177,"max":10.3417234421,"mean":0.960915088654,"median":0.643817305565,"min":0,"var":0.993365705013},"zerocrossingrate":{"dmean":0.00433267559856,"dmean2":0.00528162065893,"dvar":0.000122758574435,"dvar2":0.000179615773959,"max":0.52783203125,"mean":0.033935457468,"median":0.01708984375,"min":0.00439453125,"var":0.00623260857537}},"metadata":{"audio_properties":{"analysis_sample_rate":44100,"bit_rate":320000,"codec":"mp3","downmix":"mix","equal_loudness":0,"length":126.093063354,"lossless":false,"md5_encoded":"bc5989df002731f8eba4fbedabf79200","replay_gain":-7.16522026062,"sample_rate":44100},"tags":{"album":["Bolan Boogie"],"albumartist":["T. Rex"],"artist":["T. Rex"],"date":["1998"],"file_name":"243589.mp3","genre":["Rock"],"musicbrainz_recordingid":["10b3f4cf-dd70-4520-af71-4009b23bb2fe"],"title":["Dove"],"tracknumber":["6"]},"version":{"essentia":"2.1-beta2","essentia_build_sha":"70f2e5ece6736b2c40cc944ad0e695b16b925413","essentia_git_sha":"v2.1_beta2","extractor":"music 1.0"}},"rhythm":{"beats_count":250,"beats_loudness":{"dmean":0.0206863898784,"dmean2":0.038507476449,"dvar":0.000304693501676,"dvar2":0.000870170944836,"max":0.113080099225,"mean":0.0378096178174,"median":0.0360130667686,"min":0,"var":0.000551641976926},"beats_loudness_band_ratio":{"dmean":[0.251772612333,0.201766937971,0.109244838357,0.0570439137518,0.0147853586823,0.00483665755019],"dmean2":[0.454462766647,0.350586622953,0.190935909748,0.104505456984,0.0270354673266,0.00866962224245],"dvar":[0.0363085754216,0.0275981742889,0.0155100412667,0.0101068876684,0.000512299127877,0.000604426080827],"dvar2":[0.0975725352764,0.069185115397,0.0429139323533,0.0320501476526,0.00142233271617,0.00166090659332],"max":[0.982786655426,0.8694486022,0.765734732151,0.679280340672,0.130254209042,0.245261028409],"mean":[0.557736515999,0.367808878422,0.129254937172,0.0471525341272,0.0140936812386,0.00341942557134],"median":[0.581733644009,0.342138767242,0.0724856257439,0.0138839688152,0.00547641329467,0.000534441671334],"min":[0,0,0,0,0,0],"var":[0.0673213303089,0.0438826456666,0.022732751444,0.00831739138812,0.000477972906083,0.000413424073486]},"beats_position":[0.49922901392,0.99845802784,1.50929701328,2.04335594177,2.5774