{"lowlevel":{"average_loudness":0.964594662189,"barkbands":{"dmean":[0.00013284169836,0.00293243443593,0.00296271196567,0.00221974402666,0.00201805494726,0.00165438756812,0.000672880967613,0.000686281127855,0.000412323512137,0.000381169142202,0.00022556175827,0.000203912873985,0.000254018435953,0.000310436269501,0.000215044623474,0.000169516730239,0.000180275179446,0.000185213211807,0.000134373854962,0.000206006880035,0.000164060067618,0.000337881065207,0.000333668547682,0.000264635600615,0.000172563421074,0.000075124684372,0.00000638280971543],"dmean2":[0.000202648501727,0.0043652895838,0.00518535403535,0.00393401226029,0.00335890101269,0.00270434026606,0.0010494843591,0.00111467845272,0.000633837888017,0.000577177619562,0.000352839793777,0.000309387018206,0.000387071078876,0.000469840626465,0.000325254368363,0.000248902913881,0.00027290408616,0.000273155368632,0.000203088857234,0.000309350638418,0.000235959771089,0.000494171690661,0.000473553984193,0.000349219044438,0.000229204903007,0.000103384139948,0.00000924934647628],"dvar":[5.74744589699e-8,0.0000243532704189,0.0000353341274604,0.0000175672157638,0.00000862117667566,0.0000114352860692,0.00000159465571414,0.0000023101044917,7.13158783583e-7,7.74752436428e-7,2.28714483796e-7,2.99098871892e-7,4.95343840612e-7,7.12404528258e-7,5.01411648202e-7,4.64082091867e-7,1.61855439273e-7,1.0290258956e-7,6.22990299348e-8,2.09753068248e-7,1.05552821594e-7,9.72620341599e-7,7.59331044264e-7,2.0220089425e-7,1.02353965303e-7,2.53949234974e-8,1.9291736264e-10],"dvar2":[1.30034266022e-7,0.0000532001140527,0.0000938720768318,0.0000486302706122,0.0000227221698879,0.000029915050618,0.0000037257564145,0.0000058185260059,0.00000164770278843,0.00000162916546742,5.65038305922e-7,6.32916851373e-7,0.00000116070759759,0.00000149905224589,0.00000105947344764,8.92495791049e-7,3.81402117e-7,2.24446566222e-7,1.48161461766e-7,5.24943345681e-7,2.35837177343e-7,0.00000230418663705,0.00000171729561771,3.90450253462e-7,2.06475419873e-7,5.66106130861e-8,4.50562864796e-10],"max":[0.00322815123945,0.0436887480319,0.0497678890824,0.0349354632199,0.0326071344316,0.0393346175551,0.0249506756663,0.0268380232155,0.0130496108904,0.0218665599823,0.0134993148968,0.0173140335828,0.0208592712879,0.0198364723474,0.0213648993522,0.0502545051277,0.00753091834486,0.007698523812,0.00644567795098,0.0119473170489,0.00725064659491,0.0294636841863,0.0347093828022,0.00871357414871,0.00620688404888,0.00249965023249,0.000201662798645],"mean":[0.000142458608025,0.00344723253511,0.00280359992757,0.00221976172179,0.00326534500346,0.00251327292062,0.00103961990681,0.000907869485673,0.000609464186709,0.000578700040933,0.000334427983034,0.000341106264386,0.000390741013689,0.000488700228743,0.000329020054778,0.000266067014309,0.00029057226493,0.000330292998115,0.000248291587923,0.000338186393492,0.00029950166936,0.000541164423339,0.000507675751578,0.000442126853159,0.000255224527791,0.0000973844216787,0.00000793981507741],"median":[0.0000197373447008,0.000810461759102,0.000937536708079,0.000917212164495,0.00229475204833,0.00121206988115,0.000503470888361,0.000281413755147,0.000234057442867,0.000192163046449,0.000122807745356,0.0000946659856709,0.0000980456243269,0.000121086210129,0.0000890629526111,0.0000886432535481,0.000125518199638,0.000147263621329,0.000119221607747,0.000144952442497,0.000132009969093,0.000245538190939,0.000208166093216,0.000195196014829,0.0000910246890271,0.0000278608567896,0.00000210347934626],"min":[5.3717092066e-23,4.56249537448e-23,3.09794197178e-23,1.01405284687e-23,3.77903785092e-23,1.03599121064e-22,6.30589028125e-23,4.32208054728e-23,4.92888497736e-23,4.98165093667e-23,8.01586935562e-23,1.26277837104e-22,8.74583579892e-23,1.21090868393e-22,7.72033429262e-23,2.27781630008e-22,1.331296936e-22,1.98599102903e-22,2.94748903154e-22,2.53025734333e-22,4.36022077298e-22,4.91101279712e-22,7.38678143513e-22,6.9615361823e-22,9.55463077746e-22,1.84958311981e-21,2.66482959215e-21],"var":[7.48234896264e-8,0.0000327345987898,0.0000276298869721,0.0000136640028359,0.0000105502012957,0.000015830331904,0.00000236028790823,0.00000343214378518,0.00000112011389319,0.00000179702703917,4.08649356132e-7,8.11754773622e-7,0.00000102521073586,0.00000187664454643,9.60823058449e-7,0.00000103046238564,2.74941356793e-7,2.57473232068e-7,1.27073207068e-7,2.93804617968e-7,2.16992560809e-7,0.00000120359504763,9.94618517325e-7,4.19971769361e-7,1.82409891636e-7,3.31004947896e-8,2.31131405681e-10]},"barkbands_crest":{"dmean":2.27579855919,"dmean2":3.82419323921,"dvar":3.9694583416,"dvar2":10.6753320694,"max":26.0485916138,"mean":8.29944133759,"median":7.70991706848,"min":2.50617671013,"var":12.0838718414},"barkbands_flatness_db":{"dmean":0.0191435683519,"dmean2":0.0307689830661,"dvar":0.000390386325307,"dvar2":0.00100115127861,"max":0.39815145731,"mean":0.0933581367135,"median":0.08428157866,"min":0.0199444368482,"var":0.00216400134377},"barkbands_kurtosis":{"dmean":3.79818582535,"dmean2":6.29655313492,"dvar":208.611068726,"dvar2":503.501617432,"max":755.242614746,"mean":9.30730819702,"median":1.20668339729,"min":-1.92998373508,"var":3178.9621582},"barkbands_skewness":{"dmean":0.599668681622,"dmean2":0.944318532944,"dvar":0.566834330559,"dvar2":1.26552736759,"max":10.9715261459,"mean":1.16089522839,"median":1.42151999474,"min":-25.4088401794,"var":7.82298517227},"barkbands_spread":{"dmean":9.11970043182,"dmean2":14.0362100601,"dvar":90.2816238403,"dvar2":222.197784424,"max":161.374084473,"mean":35.013130188,"median":33.2125549316,"min":0.507316708565,"var":285.638153076},"dissonance":{"dmean":0.0143582457677,"dmean2":0.023821560666,"dvar":0.000220268935664,"dvar2":0.000597485341132,"max":0.500000119209,"mean":0.471823096275,"median":0.477489054203,"min":0.290508747101,"var":0.000500240013935},"dynamic_complexity":3.06858968735,"erbbands":{"dmean":[0.101385965943,0.661116361618,2.8608083725,5.62435007095,7.64526414871,6.52316379547,9.09811687469,16.1507911682,9.24903869629,11.8672485352,13.6429643631,9.49730587006,10.1585388184,11.890832901,7.82583236694,8.68102264404,10.1522312164,16.409992218,11.4777145386,9.72984695435,8.57985591888,9.35760307312,10.414229393,6.5860710144,8.11294460297,9.93880653381,6.70686817169,7.21233797073,11.3439483643,13.7678489685,8.76056671143,5.54690170288,4.52392101288,1.95189380646,1.2841411829,0.53429877758,0.091327548027,0.012131260708,0.00123704480939,0.0000455742483609],"dmean2":[0.146256968379,1.04824411869,4.95529413223,10.0242528915,13.0190935135,10.9130687714,14.5660257339,26.8063621521,13.8546524048,18.3220996857,21.8730602264,14.7115030289,15.6283349991,18.0205860138,12.2130432129,13.185842514,15.2399501801,24.4934692383,17.2187976837,13.8221740723,12.7101917267,13.6580219269,15.2250213623,9.60686683655,12.2061433792,15.039639473,9.76554679871,10.332859993,16.575044632,19.9572105408,12.4899997711,7.6046628952,6.06724262238,2.62553095818,1.7180031538,0.726342439651,0.126382902265,0.0173629000783,0.00175814970862,0.0000603698535997],"dvar":[0.0281250700355,1.40144073963,32.2357559204,123.510322571,184.699172974,79.731803894,198.988861084,1269.09436035,234.979644775,599.577148438,1053.15136719,401.269104004,493.7003479,974.188354492,231.581573486,583.229003906,609.832519531,2149.69506836,1115.79577637,1820.17224121,409.705688477,388.342254639,360.309692383,120.728538513,261.933654785,573.326660156,168.897949219,217.525192261,895.655944824,2378.05224609,350.937133789,104.340438843,63.3122329712,13.4440984726,6.05218410492,1.25485932827,0.038489677012,0.000689349428285,0.00000693282981956,6.65551791457e-9],"dvar2":[0.0562840513885,3.32344150543,84.9297485352,340.907531738,489.849182129,213.998123169,482.402923584,3439.15893555,507.595977783,1405.20507812,2648.86328125,953.004516602,1165.97705078,2082.61083984,592.466003418,1214.43200684,1374.18981934,4578.77539062,2281.08203125,3143.18310547,803.621032715,884.51373291,777.858581543,257.705413818,617.567504883,1454.60351562,388.915161133,472.891448975,2078.10302734,5510.88183594,765.596801758,219.181716919,123.599349976,27.6599807739,12.390337944,2.75450015068,0.0872608944774,0.00160906498786,0.0000157612721523,1.42129250591e-8],"max":[1.1867647171,12.611579895,51.6318817139,84.4868240356,134.343948364,96.434928894,200.213973999,447.267822266,274.139129639,504.814605713,618.024536133,322.746337891,453.439453125,902.889099121,292.795806885,881.524414062,638.162658691,1124.12976074,767.146057129,3008.46264648,810.109375,541.858093262,554.484313965,194.914627075,442.157958984,707.049804688,272.001342773,304.854034424,966.28918457,1903.13586426,382.652893066,280.47442627,159.322677612,103.423225403,41.0287399292,16.7548789978,4.08090734482,0.393108576536,0.037444666028,0.00119868456386],"mean":[0.115122675896,0.741458535194,2.76903486252,5.73782014847,8.71676158905,11.0556936264,15.2618131638,22.8744983673,16.0020313263,18.4841136932,18.223241806,14.1842088699,15.2422533035,18.7213401794,12.8237390518,15.4879589081,17.4803943634,27.444360733,18.804561615,15.992603302,14.6731834412,16.2868671417,18.924413681,12.6959476471,15.1619434357,16.0819473267,12.1287488937,12.7319841385,18.2575550079,20.4127616882,13.5972671509,8.92825603485,7.39831733704,2.98693299294,1.81438744068,0.710248708725,0.116683512926,0.0148569196463,0.00155644479673,0.0000772440980654],"median":[0.0190652497113,0.198005855083,0.938463151455,2.49736118317,4.03053092957,7.79314613342,9.81887435913,9.70959377289,8.21611976624,6.95340633392,6.10839366913,5.64548921585,6.33237981796,5.22384786606,5.55835294724,4.63545179367,5.11319828033,6.49484729767,5.66682910919,4.37089443207,6.01536560059,7.32318401337,8.56978225708,6.80163860321,6.67187023163,6.77519178391,5.35323667526,5.60355186462,8.16839027405,8.14858818054,5.76706790924,4.04196834564,3.03232002258,1.15284204483,0.586391687393,0.208331644535,0.0338404104114,0.00382990622893,0.000419143703766,0.0000388072767237],"min":[2.21687594949e-21,7.56531148747e-21,2.94385760566e-20,4.07874746738e-20,6.83821875968e-20,1.73145148552e-19,5.3533867794e-19,7.70576436441e-19,3.95165194174e-19,1.68283712449e-18,1.10603570815e-18,9.56175396575e-19,1.42463290308e-18,3.05161134798e-18,3.71774589233e-18,4.57781024295e-18,3.90831962006e-18,4.56233286651e-18,6.40500258524e-18,5.95729852333e-18,1.17163541139e-17,7.65443077636e-18,1.30839185857e-17,1.29504678831e-17,1.52383808015e-17,1.21364576403e-17,1.46712492299e-17,1.81435466462e-17,1.74750374731e-17,1.87919040452e-17,2.01590648529e-17,1.57875294665e-17,1.213717067e-17,9.65916668379e-18,7.46106324611e-18,6.093774639e-18,3.63659947424e-18,1.35613769546e-18,4.31677308304e-19,3.7137653312e-20],"var":[0.0416927561164,1.5681540966,26.0859413147,91.0164489746,167.718322754,114.643241882,309.967102051,1590.89782715,455.982727051,1131.33911133,1430.29138184,580.707641602,793.8203125,2467.10668945,407.629058838,1658.7980957,1479.25244141,5876.06787109,2164.24511719,4744.97509766,1099.41687012,777.589904785,903.416931152,271.130157471,605.53894043,725.868591309,340.401153564,401.858795166,1181.03369141,2628.80493164,553.008544922,182.612701416,129.405822754,25.4134483337,9.8433637619,1.7042632103,0.0486529581249,0.000820838729851,0.00000877132242749,1.04361124187e-8]},"erbbands_crest":{"dmean":2.19587254524,"dmean2":3.50060868263,"dvar":5.25702190399,"dvar2":12.5464572906,"max":27.4083652496,"mean":7.02193784714,"median":5.8286242485,"min":2.22786307335,"var":14.7479496002},"erbbands_flatness_db":{"dmean":0.0139053780586,"dmean2":0.0198847167194,"dvar":0.000205817807,"dvar2":0.000401973433327,"max":0.289201319218,"mean":0.109216630459,"median":0.102014273405,"min":0.0413168743253,"var":0.000956167699769},"erbbands_kurtosis":{"dmean":0.805358767509,"dmean2":1.24593925476,"dvar":2.45225644112,"dvar2":5.33568572998,"max":35.2230949402,"mean":-0.00581288570538,"median":-0.762570619583,"min":-1.76762771606,"var":5.44614648819},"erbbands_skewness":{"dmean":0.366429567337,"dmean2":0.551003336906,"dvar":0.156047552824,"dvar2":0.341162472963,"max":3.8610033989,"mean":0.0980649143457,"median":0.182866066694,"min":-5.0164809227,"var":0.716321229935},"erbbands_spread":{"dmean":11.2615232468,"dmean2":17.0234355927,"dvar":133.786849976,"dvar2":311.532623291,"max":183.765213013,"mean":61.5476951599,"median":62.3315887451,"min":4.77708721161,"var":529.649475098},"gfcc":{"cov":[[24536.0664062,1668.28137207,-2320.35571289,1297.85668945,-1389.9362793,518.452209473,-954.494262695,293.719451904,-479.856811523,85.4467391968,-244.897766113,-16.0036869049,-134.707794189],[1668.28137207,811.02520752,-286.774139404,-5.83428668976,-92.0246505737,-16.9751605988,-44.2791900635,-42.7134361267,-33.8121185303,-34.3036956787,3.77720546722,-35.6942024231,-10.1174030304],[-2320.35571289,-286.774139404,740.72088623,-58.239780426,135.493988037,-12.6738672256,103.129524231,52.5044593811,61.502784729,16.3719863892,-6.86268568039,31.6912918091,13.2948932648],[1297.85668945,-5.83428668976,-58.239780426,353.813934326,-35.6053123474,4.76836681366,-69.119178772,12.8871240616,-12.5346136093,-3.20955681801,-36.347869873,-5.3469452858,18.8772640228],[-1389.9362793,-92.0246505737,135.493988037,-35.6053123474,242.185958862,3.85710763931,75.3267364502,0.0619966425002,44.6814651489,6.11992931366,-0.0516863465309,-5.1222987175,6.3568353653],[518.452209473,-16.9751605988,-12.6738672256,4.76836681366,3.85710763931,174.523086548,32.7289543152,20.601102829,-27.4290904999,-4.95147562027,8.46368980408,8.75330734253,-19.6111965179],[-954.494262695,-44.2791900635,103.129524231,-69.119178772,75.3267364502,32.7289543152,156.999130249,14.0666217804,5.44846773148,-1.86575841904,23.4532814026,12.7411231995,-3.54098510742],[293.719451904,-42.7134361267,52.5044593811,12.8871240616,0.0619966425002,20.601102829,14.0666217804,100.392868042,37.1781845093,16.5974979401,-8.19767284393,7.92251729965,7.62304544449],[-479.856811523,-33.8121185303,61.502784729,-12.5346136093,44.6814651489,-27.4290904999,5.44846773148,37.1781845093,98.4968948364,29.7540416718,-1.72492456436,-3.59201288223,14.4918460846],[85.4467391968,-34.3036956787,16.3719863892,-3.20955681801,6.11992931366,-4.95147562027,-1.86575841904,16.5974979401,29.7540416718,63.2313194275,23.1150093079,5.23940181732,1.67182171345],[-244.897766113,3.77720546722,-6.86268568039,-36.347869873,-0.0516863465309,8.46368980408,23.4532814026,-8.19767284393,-1.72492456436,23.1150093079,67.3601074219,27.2961807251,2.69476723671],[-16.0036869049,-35.6942024231,31.6912918091,-5.3469452858,-5.1222987175,8.75330734253,12.7411231995,7.92251729965,-3.59201288223,5.23940181732,27.2961807251,60.5335617065,24.1235351562],[-134.707794189,-10.1174030304,13.2948932648,18.8772640228,6.3568353653,-19.6111965179,-3.54098510742,7.62304544449,14.4918460846,1.67182171345,2.69476723671,24.1235351562,58.4583930969]],"icov":[[0.000324153981637,-0.000492342398502,0.000582714681514,-0.000657693017274,0.000749063678086,-0.000748706283048,0.00088799133664,-0.00136172829662,0.00127264356706,-0.00175155536272,0.00163274665829,-0.00123675528448,0.000810041208751],[-0.000492342398502,0.00227445061319,-0.000410031992942,0.00108851969708,-0.000767539720982,0.00124734418932,-0.00137632444967,0.00224395329133,-0.00210178340785,0.00354380346835,-0.00314217736013,0.00284955836833,-0.00148457568139],[0.000582714681514,-0.000410031992942,0.0029388088733,-0.00103263102937,0.000806966389064,-0.00097403669497,0.000756797846407,-0.00288308085874,0.00179070490412,-0.00320913875476,0.00382369407453,-0.00334655027837,0.00179678027052],[-0.000657693017274,0.00108851969708,-0.00103263102937,0.00471846340224,-0.00155378016643,0.00115779682528,-0.000563555629924,0.00221948279068,-0.00173977005761,0.00291746202856,-0.00164595898241,0.0025390945375,-0.00300623476505],[0.000749063678086,-0.000767539720982,0.000806966389064,-0.00155378016643,0.00767351547256,-0.00223770737648,-0.000514646875672,-0.00122946721967,0.0000997301249299,-0.00381504464895,0.00421818206087,-0.00152685807552,0.00097551982617],[-0.000748706283048,0.00124734418932,-0.00097403669497,0.00115779682528,-0.00223770737648,0.00882622040808,-0.0032716402784,0.000681045581587,-0.000508215860464,0.00428724428639,-0.00426847022027,0.00146852585021,0.000849697971717],[0.00088799133664,-0.00137632444967,0.000756797846407,-0.000563555629924,-0.000514646875672,-0.0032716402784,0.0120653724298,-0.00555886700749,0.00441907858476,-0.00277142203413,0.000926363747567,-0.00333715509623,0.00255021173507],[-0.00136172829662,0.00224395329133,-0.00288308085874,0.00221948279068,-0.00122946721967,0.000681045581587,-0.00555886700749,0.0199212674052,-0.011095049791,0.00480791507289,-0.00277918158099,0.00270520546474,-0.00375810847618],[0.00127264356706,-0.00210178340785,0.00179070490412,-0.00173977005761,0.0000997301249299,-0.000508215860464,0.00441907858476,-0.011095049791,0.022163130343,-0.0132703334093,0.00710302311927,-0.00198296410963,-0.000367327505955],[-0.00175155536272,0.00354380346835,-0.00320913875476,0.00291746202856,-0.00381504464895,0.00428724428639,-0.00277142203413,0.00480791507289,-0.0132703334093,0.0331684276462,-0.0195293650031,0.00892686937004,-0.0030192094855],[0.00163274665829,-0.00314217736013,0.00382369407453,-0.00164595898241,0.00421818206087,-0.00426847022027,0.000926363747567,-0.00277918158099,0.00710302311927,-0.0195293650031,0.0343791730702,-0.0182714145631,0.00616115983576],[-0.00123675528448,0.00284955836833,-0.00334655027837,0.0025390945375,-0.00152685807552,0.00146852585021,-0.00333715509623,0.00270520546474,-0.00198296410963,0.00892686937004,-0.0182714145631,0.033147547394,-0.0149119552225],[0.000810041208751,-0.00148457568139,0.00179678027052,-0.00300623476505,0.00097551982617,0.000849697971717,0.00255021173507,-0.00375810847618,-0.000367327505955,-0.0030192094855,0.00616115983576,-0.0149119552225,0.0261484812945]],"mean":[6.4384560585,56.1393585205,-91.0618896484,41.0546455383,-69.9170379639,16.8568763733,-45.3266067505,5.42355298996,-25.7700786591,1.45430135727,-16.0853538513,3.6989672184,-13.4051942825]},"hfc":{"dmean":12.8209104538,"dmean2":15.3569545746,"dvar":391.507202148,"dvar2":743.883300781,"max":390.388275146,"mean":27.5520439148,"median":17.480758667,"min":1.20326562341e-16,"var":940.611938477},"melbands":{"dmean":[0.000843554502353,0.00121474103071,0.00103867950384,0.000474744447274,0.00031024182681,0.000338746671332,0.00014250233653,0.000132262939587,0.000107573854621,0.0000561499800824,0.0000509705823788,0.0000496255415783,0.0000281713582808,0.000021722404199,0.0000260199522018,0.000024577955628,0.0000321209699905,0.0000199655369215,0.000014531628949,0.0000120941940622,0.0000104485898191,0.00000992899003904,0.0000107488667709,0.00000939265464694,0.00000535032131666,0.00000552739538762,0.00000747009107727,0.00000657089094602,0.0000046578616093,0.00000398535848944,0.0000044155544856,0.00000637982111584,0.00000765303593653,0.00000786590044299,0.00000559666295885,0.00000373401303477,0.00000343400711245,0.00000369366330233,0.00000189577508536,0.0000017122091549],"dmean2":[0.00121977669187,0.00205151434056,0.00181342056021,0.00079879059922,0.00049335177755,0.000559099891689,0.0002110232017,0.000207879536902,0.000171195948496,0.0000869557261467,0.0000784389558248,0.000075290336099,0.0000441500196757,0.0000332865238306,0.0000400077260565,0.0000370173584088,0.0000481373790535,0.0000300624033116,0.0000215933305299,0.0000171813353518,0.0000158825441758,0.0000148810840983,0.000016012803826,0.0000142561875691,0.00000801699025033,0.0000084562734628,0.0000115627417472,0.00000999737767415,0.000006990347174,0.00000590891249885,0.00000649038929623,0.00000955889299803,0.0000114325093818,0.0000115954098874,0.00000822383117338,0.000005424333267,0.00000479155505673,0.0000050348185141,0.00000260166916632,0.00000242008604801],"dvar":[0.00000192360721485,0.00000552066330783,0.00000395110737372,5.67304141441e-7,1.87134446605e-7,5.26131032075e-7,5.91345852285e-8,7.72546897565e-8,6.31618632951e-8,1.38944704631e-8,1.26706884984e-8,1.76577099609e-8,3.07128722454e-9,2.78957590361e-9,6.46008047056e-9,4.62944083068e-9,8.70636451822e-9,3.5820626465e-9,3.0572584464e-9,2.80334933045e-9,5.4119297932e-10,4.78691364325e-10,5.72563663148e-10,2.82763756854e-10,8.48511816365e-11,1.08115329189e-10,2.99591740305e-10,2.22288826235e-10,9.33485441723e-11,6.75502292991e-11,8.76486799806e-11,2.44631648272e-10,6.35212327182e-10,8.86949957923e-10,1.4868958842e-10,5.50017045797e-11,3.95057146718e-11,4.46966248735e-11,1.40256521675e-11,1.17140316544e-11],"dvar2":[0.00000397535131924,0.0000142558401421,0.000010708503396,0.00000151268625359,4.46195912218e-7,0.00000140738814025,1.26557296198e-7,1.83146696031e-7,1.55423151682e-7,3.30267866389e-8,2.96038873415e-8,3.73935975517e-8,7.67312435812e-9,5.84433790252e-9,1.50582959435e-8,1.0267234174e-8,1.8552949399e-8,7.48926165528e-9,6.96071511541e-9,4.29931512613e-9,1.14577680677e-9,1.08616438066e-9,1.2650172021e-9,6.58607224313e-10,1.89788948446e-10,2.5885446564e-10,7.59637297509e-10,5.56330426171e-10,2.23727855686e-10,1.56727811285e-10,1.98920671601e-10,5.71271641103e-10,1.51842804996e-9,2.10100936648e-9,3.29372862318e-10,1.23753660097e-10,8.36701888329e-11,8.90944401588e-11,2.8928765633e-11,2.55710574243e-11],"max":[0.00950314011425,0.0244430731982,0.0154718114063,0.00828194152564,0.00577578740194,0.00894970726222,0.00449323514476,0.00536828720942,0.00477731507272,0.00197305018082,0.00228058639914,0.00356651982293,0.00100013555493,0.00217106821947,0.0021761355456,0.00210883538239,0.00248142774217,0.00126093602739,0.00191895547323,0.004355173558,0.000593874079641,0.000633310643025,0.000560629123356,0.000391655776184,0.000188884368981,0.000213726234506,0.00040964235086,0.000406172126532,0.000191968298168,0.000177552370587,0.000234187638853,0.000523096940015,0.000662888458464,0.00134281453211,0.000284463254502,0.000146933045471,0.000150505424244,0.000153229208081,0.00015749609156,0.0000684785336489],"mean":[0.000983834965155,0.00128861388657,0.00111707125325,0.000695380149409,0.000556122045964,0.000494392821565,0.000241522517172,0.000202529176022,0.000144655132317,0.0000835315513541,0.0000746039731894,0.0000761193587095,0.0000434991488873,0.0000361519305443,0.0000428244966315,0.0000401813485951,0.0000516140426043,0.0000301029067487,0.0000221329537453,0.0000196743640117,0.0000166408754012,0.0000161324114742,0.0000177283291123,0.0000162509204529,0.00000932147304411,0.00000983915833785,0.0000122369792734,0.0000101165223896,0.00000780295795266,0.00000681823303239,0.00000744263661545,0.0000100100542113,0.0000113738360596,0.0000111662020572,0.00000838315190776,0.0000055616442296,0.00000535275466973,0.00000588351986153,0.00000306783158521,0.00000241592988459],"median":[0.000201926362934,0.000460809678771,0.000498208915815,0.000447549740784,0.000383243488614,0.000221293448703,0.000120453478303,0.0000722079857951,0.0000477399844385,0.0000331055125571,0.0000290883072012,0.0000193863179447,0.0000177885158337,0.0000122197925521,0.0000111582448881,0.00000984732650977,0.0000113688511192,0.00000835227183416,0.00000592864125792,0.00000562028071727,0.00000687497049512,0.00000670945610182,0.00000751847983338,0.0000072171010288,0.00000480469816466,0.00000441953625341,0.00000487307988806,0.00000423296432928,0.00000332864988195,0.00000285601481664,0.00000327711973114,0.00000435303945778,0.00000480957214677,0.00000419556999987,0.00000347306104231,0.00000227636473937,0.00000234103208641,0.00000230507748711,0.00000128439955915,8.52849552757e-7],"min":[1.86047133143e-23,1.36822165326e-23,7.92775706349e-24,7.81766994645e-24,1.65952873735e-23,1.80202888682e-23,7.73269779404e-24,1.63060657221e-23,1.03966392613e-23,5.40166036191e-24,6.55322610071e-24,1.11300984652e-23,1.11051641497e-23,1.58460730397e-23,1.1210951186e-23,5.86144912381e-24,9.26018020887e-24,1.16323985468e-23,4.51778076622e-24,1.45569654577e-23,1.24848116643e-23,6.88546275956e-24,1.09450009313e-23,9.67139998813e-24,1.08392967254e-23,1.0633671453e-23,1.00874523293e-23,7.24173048815e-24,9.13581076514e-24,7.98026995623e-24,1.17904768059e-23,1.00416021558e-23,9.38305791664e-24,1.07467996288e-23,1.12022287509e-23,1.23856494819e-23,8.44188769214e-24,8.53494724655e-24,8.68831127285e-24,7.62170822012e-24],"var":[0.00000278892889582,0.0000049001955631,0.00000312854922413,5.98079509473e-7,3.29081245809e-7,6.90437616413e-7,1.12332763536e-7,1.45561585896e-7,8.77854517967e-8,2.01955305812e-8,2.08396819801e-8,4.47524044489e-8,5.42319122943e-9,7.2275687657e-9,1.43380658457e-8,1.0725506705e-8,2.32548504897e-8,6.5570815444e-9,5.86526160973e-9,8.51534132096e-9,1.10373876705e-9,8.61462956525e-10,1.19318266378e-9,6.36705965729e-10,1.63326352443e-10,2.22700288766e-10,4.90333995629e-10,2.85840073833e-10,1.54472740155e-10,1.28111132813e-10,1.46109666033e-10,3.28910870762e-10,7.30958016337e-10,9.1153179449e-10,2.2866242233e-10,8.45690253937e-11,6.6570186863e-11,8.61537993724e-11,2.7784800502e-11,1.83389657626e-11]},"melbands_crest":{"dmean":3.24337291718,"dmean2":5.48700857162,"dvar":7.39649772644,"dvar2":20.204328537,"max":34.7086029053,"mean":11.889087677,"median":11.1970357895,"min":1.77652668953,"var":16.3357143402},"melbands_flatness_db":{"dmean":0.0261700954288,"dmean2":0.041440486908,"dvar":0.000698872143403,"dvar2":0.00179144495632,"max":0.442201793194,"mean":0.150355413556,"median":0.146232455969,"min":0.00357107142918,"var":0.00233574328013},"melbands_kurtosis":{"dmean":8.94316673279,"dmean2":14.8595542908,"dvar":297.287261963,"dvar2":737.16998291,"max":567.986450195,"mean":16.3590316772,"median":12.3074626923,"min":-1.93145227432,"var":378.832092285},"melbands_skewness":{"dmean":0.83385258913,"dmean2":1.3178396225,"dvar":0.909881651402,"dvar2":2.24194693565,"max":19.5633430481,"mean":3.18129396439,"median":3.10466527939,"min":-1.29165780544,"var":2.37611579895},"melbands_spread":{"dmean":10.8898229599,"dmean2":16.7667751312,"dvar":238.633972168,"dvar2":492.553771973,"max":233.562820435,"mean":32.67943573,"median":25.8611106873,"min":0.833257555962,"var":750.586730957},"mfcc":{"cov":[[9900.62597656,281.582427979,136.603530884,165.031417847,22.391254425,28.8127117157,-61.6361541748,51.9344558716,-28.553155899,66.3019638062,18.3006095886,19.1342697144,-0.195426702499],[281.582427979,745.480957031,-17.0642471313,-54.458316803,-33.3498878479,-12.6122360229,3.81479263306,-2.7090215683,-25.2563095093,-15.4959745407,27.4935131073,4.12856149673,-36.8589248657],[136.603530884,-17.0642471313,410.05065918,56.1136474609,23.495136261,-2.54822731018,3.48924040794,33.3941078186,21.3623275757,5.09048271179,-11.5294504166,10.7085418701,27.5237789154],[165.031417847,-54.458316803,56.1136474609,258.951690674,57.8109931946,0.950321495533,-32.7932052612,-18.2542037964,34.4659805298,12.2963247299,-45.8366394043,-7.43770694733,26.9716587067],[22.391254425,-33.3498878479,23.495136261,57.8109931946,144.863952637,23.6146030426,-21.3903923035,2.97392630577,31.8531246185,24.2248516083,-11.1216249466,-2.68262338638,5.82199859619],[28.8127117157,-12.6122360229,-2.54822731018,0.950321495533,23.6146030426,111.442390442,53.8552856445,20.0042896271,-8.41618061066,-12.6837272644,11.730796814,3.61088013649,-12.9905309677],[-61.6361541748,3.81479263306,3.48924040794,-32.7932052612,-21.3903923035,53.8552856445,124.731681824,44.5814781189,-11.7479953766,-14.1835708618,12.1168756485,20.6110343933,-9.56331729889],[51.9344558716,-2.7090215683,33.3941078186,-18.2542037964,2.97392630577,20.0042896271,44.5814781189,85.0126876831,23.2017002106,-1.5919342041,5.47270822525,9.36926651001,-0.664348125458],[-28.553155899,-25.2563095093,21.3623275757,34.4659805298,31.8531246185,-8.41618061066,-11.7479953766,23.2017002106,83.5009307861,37.0298194885,-7.96005535126,-0.339157104492,7.42474603653],[66.3019638062,-15.4959745407,5.09048271179,12.2963247299,24.2248516083,-12.6837272644,-14.1835708618,-1.5919342041,37.0298194885,77.3638458252,13.4737958908,-5.53652572632,4.62296199799],[18.3006095886,27.4935131073,-11.5294504166,-45.8366394043,-11.1216249466,11.730796814,12.1168756485,5.47270822525,-7.96005535126,13.4737958908,77.3251342773,20.0733089447,-13.5615558624],[19.1342697144,4.12856149673,10.7085418701,-7.43770694733,-2.68262338638,3.61088013649,20.6110343933,9.36926651001,-0.339157104492,-5.53652572632,20.0733089447,61.2948570251,14.0241575241],[-0.195426702499,-36.8589248657,27.5237789154,26.9716587067,5.82199859619,-12.9905309677,-9.56331729889,-0.664348125458,7.42474603653,4.62296199799,-13.5615558624,14.0241575241,58.8965950012]],"icov":[[0.000108424581413,-0.0000449827530247,-0.0000211505575862,-0.0000982170604402,0.0000422942248406,-0.0000834027523524,0.000155606103363,-0.000195775093744,0.000208020486753,-0.000200229900656,0.0000244818729698,-0.0000897034624359,0.0000440423063992],[-0.0000449827530247,0.00144147325773,-0.0000228693825193,0.000140979478601,0.000100866542198,0.000319727725582,-0.00000739770166547,0.0000500192327308,0.000128903586301,0.000257412204519,-0.000304046348901,-0.00014952593483,0.000837138155475],[-0.0000211505575862,-0.0000228693825193,0.0026940619573,-0.000521545298398,-0.000210696089198,0.000211920312722,0.0000473213003716,-0.00122150604147,0.0000255992272287,0.0000377332944481,-0.00000704375042915,-0.000154871871928,-0.000943998689763],[-0.0000982170604402,0.000140979478601,-0.000521545298398,0.00530641898513,-0.00123791652732,-0.000768167548813,0.000377521966584,0.00179644767195,-0.00185340887401,0.000210185811738,0.00237834011205,-0.000134523390443,-0.00126711581834],[0.0000422942248406,0.000100866542198,-0.000210696089198,-0.00123791652732,0.00926370359957,-0.00360858184285,0.00276257097721,-0.000709431536961,-0.00156180281192,-0.0023827382829,0.00128750852309,-0.0010713172378,0.000393019610783],[-0.0000834027523524,0.000319727725582,0.000211920312722,-0.000768167548813,-0.00360858184285,0.0136088561267,-0.00627609202638,-0.000123748221085,0.000674531504046,0.00265248259529,-0.002733648289,0.00185630109627,0.00142574030906],[0.000155606103363,-0.00000739770166547,0.0000473213003716,0.000377521966584,0.00276257097721,-0.00627609202638,0.0145447105169,-0.00669221254066,0.00283771357499,-0.00165323156398,0.00178095174488,-0.00448919972405,0.00168078311253],[-0.000195775093744,0.0000500192327308,-0.00122150604147,0.00179644767195,-0.000709431536961,-0.000123748221085,-0.00669221254066,0.0185076054186,-0.00784272421151,0.00337687483989,-0.00114353420213,0.000697155832313,-0.000761926406994],[0.000208020486753,0.000128903586301,0.0000255992272287,-0.00185340887401,-0.00156180281192,0.000674531504046,0.00283771357499,-0.00784272421151,0.0204736758024,-0.00944618880749,0.00307111768052,-0.00213398691267,0.000969391432591],[-0.000200229900656,0.000257412204519,0.0000377332944481,0.000210185811738,-0.0023827382829,0.00265248259529,-0.00165323156398,0.00337687483989,-0.00944618880749,0.0201901365072,-0.00665972847492,0.00432670861483,-0.00232091057114],[0.0000244818729698,-0.000304046348901,-0.00000704375042915,0.00237834011205,0.00128750852309,-0.002733648289,0.00178095174488,-0.00114353420213,0.00307111768052,-0.00665972847492,0.019180284813,-0.00784283597022,0.00468953792006],[-0.0000897034624359,-0.00014952593483,-0.000154871871928,-0.000134523390443,-0.0010713172378,0.00185630109627,-0.00448919972405,0.000697155832313,-0.00213398691267,0.00432670861483,-0.00784283597022,0.0222362317145,-0.00733689684421],[0.0000440423063992,0.000837138155475,-0.000943998689763,-0.00126711581834,0.000393019610783,0.00142574030906,0.00168078311253,-0.000761926406994,0.000969391432591,-0.00232091057114,0.00468953792006,-0.00733689684421,0.0219511352479]],"mean":[-630.61505127,85.0510559082,27.6845550537,22.6984577179,3.29442191124,6.13805675507,-5.94135570526,2.77421951294,-7.29165029526,-2.65258646011,-1.52110671997,-2.22899413109,-2.8662109375]},"pitch_salience":{"dmean":0.065547414124,"dmean2":0.107412479818,"dvar":0.00302603025921,"dvar2":0.00790168810636,"max":0.912876784801,"mean":0.639572322369,"median":0.645921945572,"min":0.210166573524,"var":0.00859680492431},"silence_rate_20dB":{"dmean":0,"dmean2":0,"dvar":0,"dvar2":0,"max":1,"mean":1,"median":1,"min":1,"var":0},"silence_rate_30dB":{"dmean":0,"dmean2":0,"dvar":0,"dvar2":0,"max":1,"mean":1,"median":1,"min":1,"var":0},"silence_rate_60dB":{"dmean":0.0327965728939,"dmean2":0.0656028389931,"dvar":0.0317187048495,"dvar2":0.0813962444663,"max":1,"mean":0.0607090108097,"median":0,"min":0,"var":0.0570253394544},"spectral_centroid":{"dmean":346.586791992,"dmean2":534.21484375,"dvar":147637.6875,"dvar2":331013.5625,"max":10648.9882812,"mean":1610.48400879,"median":1479.85754395,"min":237.842529297,"var":593503.3125},"spectral_complexity":{"dmean":4.65445423126,"dmean2":6.19592189789,"dvar":31.6755523682,"dvar2":49.6421546936,"max":66,"mean":18.3096008301,"median":16,"min":0,"var":124.338096619},"spectral_contrast_coeffs":{"dmean":[0.0541827082634,0.0476973392069,0.0351107604802,0.0308491401374,0.0212642420083,0.0168312769383],"dmean2":[0.0895612090826,0.0782835558057,0.0566837526858,0.0477534756064,0.0336802452803,0.026387674734],"dvar":[0.00185163179412,0.00156427035108,0.00082238385221,0.000654158822726,0.000329320173478,0.000269333948381],"dvar2":[0.0051136543043,0.00414658617228,0.00206590793096,0.0014732091222,0.000797979999334,0.000586860289332],"max":[-0.404889881611,-0.502976775169,-0.491754710674,-0.506081938744,-0.618518531322,-0.582093894482],"mean":[-0.643679797649,-0.745380580425,-0.785822689533,-0.78216022253,-0.794455528259,-0.771022558212],"median":[-0.640462040901,-0.745550394058,-0.791225254536,-0.790876328945,-0.795381546021,-0.773794174194],"min":[-0.958274304867,-0.968772113323,-0.976176917553,-0.955719590187,-0.969069123268,-0.962015092373],"var":[0.00541154760867,0.00438057770953,0.00333528337069,0.00383219309151,0.00166501267813,0.00180587812793]},"spectral_contrast_valleys":{"dmean":[0.485972642899,0.395541578531,0.354250997305,0.325559020042,0.30711761117,0.34971678257],"dmean2":[0.759595811367,0.612405955791,0.529135227203,0.4685998559,0.393919020891,0.407897442579],"dvar":[0.211000666022,0.165275648236,0.13160148263,0.1161743626,0.113237611949,0.136650040746],"dvar2":[0.421199381351,0.319368839264,0.241074383259,0.199740380049,0.180854901671,0.215970918536],"max":[-5.25388622284,-4.55069494247,-5.15415477753,-5.72211647034,-5.38352489471,-7.4120593071],"mean":[-7.29622888565,-6.79225158691,-7.63984441757,-8.0765171051,-7.62896633148,-9.41891670227],"median":[-7.151679039,-6.62298774719,-7.46003341675,-7.88581752777,-7.41400814056,-9.21125984192],"min":[-26.8971271515,-27.3363876343,-26.9035644531,-27.474521637,-26.9151630402,-27.1699848175],"var":[2.72787594795,2.54833102226,2.40308094025,2.37931919098,2.47586941719,2.25064730644]},"spectral_decrease":{"dmean":2.63054800165e-9,"dmean2":3.90737353584e-9,"dvar":1.62373486293e-17,"dvar2":3.66514961308e-17,"max":1.58880246318e-15,"mean":-5.44130296376e-9,"median":-3.69272434853e-9,"min":-3.28015126172e-8,"var":2.63936872571e-17},"spectral_energy":{"dmean":0.0107192080468,"dmean2":0.0155030013993,"dvar":0.000257218023762,"dvar2":0.00055909936782,"max":0.130444020033,"mean":0.0230357740074,"median":0.0157139822841,"min":1.06878884115e-20,"var":0.000455006986158},"spectral_energyband_high":{"dmean":0.00129254418425,"dmean2":0.00164519250393,"dvar":0.00000606358116784,"dvar2":0.0000125793803818,"max":0.0599299706519,"mean":0.0023020459339,"median":0.00110759714153,"min":7.75643786879e-21,"var":0.0000110245018732},"spectral_energyband_low":{"dmean":0.00561324320734,"dmean2":0.00909522455186,"dvar":0.0000988734973362,"dvar2":0.000238407883444,"max":0.0903094857931,"mean":0.00745389331132,"median":0.0029336377047,"min":1.08425788601e-22,"var":0.000115222537715},"spectral_energyband_middle_high":{"dmean":0.00149931793567,"dmean2":0.00198101205751,"dvar":0.00000546478986507,"dvar2":0.0000101117739177,"max":0.0717836990952,"mean":0.00368627603166,"median":0.00198756624013,"min":1.53122430396e-21,"var":0.000021461471988},"spectral_energyband_middle_low":{"dmean":0.0054662944749,"dmean2":0.00859197601676,"dvar":0.0000681495002937,"dvar2":0.000160417330335,"max":0.0726049616933,"mean":0.0107400435954,"median":0.00726461689919,"min":3.33160724196e-22,"var":0.000112669331429},"spectral_entropy":{"dmean":0.149967432022,"dmean2":0.223166227341,"dvar":0.023325541988,"dvar2":0.0533537343144,"max":9.80806159973,"mean":7.97514486313,"median":7.99788045883,"min":6.1319861412,"var":0.128489106894},"spectral_flux":{"dmean":0.0284626130015,"dmean2":0.0420771837234,"dvar":0.00141620298382,"dvar2":0.00286203739233,"max":0.302279114723,"mean":0.0855779498816,"median":0.0690608173609,"min":1.03382247207e-10,"var":0.00306640076451},"spectral_kurtosis":{"dmean":0.595363736153,"dmean2":0.926993072033,"dvar":0.487426489592,"dvar2":1.16914057732,"max":18.1405334473,"mean":1.71237051487,"median":1.46387386322,"min":-1.20232844353,"var":2.05514144897},"spectral_rms":{"dmean":0.00101098034065,"dmean2":0.00140969932545,"dvar":0.00000173954708771,"dvar2":0.00000352538154402,"max":0.0112810665742,"mean":0.00425800867379,"median":0.0039154458791,"min":3.22911879527e-12,"var":0.00000434334833699},"spectral_rolloff":{"dmean":1017.81036377,"dmean2":1682.51635742,"dvar":1827400.875,"dvar2":4313275.5,"max":21425.5371094,"mean":2613.55151367,"median":1571.92382812,"min":64.599609375,"var":10208149},"spectral_skewness":{"dmean":0.14494562149,"dmean2":0.217800304294,"dvar":0.0239318758249,"dvar2":0.0500793904066,"max":3.67696881294,"mean":1.14421188831,"median":1.11843895912,"min":-0.207722067833,"var":0.114867180586},"spectral_spread":{"dmean":652058.1875,"dmean2":950266.625,"dvar":552388329472,"dvar2":1141272477700,"max":40642900,"mean":7054222,"median":6660896,"min":2775634.25,"var":12312821891100},"spectral_strongpeak":{"dmean":0.437319159508,"dmean2":0.748994767666,"dvar":0.853884935379,"dvar2":2.02672052383,"max":21.266494751,"mean":0.660264015198,"median":0.308184862137,"min":0,"var":1.22417938709},"zerocrossingrate":{"dmean":0.0155930444598,"dmean2":0.01855266653,"dvar":0.000282195891486,"dvar2":0.000347129040165,"max":0.83251953125,"mean":0.110565774143,"median":0.09423828125,"min":0.0126953125,"var":0.00977794453502}},"metadata":{"audio_properties":{"analysis_sample_rate":44100,"bit_rate":0,"codec":"flac","downmix":"mix","equal_loudness":0,"length":157.173339844,"lossless":true,"md5_encoded":"97089a804dc3b4a499a8a4bb5be3761a","replay_gain":-12.597486496,"sample_rate":44100},"tags":{"acoustid_id":["d7341b78-1a59-4ca1-a2d3-6bb54f70d0a4"],"album":["The Kinks Are the Village Green Preservation Society"],"albumartist":["The Kinks"],"albumartistsort":["Kinks, The"],"artist":["The Kinks"],"artistsort":["Kinks, The"],"date":["1968"],"discnumber":["1"],"discsubtitle":["Stereo"],"file_name":"1-03 - Picture Book.flac","musicbrainz_albumartistid":["17b53d9f-5c63-4a09-a593-dde4608e0db9"],"musicbrainz_albumid":["d2c38e10-f528-4819-bd8d-8c41ba9229eb"],"musicbrainz_artistid":["17b53d9f-5c63-4a09-a593-dde4608e0db9"],"musicbrainz_recordingid":["10f5c42e-05bf-450d-8a0f-3f8e69fda472"],"title":["Picture Book"],"totaltracks":["19"],"tracknumber":["3"],"tracktotal":["19"]},"version":{"essentia":"2.1-beta1","essentia_build_sha":"ca57ba49d9b1854bd80e60cf9ccf267278fb7d6b","essentia_git_sha":"v2.1_beta1-28-g21ef5f4-dirty","extractor":"music 1.0"}},"rhythm":{"beats_count":316,"beats_loudness":{"dmean":0.0216743908823,"dmean2":0.0412668548524,"dvar":0.000272326462436,"dvar2":0.000910383765586,"max":0.10241292417,"mean":0.0479239560664,"median":0.0487709417939,"min":1.3276129085e-9,"var":0.000366289896192},"beats_loudness_band_ratio":{"dmean":[0.235061407089,0.145359769464,0.0919213965535,0.0742656737566,0.0369253829122,0.0842683017254],"dmean2":[0.441669285297,0.272477835417,0.167565539479,0.137586891651,0.0648988485336,0.155256435275],"dvar":[0.0267762690783,0.0109810428694,0.0050242501311,0.012993928045,0.00188203388825,0.00677532143891],"dvar2":[0.0871520861983,0.0349797680974,0.0165087208152,0.0394177362323,0.00496018817648,0.0195347815752],"max":[0.870193243027,0.568524181843,0.40842589736,0.85910397768,0.376368254423,0.997269153595],"mean":[0.391745150089,0.237128347158,0.13354