{"lowlevel":{"average_loudness":0.969659149647,"barkbands":{"dmean":[0.00955668557435,0.0232603792101,0.0111432829872,0.00326942349784,0.00347112654708,0.00141427002382,0.000874740420841,0.000449965213193,0.000458962254925,0.000631388858892,0.00036950680078,0.000819393142592,0.000565353955608,0.000285723333945,0.000258598360233,0.000203575822525,0.000125516686239,0.0000916882781894,0.0000865949914441,0.0000663101527607,0.0000690893502906,0.0000782984789112,0.0000333171992679,0.00000978692969511,0.00000431295848102,0.000010166494576,0.000212535262108],"dmean2":[0.0159279573709,0.0402739048004,0.0186938066036,0.00568450847641,0.00591631233692,0.00232850760221,0.00146319856867,0.000759982969612,0.000768882455304,0.00104199093767,0.000615851196926,0.00138621719088,0.000957363692578,0.000480684597278,0.000434924440924,0.000337042787578,0.00020574881637,0.00014526709856,0.000132916859002,0.000103278071037,0.0000989703330561,0.000110320215754,0.0000469373080705,0.0000140825441122,0.00000702811530573,0.0000142615235745,0.000348491652403],"dvar":[0.000285213638563,0.00124375429004,0.00060370907886,0.0000302145817841,0.0000197296867555,0.00000290424850391,0.00000181437621904,4.55720368109e-7,4.43595979505e-7,0.00000133037224259,2.90589014185e-7,0.00000139420922096,8.30919134387e-7,1.3188093817e-7,1.44251316669e-7,1.67274961882e-7,3.82811720101e-8,1.34417952324e-8,2.01368308694e-8,1.21535004283e-8,9.89307835653e-9,3.46478934432e-8,5.14254239192e-9,3.34279215419e-10,4.59193585933e-11,2.84576556764e-10,5.99746741159e-8],"dvar2":[0.00071276165545,0.00343971815892,0.00150659610517,0.0000847685660119,0.000053476607718,0.00000745519719203,0.00000438434017269,0.00000115794841804,0.00000105135120521,0.00000333346838488,7.4565690511e-7,0.00000364850984624,0.00000225445091928,3.26202552969e-7,3.85543103221e-7,4.58200844378e-7,9.54479943971e-8,3.13816279629e-8,4.42597993811e-8,2.88755863664e-8,2.01476844097e-8,7.00260898157e-8,1.01481321124e-8,6.69601207814e-10,1.10250801544e-10,5.44488565346e-10,1.53000300429e-7],"max":[0.196403846145,0.307799041271,0.223157525063,0.0651111528277,0.0587740838528,0.023388247937,0.0420341789722,0.0137448972091,0.0137919504195,0.0258714016527,0.00819627381861,0.0216794312,0.0173276104033,0.00828232336789,0.00662938784808,0.0119827250019,0.00505832908675,0.00182222307194,0.00426410837099,0.00421702163294,0.00129023659974,0.00423513306305,0.00121273542754,0.00033865091973,0.000119612690469,0.00028269548784,0.00511069269851],"mean":[0.0100098969415,0.0264438930899,0.0109503148124,0.0038936836645,0.00543215079233,0.00239759660326,0.00136081234086,0.000679690332618,0.000768599915318,0.000990346306935,0.000635122065432,0.0014583747834,0.00104450352956,0.000533885788172,0.000488302495796,0.000402547797421,0.000256600207649,0.000193005791516,0.000165176548762,0.000131960900035,0.000141970696859,0.000133237059345,0.0000562626009923,0.0000148570607053,0.00000481644383399,0.0000173373628058,0.000745633093175],"median":[0.0034365253523,0.0155643699691,0.0037469859235,0.00206746580079,0.00386538123712,0.00178481184412,0.000912294839509,0.000429289735621,0.000514868006576,0.000525676179677,0.000403984944569,0.00106572918594,0.000690867658705,0.000414598791394,0.000371416914277,0.000265260867309,0.00017540747649,0.000141994270962,0.000102117279312,0.0000905934721231,0.0000957612428465,0.0000450463485322,0.0000209466015804,0.00000515360625286,0.00000234891263062,0.00000897416612133,0.000643296982162],"min":[2.35039972723e-25,1.83281339478e-24,1.38980685978e-24,1.29283366781e-24,1.14849943647e-23,6.16062383325e-24,5.99748187602e-24,5.01849484302e-24,1.76173576504e-23,1.22884941617e-23,2.06288609774e-23,2.44103398795e-23,2.5003337666e-23,3.41495708614e-23,2.33275746445e-23,6.91605273442e-23,6.9043788552e-23,8.02059684125e-23,1.05805729099e-22,1.88276472994e-22,2.77306721534e-22,3.4110105728e-22,3.99040076113e-22,5.70777543804e-22,8.68639405686e-22,1.2665701288e-21,1.88639245512e-21],"var":[0.00031235901406,0.00111893762369,0.000557826540899,0.0000335109252774,0.0000295418158203,0.0000050123408073,0.00000323148901771,7.89695263848e-7,8.21055380129e-7,0.00000246985791819,6.16314537183e-7,0.00000238497750615,0.00000158948591888,2.48327353347e-7,2.32692855207e-7,2.87239686259e-7,8.90990889957e-8,3.20574251589e-8,3.96194046459e-8,2.18456488454e-8,2.36855139946e-8,6.49976712452e-8,1.02726938067e-8,6.83421319536e-10,5.30471014337e-11,6.32987495752e-10,2.65601215688e-7]},"barkbands_crest":{"dmean":3.70038294792,"dmean2":6.14790153503,"dvar":8.7394657135,"dvar2":23.5605239868,"max":24.1364383698,"mean":11.2388086319,"median":10.7095623016,"min":2.89760160446,"var":19.1957550049},"barkbands_flatness_db":{"dmean":0.0311451293528,"dmean2":0.0492970198393,"dvar":0.000734238419682,"dvar2":0.00180514296517,"max":0.479086786509,"mean":0.144197657704,"median":0.138096749783,"min":0.0323412418365,"var":0.0024144933559},"barkbands_kurtosis":{"dmean":8.6080198288,"dmean2":14.1367664337,"dvar":199.572113037,"dvar2":482.182067871,"max":299.301086426,"mean":13.500664711,"median":7.56762886047,"min":-1.94202971458,"var":466.019897461},"barkbands_skewness":{"dmean":0.927845954895,"dmean2":1.48790085316,"dvar":0.869883477688,"dvar2":2.21273255348,"max":14.877368927,"mean":2.82882809639,"median":2.57296991348,"min":-5.2324848175,"var":2.75532364845},"barkbands_spread":{"dmean":7.18792009354,"dmean2":11.2614049911,"dvar":40.4766769409,"dvar2":92.0375442505,"max":127.308982849,"mean":21.417011261,"median":20.6752471924,"min":0.3351316154,"var":123.249160767},"dissonance":{"dmean":0.0132751334459,"dmean2":0.0228014532477,"dvar":0.000160677547683,"dvar2":0.000442708842456,"max":0.500000059605,"mean":0.477795153856,"median":0.4812707901,"min":0.34828749299,"var":0.000256705388892},"dynamic_complexity":1.91918611526,"erbbands":{"dmean":[1.08932936192,4.09296226501,12.1884441376,10.6067323685,11.7573013306,12.1274757385,10.6519680023,13.2995948792,14.5414972305,8.72558498383,10.9227237701,9.67157173157,19.3253040314,13.9584407806,15.5753288269,35.1776809692,25.0719089508,13.8579750061,14.9770145416,12.0738754272,7.92600011826,6.14970016479,4.98594093323,4.4051861763,4.1559419632,3.27111172676,2.43904924393,3.08599066734,2.77590513229,2.15833353996,0.763286411762,0.298177957535,0.127107858658,0.0521144941449,0.0298511534929,0.0224458668381,0.0192490909249,0.0165265593678,0.00556562002748,0.00552977062762],"dmean2":[1.91534626484,6.97872591019,20.3416061401,18.0274658203,20.048494339,20.888463974,17.9483528137,22.0047721863,23.9588909149,14.6012039185,18.5070514679,16.2258529663,31.5957546234,23.4059772491,25.891160965,59.4342651367,42.184753418,23.3231220245,24.9152469635,20.0163612366,13.0889062881,10.0025663376,7.91266441345,6.77072095871,6.42694854736,5.09531164169,3.61010217667,4.432721138,3.98000621796,2.98005533218,1.04953539371,0.420875459909,0.18349146843,0.0829971954226,0.0488238222897,0.0340667627752,0.0269162226468,0.0227652359754,0.00794849079102,0.00887671858072],"dvar":[3.81994867325,28.776102066,634.866455078,384.283996582,291.511749268,240.63861084,185.2006073,299.799041748,596.137573242,186.260406494,278.705963135,172.732330322,1581.48291016,498.913024902,373.33895874,3126.36328125,1617.01525879,340.1121521,473.483459473,533.845458984,129.916168213,77.5574035645,37.4325866699,43.2105407715,58.9812774658,27.823299408,11.394698143,25.688337326,44.2443275452,24.3173217773,2.87359905243,0.362240463495,0.0464216470718,0.00623461697251,0.0022543577943,0.00102053652517,0.00108460139018,0.00110129651148,0.0000629528876743,0.000036115408875],"dvar2":[10.703499794,78.4855270386,1572.78662109,1006.71722412,803.688537598,670.503234863,504.295440674,761.23236084,1406.74438477,489.857788086,707.695861816,438.617034912,3794.23022461,1292.83129883,999.62286377,8121.42431641,4393.54394531,861.959716797,1249.97021484,1495.36474609,330.743011475,202.124969482,88.9411315918,92.3322677612,133.983230591,65.0036468506,25.2261543274,51.3200302124,93.4720687866,46.1776008606,5.69146871567,0.721573770046,0.0906832590699,0.0146453548223,0.00542654842138,0.00222220504656,0.00203995429911,0.00212993822061,0.000115236995043,0.0000900978920981],"max":[18.0331096649,43.5512046814,230.857559204,229.910934448,224.633682251,202.017059326,210.00189209,256.076812744,756.88104248,412.32421875,356.395446777,245.901184082,950.632995605,428.214477539,320.448944092,1108.41491699,881.324462891,350.63772583,512.659484863,657.785827637,233.245407104,167.704467773,118.862838745,125.909576416,306.004241943,197.198181152,58.7281913757,70.4752197266,152.593826294,89.6605453491,29.0774097443,11.2860860825,4.26738882065,1.34728825092,0.839893400669,0.462366342545,0.597450494766,0.871359884739,0.241239309311,0.11982434988],"mean":[1.09670805931,4.74754476547,12.585606575,13.1942453384,16.1591529846,17.2583999634,16.0182533264,21.684671402,22.6599826813,14.6196327209,16.9713745117,16.911031723,30.8098182678,25.7039756775,31.0183353424,63.0963172913,50.5377807617,29.3802490234,30.3688602448,24.5706501007,18.6453418732,13.9797554016,10.9314861298,8.80135536194,8.01160907745,6.49516868591,5.30070209503,5.75517511368,4.67507648468,3.74991750717,1.28323626518,0.475260287523,0.184258759022,0.0627545267344,0.032748427242,0.0311722382903,0.0333398915827,0.034609425813,0.0202728975564,0.0276235155761],"median":[0.502672076225,2.93067455292,5.00396251678,6.83791542053,9.89098358154,11.9057674408,11.9753665924,14.5619907379,14.2974319458,10.3944511414,10.5800409317,11.8234481812,15.3670196533,16.5812015533,23.0055961609,44.1987991333,34.2427215576,22.3062992096,23.9812431335,16.3679943085,13.2882061005,9.93250465393,8.3169336319,5.90456342697,5.11259746552,4.46499633789,3.72107410431,3.43125677109,1.83180165291,1.11170434952,0.458928227425,0.165647178888,0.0649927556515,0.0295019485056,0.0156587474048,0.0149045195431,0.0163344331086,0.0194572657347,0.0170151665807,0.0260020941496],"min":[8.97825567862e-23,3.47618941624e-22,1.64750679377e-21,7.38221215082e-21,5.89074734525e-21,2.07982932799e-20,4.57247638849e-20,4.16499655587e-20,4.77310258372e-20,2.23619205466e-19,2.21298937999e-19,4.28457016631e-19,3.63714856707e-19,5.38396919761e-19,6.26416640056e-19,1.46501234506e-18,1.59318635912e-18,1.42315462792e-18,2.72754369747e-18,2.40549540163e-18,3.84359687303e-18,4.90964036312e-18,5.90498183112e-18,6.18659174835e-18,7.03749135138e-18,9.44140559728e-18,8.70533313893e-18,1.04524039399e-17,1.15646326459e-17,1.31295624119e-17,1.22093049553e-17,9.97253165115e-18,9.17656304465e-18,8.45150366898e-18,6.54464762985e-18,4.40005491958e-18,2.33007162582e-18,9.56931749848e-19,2.47117183621e-19,2.67854410939e-20],"var":[3.126121521,29.1286487579,604.977661133,399.766113281,376.747528076,320.294311523,237.515136719,532.144592285,1081.9284668,275.847198486,507.483062744,319.612457275,2813.24829102,1010.12567139,814.883972168,5313.07763672,3188.2409668,734.234863281,801.115234375,929.78338623,391.579956055,199.022369385,94.5377807617,94.2898101807,100.852935791,53.002117157,29.1076946259,54.7931976318,76.562461853,51.2812728882,5.63886451721,0.74123352766,0.0979581996799,0.00814119260758,0.0025445043575,0.00182242307346,0.00248347525485,0.00238746590912,0.000310146366246,0.000216431086301]},"erbbands_crest":{"dmean":1.92917811871,"dmean2":3.25094103813,"dvar":3.41236782074,"dvar2":9.18317508698,"max":23.286819458,"mean":6.29879570007,"median":5.65130138397,"min":2.2124774456,"var":6.9113445282},"erbbands_flatness_db":{"dmean":0.0166741739959,"dmean2":0.0251046922058,"dvar":0.000213756022276,"dvar2":0.000483381532831,"max":0.268245369196,"mean":0.12416896224,"median":0.120232485235,"min":0.0285475030541,"var":0.000954655522946},"erbbands_kurtosis":{"dmean":0.550398945808,"dmean2":0.8845089674,"dvar":0.527345001698,"dvar2":1.24285984039,"max":24.919424057,"mean":-0.131401717663,"median":-0.400074183941,"min":-1.69151580334,"var":1.211622715},"erbbands_skewness":{"dmean":0.264616429806,"dmean2":0.42941519618,"dvar":0.0496842414141,"dvar2":0.127449855208,"max":4.5391201973,"mean":-0.0145364608616,"median":-0.0386821813881,"min":-2.39145922661,"var":0.18922509253},"erbbands_spread":{"dmean":7.43205165863,"dmean2":11.341802597,"dvar":47.7947883606,"dvar2":102.079307556,"max":191.450973511,"mean":38.0363426208,"median":36.8395996094,"min":7.01352739334,"var":199.882858276},"gfcc":{"cov":[[30429.2441406,2394.30981445,-2321.46142578,337.583465576,-207.348831177,-442.022003174,333.767486572,-907.011962891,79.7490921021,-317.885467529,-140.568161011,-18.4537620544,-295.358703613],[2394.30981445,889.696166992,-215.282836914,-186.172866821,209.877349854,-133.515686035,52.1821060181,-97.8540878296,22.8216896057,-61.3116455078,42.9570922852,-69.7654342651,65.4097290039],[-2321.46142578,-215.282836914,412.697875977,37.9676361084,-44.575592041,167.521591187,-92.6180877686,131.536254883,-23.6025390625,52.3062019348,6.54481649399,25.6246604919,16.6241130829],[337.583465576,-186.172866821,37.9676361084,302.810089111,-21.2556228638,-10.4533863068,47.427520752,-5.70794391632,-4.22397994995,8.28291988373,-31.1812477112,19.0134849548,-54.9302825928],[-207.348831177,209.877349854,-44.575592041,-21.2556228638,182.079910278,-68.9850387573,40.537147522,-0.107688702643,-1.58197009563,-6.43379688263,23.3069534302,-39.1415901184,47.646484375],[-442.022003174,-133.515686035,167.521591187,-10.4533863068,-68.9850387573,189.462112427,-42.9428367615,76.5692520142,1.02896094322,29.904882431,0.652735948563,31.7139186859,-7.73447370529],[333.767486572,52.1821060181,-92.6180877686,47.427520752,40.537147522,-42.9428367615,125.497451782,-42.5438537598,39.3211402893,-15.0864210129,7.17807626724,8.95464611053,-18.6386814117],[-907.011962891,-97.8540878296,131.536254883,-5.70794391632,-0.107688702643,76.5692520142,-42.5438537598,146.782348633,-24.8770713806,45.2351226807,13.4506702423,-13.6157016754,29.6111717224],[79.7490921021,22.8216896057,-23.6025390625,-4.22397994995,-1.58197009563,1.02896094322,39.3211402893,-24.8770713806,80.8969955444,8.30957317352,6.22584915161,28.78175354,-8.97502422333],[-317.885467529,-61.3116455078,52.3062019348,8.28291988373,-6.43379688263,29.904882431,-15.0864210129,45.2351226807,8.30957317352,55.834148407,28.9478225708,13.0129232407,16.5536422729],[-140.568161011,42.9570922852,6.54481649399,-31.1812477112,23.3069534302,0.652735948563,7.17807626724,13.4506702423,6.22584915161,28.9478225708,54.2255249023,16.8051376343,23.9622764587],[-18.4537620544,-69.7654342651,25.6246604919,19.0134849548,-39.1415901184,31.7139186859,8.95464611053,-13.6157016754,28.78175354,13.0129232407,16.8051376343,59.1595458984,1.22548496723],[-295.358703613,65.4097290039,16.6241130829,-54.9302825928,47.646484375,-7.73447370529,-18.6386814117,29.6111717224,-8.97502422333,16.5536422729,23.9622764587,1.22548496723,67.1197738647]],"icov":[[0.000202880197321,-0.00084515218623,0.00141004624311,-0.000810729630757,0.000743541284464,-0.000878922641277,0.000457108923001,0.000140896110679,0.00052528368542,-0.000694155402016,0.000577186699957,-0.000627903675195,0.000186173419934],[-0.00084515218623,0.00603985553607,-0.00539641780779,0.00354596786201,-0.0043276771903,0.00277562253177,-0.00132856471464,0.00102547742426,-0.00427122972906,0.00633225403726,-0.00624453509226,0.00666009401903,-0.00282097514719],[0.00141004624311,-0.00539641780779,0.0151376323774,-0.00682176742703,0.00378138455562,-0.0093959858641,0.00625414727256,-0.00120987836272,0.00325019098818,-0.00408716220409,0.00322957523167,-0.0055955494754,0.00102690898348],[-0.000810729630757,0.00354596786201,-0.00682176742703,0.00999970827252,-0.00556914834306,0.00633270619437,-0.00499982526526,-0.00148048915435,0.00259742047638,-0.00397477298975,0.0056869648397,-0.00512672634795,0.00618884852156],[0.000743541284464,-0.0043276771903,0.00378138455562,-0.00556914834306,0.0169495921582,-0.00234548118897,-0.00252636801451,0.00147444708273,-0.00131759699434,0.00150190701243,-0.00471447734162,0.0103455968201,-0.0107117090374],[-0.000878922641277,0.00277562253177,-0.0093959858641,0.00633270619437,-0.00234548118897,0.0163420550525,-0.00268984399736,-0.00623035151511,-0.000247623218456,-0.000279209343717,0.00289465021342,-0.00706234481186,0.0056183594279],[0.000457108923001,-0.00132856471464,0.00625414727256,-0.00499982526526,-0.00252636801451,-0.00268984399736,0.0170854572207,-0.000752669991925,-0.00590681657195,0.00557896448299,-0.00577096035704,-0.00231544580311,0.004162163008],[0.000140896110679,0.00102547742426,-0.00120987836272,-0.00148048915435,0.00147444708273,-0.00623035151511,-0.000752669991925,0.0178978350013,0.000439574272605,-0.00715773925185,-0.00248512160033,0.0130482492968,-0.0086878510192],[0.00052528368542,-0.00427122972906,0.00325019098818,0.00259742047638,-0.00131759699434,-0.000247623218456,-0.00590681657195,0.000439574272605,0.0259467549622,-0.0169522091746,0.0152789345011,-0.0202895961702,0.00943335611373],[-0.000694155402016,0.00633225403726,-0.00408716220409,-0.00397477298975,0.00150190701243,-0.000279209343717,0.00557896448299,-0.00715773925185,-0.0169522091746,0.0530393272638,-0.0344570763409,0.0155508229509,-0.0111877638847],[0.000577186699957,-0.00624453509226,0.00322957523167,0.0056869648397,-0.00471447734162,0.00289465021342,-0.00577096035704,-0.00248512160033,0.0152789345011,-0.0344570763409,0.0537560395896,-0.0300607439131,0.00755232246593],[-0.000627903675195,0.00666009401903,-0.0055955494754,-0.00512672634795,0.0103455968201,-0.00706234481186,-0.00231544580311,0.0130482492968,-0.0202895961702,0.0155508229509,-0.0300607439131,0.0580939315259,-0.0234977044165],[0.000186173419934,-0.00282097514719,0.00102690898348,0.00618884852156,-0.0107117090374,0.0056183594279,0.004162163008,-0.0086878510192,0.00943335611373,-0.0111877638847,0.00755232246593,-0.0234977044165,0.0382710471749]],"mean":[11.7215862274,102.952049255,-85.1966247559,7.33367538452,-9.9737739563,-5.96243524551,0.982837259769,-22.6986618042,-1.55936408043,-6.59368801117,-2.63357806206,-0.370529711246,-5.06748437881]},"hfc":{"dmean":50.6303901672,"dmean2":83.2818145752,"dvar":2143.53979492,"dvar2":5918.99169922,"max":678.382019043,"mean":225.249801636,"median":222.954742432,"min":1.06053852039e-16,"var":8596.74316406},"melbands":{"dmean":[0.00804267451167,0.00570906419307,0.00181829195935,0.000835294369608,0.000397849362344,0.000291075091809,0.000203939474886,0.0000897092249943,0.0000921448663576,0.000063472041802,0.0000993753565126,0.0000602291984251,0.0000508016819367,0.0000778880930739,0.0000952910413616,0.0000487735233037,0.0000275526253972,0.000026911337045,0.0000174530559889,0.0000167479611264,0.0000100749630292,0.00000758148735258,0.00000570744896322,0.00000431767966802,0.00000378667550649,0.00000345565990756,0.00000279166329165,0.00000219858725359,0.00000159914247888,0.00000171539920757,0.00000182156077244,0.00000161808918619,0.00000164322523233,0.00000108477809135,4.81871722968e-7,2.58507384387e-7,1.56154143838e-7,9.80917533866e-8,5.81534216337e-8,3.9632059412e-8],"dmean2":[0.0139232072979,0.00947960093617,0.00308031681925,0.0014165637549,0.000672892085277,0.000479262700537,0.000337516947184,0.000150320571265,0.000156447989866,0.000106220904854,0.000162368392921,0.000101466881461,0.0000846705224831,0.000131956374389,0.000162716576597,0.0000822048168629,0.0000467290810775,0.0000447886668553,0.0000294323999697,0.0000279670421151,0.000016782698367,0.0000125579617816,0.00000930449914449,0.00000687766214469,0.00000593236018176,0.00000538401718586,0.00000442227201347,0.00000350111531588,0.00000245642991104,0.00000252268705481,0.00000265589915216,0.00000238305392486,0.00000238379084294,0.00000152604093273,6.83181099248e-7,3.75548722786e-7,2.28549382086e-7,1.42330890185e-7,8.99654395425e-8,6.44791455784e-8],"dvar":[0.000182268835488,0.0000956412841333,0.000010737433513,0.00000117609943118,2.57420680327e-7,1.36752120738e-7,1.04743087093e-7,1.89745428258e-8,1.85476967118e-8,8.35886737605e-9,4.08251636941e-8,9.49188727617e-9,5.02022556859e-9,1.15354472641e-8,1.98655367711e-8,7.73392105913e-9,1.21788445995e-9,1.55605173191e-9,6.62658095063e-10,1.34531186191e-9,2.35033298379e-10,1.38374270375e-10,5.95371946188e-11,3.23974042038e-11,3.33525256024e-11,3.53449040869e-11,3.20346388305e-11,1.12457994306e-11,4.85858922539e-12,6.2076372688e-12,1.00630502195e-11,1.45365846096e-11,1.70082663231e-11,5.69150412563e-12,1.24482238753e-12,2.84887429402e-13,1.01123028408e-13,3.06746307229e-14,7.68624631986e-15,3.91182515525e-15],"dvar2":[0.000503949413542,0.000239020693698,0.0000276502141787,0.00000320086610373,7.19908314295e-7,3.43613123732e-7,2.48056068131e-7,4.9383928058e-8,4.74831551855e-8,2.02907859403e-8,9.85366312989e-8,2.4422000422e-8,1.30689468136e-8,3.02743146108e-8,5.24100087773e-8,2.14963158385e-8,3.0507332216e-9,4.09319778072e-9,1.78892423097e-9,3.70086561396e-9,5.95075044796e-10,3.58428370317e-10,1.45725972955e-10,7.66703783794e-11,7.45496095411e-11,7.94226420742e-11,7.9384193663e-11,2.64584257281e-11,1.14762964756e-11,1.29234600452e-11,2.07016591369e-11,3.20789471375e-11,3.58478906282e-11,1.12243625852e-11,2.597688991e-12,5.66680979485e-13,2.1388498069e-13,6.12956273195e-14,1.69395832132e-14,9.38121176336e-15],"max":[0.122765049338,0.0887207761407,0.035898860544,0.0148247089237,0.00980937853456,0.00534753827378,0.00983785279095,0.00402729818597,0.00251533091068,0.00200154702179,0.00481855962425,0.00222142133862,0.00113723985851,0.00208380608819,0.00246873381548,0.00217815930955,0.00068598461803,0.000977258663625,0.000568658288103,0.00107183062937,0.000326993584167,0.00026162393624,0.000167301928741,0.0000890298979357,0.000108227788587,0.000195484608412,0.000247913121711,0.000103145554021,0.0000375500421796,0.0000460568189737,0.0000419516654802,0.0000785055017332,0.0000950424655457,0.0000429520005127,0.0000200872054847,0.00000772580278863,0.00000601039528192,0.00000330777811541,0.00000129824377382,0.00000109394750325],"mean":[0.00897690560669,0.00648910785094,0.0024145541247,0.00124130921904,0.000605722365435,0.000489738769829,0.000326794717694,0.000147677332279,0.000139653435326,0.000106942148705,0.000155708403327,0.000104817896499,0.0000937910444918,0.000140933290822,0.000165965742781,0.0000862872475409,0.0000507575750817,0.0000510168865731,0.0000340329461324,0.0000304004570353,0.0000205846863537,0.0000152016536958,0.000011204952898,0.00000866236314323,0.00000691304921929,0.00000628858833807,0.00000510220615979,0.0000040362974687,0.00000324603252011,0.00000328316377818,0.00000319120954373,0.00000255763302448,0.00000265068024419,0.00000182401527127,7.73430599565e-7,4.12972326558e-7,2.34992896253e-7,1.39371792329e-7,7.52928670522e-8,4.37356497685e-8],"median":[0.00485318992287,0.00335085089318,0.00136756477877,0.00085783645045,0.00045296177268,0.000342064187862,0.000215404113987,0.000103453574411,0.0000869202631293,0.000072497074143,0.0000756887020543,0.0000663375976728,0.0000640307262074,0.000105537175841,0.000111905559606,0.0000536110092071,0.000038417201722,0.0000398346201109,0.0000252382378676,0.0000186312063306,0.0000142940643855,0.0000102330832306,0.00000823930895422,0.00000628567522654,0.00000440023995907,0.00000381850713893,0.00000330593047693,0.00000271089493253,0.0000021930704861,0.00000207659149964,0.00000175537979885,9.80073195933e-7,7.02945555986e-7,5.84258259551e-7,2.73158264008e-7,1.45699175391e-7,7.9270336073e-8,4.67520351322e-8,3.07692218371e-8,2.07125623319e-8],"min":[1.39346993539e-24,6.62585228413e-25,2.1368202717e-24,6.7932224372e-25,1.53393421235e-24,1.16359350103e-24,8.80614599006e-25,2.31523220947e-24,1.91394576673e-24,2.83320597123e-24,1.67726126554e-24,1.62183106657e-24,2.55077305956e-24,3.24308172872e-24,2.40625946097e-24,2.55954184017e-24,2.6636913984e-24,3.61337934852e-24,1.83875193968e-24,3.89411088443e-24,3.92858805029e-24,3.76620971042e-24,4.07189922765e-24,3.85908309365e-24,3.91711919602e-24,3.74230525284e-24,4.96694159958e-24,5.07988991512e-24,5.39158029726e-24,5.55446232482e-24,4.69607792473e-24,3.91660446428e-24,5.87939413168e-24,6.29778268441e-24,6.56187556611e-24,6.07967250488e-24,5.75253504293e-24,5.64133720973e-24,5.62496637379e-24,6.1476683706e-24],"var":[0.000160023279022,0.0000958009404712,0.0000114569693324,0.00000171513761416,3.37093183589e-7,2.49256174811e-7,1.93718761921e-7,2.89122965569e-8,3.39264403237e-8,1.54404151687e-8,7.31210150207e-8,1.88026447745e-8,1.05666595474e-8,2.02431404972e-8,3.55257085971e-8,1.27752386447e-8,2.31398300521e-9,2.53106002823e-9,1.17372855879e-9,2.03982075675e-9,5.60464896715e-10,2.99475472199e-10,1.20933457692e-10,7.04115377115e-11,6.51633955129e-11,6.36056207703e-11,4.37832409217e-11,2.11251936083e-11,1.17066833658e-11,1.38471517239e-11,1.97768277449e-11,2.34048544434e-11,3.00291631838e-11,1.15701831796e-11,2.18726837857e-12,5.75179606634e-13,1.86823131835e-13,6.19338225995e-14,1.27693808218e-14,4.51290091045e-15]},"melbands_crest":{"dmean":5.58798265457,"dmean2":9.2158203125,"dvar":21.2031173706,"dvar2":55.0752372742,"max":37.9792327881,"mean":18.127948761,"median":17.4308700562,"min":1.56032454967,"var":47.5011177063},"melbands_flatness_db":{"dmean":0.0382783152163,"dmean2":0.0602849014103,"dvar":0.00102579768281,"dvar2":0.0025174098555,"max":0.63192230463,"mean":0.257620841265,"median":0.256401628256,"min":0.0028435497079,"var":0.00468843430281},"melbands_kurtosis":{"dmean":14.8438844681,"dmean2":24.4274311066,"dvar":535.354919434,"dvar2":1328.57983398,"max":741.528198242,"mean":22.4472923279,"median":13.5741062164,"min":-1.83700573444,"var":1292.85559082},"melbands_skewness":{"dmean":1.21795511246,"dmean2":1.9481664896,"dvar":1.49120271206,"dvar2":3.82040429115,"max":21.4709072113,"mean":3.60352683067,"median":3.33132648468,"min":-1.67928934097,"var":3.85556983948},"melbands_spread":{"dmean":5.50360250473,"dmean2":8.6776676178,"dvar":32.4435920715,"dvar2":69.4847946167,"max":295.50289917,"mean":15.6300001144,"median":11.9235076904,"min":0.288863867521,"var":381.042633057},"mfcc":{"cov":[[9671.32910156,1387.6171875,-494.609771729,609.261230469,-310.67288208,451.20211792,-111.859306335,138.508972168,-135.430496216,6.88115787506,-14.8687915802,-4.42543745041,-42.5820388794],[1387.6171875,1360.78796387,-278.701629639,0.685606718063,109.183258057,17.8828029633,62.1270446777,-50.2410125732,34.8278388977,-33.500579834,-23.4759883881,19.0914649963,30.3691616058],[-494.609771729,-278.701629639,408.811157227,-112.420066833,57.5230865479,23.753900528,-8.48013973236,43.6847190857,1.72904765606,4.17067670822,43.6370506287,4.95914363861,-8.87294769287],[609.261230469,0.685606718063,-112.420066833,336.884033203,-30.6761264801,45.3002624512,16.5392932892,7.11836147308,-9.65972614288,24.8873271942,-21.5489444733,-3.87251830101,2.47766661644],[-310.67288208,109.183258057,57.5230865479,-30.6761264801,138.059738159,-36.0186233521,48.4085464478,-26.9907569885,35.280620575,-4.0977973938,2.47518396378,3.77218866348,13.3603172302],[451.20211792,17.8828029633,23.753900528,45.3002624512,-36.0186233521,124.993530273,-31.7908592224,50.3262710571,-19.4521141052,7.98279237747,6.75688457489,5.59261131287,-0.419719815254],[-111.859306335,62.1270446777,-8.48013973236,16.5392932892,48.4085464478,-31.7908592224,103.792808533,-9.8383102417,19.696893692,7.64170694351,5.85487318039,1.32761740685,4.56519889832],[138.508972168,-50.2410125732,43.6847190857,7.11836147308,-26.9907569885,50.3262710571,-9.8383102417,70.2202301025,2.56793093681,14.3682031631,11.9515771866,2.17622804642,-4.53835391998],[-135.430496216,34.8278388977,1.72904765606,-9.65972614288,35.280620575,-19.4521141052,19.696893692,2.56793093681,54.5956535339,10.8759431839,3.88500022888,5.09960126877,4.69992542267],[6.88115787506,-33.500579834,4.17067670822,24.8873271942,-4.0977973938,7.98279237747,7.64170694351,14.3682031631,10.8759431839,39.1376266479,15.9300575256,3.67169189453,2.40149092674],[-14.8687915802,-23.4759883881,43.6370506287,-21.5489444733,2.47518396378,6.75688457489,5.85487318039,11.9515771866,3.88500022888,15.9300575256,43.8602638245,14.3461608887,1.89735937119],[-4.42543745041,19.0914649963,4.95914363861,-3.87251830101,3.77218866348,5.59261131287,1.32761740685,2.17622804642,5.09960126877,3.67169189453,14.3461608887,35.6368293762,16.3829040527],[-42.5820388794,30.3691616058,-8.87294769287,2.47766661644,13.3603172302,-0.419719815254,4.56519889832,-4.53835391998,4.69992542267,2.40149092674,1.89735937119,16.3829040527,40.7391204834]],"icov":[[0.000186988254427,-0.000231380574405,1.42697345495e-7,-0.00027722257073,0.000356754724635,-0.000367085973267,0.0000663127284497,-0.0000737331720302,0.000149237414007,0.000108903477667,-0.000249397504376,0.000120306583995,0.000187996425666],[-0.000231380574405,0.00141974387225,0.00110206438694,0.000645228545181,-0.00173499016091,-0.000647938170005,-0.000426834652899,0.000304355518892,-0.000471321429359,0.000852516386658,-0.0000252118061326,-0.000482444302179,-0.000256061612163],[1.42697345495e-7,0.00110206438694,0.00476958183572,0.00113749958109,-0.00395297352225,-0.00110996013973,0.000603346561547,-0.00263267778791,0.00129749928601,0.00125380558893,-0.00322672701441,0.000153695902554,0.000937158591114],[-0.00027722257073,0.000645228545181,0.00113749958109,0.00452050799504,-0.000635579577647,-0.00163719174452,-0.00144893291872,0.00074822769966,0.000513209262863,-0.00342666148208,0.00301707279868,-0.000594838347752,-0.000119162054034],[0.000356754724635,-0.00173499016091,-0.00395297352225,-0.000635579577647,0.0155854839832,-0.000312751362799,-0.00428928993642,0.00579349463806,-0.0071247392334,0.00142354867421,0.000668978260364,0.00169826869387,-0.00312051130459],[-0.000367085973267,-0.000647938170005,-0.00110996013973,-0.00163719174452,-0.000312751362799,0.0158725921065,0.0034433756955,-0.00994948297739,0.00473701721057,-0.000768995087128,0.00017925161228,-0.00190486456268,-0.00101448898204],[0.0000663127284497,-0.000426834652899,0.000603346561547,-0.00144893291872,-0.00428928993642,0.0034433756955,0.0133616384119,-0.00215548533015,-0.000170248647919,-0.00142052862793,-0.00270576542243,0.000679869961459,0.000267740688287],[-0.0000737331720302,0.000304355518892,-0.00263267778791,0.00074822769966,0.00579349463806,-0.00994948297739,-0.00215548533015,0.026558117941,-0.00715565821156,-0.00448589306325,-0.000726635742467,0.001003289246,0.000995137263089],[0.000149237414007,-0.000471321429359,0.00129749928601,0.000513209262863,-0.0071247392334,0.00473701721057,-0.000170248647919,-0.00715565821156,0.0274637881666,-0.00816153828055,0.00215601269156,-0.00388025864959,0.00113871216308],[0.000108903477667,0.000852516386658,0.00125380558893,-0.00342666148208,0.00142354867421,-0.000768995087128,-0.00142052862793,-0.00448589306325,-0.00816153828055,0.0389808490872,-0.0156681798398,0.00422917352989,-0.00318280584179],[-0.000249397504376,-0.0000252118061326,-0.00322672701441,0.00301707279868,0.000668978260364,0.00017925161228,-0.00270576542243,-0.000726635742467,0.00215601269156,-0.0156681798398,0.0381243415177,-0.0149837080389,0.00380143197253],[0.000120306583995,-0.000482444302179,0.000153695902554,-0.000594838347752,0.00169826869387,-0.00190486456268,0.000679869961459,0.001003289246,-0.00388025864959,0.00422917352989,-0.0149837080389,0.041728168726,-0.0158703979105],[0.000187996425666,-0.000256061612163,0.000937158591114,-0.000119162054034,-0.00312051130459,-0.00101448898204,0.000267740688287,0.000995137263089,0.00113871216308,-0.00318280584179,0.00380143197253,-0.0158703979105,0.0325003005564]],"mean":[-639.698059082,160.21421814,-11.4429121017,31.8411502838,3.1666893959,29.1725406647,3.10314941406,7.98741054535,-0.890533566475,0.648010373116,1.03976237774,3.7764005661,2.87928581238]},"pitch_salience":{"dmean":0.108199082315,"dmean2":0.180464535952,"dvar":0.00887677352875,"dvar2":0.0240815710276,"max":0.942386448383,"mean":0.543455958366,"median":0.565294861794,"min":0.11728348583,"var":0.0174389667809},"silence_rate_20dB":{"dmean":0,"dmean2":0,"dvar":0,"dvar2":0,"max":1,"mean":1,"median":1,"min":1,"var":0},"silence_rate_30dB":{"dmean":0.194765672088,"dmean2":0.389610379934,"dvar":0.156832009554,"dvar2":0.266223222017,"max":1,"mean":0.768965542316,"median":1,"min":0,"var":0.177657544613},"silence_rate_60dB":{"dmean":0.00040576182073,"dmean2":0.000811688310932,"dvar":0.000405597180361,"dvar2":0.000811029458418,"max":1,"mean":0.0342799201608,"median":0,"min":0,"var":0.0331048071384},"spectral_centroid":{"dmean":213.374984741,"dmean2":331.96081543,"dvar":70211.9609375,"dvar2":154848.5,"max":11693.9287109,"mean":1123.76977539,"median":912.66809082,"min":128.138381958,"var":1765836.625},"spectral_complexity":{"dmean":3.3775613308,"dmean2":5.17126607895,"dvar":9.19909858704,"dvar2":19.4666099548,"max":50,"mean":24.315618515,"median":24,"min":0,"var":65.9985580444},"spectral_contrast_coeffs":{"dmean":[0.058683808893,0.0501070283353,0.0336370579898,0.0275512710214,0.0190684031695,0.0393659621477],"dmean2":[0.0964821875095,0.0848126262426,0.057054143399,0.0464805737138,0.0318893752992,0.0604718700051],"dvar":[0.00217600842007,0.00152832979802,0.000705186277628,0.000467833568109,0.000249379139859,0.00126329367049],"dvar2":[0.00583374593407,0.00433215126395,0.00201249588281,0.00134365237318,0.000689383363351,0.00290388031863],"max":[-0.398487776518,-0.538919627666,-0.569583117962,-0.642370820045,-0.676619470119,-0.545213878155],"mean":[-0.688219487667,-0.773807346821,-0.820742964745,-0.807534515858,-0.823550701141,-0.725109219551],"median":[-0.690128684044,-0.774528324604,-0.822633981705,-0.806662559509,-0.820118010044,-0.713205099106],"min":[-0.978250026703,-0.978246331215,-0.983496844769,-0.988796114922,-0.975548624992,-0.965667724609],"var":[0.00693504279479,0.00372898532078,0.00212848302908,0.00192691816483,0.00130058440845,0.00598651031032]},"spectral_contrast_valleys":{"dmean":[0.398513376713,0.346243321896,0.274748831987,0.226569652557,0.2653850317,0.536899387836],"dmean2":[0.658347129822,0.582482099533,0.459657251835,0.369194686413,0.396455436945,0.832982718945],"dvar":[0.113676324487,0.100343279541,0.0798922479153,0.0699770450592,0.114296399057,0.248212143779],"dvar2":[0.265773355961,0.219109073281,0.149382144213,0.116260059178,0.199024662375,0.57346445322],"max":[-4.77725219727,-4.85104179382,-5.31502342224,-5.73839950562,-6.13157224655,-8.65118789673],"mean":[-6.54811906815,-6.57247066498,-6.90658664703,-7.26948451996,-7.73039197922,-10.9885940552],"median":[-6.09791183472,-6.12086772919,-6.46636486053,-6.81432056427,-7.22198390961,-10.6503238678],"min":[-28.0339279175,-27.9767875671,-27.8258056641,-27.9512176514,-27.4142208099,-27.4061756134],"var":[7.95463132858,7.87366628647,7.61749887466,7.36311578751,7.12775182724,5.08220815659]},"spectral_decrease":{"dmean":1.05355777436e-8,"dmean2":1.73911640644e-8,"dvar":1.94635108443e-16,"dvar2":5.02158030005e-16,"max":2.90442403461e-9,"mean":-1.53093822064e-8,"median":-1.05815098905e-8,"min":-1.23986680478e-7,"var":2.19581075772e-16},"spectral_energy":{"dmean":0.0393605455756,"dmean2":0.0652458071709,"dvar":0.00274408143014,"dvar2":0.00709441583604,"max":0.482663601637,"mean":0.0782119855285,"median":0.0622079521418,"min":9.91728646816e-21,"var":0.00318853487261},"spectral_energyband_high":{"dmean":0.000257720850641,"dmean2":0.000351582741132,"dvar":1.47896287217e-7,"dvar2":2.71017199793e-7,"max":0.0073622064665,"mean":0.000740645220503,"median":0.000587486545555,"min":6.80591767988e-21,"var":4.24847627301e-7},"spectral_energyband_low":{"dmean":0.0369103774428,"dmean2":0.0619579143822,"dvar":0.0025751220528,"dvar2":0.00676673138514,"max":0.422434896231,"mean":0.0467733629048,"median":0.0287889800966,"min":1.34193097033e-23,"var":0.00262713758275},"spectral_energyband_middle_high":{"dmean":0.00163943390362,"dmean2":0.00261606951244,"dvar":0.00000379081598112,"dvar2":0.00000936221931624,"max":0.0336625613272,"mean":0.00606561684981,"median":0.00492907594889,"min":1.0874572534e-21,"var":0.0000188571884792},"spectral_energyband_middle_low":{"dmean":0.00666129309684,"dmean2":0.0112706888467,"dvar":0.0000820052591735,"dvar2":0.000228638891713,"max":0.113104104996,"mean":0.0149151561782,"median":0.0125013701618,"min":1.36324012286e-22,"var":0.000117306160973},"spectral_entropy":{"dmean":0.148006886244,"dmean2":0.221635907888,"dvar":0.0193359944969,"dvar2":0.0393507517874,"max":9.82267856598,"mean":7.6374745369,"median":7.63467884064,"min":5.9049487114,"var":0.159975633025},"spectral_flux":{"dmean":0.050635766238,"dmean2":0.083614602685,"dvar":0.00329732825048,"dvar2":0.00740184774622,"max":0.601911783218,"mean":0.164263978601,"median":0.146625608206,"min":6.30624580333e-11,"var":0.0063524087891},"spectral_kurtosis":{"dmean":4.15801000595,"dmean2":6.07415533066,"dvar":31.920124054,"dvar2":73.3267974854,"max":102.355445862,"mean":16.0055294037,"median":13.9695100784,"min":-1.26716887951,"var":109.308364868},"spectral_rms":{"dmean":0.00192883296404,"dmean2":0.00311131658964,"dvar":0.00000453431357528,"dvar2":0.0000113305122795,"max":0.0217000301927,"mean":0.00820012483746,"median":0.00779042253271,"min":3.11053071321e-12,"var":0.00000906233344722},"spectral_rolloff":{"dmean":6345.05615234,"dmean2":12153.9677734,"dvar":75218880,"dvar2":159501472,"max":22028.4667969,"mean":11494.8564453,"median":18540.0878906,"min":43.06640625,"var":99724624},"spectral_skewness":{"dmean":0.362030893564,"dmean2":0.503508150578,"dvar":0.170254543424,"dvar2":0.349220484495,"max":7.69174432755,"mean":2.60838365555,"median":2.47781419754,"min":-0.0809840485454,"var":0.881103336811},"spectral_spread":{"dmean":465187.1875,"dmean2":696059.5,"dvar":556138496000,"dvar2":978727010304,"max":42050012,"mean":4764844,"median":4026452,"min":1487065.75,"var":22223947563000},"spectral_strongpeak":{"dmean":1.96016490459,"dmean2":3.76003742218,"dvar":107.618293762,"dvar2":301.262878418,"max":122.239486694,"mean":1.34429526329,"median":0.290191411972,"min":0,"var":64.734375},"zerocrossingrate":{"dmean":0.0463395640254,"dmean2":0.0590474531054,"dvar":0.00131667894311,"dvar2":0.00224803038873,"max":0.59814453125,"mean":0.251475930214,"median":0.2490234375,"min":0.0166015625,"var":0.00740327872336}},"metadata":{"audio_properties":{"analysis_sample_rate":44100,"bit_rate":320000,"codec":"mp3","downmix":"mix","equal_loudness":0,"length":114.442451477,"lossless":false,"md5_encoded":"7f3a0e38f32c8dd2bff4bb9edd8f7bd1","replay_gain":1.79128456116,"sample_rate":44100},"tags":{"acoustid_id":["56f49b0c-0e26-4888-a0fe-98868ef63c26"],"album":["Whales and Leeches"],"albumartist":["Red Fang"],"artist":["Red Fang"],"date":["2013"],"discnumber":["1/1"],"file_name":"12 - Red Fang - Murder the Mountains.mp3","musicbrainz_albumartistid":["fb2cc158-0ad2-4dc5-a6b6-b2a1a8e2fe65"],"musicbrainz_albumid":["104a8fd3-b0e5-4e9c-a058-46469fdf916d"],"musicbrainz_artistid":["fb2cc158-0ad2-4dc5-a6b6-b2a1a8e2fe65"],"musicbrainz_recordingid":["11027b66-e22b-4e7c-8ded-52efa539d64e"],"musicbrainz_releasegroupid":["0ed74031-0c45-4725-bb3f-684a2577ba82"],"replaygain_album_gain":["+0.68 dB"],"replaygain_album_peak":["0.307207"],"replaygain_track_gain":["+0.48 dB"],"replaygain_track_peak":["0.303196"],"title":["Murder the Mountains"],"tracknumber":["12/13"]},"version":{"essentia":"2.1-beta1","essentia_build_sha":"e76a03f03bb3900de42a1fa0d9be1e72f12def64","essentia_git_sha":"v2.1_beta1-28-g21ef5f4-dirty","extractor":"music 1.0"}},"rhythm":{"beats_count":184,"beats_loudness":{"dmean":0.0445138812065,"dmean2":0.0768363848329,"dvar":0.0013562241802,"dvar2":0.00391627848148,"max":0.23969873786,"mean":0.0935185700655,"median":0.0877912938595,"min":0,"var":0.00239301868714},"beats_loudness_band_ratio":{"dmean":[0.160832434893,0.0664987415075,0.0277686826885,0.031941678375,0.0147845549509,0.0675500258803],"dmean2":[0.277469843626,0.114286981523,0.0490369908512,0.0559299550951,0.0256548039615,0.119486086071],"dvar":[0.0153837371618,0.00366581603885,0.00076177919982,0.00098276801873,0.000208791403566,0.00388133339584],"dvar2":[0.0421778224409,0.0111834285781,0.00227214675397,0.00262915110216,0.000656046031509,0.0121151283383],"max":[0.916152656078,0.443026572466,0.207350313663,0.222553625703,0.098940692842,0.445710986853],"mean":[0.657290637493,0.101390302181,0.04360419