{"lowlevel":{"average_loudness":0.775375843048,"barkbands":{"dmean":[0.000215430467506,0.0040204692632,0.00133622181602,0.000592115917243,0.000747737649363,0.000580459600314,0.00043627404375,0.000642418512143,0.000735475681722,0.000465193355922,0.000806460855529,0.000522157584783,0.000361428799806,0.000400547753088,0.000368795968825,0.000280150561593,0.000202685056138,0.000187770318007,0.000188090838492,0.000211668477277,0.00015290810552,0.000146642356412,0.0000948802189669,0.000082950500655,0.0000273312980426,0.000010664040019,7.46445380173e-7],"dmean2":[0.000356124481186,0.0068341884762,0.002265203977,0.000991743989289,0.00125022674911,0.000943985884078,0.0006573748542,0.000988264451735,0.00105383223854,0.000710556050763,0.00120280694682,0.000810574681964,0.000581876607612,0.000633507210296,0.000608935311902,0.000469631573651,0.000336553610396,0.000318048027111,0.00030949889333,0.000352850736817,0.000258750951616,0.000254346581642,0.000161476214998,0.000137072289363,0.0000433003442595,0.0000159397004609,0.00000124049086025],"dvar":[4.36606427456e-7,0.0000641505903332,0.0000061288346842,0.00000163221181992,0.0000016323537011,0.00000153374583078,6.5906982627e-7,0.00000187609896329,0.00000258869022218,9.55833797889e-7,0.00000383251926905,0.00000155058864948,6.65254674459e-7,6.84979454491e-7,5.98548126618e-7,4.36361261791e-7,1.32558881205e-7,1.20624747524e-7,1.37306344072e-7,2.72389229394e-7,1.35405286983e-7,1.21283704857e-7,4.87572329178e-8,7.82150948453e-8,4.86689311074e-9,6.19369611154e-10,3.80486874646e-12],"dvar2":[0.00000109488746602,0.000176868765266,0.0000168876686075,0.00000407411471315,0.00000430407317253,0.00000377495121029,0.00000132681225296,0.00000429963210991,0.00000488257865072,0.00000200254567062,0.0000089167524493,0.00000336314406013,0.00000143368015415,0.00000176402375018,0.00000159718479154,0.00000122956100768,3.33862743673e-7,3.21357106259e-7,3.32740711428e-7,7.20485843431e-7,3.66646020211e-7,3.64184700175e-7,1.36857451594e-7,1.9484419056e-7,1.15315197391e-8,1.33396216295e-9,9.80332568595e-12],"max":[0.016153620556,0.183529347181,0.0430230535567,0.0415902361274,0.0369686856866,0.056340161711,0.0268058627844,0.0396474450827,0.0397931225598,0.0304613336921,0.0506825447083,0.0307518448681,0.0503223016858,0.027675954625,0.0280045177788,0.0165901221335,0.00852909870446,0.00757038127631,0.0123910782859,0.0103798881173,0.00889240112156,0.00928273424506,0.00363889615983,0.00637292163447,0.00155208969954,0.000502876238897,0.0000400931894546],"mean":[0.000414300215198,0.00718868570402,0.00222645606846,0.000915433221962,0.00137445540167,0.00118767516688,0.000997635768726,0.00116677582264,0.00152291322593,0.000870003248565,0.0013762996532,0.00093792838743,0.000656226009596,0.00071129592834,0.000659653742332,0.000482958625071,0.000361698825145,0.000357078883098,0.000356498232577,0.000413069239585,0.000321519211866,0.000301573745674,0.000194074207684,0.000163505930686,0.0000692519752192,0.0000278101633739,0.00000102313958905],"median":[0.0000987281819107,0.00383916753344,0.0011327265529,0.000379046687158,0.000718561233953,0.000494519306812,0.00036883878056,0.000423435354605,0.000467230274808,0.000367946457118,0.000397087598685,0.000357978686225,0.000294403202133,0.000291544856736,0.000284788402496,0.000179029870196,0.000193293613847,0.000187084762729,0.000186125776963,0.000131394554046,0.00015352468472,0.000113309877634,0.0000771226186771,0.0000573630131839,0.0000319693717756,0.0000107679597932,1.0143538276e-7],"min":[5.42069222289e-25,4.13530116189e-24,3.54540813469e-25,9.94416757877e-25,8.34444680427e-24,5.03562811302e-24,4.77255246746e-24,5.47962585175e-24,1.16570394061e-23,1.46385415639e-23,1.38395122417e-23,1.93456335646e-23,2.28252832403e-23,1.74334110645e-23,5.22461157578e-23,5.63883328633e-23,6.16683051197e-23,1.0287030194e-22,1.23222622994e-22,1.58772330454e-22,2.33045919709e-22,2.87036443587e-22,3.07510299707e-22,6.35257292392e-22,7.84496245118e-22,1.33632764714e-21,1.95411625219e-21],"var":[8.0705461869e-7,0.000099393320852,0.0000100120596471,0.00000302971716337,0.00000419266189056,0.00000626991914032,0.000003905397989,0.00000541247118235,0.0000107146443042,0.00000268202256848,0.00000848887793836,0.00000400910903409,0.0000018673890736,0.0000017458532966,0.00000152953566612,8.81794164798e-7,2.66397506721e-7,2.62276756757e-7,2.95616160884e-7,6.35010508176e-7,2.57867668552e-7,2.43653090592e-7,9.09989026354e-8,1.11784395074e-7,1.07826014784e-8,1.78337000722e-9,6.24796395177e-12]},"barkbands_crest":{"dmean":2.53907752037,"dmean2":4.15459680557,"dvar":5.82168197632,"dvar2":15.8268728256,"max":26.8240413666,"mean":9.80031299591,"median":8.95902824402,"min":1.97310566902,"var":18.6493034363},"barkbands_flatness_db":{"dmean":0.0170008763671,"dmean2":0.0268537644297,"dvar":0.000288424052997,"dvar2":0.000695718743373,"max":0.468485623598,"mean":0.109013557434,"median":0.103315673769,"min":0.0213686805218,"var":0.0018733672332},"barkbands_kurtosis":{"dmean":1.71171009541,"dmean2":2.77562689781,"dvar":24.3062038422,"dvar2":58.8063621521,"max":361.058502197,"mean":2.55445218086,"median":0.527671337128,"min":-1.68980062008,"var":97.9295654297},"barkbands_skewness":{"dmean":0.384988605976,"dmean2":0.607567667961,"dvar":0.208739578724,"dvar2":0.506600320339,"max":18.9066352844,"mean":1.18054795265,"median":0.958952367306,"min":-2.15516924858,"var":1.43706834316},"barkbands_spread":{"dmean":4.97736740112,"dmean2":7.79560709,"dvar":26.7756938934,"dvar2":64.6704940796,"max":114.646224976,"mean":27.5446720123,"median":26.466594696,"min":1.56059706211,"var":141.655410767},"dissonance":{"dmean":0.0152159295976,"dmean2":0.0258418601006,"dvar":0.000223076014663,"dvar2":0.00060956372181,"max":0.5,"mean":0.470142006874,"median":0.475271821022,"min":0.337159991264,"var":0.000494176521897},"dynamic_complexity":3.04388642311,"erbbands":{"dmean":[0.131616935134,0.87227076292,1.45894157887,1.84854614735,2.16317677498,2.72352313995,3.12058067322,5.12332105637,5.35136890411,11.3447275162,12.9613456726,15.4474754333,18.051940918,15.1975975037,32.570022583,23.0225143433,16.0391025543,21.8909893036,14.9218702316,18.1982555389,13.5759220123,9.44735908508,8.97439289093,11.0551748276,8.82830905914,9.36890983582,7.01628684998,5.9178776741,5.06950330734,4.65724182129,2.47622084618,1.92255699635,1.22790503502,0.409683734179,0.174164041877,0.060288593173,0.0189442988485,0.0032128021121,0.0000661276862957,0.00000941231155593],"dmean2":[0.220935940742,1.50501132011,2.43761491776,3.09667134285,3.67742133141,4.4966878891,5.20907688141,8.39281654358,8.60627841949,17.1655464172,19.2218666077,22.4568634033,26.2109603882,23.445892334,48.9858474731,35.3659210205,25.5644493103,34.6355323792,24.5527496338,30.0581550598,22.5510025024,15.6440849304,14.9885215759,18.4854335785,14.6623058319,15.6745462418,11.8031702042,9.97136211395,8.74693012238,8.21817398071,4.15827894211,3.23013615608,2.01602649689,0.668019473553,0.276705473661,0.092612221837,0.028450768441,0.00486423587427,0.0000996652524918,0.0000145933208842],"dvar":[0.0786472037435,2.92081475258,6.76731348038,15.0864620209,13.9112224579,27.2030067444,55.1363105774,144.314849854,134.712341309,507.25390625,906.581604004,1149.81921387,1440.40844727,1321.19433594,7771.87597656,3090.87329102,1474.57666016,1908.7277832,1058.77600098,1648.56762695,763.215026855,336.647644043,283.142944336,576.640686035,403.361358643,515.101135254,207.735839844,314.302185059,188.279464722,152.702880859,35.4273033142,25.066570282,28.6160488129,1.28124403954,0.207410559058,0.0188663545996,0.00210711406544,0.0000637832345092,2.58229029271e-8,2.05038777623e-10],"dvar2":[0.209890395403,8.19902324677,18.2044296265,39.4265556335,37.0558853149,68.0160598755,152.876647949,370.340301514,299.538970947,1128.87365723,1862.53430176,2238.49389648,2846.27563477,2826.01489258,18735.6269531,6603.12402344,3080.65478516,4788.25537109,2800.36035156,4524.17333984,2014.60253906,828.818786621,739.293029785,1475.42431641,998.139343262,1373.8704834,536.568359375,875.917358398,570.586669922,492.094329834,95.8065948486,67.7514343262,69.817527771,3.11142086983,0.499658614397,0.0429131574929,0.00446160230786,0.000134584552143,5.48819230062e-8,4.76559181006e-10],"max":[6.75188970566,35.0730209351,57.0618591309,123.299659729,70.8921661377,224.110733032,168.920166016,496.514892578,795.079589844,644.466064453,882.621765137,1079.38256836,820.63458252,1393.0065918,2696.70825195,1451.18737793,2502.31103516,1412.24902344,863.650695801,1144.4128418,817.361633301,580.280700684,464.756225586,773.352661133,800.650634766,420.533905029,342.888793945,507.121063232,449.606414795,271.247161865,124.73664093,105.444267273,135.43270874,21.195936203,11.3037967682,2.44636774063,0.843375980854,0.186813622713,0.00335463369265,0.00029996826197],"mean":[0.242813006043,1.44201219082,2.68156409264,3.11452794075,3.43944120407,4.92929935455,6.01692533493,10.2434434891,11.6084661484,23.4919013977,26.0094432831,33.0122642517,37.3786735535,29.6950531006,56.9362564087,43.7148704529,31.6446685791,39.7911758423,29.9879264832,34.7025947571,25.5923233032,18.7670211792,18.4022922516,21.3535346985,17.8631629944,18.9349803925,14.3188657761,12.1270580292,10.5003070831,9.16251182556,5.28843450546,3.96469593048,2.21334147453,0.922116339207,0.425960659981,0.156072452664,0.0471342466772,0.00721304491162,0.000163694057846,0.0000373491166101],"median":[0.108233906329,0.781847417355,1.48764896393,1.44600880146,1.85467815399,2.16141963005,2.55038070679,3.91815948486,4.63946676254,9.02573394775,9.69990062714,11.6300640106,15.0104255676,14.3679456711,18.5116157532,18.2720184326,15.3369426727,17.7615032196,13.0060873032,13.2105312347,12.4590425491,10.2194805145,10.3123102188,9.73535728455,9.45269870758,6.65457868576,6.62180328369,5.14961957932,4.22402620316,3.06282258034,2.1784555912,1.35988605022,0.81561344862,0.408276110888,0.190671190619,0.0697110071778,0.0163914114237,0.00213647889905,0.0000596300524194,0.0000300308111036],"min":[8.13162112505e-23,3.57714770867e-22,8.94299877108e-22,4.52463715709e-21,7.42067847269e-21,2.26734487207e-20,4.71185955288e-20,5.48916472879e-20,7.68880082875e-20,1.87352014346e-19,2.13868477954e-19,2.57049658224e-19,4.68285918222e-19,6.20597062555e-19,6.40554397495e-19,9.09072320376e-19,1.08108142683e-18,2.17088071693e-18,2.21875586283e-18,3.05142585273e-18,4.02915457753e-18,3.91842073611e-18,5.67273929362e-18,5.11093559237e-18,6.54922648813e-18,8.21801291593e-18,9.66895719352e-18,1.04817944943e-17,1.03034179582e-17,1.07091409497e-17,9.31505706743e-18,1.03150721059e-17,1.03278735531e-17,8.30322823546e-18,5.82665113584e-18,4.52396119866e-18,2.25010021778e-18,1.04973210879e-18,2.35928609409e-19,2.76729364209e-20],"var":[0.143466934562,3.93720650673,11.8793439865,27.1299037933,23.9842777252,90.7959594727,133.56980896,550.102111816,756.452636719,2099.1015625,3196.08740234,5018.65869141,4814.83203125,3404.55932617,15384.5097656,8323.18261719,4346.81835938,4532.60302734,3339.875,4299.54833984,1617.62670898,765.352478027,661.424316406,1372.44091797,806.777893066,1232.86560059,433.814483643,495.239135742,317.051849365,288.616027832,70.0931625366,48.9692955017,31.3768367767,2.20441293716,0.439457952976,0.0509537346661,0.0057709584944,0.000171988736838,7.12172649742e-8,8.59114557272e-10]},"erbbands_crest":{"dmean":2.5639398098,"dmean2":4.01041603088,"dvar":5.92303276062,"dvar2":13.7320098877,"max":29.7160148621,"mean":9.20662689209,"median":7.93103694916,"min":2.24072051048,"var":23.1008701324},"erbbands_flatness_db":{"dmean":0.0122107518837,"dmean2":0.0182167198509,"dvar":0.000135759648401,"dvar2":0.000286873808363,"max":0.284883707762,"mean":0.138668000698,"median":0.135448172688,"min":0.02929629758,"var":0.00106581673026},"erbbands_kurtosis":{"dmean":0.635700106621,"dmean2":1.00935816765,"dvar":0.637844443321,"dvar2":1.50550282001,"max":16.343957901,"mean":0.24237331748,"median":-0.0679070949554,"min":-1.53956913948,"var":1.68247675896},"erbbands_skewness":{"dmean":0.277256786823,"dmean2":0.428397089243,"dvar":0.0599755607545,"dvar2":0.140838772058,"max":3.49399900436,"mean":0.324152469635,"median":0.289577037096,"min":-2.29841184616,"var":0.309770286083},"erbbands_spread":{"dmean":5.71237611771,"dmean2":8.94215774536,"dvar":29.3950157166,"dvar2":70.9647903442,"max":114.85798645,"mean":36.0888404846,"median":34.1543807983,"min":7.38708782196,"var":178.707839966},"gfcc":{"cov":[[25130.6308594,881.11517334,-2200.29052734,687.555969238,-1155.05957031,612.424926758,-512.086914062,387.570922852,-400.230255127,194.600418091,-380.187652588,102.966629028,-257.670379639],[881.11517334,926.918395996,-162.740646362,9.15631484985,17.6172485352,-78.4108963013,-10.5659856796,-66.7437973022,84.8569335938,-14.7449216843,101.488990784,-45.4520339966,38.9651069641],[-2200.29052734,-162.740646362,621.89239502,-24.1902751923,141.510925293,-30.4481773376,27.5095691681,-7.51188993454,-23.5718822479,-17.1957073212,0.120485380292,13.8357648849,5.83834314346],[687.555969238,9.15631484985,-24.1902751923,170.559738159,8.66180610657,48.3159141541,-9.34808158875,-4.7079577446,-16.3412513733,-10.4926986694,-7.74617099762,2.63448619843,6.40826654434],[-1155.05957031,17.6172485352,141.510925293,8.66180610657,200.464553833,17.4593849182,59.2130241394,-25.5709571838,28.7974910736,-6.70538902283,17.9293880463,-3.45579433441,18.1987113953],[612.424926758,-78.4108963013,-30.4481773376,48.3159141541,17.4593849182,113.69367218,31.4746723175,30.9336051941,-18.3519802094,2.29271745682,-24.3777103424,5.0669131279,-9.07526111603],[-512.086914062,-10.5659856796,27.5095691681,-9.34808158875,59.2130241394,31.4746723175,137.25730896,51.1046218872,38.5200500488,-5.92692327499,2.0572681427,-5.99070644379,9.26976203918],[387.570922852,-66.7437973022,-7.51188993454,-4.7079577446,-25.5709571838,30.9336051941,51.1046218872,103.614730835,28.8878307343,17.6997299194,-27.6010551453,-2.10204529762,-18.3055152893],[-400.230255127,84.8569335938,-23.5718822479,-16.3412513733,28.7974910736,-18.3519802094,38.5200500488,28.8878307343,105.122009277,34.3501548767,28.2693538666,-17.7972126007,5.8068022728],[194.600418091,-14.7449216843,-17.1957073212,-10.4926986694,-6.70538902283,2.29271745682,-5.92692327499,17.6997299194,34.3501548767,72.7633972168,29.0880699158,5.92493629456,-10.2904205322],[-380.187652588,101.488990784,0.120485380292,-7.74617099762,17.9293880463,-24.3777103424,2.0572681427,-27.6010551453,28.2693538666,29.0880699158,95.0304489136,29.1290969849,16.4745197296],[102.966629028,-45.4520339966,13.8357648849,2.63448619843,-3.45579433441,5.0669131279,-5.99070644379,-2.10204529762,-17.7972126007,5.92493629456,29.1290969849,69.4274902344,22.5062904358],[-257.670379639,38.9651069641,5.83834314346,6.40826654434,18.1987113953,-9.07526111603,9.26976203918,-18.3055152893,5.8068022728,-10.2904205322,16.4745197296,22.5062904358,68.789642334]],"icov":[[0.000256508588791,-0.000633805582765,0.000531282625161,-0.000634476775303,0.000593540258706,-0.000815641542431,0.000541498127859,-0.000860045547597,0.00108569045551,-0.00136499258224,0.00142294133548,-0.0011320724152,0.000501148519106],[-0.000633805582765,0.00325284106657,-0.000865745532792,0.00134221476037,-0.00162885792088,0.00249011302367,-0.000869939569384,0.00207320973277,-0.00350610492751,0.00489280419424,-0.00589118525386,0.0046998905018,-0.00193872954696],[0.000531282625161,-0.000865745532792,0.00344248767942,-0.00124558445532,-0.000991607899778,-0.0000755076325731,0.00139974651393,-0.00309099792503,0.00366876670159,-0.00254415115342,0.00236247503199,-0.00216747261584,0.000998599804007],[-0.000634476775303,0.00134221476037,-0.00124558445532,0.00871847104281,-0.00178802909795,-0.00176670483779,0.000305169407511,0.00203607417643,-0.00268818042241,0.00463759386912,-0.00399553636089,0.00319222733378,-0.00226956582628],[0.000593540258706,-0.00162885792088,-0.000991607899778,-0.00178802909795,0.0107819577679,-0.00491452543065,-0.00296634924598,0.00440538674593,-0.00159662996884,-0.00307654496282,0.00421283999458,-0.0032059843652,0.00118242274038],[-0.000815641542431,0.00249011302367,-0.0000755076325731,-0.00176670483779,-0.00491452543065,0.017572760582,-0.00483595440164,-0.000772407394834,0.00167593429796,0.00103583338205,-0.00221411371604,0.00237451097928,-0.000463227013825],[0.000541498127859,-0.000869939569384,0.00139974651393,0.000305169407511,-0.00296634924598,-0.00483595440164,0.0156831219792,-0.0108284894377,0.00009294643678,0.00292870216072,-0.00187479401939,0.000721629825421,-0.00183113652747],[-0.000860045547597,0.00207320973277,-0.00309099792503,0.00203607417643,0.00440538674593,-0.000772407394834,-0.0108284894377,0.0260338094085,-0.0118935350329,-0.000224932198762,0.00521564576775,-0.0030572891701,0.00351792620495],[0.00108569045551,-0.00350610492751,0.00366876670159,-0.00268818042241,-0.00159662996884,0.00167593429796,0.00009294643678,-0.0118935350329,0.0254752635956,-0.0134064182639,0.00115804560483,0.00270305247977,-0.00185988878366],[-0.00136499258224,0.00489280419424,-0.00254415115342,0.00463759386912,-0.00307654496282,0.00103583338205,0.00292870216072,-0.000224932198762,-0.0134064182639,0.0311010479927,-0.0171793792397,0.00665494380519,0.000116686576803],[0.00142294133548,-0.00589118525386,0.00236247503199,-0.00399553636089,0.00421283999458,-0.00221411371604,-0.00187479401939,0.00521564576775,0.00115804560483,-0.0171793792397,0.0323505550623,-0.019345510751,0.00498668523505],[-0.0011320724152,0.0046998905018,-0.00216747261584,0.00319222733378,-0.0032059843652,0.00237451097928,0.000721629825421,-0.0030572891701,0.00270305247977,0.00665494380519,-0.019345510751,0.0310883410275,-0.0115364044905],[0.000501148519106,-0.00193872954696,0.000998599804007,-0.00226956582628,0.00118242274038,-0.000463227013825,-0.00183113652747,0.00351792620495,-0.00185988878366,0.000116686576803,0.00498668523505,-0.0115364044905,0.0212027002126]],"mean":[0.868696689606,80.61328125,-121.261306763,38.3845710754,-56.5787963867,28.8633346558,-27.5975761414,15.1056261063,-19.8526992798,7.80819177628,-14.4425640106,2.91055369377,-11.943236351]},"hfc":{"dmean":5.25745820999,"dmean2":8.14559936523,"dvar":95.1715164185,"dvar2":226.402999878,"max":200.120849609,"mean":23.2337188721,"median":15.6036643982,"min":1.05225103092e-16,"var":510.98526001},"melbands":{"dmean":[0.00113870960195,0.000832630612422,0.000304178334773,0.000172745101736,0.000106544859591,0.000115553477372,0.0000821088324301,0.000129548396217,0.000104146485683,0.000104271770397,0.0000909541777219,0.0000595329183852,0.000108162610559,0.0000712398541509,0.000048288351536,0.0000376426614821,0.0000432248052675,0.0000239881956077,0.0000262469657173,0.0000253111866186,0.0000155001271196,0.0000114048661999,0.00000832237037685,0.0000103610127553,0.00000968647964328,0.00000685947634338,0.00000735313597033,0.00000690137858328,0.00000531339037479,0.00000407634206567,0.00000361898560186,0.00000318807883559,0.00000319657806358,0.00000253658731708,0.00000151497113166,0.00000147652656324,0.00000119210426419,0.00000103950321773,5.39766176644e-7,3.36747405072e-7],"dmean2":[0.0019258542452,0.00139413296711,0.000505351810716,0.000290017487714,0.000176420086063,0.000188537655049,0.000129730484332,0.000198636465939,0.000153179236804,0.000151132247993,0.000132142580696,0.000092715221399,0.000162214739248,0.00010915974417,0.0000755298970034,0.0000596746940573,0.000068641071266,0.0000394211456296,0.0000432473061664,0.0000421498298238,0.0000256787698163,0.000018945451302,0.0000138103259815,0.000017535090592,0.0000162140458997,0.0000114561235023,0.0000122484843814,0.0000115793645818,0.00000891429408512,0.0000069536290539,0.00000613323300058,0.00000546886349184,0.00000561507567909,0.00000446199692306,0.00000256935686593,0.00000249355707638,0.00000203322701964,0.00000171342537669,8.84224789388e-7,5.58066915346e-7],"dvar":[0.00000539984694115,0.00000218366903937,3.52641052359e-7,9.22225353861e-8,5.19616278893e-8,6.94595883033e-8,2.68878164178e-8,6.40239647964e-8,5.65913040873e-8,5.01036403477e-8,3.65358339138e-8,2.04373193924e-8,6.87025547563e-8,2.78277507704e-8,1.4072404575e-8,5.37715960647e-9,8.12076539347e-9,3.14054915407e-9,4.37234071171e-9,3.46012996033e-9,9.60302060093e-10,5.14758735637e-10,2.50167608851e-10,3.77481046421e-10,4.94512208959e-10,1.82152043449e-10,4.75960160173e-10,3.54762358379e-10,1.48893578023e-10,1.12110695727e-10,1.00734205699e-10,1.06413287904e-10,5.78704029142e-11,4.34777804037e-11,1.42468007877e-11,1.45057620429e-11,1.096635803e-11,2.0095116543e-11,3.29712754495e-12,6.80150976772e-13],"dvar2":[0.0000147242762978,0.00000576866523261,9.10267488052e-7,2.41651690658e-7,1.42944912795e-7,1.71965496065e-7,5.88345976382e-8,1.52499296746e-7,1.13706157379e-7,9.78253424933e-8,7.23004589531e-8,4.36909459722e-8,1.62105010304e-7,6.33840855357e-8,2.96059532445e-8,1.17798988342e-8,2.08041655014e-8,8.31486879349e-9,1.18056853182e-8,9.69148938879e-9,2.45868436721e-9,1.27780308556e-9,6.37026431605e-10,9.85198922443e-10,1.26330335082e-9,4.44795811294e-10,1.19998433412e-9,9.59626045294e-10,3.85537879399e-10,3.1139815726e-10,2.80347856041e-10,3.24412940955e-10,1.78893455605e-10,1.36477495971e-10,3.91183231641e-11,4.08944718366e-11,3.06181156817e-11,4.91982982131e-11,8.07152695376e-12,1.72995125169e-12],"max":[0.056179702282,0.0316965170205,0.0176971144974,0.0078571876511,0.00498460792005,0.0129326144233,0.0107816094533,0.00586219504476,0.0066670589149,0.0057809073478,0.00417891098186,0.00515411561355,0.00719226244837,0.00421493453905,0.00471497001126,0.00314326048829,0.00321698398329,0.00149199867155,0.00301569723524,0.00144062575419,0.000933479925152,0.000679370714352,0.000462044525193,0.000478327623568,0.000723267381545,0.000523791415617,0.000568385759834,0.000398829433834,0.000274260120932,0.000267931027338,0.000272600736935,0.000399909942644,0.000156969021191,0.000130611486384,0.0000991954366327,0.0000777238819865,0.0000787011158536,0.000111028522952,0.000042368475988,0.0000162006508617],"mean":[0.0020596915856,0.00162517861463,0.000549348187633,0.000300061394228,0.000214309286093,0.000235979110585,0.00018553447444,0.000256241764873,0.000207954406505,0.000216542830458,0.000183250944247,0.000109179520223,0.000184688033187,0.000128313928144,0.0000867863418534,0.0000674695256748,0.0000742027768865,0.0000449364888482,0.0000471222119813,0.0000436683512817,0.000026862593586,0.0000202906321647,0.0000152195225382,0.0000188215999515,0.0000170671701198,0.0000123593017634,0.0000130202815853,0.0000127145440274,0.00000955431369221,0.00000760212378736,0.00000673469685353,0.00000582673601457,0.00000596279460297,0.00000452640961157,0.00000295159202324,0.00000281019902104,0.00000226870429287,0.00000169647569237,0.0000010286955785,6.99466170317e-7],"median":[0.0010366991628,0.00096129294252,0.000291787175229,0.000150562671479,0.0000952097616391,0.0000913037802093,0.0000748270394979,0.000102286321635,0.0000686313724145,0.0000713128465577,0.0000688446816639,0.0000484328447783,0.0000586671412748,0.0000445369769295,0.00003633909364,0.0000319569953717,0.000030381961551,0.0000178529371624,0.0000184121854545,0.0000150562518684,0.0000130337439259,0.0000103547808976,0.00000761841783969,0.0000094892211564,0.00000670263079883,0.00000676742729411,0.00000508157700096,0.00000384690383726,0.00000389806973544,0.00000332576041728,0.00000263599713435,0.00000224033965424,0.00000216330727199,0.0000014896185121,0.00000123095583149,9.02854878859e-7,7.63102207202e-7,5.81014660384e-7,4.26265103215e-7,3.00749718463e-7],"min":[1.25655484225e-24,5.62387419587e-25,1.36018355507e-24,1.17301545846e-24,1.32395018761e-24,1.22343175613e-24,1.02013480668e-24,1.11198267073e-24,1.77559474953e-24,1.45929229211e-24,2.26479421813e-24,1.80886061947e-24,2.16341099788e-24,2.61729217767e-24,2.81847182446e-24,1.97826790722e-24,2.93238294474e-24,3.48801436232e-24,3.45072372404e-24,3.34731155354e-24,3.87760002568e-24,4.20226795857e-24,3.69794168768e-24,4.05103149012e-24,3.23401594198e-24,4.50672290848e-24,4.88413250377e-24,4.4562559265e-24,4.80156282725e-24,4.80314370451e-24,4.76341075286e-24,5.84119827551e-24,4.53817084847e-24,5.43163707631e-24,4.93554730213e-24,5.112813025e-24,5.32992174562e-24,5.82843213948e-24,6.05282993486e-24,5.88819505837e-24],"var":[0.00000887779242476,0.00000393257823816,6.75162823427e-7,2.12943831457e-7,1.4346090893e-7,2.96283957368e-7,1.56910303417e-7,2.11156446994e-7,2.07778796835e-7,2.02910712233e-7,1.22643498912e-7,5.19738847515e-8,1.42919347468e-7,6.5843686059e-8,3.57058276279e-8,1.39930733667e-8,1.84105122258e-8,8.96396734618e-9,1.0646584947e-8,7.46860262524e-9,1.81171555536e-9,1.04101272047e-9,5.09813247174e-10,8.02290511803e-10,1.1182723636e-9,3.31024707645e-10,8.28124568919e-10,7.76354036613e-10,2.60583749023e-10,1.82057480203e-10,1.57695634329e-10,1.46869308382e-10,1.16232086456e-10,7.07076758255e-11,2.36848526902e-11,2.8338985672e-11,1.95019295851e-11,2.16313755103e-11,4.36032546874e-12,1.22262779328e-12]},"melbands_crest":{"dmean":2.91780376434,"dmean2":4.79848241806,"dvar":7.43749094009,"dvar2":19.5957603455,"max":39.8937416077,"mean":13.6868715286,"median":13.1280994415,"min":1.60182237625,"var":28.9601840973},"melbands_flatness_db":{"dmean":0.0206661913544,"dmean2":0.0326249189675,"dvar":0.000455326313386,"dvar2":0.00110263191164,"max":0.445380061865,"mean":0.164430394769,"median":0.158476278186,"min":0.00357298436575,"var":0.00353151233867},"melbands_kurtosis":{"dmean":4.60299682617,"dmean2":7.43014764786,"dvar":150.393875122,"dvar2":387.646209717,"max":952.403991699,"mean":9.43422985077,"median":4.12847709656,"min":-1.64425730705,"var":408.641021729},"melbands_skewness":{"dmean":0.557737886906,"dmean2":0.879022479057,"dvar":0.42147308588,"dvar2":1.04000401497,"max":29.7243442535,"mean":2.19720697403,"median":1.81816589832,"min":-0.9762327075,"var":2.515365839},"melbands_spread":{"dmean":6.50001239777,"dmean2":10.2312602997,"dvar":48.1411972046,"dvar2":115.802772522,"max":172.646286011,"mean":31.4943237305,"median":28.2481327057,"min":0.981207489967,"var":402.863128662},"mfcc":{"cov":[[8994.84277344,224.757400513,-243.87197876,83.739151001,-167.533859253,151.116577148,59.6159057617,157.150131226,73.9698562622,140.95552063,-10.0055341721,-8.58600711823,42.1666755676],[224.757400513,884.405334473,-13.854883194,83.2511138916,38.3274879456,21.4741611481,-12.9979076385,-18.5171051025,-30.8954658508,6.5012755394,52.9587173462,40.6971244812,-4.14856147766],[-243.87197876,-13.854883194,285.610656738,43.9587974548,39.6062164307,-14.9374904633,26.7030830383,3.50754737854,-1.38658475876,-31.5397052765,-15.6366090775,-9.99153614044,2.26272988319],[83.739151001,83.2511138916,43.9587974548,117.725143433,42.8079948425,25.9678936005,8.87826442719,8.48684120178,-3.43571090698,0.0292398631573,-3.42592549324,-10.3271312714,2.17547702789],[-167.533859253,38.3274879456,39.6062164307,42.8079948425,110.907623291,50.4245605469,11.313867569,-9.38663578033,-9.18061161041,-12.3288316727,-8.83785438538,-4.37740802765,-1.58272504807],[151.116577148,21.4741611481,-14.9374904633,25.9678936005,50.4245605469,91.6129455566,37.8830413818,11.9656925201,1.863083601,3.79618406296,-7.53987932205,-6.84829044342,2.33707261086],[59.6159057617,-12.9979076385,26.7030830383,8.87826442719,11.313867569,37.8830413818,89.5447921753,41.5584754944,21.8396720886,-2.45491027832,-4.2950387001,-6.63114070892,6.1331152916],[157.150131226,-18.5171051025,3.50754737854,8.48684120178,-9.38663578033,11.9656925201,41.5584754944,91.0032958984,43.5016326904,14.9823665619,-3.10672879219,-4.30942964554,0.833574295044],[73.9698562622,-30.8954658508,-1.38658475876,-3.43571090698,-9.18061161041,1.863083601,21.8396720886,43.5016326904,92.7935791016,47.0928497314,8.69591617584,-11.8997278214,-7.34940958023],[140.95552063,6.5012755394,-31.5397052765,0.0292398631573,-12.3288316727,3.79618406296,-2.45491027832,14.9823665619,47.0928497314,85.6807327271,38.2538719177,2.23229289055,-7.87327098846],[-10.0055341721,52.9587173462,-15.6366090775,-3.42592549324,-8.83785438538,-7.53987932205,-4.2950387001,-3.10672879219,8.69591617584,38.2538719177,77.8263320923,41.7112579346,-3.27684020996],[-8.58600711823,40.6971244812,-9.99153614044,-10.3271312714,-4.37740802765,-6.84829044342,-6.63114070892,-4.30942964554,-11.8997278214,2.23229289055,41.7112579346,80.8519897461,30.6793498993],[42.1666755676,-4.14856147766,2.26272988319,2.17547702789,-1.58272504807,2.33707261086,6.1331152916,0.833574295044,-7.34940958023,-7.87327098846,-3.27684020996,30.6793498993,72.977142334]],"icov":[[0.000133556080982,-0.0000352508395736,0.0000379703124054,-0.000134887930471,0.000394405593397,-0.000377428194042,0.0000810896235635,-0.000165219185874,0.0000645199834253,-0.000212571088923,0.000168830170878,-0.0000461092822661,-0.0000500874375575],[-0.0000352508395736,0.00132561253849,0.000170518251252,-0.000969794229604,-0.000225814132136,0.00000209256882044,0.0000737975424272,0.000144313758938,0.00025715350057,0.000235026862356,-0.000835850136355,-0.000422565441113,0.000297901075101],[0.0000379703124054,0.000170518251252,0.00460049510002,-0.00167260563467,-0.00202585291117,0.00308757508174,-0.00226555182599,0.000423277000664,-0.000562379369512,0.0013415630674,0.0000278034058283,0.000139498399221,-0.000031573108572],[-0.000134887930471,-0.000969794229604,-0.00167260563467,0.0118148270994,-0.0035420586355,-0.00123687309679,0.00113473867532,-0.00212421477772,0.00139208242763,-0.00091767689446,-0.000982712255791,0.00278918608092,-0.0015613475116],[0.000394405593397,-0.000225814132136,-0.00202585291117,-0.0035420586355,0.016498664394,-0.0102618020028,0.0021925678011,0.00195113115478,-0.00107609969564,0.00154021685012,0.000786342832725,-0.001232511946,0.00101882615127],[-0.000377428194042,0.00000209256882044,0.00308757508174,-0.00123687309679,-0.0102618020028,0.0221557151526,-0.00941005814821,0.000511782360263,0.00231791450642,-0.003435772378,0.00247943261638,-0.0000939371675486,0.0000258220588876],[0.0000810896235635,0.0000737975424272,-0.00226555182599,0.00113473867532,0.0021925678011,-0.00941005814821,0.0196162667125,-0.00707349786535,-0.00264373491518,0.00437332782894,-0.00367898424156,0.00265038106591,-0.0022989474237],[-0.000165219185874,0.000144313758938,0.000423277000664,-0.00212421477772,0.00195113115478,0.000511782360263,-0.00707349786535,0.0182037074119,-0.00719733629376,0.000258568412391,0.00258026225492,-0.00257243937813,0.00106670125388],[0.0000645199834253,0.00025715350057,-0.000562379369512,0.00139208242763,-0.00107609969564,0.00231791450642,-0.00264373491518,-0.00719733629376,0.0206842403859,-0.0116574140266,0.00193798623513,0.0017641390441,0.000330879440298],[-0.000212571088923,0.000235026862356,0.0013415630674,-0.00091767689446,0.00154021685012,-0.003435772378,0.00437332782894,0.000258568412391,-0.0116574140266,0.0253225211054,-0.013973172754,0.00541733810678,-0.00145200744737],[0.000168830170878,-0.000835850136355,0.0000278034058283,-0.000982712255791,0.000786342832725,0.00247943261638,-0.00367898424156,0.00258026225492,0.00193798623513,-0.013973172754,0.0297048464417,-0.0170081555843,0.00727237062529],[-0.0000461092822661,-0.000422565441113,0.000139498399221,0.00278918608092,-0.001232511946,-0.0000939371675486,0.00265038106591,-0.00257243937813,0.0017641390441,0.00541733810678,-0.0170081555843,0.0261217914522,-0.011285030283],[-0.0000500874375575,0.000297901075101,-0.000031573108572,-0.0015613475116,0.00101882615127,0.0000258220588876,-0.0022989474237,0.00106670125388,0.000330879440298,-0.00145200744737,0.00727237062529,-0.011285030283,0.01894601807]],"mean":[-627.619384766,105.164550781,-2.0048558712,17.7534217834,0.693482518196,14.0112218857,5.3954334259,9.74495220184,3.77278494835,6.457447052,3.21829557419,3.94987988472,1.93907284737]},"pitch_salience":{"dmean":0.0628861486912,"dmean2":0.103233605623,"dvar":0.00353359268047,"dvar2":0.00948824360967,"max":0.893344342709,"mean":0.513566970825,"median":0.510481417179,"min":0.010884786956,"var":0.0112858740613},"silence_rate_20dB":{"dmean":0,"dmean2":0,"dvar":0,"dvar2":0,"max":1,"mean":1,"median":1,"min":1,"var":0},"silence_rate_30dB":{"dmean":0.00291849067435,"dmean2":0.005837589968,"dvar":0.00290987477638,"dvar2":0.00788794923574,"max":1,"mean":0.996977567673,"median":1,"min":0,"var":0.0030133430846},"silence_rate_60dB":{"dmean":0.00813008099794,"dmean2":0.016261857003,"dvar":0.00806592777371,"dvar2":0.0178699698299,"max":1,"mean":0.0509640425444,"median":0,"min":0,"var":0.0483643487096},"spectral_centroid":{"dmean":211.375183105,"dmean2":332.898742676,"dvar":60234.5078125,"dvar2":128165.429688,"max":11964.0214844,"mean":1748.67895508,"median":1615.67102051,"min":287.500335693,"var":1390098.75},"spectral_complexity":{"dmean":3.17052316666,"dmean2":5.10726594925,"dvar":12.861371994,"dvar2":27.131319046,"max":58,"mean":21.5656070709,"median":19,"min":0,"var":125.797821045},"spectral_contrast_coeffs":{"dmean":[0.0432423725724,0.043769095093,0.0374065488577,0.0296173468232,0.0212177131325,0.017632080242],"dmean2":[0.0730223357677,0.0724791884422,0.0602375939488,0.0488914847374,0.0353174991906,0.0289816278964],"dvar":[0.0012650944991,0.00123007560614,0.000923453771975,0.000542633642908,0.000300243904348,0.000221305745072],"dvar2":[0.00360617297702,0.0033544334583,0.00242219073698,0.00145617709495,0.000811627192888,0.000586548005231],"max":[-0.420172691345,-0.396603882313,-0.487989127636,-0.591329336166,-0.619509398937,-0.570887088776],"mean":[-0.710312306881,-0.74004817009,-0.754792749882,-0.776396930218,-0.788636386395,-0.73794567585],"median":[-0.712930977345,-0.748050808907,-0.758844614029,-0.777865946293,-0.79070019722,-0.737250089645],"min":[-0.980435073376,-0.981163680553,-0.979228794575,-0.971220076084,-0.968258976936,-0.964701235294],"var":[0.00470811501145,0.00627671042457,0.00499818054959,0.00253688450903,0.00190744921565,0.00185975700151]},"spectral_contrast_valleys":{"dmean":[0.348917156458,0.328897505999,0.287018567324,0.233265429735,0.202436819673,0.229427322745],"dmean2":[0.578750729561,0.54929882288,0.470389485359,0.37664821744,0.316599339247,0.338788688183],"dvar":[0.120961271226,0.104621984065,0.0874433368444,0.0710746869445,0.0816867128015,0.113691709936],"dvar2":[0.26562166214,0.218511298299,0.170748353004,0.119510218501,0.133299037814,0.195636197925],"max":[-5.11029434204,-5.12362241745,-5.20382022858,-5.33140516281,-5.45552396774,-7.54796266556],"mean":[-7.30354261398,-7.08114910126,-7.32960224152,-7.71400976181,-7.64817047119,-10.2228803635],"median":[-6.93864917755,-6.74336433411,-6.99732494354,-7.41276454926,-7.32102537155,-9.83808135986],"min":[-28.2553939819,-28.3127651215,-27.9989643097,-27.7367630005,-27.5432891846,-27.4462471008],"var":[5.95811033249,5.94736289978,5.82938528061,5.66969633102,5.69606351852,4.80622625351]},"spectral_decrease":{"dmean":1.74658210117e-9,"dmean2":2.76889422501e-9,"dvar":6.359949366e-18,"dvar2":1.58562532862e-17,"max":1.71765193574e-28,"mean":-6.1332765533e-9,"median":-5.13360376431e-9,"min":-6.29208187775e-8,"var":2.17648209452e-17},"spectral_energy":{"dmean":0.00692940689623,"dmean2":0.0109568526968,"dvar":0.0000972065463429,"dvar2":0.000240339766606,"max":0.245040908456,"mean":0.0252557769418,"median":0.0211297944188,"min":1.00970019576e-20,"var":0.000359883735655},"spectral_energyband_high":{"dmean":0.000430465326644,"dmean2":0.000699682743289,"dvar":0.00000100981685591,"dvar2":0.00000255185454989,"max":0.019014229998,"mean":0.00129725027364,"median":0.000549270422198,"min":7.1258782494e-21,"var":0.00000330498119183},"spectral_energyband_low":{"dmean":0.00476531451568,"dmean2":0.00786772742867,"dvar":0.0000798741893959,"dvar2":0.000209600431845,"max":0.211811900139,"mean":0.0103723313659,"median":0.00627390062436,"min":1.55619695178e-23,"var":0.000161929187016},"spectral_energyband_middle_high":{"dmean":0.00195964728482,"dmean2":0.00301394774579,"dvar":0.00000965437266132,"dvar2":0.0000224873365369,"max":0.0774397030473,"mean":0.00674161687493,"median":0.0044121965766,"min":1.17814046215e-21,"var":0.0000514575367561},"spectral_energyband_middle_low":{"dmean":0.00244107912295,"dmean2":0.00371058308519,"dvar":0.00000986662234936,"dvar2":0.0000225658750423,"max":0.0870060324669,"mean":0.00757476128638,"median":0.00581794884056,"min":1.59667151156e-22,"var":0.0000440611802333},"spectral_entropy":{"dmean":0.100626975298,"dmean2":0.152297079563,"dvar":0.0115600470454,"dvar2":0.0245011914521,"max":9.82043933868,"mean":7.81048870087,"median":7.83262777328,"min":6.06835508347,"var":0.135708793998},"spectral_flux":{"dmean":0.0163440518081,"dmean2":0.0261914934963,"dvar":0.000354779156623,"dvar2":0.000793156446889,"max":0.315350502729,"mean":0.0726095736027,"median":0.0660113319755,"min":6.37147279381e-11,"var":0.0015287597198},"spectral_kurtosis":{"dmean":0.845282196999,"dmean2":1.46768593788,"dvar":0.954411923885,"dvar2":2.81585931778,"max":26.2084255219,"mean":3.09119176865,"median":2.80191373825,"min":-1.25317764282,"var":2.76321268082},"spectral_rms":{"dmean":0.000632634735666,"dmean2":0.000979156116955,"dvar":4.89787453262e-7,"dvar2":0.00000116324349619,"max":0.0154617046937,"mean":0.00461074057966,"median":0.00454031210393,"min":3.13858769703e-12,"var":0.00000338093445862},"spectral_rolloff":{"dmean":456.324798584,"dmean2":752.110656738,"dvar":467669.03125,"dvar2":1013589.1875,"max":19638.28125,"mean":1833.60876465,"median":1421.19140625,"min":21.533203125,"var":4821151},"spectral_skewness":{"dmean":0.129374355078,"dmean2":0.217385783792,"dvar":0.0150165725499,"dvar2":0.040319737047,"max":3.43306326866,"mean":1.33451092243,"median":1.30729866028,"min":-0.0822340324521,"var":0.0951394736767},"spectral_spread":{"dmean":317934.3125,"dmean2":506803.25,"dvar":444640952320,"dvar2":781290831872,"max":42644884,"mean":5150745.5,"median":4686856,"min":1573322.875,"var":16126499094500},"spectral_strongpeak":{"dmean":0.58327370882,"dmean2":0.995907962322,"dvar":1.13870239258,"dvar2":2.85552406311,"max":16.1064491272,"mean":0.964129686356,"median":0.309041619301,"min":0,"var":1.84723818302},"zerocrossingrate":{"dmean":0.008126671426,"dmean2":0.0102101322263,"dvar":0.000111906214443,"dvar2":0.000148818420712,"max":0.5185546875,"mean":0.0724442452192,"median":0.06396484375,"min":0,"var":0.00314497435465}},"metadata":{"audio_properties":{"analysis_sample_rate":44100,"bit_rate":128000,"codec":"mp3","downmix":"mix","equal_loudness":0,"length":222.772247314,"lossless":false,"md5_encoded":"fd833b07c585a079f58a4da5b27a2af9","replay_gain":-6.53816795349,"sample_rate":44100},"tags":{"album":["Black Moon"],"albumartist":["Emerson, Lake & Palmer"],"albumartistsort":["Emerson, Lake & Palmer"],"artist":["Emerson, Lake & Palmer"],"artistsort":["Emerson, Lake & Palmer"],"asin":["B00000E5E4"],"barcode":["042282831828"],"catalognumber":["828 318-2"],"date":["1992-06-27"],"discnumber":["1/1"],"file_name":"Romeo and Juliet - Emerson, Lake & Palmer.mp3","genre":["genre"],"label":["Victory Music"],"length":["222772"],"media":["CD"],"musicbrainz album release country":["US"],"musicbrainz album status":["official"],"musicbrainz album type":["album"],"musicbrainz_albumartistid":["ad996aef-cc1c-42ac-af5c-619c370f4b8a"],"musicbrainz_albumid":["2346b488-3d21-45dd-afb7-d268b86dcc12"],"musicbrainz_artistid":["ad996aef-cc1c-42ac-af5c-619c370f4b8a"],"musicbrainz_recordingid":["111b0f90-a74f-40b7-82ba-ee973d6e2329"],"originaldate":["1992-06-27"],"script":["Latn"],"title":["Romeo and Juliet"],"tracknumber":["4/10"]},"version":{"essentia":"2.1-beta2","essentia_build_sha":"70f2e5ece6736b2c40cc944ad0e695b16b925413","essentia_git_sha":"v2.1_beta2","extractor":"music 1.0"}},"rhythm":{"beats_count":325,"beats_loudness":{"dmean":0.0170650426298,"dmean2":0.0296392589808,"dvar":0.000341483100783,"dvar2":0.000948297791183,"max":0.172876849771,"mean":0.0373460836709,"median":0.0315365381539,"min":0,"var":0.000590756593738},"beats_loudness_band_ratio":{"dmean":[0.322620183229,0.082667581737,0.107207357883,0.107295975089,0.0645120516419,0.0831243544817],"dmean2":[0.622974574566,0.145474031568,0.1942692101,0.197535917163,0.121639296412,0.161085888743],"dvar":[0.0331385210156,0.00985841732472,0.00963443703949,0.00738880597055,0.00248850532807,0.003