{"lowlevel":{"average_loudness":0.874561011791,"barkbands":{"dmean":[0.00310344924219,0.00982539635152,0.0031281854026,0.000806234835181,0.00216960650869,0.00107466860209,0.00124359736219,0.000586114590988,0.00058953196276,0.000744893739466,0.000319768500049,0.000451635016361,0.000550956930965,0.000452102831332,0.000367315748008,0.000275876227533,0.000266879767878,0.000209905934753,0.000150010062498,0.0000769777834648,0.0000472221072414,0.0000263344718405,0.0000168770493474,0.00000279870550912,0.00000156390353823,0.00000154629253757,0.0000874406323419],"dmean2":[0.004686166998,0.0159129071981,0.00530395796522,0.00139292457607,0.00359786115587,0.00169057049789,0.00193320028484,0.000977502553724,0.000927104905713,0.0011863077525,0.000512260943651,0.000726034748368,0.000891703413799,0.000721650547348,0.000578989158385,0.000414528971305,0.000380276323995,0.000296942016575,0.00021085505432,0.000109908178274,0.0000671687303111,0.0000382145590265,0.0000248756641668,0.00000432355136581,0.0000025769199965,0.00000253795201388,0.000121674987895],"dvar":[0.0000532217709406,0.000478697533254,0.0000475294764328,0.00000265961466539,0.0000266690058197,0.00000355013594344,0.00000793619892647,0.00000111758697585,0.00000117636398045,0.00000356827104042,5.06510218656e-7,0.00000132979039336,0.00000239831388171,9.59374233389e-7,5.2245053439e-7,3.47642696852e-7,3.79144978524e-7,2.11780829318e-7,9.34640738137e-8,2.26393268576e-8,7.59193774513e-9,2.05513339679e-9,8.49088688248e-10,2.06708608563e-11,1.00190871224e-11,9.4721600355e-12,1.95323544006e-8],"dvar2":[0.000115807401016,0.00116988376249,0.000119731259474,0.00000739030838304,0.0000710620224709,0.00000823192112875,0.0000168350725289,0.00000300917349705,0.0000027549826882,0.00000869794803293,0.00000117531351407,0.00000332174658979,0.00000572132148591,0.00000247667708209,0.00000123162521959,7.62562194723e-7,7.81209109846e-7,4.11530237443e-7,1.88772588672e-7,4.7995705188e-8,1.62948481375e-8,4.36201652576e-9,1.84529647118e-9,4.68919313101e-11,2.53537729006e-11,2.38999948304e-11,3.76061350948e-8],"max":[0.103791303933,0.221539959311,0.0992475897074,0.0218949578702,0.100676387548,0.0417568944395,0.037560980767,0.0209131650627,0.033618234098,0.0467000380158,0.0220292620361,0.0603498518467,0.0811951234937,0.038596406579,0.0198083370924,0.00939553976059,0.00987069867551,0.00644758529961,0.00472277915105,0.00247928895988,0.00179013353772,0.00112300075125,0.000441411742941,0.0000697547948221,0.0000484428164782,0.0000469361548312,0.00313801714219],"mean":[0.00374420802109,0.00914357136935,0.00315906014293,0.000896181503776,0.00274950778112,0.00172037782613,0.00148766196799,0.000840063788928,0.000897850375623,0.00116728816647,0.000485726020997,0.000689810840413,0.000814976461697,0.000673028582241,0.000489814672619,0.000332625466399,0.000305862951791,0.000241102330619,0.000167852485902,0.0000874910547282,0.0000521962938365,0.0000277485178231,0.0000165828405443,0.00000299597058984,0.00000151317772179,0.00000154448696321,0.0000961735058809],"median":[0.000365248619346,0.00185767957009,0.000837260158733,0.00027405138826,0.00120599730872,0.000767330289818,0.000399967480917,0.000292792741675,0.000375702395104,0.000378233351512,0.000147106722579,0.000210759113543,0.000298936589388,0.000250198354479,0.000190057442524,0.000105343031464,0.0000611589348409,0.0000476127643196,0.0000302233020193,0.0000167148209584,0.0000108813583211,0.00000564797483094,0.00000295118934446,9.6372605185e-7,4.01541257133e-7,4.55534205912e-7,0.0000173693879333],"min":[1.19198192983e-11,3.73779306118e-12,8.21188332178e-13,9.13297324052e-13,2.28861352612e-12,1.53660341829e-12,1.07767126386e-12,3.80958329119e-12,1.02187303758e-11,2.53098735546e-12,8.03009221617e-12,1.6393105623e-11,1.70358518958e-11,1.33332572413e-11,4.89527906058e-12,5.79658456651e-12,1.04422538325e-11,7.07273996314e-12,1.54654518358e-11,2.17211908182e-11,2.83020013675e-11,2.77056433351e-11,1.04551298175e-11,1.16021836236e-11,1.01950149711e-11,1.06919213066e-11,6.1776091187e-11],"var":[0.0000671820525895,0.000431695982115,0.0000472214160254,0.00000282803489426,0.0000259959615505,0.00000720954585631,0.0000111133031169,0.00000205701553568,0.00000235270431403,0.00000816388273961,9.60575789577e-7,0.00000263703509518,0.00000355519591722,0.00000234537333199,7.33307388145e-7,4.68126671649e-7,5.33257491497e-7,3.17697782748e-7,1.37919045073e-7,3.36753096519e-8,1.0930014227e-8,2.86782220194e-9,1.03849395749e-9,2.57783707575e-11,1.04619915162e-11,1.00637128839e-11,3.14290353742e-8]},"barkbands_crest":{"dmean":3.38379359245,"dmean2":5.63287258148,"dvar":8.01688194275,"dvar2":21.8322048187,"max":25.0358467102,"mean":9.95143413544,"median":9.28622150421,"min":2.47778177261,"var":15.6090450287},"barkbands_flatness_db":{"dmean":0.0343002676964,"dmean2":0.0523037873209,"dvar":0.000799173780251,"dvar2":0.00189259042963,"max":0.390156835318,"mean":0.155618935823,"median":0.153366923332,"min":0.0237394366413,"var":0.00229551363736},"barkbands_kurtosis":{"dmean":4.50831842422,"dmean2":7.24085283279,"dvar":74.1921386719,"dvar2":183.67880249,"max":260.133148193,"mean":4.71503019333,"median":1.83660387993,"min":-1.83248734474,"var":93.9782562256},"barkbands_skewness":{"dmean":0.784315049648,"dmean2":1.20626115799,"dvar":0.62326169014,"dvar2":1.52405071259,"max":14.5511770248,"mean":1.52410113811,"median":1.30295991898,"min":-3.46210646629,"var":1.62616217136},"barkbands_spread":{"dmean":6.67779064178,"dmean2":10.0644493103,"dvar":44.7152366638,"dvar2":99.3820877075,"max":105.576141357,"mean":18.6259784698,"median":15.9860095978,"min":0.649693787098,"var":173.055450439},"dissonance":{"dmean":0.0222539994866,"dmean2":0.0366620011628,"dvar":0.00050101155648,"dvar2":0.0012864836026,"max":0.5,"mean":0.465436518192,"median":0.473598748446,"min":0.237461179495,"var":0.000844126450829},"dynamic_complexity":4.71086025238,"erbbands":{"dmean":[0.271851867437,2.26038050652,4.55442714691,2.43931269646,5.10784721375,8.36568546295,7.81390619278,9.54078769684,15.5541801453,16.6151065826,13.0193395615,12.6308631897,16.9891262054,20.999786377,12.5902357101,18.6872196198,21.4484672546,24.794506073,19.9834632874,16.789396286,14.4377584457,14.6990680695,12.3309936523,9.43298244476,6.04119968414,3.40966153145,2.32580280304,1.45726525784,0.951909542084,0.816597878933,0.420317947865,0.118107780814,0.0280415825546,0.0177687294781,0.0110025368631,0.00608772877604,0.00308915763162,0.0118847517297,0.0133605003357,0.00149408634752],"dmean2":[0.437470942736,3.73422789574,7.55556106567,4.11908340454,8.84109020233,13.7242670059,12.6390428543,14.7259683609,23.4463844299,27.1582221985,21.4186477661,20.0126171112,26.8431282043,33.3263015747,20.2380428314,29.750995636,34.3392219543,39.4074859619,31.3796730042,26.20287323,21.0606803894,20.5774440765,17.2778167725,13.1926488876,8.72318744659,4.77534008026,3.299254179,2.05864405632,1.3742172718,1.20085573196,0.621771037579,0.176331102848,0.0453534498811,0.0292428415269,0.0181198008358,0.0100123751909,0.00495208567008,0.0174191389233,0.0192575082183,0.00204568868503],"dvar":[0.360572010279,31.4154758453,123.72341156,18.0830421448,228.542221069,328.506225586,187.014434814,398.440093994,1617.17272949,1492.51818848,564.830322266,597.251647949,1238.75488281,3124.37011719,718.48449707,2385.83056641,2536.85302734,3856.6640625,1420.33093262,1145.54052734,990.438171387,1092.44555664,757.039367676,358.601928711,163.693832397,40.808921814,18.1523246765,7.25433492661,2.6824491024,2.00248646736,0.541266977787,0.037529591471,0.00288801360875,0.00129079190083,0.000494455394801,0.000149741434143,0.0000332307063218,0.000379512406653,0.000484845106257,0.00000619164802629],"dvar2":[0.903801441193,76.4406433105,298.792022705,48.74949646,631.02331543,857.813659668,447.476257324,882.490478516,3215.59179688,3840.38745117,1522.96789551,1434.50048828,2907.94897461,7776.97021484,1725.39318848,6043.45605469,6025.07470703,9545.19824219,3414.22387695,2688.06787109,2075.3425293,2160.91040039,1469.96777344,692.110656738,350.866210938,81.4343338013,38.5855560303,15.2442512512,5.67671108246,4.38692712784,1.17651844025,0.0807821154594,0.00715570198372,0.00326224742457,0.00125058658887,0.000378330616513,0.0000819790075184,0.000797801010776,0.000991609646007,0.000011737699424],"max":[6.14128494263,60.1065826416,147.317733765,51.3659858704,229.059310913,378.42175293,356.318389893,512.843017578,648.936950684,808.075073242,507.493225098,807.199035645,920.593261719,1606.0065918,727.432189941,3037.64990234,2908.20556641,3022.34667969,1127.07263184,857.470458984,484.838562012,460.59173584,409.976379395,334.465667725,188.775634766,101.91860199,84.0037841797,54.6162872314,41.0035400391,26.8718070984,11.0209465027,2.98394560814,0.850812196732,0.552186846733,0.339692980051,0.186739206314,0.090003490448,0.26936686039,0.558829307556,0.0511366277933],"mean":[0.264208137989,2.00709557533,4.43272972107,3.02893424034,5.47576856613,10.3864564896,12.6821403503,14.4111185074,20.0471363068,19.9509677887,19.8529777527,20.0234165192,26.6161308289,35.1410636902,20.4568405151,30.6715450287,34.7969665527,38.2064056396,28.6431121826,22.213968277,17.7888393402,17.2787818909,14.2644443512,10.7356386185,6.76189661026,3.95266652107,2.60980582237,1.61469066143,1.01314973831,0.809178888798,0.414013534784,0.122677795589,0.0290975384414,0.0172864794731,0.0107181584463,0.00601225206628,0.0033437628299,0.011783647351,0.0134905027226,0.00173531228211],"median":[0.0487009808421,0.386954933405,1.15718770027,1.30196380615,1.97045016289,4.10336208344,6.73504447937,5.17006874084,5.58468103409,7.06406879425,8.28452014923,8.90545463562,11.5914573669,11.0051259995,7.23443126678,9.82552719116,14.170835495,13.7596597672,11.8128623962,9.11672782898,5.38830900192,3.67894911766,2.77891349792,2.07304215431,1.1993432045,0.781801939011,0.54602086544,0.336206376553,0.212751477957,0.141114488244,0.0722822919488,0.0309167709202,0.00982814095914,0.00463923905045,0.00291060539894,0.00171011080965,0.00126232905313,0.0018869235646,0.00191476545297,0.000352939765435],"min":[2.03834102375e-10,5.62130675341e-10,9.29701649e-10,2.70979705341e-9,4.38088187948e-9,8.89793927428e-9,1.01696970845e-8,1.27869501654e-8,1.08773354768e-8,4.71770000843e-8,1.04654141353e-7,1.74403055553e-7,2.10079377894e-7,9.22137104453e-8,4.63760784442e-7,7.02856596035e-7,6.93087827131e-7,7.83011046224e-7,3.72614465505e-7,2.42839405473e-7,5.02806813074e-7,5.09957885697e-7,4.62912538524e-7,3.40964703582e-7,0.00000111211033982,9.33322439778e-7,0.0000014929386225,9.00464897313e-7,9.63585421232e-7,6.20642992999e-7,3.11283230303e-7,2.91625298132e-7,1.54516953899e-7,1.42589243524e-7,5.86204684794e-8,3.74762976207e-8,1.97314076189e-8,1.69896150481e-8,9.19219544926e-9,9.68623958819e-10],"var":[0.341948002577,27.2179527283,116.517967224,21.7014102936,173.935195923,371.431640625,401.213531494,761.828369141,2486.45117188,1552.33569336,1037.84838867,1212.57592773,2387.86108398,7387.40966797,1299.19604492,4975.79394531,4656.44287109,8927.74121094,2265.80786133,1522.28100586,1420.29504395,1623.79284668,1130.83776855,556.259155273,224.985748291,65.876953125,27.5902442932,10.7182712555,3.80852007866,2.5559720993,0.649636209011,0.0469650626183,0.00318411900662,0.00135081959888,0.000517589971423,0.000157755304826,0.0000377262149414,0.00047923650709,0.000677626521792,0.0000107078049041]},"erbbands_crest":{"dmean":2.84929251671,"dmean2":4.56616353989,"dvar":7.1856508255,"dvar2":16.7535057068,"max":30.1007804871,"mean":8.6498670578,"median":7.56218481064,"min":2.64688634872,"var":17.5316200256},"erbbands_flatness_db":{"dmean":0.0310078281909,"dmean2":0.0447275154293,"dvar":0.000655543524772,"dvar2":0.00133032223675,"max":0.403830349445,"mean":0.180259868503,"median":0.175089627504,"min":0.0542177669704,"var":0.00257014809176},"erbbands_kurtosis":{"dmean":1.19742512703,"dmean2":1.92644357681,"dvar":3.16381049156,"dvar2":7.52359628677,"max":47.2834014893,"mean":0.515180408955,"median":-0.0309326648712,"min":-1.74300944805,"var":4.85558700562},"erbbands_skewness":{"dmean":0.494097918272,"dmean2":0.736932516098,"dvar":0.193659245968,"dvar2":0.431689709425,"max":5.86727380753,"mean":-0.0499053932726,"median":-0.0624341294169,"min":-4.46943569183,"var":0.557562530041},"erbbands_spread":{"dmean":7.95443344116,"dmean2":11.9340238571,"dvar":52.2408103943,"dvar2":122.419235229,"max":88.3414764404,"mean":27.172044754,"median":25.3943977356,"min":1.12316703796,"var":158.767822266},"gfcc":{"cov":[[13517.3525391,446.598114014,-343.491210938,200.797958374,310.608795166,-17.3306941986,299.255554199,-34.6296691895,112.993690491,12.4740867615,85.9598083496,-75.3348007202,-177.332687378],[446.598114014,1230.58764648,-25.1997184753,-358.297210693,96.6755752563,159.953430176,-143.923446655,77.3987808228,-138.298950195,79.9833755493,-63.2108001709,-69.2062759399,48.9948310852],[-343.491210938,-25.1997184753,502.947418213,187.892654419,-10.6575956345,204.581756592,-39.4090919495,177.3853302,-36.2057952881,59.3287124634,-30.8549137115,10.9194202423,-1.01475954056],[200.797958374,-358.297210693,187.892654419,553.63873291,216.003326416,-65.3322067261,214.875671387,3.33625888824,158.738510132,-65.8392944336,36.0983734131,18.8596992493,-32.9783248901],[310.608795166,96.6755752563,-10.6575956345,216.003326416,301.869506836,70.1695861816,97.8910827637,6.48747873306,53.9998703003,2.69184041023,14.9579381943,-18.8807735443,-12.3534221649],[-17.3306941986,159.953430176,204.581756592,-65.3322067261,70.1695861816,388.619842529,-89.9397354126,149.45539856,-116.375846863,109.932037354,-31.2641448975,-13.1060829163,-2.59377384186],[299.255554199,-143.923446655,-39.4090919495,214.875671387,97.8910827637,-89.9397354126,302.886901855,-78.1792755127,143.269989014,-85.5020751953,49.4867744446,19.6478900909,-23.0415744781],[-34.6296691895,77.3987808228,177.3853302,3.33625888824,6.48747873306,149.45539856,-78.1792755127,220.568145752,-63.4359512329,66.9876098633,-38.4589424133,-12.1883354187,20.0434684753],[112.993690491,-138.298950195,-36.2057952881,158.738510132,53.9998703003,-116.375846863,143.269989014,-63.4359512329,195.227600098,-17.120016098,51.9672088623,18.1423873901,-37.0321350098],[12.4740867615,79.9833755493,59.3287124634,-65.8392944336,2.69184041023,109.932037354,-85.5020751953,66.9876098633,-17.120016098,127.143348694,25.0702667236,-10.6052484512,-7.9968829155],[85.9598083496,-63.2108001709,-30.8549137115,36.0983734131,14.9579381943,-31.2641448975,49.4867744446,-38.4589424133,51.9672088623,25.0702667236,79.2429351807,37.1902313232,-14.5517940521],[-75.3348007202,-69.2062759399,10.9194202423,18.8596992493,-18.8807735443,-13.1060829163,19.6478900909,-12.1883354187,18.1423873901,-10.6052484512,37.1902313232,66.0554504395,28.5596065521],[-177.332687378,48.9948310852,-1.01475954056,-32.9783248901,-12.3534221649,-2.59377384186,-23.0415744781,20.0434684753,-37.0321350098,-7.9968829155,-14.5517940521,28.5596065521,79.1888885498]],"icov":[[0.0000858409403008,-0.0000869229697855,0.000188969526789,-0.000187060650205,0.0000949059831328,-0.0000140369929795,-0.000121576835227,-0.0000614150048932,0.000133822555654,-0.000184925156645,0.000139625597512,-0.000199411922949,0.00030652640271],[-0.0000869229697855,0.00188938598149,-0.00180094211828,0.00325061217882,-0.00293831457384,0.00091153732501,-0.0000379136072297,-0.000102809186501,-0.000374742376152,0.000836211605929,-0.000855656864587,0.00189855694771,-0.00137927010655],[0.000188969526789,-0.00180094211828,0.00792658515275,-0.00762412045151,0.00646116025746,-0.00373932579532,0.0000563743888051,-0.00157981785014,0.00111467496026,-0.00343375792727,0.00411419058219,-0.00412649521604,0.00218442291953],[-0.000187060650205,0.00325061217882,-0.00762412045151,0.012949029915,-0.0103341303766,0.00451744906604,-0.0011890232563,-0.000893779564649,-0.00255512422882,0.00466038892046,-0.00319950538687,0.00254912720993,-0.000950580346398],[0.0000949059831328,-0.00293831457384,0.00646116025746,-0.0103341303766,0.013431196101,-0.00641087209806,0.000630317430478,0.000142320524901,-0.000726818630937,-0.000449529587058,-0.00207568658516,0.00357063836418,-0.00221219565719],[-0.0000140369929795,0.00091153732501,-0.00373932579532,0.00451744906604,-0.00641087209806,0.0100265974179,-0.00385769456625,-0.000583173416089,0.00553164258599,-0.00878310855478,0.00929552037269,-0.0094727165997,0.00641580065712],[-0.000121576835227,-0.0000379136072297,0.0000563743888051,-0.0011890232563,0.000630317430478,-0.00385769456625,0.0103531470522,-0.000504177529365,-0.00672834319994,0.0119518134743,-0.0124595621601,0.00945431087166,-0.00527000613511],[-0.0000614150048932,-0.000102809186501,-0.00157981785014,-0.000893779564649,0.000142320524901,-0.000583173416089,-0.000504177529365,0.00912071671337,0.00126300007105,-0.00553386146203,0.00593466078863,-0.00201834482141,-0.0010682499269],[0.000133822555654,-0.000374742376152,0.00111467496026,-0.00255512422882,-0.000726818630937,0.00553164258599,-0.00672834319994,0.00126300007105,0.0152626512572,-0.0117500070482,0.0092249372974,-0.0118108913302,0.00917780864984],[-0.000184925156645,0.000836211605929,-0.00343375792727,0.00466038892046,-0.000449529587058,-0.00878310855478,0.0119518134743,-0.00553386146203,-0.0117500070482,0.0369857884943,-0.0359351634979,0.0285478718579,-0.013173289597],[0.000139625597512,-0.000855656864587,0.00411419058219,-0.00319950538687,-0.00207568658516,0.00929552037269,-0.0124595621601,0.00593466078863,0.0092249372974,-0.0359351634979,0.0615598298609,-0.0476105324924,0.0235836990178],[-0.000199411922949,0.00189855694771,-0.00412649521604,0.00254912720993,0.00357063836418,-0.0094727165997,0.00945431087166,-0.00201834482141,-0.0118108913302,0.0285478718579,-0.0476105324924,0.0605593211949,-0.0303341094404],[0.00030652640271,-0.00137927010655,0.00218442291953,-0.000950580346398,-0.00221219565719,0.00641580065712,-0.00527000613511,-0.0010682499269,0.00917780864984,-0.013173289597,0.0235836990178,-0.0303341094404,0.0306373983622]],"mean":[-54.1942939758,122.336761475,-113.930168152,0.0346069149673,-20.4529647827,-14.1330842972,-9.3188123703,-17.0015850067,-2.10454487801,-7.45498132706,-6.52382946014,-2.01726770401,-7.44359540939]},"hfc":{"dmean":7.83231830597,"dmean2":10.4657249451,"dvar":139.091842651,"dvar2":234.19732666,"max":141.899810791,"mean":15.0073184967,"median":9.40441036224,"min":0.0000021424186798,"var":318.393188477},"melbands":{"dmean":[0.00264762830921,0.00268614804372,0.000471445906442,0.000524835719261,0.000264491245616,0.000214565283386,0.000234376988374,0.000165270117577,0.000102892336145,0.0000820056957309,0.0000909809677978,0.0000939843594097,0.0000437496419181,0.0000463111318822,0.0000535497856617,0.0000574443365622,0.0000451211963082,0.0000343216088368,0.0000265964390564,0.0000210249527299,0.0000165298770298,0.0000152650954988,0.0000153850669449,0.00000898503094504,0.00000786833334132,0.00000488990463055,0.00000374695719074,0.00000195971097128,0.00000152267000431,0.00000118472087252,7.34479272069e-7,5.29761962298e-7,5.14192549872e-7,4.3018951601e-7,2.66658560122e-7,1.41968101275e-7,4.42054854943e-8,1.89721411914e-8,1.64129492219e-8,1.44519729517e-8],"dmean2":[0.00418114848435,0.00439018337056,0.000791946891695,0.000879133760463,0.000425221805926,0.000329862057697,0.000356297328835,0.000271763972705,0.000168654238223,0.000129463689518,0.000144041376188,0.000149400788359,0.0000699063748471,0.0000747397352825,0.0000843364468892,0.000093105736596,0.000072096088843,0.0000546014707652,0.0000422820994572,0.0000325942892232,0.0000244027651206,0.0000218060122279,0.0000223094866669,0.0000129229447339,0.0000112460020318,0.0000071592853601,0.00000552715391677,0.00000277573485619,0.00000219648177335,0.00000171092187884,0.00000105075332613,7.72011333083e-7,7.61216767842e-7,6.38206984149e-7,3.97082857262e-7,2.13588620568e-7,6.74642919307e-8,3.11403987041e-8,2.70477631403e-8,2.3814894945e-8],"dvar":[0.0000287268903776,0.0000452310159744,8.30468763979e-7,0.00000187112595995,1.85828241683e-7,1.76927159146e-7,3.0568489251e-7,1.33776921984e-7,3.43094122002e-8,2.42314843746e-8,3.68622217195e-8,6.51057376899e-8,9.27323551281e-9,1.36731106437e-8,1.5305646528e-8,2.9178139016e-8,1.2032015384e-8,4.59040805367e-9,3.08257064319e-9,1.86548154701e-9,1.46749135066e-9,1.22457677332e-9,1.46262812972e-9,3.87542276048e-10,2.64964827856e-10,1.19647666774e-10,6.54771098452e-11,1.41285837196e-11,8.78125090004e-12,5.4002670391e-12,1.9246483747e-12,8.97824024328e-13,8.24463706941e-13,5.80515344996e-13,2.28498616512e-13,6.40268952223e-14,5.11072998835e-15,1.44542276097e-15,1.10553628545e-15,8.56680123128e-16],"dvar2":[0.0000698384392308,0.000108179316157,0.00000221232357944,0.00000502522925672,4.49172461003e-7,3.91160028812e-7,6.16967781752e-7,3.46140609508e-7,8.90197071612e-8,5.75965231064e-8,8.64448637117e-8,1.62028314321e-7,2.16999627156e-8,3.44998447588e-8,3.65143186798e-8,7.14116055178e-8,3.01798799285e-8,1.15439018344e-8,7.54978124462e-9,4.27873692033e-9,3.17787551829e-9,2.50091969356e-9,3.18195403359e-9,7.76907038702e-10,5.39678191025e-10,2.64644972603e-10,1.51260989845e-10,2.88726646758e-11,1.94587349706e-11,1.19444766578e-11,4.10341942716e-12,1.93668843983e-12,1.83990691606e-12,1.28910738421e-12,5.04927751086e-13,1.41300382853e-13,1.14622277192e-14,3.63973106754e-15,2.79668108096e-15,2.16782560971e-15],"max":[0.0450283437967,0.0834521651268,0.0106976218522,0.0270426310599,0.0101304380223,0.0100538572297,0.00887371227145,0.00779714575037,0.00463005527854,0.00440180581063,0.00501180300489,0.00725169572979,0.00289928680286,0.00708877528086,0.00370598770678,0.00858543254435,0.00486636580899,0.00259412592277,0.00200475286692,0.000737477850635,0.000657934986521,0.000553523481358,0.000669472385198,0.000323864165694,0.000311763229547,0.000209508812986,0.000160705836606,0.0000742465417716,0.0000633555537206,0.0000500010719406,0.0000349295078195,0.0000241768466367,0.0000185989847523,0.0000140687598105,0.00000756455301598,0.00000353102041117,0.00000100539944015,6.11566008502e-7,5.12767769578e-7,4.48463708835e-7],"mean":[0.00269607105292,0.0025687601883,0.000587015761994,0.000604577711783,0.000433082663221,0.000328615453327,0.000301368098008,0.000207084885915,0.000158178634592,0.000124394660816,0.000139706389746,0.000153788132593,0.0000683337129885,0.0000682981699356,0.00008696167788,0.0000818696498754,0.0000673631438985,0.0000469564802188,0.0000346831693605,0.000025486220693,0.0000195353386516,0.0000176828016265,0.0000165269830177,0.000010355408449,0.00000868740062288,0.00000535588469575,0.00000402378691433,0.00000225561757361,0.00000168452288563,0.00000128362512442,8.04950389011e-7,5.62490527045e-7,5.16345437518e-7,4.18182878548e-7,2.59503565303e-7,1.39939160704e-7,4.682507182e-8,1.85762853988e-8,1.5789501262e-8,1.39449394254e-8],"median":[0.000631459173746,0.000655346666463,0.000260682747466,0.000222012226004,0.000235507701291,0.000124522048282,0.0000882988897501,0.0000713438930688,0.0000676569761708,0.0000511567122885,0.000056614739151,0.0000457954593003,0.0000213358071051,0.0000220075653488,0.0000283759036392,0.0000281519787677,0.0000238537868427,0.0000185988828889,0.0000137547795021,0.00000902645297174,0.00000511896450917,0.00000376679872716,0.00000291308015221,0.0000020129823497,0.00000163787149177,9.37148854518e-7,6.93102492733e-7,4.58298160311e-7,3.45701209881e-7,2.61644743205e-7,1.64427689242e-7,1.21831817523e-7,9.37338455742e-8,7.02739413327e-8,4.33698232882e-8,2.6729615854e-8,1.40746863053e-8,5.26408694412e-9,4.08085387704e-9,3.64939034547e-9],"min":[2.10277325066e-12,6.41578261872e-13,4.82632488662e-13,4.81820800705e-13,3.72295808548e-13,2.84545444932e-13,1.8244902659e-13,6.08816979036e-13,9.62035572732e-13,1.25320988396e-12,1.01890284404e-12,2.56058981527e-13,1.34030655498e-12,1.68509802466e-12,1.80156421465e-12,1.63457810655e-12,1.44658222033e-12,6.63749383147e-13,4.38402406825e-13,2.193545096e-13,7.0537716293e-13,6.01012620748e-13,3.70224494508e-13,3.82698918128e-13,2.17129753847e-13,6.97400524916e-13,8.39005677e-13,5.54429982827e-13,1.03355019855e-12,5.80766500429e-13,4.77181608029e-13,5.95809371891e-13,4.53830793475e-13,2.59497989503e-13,1.42425323922e-13,2.40865622803e-13,1.62201930489e-13,1.34966175605e-13,6.69537464208e-14,1.44922200867e-13],"var":[0.0000288342489512,0.000041527000576,8.84286578184e-7,0.00000172748241312,3.83576974627e-7,3.442553691e-7,4.72206920676e-7,1.48383747955e-7,6.45000994837e-8,4.80481610055e-8,7.23405051417e-8,1.53577474293e-7,1.79724750637e-8,2.45050451042e-8,3.34189920181e-8,4.50256258944e-8,2.68573714379e-8,6.70522704027e-9,3.86656573426e-9,2.38023467602e-9,1.99514538224e-9,1.74876879644e-9,1.81735104743e-9,5.74985226098e-10,3.79369285985e-10,1.55427365423e-10,7.93834720181e-11,2.27544788567e-11,1.2669081062e-11,7.20249120761e-12,2.75782586871e-12,1.22731089614e-12,1.05909194175e-12,7.06059126096e-13,2.6558513418e-13,7.36666925919e-14,6.33387690441e-15,1.52354926838e-15,1.15270755028e-15,8.9376904891e-16]},"melbands_crest":{"dmean":4.72141170502,"dmean2":7.64918136597,"dvar":15.5358476639,"dvar2":37.5552787781,"max":37.4339790344,"mean":15.0138597488,"median":14.0669574738,"min":2.66580033302,"var":37.0301628113},"melbands_flatness_db":{"dmean":0.0430412329733,"dmean2":0.0651256218553,"dvar":0.00119913381059,"dvar2":0.00288263475522,"max":0.491432875395,"mean":0.252108007669,"median":0.252337157726,"min":0.0217768270522,"var":0.00381254707463},"melbands_kurtosis":{"dmean":8.25572872162,"dmean2":13.5282487869,"dvar":229.84727478,"dvar2":583.808349609,"max":293.096862793,"mean":9.76493453979,"median":4.20877695084,"min":-1.8706972599,"var":301.829223633},"melbands_skewness":{"dmean":0.989647686481,"dmean2":1.5423412323,"dvar":1.0530115366,"dvar2":2.58014941216,"max":13.6364679337,"mean":2.25086069107,"median":1.90475702286,"min":-2.99729728699,"var":2.70672821999},"melbands_spread":{"dmean":7.74824094772,"dmean2":12.2404375076,"dvar":67.0584182739,"dvar2":158.892471313,"max":135.848129272,"mean":19.1977577209,"median":16.5793991089,"min":0.59117269516,"var":162.742736816},"mfcc":{"cov":[[10039.9814453,960.643432617,-909.979736328,857.289916992,-300.001098633,519.604248047,-108.88483429,362.671936035,-167.888595581,213.450836182,87.326675415,149.464645386,116.207382202],[960.643432617,1565.66906738,-109.393005371,-352.242492676,120.921546936,-14.1813755035,100.378692627,-137.943511963,45.5908241272,-28.9195766449,8.70346546173,-40.0202102661,-34.7059020996],[-909.979736328,-109.393005371,568.749938965,-88.0841140747,111.695518494,-38.9240913391,79.3055801392,16.2639923096,70.1320114136,16.4796390533,16.5404224396,7.41307497025,2.83670687675],[857.289916992,-352.242492676,-88.0841140747,673.963562012,-25.9359741211,108.899139404,-55.5629196167,192.300430298,18.1692504883,71.6998825073,15.2555112839,32.3779258728,35.9165534973],[-300.001098633,120.921546936,111.695518494,-25.9359741211,311.218536377,42.0793495178,111.871276855,-17.2281341553,82.495803833,14.8452482224,37.5031280518,18.0856533051,10.3402452469],[519.604248047,-14.1813755035,-38.9240913391,108.899139404,42.0793495178,228.870773315,50.2160301208,73.8293838501,-4.66378164291,49.8056945801,27.4758720398,39.6958427429,36.1923370361],[-108.88483429,100.378692627,79.3055801392,-55.5629196167,111.871276855,50.2160301208,181.603378296,28.8701477051,62.9233970642,-4.34068155289,14.2323493958,4.33505678177,11.9966182709],[362.671936035,-137.943511963,16.2639923096,192.300430298,-17.2281341553,73.8293838501,28.8701477051,165.7940979,35.8252105713,37.2055015564,-5.54026317596,14.1019706726,20.4358329773],[-167.888595581,45.5908241272,70.1320114136,18.1692504883,82.495803833,-4.66378164291,62.9233970642,35.8252105713,110.4793396,25.1987628937,7.69067239761,-8.75290679932,-0.807441592216],[213.450836182,-28.9195766449,16.4796390533,71.6998825073,14.8452482224,49.8056945801,-4.34068155289,37.2055015564,25.1987628937,81.2336654663,43.3763160706,24.6263065338,9.7672958374],[87.326675415,8.70346546173,16.5404224396,15.2555112839,37.5031280518,27.4758720398,14.2323493958,-5.54026317596,7.69067239761,43.3763160706,88.288269043,54.5641746521,17.5790920258],[149.464645386,-40.0202102661,7.41307497025,32.3779258728,18.0856533051,39.6958427429,4.33505678177,14.1019706726,-8.75290679932,24.6263065338,54.5641746521,83.5095367432,42.5052146912],[116.207382202,-34.7059020996,2.83670687675,35.9165534973,10.3402452469,36.1923370361,11.9966182709,20.4358329773,-0.807441592216,9.7672958374,17.5790920258,42.5052146912,62.457649231]],"icov":[[0.00018538608856,-0.000196067092475,0.000179257811396,-0.000173535052454,0.000113995636639,-0.000132145243697,-0.0000270994187304,-0.000290106108878,0.000355750351446,-0.000331966788508,0.0000501590366184,-0.000154536552145,-0.0000568313080294],[-0.000196067092475,0.00103325035889,0.000122366283904,0.000537901301868,-0.000270609249128,-0.0000192825536942,-0.000237829619437,0.000706412480213,-0.000800237176009,0.000316670601023,-0.000232856109506,0.000470857106848,0.000179819078767],[0.000179257811396,0.000122366283904,0.00243363203481,0.000368987821275,-0.000554414582439,0.000655053125229,-0.000597602396738,-0.000881519401446,-0.000106512699858,-0.00110700458754,0.000172578351339,-0.000385879393434,-0.000087055748736],[-0.000173535052454,0.000537901301868,0.000368987821275,0.00302200298756,-0.00075989542529,-0.000184960124898,0.00161676562857,-0.00292525161058,-0.00051034858916,0.0000497929941048,-0.000939486490097,0.00087785726646,-0.000600614584982],[0.000113995636639,-0.000270609249128,-0.000554414582439,-0.00075989542529,0.0056459615007,-0.00144987122621,-0.0020147592295,0.00267066154629,-0.00342225353234,0.000647331238724,-0.000684688333422,-0.00114885938819,0.000347373686964],[-0.000132145243697,-0.0000192825536942,0.000655053125229,-0.000184960124898,-0.00144987122621,0.00787790585309,-0.00288005615585,-0.00217441446148,0.0041284179315,-0.00495729176328,0.0014901671093,-0.000859173072968,-0.00175467028748],[-0.0000270994187304,-0.000237829619437,-0.000597602396738,0.00161676562857,-0.0020147592295,-0.00288005615585,0.0110115939751,-0.00329454452731,-0.00456224568188,0.00593726616353,-0.00396263971925,0.00222684442997,-0.00140658661257],[-0.000290106108878,0.000706412480213,-0.000881519401446,-0.00292525161058,0.00267066154629,-0.00217441446148,-0.00329454452731,0.0146285407245,-0.00463881855831,-0.00288740172982,0.00566505454481,-0.00329108885489,0.000355633208528],[0.000355750351446,-0.000800237176009,-0.000106512699858,-0.00051034858916,-0.00342225353234,0.0041284179315,-0.00456224568188,-0.00463881855831,0.0189307983965,-0.00798884220421,0.000864442205057,0.00343739753589,-0.00132843153551],[-0.000331966788508,0.000316670601023,-0.00110700458754,0.0000497929941048,0.000647331238724,-0.00495729176328,0.00593726616353,-0.00288740172982,-0.00798884220421,0.0269540231675,-0.0140608912334,0.00318628828973,0.000855721300468],[0.0000501590366184,-0.000232856109506,0.000172578351339,-0.000939486490097,-0.000684688333422,0.0014901671093,-0.00396263971925,0.00566505454481,0.000864442205057,-0.0140608912334,0.0298480745405,-0.0191206242889,0.00528866657987],[-0.000154536552145,0.000470857106848,-0.000385879393434,0.00087785726646,-0.00114885938819,-0.000859173072968,0.00222684442997,-0.00329108885489,0.00343739753589,0.00318628828973,-0.0191206242889,0.0336006395519,-0.0165399070829],[-0.0000568313080294,0.000179819078767,-0.000087055748736,-0.000600614584982,0.000347373686964,-0.00175467028748,-0.00140658661257,0.000355633208528,-0.00132843153551,0.000855721300468,0.00528866657987,-0.0165399070829,0.0272955503315]],"mean":[-705.206237793,173.251251221,-27.8405685425,24.9031124115,-0.253323614597,14.1931180954,-4.97969722748,4.41506242752,-2.57314348221,4.38265562057,1.2524163723,-1.68390822411,-1.47689318657]},"pitch_salience":{"dmean":0.100057795644,"dmean2":0.1643088907,"dvar":0.00767858326435,"dvar2":0.0201682522893,"max":0.915301024914,"mean":0.566229462624,"median":0.581678450108,"min":0.117256551981,"var":0.0143545614555},"silence_rate_20dB":{"dmean":0,"dmean2":0,"dvar":0,"dvar2":0,"max":1,"mean":1,"median":1,"min":1,"var":0},"silence_rate_30dB":{"dmean":0.0561426132917,"dmean2":0.112294286489,"dvar":0.052994761616,"dvar2":0.119360990822,"max":1,"mean":0.951685726643,"median":1,"min":0,"var":0.0459720902145},"silence_rate_60dB":{"dmean":0.0443655736744,"dmean2":0.0887382999063,"dvar":0.0423893965781,"dvar2":0.094097726047,"max":1,"mean":0.1287304461,"median":0,"min":0,"var":0.112177483737},"spectral_centroid":{"dmean":303.083618164,"dmean2":429.034484863,"dvar":93487.390625,"dvar2":175649.296875,"max":11573.4951172,"mean":1071.47717285,"median":929.698242188,"min":187.234481812,"var":299644.15625},"spectral_complexity":{"dmean":5.30531597137,"dmean2":7.16005182266,"dvar":33.2720413208,"dvar2":49.4794273376,"max":58,"mean":17.3269882202,"median":16,"min":0,"var":127.385444641},"spectral_contrast_coeffs":{"dmean":[0.0566150434315,0.0513505749404,0.0406570024788,0.0325734242797,0.0271751899272,0.0611626468599],"dmean2":[0.0922089889646,0.0847467705607,0.0661975964904,0.0530402101576,0.0430019274354,0.0893002897501],"dvar":[0.00201318319887,0.00172368087806,0.00105670082849,0.0006709661684,0.000548544339836,0.0027787159197],"dvar2":[0.00514882802963,0.00447606667876,0.00270410510711,0.00177233212162,0.00132294476498,0.00568178063259],"max":[-0.286499857903,-0.497583985329,-0.562161445618,-0.546109199524,-0.649147868156,-0.431079626083],"mean":[-0.669518053532,-0.760668635368,-0.792496860027,-0.806482613087,-0.818132519722,-0.743383049965],"median":[-0.673753619194,-0.76444375515,-0.797354221344,-0.808423638344,-0.818929553032,-0.757027089596],"min":[-0.949695050716,-0.965833127499,-0.97191542387,-0.959843695164,-0.961718201637,-0.959434449673],"var":[0.00718021020293,0.00426180008799,0.00352680217475,0.00199998542666,0.00136150466278,0.00756333116442]},"spectral_contrast_valleys":{"dmean":[0.505392313004,0.418996632099,0.414863049984,0.467421621084,0.577626109123,0.754612565041],"dmean2":[0.764782190323,0.654853999615,0.627017080784,0.665276885033,0.697401583195,1.20020616055],"dvar":[0.212954923511,0.138666763902,0.151954755187,0.203250154853,0.238811835647,0.399243086576],"dvar2":[0.404949367046,0.285324454308,0.300629287958,0.409728288651,0.396283358335,1.03740942478],"max":[-4.78165197372,-4.68857097626,-5.17400121689,-5.28857135773,-5.66527795792,-9.11939716339],"mean":[-7.40086841583,-6.7442650795,-7.25217819214,-7.49236822128,-8.0675163269,-11.7314100266],"median":[-7.09967517853,-6.51172542572,-7.01669502258,-7.28083324432,-8.00656890869,-11.5791015625],"min":[-27.3535575867,-27.3869838715,-27.1507892609,-27.421672821,-27.2429962158,-27.2585754395],"var":[1.78770244122,1.44159841537,1.45899856091,1.48366355896,1.48041689396,1.45063519478]},"spectral_decrease":{"dmean":4.80175454953e-9,"dmean2":7.0231833682e-9,"dvar":7.33651433041e-17,"dvar2":1.59115853826e-16,"max":-3.33544600883e-17,"mean":-7.66603136526e-9,"median":-4.57921967012e-9,"min":-9.18907758773e-8,"var":1.00184370319e-16},"spectral_energy":{"dmean":0.018721530214,"dmean2":0.0272131953388,"dvar":0.00109571579378,"dvar2":0.00235318415798,"max":0.356837958097,"mean":0.030294585973,"median":0.0182042252272,"min":3.20211246407e-10,"var":0.00152907217853},"spectral_energyband_high":{"dmean":0.00020037543436,"dmean2":0.000278087536572,"dvar":9.74238858475e-8,"dvar2":1.89604136835e-7,"max":0.00546402018517,"mean":0.000226613454288,"median":0.000050097820349,"min":1.69768019087e-10,"var":1.62322450592e-7},"spectral_energyband_low":{"dmean":0.0137429032475,"dmean2":0.0213367585093,"dvar":0.000802300113719,"dvar2":0.00189553108066,"max":0.316788643599,"mean":0.0152846323326,"median":0.00506588537246,"min":1.07467723956e-11,"var":0.000834012578707},"spectral_energyband_middle_high":{"dmean":0.00262169330381,"dmean2":0.00381564139389,"dvar":0.000016614299966,"dvar2":0.0000343661668012,"max":0.0958421677351,"mean":0.00534676853567,"median":0.00284416321665,"min":1.09595256481e-10,"var":0.0000485334785481},"spectral_energyband_middle_low":{"dmean":0.0046311202459,"dmean2":0.00708880042657,"dvar":0.0000642169397906,"dvar2":0.000157069473062,"max":0.134453743696,"mean":0.00875522103161,"median":0.00577608775347,"min":2.18346191821e-11,"var":0.000100862445834},"spectral_entropy":{"dmean":0.249220058322,"dmean2":0.343370914459,"dvar":0.0469741523266,"dvar2":0.0886476561427,"max":9.79973125458,"mean":7.36322498322,"median":7.40484714508,"min":5.36125469208,"var":0.159183010459},"spectral_flux":{"dmean":0.0366489514709,"dmean2":0.05708989501,"dvar":0.00221513956785,"dvar2":0.00490573886782,"max":0.478946208954,"mean":0.097965285182,"median":0.0817433148623,"min":0.0000884174805833,"var":0.00487457355484},"spectral_kurtosis":{"dmean":4.64714956284,"dmean2":7.25489521027,"dvar":31.1935977936,"dvar2":75.9531173706,"max":81.6780929565,"mean":13.884185791,"median":11.7033634186,"min":-1.1513723135,"var":53.6739654541},"spectral_rms":{"dmean":0.00138710648753,"dmean2":0.00189154874533,"dvar":0.00000298962982015,"dvar2":0.00000547211175217,"max":0.0186583660543,"mean":0.00461965613067,"median":0.00421428773552,"min":5.58928661576e-7,"var":0.00000821444064059},"spectral_rolloff":{"dmean":498.47567749,"dmean2":822.312866211,"dvar":856560.8125,"dvar2":2217643,"max":18927.6855469,"mean":1143.4128418,"median":882.861328125,"min":43.06640625,"var":1953189.75},"spectral_skewness":{"dmean":0.468712568283,"dmean2":0.664668321609,"dvar":0.19724625349,"dvar2":0.425265789032,"max":6.97904539108,"mean":2.38798975945,"median":2.26224327087,"min":-0.0365972183645,"var":0.547662496567},"spectral_spread":{"dmean":572997.6875,"dmean2":862454.5625,"dvar":328200421376,"dvar2":636031467520,"max":39733344,"mean":2954724.5,"median":2873466.25,"min":728005.5,"var":856243699712},"spectral_strongpeak":{"dmean":0.410786509514,"dmean2":0.695399105549,"dvar":0.449532032013,"dvar2":1.10282802582,"max":12.6639194489,"mean":0.563758134842,"median":0.288603574038,"min":0,"var":0.768643915653},"zerocrossingrate":{"dmean":0.0125797111541,"dmean2":0.0144675578922,"dvar":0.000183376891073,"dvar2":0.000227949378313,"max":0.328125,"mean":0.0492578409612,"median":0.03955078125,"min":0.0009765625,"var":0.00134511291981}},"metadata":{"audio_properties":{"analysis_sample_rate":44100,"bit_rate":320000,"codec":"mp3","downmix":"mix","equal_loudness":0,"length":287.856964111,"lossless":false,"md5_encoded":"f3927c6c44a6abdbbea5bf6c62df3369","replay_gain":-4.09639549255,"sample_rate":48000},"tags":{"album":["Remain in Light"],"albumartist":["Talking Heads"],"albumartistsort":["Talking Heads","Talking Heads"],"artist":["Talking Heads"],"artistsort":["Talking Heads"],"barcode":["07599260951"],"catalognumber":["SRK 6095"],"composer":["David Byrne/Brian Eno"],"date":["1980"],"discnumber":["1/1"],"file_name":"02. Talking Heads - Crosseyed and Painless.mp3","genre":["New Wave"],"isrc":["USWB10502867"],"label":["Sire Records"],"language":["eng"],"musicbrainz album release country":["US"],"musicbrainz album status":["official"],"musicbrainz album type":["album"],"musicbrainz_albumartistid":["a94a7155-c79d-4409-9fcf-220cb0e4dc3a"],"musicbrainz_albumid":["6d9db0cb-c7e5-31d0-ac93-0db4d4b6d829"],"musicbrainz_artistid":["a94a7155-c79d-4409-9fcf-220cb0e4dc3a"],"musicbrainz_recordingid":["1152b51b-9df7-4137-b085-74d1019c84a3"],"script":["Latn"],"title":["Crosseyed and Painless"],"tracknumber":["2/8"]},"version":{"essentia":"2.1-beta1","essentia_build_sha":"ca57ba49d9b1854bd80e60cf9ccf267278fb7d6b","essentia_git_sha":"v2.1_beta1-28-g21ef5f4-dirty","extractor":"music 1.0"}},"rhythm":{"beats_count":646,"beats_loudness":{"dmean":0.0526620261371,"dmean2":0.0994839295745,"dvar":0.00170300027821,"dvar2":0.00538749853149,"max":0.220522299409,"mean":0.0602358654141,"median":0.0536607280374,"min":2.59106638367e-8,"var":0.00192493200302},"beats_loudness_band_ratio":{"dmean":[0.323198229074,0.141551986337,0.133180513978,0.0882289782166,0.0901618674397,0.0351685360074],"dmean2":[0.525003492832,0.249357655644,0.243804976344,0.158028125763,0.166388273239,0.0601359419525],"dvar":[0.0507095567882,0.0246280916035,0.0192294102162,0.0094257351011,0.00