{"lowlevel":{"average_loudness":0.757539451122,"barkbands":{"dmean":[0.00193616945762,0.00405857572332,0.00155061017722,0.00163549475837,0.00202569225803,0.00198509264737,0.00160150334705,0.000850980286486,0.000747403246351,0.000680972239934,0.000560673244763,0.000454702327261,0.000197537374333,0.00015605930821,0.0000850665164762,0.0000887993592187,0.0000502336370118,0.0000298805061902,0.0000270515211014,0.0000199347705347,0.0000114993717943,0.00000491442870043,0.00000273057730737,0.00000176517050932,0.00000159462445026,0.00000261850595962,0.000100294731965],"dmean2":[0.002973965602,0.00677757337689,0.00271196477115,0.0026587981265,0.00330988829955,0.00312314438634,0.00253789429553,0.00129874586128,0.00121762719937,0.00107696908526,0.000892563606612,0.000722792756278,0.000313493801514,0.000250972865615,0.000136410992127,0.000140006144647,0.0000787719982327,0.000045776279876,0.0000411643231928,0.0000292765089398,0.0000168158821907,0.00000740333780413,0.00000424779727837,0.00000287172338176,0.00000262443609245,0.00000404758839068,0.00014632253442],"dvar":[0.000015549669115,0.0000767783785705,0.00000729367229724,0.00000874866600498,0.0000149825455082,0.0000218908935494,0.0000135590589707,0.00000545667171536,0.00000732805892767,0.00000376848061023,0.00000268043004326,0.00000315437227982,2.0091982833e-7,9.42395459447e-8,2.73532343442e-8,4.85750817347e-8,1.865794097e-8,8.93556162396e-9,6.26745721988e-9,6.25845997249e-9,2.35997932307e-9,1.94328372838e-10,3.09093549367e-11,1.15958024433e-11,9.86473402964e-12,2.74003875145e-11,3.28350466816e-8],"dvar2":[0.0000335014956363,0.000199902191525,0.0000210801645153,0.00002087422763,0.0000348066314473,0.0000518946872035,0.0000318345119013,0.0000121185212265,0.0000181086761586,0.00000844609803607,0.0000065811946115,0.00000683488724462,4.51500682175e-7,2.30027723092e-7,6.67087292072e-8,1.18702864427e-7,4.6091241046e-8,2.09689776653e-8,1.34711637401e-8,1.11122817614e-8,4.88527085452e-9,4.18205026165e-10,6.63299762338e-11,2.83183962391e-11,2.4337254434e-11,5.88292609072e-11,6.35424015627e-8],"max":[0.0528067424893,0.105752974749,0.0585918426514,0.0644301101565,0.131005778909,0.0892635881901,0.0886680185795,0.0816729664803,0.0837791264057,0.0750042051077,0.0687962919474,0.0720193013549,0.0144740566611,0.00715715438128,0.00430737063289,0.00647909194231,0.0048972023651,0.00434680329636,0.00337944738567,0.00385060207918,0.00267755310051,0.000843055197038,0.000146800521179,0.000080295256339,0.0000732144326321,0.000144299454405,0.00400160253048],"mean":[0.00246285670437,0.00442285556346,0.00195091264322,0.0025064216461,0.0035440181382,0.0032022446394,0.00268613174558,0.00132038129959,0.00112446001731,0.00100190751255,0.000823449983727,0.000702921359334,0.00033229458495,0.000257760140812,0.000150360006955,0.000154175184434,0.0000808804034023,0.0000472546635137,0.0000484610063722,0.0000366148960893,0.0000193707946892,0.00000697690938978,0.00000330735974785,0.00000189058857814,0.00000162856133556,0.00000332152694682,0.000258605257841],"median":[0.00056454888545,0.00150677782949,0.000884737703018,0.000998778617941,0.00167351425625,0.000809080607723,0.000541340792552,0.000291729433229,0.000189001089893,0.000250585086178,0.000233045837376,0.000189009297173,0.000128059939016,0.000115941140393,0.000069565801823,0.0000479305708723,0.0000257940355368,0.0000173756343429,0.0000189844649867,0.0000119544729387,0.00000588329794482,0.00000212513691622,9.65762183114e-7,6.3199070155e-7,5.05473735757e-7,0.00000117677757316,0.000148038816405],"min":[5.51213056953e-25,6.15948905684e-24,3.17309413712e-25,4.00307121228e-25,7.14852814992e-24,9.09023038204e-24,1.37257553437e-23,1.10468105308e-23,2.28018966699e-23,8.21579857898e-24,1.47443309668e-23,3.75977828523e-23,3.45909827141e-23,4.06063342618e-23,3.05972450082e-23,6.99045493956e-23,7.56246176847e-23,9.50137963713e-23,1.56230696348e-22,2.3268231163e-22,2.68264608512e-22,2.94144294913e-22,4.3128068247e-22,5.48724627965e-22,8.42886189465e-22,1.35497344118e-21,1.9743183615e-21],"var":[0.0000238438897213,0.0000703746409272,0.00000947139233176,0.0000194835447473,0.0000368625951523,0.0000467446479888,0.0000361786951544,0.0000127717703435,0.0000147248993017,0.0000078384164226,0.00000410068196288,0.00000562059858566,4.59167154077e-7,2.00868868205e-7,6.48378062351e-8,1.16036503073e-7,3.8888117615e-8,1.22427508131e-8,1.18188889786e-8,1.98129512796e-8,6.21012796742e-9,3.49709650127e-10,5.27285194674e-11,1.33164460361e-11,1.06843570449e-11,4.70904738814e-11,1.18018270712e-7]},"barkbands_crest":{"dmean":2.91294765472,"dmean2":4.81909894943,"dvar":6.46698474884,"dvar2":16.7870979309,"max":24.52917099,"mean":10.1705055237,"median":9.36173343658,"min":2.81362175941,"var":15.2235174179},"barkbands_flatness_db":{"dmean":0.0278286281973,"dmean2":0.0441801138222,"dvar":0.000570339034311,"dvar2":0.0014063520357,"max":0.419993042946,"mean":0.173311829567,"median":0.169098198414,"min":0.0252904165536,"var":0.00213816296309},"barkbands_kurtosis":{"dmean":6.59887552261,"dmean2":10.7306718826,"dvar":137.50642395,"dvar2":362.96762085,"max":271.699188232,"mean":13.2665662766,"median":8.78783035278,"min":-1.86243462563,"var":259.97277832},"barkbands_skewness":{"dmean":0.718045890331,"dmean2":1.13343250751,"dvar":0.567900836468,"dvar2":1.38527655602,"max":14.0166168213,"mean":2.51894712448,"median":2.31261348724,"min":-2.19299411774,"var":2.06510448456},"barkbands_spread":{"dmean":4.86115455627,"dmean2":7.57066869736,"dvar":33.1242675781,"dvar2":71.3977890015,"max":131.112869263,"mean":16.6188774109,"median":13.6356267929,"min":0.629067063332,"var":153.02835083},"dissonance":{"dmean":0.0295132417232,"dmean2":0.0499035380781,"dvar":0.000772770785261,"dvar2":0.0021679981146,"max":0.500000059605,"mean":0.446081995964,"median":0.454368799925,"min":0.00540823070332,"var":0.00143781129736},"dynamic_complexity":4.19491672516,"erbbands":{"dmean":[0.195773914456,0.672845125198,1.5862390995,3.68946409225,5.83034706116,7.2681221962,9.85474681854,18.0525302887,24.4292850494,19.038269043,17.3712215424,15.7548484802,22.9760112762,18.8587493896,18.0904884338,18.7506427765,8.93064212799,7.57530212402,5.17057418823,4.10732650757,4.48565483093,2.38884592056,1.68734490871,1.31358575821,1.33695006371,0.925289094448,0.628200411797,0.330307304859,0.185646995902,0.126206353307,0.0704799890518,0.0420276522636,0.0272317361087,0.0179230291396,0.0113292913884,0.0067056636326,0.00498355645686,0.00605476414785,0.00477729132399,0.00277100550011],"dmean2":[0.336335539818,1.11388230324,2.73664689064,6.11873102188,9.27103900909,12.1714458466,16.0111675262,28.395275116,38.4917068481,29.2738418579,26.9994411469,25.4853401184,36.6435508728,29.8875579834,28.5184516907,29.8315887451,14.1687822342,12.1194534302,8.19150066376,6.57648420334,6.99340391159,3.67055940628,2.55814838409,1.98178780079,2.00615787506,1.36181247234,0.935715854168,0.480412185192,0.277249664068,0.194198697805,0.109997816384,0.0678272470832,0.0444846265018,0.0294952690601,0.0186232421547,0.0108813429251,0.0076771765016,0.00873534940183,0.00644371192902,0.00389318959787],"dvar":[0.198704257607,2.13677215576,7.97551202774,39.6028900146,190.189559937,178.076873779,550.862792969,2180.22900391,3227.58007812,2973.98608398,2897.04003906,3576.97363281,5398.19091797,3244.05834961,1978.79638672,7289.03808594,421.247283936,212.029815674,94.3358840942,76.6212997437,125.136650085,32.9036178589,26.7205562592,14.6116838455,14.8102998734,15.2935752869,9.44658184052,1.31395196915,0.253517836332,0.118869140744,0.0202706996351,0.00649934075773,0.00279757473618,0.00125456962269,0.000492529303301,0.000159359842655,0.0000980389522738,0.000313838827424,0.000195401415112,0.000020721963665],"dvar2":[0.54585725069,5.42741584778,22.1112327576,101.837097168,454.008850098,448.659423828,1343.64050293,4967.94628906,7610.44482422,6845.25341797,6849.51171875,8742.67382812,12697.5214844,7968.55664062,4669.74658203,15507.2001953,938.983032227,522.29119873,220.71333313,187.696151733,310.318786621,77.2566757202,61.6357803345,31.5190849304,30.6684207916,28.063243866,19.304309845,2.48647069931,0.507206678391,0.263101428747,0.0439432747662,0.0155432103202,0.00686070043594,0.00309563498013,0.00121420365758,0.000389571679989,0.000208590136026,0.000585738744121,0.00029913749313,0.0000369630906789],"max":[5.15591955185,22.7773666382,48.6896247864,148.915084839,545.157897949,442.376617432,770.805358887,1131.18347168,1605.4855957,2182.78198242,2010.87719727,2022.84802246,3007.79882812,1912.94238281,1196.88500977,3687.83911133,560.960571289,280.161773682,255.71005249,260.03213501,353.831207275,147.037704468,221.198348999,187.405685425,170.279724121,213.344085693,153.792160034,51.7727622986,28.5228614807,19.1667137146,3.8147354126,1.87394273281,1.23746883869,0.825759470463,0.517582118511,0.29615649581,0.253683030605,0.704312086105,0.869987905025,0.113741628826],"mean":[0.196612715721,0.754866361618,2.06007432938,5.87000894547,9.7779083252,11.882311821,15.7769403458,29.3549900055,41.0698547363,33.1450920105,27.6526145935,26.0033321381,34.7947769165,30.0010662079,29.0330810547,29.7586212158,16.385471344,13.2908973694,9.98087978363,7.91470575333,8.16806411743,4.23334217072,2.7871363163,2.31594872475,2.44748520851,1.72613751888,1.09399402142,0.542210400105,0.274501442909,0.160973668098,0.084636233747,0.046685192734,0.0285549275577,0.018271047622,0.0116933239624,0.00741644902155,0.00647072121501,0.00902467593551,0.0103310197592,0.00980838481337],"median":[0.0542563460767,0.284663707018,1.02894306183,2.91058754921,3.86279368401,5.63938856125,6.19557142258,7.19954395294,8.92746829987,8.06727600098,5.52553367615,4.64430189133,8.16752529144,9.0902299881,9.20398426056,8.18703842163,6.76384210587,6.35625362396,4.99292469025,3.62312078476,2.49642729759,1.52832329273,1.04145145416,0.957519769669,0.889358401299,0.560093104839,0.330114483833,0.16816714406,0.0851104110479,0.0452070645988,0.0256445128471,0.0155640188605,0.00937115214765,0.00568029517308,0.00373501097783,0.00273229973391,0.00235194852576,0.00250764447264,0.00428840564564,0.00651322910562],"min":[1.10742351224e-22,1.33195203134e-21,1.49611577801e-21,2.43547498612e-21,1.10229022141e-20,2.96572586999e-20,4.67404124302e-20,8.87212017663e-20,1.0251512349e-19,3.29002377397e-19,2.15051527175e-19,5.20618378554e-19,7.61203342727e-19,8.39039900995e-19,1.34378075449e-18,1.69971739925e-18,1.58480112585e-18,2.57673026703e-18,2.64296861574e-18,3.6511971441e-18,4.32907910071e-18,5.23706161063e-18,5.86216654903e-18,7.12514602653e-18,6.94381562855e-18,1.05336868428e-17,1.09194276322e-17,1.05358515745e-17,1.14521832319e-17,1.21090043429e-17,1.26868222608e-17,9.6048953638e-18,1.01763224843e-17,6.84647342766e-18,6.40315094144e-18,4.8086002513e-18,2.40378706687e-18,9.25142164932e-19,2.51920828233e-19,2.48311428862e-20],"var":[0.163828775287,2.03745341301,9.8862285614,82.6534805298,401.357269287,369.445404053,986.633911133,4884.32421875,7915.01757812,7147.44921875,5625.17285156,8980.70898438,11145.4296875,5996.63525391,3824.47753906,12302.7519531,1001.3503418,467.495544434,263.949737549,176.096694946,326.245269775,69.3982009888,38.8959007263,24.3619651794,34.9424209595,46.3967132568,24.4272556305,3.67407441139,0.542813658714,0.186498075724,0.0332119390368,0.00811543129385,0.00311735225841,0.00135391845834,0.000537556537893,0.000185372904525,0.000175532375579,0.000711275613867,0.000674352340866,0.000116224284284]},"erbbands_crest":{"dmean":2.80248713493,"dmean2":4.64571285248,"dvar":7.003428936,"dvar2":17.8602809906,"max":31.5350818634,"mean":9.52008056641,"median":8.47235774994,"min":2.30718946457,"var":18.4173183441},"erbbands_flatness_db":{"dmean":0.0269219148904,"dmean2":0.0413027368486,"dvar":0.000502260925714,"dvar2":0.00116959400475,"max":0.366259604692,"mean":0.178622201085,"median":0.176857471466,"min":0.0348911359906,"var":0.00211366149597},"erbbands_kurtosis":{"dmean":1.1934980154,"dmean2":1.91223990917,"dvar":2.72781848907,"dvar2":6.5606918335,"max":38.0013809204,"mean":1.15351557732,"median":0.298992872238,"min":-1.83088743687,"var":7.1581029892},"erbbands_skewness":{"dmean":0.403033971786,"dmean2":0.630776882172,"dvar":0.12692181766,"dvar2":0.298113435507,"max":4.8916721344,"mean":0.475670427084,"median":0.441330373287,"min":-4.34491682053,"var":0.68273037672},"erbbands_spread":{"dmean":5.50902986526,"dmean2":8.55156707764,"dvar":30.5450458527,"dvar2":69.0569152832,"max":115.064086914,"mean":24.2266521454,"median":22.5947971344,"min":1.90886104107,"var":139.011627197},"gfcc":{"cov":[[14787.9443359,825.655273438,-882.159240723,-213.685745239,-321.831329346,-404.670837402,91.7424697876,-59.4339675903,38.4729766846,-33.6831283569,-10.8056049347,-15.1385498047,-74.7714996338],[825.655273438,797.162597656,-40.1326217651,-227.160110474,87.260887146,-114.922042847,31.0337467194,-64.5188751221,38.7512245178,-36.7242698669,27.6942062378,-75.8103561401,49.9123344421],[-882.159240723,-40.1326217651,481.026855469,219.292724609,-65.7897338867,166.213790894,-69.2791137695,69.2752075195,-18.5168647766,41.0479393005,-26.2447376251,-2.58035087585,-3.88530278206],[-213.685745239,-227.160110474,219.292724609,411.877624512,52.5710792542,29.8011512756,46.1424942017,-5.96142721176,-33.0474319458,33.1217956543,-25.0550632477,26.1592159271,-32.2657928467],[-321.831329346,87.260887146,-65.7897338867,52.5710792542,324.834747314,45.990814209,79.1452331543,-84.7840118408,12.1484203339,-43.6476173401,19.5462265015,-2.31322741508,10.5737762451],[-404.670837402,-114.922042847,166.213790894,29.8011512756,45.990814209,302.969451904,-45.7900085449,61.4756546021,-11.8636045456,9.28068161011,7.4603228569,23.8607807159,9.47562599182],[91.7424697876,31.0337467194,-69.2791137695,46.1424942017,79.1452331543,-45.7900085449,188.220291138,-4.90150499344,49.5642700195,2.77908563614,8.83645057678,21.3349323273,-12.0225687027],[-59.4339675903,-64.5188751221,69.2752075195,-5.96142721176,-84.7840118408,61.4756546021,-4.90150499344,162.479431152,54.3849220276,28.4045906067,-6.98344755173,0.696509301662,7.36248350143],[38.4729766846,38.7512245178,-18.5168647766,-33.0474319458,12.1484203339,-11.8636045456,49.5642700195,54.3849220276,125.720573425,33.541103363,-0.751150727272,9.37678623199,0.0117034511641],[-33.6831283569,-36.7242698669,41.0479393005,33.1217956543,-43.6476173401,9.28068161011,2.77908563614,28.4045906067,33.541103363,84.7308807373,37.7816238403,15.3804311752,1.15551149845],[-10.8056049347,27.6942062378,-26.2447376251,-25.0550632477,19.5462265015,7.4603228569,8.83645057678,-6.98344755173,-0.751150727272,37.7816238403,87.8216781616,41.0273933411,9.47311401367],[-15.1385498047,-75.8103561401,-2.58035087585,26.1592159271,-2.31322741508,23.8607807159,21.3349323273,0.696509301662,9.37678623199,15.3804311752,41.0273933411,85.0980834961,16.1676197052],[-74.7714996338,49.9123344421,-3.88530278206,-32.2657928467,10.5737762451,9.47562599182,-12.0225687027,7.36248350143,0.0117034511641,1.15551149845,9.47311401367,16.1676197052,67.2895278931]],"icov":[[0.000112394525786,-0.000322661187965,0.000527544587385,-0.00040686893044,0.00035019670031,-0.000245947972871,0.000124190977658,-0.000038437290641,-0.0000405623468396,0.00000723683160686,0.000144539983012,-0.00018904832541,0.000230547462706],[-0.000322661187965,0.00364763871767,-0.00322240567766,0.00283319689333,-0.00132412218954,0.00188350502867,-0.00142382562626,0.0014459816739,-0.00133894791361,0.00191318430007,-0.00332367420197,0.00395517144352,-0.00287650083192],[0.000527544587385,-0.00322240567766,0.00817223452032,-0.00617369124666,0.00384478829801,-0.00454489979893,0.00236703292467,-0.000636860146187,-0.000949739129283,-0.00020465675334,0.00119316054042,-0.000456984329503,0.000961920362897],[-0.00040686893044,0.00283319689333,-0.00617369124666,0.00931791588664,-0.0056253541261,0.00420400360599,-0.00244846078567,-0.00113604543731,0.00512541597709,-0.00615620240569,0.00507818395272,-0.0035468027927,0.00177878106479],[0.00035019670031,-0.00132412218954,0.00384478829801,-0.0056253541261,0.00997591763735,-0.00512878736481,-0.0013895604061,0.00535857211798,-0.00668424041942,0.00880316924304,-0.00758440839127,0.00618105055764,-0.00335142132826],[-0.000245947972871,0.00188350502867,-0.00454489979893,0.00420400360599,-0.00512878736481,0.00771339470521,0.000508482044097,-0.00343009689823,0.00342182372697,-0.002753629582,0.00199819612317,-0.00319251301698,0.00080137088662],[0.000124190977658,-0.00142382562626,0.00236703292467,-0.00244846078567,-0.0013895604061,0.000508482044097,0.00870124530047,-0.00155482417904,-0.00207765446976,-0.000432631437434,0.00130034284666,-0.00360752944835,0.00271976971999],[-0.000038437290641,0.0014459816739,-0.000636860146187,-0.00113604543731,0.00535857211798,-0.00343009689823,-0.00155482417904,0.0129246925935,-0.00846173707396,0.00485589215532,-0.00541226426139,0.00654855044559,-0.0046411450021],[-0.0000405623468396,-0.00133894791361,-0.000949739129283,0.00512541597709,-0.00668424041942,0.00342182372697,-0.00207765446976,-0.00846173707396,0.019874336198,-0.0150016993284,0.0131327677518,-0.0101770944893,0.00532460724935],[0.00000723683160686,0.00191318430007,-0.00020465675334,-0.00615620240569,0.00880316924304,-0.002753629582,-0.000432631437434,0.00485589215532,-0.0150016993284,0.0323431827128,-0.0230527836829,0.0128023270518,-0.00636239117011],[0.000144539983012,-0.00332367420197,0.00119316054042,0.00507818395272,-0.00758440839127,0.00199819612317,0.00130034284666,-0.00541226426139,0.0131327677518,-0.0230527836829,0.0340822972357,-0.0206296369433,0.00741691561416],[-0.00018904832541,0.00395517144352,-0.000456984329503,-0.0035468027927,0.00618105055764,-0.00319251301698,-0.00360752944835,0.00654855044559,-0.0101770944893,0.0128023270518,-0.0206296369433,0.0290854144841,-0.0110558615997],[0.000230547462706,-0.00287650083192,0.000961920362897,0.00177878106479,-0.00335142132826,0.00080137088662,0.00271976971999,-0.0046411450021,0.00532460724935,-0.00636239117011,0.00741691561416,-0.0110558615997,0.0212875660509]],"mean":[-61.4204902649,126.681182861,-84.1847686768,-16.416135788,-12.9409160614,-20.5983142853,-6.47194385529,-19.1629638672,-8.37187480927,-9.01567268372,-1.96972370148,-7.71507453918,-1.40896677971]},"hfc":{"dmean":22.0569992065,"dmean2":33.2257499695,"dvar":901.84765625,"dvar2":1938.46264648,"max":544.732543945,"mean":81.3171768188,"median":60.1739311218,"min":1.07117454106e-16,"var":5178.12304688},"melbands":{"dmean":[0.00143934658263,0.000795688130893,0.000676976982504,0.000440413801698,0.000344192580087,0.000410673848819,0.000357940589311,0.000200711103389,0.000143437355291,0.000102670957858,0.000115595765237,0.0000764234355302,0.0000685648483341,0.0000498985464219,0.0000403565245506,0.0000163699387485,0.0000153265518748,0.00000969439861365,0.00000641309225102,0.0000062530489231,0.00000537950654689,0.00000286608133138,0.00000184163138783,0.00000139355267947,0.00000109640245682,0.00000114067074719,8.39606343561e-7,6.14160057921e-7,4.49160182825e-7,2.88499876433e-7,1.67311029031e-7,1.09408418325e-7,8.91605154152e-8,6.48147207016e-8,4.29459312556e-8,3.05710692317e-8,2.39213342468e-8,1.952369999e-8,1.65922990902e-8,1.46182781435e-8],"dmean2":[0.00241350359283,0.00134166749194,0.00110141478945,0.000708958134055,0.000562612782232,0.000644658692181,0.000562241359148,0.000307167210849,0.000225041934755,0.000167054517078,0.000184620934306,0.000121743156342,0.000108868756797,0.0000789804034866,0.0000638513738522,0.0000263483689196,0.0000247141488217,0.0000155011093739,0.0000103691090771,0.00000995531991066,0.0000084479306679,0.00000449164463134,0.00000285244823317,0.00000213756948142,0.0000016905588609,0.00000176151570486,0.00000126451038795,9.14487884529e-7,6.84835981701e-7,4.26356393746e-7,2.51369129955e-7,1.66096683074e-7,1.36812374762e-7,1.00767366007e-7,6.72462832085e-8,4.90341633963e-8,3.88987366762e-8,3.1878411022e-8,2.72864557616e-8,2.40699726817e-8],"dvar":[0.00000974496833805,0.00000213325756704,0.00000132648074214,7.72069256527e-7,5.3122329291e-7,9.92518835119e-7,6.52504240861e-7,3.15209547352e-7,2.31879752732e-7,1.55392044121e-7,1.34463931545e-7,5.36987236899e-8,3.45458417428e-8,3.46282149621e-8,2.27422845001e-8,1.21451804169e-9,9.29130106186e-10,3.55664969698e-10,1.71986605513e-10,2.71516642503e-10,2.00249442028e-10,5.35798384826e-11,2.60983335637e-11,2.02332959415e-11,9.54736029818e-12,1.16104513156e-11,7.34631886573e-12,8.34573729569e-12,5.67395826503e-12,1.33730938649e-12,2.80506791839e-13,7.34430149075e-14,1.09460807389e-13,2.41478437588e-14,8.02553129612e-15,3.49309547657e-15,2.18256694761e-15,1.43434505233e-15,1.06858542604e-15,8.35487305848e-16],"dvar2":[0.0000258562813542,0.00000551715447727,0.00000327670477418,0.00000183675365406,0.00000125572194065,0.00000228056183005,0.00000153296514327,7.16405224921e-7,5.56544250685e-7,3.79074123202e-7,3.14759205366e-7,1.30736609094e-7,8.39748324211e-8,7.82427420631e-8,4.95649814525e-8,2.76684208877e-9,2.29618390968e-9,8.47975800689e-10,4.3685732809e-10,6.70222877197e-10,5.02806962732e-10,1.28069402305e-10,6.16547576882e-11,4.71797982626e-11,2.10419719843e-11,2.62371548099e-11,1.53941876607e-11,1.62832681366e-11,1.2331169072e-11,2.66067701725e-12,5.75915563069e-13,1.46133186931e-13,2.60012633169e-13,5.30262005095e-14,1.78246343873e-14,8.01958173669e-15,5.34080234804e-15,3.51268290171e-15,2.6364561169e-15,2.06201298339e-15],"max":[0.0348709151149,0.0237447898835,0.0240456350148,0.0341461077332,0.0226505678147,0.0218758974224,0.0204821210355,0.0216787159443,0.0192271564156,0.0133078247309,0.0147313019261,0.00791939627379,0.0069160819985,0.00671913428232,0.00554309552535,0.00188064633403,0.000620729231741,0.000482593779452,0.000415659858845,0.000606463989243,0.000538680993486,0.00020085684082,0.000152232561959,0.00022659325623,0.000142140459502,0.000147914121044,0.00012081542809,0.000160484778462,0.0001169308307,0.0000602788350079,0.0000218245131691,0.0000122793726405,0.0000234891558648,0.00000573840679863,0.00000267087921202,0.00000136928815664,0.00000114499698611,8.80845959728e-7,7.53256244934e-7,6.75724777466e-7],"mean":[0.00161347689573,0.00104514090344,0.00114317587577,0.000777052366175,0.000565386726521,0.000677336764056,0.00061218906194,0.000339057383826,0.000218014698476,0.00016360761947,0.000170903076651,0.000117536874313,0.000104157836176,0.0000780312984716,0.0000632538503851,0.0000268720614258,0.000024978620786,0.0000172216077772,0.0000111604058475,0.0000108224412543,0.00000920288039197,0.00000467080735689,0.00000285844043901,0.00000215373688661,0.00000180839651875,0.00000193276287064,0.00000148501294461,0.00000106332504402,7.35959190479e-7,4.72309153565e-7,2.55407627492e-7,1.5863534486e-7,1.15257684286e-7,7.9111536877e-8,5.09545934335e-8,3.48632447356e-8,2.5833147177e-8,2.04500718581e-8,1.69342495582e-8,1.48157335289e-8],"median":[0.000524533796124,0.0005241499166,0.000579548999667,0.000361350335879,0.000243050410063,0.000163666452863,0.000129181047669,0.0000803427392384,0.0000391383327951,0.0000272474171652,0.0000386952269764,0.0000337363308063,0.0000313400378218,0.000020674575353,0.0000185925910046,0.0000116410974442,0.0000113362712,0.00000819239994598,0.00000496544816997,0.00000382518373954,0.00000248946821557,0.00000154493864102,9.607949778e-7,7.82836593771e-7,7.20154957889e-7,6.91179707246e-7,5.07748438849e-7,3.16763333785e-7,2.11312453757e-7,1.35590255468e-7,7.90291636577e-8,4.79871289372e-8,3.15522363792e-8,2.14057518377e-8,1.50583634451e-8,1.13145315339e-8,8.57208704019e-9,6.65450183845e-9,5.33045030338e-9,4.50583970135e-9],"min":[1.52579415389e-24,1.39620826881e-24,3.7707906257e-25,2.27357522608e-24,1.63927613384e-24,2.3121448051e-24,1.94721558098e-24,2.96936829385e-24,1.73585824801e-24,3.57721520361e-24,3.24562264969e-24,2.83394059795e-24,4.09092734155e-24,4.31382432905e-24,2.58592154606e-24,3.62240667829e-24,4.65401270582e-24,2.65819047409e-24,2.96883581274e-24,4.22334356094e-24,4.84076329779e-24,4.11153593826e-24,4.69469150169e-24,4.27173110558e-24,5.27413862999e-24,4.85180103957e-24,5.01339998487e-24,6.05594435771e-24,5.79711870028e-24,6.90880357602e-24,4.91866173445e-24,5.64941987856e-24,4.91035029596e-24,7.27215369783e-24,5.86559695445e-24,5.84920442484e-24,6.02150742375e-24,6.19001718501e-24,7.08795073215e-24,5.1675493222e-24],"var":[0.00000912286577659,0.00000253426946983,0.00000292724598694,0.00000185992712431,0.00000108908068341,0.00000229351076086,0.00000170109888131,7.80175128057e-7,4.07379417311e-7,3.88519538319e-7,2.7551774906e-7,9.95246480784e-8,5.74847653922e-8,6.51312248579e-8,3.73419304367e-8,2.63664956535e-9,1.89108018134e-9,8.88399687149e-10,3.55572293831e-10,5.76751535419e-10,4.91890417287e-10,1.06543343592e-10,3.93685674338e-11,2.73272741241e-11,1.52743616366e-11,2.13650000469e-11,1.81991782755e-11,2.33585737558e-11,1.26586935378e-11,3.85122619559e-12,6.45882436076e-13,1.64660020102e-13,1.39790983693e-13,3.97043034843e-14,1.27856311489e-14,4.80939717034e-15,2.53272359174e-15,1.60332134905e-15,1.15471671243e-15,9.00546477159e-16]},"melbands_crest":{"dmean":4.1618885994,"dmean2":6.94663190842,"dvar":13.7531280518,"dvar2":36.1933746338,"max":36.624912262,"mean":14.791217804,"median":13.6333026886,"min":1.49116253853,"var":33.1689071655},"melbands_flatness_db":{"dmean":0.0347109362483,"dmean2":0.0551715940237,"dvar":0.00086882308824,"dvar2":0.00214598607272,"max":0.581221997738,"mean":0.293016314507,"median":0.290243238211,"min":0.00153889076319,"var":0.00365824950859},"melbands_kurtosis":{"dmean":7.16300678253,"dmean2":11.8143043518,"dvar":242.70954895,"dvar2":656.211486816,"max":430.435577393,"mean":11.6829690933,"median":6.08546161652,"min":-1.85053646564,"var":350.230377197},"melbands_skewness":{"dmean":0.769038975239,"dmean2":1.21886706352,"dvar":0.727599978447,"dvar2":1.77652978897,"max":17.2795543671,"mean":2.27581548691,"median":2.01048803329,"min":-1.74903905392,"var":2.53593015671},"melbands_spread":{"dmean":3.94254755974,"dmean2":6.20473432541,"dvar":28.9059429169,"dvar2":59.8028259277,"max":172.882919312,"mean":13.008731842,"median":10.3853626251,"min":0.403025507927,"var":168.126693726},"mfcc":{"cov":[[7281.07373047,943.092407227,-572.085021973,205.225158691,-447.798339844,-128.065048218,-137.124343872,23.2379589081,-62.3934860229,29.959810257,17.9948310852,62.9912757874,56.3551826477],[943.092407227,1236.17871094,-175.240936279,-101.825004578,16.5467834473,-50.8388786316,-3.03077816963,-65.2649536133,11.3057546616,6.56520652771,-17.7418136597,-28.1301021576,18.6307868958],[-572.085021973,-175.240936279,594.222229004,20.5722923279,57.5248222351,16.8309898376,-7.12403059006,11.2250852585,20.3708763123,41.5319442749,25.4640274048,-6.34413099289,-21.5586128235],[205.225158691,-101.825004578,20.5722923279,406.936004639,-30.9388828278,49.7644805908,33.4660301208,-11.8679246902,-6.57510089874,14.7561397552,-0.852241158485,-1.75877571106,-20.6274795532],[-447.798339844,16.5467834473,57.5248222351,-30.9388828278,245.511886597,108.689651489,52.329158783,23.933889389,6.78470993042,-12.4323682785,-11.5458450317,-4.44558000565,2.36423826218],[-128.065048218,-50.8388786316,16.8309898376,49.7644805908,108.689651489,205.874679565,77.0888137817,34.629032135,-8.93319702148,-13.9103040695,-2.85062241554,5.47375869751,1.45969700813],[-137.124343872,-3.03077816963,-7.12403059006,33.4660301208,52.329158783,77.0888137817,119.868972778,26.5914115906,-15.6603364944,-12.4028596878,-2.84585762024,-1.42845714092,-1.92680466175],[23.2379589081,-65.2649536133,11.2250852585,-11.8679246902,23.933889389,34.629032135,26.5914115906,116.582565308,43.7235565186,11.6421508789,14.9405679703,13.1495676041,6.82389593124],[-62.3934860229,11.3057546616,20.3708763123,-6.57510089874,6.78470993042,-8.93319702148,-15.6603364944,43.7235565186,105.339569092,51.2711372375,6.14600849152,-0.76295799017,0.406437337399],[29.959810257,6.56520652771,41.5319442749,14.7561397552,-12.4323682785,-13.9103040695,-12.4028596878,11.6421508789,51.2711372375,86.8508682251,38.9910545349,0.0319548398256,-0.40416970849],[17.9948310852,-17.7418136597,25.4640274048,-0.852241158485,-11.5458450317,-2.85062241554,-2.84585762024,14.9405679703,6.14600849152,38.9910545349,72.9142837524,32.2406005859,4.76794195175],[62.9912757874,-28.1301021576,-6.34413099289,-1.75877571106,-4.44558000565,5.47375869751,-1.42845714092,13.1495676041,-0.76295799017,0.0319548398256,32.2406005859,65.7063140869,32.1702880859],[56.3551826477,18.6307868958,-21.5586128235,-20.6274795532,2.36423826218,1.45969700813,-1.92680466175,6.82389593124,0.406437337399,-0.40416970849,4.76794195175,32.1702880859,56.0931243896]],"icov":[[0.000210022684769,-0.000190834718524,0.000127667226479,-0.000134750152938,0.000351822527591,-0.000123533172882,0.000328477937728,-0.000429400301073,0.000466967379907,-0.000372891750885,0.000303952256218,-0.000316978956107,0.000053687588661],[-0.000190834718524,0.00110952055547,0.000160490846611,0.000311757787131,-0.000509747769684,0.000328866037307,-0.000588988128584,0.00110257475171,-0.000856075261254,0.000347549736034,-0.000546714640222,0.000955311756115,-0.00063460750971],[0.000127667226479,0.000160490846611,0.00200226041488,-0.000123794030515,-0.0004291634541,0.00000653641518511,0.000476880377391,-0.000215669802856,0.000410800217651,-0.00113967945799,-0.000124134821817,-0.0000951111942413,0.000656895455904],[-0.000134750152938,0.000311757787131,-0.000123794030515,0.00297429319471,0.000603513617534,-0.000872559496202,-0.000978948315606,0.000912936462555,-0.0000700810269336,-0.00110046181362,0.000912440475076,-0.000865068985149,0.0013417416485],[0.000351822527591,-0.000509747769684,-0.0004291634541,0.000603513617534,0.00656022271141,-0.00318474159576,-0.000506833195686,-0.000526068441104,-0.000333134870743,0.000236691601458,0.000903400185052,-0.000076199612522,-0.00030317553319],[-0.000123533172882,0.000328866037307,0.00000653641518511,-0.000872559496202,-0.00318474159576,0.00830418244004,-0.00351618765853,-0.00103067106102,0.000428544735769,0.000461171730421,-0.0000925422064029,-0.000428710860433,-0.000126785584143],[0.000328477937728,-0.000588988128584,0.000476880377391,-0.000978948315606,-0.000506833195686,-0.00351618765853,0.0127272168174,-0.0037315459922,0.0037051262334,-0.000963036844041,0.000734005763661,0.000175263470737,0.000496206979733],[-0.000429400301073,0.00110257475171,-0.000215669802856,0.000912936462555,-0.000526068441104,-0.00103067106102,-0.0037315459922,0.0140317399055,-0.00865825638175,0.0046127573587,-0.00479038106278,0.00106861582026,-0.00157787231728],[0.000466967379907,-0.000856075261254,0.000410800217651,-0.0000700810269336,-0.000333134870743,0.000428544735769,0.0037051262334,-0.00865825638175,0.02077633515,-0.0152419619262,0.00985021609813,-0.00503636803478,0.00292156473733],[-0.000372891750885,0.000347549736034,-0.00113967945799,-0.00110046181362,0.000236691601458,0.000461171730421,-0.000963036844041,0.0046127573587,-0.0152419619262,0.0294990409166,-0.01967523247,0.0117819309235,-0.00596144329756],[0.000303952256218,-0.000546714640222,-0.000124134821817,0.000912440475076,0.000903400185052,-0.0000925422064029,0.000734005763661,-0.00479038106278,0.00985021609813,-0.01967523247,0.0325479581952,-0.0197687949985,0.00909433420748],[-0.000316978956107,0.000955311756115,-0.0000951111942413,-0.000865068985149,-0.000076199612522,-0.000428710860433,0.000175263470737,0.00106861582026,-0.00503636803478,0.0117819309235,-0.0197687949985,0.0343446619809,-0.0183585826308],[0.000053687588661,-0.00063460750971,0.000656895455904,0.0013417416485,-0.00030317553319,-0.000126785584143,0.000496206979733,-0.00157787231728,0.00292156473733,-0.00596144329756,0.00909433420748,-0.0183585826308,0.0286470782012]],"mean":[-725.347900391,191.924331665,-11.7656650543,21.2665214539,2.69893503189,8.73568153381,4.74875020981,-2.22002005577,-2.20650815964,-0.0963867530227,-3.65195536613,-1.42817974091,2.41148138046]},"pitch_salience":{"dmean":0.0765295177698,"dmean2":0.126292675734,"dvar":0.0045444550924,"dvar2":0.0117200789973,"max":0.973031520844,"mean":0.579700231552,"median":0.593551039696,"min":0.106525503099,"var":0.011830846779},"silence_rate_20dB":{"dmean":0,"dmean2":0,"dvar":0,"dvar2":0,"max":1,"mean":1,"median":1,"min":1,"var":0},"silence_rate_30dB":{"dmean":0.013385293074,"dmean2":0.0267728548497,"dvar":0.0132061261684,"dvar2":0.0323214679956,"max":1,"mean":0.986022889614,"median":1,"min":0,"var":0.013782559894},"silence_rate_60dB":{"dmean":0.0177905801684,"dmean2":0.0355841740966,"dvar":0.0174747332931,"dvar2":0.0402401350439,"max":1,"mean":0.0602287165821,"median":0,"min":0,"var":0.0566045828164},"spectral_centroid":{"dmean":131.795318604,"dmean2":200.959960938,"dvar":39530.0273438,"dvar2":71615.1015625,"max":11623.8710938,"mean":725.283874512,"median":600.750305176,"min":165.171875,"var":609826.625},"spectral_complexity":{"dmean":2.4801762104,"dmean2":3.87393045425,"dvar":6.32245349884,"dvar2":13.2698574066,"max":45,"mean":12.5915288925,"median":13,"min":0,"var":40.543182373},"spectral_contrast_coeffs":{"dmean":[0.0558825097978,0.0519515536726,0.0411172956228,0.02939295955,0.0233776848763,0.0351626761258],"dmean2":[0.0918105244637,0.0848746448755,0.0673368051648,0.0479102805257,0.0372888706625,0.0552877299488],"dvar":[0.00201027281582,0.00173292029649,0.00111731083598,0.000572393764742,0.000398275238695,0.00111297192052],"dvar2":[0.00527292769402,0.00451725395396,0.00291281053796,0.00147451832891,0.000987686915323,0.0025943366345],"max":[-0.341213941574,-0.413926571608,-0.479293107986,-0.537702679634,-0.643970310688,-0.455394864082],"mean":[-0.650639057159,-0.743346989155,-0.788394510746,-0.805503845215,-0.828389406204,-0.801126301289],"median":[-0.652045249939,-0.751490592957,-0.79681032896,-0.809325397015,-0.829159736633,-0.815668582916],"min":[-0.976023316383,-0.97754573822,-0.976026117802,-0.972252964973,-0.969837784767,-0.965094804764],"var":[0.00826705247164,0.00631476240233,0.00421622395515,0.00239797588438,0.00177432317287,0.00354490033351]},"spectral_contrast_valleys":{"dmean":[0.438620060682,0.365252524614,0.326936334372,0.29330560565,0.350050866604,0.670652210712],"dmean2":[0.698220014572,0.580906689167,0.513283312321,0.449280440807,0.50984454155,1.07819867134],"dvar":[0.14767563343,0.0992789342999,0.0869262218475,0.082600414753,0.126198753715,0.331316620111],"dvar2":[0.321334809065,0.226835384965,0.18746830523,0.173542514443,0.256647646427,0.809418678284],"max":[-5.16513729095,-4.49568033218,-4.76618432999,-5.94156837463,-5.74280881882,-8.88923931122],"mean":[-7.27185726166,-6.76957178116,-7.362159729,-7.96816015244,-8.53080368042,-11.6325216293],"median":[-7.05466365814,-6.55072164536,-7.14218759537,-7.76027345657,-8.29897689819,-11.4761867523],"min":[-28.538230896,-28.1606864929,-27.6284599304,-27.6592292786,-27.5280685425,-27.3927059174],"var":[2.83131527901,2.9682738781,2.72619867325,2.52126550674,2.52815341949,2.1611764431]},"spectral_decrease":{"dmean":2.67695932088e-9,"dmean2":4.11696632341e-9,"dvar":1.30370075188e-17,"dvar2":3.05876170399e-17,"max":8.9444929241e-10,"mean":-6.048489265e-9,"median":-3.97112831507e-9,"min":-4.84544138146e-8,"var":3.65085030726e-17},"spectral_energy":{"dmean":0.010821454227,"dmean2":0.0163345541805,"dvar":0.000210481972317,"dvar2":0.000475203443784,"max":0.192503213882,"mean":0.030204212293,"median":0.0222580842674,"min":1.01175570727e-20,"var":0.000713080517016},"spectral_energyband_high":{"dmean":0.0000809919583844,"dmean2":0.000111225388537,"dvar":3.43606778586e-8,"dvar2":5.64303341832e-8,"max":0.00890291668475,"mean":0.000183289521374,"median":0.0000856553815538,"min":7.16177901889e-21,"var":1.22175023876e-7},"spectral_energyband_low":{"dmean":0.00633185217157,"dmean2":0.0103239798918,"dvar":0.000125897873659,"dvar2":0.000318935286487,"max":0.127441123128,"mean":0.00927821081132,"median":0.00487903645262,"min":1.33704555474e-23,"var":0.000155767265824},"spectral_energyband_middle_high":{"dmean":0.00144755886868,"dmean2":0.00217877305113,"dvar":0.0000093025228125,"dvar2":0.0000205676788028,"max":0.086417876184,"mean":0.00338054727763,"median":0.0016964385286,"min":1.08826272456e-21,"var":0.0000263333568},"spectral_energyband_middle_low":{"dmean":0.00584994489327,"dmean2":0.00901478994638,"dvar":0.0000775936496211,"dvar2":0.000180434508366,"max":0.181230306625,"mean":0.0148548129946,"median":0.00850923545659,"min":2.021805819e-22,"var":0.00028911663685},"spectral_entropy":{"dmean":0.229925259948,"dmean2":0.354262918234,"dvar":0.0415314026177,"dvar2":0.0972523838282,"max":9.82265663147,"mean":7.05325603485,"median":7.05026769638,"min":5.0701956749,"var":0.192951828241},"spectral_flux":{"dmean":0.0251318141818,"dmean2":0.0396630354226,"dvar":0.000796654960141,"dvar2":0.00176729692612,"max":0.322166144848,"mean":0.0896858423948,"median":0.0814614146948,"min":6.45562284185e-11,"var":0.00251019513234},"spectral_kurtosis":{"dmean":8.2601442337,"dmean2":13.1068849564,"dvar":76.2681350708,"dvar2":191.378738403,"max":159.454650879,"mean":27.2552089691,"median":24.6532478333,"min":-1.24840414524,"var":182.15838623},"spectral_rms":{"dmean":0.000910522707272,"dmean2":0.00133524124976,"dvar":9.89562636278e-7,"dvar2":0.00000202995420295,"max":0.013704306446,"mean":0.00489141047001,"median":0.0046599577181,"min":3.14178088927e-12,"var":0.00000554168127564},"spectral_rolloff":{"dmean":4324.55664062,"dmean2":8356.09375,"dvar":60162996,"dvar2":140571488,"max":22050,"mean":8895.97949219,"median":1528.85742188,"min":21.533203125,"var":97428576},"spectral_skewness":{"dmean":0.553854703903,"dmean2":0.861706376076,"dvar":0.301828831434,"dvar2":0.735874772072,"max":10.6322975159,"mean":3.68365001678,"median":3.59247946739,"min":-0.0807626768947,"var":1.02908539772},"spectral_spread":{"dmean":565341.1875,"dmean2":896933.0625,"dvar":376344969216,"dvar2":838108315648,"max":43323448,"mean":3509295,"median":3233771.25,"min":1046577.1875,"var":6648921325570},"spectral_strongpeak":{"dmean":1.08149862289,"dmean2":1.96800673008,"dvar":21.8407917023,"dvar2":57.2249679565,"max":114.138893127,"mean":1.17751801014,"median":0.320704728365,"min":0,"var":18.2909584045},"zerocrossingrate":{"dmean":0.0357261449099,"dmean2":0.044286403805,"dvar":0.00098854477983,"dvar2":0.0014221627498,"max":0.6572265625,"mean":0.227315291762,"median":0.21728515625,"min":0.01220703125,"var":0.00821628887206}},"metadata":{"audio_properties":{"analysis_sample_rate":44100,"bit_rate":320000,"codec":"mp3","downmix":"mix","equal_loudness":0,"length":274.076721191,"lossless":false,"md5_encoded":"017014d3d171548525f0372ebbfe7cb0","replay_gain":-4.81292915344,"sample_rate":44100},"tags":{"acoustid_id":["69e3e696-f13a-487d-a146-cd2145bd690d"],"album":["Goin' Places"],"albumartist":["The Jacksons"],"albumartistsort":["Jackson 5, The"],"artist":["The Jacksons"],"artistsort":["Jackson 5, The"],"asin":["B0000025AM"],"catalognumber":["EK 34835"],"composer":["Kenneth Gamble/Leon Huff"],"date":["1987"],"discnumber":["1/1"],"encodedby":["iTunes 8.2.0.23"],"file_name":"09 Find Me A Girl.mp3","genre":["Pop"],"label":["Epic"],"media":["CD"],"musicbrainz album release country":["US"],"musicbrainz album status":["official"],"musicbrainz album type":["album"],"musicbrainz_albumartistid":["e5257dc5-1edd-4fca-b7e6-1158e00522c8"],"musicbrainz_albumid":["6a916d57-67a3-494f-bedc-45d19800ac14"],"musicbrainz_artistid":["e5257dc5-1edd-4fca-b7e6-1158e00522c8"],"musicbrainz_recordingid":["11701907-e23e-400c-8978-0fbb2953218f"],"musicbrainz_releasegroupid":["199ca8c7-52f7-3772-adbe-5bd7f2fc6868"],"originaldate":["1977"],"script":["Latn"],"title":["Find Me a Girl"],"tracknumber":["9/9"]},"version":{"essentia":"2.1-beta1","essentia_build_sha":"ca57ba49d9b1854bd80e60cf9ccf267278fb7d6b","essentia_git_sha":"v2.1_beta1-28-g21ef5f4-dirty","extractor":"music 1.0"}},"rhythm":{"beats_count":481,"beats_loudness":{"dmean":0.0267666913569,"dmean2":0.0460725948215,"dvar":0.000465166463982,"dvar2":0.00136255146936,"max":0.150978326797,"mean":0.0445123389363,"median":0.0406031608582,"min":0,"var":0.00075873802416},"beats_loudness_band_ratio":{"dmean":[0.23430198431,0.138113126159,0.124606765807,0.0630927011371,0.0144271655008,0.0730370655656],"dmean2":[0.415735572577,0.2406