{"lowlevel":{"average_loudness":0.58568584919,"barkbands":{"dmean":[0.0000639061036054,0.00164697621949,0.00196935352869,0.00143966078758,0.0013865189394,0.00113281328231,0.000693284207955,0.000963475205936,0.00117537879851,0.000674180162605,0.000465996388812,0.00123427028302,0.000568188261241,0.000421583652496,0.000383448408684,0.000261343171587,0.000248394761002,0.000195452405023,0.000164188269991,0.000153704313561,0.00017914667842,0.0000832373189041,0.0000939295714488,0.0000963459751802,0.0000802008798928,0.0000500227833982,0.0000234356321016],"dmean2":[0.000101619436464,0.00273296888918,0.00350079266354,0.00247397390194,0.00218603666872,0.00177542550955,0.00108645937871,0.00154105189722,0.00189378403593,0.00106987927575,0.000750795006752,0.0020099717658,0.000934887037147,0.00067089300137,0.000615465804003,0.000411934684962,0.000394290225813,0.000304715853417,0.000264499074547,0.000245650036959,0.000285062618786,0.000134819216328,0.000143160141306,0.000145390804391,0.000115866874694,0.0000725088393665,0.0000349946385541],"dvar":[2.27789058727e-8,0.000018420514607,0.0000435348119936,0.0000143726501847,0.00000652764538245,0.000003609412488,0.00000127824000629,0.00000376207594854,0.00000783358609624,0.00000239552832682,0.00000210796224565,0.00000818492844701,0.00000293353627967,0.00000106064794636,6.25186089565e-7,4.32819859952e-7,3.14627641274e-7,1.902890574e-7,9.80753114277e-8,6.33224743751e-8,1.02772759192e-7,2.49181280054e-8,3.12174357475e-8,3.15671329076e-8,2.42323299204e-8,1.62608415621e-8,6.47836229106e-9],"dvar2":[5.54361712091e-8,0.000047601195547,0.000123826481286,0.0000404622915084,0.0000165528399521,0.00000908226502361,0.00000323299036609,0.00000936294236453,0.0000196544569917,0.00000556167606192,0.00000501071417602,0.0000207189441426,0.00000744245062378,0.00000249782738138,0.00000144698401527,0.00000103715922251,7.39137760775e-7,4.02436995728e-7,2.25918341812e-7,1.4711589813e-7,2.43028864588e-7,5.74625289573e-8,6.96462905125e-8,6.94890260888e-8,5.32017523369e-8,3.53561944166e-8,1.42501672684e-8],"max":[0.00242440216243,0.0579149723053,0.0598308555782,0.0475178994238,0.103022567928,0.0313422456384,0.0227455478162,0.0352423898876,0.0543006397784,0.0501512996852,0.0306435208768,0.0613244846463,0.0581126436591,0.0229537989944,0.0246688090265,0.0189459118992,0.0165560767055,0.0137643991038,0.0116494800895,0.00470495549962,0.00944659020752,0.00370780890808,0.00308230379596,0.00248075649142,0.00226085819304,0.00303107476793,0.00213185255416],"mean":[0.0000794084189693,0.0019978901837,0.00180264469236,0.00174006610177,0.00273991283029,0.00202595326118,0.00117005279753,0.00143596343696,0.00172276271041,0.00101363821886,0.000675948918797,0.0020186631009,0.000914055737667,0.000600392406341,0.000605826964602,0.000400576711399,0.000436718750279,0.00036298163468,0.00031270144973,0.000303808483295,0.00032898405334,0.000115001348604,0.000137560607982,0.000163932752912,0.000126191866002,0.0000622418010607,0.000023809949198],"median":[0.0000113136375148,0.000614516844507,0.000516168074682,0.000657230732031,0.00148606742732,0.00114728533663,0.000653397233691,0.00060048350133,0.000611377297901,0.000406367791584,0.000109851098387,0.000582677894272,0.000268330710242,0.00020112596394,0.000263751251623,0.000128929634229,0.000139077470521,0.000125583203044,0.000149313258589,0.000153151064296,0.000142906821566,0.0000365731320926,0.0000455209010397,0.0000569368930883,0.0000301012678392,0.00000681795518176,7.42217935112e-7],"min":[5.31329540306e-17,6.82678432878e-16,3.71142097158e-16,4.2042837679e-16,2.39074329385e-15,2.51727921649e-15,1.61546907206e-15,2.36395397106e-15,3.63075167126e-15,4.49111734062e-15,2.4849145111e-15,5.7651091034e-15,9.58531790453e-15,4.34810218023e-15,7.82757884931e-15,6.4883092219e-15,5.54747796365e-15,2.43220958002e-15,2.26324175364e-15,3.92829740498e-15,1.13434059373e-14,8.05497433077e-14,1.35446937954e-13,3.58286859382e-13,3.38670118425e-13,2.4577033117e-12,2.78328998737e-10],"var":[2.94058057904e-8,0.0000176168159669,0.000027534979381,0.0000117440295071,0.0000257958672591,0.00000724401979824,0.00000233770651903,0.00000611691666563,0.0000125736632981,0.00000364267430086,0.00000410075244872,0.0000187113637367,0.00000703242949385,0.00000161546233812,0.00000117358240459,7.78520757194e-7,8.16916042368e-7,6.32829198821e-7,2.13606739408e-7,1.72144410726e-7,2.35836623119e-7,3.96745001296e-8,4.9774051547e-8,6.30416323588e-8,4.62751152952e-8,2.41070967633e-8,7.96362975564e-9]},"barkbands_crest":{"dmean":2.2309191227,"dmean2":3.62205886841,"dvar":4.47645902634,"dvar2":11.0105543137,"max":26.9354724884,"mean":8.40643787384,"median":7.2928404808,"min":2.0090470314,"var":17.6066417694},"barkbands_flatness_db":{"dmean":0.0221631638706,"dmean2":0.0335503965616,"dvar":0.000636166485492,"dvar2":0.00134250661358,"max":0.685881078243,"mean":0.11855506897,"median":0.102376684546,"min":0.0113746933639,"var":0.00621074717492},"barkbands_kurtosis":{"dmean":22.536491394,"dmean2":36.9610671997,"dvar":67478.9609375,"dvar2":179431.390625,"max":12315.2734375,"mean":83.0004119873,"median":0.797548532486,"min":-1.96564745903,"var":588587.125},"barkbands_skewness":{"dmean":0.552414476871,"dmean2":0.855118989944,"dvar":2.22394776344,"dvar2":5.72107553482,"max":7.02194213867,"mean":0.385528385639,"median":0.942329585552,"min":-82.9564590454,"var":42.203704834},"barkbands_spread":{"dmean":6.15269470215,"dmean2":9.41009235382,"dvar":55.0135002136,"dvar2":118.580223083,"max":163.640380859,"mean":23.4129238129,"median":20.9448184967,"min":0.0121907517314,"var":205.644042969},"dissonance":{"dmean":0.021789630875,"dmean2":0.0362935326993,"dvar":0.00046822798322,"dvar2":0.00123052345589,"max":0.500000238419,"mean":0.459521740675,"median":0.467116773129,"min":0.192368537188,"var":0.00100514933001},"dynamic_complexity":4.67641687393,"erbbands":{"dmean":[0.0426313728094,0.419525265694,1.83988428116,4.07691717148,4.41397953033,4.33675193787,9.29101848602,8.63862800598,10.4426774979,7.55731391907,26.9799041748,27.3146839142,20.4492206573,20.2767982483,28.2062034607,49.5495147705,24.8579692841,23.3630542755,19.8059158325,14.581700325,14.1261320114,10.6063976288,9.81069660187,10.0621919632,6.69927930832,6.822286129,8.99723815918,4.76691865921,3.08747124672,2.58079624176,2.7809510231,2.14584970474,1.59479522705,0.982699096203,0.530699014664,0.221466496587,0.0933044478297,0.0279116351157,0.00410410249606,0.000173012449523],"dmean2":[0.069778688252,0.709476292133,3.25327420235,7.06154727936,7.26526117325,6.79127597809,14.2696676254,13.9001216888,16.4044036865,12.1482896805,42.6875076294,43.4820022583,32.5495529175,32.4836425781,44.3534317017,79.694770813,40.2744369507,36.7902946472,31.7426605225,23.2168731689,22.2456455231,16.4614715576,15.4012966156,15.7276496887,10.8783426285,10.8546972275,14.0925769806,7.60238838196,5.03166055679,4.0725684166,4.25760126114,3.3036365509,2.36645293236,1.42381703854,0.77313119173,0.322825044394,0.136752828956,0.0412246473134,0.00617147982121,0.000257555773715],"dvar":[0.0116160288453,1.30591022968,37.0258827209,133.06842041,128.85887146,56.0005645752,214.790908813,280.520019531,296.747528076,168.499313354,2917.88208008,5673.65185547,3117.3137207,1488.69067383,5435.76904297,12016.0625,6368.4921875,3229.5222168,1604.84460449,1333.42565918,1260.23474121,544.243103027,389.546508789,516.433898926,108.101135254,121.857376099,260.057830811,100.403106689,34.3607635498,25.4763565063,29.0397033691,16.0300369263,8.59591770172,3.43470454216,1.16957378387,0.239352926612,0.062005084008,0.00927885994315,0.000189148704521,3.44192812918e-7],"dvar2":[0.0294912140816,3.47775554657,104.469238281,378.597503662,343.182617188,131.518783569,519.34954834,697.376647949,746.235229492,431.181274414,7075.75683594,13770.2490234,7398.83447266,3585.59423828,12687.7929688,29661.4160156,15727.3769531,7629.31201172,3825.87060547,3179.88842773,3061.99755859,1215.46655273,877.0859375,1096.24389648,268.827972412,288.767150879,614.992553711,235.163330078,80.3604049683,56.5975570679,66.1205368042,36.4954299927,18.7860012054,7.43417930603,2.65984034538,0.522057056427,0.139795392752,0.0202405620366,0.000418822135543,7.47542117097e-7],"max":[1.2522611618,15.0548200607,54.9355735779,126.149276733,248.809555054,456.269073486,252.952972412,282.420562744,341.928283691,307.130432129,974.789855957,1547.08312988,1632.9732666,1179.55187988,1425.20043945,2480.12109375,2806.08935547,1332.4609375,1440.9140625,1291.56164551,1264.28112793,674.407470703,439.827972412,904.180236816,176.988113403,178.367782593,269.289276123,375.599456787,125.209915161,114.897796631,67.966758728,65.350692749,39.7281608582,30.9576683044,14.4786834717,8.6993188858,6.11674213409,2.64810228348,0.391502439976,0.0213011875749],"mean":[0.0513172894716,0.481769233942,1.76391530037,4.84458065033,6.51862430573,8.97667694092,16.6332015991,14.3112220764,18.1286334991,13.8762998581,41.0842971802,41.1190567017,31.8740386963,32.4135856628,45.8442459106,80.3824234009,43.8688926697,36.7062835693,32.9514465332,24.1375751495,23.9654083252,20.8608932495,20.1764698029,19.9179611206,13.6112270355,14.4524974823,18.9034290314,7.7163772583,4.33814191818,3.68311500549,4.04633140564,3.46142292023,2.67353916168,1.61444795132,0.776610076427,0.302797973156,0.109275482595,0.0300333499908,0.00411374261603,0.000196376946406],"median":[0.0138331418857,0.146382123232,0.545635700226,1.86742675304,2.81520962715,4.51914405823,9.10991096497,7.28803634644,10.3150568008,8.16426277161,18.0491886139,15.4610481262,12.8915815353,14.3062992096,13.4513015747,27.9127216339,15.156208992,12.7677755356,14.6101818085,9.10937690735,9.13629150391,7.02075576782,7.40190792084,8.24339008331,7.86039066315,7.76803779602,7.32668924332,3.40236258507,1.45138430595,1.18214631081,1.34311187267,1.24065935612,0.872899830341,0.433561950922,0.157903149724,0.0454589612782,0.00938066095114,0.00140367844142,0.000141034281114,0.0000367632928828],"min":[2.12912319204e-14,1.11582238674e-13,6.40076750283e-13,1.87003494287e-12,2.66343392653e-12,7.89328064715e-12,1.05153715596e-11,2.54426341106e-11,3.24766810667e-11,6.06354272348e-11,7.44812961306e-11,8.09430231175e-11,1.45787756867e-10,1.2254772197e-10,2.4407634247e-10,2.77068812338e-10,4.06051109403e-10,2.78404133081e-10,4.61766763715e-10,2.80544976139e-10,4.4648518216e-10,3.25057980533e-10,1.88778312427e-10,1.41414435717e-10,1.76161737975e-10,2.27220520177e-10,4.87069995447e-10,6.84066303602e-10,2.45810460875e-9,4.51689974312e-9,4.06556033283e-9,4.7495278821e-9,7.20831438983e-9,3.36704197856e-9,3.07635383834e-9,3.30190697007e-9,4.95026775127e-9,3.18926538512e-8,2.67483155625e-8,6.26597485009e-9],"var":[0.0119709847495,1.12699592113,24.2702617645,97.91822052,169.531585693,396.218658447,488.315429688,492.27154541,537.145751953,349.079925537,4683.32568359,9013.95214844,4515.04541016,2683.99853516,10849.4765625,23682.7675781,16256.4609375,5245.72265625,3309.72412109,2532.02148438,2216.25219727,1697.33740234,1433.02661133,1754.67541504,277.364898682,345.993682861,825.499816895,159.687728882,53.7525177002,41.549030304,43.8404350281,28.328660965,17.7162246704,7.14032411575,1.96059036255,0.38983720541,0.08446007967,0.0120410015807,0.000227472250117,4.27996297958e-7]},"erbbands_crest":{"dmean":2.88942146301,"dmean2":4.65388154984,"dvar":7.33095502853,"dvar2":17.8446807861,"max":30.56524086,"mean":9.32264137268,"median":8.20744419098,"min":2.17055892944,"var":20.4227714539},"erbbands_flatness_db":{"dmean":0.0236643217504,"dmean2":0.0339798144996,"dvar":0.000594940851443,"dvar2":0.00115994969383,"max":0.340932786465,"mean":0.157315030694,"median":0.156747177243,"min":0.0285157691687,"var":0.00284049822949},"erbbands_kurtosis":{"dmean":1.06107950211,"dmean2":1.69212567806,"dvar":2.47417354584,"dvar2":5.84354257584,"max":29.8161754608,"mean":0.82528847456,"median":0.0674212053418,"min":-1.80608987808,"var":6.74383687973},"erbbands_skewness":{"dmean":0.353150188923,"dmean2":0.541224002838,"dvar":0.115398190916,"dvar2":0.262792646885,"max":5.06182861328,"mean":0.391102343798,"median":0.400557696819,"min":-3.41376805305,"var":0.546996295452},"erbbands_spread":{"dmean":9.57181549072,"dmean2":14.6652545929,"dvar":126.23651123,"dvar2":271.488922119,"max":150.774002075,"mean":35.107624054,"median":30.5114326477,"min":3.27795648575,"var":404.25869751},"gfcc":{"cov":[[25363.484375,796.657409668,-2475.06469727,1225.96374512,-1145.01000977,611.188842773,-548.328186035,622.014221191,-858.169494629,559.399108887,-453.869628906,53.1228218079,-179.607284546],[796.657409668,1768.19934082,-580.694213867,18.2573623657,-7.077709198,-155.268875122,16.9669742584,-95.8743438721,-28.4903697968,-76.1609649658,22.2338294983,-103.431495667,40.0629653931],[-2475.06469727,-580.694213867,1346.72705078,62.2342185974,264.599212646,75.0324325562,73.3643341064,-28.5073432922,205.907653809,-23.2325534821,24.1641597748,106.79990387,-42.130027771],[1225.96374512,18.2573623657,62.2342185974,408.159088135,3.60986685753,17.1846446991,-60.1361503601,81.5863647461,20.9749660492,26.7755527496,-28.8531074524,45.381439209,14.6507034302],[-1145.01000977,-7.077709198,264.599212646,3.60986685753,272.872589111,7.32540941238,79.9337615967,-2.95564031601,85.4578857422,-23.6174678802,18.8885364532,24.5531959534,11.962143898],[611.188842773,-155.268875122,75.0324325562,17.1846446991,7.32540941238,248.735214233,91.2347106934,23.0223007202,-38.5481910706,44.3550987244,28.5508308411,-2.20752358437,-13.5399484634],[-548.328186035,16.9669742584,73.3643341064,-60.1361503601,79.9337615967,91.2347106934,202.527099609,-12.3942155838,10.4193792343,1.19114983082,51.7188072205,-17.3313026428,-5.19494438171],[622.014221191,-95.8743438721,-28.5073432922,81.5863647461,-2.95564031601,23.0223007202,-12.3942155838,159.99621582,14.1633024216,16.8939552307,-12.6627788544,11.7085075378,20.5391559601],[-858.169494629,-28.4903697968,205.907653809,20.9749660492,85.4578857422,-38.5481910706,10.4193792343,14.1633024216,162.989639282,-6.48675823212,-2.72727775574,30.4343223572,4.69788694382],[559.399108887,-76.1609649658,-23.2325534821,26.7755527496,-23.6174678802,44.3550987244,1.19114983082,16.8939552307,-6.48675823212,93.0637664795,14.5463495255,4.69689893723,-6.45150661469],[-453.869628906,22.2338294983,24.1641597748,-28.8531074524,18.8885364532,28.5508308411,51.7188072205,-12.6627788544,-2.72727775574,14.5463495255,99.4104537964,7.48241186142,8.18200302124],[53.1228218079,-103.431495667,106.79990387,45.381439209,24.5531959534,-2.20752358437,-17.3313026428,11.7085075378,30.4343223572,4.69689893723,7.48241186142,106.00087738,12.7484531403],[-179.607284546,40.0629653931,-42.130027771,14.6507034302,11.962143898,-13.5399484634,-5.19494438171,20.5391559601,4.69788694382,-6.45150661469,8.18200302124,12.7484531403,75.6448974609]],"icov":[[0.000142840173794,-0.000129143852973,0.000136237227707,-0.0002499880502,0.00021409970941,-0.000339807884302,0.000115915448987,-0.000380392302759,0.00047729574726,-0.000582456006669,0.000615446013398,-0.000435445690528,0.000475906737847],[-0.000129143852973,0.000960118661169,0.000312825286528,-0.000158368580742,-0.000404762773542,0.000645412830636,-0.000318972131936,0.000970257679,-0.000727254198864,0.00110566441435,-0.000949805194978,0.00100630125962,-0.000643442908768],[0.000136237227707,0.000312825286528,0.00156429305207,-0.000554578960873,-0.000662380829453,-0.000783066730946,0.000186938501429,0.000319725018926,-0.000869190436788,0.000165893216035,0.000223420094699,-0.00088972505182,0.00122094748076],[-0.0002499880502,-0.000158368580742,-0.000554578960873,0.00366707169451,-0.000467889563879,0.0000814299564809,0.00077245401917,-0.000865932030138,-0.000728153740056,0.000110855384264,-0.000279488915112,-0.000363574043149,-0.00100586994085],[0.00021409970941,-0.000404762773542,-0.000662380829453,-0.000467889563879,0.00608294596896,-0.000229359910008,-0.00193987961393,-0.000667554500978,-0.000883314583916,-0.0000447357815574,0.00102189718746,-0.00106127583422,-0.000391155917896],[-0.000339807884302,0.000645412830636,-0.000783066730946,0.0000814299564809,-0.000229359910008,0.00721017736942,-0.00338055775501,0.000101976489532,0.00108381779864,-0.000896310026292,-0.00160356867127,0.00111846078653,-0.000692346133292],[0.000115915448987,-0.000318972131936,0.000186938501429,0.00077245401917,-0.00193987961393,-0.00338055775501,0.00849014241248,-0.000293190882076,-0.000335647026077,0.000313691416522,-0.00254539889283,0.00106420065276,0.000906569708604],[-0.000380392302759,0.000970257679,0.000319725018926,-0.000865932030138,-0.000667554500978,0.000101976489532,-0.000293190882076,0.00911136623472,-0.00267149461433,0.00120079563931,-0.000958637800068,0.00146878277883,-0.00331703340635],[0.00047729574726,-0.000727254198864,-0.000869190436788,-0.000728153740056,-0.000883314583916,0.00108381779864,-0.000335647026077,-0.00267149461433,0.0110730854794,-0.00316949840635,0.00288881314918,-0.00270465365611,0.00139671261422],[-0.000582456006669,0.00110566441435,0.000165893216035,0.000110855384264,-0.0000447357815574,-0.000896310026292,0.000313691416522,0.00120079563931,-0.00316949840635,0.0158142242581,-0.00514376629144,0.00170390377752,-0.000540676759556],[0.000615446013398,-0.000949805194978,0.000223420094699,-0.000279488915112,0.00102189718746,-0.00160356867127,-0.00254539889283,-0.000958637800068,0.00288881314918,-0.00514376629144,0.0155119374394,-0.00362898455933,0.0000954055867624],[-0.000435445690528,0.00100630125962,-0.00088972505182,-0.000363574043149,-0.00106127583422,0.00111846078653,0.00106420065276,0.00146878277883,-0.00270465365611,0.00170390377752,-0.00362898455933,0.0133442571387,-0.00349276163615],[0.000475906737847,-0.000643442908768,0.00122094748076,-0.00100586994085,-0.000391155917896,-0.000692346133292,0.000906569708604,-0.00331703340635,0.00139671261422,-0.000540676759556,0.0000954055867624,-0.00349276163615,0.0169115196913]],"mean":[-14.9245691299,80.8747177124,-116.823982239,16.5100898743,-61.5098724365,8.81270027161,-37.9519805908,3.79638624191,-29.0636806488,0.601049125195,-12.3393259048,-5.89984941483,-9.46302890778]},"hfc":{"dmean":8.01160430908,"dmean2":11.7574176788,"dvar":123.865272522,"dvar2":260.992645264,"max":151.706497192,"mean":24.0853652954,"median":19.4580745697,"min":0.00000982112032943,"var":445.496551514},"melbands":{"dmean":[0.000419541698648,0.000824652495794,0.000690813001711,0.000316518213367,0.000276833743555,0.000193511747057,0.00015739290393,0.0000915712371352,0.000228737728321,0.000169416278368,0.0001023926161,0.0000864694084157,0.0000837780899019,0.000157186063007,0.0000770293772803,0.0000531998266524,0.0000435215915786,0.0000327451562043,0.0000232660022448,0.0000182215717359,0.0000183099546121,0.0000115523489512,0.0000129942300191,0.0000103609390862,0.00000888544673217,0.00000593291997575,0.00000420793412559,0.0000051150368563,0.00000686432986186,0.00000405603350373,0.00000261239642896,0.0000017906006633,0.00000154001770625,0.00000149786592374,0.00000180144252226,0.00000153847827278,0.00000128393844534,0.0000011731608538,0.00000102234128008,8.01612600299e-7],"dmean2":[0.000687527470291,0.00143570895307,0.00118430459406,0.000498076959047,0.00042756923358,0.000310053466819,0.000246719864663,0.000148338789586,0.00035965666757,0.000271638447884,0.000163563425303,0.000138998104376,0.000132827364723,0.000255386868957,0.000123154211906,0.0000854281825013,0.0000682551326463,0.000052660205256,0.000036845143768,0.000028906541047,0.000028847673093,0.0000180457882379,0.000020666340788,0.0000166527188412,0.0000139589510582,0.00000966277275438,0.00000689507851348,0.00000817252748675,0.0000108370704766,0.00000644732244837,0.00000425458256359,0.00000293460539069,0.00000252851759797,0.00000236137702814,0.00000278745255855,0.00000240699523602,0.00000200632689484,0.00000176344497049,0.00000151180267949,0.00000118675006888],"dvar":[0.00000115473505957,0.00000672588475936,0.00000369062240679,4.3566708996e-7,1.80147750939e-7,1.27971631514e-7,6.59564562966e-8,2.42018476371e-8,2.04691062322e-7,2.03905187846e-7,7.80440885251e-8,2.8462059376e-8,5.78811167884e-8,1.42324765307e-7,4.02065047922e-8,2.22452047893e-8,1.16687193241e-8,4.58062876518e-9,2.90202617492e-9,2.36319341873e-9,2.12802198085e-9,7.66119778728e-10,1.00485486598e-9,5.13891484921e-10,4.42999831263e-10,9.47822861863e-11,4.32047939092e-11,7.5089642837e-11,1.59561391877e-10,8.53083784169e-11,2.65437168773e-11,1.13335972551e-11,1.14442760824e-11,8.55709426928e-12,1.31985377488e-11,9.20877003124e-12,5.65241733627e-12,4.81390751914e-12,3.71407505445e-12,2.34801999892e-12],"dvar2":[0.00000296675148093,0.0000187253081094,0.0000103317679532,0.00000108309677671,4.38714351958e-7,3.19667918802e-7,1.65024601984e-7,6.20539779561e-8,4.86735586946e-7,4.92103879424e-7,1.86128076507e-7,6.84127527961e-8,1.33064276042e-7,3.5916943375e-7,9.89789938899e-8,5.09442976693e-8,2.69921791585e-8,1.10975886258e-8,6.3822018781e-9,5.43406342146e-9,5.06548802903e-9,1.72162550882e-9,2.37593522634e-9,1.1803100719e-9,9.44029188155e-10,2.37571934347e-10,1.10552560162e-10,1.75373757183e-10,3.87768955834e-10,2.02030642216e-10,6.30455271322e-11,2.69884462001e-11,2.63393421657e-11,1.91246688624e-11,3.07920529352e-11,2.16434942885e-11,1.30997331038e-11,1.05742541459e-11,8.10481629726e-12,5.21806122616e-12],"max":[0.0137114003301,0.0229515880346,0.0211725812405,0.0289647001773,0.00701931677759,0.00565655110404,0.00519162649289,0.00344817852601,0.00869161169976,0.00887378957123,0.00807437673211,0.00559256365523,0.0047361664474,0.00849736761302,0.00863815564662,0.00485023437068,0.00248248176649,0.00203512865119,0.00131732842419,0.00136358290911,0.0014579516137,0.000863886962179,0.000761110568419,0.000697974173818,0.000828804215416,0.000158214141265,0.000127800754854,0.000145733560203,0.000216662228922,0.000374762312276,0.00013580758241,0.0000400913340854,0.000135241789394,0.0000779979600338,0.0000504486160935,0.0000390386740037,0.0000374862356693,0.0000402758232667,0.000030687686376,0.0000234740728047],"mean":[0.000516292231623,0.000842638954055,0.00083884265041,0.000593281059992,0.000518226472195,0.000328411901137,0.000274224003078,0.000162208714755,0.000346293294569,0.00024703409872,0.000155419955263,0.000130513857584,0.000123902966152,0.000252436322626,0.000122521392768,0.00008548918413,0.0000636271142866,0.0000510574645887,0.000037113786675,0.000027450361813,0.0000288479404844,0.0000198951056518,0.0000229812612815,0.000018413296857,0.0000158644288604,0.0000110183227662,0.00000773558076617,0.00000991775777948,0.0000138872446769,0.00000688363843437,0.00000366702079191,0.00000243026443059,0.00000200429803954,0.00000209690324482,0.00000245239357355,0.00000224557493311,0.00000201812486011,0.00000189957836483,0.00000164749985743,0.00000126495513086],"median":[0.000158046386787,0.000290993077215,0.000349601177732,0.000261646287981,0.000304338958813,0.000172275278601,0.000155695423018,0.0000914614793146,0.00014768478286,0.0000871345910127,0.0000571914606553,0.0000542230336578,0.0000271361677733,0.0000709437517799,0.0000441244774265,0.0000262449048023,0.0000200319227588,0.0000207866523851,0.0000151666799866,0.00000847787850944,0.0000102081930891,0.00000652534572509,0.00000597738335273,0.00000636152753941,0.00000571180817133,0.00000562985133001,0.00000442952841695,0.00000474318358101,0.00000474960461361,0.00000280010954157,0.00000132233492423,7.60038290082e-7,6.02456282195e-7,6.43407361167e-7,7.12466828645e-7,7.91374816345e-7,6.93486072123e-7,6.15239571289e-7,4.58327548358e-7,3.13544063602e-7],"min":[3.65150821364e-16,1.68616453295e-16,4.24339472015e-16,2.98851699697e-16,5.17681391071e-16,5.13736811575e-16,5.26552314188e-16,6.30168425258e-16,5.82108675803e-16,4.93185198237e-16,6.96974654962e-16,4.85106250925e-16,6.3011056232e-16,6.30264298799e-16,5.85655520391e-16,8.21541173069e-16,3.96695254762e-16,5.74366529967e-16,4.91730736787e-16,4.3824515897e-16,3.95166995567e-16,2.76893296982e-16,1.7410973989e-16,1.1766225991e-16,8.15762806947e-17,8.15681015328e-17,9.42441878165e-17,1.43103066535e-16,2.37203794763e-16,2.31489128166e-16,3.14677160358e-16,8.76914469688e-16,2.10538361139e-15,2.15599234768e-15,2.01940426153e-15,3.47567137357e-15,2.48395863442e-15,4.85819897359e-15,4.27054106731e-15,2.60397663854e-15],"var":[0.0000011473749737,0.00000467941481475,0.00000284078714685,0.00000181986956704,4.42652549282e-7,2.36008034449e-7,1.22237139522e-7,4.82585207351e-8,3.27831315872e-7,3.20730833892e-7,1.12259414209e-7,4.80242867695e-8,1.06254596233e-7,3.19148796279e-7,7.87817739933e-8,5.0613785163e-8,1.83160224765e-8,8.86190054672e-9,5.19056353454e-9,4.62720750605e-9,3.69841735015e-9,1.76022418863e-9,2.98012903244e-9,1.374976355e-9,1.36059019606e-9,2.28859736717e-10,8.97105306708e-11,2.00576860676e-10,4.96507224224e-10,1.44844553018e-10,4.04768198126e-11,1.71248345365e-11,1.73954739502e-11,1.36835846473e-11,1.86077854514e-11,1.30460234629e-11,1.01679801731e-11,9.56625317156e-12,7.59603317746e-12,4.64339981396e-12]},"melbands_crest":{"dmean":2.92378115654,"dmean2":4.69925689697,"dvar":7.25038528442,"dvar2":18.0453186035,"max":36.1358718872,"mean":11.2189846039,"median":10.2514762878,"min":3.46023917198,"var":19.9651947021},"melbands_flatness_db":{"dmean":0.026067789644,"dmean2":0.0402509644628,"dvar":0.000990685657598,"dvar2":0.00214115530252,"max":0.531923949718,"mean":0.169792026281,"median":0.155161812901,"min":0.0111629515886,"var":0.00413461076096},"melbands_kurtosis":{"dmean":4.38358306885,"dmean2":6.91976213455,"dvar":59.3527870178,"dvar2":142.677810669,"max":165.863372803,"mean":7.16032648087,"median":3.74844765663,"min":-1.80851519108,"var":109.414840698},"melbands_skewness":{"dmean":0.630068480968,"dmean2":0.958188831806,"dvar":0.51635581255,"dvar2":1.19566142559,"max":11.5398311615,"mean":1.80046534538,"median":1.62325525284,"min":-3.39556193352,"var":1.83258938789},"melbands_spread":{"dmean":7.08523988724,"dmean2":11.0270662308,"dvar":84.1037139893,"dvar2":196.002487183,"max":265.07244873,"mean":27.5423603058,"median":25.6712970734,"min":1.25162577629,"var":268.297973633},"mfcc":{"cov":[[13461.8984375,-412.378814697,-209.59828186,75.7905426025,-91.2179107666,72.739654541,297.770294189,13.8199462891,66.1640625,168.722702026,-27.790189743,170.805007935,-79.3166503906],[-412.378814697,1445.94152832,-180.800430298,21.7577705383,-19.8409137726,-13.603225708,4.51349782944,-34.6838760376,-50.623210907,9.9966135025,-33.8294296265,-43.2681465149,-16.583398819],[-209.59828186,-180.800430298,685.485229492,118.077049255,147.325866699,114.953262329,-34.9811973572,73.2974243164,14.5194797516,3.02906084061,54.6602363586,9.47187328339,39.9886894226],[75.7905426025,21.7577705383,118.077049255,330.709472656,134.668334961,-17.5438613892,-78.255897522,43.3972320557,47.1433067322,-25.5106620789,0.415491640568,33.3903198242,24.253364563],[-91.2179107666,-19.8409137726,147.325866699,134.668334961,224.218551636,-0.509567141533,-46.6332206726,47.333568573,50.392665863,-4.31187152863,1.05281066895,25.6216831207,12.7747144699],[72.739654541,-13.603225708,114.953262329,-17.5438613892,-0.509567141533,215.871307373,64.2186355591,26.3964271545,-5.05560398102,17.0476856232,45.4642982483,-11.3918838501,23.0977554321],[297.770294189,4.51349782944,-34.9811973572,-78.255897522,-46.6332206726,64.2186355591,241.540161133,11.6727542877,-19.6459350586,56.3646278381,-7.58431768417,26.253786087,-7.6241850853],[13.8199462891,-34.6838760376,73.2974243164,43.3972320557,47.333568573,26.3964271545,11.6727542877,124.344032288,39.4633674622,-3.64151740074,16.9140033722,13.0865354538,25.5918369293],[66.1640625,-50.623210907,14.5194797516,47.1433067322,50.392665863,-5.05560398102,-19.6459350586,39.4633674622,110.919364929,16.4937419891,7.00705814362,1.5964332819,1.73937010765],[168.722702026,9.9966135025,3.02906084061,-25.5106620789,-4.31187152863,17.0476856232,56.3646278381,-3.64151740074,16.4937419891,106.864837646,18.4671115875,5.3844499588,-10.2445764542],[-27.790189743,-33.8294296265,54.6602363586,0.415491640568,1.05281066895,45.4642982483,-7.58431768417,16.9140033722,7.00705814362,18.4671115875,86.5300064087,13.945315361,9.81375980377],[170.805007935,-43.2681465149,9.47187328339,33.3903198242,25.6216831207,-11.3918838501,26.253786087,13.0865354538,1.5964332819,5.3844499588,13.945315361,83.3307037354,20.7606601715],[-79.3166503906,-16.583398819,39.9886894226,24.253364563,12.7747144699,23.0977554321,-7.6241850853,25.5918369293,1.73937010765,-10.2445764542,9.81375980377,20.7606601715,76.0565261841]],"icov":[[0.0000824881135486,0.00002516126915,0.00002715406481,-0.0000623132000328,0.0000727870865376,-0.0000713519984856,-0.0000352709430445,-0.0000162019114214,-0.0000417118717451,-0.000103393482277,0.000097640324384,-0.000195408792933,0.000136231275974],[0.00002516126915,0.000768142926972,0.000266673916485,-0.000246904237429,-0.000113512825919,-0.0000854826357681,-0.0000237832337007,-0.0000216642492887,0.000483086449094,-0.000278269377304,0.000139932570164,0.000436176371295,-0.00000346445676769],[0.00002715406481,0.000266673916485,0.00213778857142,-0.000375596253434,-0.00118242029566,-0.000942481914535,0.000278501887806,-0.00060823536478,0.000835484242998,-0.000357168697519,-0.000607012188993,0.000416963797761,-0.000303062581224],[-0.0000623132000328,-0.000246904237429,-0.000375596253434,0.00462179537863,-0.00185434753075,0.0000867963099154,0.00110336835496,-0.000382030877518,-0.000910912407562,0.000647721404675,0.000473337626318,-0.00151682714932,-0.000409868836869],[0.0000727870865376,-0.000113512825919,-0.00118242029566,-0.00185434753075,0.00743675976992,-0.000246834883001,0.000970745226368,-0.00113023072481,-0.00197860226035,-0.000492755731102,0.00159477372654,-0.00221181311645,0.000944488332607],[-0.0000713519984856,-0.0000854826357681,-0.000942481914535,0.0000867963099154,-0.000246834883001,0.00713121611625,-0.00264134374447,-0.0000553741556359,0.000213311519474,0.000659893907141,-0.00384474708699,0.0032352048438,-0.002298560692],[-0.0000352709430445,-0.0000237832337007,0.000278501887806,0.00110336835496,0.000970745226368,-0.00264134374447,0.00699674803764,-0.00184961082414,0.00117018516175,-0.00337806320749,0.00319836381823,-0.00371058611199,0.00154098926578],[-0.0000162019114214,-0.0000216642492887,-0.00060823536478,-0.000382030877518,-0.00113023072481,-0.0000553741556359,-0.00184961082414,0.0111507559195,-0.00366669124924,0.00185052468441,-0.00176097999793,0.000371576577891,-0.00285190180875],[-0.0000417118717451,0.000483086449094,0.000835484242998,-0.000910912407562,-0.00197860226035,0.000213311519474,0.00117018516175,-0.00366669124924,0.0123885367066,-0.00295986351557,-0.000259932538029,0.0013180548558,0.000523427792359],[-0.000103393482277,-0.000278269377304,-0.000357168697519,0.000647721404675,-0.000492755731102,0.000659893907141,-0.00337806320749,0.00185052468441,-0.00295986351557,0.0125506576151,-0.00352917611599,0.000498064851854,0.000811449775938],[0.000097640324384,0.000139932570164,-0.000607012188993,0.000473337626318,0.00159477372654,-0.00384474708699,0.00319836381823,-0.00176097999793,-0.000259932538029,-0.00352917611599,0.0160793755203,-0.0046628434211,0.000842062057927],[-0.000195408792933,0.000436176371295,0.000416963797761,-0.00151682714932,-0.00221181311645,0.0032352048438,-0.00371058611199,0.000371576577891,0.0013180548558,0.000498064851854,-0.0046628434211,0.0174054894596,-0.00506467185915],[0.000136231275974,-0.00000346445676769,-0.000303062581224,-0.000409868836869,0.000944488332607,-0.002298560692,0.00154098926578,-0.00285190180875,0.000523427792359,0.000811449775938,0.000842062057927,-0.00506467185915,0.0166041329503]],"mean":[-651.21307373,116.772483826,-2.42712688446,9.98031997681,-2.14992284775,-1.93692302704,3.04567122459,-5.38377666473,-5.80288600922,1.00532066822,-6.13665533066,2.30627202988,-4.4876332283]},"pitch_salience":{"dmean":0.0614332892001,"dmean2":0.0992883518338,"dvar":0.00284182094038,"dvar2":0.00713812932372,"max":0.852370619774,"mean":0.594122767448,"median":0.603142499924,"min":0.167416840792,"var":0.0090987579897},"silence_rate_20dB":{"dmean":0,"dmean2":0,"dvar":0,"dvar2":0,"max":1,"mean":1,"median":1,"min":1,"var":0},"silence_rate_30dB":{"dmean":0.000702082819771,"dmean2":0.00140433001798,"dvar":0.000701589917298,"dvar2":0.00187046790961,"max":1,"mean":0.998010993004,"median":1,"min":0,"var":0.00198504584841},"silence_rate_60dB":{"dmean":0.0276152584702,"dmean2":0.055236980319,"dvar":0.0268526561558,"dvar2":0.0587393976748,"max":1,"mean":0.104130104184,"median":0,"min":0,"var":0.0932870283723},"spectral_centroid":{"dmean":246.259292603,"dmean2":384.128692627,"dvar":81325.5078125,"dvar2":177471.15625,"max":11950.0458984,"mean":1508.12341309,"median":1377.58093262,"min":186.533950806,"var":1439830.75},"spectral_complexity":{"dmean":3.58857941628,"dmean2":5.56418943405,"dvar":16.3923988342,"dvar2":36.8832130432,"max":58,"mean":19.6236114502,"median":19,"min":0,"var":109.108474731},"spectral_contrast_coeffs":{"dmean":[0.0469407513738,0.045438721776,0.0423240698874,0.0370367541909,0.0274817533791,0.0207037180662],"dmean2":[0.077098749578,0.0735226869583,0.0670104324818,0.0578764379025,0.042676191777,0.0339412875473],"dvar":[0.00157785636839,0.00143226282671,0.00129623885732,0.00098347873427,0.000624886131845,0.000399230368203],"dvar2":[0.00414532236755,0.00366638414562,0.00300611485727,0.00223668362014,0.00133524171542,0.000984068959951],"max":[-0.334706127644,-0.385034501553,-0.42156240344,-0.430782914162,-0.495345711708,-0.656039476395],"mean":[-0.625409781933,-0.728010237217,-0.728601574898,-0.746536195278,-0.775530874729,-0.782073795795],"median":[-0.626917779446,-0.730701804161,-0.735321581364,-0.748510062695,-0.779839813709,-0.778705120087],"min":[-0.961285054684,-0.987401127815,-0.964688897133,-0.973695993423,-0.960974872112,-0.964158952236],"var":[0.0072651617229,0.00532985012978,0.00631795497611,0.00494108628482,0.00340068596415,0.00159746489953]},"spectral_contrast_valleys":{"dmean":[0.451986134052,0.353050649166,0.342313766479,0.365055561066,0.383602410555,0.443295478821],"dmean2":[0.713901519775,0.555264353752,0.519793450832,0.54521292448,0.568813741207,0.625399172306],"dvar":[0.185957342386,0.106058984995,0.109348729253,0.143249303102,0.203466877341,0.317471623421],"dvar2":[0.401388496161,0.227414384484,0.220557838678,0.280304670334,0.390944987535,0.668642342091],"max":[-5.07914733887,-4.64807605743,-5.4362039566,-5.55757141113,-5.63212347031,-7.84563875198],"mean":[-7.84677171707,-6.80780935287,-7.52016735077,-8.09562492371,-7.87162256241,-10.2020292282],"median":[-7.40303087234,-6.48731136322,-7.19844818115,-7.74358224869,-7.4761505127,-9.85322380066],"min":[-26.9609088898,-27.2105388641,-27.3368034363,-27.1958847046,-27.1373023987,-27.1923122406],"var":[3.47356319427,2.67239379883,2.64633345604,2.55456805229,2.85916948318,2.66054272652]},"spectral_decrease":{"dmean":2.15359818867e-9,"dmean2":3.40385009068e-9,"dvar":1.48507689295e-17,"dvar2":3.81732536862e-17,"max":8.44260100198e-15,"mean":-5.59931878641e-9,"median":-4.76059858201e-9,"min":-4.11748430906e-8,"var":2.50216907516e-17},"spectral_energy":{"dmean":0.00871620420367,"dmean2":0.0136768221855,"dvar":0.00022971528233,"dvar2":0.000583786109928,"max":0.161395385861,"mean":0.0233177430928,"median":0.0200021658093,"min":4.95532170852e-10,"var":0.000414997019107},"spectral_energyband_high":{"dmean":0.000578077102546,"dmean2":0.000857750244904,"dvar":9.13423093607e-7,"dvar2":0.00000198662564799,"max":0.0130530577153,"mean":0.0011586137116,"median":0.000567518989556,"min":2.62186522493e-10,"var":0.00000206107733902},"spectral_energyband_low":{"dmean":0.00407201005146,"dmean2":0.00685406289995,"dvar":0.000136213799124,"dvar2":0.000370582856704,"max":0.1098780334,"mean":0.00498471874744,"median":0.00231620715931,"min":6.28723715275e-15,"var":0.000106682789919},"spectral_energyband_middle_high":{"dmean":0.00253468193114,"dmean2":0.00388369616121,"dvar":0.0000151716467371,"dvar2":0.0000355004049197,"max":0.0748141258955,"mean":0.00727800093591,"median":0.00489132292569,"min":1.12063251745e-13,"var":0.0000618318008492},"spectral_energyband_middle_low":{"dmean":0.00454189255834,"dmean2":0.00719717843458,"dvar":0.0000482807299704,"dvar2":0.000122254568851,"max":0.142139837146,"mean":0.0111338505521,"median":0.00880500115454,"min":2.65449656342e-14,"var":0.000113307163701},"spectral_entropy":{"dmean":0.219386175275,"dmean2":0.323039233685,"dvar":0.0734220966697,"dvar2":0.149262040854,"max":9.8110666275,"mean":7.58334302902,"median":7.62588071823,"min":5.24788188934,"var":0.288449406624},"spectral_flux":{"dmean":0.0246136914939,"dmean2":0.0382083281875,"dvar":0.00105178169906,"dvar2":0.00225266278721,"max":0.331211954355,"mean":0.0822775140405,"median":0.0782551243901,"min":0.0000846340190037,"var":0.00272070686333},"spectral_kurtosis":{"dmean":2.13580393791,"dmean2":3.42133808136,"dvar":20.9115314484,"dvar2":44.5594940186,"max":95.2815856934,"mean":5.02952671051,"median":3.83105254173,"min":-1.47358942032,"var":31.7055950165},"spectral_rms":{"dmean":0.00077961635543,"dmean2":0.00117203523405,"dvar":0.0000010931722727,"dvar2":0.00000256833004642,"max":0.0125482631847,"mean":0.00430737063289,"median":0.00441750045866,"min":6.95302844633e-7,"var":0.00000419557454734},"spectral_rolloff":{"dmean":553.440612793,"dmean2":923.163330078,"dvar":1135372.125,"dvar2":2517197.5,"max":21963.8671875,"mean":2015.56018066,"median":1442.72460938,"min":21.533203125,"var":7243774.5},"spectral_skewness":{"dmean":0.280732572079,"dmean2":0.443889021873,"dvar":0.205514714122,"dvar2":0.432872921228,"max":7.99655818939,"mean":1.62962901592,"median":1.51740419865,"min":-0.148019641638,"var":0.40578687191},"spectral_spread":{"dmean":752884.1875,"dmean2":1038058.0625,"dvar":946183143424,"dvar2":1722272841730,"max":42434916,"mean":5243564.5,"median":4401527.5,"min":1065586.5,"var":15833837338600},"spectral_strongpeak":{"dmean":0.713642060757,"dmean2":1.19211053848,"dvar":1.10880184174,"dvar2":2.8649315834,"max":14.8327255249,"mean":1.21381485462,"median":0.636460483074,"min":0,"var":2.26386427879},"zerocrossingrate":{"dmean":0.0116493301466,"dmean2":0.0134285055101,"dvar":0.000278774823528,"dvar2":0.000287149654469,"max":0.90576171875,"mean":0.0818225592375,"median":0.06640625,"min":0.00390625,"var":0.00928481295705}},"metadata":{"audio_properties":{"analysis_sample_rate":44100,"bit_rate":0,"codec":"flac","downmix":"mix","equal_loudness":0,"length":198.42666626,"lossless":true,"md5_encoded":"52fa54388ee0ed33a18da45e33db27c4","replay_gain":-13.1646251678},"tags":{"acoustid_id":["3f20e56c-f455-4808-8501-7bde8451809d"],"album":["More ABBA Gold: More ABBA Hits"],"albumartist":["ABBA"],"albumartistsort":["ABBA"],"arranger":["Benny Andersson","Björn Ulvaeus"],"artist":["ABBA"],"artists":["ABBA"],"artistsort":["ABBA"],"asin":["B0019M068O"],"barcode":["602517247338"],"catalognumber":["060251724733"],"date":["2008-06-02"],"discnumber":["1"],"disctotal":["1"],"engineer":["Michael B. Tretow"],"file_name":"19 When All Is Said and Done.flac","genre":["Pop; Disco"],"grouping":["Pop"],"isrc":["SEAYD8102030"],"label":["Polar"],"language":["eng"],"media":["CD"],"mood":["Intense; Meditation; Energetic; Reflective"],"musicbrainz_albumartistid":["d87e52c5-bb8d-4da8-b941-9f4928627dc8"],"musicbrainz_albumid":["30eee9a8-b43e-4f92-84ce-a4f0fb97cfdb"],"musicbrainz_artistid":["d87e52c5-bb8d-4da8-b941-9f4928627dc8"],"musicbrainz_recordingid":["11ab2855-7740-4f04-a645-d6221337cda8"],"musicbrainz_releasegroupid":["524a9ea8-a81c-38e8-bc23-351b0930e8b4"],"musicbrainz_releasetrackid":["19692d59-99ec-3a30-a7a4-938f65b4418f"],"musicbrainz_workid":["93ef9712-aca3-3c30-8542-c9d0f89539e5"],"originaldate":["1993-05-24"],"originalyear":["2008"],"performer":["Rutger Gunnarsson (bass)","Ola Brunkert (drums)","Åke Sundqvist (percussion)","Benny Andersson (keyboard and synthesizer)","Björn Ulvaeus (acoustic guitar)","Lasse Wellander (acoustic guitar and electric guitar)"],"producer":["Benny Andersson","Björn Ulvaeus"],"releasecountry":["XE"],"releasestatus":["official"],"releasetype":["album","compilation"],"replaygain_album_gain":["-8.60 dB"],"replaygain_album_peak":["0.968536"],"repl