{"lowlevel":{"average_loudness":0.856347382069,"barkbands":{"dmean":[0.000143612836837,0.00488256337121,0.00463337777182,0.00336016202345,0.00285176583566,0.000936785945669,0.000372260634322,0.0000877020793268,0.000367910281057,0.000346746208379,0.0000737897789804,0.000105798761069,0.0000818396219984,0.000121007920825,0.0000973804708337,0.00013330442016,0.000234517967328,0.000237935673795,0.000233957194723,0.000187380122952,0.000137136739795,0.000100027238659,0.0000503220835526,0.000017393129383,0.00000822770380182,0.00000180904976332,2.0053059302e-7],"dmean2":[0.000245497503784,0.00835377071053,0.00755019672215,0.00573061173782,0.00479337340221,0.00157984218094,0.000641904945951,0.000145113575854,0.000587420538068,0.000516734842677,0.000123320074636,0.00017681477766,0.000140816468047,0.000194471125724,0.000161002608365,0.000226698350161,0.000392260379158,0.000394429953303,0.000395558570744,0.000316130783176,0.0002267829841,0.000166275814991,0.0000814394661575,0.0000278958414128,0.0000130701873786,0.0000030351118312,3.35369293225e-7],"dvar":[5.30710657642e-8,0.0000880309016793,0.0000523102753505,0.0000263930178335,0.0000238950560743,0.0000031964889331,9.72424572865e-7,3.42849091339e-8,0.0000014268268842,0.00000168977749126,6.57793535197e-8,9.67015694187e-8,3.73568269652e-8,1.14624647551e-7,3.99235169368e-8,6.56311200942e-8,2.09941774187e-7,1.90749702256e-7,1.33288253323e-7,7.40475556427e-8,4.57503794848e-8,2.58137937692e-8,7.91129828315e-9,1.03659214545e-9,2.68723709951e-10,4.44878162087e-11,2.91198732879e-13],"dvar2":[1.45022440279e-7,0.000245146307861,0.000135052250698,0.0000715142232366,0.0000670167792123,0.00000873972294357,0.00000280327958535,8.58348698785e-8,0.00000346134083884,0.00000370420548279,1.70394599763e-7,2.56091624351e-7,9.96951641241e-8,2.68137682724e-7,9.65018358556e-8,1.66945909541e-7,5.37281607649e-7,4.9342395414e-7,3.75875686132e-7,1.96201185076e-7,1.23267568597e-7,7.25301205762e-8,2.02443999342e-8,2.62527755091e-9,6.75198674749e-10,1.26933519251e-10,7.89915442084e-13],"max":[0.00192641816102,0.0761696696281,0.0950882211328,0.0637397244573,0.0570843853056,0.0276786033064,0.0187343880534,0.00506995106116,0.0205932501704,0.0279598645866,0.00668843835592,0.00862267520279,0.00384331750683,0.00804612506181,0.00267996150069,0.00598860858008,0.00657474063337,0.00888398103416,0.00647731358185,0.00539087271318,0.0033619273454,0.0036093017552,0.0034517950844,0.00112396792974,0.000649934576359,0.000175940353074,0.0000117614463306],"mean":[0.00020456193306,0.00790698081255,0.00924912281334,0.00553408218548,0.0044901794754,0.00148962484673,0.000531428493559,0.000137646551593,0.000591266260017,0.000486822362291,0.000106064631836,0.000152645530761,0.000108266358438,0.000173670225195,0.000151700107381,0.000235955842072,0.000470725004561,0.000529835000634,0.000607572204899,0.000483324431116,0.000354193820385,0.000266204355285,0.000139307958307,0.0000462473508378,0.0000222463622777,0.00000325159066961,2.41257396283e-7],"median":[0.000141483586049,0.00451387744397,0.00472326204181,0.00338033377193,0.00296437018551,0.000848472700454,0.000290958443657,0.0000738476519473,0.0000999096155283,0.0000606046778557,0.0000547840973013,0.000056246517488,0.0000484725678689,0.0000415735848946,0.0000671966772643,0.000142831326229,0.000277127779555,0.00038188585313,0.000483465439174,0.000394695962314,0.00028119867784,0.000212252823985,0.0000998790201265,0.0000287567490886,0.0000135755126394,0.00000148821436596,3.98978592386e-8],"min":[5.89974114212e-23,1.81431476433e-23,1.38319139334e-23,1.87634699938e-23,5.33215572081e-23,3.2507036239e-23,1.25807663382e-23,1.73286534918e-23,4.56413084091e-23,1.07146937788e-22,3.16365408519e-23,1.28160967991e-22,1.51706661098e-22,7.82167262668e-23,1.31610259144e-22,1.10732405266e-22,9.404443778e-23,2.96218683549e-22,2.48868904368e-22,3.85459021525e-22,4.77412914798e-22,4.99308108943e-22,6.64445398321e-22,8.29485651496e-22,1.25853349157e-21,1.654968181e-21,2.42594887854e-21],"var":[6.16149691268e-8,0.00010807581566,0.000141318800161,0.0000444647012046,0.000029613782317,0.00000436350364907,8.0497648014e-7,7.38022336577e-8,0.00000284238490167,0.00000278016455013,8.64732285777e-8,1.14652095817e-7,4.21882795365e-8,2.28711513728e-7,6.69098767503e-8,1.09594871844e-7,4.00754544216e-7,4.22482742124e-7,4.25190108899e-7,2.79648872947e-7,1.42080779142e-7,8.98447183317e-8,3.92919048409e-8,4.7668837766e-9,1.38312516995e-9,5.1961018821e-11,2.85606851754e-13]},"barkbands_crest":{"dmean":2.35539412498,"dmean2":3.91938591003,"dvar":5.2710723877,"dvar2":14.408747673,"max":24.9190063477,"mean":11.0325727463,"median":10.1655197144,"min":3.76695752144,"var":18.0275669098},"barkbands_flatness_db":{"dmean":0.0197855941951,"dmean2":0.0318580046296,"dvar":0.000391854409827,"dvar2":0.000991011387669,"max":0.478719770908,"mean":0.162430033088,"median":0.14750944078,"min":0.0405402369797,"var":0.00517010269687},"barkbands_kurtosis":{"dmean":5.25143146515,"dmean2":8.33232307434,"dvar":200.97795105,"dvar2":426.560668945,"max":417.513244629,"mean":14.684299469,"median":3.24369812012,"min":-1.90784823895,"var":1994.03173828},"barkbands_skewness":{"dmean":0.624438345432,"dmean2":0.99170345068,"dvar":0.54902112484,"dvar2":1.34488832951,"max":16.8789310455,"mean":2.5858104229,"median":2.1048514843,"min":-1.96685147285,"var":4.54117250443},"barkbands_spread":{"dmean":6.0956029892,"dmean2":9.73917102814,"dvar":49.2601737976,"dvar2":116.048744202,"max":141.499588013,"mean":28.345916748,"median":24.7516822815,"min":0.221548601985,"var":518.263305664},"dissonance":{"dmean":0.00785625632852,"dmean2":0.0133010568097,"dvar":0.000087405074737,"dvar2":0.000220040863496,"max":0.500000119209,"mean":0.48418918252,"median":0.489751011133,"min":0.329705476761,"var":0.000282442837488},"dynamic_complexity":6.24397993088,"erbbands":{"dmean":[0.120891995728,1.21797704697,4.1889424324,9.08204460144,11.5363512039,8.11556911469,6.65225934982,8.77910804749,7.19321918488,2.67617177963,1.69744956493,5.81032037735,15.8178396225,4.23226881027,3.26527523994,4.00353002548,3.7205286026,5.37665224075,4.92763996124,5.07301330566,8.50775432587,12.0739927292,13.0168838501,12.1441307068,10.5310592651,9.07564353943,6.22973966599,5.09705400467,3.47780537605,3.01581525803,1.21883499622,0.481050699949,0.23944889009,0.128476947546,0.0416227653623,0.0136125842109,0.00224052392878,0.000337472563842,0.0000359161385859,0.0000128463352667],"dmean2":[0.202030777931,2.10934948921,6.9398560524,15.1722860336,19.7195034027,13.5630340576,10.7713670731,15.0745544434,12.514292717,4.52897357941,2.8292529583,9.02850723267,23.1131534576,6.5600528717,5.35895729065,6.7949180603,6.38034772873,8.85236644745,7.96591186523,8.30015850067,14.2805633545,19.9651927948,21.4327106476,20.6368999481,17.9749717712,15.1388521194,10.3792381287,8.56500816345,5.85507154465,5.0179066658,1.97945857048,0.785643935204,0.383263140917,0.206319585443,0.0674898773432,0.0228154752403,0.00369577668607,0.000545301125385,0.0000600289422437,0.0000211372243939],"dvar":[0.0442040264606,5.75034332275,45.260597229,181.770492554,403.23928833,192.094802856,98.6131057739,361.304382324,372.42175293,33.8611106873,17.9602279663,299.229919434,2560.42016602,649.51184082,71.846031189,186.301879883,76.7619934082,186.03704834,162.286193848,140.537796021,222.263641357,556.046386719,685.403137207,354.638885498,275.891662598,167.281448364,101.852073669,72.7657775879,31.2658405304,27.6043148041,5.32072639465,0.794541478157,0.186268016696,0.0558119006455,0.0132597638294,0.00285170110874,0.0000457389178337,7.33196031888e-7,8.73828476244e-9,3.67454316974e-10],"dvar2":[0.116753898561,16.3217773438,118.978569031,496.277557373,1087.25854492,553.16796875,260.693389893,1011.30987549,1063.89929199,99.5179595947,44.6907348633,722.76184082,5259.60253906,1577.24829102,152.511032104,513.864868164,206.546005249,468.038574219,382.76159668,324.362701416,590.898742676,1400.30700684,1748.66149902,1007.44378662,766.929077148,452.530212402,269.12020874,201.159606934,86.0191726685,75.0354385376,14.4722061157,2.09776711464,0.466464757919,0.143138319254,0.0357505194843,0.00812576431781,0.000127958017401,0.00000197576719074,2.35748860433e-8,9.80311942733e-10],"max":[1.97955012321,20.2491455078,82.7029418945,165.852828979,224.046707153,169.022323608,140.570968628,321.521820068,391.426605225,132.023025513,139.087661743,355.214447021,944.32800293,1110.27636719,321.303527832,431.376800537,191.476455688,228.273361206,322.99319458,282.095947266,272.734191895,334.038360596,604.753723145,309.699066162,282.742736816,248.192398071,131.697036743,173.264709473,90.7027511597,155.671691895,85.7489318848,27.392829895,16.209777832,9.26289272308,4.03519058228,1.50249922276,0.167184665799,0.0140952225775,0.00199105357751,0.000274069461739],"mean":[0.171946749091,2.03748488426,8.6904706955,17.7897834778,16.8355293274,13.1718177795,12.2195186615,12.4338779449,10.0533914566,4.53120803833,3.06023335457,9.74655246735,24.8783836365,6.30964708328,5.39811325073,5.91726160049,5.35963392258,7.98355817795,7.62277460098,8.93899250031,17.1379508972,26.421749115,29.3867397308,31.0919246674,27.9693927765,22.9794998169,15.7817001343,12.8200902939,9.19246578217,7.88249111176,3.4524075985,1.30095803738,0.643623352051,0.344808220863,0.0999661982059,0.0256098918617,0.00417579803616,0.000563374895137,0.0000603947264608,0.0000423131350544],"median":[0.107680089772,1.18449091911,4.83080768585,12.3248605728,9.34324455261,8.58735179901,7.30741882324,6.71944856644,5.81136798859,2.9371509552,1.70074462891,2.20751166344,2.53145480156,1.75624978542,2.75505065918,2.40190267563,2.60459208488,2.17123937607,3.08734464645,4.69002437592,11.0731496811,16.4892101288,21.0333919525,24.7285308838,23.4424037933,18.8721694946,12.6433067322,9.29442310333,7.29146814346,5.73483276367,2.50546741486,0.845431506634,0.4105078578,0.214392885566,0.0562424622476,0.012609696947,0.00186576589476,0.000193463463802,0.0000336975645041,0.0000425740254286],"min":[1.42324512423e-21,1.48022405516e-21,1.15791989475e-20,5.53847891046e-20,5.49287411685e-20,2.02103656122e-19,4.38782453723e-19,1.64263180402e-19,7.60554316139e-20,4.13004533156e-19,5.70924039591e-19,1.1111320713e-18,2.0412164336e-18,2.91774870945e-18,2.36854110777e-18,5.49017722371e-18,8.05163628907e-18,4.87519987114e-18,3.47878995697e-18,7.00985193839e-18,7.26141741501e-18,7.44727993556e-18,1.39124549473e-17,1.40665785477e-17,1.58442641304e-17,1.53944813636e-17,1.89441565631e-17,1.86154879273e-17,1.81749728921e-17,1.87041798869e-17,1.95994490444e-17,1.6958208409e-17,1.32600882038e-17,9.83056016108e-18,1.14796009605e-17,6.01301906375e-18,3.0510856747e-18,1.4174040683e-18,3.64427782997e-19,3.29533407963e-20],"var":[0.0510674566031,7.11604547501,117.817955017,358.113342285,478.957397461,254.015289307,224.883926392,374.437286377,304.046661377,36.2831192017,49.9811172485,680.064208984,5059.42822266,746.895507812,151.785461426,176.00012207,89.2746353149,334.056396484,310.552398682,222.663391113,478.724517822,1184.64880371,1461.95080566,1050.94384766,861.748291016,603.245788574,289.012054443,213.792984009,98.1965789795,108.182342529,25.7394733429,3.85942459106,0.903957486153,0.289116561413,0.0362933240831,0.00376646174118,0.0000730891042622,0.00000107903883872,9.34382171636e-9,1.13308828986e-9]},"erbbands_crest":{"dmean":1.71909213066,"dmean2":2.83585238457,"dvar":3.34339570999,"dvar2":8.14101219177,"max":28.1829509735,"mean":7.20484113693,"median":5.99502658844,"min":2.44238305092,"var":14.0034675598},"erbbands_flatness_db":{"dmean":0.0100365839899,"dmean2":0.0155037473887,"dvar":0.000104325379652,"dvar2":0.000229259501793,"max":0.354219973087,"mean":0.150441691279,"median":0.13973082602,"min":0.0385963954031,"var":0.00194712588564},"erbbands_kurtosis":{"dmean":1.01922881603,"dmean2":1.5790926218,"dvar":8.42313289642,"dvar2":18.2699680328,"max":59.1955566406,"mean":0.631992161274,"median":-0.966882705688,"min":-1.848919034,"var":39.2786216736},"erbbands_skewness":{"dmean":0.345091640949,"dmean2":0.534128665924,"dvar":0.170429170132,"dvar2":0.380840957165,"max":6.88827848434,"mean":-0.223285347223,"median":-0.436832696199,"min":-3.40099358559,"var":1.64194071293},"erbbands_spread":{"dmean":9.46014690399,"dmean2":14.8140392303,"dvar":82.2045211792,"dvar2":196.649185181,"max":111.941726685,"mean":61.4629974365,"median":62.7020454407,"min":3.72518587112,"var":457.960021973},"gfcc":{"cov":[[59431.8984375,5677.82080078,-3589.30834961,3970.78051758,-3027.85864258,1795.58703613,-426.345214844,-126.762306213,-455.253967285,-693.567810059,49.2341117859,-138.646682739,183.788879395],[5677.82080078,1949.08410645,-417.222198486,281.14251709,183.351470947,-327.903015137,87.1241531372,-204.177902222,-30.8658123016,-235.810531616,-26.2799282074,-64.1954498291,19.4635124207],[-3589.30834961,-417.222198486,584.826599121,-205.784820557,182.813583374,-31.9963989258,15.2137670517,-12.3470220566,-11.2440347672,55.3970603943,-16.3485126495,-20.1795864105,-41.9692077637],[3970.78051758,281.14251709,-205.784820557,477.283172607,-186.381607056,126.75692749,-43.8360443115,-19.7782783508,-3.44614672661,-24.5199184418,40.1879844666,7.07959842682,18.4781856537],[-3027.85864258,183.351470947,182.813583374,-186.381607056,452.236846924,-243.109115601,86.5681991577,-74.4139785767,28.7830944061,-6.73916769028,-11.6477432251,-5.95744037628,-8.04733371735],[1795.58703613,-327.903015137,-31.9963989258,126.75692749,-243.109115601,339.246917725,-4.06314373016,72.1441726685,-13.4662399292,32.7088394165,21.3742370605,3.47744822502,19.8858318329],[-426.345214844,87.1241531372,15.2137670517,-43.8360443115,86.5681991577,-4.06314373016,116.184745789,9.37635326385,23.5170497894,-22.1374855042,6.28407001495,6.44589948654,13.3668699265],[-126.762306213,-204.177902222,-12.3470220566,-19.7782783508,-74.4139785767,72.1441726685,9.37635326385,106.399414062,27.4696750641,20.7774753571,3.82095599174,14.476272583,2.74409818649],[-455.253967285,-30.8658123016,-11.2440347672,-3.44614672661,28.7830944061,-13.4662399292,23.5170497894,27.4696750641,64.6047515869,18.2854385376,19.2391452789,11.8325862885,9.74369430542],[-693.567810059,-235.810531616,55.3970603943,-24.5199184418,-6.73916769028,32.7088394165,-22.1374855042,20.7774753571,18.2854385376,71.9871826172,21.4884395599,16.7409191132,-1.13082027435],[49.2341117859,-26.2799282074,-16.3485126495,40.1879844666,-11.6477432251,21.3742370605,6.28407001495,3.82095599174,19.2391452789,21.4884395599,54.5616073608,31.2623729706,15.2665481567],[-138.646682739,-64.1954498291,-20.1795864105,7.07959842682,-5.95744037628,3.47744822502,6.44589948654,14.476272583,11.8325862885,16.7409191132,31.2623729706,54.4154624939,22.7202262878],[183.788879395,19.4635124207,-41.9692077637,18.4781856537,-8.04733371735,19.8858318329,13.3668699265,2.74409818649,9.74369430542,-1.13082027435,15.2665481567,22.7202262878,44.7663383484]],"icov":[[0.000433784996858,-0.00166598148644,0.000642830797005,-0.0014374256134,0.00125062838197,-0.00231164763682,0.000629000307526,-0.000426425336627,0.00112708914094,-0.00125036772806,0.00182249362115,-0.00146788719576,0.00107599480543],[-0.00166598148644,0.00806528795511,-0.00169737834949,0.004618473351,-0.00495992740616,0.0103289326653,-0.00352293392643,0.00287892017514,-0.00396651495248,0.00775131396949,-0.00810253154486,0.00763384159654,-0.00482109375298],[0.000642830797005,-0.00169737834949,0.00396999251097,-0.00182600494009,0.000500046007801,-0.00361133809201,0.000465684366645,0.0000726667130948,0.00284590153024,-0.0023379130289,0.00214509549551,-0.000900026585441,0.00317184953019],[-0.0014374256134,0.004618473351,-0.00182600494009,0.00876280944794,-0.00358187616803,0.00540946098045,0.0000342291314155,0.00267107784748,-0.00553084956482,0.00499020097777,-0.00808850862086,0.00389290857129,-0.00254386034794],[0.00125062838197,-0.00495992740616,0.000500046007801,-0.00358187616803,0.0100151272491,-0.00302903167903,-0.00272564264014,0.00163021904882,0.00184094451834,-0.00620162533596,0.00613981764764,-0.00371563783847,0.00206370744854],[-0.00231164763682,0.0103289326653,-0.00361133809201,0.00540946098045,-0.00302903167903,0.0212804786861,-0.00856628548354,0.000223321985686,-0.00137812597677,0.0041032875888,-0.012194714509,0.0139895258471,-0.0106100728735],[0.000629000307526,-0.00352293392643,0.000465684366645,0.0000342291314155,-0.00272564264014,-0.00856628548354,0.0176094584167,-0.00315181678161,-0.00390960928053,0.00622697360814,0.00036830251338,-0.00512199429795,0.00110445101745],[-0.000426425336627,0.00287892017514,0.0000726667130948,0.00267107784748,0.00163021904882,0.000223321985686,-0.00315181678161,0.0187327675521,-0.0103329401463,0.00244109844789,0.00337335350923,-0.00400230661035,0.00264283549041],[0.00112708914094,-0.00396651495248,0.00284590153024,-0.00553084956482,0.00184094451834,-0.00137812597677,-0.00390960928053,-0.0103329401463,0.0303896460682,-0.0111555485055,-0.00339426193386,0.00334733398631,-0.00264542503282],[-0.00125036772806,0.00775131396949,-0.0023379130289,0.00499020097777,-0.00620162533596,0.0041032875888,0.00622697360814,0.00244109844789,-0.0111555485055,0.0363104753196,-0.0147604616359,0.00184603093658,0.00000723783068679],[0.00182249362115,-0.00810253154486,0.00214509549551,-0.00808850862086,0.00613981764764,-0.012194714509,0.00036830251338,0.00337335350923,-0.00339426193386,-0.0147604616359,0.0453438721597,-0.0256259553134,0.00550266774371],[-0.00146788719576,0.00763384159654,-0.000900026585441,0.00389290857129,-0.00371563783847,0.0139895258471,-0.00512199429795,-0.00400230661035,0.00334733398631,0.00184603093658,-0.0256259553134,0.0447426177561,-0.0195018034428],[0.00107599480543,-0.00482109375298,0.00317184953019,-0.00254386034794,0.00206370744854,-0.0106100728735,0.00110445101745,0.00264283549041,-0.00264542503282,0.00000723783068679,0.00550266774371,-0.0195018034428,0.0372299998999]],"mean":[-92.032699585,96.8426818848,-107.375808716,78.1772766113,-44.7516670227,-3.61411142349,-31.2087497711,2.89602780342,-23.1072311401,-8.89948654175,-14.5696029663,-1.33451271057,-8.7539434433]},"hfc":{"dmean":3.88382577896,"dmean2":6.39160060883,"dvar":35.3594932556,"dvar2":93.052154541,"max":109.9817276,"mean":18.2841949463,"median":18.6403961182,"min":1.18502794527e-16,"var":243.072753906},"melbands":{"dmean":[0.0012211878784,0.00190720509272,0.00150857667904,0.000713776098564,0.0002409923909,0.000188471574802,0.000100291115814,0.000025708002795,0.0000136675043905,0.0000478685942653,0.0000793374856585,0.0000180982679012,0.0000104261043816,0.0000113118276204,0.0000106611078081,0.00000842896315589,0.0000108141857709,0.00000875091336638,0.00000811696827441,0.00000687461715643,0.0000121912162285,0.0000134387091748,0.0000154998069775,0.0000109488446469,0.0000112763063953,0.00000946186719375,0.00000744088038118,0.00000684168799125,0.00000429957572123,0.00000361077627531,0.00000327677503265,0.00000218724790102,0.00000211359656532,0.00000165304504662,8.18584567241e-7,5.01399767927e-7,2.54577713577e-7,1.93577918139e-7,1.57938998768e-7,1.03130545881e-7],"dmean2":[0.0020530228503,0.00316304829903,0.00253582536243,0.00121138675604,0.000391793699237,0.000322284147842,0.000173938868102,0.0000431325206591,0.0000225041621889,0.0000748300299165,0.000116215574963,0.0000283791687252,0.0000171386127477,0.0000187990335689,0.0000179146209121,0.000014505634681,0.0000177384299604,0.000014095019651,0.0000133873209052,0.0000115698749141,0.0000206129734579,0.0000223082552111,0.0000258013333223,0.0000184302643902,0.0000192258794414,0.0000160964500537,0.0000124862999655,0.0000114922877401,0.00000724954179532,0.00000601749206908,0.00000555376163902,0.00000366710332855,0.00000358728721039,0.00000271634507953,0.00000134349204473,8.40486222842e-7,4.18151870463e-7,3.14117215794e-7,2.58551551724e-7,1.65554297382e-7],"dvar":[0.00000507310733155,0.00000955063296715,0.00000482228415422,0.00000160678951033,1.2438424335e-7,1.61382615715e-7,7.25188158412e-8,2.79686385163e-9,1.35292055337e-9,2.21079563545e-8,6.44259188221e-8,1.21168870493e-8,9.04936459101e-10,1.0260160499e-9,8.05498112655e-10,4.00719679661e-10,7.93059451443e-10,7.45244810307e-10,3.21858484309e-10,3.11644016149e-10,4.82955231362e-10,6.88273549265e-10,8.44202208139e-10,4.64767502262e-10,3.18012893796e-10,2.25907015317e-10,1.11898088018e-10,1.02953791326e-10,5.03572149257e-11,3.19244491953e-11,3.45509731936e-11,1.27293566313e-11,1.25415294469e-11,8.70912716944e-12,2.61335571239e-12,9.80133400656e-13,2.73162758689e-13,1.36836912244e-13,8.85651279961e-14,3.82480573363e-14],"dvar2":[0.000013883954125,0.0000259562930296,0.0000131274573505,0.00000450553488918,3.33248635798e-7,4.50165146049e-7,2.06963790106e-7,8.19677659081e-9,3.3378499964e-9,5.35429585113e-8,1.32678223963e-7,2.91677650921e-8,2.15983186891e-9,2.63340327322e-9,2.1693931096e-9,1.08483977357e-9,1.94085925109e-9,1.71758285372e-9,7.59876161993e-10,7.02577718226e-10,1.28368793373e-9,1.73383774005e-9,2.0874433293e-9,1.25730648115e-9,9.04503805188e-10,6.21052431704e-10,3.02245284356e-10,2.7997365537e-10,1.36679431662e-10,8.34187233179e-11,9.57518717093e-11,3.56845837601e-11,3.49332958394e-11,2.30036528021e-11,6.9960630171e-12,3.0071795748e-12,7.20320016741e-13,3.56994842758e-13,2.35852515903e-13,9.84727097498e-14],"max":[0.0199243500829,0.0308917835355,0.0256136804819,0.0138627029955,0.00461748428643,0.00642527174205,0.00531159667298,0.00122443086002,0.00133654451929,0.00287221046165,0.00488739926368,0.00463888514787,0.00101691100281,0.000746840145439,0.000693345908076,0.000320897408528,0.000443635421107,0.00074767076876,0.000289391377009,0.000509617326315,0.000463424192276,0.000410009844927,0.000368526525563,0.000445039273473,0.000296701124171,0.000237061933149,0.00016272465291,0.000203830539249,0.000100178207504,0.000107342842966,0.000120627730212,0.0000533247184649,0.0000879875151441,0.0000772189087002,0.0000536918450962,0.0000268148087343,0.000018130411263,0.0000132165405375,0.00000990358967101,0.00000780159280112],"mean":[0.00190001737792,0.00407554209232,0.00306546734646,0.00107908225618,0.000453749176813,0.000276977341855,0.000143100391142,0.0000427885133831,0.0000232115780818,0.0000785330921644,0.000124323225464,0.0000247569259955,0.0000160089166457,0.0000171233950823,0.000014316553461,0.0000111141580419,0.0000154260033014,0.0000121197945191,0.0000126069517137,0.0000115592656584,0.0000226641932386,0.0000263449255726,0.0000304342502204,0.0000233491500694,0.0000255438353634,0.0000222967191803,0.0000173268981598,0.0000150602845679,0.00000959015233093,0.00000864773483045,0.00000715134774509,0.00000515719739269,0.00000493572997584,0.00000405287437388,0.00000209410586649,0.00000120705658446,6.16520082986e-7,4.6663097919e-7,3.81996500209e-7,2.55312443187e-7],"median":[0.00118810520507,0.00258717988618,0.00224416842684,0.000695475901011,0.000285094109131,0.000152114516823,0.0000836469334899,0.0000267340492428,0.000011654703485,0.0000141538339449,0.000012186236745,0.0000062345961851,0.00000845487556944,0.00000619285810899,0.0000063731595219,0.00000437763810623,0.00000363799404113,0.00000428911516792,0.00000525596306034,0.00000669695873512,0.0000137607512443,0.0000153743476403,0.0000188155918295,0.0000174111664819,0.0000194376789295,0.0000172955242306,0.0000138597861223,0.0000111404569907,0.0000074247404882,0.00000673999556966,0.00000477486901218,0.00000386578358302,0.00000386002602681,0.00000275446132036,0.00000145348792557,8.04747912753e-7,3.67148516034e-7,2.73318846666e-7,2.39625251197e-7,1.54442616918e-7],"min":[1.27225838075e-23,4.60784462134e-24,8.38821122957e-24,8.36743973307e-24,1.43265155215e-23,3.94944868807e-24,1.43317231868e-24,4.43853416627e-24,6.07576843226e-24,6.30956866077e-24,1.02903733865e-23,1.23895661763e-23,4.95799631134e-24,1.58278708631e-23,1.29415739613e-23,1.8032454681e-23,7.13872970862e-24,4.10833631843e-24,1.12494949298e-23,7.08379343518e-24,8.08771360038e-24,6.04914201012e-24,1.23194119872e-23,1.25229341564e-23,1.13185920453e-23,9.38258144465e-24,1.41286124085e-23,9.20460811354e-24,1.24208271563e-23,1.04109152771e-23,1.0892689198e-23,1.06484263074e-23,8.99112973082e-24,1.10460200922e-23,1.14777100231e-23,9.75274969126e-24,1.13084433498e-23,9.55621051875e-24,7.86749440122e-24,8.19586406391e-24],"var":[0.00000592766127738,0.0000218297209358,0.00000945409829001,0.00000184154464478,2.97370576163e-7,1.75569127236e-7,5.94467834958e-8,3.38799011068e-9,3.8704781602e-9,4.73103369814e-8,1.26995814753e-7,1.44193696983e-8,1.57425816827e-9,1.53720147722e-9,8.58168036633e-10,4.53000831291e-10,1.47100509551e-9,1.38396438754e-9,5.59237267606e-10,4.2885758833e-10,9.91618120949e-10,1.36263356154e-9,1.7109017536e-9,8.47030501294e-10,7.83943909788e-10,6.23053275639e-10,3.33178401535e-10,3.12232961708e-10,1.18749093891e-10,8.98610144628e-11,8.14132788962e-11,3.27847957116e-11,3.59677392037e-11,3.29706852098e-11,1.01318059845e-11,3.43383763264e-12,1.00994353939e-12,5.41020190887e-13,3.09913309208e-13,1.79582355388e-13]},"melbands_crest":{"dmean":2.93151021004,"dmean2":4.78454780579,"dvar":7.12766504288,"dvar2":18.8559837341,"max":34.4753265381,"mean":16.9101581573,"median":16.1398468018,"min":1.8970477581,"var":29.5578975677},"melbands_flatness_db":{"dmean":0.0251797996461,"dmean2":0.040183275938,"dvar":0.000628828071058,"dvar2":0.00155962596182,"max":0.581109762192,"mean":0.234021574259,"median":0.215374454856,"min":0.00643699290231,"var":0.00813153665513},"melbands_kurtosis":{"dmean":15.3174057007,"dmean2":24.7041320801,"dvar":684.922424316,"dvar2":1650.83447266,"max":661.16986084,"mean":41.0385360718,"median":22.4186992645,"min":-1.83380174637,"var":4228.44580078},"melbands_skewness":{"dmean":1.017619133,"dmean2":1.60890686512,"dvar":1.18302583694,"dvar2":3.01229763031,"max":18.222700119,"mean":4.81754541397,"median":4.43602561951,"min":-0.313934922218,"var":5.17273235321},"melbands_spread":{"dmean":6.19795560837,"dmean2":9.87868309021,"dvar":54.8994827271,"dvar2":135.547409058,"max":132.396530151,"mean":20.598865509,"median":15.9443635941,"min":0.26340764761,"var":379.900421143},"mfcc":{"cov":[[30847.4589844,2014.70349121,57.4098472595,2271.9465332,-543.915222168,865.140075684,100.512229919,611.222961426,-43.1880111694,109.720275879,-17.5872173309,9.54784011841,-21.6354160309],[2014.70349121,1788.20092773,-255.647674561,696.624633789,187.163604736,-28.6732196808,23.2104644775,62.9989089966,-6.91199207306,-141.334793091,17.3039321899,-156.054550171,18.2561836243],[57.4098472595,-255.647674561,410.407897949,-79.9969406128,31.4325046539,34.3565177917,17.8093757629,-18.5987262726,-25.8988666534,29.8588848114,-50.4349517822,63.7493133545,-33.7863082886],[2271.9465332,696.624633789,-79.9969406128,576.63067627,84.9668731689,54.3412094116,-2.25012755394,48.2430229187,-11.3803291321,-67.326210022,18.0089530945,-45.8705177307,51.373790741],[-543.915222168,187.163604736,31.4325046539,84.9668731689,143.887878418,6.98325443268,7.73065805435,-25.8339958191,-8.37835216522,-25.7150306702,-11.8033008575,-4.95745849609,-1.00932502747],[865.140075684,-28.6732196808,34.3565177917,54.3412094116,6.98325443268,114.140335083,43.7504386902,6.62151956558,6.47103643417,6.99499130249,-5.01777029037,22.5259227753,-1.74060511589],[100.512229919,23.2104644775,17.8093757629,-2.25012755394,7.73065805435,43.7504386902,69.2730712891,24.7668704987,13.9965019226,1.2659778595,-4.36887454987,11.3580904007,-7.43496227264],[611.222961426,62.9989089966,-18.5987262726,48.2430229187,-25.8339958191,6.62151956558,24.7668704987,83.1861495972,27.3749446869,15.6718320847,16.0000915527,-3.74087524414,7.92488527298],[-43.1880111694,-6.91199207306,-25.8988666534,-11.3803291321,-8.37835216522,6.47103643417,13.9965019226,27.3749446869,48.9090690613,20.7441196442,9.66885185242,2.93352246284,-3.27100348473],[109.720275879,-141.334793091,29.8588848114,-67.326210022,-25.7150306702,6.99499130249,1.2659778595,15.6718320847,20.7441196442,60.281414032,15.1871862411,15.443687439,-10.8543510437],[-17.5872173309,17.3039321899,-50.4349517822,18.0089530945,-11.8033008575,-5.01777029037,-4.36887454987,16.0000915527,9.66885185242,15.1871862411,47.2996482849,2.83767056465,15.6912536621],[9.54784011841,-156.054550171,63.7493133545,-45.8705177307,-4.95745849609,22.5259227753,11.3580904007,-3.74087524414,2.93352246284,15.443687439,2.83767056465,63.4875526428,7.61309480667],[-21.6354160309,18.2561836243,-33.7863082886,51.373790741,-1.00932502747,-1.74060511589,-7.43496227264,7.92488527298,-3.27100348473,-10.8543510437,15.6912536621,7.61309480667,59.5059547424]],"icov":[[0.0001423091162,-0.000155064568389,0.000063185034378,-0.000510537065566,0.000846844050102,-0.00101668236312,0.000693585257977,-0.000817423104309,0.000807243282907,-0.000788626843132,0.000761606788728,-0.000522440823261,0.000522636284586],[-0.000155064568389,0.00191160291433,0.000313748256303,-0.00126044743229,-0.00197813520208,0.00256499089301,-0.00240231235512,0.000658710196149,-0.00109170412179,0.00219441973604,-0.00146529369522,0.00239899847656,0.000696807226632],[0.000063185034378,0.000313748256303,0.00446334760636,-0.000717456685379,-0.00112317013554,-0.000124851751025,-0.000136242204462,-0.00154980458319,0.0039601107128,-0.00370517210104,0.00513531081378,-0.00409484095871,0.00195857766084],[-0.000510537065566,-0.00126044743229,-0.000717456685379,0.007124427706,-0.00394770968705,-0.000973371614236,0.00201178831048,-0.00032713660039,-0.00213074404746,0.00507854809985,-0.00378697924316,0.00209036935121,-0.00461717694998],[0.000846844050102,-0.00197813520208,-0.00112317013554,-0.00394770968705,0.0153168560937,-0.00529975537211,0.00178465049248,0.000516953354236,0.00252294703387,-0.0036524545867,0.00458303885534,-0.00368073978461,0.00267903786153],[-0.00101668236312,0.00256499089301,-0.000124851751025,-0.000973371614236,-0.00529975537211,0.0236368011683,-0.0167926847935,0.0101208472624,-0.00602908851579,0.0018193955766,-0.00346875702962,0.000963673053775,-0.00243979529478],[0.000693585257977,-0.00240231235512,-0.000136242204462,0.00201178831048,0.00178465049248,-0.0167926847935,0.0313387364149,-0.014240863733,0.00110753322951,0.00199616351165,0.00460002711043,-0.00605053501204,0.00451233889908],[-0.000817423104309,0.000658710196149,-0.00154980458319,-0.00032713660039,0.000516953354236,0.0101208472624,-0.014240863733,0.0275832582265,-0.0132540185004,-0.000528851815034,-0.00699963606894,0.0054482719861,-0.00592112960294],[0.000807243282907,-0.00109170412179,0.0039601107128,-0.00213074404746,0.00252294703387,-0.00602908851579,0.00110753322951,-0.0132540185004,0.0367327444255,-0.0150485411286,0.00638241600245,-0.00586455874145,0.00482793198898],[-0.000788626843132,0.00219441973604,-0.00370517210104,0.00507854809985,-0.0036524545867,0.0018193955766,0.00199616351165,-0.000528851815034,-0.0150485411286,0.0384449213743,-0.0179131478071,0.00332607678138,0.00334637635387],[0.000761606788728,-0.00146529369522,0.00513531081378,-0.00378697924316,0.00458303885534,-0.00346875702962,0.00460002711043,-0.00699963606894,0.00638241600245,-0.0179131478071,0.0386023409665,-0.00848497170955,-0.00361539493315],[-0.000522440823261,0.00239899847656,-0.00409484095871,0.00209036935121,-0.00368073978461,0.000963673053775,-0.00605053501204,0.0054482719861,-0.00586455874145,0.00332607678138,-0.00848497170955,0.0288927238435,-0.00774617353454],[0.000522636284586,0.000696807226632,0.00195857766084,-0.00461717694998,0.00267903786153,-0.00243979529478,0.00451233889908,-0.00592112960294,0.00482793198898,0.00334637635387,-0.00361539493315,-0.00774617353454,0.0260261241347]],"mean":[-701.799621582,100.913223267,7.15487623215,66.1134719849,10.9822883606,7.33224344254,0.775426149368,9.37640380859,-2.59540700912,-5.948097229,-1.89872348309,-5.5747179985,-0.613835811615]},"pitch_salience":{"dmean":0.0707400292158,"dmean2":0.116503611207,"dvar":0.00460464693606,"dvar2":0.0123589262366,"max":0.88745033741,"mean":0.5472484231,"median":0.571190416813,"min":0.0635535269976,"var":0.0187184922397},"silence_rate_20dB":{"dmean":0,"dmean2":0,"dvar":0,"dvar2":0,"max":1,"mean":1,"median":1,"min":1,"var":0},"silence_rate_30dB":{"dmean":0.00550458719954,"dmean2":0.0110125420615,"dvar":0.00547436717898,"dvar2":0.0145622938871,"max":1,"mean":0.996331393719,"median":1,"min":0,"var":0.0036550865043},"silence_rate_60dB":{"dmean":0.016513761133,"dmean2":0.0330376252532,"dvar":0.016239432618,"dvar2":0.0399003438652,"max":1,"mean":0.195658817887,"median":0,"min":0,"var":0.157378748059},"spectral_centroid":{"dmean":272.094848633,"dmean2":439.371520996,"dvar":93196.859375,"dvar2":215804.3125,"max":10959.0449219,"mean":1651.31396484,"median":1659.44128418,"min":152.640106201,"var":595031.3125},"spectral_complexity":{"dmean":3.56024456024,"dmean2":5.86234331131,"dvar":17.8714981079,"dvar2":46.8382072449,"max":60,"mean":20.0360736847,"median":23,"min":0,"var":201.040893555},"spectral_contrast_coeffs":{"dmean":[0.0495294071734,0.0421437956393,0.0332048870623,0.0251602400094,0.0180998072028,0.0142365945503],"dmean2":[0.0827958360314,0.0703286975622,0.053128965199,0.0419884808362,0.0304214693606,0.023450801149],"dvar":[0.00187050225213,0.00129867682699,0.000909016351216,0.000456974987173,0.000237344778725,0.000183202544576],"dvar2":[0.00517473323271,0.00362751376815,0.00208493485115,0.00119876407553,0.000656341318972,0.000464131968329],"max":[-0.308901518583,-0.543422937393,-0.543633282185,-0.603612303734,-0.65985262394,-0.594359695911],"mean":[-0.637970507145,-0.750852882862,-0.815162956715,-0.828448355198,-0.803904235363,-0.717326045036],"median":[-0.63078558445,-0.745272636414,-0.827628970146,-0.829627871513,-0.797882080078,-0.701604962349],"min":[-0.984333992004,-0.961978495121,-0.971295237541,-0.967340409756,-0.957433223724,-0.959341883659],"var":[0.00905845221132,0.00471583334729,0.00485624186695,0.0019700655248,0.00158008327708,0.00396744674072]},"spectral_contrast_valleys":{"dmean":[0.374699503183,0.329378664494,0.317277163267,0.287697046995,0.189905405045,0.179625749588],"dmean2":[0.618310451508,0.546234428883,0.518366992474,0.475166469812,0.31365826726,0.275868445635],"dvar":[0.142055243254,0.120419107378,0.118908666074,0.110508091748,0.0817406922579,0.091021053493],"dvar2":[0.322923511267,0.252066612244,0.240917295218,0.2237098068,0.136152520776,0.160831332207],"max":[-4.96245908737,-5.06909179688,-5.7178273201,-5.95895957947,-5.62854814529,-8.23958492279],"mean":[-7.53258466721,-7.83225059509,-8.55852890015,-8.65931892395,-7.72976779938,-11.1288337708],"median":[-6.46149015427,-6.92993545532,-7.64237689972,-7.76950597763,-6.64872598648,-9.98930835724],"min":[-26.8266849518,-27.2480487823,-27.4118881226,-27.1803874969,-27.3248348236,-27.2259731293],"var":[7.18769645691,5.89369153976,5.77741765976,5.36844873428,5.72915458679,5.1194691658]},"spectral_decrease":{"dmean":2.86579338038e-9,"dmean2":4.72131755913e-9,"dvar":1.67238350542e-17,"dvar2":4.49836831323e-17,"max":2.60858484097e-29,"mean":-8.69441763029e-9,"median":-8.52385539929e-9,"min":-3.57130041095e-8,"var":4.93141953234e-17},"spectral_energy":{"dmean":0.0109967663884,"dmean2":0.0181120857596,"dvar":0.000246088718995,"dvar2":0.000661984318867,"max":0.13766515255,"mean":0.0344731509686,"median":0.0342068485916,"min":1.06500941739e-20,"var":0.000758028996643},"spectral_energyband_high":{"dmean":0.000312840944389,"dmean2":0.000516098982189,"dvar":2.43274371314e-7,"dvar2":6.34562525192e-7,"max":0.0112836677581,"mean":0.00107624591328,"median":0.000912070623599,"min":7.79327325544e-21,"var":0.00000135985351335},"spectral_energyband_low":{"dmean":0.00887203309685,"dmean2":0.0145094217733,"dvar":0.000184242628166,"dvar2":0.00049567152746,"max":0.118304699659,"mean":0.0208244305104,"median":0.0168176200241,"min":8.26292923154e-23,"var":0.000408455205616},"spectral_energyband_middle_high":{"dmean":0.000935454445425,"dmean2":0.00149895157665,"dvar":0.00000293367520499,"dvar2":0.00000696065535521,"max":0.0343204550445,"mean":0.00309231691062,"median":0.00225216383114,"min":1.56729440718e-21,"var":0.0000112936049845},"spectral_energyband_middle_low":{"dmean":0.00574651081115,"dmean2":0.00965389050543,"dvar":0.000078262630268,"dvar2":0.000212964994716,"max":0.093471840024,"mean":0.0130727309734,"median":0.0110321361572,"min":2.08284017656e-22,"var":0.000146541788126},"spectral_entropy":{"dmean":0.105604305863,"dmean2":0.167421638966,"dvar":0.0185096543282,"dvar2":0.0381828099489,"max":9.81265544891,"mean":7.59973096848,"median":7.74620771408,"min":4.5349187851,"var":0.359702110291},"spectral_flux":{"dmean":0.0233108196408,"dmean2":0.0367394983768,"dvar":0.000866842397954,"dvar2":0.00180051883217,"max":0.268754392862,"mean":0.0792418569326,"median":0.0801247507334,"min":1.03199296331e-10,"var":0.00346028641798},"spectral_kurtosis":{"dmean":1.36492919922,"dmean2":2.33356118202,"dvar":5.64618110657,"dvar2":15.6480064392,"max":39.770111084,"mean":3.24625372887,"median":1.9655995369,"min":-1.19879698753,"var":15.2986593246},"spectral_rms":{"dmean":0.000804312294349,"dmean2":0.00130156008527,"dvar":0.00000102740307284,"dvar2":0.00000271969656751,"max":0.0115891098976,"mean":0.00503624044359,"median":0.00577689660713,"min":3.2234043993e-12,"var":0.00000826836912893},"spectral_rolloff":{"dmean":542.347595215,"dmean2":940.635986328,"dvar":661258.1875,"dvar2":1579216,"max":18497.0214844,"mean":1613.39196777,"median":495.263671875,"min":86.1328125,"var":8000332.5},"spectral_skewness":{"dmean":0.177700504661,"dmean2":0.297701001167,"dvar":0.0619327500463,"dvar2":0.158410653472,"max":4.88074970245,"mean":0.978426516056,"median":0.810296833515,"min":-0.0022192329634,"var":0.31464150548},"spectral_spread":{"dmean":278111.90625,"dmean2":436387.46875,"dvar":326654230528,"dvar2":418457616384,"max":40089768,"mean":4231091.5,"median":4088320,"min":1694690,"var":2838114336770},"spectral_strongpeak":{"dmean":0.217681124806,"dmean2":0.375707089901,"dvar":0.152355477214,"dvar2":0.4365439713,"max":8.34891700745,"mean":0.467872411013,"median":0.38926500082,"min":0,"var":0.185800328851},"zerocrossingrate":{"dmean":0.00820028781891,"dmean2":0.0105517441407,"dvar":0.0000797463944764,"dvar2":0.000123118879856,"max":0.50244140625,"mean":0.0633695349097,"median":0.0517578125,"min":0.00537109375,"var":0.00383552466519}},"metadata":{"audio_properties":{"analysis_sample_rate":44100,"bit_rate":320000,"codec":"mp3","downmix":"mix","equal_loudness":0,"length":75.9118347168,"lossless":false,"md5_encoded":"b770c80990d2ac075f92c742b20a2245","replay_gain":-12.9917011261,"sample_rate":44100},"tags":{"album":["The Action Is Go"],"albumartist":["Fu Manchu"],"albumartistsort":["Fu Manchu"],"artist":["Fu Manchu"],"artistsort":["Fu Manchu"],"asin":["B000004ATQ"],"catalognumber":["35498 0173-2"],"contentgroup":["Rock"],"date":["1997"],"file_name":"14 Nothing Done.mp3","genre":["Punk","Stoner Rock","Hard Rock"],"label":["Mammoth Records"],"musicbrainz album release country":["US"],"musicbrainz album status":["official"],"musicbrainz album type":["album"],"musicbrainz_albumartistid":["f96de591-5dae-41da-855b-eb387d88d7d4"],"musicbrainz_albumid":["f583c4f1-ee5f-4b11-a1c6-11e9aed62875"],"musicbrainz_artistid":["f96de591-5dae-41da-855b-eb387d88d7d4"],"musicbrainz_recordingid":["11b2131a-bbb6-42fe-ac1f-cfe39629a362"],"originaldate":["1997"],"title":["Nothing Done"],"tracknumber":["14/14"]},"version":{"essentia":"2.1-beta2","essentia_build_sha":"70f2e5ece6736b2c40cc944ad0e695b16b925413","essentia_git_sha":"v2.1_beta2","extractor":"music 1.0"}},"rhythm":{"beats_count":132,"beats_loudness":{"dmean":0.0136093394831,"dmean2":0.024411547929,"dvar":0.000175383320311,"dvar2":0.00046160450438,"max":0.0882138162851,"mean":0.0361781790853,"median":0.0368260070682,"min":4.16574885698e-10,"var":0.00059591565514},"beats_loudness_band_ratio":{"dmean":[0.158296585083,0.115797840059,0.0499040223658,0.0208709444851,0.0357034355402,0.0302000697702],"dmean2":[0.284676402807,0.198937386274,0.0914472490549,0.0361506082118,0.0628039911389,0.0529915802181],"dvar":[0.018043898046,0.00799065828323,0.00580715667456,0.000828911550343,0.00195400626399,0.000933021947276],"dvar2":[0.0473053343594,0.0231801867485,0.0160875301808,0.002084371401,0.00539187295362,0.00250212103128],"max":[0.98995137