{"lowlevel":{"average_loudness":0.605749189854,"barkbands":{"dmean":[0.000061580700276,0.00138991780113,0.00215470301919,0.00179747701623,0.00309843174182,0.000831011799164,0.000910381728318,0.000584868132137,0.000492411607411,0.000163744625752,0.000206377808354,0.000196280205273,0.000228752367548,0.000289243267616,0.000233531580307,0.000238646913203,0.000120947654068,0.000121909703012,0.0000687892897986,0.0000703268597135,0.000078179036791,0.0000719023737474,0.0000581358945055,0.0000576025995542,0.0000521524561918,0.0000191582475964,0.00000444499846708],"dmean2":[0.000103968770418,0.00233703665435,0.00363209797069,0.00301365624182,0.00519548775628,0.0013284139568,0.00146672094706,0.000937438337132,0.000800078152679,0.00026729790261,0.000336040713592,0.000330288428813,0.00037024077028,0.000472968968097,0.000380888406653,0.000394233735278,0.000197572560865,0.000200938855414,0.000112511988846,0.000113240661449,0.000118729301903,0.000103647609649,0.000078333876445,0.0000725012869225,0.0000681528545101,0.000025346142138,0.00000593659933656],"dvar":[2.28965149063e-8,0.00000855806865729,0.0000186423385458,0.00000962787271419,0.0000645985273877,0.00000245728210757,0.0000036086489672,0.00000180662334515,0.00000130292085032,1.35356813757e-7,1.67650469507e-7,2.13324355514e-7,2.37786551338e-7,3.00670421893e-7,2.54552560364e-7,2.83338124518e-7,5.68662734679e-8,5.36357305236e-8,1.45087213355e-8,2.08049808492e-8,5.04231536524e-8,4.45663168591e-8,3.57158569386e-8,4.6619803129e-8,3.33380789641e-8,2.52837639714e-9,9.37453309424e-11],"dvar2":[5.76153382781e-8,0.0000228983190027,0.0000500463866047,0.0000252697773249,0.00013418198796,0.00000620571745458,0.00000929778889258,0.00000473862291983,0.00000329448744196,3.47661426758e-7,4.21514727122e-7,5.73474153498e-7,5.86485839449e-7,7.79953325036e-7,6.50969923299e-7,7.28475129108e-7,1.44201010244e-7,1.43043465073e-7,3.7972260003e-8,5.30874935123e-8,1.08990690251e-7,8.32797084627e-8,6.09765038462e-8,7.00442797097e-8,5.90422040148e-8,5.13924058865e-9,1.74052897095e-10],"max":[0.00283131701872,0.0360501483083,0.059154137969,0.0404783710837,0.0869709923863,0.0324893556535,0.0345452353358,0.0305460449308,0.0223252400756,0.0119104068726,0.0106014795601,0.0127763282508,0.017634883523,0.010712989606,0.0130618885159,0.0129810767248,0.00529550667852,0.00465791020542,0.0039237132296,0.00734804291278,0.00887536630034,0.00633838865906,0.00733856623992,0.00774378748611,0.00682811811566,0.00119690247811,0.000185215831152],"mean":[0.0000615363533143,0.00226954277605,0.00319686438888,0.0027414590586,0.00440525822341,0.0013734891545,0.00145962159149,0.000992906512693,0.000827175448649,0.000298795261187,0.000365735439118,0.000366026186384,0.000453011831269,0.000545003276784,0.000458982569398,0.000467546109576,0.000276864157058,0.000307349138893,0.000182620773558,0.000200793743716,0.00020110308833,0.000182259173016,0.000137636350701,0.000118785792438,0.0000917257566471,0.0000328114438162,0.00000684386986904],"median":[0.0000105428916868,0.000890586292371,0.00104626629036,0.00100072775967,0.00162555510178,0.000593820586801,0.00054818415083,0.000334092415869,0.000289774150588,0.00013789946388,0.00015204428928,0.000150786640006,0.000175777997356,0.000228794451687,0.00016912126739,0.000166496538441,0.000106707535451,0.00012564813369,0.0000728579761926,0.0000619698039372,0.0000547510644537,0.0000401139914175,0.0000264280497504,0.0000200419726752,0.0000180711322173,0.00000729923203835,0.00000203259719456],"min":[3.71851059484e-25,2.43913070324e-24,4.67112595847e-25,3.48293971872e-25,6.57092813943e-24,6.66749260283e-24,6.83336086335e-24,6.66385200976e-24,1.0652296459e-23,1.45644738358e-23,1.43425199315e-23,1.80665208504e-23,2.42361025936e-23,2.9421697109e-23,4.02452473819e-23,4.41844274676e-23,7.5347557113e-23,9.83026647702e-23,1.33688775101e-22,1.30812499888e-22,2.40340068427e-22,2.58989522776e-22,4.01312954775e-22,5.69994387941e-22,8.12756297212e-22,1.27830403718e-21,2.04914326987e-21],"var":[2.62331827372e-8,0.0000129534791995,0.0000285286623694,0.0000152856755449,0.0000891154631972,0.00000491089895149,0.00000639263907942,0.00000361074580724,0.0000026182642614,2.96283445778e-7,3.76340466346e-7,4.73505480159e-7,6.81952485593e-7,7.53015854116e-7,6.06545938808e-7,6.54496830066e-7,1.79898847819e-7,2.02398524607e-7,6.14974311475e-8,9.55065857511e-8,1.81171714075e-7,1.79383647492e-7,1.38452421083e-7,1.45638992421e-7,8.27917148172e-8,5.25983923083e-9,1.67768854364e-10]},"barkbands_crest":{"dmean":2.59534525871,"dmean2":4.35669469833,"dvar":6.0595908165,"dvar2":15.6882896423,"max":24.3467292786,"mean":9.63002967834,"median":8.61340332031,"min":2.16702246666,"var":17.0967121124},"barkbands_flatness_db":{"dmean":0.0202338751405,"dmean2":0.0313963219523,"dvar":0.000371899921447,"dvar2":0.00086855731206,"max":0.525096774101,"mean":0.145597651601,"median":0.112675912678,"min":0.027032116428,"var":0.0084969913587},"barkbands_kurtosis":{"dmean":2.67463088036,"dmean2":4.34171867371,"dvar":19.5549640656,"dvar2":46.4970207214,"max":109.353996277,"mean":3.78918385506,"median":1.80076551437,"min":-1.93369400501,"var":41.4023284912},"barkbands_skewness":{"dmean":0.521545052528,"dmean2":0.831056714058,"dvar":0.313381016254,"dvar2":0.703164815903,"max":7.73569536209,"mean":1.58292365074,"median":1.4349001646,"min":-3.35839128494,"var":1.20509946346},"barkbands_spread":{"dmean":5.22139453888,"dmean2":7.92605161667,"dvar":46.8285102844,"dvar2":88.6341934204,"max":164.98147583,"mean":21.6707134247,"median":18.5790901184,"min":0.627841889858,"var":273.895294189},"dissonance":{"dmean":0.0167009215802,"dmean2":0.0283336080611,"dvar":0.00036057192483,"dvar2":0.00102652690839,"max":0.5,"mean":0.466607064009,"median":0.47394785285,"min":0.183530569077,"var":0.000710391963366},"dynamic_complexity":5.87221431732,"erbbands":{"dmean":[0.017401477322,0.406293839216,2.22444820404,3.83088111877,10.2225198746,10.0384893417,5.92964363098,7.53182411194,9.84145641327,17.2745628357,10.4528503418,12.2560281754,6.84958410263,4.51634740829,8.66074752808,8.57581996918,10.3029785156,13.7241868973,13.1291723251,13.9743108749,7.92800474167,6.30006122589,6.14706897736,4.16522264481,3.71172165871,3.49573779106,2.8678920269,3.32110595703,2.66798639297,2.21232891083,1.51298511028,1.3038418293,0.954474925995,0.658670067787,0.344145387411,0.107828363776,0.0331784933805,0.00582889933139,0.000670172681566,0.0000539502398169],"dmean2":[0.029597165063,0.681890666485,3.72938632965,6.41585302353,17.0841293335,16.8982753754,9.6788520813,12.0026674271,15.7421274185,27.4346351624,17.2687702179,19.9090538025,11.1551494598,7.40467023849,14.0930166245,14.3467464447,16.6517429352,22.4805355072,21.6298408508,22.9484767914,12.9121675491,10.1636648178,9.996134758,6.79544591904,6.04787683487,5.60794258118,4.44605207443,4.9247584343,3.90788388252,3.12877464294,2.01980090141,1.67693960667,1.20529305935,0.844677388668,0.474541455507,0.146476715803,0.0440660007298,0.00774310575798,0.000888069102075,0.0000713911795174],"dvar":[0.00189607893117,0.697793364525,19.1833992004,47.008895874,654.975280762,560.420593262,112.209571838,231.530258179,453.096038818,1739.90368652,750.508544922,921.388671875,379.360717773,88.0777053833,280.702423096,400.841583252,452.458465576,756.781066895,694.013244629,964.155212402,299.612213135,155.997940063,139.012695312,60.1507453918,55.4732666016,51.0850563049,43.5669784546,128.012023926,62.9712104797,49.0279693604,26.886007309,25.0251998901,12.9412536621,5.94942474365,1.55235648155,0.0999165102839,0.00777772488073,0.000178996197064,0.00000202616479328,1.32703519284e-8],"dvar2":[0.00512085715309,1.86208605766,51.1495056152,120.958084106,1330.88928223,1217.49365234,290.377502441,575.336486816,1111.52001953,4560.86230469,2021.9822998,2324.89892578,957.314025879,240.842330933,711.482055664,1069.38439941,1115.5838623,1970.51037598,1796.86376953,2443.05224609,729.003417969,393.04800415,360.533599854,162.637069702,146.378768921,130.034393311,104.16632843,264.160736084,120.188919067,95.8235015869,48.529094696,40.0095291138,20.7884521484,9.65519428253,3.29639840126,0.216756597161,0.0149495666847,0.000353494455339,0.00000374105684386,2.4712523583e-8],"max":[0.557907819748,9.79204082489,59.6531639099,98.6159515381,276.761444092,320.396484375,159.720977783,385.661529541,497.019714355,1005.91809082,804.041992188,696.959533691,542.155334473,235.093322754,411.883422852,526.368652344,696.085693359,535.143859863,667.704711914,839.557556152,407.152404785,300.545684814,278.410003662,257.16192627,403.715332031,331.867889404,247.119720459,461.62512207,223.813201904,319.409973145,218.410171509,176.699417114,132.091552734,104.63143158,33.5229759216,8.75349140167,2.43659639359,0.346170932055,0.0269322432578,0.00211896793917],"mean":[0.0254286974669,0.680404067039,3.53250479698,6.34217596054,14.5369033813,13.8154859543,9.76599216461,12.0725002289,15.4573383331,29.7266521454,18.1968765259,20.2904491425,12.8882427216,9.19222354889,16.551530838,17.4879245758,21.9222049713,27.2523460388,27.1577377319,27.5192890167,19.087430954,16.105922699,16.1893024445,11.4643030167,10.2764062881,9.75346660614,7.67882347107,8.03400802612,6.68165397644,5.31030273438,3.54000735283,2.74230408669,1.84751331806,1.18213677406,0.55859285593,0.18397679925,0.0549579076469,0.0097002517432,0.0010717700934,0.0000970404798863],"median":[0.0108842262998,0.290389716625,1.36239826679,3.21942877769,5.37075996399,4.92033338547,4.86714363098,4.95290899277,5.92711019516,9.83806419373,7.03708171844,6.83934831619,5.25965166092,4.46963453293,7.29718542099,7.55652427673,8.9204750061,10.7910051346,11.552901268,10.4938220978,7.59494686127,6.38256597519,6.7342209816,4.6435585022,3.53952455521,2.97311162949,2.43024539948,1.96594417095,1.47697842121,1.12521469593,0.67951977253,0.462949842215,0.297587037086,0.21038223803,0.113813720644,0.0412172563374,0.0118130603805,0.00256012519822,0.000334740121616,0.0000457104324596],"min":[8.10428804132e-23,6.96848068262e-22,2.48562624388e-21,6.54402171585e-21,1.20592108876e-20,1.79423682045e-20,3.7652641098e-20,8.61353123868e-20,1.55524094779e-19,2.25814904704e-19,2.61692674701e-19,2.85218285858e-19,5.44537081448e-19,7.72274224648e-19,4.15576289379e-19,9.49175380641e-19,1.48909808674e-18,1.76356209406e-18,2.48482078161e-18,2.9928383043e-18,3.12301316486e-18,4.59412596694e-18,5.82935560285e-18,7.23387478215e-18,6.84206745012e-18,7.07886609844e-18,7.24527663971e-18,9.55839209695e-18,8.35268867301e-18,1.07828187541e-17,1.01998077963e-17,8.63094147772e-18,9.70418847017e-18,8.54866430373e-18,5.80581735134e-18,4.16390974394e-18,2.35315720274e-18,9.71449596779e-19,2.48320188575e-19,2.65329442119e-20],"var":[0.00204492709599,1.08437740803,31.1660633087,70.2750167847,880.411315918,800.399108887,200.747711182,439.453735352,856.340881348,3361.70410156,1418.14819336,1811.50415039,794.01953125,208.439926147,676.442687988,981.236633301,1390.89624023,1953.22570801,1741.63647461,2170.89916992,946.194519043,587.902770996,549.06439209,257.291809082,231.248519897,227.325317383,161.023208618,414.022888184,241.159210205,175.856781006,95.5962753296,73.9892272949,38.1625213623,16.2027492523,2.90706300735,0.189221575856,0.0166562777013,0.000342432729667,0.00000377090304937,2.46672477999e-8]},"erbbands_crest":{"dmean":2.29071617126,"dmean2":3.79029583931,"dvar":4.81950044632,"dvar2":12.5370578766,"max":31.3169212341,"mean":7.80779027939,"median":6.91310834885,"min":2.41619277,"var":14.0351905823},"erbbands_flatness_db":{"dmean":0.0151247354224,"dmean2":0.0210609827191,"dvar":0.000231305195484,"dvar2":0.000406684965128,"max":0.45896473527,"mean":0.164543837309,"median":0.13334518671,"min":0.0318411625922,"var":0.00707618100569},"erbbands_kurtosis":{"dmean":0.617680668831,"dmean2":1.00481438637,"dvar":2.22144126892,"dvar2":5.50148439407,"max":124.006889343,"mean":-0.080178335309,"median":-0.473810434341,"min":-1.77934873104,"var":8.94964408875},"erbbands_skewness":{"dmean":0.314223200083,"dmean2":0.4973731637,"dvar":0.0964491665363,"dvar2":0.231073856354,"max":6.59094524384,"mean":0.209527656436,"median":0.179746687412,"min":-4.18086767197,"var":0.361290961504},"erbbands_spread":{"dmean":6.81394386292,"dmean2":10.2237501144,"dvar":60.2143516541,"dvar2":124.047088623,"max":160.250717163,"mean":38.6708984375,"median":37.0217666626,"min":0.756719827652,"var":298.338134766},"gfcc":{"cov":[[44107.421875,-5296.50585938,-1958.6685791,4159.90625,-2769.36914062,1856.01977539,-1281.33728027,1624.14489746,-648.898254395,450.759552002,-586.363708496,323.155944824,-682.181945801],[-5296.50585938,4560.95263672,-593.094604492,-1789.74584961,898.19329834,-1048.97790527,326.515167236,-785.574279785,136.024932861,-236.417816162,129.082778931,-233.435440063,191.821594238],[-1958.6685791,-593.094604492,627.65411377,81.4339904785,44.3922805786,108.052963257,7.79526329041,81.1740646362,21.6865978241,36.0633010864,8.83957099915,47.1792526245,13.0256376266],[4159.90625,-1789.74584961,81.4339904785,1064.43786621,-408.712310791,506.930175781,-140.933227539,384.479064941,-52.5198402405,105.897674561,-66.9974594116,87.7100143433,-102.622306824],[-2769.36914062,898.19329834,44.3922805786,-408.712310791,417.492828369,-234.792190552,135.73449707,-193.649459839,51.0564842224,-55.0197410583,43.8367080688,-49.0875167847,57.700920105],[1856.01977539,-1048.97790527,108.052963257,506.930175781,-234.792190552,398.258117676,-51.927066803,248.481750488,-21.7695503235,69.9350509644,-34.1583709717,48.6857872009,-63.4194107056],[-1281.33728027,326.515167236,7.79526329041,-140.933227539,135.73449707,-51.927066803,186.198074341,-21.0258274078,63.8105926514,-9.74120521545,35.1037559509,-21.5335216522,22.1865730286],[1624.14489746,-785.574279785,81.1740646362,384.479064941,-193.649459839,248.481750488,-21.0258274078,276.168792725,36.3140182495,76.4350585938,-9.51196289062,43.4633255005,-48.1782913208],[-648.898254395,136.024932861,21.6865978241,-52.5198402405,51.0564842224,-21.7695503235,63.8105926514,36.3140182495,110.302787781,32.4314460754,28.7456417084,-7.13358688354,12.8879985809],[450.759552002,-236.417816162,36.0633010864,105.897674561,-55.0197410583,69.9350509644,-9.74120521545,76.4350585938,32.4314460754,78.3697738647,17.7579898834,16.6487922668,-15.3284006119],[-586.363708496,129.082778931,8.83957099915,-66.9974594116,43.8367080688,-34.1583709717,35.1037559509,-9.51196289062,28.7456417084,17.7579898834,65.7530899048,13.9677276611,12.3883953094],[323.155944824,-233.435440063,47.1792526245,87.7100143433,-49.0875167847,48.6857872009,-21.5335216522,43.4633255005,-7.13358688354,16.6487922668,13.9677276611,68.1782836914,17.391752243],[-682.181945801,191.821594238,13.0256376266,-102.622306824,57.700920105,-63.4194107056,22.1865730286,-48.1782913208,12.8879985809,-15.3284006119,12.3883953094,17.391752243,72.0167236328]],"icov":[[0.000100588134956,-0.000177573761903,0.000236129955738,-0.000308255257551,0.000242302703555,0.0000731535183149,0.000175539054908,-0.000412066903664,0.000468521000585,-0.000443901313702,0.000574422942009,-0.000452242471511,0.000316451099934],[-0.000177573761903,0.00156830309425,0.000458312832052,0.00153149885591,-0.00123206467833,0.000520316360053,-0.000418890092988,0.00118627934717,-0.00156456476543,0.00134224782232,-0.00156079814769,0.00186208391096,-0.00100740895141],[0.000236129955738,0.000458312832052,0.00313336472027,0.000229856275837,-0.00102229602635,-0.000183325159014,0.000664185965434,-0.00125685951207,0.00064642727375,-0.00119601772167,0.00141505047213,-0.00157822691835,0.000156477923156],[-0.000308255257551,0.00153149885591,0.000229856275837,0.00488273939118,-0.00120610219892,-0.00187151657883,-0.0000158598941198,-0.000303228851408,-0.00111370382365,0.00118865200784,-0.000923682819121,0.00084468384739,-0.000555499515031],[0.000242302703555,-0.00123206467833,-0.00102229602635,-0.00120610219892,0.00716679822654,0.000543910893612,-0.00206104968674,0.00161380809732,-0.0000641547085252,-0.00023564453295,0.000369176646927,-0.000150196210598,0.000428642961197],[0.0000731535183149,0.000520316360053,-0.000183325159014,-0.00187151657883,0.000543910893612,0.00948311481625,-0.001526686945,-0.00416379608214,0.0027302808594,-0.00166560488287,0.00159335101489,-0.000178690286702,0.00119932123926],[0.000175539054908,-0.000418890092988,0.000664185965434,-0.0000158598941198,-0.00206104968674,-0.001526686945,0.00976008176804,-0.00234016217291,-0.00267649861053,0.00206099194475,-0.00222979974933,0.00131345237605,-0.000645619235002],[-0.000412066903664,0.00118627934717,-0.00125685951207,-0.000303228851408,0.00161380809732,-0.00416379608214,-0.00234016217291,0.0164293386042,-0.00924265384674,0.000259395019384,-0.0019259195542,-0.000881983200088,0.0017379631754],[0.000468521000585,-0.00156456476543,0.00064642727375,-0.00111370382365,-0.0000641547085252,0.0027302808594,-0.00267649861053,-0.00924265384674,0.0212425347418,-0.00983910355717,0.00109690183308,0.00148271780927,-0.00244391593151],[-0.000443901313702,0.00134224782232,-0.00119601772167,0.00118865200784,-0.00023564453295,-0.00166560488287,0.00206099194475,0.000259395019384,-0.00983910355717,0.0257673542947,-0.010256614536,0.00205230456777,0.000904680346139],[0.000574422942009,-0.00156079814769,0.00141505047213,-0.000923682819121,0.000369176646927,0.00159335101489,-0.00222979974933,-0.0019259195542,0.00109690183308,-0.010256614536,0.0278621725738,-0.0124060567468,0.00435601687059],[-0.000452242471511,0.00186208391096,-0.00157822691835,0.00084468384739,-0.000150196210598,-0.000178690286702,0.00131345237605,-0.000881983200088,0.00148271780927,0.00205230456777,-0.0124060567468,0.0298779886216,-0.0136961005628],[0.000316451099934,-0.00100740895141,0.000156477923156,-0.000555499515031,0.000428642961197,0.00119932123926,-0.000645619235002,0.0017379631754,-0.00244391593151,0.000904680346139,0.00435601687059,-0.0136961005628,0.0240091197193]],"mean":[-69.2150039673,109.104652405,-107.798805237,13.4344921112,-42.2438583374,2.4281668663,-38.2818946838,-6.08903217316,-22.7336006165,0.658233582973,-20.0545749664,-7.22309160233,-16.9931716919]},"hfc":{"dmean":3.67404794693,"dmean2":4.81570005417,"dvar":38.8828277588,"dvar2":59.5220680237,"max":175.045852661,"mean":17.1034374237,"median":9.88391685486,"min":1.06254479734e-16,"var":373.221313477},"melbands":{"dmean":[0.000269469426712,0.000930565875024,0.000810279045254,0.000799147004727,0.000228992357734,0.000165813311469,0.000155803398229,0.000175313645741,0.0000825374518172,0.0000751638290239,0.0000337340316037,0.0000185047538253,0.0000324048705806,0.0000208827841561,0.0000265428461717,0.0000221353457164,0.0000272143915936,0.0000227417513088,0.0000172812196979,0.0000197846657102,0.00000996492235572,0.00000707750132278,0.00000716163503967,0.00000583877908866,0.00000355890165338,0.00000290097614197,0.00000312776114697,0.00000235528796111,0.00000189043055343,0.00000215187833419,0.00000214072360905,0.00000173093417288,0.00000137218103191,0.00000135015727665,8.82099243427e-7,9.51498066115e-7,8.14126735804e-7,7.17432101283e-7,6.09826315667e-7,5.71368218516e-7],"dmean2":[0.000453347078292,0.00156064005569,0.00133356952574,0.00134713668376,0.000368527107639,0.000264689442702,0.000249951146543,0.000277413841104,0.000137259601615,0.000121927056171,0.0000548409516341,0.0000304697823594,0.0000524303322891,0.000035069668229,0.0000441320480604,0.0000355104493792,0.0000446488920716,0.0000374678784283,0.0000281752127194,0.000032758776797,0.0000164643315657,0.0000115942957564,0.0000116854080261,0.00000958114651439,0.00000586713304074,0.00000478266110804,0.00000513210488862,0.00000381307154385,0.00000304996819978,0.00000335154709319,0.00000323648464473,0.00000261103218691,0.00000205069386539,0.00000196278165276,0.00000122760525301,0.00000127794533,0.00000108500535134,9.50909964104e-7,8.09948630831e-7,7.59146644214e-7],"dvar":[3.67496426179e-7,0.00000337611936629,0.00000198403836293,0.0000043911454668,1.5870800496e-7,1.06811221201e-7,1.05338948231e-7,1.68648028875e-7,4.40133547386e-8,3.47028255021e-8,9.11385278357e-9,1.54650792172e-9,4.19460688406e-9,2.44030085028e-9,3.60660723508e-9,2.44030573526e-9,3.09924841346e-9,2.01071914674e-9,1.41440992252e-9,2.03507610763e-9,4.91960860938e-10,1.94985916302e-10,2.02067890198e-10,1.31014407656e-10,4.41356465264e-11,2.88093958412e-11,4.65248152504e-11,2.20246407917e-11,1.72639281343e-11,4.10908078396e-11,5.82042747332e-11,2.922827258e-11,1.41986717522e-11,2.11041739639e-11,8.90391840119e-12,1.34588711703e-11,1.03360046216e-11,7.58287356517e-12,4.98904476759e-12,5.0039811704e-12],"dvar2":[9.75008333626e-7,0.00000899045062397,0.00000473175350635,0.00000947476837609,3.82307348445e-7,2.6734304015e-7,2.59806085978e-7,4.39270934294e-7,1.18649857939e-7,8.7991125497e-8,2.29206076341e-8,4.21065182721e-9,1.03053316991e-8,6.61730714668e-9,9.33466015596e-9,5.64935742631e-9,8.00253197042e-9,5.2082791413e-9,3.66831676146e-9,5.2702695541e-9,1.25160792841e-9,4.98019625539e-10,5.16585274557e-10,3.49162782021e-10,1.20112766955e-10,7.68720503919e-11,1.22255913726e-10,5.77911364597e-11,4.57650826957e-11,8.9910773271e-11,1.21933865782e-10,6.0527693968e-11,2.99103276868e-11,4.28370498795e-11,1.72169778434e-11,2.41817243313e-11,1.77792520289e-11,1.28693991228e-11,8.61464025115e-12,8.9466810696e-12],"max":[0.00758820679039,0.0238211117685,0.0162316467613,0.0235398262739,0.00506687816232,0.00763892289251,0.00764046981931,0.0097640119493,0.00560487201437,0.00411400897428,0.00263119954616,0.000997498631477,0.0017424862599,0.00118933734484,0.00171650573611,0.00238027679734,0.00116435752716,0.000984347541817,0.00106564664748,0.00119195948355,0.000479289359646,0.000270414311672,0.000302777683828,0.0002817788627,0.000216669592191,0.000177184701897,0.000397195428377,0.000165338482475,0.00014763593208,0.000298865197692,0.000340360275004,0.000167708130903,0.000104581522464,0.000248205265962,0.000138186209369,0.000125960767036,0.000131887747557,0.0000899874357856,0.0000846677721711,0.0000939368837862],"mean":[0.000431129679782,0.00154353375547,0.00138373649679,0.00110157043673,0.000381174409995,0.000268974137725,0.000247358315391,0.00030323091778,0.000137784285471,0.000123832665849,0.0000601900137553,0.0000335969489242,0.0000577489045099,0.0000392554029531,0.000052174404118,0.0000451199630334,0.0000501070753671,0.0000428261191701,0.0000355706215487,0.0000346162050846,0.000020660500013,0.00001602361408,0.0000161831867445,0.0000138178547786,0.0000087271182565,0.00000709408868715,0.00000785275915405,0.00000590697254665,0.00000448585115009,0.00000485918826598,0.00000461794388684,0.00000389300839743,0.00000321432571582,0.00000289084505312,0.00000199839109882,0.000001870494998,0.00000160337856414,0.00000134187416734,0.00000108421636469,9.75793682301e-7],"median":[0.000179483613465,0.000702572055161,0.000701996614225,0.000418554409407,0.000195655753487,0.000112007925054,0.0000946476066019,0.0000977287345449,0.0000496028296766,0.0000415941503888,0.000023802060241,0.0000159848968906,0.0000236512914853,0.0000167433590832,0.0000202241608349,0.0000180140050361,0.0000186800007214,0.0000176216908585,0.0000140700540214,0.0000117728777695,0.00000735547791919,0.00000618383228357,0.00000625311349722,0.00000525331461176,0.00000342184284818,0.00000261986406258,0.00000227108353101,0.00000179227174613,0.00000145586932376,0.00000136549215313,0.00000102138506008,8.34794946059e-7,6.94345715146e-7,5.69286044083e-7,3.95075602455e-7,3.22295818478e-7,2.59556685478e-7,2.06976267236e-7,1.88028010939e-7,1.67529961459e-7],"min":[1.25625053916e-24,2.38778571907e-24,1.74095034515e-24,6.96756266941e-25,1.72659031566e-24,1.83403100159e-24,2.66230063662e-24,2.45745396992e-24,2.03563781655e-24,1.55601906365e-24,2.59791144295e-24,2.71839515508e-24,1.63731611031e-24,1.48290506837e-24,2.27854248598e-24,3.50437297091e-24,3.07392569317e-24,3.6891084177e-24,3.28689604947e-24,2.68869473922e-24,3.15886550228e-24,3.65112870941e-24,2.71245325753e-24,4.7361350982e-24,4.82352984245e-24,4.75695392635e-24,3.90868469522e-24,3.96936860922e-24,3.84455464236e-24,4.27511176899e-24,4.50465175418e-24,4.11853747323e-24,5.18617472261e-24,5.13423809276e-24,5.88730364554e-24,5.11217404767e-24,5.10771303925e-24,6.21038399586e-24,6.29284875388e-24,6.26606771501e-24],"var":[4.94923540373e-7,0.00000537226651431,0.00000317509284287,0.00000566113249079,2.97526725035e-7,2.06724720897e-7,1.97525793055e-7,3.39954056017e-7,8.22002377276e-8,6.88013486183e-8,1.87739797042e-8,3.26923910166e-9,9.58398516104e-9,5.31023802708e-9,8.46420888934e-9,7.79010456142e-9,7.37567296127e-9,4.61649740657e-9,3.44865824786e-9,3.94629218192e-9,1.266052152e-9,6.06079741949e-10,6.30923757683e-10,4.45758846501e-10,1.56732890555e-10,1.0337526668e-10,1.6608324438e-10,8.36004390714e-11,5.0173906696e-11,1.27093988112e-10,1.62372712498e-10,9.22324092101e-11,5.23795382068e-11,6.33982449871e-11,3.04527340844e-11,3.51303777735e-11,2.7748654069e-11,2.11402718248e-11,1.31704135445e-11,1.20926957684e-11]},"melbands_crest":{"dmean":3.5264544487,"dmean2":5.94402360916,"dvar":9.74900341034,"dvar2":26.4033870697,"max":39.2422561646,"mean":14.4155254364,"median":13.6671104431,"min":1.5747396946,"var":28.2615718842},"melbands_flatness_db":{"dmean":0.025608336553,"dmean2":0.0394942760468,"dvar":0.000600442814175,"dvar2":0.00136310898233,"max":0.632362723351,"mean":0.227160766721,"median":0.192458257079,"min":0.00297433021478,"var":0.0132227055728},"melbands_kurtosis":{"dmean":6.15841913223,"dmean2":9.90998363495,"dvar":106.982116699,"dvar2":235.860626221,"max":278.802429199,"mean":11.8544464111,"median":7.27020168304,"min":-1.92646968365,"var":241.703170776},"melbands_skewness":{"dmean":0.685872375965,"dmean2":1.09847295284,"dvar":0.568727791309,"dvar2":1.24924099445,"max":14.2985477448,"mean":2.69099116325,"median":2.42666506767,"min":-1.93172121048,"var":1.94889843464},"melbands_spread":{"dmean":6.18010377884,"dmean2":9.70842838287,"dvar":76.5102539062,"dvar2":152.890075684,"max":296.598693848,"mean":21.7490329742,"median":16.8650398254,"min":0.620512783527,"var":417.995147705},"mfcc":{"cov":[[21726.7089844,-2467.2109375,-827.687072754,1842.26831055,-91.2460250854,181.667404175,105.743888855,553.763061523,333.258178711,265.859893799,176.126541138,297.938781738,241.254135132],[-2467.2109375,2760.33032227,-98.4703292847,-620.302368164,99.4748077393,-60.3475570679,-121.950401306,-222.899978638,-168.954605103,-88.2025756836,-59.8961334229,-99.171585083,-112.617340088],[-827.687072754,-98.4703292847,387.379150391,-78.3720321655,15.2552347183,14.5253171921,-2.48347520828,-32.1081809998,10.3313322067,-13.7030706406,2.18769049644,-6.5017285347,-16.2012844086],[1842.26831055,-620.302368164,-78.3720321655,458.944671631,30.0386352539,35.9607620239,57.0452842712,107.801261902,80.1436080933,51.3760261536,37.7204742432,65.5121002197,70.6821670532],[-91.2460250854,99.4748077393,15.2552347183,30.0386352539,131.504837036,37.7464256287,2.30249786377,-11.4457731247,4.51035499573,-15.0841827393,-6.37140130997,-3.2070453167,2.9696366787],[181.667404175,-60.3475570679,14.5253171921,35.9607620239,37.7464256287,91.6131286621,38.4457817078,21.0264377594,13.7398986816,6.77959537506,2.73722624779,3.12085223198,2.2377140522],[105.743888855,-121.950401306,-2.48347520828,57.0452842712,2.30249786377,38.4457817078,93.8175888062,52.6904258728,22.867099762,24.9319229126,16.8321933746,17.6848087311,14.8943252563],[553.763061523,-222.899978638,-32.1081809998,107.801261902,-11.4457731247,21.0264377594,52.6904258728,108.238494873,56.653717041,39.4414367676,24.2932491302,28.7685375214,33.3943443298],[333.258178711,-168.954605103,10.3313322067,80.1436080933,4.51035499573,13.7398986816,22.867099762,56.653717041,90.5174026489,47.1272544861,26.3908729553,29.2866802216,26.4052886963],[265.859893799,-88.2025756836,-13.7030706406,51.3760261536,-15.0841827393,6.77959537506,24.9319229126,39.4414367676,47.1272544861,93.8834991455,55.7895851135,28.0801315308,15.9997272491],[176.126541138,-59.8961334229,2.18769049644,37.7204742432,-6.37140130997,2.73722624779,16.8321933746,24.2932491302,26.3908729553,55.7895851135,84.1396942139,43.5818595886,16.2496185303],[297.938781738,-99.171585083,-6.5017285347,65.5121002197,-3.2070453167,3.12085223198,17.6848087311,28.7685375214,29.2866802216,28.0801315308,43.5818595886,69.9927444458,38.7365074158],[241.254135132,-112.617340088,-16.2012844086,70.6821670532,2.9696366787,2.2377140522,14.8943252563,33.3943443298,26.4052886963,15.9997272491,16.2496185303,38.7365074158,66.7878799438]],"icov":[[0.0000805966483313,-0.0000012726541172,0.000100888610177,-0.000299958832329,0.0001371242397,-0.000187171928701,0.000268019270152,-0.000190553939319,0.0000321960287692,-0.0000227082982747,0.0000240979152295,-0.000130005355459,0.000146573089296],[-0.0000012726541172,0.000644119863864,0.000373485003365,0.000859012943693,-0.000812466198113,0.000237090949668,0.0000449945655419,0.000362288556062,0.000315686891554,-0.000262142537395,0.0000248247597483,-0.000183358526556,0.000147503640619],[0.000100888610177,0.000373485003365,0.00326475291513,0.000622674473561,-0.000323326647049,-0.000627829227597,-0.00017289268726,0.00135902990587,-0.00164010364097,0.000918488192838,-0.000783133029472,-0.000153141721967,0.000500513182487],[-0.000299958832329,0.000859012943693,0.000622674473561,0.00560909789056,-0.0024639912881,0.000681666075252,-0.00104193750303,-0.000790987978689,-0.000574220903218,-0.000436233007349,0.000303654465824,-0.00112606748007,-0.0016277807299],[0.0001371242397,-0.000812466198113,-0.000323326647049,-0.0024639912881,0.0109262466431,-0.00495171686634,0.000765220436733,0.00222010794096,-0.00241421395913,0.0028144705575,-0.0011796503095,0.00143878278323,-0.00120392919052],[-0.000187171928701,0.000237090949668,-0.000627829227597,0.000681666075252,-0.00495171686634,0.0160897485912,-0.00643942505121,-0.0002893738274,-0.00025333405938,-0.000441821321147,0.000661837053485,0.00040354183875,0.00127493415494],[0.000268019270152,0.0000449945655419,-0.00017289268726,-0.00104193750303,0.000765220436733,-0.00643942505121,0.0185123234987,-0.00863427482545,0.00315542542376,-0.00222180364653,0.000405037397286,-0.00214042072184,0.00096657226095],[-0.000190553939319,0.000362288556062,0.00135902990587,-0.000790987978689,0.00222010794096,-0.0002893738274,-0.00863427482545,0.0223974492401,-0.00915362685919,0.0000761223418522,-0.00101288163569,0.00206064083613,-0.0042443331331],[0.0000321960287692,0.000315686891554,-0.00164010364097,-0.000574220903218,-0.00241421395913,-0.00025333405938,0.00315542542376,-0.00915362685919,0.0225420817733,-0.00917603913695,0.00352106569335,-0.00404459470883,-0.000610007962678],[-0.0000227082982747,-0.000262142537395,0.000918488192838,-0.000436233007349,0.0028144705575,-0.000441821321147,-0.00222180364653,0.0000761223418522,-0.00917603913695,0.0238272882998,-0.0144413057715,0.00442558852956,-0.000461882154923],[0.0000240979152295,0.0000248247597483,-0.000783133029472,0.000303654465824,-0.0011796503095,0.000661837053485,0.000405037397286,-0.00101288163569,0.00352106569335,-0.0144413057715,0.0273886397481,-0.015202713199,0.00411111162975],[-0.000130005355459,-0.000183358526556,-0.000153141721967,-0.00112606748007,0.00143878278323,0.00040354183875,-0.00214042072184,0.00206064083613,-0.00404459470883,0.00442558852956,-0.015202713199,0.0324313007295,-0.0138876857236],[0.000146573089296,0.000147503640619,0.000500513182487,-0.0016277807299,-0.00120392919052,0.00127493415494,0.00096657226095,-0.0042443331331,-0.000610007962678,-0.000461882154923,0.00411111162975,-0.0138876857236,0.0258599407971]],"mean":[-694.19519043,133.769302368,2.61065983772,13.7652616501,9.15158939362,8.92003917694,-5.44156932831,-5.26787376404,-4.46172952652,-0.948222637177,-0.268512368202,-2.9476108551,-4.64772176743]},"pitch_salience":{"dmean":0.0719565451145,"dmean2":0.119985044003,"dvar":0.0040804236196,"dvar2":0.0112921716645,"max":0.876744568348,"mean":0.58632004261,"median":0.596135616302,"min":0.0795129314065,"var":0.0112186148763},"silence_rate_20dB":{"dmean":0,"dmean2":0,"dvar":0,"dvar2":0,"max":1,"mean":1,"median":1,"min":1,"var":0},"silence_rate_30dB":{"dmean":0.000377714837668,"dmean2":0.000755500979722,"dvar":0.000377570948331,"dvar2":0.00113267579582,"max":1,"mean":0.999811172485,"median":1,"min":0,"var":0.000188803925994},"silence_rate_60dB":{"dmean":0.0304060429335,"dmean2":0.0608178302646,"dvar":0.0294761974365,"dvar2":0.0675238221884,"max":1,"mean":0.220092535019,"median":0,"min":0,"var":0.171669065952},"spectral_centroid":{"dmean":207.517562866,"dmean2":323.248321533,"dvar":82284.6796875,"dvar2":172481.96875,"max":12069.1142578,"mean":1213.99841309,"median":992.325134277,"min":160.674880981,"var":1543137},"spectral_complexity":{"dmean":2.56657218933,"dmean2":4.09273767471,"dvar":6.89979362488,"dvar2":16.3068008423,"max":58,"mean":19.0930976868,"median":16,"min":0,"var":189.373886108},"spectral_contrast_coeffs":{"dmean":[0.0509828515351,0.0449116788805,0.0328089930117,0.0260383039713,0.0177831407636,0.0192385893315],"dmean2":[0.0858875885606,0.0740472823381,0.0542261712253,0.0432102419436,0.0288090426475,0.0313362665474],"dvar":[0.00197348208167,0.00132695527282,0.000685991544742,0.000433203502325,0.000213405117393,0.000384177605156],"dvar2":[0.00499895215034,0.00363782420754,0.0018825926818,0.0011553473305,0.000530021381564,0.00110371049959],"max":[-0.277398705482,-0.443094789982,-0.603097259998,-0.655000925064,-0.643254518509,-0.622734487057],"mean":[-0.600046515465,-0.744541168213,-0.79949092865,-0.802542150021,-0.814592540264,-0.779432356358],"median":[-0.602709650993,-0.747357845306,-0.801861763,-0.802321791649,-0.813070058823,-0.771789431572],"min":[-0.977567970753,-0.980666995049,-0.979014456272,-0.977295398712,-0.968841791153,-0.96487224102],"var":[0.00890348665416,0.00541523098946,0.00269449013285,0.00193154101726,0.0013038442703,0.00234543415718]},"spectral_contrast_valleys":{"dmean":[0.410641223192,0.323432147503,0.264506608248,0.228792726994,0.218822017312,0.363117694855],"dmean2":[0.681081354618,0.529820621014,0.436496585608,0.36277025938,0.306038022041,0.473543733358],"dvar":[0.134731382132,0.0816405564547,0.0579299069941,0.0519159846008,0.0720430985093,0.182702660561],"dvar2":[0.332100242376,0.194642350078,0.136354252696,0.104057006538,0.115881823003,0.392044335604],"max":[-5.35052967072,-5.03255939484,-5.42939901352,-5.78908729553,-5.67596626282,-7.41188383102],"mean":[-8.00130748749,-7.20010137558,-7.82852983475,-7.97727966309,-8.47857284546,-11.226650238],"median":[-7.34305858612,-6.70952033997,-7.31275320053,-7.39640045166,-7.55434846878,-10.0679750443],"min":[-28.3677482605,-27.9508018494,-27.8588695526,-27.7118225098,-27.6144008636,-27.4033813477],"var":[6.76516246796,6.52553033829,6.2891702652,6.48710489273,8.25594806671,9.01434135437]},"spectral_decrease":{"dmean":1.73073488874e-9,"dmean2":2.76689005041e-9,"dvar":8.5673064732e-18,"dvar2":1.78635526263e-17,"max":1.65208588285e-16,"mean":-5.4238467051e-9,"median":-4.04752986682e-9,"min":-2.89781567631e-8,"var":2.79026251675e-17},"spectral_energy":{"dmean":0.00667125219479,"dmean2":0.0106249405071,"dvar":0.000125912920339,"dvar2":0.000260499364231,"max":0.113288924098,"mean":0.0220221243799,"median":0.0165749359876,"min":9.95529234769e-21,"var":0.000448005244834},"spectral_energyband_high":{"dmean":0.000289451360004,"dmean2":0.000353222741978,"dvar":5.53985785245e-7,"dvar2":7.39909637559e-7,"max":0.0187899209559,"mean":0.000857835402712,"median":0.000240787077928,"min":6.91514671821e-21,"var":0.00000299016505778},"spectral_energyband_low":{"dmean":0.00368906371295,"dmean2":0.00611383887008,"dvar":0.0000532110934728,"dvar2":0.000137524766615,"max":0.0845751836896,"mean":0.00664296932518,"median":0.00373803731054,"min":1.76745768873e-23,"var":0.0000827814728837},"spectral_energyband_middle_high":{"dmean":0.00082343921531,"dmean2":0.00128515891265,"dvar":0.00000164675861924,"dvar2":0.00000414068017562,"max":0.0270342286676,"mean":0.00376879842952,"median":0.00205206102692,"min":1.16584745965e-21,"var":0.0000191351518879},"spectral_energyband_middle_low":{"dmean":0.0049611357972,"dmean2":0.00803119596094,"dvar":0.0000916192584555,"dvar2":0.000178906004294,"max":0.102969400585,"mean":0.0119081418961,"median":0.00792344473302,"min":1.47913047938e-22,"var":0.000196296066861},"spectral_entropy":{"dmean":0.147276550531,"dmean2":0.213016241789,"dvar":0.0269872006029,"dvar2":0.0519826263189,"max":9.82081794739,"mean":7.47395992279,"median":7.68944692612,"min":4.83920431137,"var":0.556512117386},"spectral_flux":{"dmean":0.0191765092313,"dmean2":0.0318788923323,"dvar":0.000824127637316,"dvar2":0.00231616781093,"max":0.293034762144,"mean":0.0694586113095,"median":0.0626292303205,"min":6.29788166062e-11,"var":0.00246634450741},"spectral_kurtosis":{"dmean":6.12210035324,"dmean2":10.3898277283,"dvar":218.640014648,"dvar2":658.635070801,"max":237.223464966,"mean":15.7969179153,"median":4.39847660065,"min":-1.25681459904,"var":874.420288086},"spectral_rms":{"dmean":0.000619673461188,"dmean2":0.000970429042354,"dvar":7.33306706024e-7,"dvar2":0.0000014601851035,"max":0.0105131240562,"mean":0.00398285640404,"median":0.00402127718553,"min":3.11648536838e-12,"var":0.00000562186505704},"spectral_rolloff":{"dmean":464.224975586,"dmean2":749.479614258,"dvar":804628.375,"dvar2":1527065.75,"max":21360.9375,"mean":1660.83508301,"median":1012.06054688,"min":21.533203125,"var":7535400},"spectral_skewness":{"dmean":0.424086421728,"dmean2":0.702285051346,"dvar":0.625106811523,"dvar2":1.92981827259,"max":12.1734619141,"mean":2.23369550705,"median":1.61401259899,"min":-0.220587715507,"var":2.92187070847},"spectral_spread":{"dmean":548290.1875,"dmean2":713750.5625,"dvar":750045495296,"dvar2":1377029324800,"max":42824748,"mean":4634619,"median":4235569.5,"min":370098.625,"var":20220322250800},"spectral_strongpeak":{"dmean":0.285120010376,"dmean2":0.490972578526,"dvar":0.229135081172,"dvar2":0.60692024231,"max":8.35940742493,"mean":0.492789745331,"median":0.327258974314,"min":0,"var":0.308050483465},"zerocrossingrate":{"dmean":0.00979628693312,"dmean2":0.0113674215972,"dvar":0.000181723444257,"dvar2":0.000185928118299,"max":0.72265625,"mean":0.0622231476009,"median":0.0478515625,"min":0.00146484375,"var":0.00537402415648}},"metadata":{"audio_properties":{"analysis_sample_rate":44100,"bit_rate":0,"codec":"flac","downmix":"mix","equal_loudness":0,"length":245.893325806,"lossless":true,"md5_encoded":"feb91358ee0d93f501cbad9ed062d1ef","replay_gain":-17.3837394714},"tags":{"acoustid_id":["14078bca-54d3-4eca-ad35-a96d730f3880"],"album":["B.R.M.C."],"albumartist":["Black Rebel Motorcycle Club"],"artist":["Black Rebel Motorcycle Club"],"date":["2008-09-10"],"discnumber":["1"],"disctotal":["1"],"file_name":"01 - Black Rebel Motorcycle Club - Love Burns.flac","musicbrainz_albumartistid":["32b90c92-9978-4a07-90eb-caa4b22f4907"],"musicbrainz_albumid":["f4427c4c-9971-41a6-9392-efca9ac48555"],"musicbrainz_artistid":["32b90c92-9978-4a07-90eb-caa4b22f4907"],"musicbrainz_recordingid":["125ddb15-c87b-45ae-b374-ec885f2320a5"],"musicbrainz_releasegroupid":["ed9f81e5-7964-31ba-a49b-0776790e2347"],"replaygain_album_gain":["-11.31 dB"],"replaygain_album_peak":["0.999969"],"replaygain_track_gain":["-11.99 dB"],"replaygain_track_peak":["0.999969"],"title":["Love Burns"],"tracknumber":["1"],"tracktotal":["15"]},"version":{"essentia":"2.1-beta1","essentia_build_sha":"46c2b6830b139c2e69ed9f3e0d9145e1b8fbae31","essentia_git_sha":"v2.1_beta1-6-g5578087","extractor":"music 1.0"}},"rhythm":{"beats_count":455,"beats_loudness":{"dmean":0.0190344955772,"dmean2":0.0339814499021,"dvar":0.000290343567031,"dvar2":0.000951004680246,"max":0.108806662261,"mean":0.0409383326769,"median":0.0420777983963,"min":0,"var":0.000849572417792},"beats_loudness_band_ratio":{"dmean":[0.220191270113,0.326773643494,0.0903939455748,0.0366097688675,0.040784612298,0.0363677479327],"dmean2":[0.40895190835,0.64054954052,0.159032538533,0.0648126378655,0.0719235241413,0.0653226226568],"dvar":[0.0250047370791,0.0409262813628,0.00735578127205,0.00152230437379,0.00164376280736,0.00647817924619],"dvar2":[0.0829369872808,0.148388177156,0.0211850143969,0.00438902061