{"lowlevel":{"average_loudness":0.788285136223,"barkbands":{"dmean":[0.000126087936223,0.00376397115178,0.00284077506512,0.00183477229439,0.00233084731735,0.000710461696144,0.000540087406989,0.000398702599341,0.000756458670367,0.00027802400291,0.000343269202858,0.000323750195093,0.000408888154197,0.000420014403062,0.000328353693476,0.000354538409738,0.000272039236734,0.000117278541438,0.000105505678221,0.0000740617324482,0.0000452454551123,0.0000315342986141,0.0000311285548378,0.0000248114429269,0.00000934758281801,0.00000382501411877,0.00000165684036801],"dmean2":[0.000216868938878,0.00646148156375,0.00478973425925,0.00305678346194,0.0039508449845,0.00114140624646,0.000872347096447,0.000635078409687,0.00117197493091,0.00043733487837,0.000553400663193,0.000513358914759,0.000648994231597,0.000672674854286,0.000531272846274,0.000579947780352,0.000439070863649,0.000189161539311,0.000166654470377,0.000115885050036,0.0000701185999787,0.0000474405533168,0.0000443210374215,0.0000352066817868,0.0000134204392452,0.00000527088877789,0.00000243970271185],"dvar":[7.23456352603e-8,0.0000515244319104,0.0000400132521463,0.0000118382113214,0.0000421253280365,0.00000164892196608,0.00000114135957574,8.96583856047e-7,0.000002665068223,3.711582508e-7,6.34098853425e-7,3.81592229814e-7,7.60162436109e-7,0.00000101297985111,4.5454024189e-7,6.75116382354e-7,2.40259083739e-7,4.45453665066e-8,3.45127126877e-8,1.57775215115e-8,6.62572618992e-9,4.41781811134e-9,1.37200020234e-8,1.30339277149e-8,1.46774215004e-9,1.76894845993e-10,4.35575950308e-11],"dvar2":[2.04459240649e-7,0.000142596880323,0.000110610126285,0.000030446517485,0.000111127497803,0.00000432508159065,0.00000287307284452,0.00000221894470087,0.00000636942195342,8.27812016269e-7,0.00000157660429068,9.22565448036e-7,0.0000018719633772,0.00000254841711467,0.00000110630367089,0.00000173477462795,6.02984243869e-7,1.15890408381e-7,8.76556569551e-8,3.86285243792e-8,1.56776476246e-8,1.01283159637e-8,3.05963929748e-8,2.49697524879e-8,3.03985681072e-9,3.4654398795e-10,1.0316712068e-10],"max":[0.00453147105873,0.0767856240273,0.0860200375319,0.0468390360475,0.0759350657463,0.0274563319981,0.0186365321279,0.0272368397564,0.0372965112329,0.01710906066,0.0278699230403,0.0146690197289,0.019717823714,0.0332187898457,0.0200318228453,0.0203016232699,0.0170022714883,0.00467119365931,0.0061591998674,0.00257160142064,0.00133125321008,0.00262501416728,0.00489990832284,0.00413737632334,0.00158155581448,0.000581206579227,0.000124781974591],"mean":[0.000131600696477,0.00618658168241,0.00410610018298,0.00227622478269,0.0028375510592,0.00117784133181,0.000891280418728,0.000631403818261,0.00145171990152,0.000499770860188,0.000599674182013,0.000654208357446,0.000731722975615,0.000789044366684,0.000654742121696,0.000738444505259,0.000612600939348,0.000261010834947,0.000247301562922,0.000173055275809,0.000105612707557,0.0000718453084119,0.0000583067521802,0.000041505551053,0.0000147614564412,0.00000524145207237,0.00000177190531758],"median":[0.0000388565749745,0.00335738994181,0.00111990026198,0.000749307859223,0.00101475045085,0.000526821007952,0.000351435504854,0.000163032396813,0.000422471493948,0.000173081207322,0.000187023309991,0.000243944654358,0.000287584232865,0.000294861878501,0.000271760975011,0.000212930026464,0.000285605550744,0.000108761210868,0.000113996778964,0.0000850353608257,0.0000351108319592,0.0000181758659892,0.00000925550921238,0.00000495590848004,0.00000131444312501,3.41975180618e-7,6.12231048081e-8],"min":[1.67583334091e-14,3.06372765699e-14,1.95847400526e-14,1.18702545013e-14,8.98617931368e-14,7.53950396039e-14,1.05220519797e-13,4.2439911584e-14,1.05551499615e-13,1.10425991268e-13,1.5971935146e-13,1.73060879321e-13,1.90436289784e-13,2.90280305218e-13,3.50437994595e-13,3.23128893434e-13,3.44035184455e-13,6.67321666675e-13,9.34305801129e-13,1.58868914118e-12,1.71111009476e-12,2.48890925231e-12,3.27323129538e-12,4.5839404321e-12,6.71124223903e-12,8.67985457814e-12,1.44388641668e-11],"var":[6.83891343556e-8,0.0000702614343027,0.0000627140689176,0.0000152712145791,0.0000390252534999,0.0000031902052342,0.00000234124445342,0.00000204958496397,0.00000744994804336,0.00000105684648588,0.00000159875810368,0.00000140418046612,0.00000174850617896,0.00000213473822441,0.00000124989935557,0.00000210491089092,8.58679527482e-7,1.41789172403e-7,1.22499429267e-7,5.45938227958e-8,2.26658976032e-8,1.37739650796e-8,2.4282396538e-8,2.86541226302e-8,3.022071704e-9,3.1183453042e-10,5.14800042872e-11]},"barkbands_crest":{"dmean":2.64000225067,"dmean2":4.30589103699,"dvar":6.16289138794,"dvar2":15.764462471,"max":26.420009613,"mean":10.4195766449,"median":9.38202857971,"min":2.60563540459,"var":22.2261714935},"barkbands_flatness_db":{"dmean":0.0243043936789,"dmean2":0.0349934026599,"dvar":0.000738038390409,"dvar2":0.00146630499512,"max":0.96836823225,"mean":0.167855724692,"median":0.148122921586,"min":0.026146966964,"var":0.0106306793168},"barkbands_kurtosis":{"dmean":3.95734333992,"dmean2":6.24277639389,"dvar":300.675292969,"dvar2":841.52734375,"max":1011.49926758,"mean":5.18890047073,"median":0.776457428932,"min":-1.97058522701,"var":513.149841309},"barkbands_skewness":{"dmean":0.601484894753,"dmean2":0.920507073402,"dvar":0.592611551285,"dvar2":1.37828052044,"max":27.6529083252,"mean":1.44380867481,"median":1.18411779404,"min":-8.9577922821,"var":2.53614354134},"barkbands_spread":{"dmean":5.0304942131,"dmean2":7.86620378494,"dvar":46.5295791626,"dvar2":111.734130859,"max":128.321884155,"mean":20.5889816284,"median":19.87525177,"min":0.108528599143,"var":140.340820312},"dissonance":{"dmean":0.0172897391021,"dmean2":0.0281935110688,"dvar":0.000422736629844,"dvar2":0.00102778873406,"max":0.500000059605,"mean":0.462091326714,"median":0.475736618042,"min":0.122434653342,"var":0.00189737672918},"dynamic_complexity":6.83398485184,"erbbands":{"dmean":[0.0712845399976,0.996934592724,3.04847884178,4.52871179581,9.11444950104,6.28318500519,5.30566549301,5.33363580704,5.7639374733,10.2043504715,8.85429668427,16.2501964569,13.0996723175,8.82194805145,12.0943832397,13.2744560242,18.4130172729,19.3159828186,15.5475435257,19.8166027069,20.235408783,13.4861898422,6.95429182053,5.24688911438,4.9078912735,3.49284243584,2.11991000175,1.6197861433,1.13134908676,1.02769577503,0.868820011616,0.623363554478,0.355580657721,0.137295231223,0.0529275126755,0.021274741739,0.00623467378318,0.00167788518593,0.000276722479612,0.0000244454076892],"dmean2":[0.122833900154,1.71783995628,5.21006727219,7.46022367477,15.4327974319,10.5483865738,8.6488609314,8.60385322571,9.37978744507,16.3106651306,14.0837974548,25.1587486267,20.1248149872,13.9930114746,19.2888374329,21.0136737823,29.0303058624,30.6046028137,24.6415576935,32.5062637329,33.0222167969,21.6772689819,11.1381788254,8.43414783478,7.64833402634,5.47343635559,3.31044149399,2.48510241508,1.72048306465,1.51770555973,1.24831008911,0.883141100407,0.513614296913,0.199527785182,0.0764246061444,0.029092233628,0.00883549172431,0.00249963090755,0.000407482730225,0.0000365138512279],"dvar":[0.0183561686426,3.80040931702,44.1212043762,71.7294769287,701.202636719,180.42616272,98.7403335571,97.0176010132,154.751327515,504.18081665,402.649017334,1514.21679688,812.803894043,340.484741211,845.147460938,664.059326172,1621.47387695,1535.61999512,1697.7701416,1626.4675293,2327.09545898,653.86340332,145.059188843,81.9927978516,87.3623199463,36.7124061584,13.9978094101,9.78023529053,5.05308294296,8.58472537994,13.1965579987,7.53746938705,3.0947945118,0.400027602911,0.044307064265,0.00629761628807,0.000499706133269,0.000042994011892,0.00000120458707897,5.46978640159e-9],"dvar2":[0.049765419215,10.6136360168,123.786155701,183.91645813,1801.11083984,491.227020264,257.794464111,250.877731323,397.874084473,1259.92907715,1011.14575195,3599.70043945,1848.39355469,864.492614746,2081.27905273,1603.30871582,3986.98803711,3814.48730469,4020.10913086,4209.07910156,5984.12353516,1580.29638672,372.566619873,214.90423584,216.179962158,88.3759002686,34.8353843689,22.8061466217,11.7757539749,18.3968200684,29.9230613708,14.7447137833,6.11833620071,0.823865056038,0.0915193110704,0.01142587699,0.0011005498236,0.000105615123175,0.0000028399549592,1.27663026817e-8],"max":[2.16408991814,21.1065330505,80.2966842651,123.875663757,352.310821533,208.960922241,160.853713989,228.976028442,275.60055542,545.28314209,475.376464844,1040.50598145,734.707763672,499.561248779,982.525512695,765.903320312,1017.58929443,1194.49389648,1270.53039551,779.208312988,1331.71337891,1211.94165039,266.039215088,163.120773315,401.610076904,155.370651245,99.5185089111,48.249912262,58.5260925293,131.082565308,156.050064087,88.036026001,81.4832687378,30.7850589752,8.59133529663,4.38888978958,0.639270544052,0.147195667028,0.0200275518,0.00135216873605],"mean":[0.105777166784,1.64079487324,4.75179386139,6.53186893463,10.0136318207,8.60245609283,8.43255233765,8.89032268524,9.1314907074,17.6159114838,15.6001110077,30.5708847046,26.5341358185,17.2459106445,23.5894088745,28.8041992188,36.0708274841,39.5402069092,31.4317474365,40.2469291687,43.7250785828,32.9712753296,17.2259235382,13.0696725845,11.7368040085,8.28498935699,5.13559961319,3.54240655899,2.57541227341,2.18274569511,1.57228207588,1.04317939281,0.580339729786,0.220625609159,0.0802422761917,0.0306371506304,0.00799539405853,0.00191003084183,0.000308175105602,0.0000479976479255],"median":[0.0500973425806,0.884059906006,2.17339801788,2.50486850739,2.65685367584,3.65069198608,4.06405973434,3.84403419495,3.79719543457,5.56054878235,5.49330329895,9.25129127502,7.76432704926,7.23522233963,9.08776855469,12.195898056,15.0501251221,15.2685117722,13.6383266449,14.4259052277,13.991309166,15.5213928223,7.8368973732,5.90733194351,5.30786323547,4.14840173721,2.02638196945,0.995737075806,0.674869537354,0.488164424896,0.221673354506,0.12732976675,0.0661553665996,0.0205389782786,0.00712742004544,0.00218172650784,0.000520664267242,0.0000852208613651,0.0000253707439697,0.0000278881725535],"min":[7.76750408785e-13,9.05784041522e-12,3.58153125213e-11,6.58996884839e-11,1.32146668608e-10,2.87693702195e-10,2.38190994706e-10,7.96445909224e-10,1.24921584188e-9,1.51016354977e-9,1.24245269628e-9,2.83337353579e-9,3.13867598578e-9,2.95470714562e-9,9.47532274864e-9,7.80836728609e-9,1.20957563965e-8,1.93837195184e-8,2.47881413173e-8,1.76586407719e-8,2.78191158998e-8,2.84985617327e-8,3.52633868772e-8,4.68360923378e-8,5.78645931171e-8,7.85995908359e-8,5.25182137778e-8,7.78460815809e-8,8.39461407054e-8,9.11014268468e-8,9.66549293935e-8,7.92266448002e-8,7.59126379535e-8,6.31073717727e-8,4.70902641325e-8,3.22278523868e-8,1.46778607046e-8,7.31397653553e-9,1.94169214041e-9,1.757503032e-10],"var":[0.025786595419,4.95272016525,63.0502319336,116.622833252,647.057617188,209.262527466,162.56161499,190.163070679,256.18371582,1184.05895996,951.069213867,3834.96704102,2788.09423828,926.310791016,2182.55322266,2550.82739258,3964.71020508,4283.52929688,3750.12451172,4430.6171875,6998.16552734,2651.27685547,557.477111816,312.568847656,306.767547607,121.617698669,53.7484397888,27.77293396,16.2375164032,19.9268932343,21.6318206787,15.0440683365,6.82859277725,0.864578545094,0.0811655819416,0.0118587473407,0.000748356687836,0.0000513823870278,0.00000143801332797,7.16475589968e-9]},"erbbands_crest":{"dmean":2.37891578674,"dmean2":3.86410260201,"dvar":5.27873468399,"dvar2":13.1440124512,"max":30.8561897278,"mean":8.87290477753,"median":7.74508619308,"min":2.22818279266,"var":18.9468173981},"erbbands_flatness_db":{"dmean":0.0179108716547,"dmean2":0.0244808066636,"dvar":0.000410768174333,"dvar2":0.000737267895602,"max":0.604376614094,"mean":0.192576140165,"median":0.184541344643,"min":0.040506798774,"var":0.00417226459831},"erbbands_kurtosis":{"dmean":1.45368230343,"dmean2":2.2216219902,"dvar":49.0436592102,"dvar2":106.896598816,"max":424.527008057,"mean":2.21971726418,"median":-0.105333805084,"min":-1.88064169884,"var":303.276977539},"erbbands_skewness":{"dmean":0.367031902075,"dmean2":0.551056921482,"dvar":0.235821843147,"dvar2":0.492626368999,"max":13.5693387985,"mean":-0.0720590725541,"median":-0.187360689044,"min":-5.22418785095,"var":1.09485948086},"erbbands_spread":{"dmean":6.77729988098,"dmean2":10.4075345993,"dvar":67.2665557861,"dvar2":157.387115479,"max":149.605758667,"mean":32.0987472534,"median":29.4443855286,"min":0.389322191477,"var":237.801437378},"gfcc":{"cov":[[32229.0839844,-1464.36914062,-2690.46655273,1148.06604004,-1441.81567383,1254.34997559,-392.520568848,351.62008667,-298.004669189,12.5666923523,-158.770782471,151.705169678,-202.603225708],[-1464.36914062,1909.62243652,-229.293716431,-166.771972656,425.375549316,-273.211914062,360.523406982,-73.82787323,149.003387451,-75.2722244263,96.8812408447,-99.7850570679,123.940673828],[-2690.46655273,-229.293716431,1655.47790527,195.047241211,274.559570312,240.705413818,9.50593280792,53.8695793152,-33.7974243164,-3.41524386406,15.5117273331,10.3255853653,-16.2433166504],[1148.06604004,-166.771972656,195.047241211,435.894317627,118.629806519,176.570709229,45.6464614868,39.4770355225,20.3785533905,14.8167591095,18.6442604065,6.08010053635,11.4754867554],[-1441.81567383,425.375549316,274.559570312,118.629806519,450.643737793,34.5805282593,182.123046875,18.2637939453,66.60105896,26.5299453735,23.4451828003,-14.9532318115,56.0214195251],[1254.34997559,-273.211914062,240.705413818,176.570709229,34.5805282593,371.350616455,52.2187652588,87.226776123,5.14705228806,21.2201404572,20.890619278,33.8924331665,-5.94679927826],[-392.520568848,360.523406982,9.50593280792,45.6464614868,182.123046875,52.2187652588,280.575317383,55.3394622803,63.8182411194,7.83287715912,35.3371772766,-2.19172120094,39.5162124634],[351.62008667,-73.82787323,53.8695793152,39.4770355225,18.2637939453,87.226776123,55.3394622803,134.299316406,41.0785751343,35.374382019,3.72569704056,15.5158948898,7.29583740234],[-298.004669189,149.003387451,-33.7974243164,20.3785533905,66.60105896,5.14705228806,63.8182411194,41.0785751343,120.357887268,29.5247478485,29.6062164307,-2.89703035355,23.5182704926],[12.5666923523,-75.2722244263,-3.41524386406,14.8167591095,26.5299453735,21.2201404572,7.83287715912,35.374382019,29.5247478485,102.215034485,16.7162418365,15.0117073059,5.56146907806],[-158.770782471,96.8812408447,15.5117273331,18.6442604065,23.4451828003,20.890619278,35.3371772766,3.72569704056,29.6062164307,16.7162418365,105.317634583,18.3349132538,9.0523481369],[151.705169678,-99.7850570679,10.3255853653,6.08010053635,-14.9532318115,33.8924331665,-2.19172120094,15.5158948898,-2.89703035355,15.0117073059,18.3349132538,85.5238037109,20.0565128326],[-202.603225708,123.940673828,-16.2433166504,11.4754867554,56.0214195251,-5.94679927826,39.5162124634,7.29583740234,23.5182704926,5.56146907806,9.0523481369,20.0565128326,78.7372741699]],"icov":[[0.000087857399194,-0.000159323011758,0.000174532702658,-0.000324131600792,0.000302259082673,-0.000365241779946,0.000173148568138,-0.00022179633379,0.000286558439257,-0.000119600270409,0.000215138468775,-0.000157315589604,0.000189311249414],[-0.000159323011758,0.00173098756932,-0.0001552830945,0.00118199479766,-0.00150406651665,0.00131659931503,-0.00143396842759,0.000945654173847,-0.00121092610061,0.00146232778206,-0.0015430735657,0.00163291348144,-0.00151752971578],[0.000174532702658,-0.0001552830945,0.00118569238111,-0.000613738258835,-0.000265333568677,-0.00108146155253,0.000705789949279,-0.000739364186302,0.000937242992222,0.000201536822715,0.0000942362676142,-0.0002204481425,0.000600119237788],[-0.000324131600792,0.00118199479766,-0.000613738258835,0.00451774243265,-0.0022578574717,0.000171429652255,-0.000755667686462,0.00106627005152,-0.00150205404498,0.00101239979267,-0.00147070700768,0.00144699576776,-0.00140217214357],[0.000302259082673,-0.00150406651665,-0.000265333568677,-0.0022578574717,0.00591800594702,-0.00124856585171,-0.00113527639769,0.000162975804415,0.000411033310229,-0.00241677928716,0.00197515217587,-0.000524722912814,-0.00037612541928],[-0.000365241779946,0.00131659931503,-0.00108146155253,0.000171429652255,-0.00124856585171,0.00615639006719,-0.00188612344209,-0.000934041803703,-0.000824931950774,0.00101921299938,-0.00180771213491,0.0000654009490972,-0.000508321332745],[0.000173148568138,-0.00143396842759,0.000705789949279,-0.000755667686462,-0.00113527639769,-0.00188612344209,0.00732151418924,-0.00301033793949,0.000256998697296,0.000269395502983,-0.000115027192805,-0.000826433650218,0.000356191711035],[-0.00022179633379,0.000945654173847,-0.000739364186302,0.00106627005152,0.000162975804415,-0.000934041803703,-0.00301033793949,0.012295756489,-0.00434595299885,-0.00218033231795,0.00111402815674,-0.000213833365706,-0.000803728820756],[0.000286558439257,-0.00121092610061,0.000937242992222,-0.00150205404498,0.000411033310229,-0.000824931950774,0.000256998697296,-0.00434595299885,0.0134558780119,-0.00282198283821,-0.00157944532111,0.000756856927183,-0.00085634237621],[-0.000119600270409,0.00146232778206,0.000201536822715,0.00101239979267,-0.00241677928716,0.00101921299938,0.000269395502983,-0.00218033231795,-0.00282198283821,0.0132045010105,-0.00260977540165,-0.000324664870277,-0.000559266947675],[0.000215138468775,-0.0015430735657,0.0000942362676142,-0.00147070700768,0.00197515217587,-0.00180771213491,-0.000115027192805,0.00111402815674,-0.00157944532111,-0.00260977540165,0.0128007838503,-0.0040016551502,0.00183272757567],[-0.000157315589604,0.00163291348144,-0.0002204481425,0.00144699576776,-0.000524722912814,0.0000654009490972,-0.000826433650218,-0.000213833365706,0.000756856927183,-0.000324664870277,-0.0040016551502,0.0161104723811,-0.00626552617177],[0.000189311249414,-0.00151752971578,0.000600119237788,-0.00140217214357,-0.00037612541928,-0.000508321332745,0.000356191711035,-0.000803728820756,-0.00085634237621,-0.000559266947675,0.00183272757567,-0.00626552617177,0.0177100133151]],"mean":[-82.7795410156,126.797698975,-136.33164978,36.4607429504,-38.2427864075,7.55487728119,-28.0357894897,-0.540662288666,-13.8677282333,-5.18451595306,-12.1787576675,-7.3000369072,-8.27655887604]},"hfc":{"dmean":3.45824694633,"dmean2":4.9512219429,"dvar":25.4269332886,"dvar2":50.8026351929,"max":97.2385025024,"mean":16.6941452026,"median":11.3610639572,"min":7.40405312172e-7,"var":292.065673828},"melbands":{"dmean":[0.000852770288475,0.00146012078039,0.000887659087311,0.00057689123787,0.000181666211574,0.000123238001834,0.0000938889279496,0.000104583261418,0.0000803401126177,0.000106305429654,0.0000653541719657,0.0000352055976691,0.0000477220382891,0.000031541014323,0.0000449996696261,0.0000389699052903,0.000038505273551,0.0000293721623166,0.0000246119725489,0.0000242799233092,0.0000265710841632,0.0000159439969138,0.0000112048746814,0.00000583716973779,0.00000461166246168,0.00000406592153013,0.00000341929785463,0.00000224407290261,0.00000153538042014,0.00000120723655073,9.69588995758e-7,7.03182479356e-7,6.41809549506e-7,6.06792127655e-7,5.41533950127e-7,4.62416210212e-7,3.71876041072e-7,2.84542977624e-7,1.77507061494e-7,1.01693316878e-7],"dmean2":[0.00146143895108,0.00250446889549,0.00145293597598,0.000974221678916,0.000296816462651,0.000198129637283,0.000152064356371,0.000166766229086,0.000127306528157,0.000164684344782,0.000100401099189,0.0000560469670745,0.000076494703535,0.0000503186092828,0.0000712820328772,0.0000614915406913,0.0000611458381172,0.0000470094637421,0.0000399484779336,0.0000399234704673,0.000043572843424,0.0000258792424574,0.0000181969626283,0.00000950725006987,0.00000750817207518,0.00000641258657197,0.00000537849018656,0.00000356234681931,0.00000244721127274,0.00000191305070985,0.00000150996152115,0.00000109897007405,9.8191685538e-7,9.05009699181e-7,8.01274154583e-7,6.67565984713e-7,5.32817978183e-7,4.15699304313e-7,2.59360149357e-7,1.50618987504e-7],"dvar":[0.00000249519393947,0.00000906562308955,0.00000270335340247,0.00000252993504546,9.87505970329e-8,4.99118506525e-8,3.71142832023e-8,5.4278231687e-8,3.20634860884e-8,6.07334840197e-8,2.01721555015e-8,5.73674308058e-9,1.33286928161e-8,3.97041288736e-9,7.87182941053e-9,7.19342541089e-9,6.44270548023e-9,7.30095406354e-9,2.53536480699e-9,2.87097567941e-9,3.73738817672e-9,9.59872403783e-10,4.63654364902e-10,1.20685031413e-10,6.68174890417e-11,5.61163164547e-11,3.82141158994e-11,1.56995614425e-11,8.49929675251e-12,4.72420496819e-12,3.80299654615e-12,1.84546627112e-12,2.59193578059e-12,3.35820997746e-12,5.49003073905e-12,3.52283415113e-12,3.06697050569e-12,2.11960158626e-12,7.65827559788e-13,2.16593561662e-13],"dvar2":[0.00000684658652972,0.0000255737231782,0.00000659297393213,0.00000662693855702,2.5975489848e-7,1.29682163674e-7,9.45429263766e-8,1.35876121021e-7,8.09375251265e-8,1.45879283764e-7,4.57914701713e-8,1.444694675e-8,3.24791855633e-8,9.57693835346e-9,1.92731199888e-8,1.77075030194e-8,1.59526383214e-8,1.78483769986e-8,6.3969278763e-9,7.28585547449e-9,9.64706625695e-9,2.36611508164e-9,1.22013266157e-9,3.20666659892e-10,1.78083520153e-10,1.36966063491e-10,9.62298296603e-11,3.84382699281e-11,2.2488092985e-11,1.18171427504e-11,9.09055729997e-12,4.53112417378e-12,6.15504609086e-12,7.41727079062e-12,1.32700534589e-11,7.07653640547e-12,6.17604665326e-12,4.29360410073e-12,1.59099187817e-12,4.66903317224e-13],"max":[0.0189482867718,0.0347980894148,0.0190070606768,0.0187830738723,0.00459695560858,0.00473528867587,0.00403902400285,0.00670088734478,0.00331822177395,0.00690116779879,0.00354818347842,0.00217329524457,0.00434309523553,0.00151749479119,0.00259783281945,0.0019225346623,0.00226353062317,0.00268586119637,0.0014619207941,0.00153102015611,0.00156619481277,0.0013389592059,0.000444561446784,0.000262731657131,0.000151995496708,0.000282328925095,0.00016583170509,0.000105545419501,0.0000958416931098,0.0000355930205842,0.0000292364038614,0.0000280265085166,0.0000798363180365,0.0000718337105354,0.00011664180056,0.0000623083979008,0.0000570112533751,0.0000754474240239,0.0000374520022888,0.0000236952491832],"mean":[0.0013784939656,0.00249365181662,0.00127122632693,0.000695006980095,0.000304839224555,0.000206297831028,0.000151958680362,0.000180527422344,0.000136787071824,0.000201949544135,0.000127934559714,0.0000642641607556,0.0000860210857354,0.0000627684275969,0.0000888364156708,0.0000734494897188,0.0000732993139536,0.0000513732265972,0.0000486494427605,0.0000485886412207,0.0000523550625076,0.0000352418064722,0.0000228255194088,0.0000121254379337,0.0000103185211628,0.00000893076503417,0.00000771323630033,0.0000048085448725,0.00000334134665536,0.00000253929169958,0.00000188458022876,0.00000145549256558,0.00000134714105116,0.00000116190312838,9.30748797145e-7,7.73368697082e-7,5.83098142215e-7,4.45750714562e-7,2.72215004316e-7,1.55712342575e-7],"median":[0.000725113903172,0.00144790252671,0.000476846878882,0.000244003007538,0.000167317339219,0.0000898155703908,0.0000637703778921,0.0000555847327632,0.0000432517263107,0.0000573692414036,0.0000347681998392,0.0000247460484388,0.0000289524723485,0.0000246484050876,0.0000361295169569,0.0000274579797406,0.0000269437095994,0.0000199859987333,0.0000193280247913,0.0000152993343363,0.0000155309353431,0.000016799016521,0.00000924362939259,0.00000455488134321,0.00000449739582109,0.00000404662523579,0.00000336826269631,0.00000238276106757,0.00000126587622162,8.40822622195e-7,4.83543601604e-7,3.60707275604e-7,3.18652780606e-7,2.42963096753e-7,1.28068776917e-7,8.7407023841e-8,6.94232440424e-8,4.99221286532e-8,2.67485269489e-8,1.29674768701e-8],"min":[1.42699945556e-14,1.8808063356e-14,2.19287139987e-14,1.65214894445e-14,1.29841578841e-14,1.60720452924e-14,2.25848833179e-14,1.51469972226e-14,8.10208359279e-15,1.69527545756e-14,1.25155131891e-14,9.13952107626e-15,3.3119896257e-14,2.0519469709e-14,2.14486055598e-14,2.40328251549e-14,3.46752554242e-14,2.60149771191e-14,2.53739561372e-14,2.92688880673e-14,2.65088041036e-14,2.21583361604e-14,3.48409045755e-14,3.59597944412e-14,3.08683640985e-14,3.60968511483e-14,3.94304577325e-14,3.94069678148e-14,3.16810380013e-14,3.75097224331e-14,4.41981791877e-14,4.33413545396e-14,4.77294663211e-14,4.85760215418e-14,4.97682509082e-14,4.16393366998e-14,4.60215124744e-14,4.67616871331e-14,5.30901311682e-14,5.06809018038e-14],"var":[0.00000359148612006,0.0000129806967379,0.00000414867690779,0.00000238723191615,1.70118866549e-7,9.96486377858e-8,6.65651285203e-8,1.27842170627e-7,7.27401001654e-8,1.59060704163e-7,6.9067283448e-8,1.49708405672e-8,3.41894370592e-8,1.24986785366e-8,2.50043434846e-8,1.76439183264e-8,1.6165939698e-8,1.31186368435e-8,6.76718903136e-9,8.29180279993e-9,1.01829398247e-8,3.30806426696e-9,1.32338051628e-9,3.37149613783e-10,2.11609549328e-10,1.79289166846e-10,1.28529228927e-10,4.40697998927e-11,2.69087339216e-11,1.36016198304e-11,8.69191264102e-12,5.24653194153e-12,6.33888688067e-12,6.60410441611e-12,7.77765438859e-12,6.94468094142e-12,5.73564459816e-12,4.35426824805e-12,1.61518064548e-12,4.26649655275e-13]},"melbands_crest":{"dmean":3.13652229309,"dmean2":5.06879234314,"dvar":8.70626926422,"dvar2":22.1552886963,"max":33.8356742859,"mean":14.4003324509,"median":13.7291526794,"min":1.63778984547,"var":31.1441574097},"melbands_flatness_db":{"dmean":0.029809968546,"dmean2":0.0434367582202,"dvar":0.00109635177068,"dvar2":0.0022029702086,"max":1,"mean":0.237906813622,"median":0.217635571957,"min":0.00393219757825,"var":0.0143098020926},"melbands_kurtosis":{"dmean":7.45685243607,"dmean2":11.7463817596,"dvar":255.866775513,"dvar2":596.276306152,"max":678.453308105,"mean":13.2307548523,"median":5.11576461792,"min":-1.93262553215,"var":783.525024414},"melbands_skewness":{"dmean":0.76824593544,"dmean2":1.19177603722,"dvar":0.783963859081,"dvar2":1.85035336018,"max":17.9987850189,"mean":2.54580020905,"median":2.17259883881,"min":-5.45704746246,"var":3.55324435234},"melbands_spread":{"dmean":7.4043674469,"dmean2":11.5979623795,"dvar":163.314651489,"dvar2":367.401367188,"max":289.174682617,"mean":24.2506542206,"median":20.220615387,"min":0.217312797904,"var":440.703338623},"mfcc":{"cov":[[22300.2226562,1181.00073242,-1822.98095703,651.262695312,-753.910095215,395.319885254,-262.340179443,252.487487793,-131.258575439,104.058044434,-85.7772521973,99.9560317993,57.6028862],[1181.00073242,1694.5880127,-464.11907959,88.9276199341,-63.0618171692,-30.3771724701,77.3009033203,38.4648399353,55.103805542,10.1575078964,16.0845794678,20.6473617554,41.3263969421],[-1822.98095703,-464.11907959,888.799438477,-3.68497824669,218.158462524,107.645172119,97.2131271362,54.8632621765,14.4169158936,0.87348306179,-2.28185582161,4.45409059525,-12.9416847229],[651.262695312,88.9276199341,-3.68497824669,342.118103027,98.5237731934,107.52973175,81.3529663086,37.9729919434,45.3138084412,33.487663269,5.41793966293,14.3076753616,15.8110275269],[-753.910095215,-63.0618171692,218.158462524,98.5237731934,295.53024292,124.189224243,89.6927032471,39.8895225525,64.9000091553,39.6271400452,14.065571785,18.2258777618,8.63341331482],[395.319885254,-30.3771724701,107.645172119,107.52973175,124.189224243,235.253509521,121.732475281,89.5941772461,53.385017395,36.8653640747,20.4764099121,31.0227718353,20.9066200256],[-262.340179443,77.3009033203,97.2131271362,81.3529663086,89.6927032471,121.732475281,206.227615356,88.8181838989,67.1566848755,38.5992393494,30.6357746124,35.4789505005,19.480424881],[252.487487793,38.4648399353,54.8632621765,37.9729919434,39.8895225525,89.5941772461,88.8181838989,155.118850708,61.1381416321,29.9122180939,17.8244304657,29.024641037,31.9382457733],[-131.258575439,55.103805542,14.4169158936,45.3138084412,64.9000091553,53.385017395,67.1566848755,61.1381416321,149.887329102,58.0501213074,23.0531253815,15.5431261063,13.4065446854],[104.058044434,10.1575078964,0.87348306179,33.487663269,39.6271400452,36.8653640747,38.5992393494,29.9122180939,58.0501213074,102.265350342,42.4211463928,19.9508552551,8.75026321411],[-85.7772521973,16.0845794678,-2.28185582161,5.41793966293,14.065571785,20.4764099121,30.6357746124,17.8244304657,23.0531253815,42.4211463928,85.8296432495,34.0195236206,10.0809574127],[99.9560317993,20.6473617554,4.45409059525,14.3076753616,18.2258777618,31.0227718353,35.4789505005,29.024641037,15.5431261063,19.9508552551,34.0195236206,74.2822418213,35.0342025757],[57.6028862,41.3263969421,-12.9416847229,15.8110275269,8.63341331482,20.9066200256,19.480424881,31.9382457733,13.4065446854,8.75026321411,10.0809574127,35.0342025757,75.744392395]],"icov":[[0.0000834390593809,-0.0000284781563096,0.000117620606034,-0.000163928503753,0.000248540367465,-0.000328594207531,0.000277993880445,-0.000196535067516,0.00013700001,-0.000188946229173,0.000198833513423,-0.00019534099556,0.000141608645208],[-0.0000284781563096,0.000763990334235,0.000394209724618,-0.0000731893960619,-0.000156474852702,0.000439829484094,-0.000616216100752,-0.0000595676101511,-0.000189310318092,0.000276370235952,-0.000110532353574,0.000136477217893,-0.000279345025774],[0.000117620606034,0.000394209724618,0.00191130465828,0.000110380569822,-0.000875759287737,-0.000372157577658,-0.00030416570371,-0.000737095950171,0.000562564877328,0.000102029880509,0.000383345468435,-0.000157002432388,0.000500803056639],[-0.000163928503753,-0.0000731893960619,0.000110380569822,0.00407117325813,-0.00130565732252,-0.000560162356123,-0.0011977335671,0.000748051679693,-0.000331144779921,-0.000192652732949,0.000242462134338,0.000570378324483,-0.000585534609854],[0.000248540367465,-0.000156474852702,-0.000875759287737,-0.00130565732252,0.00645416276529,-0.00290964567102,0.000501954345964,0.000663327053189,-0.00109228887595,-0.00123555364553,0.000850616546813,-0.00081431918079,0.000277442712104],[-0.000328594207531,0.000439829484094,-0.000372157577658,-0.000560162356123,-0.00290964567102,0.00943199265748,-0.00365205109119,-0.00184185744729,0.0000222276466957,0.000406071048928,-0.000667652871925,0.000121937941003,-0.000510962621775],[0.000277993880445,-0.000616216100752,-0.00030416570371,-0.0011977335671,0.000501954345964,-0.00365205109119,0.00999842304736,-0.0029657066334,-0.000914205855224,-0.00058658036869,-0.000437941460405,-0.00221593235619,0.00126551289577],[-0.000196535067516,-0.0000595676101511,-0.000737095950171,0.000748051679693,0.000663327053189,-0.00184185744729,-0.0029657066334,0.0112504856661,-0.0029798427131,0.000222768358071,-0.0000940663376241,-0.000136681308504,-0.00307104480453],[0.00013700001,-0.000189310318092,0.000562564877328,-0.000331144779921,-0.00109228887595,0.0000222276466957,-0.000914205855224,-0.0029798427131,0.0107101080939,-0.00483150174841,0.000641856458969,0.000454003951745,0.000141382217407],[-0.000188946229173,0.000276370235952,0.000102029880509,-0.000192652732949,-0.00123555364553,0.000406071048928,-0.00058658036869,0.000222768358071,-0.00483150174841,0.0159423947334,-0.00667620869353,0.000388511107303,-0.000141483717016],[0.000198833513423,-0.000110532353574,0.000383345468435,0.000242462134338,0.000850616546813,-0.000667652871925,-0.000437941460405,-0.0000940663376241,0.000641856458969,-0.00667620869353,0.0179074238986,-0.00741330115125,0.00186681735795],[-0.00019534099556,0.000136477217893,-0.000157002432388,0.000570378324483,-0.00081431918079,0.000121937941003,-0.00221593235619,-0.000136681308504,0.000454003951745,0.000388511107303,-0.00741330115125,0.0221867673099,-0.00878577306867],[0.000141608645208,-0.000279345025774,0.000500803056639,-0.000585534609854,0.000277442712104,-0.000510962621775,0.00126551289577,-0.00307104480453,0.000141382217407,-0.000141483717016,0.00186681735795,-0.00878577306867,0.0183402430266]],"mean":[-703.532958984,138.004333496,-20.1731510162,27.8892021179,10.3413610458,11.8957157135,-0.146277949214,6.07368898392,0.38261154294,4.4386639595,-1.40555369854,1.05465781689,-1.61997067928]},"pitch_salience":{"dmean":0.0747771859169,"dmean2":0.119696356356,"dvar":0.00490960897878,"dvar2":0.0126915406436,"max":0.939884722233,"mean":0.530044078827,"median":0.54515594244,"min":0.00314981397241,"var":0.0207594819367},"silence_rate_20dB":{"dmean":0,"dmean2":0,"dvar":0,"dvar2":0,"max":1,"mean":1,"median":1,"min":1,"var":0},"silence_rate_30dB":{"dmean":0.000435003254097,"dmean2":0.000870069605298,"dvar":0.000434745539678,"dvar2":0.00130407314282,"max":1,"mean":0.999782502651,"median":1,"min":0,"var":0.000217419685214},"silence_rate_60dB":{"dmean":0.0258101932704,"dmean2":0.0516241304576,"dvar":0.0251480285078,"dvar2":0.0531770177186,"max":1,"mean":0.255110919476,"median":0,"min":0,"var":0.190020665526},"spectral_centroid":{"dmean":238.600646973,"dmean2":359.048797607,"dvar":92784.078125,"dvar2":176683.1875,"max":6774.06445312,"mean":1285.90661621,"median":1244.8861084,"min":82.6209411621,"var":431773.34375},"spectral_complexity":{"dmean":3.0625679493,"dmean2":4.45859909058,"dvar":12.8784818649,"dvar2":22.4804649353,"max":58,"mean":18.9520072937,"median":19,"min":0,"var":190.922012329},"spectral_contrast_coeffs":{"dmean":[0.0524566248059,0.0475832484663,0.0372334234416,0.0291049610823,0.0211487039924,0.0184096992016],"dmean2":[0.0849741399288,0.0753914266825,0.0584781616926,0.0463265515864,0.0333002954721,0.0281009636819],"dvar":[0.00197953172028,0.00156081386376,0.000949981913436,0.000603242660873,0.000345817708876,0.00041171524208],"dvar2":[0.00500770565122,0.00376397836953,0.00225993013009,0.00140187086072,0.000779771187808,0.000766244600527],"max":[-0.278911799192,-0.362836271524,-0.45023560524,-0.495034843683,-0.582503199577,-0.605885505676],"mean":[-0.640491902828,-0.72980171442,-0.77042812109,-0.784526884556,-0.791097700596,-0.74517250061],"median":[-0.650217533112,-0.737506270409,-0.776551604271,-0.785722017288,-0.790650606155,-0.739445745945],"min":[-0.902866482735,-0.970463275909,-0.968067824841,-0.964652299881,-0.943835675716,-0.949052929878],"var":[0.00778472609818,0.00718380883336,0.00562386121601,0.00394643796608,0.0022005091887,0.00303648249246]},"spectral_contrast_valleys":{"dmean":[0.459737956524,0.424367278814,0.371761381626,0.325535029173,0.310478717089,0.352288305759],"dmean2":[0.715660333633,0.623615324497,0.530337750912,0.444595783949,0.391529917717,0.410864591599],"dvar":[0.196299508214,0.179088294506,0.162233561277,0.152701660991,0.179738357663,0.216535300016],"dvar2":[0.375179469585,0.315013766289,0.255728691816,0.218364372849,0.241742253304,0.307379603386],"max":[-5.2336640358,-4.6420340538,-5.43905544281,-5.53815937042,-5.74690151215,-7.83042383194],"mean":[-7.8700761795,-7.60350179672,-7.95445013046,-7.98731946945,-8.16021633148,-11.598534584],"median":[-6.99334907532,-6.90748310089,-7.10659122467,-7.24181938171,-7.45841360092,-11.0429267883],"min":[-19.0705661774,-17.3942623138,-17.2942256927,-17.1107368469,-16.3561592102,-17.6327991486],"var":[3.94208931923,3.70395159721,4.24975919724,3.95300030708,3.93246078491,4.06632518768]},"spectral_decrease":{"dmean":2.17273909975e-9,"dmean2":3.51313622637e-9,"dvar":1.29019214802e-17,"dvar2":3.17556920178e-17,"max":1.23400623578e-18,"mean":-6.47466302794e-9,"median":-5.25415799757e-9,"min":-3.49180773185e-8,"var":3.82067346487e-17},"spectral_energy":{"dmean":0.00838028267026,"dmean2":0.013491673395,"dvar":0.000189089216292,"dvar2":0.000461816380266,"max":0.133785873652,"mean":0.0259509496391,"median":0.0211431980133,"min":7.15802625506e-11,"var":0.000598447280936},"spectral_energyband_high":{"dmean":0.000142390708788,"dmean2":0.000202041002922,"dvar":1.04902554199e-7,"dvar2":2.0975144821e-7,"max":0.00709831854329,"mean":0.000365954299923,"median":0.000112033827463,"min":4.86690653057e-11,"var":3.55415949116e-7},"spectral_energyband_low":{"dmean":0.00590739585459,"dmean2":0.00997787993401,"dvar":0.00012291445455,"dvar2":0.000328685389832,"max":0.119838155806,"mean":0.0115507086739,"median":0.00768956262618,"min":1.86834759903e-13,"var":0.000231305224588},"spectral_energyband_middle_high":{"dmean":0.00136334705167,"dmean2":0.00206615380011,"dvar":0.00000444156466983,"dvar2":0.0000103553520603,"max":0.0432421453297,"mean":0.005760374479,"median":0.0033614828717,"min":8.01096255304e-12,"var":0.0000453686807305},"spectral_energyband_middle_low":{"dmean":0.00451797433197,"dmean2":0.00721485260874,"dvar":0.0000767672681832,"dvar2":0.00018542597536,"max":0.102113261819,"mean":0.00948789250106,"median":0.00645259814337,"min":1.3654681769e-12,"var":0.000128353261971},"spectral_entropy":{"dmean":0.161271214485,"dmean2":0.220339804888,"dvar":0.0482562929392,"dvar2":0.0834621936083,"max":8.951628685,"mean":7.33886861801,"median":7.52163648605,"min":2.12861251831,"var":0.608665108681},"spectral_flux":{"dmean":0.0213069655001,"dmean2":0.0334416329861,"dvar":0.000901006220374,"dvar2":0.00203410140239,"max":0.326323717833,"mean":0.0748214796185,"median":0.0686294287443,"min":0.00000552925212105,"var":0.00315574137494},"spectral_kurtosis":{"dmean":4.02471923828,"dmean2":6.29764318466,"dvar":152.385559082,"dvar2":253.452026367,"max":589.61328125,"mean":10.1121368408,"median":4.72375679016,"min":-1.02210044861,"var":1194.35070801},"spectral_rms":{"dmean":0.000703910540324,"dmean2":0.0010826518992,"dvar":9.63836555457e-7,"dvar2":0.0000021419236873,"max":0.0114246578887,"mean":0.00426206039265,"median":0.00454175192863,"min":2.64261984739e-7,"var":0.00000715298210707},"spectral_rolloff":{"dmean":385.531829834,"dmean2":643.584228516,"dvar":530404.25,"dvar2":1068985.75,"max":19789.0136719,"mean":1375.13146973,"median":1205.859375,"min":21.533203125,"var":2330136},"spectral_skewness":{"dmean":0.332754462957,"dmean2":0.527696073055,"dvar":0.239679977298,"dvar2":0.487095236778,"max":21.5354537964,"mean":1.75355231762,"median":1.43807005882,"min":-0.321066766977,"var":2.91321158409},"spectral_spread":{"dmean":384092.625,"dmean2":534397.1875,"dvar":333737132032,"dvar2":610406629376,"max":18076538,"mean":3223442.25,"median":2963980,"min":217550.125,"var":1604878204930},"spectral_strongpeak":{"dmean":0.371182560921,"dmean2":0.647807776928,"dvar":0.64471244812,"dvar2":1.76071584225,"max":12.388885498,"mean":0.583854794502,"median":0.338752448559,"min":0,"var":0.815568029881},"zerocrossingrate":{"dmean":0.00822877604514,"dmean2":0.00943499431014,"dvar":0.00017433631001,"dvar2":0.000168670841958,"max":0.515625,"mean":0.0494353435934,"median":0.0439453125,"min":0.00244140625,"var":0.00174971180968}},"metadata":{"audio_properties":{"analysis_sample_rate":44100,"bit_rate":0,"codec":"flac","downmix":"mix","equal_loudness":0,"length":320.268676758,"lossless":true,"md5_encoded":"2391f573de31ab9d0eee62565c9b17bc","replay_gain":-15.8694143295,"sample_rate":44100},"tags":{"album":["Villains"],"albumartist":["Queens of the Stone Age"],"albumartistsort":["Queens of the Stone Age"],"artist":["Queens of the Stone Age"],"artistsort":["Queens of the Stone Age"],"asin":["B071G99QQ2"],"bpm":["0"],"catalognumber":["OLE-1125-2"],"compilation":["0"],"composer":["Dean Fertita, Joshua Homme, Michael Shuman, Troy Van Leeuwen"],"date":["2017-08-25"],"discnumber":["1"],"disctotal":["1"],"encodedby":["Lavf56.25.101"],"file_name":"03 Domesticated Animals.flac","genre":["Rock"],"label":["Matador"],"language":["eng"],"media":["CD"],"musicbrainz_albumartistid":["7dc8f5bd-9d0b-4087-9f73-dc164950bbd8"],"musicbrainz_albumid":["fde9a6de-1610-44d5-8f11-bfc139656a2b"],"musicbrainz_artistid":["7dc8f5bd-9d0b-4087-9f73-dc164950bbd8"],"musicbrainz_recordingid":["127c52e9-977c-4d1b-885e-9d6de49f315c"],"musicbrainz_releasegroupid":["7e7270ae-a73a-48e2-a8a6-20e1112e21f8"],"originaldate":["2017-08-25"],"releasecountry":["XW"],"script":["Latn"],"title":["Domesticated Animals"],"totaldiscs":["1"],"totaltracks":["9"],"tracknumber":["3"],"tracktotal":["9"]},"version":{"essentia":"2.1-beta2","essentia_build_sha":"05ddcf096b9560a4bec586e3e2c3f09258f97377","essentia_git_sha":"v2.1_beta2","extractor":"music 1.0"}},"rhythm":{"beats_count":621,"beats_loudness":{"dmean":0.0143416188657,"dmean2":0.0245200283825,"dvar":0.000247995689278,"dvar2":0.000632268667687,"max":0.106209754944,"mean":0.0343706309795,"median":0.0339409261942,"min":7.89896481557e-11,"var":0.000717219139915},"beats_loudness_band_ratio":{"dmean":[0.192841112614,0.122020490468,0.0923473387957,0.0740058794618,0.0647758841515,0.0404754132032],"dmean2":[0.337940782309,0.2191784