{"lowlevel":{"average_loudness":0.907501280308,"barkbands":{"dmean":[0.000576713413466,0.00794415455312,0.00436655012891,0.00445867143571,0.00385981122963,0.000889484828804,0.00015029530914,0.000113454341772,0.0000484512711409,0.0000694364061928,0.000088311622676,0.0000956256408244,0.0000768055761,0.0000880576408235,0.0000895746707101,0.0000766026496422,0.0000801810383564,0.000132691740873,0.00017861140077,0.000409143831348,0.000456540263258,0.000373897637473,0.000411860877648,0.000247260177275,0.000200498194317,0.000151879547047,0.0000275949787465],"dmean2":[0.000692927336786,0.00958353839815,0.00798666849732,0.00839548930526,0.00705756200477,0.00131058995612,0.000273071025731,0.000206336364499,0.0000779328547651,0.000110985638457,0.000141609241837,0.000148127350258,0.000119878655823,0.000135416659759,0.000144925201312,0.000118870935694,0.000128182611661,0.000210372119909,0.000281500077108,0.000625460816082,0.000685620296281,0.00051933794748,0.00063254107954,0.00036381391692,0.000312152464176,0.000238651773543,0.0000434834910266],"dvar":[0.00000185967189736,0.000274393503787,0.000199292815523,0.000231297570281,0.000153188317199,0.00000215556656258,1.88116302979e-7,1.40456975828e-7,1.16417853135e-8,5.08497670637e-8,1.21202901937e-7,1.50877497163e-7,7.86949030385e-8,7.49218926899e-8,9.48086693597e-8,6.50876899044e-8,5.6454048547e-8,8.90002809228e-8,9.88810597846e-8,4.71311636829e-7,6.51057746381e-7,3.35897340165e-7,4.66131069743e-7,1.0309452847e-7,8.0525630608e-8,4.6816236221e-8,1.5099143047e-9],"dvar2":[0.00000275319689536,0.000412828900153,0.000560965621844,0.000674803799484,0.000450140738394,0.00000471484418085,5.46466708329e-7,4.11193781247e-7,3.03504847921e-8,1.26598621364e-7,3.04290807662e-7,3.49155556023e-7,1.81080977768e-7,1.78900094738e-7,2.40271219809e-7,1.57152129532e-7,1.34426500153e-7,2.06936192626e-7,2.27936780561e-7,0.00000102803028312,0.00000142849683016,6.7462451625e-7,9.89436443888e-7,1.9253678829e-7,1.6927674551e-7,1.00239745393e-7,3.147184513e-9],"max":[0.0108702387661,0.141010254622,0.136814206839,0.11111626029,0.0891305431724,0.0196587163955,0.00462586060166,0.00401190854609,0.00179855967872,0.00627770414576,0.00979565829039,0.011326007545,0.00766166858375,0.00842182803899,0.0125935394317,0.00654793484136,0.00806892849505,0.00556834368035,0.00579007295892,0.0103213321418,0.0138186700642,0.00873270165175,0.0104741072282,0.00431537395343,0.00215136050247,0.00157283595763,0.000307206355501],"mean":[0.000830694509204,0.0156941469759,0.00327155133709,0.00314978626557,0.00319348811172,0.00168674415909,0.000142276534461,0.000109107422759,0.0000689136577421,0.0000855554972077,0.0000985867154668,0.000116538300063,0.0000924758642213,0.000117993324238,0.000101494610135,0.0000843445741339,0.0000849781135912,0.000157916932949,0.000198934474611,0.000550179334823,0.000681124336552,0.0005686765071,0.000601546198595,0.000357545854058,0.00021612153796,0.000146441350807,0.0000250631728704],"median":[0.0000256572966464,0.00129931641277,0.000322638545185,0.000594274431933,0.000488052668516,0.000625211279839,0.0000476049353892,0.0000314509306918,0.000025374645702,0.0000173970602191,0.0000230074638239,0.0000233500977629,0.0000157119029609,0.0000235273237195,0.0000195803004317,0.000015918052668,0.0000231903668464,0.0000560744738323,0.0000719897143426,0.000172304891748,0.000157889880938,0.000134643531055,0.000121649252833,0.00010562458192,0.0000596772370045,0.0000334110591211,0.0000040494805944],"min":[3.11873423069e-15,4.66632144708e-15,3.09284805679e-15,3.07023651226e-15,7.53333315596e-15,7.25119156343e-15,6.87808667917e-15,6.42585282402e-15,8.1171235098e-15,6.98399883186e-15,5.79386036625e-15,5.7232601701e-15,4.28295984087e-15,2.67330903813e-15,1.35211075277e-15,5.94174977774e-16,1.07262376149e-15,3.03792389939e-15,5.30496396052e-15,5.26806254666e-15,4.83609522532e-15,1.02378542994e-14,1.5782683591e-14,1.8074258385e-14,1.4098527135e-14,2.39496261907e-14,2.9707291992e-14],"var":[0.00000414291207562,0.000994969508611,0.000123775884276,0.000127914216137,0.000090198511316,0.00000639778272671,1.14691587783e-7,8.09691371728e-8,1.32432269595e-8,5.21544727405e-8,1.12355628801e-7,1.57100842557e-7,8.59758486627e-8,8.52533972306e-8,9.04093440113e-8,6.48046949436e-8,5.69565976605e-8,1.01222106252e-7,1.20813140825e-7,8.03468196864e-7,0.00000155695181547,9.45267686348e-7,0.00000112475083824,2.94265390721e-7,1.09113521773e-7,5.56730128665e-8,1.7497119309e-9]},"barkbands_crest":{"dmean":3.48436927795,"dmean2":5.2604432106,"dvar":13.2559299469,"dvar2":24.6154022217,"max":26.5133342743,"mean":13.136721611,"median":11.541601181,"min":2.31072306633,"var":46.7262992859},"barkbands_flatness_db":{"dmean":0.0538451038301,"dmean2":0.072484113276,"dvar":0.00366148538888,"dvar2":0.00548189785331,"max":0.687824070454,"mean":0.193651527166,"median":0.142553344369,"min":0.0254402700812,"var":0.0172937698662},"barkbands_kurtosis":{"dmean":47.6046028137,"dmean2":75.5213546753,"dvar":16529.3066406,"dvar2":40195.9335938,"max":1688.55065918,"mean":55.7817420959,"median":3.29979801178,"min":-1.93977916241,"var":21804.4003906},"barkbands_skewness":{"dmean":2.20391249657,"dmean2":3.27757811546,"dvar":9.61884593964,"dvar2":21.5338859558,"max":34.0975265503,"mean":3.19449019432,"median":1.76226115227,"min":-3.24778628349,"var":21.6193218231},"barkbands_spread":{"dmean":16.1745605469,"dmean2":25.7559757233,"dvar":390.49206543,"dvar2":768.046508789,"max":112.675354004,"mean":34.1962585449,"median":28.473991394,"min":0.0679740235209,"var":893.548217773},"dissonance":{"dmean":0.0197926033288,"dmean2":0.0306389294565,"dvar":0.000916342600249,"dvar2":0.00197449233383,"max":0.500000059605,"mean":0.467236548662,"median":0.48194822669,"min":0,"var":0.00174736743793},"dynamic_complexity":3.46639585495,"erbbands":{"dmean":[0.39292678237,1.59091556072,4.2442150116,11.3415956497,16.0161724091,10.6859464645,8.46605300903,6.24372005463,2.36900258064,2.44674253464,2.24112582207,1.01302361488,1.62152922153,2.86592435837,3.66881132126,3.68855571747,3.35725426674,4.82406377792,4.03125858307,3.7891292572,4.54731893539,4.46247625351,6.29279232025,7.761698246,13.8984127045,19.73412323,18.352388382,17.8922939301,13.1774692535,12.9819946289,12.155623436,7.37235116959,3.18890118599,1.85689103603,1.6255620718,0.800477564335,0.26742169261,0.050426337868,0.00502909719944,0.000143968703924],"dmean2":[0.352376133204,2.27326750755,7.51986074448,21.0501747131,30.1237640381,19.7246341705,12.5345602036,9.41319179535,4.11217832565,4.43867969513,3.98537182808,1.64090311527,2.53413438797,4.54436683655,5.76524496078,5.66232442856,5.18526601791,7.39088439941,6.42116928101,5.95945549011,6.99868631363,7.07880210876,9.8218755722,12.1124629974,21.7087516785,30.3417644501,28.6588134766,25.7313117981,18.5107879639,19.3297157288,18.792350769,10.6840219498,4.79713487625,2.93510103226,2.54464650154,1.26924228668,0.424994796515,0.0798435583711,0.00787791982293,0.000224464820349],"dvar":[0.584380626678,14.7908010483,179.419113159,1366.68261719,3002.9597168,1238.67773438,236.115112305,133.285690308,35.1284561157,60.4880828857,44.2975006104,5.75667858124,24.8194065094,91.6121520996,239.930587769,239.305648804,159.836120605,197.428405762,227.815948486,184.764251709,198.477233887,180.023666382,282.647766113,209.237060547,571.559570312,1139.82214355,907.440795898,1288.10119629,440.418426514,463.864318848,397.711730957,101.693893433,17.3671092987,6.69240236282,5.67454004288,1.31781601906,0.153297707438,0.00508687458932,0.000050770726375,3.63688705818e-8],"dvar2":[0.597605705261,33.6986312866,495.475158691,3946.9362793,8819.30761719,3627.97143555,553.092712402,287.454284668,99.2632293701,177.261779785,129.16229248,15.2646474838,61.1043243408,219.843261719,591.762756348,554.372619629,363.53729248,464.50289917,561.051391602,441.464202881,479.152679443,425.621734619,662.006408691,469.503631592,1254.30419922,2592.34033203,2149.30126953,2782.28466797,867.87109375,1063.01013184,856.144042969,191.861633301,32.0093383789,13.7216110229,12.0690841675,2.88797926903,0.331172943115,0.0107819167897,0.000105520048237,7.60726948101e-8],"max":[7.40698814392,30.720659256,147.286346436,250.988250732,401.573699951,295.221160889,237.041061401,195.226150513,59.8867034912,85.9539871216,72.9069671631,42.13123703,138.371917725,234.186538696,442.882904053,483.065979004,300.96194458,412.114624023,630.463867188,457.494659424,330.790313721,467.348724365,278.736358643,291.343566895,456.531890869,491.342895508,375.745788574,692.303710938,287.865783691,376.08291626,277.494873047,148.078109741,52.8050575256,21.2291297913,17.4243869781,8.8382434845,2.90713596344,0.48586255312,0.0530197881162,0.00169012031984],"mean":[0.669567763805,2.64937663078,3.51245188713,8.46516418457,11.6010799408,8.63247013092,14.6990976334,11.011182785,2.81392788887,2.30633044243,2.41207242012,1.39472424984,2.10036182404,3.55364203453,4.34749698639,4.50468111038,4.18858671188,6.73188972473,4.70197486877,4.42366218567,5.15299654007,4.94557571411,7.38050985336,9.56396389008,15.7966985703,25.9123020172,26.4088935852,26.0275497437,20.8698959351,18.7708301544,17.0318069458,11.1337013245,4.3011879921,2.1548666954,1.66538476944,0.77893614769,0.252176076174,0.0453409403563,0.00460331700742,0.000165784353158],"median":[0.0147935496643,0.357699453831,0.67165184021,1.40272176266,1.39122891426,1.5999121666,4.48767757416,3.76974320412,1.14168000221,0.78829228878,0.69965159893,0.550426244736,0.47994363308,0.959150016308,1.11417162418,0.902619242668,0.867787718773,1.50183355808,1.1230199337,0.922566771507,1.14900994301,1.43403363228,2.57314538956,3.74782133102,5.30063343048,8.19916915894,7.44550514221,5.75721597672,4.84839725494,4.08261108398,3.87013101578,2.84012079239,1.35465431213,0.655118703842,0.413311898708,0.189050734043,0.0494617410004,0.00836051441729,0.000736682966817,0.0000825656607049],"min":[1.70279114702e-13,9.47524719276e-13,3.18636501732e-12,7.68658747763e-12,1.53740440517e-11,2.7005076994e-11,4.31403350543e-11,6.40571276578e-11,8.95947066537e-11,1.19003223942e-10,1.50815596123e-10,1.82635559454e-10,2.11056463972e-10,2.31728428113e-10,2.39683106695e-10,2.30364283205e-10,2.01233446573e-10,1.54223966931e-10,9.83096659635e-11,5.07130934468e-11,3.40113631703e-11,6.6304912949e-11,1.45127257434e-10,2.35016811567e-10,2.79130080161e-10,2.48253223534e-10,1.93683458161e-10,2.16857157231e-10,3.36814243163e-10,4.42057584982e-10,4.53633047792e-10,3.97542720965e-10,2.81808437697e-10,1.39878442162e-10,1.13678684521e-10,1.08137672428e-10,2.63068594686e-11,3.43919753787e-11,4.45744309518e-12,1.51218908272e-13],"var":[2.1894133091,29.2187690735,119.9402771,784.595092773,1701.2364502,715.024658203,597.194213867,377.158966064,28.7383899689,35.1765937805,27.6005706787,6.01836299896,27.6061325073,96.5926818848,226.650878906,249.71824646,176.177520752,240.586395264,222.263870239,188.355545044,201.690109253,184.715118408,299.446899414,262.414978027,807.981750488,1836.13061523,1918.26904297,2731.78979492,1267.98571777,1287.62316895,828.391540527,325.122192383,39.228012085,9.84763240814,7.27357196808,1.56541764736,0.175893068314,0.00571221113205,0.0000595513702137,4.58143780691e-8]},"erbbands_crest":{"dmean":3.30850839615,"dmean2":5.16197252274,"dvar":11.8540716171,"dvar2":22.5777053833,"max":31.2405223846,"mean":9.6815776825,"median":8.04922866821,"min":2.18290472031,"var":27.7911911011},"erbbands_flatness_db":{"dmean":0.0351783297956,"dmean2":0.053407792002,"dvar":0.00145749305375,"dvar2":0.00302280625328,"max":0.455903410912,"mean":0.14836961031,"median":0.135337859392,"min":0.033388376236,"var":0.00364829320461},"erbbands_kurtosis":{"dmean":5.94551610947,"dmean2":9.3362531662,"dvar":217.517471313,"dvar2":464.598815918,"max":349.467926025,"mean":6.11937379837,"median":0.571238517761,"min":-1.86586928368,"var":366.532745361},"erbbands_skewness":{"dmean":1.07131910324,"dmean2":1.5606777668,"dvar":1.6532561779,"dvar2":3.17229413986,"max":13.3485794067,"mean":0.173322364688,"median":-0.255686163902,"min":-4.61115550995,"var":5.01008319855},"erbbands_spread":{"dmean":24.4863471985,"dmean2":40.1376190186,"dvar":781.020751953,"dvar2":1975.03637695,"max":179.594284058,"mean":56.9683380127,"median":55.9671936035,"min":0.635693311691,"var":1214.10961914},"gfcc":{"cov":[[15878.3232422,-3702.72509766,-2765.48828125,-204.212188721,-1736.66906738,60.5505714417,-864.097290039,-185.052154541,-745.04888916,190.283248901,-286.875793457,182.686340332,-281.623077393],[-3702.72509766,4315.78710938,687.024169922,-480.94128418,555.023620605,-159.081756592,546.971557617,-113.585678101,389.136444092,-196.764404297,200.800262451,-141.344329834,324.019744873],[-2765.48828125,687.024169922,1525.98498535,240.94178772,377.996368408,19.3902549744,143.361923218,109.502593994,85.6077651978,-64.6373672485,63.6795082092,-47.5314865112,-3.52704787254],[-204.212188721,-480.94128418,240.94178772,676.484619141,162.553314209,121.406867981,90.2144393921,57.1080627441,92.3551635742,47.8530845642,-0.80416893959,-43.6662063599,-45.6982269287],[-1736.66906738,555.023620605,377.996368408,162.553314209,691.644287109,210.261550903,334.372009277,180.279541016,222.634185791,13.7628335953,94.6585998535,-5.33790111542,81.509803772],[60.5505714417,-159.081756592,19.3902549744,121.406867981,210.261550903,320.382171631,160.433792114,114.563468933,89.9568634033,53.8915176392,27.9100570679,14.3320674896,12.6235780716],[-864.097290039,546.971557617,143.361923218,90.2144393921,334.372009277,160.433792114,383.120178223,159.895202637,189.742340088,19.3290042877,120.518531799,16.1009502411,90.460105896],[-185.052154541,-113.585678101,109.502593994,57.1080627441,180.279541016,114.563468933,159.895202637,204.826309204,73.5637130737,42.4371376038,62.1064720154,44.5696983337,28.7738361359],[-745.04888916,389.136444092,85.6077651978,92.3551635742,222.634185791,89.9568634033,189.742340088,73.5637130737,242.092910767,62.1924629211,56.143245697,-3.23697710037,62.364112854],[190.283248901,-196.764404297,-64.6373672485,47.8530845642,13.7628335953,53.8915176392,19.3290042877,42.4371376038,62.1924629211,111.285224915,42.1522369385,32.5252151489,16.4972801208],[-286.875793457,200.800262451,63.6795082092,-0.80416893959,94.6585998535,27.9100570679,120.518531799,62.1064720154,56.143245697,42.1522369385,136.279769897,55.264793396,72.8288269043],[182.686340332,-141.344329834,-47.5314865112,-43.6662063599,-5.33790111542,14.3320674896,16.1009502411,44.5696983337,-3.23697710037,32.5252151489,55.264793396,90.7659912109,48.2300453186],[-281.623077393,324.019744873,-3.52704787254,-45.6982269287,81.509803772,12.6235780716,90.460105896,28.7738361359,62.364112854,16.4972801208,72.8288269043,48.2300453186,110.051567078]],"icov":[[0.000141141572385,-0.0000295460140478,0.000201696428121,-0.0000977327654255,0.000256958970567,-0.000208262019441,0.0000929035159061,-0.000215417181607,0.0002635238925,-0.000135356152896,0.0000600725034019,-0.000187844852917,0.000141110009281],[-0.0000295460140478,0.0010251844069,-0.00041092952597,0.000911719689611,-0.000157671791385,0.000508077966515,-0.00111985113472,0.00134857627563,-0.000991115346551,0.00110418500844,-0.00070982525358,0.00258680456318,-0.00236999825574],[0.000201696428121,-0.00041092952597,0.00133282225579,-0.000722652475815,-0.0000651834488963,-0.000243164860876,0.00105520000216,-0.00129151483998,0.000460890849354,0.000433000474004,-0.000641875085421,-0.000721875287127,0.00143020565156],[-0.0000977327654255,0.000911719689611,-0.000722652475815,0.00275560212322,-0.000410872715292,0.000184977849131,-0.00131754332688,0.0014527119929,-0.00124302087352,0.0000339255566359,-0.000561597582418,0.00285036349669,-0.0010052928701],[0.000256958970567,-0.000157671791385,-0.0000651834488963,-0.000410872715292,0.00387203809805,-0.00150534766726,-0.000624730018899,-0.00165340653621,-0.000838416104671,0.000864824629389,-0.0000322191226587,0.000395948532969,-0.000606990244705],[-0.000208262019441,0.000508077966515,-0.000243164860876,0.000184977849131,-0.00150534766726,0.00581163633615,-0.00280954060145,0.000244902970735,0.000110359302198,-0.00198748474941,0.00176768831443,0.000378528406145,-0.000366475200281],[0.0000929035159061,-0.00111985113472,0.00105520000216,-0.00131754332688,-0.000624730018899,-0.00280954060145,0.0116954017431,-0.00588440522552,-0.00350803998299,0.00458935089409,-0.00590175716206,0.000697784067597,0.00063148222398],[-0.000215417181607,0.00134857627563,-0.00129151483998,0.0014527119929,-0.00165340653621,0.000244902970735,-0.00588440522552,0.0125121837482,-0.00045711567509,-0.00146102369763,0.000333297124598,-0.00244522280991,0.0001310940861],[0.0002635238925,-0.000991115346551,0.000460890849354,-0.00124302087352,-0.000838416104671,0.000110359302198,-0.00350803998299,-0.00045711567509,0.0122459651902,-0.00883386749774,0.00418122671545,0.000389305118006,-0.0018504987238],[-0.000135356152896,0.00110418500844,0.000433000474004,0.0000339255566359,0.000864824629389,-0.00198748474941,0.00458935089409,-0.00146102369763,-0.00883386749774,0.0201049465686,-0.00835908297449,-0.00000970867677097,0.000155870307935],[0.0000600725034019,-0.00070982525358,-0.000641875085421,-0.000561597582418,-0.0000322191226587,0.00176768831443,-0.00590175716206,0.000333297124598,0.00418122671545,-0.00835908297449,0.0198686160147,-0.00794796925038,-0.0042066751048],[-0.000187844852917,0.00258680456318,-0.000721875287127,0.00285036349669,0.000395948532969,0.000378528406145,0.000697784067597,-0.00244522280991,0.000389305118006,-0.00000970867677097,-0.00794796925038,0.0305885951966,-0.0155722321942],[0.000141110009281,-0.00236999825574,0.00143020565156,-0.0010052928701,-0.000606990244705,-0.000366475200281,0.00063148222398,0.0001310940861,-0.0018504987238,0.000155870307935,-0.0042066751048,-0.0155722321942,0.0266259368509]],"mean":[-55.7270545959,42.6203231812,-63.1390304565,62.5331954956,-52.1932525635,12.0577058792,-30.6901931763,-2.90880870819,-29.3251037598,4.83647108078,-11.6009531021,3.35660791397,-10.4868373871]},"hfc":{"dmean":16.041557312,"dmean2":24.004611969,"dvar":375.885070801,"dvar2":758.873596191,"max":222.746871948,"mean":26.3699645996,"median":13.1778125763,"min":1.45881440261e-9,"var":942.729797363},"melbands":{"dmean":[0.00269039161503,0.0020685470663,0.00209116656333,0.00100712582935,0.000295492296573,0.00014123028086,0.000035754579585,0.0000266923289018,0.0000172303552972,0.00000593954291617,0.00000831828310766,0.0000114279782792,0.0000121529610624,0.0000112516536319,0.00000856893893797,0.00000807352807897,0.00000920965067053,0.0000059953958953,0.00000743312511986,0.00000445863861387,0.00000561798333365,0.00000469746873932,0.00000498843792229,0.00000677795833326,0.00000633254967397,0.00000685767918185,0.0000148006947711,0.0000133166749947,0.0000108368185465,0.0000105229109977,0.0000106254810817,0.00000729292514734,0.00000928721965465,0.00000712951623427,0.00000789309979154,0.00000568059022044,0.0000043094528337,0.00000233395917348,0.00000180327322141,0.00000154418796683],"dmean2":[0.00250761792995,0.00335200852714,0.00388856604695,0.00188500969671,0.000463742588181,0.000212206214201,0.0000622083389317,0.0000486821736558,0.0000302707467199,0.00000946423460846,0.0000130322368932,0.0000181503892236,0.0000193342857528,0.0000173966091097,0.0000131739861899,0.0000124796706586,0.0000141673372127,0.00000958360305958,0.0000121189041238,0.00000697406676409,0.00000871732027008,0.0000075592201938,0.00000787274257164,0.0000107730702439,0.00000992655895971,0.0000109093825813,0.0000232850579778,0.0000206288568734,0.0000171572391992,0.0000160865638463,0.0000153378605319,0.0000107200839921,0.0000135379286803,0.0000109403435999,0.0000123470226754,0.00000839622771309,0.0000063011216298,0.00000348539833794,0.00000282277937913,0.00000244691227635],"dvar":[0.0000254954447882,0.0000327730667777,0.0000473838299513,0.0000117446779768,3.54360366828e-7,6.20337985424e-8,8.14365463953e-9,7.71692310053e-9,2.27152741061e-9,2.0943162482e-10,6.60238252959e-10,1.42057587915e-9,2.46161713235e-9,2.28609020603e-9,1.19029253121e-9,7.36018079817e-10,7.12649550483e-10,5.89732485068e-10,5.72459357695e-10,2.87883106243e-10,2.82142365027e-10,2.15646223101e-10,2.44171405317e-10,1.97601740526e-10,1.45957523845e-10,1.51462412057e-10,6.53520182414e-10,6.12498163299e-10,2.93665591844e-10,3.68471808621e-10,4.98580177144e-10,1.43345085801e-10,2.93341989588e-10,1.64495722599e-10,1.78404874207e-10,7.91019402757e-11,3.49755328866e-11,9.66924630641e-12,5.48827823466e-12,4.90795728711e-12],"dvar2":[0.0000268358253379,0.0000881519590621,0.000137091235956,0.0000345156549884,9.35404216307e-7,1.3673252397e-7,2.30383783162e-8,2.2628874774e-8,6.57777210478e-9,5.41242717311e-10,1.63348257143e-9,3.4271214755e-9,6.12510087095e-9,5.43414957477e-9,2.74679257117e-9,1.72511116503e-9,1.69582314857e-9,1.45800682638e-9,1.46713685645e-9,6.8767730399e-10,6.89871215709e-10,5.260989977e-10,5.85880788329e-10,4.63607235934e-10,3.33316346746e-10,3.56462165341e-10,1.42470879538e-9,1.43963752031e-9,6.77775890967e-10,8.34270763583e-10,1.07538011829e-9,3.02914193728e-10,6.37329633513e-10,3.85587645146e-10,3.96783633727e-10,1.52262730202e-10,7.02962757448e-11,1.84035685996e-11,1.12243478401e-11,1.01882096509e-11],"max":[0.0494675301015,0.0593329742551,0.0474468432367,0.0248109344393,0.00718073081225,0.00379578419961,0.000922367151361,0.00100646738429,0.000528022530489,0.000274185964372,0.00075173843652,0.000955488707405,0.00142549723387,0.00152696878649,0.000786005926784,0.000875254976563,0.000772714731283,0.000998180359602,0.000926023058128,0.00046271859901,0.000341647333698,0.00051747955149,0.000323779677274,0.000259806547547,0.000254810845945,0.000206618438824,0.000472766347229,0.00038575270446,0.000250391021837,0.000297120539472,0.000444115517894,0.000202853916562,0.00026511127362,0.000239192551817,0.000169341219589,0.000119400989206,0.0000860760337673,0.0000421416698373,0.0000222457056225,0.0000189495003724],"mean":[0.00501377182081,0.00237954780459,0.00155911117326,0.000742268399335,0.000465656019514,0.000257270905422,0.0000398102201871,0.0000244563125307,0.0000194774092961,0.00000838001687953,0.0000105783728941,0.0000140586771522,0.0000140156626003,0.0000136948829095,0.00000994084712147,0.000010234374713,0.0000125113983813,0.00000651268373986,0.00000850063588587,0.00000470909844807,0.00000623350433671,0.00000492179151479,0.00000536789912076,0.00000802408158052,0.00000764246760809,0.00000740557015888,0.0000174154010892,0.0000169539962371,0.0000154066019604,0.0000151526719492,0.0000149779943968,0.0000106768511614,0.0000126962213471,0.00000954122970143,0.0000101967316368,0.00000843240741233,0.00000613866359345,0.00000300389524455,0.00000213475050259,0.00000169797613125],"median":[0.000253789359704,0.000513039180078,0.000271314347629,0.0000930455353227,0.000148122009705,0.0000920145175769,0.0000155035340867,0.00000785919291957,0.00000524059532836,0.0000032158641261,0.00000211314227272,0.00000366396625395,0.00000361875754606,0.00000271770159088,0.00000137761378483,0.00000199417218028,0.00000262014600594,0.00000134433935273,0.0000015115201677,7.88371153249e-7,0.00000133420689963,0.00000130549460664,0.00000135327411499,0.00000294868664241,0.00000295880772683,0.00000257799752035,0.00000549016385776,0.00000500689111504,0.00000450577590527,0.00000363877416021,0.0000030409437386,0.00000255790700976,0.0000026486659408,0.00000183725649094,0.00000238838333644,0.00000163474578585,0.00000166259701473,9.5565974334e-7,6.57415966998e-7,4.98562371831e-7],"min":[1.55676820651e-15,1.54961035459e-15,1.53541016486e-15,1.5139457147e-15,1.48233846852e-15,1.44226173989e-15,1.38997598425e-15,1.32497171126e-15,1.24800479196e-15,1.15567280087e-15,1.05004429834e-15,9.32703235968e-16,8.03764545545e-16,6.67599711169e-16,5.30049130892e-16,3.95387991756e-16,2.7241500732e-16,1.68340638191e-16,9.13025747396e-17,4.7033939616e-17,3.73494645142e-17,5.88717345972e-17,1.02309536279e-16,1.5247498317e-16,1.92215227957e-16,2.07472064812e-16,1.93160053505e-16,1.57904980523e-16,1.22240380346e-16,1.09235069561e-16,1.30521252371e-16,1.77356615701e-16,2.25540521657e-16,2.54307931067e-16,2.60878603867e-16,2.5474600592e-16,2.39394724891e-16,2.08165215696e-16,1.56790007232e-16,1.0173742508e-16],"var":[0.000109079453978,0.0000299644452753,0.0000270928849204,0.00000668217307975,5.90550882862e-7,1.78119449856e-7,6.3837655162e-9,4.42040271054e-9,1.54659041129e-9,2.41971664927e-10,7.2507111426e-10,1.49241563552e-9,2.31301977571e-9,2.2657538068e-9,1.27520327631e-9,8.16903378276e-10,8.40220226728e-10,5.57047186156e-10,5.56250656647e-10,2.84336387768e-10,2.8088209536e-10,2.07491371307e-10,2.41446918015e-10,2.2994939286e-10,1.76072129099e-10,1.79269238343e-10,9.69220037561e-10,9.12572961642e-10,6.10890282804e-10,8.0404743974e-10,9.90176607374e-10,3.43914202672e-10,6.2491167796e-10,3.87988752237e-10,3.10154041339e-10,2.24206625488e-10,9.82750547607e-11,2.06704358491e-11,9.15289805753e-12,6.79206127105e-12]},"melbands_crest":{"dmean":4.12989139557,"dmean2":5.74653244019,"dvar":14.7916908264,"dvar2":28.4532928467,"max":37.9819717407,"mean":19.6899089813,"median":18.3886756897,"min":2.75008845329,"var":68.0109481812},"melbands_flatness_db":{"dmean":0.0704656839371,"dmean2":0.0920743718743,"dvar":0.0056051290594,"dvar2":0.00831244327128,"max":0.847183465958,"mean":0.264233350754,"median":0.20952104032,"min":0.0191380921751,"var":0.0291635934263},"melbands_kurtosis":{"dmean":70.9561767578,"dmean2":108.859527588,"dvar":20096.0625,"dvar2":46288.4335938,"max":1935.96960449,"mean":89.8658599854,"median":21.6495418549,"min":-1.89536523819,"var":30319.9042969},"melbands_skewness":{"dmean":2.56638169289,"dmean2":3.918820858,"dvar":10.7490587234,"dvar2":25.3347511292,"max":32.8815383911,"mean":5.25949382782,"median":3.92298674583,"min":-1.69720482826,"var":23.2384033203},"melbands_spread":{"dmean":22.0126342773,"dmean2":33.0759124756,"dvar":973.770812988,"dvar2":1981.15258789,"max":220.061584473,"mean":41.7346115112,"median":17.028427124,"min":0.118165239692,"var":2747.24169922},"mfcc":{"cov":[[16208.6689453,-3435.46020508,-1841.92797852,-990.994689941,-1289.65405273,-357.041046143,-634.437194824,-556.973693848,-676.141113281,-247.466964722,-463.334350586,-96.4902877808,-228.106674194],[-3435.46020508,3890.47143555,333.348846436,-22.200881958,94.7244415283,30.2020244598,190.80519104,143.524276733,251.030349731,5.71343278885,30.2303581238,60.2369499207,80.1663894653],[-1841.92797852,333.348846436,1024.16906738,300.96975708,194.042282104,21.6398677826,56.805393219,31.9158554077,-0.997925162315,21.9233188629,38.0361785889,-16.1638641357,-13.589600563],[-990.994689941,-22.200881958,300.96975708,508.819000244,196.628082275,108.200469971,84.8589859009,74.8081283569,79.0680084229,78.4785842896,78.1515655518,38.2744636536,1.59603357315],[-1289.65405273,94.7244415283,194.042282104,196.628082275,387.011779785,147.857177734,145.252990723,129.617843628,132.634231567,83.7724075317,83.7632369995,36.7940254211,40.5749855042],[-357.041046143,30.2020244598,21.6398677826,108.200469971,147.857177734,259.350128174,85.6427078247,94.0533218384,121.127349854,92.5340805054,91.9874420166,45.6924781799,15.4030475616],[-634.437194824,190.80519104,56.805393219,84.8589859009,145.252990723,85.6427078247,271.026885986,173.716445923,101.733558655,74.2806625366,47.9012908936,77.6644134521,51.2640533447],[-556.973693848,143.524276733,31.9158554077,74.8081283569,129.617843628,94.0533218384,173.716445923,212.480239868,138.58581543,84.0887527466,69.3835983276,57.1045303345,53.750038147],[-676.141113281,251.030349731,-0.997925162315,79.0680084229,132.634231567,121.127349854,101.733558655,138.58581543,184.901168823,104.072799683,94.2896957397,54.6795196533,49.5159072876],[-247.466964722,5.71343278885,21.9233188629,78.4785842896,83.7724075317,92.5340805054,74.2806625366,84.0887527466,104.072799683,117.928413391,78.150100708,56.8673934937,34.8770713806],[-463.334350586,30.2303581238,38.0361785889,78.1515655518,83.7632369995,91.9874420166,47.9012908936,69.3835983276,94.2896957397,78.150100708,115.40335083,42.9013595581,41.3880577087],[-96.4902877808,60.2369499207,-16.1638641357,38.2744636536,36.7940254211,45.6924781799,77.6644134521,57.1045303345,54.6795196533,56.8673934937,42.9013595581,92.3170318604,47.7518615723],[-228.106674194,80.1663894653,-13.589600563,1.59603357315,40.5749855042,15.4030475616,51.2640533447,53.750038147,49.5159072876,34.8770713806,41.3880577087,47.7518615723,80.5334091187]],"icov":[[0.000136893548188,0.0000820746208774,0.000137572496897,0.0000673775575706,0.000272157485597,-0.000152481836267,0.000132890680106,-0.000106038278318,0.000280953594483,-0.00030559769948,0.000390716246329,-0.000194908992853,0.0000805210220278],[0.0000820746208774,0.000410448265029,-0.000130446016556,0.000147299273522,0.000340992963174,-0.0000220639285544,-0.000246131443419,0.000377501681214,-0.00120195967611,0.00062814692501,0.000503436545841,-0.000279992993455,-0.0000896154087968],[0.000137572496897,-0.000130446016556,0.00157454446889,-0.000647258595563,-0.000378814409487,0.000143567682244,0.000178809685167,-0.000495146086905,0.00187640101649,-0.00095128727844,-0.00027873981162,0.000451532687293,0.000311883952236],[0.0000673775575706,0.000147299273522,-0.000647258595563,0.00310152047314,-0.000782126327977,-0.000137357550557,0.00000703869181962,0.00000792272021499,-0.000059151185269,-0.000531849451363,-0.000714442168828,-0.00120607879944,0.00163309462368],[0.000272157485597,0.000340992963174,-0.000378814409487,-0.000782126327977,0.00559188518673,-0.00173264346085,-0.00156318326481,0.00041286641499,-0.00205629691482,0.000128506362671,0.000977272400633,0.0015048305504,-0.00156931637321],[-0.000152481836267,-0.0000220639285544,0.000143567682244,-0.000137357550557,-0.00173264346085,0.0073531283997,-0.000553330173716,0.000278836669168,-0.00233059935272,-0.00078722165199,-0.00352535280399,-0.000983316684142,0.00341842253692],[0.000132890680106,-0.000246131443419,0.000178809685167,0.00000703869181962,-0.00156318326481,-0.000553330173716,0.0102935954928,-0.0081023843959,0.00365105434321,-0.00140463467687,0.00237292936072,-0.00512450467795,0.000582646462135],[-0.000106038278318,0.000377501681214,-0.000495146086905,0.00000792272021499,0.00041286641499,0.000278836669168,-0.0081023843959,0.0166055168957,-0.00991314090788,0.000950218702201,0.00000208833307624,0.00250122277066,-0.00274709332734],[0.000280953594483,-0.00120195967611,0.00187640101649,-0.000059151185269,-0.00205629691482,-0.00233059935272,0.00365105434321,-0.00991314090788,0.0247263666242,-0.0107514001429,-0.00430370401591,0.000824702670798,-0.000740012910683],[-0.00030559769948,0.00062814692501,-0.00095128727844,-0.000531849451363,0.000128506362671,-0.00078722165199,-0.00140463467687,0.000950218702201,-0.0107514001429,0.0261851251125,-0.00713333440945,-0.00716855889186,0.00189178972505],[0.000390716246329,0.000503436545841,-0.00027873981162,-0.000714442168828,0.000977272400633,-0.00352535280399,0.00237292936072,0.00000208833307624,-0.00430370401591,-0.00713333440945,0.0226268451661,-0.000644453859422,-0.00626829173416],[-0.000194908992853,-0.000279992993455,0.000451532687293,-0.00120607879944,0.0015048305504,-0.000983316684142,-0.00512450467795,0.00250122277066,0.000824702670798,-0.00716855889186,-0.000644453859422,0.0235309619457,-0.0101746022701],[0.0000805210220278,-0.0000896154087968,0.000311883952236,0.00163309462368,-0.00156931637321,0.00341842253692,0.000582646462135,-0.00274709332734,-0.000740012910683,0.00189178972505,-0.00626829173416,-0.0101746022701,0.0232443008572]],"mean":[-711.45880127,72.774307251,43.9723930359,50.7560806274,8.37210083008,20.2700634003,8.65131950378,1.05975723267,-7.58674573898,0.811839163303,-4.81589365005,-0.439969956875,-1.7226190567]},"pitch_salience":{"dmean":0.103396788239,"dmean2":0.15225109458,"dvar":0.0118063166738,"dvar2":0.0234194137156,"max":0.984192848206,"mean":0.479491233826,"median":0.531694889069,"min":0.03353876248,"var":0.0401957929134},"silence_rate_20dB":{"dmean":0,"dmean2":0,"dvar":0,"dvar2":0,"max":1,"mean":1,"median":1,"min":1,"var":0},"silence_rate_30dB":{"dmean":0.0604353398085,"dmean2":0.120880998671,"dvar":0.0567873753607,"dvar2":0.11736780405,"max":1,"mean":0.89339363575,"median":1,"min":0,"var":0.0952325388789},"silence_rate_60dB":{"dmean":0.0525821596384,"dmean2":0.105173297226,"dvar":0.0498164519668,"dvar2":0.109823793173,"max":1,"mean":0.11334926635,"median":0,"min":0,"var":0.10050303489},"spectral_centroid":{"dmean":650.910400391,"dmean2":979.692077637,"dvar":556215,"dvar2":942333.625,"max":5590.59423828,"mean":1896.68969727,"median":1736.01123047,"min":64.4298629761,"var":1862153.5},"spectral_complexity":{"dmean":5.01237726212,"dmean2":7.36588716507,"dvar":38.9571723938,"dvar2":68.3386154175,"max":62,"mean":11.4149885178,"median":8,"min":0,"var":107.150497437},"spectral_contrast_coeffs":{"dmean":[0.0625076070428,0.0532648451626,0.034380313009,0.0322781838477,0.0311080943793,0.0301150213927],"dmean2":[0.0973231568933,0.080909781158,0.0540514774621,0.0491706132889,0.0464953556657,0.043913628906],"dvar":[0.00325288716704,0.00218162639067,0.000955367169809,0.000814085069578,0.000732516171411,0.000888855662197],"dvar2":[0.00795478839427,0.0045449193567,0.00206035678275,0.00172886857763,0.00152097688988,0.00162894150708],"max":[-0.266551673412,-0.316512197256,-0.555699050426,-0.59117013216,-0.555417299271,-0.519886732101],"mean":[-0.630592346191,-0.720417916775,-0.827965855598,-0.821136832237,-0.798492610455,-0.767548382282],"median":[-0.635807394981,-0.733797371387,-0.83901822567,-0.827950000763,-0.796607851982,-0.776129841805],"min":[-0.966289520264,-0.975518703461,-0.981227934361,-0.985840320587,-0.984622895718,-0.934646487236],"var":[0.00973204895854,0.0107897082344,0.00407438119873,0.00316484784707,0.00294655677862,0.0040036723949]},"spectral_contrast_valleys":{"dmean":[0.52677667141,0.621589779854,0.567105591297,0.666913807392,0.755606293678,0.896642446518],"dmean2":[0.787978589535,0.971108615398,0.844785809517,0.934257030487,1.00445592403,1.20326244831],"dvar":[0.215676501393,0.43693330884,0.361602723598,0.452139228582,0.576146185398,0.873009622097],"dvar2":[0.459093719721,0.993394076824,0.731575965881,0.855684995651,0.933358252048,1.50978779793],"max":[-5.07958602905,-4.89011144638,-5.04436635971,-5.39401054382,-5.16375112534,-7.59218788147],"mean":[-7.78627300262,-8.00697422028,-8.66683673859,-8.90514469147,-8.0562877655,-9.92403411865],"median":[-7.54893493652,-7.80168962479,-8.45726490021,-8.72156715393,-7.6711730957,-9.38708877563],"min":[-21.3871479034,-20.3154907227,-19.5561733246,-18.949420929,-18.872127533,-19.7471637726],"var":[1.24679577351,1.60807657242,1.71123707294,1.81697070599,2.16225481033,2.77815055847]},"spectral_decrease":{"dmean":4.12633616165e-9,"dmean2":6.43919939591e-9,"dvar":7.31011535746e-17,"dvar2":1.93000652492e-16,"max":-2.07112535231e-20,"mean":-7.95935317655e-9,"median":-3.41888339861e-9,"min":-6.46152216177e-8,"var":1.30261967645e-16},"spectral_energy":{"dmean":0.0165489707142,"dmean2":0.0258581992239,"dvar":0.00105768500362,"dvar2":0.00279854796827,"max":0.24785900116,"mean":0.0324321985245,"median":0.0163668207824,"min":2.10487700945e-13,"var":0.00185853883158},"spectral_energyband_high":{"dmean":0.00172964052763,"dmean2":0.00255214306526,"dvar":0.00000531099476575,"dvar2":0.0000104745777207,"max":0.0254116859287,"mean":0.00288392347284,"median":0.000927607121412,"min":1.18715733316e-13,"var":0.0000167244415934},"spectral_energyband_low":{"dmean":0.0112663293257,"dmean2":0.0162689946592,"dvar":0.000536386796739,"dvar2":0.00124002119992,"max":0.198482021689,"mean":0.0215919427574,"median":0.00311421323568,"min":1.08562967711e-14,"var":0.00144439667929},"spectral_energyband_middle_high":{"dmean":0.000999331241474,"dmean2":0.00151277775876,"dvar":0.00000551832499696,"dvar2":0.0000113294099719,"max":0.065260976553,"mean":0.00142116553616,"median":0.00063034275081,"min":3.85452371518e-14,"var":0.00000745847592043},"spectral_energyband_middle_low":{"dmean":0.00882579851896,"dmean2":0.0162347555161,"dvar":0.000806665921118,"dvar2":0.00236397190019,"max":0.195463731885,"mean":0.00837031472474,"median":0.00309848692268,"min":4.13906071689e-14,"var":0.000457438844023},"spectral_entropy":{"dmean":0.480513751507,"dmean2":0.716404855251,"dvar":0.360351026058,"dvar2":0.705165565014,"max":9.57866764069,"mean":7.57848119736,"median":7.94504308701,"min":3.64992833138,"var":0.881496787071},"spectral_flux":{"dmean":0.0424569435418,"dmean2":0.0620397701859,"dvar":0.00395396118984,"dvar2":0.00581201072782,"max":0.510458707809,"mean":0.0940497368574,"median":0.0713820755482,"min":0.000374056748115,"var":0.00755405984819},"spectral_kurtosis":{"dmean":3.25995850563,"dmean2":5.33069467545,"dvar":61.3524284363,"dvar2":143.883346558,"max":126.319671631,"mean":4.79076242447,"median":1.76667881012,"min":-0.672606468201,"var":105.840942383},"spectral_rms":{"dmean":0.00123572931625,"dmean2":0.00179128022864,"dvar":0.00000291873129754,"dvar2":0.00000711582970325,"max":0.0155503591523,"mean":0.00470284372568,"median":0.00399595219642,"min":1.43301734923e-8,"var":0.00000952450591285},"spectral_rolloff":{"dmean":1554.62426758,"dmean2":2549.24755859,"dvar":5967739.5,"dvar2":10448692,"max":15482.3730469,"mean":3146.25219727,"median":796.728515625,"min":21.533203125,"var":11684871},"spectral_skewness":{"dmean":0.491407126188,"dmean2":0.755021452904,"dvar":0.605550169945,"dvar2":1.34033501148,"max":9.90421676636,"mean":1.34988319874,"median":0.973102450371,"min":-0.346858620644,"var":1.40621864796},"spectral_spread":{"dmean":1273177.5,"dmean2":2037071.875,"dvar":2053912920060,"dvar2":4732449980420,"max":28570050,"mean":6061175,"median":6074656,"min":681872.8125,"var":3526972407810},"spectral_strongpeak":{"dmean":0.339089125395,"dmean2":0.561579167843,"dvar":0.835751593113,"dvar2":2.38693714142,"max":12.7968788147,"mean":0.587147593498,"median":0.459933131933,"min":0,"var":0.620642721653},"zerocrossingrate":{"dmean":0.0346380844712,"dmean2":0.0381738059223,"dvar":0.00126078166068,"dvar2":0.00167165137827,"max":0.50634765625,"mean":0.0963313579559,"median":0.07666015625,"min":0.001953125,"var":0.00682559143752}},"metadata":{"audio_properties":{"analysis_sample_rate":44100,"bit_rate":0,"codec":"flac","downmix":"mix","equal_loudness":0,"length":271.998962402,"lossless":true,"md5_encoded":"603d6abb7e015df02e9eae6bd6a020a4","replay_gain":-4.4354839325},"tags":{"album":["Homework"],"albumartist":["Daft Punk"],"albumartistsort":["Daft Punk"],"artist":["Daft Punk"],"artistsort":["Daft Punk"],"asin":["B000000WCV"],"barcode":["724384260927"],"catalognumber":["CDV 2821"],"date":["1997-01-20"],"file_name":"14 Indo Silver Club.flac","format":["CD"],"genre":["Electronic"],"isrc":["FRS949600510","GBDUW0600016"],"label":["Virgin"],"language":["eng"],"musicbrainz_albumartistid":["056e4f3e-d505-4dad-8ec1-d04f521cbb56"],"musicbrainz_albumid":["647d7016-2683-42c6-b027-83114a7c3eec"],"musicbrainz_artistid":["056e4f3e-d505-4dad-8ec1-d04f521cbb56"],"musicbrainz_recordingid":["1285a717-b387-4353-91d4-3ea357dfc9c5"],"releasecountry":["GB"],"releasestatus":["official"],"releasetype":["album"],"script":["Latn"],"title":["Indo Silver Club"],"totaltracks":["16"],"tracknumber":["14"],"tracktotal":["16"]},"version":{"essentia":"2.1-beta1","essentia_build_sha":"eef087cf131c10083d474ad51def18efd0e38295","essentia_git_sha":"v2.1_beta1-7-ge0e83e8-dirty","extractor":"music 1.0"}},"rhythm":{"beats_count":573,"beats_loudness":{"dmean":0.00877318065614,"dmean2":0.0164232905954,"dvar":0.000191619605175,"dvar2":0.0005030137836,"max":0.152723088861,"mean":0.0285688862205,"median":0.0206972286105,"min":0.0000141541477205,"var":0.000992610352114},"beats_loudness_band_ratio":{"dmean":[0.154308602214,0.182838782668,0.0115577140823,0.0154671249911,0.020254669711,0.195982664824],"dmean2":[0.27971804142,0.340307086706,0.01986284554,0.0278870910406,0.036760263145,0.371589720249],"dvar":[0.0260216221213,0.0373926945031,0.000141804426676,0.000220469970373,0.000401934987167,0.0312046296895],"dvar2":[0.0654127597809,0.13421818614,0.000361029349733,0.000568135234062,0.00137142359745,