{"lowlevel":{"average_loudness":0.862080216408,"barkbands":{"dmean":[0.00403743656352,0.00876181479543,0.00184280611575,0.00178621057421,0.00160566938575,0.0018544534687,0.00113601074554,0.000584696361329,0.000914888747502,0.000512627069838,0.000461419753265,0.000332877971232,0.000505905714817,0.00035513509647,0.00042447555461,0.00020006824343,0.000174760760274,0.000155741319759,0.000120407581562,0.0000802108697826,0.0000515815299877,0.0000259214102698,0.0000202003993763,0.0000162834039656,0.00000350818231709,0.000024124434276,0.000259945198195],"dmean2":[0.00631792889908,0.014279848896,0.00307821249589,0.0029796261806,0.0026266425848,0.00293256435543,0.00187067105435,0.000955391093157,0.00147687876597,0.000833124911878,0.000750580918975,0.00054553366499,0.000835019629449,0.000599259685259,0.00070665118983,0.000329966598656,0.000279526313534,0.000241254907451,0.000186290897545,0.000122024932352,0.0000787938333815,0.0000390811146644,0.0000296162561426,0.0000234234285017,0.00000563558432987,0.0000333039242832,0.000405391445383],"dvar":[0.0000671462694299,0.000224445597269,0.0000124920989037,0.0000133111198011,0.0000097227302831,0.0000122368483062,0.00000382781490771,0.00000140050678965,0.00000337204210155,0.00000117237152608,0.00000138585323839,3.84094022365e-7,9.96633843897e-7,4.09658809986e-7,5.71691373352e-7,1.45951318586e-7,1.77328999484e-7,2.85925978005e-7,1.4703176987e-7,3.62928105346e-8,1.51221453137e-8,3.22341753289e-9,1.85891380067e-9,1.62169722095e-9,3.50818228634e-11,3.07494474328e-9,1.69620179236e-7],"dvar2":[0.000149411614984,0.000569341238588,0.0000320655744872,0.0000341353588738,0.0000240755834966,0.0000291632113658,0.00000990326770989,0.00000365660935131,0.00000811168592918,0.00000296833127322,0.00000346943966179,9.54794359131e-7,0.00000246328681897,0.00000111740837383,0.00000152951997734,3.69764904917e-7,4.0254127498e-7,5.80022799568e-7,3.19355848433e-7,7.67166099536e-8,3.4545703187e-8,6.8212471227e-9,3.79183884291e-9,3.06240455217e-9,8.22715159887e-11,5.36695221598e-9,4.10013655028e-7],"max":[0.0914127826691,0.289182901382,0.0698777735233,0.0929810628295,0.0711528509855,0.0690922513604,0.0533087439835,0.0279068592936,0.0552979595959,0.0214982368052,0.0324652567506,0.0166070349514,0.0268993396312,0.0124464957044,0.0194975845516,0.0097117125988,0.0100373430178,0.0160593818873,0.0184282120317,0.00456743594259,0.00395518401638,0.0016294074012,0.00120354699902,0.0013694120571,0.000192592124222,0.00179559714161,0.00859552249312],"mean":[0.00499099772424,0.0134018752724,0.00243200687692,0.00252229440957,0.00259967381135,0.00330490618944,0.00202206452377,0.000923946558032,0.00155674095731,0.000757531845011,0.000723089207895,0.000565619091503,0.000907634850591,0.000670562905725,0.000819683133159,0.00038679887075,0.000318666978274,0.000274278077995,0.000226588483201,0.000164175915415,0.000108627085865,0.0000645136387902,0.0000485989185108,0.0000368428154616,0.00000473199906992,0.0000584434201301,0.000918361649383],"median":[0.00177747593261,0.00707865646109,0.00102334539406,0.00103509705514,0.00129881384782,0.00150689226575,0.000943822320551,0.000348801258951,0.000675102462992,0.000328765338054,0.000252570316661,0.000277384475339,0.000397940399125,0.000309754104819,0.00038484093966,0.000181902752956,0.000106471678009,0.0000734150235076,0.0000747627345845,0.0000516771178809,0.0000327518464474,0.0000178815462277,0.000010872439816,0.00000557678686164,0.0000017144081994,0.0000103813681562,0.000492385937832],"min":[2.45035653905e-25,2.55208394917e-24,5.31496563311e-25,5.3324990528e-25,6.6921208403e-24,5.86537331238e-24,1.01569667523e-23,5.78165426552e-24,1.34709122505e-23,1.13751581054e-23,1.92259207668e-23,1.77463584965e-23,1.26988383054e-23,2.72441002227e-23,3.54572813612e-23,5.08975895948e-23,6.44887226695e-23,1.07017059729e-22,1.41096860576e-22,1.47288573024e-22,2.15313740198e-22,3.12071177917e-22,4.32645500189e-22,5.81098267825e-22,9.28932006807e-22,1.26438070531e-21,1.86456809437e-21],"var":[0.0000906386339921,0.000315876066452,0.0000174939632416,0.0000241571215156,0.0000184735945368,0.000027753341783,0.00000927431210584,0.00000300872466141,0.00000810259280115,0.00000206422032534,0.00000267539644483,8.28073211778e-7,0.0000022943163458,9.65016852206e-7,0.00000134283357056,3.26769736603e-7,3.89598227457e-7,5.66337519103e-7,2.79622099697e-7,1.00504081502e-7,3.79110396409e-8,1.31966064743e-8,7.79297160136e-9,6.2003171486e-9,7.16894321684e-11,1.28242092501e-8,0.00000118394382298]},"barkbands_crest":{"dmean":2.74678492546,"dmean2":4.51453971863,"dvar":5.62554740906,"dvar2":15.0013570786,"max":24.5195846558,"mean":10.2867183685,"median":9.65947341919,"min":2.41381406784,"var":17.9713172913},"barkbands_flatness_db":{"dmean":0.0248842649162,"dmean2":0.0387122221291,"dvar":0.000552601180971,"dvar2":0.0013352483511,"max":0.434969961643,"mean":0.139271751046,"median":0.135309591889,"min":0.0203824322671,"var":0.00325450114906},"barkbands_kurtosis":{"dmean":6.24849462509,"dmean2":10.0183668137,"dvar":180.07850647,"dvar2":455.616485596,"max":368.498443604,"mean":11.667974472,"median":5.66452264786,"min":-1.71367120743,"var":366.379608154},"barkbands_skewness":{"dmean":0.676690995693,"dmean2":1.05005776882,"dvar":0.61878156662,"dvar2":1.44708836079,"max":15.1944723129,"mean":2.44203233719,"median":2.09363698959,"min":-2.21015787125,"var":2.73935246468},"barkbands_spread":{"dmean":6.24509763718,"dmean2":9.63935756683,"dvar":44.8766593933,"dvar2":93.8032073975,"max":91.7167739868,"mean":25.1921253204,"median":22.6189136505,"min":0.436007380486,"var":253.116516113},"dissonance":{"dmean":0.0187013018876,"dmean2":0.0316988714039,"dvar":0.000348801200744,"dvar2":0.000934783543926,"max":0.500000178814,"mean":0.468051731586,"median":0.475217163563,"min":0.253328680992,"var":0.00073260924546},"dynamic_complexity":3.89151406288,"erbbands":{"dmean":[0.468593209982,1.33132338524,2.05328798294,4.17319726944,5.08186531067,5.99400615692,11.1465749741,17.2917098999,14.7600164413,18.0932197571,13.2957420349,19.68775177,16.3780765533,16.3861465454,15.466884613,12.4932556152,21.016828537,18.5365009308,18.5933322906,18.5295143127,9.09826946259,9.42479133606,8.66279602051,6.76885080338,5.15708255768,3.76279950142,2.70736765862,1.60925376415,1.00883984566,0.742040514946,0.542662799358,0.434192985296,0.220167145133,0.0545155741274,0.0197925698012,0.0458551123738,0.0579902939498,0.0261380467564,0.0125404549763,0.0057459496893],"dmean2":[0.764017641544,2.20060968399,3.44047045708,6.90223312378,8.36009788513,9.93676757812,18.0676193237,27.1484451294,23.9908905029,30.0380859375,21.5297851562,31.8750762939,26.2737445831,26.8275337219,25.1131687164,20.4784984589,34.6209259033,30.7679653168,30.7637252808,30.5523300171,14.8970918655,14.9238500595,13.3001737595,10.3620796204,7.94936227798,5.70208406448,4.13779163361,2.45422625542,1.52053129673,1.10213935375,0.793327271938,0.631611406803,0.316737860441,0.0830462947488,0.0320913232863,0.064976580441,0.0812342241406,0.037115752697,0.0179138071835,0.0088456356898],"dvar":[0.837223768234,4.63239383698,14.2809562683,70.1730041504,96.6005096436,158.037750244,478.651489258,1343.08776855,653.405456543,1368.69677734,825.658325195,1753.51391602,1301.26635742,1670.29333496,1450.16918945,528.39654541,1708.04272461,1243.19116211,1075.96386719,1077.31408691,308.581756592,584.439453125,948.704406738,444.735443115,209.871963501,77.119682312,41.9666900635,14.0627622604,5.03147554398,2.44463896751,1.39376676083,1.06328070164,0.306923776865,0.0108094373718,0.000971763860434,0.0133083676919,0.0183184798807,0.00303730810992,0.000671164598316,0.0000728550076019],"dvar2":[2.14766836166,12.1356735229,37.4614715576,182.796661377,235.469970703,385.31451416,1177.88549805,3208.23876953,1668.47912598,3635.52514648,2050.62841797,4130.45458984,3097.57836914,4406.37841797,3583.51904297,1310.95251465,4244.89990234,3333.10986328,2881.75805664,2732.4987793,766.294921875,1295.00878906,1917.32019043,880.119567871,451.447570801,162.000015259,93.0012359619,31.629108429,10.7223911285,5.24691390991,2.82086730003,2.05660772324,0.598391294479,0.021596537903,0.00239938590676,0.0248617399484,0.0321053527296,0.00593793066218,0.00132354197558,0.000165964054759],"max":[12.6307458878,47.3544464111,67.564201355,213.817687988,289.544464111,325.333770752,407.528869629,826.494506836,685.831054688,1013.92736816,713.683532715,1058.45373535,996.46673584,1124.29528809,1355.59924316,616.379272461,1095.52392578,700.548034668,772.991455078,642.89263916,522.302001953,633.26776123,985.726196289,836.147216797,481.8565979,198.202835083,161.847595215,111.582321167,65.9524536133,43.4709510803,33.6964035034,30.7739830017,20.6804771423,3.40408229828,0.483355611563,3.64397954941,4.41053771973,1.38108432293,0.563792228699,0.205217465758],"mean":[0.657588720322,1.94948685169,2.84316945076,6.18863487244,7.51674509048,8.81022453308,18.5739421844,29.8824768066,26.3802051544,29.6395378113,23.8319778442,34.0169754028,27.0481700897,26.293592453,27.099111557,23.4654273987,39.647228241,37.7995376587,39.0796508789,37.3147163391,19.4832611084,17.770904541,15.5175533295,12.745839119,10.1055231094,7.7874007225,5.56206226349,3.56968283653,2.44555568695,1.78767383099,1.30393838882,1.00987100601,0.451947331429,0.0901296436787,0.0259462222457,0.0908822268248,0.13848285377,0.0718997046351,0.0415373258293,0.0266503505409],"median":[0.281480371952,1.09165692329,1.43010282516,2.72022819519,3.83601236343,3.97615814209,7.91865634918,12.289516449,12.8289737701,11.5349197388,9.98154449463,14.4143104553,13.6266555786,11.0240688324,11.4948196411,12.1763887405,18.4160728455,17.7000007629,19.4100666046,17.7860832214,9.26832294464,6.19334697723,4.21250867844,4.02534818649,3.43506145477,2.45585727692,1.71409845352,1.03711771965,0.679039895535,0.449351549149,0.288515686989,0.15988856554,0.067513987422,0.0254774745554,0.0111751575023,0.0157041363418,0.0215456467122,0.0188466906548,0.0178252067417,0.015617987141],"min":[9.84254935686e-23,2.71709873318e-22,6.7053399087e-22,2.56924216769e-21,9.41102689168e-21,2.20707022416e-20,5.07061263131e-20,7.93337099402e-20,1.17185604631e-19,1.37453287397e-19,1.43605895567e-19,4.09473557615e-19,4.18541292435e-19,6.86804598784e-19,7.83773482729e-19,6.05386762054e-19,7.01205451357e-19,1.12092899168e-18,2.38300436078e-18,2.57870908985e-18,4.40747307531e-18,4.06753617155e-18,5.3601663517e-18,7.31935314511e-18,7.82960116032e-18,7.83851568579e-18,9.02744140536e-18,1.07027501523e-17,1.00016765329e-17,9.457562089e-18,1.20792986328e-17,1.08142929764e-17,1.01987539682e-17,8.34421668917e-18,6.24739862236e-18,4.49779995743e-18,2.35231306492e-18,9.57745798968e-19,2.32795585291e-19,2.78884589757e-20],"var":[1.01575672626,6.2496380806,17.9375228882,125.487892151,147.703643799,272.828033447,1057.75634766,2785.19506836,1501.49987793,2827.81738281,2104.21582031,4241.00585938,2559.27148438,2715.59375,3069.27319336,1237.20581055,4068.53833008,3163.51367188,2735.24389648,2766.53979492,813.0625,1257.9909668,1836.48461914,952.098205566,458.228149414,219.315689087,103.046691895,42.2217216492,19.5670070648,10.2111263275,5.59657716751,4.23293685913,1.02795422077,0.033160250634,0.00156551890541,0.0442838817835,0.0771712735295,0.0162545144558,0.00390478153713,0.000814729428384]},"erbbands_crest":{"dmean":2.33828783035,"dmean2":3.83974432945,"dvar":4.97600269318,"dvar2":12.4465093613,"max":30.4485797882,"mean":7.9620141983,"median":6.94097805023,"min":2.44835829735,"var":14.143280983},"erbbands_flatness_db":{"dmean":0.0200248826295,"dmean2":0.029677150771,"dvar":0.000326785753714,"dvar2":0.000704318052158,"max":0.355181485415,"mean":0.13757199049,"median":0.130341514945,"min":0.0364429987967,"var":0.00182159198448},"erbbands_kurtosis":{"dmean":0.893592238426,"dmean2":1.40553224087,"dvar":2.20476174355,"dvar2":4.81413888931,"max":45.4863586426,"mean":0.656600594521,"median":0.0115974601358,"min":-1.77065443993,"var":5.73233318329},"erbbands_skewness":{"dmean":0.33426913619,"dmean2":0.514170527458,"dvar":0.0995482355356,"dvar2":0.206458315253,"max":5.68412828445,"mean":0.250518888235,"median":0.197167903185,"min":-4.88314723969,"var":0.586371183395},"erbbands_spread":{"dmean":5.94724798203,"dmean2":9.17505741119,"dvar":39.5858650208,"dvar2":88.543762207,"max":134.161468506,"mean":29.8688907623,"median":28.610408783,"min":1.76816058159,"var":136.845565796},"gfcc":{"cov":[[28086.4511719,-216.412033081,-2068.48950195,558.269592285,-340.031311035,-286.384063721,252.289306641,-116.658737183,344.65423584,180.510406494,126.795387268,364.441558838,-174.585830688],[-216.412033081,1139.46862793,64.8100280762,-318.099029541,108.683311462,-78.7727966309,17.2434597015,-81.5992126465,-2.97504925728,-56.2482414246,8.48344516754,-148.944091797,87.9979248047],[-2068.48950195,64.8100280762,544.128112793,73.5035476685,-64.8131866455,174.953277588,-86.1669845581,84.8629989624,-76.0652618408,16.0543460846,-33.4171791077,-28.6671524048,4.41643095016],[558.269592285,-318.099029541,73.5035476685,410.854370117,77.2871704102,8.40799045563,79.2698822021,54.4866638184,-45.6429176331,7.6163687706,2.12297010422,48.1292953491,-28.6864833832],[-340.031311035,108.683311462,-64.8131866455,77.2871704102,239.055236816,-11.5490455627,94.4315338135,-17.9706726074,10.3610143661,-29.304309845,18.45429039,-16.206029892,18.927728653],[-286.384063721,-78.7727966309,174.953277588,8.40799045563,-11.5490455627,229.223526001,-32.5307846069,57.7009010315,-24.9065761566,22.7988929749,-18.7730846405,13.9986696243,-3.37458610535],[252.289306641,17.2434597015,-86.1669845581,79.2698822021,94.4315338135,-32.5307846069,166.41368103,9.76375293732,33.1144981384,-7.22185325623,23.5691490173,19.4505615234,6.28464031219],[-116.658737183,-81.5992126465,84.8629989624,54.4866638184,-17.9706726074,57.7009010315,9.76375293732,132.005111694,15.4385099411,32.1442909241,6.34247159958,2.91961860657,11.6225557327],[344.65423584,-2.97504925728,-76.0652618408,-45.6429176331,10.3610143661,-24.9065761566,33.1144981384,15.4385099411,141.943527222,51.8597831726,27.2134895325,31.038684845,-7.78722572327],[180.510406494,-56.2482414246,16.0543460846,7.6163687706,-29.304309845,22.7988929749,-7.22185325623,32.1442909241,51.8597831726,76.9819488525,34.2603187561,21.1027946472,5.08464288712],[126.795387268,8.48344516754,-33.4171791077,2.12297010422,18.45429039,-18.7730846405,23.5691490173,6.34247159958,27.2134895325,34.2603187561,65.1247787476,39.1620407104,22.3415927887],[364.441558838,-148.944091797,-28.6671524048,48.1292953491,-16.206029892,13.9986696243,19.4505615234,2.91961860657,31.038684845,21.1027946472,39.1620407104,100.819030762,15.705739975],[-174.585830688,87.9979248047,4.41643095016,-28.6864833832,18.927728653,-3.37458610535,6.28464031219,11.6225557327,-7.78722572327,5.08464288712,22.3415927887,15.705739975,73.7579269409]],"icov":[[0.000116651935969,-0.000394758535549,0.000841656932607,-0.000724750687368,0.000638099561911,-0.000503657734953,0.00023055676138,-0.0000723364937585,-0.00016140214575,-0.000085372448666,0.0000806015668786,-0.000291564123472,0.000246293144301],[-0.000394758535549,0.00355634721927,-0.00388808478601,0.00357436854392,-0.00238940143026,0.00190111261327,-0.00165684253443,0.00169849430677,-0.000736514164601,0.00227478495799,-0.00278749573044,0.00485521042719,-0.00340477493592],[0.000841656932607,-0.00388808478601,0.00976790860295,-0.0070550176315,0.00584730971605,-0.00613634241745,0.00327739561908,-0.00170617725234,-0.000724275421817,-0.000571815937292,0.000680395576637,-0.00160428532399,0.00160896021407],[-0.000724750687368,0.00357436854392,-0.0070550176315,0.0116579569876,-0.00854517053813,0.00700687756762,-0.0041527771391,-0.00235431361943,0.00733644235879,-0.00626201927662,0.00508755492046,-0.00451484462246,0.00284144282341],[0.000638099561911,-0.00238940143026,0.00584730971605,-0.00854517053813,0.013570827432,-0.00728980032727,-0.000561941007618,0.00310195074417,-0.00727507518604,0.00935696158558,-0.00866964459419,0.00737826526165,-0.00392761174589],[-0.000503657734953,0.00190111261327,-0.00613634241745,0.00700687756762,-0.00728980032727,0.0118449507281,-0.00148077425547,-0.00353458104655,0.00666935741901,-0.00835436116904,0.00850508082658,-0.00695091113448,0.00291199865751],[0.00023055676138,-0.00165684253443,0.00327739561908,-0.0041527771391,-0.000561941007618,-0.00148077425547,0.0109187569469,-0.00184320413973,-0.00329456850886,0.00358950928785,-0.00244671409018,-0.00117600231897,0.000543884525541],[-0.0000723364937585,0.00169849430677,-0.00170617725234,-0.00235431361943,0.00310195074417,-0.00353458104655,-0.00184320413973,0.013413050212,-0.00555846933275,0.00264795706607,-0.0053234458901,0.00867024902254,-0.00692851282656],[-0.00016140214575,-0.000736514164601,-0.000724275421817,0.00733644235879,-0.00727507518604,0.00666935741901,-0.00329456850886,-0.00555846933275,0.0209570843726,-0.019878404215,0.0124332271516,-0.0141194649041,0.00954548362643],[-0.000085372448666,0.00227478495799,-0.000571815937292,-0.00626201927662,0.00935696158558,-0.00835436116904,0.00358950928785,0.00264795706607,-0.019878404215,0.0426924265921,-0.0288301091641,0.018175939098,-0.00900315120816],[0.0000806015668786,-0.00278749573044,0.000680395576637,0.00508755492046,-0.00866964459419,0.00850508082658,-0.00244671409018,-0.0053234458901,0.0124332271516,-0.0288301091641,0.0455387495458,-0.0246792268008,0.00387700577267],[-0.000291564123472,0.00485521042719,-0.00160428532399,-0.00451484462246,0.00737826526165,-0.00695091113448,-0.00117600231897,0.00867024902254,-0.0141194649041,0.018175939098,-0.0246792268008,0.0343116335571,-0.0141945034266],[0.000246293144301,-0.00340477493592,0.00160896021407,0.00284144282341,-0.00392761174589,0.00291199865751,0.000543884525541,-0.00692851282656,0.00954548362643,-0.00900315120816,0.00387700577267,-0.0141945034266,0.0248749032617]],"mean":[-14.8446178436,96.1864929199,-82.9030151367,-5.30614805222,-13.6957540512,-11.6557159424,-6.56711673737,-16.1175632477,2.2939658165,-2.7913069725,-2.42117547989,-4.36503839493,-5.58529567719]},"hfc":{"dmean":40.6749687195,"dmean2":63.9840393066,"dvar":2478.68041992,"dvar2":6235.70068359,"max":1098.73962402,"mean":174.355407715,"median":138.740768433,"min":1.07752100159e-16,"var":21497.1972656},"melbands":{"dmean":[0.00327524333261,0.00122527172789,0.000737268070225,0.000351312104613,0.000353324168827,0.000371181522496,0.000218583649257,0.000178772810614,0.000122497891425,0.000125411039335,0.0000840107895783,0.0000681817327859,0.0000594748889853,0.0000370673624275,0.000039283924707,0.0000553119025426,0.0000341252598446,0.0000310039758915,0.000034736469388,0.0000178669670277,0.0000108913645818,0.0000107029145511,0.00000925030690269,0.00000740254472475,0.00000574479236093,0.00000463229253,0.00000319763285006,0.00000262198977907,0.00000198811903829,0.00000135385198519,9.01291400623e-7,6.23842083769e-7,5.12447059009e-7,4.29034002991e-7,3.37180097176e-7,3.16129018074e-7,2.7439148198e-7,1.83841976309e-7,9.26577712335e-8,3.23474154129e-8],"dmean2":[0.00522841885686,0.00202826596797,0.0012103933841,0.00057742750505,0.000571149401367,0.000582415144891,0.000356401753379,0.000295680278214,0.000198187175556,0.000203283561859,0.000134827248985,0.000111866167572,0.0000964060163824,0.000060756898165,0.0000651577720419,0.0000912861796678,0.0000571602140553,0.0000515226201969,0.0000579317384108,0.0000294419314741,0.0000179728031071,0.0000172095951712,0.000014587089936,0.0000115882012324,0.00000890814044396,0.00000734127479518,0.00000503501405547,0.00000404905858886,0.00000309224355988,0.00000211919837056,0.00000140996439768,9.6266444416e-7,7.89427303971e-7,6.52985534089e-7,5.0585703093e-7,4.79380162233e-7,4.07369469713e-7,2.7020178095e-7,1.37648015652e-7,5.21485254978e-8],"dvar":[0.0000358457145921,0.00000411114478993,0.00000189845718523,4.41562548303e-7,4.70749085935e-7,5.56590805445e-7,1.34736907853e-7,1.2963320728e-7,7.58322187266e-8,7.04660649831e-8,3.38661934052e-8,2.78468750281e-8,2.39298589833e-8,4.95609775442e-9,5.70597258331e-9,1.32577797629e-8,4.15641343565e-9,2.94603319517e-9,4.12029299568e-9,1.12387188445e-9,4.90139873133e-10,6.33780639081e-10,1.0820253582e-9,6.11161288244e-10,3.23225252119e-10,2.00506430903e-10,7.09193814785e-11,3.62489413486e-11,2.22589117277e-11,1.2562183932e-11,4.49423527907e-12,1.94791687121e-12,1.23304318145e-12,8.2143412081e-13,5.0917175207e-13,5.82496561836e-13,4.28635236029e-13,2.28266786983e-13,4.64827490192e-14,3.04378219101e-15],"dvar2":[0.0000883086177055,0.0000107382384158,0.00000487990564579,0.00000109379311652,0.00000116050659926,0.00000133002640723,3.43093120136e-7,3.46617952118e-7,1.86205056707e-7,1.66105323274e-7,8.05408078008e-8,7.36057614859e-8,5.93631668266e-8,1.24765771048e-8,1.46912100263e-8,3.20674899967e-8,1.1256891419e-8,7.89309861915e-9,1.10476827686e-8,2.7875473041e-9,1.24758570141e-9,1.48278067602e-9,2.34213826111e-9,1.30384913977e-9,6.64528099215e-10,4.6643916507e-10,1.65605057445e-10,7.86455622848e-11,4.97728594451e-11,3.13766235216e-11,1.02183513387e-11,4.31630469214e-12,2.79460504217e-12,1.85056744234e-12,1.09025386375e-12,1.26977736051e-12,8.61968428491e-13,4.78196041792e-13,9.09807101076e-14,7.18511028805e-15],"max":[0.0982547327876,0.0343077927828,0.0329380258918,0.0165782496333,0.0142467552796,0.0168654732406,0.00920678954571,0.00937894545496,0.00710041727871,0.00717780599371,0.00494741648436,0.00423265155405,0.00517446454614,0.00195783027448,0.00146702246275,0.00346282753162,0.00144325988367,0.00133303285111,0.00151864241343,0.00071511551505,0.000631680770312,0.000676870171446,0.000755096320063,0.000785410928074,0.000755088112783,0.000607477442827,0.000216926564462,0.000146886202856,0.000107608604594,0.000141331503983,0.0000786673845141,0.0000425834477937,0.0000359221885446,0.0000280558779195,0.000018347222067,0.0000227884829656,0.0000186811521417,0.000018642465875,0.00000729264320398,0.000001481684194],"mean":[0.00491487095132,0.00185144145507,0.001147815492,0.000534055172466,0.000609964190517,0.000663784565404,0.000402374571422,0.000290960044367,0.000208832410863,0.000213272389374,0.000132746223244,0.000105024315417,0.0000981663906714,0.00006284583651,0.0000669372529956,0.0000987548046396,0.0000645993713988,0.0000594695084146,0.0000640506987111,0.000034349373891,0.0000206742206501,0.0000190297923837,0.0000153072014655,0.0000125498954731,0.0000101103350971,0.00000832180376165,0.00000591597836319,0.00000504321906192,0.00000378359982278,0.00000257465808318,0.0000018827462327,0.00000140553174788,0.00000114429258247,9.37328763939e-7,7.47179285554e-7,6.98791552622e-7,5.88874286223e-7,3.58310757065e-7,1.62606738741e-7,4.23836326036e-8],"median":[0.0024291917216,0.00112045113929,0.000561042688787,0.000293501798296,0.000276269594906,0.000295597623335,0.000194719061255,0.000111495362944,0.0000816807660158,0.0000917899160413,0.0000631518632872,0.0000423372293881,0.0000366239401046,0.0000305806534016,0.0000327420275426,0.0000412852787122,0.0000292123040708,0.0000288285500574,0.0000294637193292,0.0000157457907335,0.00000870041549206,0.00000653124516248,0.0000039986862248,0.00000336610628437,0.0000031098393265,0.00000272699639936,0.00000192937886823,0.00000151141716742,0.00000113270073143,7.58906367082e-7,5.26618237018e-7,3.85470684705e-7,2.96929044907e-7,2.22606900024e-7,1.68887936525e-7,1.3328005366e-7,8.18737291297e-8,4.80635691247e-8,2.85869745653e-8,1.49347165745e-8],"min":[9.08506649855e-25,2.77180626457e-25,6.96795907201e-25,1.03478355926e-24,1.75023208256e-24,1.24236264292e-24,1.6389583215e-24,2.14303432627e-24,8.43617022551e-25,2.46697354889e-24,1.78742549374e-24,2.01017673919e-24,2.6222765953e-24,2.04651857502e-24,1.26541956807e-24,1.924634832e-24,1.42808603938e-24,3.34860804644e-24,3.23877040666e-24,3.2177817762e-24,4.23573222703e-24,3.42654079856e-24,4.56601921615e-24,4.46472947591e-24,4.25939726533e-24,5.37863469537e-24,5.00584348626e-24,4.46641882154e-24,4.63828439709e-24,5.16271991574e-24,4.75036536007e-24,5.17403809758e-24,4.13223919829e-24,5.00261743958e-24,5.07876776049e-24,4.45788452984e-24,6.16880589856e-24,6.12351542184e-24,6.07250097039e-24,7.09525242869e-24],"var":[0.0000488290279463,0.00000539272105016,0.00000348196863342,6.58322562685e-7,0.00000111621079668,0.00000122531673696,3.35319782607e-7,2.6667964903e-7,1.85104525485e-7,1.72403218812e-7,6.57489351852e-8,4.4874536087e-8,4.97987855397e-8,1.10907789619e-8,1.12109246331e-8,3.06186400678e-8,9.76289360466e-9,6.91284718357e-9,8.91553142424e-9,2.59862953378e-9,1.10749354132e-9,1.35456834638e-9,1.84896142841e-9,1.16394505145e-9,6.36083963279e-10,3.5179695268e-10,1.5172957335e-10,9.61365501095e-11,5.14675489727e-11,2.36773812362e-11,1.31031617848e-11,6.70193848334e-12,4.30042026295e-12,2.97212623436e-12,1.83633208466e-12,1.87142532374e-12,1.58330043954e-12,6.76530934138e-13,1.41456548623e-13,6.13221191219e-15]},"melbands_crest":{"dmean":4.36499404907,"dmean2":7.01669931412,"dvar":15.7888422012,"dvar2":38.3267211914,"max":38.6753044128,"mean":16.7754650116,"median":15.6353054047,"min":1.60322105885,"var":53.408367157},"melbands_flatness_db":{"dmean":0.0313406027853,"dmean2":0.0484504103661,"dvar":0.000822358357254,"dvar2":0.00194055936299,"max":0.590530693531,"mean":0.249025657773,"median":0.250299036503,"min":0.0012822705321,"var":0.00612076744437},"melbands_kurtosis":{"dmean":9.0399274826,"dmean2":14.5899953842,"dvar":785.400146484,"dvar2":2076.64526367,"max":1492.05688477,"mean":14.8866901398,"median":6.41160774231,"min":-1.90439367294,"var":956.757629395},"melbands_skewness":{"dmean":0.825703620911,"dmean2":1.28363716602,"dvar":0.995569109917,"dvar2":2.36965990067,"max":33.0164756775,"mean":2.68444180489,"median":2.21945810318,"min":-1.92396104336,"var":3.44180989265},"melbands_spread":{"dmean":5.19513177872,"dmean2":8.07514762878,"dvar":54.7019386292,"dvar2":109.052566528,"max":164.308944702,"mean":18.655330658,"median":14.5332164764,"min":0.36376991868,"var":350.64666748},"mfcc":{"cov":[[13135.7197266,146.574020386,-1123.16918945,595.328674316,-403.553863525,189.944366455,-271.443786621,224.589599609,-162.895599365,333.735534668,-86.9222488403,266.393066406,32.4425849915],[146.574020386,1634.79504395,-59.5094337463,-155.638473511,14.299788475,-13.9570817947,-0.549562036991,-98.8725814819,46.7673835754,-1.88516187668,34.4803543091,-79.2937850952,49.4472427368],[-1123.16918945,-59.5094337463,613.576171875,-118.709571838,95.4864196777,-7.01323413849,50.7432289124,-19.8854160309,24.9543609619,-11.2073087692,13.3912639618,-24.0691699982,-12.6321678162],[595.328674316,-155.638473511,-118.709571838,424.208740234,-5.21326446533,21.0311756134,76.2599258423,55.557144165,-13.7132635117,25.260974884,-19.0660934448,18.0720863342,-4.55437612534],[-403.553863525,14.299788475,95.4864196777,-5.21326446533,156.272079468,31.3496627808,50.590007782,5.63704919815,29.7085514069,-18.5768203735,15.3534517288,-0.602253496647,0.0222018025815],[189.944366455,-13.9570817947,-7.01323413849,21.0311756134,31.3496627808,134.527435303,27.0743541718,36.4336929321,-2.17297840118,3.78383374214,-8.74594306946,12.8343715668,7.05269098282],[-271.443786621,-0.549562036991,50.7432289124,76.2599258423,50.590007782,27.0743541718,164.610916138,34.1201477051,23.7719936371,-11.4219779968,-12.2004480362,-27.4965724945,0.82970303297],[224.589599609,-98.8725814819,-19.8854160309,55.557144165,5.63704919815,36.4336929321,34.1201477051,95.8245315552,24.1498680115,5.79147577286,0.0742128938437,23.6215896606,3.20658111572],[-162.895599365,46.7673835754,24.9543609619,-13.7132635117,29.7085514069,-2.17297840118,23.7719936371,24.1498680115,74.80884552,18.9280281067,23.3535346985,2.33540725708,9.93134784698],[333.735534668,-1.88516187668,-11.2073087692,25.260974884,-18.5768203735,3.78383374214,-11.4219779968,5.79147577286,18.9280281067,84.4676589966,28.4122753143,11.4202003479,-1.71293580532],[-86.9222488403,34.4803543091,13.3912639618,-19.0660934448,15.3534517288,-8.74594306946,-12.2004480362,0.0742128938437,23.3535346985,28.4122753143,69.8550567627,27.5154972076,13.8057641983],[266.393066406,-79.2937850952,-24.0691699982,18.0720863342,-0.602253496647,12.8343715668,-27.4965724945,23.6215896606,2.33540725708,11.4202003479,27.5154972076,74.0378189087,22.5439224243],[32.4425849915,49.4472427368,-12.6321678162,-4.55437612534,0.0222018025815,7.05269098282,0.82970303297,3.20658111572,9.93134784698,-1.71293580532,13.8057641983,22.5439224243,56.4079055786]],"icov":[[0.000134130299557,-0.000074137642514,0.000143222234328,-0.0000707221843186,0.00005897831943,-0.0000458750255348,0.00012967865041,-0.000286977825454,0.000321667030221,-0.000609469832852,0.000473766820505,-0.000449168990599,0.0000227465297939],[-0.000074137642514,0.000824998889584,0.000107401341666,0.000188927006093,-0.0000152978718688,-0.000220825226279,-0.0000723315461073,0.000891849573236,-0.000726047845092,0.000435615918832,-0.00081550196046,0.00139232061338,-0.000879069906659],[0.000143222234328,0.000107401341666,0.00219395966269,0.000611963740084,-0.00101619120687,0.000215181629756,-0.00057747203391,0.000075922733231,0.000298383558402,-0.000914373260457,0.000314856530167,-0.000184740536497,0.000258356303675],[-0.0000707221843186,0.000188927006093,0.000611963740084,0.00336488941684,-0.000419564574258,0.000595636316575,-0.00201154057868,-0.000993916764855,0.00138206838164,-0.00144801056013,0.000887298432644,-0.00089786836179,0.000149942032294],[0.00005897831943,-0.0000152978718688,-0.00101619120687,-0.000419564574258,0.00971780624241,-0.00282790930942,-0.00197254586965,0.00210321042687,-0.00387756549753,0.00361052737571,-0.00271810428239,-0.00131185818464,0.00195913319476],[-0.0000458750255348,-0.000220825226279,0.000215181629756,0.000595636316575,-0.00282790930942,0.0097747547552,-0.000957391574048,-0.00391927594319,0.00307015934959,-0.00229318626225,0.00252089207061,-0.00122099102009,-0.00140709115658],[0.00012967865041,-0.0000723315461073,-0.00057747203391,-0.00201154057868,-0.00197254586965,-0.000957391574048,0.00997043028474,-0.00326760858297,-0.00139381166082,0.000636300886981,0.000431060645496,0.00504983449355,-0.00200232653879],[-0.000286977825454,0.000891849573236,0.000075922733231,-0.000993916764855,0.00210321042687,-0.00391927594319,-0.00326760858297,0.0182473063469,-0.00821725651622,0.00280162668787,0.000563866924495,-0.0051592187956,0.00227573560551],[0.000321667030221,-0.000726047845092,0.000298383558402,0.00138206838164,-0.00387756549753,0.00307015934959,-0.00139381166082,-0.00821725651622,0.0223265159875,-0.00668611843139,-0.00266589829698,0.00172949966509,-0.00343750114553],[-0.000609469832852,0.000435615918832,-0.000914373260457,-0.00144801056013,0.00361052737571,-0.00229318626225,0.000636300886981,0.00280162668787,-0.00668611843139,0.0197918768972,-0.0094532771036,0.00225693825632,0.00295353494585],[0.000473766820505,-0.00081550196046,0.000314856530167,0.000887298432644,-0.00271810428239,0.00252089207061,0.000431060645496,0.000563866924495,-0.00266589829698,-0.0094532771036,0.0257490240037,-0.0107087492943,-0.00160786998458],[-0.000449168990599,0.00139232061338,-0.000184740536497,-0.00089786836179,-0.00131185818464,-0.00122099102009,0.00504983449355,-0.0051592187956,0.00172949966509,0.00225693825632,-0.0107087492943,0.026825144887,-0.00903977733105],[0.0000227465297939,-0.000879069906659,0.000258356303675,0.000149942032294,0.00195913319476,-0.00140709115658,-0.00200232653879,0.00227573560551,-0.00343750114553,0.00295353494585,-0.00160786998458,-0.00903977733105,0.0233319867402]],"mean":[-671.746826172,158.39175415,-8.66556549072,23.1130084991,5.15644359589,16.7449550629,-2.16632509232,2.35300087929,-1.4975246191,10.5334644318,-0.0470051728189,3.35612535477,-0.177718773484]},"pitch_salience":{"dmean":0.0772546306252,"dmean2":0.124627783895,"dvar":0.00479775806889,"dvar2":0.0119908219203,"max":0.954633653164,"mean":0.546767234802,"median":0.563464045525,"min":0.0539020076394,"var":0.016215769574},"silence_rate_20dB":{"dmean":0,"dmean2":0,"dvar":0,"dvar2":0,"max":1,"mean":1,"median":1,"min":1,"var":0},"silence_rate_30dB":{"dmean":0.0514311678708,"dmean2":0.10287168622,"dvar":0.0487860031426,"dvar2":0.108646787703,"max":1,"mean":0.951117575169,"median":1,"min":0,"var":0.046492934227},"silence_rate_60dB":{"dmean":0.00617900956422,"dmean2":0.0123591423035,"dvar":0.00614082952961,"dvar2":0.0140239149332,"max":1,"mean":0.060421589762,"median":0,"min":0,"var":0.0567708201706},"spectral_centroid":{"dmean":181.978668213,"dmean2":273.008331299,"dvar":67601.0703125,"dvar2":121706.710938,"max":11757.3369141,"mean":1105.22680664,"median":878.507324219,"min":142.155548096,"var":1418289.75},"spectral_complexity":{"dmean":3.43044066429,"dmean2":5.36550331116,"dvar":14.461063385,"dvar2":30.1174068451,"max":62,"mean":21.0081768036,"median":20,"min":0,"var":151.333572388},"spectral_contrast_coeffs":{"dmean":[0.0529555715621,0.0479910820723,0.0372413657606,0.0270644575357,0.0209593996406,0.0304943528026],"dmean2":[0.0879693627357,0.0801822766662,0.0617364607751,0.0454663038254,0.0343149490654,0.0480741262436],"dvar":[0.0017409005668,0.001404544455,0.000890120514669,0.000460694660433,0.000332502240781,0.000854366691783],"dvar2":[0.00473168399185,0.00382980518043,0.00244828267023,0.00125609186944,0.000868476461619,0.00207105022855],"max":[-0.394523322582,-0.454179406166,-0.503097891808,-0.5908665061,-0.6789727211,-0.471361935139],"mean":[-0.703624904156,-0.760098874569,-0.804841279984,-0.812299728394,-0.828116774559,-0.762798309326],"median":[-0.70950704813,-0.763117790222,-0.810068249702,-0.813057422638,-0.825371384621,-0.762751281261],"min":[-0.978419184685,-0.980841815472,-0.978735923767,-0.972362756729,-0.968197822571,-0.964295804501],"var":[0.00669374968857,0.0043731010519,0.00312425685115,0.00178194628097,0.00134903239086,0.00518043665215]},"spectral_contrast_valleys":{"dmean":[0.393686562777,0.349241614342,0.312828540802,0.249104231596,0.298961400986,0.514079034328],"dmean2":[0.645667612553,0.575900197029,0.508893311024,0.402260959148,0.451519727707,0.79519033432],"dvar":[0.122414395213,0.10096783191,0.0936484262347,0.0760705769062,0.129105970263,0.241278067231],"dvar2":[0.292492479086,0.237252876163,0.211820080876,0.161171302199,0.267147809267,0.577669978142],"max":[-4.94742870331,-4.46890830994,-5.27741384506,-5.40669775009,-5.43457555771,-8.51331424713],"mean":[-7.02766942978,-6.62816429138,-7.24395227432,-7.46309328079,-7.98560714722,-11.1036634445],"median":[-6.57840061188,-6.22256088257,-6.80398178101,-6.99104785919,-7.5123295784,-10.7605648041],"min":[-28.3596630096,-27.9591026306,-27.9326343536,-27.8794879913,-27.5672473907,-27.4048080444],"var":[5.86835575104,6.03940963745,5.73926877975,5.78467226028,5.98806381226,4.32981014252]},"spectral_decrease":{"dmean":3.89936349876e-9,"dmean2":6.06520611512e-9,"dvar":3.19988798091e-17,"dvar2":7.27749863329e-17,"max":6.15663520165e-9,"mean":-8.32009483531e-9,"median":-6.56425447332e-9,"min":-9.18549858397e-8,"var":6.38517456965e-17},"spectral_energy":{"dmean":0.0148779721931,"dmean2":0.0231550019234,"dvar":0.000448472128483,"dvar2":0.00103105499875,"max":0.351350724697,"mean":0.0472165197134,"median":0.0439032688737,"min":9.79930821771e-21,"var":0.00121126591694},"spectral_energyband_high":{"dmean":0.000242813723162,"dmean2":0.000338919489877,"dvar":2.28502955224e-7,"dvar2":4.017605022e-7,"max":0.0119979288429,"mean":0.000845741829835,"median":0.000377599615604,"min":6.97995518829e-21,"var":0.00000142349063026},"spectral_energyband_low":{"dmean":0.0122601017356,"dmean2":0.0192576628178,"dvar":0.000410104606999,"dvar2":0.000958941236604,"max":0.336237609386,"mean":0.021006597206,"median":0.01310961321,"min":1.31124183565e-23,"var":0.000635747041088},"spectral_energyband_middle_high":{"dmean":0.0017266535433,"dmean2":0.00270040822215,"dvar":0.00000695808421369,"dvar2":0.0000166457375599,"max":0.0494037158787,"mean":0.00561509421095,"median":0.00345912296325,"min":1.15704664971e-21,"var":0.0000365749256162},"spectral_energyband_middle_low":{"dmean":0.00477534346282,"dmean2":0.00763517897576,"dvar":0.0000424265308538,"dvar2":0.000104647813714,"max":0.107094250619,"mean":0.0131527641788,"median":0.00967470835894,"min":1.42643002707e-22,"var":0.000151329746586},"spectral_entropy":{"dmean":0.166145637631,"dmean2":0.253182411194,"dvar":0.0290958471596,"dvar2":0.0649249106646,"max":9.82625961304,"mean":7.49787092209,"median":7.560090065,"min":5.26932477951,"var":0.241085827351},"spectral_flux":{"dmean":0.0259765461087,"dmean2":0.0422285683453,"dvar":0.000975377799477,"dvar2":0.00235239975154,"max":0.454132795334,"mean":0.11066711694,"median":0.109750524163,"min":6.46740785926e-11,"var":0.00319735892117},"spectral_kurtosis":{"dmean":4.93605327606,"dmean2":7.51083946228,"dvar":55.4725189209,"dvar2":143.460617065,"max":157.065490723,"mean":18.9839477539,"median":15.6469907761,"min":-1.26859200001,"var":171.137374878},"spectral_rms":{"dmean":0.000981071963906,"dmean2":0.00150161690544,"dvar":0.00000129148736505,"dvar2":0.00000278206971416,"max":0.0185143519193,"mean":0.00622082408518,"median":0.00654465053231,"min":3.09197350883e-12,"var":0.00000736624497222},"spectral_rolloff":{"dmean":4372.21484375,"dmean2":8309.15136719,"dvar":56055188,"dvar2":130831064,"max":22028.4667969,"mean":12309.5224609,"median":19702.8808594,"min":43.06640625,"var":96466984},"spectral_skewness":{"dmean":0.37175449729,"dmean2":0.559673666954,"dvar":0.212783977389,"dvar2":0.519045233727,"max":9.93154716492,"mean":2.98530697823,"median":2.75920438766,"min":-0.0857416689396,"var":1.07832682133},"spectral_spread":{"dmean":521976.9375,"dmean2":788940.9375,"dvar":468338540544,"dvar2":1019875885060,"max":50711160,"mean":4507147.5,"median":4058098.5,"min":1119056.375,"var":15784511275000},"spectral_strongpeak":{"dmean":3.39477586746,"dmean2":6.3929772377,"dvar":185.38117981,"dvar2":493.643890381,"max":158.531921387,"mean":2.94150543213,"median":0.277158558369,"min":0,"var":182.077484131},"zerocrossingrate":{"dmean":0.0395774021745,"dmean2":0.0493308715522,"dvar":0.00123793852981,"dvar2":0.00186395074707,"max":0.6689453125,"mean":0.264602601528,"median":0.25537109375,"min":0.01318359375,"var":0.00994186289608}},"metadata":{"audio_properties":{"analysis_sample_rate":44100,"bit_rate":179485,"codec":"mp3","downmix":"mix","equal_loudness":0,"length":255.529800415,"lossless":false,"md5_encoded":"e8e99fa3e3bae1ae778e4ffe7d4aa32d","replay_gain":-0.726959228516,"sample_rate":44100},"tags":{"acoustid_id":["21428df8-4293-4006-a386-abe546a6ecf0"],"album":["Day & Age"],"albumartist":["The Killers"],"artist":["The Killers"],"date":["2008"],"discnumber":["1/1"],"file_name":"01 - The Killers - Losing Touch.mp3","musicbrainz_albumartistid":["95e1ead9-4d31-4808-a7ac-32c3614c116b"],"musicbrainz_albumid":["346e8862-a20e-3eca-a1f8-fd6d5db99c74"],"musicbrainz_artistid":["95e1ead9-4d31-4808-a7ac-32c3614c116b"],"musicbrainz_recordingid":["12b63329-3ff6-4940-8bbd-05a589384f6a"],"musicbrainz_releasegroupid":["485b458c-7b4f-38c4-a113-aa4ea29c3d6d"],"replaygain_album_gain":["+0.66 dB"],"replaygain_album_peak":["0.366483"],"replaygain_track_gain":["-0.46 dB"],"replaygain_track_peak":["0.366483"],"title":["Losing Touch"],"tracknumber":["1/10"]},"version":{"essentia":"2.1-beta1","essentia_build_sha":"e76a03f03bb3900de42a1fa0d9be1e72f12def64","essentia_git_sha":"v2.1_beta1-28-g21ef5f4-dirty","extractor":"music 1.0"}},"rhythm":{"beats_count":506,"beats_loudness":{"dmean":0.0238985307515,"dmean2":0.0412943698466,"dvar":0.000650236965157,"dvar2":0.00189990515355,"max":0.204103022814,"mean":0.0535660125315,"median":0.051182501018,"min":0,"var":0.00122607278172},"beats_loudness_band_ratio":{"dmean":[0.199789762497,0.092656083405,0.0782750099897,0.047262724489,0.0237149726599,0.0818509161472],"dmean2":[0.349721342325,0.163719832897,0.138828381896,0.0851148217916,0.0405247956514,0.139883339405],"dvar":[0.0239261295646,0.00980331469327,0.00770627195016,0.00285516679287,0.000613319047261,0.00547591783106],"dvar2":[0.0708266273141,0.0267373993993,0.0219397507608,0.00792284589261,0.00171425007284,0.0154828196391],"max":[0.987657904625,0.664335906506,0.766781747341,0.46279117465,0.188343733549,0.705528974533],"mean":[0.492789119482