{"lowlevel":{"average_loudness":0.928664088249,"barkbands":{"dmean":[0.0001697842672,0.00695181638002,0.00277899904177,0.001791674993,0.00269108777866,0.000881546118762,0.000581187021453,0.000372944166884,0.00029099258245,0.00017624492466,0.000234736289713,0.000268810254056,0.000315185956424,0.000242625348619,0.000263194466243,0.000269249867415,0.000205624921364,0.000309807481244,0.000122861500131,0.000146715756273,0.000144744306454,0.000189853119082,0.000155540794367,0.0000975732109509,0.0000628275302006,0.0000625601387583,0.0000262428329734],"dmean2":[0.000260738073848,0.0101958941668,0.00507686752826,0.00271672522649,0.00404291646555,0.00143690255936,0.000920079182833,0.000585569418035,0.000440746487584,0.000276642938843,0.000367241707863,0.000419512565713,0.000505553267431,0.000383097911254,0.000416478898842,0.000427013757871,0.000323720247252,0.000485120224766,0.000199152171263,0.000230644218391,0.000224854025873,0.000272864737781,0.00022009651002,0.000137827024446,0.0000813171209302,0.0000801087371656,0.0000342227176588],"dvar":[1.80171568331e-7,0.000290954107186,0.0000623667074251,0.0000173943753907,0.0000465827979497,0.00000196632254301,0.00000156759324454,5.81987592341e-7,3.80556457458e-7,1.21428925581e-7,3.49143022049e-7,4.77017863432e-7,4.3000579808e-7,3.81714244213e-7,2.51041370802e-7,1.66654416489e-7,1.49294692164e-7,2.99998418996e-7,8.77576695757e-8,1.15203668827e-7,1.44003038827e-7,2.34567011148e-7,1.86671854863e-7,1.33257813673e-7,1.61098725471e-8,1.12424567433e-8,1.93581239927e-9],"dvar2":[3.96306944594e-7,0.000606098095886,0.000177190537215,0.0000372810100089,0.0000989036634564,0.00000474036505693,0.00000358994043381,0.00000136270364237,8.09251616829e-7,2.53850998888e-7,7.39700794838e-7,0.000001126680786,9.41488735862e-7,7.91663467226e-7,5.520237778e-7,3.84194379421e-7,3.42074571336e-7,7.00357020378e-7,2.23812321565e-7,2.93935414675e-7,3.44678142028e-7,4.92406172725e-7,3.87052892847e-7,2.45141023925e-7,2.90289463578e-8,2.2147519374e-8,3.92149068773e-9],"max":[0.00276459287852,0.142813041806,0.0600984059274,0.052008766681,0.0718134716153,0.0254892781377,0.0315204560757,0.0189933031797,0.0145130380988,0.0103134773672,0.0194640606642,0.0156292561442,0.0247566625476,0.0245539043099,0.0164608322084,0.0109259150922,0.010027911514,0.0166457034647,0.00802995450795,0.00864324532449,0.00856180116534,0.0117476135492,0.015049428679,0.0209243185818,0.00404539890587,0.00142614042852,0.000414489215473],"mean":[0.000144989491673,0.00663194339722,0.00216598296538,0.001989207929,0.00343637727201,0.00157119240612,0.00089554610895,0.0006602985668,0.000534676772077,0.00031435067649,0.000396538467612,0.000494827050716,0.000571352604311,0.000416811701143,0.000495850632433,0.000564672111068,0.000380315817893,0.000549292599317,0.000187397134141,0.000225102965487,0.000217864944716,0.000291842967272,0.000239605578827,0.000161553471116,0.000108645290311,0.0000992350323941,0.0000398357733502],"median":[0.00000478093716083,0.000429470615927,0.000492649851367,0.000478735688375,0.00125426612794,0.000907283916604,0.000413375382777,0.000337846286129,0.000247121817665,0.000135430935188,0.000171237959876,0.000278011109913,0.000346286396962,0.000198192836251,0.000277401471976,0.000391914858483,0.000185606535524,0.000272033852525,0.0000710629683454,0.0000723962511984,0.0000496761895192,0.0000484242627863,0.0000364431580238,0.0000299804341921,0.0000322381092701,0.000029265491321,0.00000949766126723],"min":[7.02486419729e-12,9.19650813835e-12,3.47009205225e-12,1.2736518654e-12,3.90674081627e-12,7.83849374297e-12,1.71733189735e-12,1.54741684418e-13,8.23493725467e-13,5.05782568605e-12,9.17406081657e-12,6.59609649886e-12,9.51851271414e-12,4.37685608243e-12,6.60975050734e-12,1.47414057957e-12,3.73537442297e-12,1.17118450355e-11,8.77331107069e-12,1.48539548717e-11,1.14019974018e-11,7.76536127067e-12,1.49862414145e-11,1.24392041806e-11,6.17725358712e-12,8.35956043971e-12,1.04945965113e-11],"var":[1.8223072118e-7,0.000326621084241,0.0000379184166377,0.0000222243925236,0.0000563151625101,0.00000469519272883,0.0000027010219128,0.00000116038677334,8.76652279658e-7,3.25929590872e-7,9.83817471933e-7,7.72708744989e-7,9.4479935342e-7,9.93881485556e-7,5.91972309394e-7,4.12100291669e-7,3.51350450956e-7,6.7018208938e-7,1.27306819309e-7,1.66377134292e-7,2.56404575794e-7,4.7501202971e-7,4.31768683029e-7,3.96689159743e-7,4.00675652656e-8,2.36955060018e-8,3.85579213003e-9]},"barkbands_crest":{"dmean":3.1849501133,"dmean2":4.80664348602,"dvar":11.1760072708,"dvar2":20.1213550568,"max":25.0502529144,"mean":8.56077003479,"median":6.99666595459,"min":2.14189052582,"var":22.82462883},"barkbands_flatness_db":{"dmean":0.0251015610993,"dmean2":0.036537989974,"dvar":0.000637814635411,"dvar2":0.00147144857328,"max":0.380506068468,"mean":0.0985744446516,"median":0.0936118885875,"min":0.013461577706,"var":0.0016426165821},"barkbands_kurtosis":{"dmean":3.18215847015,"dmean2":4.90046930313,"dvar":60.6150436401,"dvar2":123.162857056,"max":410.802490234,"mean":2.30700492859,"median":0.0912166833878,"min":-1.86127388477,"var":74.035949707},"barkbands_skewness":{"dmean":0.709780216217,"dmean2":1.0130918026,"dvar":0.843724012375,"dvar2":1.62916767597,"max":18.4144115448,"mean":1.10853075981,"median":0.896431922913,"min":-3.95530128479,"var":1.69480729103},"barkbands_spread":{"dmean":7.66380119324,"dmean2":11.5686969757,"dvar":67.1465377808,"dvar2":161.115722656,"max":124.509185791,"mean":29.4121322632,"median":26.3875465393,"min":0.689565241337,"var":249.279495239},"dissonance":{"dmean":0.0109839169309,"dmean2":0.0180919412524,"dvar":0.000143294440932,"dvar2":0.00036389415618,"max":0.500000238419,"mean":0.478031218052,"median":0.482735931873,"min":0.320030301809,"var":0.000326054432662},"dynamic_complexity":3.9804224968,"erbbands":{"dmean":[0.213615164161,1.62714755535,3.21168255806,4.19281864166,12.5000324249,4.84593582153,6.4472079277,7.85620498657,7.74982976913,8.74725532532,7.00217151642,6.93419790268,5.50192117691,5.72259807587,11.230424881,9.53868770599,13.964635849,12.2725963593,13.1155128479,12.4027662277,13.6797142029,10.8292789459,15.8517780304,8.95554065704,6.40090942383,6.90828180313,6.75166702271,5.25777816772,6.64684534073,5.90612316132,4.35467720032,2.37945008278,1.5996632576,0.832832455635,0.39264318347,0.276880800724,0.106275737286,0.0270048771054,0.00471091363579,0.00026238404098],"dmean2":[0.314828455448,2.48360013962,5.75024652481,6.85976076126,18.6319694519,7.39019441605,10.3794155121,12.8935089111,12.2275419235,14.0011310577,10.8019828796,10.5512132645,8.47227859497,8.76150512695,17.6923427582,14.7893781662,22.3044395447,18.8800354004,20.1533966064,19.6738681793,21.6452598572,16.7485733032,24.7537822723,14.2322378159,10.288895607,10.8754291534,10.5516347885,7.97211027145,9.65789222717,8.39462661743,6.28214073181,3.41017341614,2.26259016991,1.11460745335,0.498241573572,0.360697835684,0.140343606472,0.0351120829582,0.00618525501341,0.000342416868079],"dvar":[0.275274962187,16.7728748322,83.0814743042,67.052986145,1393.66247559,76.4900588989,129.006896973,190.54888916,257.568206787,347.923492432,266.848114014,220.699737549,140.527206421,122.668022156,839.638793945,588.343566895,747.048400879,838.869018555,650.093688965,505.255706787,421.002319336,430.365142822,849.390197754,323.927581787,256.537109375,273.928405762,294.49005127,202.809143066,302.807403564,265.861816406,156.973266602,74.7800827026,33.6348762512,4.03091716766,0.439192533493,0.218225955963,0.033697091043,0.00205591367558,0.0000638596102362,1.89890286606e-7],"dvar2":[0.53243714571,39.162525177,233.503158569,169.197311401,2928.62231445,171.262985229,321.054077148,458.828552246,594.711120605,824.14855957,572.582641602,475.173309326,292.504699707,262.693267822,1915.79943848,1316.73962402,1594.33215332,1579.96557617,1372.75537109,1171.16101074,967.695129395,985.564941406,1995.05371094,787.78125,667.394226074,707.665222168,720.89440918,467.751708984,641.758850098,586.679870605,333.37677002,137.898925781,64.9589614868,7.57893610001,0.750731348991,0.419249683619,0.0682950094342,0.00408721435815,0.000131388544105,3.89859025063e-7],"max":[3.84310984612,32.5386772156,62.3597183228,68.9937591553,404.166717529,98.934135437,214.428207397,317.589447021,476.151763916,621.450500488,531.397644043,417.038238525,378.307678223,338.093505859,979.833190918,642.981811523,1051.18786621,1382.08312988,763.358581543,661.837890625,467.564117432,681.568481445,966.694335938,505.741271973,393.144683838,496.7315979,404.752716064,348.708709717,439.296295166,470.519287109,382.805419922,520.740356445,285.02166748,63.8677597046,13.3728094101,7.46201372147,2.14599919319,0.692179322243,0.0796895772219,0.00386930909008],"mean":[0.201683238149,1.43788695335,2.58686923981,4.36916399002,13.4474458694,7.61021280289,10.8144073486,13.1418972015,13.116642952,14.1799669266,13.1668548584,13.0908327103,10.6383781433,10.8376560211,20.7386245728,19.1679840088,26.4194431305,23.6978435516,25.0878162384,26.761390686,29.5746517181,22.5574188232,29.8801631927,14.9734277725,9.83765029907,10.5212364197,10.3418292999,7.93821144104,10.076002121,8.75038146973,6.70695781708,3.83464574814,2.60848379135,1.41493785381,0.679641008377,0.447349727154,0.164229899645,0.0419649221003,0.00708309048787,0.000401321653044],"median":[0.0073454035446,0.119679257274,0.57194674015,1.38875794411,2.34302854538,4.08776330948,6.15841960907,7.02649259567,7.07339906693,7.32455730438,6.31323814392,6.44311714172,4.98838758469,4.58835411072,10.7542152405,11.1281690598,17.1766891479,13.4562969208,12.5720787048,17.7157516479,20.6328163147,12.1924991608,15.1447525024,6.92282342911,3.56201004982,3.48474287987,2.58853769302,1.57725524902,1.71030092239,1.27390599251,1.00888872147,0.661085128784,0.518230438232,0.371638208628,0.222231954336,0.136802554131,0.0465665757656,0.0113624772057,0.00166751327924,0.000111809124064],"min":[3.6325328856e-10,1.73532588299e-9,4.01119892857e-9,4.56492843526e-9,3.71977137981e-9,1.44929046542e-8,4.83278306262e-8,6.44022222218e-8,3.85750915655e-8,7.49149098311e-9,4.00110522492e-9,1.48060133043e-8,9.0076760273e-8,2.88988616148e-7,3.62159113365e-7,2.62534911144e-7,4.52988956567e-7,2.04686713801e-7,4.75236788589e-7,1.36970569997e-7,1.10742668369e-7,2.23880590511e-7,5.25678956365e-7,4.79250331864e-7,7.33506794859e-7,6.06954927207e-7,6.11914686033e-7,3.13418723863e-7,2.28069310992e-7,2.07883942949e-7,4.2598153982e-7,2.63105931708e-7,2.42594751398e-7,1.03663381879e-7,3.07267846722e-8,2.27616254733e-8,1.90318072413e-8,6.87354795303e-9,1.30082034033e-9,1.51598594789e-10],"var":[0.323948502541,16.1499557495,52.6248397827,63.9176597595,1645.79394531,113.137947083,232.782714844,448.748565674,480.247802734,638.171630859,569.252380371,492.121002197,368.310852051,349.091461182,1842.10144043,1035.03820801,1678.47070312,2344.35620117,1753.68054199,1262.32397461,1121.40917969,1073.74169922,2072.0546875,559.245178223,347.028381348,376.498596191,489.21496582,376.63885498,597.211975098,482.867828369,367.356628418,221.666000366,89.0341262817,9.87835407257,1.16552138329,0.475890517235,0.066502250731,0.00421623839065,0.000123812584206,3.63675468407e-7]},"erbbands_crest":{"dmean":2.13641452789,"dmean2":3.5115942955,"dvar":3.93882369995,"dvar2":9.72432041168,"max":28.5559444427,"mean":7.22754430771,"median":6.57035541534,"min":2.32610940933,"var":9.42545127869},"erbbands_flatness_db":{"dmean":0.0221710149199,"dmean2":0.0278230309486,"dvar":0.000574135337956,"dvar2":0.000934370444156,"max":0.340264827013,"mean":0.13356372714,"median":0.127539247274,"min":0.0344488099217,"var":0.00225836155005},"erbbands_kurtosis":{"dmean":0.689916670322,"dmean2":1.04287207127,"dvar":0.618530631065,"dvar2":1.36199557781,"max":13.8101539612,"mean":0.126802429557,"median":-0.215470433235,"min":-1.71084499359,"var":1.88145041466},"erbbands_skewness":{"dmean":0.293050825596,"dmean2":0.44191557169,"dvar":0.0652608424425,"dvar2":0.146177828312,"max":2.5564095974,"mean":-0.21259444952,"median":-0.214678958058,"min":-3.25212359428,"var":0.325672715902},"erbbands_spread":{"dmean":10.1161699295,"dmean2":13.9452829361,"dvar":131.924194336,"dvar2":245.415542603,"max":155.592300415,"mean":39.6604957581,"median":35.3471908569,"min":5.7552022934,"var":391.500701904},"gfcc":{"cov":[[14482.484375,102.028831482,279.937774658,255.340667725,-545.714538574,41.2988586426,-169.176422119,62.1408119202,12.8756809235,13.6910028458,-117.294662476,-36.3029975891,-229.748352051],[102.028831482,1912.02429199,-660.563171387,-179.276428223,240.610687256,-221.546264648,17.8972091675,85.5538787842,52.8434028625,1.47330605984,122.189201355,-46.7172584534,113.261688232],[279.937774658,-660.563171387,953.902282715,136.329162598,120.97819519,201.815567017,110.870079041,71.28855896,67.8417129517,113.775741577,-16.1127624512,81.8681182861,-54.1040534973],[255.340667725,-179.276428223,136.329162598,465.247436523,-34.9797439575,102.847900391,38.8573303223,-15.5409822464,42.2138061523,5.84109830856,31.3685131073,-23.6079807281,-10.0685071945],[-545.714538574,240.610687256,120.97819519,-34.9797439575,375.342437744,24.07472229,76.2141799927,83.3884811401,60.8706169128,78.3440628052,34.8582191467,64.738243103,22.2529373169],[41.2988586426,-221.546264648,201.815567017,102.847900391,24.07472229,202.187759399,77.0447845459,29.1653461456,36.1774635315,32.9512214661,6.4295296669,16.9684753418,3.46034121513],[-169.176422119,17.8972091675,110.870079041,38.8573303223,76.2141799927,77.0447845459,147.347061157,58.1556816101,32.1680221558,28.3730831146,9.75200843811,23.641456604,5.37852573395],[62.1408119202,85.5538787842,71.28855896,-15.5409822464,83.3884811401,29.1653461456,58.1556816101,127.810325623,67.5044937134,42.7926445007,33.7928771973,24.531167984,12.1231470108],[12.8756809235,52.8434028625,67.8417129517,42.2138061523,60.8706169128,36.1774635315,32.1680221558,67.5044937134,107.042961121,55.9091300964,28.3876991272,18.83385849,6.38158226013],[13.6910028458,1.47330605984,113.775741577,5.84109830856,78.3440628052,32.9512214661,28.3730831146,42.7926445007,55.9091300964,97.3521118164,37.5898628235,27.576133728,10.0992937088],[-117.294662476,122.189201355,-16.1127624512,31.3685131073,34.8582191467,6.4295296669,9.75200843811,33.7928771973,28.3876991272,37.5898628235,85.881362915,17.5103340149,22.2522888184],[-36.3029975891,-46.7172584534,81.8681182861,-23.6079807281,64.738243103,16.9684753418,23.641456604,24.531167984,18.83385849,27.576133728,17.5103340149,78.0426483154,17.0875072479],[-229.748352051,113.261688232,-54.1040534973,-10.0685071945,22.2529373169,3.46034121513,5.37852573395,12.1231470108,6.38158226013,10.0992937088,22.2522888184,17.0875072479,68.4410018921]],"icov":[[0.000097039846878,-0.000130704866024,-0.0000354346993845,-0.000123865233036,0.000273962563369,-0.00013438759197,0.00026109762257,-0.000313865806675,0.000224567382247,-0.000293091754429,0.000359331199434,-0.00033920086571,0.000438781658886],[-0.000130704866024,0.00134756299667,0.000578112842049,0.000450604624348,-0.00124458794016,0.00115557212848,-0.00108671246562,0.000465262273792,-0.00111895182636,0.000984799698927,-0.00180069240741,0.00194640445989,-0.00173776771408],[-0.0000354346993845,0.000578112842049,0.00220483890735,-0.000356073782314,-0.000541658198927,-0.000811301288195,-0.000375481176889,-0.00068281107815,0.000442052987637,-0.00184132577851,0.00082474044757,-0.00104188919067,0.00120499008335],[-0.000123865233036,0.000450604624348,-0.000356073782314,0.0033144748304,-0.000397293508286,-0.000607296591625,-0.0012237301562,0.00245311390609,-0.0027477145195,0.00218592281453,-0.00303438864648,0.00239895004779,-0.000812582788058],[0.000273962563369,-0.00124458794016,-0.000541658198927,-0.000397293508286,0.0052960938774,-0.000499082205351,0.0000459286638943,-0.00192427576985,0.00109711231198,-0.00318432948552,0.00219541462138,-0.00387991103344,0.00175564771052],[-0.00013438759197,0.00115557212848,-0.000811301288195,-0.000607296591625,-0.000499082205351,0.00907352659851,-0.00417371839285,0.000990877277218,-0.00205584266223,0.000544019392692,-0.00128346902784,0.00198422931135,-0.00320483744144],[0.00026109762257,-0.00108671246562,-0.000375481176889,-0.0012237301562,0.0000459286638943,-0.00417371839285,0.0119207175449,-0.00520480563864,0.00261237099767,-0.00140098563861,0.0030709062703,-0.00288762291893,0.00206487509422],[-0.000313865806675,0.000465262273792,-0.00068281107815,0.00245311390609,-0.00192427576985,0.000990877277218,-0.00520480563864,0.0170024484396,-0.00956934783608,0.00323623255827,-0.00559202302247,0.00213454430923,-0.00232962705195],[0.000224567382247,-0.00111895182636,0.000442052987637,-0.0027477145195,0.00109711231198,-0.00205584266223,0.00261237099767,-0.00956934783608,0.0204699020833,-0.0096459267661,0.00348228611983,-0.00306228338741,0.00293485354632],[-0.000293091754429,0.000984799698927,-0.00184132577851,0.00218592281453,-0.00318432948552,0.000544019392692,-0.00140098563861,0.00323623255827,-0.0096459267661,0.0224527716637,-0.00904614012688,0.00210088514723,-0.00320004019886],[0.000359331199434,-0.00180069240741,0.00082474044757,-0.00303438864648,0.00219541462138,-0.00128346902784,0.0030709062703,-0.00559202302247,0.00348228611983,-0.00904614012688,0.0209712274373,-0.00578578608111,0.000128315019538],[-0.00033920086571,0.00194640445989,-0.00104188919067,0.00239895004779,-0.00387991103344,0.00198422931135,-0.00288762291893,0.00213454430923,-0.00306228338741,0.00210088514723,-0.00578578608111,0.0215322058648,-0.00733965588734],[0.000438781658886,-0.00173776771408,0.00120499008335,-0.000812582788058,0.00175564771052,-0.00320483744144,0.00206487509422,-0.00232962705195,0.00293485354632,-0.00320004019886,0.000128315019538,-0.00733965588734,0.0216237828135]],"mean":[-4.56998729706,65.1259841919,-111.941642761,16.141462326,-40.1401786804,3.5223608017,-43.4517059326,-0.336096018553,-23.8752689362,1.41886413097,-17.0311107635,3.39346528053,-13.8188705444]},"hfc":{"dmean":8.22771644592,"dmean2":10.7365961075,"dvar":204.008102417,"dvar2":393.850494385,"max":295.554260254,"mean":21.2773456573,"median":14.1333408356,"min":8.99152951206e-7,"var":556.634216309},"melbands":{"dmean":[0.00190564990044,0.00180751003791,0.00105113501195,0.000634878117125,0.000205808450119,0.000169520892086,0.000121182565636,0.0000923862316995,0.000055550950492,0.0000442848213424,0.0000276185655821,0.0000235210009123,0.0000341805753123,0.0000340483165928,0.0000265307298832,0.0000317529993481,0.0000237098138314,0.0000216613607336,0.0000181519899343,0.0000191348681255,0.0000163808017533,0.0000116358814921,0.0000151644380821,0.0000152814536705,0.00000683469124851,0.00000467463632958,0.00000500034138895,0.00000472369674753,0.00000445729165222,0.00000352717552232,0.00000319598143506,0.00000377113519789,0.0000041959151531,0.00000310454834107,0.00000269539054898,0.0000020719865006,0.00000133516914502,0.00000120441211493,9.06917762222e-7,6.90006743298e-7],"dmean2":[0.00280276243575,0.00297855748795,0.00163504108787,0.000948383240029,0.000330326118274,0.00027726724511,0.000190957973246,0.000147137441672,0.0000849906282383,0.0000677583229844,0.0000427659433626,0.000036403111153,0.0000533587117388,0.0000532096710231,0.0000419715070166,0.0000502812181367,0.0000368126748072,0.0000335948388965,0.0000292760923912,0.0000304036057059,0.0000260872729996,0.0000183275533345,0.0000238670672843,0.0000241257039306,0.0000110650253191,0.00000767696110415,0.00000806884690974,0.00000752371352064,0.00000698205940353,0.00000561342540095,0.00000490009006171,0.00000559786440135,0.00000615440194451,0.00000447176671514,0.00000395017968913,0.00000307188315674,0.00000197363783627,0.0000017499421574,0.00000130296928091,9.34787237838e-7],"dvar":[0.0000219574230869,0.0000224226914725,0.00000522861273566,0.00000291406195174,1.16178355825e-7,8.0527975399e-8,6.06831989103e-8,3.43059340935e-8,1.79052843663e-8,9.14436260047e-9,3.56769480625e-9,2.07899497617e-9,8.08904143668e-9,7.29056859328e-9,4.03167899066e-9,4.76827777263e-9,3.59297569474e-9,2.20432605502e-9,1.30279587118e-9,1.00928099211e-9,6.29047980372e-10,5.58131429962e-10,9.12688480348e-10,7.32947147419e-10,2.25286400646e-10,1.34763811221e-10,1.60767843482e-10,1.29525640213e-10,1.272475042e-10,8.26512816521e-11,8.04541294697e-11,9.81200398709e-11,1.27719376741e-10,8.22415746615e-11,6.04416031114e-11,4.79264197772e-11,3.01788698198e-11,2.11706051995e-11,8.48418037214e-12,2.1855776737e-12],"dvar2":[0.0000430761501775,0.0000586695205129,0.0000113383848657,0.00000612120629739,2.91862505719e-7,1.93383925762e-7,1.39940553368e-7,8.24715655767e-8,3.73545780974e-8,2.01719991821e-8,7.40382022357e-9,4.49649961709e-9,1.74239520589e-8,1.73765251077e-8,9.14421516285e-9,1.01259720608e-8,6.86623602419e-9,4.80680073522e-9,2.95393998151e-9,2.38048070145e-9,1.44597567253e-9,1.28914257047e-9,2.07193950885e-9,1.72991354574e-9,5.53081136445e-10,3.5135813703e-10,4.2273012868e-10,3.33945732178e-10,3.07498859708e-10,2.05203798398e-10,1.88510998478e-10,2.13118980796e-10,2.85886758711e-10,1.87765455961e-10,1.33714303518e-10,9.74793717967e-11,6.27768392825e-11,4.15880108129e-11,1.71624606887e-11,4.18124606119e-12],"max":[0.0392831414938,0.0334146767855,0.0255161244422,0.0180412940681,0.00654029427096,0.00619162572548,0.00704049039632,0.00558722950518,0.00422747945413,0.00256901793182,0.0019246370066,0.00124690134544,0.00312663032673,0.00221196445636,0.00190355465747,0.00311351404525,0.00262776273303,0.00110885617323,0.00139979319647,0.000988605548628,0.000702104473021,0.0007836666191,0.0010516862385,0.00069276796421,0.000382401573006,0.000268095143838,0.00032998068491,0.000311029492877,0.00023590985802,0.000201761067729,0.000274718069704,0.000238691369304,0.000247373885941,0.000323648622725,0.000233105805819,0.000337322242558,0.0003429557255,0.000226163261686,0.0000985240039881,0.0000410649190599],"mean":[0.00184278911911,0.00157118018251,0.00111517030746,0.00077249458991,0.000359226542059,0.000291119213216,0.000201310554985,0.00015256376355,0.000102877784229,0.0000810284982435,0.0000514538878633,0.00004126058775,0.0000613295924268,0.0000642749218969,0.0000455087902083,0.0000598463484494,0.0000413732777815,0.00003828708941,0.0000360399390047,0.0000383430960937,0.0000326669032802,0.0000212725208257,0.0000281323900708,0.0000252676163655,0.0000104837390609,0.00000682044083078,0.00000730416149963,0.00000685183158566,0.00000666731239107,0.00000510899053552,0.0000045773022066,0.00000557786825084,0.00000596094741923,0.00000439278301201,0.00000396925861423,0.00000314157296089,0.00000204939806281,0.00000189488753222,0.00000143848080825,0.00000113723206141],"median":[0.0000964983555605,0.000255468767136,0.000283412227873,0.000240145018324,0.000216682310565,0.000161108386237,0.000107619962364,0.0000795907471911,0.0000458723880001,0.0000382488360628,0.0000234284743783,0.0000164310513355,0.0000287389666482,0.0000381188292522,0.0000265728776867,0.0000365895066352,0.0000212806517084,0.0000172308664332,0.000022310676286,0.0000243051381403,0.0000224381365115,0.0000102023714135,0.0000141541358971,0.0000115163729788,0.00000436539085058,0.00000234083427131,0.00000239585415329,0.00000212720419768,0.00000157349313668,0.00000122304595607,7.79329639045e-7,9.54020720201e-7,8.62503441112e-7,6.16700276623e-7,5.55482642994e-7,5.10274276166e-7,3.3783840081e-7,3.51331095771e-7,3.02302652244e-7,3.08724168008e-7],"min":[3.23790278443e-12,2.216290736e-12,7.58254895504e-13,5.25518918746e-13,1.53140607834e-12,1.45148368151e-12,5.27508971834e-13,5.72447159662e-14,2.57754565304e-14,1.16276061587e-13,4.52260624784e-13,1.11623123938e-12,1.25575374751e-12,8.64026190005e-13,7.02984491365e-13,9.37781211192e-13,2.8766382722e-13,8.1610423714e-13,3.22167070582e-13,9.63423405723e-14,1.37709017366e-13,2.12718297837e-13,2.93359873069e-13,6.55409862667e-13,3.48457970378e-13,3.00549759776e-13,7.89311324634e-13,2.93695325221e-13,3.46966352134e-13,3.60350638218e-13,1.51181083169e-13,1.67842221241e-13,7.90846812408e-14,1.17079496055e-13,1.70108298649e-13,3.57106298742e-13,1.11600053471e-13,1.85422898281e-13,1.34139878025e-13,7.66931480887e-14],"var":[0.0000258174568444,0.0000176059111254,0.00000628461975793,0.00000350685104422,2.19019995029e-7,1.9440824417e-7,1.11381943668e-7,6.66301076535e-8,3.94097519063e-8,1.96492990767e-8,9.29678201089e-9,5.2978283982e-9,2.18244871064e-8,1.18425100837e-8,6.88191681419e-9,1.08572173474e-8,9.41065270155e-9,5.48230216779e-9,2.78600476022e-9,2.38633734995e-9,1.53403756364e-9,1.20567333894e-9,2.21924056909e-9,1.54124268903e-9,3.5517250252e-10,1.83139864385e-10,2.06668598901e-10,1.7615449377e-10,2.09290015873e-10,1.35196798201e-10,1.39187550374e-10,1.86570980887e-10,2.24934057491e-10,1.36358729863e-10,1.27619068091e-10,1.13639292421e-10,8.02915720022e-11,5.40828389017e-11,1.90262285094e-11,5.11979304438e-12]},"melbands_crest":{"dmean":3.93167948723,"dmean2":5.8906416893,"dvar":15.5426368713,"dvar2":27.2235641479,"max":32.4142227173,"mean":12.5445699692,"median":10.6405258179,"min":2.65406990051,"var":38.6253013611},"melbands_flatness_db":{"dmean":0.0334766469896,"dmean2":0.0484347380698,"dvar":0.00131954601966,"dvar2":0.00276744784787,"max":0.489954650402,"mean":0.163721635938,"median":0.158484220505,"min":0.0166192296892,"var":0.00373305287212},"melbands_kurtosis":{"dmean":10.2664966583,"dmean2":15.5956935883,"dvar":590.939819336,"dvar2":1253.96130371,"max":814.558959961,"mean":10.9880685806,"median":3.39123463631,"min":-1.80749201775,"var":690.416687012},"melbands_skewness":{"dmean":1.04285180569,"dmean2":1.46355724335,"dvar":2.07353782654,"dvar2":3.88219189644,"max":22.7000045776,"mean":2.32639479637,"median":1.83428859711,"min":-1.26252758503,"var":3.87664842606},"melbands_spread":{"dmean":10.9274816513,"dmean2":16.275308609,"dvar":182.898773193,"dvar2":341.340545654,"max":236.668624878,"mean":34.2892379761,"median":29.3788318634,"min":0.434094429016,"var":626.831787109},"mfcc":{"cov":[[10330.7324219,133.534866333,581.024108887,326.576812744,-28.623167038,87.2551193237,-166.672134399,59.6632995605,-111.909683228,27.2739315033,23.5863037109,-18.0350646973,-24.2049713135],[133.534866333,1906.94812012,-642.883178711,16.7012214661,136.248321533,-183.671310425,41.243598938,-41.1224136353,46.811706543,0.215071767569,14.5136585236,63.8343467712,9.71868896484],[581.024108887,-642.883178711,728.762634277,65.4731903076,23.155128479,158.858901978,37.8712272644,64.9839248657,34.3897666931,64.0177688599,49.874382019,14.2181444168,60.3991165161],[326.576812744,16.7012214661,65.4731903076,270.184783936,76.6598815918,55.9794960022,23.1047401428,23.4179801941,7.67019128799,24.8615474701,29.1596431732,23.4068508148,16.9352912903],[-28.623167038,136.248321533,23.155128479,76.6598815918,203.766708374,52.2954063416,30.610370636,21.5929412842,35.9073944092,35.0152320862,46.2503738403,38.2712020874,35.2430534363],[87.2551193237,-183.671310425,158.858901978,55.9794960022,52.2954063416,180.92288208,51.0889625549,37.8212471008,37.0491523743,10.5552558899,40.6645965576,7.84100294113,11.9800548553],[-166.672134399,41.243598938,37.8712272644,23.1047401428,30.610370636,51.0889625549,118.981964111,40.8473587036,33.6231880188,24.4212093353,18.7567424774,19.7884483337,19.9101104736],[59.6632995605,-41.1224136353,64.9839248657,23.4179801941,21.5929412842,37.8212471008,40.8473587036,107.766410828,44.7576217651,18.1364936829,38.493927002,6.90363168716,14.0757570267],[-111.909683228,46.811706543,34.3897666931,7.67019128799,35.9073944092,37.0491523743,33.6231880188,44.7576217651,103.699386597,30.6191654205,42.0106048584,20.1214103699,17.7468261719],[27.2739315033,0.215071767569,64.0177688599,24.8615474701,35.0152320862,10.5552558899,24.4212093353,18.1364936829,30.6191654205,96.8967895508,31.7895088196,26.210855484,20.172668457],[23.5863037109,14.5136585236,49.874382019,29.1596431732,46.2503738403,40.6645965576,18.7567424774,38.493927002,42.0106048584,31.7895088196,103.518875122,28.9104690552,19.0267562866],[-18.0350646973,63.8343467712,14.2181444168,23.4068508148,38.2712020874,7.84100294113,19.7884483337,6.90363168716,20.1214103699,26.210855484,28.9104690552,87.480430603,32.8226776123],[-24.2049713135,9.71868896484,60.3991165161,16.9352912903,35.2430534363,11.9800548553,19.9101104736,14.0757570267,17.7468261719,20.172668457,19.0267562866,32.8226776123,78.1591491699]],"icov":[[0.000120448945381,-0.0000940949466894,-0.000165087505593,-0.000126946892124,0.0000971488771029,-0.0000928127556108,0.000283985194983,-0.000167094869539,0.000207163888263,-0.0000472870124213,0.0000195530174096,-0.00000670991084917,0.0000954778151936],[-0.0000940949466894,0.00101274007466,0.000864556292072,-0.0000504922099935,-0.000683151185513,0.000878903258126,-0.000825124443509,0.000472652143799,-0.000720085285138,0.00015291532327,-0.000236425796174,-0.00022952479776,-0.000235857849475],[-0.000165087505593,0.000864556292072,0.00280404905789,-0.0000376107382181,-0.0000219973044295,-0.00111005315557,-0.000277909246506,-0.000201998773264,-0.000268401141511,-0.00112086208537,-0.00012915059051,0.000161551492056,-0.00171629781835],[-0.000126946892124,-0.0000504922099935,-0.0000376107382181,0.00457459688187,-0.00133911590092,-0.000942549319007,-0.000185055396287,-0.000469580991194,0.000919984595384,-0.00051317748148,-0.000146812555613,-0.000485292694066,0.0000479192749481],[0.0000971488771029,-0.000683151185513,-0.0000219973044295,-0.00133911590092,0.00726998737082,-0.00206216936931,0.000555536535103,-0.0000100280021798,-0.000187216151971,-0.00121363229118,-0.00107703439426,-0.00083564396482,-0.00171071849763],[-0.0000928127556108,0.000878903258126,-0.00111005315557,-0.000942549319007,-0.00206216936931,0.00990116130561,-0.0037060668692,0.000632156385109,-0.00215034838766,0.00243021408096,-0.00209978292696,0.000544111884665,0.00131017132662],[0.000283985194983,-0.000825124443509,-0.000277909246506,-0.000185055396287,0.000555536535103,-0.0037060668692,0.0125605948269,-0.00384178711101,-0.000215399079025,-0.00207411684096,0.00186644832138,-0.00122681923676,-0.00109975750092],[-0.000167094869539,0.000472652143799,-0.000201998773264,-0.000469580991194,-0.0000100280021798,0.000632156385109,-0.00384178711101,0.0138349672779,-0.00433888845146,0.000753375585191,-0.00330238160677,0.00156263576355,-0.00051951064961],[0.000207163888263,-0.000720085285138,-0.000268401141511,0.000919984595384,-0.000187216151971,-0.00215034838766,-0.000215399079025,-0.00433888845146,0.0149715105072,-0.00258787674829,-0.00251697213389,-0.000640825193841,-0.000437622744357],[-0.0000472870124213,0.00015291532327,-0.00112086208537,-0.00051317748148,-0.00121363229118,0.00243021408096,-0.00207411684096,0.000753375585191,-0.00258787674829,0.0138607174158,-0.00231418083422,-0.00181437446736,-0.000153383443831],[0.0000195530174096,-0.000236425796174,-0.00012915059051,-0.000146812555613,-0.00107703439426,-0.00209978292696,0.00186644832138,-0.00330238160677,-0.00251697213389,-0.00231418083422,0.0145080946386,-0.00274383183569,-0.000116900584544],[-0.00000670991084917,-0.00022952479776,0.000161551492056,-0.000485292694066,-0.00083564396482,0.000544111884665,-0.00122681923676,0.00156263576355,-0.000640825193841,-0.00181437446736,-0.00274383183569,0.0156266130507,-0.00494932988659],[0.0000954778151936,-0.000235857849475,-0.00171629781835,0.0000479192749481,-0.00171071849763,0.00131017132662,-0.00109975750092,-0.00051951064961,-0.000437622744357,-0.000153383443831,-0.000116900584544,-0.00494932988659,0.0173593685031]],"mean":[-652.269042969,112.103233337,-13.3092794418,16.5192718506,12.6820745468,5.0142993927,-5.99995851517,-2.24950361252,-4.47383165359,-6.54771947861,-2.63602662086,1.11856579781,-0.954400360584]},"pitch_salience":{"dmean":0.0929002165794,"dmean2":0.140285417438,"dvar":0.00915326643735,"dvar2":0.0172358602285,"max":0.892126202583,"mean":0.594388484955,"median":0.624849796295,"min":0.108109869063,"var":0.0196692831814},"silence_rate_20dB":{"dmean":0,"dmean2":0,"dvar":0,"dvar2":0,"max":1,"mean":1,"median":1,"min":1,"var":0},"silence_rate_30dB":{"dmean":0.0117727853358,"dmean2":0.0235478803515,"dvar":0.0116334753111,"dvar2":0.0345684438944,"max":1,"mean":0.994016110897,"median":1,"min":0,"var":0.00594748556614},"silence_rate_60dB":{"dmean":0.0278622582555,"dmean2":0.0557299852371,"dvar":0.0270869545639,"dvar2":0.0620491243899,"max":1,"mean":0.0819109305739,"median":0,"min":0,"var":0.0752044394612},"spectral_centroid":{"dmean":305.859344482,"dmean2":465.610046387,"dvar":112780.96875,"dvar2":255914.09375,"max":11086.2392578,"mean":1610.75952148,"median":1510.21716309,"min":415.656890869,"var":423349.90625},"spectral_complexity":{"dmean":4.25782394409,"dmean2":6.23606729507,"dvar":22.4482479095,"dvar2":42.1983909607,"max":60,"mean":21.5214824677,"median":21,"min":0,"var":96.9507675171},"spectral_contrast_coeffs":{"dmean":[0.0587615333498,0.0448394604027,0.0339772552252,0.0288573633879,0.0235198121518,0.0199497453868],"dmean2":[0.0910647585988,0.0746642276645,0.0546215064824,0.0467459559441,0.0379618443549,0.0307068247348],"dvar":[0.00245302310213,0.00138206256088,0.000746384670492,0.000538711843546,0.00042076324462,0.000375058443751],"dvar2":[0.00539926439524,0.0036192482803,0.00183834147174,0.00135495711584,0.00103274208959,0.000858182902448],"max":[-0.298300653696,-0.466952085495,-0.54154509306,-0.586065232754,-0.587258815765,-0.569535553455],"mean":[-0.630639970303,-0.746824741364,-0.791586101055,-0.783472120762,-0.782380819321,-0.778547585011],"median":[-0.637528181076,-0.751763880253,-0.795580029488,-0.784049391747,-0.784459114075,-0.781715035439],"min":[-0.943820774555,-0.966189742088,-0.963260293007,-0.949971973896,-0.957829713821,-0.958275198936],"var":[0.0100063420832,0.00472532957792,0.00285267992876,0.00201531709172,0.00176624034066,0.00164415908512]},"spectral_contrast_valleys":{"dmean":[0.515097379684,0.386753320694,0.303473770618,0.28185659647,0.312222093344,0.433759838343],"dmean2":[0.777310431004,0.618470907211,0.484103411436,0.429950654507,0.449645280838,0.503315925598],"dvar":[0.249626129866,0.149692058563,0.0878730043769,0.0865519344807,0.138677835464,0.305023878813],"dvar2":[0.466248333454,0.326104432344,0.180606216192,0.167063415051,0.272518008947,0.533986926079],"max":[-5.2380027771,-4.94269371033,-5.20330524445,-5.5779967308,-5.26109457016,-7.14315795898],"mean":[-7.70948266983,-6.94016075134,-7.40801286697,-7.46178913116,-7.58717346191,-10.1195287704],"median":[-7.48166227341,-6.68270683289,-7.21674489975,-7.27378749847,-7.44246292114,-9.89052581787],"min":[-27.5115623474,-27.1416416168,-27.1432876587,-27.4640140533,-27.2611961365,-27.3194103241],"var":[1.84118247032,1.6528826952,1.39587497711,1.30785775185,1.358320117,1.8188906908]},"spectral_decrease":{"dmean":3.56085494424e-9,"dmean2":4.95892660268e-9,"dvar":3.47051897803e-17,"dvar2":7.09409085392e-17,"max":-2.8693505786e-17,"mean":-5.7906781592e-9,"median":-3.13808756758e-9,"min":-4.09540845681e-8,"var":4.95493958588e-17},"spectral_energy":{"dmean":0.01403394714,"dmean2":0.0194057170302,"dvar":0.000517397769727,"dvar2":0.00104844965972,"max":0.15838240087,"mean":0.0237852819264,"median":0.0134358117357,"min":1.89851800947e-10,"var":0.000766190467402},"spectral_energyband_high":{"dmean":0.000703059951775,"dmean2":0.000937134260312,"dvar":0.00000255792610915,"dvar2":0.00000503033106725,"max":0.0368609055877,"mean":0.00127984350547,"median":0.000370102818124,"min":7.51272655197e-11,"var":0.00000670179633744},"spectral_energyband_low":{"dmean":0.00909947883338,"dmean2":0.0130822407082,"dvar":0.000436258473201,"dvar2":0.000918522826396,"max":0.148177117109,"mean":0.00955723877996,"median":0.0015433547087,"min":1.70060319993e-11,"var":0.000512493832503},"spectral_energyband_middle_high":{"dmean":0.00136432447471,"dmean2":0.00203408673406,"dvar":0.000003706337111,"dvar2":0.00000796503081801,"max":0.0403194390237,"mean":0.00443004211411,"median":0.00336007773876,"min":7.76452582785e-11,"var":0.000015021730178},"spectral_energyband_middle_low":{"dmean":0.005174159538,"dmean2":0.00758716091514,"dvar":0.00012123707711,"dvar2":0.00024533062242,"max":0.125237360597,"mean":0.00919980462641,"median":0.00558148743585,"min":1.65507971911e-11,"var":0.00017656768614},"spectral_entropy":{"dmean":0.150349840522,"dmean2":0.205241680145,"dvar":0.0240036696196,"dvar2":0.0464343875647,"max":9.7962770462,"mean":7.79446792603,"median":7.80071353912,"min":6.60269880295,"var":0.131303742528},"spectral_flux":{"dmean":0.0363567695022,"dmean2":0.0567997582257,"dvar":0.00245147920214,"dvar2":0.00540943816304,"max":0.344972580671,"mean":0.0883036330342,"median":0.0682516694069,"min":0.0000799769914011,"var":0.00443114060909},"spectral_kurtosis":{"dmean":1.62670254707,"dmean2":2.42390918732,"dvar":4.43068361282,"dvar2":11.4982023239,"max":28.8143367767,"mean":5.65520334244,"median":5.14403581619,"min":-1.20487415791,"var":12.2244501114},"spectral_rms":{"dmean":0.00116606429219,"dmean2":0.0015401103301,"dvar":0.00000253381881521,"dvar2":0.00000451982668892,"max":0.0124305840582,"mean":0.00417642202228,"median":0.00362051231787,"min":4.3037340447e-7,"var":0.00000576269667363},"spectral_rolloff":{"dmean":820.763000488,"dmean2":1315.52172852,"dvar":1717180.75,"dvar2":3940120,"max":16042.2363281,"mean":2264.046875,"median":1894.921875,"min":43.06640625,"var":3916076.25},"spectral_skewness":{"dmean":0.222761228681,"dmean2":0.322501480579,"dvar":0.0542669966817,"dvar2":0.126696795225,"max":3.73937916756,"mean":1.70234632492,"median":1.73049068451,"min":0.00519273430109,"var":0.254429459572},"spectral_spread":{"dmean":775865.875,"dmean2":898512.1875,"dvar":712474034176,"dvar2":1037022003200,"max":41259808,"mean":4945343.5,"median":4800029,"min":1434850.375,"var":3491290939390},"spectral_strongpeak":{"dmean":0.498646110296,"dmean2":0.830264687538,"dvar":0.605292797089,"dvar2":1.43590581417,"max":12.4179153442,"mean":0.77896296978,"median":0.464607149363,"min":0,"var":1.01275038719},"zerocrossingrate":{"dmean":0.0167087707669,"dmean2":0.0179399289191,"dvar":0.000290289288387,"dvar2":0.000404446094763,"max":0.40771484375,"mean":0.0860416814685,"median":0.07373046875,"min":0.00830078125,"var":0.00240187742747}},"metadata":{"audio_properties":{"analysis_sample_rate":44100,"bit_rate":0,"codec":"flac","downmix":"mix","equal_loudness":0,"length":236.666671753,"lossless":true,"md5_encoded":"792ac73ecf2d9d1d017b1cfebf20f6c8","replay_gain":-4.25633811951,"sample_rate":44100},"tags":{"album":["Legendary Hearts"],"albumartist":["Lou Reed"],"albumartistsort":["Reed, Lou"],"artist":["Lou Reed"],"artistsort":["Reed, Lou"],"asin":["B00000739Q"],"barcode":["0035628984326"],"catalognumber":["ND89843"],"date":["1989"],"discnumber":["01"],"disctotal":["01"],"file_name":"04_martial_law.flac","genre":["Rock"],"label":["RCA Records"],"language":["English"],"media":["CD"],"musicbrainz_albumartistid":["9d1ebcfe-4c15-4d18-95d3-d919898638a1"],"musicbrainz_albumid":["3b4e3ee0-857d-3de2-ab70-a56466534924"],"musicbrainz_artistid":["9d1ebcfe-4c15-4d18-95d3-d919898638a1"],"musicbrainz_discid":["ECMys5rSQeeomCrqdrx6pRaGqYg-","G6Lo16lojQNwlQqeMh.rnINkQ44-","omG3Mqo8kkY0lqTDDI.VWmhElzQ-"],"musicbrainz_recordingid":["12c2356e-832e-4532-86f6-8e4ec25f91ab"],"musicbrainz_releasegroupid":["752ba621-0a8a-3ee0-ae10-5850d3f5c631"],"musicip_puid":["09cbb71a-f9eb-c874-4973-6651f86f7dab"],"releasecountry":["United States"],"script":["Latin"],"title":["Martial Law"],"tracknumber":["04"],"tracktotal":["11"]},"version":{"essentia":"2.1-beta2","essentia_build_sha":"70f2e5ece6736b2c40cc944ad0e695b16b925413","essentia_git_sha":"v2.1_beta2","extractor":"music 1.0"}},"rhythm":{"beats_count":484,"beats_loudness":{"dmean":0.038759239018,"dmean2":0.0653479844332,"dvar":0.000728677841835,"dvar2":0.00209443713538,"max":0.141475632787,"mean":0.0574485473335,"median":0.0653574988246,"min":2.18704805377e-8,"var":0.00109815131873},"beats_loudness_band_ratio":{"dmean":[0.360608130693,0.220695838332,0.0886020958424,0.0820778161287,0.0976535826921,0.0754284337163],"dmean2":[0.557255685329,0.41244366765,0.155015349388,0.145863175392,0.174507707357,0.136730879545],"dvar":[0.0457586608827,0.0141938216984,0.0109681310132,0.00706516811624,0.0135085964575,0.00463124364614]