{"lowlevel":{"average_loudness":0.774914324284,"barkbands":{"dmean":[0.0048750336282,0.00660957815126,0.00338947982527,0.00213427259587,0.00232098903507,0.00111994764302,0.000574512814637,0.000260820233962,0.000186238990864,0.0000862091110321,0.0000518380074936,0.0000896747442312,0.0000828428092063,0.0000875277328305,0.000149861356476,0.000104397382529,0.000140188945807,0.000123955032905,0.0000901275416254,0.000107288746221,0.0000684321930748,0.0000546787196072,0.0000386173305742,0.0000232418660744,0.00000453875736639,0.0000253280886682,0.0000685590712237],"dmean2":[0.00802481826395,0.0107157435268,0.00575913768262,0.0034762499854,0.0034500467591,0.00158921023831,0.000822099449579,0.000393720751163,0.000286980473902,0.000136475864565,0.00008313330909,0.00014351993741,0.000132572138682,0.000142952238093,0.000238449167227,0.000163028074894,0.00022240744147,0.000190925391507,0.000137691575219,0.000169058446772,0.000104416030808,0.0000842725421535,0.0000612171643297,0.0000363689432561,0.00000719067247701,0.0000390479035559,0.000102697282273],"dvar":[0.000146177771967,0.000123384641483,0.0000320824510709,0.000011178083696,0.0000168013702933,0.00000736709807825,0.00000272224360742,0.00000149781567416,5.88203135976e-7,1.29266410909e-7,2.79360143907e-8,7.89755247865e-8,1.3987309444e-7,1.15884731144e-7,4.66520617692e-7,2.30960083059e-7,2.54045488646e-7,2.69971081934e-7,1.7391668905e-7,1.72605339799e-7,5.33269144398e-8,3.10555208216e-8,1.53313735041e-8,5.41936273635e-9,1.01848064704e-10,5.0262669582e-9,2.61834873783e-8],"dvar2":[0.000374030933017,0.000344184518326,0.0000900329177966,0.0000267683699349,0.0000371021560568,0.0000134166384669,0.00000577998480367,0.00000366001586372,0.00000121023583688,2.84379950699e-7,6.31645988847e-8,1.86020812976e-7,3.22946334563e-7,3.1670455769e-7,0.00000120825643535,5.72579949676e-7,5.81246808906e-7,5.98914596139e-7,3.44944453445e-7,3.99809096052e-7,1.13227649479e-7,7.09705645363e-8,3.65317056605e-8,1.25665877704e-8,2.36629521533e-10,1.14764118209e-8,5.54784982398e-8],"max":[0.305627375841,0.194268777966,0.107895627618,0.0859967321157,0.147969901562,0.110826939344,0.0595053583384,0.0756984129548,0.0476150326431,0.0146243302152,0.00781959202141,0.011957465671,0.0281795877963,0.0158893670887,0.0238729361445,0.0303790885955,0.0159060340375,0.022277334705,0.0177797470242,0.0153406085446,0.00764655414969,0.00320251705125,0.0025646078866,0.000962038058788,0.000142773715197,0.000853743520565,0.00899904128164],"mean":[0.00746874930337,0.015023062937,0.00585690001026,0.00359051441774,0.00506625697017,0.00252554938197,0.00116639502812,0.000443689525127,0.000304032786516,0.000128196756123,0.0000790050034993,0.000137129653012,0.0001341180905,0.000132217173814,0.000259220076259,0.00016043119831,0.000192146544578,0.000183248223038,0.000132755318191,0.000131576816784,0.0000893477335921,0.0000682845275151,0.0000412176377722,0.0000210542202694,0.00000450928382634,0.0000254743245023,0.000152520020492],"median":[0.00337665132247,0.0103113558143,0.0024466351606,0.00197096262127,0.00246572191827,0.000700671807863,0.000277670100331,0.0000874225224834,0.0000672092137393,0.0000302389053104,0.0000195358879864,0.0000265099843091,0.0000172741165443,0.0000179067101271,0.0000164175598911,0.0000139088897413,0.0000151374388224,0.0000163179502124,0.0000161167517945,0.000016660311303,0.0000156399692059,0.0000138827144838,0.00000873900171428,0.00000295229347103,0.00000122307528727,0.00000534627724846,0.0000543029636901],"min":[2.49373573399e-23,4.83730579932e-23,3.45945799198e-23,4.27561916432e-23,1.49555910726e-23,1.65892431213e-23,1.11882517134e-23,2.1555523261e-23,1.30987046407e-22,8.29721943736e-23,5.22202316538e-23,6.34625850258e-23,7.49776255246e-23,7.58984029059e-23,1.39345311688e-22,9.08189937979e-23,2.57195842404e-22,2.50609421826e-22,3.07169006925e-22,3.02644025042e-22,4.74582254678e-22,5.50713870111e-22,5.65601051166e-22,7.62935174587e-22,1.12101208941e-21,1.65494495693e-21,2.57951386874e-21],"var":[0.000223074006499,0.000261597859208,0.0000912416580832,0.0000312247648253,0.0000596857644268,0.0000396725881728,0.00000956384064921,0.00000299242879009,0.00000135689231229,1.99105414822e-7,6.81230289956e-8,1.61328401305e-7,4.63017926222e-7,2.66437865548e-7,0.00000108931101295,3.93791822262e-7,5.29555450157e-7,5.9881750758e-7,4.58751685528e-7,2.52489030572e-7,9.32419581545e-8,4.53442972059e-8,1.59151163359e-8,5.01059504998e-9,1.04384986765e-10,4.99555685707e-9,9.16147300245e-8]},"barkbands_crest":{"dmean":2.55694413185,"dmean2":4.15608644485,"dvar":4.75046062469,"dvar2":12.6855096817,"max":23.9383010864,"mean":12.4450044632,"median":12.1740398407,"min":3.50052523613,"var":14.5015668869},"barkbands_flatness_db":{"dmean":0.0342419855297,"dmean2":0.0500589720905,"dvar":0.00091700127814,"dvar2":0.0019331080839,"max":0.44274070859,"mean":0.217393144965,"median":0.214225918055,"min":0.0362370125949,"var":0.00464858394116},"barkbands_kurtosis":{"dmean":14.1718673706,"dmean2":21.8930358887,"dvar":318.453521729,"dvar2":776.86730957,"max":311.071624756,"mean":34.6710205078,"median":26.0603694916,"min":-1.97558736801,"var":1006.51617432},"barkbands_skewness":{"dmean":0.989491462708,"dmean2":1.49414277077,"dvar":0.873924434185,"dvar2":2.00181531906,"max":14.246263504,"mean":4.05175685883,"median":3.88410758972,"min":-5.93420171738,"var":4.2619509697},"barkbands_spread":{"dmean":4.2424955368,"dmean2":6.33041763306,"dvar":60.8395576477,"dvar2":121.430778503,"max":139.836837769,"mean":10.6827478409,"median":6.02023458481,"min":0.398105472326,"var":179.313339233},"dissonance":{"dmean":0.0219268426299,"dmean2":0.035500716418,"dvar":0.000429832813097,"dvar2":0.00110743870027,"max":0.500000059605,"mean":0.454670965672,"median":0.461894273758,"min":0.272906452417,"var":0.00104229419958},"dynamic_complexity":4.62933492661,"erbbands":{"dmean":[0.314092338085,1.1903771162,3.22474336624,6.29894113541,7.46094083786,7.57208633423,7.47493171692,9.93171691895,8.36851787567,7.01057100296,5.82254457474,4.05446624756,2.95752310753,2.26059412956,2.00583410263,4.0396566391,3.96708273888,4.10325860977,5.99729442596,7.26756000519,5.49504947662,7.61878252029,6.98401689529,5.80103683472,4.55124044418,5.17533779144,3.13933944702,2.51965498924,2.03611111641,1.46022927761,1.06480276585,0.60351729393,0.341367095709,0.0834031477571,0.0197832249105,0.056787326932,0.0528138503432,0.0291270334274,0.00826724991202,0.00183469254989],"dmean2":[0.516767561436,1.91852915287,5.43356704712,10.4513149261,11.3126087189,11.4374599457,11.546037674,13.686958313,11.9221916199,10.2607240677,8.78917121887,6.16932106018,4.56307268143,3.63866996765,3.19478034973,6.45404052734,6.31977272034,6.64767074585,9.43405056,11.4442396164,8.31299304962,12.012840271,10.8142194748,8.821849823,6.92106056213,8.19395160675,4.74196577072,3.87654018402,3.15136599541,2.28470730782,1.67637526989,0.94230902195,0.538224160671,0.130373030901,0.0315534509718,0.0886871740222,0.0814538225532,0.0438607670367,0.0120889535174,0.00278820889071],"dvar":[0.437885165215,3.31693077087,26.8712940216,88.5588531494,136.112625122,226.800125122,479.640258789,622.192749023,453.240844727,716.401855469,569.960266113,273.243347168,125.443725586,108.021316528,33.783706665,165.723419189,295.83493042,250.569732666,620.752990723,1269.80383301,408.195861816,758.535644531,771.72064209,706.481933594,353.697662354,427.84576416,112.556648254,75.7793807983,44.9643325806,22.571849823,11.9935512543,3.51260018349,1.29357111454,0.0488960929215,0.00109731219709,0.0303871445358,0.0223689712584,0.0058760563843,0.00054706359515,0.00000930615078687],"dvar2":[1.29925835133,8.86179542542,73.3297119141,243.858261108,288.980865479,524.383361816,1022.21630859,1055.48217773,912.738525391,1497.95593262,1316.59716797,557.531311035,274.194030762,243.219833374,74.3110351562,386.464294434,650.390991211,648.806884766,1650.62255859,3236.3046875,887.371154785,1741.88244629,1777.27563477,1500.0300293,693.406555176,1015.27960205,229.495056152,169.02432251,102.791526794,54.64427948,28.6646137238,8.25799942017,3.01302146912,0.11163983494,0.00252800062299,0.0698998346925,0.0516815409064,0.0134223978966,0.00111446389928,0.0000201706352527],"max":[13.1783800125,34.1683654785,95.7070388794,189.217788696,329.632263184,602.414489746,859.081420898,1269.99084473,703.286621094,1228.16625977,837.765258789,1063.92456055,478.183746338,506.162719727,307.731933594,493.301361084,1378.48364258,957.250244141,1128.58813477,1341.70690918,780.32800293,877.280151367,984.191345215,1126.46887207,784.94152832,814.264160156,404.321350098,227.578414917,116.33732605,140.775665283,107.400360107,23.4003505707,17.1248874664,2.90391206741,0.636843383312,2.59279489517,1.74616122246,1.39048731327,1.04763400555,0.185568466783],"mean":[0.734499335289,2.27826046944,5.91264867783,11.3193769455,15.861079216,15.3928432465,14.285525322,22.9031791687,18.0303688049,13.5913038254,10.3699321747,6.91635704041,4.60910463333,3.57888650894,3.39178419113,6.28562450409,6.81377220154,6.98347663879,10.5994033813,12.2430429459,9.00938129425,10.7610177994,10.2402238846,8.61043930054,6.37371921539,6.23907232285,4.23972892761,3.12748551369,2.53883576393,1.7246325016,1.11305117607,0.569068431854,0.300019621849,0.0788972526789,0.0213987343013,0.0515901595354,0.0522532835603,0.0368988476694,0.0144760943949,0.00597241241485],"median":[0.42948538065,1.60706472397,2.94838953018,6.6053109169,7.95753955841,7.1561794281,4.95696258545,5.79483604431,4.57489347458,2.8201880455,1.97594404221,1.60895490646,1.11660575867,0.92900878191,0.862762153149,1.13775169849,0.949975132942,0.949986636639,0.944754183292,0.875287055969,0.781472504139,0.910002291203,0.908712267876,0.89108145237,0.819195330143,0.7752212286,0.703763842583,0.551383018494,0.489638626575,0.391477257013,0.230401128531,0.0960614830256,0.0344805270433,0.016009863466,0.00763382250443,0.00795680563897,0.010613582097,0.0110511658713,0.00546699110419,0.00387492915615],"min":[2.1758576058e-21,7.41039849175e-21,2.37705487069e-20,1.38601220217e-19,4.7780750378e-20,3.57497476417e-20,1.197831327e-19,1.17696892722e-19,1.36099502927e-19,2.42934777498e-19,1.4004957728e-18,2.75079140179e-18,2.86457423095e-18,1.67767458689e-18,2.34782829844e-18,2.37130223665e-18,3.54110519483e-18,4.62428331772e-18,6.96662182522e-18,5.66723027074e-18,5.72031582732e-18,1.55572986323e-17,1.21987906625e-17,1.70922149769e-17,1.44914482888e-17,1.58399975328e-17,1.4936923099e-17,2.25893529255e-17,1.98578685396e-17,1.59564744892e-17,1.80417984678e-17,1.58098501082e-17,1.2367111991e-17,1.22554541888e-17,8.26122813986e-18,5.87988517134e-18,3.22528081272e-18,1.36159026327e-18,3.4285199164e-19,3.83540288651e-20],"var":[0.851103484631,5.95912408829,76.3636932373,213.753158569,579.505981445,659.827270508,1502.61828613,3296.02783203,1740.3347168,2337.86132812,1365.17480469,636.973388672,219.233001709,184.407287598,94.0689315796,348.38571167,1131.84301758,815.63458252,1369.79638672,2572.16259766,1024.3013916,1597.84814453,1637.97314453,1729.54638672,871.74798584,592.506774902,218.762695312,115.758911133,64.7667694092,28.6317062378,11.8859920502,3.24674129486,1.17847836018,0.0481668561697,0.00138302205596,0.028638003394,0.0216732565314,0.00784444436431,0.00128965685144,0.0000523958879057]},"erbbands_crest":{"dmean":2.64112710953,"dmean2":4.12695789337,"dvar":5.29496717453,"dvar2":12.539150238,"max":31.2349758148,"mean":10.0481519699,"median":9.13414001465,"min":2.24250769615,"var":19.1264209747},"erbbands_flatness_db":{"dmean":0.0255095548928,"dmean2":0.0364422425628,"dvar":0.00045082255383,"dvar2":0.00091838237131,"max":0.303881347179,"mean":0.133132651448,"median":0.130864053965,"min":0.0340365432203,"var":0.00169528240804},"erbbands_kurtosis":{"dmean":2.32185983658,"dmean2":3.50775051117,"dvar":8.10431671143,"dvar2":18.1080093384,"max":53.7903709412,"mean":3.20745491982,"median":1.61056947708,"min":-1.87137687206,"var":23.8534984589},"erbbands_skewness":{"dmean":0.524841427803,"dmean2":0.764307379723,"dvar":0.249861553311,"dvar2":0.483293920755,"max":6.30142259598,"mean":1.19887650013,"median":1.33492529392,"min":-4.26207494736,"var":1.58513343334},"erbbands_spread":{"dmean":12.5361747742,"dmean2":18.1406803131,"dvar":183.53338623,"dvar2":365.599761963,"max":189.755630493,"mean":41.2890930176,"median":36.6941184998,"min":3.01640725136,"var":555.751708984},"gfcc":{"cov":[[18119.8769531,467.300384521,-1569.96826172,188.995285034,177.634780884,-549.822143555,413.089904785,-827.81262207,375.437255859,-265.651641846,-248.610809326,160.748596191,-278.509429932],[467.300384521,1114.57470703,105.084365845,-201.6615448,105.857795715,-181.896499634,159.240936279,-130.92741394,115.102989197,-33.151309967,42.6568336487,-61.0461997986,45.0104751587],[-1569.96826172,105.084365845,708.027160645,82.8299713135,-136.105041504,168.80569458,0.402847230434,145.124572754,-72.6577377319,33.6311378479,63.3951568604,-13.5023145676,-0.454153746367],[188.995285034,-201.6615448,82.8299713135,324.601013184,65.5059814453,-66.4956283569,39.2756271362,-3.75032758713,12.5413284302,-32.1005172729,-10.6046657562,46.9908676147,-38.785243988],[177.634780884,105.857795715,-136.105041504,65.5059814453,240.479293823,-13.6932153702,67.3261184692,-81.4490661621,6.44299983978,-48.3541755676,13.201125145,2.65051174164,11.2286243439],[-549.822143555,-181.896499634,168.80569458,-66.4956283569,-13.6932153702,337.970397949,-34.4345474243,76.8538742065,-113.148101807,31.5333194733,23.9199371338,-5.33501148224,4.08885288239],[413.089904785,159.240936279,0.402847230434,39.2756271362,67.3261184692,-34.4345474243,190.3671875,-55.7782821655,44.9732475281,-31.510843277,5.98494672775,3.78124213219,-27.2208271027],[-827.81262207,-130.92741394,145.124572754,-3.75032758713,-81.4490661621,76.8538742065,-55.7782821655,206.053375244,-18.6898498535,40.0380439758,8.15894603729,-20.4493503571,23.302274704],[375.437255859,115.102989197,-72.6577377319,12.5413284302,6.44299983978,-113.148101807,44.9732475281,-18.6898498535,126.290763855,16.7732181549,-10.3667325974,9.3036108017,-12.256357193],[-265.651641846,-33.151309967,33.6311378479,-32.1005172729,-48.3541755676,31.5333194733,-31.510843277,40.0380439758,16.7732181549,76.7554321289,29.874048233,0.172105804086,15.0863437653],[-248.610809326,42.6568336487,63.3951568604,-10.6046657562,13.201125145,23.9199371338,5.98494672775,8.15894603729,-10.3667325974,29.874048233,72.5949707031,25.9371891022,13.6759080887],[160.748596191,-61.0461997986,-13.5023145676,46.9908676147,2.65051174164,-5.33501148224,3.78124213219,-20.4493503571,9.3036108017,0.172105804086,25.9371891022,72.4791870117,16.1633377075],[-278.509429932,45.0104751587,-0.454153746367,-38.785243988,11.2286243439,4.08885288239,-27.2208271027,23.302274704,-12.256357193,15.0863437653,13.6759080887,16.1633377075,82.2359848022]],"icov":[[0.000104778322566,-0.00020087636949,0.000425952341175,-0.000425164325861,0.000511563383043,-0.000352668546839,-0.0000385818457289,0.000230380974244,-0.000186579854926,0.000325852597598,-0.000142438671901,0.00003533315612,0.0000654217947158],[-0.00020087636949,0.0034106769599,-0.00294143450446,0.0038305898197,-0.00282099866308,0.00252044200897,-0.000955709081609,0.00123744690791,-0.00223608897068,0.00110810215119,-0.00109749450348,0.00208125077188,-0.00192692037672],[0.000425952341175,-0.00294143450446,0.00693668518215,-0.00739518646151,0.0081177810207,-0.00582911865786,0.00017311834381,0.000185029217391,-0.00141201820225,0.00512949610129,-0.00732178706676,0.0052567878738,-0.00217775278725],[-0.000425164325861,0.0038305898197,-0.00739518646151,0.0139920301735,-0.0118512930349,0.00894428603351,-0.00160316494294,-0.00278923567384,0.00443109078333,-0.00777430366725,0.0112566994503,-0.0120391091332,0.00703580258414],[0.000511563383043,-0.00282099866308,0.0081177810207,-0.0118512930349,0.0184243358672,-0.00984752643853,-0.0000356857781298,0.00486303167418,-0.00757386116311,0.0152365723625,-0.0168697834015,0.0147992819548,-0.00971123669297],[-0.000352668546839,0.00252044200897,-0.00582911865786,0.00894428603351,-0.00984752643853,0.0118795130402,-0.00189889187459,-0.00345742260106,0.00954990833998,-0.0113218892366,0.0105202877894,-0.0100210700184,0.0064378217794],[-0.0000385818457289,-0.000955709081609,0.00017311834381,-0.00160316494294,-0.0000356857781298,-0.00189889187459,0.0083337482065,0.000980017939582,-0.0041229641065,0.00431824987754,-0.00321789411828,0.00149127084296,0.00105276843533],[0.000230380974244,0.00123744690791,0.000185029217391,-0.00278923567384,0.00486303167418,-0.00345742260106,0.000980017939582,0.010354350321,-0.00609939079732,0.00471104960889,-0.00636848900467,0.00939580053091,-0.00687417667359],[-0.000186579854926,-0.00223608897068,-0.00141201820225,0.00443109078333,-0.00757386116311,0.00954990833998,-0.0041229641065,-0.00609939079732,0.0255201626569,-0.0212942715734,0.01826694794,-0.0175048727542,0.0117096537724],[0.000325852597598,0.00110810215119,0.00512949610129,-0.00777430366725,0.0152365723625,-0.0113218892366,0.00431824987754,0.00471104960889,-0.0212942715734,0.042247120291,-0.0308930277824,0.0229211952537,-0.0148558262736],[-0.000142438671901,-0.00109749450348,-0.00732178706676,0.0112566994503,-0.0168697834015,0.0105202877894,-0.00321789411828,-0.00636848900467,0.01826694794,-0.0308930277824,0.0464067943394,-0.0316888131201,0.0148074217141],[0.00003533315612,0.00208125077188,0.0052567878738,-0.0120391091332,0.0147992819548,-0.0100210700184,0.00149127084296,0.00939580053091,-0.0175048727542,0.0229211952537,-0.0316888131201,0.0436511561275,-0.020483231172],[0.0000654217947158,-0.00192692037672,-0.00217775278725,0.00703580258414,-0.00971123669297,0.0064378217794,0.00105276843533,-0.00687417667359,0.0117096537724,-0.0148558262736,0.0148074217141,-0.020483231172,0.0260788556188]],"mean":[-59.8829994202,98.264755249,-45.0142593384,29.9190273285,-19.7134685516,-14.9103965759,-9.52277183533,-15.8176326752,-3.07971096039,-4.98549509048,-4.96031141281,-0.970042467117,-10.191280365]},"hfc":{"dmean":40.9243774414,"dmean2":63.7393989563,"dvar":3315.75341797,"dvar2":8132.00537109,"max":1103.72998047,"mean":119.868843079,"median":101.068664551,"min":1.1720351216e-16,"var":8699.75488281},"melbands":{"dmean":[0.00237901625223,0.00154828990344,0.00101979053579,0.00054624164477,0.00026779298787,0.000219356719754,0.000124846337712,0.0000702056058799,0.0000480532034999,0.0000241994384851,0.000014723888853,0.0000094558336059,0.00000695566723152,0.00000850646301842,0.00000958777400228,0.00000889629245648,0.00000821270350571,0.00000916478438739,0.0000117689287435,0.00000847380943014,0.00000644141437078,0.00000827243366075,0.00000756882309361,0.00000599530403633,0.0000048945639719,0.00000325801329382,0.0000038350435716,0.00000340842188962,0.00000200718113774,0.0000017685806597,0.00000140028078022,0.00000121768425743,0.00000102293086002,7.65342065279e-7,6.48321474728e-7,4.98035376495e-7,3.20369650808e-7,2.49523282037e-7,1.6951051407e-7,3.67929473555e-8],"dmean2":[0.00388385634869,0.00257701496594,0.001672281418,0.000814867962617,0.000409890984884,0.000303081586026,0.000177785492269,0.000103535479866,0.0000728445666027,0.0000370894595108,0.0000228169810725,0.0000153310556925,0.0000111515719254,0.0000135652371682,0.0000153031196533,0.0000141490645547,0.0000134840129249,0.0000145561616591,0.0000188538087968,0.0000135773916554,0.00000984558027994,0.0000132134146043,0.0000120124050227,0.00000930902297114,0.00000758218448027,0.00000490501543027,0.00000610904544374,0.00000545052535017,0.00000305026355818,0.00000273747446045,0.00000218189484258,0.0000019097662971,0.00000158265322625,0.00000121977871004,0.00000102741955743,7.87600981766e-7,5.01116630858e-7,3.95312980572e-7,2.66027711859e-7,5.84220813948e-8],"dvar":[0.0000225910662266,0.00000504392937728,0.00000211353767554,7.48105719595e-7,5.59303089176e-7,2.76875539384e-7,1.0573373288e-7,7.88522029893e-8,3.48382194204e-8,9.4599483802e-9,3.17267367933e-9,2.07881423187e-9,4.75930350685e-10,8.14053879861e-10,8.15755907269e-10,1.96220417692e-9,1.03280084485e-9,1.41234079987e-9,3.70615405032e-9,1.98767935444e-9,6.15704209839e-10,9.70467484152e-10,9.27050325394e-10,6.50723530615e-10,5.57942414492e-10,1.98411356789e-10,2.40267777896e-10,1.88734194939e-10,4.98910496249e-11,3.42685255172e-11,2.45841402791e-11,1.68353907204e-11,1.06505212635e-11,6.50689398196e-12,4.55758477833e-12,2.4754926841e-12,1.01135582114e-12,7.12133151927e-13,2.90273285009e-13,6.02317420793e-15],"dvar2":[0.0000653121751384,0.0000138492414408,0.00000560654825676,0.00000160495210366,0.00000122622668641,4.73212622865e-7,2.18687574716e-7,1.74413585796e-7,7.66627721305e-8,1.94908533757e-8,6.92294443994e-9,4.7127213243e-9,1.04376496335e-9,1.96671456898e-9,1.8745469621e-9,4.31963087522e-9,2.69875388703e-9,3.69311514703e-9,9.80173631149e-9,5.09416375749e-9,1.38286448959e-9,2.24969798346e-9,2.28644236877e-9,1.47207790402e-9,1.26503996167e-9,3.89983573212e-10,5.52506151941e-10,4.49024983862e-10,1.00260424962e-10,7.64620450289e-11,5.56552755271e-11,3.88718120192e-11,2.51318306443e-11,1.6192283625e-11,1.07553514705e-11,6.02656206189e-12,2.36720473952e-12,1.66406883932e-12,6.74529659558e-13,1.40994173666e-14],"max":[0.091912008822,0.0360885933042,0.033248744905,0.0234419964254,0.0300553776324,0.0246076583862,0.0121144168079,0.0142877670005,0.00662887841463,0.00571665400639,0.00232679652981,0.0022722100839,0.00127422052901,0.00171808130108,0.00096367939841,0.00367253576405,0.00164546514861,0.00163042428903,0.00235715718009,0.00294512417167,0.000962267920841,0.00103293603752,0.00125765416306,0.00115645921323,0.000936423544772,0.000639164005406,0.000409993052017,0.000579140090849,0.000315465644235,0.000152163062012,0.000130246859044,0.0000799136105343,0.0000810454512248,0.000068472167186,0.0000744448479963,0.0000188763260667,0.0000152297761815,0.0000126336699395,0.00000825233655632,0.00000121861933167],"mean":[0.00561039801687,0.00306211784482,0.00205128174275,0.00119073363021,0.000526637362782,0.00051205966156,0.000266888207989,0.000132185698021,0.0000832187797641,0.0000397852891183,0.0000221626087296,0.0000142074395626,0.0000110160981421,0.000013313274394,0.0000155714005814,0.0000143562319863,0.0000126590575746,0.0000152226984937,0.000019628138034,0.0000129935997393,0.00000977855961537,0.0000112424331746,0.0000100416409623,0.00000881609321368,0.00000685783470544,0.00000445146952188,0.00000470147142551,0.00000398087013309,0.00000270504733635,0.00000220691617869,0.00000166184827322,0.0000014680182403,0.00000123433778754,8.50723893109e-7,6.77048262787e-7,4.77858748127e-7,2.9066657703e-7,2.17580392814e-7,1.4876206933e-7,3.69820334356e-8],"median":[0.00365951610729,0.00189408031292,0.00132544967346,0.000597933656536,0.000194131978787,0.000134638918098,0.0000667764761602,0.0000265285016212,0.0000147239243233,0.00000938587709243,0.00000510046584168,0.00000363084382116,0.00000274584772342,0.0000027548799153,0.00000267840709967,0.00000169930581251,0.000001654031621,0.00000140913891755,0.00000121706284517,0.00000102493322629,8.33988508475e-7,8.8337105808e-7,8.30155840958e-7,7.76188130658e-7,6.66687242301e-7,5.81547965339e-7,5.50225877305e-7,4.84940301249e-7,4.11746214013e-7,3.88973859344e-7,2.66923763093e-7,2.55440085084e-7,2.63557808466e-7,1.87183275102e-7,1.37136510148e-7,8.52940615914e-8,4.23811812311e-8,2.28472565311e-8,1.71610547994e-8,1.05937658645e-8],"min":[1.6892113644e-23,1.31631602565e-23,1.976316502e-23,2.65394324698e-24,3.86408407736e-24,3.07019497273e-24,2.14159721891e-24,2.6164648598e-24,1.52591384381e-23,1.66091981467e-23,1.42307288749e-23,7.16176918022e-24,8.00227838663e-24,6.86872786431e-24,5.25808373285e-24,9.16996449803e-24,8.20760625848e-24,1.01464409812e-23,9.59253677457e-24,5.51965304851e-24,7.05262080765e-24,1.69685447994e-23,1.09566090195e-23,1.25326032245e-23,1.41253133922e-23,1.18223972736e-23,9.51908830227e-24,1.01938341667e-23,8.7982611281e-24,8.4511402417e-24,1.5201551592e-23,1.20970226317e-23,7.82134998257e-24,8.82826308605e-24,9.62913439855e-24,1.10865099559e-23,8.84677449605e-24,8.60107351193e-24,8.86033895931e-24,1.06478843599e-23],"var":[0.0000432676024502,0.0000131454780785,0.00000589065803069,0.00000306282822748,0.00000156048008648,0.00000150658524944,3.95174794221e-7,2.28049415796e-7,8.99592578207e-8,2.10428741099e-8,5.43688560839e-9,3.32107741308e-9,1.27418564588e-9,1.53686030568e-9,2.11499284752e-9,6.53943521556e-9,2.93265145501e-9,2.78960610167e-9,8.16148038041e-9,2.87166623814e-9,1.38701616859e-9,1.95646743251e-9,1.5268719622e-9,1.44833989246e-9,1.22262000524e-9,4.8943138431e-10,3.98740374052e-10,2.53236515091e-10,1.00127149627e-10,5.49124599958e-11,3.64391433694e-11,2.39186673939e-11,1.43813259912e-11,7.49675235084e-12,4.63248103072e-12,2.23545270836e-12,9.24519250219e-13,6.44094911954e-13,2.68817466117e-13,6.27668947497e-15]},"melbands_crest":{"dmean":3.51899600029,"dmean2":5.77866744995,"dvar":9.77197933197,"dvar2":26.956533432,"max":37.5111122131,"mean":19.2129096985,"median":18.2601852417,"min":2.01546096802,"var":40.4139862061},"melbands_flatness_db":{"dmean":0.0407847389579,"dmean2":0.0587575249374,"dvar":0.00130078545772,"dvar2":0.00263378303498,"max":0.600713610649,"mean":0.339668750763,"median":0.339688122272,"min":0.00835518538952,"var":0.00691856769845},"melbands_kurtosis":{"dmean":23.8775024414,"dmean2":37.1122055054,"dvar":1183.79772949,"dvar2":2858.91796875,"max":677.810058594,"mean":50.803237915,"median":34.807723999,"min":-1.94300734997,"var":2715.91992188},"melbands_skewness":{"dmean":1.2289069891,"dmean2":1.84808278084,"dvar":1.58271217346,"dvar2":3.59826993942,"max":23.1337223053,"mean":4.52517127991,"median":4.13533115387,"min":-3.14954161644,"var":5.77958059311},"melbands_spread":{"dmean":3.16005420685,"dmean2":4.79427576065,"dvar":63.1793327332,"dvar2":138.281356812,"max":308.899108887,"mean":8.19340610504,"median":3.77081346512,"min":0.34754639864,"var":357.36138916},"mfcc":{"cov":[[11585.6953125,670.49810791,-1187.01599121,406.784454346,-220.592468262,249.996780396,-446.913787842,7.61404561996,-164.937011719,20.861120224,-175.338470459,-65.0136871338,-103.922027588],[670.49810791,1391.96435547,35.1268692017,30.57172966,-71.0287628174,31.1434688568,-28.8401508331,-50.9883308411,10.250834465,-0.339847445488,56.5284919739,-39.3709144592,15.9745721817],[-1187.01599121,35.1268692017,792.801025391,-54.7214813232,30.2963829041,-56.8179168701,128.090286255,21.1985702515,6.11818552017,22.5041122437,53.1005783081,51.1308250427,2.30153727531],[406.784454346,30.57172966,-54.7214813232,462.942657471,-9.26932430267,-4.74555587769,-84.2417984009,49.8154678345,-13.9028701782,4.90937852859,-24.2178344727,-3.70895123482,21.2684345245],[-220.592468262,-71.0287628174,30.2963829041,-9.26932430267,161.337417603,22.4959259033,59.131565094,10.1062898636,0.415880292654,-19.5529193878,-14.6284122467,7.82942533493,8.32849597931],[249.996780396,31.1434688568,-56.8179168701,-4.74555587769,22.4959259033,188.566467285,57.8080596924,28.8457126617,-33.7804603577,-14.0301790237,-17.7331161499,5.14172554016,3.48437070847],[-446.913787842,-28.8401508331,128.090286255,-84.2417984009,59.131565094,57.8080596924,195.17288208,43.1461524963,2.23412919044,-18.4962520599,12.0243883133,20.1465625763,1.94971442223],[7.61404561996,-50.9883308411,21.1985702515,49.8154678345,10.1062898636,28.8457126617,43.1461524963,92.7165756226,10.862909317,2.45381164551,-1.79362082481,11.8256969452,-1.46266770363],[-164.937011719,10.250834465,6.11818552017,-13.9028701782,0.415880292654,-33.7804603577,2.23412919044,10.862909317,80.380859375,22.8512763977,10.0997543335,-6.32499694824,-0.78682911396],[20.861120224,-0.339847445488,22.5041122437,4.90937852859,-19.5529193878,-14.0301790237,-18.4962520599,2.45381164551,22.8512763977,66.4747772217,28.0051269531,5.88375663757,-6.96541833878],[-175.338470459,56.5284919739,53.1005783081,-24.2178344727,-14.6284122467,-17.7331161499,12.0243883133,-1.79362082481,10.0997543335,28.0051269531,72.3180541992,20.8129882812,0.0101232761517],[-65.0136871338,-39.3709144592,51.1308250427,-3.70895123482,7.82942533493,5.14172554016,20.1465625763,11.8256969452,-6.32499694824,5.88375663757,20.8129882812,59.5694160461,15.2286939621],[-103.922027588,15.9745721817,2.30153727531,21.2684345245,8.32849597931,3.48437070847,1.94971442223,-1.46266770363,-0.78682911396,-6.96541833878,0.0101232761517,15.2286939621,53.2658653259]],"icov":[[0.000128713669255,-0.000085433734057,0.000155103218276,-0.0000341901941283,0.0000615770186414,-0.0000996434391709,0.000182115487405,-0.00011446550343,0.000225440700888,-0.000197780173039,0.000322489824612,-0.000239783679717,0.000316733610816],[-0.000085433734057,0.00090776727302,-0.000222961840336,-0.000134498433908,0.00028708105674,-0.000406005710829,-0.000031429444789,0.000607795605902,-0.000491496466566,0.000646790547762,-0.00130987598095,0.00107335986104,-0.000605379813351],[0.000155103218276,-0.000222961840336,0.00183231232222,-0.0000757781454013,-0.00000175850209416,0.000855871767271,-0.00112233345862,-0.000148703009472,0.00076233438449,-0.000970327353571,0.00020182231674,-0.00125300232321,0.000544415146578],[-0.0000341901941283,-0.000134498433908,-0.0000757781454013,0.00290913833305,-0.00036360375816,0.000244143942837,0.0017073370982,-0.00260305148549,0.000923121580854,-0.000423539488111,0.000617356505245,0.000374926603399,-0.00142682914156],[0.0000615770186414,0.00028708105674,-0.00000175850209416,-0.00036360375816,0.00754495244473,-0.00037235909258,-0.00223229150288,0.000858509563841,-0.00080081372289,0.00114634493366,0.0015101635363,-0.000731115054805,-0.000523952301592],[-0.0000996434391709,-0.000406005710829,0.000855871767271,0.000244143942837,-0.00037235909258,0.00766852824017,-0.00274027977139,-0.0019070066046,0.00353527115658,-0.00153299036901,0.00195712177083,-0.000398213829612,-0.000637348508462],[0.000182115487405,-0.000031429444789,-0.00112233345862,0.0017073370982,-0.00223229150288,-0.00274027977139,0.00987787358463,-0.00415048701689,-0.000747968791984,0.00300718541257,-0.00191510410514,-0.000527758093085,0.000317704136251],[-0.00011446550343,0.000607795605902,-0.000148703009472,-0.00260305148549,0.000858509563841,-0.0019070066046,-0.00415048701689,0.0158003903925,-0.00379158649594,-0.000127653314848,0.000572286720853,-0.00250420719385,0.00185964209959],[0.000225440700888,-0.000491496466566,0.00076233438449,0.000923121580854,-0.00080081372289,0.00353527115658,-0.000747968791984,-0.00379158649594,0.0170417819172,-0.00652974564582,0.000801046029665,0.00265169655904,-0.00135748751927],[-0.000197780173039,0.000646790547762,-0.000970327353571,-0.000423539488111,0.00114634493366,-0.00153299036901,0.00300718541257,-0.000127653314848,-0.00652974564582,0.022549033165,-0.00874454062432,-0.000478212139569,0.00242925528437],[0.000322489824612,-0.00130987598095,0.00020182231674,0.000617356505245,0.0015101635363,0.00195712177083,-0.00191510410514,0.000572286720853,0.000801046029665,-0.00874454062432,0.0223080459982,-0.00772655522451,0.00156157161109],[-0.000239783679717,0.00107335986104,-0.00125300232321,0.000374926603399,-0.000731115054805,-0.000398213829612,-0.000527758093085,-0.00250420719385,0.00265169655904,-0.000478212139569,-0.00772655522451,0.024141298607,-0.00771825481206],[0.000316733610816,-0.000605379813351,0.000544415146578,-0.00142682914156,-0.000523952301592,-0.000637348508462,0.000317704136251,0.00185964209959,-0.00135748751927,0.00242925528437,0.00156157161109,-0.00771825481206,0.0227864626795]],"mean":[-727.653625488,148.317901611,31.0307941437,54.7130813599,10.4882316589,19.6231746674,-1.65883934498,6.01033496857,-3.3849067688,3.75623273849,1.33647549152,3.2733745575,1.06665074825]},"pitch_salience":{"dmean":0.0716568678617,"dmean2":0.118100322783,"dvar":0.00396285252646,"dvar2":0.0109281586483,"max":0.892353951931,"mean":0.514477193356,"median":0.527891039848,"min":0.108932770789,"var":0.0135719832033},"silence_rate_20dB":{"dmean":0,"dmean2":0,"dvar":0,"dvar2":0,"max":1,"mean":1,"median":1,"min":1,"var":0},"silence_rate_30dB":{"dmean":0.039582464844,"dmean2":0.079171538353,"dvar":0.0380124263465,"dvar2":0.089604511857,"max":1,"mean":0.93679022789,"median":1,"min":0,"var":0.0592074431479},"silence_rate_60dB":{"dmean":0.00133611692581,"dmean2":0.00267245690338,"dvar":0.00133445323445,"dvar2":0.00283282855526,"max":1,"mean":0.0701402798295,"median":0,"min":0,"var":0.0652210637927},"spectral_centroid":{"dmean":184.994613647,"dmean2":270.211364746,"dvar":97360.296875,"dvar2":165844.09375,"max":10640.6035156,"mean":663.648010254,"median":442.886169434,"min":125.535346985,"var":499973.3125},"spectral_complexity":{"dmean":2.73469734192,"dmean2":4.27626514435,"dvar":26.6210899353,"dvar2":54.4097366333,"max":58,"mean":9.64637565613,"median":7,"min":0,"var":75.4295043945},"spectral_contrast_coeffs":{"dmean":[0.0479005239904,0.0473591424525,0.0357086770236,0.0314292907715,0.0212307237089,0.0378878153861],"dmean2":[0.0789383947849,0.0753755196929,0.0586919188499,0.0505867823958,0.033828780055,0.0582243874669],"dvar":[0.00147355243098,0.00136729481164,0.000800277397502,0.000652201764751,0.000322693871567,0.00114062172361],"dvar2":[0.00407022004947,0.00353841227479,0.002105925465,0.0016358421417,0.000785224430729,0.00269636791199],"max":[-0.376832008362,-0.41375169158,-0.581757605076,-0.554754972458,-0.611180663109,-0.395065039396],"mean":[-0.680475473404,-0.742767512798,-0.83884036541,-0.838724315166,-0.843582570553,-0.759155273438],"median":[-0.684759616852,-0.748002052307,-0.843675851822,-0.84957832098,-0.849536955357,-0.766451835632],"min":[-0.979039430618,-0.970698595047,-0.975809156895,-0.977267682552,-0.965575575829,-0.956190824509],"var":[0.00727900629863,0.00560424337164,0.00270543713123,0.00383988395333,0.0020849884022,0.00486451061442]},"spectral_contrast_valleys":{"dmean":[0.328252315521,0.369673550129,0.428595989943,0.411653786898,0.379003733397,0.64898443222],"dmean2":[0.546887695789,0.596600949764,0.685751318932,0.637673556805,0.5374391675,0.965551495552],"dvar":[0.0882641449571,0.0979157760739,0.136256381869,0.150005057454,0.157528355718,0.292700231075],"dvar2":[0.209894374013,0.238310754299,0.320378810167,0.323037654161,0.288965344429,0.645615100861],"max":[-4.78730821609,-4.57000398636,-5.87807703018,-5.93284606934,-5.09900951385,-8.55903816223],"mean":[-6.63556003571,-7.11651277542,-8.16891765594,-8.51205635071,-8.33093738556,-11.2199792862],"median":[-6.3509979248,-6.93336629868,-7.97562932968,-8.32493400574,-8.16570091248,-11.0255002975],"min":[-27.2688446045,-26.7745037079,-27.11967659,-27.5048923492,-27.2025222778,-27.2536773682],"var":[1.79217255116,1.79351139069,1.88442873955,1.95593070984,1.92268776894,1.61891722679]},"spectral_decrease":{"dmean":3.53181017765e-9,"dmean2":5.63697177824e-9,"dvar":3.05553768483e-17,"dvar2":8.10726534331e-17,"max":7.92758569901e-9,"mean":-9.94080462391e-9,"median":-7.89036658233e-9,"min":-1.02592309759e-7,"var":7.87079889073e-17},"spectral_energy":{"dmean":0.0140235116705,"dmean2":0.0222706533968,"dvar":0.000448531121947,"dvar2":0.00118209072389,"max":0.39999499917,"mean":0.0483914129436,"median":0.041609287262,"min":1.04658744276e-20,"var":0.00133266474586},"spectral_energyband_high":{"dmean":0.000292827404337,"dmean2":0.000439444294898,"dvar":7.95360961092e-7,"dvar2":0.00000176509320227,"max":0.0160108748823,"mean":0.000419590302045,"median":0.00011728030222,"min":7.58447315867e-21,"var":0.00000119197613913},"spectral_energyband_low":{"dmean":0.0108846351504,"dmean2":0.0179489925504,"dvar":0.000329155125655,"dvar2":0.000934447976761,"max":0.33050969243,"mean":0.0283473264426,"median":0.0212785713375,"min":1.35089918286e-22,"var":0.000723363715224},"spectral_energyband_middle_high":{"dmean":0.000717910472304,"dmean2":0.00107856292743,"dvar":0.0000036191070194,"dvar2":0.00000769712005422,"max":0.0458004623652,"mean":0.00158299994655,"median":0.000283364381175,"min":1.54667355788e-21,"var":0.0000141635709952},"spectral_energyband_middle_low":{"dmean":0.00446498347446,"dmean2":0.00673692720011,"dvar":0.0000419705938839,"dvar2":0.0000920191960176,"max":0.160107821226,"mean":0.0131494095549,"median":0.00793018378317,"min":2.58921592386e-22,"var":0.000228261109442},"spectral_entropy":{"dmean":0.298950910568,"dmean2":0.430870145559,"dvar":0.0776054933667,"dvar2":0.158624708652,"max":9.78931236267,"mean":7.13461637497,"median":7.16382551193,"min":5.16525268555,"var":0.283974468708},"spectral_flux":{"dmean":0.0237296484411,"dmean2":0.0386407449841,"dvar":0.000767694262322,"dvar2":0.0019060006598,"max":0.482844382524,"mean":0.0905808210373,"median":0.0857709422708,"min":1.02302853688e-10,"var":0.00253916974179},"spectral_kurtosis":{"dmean":3.43785715103,"dmean2":4.91836738586,"dvar":16.3929309845,"dvar2":36.093120575,"max":68.7943878174,"mean":10.8850460052,"median":9.66508579254,"min":-1.24231410027,"var":38.8008766174},"spectral_rms":{"dmean":0.000916422868613,"dmean2":0.00143314339221,"dvar":0.00000113363489618,"dvar2":0.00000285024657387,"max":0.0197544693947,"mean":0.0063237445429,"median":0.00637137563899,"min":3.19540444452e-12,"var":0.00000722124832464},"spectral_rolloff":{"dmean":4658.63427734,"dmean2":9067.29003906,"dvar":68029584,"dvar2":161267408,"max":22006.9335938,"mean":6886.52978516,"median":495.263671875,"min":21.533203125,"var":90068504},"spectral_skewness":{"dmean":0.377107709646,"dmean2":0.520332992077,"dvar":0.150700867176,"dvar2":0.298451274633,"max":6.68051624298,"mean":2.33727049828,"median":2.26028060913,"min":0.055698569864,"var":0.526845633984},"spectral_spread":{"dmean":731718.4375,"dmean2":1024222.375,"dvar":556593840128,"dvar2":984549228544,"max":42162324,"mean":4882056.5,"median":4640395,"min":1867190.375,"var":2828097290240},"spectral_strongpeak":{"dmean":1.78532266617,"dmean2":3.3768825531,"dvar":107.766944885,"dvar2":301.754730225,"max":165.278503418,"mean":1.39573407173,"median":0.239532142878,"min":0,"var":71.5678100586},"zerocrossingrate":{"dmean":0.0406632870436,"dmean2":0.052598092705,"dvar":0.00118194392417,"dvar2":0.00196696445346,"max":0.63916015625,"mean":0.213179528713,"median":0.2041015625,"min":0.00537109375,"var":0.00714739970863}},"metadata":{"audio_properties":{"analysis_sample_rate":44100,"bit_rate":162220,"codec":"mp3","downmix":"mix","equal_loudness":0,"length":278.047332764,"lossless":false,"md5_encoded":"9fc0149ae50c8a3f6101ec7c38292a68","replay_gain":1.05370903015},"tags":{"album":["We Can't Dance"],"albumartist":["Genesis"],"albumartistsort":["Genesis"],"artist":["Genesis"],"artistsort":["Genesis"],"date":["1991-11-12"],"discnumber":["1/1"],"file_name":"09 - Hold On My Heart.mp3","mp3gain_album_minmax":["000,191"],"mp3gain_minmax":["138,188"],"mp3gain_undo":["+004,+004,N"],"musicbrainz album release country":["US"],"musicbrainz album type":["album"],"musicbrainz_albumartistid":["8e3fcd7d-bda1-4ca0-b987-b8528d2ee74e"],"musicbrainz_albumid":["e5d7e6c9-6063-478e-a0de-a45294605f9d"],"musicbrainz_artistid":["8e3fcd7d-bda1-4ca0-b987-b8528d2ee74e"],"musicbrainz_recordingid":["12c774a5-feff-4feb-a3c9-424b5d87bade"],"musicbrainz_releasegroupid":["1f94530c-4206-3c2f-a3e8-8f9bed86590e"],"performer:background vocals":["Mike Rutherford","Tony Banks"],"performer:bass guitar and guitars":["Mike Rutherford"],"performer:drums and percussion":["Phil Collins"],"performer:keyboard":["Tony Banks"],"performer:lead vocals":["Phil Collins"],"title":["Hold On My Heart"],"tracknumber":["9/12"]},"version":{"essentia":"2.1-beta1","essentia_build_sha":"0a826ad6289770054bb7564d59068f1232327ff9","essentia_git_sha":"v2.1_beta1-5-gf9dded9","extractor":"music 1.0"}},"rhythm":{"beats_count":397,"beats_loudness":{"dmean":0.0449323952198,"dmean2":0.0797660499811,"dvar":0.00258902320638,"dvar2":0.00690119760111,"max":0.368795603514,"mean":0.0655142366886,"median":0.0535768382251,"min":8.51314307937e-9,"var":0.00254698423669},"beats_loudness_band_ratio":{"dmean":[0.203757077456,0.12114790827,0.0392263568938,0.0126566393301,0.040963884443,0.0996261537075],"dmean2":[0.359859496355,0.211640462279,0.0701520740986,0.0236572995782,0.0783293396235,0.180321991444],"dvar":[0.026194088161,0.012267338112,0.00451730610803,0.000316211604513,0.0026819112245,0.0068