{"lowlevel":{"average_loudness":0.0976710394025,"barkbands":{"dmean":[0.000634296739008,0.00107221538201,0.00109392870218,0.0021326825954,0.00073681230424,0.000637422432192,0.000497804488987,0.000243283240707,0.000162948461366,0.000235767685808,0.000133969268063,0.000112555928354,0.0000384940576623,0.0000246034760494,0.000045755517931,0.0000404414131481,0.0000831384313642,0.0000288898263534,0.0000110738601506,0.00000244359921453,8.97062363947e-7,2.17906716671e-7,1.0377131332e-7,7.940371205e-8,6.27733243164e-8,1.6522605506e-9,1.30467481263e-9],"dmean2":[0.000914153933991,0.0017432840541,0.00168101675808,0.00321802264079,0.0011524342699,0.00106398703065,0.000792816397734,0.000397287134547,0.000266261340585,0.000355399068212,0.000200981419766,0.000152527238242,0.000057026369177,0.0000369150438928,0.0000633503223071,0.0000604097294854,0.000123275240185,0.0000416800830862,0.0000175670356839,0.00000356394843948,0.00000146744844187,3.4586994957e-7,1.83627946626e-7,1.4023154904e-7,1.13861339912e-7,2.86208989841e-9,2.31930274985e-9],"dvar":[0.00000173739465481,0.00000559062618777,0.00000905619890545,0.0000402937548643,0.000003253604973,0.00000373848206436,0.00000289055515168,5.75999990815e-7,1.03485817249e-7,7.66479786307e-7,4.10976440435e-7,1.85197535529e-7,1.43423459775e-8,7.56212870101e-9,5.02237718081e-8,3.28769971247e-8,1.45183776112e-7,1.5758493177e-8,2.66205812949e-9,1.3292673906e-10,3.39505749902e-11,2.37780108103e-12,3.24158506027e-13,1.59696339269e-13,9.27488270105e-14,3.64515698854e-17,2.56335612138e-17],"dvar2":[0.00000378460981665,0.0000145001067722,0.0000178176233021,0.0000876747435541,0.00000754434222472,0.00000909582286113,0.00000592287597101,0.00000138312293529,2.52037409609e-7,0.00000154040867528,9.59702902037e-7,3.39813198025e-7,2.84424430674e-8,1.42734073449e-8,9.28071060002e-8,7.20549735433e-8,3.16120747357e-7,2.92735062857e-8,6.48867937159e-9,2.80700351851e-10,9.04580507721e-11,6.35315281286e-12,9.07075846726e-13,4.17881658096e-13,2.90094771122e-13,1.04990322765e-16,7.51657500615e-17],"max":[0.020084798336,0.0339714065194,0.0825919955969,0.172612771392,0.0378233194351,0.0636198446155,0.065123423934,0.0143247870728,0.007842076011,0.0334844477475,0.0181270614266,0.012514767237,0.00307945138775,0.0029792804271,0.0087005244568,0.00803795829415,0.0113022681326,0.00351038319059,0.00121574068908,0.000256510073086,0.000223182520131,0.0000598204496782,0.0000092258769655,0.00000566305925531,0.00000422403581979,2.10902570075e-7,1.99528628286e-7],"mean":[0.00125280895736,0.00176269398071,0.00333772483282,0.00597196025774,0.00170384685043,0.00176326395012,0.000930219888687,0.000345100648701,0.000289812043775,0.000490081729367,0.000359933270374,0.000297219026834,0.0000728056620574,0.0000500602109241,0.0000812945290818,0.0000707153376425,0.000146376041812,0.0000503469345858,0.0000178192349267,0.00000430520140071,0.00000105547155727,2.34630832097e-7,1.04972123438e-7,1.00677858939e-7,6.33462633459e-8,3.91469212602e-9,3.21069393294e-9],"median":[0.0000487940051244,0.000375552015612,0.000333891512128,0.0003624180099,0.000267924624495,0.000310380477458,0.000191984290723,0.00011416770576,0.000117516363389,0.000052955285355,0.000017764767108,0.00000760047305448,0.00000784645635576,0.00000414476562582,0.00000372971408069,0.00000272293891612,0.00000214331976167,6.64402818984e-7,4.15066608639e-7,2.29823115205e-7,4.45700294449e-8,1.63970703682e-8,5.00073360499e-9,3.4988349995e-9,3.44131612096e-9,2.31553864971e-9,2.21899609798e-9],"min":[2.82716558497e-11,1.0842624576e-9,1.94679466992e-10,6.43865724625e-11,1.15341003415e-9,4.72543604246e-9,5.91209792233e-9,8.76890282608e-10,1.07166153729e-9,2.53972148867e-10,3.20023174627e-11,3.80321503457e-11,1.70047292219e-11,3.89101285914e-11,4.84786412402e-11,4.82322619344e-11,5.78881248492e-11,3.55532304985e-11,4.77192313442e-11,4.97505370234e-11,1.00868140229e-10,8.76788919246e-11,2.06990063978e-10,2.12355799611e-10,1.69380051651e-10,2.63088800745e-10,5.03280195296e-10],"var":[0.00000643745806883,0.0000106826619231,0.0000645778927719,0.000228400298511,0.0000145309722939,0.0000262552803179,0.0000105931940197,7.2458141176e-7,2.66469186272e-7,0.00000294379742627,0.00000182837561624,0.00000109978032015,4.12325533716e-8,2.57762291511e-8,1.33280096293e-7,8.69133671699e-8,3.05548752522e-7,3.55118423556e-8,5.09012298977e-9,2.81603518282e-10,3.16869204486e-11,1.95273831827e-12,3.02016739525e-13,2.56478540663e-13,1.01605308639e-13,3.47636118926e-17,1.78629653281e-17]},"barkbands_crest":{"dmean":2.30049014091,"dmean2":3.73315000534,"dvar":4.68423032761,"dvar2":11.3511199951,"max":26.4414253235,"mean":12.2327528,"median":11.7136516571,"min":2.85856032372,"var":18.7266159058},"barkbands_flatness_db":{"dmean":0.0260486640036,"dmean2":0.0390762984753,"dvar":0.000763116346207,"dvar2":0.00150349142496,"max":0.535143733025,"mean":0.315625429153,"median":0.310099393129,"min":0.0892669856548,"var":0.00522201927379},"barkbands_kurtosis":{"dmean":5.8946313858,"dmean2":9.32397270203,"dvar":560.876220703,"dvar2":1447.54418945,"max":955.532470703,"mean":11.1504888535,"median":4.80749893188,"min":-1.81456935406,"var":673.638000488},"barkbands_skewness":{"dmean":0.611575067043,"dmean2":0.958446204662,"dvar":0.746099412441,"dvar2":1.69227278233,"max":26.7679519653,"mean":2.00863218307,"median":1.64723229408,"min":-2.12032771111,"var":3.08642888069},"barkbands_spread":{"dmean":1.63057494164,"dmean2":2.47573375702,"dvar":6.40683364868,"dvar2":12.0242137909,"max":46.7668228149,"mean":6.04428625107,"median":4.57700443268,"min":0.162406429648,"var":33.0186347961},"dissonance":{"dmean":0.0340867601335,"dmean2":0.0579033531249,"dvar":0.00105429429095,"dvar2":0.00297744153067,"max":0.499974638224,"mean":0.434484094381,"median":0.446977704763,"min":0.128976941109,"var":0.00235277065076},"dynamic_complexity":8.10240840912,"erbbands":{"dmean":[0.0555262044072,0.18014845252,0.867375254631,5.02644968033,3.79136681557,2.48078560829,3.92031359673,6.13862514496,4.99343633652,8.75814723969,5.09208011627,3.82890439034,7.36187362671,4.26991796494,5.98161411285,4.84735631943,2.03171157837,1.34684145451,1.95695924759,2.10970568657,2.35694289207,4.63077306747,1.90716350079,0.910852313042,0.306249797344,0.101359978318,0.0566265843809,0.0238189529628,0.00918614119291,0.00445455079898,0.0027617693413,0.00162538094446,0.00157465715893,0.00130706466734,0.0000913379990379,0.00000957741849561,0.00000430970476373,0.00000106825325474,0.0000025300867037,0.00000591911975789],"dmean2":[0.092076048255,0.289450109005,1.35111165047,7.45112037659,5.85254001617,3.88012480736,6.53972434998,10.1392660141,8.00353145599,14.1069011688,8.24451065063,6.22831535339,11.373131752,6.3672375679,9.1380443573,6.19048786163,2.82762718201,2.01981782913,2.66132307053,3.07761502266,3.38956236839,6.80464220047,2.86156702042,1.44735062122,0.451736629009,0.149153605103,0.0920008942485,0.0387211702764,0.0146716320887,0.00768026523292,0.00477705150843,0.00283155613579,0.00283905654214,0.00236257351935,0.000164077675436,0.0000162583401107,0.00000691197965352,0.00000181029417945,0.000003699276931,0.00000868934057507],"dvar":[0.0144719956443,0.193864971399,4.86605882645,216.291366577,123.954734802,45.1000175476,110.518417358,412.692779541,185.073898315,909.631652832,183.399108887,68.3173751831,887.984436035,203.232971191,831.940429688,356.206787109,35.5349388123,20.7050933838,116.94329071,71.4905395508,100.999633789,493.442352295,71.9410552979,16.7523269653,2.24164128304,0.220806002617,0.100351475179,0.0283996574581,0.0039319335483,0.00076515058754,0.000257491599768,0.0000701839016983,0.0000655037583783,0.0000411325090681,1.39043720537e-7,9.67317559386e-10,1.36005900986e-10,1.32895474139e-11,2.43939677486e-11,1.35390351708e-10],"dvar2":[0.0389473326504,0.50549864769,10.2182502747,418.631958008,278.430267334,104.38885498,297.141418457,959.647827148,396.580444336,2083.06518555,428.065979004,164.845062256,1889.33996582,408.173309326,2100.4375,533.611328125,64.8232192993,37.5247497559,216.336990356,129.38899231,213.140029907,1094.15258789,141.402801514,38.8484916687,5.25994300842,0.439432501793,0.265071958303,0.076819293201,0.0104269152507,0.00202721403912,0.000688692554832,0.000178398375283,0.000187874262338,0.000127610881464,4.15743869553e-7,2.7443818329e-9,3.69409225431e-10,3.76171767347e-11,4.53103075893e-11,2.51556053765e-10],"max":[1.24340653419,6.94894933701,52.0985069275,500.763000488,263.209197998,197.838058472,489.084381104,766.579284668,455.676818848,856.888305664,286.477142334,209.030166626,1240.0723877,409.41519165,864.196655273,649.011657715,133.438552856,173.560821533,468.220581055,255.091293335,302.548095703,746.813171387,203.949615479,101.567955017,29.92603302,11.7309808731,10.9611988068,6.76312160492,2.27369141579,0.980238974094,0.270931392908,0.132645055652,0.114795297384,0.0846414640546,0.00466621899977,0.000903217354789,0.000388023123378,0.000131716049509,0.000135882233735,0.000323403684888],"mean":[0.0794059410691,0.323637723923,2.53840494156,15.7543287277,9.0681438446,6.01440477371,8.53056716919,18.1081867218,9.51600074768,15.1598119736,8.01619625092,7.08107328415,15.1727466583,9.3309545517,16.1914730072,14.230471611,4.53306341171,2.83344316483,3.81176400185,3.95637536049,4.62240982056,8.19589424133,3.38952541351,1.57692027092,0.522212088108,0.186883375049,0.0733735561371,0.029025349766,0.0097708683461,0.00483074085787,0.00283260294236,0.00197401759215,0.00183327146806,0.00133789691608,0.000114357564598,0.0000249055810855,0.0000140943511724,0.00000287935336019,0.00000923034531297,0.000021046744223],"median":[0.00963658280671,0.0941389501095,0.458828926086,0.866707980633,0.925630331039,0.880337953568,1.95166039467,2.53761816025,2.90007734299,3.32050037384,2.90656757355,2.74284505844,1.87627267838,1.29839229584,0.608820080757,0.368036866188,0.431971073151,0.261531412601,0.182117953897,0.234537184238,0.128640294075,0.115109533072,0.0405555553734,0.0306768789887,0.0169611014426,0.0104529848322,0.00411888491362,0.00129643571563,0.000597439240664,0.000242173584411,0.000133753055707,0.0000886549096322,0.0000662326056045,0.0000551025332243,0.0000255613158515,0.0000144463938341,0.00000827107578516,0.00000170219027495,0.00000353450263901,0.00000734711557016],"min":[8.11574238924e-8,1.14911991034e-7,2.13251624359e-7,3.47734840034e-7,0.00000228796830015,0.00000495890162711,0.0000170836901816,0.0000427095219493,0.0000993599314825,0.0000725972131477,0.0000402825062338,0.0000210564558074,0.0000118962379929,0.00000493992001793,0.00000179480980478,0.00000180467372957,0.00000117297486213,0.00000287201169158,0.00000243940371547,0.00000482666973767,0.000003538045803,0.00000383365477319,0.00000251776532423,0.00000263146102952,0.000002543017672,0.0000025453859962,0.00000521217680216,0.00000397197845814,0.00000369091617358,0.00000400871658712,0.00000625132133791,0.00000620793025519,0.00000242464579969,0.00000172696729805,0.00000131466651965,8.60778300193e-7,5.17077182849e-7,2.31043713939e-7,5.57592905182e-8,1.52970915934e-8],"var":[0.0263115484267,0.364861398935,29.431312561,1561.60070801,504.64743042,232.797088623,432.799285889,3517.32666016,562.174316406,2545.59204102,268.326446533,178.413726807,3144.59228516,686.270263672,3925.69140625,2680.55786133,149.694641113,78.9045791626,339.128112793,189.500213623,276.510223389,974.538452148,151.938446045,37.6585197449,4.35074138641,0.503594756126,0.114684060216,0.0252979192883,0.0033130669035,0.000721309275832,0.000242655456532,0.0000988256651908,0.0000886277266545,0.0000475409178762,1.49721103071e-7,1.17667275923e-9,2.91370788608e-10,1.47226189573e-11,1.97276306402e-10,1.0956731078e-9]},"erbbands_crest":{"dmean":2.40803837776,"dmean2":4.00840520859,"dvar":5.19360017776,"dvar2":13.453168869,"max":31.0091781616,"mean":10.877831459,"median":9.78859138489,"min":2.8640332222,"var":22.8057727814},"erbbands_flatness_db":{"dmean":0.0171040315181,"dmean2":0.0268060099334,"dvar":0.000330301380018,"dvar2":0.000690614979248,"max":0.508227407932,"mean":0.293539255857,"median":0.299330025911,"min":0.0769256651402,"var":0.00295352726243},"erbbands_kurtosis":{"dmean":1.24165761471,"dmean2":2.03527021408,"dvar":2.60511922836,"dvar2":6.61003541946,"max":24.6667137146,"mean":1.75291991234,"median":0.884000897408,"min":-1.86873161793,"var":8.83169269562},"erbbands_skewness":{"dmean":0.353331059217,"dmean2":0.569025814533,"dvar":0.118050687015,"dvar2":0.282235473394,"max":4.36852455139,"mean":0.680223286152,"median":0.660579442978,"min":-3.20146679878,"var":0.688162922859},"erbbands_spread":{"dmean":3.80560922623,"dmean2":5.91199922562,"dvar":19.7537555695,"dvar2":42.0369758606,"max":77.4774017334,"mean":18.3807411194,"median":16.527507782,"min":1.66294956207,"var":108.137496948},"gfcc":{"cov":[[10778.1806641,1492.82348633,-2156.82836914,185.53956604,1274.9744873,476.678710938,-104.498672485,-1039.93200684,101.494735718,133.593093872,135.077529907,-83.6473693848,410.569458008],[1492.82348633,897.095275879,31.0025196075,-349.371734619,403.06060791,15.0724287033,111.2787323,-284.563476562,-45.775062561,46.389705658,8.71546459198,-1.6499158144,25.0351104736],[-2156.82836914,31.0025196075,944.587585449,-58.4007873535,-145.350921631,-21.3055152893,170.856933594,140.817520142,-32.3574752808,-53.8549537659,18.0157394409,7.06345129013,-96.469291687],[185.53956604,-349.371734619,-58.4007873535,634.9375,106.96988678,214.592391968,76.6601257324,127.116378784,70.2621459961,-174.983200073,72.919883728,-24.3139762878,27.1144943237],[1274.9744873,403.06060791,-145.350921631,106.96988678,559.885253906,223.213989258,146.02784729,-135.880599976,50.9636611938,-38.8217086792,40.7510986328,-7.9748210907,54.2098846436],[476.678710938,15.0724287033,-21.3055152893,214.592391968,223.213989258,365.911437988,131.812561035,-37.7320518494,130.093154907,7.45761108398,108.036460876,15.4470567703,82.1524124146],[-104.498672485,111.2787323,170.856933594,76.6601257324,146.02784729,131.812561035,224.827545166,15.8657770157,10.4657592773,-58.5630226135,42.9341926575,24.1818161011,2.86026978493],[-1039.93200684,-284.563476562,140.817520142,127.116378784,-135.880599976,-37.7320518494,15.8657770157,224.512420654,22.1181659698,-50.2538604736,-7.37141656876,-2.01637196541,-37.4688301086],[101.494735718,-45.775062561,-32.3574752808,70.2621459961,50.9636611938,130.093154907,10.4657592773,22.1181659698,200.50038147,153.421661377,42.8112373352,30.4466495514,84.6223449707],[133.593093872,46.389705658,-53.8549537659,-174.983200073,-38.8217086792,7.45761108398,-58.5630226135,-50.2538604736,153.421661377,286.150695801,28.1189861298,40.2906761169,81.4319458008],[135.077529907,8.71546459198,18.0157394409,72.919883728,40.7510986328,108.036460876,42.9341926575,-7.37141656876,42.8112373352,28.1189861298,163.939727783,65.1673965454,57.5824890137],[-83.6473693848,-1.6499158144,7.06345129013,-24.3139762878,-7.9748210907,15.4470567703,24.1818161011,-2.01637196541,30.4466495514,40.2906761169,65.1673965454,102.93862915,64.1658554077],[410.569458008,25.0351104736,-96.469291687,27.1144943237,54.2098846436,82.1524124146,2.86026978493,-37.4688301086,84.6223449707,81.4319458008,57.5824890137,64.1658554077,124.585784912]],"icov":[[0.000669999280944,-0.00119275390171,0.00128204363864,-0.00099993951153,0.000311666401103,0.0000716185968486,-0.000154554363689,0.0013843216002,0.0000521132787981,-0.000137144583277,-0.000311387615511,0.00105243711732,-0.000864785048179],[-0.00119275390171,0.00775350397453,-0.00320130144246,0.00517777493224,-0.00419544661418,0.00304375053383,-0.00186593167018,0.00224121590145,-0.00276547437534,0.00284781167284,-0.00194780086167,0.00161676539574,-0.000613146519754],[0.00128204363864,-0.00320130144246,0.00430200062692,-0.00198211683892,0.0018163692439,-0.000321881263517,-0.0016399823362,0.00133391132113,0.00000900009854377,-0.000440345029347,-0.000716585025657,0.00153599155601,-0.000136595612275],[-0.00099993951153,0.00517777493224,-0.00198211683892,0.00781699735671,-0.00247185816988,0.00105773366522,-0.000906698056497,-0.000816505402327,-0.00551334582269,0.00662037683651,-0.00291041191667,0.00297831743956,-0.00159906421322],[0.000311666401103,-0.00419544661418,0.0018163692439,-0.00247185816988,0.00613405974582,-0.00243808794767,-0.00106238154694,-0.000080396712292,-0.000286102032987,-0.0000384507729905,0.0013076098403,-0.000526498886757,0.000585490779486],[0.0000716185968486,0.00304375053383,-0.000321881263517,0.00105773366522,-0.00243808794767,0.0103713795543,-0.00454421248287,0.00544143328443,-0.00790326111019,0.00439682044089,-0.00527516193688,0.00594029156491,-0.00349137908779],[-0.000154554363689,-0.00186593167018,-0.0016399823362,-0.000906698056497,-0.00106238154694,-0.00454421248287,0.0104091791436,-0.0036137981806,0.00253686564974,-0.000503447663505,0.00191058369819,-0.0054925000295,0.0024963808246],[0.0013843216002,0.00224121590145,0.00133391132113,-0.000816505402327,-0.000080396712292,0.00544143328443,-0.0036137981806,0.0162463001907,-0.00840074010193,0.00514384219423,-0.00296058924869,0.00403517484665,-0.000751899147872],[0.0000521132787981,-0.00276547437534,0.00000900009854377,-0.00551334582269,-0.000286102032987,-0.00790326111019,0.00253686564974,-0.00840074010193,0.0255933981389,-0.0166922397912,0.00538110267371,-0.00363166653551,-0.00274800951593],[-0.000137144583277,0.00284781167284,-0.000440345029347,0.00662037683651,-0.0000384507729905,0.00439682044089,-0.000503447663505,0.00514384219423,-0.0166922397912,0.0175136886537,-0.004577124957,0.0041604237631,-0.00336281768978],[-0.000311387615511,-0.00194780086167,-0.000716585025657,-0.00291041191667,0.0013076098403,-0.00527516193688,0.00191058369819,-0.00296058924869,0.00538110267371,-0.004577124957,0.0129333203658,-0.00964489113539,0.00179784058128],[0.00105243711732,0.00161676539574,0.00153599155601,0.00297831743956,-0.000526498886757,0.00594029156491,-0.0054925000295,0.00403517484665,-0.00363166653551,0.0041604237631,-0.00964489113539,0.0265879556537,-0.0150888152421],[-0.000864785048179,-0.000613146519754,-0.000136595612275,-0.00159906421322,0.000585490779486,-0.00349137908779,0.0024963808246,-0.000751899147872,-0.00274800951593,-0.00336281768978,0.00179784058128,-0.0150888152421,0.0240107979625]],"mean":[-224.144714355,214.893249512,-105.356872559,-6.26327085495,-25.191778183,-25.4494972229,-17.4701957703,4.78104782104,-14.8887834549,-17.0069179535,-4.62353277206,-12.9018707275,-3.46188545227]},"hfc":{"dmean":1.54102134705,"dmean2":2.15214300156,"dvar":14.7932329178,"dvar2":25.7366218567,"max":96.3626022339,"mean":5.48322153091,"median":1.47958028316,"min":0.0000725093341316,"var":95.9316329956},"melbands":{"dmean":[0.000400721881306,0.000370049470803,0.000820398156065,0.000190634003957,0.000129334817757,0.000128805360873,0.0000844774403959,0.0000859032734297,0.0000422878438258,0.0000224966352107,0.000037408361095,0.0000178784885065,0.0000186067463801,0.000013587844478,0.0000091908577815,0.00000313943723995,0.00000258631553152,0.00000292882646136,0.00000324009261021,0.00000274112812804,0.00000290431626127,0.00000529758153789,0.00000314666067425,0.00000115328430184,7.57657915074e-7,2.84424146457e-7,1.30072606908e-7,6.33165342379e-8,4.09903613274e-8,2.67619508776e-8,8.79622952255e-9,5.30132204801e-9,3.71153952017e-9,2.11607065204e-9,1.57140722656e-9,1.25843391263e-9,9.35784782996e-10,9.340529461e-10,1.50332180038e-9,9.40419742079e-10],"dmean2":[0.000652520393487,0.000576225225814,0.00122400885448,0.000294449564535,0.000211368620512,0.00021343572007,0.000134868489113,0.000137990879011,0.0000688829750288,0.0000367277061741,0.0000573963989154,0.0000267158939096,0.0000281939646811,0.0000192138395505,0.0000123617865029,0.00000476583727504,0.00000388575062971,0.00000408769710702,0.00000459967577626,0.0000041994262574,0.00000419705474997,0.00000774872660259,0.00000479764048578,0.00000163231402439,0.00000124533221424,4.35945025856e-7,2.00378707405e-7,9.96501015038e-8,6.78636240536e-8,4.35342926153e-8,1.45469707391e-8,8.58087112476e-9,5.86693627014e-9,3.75341313585e-9,2.68030331263e-9,2.21232587805e-9,1.59780966236e-9,1.66151836734e-9,2.74880984641e-9,1.69350644619e-9],"dvar":[7.11319444235e-7,7.31640909635e-7,0.00000536499737791,2.62241684368e-7,1.02176962002e-7,1.66188073081e-7,6.63103421061e-8,8.35468938476e-8,1.00803436709e-8,2.25704033241e-9,2.24532872295e-8,4.00206134898e-9,8.46469028204e-9,3.26348859048e-9,1.08610542782e-9,7.91225418517e-11,7.99812854835e-11,2.44431114238e-10,2.14095505213e-10,1.5983131485e-10,1.4508211299e-10,5.92142890277e-10,2.26891672117e-10,2.47303410389e-11,1.19685346703e-11,1.90325728268e-12,4.2726350344e-13,8.5622115409e-14,4.64523778059e-14,4.40809633804e-14,3.09178820682e-15,1.42320127512e-15,5.95882225619e-16,1.37657213784e-16,7.84491276977e-17,5.88712449062e-17,2.23628129711e-17,2.27916101658e-17,6.22398353805e-17,1.95228256499e-17],"dvar2":[0.0000018692443291,0.00000159009414347,0.0000111223562271,5.98787664785e-7,2.65530019306e-7,3.90192383293e-7,1.34317303946e-7,1.9391312378e-7,2.36758666006e-8,5.53192780473e-9,4.72911843019e-8,7.93359866691e-9,1.99606304818e-8,6.65011512524e-9,1.83978476898e-9,1.68084324237e-10,1.42981695928e-10,4.60094129462e-10,4.06420008758e-10,3.26182275634e-10,2.988475023e-10,1.27965948948e-9,5.19299825363e-10,4.64913975373e-11,2.90869620057e-11,4.23486115966e-12,9.76872662622e-13,1.95084711731e-13,1.2354234389e-13,1.20807809828e-13,8.10953578866e-15,3.85970594746e-15,1.51761601434e-15,3.7822657485e-16,2.04316999432e-16,1.60012689663e-16,5.43433475686e-17,6.30743282696e-17,1.91461567157e-16,6.02640780914e-17],"max":[0.00984887499362,0.0186227858067,0.0690419301391,0.0110894376412,0.0128493160009,0.0150442756712,0.00993405655026,0.00761684542522,0.00188657687977,0.0011454197811,0.00624843593687,0.00186080147978,0.00267553818412,0.00173871673178,0.000997198163532,0.000202242750674,0.000371753005311,0.000676398572978,0.000494487117976,0.000540993758477,0.000275060592685,0.000707211729605,0.000462593859993,0.000115318762255,0.0000938451048569,0.0000347571767634,0.0000150182931975,0.0000094303768492,0.00000628876068731,0.00000871751672094,0.00000212098802876,0.00000142335852615,8.34908803427e-7,3.82361207585e-7,1.51320776354e-7,1.29993225073e-7,7.0915774586e-8,6.78594673786e-8,1.11014429649e-7,5.57740520435e-8],"mean":[0.000671934743878,0.00104086869396,0.00245913933031,0.000455439410871,0.000307555339532,0.00037009594962,0.000164791665156,0.000146751859575,0.0000647703345749,0.0000417910523538,0.0000762439303799,0.000036154899135,0.0000483138792333,0.0000403931553592,0.0000234237613768,0.00000594276252741,0.00000504061654283,0.00000553490144739,0.00000567152437725,0.00000492594836032,0.0000056735666476,0.00000942048700381,0.00000472112924399,0.00000204077696253,0.00000122587402984,4.6827000233e-7,2.21045254989e-7,1.00799994129e-7,5.09671167492e-8,3.15447081789e-8,1.07054285436e-8,5.60016610862e-9,3.69895181151e-9,2.20882734325e-9,1.63278313092e-9,1.26440025117e-9,1.18889709189e-9,1.12143050401e-9,1.53873713771e-9,9.58860213451e-10],"median":[0.000116519920994,0.000249851669651,0.000173640321009,0.0000634165480733,0.0000651218288112,0.0000562622662983,0.0000479618975078,0.0000343421852449,0.0000229223514907,0.0000159819228429,0.00000848260879138,0.00000468640519102,0.00000218493346438,9.55138602876e-7,8.89093939804e-7,7.49497303332e-7,4.00366388931e-7,2.89219173055e-7,2.86038925879e-7,2.63508667331e-7,1.29990198161e-7,1.31178921947e-7,4.50491839388e-8,3.03448750572e-8,2.4779801322e-8,1.31218467203e-8,9.33834698458e-9,6.2159033476e-9,2.646743269e-9,1.00138564108e-9,6.17992879093e-10,3.85486254029e-10,1.60057578302e-10,1.14231082926e-10,7.40986300096e-11,5.33239355449e-11,4.38069129582e-11,3.96418453619e-11,3.54261515956e-11,3.48928386185e-11],"min":[6.47481956939e-10,1.28601712612e-10,1.15090194319e-10,2.36834857281e-10,5.1942983248e-10,1.16561893471e-9,1.32214994508e-9,6.49189091373e-10,2.75283323914e-10,1.22373458589e-10,4.75800475408e-11,1.83474277438e-11,4.51070474375e-12,5.05432241199e-12,3.96318828449e-12,2.00552009895e-12,4.00928639246e-12,3.79006374895e-12,3.23545443909e-12,3.95377957804e-12,4.29509466188e-12,2.96997994774e-12,2.68060660474e-12,1.56865893972e-12,2.17853946688e-12,1.70211577038e-12,1.56227862678e-12,1.51201783299e-12,3.33356215895e-12,2.64574386705e-12,1.32240518449e-12,2.17913621176e-12,1.57974241327e-12,2.7115146066e-12,3.44452396293e-12,4.45932917328e-12,3.11893458109e-12,1.84684169e-12,1.36795403564e-12,1.34449667111e-12],"var":[0.00000148038441239,0.00000420285459768,0.0000337272031175,0.00000116008186524,4.60514343104e-7,0.00000135422271796,2.37371892808e-7,2.14178982105e-7,1.55575765604e-8,6.17669249081e-9,8.08056910273e-8,1.26668329159e-8,3.51805198306e-8,2.06215329257e-8,6.37985841934e-9,2.29306226784e-10,3.06731695598e-10,6.87117696074e-10,5.19530862775e-10,4.19948936736e-10,4.12998496513e-10,1.34557776033e-9,3.58889501451e-10,5.92282334289e-11,2.58067733849e-11,3.80765861549e-12,8.28023793194e-13,1.5745717718e-13,5.41086374653e-14,3.65590499226e-14,2.9876056954e-15,1.11955775122e-15,5.37387665529e-16,1.32105667204e-16,7.85667792506e-17,5.20094541616e-17,3.64826851114e-17,3.21770015735e-17,7.02970377679e-17,2.32735355168e-17]},"melbands_crest":{"dmean":3.23723936081,"dmean2":5.30485963821,"dvar":10.9967823029,"dvar2":27.5816707611,"max":39.5051231384,"mean":18.4995002747,"median":16.6326961517,"min":3.30847144127,"var":63.5423622131},"melbands_flatness_db":{"dmean":0.0306685529649,"dmean2":0.0461135916412,"dvar":0.00115668401122,"dvar2":0.00220119697042,"max":0.68375068903,"mean":0.429397314787,"median":0.428257316351,"min":0.135086297989,"var":0.00730666751042},"melbands_kurtosis":{"dmean":9.49573993683,"dmean2":15.0398435593,"dvar":580.930053711,"dvar2":1321.60571289,"max":520.03314209,"mean":19.1407165527,"median":7.67936038971,"min":-1.63067889214,"var":1481.31274414},"melbands_skewness":{"dmean":0.758906245232,"dmean2":1.18744337559,"dvar":0.910126566887,"dvar2":2.0667014122,"max":20.2098827362,"mean":2.72440934181,"median":2.24771213531,"min":-1.35501086712,"var":5.42967748642},"melbands_spread":{"dmean":2.07114362717,"dmean2":3.14595913887,"dvar":11.6779594421,"dvar2":20.2878780365,"max":74.6068878174,"mean":7.12415885925,"median":5.53256511688,"min":0.235944285989,"var":57.9206466675},"mfcc":{"cov":[[8296.89648438,2591.53564453,-2977.25512695,272.10458374,800.170410156,371.347961426,351.373779297,-280.545928955,-176.226135254,-389.046569824,-318.900146484,319.168792725,165.586959839],[2591.53564453,1767.39196777,-683.292236328,-201.676467896,272.356201172,214.599304199,128.420898438,-147.724624634,-133.678283691,-119.005523682,-132.148590088,118.939666748,125.510543823],[-2977.25512695,-683.292236328,1424.71447754,-90.3827438354,-319.046875,-56.3326530457,-65.7526702881,124.097557068,24.7622394562,126.902252197,121.752616882,-116.707725525,-23.998134613],[272.10458374,-201.676467896,-90.3827438354,357.26461792,106.918769836,2.71103811264,133.434936523,132.573776245,43.2088661194,-27.6341838837,7.34293222427,-8.38418388367,-45.8512573242],[800.170410156,272.356201172,-319.046875,106.918769836,318.058166504,173.976959229,125.9585495,75.4678497314,46.1954956055,3.35051870346,8.91869258881,57.909828186,31.6062870026],[371.347961426,214.599304199,-56.3326530457,2.71103811264,173.976959229,272.864257812,157.38394165,77.3219070435,50.8697433472,16.8172645569,31.7222480774,57.657497406,56.5670051575],[351.373779297,128.420898438,-65.7526702881,133.434936523,125.9585495,157.38394165,272.719146729,177.656616211,6.7381696701,-45.0140113831,-8.04666423798,12.7545995712,23.5321922302],[-280.545928955,-147.724624634,124.097557068,132.573776245,75.4678497314,77.3219070435,177.656616211,217.49446106,62.4559249878,-6.15461587906,17.9541683197,-17.6102771759,-11.816576004],[-176.226135254,-133.678283691,24.7622394562,43.2088661194,46.1954956055,50.8697433472,6.7381696701,62.4559249878,126.455680847,78.8556976318,42.0758514404,17.2608470917,-11.2828388214],[-389.046569824,-119.005523682,126.902252197,-27.6341838837,3.35051870346,16.8172645569,-45.0140113831,-6.15461587906,78.8556976318,127.618049622,78.4451370239,13.9892463684,10.0977277756],[-318.900146484,-132.148590088,121.752616882,7.34293222427,8.91869258881,31.7222480774,-8.04666423798,17.9541683197,42.0758514404,78.4451370239,95.9465026855,36.1622924805,14.3336305618],[319.168792725,118.939666748,-116.707725525,-8.38418388367,57.909828186,57.657497406,12.7545995712,-17.6102771759,17.2608470917,13.9892463684,36.1622924805,87.0454330444,58.237033844],[165.586959839,125.510543823,-23.998134613,-45.8512573242,31.6062870026,56.5670051575,23.5321922302,-11.816576004,-11.2828388214,10.0977277756,14.3336305618,58.237033844,101.403793335]],"icov":[[0.00146185222548,-0.00131327752024,0.00236506783403,-0.00194873905275,0.000916188466363,-0.00137790595181,0.000350764225004,0.000759172951803,0.0000378087643185,0.00104896898847,-0.000443980796263,0.000411089451518,-0.000866511254571],[-0.00131327752024,0.00255233282223,-0.00217237463221,0.00268015335314,-0.00192465586588,0.00119096273556,-0.00176590564661,0.00046990843839,0.0013004662469,-0.00229328637943,0.00339350407012,-0.00286595732905,0.00162258569617],[0.00236506783403,-0.00217237463221,0.0060373460874,-0.00381802325137,0.00449752993882,-0.00517102889717,0.00453494815156,-0.0041976897046,0.00450770556927,-0.00204534130171,-0.000801890389994,0.00192658009473,-0.00181744748261],[-0.00194873905275,0.00268015335314,-0.00381802325137,0.00974332541227,-0.00589219527319,0.0080204019323,-0.00871989969164,0.00511903408915,-0.00823449436575,0.00685291551054,-0.00548374652863,0.00218122592196,0.00127323810011],[0.000916188466363,-0.00192465586588,0.00449752993882,-0.00589219527319,0.0128539949656,-0.0109106805176,0.010517925024,-0.0129048386589,0.0117928339168,-0.0117323743179,0.0070327417925,-0.00550108915195,0.00206727487966],[-0.00137790595181,0.00119096273556,-0.00517102889717,0.0080204019323,-0.0109106805176,0.0206840634346,-0.0195897165686,0.0183738414198,-0.0229178257287,0.018570529297,-0.0157022327185,0.00941169913858,-0.0058566541411],[0.000350764225004,-0.00176590564661,0.00453494815156,-0.00871989969164,0.010517925024,-0.0195897165686,0.0346339978278,-0.0348451808095,0.0308825057,-0.0235228184611,0.0184662882239,-0.0131492046639,0.00501515017822],[0.000759172951803,0.00046990843839,-0.0041976897046,0.00511903408915,-0.0129048386589,0.0183738414198,-0.0348451808095,0.0494123995304,-0.0443070232868,0.0402846597135,-0.0305127948523,0.0264380369335,-0.012695055455],[0.0000378087643185,0.0013004662469,0.00450770556927,-0.00823449436575,0.0117928339168,-0.0229178257287,0.0308825057,-0.0443070232868,0.0659822970629,-0.0599791370332,0.0461989752948,-0.0405106469989,0.0225006174296],[0.00104896898847,-0.00229328637943,-0.00204534130171,0.00685291551054,-0.0117323743179,0.018570529297,-0.0235228184611,0.0402846597135,-0.0599791370332,0.0756032392383,-0.0613593906164,0.0461688302457,-0.0248532574624],[-0.000443980796263,0.00339350407012,-0.000801890389994,-0.00548374652863,0.0070327417925,-0.0157022327185,0.0184662882239,-0.0305127948523,0.0461989752948,-0.0613593906164,0.0734327286482,-0.0539092756808,0.0244129095227],[0.000411089451518,-0.00286595732905,0.00192658009473,0.00218122592196,-0.00550108915195,0.00941169913858,-0.0131492046639,0.0264380369335,-0.0405106469989,0.0461688302457,-0.0539092756808,0.0662066489458,-0.0325928777456],[-0.000866511254571,0.00162258569617,-0.00181744748261,0.00127323810011,0.00206727487966,-0.0058566541411,0.00501515017822,-0.012695055455,0.0225006174296,-0.0248532574624,0.0244129095227,-0.0325928777456,0.029639320448]],"mean":[-848.294555664,217.873733521,11.7399978638,14.1412677765,10.982875824,-15.0274114609,1.19795894623,7.07942199707,0.771352231503,0.545982956886,-2.05141878128,-3.33124804497,-1.89564454556]},"pitch_salience":{"dmean":0.07403280586,"dmean2":0.12089715898,"dvar":0.00527981761843,"dvar2":0.0129931038246,"max":0.889470219612,"mean":0.511919677258,"median":0.537788450718,"min":0.028862753883,"var":0.0322605483234},"silence_rate_20dB":{"dmean":0,"dmean2":0,"dvar":0,"dvar2":0,"max":1,"mean":1,"median":1,"min":1,"var":0},"silence_rate_30dB":{"dmean":0.0127009861171,"dmean2":0.0254054050893,"dvar":0.0125395283103,"dvar2":0.0288126505911,"max":1,"mean":0.97608757019,"median":1,"min":0,"var":0.0233394596726},"silence_rate_60dB":{"dmean":0.0543169826269,"dmean2":0.108648650348,"dvar":0.0513704195619,"dvar2":0.110887207091,"max":1,"mean":0.323966503143,"median":0,"min":0,"var":0.219028204679},"spectral_centroid":{"dmean":79.9638977051,"dmean2":122.566452026,"dvar":17211.0527344,"dvar2":31797.265625,"max":2395.41967773,"mean":479.888946533,"median":431.329040527,"min":128.351928711,"var":82505.5625},"spectral_complexity":{"dmean":1.63032019138,"dmean2":2.4672973156,"dvar":6.52804613113,"dvar2":10.6034841537,"max":42,"mean":7.57970809937,"median":6,"min":0,"var":47.1950073242},"spectral_contrast_coeffs":{"dmean":[0.0455915778875,0.0390493907034,0.0342358350754,0.0231096856296,0.0185732133687,0.0189724750817],"dmean2":[0.0744553431869,0.0660648867488,0.0569741912186,0.0385466255248,0.0296781156212,0.0307100694627],"dvar":[0.00142752053216,0.00094836828066,0.000792017031927,0.000400767399697,0.000280042237137,0.0004177406081],"dvar2":[0.00355690577999,0.00262232567184,0.0021002239082,0.000976454059128,0.000615536118858,0.000984465121292],"max":[-0.200286477804,-0.369099348783,-0.561970114708,-0.587310135365,-0.557879209518,-0.603950202465],"mean":[-0.621207714081,-0.77797049284,-0.764721095562,-0.836776912212,-0.803692638874,-0.821938753128],"median":[-0.627209067345,-0.799460589886,-0.767520844936,-0.853531360626,-0.818890333176,-0.824990570545],"min":[-0.920504271984,-0.941372513771,-0.929493427277,-0.970670223236,-0.929659068584,-0.962204098701],"var":[0.0168867204338,0.00736301066354,0.00372957414947,0.00302243442275,0.00313397892751,0.00207050843164]},"spectral_contrast_valleys":{"dmean":[0.41515532136,0.350658237934,0.350123405457,0.333545207977,0.269161194563,0.322374135256],"dmean2":[0.682445526123,0.569894611835,0.556824207306,0.489620298147,0.403297066689,0.525067389011],"dvar":[0.143742948771,0.107676193118,0.145685881376,0.161275416613,0.153301760554,0.18207706511],"dvar2":[0.332717090845,0.218217015266,0.286468476057,0.259512811899,0.248826622963,0.395676344633],"max":[-5.59589529037,-4.63009405136,-5.60744476318,-6.07744169235,-6.5348443985,-10.609790802],"mean":[-8.24861526489,-7.1925034523,-8.43827629089,-9.37684059143,-10.1065998077,-14.036737442],"median":[-8.05519962311,-6.93710851669,-8.35171222687,-9.1878490448,-10.1709375381,-14.2545642853],"min":[-14.453918457,-12.7038297653,-14.4289503098,-14.7355575562,-14.2762346268,-15.394487381],"var":[1.60456609726,1.14482843876,1.31950855255,2.12651371956,1.16589295864,0.726492166519]},"spectral_decrease":{"dmean":1.3897566431e-9,"dmean2":2.05131756026e-9,"dvar":7.38769398014e-18,"dvar2":1.39094142314e-17,"max":-9.96271851638e-15,"mean":-4.90235807504e-9,"median":-1.71995828691e-9,"min":-7.5980764791e-8,"var":5.94012691555e-17},"spectral_energy":{"dmean":0.00536939222366,"dmean2":0.00790892075747,"dvar":0.000110781242256,"dvar2":0.000207390330615,"max":0.293603092432,"mean":0.0189999323338,"median":0.0066416086629,"min":4.48993056068e-8,"var":0.000893719436135},"spectral_energyband_high":{"dmean":0.00000239201244767,"dmean2":0.00000393350183003,"dvar":1.81682641154e-10,"dvar2":4.85056883548e-10,"max":0.000487461918965,"mean":0.00000322027926813,"median":1.91132272676e-7,"min":2.46603493181e-9,"var":2.13611781041e-10},"spectral_energyband_low":{"dmean":0.00331033277325,"dmean2":0.00502543663606,"dvar":0.0000473801665066,"dvar2":0.0000917025463423,"max":0.230198130012,"mean":0.0101555064321,"median":0.00299682677723,"min":4.48916193108e-9,"var":0.000354709889507},"spectral_energyband_middle_high":{"dmean":0.000517675187439,"dmean2":0.000722083379515,"dvar":0.00000271425778919,"dvar2":0.00000496594566357,"max":0.0379018485546,"mean":0.00150098116137,"median":0.00014234239643,"min":1.21155618871e-9,"var":0.0000142200806295},"spectral_energyband_middle_low":{"dmean":0.00342064863071,"dmean2":0.00509935524315,"dvar":0.000061338650994,"dvar2":0.000125898470287,"max":0.184571698308,"mean":0.0112927714363,"median":0.00270390813239,"min":2.79574852158e-8,"var":0.000413778849179},"spectral_entropy":{"dmean":0.185513854027,"dmean2":0.283231765032,"dvar":0.0448950976133,"dvar2":0.0826459750533,"max":8.06015777588,"mean":6.27471542358,"median":6.24424314499,"min":3.9119155407,"var":0.339207798243},"spectral_flux":{"dmean":0.0146816503257,"dmean2":0.0244725737721,"dvar":0.000438214599853,"dvar2":0.00110295473132,"max":0.324197381735,"mean":0.0422620177269,"median":0.0336394235492,"min":0.000131502441945,"var":0.00114129961003},"spectral_kurtosis":{"dmean":15.5837421417,"dmean2":26.5389156342,"dvar":243.295959473,"dvar2":641.658325195,"max":200.865844727,"mean":37.11668396,"median":29.2456455231,"min":0.850708246231,"var":809.215820312},"spectral_rms":{"dmean":0.000554495898541,"dmean2":0.000815120001789,"dvar":5.35638832844e-7,"dvar2":9.76789692686e-7,"max":0.0169245991856,"mean":0.00335319340229,"median":0.00254550948739,"min":0.00000661847434458,"var":0.0000072926491157},"spectral_rolloff":{"dmean":100.497947693,"dmean2":166.730453491,"dvar":40019.6679688,"dvar2":79388.3984375,"max":2777.78320312,"mean":459.441162109,"median":409.130859375,"min":21.533203125,"var":147213.015625},"spectral_skewness":{"dmean":0.958731710911,"dmean2":1.61473381519,"dvar":0.765814721584,"dvar2":1.94495284557,"max":11.3271608353,"mean":3.88812613487,"median":3.64439630508,"min":0.578548908234,"var":3.07424449921},"spectral_spread":{"dmean":251223.015625,"dmean2":419483.46875,"dvar":144571432960,"dvar2":294042370048,"max":21387588,"mean":1508754.75,"median":1387609.5,"min":466881.46875,"var":435041599488},"spectral_strongpeak":{"dmean":0.158156365156,"dmean2":0.262171566486,"dvar":0.0851694941521,"dvar2":0.208124265075,"max":5.84305238724,"mean":0.476106911898,"median":0.203775212169,"min":0,"var":0.414495229721},"zerocrossingrate":{"dmean":0.00279753957875,"dmean2":0.00343466270715,"dvar":0.0000154595309141,"dvar2":0.00001793505362,"max":0.14208984375,"mean":0.0172285698354,"median":0.015625,"min":0,"var":0.00012591027189}},"metadata":{"audio_properties":{"analysis_sample_rate":44100,"bit_rate":0,"codec":"flac","downmix":"mix","equal_loudness":0,"length":171.847976685,"lossless":true,"md5_encoded":"20af65a1398e6711adf1d636d5e94294","replay_gain":-11.6190795898},"tags":{"album":["Ghosts I–IV"],"albumartist":["Nine Inch Nails"],"albumartistsort":["Nine Inch Nails"],"arranger":["Atticus Ross"],"artist":["Nine Inch Nails"],"artistsort":["Nine Inch Nails"],"date":["2008-03-02"],"discnumber":["1"],"disctotal":["1"],"engineer":["Alan Moulder"],"file_name":"05 - 5 Ghosts I.flac","license":["http://creativecommons.org/licenses/by-nc-sa/3.0/us/"],"mixer":["Alan Moulder"],"musicbrainz_albumartistid":["b7ffd2af-418f-4be2-bdd1-22f8b48613da"],"musicbrainz_albumid":["3af7ec8c-3bf4-4e6d-9bb3-1885d22b2b6a"],"musicbrainz_artistid":["b7ffd2af-418f-4be2-bdd1-22f8b48613da"],"musicbrainz_recordingid":["132a7820-4a29-4745-bf20-222386434f47"],"musicbrainz_releasegroupid":["550bf4b9-92ca-30ba-9ea2-8b45f9d081f1"],"performer":["Trent Reznor"],"producer":["Alan Moulder","Atticus Ross","Trent Reznor"],"releasecountry":["XW"],"releasetype":["album"],"replaygain_album_gain":["-7.94 dB"],"replaygain_album_peak":["1.00000000"],"replaygain_reference_loudness":["89.0 dB"],"replaygain_track_gain":["-6.15 dB"],"replaygain_track_peak":["0.99984741"],"title":["5 Ghosts I"],"totaldiscs":["1"],"totaltracks":["36"],"tracknumber":["5"],"tracktotal":["36"]},"version":{"essentia":"2.1-beta1","essentia_build_sha":"de1f7ffc9d3406fe9025cc52cfcd6ebfe2259f32","essentia_git_sha":"v2.1_beta1-5-gf9dded9","extractor":"music 1.0"}},"rhythm":{"beats_count":232,"beats_loudness":{"dmean":0.0247373040766,"dmean2":0.045492965728,"dvar":0.00140839314554,"dvar2":0.00437563704327,"max":0.205438688397,"mean":0.0260886661708,"median":0.00864466000348,"min":0.0000224179875659,"