{"lowlevel":{"average_loudness":0.928918361664,"barkbands":{"dmean":[0.00000319819127981,0.0016010296531,0.00917460490018,0.0102907279506,0.00177799724042,0.000481316936202,0.000892915355507,0.000277725921478,0.000172664163983,0.000184550168342,0.000151289306814,0.000260919157881,0.000181143681402,0.000104235157778,0.0000652621383779,0.0000970710389083,0.000309397350065,0.000082877370005,0.0000115862640087,0.0000139334360938,0.00000457008127341,0.00000100544048109,2.56736228721e-7,4.70032226474e-8,5.63977886614e-9,2.49156073551e-9,2.55455145926e-9],"dmean2":[0.00000486080216433,0.00246497103944,0.0158532951027,0.0180243123323,0.00301914429292,0.000759026966989,0.00148668338079,0.000407077925047,0.000268814037554,0.000294538622256,0.000244235969149,0.000405149970902,0.000302292144625,0.000169219681993,0.000105881008494,0.000162089505466,0.000525727169588,0.00013657315867,0.0000175883214979,0.0000207924149436,0.00000681865549268,0.00000155359384735,4.08202282642e-7,7.12006382741e-8,8.98703156338e-9,4.43758896296e-9,4.69712713169e-9],"dvar":[2.22856559595e-11,0.00000485110649606,0.000118203963211,0.000214538624277,0.0000097603924587,7.08759159807e-7,0.00000277940398519,4.69788517421e-7,6.23098799224e-8,1.84481237397e-7,5.55457582152e-8,1.1692439017e-7,7.17562684827e-8,2.83112662203e-8,1.38827074281e-8,1.82391950432e-8,2.46843768537e-7,1.86498692045e-8,4.93841467719e-10,9.29974652841e-10,1.77856895878e-10,1.33578018438e-11,6.02816841583e-13,1.88063083037e-14,1.62063859354e-16,3.59155072177e-17,5.85433108067e-17],"dvar2":[4.33499590391e-11,0.0000117504869195,0.000347915862221,0.000610093586147,0.0000279729174508,0.00000171566762219,0.00000746378145777,9.21239291074e-7,1.39149662459e-7,4.35651713815e-7,1.34201968649e-7,2.73746564972e-7,1.8605614116e-7,7.09932095333e-8,3.27841362946e-8,4.74485197799e-8,6.82020242948e-7,4.8853529222e-8,1.07732633925e-9,1.82346049371e-9,3.78251596711e-10,3.26684131136e-11,1.44359546018e-12,4.253184854e-14,3.5867183988e-16,1.04146274285e-16,1.72227804735e-16],"max":[0.000226756514166,0.0504853203893,0.114759236574,0.166631773114,0.0876310020685,0.0210544094443,0.0404896214604,0.0245859101415,0.00690193520859,0.0152479391545,0.00826613418758,0.00575245171785,0.00408611306921,0.00454231910408,0.0025823879987,0.00267742853612,0.00691236136481,0.00329744652845,0.000527788302861,0.000819298555143,0.000297242659144,0.000144008634379,0.0000180300448847,0.00000290181083074,3.43429974237e-7,1.41670795983e-7,1.77894435183e-7],"mean":[0.00000846551665745,0.0035340806935,0.0153642110527,0.0142323505133,0.00346136977896,0.00102726358455,0.00165565498173,0.000632342125755,0.00035230172216,0.000321713916492,0.000245632691076,0.000503411283717,0.000314372824505,0.000172901069163,0.00011591911607,0.000175854525878,0.000443795288447,0.000152195236296,0.0000228682056331,0.000027299125577,0.00000754428356231,0.00000180088613888,4.63465681833e-7,9.86800401392e-8,1.63611897364e-8,5.36726751932e-9,3.79102615966e-9],"median":[0.00000251428946285,0.00225453451276,0.0103517705575,0.00778943486512,0.00228749541566,0.00065141892992,0.000786408025306,0.000242362293648,0.000234826249653,0.000167633304955,0.000133943598485,0.000356622855179,0.00020620538271,0.000102373189293,0.0000686301209498,0.000113683308882,0.00027339841472,0.00010007761739,0.000013202219634,0.0000134975907713,0.00000296492498819,7.92522314441e-7,2.33252109183e-7,5.17709679571e-8,1.1683861878e-8,4.211133664e-9,2.63696753322e-9],"min":[1.07734683339e-22,1.76538661331e-23,4.01605237207e-23,3.63754050144e-23,8.27766262889e-23,4.57888790409e-23,2.74187350945e-23,2.90184945232e-23,1.04210355737e-22,4.15229906336e-23,4.53545385374e-23,1.00415291072e-22,8.31739029517e-23,2.05508830235e-22,2.13262070756e-22,1.59972017497e-22,7.71619624385e-23,3.03031538762e-22,2.45725956304e-22,2.57514996594e-22,3.81158782959e-22,5.85470803916e-22,6.07454855353e-22,1.11510984474e-21,1.13302256611e-21,1.52232565003e-21,2.34338106688e-21],"var":[3.06879077705e-10,0.0000186078996194,0.000239650995354,0.000336199242156,0.0000155400448421,0.00000212598547478,0.00000746703108234,0.00000224323275688,1.87896603165e-7,4.28698683663e-7,1.49526343307e-7,2.70761915999e-7,1.31803545855e-7,6.39528678903e-8,2.81834999782e-8,4.20747490182e-8,3.17905403335e-7,3.05654275223e-8,1.04250319488e-9,2.22972729169e-9,3.10164532946e-10,1.74027996874e-11,8.50741027104e-13,3.40149695249e-14,3.87712470356e-16,3.08204915434e-17,3.63093047463e-17]},"barkbands_crest":{"dmean":3.10137820244,"dmean2":5.39986371994,"dvar":6.25959444046,"dvar2":18.8572292328,"max":23.3752422333,"mean":13.0253858566,"median":12.706246376,"min":3.19830608368,"var":16.4855270386},"barkbands_flatness_db":{"dmean":0.0277933515608,"dmean2":0.0478743426502,"dvar":0.000489826255944,"dvar2":0.00141791428905,"max":0.437349975109,"mean":0.274811476469,"median":0.274164617062,"min":0.0457412675023,"var":0.00231639738195},"barkbands_kurtosis":{"dmean":6.86722755432,"dmean2":11.8841381073,"dvar":58.0679588318,"dvar2":169.181243896,"max":113.303985596,"mean":12.6393079758,"median":9.14629459381,"min":-1.79904043674,"var":148.948699951},"barkbands_skewness":{"dmean":0.798072755337,"dmean2":1.37365031242,"dvar":0.449708461761,"dvar2":1.29257214069,"max":8.64896869659,"mean":3.00814366341,"median":2.85951900482,"min":-1.89131140709,"var":1.665802598},"barkbands_spread":{"dmean":3.25338768959,"dmean2":5.60209560394,"dvar":14.8711357117,"dvar2":35.1607627869,"max":136.742538452,"mean":10.2000808716,"median":7.45921039581,"min":0.838533699512,"var":222.923599243},"dissonance":{"dmean":0.0180427599698,"dmean2":0.0306103546172,"dvar":0.000224804680329,"dvar2":0.000646280997898,"max":0.499958217144,"mean":0.463152378798,"median":0.466623425484,"min":0.358271896839,"var":0.000447945232736},"dynamic_complexity":2.87771677971,"erbbands":{"dmean":[0.0153211653233,0.562090933323,7.43746471405,24.4063587189,17.3716888428,4.04938077927,2.42949914932,4.99486446381,13.1942920685,9.93416404724,4.20053243637,4.1058344841,4.45560646057,4.59641647339,6.10764884949,12.8781299591,7.209877491,5.19063282013,4.42886257172,4.44598674774,4.18250989914,18.4405994415,6.53651857376,1.06192469597,0.568296551704,0.688974499702,0.329557448626,0.125938683748,0.0435897186399,0.0175166223198,0.00579176843166,0.00157762609888,0.000555217149667,0.000107209176349,0.0000278343122773,0.0000132038949232,0.00000666666801408,0.00000170879422967,0.0000078168568507,0.0000191244744201],"dmean2":[0.0232947915792,0.877205610275,12.658249855,43.3527946472,28.8065662384,6.58843612671,3.75699567795,7.92627620697,21.9823112488,15.5453519821,6.15184545517,6.40236616135,6.95280361176,7.30018424988,9.73977565765,19.8303432465,11.7405462265,8.39835834503,7.21394729614,7.4183382988,6.83027935028,31.3644771576,10.7965316772,1.65999674797,0.846750378609,1.03338301182,0.489697873592,0.188101574779,0.0673903599381,0.0273706391454,0.00906567461789,0.00240571377799,0.000851896766108,0.000162051612278,0.000044912827434,0.0000215869422391,0.0000108608446681,0.00000295536756312,0.0000132699633468,0.0000327159395965],"dvar":[0.000725014542695,0.467442572117,78.2530212402,992.96307373,827.252868652,33.5546569824,11.6203174591,81.8082351685,713.422119141,304.753967285,197.427505493,29.6815872192,62.3523483276,136.482376099,62.8814620972,276.147399902,103.502540588,64.3978652954,67.3772583008,39.2477378845,51.0599403381,890.749023438,101.859481812,3.56829786301,1.18806016445,2.21871566772,0.744939565659,0.162135764956,0.0281035434455,0.00276382826269,0.000321502477163,0.0000220268211706,0.0000023866950869,6.83337333385e-8,3.05611358442e-9,6.2068145068e-10,1.47079876056e-10,1.8319892478e-11,8.01910551851e-11,4.81776618599e-10],"dvar2":[0.00171614787541,1.13222301006,221.256134033,3018.97631836,2156.2644043,84.1039123535,27.7934894562,200.30657959,1921.67321777,733.842895508,367.375396729,69.3457565308,144.688903809,318.354431152,150.799621582,629.586975098,260.817657471,159.457015991,163.383224487,101.802749634,130.488922119,2484.32348633,263.663208008,8.18684959412,2.55671811104,4.54418420792,1.54685342312,0.33443826437,0.0702867209911,0.00647676968947,0.00076613354031,0.0000503945884702,0.00000541637064089,1.36311058441e-7,7.80958053781e-9,1.66462343909e-9,3.99290156494e-10,5.27558240149e-11,2.14969819723e-10,1.30897903627e-9],"max":[0.705466270447,13.4804363251,109.519699097,362.456726074,565.11328125,192.236175537,68.3194046021,239.957962036,578.683837891,501.451019287,580.287597656,105.481407166,195.602249146,362.249755859,134.407928467,252.235900879,168.640350342,186.235626221,204.784301758,114.245056152,147.44859314,412.4503479,219.205963135,43.4066696167,22.7518596649,37.8685188293,20.1225357056,9.7188501358,6.66849374771,1.64393866062,0.418677955866,0.092911824584,0.042238842696,0.00840544141829,0.00135396688711,0.00064751971513,0.000262595480308,0.0000997258539428,0.000122054647363,0.000293419696391],"mean":[0.0438963733613,1.26809632778,14.2331523895,35.97315979,28.8146495819,9.07821464539,5.75661277771,10.5009374619,23.9664230347,21.1598644257,10.0234870911,8.33828353882,9.06974601746,8.79941272736,11.6114215851,25.5590305328,14.9555625916,9.15541744232,7.92647838593,8.379778862,8.2714471817,26.4264945984,12.6916246414,2.40244364738,1.13268446922,1.30476355553,0.598679304123,0.212936118245,0.0754004046321,0.0334364101291,0.0105899972841,0.00320120784454,0.00127637817059,0.000324358756188,0.0000984185826383,0.0000458842987427,0.000021555882995,0.00000454724840893,0.0000202277224162,0.0000471963503514],"median":[0.0234525371343,0.924270153046,9.66488552094,24.1273422241,16.9290924072,5.73245763779,3.91427302361,6.51275253296,10.8783149719,10.9274463654,3.71390581131,5.81737995148,5.50503158569,4.43475914001,7.50919723511,18.2781639099,10.5696487427,5.80926322937,4.44302558899,5.91626739502,5.258893013,16.2457237244,8.91271018982,1.50196695328,0.665999650955,0.642295360565,0.24380120635,0.0871318280697,0.0327133312821,0.0160759575665,0.00555055541918,0.00174811517354,0.000665370724164,0.000218852626858,0.000081402467913,0.0000398133488488,0.0000187925325008,0.00000376590378437,0.0000172763775481,0.0000398288175347],"min":[1.42441612198e-21,2.21917775726e-21,3.29536542202e-20,1.16494172111e-19,5.02856956109e-20,2.62760022034e-19,7.15029086959e-19,3.10054151105e-19,4.07162001393e-19,3.86353756096e-19,6.92425239347e-19,1.83018652932e-18,2.13548379736e-18,1.80375934952e-18,2.3997411197e-18,3.7165353135e-18,4.09533109449e-18,8.56705997337e-18,8.08197396521e-18,1.35304778297e-17,9.03423421255e-18,5.25656735665e-18,1.27206953069e-17,1.64987922967e-17,1.06165463519e-17,1.19967327728e-17,1.75591617414e-17,1.61046672046e-17,2.13875769551e-17,1.28958094426e-17,1.76322050982e-17,2.38665495698e-17,1.78073390862e-17,1.29201707388e-17,8.05899075189e-18,5.61666347912e-18,2.84850128447e-18,1.08566183607e-18,3.28981465237e-19,3.86560402615e-20],"var":[0.00375427538529,1.64298152924,200.24055481,1462.93652344,1401.87963867,118.492111206,39.9104156494,219.498779297,1801.59094238,1198.90441895,867.129577637,77.1839370728,160.871566772,348.249053955,173.557312012,667.141479492,233.514419556,130.101470947,177.703475952,80.2457427979,101.356948853,1128.16418457,180.567932129,8.8062620163,2.34434294701,5.01623821259,1.61176204681,0.259993255138,0.0333389900625,0.00436183158308,0.000433876528405,0.0000353463656211,0.00000502968305227,1.88363316056e-7,6.24420737338e-9,1.04054320715e-9,2.31501720571e-10,1.67652870753e-11,1.98892152747e-10,1.13618392472e-9]},"erbbands_crest":{"dmean":2.38582181931,"dmean2":4.03368186951,"dvar":4.38744401932,"dvar2":11.9089317322,"max":24.5483665466,"mean":8.49911308289,"median":7.81864738464,"min":2.09304022789,"var":10.0692415237},"erbbands_flatness_db":{"dmean":0.011055983603,"dmean2":0.0179884191602,"dvar":0.0000858062267071,"dvar2":0.000224827817874,"max":0.340884596109,"mean":0.247987896204,"median":0.250815838575,"min":0.0298311281949,"var":0.000828024407383},"erbbands_kurtosis":{"dmean":0.541364908218,"dmean2":0.923400819302,"dvar":0.439654260874,"dvar2":1.22056269646,"max":8.98324394226,"mean":-0.679344236851,"median":-0.957519054413,"min":-1.89668285847,"var":0.903039813042},"erbbands_skewness":{"dmean":0.360398560762,"dmean2":0.602524936199,"dvar":0.0946715399623,"dvar2":0.261062651873,"max":2.8661699295,"mean":0.272429257631,"median":0.259229421616,"min":-2.45851802826,"var":0.361632168293},"erbbands_spread":{"dmean":6.79690694809,"dmean2":11.3730735779,"dvar":31.5104980469,"dvar2":85.3174667358,"max":81.0809860229,"mean":39.8124542236,"median":39.6757888794,"min":8.5244436264,"var":104.745178223},"gfcc":{"cov":[[16074.5009766,4314.56640625,-1905.25292969,343.929016113,83.975479126,-476.529998779,210.50227356,-611.749450684,46.7549705505,-608.836547852,38.3540840149,-422.451660156,-64.5746917725],[4314.56640625,1587.37060547,-395.316864014,12.1106042862,113.097747803,-205.182220459,26.6155509949,-156.113189697,32.1453819275,-177.226119995,25.3591327667,-100.21383667,-39.1775741577],[-1905.25292969,-395.316864014,448.438323975,-44.4027061462,43.5502624512,56.3588676453,-15.8127088547,65.9833068848,10.9237108231,54.6687393188,-2.83965468407,43.2846336365,-14.7858057022],[343.929016113,12.1106042862,-44.4027061462,133.279495239,16.1084804535,-19.7898750305,12.48741436,-16.9322280884,-4.41189002991,-9.37008190155,-9.0205373764,-14.719168663,3.14413142204],[83.975479126,113.097747803,43.5502624512,16.1084804535,151.764816284,-7.93400526047,12.4334039688,10.4285755157,-11.7284374237,-21.3855419159,-9.8320350647,-16.2102470398,-16.2603359222],[-476.529998779,-205.182220459,56.3588676453,-19.7898750305,-7.93400526047,116.716659546,27.4253902435,6.67708301544,4.32553911209,5.7843503952,-1.81523668766,16.7376403809,4.12467670441],[210.50227356,26.6155509949,-15.8127088547,12.48741436,12.4334039688,27.4253902435,84.0858459473,1.5433422327,-12.8691577911,1.24776244164,-7.02373027802,-14.0477714539,6.72035217285],[-611.749450684,-156.113189697,65.9833068848,-16.9322280884,10.4285755157,6.67708301544,1.5433422327,81.0054168701,23.2167987823,28.7627086639,5.2329249382,17.9775009155,3.95590114594],[46.7549705505,32.1453819275,10.9237108231,-4.41189002991,-11.7284374237,4.32553911209,-12.8691577911,23.2167987823,68.7492141724,9.09761714935,9.78687381744,11.1834392548,-8.49400520325],[-608.836547852,-177.226119995,54.6687393188,-9.37008190155,-21.3855419159,5.7843503952,1.24776244164,28.7627086639,9.09761714935,78.7880401611,18.6716308594,16.2736701965,10.0280132294],[38.3540840149,25.3591327667,-2.83965468407,-9.0205373764,-9.8320350647,-1.81523668766,-7.02373027802,5.2329249382,9.78687381744,18.6716308594,41.992023468,15.6621627808,2.75055956841],[-422.451660156,-100.21383667,43.2846336365,-14.719168663,-16.2102470398,16.7376403809,-14.0477714539,17.9775009155,11.1834392548,16.2736701965,15.6621627808,53.1240730286,14.1157608032],[-64.5746917725,-39.1775741577,-14.7858057022,3.14413142204,-16.2603359222,4.12467670441,6.72035217285,3.95590114594,-8.49400520325,10.0280132294,2.75055956841,14.1157608032,39.6481552124]],"icov":[[0.000847356393933,-0.00132097140886,0.0015076653799,-0.00101653137244,0.000441668147687,0.000116845178127,-0.00139399291947,0.00168584450148,-0.0014848470455,0.00214331550524,-0.00183401233517,0.00224541453645,-0.000577690894715],[-0.00132097140886,0.0052418615669,-0.00143336877227,0.0038457585033,-0.00323270936497,0.00536731164902,-0.00143448205199,0.00275900214911,-0.00287474459037,0.00192911934573,-0.0018521748716,-0.00179618399125,-0.0000634272510069],[0.0015076653799,-0.00143336877227,0.0063778697513,-0.000694970658515,-0.00118405197281,0.000396835268475,-0.00255893846042,0.00303402659483,-0.00335009419359,0.00296502327546,-0.00264885858633,0.00199679005891,0.00108210626058],[-0.00101653137244,0.0038457585033,-0.000694970658515,0.0113100279123,-0.00346919568256,0.00521342316642,-0.00220814044587,0.00360840838403,-0.00299728871323,0.000637191871647,0.000445083540399,-0.000942393671721,-0.00146110216156],[0.000441668147687,-0.00323270936497,-0.00118405197281,-0.00346919568256,0.0106228496879,-0.00353159895167,0.000872795528267,-0.00586808286607,0.00518578710034,0.0000763822972658,0.00193224474788,0.00152356585022,0.00293527613394],[0.000116845178127,0.00536731164902,0.000396835268475,0.00521342316642,-0.00353159895167,0.0209353882819,-0.0115387113765,0.0110127776861,-0.0105541339144,0.0102510638535,-0.00717769796029,-0.000634761410765,-0.00167070701718],[-0.00139399291947,-0.00143448205199,-0.00255893846042,-0.00220814044587,0.000872795528267,-0.0115387113765,0.0221217833459,-0.0109347915277,0.0106645394117,-0.0109060015529,0.00871344842017,-0.0000435084621131,-0.00111318693962],[0.00168584450148,0.00275900214911,0.00303402659483,0.00360840838403,-0.00586808286607,0.0110127776861,-0.0109347915277,0.0309498868883,-0.0178889781237,0.00816570129246,-0.00939232949167,0.00390305020846,-0.00510531337932],[-0.0014848470455,-0.00287474459037,-0.00335009419359,-0.00299728871323,0.00518578710034,-0.0105541339144,0.0106645394117,-0.0178889781237,0.02982756868,-0.0121099175885,0.00816198810935,-0.00891529768705,0.00899218861014],[0.00214331550524,0.00192911934573,0.00296502327546,0.000637191871647,0.0000763822972658,0.0102510638535,-0.0109060015529,0.00816570129246,-0.0121099175885,0.0331001207232,-0.0202554482967,0.00971717201173,-0.0065696244128],[-0.00183401233517,-0.0018521748716,-0.00264885858633,0.000445083540399,0.00193224474788,-0.00717769796029,0.00871344842017,-0.00939232949167,0.00816198810935,-0.0202554482967,0.0423344634473,-0.0168067514896,0.00507739651948],[0.00224541453645,-0.00179618399125,0.00199679005891,-0.000942393671721,0.00152356585022,-0.000634761410765,-0.0000435084621131,0.00390305020846,-0.00891529768705,0.00971717201173,-0.0168067514896,0.0382614508271,-0.013813351281],[-0.000577690894715,-0.0000634272510069,0.00108210626058,-0.00146110216156,0.00293527613394,-0.00167070701718,-0.00111318693962,-0.00510531337932,0.00899218861014,-0.0065696244128,0.00507739651948,-0.013813351281,0.0349671170115]],"mean":[-108.942207336,205.085494995,-140.703109741,31.3502883911,-11.0420951843,-18.9706287384,-14.7462291718,-15.4827022552,-9.44957256317,-22.196685791,-6.75277519226,-12.6565332413,-13.3440446854]},"hfc":{"dmean":3.15720653534,"dmean2":5.0698723793,"dvar":13.1499938965,"dvar2":31.4146366119,"max":61.8542137146,"mean":10.9976654053,"median":9.74197006226,"min":1.16016316075e-16,"var":49.2648468018},"melbands":{"dmean":[0.000274809252005,0.00281428801827,0.00391503144056,0.000617660349235,0.000099526012491,0.000110877270345,0.00019273214275,0.000097768031992,0.0000290644093184,0.0000262847061094,0.0000241333764279,0.0000213595649257,0.0000232449310715,0.0000283158515231,0.0000340684455296,0.00000904504304344,0.00000988357078313,0.00000799520330474,0.00000491200580655,0.00000827237727208,0.00000523749986314,0.0000172742948052,0.0000137542565426,0.00000356035457116,6.91903608185e-7,4.07195898333e-7,4.67036585405e-7,4.76850175346e-7,2.74357518038e-7,1.21912847817e-7,5.90626108021e-8,2.82846013278e-8,1.39806868305e-8,8.28069790515e-9,3.89509491328e-9,1.62691349281e-9,7.29399818322e-10,4.79555783972e-10,1.80618367485e-10,6.67302532675e-11],"dmean2":[0.000420824682806,0.00476755108684,0.00682439049706,0.00101615209132,0.000154292589286,0.000177245907253,0.000321534840623,0.000150886538904,0.00004282372538,0.0000410737520724,0.0000378414297302,0.0000340363039868,0.0000374414230464,0.0000446564299637,0.0000540450200788,0.0000146859156303,0.0000161230000231,0.0000131232254716,0.00000802287013357,0.0000140731726788,0.00000868728784553,0.0000292481054203,0.0000234576527873,0.00000599353916186,0.00000107872972421,6.26036182894e-7,7.15842361387e-7,7.20150069355e-7,4.21815542495e-7,1.82305058161e-7,9.14359077342e-8,4.49279582426e-8,2.20100773163e-8,1.31848540974e-8,6.20864826217e-9,2.52998777484e-9,1.13205622654e-9,7.5462930349e-10,2.84628098868e-10,1.06413988732e-10],"dvar":[1.82175583063e-7,0.0000109265120045,0.000026615918614,0.00000107098242097,2.00612308987e-8,3.8248998635e-8,1.47559561015e-7,3.09501899665e-8,9.30554655554e-9,1.15551512803e-9,1.95259031166e-9,3.02769387339e-9,9.72640301633e-10,1.46591017103e-9,2.44982145681e-9,1.58874108314e-10,2.40168940291e-10,2.36061503678e-10,6.77791642256e-11,1.35169542226e-10,1.01000506569e-10,7.72733210752e-10,4.85181506082e-10,3.24951593411e-11,1.84639217977e-12,6.59213243888e-13,8.01713838545e-13,1.18671381315e-12,5.49262675273e-13,1.48186367691e-13,4.10726072836e-14,1.50062762509e-14,1.61821674106e-15,6.3315861038e-16,1.45578983544e-16,2.36073277094e-17,4.59803729047e-18,1.99916774114e-18,2.25781843328e-19,2.46848450088e-20],"dvar2":[4.34388340409e-7,0.0000308781782223,0.0000756373701734,0.00000286110071102,4.72907970561e-8,9.38972064546e-8,3.9784947603e-7,7.14820274084e-8,1.71526775006e-8,2.71081801451e-9,4.57464111037e-9,7.05495173392e-9,2.33138175432e-9,3.66528873919e-9,5.60029222996e-9,4.18549417347e-10,5.97896121501e-10,5.83016079858e-10,1.67323321865e-10,3.55192070201e-10,2.67002975285e-10,2.12777639952e-9,1.32862920665e-9,8.61285834319e-11,4.20026600306e-12,1.48740991312e-12,1.76467607887e-12,2.42826462063e-12,1.22604812587e-12,3.01036837602e-13,9.24476288707e-14,3.93803540396e-14,3.83206726239e-15,1.50120750385e-15,3.53434052832e-16,5.59667292254e-17,1.05516805027e-17,4.83963854942e-18,4.99242842454e-19,5.08792203186e-20],"max":[0.0111460508779,0.0405997671187,0.0628373771906,0.0246642697603,0.00375576550141,0.00492995884269,0.00848898291588,0.0050544179976,0.00383704155684,0.00057574454695,0.00126642361283,0.00182488025166,0.000651999842376,0.000808122276794,0.000849236326758,0.000285996095045,0.000359774450772,0.000386136496672,0.000256901286775,0.00018018342962,0.000214711835724,0.00036945627653,0.000316279008985,0.0000987393505056,0.0000355392621714,0.0000225051226153,0.0000150789419422,0.0000328415517288,0.0000176680005097,0.000013417397895,0.00000596946938458,0.00000510175550517,0.00000103782633687,7.62112676966e-7,2.91104953476e-7,1.08442613111e-7,5.15491187514e-8,4.22608756878e-8,1.14226761383e-8,5.48722667304e-9],"mean":[0.000664962863084,0.00541175529361,0.00633748574182,0.00119744671974,0.000233348429902,0.000232702223002,0.000355404772563,0.000210881436942,0.0000665590632707,0.0000518329979968,0.0000468817233923,0.0000370596644643,0.0000375111158064,0.0000517173466505,0.0000641949227429,0.0000200400445465,0.0000155256911967,0.0000127710000015,0.00000872070904734,0.000013342033526,0.00000841411656438,0.0000246808285738,0.0000220911751967,0.00000633102354186,0.00000136756318625,7.46627563331e-7,8.57098370943e-7,8.64702030867e-7,4.60334177887e-7,1.86943864833e-7,9.45446103628e-8,4.46793109177e-8,2.5821787375e-8,1.47171217435e-8,6.34709929059e-9,3.10347259003e-9,1.40560152406e-9,9.9323060887e-10,4.34723340659e-10,1.80362738633e-10],"median":[0.000384002167266,0.00389681616798,0.00428882101551,0.000778165063821,0.000153127897647,0.00014470332826,0.000166856974829,0.000102776131826,0.0000237077310885,0.0000364195002476,0.0000277644485323,0.0000166991994774,0.000021508683858,0.0000361056736438,0.0000421699151048,0.0000147331447806,0.00000911710776563,0.00000648336208542,0.00000569136136619,0.00000876449121279,0.00000452704307463,0.00001508121386,0.0000145683479786,0.00000398658721679,7.52539676796e-7,4.24717512715e-7,4.70148279419e-7,3.96540087877e-7,1.74721222379e-7,6.97150852602e-8,3.75579247702e-8,1.79481212115e-8,1.18306902053e-8,6.90430290717e-9,3.18330473092e-9,1.63896218819e-9,7.43819950078e-10,4.82062501028e-10,2.48620513066e-10,1.25509477811e-10],"min":[1.42092844801e-23,1.2216029399e-23,1.69371386691e-23,7.55803925646e-24,2.45159825542e-23,7.16056064531e-24,6.19255337282e-24,4.8721532565e-24,5.10679046642e-24,1.44452911525e-23,1.11918142093e-23,7.30384934014e-24,6.08231045575e-24,1.29798510702e-23,7.04988661575e-24,9.88536509804e-24,1.74663901836e-23,1.37578903815e-23,1.7498227032e-23,1.21315700061e-23,1.08384321338e-23,5.42088450774e-24,5.16051702166e-24,1.73897302585e-23,1.30148212741e-23,9.22320708711e-24,6.82926667525e-24,8.14637093071e-24,1.18123811067e-23,7.86022820342e-24,1.09597147649e-23,1.22260187446e-23,1.02557897244e-23,6.10353396954e-24,8.66016392689e-24,1.59857834614e-23,1.34442645291e-23,1.31813687439e-23,1.04184859753e-23,1.1384245783e-23],"var":[8.2662359091e-7,0.0000264044720097,0.0000447045968031,0.00000188436058579,8.10051830058e-8,1.06838996317e-7,3.75891090698e-7,1.32460840518e-7,3.98546902147e-8,2.90656809732e-9,4.85077578105e-9,7.30329396958e-9,2.43680231549e-9,3.07044456527e-9,5.41199973725e-9,3.86008863762e-10,4.44637909824e-10,6.19999107609e-10,1.20547752336e-10,2.31683144891e-10,1.6682763504e-10,9.84686665539e-10,6.69626742944e-10,5.71946101591e-11,4.25291312584e-12,1.15446747214e-12,1.54000109106e-12,2.60973621186e-12,1.05109855281e-12,2.46318861575e-13,5.58055222855e-14,1.50658785713e-14,2.6516938161e-15,9.27545017078e-16,1.79763605404e-16,3.40249329881e-17,7.59059063105e-18,3.59849870804e-18,5.16672727032e-19,6.00987815556e-20]},"melbands_crest":{"dmean":3.81083345413,"dmean2":6.59526729584,"dvar":9.57581233978,"dvar2":27.8555583954,"max":35.4146003723,"mean":19.8760795593,"median":19.7215805054,"min":2.24466204643,"var":26.9981002808},"melbands_flatness_db":{"dmean":0.0309920683503,"dmean2":0.0525526106358,"dvar":0.000611423398368,"dvar2":0.00170580518898,"max":0.546071588993,"mean":0.365870177746,"median":0.367376744747,"min":0.00554395653307,"var":0.00383671256714},"melbands_kurtosis":{"dmean":14.5518045425,"dmean2":25.0917510986,"dvar":237.914367676,"dvar2":690.272155762,"max":198.34135437,"mean":30.5791187286,"median":23.3024311066,"min":-1.20561671257,"var":629.190612793},"melbands_skewness":{"dmean":1.06717884541,"dmean2":1.82623708248,"dvar":0.788830697536,"dvar2":2.25898075104,"max":10.8649587631,"mean":4.4591345787,"median":4.26752853394,"min":0.00100989139173,"var":2.97777748108},"melbands_spread":{"dmean":3.24695372581,"dmean2":5.62000274658,"dvar":16.0133266449,"dvar2":40.884513855,"max":140.665817261,"mean":8.82520008087,"median":6.22456455231,"min":0.686427295208,"var":137.608764648},"mfcc":{"cov":[[6655.54003906,2494.89892578,-1190.91760254,596.661804199,-262.418640137,196.821868896,45.494808197,62.0231552124,9.80837154388,-105.157745361,-68.5410766602,76.4929580688,-6.28668689728],[2494.89892578,1480.36364746,-318.44619751,171.653137207,80.3840179443,-9.19050693512,51.8974075317,30.8933963776,10.8796806335,-67.9470977783,4.82636785507,46.4271888733,13.2319498062],[-1190.91760254,-318.44619751,393.892547607,-90.4945755005,77.1775665283,-17.9132900238,-29.6466789246,9.30176067352,-11.402056694,11.1812610626,25.2962818146,-4.12108135223,5.94410848618],[596.661804199,171.653137207,-90.4945755005,189.153167725,5.06581830978,9.23933124542,23.4341831207,-12.6108961105,14.1934518814,-10.9304380417,-11.9185438156,26.8180751801,-6.9112405777],[-262.418640137,80.3840179443,77.1775665283,5.06581830978,175.114044189,-28.9978504181,0.677373111248,18.3270072937,-1.79443061352,-1.99765121937,13.2571706772,10.1288423538,-3.25123262405],[196.821868896,-9.19050693512,-17.9132900238,9.23933124542,-28.9978504181,106.520324707,19.6336536407,16.5549125671,3.1886382103,-4.14482212067,-2.40533447266,-11.2297687531,-5.46470975876],[45.494808197,51.8974075317,-29.6466789246,23.4341831207,0.677373111248,19.6336536407,99.6143569946,0.221539378166,14.8241872787,0.957079648972,-14.8621454239,5.75474023819,-5.37422657013],[62.0231552124,30.8933963776,9.30176067352,-12.6108961105,18.3270072937,16.5549125671,0.221539378166,70.655632019,12.4834451675,-0.971351206303,9.09725856781,-8.19122695923,-0.215609833598],[9.80837154388,10.8796806335,-11.402056694,14.1934518814,-1.79443061352,3.1886382103,14.8241872787,12.4834451675,48.2402992249,11.3533973694,2.38827490807,2.26719284058,-2.27023053169],[-105.157745361,-67.9470977783,11.1812610626,-10.9304380417,-1.99765121937,-4.14482212067,0.957079648972,-0.971351206303,11.3533973694,51.2049827576,11.1812705994,-5.32699966431,3.09416842461],[-68.5410766602,4.82636785507,25.2962818146,-11.9185438156,13.2571706772,-2.40533447266,-14.8621454239,9.09725856781,2.38827490807,11.1812705994,47.9077758789,12.0000705719,5.68073511124],[76.4929580688,46.4271888733,-4.12108135223,26.8180751801,10.1288423538,-11.2297687531,5.75474023819,-8.19122695923,2.26719284058,-5.32699966431,12.0000705719,53.9051361084,17.2525577545],[-6.28668689728,13.2319498062,5.94410848618,-6.9112405777,-3.25123262405,-5.46470975876,-5.37422657013,-0.215609833598,-2.27023053169,3.09416842461,5.68073511124,17.2525577545,40.9205589294]],"icov":[[0.012879062444,-0.0178075656295,0.0172751564533,-0.0181348044425,0.0188024155796,-0.0179996006191,0.0172777529806,-0.0156619884074,0.0150768980384,-0.0141612784937,0.0133216222748,-0.0118164923042,0.00848120637238],[-0.0178075656295,0.0256771408021,-0.0229930654168,0.0245603434741,-0.026722246781,0.0251170285046,-0.0242618601769,0.0212477874011,-0.0208486001939,0.0208861082792,-0.0192002393305,0.0164313931018,-0.0123921167105],[0.0172751564533,-0.0229930654168,0.0271880682558,-0.0232632271945,0.0231178123504,-0.0241358112544,0.0233963560313,-0.0210394021124,0.0203812401742,-0.0182415489107,0.0164826251566,-0.0158799123019,0.0107030654326],[-0.0181348044425,0.0245603434741,-0.0232632271945,0.0329197235405,-0.0271464455873,0.024209138006,-0.024286031723,0.0234871432185,-0.0231478735805,0.0198972988874,-0.0166892521083,0.0124219274148,-0.00948743801564],[0.0188024155796,-0.026722246781,0.0231178123504,-0.0271464455873,0.0351827852428,-0.0241388976574,0.0245629474521,-0.0251176208258,0.0230959374458,-0.0211819391698,0.0187541786581,-0.0182665549219,0.0142326839268],[-0.0179996006191,0.0251170285046,-0.0241358112544,0.024209138006,-0.0241388976574,0.0364848263562,-0.0267537292093,0.0187535472214,-0.0202230401337,0.0212557427585,-0.0202023088932,0.0190593935549,-0.0117130009457],[0.0172777529806,-0.0242618601769,0.0233963560313,-0.024286031723,0.0245629474521,-0.0267537292093,0.0354796871543,-0.02055317536,0.0170084256679,-0.0207630973309,0.0226999893785,-0.0189169757068,0.0132673773915],[-0.0156619884074,0.0212477874011,-0.0210394021124,0.0234871432185,-0.0251176208258,0.0187535472214,-0.02055317536,0.0368365049362,-0.0239077098668,0.0194437708706,-0.0195489749312,0.0181663632393,-0.0119921024889],[0.0150768980384,-0.0208486001939,0.0203812401742,-0.0231478735805,0.0230959374458,-0.0202230401337,0.0170084256679,-0.0239077098668,0.04307436198,-0.0228398237377,0.0152433197945,-0.0156814157963,0.0120419273153],[-0.0141612784937,0.0208861082792,-0.0182415489107,0.0198972988874,-0.0211819391698,0.0212557427585,-0.0207630973309,0.0194437708706,-0.0228398237377,0.0407712981105,-0.0224472563714,0.0187020301819,-0.0135065810755],[0.0133216222748,-0.0192002393305,0.0164826251566,-0.0166892521083,0.0187541786581,-0.0202023088932,0.0226999893785,-0.0195489749312,0.0152433197945,-0.0224472563714,0.0421930216253,-0.0215362664312,0.0104781482369],[-0.0118164923042,0.0164313931018,-0.0158799123019,0.0124219274148,-0.0182665549219,0.0190593935549,-0.0189169757068,0.0181663632393,-0.0156814157963,0.0187020301819,-0.0215362664312,0.0396715067327,-0.0200389716774],[0.00848120637238,-0.0123921167105,0.0107030654326,-0.00948743801564,0.0142326839268,-0.0117130009457,0.0132673773915,-0.0119921024889,0.0120419273153,-0.0135065810755,0.0104781482369,-0.0200389716774,0.0365198291838]],"mean":[-733.241088867,219.008163452,-38.1438331604,46.6040878296,17.6043262482,6.29727125168,4.24578714371,6.61266851425,0.260865032673,-12.0569581985,-1.48238039017,8.34667778015,-1.02593004704]},"pitch_salience":{"dmean":0.0820478796959,"dmean2":0.14195522666,"dvar":0.00444383034483,"dvar2":0.0130298109725,"max":0.790681064129,"mean":0.427523344755,"median":0.430841237307,"min":0.0927074924111,"var":0.0161857213825},"silence_rate_20dB":{"dmean":0,"dmean2":0,"dvar":0,"dvar2":0,"max":1,"mean":1,"median":1,"min":1,"var":0},"silence_rate_30dB":{"dmean":0.0329785011709,"dmean2":0.0659707710147,"dvar":0.0318917296827,"dvar2":0.07790350914,"max":1,"mean":0.964941561222,"median":1,"min":0,"var":0.0338300950825},"silence_rate_60dB":{"dmean":0.00250469637103,"dmean2":0.00501043861732,"dvar":0.00249840063043,"dvar2":0.00582020822912,"max":1,"mean":0.0517529211938,"median":0,"min":0,"var":0.0490740388632},"spectral_centroid":{"dmean":164.396697998,"dmean2":279.282287598,"dvar":37643.84375,"dvar2":82586.4921875,"max":11214.1435547,"mean":627.114746094,"median":517.655639648,"min":166.80128479,"var":308035.34375},"spectral_complexity":{"dmean":2.33771657944,"dmean2":3.76075148582,"dvar":4.43987846375,"dvar2":10.2792663574,"max":39,"mean":15.1659011841,"median":15,"min":0,"var":31.6358509064},"spectral_contrast_coeffs":{"dmean":[0.0556407049298,0.0418504662812,0.0316606797278,0.0261704977602,0.0231030583382,0.0182216111571],"dmean2":[0.095024921,0.0689237937331,0.0524705387652,0.0439848639071,0.0389499589801,0.0281378086656],"dvar":[0.00192973820958,0.00109460321255,0.000604637491051,0.00041023051017,0.000350212532794,0.000242341120611],"dvar2":[0.00547506241128,0.00291089224629,0.0016356727574,0.00114596961066,0.000971637433395,0.000569741241634],"max":[-0.301715284586,-0.488443464041,-0.585496783257,-0.634563922882,-0.63421356678,-0.567529320717],"mean":[-0.539584457874,-0.731447935104,-0.772532641888,-0.789545357227,-0.758634626865,-0.720516681671],"median":[-0.533257842064,-0.733488798141,-0.768279135227,-0.787371337414,-0.756269931793,-0.720357656479],"min":[-0.974289953709,-0.967899084091,-0.971690535545,-0.96428924799,-0.963904619217,-0.9567258358],"var":[0.00803327560425,0.0042698266916,0.00230496074073,0.0015858510742,0.00163467414677,0.00202184566297]},"spectral_contrast_valleys":{"dmean":[0.386863350868,0.293161153793,0.262603849173,0.222846090794,0.206242844462,0.180335685611],"dmean2":[0.64946436882,0.478209406137,0.42818453908,0.363012254238,0.292669832706,0.290947258472],"dvar":[0.112276494503,0.0760170668364,0.0662243068218,0.0542883127928,0.0588424913585,0.0518761575222],"dvar2":[0.281111836433,0.160758420825,0.13448831439,0.0984865799546,0.0856010988355,0.0903579071164],"max":[-5.35588598251,-5.32517671585,-5.939909935,-6.42204046249,-6.48803758621,-11.3390407562],"mean":[-7.31703472137,-6.99820566177,-7.6596159935,-7.99949550629,-8.47888946533,-13.2477521896],"median":[-7.05228710175,-6.73259115219,-7.41005706787,-7.75401687622,-8.28544807434,-13.1523132324],"min":[-26.9125671387,-27.1552467346,-27.0917015076,-27.0049419403,-27.2141838074,-27.3975124359],"var":[2.62796974182,2.12000155449,1.93847537041,1.77782797813,1.50498175621,0.570408880711]},"spectral_decrease":{"dmean":4.59356863658e-9,"dmean2":7.87660336954e-9,"dvar":2.78073769743e-17,"dvar2":7.58337745067e-17,"max":-5.18492299429e-29,"mean":-1.10688374022e-8,"median":-9.33456156815e-9,"min":-6.96903015296e-8,"var":6.44084448662e-17},"spectral_energy":{"dmean":0.017583841458,"dmean2":0.030125034973,"dvar":0.000407444895245,"dvar2":0.00110970903188,"max":0.26808860898,"mean":0.0427738949656,"median":0.0361366271973,"min":1.07187146218e-20,"var":0.000950092391577},"spectral_energyband_high":{"dmean":0.0000125238502733,"dmean2":0.0000183780939551,"dvar":1.0048738508e-9,"dvar2":1.92282834099e-9,"max":0.000967173313256,"mean":0.0000253439793596,"median":0.0000113747664727,"min":7.70258146388e-21,"var":2.43258835297e-9},"spectral_energyband_low":{"dmean":0.0141261992976,"dmean2":0.0245924051851,"dvar":0.000240065288381,"dvar2":0.000715219881386,"max":0.158300131559,"mean":0.0265094749629,"median":0.0210038237274,"min":1.32995221214e-22,"var":0.000482785835629},"spectral_energyband_middle_high":{"dmean":0.000741606461816,"dmean2":0.00113936513662,"dvar":0.00000104050604932,"dvar2":0.00000232845241044,"max":0.0233166087419,"mean":0.00243737176061,"median":0.00190878426656,"min":1.57849769616e-21,"var":0.00000430813270214},"spectral_energyband_middle_low":{"dmean":0.0113658411428,"dmean2":0.0196196492761,"dvar":0.000256463506958,"dvar2":0.000706296705175,"max":0.242233157158,"mean":0.021422855556,"median":0.0151482801884,"min":3.31434343126e-22,"var":0.000466298515676},"spectral_entropy":{"dmean":0.179898664355,"dmean2":0.2986933887,"dvar":0.022863259539,"dvar2":0.0605737343431,"max":9.80212497711,"mean":6.77227926254,"median":6.77822875977,"min":5.2603559494,"var":0.175020247698},"spectral_flux":{"dmean":0.0291282106191,"dmean2":0.0476836264133,"dvar":0.000869416689966,"dvar2":0.0021524282638,"max":0.351718068123,"mean":0.0890550240874,"median":0.081851541996,"min":1.0353122526e-10,"var":0.00214330875315},"spectral_kurtosis":{"dmean":7.50944232941,"dmean2":13.1900949478,"dvar":38.5632476807,"dvar2":114.724739075,"max":55.1672363281,"mean":12.6521911621,"median":11.0384397507,"min":-1.24501013756,"var":69.9264068604},"spectral_rms":{"dmean":0.00124840252101,"dmean2":0.00212098984048,"dvar":0.00000135739526286,"dvar2":0.00000366240010408,"max":0.0161725040525,"mean":0.00600030040368,"median":0.00593761261553,"min":3.233772191e-12,"var":0.00000572714543523},"spectral_rolloff":{"dmean":186.689758301,"dmean2":335.487182617,"dvar":144301.359375,"dvar2":328576.8125,"max":18820.0195312,"mean":614.142272949,"median":279.931640625,"min":129.19921875,"var":3290404.25},"spectral_skewness":{"dmean":0.597449421883,"dmean2":1.03575921059,"dvar":0.228895545006,"dvar2":0.673863530159,"max":5.30938577652,"mean":2.02691364288,"median":1.92414689064,"min":-0.0245985276997,"var":0.53698527813},"spectral_spread":{"dmean":212418.15625,"dmean2":354566.03125,"dvar":244734722048,"dvar2":323065380864,"max":42133540,"mean":2153872.75,"median":1952484.875,"min":1216308.375,"var":2023588102140},"spectral_strongpeak":{"dmean":0.316058307886,"dmean2":0.537400901318,"dvar":0.126804843545,"dvar2":0.331119894981,"max":4.62942266464,"mean":0.690889060497,"median":0.592509865761,"min":0,"var":0.23037058115},"zerocrossingrate":{"dmean":0.00414993194863,"dmean2":0.00571605050936,"dvar":0.0000356548989657,"dvar2":0.0000535957260581,"max":0.49267578125,"mean":0.0257435888052,"median":0.01953125,"min":0.0048828125,"var":0.0015724763507}},"metadata":{"audio_properties":{"analysis_sample_rate":44100,"bit_rate":0,"codec":"flac","downmix":"mix","equal_loudness":0,"length":111.239997864,"lossless":true,"md5_encoded":"2ae57986fd22c190e439d0175ea91f26","replay_gain":-4.67107963562,"sample_rate":44100},"tags":{"album":["Pumpkin Seeds"],"albumartist":["The Smashing Pumpkins"],"albumartistsort":["Smashing Pumpkins, The"],"artist":["The Smashing Pumpkins"],"artistsort":["Smashing Pumpkins, The"],"catalognumber":["SP 001"],"composer":["Billy Corgan"],"date":["1994"],"discnumber":["1"],"disctotal":["1"],"encodedby":["-=udachee=-"],"file_name":"02. Daydream.flac","genre":["Alternative Rock","90S","Grunge","Indie Rock","Beautiful","Indie","Billy Corgan","Rock","Acoustic","Alternative","Mellow","Smashing Pumpkins"],"label":["Sponge Records"],"language":["eng"],"lyricist":["Billy Corgan"],"media":["CD"],"musicbrainz_albumartistid":["ba0d6274-db14-4ef5-b28d-657ebde1a396"],"musicbrainz_albumid":["c34816ed-2b11-4e65-8e27-4bffc2d2b270"],"musicbrainz_artistid":["ba0d6274-db14-4ef5-b28d-657ebde1a396"],"musicbrainz_recordingid":["139a6ed1-1c68-4256-9cc6-dbc1bf2f6114"],"musicbrainz_releasegroupid":["a53cda43-385e-33eb-b8eb-069b6a27b0a1"],"musicbrainz_workid":["b6359dfe-4db5-4042-90ac-36fed0e011a1"],"musicip_puid":["0d2f0634-43be-1cb5-0a8d-92a6656f1706"],"originaldate":["1994"],"owner":["-=udachee=-"],"releasecountry":["IT"],"releasestatus":["bootleg"],"releasetype":["album"],"script":["Latn"],"title":["Daydream"],"totaldiscs":["1"],"totaltracks":["11"],"tracknumber":["2"],"tracktotal":["11"],"writer":["Billy Corgan"]},"version":{"essentia":"2.1-beta2","essentia_build_sha":"70f2e5ece6736b2c40cc944ad0e695b16b925413","essentia_git_sha":"v2.1_beta2","extractor":"music 1.0"}},"rhythm":{"beats_count":338,"beats_loudness":{"dmean":0.0332117378712,"dmean2":0.0608466640115,"dvar":0.000954120885581,"dvar2":0.00280360272154,"max":0.198681011796,"mean":0.0540764890611,"median":0.0482136458158,"min":1.31339006337e-9,"var":0.00114786822814}