{"lowlevel":{"average_loudness":0.884991645813,"barkbands":{"dmean":[0.000761746021453,0.00760398246348,0.0020334222354,0.00136462575756,0.00203334260732,0.00124515162315,0.000670583220199,0.00045569561189,0.000303688721033,0.000174366476131,0.0000833654485177,0.0000396679861296,0.0000623496744083,0.000094856164651,0.0000709123705747,0.0000449796534667,0.0000458912545582,0.0000522051559528,0.0000267205923592,0.0000427640661655,0.0000244676830334,0.0000175823533937,0.0000216244679905,0.0000249093118327,0.0000130153284772,0.00000289989247904,2.67579847169e-9],"dmean2":[0.00115303893108,0.0123950913548,0.00333422399126,0.00222755386494,0.0032863765955,0.00192022265401,0.00103902013507,0.000668056018185,0.00043848232599,0.000249153439654,0.000127005405375,0.0000617814075667,0.0000962372287177,0.000144433579408,0.000109450338641,0.000066019994847,0.0000651998343528,0.000078477030911,0.0000396336363337,0.000060644284531,0.0000368816145055,0.000026724223062,0.0000340391343343,0.000036099798308,0.0000198534380615,0.00000469225415145,5.0449724398e-9],"dvar":[0.00000603532089372,0.00022913228895,0.0000158629700309,0.00000885407735041,0.0000128745323309,0.0000061457103584,0.00000302147896036,0.00000186185241091,0.00000135754703479,4.34861647136e-7,8.88666207288e-8,1.83425896694e-8,8.37431812784e-8,2.13114105918e-7,1.11065951103e-7,6.49073399472e-8,4.60084237375e-8,8.55755146745e-8,1.60129722815e-8,5.08632354013e-8,2.8056803103e-8,3.96937549496e-9,2.05394528052e-8,4.54922250981e-8,8.27044654983e-9,4.45668085769e-10,1.18972212907e-17],"dvar2":[0.0000132698414745,0.000595323566813,0.0000441164702352,0.0000252052232099,0.0000336216071446,0.0000148203562276,0.00000715124451744,0.00000362344167115,0.00000293045468425,8.40219684051e-7,1.87335103874e-7,3.96199055785e-8,1.89569192344e-7,5.35537367341e-7,2.62887795088e-7,1.30551555344e-7,9.03864219026e-8,2.01592129656e-7,3.23231859056e-8,8.5438372821e-8,6.99149254046e-8,9.07612118795e-9,5.4475062683e-8,9.94602231685e-8,1.83003301402e-8,1.22907117817e-9,4.06142140431e-17],"max":[0.0483480803668,0.221010744572,0.0836003124714,0.0582060404122,0.0598473697901,0.0503002814949,0.0354726687074,0.0464508421719,0.0455086641014,0.0292563159019,0.0101568931714,0.00532123446465,0.0128492070362,0.0176281165332,0.0143369426951,0.011132302694,0.0102956360206,0.0109462561086,0.00595465674996,0.0128219248727,0.00926882494241,0.00144684617408,0.00576005643234,0.0114166084677,0.00387245602906,0.000951123656705,2.75654521431e-8],"mean":[0.00103252660483,0.0402569063008,0.00728479214013,0.00250325747766,0.00495013874024,0.00313515705056,0.00156056904234,0.0011228020303,0.000667916843668,0.000346326414729,0.000163269854966,0.0000763377029216,0.000101162302599,0.000151417843881,0.000113145040814,0.0000784814255894,0.0000857397608343,0.0000885661283974,0.0000447976999567,0.0000818786356831,0.0000408345404139,0.0000266931911028,0.0000292428612738,0.000036749523133,0.0000162689702847,0.00000305660546474,2.21843876602e-9],"median":[0.000130793268909,0.0304684005678,0.00321037368849,0.000985969090834,0.00222250912338,0.000920039368793,0.000369757297449,0.00017605535686,0.0000985495207715,0.000064825246227,0.0000253971757047,0.0000179780072358,0.000019167749997,0.0000182533731277,0.0000175482473423,0.00000743590953789,0.00000683312828187,0.00000824093149276,0.00000594819221078,0.00000547677927898,0.00000356432701665,0.00000273080740953,0.00000244401917371,0.00000277357503364,0.00000167484608937,3.95448637391e-7,8.44737613193e-10],"min":[5.05349571392e-25,3.01502243545e-24,4.79856052125e-25,9.10560252006e-25,9.60190449782e-24,5.50770338352e-24,7.46746145846e-24,5.64243254309e-24,1.78410675591e-23,1.39553817091e-23,1.04938174585e-23,2.1247974793e-23,2.88135169055e-23,2.06411892956e-23,2.55415569512e-23,6.0670989298e-23,5.01293968453e-23,9.05529078591e-23,1.27464978103e-22,1.59086890318e-22,2.19630664751e-22,2.6614230762e-22,3.93769046384e-22,5.48257925232e-22,9.18620723873e-22,1.04481595146e-21,1.8891195662e-21],"var":[0.00000944054409047,0.00124386383686,0.0000959489407251,0.0000160694344231,0.0000488297082484,0.0000243607446464,0.0000108060567072,0.00000983518293651,0.00000509314168085,0.00000147635444137,2.80298024791e-7,6.10008612512e-8,2.01915682396e-7,3.46618577396e-7,1.65289620213e-7,1.51220817202e-7,1.14923686567e-7,1.5200937753e-7,3.4028555973e-8,2.5751648991e-7,4.0507107002e-8,7.26106375026e-9,2.5606388121e-8,9.58821502195e-8,1.3812561761e-8,3.22993548574e-10,1.03759972667e-17]},"barkbands_crest":{"dmean":1.75468826294,"dmean2":2.82335495949,"dvar":4.5469288826,"dvar2":11.4068641663,"max":26.5945453644,"mean":16.3499126434,"median":16.0681533813,"min":2.6413295269,"var":34.5930595398},"barkbands_flatness_db":{"dmean":0.0222933348268,"dmean2":0.0320306867361,"dvar":0.000616062839981,"dvar2":0.00128977955319,"max":0.572452843189,"mean":0.296594828367,"median":0.298207461834,"min":0.0159251112491,"var":0.00695822108537},"barkbands_kurtosis":{"dmean":15.6014814377,"dmean2":24.1466159821,"dvar":1223.6628418,"dvar2":2959.98779297,"max":1418.07897949,"mean":40.0283966064,"median":18.1777763367,"min":-1.95225739479,"var":4825.99609375},"barkbands_skewness":{"dmean":0.904118657112,"dmean2":1.37096083164,"dvar":1.30607271194,"dvar2":2.98228931427,"max":26.7058944702,"mean":3.94001698494,"median":3.27047228813,"min":-2.17352414131,"var":9.49878120422},"barkbands_spread":{"dmean":1.8925806284,"dmean2":2.82128286362,"dvar":23.1223106384,"dvar2":50.5680465698,"max":111.568855286,"mean":6.17069244385,"median":3.47130417824,"min":0.079876974225,"var":74.3668670654},"dissonance":{"dmean":0.0284110773355,"dmean2":0.0475001037121,"dvar":0.000654312141705,"dvar2":0.00173166487366,"max":0.5,"mean":0.429234355688,"median":0.43622815609,"min":0.155761092901,"var":0.00199941010214},"dynamic_complexity":3.65601825714,"erbbands":{"dmean":[0.254926383495,1.67955851555,2.58680152893,3.25631260872,5.38512420654,7.33939027786,10.3011846542,9.54791164398,9.67117786407,9.27944660187,10.6484136581,7.50285482407,5.65351009369,4.08581113815,2.55719280243,1.75786197186,2.6398229599,4.59817075729,3.9490506649,3.06496763229,2.19989585876,2.28963065147,2.54719948769,1.7147077322,1.49667692184,2.08891034126,1.3856716156,0.723269343376,0.623547673225,0.635130286217,0.630888044834,0.519524693489,0.411830723286,0.168594524264,0.0849607139826,0.0239556524903,0.00324563635513,0.000132514629513,0.00000775887565396,0.0000111053304863],"dmean2":[0.416133165359,2.75085806847,4.29487133026,5.2807841301,8.74226284027,11.8604488373,16.1258087158,14.9403495789,14.7450590134,14.060008049,15.5251541138,10.702422142,7.9626326561,6.24958610535,3.86441969872,2.68577241898,3.99720406532,6.98312044144,5.94869184494,4.47128295898,3.20284461975,3.19412446022,3.80612635612,2.51255249977,2.25588703156,3.00134944916,1.9699703455,1.09733390808,0.933762609959,0.991269052029,1.00304460526,0.790442287922,0.592143476009,0.247223511338,0.134819507599,0.0378120876849,0.00536990584806,0.000219071735046,0.0000122402243505,0.0000177992315002],"dvar":[0.341491222382,11.446059227,22.8583564758,42.4946098328,127.412826538,214.790206909,473.00994873,422.790588379,514.227905273,745.74041748,1140.01025391,853.023010254,577.837768555,199.986679077,61.4723396301,39.5345420837,148.556137085,591.640380859,416.142150879,227.477920532,90.2276382446,163.230224609,170.337188721,69.8984832764,49.5714073181,147.778106689,124.740814209,17.6830787659,5.56307983398,5.82273721695,25.3803920746,15.9035692215,15.7567243576,1.60753214359,0.450519293547,0.0275892373174,0.000690785702318,9.61811451816e-7,8.52721171452e-10,3.08423314666e-10],"dvar2":[0.864126622677,30.3863506317,63.8989715576,120.710189819,333.035552979,562.561462402,1075.3137207,1081.6809082,1146.09057617,1785.52099609,2196.15917969,1834.12854004,1191.14990234,432.503845215,126.040405273,87.013961792,307.359283447,1496.12304688,1012.42504883,453.629180908,204.03086853,323.368469238,411.709899902,148.714035034,99.6627731323,259.004150391,265.205505371,44.4255027771,12.450009346,14.0495376587,68.8577651978,35.6935424805,33.3004302979,3.02500987053,1.11366629601,0.0716818571091,0.00193820288405,0.00000264257823801,2.2518138465e-9,7.874499941e-10],"max":[8.12772750854,53.2215690613,108.61655426,135.972259521,323.361724854,318.387054443,547.352294922,369.765563965,587.706481934,779.201477051,1239.36535645,1249.51098633,1115.45996094,507.371398926,293.791473389,253.779953003,670.400024414,1080.67321777,927.938720703,712.465087891,243.625534058,716.184753418,453.891815186,374.663452148,354.099090576,719.917724609,824.21307373,253.942718506,58.5750846863,59.2374725342,240.631530762,195.796508789,205.131896973,77.6842880249,34.8030738831,6.17951345444,1.11220610142,0.0414793230593,0.00120336690452,0.000265583832515],"mean":[0.966640472412,9.54320049286,11.9754104614,7.88710069656,11.5588569641,16.5760860443,24.8537731171,22.4919929504,24.0750865936,21.4625205994,26.9047851562,17.9222488403,11.9295864105,7.88067150116,5.7021241188,3.80269503593,4.71596956253,7.48096561432,6.78874158859,5.37891149521,4.31620025635,4.46709489822,4.66233205795,3.14667105675,2.65958809853,4.05830526352,2.4378759861,1.2060790062,0.962441980839,0.878843128681,0.855798840523,0.766755998135,0.589858412743,0.234979435802,0.0941427946091,0.026138022542,0.0032497541979,0.000134705012897,0.0000341263075825,0.0000706546634319],"median":[0.525026798248,7.62458086014,8.67543411255,4.7720913887,5.00540351868,6.25374174118,8.09037399292,6.40414381027,6.99006748199,4.24643087387,4.61299037933,2.91963481903,2.23260617256,1.81240367889,1.23833441734,0.911996364594,1.02366423607,1.0134973526,1.09258806705,0.760030210018,0.473576575518,0.375400513411,0.460239231586,0.394075453281,0.312280088663,0.276632070541,0.190842375159,0.108656182885,0.0901892781258,0.0869451910257,0.0710077881813,0.061006963253,0.043148022145,0.021566124633,0.00976593326777,0.0032389187254,0.000500004622154,0.0000280486528936,0.000033330405131,0.0000744791177567],"min":[6.83290490175e-23,3.80258673733e-22,1.29981497402e-21,4.04776511057e-21,9.44804807085e-21,2.83848287356e-20,3.66224942738e-20,6.37535046088e-20,1.4862348269e-19,1.41207278586e-19,2.5458714154e-19,4.2108526056e-19,3.52359450504e-19,5.88880424629e-19,7.64189309642e-19,1.23908129903e-18,1.60016000867e-18,1.38305952927e-18,2.06137544551e-18,2.29256415492e-18,3.42833504153e-18,3.30091903511e-18,4.9182298066e-18,5.94172105803e-18,6.80806949977e-18,7.78571592011e-18,7.03592632566e-18,1.00318901319e-17,8.87924372682e-18,1.17044394043e-17,1.09094228827e-17,9.61442531164e-18,1.01216483274e-17,7.91362533977e-18,6.77123142478e-18,3.41340422468e-18,2.15199184085e-18,9.38091263831e-19,2.44866451024e-19,2.40795459021e-20],"var":[1.26186931133,67.7194290161,140.819259644,97.6056747437,351.434906006,764.648864746,1820.96105957,1408.7980957,2123.64599609,2398.73974609,6250.01660156,3267.15625,1887.55407715,485.787414551,280.888397217,160.892349243,433.316650391,888.98034668,605.514343262,513.264038086,243.851333618,371.469940186,335.238189697,150.821655273,125.130638123,713.976135254,215.718170166,25.3184299469,10.6224365234,8.81895637512,29.1004066467,32.1770744324,33.124458313,4.30621671677,0.43156671524,0.0234552863985,0.000451869243989,6.76776153341e-7,1.11985976048e-9,1.91709181863e-9]},"erbbands_crest":{"dmean":2.20116519928,"dmean2":3.45335674286,"dvar":4.70617628098,"dvar2":11.2511806488,"max":28.2330284119,"mean":11.2192649841,"median":10.4267129898,"min":2.4055659771,"var":21.8761844635},"erbbands_flatness_db":{"dmean":0.0163794346154,"dmean2":0.0228283405304,"dvar":0.00029481051024,"dvar2":0.000537641812116,"max":0.361472606659,"mean":0.189484968781,"median":0.191013097763,"min":0.0454904660583,"var":0.00232360721566},"erbbands_kurtosis":{"dmean":1.83350217342,"dmean2":2.82005572319,"dvar":7.19837999344,"dvar2":15.4003610611,"max":88.3832244873,"mean":3.80703520775,"median":1.95228648186,"min":-1.91213059425,"var":44.7420845032},"erbbands_skewness":{"dmean":0.379833817482,"dmean2":0.572827577591,"dvar":0.158126860857,"dvar2":0.347153246403,"max":8.08752059937,"mean":1.29359638691,"median":1.20766222477,"min":-3.93904829025,"var":1.28533017635},"erbbands_spread":{"dmean":8.0799407959,"dmean2":11.9221744537,"dvar":164.689056396,"dvar2":339.07232666,"max":173.362182617,"mean":32.7735557556,"median":26.0087566376,"min":2.33851861954,"var":630.424438477},"gfcc":{"cov":[[40046.8242188,4836.45898438,-3525.19824219,1393.37878418,-1878.5234375,403.889282227,-979.614257812,397.648620605,-67.9905319214,73.9942016602,122.71244812,-435.246856689,173.816055298],[4836.45898438,1657.35961914,-298.300964355,-273.412719727,104.065299988,-178.65397644,-15.8480615616,-40.3291015625,28.7500076294,-71.4518814087,75.4414215088,-109.060775757,-2.07495856285],[-3525.19824219,-298.300964355,1037.5682373,-90.278427124,237.056289673,83.8813476562,112.165611267,-39.0817718506,-31.2748374939,20.1125202179,-52.477180481,84.1514205933,-57.8856239319],[1393.37878418,-273.412719727,-90.278427124,541.46307373,-152.816604614,102.543258667,-27.5172042847,8.40593242645,20.1183795929,-5.38233423233,3.52968025208,-22.3234386444,54.5309448242],[-1878.5234375,104.065299988,237.056289673,-152.816604614,456.721160889,-45.7530403137,121.589233398,-4.63902282715,64.0765380859,-12.7582597733,18.9778270721,1.52743864059,-18.5146389008],[403.889282227,-178.65397644,83.8813476562,102.543258667,-45.7530403137,255.112335205,34.2477073669,18.7716331482,12.0392217636,37.0229377747,0.219123408198,-12.9801034927,4.81679582596],[-979.614257812,-15.8480615616,112.165611267,-27.5172042847,121.589233398,34.2477073669,221.14541626,13.5168914795,46.204498291,-7.84779214859,45.1707992554,-11.5498380661,9.50333023071],[397.648620605,-40.3291015625,-39.0817718506,8.40593242645,-4.63902282715,18.7716331482,13.5168914795,131.824249268,22.0663757324,10.3980770111,6.83351278305,18.4323120117,-4.05701589584],[-67.9905319214,28.7500076294,-31.2748374939,20.1183795929,64.0765380859,12.0392217636,46.204498291,22.0663757324,154.281311035,21.5264987946,35.3316459656,-19.5961704254,49.9966926575],[73.9942016602,-71.4518814087,20.1125202179,-5.38233423233,-12.7582597733,37.0229377747,-7.84779214859,10.3980770111,21.5264987946,108.874633789,14.2018117905,18.9881744385,1.34444510937],[122.71244812,75.4414215088,-52.477180481,3.52968025208,18.9778270721,0.219123408198,45.1707992554,6.83351278305,35.3316459656,14.2018117905,115.623062134,0.0277615599334,21.9596481323],[-435.246856689,-109.060775757,84.1514205933,-22.3234386444,1.52743864059,-12.9801034927,-11.5498380661,18.4323120117,-19.5961704254,18.9881744385,0.0277615599334,104.394630432,3.73230576515],[173.816055298,-2.07495856285,-57.8856239319,54.5309448242,-18.5146389008,4.81679582596,9.50333023071,-4.05701589584,49.9966926575,1.34444510937,21.9596481323,3.73230576515,101.120536804]],"icov":[[0.000300446467008,-0.00116382364649,0.000523935828824,-0.00093195552472,0.000600241706707,-0.00092264811974,0.000543899601325,-0.000920983904507,0.000285806308966,-0.000657571130432,0.00042356873746,-0.000316521472996,0.000115092909255],[-0.00116382364649,0.00535134738311,-0.00187689147424,0.00402791704983,-0.00245757470839,0.00387375010177,-0.00186471501365,0.00365889514796,-0.00112826586701,0.0029230916407,-0.0022391313687,0.00205349875614,-0.00051923369756],[0.000523935828824,-0.00187689147424,0.00240722694434,-0.00155389180873,0.000337484525517,-0.0021985755302,0.000371141446522,-0.000864788366016,0.00065720861312,-0.00122628023382,0.00145881203935,-0.00181676412467,0.000815414765384],[-0.00093195552472,0.00402791704983,-0.00155389180873,0.00543472450227,-0.00128044106532,0.00213687494397,-0.00134602480102,0.00280379178002,-0.00114868220408,0.00275417347439,-0.0016651218757,0.00171161792241,-0.00140318111517],[0.000600241706707,-0.00245757470839,0.000337484525517,-0.00128044106532,0.00466726114973,-0.00115968158934,-0.00017578175175,-0.00170707842335,-0.00107872567605,-0.00084929302102,0.000798397639301,-0.000627133296803,0.00105373549741],[-0.00092264811974,0.00387375010177,-0.0021985755302,0.00213687494397,-0.00115968158934,0.00808397494256,-0.0025787956547,0.00204815436155,-0.000794993073214,0.000284481968265,-0.00125658779871,0.00262005836703,-0.00045288799447],[0.000543899601325,-0.00186471501365,0.000371141446522,-0.00134602480102,-0.00017578175175,-0.0025787956547,0.00755104236305,-0.00239625200629,-0.000237965228735,0.0000789051191532,-0.0018128817901,0.000623882282525,-0.000262711226242],[-0.000920983904507,0.00365889514796,-0.000864788366016,0.00280379178002,-0.00170707842335,0.00204815436155,-0.00239625200629,0.0115886051208,-0.00280357920565,0.00212337006815,-0.00106493243948,-0.00172114814632,0.00158387201373],[0.000285806308966,-0.00112826586701,0.00065720861312,-0.00114868220408,-0.00107872567605,-0.000794993073214,-0.000237965228735,-0.00280357920565,0.0105506777763,-0.00305741117336,-0.000719910254702,0.00233417539857,-0.00487422384322],[-0.000657571130432,0.0029230916407,-0.00122628023382,0.00275417347439,-0.00084929302102,0.000284481968265,0.0000789051191532,0.00212337006815,-0.00305741117336,0.0126941138878,-0.00265954318456,-0.00134242151398,0.000881788728293],[0.00042356873746,-0.0022391313687,0.00145881203935,-0.0016651218757,0.000798397639301,-0.00125658779871,-0.0018128817901,-0.00106493243948,-0.000719910254702,-0.00265954318456,0.0117126516998,-0.00191201700363,-0.000788981444202],[-0.000316521472996,0.00205349875614,-0.00181676412467,0.00171161792241,-0.000627133296803,0.00262005836703,0.000623882282525,-0.00172114814632,0.00233417539857,-0.00134242151398,-0.00191201700363,0.0137320961803,-0.00297197536565],[0.000115092909255,-0.00051923369756,0.000815414765384,-0.00140318111517,0.00105373549741,-0.00045288799447,-0.000262711226242,0.00158387201373,-0.00487422384322,0.000881788728293,-0.000788981444202,-0.00297197536565,0.0138861630112]],"mean":[-109.37285614,144.273178101,-62.5390281677,41.5957489014,-45.131439209,15.1287651062,-29.3042678833,9.66746425629,-11.3644390106,1.95920217037,-4.15526866913,-7.15000677109,-1.74912750721]},"hfc":{"dmean":2.28891348839,"dmean2":3.2767572403,"dvar":22.9073600769,"dvar2":46.7483024597,"max":170.746383667,"mean":11.3397092819,"median":8.71910667419,"min":1.02728294809e-16,"var":120.451820374},"melbands":{"dmean":[0.00215288856998,0.00159146788064,0.000595921766944,0.000434463639976,0.000348765199305,0.000217727065319,0.000147043960169,0.0000952780319494,0.0000865822075866,0.0000422594348493,0.0000280839849438,0.000016790088921,0.0000105881208583,0.0000049048639994,0.00000530563511347,0.00000621854269411,0.00000928330973693,0.00000693148604114,0.00000438186498286,0.00000379198831979,0.00000289481226901,0.00000280351264337,0.00000172005945842,0.00000324438246935,0.00000127360044644,0.00000106664322175,0.00000131437298023,0.00000145178751154,0.00000106261984456,5.47696572539e-7,4.02457800419e-7,3.59418464768e-7,3.62809004173e-7,3.63048400231e-7,3.79362830927e-7,3.46732747403e-7,3.3578103853e-7,3.06600469457e-7,2.30279667335e-7,1.19826495393e-7],"dmean2":[0.00350308930501,0.0026346235536,0.000969091895968,0.00070635357406,0.00055141642224,0.000339290680131,0.000224169925787,0.000144170975545,0.000126872182591,0.0000599516060902,0.0000396178766096,0.0000257748124568,0.0000159639894264,0.00000768641530158,0.00000811222889752,0.00000947510216065,0.0000141728469316,0.0000104435930552,0.0000065779927354,0.00000551593575437,0.00000422809853262,0.00000395565439248,0.00000250334164775,0.00000491018454341,0.00000187048078715,0.00000161952004873,0.00000197028339244,0.00000209252152672,0.00000150574408053,8.29224518384e-7,6.13097199675e-7,5.49019318896e-7,5.62314596664e-7,5.69806957174e-7,6.19891011411e-7,5.37581911431e-7,5.17166768077e-7,4.3845901132e-7,3.42774853834e-7,1.83556082334e-7],"dvar":[0.0000202972350962,0.00000819338310976,0.00000131753608912,6.60698674437e-7,4.77489550121e-7,2.03728077963e-7,1.19404148791e-7,6.99541047311e-8,7.41873051879e-8,2.659714049e-8,1.45078713487e-8,3.39442096653e-9,1.18459320131e-9,2.41676845203e-10,5.27744570267e-10,1.09088138522e-9,2.25543828059e-9,1.25786348004e-9,3.35659416928e-10,5.47909273507e-10,1.6506282452e-10,2.79019835014e-10,6.68109248481e-11,4.25145862959e-10,3.55359734694e-11,3.17805087802e-11,3.64761276739e-11,7.82475542693e-11,9.46499129073e-11,1.37569677872e-11,3.99779948729e-12,2.09212334956e-12,1.7088021536e-12,2.01046080825e-12,1.09094721104e-11,5.93550512559e-12,8.39973663541e-12,9.09213156153e-12,5.38369045525e-12,6.25313928242e-13],"dvar2":[0.0000517449188919,0.0000223198221647,0.00000369206895812,0.00000175267939539,0.00000112472639557,5.09197889187e-7,2.67811884669e-7,1.60619549661e-7,1.45547375041e-7,5.65912401385e-8,2.96966415902e-8,7.24805726549e-9,2.48358911215e-9,5.39187694493e-10,1.1032337266e-9,2.62169108645e-9,5.65123281504e-9,3.07348435591e-9,7.19110160308e-10,1.08503450669e-9,3.75154241006e-10,5.90847315518e-10,1.21911272744e-10,1.0318468302e-9,7.44872843961e-11,6.46280251537e-11,7.21619916599e-11,1.39215333705e-10,1.93947122251e-10,3.45193110207e-11,9.75143576998e-12,4.64597154151e-12,4.06365305988e-12,4.91619245313e-12,3.12022456483e-11,1.26094109112e-11,2.11268572081e-11,2.06340153297e-11,1.03943477089e-11,1.19961007274e-12],"max":[0.0645842179656,0.04642059654,0.0248585529625,0.0152337970212,0.0142252659425,0.00856399256736,0.00823583453894,0.00725825503469,0.00952632073313,0.00679449504241,0.00554940849543,0.00203277892433,0.000985344988294,0.000519039749634,0.00120747298934,0.00152533955406,0.00183233967982,0.00140949583147,0.000751019222662,0.00118133751675,0.000360410689609,0.000919446581975,0.000281069980701,0.000795763626229,0.000245792238275,0.000277005630778,0.000412439083448,0.000426332786446,0.000732752436306,0.000229802535614,0.000103698199382,0.0000415791691921,0.0000332283379976,0.000035219349229,0.000170281840838,0.000102863108623,0.000151066400576,0.000170625920873,0.000144501856994,0.000048697253078],"mean":[0.0104098431766,0.00886496901512,0.00147685245611,0.00100677844603,0.000859427556861,0.000533259124495,0.000363945931895,0.000223474577069,0.00021711064619,0.0000961257246672,0.0000567657189094,0.0000312951051455,0.0000218671648327,0.00000985448514257,0.000010008224308,0.00000999540043267,0.0000145365447679,0.0000113246633191,0.00000727964834368,0.00000623931236987,0.00000510967174705,0.00000500716487295,0.00000316134946843,0.00000541876033822,0.00000213847238228,0.0000016979204247,0.00000237347148868,0.00000270887221632,0.00000177478693786,8.78899811596e-7,6.24309166142e-7,5.47369779724e-7,4.97574490055e-7,4.7379197099e-7,4.83831854581e-7,4.95193773986e-7,4.55722187098e-7,4.24259923193e-7,3.21425972061e-7,1.61324535952e-7],"median":[0.0066755944863,0.00867873802781,0.000935103511438,0.000411552959122,0.000318666017847,0.000150541949552,0.0000984812140814,0.0000431820408267,0.000034352990042,0.0000147888968058,0.00000967243704508,0.00000682532754581,0.00000380353094442,0.00000231173999055,0.00000198901079784,0.00000190601804206,0.00000160960416906,0.00000161769253282,0.00000116800015348,6.38520759821e-7,5.01901581629e-7,3.67463655948e-7,2.99672478832e-7,4.21399363404e-7,2.52843193493e-7,2.14812487798e-7,1.89652467952e-7,1.65882198644e-7,1.20586747698e-7,7.68473569224e-8,5.32945207965e-8,4.66319676207e-8,5.07553856721e-8,4.51845991734e-8,4.02692990065e-8,3.49534623467e-8,3.66824117748e-8,3.04994181022e-8,2.26409877513e-8,1.52000065867e-8],"min":[9.88028660874e-25,5.00298051281e-25,8.13151115784e-25,8.77722733535e-25,1.22915612529e-24,1.34686679412e-24,1.94663103505e-24,1.36202672857e-24,2.24652262184e-24,2.20104636837e-24,1.37236070782e-24,1.84150999462e-24,2.43059424217e-24,2.31198249697e-24,2.97997413429e-24,2.74126147171e-24,1.94804901252e-24,3.30865658033e-24,2.36757411661e-24,4.08230824729e-24,2.98748763998e-24,2.33274906308e-24,4.11241039058e-24,4.92191223581e-24,4.01725917148e-24,4.0153256734e-24,3.1894098021e-24,4.45722583098e-24,3.27984856336e-24,5.49158222206e-24,4.98442196837e-24,4.45222011411e-24,4.95000317822e-24,5.58864248455e-24,5.53534506964e-24,5.60861447052e-24,4.89772378831e-24,6.26955290249e-24,6.17282672259e-24,5.58940334089e-24],"var":[0.000101791141788,0.0000408228952438,0.00000297941960525,0.00000241844122684,0.00000186687861969,7.57541158691e-7,4.9686246939e-7,2.52347291507e-7,4.04924378472e-7,1.00457043573e-7,4.64998102245e-8,8.34599234167e-9,4.46551151612e-9,8.67106830782e-10,1.98242977589e-9,1.86539717006e-9,3.47576034621e-9,1.84600901232e-9,6.6569283419e-10,1.12222930948e-9,3.98849259176e-10,5.2780357862e-10,1.87911242122e-10,7.09294067924e-10,7.65386712342e-11,6.34079594386e-11,2.19677304125e-10,3.11509595896e-10,1.53783638601e-10,1.90265234123e-11,6.35646093053e-12,4.00881541504e-12,2.61475108058e-12,2.86403561457e-12,1.00610362055e-11,1.23079203079e-11,1.31246862337e-11,1.56732526263e-11,1.33967776109e-11,1.64945249299e-12]},"melbands_crest":{"dmean":2.06297039986,"dmean2":3.30351376534,"dvar":6.43959760666,"dvar2":16.4476261139,"max":38.6742324829,"mean":20.2881679535,"median":20.6999015808,"min":1.54281282425,"var":40.2888183594},"melbands_flatness_db":{"dmean":0.0256605856121,"dmean2":0.0351126305759,"dvar":0.000910238595679,"dvar2":0.00181851221714,"max":0.69911056757,"mean":0.391143292189,"median":0.399120539427,"min":0.00302533828653,"var":0.0126507775858},"melbands_kurtosis":{"dmean":22.951625824,"dmean2":35.2197227478,"dvar":2744.3293457,"dvar2":5824.19091797,"max":1995.6739502,"mean":57.3144645691,"median":31.1921577454,"min":-1.40474975109,"var":7221.13720703},"melbands_skewness":{"dmean":0.995613694191,"dmean2":1.51728141308,"dvar":1.91893315315,"dvar2":4.07340812683,"max":39.4837303162,"mean":4.47061538696,"median":3.92390012741,"min":-0.615866661072,"var":9.01954460144},"melbands_spread":{"dmean":1.71116352081,"dmean2":2.70459342003,"dvar":28.0422515869,"dvar2":71.2221832275,"max":156.190155029,"mean":8.03407859802,"median":2.78795838356,"min":0.0629656612873,"var":473.998443604},"mfcc":{"cov":[[13047.1708984,1672.32849121,-379.170379639,362.941162109,-196.347335815,-138.088973999,-258.23614502,-52.2909927368,-12.0348682404,315.605834961,62.7441329956,63.3852157593,-11.0360126495],[1672.32849121,2542.30395508,9.28333950043,69.9580154419,177.6378479,-75.6433181763,64.6562423706,6.52569961548,-30.7314491272,56.8203849792,43.7087211609,-2.94808387756,25.0013217926],[-379.170379639,9.28333950043,701.276184082,78.2883911133,52.5947723389,142.691848755,59.3285179138,37.519695282,22.8540878296,-21.9380245209,0.823981165886,7.95958042145,10.6423225403],[362.941162109,69.9580154419,78.2883911133,316.655914307,56.2107543945,29.8358230591,5.37648439407,25.1050243378,18.3966560364,-1.35171735287,-15.2200746536,15.6592245102,1.14779686928],[-196.347335815,177.6378479,52.5947723389,56.2107543945,222.577178955,45.9608001709,14.3088188171,22.2302589417,29.7011451721,26.3623867035,-2.22875189781,9.33142471313,10.5382232666],[-138.088973999,-75.6433181763,142.691848755,29.8358230591,45.9608001709,204.051773071,54.2108535767,12.3373603821,39.5500259399,25.7873897552,20.410276413,3.48817443848,2.35698390007],[-258.23614502,64.6562423706,59.3285179138,5.37648439407,14.3088188171,54.2108535767,160.224639893,51.3834724426,-3.06228423119,14.2438669205,36.2105522156,4.23867416382,1.27836763859],[-52.2909927368,6.52569961548,37.519695282,25.1050243378,22.2302589417,12.3373603821,51.3834724426,120.424987793,29.8434772491,6.66836214066,20.3354797363,6.34895610809,0.117742829025],[-12.0348682404,-30.7314491272,22.8540878296,18.3966560364,29.7011451721,39.5500259399,-3.06228423119,29.8434772491,121.082954407,33.4851608276,0.241457104683,17.2690982819,11.0018253326],[315.605834961,56.8203849792,-21.9380245209,-1.35171735287,26.3623867035,25.7873897552,14.2438669205,6.66836214066,33.4851608276,128.97567749,27.8853702545,-14.203751564,0.234172388911],[62.7441329956,43.7087211609,0.823981165886,-15.2200746536,-2.22875189781,20.410276413,36.2105522156,20.3354797363,0.241457104683,27.8853702545,104.065628052,25.2155075073,4.10904169083],[63.3852157593,-2.94808387756,7.95958042145,15.6592245102,9.33142471313,3.48817443848,4.23867416382,6.34895610809,17.2690982819,-14.203751564,25.2155075073,99.9451141357,32.9155426025],[-11.0360126495,25.0013217926,10.6423225403,1.14779686928,10.5382232666,2.35698390007,1.27836763859,0.117742829025,11.0018253326,0.234172388911,4.10904169083,32.9155426025,80.8150253296]],"icov":[[0.000109073764179,-0.0000836876279209,0.0000407499464927,-0.000148126448039,0.000223089111387,-0.0000544838476344,0.000253755715676,-0.000074696392403,0.000102103302197,-0.000331629329594,0.000015391746274,-0.000164892495377,0.0000595540077484],[-0.0000836876279209,0.000514630402904,-0.0000675859118928,0.000029490713132,-0.000574113975745,0.000411727465689,-0.000438911432866,0.000214529121877,0.0000259483640548,0.000107611485873,-0.000223063820158,0.000240653971559,-0.00018318889488],[0.0000407499464927,-0.0000675859118928,0.00177767954301,-0.000317659403663,-0.0000062724466261,-0.0012339806417,-0.0000927072906052,-0.000374921946786,0.0000839221465867,0.000450498308055,0.000172141750227,0.0000219842313527,-0.000194729829673],[-0.000148126448039,0.000029490713132,-0.000317659403663,0.00370819377713,-0.000912798510399,-0.000240182416746,-0.000113819529361,-0.000599314109422,-0.00012610226986,0.000407877203543,0.000817799125798,-0.000544743379578,0.000284795940388],[0.000223089111387,-0.000574113975745,-0.0000062724466261,-0.000912798510399,0.00594615144655,-0.00124658399727,0.000774084241129,-0.0009442307055,-0.00022421493486,-0.00153031141963,0.00088096462423,-0.000835322134662,-0.000197632849449],[-0.0000544838476344,0.000411727465689,-0.0012339806417,-0.000240182416746,-0.00124658399727,0.00731765618548,-0.00244151614606,0.0016280412674,-0.00216014543548,-0.000411584886024,-0.00113168754615,0.000603295397013,0.000123566307593],[0.000253755715676,-0.000438911432866,-0.0000927072906052,-0.000113819529361,0.000774084241129,-0.00244151614606,0.00938543304801,-0.00389004335739,0.00215550744906,-0.00121760170441,-0.00156868691556,-0.000428488187026,-0.0000238996854023],[-0.000074696392403,0.000214529121877,-0.000374921946786,-0.000599314109422,-0.0009442307055,0.0016280412674,-0.00389004335739,0.0112091433257,-0.00338369165547,0.00107888272032,-0.00177873799112,0.000732627813704,0.000351724593202],[0.000102103302197,0.0000259483640548,0.0000839221465867,-0.00012610226986,-0.00022421493486,-0.00216014543548,0.00215550744906,-0.00338369165547,0.0112807266414,-0.00342304073274,0.00176569633186,-0.00254053180106,-0.000521097681485],[-0.000331629329594,0.000107611485873,0.000450498308055,0.000407877203543,-0.00153031141963,-0.000411584886024,-0.00121760170441,0.00107888272032,-0.00342304073274,0.0110606048256,-0.00330141303129,0.00349240750074,-0.000735081906896],[0.000015391746274,-0.000223063820158,0.000172141750227,0.000817799125798,0.00088096462423,-0.00113168754615,-0.00156868691556,-0.00177873799112,0.00176569633186,-0.00330141303129,0.0128389885649,-0.00431715510786,0.000857108505443],[-0.000164892495377,0.000240653971559,0.0000219842313527,-0.000544743379578,-0.000835322134662,0.000603295397013,-0.000428488187026,0.000732627813704,-0.00254053180106,0.00349240750074,-0.00431715510786,0.0139390788972,-0.00511715607718],[0.0000595540077484,-0.00018318889488,-0.000194729829673,0.000284795940388,-0.000197632849449,0.000123566307593,-0.0000238996854023,0.000351724593202,-0.000521097681485,-0.000735081906896,0.000857108505443,-0.00511715607718,0.0145960543305]],"mean":[-747.502624512,168.468063354,42.4846687317,36.7340164185,16.8904647827,10.4438238144,4.32343006134,5.28426647186,2.44261431694,9.75835418701,3.38241934776,2.53176474571,1.15434634686]},"pitch_salience":{"dmean":0.0597734488547,"dmean2":0.0966105684638,"dvar":0.00402974290773,"dvar2":0.0100840078667,"max":0.984131991863,"mean":0.386252433062,"median":0.382665395737,"min":0.0337328799069,"var":0.0272589921951},"silence_rate_20dB":{"dmean":0,"dmean2":0,"dvar":0,"dvar2":0,"max":1,"mean":1,"median":1,"min":1,"var":0},"silence_rate_30dB":{"dmean":0.0614275410771,"dmean2":0.122872799635,"dvar":0.0576574839652,"dvar2":0.138918668032,"max":1,"mean":0.826412916183,"median":1,"min":0,"var":0.143462434411},"silence_rate_60dB":{"dmean":0.00720980530605,"dmean2":0.0144216902554,"dvar":0.00715863611549,"dvar2":0.0156548246741,"max":1,"mean":0.0777104943991,"median":0,"min":0,"var":0.071674451232},"spectral_centroid":{"dmean":110.965263367,"dmean2":165.926742554,"dvar":60997.2734375,"dvar2":127920.015625,"max":11861.2695312,"mean":762.568969727,"median":350.759246826,"min":76.9801101685,"var":3109678.75},"spectral_complexity":{"dmean":1.53280460835,"dmean2":2.41822910309,"dvar":3.27303695679,"dvar2":6.43414735794,"max":50,"mean":8.77076148987,"median":8,"min":0,"var":28.0542392731},"spectral_contrast_coeffs":{"dmean":[0.0420059040189,0.0409530997276,0.0328470878303,0.0264870934188,0.0204157512635,0.0158191937953],"dmean2":[0.0705355033278,0.066699527204,0.0527289584279,0.042644392699,0.0320523157716,0.0243417546153],"dvar":[0.00126537575852,0.00119503331371,0.000709339627065,0.000502976647113,0.000337240926456,0.000250416313065],"dvar2":[0.00341476197354,0.00302970665507,0.00178652943578,0.00123876088765,0.0007301827427,0.000500836467836],"max":[-0.328299760818,-0.431645452976,-0.447551906109,-0.567791700363,-0.540735244751,-0.50164681673],"mean":[-0.648312211037,-0.706008017063,-0.778596997261,-0.80014538765,-0.811008751392,-0.810970366001],"median":[-0.647441029549,-0.704103708267,-0.782222509384,-0.803128898144,-0.816926300526,-0.817648589611],"min":[-0.992017447948,-0.995856165886,-0.978850603104,-0.972512900829,-0.968219995499,-0.9655200243],"var":[0.00906838197261,0.00809781439602,0.00488631054759,0.00349253928289,0.00317567330785,0.00280829006806]},"spectral_contrast_valleys":{"dmean":[0.341230124235,0.315241903067,0.290131270885,0.266493439674,0.261709362268,0.298870682716],"dmean2":[0.564926564693,0.516141593456,0.465874642134,0.412645548582,0.366563439369,0.367254525423],"dvar":[0.10576505214,0.0903313085437,0.0843098983169,0.0845834985375,0.100703299046,0.145406290889],"dvar2":[0.239390596747,0.198694244027,0.168690755963,0.154290378094,0.166864991188,0.237768962979],"max":[-4.87310838699,-4.55565404892,-5.37552070618,-5.49350547791,-5.64977407455,-7.46927595139],"mean":[-7.23907375336,-7.65850496292,-8.79181671143,-9.45426273346,-9.52802371979,-11.7012071609],"median":[-6.52671527863,-7.00945281982,-8.17449951172,-8.88032817841,-9.00512218475,-11.348608017],"min":[-28.1354579926,-28.3451957703,-27.7466602325,-27.7193279266,-27.583486557,-27.4037475586],"var":[12.3839874268,12.1200838089,10.7074184418,10.1236925125,10.0176734924,7.8987827301]},"spectral_decrease":{"dmean":2.62155719355e-9,"dmean2":4.21920764992e-9,"dvar":1.78533220565e-17,"dvar2":4.59145194018e-17,"max":4.05476768251e-28,"mean":-1.66840354865e-8,"median":-1.75797687518e-8,"min":-6.4327423388e-8,"var":1.07668905642e-16},"spectral_energy":{"dmean":0.0100081935525,"dmean2":0.0160875637084,"dvar":0.000257660722127,"dvar2":0.000661536236294,"max":0.244620516896,"mean":0.0639979466796,"median":0.067461386323,"min":9.90187942146e-21,"var":0.00157592468895},"spectral_energyband_high":{"dmean":0.00011315017764,"dmean2":0.000158038645168,"dvar":2.6004005349e-7,"dvar2":5.39500206287e-7,"max":0.0205370355397,"mean":0.000193584812223,"median":0.0000199762289412,"min":7.11603124581e-21,"var":5.88678915392e-7},"spectral_energyband_low":{"dmean":0.00897477846593,"dmean2":0.0145557727665,"dvar":0.000259643333266,"dvar2":0.000676451076288,"max":0.23357245326,"mean":0.0499137975276,"median":0.0492489226162,"min":9.14439830495e-24,"var":0.00127376674209},"spectral_energyband_middle_high":{"dmean":0.000426295882789,"dmean2":0.000588205701206,"dvar":0.00000132959758048,"dvar2":0.00000247988259616,"max":0.0373003222048,"mean":0.00120379962027,"median":0.000344408035744,"min":1.13396960309e-21,"var":0.00000622783454673},"spectral_energyband_middle_low":{"dmean":0.00395884690806,"dmean2":0.00620258739218,"dvar":0.000037313944631,"dvar2":0.0000939363890211,"max":0.123274892569,"mean":0.0141261043027,"median":0.00897287856787,"min":1.54131871957e-22,"var":0.00022601292585},"spectral_entropy":{"dmean":0.207049921155,"dmean2":0.288658946753,"dvar":0.0603997968137,"dvar2":0.112874247134,"max":9.82264137268,"mean":6.65596961975,"median":6.54217576981,"min":4.35013437271,"var":0.701697230339},"spectral_flux":{"dmean":0.0205300133675,"dmean2":0.0323684215546,"dvar":0.000763608666603,"dvar2":0.00177136261482,"max":0.392793983221,"mean":0.063305221498,"median":0.0510875694454,"min":6.32241134446e-11,"var":0.00242050737143},"spectral_kurtosis":{"dmean":4.33393478394,"dmean2":6.86684989929,"dvar":26.5598297119,"dvar2":66.5631942749,"max":97.022857666,"mean":12.2592096329,"median":9.42236042023,"min":-1.40026211739,"var":128.720703125},"spectral_rms":{"dmean":0.000610561692156,"dmean2":0.000959602883086,"dvar":7.71072734551e-7,"dvar2":0.00000182630935797,"max":0.0154484352097,"mean":0.0072780251503,"median":0.00811270624399,"min":3.10811359289e-12,"var":0.00000946718500927},"spectral_rolloff":{"dmean":103.362350464,"dmean2":180.259460449,"dvar":283513,"dvar2":686239.5,"max":19466.015625,"mean":810.407531738,"median":193.798828125,"min":43.06640625,"var":9544549},"spectral_skewness":{"dmean":0.424713224173,"dmean2":0.63604414463,"dvar":0.188342243433,"dvar2":0.410852134228,"max":8.46809864044,"mean":2.60971689224,"median":2.59451293945,"min":-0.356068015099,"var":1.52940058708},"spectral_spread":{"dmean":629736.375,"dmean2":897617.5625,"dvar":923811053568,"dvar2":1732027744260,"max":42797928,"mean":4906723.5,"median":3515979.25,"min":989964.1875,"var":38890882727900},"spectral_strongpeak":{"dmean":0.145121276379,"dmean2":0.252732127905,"dvar":0.104916892946,"dvar2":0.281730502844,"max":5.28769207001,"mean":0.661978244781,"median":0.649824976921,"min":0,"var":0.181431740522},"zerocrossingrate":{"dmean":0.0041530309245,"dmean2":0.00529250688851,"dvar":0.0000740988762118,"dvar2":0.0000908019719645,"max":0.52783203125,"mean":0.0292258430272,"median":0.01171875,"min":0.001953125,"var":0.00673418631777}},"metadata":{"audio_properties":{"analysis_sample_rate":44100,"bit_rate":192000,"codec":"mp3","downmix":"mix","equal_loudness":0,"length":161.018768311,"lossless":false,"md5_encoded":"7b4b4eb0168f303698f4df20b09bbc5c","replay_gain":-7.36866950989,"sample_rate":44100},"tags":{"album":["Byrdmaniax"],"albumartist":["Byrds ,The"],"artist":["The Byrds"],"date":["1971"],"discnumber":["1"],"file_name":"2068966.mp3","genre":["Folk-Rock"],"musicbrainz_recordingid":["13bc5132-682e-4eda-a74a-ed702e2e051f"],"title":["Absolute Happiness"],"tracknumber":["1"]},"version":{"essentia":"2.1-beta2","essentia_build_sha":"70f2e5ece6736b2c40cc944ad0e695b16b925413","essentia_git_sha":"v2.1_beta2","extractor":"music 1.0"}},"rhythm":{"beats_count":366,"beats_loudness":{"dmean":0.0290617737919,"dmean2":0.046612855047,"dvar":0.000669101835229,"dvar2":0.00173435860779,"max":0.197316378355,"mean":0.0716397315264,"median":0.073024392128,"min":0,"var":0.00157823623158},"beats_loudness_band_ratio":{"dmean":[0.139136269689,0.100557386875,0.0548309497535,0.0175846349448,0.0115958778188,0.0100211407989],"dmean2":[0.238284662366,0.172189489007,0.0960223823786,0.0325670465827,0.0211215931922,0.0182784777135],"dvar":[0.0177225973457,0.0100532416254,0.00510447053239,0.00129002262838,0.000453243992524,0.000653541006614],"dvar2":[0.0462735630572,0.0265051107854,0.0142994280905,0.00367202796042,0.00131418730598,0.00188895966858],"max":[0.998582363129,0.761834084988,0.498741358519,0.261630386114,0.148247078061,0.23842561245],"mean":[0.769953668118,0.140834599733,0.0659939572215,0.0152939679101,0.00952338427305,0.00776597205549],"median":[0.852245569229,0.0982172787189,0.0283971875906,0.00455929851159,0.00310666742735,0.00230203196406],"min":[0,0,0,0,0,0],"var":[0.0480850152671,0.0195426046848,0.00797900930047,0.000981853576377,0.000343373860233,0.000441044481704]},"beats_position":[0.452789098024,0