{"lowlevel":{"average_loudness":0.756373465061,"barkbands":{"dmean":[0.000077514880104,0.00163733260706,0.000630339665804,0.000761052302551,0.00109548016917,0.00138439133298,0.000661003752612,0.000482582428958,0.000796215375885,0.000779145746492,0.000536906300113,0.000389176042518,0.000261889043031,0.000302127591567,0.000329989008605,0.000204976648092,0.000204603915336,0.000116084724141,0.000112959591206,0.0000991834531305,0.0000697287978255,0.0000631580260233,0.0000710506283212,0.000102869613329,0.0000649441717542,0.000022326461476,0.00000434370303992],"dmean2":[0.000128008468891,0.00288500078022,0.000989754800685,0.0011791808065,0.00178374291863,0.00206052931026,0.00100447144359,0.00070009380579,0.00112250109669,0.00108266877942,0.00080095953308,0.000574900885113,0.000401961558964,0.000469729769975,0.000525335839484,0.000331643066602,0.00033208943205,0.000189554964891,0.000185163953574,0.000162246127729,0.000114186579594,0.00010090773867,0.000107827378088,0.000151823973283,0.0000906740460778,0.0000312544907501,0.00000638834490019],"dvar":[4.29146886916e-8,0.0000787423487054,0.00000293986613542,0.00000227617601922,0.00000991058004729,0.00000990740500129,0.00000462256593892,0.00000272828538073,0.00000461143827124,0.00000484391966893,0.00000289361059913,0.00000128273029532,4.9803196589e-7,5.43958890376e-7,4.30547117958e-7,2.10864783412e-7,2.01578814085e-7,4.88106017826e-8,4.16025542904e-8,4.170268042e-8,2.99779010504e-8,5.01436758782e-8,6.33258778748e-8,1.30415259036e-7,4.76156536422e-8,6.40368691407e-9,2.84012563467e-10],"dvar2":[1.07588498111e-7,0.000221334194066,0.00000824683775136,0.00000622759534963,0.0000265583475993,0.0000205311316677,0.0000103814882095,0.00000558796455152,0.00000965102026385,0.0000102536496343,0.00000687790497977,0.00000273830482911,0.00000106935601707,0.00000124815153413,0.00000102849730865,4.88546675115e-7,5.38856625099e-7,1.22684156167e-7,1.12089516335e-7,1.10609313708e-7,7.34257810109e-8,1.15465788042e-7,1.38141032835e-7,2.61647301159e-7,8.34529032545e-8,1.22370158451e-8,5.77769720955e-10],"max":[0.00483703007922,0.131369546056,0.0351785086095,0.0308778733015,0.0567718371749,0.0697534531355,0.0520139336586,0.0561214610934,0.0560567043722,0.0575814060867,0.0460109636188,0.0375416912138,0.0234107747674,0.0160386972129,0.0198728907853,0.0151507342234,0.0205171909183,0.00463743275031,0.00380689022131,0.00398261565715,0.00481876265258,0.00753818592057,0.00540894223377,0.00806422811002,0.00592438457534,0.00411217100918,0.000283719651634],"mean":[0.000239943678025,0.00208824593574,0.00113434693776,0.00200712610967,0.00246436847374,0.00369673478417,0.00121616292745,0.0014200147707,0.00198226678185,0.00226956047118,0.00123051949777,0.000925614847802,0.000502356386278,0.000598269340117,0.00062914181035,0.000409745727666,0.000454400316812,0.00024234400189,0.000275676720776,0.000229759330978,0.00015821433044,0.000121550976473,0.000127891558805,0.000214913190575,0.000137675669976,0.0000468608777737,0.00000806712614576],"median":[0.0000655440744595,0.000788274104707,0.000257364357822,0.000874825462233,0.00097945635207,0.00101936212741,0.000391963403672,0.000189987549675,0.000460294424556,0.000269208336249,0.000190094346181,0.000198790527065,0.000148379112943,0.000161878226209,0.00027237564791,0.000167599398992,0.000196780252736,0.0001261777943,0.00013519168715,0.0000996699964162,0.0000502097391291,0.0000114172744361,0.0000176072790055,0.0000341689519701,0.0000231302637985,0.00000297639167002,4.72915395733e-8],"min":[1.22732754571e-23,4.08284049175e-23,9.20135090687e-24,1.40426691683e-23,1.24820829944e-23,6.07262221831e-23,5.38773444257e-23,5.30010651105e-23,6.80279187218e-23,9.14976792336e-23,1.75673391359e-23,7.9938916908e-23,4.69807563608e-23,6.01092256701e-23,1.06900409289e-22,1.03698549093e-22,1.54111083894e-22,2.26160262101e-22,2.00712959828e-22,2.86186569024e-22,5.12893732613e-22,4.69606448254e-22,5.19467657635e-22,9.12372541607e-22,1.07304056161e-21,1.4583140683e-21,2.13173369974e-21],"var":[1.21597253155e-7,0.0000521228175785,0.00000500171017848,0.00000842387817102,0.0000176920293598,0.0000448897808383,0.00000815258408693,0.0000240697536356,0.000019863651687,0.0000327473935613,0.0000120624217743,0.00000707906565367,0.00000152784832608,0.00000176645664851,0.00000105092476588,6.35488504486e-7,5.38833091923e-7,1.19953938338e-7,1.26576082948e-7,9.8271691229e-8,6.92729784646e-8,9.53535703729e-8,1.29738268129e-7,3.76552208081e-7,1.45903285897e-7,1.79046519833e-8,7.08372915881e-10]},"barkbands_crest":{"dmean":2.10100722313,"dmean2":3.27411484718,"dvar":5.24442481995,"dvar2":13.158156395,"max":26.1241397858,"mean":11.2416038513,"median":10.1745939255,"min":2.34782195091,"var":25.6362056732},"barkbands_flatness_db":{"dmean":0.0161221381277,"dmean2":0.0235803108662,"dvar":0.000289004121441,"dvar2":0.000598047801759,"max":0.400448352098,"mean":0.154653027654,"median":0.144263237715,"min":0.0213863607496,"var":0.00524750910699},"barkbands_kurtosis":{"dmean":1.89147460461,"dmean2":2.901034832,"dvar":14.224149704,"dvar2":30.8000965118,"max":138.863677979,"mean":3.82657384872,"median":1.53715062141,"min":-1.93148851395,"var":66.3792648315},"barkbands_skewness":{"dmean":0.394621759653,"dmean2":0.590083122253,"dvar":0.215876683593,"dvar2":0.442891895771,"max":10.3379001617,"mean":1.29502975941,"median":1.14184331894,"min":-2.37527942657,"var":1.50312364101},"barkbands_spread":{"dmean":4.2483716011,"dmean2":6.25450229645,"dvar":46.1569709778,"dvar2":89.3777694702,"max":105.665161133,"mean":20.4554767609,"median":16.7670211792,"min":0.749765276909,"var":248.862350464},"dissonance":{"dmean":0.0203616395593,"dmean2":0.0340316146612,"dvar":0.000462119205622,"dvar2":0.00125889235642,"max":0.500000178814,"mean":0.445699334145,"median":0.456036269665,"min":0.20460036397,"var":0.00160041591153},"dynamic_complexity":4.39775180817,"erbbands":{"dmean":[0.0453072749078,0.382416546345,0.742812156677,1.60114514828,3.19038248062,3.93688702583,6.44779777527,12.8483982086,10.9580411911,9.0926990509,11.6665897369,16.5374259949,26.8540210724,19.0672874451,18.650270462,16.1858177185,11.2084064484,15.2575721741,11.4351511002,17.6398601532,12.3320760727,8.31709766388,5.86081504822,5.99691200256,5.30822324753,4.73421907425,3.50896310806,2.28673148155,2.20215034485,2.10125732422,2.06198334694,2.12248754501,1.79526424408,0.944424152374,0.356144398451,0.132432311773,0.036269646138,0.00706430710852,0.000789524405263,0.000029328486562],"dmean2":[0.0765490680933,0.682155489922,1.22837114334,2.47899270058,5.14838933945,6.38635826111,9.48550319672,19.3573570251,16.9263534546,13.5596084595,16.2523231506,23.0846824646,37.1753921509,26.7023735046,27.4579734802,24.2033481598,17.1604328156,23.6625137329,18.0942668915,28.4661312103,19.8436851501,13.3044214249,9.50934123993,9.82955551147,8.71398162842,7.83064746857,5.70541524887,3.71599984169,3.51370382309,3.30545425415,3.13369369507,3.15643453598,2.62200760841,1.33063566685,0.492512077093,0.187223449349,0.0515926331282,0.0101478649303,0.00116691109724,0.0000445421537734],"dvar":[0.0443641617894,4.55830955505,7.02340173721,9.62296676636,101.621910095,122.794197083,295.77255249,1003.79620361,1153.91027832,1007.68035889,1616.58105469,2503.77929688,5067.68945313,3353.69555664,2732.63525391,2258.26391602,889.137451172,1533.57849121,679.893432617,1553.87207031,692.798095703,276.900115967,119.982124329,125.806694031,100.302452087,95.727973938,69.5352554321,49.6354637146,63.8499832153,63.7333946228,53.1331329346,60.2345085144,36.296672821,11.4408302307,1.36504542828,0.218768879771,0.017334157601,0.000619248428848,0.0000095754812719,1.00284198723e-8],"dvar2":[0.119992807508,13.0389509201,19.9327869415,26.0181655884,278.37008667,326.655426025,662.220031738,2174.06762695,2614.49023438,2219.23925781,3156.47216797,5178.87451172,10599.6611328,7132.32714844,6541.7734375,5193.69091797,1951.81567383,3482.3215332,1627.70935059,3732.70239258,1659.83813477,698.88494873,305.471160889,323.809661865,272.384979248,260.098388672,175.372665405,117.073150635,146.99911499,140.046707153,114.384025574,125.244720459,72.2299346924,20.8271102905,2.49985837936,0.396517455578,0.0355752930045,0.00120240065735,0.0000200743743335,2.27261143237e-8],"max":[3.02829861641,30.8858623505,39.2352104187,49.4149703979,202.779067993,310.65637207,374.804046631,844.729309082,932.822692871,931.846740723,1533.18603516,1550.14672852,2099.53686523,1746.2097168,1285.2590332,1557.05859375,957.050964355,998.60748291,749.353210449,1351.9954834,932.867004395,477.324523926,260.669219971,277.20111084,179.189971924,206.354019165,181.28276062,255.842926025,317.572814941,252.065979004,149.833953857,158.711639404,136.655288696,93.4115905762,40.9744491577,25.0662021637,5.64373016357,0.570515871048,0.0522057190537,0.00189855101053],"mean":[0.0760523229837,0.408539861441,1.20033371449,4.45431470871,6.4693903923,9.20716571808,17.0255126953,31.8048801422,21.3409080505,17.9115886688,38.3396606445,41.6037025452,79.5120697021,57.1886711121,47.8080596924,37.4507102966,24.7247581482,32.3183021545,24.7444839478,33.7243080139,28.2339324951,20.9160766602,13.933303833,14.6662540436,13.5152521133,11.0300264359,7.87640619278,5.10710334778,4.28501939774,3.84613704681,3.70532441139,4.10521745682,3.70752048492,1.96957242489,0.731597900391,0.263773322105,0.0757280513644,0.015165483579,0.00143720267806,0.000071549853601],"median":[0.0307038128376,0.110767245293,0.323849260807,2.04271936417,2.75157213211,3.71516895294,5.11604118347,7.64844751358,6.34508228302,6.71765232086,5.84801673889,12.7988510132,13.3453493118,11.7007408142,11.548374176,10.5631217957,8.48798942566,9.36043357849,10.6241855621,15.1741905212,13.1331558228,10.1007575989,7.80599212646,7.39943313599,6.14514255524,5.05040550232,2.85889816284,1.38501644135,0.471100151539,0.340258806944,0.551199138165,0.586808800697,0.602100074291,0.346870064735,0.0930689275265,0.0218597818166,0.0040336586535,0.000360880105291,0.0000262805169768,0.0000301985601254],"min":[1.15019948852e-21,9.08887800939e-21,1.59426235308e-20,2.95770835728e-20,2.89490402303e-20,4.61979855123e-20,1.98679335182e-19,6.84546550808e-19,9.78844177865e-19,6.560504372e-19,1.16859599826e-18,1.27038863765e-18,2.62105122464e-18,1.45493987014e-18,1.06312798862e-18,3.50007000541e-18,1.80893253707e-18,3.68075354815e-18,6.07127325839e-18,4.37551371157e-18,5.98220120926e-18,9.78885536895e-18,1.03194851145e-17,1.11806338989e-17,1.53550149222e-17,1.49204225002e-17,1.755640723e-17,1.89266501127e-17,1.63018984955e-17,1.82737514921e-17,1.38140725668e-17,1.79349581655e-17,1.53111942021e-17,1.03612478092e-17,9.33531389345e-18,4.90052855508e-18,2.73673388087e-18,9.23670197032e-19,3.04375633748e-19,3.44381526141e-20],"var":[0.0356437601149,2.84098911285,7.19455242157,38.2294654846,132.919464111,299.951141357,987.702758789,3671.18139648,2176.13305664,1975.54638672,17479.8886719,8133.00634766,32126.515625,25062.2128906,12035.8320313,8609.04785156,3126.19506836,5345.890625,1846.16162109,3567.26806641,2340.67602539,941.577392578,328.171447754,383.103393555,319.708404541,221.918334961,151.545852661,102.463897705,120.847755432,117.304023743,110.499000549,155.683105469,106.507476807,33.4197235107,3.96002745628,0.610261023045,0.0461807250977,0.00190931221005,0.0000227473901759,2.14325694969e-8]},"erbbands_crest":{"dmean":2.60123419762,"dmean2":4.0587272644,"dvar":7.24900531769,"dvar2":17.6823863983,"max":33.134677887,"mean":12.3464193344,"median":10.6587667465,"min":2.43441462517,"var":42.1203689575},"erbbands_flatness_db":{"dmean":0.0148852625862,"dmean2":0.0210589226335,"dvar":0.00025394037948,"dvar2":0.00047505076509,"max":0.39989644289,"mean":0.196135237813,"median":0.187607586384,"min":0.0515615679324,"var":0.00498194526881},"erbbands_kurtosis":{"dmean":1.06775426865,"dmean2":1.6473236084,"dvar":2.83636450768,"dvar2":6.80239868164,"max":47.3801269531,"mean":1.36714160442,"median":0.239894449711,"min":-1.75326180458,"var":12.5480709076},"erbbands_skewness":{"dmean":0.349549949169,"dmean2":0.52307921648,"dvar":0.132586181164,"dvar2":0.279509902,"max":5.51010847092,"mean":0.542106449604,"median":0.472599446774,"min":-3.92085075378,"var":0.905763924122},"erbbands_spread":{"dmean":5.69128894806,"dmean2":8.37987136841,"dvar":51.8955116272,"dvar2":108.838096619,"max":128.735794067,"mean":31.5980052948,"median":28.3689613342,"min":1.57146406174,"var":352.046203613},"gfcc":{"cov":[[18351.1210938,-3807.92700195,346.192016602,1206.19543457,247.040710449,1737.44702148,-657.044433594,1548.65673828,-194.48916626,369.500488281,-386.819458008,291.673980713,158.141830444],[-3807.92700195,2537.9074707,-615.163024902,-307.019958496,367.304779053,-636.468444824,468.669036865,-507.605407715,190.374816895,-146.582321167,133.324539185,-165.563262939,71.9758148193],[346.192016602,-615.163024902,923.136108398,253.704925537,-9.80335044861,250.524078369,-67.4635848999,46.9480247498,-13.2239236832,126.628601074,-69.9304962158,123.775642395,-129.771759033],[1206.19543457,-307.019958496,253.704925537,557.482299805,153.372283936,196.933410645,-3.1501185894,136.696426392,50.3331718445,100.914970398,-41.6834106445,47.0465393066,-8.00763130188],[247.040710449,367.304779053,-9.80335044861,153.372283936,474.144592285,68.1689071655,237.768569946,-0.767514526844,42.9142684937,45.0299072266,-58.0426902771,30.0899810791,-17.8417739868],[1737.44702148,-636.468444824,250.524078369,196.933410645,68.1689071655,499.116363525,-11.5589761734,185.755691528,-63.6204414368,72.7856292725,-52.9759941101,66.4272689819,-40.8317451477],[-657.044433594,468.669036865,-67.4635848999,-3.1501185894,237.768569946,-11.5589761734,375.190612793,-101.836967468,24.252702713,11.298283577,-27.8712902069,31.8521003723,-45.1417312622],[1548.65673828,-507.605407715,46.9480247498,136.696426392,-0.767514526844,185.755691528,-101.836967468,366.624145508,1.98834216595,17.2089939117,-43.5600852966,-9.60971260071,59.5431213379],[-194.48916626,190.374816895,-13.2239236832,50.3331718445,42.9142684937,-63.6204414368,24.252702713,1.98834216595,154.648422241,14.0665044785,5.47146749496,-11.4658041,7.90224313736],[369.500488281,-146.582321167,126.628601074,100.914970398,45.0299072266,72.7856292725,11.298283577,17.2089939117,14.0665044785,163.465515137,21.5753307343,42.0206184387,-25.6276950836],[-386.819458008,133.324539185,-69.9304962158,-41.6834106445,-58.0426902771,-52.9759941101,-27.8712902069,-43.5600852966,5.47146749496,21.5753307343,132.631912231,7.14394187927,18.7320957184],[291.673980713,-165.563262939,123.775642395,47.0465393066,30.0899810791,66.4272689819,31.8521003723,-9.60971260071,-11.4658041,42.0206184387,7.14394187927,131.757492065,-20.8823795319],[158.141830444,71.9758148193,-129.771759033,-8.00763130188,-17.8417739868,-40.8317451477,-45.1417312622,59.5431213379,7.90224313736,-25.6276950836,18.7320957184,-20.8823795319,165.075042725]],"icov":[[0.000140021787956,0.0000398306474381,0.000191486862605,-0.000104992242996,-0.0000828329866636,-0.000271554366918,0.000244967581239,-0.000277813291177,0.000039652481064,-0.000180253133294,0.000296806072583,-0.000283412198769,-0.0000144057448779],[0.0000398306474381,0.00179120886605,0.0000506887408847,0.000214777945075,-0.00131070206407,0.000885905872565,-0.001272194786,0.00137329881545,-0.00115521787666,0.000964378472418,-0.00170699192677,0.00184002227616,-0.000903185165953],[0.000191486862605,0.0000506887408847,0.00210601091385,-0.000651135051157,0.000218824061449,-0.000787798257079,0.000847682589665,-0.000117365445476,-0.0000752857376938,-0.000991938752122,0.00144130259287,-0.00158108689357,0.00100745575037],[-0.000104992242996,0.000214777945075,-0.000651135051157,0.00293749058619,-0.000988933839835,-0.000211231032154,0.0000327442576236,-0.0000817946056486,-0.00111242686398,-0.000542116875295,-0.000306907662889,0.000408539257478,-0.000427531718742],[-0.0000828329866636,-0.00131070206407,0.000218824061449,-0.000988933839835,0.00478509999812,-0.000776086060796,-0.00142684555613,-0.000888797745574,0.00034896354191,-0.00124485057313,0.00228006066754,-0.00137219659518,0.000388237531297],[-0.000271554366918,0.000885905872565,-0.000787798257079,-0.000211231032154,-0.000776086060796,0.00463450560346,-0.00138937449083,-0.000386059458833,0.000964999664575,0.000372582027921,-0.00125774124172,0.000761825707741,0.00031684449641],[0.000244967581239,-0.001272194786,0.000847682589665,0.0000327442576236,-0.00142684555613,-0.00138937449083,0.00618959777057,-0.000465808057925,0.000513501756359,-0.00112417002674,0.00252880994231,-0.00295041012578,0.00149145920295],[-0.000277813291177,0.00137329881545,-0.000117365445476,-0.0000817946056486,-0.000888797745574,-0.000386059458833,-0.000465808057925,0.00623153755441,-0.00168938271236,0.000993484864011,-0.000777523149736,0.00265280017629,-0.00233662105165],[0.000039652481064,-0.00115521787666,-0.0000752857376938,-0.00111242686398,0.00034896354191,0.000964999664575,0.000513501756359,-0.00168938271236,0.00854996219277,-0.00134245306253,0.000797332439106,-0.000663094338961,0.000586695794482],[-0.000180253133294,0.000964378472418,-0.000991938752122,-0.000542116875295,-0.00124485057313,0.000372582027921,-0.00112417002674,0.000993484864011,-0.00134245306253,0.00922688283026,-0.0039931088686,0.000371154717868,0.000234739345615],[0.000296806072583,-0.00170699192677,0.00144130259287,-0.000306907662889,0.00228006066754,-0.00125774124172,0.00252880994231,-0.000777523149736,0.000797332439106,-0.0039931088686,0.0123962210491,-0.00394267542288,-0.000078094912169],[-0.000283412198769,0.00184002227616,-0.00158108689357,0.000408539257478,-0.00137219659518,0.000761825707741,-0.00295041012578,0.00265280017629,-0.000663094338961,0.000371154717868,-0.00394267542288,0.0125274695456,-0.00135596166365],[-0.0000144057448779,-0.000903185165953,0.00100745575037,-0.000427531718742,0.000388237531297,0.00031684449641,0.00149145920295,-0.00233662105165,0.000586695794482,0.000234739345615,-0.000078094912169,-0.00135596166365,0.00845342315733]],"mean":[-34.8423423767,100.333694458,-130.575683594,15.5448999405,-62.7104110718,3.87841153145,-43.7635650635,6.51505947113,-29.5083503723,-3.00955080986,-13.4127025604,-6.55357980728,-2.70419955254]},"hfc":{"dmean":4.3083319664,"dmean2":6.54556179047,"dvar":58.2786865234,"dvar2":126.993019104,"max":137.756774902,"mean":23.1554489136,"median":20.3799591064,"min":1.15923089512e-16,"var":393.329498291},"melbands":{"dmean":[0.00042654434219,0.00042818512884,0.00030815176433,0.00024626305094,0.000209638266824,0.000282938184682,0.000159019764396,0.0000969838583842,0.0000985229562502,0.000112605193863,0.000134654765134,0.0000783787036198,0.000077049327956,0.000045201042667,0.000032771313272,0.0000243042177317,0.0000305237808789,0.0000191190483747,0.0000229945144383,0.0000183987740456,0.0000167894195329,0.0000104050523078,0.00000709164532964,0.00000656372549201,0.00000525781024407,0.00000440484382125,0.00000379457014787,0.00000328245823766,0.00000259494481725,0.00000184317093499,0.00000135896982556,0.00000134857725698,0.00000131814351789,0.00000120713298202,0.00000122116205148,0.00000131103229251,0.00000142603812492,0.00000137415884183,0.00000117640445296,7.35223750326e-7],"dmean2":[0.000742293370422,0.000736500194762,0.000477768160636,0.000404866412282,0.000311814947054,0.000423777790274,0.000244635768468,0.000144366946188,0.000136685514008,0.000156852198415,0.000186547113117,0.000109393819002,0.000113771377073,0.0000660423465888,0.0000500620517414,0.0000375495801563,0.0000473194086226,0.0000301488125842,0.0000364628940588,0.0000299495313811,0.0000269975680567,0.0000167709804373,0.0000115939201351,0.0000107589412437,0.00000868362712936,0.00000733347542337,0.00000623033429292,0.00000545084321857,0.0000042169262997,0.00000303217052533,0.00000222871949518,0.00000218938566832,0.00000210694133784,0.00000188917942978,0.00000188075193819,0.00000199591681849,0.00000214305305235,0.00000206937556868,0.00000173572311724,0.00000104508330878],"dvar":[0.00000492290519105,0.00000371941132471,4.03302209406e-7,6.08658069723e-7,2.64764793201e-7,4.48947048426e-7,2.26323763286e-7,1.03983076372e-7,1.00792775015e-7,1.06970091451e-7,1.26894875052e-7,6.29769232319e-8,5.58949864171e-8,1.83782180585e-8,8.1554469844e-9,4.02918365339e-9,6.2240603782e-9,2.18892926007e-9,2.1639003922e-9,1.62635127587e-9,1.3774559271e-9,5.20425147421e-10,1.86507073674e-10,1.76712686151e-10,1.02822451942e-10,7.16505813014e-11,5.63026084088e-11,4.89821620764e-11,3.85818148263e-11,2.07422100329e-11,2.04414627586e-11,2.51931843442e-11,2.14933747883e-11,2.12173438541e-11,1.9599072365e-11,2.31744432672e-11,2.90586183588e-11,2.18006220715e-11,1.78640626597e-11,7.0076084692e-12],"dvar2":[0.0000136489579745,0.0000106019642772,0.00000108304573132,0.00000166604127116,5.94655830355e-7,9.5464270089e-7,5.07764355007e-7,2.30768364418e-7,1.98063276002e-7,2.24807422455e-7,2.66550898687e-7,1.3271292687e-7,1.33999819241e-7,3.74170774364e-8,1.74283787402e-8,8.8352400951e-9,1.40100038237e-8,5.19756149231e-9,5.11128916969e-9,3.89787579991e-9,3.41719386121e-9,1.29978816599e-9,4.90948726117e-10,4.52703874387e-10,2.65696492585e-10,1.98035463028e-10,1.5150825039e-10,1.32852145951e-10,9.76183023305e-11,5.27709508036e-11,4.85770174086e-11,6.05321556768e-11,4.87492338164e-11,4.76855291365e-11,4.46167339185e-11,5.00035464424e-11,6.25359694584e-11,4.63522345506e-11,3.65965313609e-11,1.29630256182e-11],"max":[0.0328129827976,0.0261139906943,0.0113898674026,0.0150447161868,0.0101844426244,0.0168360173702,0.0123929604888,0.00923307891935,0.0113240517676,0.00977370608598,0.0106495749205,0.00784103292972,0.00646915799007,0.005291021429,0.00323116988875,0.00160486425739,0.00209717638791,0.00115619471762,0.00129731663037,0.00119935965631,0.00140824948903,0.000798002642114,0.000235921528656,0.000331697810907,0.000248090073001,0.000154156208737,0.000148356513819,0.00012897279521,0.000154234512593,0.000120066142699,0.00015844196605,0.000180962160812,0.000154921144713,0.000133737194119,0.0000897462305147,0.000140021860716,0.000135976137244,0.000118648720672,0.000111789275252,0.0000638265482849],"mean":[0.000626686261967,0.000594362674747,0.000835400540382,0.000547357311007,0.000568746298086,0.000719774863683,0.000313146039844,0.000196058113943,0.000307649286697,0.000280609790934,0.000394497037632,0.000225604642765,0.000184833537787,0.000109961729322,0.0000688079599058,0.0000506408287038,0.0000610068564129,0.0000372930662706,0.0000447170787083,0.0000345772896253,0.000034770288039,0.0000230057867157,0.0000150997448145,0.0000129454210764,0.000011559338418,0.0000102904996311,0.00000871163774718,0.00000683700363879,0.00000516621366842,0.00000388316220779,0.00000264259529104,0.00000239454925577,0.00000237658878177,0.00000201988927984,0.00000203224544748,0.00000230785440181,0.00000259545822701,0.00000266250299319,0.00000231209673984,0.00000144179693962],"median":[0.000269946001936,0.000160548108397,0.000390188506572,0.000220047193579,0.00019826751668,0.000181816139957,0.0000925569183892,0.0000640792277409,0.0000453696338809,0.0000731547479518,0.0000565702648601,0.000036527577322,0.0000331647606799,0.0000233220489463,0.0000210409343708,0.0000144009309224,0.0000159854189405,0.0000130686894408,0.0000187275290955,0.0000167945181602,0.0000139804533319,0.0000102911126305,0.00000670693407301,0.00000616464603809,0.00000519153491041,0.00000471122257295,0.0000033261437693,0.00000279406890513,0.00000176876517344,0.00000113463227081,5.12328824698e-7,2.51490234859e-7,1.48317667481e-7,1.7366977545e-7,2.80465371816e-7,3.04949850261e-7,3.32306342443e-7,4.00246108256e-7,3.97558551413e-7,2.25356899364e-7],"min":[1.16321114015e-23,9.6225734424e-24,5.66774275081e-24,2.1599141747e-24,5.69179709196e-24,1.46223446718e-23,1.30802951515e-23,8.43762626553e-24,1.05513206854e-23,9.01285022698e-24,1.34476692528e-23,6.87199927049e-24,2.69385507283e-24,7.88359268571e-24,4.63948819883e-24,5.73676610786e-24,6.21867610727e-24,7.7867276663e-24,6.15838741258e-24,6.50873158465e-24,6.91888206294e-24,9.63240738245e-24,9.43950485871e-24,9.29834293289e-24,8.37214923267e-24,7.59251957777e-24,8.0067685829e-24,9.40839139575e-24,1.04805204191e-23,1.11941760588e-23,1.09025412819e-23,9.14092100608e-24,9.06871972287e-24,1.09080790854e-23,6.60328997477e-24,9.63241132675e-24,1.18595384227e-23,1.06152239407e-23,1.03188725644e-23,8.37777933295e-24],"var":[0.00000347275704371,0.00000283300232695,0.0000013277317521,9.97971028482e-7,9.23611253256e-7,0.00000178845141363,4.47462269904e-7,2.18443460653e-7,9.93883531919e-7,3.84406888543e-7,7.99250926775e-7,4.83177416299e-7,2.43831181024e-7,1.17630797547e-7,2.79063687714e-8,1.45556295905e-8,1.96983247491e-8,5.76626746351e-9,5.5257554088e-9,4.22522727916e-9,3.97036759026e-9,1.38950639883e-9,5.44563782956e-10,4.18663076429e-10,2.7835708738e-10,1.93378757452e-10,1.56966023512e-10,9.89776802185e-11,7.46505149363e-11,4.48796694252e-11,3.71291365708e-11,4.17766307659e-11,4.01025705699e-11,3.74586577034e-11,3.62584337554e-11,4.87645444858e-11,7.04119679229e-11,5.73416210348e-11,4.68137612009e-11,1.89205179302e-11]},"melbands_crest":{"dmean":2.33902215958,"dmean2":3.64715361595,"dvar":5.74472904205,"dvar2":14.0175075531,"max":33.5683746338,"mean":14.0717391968,"median":12.9246711731,"min":1.00338339806,"var":30.8672561646},"melbands_flatness_db":{"dmean":0.0180177055299,"dmean2":0.0260985717177,"dvar":0.000422540761065,"dvar2":0.000887685688213,"max":0.483994960785,"mean":0.210653886199,"median":0.198201388121,"min":-1.46687000324e-7,"var":0.00591565249488},"melbands_kurtosis":{"dmean":3.83815598488,"dmean2":5.92254447937,"dvar":59.3544692993,"dvar2":137.332077026,"max":305.103393555,"mean":9.42976379395,"median":4.98100471497,"min":-1.89939987659,"var":241.032165527},"melbands_skewness":{"dmean":0.485961467028,"dmean2":0.726301848888,"dvar":0.350504994392,"dvar2":0.790453672409,"max":13.6349372864,"mean":2.01298594475,"median":1.80997538567,"min":-2.34143972397,"var":2.33800601959},"melbands_spread":{"dmean":5.937063694,"dmean2":8.87038993835,"dvar":146.702835083,"dvar2":257.988983154,"max":249.65045166,"mean":24.7271633148,"median":19.6154994965,"min":0.680016338825,"var":551.43145752},"mfcc":{"cov":[[12753.6669922,-1893.73352051,-251.034515381,701.006713867,499.478759766,472.88369751,471.204315186,499.98348999,622.736022949,361.607971191,26.3589782715,69.9077453613,79.1859359741],[-1893.73352051,1787.35656738,-415.172668457,25.9609451294,-84.9886932373,-68.9064102173,27.2187709808,-93.9973754883,-26.8001613617,-61.3960647583,53.2066688538,-39.6407203674,-21.0163002014],[-251.034515381,-415.172668457,769.312011719,-62.6432723999,39.4178543091,110.218261719,-108.071899414,5.14990139008,-107.047958374,1.5911462307,24.6622467041,44.7817802429,27.592792511],[701.006713867,25.9609451294,-62.6432723999,465.693145752,127.272720337,147.310562134,54.3859596252,56.1301460266,138.450027466,45.1835403442,70.4005279541,16.5920391083,47.1218566895],[499.478759766,-84.9886932373,39.4178543091,127.272720337,234.586807251,63.4772644043,30.0476322174,44.558265686,75.7543487549,40.9654464722,11.3056945801,30.4632453918,20.0925540924],[472.88369751,-68.9064102173,110.218261719,147.310562134,63.4772644043,454.332946777,115.379219055,116.685493469,44.116973877,7.85682582855,120.07522583,-7.44285678864,50.4740829468],[471.204315186,27.2187709808,-108.071899414,54.3859596252,30.0476322174,115.379219055,222.743087769,64.4345779419,76.1498413086,4.96842288971,27.7516880035,16.2405452728,-0.429514378309],[499.98348999,-93.9973754883,5.14990139008,56.1301460266,44.558265686,116.685493469,64.4345779419,214.880691528,75.028213501,27.23387146,30.8197250366,-14.2481069565,5.4633808136],[622.736022949,-26.8001613617,-107.047958374,138.450027466,75.7543487549,44.116973877,76.1498413086,75.028213501,213.56010437,60.3474578857,15.9615373611,-17.3886623383,6.11031341553],[361.607971191,-61.3960647583,1.5911462307,45.1835403442,40.9654464722,7.85682582855,4.96842288971,27.23387146,60.3474578857,137.860443115,3.45170521736,-10.2943124771,15.1405639648],[26.3589782715,53.2066688538,24.6622467041,70.4005279541,11.3056945801,120.07522583,27.7516880035,30.8197250366,15.9615373611,3.45170521736,158.996749878,39.6099739075,16.5728225708],[69.9077453613,-39.6407203674,44.7817802429,16.5920391083,30.4632453918,-7.44285678864,16.2405452728,-14.2481069565,-17.3886623383,-10.2943124771,39.6099739075,134.133972168,15.4743032455],[79.1859359741,-21.0163002014,27.592792511,47.1218566895,20.0925540924,50.4740829468,-0.429514378309,5.4633808136,6.11031341553,15.1405639648,16.5728225708,15.4743032455,113.369247437]],"icov":[[0.000128928455524,0.000139784067869,0.0000911778988666,-0.0000904183907551,-0.0000759982140153,-0.0000473879226774,-0.000124453246826,-0.0000968814347289,-0.000105054918095,-0.000161655756528,0.0000702574034221,-0.0000744848221075,0.0000171622741618],[0.000139784067869,0.000850093900226,0.000473932304885,-0.00017629643844,-0.0000397687072109,0.0000325697183143,-0.000189133323147,0.000157245609444,0.000109885499114,0.0000260697343037,-0.000391269015381,0.00022192238248,0.0000196366145246],[0.0000911778988666,0.000473932304885,0.00202491530217,0.000235486659221,-0.000468539772555,-0.000820274348371,0.00100553163793,-0.000124316502479,0.000715120637324,-0.00031096820021,-1.99148857405e-7,-0.000615300203208,-0.0000215070958802],[-0.0000904183907551,-0.00017629643844,0.000235486659221,0.00340607296675,-0.00105470861308,-0.000778160640039,0.000594771467149,0.000355231430149,-0.00162735965569,0.000093799601018,-0.000679278746247,-0.00026369371335,-0.000713584013283],[-0.0000759982140153,-0.0000397687072109,-0.000468539772555,-0.00105470861308,0.00592554733157,-0.000423872872489,0.000155913934577,-0.000312386924634,-0.00130168732721,-0.000725771125872,0.00105406914372,-0.00164106872398,-0.0000106994393718],[-0.0000473879226774,0.0000325697183143,-0.000820274348371,-0.000778160640039,-0.000423872872489,0.00438311742619,-0.00212073628791,-0.00113774265628,0.000878293823916,0.000549647840671,-0.00268038199283,0.00197339663282,-0.00126557424664],[-0.000124453246826,-0.000189133323147,0.00100553163793,0.000594771467149,0.000155913934577,-0.00212073628791,0.00705322995782,-0.000651495240163,-0.00183587602805,0.000543046451639,0.000739435083233,-0.00197460362688,0.00072244531475],[-0.0000968814347289,0.000157245609444,-0.000124316502479,0.000355231430149,-0.000312386924634,-0.00113774265628,-0.000651495240163,0.00640188064426,-0.00152344861999,-0.000171954437974,-0.000484212272568,0.000758629816119,0.000302662403556],[-0.000105054918095,0.000109885499114,0.000715120637324,-0.00162735965569,-0.00130168732721,0.000878293823916,-0.00183587602805,-0.00152344861999,0.00865314621478,-0.00212353561074,-0.000597950594965,0.00156771135516,0.000192880033865],[-0.000161655756528,0.0000260697343037,-0.00031096820021,0.000093799601018,-0.000725771125872,0.000549647840671,0.000543046451639,-0.000171954437974,-0.00212353561074,0.00899787433445,-0.000514304498211,0.000989341642708,-0.00109837343916],[0.0000702574034221,-0.000391269015381,-1.99148857405e-7,-0.000679278746247,0.00105406914372,-0.00268038199283,0.000739435083233,-0.000484212272568,-0.000597950594965,-0.000514304498211,0.00954574719071,-0.00357778044418,0.000387283769669],[-0.0000744848221075,0.00022192238248,-0.000615300203208,-0.00026369371335,-0.00164106872398,0.00197339663282,-0.00197460362688,0.000758629816119,0.00156771135516,0.000989341642708,-0.00357778044418,0.0100910011679,-0.00135023286566],[0.0000171622741618,0.0000196366145246,-0.0000215070958802,-0.000713584013283,-0.0000106994393718,-0.00126557424664,0.00072244531475,0.000302662403556,0.000192880033865,-0.00109837343916,0.000387283769669,-0.00135023286566,0.00993170496076]],"mean":[-669.854553223,127.26966095,-8.46643257141,7.55624246597,3.18095850945,-11.6654205322,0.179205998778,-6.86046028137,-3.70091676712,-1.19129407406,-10.7215518951,-4.00549840927,-3.79525995255]},"pitch_salience":{"dmean":0.0544420480728,"dmean2":0.0849037766457,"dvar":0.00310471304692,"dvar2":0.00760454498231,"max":0.996079862118,"mean":0.533379077911,"median":0.542425632477,"min":0.0893279090524,"var":0.0156981907785},"silence_rate_20dB":{"dmean":0,"dmean2":0,"dvar":0,"dvar2":0,"max":1,"mean":1,"median":1,"min":1,"var":0},"silence_rate_30dB":{"dmean":0.00171184027568,"dmean2":0.00342400604859,"dvar":0.00170897494536,"dvar2":0.005124182906,"max":1,"mean":0.999144136906,"median":1,"min":0,"var":0.000855169433635},"silence_rate_60dB":{"dmean":0.0123632904142,"dmean2":0.0247289333493,"dvar":0.0122101847082,"dvar2":0.0273501481861,"max":1,"mean":0.158139973879,"median":0,"min":0,"var":0.133145779371},"spectral_centroid":{"dmean":176.246002197,"dmean2":264.534851074,"dvar":67597.296875,"dvar2":125617.625,"max":10787.8808594,"mean":1238.0246582,"median":1151.38867188,"min":244.600692749,"var":377232.3125},"spectral_complexity":{"dmean":2.32924389839,"dmean2":3.77820038795,"dvar":6.9674744606,"dvar2":16.5475959778,"max":56,"mean":18.353937149,"median":16,"min":0,"var":123.119689941},"spectral_contrast_coeffs":{"dmean":[0.0374015346169,0.0400023832917,0.0341193452477,0.0290004499257,0.0203065630049,0.0169019959867],"dmean2":[0.0603063926101,0.0640903040767,0.05356291309,0.0469839498401,0.0327344089746,0.0266892798245],"dvar":[0.0011677343864,0.00128356856294,0.000873526034411,0.000554038851988,0.000297380523989,0.000257671723375],"dvar2":[0.0030239825137,0.00310005364008,0.00203746277839,0.00136016879696,0.000711670843884,0.000592470285483],"max":[-0.245135977864,-0.330115616322,-0.408434897661,-0.51821398735,-0.58415967226,-0.568517804146],"mean":[-0.602229475975,-0.679697155952,-0.701877951622,-0.750691473484,-0.777782022953,-0.773746848106],"median":[-0.606113433838,-0.691438436508,-0.716718673706,-0.758498311043,-0.782041251659,-0.775383651257],"min":[-0.957257866859,-0.996549904346,-0.99876832962,-0.988504469395,-0.98922252655,-0.960745930672],"var":[0.00874268449843,0.00807880982757,0.00786160677671,0.00336988712661,0.00255158403888,0.00200830725953]},"spectral_contrast_valleys":{"dmean":[0.300695210695,0.293165117502,0.262520253658,0.224040344357,0.197872698307,0.240722745657],"dmean2":[0.493239820004,0.476432800293,0.425211638212,0.35807466507,0.306281089783,0.333452939987],"dvar":[0.0815056711435,0.0731876865029,0.0544203557074,0.0454674474895,0.051290910691,0.100727394223],"dvar2":[0.207449033856,0.179194301367,0.127661168575,0.0966081917286,0.100302673876,0.173814564943],"max":[-5.10616827011,-4.48218250275,-5.41350221634,-5.8373799324,-5.4877038002,-7.46423625946],"mean":[-8.11249637604,-7.13004732132,-7.71993923187,-8.06960010529,-7.97831439972,-10.7198505402],"median":[-7.41122531891,-7.01708173752,-7.51056957245,-7.85547637939,-7.78588056564,-10.2943439484],"min":[-27.5326137543,-27.6136875153,-27.2816505432,-27.5544776917,-27.3490390778,-27.2713775635],"var":[2.46034884453,1.23511731625,1.83188450336,1.947067976,2.04228663445,3.93034768105]},"spectral_decrease":{"dmean":1.33745814423e-9,"dmean2":2.12541362288e-9,"dvar":8.09026562367e-18,"dvar2":2.14740355271e-17,"max":2.31820355504e-21,"mean":-6.02280803008e-9,"median":-5.33761923549e-9,"min":-4.20557313419e-8,"var":2.43366743622e-17},"spectral_energy":{"dmean":0.00527625251561,"dmean2":0.00839265715331,"dvar":0.000118926385767,"dvar2":0.00031537245377,"max":0.163163468242,"mean":0.0248318333179,"median":0.022156342864,"min":1.05635738283e-20,"var":0.000394153554225},"spectral_energyband_high":{"dmean":0.000326061766827,"dmean2":0.000475397799164,"dvar":7.73485169248e-7,"dvar2":0.00000153021153437,"max":0.0187948662788,"mean":0.00091866630828,"median":0.000284998037387,"min":7.5677679877e-21,"var":0.0000028244501209},"spectral_energyband_low":{"dmean":0.0022407209035,"dmean2":0.00379749550484,"dvar":0.0000971456829575,"dvar2":0.000269004522124,"max":0.145029485226,"mean":0.00449130963534,"median":0.00261621573009,"min":7.23315083695e-23,"var":0.0000849935458973},"spectral_energyband_middle_high":{"dmean":0.00160458951723,"dmean2":0.0023653623648,"dvar":0.00000713881308911,"dvar2":0.000016603324184,"max":0.0535071231425,"mean":0.00700667593628,"median":0.00444435793906,"min":1.37692169726e-21,"var":0.0000632059454801},"spectral_energyband_middle_low":{"dmean":0.00343832070939,"dmean2":0.00517052877694,"dvar":0.0000318192214763,"dvar2":0.0000765770892031,"max":0.1062476933,"mean":0.0139651121572,"median":0.0109792444855,"min":2.97677356783e-22,"var":0.000169870341779},"spectral_entropy":{"dmean":0.134199276567,"dmean2":0.18825905025,"dvar":0.0255392026156,"dvar2":0.0439176745713,"max":9.794962883,"mean":7.29202842712,"median":7.33158111572,"min":5.29905366898,"var":0.395949661732},"spectral_flux":{"dmean":0.016550404951,"dmean2":0.0265376232564,"dvar":0.000595075893216,"dvar2":0.00125844951253,"max":0.343008637428,"mean":0.0616836696863,"median":0.0535365752876,"min":6.71989755507e-11,"var":0.00213753455319},"spectral_kurtosis":{"dmean":2.60713219643,"dmean2":4.4410943985,"dvar":25.9763202667,"dvar2":78.784286499,"max":86.3797912598,"mean":7.06186914444,"median":4.78966999054,"min":-1.56826007366,"var":70.901473999},"spectral_rms":{"dmean":0.000450214312878,"dmean2":0.000697706069332,"dvar":4.60162283389e-7,"dvar2":0.00000114076669888,"max":0.0126168085262,"mean":0.00445501320064,"median":0.00464929547161,"min":3.21028446881e-12,"var":0.00000437903327111},"spectral_rolloff":{"dmean":408.47442627,"dmean2":665.134460449,"dvar":963785.75,"dvar2":1795124.75,"max":19789.0136719,"mean":1628.94641113,"median":1162.79296875,"min":86.1328125,"var":3181462.75},"spectral_skewness":{"dmean":0.263399869204,"dmean2":0.427804023027,"dvar":0.128996759653,"dvar2":0.360281378031,"max":7.09933567047,"mean":1.83784103394,"median":1.69633841515,"min":-0.376157611609,"var":0.621778488159},"spectral_spread":{"dmean":466249.59375,"dmean2":647625,"dvar":523514085376,"dvar2":802180038656,"max":40520964,"mean":4411113,"median":4105229.25,"min":778128.75,"var":4407267164160},"spectral_strongpeak":{"dmean":0.549614965916,"dmean2":0.888640642166,"dvar":0.870669066906,"dvar2":2.12153577805,"max":12.7725334167,"mean":1.73204767704,"median":1.09416151047,"min":0,"var":2.99519896507},"zerocrossingrate":{"dmean":0.00941437855363,"dmean2":0.0103453947231,"dvar":0.000274411373539,"dvar2":0.000241717294557,"max":0.51953125,"mean":0.062947563827,"median":0.05126953125,"min":0.00830078125,"var":0.00227241870016}},"metadata":{"audio_properties":{"analysis_sample_rate":44100,"bit_rate":192000,"codec":"mp3","downmix":"mix","equal_loudness":0,"length":244.140411377,"lossless":false,"md5_encoded":"ac2b10eea6bd5ffb184ae405229d82ac","replay_gain":-14.8008747101,"sample_rate":44100},"tags":{"acoustid_id":["1734f3bd-8059-4cbd-b8e9-df2464840950"],"album":["Halestorm"],"albumartist":["Halestorm"],"albumartistsort":["Halestorm"],"artist":["Halestorm"],"artistsort":["Halestorm"],"asin":["B0026PA05M"],"date":[""],"discnumber":["1/1"],"file_name":"05 Familiar Taste of Poison.mp3","genre":[""],"label":["Atlantic"],"media":["Digital Media"],"musicbrainz album release country":["US"],"musicbrainz album status":["official"],"musicbrainz album type":["album"],"musicbrainz_albumartistid":["eaed2193-e026-493b-ac57-113360407b06"],"musicbrainz_albumid":["c44c9380-6f7a-4945-80cc-5f9ec6790dbf"],"musicbrainz_artistid":["eaed2193-e026-493b-ac57-113360407b06"],"musicbrainz_recordingid":["13bda89b-617b-42ac-b07a-2093e15ef02d"],"musicbrainz_releasegroupid":["d3025eb5-28a6-3771-851d-2820993657bf"],"originaldate":["2009"],"script":["Latn"],"title":["Familiar Taste of Poison"],"tracknumber":["5/14"]},"version":{"essentia":"2.1-beta2","essentia_build_sha":"2d9f1f26377add8aeb1075a9c2973f962c4f09fd","essentia_git_sha":"v2.1_beta2-1-ge3940c0","extractor":"music 1.0"}},"rhythm":{"beats_count":426,"beats_loudness":{"dmean":0.00924923550338,"dmean2":0.0155972819775,"dvar":0.0000872197342687,"dvar2":0.000265187991317,"max":0.0855752229691,"mean":0.0268952585757,"median":0.023257471621,"min":2.08702708449e-8,"var":0.000385654420825},"beats_loudness_band_ratio":{"dmean":[0.124136559665,0.193733274937,0.182678237557,0.117097273469,0.0648662671447,0.055181670934],"dmean2":[0.21753554046