{"lowlevel":{"average_loudness":0.961851477623,"barkbands":{"dmean":[0.0000412924564444,0.00173542730045,0.00134775100742,0.00226157763973,0.00107333937194,0.00111627497245,0.000821567489766,0.000514428014867,0.00139433832373,0.000838540028781,0.000526358082425,0.00054211250972,0.000525591953192,0.000675080635119,0.000707265397068,0.00102435657755,0.000766843091697,0.000321730127325,0.000325078930473,0.000144362013089,0.0000587779031775,0.0000572515091335,0.000033652606362,0.0000214540032175,0.0000145041958604,0.00000517202533956,5.83419534905e-7],"dmean2":[0.0000641476144665,0.00284532597288,0.00234381691553,0.00389199191704,0.00181069062091,0.00182440748904,0.00134227005765,0.000832905818243,0.00212138239294,0.00131321011577,0.000815705861896,0.000888547219802,0.00086552608991,0.00112635979895,0.0011211191304,0.00171493773814,0.00126312614884,0.000516530824825,0.000518019136507,0.000235951258219,0.0000924678970478,0.0000871779047884,0.0000509146229888,0.0000321542393067,0.0000221684404096,0.00000782482675277,8.73159422099e-7],"dvar":[5.7527151931e-9,0.00000520132698512,0.00000358138686352,0.0000113794958452,0.0000029520406315,0.00000297747214972,0.00000201137208933,0.00000152133861775,0.00000785936026659,0.00000413624002249,0.00000202468299904,8.38485391341e-7,6.56598047044e-7,9.2617909786e-7,0.00000120091476674,0.00000209619156522,9.51726747189e-7,1.65356524917e-7,2.07721242873e-7,3.47262769651e-8,6.30214502806e-9,1.75530630031e-8,5.52431966838e-9,1.26509647203e-9,4.47577974683e-10,6.71858887968e-11,1.27898483904e-12],"dvar2":[1.22900676303e-8,0.000014188750356,0.0000108158110379,0.0000299899566016,0.00000788093439041,0.0000076086066656,0.00000508454741066,0.00000372495810552,0.000018073760657,0.0000096870589914,0.00000423341134592,0.00000202805995286,0.00000160977231189,0.00000254190285887,0.00000291196874969,0.00000582237680646,0.00000258312616097,4.28630016813e-7,5.15246711075e-7,9.29374053271e-8,1.4638779966e-8,3.83671441284e-8,1.22735617225e-8,2.62595767353e-9,1.00744390608e-9,1.4968892792e-10,2.60978413359e-12],"max":[0.00138580868952,0.0350451953709,0.0213485844433,0.0378619283438,0.0201887190342,0.0238009188324,0.0326068140566,0.0291621424258,0.0478519722819,0.0382574982941,0.0445688404143,0.0250500645489,0.0185369271785,0.0193599499762,0.0282875020057,0.021382778883,0.0230225771666,0.00736998906359,0.00838454719633,0.00321352505125,0.00151464948431,0.00516109215096,0.00193054671399,0.00133825710509,0.00049105292419,0.000199954447453,0.0000399761775043],"mean":[0.0000637344928691,0.00342019088566,0.00205762893893,0.00300727714784,0.00188227137551,0.00171911681537,0.0015400062548,0.000785758136772,0.00283460179344,0.00155014311895,0.000918453559279,0.000918582256418,0.000992236309685,0.00134074606467,0.00139628397301,0.00193730473984,0.00172455352731,0.000773165374994,0.000831152487081,0.000364677602192,0.000149278930621,0.000145061247167,0.0000910591625143,0.0000623746018391,0.0000394320122723,0.0000139456024044,0.00000151553513206],"median":[0.0000163899039762,0.00274846563116,0.00127795804292,0.00185121688992,0.00112212169915,0.0010479548946,0.00101335090585,0.000377905089408,0.00115055439528,0.000536051869858,0.000334705866408,0.000508261902723,0.000635651464108,0.000928665918764,0.000946593587287,0.00138733547647,0.00124085892458,0.0005502361455,0.000580504594836,0.000286859227344,0.000109160762804,0.0000726260477677,0.0000405050377594,0.0000315169563692,0.0000219041030505,0.0000069719703788,5.05306502419e-7],"min":[4.36058376907e-11,4.3257647464e-11,1.26971861844e-11,8.04980734848e-12,1.04966634343e-11,2.09378651569e-12,4.29277734236e-13,4.97940230715e-13,1.4024186543e-12,6.29853591158e-13,1.04163151628e-12,1.24439532029e-12,8.81428502235e-13,6.55010171536e-13,5.08846708259e-13,5.21545263574e-13,1.12140234165e-12,2.0626653597e-12,1.05447031315e-12,8.35816279469e-13,6.2494882316e-13,3.87315098613e-13,8.96814740525e-13,1.28711245221e-12,1.11723586112e-12,8.66594773372e-13,4.99146459842e-13],"var":[1.44812561942e-8,0.00000943098166317,0.00000532437798029,0.0000138920222525,0.00000488060049975,0.00000442563577963,0.00000373103671336,0.00000274501076092,0.0000265639264398,0.0000132185550683,0.00000575346393816,0.00000263109950538,0.00000184874727438,0.00000214476813198,0.00000284681368612,0.0000037996849187,0.00000292443428407,6.18744536496e-7,7.17450802767e-7,1.15832762049e-7,2.32011405643e-8,4.95045036075e-8,1.98163370158e-8,6.59400534175e-9,2.33101338232e-9,3.30214716682e-10,5.82145876643e-12]},"barkbands_crest":{"dmean":2.12092089653,"dmean2":3.52354311943,"dvar":3.9315829277,"dvar2":10.3013525009,"max":26.3231678009,"mean":7.37796497345,"median":6.50823974609,"min":2.3689661026,"var":10.7661380768},"barkbands_flatness_db":{"dmean":0.0154585866258,"dmean2":0.0238574966788,"dvar":0.000230565710808,"dvar2":0.000541898771189,"max":0.312282651663,"mean":0.10652243346,"median":0.0998394265771,"min":0.0223206821829,"var":0.00140492571518},"barkbands_kurtosis":{"dmean":0.870786905289,"dmean2":1.41627383232,"dvar":11.796204567,"dvar2":27.3544578552,"max":186.061737061,"mean":-0.132420614362,"median":-0.813000917435,"min":-1.80580890179,"var":19.7804813385},"barkbands_skewness":{"dmean":0.357506394386,"dmean2":0.580273032188,"dvar":0.150904417038,"dvar2":0.377311974764,"max":13.2701597214,"mean":0.483110129833,"median":0.387005805969,"min":-2.30971217155,"var":0.596521854401},"barkbands_spread":{"dmean":4.47758054733,"dmean2":7.09801101685,"dvar":18.6807498932,"dvar2":46.4412574768,"max":78.267868042,"mean":29.6738262177,"median":29.4678649902,"min":2.4466547966,"var":101.741447449},"dissonance":{"dmean":0.0126844011247,"dmean2":0.0217452608049,"dvar":0.000148844075738,"dvar2":0.000422119977884,"max":0.500000059605,"mean":0.476275473833,"median":0.48149356246,"min":0.31787827611,"var":0.00037561240606},"dynamic_complexity":4.05541324615,"erbbands":{"dmean":[0.0397874191403,0.433601826429,1.14597046375,5.39361572266,4.46428585052,4.16961669922,5.99466514587,9.81795215607,12.2226314545,11.2917490005,14.4931154251,30.4724159241,27.316734314,22.4958705902,16.2468070984,18.9806861877,22.3828964233,28.0946617126,29.1327438354,41.6917953491,56.345993042,48.425201416,15.0286445618,16.3913078308,14.8002700806,5.89179706573,2.9373857975,1.98238348961,2.13269042969,1.56980383396,0.91042393446,0.549471855164,0.336789429188,0.193138316274,0.094394877553,0.0337280631065,0.00774065824226,0.00112893478945,0.000104496764834,0.00000942967562878],"dmean2":[0.0662326589227,0.709411501884,1.9561034441,9.37425804138,7.60313892365,7.06264257431,9.93372058868,16.0652256012,19.9405498505,18.5799121857,22.8146076202,46.3061065674,42.0183143616,34.5887527466,24.825712204,31.1023921967,36.7212371826,45.9617996216,47.4303665161,66.8408813477,95.138343811,79.9231262207,24.0981178284,26.2444591522,23.5203590393,9.45934677124,4.61803865433,3.1363966465,3.28307628632,2.39334750175,1.37671613693,0.830958664417,0.511719286442,0.29766574502,0.145142242312,0.0517732650042,0.0116059500724,0.00168424996082,0.000155172368977,0.000014854607798],"dvar":[0.00376248988323,0.320474922657,2.07339072227,52.52891922,59.0632209778,45.8127059937,106.483123779,230.015136719,503.603210449,371.580657959,1012.29815674,4570.99511719,3857.2956543,4153.19628906,988.35760498,999.791259766,1136.46386719,1818.07702637,2112.89477539,4510.56933594,7681.21289062,4135.41064453,307.5027771,537.235229492,432.939697266,49.4351463318,13.1705980301,11.5200815201,25.989818573,13.5714159012,4.12342453003,1.19424510002,0.249678596854,0.0812178328633,0.0197238456458,0.00285537331365,0.000156123787747,0.00000387333466279,4.08909386351e-8,1.13246995115e-10],"dvar2":[0.00992434751242,0.876799166203,5.96224927902,142.526443481,156.617401123,122.371078491,272.610595703,589.659423828,1342.39379883,922.77520752,2460.1965332,10442.0244141,8709.18261719,9820.67773438,2137.12597656,2401.33837891,2784.82373047,4892.13720703,5396.38134766,11353.3994141,21730.3769531,11243.8066406,785.920166016,1402.05419922,1068.1060791,121.535270691,31.8656921387,25.8378868103,59.9804000854,29.7958374023,9.20402812958,2.60745072365,0.528469741344,0.184167906642,0.046029612422,0.00666959304363,0.000343348219758,0.00000837573497847,8.13649592146e-8,2.55616666722e-10],"max":[1.03301167488,8.41681671143,20.0953998566,85.664855957,100.625099182,102.871963501,129.768051147,270.290222168,561.698120117,414.431304932,632.832763672,1309.49047852,1322.93457031,1762.24938965,967.420593262,1158.53295898,786.982177734,1049.29785156,1083.8717041,1883.56921387,1412.47570801,1544.49963379,366.243560791,421.820526123,385.222869873,205.119445801,75.1765670776,97.410446167,190.62310791,96.1421508789,55.9516983032,35.0871543884,14.9035081863,7.75631761551,2.9940135479,1.44032025337,0.301330208778,0.040665846318,0.00842809677124,0.000309261522489],"mean":[0.0675405114889,0.862583637238,2.19271874428,7.27707147598,7.28546619415,6.95256471634,8.87370204926,15.7149333954,22.3235816956,18.539144516,26.281993866,59.4099273682,57.0772514343,46.105255127,31.8999252319,35.7567939758,46.0208969116,61.5415000916,61.3553009033,90.3101577759,114.212211609,109.153869629,43.2472572327,43.8865280151,40.1847496033,16.5657272339,8.00135993958,4.85775518417,5.18682146072,3.9797744751,2.47881865501,1.50762474537,0.944218456745,0.50848287344,0.244691327214,0.0877356529236,0.0205328650773,0.00302353734151,0.000293631426757,0.000048735706514],"median":[0.0494257248938,0.664091408253,1.79613292217,4.61908864975,5.15363836288,3.56456947327,5.18629741669,9.81641769409,14.7695646286,11.3237953186,12.9199047089,23.112985611,23.2982521057,19.387304306,16.0885009766,21.6509246826,31.8234577179,43.4786643982,44.4265098572,62.7908973694,84.0669021606,76.6291503906,36.4533615112,32.0313682556,28.7019844055,13.4665460587,6.24106264114,3.29165840149,2.74257898331,1.72230410576,1.09145820141,0.694619953632,0.499210685492,0.273444622755,0.13720472157,0.0458421558142,0.00989482551813,0.00125375716016,0.000114635113277,0.000047403784265],"min":[1.91458759957e-9,7.46864614598e-9,1.49256784709e-8,2.24299743223e-8,3.34355050313e-8,3.47597222117e-8,2.07743973135e-8,1.72647744989e-8,1.02858255246e-8,3.19094506374e-9,1.89167899123e-8,3.17362101043e-8,2.5891235822e-8,1.8710085925e-8,6.0964396198e-8,4.33071960515e-8,4.4807073607e-8,3.46017543507e-8,2.75340248379e-8,1.92356175432e-8,3.53259217434e-8,6.82763854343e-8,8.63396749651e-8,9.67830899867e-8,5.50108261166e-8,3.95411667853e-8,1.07271258543e-8,3.33584004863e-8,1.354127388e-8,2.12899848862e-8,2.00088070557e-8,1.571327779e-8,3.40045254177e-8,1.78841528253e-8,4.88392304376e-9,2.71399480667e-9,2.22438112374e-9,4.41034236909e-10,9.99878513319e-11,4.85317862287e-12],"var":[0.00523844826967,0.602740287781,3.32629370689,68.8885040283,67.0091629028,89.2078094482,135.729202271,362.683746338,793.576049805,695.847473145,2495.90771484,13282.2314453,13648.7060547,14853.515625,3469.71679688,3428.98095703,3170.27319336,4707.51855469,4529.56298828,10802.0615234,12845.7939453,12111.15625,1238.25708008,1952.16491699,1625.63244629,226.170135498,54.7988319397,34.5331573486,63.4098434448,41.3133773804,14.5887079239,5.01549720764,1.3099347353,0.381234198809,0.0954132378101,0.0133240763098,0.000726825383026,0.0000177120091394,1.89814386431e-7,6.0768545751e-10]},"erbbands_crest":{"dmean":2.69028711319,"dmean2":4.43730735779,"dvar":5.99567079544,"dvar2":15.7863388062,"max":28.2740345001,"mean":9.26019859314,"median":8.35373687744,"min":2.09157586098,"var":16.6224651337},"erbbands_flatness_db":{"dmean":0.015713583678,"dmean2":0.0235951989889,"dvar":0.000205102114705,"dvar2":0.000442953954916,"max":0.370527118444,"mean":0.171859279275,"median":0.171158105135,"min":0.0357415564358,"var":0.00190787785687},"erbbands_kurtosis":{"dmean":0.79185038805,"dmean2":1.27588021755,"dvar":0.816744506359,"dvar2":2.04485559464,"max":15.9125518799,"mean":0.524572610855,"median":0.139347791672,"min":-1.54861319065,"var":2.33708286285},"erbbands_skewness":{"dmean":0.310875743628,"dmean2":0.492819845676,"dvar":0.0683089643717,"dvar2":0.166470751166,"max":3.27682065964,"mean":-0.451360613108,"median":-0.49557107687,"min":-3.00310492516,"var":0.458360284567},"erbbands_spread":{"dmean":4.91934871674,"dmean2":7.8017115593,"dvar":20.3436088562,"dvar2":49.012928009,"max":97.7016677856,"mean":27.8545227051,"median":26.2354545593,"min":5.36308956146,"var":119.671180725},"gfcc":{"cov":[[24081.0273438,899.610595703,-1076.02478027,1334.62878418,18.867729187,302.011535645,-405.182220459,91.7186965942,-36.0593528748,-204.506484985,-241.461654663,-183.187133789,-219.693527222],[899.610595703,1198.23339844,-432.446685791,-55.0992507935,201.804794312,-234.895629883,-51.1761627197,-173.550064087,-25.7225914001,-130.050231934,59.0645599365,-169.645050049,70.8182449341],[-1076.02478027,-432.446685791,502.622558594,78.7858963013,-70.6195297241,143.15246582,-4.97843694687,33.5003433228,13.5113983154,54.8227005005,-57.1633720398,69.6796340942,-18.7640075684],[1334.62878418,-55.0992507935,78.7858963013,305.771209717,73.2735366821,60.3504714966,4.21036672592,31.3589611053,26.1743030548,0.497457742691,-9.1554889679,6.26085758209,-26.2260723114],[18.867729187,201.804794312,-70.6195297241,73.2735366821,182.5887146,-23.0751285553,-2.03589105606,-7.55402994156,-13.6427278519,-6.96791124344,28.8845710754,-30.6612281799,12.7479391098],[302.011535645,-234.895629883,143.15246582,60.3504714966,-23.0751285553,160.598464966,35.2643508911,28.6569805145,13.7455863953,16.8142948151,-30.7955932617,38.1807594299,-14.9835214615],[-405.182220459,-51.1761627197,-4.97843694687,4.21036672592,-2.03589105606,35.2643508911,103.744247437,45.5599136353,18.4724159241,-2.82533311844,10.2608566284,7.04678821564,-2.80874705315],[91.7186965942,-173.550064087,33.5003433228,31.3589611053,-7.55402994156,28.6569805145,45.5599136353,127.254714966,32.9272651672,27.1360912323,-4.5994348526,14.5622711182,-15.4370384216],[-36.0593528748,-25.7225914001,13.5113983154,26.1743030548,-13.6427278519,13.7455863953,18.4724159241,32.9272651672,86.3928070068,18.53657341,0.603216171265,7.58623027802,-7.12082862854],[-204.506484985,-130.050231934,54.8227005005,0.497457742691,-6.96791124344,16.8142948151,-2.82533311844,27.1360912323,18.53657341,74.3687820435,19.1254577637,20.6049022675,-8.09991455078],[-241.461654663,59.0645599365,-57.1633720398,-9.1554889679,28.8845710754,-30.7955932617,10.2608566284,-4.5994348526,0.603216171265,19.1254577637,78.9171524048,10.1809625626,1.00861644745],[-183.187133789,-169.645050049,69.6796340942,6.26085758209,-30.6612281799,38.1807594299,7.04678821564,14.5622711182,7.58623027802,20.6049022675,10.1809625626,74.2727355957,9.9101934433],[-219.693527222,70.8182449341,-18.7640075684,-26.2260723114,12.7479391098,-14.9835214615,-2.80874705315,-15.4370384216,-7.12082862854,-8.09991455078,1.00861644745,9.9101934433,55.5307998657]],"icov":[[0.000244487338932,-0.000637115037534,0.00109831604641,-0.00133772927802,0.00120104954112,-0.0015236530453,0.00158910360187,-0.00109675410204,0.000867846130859,-0.000490411184728,0.000738000322599,-0.000578654464334,0.000737373833545],[-0.000637115037534,0.00507831107825,-0.00213790033013,0.00351821212098,-0.00498579349369,0.00547751784325,-0.00395390577614,0.00563325174153,-0.00437761750072,0.00450409250334,-0.00392358750105,0.00654562981799,-0.00507048470899],[0.00109831604641,-0.00213790033013,0.00851558148861,-0.00661727879196,0.00563125405461,-0.00831507053226,0.00766501901671,-0.00414233561605,0.00396543368697,-0.00378026859835,0.0051003373228,-0.00337579241022,0.00299062952399],[-0.00133772927802,0.00351821212098,-0.00661727879196,0.0120670804754,-0.0092916097492,0.00706139020622,-0.00776344398037,0.0052541801706,-0.00631947489455,0.00432809535414,-0.00393338734284,0.00238451850601,-0.00174296554178],[0.00120104954112,-0.00498579349369,0.00563125405461,-0.0092916097492,0.0153137817979,-0.00881689786911,0.00801317859441,-0.00730765331537,0.00706485752016,-0.00465683965012,0.00110169581603,-0.00118242949247,0.00152160762809],[-0.0015236530453,0.00547751784325,-0.00831507053226,0.00706139020622,-0.00881689786911,0.0216531809419,-0.0144555810839,0.00920361001045,-0.00607780879363,0.00284078461118,-0.000616131990682,0.00111873296555,-0.00334765878506],[0.00158910360187,-0.00395390577614,0.00766501901671,-0.00776344398037,0.00801317859441,-0.0144555810839,0.0246963053942,-0.0123971384019,0.00381333054975,0.00135675445199,-0.00017589739582,-0.00201241648756,0.00336487777531],[-0.00109675410204,0.00563325174153,-0.00414233561605,0.0052541801706,-0.00730765331537,0.00920361001045,-0.0123971384019,0.0189709626138,-0.00767428055406,0.000350260204868,-0.00156397430692,0.00466455938295,-0.0033707676921],[0.000867846130859,-0.00437761750072,0.00396543368697,-0.00631947489455,0.00706485752016,-0.00607780879363,0.00381333054975,-0.00767428055406,0.0183869041502,-0.00701752537861,0.00431522168219,-0.00495999120176,0.00431025028229],[-0.000490411184728,0.00450409250334,-0.00378026859835,0.00432809535414,-0.00465683965012,0.00284078461118,0.00135675445199,0.000350260204868,-0.00701752537861,0.0245885699987,-0.0108933458105,0.00444511277601,-0.00282470835373],[0.000738000322599,-0.00392358750105,0.0051003373228,-0.00393338734284,0.00110169581603,-0.000616131990682,-0.00017589739582,-0.00156397430692,0.00431522168219,-0.0108933458105,0.0244877617806,-0.0122948857024,0.00764019833878],[-0.000578654464334,0.00654562981799,-0.00337579241022,0.00238451850601,-0.00118242949247,0.00111873296555,-0.00201241648756,0.00466455938295,-0.00495999120176,0.00444511277601,-0.0122948857024,0.031017838046,-0.0141831012443],[0.000737373833545,-0.00507048470899,0.00299062952399,-0.00174296554178,0.00152160762809,-0.00334765878506,0.00336487777531,-0.0033707676921,0.00431025028229,-0.00282470835373,0.00764019833878,-0.0141831012443,0.0280926506966]],"mean":[6.2988781929,97.3010635376,-143.287109375,31.39112854,-41.0166511536,9.30659294128,-39.2924537659,14.6725769043,-18.257938385,0.464833468199,-16.1840648651,-3.25201940536,-10.4654045105]},"hfc":{"dmean":5.61236095428,"dmean2":8.98140048981,"dvar":27.3971920013,"dvar2":69.2695465088,"max":91.2137908936,"mean":32.8496322632,"median":34.6523742676,"min":8.92807108244e-8,"var":216.845062256},"melbands":{"dmean":[0.000426331011113,0.000575710728299,0.000864296453074,0.000262038549408,0.000199142319616,0.000220480171265,0.000174545508344,0.000117598283396,0.000146517559187,0.000195808839635,0.000141491254908,0.0000977856179816,0.000067533692345,0.0000421037220804,0.0000751574407332,0.0000519951572642,0.0000537364066986,0.000054079133406,0.000055057600548,0.0000666484265821,0.0000635317483102,0.0000594617340539,0.0000191520684893,0.0000171743304236,0.0000141584778248,0.0000154096105689,0.00000779204674473,0.00000356530290446,0.00000239844075622,0.00000133167793592,0.00000122798530811,0.00000133376522626,0.00000129232296331,8.3166338527e-7,6.07107892847e-7,4.4660362164e-7,3.46613745705e-7,2.72075396879e-7,2.1152465024e-7,1.67170227883e-7],"dmean2":[0.000703122816049,0.000961032346822,0.00149311718997,0.00044418044854,0.00032808695687,0.000358836434316,0.000284745212412,0.000192202918697,0.000228711607633,0.000297201331705,0.000217437715037,0.000149994302774,0.000103918573586,0.0000649225185043,0.000124962331029,0.0000841474538902,0.0000879295257619,0.0000893879187061,0.0000870770672918,0.000109726584924,0.000107415959064,0.000098159071058,0.0000313673808705,0.0000276590162684,0.0000228841181524,0.0000243652575591,0.0000128632145788,0.00000577086575504,0.00000380217716156,0.00000215305703932,0.00000195973143491,0.00000209835366149,0.00000201997568183,0.00000129410432237,9.44609439557e-7,6.93404274443e-7,5.37503694886e-7,4.20514311372e-7,3.29657979137e-7,2.63096836761e-7],"dvar":[3.45119161693e-7,4.40059096718e-7,0.00000143168381328,1.75813582359e-7,1.03760505965e-7,1.10001330711e-7,9.71827915919e-8,4.23382431336e-8,9.13414623938e-8,1.92302906044e-7,1.02381306988e-7,7.2454234612e-8,2.21049383242e-8,8.34299562769e-9,1.37116398236e-8,7.07907643616e-9,6.08915184941e-9,8.12168376996e-9,7.48532702488e-9,8.65714344656e-9,1.04026955938e-8,7.06935976424e-9,7.15652703764e-10,4.90182505697e-10,4.45471826094e-10,5.36557354103e-10,1.14862494516e-10,1.88987020477e-11,9.5043998713e-12,3.75132043484e-12,5.35028011478e-12,9.34764852328e-12,1.04890159058e-11,3.40716062135e-12,1.76912846352e-12,1.01889211044e-12,4.30007890189e-13,1.69822137039e-13,1.02997661398e-13,6.19763233247e-14],"dvar2":[9.44492455801e-7,0.00000124741802665,0.00000382713460567,4.64707824221e-7,2.68055686092e-7,2.82254461581e-7,2.53966391028e-7,1.04229016529e-7,2.18125279616e-7,4.44615039896e-7,2.30796061373e-7,1.72096036977e-7,4.69454590757e-8,1.76395271723e-8,3.62318210989e-8,1.71122493953e-8,1.61906132945e-8,2.17134381586e-8,1.79039911785e-8,2.2653988907e-8,2.93455091338e-8,1.8911885391e-8,1.95640015299e-9,1.27562227448e-9,1.16331488886e-9,1.27443278153e-9,3.16688592017e-10,4.73027346459e-11,2.32805788536e-11,9.13804795721e-12,1.22708111033e-11,2.27851001955e-11,2.43318282189e-11,7.69839400561e-12,4.06767024577e-12,2.40378181769e-12,9.97197658649e-13,3.8528753213e-13,2.31707773628e-13,1.48301401541e-13],"max":[0.00964607577771,0.0100832907483,0.0135076008737,0.00546350097284,0.00399294216186,0.00552210072055,0.00755334272981,0.00437209010124,0.00592662347481,0.00841641891748,0.00638589402661,0.00726551096886,0.00452400231734,0.00340755609795,0.00318459561095,0.00191818433814,0.00180717359763,0.00198446772993,0.00212526833639,0.00207499880344,0.00155174406245,0.00215475191362,0.000990648404695,0.000520484230947,0.000380756246159,0.000394848408177,0.000190975668374,0.000120782387967,0.0000644576430204,0.0000456220295746,0.0000765298464103,0.000112486319267,0.0000980777986115,0.0000445135738119,0.0000381580357498,0.0000281735337921,0.000025183417165,0.0000119224960144,0.0000112504449135,0.00000634163279756],"mean":[0.000799622444902,0.00120979035273,0.00128374586347,0.000465555989649,0.0003223909589,0.00035851506982,0.000326383567881,0.000183588621439,0.000261876208242,0.000384279730497,0.000285324204015,0.00019228788733,0.000122600264149,0.0000787194512668,0.000122862038552,0.000102270336356,0.000113216927275,0.0000980640106718,0.000107477724669,0.0001324666664,0.000119530130178,0.00012454802345,0.0000472976607853,0.0000379390512535,0.0000335146687576,0.0000377305514121,0.0000186949728231,0.00000862478100316,0.00000582549500905,0.00000288605451715,0.00000267829955192,0.00000292044569505,0.00000283276813207,0.00000196081191461,0.00000150004041188,0.00000108791175535,8.57101952079e-7,6.91399918651e-7,5.27940301254e-7,3.94261974179e-7],"median":[0.000649582711048,0.00108049414121,0.000889132497832,0.000304284447338,0.000194770138478,0.000233642203966,0.000218983914237,0.000108945154352,0.000117070587294,0.00014442257816,0.000108751570224,0.0000769747857703,0.000053076477343,0.0000340348633472,0.0000783026844147,0.0000647570050205,0.0000783577852417,0.0000597281032242,0.0000702240868122,0.000091869100288,0.0000784194853622,0.0000760405891924,0.0000340800033882,0.0000270180080406,0.0000223582719627,0.0000237899675994,0.0000138014474942,0.000006758004929,0.00000415745034843,0.00000203207468985,0.00000165192170698,0.00000155748557518,0.0000011783570244,8.36667652493e-7,6.5534584337e-7,4.5041721819e-7,3.96158185367e-7,3.58955730917e-7,2.76853114656e-7,2.10188531469e-7],"min":[1.66495879583e-11,8.63569805942e-12,4.25494015022e-12,2.5827714533e-12,8.78128407662e-13,3.84120822173e-13,1.38882449378e-13,3.68537326849e-14,1.8458388843e-13,1.95395010393e-13,1.25287055578e-13,6.65127742922e-14,1.75789192773e-13,1.81696265021e-13,8.50049943087e-14,7.72191623252e-14,6.44152564405e-14,4.12795340445e-14,3.80194329795e-14,2.26333505431e-14,4.21115541797e-14,6.99088749672e-14,5.84113175038e-14,1.0884074539e-13,7.42196831337e-14,4.44143352196e-14,3.80528230183e-14,2.1673663908e-14,3.99664661107e-15,1.18768342532e-14,2.23856577806e-14,7.13083749899e-15,6.91031670633e-15,1.47580752686e-14,8.99578212621e-15,1.60501613492e-14,5.84145684162e-15,2.7751960479e-14,1.45858040137e-14,1.52403453356e-14],"var":[5.36140703389e-7,7.87845522154e-7,0.0000018886360067,2.64809642658e-7,1.51697065576e-7,1.75717474349e-7,1.62262807635e-7,7.530579893e-8,2.61208782604e-7,5.74361763483e-7,3.57518700866e-7,2.54922127851e-7,6.9124062918e-8,3.5824658795e-8,2.850924119e-8,2.02153103146e-8,1.66389977352e-8,1.58008557349e-8,1.77538321822e-8,1.97926173229e-8,1.82335107013e-8,2.08768842214e-8,2.53196419386e-9,1.43870315661e-9,1.41722722447e-9,1.85583570733e-9,3.27710941717e-10,7.04180325162e-11,3.62209394422e-11,9.78544155428e-12,1.39702919372e-11,2.0500654993e-11,2.34554355105e-11,1.03393292192e-11,5.48112900553e-12,3.26170579261e-12,1.59705289358e-12,7.45599111965e-13,4.35871038698e-13,2.41277890679e-13]},"melbands_crest":{"dmean":3.01495718956,"dmean2":5.10338926315,"dvar":8.19486713409,"dvar2":22.1872711182,"max":39.3025627136,"mean":10.8423757553,"median":9.85802173615,"min":3.28861260414,"var":21.0338478088},"melbands_flatness_db":{"dmean":0.0189487989992,"dmean2":0.0299186017364,"dvar":0.000321395404171,"dvar2":0.000774774583988,"max":0.388287216425,"mean":0.157801941037,"median":0.14999987185,"min":0.0628074705601,"var":0.00191396824084},"melbands_kurtosis":{"dmean":2.20155239105,"dmean2":3.64946579933,"dvar":80.3079147339,"dvar2":189.594924927,"max":624.400024414,"mean":2.70658421516,"median":1.05755567551,"min":-1.7869477272,"var":140.072113037},"melbands_skewness":{"dmean":0.447541087866,"dmean2":0.73223233223,"dvar":0.261207818985,"dvar2":0.653732776642,"max":22.683347702,"mean":1.41438937187,"median":1.26062190533,"min":-1.41860842705,"var":0.984022438526},"melbands_spread":{"dmean":7.51698446274,"dmean2":12.1151971817,"dvar":43.0248146057,"dvar2":109.473197937,"max":94.0179672241,"mean":40.2562141418,"median":38.9219894409,"min":1.00323808193,"var":252.113220215},"mfcc":{"cov":[[15179.0664062,1870.67687988,-399.319396973,816.20715332,385.126922607,248.110076904,-24.5091648102,264.672424316,120.275222778,124.467765808,-15.8578548431,-108.743034363,-16.6336193085],[1870.67687988,1430.92993164,-451.585601807,194.647949219,132.281143188,-33.2688407898,-8.66365528107,-85.3561172485,-52.5974159241,-56.2787208557,-59.2534790039,-34.2559051514,-44.1207962036],[-399.319396973,-451.585601807,386.5859375,-73.8935317993,-43.9993782043,56.6558685303,-39.0240135193,19.1471977234,35.0488052368,-3.94951367378,3.46170520782,7.49675655365,-5.6035900116],[816.20715332,194.647949219,-73.8935317993,253.420700073,102.464080811,25.295999527,24.9464740753,22.0103816986,12.8062648773,21.7073974609,-3.17927861214,16.4665985107,14.5484323502],[385.126922607,132.281143188,-43.9993782043,102.464080811,138.635177612,29.6008110046,19.6742019653,-10.6316213608,1.92506372929,-1.74675166607,-8.83606624603,12.5672025681,6.44484806061],[248.110076904,-33.2688407898,56.6558685303,25.295999527,29.6008110046,119.479225159,8.22737407684,15.4361839294,14.9634485245,-12.9965028763,-2.45397233963,-1.17033576965,0.163151025772],[-24.5091648102,-8.66365528107,-39.0240135193,24.9464740753,19.6742019653,8.22737407684,99.1370849609,18.8446674347,-0.845605015755,8.42348957062,1.04329323769,5.81552028656,4.28291463852],[264.672424316,-85.3561172485,19.1471977234,22.0103816986,-10.6316213608,15.4361839294,18.8446674347,97.9902877808,31.5299892426,25.6826782227,14.5291852951,-4.62689495087,9.18360519409],[120.275222778,-52.5974159241,35.0488052368,12.8062648773,1.92506372929,14.9634485245,-0.845605015755,31.5299892426,78.0732803345,24.7969818115,3.90538477898,-8.05373668671,-2.53504443169],[124.467765808,-56.2787208557,-3.94951367378,21.7073974609,-1.74675166607,-12.9965028763,8.42348957062,25.6826782227,24.7969818115,79.8785171509,29.7664108276,3.54280924797,6.6882147789],[-15.8578548431,-59.2534790039,3.46170520782,-3.17927861214,-8.83606624603,-2.45397233963,1.04329323769,14.5291852951,3.90538477898,29.7664108276,60.2023429871,19.7414455414,6.28386735916],[-108.743034363,-34.2559051514,7.49675655365,16.4665985107,12.5672025681,-1.17033576965,5.81552028656,-4.62689495087,-8.05373668671,3.54280924797,19.7414455414,63.4239006042,23.6799182892],[-16.6336193085,-44.1207962036,-5.6035900116,14.5484323502,6.44484806061,0.163151025772,4.28291463852,9.18360519409,-2.53504443169,6.6882147789,6.28386735916,23.6799182892,55.9885025024]],"icov":[[0.000105071980215,-0.000156780239195,-0.0000711879838491,-0.000180133953108,-0.0000565667178307,-0.000163478369359,0.000121140117699,-0.000316084886435,0.0000253726939263,-0.000162412630743,-0.0000445227124146,0.000169155508047,-0.0000490783640998],[-0.000156780239195,0.001716486644,0.00173784175422,-0.000478141766507,-0.000326449808199,0.0000977741074166,0.000632761686575,0.00106253079139,-0.0000326366644003,0.000939490622841,0.000638284196611,-0.0000627551489742,0.00126004859339],[-0.0000711879838491,0.00173784175422,0.00527526345104,0.0002704396029,0.00030680251075,-0.00194749515504,0.00209754961543,0.000338685349561,-0.00125575333368,0.00071079848567,0.00125395308714,-0.00143465702422,0.00188465067185],[-0.000180133953108,-0.000478141766507,0.0002704396029,0.0071147265844,-0.00395070202649,-0.00035075697815,-0.000393450784031,-0.0015190205304,-0.000247324845986,-0.00182223762386,0.00119722005911,-0.00179014657624,-0.000687694235239],[-0.0000565667178307,-0.000326449808199,0.00030680251075,-0.00395070202649,0.0118662845343,-0.00234569516033,-0.00151261501014,0.00268948636949,-0.00083080859622,0.0000916544086067,0.00104612822179,-0.00164027279243,-0.00037354536471],[-0.000163478369359,0.0000977741074166,-0.00194749515504,-0.00035075697815,-0.00234569516033,0.0110549507663,-0.00132068572566,-0.000926707638428,-0.00138137897011,0.00344444438815,-0.0014108432224,0.00100950105116,-0.000327082030708],[0.000121140117699,0.000632761686575,0.00209754961543,-0.000393450784031,-0.00151261501014,-0.00132068572566,0.0121647119522,-0.00285741779953,0.00110679480713,-0.00108261429705,0.00149883062113,-0.00133561226539,0.00113900413271],[-0.000316084886435,0.00106253079139,0.000338685349561,-0.0015190205304,0.00268948636949,-0.000926707638428,-0.00285741779953,0.0155232222751,-0.00435339892283,-0.00081106700236,-0.00230729277246,0.00228975620121,-0.00227221474051],[0.0000253726939263,-0.0000326366644003,-0.00125575333368,-0.000247324845986,-0.00083080859622,-0.00138137897011,0.00110679480713,-0.00435339892283,0.0171433072537,-0.00514930533245,0.0017248026561,0.00142095412593,0.00124624045566],[-0.000162412630743,0.000939490622841,0.00071079848567,-0.00182223762386,0.0000916544086067,0.00344444438815,-0.00108261429705,-0.00081106700236,-0.00514930533245,0.0198269858956,-0.00894095189869,0.00212228903547,-0.00106373359449],[-0.0000445227124146,0.000638284196611,0.00125395308714,0.00119722005911,0.00104612822179,-0.0014108432224,0.00149883062113,-0.00230729277246,0.0017248026561,-0.00894095189869,0.0247261319309,-0.00863090343773,0.00247305701487],[0.000169155508047,-0.0000627551489742,-0.00143465702422,-0.00179014657624,-0.00164027279243,0.00100950105116,-0.00133561226539,0.00228975620121,0.00142095412593,0.00212228903547,-0.00863090343773,0.0233469009399,-0.00886005535722],[-0.0000490783640998,0.00126004859339,0.00188465067185,-0.000687694235239,-0.00037354536471,-0.000327082030708,0.00113900413271,-0.00227221474051,0.00124624045566,-0.00106373359449,0.00247305701487,-0.00886005535722,0.0231892634183]],"mean":[-620.497436523,122.248657227,-31.6504745483,23.6243152618,13.0621967316,-0.04839605093,-2.50433635712,5.70877742767,1.94876515865,5.85827350616,0.393041819334,-2.16851520538,1.13765442371]},"pitch_salience":{"dmean":0.0606731921434,"dmean2":0.09956920892,"dvar":0.00285968370736,"dvar2":0.0076697380282,"max":0.891816675663,"mean":0.553050339222,"median":0.554404318333,"min":0.0365310050547,"var":0.00863504130393},"silence_rate_20dB":{"dmean":0,"dmean2":0,"dvar":0,"dvar2":0,"max":1,"mean":1,"median":1,"min":1,"var":0},"silence_rate_30dB":{"dmean":0,"dmean2":0,"dvar":0,"dvar2":0,"max":1,"mean":1,"median":1,"min":1,"var":0},"silence_rate_60dB":{"dmean":0.00168593449052,"dmean2":0.00337227503769,"dvar":0.00168311048765,"dvar2":0.00384271214716,"max":1,"mean":0.0708007216454,"median":0,"min":0,"var":0.0657875835896},"spectral_centroid":{"dmean":187.803939819,"dmean2":297.519927979,"dvar":35709.6132812,"dvar2":72922.28125,"max":11476.6308594,"mean":1797.48986816,"median":1821.62548828,"min":477.20425415,"var":247034.5},"spectral_complexity":{"dmean":3.36729288101,"dmean2":5.35878610611,"dvar":8.47416877747,"dvar2":20.2665653229,"max":49,"mean":28.0765800476,"median":30,"min":0,"var":85.7662277222},"spectral_contrast_coeffs":{"dmean":[0.049646358937,0.0462450757623,0.0383728481829,0.032438069582,0.0209594871849,0.0147270960733],"dmean2":[0.0843504294753,0.0773276910186,0.0623113363981,0.0532969534397,0.0342349037528,0.023626986891],"dvar":[0.00169693387579,0.00133940251544,0.000900578394067,0.000632697250694,0.000271430733847,0.000158786409884],"dvar2":[0.00484059005976,0.00369004183449,0.00234838761389,0.00170544744469,0.00072072976036,0.000377084361389],"max":[-0.395104497671,-0.495531648397,-0.512527167797,-0.579616844654,-0.636969447136,-0.620786905289],"mean":[-0.658217847347,-0.747258901596,-0.747916042805,-0.73837262392,-0.756045520306,-0.769110918045],"median":[-0.655593037605,-0.748427689075,-0.752279639244,-0.733761131763,-0.750217199326,-0.765107512474],"min":[-0.967238306999,-0.985660016537,-0.963096857071,-0.962086558342,-0.961423575878,-0.959853053093],"var":[0.00573705183342,0.00452029006556,0.00528212171048,0.00291888508946,0.00222024065442,0.00143328949343]},"spectral_contrast_valleys":{"dmean":[0.361159622669,0.353342652321,0.296802163124,0.239217340946,0.192272245884,0.257909268141],"dmean2":[0.614820659161,0.58587116003,0.480533272028,0.385768413544,0.299026608467,0.359733402729],"dvar":[0.105672210455,0.102926701307,0.0804834067822,0.0644294768572,0.0549585931003,0.110081419349],"dvar2":[0.256921947002,0.229508534074,0.171304374933,0.127183273435,0.0934051945806,0.206190899014],"max":[-5.57589101791,-4.81651639938,-5.47147369385,-5.64658117294,-5.92334032059,-8.39632129669],"mean":[-7.3480052948,-6.63968610764,-7.22146463394,-7.23969125748,-7.22379684448,-10.2773151398],"median":[-6.95060443878,-6.32786178589,-6.9226231575,-6.90361213684,-6.81095790863,-9.88797473907],"min":[-27.276309967,-27.0807876587,-27.2892208099,-27.3566226959,-27.1777095795,-27.2819328308],"var":[2.48252224922,2.19225001335,2.02410578728,2.2225933075,2.26170825958,2.19412183762]},"spectral_decrease":{"dmean":1.57077939544e-9,"dmean2":2.55908538804e-9,"dvar":2.54267007134e-18,"dvar2":6.51661571966e-18,"max":-3.46260848439e-17,"mean":-7.30772553581e-9,"median":-7.30280147465e-9,"min":-1.94728801972e-8,"var":9.61963406796e-18},"spectral_energy":{"dmean":0.00626191496849,"dmean2":0.0101913036779,"dvar":0.0000393878763134,"dvar2":0.000100537581602,"max":0.0781413912773,"mean":0.0305604971945,"median":0.0306615624577,"min":1.38784983506e-10,"var":0.000160755196703},"spectral_energyband_high":{"dmean":0.000161745861988,"dmean2":0.000239041124587,"dvar":5.61992372639e-8,"dvar2":1.1089723273e-7,"max":0.00714393379167,"mean":0.000612241798081,"median":0.000452250300441,"min":5.91581427942e-12,"var":3.43807982972e-7},"spectral_energyband_low":{"dmean":0.00343049759977,"dmean2":0.00582089042291,"dvar":0.0000142841054185,"dvar2":0.0000404600505135,"max":0.0430999025702,"mean":0.00723746186122,"median":0.0064892815426,"min":8.14983427966e-11,"var":0.0000256130606431},"spectral_energyband_middle_high":{"dmean":0.0027176013682,"dmean2":0.00432138564065,"dvar":0.00000841648852656,"dvar2":0.0000210525504372,"max":0.0579590164125,"mean":0.0124534601346,"median":0.0119750276208,"min":1.0218371288e-11,"var":0.0000530408797204},"spectral_energyband_middle_low":{"dmean":0.00450146850199,"dmean2":0.0072095990181,"dvar":0.0000286170561594,"dvar2":0.0000696338029229,"max":0.0561676062644,"mean":0.0121765444055,"median":0.0102059757337,"min":2.3259165427e-11,"var":0.0000741302355891},"spectral_entropy":{"dmean":0.104897402227,"dmean2":0.15734179318,"dvar":0.00965223927051,"dvar2":0.020980456844,"max":9.81125354767,"mean":7.62026977539,"median":7.61805486679,"min":6.34509420395,"var":0.0880432650447},"spectral_flux":{"dmean":0.0166595075279,"dmean2":0.0259308964014,"dvar":0.00025959147024,"dvar2":0.000581352505833,"max":0.229216232896,"mean":0.0880439952016,"median":0.0880004987121,"min":0.0000587565518799,"var":0.00121455849148},"spectral_kurtosis":{"dmean":1.77920496464,"dmean2":3.09167027473,"dvar":4.73523902893,"dvar2":14.2874631882,"max":31.8596458435,"mean":5.83603096008,"median":5.20892047882,"min":-1.22741210461,"var":9.38976860046},"spectral_rms":{"dmean":0.000538306718227,"dmean2":0.000872957578395,"dvar":2.64296261321e-7,"dvar2":6.75454941756e-7,"max":0.00873129442334,"mean":0.00522200064734,"median":0.00546934362501,"min":3.67967373904e-7,"var":0.00000254588326243},"spectral_rolloff":{"dmean":317.51574707,"dmean2":542.016662598,"dvar":191335.65625,"dvar2":481387.5,"max":7019.82421875,"mean":2109.45361328,"median":2196.38671875,"min":21.533203125,"var":500011.59375},"spectral_skewness":{"dmean":0.191290378571,"dmean2":0.3253505826,"dvar":0.0369543619454,"dvar2":0.108466543257,"max":3.87461590767,"mean":1.56278896332,"median":1.5200574398,"min":-0.0378863438964,"var":0.10670761764},"spectral_spread":{"dmean":334183.71875,"dmean2":486800.21875,"dvar":287152144384,"dvar2":406920134656,"max":40913788,"mean":3568988.75,"median":3348305,"min":1466195.5,"var":1716463599620},"spectral_strongpeak":{"dmean":1.0331287384,"dmean2":1.8227622509,"dvar":2.7267332077,"dvar2":7.01826190948,"max":12.1615352631,"mean":1.58439958096,"median":0.504201233387,"min":0,"var":4.21668815613},"zerocrossingrate":{"dmean":0.00635194871575,"dmean2":0.00810518674552,"dvar":0.0000408263476857,"dvar2":0.0000678529468132,"max":0.16650390625,"mean":0.0705307424068,"median":0.06982421875,"min":0.0029296875,"var":0.000398648408009}},"metadata":{"audio_properties":{"analysis_sample_rate":44100,"bit_rate":0,"codec":"flac","downmix":"mix","equal_loudness":0,"length":192.802383423,"lossless":true,"md5_encoded":"df28c9fa0c15cfff4054d7dd6bd65d26","replay_gain":-11.2523841858,"sample_rate":96000},"tags":{"album":["A Hundred Miles Off"],"albumartist":["The Walkmen"],"albumartistsort":["Walkmen, The"],"artist":["The Walkmen"],"artistsort":["Walkmen, The"],"asin":["B000F3AB2E"],"barcode":["093624422310"],"catalognumber":["44223-1"],"date":["2006"],"discnumber":["1"],"disctotal":["1"],"file_name":"1-04 Emma, Get Me a Lemon.flac","genre":["Indie Rock"],"grouping":["Rock"],"label":["Record Collection"],"language":["eng"],"media":["12″ Vinyl"],"musicbrainz_albumartistid":["b7834ebd-64ae-46c3-a930-2d3a52ee743a"],"musicbrainz_albumid":["2c8efc87-84d5-4519-8898-934c82c6bf46"],"musicbrainz_artistid":["b7834ebd-64ae-46c3-a930-2d3a52ee743a"],"musicbrainz_recordingid":["13cd3833-3671-4d69-91bc-685a8cc1963b"],"musicbrainz_releasegroupid":["def12e1d-bf48-3da8-be5b-7a5cd2230abd"],"musicbrainz_releasetrackid":["dec52ebb-bb86-3c1a-8f4e-deefe072c088"],"musicbrainz_workid":["f1f2e44e-3b4d-4dd5-bcec-ae80f535031d"],"originaldate":["2006-05-23"],"releasecountry":["US"],"releasestatus":["official"],"releasetype":["album"],"script":["Latn"],"title":["Emma, Get Me a Lemon"],"tracknumber":["4"],"tracktotal":["12"],"work":["Emma, Get Me a Lemon"],"writer":["The Walkmen"]},"version":{"essentia":"2.1-beta2","essentia_build_sha":"70f2e5ece6736b2c40cc944ad0e695b16b925413","essentia_git_sha":"v2.1_beta2","extractor":"music 1.0"}},"rhythm":{"beats_count":456,"beats_loudness":{"dmean":0.00767155131325,"dmean2":0.0131958546117,"dvar":0.0000495195527037,"dvar2":0.000133799141622,"max":0.0610850080848,"mean":0.030672121793,"median":0.0310487486422,"min":1.3836764623e-8,"var":0.000133604931762},"beats_loudness_band_ratio":{"dmean":[0.128130763769,0.0730358660221,0.13667987287,0.0978627502918,0.0957911089063,0.0282605774701],"dmean2":[0.217222377658,0.125119253993,0.23925794661,0.173273414373,0.163781806