{"lowlevel":{"average_loudness":0.915667116642,"barkbands":{"dmean":[0.000781054259278,0.0110759884119,0.00788267794997,0.00320411846042,0.00171754637267,0.00039997237036,0.000361640035408,0.000267430121312,0.000461652438389,0.000322845298797,0.000303177395836,0.000304254441289,0.000465413933853,0.000325869303197,0.000264439295279,0.000244046459557,0.000212966057006,0.000169758932316,0.000170081679244,0.000178938833415,0.000165394332726,0.000178169764695,0.000208614364965,0.000154542765813,0.000106758227048,0.0000606568501098,0.0000267782415904],"dmean2":[0.00132068258245,0.0180160533637,0.0147840566933,0.00603332649916,0.00317921768874,0.00065670767799,0.000602754182182,0.000439148483565,0.0007541863597,0.000538530817721,0.000510343175847,0.000513666251209,0.000790574704297,0.00053379975725,0.000429017498391,0.000399797077989,0.0003530473914,0.000289652089123,0.000285499671008,0.000289846764645,0.000275616795989,0.000289877032628,0.000341019913321,0.000246311799856,0.000179415990715,0.0000965842409641,0.0000460798255517],"dvar":[0.00000245819296651,0.000533190614078,0.000609087641351,0.000091900350526,0.0000234068102145,6.6486313699e-7,7.37651930649e-7,3.06715151055e-7,6.47176591428e-7,3.49858595428e-7,3.62569522849e-7,3.76399214019e-7,5.42195039088e-7,4.40515350419e-7,2.49739571245e-7,2.20610431256e-7,1.58023027552e-7,1.64363328281e-7,1.75710468397e-7,1.50018351519e-7,8.93998901574e-8,9.34510850925e-8,3.25324833739e-7,1.26673640466e-7,5.18052729603e-8,2.22773497427e-8,3.22184257051e-9],"dvar2":[0.00000611541418039,0.00126379705034,0.00173432554584,0.000265261100139,0.0000676831623423,0.00000169780662418,0.00000192943298316,7.94535537807e-7,0.00000165842595834,9.39482163176e-7,9.52975199198e-7,0.00000100213196674,0.00000146844251958,0.00000112604800506,6.13475208411e-7,5.40441362773e-7,4.00947982371e-7,4.37834785316e-7,4.77802018395e-7,3.91365347241e-7,2.19649095357e-7,2.21288928515e-7,8.23393747851e-7,2.90599160735e-7,1.2957634965e-7,4.69352663401e-8,7.26965643238e-9],"max":[0.0311413630843,0.212115421891,0.205659106374,0.0940209850669,0.0677628740668,0.0148062864318,0.0198232196271,0.0108744688332,0.0170197021216,0.0106422267854,0.0153619321063,0.010558356531,0.01495608408,0.0114454235882,0.0111346580088,0.0189193505794,0.0110548762605,0.00975649338216,0.0142788086087,0.00802445225418,0.00557276373729,0.00404375931248,0.00781845767051,0.00507018202916,0.00282191578299,0.00198494666256,0.000657546916045],"mean":[0.000996151473373,0.0152560500428,0.00536216655746,0.00220604124479,0.00146364758257,0.000576908991206,0.000458711874671,0.000387235719245,0.000745628494769,0.000469864433398,0.000447093538241,0.000476393004647,0.0007475251914,0.00051201734459,0.000473009684356,0.000468215002911,0.000377158168703,0.000292292359518,0.000303747481667,0.000349386944436,0.000327738758642,0.000342955958331,0.000393601396354,0.00026133452775,0.000160552968737,0.000102368547232,0.0000326239569404],"median":[0.000360453501344,0.00487505458295,0.000407056533732,0.000252427154919,0.00038641464198,0.000145400874317,0.0000944132189034,0.00011247585644,0.000387357489672,0.000189080834389,0.00016923333169,0.000196383320144,0.000451730651548,0.000192845764104,0.000229790995945,0.000238382373936,0.000189813115867,0.000123701742268,0.00010788525833,0.000126732309582,0.000163609860465,0.0001555934723,0.000135161244543,0.0000928850276978,0.0000419374046032,0.0000164453485922,0.00000413960697188],"min":[1.07673625571e-9,1.44693046433e-9,3.18704868052e-10,5.07159647611e-10,2.55686388728e-10,3.42322906133e-11,2.52715712939e-11,1.33265933011e-11,2.17765579874e-11,2.53118255522e-11,3.2562234159e-11,4.76511156922e-11,6.29874555291e-11,2.97634729363e-11,4.47510604962e-11,1.04326373929e-10,5.69108857262e-11,6.74207703555e-11,7.59097715242e-11,1.02630764998e-10,1.13164484727e-10,1.13890299969e-10,1.41628958561e-10,1.67956523689e-10,2.72295186399e-10,6.29094720761e-10,9.45901135196e-10],"var":[0.0000032698128507,0.000693477166351,0.000351558323018,0.0000520483117725,0.0000139748717629,0.00000130111857288,9.70013843471e-7,4.65341628342e-7,0.00000110066503112,6.04407205174e-7,5.91559114582e-7,6.24783922376e-7,9.212477039e-7,7.83022358064e-7,4.93903655752e-7,5.00356236444e-7,3.26949162854e-7,2.25173238277e-7,2.78527721775e-7,2.8297154131e-7,1.86737551644e-7,1.95464508579e-7,5.16874933965e-7,2.14407634758e-7,8.95911753673e-8,5.04064345819e-8,4.35245750552e-9]},"barkbands_crest":{"dmean":3.19529628754,"dmean2":5.03143930435,"dvar":9.62381458282,"dvar2":22.6495113373,"max":26.7681255341,"mean":12.3790330887,"median":11.4179878235,"min":1.86880707741,"var":38.1651954651},"barkbands_flatness_db":{"dmean":0.0323988571763,"dmean2":0.0507886484265,"dvar":0.00158892897889,"dvar2":0.00337888044305,"max":0.692522287369,"mean":0.14495550096,"median":0.109938696027,"min":0.0122288232669,"var":0.0117709506303},"barkbands_kurtosis":{"dmean":22.8745231628,"dmean2":37.4730682373,"dvar":29674.4941406,"dvar2":80733.859375,"max":7321.8359375,"mean":28.5748577118,"median":0.762022733688,"min":-1.93805909157,"var":30602.0917969},"barkbands_skewness":{"dmean":1.07552325726,"dmean2":1.68138182163,"dvar":4.68199634552,"dvar2":11.2929573059,"max":51.4001197815,"mean":2.14423251152,"median":1.1626418829,"min":-5.46957731247,"var":14.4120082855},"barkbands_spread":{"dmean":9.25766944885,"dmean2":15.1488332748,"dvar":148.292022705,"dvar2":362.382141113,"max":155.746490479,"mean":30.4365787506,"median":29.4745159149,"min":0.0210648775101,"var":442.68081665},"dissonance":{"dmean":0.0160371549428,"dmean2":0.0273718982935,"dvar":0.00063152203802,"dvar2":0.00173246627674,"max":0.500000059605,"mean":0.47671726346,"median":0.487264037132,"min":0.133940950036,"var":0.00120011495892},"dynamic_complexity":4.5409617424,"erbbands":{"dmean":[0.354338526726,2.64817595482,8.37901687622,10.8056917191,7.78187513351,5.35232591629,3.12753796577,3.68099021912,4.69414567947,5.54613542557,6.12445545197,11.6765899658,9.81010532379,10.6216468811,11.1374073029,12.354883194,20.8452320099,15.9048757553,13.5469284058,13.9535684586,12.4464931488,11.0819664001,9.61942863464,7.38155698776,9.4659986496,9.1640586853,7.26535701752,6.28414440155,5.99811410904,6.67160749435,5.69472455978,3.85164642334,2.54831600189,1.48491668701,0.521854460239,0.310570210218,0.105716340244,0.0240798443556,0.00396729726344,0.000340017257258],"dmean2":[0.58066123724,4.27631521225,15.4098167419,20.2342700958,14.5542593002,9.80705738068,5.50953435898,5.99110889435,7.83293962479,9.04393577576,10.0808782578,19.1754417419,16.2418022156,17.9448986053,18.7093982697,20.7769527435,35.5803527832,26.3158130646,21.9372653961,22.9074344635,20.2755794525,18.1534423828,16.2762432098,12.5612440109,15.5107469559,15.0384740829,12.008893013,10.4861984253,9.71706676483,11.3992538452,9.08703422546,6.0596165657,4.11905622482,2.50464916229,0.822874844074,0.488461405039,0.170435458422,0.0417673513293,0.00676729716361,0.000570968491957],"dvar":[0.416583895683,38.3319320679,644.845703125,1062.99047852,507.89956665,217.817779541,61.0320091248,63.4748039246,121.387832642,152.026916504,160.824111938,434.488311768,330.358947754,446.4793396,542.104614258,600.579223633,1047.92565918,903.499328613,636.456542969,633.001708984,688.369140625,452.918762207,488.129089355,277.619232178,605.291625977,380.971099854,191.778366089,135.380203247,95.0573883057,215.180664062,255.685089111,99.5980834961,29.4394435883,9.05005836487,1.4913110733,0.725039839745,0.063789896667,0.00293349358253,0.0000772597049945,5.09445897023e-7],"dvar2":[1.05334913731,93.364730835,1799.66540527,3035.82568359,1471.94604492,625.796020508,172.309814453,156.924942017,320.754974365,394.508972168,412.284057617,1128.70507812,868.176025391,1212.91137695,1443.73681641,1586.84204102,2861.06201172,2350.67163086,1584.37060547,1576.22888184,1646.18164062,1155.29223633,1286.9675293,723.697814941,1679.05712891,1007.31549072,473.526947021,339.233001709,221.692428589,533.985168457,646.659912109,239.162139893,65.6490707397,22.9341773987,3.35101151466,1.52033364773,0.135416790843,0.00622097915038,0.000165799836395,0.0000011804938822],"max":[7.31154203415,57.1635894775,197.564086914,285.800964355,212.264419556,213.879516602,116.055801392,165.829452515,222.919448853,230.168319702,271.715179443,492.308227539,359.086791992,425.248260498,601.581298828,494.696533203,553.237182617,634.649780273,619.78918457,537.528564453,1289.77893066,542.784240723,538.590270996,511.070800781,762.213500977,429.748413086,294.761077881,288.446655273,127.937026978,200.683990479,228.56854248,122.020118713,84.8445053101,35.2262611389,16.6940402985,11.9405555725,3.29994034767,0.738934457302,0.107598081231,0.00861424207687],"mean":[0.499491333961,3.16257238388,6.19052553177,7.5551276207,5.98724842072,4.62716960907,3.44011688232,5.35806322098,6.21534919739,7.64561128616,9.91794776917,18.3462543488,15.3248071671,16.1339187622,17.7123317719,21.3543128967,34.0063743591,27.100440979,24.3931026459,27.2980365753,24.6754722595,21.0011444092,17.4015235901,13.7116241455,16.9845809937,17.165014267,13.8859958649,12.3926095963,11.6806430817,12.5349245071,10.7133216858,6.88802623749,4.00363397598,2.15033864975,0.923056483269,0.552772700787,0.174842432141,0.0278576109558,0.00511908950284,0.00047433344298],"median":[0.167708128691,0.875419378281,0.758568525314,0.956498742104,1.16489934921,1.12022733688,0.953364312649,1.24164223671,1.48744821548,2.12096071243,3.65743303299,9.6287727356,6.86965465546,6.36069583893,7.48493289948,10.9190750122,21.240524292,12.5165882111,11.8125009537,15.5049448013,11.6917467117,10.8447961807,7.85909366608,5.4024720192,5.5230922699,6.45937585831,6.30577659607,5.96264266968,5.59100580215,4.81514215469,3.54647064209,2.26092195511,1.36261487007,0.605565845966,0.221833437681,0.0921079069376,0.0270804576576,0.00304002640769,0.000706522900146,0.000107265019324],"min":[5.79744003915e-8,2.82513013872e-7,0.00000117387992304,0.00000180263532457,0.00000194791459762,7.10723895736e-7,4.31678358837e-7,3.3798752952e-7,5.29893441126e-7,3.25624142761e-7,3.65191340279e-7,5.40493715562e-7,5.63103014883e-7,0.000001217371846,0.00000137424649438,0.00000193739992937,0.00000246028412221,0.00000192080960915,0.00000221223990593,0.00000260469050772,0.00000591107254877,0.00000464116237708,0.00000296707617053,0.00000264923573923,0.00000494515006721,0.00000435504534835,0.00000480991775476,0.00000385847943107,0.00000394066410081,0.00000432611886936,0.00000381567451768,0.00000242348050961,0.00000368235487258,0.0000032268214909,0.00000199094597519,0.00000142714327467,0.0000011625991192,4.35017085465e-7,1.00510554546e-7,3.05977394532e-8],"var":[0.653958976269,40.0244483948,397.47555542,614.636352539,289.663665771,139.596160889,57.1338844299,130.476013184,167.713317871,214.530380249,264.21496582,688.149902344,624.820251465,680.96661377,840.898498535,1049.71740723,1725.7376709,1641.46374512,1312.56396484,1355.00756836,1669.53161621,991.419494629,725.309570312,484.250671387,893.881774902,699.597167969,365.37689209,266.367095947,209.107788086,387.180999756,408.939971924,163.066070557,51.2788619995,14.9633665085,3.29940652847,1.70905637741,0.141488969326,0.00394937396049,0.000111449553515,8.88380668584e-7]},"erbbands_crest":{"dmean":2.53845858574,"dmean2":4.18883705139,"dvar":7.42949295044,"dvar2":19.0860271454,"max":34.2041511536,"mean":8.32040500641,"median":6.47814798355,"min":2.09730243683,"var":27.8836345673},"erbbands_flatness_db":{"dmean":0.0221295636147,"dmean2":0.0343724042177,"dvar":0.000777147710323,"dvar2":0.0016272647772,"max":0.543084025383,"mean":0.147652000189,"median":0.1215197891,"min":0.0152489123866,"var":0.00689466344193},"erbbands_kurtosis":{"dmean":2.28843927383,"dmean2":3.73137116432,"dvar":128.184753418,"dvar2":339.853363037,"max":319.067474365,"mean":1.94902014732,"median":0.0141404010355,"min":-1.89660978317,"var":148.844421387},"erbbands_skewness":{"dmean":0.464373886585,"dmean2":0.727629363537,"dvar":0.591384708881,"dvar2":1.45532917976,"max":15.1883144379,"mean":0.119665645063,"median":-0.0457998365164,"min":-5.21264696121,"var":1.51740980148},"erbbands_spread":{"dmean":12.1867341995,"dmean2":19.4497261047,"dvar":246.121276855,"dvar2":583.860778809,"max":171.345581055,"mean":42.3928604126,"median":37.5815200806,"min":0.665121138096,"var":752.535339355},"gfcc":{"cov":[[18119.7753906,-1206.74694824,-415.646484375,1193.42797852,-879.593505859,432.912689209,-614.434631348,9.99251270294,-437.925354004,156.722961426,-341.002258301,274.533111572,-251.881851196],[-1206.74694824,2086.0625,-329.98815918,-152.328262329,197.454650879,-246.680038452,124.813049316,-118.111595154,13.6112632751,-113.361694336,54.9668045044,-163.961288452,54.5421028137],[-415.646484375,-329.98815918,2433.92553711,1054.3671875,199.274307251,151.492965698,-188.430984497,-120.610435486,-100.28843689,30.5266170502,-18.073097229,129.436004639,44.6162490845],[1193.42797852,-152.328262329,1054.3671875,1273.34277344,167.004226685,253.569274902,-133.777099609,-23.8140182495,-77.0294036865,55.6158065796,16.9048614502,99.6509399414,93.5941162109],[-879.593505859,197.454650879,199.274307251,167.004226685,373.30355835,95.6684799194,125.912124634,38.0913124084,36.7859153748,11.2049388885,22.0005264282,-26.9471626282,18.3983669281],[432.912689209,-246.680038452,151.492965698,253.569274902,95.6684799194,311.675170898,93.130355835,94.7611846924,19.8431949615,42.6198959351,5.79903364182,19.852771759,7.04498815536],[-614.434631348,124.813049316,-188.430984497,-133.777099609,125.912124634,93.130355835,277.034118652,119.667976379,73.8530731201,22.9358978271,34.7811851501,-33.2010002136,-6.89681386948],[9.99251270294,-118.111595154,-120.610435486,-23.8140182495,38.0913124084,94.7611846924,119.667976379,177.554962158,84.5934066772,55.9908790588,24.5207099915,9.75914478302,2.08712649345],[-437.925354004,13.6112632751,-100.28843689,-77.0294036865,36.7859153748,19.8431949615,73.8530731201,84.5934066772,148.76423645,72.2738265991,55.74401474,5.69355964661,15.2349996567],[156.722961426,-113.361694336,30.5266170502,55.6158065796,11.2049388885,42.6198959351,22.9358978271,55.9908790588,72.2738265991,122.542106628,66.0537948608,43.3716201782,2.30655360222],[-341.002258301,54.9668045044,-18.073097229,16.9048614502,22.0005264282,5.79903364182,34.7811851501,24.5207099915,55.74401474,66.0537948608,106.766616821,45.7610054016,21.8508377075],[274.533111572,-163.961288452,129.436004639,99.6509399414,-26.9471626282,19.852771759,-33.2010002136,9.75914478302,5.69355964661,43.3716201782,45.7610054016,111.800209045,43.0374183655],[-251.881851196,54.5421028137,44.6162490845,93.5941162109,18.3983669281,7.04498815536,-6.89681386948,2.08712649345,15.2349996567,2.30655360222,21.8508377075,43.0374183655,92.267791748]],"icov":[[0.000130329295644,-0.0000946064756135,0.000141711978358,-0.000205379357794,0.000249189179158,-0.000181820883881,0.000118579460832,-0.0000710795284249,0.000208507961361,-0.000464099197416,0.000811196281575,-0.000717219896615,0.000645788852125],[-0.0000946064756135,0.000922779552639,-0.0000266505485342,-0.0000304763343593,-0.000461338640889,0.000858801067807,-0.00057895045029,0.00055615126621,-0.000169524631929,0.000953941373155,-0.00176978879608,0.0020273886621,-0.0013117728522],[0.000141711978358,-0.0000266505485342,0.000899828388356,-0.000811871315818,-0.0000816049287096,-0.0000420486212533,0.000106817213236,0.000500086636748,-0.0000658042554278,-0.00043536760495,0.00134552223608,-0.00158969534095,0.00125179730821],[-0.000205379357794,-0.0000304763343593,-0.000811871315818,0.00227888161317,-0.00085967843188,-0.00116492249072,0.0011390845757,-0.000440454168711,0.00107445439789,-0.000370719528291,-0.00160784681793,0.00148803566117,-0.00258768629283],[0.000249189179158,-0.000461338640889,-0.0000816049287096,-0.00085967843188,0.00462848227471,-0.000899028789718,-0.001671055099,0.000313538417686,-0.000270762684522,-0.000744836346712,0.00124687072821,-0.000161498144735,0.000721557415091],[-0.000181820883881,0.000858801067807,-0.0000420486212533,-0.00116492249072,-0.000899028789718,0.00642813835293,-0.00241973157972,-0.00137383735273,0.000227837808779,0.00022233389609,-0.000543682952411,0.00125451886561,-0.000762932235375],[0.000118579460832,-0.00057895045029,0.000106817213236,0.0011390845757,-0.001671055099,-0.00241973157972,0.00841352529824,-0.00437521142885,0.000396645598812,0.000631818547845,-0.0018498187419,0.000867083435878,0.000657005351968],[-0.0000710795284249,0.00055615126621,0.000500086636748,-0.000440454168711,0.000313538417686,-0.00137383735273,-0.00437521142885,0.0125855840743,-0.00512670120224,-0.00158923445269,0.00244062906131,-0.00142982730176,0.0000879960498423],[0.000208507961361,-0.000169524631929,-0.0000658042554278,0.00107445439789,-0.000270762684522,0.000227837808779,0.000396645598812,-0.00512670120224,0.015452362597,-0.00761821074411,-0.00239224382676,0.00333398487419,-0.00355603406206],[-0.000464099197416,0.000953941373155,-0.00043536760495,-0.000370719528291,-0.000744836346712,0.00022233389609,0.000631818547845,-0.00158923445269,-0.00761821074411,0.0212014392018,-0.0109972245991,-0.000903868000023,0.00272430176847],[0.000811196281575,-0.00176978879608,0.00134552223608,-0.00160784681793,0.00124687072821,-0.000543682952411,-0.0018498187419,0.00244062906131,-0.00239224382676,-0.0109972245991,0.0258769392967,-0.0129908015952,0.00444157002494],[-0.000717219896615,0.0020273886621,-0.00158969534095,0.00148803566117,-0.000161498144735,0.00125451886561,0.000867083435878,-0.00142982730176,0.00333398487419,-0.000903868000023,-0.0129908015952,0.0247647017241,-0.0128662195057],[0.000645788852125,-0.0013117728522,0.00125179730821,-0.00258768629283,0.000721557415091,-0.000762932235375,0.000657005351968,0.0000879960498423,-0.00355603406206,0.00272430176847,0.00444157002494,-0.0128662195057,0.0208259820938]],"mean":[-25.2597541809,54.4827270508,-108.620979309,34.9111099243,-39.7784309387,29.8321151733,-19.6589775085,10.4763641357,-10.3998041153,5.02270936966,-12.2180709839,-1.73012268543,-9.23289394379]},"hfc":{"dmean":10.5709257126,"dmean2":16.3264026642,"dvar":332.84286499,"dvar2":793.589904785,"max":204.327560425,"mean":24.9846420288,"median":16.7501487732,"min":0.00187283032574,"var":701.456115723},"melbands":{"dmean":[0.00298512796871,0.00397070636973,0.00178615795448,0.000457954854937,0.000128184139612,0.0000807758915471,0.0000726461075828,0.0000600962157478,0.0000559772233828,0.0000724638084648,0.0000494905798405,0.000043015119445,0.0000378384102078,0.0000351387716364,0.0000416380462411,0.0000429305182479,0.0000316749537888,0.000024656756068,0.000020536395823,0.0000183357642527,0.0000152665288624,0.0000121369239423,0.0000118157304314,0.00000781956077844,0.00000612306075709,0.00000698549001754,0.00000702652096152,0.00000622608240519,0.00000487250372316,0.0000041656430767,0.00000400668068323,0.00000353623340743,0.00000346297952092,0.00000401496254199,0.00000337155324814,0.00000291062838187,0.00000242220539803,0.000001823352477,0.00000180395170446,0.00000107846574338],"dmean2":[0.00487177632749,0.00687722396106,0.00333313178271,0.00085266190581,0.000227524476941,0.000130823726067,0.000120801829326,0.0000980019322014,0.0000922207691474,0.000118708943774,0.0000823293739813,0.0000727548249415,0.0000637669072603,0.0000592322758166,0.0000707526050974,0.0000727089864085,0.0000522970512975,0.0000399625168939,0.0000334151009156,0.0000302714488498,0.0000248844553425,0.0000200877220777,0.0000199632668227,0.0000134754782266,0.0000104407699837,0.0000117092558867,0.0000116167748274,0.0000102551657619,0.00000800380530563,0.00000702291481502,0.00000673385738992,0.00000584346935284,0.00000549629294255,0.00000699350312061,0.00000554990128876,0.00000469468886877,0.00000387945874536,0.00000293601965495,0.00000318569414048,0.00000179729943284],"dvar":[0.0000324107677443,0.000118709685921,0.000028319989724,0.00000172726106484,1.05813903417e-7,2.85551742252e-8,2.88494277356e-8,1.67445595167e-8,1.28302914959e-8,1.70159335511e-8,8.54223891622e-9,7.13914793948e-9,6.20130924389e-9,5.10320363745e-9,5.12093523142e-9,5.22864507246e-9,3.96202581854e-9,2.32824048929e-9,1.70375302755e-9,1.06407371803e-9,1.06369202335e-9,5.73204705923e-10,5.94605753523e-10,3.34709204797e-10,1.85334081415e-10,3.04004016405e-10,2.72120603828e-10,1.66586369699e-10,8.98958268936e-11,6.07669123354e-11,5.15842923932e-11,3.31943916798e-11,4.40553114822e-11,7.94460400244e-11,8.31703664272e-11,6.83712461647e-11,3.80803721889e-11,1.69675645062e-11,1.17625475332e-11,5.40650987521e-12],"dvar2":[0.0000760251132306,0.000315537210554,0.0000808132172097,0.0000050022808864,3.01345039588e-7,7.06194072109e-8,7.56106786071e-8,4.33576374803e-8,3.27118243604e-8,4.40018261827e-8,2.26118164193e-8,1.94155180822e-8,1.63972710965e-8,1.35825981573e-8,1.36981919141e-8,1.40156384276e-8,1.03048520828e-8,5.77053649309e-9,4.18748768993e-9,2.67415134481e-9,2.55120169435e-9,1.45570888677e-9,1.58005908357e-9,8.96997975897e-10,4.8280224263e-10,8.35806923671e-10,7.28216986712e-10,4.39019098852e-10,2.23947166367e-10,1.56637203208e-10,1.28210581041e-10,8.20076437313e-11,9.75438479989e-11,2.05312086776e-10,2.13865369858e-10,1.69325997668e-10,9.14629830207e-11,3.77251667405e-11,3.013533173e-11,1.34851947317e-11],"max":[0.0520648434758,0.0839926376939,0.0461260043085,0.0173750147223,0.00445894058794,0.00319792819209,0.00380377937108,0.0021936672274,0.00236059725285,0.00298996968195,0.00179317803122,0.0016767764464,0.00229361769743,0.00160173571203,0.00163989141583,0.00190823699813,0.00124398246408,0.00106396747287,0.000999701092951,0.000941769976635,0.00164827448316,0.000653118127957,0.000586970476434,0.000404394901125,0.000476223794976,0.00054090237245,0.000379132252419,0.000275898055406,0.000190222563106,0.000159945746418,0.000205978620215,0.0000826637406135,0.000105638704554,0.000118200878205,0.000132291053887,0.000121085242426,0.0000754490101826,0.0000655321273371,0.0000428125131293,0.0000327320121869],"mean":[0.00438451068476,0.00365250976756,0.00128794275224,0.000376885087462,0.000135077367304,0.000118488642329,0.0000970482797129,0.0000835406390252,0.0000896506899153,0.000113289686851,0.0000739967581467,0.0000632537630736,0.0000580948726565,0.0000551612974959,0.0000670796216582,0.0000684209735482,0.000049815796956,0.0000402197074436,0.0000367315624317,0.0000341109662259,0.0000278117404378,0.0000218133336602,0.0000193998894247,0.0000127274370243,0.0000106318766484,0.000011966090824,0.0000121780267364,0.00001108503875,0.00000874830675457,0.00000743684677218,0.00000724981555322,0.00000644764668323,0.0000067374653554,0.0000070208584475,0.00000602290629104,0.00000546588898942,0.00000398100928578,0.00000287723128167,0.00000229892316383,0.00000165866765656],"median":[0.00153842242435,0.000828823016491,0.000195413726033,0.0000929738744162,0.0000385192324757,0.0000278878178506,0.0000217289780267,0.0000240175832005,0.0000353955219907,0.0000582418288104,0.0000311242474709,0.0000240239278355,0.0000235212355619,0.000022582933525,0.0000404125348723,0.0000395431998186,0.0000195391821762,0.0000175172172021,0.0000175922650669,0.0000190797691175,0.0000122084948089,0.0000111957178888,0.00000867604467203,0.0000050757689678,0.00000399946748075,0.00000402786008635,0.00000388622356695,0.00000419355455961,0.00000376851699002,0.00000363432536687,0.00000333736988978,0.00000309934284815,0.00000277276330962,0.00000261476452579,0.00000202516639547,0.00000164962852978,0.00000120834192785,9.79528863354e-7,6.94132836543e-7,4.48603202585e-7],"min":[5.08223074736e-10,5.38181332832e-10,4.08797162788e-10,6.11765915703e-11,2.14596517639e-11,6.64246218793e-12,6.49251442539e-12,2.12233117365e-12,4.19817522759e-12,3.21210831371e-12,2.26317532423e-12,4.92508594671e-12,4.05095445036e-12,5.64953162377e-12,5.79554546715e-12,5.28595136412e-12,3.06313416472e-12,3.52504071939e-12,2.65711085946e-12,5.36251468577e-12,6.18572857866e-12,3.02916611065e-12,1.61471736589e-12,2.7019968294e-12,1.91792285179e-12,2.97714717462e-12,3.20518698388e-12,2.6482668055e-12,2.63410495673e-12,2.53460338655e-12,2.04649621902e-12,1.84550118243e-12,2.05402773783e-12,2.73750119795e-12,2.70588022475e-12,1.36224777118e-12,1.37738518508e-12,2.1507637251e-12,3.12239318602e-12,2.46316942537e-12],"var":[0.0000498946174048,0.00008850388258,0.0000164737557498,0.00000100666625258,8.68323084546e-8,5.92532600763e-8,4.06850340084e-8,2.41575204285e-8,2.15683417792e-8,2.74196541028e-8,1.56864352618e-8,1.06742392703e-8,9.70648095233e-9,8.44479774997e-9,8.23183654575e-9,8.7771345747e-9,6.84890322233e-9,4.40756231512e-9,3.20739457216e-9,2.25063301329e-9,2.44082976053e-9,1.20977539098e-9,8.7510482194e-10,4.56923748837e-10,3.12741582631e-10,4.65311844611e-10,4.33540453537e-10,2.94942181789e-10,1.58986226961e-10,1.04348807373e-10,9.75012848237e-11,6.57734075538e-11,9.45789280227e-11,1.28920818465e-10,1.22185067619e-10,1.18366982882e-10,5.83894252393e-11,2.8281741532e-11,1.57557196456e-11,9.9234726339e-12]},"melbands_crest":{"dmean":4.29939317703,"dmean2":7.08089399338,"dvar":16.2928562164,"dvar2":41.620891571,"max":38.4304122925,"mean":18.8639698029,"median":18.3301506042,"min":2.40264940262,"var":62.3630561829},"melbands_flatness_db":{"dmean":0.0408628173172,"dmean2":0.0639016032219,"dvar":0.00238894927315,"dvar2":0.0050260713324,"max":0.838544309139,"mean":0.215178146958,"median":0.180998235941,"min":0.014650230296,"var":0.0167938601226},"melbands_kurtosis":{"dmean":30.0544910431,"dmean2":48.3518600464,"dvar":8131.44921875,"dvar2":20711.2558594,"max":1817.23547363,"mean":50.7125358582,"median":7.70040082932,"min":-1.89014697075,"var":25187.6191406},"melbands_skewness":{"dmean":1.38472938538,"dmean2":2.15706586838,"dvar":3.74308013916,"dvar2":8.80704593658,"max":33.9567985535,"mean":3.78489422798,"median":2.59830236435,"min":-4.48646306992,"var":16.8938446045},"melbands_spread":{"dmean":11.4637537003,"dmean2":18.8243045807,"dvar":279.84677124,"dvar2":676.732788086,"max":261.375976562,"mean":30.387014389,"median":25.011598587,"min":0.126322358847,"var":734.97833252},"mfcc":{"cov":[[19075.03125,-1361.24414062,-533.044616699,256.395782471,-441.450134277,157.451431274,-296.576751709,-141.601211548,-164.373214722,-324.643951416,-175.700576782,25.4093570709,54.8851356506],[-1361.24414062,1735.5135498,-309.58605957,-26.8111057281,-54.597278595,-106.484405518,46.2543945312,-50.2489891052,-10.2672767639,27.5971240997,-27.6452445984,-24.596950531,-36.9670219421],[-533.044616699,-309.58605957,1720.26525879,766.091918945,435.160461426,289.507965088,20.7186203003,-33.1143493652,-51.1677589417,-109.644996643,-73.4427719116,-46.7716026306,43.6564826965],[256.395782471,-26.8111057281,766.091918945,843.275634766,374.024078369,260.121063232,88.1886138916,-6.123026371,-12.5509309769,-29.7975921631,-80.8119125366,-14.6636486053,78.8125839233],[-441.450134277,-54.597278595,435.160461426,374.024078369,357.148529053,185.957824707,62.5077857971,19.8617897034,13.3031768799,16.0750160217,-21.2898578644,-6.70129823685,28.9253959656],[157.451431274,-106.484405518,289.507965088,260.121063232,185.957824707,254.920639038,114.729026794,56.2185211182,25.48554039,24.9883346558,4.89913797379,6.50209188461,20.9406280518],[-296.576751709,46.2543945312,20.7186203003,88.1886138916,62.5077857971,114.729026794,194.955688477,104.116127014,58.2052764893,62.7616539001,29.0725574493,8.53381061554,19.3682956696],[-141.601211548,-50.2489891052,-33.1143493652,-6.123026371,19.8617897034,56.2185211182,104.116127014,140.236312866,76.5654907227,63.8369827271,31.4269180298,18.8791313171,15.0108070374],[-164.373214722,-10.2672767639,-51.1677589417,-12.5509309769,13.3031768799,25.48554039,58.2052764893,76.5654907227,123.365394592,70.290184021,30.5636997223,16.0047073364,6.44764232635],[-324.643951416,27.5971240997,-109.644996643,-29.7975921631,16.0750160217,24.9883346558,62.7616539001,63.8369827271,70.290184021,150.756271362,77.4722900391,46.241481781,28.9678287506],[-175.700576782,-27.6452445984,-73.4427719116,-80.8119125366,-21.2898578644,4.89913797379,29.0725574493,31.4269180298,30.5636997223,77.4722900391,119.660331726,65.2789001465,15.2650680542],[25.4093570709,-24.596950531,-46.7716026306,-14.6636486053,-6.70129823685,6.50209188461,8.53381061554,18.8791313171,16.0047073364,46.241481781,65.2789001465,106.322509766,61.1849327087],[54.8851356506,-36.9670219421,43.6564826965,78.8125839233,28.9253959656,20.9406280518,19.3682956696,15.0108070374,6.44764232635,28.9678287506,15.2650680542,61.1849327087,125.989723206]],"icov":[[0.0000725209829397,0.0000538009880984,0.0000784523508628,-0.000133537934744,0.000226774267503,-0.000228300850722,0.00018622665084,-0.000031439569284,0.00000187157093023,0.000123545280076,0.0000293869488814,-0.0000338551217283,-0.0000140785568874],[0.0000538009880984,0.000719234580174,0.000179007533006,-0.000255534861935,0.00010518093768,0.000366236286936,-0.000580526073463,0.00060542387655,0.0000413343550463,-0.000237400221522,0.000379942590371,-0.000200901660719,0.000321507628541],[0.0000784523508628,0.000179007533006,0.00128462794237,-0.000950252229813,-0.000327632616973,-0.000581925443839,0.000690023647621,-0.000215663167182,0.0000420632277383,0.00109475874342,-0.000874643097632,0.000617674959358,-0.000188653633813],[-0.000133537934744,-0.000255534861935,-0.000950252229813,0.00366621254943,-0.00212556752376,-0.000727278355043,-0.00121315498836,0.0012382400455,-0.00014589917555,-0.000460830837255,0.00198844121769,-0.000429581152275,-0.00125195633154],[0.000226774267503,0.00010518093768,-0.000327632616973,-0.00212556752376,0.00734117906541,-0.00338778784499,0.00135332799982,-0.000103043093986,-0.000179556998773,-0.00124049198348,0.000562026863918,0.0002370125585,0.000168335580383],[-0.000228300850722,0.000366236286936,-0.000581925443839,-0.000727278355043,-0.00338778784499,0.0102831115946,-0.00494367908686,-0.000303936598357,0.000467362202471,-0.00022033516143,-0.000374311581254,-0.0011296600569,0.00134903914295],[0.00018622665084,-0.000580526073463,0.000690023647621,-0.00121315498836,0.00135332799982,-0.00494367908686,0.0128091545776,-0.00730996113271,0.000182469055289,-0.000356589851435,-0.00223377696238,0.00291448854841,-0.00139098090585],[-0.000031439569284,0.00060542387655,-0.000215663167182,0.0012382400455,-0.000103043093986,-0.000303936598357,-0.00730996113271,0.0168261900544,-0.00617697089911,-0.0015514951665,0.00151957024354,-0.00141305592842,-0.000140359159559],[0.00000187157093023,0.0000413343550463,0.0000420632277383,-0.00014589917555,-0.000179556998773,0.000467362202471,0.000182469055289,-0.00617697089911,0.0142534133047,-0.0047735827975,0.000888353970367,-0.000211012389627,0.00112240226008],[0.000123545280076,-0.000237400221522,0.00109475874342,-0.000460830837255,-0.00124049198348,-0.00022033516143,-0.000356589851435,-0.0015514951665,-0.0047735827975,0.0151435919106,-0.00808980967849,0.00107125297654,-0.00243107997812],[0.0000293869488814,0.000379942590371,-0.000874643097632,0.00198844121769,0.000562026863918,-0.000374311581254,-0.00223377696238,0.00151957024354,0.000888353970367,-0.00808980967849,0.0203621741384,-0.0116216791794,0.0042447601445],[-0.0000338551217283,-0.000200901660719,0.000617674959358,-0.000429581152275,0.0002370125585,-0.0011296600569,0.00291448854841,-0.00141305592842,-0.000211012389627,0.00107125297654,-0.0116216791794,0.0219074264169,-0.00960225332528],[-0.0000140785568874,0.000321507628541,-0.000188653633813,-0.00125195633154,0.000168335580383,0.00134903914295,-0.00139098090585,-0.000140359159559,0.00112240226008,-0.00243107997812,0.0042447601445,-0.00960225332528,0.0135042415932]],"mean":[-671.055603027,88.8640670776,0.139385521412,17.0027656555,10.7397375107,21.5393676758,8.13712120056,12.5253791809,8.55034160614,11.8115587234,5.02862882614,5.8846821785,1.6241453886]},"pitch_salience":{"dmean":0.100140430033,"dmean2":0.162866532803,"dvar":0.0112198712304,"dvar2":0.0260122008622,"max":0.952592432499,"mean":0.485352635384,"median":0.513733804226,"min":0.010550159961,"var":0.0317994952202},"silence_rate_20dB":{"dmean":0,"dmean2":0,"dvar":0,"dvar2":0,"max":1,"mean":1,"median":1,"min":1,"var":0},"silence_rate_30dB":{"dmean":0.0752815306187,"dmean2":0.150572419167,"dvar":0.0696142166853,"dvar2":0.133997932076,"max":1,"mean":0.921736955643,"median":1,"min":0,"var":0.0721379294991},"silence_rate_60dB":{"dmean":0.030361475423,"dmean2":0.0607267282903,"dvar":0.0294396560639,"dvar2":0.0630121156573,"max":1,"mean":0.148998379707,"median":0,"min":0,"var":0.126797869802},"spectral_centroid":{"dmean":406.984466553,"dmean2":657.040710449,"dvar":261663.78125,"dvar2":591064.375,"max":10799.6181641,"mean":1838.35681152,"median":1843.2902832,"min":61.1272125244,"var":757956.0625},"spectral_complexity":{"dmean":4.26840019226,"dmean2":6.47212553024,"dvar":29.2775535583,"dvar2":56.6092262268,"max":67,"mean":20.7561893463,"median":19,"min":0,"var":247.381454468},"spectral_contrast_coeffs":{"dmean":[0.059266153723,0.0479042232037,0.0395390987396,0.0297424346209,0.0201044753194,0.0181711632758],"dmean2":[0.0951073840261,0.0784128084779,0.0656325668097,0.0490471459925,0.0333048328757,0.0285438802093],"dvar":[0.00316007924266,0.00153418828268,0.00105412397534,0.000605565088335,0.000322448118823,0.000335727265337],"dvar2":[0.0072445361875,0.00395487900823,0.00276487716474,0.00156554917339,0.000791694619693,0.000708204403054],"max":[-0.318650126457,-0.375512123108,-0.436629384756,-0.465431302786,-0.525052309036,-0.551451981068],"mean":[-0.710196137428,-0.768475174904,-0.79533135891,-0.79781383276,-0.811960577965,-0.767983317375],"median":[-0.720214724541,-0.781079769135,-0.804080605507,-0.802253007889,-0.813670158386,-0.762542665005],"min":[-0.965915620327,-0.971341192722,-0.973817408085,-0.959933102131,-0.963596701622,-0.959904372692],"var":[0.00863956753165,0.00578853115439,0.00500072725117,0.00311496248469,0.00152259552851,0.00218468764797]},"spectral_contrast_valleys":{"dmean":[0.554037630558,0.526701211929,0.409731686115,0.347656190395,0.349695593119,0.429962068796],"dmean2":[0.884620368481,0.841631472111,0.656868994236,0.551233887672,0.549711406231,0.658054351807],"dvar":[0.359867870808,0.340154290199,0.228900417686,0.206999465823,0.254633694887,0.450559794903],"dvar2":[0.838186979294,0.758856832981,0.498105198145,0.431563019753,0.511537134647,0.939537167549],"max":[-4.95477628708,-4.75711870193,-4.97001266479,-5.17602109909,-5.04556751251,-7.51332616806],"mean":[-7.59893798828,-7.58554267883,-7.60329627991,-7.65263938904,-7.68013238907,-9.96535587311],"median":[-7.12856674194,-7.22221946716,-7.18783378601,-7.17418861389,-7.2494096756,-9.44860267639],"min":[-27.2105960846,-27.3172168732,-27.2038669586,-27.2322769165,-27.1694374084,-27.2145748138],"var":[2.37932133675,2.18000149727,2.19484114647,2.13118815422,2.35903978348,2.54929447174]},"spectral_decrease":{"dmean":5.21806420295e-9,"dmean2":8.32334468015e-9,"dvar":1.21827663543e-16,"dvar2":2.9331721289e-16,"max":5.46028778019e-15,"mean":-8.40589287066e-9,"median":-4.54958071217e-9,"min":-8.95496228281e-8,"var":1.46416672659e-16},"spectral_energy":{"dmean":0.0203727725893,"dmean2":0.0323489829898,"dvar":0.00179355288856,"dvar2":0.00430161785334,"max":0.344821155071,"mean":0.0339919738472,"median":0.019632216543,"min":1.49262845639e-7,"var":0.00219385279343},"spectral_energyband_high":{"dmean":0.00087072752649,"dmean2":0.00136297207791,"dvar":0.00000296502025776,"dvar2":0.00000703506657374,"max":0.0201699156314,"mean":0.00179888342973,"median":0.000845798582304,"min":1.77864514228e-8,"var":0.00000592802189203},"spectral_energyband_low":{"dmean":0.0174829419702,"dmean2":0.0284538026899,"dvar":0.00152636424173,"dvar2":0.0037739770487,"max":0.303436130285,"mean":0.0228933729231,"median":0.00815783441067,"min":3.79445941334e-9,"var":0.00169101904612},"spectral_energyband_middle_high":{"dmean":0.00165798165835,"dmean2":0.00272129988298,"dvar":0.00000840998018248,"dvar2":0.0000217080742004,"max":0.0429849885404,"mean":0.0046712947078,"median":0.00327179068699,"min":9.74368252749e-10,"var":0.0000236640644289},"spectral_energyband_middle_low":{"dmean":0.00558974919841,"dmean2":0.0101718092337,"dvar":0.000223269264097,"dvar2":0.000639295845758,"max":0.129836797714,"mean":0.00602070754394,"median":0.00291756028309,"min":2.4266606502e-9,"var":0.00013980762742},"spectral_entropy":{"dmean":0.206849649549,"dmean2":0.324208378792,"dvar":0.111431919038,"dvar2":0.235344529152,"max":9.804271698,"mean":7.81208562851,"median":8.07916259766,"min":3.93382072449,"var":0.589855492115},"spectral_flux":{"dmean":0.0398051887751,"dmean2":0.0614475049078,"dvar":0.00469894567505,"dvar2":0.00779346190393,"max":0.540501832962,"mean":0.101799882948,"median":0.0742782503366,"min":0.00030820388929,"var":0.00941951666027},"spectral_kurtosis":{"dmean":2.08424544334,"dmean2":3.41462278366,"dvar":29.2522163391,"dvar2":72.3831481934,"max":232.8984375,"mean":5.44010210037,"median":2.57000946999,"min":-1.1808732748,"var":102.837020874},"spectral_rms":{"dmean":0.00132650509477,"dmean2":0.00202943501063,"dvar":0.00000441895736003,"dvar2":0.00000958257351158,"max":0.0183415077627,"mean":0.00481603480875,"median":0.00437645800412,"min":0.0000120674058053,"var":0.00000996870767267},"spectral_rolloff":{"dmean":867.559143066,"dmean2":1502.96447754,"dvar":2075986.125,"dvar2":4994522,"max":21339.4042969,"mean":2071.61083984,"median":1464.2578125,"min":43.06640625,"var":5264925},"spectral_skewness":{"dmean":0.26057779789,"dmean2":0.415033251047,"dvar":0.203976735473,"dvar2":0.45558103919,"max":13.2856111526,"mean":1.4968380928,"median":1.2354632616,"min":-0.178826674819,"var":0.883123397827},"spectral_spread":{"dmean":799239.375,"dmean2":1263121.375,"dvar":1241642565630,"dvar2":2583256367100,"max":40031216,"mean":5311841.5,"median":4900158.5,"min":525229.6875,"var":4897129889790},"spectral_strongpeak":{"dmean":0.276040107012,"dmean2":0.469734787941,"dvar":0.305973649025,"dvar2":0.801618099213,"max":7.86747455597,"mean":0.470702618361,"median":0.284566104412,"min":0,"var":0.409719139338},"zerocrossingrate":{"dmean":0.014248073101,"dmean2":0.0172087848186,"dvar":0.000300155428704,"dvar2":0.000346415588865,"max":0.5087890625,"mean":0.0746385008097,"median":0.06640625,"min":0.001953125,"var":0.00288741197437}},"metadata":{"audio_properties":{"analysis_sample_rate":44100,"bit_rate":0,"codec":"flac","downmix":"mix","equal_loudness":0,"length":373.200012207,"lossless":true,"md5_encoded":"1f1424933a73562ff189ccee6b9c1e57","replay_gain":-11.4841251373},"tags":{"album":["The Downward Spiral"],"albumartist":["Nine Inch Nails"],"albumartistsort":["Nine Inch Nails"],"artist":["Nine Inch Nails"],"artistsort":["Nine Inch Nails"],"barcode":["731452212627"],"date":["1994-12-16"],"discnumber":["1"],"disctotal":["1"],"engineer":["Chris Vrenna","Alan Moulder","Sean Beavan","John Aguto","Brian Pollack","Bill Kennedy"],"file_name":"05. Closer.flac","mixer":["Chris Vrenna","Charlie Clouser","Trent Reznor"],"musicbrainz_albumartistid":["b7ffd2af-418f-4be2-bdd1-22f8b48613da"],"musicbrainz_albumid":["c2186639-2db4-4129-8927-39b86d5fb57a"],"musicbrainz_artistid":["b7ffd2af-418f-4be2-bdd1-22f8b48613da"],"musicbrainz_recordingid":["13dd61c7-ce73-4e97-9f0c-9f0e53144411"],"originaldate":["1994-03-08"],"title":["Closer"],"totaldiscs":["1"],"totaltracks":["14"],"tracknumber":["5"],"tracktotal":["14"]},"version":{"essentia":"2.1-beta1","essentia_build_sha":"dbf9221a02c8614ba002a04270c5f9c8cf066e4e","essentia_git_sha":"v2.1_beta1-6-g5578087","extractor":"music 1.0"}},"rhythm":{"beats_count":580,"beats_loudness":{"dmean":0.0312969461083,"dmean2":0.0560340210795,"dvar":0.000899563077837,"dvar2":0.00282747158781,"max":0.255084753036,"mean":0.113122060895,"median":0.120994642377,"min":0.000258212705376,"var":0.00209855404682},"beats_loudness_band_ratio":{"dmean":[0.0840736851096,0.0144185489044,0.0334128588438,0.0386082306504,0.0255712848157,0.0407712496817],"dmean2":[0.158069908619,0.0252430867404,0.0582005903125,0.0682271048427,0.0444558896124,0.0810079574585],"dvar":[0.00448708701879,0.00252314656973,0.00521251605824,0.00576152605936,0.00201778346673,0.000457746064058],"dvar2":[0.0128763085231,0.00566210690886,0.0132222194225,0.01606