{"lowlevel":{"average_loudness":0.95491284132,"barkbands":{"dmean":[0.0000424078389187,0.00224354839884,0.00121043028776,0.00125065317843,0.00203323690221,0.00211059371941,0.00122731761076,0.000490274862386,0.00143760768697,0.000743308803067,0.000352704460965,0.000314257136779,0.000115735834697,0.00018161413027,0.00019876602164,0.000147482176544,0.000104510872916,0.000307148555294,0.000356392207323,0.000205095944693,0.0000462954703835,0.0000243255908572,0.0000289360395982,0.0000350474147126,0.0000290748666885,0.00000728174472897,0.00000105570381947],"dmean2":[0.0000722791883163,0.00362509768456,0.00206511071883,0.00214372319169,0.00340892374516,0.00335896969773,0.00207072077319,0.000806536059827,0.00232871365733,0.00121764373034,0.000565847149119,0.000501377915498,0.000184963428183,0.000290069030598,0.000320477382047,0.000233977392782,0.000163525808603,0.00048951379722,0.000557143823244,0.000320763443597,0.0000728921804694,0.0000361573765986,0.0000407126281061,0.000049737856898,0.0000413828529418,0.0000102301264633,0.00000163939785125],"dvar":[5.13215248077e-9,0.0000149405686898,0.00000502141392644,0.00000750458002585,0.0000136049175126,0.0000139758376463,0.000015088325199,0.00000127458167754,0.0000131594015329,0.00000643944804324,0.00000188018339031,0.00000123625000015,2.01240027309e-7,3.04907501913e-7,2.49330923907e-7,1.33381789169e-7,4.8789924989e-8,8.54789050209e-7,8.27974133699e-7,3.14447731853e-7,1.38408102757e-8,3.80807474443e-9,9.47832656806e-9,1.08546425182e-8,8.40328517882e-9,3.19196252763e-10,7.49415633716e-12],"dvar2":[1.35881537133e-8,0.0000389279084629,0.0000137920924317,0.0000190891569218,0.0000357675198757,0.000035868393752,0.0000415185022575,0.00000337112396664,0.0000350423870259,0.0000188404737855,0.00000508985704073,0.00000311682629217,3.79889314672e-7,7.46719479139e-7,6.00287592079e-7,3.15065221912e-7,1.16549848883e-7,0.00000198550105779,0.00000199549253921,7.71186194015e-7,3.02784606276e-8,6.85601531103e-9,1.59271760225e-8,1.73411560667e-8,1.61139013244e-8,6.27940477393e-10,1.76484417358e-11],"max":[0.0012160455808,0.047941043973,0.0261921882629,0.041596122086,0.0486294440925,0.0523753985763,0.0670521557331,0.0245766136795,0.05820068717,0.0672725141048,0.0403744839132,0.0333768650889,0.0179075710475,0.0131982685998,0.0146919935942,0.00801851414144,0.00510885147378,0.0265938062221,0.0234035681933,0.0225031934679,0.00521490629762,0.00234295451082,0.00409191381186,0.00421842653304,0.00362901575863,0.000506680516992,0.0000643316379865],"mean":[0.0000536656370969,0.00383957359008,0.00170516909566,0.00149600196164,0.00328213954344,0.0034166413825,0.00148883694783,0.000789024168625,0.0022250150796,0.00107478606515,0.000532759004273,0.000536405656021,0.000168459911947,0.000285499467282,0.000339722784702,0.000248104595812,0.000194217820535,0.000552955141757,0.000658858509269,0.000444491859525,0.0000924064443097,0.0000578875697101,0.0000683643374941,0.0000858289422467,0.000060272126575,0.0000127618868646,0.00000122528149404],"median":[0.0000240325134655,0.00156651134603,0.000726917525753,0.00045793724712,0.00203710887581,0.00191516103223,0.000365781103028,0.000242249487201,0.000321675324813,0.000123857200379,0.0000886401976459,0.000112433663162,0.0000495659733133,0.0000614697637502,0.000112457921205,0.0000828942793305,0.0000861341177369,0.000177408859599,0.000284157664282,0.000181111885468,0.000052080151363,0.0000386989850085,0.000039049769839,0.0000452889216831,0.0000295721383736,0.00000554180678591,3.6589847241e-7],"min":[3.68358648997e-25,1.24380744167e-24,4.27705788884e-25,8.02909137436e-25,6.682294e-24,5.93250734757e-24,4.48431531447e-24,1.20768222705e-23,1.50137569426e-23,1.61145523824e-23,1.19477875033e-23,1.71717585241e-23,2.61856192819e-23,3.06298407408e-23,3.39081573363e-23,3.33337246023e-23,5.35147019122e-23,9.29831863597e-23,1.1692217396e-22,1.77772543917e-22,2.55630515176e-22,2.84226533664e-22,3.41847685728e-22,5.68325991303e-22,8.00159463355e-22,1.34758919823e-21,1.99507360746e-21],"var":[7.03214952935e-9,0.0000307413647533,0.0000068688277679,0.00000974196427705,0.0000165249548445,0.0000214241481444,0.0000154084591486,0.00000274719695881,0.0000266203278443,0.0000102843605418,0.000003018215466,0.0000024210569336,3.81035562214e-7,6.54090172247e-7,5.8139119119e-7,2.76519671161e-7,1.25975802234e-7,0.0000017501157572,0.00000158014381668,0.0000011466623846,2.61513211086e-8,8.70650307405e-9,2.61390855627e-8,3.84050657942e-8,1.92976497004e-8,6.67548905042e-10,8.17939813103e-12]},"barkbands_crest":{"dmean":2.84152817726,"dmean2":4.72053098679,"dvar":6.2384262085,"dvar2":16.7334632874,"max":25.8829135895,"mean":10.2998952866,"median":9.51984977722,"min":3.11982679367,"var":15.0814008713},"barkbands_flatness_db":{"dmean":0.0199978686869,"dmean2":0.0319767482579,"dvar":0.000311831885483,"dvar2":0.000807137810625,"max":0.349871277809,"mean":0.136290088296,"median":0.132716566324,"min":0.0238391198218,"var":0.00143828976434},"barkbands_kurtosis":{"dmean":3.16205358505,"dmean2":5.08554458618,"dvar":31.6478118896,"dvar2":70.7610321045,"max":270.876617432,"mean":5.53092288971,"median":2.74374222755,"min":-1.89848840237,"var":126.0625},"barkbands_skewness":{"dmean":0.539227306843,"dmean2":0.839302718639,"dvar":0.307157635689,"dvar2":0.707027196884,"max":14.5415430069,"mean":1.69972765446,"median":1.59467291832,"min":-3.27687144279,"var":1.8764603138},"barkbands_spread":{"dmean":5.62982606888,"dmean2":8.81310081482,"dvar":35.9045677185,"dvar2":79.2537078857,"max":102.38508606,"mean":21.550661087,"median":19.1853179932,"min":0.949341773987,"var":153.519683838},"dissonance":{"dmean":0.0189595203847,"dmean2":0.0318803936243,"dvar":0.000319281039992,"dvar2":0.000907994457521,"max":0.5,"mean":0.463672190905,"median":0.469404041767,"min":0.282174855471,"var":0.000669878383633},"dynamic_complexity":2.74252319336,"erbbands":{"dmean":[0.0541645213962,0.546492874622,1.19406247139,2.99405217171,5.36386299133,7.91388082504,10.1241140366,18.6365604401,19.9331207275,12.6811275482,14.30382061,35.5181732178,30.6968135834,16.0917491913,9.8888463974,12.3049430847,5.61825180054,9.0636920929,8.01547527313,7.62220716476,8.20163345337,5.66131925583,13.6189594269,22.6137676239,11.7440433502,9.79073429108,3.89526891708,1.18765890598,0.85603928566,0.878545403481,0.820258140564,0.767638087273,0.621909856796,0.428457885981,0.144833132625,0.0440683141351,0.01134110149,0.00227636727504,0.000156641370268,0.0000111884719445],"dmean2":[0.0864810347557,0.889593839645,2.01981472969,5.17645263672,8.9985370636,13.1460371017,15.9300994873,29.8489322662,34.0399398804,20.57995224,23.1440391541,57.6849861145,50.2536239624,25.7894897461,15.8443489075,19.5104312897,8.80572509766,14.5507831573,12.7489213943,12.0660648346,12.9122600555,8.77645206451,21.1973361969,35.5652503967,18.319694519,15.2255430222,6.15311861038,1.85193431377,1.29032301903,1.27815198898,1.15944743156,1.08257770538,0.907394647598,0.618932902813,0.205949902534,0.0612579844892,0.0163360442966,0.00336383888498,0.000243635513471,0.0000174879423867],"dvar":[0.00967893563211,0.875845193863,3.81649184227,41.7405052185,136.38822937,219.946853638,266.294250488,1445.18469238,4914.04052734,949.986816406,1104.27661133,8904.12988281,8893.42675781,2253.67089844,993.621765137,2164.09667969,473.021026611,681.044921875,393.320709229,323.860931396,437.400146484,136.169754028,2255.22021484,4111.14990234,739.637329102,700.360107422,131.785614014,9.69974422455,3.74773979187,8.12777233124,7.02823019028,6.2665309906,3.25801277161,1.93810355663,0.202207684517,0.0142808556557,0.000680794299114,0.0000303945744236,1.72994305103e-7,2.22098242575e-10],"dvar2":[0.0237321071327,2.3329102993,10.4037790298,111.961959839,345.515380859,572.252624512,656.945373535,3696.24926758,13999.5742188,2319.95214844,2829.14672852,23689.3613281,26192.9101563,5891.46923828,2599.2097168,5538.24560547,938.882446289,1666.44384766,977.024719238,783.901977539,1052.23913574,321.941223145,5251.42822266,9742.87597656,1741.54528809,1627.67272949,335.732299805,20.806344986,7.0632314682,14.510099411,11.5187988281,10.4527158737,5.6505279541,3.75181603432,0.417301565409,0.0274030640721,0.00141111679841,0.000067190892878,4.18830808258e-7,5.18060205845e-10],"max":[1.54431152344,10.3221092224,25.2484512329,78.0665512085,163.585968018,257.274658203,281.8152771,664.010620117,1420.21691895,715.971069336,710.401000977,1677.11279297,2315.12036133,1087.02734375,928.82019043,1553.1854248,937.327209473,731.262390137,497.772888184,477.362304688,538.19921875,345.585968018,1724.1451416,1643.42358398,1078.03552246,1266.86877441,418.00567627,81.6431350708,52.6589584351,129.984283447,112.788078308,109.552017212,92.061050415,64.9295043945,15.3649768829,4.17660093307,0.580806195736,0.125163421035,0.00808423478156,0.000168778919033],"mean":[0.0920927971601,0.930083572865,1.92649507523,3.76383328438,7.5450091362,12.8053922653,18.8545398712,27.6939792633,23.4006824493,17.5496730804,24.7245502472,53.9488372803,46.5449180603,26.2034835815,16.6030883789,22.2182788849,9.67220783234,14.7170114517,14.2802238464,14.6245536804,15.1554679871,11.8462600708,25.5682067871,41.9186248779,24.3221321106,20.7800178528,8.42110061646,2.62801527977,2.00016593933,2.03243613243,1.92998826504,1.80585801601,1.4545224905,0.883534550667,0.296928673983,0.0813258737326,0.0188960395753,0.00326184276491,0.000193086467334,0.0000327978304995],"median":[0.0303619615734,0.393095105886,0.967346191406,1.41346466541,3.1062746048,7.22177314758,10.7463989258,14.2286062241,7.71072673798,5.65969657898,8.53379631042,8.23237609863,7.28643417358,5.79238891602,4.5475153923,4.70831918716,3.2178735733,3.8243560791,5.11054897308,5.88494777679,5.70782089233,5.57677984238,8.96455764771,15.9927568436,11.1580753326,8.64400959015,4.08576869965,1.59795606136,1.34939813614,1.2392551899,1.08933711052,0.939746379852,0.77100110054,0.436193704605,0.140431731939,0.0352716296911,0.00814437121153,0.00124206626788,0.0000675442788634,0.0000298277700495],"min":[2.3127252884e-23,4.46353151174e-22,1.51265121135e-21,3.39615923759e-21,1.42801892168e-20,1.8160924832e-20,2.22518644893e-20,6.50087059519e-20,7.19041352369e-20,1.33111455136e-19,3.41039199478e-19,3.66184585371e-19,4.45229654514e-19,5.51231402447e-19,5.35261956938e-19,9.95730759877e-19,1.27250218751e-18,2.12954650172e-18,1.90817104952e-18,2.3398770248e-18,2.72730629664e-18,3.48066682978e-18,4.96540350335e-18,5.57736991849e-18,6.29634041767e-18,8.45368825298e-18,7.99978695391e-18,9.74564428093e-18,1.06961641403e-17,1.14590364233e-17,9.67764258996e-18,1.08400199478e-17,8.94885428409e-18,7.81448278027e-18,6.39537337573e-18,4.1695436711e-18,2.17359511011e-18,1.00996674501e-18,2.61360897727e-19,2.69114003447e-20],"var":[0.023218691349,1.70411384106,6.5633430481,43.7687492371,176.082931519,300.144378662,601.567382813,2053.40576172,3831.55493164,1516.49829102,2422.50561523,17487.7246094,14144.1953125,4293.52294922,1880.20568848,4567.08203125,949.357116699,1462.02783203,880.245239258,807.944213867,955.593933105,391.917144775,4477.94238281,7720.87988281,1960.91503906,2224.70532227,379.815246582,19.885477066,8.50151062012,19.178401947,19.4849205017,19.0184059143,10.9597520828,4.38019180298,0.446011006832,0.032468367368,0.00128143723123,0.000041229170165,1.7901201943e-7,4.49604825592e-10]},"erbbands_crest":{"dmean":3.21054720879,"dmean2":5.25625133514,"dvar":9.56784152985,"dvar2":25.0589504242,"max":31.2899284363,"mean":10.6032333374,"median":9.41180229187,"min":2.71812558174,"var":25.8465480804},"erbbands_flatness_db":{"dmean":0.0175360944122,"dmean2":0.0268855523318,"dvar":0.000270298565738,"dvar2":0.000646990956739,"max":0.321781277657,"mean":0.153824090958,"median":0.152153372765,"min":0.0459896884859,"var":0.00153717235662},"erbbands_kurtosis":{"dmean":1.21258604527,"dmean2":1.98273766041,"dvar":3.77160000801,"dvar2":9.79185676575,"max":33.0990905762,"mean":0.539414286613,"median":-0.354943573475,"min":-1.83226907253,"var":8.19248580933},"erbbands_skewness":{"dmean":0.458284378052,"dmean2":0.719376623631,"dvar":0.194546580315,"dvar2":0.484780818224,"max":5.0478515625,"mean":0.450663000345,"median":0.500051259995,"min":-4.13583230972,"var":0.993098914623},"erbbands_spread":{"dmean":8.58102607727,"dmean2":13.323513031,"dvar":65.517829895,"dvar2":151.619110107,"max":139.47177124,"mean":44.1826667786,"median":42.2734451294,"min":3.66842103004,"var":369.887145996},"gfcc":{"cov":[[26866.3828125,1663.52783203,-2723.59936523,498.571716309,-1386.98132324,81.9308319092,-756.334960938,497.099975586,-695.731933594,-103.516403198,-173.912063599,-205.968704224,-102.079101563],[1663.52783203,661.128662109,-103.920661926,124.459320068,-22.2438354492,16.4987564087,5.997133255,-12.3582029343,-7.39583063126,-49.8453826904,12.7689361572,-80.1820602417,17.4426841736],[-2723.59936523,-103.920661926,1034.59301758,100.220092773,195.267532349,53.9074630737,8.22390460968,-20.5227680206,118.500869751,63.8026885986,-42.1793022156,83.5350799561,-94.6510772705],[498.571716309,124.459320068,100.220092773,374.074493408,82.5776519775,-44.3829421997,-46.7956695557,39.6839027405,19.2877864838,-16.7393741608,4.48492431641,33.6155357361,-7.69798135757],[-1386.98132324,-22.2438354492,195.267532349,82.5776519775,302.705108643,11.2488336563,71.7032852173,-11.4600887299,50.0750083923,11.0138530731,-5.22854709625,37.938621521,-20.3418331146],[81.9308319092,16.4987564087,53.9074630737,-44.3829421997,11.2488336563,215.016769409,81.1468734741,-0.135839700699,-10.5726280212,23.0647220612,23.9752826691,-31.7201652527,6.17251729965],[-756.334960938,5.997133255,8.22390460968,-46.7956695557,71.7032852173,81.1468734741,200.497848511,36.3452835083,23.7986984253,-0.363070815802,22.3949203491,-28.1023731232,26.2597618103],[497.099975586,-12.3582029343,-20.5227680206,39.6839027405,-11.4600887299,-0.135839700699,36.3452835083,154.773269653,50.0770111084,-9.79734230042,-10.5396242142,14.1054563522,10.5771398544],[-695.731933594,-7.39583063126,118.500869751,19.2877864838,50.0750083923,-10.5726280212,23.7986984253,50.0770111084,120.00806427,22.9031162262,-1.10436582565,19.4541854858,2.56316876411],[-103.516403198,-49.8453826904,63.8026885986,-16.7393741608,11.0138530731,23.0647220612,-0.363070815802,-9.79734230042,22.9031162262,105.599754333,36.6554069519,26.6985034943,-19.0238552094],[-173.912063599,12.7689361572,-42.1793022156,4.48492431641,-5.22854709625,23.9752826691,22.3949203491,-10.5396242142,-1.10436582565,36.6554069519,113.762359619,18.3363437653,25.7266864777],[-205.968704224,-80.1820602417,83.5350799561,33.6155357361,37.938621521,-31.7201652527,-28.1023731232,14.1054563522,19.4541854858,26.6985034943,18.3363437653,113.919883728,-1.67543792725],[-102.079101563,17.4426841736,-94.6510772705,-7.69798135757,-20.3418331146,6.17251729965,26.2597618103,10.5771398544,2.56316876411,-19.0238552094,25.7266864777,-1.67543792725,92.7196731567]],"icov":[[0.000211696402403,-0.000516956381034,0.000467316189315,-0.000252925616223,0.000473950669402,-0.000500381051097,0.000644636282232,-0.00103932246566,0.00101714930497,-0.000644407060463,0.000629797053989,-0.000375034549506,0.00051779061323],[-0.000516956381034,0.00319942971691,-0.000978839583695,-0.000251796649536,-0.000942859216593,0.000998278032057,-0.0016246039886,0.00303737912327,-0.00304614240304,0.00229426496662,-0.0020093396306,0.00221271370538,-0.00119840388652],[0.000467316189315,-0.000978839583695,0.00257377279922,-0.000971527479123,0.000735886220355,-0.00185846118256,0.00133289780933,-0.00141769147012,0.000661543395836,-0.00150427338667,0.00208651414141,-0.00176416663453,0.00237700366415],[-0.000252925616223,-0.000251796649536,-0.000971527479123,0.00416796794161,-0.00202012946829,0.00108205049764,0.000824321934488,-0.000594337354414,-0.000437313021393,0.00130427372642,-0.00168323726393,0.000127030711155,-0.000808670243714],[0.000473950669402,-0.000942859216593,0.000735886220355,-0.00202012946829,0.00635280134156,-0.00106133159716,-0.00148732215166,-0.000146521182614,0.000491317478009,-0.00097109383205,0.00220581702888,-0.00268753594719,0.00231157778762],[-0.000500381051097,0.000998278032057,-0.00185846118256,0.00108205049764,-0.00106133159716,0.00760691007599,-0.00369787029922,0.00181876553688,-0.00046548518003,-0.000201248461963,-0.00232861796394,0.00265084160492,-0.00177986675408],[0.000644636282232,-0.0016246039886,0.00133289780933,0.000824321934488,-0.00148732215166,-0.00369787029922,0.0106122363359,-0.0059853750281,0.0029205402825,-0.00143095769454,0.0000225964540732,0.00145445822272,-0.000312790187309],[-0.00103932246566,0.00303737912327,-0.00141769147012,-0.000594337354414,-0.000146521182614,0.00181876553688,-0.0059853750281,0.0149919791147,-0.00996156316251,0.00459305895492,-0.00134598265868,-0.000488994002808,-0.00179810530972],[0.00101714930497,-0.00304614240304,0.000661543395836,-0.000437313021393,0.000491317478009,-0.00046548518003,0.0029205402825,-0.00996156316251,0.0182555671781,-0.00658629043028,0.00325877009891,-0.0010988652939,-1.67696128983e-7],[-0.000644407060463,0.00229426496662,-0.00150427338667,0.00130427372642,-0.00097109383205,-0.000201248461963,-0.00143095769454,0.00459305895492,-0.00658629043028,0.016084657982,-0.00678831664845,-0.00100249843672,0.00246095936745],[0.000629797053989,-0.0020093396306,0.00208651414141,-0.00168323726393,0.00220581702888,-0.00232861796394,0.0000225964540732,-0.00134598265868,0.00325877009891,-0.00678831664845,0.0145119335502,-0.00384650216438,-0.00173127802555],[-0.000375034549506,0.00221271370538,-0.00176416663453,0.000127030711155,-0.00268753594719,0.00265084160492,0.00145445822272,-0.000488994002808,-0.0010988652939,-0.00100249843672,-0.00384650216438,0.0139695871621,-0.00259736087173],[0.00051779061323,-0.00119840388652,0.00237700366415,-0.000808670243714,0.00231157778762,-0.00177986675408,-0.000312790187309,-0.00179810530972,-1.67696128983e-7,0.00246095936745,-0.00173127802555,-0.00259736087173,0.0157977920026]],"mean":[-21.6874828339,86.0916137695,-107.214431763,41.5812644958,-64.010269165,3.93088769913,-42.3911170959,16.8890323639,-28.6536808014,0.283609837294,-8.3290643692,-2.48853993416,-6.44041156769]},"hfc":{"dmean":5.29182100296,"dmean2":7.82793998718,"dvar":56.9587669373,"dvar2":123.429855347,"max":132.573562622,"mean":18.0828933716,"median":15.0308713913,"min":1.08109462036e-16,"var":209.281280518},"melbands":{"dmean":[0.000572527467739,0.000615688913967,0.000550625962205,0.000489187426865,0.000322944310028,0.000418750511017,0.000303097185679,0.00012264229008,0.000131106484332,0.000234130668105,0.000152686829097,0.0000644235406071,0.0000391586399928,0.0000307294394588,0.0000261580607912,0.0000110729788503,0.0000191380786418,0.0000122692799778,0.0000167858634086,0.00000840278789838,0.000010260124327,0.00000672618398312,0.00000653160395814,0.0000175245313585,0.0000206337826967,0.0000107410596684,0.0000074957824836,0.00000703365594745,0.00000356183636541,0.00000102901458376,6.38772917227e-7,4.78753179323e-7,5.79420714075e-7,5.27199176759e-7,4.89844467211e-7,5.54502548766e-7,4.84207419049e-7,4.519925767e-7,4.82644395561e-7,3.54788653567e-7],"dmean2":[0.00091506150784,0.00102842389606,0.000937975244597,0.0008204622427,0.000514849321917,0.000673081958666,0.000511357444339,0.000198496491066,0.000211257603951,0.000379626289941,0.00025047865347,0.000103150247014,0.0000625963948551,0.0000487520628667,0.0000413684902014,0.0000176884514076,0.0000307692025672,0.000019570805307,0.0000270328946499,0.0000132922505145,0.0000161856187333,0.0000105131994133,0.0000103721376945,0.0000278478673863,0.0000328751084453,0.0000169646173163,0.000011650929082,0.0000111799281513,0.00000573620127398,0.00000164653374668,0.00000100715988083,7.42480210647e-7,8.66049560955e-7,7.84355904671e-7,7.05295633452e-7,8.1173345734e-7,6.97310554187e-7,6.72540068081e-7,7.19570778074e-7,5.24002814473e-7],"dvar":[0.00000101434329736,9.14049849143e-7,0.00000131896456423,8.99163126178e-7,2.40123483763e-7,7.48861452848e-7,9.97765141619e-7,7.88245628769e-8,9.84289840744e-8,4.11194974959e-7,2.27572897415e-7,3.57392337946e-8,1.87324946666e-8,1.01639390238e-8,1.31389601421e-8,1.98016114616e-9,3.40391470566e-9,1.10770170814e-9,2.2427653068e-9,4.14129425197e-10,7.38202332595e-10,1.98741814672e-10,3.18142234779e-10,3.41705752582e-9,3.6320191299e-9,6.54374998632e-10,3.27981225512e-10,4.54057985655e-10,1.54947610298e-10,6.74176686699e-12,2.96283397122e-12,9.93368039735e-13,2.81715124319e-12,3.58194507041e-12,2.72883516998e-12,3.53933982816e-12,2.24066208296e-12,1.90062657453e-12,1.53729134457e-12,1.68163529976e-12],"dvar2":[0.00000255237978308,0.00000245129717769,0.00000332257695845,0.00000236448204305,6.12980102233e-7,0.00000196504061023,0.00000280799440588,1.93138561144e-7,2.47220924621e-7,0.00000110029543521,6.70393433211e-7,9.28336660877e-8,5.06837132264e-8,2.47143283616e-8,3.19243298463e-8,4.22649293341e-9,8.44184100401e-9,2.79109513279e-9,5.44272449332e-9,9.22920406765e-10,1.78547487906e-9,4.74230765768e-10,7.55142781639e-10,7.92267940142e-9,8.76493100321e-9,1.59016100287e-9,7.0390299145e-10,1.13695108883e-9,4.12231304647e-10,1.48728650923e-11,6.68274723753e-12,2.0145378421e-12,5.20970159373e-12,7.23202791056e-12,4.95315637464e-12,6.39687695175e-12,3.93934581136e-12,3.29191860403e-12,3.01042676031e-12,3.42869287649e-12],"max":[0.0142827713862,0.0111480113119,0.014674753882,0.010179691948,0.00732306716964,0.0138372732326,0.0190723147243,0.00627854280174,0.00615365523845,0.0113713294268,0.0119252428412,0.00402816291898,0.00380319845863,0.00221633771434,0.0043107313104,0.00180708640255,0.00156607257668,0.00080465368228,0.00155236793216,0.000647031061817,0.000694156566169,0.00036804494448,0.000614299322478,0.00174683774821,0.00156179186888,0.000903138658032,0.000619707687292,0.000837595434859,0.000492492457852,0.0000700105374563,0.0000436792652181,0.0000305410540022,0.0000780194095569,0.0000836511753732,0.0000802128706709,0.0000718905648682,0.0000632252704236,0.000077649281593,0.000036847373849,0.0000589092851442],"mean":[0.000987034873106,0.00112186488695,0.000763916352298,0.000737641181331,0.000623405503575,0.000627884699497,0.000363445200492,0.000169557024492,0.000218889355892,0.000353830808308,0.000225361975026,0.00010161089449,0.0000617611731286,0.0000529476637894,0.0000433919594798,0.0000166925492522,0.0000294324418064,0.0000199634469027,0.0000287227394438,0.0000143950464917,0.0000182681378647,0.0000124358357425,0.0000119060932775,0.0000309903771267,0.0000357001154043,0.0000194939420908,0.0000150102823682,0.0000137592196552,0.00000692373623679,0.0000019876456463,0.00000125185897559,0.0000010399473922,0.00000121327445868,0.00000110242581286,0.00000106584820969,0.00000117396473343,0.00000107609605493,0.0000010087433111,9.77611989583e-7,6.69240989737e-7],"median":[0.000369146117009,0.000601061503403,0.000315762707032,0.000411316577811,0.000393940950744,0.000336576573318,0.000113086542115,0.0000540692126378,0.0000586282258155,0.0000452934364148,0.0000299181774608,0.0000180676270247,0.0000127729799715,0.0000116395676741,0.00000857224222273,0.00000527658448846,0.00000635177639197,0.00000576633829041,0.00000944177918427,0.00000533994216312,0.00000637825087324,0.00000542106681678,0.00000502395414514,0.00000912023006094,0.0000127797156892,0.00000861309399625,0.00000593458025833,0.00000545426792087,0.00000283965505332,0.00000112160296339,7.13628992344e-7,7.0121598128e-7,7.56896042731e-7,6.21239053089e-7,5.85193561164e-7,6.07484821558e-7,5.42109830803e-7,4.97343648931e-7,5.20761091138e-7,2.97802273508e-7],"min":[3.71454311752e-25,7.05209404578e-25,9.21898253974e-25,1.50235009525e-24,5.75546112524e-25,1.58517980005e-24,7.81666690981e-25,1.47873012064e-24,2.64521016232e-24,2.16186680266e-24,2.21589332226e-24,1.89439503249e-24,1.819830322e-24,2.4588344765e-24,3.48198075969e-24,2.59148755139e-24,3.33515836244e-24,1.76334906448e-24,2.60252647646e-24,3.09579804506e-24,3.09282187008e-24,3.25402737099e-24,2.33888837308e-24,4.01279855749e-24,3.72826431759e-24,3.8807787407e-24,3.96451790351e-24,5.31514204213e-24,4.32476227993e-24,5.53405567649e-24,5.69544162934e-24,5.72972473542e-24,4.43674305758e-24,5.80833866893e-24,5.03268960615e-24,6.0331249783e-24,5.48525279659e-24,6.00529593772e-24,5.70340360246e-24,5.2853566265e-24],"var":[0.00000224995392273,0.00000180859103693,0.00000175430898253,0.00000102210901787,5.27185136434e-7,9.78136426966e-7,8.52784694416e-7,1.26934935452e-7,2.11511235193e-7,8.13650387954e-7,3.5713767943e-7,6.92058534923e-8,3.12507779654e-8,2.17240287981e-8,2.25116458807e-8,3.25383386901e-9,6.96024349267e-9,2.24420571016e-9,5.26311927374e-9,8.59338433745e-10,1.62036450924e-9,5.12931586094e-10,6.39351960263e-10,6.9467591679e-9,6.3233924763e-9,1.44884348963e-9,9.2691027076e-10,1.28895472074e-9,4.26631424633e-10,1.1890139047e-11,5.8679445851e-12,2.23144593081e-12,5.65657720317e-12,7.94680640737e-12,6.81578925243e-12,8.23089860158e-12,6.85885289536e-12,6.7766634318e-12,3.67088651143e-12,3.29446019076e-12]},"melbands_crest":{"dmean":3.31147003174,"dmean2":5.52404165268,"dvar":8.46297454834,"dvar2":22.9230384827,"max":32.7343139648,"mean":13.1794919968,"median":12.5059652328,"min":1.55857646465,"var":21.6262321472},"melbands_flatness_db":{"dmean":0.0231477525085,"dmean2":0.0368208326399,"dvar":0.000443249300588,"dvar2":0.00107571075205,"max":0.457662254572,"mean":0.195497319102,"median":0.192984908819,"min":0.00331469555385,"var":0.00322555517778},"melbands_kurtosis":{"dmean":7.24879980087,"dmean2":11.7037038803,"dvar":159.946075439,"dvar2":406.442596436,"max":440.427703857,"mean":16.3503322601,"median":9.69194316864,"min":-1.82805263996,"var":587.121643066},"melbands_skewness":{"dmean":0.709113299847,"dmean2":1.11417818069,"dvar":0.52782613039,"dvar2":1.28026938438,"max":14.8453350067,"mean":2.7802093029,"median":2.59534311295,"min":-1.76986050606,"var":2.93675208092},"melbands_spread":{"dmean":7.17881393433,"dmean2":11.248175621,"dvar":99.8055114746,"dvar2":216.025680542,"max":234.256637573,"mean":24.3469753265,"median":18.2556247711,"min":0.676938056946,"var":523.98614502},"mfcc":{"cov":[[8430.45019531,1082.65319824,-526.432800293,41.9696044922,-139.689422607,-369.263336182,176.701919556,19.8220500946,-107.020652771,222.478637695,-199.695266724,-181.187301636,-28.7137813568],[1082.65319824,664.628234863,82.7560272217,89.308883667,25.921546936,23.2493934631,31.9081325531,4.49350309372,6.50237846375,19.032699585,15.0206184387,-6.32528162003,-16.5079212189],[-526.432800293,82.7560272217,626.818481445,77.6227035522,114.204963684,77.6778717041,-41.2318191528,14.0770835876,27.2043609619,-26.3880958557,77.4719238281,64.684425354,13.4065856934],[41.9696044922,89.308883667,77.6227035522,395.123077393,140.920333862,-18.7965335846,-43.7857475281,53.3974914551,35.7127151489,-75.928352356,45.5959358215,46.3838653564,0.326427280903],[-139.689422607,25.921546936,114.204963684,140.920333862,188.932449341,37.8313102722,-26.6250572205,33.2923622131,21.3097629547,-40.432094574,38.1452293396,32.6527633667,13.0569934845],[-369.263336182,23.2493934631,77.6778717041,-18.7965335846,37.8313102722,178.86656189,63.4892425537,-10.0779619217,-2.84201741219,-1.29722726345,30.0268993378,11.2250299454,10.9645690918],[176.701919556,31.9081325531,-41.2318191528,-43.7857475281,-26.6250572205,63.4892425537,168.450302124,24.4135761261,-9.73370170593,64.2365341187,-22.8958911896,-14.7637319565,7.24058628082],[19.8220500946,4.49350309372,14.0770835876,53.3974914551,33.2923622131,-10.0779619217,24.4135761261,126.317077637,60.6942138672,13.4141778946,20.9327373505,-2.97131800652,-8.97369098663],[-107.020652771,6.50237846375,27.2043609619,35.7127151489,21.3097629547,-2.84201741219,-9.73370170593,60.6942138672,112.65120697,27.9953899384,19.4351215363,-1.70397603512,-5.60414600372],[222.478637695,19.032699585,-26.3880958557,-75.928352356,-40.432094574,-1.29722726345,64.2365341187,13.4141778946,27.9953899384,146.527679443,-17.2996177673,-29.5800457001,-4.61077404022],[-199.695266724,15.0206184387,77.4719238281,45.5959358215,38.1452293396,30.0268993378,-22.8958911896,20.9327373505,19.4351215363,-17.2996177673,133.175872803,50.0663108826,-6.49268388748],[-181.187301636,-6.32528162003,64.684425354,46.3838653564,32.6527633667,11.2250299454,-14.7637319565,-2.97131800652,-1.70397603512,-29.5800457001,50.0663108826,106.059364319,44.0779075623],[-28.7137813568,-16.5079212189,13.4065856934,0.326427280903,13.0569934845,10.9645690918,7.24058628082,-8.97369098663,-5.60414600372,-4.61077404022,-6.49268388748,44.0779075623,97.3314666748]],"icov":[[0.000211591002881,-0.000361063051969,0.000125319842482,-0.000017408052372,-0.0000852828961797,0.000513428531121,-0.00021173832647,-0.0000400789249397,0.000270947493846,-0.00019459030591,0.0000186426732398,0.000211239937926,-0.000138398594572],[-0.000361063051969,0.00225458946079,-0.000441717944341,-0.000498314853758,0.000246351584792,-0.000914012663998,-0.0000404897073167,0.000373752816813,-0.000435820373241,0.0000231431604334,-0.000186223682249,-0.0000641433289275,0.000438403600128],[0.000125319842482,-0.000441717944341,0.00211225543171,0.00008530379273,-0.000871377647854,-0.000553929887246,0.000633210584056,-0.000150798397954,0.0000380346500606,-0.000405342492741,-0.000289166084258,-0.000739333510865,0.0000876257472555],[-0.000017408052372,-0.000498314853758,0.00008530379273,0.00424430379644,-0.00269517069682,0.0011765928939,-0.000414620997617,-0.000597163569182,-0.000928867724724,0.00178026652429,-0.000168852799106,-0.00101107300725,0.000566628878005],[-0.0000852828961797,0.000246351584792,-0.000871377647854,-0.00269517069682,0.00898940302432,-0.00264985347167,0.00174489477649,-0.00189442664851,0.000267745315796,0.000277900195215,-0.0000779428737587,-0.000204709052923,-0.000950106827077],[0.000513428531121,-0.000914012663998,-0.000553929887246,0.0011765928939,-0.00264985347167,0.0102562587708,-0.00572533952072,0.00280639133416,-0.000945119711105,0.00165622984059,-0.00251479563303,0.00168854277581,-0.000954849121626],[-0.00021173832647,-0.0000404897073167,0.000633210584056,-0.000414620997617,0.00174489477649,-0.00572533952072,0.0115003753453,-0.00462647806853,0.00351059203967,-0.00461418367922,0.00227259215899,-0.00118491065223,-0.000354590214556],[-0.0000400789249397,0.000373752816813,-0.000150798397954,-0.000597163569182,-0.00189442664851,0.00280639133416,-0.00462647806853,0.0134125342593,-0.00695816008374,0.00135307735763,-0.00210828566924,0.00138208328281,0.000490027538035],[0.000270947493846,-0.000435820373241,0.0000380346500606,-0.000928867724724,0.000267745315796,-0.000945119711105,0.00351059203967,-0.00695816008374,0.0145550649613,-0.00440355297178,-0.000303971202811,0.00045761349611,-0.000426304352004],[-0.00019459030591,0.0000231431604334,-0.000405342492741,0.00178026652429,0.000277900195215,0.00165622984059,-0.00461418367922,0.00135307735763,-0.00440355297178,0.0110590588301,-0.000730856554583,0.001772529562,-0.00034059988684],[0.0000186426732398,-0.000186223682249,-0.000289166084258,-0.000168852799106,-0.0000779428737587,-0.00251479563303,0.00227259215899,-0.00210828566924,-0.000303971202811,-0.000730856554583,0.0115984678268,-0.00633459212258,0.00353490794078],[0.000211239937926,-0.0000641433289275,-0.000739333510865,-0.00101107300725,-0.000204709052923,0.00168854277581,-0.00118491065223,0.00138208328281,0.00045761349611,0.001772529562,-0.00633459212258,0.0172108728439,-0.00789694581181],[-0.000138398594572,0.000438403600128,0.0000876257472555,0.000566628878005,-0.000950106827077,-0.000954849121626,-0.000354590214556,0.000490027538035,-0.000426304352004,-0.00034059988684,0.00353490794078,-0.00789694581181,0.0143716698512]],"mean":[-653.027954102,109.034172058,11.7105541229,32.5472679138,5.4822640419,-11.6017007828,3.73072290421,0.404290646315,-7.07697105408,4.06440973282,-3.59724259377,-5.26631736755,-0.621222615242]},"pitch_salience":{"dmean":0.0713339596987,"dmean2":0.118246078491,"dvar":0.00387596897781,"dvar2":0.0105621777475,"max":0.841858386993,"mean":0.542932510376,"median":0.541212916374,"min":0.107810176909,"var":0.0115642445162},"silence_rate_20dB":{"dmean":0,"dmean2":0,"dvar":0,"dvar2":0,"max":1,"mean":1,"median":1,"min":1,"var":0},"silence_rate_30dB":{"dmean":0,"dmean2":0,"dvar":0,"dvar2":0,"max":1,"mean":1,"median":1,"min":1,"var":0},"silence_rate_60dB":{"dmean":0.00896986667067,"dmean2":0.0179422479123,"dvar":0.0088890613988,"dvar2":0.0195813197643,"max":1,"mean":0.05465246737,"median":0,"min":0,"var":0.051664352417},"spectral_centroid":{"dmean":284.866882324,"dmean2":445.615234375,"dvar":107300.789063,"dvar2":233769.328125,"max":11614.2255859,"mean":1560.44006348,"median":1308.99914551,"min":248.183563232,"var":1896002.25},"spectral_complexity":{"dmean":2.81177306175,"dmean2":4.28315114975,"dvar":7.75499629974,"dvar2":16.1127986908,"max":48,"mean":15.8127803802,"median":16,"min":0,"var":53.4487380981},"spectral_contrast_coeffs":{"dmean":[0.0519484803081,0.0518744066358,0.0417825244367,0.030048109591,0.0233165547252,0.0164592657238],"dmean2":[0.0856396108866,0.0846107602119,0.0670556351542,0.0482546202838,0.0368710681796,0.0264179557562],"dvar":[0.00201091961935,0.00183049042244,0.00120906159282,0.000611838127952,0.000397357216571,0.000214422980207],"dvar2":[0.00531022297218,0.00483055179939,0.00300838262774,0.00148995500058,0.000902691564988,0.00049437355483],"max":[-0.35956594348,-0.389785468578,-0.406971096992,-0.529195606709,-0.540511488914,-0.603195667267],"mean":[-0.654079496861,-0.693304717541,-0.732251346111,-0.770062685013,-0.765603005886,-0.793443620205],"median":[-0.656420946121,-0.692606568336,-0.7482432127,-0.775342226028,-0.768514275551,-0.796495378017],"min":[-0.978985249996,-0.978924393654,-0.983910083771,-0.983634829521,-0.98146957159,-0.980553209782],"var":[0.00826645083725,0.00732806930318,0.00968018639833,0.00419293250889,0.00346811581403,0.00158925319556]},"spectral_contrast_valleys":{"dmean":[0.393059670925,0.367470473051,0.319981962442,0.263189166784,0.203624606133,0.21217495203],"dmean2":[0.634402692318,0.589467048645,0.505831420422,0.413894504309,0.30482083559,0.302538484335],"dvar":[0.144207805395,0.146321043372,0.115303508937,0.0939775183797,0.0732629597187,0.0731096789241],"dvar2":[0.288729757071,0.281030148268,0.213814109564,0.160461887717,0.109889514744,0.111256495118],"max":[-5.35864782333,-4.72513532639,-5.51396656036,-5.94095420837,-6.01804447174,-7.96104812622],"mean":[-7.54653167725,-7.13933467865,-8.09818744659,-8.46238327026,-7.84544754028,-10.2573471069],"median":[-7.10959720612,-6.73705291748,-7.7279381752,-8.09125518799,-7.42243099213,-9.89674568176],"min":[-28.1906890869,-27.8963546753,-27.7296295166,-27.8035736084,-27.5622158051,-27.4124183655],"var":[7.2600646019,7.45977067947,6.76725530624,6.52054977417,6.86506938934,5.39711380005]},"spectral_decrease":{"dmean":2.07473593861e-9,"dmean2":3.3183908954e-9,"dvar":6.54141748955e-18,"dvar2":1.62573283498e-17,"max":2.12983609206e-28,"mean":-5.84779380475e-9,"median":-5.34969712973e-9,"min":-3.27319114035e-8,"var":1.39959621388e-17},"spectral_energy":{"dmean":0.00818789750338,"dmean2":0.0130596151575,"dvar":0.00010064682283,"dvar2":0.000249404110946,"max":0.128899276257,"mean":0.0237110499293,"median":0.0218846909702,"min":9.71084916757e-21,"var":0.000221485897782},"spectral_energyband_high":{"dmean":0.000226998497965,"dmean2":0.000329661095748,"dvar":2.91842297884e-7,"dvar2":6.86638884417e-7,"max":0.0202842354774,"mean":0.00060814875178,"median":0.000381002668291,"min":6.48538478862e-21,"var":9.38166863307e-7},"spectral_energyband_low":{"dmean":0.00313836871646,"dmean2":0.00513017969206,"dvar":0.0000239421078732,"dvar2":0.0000597997677687,"max":0.0527252852917,"mean":0.00628703925759,"median":0.00336673203856,"min":1.29235792552e-23,"var":0.0000543200621905},"spectral_energyband_middle_high":{"dmean":0.00164389575366,"dmean2":0.00247089378536,"dvar":0.00000901714338397,"dvar2":0.0000218382447201,"max":0.0650041997433,"mean":0.004544316791,"median":0.00246615242213,"min":1.14266469305e-21,"var":0.0000320197104884},"spectral_energyband_middle_low":{"dmean":0.00635497039184,"dmean2":0.0103421425447,"dvar":0.0000826475879876,"dvar2":0.000216990010813,"max":0.123490355909,"mean":0.0133298374712,"median":0.0108492290601,"min":1.3246648246e-22,"var":0.000123727222672},"spectral_entropy":{"dmean":0.139629974961,"dmean2":0.218110784888,"dvar":0.0170545186847,"dvar2":0.0406773425639,"max":9.82368850708,"mean":7.50990009308,"median":7.48406219482,"min":6.07243013382,"var":0.172606885433},"spectral_flux":{"dmean":0.0221555214375,"dmean2":0.0352595858276,"dvar":0.000647257897072,"dvar2":0.00137966417242,"max":0.303635209799,"mean":0.0781705230474,"median":0.0737753361464,"min":6.37646532797e-11,"var":0.00159458979033},"spectral_kurtosis":{"dmean":0.91466152668,"dmean2":1.55623006821,"dvar":0.802432835102,"dvar2":2.25213646889,"max":15.6772050858,"mean":3.46181535721,"median":3.3186674118,"min":-1.25445497036,"var":2.83711671829},"spectral_rms":{"dmean":0.000790620106272,"dmean2":0.00123821105808,"dvar":7.14399789103e-7,"dvar2":0.00000166999188878,"max":0.0112140709534,"mean":0.00451587233692,"median":0.00462070526555,"min":3.0779862166e-12,"var":0.00000273970567832},"spectral_rolloff":{"dmean":458.832061768,"dmean2":778.458557129,"dvar":683628.5,"dvar2":1352780.375,"max":19702.8808594,"mean":1626.90002441,"median":818.26171875,"min":64.599609375,"var":6511780},"spectral_skewness":{"dmean":0.154013499618,"dmean2":0.247803077102,"dvar":0.0199742764235,"dvar2":0.0496782809496,"max":2.89733743668,"mean":1.37929081917,"median":1.38420057297,"min":-0.078510068357,"var":0.118266560137},"spectral_spread":{"dmean":423960.5625,"dmean2":628192.4375,"dvar":482296004608,"dvar2":855139352576,"max":42611676,"mean":5430312,"median":4648668,"min":1911204.625,"var":21906558287900},"spectral_strongpeak":{"dmean":0.714213252068,"dmean2":1.20686125755,"dvar":1.57739257813,"dvar2":3.97371268272,"max":20.9754428864,"mean":1.15883684158,"median":0.559117913246,"min":0,"var":2.63619232178},"zerocrossingrate":{"dmean":0.00937445275486,"dmean2":0.0115613965318,"dvar":0.000153723129188,"dvar2":0.000199749920284,"max":0.53564453125,"mean":0.0678289458156,"median":0.05615234375,"min":0.00390625,"var":0.00398912001401}},"metadata":{"audio_properties":{"analysis_sample_rate":44100,"bit_rate":126201,"codec":"aac","downmix":"mix","equal_loudness":0,"length":165.674377441,"lossless":false,"md5_encoded":"29752dc7bdd067e0ac30a141f1a6bc0e","replay_gain":-7.30338096619,"sample_rate":44100},"tags":{"album":["A Bit of Liverpool"],"albumartistsort":["Supremes, The"],"artist":["The Supremes"],"artistsort":["Supremes, The"],"bpm":["0"],"catalognumber":["MS 623"],"composer":["Paul McCartney"],"composersort":["McCartney, Paul"],"date":["1964"],"discnumber":["1/1"],"encodedby":["iTunes v4.7.1.30, QuickTime 6.5.2"],"file_name":"02. A World Without Love_2-46.m4a","genre":["Pop"],"label":["Motown Records"],"language":["English"],"media":["12\" Vinyl"],"musicbrainz_albumartistid":["c1aa2ec9-53e7-4d90-8d36-bac75832e986"],"musicbrainz_albumid":["3926a977-77ff-4cab-9695-4c2c719dbe60"],"musicbrainz_artistid":["c1aa2ec9-53e7-4d90-8d36-bac75832e986"],"musicbrainz_recordingid":["13f8e8e0-4e18-494e-9fb3-e9f8e5f2a6a7"],"musicbrainz_releasegroupid":["ec4c9881-66c9-388b-90f0-be5a3a798297"],"producer":["Marc Gordon"],"script":["Latin"],"title":["A World Without Love"],"tracknumber":["2/11"]},"version":{"essentia":"2.1-beta2","essentia_build_sha":"2d9f1f26377add8aeb1075a9c2973f962c4f09fd","essentia_git_sha":"v2.1_beta2-1-ge3940c0","extractor":"music 1.0"}},"rhythm":{"beats_count":355,"beats_loudness":{"dmean":0.0134010883048,"dmean2":0.0240999311209,"dvar":0.000113412650535,"dvar2":0.000375568692107,"max":0.0744355767965,"mean":0.0327127538621,"median":0.0325516946614,"min":0,"var":0.000184913602425},"beats_loudness_band_ratio":{"dmean":[0.364349573851,0.203470945358,0.155863061547,0.0835503414273,0.0620677173138,0.050872694701],"dmean2":[0.698449313641,0.370524346828,0.292193025351,0.157756492496,0.10840690881,0.0919324606657],"dvar":[0.038408767432,0.0256721470505,0.0205648317933,0.0138725200668,0.0052970405668,0.00360409542918],"dvar2":[0.13307321071