{"lowlevel":{"average_loudness":0.311876118183,"barkbands":{"dmean":[0.00480321794748,0.00643204944208,0.00103580357973,0.000848106225021,0.00135920534376,0.00132648518775,0.000612830684986,0.000426060723839,0.000420960335759,0.000224097660976,0.000200664173462,0.000160107214469,0.000157528440468,0.00016968123964,0.000127733437694,0.000103846985439,0.000080524943769,0.0000772259008954,0.0000386760330002,0.0000385605708288,0.0000394869057345,0.0000293600460282,0.0000200147587748,0.00000690090655553,0.00000196098494598,0.0000145024650919,0.0000945430801949],"dmean2":[0.0077796461992,0.0109626734629,0.00172966648825,0.00143865402788,0.00226762564853,0.00227653142065,0.00102519849315,0.000711035681888,0.000709540210664,0.000378736178391,0.000337022414897,0.000268635893008,0.0002600288135,0.000287274568109,0.00021467449551,0.000171189123648,0.000132424174808,0.000128393541672,0.0000641222504782,0.0000620116115897,0.0000628561392659,0.0000477228677482,0.0000315698016493,0.0000109310503831,0.00000320768617712,0.0000216521384573,0.000151288360939],"dvar":[0.0000443475400971,0.0000860943910084,0.00000712267274139,0.00000496616030432,0.00000818023636384,0.00001229353893,0.00000221853883886,0.00000105218350654,8.37695267819e-7,2.45550751288e-7,2.93036322319e-7,1.93982515384e-7,2.06362059885e-7,3.18279546718e-7,1.40520128866e-7,9.86964039384e-8,6.63030945702e-8,2.621701789e-8,7.66232677307e-9,7.28202875777e-9,1.15454952265e-8,6.83240619637e-9,2.13528594806e-9,3.44795747509e-10,1.32016272913e-11,8.14630030099e-10,3.26420241947e-8],"dvar2":[0.000105898085167,0.000223477283726,0.0000189562306332,0.0000136257467602,0.000022516667741,0.0000365380692529,0.00000601615192863,0.00000280394124275,0.00000229934448726,6.8853034918e-7,7.97334280378e-7,5.34284765763e-7,5.44954502857e-7,8.7730057885e-7,3.86592631685e-7,2.53003378248e-7,1.64035725447e-7,7.28320799226e-8,2.06676347148e-8,1.65895492898e-8,2.50034979388e-8,1.74918266538e-8,5.28989430038e-9,8.51483383801e-10,3.19085383116e-11,1.99610128426e-9,8.16662932834e-8],"max":[0.108929745853,0.14521664381,0.0797977373004,0.0572520941496,0.0773915052414,0.109103612602,0.0406591743231,0.0270168203861,0.025832278654,0.00949937850237,0.0160461999476,0.0105181736872,0.0174412820488,0.0141936074942,0.00838070642203,0.0086897900328,0.00963111687452,0.00342552131042,0.00181819323916,0.00236587435938,0.00293392199092,0.00211726361886,0.000874975055922,0.000466862285975,0.0000813764418126,0.00115084752906,0.00621026474983],"mean":[0.00779993273318,0.00911623425782,0.00133181968704,0.00105659896508,0.00222924188711,0.00206909095868,0.000956198142376,0.000660023302771,0.000697221315932,0.00037608211278,0.000334798998665,0.000290853204206,0.000294753466733,0.000302791188005,0.000254286045674,0.00023000780493,0.000180840463145,0.000178733156645,0.000097036594525,0.0000859048232087,0.000076769872976,0.0000468557773274,0.0000269326992566,0.00000978750540526,0.00000221551567847,0.0000204852785828,0.000314236094709],"median":[0.00459026359022,0.00621869694442,0.000438980059698,0.00030347230495,0.000735964393243,0.000464936310891,0.000281612155959,0.000171479390701,0.000206786877243,0.000108763459139,0.0000719051822671,0.0000532226877112,0.0000537938758498,0.000047897316108,0.0000371944370272,0.0000357501521648,0.0000286110025627,0.0000747646990931,0.0000252516219916,0.0000278978041024,0.0000245992014243,0.0000173736625584,0.00000855686812429,0.00000390782997783,8.44495275487e-7,0.00000754498159949,0.000146813603351],"min":[2.8718904084e-23,2.71938971147e-23,1.82002248852e-23,2.01771813112e-23,7.26293633146e-23,3.71833184882e-23,8.63137965464e-23,1.76947168218e-22,4.04531911165e-23,4.8236985798e-23,5.24976835005e-23,6.10595316928e-23,1.11437116801e-22,5.90201495479e-23,8.04901224215e-23,1.15265275758e-22,8.61059727186e-23,2.44525398358e-22,2.4007591993e-22,3.25443266406e-22,4.40158788155e-22,4.82988608919e-22,7.14929668977e-22,7.40848533366e-22,1.0827145964e-21,1.57280739633e-21,2.54109157162e-21],"var":[0.0000803266884759,0.000122037854453,0.0000110088540168,0.00000744594808566,0.0000183551273949,0.0000232157963183,0.00000434887488154,0.00000223604342864,0.00000161360730999,4.86572957925e-7,5.80623634505e-7,4.40294712689e-7,4.94163941767e-7,7.23769744582e-7,4.02083742301e-7,3.72958510297e-7,2.42438233045e-7,9.5661725652e-8,3.82158056311e-8,2.40075443969e-8,2.90203665543e-8,9.43711242485e-9,2.51412379804e-9,4.00532079725e-10,1.77733678469e-11,1.05742370415e-9,2.61857621808e-7]},"barkbands_crest":{"dmean":3.06056165695,"dmean2":5.09467077255,"dvar":6.18418121338,"dvar2":16.4543209076,"max":25.3331108093,"mean":12.3525190353,"median":12.4039230347,"min":2.68123626709,"var":20.8502407074},"barkbands_flatness_db":{"dmean":0.0321020595729,"dmean2":0.0521285496652,"dvar":0.000946001906414,"dvar2":0.0024401396513,"max":0.554816126823,"mean":0.165807828307,"median":0.15342836082,"min":0.0223775915802,"var":0.00490909162909},"barkbands_kurtosis":{"dmean":13.6513214111,"dmean2":22.6083908081,"dvar":696.390136719,"dvar2":1844.68652344,"max":467.380401611,"mean":24.9305458069,"median":11.3543224335,"min":-1.91066372395,"var":1606.1081543},"barkbands_skewness":{"dmean":1.0067820549,"dmean2":1.63555467129,"dvar":1.2860199213,"dvar2":3.28372883797,"max":17.2510986328,"mean":3.64804458618,"median":2.99294281006,"min":-6.18122720718,"var":5.90087461472},"barkbands_spread":{"dmean":6.5401134491,"dmean2":10.5807857513,"dvar":61.5228691101,"dvar2":146.124053955,"max":124.938537598,"mean":20.2906169891,"median":16.3617630005,"min":0.250147163868,"var":270.264648438},"dissonance":{"dmean":0.0165241360664,"dmean2":0.0283130984753,"dvar":0.00029706969508,"dvar2":0.000845863542054,"max":0.500000178814,"mean":0.474088013172,"median":0.479531049728,"min":0.118392914534,"var":0.000464502576506},"dynamic_complexity":5.67779874802,"erbbands":{"dmean":[0.345160067081,0.930609881878,1.08666944504,2.27825164795,2.7008998394,5.75403881073,11.2641134262,9.3428735733,8.66112041473,8.87475204468,8.62914276123,8.89767360687,8.15824890137,6.98295259476,6.89898014069,6.60790967941,6.97024869919,6.30843114853,8.6549911499,5.56033706665,5.16530656815,4.31300640106,4.76174068451,2.34409999847,1.74631667137,1.82087433338,1.67729818821,1.52097702026,1.08548998833,0.786619722843,0.534746408463,0.227922797203,0.0781238973141,0.0238233264536,0.0137102734298,0.0145319420844,0.0303031709045,0.0268233399838,0.00850601214916,0.00272195483558],"dmean2":[0.592568933964,1.5648765564,1.82808184624,3.78244304657,4.59878063202,9.64221954346,19.7999744415,15.6160583496,14.5681524277,14.7263975143,14.5889291763,15.0726737976,13.8566541672,11.7791728973,11.550620079,10.9782953262,11.4754123688,10.5856704712,14.4268922806,9.29885387421,8.48505783081,7.03146791458,7.87599229813,3.84674119949,2.85529375076,2.91542720795,2.68164777756,2.4289252758,1.77906727791,1.24216401577,0.844531476498,0.359966814518,0.124823242426,0.038936316967,0.0223110299557,0.0230194926262,0.0452228300273,0.0401448048651,0.0133070396259,0.00427501322702],"dvar":[0.21539530158,2.75512599945,5.98429775238,39.9810600281,35.8835144043,180.274581909,903.298278809,609.338806152,443.38079834,460.959503174,410.71295166,401.003814697,317.151367188,247.284851074,354.098114014,347.621185303,416.431365967,339.000640869,935.26965332,246.156524658,245.149108887,202.306518555,95.6304473877,31.6570053101,14.4165716171,16.3814296722,18.6573162079,19.9600276947,10.4445800781,3.68648386002,1.5268279314,0.359462529421,0.0447536371648,0.00197341875173,0.000616736535449,0.0010782640893,0.00393806071952,0.00302036642097,0.000314401317155,0.0000211455371755],"dvar2":[0.588511347771,7.01604366302,16.199930191,104.577850342,98.7319030762,495.105957031,2792.14599609,1706.07836914,1272.61645508,1192.3861084,1139.50549316,1091.69299316,873.774108887,689.463134766,956.410095215,943.574279785,1099.77624512,914.023071289,2512.46655273,672.978210449,621.836669922,491.868713379,257.550933838,85.1201171875,38.3589668274,37.387550354,41.2199630737,44.22215271,26.9002552032,8.98310756683,3.83781933784,0.878664255142,0.115448512137,0.00480995886028,0.00147599284537,0.00279780407436,0.00971866957843,0.00772424601018,0.000808190903626,0.0000492139224662],"max":[6.82832384109,31.5006694794,60.8388824463,196.926269531,154.470565796,325.331726074,846.973571777,736.709594727,524.807128906,728.729187012,687.102111816,732.496643066,444.616851807,400.987762451,465.917755127,487.944488525,754.745361328,377.769500732,949.771484375,381.105712891,423.2996521,620.049621582,231.086273193,130.066925049,89.4262313843,107.781974792,119.707344055,163.244033813,95.482131958,53.7468681335,27.5280570984,15.5044336319,7.43032026291,1.09825289249,0.47328004241,1.61373078823,2.70734190941,1.13845956326,0.418348312378,0.159481659532],"mean":[0.484249472618,1.28046810627,1.52494394779,3.10812687874,4.00505447388,8.46730136871,15.8133935928,14.7894706726,14.1243619919,14.7887001038,13.9903173447,14.9749526978,13.8042945862,12.6906661987,12.5008125305,12.9034175873,13.7592973709,12.6996040344,17.2033729553,12.5808238983,12.2896928787,10.477935791,11.0131978989,6.09159660339,4.32933139801,4.05886697769,3.39287161827,2.79624509811,1.76481115818,1.15399158001,0.712008953094,0.312844723463,0.112753532827,0.02977511473,0.0155973490328,0.0214130245149,0.0426924526691,0.0407680459321,0.0202246885747,0.0124017298222],"median":[0.331744998693,0.72628223896,0.651077866554,0.895996510983,1.48021435738,2.39482593536,3.42416381836,3.52524852753,3.98452854156,4.26301622391,3.9107773304,4.67940330505,4.05483055115,3.30478334427,2.80250549316,2.22102832794,2.5,2.62300014496,2.29732179642,1.95160031319,2.04493951797,2.03106164932,4.66722249985,1.69488823414,1.25849759579,1.29494595528,1.1249434948,0.877274274826,0.647716283798,0.385933190584,0.226540356874,0.113590046763,0.0485231429338,0.0134547110647,0.00607413612306,0.0106881242245,0.0153486020863,0.0162133686244,0.0110887978226,0.00539222825319],"min":[8.83467870246e-22,5.99668179752e-21,1.83572735987e-20,5.30876956189e-20,9.02307159113e-20,3.6622090377e-19,1.49048511353e-19,4.04835633468e-19,1.14333721108e-18,3.34397481997e-18,2.09066053433e-18,8.2292823212e-19,1.57980278361e-18,1.21157020244e-18,2.64469059898e-18,3.29610339638e-18,3.59317662798e-18,4.48578267749e-18,3.38727379593e-18,4.92183714125e-18,5.23475915339e-18,4.58253468502e-18,1.41071782266e-17,9.24001937816e-18,1.45849494766e-17,1.71299906611e-17,1.47422229808e-17,2.11341255067e-17,1.43661734394e-17,1.87495308912e-17,2.14733406954e-17,1.6779300823e-17,1.13405684431e-17,1.24271744025e-17,7.27597579379e-18,4.93312691584e-18,3.5200592385e-18,1.40527718693e-18,3.13996106164e-19,3.74054562665e-20],"var":[0.284818738699,4.03107309341,9.09083747864,71.6672363281,70.0894088745,324.733428955,1487.08239746,1156.11669922,925.395202637,1063.64379883,767.989379883,762.254577637,635.325500488,558.345947266,768.813171387,868.754577637,1078.25354004,925.015197754,2533.79077148,917.522033691,1058.14599609,767.586914062,350.907653809,157.020126343,66.1789627075,53.8201179504,48.669708252,44.7432594299,14.3106536865,5.04636716843,1.73515212536,0.408093184233,0.051074732095,0.00278871739283,0.000848005060107,0.00130127056036,0.00492100371048,0.00387941789813,0.000777431007009,0.000281155662378]},"erbbands_crest":{"dmean":2.52610993385,"dmean2":4.22065162659,"dvar":6.71147584915,"dvar2":16.6930866241,"max":33.966884613,"mean":7.83571577072,"median":6.57718753815,"min":1.95072889328,"var":19.8207187653},"erbbands_flatness_db":{"dmean":0.0196175072342,"dmean2":0.0307115241885,"dvar":0.000369627174223,"dvar2":0.000903898151591,"max":0.367684483528,"mean":0.11439358443,"median":0.111086949706,"min":0.0379601381719,"var":0.00131022173446},"erbbands_kurtosis":{"dmean":0.947436213493,"dmean2":1.53813779354,"dvar":4.82402610779,"dvar2":11.2787036896,"max":93.0389633179,"mean":0.409644365311,"median":-0.264755427837,"min":-1.93663942814,"var":9.45714950562},"erbbands_skewness":{"dmean":0.363643139601,"dmean2":0.573355257511,"dvar":0.128375813365,"dvar2":0.297058463097,"max":8.76520061493,"mean":0.320007264614,"median":0.339079171419,"min":-7.01613712311,"var":0.688275694847},"erbbands_spread":{"dmean":8.74040031433,"dmean2":13.8704681396,"dvar":78.7755432129,"dvar2":185.689376831,"max":137.705444336,"mean":41.6640853882,"median":39.3517608643,"min":1.23338258266,"var":296.513183594},"gfcc":{"cov":[[9636.47265625,220.45703125,-664.213867188,-50.0409584045,-243.8881073,-272.17489624,24.9495296478,-340.848937988,40.2727775574,-57.8223762512,-82.6876296997,157.498825073,40.0104484558],[220.45703125,664.832946777,-19.006942749,-133.133895874,117.508338928,-105.895729065,-13.2130699158,11.0977077484,-23.2687320709,-38.6145706177,68.1297149658,-52.3894271851,104.166946411],[-664.213867188,-19.006942749,446.492126465,158.773254395,-77.6997146606,113.864715576,3.06177067757,107.349853516,2.17114329338,37.0494766235,-9.86935043335,47.6939506531,-43.0107498169],[-50.0409584045,-133.133895874,158.773254395,352.157226562,66.2601318359,56.211151123,63.2983131409,61.168636322,24.4898071289,27.7760925293,-13.4246616364,51.0832672119,-43.5396728516],[-243.8881073,117.508338928,-77.6997146606,66.2601318359,230.901641846,15.0257606506,21.4247264862,33.6951065063,6.15902996063,-15.0294981003,41.0591163635,-21.3641777039,24.5085906982],[-272.17489624,-105.895729065,113.864715576,56.211151123,15.0257606506,218.354553223,-4.59833526611,72.6301574707,-20.4298000336,28.9137325287,-10.0219593048,12.5106258392,-17.3766784668],[24.9495296478,-13.2130699158,3.06177067757,63.2983131409,21.4247264862,-4.59833526611,161.010101318,7.06864833832,55.744556427,14.0895204544,-1.01580262184,21.4142417908,-5.3413066864],[-340.848937988,11.0977077484,107.349853516,61.168636322,33.6951065063,72.6301574707,7.06864833832,175.134414673,23.2904281616,21.3679065704,23.3776264191,1.04711353779,-0.597696661949],[40.2727775574,-23.2687320709,2.17114329338,24.4898071289,6.15902996063,-20.4298000336,55.744556427,23.2904281616,93.236000061,27.980682373,7.83364963531,18.9345092773,-24.8109989166],[-57.8223762512,-38.6145706177,37.0494766235,27.7760925293,-15.0294981003,28.9137325287,14.0895204544,21.3679065704,27.980682373,68.8665313721,17.0663070679,3.47058105469,1.39631044865],[-82.6876296997,68.1297149658,-9.86935043335,-13.4246616364,41.0591163635,-10.0219593048,-1.01580262184,23.3776264191,7.83364963531,17.0663070679,62.753528595,16.7243728638,19.249786377],[157.498825073,-52.3894271851,47.6939506531,51.0832672119,-21.3641777039,12.5106258392,21.4142417908,1.04711353779,18.9345092773,3.47058105469,16.7243728638,77.569480896,-0.637765347958],[40.0104484558,104.166946411,-43.0107498169,-43.5396728516,24.5085906982,-17.3766784668,-5.3413066864,-0.597696661949,-24.8109989166,1.39631044865,19.249786377,-0.637765347958,93.6290283203]],"icov":[[0.000171198829776,-0.000339713209542,0.000554071739316,-0.000259967375314,0.000396859104512,-0.0000797167522251,0.000106306193629,0.0000176316680154,0.0000315648030664,-0.000262878136709,0.000553527846932,-0.000767426623497,0.000219178371481],[-0.000339713209542,0.00381285417825,-0.00276854797266,0.00145904382225,-0.00202627712861,0.00128322083037,-0.000527013035025,0.000441202777438,-0.000924671126995,0.00300546898507,-0.00418590568006,0.00434702541679,-0.00334845576435],[0.000554071739316,-0.00276854797266,0.00671915896237,-0.00295133446343,0.00399588095024,-0.00187128165271,0.000723773031496,-0.00208546128124,0.0013476916356,-0.00243967212737,0.002896114951,-0.0047717676498,0.00295783346519],[-0.000259967375314,0.00145904382225,-0.00295133446343,0.00751649215817,-0.00617637345567,0.00291640288197,-0.00186825252604,-0.0020142479334,0.00409163441509,-0.00534692034125,0.00601150561124,-0.00528518902138,0.00255802227184],[0.000396859104512,-0.00202627712861,0.00399588095024,-0.00617637345567,0.0121957268566,-0.00468790438026,0.000364568055375,0.00112513278145,-0.00496272789314,0.00786502286792,-0.00958322640508,0.00634134700522,-0.00240515451878],[-0.0000797167522251,0.00128322083037,-0.00187128165271,0.00291640288197,-0.00468790438026,0.00928329955786,-0.000858156126924,-0.00386461475864,0.00674545066431,-0.00720954081044,0.00647213356569,-0.00493956822902,0.00251010037027],[0.000106306193629,-0.000527013035025,0.000723773031496,-0.00186825252604,0.000364568055375,-0.000858156126924,0.00883228611201,0.000939748715609,-0.00599640933797,0.000738219125196,0.00109055021312,-0.000815980543848,-0.00157001928892],[0.0000176316680154,0.000441202777438,-0.00208546128124,-0.0020142479334,0.00112513278145,-0.00386461475864,0.000939748715609,0.0102566136047,-0.00641927449033,0.00491655804217,-0.00753826880828,0.00634994916618,-0.00346703082323],[0.0000315648030664,-0.000924671126995,0.0013476916356,0.00409163441509,-0.00496272789314,0.00674545066431,-0.00599640933797,-0.00641927449033,0.0257310476154,-0.016079287976,0.00999988801777,-0.012554644607,0.0106218177825],[-0.000262878136709,0.00300546898507,-0.00243967212737,-0.00534692034125,0.00786502286792,-0.00720954081044,0.000738219125196,0.00491655804217,-0.016079287976,0.033825378865,-0.0220139157027,0.0177169516683,-0.0102805327624],[0.000553527846932,-0.00418590568006,0.002896114951,0.00601150561124,-0.00958322640508,0.00647213356569,0.00109055021312,-0.00753826880828,0.00999988801777,-0.0220139157027,0.0422790907323,-0.024092162028,0.00639183167368],[-0.000767426623497,0.00434702541679,-0.0047717676498,-0.00528518902138,0.00634134700522,-0.00493956822902,-0.000815980543848,0.00634994916618,-0.012554644607,0.0177169516683,-0.024092162028,0.03386586532,-0.0101479422301],[0.000219178371481,-0.00334845576435,0.00295783346519,0.00255802227184,-0.00240515451878,0.00251010037027,-0.00157001928892,-0.00346703082323,0.0106218177825,-0.0102805327624,0.00639183167368,-0.0101479422301,0.0194288939238]],"mean":[-38.6313552856,86.5684814453,-75.5697631836,9.79374790192,-18.6307258606,-16.3079223633,1.18564546108,-10.3357124329,3.5968940258,-4.63083839417,-2.05377149582,3.34396219254,-6.36974382401]},"hfc":{"dmean":34.8346672058,"dmean2":53.7644424438,"dvar":4005.25073242,"dvar2":9322.62304688,"max":1739.77941895,"mean":125.389289856,"median":50.7030258179,"min":1.17920512315e-16,"var":31128.1777344},"melbands":{"dmean":[0.00245001865551,0.000712677661795,0.000372845446691,0.000279207073618,0.000344932777807,0.000215572130401,0.000130936532514,0.0000960373145062,0.0000730919709895,0.0000570758893446,0.0000414232199546,0.0000289710460493,0.0000262805660896,0.0000167319085449,0.0000216639982682,0.0000126079130496,0.0000124866746773,0.0000166493009601,0.0000086081754489,0.00000784446820035,0.00000660198884361,0.00000493818060932,0.00000499017687616,0.00000345694320458,0.00000205632454708,0.00000145235333093,0.00000133981757244,0.00000130214220917,0.00000114759859571,0.00000103911531824,8.91480397058e-7,6.73413808272e-7,5.19444029123e-7,4.30074408087e-7,3.42050014979e-7,2.16798696329e-7,1.14556129915e-7,6.20666966711e-8,3.03048643957e-8,1.74934484676e-8],"dmean2":[0.00415023230016,0.0012001900468,0.000620045699179,0.000468023004942,0.000596304773353,0.000360853300663,0.000219242923777,0.000159285715199,0.000124022204545,0.0000965678409557,0.0000703954719938,0.0000489763951919,0.0000439768155047,0.0000284264679067,0.0000359584191756,0.0000208254896279,0.000020990262783,0.0000280282747553,0.0000144974883369,0.0000131131046146,0.0000109226366476,0.00000813867882243,0.00000836884919408,0.00000577707169214,0.00000339496955348,0.00000242592250288,0.0000022150948098,0.00000210681309909,0.00000185416058684,0.00000167422797404,0.00000144133218782,0.00000112462919333,8.39364588501e-7,6.8430773581e-7,5.47008994545e-7,3.47076337448e-7,1.83057252912e-7,9.99986724537e-8,4.95945755574e-8,2.85898824615e-8],"dvar":[0.0000109704697024,0.00000188846070159,9.31938529902e-7,3.43107984691e-7,7.36339416108e-7,3.11787431428e-7,9.9032682499e-8,5.457277652e-8,3.02519715945e-8,1.56381787519e-8,8.26310664337e-9,4.19742152147e-9,5.49955014861e-9,1.91891058599e-9,4.21888524116e-9,1.14577258792e-9,1.36311761878e-9,3.8346796849e-9,5.93753490818e-10,6.08819994419e-10,4.39698721877e-10,2.79448186813e-10,1.66522615141e-10,5.29760575685e-11,2.54816358985e-11,1.16104417747e-11,7.95126638142e-12,9.17644432663e-12,8.64251639004e-12,8.1502487051e-12,7.08345968686e-12,4.50956589779e-12,1.87217233903e-12,1.10194947785e-12,6.48849355321e-13,2.99068224612e-13,1.09621079575e-13,3.31313142611e-14,5.05699887686e-15,1.03587608411e-15],"dvar2":[0.000028782444133,0.0000050143066801,0.00000245758701567,9.48585807237e-7,0.00000221400000555,8.86170766989e-7,2.77449373698e-7,1.40458325859e-7,8.47724805908e-8,4.25206714283e-8,2.27887824167e-8,1.17638414565e-8,1.48598084948e-8,5.28522736687e-9,1.10946460907e-8,3.04245362237e-9,3.69614050477e-9,1.03766879533e-8,1.64082059051e-9,1.68434333148e-9,1.12856102241e-9,6.90926260649e-10,4.42354042285e-10,1.48113396548e-10,6.88084034195e-11,3.21839915829e-11,2.0467206055e-11,2.12264077842e-11,1.9895167111e-11,1.84801340897e-11,1.63796979452e-11,1.19977161886e-11,4.67339751967e-12,2.70814837569e-12,1.6445268541e-12,7.67202219722e-13,2.65958804459e-13,8.71323819302e-14,1.30465816712e-14,2.47850437751e-15],"max":[0.0497126691043,0.0297207422554,0.0298430621624,0.0164821371436,0.0229605194181,0.0161910280585,0.00717816874385,0.00639484403655,0.00667995074764,0.00403363676742,0.00218255235814,0.00161317712627,0.00218530604616,0.00103581091389,0.00189231138211,0.00103350321297,0.000844981870614,0.00190122867934,0.000542797497474,0.000779902620707,0.000582450593356,0.000769932754338,0.000469451915706,0.000185537996003,0.000115541857667,0.0000801291389507,0.0000669947330607,0.0000755233559175,0.0000765536533436,0.000075637079135,0.0000899194346857,0.0000646423068247,0.0000488733385282,0.0000254509541264,0.0000179744838533,0.0000115616185212,0.00000989730506262,0.00000739560573493,0.00000230804971579,6.1493881276e-7],"mean":[0.00393262552097,0.00108498323243,0.00054110691417,0.000425846403232,0.000523729599081,0.000348422385287,0.000214706946281,0.000159711620654,0.000115304108476,0.0000945790670812,0.0000677056523273,0.0000501692520629,0.0000449696199212,0.0000301521304209,0.0000391939174733,0.0000244032689807,0.0000230437690334,0.0000300949868688,0.0000174018914549,0.0000161114367074,0.0000140514275699,0.0000108663107312,0.0000107029263745,0.00000781036942499,0.00000472119381811,0.00000328225019075,0.00000289456261271,0.00000264751292889,0.00000217272076952,0.00000184659154456,0.00000153823486926,0.00000103626655346,7.72243197389e-7,5.87671536323e-7,4.39899366711e-7,2.81831262328e-7,1.55326262075e-7,8.71529195479e-8,4.12473220024e-8,1.90467552841e-8],"median":[0.00300559471361,0.000577763305046,0.000183148295037,0.000145601748955,0.000124842452351,0.0000834485690575,0.0000615471217316,0.0000443075077783,0.0000313857344736,0.0000288180053758,0.0000189789097931,0.0000128917063194,0.00000955107861955,0.00000640086909698,0.00000536372408533,0.00000518682463735,0.00000457664100395,0.00000373547550225,0.00000263677293333,0.00000250760240306,0.00000222920698434,0.00000167786970451,0.00000382899133911,0.0000032547286537,0.00000111927829494,8.39502035888e-7,9.31667841542e-7,8.07439050732e-7,7.01281635429e-7,5.81390509069e-7,4.6961059752e-7,3.70641373593e-7,2.68657004199e-7,1.85191041169e-7,1.35441069915e-7,9.34958990229e-8,5.73060461306e-8,3.57811273943e-8,1.88406836799e-8,6.87378776121e-9],"min":[8.63782338606e-24,9.1284002058e-24,9.2551007335e-24,1.65122345197e-23,8.38834849136e-24,9.67956706508e-24,1.63415344861e-23,4.04929465507e-23,1.3666044884e-23,5.21261102926e-24,8.0200640446e-24,4.8568864314e-24,7.91254230321e-24,8.37558551078e-24,8.50153425404e-24,9.45810067683e-24,8.00114006034e-24,4.38166242259e-24,7.07312330258e-24,9.37343223587e-24,4.97306907666e-24,3.64837558486e-24,1.00760927323e-23,1.28102791077e-23,6.12673594648e-24,1.09620363825e-23,1.03021566019e-23,1.12605957804e-23,8.18293384481e-24,1.0501737622e-23,1.30226349414e-23,7.34963088277e-24,9.79570947844e-24,1.07099945344e-23,1.33838945818e-23,1.12069508723e-23,9.56925117837e-24,7.51034314841e-24,8.67152194621e-24,1.13718519893e-23],"var":[0.0000164170014614,0.00000324743564306,0.00000174094145677,6.84241285853e-7,0.00000140897293477,6.19749869202e-7,2.1444324716e-7,1.29451350972e-7,5.21704990319e-8,3.02127709517e-8,1.59295847624e-8,8.92899976179e-9,1.09773239387e-8,4.27784030421e-9,9.75263869663e-9,3.05665404099e-9,3.23825366522e-9,8.93674290126e-9,1.77579417837e-9,1.7221067905e-9,1.54754964399e-9,9.1702972993e-10,4.90786522533e-10,1.86240439737e-10,1.03518527084e-10,4.45377519587e-11,2.63758546254e-11,2.54157354884e-11,2.08742398367e-11,1.75462786661e-11,1.45740676472e-11,5.48577589604e-12,2.55565880958e-12,1.36855988781e-12,7.03044393535e-13,3.09011795102e-13,1.20829019533e-13,3.45187440643e-14,6.28002636127e-15,1.37838380897e-15]},"melbands_crest":{"dmean":4.49831008911,"dmean2":7.49281978607,"dvar":15.2783384323,"dvar2":38.8255004883,"max":39.3277702332,"mean":22.0978851318,"median":21.9482765198,"min":1.00099134445,"var":80.798286438},"melbands_flatness_db":{"dmean":0.0378738939762,"dmean2":0.0615876838565,"dvar":0.00122104457114,"dvar2":0.00314599554986,"max":0.663182795048,"mean":0.27034470439,"median":0.261152863503,"min":8.19722814072e-8,"var":0.00616300804541},"melbands_kurtosis":{"dmean":26.6976070404,"dmean2":45.0137710571,"dvar":4375.63720703,"dvar2":11897.8759766,"max":1772.72814941,"mean":43.2245521545,"median":17.409992218,"min":-1.8722550869,"var":7146.25683594},"melbands_skewness":{"dmean":1.3915989399,"dmean2":2.2820417881,"dvar":3.13035154343,"dvar2":8.21894931793,"max":34.3023300171,"mean":4.44615888596,"median":3.50937891006,"min":-2.00773739815,"var":11.3296689987},"melbands_spread":{"dmean":4.65348768234,"dmean2":7.59178161621,"dvar":50.6133499146,"dvar2":115.842658997,"max":196.531173706,"mean":12.9564657211,"median":9.72287559509,"min":0.149393826723,"var":165.998580933},"mfcc":{"cov":[[8523.94335938,376.042694092,-723.640869141,56.9301757812,-414.97833252,131.074859619,-383.024505615,-15.6122369766,-218.768234253,21.0115852356,-384.445556641,-65.0012969971,55.2987098694],[376.042694092,796.630554199,-100.004226685,-48.589427948,46.55676651,-119.968894958,40.9475975037,-68.4261016846,13.9626684189,-69.6646270752,29.573184967,-39.1530761719,-13.7616786957],[-723.640869141,-100.004226685,514.540039062,42.9530715942,8.59117507935,21.6702079773,14.0098028183,71.6968307495,19.574338913,24.7110748291,47.5019226074,35.5757904053,3.36924791336],[56.9301757812,-48.589427948,42.9530715942,298.848968506,13.6260547638,51.2845993042,9.24666786194,50.0473060608,30.347990036,1.99443221092,26.0461540222,50.3710098267,-1.57853507996],[-414.97833252,46.55676651,8.59117507935,13.6260547638,229.550476074,-8.18587493896,78.2019195557,17.0265293121,23.0584964752,-25.1681671143,60.1196556091,7.76736879349,-4.22349882126],[131.074859619,-119.968894958,21.6702079773,51.2845993042,-8.18587493896,149.645477295,12.9870605469,36.1560401917,-4.19787406921,31.3445796967,-23.7241230011,9.4897480011,21.9725875854],[-383.024505615,40.9475975037,14.0098028183,9.24666786194,78.2019195557,12.9870605469,130.434570312,19.5565376282,46.3718566895,-15.1966152191,38.009967804,4.66670465469,8.51109218597],[-15.6122369766,-68.4261016846,71.6968307495,50.0473060608,17.0265293121,36.1560401917,19.5565376282,124.79511261,23.0094680786,25.189617157,24.363363266,37.1437759399,-4.93484020233],[-218.768234253,13.9626684189,19.574338913,30.347990036,23.0584964752,-4.19787406921,46.3718566895,23.0094680786,86.487411499,20.3967628479,32.3821754456,7.36738681793,8.0061712265],[21.0115852356,-69.6646270752,24.7110748291,1.99443221092,-25.1681671143,31.3445796967,-15.1966152191,25.189617157,20.3967628479,84.3226470947,15.9374094009,14.2577323914,14.8168382645],[-384.445556641,29.573184967,47.5019226074,26.0461540222,60.1196556091,-23.7241230011,38.009967804,24.363363266,32.3821754456,15.9374094009,98.2915420532,39.485660553,-1.08052134514],[-65.0012969971,-39.1530761719,35.5757904053,50.3710098267,7.76736879349,9.4897480011,4.66670465469,37.1437759399,7.36738681793,14.2577323914,39.485660553,69.1646575928,11.8538770676],[55.2987098694,-13.7616786957,3.36924791336,-1.57853507996,-4.22349882126,21.9725875854,8.51109218597,-4.93484020233,8.0061712265,14.8168382645,-1.08052134514,11.8538770676,58.6893157959]],"icov":[[0.000205199452466,-0.000190711361938,0.000250652024988,-0.00010626927542,0.0000952839109232,-0.000105056824395,0.000396752846427,-0.000332150346367,0.000216146654566,-0.000145240439451,0.000604255648796,-0.00010568122525,-0.00025493564317],[-0.000190711361938,0.00177977094427,-0.00000826060386316,0.000055139829783,-0.00000316892578667,0.00099837873131,-0.000696034694556,0.000568209739868,-0.000316154619213,0.00103204732295,-0.00139872403815,0.00103029899765,-0.0000775879743742],[0.000250652024988,-0.00000826060386316,0.00252655078657,-0.000186222663615,0.000360169709893,-0.000194600666873,0.000556364655495,-0.00146169168875,0.000335940159857,-0.00000113361727472,-0.000481387891341,0.000138513569254,-0.000575355952606],[-0.00010626927542,0.000055139829783,-0.000186222663615,0.00455091893673,-0.000118930613098,-0.0020193818491,0.000956005300395,-0.000117691699415,-0.00248626526445,0.00193445547484,-0.000565911526792,-0.00303134787828,0.0012977248989],[0.0000952839109232,-0.00000316892578667,0.000360169709893,-0.000118930613098,0.0065439324826,-0.000465250428533,-0.00240497034974,-0.000867657596245,0.000857444247231,0.00213537644595,-0.00409437529743,0.0018017051043,-0.000288831623038],[-0.000105056824395,0.00099837873131,-0.000194600666873,-0.0020193818491,-0.000465250428533,0.011179426685,-0.00378402974457,-0.00187220331281,0.00322337960824,-0.00463604647666,0.00430427445099,0.000454600143712,-0.00281951040961],[0.000396752846427,-0.000696034694556,0.000556364655495,0.000956005300395,-0.00240497034974,-0.00378402974457,0.014853852801,-0.0017602359876,-0.00648453785107,0.00532315205783,-0.00279716774821,0.00132709019817,-0.0023805857636],[-0.000332150346367,0.000568209739868,-0.00146169168875,-0.000117691699415,-0.000867657596245,-0.00187220331281,-0.0017602359876,0.0128268003464,-0.00248817028478,-0.00200534821488,0.000414975656895,-0.00590579677373,0.00454540969804],[0.000216146654566,-0.000316154619213,0.000335940159857,-0.00248626526445,0.000857444247231,0.00322337960824,-0.00648453785107,-0.00248817028478,0.0191567577422,-0.00614128028974,-0.00202858657576,0.00373183074407,-0.00263181282207],[-0.000145240439451,0.00103204732295,-0.00000113361727472,0.00193445547484,0.00213537644595,-0.00463604647666,0.00532315205783,-0.00200534821488,-0.00614128028974,0.0197875350714,-0.00713967951015,0.00135006709024,-0.00318225100636],[0.000604255648796,-0.00139872403815,-0.000481387891341,-0.000565911526792,-0.00409437529743,0.00430427445099,-0.00279716774821,0.000414975656895,-0.00202858657576,-0.00713967951015,0.0248111989349,-0.0126763368025,0.00274586374871],[-0.00010568122525,0.00103029899765,0.000138513569254,-0.00303134787828,0.0018017051043,0.000454600143712,0.00132709019817,-0.00590579677373,0.00373183074407,0.00135006709024,-0.0126763368025,0.0276828035712,-0.00715248566121],[-0.00025493564317,-0.0000775879743742,-0.000575355952606,0.0012977248989,-0.000288831623038,-0.00281951040961,-0.0023805857636,0.00454540969804,-0.00263181282207,-0.00318225100636,0.00274586374871,-0.00715248566121,0.0217486694455]],"mean":[-705.515136719,146.969451904,1.35285210609,39.098033905,-0.890968739986,14.7644090652,-1.3154681921,11.4361791611,1.56664979458,6.6600818634,3.97606444359,7.99826192856,-1.45975410938]},"pitch_salience":{"dmean":0.0898475423455,"dmean2":0.146693214774,"dvar":0.00553907733411,"dvar2":0.0142606562003,"max":0.996088683605,"mean":0.452222585678,"median":0.467063784599,"min":0.0346195697784,"var":0.0299797728658},"silence_rate_20dB":{"dmean":0,"dmean2":0,"dvar":0,"dvar2":0,"max":1,"mean":1,"median":1,"min":1,"var":0},"silence_rate_30dB":{"dmean":0.0258675515652,"dmean2":0.0517387613654,"dvar":0.0251984223723,"dvar2":0.0613604187965,"max":1,"mean":0.952791512012,"median":1,"min":0,"var":0.044979840517},"silence_rate_60dB":{"dmean":0.0189412683249,"dmean2":0.0378852151334,"dvar":0.0185824967921,"dvar2":0.0412562564015,"max":1,"mean":0.0636042430997,"median":0,"min":0,"var":0.0595587417483},"spectral_centroid":{"dmean":246.06237793,"dmean2":392.082061768,"dvar":75441.0546875,"dvar2":168904.78125,"max":10625.1679688,"mean":1152.12658691,"median":1028.72363281,"min":154.691421509,"var":344378.625},"spectral_complexity":{"dmean":2.24199581146,"dmean2":3.67005944252,"dvar":5.0951590538,"dvar2":12.3092899323,"max":55,"mean":13.0695409775,"median":10,"min":0,"var":123.441810608},"spectral_contrast_coeffs":{"dmean":[0.0508221685886,0.0473420880735,0.0357961431146,0.0250484328717,0.0201405137777,0.0366568081081],"dmean2":[0.0854651555419,0.0801389366388,0.0607926733792,0.0426426976919,0.033781118691,0.0592269226909],"dvar":[0.00160933355801,0.00138676841743,0.000782557355706,0.000418704847107,0.000371027155779,0.0012422024738],"dvar2":[0.00445035332814,0.00394974509254,0.00219525606371,0.00117895810399,0.00101611635182,0.00313028972596],"max":[-0.374854296446,-0.373418390751,-0.598606705666,-0.666427195072,-0.660978317261,-0.478711634874],"mean":[-0.741033375263,-0.787258446217,-0.824400126934,-0.843696177006,-0.830081880093,-0.744958937168],"median":[-0.750355362892,-0.791797399521,-0.827535390854,-0.846006274223,-0.831611514091,-0.741442203522],"min":[-0.999458491802,-0.999312758446,-0.999425411224,-0.999228179455,-0.996735453606,-0.966947615147],"var":[0.00654837070033,0.00381896412,0.00256061088294,0.00141297001392,0.00112483976409,0.00414160219952]},"spectral_contrast_valleys":{"dmean":[0.414330035448,0.388153374195,0.342924445868,0.295115351677,0.276149302721,0.528350949287],"dmean2":[0.688539922237,0.643107056618,0.574454724789,0.488650232553,0.441350758076,0.841623842716],"dvar":[0.127893343568,0.1268851161,0.126625150442,0.113490052521,0.124256059527,0.252226561308],"dvar2":[0.310448110104,0.308633297682,0.308984071016,0.270480692387,0.285018444061,0.650672793388],"max":[-4.96287202835,-4.4046587944,-5.02479934692,-5.36021327972,-5.9368724823,-8.99233436584],"mean":[-6.95450305939,-6.78045701981,-7.47629213333,-7.90726423264,-7.96656751633,-11.1372652054],"median":[-6.77931690216,-6.70705842972,-7.43342113495,-7.89358043671,-7.87105417252,-10.9867315292],"min":[-27.5372257233,-26.8993396759,-27.3355102539,-27.313533783,-27.1744613647,-27.2238368988],"var":[1.05348420143,1.17429971695,1.12365686893,1.11585056782,1.10571682453,0.856855928898]},"spectral_decrease":{"dmean":2.89690471611e-9,"dmean2":4.79399675513e-9,"dvar":1.28087991412e-17,"dvar2":3.29243460221e-17,"max":1.00344035303e-8,"mean":-6.03019545409e-9,"median":-4.74049643984e-9,"min":-5.96114162477e-8,"var":3.28698116586e-17},"spectral_energy":{"dmean":0.0112393805757,"dmean2":0.0185543056577,"dvar":0.000185919576325,"dvar2":0.000476629124023,"max":0.250221610069,"mean":0.0341325365007,"median":0.0252841375768,"min":1.03779404432e-20,"var":0.000947152322624},"spectral_energyband_high":{"dmean":0.00016940558271,"dmean2":0.000263182126218,"dvar":1.15838801662e-7,"dvar2":2.74413395118e-7,"max":0.00769972940907,"mean":0.000428078579716,"median":0.000214450483327,"min":7.4443088579e-21,"var":3.44894175441e-7},"spectral_energyband_low":{"dmean":0.00882589258254,"dmean2":0.0148248383775,"dvar":0.000140771619044,"dvar2":0.000362409919035,"max":0.184541210532,"mean":0.016547370702,"median":0.013177473098,"min":6.47211778902e-23,"var":0.000261028500972},"spectral_energyband_middle_high":{"dmean":0.000644439307507,"dmean2":0.00103253556881,"dvar":0.000002204781822,"dvar2":0.00000534375976713,"max":0.0375067852437,"mean":0.00251311436296,"median":0.000680654775351,"min":1.24339665182e-21,"var":0.0000227882810577},"spectral_energyband_middle_low":{"dmean":0.00290696881711,"dmean2":0.0048089409247,"dvar":0.0000312051270157,"dvar2":0.000084931278252,"max":0.154020681977,"mean":0.00779681373388,"median":0.00303096720017,"min":4.42973544839e-22,"var":0.000154259585543},"spectral_entropy":{"dmean":0.17630495131,"dmean2":0.280126214027,"dvar":0.0362327955663,"dvar2":0.0909552201629,"max":9.80575275421,"mean":7.64282417297,"median":7.69903087616,"min":5.32522439957,"var":0.11719596386},"spectral_flux":{"dmean":0.0221967305988,"dmean2":0.0364968404174,"dvar":0.000546315161046,"dvar2":0.00139153469354,"max":0.367103427649,"mean":0.0912010297179,"median":0.0828249305487,"min":2.32604602246e-8,"var":0.00242359377444},"spectral_kurtosis":{"dmean":3.11160826683,"dmean2":4.80985116959,"dvar":12.7788410187,"dvar2":32.6094665527,"max":66.7688446045,"mean":12.9155912399,"median":11.8295431137,"min":-1.2714048624,"var":40.9569816589},"spectral_rms":{"dmean":0.000934384588618,"dmean2":0.0015188640682,"dvar":8.2229672671e-7,"dvar2":0.00000202338992494,"max":0.0156242959201,"mean":0.00522334314883,"median":0.00496663386002,"min":3.18195231448e-12,"var":0.00000601672263656},"spectral_rolloff":{"dmean":3557.61108398,"dmean2":6823.37548828,"dvar":49622560,"dvar2":123567784,"max":22028.4667969,"mean":9310.76074219,"median":1722.65625,"min":21.533203125,"var":102990016},"spectral_skewness":{"dmean":0.28847655654,"dmean2":0.443192511797,"dvar":0.102577343583,"dvar2":0.252891927958,"max":6.39603614807,"mean":2.41501951218,"median":2.34511041641,"min":0.0257108807564,"var":0.422682344913},"spectral_spread":{"dmean":555780.25,"dmean2":820433.8125,"dvar":457426599936,"dvar2":1055998803970,"max":48391748,"mean":4754659.5,"median":4624538.5,"min":1792843.5,"var":1449609658370},"spectral_strongpeak":{"dmean":3.21564006805,"dmean2":5.84061002731,"dvar":207.419708252,"dvar2":540.258300781,"max":173.766494751,"mean":2.6774430275,"median":0.141609430313,"min":0,"var":198.817474365},"zerocrossingrate":{"dmean":0.0376184657216,"dmean2":0.0486086942255,"dvar":0.00115712953266,"dvar2":0.00171236577444,"max":0.74853515625,"mean":0.220335513353,"median":0.208984375,"min":0.0029296875,"var":0.0160540640354}},"metadata":{"audio_properties":{"analysis_sample_rate":44100,"bit_rate":233226,"codec":"mp3","downmix":"mix","equal_loudness":0,"length":328.516998291,"lossless":false,"md5_encoded":"a97008ed59e20c1314b7c19078d91aa6","replay_gain":-1.26510810852,"sample_rate":44100},"tags":{"acoustid_id":["fbc0b641-cf09-45dc-8e30-e0971ed751b2"],"album":["Sleeping With Ghosts"],"albumartist":["Placebo"],"artist":["Placebo"],"date":["2003"],"discnumber":["1/1"],"file_name":"06 - Placebo - Something Rotten.mp3","musicbrainz_albumartistid":["847e8284-8582-4b0e-9c26-b042a4f49e57"],"musicbrainz_albumid":["04ef359e-b07e-3f82-b8dc-f6cf930d0786"],"musicbrainz_artistid":["847e8284-8582-4b0e-9c26-b042a4f49e57"],"musicbrainz_recordingid":["14064301-4a59-4f3f-bbb1-b9679e829744"],"musicbrainz_releasegroupid":["fd6279cf-0bf3-3d8f-9e07-bde8b7a34448"],"replaygain_album_gain":["+0.42 dB"],"replaygain_album_peak":["0.413625"],"replaygain_track_gain":["+1.23 dB"],"replaygain_track_peak":["0.395837"],"title":["Something Rotten"],"tracknumber":["6/12"]},"version":{"essentia":"2.1-beta1","essentia_build_sha":"e76a03f03bb3900de42a1fa0d9be1e72f12def64","essentia_git_sha":"v2.1_beta1-28-g21ef5f4-dirty","extractor":"music 1.0"}},"rhythm":{"beats_count":704,"beats_loudness":{"dmean":0.017814643681,"dmean2":0.0312607549131,"dvar":0.000307478068862,"dvar2":0.00087891635485,"max":0.201922103763,"mean":0.0420631542802,"median":0.0343746654689,"min":9.71955600448e-8,"var":0.0010109427385},"beats_loudness_band_ratio":{"dmean":[0.152744695544,0.0687527582049,0.0469845347106,0.0193924345076,0.0136487875134,0.0759233087301],"dmean2":[0.255773812532,0.116819135845,0.0800132080913,0.0330807901919,0.0239246599376,0.129219442606],"dvar":[0.0207651425153,0.00569543195888,0.00289455172606,0.00066625175532,0.000396848481614,0.0061444058083],"dvar2":[0.0488254465163,0.0139798624441,0.00778673635796,0.00179936690256,0.00113922310993,0.0161281563342],"max":[0.996603965759,0.732372045517,0.422835558653,0.297980099916,0.1810824573