{"lowlevel":{"average_loudness":0.953038156033,"barkbands":{"dmean":[0.0000536049483344,0.00466600013897,0.00477876933292,0.00150394276716,0.00146281498019,0.00073573354166,0.000969183456618,0.000688621774316,0.000818863511086,0.000446954596555,0.000599603401497,0.000590955547523,0.000408638152294,0.000631873961538,0.000478288857266,0.00039282484795,0.00050225231098,0.000301432126435,0.000233178725466,0.000167448160937,0.000134618923767,0.000151654428919,0.000141291020554,0.000135551919811,0.000135846261401,0.0000544517606613,0.00000839903077576],"dmean2":[0.0000917918951018,0.00804612971842,0.00851779989898,0.00262965750881,0.00245499261655,0.00119373912457,0.00157520011999,0.00107654044405,0.00127606175374,0.000692976231221,0.0009294974152,0.000918716774322,0.000628698326182,0.00101350352634,0.000759370974265,0.000634795345832,0.000815215928014,0.0004894938902,0.000378923956305,0.000275899918051,0.00021712340822,0.000234412742429,0.000211876031244,0.000196726003196,0.000203245159355,0.0000843642555992,0.0000129177979034],"dvar":[1.58056092658e-8,0.0000658943972667,0.000182913368917,0.00000928416920942,0.0000116628943942,0.00000234281674238,0.00000484124211653,0.00000205803644349,0.00000235477591559,0.00000114752049285,0.00000157054944339,0.00000143492832194,8.8058163783e-7,0.00000154546455633,7.54656468871e-7,5.84496319789e-7,7.00472924109e-7,2.13241548863e-7,1.00654048651e-7,5.41978408819e-8,5.33672057657e-8,7.95231045458e-8,6.58196057657e-8,9.09674255922e-8,1.1541337841e-7,1.83883717142e-8,6.08829542337e-10],"dvar2":[4.34731788346e-8,0.000190671722521,0.000519185618032,0.0000260386459559,0.0000312331794703,0.00000581913627684,0.000012466643966,0.00000471979910799,0.00000552988285563,0.00000256638827523,0.00000359741216016,0.0000031275078527,0.00000168406597822,0.00000379011748919,0.0000017878755898,0.00000138030941343,0.00000170376722508,5.27011366103e-7,2.55461316101e-7,1.39828969736e-7,1.34259622087e-7,1.75646974299e-7,1.34808004759e-7,1.76237890059e-7,2.60358206106e-7,4.46286492206e-8,1.49348222678e-9],"max":[0.00186855020002,0.0996859818697,0.129104226828,0.0370605029166,0.0381192155182,0.0368447415531,0.0361690744758,0.0248716603965,0.0310637243092,0.0258718803525,0.0298481211066,0.0332972407341,0.0285386443138,0.0434323698282,0.0216086599976,0.022610059008,0.0251876488328,0.011849636212,0.00870893057436,0.00437892181799,0.00462385592982,0.00625319918618,0.00590643426403,0.00830854009837,0.00674177333713,0.00176328513771,0.000571690790821],"mean":[0.0000623491869192,0.0081357145682,0.0062255859375,0.00189165631309,0.00230625411496,0.00121400982607,0.0016660625115,0.00123339553829,0.00163473910652,0.000852698576637,0.00118005287368,0.00122655753512,0.000776457134634,0.0011073872447,0.00093247910263,0.000779317051638,0.00108892924618,0.000665043306071,0.000538982043508,0.000410680717323,0.000332535390044,0.000333739968482,0.000335903168889,0.000316217454383,0.000248769618338,0.0000897632417036,0.0000151339017975],"median":[0.000018840226403,0.00600886018947,0.00335023389198,0.00106418586802,0.00115500635002,0.00055925239576,0.000513812468853,0.000454208435258,0.000733634398784,0.000311295239953,0.000494514999446,0.000543573522009,0.000338033743901,0.000553949386813,0.000494725070894,0.000496586493682,0.000747051497456,0.000464554264909,0.000389794644434,0.000294710247545,0.000206773867831,0.000160897005117,0.000171744992258,0.000118761512567,0.0000515350366186,0.0000132724853756,0.00000137817937684],"min":[3.98060751028e-10,7.8209194676e-10,1.41999689784e-10,9.05637925763e-11,5.98972538235e-11,3.11848324941e-10,2.4956844924e-10,1.56972726484e-10,1.01047226142e-10,5.92636772989e-11,1.85440995892e-10,7.28557839058e-11,1.70468444916e-10,5.16402025308e-11,4.25826977846e-11,2.35371444557e-11,6.54923962284e-11,1.34594288839e-11,1.53720924878e-11,1.22846576661e-11,1.06819240953e-11,6.04455331274e-12,2.05783046853e-12,2.15177788782e-12,1.24083328248e-12,1.22240813392e-12,1.93407659679e-12],"var":[1.91621580825e-8,0.0000723653502064,0.000128803221742,0.00000769895541453,0.0000126980012283,0.0000039265214582,0.00000988205556496,0.00000529129238203,0.00000684650240146,0.00000354896474164,0.00000533773618372,0.00000613574229646,0.00000309044867208,0.00000385369776268,0.00000178063589829,0.00000117447075354,0.00000176913351879,5.32077990556e-7,3.04999161926e-7,1.8042526051e-7,1.60548822237e-7,2.32942994671e-7,2.2586577586e-7,2.835263615e-7,2.40040435528e-7,3.13039585365e-8,1.42248224311e-9]},"barkbands_crest":{"dmean":2.44210004807,"dmean2":4.07644796371,"dvar":5.37025594711,"dvar2":14.6905498505,"max":25.0219154358,"mean":9.00223445892,"median":8.39588832855,"min":2.19455599785,"var":12.748333931},"barkbands_flatness_db":{"dmean":0.0199767276645,"dmean2":0.0319001562893,"dvar":0.00049427873455,"dvar2":0.00132946355734,"max":0.313974916935,"mean":0.107392191887,"median":0.100693725049,"min":0.0185528304428,"var":0.0020043309778},"barkbands_kurtosis":{"dmean":2.13086843491,"dmean2":3.64327526093,"dvar":31.261516571,"dvar2":86.9682388306,"max":124.333061218,"mean":1.70940113068,"median":0.0221884250641,"min":-1.92377626896,"var":35.5700340271},"barkbands_skewness":{"dmean":0.499632418156,"dmean2":0.809862613678,"dvar":0.467730939388,"dvar2":1.22383821011,"max":9.80003738403,"mean":1.12375283241,"median":0.941004812717,"min":-1.98576819897,"var":1.07859992981},"barkbands_spread":{"dmean":6.42871856689,"dmean2":10.0837631226,"dvar":58.4825897217,"dvar2":129.092544556,"max":107.431083679,"mean":31.5679721832,"median":30.0344638824,"min":1.71891391277,"var":226.578063965},"dissonance":{"dmean":0.0134291360155,"dmean2":0.0229067541659,"dvar":0.000169116538018,"dvar2":0.000467757810839,"max":0.500000059605,"mean":0.475067466497,"median":0.479721039534,"min":0.338541477919,"var":0.000366088876035},"dynamic_complexity":2.33939933777,"erbbands":{"dmean":[0.0677621513605,1.31351399422,5.17416954041,4.94726705551,6.2187743187,3.83663678169,4.72385787964,6.69954442978,11.5820703506,15.0554008484,16.1509075165,15.6314630508,16.4698429108,18.492811203,18.0712471008,20.6141052246,17.542596817,22.2577114105,28.4716281891,22.7806625366,22.585723877,28.8755130768,17.5479507446,11.6169052124,9.89480495453,7.61200094223,5.18346357346,5.85201978683,5.3527545929,5.13899374008,3.99074864388,3.01654529572,2.33212709427,1.78385698795,0.8106366992,0.28247398138,0.10353820771,0.0135927954689,0.00147805083543,0.0000817909894977],"dmean2":[0.114996269345,2.27863836288,9.18564605713,8.7870092392,10.7536354065,6.2981338501,7.37526988983,10.9329547882,18.7942523956,24.1561222076,24.9753551483,24.4549045563,25.5087928772,28.5614719391,28.2735958099,31.7528381348,26.7165164948,35.0574951172,45.3281784058,36.5739173889,36.4165039062,46.7002639771,28.269903183,18.9864845276,16.0776100159,12.5131587982,8.45084190369,9.38849163055,8.30979061127,7.78070116043,6.03206539154,4.44046497345,3.40403938293,2.67099475861,1.24535572529,0.43470415473,0.163613379002,0.0214237067848,0.00228130538017,0.000125340011436],"dvar":[0.0128749161959,5.77486944199,195.302932739,148.803756714,246.908493042,68.6026687622,96.051612854,224.641372681,813.543395996,1075.78491211,1112.06848145,980.851867676,1248.58935547,1419.89929199,1439.71984863,1866.65063477,1227.99194336,2365.43212891,2492.38793945,1655.54077148,1901.49682617,2515.97998047,750.586730957,292.979003906,190.743515015,120.890090942,85.9502563477,102.976203918,102.230575562,90.5784835815,56.9369277954,40.8499221802,31.0326404572,22.3232383728,4.00953245163,0.39797526598,0.0993155017495,0.00115657609422,0.0000201862912945,5.33638768729e-8],"dvar2":[0.0378492735326,16.7168178558,550.060424805,424.600158691,682.622558594,177.923324585,224.556884766,561.855163574,2063.87475586,2703.72802734,2550.88793945,2260.94067383,2891.67016602,3320.06030273,3324.53466797,3966.12280273,2378.11938477,5563.24804688,6121.85058594,3938.98974609,4655.58544922,6078.28613281,1840.63684082,768.147583008,475.330871582,314.662567139,220.539291382,253.934783936,236.062332153,190.369232178,120.146499634,79.3082351685,62.6036949158,49.5996665955,9.43855762482,0.918981671333,0.252413988113,0.00283886585385,0.0000504336239828,1.27271192696e-7],"max":[1.4171949625,27.2942371368,129.929519653,126.938072205,187.14352417,133.019790649,211.179779053,418.874511719,461.158294678,589.932434082,781.718383789,722.633422852,874.918701172,1020.61907959,1017.11340332,1192.81115723,1308.39355469,1133.62121582,1414.08850098,1330.57507324,1529.29321289,1726.14660645,814.004150391,443.686462402,332.619781494,210.003768921,168.636062622,214.26802063,205.565612793,220.052993774,170.396270752,238.455322266,145.425872803,111.228050232,52.8843917847,13.6849765778,5.13405895233,0.657567322254,0.106549948454,0.00499169621617],"mean":[0.115637861192,2.2375805378,7.45071983337,6.59476804733,7.95724487305,6.42394638062,8.24405002594,11.0502748489,19.9084358215,26.3618049622,30.8964328766,31.3862876892,34.2428283691,41.1408081055,37.6063270569,46.3068389893,39.3123970032,43.3137588501,56.5435066223,47.3648643494,50.0336265564,64.2517547607,41.3870849609,28.770652771,25.0592899323,19.1196498871,12.2579936981,14.0727396011,11.6696815491,11.6482429504,9.36389160156,7.15931892395,5.00340461731,3.22776722908,1.46484804153,0.51037979126,0.147057250142,0.0225087478757,0.00267835264094,0.000184597811312],"median":[0.0782638266683,1.58038878441,4.09502458572,3.95911073685,3.8938472271,3.01412129402,3.39980626106,5.15225219727,6.63120365143,10.4376440048,11.9090232849,15.1590967178,15.7842226028,17.9904327393,19.8564605713,21.2497806549,19.4243717194,23.1860675812,33.75258255,28.6222648621,34.2494354248,43.5726013184,29.7092876434,21.609664917,18.4154968262,13.752705574,8.1351852417,7.91931056976,5.88214015961,5.9999127388,4.57275247574,3.02726006508,1.59386706352,0.741286456585,0.237094163895,0.0789641737938,0.0206268150359,0.00297589879483,0.000271004042588,0.0000624121239525],"min":[5.31126076453e-8,7.92211665157e-8,1.33311559125e-7,2.90888664267e-7,1.80363684876e-7,1.76901551185e-7,7.36771312404e-7,0.00000320076151183,0.00000466777328256,0.00000253145367424,0.00000378283289137,0.00000222879612011,8.7453611286e-7,0.00000515780811838,0.00000668609845889,0.0000028878187095,0.00000708866173227,0.00000452730864708,0.00000237224435296,0.00000130862110836,0.00000225990038416,0.00000328584656017,0.00000103084232705,7.89998466644e-7,8.14398163129e-7,5.31673833848e-7,3.59177732889e-7,3.62288488986e-7,2.27179995704e-7,1.38350188195e-7,4.71812988678e-8,3.96927930524e-8,3.37267493933e-8,1.45593421763e-8,1.0121453009e-8,5.76882142056e-9,1.91307814035e-9,8.89229412326e-10,3.08398306892e-10,3.33310705425e-11],"var":[0.016215344891,5.95734262466,146.580062866,105.327659607,205.391830444,107.394599915,199.058944702,364.668609619,1596.21838379,2029.5213623,2929.65527344,2671.5637207,3918.01708984,6394.859375,3924.73632812,8881.06738281,5911.21044922,5611.17675781,6497.28857422,3901.50878906,4142.08789062,6631.92626953,1970.34924316,789.038696289,633.963500977,399.074737549,190.473022461,338.985046387,278.704284668,265.02947998,191.43536377,138.457595825,81.4799041748,44.0888328552,8.48875522614,0.921360909939,0.111472971737,0.00227582175285,0.0000453199500043,1.34204213964e-7]},"erbbands_crest":{"dmean":2.16108751297,"dmean2":3.52478218079,"dvar":4.23324680328,"dvar2":10.4466457367,"max":26.6785106659,"mean":7.92790651321,"median":6.9323425293,"min":2.22670030594,"var":14.1142835617},"erbbands_flatness_db":{"dmean":0.0151584362611,"dmean2":0.0218109600246,"dvar":0.000242436683038,"dvar2":0.00044655581587,"max":0.295393645763,"mean":0.139511138201,"median":0.136679306626,"min":0.0461514256895,"var":0.00140956009272},"erbbands_kurtosis":{"dmean":0.587767243385,"dmean2":0.939083516598,"dvar":0.556089580059,"dvar2":1.33220398426,"max":17.6028747559,"mean":0.134449288249,"median":-0.197678565979,"min":-1.76118028164,"var":1.75223588943},"erbbands_skewness":{"dmean":0.27760964632,"dmean2":0.43039727211,"dvar":0.0633145049214,"dvar2":0.143873497844,"max":3.48544049263,"mean":-0.0501044504344,"median":-0.0734528377652,"min":-2.95236134529,"var":0.305879533291},"erbbands_spread":{"dmean":7.41893863678,"dmean2":11.6051254272,"dvar":72.8268890381,"dvar2":173.464599609,"max":142.119537354,"mean":38.8925971985,"median":36.8812217712,"min":4.44213581085,"var":234.930633545},"gfcc":{"cov":[[6624.02832031,-1673.99108887,307.026153564,219.255355835,-294.66708374,304.206970215,-270.408477783,132.980209351,-208.320175171,-131.075286865,-343.242919922,-143.562683105,-144.742385864],[-1673.99108887,1699.44250488,-355.95123291,251.479507446,199.163116455,-130.430236816,245.454269409,-100.82408905,159.291870117,-96.659324646,195.190261841,-86.6363830566,60.9121398926],[307.026153564,-355.95123291,589.109436035,-17.3057155609,28.4406147003,72.8915710449,-72.7816696167,73.604095459,-66.5801239014,76.5474090576,-77.3757171631,52.748790741,-41.2476158142],[219.255355835,251.479507446,-17.3057155609,331.324371338,-5.92856740952,79.1925125122,51.924079895,-16.5345592499,33.862991333,-71.9739837646,18.0568065643,-59.8465652466,26.1313648224],[-294.66708374,199.163116455,28.4406147003,-5.92856740952,268.44619751,10.0116825104,77.9646072388,18.853307724,-3.18201732635,11.7472457886,-14.5607700348,-8.79005432129,-7.32267379761],[304.206970215,-130.430236816,72.8915710449,79.1925125122,10.0116825104,181.933105469,26.043920517,35.8921089172,-5.82381296158,-13.6040592194,-14.2535820007,-16.8553142548,-0.566656768322],[-270.408477783,245.454269409,-72.7816696167,51.924079895,77.9646072388,26.043920517,179.359481812,31.42461586,36.5521011353,-18.8113250732,26.4338054657,-19.6660728455,-0.25598347187],[132.980209351,-100.82408905,73.604095459,-16.5345592499,18.853307724,35.8921089172,31.42461586,119.492828369,27.1550102234,19.7953643799,-13.5688743591,3.54023146629,-8.55955410004],[-208.320175171,159.291870117,-66.5801239014,33.862991333,-3.18201732635,-5.82381296158,36.5521011353,27.1550102234,127.849067688,21.7734508514,39.1247177124,-13.7715291977,2.19079613686],[-131.075286865,-96.659324646,76.5474090576,-71.9739837646,11.7472457886,-13.6040592194,-18.8113250732,19.7953643799,21.7734508514,108.780197144,13.0565958023,30.3094768524,-21.4535675049],[-343.242919922,195.190261841,-77.3757171631,18.0568065643,-14.5607700348,-14.2535820007,26.4338054657,-13.5688743591,39.1247177124,13.0565958023,105.256698608,13.7413139343,19.9214344025],[-143.562683105,-86.6363830566,52.748790741,-59.8465652466,-8.79005432129,-16.8553142548,-19.6660728455,3.54023146629,-13.7715291977,30.3094768524,13.7413139343,88.864906311,16.8412590027],[-144.742385864,60.9121398926,-41.2476158142,26.1313648224,-7.32267379761,-0.566656768322,-0.25598347187,-8.55955410004,2.19079613686,-21.4535675049,19.9214344025,16.8412590027,80.8945159912]],"icov":[[0.00028650125023,0.000252126599662,0.0000887251080712,-0.000361896178219,0.0000924141058931,-0.0000803215589258,0.00023218615388,-0.000295332632959,0.000179982336704,0.00027008636971,0.000286402035272,0.000285176472971,0.000399066717364],[0.000252126599662,0.00191674241796,-0.000085096929979,-0.00101894221734,-0.00112934282515,0.00146744272206,-0.00105853471905,0.000993680441752,-0.00109854736365,0.00147694756743,-0.0021129953675,0.00118613638915,-0.00000168851829585],[0.0000887251080712,-0.000085096929979,0.00305145815946,-0.00110060442239,-0.000220211994019,-0.000878907449078,0.00133542076219,-0.00194683112204,0.00172579975333,-0.00215641688555,0.00177333329339,-0.00181156105828,0.00122822367121],[-0.000361896178219,-0.00101894221734,-0.00110060442239,0.00582470558584,0.00065972522134,-0.00223307637498,-0.000702438002918,0.0015681241639,-0.00161339098122,0.00202493579127,-0.000488415244035,0.00189953285735,-0.00180971820373],[0.0000924141058931,-0.00112934282515,-0.000220211994019,0.00065972522134,0.00550303375348,-0.000960782926995,-0.00160886591766,-0.000709427171387,0.00145449477714,-0.0018428505864,0.00276258215308,0.000108916443423,-0.00012953481928],[-0.0000803215589258,0.00146744272206,-0.000878907449078,-0.00223307637498,-0.000960782926995,0.00855090934783,-0.00192409707233,-0.000813245831523,-0.00013327592751,0.00106220529415,-0.00200164457783,0.00149778288323,-0.000628262467217],[0.00023218615388,-0.00105853471905,0.00133542076219,-0.000702438002918,-0.00160886591766,-0.00192409707233,0.00973413046449,-0.00383524526842,0.000255466788076,0.000796968175564,-0.0000689530643285,-0.000732800923288,0.00196019141003],[-0.000295332632959,0.000993680441752,-0.00194683112204,0.0015681241639,-0.000709427171387,-0.000813245831523,-0.00383524526842,0.0132387513295,-0.00489603541791,0.000453723274404,-0.0000980623299256,0.000445615005447,-0.00127282284666],[0.000179982336704,-0.00109854736365,0.00172579975333,-0.00161339098122,0.00145449477714,-0.00013327592751,0.000255466788076,-0.00489603541791,0.0130486739799,-0.00507359812036,-0.000805882678833,0.00128106959164,0.00039668584941],[0.00027008636971,0.00147694756743,-0.00215641688555,0.00202493579127,-0.0018428505864,0.00106220529415,0.000796968175564,0.000453723274404,-0.00507359812036,0.0168825238943,-0.00470785796642,-0.00181267154403,0.00366011285223],[0.000286402035272,-0.0021129953675,0.00177333329339,-0.000488415244035,0.00276258215308,-0.00200164457783,-0.0000689530643285,-0.0000980623299256,-0.000805882678833,-0.00470785796642,0.0175182502717,-0.0040781176649,-0.00130088347942],[0.000285176472971,0.00118613638915,-0.00181156105828,0.00189953285735,0.000108916443423,0.00149778288323,-0.000732800923288,0.000445615005447,0.00128106959164,-0.00181267154403,-0.0040781176649,0.0177461002022,-0.00506065832451],[0.000399066717364,-0.00000168851829585,0.00122822367121,-0.00180971820373,-0.00012953481928,-0.000628262467217,0.00196019141003,-0.00127282284666,0.00039668584941,0.00366011285223,-0.00130088347942,-0.00506065832451,0.0164772067219]],"mean":[39.7573165894,78.2225341797,-123.649940491,37.9224472046,-48.0565299988,21.6608810425,-32.9811401367,13.7699174881,-16.2086524963,-0.54133272171,-14.6594905853,-1.39875662327,-13.3890447617]},"hfc":{"dmean":7.4317817688,"dmean2":11.1260843277,"dvar":98.654800415,"dvar2":212.078720093,"max":147.231491089,"mean":35.4617996216,"median":32.1345291138,"min":0.00000173093428657,"var":533.611938477},"melbands":{"dmean":[0.000947356107645,0.00234575849026,0.000907783920411,0.000356762990123,0.000158775568707,0.000150070991367,0.00018196075689,0.000161186093464,0.000135231821332,0.000103340600617,0.0000846228576847,0.0000743824348319,0.0000740247924114,0.0000551177799935,0.0000634011157672,0.0000391955582018,0.00004545322372,0.0000553610225325,0.0000363695980923,0.0000261025052168,0.0000297700553347,0.0000350463487848,0.0000213718103623,0.0000149011275425,0.0000103378743006,0.00000925196673052,0.00000733248907636,0.00000523747166881,0.00000357791259376,0.00000337604797096,0.00000373202715309,0.00000325084238284,0.00000329523300024,0.00000293201696877,0.0000026048962809,0.00000217147453441,0.00000193318805941,0.00000173089642885,0.00000173874423126,0.00000149490176682],"dmean2":[0.00162030314095,0.00413802405819,0.00159936910495,0.000609958369751,0.000248409458436,0.000244265625952,0.000295165576972,0.000255670078332,0.000209809979424,0.000161213421961,0.000130771601107,0.000114696158562,0.000115536378871,0.0000846900147735,0.0000991833439912,0.000059645732108,0.000071968017437,0.0000888826180017,0.0000579490406381,0.0000417922819906,0.0000484423253511,0.0000566619783058,0.0000345766857208,0.0000244177917921,0.0000169865688804,0.0000150708465299,0.0000120843214972,0.00000866528807819,0.00000588195234741,0.00000552286837774,0.00000601497640673,0.00000515047622685,0.00000515857254868,0.00000447130514658,0.00000402631394536,0.00000328498367708,0.00000290002981274,0.00000258000454778,0.00000258054933511,0.00000228634894484],"dvar":[0.00000241603720497,0.0000333906718879,0.0000041939165385,7.84278029187e-7,9.8143118521e-8,1.0576547993e-7,1.84945719184e-7,1.09801149506e-7,8.11989764316e-8,3.89970544745e-8,3.29753966355e-8,2.23597336202e-8,2.55159005036e-8,1.5569840528e-8,1.84616890664e-8,8.02943578293e-9,1.06414486112e-8,1.09160289696e-8,5.48090461905e-9,2.56890375638e-9,3.32062666253e-9,3.89067800199e-9,1.56048551858e-9,5.08871556004e-10,2.41739489537e-10,1.80008563611e-10,1.12525141982e-10,6.05091671213e-11,4.12248325754e-11,3.85364309907e-11,4.59626295357e-11,4.01274916073e-11,3.84191602143e-11,2.94038265958e-11,2.41858061356e-11,2.0074057e-11,1.82650231745e-11,1.67652905447e-11,2.14333273352e-11,1.58386481014e-11],"dvar2":[0.00000705061120243,0.0000942402330111,0.0000118560928968,0.00000212743657357,2.31547602425e-7,2.63496673369e-7,4.74069850043e-7,2.71869481594e-7,1.89055299415e-7,9.03793022644e-8,7.63739578247e-8,5.18391551907e-8,5.90073554463e-8,3.37425625219e-8,4.2453038418e-8,1.65026161625e-8,2.49099691985e-8,2.72162985482e-8,1.30584858482e-8,5.70264502286e-9,8.18773138178e-9,9.30623667017e-9,3.88621668179e-9,1.30224897532e-9,6.34605701322e-10,4.4966066981e-10,2.8669558394e-10,1.59564084168e-10,1.07063434507e-10,9.81489958751e-11,1.18352244671e-10,9.71308797282e-11,8.67598909382e-11,6.32807764522e-11,5.45681937136e-11,4.11010149526e-11,3.72833569573e-11,3.48665783745e-11,4.65198088384e-11,3.60332944038e-11],"max":[0.0209434330463,0.0531949549913,0.0207081064582,0.00960133690387,0.00682614510879,0.00867614056915,0.00672358227894,0.00596001930535,0.0082579376176,0.00495499046519,0.00441248714924,0.00382749643177,0.00422134669498,0.00453382544219,0.00503188557923,0.00232450687326,0.00272611668333,0.00347551028244,0.00190851290245,0.00212980550714,0.0021025580354,0.00228329468518,0.000975274306256,0.000583315326367,0.000385728053516,0.000350032380084,0.000216808373807,0.000134929563501,0.000122094497783,0.000174488479388,0.000168366212165,0.0001223415602,0.000130358414026,0.000124157944811,0.0000997081515379,0.000174769797013,0.000123838559375,0.0000997551396722,0.000105299848656,0.0000877275233506],"mean":[0.00166580057703,0.00374468974769,0.00124942907132,0.00050907098921,0.000288488256047,0.000250512035564,0.000315279496135,0.000289039424388,0.000254764367128,0.000205006435863,0.000169594190083,0.000160748095368,0.000146262042108,0.000110087021312,0.000134857429657,0.0000729392850189,0.000081016914919,0.0000995886221062,0.0000689768348821,0.000051417551731,0.0000589560258959,0.0000713671834092,0.0000438716524513,0.0000314784701914,0.0000221896953008,0.0000206600670936,0.0000163550157595,0.0000116382661872,0.00000737935670259,0.00000756117378842,0.00000814740087662,0.00000642306213194,0.00000664122353555,0.00000632863748251,0.00000564446281714,0.00000454341579825,0.00000430371210314,0.00000360238732355,0.0000031236625091,0.00000255141299021],"median":[0.00131575600244,0.00239371252246,0.000786418793723,0.000252498371992,0.000126091588754,0.000115248425573,0.000104380582343,0.000115212576929,0.0000886939305929,0.0000973008209257,0.0000712514156476,0.0000675533956382,0.0000694920163369,0.0000464528566226,0.0000514609491802,0.0000328789028572,0.0000399854179705,0.0000530378056283,0.0000338496138284,0.0000324837164953,0.000037164609239,0.000046021072194,0.0000296066609735,0.0000212909599213,0.0000157215290528,0.0000147051778185,0.000011105124031,0.00000786822602095,0.00000469974474981,0.00000450262450613,0.00000422331231675,0.00000307046025227,0.00000290010984827,0.0000033363012335,0.0000027488165415,0.00000188264641565,0.00000161794559972,0.00000111849305995,8.22764775421e-7,5.1945494306e-7],"min":[4.42146819157e-10,7.70488395307e-11,4.72932699946e-11,1.01665672408e-11,2.20563827619e-11,7.30771138047e-11,6.53816792373e-11,2.73390112632e-11,3.18600944238e-11,1.19522534231e-11,3.66855547676e-12,1.92876565414e-11,2.4350986505e-11,9.79994644462e-12,1.18846373715e-11,1.59912083575e-11,7.06917423904e-12,3.31135422901e-12,2.65980792079e-12,1.24636694195e-12,3.1296874814e-12,4.07347159476e-12,1.11720799712e-12,8.46269777345e-13,6.22428161529e-13,4.75722217695e-13,6.42593183525e-13,2.81821712234e-13,1.17543873398e-13,4.34207276254e-13,1.26732744308e-13,1.05867829152e-13,1.50084534644e-13,5.33209611989e-14,2.56463636271e-14,1.89052790214e-14,2.96644829469e-14,2.6816366849e-14,1.58666635196e-14,1.13402625981e-14],"var":[0.00000278820380117,0.000026537123631,0.00000310633322442,7.39453014376e-7,2.06738931752e-7,1.73925513991e-7,3.62365653928e-7,2.23159418056e-7,2.12729815985e-7,1.10413921561e-7,1.05395379535e-7,9.79963203918e-8,7.38765066899e-8,5.28785797371e-8,1.08010183908e-7,2.32622472396e-8,2.34381687392e-8,2.7884901499e-8,1.26055468286e-8,5.31632649015e-9,6.76703093561e-9,9.79176562055e-9,3.08890513168e-9,1.28444721526e-9,5.61657165221e-10,5.40508249269e-10,3.35127814388e-10,1.70200076255e-10,7.62562998857e-11,9.68055774431e-11,1.28600186056e-10,9.31765151146e-11,1.02997291251e-10,7.8560068173e-11,7.06457115029e-11,5.78605427459e-11,5.55696461069e-11,4.38003487646e-11,4.12616850409e-11,3.01463680408e-11]},"melbands_crest":{"dmean":3.24888968468,"dmean2":5.3676109314,"dvar":10.5996599197,"dvar2":28.1650943756,"max":34.5549545288,"mean":14.5895175934,"median":13.774939537,"min":2.16991591454,"var":30.1872138977},"melbands_flatness_db":{"dmean":0.0256962664425,"dmean2":0.0409900248051,"dvar":0.000843949557748,"dvar2":0.00218950887211,"max":0.434368282557,"mean":0.167419046164,"median":0.159359529614,"min":0.0117778712884,"var":0.00389160518534},"melbands_kurtosis":{"dmean":6.6808719635,"dmean2":11.428606987,"dvar":297.030090332,"dvar2":825.160949707,"max":370.524230957,"mean":9.64790153503,"median":4.79765892029,"min":-1.77345430851,"var":310.272094727},"melbands_skewness":{"dmean":0.740313887596,"dmean2":1.21006405354,"dvar":1.13021934032,"dvar2":2.98719763756,"max":14.6281642914,"mean":2.39023852348,"median":2.10088562965,"min":-1.50878334045,"var":2.34734177589},"melbands_spread":{"dmean":8.34023571014,"dmean2":13.2191057205,"dvar":97.6427993774,"dvar2":223.30607605,"max":198.345993042,"mean":32.5835762024,"median":30.1065750122,"min":0.91739487648,"var":354.210235596},"mfcc":{"cov":[[5809.19238281,-1129.65930176,95.5920257568,-16.1148986816,-20.7277183533,20.468334198,-47.5434036255,95.8668136597,44.2511482239,70.6444015503,-142.18951416,-134.299255371,-211.739578247],[-1129.65930176,1183.13391113,-271.188323975,258.584381104,11.0305051804,43.3276901245,55.0047721863,39.8784751892,-20.0783634186,28.2243442535,61.5135192871,38.5152053833,58.0374832153],[95.5920257568,-271.188323975,468.974884033,-23.6965045929,55.6422157288,13.1489543915,-2.38985872269,-3.16958284378,11.6921243668,-10.9821815491,8.78085327148,-10.7904577255,1.54748940468],[-16.1148986816,258.584381104,-23.6965045929,236.948898315,17.2803058624,52.2110824585,31.537229538,36.9144248962,12.3591365814,20.345697403,1.31178891659,4.31843233109,-15.2705936432],[-20.7277183533,11.0305051804,55.6422157288,17.2803058624,155.931686401,32.2771377563,29.3858795166,2.76554512978,29.468126297,1.3850505352,6.56013345718,-8.23202514648,1.56911683083],[20.468334198,43.3276901245,13.1489543915,52.2110824585,32.2771377563,130.338378906,44.9990882874,27.3924160004,14.1812000275,12.9917964935,1.01686859131,4.34934902191,-15.4086771011],[-47.5434036255,55.0047721863,-2.38985872269,31.537229538,29.3858795166,44.9990882874,144.381561279,48.4764671326,32.3496513367,6.23062944412,1.43247056007,7.98655128479,-16.7151851654],[95.8668136597,39.8784751892,-3.16958284378,36.9144248962,2.76554512978,27.3924160004,48.4764671326,119.34210968,36.8280334473,33.1489639282,-1.12171554565,1.57007789612,-3.31300473213],[44.2511482239,-20.0783634186,11.6921243668,12.3591365814,29.468126297,14.1812000275,32.3496513367,36.8280334473,105.48033905,29.7265110016,6.3043050766,9.72013473511,-7.8249707222],[70.6444015503,28.2243442535,-10.9821815491,20.345697403,1.3850505352,12.9917964935,6.23062944412,33.1489639282,29.7265110016,97.1851119995,31.8622722626,21.2347660065,-5.80220031738],[-142.18951416,61.5135192871,8.78085327148,1.31178891659,6.56013345718,1.01686859131,1.43247056007,-1.12171554565,6.3043050766,31.8622722626,85.3308639526,24.9942474365,20.3391189575],[-134.299255371,38.5152053833,-10.7904577255,4.31843233109,-8.23202514648,4.34934902191,7.98655128479,1.57007789612,9.72013473511,21.2347660065,24.9942474365,89.1517562866,24.139415741],[-211.739578247,58.0374832153,1.54748940468,-15.2705936432,1.56911683083,-15.4086771011,-16.7151851654,-3.31300473213,-7.8249707222,-5.80220031738,20.3391189575,24.139415741,96.9486846924]],"icov":[[0.000253466772847,0.000304735731333,0.000107026149635,-0.000255405844655,-0.0000263821639237,0.00000152490736127,0.000112425695988,-0.000219237408601,0.0000782370771049,-0.000245478440775,0.000159434450325,0.00020459596999,0.000249009142863],[0.000304735731333,0.00187316455413,0.000951425812673,-0.00190287805162,-0.000248715805355,0.0000866194968694,-0.000256457424257,-0.000345397886122,0.000624135194812,-0.0001538151555,-0.000791829894297,0.000227862648899,-0.000658385339193],[0.000107026149635,0.000951425812673,0.00276823877357,-0.000680296856444,-0.000919336976949,-0.000189706290257,0.000110145250801,-0.000273423822364,0.00014608487254,0.000386597152101,-0.00086558732437,0.000264831411187,-0.000342198996805],[-0.000255405844655,-0.00190287805162,-0.000680296856444,0.00679966108873,-0.0000880461011548,-0.00164022634272,0.000169557810295,-0.000719050876796,-0.000363844301319,-0.000326964742271,0.000883111264557,-0.000378563505365,0.00126866239589],[-0.0000263821639237,-0.000248715805355,-0.000919336976949,-0.0000880461011548,0.00779013801366,-0.00151687848847,-0.00115021085367,0.00133253424428,-0.00222580065019,0.000181950716069,-0.00041738327127,0.00138088571839,-0.000852893048432],[0.00000152490736127,0.0000866194968694,-0.000189706290257,-0.00164022634272,-0.00151687848847,0.0097244028002,-0.0020580040291,-0.000868040311616,0.000566882430576,-0.00056802702602,0.000119319389341,-0.000631135015283,0.00102564622648],[0.000112425695988,-0.000256457424257,0.000110145250801,0.000169557810295,-0.00115021085367,-0.0020580040291,0.00961903203279,-0.00343090714887,-0.00150101236068,0.001801312319,-0.000425250531407,-0.00121933454648,0.00203621480614],[-0.000219237408601,-0.000345397886122,-0.000273423822364,-0.000719050876796,0.00133253424428,-0.000868040311616,-0.00343090714887,0.0122119905427,-0.00266614998691,-0.00357202626765,0.00164336711168,0.00124617153779,-0.00179871649016],[0.0000782370771049,0.000624135194812,0.00014608487254,-0.000363844301319,-0.00222580065019,0.000566882430576,-0.00150101236068,-0.00266614998691,0.0124420840293,-0.00275693763979,0.000103937250969,-0.00105829699896,0.00059475353919],[-0.000245478440775,-0.0001538151555,0.000386597152101,-0.000326964742271,0.000181950716069,-0.00056802702602,0.001801312319,-0.00357202626765,-0.00275693763979,0.0151826627553,-0.005622216966,-0.00260487664491,0.00210777972825],[0.000159434450325,-0.000791829894297,-0.00086558732437,0.000883111264557,-0.00041738327127,0.000119319389341,-0.000425250531407,0.00164336711168,0.000103937250969,-0.005622216966,0.0159257203341,-0.00215575820766,-0.00214871368371],[0.00020459596999,0.000227862648899,0.000264831411187,-0.000378563505365,0.00138088571839,-0.000631135015283,-0.00121933454648,0.00124617153779,-0.00105829699896,-0.00260487664491,-0.00215575820766,0.0139585733414,-0.0033083432354],[0.000249009142863,-0.000658385339193,-0.000342198996805,0.00126866239589,-0.000852893048432,0.00102564622648,0.00203621480614,-0.00179871649016,0.00059475353919,0.00210777972825,-0.00214871368371,-0.0033083432354,0.0133731132373]],"mean":[-598.868164062,105.689163208,-7.88527822495,21.2899646759,10.7220869064,8.58757781982,1.84300470352,12.3583393097,3.26912379265,5.29577636719,2.42702674866,2.63708949089,1.34453999996]},"pitch_salience":{"dmean":0.0694939419627,"dmean2":0.114402450621,"dvar":0.00491260597482,"dvar2":0.0132852541283,"max":0.844080626965,"mean":0.511486172676,"median":0.513251781464,"min":0.106011733413,"var":0.0123292943463},"silence_rate_20dB":{"dmean":0,"dmean2":0,"dvar":0,"dvar2":0,"max":1,"mean":1,"median":1,"min":1,"var":0},"silence_rate_30dB":{"dmean":0.00514683639631,"dmean2":0.0102944513783,"dvar":0.00512008182704,"dvar2":0.0150336707011,"max":1,"mean":0.997275412083,"median":1,"min":0,"var":0.0027173392009},"silence_rate_60dB":{"dmean":0.000378443830414,"dmean2":0.000756944995373,"dvar":0.000378296303097,"dvar2":0.000756383407861,"max":1,"mean":0.0308786798269,"median":0,"min":0,"var":0.0299254041165},"spectral_centroid":{"dmean":243.411361694,"dmean2":380.309539795,"dvar":71608.0859375,"dvar2":162893.140625,"max":4648.49072266,"mean":1702.04248047,"median":1716.66662598,"min":245.860916138,"var":329045.15625},"spectral_complexity":{"dmean":3.55245232582,"dmean2":5.68950128555,"dvar":12.8322067261,"dvar2":29.3662223816,"max":58,"mean":27.9960651398,"median":29,"min":0,"var":112.197860718},"spectral_contrast_coeffs":{"dmean":[0.0524063557386,0.0458002276719,0.0380814410746,0.029817212373,0.0213954318315,0.0193453393877],"dmean2":[0.0881417393684,0.0751488283277,0.06166632846,0.0481033176184,0.03447348997,0.0296231489629],"dvar":[0.00218434957787,0.00139246415347,0.000936618831474,0.000592067022808,0.00031326545286,0.000360610487405],"dvar2":[0.00600908650085,0.00363028934225,0.00236883666366,0.00147938821465,0.000762698764447,0.000759107409976],"max":[-0.357172131538,-0.410272777081,-0.503339350224,-0.524899125099,-0.548893094063,-0.582190275192],"mean":[-0.646474003792,-0.733152627945,-0.748835980892,-0.761405348778,-0.770110964775,-0.74877089262],"median":[-0.647803068161,-0.742460012436,-0.754570960999,-0.764685869217,-0.770395517349,-0.750717401505],"min":[-0.935255765915,-0.945604860783,-0.93314832449,-0.936865568161,-0.91821628809,-0.88736063242],"var":[0.00553657812998,0.00570814451203,0.00423696404323,0.00291448808275,0.00153653300367,0.00193604128435]},"spectral_contrast_valleys":{"dmean":[0.368298709393,0.330650746822,0.279175311327,0.235982105136,0.197578638792,0.301448374987],"dmean2":[0.622956156731,0.552157819271,0.456883490086,0.381484478712,0.309658735991,0.399721413851],"dvar":[0.0911650136113,0.0812613144517,0.0551899410784,0.0428287796676,0.045419704169,0.149625524879],"dvar2":[0.252847909927,0.219377726316,0.138915628195,0.104422718287,0.0989863276482,0.259933114052],"max":[-5.45305967331,-4.26688432693,-5.18371200562,-5.68840646744,-5.69982481003,-7.27152442932],"mean":[-7.05797672272,-6.64179325104,-7.06495332718,-7.21531629562,-7.05164527893,-9.71427536011],"median":[-6.87144184113,-6.5742893219,-6.96598386765,-7.08639812469,-6.83409929276,-9.52625370026],"min":[-14.1449079514,-13.3939886093,-14.4196176529,-14.4967575073,-14.9827566147,-18.0402107239],"var":[0.707344532013,0.47142380476,0.488249212503,0.512960731983,0.701064705849,1.57413852215]},"spectral_decrease":{"dmean":2.8421911491e-9,"dmean2":4.89489648814e-9,"dvar":2.80373067148e-17,"dvar2":7.83304702932e-17,"max":-1.19266802363e-15,"mean":-8.58026272255e-9,"median":-7.99409072272e-9,"min":-4.97605050498e-8,"var":2.7274485717e-17},"spectral_energy":{"dmean":0.0110005149618,"dmean2":0.0188718680292,"dvar":0.000407004874432,"dvar2":0.00113500363659,"max":0.190336376429,"mean":0.0356004275382,"median":0.0335679501295,"min":4.65840477304e-9,"var":0.000412724446505},"spectral_energyband_high":{"dmean":0.000608973728959,"dmean2":0.000878582010046,"dvar":0.00000114301099075,"dvar2":0.00000222595076593,"max":0.0206951070577,"mean":0.00184129294939,"median":0.00102519162465,"min":2.89147802923e-11,"var":0.00000485403325001},"spectral_energyband_low":{"dmean":0.00880414247513,"dmean2":0.0154337566346,"dvar":0.000407535058912,"dvar2":0.00114741153084,"max":0.181644678116,"mean":0.0154023794457,"median":0.0118207456544,"min":1.91323734633e-9,"var":0.000332309951773},"spectral_energyband_middle_high":{"dmean":0.00218187901191,"dmean2":0.00336932064965,"dvar":0.00000730814053895,"dvar2":0.0000166349927895,"max":0.0492403879762,"mean":0.00928470306098,"median":0.00757040269673,"min":7.07458813753e-10,"var":0.0000484226438857},"spectral_energyband_middle_low":{"dmean":0.00420946115628,"dmean2":0.00689087295905,"dvar":0.0000476353852719,"dvar2":0.000124765530927,"max":0.0837249755859,"mean":0.0101496083662,"median":0.00820682290941,"min":9.72941172073e-10,"var":0.0000675812916597},"spectral_entropy":{"dmean":0.124304875731,"dmean2":0.183302924037,"dvar":0.0192072782665,"dvar2":0.0386897996068,"max":8.81074142456,"mean":7.79983091354,"median":7.81112480164,"min":6.4180598259,"var":0.122282683849},"spectral_flux":{"dmean":0.0255760401487,"dmean2":0.0398824997246,"dvar":0.00122025434393,"dvar2":0.00237603974529,"max":0.388365894556,"mean":0.0959829539061,"median":0.0871035382152,"min":0.000199640155188,"var":0.00253141112626},"spectral_kurtosis":{"dmean":1.17238461971,"dmean2":1.95067703724,"dvar":1.81568562984,"dvar2":5.28596830368,"max":21.0905818939,"mean":3.6717607975,"median":3.28828430176,"min":-1.02546739578,"var":4.75121927261},"spectral_rms":{"dmean":0.000811762467492,"dmean2":0.00135826342739,"dvar":0.00000139158305501,"dvar2":0.00000380293067792,"max":0.0136269591749,"mean":0.00565760722384,"median":0.00572269363329,"min":0.00000213185012399,"var":0.00000272363718068},"spectral_rolloff":{"dmean":619.850219727,"dmean2":1022.04827881,"dvar":978617.625,"dvar2":2106233,"max":11735.5957031,"mean":2077.28808594,"median":1722.65625,"min":64.599609375,"var":2993582.25},"spectral_skewness":{"dmean":0.170203194022,"dmean2":0.269446969032,"dvar":0.0287267379463,"dvar2":0.0724463164806,"max":3.37056159973,"mean":1.39492416382,"median":1.37770414352,"min":-0.00214055273682,"var":0.122333116829},"spectral_spread":{"dmean":563706.625,"dmean2":786335.75,"dvar":523940331520,"dvar2":984355307520,"max":15959031,"mean":4755590,"median":4473177.5,"min":1791030.625,"var":2535510245380},"spectral_strongpeak":{"dmean":0.560748279095,"dmean2":0.982105374336,"dvar":1.04887533188,"dvar2":2.652977705,"max":14.1224966049,"mean":0.997464179993,"median":0.500296115875,"min":0,"var":1.98172450066},"zerocrossingrate":{"dmean":0.0112513126805,"dmean2":0.0134277902544,"dvar":0.000180460367119,"dvar2":0.000211961130844,"max":0.34130859375,"mean":0.0767766386271,"median":0.06689453125,"min":0.00390625,"var":0.00185795896687}},"metadata":{"audio_properties":{"analysis_sample_rate":44100,"bit_rate":0,"codec":"flac","downmix":"mix","equal_loudness":0,"length":306.773345947,"lossless":true,"md5_encoded":"2443e08ef8c2bcd42132eeee77706a3d","replay_gain":-14.3734531403},"tags":{"album":["Hot Cakes"],"albumartist":["The Darkness"],"albumartistsort":["Darkness, The"],"artist":["The Darkness"],"artistsort":["Darkness, The"],"compilation":["1"],"date":["2012-08-17"],"discnumber":["1"],"disctotal":["1"],"file_name":"05 - Living Each Day Blind.flac","musicbrainz_albumartistid":["81df2271-03a1-46a3-bb30-cce187235312"],"musicbrainz_albumid":["dcc29f8c-d51a-4dde-945c-fc66ae5e9587"],"musicbrainz_artistid":["81df2271-03a1-46a3-bb30-cce187235312"],"musicbrainz_recordingid":["141c7de5-02b1-4936-ab81-d3e5d368d44a"],"musicbrainz_releasegroupid":["993b36ff-ab3e-44e0-914f-849cb514aaac"],"releasecountry":["GB"],"releasetype":["album"],"replaygain_album_gain":["-10.07 dB"],"replaygain_album_peak":["1.00000000"],"replaygain_reference_loudness":["89.0 dB"],"replaygain_track_gain":["-9.01 dB"],"replaygain_track_peak":["0.99996948"],"title":["Living Each Day Blind"],"totaldiscs":["1"],"totaltracks":["15"],"tracknumber":["5"],"tracktotal":["15"]},"version":{"essentia":"2.1-beta1","essentia_build_sha":"0a826ad6289770054bb7564d59068f1232327ff9","essentia_git_sha":"v2.1_beta1-5-gf9dded9","extractor":"music 1.0"}},"rhythm":{"beats_count":811,"beats_loudness":{"dmean":0.0124953901395,"dmean2":0.0214150771499,"dvar":0.000136142451083,"dvar2":0.000423978373874,"max":0.148286655545,"mean":0.0372045300901,"median":0.0365542508662,"min":0.00000155985151196,"var":0.000208902580198},"beats_loudness_band_ratio":{"dmean":[0.233131825924,0.107382662594,0.093295738101,0.071407482028,0.0692521110177,0.0696670934558],"dmean2":[0.388356804848,0.189908400178,0.160659089684,0.124010026455,0.119968116283,0.1