{"lowlevel":{"average_loudness":0.858812212944,"barkbands":{"dmean":[0.00449634809047,0.00672694249079,0.00388591201045,0.00174264784437,0.00203268649057,0.00158280541655,0.00189556169789,0.000513482897077,0.000458328286186,0.000449430692242,0.000722482916899,0.00140005047433,0.000819963752292,0.000723797536921,0.000512502563652,0.000212410086533,0.000123444246128,0.0000888218128239,0.000059197707742,0.0000430642430729,0.0000396386094508,0.0000262230350927,0.000012705424524,0.00000556337681701,0.00000269765700978,0.0000113449623313,0.000417146686232],"dmean2":[0.00758210849017,0.0114258993417,0.00680837407708,0.00302624958567,0.00337319402024,0.00259526143782,0.0029743348714,0.000845185073558,0.000745438446756,0.00073483370943,0.00118021061644,0.00233255932108,0.00135965796653,0.00121972791385,0.000860109808855,0.000352930277586,0.000203670817427,0.000141371216159,0.0000939229576034,0.000065386229835,0.0000573363358853,0.0000369135559595,0.0000177114779945,0.00000816990541352,0.00000447257298219,0.0000157912490977,0.000673740694765],"dvar":[0.000131683162181,0.000144121368066,0.0000453506254416,0.00000669602013659,0.00001044655437,0.00000877413185663,0.0000176733828994,0.00000140950919558,7.37050754651e-7,8.11310201243e-7,0.00000220273818741,0.00000311079770654,0.00000152484722094,7.83269229032e-7,5.15378417276e-7,1.02699367233e-7,5.97547042958e-8,5.85989994306e-8,1.93218543387e-8,4.5279438865e-8,5.16800433559e-8,1.44969050098e-8,1.04711039839e-9,8.34578933739e-11,1.89216472352e-11,5.78968706311e-10,2.22839403818e-7],"dvar2":[0.000320383551298,0.000371222500689,0.000135399124702,0.0000192980278371,0.0000263623860519,0.0000223328770517,0.0000423668825533,0.00000316538216794,0.00000174396200237,0.00000188780620647,0.00000540850442121,0.00000834576985653,0.00000389585738958,0.00000211535166272,0.00000138356699608,2.64630983793e-7,1.44519987089e-7,1.44941282088e-7,4.43215562029e-8,9.09570090357e-8,1.00336499997e-7,3.07052800963e-8,2.01462202476e-9,1.66193767082e-10,4.83473018564e-11,1.11011944082e-9,5.63400703868e-7],"max":[0.158056885004,0.181629657745,0.131930574775,0.055501639843,0.083177216351,0.0829994231462,0.0728880017996,0.0506542138755,0.0273496303707,0.0288104899228,0.0566207319498,0.0351835004985,0.0342815406621,0.0129822716117,0.0137489587069,0.00693221297115,0.0139290587977,0.0079360390082,0.00555909704417,0.014397367835,0.0165610257536,0.00753093371168,0.00139104458503,0.000169930717675,0.0000924529522308,0.000934016308747,0.0138037055731],"mean":[0.00390390516259,0.00806908030063,0.00510393455625,0.00245367176831,0.00327703077346,0.00259860907681,0.00341836363077,0.00084668782074,0.000761993229389,0.000736013927963,0.00118488504086,0.00259854481556,0.00149817764759,0.00146860769019,0.00104606628884,0.000430229818448,0.000243938498897,0.000159492832609,0.000116522634926,0.0000891895979294,0.0000783027571742,0.0000498013832839,0.0000243394315476,0.00000927066503209,0.00000293303946819,0.0000223163169721,0.00143655238207],"median":[0.000596685975324,0.0038535464555,0.00248543638736,0.00142174318898,0.00208496977575,0.00140770128928,0.000948699656874,0.000442980934167,0.000446109828772,0.000379667093512,0.000650958740152,0.00199037394486,0.000969775195699,0.00112312973943,0.000706760736648,0.000294629164273,0.000161608462804,0.0000577429273108,0.0000485542477691,0.0000354881558451,0.0000279164596577,0.0000185730605153,0.00000972668567556,0.00000412833560404,0.00000141873010762,0.00000956377789407,0.00125953333918],"min":[2.06704848286e-24,3.9754274554e-24,1.78679184122e-24,4.45732088872e-24,5.76905102927e-24,1.50738097679e-23,2.43665549438e-23,1.40781174219e-23,3.08733778795e-23,2.56559023394e-23,4.48835538671e-23,4.95655979563e-23,4.13902221878e-23,2.71842603899e-23,9.28612537073e-23,9.97141451889e-23,1.00134614362e-22,1.36385644411e-22,1.43603620719e-22,1.72017519623e-22,3.00251744394e-22,3.1641983361e-22,4.48639408917e-22,7.11206548427e-22,9.65327852785e-22,1.61577262349e-21,1.94691093552e-21],"var":[0.000117605770356,0.000157363741891,0.0000629289497738,0.0000100306078821,0.0000181668747246,0.0000205534415727,0.0000493497136631,0.0000037330125906,0.00000160194645105,0.00000177961874215,0.00000464448703497,0.00000600535804551,0.00000304781315208,0.00000176791263584,0.00000119570904644,2.17933177282e-7,1.21425372868e-7,1.22281022641e-7,5.82063997001e-8,1.74704084088e-7,1.27603755118e-7,2.66981459163e-8,2.40054531808e-9,1.86298504401e-10,2.00336396777e-11,1.2943950356e-9,0.00000100279521575]},"barkbands_crest":{"dmean":2.46198248863,"dmean2":4.12016201019,"dvar":4.6888999939,"dvar2":12.4824934006,"max":22.7851371765,"mean":8.15831279755,"median":7.39028549194,"min":2.54178977013,"var":11.5920352936},"barkbands_flatness_db":{"dmean":0.0227844510227,"dmean2":0.0369314029813,"dvar":0.000431238499004,"dvar2":0.00111407157965,"max":0.383255332708,"mean":0.130412787199,"median":0.125930443406,"min":0.0284720957279,"var":0.00155194534454},"barkbands_kurtosis":{"dmean":3.37841892242,"dmean2":5.65822982788,"dvar":95.3588790894,"dvar2":250.167556763,"max":303.343292236,"mean":5.53517723083,"median":2.62904310226,"min":-1.81442308426,"var":154.072036743},"barkbands_skewness":{"dmean":0.528466045856,"dmean2":0.866105556488,"dvar":0.415385514498,"dvar2":1.05311286449,"max":13.1380758286,"mean":1.82189929485,"median":1.5704741478,"min":-2.15273833275,"var":1.42091619968},"barkbands_spread":{"dmean":7.57609128952,"dmean2":12.4608268738,"dvar":50.855091095,"dvar2":131.2474823,"max":129.765960693,"mean":32.926990509,"median":31.516992569,"min":0.629868686199,"var":203.903091431},"dissonance":{"dmean":0.0153756234795,"dmean2":0.0264036562294,"dvar":0.000200534617761,"dvar2":0.00056745915208,"max":0.500000238419,"mean":0.473818033934,"median":0.478270292282,"min":0.333451926708,"var":0.000351509428583},"dynamic_complexity":2.23606777191,"erbbands":{"dmean":[0.324603796005,1.15163731575,4.08616924286,4.69219017029,7.46646547318,6.5359954834,7.72535181046,15.0646162033,21.0857715607,29.0474872589,8.83273983002,10.6799755096,8.3996181488,19.0172328949,35.4043235779,51.1127433777,38.5778121948,33.390586853,32.0936164856,17.4406242371,8.79775810242,6.49433469772,4.70896244049,3.73120236397,2.55369973183,2.01882719994,1.80405795574,1.38214123249,1.03259778023,0.593127846718,0.337657630444,0.177676543593,0.0594927445054,0.030280964449,0.0194121152163,0.0148659041151,0.0251457355917,0.0273942183703,0.0133968731388,0.00833217985928],"dmean2":[0.550226509571,2.00132369995,7.16525554657,8.1219367981,12.6509923935,10.8359451294,13.0244607925,24.4231033325,33.4164619446,46.0874519348,14.3283758163,17.500087738,13.7866897583,30.4797859192,58.053276062,85.2975311279,63.8701782227,56.1740074158,53.9889678955,29.0222434998,14.5766181946,10.6724395752,7.51399755478,5.83887386322,3.9757578373,3.08632516861,2.61568784714,2.0085644722,1.48099017143,0.834539651871,0.471010476351,0.250932604074,0.0917939245701,0.0499832294881,0.0321124456823,0.023028595373,0.0344205237925,0.0365178361535,0.0179551877081,0.0132736619562],"dvar":[0.54895055294,3.94920492172,50.6098899841,45.5313415527,105.70249176,190.2865448,173.41192627,914.78894043,2786.43212891,4293.92529297,385.466003418,481.115112305,216.733886719,1414.96801758,3906.75854492,3532.95629883,3472.75390625,1823.38024902,1753.54626465,642.19708252,193.800323486,165.625366211,151.433120728,97.5875930786,45.0772743225,120.499794006,119.172172546,48.1354560852,25.624622345,4.13998508453,0.640408337116,0.107002511621,0.00780428340659,0.00237758271396,0.000955936964601,0.000443037686637,0.00271154264919,0.00563447363675,0.00155251845717,0.0000763261996326],"dvar2":[1.39768517017,10.7233133316,147.404510498,131.854766846,285.96307373,456.015228271,456.055358887,2324.26367188,6613.42285156,10401.4511719,860.067626953,1135.55944824,516.819091797,3302.79125977,9515.38574219,9601.33691406,8904.14550781,4910.25244141,4787.88085938,1699.49145508,498.498413086,404.836395264,366.446929932,225.601119995,92.3453063965,243.993637085,235.35244751,90.3539352417,55.5665626526,7.9491686821,1.18338513374,0.197731137276,0.0177566986531,0.00607594987378,0.00243804999627,0.00101818109397,0.0049499492161,0.0104302624241,0.00297326757573,0.000186851277249],"max":[7.208091259,39.9285545349,139.936462402,120.744514465,202.346893311,400.896942139,561.519897461,878.571716309,1027.29528809,1614.31188965,1015.39019775,852.831054688,544.728637695,1025.09863281,2261.78857422,1006.57678223,1432.40808105,691.024047852,869.928771973,467.262298584,395.915557861,600.813781738,481.571472168,378.061920166,377.554779053,665.731872559,798.960266113,481.685882568,326.265869141,98.5588226318,33.7920379639,7.14292383194,1.49883532524,1.0336587429,0.654147326946,0.386853992939,1.86851239204,3.70267891884,2.70138239861,0.258438766003],"mean":[0.317963063717,1.52995717525,5.49115228653,7.26274681091,11.5649681091,9.64926147461,11.6608505249,24.5129127502,35.7099723816,53.5489120483,17.0264968872,17.4938259125,14.8233880997,35.6116523743,67.2091140747,99.6706619263,76.6023025513,71.1491088867,68.6743545532,39.6422157288,19.8743534088,13.6056232452,9.00296211243,7.30341672897,5.18719005585,4.22726631165,3.57626366615,2.71031355858,1.93848574162,1.13219201565,0.63861322403,0.315826684237,0.0907771214843,0.0344519242644,0.0215399321169,0.0228241719306,0.0498578287661,0.0617898702621,0.0425181984901,0.0431463345885],"median":[0.100748538971,0.801239967346,2.69955849648,4.50410556793,6.983751297,5.25817680359,7.2361998558,12.2327899933,11.0817203522,15.9674444199,10.4676685333,9.96665477753,9.72551345825,18.8961448669,45.9307975769,79.9907989502,53.2770042419,53.0064582825,51.4860305786,27.8322849274,14.3907108307,9.0766620636,3.75385284424,2.72663640976,2.22171020508,1.66305601597,1.36383879185,0.962199211121,0.709086358547,0.440525919199,0.248193919659,0.124472074211,0.0482370629907,0.0178158096969,0.010685200803,0.0132155092433,0.0199089068919,0.0228019356728,0.023174000904,0.0407030135393],"min":[2.24775628197e-22,7.51153959797e-22,1.64401278367e-21,2.01486834648e-20,3.62554684199e-20,1.87948812234e-20,7.11357296843e-20,1.16753803426e-19,2.75057302611e-19,3.13146307331e-19,4.82896667875e-19,7.45263417227e-19,9.82226519389e-19,1.78422444537e-18,1.24079893957e-18,2.31228310674e-18,1.98451940646e-18,2.64962969442e-18,4.62518535817e-18,4.51162834932e-18,5.59074460181e-18,4.72621637101e-18,7.00508241498e-18,7.0344059677e-18,7.00739273043e-18,9.03922376601e-18,1.09277581682e-17,1.16783220037e-17,1.26638671717e-17,1.6931004093e-17,1.31880697238e-17,1.61659497075e-17,1.17491526523e-17,8.50149515648e-18,6.56785376834e-18,5.0604436606e-18,2.77105587923e-18,1.08445167084e-18,2.52220732904e-19,3.02698537981e-20],"var":[0.48070448637,5.14013719559,72.5314025879,71.9949645996,205.208587646,285.482757568,258.105072021,2262.90161133,5880.56982422,14442.7919922,998.811096191,1034.53027344,407.817626953,3674.49829102,8008.42041016,7062.92138672,6959.56054688,4449.89404297,4017.55273438,1614.5958252,416.170562744,352.221252441,325.431427002,265.664031982,151.395812988,414.147827148,313.14755249,117.057235718,45.2915306091,8.82776165009,1.50163638592,0.259495049715,0.014060924761,0.00255397241563,0.00102885963861,0.000776822387706,0.00646201567724,0.0148593755439,0.00632075360045,0.000600383442361]},"erbbands_crest":{"dmean":2.34269833565,"dmean2":3.92687249184,"dvar":4.23928260803,"dvar2":11.1015005112,"max":28.8260402679,"mean":8.53033065796,"median":7.92918109894,"min":1.94573628902,"var":10.0343055725},"erbbands_flatness_db":{"dmean":0.0188940130174,"dmean2":0.0291899479926,"dvar":0.0002623241744,"dvar2":0.000606038374826,"max":0.323532313108,"mean":0.160383343697,"median":0.156374678016,"min":0.0363962762058,"var":0.0020481494721},"erbbands_kurtosis":{"dmean":0.880251944065,"dmean2":1.44556879997,"dvar":0.823301613331,"dvar2":2.10558176041,"max":16.0185565948,"mean":0.658856153488,"median":0.337207555771,"min":-1.77369308472,"var":2.27310347557},"erbbands_skewness":{"dmean":0.30699852109,"dmean2":0.486447989941,"dvar":0.066417761147,"dvar2":0.16493242979,"max":3.9991338253,"mean":-0.310242176056,"median":-0.336782962084,"min":-2.51726579666,"var":0.297105967999},"erbbands_spread":{"dmean":4.8573641777,"dmean2":7.84693622589,"dvar":23.6428489685,"dvar2":59.6078300476,"max":161.822189331,"mean":24.7808074951,"median":22.4813289642,"min":4.53054618835,"var":147.364746094},"gfcc":{"cov":[[8501.2890625,298.313354492,-700.41015625,-66.2219314575,-90.2630081177,-258.53793335,223.135971069,-215.036849976,157.599227905,100.518478394,89.2981338501,82.7379684448,-115.922546387],[298.313354492,784.86706543,-112.653900146,-326.838623047,193.986907959,-25.9302768707,-57.4374885559,-23.6290225983,31.9481658936,-26.1094532013,69.3461380005,-98.3347091675,80.7080917358],[-700.41015625,-112.653900146,452.872070312,257.592285156,-15.7809696198,167.497558594,-22.2464809418,39.3632164001,-64.5982208252,-9.21391296387,-50.5498313904,39.8667564392,4.27188110352],[-66.2219314575,-326.838623047,257.592285156,477.582763672,-22.4698143005,23.9508609772,114.729881287,6.67461252213,-54.493850708,-14.4673299789,-43.9815750122,79.3435821533,-55.875038147],[-90.2630081177,193.986907959,-15.7809696198,-22.4698143005,164.939041138,7.53221511841,22.0459938049,-0.314822971821,-2.67296981812,-29.8127994537,25.9342498779,-20.2581748962,34.7712974548],[-258.53793335,-25.9302768707,167.497558594,23.9508609772,7.53221511841,181.792037964,-27.4313297272,33.0107269287,-32.6494216919,0.846169948578,-21.8499221802,6.25976514816,19.4571323395],[223.135971069,-57.4374885559,-22.2464809418,114.729881287,22.0459938049,-27.4313297272,151.635910034,-20.248134613,24.4345359802,-8.27336025238,-5.05825567245,32.0018386841,-26.0168075562],[-215.036849976,-23.6290225983,39.3632164001,6.67461252213,-0.314822971821,33.0107269287,-20.248134613,112.926353455,8.01345920563,23.5509586334,10.5646362305,-15.8273000717,16.4881095886],[157.599227905,31.9481658936,-64.5982208252,-54.493850708,-2.67296981812,-32.6494216919,24.4345359802,8.01345920563,111.271568298,41.9834213257,16.5399608612,11.8108062744,-12.3007287979],[100.518478394,-26.1094532013,-9.21391296387,-14.4673299789,-29.8127994537,0.846169948578,-8.27336025238,23.5509586334,41.9834213257,72.9976501465,32.3700561523,6.77764749527,-2.30937671661],[89.2981338501,69.3461380005,-50.5498313904,-43.9815750122,25.9342498779,-21.8499221802,-5.05825567245,10.5646362305,16.5399608612,32.3700561523,69.0637130737,12.922539711,16.4687175751],[82.7379684448,-98.3347091675,39.8667564392,79.3435821533,-20.2581748962,6.25976514816,32.0018386841,-15.8273000717,11.8108062744,6.77764749527,12.922539711,74.8468475342,1.46283352375],[-115.922546387,80.7080917358,4.27188110352,-55.875038147,34.7712974548,19.4571323395,-26.0168075562,16.4881095886,-12.3007287979,-2.30937671661,16.4687175751,1.46283352375,68.2527923584]],"icov":[[0.000179977170774,-0.000341058621416,0.000573071127292,-0.000354962190613,0.000282638269709,-0.000252123863902,-0.00000518779233971,0.000120565666293,0.000125957289129,-0.00045010636677,0.000318152160617,-0.000489052035846,0.000220485759201],[-0.000341058621416,0.0043771401979,-0.00300977937877,0.00277830520645,-0.00282139563933,0.00135317409877,-0.000672349240631,0.00163491175044,-0.0021092670504,0.00314645119943,-0.00467292778194,0.00543888192624,-0.0021546985954],[0.000573071127292,-0.00300977937877,0.00950713921338,-0.00656495476142,0.00215807161294,-0.00619848491624,0.00359881157055,-0.000461998803075,0.000426382204751,-0.00229370873421,0.00437451293692,-0.00383600220084,-0.000260144646745],[-0.000354962190613,0.00277830520645,-0.00656495476142,0.0103147486225,-0.00465601636097,0.00535955885425,-0.00497769098729,-0.00228592916392,0.0053259418346,-0.00271726469509,0.00257179373875,-0.00459110038355,0.00481156306341],[0.000282638269709,-0.00282139563933,0.00215807161294,-0.00465601636097,0.0146461166441,-0.00409475993365,-0.00181319087278,0.00145907932892,-0.00467057153583,0.00921858567744,-0.00911737792194,0.00674997083843,-0.00594273721799],[-0.000252123863902,0.00135317409877,-0.00619848491624,0.00535955885425,-0.00409475993365,0.0122032687068,-0.00150656653568,-0.00270415702835,0.00439710263163,-0.0043796049431,0.0049834609963,-0.00355630437844,0.000951465044636],[-0.00000518779233971,-0.000672349240631,0.00359881157055,-0.00497769098729,-0.00181319087278,-0.00150656653568,0.0122941527516,0.000751495943405,-0.00369267910719,0.00140384933911,0.00155312509742,-0.00282029714435,0.00141168758273],[0.000120565666293,0.00163491175044,-0.000461998803075,-0.00228592916392,0.00145907932892,-0.00270415702835,0.000751495943405,0.0137006584555,-0.00501308357343,0.000938488054089,-0.0066796457395,0.00985832512379,-0.00603793049231],[0.000125957289129,-0.0021092670504,0.000426382204751,0.0053259418346,-0.00467057153583,0.00439710263163,-0.00369267910719,-0.00501308357343,0.0216096565127,-0.0170752033591,0.0127404928207,-0.0141264693812,0.00851627998054],[-0.00045010636677,0.00314645119943,-0.00229370873421,-0.00271726469509,0.00921858567744,-0.0043796049431,0.00140384933911,0.000938488054089,-0.0170752033591,0.0381402745843,-0.0261675864458,0.0150594320148,-0.00550114130601],[0.000318152160617,-0.00467292778194,0.00437451293692,0.00257179373875,-0.00911737792194,0.0049834609963,0.00155312509742,-0.0066796457395,0.0127404928207,-0.0261675864458,0.0421406775713,-0.0235242471099,0.00507426448166],[-0.000489052035846,0.00543888192624,-0.00383600220084,-0.00459110038355,0.00674997083843,-0.00355630437844,-0.00282029714435,0.00985832512379,-0.0141264693812,0.0150594320148,-0.0235242471099,0.0385696329176,-0.0138488058001],[0.000220485759201,-0.0021546985954,-0.000260144646745,0.00481156306341,-0.00594273721799,0.000951465044636,0.00141168758273,-0.00603793049231,0.00851627998054,-0.00550114130601,0.00507426448166,-0.0138488058001,0.026703203097]],"mean":[13.9290819168,101.512008667,-95.3151931763,-18.1136207581,-2.59693598747,-7.68987941742,-5.76690387726,-30.3548202515,-0.436283528805,-6.5107421875,-1.59628331661,-4.1417388916,-9.83790969849]},"hfc":{"dmean":56.4362068176,"dmean2":91.1996002197,"dvar":3381.69604492,"dvar2":9258.39648438,"max":1244.38769531,"mean":267.052307129,"median":251.00453186,"min":1.17216310299e-16,"var":18155.7148438},"melbands":{"dmean":[0.00250389310531,0.00183748058043,0.000853378558531,0.000513288832735,0.000250214798143,0.000326443579979,0.000339194724802,0.000271676544799,0.0000749483369873,0.0000640748039586,0.0000436616355728,0.0000772665080149,0.000113412941573,0.000166661688127,0.000119622294733,0.0000726409998606,0.0000670255394652,0.0000593003678659,0.0000330193433911,0.0000192283350771,0.0000100332626971,0.00000781869039201,0.00000519086779605,0.00000436865457232,0.00000320909293805,0.0000023255358883,0.00000175481079623,0.00000144399587043,0.00000122915923839,0.00000106615721052,7.89747559793e-7,6.56180532133e-7,4.72018854225e-7,2.9978650673e-7,2.13014104133e-7,1.57086290642e-7,9.37394588618e-8,4.45452172926e-8,2.90348420862e-8,2.44258195892e-8],"dmean2":[0.00420584809035,0.00321364635602,0.00146925041918,0.000855927472003,0.000417389237555,0.00052897335263,0.000534547260031,0.00043208457646,0.000122332756291,0.000104750426544,0.0000718559458619,0.000124432423036,0.000186111137737,0.000277949060546,0.000200122362003,0.000120317905385,0.00011333492148,0.0000999597177724,0.0000550333679712,0.0000321881489072,0.0000167631606018,0.0000129910504256,0.00000857034501678,0.00000696803363098,0.00000510038216817,0.00000375245485884,0.00000271961744147,0.00000225572443924,0.00000182978203611,0.00000158176908371,0.00000115597811146,9.58503733273e-7,6.82885968217e-7,4.34741650679e-7,3.07073776185e-7,2.23564214252e-7,1.36340631229e-7,6.94270099189e-8,4.74788031113e-8,4.05764772893e-8],"dvar":[0.0000270762229775,0.0000097427810033,0.00000137231222652,6.63216326302e-7,1.86151623893e-7,4.12167452168e-7,6.4035663172e-7,3.64303616607e-7,2.35587425124e-8,1.68671352441e-8,5.92108762021e-9,2.44479974043e-8,5.10141333621e-8,5.22077243659e-8,2.38249366902e-8,1.26423431723e-8,7.13717751566e-9,5.55449641837e-9,2.32465158234e-9,8.39592173563e-10,2.90274498882e-10,2.27483865078e-10,1.68469752038e-10,1.57170512716e-10,7.63094726297e-11,3.26143036189e-11,7.44619713111e-11,7.5668513122e-11,4.88940762877e-11,4.08165966304e-11,1.36414083154e-11,1.2213719619e-11,3.70177413028e-12,8.51320207905e-13,2.88763289539e-13,9.84900095508e-14,2.78902453839e-14,4.62367460874e-15,2.06498119859e-15,1.58541909595e-15],"dvar2":[0.0000674688781146,0.0000279788491753,0.00000397406120101,0.00000166313645877,4.73216971386e-7,0.00000104282207758,0.00000152226141381,8.81686446519e-7,5.46124674372e-8,3.93835044576e-8,1.42268214987e-8,5.66490498954e-8,1.25905671666e-7,1.3796487508e-7,6.19798967705e-8,3.24660227591e-8,1.93491231926e-8,1.52760133432e-8,6.1380220906e-9,2.19356732778e-9,7.61860796672e-10,5.54273738018e-10,4.25324553355e-10,3.83747367216e-10,1.80633688562e-10,7.7761706796e-11,1.72896266748e-10,1.69577782372e-10,1.00980598883e-10,9.16892603509e-11,2.53309508785e-11,2.78466538023e-11,7.9510131118e-12,1.65518900669e-12,5.65631254942e-13,1.84263018797e-13,5.46179922578e-14,1.06425276781e-14,5.24622307266e-15,4.05434395434e-15],"max":[0.0532416403294,0.0591927729547,0.0198177974671,0.0222765393555,0.0150946574286,0.0187594555318,0.0143279423937,0.0151644703001,0.00699507957324,0.00547272572294,0.002636796562,0.00441100401804,0.00838242191821,0.00488712964579,0.00391698814929,0.00272481376305,0.00130672892556,0.00139360292815,0.000972801994067,0.000541604589671,0.000641712918878,0.00079110864317,0.000471786799608,0.000451493135188,0.00032334192656,0.000252888537943,0.000647970358841,0.000509385892656,0.000491377548315,0.000481345457956,0.000292872457067,0.000205461707083,0.000108580810775,0.0000399131749873,0.0000252569025179,0.00000801168607723,0.00000314389376399,0.0000012220722283,9.44718522078e-7,8.44829003199e-7],"mean":[0.00272681307979,0.00262836948968,0.00144127535168,0.000806803524029,0.000392069632653,0.000535015948117,0.000600809813477,0.000500087393448,0.000127752835397,0.000103490732727,0.0000720816460671,0.000137489652843,0.000200584036065,0.000290068215691,0.000221080175834,0.000137791663292,0.000131583816255,0.00011737463501,0.0000686134517309,0.0000384445156669,0.0000200404138013,0.0000149951656567,0.00000915335749596,0.00000752346659283,0.00000575509830014,0.00000415955719291,0.00000316568753078,0.00000271843282462,0.00000229753663916,0.00000190474509054,0.00000143527881846,0.00000114369731818,8.40824554871e-7,5.42705777207e-7,3.83912549751e-7,2.76158601764e-7,1.57699503234e-7,6.67991955083e-8,3.51183082614e-8,2.61198653817e-8],"median":[0.00107887736522,0.00143988640048,0.000960955629125,0.000497089815326,0.000244076742092,0.000270481657935,0.000183549011126,0.00016025925288,0.0000779442416388,0.0000588836992392,0.0000461959061795,0.0000692769826856,0.000123347039334,0.000211571357795,0.000166563375387,0.0000888688882696,0.0000960529287113,0.0000880341322045,0.0000458788890683,0.0000258510772255,0.0000139129824674,0.00000989452018985,0.00000447509046353,0.00000256836824519,0.00000206456888918,0.00000173022090166,0.00000126492648178,0.00000102364856502,8.61153807818e-7,6.33588911114e-7,4.99693896927e-7,4.08290503628e-7,3.00339053183e-7,2.15929802039e-7,1.49472896283e-7,9.90728281636e-8,6.42973105869e-8,3.49565461022e-8,1.90156193014e-8,1.22951790971e-8],"min":[1.70945724288e-24,8.87629840429e-25,3.51257751876e-24,2.05797737131e-24,3.26671245157e-24,2.75970681461e-24,3.68803004484e-24,3.13550003391e-24,4.71922902014e-24,4.87503890969e-24,4.25033995884e-24,6.70896223176e-24,5.61886177368e-24,5.14286941435e-24,5.39307203323e-24,4.44926504116e-24,3.44383341846e-24,6.54814268104e-24,6.47575759324e-24,5.94843089937e-24,6.38507921547e-24,3.85533127119e-24,3.83428288451e-24,5.2552517222e-24,4.41156498407e-24,5.93258268378e-24,4.61910955507e-24,6.23285469875e-24,6.54679096788e-24,7.56145186874e-24,5.79369267737e-24,7.72095717719e-24,4.91397787283e-24,8.24939064291e-24,6.32905076411e-24,9.78614138452e-24,8.9660344877e-24,7.90627795877e-24,7.39974011633e-24,6.74316881833e-24],"var":[0.0000261606128333,0.0000138743207572,0.00000247919774665,0.00000117814045097,2.95187334132e-7,0.00000101510113382,0.00000152312031787,0.00000124153075376,5.30388177822e-8,3.64659413776e-8,1.06194111282e-8,6.13888317957e-8,1.06385030563e-7,9.2212374625e-8,4.45924612791e-8,2.52823522118e-8,1.60224455925e-8,1.17700063029e-8,5.47656098249e-9,1.81080650474e-9,5.36310995614e-10,4.41035652443e-10,3.00114599838e-10,3.17165960162e-10,1.83373302654e-10,7.79487932534e-11,1.64085550702e-10,2.02144689876e-10,1.31992070052e-10,8.43403055728e-11,3.02722812096e-11,1.84466608655e-11,6.47126015968e-12,1.82633422274e-12,6.00781685685e-13,2.32520735522e-13,6.1365646451e-14,8.04964208896e-15,2.38318987754e-15,1.65641591528e-15]},"melbands_crest":{"dmean":4.41991138458,"dmean2":7.44543123245,"dvar":17.4699516296,"dvar2":43.7424468994,"max":39.0409240723,"mean":13.882229805,"median":12.713757515,"min":1.63625502586,"var":38.6050071716},"melbands_flatness_db":{"dmean":0.0300848037004,"dmean2":0.0488246977329,"dvar":0.000667125219479,"dvar2":0.00171977607533,"max":0.50829488039,"mean":0.239505708218,"median":0.235022813082,"min":0.00410898588598,"var":0.00292992731556},"melbands_kurtosis":{"dmean":5.89532423019,"dmean2":10.0567884445,"dvar":600.507751465,"dvar2":1736.54272461,"max":796.833618164,"mean":8.218542099,"median":2.57066059113,"min":-1.70392465591,"var":689.82824707},"melbands_skewness":{"dmean":0.70518040657,"dmean2":1.16675448418,"dvar":0.874273598194,"dvar2":2.3619852066,"max":26.3818054199,"mean":2.01781105995,"median":1.66851079464,"min":-0.860108554363,"var":2.91126847267},"melbands_spread":{"dmean":5.71748256683,"dmean2":9.39619445801,"dvar":35.9147186279,"dvar2":85.0121612549,"max":196.707580566,"mean":22.1197814941,"median":21.2640686035,"min":0.278686523438,"var":170.451339722},"mfcc":{"cov":[[5725.99951172,338.256072998,-471.972442627,199.831939697,-384.409881592,151.519561768,-144.255371094,13.3419027328,-178.272964478,84.8368530273,38.4567298889,59.9319076538,16.1440811157],[338.256072998,1122.73999023,-330.118469238,-318.131500244,147.082000732,-62.3486099243,-6.83916044235,-118.322875977,29.8202400208,-34.8090553284,17.3612174988,2.74375104904,84.6603012085],[-471.972442627,-330.118469238,500.181488037,117.686737061,74.3076858521,98.6314239502,52.9509620667,67.6257781982,23.4645881653,3.38059425354,-21.6635074615,-6.89731645584,-42.6996917725],[199.831939697,-318.131500244,117.686737061,407.071228027,-56.2894515991,72.7920761108,49.227268219,95.6413726807,-33.0009040833,21.3053379059,-6.07565402985,-10.5363502502,-47.9464759827],[-384.409881592,147.082000732,74.3076858521,-56.2894515991,183.991577148,-9.35023212433,53.9052963257,-9.28304767609,30.1460285187,-24.9790687561,2.09831309319,-10.2582359314,9.42579746246],[151.519561768,-62.3486099243,98.6314239502,72.7920761108,-9.35023212433,153.686782837,19.0781021118,51.6895980835,-9.97001838684,6.22587060928,-27.6528873444,5.51731920242,-23.3920173645],[-144.255371094,-6.83916044235,52.9509620667,49.227268219,53.9052963257,19.0781021118,122.082221985,28.7087860107,9.97386360168,-15.5621051788,-3.2974460125,-26.9808292389,-5.53992462158],[13.3419027328,-118.322875977,67.6257781982,95.6413726807,-9.28304767609,51.6895980835,28.7087860107,96.4203948975,10.0769290924,12.6452236176,-11.5998315811,-2.23300433159,-24.7966690063],[-178.272964478,29.8202400208,23.4645881653,-33.0009040833,30.1460285187,-9.97001838684,9.97386360168,10.0769290924,74.0644378662,11.9306583405,6.88309335709,2.32938432693,4.67932748795],[84.8368530273,-34.8090553284,3.38059425354,21.3053379059,-24.9790687561,6.22587060928,-15.5621051788,12.6452236176,11.9306583405,61.5212249756,24.5177574158,13.8902740479,3.57312941551],[38.4567298889,17.3612174988,-21.6635074615,-6.07565402985,2.09831309319,-27.6528873444,-3.2974460125,-11.5998315811,6.88309335709,24.5177574158,57.509147644,20.7118301392,17.8449478149],[59.9319076538,2.74375104904,-6.89731645584,-10.5363502502,-10.2582359314,5.51731920242,-26.9808292389,-2.23300433159,2.32938432693,13.8902740479,20.7118301392,57.7322807312,20.1986198425],[16.1440811157,84.6603012085,-42.6996917725,-47.9464759827,9.42579746246,-23.3920173645,-5.53992462158,-24.7966690063,4.67932748795,3.57312941551,17.8449478149,20.1986198425,57.8463096619]],"icov":[[0.000258184794802,-0.000175854220288,0.000124383499497,-0.000141572658322,0.000454653782072,-0.000313973723678,0.000106833133032,-0.0000759101531003,0.000403578596888,-0.000130379456095,-0.000252993631875,-0.00000395184633817,-0.00000874068064149],[-0.000175854220288,0.00189553177916,0.00119321013335,0.000731321924832,-0.00193172716536,-0.000761693401728,-0.00000964891933108,0.000820730405394,-0.000650656176731,0.000161267642397,0.000112940615509,0.000430077430792,-0.00102286227047],[0.000124383499497,0.00119321013335,0.00377567927353,-0.000195570581127,-0.00231925304979,-0.00209033372812,-0.00000701440239936,0.00017414377362,-0.000819027249236,-0.000324262306094,0.000190114893485,-0.000118183983432,0.000519420194905],[-0.000141572658322,0.000731321924832,-0.000195570581127,0.00433848705143,0.00039416711661,-0.000271288823569,-0.00149637635332,-0.00253056827933,0.00181959208567,-0.000686163955834,-0.000813834136352,0.000177046924364,0.00110325403512],[0.000454653782072,-0.00193172716536,-0.00231925304979,0.00039416711661,0.0104981558397,0.000611892493907,-0.00310484319925,0.00000207875564229,-0.00125786243007,0.00267780129798,-0.00176327500958,-0.000230991863646,0.000116310169687],[-0.000313973723678,-0.000761693401728,-0.00209033372812,-0.000271288823569,0.000611892493907,0.0110127562657,-0.0016986054834,-0.00332544418052,0.00184574676678,-0.00224633957259,0.00575427943841,-0.00404023239389,0.00182509305887],[0.000106833133032,-0.00000964891933108,-0.00000701440239936,-0.00149637635332,-0.00310484319925,-0.0016986054834,0.0131295733154,-0.00326123880222,-0.000948673405219,0.00360211683437,-0.00379815930501,0.00679532671347,-0.00292952940799],[-0.0000759101531003,0.000820730405394,0.00017414377362,-0.00253056827933,0.00000207875564229,-0.00332544418052,-0.00326123880222,0.018586942926,-0.00419373763725,-0.00295789446682,0.00307097868063,-0.00235385587439,0.00355772161856],[0.000403578596888,-0.000650656176731,-0.000819027249236,0.00181959208567,-0.00125786243007,0.00184574676678,-0.000948673405219,-0.00419373763725,0.0180863793939,-0.00496484525502,0.0000818013068056,-0.000674870680086,-0.000139929150464],[-0.000130379456095,0.000161267642397,-0.000324262306094,-0.000686163955834,0.00267780129798,-0.00224633957259,0.00360211683437,-0.00295789446682,-0.00496484525502,0.0251413788646,-0.0118691334501,0.00102575705387,-0.00112343439832],[-0.000252993631875,0.000112940615509,0.000190114893485,-0.000813834136352,-0.00176327500958,0.00575427943841,-0.00379815930501,0.00307097868063,0.0000818013068056,-0.0118691334501,0.0299040023237,-0.00947612803429,-0.00225166208111],[-0.00000395184633817,0.000430077430792,-0.000118183983432,0.000177046924364,-0.000230991863646,-0.00404023239389,0.00679532671347,-0.00235385587439,-0.000674870680086,0.00102575705387,-0.00947612803429,0.0271077565849,-0.00907411240041],[-0.00000874068064149,-0.00102286227047,0.000519420194905,0.00110325403512,0.000116310169687,0.00182509305887,-0.00292952940799,0.00355772161856,-0.000139929150464,-0.00112343439832,-0.00225166208111,-0.00907411240041,0.0259918738157]],"mean":[-651.816894531,172.843826294,-26.9935855865,12.2422437668,7.61163473129,29.3444004059,-1.2672778368,0.852544248104,-6.25639009476,1.52676963806,-1.28818309307,5.53924894333,4.02411556244]},"pitch_salience":{"dmean":0.0759767815471,"dmean2":0.126407280564,"dvar":0.00509709352627,"dvar2":0.0131916478276,"max":0.876793086529,"mean":0.599126219749,"median":0.61729568243,"min":0.0623927265406,"var":0.0109370825812},"silence_rate_20dB":{"dmean":0,"dmean2":0,"dvar":0,"dvar2":0,"max":1,"mean":1,"median":1,"min":1,"var":0},"silence_rate_30dB":{"dmean":0.0598606579006,"dmean2":0.119729824364,"dvar":0.0562800392509,"dvar2":0.130689114332,"max":1,"mean":0.939859271049,"median":1,"min":0,"var":0.0565236359835},"silence_rate_60dB":{"dmean":0.00298592355102,"dmean2":0.00597227178514,"dvar":0.00297576282173,"dvar2":0.00622339174151,"max":1,"mean":0.0315632335842,"median":0,"min":0,"var":0.0305772256106},"spectral_centroid":{"dmean":159.298522949,"dmean2":254.174789429,"dvar":31666.9492188,"dvar2":66873.421875,"max":11564.8886719,"mean":1008.40185547,"median":960.280700684,"min":176.758850098,"var":239157.953125},"spectral_complexity":{"dmean":2.99886250496,"dmean2":4.80625677109,"dvar":7.47754001617,"dvar2":16.9318466187,"max":56,"mean":23.5526409149,"median":24,"min":0,"var":56.2708129883},"spectral_contrast_coeffs":{"dmean":[0.0564713664353,0.0517536215484,0.0394940413535,0.0278934426606,0.0218435935676,0.0331143252552],"dmean2":[0.0951783284545,0.0864858478308,0.0663290321827,0.0474317334592,0.0362174026668,0.0511014983058],"dvar":[0.00193603755906,0.0016578839859,0.000922536361031,0.000458900613012,0.000342698505847,0.000868168543093],"dvar2":[0.00544580770656,0.00462675793096,0.00257113180123,0.00131785916165,0.000912297167815,0.00196610484272],"max":[-0.361679017544,-0.434831142426,-0.574801206589,-0.632702708244,-0.658924341202,-0.484149068594],"mean":[-0.663892567158,-0.748720049858,-0.789771318436,-0.796734631062,-0.807444453239,-0.754467368126],"median":[-0.663684904575,-0.755955219269,-0.792325496674,-0.797888457775,-0.809388875961,-0.751236796379],"min":[-0.972798585892,-0.976231217384,-0.976246595383,-0.966629445553,-0.971008300781,-0.964360237122],"var":[0.00538460537791,0.00514235906303,0.00256044161506,0.00138256198261,0.00129804469179,0.0046271183528]},"spectral_contrast_valleys":{"dmean":[0.40020647645,0.340241938829,0.278119474649,0.223133578897,0.260012298822,0.50280213356],"dmean2":[0.672005653381,0.566983759403,0.458457767963,0.368624329567,0.394774526358,0.792886137962],"dvar":[0.112398535013,0.0844325199723,0.0632076561451,0.0526085197926,0.0872335284948,0.196644470096],"dvar2":[0.293335974216,0.207465142012,0.150317311287,0.116464607418,0.182576298714,0.485579252243],"max":[-4.82779693604,-4.48792409897,-5.18954753876,-5.42689609528,-5.58186674118,-8.79056549072],"mean":[-6.83783006668,-6.35665035248,-6.64857625961,-6.7304186821,-7.80238771439,-10.9774560928],"median":[-6.68400430679,-6.20108032227,-6.47426319122,-6.54666042328,-7.65925312042,-10.8614435196],"min":[-28.2114944458,-27.4432983398,-27.6425170898,-27.4191741943,-27.3856639862,-27.3677482605],"var":[1.12650728226,1.17525875568,1.13086795807,1.17227041721,1.10610735416,0.846193671227]},"spectral_decrease":{"dmean":4.19537382612e-9,"dmean2":6.8357919325e-9,"dvar":3.5090473966e-17,"dvar2":8.58533073875e-17,"max":7.17884507395e-9,"mean":-7.28641813552e-9,"median":-5.28147436896e-9,"min":-6.52300897741e-8,"var":5.51020111567e-17},"spectral_energy":{"dmean":0.0164368264377,"dmean2":0.0266096666455,"dvar":0.000504369090777,"dvar2":0.0012324610725,"max":0.282891541719,"mean":0.0517230890691,"median":0.0442635007203,"min":1.05951375541e-20,"var":0.00102413236164},"spectral_energyband_high":{"dmean":0.000227923388593,"dmean2":0.000315600424074,"dvar":3.52259036163e-7,"dvar2":6.28730731478e-7,"max":0.0395291335881,"mean":0.000754012784455,"median":0.000493441883009,"min":7.72003061272e-21,"var":0.00000139567646329},"spectral_energyband_low":{"dmean":0.0121932532638,"dmean2":0.0206064414233,"dvar":0.000394635659177,"dvar2":0.0010022559436,"max":0.211932301521,"mean":0.0170885920525,"median":0.00969133526087,"min":2.5996131737e-23,"var":0.000486522621941},"spectral_energyband_middle_high":{"dmean":0.00257867574692,"dmean2":0.00412037270144,"dvar":0.00000956064559432,"dvar2":0.0000238007214648,"max":0.0734751224518,"mean":0.00946536753327,"median":0.00810041464865,"min":1.17297946905e-21,"var":0.0000453015709354},"spectral_energyband_middle_low":{"dmean":0.00517045613378,"dmean2":0.00836232025176,"dvar":0.0000426557853643,"dvar2":0.00010821565229,"max":0.110923908651,"mean":0.0134819746017,"median":0.0101463561878,"min":2.26585767362e-22,"var":0.000131167675136},"spectral_entropy":{"dmean":0.141891896725,"dmean2":0.218132540584,"dvar":0.0173763651401,"dvar2":0.0396427251399,"max":9.81736946106,"mean":7.44374799728,"median":7.45703887939,"min":5.69767045975,"var":0.108284689486},"spectral_flux":{"dmean":0.0275219473988,"dmean2":0.0452666841447,"dvar":0.0011184749892,"dvar2":0.00285983411595,"max":0.415163695812,"mean":0.127322375774,"median":0.118901327252,"min":6.62475421742e-11,"var":0.00270066712983},"spectral_kurtosis":{"dmean":6.08284950256,"dmean2":9.2464838028,"dvar":53.7264862061,"dvar2":129.416091919,"max":106.879608154,"mean":26.8085212708,"median":23.2293815613,"min":-1.22841179371,"var":219.458175659},"spectral_rms":{"dmean":0.00102376064751,"dmean2":0.00163155409973,"dvar":0.00000133780622491,"dvar2":0.00000315900183523,"max":0.0166129991412,"mean":0.00675806170329,"median":0.00657144607976,"min":3.21507685926e-12,"var":0.00000478985066366},"spectral_rolloff":{"dmean":3634.23291016,"dmean2":6988.53271484,"dvar":50258044,"dvar2":121464552,"max":22050,"mean":17371.0546875,"median":21102.5390625,"min":43.06640625,"var":61888584},"spectral_skewness":{"dmean":0.416393071413,"dmean2":0.61765229702,"dvar":0.202675715089,"dvar2":0.465172678232,"max":8.20184612274,"mean":3.66085481644,"median":3.46484994888,"min":-0.0960308164358,"var":1.21888589859},"spectral_spread":{"dmean":434061.1875,"dmean2":661513.3125,"dvar":236235358208,"dvar2":513356988416,"max":40994344,"mean":3806861.25,"median":3653598.25,"min":1224336.25,"var":2021725569020},"spectral_strongpeak":{"dmean":6.2262005806,"dmean2":11.559879303,"dvar":288.246185303,"dvar2":764.604064941,"max":209.696899414,"mean":6.26548480988,"median":0.458924263716,"min":0,"var":358.964324951},"zerocrossingrate":{"dmean":0.0381932705641,"dmean2":0.0487340800464,"dvar":0.00109057861846,"dvar2":0.00171018589754,"max":0.748046875,"mean":0.327843725681,"median":0.3271484375,"min":0.015625,"var":0.00883082672954}},"metadata":{"audio_properties":{"analysis_sample_rate":44100,"bit_rate":320000,"codec":"mp3","downmix":"mix","equal_loudness":0,"length":326.608978271,"lossless":false,"md5_encoded":"03533b8f4fdd2af83e696b3307380109","replay_gain":-2.94237709045,"sample_rate":44100},"tags":{"album":["Louder Than Love"],"albumartist":["Soundgarden"],"albumartistsort":["Soundgarden","Soundgarden"],"artist":["Soundgarden"],"artistsort":["Soundgarden"],"asin":["B000002GIH"],"barcode":["075021525221"],"catalognumber":["CD 5252"],"composer":["Cornell/Thayil/Yamamoto"],"date":["1989"],"discnumber":["1/1"],"file_name":"01. Soundgarden - Ugly Truth.mp3","genre":["Grunge"],"label":["A&M Records"],"language":["eng"],"media":["CD"],"musicbrainz album release country":["US"],"musicbrainz album status":["official"],"musicbrainz album type":["album"],"musicbrainz_albumartistid":["153c9281-268f-4cf3-8938-f5a4593e5df4"],"musicbrainz_albumid":["f052f552-46bf-41c8-87a3-905f05e958af"],"musicbrainz_artistid":["153c9281-268f-4cf3-8938-f5a4593e5df4"],"musicbrainz_recordingid":["145e1a9d-987e-48ef-bdbb-09234e809931"],"originaldate":["1989"],"script":["Latn"],"title":["Ugly Truth"],"tracknumber":["1/12"]},"version":{"essentia":"2.1-beta1","essentia_build_sha":"ca57ba49d9b1854bd80e60cf9ccf267278fb7d6b","essentia_git_sha":"v2.1_beta1-28-g21ef5f4-dirty","extractor":"music 1.0"}},"rhythm":{"beats_count":709,"beats_loudness":{"dmean":0.0299394410104,"dmean2":0.0532409362495,"dvar":0.000767947349232,"dvar2":0.00228306395002,"max":0.277042478323,"mean":0.0603166334331,"median":0.0545527599752,"min":1.43374130346e-8,"var":0.00112211052328},"beats_loudness_band_ratio":{"dmean":[0.206272304058,0.0715783461928,0.0696531906724,0.0688949674368,0.0317049957812,0.121004492044],"dmean2":[0.359493941069,0.122948467731,0.122566856444,0.119757771492,0.0549424216151,0.212866321206],"dvar":[0.0293568465859,0.00603497680277,0.00823127385