{"lowlevel":{"average_loudness":0.930415630341,"barkbands":{"dmean":[0.00000160854324349,0.00292392540723,0.0036652283743,0.00146670325194,0.00357614271343,0.00142409245018,0.00111622922122,0.000383094884455,0.000352038943674,0.000263837369857,0.000270539632766,0.000141659926157,0.000146256992593,0.00029617981636,0.000455696776044,0.00044323730981,0.000378469063435,0.000159808652825,0.000267289171461,0.000154228837346,0.000242941896431,0.000106839492219,0.0000814440863905,0.0000245664014074,0.0000170455405168,0.00000768643894844,0.00000301383465739],"dmean2":[0.00000282366022475,0.00512812146917,0.00612172763795,0.00222018361092,0.00589122064412,0.00227054278366,0.00180363713298,0.000614828895777,0.000590180279687,0.000433733221143,0.000450402643764,0.00023239426082,0.000239359374973,0.000453353539342,0.000736513466109,0.000735832436476,0.000599223712925,0.000261077075265,0.000430322397733,0.000247820513323,0.000377941963961,0.000155022527906,0.000116662078653,0.0000333334064635,0.0000218206896534,0.00000998789255391,0.00000395481583837],"dvar":[8.69076859089e-12,0.0000140021711559,0.0000218525292439,0.00000455948384115,0.0000305875473714,0.00000383084807254,0.00000316528712574,6.73160513998e-7,2.81514587641e-7,1.33088434495e-7,1.49775587488e-7,4.43716388077e-8,4.75878216832e-8,3.25918136923e-7,3.80243392328e-7,2.53410036066e-7,1.90050101878e-7,2.91070847425e-8,1.10220142346e-7,5.80614880619e-8,2.10562674852e-7,2.8880970504e-8,4.01025879171e-8,1.53521995117e-9,8.25728652121e-10,1.9610076063e-10,3.07938743949e-11],"dvar2":[2.54947209177e-11,0.0000406886283599,0.0000571502059756,0.00000976730098046,0.0000793287981651,0.00000876439298736,0.0000071776794357,0.0000016499531057,7.67502967847e-7,3.38644383646e-7,4.08454980061e-7,1.1733340699e-7,1.27891638613e-7,5.96874031089e-7,9.26140330648e-7,6.63530613565e-7,4.5611309929e-7,7.42549914889e-8,2.77715514585e-7,1.46997365391e-7,5.36578340871e-7,5.82544217309e-8,1.07754729584e-7,2.53112242277e-9,1.38638833747e-9,3.39449302e-10,5.44833518579e-11],"max":[0.0000961233745329,0.0617179349065,0.0784506797791,0.0530937351286,0.0863109007478,0.0442419797182,0.0396923050284,0.0434990525246,0.0137689206749,0.00693590706214,0.00667002750561,0.00705386418849,0.00629503605887,0.0151926074177,0.0126312971115,0.0082240877673,0.0089427549392,0.00326558132656,0.00507073570043,0.0101824272424,0.0247755777091,0.0077545279637,0.0142786288634,0.000913257012144,0.000506453798153,0.00021070225921,0.00008463877748],"mean":[0.00000171385931935,0.00382707966492,0.00618866691366,0.00283535965718,0.00553868245333,0.00272015226074,0.001968720695,0.000794845458586,0.000641722290311,0.000476910237921,0.00048328662524,0.000268744974164,0.000282338238321,0.000539759290405,0.000917775207199,0.000963986036368,0.0008714220603,0.000417334260419,0.000662672275212,0.000410515174735,0.000636635581031,0.000287099392153,0.000205664255191,0.0000616962424829,0.0000374542287318,0.0000139438825499,0.00000473581712868],"median":[7.49929199628e-7,0.0023615276441,0.00383137445897,0.00143577414565,0.00325596798211,0.00167749961838,0.00100173742976,0.000343699910445,0.00044324924238,0.000327739107888,0.000281370681478,0.000196290726308,0.000205542135518,0.000294560129987,0.000620605424047,0.000824507616926,0.000737879192457,0.00037076685112,0.000506525742821,0.0002379292564,0.000344290980138,0.000182036470505,0.00012789516768,0.0000427593658969,0.000022680262191,0.00000683771031618,0.0000019354131382],"min":[3.34775681622e-25,1.63149628898e-24,1.02364868897e-24,4.0147194831e-25,5.82055023574e-24,2.56342382468e-24,6.51286718794e-24,4.52959908587e-24,1.12675582668e-23,1.66412322104e-23,1.14085206108e-23,1.71341693019e-23,2.304949802e-23,3.41162052006e-23,2.55183439302e-23,4.55051068407e-23,6.14302836965e-23,9.13409988361e-23,1.38926559076e-22,1.85182749851e-22,2.23856763014e-22,3.59870519462e-22,3.88081245661e-22,5.87530122153e-22,7.65178669758e-22,1.31038757817e-21,1.90679752257e-21],"var":[7.63543221705e-12,0.0000200224567379,0.0000474156477139,0.0000171768188011,0.0000465159391752,0.000010620780813,0.00000783279483585,0.00000288766341328,5.65383743378e-7,2.59846416384e-7,3.2834054764e-7,7.51512487795e-8,8.28871904446e-8,7.99309020749e-7,9.67605728874e-7,5.65743675907e-7,4.87438967411e-7,8.40346601194e-8,3.3445974168e-7,2.25720540925e-7,7.88257352724e-7,1.31986269025e-7,1.07829293938e-7,5.06269648426e-9,2.19765561305e-9,4.11387729438e-10,5.81051734505e-11]},"barkbands_crest":{"dmean":2.19629478455,"dmean2":3.61002063751,"dvar":3.63863539696,"dvar2":9.77498531342,"max":23.640504837,"mean":8.55693912506,"median":7.99365234375,"min":2.4269528389,"var":9.94389152527},"barkbands_flatness_db":{"dmean":0.0180064607412,"dmean2":0.027668595314,"dvar":0.000258141721133,"dvar2":0.000548906915355,"max":0.325493365526,"mean":0.119600452483,"median":0.111270047724,"min":0.0326905921102,"var":0.0015892497031},"barkbands_kurtosis":{"dmean":1.57574689388,"dmean2":2.5323843956,"dvar":4.65612649918,"dvar2":11.8429965973,"max":55.7807273865,"mean":1.70895028114,"median":0.37789696455,"min":-1.87625586987,"var":16.12109375},"barkbands_skewness":{"dmean":0.426542758942,"dmean2":0.675076186657,"dvar":0.1311955899,"dvar2":0.33333298564,"max":6.95935535431,"mean":1.31911957264,"median":1.22191905975,"min":-2.37475371361,"var":0.945758521557},"barkbands_spread":{"dmean":5.08831787109,"dmean2":7.87132883072,"dvar":21.4804325104,"dvar2":49.2242279053,"max":124.789634705,"mean":28.6590023041,"median":28.0374069214,"min":4.13436841965,"var":115.27256012},"dissonance":{"dmean":0.00932622514665,"dmean2":0.0158152990043,"dvar":0.0000675791015965,"dvar2":0.000185712851817,"max":0.499999970198,"mean":0.480537950993,"median":0.483465433121,"min":0.355994969606,"var":0.000229136596317},"dynamic_complexity":1.88075089455,"erbbands":{"dmean":[0.0248583704233,0.86604899168,4.16349077225,4.30343914032,7.14299440384,14.5868558884,14.1864738464,11.6855258942,17.3391551971,11.7809610367,5.91094923019,8.39689540863,7.5050573349,7.81490945816,10.9159030914,5.72683429718,6.69982194901,7.62791395187,28.0571212769,15.720826149,23.8495006561,19.7442569733,9.12890625,14.0067062378,7.66488647461,7.69099998474,13.0489864349,6.04954624176,3.5195453167,4.53170108795,1.6409740448,0.698346018791,0.395492255688,0.19756872952,0.122807063162,0.0496005378664,0.0101684909314,0.00370734208263,0.000552266603336,0.000020632520318],"dmean2":[0.0427516326308,1.51823067665,7.07772874832,6.53746461868,11.6283245087,24.4881591797,23.5559749603,18.3847694397,27.8501014709,19.4309501648,9.65311908722,14.1126842499,12.4526662827,12.8454818726,18.2195568085,9.39985370636,10.9016666412,11.974905014,43.6785011292,25.5236530304,39.2627906799,31.0244617462,14.8150043488,22.4666099548,12.2048654556,12.3029441833,20.8302631378,9.18343544006,5.05827522278,6.58486652374,2.28933048248,0.990636527538,0.529776036739,0.261265397072,0.16044344008,0.0647840276361,0.0132800368592,0.00485682813451,0.000728002632968,0.0000286778013106],"dvar":[0.00101536547299,1.2245272398,28.6797599792,35.7463912964,145.607589722,586.807312012,354.058288574,289.778839111,848.186889648,472.883026123,99.1526489258,162.3230896,125.22769928,124.268951416,248.600418091,75.1734924316,95.0621337891,109.871513367,1750.77697754,341.156921387,710.000915527,622.755371094,92.7393569946,328.988555908,76.8211364746,130.539047241,688.036254883,114.700302124,31.7937088013,84.5353240967,9.52721118927,1.40979266167,0.415409237146,0.104028873146,0.047353964299,0.00819716881961,0.000351538299583,0.000046248856961,0.00000103897195913,8.33966229408e-10],"dvar2":[0.00295732053928,3.54849481583,77.7241668701,78.6007995605,357.320953369,1588.44689941,950.284912109,651.491760254,1897.03491211,1218.53820801,262.613372803,442.173339844,322.721557617,318.93661499,676.046813965,203.093307495,253.297424316,240.603393555,3807.11694336,854.464904785,1822.53881836,1439.84326172,234.659210205,849.0625,187.433242798,341.067199707,1785.42199707,270.652801514,62.6699752808,202.59916687,20.8736610413,2.75926947594,0.692688107491,0.174076557159,0.0850291848183,0.0144369695336,0.000617108948063,0.0000822637957754,0.00000185451199286,1.46625545039e-9],"max":[0.404243558645,17.7387237549,76.2451171875,142.143463135,183.986282349,423.460968018,466.507568359,375.655517578,700.836730957,1016.89221191,435.772521973,279.094116211,283.441925049,172.912246704,284.190460205,308.151947021,269.245513916,202.063705444,775.116027832,344.389862061,453.40725708,628.052368164,183.896652222,291.706451416,156.882751465,358.129394531,1433.63391113,513.672912598,248.973892212,570.181030273,183.243301392,63.5361824036,14.9172830582,6.87327337265,4.08082771301,1.4846830368,0.255605369806,0.102221526206,0.0145288528875,0.000390867877286],"mean":[0.0382087789476,1.18280827999,6.76962947845,9.26934051514,10.6945858002,20.7595863342,23.2373638153,22.9684867859,30.9197101593,22.676399231,12.6352643967,15.3753919601,13.9696826935,15.2140474319,20.6264419556,12.1587162018,13.9938802719,17.2621440887,56.8341636658,38.441242218,56.5359268188,47.7137756348,25.7322368622,35.6497344971,21.5580425262,20.6322746277,29.8014431,17.440536499,10.2616872787,10.7101402283,4.44438362122,1.76531744003,0.953353643417,0.463748991489,0.242389813066,0.0923311710358,0.0179530493915,0.00600571045652,0.000884695735294,0.0000608405280218],"median":[0.0248682480305,0.776103019714,4.05855560303,5.86218166351,5.86464595795,11.1263828278,15.672949791,13.5641345978,14.7793750763,11.0952167511,8.17922210693,10.3337850571,10.1270389557,10.354678154,12.7051734924,9.67980766296,10.6396989822,12.9907150269,33.5823440552,33.3963165283,49.8183708191,40.6774368286,23.6507644653,26.6596431732,17.9605503082,12.4336395264,16.3451690674,8.89012813568,6.21439266205,6.62501430511,2.91473174095,1.2153801918,0.638476848602,0.299703687429,0.134001910686,0.0462250635028,0.00861439015716,0.00256247911602,0.000373400456738,0.0000502540206071],"min":[1.42164776294e-22,5.14309239378e-22,1.52130641649e-21,5.37759082729e-21,1.73901152857e-20,2.02600992003e-20,4.18951179816e-20,4.12236218076e-20,7.95893992223e-20,1.50875430209e-19,1.09823981522e-19,2.73854013314e-19,5.21542080804e-19,9.33984415487e-19,8.50172149378e-19,7.83581214935e-19,1.10744294917e-18,1.88735835812e-18,2.77514546018e-18,2.8294285675e-18,3.20650505358e-18,4.13418087273e-18,4.83944292121e-18,6.82375780727e-18,7.51418643941e-18,9.54463691054e-18,7.20571507256e-18,9.85048280613e-18,1.12644876791e-17,1.05854286445e-17,1.1782721296e-17,9.22801864184e-18,9.04360451453e-18,6.84306420276e-18,5.63972403383e-18,3.6096788812e-18,2.44056661884e-18,8.4465237315e-19,2.48825802725e-19,2.79721011528e-20],"var":[0.00175138539635,1.78090548515,57.0274429321,131.333633423,204.136413574,790.070922852,631.645202637,818.015319824,2234.39624023,1399.0144043,261.634155273,330.578918457,213.304870605,271.835418701,553.696044922,124.649726868,179.840591431,303.79486084,4915.11865234,853.34362793,1712.73010254,1587.85083008,286.103546143,1016.8861084,271.401397705,537.217529297,1844.34716797,610.030822754,181.315185547,251.871780396,36.8532943726,5.01672649384,1.26990878582,0.306225597858,0.107018180192,0.0173581149429,0.000715749687515,0.0000887848364073,0.00000193940604731,2.007942701e-9]},"erbbands_crest":{"dmean":1.71881556511,"dmean2":2.84681415558,"dvar":2.86053609848,"dvar2":7.22853279114,"max":24.0990772247,"mean":6.65169382095,"median":5.80668210983,"min":2.41258955002,"var":9.00472736359},"erbbands_flatness_db":{"dmean":0.0124843083322,"dmean2":0.0178950726986,"dvar":0.000182202697033,"dvar2":0.000318571605021,"max":0.335184961557,"mean":0.144629284739,"median":0.135731041431,"min":0.0512826070189,"var":0.00195154151879},"erbbands_kurtosis":{"dmean":0.44490686059,"dmean2":0.713490486145,"dvar":0.231796249747,"dvar2":0.561825692654,"max":6.79744148254,"mean":-0.630202353001,"median":-0.843575417995,"min":-1.73341488838,"var":0.609704494476},"erbbands_skewness":{"dmean":0.256894290447,"dmean2":0.40334430337,"dvar":0.0459784790874,"dvar2":0.11063888669,"max":1.80205214024,"mean":-0.309397190809,"median":-0.350187063217,"min":-2.51962947845,"var":0.21184450388},"erbbands_spread":{"dmean":6.86445569992,"dmean2":10.7245950699,"dvar":35.2530822754,"dvar2":85.8663864136,"max":118.83379364,"mean":48.6340179443,"median":45.991607666,"min":10.6514616013,"var":274.691009521},"gfcc":{"cov":[[24788.8496094,52.0614395142,-1361.19140625,1415.47045898,-1296.99804688,590.299621582,-782.640625,213.785614014,-435.297424316,177.715682983,-327.137664795,114.732185364,-289.823455811],[52.0614395142,1196.09216309,-691.950683594,-84.7003555298,190.932678223,-320.057830811,93.6328125,-137.672576904,59.9073600769,-121.655601501,27.5308132172,-60.8861579895,118.686767578],[-1361.19140625,-691.950683594,1041.57873535,-11.9682912827,46.1194458008,265.617034912,5.610850811,174.146697998,-41.36328125,56.7460327148,-48.9491271973,23.4872131348,-94.7554855347],[1415.47045898,-84.7003555298,-11.9682912827,328.203521729,-123.415489197,95.6686782837,29.5609416962,-0.360056340694,-29.4631557465,18.9881515503,15.9915866852,3.83985233307,13.7975435257],[-1296.99804688,190.932678223,46.1194458008,-123.415489197,239.297866821,-49.8532028198,53.1296920776,7.3130068779,38.4936523438,-9.0526599884,8.26235866547,-14.1544618607,7.18638658524],[590.299621582,-320.057830811,265.617034912,95.6686782837,-49.8532028198,212.33001709,-3.76593732834,90.0448989868,-20.0946216583,37.6466712952,-19.2409820557,13.9467849731,-38.3216247559],[-782.640625,93.6328125,5.610850811,29.5609416962,53.1296920776,-3.76593732834,127.958465576,0.456862956285,24.3036842346,-14.1490335464,25.2341556549,-8.60728168488,35.1123466492],[213.785614014,-137.672576904,174.146697998,-0.360056340694,7.3130068779,90.0448989868,0.456862956285,105.639564514,12.8857250214,36.6904602051,-11.3765659332,8.56473445892,-36.5786323547],[-435.297424316,59.9073600769,-41.36328125,-29.4631557465,38.4936523438,-20.0946216583,24.3036842346,12.8857250214,76.1928939819,28.777053833,27.6442184448,-4.73914527893,8.91103458405],[177.715682983,-121.655601501,56.7460327148,18.9881515503,-9.0526599884,37.6466712952,-14.1490335464,36.6904602051,28.777053833,71.9994125366,23.7615127563,14.3932008743,-20.4411487579],[-327.137664795,27.5308132172,-48.9491271973,15.9915866852,8.26235866547,-19.2409820557,25.2341556549,-11.3765659332,27.6442184448,23.7615127563,62.7523231506,18.1997528076,21.4335250854],[114.732185364,-60.8861579895,23.4872131348,3.83985233307,-14.1544618607,13.9467849731,-8.60728168488,8.56473445892,-4.73914527893,14.3932008743,18.1997528076,45.1889305115,11.0941333771],[-289.823455811,118.686767578,-94.7554855347,13.7975435257,7.18638658524,-38.3216247559,35.1123466492,-36.5786323547,8.91103458405,-20.4411487579,21.4335250854,11.0941333771,66.6900100708]],"icov":[[0.000288449140498,-0.00067646621028,0.000510476937052,-0.000928443099838,0.000770705344621,-0.0007959465147,0.00107721833047,-0.000700931530446,0.000935163872782,-0.0012475065887,0.00163424061611,-0.00143526983447,0.00108901027124],[-0.00067646621028,0.00450272858143,0.000140972464578,0.00129300518893,-0.00390118779615,0.00434135692194,-0.00240975245833,-0.000571967219003,-0.00280865374953,0.00601363088936,-0.0040219402872,0.00520464638248,-0.00450505269691],[0.000510476937052,0.000140972464578,0.00333279697224,-0.00151823146734,-0.000169053353602,-0.00201903260313,0.00121045624837,-0.00320277549326,0.00272106309421,-0.0014732099371,0.00328092789277,-0.00236039771698,0.0020041319076],[-0.000928443099838,0.00129300518893,-0.00151823146734,0.00879256427288,0.000418747600634,-0.00121185625903,-0.00579655915499,0.00417977245525,0.0000760262992117,0.000362165359547,-0.00665780715644,0.00643887743354,-0.00453981105238],[0.000770705344621,-0.00390118779615,-0.000169053353602,0.000418747600634,0.0102095790207,-0.00277054542676,0.0000427846389357,-0.00082756858319,0.00156733591575,-0.00531596457586,0.0040895473212,-0.00378126162104,0.0042726257816],[-0.0007959465147,0.00434135692194,-0.00201903260313,-0.00121185625903,-0.00277054542676,0.0164261460304,-0.00325109018013,-0.00665825605392,-0.00162066984922,0.00444454234093,-0.00253918743692,0.0042240312323,-0.00431389827281],[0.00107721833047,-0.00240975245833,0.00121045624837,-0.00579655915499,0.0000427846389357,-0.00325109018013,0.0180509742349,-0.00600977893919,0.000675907242112,0.00131613749545,-0.000177402951522,-0.000217528664507,-0.00237750052474],[-0.000700931530446,-0.000571967219003,-0.00320277549326,0.00417977245525,-0.00082756858319,-0.00665825605392,-0.00600977893919,0.0262484084815,-0.0077660176903,-0.00416773511097,0.00235049868934,-0.00392135977745,0.00603782059625],[0.000935163872782,-0.00280865374953,0.00272106309421,0.0000760262992117,0.00156733591575,-0.00162066984922,0.000675907242112,-0.0077660176903,0.0295204538852,-0.017054060474,-0.00126158318017,0.00462228804827,-0.00233777891845],[-0.0012475065887,0.00601363088936,-0.0014732099371,0.000362165359547,-0.00531596457586,0.00444454234093,0.00131613749545,-0.00416773511097,-0.017054060474,0.0409390926361,-0.0190854053944,0.00226822169498,0.00243949680589],[0.00163424061611,-0.0040219402872,0.00328092789277,-0.00665780715644,0.0040895473212,-0.00253918743692,-0.000177402951522,0.00235049868934,-0.00126158318017,-0.0190854053944,0.0421895422041,-0.0211648829281,0.00406210217625],[-0.00143526983447,0.00520464638248,-0.00236039771698,0.00643887743354,-0.00378126162104,0.0042240312323,-0.000217528664507,-0.00392135977745,0.00462228804827,0.00226822169498,-0.0211648829281,0.0448689907789,-0.0199718419462],[0.00108901027124,-0.00450505269691,0.0020041319076,-0.00453981105238,0.0042726257816,-0.00431389827281,-0.00237750052474,0.00603782059625,-0.00233777891845,0.00243949680589,0.00406210217625,-0.0199718419462,0.036232855171]],"mean":[13.3661317825,92.5616378784,-126.420783997,48.1401634216,-50.0735206604,-1.93511402607,-38.2313613892,-2.48080158234,-18.4123764038,-2.71929383278,-20.3805656433,-1.13993775845,-8.53076457977]},"hfc":{"dmean":4.81729125977,"dmean2":6.56268930435,"dvar":33.6580276489,"dvar2":58.7387619019,"max":275.688934326,"mean":26.1907234192,"median":24.3348426819,"min":1.08360547748e-16,"var":256.382019043},"melbands":{"dmean":[0.000507478660438,0.00179521983955,0.000730305444449,0.000793598592281,0.000527186726686,0.000268596486421,0.000244653987465,0.000118145391752,0.0000496566972288,0.0000514651692356,0.0000380286110158,0.0000325613764289,0.0000397041330871,0.0000172503532667,0.0000167412181327,0.0000137911711136,0.0000151701397044,0.000047601544793,0.0000294297969958,0.0000286570466415,0.0000304983004753,0.0000253125090239,0.000011601821825,0.00000810757319414,0.0000131692804644,0.00000951033234742,0.00000463328387923,0.00000562578134122,0.00000934357649385,0.00000696610140949,0.00000354255053026,0.00000226957081395,0.00000242625219471,0.00000267822565547,0.00000109893892386,7.56721703965e-7,3.67525586853e-7,3.19668686188e-7,2.1629244884e-7,1.66251552969e-7],"dmean2":[0.000888633832801,0.00307985907421,0.00111941248178,0.00132120796479,0.000876960286405,0.000422719516791,0.000393896450987,0.000193068262888,0.0000818674379843,0.0000863595123519,0.0000630637878203,0.000053721912991,0.0000665337211103,0.0000284248417302,0.0000272963043244,0.0000226727916015,0.0000237139665842,0.0000739835013519,0.0000478701331303,0.000047846497182,0.0000502138173033,0.0000403471203754,0.0000184582040674,0.000013386068531,0.0000212531813304,0.0000155418128998,0.00000752893356548,0.00000919741341932,0.0000152252332555,0.0000109722122943,0.0000056320936892,0.00000341893132827,0.00000368053520106,0.0000039583205762,0.00000159525859544,0.00000114712042887,5.42545365079e-7,4.43254805305e-7,3.00026670175e-7,2.29620610526e-7],"dvar":[4.2036580794e-7,0.00000516521549798,9.64254468272e-7,0.00000174205445092,4.89847195695e-7,1.397139755e-7,1.58939798212e-7,5.43338956049e-8,6.99623559086e-9,5.40170796981e-9,3.14329495765e-9,2.2053723292e-9,3.39814243411e-9,6.69709065981e-10,6.44328812527e-10,3.97726074297e-10,4.49788650769e-10,5.7340585613e-9,1.48889200968e-9,1.28107702224e-9,1.16690590524e-9,9.69772817605e-10,1.77017733805e-10,7.93047572056e-11,3.05651032262e-10,1.30765412387e-10,3.73159211864e-11,7.18898829355e-11,2.7180172002e-10,1.84332063502e-10,5.17427732605e-11,1.37719471244e-11,2.07164268379e-11,4.07640587952e-11,4.06543809034e-12,2.29896093482e-12,3.39378915595e-13,2.68209933429e-13,1.27048531743e-13,7.53625541963e-14],"dvar2":[0.0000012342396758,0.0000142647395478,0.00000216007470044,0.00000455707277069,0.00000130918272134,3.14074014796e-7,3.57020837782e-7,1.38690012363e-7,1.93245419666e-8,1.47241623338e-8,8.10481459723e-9,5.65002533648e-9,9.32059673886e-9,1.7721857315e-9,1.73882619414e-9,1.05493580538e-9,9.61111190634e-10,1.17818634848e-8,3.63211016818e-9,3.36145911106e-9,3.00402591691e-9,2.28460206309e-9,4.29058927276e-10,2.0884877161e-10,7.95522370201e-10,3.23661153434e-10,9.59690521496e-11,1.91232210622e-10,7.03998026541e-10,4.77364370255e-10,1.26059412908e-10,2.98429302104e-11,4.82037222638e-11,1.09766078171e-10,8.99500612883e-12,5.3445785124e-12,6.62326693057e-13,4.82385507407e-13,2.29282332053e-13,1.38292250373e-13],"max":[0.0101925795898,0.0294431652874,0.0211832877249,0.0209794007242,0.0154337137938,0.00798875186592,0.00928726419806,0.0119899166748,0.00264806160703,0.00150163355283,0.00136561796535,0.000756313966122,0.00103935715742,0.000898865167983,0.000659714045469,0.000547906151041,0.000414248963352,0.00166345632169,0.000938242941629,0.00069258233998,0.000581911066547,0.000717130082194,0.000263380032266,0.000175802982994,0.000280306965578,0.00020973093342,0.000171595485881,0.00025468293461,0.000777063716669,0.000652272545267,0.000251378369285,0.00011517508392,0.000208279379876,0.000406925712014,0.0000952923292061,0.0000874796969583,0.0000185701283044,0.0000114648528324,0.00000907128924155,0.00000656448128211],"mean":[0.000695829279721,0.00289305998012,0.00157387019135,0.00114821013995,0.000874055898748,0.000530249264557,0.000435638736235,0.000229273558944,0.00010033883882,0.0000927998989937,0.0000681078017806,0.0000592119395151,0.0000704130579834,0.0000350359259755,0.0000330736911565,0.00002705004772,0.0000305299581669,0.0000916477802093,0.0000595601886744,0.0000577129139856,0.0000676558993291,0.0000550722506887,0.0000271226108453,0.000020148620024,0.000030930081266,0.0000214298561332,0.0000113101441457,0.0000133433095471,0.0000186006527656,0.0000159761038958,0.00000840503980726,0.00000571607188249,0.00000563252797292,0.00000587353224546,0.00000265662333732,0.00000163424942912,8.35440175706e-7,7.21064282061e-7,4.80240998968e-7,3.56873954388e-7],"median":[0.000447891274234,0.0019216274377,0.00106135685928,0.000618905818556,0.000605676323175,0.000328370078932,0.000215523759834,0.0000967812520685,0.0000660090518068,0.0000638103956589,0.0000485219679831,0.0000383673832403,0.000041736770072,0.0000257522005995,0.0000243294507527,0.0000194864351215,0.0000208828987525,0.0000497180226375,0.0000441824959125,0.0000466034252895,0.0000586090609431,0.0000448574828624,0.000023187165425,0.0000175739733095,0.0000219686917262,0.0000170243001776,0.00000801647183835,0.00000748853426558,0.0000104163991637,0.00000808770801086,0.00000387722548112,0.00000343542524206,0.00000328153601004,0.00000361154434358,0.00000171084639078,0.00000101408340925,5.59799900657e-7,4.69447797968e-7,3.1101649256e-7,2.21829026259e-7],"min":[1.77051507694e-24,1.17772081655e-24,1.77189578074e-24,1.12705652073e-24,1.22587268899e-24,6.14340516906e-25,1.51114826093e-24,1.84035234124e-24,8.48027346657e-25,1.71677392777e-24,2.10310514547e-24,2.72706572251e-24,2.39718440511e-24,2.18270298575e-24,1.67099534337e-24,2.71095264687e-24,3.16363732189e-24,3.39431622501e-24,2.79425300581e-24,3.77135347795e-24,2.47150989353e-24,3.58733944447e-24,3.34118802077e-24,3.79623060103e-24,4.61691021086e-24,4.55290795347e-24,4.31168730486e-24,5.45382536699e-24,4.60065099875e-24,3.66656592847e-24,5.27598259236e-24,4.60697135232e-24,4.18575986084e-24,5.14782661628e-24,5.34193728049e-24,5.27010045102e-24,5.21083885324e-24,5.41271861408e-24,5.64830719025e-24,5.28159573213e-24],"var":[6.07935817243e-7,0.00000951646507019,0.00000306986476062,0.00000243385784415,8.71598501817e-7,3.98414755409e-7,4.0807637447e-7,1.87942148955e-7,1.49972354535e-8,1.08794946385e-8,5.34845190359e-9,4.63192240119e-9,6.83696654846e-9,1.23671417551e-9,1.17199916438e-9,7.52125584036e-10,1.21906396089e-9,1.54414667719e-8,3.34454730577e-9,2.58520094221e-9,2.67508259988e-9,2.34090968831e-9,4.47106018875e-10,2.13427900353e-10,8.7143198213e-10,3.27902149877e-10,1.22293550286e-10,2.53061738231e-10,6.46792619463e-10,5.84939097159e-10,1.69320640842e-10,5.56575688315e-11,7.1890306208e-11,8.80616413124e-11,1.32423568638e-11,6.10270818255e-12,1.0391540059e-12,7.5325753664e-13,3.4860368715e-13,1.93613354516e-13]},"melbands_crest":{"dmean":3.46370720863,"dmean2":5.81644153595,"dvar":8.52726459503,"dvar2":24.1494827271,"max":29.7534255981,"mean":14.0136098862,"median":13.2702770233,"min":1.49893271923,"var":24.5491657257},"melbands_flatness_db":{"dmean":0.0231582820415,"dmean2":0.0362511016428,"dvar":0.0003994841245,"dvar2":0.000921013357583,"max":0.412091851234,"mean":0.172144114971,"median":0.168212592602,"min":0.00191191851627,"var":0.00300574698485},"melbands_kurtosis":{"dmean":5.30834913254,"dmean2":8.58012866974,"dvar":59.1313667297,"dvar2":150.852142334,"max":213.843475342,"mean":11.8391561508,"median":7.22260093689,"min":-1.59710681438,"var":246.122116089},"melbands_skewness":{"dmean":0.615869641304,"dmean2":0.990364611149,"dvar":0.312462151051,"dvar2":0.804462552071,"max":12.3052349091,"mean":2.85272693634,"median":2.58197617531,"min":-0.384803533554,"var":2.11972332001},"melbands_spread":{"dmean":7.55876398087,"dmean2":12.0766305923,"dvar":51.2085571289,"dvar2":129.332321167,"max":168.775817871,"mean":29.5863742828,"median":25.9158935547,"min":1.97530996799,"var":388.403167725},"mfcc":{"cov":[[8522.14453125,-101.196601868,341.208557129,513.934448242,-57.3479652405,319.873046875,-31.4434432983,127.728233337,-69.1961593628,31.3839855194,-26.4055709839,142.110229492,83.8189315796],[-101.196601868,1087.99084473,-501.859161377,148.90625,41.694190979,-86.6432495117,-27.9164009094,-31.8615322113,41.9355392456,-54.2247161865,-13.6846532822,-57.2899131775,11.2305135727],[341.208557129,-501.859161377,695.434204102,-50.8730888367,59.8162307739,78.3647537231,69.4576339722,84.0534973145,20.8982467651,64.6461791992,4.26136207581,31.8711280823,-10.0616464615],[513.934448242,148.90625,-50.8730888367,210.304367065,-24.8215560913,45.3664474487,25.6494312286,4.36496686935,0.0572171285748,-4.29926300049,-0.474516481161,1.90236902237,4.37415933609],[-57.3479652405,41.694190979,59.8162307739,-24.8215560913,123.603096008,2.21523594856,10.0386362076,14.1570396423,13.8840827942,17.4427776337,14.0642299652,3.9619948864,10.1741352081],[319.873046875,-86.6432495117,78.3647537231,45.3664474487,2.21523594856,85.5316543579,33.6369094849,23.0868968964,9.67786502838,19.3513813019,1.7511895895,11.4184761047,-1.31217038631],[-31.4434432983,-27.9164009094,69.4576339722,25.6494312286,10.0386362076,33.6369094849,80.0658187866,40.5993003845,17.3392066956,9.43344497681,0.226528331637,4.69568061829,2.01287603378],[127.728233337,-31.8615322113,84.0534973145,4.36496686935,14.1570396423,23.0868968964,40.5993003845,63.9419784546,26.4281845093,15.0002727509,1.90641236305,9.09292888641,6.80396270752],[-69.1961593628,41.9355392456,20.8982467651,0.0572171285748,13.8840827942,9.67786502838,17.3392066956,26.4281845093,55.1877632141,27.2583656311,8.00825309753,3.14966273308,-0.671480178833],[31.3839855194,-54.2247161865,64.6461791992,-4.29926300049,17.4427776337,19.3513813019,9.43344497681,15.0002727509,27.2583656311,62.2649116516,28.1383876801,16.0966815948,2.25827980042],[-26.4055709839,-13.6846532822,4.26136207581,-0.474516481161,14.0642299652,1.7511895895,0.226528331637,1.90641236305,8.00825309753,28.1383876801,51.9622421265,25.4324169159,13.4894018173],[142.110229492,-57.2899131775,31.8711280823,1.90236902237,3.9619948864,11.4184761047,4.69568061829,9.09292888641,3.14966273308,16.0966815948,25.4324169159,58.1882667542,28.2803211212],[83.8189315796,11.2305135727,-10.0616464615,4.37415933609,10.1741352081,-1.31217038631,2.01287603378,6.80396270752,-0.671480178833,2.25827980042,13.4894018173,28.2803211212,46.0176887512]],"icov":[[0.000193946354557,-0.0000630519352853,-0.0000865337933647,-0.000391289242543,0.0000457888600067,-0.000606717832852,0.000782098213676,-0.000702406570781,0.000558085448574,-0.000154346038471,0.000334782176651,-0.000387743522879,-0.000121511511679],[-0.0000630519352853,0.00226487615146,0.00134452281054,-0.00174702482764,-0.00167308794335,0.00216364790685,-0.000158279697644,0.0000818961780169,-0.00294296001084,0.00119232898578,0.0000477415742353,0.00148377835285,-0.000578749284614],[-0.0000865337933647,0.00134452281054,0.00305199809372,-0.000172208121512,-0.00172385841142,0.000294428202324,-0.000826226896606,-0.00209558731876,-0.000087247157353,-0.00141454348341,0.00126814725809,-0.00042026778101,0.00120336306281],[-0.000391289242543,-0.00174702482764,-0.000172208121512,0.00842378847301,0.00230124290101,-0.00416505197063,-0.00318842427805,0.00209358194843,0.0011638358701,0.000143923156429,-0.00145198835526,0.000295028759865,-0.000242689391598],[0.0000457888600067,-0.00167308794335,-0.00172385841142,0.00230124290101,0.0106286425143,-0.00152290705591,-0.000414998386987,-0.000166563593666,0.000728517421521,-0.00144505966455,-0.00242257793434,0.00150133762509,-0.00275226263329],[-0.000606717832852,0.00216364790685,0.000294428202324,-0.00416505197063,-0.00152290705591,0.0218363720924,-0.00674833310768,0.000684005150106,-0.00265326094814,-0.0034915690776,0.00211305427365,-0.00113921612501,0.00240408419631],[0.000782098213676,-0.000158279697644,-0.000826226896606,-0.00318842427805,-0.000414998386987,-0.00674833310768,0.0239545162767,-0.0136708347127,0.000945849285927,0.0014806217514,0.000499779125676,-0.000488997902721,-0.000295520643704],[-0.000702406570781,0.0000818961780169,-0.00209558731876,0.00209358194843,-0.000166563593666,0.000684005150106,-0.0136708347127,0.0334711931646,-0.0131783988327,0.00214278744534,0.000373631541152,0.000819768407382,-0.00460313865915],[0.000558085448574,-0.00294296001084,-0.000087247157353,0.0011638358701,0.000728517421521,-0.00265326094814,0.000945849285927,-0.0131783988327,0.0345345772803,-0.0150395138189,0.00306906644255,-0.00230594887398,0.00300184311345],[-0.000154346038471,0.00119232898578,-0.00141454348341,0.000143923156429,-0.00144505966455,-0.0034915690776,0.0014806217514,0.00214278744534,-0.0150395138189,0.032785911113,-0.0152178807184,0.00000973601981968,0.00213204300962],[0.000334782176651,0.0000477415742353,0.00126814725809,-0.00145198835526,-0.00242257793434,0.00211305427365,0.000499779125676,0.000373631541152,0.00306906644255,-0.0152178807184,0.0337964110076,-0.0117147089913,-0.00160340068396],[-0.000387743522879,0.00148377835285,-0.00042026778101,0.000295028759865,0.00150133762509,-0.00113921612501,-0.000488997902721,0.000819768407382,-0.00230594887398,0.00000973601981968,-0.0117147089913,0.0335842072964,-0.0174794439226],[-0.000121511511679,-0.000578749284614,0.00120336306281,-0.000242689391598,-0.00275226263329,0.00240408419631,-0.000295520643704,-0.00460313865915,0.00300184311345,0.00213204300962,-0.00160340068396,-0.0174794439226,0.0349013395607]],"mean":[-612.403503418,113.164207458,-12.9638805389,43.2199745178,5.16662502289,8.10716724396,-11.1581945419,0.53972029686,0.735297381878,-1.9347717762,-6.89851617813,-5.1659913063,0.109219476581]},"pitch_salience":{"dmean":0.0682810992002,"dmean2":0.114122904837,"dvar":0.00349636632018,"dvar2":0.00948976539075,"max":0.897939324379,"mean":0.578606784344,"median":0.588211655617,"min":0.19062513113,"var":0.00973624829203},"silence_rate_20dB":{"dmean":0,"dmean2":0,"dvar":0,"dvar2":0,"max":1,"mean":1,"median":1,"min":1,"var":0},"silence_rate_30dB":{"dmean":0.00199342169799,"dmean2":0.00398724060506,"dvar":0.00198931666091,"dvar2":0.00516709173098,"max":1,"mean":0.99860471487,"median":1,"min":0,"var":0.00139327079523},"silence_rate_60dB":{"dmean":0.00139539514203,"dmean2":0.00279106851667,"dvar":0.00139341666363,"dvar2":0.00298269302584,"max":1,"mean":0.0455451458693,"median":0,"min":0,"var":0.0434714704752},"spectral_centroid":{"dmean":246.524963379,"dmean2":382.237945557,"dvar":53893.59375,"dvar2":116829.617188,"max":11670.8867188,"mean":1765.22766113,"median":1605.79724121,"min":352.230682373,"var":1509440.125},"spectral_complexity":{"dmean":3.60231232643,"dmean2":5.46411466599,"dvar":10.3758974075,"dvar2":20.3226356506,"max":59,"mean":30.1486949921,"median":31.5,"min":0,"var":136.044509888},"spectral_contrast_coeffs":{"dmean":[0.0542912073433,0.048600602895,0.0337295979261,0.0286270342767,0.0190863665193,0.0156913511455],"dmean2":[0.0921722650528,0.0805726274848,0.0568181872368,0.0484233349562,0.0317699052393,0.0245289821178],"dvar":[0.00179315765854,0.00148498942144,0.000684322265442,0.000503279909026,0.00022027680825,0.000198748821276],"dvar2":[0.00507667567581,0.00407208688557,0.00194173282944,0.00140781013761,0.000617303536274,0.000449974468211],"max":[-0.285744041204,-0.375704288483,-0.60342758894,-0.597337841988,-0.680815398693,-0.568379044533],"mean":[-0.610485672951,-0.727139294147,-0.799700140953,-0.781083405018,-0.78187417984,-0.703208267689],"median":[-0.609670162201,-0.730532169342,-0.800674855709,-0.782269716263,-0.780029416084,-0.709624409676],"min":[-0.984337568283,-0.978673994541,-0.977951049805,-0.973087251186,-0.968621611595,-0.965566456318],"var":[0.00613035727292,0.00497606489807,0.00197974056937,0.00213136826642,0.00104176148307,0.00319125968963]},"spectral_contrast_valleys":{"dmean":[0.447181582451,0.326203644276,0.273500174284,0.212473392487,0.161863207817,0.255114644766],"dmean2":[0.760149896145,0.541033446789,0.446677267551,0.339603066444,0.243903204799,0.310150742531],"dvar":[0.136597499251,0.0795540586114,0.0594887807965,0.042759180069,0.0361023023725,0.118370726705],"dvar2":[0.361470043659,0.185525417328,0.126400128007,0.0826623812318,0.056235846132,0.176632463932],"max":[-5.36274194717,-4.48955154419,-5.36667776108,-5.76375198364,-5.65774965286,-8.32873249054],"mean":[-7.27932929993,-6.73172140121,-7.31881380081,-7.41366291046,-7.16573953629,-10.4646129608],"median":[-6.82550907135,-6.35016536713,-6.93949604034,-7.00831604004,-6.75032091141,-9.88174629211],"min":[-28.4451560974,-28.2548618317,-27.8463859558,-27.585521698,-27.5122909546,-27.4095630646],"var":[6.51046705246,6.43829727173,6.14631986618,6.02363777161,6.31803131104,5.46449279785]},"spectral_decrease":{"dmean":2.36408959076e-9,"dmean2":3.83831100237e-9,"dvar":7.24000253613e-18,"dvar2":1.8099995587e-17,"max":2.0266649879e-28,"mean":-7.86474707581e-9,"median":-7.21284587613e-9,"min":-3.84832858913e-8,"var":1.9200559392e-17},"spectral_energy":{"dmean":0.00917069986463,"dmean2":0.0148249082267,"dvar":0.000108248605102,"dvar2":0.000268134550424,"max":0.156137436628,"mean":0.0320589244366,"median":0.0296977162361,"min":9.97055803052e-21,"var":0.000300553248962},"spectral_energyband_high":{"dmean":0.000434037443483,"dmean2":0.000601014762651,"dvar":5.05271543716e-7,"dvar2":0.00000100154534266,"max":0.0440527610481,"mean":0.00150801020209,"median":0.000971471134108,"min":7.09545351249e-21,"var":0.00000331688011102},"spectral_energyband_low":{"dmean":0.00634593330324,"dmean2":0.0106885554269,"dvar":0.0000576969105168,"dvar2":0.0001580255921,"max":0.10546772182,"mean":0.0120184645057,"median":0.00917464122176,"min":1.81846906362e-23,"var":0.000120077544125},"spectral_energyband_middle_high":{"dmean":0.00131167471409,"dmean2":0.00194473809097,"dvar":0.00000207129346563,"dvar2":0.0000043716872824,"max":0.0288849119097,"mean":0.0059810988605,"median":0.00586531171575,"min":1.09079344084e-21,"var":0.000012064360817},"spectral_energyband_middle_low":{"dmean":0.00534434895962,"dmean2":0.00841287709773,"dvar":0.0000425275575253,"dvar2":0.000103675018181,"max":0.122326217592,"mean":0.0146591253579,"median":0.0127912778407,"min":1.47896614387e-22,"var":0.000100250341347},"spectral_entropy":{"dmean":0.0934346020222,"dmean2":0.139084741473,"dvar":0.00931264553219,"dvar2":0.0176954846829,"max":9.82504367828,"mean":7.7618689537,"median":7.79571390152,"min":6.24044656754,"var":0.121046744287},"spectral_flux":{"dmean":0.0178419556469,"dmean2":0.0287031512707,"dvar":0.000322311738273,"dvar2":0.000791205849964,"max":0.271228820086,"mean":0.0888852328062,"median":0.0872154831886,"min":6.23009629996e-11,"var":0.00127817562316},"spectral_kurtosis":{"dmean":1.25518286228,"dmean2":2.18685269356,"dvar":3.33498668671,"dvar2":10.124089241,"max":64.1223068237,"mean":3.62791275978,"median":3.00715303421,"min":-1.28875744343,"var":11.8005714417},"spectral_rms":{"dmean":0.000752115098294,"dmean2":0.00120645982679,"dvar":5.39337577266e-7,"dvar2":0.00000132412765197,"max":0.0123421717435,"mean":0.00533375144005,"median":0.00538269290701,"min":3.11887386577e-12,"var":0.00000282810310637},"spectral_rolloff":{"dmean":500.325622559,"dmean2":830.511413574,"dvar":316538.78125,"dvar2":715675.5625,"max":20047.4121094,"mean":2024.92224121,"median":1830.32226562,"min":129.19921875,"var":5258322},"spectral_skewness":{"dmean":0.155667066574,"dmean2":0.260319709778,"dvar":0.0284627955407,"dvar2":0.0825365632772,"max":5.9063076973,"mean":1.16098606586,"median":1.17006707191,"min":-0.0898349359632,"var":0.200774177909},"spectral_spread":{"dmean":339308.96875,"dmean2":486325.59375,"dvar":332712050688,"dvar2":642333802496,"max":43587032,"mean":4483674.5,"median":3950529.5,"min":1359061.875,"var":19418274857000},"spectral_strongpeak":{"dmean":0.368729144335,"dmean2":0.639771401882,"dvar":0.356306552887,"dvar2":0.959470391273,"max":8.64337062836,"mean":0.643914043903,"median":0.468032717705,"min":0,"var":0.408572524786},"zerocrossingrate":{"dmean":0.00844775699079,"dmean2":0.0104193435982,"dvar":0.0000838712658151,"dvar2":0.000142260090797,"max":0.5283203125,"mean":0.0718263462186,"median":0.0634765625,"min":0.01220703125,"var":0.00317565421574}},"metadata":{"audio_properties":{"analysis_sample_rate":44100,"bit_rate":320036,"codec":"mp3","downmix":"mix","equal_loudness":0,"length":232.960006714,"lossless":false,"md5_encoded":"8454d5feae3d4afab1526ac4b7ce4820","replay_gain":-13.5688877106,"sample_rate":44100},"tags":{"acoustid_fingerprint":["AQADtJqSREoSbknwITcPXWFzHGHy4-qJHo4-bcJhRph7IcxzaOnRMx6eZ-AT44Ke7SiZnDj0EuHqE_3xxbiL4_CLjj2e4zyS38gV3mjcCjVFaTiHo8YzwdWJUE4Encel5NBCHdcNPkITfEkpXNoa-KWCP3iJ89AuMKFV3MmDT8dbC7VT-McfG8eT6XAIK-WEysvx4MJvnEuMLD-oaBE6LTPO7TifILihiVJCPKzRMMYJVuJxBdo_NHOOF9eaC_mUGf9xHvzQE14iWcf7oCvxHt9wHVUTpPsU0NNx6MzhQ9N5_Og2_EN2w9_wVSXCPIfeo0cYXscehsNjoj_uHc2P88GVqKiJ5sOLH7WeI48I_UiPPsP4D1eWgz_RGOmhdTlONBZqJw90ZPlIWKNilFOPGz96Ec2XI09-JPfx4nLRnEe9UXiSI-QNLS-C-8E6HREZLTk2jvih79ihK8vBj0SFPseZo8_QGD9qXSCdFaFV4z0aTkcf4zemuDRCdoFKsSxypxEmMoNttJnioOfR_Pg_PHivgNeHlFzwHT94H7ySQ6uIMLmMnmik7niHN2jOok8i4y9-TgIf9EPzC5-Gyjqm_EjOIz8eTB4L7_jRMFpxfGoi3EYO6keeB8-DO-UKe8NJ4yn6B2eQPFsR5nh6PF7AHk109DxeLfiOI1STBafhH52PKxGaOkfl7OgP14dIJcHhyagdo9kmRPqCLyKa10cXHQ_xB3cWo9lydBODfJkhHrmyDE8kPM7xCNMVDU2jBddx7ehDNCfxo83KwWLww1uyHLuWwxEuPIJ_pBbaQ2egM7tQOCfuEt2H7zd6TDmPesrR8MnxH-fy42rQy4O3dHiObwxeA9dhN9BxHv9gXcE_4lfA99ALxxnyLA1-wzeeoRP6rUh_fI9xwT8-XIVzhDiL9sjxgT_EnMd53PjxGsd_nDn6LPiPfhBlHsfHod0F3Dx6wtUidDsRG_2O5sUptBc25IuxxZVwdriO8zv8HN1x9IQP7TizD-GHHR-Lr4hO_MU3_PCLbuMQ4mELp8bxI89GXIc8iUR6Bo6PHg9ePWi6qOhZhE2Nw5tl6GRQ8cc5aNmNUP9x6TgvND-uD8cjHvkhLjvyw0d_nDm-6MMXRRMe6qjeICSZQ-cj5FdxZRYmLszxZPiHRl5wH6e1IY946GIYNZhyhah1PMeLN1NI9JASKzL-BNeFH-1zNJ5uPBz-7fiF73nA42h-5AsqTctx4T8-HKV0weRjJCPnImMk4opCfHsOXheeHPUd_EKscYXo0EiVBj-c_ihfXOLxI6Qf6DpeCdaoGJVu3CKep9BP9DleH866Q1sqIfaL2yFuxbjU48kSD5V_pIV2JseT4Ty-HEfz43CGPhHC3fg-oscTGT2asZEwMzt6ovlxMj7SE_o-5MGvoN-PLW2OXkF4aGmNeDjx7FHQH5mskUYyO6DZ48XxC-crHPmWB7qE_DgpdIPVHL0ozEetBo17nDTRZ0fzHEh-5EqOneiZwmoOHz3iQs-QH8wjhHE08HmhLjyepbia42j0Q3vRnBHCa8Zr_EK9ww_6Dt-O_kgenENYpSX2o8eFO0cjc4iuGYeYI_9xIX_w_mi25tB-fPguPMfP4YfO43iPi0jbe