{"lowlevel":{"average_loudness":0.906599998474,"barkbands":{"dmean":[0.00000286469798993,0.000877062033396,0.00196275743656,0.00205866782926,0.00355721288361,0.00185701076407,0.00107350875624,0.000648195215035,0.000728965795133,0.000250852142926,0.0000931805043365,0.000186479563126,0.000148981634993,0.000145586265717,0.0000986511149677,0.000105476850877,0.000120904420328,0.000124098849483,0.000211178703466,0.000183417243534,0.000130547661684,0.000112790519779,0.00008594134124,0.0000418235031248,0.0000131526458063,0.00000174012302523,2.06189909591e-7],"dmean2":[0.00000487031320517,0.00144293683115,0.00325084873475,0.00346813513897,0.00574008282274,0.0027875835076,0.00159415323287,0.00108139845543,0.00120369705837,0.000404736347264,0.000149171421072,0.000299605278997,0.000234788414673,0.000228452496231,0.000156791822519,0.000166500612977,0.000195191110834,0.000197397079319,0.000332511990564,0.000285396235995,0.000199793808861,0.000169430830283,0.000126335231471,0.0000629273490631,0.0000197326135094,0.00000268527401204,3.47357939745e-7],"dvar":[4.00896676966e-11,0.00000155509758315,0.00000776769593358,0.0000084962875917,0.0000224077539315,0.0000109674956548,0.00000835605260363,0.00000388143962482,0.00000562213153898,4.92898493576e-7,1.18820416617e-7,1.99113770805e-7,1.69792684801e-7,1.71347593891e-7,6.36695460798e-8,6.93258996876e-8,6.43301234504e-8,4.61913280958e-8,1.19219976114e-7,9.67615250147e-8,6.22983975518e-8,4.35467839566e-8,3.00565972111e-8,9.20619847022e-9,1.58283031126e-9,3.20789401986e-11,8.17427343262e-13],"dvar2":[1.00576470763e-10,0.00000435052197645,0.0000216072639887,0.000024134908017,0.0000569080839341,0.000022767637347,0.0000168416372617,0.0000108315916805,0.0000154299032147,0.00000119470109894,2.98855781011e-7,4.63962493313e-7,4.18676421532e-7,4.17232115524e-7,1.60547273254e-7,1.76553839992e-7,1.58646585646e-7,1.17475508432e-7,2.93436812626e-7,2.25402175147e-7,1.38682224815e-7,9.77914780265e-8,6.04086949352e-8,1.94480698212e-8,3.04489589098e-9,7.42283873256e-11,1.94703151171e-12],"max":[0.000103004000266,0.0170961730182,0.0350735709071,0.0441264584661,0.0681054741144,0.0634609013796,0.0649075508118,0.0351451523602,0.0486045479774,0.0285672545433,0.0130806155503,0.0120960650966,0.0134002724662,0.0112909562886,0.00936425104737,0.00746253365651,0.00652304431424,0.00527214305475,0.00623222533613,0.00718470988795,0.00465923920274,0.0040460145101,0.00588267343119,0.00211834884249,0.00133377034217,0.000102518104541,0.0000232940055866],"mean":[0.00000291808873953,0.00163118925411,0.00366544467397,0.00310592981987,0.00683231838048,0.00392386363819,0.00191236764658,0.000948123808485,0.00119613623247,0.000439644762082,0.000149073515786,0.000334426236805,0.000270845746854,0.000262486544671,0.000173817505129,0.000195311047719,0.000255291903159,0.000277354236459,0.000466983969091,0.000415278802393,0.000261258188402,0.000263813766651,0.000203183226404,0.0000728660670575,0.0000205750729947,0.00000216982220991,3.59434835673e-7],"median":[9.48216438701e-7,0.000978997792117,0.00227724318393,0.00181811559014,0.00428467942402,0.00142304459587,0.000350729300408,0.000167187448824,0.0001329020306,0.0000964034043136,0.000036203815398,0.0000870210060384,0.0000808574259281,0.0000765316945035,0.0000623237938271,0.0000649936991977,0.0000915362252272,0.000146299076732,0.000251042831223,0.000254510436207,0.00014456093777,0.000127017716295,0.000101193407318,0.0000321556835843,0.00000662057163936,5.43886756077e-7,2.28856748663e-7],"min":[3.29853794038e-23,2.21002948249e-23,1.63916650189e-23,1.06223016008e-23,5.73665961164e-23,4.09276688629e-23,4.72788258762e-23,7.11094555422e-23,9.72479388073e-23,4.31417300557e-23,7.1026467375e-23,1.14701890232e-22,1.69071117831e-22,1.18350214147e-22,8.77509370326e-23,9.82088534314e-23,1.37840581599e-22,4.63165708196e-22,4.36562238759e-22,2.44396731989e-22,3.10338309254e-22,4.64817847989e-22,7.74255745095e-22,1.00295033329e-21,1.15472131496e-21,1.35104837223e-21,2.03002602731e-21],"var":[4.51280714187e-11,0.0000033564710975,0.0000164844805113,0.00001441112272,0.0000573510951654,0.0000479443660879,0.0000261849036178,0.00000754021175453,0.0000137652086778,0.00000167339442214,2.60485109038e-7,6.36415620647e-7,4.62957302716e-7,3.9453965428e-7,1.35482792984e-7,1.5051499247e-7,2.33559561025e-7,1.37465107741e-7,3.54956512183e-7,2.41580153215e-7,1.21084340776e-7,1.32170953293e-7,1.02476981567e-7,2.04952126381e-8,3.69137542755e-9,3.81857635789e-11,7.03296904221e-13]},"barkbands_crest":{"dmean":2.60414266586,"dmean2":4.27793836594,"dvar":5.17809152603,"dvar2":13.5046977997,"max":24.8428974152,"mean":10.7027626038,"median":10.0180835724,"min":2.72876691818,"var":16.3436985016},"barkbands_flatness_db":{"dmean":0.0208686795086,"dmean2":0.0320848897099,"dvar":0.000363412749721,"dvar2":0.000824910937808,"max":0.380874544382,"mean":0.164297088981,"median":0.159117713571,"min":0.0324211940169,"var":0.00247920234688},"barkbands_kurtosis":{"dmean":4.09091520309,"dmean2":6.33335399628,"dvar":37.6998519897,"dvar2":85.0765609741,"max":158.482589722,"mean":8.63024044037,"median":4.16797161102,"min":-1.87877881527,"var":180.365234375},"barkbands_skewness":{"dmean":0.571110486984,"dmean2":0.881651699543,"dvar":0.301360249519,"dvar2":0.708635926247,"max":9.02996063232,"mean":2.25718903542,"median":2.10066795349,"min":-2.14676260948,"var":1.81108009815},"barkbands_spread":{"dmean":5.8827791214,"dmean2":9.14748477936,"dvar":45.3583450317,"dvar2":98.3899536133,"max":153.547409058,"mean":20.6938495636,"median":18.2553863525,"min":0.65141326189,"var":186.809616089},"dissonance":{"dmean":0.0159967783839,"dmean2":0.0266696847975,"dvar":0.000256841711234,"dvar2":0.000703667814378,"max":0.5,"mean":0.464041531086,"median":0.471506536007,"min":0.225318089128,"var":0.000762285431847},"dynamic_complexity":3.16562342644,"erbbands":{"dmean":[0.00792718771845,0.265764385462,1.80351829529,4.88448572159,9.11843395233,12.3575229645,18.0056285858,13.6193943024,17.1758937836,9.95777606964,15.7566585541,18.4625663757,9.38302326202,5.61621665955,4.63846921921,7.14372253418,5.88371992111,8.3326215744,5.39215803146,3.89830160141,6.12719726562,6.24884843826,6.76975870132,6.79009771347,12.2993526459,7.83779621124,6.08176851273,4.65963506699,4.03879833221,3.35217857361,2.36489605904,1.23553001881,0.520570933819,0.193706616759,0.0767803043127,0.0146715166047,0.00206893961877,0.000285460002488,0.0000358506658813,0.0000093912367447],"dmean2":[0.0127365365624,0.436026126146,2.96119618416,8.18224143982,15.2278089523,19.736995697,27.1438064575,20.8623428345,25.1303195953,15.6949615479,26.3149242401,30.4554138184,15.1153888702,8.92867088318,7.35457658768,11.5056467056,9.22434520721,12.9834156036,8.5237121582,6.1224822998,9.76010036469,9.90660858154,10.7608499527,10.3835172653,19.2268123627,12.0393867493,9.4068145752,7.1208896637,6.06028747559,4.96026659012,3.51716589928,1.84948325157,0.777411103249,0.291766643524,0.115036934614,0.022250585258,0.00318455486558,0.000465721241198,0.0000591511161474,0.0000147856862895],"dvar":[0.000140064163134,0.135595157743,6.23448419571,48.9644622803,166.100402832,383.884429932,1353.88317871,795.723327637,2040.57751465,889.780944824,2286.57397461,4377.171875,703.046386719,234.811950684,217.192626953,300.462585449,228.422164917,538.130249023,190.977722168,79.9728088379,251.214279175,166.105377197,145.679992676,152.121704102,453.941925049,163.34727478,134.057250977,92.8314819336,61.0494728088,37.9735145569,26.3400058746,7.40441036224,1.68963646889,0.257283210754,0.086586587131,0.00215269788168,0.0000485694763483,0.00000133950720738,2.29323475764e-8,1.54060750268e-10],"dvar2":[0.000372683687601,0.374539345503,17.0057277679,137.482467651,449.821411133,949.88482666,2985.1003418,1687.12414551,3885.55737305,2258.78076172,6549.80175781,12264.8769531,1723.99743652,575.700622559,513.268005371,728.84954834,559.929992676,1332.47839355,480.340057373,186.525741577,663.008056641,386.986419678,373.387268066,357.739379883,1129.9119873,388.838256836,299.186096191,208.98425293,136.549804688,81.2852172852,54.8123130798,15.5302858353,3.48775839806,0.5395206213,0.158254042268,0.0046115256846,0.000110728469735,0.00000316899740938,5.42982654395e-8,3.61634389101e-10],"max":[0.175690606236,5.10339784622,34.0197296143,106.363945007,177.545227051,413.38458252,615.540588379,731.235229492,1100.67248535,887.601928711,831.273254395,1347.69543457,753.759765625,490.679870605,495.05871582,435.896820068,472.316955566,648.918823242,566.631652832,195.064361572,512.512878418,362.527099609,281.265136719,305.150177002,412.009429932,286.518463135,217.202804565,260.28729248,152.978500366,158.481674194,146.351135254,66.563835144,36.4465179443,12.031452179,12.1848688126,1.3495798111,0.119859986007,0.0262083001435,0.00405426649377,0.000245353439823],"mean":[0.0181486718357,0.509845674038,3.46190667152,8.66864395142,15.0711584091,22.585439682,35.1065216064,28.9493541718,33.0599250793,16.866569519,24.0710830688,30.2832489014,17.2000694275,10.1333694458,8.68585968018,13.4762506485,12.0028905869,15.6981630325,10.6809005737,7.73436641693,12.5581226349,14.3025360107,15.8136100769,16.5682582855,27.7804222107,18.5986251831,12.5792007446,9.38018226624,9.14594936371,8.53106021881,5.30851221085,2.31430864334,0.863973855972,0.311263918877,0.113070294261,0.0192131344229,0.00267728487961,0.000378175987862,0.0000693303663866,0.0000380653327738],"median":[0.00881346035749,0.348678052425,2.34822463989,5.52089118958,9.52607059479,11.9392261505,12.8881311417,9.87421894073,7.27444887161,4.82221126556,4.68696403503,3.4079656601,3.41518712044,2.94389915466,2.68825221062,3.56693530083,4.12665510178,4.79148769379,3.76257443428,3.39585018158,4.32540225983,5.52091026306,8.38754081726,9.11434745789,15.1316127777,11.7406644821,7.78993558884,4.93914651871,4.47934341431,3.89431834221,2.6358590126,1.09808146954,0.355249285698,0.113042414188,0.0298029389232,0.00457667279989,0.000774941872805,0.000148457329487,0.0000459770380985,0.0000366310086974],"min":[1.30218988711e-21,2.64794650466e-21,1.55960251606e-20,3.14490191484e-20,1.12274478237e-19,1.80835343309e-19,1.69577867536e-19,3.80716675318e-19,7.46690355482e-19,1.406571311e-18,1.40880655981e-18,2.37578617596e-18,8.40674151392e-19,2.72521228891e-18,3.25066822649e-18,3.78134863681e-18,9.03185524111e-18,5.50329175873e-18,5.21336288608e-18,4.60685627657e-18,5.81562978136e-18,1.00549163586e-17,2.57087916361e-17,1.66027986782e-17,2.27975129266e-17,1.14045831235e-17,1.58592576062e-17,1.09361515698e-17,1.92174785442e-17,1.92559689125e-17,1.95570047528e-17,2.32241726866e-17,1.57273090636e-17,1.27547346163e-17,8.39932428876e-18,4.33992426572e-18,2.61633712233e-18,9.90709049776e-19,2.98176897334e-19,3.0657552705e-20],"var":[0.000517242297065,0.283096075058,13.1882190704,96.1126556396,293.424224854,965.895507812,4231.75927734,3829.15454102,7109.34326172,1611.80578613,4314.63134766,10208.4306641,1999.82629395,624.83807373,601.086242676,966.452270508,741.000610352,1247.06262207,553.04510498,185.276702881,601.382019043,659.237792969,437.575042725,533.227478027,1257.19213867,440.536865234,246.866485596,187.048919678,161.823028564,155.646774292,75.6177062988,17.6786403656,3.66851806641,0.567419290543,0.196966171265,0.00351461814716,0.0000539679385838,0.00000122546850889,2.04313845842e-8,4.55082582729e-10]},"erbbands_crest":{"dmean":2.9118449688,"dmean2":4.69816923141,"dvar":8.02699375153,"dvar2":20.304069519,"max":30.1861515045,"mean":10.0831098557,"median":8.53986358643,"min":2.65820598602,"var":26.482421875},"erbbands_flatness_db":{"dmean":0.014673425816,"dmean2":0.0222361925989,"dvar":0.000186427554581,"dvar2":0.000413400644902,"max":0.353764683008,"mean":0.168159022927,"median":0.162491306663,"min":0.0250054318458,"var":0.00141571857966},"erbbands_kurtosis":{"dmean":1.12736177444,"dmean2":1.73895919323,"dvar":5.44673156738,"dvar2":11.4630804062,"max":96.0708236694,"mean":1.03446877003,"median":-0.648203849792,"min":-1.8713748455,"var":51.789604187},"erbbands_skewness":{"dmean":0.412002980709,"dmean2":0.629390537739,"dvar":0.143452525139,"dvar2":0.32234236598,"max":7.68301010132,"mean":0.558891773224,"median":0.395915955305,"min":-3.11108636856,"var":1.3913807869},"erbbands_spread":{"dmean":9.53758239746,"dmean2":14.789899826,"dvar":86.0355529785,"dvar2":203.960418701,"max":141.725265503,"mean":53.7057991028,"median":53.4696273804,"min":1.86034452915,"var":491.660675049},"gfcc":{"cov":[[8969.17578125,95.1299133301,-1489.1697998,872.335327148,-886.23034668,352.572235107,-152.934921265,200.799835205,117.341247559,-75.0946044922,-4.31644296646,-223.339447021,-151.36706543],[95.1299133301,675.588317871,84.7812652588,-104.972824097,53.7749481201,-69.1362609863,100.717826843,-47.0972633362,57.9950942993,-53.6582336426,49.2831077576,-74.0113983154,-33.7226028442],[-1489.1697998,84.7812652588,885.893188477,60.7162628174,78.5018005371,12.4706583023,-38.0254516602,-14.9371623993,-35.8176498413,13.1917629242,-20.6044692993,35.9629096985,25.438533783],[872.335327148,-104.972824097,60.7162628174,481.660705566,-8.58509254456,12.4447069168,-95.5194244385,2.55231118202,39.4000701904,-12.5561771393,-0.422806918621,39.0603370667,34.0437583923],[-886.23034668,53.7749481201,78.5018005371,-8.58509254456,346.493927002,-5.45641899109,25.3413314819,-41.5884361267,-54.8356704712,17.3410587311,-2.97956156731,36.7590065002,52.3790092468],[352.572235107,-69.1362609863,12.4706583023,12.4447069168,-5.45641899109,262.852996826,103.503875732,58.3641319275,-54.8968544006,12.7549476624,-28.5603141785,-59.8057785034,-24.0884666443],[-152.934921265,100.717826843,-38.0254516602,-95.5194244385,25.3413314819,103.503875732,210.190933228,50.8492507935,-16.5908699036,-2.30813097954,-6.39294481277,-54.9450302124,-37.8113861084],[200.799835205,-47.0972633362,-14.9371623993,2.55231118202,-41.5884361267,58.3641319275,50.8492507935,121.907447815,41.7836494446,22.7598285675,-17.1494674683,-34.5198860168,-18.9584770203],[117.341247559,57.9950942993,-35.8176498413,39.4000701904,-54.8356704712,-54.8968544006,-16.5908699036,41.7836494446,175.949249268,29.2852535248,13.2255878448,-8.94850540161,-19.673538208],[-75.0946044922,-53.6582336426,13.1917629242,-12.5561771393,17.3410587311,12.7549476624,-2.30813097954,22.7598285675,29.2852535248,94.1136322021,21.8500175476,1.71987903118,-2.09994292259],[-4.31644296646,49.2831077576,-20.6044692993,-0.422806918621,-2.97956156731,-28.5603141785,-6.39294481277,-17.1494674683,13.2255878448,21.8500175476,91.720741272,39.9313430786,-3.54165649414],[-223.339447021,-74.0113983154,35.9629096985,39.0603370667,36.7590065002,-59.8057785034,-54.9450302124,-34.5198860168,-8.94850540161,1.71987903118,39.9313430786,115.651565552,52.7091255188],[-151.36706543,-33.7226028442,25.438533783,34.0437583923,52.3790092468,-24.0884666443,-37.8113861084,-18.9584770203,-19.673538208,-2.09994292259,-3.54165649414,52.7091255188,87.0745239258]],"icov":[[0.00113781995606,-0.00235961633734,0.00236375653185,-0.0024420581758,0.00265276874416,-0.00215832772665,0.00249204831198,-0.00191665324382,0.00210803980008,-0.00182105868589,0.00197601481341,-0.00166433281265,0.00132054171991],[-0.00235961633734,0.00813797768205,-0.00557957822457,0.00544190965593,-0.0062078917399,0.00554833840579,-0.00687654642388,0.00569532392547,-0.00625846488401,0.00665175914764,-0.00789942964911,0.00792645756155,-0.00429764762521],[0.00236375653185,-0.00557957822457,0.00625557126477,-0.00526709994301,0.00543413497508,-0.00482059177011,0.00572149362415,-0.00433683162555,0.00496667297557,-0.00467090914026,0.00540583720431,-0.00488794408739,0.0033059862908],[-0.0024420581758,0.00544190965593,-0.00526709994301,0.0078858807683,-0.00592863513157,0.0036715909373,-0.00406314432621,0.00399361876771,-0.00575753021985,0.00525338295847,-0.00487222801894,0.00354569032788,-0.00351349473931],[0.00265276874416,-0.0062078917399,0.00543413497508,-0.00592863513157,0.0101033868268,-0.00484244665131,0.00467859720811,-0.00346144801006,0.00611555343494,-0.0064341193065,0.0061692292802,-0.00530105968937,0.00148478476331],[-0.00215832772665,0.00554833840579,-0.00482059177011,0.0036715909373,-0.00484244665131,0.0109637817368,-0.00787797849625,0.00225865305401,-0.00167910440359,0.00261898594908,-0.00434813136235,0.00650033447891,-0.00304148043506],[0.00249204831198,-0.00687654642388,0.00572149362415,-0.00406314432621,0.00467859720811,-0.00787797849625,0.0145606826991,-0.00772647652775,0.00547629129142,-0.00339350826107,0.0044877124019,-0.00440739700571,0.00523875141516],[-0.00191665324382,0.00569532392547,-0.00433683162555,0.00399361876771,-0.00346144801006,0.00225865305401,-0.00772647652775,0.0168261062354,-0.00767987966537,0.00178265850991,-0.00276168412529,0.00551186641678,-0.00354618579149],[0.00210803980008,-0.00625846488401,0.00496667297557,-0.00575753021985,0.00611555343494,-0.00167910440359,0.00547629129142,-0.00767987966537,0.0134816700593,-0.00748847797513,0.00527689186856,-0.00479405373335,0.00458548543975],[-0.00182105868589,0.00665175914764,-0.00467090914026,0.00525338295847,-0.0064341193065,0.00261898594908,-0.00339350826107,0.00178265850991,-0.00748847797513,0.0192678142339,-0.0108718341216,0.00741534633562,-0.0039276513271],[0.00197601481341,-0.00789942964911,0.00540583720431,-0.00487222801894,0.0061692292802,-0.00434813136235,0.0044877124019,-0.00276168412529,0.00527689186856,-0.0108718341216,0.0241619236767,-0.015901863575,0.00867359898984],[-0.00166433281265,0.00792645756155,-0.00488794408739,0.00354569032788,-0.00530105968937,0.00650033447891,-0.00440739700571,0.00551186641678,-0.00479405373335,0.00741534633562,-0.015901863575,0.0263692215085,-0.0130217019469],[0.00132054171991,-0.00429764762521,0.0033059862908,-0.00351349473931,0.00148478476331,-0.00304148043506,0.00523875141516,-0.00354618579149,0.00458548543975,-0.0039276513271,0.00867359898984,-0.0130217019469,0.0214682314545]],"mean":[-21.1733341217,100.251937866,-115.97416687,61.8348350525,-71.0998535156,-0.519217848778,-37.5177154541,-10.4798955917,-25.1209602356,-11.2505970001,-9.28091716766,-9.67905330658,-11.6626396179]},"hfc":{"dmean":4.05102300644,"dmean2":5.78929042816,"dvar":27.8617725372,"dvar2":55.0145492554,"max":89.4160919189,"mean":18.3814373016,"median":15.9237957001,"min":1.07237123979e-16,"var":175.717651367},"melbands":{"dmean":[0.000152286680532,0.000731667096261,0.00087229750352,0.000788986624684,0.000586648704484,0.000308318733005,0.000254786427831,0.000110257991764,0.00012767885346,0.000113662943477,0.0000463384021714,0.0000252262598224,0.0000144837722473,0.0000203775380214,0.0000156872611115,0.0000158469356393,0.0000156809746841,0.0000092965146905,0.0000061534519773,0.00000620949094809,0.00000807563901617,0.00000718146020517,0.00000686629209667,0.0000064389741965,0.00000584403278481,0.00000950985850068,0.00000878020546224,0.00000516305226483,0.00000451700771009,0.00000325538212564,0.00000291076662506,0.00000250803486779,0.00000231851140597,0.00000187842738342,0.0000015150510535,0.00000114181398203,6.79700576711e-7,4.10472608792e-7,2.36016234112e-7,1.51116822167e-7],"dmean2":[0.000249837466981,0.001200541039,0.00145595415961,0.0012823746074,0.000895180157386,0.000469924969366,0.000373627146473,0.000176113637281,0.000212855084101,0.000187049008673,0.0000747317099012,0.0000402199148084,0.0000229141096497,0.0000333132011292,0.0000250288085226,0.0000249059485213,0.0000244465081778,0.0000145620797412,0.00000968460153672,0.00000968372296484,0.0000130226771944,0.0000114191352623,0.0000110286873678,0.0000102504891402,0.00000906398872758,0.0000150563691932,0.0000139081248562,0.00000801427904662,0.0000071124659371,0.00000506344758833,0.00000454492146673,0.00000384454688174,0.0000035292650864,0.00000284511565951,0.00000227876216741,0.00000174544027232,0.00000104474952423,6.21555955149e-7,3.59158576657e-7,2.33133050642e-7],"dvar":[4.72548826735e-8,9.47771695792e-7,0.00000131688193505,0.00000132317063617,0.00000118991079034,3.55254087481e-7,4.28879218362e-7,9.79538228307e-8,1.38571195407e-7,1.64208998399e-7,1.75658296797e-8,4.94211693791e-9,2.69358513272e-9,2.53098342284e-9,1.56948476437e-9,2.13253570358e-9,1.9595567391e-9,5.92046245362e-10,2.84375717419e-10,2.19470427942e-10,4.89424056838e-10,2.63450566917e-10,1.79142978229e-10,1.18960535866e-10,1.35385092026e-10,2.4562102352e-10,2.43973480307e-10,7.64166091516e-11,7.77817671382e-11,3.93711105384e-11,4.17480876258e-11,2.59927097207e-11,1.73647814877e-11,1.31257591601e-11,1.0878525511e-11,7.14920657396e-12,2.44502226625e-12,1.07509931947e-12,3.89245168216e-13,1.68015029515e-13],"dvar2":[1.32940527919e-7,0.00000257318561125,0.00000373196394321,0.00000337672236128,0.00000271534190688,7.43966552363e-7,8.21438220555e-7,2.51748758728e-7,3.96965702976e-7,4.56627816448e-7,4.31223554642e-8,1.17730678539e-8,6.59928867108e-9,6.13458439602e-9,3.64238550432e-9,5.47826628505e-9,4.76554085083e-9,1.43266509767e-9,6.80923539775e-10,5.12173525813e-10,1.30282840072e-9,6.09155281772e-10,4.73214523122e-10,3.0154992392e-10,3.21456361529e-10,5.97928484503e-10,6.10055228556e-10,1.84950207927e-10,1.81284362522e-10,8.87213011391e-11,9.73948005578e-11,6.02044455955e-11,3.92060203747e-11,2.88138731624e-11,2.3460620599e-11,1.59470544409e-11,5.46845511581e-12,2.28365416854e-12,8.30293949913e-13,3.72102522406e-13],"max":[0.00262842513621,0.0129105476663,0.0166025497019,0.0169147271663,0.0169489569962,0.0141548067331,0.015664845705,0.00804869364947,0.0059989085421,0.00932119879872,0.00384565349668,0.00263266987167,0.00213339761831,0.00118000840303,0.00161126255989,0.00168107869104,0.00116834777873,0.00112195126712,0.000746769888792,0.000530407298356,0.000722095952369,0.000531482452061,0.000419698626501,0.000237886313698,0.000298636383377,0.000365111627616,0.000276241422398,0.000186826073332,0.000182090239832,0.000103566388134,0.000197715155082,0.0000941627222346,0.000078725250205,0.0000989134132396,0.000102159567177,0.0000729820385459,0.0000289041618089,0.0000304817804135,0.0000151270596689,0.0000109069005703],"mean":[0.000306407309836,0.00145318894647,0.00162799051031,0.00139066483825,0.00117501791101,0.000657141907141,0.000484197458718,0.000178439921001,0.000195950560737,0.000184523087228,0.0000825452807476,0.0000430066866102,0.0000250753728324,0.0000359953919542,0.0000295186691801,0.0000293328612315,0.000028190894227,0.0000171690917341,0.0000107230080175,0.0000111502640721,0.00001546573003,0.0000147414011735,0.0000142373773997,0.000013954345377,0.0000125024080262,0.0000198460638785,0.0000186404267879,0.000010923595255,0.00000853855726746,0.00000594834091316,0.00000531164687345,0.0000050128805924,0.00000536407014806,0.00000451923369837,0.00000328481178258,0.00000209838367482,0.0000011417693031,6.50353740639e-7,3.59119468385e-7,2.32336631711e-7],"median":[0.000171973282704,0.00109985028394,0.00117146235425,0.000820652814582,0.000490792968776,0.000229878569371,0.000100498960819,0.0000476294553664,0.0000329142822011,0.0000192405623238,0.0000156479782163,0.0000108442200144,0.0000067243668127,0.00000996504968498,0.00000759060549171,0.00000890117735253,0.00000793637809693,0.00000544378735867,0.00000410300299336,0.00000425438929597,0.00000471366138299,0.00000495136873724,0.0000066089774009,0.00000717924740457,0.00000594999164605,0.000010538485185,0.00000950588128035,0.00000646524540571,0.00000500270607517,0.00000315495663017,0.00000251408528129,0.00000236389632846,0.00000222893777391,0.00000199564328796,0.00000156395310569,9.58929035733e-7,4.88332091209e-7,2.56960930756e-7,1.2830327023e-7,7.94081245203e-8],"min":[9.8532261159e-24,6.7839576603e-24,7.57916889581e-24,1.07155552149e-23,7.05028814595e-24,9.3521274694e-24,1.10360015587e-23,1.6912332149e-23,1.44784674868e-23,1.27551132758e-23,3.59143008269e-24,1.05355150683e-23,9.91861085203e-24,1.37606955709e-23,9.82113209883e-24,2.01027901501e-23,9.33904026699e-24,9.25775998362e-24,6.43294571748e-24,6.40572686081e-24,6.73523682193e-24,6.83082625326e-24,2.3669318655e-23,1.93737249015e-23,1.19558867382e-23,1.7922100929e-23,1.09647737298e-23,7.36354954458e-24,1.0416524867e-23,7.32699215251e-24,5.41204256028e-24,1.17072007045e-23,8.55489359453e-24,1.25177450294e-23,1.04178753969e-23,1.36327912414e-23,1.43886335846e-23,1.11116399089e-23,9.75021587003e-24,1.06951189843e-23],"var":[1.2460172627e-7,0.00000201542070499,0.00000256713724411,0.00000285840974357,0.00000374989440388,0.00000171043052433,0.00000149335869537,1.86541683433e-7,2.76433524959e-7,3.91270788214e-7,5.1094712461e-8,1.39339837446e-8,6.71580879796e-9,7.19408532746e-9,6.41888142638e-9,5.35838529103e-9,4.49499948374e-9,1.72634673223e-9,5.0177451083e-10,4.64512039944e-10,1.10353071126e-9,9.80539205386e-10,5.04203345741e-10,3.62392754694e-10,4.14896839107e-10,6.87053303139e-10,6.06591776808e-10,1.75220879473e-10,1.28949184663e-10,7.03254676715e-11,7.54560372518e-11,5.4418723e-11,6.25817037081e-11,4.86680799827e-11,2.99640347257e-11,1.53425171873e-11,4.96562426594e-12,2.1929316002e-12,7.89930946175e-13,3.42204427772e-13]},"melbands_crest":{"dmean":3.43942189217,"dmean2":5.64585447311,"dvar":8.48223590851,"dvar2":22.5896987915,"max":32.399559021,"mean":15.1588335037,"median":14.4338626862,"min":2.16936302185,"var":24.2581501007},"melbands_flatness_db":{"dmean":0.0254962034523,"dmean2":0.0388334915042,"dvar":0.000555847713258,"dvar2":0.00125238019973,"max":0.479469895363,"mean":0.217462077737,"median":0.211326286197,"min":0.00504929246381,"var":0.00435832422227},"melbands_kurtosis":{"dmean":9.96002006531,"dmean2":15.7312746048,"dvar":183.59211731,"dvar2":448.956115723,"max":223.200164795,"mean":25.2982463837,"median":18.3013591766,"min":-1.57377231121,"var":618.926574707},"melbands_skewness":{"dmean":0.794711589813,"dmean2":1.25178182125,"dvar":0.611963152885,"dvar2":1.52235496044,"max":12.4609880447,"mean":3.7364397049,"median":3.5670003891,"min":-1.14075863361,"var":3.26423144341},"melbands_spread":{"dmean":5.95893859863,"dmean2":9.37949752808,"dvar":61.6536941528,"dvar2":144.848022461,"max":132.65322876,"mean":18.4770240784,"median":14.6486902237,"min":0.743752896786,"var":225.607711792},"mfcc":{"cov":[[7741.87109375,-614.447509766,-171.358505249,155.802444458,-357.922332764,-6.9756603241,-196.093154907,175.339996338,-99.9303588867,210.066009521,97.9063034058,33.8452835083,56.3523445129],[-614.447509766,856.520385742,-1.06355011463,-62.1154403687,-46.7327461243,-16.2048187256,60.4521217346,-1.74679732323,-36.1402664185,60.1513671875,33.6735267639,-14.0221481323,-25.8157596588],[-171.358505249,-1.06355011463,642.954040527,92.4149932861,53.8844490051,22.89661026,-15.8454141617,13.0569658279,19.505947113,-8.02110671997,-9.62505531311,48.5661849976,19.0616931915],[155.802444458,-62.1154403687,92.4149932861,356.323272705,149.821929932,14.6199169159,-78.3398666382,-13.2535858154,8.51365375519,-80.4790878296,-46.8295402527,41.7973937988,47.1969566345],[-357.922332764,-46.7327461243,53.8844490051,149.821929932,253.449447632,51.0944213867,-5.61432743073,-37.5173454285,29.0749111176,-69.9617614746,-53.6211242676,29.2502536774,2.19542479515],[-6.9756603241,-16.2048187256,22.89661026,14.6199169159,51.0944213867,147.404190063,95.4379043579,13.3883256912,19.7675170898,6.35424566269,6.30735969543,-5.76066207886,-32.1354064941],[-196.093154907,60.4521217346,-15.8454141617,-78.3398666382,-5.61432743073,95.4379043579,264.453216553,35.1538467407,29.0316524506,18.887720108,6.78730106354,-9.09451675415,-61.5987434387],[175.339996338,-1.74679732323,13.0569658279,-13.2535858154,-37.5173454285,13.3883256912,35.1538467407,107.323326111,20.6557121277,28.5187721252,23.3443622589,-12.4503612518,4.58473968506],[-99.9303588867,-36.1402664185,19.505947113,8.51365375519,29.0749111176,19.7675170898,29.0316524506,20.6557121277,123.917251587,45.2118148804,4.72022008896,5.03453159332,-26.0508613586],[210.066009521,60.1513671875,-8.02110671997,-80.4790878296,-69.9617614746,6.35424566269,18.887720108,28.5187721252,45.2118148804,173.595413208,77.654006958,-11.7091970444,-21.9872951508],[97.9063034058,33.6735267639,-9.62505531311,-46.8295402527,-53.6211242676,6.30735969543,6.78730106354,23.3443622589,4.72022008896,77.654006958,109.852287292,15.4122238159,-4.51413345337],[33.8452835083,-14.0221481323,48.5661849976,41.7973937988,29.2502536774,-5.76066207886,-9.09451675415,-12.4503612518,5.03453159332,-11.7091970444,15.4122238159,105.063659668,39.5363731384],[56.3523445129,-25.8157596588,19.0616931915,47.1969566345,2.19542479515,-32.1354064941,-61.5987434387,4.58473968506,-26.0508613586,-21.9872951508,-4.51413345337,39.5363731384,102.467544556]],"icov":[[0.00018774070486,0.000156102178153,0.0000764684009482,-0.000253442354733,0.000345334876329,-0.000163590317243,0.000165090983501,-0.00031166014378,0.000357178854756,-0.000408498715842,0.000239084431087,-0.000280545209534,0.000215009276872],[0.000156102178153,0.00141424022149,0.00000653229517411,-0.00025771316723,0.000207395321922,0.000331473187543,-0.000336652621627,-0.000123766134493,0.00098125403747,-0.000930763955694,0.000103106307506,-0.000165035351529,0.000408581603551],[0.0000764684009482,0.00000653229517411,0.00172184745315,-0.000395766022848,0.0000755184082664,-0.00038489131839,0.000275524245808,-0.00053759792354,0.0000853159071994,-0.00035916044726,0.000458643655293,-0.000936586642638,0.00021513691172],[-0.000253442354733,-0.00025771316723,-0.000395766022848,0.00490406062454,-0.00252782832831,-0.000550699885935,0.00117130065337,-0.000374377559638,-0.000940816535149,0.00163185130805,0.0000397810035793,-0.000285290501779,-0.00128561828751],[0.000345334876329,0.000207395321922,0.0000755184082664,-0.00252782832831,0.00764667056501,-0.0027063828893,0.000607773719821,0.00134696578607,-0.00131662574131,0.000703923986293,0.00194491108414,-0.00163729523774,0.000838846957777],[-0.000163590317243,0.000331473187543,-0.00038489131839,-0.000550699885935,-0.0027063828893,0.0107937315479,-0.00400462839752,-0.000192675899598,0.000243229995249,-0.000216958040255,-0.00188418116886,0.00135135988239,0.000953888462391],[0.000165090983501,-0.000336652621627,0.000275524245808,0.00117130065337,0.000607773719821,-0.00400462839752,0.00669707264751,-0.00231931451708,-0.00019536758191,0.000188869424164,0.00136851437856,-0.00205089594238,0.00293690967374],[-0.00031166014378,-0.000123766134493,-0.00053759792354,-0.000374377559638,0.00134696578607,-0.000192675899598,-0.00231931451708,0.0126667506993,-0.00313129811548,0.000784812844358,-0.00282784621231,0.00344842392951,-0.00372045021504],[0.000357178854756,0.00098125403747,0.0000853159071994,-0.000940816535149,-0.00131662574131,0.000243229995249,-0.00019536758191,-0.00313129811548,0.0122713595629,-0.00536434166133,0.00279704481363,-0.00264950958081,0.00370966596529],[-0.000408498715842,-0.000930763955694,-0.00035916044726,0.00163185130805,0.000703923986293,-0.000216958040255,0.000188869424164,0.000784812844358,-0.00536434166133,0.0121668893844,-0.00723761413246,0.00235651060939,-0.000680511933751],[0.000239084431087,0.000103106307506,0.000458643655293,0.0000397810035793,0.00194491108414,-0.00188418116886,0.00136851437856,-0.00282784621231,0.00279704481363,-0.00723761413246,0.0163030344993,-0.00523936748505,0.00200534844771],[-0.000280545209534,-0.000165035351529,-0.000936586642638,-0.000285290501779,-0.00163729523774,0.00135135988239,-0.00205089594238,0.00344842392951,-0.00264950958081,0.00235651060939,-0.00523936748505,0.0144992424175,-0.00650315592065],[0.000215009276872,0.000408581603551,0.00021513691172,-0.00128561828751,0.000838846957777,0.000953888462391,0.00293690967374,-0.00372045021504,0.00370966596529,-0.000680511933751,0.00200534844771,-0.00650315592065,0.0159038472921]],"mean":[-652.833618164,108.578186035,12.927397728,48.7076835632,-5.25164556503,8.60837841034,-5.66984224319,0.395576179028,-16.0720653534,-0.987136363983,-6.53534889221,-4.78545570374,-5.55153131485]},"pitch_salience":{"dmean":0.0718594044447,"dmean2":0.116893261671,"dvar":0.00384521111846,"dvar2":0.00983182620257,"max":0.804501354694,"mean":0.548123717308,"median":0.554624259472,"min":0.115462906659,"var":0.0102085871622},"silence_rate_20dB":{"dmean":0,"dmean2":0,"dvar":0,"dvar2":0,"max":1,"mean":1,"median":1,"min":1,"var":0},"silence_rate_30dB":{"dmean":0,"dmean2":0,"dvar":0,"dvar2":0,"max":1,"mean":1,"median":1,"min":1,"var":0},"silence_rate_60dB":{"dmean":0.0067620286718,"dmean2":0.0135258156806,"dvar":0.0067163547501,"dvar2":0.0138632431626,"max":1,"mean":0.0608503445983,"median":0,"min":0,"var":0.0571516305208},"spectral_centroid":{"dmean":279.29977417,"dmean2":434.6222229,"dvar":98013.03125,"dvar2":202822.203125,"max":10896.4179688,"mean":1284.12939453,"median":1192.05029297,"min":209.399276733,"var":458262.625},"spectral_complexity":{"dmean":3.11027312279,"dmean2":4.71660804749,"dvar":11.6026201248,"dvar2":23.1966133118,"max":49,"mean":16.1116886139,"median":15,"min":0,"var":78.6282653809},"spectral_contrast_coeffs":{"dmean":[0.0536642074585,0.0486942455173,0.0362953543663,0.0275692623109,0.0202055834234,0.0173495989293],"dmean2":[0.0897157639265,0.0798075720668,0.0601625703275,0.0448435656726,0.0324541926384,0.0272849667817],"dvar":[0.00187698076479,0.00151006993838,0.000829402531963,0.00048467083252,0.000285992893623,0.000275266065728],"dvar2":[0.00523424847052,0.00397955998778,0.00222718738951,0.00123851466924,0.000695808965247,0.00064395199297],"max":[-0.271739929914,-0.387668311596,-0.48649597168,-0.572288870811,-0.622728228569,-0.560624182224],"mean":[-0.57127815485,-0.680120289326,-0.773234903812,-0.782159984112,-0.780599892139,-0.720192968845],"median":[-0.573712646961,-0.690230190754,-0.785364687443,-0.783893704414,-0.780618965626,-0.714829087257],"min":[-0.959209442139,-0.973595559597,-0.975634634495,-0.96212798357,-0.962399363518,-0.961362302303],"var":[0.00722652673721,0.00811437610537,0.00481476495042,0.00259108841419,0.00194880843628,0.00215182779357]},"spectral_contrast_valleys":{"dmean":[0.406268030405,0.335362017155,0.286612063646,0.24167662859,0.201972559094,0.271506935358],"dmean2":[0.6861140728,0.548587143421,0.46422880888,0.386863976717,0.301167458296,0.360969543457],"dvar":[0.131196931005,0.0934382900596,0.0755489468575,0.0635789856315,0.0621502734721,0.119144432247],"dvar2":[0.324374824762,0.210788577795,0.163120731711,0.128195002675,0.106125332415,0.213138565421],"max":[-5.81072902679,-4.66815805435,-5.72033500671,-6.03492164612,-5.87133026123,-7.8178191185],"mean":[-7.35227155685,-7.05444383621,-7.8502664566,-8.18882751465,-7.49894762039,-10.3321008682],"median":[-7.09688329697,-6.89706277847,-7.74612045288,-8.05512809753,-7.27329826355,-10.1428689957],"min":[-27.2395820618,-26.8087043762,-27.3017158508,-26.9917297363,-27.2046127319,-27.183265686],"var":[1.03927266598,1.07658290863,1.08373439312,1.02968966961,1.18524324894,1.12080562115]},"spectral_decrease":{"dmean":1.82056614229e-9,"dmean2":2.88427992601e-9,"dvar":3.28844308352e-18,"dvar2":8.37893759538e-18,"max":-1.30297538533e-28,"mean":-6.78704070722e-9,"median":-6.46835429663e-9,"min":-2.17403854919e-8,"var":1.52538374984e-17},"spectral_energy":{"dmean":0.00705630518496,"dmean2":0.0111342119053,"dvar":0.0000487806901219,"dvar2":0.000123614023323,"max":0.084582798183,"mean":0.0272829774767,"median":0.0262229070067,"min":1.02185078425e-20,"var":0.000240261942963},"spectral_energyband_high":{"dmean":0.000381423538784,"dmean2":0.000548863667063,"dvar":4.83691167119e-7,"dvar2":9.76429760158e-7,"max":0.0124558005482,"mean":0.00100739195477,"median":0.000636087264866,"min":6.96495688513e-21,"var":0.00000139881694849},"spectral_energyband_low":{"dmean":0.00323336548172,"dmean2":0.00533604202792,"dvar":0.0000171155752469,"dvar2":0.0000480711387354,"max":0.0472663789988,"mean":0.0071094376035,"median":0.00571343954653,"min":6.05310706169e-23,"var":0.0000394032649638},"spectral_energyband_middle_high":{"dmean":0.000812295824289,"dmean2":0.0011981864227,"dvar":0.0000013713026874,"dvar2":0.00000288614864985,"max":0.0321125090122,"mean":0.00299444934353,"median":0.00197395193391,"min":1.81900914304e-21,"var":0.0000107004652818},"spectral_energyband_middle_low":{"dmean":0.00624943803996,"dmean2":0.00985267292708,"dvar":0.0000455395893368,"dvar2":0.000112689653179,"max":0.0786344185472,"mean":0.0180562622845,"median":0.01510243956,"min":3.32408087784e-22,"var":0.000185025462997},"spectral_entropy":{"dmean":0.15565250814,"dmean2":0.233916565776,"dvar":0.0241495613009,"dvar2":0.0524774901569,"max":9.80836009979,"mean":7.43934440613,"median":7.52626562119,"min":5.18169164658,"var":0.221001118422},"spectral_flux":{"dmean":0.0189247280359,"dmean2":0.0309863202274,"dvar":0.000322405307088,"dvar2":0.000834858277813,"max":0.219683602452,"mean":0.0768306404352,"median":0.0768882185221,"min":1.0108663212e-10,"var":0.00118083052803},"spectral_kurtosis":{"dmean":1.11390531063,"dmean2":1.92735826969,"dvar":1.80471420288,"dvar2":5.10467481613,"max":32.2829704285,"mean":2.61075282097,"median":1.79720115662,"min":-1.18205022812,"var":9.21158123016},"spectral_rms":{"dmean":0.000655612966511,"dmean2":0.00102738197893,"dvar":3.5518806385e-7,"dvar2":8.92801438113e-7,"max":0.00908404123038,"mean":0.00486821308732,"median":0.00505799613893,"min":3.1574161688e-12,"var":0.00000291821015708},"spectral_rolloff":{"dmean":506.444274902,"dmean2":875.799743652,"dvar":949279.25,"dvar2":2203823.25,"max":20930.2734375,"mean":1218.89562988,"median":602.9296875,"min":107.666015625,"var":1984688.125},"spectral_skewness":{"dmean":0.174409881234,"dmean2":0.280757516623,"dvar":0.0284563302994,"dvar2":0.0696296095848,"max":4.60205554962,"mean":1.08065438271,"median":0.949114501476,"min":-0.104081459343,"var":0.290945768356},"spectral_spread":{"dmean":338199.34375,"dmean2":506792.84375,"dvar":242070978560,"dvar2":401790697472,"max":39933820,"mean":4531389.5,"median":4432646,"min":1819199,"var":1342049615870},"spectral_strongpeak":{"dmean":0.45065587759,"dmean2":0.744683682919,"dvar":0.398676246405,"dvar2":1.00804340839,"max":11.2859401703,"mean":0.943205118179,"median":0.597015440464,"min":0,"var":0.908497512341},"zerocrossingrate":{"dmean":0.00910463556647,"dmean2":0.0109799457714,"dvar":0.000100547222246,"dvar2":0.000133025852847,"max":0.48583984375,"mean":0.0555312484503,"median":0.0517578125,"min":0.00830078125,"var":0.000895163509995}},"metadata":{"audio_properties":{"analysis_sample_rate":44100,"bit_rate":1009710,"codec":"alac","downmix":"mix","equal_loudness":0,"length":178.559997559,"lossless":true,"md5_encoded":"88d0d99269aac781ee29feee6fe3d967","replay_gain":-16.2104301453,"sample_rate":44100},"tags":{"album":["Surrealistic Pillow"],"artist":["Jefferson Airplane"],"barcode":["5908260412074"],"bpm":["116"],"composer":["Skip Spence"],"date":["1967"],"discnumber":["1/1"],"encodedby":["X Lossless Decoder 20151214, QuickTime 7.7.3"],"file_name":"03 Jefferson Airplane - My Best Friend.m4a","genre":["Psychedelic Rock"],"language":["eng"],"musicbrainz_recordingid":["14b0c753-2ad0-4aa6-9bd6-dca99ebdc00d"],"title":["My Best Friend"],"tracknumber":["3/11"]},"version":{"essentia":"2.1-beta2","essentia_build_sha":"cead25079874084f62182a551b7393616cd33d87","essentia_git_sha":"v2.1_beta2-1-ge3940c0","extractor":"music 1.0"}},"rhythm":{"beats_count":336,"beats_loudness":{"dmean":0.0117693543434,"dmean2":0.0199925862253,"dvar":0.000105192157207,"dvar2":0.000301694264635,"max":0.0841394662857,"mean":0.0316827483475,"median":0.0321025252342,"min":0.00000679699132888,"var":0.000200828508241},"beats_loudness_band_ratio":{"dmean":[0.180019065738,0.201423168182,0.122794911265,0.058895457536,0.0359086245298,0.0616601705551],"dmean2":[0.312809973955,0.341252952814,0.205561861396,0.104716219008,0.0643093436956,0.112738400698],"dvar":[0.0218391008675,0.0243427362293,0.0193013045937,0.00690738670528,0.00191382539924,0.0032609757036],"dvar2":[0.0604164376855,0.0630494356155,0.0509393550456,0.0190402828157,0.00471544452012,0.0087669454515],"max":[0.876154243946,0.862337648869,0.780602395535,0.788767457008,0.481416583061,0.492371410131],"mean":[0.370398879051,0.370781481266,0.140200778842,0.057442381978,0.0493057668209,0.0873029306531],"median":[0.352136492729,0.338477790356,0.0861952602863,0.0259956717491,0.0326584130526,0.0708174258471],"min":[0