{"lowlevel":{"average_loudness":0.941807866096,"barkbands":{"dmean":[0.00000877182810655,0.000997955794446,0.000708555104211,0.000374727940653,0.00152328819968,0.00086181628285,0.000865039823111,0.000831297715195,0.001237756107,0.000617606565356,0.000601034727879,0.000958075746894,0.000591693969909,0.00073795201024,0.000572839519009,0.000255982100498,0.000210027748835,0.000247875868808,0.000161837000633,0.000155679750605,0.000103084392322,0.0000790237245383,0.0000715672576916,0.0000475171182188,0.0000300239917124,0.0000094066526799,8.41258440687e-7],"dmean2":[0.0000147265709529,0.00160252861679,0.00110787246376,0.000630230875686,0.00248634023592,0.00138106988743,0.00133733160328,0.00129310123157,0.00185303855687,0.000930716691073,0.000934932671953,0.00144733500201,0.000897871621419,0.00110100279562,0.000859779596794,0.00038898002822,0.00031990246498,0.000381617195671,0.000238314125454,0.000229650861002,0.000149178405991,0.000111132925667,0.000100386307167,0.0000674520197208,0.0000430603213317,0.0000141036562127,0.00000131969898121],"dvar":[7.79696751607e-10,0.00000452456424682,0.00000191759659174,6.96686754509e-7,0.0000106987254185,0.0000017999280999,0.00000262320986621,0.00000366475774172,0.00000632066394246,0.00000218613490688,0.0000014093379832,0.00000324472307511,0.00000145793399042,0.00000223039114644,0.00000126024133351,3.41229593914e-7,1.99840982873e-7,1.94113695784e-7,7.65943681813e-8,7.47670156898e-8,3.7294800137e-8,4.02408879552e-8,4.17122194563e-8,1.76199712598e-8,4.19436041454e-9,4.45377595915e-10,4.1493800583e-12],"dvar2":[2.04054839692e-9,0.000011161252587,0.00000413895759266,0.00000177422157321,0.0000266537426796,0.00000458033537143,0.00000581342965233,0.00000890574574441,0.0000142566077557,0.00000474994976685,0.00000340097471963,0.00000770619681134,0.00000308143057737,0.00000515674764756,0.00000267811219601,7.48421484786e-7,3.94772712298e-7,4.53518282484e-7,1.63730149438e-7,1.60233710744e-7,8.28280306564e-8,9.1037868799e-8,7.53521050001e-8,3.19837134555e-8,8.30467339341e-9,1.0598726341e-9,1.02802271904e-11],"max":[0.00151948910207,0.0376250371337,0.026337672025,0.0205494500697,0.0326285250485,0.0179172754288,0.0447535589337,0.0425904691219,0.0540109798312,0.0449298024178,0.036219380796,0.0301090013236,0.0216986350715,0.028193231672,0.0209647994488,0.0147648574784,0.018463883549,0.009890046902,0.00610512122512,0.00807673949748,0.0047608059831,0.00644459668547,0.00765611371025,0.00482735130936,0.00173674360849,0.000404140795581,0.0000505873613292],"mean":[0.0000101876512417,0.00199044379406,0.00195579137653,0.000590715440921,0.0020292813424,0.00166824343614,0.0016209515743,0.00153607514221,0.00264640594833,0.00126789486967,0.00117887253873,0.00192502327263,0.00120253697969,0.00166267994791,0.00116820959374,0.000510581186973,0.000449913000921,0.000539168715477,0.000366603781004,0.000335413380526,0.000202589464607,0.000154116831254,0.000147618600749,0.0000940896570683,0.0000440032636106,0.0000101591322164,8.81942298747e-7],"median":[0.00000469242877443,0.000922159291804,0.000599091930781,0.000234205450397,0.00106954108924,0.000825979281217,0.000732241838705,0.000620650942437,0.0010182315018,0.00042760593351,0.000426683720434,0.000655180774629,0.000342868734151,0.000300136685837,0.000363003957318,0.000179808281246,0.000164942524862,0.000292691373033,0.000163502496434,0.000199021364097,0.0000909846712602,0.0000755897490308,0.0000535356848559,0.0000275081292784,0.0000108113108581,0.00000167122720995,2.05083836136e-7],"min":[5.31923879943e-11,4.47426574957e-11,3.79862547667e-12,1.96623858688e-13,2.94944000863e-13,1.01138153028e-13,4.1789369274e-13,3.77478701508e-13,1.38087414767e-12,4.37866946477e-13,1.27149094205e-12,1.37321328354e-12,3.31856775133e-13,1.59734064083e-12,4.51792726494e-12,2.36775464686e-12,9.35406700014e-13,1.26277005345e-12,3.65758248341e-12,3.19970178825e-12,3.33532615589e-12,4.76997824919e-12,8.32031752523e-12,4.30210728153e-12,7.29608387595e-12,7.52207497678e-12,2.32248748011e-10],"var":[9.0417551224e-10,0.00000883308530319,0.00000839192762214,0.00000109623169919,0.0000108198701128,0.00000463261585537,0.00000771989562054,0.00000729968769519,0.0000219419816858,0.00000860948421177,0.00000471993962492,0.00000996778089757,0.0000048953274927,0.00000990758053376,0.00000444117040388,0.00000105841843379,7.15337591828e-7,5.70858560422e-7,3.28039050146e-7,2.2086953777e-7,1.0038774434e-7,9.96560274302e-8,1.31760884869e-7,5.4763141577e-8,8.79177886048e-9,4.88967644152e-10,4.00675456355e-12]},"barkbands_crest":{"dmean":2.10600042343,"dmean2":3.42819619179,"dvar":3.95288324356,"dvar2":10.1788349152,"max":22.4353275299,"mean":8.62530231476,"median":7.93525886536,"min":2.10976576805,"var":11.2875232697},"barkbands_flatness_db":{"dmean":0.0173782426864,"dmean2":0.0245741773397,"dvar":0.000303549139062,"dvar2":0.000570852367673,"max":0.284629404545,"mean":0.124533526599,"median":0.122292652726,"min":0.0312299244106,"var":0.0014099504333},"barkbands_kurtosis":{"dmean":0.936111390591,"dmean2":1.46076989174,"dvar":2.45636153221,"dvar2":6.29962062836,"max":36.3828544617,"mean":0.74709135294,"median":0.0911048650742,"min":-1.95228123665,"var":5.719414711},"barkbands_skewness":{"dmean":0.337128728628,"dmean2":0.507564127445,"dvar":0.111421465874,"dvar2":0.246827587485,"max":4.81473016739,"mean":0.535106480122,"median":0.512581467628,"min":-2.31268143654,"var":0.591560423374},"barkbands_spread":{"dmean":4.26172304153,"dmean2":6.24526023865,"dvar":29.8574142456,"dvar2":59.9068069458,"max":148.514205933,"mean":24.6323928833,"median":20.8120536804,"min":2.87939858437,"var":453.878845215},"dissonance":{"dmean":0.0191831532866,"dmean2":0.032128483057,"dvar":0.000367355562048,"dvar2":0.000995966140181,"max":0.499871581793,"mean":0.463544428349,"median":0.471210420132,"min":0.29217877984,"var":0.00084136746591},"dynamic_complexity":4.19530010223,"erbbands":{"dmean":[0.014226609841,0.272480934858,0.805666267872,0.992229044437,2.55413341522,7.33311367035,5.29689598083,7.12317705154,9.38903713226,16.3901958466,21.1359062195,26.6469707489,17.8465423584,22.3530101776,17.7852554321,37.7600212097,29.0248508453,31.0067405701,29.0458927155,23.5047607422,12.3087177277,11.6487894058,12.6071434021,8.26609992981,8.79970359802,6.87437438965,4.27819919586,4.0411028862,2.81858682632,2.60242414474,1.95351958275,1.17653751373,0.693951547146,0.420440852642,0.173061996698,0.0582693554461,0.0145060922951,0.00202113343403,0.000142324686749,0.0000106777979454],"dmean2":[0.0235714185983,0.434630870819,1.2542001009,1.63328564167,4.20554494858,12.1621713638,8.52466964722,11.2955656052,14.7397890091,25.3173007965,32.2023735046,40.6200370789,26.7801437378,34.8066673279,26.8055267334,56.8240127563,43.8457527161,45.8840675354,43.3556747437,35.8456611633,18.4126091003,17.5240421295,19.2247753143,12.370018959,13.0777606964,9.85603237152,6.19129419327,5.79816436768,3.96395802498,3.68920016289,2.76622748375,1.66976511478,0.992865920067,0.607937514782,0.253108978271,0.086194910109,0.0220781844109,0.00311105069704,0.000219868699787,0.0000154262797878],"dvar":[0.000735667417757,0.340484112501,2.57970142365,3.94466209412,25.9388771057,271.647613525,75.554725647,134.730712891,272.181335449,1497.99353027,1549.78735352,3618.45385742,1655.06628418,1875.20849609,1002.92816162,5366.68359375,2887.81274414,4136.484375,2811.76806641,2761.63305664,711.37902832,587.079345703,550.672119141,194.060897827,237.085418701,178.63381958,62.0602340698,68.5809020996,40.7474212646,63.6214485168,29.1826381683,11.7220373154,3.52872514725,0.947144687176,0.13479141891,0.0168427191675,0.00108705332968,0.0000210924354178,1.09702895656e-7,2.61545923808e-10],"dvar2":[0.0018922976451,0.83889323473,5.85859060287,10.2840385437,65.9848022461,675.831054688,193.07019043,333.581268311,621.819335938,3584.44970703,3544.09619141,8385.57519531,3535.40112305,4272.21484375,2217.31494141,12887.5976562,6445.54785156,9615.87304688,6276.20605469,6179.27539062,1564.70275879,1153.99230957,1260.03833008,418.968383789,511.039154053,352.658416748,138.023468018,149.927505493,84.3076629639,131.472290039,51.7895126343,21.5081100464,6.38934612274,1.83658361435,0.282649278641,0.0389763005078,0.00262769521214,0.0000517137341376,2.69774233175e-7,5.6661786374e-10],"max":[0.367339223623,10.5385494232,32.5827636719,47.9542961121,78.6402893066,155.333999634,153.433395386,168.590896606,333.011535645,881.251342773,780.135253906,1439.22595215,1121.72509766,1462.69262695,912.653320312,1280.48181152,1207.6628418,1323.42614746,1039.85144043,1313.62182617,817.675354004,1032.2109375,587.277160645,307.507873535,417.870574951,508.605560303,191.941192627,243.444061279,199.136810303,278.588134766,187.275924683,115.005622864,64.9125595093,33.321182251,7.43900537491,2.96235227585,0.552411079407,0.0899574160576,0.00795272178948,0.000400070130127],"mean":[0.0240867994726,0.574516832829,2.25651359558,2.07212567329,3.72463560104,8.68081951141,9.65484046936,13.7474441528,17.4969062805,30.8050613403,44.7325515747,59.000629425,39.9668083191,48.1891059875,39.3664131165,80.1879348755,67.5882797241,75.4604415894,64.5159606934,50.6383628845,27.950925827,27.1514263153,28.0095386505,20.6693496704,20.9308986664,15.1189174652,9.04326152802,8.12083339691,5.52142477036,5.10618066788,4.06369829178,2.39945912361,1.32526481152,0.653600931168,0.236982405186,0.0681911483407,0.0151116941124,0.0020209774375,0.000165078963619,0.000038528964069],"median":[0.0106032844633,0.296654045582,1.0243678093,1.33716237545,2.06450462341,3.9162607193,5.33774995804,6.64043617249,9.23488044739,12.3994216919,21.3163223267,21.9841995239,16.3811016083,20.4902000427,19.9862060547,31.3792228699,31.6713809967,17.0751991272,27.4384555817,16.7654190063,11.6217136383,11.4913835526,14.9938201904,11.1088209152,10.1942405701,8.86547279358,4.6377658844,3.42888188362,2.78532624245,2.24109721184,1.40589523315,0.709008038044,0.382764458656,0.151657104492,0.059588983655,0.0134495198727,0.00207135058008,0.000281504646409,0.0000523050621268,0.0000370309171558],"min":[2.1998860511e-9,6.87002499333e-9,6.63662813594e-9,1.6412038395e-9,1.24968058124e-9,7.0213140857e-10,4.70798511287e-10,1.03315622724e-9,5.75215164389e-9,3.86512999384e-9,1.76109544725e-8,3.24339808344e-8,1.88735089779e-8,1.70741323302e-8,7.10540817295e-8,4.46250041364e-8,1.84795148073e-8,6.02146599249e-8,1.30321851088e-7,2.66751158051e-7,9.29936021521e-8,6.30570511362e-8,6.83290508618e-8,1.13909507604e-7,1.96158879362e-7,1.70302513425e-7,1.40081453992e-7,1.00893160493e-7,8.25247994385e-8,2.84298749875e-7,2.54487048323e-7,1.18474702049e-7,7.59857314847e-8,6.95628799008e-8,5.65945299513e-8,3.38426922042e-8,1.21153167498e-8,1.00962234129e-8,1.35311033489e-8,6.71202604607e-9],"var":[0.00119661935605,0.672494292259,9.41010379791,6.65856218338,31.6008033752,255.445510864,163.543685913,322.231292725,674.827331543,3492.33862305,4015.62817383,12279.0595703,7053.46044922,7168.21679688,3694.85131836,16544.9941406,9789.72753906,21390.1191406,8114.81152344,8277.67773438,2533.23120117,2115.97827148,1493.42663574,880.104858398,1052.25793457,561.760864258,162.112213135,200.665252686,116.582199097,159.874343872,97.0741500854,35.6578369141,11.2898368835,2.27208614349,0.234030514956,0.0202969294041,0.00114657171071,0.0000214150531974,1.11307976169e-7,6.51587950262e-10]},"erbbands_crest":{"dmean":2.50774216652,"dmean2":3.96178030968,"dvar":5.70602226257,"dvar2":13.8410701752,"max":28.8240470886,"mean":9.97756481171,"median":8.96717166901,"min":2.30528640747,"var":21.6711463928},"erbbands_flatness_db":{"dmean":0.0188942532986,"dmean2":0.0253401882946,"dvar":0.000375638337573,"dvar2":0.000669403583743,"max":0.368594825268,"mean":0.182209461927,"median":0.183585315943,"min":0.0292311012745,"var":0.00243505649269},"erbbands_kurtosis":{"dmean":0.88638240099,"dmean2":1.34607648849,"dvar":1.08290326595,"dvar2":2.46751451492,"max":15.6895847321,"mean":1.16937923431,"median":0.558916211128,"min":-1.6836026907,"var":4.70163965225},"erbbands_skewness":{"dmean":0.300128847361,"dmean2":0.451583713293,"dvar":0.0773300155997,"dvar2":0.179047897458,"max":2.83652210236,"mean":0.26634606719,"median":0.260044515133,"min":-2.2105178833,"var":0.457799732685},"erbbands_spread":{"dmean":5.58756256104,"dmean2":8.23100852966,"dvar":47.6719245911,"dvar2":101.103378296,"max":105.34197998,"mean":26.5977878571,"median":24.5638008118,"min":3.96332502365,"var":187.927001953},"gfcc":{"cov":[[20333.3261719,2043.50915527,-1892.89257812,529.31439209,-1517.56970215,244.408935547,-738.333740234,88.2983627319,-597.368835449,86.4116821289,-358.363037109,-75.0271759033,-262.895690918],[2043.50915527,1424.71362305,-216.125320435,-130.224121094,-49.7719306946,-95.4272918701,127.162231445,15.8634872437,4.72205162048,-67.0201950073,15.3874025345,-85.6328048706,-50.2016143799],[-1892.89257812,-216.125320435,963.67175293,76.9359970093,136.533203125,103.539405823,86.3045654297,70.7846069336,2.16910171509,30.6552848816,-30.1062812805,60.8749809265,-5.82019901276],[529.31439209,-130.224121094,76.9359970093,328.955352783,15.4465389252,40.0723838806,-67.6289291382,17.6388015747,45.2744102478,3.23716163635,-29.9165039062,-16.5982131958,13.8629550934],[-1517.56970215,-49.7719306946,136.533203125,15.4465389252,414.028869629,80.9004135132,97.2725906372,4.40218877792,59.6784133911,19.2054672241,10.5006008148,-23.4304351807,-6.32023763657],[244.408935547,-95.4272918701,103.539405823,40.0723838806,80.9004135132,288.32208252,99.5582733154,-40.3916358948,-76.6217803955,16.4636096954,8.12613773346,-4.34105110168,-25.1829395294],[-738.333740234,127.162231445,86.3045654297,-67.6289291382,97.2725906372,99.5582733154,275.319641113,9.82500076294,-21.9104232788,-19.1491374969,39.3988456726,-20.1125144958,-29.1090373993],[88.2983627319,15.8634872437,70.7846069336,17.6388015747,4.40218877792,-40.3916358948,9.82500076294,138.333831787,58.2001686096,10.920211792,-28.426235199,-10.6872739792,-7.36404371262],[-597.368835449,4.72205162048,2.16910171509,45.2744102478,59.6784133911,-76.6217803955,-21.9104232788,58.2001686096,163.371368408,7.36662864685,-4.17592191696,-28.6067905426,23.8503704071],[86.4116821289,-67.0201950073,30.6552848816,3.23716163635,19.2054672241,16.4636096954,-19.1491374969,10.920211792,7.36662864685,81.455078125,8.60434341431,13.4479570389,-7.56754779816],[-358.363037109,15.3874025345,-30.1062812805,-29.9165039062,10.5006008148,8.12613773346,39.3988456726,-28.426235199,-4.17592191696,8.60434341431,107.340629578,29.42760849,-6.22037744522],[-75.0271759033,-85.6328048706,60.8749809265,-16.5982131958,-23.4304351807,-4.34105110168,-20.1125144958,-10.6872739792,-28.6067905426,13.4479570389,29.42760849,95.1548080444,22.2860774994],[-262.895690918,-50.2016143799,-5.82019901276,13.8629550934,-6.32023763657,-25.1829395294,-29.1090373993,-7.36404371262,23.8503704071,-7.56754779816,-6.22037744522,22.2860774994,86.2988815308]],"icov":[[0.000498784589581,-0.000903391744941,0.000986942555755,-0.00113179523032,0.00121303030755,-0.00134526006877,0.0011356259929,-0.001328518847,0.00145878398325,-0.00118718971498,0.00146330671851,-0.00101698620711,0.00106912013143],[-0.000903391744941,0.00250741932541,-0.00166989269201,0.00222615362145,-0.00209224014543,0.00280249561183,-0.00249275402166,0.0023367702961,-0.00257608806714,0.00255739828572,-0.0027697684709,0.0024532682728,-0.00163747533225],[0.000986942555755,-0.00166989269201,0.00332575011998,-0.00255143060349,0.0020709882956,-0.00290128355846,0.00171348359436,-0.00322504434735,0.00283519504592,-0.00249307230115,0.00367830973119,-0.00342018064111,0.00242331437767],[-0.00113179523032,0.00222615362145,-0.00255143060349,0.00643307669088,-0.00264044804499,0.00175346061587,-0.0012210541172,0.00275629316457,-0.00460896128789,0.003339988878,-0.0031676441431,0.00309587083757,-0.00267783203162],[0.00121303030755,-0.00209224014543,0.0020709882956,-0.00264044804499,0.0061804545112,-0.00404858868569,0.00179139699321,-0.00243862601928,0.00164536712691,-0.00351570290513,0.00366048933938,-0.00205234251916,0.0027402357664],[-0.00134526006877,0.00280249561183,-0.00290128355846,0.00175346061587,-0.00404858868569,0.00949433911592,-0.00518142385408,0.00476587098092,-0.00103815889452,0.00156109081581,-0.00371664669365,0.00372982094996,-0.00261948048137],[0.0011356259929,-0.00249275402166,0.00171348359436,-0.0012210541172,0.00179139699321,-0.00518142385408,0.00882023945451,-0.00474289385602,0.0038755654823,-0.000576971389819,0.00053763698088,-0.000648170069326,0.00259517901577],[-0.001328518847,0.0023367702961,-0.00322504434735,0.00275629316457,-0.00243862601928,0.00476587098092,-0.00474289385602,0.0141198374331,-0.00791296269745,0.00149639847223,-0.0004203429271,0.00148616859224,-0.00062681484269],[0.00145878398325,-0.00257608806714,0.00283519504592,-0.00460896128789,0.00164536712691,-0.00103815889452,0.0038755654823,-0.00791296269745,0.0156323648989,-0.00465762894601,0.00168241839856,0.00149620720185,-0.000667291984428],[-0.00118718971498,0.00255739828572,-0.00249307230115,0.003339988878,-0.00351570290513,0.00156109081581,-0.000576971389819,0.00149639847223,-0.00465762894601,0.017443081364,-0.00502502266318,0.000576103338972,-0.000396594667109],[0.00146330671851,-0.0027697684709,0.00367830973119,-0.0031676441431,0.00366048933938,-0.00371664669365,0.00053763698088,-0.0004203429271,0.00168241839856,-0.00502502266318,0.0176223628223,-0.00899660494179,0.00562033616006],[-0.00101698620711,0.0024532682728,-0.00342018064111,0.00309587083757,-0.00205234251916,0.00372982094996,-0.000648170069326,0.00148616859224,0.00149620720185,0.000576103338972,-0.00899660494179,0.0192536264658,-0.0075362464413],[0.00106912013143,-0.00163747533225,0.00242331437767,-0.00267783203162,0.0027402357664,-0.00261948048137,0.00259517901577,-0.00062681484269,-0.000667291984428,-0.000396594667109,0.00562033616006,-0.0075362464413,0.0172446947545]],"mean":[-14.5722494125,91.2603759766,-142.159835815,23.7906932831,-62.385433197,14.1321544647,-34.541809082,4.40124320984,-19.7049102783,0.392778366804,-10.4171638489,-5.68781614304,-11.4095945358]},"hfc":{"dmean":6.07598161697,"dmean2":8.28376102448,"dvar":56.3498649597,"dvar2":101.729293823,"max":155.141815186,"mean":26.5441131592,"median":26.5866737366,"min":0.0000167883208633,"var":325.054321289},"melbands":{"dmean":[0.000206323558814,0.000398223026423,0.000179261536687,0.000386833358789,0.000189466300071,0.000162124852068,0.000149294151925,0.000177039721166,0.00020052245236,0.000158971291967,0.0000920943639358,0.0000929847810767,0.0000719626186765,0.0000678453143337,0.000120521981444,0.0000505822608829,0.000065858293965,0.0000529767748958,0.0000469033475383,0.0000212284230656,0.0000139509793371,0.0000129705131258,0.0000144515724969,0.000010597700566,0.00000684114547767,0.0000067492405833,0.00000650262018098,0.00000468908547191,0.00000310370319312,0.0000028300203212,0.00000226503721024,0.00000167726886957,0.00000159379374054,0.00000151496635681,0.00000123653308037,9.0991147772e-7,7.05704053416e-7,5.44524198176e-7,3.90777302073e-7,3.6300747297e-7],"dmean2":[0.000334258074872,0.000618048536126,0.000292289128993,0.000637677498162,0.00030665108352,0.000258412328549,0.000232569582295,0.000275098893326,0.00030279890052,0.000241444038693,0.000138963732752,0.00014452074538,0.000111201436084,0.000100460587419,0.000183804469998,0.000076546886703,0.0000975230359472,0.0000796744279796,0.0000701877143001,0.0000323773710988,0.0000210323523788,0.0000198240250029,0.0000220961101149,0.0000164909652085,0.0000103480542748,0.0000100076349554,0.00000986551003734,0.00000682126665197,0.00000464313779958,0.00000424272593591,0.00000329115414388,0.00000240629719883,0.00000232624734053,0.00000219708203986,0.00000178680124918,0.0000012941740124,0.00000102462013274,7.79024105668e-7,5.78479671276e-7,5.32659669261e-7],"dvar":[1.8141537339e-7,6.19479237685e-7,1.14195003675e-7,7.73154397393e-7,8.72108074645e-8,6.55611884781e-8,6.7709919449e-8,1.82785541369e-7,1.37833936265e-7,1.31190333263e-7,4.74494754599e-8,3.29055218629e-8,1.90798381539e-8,1.65410565245e-8,4.82489603826e-8,1.05987707499e-8,1.89672526574e-8,1.15013794044e-8,9.17017306534e-9,2.55367460511e-9,8.34171010045e-10,7.22141013654e-10,1.04280450941e-9,3.24127918949e-10,1.44489004095e-10,1.54212809189e-10,1.27578683728e-10,9.96220397842e-11,3.38496244923e-11,3.27894621177e-11,2.70811203323e-11,1.33425891863e-11,2.13782602732e-11,2.35826080885e-11,1.24552451686e-11,6.33012349135e-12,4.79235748307e-12,2.13320116779e-12,1.2493693146e-12,6.55993597116e-13],"dvar2":[4.46885962901e-7,0.00000147860566813,2.81383108813e-7,0.00000194845142687,2.15087482047e-7,1.63951327181e-7,1.52159259414e-7,4.4825179657e-7,3.13071438995e-7,3.03883638253e-7,1.0143953233e-7,7.48433421904e-8,4.53478357088e-8,3.33943432906e-8,1.15452898797e-7,2.35662831471e-8,4.27862900665e-8,2.58202632608e-8,1.90447551063e-8,5.63049606939e-9,1.85208082204e-9,1.54694235199e-9,2.28720420381e-9,7.85799314507e-10,3.13923997908e-10,3.43576639361e-10,2.90153512328e-10,1.86260812329e-10,7.73855979297e-11,7.83840770069e-11,6.05991229419e-11,2.76909935953e-11,5.29904384261e-11,4.74382165494e-11,2.27281318765e-11,1.26458522473e-11,9.51022854218e-12,3.96587190171e-12,2.57160438777e-12,1.34920579483e-12],"max":[0.00693175941706,0.0146180149168,0.00775392726064,0.00870144274086,0.00417038472369,0.00354797160253,0.00653089163825,0.0106354877353,0.0077709434554,0.0100268265232,0.00607584416866,0.00552759878337,0.0026440853253,0.00370634510182,0.00340767623857,0.00207315175794,0.0026886833366,0.00241333968006,0.00192325783428,0.00118762173224,0.000786434160545,0.000894716300536,0.00101921660826,0.000342657614965,0.000262688670773,0.000298011291306,0.000275290687568,0.000404868857004,0.00013899539772,0.0000967932137428,0.000187593177543,0.000105352097307,0.000158434646437,0.000166059428011,0.000128263884108,0.0000727338410798,0.00008152313967,0.0000442307937192,0.0000431928237958,0.000022533486117],"mean":[0.000392829417251,0.00107297545765,0.000390717905248,0.000486243632622,0.00033811875619,0.000319376355037,0.000282066350337,0.000329436006723,0.00042788402061,0.000343401596183,0.00019649360911,0.000196246634005,0.000149648330989,0.000135023976327,0.000259974971414,0.00010202897829,0.000152650769451,0.000106611681986,0.0000971067638602,0.0000422313460149,0.0000292003569484,0.000027405201763,0.0000291882279271,0.0000225941603276,0.0000156793739734,0.0000150049154399,0.0000139376807056,0.00000933206501941,0.00000594822813582,0.0000053142739489,0.00000424523886977,0.00000310742530019,0.00000295342056233,0.00000281702091343,0.00000240088752435,0.00000185990359114,0.000001336085802,0.00000100959300653,6.60194814373e-7,5.1473153917e-7],"median":[0.000181212526513,0.000661458354443,0.000264775299001,0.000229939993005,0.000195438537048,0.000158832059242,0.00014538760297,0.000127077742945,0.000190265418496,0.000124578393297,0.0000670144581818,0.0000787648896221,0.000066276792495,0.0000564127658436,0.0000860373402247,0.0000354236508429,0.0000251593446592,0.0000378314216505,0.0000268572184723,0.0000128270976347,0.0000117880190373,0.0000102446610981,0.000010027180906,0.0000124142425193,0.00000746362957216,0.0000061930281845,0.00000690976594342,0.00000485597956867,0.00000269938436759,0.00000211866245081,0.00000178866514489,0.00000147191337874,0.00000132407058118,0.00000115936109069,8.2740069729e-7,5.18974161423e-7,3.70920076875e-7,2.77308799923e-7,1.70788894138e-7,1.07529054105e-7],"min":[1.85891857463e-11,5.41642251883e-12,3.04159854855e-13,7.53027943278e-14,1.58083283605e-14,2.57154374699e-14,8.78859295452e-14,3.58074606478e-14,1.84565104627e-13,1.91906915164e-13,8.79060211667e-14,5.55077393825e-14,2.11235258343e-13,1.96130126571e-13,5.31023284427e-14,3.00524850231e-14,1.3031829576e-13,1.60490896831e-13,4.23606625038e-13,2.3561166039e-13,8.30930579876e-14,6.44769001103e-14,5.89971593714e-14,5.85002288582e-14,8.87832559207e-14,1.58814300144e-13,1.061269738e-13,1.17700188246e-13,6.53841537119e-14,1.30451042763e-13,3.27975392342e-14,3.44486978277e-14,1.05531089509e-13,1.52331191281e-13,1.34106484598e-13,1.29843997967e-13,5.64895488242e-14,6.21675630354e-14,3.76520476852e-14,6.84425254102e-14],"var":[3.41768327417e-7,0.00000172236877916,2.22890776058e-7,7.38710980386e-7,1.7286556897e-7,1.62180185725e-7,1.77940790991e-7,3.89283741242e-7,3.97780155481e-7,4.24789732278e-7,2.01290362156e-7,1.2119680548e-7,6.19219946429e-8,4.97487455675e-8,1.62362340461e-7,2.78684701982e-8,9.88156045878e-8,2.93005477658e-8,3.55721745393e-8,7.79321140953e-9,2.99668623249e-9,2.31172903042e-9,2.90162449623e-9,8.99208429939e-10,6.31707630649e-10,6.57998655562e-10,4.0051931216e-10,3.00649755092e-10,8.22968915237e-11,8.31358037967e-11,6.41908817767e-11,3.65708262284e-11,4.51187386064e-11,5.53629884992e-11,3.73770181472e-11,2.04163561057e-11,1.23663943669e-11,6.73352779784e-12,3.13578373337e-12,1.32361753936e-12]},"melbands_crest":{"dmean":2.56888318062,"dmean2":4.19841003418,"dvar":6.41505527496,"dvar2":16.9972877502,"max":32.7850875854,"mean":11.4240474701,"median":10.2802791595,"min":3.19479632378,"var":24.9637794495},"melbands_flatness_db":{"dmean":0.0192034784704,"dmean2":0.0270048268139,"dvar":0.000421192846261,"dvar2":0.000754535838496,"max":0.414507567883,"mean":0.165337070823,"median":0.161220803857,"min":0.0275855623186,"var":0.00256380694918},"melbands_kurtosis":{"dmean":1.95957684517,"dmean2":3.03388476372,"dvar":8.7740354538,"dvar2":20.6446876526,"max":48.790435791,"mean":3.61158919334,"median":1.81698989868,"min":-1.72694659233,"var":43.0089607239},"melbands_skewness":{"dmean":0.418514668941,"dmean2":0.628256618977,"dvar":0.176087647676,"dvar2":0.374529868364,"max":6.67634677887,"mean":1.28902339935,"median":1.15315616131,"min":-2.15972876549,"var":1.29700219631},"melbands_spread":{"dmean":6.00569343567,"dmean2":8.83647727966,"dvar":54.5649375916,"dvar2":105.879112244,"max":183.379089355,"mean":31.6701412201,"median":28.3247299194,"min":2.61586308479,"var":305.048919678},"mfcc":{"cov":[[12544.3378906,951.246459961,-60.7780380249,217.377975464,-293.761108398,167.336120605,16.1993217468,70.0980148315,-129.172836304,56.8418579102,-99.3184127808,-91.9178009033,-106.524154663],[951.246459961,1506.45251465,-104.257293701,27.7888050079,-85.2227478027,-19.0038471222,101.495239258,93.9860687256,15.9594173431,32.8461532593,83.73487854,-10.4638624191,25.4495887756],[-60.7780380249,-104.257293701,662.854614258,62.8365402222,23.3116054535,29.7867851257,31.965877533,34.6381225586,46.8786354065,-39.6558837891,-35.8487701416,37.3234367371,32.4306144714],[217.377975464,27.7888050079,62.8365402222,248.29095459,83.1252746582,-41.7922668457,-72.7335281372,10.4607048035,56.084903717,28.4151287079,-1.85469806194,20.5791816711,26.9992160797],[-293.761108398,-85.2227478027,23.3116054535,83.1252746582,281.626068115,40.955821991,-33.7452468872,-24.213722229,64.4863891602,36.1576004028,-10.1170330048,34.4978218079,5.51893138885],[167.336120605,-19.0038471222,29.7867851257,-41.7922668457,40.955821991,266.167266846,161.858474731,24.2877902985,-10.897559166,0.905702114105,14.4314012527,8.62410640717,-30.7642402649],[16.1993217468,101.495239258,31.965877533,-72.7335281372,-33.7452468872,161.858474731,260.234741211,63.573589325,-19.8445148468,-4.07345628738,42.8745765686,4.3132109642,-12.8827152252],[70.0980148315,93.9860687256,34.6381225586,10.4607048035,-24.213722229,24.2877902985,63.573589325,110.301467896,19.3808364868,15.278377533,21.4925765991,-0.010274881497,8.85185718536],[-129.172836304,15.9594173431,46.8786354065,56.084903717,64.4863891602,-10.897559166,-19.8445148468,19.3808364868,137.018234253,50.910900116,-11.6900539398,4.93654346466,1.12443470955],[56.8418579102,32.8461532593,-39.6558837891,28.4151287079,36.1576004028,0.905702114105,-4.07345628738,15.278377533,50.910900116,119.327629089,31.5718078613,-10.446185112,-6.83067131042],[-99.3184127808,83.73487854,-35.8487701416,-1.85469806194,-10.1170330048,14.4314012527,42.8745765686,21.4925765991,-11.6900539398,31.5718078613,105.046791077,17.2332000732,-11.4651947021],[-91.9178009033,-10.4638624191,37.3234367371,20.5791816711,34.4978218079,8.62410640717,4.3132109642,-0.010274881497,4.93654346466,-10.446185112,17.2332000732,85.5799713135,26.253528595],[-106.524154663,25.4495887756,32.4306144714,26.9992160797,5.51893138885,-30.7642402649,-12.8827152252,8.85185718536,1.12443470955,-6.83067131042,-11.4651947021,26.253528595,86.1696395874]],"icov":[[0.000099464217783,-0.0000719510062481,-0.00000255972531704,-0.000167048929143,0.00014559457486,-0.000135661684908,0.0000672720125294,-0.0000388411099266,0.000193209227291,-0.000170047453139,0.000262368150288,-0.0000516388936376,0.000188443300431],[-0.0000719510062481,0.000820636400022,0.000156773501658,-0.0000645488471491,0.0000712898690836,0.00029159875703,-0.000384790590033,-0.000325249275193,-0.000347722088918,0.000201629314688,-0.000666544481646,0.000244490918703,-0.000437325099483],[-0.00000255972531704,0.000156773501658,0.00178640906233,-0.000447880767751,0.000118432042655,-0.000106812854938,-0.000341795268469,-0.000447689206339,-0.000733382883482,0.000794874096755,0.000460018432932,-0.000524145551026,-0.000338812795235],[-0.000167048929143,-0.0000645488471491,-0.000447880767751,0.00581260491163,-0.00147261994425,0.00024549299269,0.00162034120876,-0.00100589799695,-0.00133344263304,-0.000060990354541,-0.00103477679659,-0.000202677911147,-0.00137594540138],[0.00014559457486,0.0000712898690836,0.000118432042655,-0.00147261994425,0.00535077648237,-0.00178024405614,0.000798410153948,0.00131530070212,-0.00147573661525,-0.00116918457206,0.000761977338698,-0.00181057269219,0.000161326082889],[-0.000135661684908,0.00029159875703,-0.000106812854938,0.00024549299269,-0.00178024405614,0.0073760706,-0.00488738715649,0.000243519985816,0.000646609638352,-0.000282051070826,0.000870697374921,-0.000768698111642,0.00202042725869],[0.0000672720125294,-0.000384790590033,-0.000341795268469,0.00162034120876,0.000798410153948,-0.00488738715649,0.00873872358352,-0.00317387329414,0.000111137909698,0.000578089500777,-0.00215421477333,0.000212704137084,-0.000652821327094],[-0.0000388411099266,-0.000325249275193,-0.000447689206339,-0.00100589799695,0.00131530070212,0.000243519985816,-0.00317387329414,0.0125706102699,-0.00219182739966,-0.000606539542787,-0.00151828199159,0.000845217087772,-0.00171043188311],[0.000193209227291,-0.000347722088918,-0.000733382883482,-0.00133344263304,-0.00147573661525,0.000646609638352,0.000111137909698,-0.00219182739966,0.0116281872615,-0.00511403521523,0.003608222818,-0.0012798133539,0.00191538932268],[-0.000170047453139,0.000201629314688,0.000794874096755,-0.000060990354541,-0.00116918457206,-0.000282051070826,0.000578089500777,-0.000606539542787,-0.00511403521523,0.0129605596885,-0.00534789729863,0.00325199193321,-0.00103512569331],[0.000262368150288,-0.000666544481646,0.000460018432932,-0.00103477679659,0.000761977338698,0.000870697374921,-0.00215421477333,-0.00151828199159,0.003608222818,-0.00534789729863,0.0148355383426,-0.00505559844896,0.00381146464497],[-0.0000516388936376,0.000244490918703,-0.000524145551026,-0.000202677911147,-0.00181057269219,-0.000768698111642,0.000212704137084,0.000845217087772,-0.0012798133539,0.00325199193321,-0.00505559844896,0.0158533733338,-0.00531704723835],[0.000188443300431,-0.000437325099483,-0.000338812795235,-0.00137594540138,0.000161326082889,0.00202042725869,-0.000652821327094,-0.00171043188311,0.00191538932268,-0.00103512569331,0.00381146464497,-0.00531704723835,0.0153349125758]],"mean":[-640.776000977,117.580345154,-18.499464035,10.2735052109,-6.23740148544,4.30201148987,-2.78397798538,1.63683378696,-5.35500621796,4.06698274612,0.999140202999,-0.249087631702,-1.63917458057]},"pitch_salience":{"dmean":0.0591856129467,"dmean2":0.0950264111161,"dvar":0.00267309672199,"dvar2":0.00698924064636,"max":0.832093477249,"mean":0.571727156639,"median":0.57077229023,"min":0.247700080276,"var":0.00875412020832},"silence_rate_20dB":{"dmean":0,"dmean2":0,"dvar":0,"dvar2":0,"max":1,"mean":1,"median":1,"min":1,"var":0},"silence_rate_30dB":{"dmean":0,"dmean2":0,"dvar":0,"dvar2":0,"max":1,"mean":1,"median":1,"min":1,"var":0},"silence_rate_60dB":{"dmean":0.0100861527026,"dmean2":0.0201765447855,"dvar":0.00998451001942,"dvar2":0.0227114427835,"max":1,"mean":0.0792016834021,"median":0,"min":0,"var":0.0729274898767},"spectral_centroid":{"dmean":193.893661499,"dmean2":284.087921143,"dvar":59115.7421875,"dvar2":104627.695312,"max":11113.7675781,"mean":1566.95422363,"median":1544.57983398,"min":297.710540771,"var":366727.625},"spectral_complexity":{"dmean":3.661693573,"dmean2":5.11391353607,"dvar":18.3027191162,"dvar2":30.3972187042,"max":58,"mean":21.0821437836,"median":21,"min":0,"var":99.5774917603},"spectral_contrast_coeffs":{"dmean":[0.0487081110477,0.044894400984,0.0374165214598,0.0316896438599,0.0232040807605,0.0208015441895],"dmean2":[0.0799864828587,0.0734407678246,0.0596650727093,0.0497758723795,0.0357680507004,0.0319931656122],"dvar":[0.0017883022083,0.00136350258254,0.000982134835795,0.00073286605766,0.000400362652726,0.000432934466517],"dvar2":[0.00459503009915,0.00357148656622,0.00232183397748,0.00172756216489,0.000892304524314,0.000988977611996],"max":[-0.30428352952,-0.478515267372,-0.484484523535,-0.481420427561,-0.570380449295,-0.610771656036],"mean":[-0.640059888363,-0.736978709698,-0.739130556583,-0.727565228939,-0.770019888878,-0.750541567802],"median":[-0.641549825668,-0.73618966341,-0.740235447884,-0.727260947227,-0.772266507149,-0.746410965919],"min":[-0.953641474247,-0.97114354372,-0.956575274467,-0.963531672955,-0.957980871201,-0.963081419468],"var":[0.00750351371244,0.00544665381312,0.00513028353453,0.0053703985177,0.00327752204612,0.00241060438566]},"spectral_contrast_valleys":{"dmean":[0.414778262377,0.351398944855,0.326120704412,0.286829859018,0.276316910982,0.376334071159],"dmean2":[0.656772375107,0.562815725803,0.493829101324,0.425783187151,0.368446856737,0.46072280407],"dvar":[0.166222184896,0.123375751078,0.113333463669,0.103527478874,0.116262301803,0.201182320714],"dvar2":[0.321329027414,0.248698398471,0.198037743568,0.164676114917,0.161511391401,0.33933287859],"max":[-5.20169067383,-4.67837238312,-5.51218891144,-5.62399768829,-5.7068862915,-7.42965888977],"mean":[-7.93018484116,-6.6791882515,-7.39166641235,-7.63661146164,-7.70795631409,-10.414478302],"median":[-7.52788543701,-6.36053371429,-7.08575630188,-7.36661815643,-7.42706489563,-10.2583045959],"min":[-27.6057929993,-27.1426563263,-27.2665195465,-27.2097530365,-27.2691440582,-27.2167663574],"var":[2.19731163979,2.42647886276,2.24251770973,2.0268342495,1.95147407055,1.77764821053]},"spectral_decrease":{"dmean":1.35149968994e-9,"dmean2":1.94350979754e-9,"dvar":2.63213523805e-18,"dvar2":5.23466237326e-18,"max":1.9541136914e-15,"mean":-6.06768812972e-9,"median":-6.03947825084e-9,"min":-2.1843222342e-8,"var":1.2768957987e-17},"spectral_energy":{"dmean":0.0055462513119,"dmean2":0.00792859774083,"dvar":0.0000434733810835,"dvar2":0.0000852480807225,"max":0.0871787816286,"mean":0.0253083687276,"median":0.0253896974027,"min":9.52358747419e-10,"var":0.000216064436245},"spectral_energyband_high":{"dmean":0.000345892709447,"dmean2":0.000454303051811,"dvar":4.42317059424e-7,"dvar2":7.42776023799e-7,"max":0.0182895809412,"mean":0.000815877807327,"median":0.000405969680287,"min":2.05595360181e-10,"var":0.0000017685357534},"spectral_energyband_low":{"dmean":0.00156902812887,"dmean2":0.00240767677315,"dvar":0.00000834657475934,"dvar2":0.0000194764470507,"max":0.0510751530528,"mean":0.0042599174194,"median":0.0031024091877,"min":7.44927453056e-11,"var":0.0000229476172535},"spectral_energyband_middle_high":{"dmean":0.00269510480575,"dmean2":0.00386081007309,"dvar":0.00000976032515609,"dvar2":0.0000205933120014,"max":0.047000233084,"mean":0.0103806564584,"median":0.00914422795177,"min":1.90549485912e-11,"var":0.0000655126059428},"spectral_energyband_middle_low":{"dmean":0.00352541799657,"dmean2":0.0053351148963,"dvar":0.0000246154722845,"dvar2":0.0000555748483748,"max":0.0726156234741,"mean":0.0103444643319,"median":0.00850244611502,"min":2.99493112602e-12,"var":0.000075957927038},"spectral_entropy":{"dmean":0.152580752969,"dmean2":0.203421637416,"dvar":0.0273820199072,"dvar2":0.0474970266223,"max":9.79556083679,"mean":7.53869962692,"median":7.5169172287,"min":6.21622467041,"var":0.161029994488},"spectral_flux":{"dmean":0.0191434770823,"dmean2":0.0291961953044,"dvar":0.000392321468098,"dvar2":0.000837249157485,"max":0.230987161398,"mean":0.0747537314892,"median":0.0712484121323,"min":0.0000656629854348,"var":0.0014513572678},"spectral_kurtosis":{"dmean":1.73185122013,"dmean2":2.8825314045,"dvar":4.17472219467,"dvar2":10.9778146744,"max":29.9436225891,"mean":4.90917062759,"median":4.17150020599,"min":-1.20624256134,"var":10.4548463821},"spectral_rms":{"dmean":0.000536938488949,"dmean2":0.000751097046304,"dvar":3.54719304596e-7,"dvar2":6.1336180579e-7,"max":0.00922238919884,"mean":0.00464650103822,"median":0.00497699063271,"min":9.6391408988e-7,"var":0.00000310113000523},"spectral_rolloff":{"dmean":339.36920166,"dmean2":556.514465332,"dvar":508802.40625,"dvar2":1090544.875,"max":21791.6015625,"mean":2298.10668945,"median":1636.5234375,"min":129.19921875,"var":10437678},"spectral_skewness":{"dmean":0.213924214244,"dmean2":0.339896172285,"dvar":0.0474196076393,"dvar2":0.108008548617,"max":3.88466572762,"mean":1.57540273666,"median":1.5345697403,"min":-0.000181062525371,"var":0.190409094095},"spectral_spread":{"dmean":512188.96875,"dmean2":723028.875,"dvar":634975420416,"dvar2":1160064794620,"max":40670016,"mean":4087409.25,"median":3736646.5,"min":1574985.25,"var":2748592422910},"spectral_strongpeak":{"dmean":0.930714130402,"dmean2":1.55362784863,"dvar":1.71236503124,"dvar2":3.93553709984,"max":11.1986980438,"mean":1.92364609241,"median":1.06865012646,"min":0,"var":4.12724590302},"zerocrossingrate":{"dmean":0.00852845422924,"dmean2":0.00978491827846,"dvar":0.000154078006744,"dvar2":0.000170562241692,"max":0.61474609375,"mean":0.0794525891542,"median":0.064453125,"min":0.00634765625,"var":0.00625680852681}},"metadata":{"audio_properties":{"analysis_sample_rate":44100,"bit_rate":0,"codec":"flac","downmix":"mix","equal_loudness":0,"length":110.493331909,"lossless":true,"md5_encoded":"d5c0502042ef0996451d8171a90a1ba9","replay_gain":-9.73842430115,"sample_rate":44100},"tags":{"album":["Please Please Me"],"album artist":["The Beatles"],"albumartist":["The Beatles"],"albumartistsort":["Beatles, The"],"artist":["The Beatles"],"artistsort":["Beatles, The"],"asin":["B000002UA9"],"barcode":["077774643528"],"catalognumber":["CDP 7 46435 2"],"composer":["The Beatles"],"date":["1987-02-26"],"discnumber":["1"],"disctotal":["1"],"file_name":"01-13 There’s a Place.flac","genre":["Classic Rock; Rock; Pop"],"label":["Parlophone"],"media":["CD"],"musicbrainz_albumartistid":["b10bbbfc-cf9e-42e0-be17-e2c3e1d2600d"],"musicbrainz_albumid":["62cf2288-3ba5-3831-83e5-fb8021d6dd0a"],"musicbrainz_artistid":["b10bbbfc-cf9e-42e0-be17-e2c3e1d2600d"],"musicbrainz_recordingid":["14c4b37f-8a93-4dc3-bc23-2ed86cdb20bb"],"musicbrainz_releasegroupid":["de208292-8db5-3aed-a14a-b37a84d8c521"],"originaldate":["1963-03-22"],"performer":["Paul McCartney (bass guitar)","Ringo Starr (drums)","George Harrison (guitar)","John Lennon (guitar)"],"producer":["George Martin"],"releasecountry":["GB"],"releasestatus":["official"],"releasetype":["album"],"script":["Latn"],"title":["There’s a Place"],"totaldiscs":["1"],"totaltracks":["14"],"tracknumber":["13"],"tracktotal":["14"]},"version":{"essentia":"2.1-beta1","essentia_build_sha":"ca57ba49d9b1854bd80e60cf9ccf267278fb7d6b","essentia_git_sha":"v2.1_beta1-28-g21ef5f4-dirty","extractor":"music 1.0"}},"rhythm":{"beats_count":259,"beats_loudness":{"dmean":0.0121882678941,"dmean2":0.0219256877899,"dvar":0.000108727392217,"dvar2":0.000308499846142,"max":0.0802293047309,"mean":0.0350503511727,"median":0.0362140871584,"min":1.78033889853e-8,"var":0.000212707062019},"beats_loudness_band_ratio":{"dmean":[0.193905100226,0.137893676758,0.122277855873,0.123438864946,0.0935415104032,0.05796307