{"lowlevel":{"average_loudness":0.914929926395,"barkbands":{"dmean":[0.0000547703239135,0.00274520367384,0.0038431994617,0.00248432438821,0.0020258447621,0.000983708770946,0.000958679709584,0.000367489265045,0.000458152964711,0.000310230301693,0.000283203029539,0.000258965417743,0.000256159197306,0.000280554406345,0.000172207714058,0.000184447315405,0.000288737006485,0.000275384605629,0.000358787947334,0.000290311552817,0.000249617325608,0.000214865125599,0.000157819595188,0.000146863691043,0.000128308151034,0.0000652393573546,0.00000698968733559],"dmean2":[0.0000862476590555,0.00470433337614,0.00653683580458,0.00420170277357,0.00339920539409,0.0016021381598,0.0016553242458,0.000614336982835,0.000743543903809,0.000493679603096,0.000457223504782,0.000408819934819,0.000398844102165,0.0004400757025,0.000276683829725,0.000295495672617,0.000472266867291,0.0004615529906,0.000605312874541,0.000486381584778,0.000412606226746,0.000346086279023,0.000251357239904,0.000221231486648,0.000183677591849,0.0000909758091439,0.00000991723572952],"dvar":[1.3430134338e-8,0.0000350597911165,0.000034183551179,0.00000925337371882,0.00000606337471254,0.00000283674194179,0.00000604225897405,6.4765845309e-7,0.00000102453543604,6.04397484949e-7,5.88052785133e-7,4.95569054237e-7,4.4554386136e-7,4.34720504927e-7,2.41279082047e-7,2.45195622028e-7,2.49354144444e-7,1.67177361732e-7,2.18850431111e-7,1.84463118558e-7,1.06906682618e-7,1.05049068111e-7,9.4616588342e-8,2.15828620753e-7,1.18462260446e-7,5.94016960065e-8,5.38544375761e-10],"dvar2":[3.12832995064e-8,0.0000931712929741,0.000096227209724,0.0000257545998466,0.0000166076242749,0.00000705835964254,0.0000162832966453,0.00000159530134169,0.0000026397253805,0.00000148039544001,0.00000150810649302,0.00000119043022551,0.00000105943240669,0.00000106492029772,6.39006145775e-7,6.25290113021e-7,6.20430739673e-7,4.44192096438e-7,5.93452170961e-7,4.90088893912e-7,2.80902327177e-7,2.46153916805e-7,2.13594418597e-7,4.62797771661e-7,2.14404721532e-7,1.13603057628e-7,1.08190856274e-9],"max":[0.00142144842539,0.0578307583928,0.0794894695282,0.045965667814,0.0335007235408,0.027399584651,0.0334739051759,0.0157105848193,0.0249530691653,0.0221029017121,0.0171950571239,0.0180624630302,0.0157973431051,0.0142054026946,0.0194064825773,0.0217193923891,0.0125826802105,0.0117511032149,0.0135368835181,0.014132774435,0.00704326014966,0.01012578886,0.00893921963871,0.0209455192089,0.0125968949869,0.00864971615374,0.00105293700472],"mean":[0.0000727664810256,0.00322956079617,0.00528388516977,0.00385795184411,0.00354259670712,0.00144760892726,0.0011364093516,0.000467319914605,0.000664980441798,0.000476571702166,0.000429803680163,0.000431376189226,0.000419844291173,0.000475089298561,0.000297401304124,0.000319689279422,0.000553512712941,0.000594083569013,0.00089858926367,0.000738468195777,0.000759567890782,0.000668387161568,0.000470099039376,0.000434161484009,0.000401484896429,0.000167909965967,0.0000162822543643],"median":[0.0000175053191924,0.00144897843711,0.00362213468179,0.00276812817901,0.00269724568352,0.000754042877816,0.000427324179327,0.00020010836306,0.000261864392087,0.000165399251273,0.000132517772727,0.000103332124127,0.0000994982547127,0.000156338122906,0.00011066415027,0.000167829100974,0.000370893772924,0.000470814964501,0.000723510049284,0.000569063529838,0.000633954186924,0.000511149235535,0.00034684498678,0.000311566429446,0.000272111879895,0.000100992707303,0.00000945470492297],"min":[3.52415129153e-25,3.8004423294e-24,2.19331671479e-24,1.06991163398e-24,6.10626027283e-24,6.33327550869e-24,8.20554812038e-24,1.01299593103e-23,1.69022662839e-23,1.32918834235e-23,1.41009817664e-23,2.28243697394e-23,3.05893343111e-23,3.88908710264e-23,5.21222330413e-23,7.26124753804e-23,6.39710153456e-23,1.0741795253e-22,1.430237764e-22,1.0790341122e-22,2.67105550961e-22,3.4527129157e-22,4.1020166275e-22,5.55478539491e-22,8.74278612577e-22,1.32333105644e-21,2.07552924089e-21],"var":[2.20370992565e-8,0.0000344396430592,0.0000387811887776,0.0000172864165506,0.0000112937259473,0.00000445934892923,0.00000565471236769,9.03113459572e-7,0.00000167386212979,0.00000105671995243,0.00000107070366084,0.00000130218461436,0.00000104540163193,0.00000104265382106,6.71193447488e-7,3.84879484727e-7,4.77051287362e-7,3.50013863226e-7,6.24808023986e-7,4.8372959327e-7,3.86093944371e-7,4.11348310081e-7,2.85392872001e-7,4.60923672563e-7,3.66029127008e-7,1.37793279009e-7,1.16521259308e-9]},"barkbands_crest":{"dmean":2.13567256927,"dmean2":3.55445075035,"dvar":3.62739634514,"dvar2":9.52190685272,"max":26.0334320068,"mean":7.63847064972,"median":7.02988481522,"min":2.08065748215,"var":10.0764436722},"barkbands_flatness_db":{"dmean":0.0169561039656,"dmean2":0.0273525714874,"dvar":0.000241793473833,"dvar2":0.00059649447212,"max":0.488843142986,"mean":0.0859197452664,"median":0.0780512169003,"min":0.0116221131757,"var":0.00155148922931},"barkbands_kurtosis":{"dmean":1.56804025173,"dmean2":2.5648431778,"dvar":11.7394552231,"dvar2":25.5013713837,"max":178.622634888,"mean":0.945003330708,"median":-0.330086320639,"min":-1.96120798588,"var":29.4794101715},"barkbands_skewness":{"dmean":0.503661990166,"dmean2":0.807904839516,"dvar":0.230592250824,"dvar2":0.563215255737,"max":11.8770580292,"mean":1.11475801468,"median":1.03114950657,"min":-2.61561560631,"var":0.965461492538},"barkbands_spread":{"dmean":8.08802223206,"dmean2":13.1176958084,"dvar":59.8714561462,"dvar2":146.330047607,"max":160.776519775,"mean":45.1210517883,"median":45.0041007996,"min":0.688676357269,"var":234.09602356},"dissonance":{"dmean":0.00948323123157,"dmean2":0.0161978080869,"dvar":0.0000851236982271,"dvar2":0.000234116130741,"max":0.500000119209,"mean":0.484108626842,"median":0.486979931593,"min":0.320140004158,"var":0.000154842913616},"dynamic_complexity":4.23380327225,"erbbands":{"dmean":[0.0639501139522,0.719968259335,3.55712842941,6.46439695358,7.81594705582,7.11821985245,7.33507728577,7.53961277008,9.84488487244,13.9766778946,7.83008050919,10.6001195908,9.53123664856,9.31138515472,11.2200508118,10.1360692978,11.2280807495,11.9934177399,10.9403715134,8.23977184296,10.6349258423,14.4512262344,15.2773265839,15.3303937912,17.9604682922,12.6826696396,10.379483223,11.3566007614,7.2705116272,7.22737360001,4.26721525192,3.27126455307,2.48786401749,1.48216664791,1.00389790535,0.391318947077,0.103123679757,0.0148562546819,0.00110431073699,0.0000524339811818],"dmean2":[0.102450497448,1.25545334816,6.05394649506,10.9536094666,13.2321014404,11.9281005859,12.0131177902,12.3102846146,16.3301429749,24.5810222626,12.9537296295,17.1835441589,15.258275032,14.6372671127,17.8971672058,15.7939376831,17.5531921387,18.5543289185,17.3465118408,13.0515508652,17.0687599182,23.5621166229,25.4823608398,25.8930969238,30.471704483,21.341917038,17.4574756622,18.6291427612,11.7787284851,11.6661472321,6.83711576462,5.03359651566,3.77446460724,2.19914889336,1.45588290691,0.548397123814,0.143414705992,0.0208137910813,0.00153643067461,0.0000747560989112],"dvar":[0.0206864885986,2.34756112099,33.0093154907,64.3895339966,97.4713287354,81.6790237427,137.931106567,182.87437439,469.406524658,1315.2130127,294.194274902,623.126281738,552.215209961,518.31048584,933.582824707,811.059570312,913.966552734,893.333129883,977.874145508,392.145843506,871.937988281,577.426330566,483.097747803,407.922698975,638.636169434,358.995635986,200.671310425,231.222518921,119.259544373,148.071212769,82.2459259033,98.0660476685,62.1233177185,16.2875671387,7.17672920227,1.70360648632,0.197940781713,0.00317056383938,0.0000151366630234,3.3279153655e-8],"dvar2":[0.0489425882697,6.53062486649,93.2554244995,184.431015015,275.049102783,218.258300781,345.085418701,469.997192383,1165.22473145,3717.05761719,710.82800293,1596.03466797,1402.57202148,1249.33703613,2287.46728516,1922.69384766,2227.69824219,2184.16845703,2575.66577148,948.207763672,2277.76245117,1438.42224121,1289.87231445,1136.16369629,1684.43884277,940.3046875,553.203918457,606.795471191,280.801361084,359.774536133,183.797088623,207.358413696,135.096099854,31.8744850159,13.1532440186,3.27579808235,0.37785795331,0.00609099399298,0.0000298031482089,6.59276082615e-8],"max":[1.53907263279,14.6117095947,78.9086380005,128.158065796,169.991363525,177.19644165,232.915176392,326.592285156,430.694000244,480.877105713,357.776641846,785.425537109,737.658996582,807.906921387,919.354064941,853.500671387,873.241394043,765.222717285,1152.9909668,616.490600586,1463.81469727,632.244567871,635.499694824,383.285675049,698.288635254,645.102416992,269.387451172,337.226928711,348.861694336,311.243743896,304.862487793,390.650085449,347.082275391,165.185546875,110.590187073,53.6964797974,19.1462993622,2.40068888664,0.154147490859,0.00700401561335],"mean":[0.0751020982862,0.849683701992,4.96870708466,10.5397253036,12.6602830887,11.8818416595,11.5549850464,11.1038169861,13.0451593399,16.1069698334,10.9318609238,15.2064352036,15.0476255417,15.5339355469,18.4455337524,18.4742088318,20.1473693848,21.9675788879,20.084028244,15.6251478195,20.1545467377,30.974653244,34.822063446,37.4611968994,45.7658462524,32.9918251038,29.3409023285,32.9170265198,22.932138443,20.1769924164,12.6820020676,9.27412414551,7.13326931,4.4653429985,2.84002828598,1.02981197834,0.249085858464,0.0361505225301,0.00270797894336,0.000154438064783],"median":[0.0213029477745,0.447970956564,3.29978752136,8.25273990631,9.76710510254,8.40737533569,6.79215335846,5.86568784714,5.77563047409,5.99482011795,4.89416313171,5.93145942688,6.11174821854,6.21455574036,6.36788082123,4.88494443893,5.49884176254,6.96433162689,7.82108163834,7.09931612015,12.1472568512,21.9202976227,27.9806861877,30.3100337982,36.966217041,26.9099369049,24.3172130585,26.5948066711,18.4649753571,14.6511831284,9.40094470978,6.57004308701,5.0154914856,3.12947583199,1.82978117466,0.630669355392,0.142098218203,0.021276647225,0.00159190455452,0.000105712599179],"min":[1.00266814828e-22,5.46332650239e-22,2.97960554061e-21,9.18414352812e-21,2.2723832421e-20,1.4168500447e-20,3.76311117838e-20,9.61778795593e-20,1.20584438069e-19,1.59830086855e-19,2.36099422205e-19,4.20873579871e-19,3.86445831638e-19,5.1636522264e-19,6.43476361311e-19,1.30118084954e-18,1.60577491067e-18,2.52340565526e-18,2.13320718952e-18,4.04587107053e-18,4.61577535153e-18,4.91162559659e-18,5.65121067741e-18,7.23073645891e-18,8.22097753125e-18,6.08612694065e-18,1.08108188178e-17,1.00597479206e-17,1.28733275007e-17,1.07697418557e-17,1.20635664847e-17,1.10145285872e-17,9.40569538305e-18,7.52788620471e-18,6.70521248573e-18,3.97380213248e-18,2.25734383841e-18,1.00578958632e-18,2.635700128e-19,2.715991642e-20],"var":[0.0249836966395,2.0671184063,35.9988632202,102.611061096,153.162612915,152.94367981,223.541122437,276.782287598,561.328369141,1158.5201416,455.182189941,984.311950684,934.026306152,990.734375,1804.0447998,2151.66552734,2221.66235352,2370.99072266,2422.14257812,1033.0423584,1287.91113281,1275.86682129,1108.5715332,1086.05236816,1702.03771973,870.708374023,612.468139648,805.439880371,442.330993652,452.044403076,232.468276978,223.530059814,121.796447754,44.3024749756,20.8561496735,4.02354955673,0.435788422823,0.00685516279191,0.0000335357217409,7.54485682819e-8]},"erbbands_crest":{"dmean":1.98118448257,"dmean2":3.29979515076,"dvar":4.1880531311,"dvar2":10.9202013016,"max":31.715637207,"mean":6.45058298111,"median":5.48535919189,"min":2.22424006462,"var":10.0749788284},"erbbands_flatness_db":{"dmean":0.0105344010517,"dmean2":0.0166457332671,"dvar":0.000104149861727,"dvar2":0.000244037189987,"max":0.313594400883,"mean":0.107231684029,"median":0.102165482938,"min":0.0188687741756,"var":0.00103679485619},"erbbands_kurtosis":{"dmean":0.623287081718,"dmean2":1.0143340826,"dvar":0.736218392849,"dvar2":1.77898561954,"max":27.0007133484,"mean":-0.213917329907,"median":-0.542742311954,"min":-1.75997126102,"var":1.89871311188},"erbbands_skewness":{"dmean":0.293964892626,"dmean2":0.466617316008,"dvar":0.0703183934093,"dvar2":0.172166973352,"max":4.69279670715,"mean":-0.476071327925,"median":-0.49408608675,"min":-3.12768983841,"var":0.339342981577},"erbbands_spread":{"dmean":10.0650424957,"dmean2":16.1101493835,"dvar":79.2667999268,"dvar2":197.933380127,"max":145.388275146,"mean":59.2173156738,"median":57.7603607178,"min":5.87898397446,"var":396.463195801},"gfcc":{"cov":[[28574.8398438,279.28729248,-1039.23059082,1074.1763916,-1176.68530273,587.534240723,-716.439208984,427.57321167,-810.507141113,85.7960510254,-539.192871094,40.888923645,-439.520935059],[279.28729248,732.202331543,-301.714630127,62.6140098572,63.2498207092,-89.2878952026,65.8015213013,-46.9970283508,1.06424701214,-62.5836257935,33.4036445618,-22.5788173676,15.6115455627],[-1039.23059082,-301.714630127,686.547363281,-33.3872375488,30.281162262,27.8546485901,-17.088104248,80.0603408813,51.2335357666,60.4097633362,-16.443687439,23.0388755798,4.91004323959],[1074.1763916,62.6140098572,-33.3872375488,285.195526123,-27.3313102722,16.9181785583,-48.014831543,15.2983074188,-7.82740116119,-17.9175834656,-26.1790485382,-11.103925705,-5.70112228394],[-1176.68530273,63.2498207092,30.281162262,-27.3313102722,244.160308838,40.6961898804,56.7489433289,-14.3027515411,30.0715656281,-1.4543517828,20.4655704498,-3.50387573242,26.8764686584],[587.534240723,-89.2878952026,27.8546485901,16.9181785583,40.6961898804,174.713897705,43.8705940247,26.4513282776,-31.0041275024,18.0134601593,2.60668158531,4.38807010651,-17.6451892853],[-716.439208984,65.8015213013,-17.088104248,-48.014831543,56.7489433289,43.8705940247,135.032440186,15.7192592621,12.3189105988,-16.5888023376,33.3433494568,5.55228471756,8.58259487152],[427.57321167,-46.9970283508,80.0603408813,15.2983074188,-14.3027515411,26.4513282776,15.7192592621,106.333709717,21.3528556824,11.5927419662,-28.320640564,8.78597164154,-3.28455448151],[-810.507141113,1.06424701214,51.2335357666,-7.82740116119,30.0715656281,-31.0041275024,12.3189105988,21.3528556824,115.050079346,36.5833854675,14.4280967712,-10.0286016464,18.6413860321],[85.7960510254,-62.5836257935,60.4097633362,-17.9175834656,-1.4543517828,18.0134601593,-16.5888023376,11.5927419662,36.5833854675,78.6075286865,22.111164093,-1.16978859901,-14.4250173569],[-539.192871094,33.4036445618,-16.443687439,-26.1790485382,20.4655704498,2.60668158531,33.3433494568,-28.320640564,14.4280967712,22.111164093,79.3897018433,22.3348579407,2.71125435829],[40.888923645,-22.5788173676,23.0388755798,-11.103925705,-3.50387573242,4.38807010651,5.55228471756,8.78597164154,-10.0286016464,-1.16978859901,22.3348579407,57.2560386658,21.9520988464],[-439.520935059,15.6115455627,4.91004323959,-5.70112228394,26.8764686584,-17.6451892853,8.58259487152,-3.28455448151,18.6413860321,-14.4250173569,2.71125435829,21.9520988464,59.6933135986]],"icov":[[0.000164411118021,-0.000291939213639,0.000248146272497,-0.000277722399915,0.000494160747621,-0.000613633950707,0.000596304831561,-0.000553643913008,0.000794471765403,-0.000859535648488,0.000920697464608,-0.000703863915987,0.000481107243104],[-0.000291939213639,0.00272888806649,0.000337546487572,-0.000271540804533,-0.00158452335745,0.00270674354397,-0.00230250996538,0.000717343064025,-0.000960316625424,0.00195251288824,-0.00254323566332,0.00212401710451,-0.000926746462937],[0.000248146272497,0.000337546487572,0.00243585626595,-0.000437535200035,0.000137305294629,-0.000473971653264,0.000864865025505,-0.00193549564574,0.000939489924349,-0.00219767028466,0.00172461324837,-0.00170674687251,0.000788758508861],[-0.000277722399915,-0.000271540804533,-0.000437535200035,0.00497328396887,-0.000373386865249,-0.000936076045036,0.00206326507032,-0.000217520690057,-0.00240353308618,0.0038466132246,-0.00219188746996,0.00193841953296,-0.000813249032944],[0.000494160747621,-0.00158452335745,0.000137305294629,-0.000373386865249,0.00708997063339,-0.00404236465693,0.000745141529478,-0.0000765391378081,0.000816761457827,-0.0020865611732,0.00262967054732,-0.000956778298132,-0.00101939390879],[-0.000613633950707,0.00270674354397,-0.000473971653264,-0.000936076045036,-0.00404236465693,0.0125542460009,-0.00735964952037,0.000541590387002,0.00217423122376,-0.00205771438777,-0.00227461964823,0.00239646132104,-0.000611695169937],[0.000596304831561,-0.00230250996538,0.000864865025505,0.00206326507032,0.000745141529478,-0.00735964952037,0.0174550507218,-0.00722326012328,0.000154683555593,0.0055174883455,-0.00579569814727,0.00077476457227,0.000963908038102],[-0.000553643913008,0.000717343064025,-0.00193549564574,-0.000217520690057,-0.0000765391378081,0.000541590387002,-0.00722326012328,0.0186738874763,-0.00742768123746,-0.000335078540957,0.00827382132411,-0.00620583817363,0.00227993912995],[0.000794471765403,-0.000960316625424,0.000939489924349,-0.00240353308618,0.000816761457827,0.00217423122376,0.000154683555593,-0.00742768123746,0.0208345707506,-0.0132397022098,0.00107142771594,0.00437359837815,-0.00572477374226],[-0.000859535648488,0.00195251288824,-0.00219767028466,0.0038466132246,-0.0020865611732,-0.00205771438777,0.0055174883455,-0.000335078540957,-0.0132397022098,0.0306592024863,-0.0155043238774,0.00560703827068,0.00341389211826],[0.000920697464608,-0.00254323566332,0.00172461324837,-0.00219188746996,0.00262967054732,-0.00227461964823,-0.00579569814727,0.00827382132411,0.00107142771594,-0.0155043238774,0.0336748361588,-0.0195198599249,0.00809284765273],[-0.000703863915987,0.00212401710451,-0.00170674687251,0.00193841953296,-0.000956778298132,0.00239646132104,0.00077476457227,-0.00620583817363,0.00437359837815,0.00560703827068,-0.0195198599249,0.0354766994715,-0.0168969649822],[0.000481107243104,-0.000926746462937,0.000788758508861,-0.000813249032944,-0.00101939390879,-0.000611695169937,0.000963908038102,0.00227993912995,-0.00572477374226,0.00341389211826,0.00809284765273,-0.0168969649822,0.0291185136884]],"mean":[20.307056427,41.4244842529,-94.5995178223,54.1838798523,-59.3658752441,9.29082012177,-38.9285812378,9.00682544708,-33.4293861389,-0.773727059364,-22.0314311981,-0.685293674469,-16.6981773376]},"hfc":{"dmean":7.12185335159,"dmean2":10.7855606079,"dvar":163.709976196,"dvar2":329.781005859,"max":381.159545898,"mean":38.3661384583,"median":35.1452255249,"min":1.06880463552e-16,"var":806.421813965},"melbands":{"dmean":[0.000662321108393,0.00151329464279,0.00112311937846,0.000519706518389,0.000248518306762,0.000171003644937,0.000169606355485,0.000137069277116,0.0000642402956146,0.0000681188394083,0.0000488027144456,0.0000393546943087,0.000040057591832,0.0000287505554297,0.0000305187459162,0.0000230439127336,0.000024443203074,0.0000211278129427,0.000011639510376,0.000011163747331,0.0000143017750815,0.0000148204435391,0.0000212456252484,0.0000121279181258,0.0000142123744808,0.0000147191940414,0.0000130946373247,0.00000893231026566,0.00000801469741418,0.00000622638435743,0.00000766696848586,0.0000047582066145,0.00000429774718214,0.00000418771196564,0.00000282287214759,0.00000239830592363,0.00000223887127504,0.00000199493888431,0.00000164288667293,0.0000013025323824],"dmean2":[0.00111654831562,0.00258933124132,0.00189309730195,0.000873779586982,0.000406773149734,0.000278341467492,0.000285989051918,0.000239658809733,0.000105551240267,0.000110179062176,0.0000782472998253,0.0000615593453404,0.0000643262465019,0.0000451456471637,0.000047432633437,0.000035664801544,0.0000377769902116,0.0000335740951414,0.0000184588789125,0.000017786906028,0.0000231762078329,0.0000242228470597,0.0000353045106749,0.0000204481330002,0.0000241173693212,0.0000249275108217,0.000022127680495,0.0000150854211824,0.0000136167054734,0.0000103668598967,0.0000126032464323,0.00000779922265792,0.00000701866929376,0.00000681192113916,0.00000463165224573,0.00000383822180083,0.00000350303707819,0.00000308711992147,0.00000257070519183,0.00000196345513359],"dvar":[0.00000218097557081,0.00000683041707816,0.00000173568071204,3.97128133045e-7,1.31351484356e-7,8.84095427978e-8,1.60453211606e-7,1.1593878213e-7,1.9824138775e-8,2.51411105268e-8,1.44723166784e-8,9.65714530565e-9,1.20376002499e-8,6.23141227507e-9,7.68007080154e-9,3.43988637574e-9,3.83844511731e-9,3.65262486923e-9,1.06783515363e-9,7.33102356598e-10,1.69188052457e-9,5.77898118248e-10,1.3385575981e-9,3.21564608274e-10,3.71471575722e-10,4.35052410763e-10,3.95841470713e-10,1.76941475361e-10,1.34600358637e-10,7.10775674428e-11,1.0585692739e-10,5.11919499846e-11,4.59642983397e-11,4.96090252211e-11,2.90441039275e-11,4.14819914529e-11,4.30088881176e-11,4.08426417686e-11,1.9368697618e-11,1.16723046159e-11],"dvar2":[0.00000556150644115,0.0000193001578737,0.00000493716197525,0.00000109754307687,3.32534256131e-7,2.24350543476e-7,4.13466295868e-7,3.25477373053e-7,4.74347316981e-8,6.36228989492e-8,3.67287746883e-8,2.3041488717e-8,3.06331813249e-8,1.51827599382e-8,1.82299793039e-8,8.21611845225e-9,9.26280119273e-9,9.42476674481e-9,2.69729061309e-9,1.67622749014e-9,4.43437642161e-9,1.42651646051e-9,3.45535511315e-9,8.47978964824e-10,1.04028785586e-9,1.15406162404e-9,1.05492370395e-9,4.66085892104e-10,3.75972752931e-10,1.90798571387e-10,2.78264911113e-10,1.23648119521e-10,1.10592382474e-10,1.23177773537e-10,6.81739178998e-11,9.39591390803e-11,9.21302409362e-11,8.87779572079e-11,4.32770277947e-11,2.22382667836e-11],"max":[0.0150480140001,0.0314603410661,0.019634431228,0.00885169580579,0.0063113947399,0.00642479909584,0.00668428745121,0.004584396258,0.00287665007636,0.00470622209832,0.00383746693842,0.00347517733462,0.00259937066585,0.00191959051881,0.00302126840688,0.00145657185931,0.00143842305988,0.00225645839237,0.00174829957541,0.000902521831449,0.00205588014796,0.000566967355553,0.00113974511623,0.000586274138186,0.000357380835339,0.000661901955027,0.00061146292137,0.00033368653385,0.000196732071345,0.000176860950887,0.000193717540242,0.000211391874473,0.000244024282438,0.000190414473764,0.000173573964275,0.000244377966737,0.000275905651506,0.000308065937134,0.000204498137464,0.00017228499928],"mean":[0.000779352383688,0.00212886510417,0.0019517877372,0.00089044199558,0.000427816412412,0.000253728532698,0.000214856452658,0.000160833122209,0.0000884040200617,0.0000967946543824,0.0000742747070035,0.0000619712300249,0.0000625706452411,0.0000486277713208,0.0000510197132826,0.0000387942563975,0.0000413868838223,0.0000353540744982,0.0000206932672882,0.0000193884134205,0.0000245743995038,0.0000290919215331,0.0000395138267777,0.0000255334543908,0.0000304122786474,0.0000343863102898,0.0000294391320494,0.0000202579340112,0.0000193363357539,0.0000163409567904,0.0000203052495635,0.0000131266488097,0.0000116261362564,0.0000106210409285,0.00000732638864065,0.00000614429063717,0.00000554348071091,0.00000506145033796,0.00000442969530923,0.00000352026268047],"median":[0.000298289232887,0.0014360967325,0.00159714033362,0.000691634253599,0.00027572910767,0.000133291134262,0.0000896490091691,0.0000619170023128,0.000036744211684,0.0000368613036699,0.0000283350473183,0.0000225167623285,0.000020200635845,0.0000116133624033,0.0000118665693662,0.00000994399488263,0.0000123531817735,0.000012654697457,0.00000779432866693,0.000009559584214,0.000014265138816,0.0000196286673599,0.0000277910530713,0.0000199312544282,0.0000234603176068,0.0000270599120995,0.0000223625611397,0.0000156332807819,0.0000146467946252,0.0000130762837216,0.0000156440073624,0.0000102305757537,0.0000086526351879,0.00000749603304939,0.00000539164329894,0.00000422727998739,0.00000384337636206,0.00000344331397173,0.00000312249835588,0.00000239358791987],"min":[2.1070378143e-24,1.79702810032e-24,2.04462649214e-24,1.43919241207e-24,1.10246841657e-24,1.96986515807e-24,1.67481520509e-24,1.87623269343e-24,1.78113708903e-24,2.14945624568e-24,1.72062790773e-24,2.06956100484e-24,1.89760332979e-24,3.23996079776e-24,3.52013401737e-24,2.50420462817e-24,4.29414895478e-24,2.81564277204e-24,4.50531400291e-24,5.12776351688e-24,4.36191407869e-24,3.17681622939e-24,3.82813568591e-24,4.56865519486e-24,5.30841976392e-24,5.64865152804e-24,4.56065496199e-24,3.29519506341e-24,5.25277233238e-24,6.41544207729e-24,5.13463173435e-24,5.79048516892e-24,6.96679747433e-24,5.32152392685e-24,6.17344676726e-24,6.15471960381e-24,4.89399523724e-24,4.99168382744e-24,6.05941534569e-24,5.81655307754e-24],"var":[0.0000023059412797,0.00000694488517183,0.00000307049344883,6.84886913405e-7,2.43010020995e-7,1.37990937787e-7,1.70017841583e-7,1.06641849129e-7,3.17183577181e-8,4.00880786344e-8,2.42651196913e-8,1.79691319602e-8,2.20671072526e-8,1.74927645702e-8,1.88661211098e-8,8.22039769588e-9,9.5195886729e-9,8.38179037288e-9,3.61721008701e-9,1.45461265255e-9,2.31672991902e-9,1.27345201051e-9,2.38152297882e-9,6.58568588552e-10,8.48693670896e-10,1.04932240674e-9,8.49519787849e-10,3.82578857483e-10,3.49577866654e-10,1.99932598255e-10,3.40404371357e-10,1.58739674183e-10,1.43458356305e-10,1.34272162833e-10,7.45673037206e-11,9.28295287861e-11,8.98116789272e-11,7.43385145108e-11,3.94356942934e-11,3.29549165734e-11]},"melbands_crest":{"dmean":3.22708964348,"dmean2":5.37818813324,"dvar":7.20108985901,"dvar2":19.433839798,"max":39.9514274597,"mean":13.4342308044,"median":13.0516633987,"min":1.62445163727,"var":19.2802619934},"melbands_flatness_db":{"dmean":0.0259346980602,"dmean2":0.0416366010904,"dvar":0.000523893279023,"dvar2":0.00129361555446,"max":0.504690885544,"mean":0.143032565713,"median":0.136772796512,"min":0.00291458959691,"var":0.00266780890524},"melbands_kurtosis":{"dmean":7.71254253387,"dmean2":12.3672904968,"dvar":315.020996094,"dvar2":722.017333984,"max":1467.73950195,"mean":15.1059789658,"median":8.79133033752,"min":-1.83282530308,"var":1620.28564453},"melbands_skewness":{"dmean":0.838660240173,"dmean2":1.3426977396,"dvar":0.721064567566,"dvar2":1.75470387936,"max":37.2683525085,"mean":3.16358780861,"median":2.90999364853,"min":-1.16732168198,"var":3.53682088852},"melbands_spread":{"dmean":12.5095939636,"dmean2":20.357591629,"dvar":165.383987427,"dvar2":403.643829346,"max":210.384933472,"mean":40.0331535339,"median":35.2155265808,"min":0.658092737198,"var":605.605102539},"mfcc":{"cov":[[16363.3544922,867.101318359,504.791534424,491.212280273,-95.123336792,102.356437683,58.2599868774,67.1167831421,-93.9398727417,-14.8150701523,-53.1237792969,-70.9500274658,-112.619262695],[867.101318359,629.826538086,-163.043273926,115.608978271,-19.8473167419,-16.0207633972,38.298664093,15.8214197159,-9.1171131134,-40.762134552,0.524897515774,-5.59794425964,-20.666009903],[504.791534424,-163.043273926,465.300048828,35.7891426086,31.8415203094,-28.4015274048,-30.8583850861,3.08444666862,24.433429718,29.6032161713,6.56955909729,11.841460228,21.7950935364],[491.212280273,115.608978271,35.7891426086,229.458374023,43.458278656,-15.3116397858,-33.9019508362,4.88837766647,10.4789352417,-12.4110927582,-15.5722742081,-10.0542955399,-8.41864395142],[-95.123336792,-19.8473167419,31.8415203094,43.458278656,147.475479126,40.1653060913,5.80778980255,0.239337667823,29.4684963226,15.8222036362,2.68192911148,-7.84527873993,0.00822730641812],[102.356437683,-16.0207633972,-28.4015274048,-15.3116397858,40.1653060913,113.1378479,59.935005188,10.8633546829,-10.7351284027,13.923169136,9.08739948273,6.26732492447,2.23449277878],[58.2599868774,38.298664093,-30.8583850861,-33.9019508362,5.80778980255,59.935005188,124.327812195,52.081489563,-7.22942018509,-5.31018590927,8.16528320312,5.34304285049,-5.19767904282],[67.1167831421,15.8214197159,3.08444666862,4.88837766647,0.239337667823,10.8633546829,52.081489563,86.8274002075,32.8003311157,1.27442288399,-6.63360643387,2.66864442825,3.24615001678],[-93.9398727417,-9.1171131134,24.433429718,10.4789352417,29.4684963226,-10.7351284027,-7.22942018509,32.8003311157,86.2165985107,34.5846214294,-1.32999205589,-5.56897306442,4.88784885406],[-14.8150701523,-40.762134552,29.6032161713,-12.4110927582,15.8222036362,13.923169136,-5.31018590927,1.27442288399,34.5846214294,79.013961792,29.5586471558,3.0628349781,0.770585119724],[-53.1237792969,0.524897515774,6.56955909729,-15.5722742081,2.68192911148,9.08739948273,8.16528320312,-6.63360643387,-1.32999205589,29.5586471558,67.5217285156,28.9739398956,-3.11916875839],[-70.9500274658,-5.59794425964,11.841460228,-10.0542955399,-7.84527873993,6.26732492447,5.34304285049,2.66864442825,-5.56897306442,3.0628349781,28.9739398956,61.0066070557,29.3350811005],[-112.619262695,-20.666009903,21.7950935364,-8.41864395142,0.00822730641812,2.23449277878,-5.19767904282,3.24615001678,4.88784885406,0.770585119724,-3.11916875839,29.3350811005,63.9525489807]],"icov":[[0.0000803004950285,-0.000132606801344,-0.000151731946971,-0.000107321058749,0.000137256516609,-0.00020974992367,0.0000697449213476,-0.0000891881863936,0.000129502644995,-0.0000913866824703,0.0000911747192731,0.0000401517172577,0.00013087822299],[-0.000132606801344,0.00243923207745,0.00104259839281,-0.00130676920526,0.00022132525919,0.00114023091737,-0.00160186365247,0.000710980966687,-0.000728102691937,0.000924139691051,-0.00089138362091,0.0000876738849911,-0.000217955195694],[-0.000151731946971,0.00104259839281,0.00294776656665,-0.000576410617214,-0.000759695423767,0.00158535281662,-0.000445496290922,0.00000218012178266,-0.000107401378045,-0.000672263849992,-0.000267256575171,-0.000372340437025,-0.000928310968447],[-0.000107321058749,-0.00130676920526,-0.000576410617214,0.00636289361864,-0.00233216234483,-0.0000845525792101,0.00313125597313,-0.00208735140041,0.000664694642182,0.000605467299465,0.000959288561717,-0.000457258400274,0.000984907965176],[0.000137256516609,0.00022132525919,-0.000759695423767,-0.00233216234483,0.00998870655894,-0.00479823770002,-0.000332221272402,0.00238095922396,-0.00468233274296,0.00133173994254,-0.0013696126407,0.00196680077352,-0.000343514926499],[-0.00020974992367,0.00114023091737,0.00158535281662,-0.0000845525792101,-0.00479823770002,0.0165009647608,-0.00847450364381,0.00186818221118,0.00360558112152,-0.00472130533308,0.00165047857445,-0.00172514433507,-0.00125869177282],[0.0000697449213476,-0.00160186365247,-0.000445496290922,0.00313125597313,-0.000332221272402,-0.00847450364381,0.0189084000885,-0.0120216254145,0.00396181410179,0.00205861125141,-0.00260433438234,0.000887862348463,0.00175042031333],[-0.0000891881863936,0.000710980966687,0.00000218012178266,-0.00208735140041,0.00238095922396,0.00186818221118,-0.0120216254145,0.022955654189,-0.0109405769035,0.00186455517542,0.00283831520937,-0.00251329317689,-0.000305656314595],[0.000129502644995,-0.000728102691937,-0.000107401378045,0.000664694642182,-0.00468233274296,0.00360558112152,0.00396181410179,-0.0109405769035,0.0225216113031,-0.0104414084926,0.00291432719678,0.00109093426727,-0.00108495389577],[-0.0000913866824703,0.000924139691051,-0.000672263849992,0.000605467299465,0.00133173994254,-0.00472130533308,0.00205861125141,0.00186455517542,-0.0104414084926,0.0229312963784,-0.011754475534,0.00484620220959,-0.0015905641485],[0.0000911747192731,-0.00089138362091,-0.000267256575171,0.000959288561717,-0.0013696126407,0.00165047857445,-0.00260433438234,0.00283831520937,0.00291432719678,-0.011754475534,0.0283787325025,-0.0168075785041,0.00868930853903],[0.0000401517172577,0.0000876738849911,-0.000372340437025,-0.000457258400274,0.00196680077352,-0.00172514433507,0.000887862348463,-0.00251329317689,0.00109093426727,0.00484620220959,-0.0168075785041,0.0320773199201,-0.0152499275282],[0.00013087822299,-0.000217955195694,-0.000928310968447,0.000984907965176,-0.000343514926499,-0.00125869177282,0.00175042031333,-0.000305656314595,-0.00108495389577,-0.0015905641485,0.00868930853903,-0.0152499275282,0.0239655040205]],"mean":[-617.756530762,67.7472763062,18.3345069885,40.7053833008,4.87418270111,3.6014213562,3.49980688095,3.9014942646,-2.50936675072,-4.04867744446,-1.17060256004,-3.78545165062,-6.09350633621]},"pitch_salience":{"dmean":0.0652390047908,"dmean2":0.10823392123,"dvar":0.00315236416645,"dvar2":0.00843263417482,"max":0.865189492702,"mean":0.608932554722,"median":0.620266199112,"min":0.0408005341887,"var":0.00860392022878},"silence_rate_20dB":{"dmean":0,"dmean2":0,"dvar":0,"dvar2":0,"max":1,"mean":1,"median":1,"min":1,"var":0},"silence_rate_30dB":{"dmean":0,"dmean2":0,"dvar":0,"dvar2":0,"max":1,"mean":1,"median":1,"min":1,"var":0},"silence_rate_60dB":{"dmean":0.00418833037838,"dmean2":0.00837726611644,"dvar":0.00417078845203,"dvar2":0.00888482946903,"max":1,"mean":0.0897537693381,"median":0,"min":0,"var":0.0816980302334},"spectral_centroid":{"dmean":323.21472168,"dmean2":523.02355957,"dvar":87853.2890625,"dvar2":214405.53125,"max":11596.5517578,"mean":2199.76586914,"median":2177.89086914,"min":212.360275269,"var":654288.125},"spectral_complexity":{"dmean":3.84041023254,"dmean2":6.19643259048,"dvar":14.1001806259,"dvar2":33.2728881836,"max":57,"mean":26.8417205811,"median":29,"min":0,"var":170.314315796},"spectral_contrast_coeffs":{"dmean":[0.0519082173705,0.0501563213766,0.0376157872379,0.0292533803731,0.0197653379291,0.0141510227695],"dmean2":[0.0866387709975,0.0838825255632,0.0617704987526,0.0475070253015,0.0332935862243,0.0232893172652],"dvar":[0.00168647081591,0.00166395423003,0.000925093714613,0.000565958733205,0.000250276993029,0.000136255053803],"dvar2":[0.00473569380119,0.00456072157249,0.00237668980844,0.00146927824244,0.00069429166615,0.000357993296348],"max":[-0.265270531178,-0.440932452679,-0.493608087301,-0.568010747433,-0.59629714489,-0.58227622509],"mean":[-0.626695096493,-0.760984539986,-0.788289666176,-0.796900391579,-0.791831851006,-0.750920474529],"median":[-0.621614098549,-0.763896226883,-0.794575810432,-0.802058041096,-0.78971272707,-0.746951937675],"min":[-0.977326273918,-0.976632773876,-0.984983682632,-0.983918190002,-0.981446385384,-0.974538445473],"var":[0.00673664128408,0.00454592471942,0.00394872901961,0.00286301481538,0.00144305196591,0.00174242153298]},"spectral_contrast_valleys":{"dmean":[0.431821882725,0.390398651361,0.319750070572,0.255704909563,0.168315306306,0.144145488739],"dmean2":[0.718991100788,0.654855310917,0.522119522095,0.412590116262,0.273387730122,0.214487597346],"dvar":[0.141116112471,0.134874686599,0.0906750261784,0.0626934096217,0.0425514727831,0.0455315820873],"dvar2":[0.348582565784,0.338444411755,0.207004591823,0.137968868017,0.0840026289225,0.0864821299911],"max":[-5.11576032639,-4.64674711227,-5.32860517502,-5.69206619263,-5.50098276138,-7.08611488342],"mean":[-7.28670549393,-7.03543233871,-7.69865274429,-7.95596075058,-7.02357196808,-9.27183055878],"median":[-6.82569694519,-6.63976764679,-7.29785919189,-7.55634975433,-6.54420852661,-8.7665271759],"min":[-27.8908519745,-27.9532737732,-28.0705356598,-27.7305011749,-27.4323654175,-27.3674087524],"var":[3.84143424034,3.712236166,3.53801250458,3.36944818497,3.72375583649,3.6127166748]},"spectral_decrease":{"dmean":2.40498865267e-9,"dmean2":4.05266042947e-9,"dvar":1.02713059797e-17,"dvar2":2.79152049302e-17,"max":2.72798316199e-16,"mean":-6.56446585978e-9,"median":-6.15602102627e-9,"min":-3.64514782802e-8,"var":1.93868371572e-17},"spectral_energy":{"dmean":0.00938578508794,"dmean2":0.0158091448247,"dvar":0.000154514622409,"dvar2":0.000418103823904,"max":0.143441736698,"mean":0.0282557401806,"median":0.0270204544067,"min":9.98802171964e-21,"var":0.000321343133692},"spectral_energyband_high":{"dmean":0.000730788568035,"dmean2":0.00108021777123,"dvar":0.00000195194479602,"dvar2":0.00000388733315049,"max":0.0404282547534,"mean":0.00329959532246,"median":0.00273675657809,"min":7.11131938594e-21,"var":0.00000886048837856},"spectral_energyband_low":{"dmean":0.00660733878613,"dmean2":0.0111797042191,"dvar":0.000120059412438,"dvar2":0.000331236893544,"max":0.115934841335,"mean":0.0105514749885,"median":0.00770473154262,"min":2.58407450713e-23,"var":0.000139848445542},"spectral_energyband_middle_high":{"dmean":0.00133103900589,"dmean2":0.00213619438,"dvar":0.00000318785896525,"dvar2":0.000008046829862,"max":0.0306521710008,"mean":0.00520151806995,"median":0.0040369653143,"min":1.2368508986e-21,"var":0.0000193704981939},"spectral_energyband_middle_low":{"dmean":0.00479243090376,"dmean2":0.00803936552256,"dvar":0.0000327390225721,"dvar2":0.0000895870325621,"max":0.0691298916936,"mean":0.0112599711865,"median":0.00977784395218,"min":1.36991249772e-22,"var":0.0000728299710318},"spectral_entropy":{"dmean":0.0911449044943,"dmean2":0.143492355943,"dvar":0.00889084860682,"dvar2":0.0203194450587,"max":9.81906604767,"mean":8.06332206726,"median":8.08938407898,"min":5.33316993713,"var":0.0787330567837},"spectral_flux":{"dmean":0.0204156432301,"dmean2":0.0326507873833,"dvar":0.00061195390299,"dvar2":0.00136874173768,"max":0.315964967012,"mean":0.0914844051003,"median":0.0920871272683,"min":6.34681820988e-11,"var":0.00189286202658},"spectral_kurtosis":{"dmean":0.513834416866,"dmean2":0.850282609463,"dvar":0.707775354385,"dvar2":2.09838986397,"max":33.1461486816,"mean":2.12054300308,"median":1.92444443703,"min":-1.24701011181,"var":1.95518314838},"spectral_rms":{"dmean":0.000803759787232,"dmean2":0.00133336009458,"dvar":8.2488230646e-7,"dvar2":0.00000217751767195,"max":0.0118297571316,"mean":0.00487376376987,"median":0.00513433711603,"min":3.12160388684e-12,"var":0.00000381300446861},"spectral_rolloff":{"dmean":1012.48815918,"dmean2":1670.13806152,"dvar":1543424.5,"dvar2":3582286.5,"max":21404.0039062,"mean":3325.77368164,"median":3229.98046875,"min":21.533203125,"var":5873612.5},"spectral_skewness":{"dmean":0.0967239066958,"dmean2":0.155134394765,"dvar":0.0117538450286,"dvar2":0.0305225793272,"max":4.40492153168,"mean":1.047721982,"median":1.03619217873,"min":-0.0649524778128,"var":0.0667099505663},"spectral_spread":{"dmean":415607.5,"dmean2":625413.8125,"dvar":261196726272,"dvar2":482658484224,"max":42225792,"mean":6185824.5,"median":5943676,"min":1646405.375,"var":6767398354940},"spectral_strongpeak":{"dmean":0.427537947893,"dmean2":0.76203083992,"dvar":0.789277374744,"dvar2":2.17688584328,"max":11.6988153458,"mean":0.532521128654,"median":0.29374101758,"min":0,"var":0.697028636932},"zerocrossingrate":{"dmean":0.0140898479149,"dmean2":0.0169090516865,"dvar":0.000213882274693,"dvar2":0.000274609803455,"max":0.75634765625,"mean":0.120682433248,"median":0.115234375,"min":0,"var":0.00261774938554}},"metadata":{"audio_properties":{"analysis_sample_rate":44100,"bit_rate":0,"codec":"flac","downmix":"mix","equal_loudness":0,"length":321.533325195,"lossless":true,"md5_encoded":"367a7eeb7a9218d455a80d90503939cb","replay_gain":-12.4603061676},"tags":{"acoustid_id":["87cdeab8-cefe-4b82-a7b5-f3e4b03a968b"],"album":["Best Of, Volume 1"],"albumartist":["Van Halen"],"albumartistsort":["Van Halen"],"artist":["Van Halen"],"artists":["Van Halen"],"artistsort":["Van Halen"],"asin":["B000024Q7W"],"barcode":["093624647423"],"catalognumber":["9362 46474-2"],"composer":["Eddie Van Halen","Michael Anthony","Sammy Hagar","Alex Van Halen"],"composersort":["Van Halen, Eddie","Anthony, Michael","Hagar, Sammy","Van Halen, Alex"],"date":["1996-10-18"],"discnumber":["1"],"disctotal":["1"],"file_name":"12 Poundcake.flac","genre":["Hard Rock"],"grouping":["Rock"],"label":["Warner Bros. Records"],"media":["CD"],"mood":["Upbeat; Energetic"],"musicbrainz_albumartistid":["b665b768-0d83-4363-950c-31ed39317c15"],"musicbrainz_albumid":["7eee5007-8f8b-3c17-8d74-576dbad62a13"],"musicbrainz_artistid":["b665b768-0d83-4363-950c-31ed39317c15"],"musicbrainz_recordingid":["1517412c-a5e5-462d-b042-2d98bbab46c9"],"musicbrainz_releasegroupid":["3551fd70-dc1d-3b3b-beeb-0f4a5c16d3de"],"musicbrainz_releasetrackid":["b61e2a09-4676-39a8-a844-230bfcf0923a"],"musicbrainz_workid":["704feed0-8f1f-3a71-a995-8bf187bbc60f"],"originaldate":["1996-10-17"],"originalyear":["1996"],"performer":["Sammy Hagar (acoustic guitar and guitar)","Sammy Hagar (vocals)"],"releasecountry":["DE"],"releasestatus":["official"],"releasetype":["album","compilation"],"replaygain_album_gain":["-8.63 dB"],"replaygain_album_peak":["1.000000"],"replaygain_track_gain":["-8.72 dB"],"replaygain_track_peak":["1.000000"],"script":["Latn"],"title":["Poundcake"],"totaldiscs":["1"],"totaltracks":["17"],"tracknumber":["12"],"tracktotal":["17"],"work":["Poundcake"]},"version":{"essentia":"2.1-beta1","essentia_build_sha":"50a0fbec89d6a9cedea3d45b6611406f7e8c7b1a","essentia_gi