{"lowlevel":{"average_loudness":0.861836016178,"barkbands":{"dmean":[0.0000661273734295,0.0011783541413,0.0011555358069,0.000954073562752,0.00152571569197,0.000279324245639,0.000400866410928,0.00065494509181,0.000230039891903,0.000128586238134,0.000108452244604,0.000143188328366,0.000226540811127,0.000203379939194,0.00011484418792,0.000129190986627,0.000267525523668,0.000316002755426,0.000409071071772,0.000273764919257,0.000183343145181,0.000121371835121,0.0000816783940536,0.0000535431827302,0.0000489024168928,0.0000353016766894,0.00000454629571323],"dmean2":[0.000109713291749,0.00202262843959,0.00198288960382,0.00162042619195,0.00250834203325,0.00044478388736,0.000639641541056,0.000984205282293,0.000378966564313,0.000206243334105,0.000172455489519,0.000227247975999,0.000351641676389,0.000319814222166,0.000183594558621,0.000211285892874,0.000418845680542,0.000485353695694,0.000626071181614,0.000469886115752,0.00031087899697,0.000178825517651,0.000120842138131,0.0000776051965659,0.0000680201192154,0.0000479389600514,0.00000667355152473],"dvar":[1.6819042159e-8,0.00000536259130968,0.00000445084151579,0.00000207182688428,0.00000797197481006,3.34125871859e-7,0.00000133058745178,0.00000446088188255,5.80532230288e-7,1.53969551775e-7,2.60316653566e-7,2.89506800755e-7,5.79827712954e-7,2.70881429287e-7,8.63738804924e-8,6.96988919913e-8,3.04698716036e-7,5.06850426518e-7,8.11034340131e-7,4.08185513834e-7,2.267017436e-7,1.01987424728e-7,3.85977010353e-8,1.97193674722e-8,2.2517506082e-8,9.32123533914e-9,1.17839626945e-10],"dvar2":[4.1551313501e-8,0.0000147540522448,0.0000123255576909,0.00000564755600863,0.0000205370397452,8.46564375934e-7,0.00000329143881572,0.00000937752611208,0.00000155215798259,3.85525936508e-7,6.66320147502e-7,7.14784675893e-7,0.00000142684632465,6.63115883981e-7,2.1474119194e-7,1.80396199312e-7,6.80063465097e-7,0.00000113766031973,0.00000168173573911,0.00000113029523163,6.17371142653e-7,2.31194448475e-7,7.99513770744e-8,3.96212840315e-8,3.99347719338e-8,1.5352425109e-8,2.44090025969e-10],"max":[0.00178021355532,0.025680989027,0.0324320197105,0.0185593869537,0.0366833508015,0.0136661771685,0.0205560456961,0.056042894721,0.0165296252817,0.00905595161021,0.011067760177,0.0152808558196,0.0209368877113,0.0112303290516,0.00628198403865,0.00820594187826,0.00943509861827,0.017456786707,0.0155239021406,0.0116843944415,0.00738916872069,0.00583103904501,0.00410568807274,0.00380256562494,0.00454358384013,0.00350139196962,0.000155531553901],"mean":[0.0000659129218548,0.00169529684354,0.00176532915793,0.00186626694631,0.00271629984491,0.000500763242599,0.000534143124241,0.000915355049074,0.000306373141939,0.000180146103958,0.000145192534546,0.000209685837035,0.000349301903043,0.000308988237521,0.000179699956789,0.000244646449573,0.000487279088702,0.000520477246027,0.000757167930715,0.000457276328234,0.000317991158227,0.000200336580747,0.000138790390338,0.0000855479738675,0.0000773094288888,0.000046677323553,0.00000466093661089],"median":[0.0000148694834934,0.000933363859076,0.000961331126746,0.00124502996914,0.00181758217514,0.000290346157271,0.0001801882172,0.00011797035404,0.000114812515676,0.0000501180620631,0.0000106513944047,0.0000480257294839,0.0000365358901036,0.00010007552919,0.0000834213424241,0.000179047623533,0.00025958562037,0.000139288749779,0.000348107540049,0.000329915608745,0.000229396173381,0.000070769485319,0.0000523795606568,0.0000203946510737,0.0000139485364343,0.00000522980280948,2.90542686798e-7],"min":[1.54209780722e-26,1.72348910623e-24,1.26806442147e-24,6.65831736165e-25,5.25464351044e-24,7.97661989682e-24,3.64689686509e-24,5.34656118869e-24,1.57041459188e-23,1.01992236644e-23,1.09431258089e-23,2.20931950767e-23,2.20326405359e-23,2.65170733907e-23,4.92874329794e-23,4.54560270706e-23,6.56138907559e-23,6.21964758947e-23,1.29116625646e-22,1.64797384991e-22,2.25695553608e-22,3.16997027357e-22,3.34936229213e-22,5.68215374071e-22,8.61786690909e-22,1.15011709357e-21,1.96619922836e-21],"var":[1.75853784867e-8,0.00000598506494498,0.00000557363409825,0.0000043606573854,0.0000109181528387,5.35093306553e-7,0.00000173645173618,0.00000938039738685,6.29521082374e-7,2.39488116449e-7,4.37218574234e-7,4.60193575691e-7,0.0000013483870589,4.92301751365e-7,1.23589302348e-7,9.36333321988e-8,6.02270063155e-7,9.94231299956e-7,0.00000179363371444,4.29775980137e-7,2.2032385516e-7,1.45910249216e-7,6.55968577234e-8,3.80995999194e-8,5.09651485459e-8,2.04678745064e-8,1.55040785765e-10]},"barkbands_crest":{"dmean":2.11972308159,"dmean2":3.47755241394,"dvar":4.02271413803,"dvar2":10.344370842,"max":24.6226062775,"mean":9.28553771973,"median":8.602891922,"min":2.50831699371,"var":13.356795311},"barkbands_flatness_db":{"dmean":0.0160326231271,"dmean2":0.0243896692991,"dvar":0.000218868590309,"dvar2":0.000465933786472,"max":0.368374884129,"mean":0.116593323648,"median":0.107183143497,"min":0.0276579521596,"var":0.00209868163802},"barkbands_kurtosis":{"dmean":1.36574876308,"dmean2":2.13711929321,"dvar":4.64719200134,"dvar2":9.60017681122,"max":60.3800811768,"mean":1.38497519493,"median":0.0958766192198,"min":-1.90263319016,"var":23.5561351776},"barkbands_skewness":{"dmean":0.4206186831,"dmean2":0.642189502716,"dvar":0.171210363507,"dvar2":0.381048113108,"max":7.16236162186,"mean":1.10825932026,"median":1.12986254692,"min":-4.38217544556,"var":1.15111124516},"barkbands_spread":{"dmean":6.90781974792,"dmean2":10.8388795853,"dvar":58.1840515137,"dvar2":130.205078125,"max":132.451522827,"mean":35.7822532654,"median":34.8712730408,"min":1.06513726711,"var":199.134979248},"dissonance":{"dmean":0.00950499996543,"dmean2":0.0159230716527,"dvar":0.000111241744889,"dvar2":0.000300701387459,"max":0.500000059605,"mean":0.479177385569,"median":0.485040545464,"min":0.323448210955,"var":0.000354313233402},"dynamic_complexity":4.2692232132,"erbbands":{"dmean":[0.0234392303973,0.30925270915,1.15008914471,2.2072789669,4.42407369614,5.4235033989,3.34398508072,2.31115150452,3.67641329765,10.4112110138,12.6797094345,5.75481891632,3.7040886879,3.6593670845,5.00472450256,5.23763990402,9.78272628784,8.85792636871,9.02240180969,4.97268772125,7.65646028519,15.1894016266,18.488822937,16.0655345917,20.4281387329,12.5977907181,9.04771900177,5.97394227982,4.66921329498,3.30897378922,2.16406798363,1.59573960304,0.640079796314,0.552283585072,0.352939456701,0.197387769818,0.0559431351721,0.00850107613951,0.000735836685635,0.0000363078652299],"dmean2":[0.0402519926429,0.532679438591,1.97866904736,3.72775840759,7.45430469513,8.95179080963,5.38992118835,3.63488388062,5.83044290543,16.1850643158,19.1027412415,9.43647670746,5.98295450211,5.78369379044,7.95341825485,8.12815093994,15.1835241318,13.433795929,14.3816986084,8.0365524292,12.444316864,23.2718200684,28.3337593079,24.3926391602,31.5957355499,21.562046051,15.6312141418,9.79563522339,6.9980430603,4.87097644806,3.18167066574,2.33196926117,0.917237758636,0.785732388496,0.486577659845,0.265301913023,0.0769375935197,0.0121556278318,0.00106949254405,0.0000531865553057],"dvar":[0.00276786345057,0.361349791288,4.70342636108,11.0231208801,84.8974227905,84.7694091797,56.4079933167,20.4350547791,90.8536071777,961.387939453,1924.60656738,441.818145752,132.618225098,134.610778809,383.075256348,427.796112061,1035.21496582,622.708435059,507.786468506,196.234146118,157.701889038,985.651184082,1834.046875,1562.9395752,1835.36022949,936.711242676,509.774627686,281.91217041,172.293395996,61.6415977478,30.5788574219,16.600227356,3.16905140877,2.73813462257,1.21009814739,0.382138580084,0.0195240080357,0.000373297050828,0.00000300846727441,7.09607395066e-9],"dvar2":[0.00755424844101,0.999053657055,13.0060243607,29.8405609131,223.625228882,223.491317749,140.039093018,50.0331115723,237.623458862,2293.52807617,4052.88696289,1193.9296875,330.114532471,323.356170654,984.081665039,1017.19598389,2610.50195313,1505.76416016,1244.68847656,521.904846191,395.173400879,2177.20092773,4083.26928711,3296.09448242,4059.71557617,2616.65136719,1416.91748047,747.468444824,409.081481934,131.78956604,62.09790802,34.7252426147,6.09455347061,5.2562084198,2.10800266266,0.627311646938,0.0328139290214,0.000709259766154,0.00000615239741819,1.58425788044e-8],"max":[0.517669856548,7.08527374268,33.0895309448,36.4222373962,116.689674377,135.767044067,211.653320313,119.791778564,293.066558838,550.941162109,1209.36328125,461.608917236,355.893249512,220.277572632,452.227325439,630.40045166,735.192626953,469.897125244,620.761474609,446.889862061,268.614044189,605.476806641,1172.63427734,773.063720703,756.31463623,387.338165283,393.20501709,248.980041504,255.183181763,144.006057739,127.753593445,118.937728882,50.6304473877,44.5809936523,32.8156929016,24.4954891205,4.40424728394,0.413757830858,0.0312601625919,0.00117629533634],"mean":[0.0292761977762,0.46071356535,1.85916042328,4.61213541031,7.81461668015,9.30405807495,5.66678905487,4.25634622574,5.54170179367,13.9917373657,18.1349143982,7.8360581398,5.6233997345,5.49982976913,7.1256685257,8.65320491791,16.0233001709,14.6672134399,14.8136367798,9.08694934845,16.2674045563,28.9336891174,31.3769836426,29.5755767822,37.7244186401,21.4773769379,15.8936109543,9.67092704773,7.40605115891,5.7512345314,3.61074852943,2.56526899338,1.00234115124,0.843705356121,0.548401355743,0.277085870504,0.0694875866175,0.00948106870055,0.000779710360803,0.0000520531866641],"median":[0.0128965880722,0.274235069752,1.14471042156,3.28273820877,5.47009801865,5.97171258926,3.07189750671,2.37127923965,2.37548160553,3.56129980087,2.97001290321,2.95577168465,1.99693548679,1.2622256279,0.843017578125,2.13242530823,1.96325445175,3.78617954254,6.99353456497,5.58692836761,12.7716741562,14.6675453186,8.50915336609,13.7628469467,19.0841274261,15.5285921097,12.4000339508,5.49814081192,2.69112753868,2.23614168167,1.22478795052,0.686545491219,0.217490956187,0.157851830125,0.0936700254679,0.0357813313603,0.00632549636066,0.000650148023851,0.0000634338794043,0.0000212866034417],"min":[5.23297476356e-23,2.06985539985e-22,1.7538698815e-21,2.73059045085e-21,7.18011350948e-21,1.58817062023e-20,3.90260194087e-20,8.87449185854e-20,5.86575421229e-20,1.08287855426e-19,1.96868300779e-19,3.04873105339e-19,5.07912108863e-19,8.39403240079e-19,1.03294623602e-18,1.20104856844e-18,1.45178583047e-18,1.35864570708e-18,2.16208137637e-18,3.53125636887e-18,2.63790502962e-18,4.63608222197e-18,4.28896166818e-18,5.74840688092e-18,6.31476586581e-18,8.12476153676e-18,8.77926488772e-18,9.07541622653e-18,1.07752227545e-17,1.01298887006e-17,8.87739084224e-18,9.86353323465e-18,9.78679734359e-18,7.59810391255e-18,6.31529153909e-18,4.1053230227e-18,2.14109228871e-18,8.28746879043e-19,2.38029622315e-19,2.66967485914e-20],"var":[0.00255981879309,0.405159115791,5.49571895599,22.6108913422,99.7668304443,128.443191528,82.0063095093,40.7534675598,125.225402832,1382.26318359,3926.08740234,453.923828125,192.042190552,240.539382935,624.478271484,721.242553711,2435.91967773,1299.37805176,831.698669434,212.945068359,306.624389648,2065.27734375,3667.52172852,2990.7253418,3932.9128418,916.111450195,489.404724121,277.238525391,215.30430603,102.5730896,51.1587409973,29.3060779572,6.77368354797,5.72899103165,2.75466823578,0.863158941269,0.0391854345798,0.000585160916671,0.00000408604000768,9.23675624875e-9]},"erbbands_crest":{"dmean":1.97943127155,"dmean2":3.22700190544,"dvar":4.52865695953,"dvar2":11.3416233063,"max":29.1521282196,"mean":7.69555330276,"median":6.36837673187,"min":2.42996001244,"var":16.0240879059},"erbbands_flatness_db":{"dmean":0.014363870956,"dmean2":0.0208851452917,"dvar":0.000207089426112,"dvar2":0.000416173017584,"max":0.340564578772,"mean":0.145450636744,"median":0.141008079052,"min":0.0346950180829,"var":0.00183060497511},"erbbands_kurtosis":{"dmean":0.845066785812,"dmean2":1.33056366444,"dvar":1.38700830936,"dvar2":3.03629207611,"max":36.9643859863,"mean":0.154003843665,"median":-0.427901208401,"min":-1.76835143566,"var":4.84701156616},"erbbands_skewness":{"dmean":0.341852754354,"dmean2":0.530288398266,"dvar":0.107179157436,"dvar2":0.249346345663,"max":2.85182380676,"mean":-0.572238266468,"median":-0.603523910046,"min":-5.33551120758,"var":0.610525548458},"erbbands_spread":{"dmean":8.68370723724,"dmean2":13.5169658661,"dvar":72.9725952148,"dvar2":168.702865601,"max":124.123275757,"mean":49.737071991,"median":49.5884933472,"min":4.45625495911,"var":325.69619751},"gfcc":{"cov":[[51038.3710938,2103.83618164,-4198.12353516,2710.07958984,-2241.91967773,223.649414063,-1478.21862793,399.283081055,-890.090087891,213.058441162,-1094.23962402,-413.110870361,-717.006347656],[2103.83618164,1501.59179688,-603.145812988,207.225234985,206.614135742,-210.103561401,171.033782959,-48.7377281189,30.8293533325,-73.3502807617,-30.174407959,-101.133804321,90.9539108276],[-4198.12353516,-603.145812988,984.551391602,-225.822601318,202.285934448,58.5081214905,42.5217170715,26.3353099823,76.2288894653,71.429725647,12.0606355667,44.5664749146,72.7747421265],[2710.07958984,207.225234985,-225.822601318,486.343200684,-64.9866027832,-60.3858451843,-91.2693405151,-29.5325908661,4.0508890152,18.3423919678,-85.923286438,-64.1195831299,35.9089202881],[-2241.91967773,206.614135742,202.285934448,-64.9866027832,486.434967041,-48.4668693542,180.714523315,-21.5793533325,35.3759765625,-0.760603606701,-5.66997861862,-9.794298172,92.0952682495],[223.649414063,-210.103561401,58.5081214905,-60.3858451843,-48.4668693542,257.591217041,31.1102428436,45.8618125916,-33.3906326294,18.2834033966,27.9055576324,20.4773635864,-27.3581562042],[-1478.21862793,171.033782959,42.5217170715,-91.2693405151,180.714523315,31.1102428436,280.431610107,-26.7991085052,-12.7389240265,-0.448020607233,31.0410804749,-1.72978651524,48.1228752136],[399.283081055,-48.7377281189,26.3353099823,-29.5325908661,-21.5793533325,45.8618125916,-26.7991085052,129.697769165,50.7315673828,7.8758893013,-0.0989133566618,12.2438774109,-23.5179767609],[-890.090087891,30.8293533325,76.2288894653,4.0508890152,35.3759765625,-33.3906326294,-12.7389240265,50.7315673828,170.57069397,11.4558200836,18.2812995911,-2.23101329803,10.6037893295],[213.058441162,-73.3502807617,71.429725647,18.3423919678,-0.760603606701,18.2834033966,-0.448020607233,7.8758893013,11.4558200836,89.0139007568,3.16890358925,-6.7990489006,-9.46424674988],[-1094.23962402,-30.174407959,12.0606355667,-85.923286438,-5.66997861862,27.9055576324,31.0410804749,-0.0989133566618,18.2812995911,3.16890358925,115.812103271,39.6352882385,-20.1408729553],[-413.110870361,-101.133804321,44.5664749146,-64.1195831299,-9.794298172,20.4773635864,-1.72978651524,12.2438774109,-2.23101329803,-6.7990489006,39.6352882385,77.4896850586,-3.00864577293],[-717.006347656,90.9539108276,72.7747421265,35.9089202881,92.0952682495,-27.3581562042,48.1228752136,-23.5179767609,10.6037893295,-9.46424674988,-20.1408729553,-3.00864577293,104.026435852]],"icov":[[0.000158270078828,-0.000279793719528,0.000311768846586,-0.000465797958896,0.000274959107628,-0.000310229108436,0.000369160668924,-0.000568809977267,0.000689181266353,-0.000740059826057,0.00125531316735,-0.00052957382286,0.000743965618312],[-0.000279793719528,0.00199435162358,0.000461366289528,0.000687596504577,-0.00100643734913,0.00133716524579,-0.00133052607998,0.000607868423685,-0.00150464952458,0.00165759492666,-0.00264037796296,0.00216875202022,-0.00238104071468],[0.000311768846586,0.000461366289528,0.0029082314577,-0.0000834570237203,-0.000326588109601,-0.000572362740058,0.000864169851411,-0.00112378085032,0.000512083526701,-0.00275277951732,0.00277341902256,-0.000837918953039,-0.000565372407436],[-0.000465797958896,0.000687596504577,-0.0000834570237203,0.00477703940123,-0.000606356712524,0.000752012303565,0.0000877501006471,0.00240973336622,-0.0025796550326,0.000559200707357,-0.00215327879414,0.00267431745306,-0.00418927380815],[0.000274959107628,-0.00100643734913,-0.000326588109601,-0.000606356712524,0.00407582195476,-0.0000432914057455,-0.00108804227784,-0.00099105713889,0.000913417781703,-0.0012420885032,0.00265861302614,-0.000939235673286,0.000153916931595],[-0.000310229108436,0.00133716524579,-0.000572362740058,0.000752012303565,-0.0000432914057455,0.00617036828771,-0.00224132603034,-0.00149489147589,0.000304973655147,0.00106138258707,-0.0037026014179,0.00153371621855,-0.00141363963485],[0.000369160668924,-0.00133052607998,0.000864169851411,0.0000877501006471,-0.00108804227784,-0.00224132603034,0.00706350523978,-0.000396496878238,0.00221091951244,-0.00255650002509,0.00158602709416,-0.000492580176797,-0.0000756265508244],[-0.000568809977267,0.000607868423685,-0.00112378085032,0.00240973336622,-0.00099105713889,-0.00149489147589,-0.000396496878238,0.0131895244122,-0.00661875121295,0.002237604931,-0.00177772843745,-0.000519629684277,-0.000329128233716],[0.000689181266353,-0.00150464952458,0.000512083526701,-0.0025796550326,0.000913417781703,0.000304973655147,0.00221091951244,-0.00661875121295,0.0113873695955,-0.00359208672307,0.00249005644582,-0.000759434828069,0.00232301512733],[-0.000740059826057,0.00165759492666,-0.00275277951732,0.000559200707357,-0.0012420885032,0.00106138258707,-0.00255650002509,0.002237604931,-0.00359208672307,0.0169587507844,-0.00707118026912,0.00437513785437,-0.00108363572508],[0.00125531316735,-0.00264037796296,0.00277341902256,-0.00215327879414,0.00265861302614,-0.0037026014179,0.00158602709416,-0.00177772843745,0.00249005644582,-0.00707118026912,0.0234919097275,-0.0107288956642,0.00864177662879],[-0.00052957382286,0.00216875202022,-0.000837918953039,0.00267431745306,-0.000939235673286,0.00153371621855,-0.000492580176797,-0.000519629684277,-0.000759434828069,0.00437513785437,-0.0107288956642,0.0207887925208,-0.00553856510669],[0.000743965618312,-0.00238104071468,-0.000565372407436,-0.00418927380815,0.000153916931595,-0.00141363963485,-0.0000756265508244,-0.000329128233716,0.00232301512733,-0.00108363572508,0.00864177662879,-0.00553856510669,0.0192943289876]],"mean":[-68.1311798096,69.3240509033,-111.265083313,56.4839324951,-47.7460784912,-3.48702025414,-38.9795188904,6.6788315773,-26.6403846741,1.086784482,-20.8341293335,-5.70733976364,-17.9560337067]},"hfc":{"dmean":6.85914754868,"dmean2":9.53289413452,"dvar":153.918243408,"dvar2":318.899871826,"max":177.809814453,"mean":17.7551345825,"median":10.7195339203,"min":1.05879217668e-16,"var":404.781982422},"melbands":{"dmean":[0.000266611867119,0.00052308535669,0.00040337163955,0.000371075759176,0.000135839654831,0.0000503677729284,0.000063418825448,0.000128834857605,0.0000902570900507,0.0000329621798301,0.000018801601982,0.0000157498852786,0.0000170708244696,0.0000157499434863,0.000015881652871,0.000025035949875,0.000016576359485,0.0000172102991201,0.00000675694400343,0.00000823182108434,0.0000100658844531,0.0000155691031978,0.000020707024305,0.0000128396004584,0.0000138731911647,0.0000174216311279,0.0000130335438371,0.00000805023773864,0.0000062824979068,0.00000450692596132,0.00000332888043886,0.00000282046084976,0.000002286041763,0.00000177994240858,0.00000126710165205,0.00000123461256862,9.15344571695e-7,4.64438329573e-7,4.09236520227e-7,5.05608909407e-7],"dmean2":[0.000456867914181,0.000900164945051,0.000679698830936,0.000617498531938,0.000218197557842,0.000079387515143,0.000100546028989,0.000196840017452,0.000137048089528,0.0000542849411431,0.0000302725329675,0.0000249289987551,0.0000273283312708,0.0000249830409302,0.0000247660573223,0.0000383784245059,0.0000254418027907,0.0000277516901406,0.0000107855230453,0.0000134185711431,0.000016645199139,0.0000243903887167,0.0000318780694215,0.000019697321477,0.0000214925239561,0.0000269734573521,0.0000214336523641,0.0000140437650771,0.000010958623534,0.00000767028723203,0.00000544867179997,0.00000431423222835,0.00000336541279466,0.00000269987640422,0.00000188964077097,0.00000181639336461,0.000001360922397,6.79914592183e-7,5.99503039211e-7,7.31801833354e-7],"dvar":[3.00811649367e-7,9.6334895261e-7,3.81817898187e-7,5.19787590747e-7,7.14854593298e-8,9.77041292316e-9,2.73162008568e-8,1.30706169443e-7,9.10469921678e-8,1.51793777547e-8,3.40773764762e-9,2.4522048836e-9,5.76277248143e-9,4.07503852884e-9,3.10043546392e-9,8.32187652122e-9,2.46734077614e-9,1.99321825711e-9,2.91200508151e-10,4.85777251757e-10,2.59129911973e-10,9.51302592256e-10,2.2972737046e-9,8.81257178342e-10,1.28889754425e-9,1.4532977044e-9,8.13987099946e-10,4.2223660679e-10,2.39373604272e-10,1.32406766107e-10,9.75732758479e-11,6.35160049556e-11,3.39193499677e-11,1.68620742369e-11,1.06155943411e-11,1.06916671697e-11,5.39982208253e-12,1.55283490059e-12,1.79667760704e-12,2.27858812547e-12],"dvar2":[8.24325070425e-7,0.00000267316363534,0.00000101675937003,0.00000137409051604,1.75213699549e-7,2.40653061923e-8,7.0066448643e-8,2.98194720472e-7,1.94696511358e-7,4.09626359499e-8,8.50748538284e-9,5.87478865555e-9,1.50289061196e-8,1.03137107743e-8,7.03240576883e-9,2.04560812733e-8,6.07015593346e-9,4.87047691067e-9,7.1969807891e-10,1.32446265066e-9,6.68526844994e-10,2.16377649132e-9,5.22573140316e-9,1.95181604212e-9,2.79839618145e-9,3.02062286295e-9,2.0627288766e-9,1.20587817509e-9,6.73069155965e-10,3.60196955596e-10,2.59574972628e-10,1.54258106289e-10,7.43265032854e-11,3.7643579226e-11,2.20111394389e-11,2.29069055391e-11,1.15920580426e-11,3.10909219377e-12,3.57830974053e-12,4.5494450221e-12],"max":[0.00593253504485,0.0139202782884,0.00805023219436,0.00991367269307,0.00694267870858,0.00263765524141,0.00423877499998,0.00608430663124,0.00845476891845,0.00265567144379,0.00174933555536,0.00103175151162,0.00176328001544,0.00223740097135,0.0012157894671,0.0027866140008,0.00105997896753,0.00125545670744,0.000572693534195,0.00077479891479,0.000316248624586,0.000608587055467,0.000888006004971,0.000651795591693,0.000734746747185,0.000692089903168,0.000716717506293,0.000292254262604,0.000258272135397,0.000194603271666,0.000146692967974,0.000139684227179,0.000107224914245,0.0000660729492665,0.0000659670331515,0.000104778853711,0.0000582324391871,0.0000362243372365,0.000041334922571,0.0000474756743643],"mean":[0.000377708784072,0.00086922571063,0.000880177074578,0.000665834231768,0.000236042353208,0.0000921745449887,0.0000920643651625,0.000176703673787,0.000128576895804,0.0000434229696111,0.0000276773298538,0.0000226315951295,0.0000232099519053,0.0000229570523516,0.0000249180484388,0.0000388472908526,0.0000255706090684,0.0000264828886429,0.0000109762886495,0.0000143727529576,0.0000195394550246,0.000028763723094,0.0000335767617798,0.0000212284812733,0.0000236899522861,0.00003106191798,0.0000218408949877,0.0000123441286632,0.0000103716638478,0.00000755882183512,0.0000048780589168,0.00000424757718065,0.00000368119935956,0.00000297897281598,0.00000199741771212,0.00000195849224838,0.00000140701661167,6.98192195614e-7,5.98789881678e-7,7.50535832594e-7],"median":[0.000196596345631,0.000592908822,0.000706935650669,0.000469754508231,0.000141149997944,0.0000512921033078,0.0000366598833352,0.0000374193004973,0.0000229299603234,0.0000160256495292,0.00000927160181163,0.00000525573341292,0.00000201037323677,0.00000443448516307,0.00000510295376444,0.00000348688217855,0.00000706721766619,0.0000119924243336,0.00000539455777471,0.0000095897967185,0.0000149099414557,0.0000157661415869,0.00000908831316337,0.00000571074679101,0.0000109282818812,0.00001400567362,0.0000127219973365,0.00000882350741449,0.00000795654887042,0.00000544359681953,0.0000022119525056,0.00000154987606038,0.00000107884636691,0.00000119981461921,6.31583873201e-7,5.63606931792e-7,3.23644542277e-7,1.3823157019e-7,1.04928730593e-7,1.37190781402e-7],"min":[7.5469060625e-25,5.77176145673e-25,6.1243167073e-25,7.22459475296e-25,1.03244399503e-24,1.80231544054e-24,7.58960069381e-25,9.06942535895e-25,1.94031344249e-24,2.19049633984e-24,1.60142244609e-24,2.56001929823e-24,2.30933784078e-24,2.48948487811e-24,2.2145585696e-24,2.77661466761e-24,1.33714260435e-24,2.35703769593e-24,4.41932264221e-24,3.87345337833e-24,2.80698975677e-24,4.31292581648e-24,3.63583664077e-24,2.74121019575e-24,4.03210553372e-24,4.69488122273e-24,3.80800001131e-24,4.85669592149e-24,4.76855570369e-24,4.05768829287e-24,3.8319072299e-24,4.90823851531e-24,5.37837555457e-24,5.1181299475e-24,4.94846134958e-24,4.43609895265e-24,5.24997937034e-24,5.85730760405e-24,5.55377207153e-24,5.22735365629e-24],"var":[3.16956885626e-7,0.00000106574202619,7.3300486747e-7,6.65304526137e-7,1.10760701943e-7,1.88029964932e-8,3.72654369585e-8,2.22639997105e-7,1.81764619356e-7,1.52441508305e-8,5.0503929927e-9,4.23827195561e-9,9.28997767602e-9,6.14053474735e-9,5.93316951125e-9,1.97278424707e-8,4.5136823168e-9,3.15091597258e-9,4.38129504898e-10,4.73398098499e-10,4.64261101785e-10,1.91736937438e-9,4.40540937063e-9,1.69768465952e-9,2.26778240631e-9,3.17697312902e-9,1.27957500151e-9,3.56019935754e-10,2.20269941176e-10,1.28033750268e-10,9.18946377326e-11,7.44084238669e-11,5.28659754861e-11,2.67163565576e-11,1.68948154078e-11,1.70994971654e-11,9.53340271309e-12,3.18676964157e-12,3.55477344609e-12,4.43678470699e-12]},"melbands_crest":{"dmean":2.84322023392,"dmean2":4.63102769852,"dvar":7.03789138794,"dvar2":18.2938041687,"max":33.9209709167,"mean":14.1124010086,"median":13.7397842407,"min":1.55142080784,"var":24.4637699127},"melbands_flatness_db":{"dmean":0.0206046998501,"dmean2":0.0314173623919,"dvar":0.000383862236049,"dvar2":0.000840235385112,"max":0.505251705647,"mean":0.173401460052,"median":0.16838657856,"min":0.00238538882695,"var":0.0042015677318},"melbands_kurtosis":{"dmean":4.82006883621,"dmean2":7.61912107468,"dvar":39.2626533508,"dvar2":93.0615234375,"max":128.262420654,"mean":10.6002969742,"median":7.96503543854,"min":-1.8636341095,"var":120.782234192},"melbands_skewness":{"dmean":0.623822391033,"dmean2":0.962054491043,"dvar":0.368724346161,"dvar2":0.857835650444,"max":9.36740207672,"mean":2.800968647,"median":2.81960082054,"min":-1.70561015606,"var":1.92462074757},"melbands_spread":{"dmean":9.91850852966,"dmean2":15.4977903366,"dvar":149.944519043,"dvar2":335.004180908,"max":228.803817749,"mean":37.6184959412,"median":30.7731513977,"min":1.06580233574,"var":750.216308594},"mfcc":{"cov":[[18212.4707031,691.635253906,-150.931549072,1254.92749023,-134.972702026,366.502716064,-48.2352676392,-94.8163146973,-20.1706867218,357.30279541,-118.468650818,-78.1907653809,-206.41859436],[691.635253906,1419.93041992,-341.907928467,377.990234375,53.9488792419,3.19189500809,104.842842102,17.9584293365,122.348731995,-0.428180605173,-32.2681121826,19.5064525604,-30.512014389],[-150.931549072,-341.907928467,459.141815186,-108.86289978,27.0935688019,-19.2830429077,-52.9383239746,-29.4041595459,-26.5028018951,20.7663650513,-0.927747368813,-12.8314495087,22.5479850769],[1254.92749023,377.990234375,-108.86289978,569.70904541,76.1366424561,47.1641998291,-39.9215660095,-104.020858765,97.3070144653,68.0535354614,-125.962471008,-14.5075998306,2.93023490906],[-134.972702026,53.9488792419,27.0935688019,76.1366424561,236.427612305,-14.2728338242,-30.6072921753,-0.0517613068223,44.8825454712,32.8981170654,-8.79756641388,-15.7458696365,-4.7053861618],[366.502716064,3.19189500809,-19.2830429077,47.1641998291,-14.2728338242,153.361755371,86.9429550171,-18.4804344177,31.281332016,16.1327648163,-39.7103385925,24.9590435028,3.643481493],[-48.2352676392,104.842842102,-52.9383239746,-39.9215660095,-30.6072921753,86.9429550171,219.621643066,16.566444397,46.5931282043,-21.9711399078,-34.311668396,43.5629425049,11.8381080627],[-94.8163146973,17.9584293365,-29.4041595459,-104.020858765,-0.0517613068223,-18.4804344177,16.566444397,141.035385132,-14.972735405,-17.6449451447,53.7010040283,4.55207967758,7.13532161713],[-20.1706867218,122.348731995,-26.5028018951,97.3070144653,44.8825454712,31.281332016,46.5931282043,-14.972735405,154.939666748,48.5317687988,-58.3351745605,4.52902841568,-1.67752552032],[357.30279541,-0.428180605173,20.7663650513,68.0535354614,32.8981170654,16.1327648163,-21.9711399078,-17.6449451447,48.5317687988,109.879081726,-0.604486584663,-7.4237985611,-7.747174263],[-118.468650818,-32.2681121826,-0.927747368813,-125.962471008,-8.79756641388,-39.7103385925,-34.311668396,53.7010040283,-58.3351745605,-0.604486584663,152.942230225,34.7014007568,-5.34801626205],[-78.1907653809,19.5064525604,-12.8314495087,-14.5075998306,-15.7458696365,24.9590435028,43.5629425049,4.55207967758,4.52902841568,-7.4237985611,34.7014007568,89.6234130859,28.9501991272],[-206.41859436,-30.512014389,22.5479850769,2.93023490906,-4.7053861618,3.643481493,11.8381080627,7.13532161713,-1.67752552032,-7.747174263,-5.34801626205,28.9501991272,67.3868560791]],"icov":[[0.0000817524269223,0.00000149650281855,-0.0000495210842928,-0.000242840702413,0.000112216330308,-0.000147510683746,-0.0000412106564909,-0.000156515481649,0.000207612160011,-0.000222379734623,-0.0000349753499904,0.00000327104271491,0.000293275224976],[0.00000149650281855,0.00119149929378,0.000484376214445,-0.000983751844615,-0.0000592300675635,0.000633198709693,-0.000835247861687,-0.000378450553399,-0.000517927808687,0.000480428425362,-0.000628972658888,0.0000201277944143,0.000556991493795],[-0.0000495210842928,0.000484376214445,0.00295497686602,0.000778387999162,-0.00058447936317,0.000243424408836,0.000399907468818,0.000889366609044,0.0000665796178509,-0.000621256476734,0.000470497267088,0.000165932433447,-0.00127708038781],[-0.000242840702413,-0.000983751844615,0.000778387999162,0.00465526385233,-0.000977743300609,-0.000655733165331,0.0021828240715,0.00206436682492,-0.000724545738194,-0.000937248754781,0.00282602757215,-0.000831427460071,-0.00183136539999],[0.000112216330308,-0.0000592300675635,-0.00058447936317,-0.000977743300609,0.00508862594143,0.000155794768943,0.000365365034668,-0.000796968000941,-0.00115609378554,-0.000664108782075,-0.000618262274656,0.000670098292176,0.000480027811136],[-0.000147510683746,0.000633198709693,0.000243424408836,-0.000655733165331,0.000155794768943,0.0104158837348,-0.00404761685058,0.000366647029296,0.000372986542061,-0.00173962768167,0.00187998462934,-0.0024477802217,0.000911948329303],[-0.0000412106564909,-0.000835247861687,0.000399907468818,0.0021828240715,0.000365365034668,-0.00404761685058,0.00881797354668,-0.000770404352807,-0.0019760238938,0.00147913908586,0.00280490238219,-0.00329974782653,-0.000195233093109],[-0.000156515481649,-0.000378450553399,0.000889366609044,0.00206436682492,-0.000796968000941,0.000366647029296,-0.000770404352807,0.0102809341624,-0.00125968304928,0.00121916946955,-0.00340618495829,0.00257863430306,-0.0033362202812],[0.000207612160011,-0.000517927808687,0.0000665796178509,-0.000724545738194,-0.00115609378554,0.000372986542061,-0.0019760238938,-0.00125968304928,0.0116945495829,-0.0057262564078,0.00456282962114,-0.00253365188837,0.00187370437197],[-0.000222379734623,0.000480428425362,-0.000621256476734,-0.000937248754781,-0.000664108782075,-0.00173962768167,0.00147913908586,0.00121916946955,-0.0057262564078,0.0141003457829,-0.0040702954866,0.00219157896936,-0.000342333136359],[-0.0000349753499904,-0.000628972658888,0.000470497267088,0.00282602757215,-0.000618262274656,0.00187998462934,0.00280490238219,-0.00340618495829,0.00456282962114,-0.0040702954866,0.0147984204814,-0.00864720810205,0.00358588784002],[0.00000327104271491,0.0000201277944143,0.000165932433447,-0.000831427460071,0.000670098292176,-0.0024477802217,-0.00329974782653,0.00257863430306,-0.00253365188837,0.00219157896936,-0.00864720810205,0.0197152476758,-0.00848174840212],[0.000293275224976,0.000556991493795,-0.00127708038781,-0.00183136539999,0.000480027811136,0.000911948329303,-0.000195233093109,-0.0033362202812,0.00187370437197,-0.000342333136359,0.00358588784002,-0.00848174840212,0.0208046995103]],"mean":[-687.901977539,92.5335617065,-3.49443840981,52.6251564026,8.30772018433,1.74711740017,-3.44896960258,0.457238912582,-3.86117959023,2.61997890472,0.365799427032,-1.90401315689,-4.51147794724]},"pitch_salience":{"dmean":0.0591440722346,"dmean2":0.0960751622915,"dvar":0.00293762213551,"dvar2":0.00768739590421,"max":0.958844661713,"mean":0.587660193443,"median":0.60409706831,"min":0.143575415015,"var":0.0145625239238},"silence_rate_20dB":{"dmean":0,"dmean2":0,"dvar":0,"dvar2":0,"max":1,"mean":1,"median":1,"min":1,"var":0},"silence_rate_30dB":{"dmean":0,"dmean2":0,"dvar":0,"dvar2":0,"max":1,"mean":1,"median":1,"min":1,"var":0},"silence_rate_60dB":{"dmean":0.0147204529494,"dmean2":0.0294450744987,"dvar":0.0145027032122,"dvar2":0.0302792862058,"max":1,"mean":0.178884804249,"median":0,"min":0,"var":0.146886050701},"spectral_centroid":{"dmean":293.753570557,"dmean2":470.011688232,"dvar":99291.28125,"dvar2":228627.625,"max":11996.4023438,"mean":2288.48535156,"median":2066.79980469,"min":194.22505188,"var":2528432},"spectral_complexity":{"dmean":3.93177628517,"dmean2":5.95894670486,"dvar":23.2262325287,"dvar2":50.0789527893,"max":55,"mean":17.8426265717,"median":17,"min":0,"var":129.57208252},"spectral_contrast_coeffs":{"dmean":[0.0477428510785,0.0448126867414,0.0353026390076,0.0293923150748,0.0213293321431,0.0200866274536],"dmean2":[0.078939281404,0.0717660486698,0.0559299103916,0.0469629764557,0.0335996411741,0.0304960571229],"dvar":[0.00164566293824,0.00152209901717,0.00092208298156,0.000585681002121,0.000400062184781,0.000414323003497],"dvar2":[0.00436726445332,0.00367521122098,0.0021704742685,0.00143535772804,0.000829919299576,0.000875713652931],"max":[-0.368158280849,-0.411329299212,-0.464496403933,-0.53331631422,-0.508565306664,-0.592746555805],"mean":[-0.630299985409,-0.749135911465,-0.777888774872,-0.772781789303,-0.783471465111,-0.73833835125],"median":[-0.621935963631,-0.756997227669,-0.783984184265,-0.776725649834,-0.795451641083,-0.721987485886],"min":[-0.982683241367,-0.978640794754,-0.978255867958,-0.972495257854,-0.968107819557,-0.964999318123],"var":[0.00836972612888,0.00715246703476,0.00537821184844,0.00403814297169,0.00391505565494,0.00442122016102]},"spectral_contrast_valleys":{"dmean":[0.405345112085,0.330843448639,0.297204881907,0.248638883233,0.221274405718,0.306575417519],"dmean2":[0.675315797329,0.541668474674,0.473067671061,0.393779218197,0.342185407877,0.393963724375],"dvar":[0.141819044948,0.102626942098,0.0867482796311,0.0718526393175,0.0859224051237,0.158635437489],"dvar2":[0.339440017939,0.219615519047,0.177410170436,0.131645381451,0.163525268435,0.262018024921],"max":[-5.48546123505,-5.43375492096,-5.65932607651,-6.38158273697,-5.31415843964,-7.48545742035],"mean":[-8.24222373962,-7.99912166595,-8.99246883392,-8.87097835541,-7.96905517578,-10.9228534698],"median":[-7.2466173172,-7.06698465347,-8.15856361389,-7.92342758179,-6.85906028748,-10.2127628326],"min":[-28.1328430176,-28.1334285736,-27.8687572479,-27.7012462616,-27.5251922607,-27.3875427246],"var":[12.6183872223,12.433549881,11.2649507523,11.5424852371,12.8872814178,9.70419406891]},"spectral_decrease":{"dmean":1.16021492413e-9,"dmean2":1.77884962316e-9,"dvar":3.00321838701e-18,"dvar2":7.009433385e-18,"max":2.16821506103e-28,"mean":-3.56801099777e-9,"median":-3.09941228238e-9,"min":-2.18796447626e-8,"var":8.40744306647e-18},"spectral_energy":{"dmean":0.00487634027377,"dmean2":0.00737060466781,"dvar":0.0000540716500836,"dvar2":0.000123079764307,"max":0.0957973897457,"mean":0.0150769194588,"median":0.0128487236798,"min":9.90391748463e-21,"var":0.000155857385835},"spectral_energyband_high":{"dmean":0.000544292619452,"dmean2":0.000813595077489,"dvar":0.00000162840399298,"dvar2":0.00000378664981326,"max":0.0192952081561,"mean":0.00106345547829,"median":0.000639733741991,"min":6.88785056579e-21,"var":0.0000025012138849},"spectral_energyband_low":{"dmean":0.00219739810564,"dmean2":0.00374882249162,"dvar":0.0000151754156832,"dvar2":0.000041765790229,"max":0.0511217787862,"mean":0.00449778232723,"median":0.00380861433223,"min":1.27704290102e-23,"var":0.0000200736394618},"spectral_energyband_middle_high":{"dmean":0.00136788061354,"dmean2":0.0019523371011,"dvar":0.00000541249710295,"dvar2":0.0000102706590042,"max":0.0322102680802,"mean":0.00363689661026,"median":0.00181697518565,"min":1.1929423705e-21,"var":0.0000203786130442},"spectral_energyband_middle_low":{"dmean":0.00269202329218,"dmean2":0.00423958012834,"dvar":0.000018248501874,"dvar2":0.0000433764871559,"max":0.063442453742,"mean":0.00687920488417,"median":0.0057800328359,"min":1.47268150992e-22,"var":0.0000410365064454},"spectral_entropy":{"dmean":0.111416548491,"dmean2":0.162777200341,"dvar":0.0150525802746,"dvar2":0.0276277549565,"max":9.82730388641,"mean":7.74991750717,"median":7.76309967041,"min":5.51189756393,"var":0.29501619935},"spectral_flux":{"dmean":0.0168368257582,"dmean2":0.0246814675629,"dvar":0.000411124201491,"dvar2":0.000771349994466,"max":0.229110792279,"mean":0.0606893375516,"median":0.0555042438209,"min":6.36081742833e-11,"var":0.00169485015795},"spectral_kurtosis":{"dmean":1.14485836029,"dmean2":1.92402291298,"dvar":2.40518260002,"dvar2":6.89057397842,"max":37.09167099,"mean":3.43958187103,"median":2.85497808456,"min":-1.27749454975,"var":8.8379573822},"spectral_rms":{"dmean":0.000538151070941,"dmean2":0.000788959732745,"dvar":4.42349318064e-7,"dvar2":9.63637489804e-7,"max":0.0096675157547,"mean":0.00341992382891,"median":0.00354052823968,"min":3.10843343253e-12,"var":0.00000301330373986},"spectral_rolloff":{"dmean":753.829650879,"dmean2":1240.10742188,"dvar":1114963.75,"dvar2":2334883.5,"max":19681.3476563,"mean":2884.49389648,"median":2476.31835938,"min":21.533203125,"var":10173772},"spectral_skewness":{"dmean":0.181581556797,"dmean2":0.286205530167,"dvar":0.0358035564423,"dvar2":0.088022492826,"max":4.63810682297,"mean":1.046454072,"median":1.02335441113,"min":-0.144032344222,"var":0.227593839169},"spectral_spread":{"dmean":533286.5,"dmean2":772196.3125,"dvar":741347950592,"dvar2":1389352452100,"max":43079260,"mean":5469949,"median":4159429,"min":1622977.25,"var":37472134234100},"spectral_strongpeak":{"dmean":0.350251942873,"dmean2":0.603190541267,"dvar":0.610671699047,"dvar2":1.66146624088,"max":10.2624530792,"mean":0.57503092289,"median":0.348541796207,"min":0,"var":0.735904097557},"zerocrossingrate":{"dmean":0.0118500636891,"dmean2":0.0137465270236,"dvar":0.000230998106417,"dvar2":0.000293270888506,"max":0.5302734375,"mean":0.0925263240933,"median":0.07568359375,"min":0.00537109375,"var":0.00636460212991}},"metadata":{"audio_properties":{"analysis_sample_rate":44100,"bit_rate":0,"codec":"flac","downmix":"mix","equal_loudness":0,"length":164.039993286,"lossless":true,"md5_encoded":"4474721bbeb33e89a4bd593e74e62c53","replay_gain":-14.9456348419,"sample_rate":44100},"tags":{"acoustid_id":["c3766773-99f9-4b48-b156-c0bafb665154"],"album":["Leave Home"],"albumartist":["Ramones"],"albumartistsort":["Ramones"],"artist":["Ramones"],"artistsort":["Ramones"],"asin":["B0000076JU"],"barcode":["4988014731423"],"bpm":["93"],"catalognumber":["8122-74307-2"],"date":["2001-06-19"],"discnumber":["1"],"disctotal":["1"],"file_name":"13 - You're Gonna Kill That Girl.flac","genre":["Punk"],"isrc":["USWB10101864"],"label":["Rhino"],"language":["eng"],"media":["CD"],"musicbrainz_albumartistid":["d6ed7887-a401-47a8-893c-34b967444d26"],"musicbrainz_albumid":["2a2f6bc1-8aa1-41c7-8dba-169d62a00111"],"musicbrainz_artistid":["d6ed7887-a401-47a8-893c-34b967444d26"],"musicbrainz_recordingid":["151e85f4-9c62-4fa8-b736-c0514ad6e6d9"],"musicbrainz_releasegroupid":["bc3b5116-300a-3696-919d-bca466a3f143"],"musicbrainz_releasetrackid":["7bd0ba65-f57d-372d-a80f-1c89f24dd34d"],"musicbrainz_workid":["47e5113a-2c32-4824-bb10-37c3ad3860b9"],"musicip_puid":["c7c9c0f3-cd34-8f0e-1268-5c63eefec601"],"originaldate":["1977-01-10"],"originalyear":["1977"],"releasecountry":["US"],"releasestatus":["official"],"releasetype":["album"],"script":["Latn"],"title":["You're Gonna Kill That Girl"],"totaldiscs":["1"],"totaltracks":["31"],"tracknumber":["13"],"tracktotal":["31"],"work":["You're Gonna Kill That Girl"]},"version":{"essentia":"2.1-beta2","essentia_build_sha":"2d9f1f26377add8aeb1075a9c2973f962c4f09fd","essentia_git_sha":"v2.1_beta2-1-ge3940c0","extractor":"music 1.0"}},"rhythm":{"beats_count":273,"beats_loudness":{"dmean":0.0097700888291,"dmean2":0.0161291118711,"dvar":0.000117735471576,"dvar2":0.000307253940