{"lowlevel":{"average_loudness":0.253837168217,"barkbands":{"dmean":[0.000479543203255,0.00194922450464,0.000779644469731,0.000822312606033,0.0024404914584,0.00145817873999,0.00100770732388,0.000520641217008,0.000799896370154,0.000765649310779,0.000393567257561,0.000384513870813,0.000267138471827,0.000151368585648,0.000124609548948,0.0000641847655061,0.0000465651683044,0.0000339606885973,0.0000191621002159,0.00000904145872482,0.00000587986642131,0.00000468995995107,0.00000369604094885,0.00000174004924247,0.00000117408058031,0.00000385829571314,0.00030629360117],"dmean2":[0.000764044641983,0.00311489542946,0.00129915808793,0.00137755856849,0.00378792593256,0.00223818514496,0.00154100591317,0.000826106464956,0.00126923830248,0.00120644399431,0.000615288328845,0.00060762942303,0.000421116768848,0.00024313024187,0.00019354269898,0.000100907906017,0.0000712562832632,0.0000507392433065,0.0000282281198452,0.0000131709957714,0.00000862712931848,0.00000719942772776,0.00000589837827647,0.00000284840393761,0.00000192803054233,0.00000613671136307,0.000424611091148],"dvar":[7.80606058015e-7,0.00000707050185156,0.00000163789650287,0.0000042932733777,0.000033015927329,0.0000160827057698,0.00000924334835872,0.00000235050333686,0.0000052878290262,0.00000470811073683,0.00000136170638143,0.00000189211971247,3.36126305456e-7,1.09966492801e-7,7.17264754257e-8,1.23657333262e-8,6.06602990061e-9,3.29026139667e-9,1.17932097421e-9,4.02660765841e-10,1.01977107314e-10,6.11791659e-11,3.93640398055e-11,8.63646567456e-12,5.59513199661e-12,4.79826837985e-11,2.46729655373e-7],"dvar2":[0.00000186586078144,0.0000176442135853,0.00000443159342467,0.0000115467000796,0.0000760280527174,0.0000367879729311,0.0000211376700463,0.00000540069368071,0.0000132917666633,0.000010916125575,0.00000310970426654,0.00000473376394439,8.19928800411e-7,2.63792856003e-7,1.75564636606e-7,3.09492911299e-8,1.3422413403e-8,7.10856129515e-9,2.55429633e-9,7.40538352861e-10,2.22505985858e-10,1.37436742542e-10,9.12278516618e-11,2.14643476604e-11,1.42417891716e-11,1.0902790476e-10,4.66165005264e-7],"max":[0.0145788984373,0.0299290753901,0.021701131016,0.0446632057428,0.129639700055,0.123898915946,0.0926084965467,0.0570060089231,0.051194421947,0.0448584370315,0.0375047549605,0.0486212819815,0.0146641805768,0.00671760365367,0.00681986426935,0.00189611595124,0.00159440410789,0.00105952273589,0.00165354739875,0.00178003567271,0.000564505520742,0.00010807903891,0.0000868443967192,0.0000418973104388,0.000039314476453,0.000156871727086,0.0172453448176],"mean":[0.00085267733084,0.00337031832896,0.00100764981471,0.00108788243961,0.004753571935,0.00239547505043,0.00157730351202,0.000787073979154,0.00125309592113,0.00113718060311,0.000588779337704,0.000595406105276,0.000457918242319,0.000242163179792,0.000202154420549,0.000101122583146,0.0000787812678027,0.0000522834161529,0.0000304793575197,0.000014418090359,0.00000858373732626,0.00000543355690752,0.00000375239278583,0.000001801123517,0.00000123600671031,0.00000403440799346,0.00061541213654],"median":[0.000224437448196,0.0018244383391,0.000509859935846,0.000348240078893,0.00107155158184,0.000471839564852,0.000377946125809,0.000236011241213,0.000263808236923,0.000160138341016,0.0000920662787394,0.0000996172821033,0.000120830089145,0.000102760204754,0.0000685177510604,0.0000433602654084,0.0000398805714212,0.0000262292978732,0.0000160016243171,0.00000741961048334,0.00000426479664384,0.00000201585362447,0.00000113639555366,6.39003474134e-7,3.9671721197e-7,0.0000013286568219,0.000367194938008],"min":[3.26525823579e-25,1.82691571288e-23,6.28969370469e-24,2.98364012869e-23,3.57252447889e-23,5.65737467304e-23,1.81229572217e-22,1.43416793214e-22,3.02883113005e-23,5.14477979881e-23,5.36752635054e-23,4.82284566339e-23,1.39996241841e-22,1.66899831832e-22,6.36623372288e-23,1.5036815978e-22,1.50179716687e-22,2.9738278981e-22,2.1449128013e-22,3.33916692757e-22,4.14980796684e-22,4.44267579646e-22,5.11775897778e-22,9.43785512968e-22,1.5070259389e-21,1.77145635524e-21,2.37077051946e-21],"var":[0.00000244906573243,0.0000155991492647,0.0000021471173568,0.00000696915685694,0.000110340588435,0.0000320507715514,0.0000176595567609,0.00000404802131015,0.0000110019573185,0.00000850696687849,0.00000256082512351,0.00000323899462273,9.28113365717e-7,1.96256877416e-7,1.34871726232e-7,2.22937117655e-8,1.16098020086e-8,5.48745848761e-9,2.07660644236e-9,1.21317655921e-9,1.92214272277e-10,7.820539355e-11,4.38111665002e-11,9.61183476561e-12,6.25853058614e-12,5.51341160226e-11,6.05951527177e-7]},"barkbands_crest":{"dmean":2.85337162018,"dmean2":4.63176298141,"dvar":6.70520544052,"dvar2":16.4751110077,"max":25.1948947906,"mean":10.9167442322,"median":9.84824466705,"min":2.9232571125,"var":22.1744270325},"barkbands_flatness_db":{"dmean":0.028988648206,"dmean2":0.0431869104505,"dvar":0.000615127326455,"dvar2":0.00137450895272,"max":0.459577053785,"mean":0.165632769465,"median":0.161076694727,"min":0.0553190112114,"var":0.00227114697918},"barkbands_kurtosis":{"dmean":6.90508985519,"dmean2":10.5981445312,"dvar":235.780441284,"dvar2":614.571228027,"max":512.703552246,"mean":13.2711830139,"median":7.3600025177,"min":-1.83984935284,"var":564.862304688},"barkbands_skewness":{"dmean":0.732225298882,"dmean2":1.10681259632,"dvar":0.687106013298,"dvar2":1.58764088154,"max":20.8729782104,"mean":2.69093155861,"median":2.3437101841,"min":-3.23899126053,"var":2.75693893433},"barkbands_spread":{"dmean":9.6255569458,"dmean2":14.2326116562,"dvar":138.688354492,"dvar2":278.098907471,"max":136.868286133,"mean":28.462884903,"median":21.9399414062,"min":0.327614098787,"var":466.014007568},"dissonance":{"dmean":0.0255723726004,"dmean2":0.0425801239908,"dvar":0.00064218841726,"dvar2":0.00171156856231,"max":0.500000178814,"mean":0.454850822687,"median":0.463962256908,"min":0.225656121969,"var":0.00129403115716},"dynamic_complexity":4.21771097183,"erbbands":{"dmean":[0.0700704827905,0.406711608171,0.839964687824,1.80294549465,5.00600099564,9.21291255951,11.3968820572,12.7676668167,13.5579957962,14.6300001144,10.5916776657,17.3712348938,22.7143478394,21.8082065582,14.9458780289,15.2942333221,11.6454286575,8.6853055954,6.35138177872,5.35617017746,2.92183208466,2.65666007996,1.9689412117,1.25054454803,0.730470478535,0.424196481705,0.29643368721,0.195376649499,0.173423275352,0.138177096844,0.0981337204576,0.0531290955842,0.0216566100717,0.013146947138,0.00837572198361,0.00517929624766,0.0075594172813,0.0204176045954,0.0290419328958,0.00710508413613],"dmean2":[0.11257121712,0.651355266571,1.37305748463,2.98551869392,8.15190410614,14.2489471436,17.5852680206,19.5937519073,20.6117687225,22.8823013306,16.5833034515,27.5621547699,35.4896240234,34.1692428589,23.1558952332,23.864522934,18.2625923157,13.5970878601,9.89359951019,8.25025558472,4.49949359894,4.03051900864,2.92545366287,1.8395293951,1.05676221848,0.600965559483,0.439967542887,0.285974383354,0.266296058893,0.218071654439,0.156624823809,0.0858668759465,0.0356934815645,0.0216103307903,0.0137275187299,0.00843637622893,0.0119307776913,0.0304077416658,0.0412743575871,0.00965998508036],"dvar":[0.00955531839281,0.377889156342,1.7696890831,16.0269870758,134.659988403,619.099304199,1259.01806641,1176.94763184,1623.78088379,2457.87109375,801.527404785,2308.55883789,5877.1015625,4469.90039062,2106.40332031,3861.44042969,639.178527832,301.337524414,238.948989868,113.851753235,27.4623889923,19.8299655914,11.075969696,4.29156064987,1.90828430653,0.773766458035,0.390557587147,0.0897985249758,0.0859613642097,0.0601661130786,0.0263568963856,0.0076652513817,0.00163985404652,0.00071170378942,0.000279130821582,0.0000896139608813,0.000169207705767,0.00220438744873,0.00644817994907,0.000104277569335],"dvar2":[0.0227745268494,0.96364814043,4.58879613876,41.5720100403,364.603912354,1420.59069824,2848.77709961,2652.31396484,3634.36108398,5984.62304688,1756.80969238,5829.30322266,13480.4140625,10565.453125,5001.92285156,9608.42773438,1531.99401855,736.253601074,579.076477051,271.116577148,67.2512512207,43.0204582214,24.0524520874,8.99556255341,3.64162230492,1.06965076923,0.885861933231,0.189358487725,0.195631235838,0.137795433402,0.0613831430674,0.0184962116182,0.00416165636852,0.00181419681758,0.000709343352355,0.000225758602028,0.000381714227842,0.00451994221658,0.0129720019177,0.000197161178221],"max":[1.45972704887,8.11946678162,29.0970954895,88.8862304688,258.293792725,577.592834473,996.026367188,891.735839844,1136.49035645,2463.56469727,1112.95288086,1124.11401367,1972.6763916,2396.36572266,1319.92749023,2483.12280273,554.68170166,331.117095947,378.248016357,290.143707275,101.448631287,98.7421264648,60.1981735229,35.7666397095,88.9500427246,81.5467529297,41.2649040222,11.0959434509,4.018034935,3.77227520943,1.8506975174,1.02410984039,0.642711102962,0.440239787102,0.279542505741,0.159727975726,0.248086035252,1.78090643883,4.46577548981,0.208238944411],"mean":[0.126107290387,0.636799871922,1.1990301609,2.59967899323,8.13401222229,17.8726978302,17.6459350586,21.3532924652,23.9538631439,21.6190090179,18.0510177612,28.0709896088,34.326789856,34.2188682556,24.765378952,25.2176399231,20.6678771973,15.3937196732,10.9293670654,9.17213821411,4.84487724304,4.64000463486,3.14193892479,2.03798127174,1.18473958969,0.682418942451,0.442578583956,0.275853216648,0.201951742172,0.147138103843,0.099553078413,0.0538376383483,0.0224757175893,0.0137811498716,0.00893581751734,0.00579880224541,0.00811727624387,0.0237189009786,0.0434091277421,0.0172780975699],"median":[0.0530014261603,0.33316001296,0.637278079987,1.12833499908,2.30101943016,3.00007295609,2.81473684311,4.16276597977,4.97592926025,5.47946500778,5.85688114166,6.39793491364,4.94177055359,5.98408317566,4.33537435532,4.4273519516,5.5717663765,6.08310508728,4.4166893959,3.77117395401,2.19153809547,2.39860343933,1.65296673775,1.08717429638,0.617038726807,0.354584008455,0.2238856107,0.131699204445,0.0756936371326,0.0472317226231,0.0307314954698,0.0176951438189,0.00778207322583,0.00437545776367,0.00298454076983,0.00232353643514,0.00278108473867,0.00734956935048,0.0188068319112,0.0112357623875],"min":[7.92497793808e-22,3.3087808133e-21,6.8576237383e-21,7.39316777029e-20,5.64993438942e-20,1.34768517622e-19,3.41224668881e-19,5.04185660204e-19,1.55966682935e-18,3.41161730776e-18,2.86411328456e-18,9.4257292839e-19,1.30989985019e-18,1.38539466014e-18,2.7633477967e-18,2.71729079378e-18,5.73150261793e-18,8.13288445037e-18,5.11394404825e-18,6.04437913513e-18,8.66645895886e-18,7.44484388866e-18,1.49706786855e-17,1.5396168812e-17,1.1169697744e-17,1.40627321579e-17,1.32734843939e-17,1.91424962761e-17,1.40976325623e-17,1.8083329552e-17,1.54647470479e-17,2.39353974665e-17,1.47307913447e-17,1.52003255302e-17,9.37986666842e-18,7.20397551173e-18,3.12599184225e-18,1.24590212696e-18,3.37039677819e-19,3.40566898736e-20],"var":[0.0298382658511,0.671787500381,2.6871817112,25.8327503204,326.914337158,2287.16625977,2097.43676758,2607.68066406,3833.67700195,3454.71557617,1813.59143066,4809.37548828,10011.4101562,8491.24902344,4356.94189453,6449.61035156,1777.5567627,706.895446777,439.5184021,225.738464355,48.5868721008,39.3953590393,18.5154266357,7.70843744278,4.14864587784,2.86952018738,0.815046072006,0.156639441848,0.108050525188,0.0698031485081,0.0293817892671,0.00838196836412,0.00181594386231,0.000789845711552,0.000315236276947,0.00010548136197,0.000201209448278,0.00329489819705,0.0134976692498,0.000314633361995]},"erbbands_crest":{"dmean":2.74808549881,"dmean2":4.47767972946,"dvar":6.73827171326,"dvar2":16.8053531647,"max":29.3123569489,"mean":9.33252811432,"median":8.45528793335,"min":2.5509352684,"var":16.8561038971},"erbbands_flatness_db":{"dmean":0.0268617421389,"dmean2":0.0396989509463,"dvar":0.000507189484779,"dvar2":0.00107790273614,"max":0.367235392332,"mean":0.165144696832,"median":0.162746846676,"min":0.0237201135606,"var":0.00247790245339},"erbbands_kurtosis":{"dmean":1.19133138657,"dmean2":1.90394735336,"dvar":2.77921938896,"dvar2":7.20818853378,"max":31.0818977356,"mean":1.10394966602,"median":0.352172136307,"min":-1.79186367989,"var":6.35547590256},"erbbands_skewness":{"dmean":0.385556489229,"dmean2":0.58669513464,"dvar":0.118388958275,"dvar2":0.268771290779,"max":4.51029920578,"mean":0.314147353172,"median":0.27870374918,"min":-3.04079890251,"var":0.652423262596},"erbbands_spread":{"dmean":6.17245769501,"dmean2":9.371509552,"dvar":39.2055587769,"dvar2":85.267906189,"max":124.349098206,"mean":25.9530754089,"median":23.6517848969,"min":1.70878076553,"var":183.138244629},"gfcc":{"cov":[[17929.2382812,2252.18505859,-661.846801758,-1057.3034668,-91.1483306885,-635.01361084,23.1030635834,-742.531494141,-13.6460895538,-401.160827637,-13.543381691,-110.506027222,40.0697174072],[2252.18505859,1092.89306641,-25.4627456665,-341.684417725,42.0673103333,-188.852615356,26.1619319916,-127.347541809,-11.7767286301,-60.9772109985,25.3194084167,-90.527671814,80.6969604492],[-661.846801758,-25.4627456665,365.914611816,257.036132812,-51.4802589417,74.6482467651,-63.1943054199,99.586730957,-14.7955331802,39.0360908508,-17.9924106598,-2.00364851952,-10.8966999054],[-1057.3034668,-341.684417725,257.036132812,476.485900879,153.851242065,47.0757255554,35.2671546936,67.6041107178,44.7136459351,22.6553592682,-12.8840694427,29.023223877,-76.260597229],[-91.1483306885,42.0673103333,-51.4802589417,153.851242065,352.999420166,23.3213119507,125.203445435,-57.7328414917,22.9875545502,-29.9119968414,26.6654911041,-4.29821252823,-32.4851646423],[-635.01361084,-188.852615356,74.6482467651,47.0757255554,23.3213119507,313.165313721,0.290733635426,69.3324661255,-72.7602310181,25.0985164642,9.30690288544,18.2963905334,23.7247867584],[23.1030635834,26.1619319916,-63.1943054199,35.2671546936,125.203445435,0.290733635426,204.995025635,11.8767719269,56.1033706665,-28.8610992432,6.94004487991,27.3310661316,-24.7867412567],[-742.531494141,-127.347541809,99.586730957,67.6041107178,-57.7328414917,69.3324661255,11.8767719269,214.450637817,54.6064949036,64.475769043,6.37547779083,-6.09287309647,31.6169624329],[-13.6460895538,-11.7767286301,-14.7955331802,44.7136459351,22.9875545502,-72.7602310181,56.1033706665,54.6064949036,144.414794922,48.1516914368,12.8865261078,7.07633447647,-25.9406204224],[-401.160827637,-60.9772109985,39.0360908508,22.6553592682,-29.9119968414,25.0985164642,-28.8610992432,64.475769043,48.1516914368,106.026649475,44.1070747375,0.613351583481,11.5965528488],[-13.543381691,25.3194084167,-17.9924106598,-12.8840694427,26.6654911041,9.30690288544,6.94004487991,6.37547779083,12.8865261078,44.1070747375,68.0868453979,26.7043685913,12.644320488],[-110.506027222,-90.527671814,-2.00364851952,29.023223877,-4.29821252823,18.2963905334,27.3310661316,-6.09287309647,7.07633447647,0.613351583481,26.7043685913,79.6375350952,14.7601156235],[40.0697174072,80.6969604492,-10.8966999054,-76.260597229,-32.4851646423,23.7247867584,-24.7867412567,31.6169624329,-25.9406204224,11.5965528488,12.644320488,14.7601156235,100.551330566]],"icov":[[0.0000975193688646,-0.000274685735349,0.000327510380885,-0.000255631806795,0.000271199271083,-0.000138484596391,0.00010643130372,0.000166994606843,-0.000207343910006,0.000327389541781,-0.000135014488478,4.04196526915e-7,0.0000428890634794],[-0.000274685735349,0.00634287158027,-0.00962836388499,0.00852423720062,-0.00382443284616,0.00276280590333,-0.00284245843068,0.00351415434852,-0.00350476242602,0.00443467311561,-0.00638899859041,0.00721571967006,-0.00492392573506],[0.000327510380885,-0.00962836388499,0.0220941398293,-0.0186640862375,0.00899415183812,-0.00500245997682,0.00473813246936,-0.00616404833272,0.00677088880911,-0.00685586826876,0.0084644369781,-0.00803567748517,0.00568059459329],[-0.000255631806795,0.00852423720062,-0.0186640862375,0.0208894126117,-0.0115796569735,0.0052403579466,-0.00214883149602,0.00191816349979,-0.00396074913442,0.0026367479004,-0.00174380058888,0.00128438894171,-0.00032428567647],[0.000271199271083,-0.00382443284616,0.00899415183812,-0.0115796569735,0.0119570670649,-0.00421894155443,-0.00220680842176,0.00279865064658,-0.00127041141968,0.0034627742134,-0.00630148872733,0.00566437514499,-0.00217814813368],[-0.000138484596391,0.00276280590333,-0.00500245997682,0.0052403579466,-0.00421894155443,0.00704872328788,-0.00165474333335,-0.0018270855071,0.00458059320226,-0.00299199856818,0.00122827792075,-0.0012971413089,-0.000026595826057],[0.00010643130372,-0.00284245843068,0.00473813246936,-0.00214883149602,-0.00220680842176,-0.00165474333335,0.0109521998093,-0.00471562612802,-0.00164731044788,0.00179191748612,0.00372370099649,-0.00809551868588,0.00507103931159],[0.000166994606843,0.00351415434852,-0.00616404833272,0.00191816349979,0.00279865064658,-0.0018270855071,-0.00471562612802,0.0142216626555,-0.00889262650162,0.00425442960113,-0.00816856045276,0.0119838491082,-0.00991576630622],[-0.000207343910006,-0.00350476242602,0.00677088880911,-0.00396074913442,-0.00127041141968,0.00458059320226,-0.00164731044788,-0.00889262650162,0.0218796879053,-0.0172790288925,0.0131482388824,-0.0118271997198,0.00924419984221],[0.000327389541781,0.00443467311561,-0.00685586826876,0.0026367479004,0.0034627742134,-0.00299199856818,0.00179191748612,0.00425442960113,-0.0172790288925,0.0358505658805,-0.0297049153596,0.0178308542818,-0.00897841155529],[-0.000135014488478,-0.00638899859041,0.0084644369781,-0.00174380058888,-0.00630148872733,0.00122827792075,0.00372370099649,-0.00816856045276,0.0131482388824,-0.0297049153596,0.0473218038678,-0.0279560498893,0.0109076872468],[4.04196526915e-7,0.00721571967006,-0.00803567748517,0.00128438894171,0.00566437514499,-0.0012971413089,-0.00809551868588,0.0119838491082,-0.0118271997198,0.0178308542818,-0.0279560498893,0.0377244837582,-0.0164453573525],[0.0000428890634794,-0.00492392573506,0.00568059459329,-0.00032428567647,-0.00217814813368,-0.000026595826057,0.00507103931159,-0.00991576630622,0.00924419984221,-0.00897841155529,0.0109076872468,-0.0164453573525,0.0223826505244]],"mean":[-69.5755462646,111.510223389,-81.1335372925,-19.6737232208,-4.12087774277,-24.1928405762,-2.38426136971,-17.6806468964,1.40724337101,-12.4537086487,-0.786131024361,-6.13176202774,-4.97769498825]},"hfc":{"dmean":24.8910598755,"dmean2":35.7355117798,"dvar":870.128540039,"dvar2":1817.01196289,"max":497.927947998,"mean":82.6898498535,"median":65.5554275513,"min":1.22286490702e-16,"var":4204.92822266},"melbands":{"dmean":[0.000576100486796,0.000457286485471,0.000380780431442,0.000487363839056,0.00042019909597,0.000283003377263,0.000207029603189,0.000148762148456,0.0000874004617799,0.000117439878522,0.00011480331159,0.0000921009195736,0.0000511235375598,0.0000460429837403,0.000030729413993,0.0000256851981248,0.000015634983356,0.000011030620044,0.00000881263531483,0.00000566655580769,0.00000331160913447,0.00000292227832688,0.0000024318319447,0.00000142854173646,0.00000104390107936,6.52279197766e-7,4.12825812646e-7,2.62482075186e-7,2.03201494742e-7,1.40317922614e-7,1.09198744269e-7,1.0020694674e-7,8.89586573294e-8,7.43610542031e-8,5.85051935786e-8,4.81970090505e-8,2.6287780841e-8,1.58816035878e-8,1.20459864306e-8,1.07329123367e-8],"dmean2":[0.000922330946196,0.000734724162612,0.000628550769761,0.000768495083321,0.000646160333417,0.000434233079432,0.00031304746517,0.000232983395108,0.000137637209264,0.000186553384992,0.000179935028427,0.000145298792631,0.0000793392391643,0.0000727838196326,0.0000482398427266,0.0000406812941947,0.0000248562919296,0.0000175382774614,0.0000136764601848,0.00000892893058335,0.00000521749871041,0.00000449710614703,0.00000371067653759,0.00000214615738514,0.00000156929593231,9.738390645e-7,6.12613064277e-7,3.82932483944e-7,3.05777405174e-7,2.10232826703e-7,1.62862974662e-7,1.54063300783e-7,1.40341754218e-7,1.18412927463e-7,9.37114492672e-8,7.75474333636e-8,4.32127116312e-8,2.63300350412e-8,1.98467002832e-8,1.76469026059e-8],"dvar":[5.89752005453e-7,4.77538264931e-7,7.14485338449e-7,0.00000119946298582,0.00000153122630309,5.59565535241e-7,3.75232019678e-7,2.39836026594e-7,5.1747107932e-8,1.13107923028e-7,1.4595953246e-7,8.00863588779e-8,2.27282708209e-8,2.5408317228e-8,8.34382873904e-9,3.04952085806e-9,1.00069807996e-9,8.19584233813e-10,3.09060499415e-10,1.06025792312e-10,4.17779352779e-11,2.4993361547e-11,1.63125919023e-11,6.17127659738e-12,3.0511450571e-12,1.83282425695e-12,6.9951347232e-13,3.16771972151e-13,2.05460553627e-13,7.22873231543e-14,2.99139578668e-14,2.95448988354e-14,2.57177515639e-14,1.92339786269e-14,1.00449840503e-14,6.46147098297e-15,2.1045586013e-15,8.91966880436e-16,6.05227116609e-16,4.74484246008e-16],"dvar2":[0.0000014307490801,0.00000120168715512,0.00000195724078367,0.00000288363207801,0.00000340823089573,0.00000126211796214,8.33700369185e-7,5.76231911964e-7,1.10408819864e-7,2.87635373297e-7,3.35226900461e-7,1.89327749922e-7,5.23739238645e-8,6.34354933027e-8,2.03746406413e-8,7.63767982193e-9,2.45324915937e-9,2.01167504876e-9,7.23588911011e-10,2.60418575593e-10,1.04265381051e-10,5.56594145773e-11,3.707487789e-11,1.33053923781e-11,6.66782124306e-12,4.02335369881e-12,1.46129018174e-12,4.20458047719e-13,4.82785469588e-13,1.64903450595e-13,6.54799429739e-14,6.78717810578e-14,6.01948504063e-14,4.50106294738e-14,2.3688819664e-14,1.5396023215e-14,5.21398076353e-15,2.27280454385e-15,1.54386111846e-15,1.20907282836e-15],"max":[0.0100561063737,0.0143798347563,0.0147726554424,0.0248779207468,0.0262600556016,0.0195902474225,0.017218593508,0.022888360545,0.00992316193879,0.00733500299975,0.00961124058813,0.00918011087924,0.00393368396908,0.0046989931725,0.0034073330462,0.00143344851676,0.000656020594761,0.000725303310901,0.000408959807828,0.000191938815988,0.000138924340717,0.000107955667772,0.0000699684896972,0.0000374311348423,0.0000279921005131,0.000084580417024,0.0000583839719184,0.000050343984185,0.0000277096642094,0.0000182941130333,0.00000225640087592,0.00000247949310506,0.00000277222784462,0.00000252333074968,0.00000143385204865,8.19665899598e-7,5.62753939448e-7,4.56947020666e-7,4.04117400876e-7,3.60007248901e-7],"mean":[0.00106850604061,0.000719996518455,0.000597101345193,0.000915962096769,0.000726177357137,0.000481541501358,0.000363029452274,0.000219644716708,0.000146560079884,0.00018380585243,0.000169384322362,0.000139411742566,0.0000800657653599,0.0000733802298782,0.0000512387450726,0.0000434991925431,0.0000260795095528,0.0000174615543074,0.000014423068933,0.00000923480092752,0.00000487038596475,0.00000485398186356,0.00000383313545171,0.00000215184013541,0.00000162167475537,9.8555005934e-7,6.4437955416e-7,4.05206861842e-7,2.95838049169e-7,2.00869394007e-7,1.46668710954e-7,1.16588644516e-7,9.57073922336e-8,7.65997540952e-8,5.87857016399e-8,4.77824499967e-8,2.62868855572e-8,1.59684567791e-8,1.24825332293e-8,1.12100408955e-8],"median":[0.000544881622773,0.000423431978561,0.000242227251874,0.000222512317123,0.000100308730907,0.0000950936009758,0.0000790662088548,0.0000566623893974,0.0000460309129267,0.0000386685824196,0.0000221638310904,0.0000224657778745,0.0000131951437652,0.0000116161145343,0.0000106026263893,0.0000123824684124,0.0000102325157059,0.00000684853375787,0.0000051971069297,0.00000384604163628,0.00000194315657609,0.00000236366349782,0.00000204254001801,0.00000103148374819,8.44607427553e-7,4.89619822019e-7,3.26120357386e-7,2.05318229973e-7,1.45110178096e-7,9.96661455588e-8,6.63381314325e-8,4.38429772487e-8,3.16038857306e-8,2.35392434433e-8,1.77778076704e-8,1.42600375952e-8,8.76494521407e-9,4.97439245351e-9,3.86511178618e-9,3.51522722042e-9],"min":[6.10732917935e-24,3.10449523654e-24,1.06161658406e-23,6.57805746986e-24,1.0441706096e-23,1.02138215354e-23,2.97602478106e-23,3.8143939656e-23,1.95094910187e-23,4.84832255741e-24,6.21202009338e-24,5.10647610535e-24,7.55409574079e-24,6.12592302532e-24,1.01926098545e-23,1.474668335e-23,1.5604804665e-23,9.35794137427e-24,5.33185327154e-24,1.11712146844e-23,9.95004853682e-24,7.95848950664e-24,9.56294265771e-24,1.52633020459e-23,1.26155353826e-23,6.51400196435e-24,9.54749518347e-24,9.3859341035e-24,8.38119036751e-24,9.85849412902e-24,1.08238539843e-23,6.35850485816e-24,1.11188997958e-23,9.47473380901e-24,7.70032530907e-24,1.09173560897e-23,1.56667602227e-23,7.86595770018e-24,1.52729782138e-23,1.14499500078e-23],"var":[0.00000165201458913,8.32387172522e-7,0.00000136925871175,0.00000367012580682,0.000003604843414,0.00000129016700612,8.79169419932e-7,3.43857550433e-7,1.23848664657e-7,2.28101782795e-7,2.49115032602e-7,1.49905361013e-7,4.54606876588e-8,4.85038391673e-8,1.66597633466e-8,7.64398588871e-9,2.08494954634e-9,1.36034961074e-9,6.16142747933e-10,2.10878023377e-10,6.25617196937e-11,4.78293064876e-11,2.69382311596e-11,1.00828546901e-11,5.11559804933e-12,3.03954604541e-12,1.59416609687e-12,1.25249897259e-12,4.04690278684e-13,1.28243864638e-13,4.53215515518e-14,3.6693826417e-14,2.90463115257e-14,2.09778110952e-14,1.08138324684e-14,6.90436079416e-15,2.19378801658e-15,9.59673400283e-16,6.67020552392e-16,5.27222529008e-16]},"melbands_crest":{"dmean":3.66951823235,"dmean2":5.90351009369,"dvar":11.0605421066,"dvar2":26.8944759369,"max":37.9774017334,"mean":15.4528560638,"median":14.3042354584,"min":1.76638197899,"var":39.8582038879},"melbands_flatness_db":{"dmean":0.0364594869316,"dmean2":0.0546428225935,"dvar":0.000948534056079,"dvar2":0.00214525754564,"max":0.621769070625,"mean":0.283983290195,"median":0.282519608736,"min":0.003256857628,"var":0.00404842710122},"melbands_kurtosis":{"dmean":7.90838289261,"dmean2":12.1795063019,"dvar":240.129501343,"dvar2":520.30090332,"max":499.518890381,"mean":14.5185184479,"median":5.48002147675,"min":-1.82795011997,"var":854.657714844},"melbands_skewness":{"dmean":0.803436994553,"dmean2":1.21965920925,"dvar":0.724241197109,"dvar2":1.56883955002,"max":13.6394405365,"mean":2.47470450401,"median":2.01012730598,"min":-1.99052393436,"var":3.82471561432},"melbands_spread":{"dmean":4.50202274323,"dmean2":6.97572374344,"dvar":30.5559406281,"dvar2":70.6905212402,"max":143.575180054,"mean":14.7606201172,"median":11.8926477432,"min":0.305953830481,"var":183.002578735},"mfcc":{"cov":[[7645.86865234,1578.77746582,-624.659301758,-336.74597168,-457.265533447,54.1901817322,-333.328735352,-73.4612045288,-280.562011719,-78.2489013672,-177.520141602,-190.882019043,-59.7858314514],[1578.77746582,1374.55834961,-180.3959198,-169.343811035,-88.8670959473,-94.4413757324,-10.4730396271,-121.092651367,-19.8110599518,-39.0561103821,-14.8003015518,-66.0989685059,-21.2336349487],[-624.659301758,-180.3959198,495.666503906,64.1873550415,47.3397712708,-50.0460662842,-8.32879161835,-5.16770744324,31.6555271149,20.6176280975,25.1140079498,7.32536458969,-18.3464012146],[-336.74597168,-169.343811035,64.1873550415,436.935302734,113.457702637,34.5675506592,-23.5727539062,63.7041053772,17.0891628265,43.8936271667,43.4752960205,64.3411560059,-6.82989597321],[-457.265533447,-88.8670959473,47.3397712708,113.457702637,221.970794678,78.6805953979,76.5908813477,5.98929309845,20.4904003143,-0.595788061619,28.7428798676,32.2469329834,10.5045051575],[54.1901817322,-94.4413757324,-50.0460662842,34.5675506592,78.6805953979,216.273330688,85.3687286377,60.6950073242,-34.6505317688,-19.3414039612,-18.1397590637,7.47384119034,16.2917175293],[-333.328735352,-10.4730396271,-8.32879161835,-23.5727539062,76.5908813477,85.3687286377,181.642288208,52.2789802551,33.5936012268,-25.0524120331,-7.02228403091,16.0124473572,20.8781642914],[-73.4612045288,-121.092651367,-5.16770744324,63.7041053772,5.98929309845,60.6950073242,52.2789802551,147.762939453,41.9403953552,17.4517250061,-4.94864559174,19.5074081421,16.6020755768],[-280.562011719,-19.8110599518,31.6555271149,17.0891628265,20.4904003143,-34.6505317688,33.5936012268,41.9403953552,112.07598114,45.2617073059,25.4297275543,17.2408351898,4.97030639648],[-78.2489013672,-39.0561103821,20.6176280975,43.8936271667,-0.595788061619,-19.3414039612,-25.0524120331,17.4517250061,45.2617073059,100.253250122,50.0189933777,21.1707038879,-2.63256669044],[-177.520141602,-14.8003015518,25.1140079498,43.4752960205,28.7428798676,-18.1397590637,-7.02228403091,-4.94864559174,25.4297275543,50.0189933777,83.3156585693,48.1381340027,9.70604133606],[-190.882019043,-66.0989685059,7.32536458969,64.3411560059,32.2469329834,7.47384119034,16.0124473572,19.5074081421,17.2408351898,21.1707038879,48.1381340027,95.1445617676,40.8328018188],[-59.7858314514,-21.2336349487,-18.3464012146,-6.82989597321,10.5045051575,16.2917175293,20.8781642914,16.6020755768,4.97030639648,-2.63256669044,9.70604133606,40.8328018188,64.3667373657]],"icov":[[0.000261285924353,-0.000299166655168,0.000134569039801,0.0000909224909265,0.000208732089959,-0.000327476387611,0.00055120914476,-0.000292858836474,0.000349870533682,-0.000149706218508,0.000308211398078,-0.0000606328758295,0.0000964197752182],[-0.000299166655168,0.0012377522653,0.000179673632374,-0.0000851119984873,0.0000363945073332,0.000643951469101,-0.000992976478301,0.00100008037407,-0.000548982294276,0.000448800477898,-0.000801538524684,0.000687971245497,-0.00018699215434],[0.000134569039801,0.000179673632374,0.00240795710124,-0.00010466609092,-0.000411182001699,0.000635302392766,0.000155580841238,-0.0000482026043755,-0.0000643410239718,0.0000192979132407,-0.000253106409218,0.000216532644117,0.000634328811429],[0.0000909224909265,-0.0000851119984873,-0.00010466609092,0.00381320854649,-0.00227054697461,0.000033625306969,0.00201011938043,-0.00233116745949,0.000847079965752,-0.000719980627764,0.000583214627113,-0.00284345657565,0.00236348668113],[0.000208732089959,0.0000363945073332,-0.000411182001699,-0.00227054697461,0.00856191199273,-0.00326390750706,-0.00239630485885,0.00328183430247,-0.00225411169231,0.00162219488993,-0.00251748994924,0.000675234943628,-0.000600944156758],[-0.000327476387611,0.000643951469101,0.000635302392766,0.000033625306969,-0.00326390750706,0.00969405565411,-0.00396659038961,-0.00340893934481,0.00564135843888,-0.00192892947234,0.0010816816939,0.000598369108047,-0.000719402509276],[0.00055120914476,-0.000992976478301,0.000155580841238,0.00201011938043,-0.00239630485885,-0.00396659038961,0.0117763383314,-0.00298688397743,-0.00365474657156,0.00350027158856,0.000686552084517,-0.00176276941784,0.000227803917369],[-0.000292858836474,0.00100008037407,-0.0000482026043755,-0.00233116745949,0.00328183430247,-0.00340893934481,-0.00298688397743,0.0128223467618,-0.00573857082054,-0.000861703243572,0.00206588325091,-0.00025838529109,-0.00195411359891],[0.000349870533682,-0.000548982294276,-0.0000643410239718,0.000847079965752,-0.00225411169231,0.00564135843888,-0.00365474657156,-0.00573857082054,0.017886152491,-0.00753508042544,0.000683104386553,-0.0000786563978181,0.0000785842130426],[-0.000149706218508,0.000448800477898,0.0000192979132407,-0.000719980627764,0.00162219488993,-0.00192892947234,0.00350027158856,-0.000861703243572,-0.00753508042544,0.019711567089,-0.011397741735,0.0019531447906,0.00111620221287],[0.000308211398078,-0.000801538524684,-0.000253106409218,0.000583214627113,-0.00251748994924,0.0010816816939,0.000686552084517,0.00206588325091,0.000683104386553,-0.011397741735,0.0271700657904,-0.01261024829,0.00277682067826],[-0.0000606328758295,0.000687971245497,0.000216532644117,-0.00284345657565,0.000675234943628,0.000598369108047,-0.00176276941784,-0.00025838529109,-0.0000786563978181,0.0019531447906,-0.01261024829,0.0244886036962,-0.0132401157171],[0.0000964197752182,-0.00018699215434,0.000634328811429,0.00236348668113,-0.000600944156758,-0.000719402509276,0.000227803917369,-0.00195411359891,0.0000785842130426,0.00111620221287,0.00277682067826,-0.0132401157171,0.0247258171439]],"mean":[-734.913452148,184.284561157,-16.0211181641,22.5332565308,6.7930727005,7.62494325638,0.0836707130075,4.66036748886,-1.55377745628,2.85497760773,2.10466051102,1.69875407219,-1.96475887299]},"pitch_salience":{"dmean":0.0777823254466,"dmean2":0.12431306392,"dvar":0.00480285938829,"dvar2":0.0113980611786,"max":0.958574593067,"mean":0.550589382648,"median":0.571931600571,"min":0.0912680476904,"var":0.0170563291758},"silence_rate_20dB":{"dmean":0,"dmean2":0,"dvar":0,"dvar2":0,"max":1,"mean":1,"median":1,"min":1,"var":0},"silence_rate_30dB":{"dmean":0.00732168182731,"dmean2":0.0146450931206,"dvar":0.00726791284978,"dvar2":0.0186821799725,"max":1,"mean":0.992443025112,"median":1,"min":0,"var":0.00749995745718},"silence_rate_60dB":{"dmean":0.0382616892457,"dmean2":0.0765324234962,"dvar":0.0367985218763,"dvar2":0.080597653985,"max":1,"mean":0.0877317264676,"median":0,"min":0,"var":0.080029219389},"spectral_centroid":{"dmean":166.669311523,"dmean2":248.979385376,"dvar":45153.5273438,"dvar2":84942.9609375,"max":10730.4570312,"mean":820.999816895,"median":691.176513672,"min":105.605316162,"var":255344.0625},"spectral_complexity":{"dmean":2.77491736412,"dmean2":4.07535123825,"dvar":8.21097946167,"dvar2":15.6730155945,"max":36,"mean":11.9221868515,"median":11,"min":0,"var":44.2586212158},"spectral_contrast_coeffs":{"dmean":[0.0542871803045,0.0470165424049,0.0416140072048,0.0279501471668,0.0211727544665,0.0409866012633],"dmean2":[0.0881304517388,0.0768850371242,0.0661534965038,0.0456761345267,0.0343734174967,0.0626721456647],"dvar":[0.00201730523258,0.00143785821274,0.00115112389904,0.000502987066284,0.000295955687761,0.00144768494647],"dvar2":[0.00504373712465,0.00372653757222,0.00287745869718,0.00128758652136,0.000768877158407,0.00320400903001],"max":[-0.261348098516,-0.442331969738,-0.509189128876,-0.623511433601,-0.705856621265,-0.549364209175],"mean":[-0.674546957016,-0.770894348621,-0.78140437603,-0.814334750175,-0.821979641914,-0.797423124313],"median":[-0.687380850315,-0.778309226036,-0.787436246872,-0.817163825035,-0.820936203003,-0.811398148537],"min":[-0.970753788948,-0.975661814213,-0.975416183472,-0.984173893929,-0.976373493671,-0.960396289825],"var":[0.0105192326009,0.00537902861834,0.00516990711913,0.00217809528112,0.00118479866069,0.00344058359042]},"spectral_contrast_valleys":{"dmean":[0.408995836973,0.383235782385,0.373213410378,0.330099195242,0.351501226425,0.649594008923],"dmean2":[0.656800568104,0.593932211399,0.557433187962,0.467329084873,0.481232941151,1.03379237652],"dvar":[0.120143711567,0.111842907965,0.111151121557,0.0992793217301,0.107849664986,0.31703722477],"dvar2":[0.281680762768,0.232079282403,0.211072474718,0.173166260123,0.187648907304,0.80708616972],"max":[-5.63606786728,-4.39371490479,-5.03721618652,-5.84961175919,-6.50436401367,-9.19826126099],"mean":[-7.39058923721,-6.88826799393,-7.55673980713,-7.96326780319,-8.51649284363,-11.7190608978],"median":[-7.16740322113,-6.67646551132,-7.37383937836,-7.74790334702,-8.35309505463,-11.605465889],"min":[-27.168926239,-27.1104927063,-27.0555820465,-27.2707805634,-27.1191768646,-27.244726181],"var":[2.47548103333,2.21609306335,2.10609531403,1.82151889801,1.39492535591,1.35273766518]},"spectral_decrease":{"dmean":1.64429814209e-9,"dmean2":2.47062081904e-9,"dvar":5.54528110098e-18,"dvar2":1.20831044908e-17,"max":2.28449192896e-9,"mean":-4.39449499012e-9,"median":-2.4721822367e-9,"min":-4.01648350135e-8,"var":2.50865185505e-17},"spectral_energy":{"dmean":0.00741217238829,"dmean2":0.0107087790966,"dvar":0.0000991952838376,"dvar2":0.00020821968792,"max":0.169063746929,"mean":0.0240860860795,"median":0.0163266453892,"min":1.0995726423e-20,"var":0.000528544012923},"spectral_energyband_high":{"dmean":0.000251595978625,"dmean2":0.000348095869413,"dvar":2.14442195556e-7,"dvar2":3.95329124103e-7,"max":0.0185724589974,"mean":0.00045517453691,"median":0.000243007860263,"min":7.81402708776e-21,"var":4.82344091779e-7},"spectral_energyband_low":{"dmean":0.0027531767264,"dmean2":0.00436320202425,"dvar":0.0000123390709632,"dvar2":0.0000306588844978,"max":0.0551626197994,"mean":0.00550795905292,"median":0.0037881990429,"min":4.9161830546e-23,"var":0.000030720657378},"spectral_energyband_middle_high":{"dmean":0.00140605831984,"dmean2":0.00208349246532,"dvar":0.00000814400391391,"dvar2":0.0000183153752005,"max":0.0734076425433,"mean":0.00327102513984,"median":0.00117158540525,"min":1.48820697411e-21,"var":0.0000280973672488},"spectral_energyband_middle_low":{"dmean":0.00482339086011,"dmean2":0.00718943867832,"dvar":0.0000774218206061,"dvar2":0.000168886501342,"max":0.144029095769,"mean":0.012239145115,"median":0.00447670882568,"min":5.03183801503e-22,"var":0.000305412628222},"spectral_entropy":{"dmean":0.223769620061,"dmean2":0.328379064798,"dvar":0.0386698618531,"dvar2":0.0817149803042,"max":9.80309677124,"mean":7.20544815063,"median":7.21913290024,"min":5.23085165024,"var":0.196063295007},"spectral_flux":{"dmean":0.0197220295668,"dmean2":0.0305537972599,"dvar":0.000430676067481,"dvar2":0.001019982039,"max":0.330540984869,"mean":0.0758382380009,"median":0.0698946788907,"min":1.04860509165e-10,"var":0.00172495283186},"spectral_kurtosis":{"dmean":8.1515083313,"dmean2":12.6424865723,"dvar":62.7539710999,"dvar2":155.374954224,"max":101.002952576,"mean":28.6354351044,"median":26.4361953735,"min":-1.20488333702,"var":157.042007446},"spectral_rms":{"dmean":0.000730277155526,"dmean2":0.00101514265407,"dvar":5.61951083e-7,"dvar2":0.00000105772176084,"max":0.012842906639,"mean":0.0043200450018,"median":0.00399104412645,"min":3.27529214687e-12,"var":0.00000483572375742},"spectral_rolloff":{"dmean":3956.02246094,"dmean2":7574.63378906,"dvar":52100108,"dvar2":124622848,"max":22006.9335938,"mean":12742.0771484,"median":19832.0800781,"min":86.1328125,"var":95973392},"spectral_skewness":{"dmean":0.553067803383,"dmean2":0.847976386547,"dvar":0.25191488862,"dvar2":0.60458189249,"max":7.87398099899,"mean":3.92448735237,"median":3.84276628494,"min":0.0205956567079,"var":0.820725977421},"spectral_spread":{"dmean":576080,"dmean2":875385.5625,"dvar":330520821760,"dvar2":621225181184,"max":40264268,"mean":3825394.25,"median":3696577.25,"min":1485270.5,"var":1392232759300},"spectral_strongpeak":{"dmean":1.19399416447,"dmean2":2.22658729553,"dvar":21.8340568542,"dvar2":63.3525390625,"max":70.5280990601,"mean":1.14381492138,"median":0.271242886782,"min":0,"var":14.1169462204},"zerocrossingrate":{"dmean":0.0359642654657,"dmean2":0.045656170696,"dvar":0.000985421705991,"dvar2":0.00151522352826,"max":0.70849609375,"mean":0.26236397028,"median":0.2509765625,"min":0.0361328125,"var":0.00760841276497}},"metadata":{"audio_properties":{"analysis_sample_rate":44100,"bit_rate":192000,"codec":"mp3","downmix":"mix","equal_loudness":0,"length":196.623672485,"lossless":false,"md5_encoded":"e55234785677f1d12c2be4d63a45b8f1","replay_gain":-8.9800491333,"sample_rate":44100},"tags":{"acoustid_fingerprint":["AQADtEoWOlGyJAKvq3iOG88Mn0dky9CPH-nyPDh1XDmahkmHJHqiD_nxjDmsyDOeJ_hSVFYE5Q-aZ8dJ_NijGD5vfBOPTzs0NYmOpmIqPMdhJq6MK1-C08aPcIeiZDtybXnw7MeTMti-48qFWS_yQ0yoxYi5GT-FhuEeTA4-Gk8eRAo0_ciXBueToFwuNOWG7_gR_kiWKeLxZD_uHNabhDil40l03ArCflCUH3l2fNET_CRq5whzHhf0HGE2KUe9xXgPXw4uqXiS8PgRJo4Cpd-NUHfwLsjXGsoP7w_i8XgiHXsiC02n5EF46MF-hImah5iUB3-RNzi0nEKpHV8xKTn6KdgpHPqQ53hSEm8O68qRF_qL_MIZHb2IhsfT4zmew6mHNzqOO8uLMA4pos-1QZ9F_B7Ca5mE5zAVHmeWlLC6YzpuEuXTMQirB0nMB2WXwznM6UH3o2_monmiaciVL4QqBpegZSzCRhmOb5bwPwuevwgzLjG0B0HzC30-4UHzMOhT48yFWiXCRCSRfDkejFfRT3gmuDtefUiXHxrFIz9qLQjz1NCjIw-P98L5ofmOkiTOF9eO6wqShU-FiRKlFYeWxyjZDXnVwEkXCRezFC_yXNAujUiPviGe_RhvwUkyfmg2P-hbIz_6wy9yJkP-QFMeDuETkWi0KcOzZAme9Gj6o3ieY9clwUuVI386QY8RU8fZ44lTVDqa_zij4Ymn4d2GfsqOdDIOnUSPH3GqBw9RSxZ-lDmZ4FkqNEkkM6j6I9BFnLlwk6tQpeG0QcuXI8_xXTh8pXiOWAshvzG2XAye44-H7MF5XMIU8vgL7FoUoqkv_EyQV0oMMTryEE-y9DglJziaL-iJOxXx5McUp4tQPmh3pNMIvZMQ89jUKRVifBESPcQv4YlbnMH04JGM8NCSjUQchqHxJUafwkcf5qiNBvkDMzry4Cl-hJ0SUdARvsVz1D9-WNfR49qF3kJ-CH1w_Dh5qPqEsM_hTcfxHx96lNPxwMcViqjSIcltIX9x6WhnwnsQWvSga4mRS2iOaqdwJojF7NCP8MdjPE9wSrDa4ZGOdA-UZw58peiJS_hRSZKeweTh58iPnjqmROhvXBEfvJcC_0CJywJzRVSE_2BytLh0nDHyzMJzaLmGPwhz3YieSagdpCcaUSeewlVyPNWxq8cf4tIRHgmPWpJxPgGfHX8enEmF2IOuI8x21HLx52Bk5niaPUJ-9Do0U4GPvtBuPKLSQcx1IZ2SxsRR33iiBpe0w2IX_Aoe9CmFyNOyoiQPTd1hKYImMUIuC3_x4EofomGEn8KL0M6NJJ90vFFyXJSO5vjRp8dlhC_MZaQh_kEVi8KNS8FTDdcTKYSWb4gkkcGT9Ngp4pEYZfiDR1WRUMuRJz-uO-Bn_Oiz6HCVY08QDZoVD3kCRuKDKlqW4bQRktkI9Nmhk7iO8mgYRR-eUMYPKXFyZCEZ4xfRKM9ROcuE6ziFMOOHhCs_vGjwEk9rXFeFtnrQjD_0j-iHZk-OdvCYC3YYRoGrLA56_bicSoj6QdPyEGEc4_iPH66t4Dm-oB0aJM2N-A