{"lowlevel":{"average_loudness":0.878154695034,"barkbands":{"dmean":[0.00020594453963,0.00572796631604,0.00316753052175,0.00349957100116,0.00242939405143,0.00134615937714,0.000908303481992,0.000897515448742,0.00114998896606,0.000354124902515,0.000310660485411,0.000279079482425,0.000296107406029,0.000312093063258,0.000243857037276,0.000245999079198,0.000133325622301,0.00010777782154,0.0000700864839018,0.0000634941025055,0.0000453741631645,0.000039578841097,0.0000332829949912,0.000037645073462,0.0000163410768437,0.00000262146363639,5.57459884476e-7],"dmean2":[0.000343195017194,0.0087904445827,0.0052963946946,0.00605503376573,0.00416447781026,0.00224018655717,0.00149151682854,0.00143630139064,0.00186959118582,0.000548923562746,0.000495617627166,0.000445146491984,0.000479717069538,0.000505094183609,0.000396443967475,0.000393637485104,0.000216538232053,0.000173994441866,0.000111196502985,0.0000995877489913,0.0000705710990587,0.0000573906727368,0.0000476177119708,0.0000531809928361,0.0000234289709624,0.00000368982296095,8.44523128762e-7],"dvar":[2.63854900595e-7,0.000199782210984,0.0000248261712841,0.0000462333264295,0.0000171194005816,0.00000712970768291,0.00000383748465538,0.00000379394009542,0.00000540052405995,6.29714918432e-7,3.08323024001e-7,3.15578859045e-7,4.78558490613e-7,4.99384498198e-7,3.98169618165e-7,3.94467519982e-7,4.00470945294e-8,2.14490665229e-8,1.23945387287e-8,1.47814995799e-8,8.08847300249e-9,5.6748872268e-9,8.40249025913e-9,2.23980141101e-8,4.18296952631e-9,4.63274071882e-11,2.19754054363e-12],"dvar2":[6.79632989886e-7,0.000420675438363,0.0000655954645481,0.000128440457047,0.0000494244741276,0.0000191337185242,0.000010379781088,0.00000905976685317,0.0000143755241879,0.00000133363153054,7.8708262663e-7,7.41331291465e-7,0.00000125028304865,0.00000126797965549,9.12354039428e-7,9.20433819829e-7,1.00217867782e-7,5.30275841015e-8,2.9373909527e-8,3.42729187253e-8,1.84308319717e-8,1.19004788246e-8,1.69621987567e-8,4.48351720195e-8,8.96921648064e-9,8.82457926177e-11,4.82290032564e-12],"max":[0.00616844091564,0.117410972714,0.0561542138457,0.0702639296651,0.0520024374127,0.0486347004771,0.0609987564385,0.0536361522973,0.0549405738711,0.037242975086,0.0109793879092,0.0239281151444,0.0169139336795,0.0213167052716,0.023186551407,0.0250631961972,0.00447684386745,0.00274328468367,0.00324613251723,0.00250062323175,0.00132499402389,0.0019817315042,0.00266631110571,0.00478203548118,0.00210148002952,0.000176819812623,0.0000272438355751],"mean":[0.00016802168102,0.00661713583395,0.00849719531834,0.00681813852862,0.00421326840296,0.00212679291144,0.00159359618556,0.00161416630726,0.00215045409277,0.000710454885848,0.000571150623728,0.00055127084488,0.000550607568584,0.000569652067497,0.000465814053314,0.000515459803864,0.000293501681881,0.000251269113505,0.000167535297805,0.000143840501551,0.0000791673737695,0.0000799659173936,0.0000639756690362,0.0000673520917189,0.000026563893698,0.00000380152846446,6.80564767208e-7],"median":[0.0000182688654604,0.0018497754354,0.00517597049475,0.00260218302719,0.00253335083835,0.000845326052513,0.000656751333736,0.000577266036998,0.000971706118435,0.000295049248962,0.000267720432021,0.000295091071166,0.000258342071902,0.000286034424789,0.00028673291672,0.000294981175102,0.000200250433409,0.000192700244952,0.000109487373265,0.0000600888888584,0.0000271402841463,0.000025217059374,0.0000159062619787,0.0000126325949168,0.00000466401388621,5.2263641237e-7,3.52452644847e-8],"min":[4.61555452739e-15,7.23385720357e-14,7.03972555298e-15,4.33101498458e-15,4.33727388044e-14,9.79687929089e-14,7.79508090563e-14,4.58602983876e-14,5.43772790467e-14,8.18990667927e-14,6.26937805598e-14,2.82029797736e-13,8.67404496212e-14,8.9045056864e-14,1.35365704106e-13,1.44107043464e-13,1.24965969105e-13,7.0148493134e-13,5.34907513249e-13,1.34543049445e-12,4.54973352829e-13,1.15430007133e-12,8.55984499861e-13,1.1851406358e-12,2.03369179136e-12,2.48165051876e-12,3.84769039546e-12],"var":[2.16272638909e-7,0.000229196841246,0.0000830101344036,0.0000876409321791,0.0000257575866272,0.000012067280295,0.00000870328130986,0.0000122027304315,0.0000129481295517,0.00000206712093132,8.25407937555e-7,9.08498577701e-7,0.00000108324331904,0.00000109012864868,6.90651461355e-7,0.00000104694470338,1.10588445068e-7,6.37535677583e-8,4.06236289052e-8,4.85545221807e-8,1.68020513058e-8,1.55208947916e-8,2.08983905736e-8,4.78598671805e-8,7.37272554119e-9,8.9679319526e-11,3.356623356e-12]},"barkbands_crest":{"dmean":2.20915365219,"dmean2":3.57469630241,"dvar":5.29271316528,"dvar2":13.7657299042,"max":25.6008396149,"mean":11.3524646759,"median":10.684422493,"min":3.1091837883,"var":16.7982521057},"barkbands_flatness_db":{"dmean":0.0189460981637,"dmean2":0.0285781919956,"dvar":0.000354024523403,"dvar2":0.000763607793488,"max":0.496913015842,"mean":0.185218676925,"median":0.169599294662,"min":0.0302312094718,"var":0.00530503876507},"barkbands_kurtosis":{"dmean":2.49772286415,"dmean2":3.8783686161,"dvar":13.264673233,"dvar2":30.2985343933,"max":89.6807556152,"mean":5.37643241882,"median":3.66795253754,"min":-1.89504849911,"var":39.3778343201},"barkbands_skewness":{"dmean":0.427434265614,"dmean2":0.655286550522,"dvar":0.198760151863,"dvar2":0.440121799707,"max":8.06425952911,"mean":1.98290002346,"median":1.90652048588,"min":-2.05269742012,"var":1.00388348103},"barkbands_spread":{"dmean":3.0903646946,"dmean2":4.8566737175,"dvar":15.1261053085,"dvar2":33.8031158447,"max":104.611663818,"mean":14.0914239883,"median":12.8863544464,"min":0.81410998106,"var":61.6541786194},"dissonance":{"dmean":0.0196304973215,"dmean2":0.0330614075065,"dvar":0.000320235296385,"dvar2":0.000877283804584,"max":0.499999970198,"mean":0.450346589088,"median":0.46240067482,"min":0.170060396194,"var":0.00184812862426},"dynamic_complexity":4.19489717484,"erbbands":{"dmean":[0.198087647557,1.17350435257,2.60347485542,8.90324497223,8.80229759216,9.25606155396,5.83927059174,13.7783660889,10.8781652451,19.1457118988,20.025308609,21.1399402618,19.6745052338,10.6380615234,10.2090911865,10.00141716,11.5424222946,17.4884910583,10.7406339645,13.0558757782,12.6675748825,7.22538661957,5.77860784531,3.97004151344,3.34361338615,2.90586185455,1.81290030479,1.89847254753,1.40014266968,1.23890578747,0.924211859703,0.848287343979,0.587240755558,0.257331728935,0.0724167749286,0.016074590385,0.00419322401285,0.000813419988845,0.0000846302718855,0.0000154309727805],"dmean2":[0.31891053915,1.79502987862,4.34997844696,15.3013153076,15.0471887589,15.9183950424,9.58509635925,23.0539093018,18.1805057526,30.7547721863,32.1304473877,34.3790855408,31.2554416656,16.8896465302,16.1762428284,15.9286022186,18.724571228,28.2863140106,17.155872345,21.0815124512,20.1143703461,11.6395149231,9.23062324524,6.45967006683,5.17161989212,4.55944538116,2.89797377586,2.90785598755,2.06002855301,1.77230298519,1.30310201645,1.20661103725,0.832930326462,0.369075238705,0.104749590158,0.0221678782254,0.00604016147554,0.00122189661488,0.000123916790471,0.0000224560189963],"dvar":[0.30386865139,7.48536968231,15.968708992,267.420318604,209.155410767,275.365570068,108.070991516,870.058349609,481.517364502,2286.52416992,1926.2701416,2416.57006836,1547.7824707,549.994567871,292.770446777,406.25100708,594.498840332,1560.25854492,754.237854004,1206.4206543,781.94934082,113.304244995,63.2528610229,33.3377418518,37.8795166016,29.7147274017,14.0448036194,15.4516468048,6.95140838623,6.6627163887,7.57634162903,10.8577871323,5.63583660126,1.07249104977,0.0804534107447,0.00192368484568,0.000115449656732,0.00000429486726716,4.31581348437e-8,6.16667494846e-10],"dvar2":[0.70844078064,15.155796051,42.2006149292,745.601501465,573.17401123,777.98248291,284.146514893,2397.74267578,1305.08703613,5953.44580078,4681.19433594,6271.95117188,3917.74609375,1354.58752441,712.508239746,974.053894043,1504.74133301,4105.10058594,1664.47900391,2567.87792969,1711.96459961,286.210357666,154.140884399,85.4483947754,83.9976196289,69.767539978,34.0586357117,34.8627433777,14.4343509674,14.5916938782,14.6726341248,22.3088760376,11.7643556595,2.24339485168,0.174662128091,0.00370011432096,0.000229712386499,0.0000091936044555,8.80554935634e-8,1.22833498928e-9],"max":[4.26291847229,24.3396606445,46.485458374,172.991134644,186.175857544,205.456588745,241.401977539,563.294799805,552.571105957,1494.1940918,1061.67724609,1636.46533203,1742.85620117,706.019958496,566.43963623,657.05657959,748.896484375,1224.34423828,1050.77197266,1532.84375,1536.95043945,192.798721313,163.673904419,107.150817871,170.568710327,128.076324463,53.3565635681,98.7227630615,72.1959533691,72.9840698242,81.7891998291,114.004699707,77.6284484863,34.7382125854,10.1293354034,1.28135943413,0.359568715096,0.0485235601664,0.00400159973651,0.000384293874959],"mean":[0.17833276093,1.6203725338,7.51949977875,20.0063018799,17.2613811493,14.0330638885,10.5305252075,20.4908657074,18.6502361298,34.8482627869,37.5814933777,40.2690734863,39.3531684875,23.8784599304,21.6634674072,21.4278335571,24.8549976349,33.5597610474,22.0368309021,26.3279705048,27.879858017,17.8182868958,14.5855169296,10.1747341156,8.18633937836,6.75331354141,3.45475530624,3.23440623283,2.87619638443,2.48117661476,1.73135209084,1.49941003323,1.01501238346,0.434076488018,0.1136482656,0.0243007596582,0.00578477187082,0.00105254305527,0.000124316487927,0.0000506862925249],"median":[0.0200998932123,0.652597367764,5.58006048203,10.8397636414,11.2353887558,7.42320251465,5.3762845993,7.02242708206,7.94008350372,14.5040178299,15.0088005066,18.0973434448,19.5583972931,12.4222192764,11.7928190231,12.6084318161,13.7178087234,17.0601215363,13.5259094238,15.6907491684,16.3680057526,12.7841148376,11.4990844727,7.64980840683,4.69886779785,2.9894695282,1.46651029587,0.941645622253,0.918495476246,0.717423439026,0.398511648178,0.275439172983,0.179579287767,0.0740230232477,0.0212211813778,0.00413386616856,0.000720267358702,0.0000988641913864,0.0000291262495011,0.0000466076526209],"min":[1.82082343994e-12,1.09721060362e-11,1.76409043623e-11,1.46182840138e-11,9.58508272753e-11,1.28450014514e-10,2.82836254417e-10,9.86379977697e-10,8.54811943451e-10,1.19603660309e-9,9.22029397277e-10,9.92428472735e-10,2.41580133675e-9,2.21047291582e-9,5.24756949005e-9,1.0939960049e-8,4.41201031265e-9,5.03518871042e-9,6.16171558221e-9,5.64922109092e-9,9.16163589437e-9,8.38356672972e-9,2.93204909241e-8,4.40478764574e-8,2.49407587916e-8,7.77541444563e-8,1.94158875644e-8,2.87875856486e-8,4.04760100992e-8,3.28114140302e-8,1.93082829725e-8,2.3997852594e-8,1.86110415967e-8,1.88491462438e-8,1.70809979494e-8,9.43146716281e-9,4.83250284233e-9,1.84569060035e-9,5.0099818738e-10,5.53039176954e-11],"var":[0.280584037304,9.53234100342,50.4692382812,562.564575195,400.046295166,362.24230957,239.555465698,1352.62927246,927.992492676,5174.55810547,5762.55810547,5857.55957031,4074.78076172,1932.20935059,916.013793945,1153.82775879,1688.21813965,3900.84130859,1487.57775879,2806.56298828,2799.70043945,368.715606689,206.839126587,109.448616028,127.906723022,98.0926818848,28.0042934418,31.2981090546,19.8751087189,17.771938324,18.3465442657,21.9930858612,11.3630657196,2.00414848328,0.134119212627,0.00375517364591,0.000214419269469,0.0000072141478995,7.70741976908e-8,1.73702241479e-9]},"erbbands_crest":{"dmean":2.11553287506,"dmean2":3.40040206909,"dvar":4.21072816849,"dvar2":10.4250993729,"max":32.2156791687,"mean":8.52621555328,"median":7.343729496,"min":2.46397352219,"var":17.9521274567},"erbbands_flatness_db":{"dmean":0.0162339750677,"dmean2":0.0222699400038,"dvar":0.000301112740999,"dvar2":0.000530186109245,"max":0.480398803949,"mean":0.193558305502,"median":0.179168641567,"min":0.0492213405669,"var":0.00468535814434},"erbbands_kurtosis":{"dmean":0.506312549114,"dmean2":0.805688679218,"dvar":0.49300596118,"dvar2":1.21950018406,"max":29.6832084656,"mean":-0.110643565655,"median":-0.505537033081,"min":-1.71269261837,"var":2.69216036797},"erbbands_skewness":{"dmean":0.269984990358,"dmean2":0.428252547979,"dvar":0.057269345969,"dvar2":0.146308630705,"max":4.83697223663,"mean":0.298780322075,"median":0.255558162928,"min":-2.46964335442,"var":0.321824163198},"erbbands_spread":{"dmean":5.86114883423,"dmean2":8.96116065979,"dvar":40.4782104492,"dvar2":83.8656692505,"max":141.470046997,"mean":36.5360641479,"median":35.7710227966,"min":2.48708319664,"var":208.992248535},"gfcc":{"cov":[[20336.4160156,-2439.3293457,2014.09619141,2712.67871094,-977.751464844,2666.14501953,-301.050201416,1249.40136719,151.289260864,433.840332031,-352.926452637,-19.4255237579,-184.850967407],[-2439.3293457,1677.87731934,-563.000915527,-315.625518799,550.432373047,-575.708190918,355.591552734,-330.321838379,103.99016571,-201.508575439,104.255050659,-70.989982605,40.0319328308],[2014.09619141,-563.000915527,858.316223145,517.371826172,-31.6532554626,511.322357178,-96.9507141113,250.475631714,13.9428710938,104.558853149,-47.1525878906,46.9574165344,-15.1541290283],[2712.67871094,-315.625518799,517.371826172,755.511413574,52.1222267151,499.197937012,50.7034568787,222.225662231,100.233268738,47.200969696,-47.8340187073,-2.74717879295,-3.54125761986],[-977.751464844,550.432373047,-31.6532554626,52.1222267151,402.913360596,-126.075386047,193.509796143,-69.2802658081,51.9448242188,-49.0424613953,11.1053647995,-4.92728757858,21.710609436],[2666.14501953,-575.708190918,511.322357178,499.197937012,-126.075386047,674.716491699,-49.4170455933,274.591430664,44.2286682129,49.7840003967,-48.6492881775,-27.3554763794,-34.7055892944],[-301.050201416,355.591552734,-96.9507141113,50.7034568787,193.509796143,-49.4170455933,280.701538086,-32.1377563477,61.2318229675,-28.4405956268,-7.84703540802,-1.13703727722,-18.5734157562],[1249.40136719,-330.321838379,250.475631714,222.225662231,-69.2802658081,274.591430664,-32.1377563477,230.754501343,36.1230430603,43.8231277466,-22.2314338684,-15.4586753845,-8.87895393372],[151.289260864,103.99016571,13.9428710938,100.233268738,51.9448242188,44.2286682129,61.2318229675,36.1230430603,115.193214417,3.77723622322,12.0303726196,-19.7913799286,-5.9777712822],[433.840332031,-201.508575439,104.558853149,47.200969696,-49.0424613953,49.7840003967,-28.4405956268,43.8231277466,3.77723622322,110.111289978,3.8399143219,29.8791255951,-12.2984752655],[-352.926452637,104.255050659,-47.1525878906,-47.8340187073,11.1053647995,-48.6492881775,-7.84703540802,-22.2314338684,12.0303726196,3.8399143219,81.7362136841,7.1829457283,6.00950622559],[-19.4255237579,-70.989982605,46.9574165344,-2.74717879295,-4.92728757858,-27.3554763794,-1.13703727722,-15.4586753845,-19.7913799286,29.8791255951,7.1829457283,91.5817337036,18.2828216553],[-184.850967407,40.0319328308,-15.1541290283,-3.54125761986,21.710609436,-34.7055892944,-18.5734157562,-8.87895393372,-5.9777712822,-12.2984752655,6.00950622559,18.2828216553,65.0789642334]],"icov":[[0.000274042686215,-0.000673302274663,0.000349676818587,-0.000940996513236,0.000950787914917,-0.000653052644338,0.000407228450058,-0.000646749103907,0.000678944052197,-0.000982317724265,0.00100050412584,-0.000640297075734,0.000549536256585],[-0.000673302274663,0.00459605641663,-0.000958251883276,0.00266519212164,-0.00446042837575,0.00251330318861,-0.00253466423601,0.00329332589172,-0.00325129344128,0.00480759190395,-0.00490800058469,0.00358055415563,-0.00220627570525],[0.000349676818587,-0.000958251883276,0.00394908152521,-0.00233956240118,-0.000185198790859,-0.0023165603634,0.00240467861295,-0.0019886509981,0.00172827544156,-0.00256302230991,0.00197117007338,-0.00311217154376,0.00198299554177],[-0.000940996513236,0.00266519212164,-0.00233956240118,0.00710745761171,-0.00412962818518,0.00031639583176,-0.00225991848856,0.00246703694575,-0.00448456173763,0.00345228146762,-0.00290906568989,0.00234782532789,-0.00338276079856],[0.000950787914917,-0.00446042837575,-0.000185198790859,-0.00412962818518,0.010060524568,-0.00123043835629,-0.000991280307062,-0.00244420534,0.00296617881395,-0.00388569990173,0.0043163667433,-0.00201635947451,0.000253766367678],[-0.000653052644338,0.00251330318861,-0.0023165603634,0.00031639583176,-0.00123043835629,0.0072891539894,-0.00199915212579,-0.000636627024505,-0.00158898008522,0.00429819803685,-0.00329415709712,0.00356084876694,-0.000312757212669],[0.000407228450058,-0.00253466423601,0.00240467861295,-0.00225991848856,-0.000991280307062,-0.00199915212579,0.00881754048169,-0.00218426156789,-0.000310199131491,-0.00221636495553,0.00444828672335,-0.00480533903465,0.00512777548283],[-0.000646749103907,0.00329332589172,-0.0019886509981,0.00246703694575,-0.00244420534,-0.000636627024505,-0.00218426156789,0.0122950132936,-0.00449003931135,0.00171155191492,-0.00316453562118,0.00471032643691,-0.00378176942468],[0.000678944052197,-0.00325129344128,0.00172827544156,-0.00448456173763,0.00296617881395,-0.00158898008522,-0.000310199131491,-0.00449003931135,0.0154641978443,-0.0049414136447,0.000659803743474,0.0000364739389624,0.00196428806521],[-0.000982317724265,0.00480759190395,-0.00256302230991,0.00345228146762,-0.00388569990173,0.00429819803685,-0.00221636495553,0.00171155191492,-0.0049414136447,0.0183821041137,-0.0066493768245,-0.000428619183367,0.000787324330304],[0.00100050412584,-0.00490800058469,0.00197117007338,-0.00290906568989,0.0043163667433,-0.00329415709712,0.00444828672335,-0.00316453562118,0.000659803743474,-0.0066493768245,0.0198053847998,-0.00563348969445,0.00236049364321],[-0.000640297075734,0.00358055415563,-0.00311217154376,0.00234782532789,-0.00201635947451,0.00356084876694,-0.00480533903465,0.00471032643691,0.0000364739389624,-0.000428619183367,-0.00563348969445,0.0190386231989,-0.00768134044483],[0.000549536256585,-0.00220627570525,0.00198299554177,-0.00338276079856,0.000253766367678,-0.000312757212669,0.00512777548283,-0.00378176942468,0.00196428806521,0.000787324330304,0.00236049364321,-0.00768134044483,0.0215269178152]],"mean":[-44.1974105835,140.076919556,-135.842559814,27.2140865326,-47.9795417786,3.57937073708,-34.2333946228,-0.8061439991,-16.7523574829,-13.5551128387,-15.0525960922,-14.1121797562,-11.8558292389]},"hfc":{"dmean":3.56790065765,"dmean2":5.26873540878,"dvar":24.9613056183,"dvar2":52.2985191345,"max":77.2714767456,"mean":17.6195487976,"median":16.3097190857,"min":1.76438035737e-7,"var":183.819473267},"melbands":{"dmean":[0.00170990196057,0.00121422938537,0.00141637458,0.000620154198259,0.000236779640545,0.000290415278869,0.000172872591065,0.000207992867217,0.000167664751643,0.000144206002005,0.0000991568376776,0.0000443160315626,0.0000424008576374,0.0000270301861747,0.000031709765608,0.000031758681871,0.0000322056002915,0.0000184356740647,0.0000167383968801,0.0000175182340172,0.0000157337744895,0.00000816256851977,0.00000745742454455,0.00000554205189474,0.00000345636749444,0.0000027626094834,0.00000255827444562,0.00000201000057132,0.00000128684678202,0.00000108449648906,0.00000118381467473,8.15178339053e-7,8.23657615001e-7,6.79461436448e-7,5.67398444673e-7,5.09829305884e-7,5.67785491512e-7,4.62155213654e-7,3.38908222375e-7,1.86993489137e-7],"dmean2":[0.00267111719586,0.00193024508189,0.00242125638761,0.00107062840834,0.000389017222915,0.000485151511384,0.000287037284579,0.000333982810844,0.00026988729951,0.000234287232161,0.000157769332873,0.0000699891752447,0.000067324617703,0.0000428491221101,0.0000513487684657,0.0000513430713909,0.0000520052417414,0.0000294726596621,0.000027145144486,0.0000278800616798,0.0000252295048995,0.0000133494704642,0.0000121541434055,0.00000908221682039,0.00000569042185816,0.00000435732545156,0.00000399795999328,0.00000320944377563,0.00000209257291317,0.00000174047170276,0.0000018264049686,0.00000122547987758,0.00000121192488223,9.8779378277e-7,8.19986951228e-7,7.42283475574e-7,8.23589289212e-7,6.69563348765e-7,4.95944732393e-7,2.73253021987e-7],"dvar":[0.0000200301037694,0.00000386514329875,0.00000609660446571,0.00000112870702651,1.55542352331e-7,3.70185205156e-7,1.12497467342e-7,2.32878676343e-7,1.39947502475e-7,9.26311045646e-8,3.88440035692e-8,9.72553682033e-9,5.10080377936e-9,3.86214438208e-9,4.00860589167e-9,5.5682334299e-9,5.25928323114e-9,2.3500243973e-9,1.60735280641e-9,2.45740250371e-9,1.11772058276e-9,1.62587915353e-10,1.20662924097e-10,6.05353128735e-11,2.68333185532e-11,2.31574412424e-11,2.70498155125e-11,1.51351899763e-11,7.78251855321e-12,4.71133201896e-12,6.59692092619e-12,2.63234442924e-12,2.45430216948e-12,2.35035406936e-12,2.67255662045e-12,3.63446664257e-12,5.52847871649e-12,3.96273205222e-12,1.80074163046e-12,6.11370491992e-13],"dvar2":[0.0000440637486463,0.00000882422227733,0.0000168828100868,0.00000328377177539,4.10172731335e-7,0.00000100688248494,3.05387175104e-7,5.95946062276e-7,3.49393872057e-7,2.38380437168e-7,9.85752137694e-8,2.33950743223e-8,1.27703678743e-8,8.61396909357e-9,1.02344523967e-8,1.48156349411e-8,1.35241240429e-8,5.29827737239e-9,3.42320749525e-9,5.50263834498e-9,2.46193576636e-9,4.23236251601e-10,3.0139440943e-10,1.55754367737e-10,7.04804270502e-11,5.28778652809e-11,6.18787660001e-11,3.69590955063e-11,1.97268625046e-11,1.12441332287e-11,1.51685053407e-11,5.70710969802e-12,5.44810030423e-12,5.29136803817e-12,5.23611189129e-12,8.18997213797e-12,1.16171499503e-11,8.59727480179e-12,3.80812352138e-12,1.31443066067e-12],"max":[0.0359416157007,0.0231385994703,0.0256453529,0.0127625185996,0.00907293148339,0.0111692687497,0.00880100484937,0.0135026089847,0.00844618491828,0.00905089173466,0.00844372343272,0.00278564635664,0.00142276007682,0.00294977193698,0.00139518151991,0.00197795778513,0.00212292163633,0.00184530159459,0.00189731293358,0.00222437572666,0.00156096415594,0.000235313782468,0.000202489522053,0.000132620945806,0.000102970851003,0.000147455168189,0.000157885020599,0.000079244178778,0.0000380242490792,0.0000367336906493,0.0000703323457856,0.0000574080659135,0.000046136934543,0.0000391742723878,0.0000497178807564,0.0000666741107125,0.0000696536808391,0.0000708551306161,0.000045421453251,0.0000296736598102],"mean":[0.0017451881431,0.00340232136659,0.00340486224741,0.00108023884241,0.000418476469349,0.000440055096988,0.000304697721731,0.000381942751119,0.000303563225316,0.000271495897323,0.000194303953322,0.000093637710961,0.0000814815211925,0.0000544764807273,0.0000605097775406,0.0000596738282184,0.000059840236645,0.0000337295277859,0.0000327857815137,0.000033879547118,0.0000315217475872,0.0000172853342519,0.0000161107091117,0.0000117212184705,0.00000780898062658,0.00000613756037637,0.00000559969794267,0.0000041994435378,0.00000224822315431,0.00000178108484761,0.00000189603053968,0.00000157823535574,0.00000158856857979,0.00000129899774493,0.00000101071998415,8.81116761775e-7,9.44491716837e-7,7.55927089813e-7,5.63985906865e-7,2.97009535188e-7],"median":[0.00035650737118,0.00248971255496,0.00241191172972,0.000711280328687,0.000224006260396,0.000156795984367,0.00013448271784,0.000154066277901,0.000107581312477,0.000123426769278,0.0000926291759242,0.0000435232686868,0.0000406165563618,0.0000262157191173,0.0000318848069583,0.0000297357291856,0.000028895217838,0.0000183665943041,0.0000200537797355,0.0000190958908206,0.0000175519417098,0.0000114755521281,0.0000111677118184,0.0000086053078121,0.00000552019992028,0.00000371096962226,0.000002426330866,0.00000170082569184,9.16283966035e-7,5.87709962474e-7,4.88909506657e-7,4.82704763272e-7,4.79829907363e-7,3.49511168451e-7,2.22289330054e-7,1.50627272433e-7,1.62989735486e-7,1.24204106555e-7,8.75527561561e-8,4.74059547173e-8],"min":[2.04550121958e-14,1.48756705467e-14,4.7582177456e-15,8.92350565185e-15,8.41501737405e-15,2.316857711e-14,1.27537666165e-14,1.22220094966e-14,7.23507676161e-15,6.91980982809e-15,1.21629467362e-14,8.62760146799e-15,1.23471027104e-14,3.09813955632e-14,1.70933247754e-14,9.66661697384e-15,8.6776153754e-15,8.92919601919e-15,1.1352652996e-14,5.40648763551e-15,1.12957027358e-14,5.77511637416e-15,1.50532798032e-14,2.81070197498e-14,3.69510703231e-14,1.41094995998e-14,3.45371314555e-14,4.6286250928e-14,1.05780659297e-14,1.02605319125e-14,2.13895538109e-14,2.67105792101e-14,1.68503550685e-14,1.99693048691e-14,9.98764415492e-15,1.45639116001e-14,1.44270480165e-14,1.38167768717e-14,1.26697799116e-14,1.63869568956e-14],"var":[0.0000207577177207,0.0000106089746623,0.0000129152440422,0.00000159590888416,3.17764914826e-7,5.89657190631e-7,2.3271752525e-7,5.70335657812e-7,3.71471941207e-7,2.28425221849e-7,1.03218972924e-7,3.40416406175e-8,1.37943141354e-8,1.26524408728e-8,9.28750587548e-9,1.26187664762e-8,1.32443327416e-8,4.44446257575e-9,3.66567731724e-9,5.09565056817e-9,3.7109866291e-9,4.02231220553e-10,3.33120198093e-10,1.50398402066e-10,7.32746502363e-11,6.8826160049e-11,8.52077644553e-11,4.18547523029e-11,1.35510725904e-11,8.66944450256e-12,1.22966420033e-11,6.69414393709e-12,6.40158108814e-12,5.75531289293e-12,6.29241580716e-12,6.71341584754e-12,1.04743600945e-11,7.35578698646e-12,3.37818878773e-12,1.05139226318e-12]},"melbands_crest":{"dmean":2.65181088448,"dmean2":4.3511428833,"dvar":6.88510227203,"dvar2":18.8121623993,"max":31.5400943756,"mean":16.0692234039,"median":15.9534254074,"min":1.46397686005,"var":23.8076267242},"melbands_flatness_db":{"dmean":0.0214945599437,"dmean2":0.0320609137416,"dvar":0.000487984652864,"dvar2":0.0010530318832,"max":0.594692468643,"mean":0.257962495089,"median":0.245238229632,"min":0.00351575063542,"var":0.00637045083568},"melbands_kurtosis":{"dmean":5.62956047058,"dmean2":8.68606185913,"dvar":68.3036270142,"dvar2":151.676528931,"max":191.891052246,"mean":14.3313531876,"median":10.7521066666,"min":-1.4032907486,"var":196.288726807},"melbands_skewness":{"dmean":0.591427326202,"dmean2":0.905146062374,"dvar":0.38275668025,"dvar2":0.842439472675,"max":12.2982263565,"mean":2.9715423584,"median":2.87368583679,"min":-0.852672576904,"var":1.91357553005},"melbands_spread":{"dmean":3.33863401413,"dmean2":5.25439739227,"dvar":17.1055583954,"dvar2":40.7824058533,"max":166.420501709,"mean":14.2945995331,"median":12.3335018158,"min":1.01723206043,"var":110.358772278},"mfcc":{"cov":[[14290.6191406,-584.963317871,1115.27844238,1468.21520996,300.817199707,959.159606934,385.699249268,647.666931152,631.667724609,609.877990723,177.620529175,208.603775024,167.484710693],[-584.963317871,1279.76196289,-387.549438477,314.940490723,115.998168945,85.9086837769,156.492721558,99.7782669067,70.745475769,-24.9722690582,64.8908081055,-33.866191864,1.981082201],[1115.27844238,-387.549438477,543.380981445,47.2526473999,135.461090088,102.014839172,19.3883399963,54.2942314148,39.4153289795,69.3477172852,-11.7932348251,41.6855125427,34.2542915344],[1468.21520996,314.940490723,47.2526473999,607.476989746,162.663314819,222.278396606,154.448745728,146.333816528,175.286834717,85.3472518921,44.735080719,32.6167144775,46.3588066101],[300.817199707,115.998168945,135.461090088,162.663314819,270.380187988,88.6647796631,73.7153625488,76.9548416138,71.09790802,54.0194320679,-7.16467857361,15.2980937958,21.7201404572],[959.159606934,85.9086837769,102.014839172,222.278396606,88.6647796631,221.97164917,109.624092102,97.7824401855,83.1371688843,57.1592788696,35.064781189,12.2920017242,11.3372268677],[385.699249268,156.492721558,19.3883399963,154.448745728,73.7153625488,109.624092102,158.009246826,100.888069153,72.8128128052,40.3949432373,32.3643035889,9.91137123108,5.49506044388],[647.666931152,99.7782669067,54.2942314148,146.333816528,76.9548416138,97.7824401855,100.888069153,171.923873901,95.3623504639,66.6395645142,30.3441638947,12.3154640198,16.538192749],[631.667724609,70.745475769,39.4153289795,175.286834717,71.09790802,83.1371688843,72.8128128052,95.3623504639,143.51210022,74.5587310791,26.8992462158,10.8355360031,12.5562963486],[609.877990723,-24.9722690582,69.3477172852,85.3472518921,54.0194320679,57.1592788696,40.3949432373,66.6395645142,74.5587310791,118.458229065,44.9012985229,22.5955200195,10.8887586594],[177.620529175,64.8908081055,-11.7932348251,44.735080719,-7.16467857361,35.064781189,32.3643035889,30.3441638947,26.8992462158,44.9012985229,96.7364273071,29.8310108185,8.46958446503],[208.603775024,-33.866191864,41.6855125427,32.6167144775,15.2980937958,12.2920017242,9.91137123108,12.3154640198,10.8355360031,22.5955200195,29.8310108185,65.4808959961,29.0288524628],[167.484710693,1.981082201,34.2542915344,46.3588066101,21.7201404572,11.3372268677,5.49506044388,16.538192749,12.5562963486,10.8887586594,8.46958446503,29.0288524628,72.3571853638]],"icov":[[0.000155134024681,0.000058142515627,-0.00017236918211,-0.000274618592812,0.000280060135992,-0.000357891287422,0.000198678972083,-0.000215230436879,-0.0000260401266132,-0.000413180154283,0.000175697976374,-0.000141164142406,0.00000574459636482],[0.000058142515627,0.00163216562942,0.00120186270215,-0.000690976623446,-0.000951720110606,-0.0000294483434118,-0.00062420667382,-0.000487147859531,0.000302177446429,0.000880144361872,-0.00120137783233,0.000974959810264,-0.00029188930057],[-0.00017236918211,0.00120186270215,0.00384465395473,0.000475611246657,-0.00212148739956,-0.00117125594988,0.0000812091529951,-0.000290707597742,0.000469501101179,0.0000289373128908,0.00019779005379,-0.000603331835009,-0.000745034194551],[-0.000274618592812,-0.000690976623446,0.000475611246657,0.00438522733748,-0.00097620167071,-0.001915750443,-0.000564470887184,0.000819234526716,-0.00299476739019,0.000981591059826,0.000310519069899,-0.000885208428372,-0.00124058395158],[0.000280060135992,-0.000951720110606,-0.00212148739956,-0.00097620167071,0.00677686790004,-0.000656496267766,-0.000605608336627,-0.000484282500111,-0.000434592337115,-0.00267057516612,0.00315394345671,-0.00118726259097,-0.000182718897122],[-0.000357891287422,-0.0000294483434118,-0.00117125594988,-0.001915750443,-0.000656496267766,0.0108459331095,-0.00411451002583,-0.000495547079481,0.000544567999896,0.00068198191002,-0.00217274064198,0.00196670508012,0.000802694994491],[0.000198678972083,-0.00062420667382,0.0000812091529951,-0.000564470887184,-0.000605608336627,-0.00411451002583,0.0139393359423,-0.00499813212082,-0.00121687469073,0.000808081415016,-0.00111758697312,-0.00121494906489,0.00149847543798],[-0.000215230436879,-0.000487147859531,-0.000290707597742,0.000819234526716,-0.000484282500111,-0.000495547079481,-0.00499813212082,0.0128658870235,-0.00417532073334,-0.00187145080417,0.0000179029120773,0.000752251362428,-0.00151151302271],[-0.0000260401266132,0.000302177446429,0.000469501101179,-0.00299476739019,-0.000434592337115,0.000544567999896,-0.00121687469073,-0.00417532073334,0.0167919136584,-0.00629877205938,0.000566063914448,0.00143481011037,0.000232388949371],[-0.000413180154283,0.000880144361872,0.0000289373128908,0.000981591059826,-0.00267057516612,0.00068198191002,0.000808081415016,-0.00187145080417,-0.00629877205938,0.0183721799403,-0.00713717658073,-0.000345882086549,0.000653328897897],[0.000175697976374,-0.00120137783233,0.00019779005379,0.000310519069899,0.00315394345671,-0.00217274064198,-0.00111758697312,0.0000179029120773,0.000566063914448,-0.00713717658073,0.0175151489675,-0.00757814617828,0.000773978594225],[-0.000141164142406,0.000974959810264,-0.000603331835009,-0.000885208428372,-0.00118726259097,0.00196670508012,-0.00121494906489,0.000752251362428,0.00143481011037,-0.000345882086549,-0.00757814617828,0.0237578451633,-0.00771986600012],[0.00000574459636482,-0.00029188930057,-0.000745034194551,-0.00124058395158,-0.000182718897122,0.000802694994491,0.00149847543798,-0.00151151302271,0.000232388949371,0.000653328897897,0.000773978594225,-0.00771986600012,0.0179911945015]],"mean":[-670.870056152,152.077285767,-13.1371555328,18.1385955811,7.92400884628,1.8714299202,-3.96966767311,5.35009908676,-2.00873422623,0.851272702217,-0.501373410225,-4.81996154785,-5.82669830322]},"pitch_salience":{"dmean":0.0643243640661,"dmean2":0.105942606926,"dvar":0.00395138375461,"dvar2":0.010502660647,"max":0.877685904503,"mean":0.513489723206,"median":0.51500248909,"min":0.106553666294,"var":0.012701750733},"silence_rate_20dB":{"dmean":0,"dmean2":0,"dvar":0,"dvar2":0,"max":1,"mean":1,"median":1,"min":1,"var":0},"silence_rate_30dB":{"dmean":0.0456996895373,"dmean2":0.0914058610797,"dvar":0.0436052940786,"dvar2":0.12065025419,"max":1,"mean":0.973107218742,"median":1,"min":0,"var":0.0261699967086},"silence_rate_60dB":{"dmean":0.00638660229743,"dmean2":0.0127741107717,"dvar":0.00634529581293,"dvar2":0.0136069012806,"max":1,"mean":0.119420990348,"median":0,"min":0,"var":0.105175971985},"spectral_centroid":{"dmean":137.878189087,"dmean2":223.262466431,"dvar":22451.5195312,"dvar2":58153.3828125,"max":4039.68261719,"mean":863.4375,"median":812.309692383,"min":208.452590942,"var":133696.015625},"spectral_complexity":{"dmean":2.82145905495,"dmean2":4.39493274689,"dvar":10.0825166702,"dvar2":19.566192627,"max":54,"mean":19.3730220795,"median":21,"min":0,"var":107.069259644},"spectral_contrast_coeffs":{"dmean":[0.0492145121098,0.04679242149,0.0364568643272,0.0287099145353,0.0204966273159,0.0187230706215],"dmean2":[0.0814559683204,0.0771932154894,0.0590114630759,0.0465943440795,0.0332123450935,0.0292901434004],"dvar":[0.00182727887295,0.00148998969235,0.000873536453582,0.000534090562724,0.000281066371826,0.000295885693049],"dvar2":[0.00481750303879,0.0039854417555,0.00225706933998,0.00134901225101,0.0006959241,0.000677354226355],"max":[-0.275327324867,-0.363722980022,-0.468371331692,-0.530071973801,-0.601620137691,-0.619014918804],"mean":[-0.557695090771,-0.700052976608,-0.734403908253,-0.767967820168,-0.775975048542,-0.75782084465],"median":[-0.560965418816,-0.71153318882,-0.741441011429,-0.777056217194,-0.779558897018,-0.752665877342],"min":[-0.954245448112,-0.961367666721,-0.958234965801,-0.949452638626,-0.939852297306,-0.922110021114],"var":[0.00658121053129,0.00799762830138,0.0050310716033,0.00323671055958,0.00151851610281,0.00219005974941]},"spectral_contrast_valleys":{"dmean":[0.441925644875,0.331163346767,0.279825478792,0.238804280758,0.209429711103,0.363663226366],"dmean2":[0.704415500164,0.542607247829,0.451978772879,0.377939730883,0.314398854971,0.484924376011],"dvar":[0.160114571452,0.0791200920939,0.0546123497188,0.043717097491,0.0491121076047,0.176526814699],"dvar2":[0.352193951607,0.190306290984,0.130171865225,0.0976253226399,0.0927675738931,0.315386295319],"max":[-4.9391336441,-4.7164607048,-5.5442814827,-5.96085071564,-5.99651384354,-7.83569097519],"mean":[-7.64318370819,-7.09019470215,-7.59474515915,-7.82116174698,-8.04783821106,-11.2859764099],"median":[-7.08547019958,-6.42863559723,-7.01968050003,-7.22486639023,-7.46963739395,-10.6078042984],"min":[-18.7582798004,-17.2371482849,-17.3699970245,-17.4975833893,-16.7793655396,-18.2777614594],"var":[3.64906549454,3.28249573708,2.64204144478,2.57191801071,2.54004478455,4.15854358673]},"spectral_decrease":{"dmean":2.79155143446e-9,"dmean2":4.23700408092e-9,"dvar":1.81374751405e-17,"dvar2":3.49669593569e-17,"max":2.01080141607e-18,"mean":-9.88615411757e-9,"median":-9.68653424138e-9,"min":-4.03755500145e-8,"var":5.77244284701e-17},"spectral_energy":{"dmean":0.0107482336462,"dmean2":0.0162894241512,"dvar":0.000264192727627,"dvar2":0.000509172386955,"max":0.155236572027,"mean":0.0389108769596,"median":0.0383465215564,"min":1.67775914689e-11,"var":0.000871834869031},"spectral_energyband_high":{"dmean":0.000169940540218,"dmean2":0.000241027359152,"dvar":1.31972029749e-7,"dvar2":2.56831327761e-7,"max":0.00726647255942,"mean":0.000384043290978,"median":0.000138431496453,"min":1.21178267073e-11,"var":3.85987192431e-7},"spectral_energyband_low":{"dmean":0.00793472584337,"dmean2":0.0119298668578,"dvar":0.000214978528675,"dvar2":0.000416213937569,"max":0.12652592361,"mean":0.0194742996246,"median":0.0131977479905,"min":1.02996604301e-13,"var":0.00046619848581},"spectral_energyband_middle_high":{"dmean":0.00109080970287,"dmean2":0.00167822628282,"dvar":0.00000257918850366,"dvar2":0.00000608546679359,"max":0.0412120856345,"mean":0.00457829004154,"median":0.00375722837634,"min":3.06701278957e-12,"var":0.0000189287056855},"spectral_energyband_middle_low":{"dmean":0.00651619816199,"dmean2":0.0109574934468,"dvar":0.0000913149706321,"dvar2":0.000248981028562,"max":0.0933336094022,"mean":0.0187513977289,"median":0.0161368921399,"min":4.01478736324e-13,"var":0.000241140762228},"spectral_entropy":{"dmean":0.134948268533,"dmean2":0.200271740556,"dvar":0.0180084239691,"dvar2":0.0361073352396,"max":8.83603572845,"mean":7.19294166565,"median":7.33869552612,"min":4.32823324203,"var":0.38495978713},"spectral_flux":{"dmean":0.0260738059878,"dmean2":0.0408959388733,"dvar":0.00118678633589,"dvar2":0.00263029127382,"max":0.313652485609,"mean":0.0833581835032,"median":0.0736650601029,"min":0.00000600404518991,"var":0.00376264215447},"spectral_kurtosis":{"dmean":3.78802466393,"dmean2":6.69126033783,"dvar":32.7848243713,"dvar2":104.7576828,"max":97.3233261108,"mean":8.29350852966,"median":5.32625865936,"min":-1.1469681263,"var":92.1031646729},"spectral_rms":{"dmean":0.000738422677387,"dmean2":0.001109799603,"dvar":9.76764795269e-7,"dvar2":0.00000181227403573,"max":0.0123065151274,"mean":0.00554157840088,"median":0.00611647265032,"min":1.2793897497e-7,"var":0.0000072526513577},"spectral_rolloff":{"dmean":230.733428955,"dmean2":386.811584473,"dvar":228765.0625,"dvar2":516150.3125,"max":19466.015625,"mean":855.090087891,"median":667.529296875,"min":86.1328125,"var":1535008},"spectral_skewness":{"dmean":0.343217641115,"dmean2":0.596011400223,"dvar":0.175773501396,"dvar2":0.563149929047,"max":7.67664384842,"mean":1.84793639183,"median":1.67757260799,"min":0.351384669542,"var":0.532989740372},"spectral_spread":{"dmean":415809.1875,"dmean2":580813.5625,"dvar":290109063168,"dvar2":468280475648,"max":14849793,"mean":3407059.25,"median":3280007,"min":839508.0625,"var":2002031476740},"spectral_strongpeak":{"dmean":0.317158102989,"dmean2":0.545153319836,"dvar":0.407932132483,"dvar2":1.03673803806,"max":13.8444728851,"mean":0.775183498859,"median":0.627831220627,"min":0,"var":0.611166894436},"zerocrossingrate":{"dmean":0.00571298087016,"dmean2":0.00696823885664,"dvar":0.0000470631457574,"dvar2":0.0000553899772058,"max":0.52392578125,"mean":0.0374139584601,"median":0.03271484375,"min":0.0048828125,"var":0.00103473791387}},"metadata":{"audio_properties":{"analysis_sample_rate":44100,"bit_rate":0,"codec":"flac","downmix":"mix","equal_loudness":0,"length":327.210571289,"lossless":true,"md5_encoded":"8d7e28bb2a6409137bf68937f7b554d2","replay_gain":-15.002204895,"sample_rate":44100},"tags":{"album":["Villains"],"albumartist":["Queens of the Stone Age"],"albumartistsort":["Queens of the Stone Age"],"artist":["Queens of the Stone Age"],"artistsort":["Queens of the Stone Age"],"asin":["B071G99QQ2"],"bpm":["0"],"catalognumber":["OLE-1125-2"],"compilation":["0"],"composer":["Dean Fertita, Joshua Homme, Michael Shuman, Troy Van Leeuwen"],"date":["2017-08-25"],"discnumber":["1"],"disctotal":["1"],"encodedby":["Lavf56.25.101"],"file_name":"04 Fortress.flac","genre":["Rock"],"label":["Matador"],"language":["eng"],"media":["CD"],"musicbrainz_albumartistid":["7dc8f5bd-9d0b-4087-9f73-dc164950bbd8"],"musicbrainz_albumid":["fde9a6de-1610-44d5-8f11-bfc139656a2b"],"musicbrainz_artistid":["7dc8f5bd-9d0b-4087-9f73-dc164950bbd8"],"musicbrainz_recordingid":["157db123-59d8-4efe-a272-8582e5200524"],"musicbrainz_releasegroupid":["7e7270ae-a73a-48e2-a8a6-20e1112e21f8"],"originaldate":["2017-08-25"],"releasecountry":["XW"],"script":["Latn"],"title":["Fortress"],"totaldiscs":["1"],"totaltracks":["9"],"tracknumber":["4"],"tracktotal":["9"]},"version":{"essentia":"2.1-beta2","essentia_build_sha":"05ddcf096b9560a4bec586e3e2c3f09258f97377","essentia_git_sha":"v2.1_beta2","extractor":"music 1.0"}},"rhythm":{"beats_count":662,"beats_loudness":{"dmean":0.0260798558593,"dmean2":0.0476832054555,"dvar":0.000610462448094,"dvar2":0.00196652347222,"max":0.148520126939,"mean":0.0528730712831,"median":0.0528110563755,"min":9.57649237687e-11,"var":0.00129110447597},"beats_loudness_band_ratio":{"dmean":[0.257469117641,0.163488551974,0.109276883304,0.0541060678661,0.0363857038319,0.0291446037591],"dmean2":[0.484581589699,0.30341848731,0.193936049938,0.0961137786508,0.065193451941,0.0561989694834],"dvar":[0.04175252