{"lowlevel":{"average_loudness":0.794443905354,"barkbands":{"dmean":[0.000463124422822,0.00707755424082,0.0033019031398,0.00154459313489,0.00155534618534,0.000809592835139,0.000604211119935,0.00069863779936,0.000695293361787,0.000576728605665,0.000363829516573,0.000916697550565,0.000691306835506,0.000683333433699,0.000457276764791,0.000329074566253,0.000241739457124,0.000164446901181,0.000157158763614,0.0000903927357285,0.0000909237205633,0.000103064870927,0.0000953363414737,0.000075837931945,0.0000566218041058,0.0000323577623931,0.00000105103333681],"dmean2":[0.000758117297664,0.0116376774386,0.00581855792552,0.00269341771491,0.00264731235802,0.00129273533821,0.000938185956329,0.00111637334339,0.00109966041055,0.000915486481972,0.000572033284698,0.00147299503442,0.00109329656698,0.00107165146619,0.000731027219445,0.000520678877365,0.000385822786484,0.000271267548669,0.000250413751928,0.000151279891725,0.000150958934682,0.000169995546457,0.000149352883454,0.000116425653687,0.0000905401684577,0.0000509851670358,0.00000175574052719],"dvar":[9.91158117358e-7,0.000240731795202,0.000036818364606,0.00000718384262655,0.00000648923059998,0.00000196036148736,0.00000110701228095,0.00000259118132817,0.00000241048564931,0.0000011252469676,0.00000149663651428,0.0000128796491481,0.00000246593936026,0.00000283681424662,0.00000130890509809,6.64614276502e-7,5.87564215948e-7,9.24719429918e-8,1.24992311612e-7,9.29461805299e-8,2.67508806218e-8,4.71741756769e-8,8.67064144927e-8,6.73033753174e-8,2.1899673186e-8,8.59220339322e-9,2.3703096777e-11],"dvar2":[0.00000253762505054,0.000594318611547,0.000103918697278,0.0000196345918084,0.0000174340948433,0.00000443792532678,0.00000264452614829,0.00000647847582513,0.0000058169030126,0.00000279206210507,0.00000282821224573,0.000034388172935,0.0000058118907873,0.00000682504287397,0.00000330255011249,0.00000143268130159,0.00000145132537455,2.32377487919e-7,2.92957736292e-7,2.23458073378e-7,6.63157635472e-8,1.15329655159e-7,1.95157326743e-7,1.19504036888e-7,5.31340695886e-8,2.12875495009e-8,6.35476601896e-11],"max":[0.0112869050354,0.18122009933,0.0713592469692,0.050905842334,0.0567125678062,0.0444964282215,0.0342569313943,0.040390688926,0.05558142066,0.0240336991847,0.0818821564317,0.138578444719,0.0377802103758,0.0632581338286,0.0345140360296,0.0397455655038,0.0571511946619,0.00681843608618,0.00889900512993,0.0288058128208,0.0049923537299,0.00512915616855,0.0115783885121,0.0139956893399,0.00499252742156,0.00207223347388,0.000237051412114],"mean":[0.000489912170451,0.00833755824715,0.00362227577716,0.00187418749556,0.00250192452222,0.00148632773198,0.00118050351739,0.00109646900091,0.001174239791,0.000961466110311,0.000588773342315,0.00162355869543,0.00119154795539,0.00115286896471,0.000745835131966,0.000556334212888,0.00044144896674,0.000310235889629,0.000320716964779,0.00015736844216,0.000167128368048,0.000192253108253,0.000181480427273,0.000135628302814,0.0000825525203254,0.0000437847011199,0.00000133623132115],"median":[0.000124702550238,0.00361830554903,0.00163037166931,0.000978887081146,0.00149755144957,0.00082048017066,0.000591958407313,0.00040946068475,0.000448497768957,0.000468949787319,0.000203347910428,0.000339001766406,0.00036684027873,0.000231282770983,0.000258392188698,0.000180865026778,0.000199807385798,0.000147746686707,0.000125646416564,0.000077050717664,0.000088119195425,0.0000854705867823,0.0000597813123022,0.0000352570496034,0.0000219255962293,0.00000853393794387,9.28683618895e-8],"min":[1.35332539557e-24,2.52986114583e-24,4.91630935123e-25,8.28508068241e-25,7.30539471865e-24,1.02754931033e-23,1.29940742323e-23,1.542008184e-23,8.89078346823e-24,1.54953233931e-23,1.29436455101e-23,3.23301105152e-23,3.04734380223e-23,3.83997230714e-23,3.18172909733e-23,2.80834482259e-23,6.92171423137e-23,6.50017725588e-23,1.20908433264e-22,1.39947685875e-22,2.65595734297e-22,3.30825796891e-22,4.06544604568e-22,6.40689552668e-22,9.12310341502e-22,1.38672326245e-21,2.0290348646e-21],"var":[9.81364451036e-7,0.000232843012782,0.0000324716529576,0.0000079188903328,0.0000109926750156,0.0000047170765356,0.00000322505525219,0.00000455346162198,0.00000609938842899,0.00000250349717135,0.00000437424796473,0.0000327497655235,0.0000056357162066,0.00000719099352864,0.00000240044687416,0.00000174381796114,7.89234718468e-7,2.26359588851e-7,4.00838757741e-7,1.08838747792e-7,5.10517885743e-8,8.36653200054e-8,1.5160551925e-7,1.60963949725e-7,3.29722809056e-8,1.09506608226e-8,5.47852908872e-11]},"barkbands_crest":{"dmean":3.02482867241,"dmean2":4.97300291061,"dvar":8.22922134399,"dvar2":20.893491745,"max":26.7785015106,"mean":9.6585559845,"median":8.47201633453,"min":2.24784970284,"var":20.1040420532},"barkbands_flatness_db":{"dmean":0.0262457691133,"dmean2":0.0418630391359,"dvar":0.000757602567319,"dvar2":0.00182746606879,"max":0.50298923254,"mean":0.130171269178,"median":0.118386790156,"min":0.0287563297898,"var":0.00372587819584},"barkbands_kurtosis":{"dmean":4.31654644012,"dmean2":7.18070650101,"dvar":259.595794678,"dvar2":754.102722168,"max":679.643798828,"mean":5.67684602737,"median":0.887437820435,"min":-1.87423193455,"var":361.540100098},"barkbands_skewness":{"dmean":0.637061595917,"dmean2":0.996947109699,"dvar":0.590976655483,"dvar2":1.48979210854,"max":19.6425361633,"mean":1.48798596859,"median":1.19123852253,"min":-3.17078757286,"var":2.35972452164},"barkbands_spread":{"dmean":5.62431955338,"dmean2":9.14038181305,"dvar":43.4677658081,"dvar2":101.274803162,"max":129.475601196,"mean":23.4565811157,"median":23.4961433411,"min":0.117494598031,"var":156.77571106},"dissonance":{"dmean":0.0164718069136,"dmean2":0.0277660805732,"dvar":0.000259653810645,"dvar2":0.000713811023161,"max":0.500000119209,"mean":0.471376419067,"median":0.476651251316,"min":0.283230125904,"var":0.000469591817819},"dynamic_complexity":4.30045032501,"erbbands":{"dmean":[0.230635091662,1.57701730728,3.52782869339,4.93279218674,3.98059511185,5.92249965668,7.51633262634,6.03331136703,7.99993419647,9.86279201508,16.7105998993,16.920003891,15.78606987,15.6625709534,17.2425918579,42.9059181213,31.068365097,37.4508972168,24.6670093536,19.0363636017,12.7280740738,11.2003498077,9.35287761688,8.93070983887,5.69646692276,4.23682355881,3.78341841698,3.52735829353,3.7886800766,3.21400904655,2.70519566536,1.94206237793,1.06439948082,0.696930646896,0.413953125477,0.210994586349,0.0338665693998,0.00558872381225,0.000118740135804,0.000017716702132],"dmean2":[0.379020065069,2.63497591019,6.1389093399,8.62467384338,6.84264802933,10.1351118088,12.1074514389,9.76220989227,12.3167295456,15.6544303894,26.7705192566,26.7194957733,25.1010379791,24.9011249542,27.3928318024,68.8872833252,48.883972168,58.8325538635,39.0764808655,30.0858020782,20.0413722992,17.6685695648,15.3169631958,14.1456604004,9.30136680603,7.08397912979,6.32342386246,5.78190279007,6.23497867584,5.24485588074,4.20656633377,3.00685596466,1.61902618408,1.14077591896,0.654205858707,0.3290835917,0.0542050376534,0.00903858430684,0.000188654419617,0.0000270971158898],"dvar":[0.294195383787,11.6645126343,44.5187797546,70.1770324707,44.1296730042,110.234230042,183.950469971,147.129196167,169.901870728,465.235321045,1700.61523438,1553.4864502,963.569274902,1119.28918457,3356.00439453,31994.7246094,5057.78955078,7927.87841797,3547.91210938,2356.99414062,716.432678223,1068.24035645,457.055633545,468.033233643,116.166389465,346.553405762,46.8609008789,42.4953231812,60.8606071472,64.2177276611,68.1197967529,51.9462089539,14.4746685028,3.15362548828,1.25656926632,0.37957072258,0.00888576731086,0.000288805691525,1.11347908671e-7,7.16336434614e-10],"dvar2":[0.748631238937,29.5732097626,123.819396973,198.167984009,121.130325317,289.893981934,427.639526367,337.272796631,400.459014893,1084.66674805,4316.01171875,3762.87426758,2345.57666016,2722.76611328,6754.98193359,85722.5390625,11918.4755859,19190.0195312,8804.48144531,5812.80566406,1579.23583984,2459.19628906,1150.98388672,1105.59606934,293.241790771,827.068786621,121.913925171,101.827323914,147.801986694,157.829345703,146.557006836,94.8295669556,31.0320663452,7.60194587708,3.01526379585,0.923559606075,0.0232557412237,0.000766198209021,2.89193053504e-7,1.56629043069e-9],"max":[5.62749147415,38.7309646606,79.0578765869,140.643096924,109.443824768,287.033905029,353.44644165,538.455444336,451.991027832,943.612731934,1107.40844727,1462.57006836,805.111877441,920.857727051,3469.58740234,7136.56591797,1920.39099121,3321.03344727,2083.95556641,1558.39746094,1206.54602051,2013.10302734,1462.79455566,635.147155762,255.732254028,1870.65576172,133.754867554,235.340194702,171.70085144,382.098297119,255.013977051,371.937042236,297.673126221,54.1674156189,41.8804931641,8.53747367859,4.3667678833,0.485497444868,0.00853269267827,0.000395746203139],"mean":[0.251482754946,1.82203829288,4.0184431076,6.23725700378,5.61936426163,8.83707237244,13.0270233154,10.7678918839,16.1489677429,18.1304607391,26.8191223145,29.3185405731,28.0828762054,26.9155921936,33.1120872498,77.3188171387,58.3667602539,68.6572875977,44.7397384644,34.0381813049,25.3432178497,22.1246509552,19.0617332458,19.2567996979,11.3088464737,7.57808542252,6.81093406677,6.53935909271,7.07355546951,5.96138334274,5.05458545685,3.42726325989,1.87582087517,0.99547958374,0.577067315578,0.268929421902,0.054296143353,0.0086411498487,0.000196068795049,0.0000440402327513],"median":[0.0799912065268,0.849584102631,1.9703296423,3.45170259476,3.21051263809,4.91019487381,6.44225072861,5.63728523254,9.12846469879,8.87921237946,9.79390144348,12.1975927353,13.2295541763,11.7621145248,12.2222862244,17.6648330688,20.9565658569,17.5330543518,18.9213905334,13.1771812439,11.6272068024,10.3956384659,9.55626106262,7.41104745865,5.35505437851,3.78590965271,3.59637761116,3.38650083542,3.04270720482,2.41729426384,1.57697546482,0.854446649551,0.522248625755,0.273422151804,0.13800278306,0.0566610172391,0.00994095392525,0.0011645326158,0.0000439324066974,0.0000335528129654],"min":[1.51172267789e-22,2.0798238249e-22,1.69066508359e-21,1.14053736869e-21,8.6238433698e-21,3.07320118848e-20,8.67431802771e-20,5.6259060851e-20,1.89857130831e-19,2.64506458802e-19,4.18200364776e-19,2.25221686957e-19,7.83916584975e-19,7.50787122563e-19,9.95825161865e-19,1.35326841271e-18,1.7035849856e-18,2.21449857102e-18,2.01354269262e-18,3.03118929263e-18,2.78342884684e-18,4.42616735715e-18,3.85665226464e-18,6.5255397577e-18,7.6622029654e-18,7.49326125145e-18,9.14297372152e-18,9.86298233237e-18,1.13092100261e-17,1.18514798572e-17,1.16064557249e-17,1.18460303913e-17,1.17548833596e-17,7.71526825606e-18,7.15265060908e-18,4.36754548073e-18,2.36698001116e-18,9.82196534092e-19,2.8768984983e-19,3.02203392836e-20],"var":[0.266385495663,10.7031421661,38.3854103088,75.0362930298,60.458568573,173.655654907,442.710021973,331.092376709,459.304382324,1215.07104492,2992.39428711,3687.45605469,2397.74169922,2648.88891602,11471.5976562,75811.8984375,12120.8203125,21209.1171875,7439.68847656,5106.21630859,2122.22167969,1747.52575684,893.895446777,1677.41174316,281.790924072,368.664398193,83.577293396,80.0955581665,114.756820679,102.534660339,128.0574646,112.281616211,28.1861877441,4.82484292984,1.79174745083,0.421689689159,0.0186569578946,0.000798743567429,3.04495216596e-7,1.62628999156e-9]},"erbbands_crest":{"dmean":2.96246409416,"dmean2":4.76490879059,"dvar":7.82021474838,"dvar2":19.1626091003,"max":32.5639533997,"mean":9.4832983017,"median":8.20824813843,"min":1.88903164864,"var":25.3379707336},"erbbands_flatness_db":{"dmean":0.0205036122352,"dmean2":0.0302272289991,"dvar":0.000452082516858,"dvar2":0.000924286898226,"max":0.411354243755,"mean":0.149040654302,"median":0.144200623035,"min":0.0334666445851,"var":0.00198500254191},"erbbands_kurtosis":{"dmean":1.17240858078,"dmean2":1.87108874321,"dvar":6.91088533401,"dvar2":15.812166214,"max":114.664772034,"mean":1.03212344646,"median":0.13635969162,"min":-1.7555911541,"var":14.0416469574},"erbbands_skewness":{"dmean":0.356596857309,"dmean2":0.557936251163,"dvar":0.145762085915,"dvar2":0.347898364067,"max":7.81347608566,"mean":0.159694045782,"median":0.171636253595,"min":-5.22312355042,"var":0.698239028454},"erbbands_spread":{"dmean":8.21692562103,"dmean2":12.9026908875,"dvar":72.5676040649,"dvar2":166.59614563,"max":126.238861084,"mean":35.8859634399,"median":33.4694366455,"min":1.22927486897,"var":311.940887451},"gfcc":{"cov":[[25925.1171875,-1078.83789062,-1810.67687988,-74.8252639771,-1009.29711914,685.148193359,-551.395568848,241.611633301,-327.167419434,426.039001465,-291.653594971,322.099182129,-514.157104492],[-1078.83789062,1257.95800781,-68.7320709229,-8.07499504089,270.581207275,-178.932067871,113.680976868,-133.590545654,85.8501739502,-91.3680114746,103.563995361,-82.4726638794,108.929672241],[-1810.67687988,-68.7320709229,660.226501465,133.37638855,34.8929023743,-11.0832958221,54.5089302063,51.6580543518,1.76330566406,-16.5374126434,-3.72835898399,3.7856259346,48.2429122925],[-74.8252639771,-8.07499504089,133.37638855,233.321838379,-16.6390628815,-10.336438179,-1.61004781723,20.2500362396,21.3827896118,-24.7341556549,5.02989339828,-4.8367934227,29.7382793427],[-1009.29711914,270.581207275,34.8929023743,-16.6390628815,340.931060791,10.5857906342,51.911895752,-22.5329093933,55.0738105774,28.8276557922,21.3979549408,-23.8633766174,32.7500953674],[685.148193359,-178.932067871,-11.0832958221,-10.336438179,10.5857906342,212.026565552,22.8243026733,46.2929267883,3.13121891022,47.0385665894,-11.2131958008,8.59645271301,-26.5202541351],[-551.395568848,113.680976868,54.5089302063,-1.61004781723,51.911895752,22.8243026733,145.573806763,21.7941875458,27.1376914978,-7.64447307587,37.3807678223,2.83464598656,13.9214057922],[241.611633301,-133.590545654,51.6580543518,20.2500362396,-22.5329093933,46.2929267883,21.7941875458,112.508308411,23.2844276428,26.1808052063,-7.62478017807,27.5000095367,-12.512714386],[-327.167419434,85.8501739502,1.76330566406,21.3827896118,55.0738105774,3.13121891022,27.1376914978,23.2844276428,100.460365295,27.4637260437,23.5678272247,-10.748380661,20.5583496094],[426.039001465,-91.3680114746,-16.5374126434,-24.7341556549,28.8276557922,47.0385665894,-7.64447307587,26.1808052063,27.4637260437,105.818466187,8.64613723755,14.0118465424,-14.1847457886],[-291.653594971,103.563995361,-3.72835898399,5.02989339828,21.3979549408,-11.2131958008,37.3807678223,-7.62478017807,23.5678272247,8.64613723755,79.7105865479,20.2488422394,14.0248298645],[322.099182129,-82.4726638794,3.7856259346,-4.8367934227,-23.8633766174,8.59645271301,2.83464598656,27.5000095367,-10.748380661,14.0118465424,20.2488422394,79.3177490234,8.70453453064],[-514.157104492,108.929672241,48.2429122925,29.7382793427,32.7500953674,-26.5202541351,13.9214057922,-12.512714386,20.5583496094,-14.1847457886,14.0248298645,8.70453453064,71.8374938965]],"icov":[[0.00010511786968,-0.000209194928175,0.000244985247264,-0.000260720727965,0.000294928089716,-0.000311003968818,0.000184758246178,-0.0000845161775942,0.000232532722293,-0.000487224373501,0.000510374375153,-0.000596959202085,0.000523117720149],[-0.000209194928175,0.0021803767886,-0.000148996434291,0.000709290150553,-0.00155415583868,0.00154866336379,-0.00110191875137,0.000829092925414,-0.000931355403736,0.00207624863833,-0.00262328539975,0.00273471209221,-0.00250151753426],[0.000244985247264,-0.000148996434291,0.00259434222244,-0.00157601339743,0.000257840350969,-0.000265356444288,-0.000433054228779,-0.00116877583787,0.00149084383156,-0.00119901087601,0.00121061992832,-0.000709419953637,-0.00025944164372],[-0.000260720727965,0.000709290150553,-0.00157601339743,0.00617606658489,-0.000361757120118,0.000559785752557,0.00064435362583,-0.000820092507638,-0.00187599123456,0.00289716967382,-0.00240551261231,0.00252414378338,-0.00306328362785],[0.000294928089716,-0.00155415583868,0.000257840350969,-0.000361757120118,0.0051288260147,-0.00164692220278,-0.000189855069038,0.000731871405151,-0.000600231578574,-0.00313724181615,0.00245108106174,-0.00162870634813,0.000933307397645],[-0.000311003968818,0.00154866336379,-0.000265356444288,0.000559785752557,-0.00164692220278,0.00743066472933,-0.00237949355505,-0.00111271289643,7.20256366549e-7,-0.000462646305095,-0.00111962098163,0.00257302052341,-0.00105118879583],[0.000184758246178,-0.00110191875137,-0.000433054228779,0.00064435362583,-0.000189855069038,-0.00237949355505,0.0104786520824,-0.00303447013721,-0.00035001890501,0.00155620439909,-0.00353188905865,-0.00046838785056,0.000819956709165],[-0.0000845161775942,0.000829092925414,-0.00116877583787,-0.000820092507638,0.000731871405151,-0.00111271289643,-0.00303447013721,0.0152999050915,-0.00588146504015,-0.000624084204901,0.00381384743378,-0.00566381122917,0.00327249779366],[0.000232532722293,-0.000931355403736,0.00149084383156,-0.00187599123456,-0.000600231578574,7.20256366549e-7,-0.00035001890501,-0.00588146504015,0.0170999821275,-0.00562677718699,-0.00283976318315,0.00422518467531,-0.00379300210625],[-0.000487224373501,0.00207624863833,-0.00119901087601,0.00289716967382,-0.00313724181615,-0.000462646305095,0.00155620439909,-0.000624084204901,-0.00562677718699,0.0166722442955,-0.00512706907466,0.00128701224457,-0.000433114386396],[0.000510374375153,-0.00262328539975,0.00121061992832,-0.00240551261231,0.00245108106174,-0.00111962098163,-0.00353188905865,0.00381384743378,-0.00283976318315,-0.00512706907466,0.022682948038,-0.0110887754709,0.00434697372839],[-0.000596959202085,0.00273471209221,-0.000709419953637,0.00252414378338,-0.00162870634813,0.00257302052341,-0.00046838785056,-0.00566381122917,0.00422518467531,0.00128701224457,-0.0110887754709,0.0235295705497,-0.00983240734786],[0.000523117720149,-0.00250151753426,-0.00025944164372,-0.00306328362785,0.000933307397645,-0.00105118879583,0.000819956709165,0.00327249779366,-0.00379300210625,-0.000433114386396,0.00434697372839,-0.00983240734786,0.023840079084]],"mean":[-16.3588008881,99.6485900879,-115.218727112,35.473072052,-52.4246635437,23.589258194,-35.8436431885,8.79288291931,-21.2374172211,4.97775793076,-15.4741315842,1.38509559631,-13.3486061096]},"hfc":{"dmean":7.30324077606,"dmean2":11.0382261276,"dvar":120.071907043,"dvar2":270.279571533,"max":246.24281311,"mean":23.1031188965,"median":17.5313129425,"min":1.10212208093e-16,"var":452.575317383},"melbands":{"dmean":[0.00199439725839,0.00186453782953,0.000770896906033,0.000355186290108,0.00025187942083,0.00013746334298,0.000124669400975,0.00011015394557,0.000141449534567,0.000102097539639,0.0000792253631516,0.0000659618381178,0.000050309485232,0.000102750083897,0.0000865969777806,0.0000652355738566,0.0000785045995144,0.000040059130697,0.0000284851575998,0.000030744504329,0.0000132998839035,0.0000127090206661,0.0000120782087834,0.00000773120245867,0.00000816554347693,0.00000522539949088,0.00000345623743669,0.00000286388785753,0.00000247435923484,0.00000244146849582,0.00000211650672099,0.00000226934503189,0.00000213127850657,0.00000181942959898,0.00000167946518559,0.00000153023495386,0.0000011464489944,8.196516319e-7,6.13663303284e-7,6.16601141701e-7],"dmean2":[0.00324905151501,0.00314406491816,0.0013418685412,0.000609431590419,0.000411046872614,0.000221770227654,0.000192318824702,0.000175150227733,0.000227130876738,0.000161158808623,0.000126114799059,0.000105432634882,0.0000786482851254,0.000166162615642,0.000136169983307,0.000103260907053,0.000123423917103,0.0000636075201328,0.0000454352048109,0.0000484495685669,0.0000213190323848,0.0000201176717383,0.0000197935551114,0.00001272028112,0.0000130198377519,0.00000849280695547,0.00000578246135774,0.00000478203901366,0.00000424184463554,0.00000403251397074,0.00000351520975528,0.00000372972544938,0.00000359339674105,0.00000299368048218,0.0000026834527489,0.00000238292386712,0.00000180311462827,0.0000012577806956,9.87937369246e-7,0.00000103775926164],"dvar":[0.0000203430208785,0.0000121010598377,0.00000162449077834,4.02531384225e-7,1.7891076709e-7,6.55798189086e-8,4.10417477781e-8,5.64596653874e-8,1.15905784526e-7,5.55086963061e-8,2.4421980882e-8,2.00411847118e-8,3.5720319147e-8,1.55400826429e-7,6.72802187296e-8,2.18570637145e-8,3.98737505236e-8,8.77281536305e-9,6.31160856912e-9,6.57398002701e-9,7.09657110853e-10,1.22675447578e-9,2.18698059662e-9,1.95266053327e-10,4.63771743231e-10,1.11249072454e-10,8.87095744084e-11,1.36736011402e-10,2.02615407091e-11,2.13354854617e-11,1.54270415886e-11,2.08624523906e-11,2.24508311247e-11,2.5078798413e-11,2.53223015473e-11,3.48458588373e-11,1.95999501351e-11,7.40444858205e-12,4.07080315637e-12,2.47396048959e-12],"dvar2":[0.000050291451771,0.0000318849342875,0.00000452863196188,0.00000108405038191,4.34716696418e-7,1.50033770296e-7,9.7661136067e-8,1.32897184812e-7,2.91891126381e-7,1.34746926506e-7,5.93213798084e-8,4.93418248482e-8,6.64264447892e-8,4.13311624925e-7,1.69903032088e-7,5.25124903561e-8,9.61482697903e-8,2.15346886989e-8,1.63714659607e-8,1.42147147386e-8,1.75131531499e-9,2.78306666601e-9,5.5661262266e-9,4.84526530009e-10,1.11345987985e-9,2.71828143328e-10,2.17245402223e-10,3.26615817725e-10,5.53627664546e-11,5.08556460832e-11,3.80904127684e-11,5.02145477976e-11,5.76984293676e-11,6.28093826949e-11,5.94786581098e-11,7.27830296032e-11,3.62967086942e-11,1.53902619815e-11,9.69127382511e-12,6.33857159468e-12],"max":[0.0518725253642,0.0371645130217,0.0208102520555,0.0155766308308,0.00976619403809,0.0105573488399,0.00672244234011,0.00875327456743,0.00972408894449,0.00798917468637,0.00412186840549,0.00383718847297,0.0134575916454,0.0137780103832,0.00946212094277,0.00332010095008,0.00762838544324,0.00310841575265,0.00382207240909,0.00373748596758,0.00102802843321,0.00197064084932,0.00420797849074,0.000342591141816,0.000625819840934,0.000241446381551,0.000772960134782,0.00116567569785,0.0000773240826675,0.000148779698065,0.000134228539537,0.000104286285932,0.000145757949213,0.00028000769089,0.000179117792868,0.000257229577983,0.000315447658068,0.000211991078686,0.000112115507363,0.0000383295810025],"mean":[0.002324515488,0.00226909201592,0.0010259723058,0.00052318588132,0.00044240365969,0.000248684373219,0.000252492172876,0.000197999397642,0.000224157964112,0.000175938053872,0.000136551738251,0.000107414831291,0.0000883248576429,0.000182678195415,0.000154137334903,0.000114442314953,0.000134257395985,0.0000697665818734,0.000046240616939,0.0000506099240738,0.0000250705943472,0.0000233159516938,0.0000212019604078,0.0000143966108226,0.0000162632131833,0.00000964575519902,0.00000589554792896,0.00000477403500554,0.00000406791514251,0.00000425241341873,0.00000364965785593,0.00000406754361393,0.00000365345067621,0.00000320770050166,0.00000296767007057,0.00000258947557086,0.00000190694152025,0.00000139323776693,9.65031176747e-7,8.00956343028e-7],"median":[0.000932847440708,0.00120545574464,0.000610622344539,0.000295298057608,0.000236208579736,0.000132410932565,0.000139393727295,0.0000959486424108,0.000079046600149,0.0000699504380464,0.0000625875400146,0.0000432847809861,0.0000305344874505,0.0000447748025181,0.0000388558546547,0.0000340864571626,0.0000241662273766,0.0000261089007836,0.0000169263294083,0.0000137752485898,0.0000120451204566,0.0000101415262179,0.00000955865652941,0.00000667163249091,0.00000548663865629,0.00000393006303057,0.00000274230819741,0.00000229464694712,0.00000205657352126,0.00000208411483982,0.00000183678582744,0.00000169794111571,0.00000150146013311,0.00000120285972116,9.15083148811e-7,6.58900034978e-7,4.48420593102e-7,3.67786981315e-7,2.7462374419e-7,2.03168696089e-7],"min":[1.39642382505e-24,7.30393986192e-25,3.50645344364e-25,1.43637193851e-24,3.46235666138e-24,1.29310178191e-24,3.23596521728e-24,2.9744047763e-24,2.93059124441e-24,1.15607782597e-24,3.81370899768e-24,2.52965170326e-24,2.22415959847e-24,2.92281090652e-24,2.55154259338e-24,3.71306730668e-24,4.03670104292e-24,2.24439111967e-24,1.94354165853e-24,3.61463797609e-24,3.06540165666e-24,4.20698534678e-24,2.70895663157e-24,3.9825291757e-24,4.45953009369e-24,5.01675343257e-24,4.91057985448e-24,3.95330306245e-24,4.67318123695e-24,5.4284378509e-24,5.40907644328e-24,6.9614931736e-24,4.66632564126e-24,6.24058238017e-24,6.20836924511e-24,5.8065897643e-24,6.77020071497e-24,7.08151599375e-24,7.63335890683e-24,5.75455452684e-24],"var":[0.0000195337997866,0.0000113846990644,0.00000178398590833,6.21973015313e-7,4.16703016981e-7,1.54151450715e-7,1.15606233919e-7,1.38462766586e-7,2.1717114862e-7,1.35707850291e-7,5.9528414198e-8,4.56484343658e-8,1.08846876401e-7,3.78056512318e-7,1.74526491037e-7,5.20503959933e-8,1.033903132e-7,1.89906064207e-8,9.99596316831e-9,1.64736562169e-8,1.77232328813e-9,2.13271578176e-9,2.45524334197e-9,5.06370056996e-10,1.53259638314e-9,2.66710931118e-10,1.26250454535e-10,1.46057638206e-10,3.03646413569e-11,4.09980625837e-11,2.68373327034e-11,3.95543042764e-11,3.409398458e-11,3.5822591421e-11,4.21441041787e-11,6.12067757588e-11,3.87956576586e-11,1.53241846296e-11,6.17552233309e-12,3.19914711042e-12]},"melbands_crest":{"dmean":3.8439218998,"dmean2":6.2513666153,"dvar":11.5291976929,"dvar2":29.2025928497,"max":39.8834991455,"mean":13.7668466568,"median":12.7662181854,"min":1.63874316216,"var":30.4915103912},"melbands_flatness_db":{"dmean":0.0322669707239,"dmean2":0.0515535436571,"dvar":0.00113162840717,"dvar2":0.00271150679328,"max":0.633192300797,"mean":0.199118390679,"median":0.185010582209,"min":0.00330808805302,"var":0.00611926335841},"melbands_kurtosis":{"dmean":8.0184211731,"dmean2":12.9166383743,"dvar":230.585327148,"dvar2":578.446716309,"max":503.144958496,"mean":13.7193574905,"median":5.87703704834,"min":-1.90573382378,"var":551.351928711},"melbands_skewness":{"dmean":0.82886660099,"dmean2":1.29057598114,"dvar":0.777448058128,"dvar2":1.79104757309,"max":21.9232292175,"mean":2.53981184959,"median":2.20911598206,"min":-2.20852303505,"var":3.12624073029},"melbands_spread":{"dmean":7.27495718002,"dmean2":11.5880765915,"dvar":80.9477767944,"dvar2":175.501968384,"max":280.48526001,"mean":25.6005821228,"median":24.1987552643,"min":0.250580906868,"var":316.841339111},"mfcc":{"cov":[[15787.3125,28.5954265594,-970.645202637,-524.303527832,-359.702972412,143.415908813,-220.725082397,103.262924194,-148.262893677,80.466506958,207.45123291,39.8637886047,-70.0303955078],[28.5954265594,1230.27600098,-272.648406982,143.063583374,71.9528961182,66.0607528687,21.049577713,-24.7297058105,-4.18664598465,-22.373374939,22.0016269684,24.0495967865,11.6214885712],[-970.645202637,-272.648406982,618.124084473,113.479988098,3.76737689972,-39.6552810669,49.5272903442,40.0663833618,34.2331733704,12.6739311218,-67.4626312256,5.04355812073,24.0344409943],[-524.303527832,143.063583374,113.479988098,247.527526855,58.0022277832,-17.6938400269,3.77901053429,2.81329393387,21.2093753815,-8.54088783264,-26.7726421356,2.5367269516,27.6674747467],[-359.702972412,71.9528961182,3.76737689972,58.0022277832,191.224365234,58.632648468,4.27736139297,-10.3334026337,33.4111785889,23.7531089783,11.7969465256,-10.5607051849,-1.78994989395],[143.415908813,66.0607528687,-39.6552810669,-17.6938400269,58.632648468,129.33744812,41.3960380554,3.89097809792,19.1084156036,29.081079483,24.9405002594,5.58129167557,-8.18632316589],[-220.725082397,21.049577713,49.5272903442,3.77901053429,4.27736139297,41.3960380554,102.223167419,35.8081817627,9.99080276489,5.83079051971,6.7991104126,14.998257637,6.60770320892],[103.262924194,-24.7297058105,40.0663833618,2.81329393387,-10.3334026337,3.89097809792,35.8081817627,98.7984237671,20.6257133484,-2.71703934669,14.6847848892,15.8973064423,7.41138696671],[-148.262893677,-4.18664598465,34.2331733704,21.2093753815,33.4111785889,19.1084156036,9.99080276489,20.6257133484,82.574180603,34.7128677368,0.716013848782,4.3413567543,4.20692157745],[80.466506958,-22.373374939,12.6739311218,-8.54088783264,23.7531089783,29.081079483,5.83079051971,-2.71703934669,34.7128677368,89.9419326782,27.519859314,4.63245630264,-1.44746279716],[207.45123291,22.0016269684,-67.4626312256,-26.7726421356,11.7969465256,24.9405002594,6.7991104126,14.6847848892,0.716013848782,27.519859314,83.1756896973,25.7339076996,-3.67179489136],[39.8637886047,24.0495967865,5.04355812073,2.5367269516,-10.5607051849,5.58129167557,14.998257637,15.8973064423,4.3413567543,4.63245630264,25.7339076996,73.1053390503,27.8463554382],[-70.0303955078,11.6214885712,24.0344409943,27.6674747467,-1.78994989395,-8.18632316589,6.60770320892,7.41138696671,4.20692157745,-1.44746279716,-3.67179489136,27.8463554382,70.7437820435]],"icov":[[0.0000851874574437,0.00000191520894077,0.0000946616855799,0.0000581238273298,0.000174364977283,-0.000214140032767,0.000295967649436,-0.000244090362685,0.00016660199617,-0.000148666280438,-0.00000469192400487,-0.0000212630184251,0.00000185796238839],[0.00000191520894077,0.00111743272282,0.000664986961056,-0.000948390050326,-0.0000648731147521,-0.000409271218814,-0.000394923205022,0.000226705320529,0.0000544567665202,0.000242223482928,0.000113522153697,-0.000425645965151,0.000102605197753],[0.0000946616855799,0.000664986961056,0.00270152464509,-0.00120285758749,0.0000257512001554,0.000449010083685,-0.00105017051101,-0.000895739940461,0.000144928431837,-0.00119326915592,0.00214223470539,-0.00078701460734,0.000169564053067],[0.0000581238273298,-0.000948390050326,-0.00120285758749,0.00610546721146,-0.00176893896423,0.00133537244983,0.000356272328645,-0.000179976210347,-0.000755337998271,0.000523455906659,0.00065744726453,0.000167455102201,-0.00164663477335],[0.000174364977283,-0.0000648731147521,0.0000257512001554,-0.00176893896423,0.0078673036769,-0.00395327946171,0.00155061949044,0.000630654336419,-0.00188856618479,-0.0000865478359628,-0.00165047112387,0.00177260977216,-0.000275840604445],[-0.000214140032767,-0.000409271218814,0.000449010083685,0.00133537244983,-0.00395327946171,0.0130165182054,-0.00599735975266,0.00148124690168,-0.00127637432888,-0.00176934432238,-0.000902066298295,-0.000414095993619,0.00114753947128],[0.000295967649436,-0.000394923205022,-0.00105017051101,0.000356272328645,0.00155061949044,-0.00599735975266,0.0152816493064,-0.00522651337087,0.00131403002888,-0.000360052363249,0.000358279619832,-0.00126883678604,-0.000526737829205],[-0.000244090362685,0.000226705320529,-0.000895739940461,-0.000179976210347,0.000630654336419,0.00148124690168,-0.00522651337087,0.0145559022203,-0.00510090170428,0.00372452428564,-0.00401604175568,-0.000336421071552,-0.00045003881678],[0.00016660199617,0.0000544567665202,0.000144928431837,-0.000755337998271,-0.00188856618479,-0.00127637432888,0.00131403002888,-0.00510090170428,0.0179112814367,-0.00751085486263,0.0036392735783,-0.00134140765294,0.000116407150927],[-0.000148666280438,0.000242223482928,-0.00119326915592,0.000523455906659,-0.0000865478359628,-0.00176934432238,-0.000360052363249,0.00372452428564,-0.00751085486263,0.0171063803136,-0.00663350056857,0.00139553041663,-0.000646732107271],[-0.00000469192400487,0.000113522153697,0.00214223470539,0.00065744726453,-0.00165047112387,-0.000902066298295,0.000358279619832,-0.00401604175568,0.0036392735783,-0.00663350056857,0.0197079461068,-0.00737781729549,0.00280773732811],[-0.0000212630184251,-0.000425645965151,-0.00078701460734,0.000167455102201,0.00177260977216,-0.000414095993619,-0.00126883678604,-0.000336421071552,-0.00134140765294,0.00139553041663,-0.00737781729549,0.0200456604362,-0.00776357762516],[0.00000185796238839,0.000102605197753,0.000169564053067,-0.00164663477335,-0.000275840604445,0.00114753947128,-0.000526737829205,-0.00045003881678,0.000116407150927,-0.000646732107271,0.00280773732811,-0.00776357762516,0.0181105360389]],"mean":[-649.911499023,122.29499054,1.89356124401,19.7703342438,7.24259614944,13.7107648849,0.0903470888734,6.6421751976,-0.387012094259,2.2957508564,3.5827600956,2.16556572914,-1.48502743244]},"pitch_salience":{"dmean":0.0849063545465,"dmean2":0.140810340643,"dvar":0.00604541087523,"dvar2":0.0163373500109,"max":0.858369290829,"mean":0.537194669247,"median":0.544934272766,"min":0.010726172477,"var":0.0139130521566},"silence_rate_20dB":{"dmean":0,"dmean2":0,"dvar":0,"dvar2":0,"max":1,"mean":1,"median":1,"min":1,"var":0},"silence_rate_30dB":{"dmean":0.0211253017187,"dmean2":0.0422535203397,"dvar":0.0206786841154,"dvar2":0.0542762540281,"max":1,"mean":0.985503256321,"median":1,"min":0,"var":0.014288331382},"silence_rate_60dB":{"dmean":0.00579910259694,"dmean2":0.0115990061313,"dvar":0.0057631409727,"dvar2":0.0135381408036,"max":1,"mean":0.0872566625476,"median":0,"min":0,"var":0.0796585232019},"spectral_centroid":{"dmean":226.580444336,"dmean2":367.657196045,"dvar":71418.4296875,"dvar2":165276.203125,"max":11813.8994141,"mean":1328.71118164,"median":1310.08850098,"min":107.542137146,"var":625133.5},"spectral_complexity":{"dmean":3.57224726677,"dmean2":5.66873788834,"dvar":17.0496139526,"dvar2":37.9047431946,"max":56,"mean":19.2847576141,"median":19,"min":0,"var":103.8126297},"spectral_contrast_coeffs":{"dmean":[0.0520771592855,0.0454810000956,0.0389676131308,0.0319298096001,0.0214935019612,0.0180299524218],"dmean2":[0.0876845568419,0.075183622539,0.0637284368277,0.0518480613828,0.0348540991545,0.0289453268051],"dvar":[0.001733345096,0.00130511936732,0.000974305148702,0.000704016478267,0.000356303586159,0.000262406625552],"dvar2":[0.00478704087436,0.00352018466219,0.00252421363257,0.00179021270014,0.000855679856613,0.000628800306004],"max":[-0.344178855419,-0.461224019527,-0.493469387293,-0.533626496792,-0.53195297718,-0.554508328438],"mean":[-0.678495049477,-0.750532567501,-0.772779881954,-0.766569972038,-0.800468504429,-0.762356877327],"median":[-0.683602571487,-0.751863121986,-0.777503490448,-0.767610192299,-0.806745111942,-0.758569359779],"min":[-0.970866680145,-0.975085616112,-0.975349247456,-0.971736013889,-0.964816808701,-0.963721871376],"var":[0.00614254688844,0.00456811534241,0.00470322929323,0.00525289401412,0.00247765798122,0.00154857244343]},"spectral_contrast_valleys":{"dmean":[0.419896245003,0.376170963049,0.33640858531,0.302958399057,0.300186365843,0.405708193779],"dmean2":[0.676644444466,0.613901078701,0.53869664669,0.480715423822,0.460247665644,0.579103648663],"dvar":[0.148537218571,0.119727134705,0.111692547798,0.10533554852,0.141817376018,0.27907961607],"dvar2":[0.335584759712,0.278049111366,0.233578532934,0.220866456628,0.287330806255,0.573680222034],"max":[-4.87297010422,-4.47813034058,-5.25733709335,-5.49522304535,-5.75840616226,-7.20460319519],"mean":[-7.11365699768,-6.86782598495,-7.36734008789,-7.77327442169,-7.78480911255,-10.3342351913],"median":[-6.75764846802,-6.51125621796,-7.00474977493,-7.3409204483,-7.40417098999,-9.87024307251],"min":[-28.386592865,-27.8557624817,-27.5616817474,-27.8211174011,-27.5309448242,-27.4178085327],"var":[3.1921517849,3.19251823425,3.23858308792,3.23869943619,3.2711391449,3.61976695061]},"spectral_decrease":{"dmean":3.28289573304e-9,"dmean2":5.15333420381e-9,"dvar":2.59068831949e-17,"dvar2":5.98183005332e-17,"max":3.11438832064e-20,"mean":-7.55709095301e-9,"median":-6.00889471514e-9,"min":-5.49942029693e-8,"var":4.38499129888e-17},"spectral_energy":{"dmean":0.0128531409428,"dmean2":0.0200926885009,"dvar":0.000383147853427,"dvar2":0.00087945733685,"max":0.209912225604,"mean":0.030617678538,"median":0.0245488099754,"min":1.01409976264e-20,"var":0.0006876954576},"spectral_energyband_high":{"dmean":0.000419562100433,"dmean2":0.000641644815914,"dvar":8.62760145992e-7,"dvar2":0.00000185542671716,"max":0.0283892359585,"mean":0.000884054636117,"median":0.000390026718378,"min":7.16152133274e-21,"var":0.00000193384153135},"spectral_energyband_low":{"dmean":0.00985971931368,"dmean2":0.0159973651171,"dvar":0.000326509354636,"dvar2":0.000777912209742,"max":0.19794870913,"mean":0.0137081760913,"median":0.00766101526096,"min":1.28584706204e-23,"var":0.000372626411263},"spectral_energyband_middle_high":{"dmean":0.0026318274904,"dmean2":0.00404937565327,"dvar":0.0000218507266254,"dvar2":0.0000545941111341,"max":0.155988037586,"mean":0.00778436195105,"median":0.00504064187407,"min":1.15264831471e-21,"var":0.0000905987399165},"spectral_energyband_middle_low":{"dmean":0.00392954284325,"dmean2":0.00643027108163,"dvar":0.0000272927591141,"dvar2":0.0000688902509864,"max":0.078714184463,"mean":0.00969380140305,"median":0.00786687713116,"min":1.24143229981e-22,"var":0.0000663167884341},"spectral_entropy":{"dmean":0.182049795985,"dmean2":0.279367864132,"dvar":0.0494011975825,"dvar2":0.111185394228,"max":9.81833362579,"mean":7.64769363403,"median":7.69036197662,"min":4.31825828552,"var":0.226160496473},"spectral_flux":{"dmean":0.0289039090276,"dmean2":0.0448945574462,"dvar":0.00126397446729,"dvar2":0.00257915910333,"max":0.374720036983,"mean":0.0932565853,"median":0.0845972448587,"min":6.44373096548e-11,"var":0.0032234180253},"spectral_kurtosis":{"dmean":1.6485054493,"dmean2":2.74625444412,"dvar":7.07868862152,"dvar2":18.0382099152,"max":66.1926574707,"mean":4.55129814148,"median":3.58240008354,"min":-1.2863997221,"var":15.1064872742},"spectral_rms":{"dmean":0.00101450597867,"dmean2":0.00154813996051,"dvar":0.00000150271125676,"dvar2":0.00000319309083352,"max":0.0143105704337,"mean":0.00494991755113,"median":0.00489387940615,"min":3.14541817072e-12,"var":0.0000053692824622},"spectral_rolloff":{"dmean":410.797637939,"dmean2":701.126342773,"dvar":586570.375,"dvar2":1321365.25,"max":19724.4140625,"mean":1395.67565918,"median":1291.9921875,"min":21.533203125,"var":2288422},"spectral_skewness":{"dmean":0.218899607658,"dmean2":0.359853953123,"dvar":0.0728522762656,"dvar2":0.178415223956,"max":6.31974649429,"mean":1.58977818489,"median":1.50615239143,"min":-0.245929449797,"var":0.256811290979},"spectral_spread":{"dmean":555423.25,"dmean2":844998.4375,"dvar":680583102464,"dvar2":1402422034430,"max":42850448,"mean":4700764,"median":4476046,"min":1076516.5,"var":6231946690560},"spectral_strongpeak":{"dmean":0.747275412083,"dmean2":1.30491542816,"dvar":1.88328242302,"dvar2":4.83410024643,"max":26.1182498932,"mean":1.02841639519,"median":0.33042049408,"min":0,"var":3.08629155159},"zerocrossingrate":{"dmean":0.00875306036323,"dmean2":0.010976113379,"dvar":0.000114679372928,"dvar2":0.000141208874993,"max":0.52685546875,"mean":0.0580369085073,"median":0.0546875,"min":0,"var":0.00162251666188}},"metadata":{"audio_properties":{"analysis_sample_rate":44100,"bit_rate":128000,"codec":"mp3","downmix":"mix","equal_loudness":0,"length":336.326538086,"lossless":false,"md5_encoded":"525ec1f6ded07b05d4066c2eef2b317e","replay_gain":-8.23496246338,"sample_rate":44100},"tags":{"album":["Black Moon"],"albumartist":["Emerson, Lake & Palmer"],"albumartistsort":["Emerson, Lake & Palmer"],"artist":["Emerson, Lake & Palmer"],"artistsort":["Emerson, Lake & Palmer"],"asin":["B00000E5E4"],"barcode":["042282831828"],"catalognumber":["828 318-2"],"date":["1992-06-27"],"discnumber":["1/1"],"file_name":"Better Days - Emerson, Lake & Palmer.mp3","genre":["genre"],"label":["Victory Music"],"length":["336326"],"media":["CD"],"musicbrainz album release country":["US"],"musicbrainz album status":["official"],"musicbrainz album type":["album"],"musicbrainz_albumartistid":["ad996aef-cc1c-42ac-af5c-619c370f4b8a"],"musicbrainz_albumid":["2346b488-3d21-45dd-afb7-d268b86dcc12"],"musicbrainz_artistid":["ad996aef-cc1c-42ac-af5c-619c370f4b8a"],"musicbrainz_recordingid":["157f0928-9f24-43e7-a345-50504c6b497e"],"originaldate":["1992-06-27"],"script":["Latn"],"title":["Better Days"],"tracknumber":["9/10"]},"version":{"essentia":"2.1-beta2","essentia_build_sha":"70f2e5ece6736b2c40cc944ad0e695b16b925413","essentia_git_sha":"v2.1_beta2","extractor":"music 1.0"}},"rhythm":{"beats_count":643,"beats_loudness":{"dmean":0.0261682197452,"dmean2":0.0455174818635,"dvar":0.000519971654285,"dvar2":0.0014672416728,"max":0.155504077673,"mean":0.0544596277177,"median":0.0514410845935,"min":5.95823890226e-10,"var":0.000991687178612},"beats_loudness_band_ratio":{"dmean":[0.240538224578,0.0828020945191,0.0821629017591,0.0921602770686,0.0600415095687,0.0451000742614],"dmean2":[0.430131077766,0.148671343923,0.147873595357,0.165426716208,0.111122846603,0.0853118151426],"dvar":[0.0370963141322,0.00758887222037,0.00752140581608,0.00986715313047,0.00456636026