{"lowlevel":{"average_loudness":0.969065845013,"barkbands":{"dmean":[0.0000156076366693,0.00125381362159,0.00306098931469,0.00330214132555,0.00225462950766,0.00166679301765,0.00106380553916,0.000730495434254,0.000568458694033,0.000552997575141,0.000202993265702,0.000293602526654,0.000257663807133,0.000172666768776,0.000162446653121,0.000108120380901,0.000126339116832,0.000209223420825,0.000218915563892,0.000238955704845,0.000177699606866,0.000123726204038,0.0000820916102384,0.000076613490819,0.0000506734468217,0.0000154617446242,0.00000180789857041],"dmean2":[0.0000239366145252,0.00206418335438,0.00468296837062,0.00525919208303,0.00370914838277,0.00256188213825,0.0016480514314,0.0011540313717,0.000886103429366,0.000841246917844,0.000323518033838,0.000462545314804,0.000424031895818,0.000282075256109,0.000267595780315,0.000171163061168,0.000200918875635,0.000323141575791,0.000333680247422,0.000345309468685,0.000250053388299,0.000173009320861,0.000123080593767,0.000112648114737,0.0000710945023457,0.000022328360501,0.00000265117637355],"dvar":[1.28308685898e-9,0.00000440030726168,0.0000191494764294,0.0000158702423505,0.00000870977692102,0.00000848762465466,0.00000408464802604,0.00000196023120225,0.00000107527387172,0.00000134581614475,2.39636335664e-7,3.90099216929e-7,3.12650882961e-7,1.07317056575e-7,1.01336446789e-7,4.73060914885e-8,8.29335604635e-8,1.055694554e-7,1.15262409395e-7,2.15133709958e-7,9.32830488409e-8,4.50429169518e-8,1.39442548175e-7,1.32297031996e-7,3.00987537116e-8,2.4160071721e-9,2.30071239837e-11],"dvar2":[2.55320542486e-9,0.0000113719488581,0.0000455423760286,0.000042007482989,0.0000224564319069,0.000020333494831,0.00000948642991716,0.00000481127199237,0.00000249403251473,0.00000305941966872,5.59702698411e-7,8.73710803262e-7,8.17296950117e-7,2.52950599133e-7,2.69770254135e-7,1.08373804153e-7,2.00686798735e-7,2.48019489391e-7,2.69474838888e-7,4.64968792357e-7,1.93008020233e-7,8.76189787391e-8,3.53009625087e-7,3.03927237155e-7,6.29658174489e-8,5.36612532187e-9,4.79916210938e-11],"max":[0.00163843890186,0.0273069925606,0.0525902360678,0.0504925958812,0.0453348495066,0.0507795065641,0.032721657306,0.0261288620532,0.014853682369,0.0207557864487,0.0122180096805,0.0177912693471,0.0109385261312,0.00910219550133,0.00732713053003,0.00598204322159,0.0124309016392,0.00476341508329,0.00611521303654,0.0169715341181,0.00663288356736,0.00517167430371,0.0166983418167,0.010304893367,0.00424886262044,0.00168448465411,0.0000836274703033],"mean":[0.0000198022698896,0.00174269208219,0.00566686037928,0.00590717280284,0.00428708828986,0.00337609671988,0.00212082383223,0.00122885336168,0.00091197976144,0.00111306668259,0.000310728384648,0.000488277320983,0.000425425125286,0.000282116758171,0.00028012265102,0.000206768236239,0.000238417531364,0.000396167568397,0.00043284901767,0.00045355752809,0.000349357898813,0.000254230340943,0.000125022721477,0.000104852195363,0.0000683501784806,0.0000198404504772,0.00000214655779018],"median":[0.00000725386325939,0.000826207920909,0.00338707724586,0.00463804602623,0.00283495569602,0.0014687879011,0.000655621872284,0.000481425813632,0.000368821405573,0.000257120875176,0.000115769697004,0.000194420324988,0.000149904139107,0.000136906222906,0.000127767169033,0.000094970142527,0.000125789898448,0.000211917824345,0.000224169081775,0.00018236876349,0.000154849942192,0.000124040525407,0.0000463055985165,0.0000257214651356,0.0000172906657099,0.00000444862916993,3.27133591327e-7],"min":[2.75415081796e-25,1.92875584136e-24,1.04797686347e-24,2.43999608366e-25,6.32469506862e-24,5.73429500108e-24,6.45464609769e-24,1.03517073219e-23,1.33204969863e-23,1.81676291526e-23,1.34188521639e-23,1.65726375992e-23,1.73365389454e-23,2.68666713003e-23,4.3875907123e-23,5.95946359244e-23,6.67489732461e-23,7.19929986887e-23,1.20003325816e-22,1.992732445e-22,2.19233583726e-22,3.03326408658e-22,3.17152805298e-22,5.62590808439e-22,9.09752362199e-22,1.23752964714e-21,1.88678686033e-21],"var":[2.08084038889e-9,0.00000608228538113,0.0000393187874579,0.0000300317460642,0.0000216244443436,0.0000254563692579,0.0000135444015541,0.00000454561450169,0.00000225315920943,0.00000480062863062,4.65944907546e-7,8.69309701557e-7,6.97994664733e-7,2.07337080838e-7,2.17146137516e-7,1.1601268568e-7,1.77665995693e-7,2.54330018379e-7,3.26942256379e-7,5.95179756147e-7,2.66732314458e-7,1.32078440629e-7,1.46780308796e-7,1.77985555183e-7,4.1530778816e-8,2.93022806019e-9,3.01090576083e-11]},"barkbands_crest":{"dmean":2.31045031548,"dmean2":3.76049399376,"dvar":4.52487611771,"dvar2":11.5959177017,"max":25.3745231628,"mean":9.49910354614,"median":8.93135166168,"min":2.69537353516,"var":12.0686616898},"barkbands_flatness_db":{"dmean":0.0221462808549,"dmean2":0.0324615240097,"dvar":0.000493322848342,"dvar2":0.001014665002,"max":0.432669639587,"mean":0.138031050563,"median":0.130151927471,"min":0.0291347801685,"var":0.00311228982173},"barkbands_kurtosis":{"dmean":3.97296261787,"dmean2":6.08761072159,"dvar":49.0051383972,"dvar2":108.897766113,"max":122.249526978,"mean":7.54629182816,"median":3.42410945892,"min":-1.9369392395,"var":146.172470093},"barkbands_skewness":{"dmean":0.584729373455,"dmean2":0.890585839748,"dvar":0.419116586447,"dvar2":0.933259248734,"max":9.18491649628,"mean":2.03346776962,"median":1.86794221401,"min":-2.85507130623,"var":2.02740764618},"barkbands_spread":{"dmean":5.99130916595,"dmean2":8.99243354797,"dvar":59.4509429932,"dvar2":121.077552795,"max":95.1517944336,"mean":20.8845596313,"median":18.1602725983,"min":0.550204455853,"var":192.739776611},"dissonance":{"dmean":0.01617353037,"dmean2":0.0268701650202,"dvar":0.000232644408243,"dvar2":0.000628592213616,"max":0.499943852425,"mean":0.465081244707,"median":0.470672756433,"min":0.309421032667,"var":0.000581381260417},"dynamic_complexity":2.17819619179,"erbbands":{"dmean":[0.00991083681583,0.382807254791,2.81796383858,7.58878755569,9.82181358337,6.10005617142,9.75817871094,15.2489366531,17.8304634094,10.2064981461,16.7259864807,12.9782381058,15.6519012451,14.0828609467,8.35775375366,11.9426755905,11.8752508163,8.66249847412,9.77813339233,4.94439888,5.78468513489,6.21685409546,9.39478206635,12.8606557846,9.36673927307,10.2293491364,9.90373420715,6.27520418167,4.66700839996,2.60433387756,2.37638092041,1.72946155071,1.21074068546,0.661352515221,0.306131333113,0.0977115258574,0.0232846997678,0.00368059473112,0.000329279573634,0.000016413627236],"dmean2":[0.0164413042367,0.622693002224,4.30209445953,11.7682752609,16.1973571777,9.86777496338,15.00527668,23.6590747833,27.6655311584,15.8844490051,26.006483078,20.2592983246,23.8393211365,21.0546455383,13.2529640198,18.8310699463,19.4180374146,13.9977045059,16.0590667725,7.89563274384,9.10073947906,9.68406772614,14.2862014771,19.562253952,14.0946712494,14.7875471115,13.9038200378,8.82446956635,6.58418416977,3.73186039925,3.61929559708,2.52760839462,1.79075574875,0.937440335751,0.440382272005,0.141648352146,0.0335752815008,0.00525493035093,0.000485732569359,0.0000230411023949],"dvar":[0.000267440162133,0.395079016685,16.6724796295,73.1294250488,191.099609375,82.628112793,342.500854492,1008.69042969,1118.65039062,342.890441895,1109.47973633,546.765930176,1197.24414062,1254.67077637,412.754943848,730.165222168,720.159545898,260.314544678,345.102294922,86.0425415039,129.497390747,168.563949585,214.193145752,451.973999023,196.688522339,341.738098145,337.535186768,113.238998413,65.0636138916,28.4918956757,187.816360474,58.2211418152,41.8524017334,5.71723890305,1.14978921413,0.111818037927,0.00485009839758,0.0000843841553433,7.86886232618e-7,6.53642806547e-10],"dvar2":[0.000724571349565,0.998779535294,40.5327415466,176.646087646,514.696350098,193.603622437,787.021484375,2452.71459961,2615.66064453,835.089477539,2691.6171875,1288.40478516,2730.30883789,2789.99682617,1072.88818359,1626.96679688,1923.19396973,624.168640137,907.000610352,195.947280884,298.777435303,400.750701904,481.714202881,1067.04602051,462.639465332,708.041320801,714.495361328,221.955215454,126.939888,66.1345367432,488.825744629,133.099578857,101.909255981,11.5480899811,2.5626449585,0.249079450965,0.0108923781663,0.0001746697817,0.00000166456425177,1.33347022313e-9],"max":[0.467099875212,7.88507175446,50.4029006958,102.993362427,227.744506836,183.823135376,367.248748779,615.874023438,495.153198242,464.947601318,730.911193848,376.184631348,760.134094238,736.118774414,442.487823486,899.973205566,543.75012207,496.715362549,386.06048584,308.928588867,409.950683594,563.346191406,261.731414795,392.079589844,302.040863037,559.992431641,491.272247314,321.675292969,207.328475952,120.610290527,650.701171875,231.103439331,210.664642334,66.5186767578,29.7100944519,10.7905292511,2.16288399696,0.137176170945,0.0175524894148,0.00046428150381],"mean":[0.0165522862226,0.572518825531,5.04403352737,15.552031517,17.7607212067,11.5924768448,18.8642253876,29.8781967163,37.0237808228,18.9295578003,28.70287323,22.0719490051,30.8677883148,28.1119613647,15.3556222916,20.4143409729,20.7480163574,16.1312770844,17.7809867859,10.2081861496,12.2876682281,12.8200035095,19.0672054291,24.9788799286,19.1283130646,20.5465259552,18.7548789978,12.8068790436,9.53189373016,4.89151525497,3.45256853104,2.47343087196,1.57869851589,0.907126069069,0.396720439196,0.126171842217,0.0294131785631,0.00468931253999,0.000392550689867,0.0000471178209409],"median":[0.011610657908,0.294580519199,3.33513665199,12.4770345688,11.7880020142,7.30976295471,6.78486251831,11.9788179398,14.3883075714,7.99992704391,11.2530298233,10.5386018753,9.36253929138,8.25388336182,6.11755990982,8.46303939819,8.25193214417,8.47557926178,8.72623825073,5.41153430939,6.48817682266,7.34198284149,10.6625576019,12.4890213013,10.521191597,8.70151233673,7.49592924118,6.12309837341,4.62361001968,2.48511433601,1.17626047134,0.630181849003,0.385232895613,0.230304226279,0.0916589647532,0.0290835946798,0.00631744554266,0.000925482541788,0.0000698732983437,0.0000401332290494],"min":[2.59842183596e-23,6.19453921971e-22,1.93236661234e-21,5.08625199944e-21,6.31773652342e-21,2.07699154919e-20,1.90756121061e-20,4.91758066369e-20,9.05603473854e-20,1.47664108276e-19,2.90887083843e-19,2.715101195e-19,4.71160422549e-19,9.51204661479e-19,7.60601413735e-19,1.04300102996e-18,1.17907813438e-18,1.81795562998e-18,2.34724182738e-18,2.30885010041e-18,3.21754832835e-18,4.46498735689e-18,4.00407322059e-18,5.24794193081e-18,7.20790544682e-18,8.71322526915e-18,7.38231317025e-18,8.85365572175e-18,8.51907605322e-18,1.08320599887e-17,9.86904722062e-18,1.04528828775e-17,9.00119000144e-18,7.8859850996e-18,6.5138277074e-18,3.92515481348e-18,2.30684149908e-18,8.48001989342e-19,2.32723620577e-19,2.46805685497e-20],"var":[0.000355169322575,0.568884134293,29.7937583923,174.443069458,387.930603027,205.622512817,1120.88598633,2797.95336914,3774.05639648,829.89050293,2498.84863281,1110.53686523,3538.02709961,4172.63134766,1081.24987793,1526.69445801,1533.48388672,570.584472656,750.325805664,227.238845825,349.356628418,394.034973145,566.289611816,1157.19995117,604.576171875,1079.77734375,909.883056641,343.332550049,183.160919189,51.6123046875,177.04838562,87.5484695435,46.4380607605,8.20202541351,1.45822250843,0.134609624743,0.00589130353183,0.000119142729091,9.99806388791e-7,1.40323597186e-9]},"erbbands_crest":{"dmean":2.66283512115,"dmean2":4.19727373123,"dvar":6.65942192078,"dvar2":15.4253311157,"max":29.4645404816,"mean":9.34877109528,"median":7.99870109558,"min":2.43239498138,"var":24.5282077789},"erbbands_flatness_db":{"dmean":0.0153547907248,"dmean2":0.0222142152488,"dvar":0.000247352669248,"dvar2":0.000500435300637,"max":0.312594383955,"mean":0.148204416037,"median":0.145206272602,"min":0.0388099551201,"var":0.00109975773375},"erbbands_kurtosis":{"dmean":0.958393037319,"dmean2":1.49897539616,"dvar":3.0569961071,"dvar2":6.3778591156,"max":46.1526222229,"mean":0.277885109186,"median":-0.528060436249,"min":-1.82041978836,"var":8.69933700562},"erbbands_skewness":{"dmean":0.382582992315,"dmean2":0.570461034775,"dvar":0.157089099288,"dvar2":0.323606878519,"max":6.14244604111,"mean":0.468845486641,"median":0.403673112392,"min":-3.50684380531,"var":0.801808774471},"erbbands_spread":{"dmean":9.61120891571,"dmean2":14.7136163712,"dvar":109.479476929,"dvar2":241.59765625,"max":155.036895752,"mean":48.2204818726,"median":46.2865066528,"min":3.07255959511,"var":361.448760986},"gfcc":{"cov":[[32453.1582031,1536.54199219,-3250.01049805,1109.64404297,-2041.87194824,227.652236938,-949.090454102,278.950866699,-851.842712402,98.3101425171,-461.04083252,-118.082504272,-558.45501709],[1536.54199219,1124.66564941,-127.60118866,81.7004318237,110.567466736,-107.949699402,16.7345676422,-133.577590942,-4.30187368393,-115.163200378,16.5641269684,-41.0221366882,47.7080078125],[-3250.01049805,-127.60118866,728.769042969,-65.6203384399,247.716491699,20.705034256,39.0678825378,-33.8821868896,59.5526123047,-34.2718582153,45.8144340515,22.6605224609,64.5446014404],[1109.64404297,81.7004318237,-65.6203384399,279.014801025,-44.0642204285,-18.5760936737,-41.4066047668,-17.1053924561,-12.2707700729,2.31297779083,-31.9974002838,-34.0273857117,-1.34287571907],[-2041.87194824,110.567466736,247.716491699,-44.0642204285,318.636260986,1.55808508396,86.1479492188,-47.6235198975,53.5722618103,-41.673576355,14.0647592545,-11.9513025284,46.2016716003],[227.652236938,-107.949699402,20.705034256,-18.5760936737,1.55808508396,187.128982544,39.8982162476,23.5120449066,-22.2464466095,-4.90435552597,-26.1529941559,-7.74483728409,-22.1431827545],[-949.090454102,16.7345676422,39.0678825378,-41.4066047668,86.1479492188,39.8982162476,150.459686279,9.31074333191,20.6686077118,-14.316031456,0.689745366573,-14.0855293274,-1.21674597263],[278.950866699,-133.577590942,-33.8821868896,-17.1053924561,-47.6235198975,23.5120449066,9.31074333191,103.18888855,14.2079629898,19.9153938293,0.946918547153,2.75557804108,-27.8156547546],[-851.842712402,-4.30187368393,59.5526123047,-12.2707700729,53.5722618103,-22.2464466095,20.6686077118,14.2079629898,110.139175415,32.6860466003,12.1008014679,-9.35681819916,-0.143210753798],[98.3101425171,-115.163200378,-34.2718582153,2.31297779083,-41.673576355,-4.90435552597,-14.316031456,19.9153938293,32.6860466003,84.7612762451,22.1140785217,3.82177209854,-20.0858039856],[-461.04083252,16.5641269684,45.8144340515,-31.9974002838,14.0647592545,-26.1529941559,0.689745366573,0.946918547153,12.1008014679,22.1140785217,87.5259628296,35.0156974792,9.9045715332],[-118.082504272,-41.0221366882,22.6605224609,-34.0273857117,-11.9513025284,-7.74483728409,-14.0855293274,2.75557804108,-9.35681819916,3.82177209854,35.0156974792,65.5505142212,24.7745304108],[-558.45501709,47.7080078125,64.5446014404,-1.34287571907,46.2016716003,-22.1431827545,-1.21674597263,-27.8156547546,-0.143210753798,-20.0858039856,9.9045715332,24.7745304108,72.2823181152]],"icov":[[0.000346188637195,-0.000905461260118,0.000605688721407,-0.000662508711684,0.000609696144238,-0.000694507849403,0.00138845376205,-0.00129780150019,0.00182759785093,-0.00126045790967,0.00148450164124,-0.00113170512486,0.00147845363244],[-0.000905461260118,0.00393734313548,-0.000918477599043,0.00141112133861,-0.00184514618013,0.00219331402332,-0.00364337558858,0.00492035550997,-0.00559302512556,0.00586560834199,-0.00550225283951,0.00417267438024,-0.00412193359807],[0.000605688721407,-0.000918477599043,0.00340733560733,-0.00115294824354,-0.000461661664303,-0.00167359376792,0.00303814536892,-0.00169906171504,0.00212733796798,-0.000577337981667,0.00106259144377,-0.00168147147633,0.00167598039843],[-0.000662508711684,0.00141112133861,-0.00115294824354,0.00560812512413,-0.0006933149416,0.00147347094025,-0.00169365154579,0.0026418925263,-0.00304497499019,0.00142913730815,-0.00188041559886,0.0045492304489,-0.00394400302321],[0.000609696144238,-0.00184514618013,-0.000461661664303,-0.0006933149416,0.00758151290938,-0.00139900902286,-0.000123246034491,-0.000368587468984,0.000788868579548,-0.000309726776322,0.0018801818369,-0.000159397226525,0.000621753220912],[-0.000694507849403,0.00219331402332,-0.00167359376792,0.00147347094025,-0.00139900902286,0.00826941989362,-0.0047189691104,0.00178946345113,-0.00163167528808,0.00213984050788,-0.000760340481065,0.00155960093252,-0.00109389913268],[0.00138845376205,-0.00364337558858,0.00303814536892,-0.00169365154579,-0.000123246034491,-0.0047189691104,0.0148598458618,-0.00661546038464,0.00631844485179,-0.00372055103071,0.00474114716053,-0.00245978799649,0.0058971690014],[-0.00129780150019,0.00492035550997,-0.00169906171504,0.0026418925263,-0.000368587468984,0.00178946345113,-0.00661546038464,0.0190073177218,-0.0103487335145,0.00693844584748,-0.00682302145287,0.00312354951166,-0.00194942334201],[0.00182759785093,-0.00559302512556,0.00212733796798,-0.00304497499019,0.000788868579548,-0.00163167528808,0.00631844485179,-0.0103487335145,0.0239852685481,-0.0147634949535,0.00914022419602,-0.00404431950301,0.00705406349152],[-0.00126045790967,0.00586560834199,-0.000577337981667,0.00142913730815,-0.000309726776322,0.00213984050788,-0.00372055103071,0.00693844584748,-0.0147634949535,0.0269736181945,-0.0130336508155,0.00558687141165,-0.00226951763034],[0.00148450164124,-0.00550225283951,0.00106259144377,-0.00188041559886,0.0018801818369,-0.000760340481065,0.00474114716053,-0.00682302145287,0.00914022419602,-0.0130336508155,0.0258038081229,-0.015401144512,0.00827581807971],[-0.00113170512486,0.00417267438024,-0.00168147147633,0.0045492304489,-0.000159397226525,0.00155960093252,-0.00245978799649,0.00312354951166,-0.00404431950301,0.00558687141165,-0.015401144512,0.0313594415784,-0.015264922753],[0.00147845363244,-0.00412193359807,0.00167598039843,-0.00394400302321,0.000621753220912,-0.00109389913268,0.0058971690014,-0.00194942334201,0.00705406349152,-0.00226951763034,0.00827581807971,-0.015264922753,0.0285058338195]],"mean":[-15.055431366,92.8835220337,-109.549873352,43.8698005676,-62.7798423767,3.10919594765,-33.6532478333,-0.0915234088898,-30.2637271881,-2.20339298248,-20.7020339966,-7.93297815323,-16.5191555023]},"hfc":{"dmean":6.03907299042,"dmean2":7.60145711899,"dvar":71.6908035278,"dvar2":131.852218628,"max":147.995223999,"mean":20.9074687958,"median":16.8958320618,"min":1.07529648131e-16,"var":292.802856445},"melbands":{"dmean":[0.000207768243854,0.00113508256618,0.00135492102709,0.000555402832106,0.000305868888972,0.000334759650286,0.000259428983554,0.000114780021249,0.000135298876557,0.0000835837054183,0.0000804332958069,0.0000607885813224,0.0000264367099589,0.0000305365138047,0.0000276546379609,0.0000270839263976,0.0000166676472872,0.000016413796402,0.00000985359747574,0.00000752713776819,0.00000754743359721,0.00000794318930275,0.00000639432710159,0.0000114573294923,0.0000115323482532,0.00000760505281505,0.00000596966174271,0.00000811693280411,0.00000800235920906,0.00000443803537564,0.00000386581086786,0.00000314394924317,0.00000182194730769,0.00000145924411754,0.00000143383613249,0.00000135703839987,0.00000101252965123,9.43176644341e-7,7.03685600456e-7,5.22004881987e-7],"dmean2":[0.000344049418345,0.00173800229095,0.00211540819146,0.000927988730837,0.000470557570225,0.000517239212058,0.000401684665121,0.000178747301106,0.000210123340366,0.000130420230562,0.000122319819639,0.0000905768756638,0.000042098468839,0.0000480390626763,0.0000442816162831,0.0000447855964012,0.0000271132721537,0.0000269390529866,0.0000161552306963,0.000012094921658,0.0000119546220958,0.0000125944698084,0.00000993222056422,0.000017925451175,0.0000178092723218,0.0000117901672638,0.00000913470648811,0.0000119825417642,0.0000116870705824,0.00000660502746541,0.00000560032503927,0.00000453483789897,0.00000270559689852,0.0000021641501462,0.00000221965296987,0.00000211150859286,0.00000150201799443,0.00000144029206695,0.00000101455816548,7.6023229667e-7],"dvar":[1.15805910639e-7,0.00000260926822193,0.00000228254293688,5.03339776969e-7,3.02061891944e-7,4.16990246777e-7,2.21640945597e-7,4.68272247645e-8,7.50178159592e-8,2.49353160342e-8,3.11080121662e-8,2.29401901919e-8,3.94123755854e-9,4.47134862469e-9,3.4084688405e-9,3.436054552e-9,1.10224518401e-9,9.09499309198e-10,3.22235044203e-10,2.44765124835e-10,2.53049858845e-10,3.68500785441e-10,1.21952975496e-10,3.54881235509e-10,3.98644811606e-10,1.58107582582e-10,1.06933815969e-10,2.53130710837e-10,2.70673594649e-10,5.50503566343e-11,4.5727623077e-11,3.19715434682e-11,9.00986577013e-12,1.19027851811e-11,1.00470326503e-10,5.73976595419e-11,2.24656872966e-11,3.71385491804e-11,7.55864815183e-12,3.58354990647e-12],"dvar2":[3.07053880988e-7,0.00000626910332358,0.00000573935676584,0.00000134504080052,6.93562867582e-7,0.00000101106047623,5.17136641065e-7,1.15584370519e-7,1.8248877609e-7,5.7851814006e-8,7.033524696e-8,5.09394766368e-8,9.86491777155e-9,1.00467056896e-8,7.95883181581e-9,9.13034359229e-9,2.57834620321e-9,2.34351027473e-9,8.44236736075e-10,5.634416822e-10,5.92229043583e-10,8.7956170125e-10,3.00863611802e-10,8.35598756854e-10,9.63410018429e-10,3.7561423416e-10,2.65862193372e-10,5.41701128398e-10,6.04373995294e-10,1.20295273742e-10,9.26843324311e-11,6.46056749765e-11,1.95241635359e-11,2.95626786939e-11,2.73262745765e-10,1.47391265859e-10,5.06863370719e-11,9.64690688443e-11,1.47963065411e-11,7.59403043921e-12],"max":[0.00461664702743,0.0190118085593,0.0168984029442,0.0112696010619,0.0106608206406,0.0122594488785,0.00759993633255,0.00591891584918,0.00623310077935,0.00249954359606,0.00385948643088,0.00297059933655,0.00142106879503,0.00218451488763,0.00114513118751,0.00111917580944,0.00112454255577,0.000525439681951,0.000421634962549,0.000538259861059,0.000556818791665,0.000858611310832,0.000282397348201,0.000255122227827,0.000405182683608,0.000345563807059,0.000383031991078,0.000540155102499,0.000522425747477,0.000161760122865,0.00017617692356,0.000143475146615,0.0000630914873909,0.0000805652671261,0.000561585882679,0.000246191659244,0.000151975851622,0.000217149339733,0.000102108620922,0.0000402204823331],"mean":[0.000302999658743,0.00204214965925,0.00279637984931,0.0010397657752,0.000598696758971,0.000671954941936,0.000536483479664,0.00020153071091,0.000227701340918,0.000136413538712,0.000155141213327,0.00011879534577,0.0000452152598882,0.0000528126511199,0.0000459506263724,0.0000449592735094,0.000027862510251,0.0000286327322101,0.0000177442270797,0.0000136742546601,0.000014884137272,0.0000142946937558,0.0000123141962831,0.0000208259571082,0.0000206020013138,0.0000141523078128,0.0000114424346975,0.0000149333554873,0.000013808516087,0.00000824145990919,0.00000732119906388,0.00000604475371802,0.00000351942594534,0.00000241001544055,0.00000199080636776,0.00000178933953521,0.00000138806706218,0.00000114604961254,9.46540069435e-7,6.97777750247e-7],"median":[0.000168048340129,0.00140072009526,0.00239143637009,0.000740982010029,0.000245818548137,0.000287342903903,0.00021091538656,0.0000783455907367,0.0000863647583174,0.0000532427220605,0.0000416608454543,0.0000299937310047,0.0000171521769516,0.0000215957770706,0.0000185227036127,0.0000160750223586,0.0000135315958687,0.0000134072042783,0.00000846050443215,0.00000604684782957,0.00000763660864322,0.00000727561155145,0.0000068551894401,0.0000108389585876,0.0000094717979664,0.00000724837536836,0.00000577946775593,0.00000567552615394,0.00000498424651596,0.00000379064999834,0.00000323609606312,0.00000276600871985,0.00000185613077974,0.00000110262158159,6.73396755246e-7,4.68005197263e-7,3.33180452117e-7,2.63997378624e-7,2.37219381916e-7,1.73838927253e-7],"min":[5.69536718059e-25,1.2538536839e-24,1.00267396219e-24,1.12589837432e-24,5.83548514762e-25,1.00838107501e-24,1.06564833382e-24,2.01495171425e-24,2.03464306295e-24,1.87801019427e-24,1.90519158005e-24,2.90043526137e-24,2.11431367564e-24,2.06530450862e-24,1.79339421256e-24,2.33580392694e-24,2.98790889171e-24,2.67661767319e-24,3.85242274103e-24,3.14261477041e-24,3.50276685011e-24,3.7662081327e-24,2.32657149333e-24,3.43015575366e-24,3.41914088884e-24,4.26248131703e-24,3.85774281898e-24,4.95504044953e-24,4.86426780289e-24,4.23512164869e-24,5.19814963115e-24,4.67327866128e-24,5.29550019445e-24,5.96250536121e-24,4.78226965609e-24,5.53531667065e-24,6.57928533186e-24,5.35682071919e-24,6.31991851584e-24,5.8102319351e-24],"var":[1.57830683634e-7,0.00000478100582768,0.00000494726509714,0.00000108519407149,9.98682025966e-7,0.00000120024708394,7.6121574466e-7,1.11170074035e-7,1.64402351288e-7,5.24252818934e-8,9.35300974447e-8,7.89313645555e-8,9.15436704219e-9,1.06484421281e-8,7.39538164041e-9,7.38901873021e-9,2.15477169441e-9,1.94379112806e-9,7.92649168524e-10,5.60132162875e-10,6.42283337626e-10,7.55907336725e-10,3.00104663342e-10,7.64831808997e-10,9.12784847706e-10,4.05841388273e-10,2.77444206498e-10,6.82720435741e-10,6.15611950305e-10,1.3743807481e-10,1.28002511368e-10,8.38470681774e-11,2.16872388104e-11,1.64827786836e-11,7.81819400886e-11,5.82896925172e-11,3.23173710015e-11,3.44211534276e-11,1.11345698287e-11,4.78111213814e-12]},"melbands_crest":{"dmean":3.36758732796,"dmean2":5.54032468796,"dvar":9.45273780823,"dvar2":25.1818084717,"max":33.6247520447,"mean":14.7962255478,"median":14.4616498947,"min":1.5705537796,"var":23.6782455444},"melbands_flatness_db":{"dmean":0.0286505259573,"dmean2":0.0414782315493,"dvar":0.00081676786067,"dvar2":0.00168091210071,"max":0.576084017754,"mean":0.203042447567,"median":0.197227776051,"min":0.00354659091681,"var":0.00596245983616},"melbands_kurtosis":{"dmean":9.96194839478,"dmean2":15.5327291489,"dvar":330.854614258,"dvar2":763.359191895,"max":364.184356689,"mean":21.751241684,"median":12.8954048157,"min":-1.74011576176,"var":804.217895508},"melbands_skewness":{"dmean":0.833291530609,"dmean2":1.28851187229,"dvar":0.924644947052,"dvar2":2.11646986008,"max":14.9126644135,"mean":3.36007905006,"median":3.0066151619,"min":-0.593844294548,"var":3.42820048332},"melbands_spread":{"dmean":7.08927774429,"dmean2":10.8249759674,"dvar":133.769882202,"dvar2":285.447418213,"max":235.751022339,"mean":22.154542923,"median":15.943728447,"min":0.495501458645,"var":565.628417969},"mfcc":{"cov":[[11171.9414062,436.569976807,-252.960159302,178.190414429,-431.04486084,-157.620407104,-37.4170227051,-60.6687927246,-136.172027588,9.52801895142,107.827323914,63.9311714172,-62.7966995239],[436.569976807,1228.22546387,-11.608338356,199.271911621,92.3953704834,77.4349212646,26.5552368164,31.470785141,-24.8304252625,-40.8553009033,-26.2693367004,-84.0525588989,-20.2323513031],[-252.960159302,-11.608338356,346.004425049,25.6997966766,83.7150192261,26.9368858337,6.74306440353,9.81880664825,-16.980588913,-5.21965789795,-22.3546924591,-17.6753253937,-7.09008312225],[178.190414429,199.271911621,25.6997966766,288.904937744,45.3028793335,13.9727077484,-21.0990886688,-32.8792495728,13.0148839951,-18.6526012421,-21.3758144379,-1.87711369991,7.71715402603],[-431.04486084,92.3953704834,83.7150192261,45.3028793335,172.479812622,39.9287948608,3.24933934212,9.09976100922,7.22508478165,0.0172471441329,-23.2998218536,-19.3062591553,-6.15170240402],[-157.620407104,77.4349212646,26.9368858337,13.9727077484,39.9287948608,140.264205933,43.7079429626,17.7212905884,31.9751491547,-2.54067134857,-1.65964567661,-0.959008872509,-16.1632595062],[-37.4170227051,26.5552368164,6.74306440353,-21.0990886688,3.24933934212,43.7079429626,116.000534058,46.2431373596,1.7806879282,0.940907597542,-6.93554878235,-10.1382665634,-6.54797935486],[-60.6687927246,31.470785141,9.81880664825,-32.8792495728,9.09976100922,17.7212905884,46.2431373596,88.3519134521,21.3650836945,7.6409072876,3.72474122047,-17.6741657257,-5.07271051407],[-136.172027588,-24.8304252625,-16.980588913,13.0148839951,7.22508478165,31.9751491547,1.7806879282,21.3650836945,87.6428146362,25.8344669342,4.3680024147,7.85856723785,-5.1591629982],[9.52801895142,-40.8553009033,-5.21965789795,-18.6526012421,0.0172471441329,-2.54067134857,0.940907597542,7.6409072876,25.8344669342,76.5654373169,30.0113487244,2.40434002876,-2.28710412979],[107.827323914,-26.2693367004,-22.3546924591,-21.3758144379,-23.2998218536,-1.65964567661,-6.93554878235,3.72474122047,4.3680024147,30.0113487244,76.1832580566,31.4927177429,6.0437746048],[63.9311714172,-84.0525588989,-17.6753253937,-1.87711369991,-19.3062591553,-0.959008872509,-10.1382665634,-17.6741657257,7.85856723785,2.40434002876,31.4927177429,88.4881591797,31.7419929504],[-62.7966995239,-20.2323513031,-7.09008312225,7.71715402603,-6.15170240402,-16.1632595062,-6.54797935486,-5.07271051407,-5.1591629982,-2.28710412979,6.0437746048,31.7419929504,63.17552948]],"icov":[[0.000110988898086,-0.0000529535864189,0.0000168544229382,-0.000114303693408,0.000294395518722,0.0000589486480749,0.0000147237296915,-0.000059367310314,0.000209762496524,-0.000109284752398,-0.0000247622756433,-0.000171971943928,0.000251674908213],[-0.0000529535864189,0.00113599014003,0.000296172656817,-0.000747710000724,-0.000472715299111,-0.000655933632515,0.000108629355964,-0.000584414694458,0.000612699717749,0.000397274416173,-0.000412043445976,0.00112649344373,-0.000275929516647],[0.0000168544229382,0.000296172656817,0.00348274060525,-0.000383153092116,-0.00147759704851,-0.000665224913973,0.000325113651343,-0.000832133984659,0.00148906186223,-0.000380482262699,0.000609709648415,0.0000841735600261,0.000209281832213],[-0.000114303693408,-0.000747710000724,-0.000383153092116,0.0047237817198,-0.00100815657061,0.000275967788184,-0.0000183599986485,0.00240011513233,-0.00214828667231,0.00100881885737,0.000500907481182,-0.00000125305393794,-0.000996061600745],[0.000294395518722,-0.000472715299111,-0.00147759704851,-0.00100815657061,0.00845857150853,-0.00178645865526,0.00110007356852,-0.00106720917393,0.000797432672698,-0.0016535470495,0.00202986388467,-0.000118093194033,0.000363886152627],[0.0000589486480749,-0.000655933632515,-0.000665224913973,0.000275967788184,-0.00178645865526,0.0106747681275,-0.00439216382802,0.00168790679891,-0.00464687123895,0.00217260839418,-0.00150302227121,-0.00121658795979,0.0024318296928],[0.0000147237296915,0.000108629355964,0.000325113651343,-0.0000183599986485,0.00110007356852,-0.00439216382802,0.0131206130609,-0.00717435078695,0.00359938642941,-0.00177061767317,0.00274697714485,-0.000934050127398,0.000291753414785],[-0.000059367310314,-0.000584414694458,-0.000832133984659,0.00240011513233,-0.00106720917393,0.00168790679891,-0.00717435078695,0.01836107485,-0.00655733980238,0.0019781596493,-0.00365160172805,0.00453763408586,-0.00196855468675],[0.000209762496524,0.000612699717749,0.00148906186223,-0.00214828667231,0.000797432672698,-0.00464687123895,0.00359938642941,-0.00655733980238,0.0179941896349,-0.00694524776191,0.00353927281685,-0.00356374843977,0.00223959423602],[-0.000109284752398,0.000397274416173,-0.000380482262699,0.00100881885737,-0.0016535470495,0.00217260839418,-0.00177061767317,0.0019781596493,-0.00694524776191,0.0190857239068,-0.00887372903526,0.00376234273426,-0.000694840098731],[-0.0000247622756433,-0.000412043445976,0.000609709648415,0.000500907481182,0.00202986388467,-0.00150302227121,0.00274697714485,-0.00365160172805,0.00353927281685,-0.00887372903526,0.0209888666868,-0.00843744259328,0.00185446080286],[-0.000171971943928,0.00112649344373,0.0000841735600261,-0.00000125305393794,-0.000118093194033,-0.00121658795979,-0.000934050127398,0.00453763408586,-0.00356374843977,0.00376234273426,-0.00843744259328,0.0197662953287,-0.00913484115154],[0.000251674908213,-0.000275929516647,0.000209281832213,-0.000996061600745,0.000363886152627,0.0024318296928,0.000291753414785,-0.00196855468675,0.00223959423602,-0.000694840098731,0.00185446080286,-0.00913484115154,0.021235704422]],"mean":[-642.36541748,114.920555115,6.92724323273,37.7366256714,-5.33608818054,6.36137771606,0.614357709885,-1.90475189686,-3.6756310463,-3.07973790169,-0.9627135396,-5.07875347137,-7.26736545563]},"pitch_salience":{"dmean":0.0695059299469,"dmean2":0.111934676766,"dvar":0.00412113638595,"dvar2":0.0107593452558,"max":0.975509881973,"mean":0.542360305786,"median":0.540498793125,"min":0.110124781728,"var":0.0121803414077},"silence_rate_20dB":{"dmean":0,"dmean2":0,"dvar":0,"dvar2":0,"max":1,"mean":1,"median":1,"min":1,"var":0},"silence_rate_30dB":{"dmean":0,"dmean2":0,"dvar":0,"dvar2":0,"max":1,"mean":1,"median":1,"min":1,"var":0},"silence_rate_60dB":{"dmean":0.0111208660528,"dmean2":0.0222449880093,"dvar":0.0109957586974,"dvar2":0.0278949514031,"max":1,"mean":0.0497439652681,"median":0,"min":0,"var":0.0472691878676},"spectral_centroid":{"dmean":295.645050049,"dmean2":438.779998779,"dvar":121329.351562,"dvar2":236459.609375,"max":11852.8193359,"mean":1456.22558594,"median":1145.34106445,"min":145.696533203,"var":2352256.25},"spectral_complexity":{"dmean":4.17764139175,"dmean2":5.67130088806,"dvar":20.2245864868,"dvar2":31.9216403961,"max":60,"mean":19.590051651,"median":17,"min":0,"var":146.91583252},"spectral_contrast_coeffs":{"dmean":[0.0540886186063,0.0486263260245,0.0372900255024,0.0290283709764,0.0214233659208,0.018640158698],"dmean2":[0.0895803496242,0.07853410393,0.0606316849589,0.0480467565358,0.0340666510165,0.0289676282555],"dvar":[0.00205182330683,0.00166282185819,0.000920035410672,0.000520003086422,0.000311043899273,0.000284868146991],"dvar2":[0.00556306913495,0.00407627690583,0.00231516780332,0.00139815418515,0.000745974073652,0.000637728895526],"max":[-0.337844640017,-0.424550771713,-0.512465298176,-0.624086499214,-0.633939623833,-0.602594614029],"mean":[-0.568932533264,-0.705083668232,-0.775194466114,-0.797990381718,-0.798564374447,-0.736252248287],"median":[-0.557578921318,-0.706233620644,-0.782935857773,-0.800006568432,-0.797705590725,-0.73042011261],"min":[-0.980130255222,-0.993927896023,-0.978155612946,-0.973629832268,-0.969573020935,-0.965070843697],"var":[0.00775682646781,0.00821671728045,0.0050811721012,0.0024267709814,0.00190604641102,0.00257048057392]},"spectral_contrast_valleys":{"dmean":[0.432096034288,0.365719407797,0.303863912821,0.267473697662,0.253789037466,0.348519802094],"dmean2":[0.706899523735,0.578552424908,0.485328614712,0.411502361298,0.353082507849,0.443436056376],"dvar":[0.151602312922,0.11128731817,0.0792051106691,0.0712502896786,0.0755629315972,0.153002738953],"dvar2":[0.348787516356,0.225373029709,0.156460627913,0.128779157996,0.114687025547,0.263524442911],"max":[-5.54528999329,-4.99929714203,-5.50489425659,-6.17887783051,-5.68731355667,-7.41502952576],"mean":[-7.69950008392,-7.10103654861,-7.73718833923,-8.08916568756,-7.6880865097,-10.4103240967],"median":[-7.20240831375,-6.59726858139,-7.234167099,-7.58977365494,-7.21414041519,-9.98869132996],"min":[-28.3748474121,-28.0595645905,-27.9703960419,-27.7826595306,-27.6060028076,-27.415353775],"var":[8.54418945312,9.05177688599,8.46882915497,8.19587612152,8.66070079803,6.83071184158]},"spectral_decrease":{"dmean":2.10413775292e-9,"dmean2":3.06334180245e-9,"dvar":4.28279255517e-18,"dvar2":9.16746074919e-18,"max":2.76930310936e-20,"mean":-7.6614821154e-9,"median":-7.56293694337e-9,"min":-2.43194850924e-8,"var":1.67257739656e-17},"spectral_energy":{"dmean":0.00818103458732,"dmean2":0.0118183344603,"dvar":0.0000637134653516,"dvar2":0.000133895431645,"max":0.0971566289663,"mean":0.0308126043528,"median":0.0303443390876,"min":9.81603196793e-21,"var":0.000263187364908},"spectral_energyband_high":{"dmean":0.000595935096499,"dmean2":0.000787518976722,"dvar":0.00000116499870728,"dvar2":0.00000222115340875,"max":0.0222230460495,"mean":0.00123603595421,"median":0.000563836074434,"min":7.05867144021e-21,"var":0.00000331210412696},"spectral_energyband_low":{"dmean":0.00499704340473,"dmean2":0.00753860920668,"dvar":0.0000353862524207,"dvar2":0.0000801826681709,"max":0.064601585269,"mean":0.0107981646433,"median":0.0090853869915,"min":1.17286159115e-23,"var":0.0000843144298415},"spectral_energyband_middle_high":{"dmean":0.00125708593987,"dmean2":0.00179690821096,"dvar":0.00000252737686424,"dvar2":0.00000513890427101,"max":0.0237761177123,"mean":0.00418847054243,"median":0.00277749635279,"min":1.09958233582e-21,"var":0.0000165973469848},"spectral_energyband_middle_low":{"dmean":0.0059931864962,"dmean2":0.00923888478428,"dvar":0.0000391026915167,"dvar2":0.0000961676341831,"max":0.0830530822277,"mean":0.0181925781071,"median":0.0171230416745,"min":1.88787957783e-22,"var":0.000130691711092},"spectral_entropy":{"dmean":0.17038013041,"dmean2":0.243883281946,"dvar":0.0382989123464,"dvar2":0.075166746974,"max":9.82741546631,"mean":7.59177017212,"median":7.64090871811,"min":4.70113515854,"var":0.307164102793},"spectral_flux":{"dmean":0.0228788219392,"dmean2":0.0358680486679,"dvar":0.000460762676084,"dvar2":0.00115013984032,"max":0.231993570924,"mean":0.0829110369086,"median":0.0821848660707,"min":6.17952286563e-11,"var":0.00135315698572},"spectral_kurtosis":{"dmean":1.27567660809,"dmean2":2.10108208656,"dvar":5.15240335464,"dvar2":11.8894472122,"max":62.7881317139,"mean":3.29249191284,"median":2.65738296509,"min":-1.25015413761,"var":14.9924697876},"spectral_rms":{"dmean":0.000737760623451,"dmean2":0.0010426111985,"dvar":4.85961095364e-7,"dvar2":9.36213268687e-7,"max":0.00973585899919,"mean":0.00519899046049,"median":0.00544097740203,"min":3.09461093903e-12,"var":0.0000030316170978},"spectral_rolloff":{"dmean":540.975158691,"dmean2":895.008178711,"dvar":1064995.25,"dvar2":2216557.5,"max":19681.3476562,"mean":1631.33850098,"median":775.1953125,"min":86.1328125,"var":7965159},"spectral_skewness":{"dmean":0.199186041951,"dmean2":0.30789244175,"dvar":0.0561890266836,"dvar2":0.121257573366,"max":6.38367509842,"mean":1.24601686001,"median":1.20053970814,"min":-0.0750066712499,"var":0.300891250372},"spectral_spread":{"dmean":474791,"dmean2":698198.9375,"dvar":662835953664,"dvar2":1171626655740,"max":42561356,"mean":5317551,"median":4454605.5,"min":1359575.375,"var":26826927767600},"spectral_strongpeak":{"dmean":0.432517975569,"dmean2":0.739784657955,"dvar":0.595115125179,"dvar2":1.51400125027,"max":19.3702983856,"mean":0.837890744209,"median":0.6077272892,"min":0,"var":0.706611394882},"zerocrossingrate":{"dmean":0.0111891003326,"dmean2":0.0131183518097,"dvar":0.000222911970923,"dvar2":0.000291364674922,"max":0.525390625,"mean":0.0639302656054,"median":0.048828125,"min":0.005859375,"var":0.00498904660344}},"metadata":{"audio_properties":{"analysis_sample_rate":44100,"bit_rate":256000,"codec":"mp3","downmix":"mix","equal_loudness":0,"length":158.667755127,"lossless":false,"md5_encoded":"b1706e0403a56ce6c8a8a5f703aecd3b","replay_gain":-11.3383369446,"sample_rate":44100},"tags":{"album":["The Ultimate Collection"],"albumartist":["The Temptations"],"artist":["The Temptations"],"date":["1997"],"encoding":["Audiograbber 1.81.02, External encoder lame.exe (%s %d -b 256) "],"file_name":"30257.mp3","genre":["Oldies"],"musicbrainz_recordingid":["15d500eb-904e-41f4-9a2e-f23cc90005d5"],"title":["Get Ready"],"tracknumber":["6"]},"version":{"essentia":"2.1-beta2","essentia_build_sha":"70f2e5ece6736b2c40cc944ad0e695b16b925413","essentia_git_sha":"v2.1_beta2","extractor":"music 1.0"}},"rhythm":{"beats_count":360,"beats_loudness":{"dmean":0.0147327464074,"dmean2":0.025946252048,"dvar":0.000146520382259,"dvar2":0.000470585917355,"max":0.0879130363464,"mean":0.040011677891,"median":0.0405623987317,"min":0,"var":0.000238403226831},"beats_loudness_band_ratio":{"dmean":[0.187291994691,0.152043744922,0.119352310896,0.0615809224546,0.0351902171969,0.0910090953112],"dmean2":[0.32887083292,0.27676230669,0.200345620513,0.107214301825,0.0643081888556,0.174162819982],"dvar":[0.0183836705983,0.0164762437344,0.00959481764585,0.00628824997693,0.000907643930987,0.00475426623598],"dvar2":[0.0508675798774,0.0499523542821,0.0286096278578,0.0162315778434,0.00261341384612,0.0144305909052],"max":[0.980182349682,0.732766628265,0.643407762051,0.569364368916,0.246580064297,0.56641882658],"mean":[0.474955618382,0.20406703651,0.168042495847,0.0693567916751,0.0501233413815,0.0865355730057],"median":[0.499516427517,0.173841848969,0.144553527236,0.0359983630478,0.0408172607422,0.0671222656965],"min":[0,0,0,0,0,0],"var":[0.0339152216911,0.0210458002985,0.0147293042392,0.00610325019807,0.00146384898107,0.00600925926119]},"beats_position":[0.406349211931,0.