{"lowlevel":{"average_loudness":0.568275332451,"barkbands":{"dmean":[0.0000480095623061,0.00276126968674,0.00197356566787,0.00195867009461,0.00301058217883,0.000919906829949,0.00201091729105,0.00126726378221,0.00064129952807,0.000602380838245,0.000388609740185,0.000135410533403,0.00016778553254,0.0000668983266223,0.000042392679461,0.0000181268533197,0.0000117145427794,0.00000304399168272,0.00000198451493816,0.00000102614933439,8.44806322675e-7,8.29483610687e-7,4.6681603294e-7,2.52551728863e-7,9.26528116452e-8,3.12051291473e-8,7.26910753812e-9],"dmean2":[0.0000720385214663,0.00442230328918,0.00327366474085,0.00323476432823,0.0048699118197,0.00151002220809,0.00315406778827,0.00203423877247,0.000990480766632,0.000989731168374,0.000591198913753,0.000218574728933,0.000275358237559,0.0001059108763,0.0000678693104419,0.0000286331578536,0.0000188053836609,0.00000502699958815,0.0000032318587273,0.00000167329437772,0.00000137375764098,0.00000134877689106,7.84206292792e-7,4.21476556767e-7,1.59050031812e-7,5.36629549686e-8,1.23057217749e-8],"dvar":[2.77207270472e-8,0.0000304996028717,0.0000225554067583,0.0000182746243809,0.0000247317038884,0.00000309707047563,0.0000128183282868,0.00000635863852949,0.00000137386382448,0.00000135297568704,0.00000179150720214,1.29374782887e-7,1.12070260627e-7,3.7226630667e-8,1.4572477447e-8,1.90771864972e-9,1.06339492767e-9,1.05961309171e-10,2.20428571229e-11,4.62125086462e-12,4.19853084591e-12,4.8043600348e-12,1.3716578871e-12,4.03083978955e-13,3.84153056858e-14,2.06803136424e-15,5.80552345407e-17],"dvar2":[5.1241066501e-8,0.0000844237438287,0.000060528760514,0.0000503713381477,0.0000642049853923,0.00000823700793262,0.000029899947549,0.0000165816618392,0.00000304265972773,0.000003517810228,0.00000328885585077,3.30711117158e-7,2.85503432451e-7,8.73214460739e-8,3.57091920478e-8,4.45614301015e-9,2.59770116529e-9,2.75301503816e-10,5.74790666452e-11,1.1701816599e-11,1.05488369775e-11,1.22354253465e-11,3.63270091092e-12,1.04916932347e-12,1.02218865425e-13,5.77598161831e-15,1.56716460949e-16],"max":[0.00825550593436,0.0852585509419,0.106526561081,0.0883506834507,0.0852938592434,0.0521158911288,0.07214397192,0.0495855212212,0.02904064022,0.0252224132419,0.043703109026,0.00760268466547,0.00571328541264,0.00473561370745,0.00251904595643,0.000957595417276,0.000711698201485,0.000253356498433,0.0000853143501445,0.0000393469090341,0.0000439971736341,0.0000401781253458,0.0000176795983862,0.000010194983588,0.00000268905364464,7.1652192446e-7,1.43521035056e-7],"mean":[0.000133632187499,0.0050733210519,0.00353500153869,0.00365478452295,0.00621902709827,0.00209695962258,0.00405782693997,0.00237512681633,0.00136921927333,0.00100876635406,0.000609864364378,0.00021486679907,0.000358805991709,0.0000958834280027,0.0000738756643841,0.0000320775579894,0.0000197201152332,0.00000400350290874,0.00000330716329699,0.00000136725577704,0.00000106844038328,0.00000107383539216,6.03191892878e-7,3.32649506163e-7,1.68493571095e-7,1.05252809135e-7,1.6446177753e-8],"median":[0.0000171595984284,0.00129610742442,0.0010553242173,0.000973652116954,0.00262834923342,0.000922975654248,0.00205874023959,0.00127039989457,0.00059386814246,0.000396431074478,0.00013933039736,0.0000604294327786,0.000118717362056,0.0000207959892577,0.0000176980374818,0.00000829262535262,0.0000053399276112,0.00000101763589555,9.2894606496e-7,4.54869081068e-7,2.71576283239e-7,2.31852425259e-7,1.57615886565e-7,1.22549010939e-7,1.05952892682e-7,9.29907955083e-8,1.36366837822e-8],"min":[1.01110290152e-23,1.26582947991e-23,2.67426939205e-23,1.24564955021e-23,6.84879445364e-23,1.41627148654e-23,2.29409318268e-23,4.92272002938e-24,1.34244297261e-22,1.73188618347e-22,3.22101310824e-23,6.58984675943e-23,1.02674027036e-22,1.10945877338e-22,1.07282836434e-22,1.16729388976e-22,2.05454935258e-22,2.63422441436e-22,3.24501429594e-22,2.06408661782e-22,7.14038420237e-22,4.11096117421e-22,6.05425829374e-22,7.30373874184e-22,1.07952017674e-21,1.58452949073e-21,2.37440861974e-21],"var":[1.69664915006e-7,0.0000796591193648,0.0000581732019782,0.0000534838618478,0.0000817204345367,0.0000124205071188,0.0000352329843736,0.000010962984561,0.00000458896556665,0.00000306335277855,0.00000401528541261,2.15333415099e-7,3.42020626931e-7,6.51297398235e-8,2.54776271191e-8,4.48720127721e-9,1.75634551347e-9,1.10705215828e-10,4.24810638056e-11,6.20447400054e-12,5.27369424172e-12,5.89131217768e-12,1.58962957814e-12,4.33288848594e-13,4.43101332264e-14,3.84508192362e-15,1.57206535684e-16]},"barkbands_crest":{"dmean":2.54332709312,"dmean2":4.22434806824,"dvar":4.9209728241,"dvar2":13.2962265015,"max":26.8470001221,"mean":11.6328411102,"median":10.8730430603,"min":3.10518097878,"var":19.9249897003},"barkbands_flatness_db":{"dmean":0.0212430488318,"dmean2":0.0334090329707,"dvar":0.000362506048987,"dvar2":0.000843521556817,"max":0.506886899471,"mean":0.286938220263,"median":0.283902734518,"min":0.0278170444071,"var":0.0037982694339},"barkbands_kurtosis":{"dmean":2.44581198692,"dmean2":4.03268766403,"dvar":43.1910972595,"dvar2":118.718322754,"max":435.706176758,"mean":7.96104431152,"median":1.5484790802,"min":-1.83936238289,"var":1208.7956543},"barkbands_skewness":{"dmean":0.431374996901,"dmean2":0.696294605732,"dvar":0.162513524294,"dvar2":0.418769359589,"max":20.6887168884,"mean":1.31853711605,"median":0.882633924484,"min":-2.15299487114,"var":5.31173944473},"barkbands_spread":{"dmean":1.5775411129,"dmean2":2.53357172012,"dvar":6.37893867493,"dvar2":17.1819400787,"max":98.2755813599,"mean":6.95625734329,"median":5.48690891266,"min":0.61771261692,"var":53.9782600403},"dissonance":{"dmean":0.0452841743827,"dmean2":0.0777217000723,"dvar":0.00165829563048,"dvar2":0.0046573583968,"max":0.500000059605,"mean":0.407566636801,"median":0.419310778379,"min":0.13032579422,"var":0.00407856749371},"dynamic_complexity":4.573969841,"erbbands":{"dmean":[0.0565392822027,0.706194400787,1.91273128986,5.10512590408,4.98359012604,14.5001783371,11.5410203934,6.54257154465,21.1756401062,34.4988136292,23.3814411163,15.5875225067,11.7235174179,19.4437103271,12.1366796494,5.25896501541,8.07880115509,3.46624803543,2.37310409546,1.88744235039,0.763720929623,0.696104347706,0.223766103387,0.127414137125,0.0787232294679,0.0510029681027,0.0359830856323,0.0320964604616,0.0296150427312,0.0215187482536,0.0118849081919,0.00704578589648,0.00318284123205,0.00136017834302,0.000494067906402,0.000171531253727,0.0000591797361267,0.0000142496601256,0.00000399241571358,0.0000088965989562],"dmean2":[0.0890655517578,1.14050161839,3.14656376839,8.57373428345,7.92806768417,23.5523376465,19.0297088623,10.6685800552,32.8869781494,54.0046615601,37.8407020569,23.8704147339,18.524766922,31.5643730164,18.5949764252,8.39724731445,13.2755002975,5.36150169373,3.77660322189,3.00803160667,1.19527804852,1.10725080967,0.357928156853,0.206654325128,0.127608686686,0.0829691141844,0.0588748306036,0.0521098300815,0.0483666583896,0.0358221232891,0.019965833053,0.0117479143664,0.00537400320172,0.00231842161156,0.000857827370055,0.000297108956147,0.000101542187622,0.0000239688251895,0.00000635733340459,0.0000141888822327],"dvar":[0.0175330732018,1.98414254189,19.135137558,104.657897949,106.259735107,631.493774414,401.398742676,190.707351685,1828.45837402,5631.46289062,1593.44335938,977.06237793,411.064544678,1363.98974609,1575.16113281,158.463806152,264.0753479,91.6068572998,45.7901229858,24.2063579559,3.94375395775,4.15492868423,0.382335573435,0.118453495204,0.0346849821508,0.0120443291962,0.00798792298883,0.00616438221186,0.0065043643117,0.00310075422749,0.000887080270331,0.000348025729181,0.0000534662758582,0.00000887214355316,9.00374345747e-7,7.57606386514e-8,5.70802916044e-9,2.33205205147e-10,2.15616847293e-11,1.21204019043e-10],"dvar2":[0.0451968945563,5.52074193954,51.302154541,312.893585205,248.943084717,1678.2109375,1096.35913086,484.987823486,3917.68139648,13371.5400391,4070.8269043,2106.07519531,971.035583496,3294.77001953,3177.30688477,398.179077148,677.046386719,202.861358643,110.64365387,61.0757904053,9.33929538727,10.0376005173,0.959551513195,0.312558561563,0.09170050174,0.0307288691401,0.0199520252645,0.0156603343785,0.0166591200978,0.00811492651701,0.00232124235481,0.000914594449569,0.000138528499519,0.0000234321069001,0.00000248145306614,2.13494459445e-7,1.58399640071e-8,6.33976260378e-10,5.6157894307e-11,3.17690956875e-10],"max":[3.10670208931,19.3670406342,106.269897461,175.506622314,271.269836426,423.137817383,426.710449219,532.479003906,1078.72058105,1666.42419434,788.900817871,912.362976074,533.547912598,838.982421875,1240.85168457,289.202758789,309.56829834,234.839920044,181.795333862,103.382507324,39.8423194885,43.0482292175,12.140709877,6.76416063309,3.26532363892,2.11323690414,2.27904725075,1.56277811527,1.4178558588,1.03744840622,0.442989468575,0.330214202404,0.110608175397,0.046081263572,0.0204564984888,0.00412087189034,0.00104446429759,0.000221113034058,0.000087713204266,0.000209763398743],"mean":[0.121309459209,1.22418606281,3.58082699776,9.77962589264,10.8906021118,26.9549293518,25.114074707,16.5617351532,44.754234314,66.4705276489,46.7152862549,34.2215766907,25.0694522858,32.6678962708,20.2595672607,10.1873970032,18.0530986786,6.15929079056,3.96791648865,3.61934447289,1.40878653526,1.19105958939,0.36742824316,0.210465744138,0.111930131912,0.067809663713,0.0459683910012,0.0408248715103,0.038982257247,0.0273962393403,0.0150875458494,0.00879823137075,0.00453699054196,0.00223252782598,0.00101818528492,0.00047072727466,0.000197980349185,0.0000472553256259,0.0000164066095749,0.0000343905267073],"median":[0.0254368279129,0.311950713396,1.39177501202,3.09257364273,4.93890571594,9.35130786896,11.5042495728,7.74205827713,21.7217540741,29.7147140503,25.7800197601,14.9028224945,14.1461048126,14.5399694443,5.36294651031,3.88564133644,5.88653087616,1.9989926815,1.06260359287,0.951308071613,0.47888019681,0.296193629503,0.104754038155,0.0620623454452,0.0360037833452,0.0232348665595,0.0119048012421,0.0102901970968,0.00871426798403,0.0063797691837,0.00411490583792,0.00275997794233,0.00193744990975,0.00124354870059,0.000739918614272,0.00039784409455,0.000177700567292,0.0000432684028056,0.0000142813705679,0.0000299468720186],"min":[4.55378982108e-22,3.07155304727e-21,1.94744036342e-20,4.6085340315e-20,7.00658103361e-20,1.92366150575e-19,3.97466591584e-19,1.17095790911e-19,2.19044250444e-19,3.2473908852e-19,2.78177582978e-19,2.30065646285e-18,6.02748107599e-18,3.80693788265e-18,1.83958102633e-18,2.95028668602e-18,5.04459612083e-18,4.06789723588e-18,7.37112307093e-18,5.44681848395e-18,6.92642126104e-18,1.35285157572e-17,1.42429764677e-17,1.28021304111e-17,1.63585669849e-17,1.0250982152e-17,2.27357655483e-17,2.50083913417e-17,1.37612140713e-17,1.63834055644e-17,1.943694445e-17,1.57160197026e-17,1.23777908927e-17,9.63969567936e-18,8.34144563412e-18,4.39362565827e-18,3.24797844193e-18,1.41227803005e-18,3.33611505318e-19,3.68507961228e-20],"var":[0.0596639961004,4.717233181,49.3763809204,293.036560059,423.415496826,1867.91772461,1365.23156738,1091.89929199,6039.69042969,11775.3183594,3663.35473633,3213.26806641,1288.83508301,2950.67089844,3240.49462891,333.552978516,883.95690918,187.68107605,79.1294708252,50.8890991211,8.09327411652,6.98392105103,0.563998222351,0.185276672244,0.0457328408957,0.0154568757862,0.010101383552,0.00765049271286,0.0078263990581,0.00358690414578,0.00100410345476,0.000364984036423,0.0000614349628449,0.0000102361718746,0.00000103142974694,1.05826231334e-7,1.24648567024e-8,6.34573060765e-10,1.26556334856e-10,6.96816382373e-10]},"erbbands_crest":{"dmean":2.83348584175,"dmean2":4.60257577896,"dvar":6.49774551392,"dvar2":16.3928165436,"max":31.6951465607,"mean":11.8155946732,"median":10.8734197617,"min":2.27851629257,"var":24.9073829651},"erbbands_flatness_db":{"dmean":0.0177101064473,"dmean2":0.0280902255327,"dvar":0.000258656858932,"dvar2":0.000623559986707,"max":0.425078392029,"mean":0.281473696232,"median":0.290892869234,"min":0.029136005789,"var":0.00432149413973},"erbbands_kurtosis":{"dmean":1.21146273613,"dmean2":1.9835870266,"dvar":2.69856905937,"dvar2":6.94630289078,"max":41.7238349915,"mean":1.44771206379,"median":0.623857975006,"min":-1.75998401642,"var":10.4317378998},"erbbands_skewness":{"dmean":0.362620651722,"dmean2":0.584722220898,"dvar":0.10002361238,"dvar2":0.253828287125,"max":4.61959934235,"mean":0.349257349968,"median":0.35385710001,"min":-3.1489303112,"var":0.490153729916},"erbbands_spread":{"dmean":3.11472773552,"dmean2":5.09897565842,"dvar":21.392457962,"dvar2":57.8751068115,"max":151.885070801,"mean":16.3216400146,"median":11.4424753189,"min":1.41326963902,"var":420.50680542},"gfcc":{"cov":[[30801.4023438,8238.43066406,-3141.19067383,-2408.53198242,-958.722167969,-699.699584961,-322.910308838,-600.239929199,412.348724365,-403.725921631,89.4875335693,-437.529663086,-79.5977630615],[8238.43066406,2791.77099609,-271.695953369,-772.124084473,-136.805221558,-210.914932251,18.6069526672,-131.616012573,125.772293091,-69.4874267578,81.5869445801,-117.314811707,51.2121086121],[-3141.19067383,-271.695953369,1351.98181152,354.124206543,111.911087036,33.4790534973,175.680908203,79.6432495117,-35.1135978699,126.58731842,80.5875930786,39.3221092224,99.5538101196],[-2408.53198242,-772.124084473,354.124206543,514.005432129,127.361495972,78.9826965332,70.8500213623,50.2836494446,-17.8413734436,43.6785964966,28.1912994385,48.7953109741,24.9925765991],[-958.722167969,-136.805221558,111.911087036,127.361495972,264.796569824,91.6015167236,50.8647994995,45.5916213989,11.8839836121,-17.8244304657,5.59756374359,21.2751331329,21.31432724],[-699.699584961,-210.914932251,33.4790534973,78.9826965332,91.6015167236,142.475158691,51.727519989,24.6279983521,2.28722429276,4.53001260757,-13.5140190125,14.4703493118,6.82494688034],[-322.910308838,18.6069526672,175.680908203,70.8500213623,50.8647994995,51.727519989,135.824462891,43.3598632812,10.3537836075,32.1895751953,36.2766227722,19.2225093842,48.3577079773],[-600.239929199,-131.616012573,79.6432495117,50.2836494446,45.5916213989,24.6279983521,43.3598632812,123.958602905,30.0205230713,3.28747797012,5.89518976212,27.9127960205,0.957872748375],[412.348724365,125.772293091,-35.1135978699,-17.8413734436,11.8839836121,2.28722429276,10.3537836075,30.0205230713,76.8279953003,12.215924263,8.94432353973,-1.86871945858,4.61385631561],[-403.725921631,-69.4874267578,126.58731842,43.6785964966,-17.8244304657,4.53001260757,32.1895751953,3.28747797012,12.215924263,96.6503143311,46.7043800354,12.8720436096,17.3288040161],[89.4875335693,81.5869445801,80.5875930786,28.1912994385,5.59756374359,-13.5140190125,36.2766227722,5.89518976212,8.94432353973,46.7043800354,86.3241577148,31.0250587463,22.6203193665],[-437.529663086,-117.314811707,39.3221092224,48.7953109741,21.2751331329,14.4703493118,19.2225093842,27.9127960205,-1.86871945858,12.8720436096,31.0250587463,74.1388168335,33.2122879028],[-79.5977630615,51.2121086121,99.5538101196,24.9925765991,21.31432724,6.82494688034,48.3577079773,0.957872748375,4.61385631561,17.3288040161,22.6203193665,33.2122879028,86.4303131104]],"icov":[[0.00161859788932,-0.00542346062139,0.00305859860964,-0.00366357783787,0.00389929232188,-0.00187289784662,0.00148465833627,-0.0000578640465392,-0.000114827380457,0.000720293319318,0.000033909585909,0.00036128773354,0.000310826813802],[-0.00542346062139,0.0193447824568,-0.0104755368084,0.0139360660687,-0.0132759390399,0.00714541692287,-0.00607930868864,0.00142708816566,-0.00156215834431,-0.000643588369712,-0.00210653035901,0.000115242539323,-0.00160595041234],[0.00305859860964,-0.0104755368084,0.0070556323044,-0.00782392453402,0.00709249638021,-0.00307773100212,0.00224132323638,-0.00104907108471,0.00126587587874,-0.000248754455242,0.000506859098095,0.00121629168279,-0.000206883618375],[-0.00366357783787,0.0139360660687,-0.00782392453402,0.0135143846273,-0.0100243696943,0.0048216516152,-0.00507530244067,0.00177319475915,-0.00186855252832,0.0000768855388742,-0.00258928188123,-0.000391366949771,-0.000703706056811],[0.00389929232188,-0.0132759390399,0.00709249638021,-0.0100243696943,0.0154411131516,-0.00829467177391,0.0043134028092,-0.00139027333353,-0.000941706064623,0.00464634504169,-0.00171313900501,0.00148418347817,-0.000367455562809],[-0.00187289784662,0.00714541692287,-0.00307773100212,0.0048216516152,-0.00829467177391,0.0151602094993,-0.00828820373863,0.00231550936587,-0.00125311571173,-0.00251337070949,0.00477583752945,-0.00316289882176,0.00218839710578],[0.00148465833627,-0.00607930868864,0.00224132323638,-0.00507530244067,0.0043134028092,-0.00828820373863,0.0182006806135,-0.00637397402897,0.00268042995594,-0.000916691671591,-0.00461131054908,0.00475709699094,-0.00724691245705],[-0.0000578640465392,0.00142708816566,-0.00104907108471,0.00177319475915,-0.00139027333353,0.00231550936587,-0.00637397402897,0.0146764088422,-0.00790295191109,0.0028298960533,0.00139782112092,-0.00624699750915,0.00524950912222],[-0.000114827380457,-0.00156215834431,0.00126587587874,-0.00186855252832,-0.000941706064623,-0.00125311571173,0.00268042995594,-0.00790295191109,0.0202692691237,-0.00628469698131,0.00138531217817,0.00221921224147,-0.00221613305621],[0.000720293319318,-0.000643588369712,-0.000248754455242,0.0000768855388742,0.00464634504169,-0.00251337070949,-0.000916691671591,0.0028298960533,-0.00628469698131,0.0206549577415,-0.0118713798001,0.00338443391956,-0.00115613290109],[0.000033909585909,-0.00210653035901,0.000506859098095,-0.00258928188123,-0.00171313900501,0.00477583752945,-0.00461131054908,0.00139782112092,0.00138531217817,-0.0118713798001,0.0261806733906,-0.0122106680647,0.00420060148463],[0.00036128773354,0.000115242539323,0.00121629168279,-0.000391366949771,0.00148418347817,-0.00316289882176,0.00475709699094,-0.00624699750915,0.00221921224147,0.00338443391956,-0.0122106680647,0.0264544989914,-0.0114988368005],[0.000310826813802,-0.00160595041234,-0.000206883618375,-0.000703706056811,-0.000367455562809,0.00218839710578,-0.00724691245705,0.00524950912222,-0.00221613305621,-0.00115613290109,0.00420060148463,-0.0114988368005,0.0208332445472]],"mean":[-151.753372192,188.542205811,-83.8199081421,-20.2314586639,-49.3389701843,2.72777748108,-27.6190471649,-4.45763158798,-11.4715394974,-5.84536504745,-12.7233171463,-6.52043819427,-9.36339855194]},"hfc":{"dmean":2.50530457497,"dmean2":3.8402557373,"dvar":10.8320913315,"dvar2":24.6918334961,"max":57.2043533325,"mean":10.2928886414,"median":8.62492084503,"min":1.13832082802e-16,"var":62.2224121094},"melbands":{"dmean":[0.000648979854304,0.000943626975641,0.000823262147605,0.000646282394882,0.000465116696432,0.000153011103976,0.000342176877894,0.000351703376509,0.000175877517904,0.0000937700460781,0.0000643187449896,0.0000865367110237,0.0000495661624882,0.0000182577059604,0.0000165723486134,0.0000143561283039,0.00000636789809505,0.00000427313943874,0.0000032553730307,0.00000174064507519,8.31868533169e-7,7.71495990648e-7,4.1022002506e-7,1.43068660918e-7,1.07024170859e-7,6.89060684067e-8,4.77520671893e-8,3.06524157168e-8,2.22307736664e-8,2.01535286237e-8,2.0414946178e-8,1.81497306073e-8,1.50568855162e-8,1.12415108333e-8,7.2705943488e-9,5.9071276759e-9,3.71161124058e-9,2.42984055099e-9,1.78131231987e-9,9.83668924093e-10],"dmean2":[0.0010291232029,0.00155072577763,0.00136018032208,0.0010415003635,0.00075771525735,0.000248010910582,0.000535706465598,0.000550879456569,0.000287030095933,0.000142123448313,0.000102575446363,0.000141253156471,0.0000749794853618,0.0000293699031317,0.0000269915344688,0.0000233437403949,0.00000996953713184,0.00000688182899466,0.0000052585442063,0.00000279997834696,0.00000133859816742,0.00000124074620089,6.54996597405e-7,2.35772546375e-7,1.75866929908e-7,1.11930113178e-7,7.87659857338e-8,5.01321402169e-8,3.65058987484e-8,3.33410277165e-8,3.3507575381e-8,2.999726334e-8,2.45636648799e-8,1.89125799466e-8,1.22680487991e-8,9.94520821251e-9,6.24675378091e-9,4.11846245996e-9,3.0283664465e-9,1.69478409084e-9],"dvar":[0.00000183414192634,0.00000375712124878,0.00000257823739958,0.00000119780986552,5.78458980272e-7,8.89956197625e-8,4.17369761863e-7,5.74457772018e-7,8.95321932148e-8,3.58758356356e-8,1.35598661188e-8,2.6269566078e-8,3.34362368903e-8,2.61077426345e-9,1.23816568109e-9,8.87152684648e-10,3.92945675998e-10,1.71111833036e-10,1.17576476333e-10,1.64581976519e-11,6.67983507049e-12,4.84634207765e-12,1.48880354659e-12,3.44386655695e-13,8.38059547974e-14,3.09627438977e-14,1.07791701861e-14,4.9090768546e-15,3.02778364446e-15,3.12262571181e-15,2.65983041459e-15,3.00939201808e-15,1.58444098465e-15,8.87857182455e-16,3.48279275013e-16,2.41297319709e-16,1.05165201981e-16,3.14410986872e-17,1.86469820019e-17,4.28892775377e-18],"dvar2":[0.00000502892180521,0.0000098789405456,0.00000721282458471,0.0000031206886888,0.0000015309851733,2.26503502176e-7,9.172779869e-7,0.00000137452900617,2.29820969366e-7,7.48074171497e-8,3.28868097199e-8,6.54882015283e-8,6.25593230552e-8,6.77499123469e-9,3.0846918353e-9,2.2063539884e-9,8.86756057472e-10,4.26922858177e-10,3.03558234105e-10,4.08237610383e-11,1.65085427967e-11,1.20430531866e-11,3.65186613588e-12,8.8473477676e-13,2.21814089991e-13,8.17590691871e-14,2.78790001745e-14,1.26925015704e-14,7.59422042531e-15,7.93764315751e-15,6.86666020471e-15,7.83054177056e-15,4.02297112452e-15,2.37076962167e-15,9.07982685282e-16,6.37718929889e-16,2.7921387609e-16,8.09733586724e-17,4.94139202181e-17,1.14320612363e-17],"max":[0.0236599072814,0.0475899428129,0.0341584533453,0.0194289311767,0.0153051055968,0.0103375790641,0.0166291259229,0.0158817451447,0.00672757951543,0.00534900976345,0.00267273234203,0.00346037885174,0.00619005970657,0.00117289938498,0.000679043063428,0.000515288615134,0.000540861452464,0.000394313217839,0.000265260896413,0.000108722611913,0.000060597427364,0.0000520772846357,0.000041395516746,0.0000191360850295,0.00000568532686884,0.00000354689859705,0.00000209780228033,0.00000116317255561,0.00000112550583253,0.00000127259693272,0.00000105127685401,0.00000107984999431,6.77748175804e-7,5.74367732042e-7,3.41045762298e-7,3.21293811112e-7,2.23241983122e-7,9.39487350138e-8,6.61943246882e-8,3.64139296494e-8],"mean":[0.00126796751283,0.00186158099677,0.00169067119714,0.00127212761436,0.00103434920311,0.000379743636586,0.00071097916225,0.000686368963216,0.000338948564604,0.000204370488063,0.000127479768707,0.000141282231198,0.0000783927971497,0.0000291260403174,0.00003445288894,0.0000308843009407,0.00000941258713283,0.00000641570886728,0.00000525638688487,0.00000363462550013,0.00000122496555832,0.00000125600161027,6.62321838263e-7,1.78295465503e-7,1.7291210952e-7,9.9033762524e-8,6.11799109151e-8,3.82194897952e-8,2.75570304353e-8,2.37284112359e-8,2.50145859582e-8,2.25530616405e-8,1.9250082417e-8,1.38416051954e-8,9.08777408881e-9,7.0183845402e-9,4.54107018655e-9,3.31358696037e-9,2.51357312742e-9,1.62399937942e-9],"median":[0.000304127461277,0.000749671482481,0.000584974361118,0.000577427039389,0.000468058307888,0.000177733891178,0.000370646477677,0.000330357142957,0.000173797554453,0.0000810139754321,0.000064821120759,0.0000593253244006,0.000017381966245,0.00000709815685696,0.0000125651367853,0.00000966433435678,0.00000225104736273,0.00000141490261285,0.00000116811156659,9.89025465969e-7,3.39802369353e-7,2.93683228847e-7,1.29244611458e-7,4.31791029598e-8,4.59144580134e-8,2.5922423319e-8,1.90511482145e-8,1.25974120024e-8,6.57918342029e-9,5.70873304184e-9,5.65959501486e-9,4.86774176522e-9,3.94378529833e-9,3.14469872364e-9,2.3606554489e-9,1.87899140691e-9,1.56636748017e-9,1.37129596567e-9,1.17303122771e-9,9.80392544925e-10],"min":[4.34587693092e-24,8.42130788884e-24,8.98156952551e-24,7.17587322434e-24,1.49719788691e-23,2.54431978293e-24,3.85273039678e-24,3.0449920501e-24,2.82390155407e-24,1.84149985775e-23,3.01851850921e-23,1.53559237825e-23,4.65714014488e-24,7.79103484684e-24,9.03675665671e-24,1.019596488e-23,7.08815978029e-24,1.28250568391e-23,7.58331672645e-24,6.70802269842e-24,8.45049100917e-24,1.6174881309e-23,1.05282638588e-23,1.24288979922e-23,9.45414927255e-24,1.52707094498e-23,7.28692038511e-24,6.19642786316e-24,1.10512265742e-23,2.27231920174e-23,1.06387674944e-23,6.8265719264e-24,9.54752121588e-24,8.25874811097e-24,1.11102570357e-23,1.2631004945e-23,7.61036913347e-24,8.44790038996e-24,8.51168768276e-24,8.02164413299e-24],"var":[0.00000533388765689,0.0000105765166154,0.00000845344675326,0.0000032232887861,0.00000243252952714,4.76853017517e-7,0.00000128607086936,0.00000117853767279,2.11172263676e-7,1.26874098783e-7,3.89918675126e-8,5.6065388776e-8,7.09190288717e-8,4.47296688577e-9,3.20431703393e-9,2.65770405683e-9,7.01884161902e-10,2.56700688483e-10,1.6135723313e-10,4.8428299565e-11,9.41976011082e-12,7.8096513631e-12,2.38870099915e-12,3.247986732e-13,1.38038967193e-13,4.34006536222e-14,1.3803698683e-14,5.588029666e-15,3.79857854427e-15,3.36887237738e-15,3.13055626954e-15,3.17883037127e-15,1.9725417402e-15,9.68992774406e-16,3.88592696407e-16,2.54307004625e-16,1.02508496377e-16,3.53965076316e-17,1.96525623115e-17,4.84734787273e-18]},"melbands_crest":{"dmean":3.04313588142,"dmean2":5.04479551315,"dvar":7.20900917053,"dvar2":19.9601078033,"max":39.6599578857,"mean":15.0098772049,"median":13.8354358673,"min":3.03999781609,"var":38.4108505249},"melbands_flatness_db":{"dmean":0.0260905623436,"dmean2":0.0404598340392,"dvar":0.000581300293561,"dvar2":0.0013256741222,"max":0.659861505032,"mean":0.391420632601,"median":0.386618643999,"min":0.00945239141583,"var":0.00621614186093},"melbands_kurtosis":{"dmean":4.6739525795,"dmean2":7.93827581406,"dvar":303.977172852,"dvar2":896.327941895,"max":811.713500977,"mean":14.6316766739,"median":2.20761013031,"min":-1.78699672222,"var":3833.43139648},"melbands_skewness":{"dmean":0.506617188454,"dmean2":0.824646949768,"dvar":0.310620039701,"dvar2":0.833484768867,"max":26.8584728241,"mean":1.87026047707,"median":1.19749903679,"min":-1.61096692085,"var":8.89593029022},"melbands_spread":{"dmean":1.96307384968,"dmean2":3.16036486626,"dvar":5.56123733521,"dvar2":13.7218437195,"max":160.392669678,"mean":8.54726314545,"median":7.69425678253,"min":0.556646943092,"var":34.2001457214},"mfcc":{"cov":[[10343.4404297,4524.30419922,-924.095397949,-233.888015747,-216.588104248,172.264480591,-381.586029053,-2.08318257332,-141.440460205,-98.241027832,-86.2374267578,-85.6538696289,-49.1463928223],[4524.30419922,3803.6887207,408.141174316,-78.1826705933,4.14624214172,27.3691501617,-31.3606777191,-29.3925056458,18.2041339874,-5.10742807388,-15.0263576508,-20.1693611145,-5.42743301392],[-924.095397949,408.141174316,894.321533203,246.790771484,27.9156799316,15.2529201508,138.741073608,-47.262928009,39.0795059204,55.4003982544,13.5159959793,41.0112686157,22.5733261108],[-233.888015747,-78.1826705933,246.790771484,263.780548096,53.340877533,29.0150413513,75.2274169922,7.1432261467,8.57311820984,26.7772216797,9.47361564636,25.3001098633,17.658657074],[-216.588104248,4.14624214172,27.9156799316,53.340877533,160.068328857,37.3574981689,28.4531879425,54.5806045532,29.5094566345,13.1498117447,12.5509366989,2.04918456078,0.221319496632],[172.264480591,27.3691501617,15.2529201508,29.0150413513,37.3574981689,128.697845459,45.9820899963,-0.306463181973,19.4913749695,11.5524864197,-8.82436943054,-0.464780986309,11.5694694519],[-381.586029053,-31.3606777191,138.741073608,75.2274169922,28.4531879425,45.9820899963,131.787902832,28.3128204346,24.8173484802,28.5295066833,7.37735271454,17.9479541779,17.6226615906],[-2.08318257332,-29.3925056458,-47.262928009,7.1432261467,54.5806045532,-0.306463181973,28.3128204346,121.001335144,44.1452407837,2.46914792061,16.1006984711,12.2333755493,5.59132909775],[-141.440460205,18.2041339874,39.0795059204,8.57311820984,29.5094566345,19.4913749695,24.8173484802,44.1452407837,89.4825820923,29.1998214722,-8.1220035553,10.1019639969,9.95903110504],[-98.241027832,-5.10742807388,55.4003982544,26.7772216797,13.1498117447,11.5524864197,28.5295066833,2.46914792061,29.1998214722,73.1456451416,21.352804184,1.37320160866,9.37564849854],[-86.2374267578,-15.0263576508,13.5159959793,9.47361564636,12.5509366989,-8.82436943054,7.37735271454,16.1006984711,-8.1220035553,21.352804184,72.8012161255,28.1713638306,-4.98478269577],[-85.6538696289,-20.1693611145,41.0112686157,25.3001098633,2.04918456078,-0.464780986309,17.9479541779,12.2333755493,10.1019639969,1.37320160866,28.1713638306,72.2105026245,25.9940185547],[-49.1463928223,-5.42743301392,22.5733261108,17.658657074,0.221319496632,11.5694694519,17.6226615906,5.59132909775,9.95903110504,9.37564849854,-4.98478269577,25.9940185547,70.3037414551]],"icov":[[0.00123329239432,-0.00171730655711,0.00202656281181,-0.00225957250223,0.00268511543982,-0.00315580423921,0.00326518062502,-0.00255216099322,0.00266232760623,-0.00206942670047,0.00189334060997,-0.00130401842762,0.00105704402085],[-0.00171730655711,0.00269131246023,-0.003087508725,0.00342653132975,-0.0037686675787,0.00420608697459,-0.00428193388507,0.00342741655186,-0.00365417124704,0.00291256210767,-0.00261694379151,0.00190255604684,-0.00150138651952],[0.00202656281181,-0.003087508725,0.00546319410205,-0.00534046627581,0.00430164719,-0.00415103323758,0.00350686185993,-0.00223734951578,0.0029293813277,-0.00321655906737,0.0026479891967,-0.00236489367671,0.00181018840522],[-0.00225957250223,0.00342653132975,-0.00534046627581,0.0104209985584,-0.00652672257274,0.00523985689506,-0.00704732630402,0.00396973732859,-0.00279449229129,0.00240932940505,-0.00224652490579,0.000908926944248,-0.00202956981957],[0.00268511543982,-0.0037686675787,0.00430164719,-0.00652672257274,0.014612630941,-0.00933688879013,0.00792371854186,-0.0093395402655,0.00499771349132,-0.00458155339584,0.00276590627618,-0.00157524738461,0.00277296104468],[-0.00315580423921,0.00420608697459,-0.00415103323758,0.00523985689506,-0.00933688879013,0.0186040475965,-0.0127269690856,0.00990035757422,-0.00930068548769,0.00609611347318,-0.00451278081164,0.00415391614661,-0.00384533382021],[0.00326518062502,-0.00428193388507,0.00350686185993,-0.00704732630402,0.00792371854186,-0.0127269690856,0.0218690615147,-0.0113825388253,0.00875649042428,-0.00913513358682,0.00643087318167,-0.00508458307013,0.00240281177685],[-0.00255216099322,0.00342741655186,-0.00223734951578,0.00396973732859,-0.0093395402655,0.00990035757422,-0.0113825388253,0.0209662634879,-0.0145716629922,0.00990802235901,-0.00956150144339,0.00434781424701,-0.00375499832444],[0.00266232760623,-0.00365417124704,0.0029293813277,-0.00279449229129,0.00499771349132,-0.00930068548769,0.00875649042428,-0.0145716629922,0.0270909052342,-0.0154820550233,0.0138794444501,-0.00892595760524,0.00433056568727],[-0.00206942670047,0.00291256210767,-0.00321655906737,0.00240932940505,-0.00458155339584,0.00609611347318,-0.00913513358682,0.00990802235901,-0.0154820550233,0.0270285271108,-0.0152960969135,0.0100607862696,-0.00649687135592],[0.00189334060997,-0.00261694379151,0.0026479891967,-0.00224652490579,0.00276590627618,-0.00451278081164,0.00643087318167,-0.00956150144339,0.0138794444501,-0.0152960969135,0.0280255451798,-0.0148490406573,0.00826908275485],[-0.00130401842762,0.00190255604684,-0.00236489367671,0.000908926944248,-0.00157524738461,0.00415391614661,-0.00508458307013,0.00434781424701,-0.00892595760524,0.0100607862696,-0.0148490406573,0.0250404495746,-0.0103721152991],[0.00105704402085,-0.00150138651952,0.00181018840522,-0.00202956981957,0.00277296104468,-0.00384533382021,0.00240281177685,-0.00375499832444,0.00433056568727,-0.00649687135592,0.00826908275485,-0.0103721152991,0.0197702366859]],"mean":[-795.800292969,234.414627075,16.4701099396,-5.21287059784,-4.36567974091,1.96266853809,-7.9575381279,0.591906130314,-0.339693725109,-0.159215211868,0.196800515056,-0.877508640289,-0.756492912769]},"pitch_salience":{"dmean":0.0666303709149,"dmean2":0.110556446016,"dvar":0.00324431760237,"dvar2":0.00897396914661,"max":0.871708571911,"mean":0.531516313553,"median":0.545441806316,"min":0.025526791811,"var":0.0173878353089},"silence_rate_20dB":{"dmean":0,"dmean2":0,"dvar":0,"dvar2":0,"max":1,"mean":1,"median":1,"min":1,"var":0},"silence_rate_30dB":{"dmean":0.00961743947119,"dmean2":0.0192369353026,"dvar":0.00952421780676,"dvar2":0.0259182713926,"max":1,"mean":0.992947936058,"median":1,"min":0,"var":0.007002949249},"silence_rate_60dB":{"dmean":0.00726650981233,"dmean2":0.0145345730707,"dvar":0.00721428124234,"dvar2":0.0175317320973,"max":1,"mean":0.103109307587,"median":0,"min":0,"var":0.0924705788493},"spectral_centroid":{"dmean":71.0417861938,"dmean2":114.510940552,"dvar":19549.4355469,"dvar2":44747.6875,"max":10793.3369141,"mean":550.089782715,"median":453.97076416,"min":135.569046021,"var":208722.78125},"spectral_complexity":{"dmean":1.5627270937,"dmean2":2.63182640076,"dvar":2.08551883698,"dvar2":5.4016251564,"max":29,"mean":10.9327917099,"median":11,"min":0,"var":21.6727619171},"spectral_contrast_coeffs":{"dmean":[0.0507879182696,0.0447997823358,0.0389682650566,0.0293856821954,0.0235889684409,0.0174023918808],"dmean2":[0.0863924100995,0.0744591578841,0.0647326484323,0.0486558787525,0.0378855168819,0.0267383530736],"dvar":[0.0016380638117,0.00130266940687,0.00101213681046,0.000586508482229,0.000450340041425,0.000269426440354],"dvar2":[0.00473522208631,0.00353728141636,0.00272770621814,0.00155706971418,0.00107156357262,0.000572807504795],"max":[-0.259007692337,-0.423024058342,-0.433379471302,-0.553072154522,-0.599555075169,-0.68479013443],"mean":[-0.605522036552,-0.727957010269,-0.73529624939,-0.762017726898,-0.805408537388,-0.824215590954],"median":[-0.605793356895,-0.728376746178,-0.736119031906,-0.756874918938,-0.8060952425,-0.829062521458],"min":[-0.964453160763,-0.96246278286,-0.965393960476,-0.978738188744,-0.961408793926,-0.955768406391],"var":[0.0114907249808,0.00624601077288,0.00649772863835,0.00406214222312,0.00315413437784,0.0014165379107]},"spectral_contrast_valleys":{"dmean":[0.382297635078,0.300018161535,0.297770500183,0.293667465448,0.3403840065,0.241086125374],"dmean2":[0.662161707878,0.504261255264,0.494637459517,0.461930453777,0.527151167393,0.400642514229],"dvar":[0.110952146351,0.0757251679897,0.0769483819604,0.0828945487738,0.1269402951,0.0938843116164],"dvar2":[0.286620676517,0.178056001663,0.172570154071,0.167880684137,0.272246986628,0.221297413111],"max":[-5.08759355545,-4.57176589966,-5.42675447464,-6.40491342545,-7.63516235352,-10.7826242447],"mean":[-7.63810586929,-6.7259106636,-7.94803571701,-9.21005725861,-10.384598732,-12.7450942993],"median":[-7.11193132401,-6.18127632141,-7.47729682922,-8.81190013885,-10.22082901,-12.6697654724],"min":[-27.5703735352,-27.05975914,-27.1366348267,-27.3193836212,-27.2511100769,-27.32695961],"var":[4.14697265625,5.01814937592,4.29174423218,3.52956008911,2.04427409172,1.09107911587]},"spectral_decrease":{"dmean":2.09204920054e-9,"dmean2":3.34358896126e-9,"dvar":6.82264318139e-18,"dvar2":1.80073645933e-17,"max":9.55429620823e-30,"mean":-7.95053178848e-9,"median":-6.88647050495e-9,"min":-5.07481523471e-8,"var":3.85401777711e-17},"spectral_energy":{"dmean":0.00808597076684,"dmean2":0.0129113830626,"dvar":0.000101068391814,"dvar2":0.000265983137069,"max":0.19355866313,"mean":0.0309406463057,"median":0.0268532671034,"min":1.02888424284e-20,"var":0.000575776211917},"spectral_energyband_high":{"dmean":0.00000264073196377,"dmean2":0.00000424712698077,"dvar":3.51943439669e-11,"dvar2":8.81325012969e-11,"max":0.0000957512747846,"mean":0.00000384889472116,"median":0.00000126922475374,"min":7.42267695397e-21,"var":4.8896213467e-11},"spectral_energyband_low":{"dmean":0.0048506599851,"dmean2":0.00797172635794,"dvar":0.0000689781882102,"dvar2":0.000189865822904,"max":0.18412438035,"mean":0.0109350727871,"median":0.00507052335888,"min":4.79269855503e-23,"var":0.000230534133152},"spectral_energyband_middle_high":{"dmean":0.000984893995337,"dmean2":0.00152698170859,"dvar":0.00000337392907568,"dvar2":0.00000736378069632,"max":0.0445584990084,"mean":0.00235166843049,"median":0.00121015682817,"min":1.55670181014e-21,"var":0.0000105169046947},"spectral_energyband_middle_low":{"dmean":0.00572998123243,"dmean2":0.009058249183,"dvar":0.0000517166663485,"dvar2":0.000131522552692,"max":0.123779542744,"mean":0.019905326888,"median":0.0160211380571,"min":3.41396305829e-22,"var":0.00029355433071},"spectral_entropy":{"dmean":0.166093453765,"dmean2":0.263137131929,"dvar":0.0257811900228,"dvar2":0.0606146045029,"max":9.7951631546,"mean":6.1633477211,"median":6.07644414902,"min":4.6207242012,"var":0.493719398975},"spectral_flux":{"dmean":0.0177742578089,"dmean2":0.0296197254211,"dvar":0.000385351304431,"dvar2":0.00102585437708,"max":0.301799118519,"mean":0.0701187774539,"median":0.0681984573603,"min":1.01433930699e-10,"var":0.00152363174129},"spectral_kurtosis":{"dmean":17.4378089905,"dmean2":29.4685325623,"dvar":272.074401855,"dvar2":702.605285645,"max":217.202331543,"mean":50.8296127319,"median":45.6199188232,"min":-1.16310155392,"var":1008.79144287},"spectral_rms":{"dmean":0.000657830853015,"dmean2":0.00104359735269,"dvar":4.50197887858e-7,"dvar2":0.00000117867011795,"max":0.0137418238446,"mean":0.00497157219797,"median":0.00511842826381,"min":3.16826382837e-12,"var":0.00000546964110981},"spectral_rolloff":{"dmean":109.122413635,"dmean2":190.678146362,"dvar":59436.7539062,"dvar2":138689.359375,"max":19099.9511719,"mean":582.09576416,"median":559.86328125,"min":21.533203125,"var":194090.828125},"spectral_skewness":{"dmean":0.959248185158,"dmean2":1.61697840691,"dvar":0.745841443539,"dvar2":1.90589177608,"max":12.5240783691,"mean":5.23852539062,"median":5.13403463364,"min":0.00570013932884,"var":3.73680758476},"spectral_spread":{"dmean":328006.34375,"dmean2":556366.9375,"dvar":228326424576,"dvar2":417067827200,"max":39305440,"mean":1909466.5,"median":1340817.25,"min":447210.375,"var":4671455887360},"spectral_strongpeak":{"dmean":0.388896554708,"dmean2":0.659790575504,"dvar":0.292951017618,"dvar2":0.730773329735,"max":7.91501951218,"mean":0.848206460476,"median":0.660462081432,"min":0,"var":0.557459890842},"zerocrossingrate":{"dmean":0.00274983001873,"dmean2":0.00367194600403,"dvar":0.000033384640119,"dvar2":0.0000510171921633,"max":0.50341796875,"mean":0.0229720696807,"median":0.0205078125,"min":0,"var":0.0003879465512}},"metadata":{"audio_properties":{"analysis_sample_rate":44100,"bit_rate":128000,"codec":"mp3","downmix":"mix","equal_loudness":0,"length":217.286529541,"lossless":false,"md5_encoded":"98e57495f7e0c662d2d231ec6828a105","replay_gain":-8.80190086365,"sample_rate":44100},"tags":{"album":["Confusion Is Sex"],"albumartist":["Sonic Youth"],"albumartistsort":["Sonic Youth"],"artist":["Sonic Youth"],"artistsort":["Sonic Youth"],"asin":["B000003TAD"],"catalognumber":["BFFP 113 CD"],"date":["1996"],"discnumber":["1/1"],"file_name":"Freezer Burn-I Wanna Be Your Dog - Sonic Youth.mp3","genre":["Alternative Rock"],"label":["Blast First"],"media":["CD"],"musicbrainz album release country":["GB"],"musicbrainz album type":["album"],"musicbrainz_albumartistid":["5cbef01b-cc35-4f52-af7b-d0df0c4f61b9"],"musicbrainz_albumid":["bc58485b-65b3-31ef-ab3d-ac1de29b0d1b"],"musicbrainz_artistid":["5cbef01b-cc35-4f52-af7b-d0df0c4f61b9"],"musicbrainz_recordingid":["161ef57b-5e9b-448f-997b-8f37209aa236"],"originaldate":["1983"],"script":["Latn"],"title":["Freezer Burn / I Wanna Be Your Dog"],"tracknumber":["3/9"]},"version":{"essentia":"2.1-beta2","essentia_build_sha":"70f2e5ece6736b2c40cc944ad0e695b16b925413","essentia_git_sha":"v2.1_beta2","extractor":"music 1.0"}},"rhythm":{"beats_count":461,"beats_loudness":{"dmean":0.0134676657617,"dmean2":0.0231835339218,"dvar":0.000182352567208,"dvar2":0.000516755564604,"max":0.134486034513,"mean":0.0334795191884,"median":0.0296498611569,"min":1.12142668485e-8,"var":0.000570312258787},"beats_loudness_band_ratio":{"dmean":[0.176974847913,0.124394662678,0.179378226399,0.0553821921349,0.0091630127281,0.00108504248783],"dmean2":[0.315848231316,0.21938149631,0.329046338797,0.0980564430356,0.0170241184533,0.00194519828074],"dvar":[0.0275956112891,0.014854204841,0.022945554927,0.00373620772734,0.000219814275624,0.0000533594939043],"dvar2":[0.0869516357