{"lowlevel":{"average_loudness":0.556973159313,"barkbands":{"dmean":[0.0000132628665597,0.000843472545967,0.00127409654669,0.00163221324328,0.00276508787647,0.000794419669546,0.000657986034639,0.00037853064714,0.000446225050837,0.00027181598125,0.000374625524273,0.000255490478594,0.000183347045095,0.000173737382283,0.000155180416186,0.0000578817707719,0.0000816230967757,0.0000754581706133,0.0000512908918608,0.0000496624088555,0.0000296489088214,0.0000232729544223,0.0000199174428417,0.0000201511647901,0.0000131028891701,0.00000364213178727,2.74296525049e-7],"dmean2":[0.000021278654458,0.00137605366763,0.00202523241751,0.00262206257321,0.00425992021337,0.00119860761333,0.00101752055343,0.000544629991055,0.00064427399775,0.000408402003814,0.000565836089663,0.000375526637072,0.000286273367237,0.000269146607025,0.000246063311351,0.0000886276684469,0.000128279134515,0.000118636722618,0.0000788892575656,0.0000767989913584,0.0000430505133409,0.0000328631540469,0.0000275072925433,0.0000268404182862,0.0000163801396411,0.00000460860155727,3.62718083124e-7],"dvar":[8.07235434053e-9,0.0000128170831886,0.000010371022654,0.0000207314878935,0.0000659371216898,0.00000470648910778,0.00000449746357845,0.00000198594648282,0.00000234663525589,9.08795072974e-7,0.00000164745677012,3.96673584646e-7,2.59907068312e-7,2.66867459686e-7,1.33310862793e-7,4.02019644241e-8,3.08109342484e-8,2.6486707938e-8,1.56494071035e-8,2.17455617957e-8,8.97525076482e-9,5.64833868566e-9,5.25554932906e-9,4.48750281379e-9,2.52714404958e-9,2.20295184872e-10,1.43372640149e-12],"dvar2":[1.88022148961e-8,0.0000339252328558,0.000026751178666,0.0000510295649292,0.000155699366587,0.00000956539588515,0.0000104652108348,0.00000403338663091,0.0000044817552407,0.00000211146812035,0.00000389864908357,8.87007274741e-7,5.88689658798e-7,6.29385169759e-7,3.06171159536e-7,7.87971004002e-8,7.30059710463e-8,6.54061480532e-8,3.7532664976e-8,4.90723834901e-8,1.86847746164e-8,1.12662759122e-8,1.10894360361e-8,7.5658332932e-9,3.85601905961e-9,3.62054941583e-10,2.50633454962e-12],"max":[0.00248741498217,0.10360801965,0.0726095959544,0.101790487766,0.173097163439,0.0795667991042,0.0651596263051,0.0527841113508,0.0779491066933,0.0337506681681,0.0310585480183,0.0139479422942,0.0186300631613,0.0176731403917,0.00997358374298,0.0127074196935,0.00585432071239,0.00731913372874,0.00377920991741,0.00572699867189,0.00360238761641,0.00306726642884,0.00285960384645,0.00294954492711,0.002211188199,0.000797851243988,0.000059603506088],"mean":[0.0000117654981295,0.00148104818072,0.00249776663259,0.00246222224087,0.00526317581534,0.00197839713655,0.00118858157657,0.00078490562737,0.000937813136261,0.000548012729269,0.000686901039444,0.000509415694978,0.00035056201159,0.000389639986679,0.000300063547911,0.000103236765426,0.000168150596437,0.000169941748027,0.000118082461995,0.000109672146209,0.0000567606948607,0.0000473089530715,0.0000367409629689,0.0000383710030292,0.0000230011246458,0.00000562044306207,4.95615836371e-7],"median":[3.10535540393e-7,0.000384979386581,0.00103127839975,0.000823119713459,0.00213564094156,0.000703371071722,0.000341686216416,0.000134747577249,0.000115013746836,0.0000799993504188,0.00009000384307,0.000143917612149,0.0000900274390006,0.0000568055584154,0.0000889843795449,0.0000256616440311,0.0000544570866623,0.0000520454923389,0.0000263037491095,0.0000215168438444,0.0000096734820545,0.00000801894657343,0.00000495886706631,0.00000489173453389,0.00000198631869353,4.4268776378e-7,1.76660620355e-7],"min":[7.66250179525e-26,2.10310238446e-24,1.47432088121e-24,2.53375101895e-24,1.62334179436e-23,1.32403644955e-23,1.10027447607e-23,7.73715643588e-24,1.04670198536e-23,2.01994003674e-23,1.57849457858e-23,2.60290950788e-23,3.04071011311e-23,2.41398678741e-23,4.02774739276e-23,6.59924808815e-23,7.72015821886e-23,1.16539027373e-22,7.71255486192e-23,1.83118925639e-22,2.24358781472e-22,3.24519352514e-22,4.23814650428e-22,5.95918957372e-22,8.17236522283e-22,1.24670890837e-21,1.89618675017e-21],"var":[7.32459959352e-9,0.0000160072249855,0.0000185034077731,0.0000285334735963,0.0000997086826828,0.0000187268815353,0.0000103629854493,0.00000762331728765,0.0000114277045213,0.00000311372832584,0.00000474022954222,9.90631178865e-7,6.88589864239e-7,0.00000124612665786,3.89080781815e-7,1.02455445017e-7,9.59410755286e-8,1.04431414627e-7,5.01602457348e-8,5.79204382234e-8,2.33409007677e-8,1.71618736999e-8,1.18768692658e-8,1.56692507858e-8,8.58848991925e-9,5.42888012323e-10,2.60437916892e-12]},"barkbands_crest":{"dmean":1.91952931881,"dmean2":3.03892636299,"dvar":3.70834517479,"dvar2":9.31558513641,"max":26.1327095032,"mean":10.3407478333,"median":9.64873981476,"min":2.98457932472,"var":13.7635335922},"barkbands_flatness_db":{"dmean":0.0164768043905,"dmean2":0.0246933214366,"dvar":0.000280956883216,"dvar2":0.000616622681264,"max":0.455758452415,"mean":0.171678736806,"median":0.166548267007,"min":0.0448112562299,"var":0.00256784167141},"barkbands_kurtosis":{"dmean":2.72646951675,"dmean2":4.15903806686,"dvar":16.4890708923,"dvar2":38.6218948364,"max":80.2587890625,"mean":6.81443977356,"median":4.23317623138,"min":-1.91357958317,"var":72.9749679565},"barkbands_skewness":{"dmean":0.42184522748,"dmean2":0.635547459126,"dvar":0.212859362364,"dvar2":0.488416999578,"max":7.29430341721,"mean":1.91901922226,"median":1.87135732174,"min":-7.45828485489,"var":1.38156378269},"barkbands_spread":{"dmean":2.9901330471,"dmean2":4.54527282715,"dvar":16.565158844,"dvar2":35.9317855835,"max":130.603393555,"mean":14.4707155228,"median":11.8111581802,"min":1.19568765163,"var":166.403503418},"dissonance":{"dmean":0.0201035644859,"dmean2":0.0331873036921,"dvar":0.000371739326511,"dvar2":0.000996252056211,"max":0.499999970198,"mean":0.440602988005,"median":0.449191004038,"min":0.225451812148,"var":0.00147933256812},"dynamic_complexity":4.89539766312,"erbbands":{"dmean":[0.0156275071204,0.235685676336,1.23965668678,3.14891147614,11.6518154144,6.0250043869,6.14276409149,6.30140304565,8.23128318787,9.62812805176,8.56495666504,9.01158046722,10.4239234924,9.03959941864,13.2600708008,12.0882177353,7.90187120438,9.48286342621,6.95369672775,6.84159708023,3.5068025589,3.52099204063,4.04142808914,2.34479784966,2.84684443474,2.11538553238,1.525421381,0.901698052883,0.847765207291,0.694560468197,0.546659469604,0.504800617695,0.293601453304,0.162391588092,0.0923510342836,0.0280959494412,0.00433051539585,0.000591249554418,0.0000477207213407,0.00000841026394482],"dmean2":[0.0229195784777,0.389771431684,1.95602476597,5.02849912643,18.1950874329,9.33734989166,9.33036231995,9.75878238678,12.5803718567,14.3874254227,12.3377666473,13.0108737946,15.156703949,13.5668544769,19.5031070709,17.6693172455,12.107375145,14.5298929214,10.8692064285,10.9401006699,5.37027597427,5.39755678177,6.31561326981,3.54617238045,4.33999490738,3.24992823601,2.25807142258,1.28203511238,1.21139240265,0.967696070671,0.759941518307,0.700632095337,0.390093386173,0.206186816096,0.119322732091,0.0353991426528,0.00555229978636,0.000752886233386,0.0000609783201071,0.0000113953974505],"dvar":[0.00701945833862,0.871682703495,9.53269386292,88.3616104126,1258.24499512,251.564544678,346.274475098,365.747070312,542.892333984,1096.06860352,1253.1192627,1111.68017578,1469.99072266,1053.07080078,1879.71337891,901.633972168,505.175628662,661.07623291,432.334014893,302.720306396,74.0911560059,55.3500595093,78.8856582642,32.1764602661,54.669834137,32.5316772461,22.1667537689,8.24589920044,7.19606971741,6.12873506546,3.28818178177,3.12432336807,1.28444051743,0.37395387888,0.143762528896,0.0134085845202,0.00032187870238,0.00000543039050172,4.30512550054e-8,4.29609237074e-10],"dvar2":[0.0141292000189,2.46642374992,24.5104408264,212.213287354,2967.57324219,607.865661621,739.065551758,767.508117676,1190.37792969,2404.56298828,2660.13769531,2049.0612793,3251.34301758,2367.40795898,4093.04052734,2001.13745117,1158.65722656,1541.27783203,1058.95678711,706.904541016,151.969589233,126.234100342,188.111450195,74.9913101196,129.807739258,74.0173721313,48.0278587341,16.8189315796,14.4024562836,12.1080064774,6.38367509842,6.32210826874,2.31755304337,0.611763477325,0.243554592133,0.0222664121538,0.000554058467969,0.00000941677080846,7.28687368223e-8,7.66002428154e-10],"max":[2.34229850769,28.7160053253,71.4117050171,296.196105957,828.203979492,384.916259766,739.15234375,915.727172852,1054.32507324,1297.62023926,1457.97229004,2082.57519531,1457.06896973,1507.13623047,1201.36669922,674.844909668,915.996948242,985.905212402,655.398803711,576.151794434,469.034698486,240.069351196,458.988250732,187.780090332,301.991729736,192.457366943,176.586257935,120.935966492,103.077911377,127.027351379,105.011306763,65.7886810303,55.0273704529,28.3416576385,18.7267456055,6.64898872375,0.946745038033,0.125884726644,0.0120276454836,0.000749446626287],"mean":[0.0249590724707,0.424394130707,2.55292201042,5.63978147507,17.4843902588,13.0395832062,16.3224487305,14.8242416382,17.0654449463,17.6970367432,18.8942756653,20.203453064,21.0962486267,19.9626750946,25.4324741364,25.3167438507,17.0086078644,22.4399013519,15.069185257,13.1342954636,7.46391487122,8.5183095932,9.70827865601,5.69351911545,6.73338365555,4.91626262665,3.06835222244,1.8060311079,1.71634280682,1.32067012787,1.03770279884,0.904731154442,0.548741698265,0.292478382587,0.149221360683,0.0439349859953,0.00658289622515,0.000913314172067,0.0000904218832147,0.0000279561572825],"median":[0.00286682881415,0.130250200629,1.00357246399,2.41664147377,5.72498941422,5.6790561676,5.40367984772,4.71153211594,5.62160301208,4.52529668808,3.33972167969,3.09326720238,3.23527741432,2.83799123764,4.67271137238,7.69125795364,4.77838611603,4.63037967682,3.04419279099,3.94883775711,2.62600970268,2.83194875717,3.02139163017,1.55965924263,1.39974725246,0.985314369202,0.616879284382,0.280755311251,0.30616107583,0.195014104247,0.140701785684,0.121786057949,0.0641187503934,0.0276695005596,0.0119630210102,0.00304513378069,0.000639254634734,0.000145349898958,0.0000331871633534,0.0000163397889992],"min":[5.8132712584e-23,5.8158269153e-22,1.47615933891e-21,9.3666854872e-21,1.36295502727e-20,2.88366373711e-20,4.67060165801e-20,9.35224553096e-20,1.28682187299e-19,1.47265911284e-19,2.64689937801e-19,3.00520093214e-19,4.04466581668e-19,6.89366222045e-19,8.21506153551e-19,1.00461747139e-18,1.3826403555e-18,1.48714190799e-18,1.55688688211e-18,3.9716469134e-18,3.66654920267e-18,4.73682703032e-18,5.44037598775e-18,5.73758074107e-18,6.92465481684e-18,8.47706520427e-18,8.0007770891e-18,9.48353969614e-18,1.24355744216e-17,1.07556227099e-17,1.31692141418e-17,1.13680680626e-17,1.07314897155e-17,8.73034459911e-18,6.10429885793e-18,4.3637495489e-18,2.27666367559e-18,9.89055929322e-19,2.52416231872e-19,2.77163860213e-20],"var":[0.00997909903526,1.01689898968,19.1717319489,121.579109192,1540.24133301,556.89630127,1531.75134277,1418.34204102,1632.32861328,3172.13574219,4859.53515625,5329.85302734,4950.43896484,4204.33398438,5051.80566406,2311.12915039,1448.421875,3387.31713867,1610.99707031,754.53527832,228.498184204,223.771499634,334.611633301,115.202133179,183.264144897,101.803970337,54.5013504028,23.8500938416,21.2270469666,17.3393878937,8.96045398712,7.3967423439,4.30100250244,1.35079550743,0.386291146278,0.0344118326902,0.000710235617589,0.0000112435036499,8.34159195051e-8,1.25495935865e-9]},"erbbands_crest":{"dmean":2.1862745285,"dmean2":3.36517572403,"dvar":5.1850566864,"dvar2":11.7914915085,"max":31.8068447113,"mean":10.2957077026,"median":9.07137584686,"min":2.49242520332,"var":24.5613460541},"erbbands_flatness_db":{"dmean":0.0135477073491,"dmean2":0.0189126972109,"dvar":0.000218741930439,"dvar2":0.000398713222239,"max":0.356988787651,"mean":0.177985221148,"median":0.176187321544,"min":0.0284535419196,"var":0.00198111752979},"erbbands_kurtosis":{"dmean":0.840864598751,"dmean2":1.28090274334,"dvar":1.75871503353,"dvar2":3.70146465302,"max":75.9911346436,"mean":1.05030786991,"median":-0.0252616405487,"min":-1.81466400623,"var":17.8417339325},"erbbands_skewness":{"dmean":0.289670109749,"dmean2":0.431130230427,"dvar":0.0808382555842,"dvar2":0.173544496298,"max":6.75722742081,"mean":0.569971740246,"median":0.450833171606,"min":-2.67518687248,"var":0.833672463894},"erbbands_spread":{"dmean":5.5772690773,"dmean2":8.2543296814,"dvar":47.9158744812,"dvar2":99.1356506348,"max":154.47467041,"mean":33.9959526062,"median":31.2451477051,"min":3.51559972763,"var":323.491363525},"gfcc":{"cov":[[15000.5273438,577.226196289,-2159.25976562,883.466674805,-915.1015625,635.308898926,-285.451049805,246.28994751,-331.630004883,-77.6232376099,-155.74156189,-283.190887451,-119.412506104],[577.226196289,1009.36383057,-122.076889038,-233.179595947,142.670959473,-150.380783081,49.461353302,-94.3374023438,35.5369758606,-47.5686531067,50.6016578674,-12.640961647,-7.07085037231],[-2159.25976562,-122.076889038,880.018981934,-11.3247795105,102.443527222,-18.259344101,11.5941905975,-14.6467666626,26.7434959412,41.5357398987,2.00490784645,95.9609375,31.0040664673],[883.466674805,-233.179595947,-11.3247795105,422.852172852,-35.8515167236,78.25730896,-31.1319255829,38.8773117065,-12.2815446854,-10.7257843018,-4.25188732147,-5.08793354034,16.0609378815],[-915.1015625,142.670959473,102.443527222,-35.8515167236,277.968688965,-7.59202575684,37.8131408691,-23.9890861511,20.4537887573,0.423094660044,17.5355319977,32.2315673828,7.19090127945],[635.308898926,-150.380783081,-18.259344101,78.25730896,-7.59202575684,265.326080322,58.7195472717,34.20728302,-43.1175765991,17.2959747314,-11.9456472397,-12.4192352295,0.22097055614],[-285.451049805,49.461353302,11.5941905975,-31.1319255829,37.8131408691,58.7195472717,182.358917236,32.3960456848,2.04257893562,4.12431240082,2.36171722412,-8.01153850555,9.36907672882],[246.28994751,-94.3374023438,-14.6467666626,38.8773117065,-23.9890861511,34.20728302,32.3960456848,131.832000732,41.0733718872,13.7856712341,-6.85357570648,-13.41979599,-5.55480289459],[-331.630004883,35.5369758606,26.7434959412,-12.2815446854,20.4537887573,-43.1175765991,2.04257893562,41.0733718872,118.388694763,33.6158676147,14.9169387817,-7.02943944931,-4.33489179611],[-77.6232376099,-47.5686531067,41.5357398987,-10.7257843018,0.423094660044,17.2959747314,4.12431240082,13.7856712341,33.6158676147,84.22265625,24.3449573517,5.10037899017,-3.51991486549],[-155.74156189,50.6016578674,2.00490784645,-4.25188732147,17.5355319977,-11.9456472397,2.36171722412,-6.85357570648,14.9169387817,24.3449573517,79.8199386597,23.957233429,3.45428752899],[-283.190887451,-12.640961647,95.9609375,-5.08793354034,32.2315673828,-12.4192352295,-8.01153850555,-13.41979599,-7.02943944931,5.10037899017,23.957233429,91.3874816895,31.8858661652],[-119.412506104,-7.07085037231,31.0040664673,16.0609378815,7.19090127945,0.22097055614,9.36907672882,-5.55480289459,-4.33489179611,-3.51991486549,3.45428752899,31.8858661652,67.1135787964]],"icov":[[0.000607438210864,-0.00141100981273,0.00110157160088,-0.00137524248566,0.00163701316342,-0.00141151167918,0.00135908951052,-0.00162763474509,0.00168192212004,-0.00153396569658,0.00161178212147,-0.000855059421156,0.000608626985922],[-0.00141100981273,0.00484815984964,-0.00232128566131,0.00380854005925,-0.00440195761621,0.00377677427605,-0.00367291946895,0.00472167786211,-0.00456349551678,0.00471489550546,-0.00480500003323,0.00254926458001,-0.00148741248995],[0.00110157160088,-0.00232128566131,0.0034220404923,-0.00247785635293,0.00254105404019,-0.00239326711744,0.00223182654008,-0.00262820161879,0.0026878095232,-0.00337378354743,0.00357149867341,-0.00300089479424,0.00117263349239],[-0.00137524248566,0.00380854005925,-0.00247785635293,0.00611822726205,-0.00379542098381,0.00244216620922,-0.00230610161088,0.00314297899604,-0.00398922385648,0.00464129820466,-0.00451655639336,0.00259232474491,-0.00239784223959],[0.00163701316342,-0.00440195761621,0.00254105404019,-0.00379542098381,0.00888811051846,-0.00421886984259,0.00280061434023,-0.00352910510264,0.00341556593776,-0.00373611436225,0.00429987115785,-0.0038116958458,0.0021761150565],[-0.00141151167918,0.00377677427605,-0.00239326711744,0.00244216620922,-0.00421886984259,0.00867808423936,-0.00487544061616,0.00277901254594,-0.00120696087833,0.00157783017494,-0.00332756573334,0.00259580137208,-0.00131549709477],[0.00135908951052,-0.00367291946895,0.00223182654008,-0.00230610161088,0.00280061434023,-0.00487544061616,0.0100851068273,-0.00583848496899,0.0042755198665,-0.00334251113236,0.00305406376719,-0.000527566182427,-0.000428772385931],[-0.00162763474509,0.00472167786211,-0.00262820161879,0.00314297899604,-0.00352910510264,0.00277901254594,-0.00583848496899,0.0153047582135,-0.00944344885647,0.00472728721797,-0.00352530763485,0.00206128833815,-0.000645676103886],[0.00168192212004,-0.00456349551678,0.0026878095232,-0.00398922385648,0.00341556593776,-0.00120696087833,0.0042755198665,-0.00944344885647,0.0179290864617,-0.00942378211766,0.00358000118285,-0.000256584549788,0.00108575250488],[-0.00153396569658,0.00471489550546,-0.00337378354743,0.00464129820466,-0.00373611436225,0.00157783017494,-0.00334251113236,0.00472728721797,-0.00942378211766,0.0207496844232,-0.00936299562454,0.00246295565739,-0.000740403775126],[0.00161178212147,-0.00480500003323,0.00357149867341,-0.00451655639336,0.00429987115785,-0.00332756573334,0.00305406376719,-0.00352530763485,0.00358000118285,-0.00936299562454,0.0208888556808,-0.00757661974058,0.00288932281546],[-0.000855059421156,0.00254926458001,-0.00300089479424,0.00259232474491,-0.0038116958458,0.00259580137208,-0.000527566182427,0.00206128833815,-0.000256584549788,0.00246295565739,-0.00757661974058,0.0185717251152,-0.00816365797073],[0.000608626985922,-0.00148741248995,0.00117263349239,-0.00239784223959,0.0021761150565,-0.00131549709477,-0.000428772385931,-0.000645676103886,0.00108575250488,-0.000740403775126,0.00288932281546,-0.00816365797073,0.0193971749395]],"mean":[-67.9426040649,117.905639648,-111.072296143,23.4201278687,-51.4622802734,4.15693378448,-42.6000976562,-5.15454912186,-29.9404907227,-8.47071075439,-12.8013114929,-6.67415142059,-13.6868238449]},"hfc":{"dmean":2.82712650299,"dmean2":3.68519306183,"dvar":35.0659065247,"dvar2":56.7237930298,"max":157.839385986,"mean":11.0832252502,"median":5.5346827507,"min":1.0946793083e-16,"var":197.239929199},"melbands":{"dmean":[0.000183334588655,0.000521110137925,0.000799230067059,0.000663852959406,0.000211327947909,0.000143999612192,0.000131595501443,0.0000979807082331,0.000071913091233,0.0000590508316236,0.0000521473812114,0.0000358642646461,0.0000509384844918,0.0000318149395753,0.0000224877585424,0.0000168568258232,0.0000190677819774,0.0000122015508168,0.00000938428729569,0.00000644801593808,0.00000482700761495,0.00000389842762161,0.00000544473505215,0.00000303434126181,0.00000197042686523,0.00000213226508095,0.00000241573957283,0.00000123115762563,0.00000107483208467,8.09190964901e-7,4.79444224766e-7,5.37878861451e-7,4.11343876294e-7,3.9222740611e-7,3.2337425182e-7,3.56127003442e-7,3.06440057329e-7,2.25094098028e-7,1.7321355017e-7,1.33628304866e-7],"dmean2":[0.000289182789857,0.000820713641588,0.001250654459,0.00102750968654,0.000321763509419,0.000220852933126,0.000202012975933,0.000144569392432,0.000103980208223,0.0000852622251841,0.0000758934838814,0.0000540506553079,0.0000765283621149,0.0000462304524262,0.0000338161735272,0.0000261093664449,0.0000293035718641,0.000019190234525,0.0000149061261254,0.0000101095965874,0.00000753230779083,0.00000601507736064,0.00000865573747433,0.00000475237447972,0.00000303019578496,0.00000335285449182,0.0000037407291984,0.0000019125484414,0.00000163311688084,0.00000120564425288,7.00123507613e-7,7.86184443768e-7,5.91510456616e-7,5.58857266242e-7,4.56502220914e-7,5.18645094871e-7,4.24474478677e-7,3.10369870249e-7,2.35042577401e-7,1.76931123974e-7],"dvar":[7.34689933779e-7,0.00000191066851585,0.0000045252795644,0.00000404278262067,3.50474721245e-7,1.70218939388e-7,1.42346735288e-7,9.93599869048e-8,8.45155128104e-8,4.39692620091e-8,3.62773171503e-8,1.79035986037e-8,3.11312078338e-8,6.06032823924e-9,2.71552713649e-9,2.66215161027e-9,2.91167601141e-9,1.60487001466e-9,5.1597687234e-10,4.19206253044e-10,1.31945107618e-10,7.60817589485e-11,1.40522135594e-10,6.36780905783e-11,2.43493072927e-11,2.76755788425e-11,6.75444422615e-11,8.89935781317e-12,9.36172840638e-12,7.87138410008e-12,2.25454464126e-12,3.1393988971e-12,1.6818350098e-12,2.02808386404e-12,1.15403335759e-12,3.26480053929e-12,1.01844780439e-12,8.66779521422e-13,4.834998504e-13,2.66521451176e-13],"dvar2":[0.00000177765105036,0.00000499693851452,0.0000106080005935,0.00000963153343037,7.91084175944e-7,3.56525845291e-7,3.22495964156e-7,2.11289346908e-7,1.77072962515e-7,8.23678902862e-8,7.92209675637e-8,4.00416055868e-8,7.33694847099e-8,1.29706103635e-8,6.20552054187e-9,5.71344793698e-9,6.92377843947e-9,3.96187305185e-9,1.17329013172e-9,8.62528659606e-10,2.93939539375e-10,1.72231756634e-10,3.68067160084e-10,1.54014856424e-10,5.75261643876e-11,6.99236848978e-11,1.52139259524e-10,2.135538274e-11,2.10821429758e-11,1.69987513648e-11,4.75785990467e-12,6.39446048195e-12,3.53523937555e-12,4.07202223329e-12,2.21173188271e-12,8.20369033122e-12,1.89911042621e-12,1.7239342549e-12,9.19728594499e-13,4.8137904253e-13],"max":[0.0225966591388,0.039275046438,0.0467674024403,0.0430193580687,0.0209604948759,0.0183641519397,0.0156106958166,0.0118598863482,0.0115304607898,0.011481965892,0.00706969108433,0.00633004307747,0.00433838693425,0.00158968241885,0.00158834306058,0.00255183386616,0.00220867129974,0.00137709558476,0.000844364927616,0.0013377625728,0.000496967462823,0.000355464406312,0.000380395533284,0.000538879772648,0.000140503339935,0.000171469175257,0.00033615497523,0.00007223564171,0.0000999378607958,0.000111805806227,0.0000658637218294,0.0000757507004892,0.0000542661036889,0.0000677246061969,0.0000671051529935,0.000093018876214,0.0000488669174956,0.0000513163977303,0.0000298661834677,0.0000238131524384],"mean":[0.000311825773679,0.00107597210445,0.00138687388971,0.00114391476382,0.000571516226046,0.000345539214322,0.000264614180196,0.00018140253087,0.000154227891471,0.000129274019855,0.000101990786789,0.000075632968219,0.000093669470516,0.0000639854260953,0.0000470878840133,0.0000345328990079,0.0000423913697887,0.0000238629290834,0.0000182937637874,0.0000119721516967,0.0000089693139671,0.00000830021326692,0.0000113730984594,0.00000675476167089,0.00000415244630858,0.00000466673463961,0.00000504757917952,0.00000277048957287,0.00000205781338991,0.00000142745932408,9.16622866498e-7,0.00000103836873677,7.73251713326e-7,7.01425278749e-7,5.99582222094e-7,5.83789130815e-7,5.35256674539e-7,3.970967839e-7,3.08365116553e-7,2.26206182674e-7],"median":[0.0000635085962131,0.000423250981839,0.000574204896111,0.000439102004748,0.000200859416509,0.000111382643809,0.0000860587024363,0.0000430553955084,0.0000241167217609,0.0000176522844413,0.0000144151890709,0.00000933374758461,0.0000131413771669,0.0000185133430932,0.0000147007913256,0.00000850520154927,0.00000751115067033,0.00000373771172235,0.00000563657886232,0.00000335707568411,0.00000297744804811,0.00000257697024608,0.00000318586353387,0.00000190635682884,0.00000100100294276,9.64631112765e-7,8.63179252519e-7,5.40340977295e-7,4.35437101487e-7,1.71335457821e-7,1.32845613621e-7,1.75210502107e-7,1.31723183472e-7,9.13776503353e-8,7.51067119609e-8,7.49549045054e-8,6.84131080675e-8,4.49484574006e-8,3.21455537744e-8,1.87637709814e-8],"min":[7.02268136693e-25,9.92512151829e-25,2.73571893499e-24,2.48511379984e-24,1.98906327149e-24,2.14809861606e-24,2.19519104831e-24,1.44044186913e-24,2.01560725766e-24,1.75217484976e-24,1.97412323202e-24,2.71520618487e-24,2.54280635328e-24,3.3551587474e-24,1.11374754979e-24,3.24722817885e-24,2.56265507973e-24,1.70938821755e-24,3.16126935867e-24,4.12875401081e-24,3.79502679929e-24,4.90089540358e-24,3.68018008997e-24,4.75958241089e-24,3.00237305083e-24,2.72658136191e-24,4.75264556252e-24,4.49438196848e-24,4.83624430809e-24,3.88038667683e-24,5.23417651426e-24,6.75152285532e-24,4.90111786235e-24,5.47696265734e-24,6.50388718983e-24,6.16705107748e-24,6.91577237326e-24,6.52133205988e-24,6.15400962899e-24,6.93156221314e-24],"var":[9.67319465417e-7,0.00000352062124875,0.00000663063519823,0.00000524194092577,0.00000158934062711,6.68639131618e-7,3.87202049978e-7,3.08457259734e-7,3.25904153442e-7,2.22294303853e-7,1.21970828104e-7,7.21111277358e-8,8.84018547254e-8,1.53237156297e-8,7.41674899274e-9,7.35690930398e-9,1.40502667278e-8,5.2684709928e-9,1.40260092429e-9,1.0497254177e-9,3.26703220033e-10,2.5867072373e-10,4.31600005735e-10,2.44981007702e-10,6.9022891569e-11,8.11913800081e-11,1.60218463496e-10,3.0058809608e-11,2.1871074396e-11,1.92485142408e-11,6.04662717466e-12,8.31782993177e-12,4.56442132354e-12,5.52577558363e-12,3.22274281914e-12,4.03254686587e-12,2.7103503903e-12,2.38326112317e-12,1.55548610017e-12,8.45091954315e-13]},"melbands_crest":{"dmean":2.42058706284,"dmean2":3.83282923698,"dvar":5.48470926285,"dvar2":13.9254722595,"max":36.7121315002,"mean":14.1047286987,"median":13.5558042526,"min":1.57957792282,"var":20.0317554474},"melbands_flatness_db":{"dmean":0.0197336245328,"dmean2":0.0294198393822,"dvar":0.000431326858234,"dvar2":0.000964432838373,"max":0.489445596933,"mean":0.245160415769,"median":0.239275768399,"min":0.00294013344683,"var":0.00457506207749},"melbands_kurtosis":{"dmean":5.54388952255,"dmean2":8.47829437256,"dvar":79.4493408203,"dvar2":186.709106445,"max":179.890182495,"mean":14.9964475632,"median":10.3097667694,"min":-1.71698999405,"var":269.997192383},"melbands_skewness":{"dmean":0.551833987236,"dmean2":0.832948207855,"dvar":0.405779212713,"dvar2":0.901107490063,"max":11.0493268967,"mean":2.77297449112,"median":2.62663602829,"min":-1.08550477028,"var":2.21864581108},"melbands_spread":{"dmean":3.47323107719,"dmean2":5.32569026947,"dvar":24.4727325439,"dvar2":58.9555397034,"max":161.815063477,"mean":15.2018928528,"median":11.7742605209,"min":1.06713807583,"var":186.302108765},"mfcc":{"cov":[[10793.5634766,-704.637329102,-550.806945801,13.6812801361,-303.80178833,114.900886536,149.474777222,141.925704956,13.008108139,266.819122314,-18.7770175934,-44.5573616028,-119.850090027],[-704.637329102,1332.83728027,-113.817146301,-64.2445678711,29.2761440277,-42.5851554871,-22.1782112122,-34.3138999939,-49.2176933289,-67.168548584,11.7342596054,7.40893411636,17.4987335205],[-550.806945801,-113.817146301,537.128723145,66.8817138672,45.2809143066,32.0361824036,-4.24920797348,2.92351102829,16.786605835,-21.2597694397,-5.22966861725,0.751747667789,28.6862220764],[13.6812801361,-64.2445678711,66.8817138672,275.852813721,69.8977966309,-10.1895637512,-24.3479919434,13.3151130676,2.57882809639,-13.4794883728,-12.6747550964,6.16762638092,12.4642410278],[-303.80178833,29.2761440277,45.2809143066,69.8977966309,207.658569336,33.3265304565,-17.3339710236,4.21314287186,3.81201219559,-20.3017044067,-12.1701478958,23.639749527,40.0738487244],[114.900886536,-42.5851554871,32.0361824036,-10.1895637512,33.3265304565,181.085220337,84.6561126709,18.9474620819,9.89221191406,0.206641584635,3.37177252769,-17.7662467957,9.6122045517],[149.474777222,-22.1782112122,-4.24920797348,-24.3479919434,-17.3339710236,84.6561126709,167.897705078,54.8400535583,15.0950756073,16.918422699,10.4754734039,-17.5346698761,-12.5794315338],[141.925704956,-34.3138999939,2.92351102829,13.3151130676,4.21314287186,18.9474620819,54.8400535583,104.122154236,39.1432418823,7.33061313629,7.17272472382,-0.399184435606,0.697286725044],[13.008108139,-49.2176933289,16.786605835,2.57882809639,3.81201219559,9.89221191406,15.0950756073,39.1432418823,105.941055298,27.6452083588,14.347826004,3.08200407028,-7.72371292114],[266.819122314,-67.168548584,-21.2597694397,-13.4794883728,-20.3017044067,0.206641584635,16.918422699,7.33061313629,27.6452083588,122.59954834,38.9302330017,0.0379789359868,-7.88924884796],[-18.7770175934,11.7342596054,-5.22966861725,-12.6747550964,-12.1701478958,3.37177252769,10.4754734039,7.17272472382,14.347826004,38.9302330017,91.2966003418,19.5603122711,-5.51576709747],[-44.5573616028,7.40893411636,0.751747667789,6.16762638092,23.639749527,-17.7662467957,-17.5346698761,-0.399184435606,3.08200407028,0.0379789359868,19.5603122711,88.8830871582,34.0072746277],[-119.850090027,17.4987335205,28.6862220764,12.4642410278,40.0738487244,9.6122045517,-12.5794315338,0.697286725044,-7.72371292114,-7.88924884796,-5.51576709747,34.0072746277,96.4835510254]],"icov":[[0.000116723393148,0.0000453872817161,0.000116827242891,-0.0000662308084429,0.000166469166288,-0.00014319557522,0.0000475491360703,-0.000180457049282,0.000110253466119,-0.000256079947576,0.000166322264704,-0.0000803247967269,0.0000889158836799],[0.0000453872817161,0.000850590644404,0.000219567969907,0.000188648307812,-0.000178466434591,0.00023304457136,-0.000112492976768,0.000124802376376,0.000217396140215,0.000459147297079,-0.00036200415343,0.000146078091348,-0.00016943711671],[0.000116827242891,0.000219567969907,0.00215630372986,-0.000455691362731,-0.00000425138659921,-0.000413575733546,0.0000993362118606,0.0000514777457283,-0.000333071424393,0.00023765527294,-0.0000699878073647,0.000213042905671,-0.000507713411935],[-0.0000662308084429,0.000188648307812,-0.000455691362731,0.00427322089672,-0.00149709125981,0.0005342909717,0.000494748877827,-0.000780128524639,0.000193766332814,0.000289990653982,0.000124650629004,0.00019075673481,0.0000847988194437],[0.000166469166288,-0.000178466434591,-0.00000425138659921,-0.00149709125981,0.00650365045294,-0.00198773876764,0.00119550595991,-0.000589641509578,-0.000255999038927,-0.00000776570959715,0.000948324566707,-0.00135651871096,-0.00139805965591],[-0.00014319557522,0.00023304457136,-0.000413575733546,0.0005342909717,-0.00198773876764,0.00847941171378,-0.00461318157613,0.00147326488513,-0.000728761893697,0.00102074583992,-0.00102455320302,0.00203842949122,-0.00154940434732],[0.0000475491360703,-0.000112492976768,0.0000993362118606,0.000494748877827,0.00119550595991,-0.00461318157613,0.0102255046368,-0.00510836299509,0.00111916777678,-0.00116681226064,-1.7872621072e-7,0.000244517024839,0.00122716126498],[-0.000180457049282,0.000124802376376,0.0000514777457283,-0.000780128524639,-0.000589641509578,0.00147326488513,-0.00510836299509,0.0142519576475,-0.00492604961619,0.00141855282709,-0.000793001614511,0.000285903282929,-0.0012566667283],[0.000110253466119,0.000217396140215,-0.000333071424393,0.000193766332814,-0.000255999038927,-0.000728761893697,0.00111916777678,-0.00492604961619,0.0121695920825,-0.00261411489919,-0.000275899656117,-0.000810264900792,0.00156224053353],[-0.000256079947576,0.000459147297079,0.00023765527294,0.000289990653982,-0.00000776570959715,0.00102074583992,-0.00116681226064,0.00141855282709,-0.00261411489919,0.0111518530175,-0.00472443178296,0.00121174193919,-0.000764926953707],[0.000166322264704,-0.00036200415343,-0.0000699878073647,0.000124650629004,0.000948324566707,-0.00102455320302,-1.7872621072e-7,-0.000793001614511,-0.000275899656117,-0.00472443178296,0.0143515765667,-0.00422589713708,0.00189240835607],[-0.0000803247967269,0.000146078091348,0.000213042905671,0.00019075673481,-0.00135651871096,0.00203842949122,0.000244517024839,0.000285903282929,-0.000810264900792,0.00121174193919,-0.00422589713708,0.0149924336001,-0.00531580671668],[0.0000889158836799,-0.00016943711671,-0.000507713411935,0.0000847988194437,-0.00139805965591,-0.00154940434732,0.00122716126498,-0.0012566667283,0.00156224053353,-0.000764926953707,0.00189240835607,-0.00531580671668,0.0135940974578]],"mean":[-710.171325684,149.752914429,-0.600180566311,21.8513641357,8.08089065552,3.99443840981,-0.453882038593,-0.972925662994,-12.3121299744,-5.80981492996,-7.2142663002,-1.77065753937,-3.84007835388]},"pitch_salience":{"dmean":0.05416309461,"dmean2":0.0869063511491,"dvar":0.00283633102663,"dvar2":0.00741711212322,"max":0.885119736195,"mean":0.534676373005,"median":0.53713452816,"min":0.121829964221,"var":0.00970412231982},"silence_rate_20dB":{"dmean":0,"dmean2":0,"dvar":0,"dvar2":0,"max":1,"mean":1,"median":1,"min":1,"var":0},"silence_rate_30dB":{"dmean":0.0148528218269,"dmean2":0.0297076497227,"dvar":0.0146305831149,"dvar2":0.0346320904791,"max":1,"mean":0.986498355865,"median":1,"min":0,"var":0.0133199589327},"silence_rate_60dB":{"dmean":0.0322711318731,"dmean2":0.0645466223359,"dvar":0.031226688996,"dvar2":0.0686095580459,"max":1,"mean":0.162424892187,"median":0,"min":0,"var":0.136031851172},"spectral_centroid":{"dmean":138.972702026,"dmean2":213.766571045,"dvar":42224.3085938,"dvar2":95672.3828125,"max":11789.5625,"mean":894.342407227,"median":735.755065918,"min":210.514099121,"var":703277.1875},"spectral_complexity":{"dmean":2.07709956169,"dmean2":3.06947541237,"dvar":7.70760297775,"dvar2":13.4380893707,"max":61,"mean":13.1700534821,"median":11,"min":0,"var":70.6970748901},"spectral_contrast_coeffs":{"dmean":[0.0446723625064,0.0379104167223,0.0325176864862,0.0281434003264,0.0212879497558,0.0147670796141],"dmean2":[0.0726779922843,0.060585912317,0.0515709072351,0.0443695746362,0.0330604687333,0.0227190200239],"dvar":[0.00155820313375,0.00118102959823,0.000836020684801,0.000591389078181,0.000355072173988,0.000192316016182],"dvar2":[0.0040221484378,0.00286169885658,0.00203135912307,0.00139474240132,0.000813978433143,0.000424778874731],"max":[-0.254261612892,-0.332331120968,-0.41637519002,-0.507221758366,-0.563979327679,-0.595500349998],"mean":[-0.584280669689,-0.681371450424,-0.727341771126,-0.739746630192,-0.760556817055,-0.787605941296],"median":[-0.585278630257,-0.682376205921,-0.731003522873,-0.738186359406,-0.758904457092,-0.785782814026],"min":[-0.981880187988,-0.981117963791,-0.973638474941,-0.976696312428,-0.983316123486,-0.965132713318],"var":[0.0073099732399,0.006270469632,0.00458563864231,0.00369173660874,0.00273045455106,0.0019422796322]},"spectral_contrast_valleys":{"dmean":[0.378435313702,0.314625769854,0.294968396425,0.282219439745,0.259453564882,0.279786586761],"dmean2":[0.612002372742,0.499413132668,0.459242939949,0.429300695658,0.359448701143,0.360405862331],"dvar":[0.132670208812,0.0999298021197,0.0907359719276,0.0926925241947,0.0912324264646,0.128709897399],"dvar2":[0.318174690008,0.218901515007,0.18566288054,0.183054089546,0.154650211334,0.208979561925],"max":[-4.94551134109,-4.72578477859,-5.24248313904,-5.74982976913,-5.83066654205,-7.75809431076],"mean":[-7.80822038651,-7.51997327805,-8.24189567566,-8.79943275452,-8.80214214325,-11.2839918137],"median":[-7.60277414322,-7.38143014908,-8.1099357605,-8.64504432678,-8.66663265228,-11.289188385],"min":[-28.0999546051,-27.9588184357,-27.6630764008,-27.7042064667,-27.4571323395,-27.4191703796],"var":[2.8538403511,2.94858169556,3.0399684906,3.00372409821,3.13031506538,2.49244952202]},"spectral_decrease":{"dmean":1.61008484323e-9,"dmean2":2.33937003102e-9,"dvar":1.31736312862e-17,"dvar2":2.74926347512e-17,"max":4.00503435483e-15,"mean":-5.10363795669e-9,"median":-3.02476821368e-9,"min":-7.58441416338e-8,"var":3.67820880972e-17},"spectral_energy":{"dmean":0.00628694053739,"dmean2":0.0090852426365,"dvar":0.000199083151529,"dvar2":0.000411329558119,"max":0.294330358505,"mean":0.0202675592154,"median":0.0120105165988,"min":9.95713573261e-21,"var":0.000575011130422},"spectral_energyband_high":{"dmean":0.000105835140857,"dmean2":0.000134242334752,"dvar":9.70604787653e-8,"dvar2":1.47140696072e-7,"max":0.0139690879732,"mean":0.000247785268584,"median":0.0000484442171,"min":7.06185172349e-21,"var":3.682915235e-7},"spectral_energyband_low":{"dmean":0.00226427195594,"dmean2":0.00354066397995,"dvar":0.000041490104195,"dvar2":0.000100060082332,"max":0.160870939493,"mean":0.00491888122633,"median":0.00210437178612,"min":1.28643413233e-23,"var":0.000075807722169},"spectral_energyband_middle_high":{"dmean":0.000927137269173,"dmean2":0.00132041168399,"dvar":0.00000401097395297,"dvar2":0.00000836646540847,"max":0.053180385381,"mean":0.00325088412501,"median":0.00121501309332,"min":1.15484308984e-21,"var":0.0000278210900433},"spectral_energyband_middle_low":{"dmean":0.00504092499614,"dmean2":0.00752726988867,"dvar":0.000151043393998,"dvar2":0.000332678173436,"max":0.279090106487,"mean":0.0128596760333,"median":0.00695820851251,"min":1.743826887e-22,"var":0.000314904231345},"spectral_entropy":{"dmean":0.153775334358,"dmean2":0.223074004054,"dvar":0.0303127896041,"dvar2":0.0613423399627,"max":9.82399845123,"mean":7.01991319656,"median":7.03385257721,"min":5.23865127563,"var":0.337682753801},"spectral_flux":{"dmean":0.0181159824133,"dmean2":0.0287512037903,"dvar":0.000781309732702,"dvar2":0.00186633015983,"max":0.427725672722,"mean":0.0529108606279,"median":0.0387725755572,"min":6.17938478165e-11,"var":0.00230513233691},"spectral_kurtosis":{"dmean":2.39829230309,"dmean2":4.00609588623,"dvar":8.37301445007,"dvar2":21.2227363586,"max":55.6847572327,"mean":8.16855335236,"median":6.25060272217,"min":-1.26517665386,"var":43.0788383484},"spectral_rms":{"dmean":0.000557582825422,"dmean2":0.000784333387855,"dvar":7.94672700977e-7,"dvar2":0.00000148619562879,"max":0.0169455464929,"mean":0.00383893097751,"median":0.00342309451662,"min":3.11677376616e-12,"var":0.00000503585943079},"spectral_rolloff":{"dmean":218.723220825,"dmean2":369.048278809,"dvar":276798.6875,"dvar2":632599.875,"max":21468.6035156,"mean":1100.51501465,"median":645.99609375,"min":107.666015625,"var":4785440.5},"spectral_skewness":{"dmean":0.249387875199,"dmean2":0.400425612926,"dvar":0.0689940229058,"dvar2":0.160736873746,"max":5.91127920151,"mean":2.06224918365,"median":1.91865313053,"min":-0.0811980813742,"var":0.610364854336},"spectral_spread":{"dmean":415610.0625,"dmean2":595300.1875,"dvar":411952873472,"dvar2":791713808384,"max":42771224,"mean":4029928.5,"median":3480988.5,"min":1302213,"var":9435675099140},"spectral_strongpeak":{"dmean":0.33937010169,"dmean2":0.564720511436,"dvar":0.35488986969,"dvar2":0.884309589863,"max":10.2616968155,"mean":0.797044575214,"median":0.450228452682,"min":0,"var":0.967624306679},"zerocrossingrate":{"dmean":0.00580607028678,"dmean2":0.00724526168779,"dvar":0.0000683489633957,"dvar2":0.000110236411274,"max":0.8232421875,"mean":0.0442999303341,"median":0.03466796875,"min":0.00439453125,"var":0.00309067382477}},"metadata":{"audio_properties":{"analysis_sample_rate":44100,"bit_rate":0,"codec":"flac","downmix":"mix","equal_loudness":0,"length":343.933319092,"lossless":true,"md5_encoded":"905d32fec7a4e6550b45496639497127","replay_gain":-8.76625442505},"tags":{"acoustid_id":["fe25dd27-76fa-4d2a-a480-1df297f3f556"],"album":["Jump Back: The Best of the Rolling Stones 1971 - 1993"],"albumartist":["The Rolling Stones"],"albumartistsort":["Rolling Stones, The"],"artist":["The Rolling Stones"],"artistsort":["Rolling Stones, The"],"barcode":["724383932122"],"catalognumber":["7243 8 39321 2 2","CDV2726"],"date":["1993"],"discnumber":["1"],"disctotal":["1"],"file_name":"16 Wild Horses.flac","genre":["Rock"],"isrc":["GBCJN7100003","USA177110020"],"label":["Virgin Records Benelux"],"language":["eng"],"media":["CD"],"musicbrainz_albumartistid":["b071f9fa-14b0-4217-8e97-eb41da73f598"],"musicbrainz_albumid":["0ea1b97e-440b-410e-9e1d-bb6d84e5a28d"],"musicbrainz_artistid":["b071f9fa-14b0-4217-8e97-eb41da73f598"],"musicbrainz_recordingid":["1674d24d-8b74-4e65-94e5-e38527f593a9"],"musicbrainz_releasegroupid":["be3764e5-b0f8-32d8-ada8-d93e79d84443"],"musicbrainz_releasetrackid":["b46a8668-4ede-4f66-b216-318addb5060b"],"musicbrainz_workid":["52397dc6-1487-3a25-aa29-c73ccd9fd56b"],"originaldate":["1993-11-19"],"performer":["Bill Wyman (bass guitar)","Charlie Watts (drums)","Jim Dickinson (guest piano)","Mick Jagger (vocals)","Keith Richards (vocals)","Jim Dickinson (piano)","Mick Taylor (guitars)","Keith Richards (guitars)"],"producer":["Jimmy Miller"],"releasecountry":["XE"],"releasestatus":["official"],"releasetype":["album","compilation"],"script":["Latn"],"title":["Wild Horses"],"totaldiscs":["1"],"totaltracks":["18"],"tracknumber":["16"],"tracktotal":["18"],"writer":["Mick Jagger","Keith Richards"]},"version":{"essentia":"2.1-beta1","essentia_buil