{"lowlevel":{"average_loudness":0.90563249588,"barkbands":{"dmean":[0.00347489840351,0.00698287133127,0.00130736245774,0.000487164244987,0.00141918647569,0.00101706280839,0.00126594828907,0.00165462808218,0.00151445961092,0.00102744577453,0.000586910929997,0.000373041431885,0.000307602633256,0.000371089932742,0.000416178692831,0.000194511230802,0.000220725560212,0.000216203407035,0.000176728775841,0.00015935394913,0.000160925032105,0.000189670463442,0.0000680603698129,0.000092899579613,0.00000723205766917,0.000148246952449,0.000248561700573],"dmean2":[0.00554898707196,0.0115513466299,0.00215084594674,0.000811723992229,0.0022618919611,0.00158336141612,0.00192957988475,0.00260976771824,0.00234551471658,0.00163933821023,0.000939112913329,0.000592986179981,0.000488922116347,0.000577796599828,0.000647547771223,0.000314663600875,0.000356516451575,0.000349318026565,0.000284909358015,0.000252392375842,0.000248863303568,0.000298034021398,0.000106838582724,0.000148738967255,0.000011747057215,0.000239646949922,0.000369973975467],"dvar":[0.0000623336163699,0.00012894088286,0.00000566696371607,0.00000104647449461,0.00000735925868867,0.00000713632834959,0.0000121983657664,0.0000205166215892,0.0000198590532818,0.00000848855142976,0.00000217803949454,5.60150965612e-7,2.93583298117e-7,4.43155386165e-7,6.12908308995e-7,1.97581471184e-7,2.77642840274e-7,2.52154393365e-7,1.95567807282e-7,1.53911145162e-7,1.16973787101e-7,1.32901618599e-7,1.98390406325e-8,3.22142028608e-8,1.78311962418e-10,8.17625007699e-8,1.95483664811e-7],"dvar2":[0.000150561652845,0.000349047448253,0.0000144317991726,0.00000260371916738,0.0000175220229721,0.0000160905219673,0.0000269121574092,0.0000489216217829,0.0000461382260255,0.0000202265164262,0.00000501563908983,0.00000142140106618,7.38237929454e-7,0.00000103747481717,0.00000138574762332,4.91893388244e-7,7.0548713893e-7,6.43611485884e-7,4.91473258535e-7,3.75896860305e-7,2.73011210083e-7,3.02255926954e-7,4.48601937819e-8,7.32409688453e-8,4.1712447385e-10,1.86504607314e-7,4.3084560275e-7],"max":[0.201054900885,0.169452235103,0.0405937619507,0.0246274229139,0.0613876618445,0.0546605177224,0.0730770081282,0.125926882029,0.0987185835838,0.0802308768034,0.0410043187439,0.0261820070446,0.0191836580634,0.018386144191,0.0126491300762,0.0152830537409,0.00876497384161,0.00742048816755,0.00668200431392,0.0118935685605,0.00608611991629,0.00631554797292,0.00339516508393,0.00200490071438,0.00013717028196,0.00262882979587,0.00666583608836],"mean":[0.00521354749799,0.0131675750017,0.00149821210653,0.000561534543522,0.00209041754715,0.00135673442855,0.00183382397518,0.00222425838001,0.00199335766956,0.00125258218031,0.000712147157174,0.000547715637367,0.000452649313956,0.00056619476527,0.000559115433134,0.00023354467703,0.000267063383944,0.000276070524706,0.00021453514637,0.000206856799196,0.000209579360671,0.000220340138185,0.0000822442234494,0.0000806105090305,0.00000648675768389,0.000132042478072,0.000437490176409],"median":[0.00162551831454,0.00903336890042,0.000657454947941,0.00023112053168,0.00100373441819,0.000475834531244,0.000329585920554,0.000303791777696,0.000311856390908,0.000305728259264,0.000217402761336,0.00027668333496,0.000240849112743,0.000260009226622,0.000225145224249,0.0000739844326745,0.0000671300731483,0.0000620049031568,0.0000438401802967,0.0000264452410192,0.0000233751252381,0.0000133036837724,0.00000515702549819,0.00000332291324412,0.00000136151504648,0.00000478806759929,0.000213170249481],"min":[7.29425412912e-26,3.01492501113e-24,2.18812635516e-25,5.08567975974e-25,8.0795228576e-24,1.02017661631e-23,5.24414495509e-24,2.69236885888e-24,1.00168200904e-23,8.24593385442e-24,1.5290904289e-23,2.24667506921e-23,3.57646815233e-23,3.13471140966e-23,3.68318210015e-23,4.7147647774e-23,7.25237947929e-23,7.76023740156e-23,1.1612709052e-22,1.88466607405e-22,2.48899777228e-22,3.29791089063e-22,3.97093748001e-22,5.64782402873e-22,8.17970099816e-22,1.3088457022e-21,1.7399748224e-21],"var":[0.000099416836747,0.000233565602684,0.00000629942087471,0.00000120725962915,0.0000113107207653,0.0000098553200587,0.0000237436561292,0.0000349262809323,0.0000343029205396,0.0000112178549898,0.00000303099386656,8.076859217e-7,4.67615080879e-7,8.13892199858e-7,9.18366140468e-7,2.36714086554e-7,3.09502581786e-7,2.99630727341e-7,2.23602839355e-7,2.48870207997e-7,2.28819672543e-7,2.46487104505e-7,4.23386445902e-8,3.31146736698e-8,1.73383085667e-10,8.5627895885e-8,3.62833276313e-7]},"barkbands_crest":{"dmean":3.15766954422,"dmean2":4.9861125946,"dvar":7.94457626343,"dvar2":18.5100841522,"max":25.2029438019,"mean":11.594370842,"median":11.0377168655,"min":2.03926610947,"var":25.0427112579},"barkbands_flatness_db":{"dmean":0.0373120196164,"dmean2":0.0525046363473,"dvar":0.00112452276517,"dvar2":0.00205407850444,"max":0.463218152523,"mean":0.147237822413,"median":0.141227379441,"min":0.0156791396439,"var":0.00475060427561},"barkbands_kurtosis":{"dmean":7.11999607086,"dmean2":10.8516921997,"dvar":179.685470581,"dvar2":414.289428711,"max":235.993179321,"mean":10.2481479645,"median":3.89018726349,"min":-1.78931355476,"var":333.990722656},"barkbands_skewness":{"dmean":0.859270274639,"dmean2":1.2725353241,"dvar":0.845157563686,"dvar2":1.75225245953,"max":12.1209087372,"mean":2.17029833794,"median":1.74201571941,"min":-2.13562774658,"var":3.27479839325},"barkbands_spread":{"dmean":9.86713790894,"dmean2":14.6539926529,"dvar":128.829406738,"dvar2":263.714385986,"max":122.685958862,"mean":25.4127178192,"median":19.7481632233,"min":0.718057096004,"var":364.798980713},"dissonance":{"dmean":0.0239887405187,"dmean2":0.0399867519736,"dvar":0.000566859554965,"dvar2":0.0014629480429,"max":0.500000059605,"mean":0.461157739162,"median":0.471322506666,"min":0.196201056242,"var":0.00117608159781},"dynamic_complexity":3.99233317375,"erbbands":{"dmean":[0.375120937824,1.03801441193,1.52415299416,1.45031237602,2.9499437809,5.06176042557,7.45784807205,8.74664878845,13.4227724075,31.8553657532,29.5456600189,36.3816452026,31.1569786072,27.0571556091,21.3061408997,13.9676027298,14.2111406326,17.1087303162,24.5732803345,12.4206285477,10.1894741058,12.009604454,12.0867166519,9.54534721375,8.50376701355,7.65736532211,6.11625051498,7.07436037064,7.28870773315,3.93423056602,1.73084914684,1.89579117298,1.43003058434,0.191821649671,0.0392282046378,0.405404299498,0.34812027216,0.135490968823,0.031474430114,0.00401906343177],"dmean2":[0.621277809143,1.7090857029,2.4918153286,2.36425590515,4.87995767593,8.09582138062,11.7287721634,13.7290563583,20.7304115295,49.212978363,45.7733612061,56.4505958557,49.0333709717,42.2378082275,33.8059654236,22.089132309,22.3954868317,26.5080223083,37.9295158386,19.2406425476,16.4588394165,19.4100646973,19.3837509155,15.4248790741,13.689655304,12.11241436,9.61218166351,10.9389104843,11.4755649567,6.1806268692,2.69983577728,3.00900673866,2.31706166267,0.30917802453,0.0634550377727,0.665486395359,0.561816394329,0.212221071124,0.0481550805271,0.00598027184606],"dvar":[0.466814368963,2.42442941666,6.63034248352,8.20644283295,31.6733570099,121.916091919,334.85925293,624.160583496,1389.41271973,7202.64941406,6558.56787109,13184.453125,8873.00683594,5045.22607422,2649.61669922,699.55682373,589.878967285,777.741027832,2196.33520508,637.227661133,571.255371094,844.630004883,744.834533691,576.138061523,457.798583984,398.858093262,204.167480469,205.96484375,199.887756348,60.032283783,12.248878479,13.168223381,8.08860969543,0.1383356601,0.00391110265628,0.661758720875,0.461246609688,0.0667740106583,0.00358284125105,0.0000702907418599],"dvar2":[1.2152248621,6.7483496666,16.7643756866,19.7390995026,79.0921401978,290.36807251,790.952819824,1416.22900391,3211.88720703,16846.96875,14741.8916016,30862.8691406,21077.2617188,11351.7460938,6057.91357422,1745.28930664,1486.93005371,1776.57983398,5094.16796875,1510.35412598,1445.17248535,2168.16040039,1896.5189209,1455.20214844,1159.7097168,961.778137207,488.717590332,471.70892334,465.100494385,135.259765625,26.9807376862,29.8278503418,18.4792499542,0.315509289503,0.00891515612602,1.53988063335,1.05525708199,0.148851439357,0.00814207177609,0.000161020507221],"max":[12.2779989243,21.7453289032,44.3587226868,86.4087677002,174.999969482,272.005828857,378.546600342,636.049133301,652.116271973,2157.25195312,2416.73950195,2785.21777344,2576.71240234,2181.52612305,1801.18005371,765.973388672,792.387145996,805.450317383,894.746765137,659.727050781,456.927276611,421.046051025,363.815795898,432.237579346,378.847686768,795.139465332,259.944213867,275.019470215,273.257629395,137.006607056,66.0454101562,43.0257530212,27.7696743011,3.89235901833,0.759376764297,8.74765300751,6.27843284607,4.05014848709,1.03517508507,0.162781283259],"mean":[0.669754564762,1.85283505917,1.95801341534,1.86824214458,3.93116521835,7.04005289078,10.0445957184,11.7885303497,19.0801410675,46.3632125854,42.3165359497,47.662071228,40.1987915039,34.9419021606,28.959186554,21.6468029022,22.2468528748,28.0353622437,35.2355422974,17.345035553,12.6411581039,14.7858228683,15.7722644806,11.7428436279,10.5607347488,10.1188621521,8.13575553894,9.07896327972,8.20805358887,4.61274337769,2.10453534126,1.8015999794,1.18040215969,0.164331436157,0.0371808223426,0.319855302572,0.308471411467,0.155894935131,0.0463704355061,0.00880264863372],"median":[0.359269708395,1.2260478735,1.02196311951,0.904570519924,1.7331212759,3.07402801514,3.67157411575,4.08537054062,4.00092983246,7.65147352219,6.44735860825,7.7313337326,8.1756105423,10.9408082962,11.8252372742,11.7041120529,12.871380806,15.0408287048,15.037612915,7.18172216415,3.99033164978,4.05268239975,3.87497806549,2.58198142052,1.94797599316,1.26603400707,0.967961728573,0.899083018303,0.519319474697,0.261089235544,0.133877724409,0.0827308446169,0.0476228371263,0.0204063672572,0.0101023130119,0.0108363172039,0.0095157455653,0.0103259962052,0.00991032179445,0.00582056771964],"min":[6.37841752179e-23,4.31048896203e-22,4.9634406191e-22,4.07536095441e-21,1.31265194471e-20,2.50444666269e-20,3.60767327841e-20,8.82487071531e-20,1.12302150014e-19,1.42459888527e-19,1.28376983502e-19,2.53433172887e-19,2.76233010605e-19,5.17359545435e-19,9.11379637298e-19,1.27721566944e-18,1.8163593782e-18,1.6782417226e-18,2.38841598314e-18,2.28631770052e-18,3.01219929372e-18,4.95117599681e-18,4.50989788748e-18,5.41144824096e-18,7.16441229021e-18,8.29401675216e-18,8.38182280136e-18,1.02739761187e-17,1.15481800235e-17,1.05551182653e-17,1.23307598846e-17,9.14301673491e-18,7.81380531935e-18,7.90963419331e-18,6.28685803271e-18,4.38413706946e-18,2.29216441988e-18,9.98638609923e-19,2.48428911127e-19,2.50063161523e-20],"var":[0.815266549587,4.32312297821,7.91849803925,10.4661607742,45.0418052673,172.164627075,475.591217041,823.641052246,2312.98217773,14642.1699219,12500.4902344,20952.6347656,12968.6601562,7208.02978516,3964.63232422,1077.97106934,986.190063477,1558.51098633,3371.93408203,906.428894043,641.616455078,863.933288574,901.51574707,645.91003418,548.34552002,658.811218262,381.27255249,411.411834717,329.607940674,118.04510498,27.2462425232,16.1150970459,7.72442626953,0.134226322174,0.00418080063537,0.601496338844,0.481276422739,0.109979435802,0.00728865992278,0.000107082123577]},"erbbands_crest":{"dmean":3.03460979462,"dmean2":4.88607025146,"dvar":8.52813529968,"dvar2":20.4470062256,"max":31.271900177,"mean":8.98989868164,"median":7.85447597504,"min":2.25715041161,"var":20.3023929596},"erbbands_flatness_db":{"dmean":0.0329155623913,"dmean2":0.0467930324376,"dvar":0.000781922950409,"dvar2":0.00147959706374,"max":0.385130137205,"mean":0.147189497948,"median":0.141201734543,"min":0.0253745485097,"var":0.00285884435289},"erbbands_kurtosis":{"dmean":1.41382610798,"dmean2":2.29100728035,"dvar":3.38597893715,"dvar2":8.3777961731,"max":34.1788597107,"mean":1.08076548576,"median":0.430039167404,"min":-1.77187359333,"var":5.6003446579},"erbbands_skewness":{"dmean":0.504445314407,"dmean2":0.759505093098,"dvar":0.200677350163,"dvar2":0.447792202234,"max":4.93173217773,"mean":0.151941269636,"median":0.0920703262091,"min":-3.51999950409,"var":0.805046498775},"erbbands_spread":{"dmean":9.69881725311,"dmean2":14.9668636322,"dvar":97.907333374,"dvar2":222.22618103,"max":114.025970459,"mean":29.5206832886,"median":27.0057067871,"min":2.01928091049,"var":220.85597229},"gfcc":{"cov":[[26140.0175781,-532.99206543,-1328.10314941,465.379150391,-707.282592773,-118.479812622,7.83899497986,-94.3001022339,118.660980225,53.5382766724,-333.455627441,231.487792969,-345.020751953],[-532.99206543,2210.78369141,-172.233306885,-562.141174316,433.218078613,-160.569137573,39.4038124084,56.3232498169,84.6555709839,-38.0985794067,258.219696045,-247.98765564,222.493667603],[-1328.10314941,-172.233306885,574.654724121,143.360870361,-55.2225875854,309.134643555,-98.826133728,93.7466659546,-31.9989433289,80.8352813721,-9.39842319489,36.370262146,14.4165048599],[465.379150391,-562.141174316,143.360870361,464.295501709,61.8718681335,54.0746688843,78.4272155762,-27.8220462799,-4.50978660583,21.8499183655,-33.6751365662,103.787078857,-46.4900817871],[-707.282592773,433.218078613,-55.2225875854,61.8718681335,425.528839111,30.6293621063,110.624015808,-13.8512821198,10.5035676956,-33.539932251,114.523963928,-26.0628662109,101.014923096],[-118.479812622,-160.569137573,309.134643555,54.0746688843,30.6293621063,455.425720215,-60.5206336975,119.689369202,-43.5583076477,64.20337677,5.21829032898,50.6435813904,44.8929405212],[7.83899497986,39.4038124084,-98.826133728,78.4272155762,110.624015808,-60.5206336975,253.102584839,-17.4945316315,46.6538848877,-18.9186153412,18.9123725891,24.1949691772,14.1529474258],[-94.3001022339,56.3232498169,93.7466659546,-27.8220462799,-13.8512821198,119.689369202,-17.4945316315,215.393310547,56.2311859131,57.1865005493,27.8503952026,-20.1958084106,18.8928260803],[118.660980225,84.6555709839,-31.9989433289,-4.50978660583,10.5035676956,-43.5583076477,46.6538848877,56.2311859131,147.243438721,75.1003189087,26.0782489777,-10.3054981232,-17.4369754791],[53.5382766724,-38.0985794067,80.8352813721,21.8499183655,-33.539932251,64.20337677,-18.9186153412,57.1865005493,75.1003189087,127.269050598,40.2208709717,5.22468566895,-13.017911911],[-333.455627441,258.219696045,-9.39842319489,-33.6751365662,114.523963928,5.21829032898,18.9123725891,27.8503952026,26.0782489777,40.2208709717,121.639602661,6.53590297699,46.9397239685],[231.487792969,-247.98765564,36.370262146,103.787078857,-26.0628662109,50.6435813904,24.1949691772,-20.1958084106,-10.3054981232,5.22468566895,6.53590297699,113.828308105,9.05335330963],[-345.020751953,222.493667603,14.4165048599,-46.4900817871,101.014923096,44.8929405212,14.1529474258,18.8928260803,-17.4369754791,-13.017911911,46.9397239685,9.05335330963,109.616439819]],"icov":[[0.0000829636264825,-0.000229249053518,0.000500518421177,-0.000443302997155,0.000346267217537,-0.000311400712235,0.000109389198769,-0.0000172173840838,0.0000493785264553,-0.00017459456285,0.000308749149553,-0.000249174627243,0.000145377664012],[-0.000229249053518,0.00233675353229,-0.00197394494899,0.00256248773076,-0.00156920123845,0.00118153600488,-0.000455419562059,0.000482590607135,-0.0014749908587,0.00190423417371,-0.00335385091603,0.00328140286729,-0.0020237097051],[0.000500518421177,-0.00197394494899,0.0068135256879,-0.004921939224,0.00372170936316,-0.00427060481161,0.00149299821351,-0.0000956015355769,0.000669379951432,-0.00179623742588,0.00169220333919,-0.000540259527043,-0.0000453684442618],[-0.000443302997155,0.00256248773076,-0.004921939224,0.00906872283667,-0.00659225042909,0.00411333795637,-0.00168402993586,-0.000942950835451,0.00150359142572,-0.00218328018673,0.00171972031239,-0.00339741772041,0.00219139340334],[0.000346267217537,-0.00156920123845,0.00372170936316,-0.00659225042909,0.0105076963082,-0.00513356178999,-0.000539424654562,0.00287196435966,-0.00380716240034,0.00602720165625,-0.00736709777266,0.00615328783169,-0.00425978330895],[-0.000311400712235,0.00118153600488,-0.00427060481161,0.00411333795637,-0.00513356178999,0.00756203522906,-0.000334001088049,-0.0033014412038,0.00425032107159,-0.00472224783152,0.00359437963925,-0.00384334987029,0.0000672579553793],[0.000109389198769,-0.000455419562059,0.00149299821351,-0.00168402993586,-0.000539424654562,-0.000334001088049,0.00594402756542,-0.0000246578674705,-0.00244426424615,0.00132948090322,0.000769209524151,-0.00171028415207,-0.000190268881852],[-0.0000172173840838,0.000482590607135,-0.0000956015355769,-0.000942950835451,0.00287196435966,-0.0033014412038,-0.0000246578674705,0.00842087808996,-0.00546832568944,0.00323482532986,-0.00485105440021,0.00547799374908,-0.0030245995149],[0.0000493785264553,-0.0014749908587,0.000669379951432,0.00150359142572,-0.00380716240034,0.00425032107159,-0.00244426424615,-0.00546832568944,0.0184524636716,-0.0149015989155,0.00819385051727,-0.00661995541304,0.00492831505835],[-0.00017459456285,0.00190423417371,-0.00179623742588,-0.00218328018673,0.00602720165625,-0.00472224783152,0.00132948090322,0.00323482532986,-0.0149015989155,0.0261994134635,-0.0167664550245,0.00943559035659,-0.00231247302145],[0.000308749149553,-0.00335385091603,0.00169220333919,0.00171972031239,-0.00736709777266,0.00359437963925,0.000769209524151,-0.00485105440021,0.00819385051727,-0.0167664550245,0.0280404072255,-0.0146794049069,0.00285703898408],[-0.000249174627243,0.00328140286729,-0.000540259527043,-0.00339741772041,0.00615328783169,-0.00384334987029,-0.00171028415207,0.00547799374908,-0.00661995541304,0.00943559035659,-0.0146794049069,0.0247173365206,-0.00932224281132],[0.000145377664012,-0.0020237097051,-0.0000453684442618,0.00219139340334,-0.00425978330895,0.0000672579553793,-0.000190268881852,-0.0030245995149,0.00492831505835,-0.00231247302145,0.00285703898408,-0.00932224281132,0.0191229674965]],"mean":[-25.9745178223,88.3062667847,-90.2659759521,-4.11230182648,-17.1644268036,-6.31978654861,-0.968767225742,-10.5476808548,-0.163351640105,-0.668262422085,-4.22520971298,0.148454368114,-6.65540981293]},"hfc":{"dmean":21.4311218262,"dmean2":31.7167282104,"dvar":1007.19598389,"dvar2":2253.20239258,"max":617.565063477,"mean":59.7944335938,"median":44.6941642761,"min":1.05016838866e-16,"var":2704.06079102},"melbands":{"dmean":[0.00258311745711,0.000900809827726,0.000268887932179,0.000286147464067,0.000260609231191,0.000196517517907,0.000217351742322,0.000364568724763,0.000244351133006,0.000226213596761,0.000157477858011,0.000114782669698,0.0000782486749813,0.0000440432559117,0.0000320567305607,0.0000324892789649,0.0000337060664606,0.0000418458475906,0.000024524755645,0.0000146059037434,0.0000119717542475,0.0000128324381876,0.0000126636978166,0.0000102700205389,0.00000781548897066,0.00000677975958752,0.00000575928288526,0.00000510822519573,0.00000393944583266,0.00000398429483539,0.00000447677712145,0.00000445913337899,0.00000337226560987,0.00000182798191872,0.00000102335661722,8.97614654605e-7,0.00000132336151637,0.00000124762107134,4.28178509537e-7,6.41414743541e-8],"dmean2":[0.00423523504287,0.00147120386828,0.000436192436609,0.000458486116258,0.000409057101933,0.000307477428578,0.000332634721417,0.000565440219361,0.000377735501388,0.000351430324372,0.000249033677392,0.000180295886821,0.000124498139485,0.0000700671807863,0.0000509811543452,0.0000513170452905,0.0000528619821125,0.0000650179281365,0.0000378482000087,0.0000233754053625,0.0000195837528736,0.0000209541449294,0.0000203604722628,0.0000165771398315,0.0000127437078845,0.0000110150522232,0.00000930859641812,0.00000810403344076,0.00000625703660262,0.00000626585051577,0.00000696572533343,0.00000704016838426,0.00000533217371412,0.00000288911974167,0.00000161199125159,0.00000140697181905,0.00000212250643017,0.00000202985120268,6.92281446391e-7,1.05016333407e-7],"dvar":[0.0000200999402296,0.00000172378099705,2.35107350477e-7,3.06765684854e-7,3.47080884922e-7,2.88166830842e-7,3.60459665671e-7,9.42397889503e-7,4.58326070429e-7,5.10978566126e-7,2.3147136119e-7,9.43450615409e-8,3.68867247857e-8,9.15774567289e-9,3.47320439076e-9,3.32407701364e-9,3.23936921731e-9,6.8938437181e-9,2.49834997135e-9,1.14787035432e-9,8.90883200544e-10,1.05190822719e-9,7.9668299735e-10,6.34760299878e-10,4.08473282976e-10,3.05358793806e-10,2.07679262676e-10,1.82494200307e-10,9.88822496106e-11,8.67807076199e-11,8.86645271092e-11,7.94154186856e-11,4.62914914734e-11,1.59200066324e-11,5.15761391928e-12,3.31820009837e-12,6.74281420629e-12,6.29193138563e-12,7.62201120361e-13,1.48407575427e-14],"dvar2":[0.0000519310378877,0.00000452804624729,5.73252748381e-7,7.37989978461e-7,8.25023903417e-7,6.51558025311e-7,8.05993749964e-7,0.00000224455880016,0.00000104319963157,0.00000119415574318,5.52182996216e-7,2.1098163927e-7,8.33525319877e-8,2.35961028494e-8,8.92725271484e-9,8.38939051562e-9,7.50875894795e-9,1.62993831765e-8,5.56951862407e-9,2.80446998957e-9,2.26792828961e-9,2.71535438578e-9,2.00696148589e-9,1.60078661438e-9,1.03647823657e-9,7.79323494626e-10,5.17755727181e-10,4.41494091286e-10,2.39198549856e-10,2.09666506379e-10,1.99085581354e-10,1.87024187803e-10,1.07447210851e-10,3.70055479315e-11,1.16536719511e-11,7.24834428589e-12,1.56090123465e-11,1.44926735543e-11,1.75957577501e-12,3.49013691754e-14],"max":[0.083082139492,0.0186072066426,0.0125684747472,0.0146001316607,0.0110508091748,0.0126200160012,0.0119327465072,0.023229630664,0.0184605382383,0.0183089915663,0.0134080108255,0.00954992603511,0.00670876447111,0.00382663239725,0.00209675962105,0.00210887403227,0.00176661869045,0.00158707564697,0.000916908960789,0.00161367387045,0.000704636797309,0.000509351550136,0.000569829368033,0.000480310700368,0.000383367791073,0.00032409405685,0.00029103748966,0.000507706776261,0.000183301366633,0.000279153668089,0.000189828846487,0.000205298172659,0.000135962283821,0.000117083574878,0.0000439592913608,0.0000402025434596,0.0000311527910526,0.0000235441893892,0.00000984562302619,0.00000144166904192],"mean":[0.00497542181984,0.0014598025009,0.000371874659322,0.000404342281399,0.000358131306712,0.000264738919213,0.000312857271638,0.000523973081727,0.000340708880685,0.000291043397738,0.000196190478164,0.000143241530168,0.000100173303508,0.0000642716695438,0.000048774847528,0.000048743426305,0.0000516291911481,0.0000585511224926,0.0000332659874402,0.0000182024032256,0.0000139104949994,0.0000149416582644,0.0000159210303536,0.0000128011633933,0.00000905658362171,0.00000794616153144,0.00000707155413693,0.00000658982662571,0.00000497920746056,0.00000501443673784,0.00000539734128324,0.0000049225627663,0.00000362897685591,0.00000211495057556,0.00000121662162655,9.75989109975e-7,0.0000011668918205,0.00000101303464817,3.49500680841e-7,5.74598928438e-8],"median":[0.00321778911166,0.00100983632728,0.000193082029,0.000189772632439,0.000138689661981,0.0000900690065464,0.0000622154620942,0.0000823348309495,0.0000506008473167,0.0000461876770714,0.0000389760207327,0.0000414648202423,0.000035835604649,0.0000307500740746,0.0000277895342151,0.0000258174259216,0.0000255951417785,0.0000235475381487,0.000012923441318,0.00000618646890871,0.00000375126774088,0.00000380067945116,0.000003911535714,0.0000026864515803,0.00000187085447578,0.0000015019068087,0.00000100192085029,7.6173614616e-7,6.11991538335e-7,5.32416038368e-7,4.8867860869e-7,3.08087550138e-7,1.85252659435e-7,1.198297781e-7,7.68545405094e-8,5.85026107558e-8,4.44834213909e-8,3.37990861965e-8,2.12240340858e-8,1.2360669821e-8],"min":[6.68632685416e-25,4.10635578452e-25,8.38546027437e-25,1.45277945648e-24,1.88328234891e-24,2.21600060734e-24,1.60986789233e-24,1.15923543896e-24,9.1327393352e-25,1.38928818373e-24,1.1904949398e-24,1.41400536526e-24,2.45535500826e-24,2.1023555304e-24,2.24863282476e-24,3.66993988656e-24,2.13202103917e-24,3.01848849305e-24,2.95510766084e-24,2.52883680994e-24,2.77904534528e-24,3.99734437793e-24,4.6685060528e-24,3.92875647209e-24,3.33312941219e-24,4.42013122464e-24,4.71901247783e-24,4.33062193874e-24,4.96365757163e-24,5.07427914194e-24,4.64076023704e-24,5.37776418737e-24,5.51185318631e-24,5.27244573449e-24,6.099286348e-24,5.13309385002e-24,5.08685121818e-24,5.40701159986e-24,5.06795839393e-24,6.2234183446e-24],"var":[0.000037767469621,0.00000272440320259,3.17875731071e-7,4.62736664986e-7,5.00908072354e-7,3.91067317196e-7,6.38085225546e-7,0.00000180514712156,8.50392041229e-7,7.94333232079e-7,3.2999238897e-7,1.33528303081e-7,5.39016475898e-8,1.27040955533e-8,5.22061860408e-9,5.2513211557e-9,6.14101436369e-9,1.02532871082e-8,3.77834386001e-9,1.5632279915e-9,9.67545377151e-10,1.03388553274e-9,9.66428825855e-10,7.78794750911e-10,4.36829988848e-10,3.35438954391e-10,2.81744100272e-10,3.02377539674e-10,1.61717139679e-10,1.58284010898e-10,1.62934388204e-10,1.27426597052e-10,7.2296391096e-11,2.96788739418e-11,1.05937706524e-11,6.16143290902e-12,7.03944801755e-12,5.89637106502e-12,7.15386083705e-13,1.41574560641e-14]},"melbands_crest":{"dmean":4.53644514084,"dmean2":7.06049442291,"dvar":17.3086261749,"dvar2":38.7565612793,"max":39.074180603,"mean":18.8266429901,"median":17.6983604431,"min":1.48824644089,"var":75.2139511108},"melbands_flatness_db":{"dmean":0.0483788922429,"dmean2":0.0673345625401,"dvar":0.00186413014308,"dvar2":0.00343612977304,"max":0.597205996513,"mean":0.247731804848,"median":0.247660160065,"min":0.00259888218716,"var":0.00882950890809},"melbands_kurtosis":{"dmean":10.3746271133,"dmean2":16.3574295044,"dvar":391.951965332,"dvar2":969.14831543,"max":421.487976074,"mean":15.5417146683,"median":6.5920124054,"min":-1.74491107464,"var":697.005004883},"melbands_skewness":{"dmean":1.04122185707,"dmean2":1.58056354523,"dvar":1.2511510849,"dvar2":2.80569767952,"max":17.3698158264,"mean":2.78762865067,"median":2.26021051407,"min":-1.44582986832,"var":4.70296573639},"melbands_spread":{"dmean":8.83269882202,"dmean2":13.6273460388,"dvar":148.081298828,"dvar2":334.313293457,"max":196.396514893,"mean":22.2479419708,"median":16.774728775,"min":0.44799387455,"var":489.013641357},"mfcc":{"cov":[[11764.2949219,-329.569335938,-339.648284912,547.291687012,-491.920257568,251.589492798,-379.057617188,228.962463379,-15.5100755692,180.548431396,-77.9348449707,113.590736389,-196.237762451],[-329.569335938,2651.36425781,-393.604370117,-198.321395874,250.272079468,-192.216430664,183.294998169,-122.829536438,73.4377746582,-5.16533327103,201.281723022,-28.3362770081,46.9151611328],[-339.648284912,-393.604370117,681.541748047,-179.321212769,90.9002838135,81.8356552124,-4.74877214432,8.30224895477,32.1650657654,34.2513427734,0.218793541193,49.7001304626,1.12600708008],[547.291687012,-198.321395874,-179.321212769,488.91607666,-68.6935348511,79.180557251,-9.29188346863,47.0222969055,-25.2115936279,3.33794975281,-16.5957679749,-4.73869562149,26.4835510254],[-491.920257568,250.272079468,90.9002838135,-68.6935348511,346.065612793,65.1167221069,125.960281372,8.42893123627,27.5469989777,2.11355352402,22.4248371124,22.9255332947,36.5934562683],[251.589492798,-192.216430664,81.8356552124,79.180557251,65.1167221069,265.833282471,78.6650848389,59.1776351929,4.09561777115,-1.08251261711,-49.7473182678,10.7498292923,31.7311878204],[-379.057617188,183.294998169,-4.74877214432,-9.29188346863,125.960281372,78.6650848389,213.926864624,60.7206001282,38.9996795654,-17.7460746765,-0.846638321877,-14.2719907761,41.5938186646],[228.962463379,-122.829536438,8.30224895477,47.0222969055,8.42893123627,59.1776351929,60.7206001282,133.117095947,38.4536476135,11.8325014114,-24.2621250153,7.58782720566,4.75188827515],[-15.5100755692,73.4377746582,32.1650657654,-25.2115936279,27.5469989777,4.09561777115,38.9996795654,38.4536476135,101.918678284,51.8829994202,31.6130619049,6.79490184784,7.11677598953],[180.548431396,-5.16533327103,34.2513427734,3.33794975281,2.11355352402,-1.08251261711,-17.7460746765,11.8325014114,51.8829994202,118.971931458,61.4959068298,35.9179420471,3.85212016106],[-77.9348449707,201.281723022,0.218793541193,-16.5957679749,22.4248371124,-49.7473182678,-0.846638321877,-24.2621250153,31.6130619049,61.4959068298,132.792648315,54.0812301636,10.0464735031],[113.590736389,-28.3362770081,49.7001304626,-4.73869562149,22.9255332947,10.7498292923,-14.2719907761,7.58782720566,6.79490184784,35.9179420471,54.0812301636,98.1274261475,33.3177871704],[-196.237762451,46.9151611328,1.12600708008,26.4835510254,36.5934562683,31.7311878204,41.5938186646,4.75188827515,7.11677598953,3.85212016106,10.0464735031,33.3177871704,88.4432907104]],"icov":[[0.000121548560855,-0.000059999529185,0.0000435765869042,-0.0000869010618771,0.000119390664622,-0.000184127304237,0.000210918515222,-0.000206276468816,0.0000237104432017,-0.000182214367669,0.000205877455301,-0.000314958655508,0.000356829725206],[-0.000059999529185,0.000677231175359,0.000401259429054,0.000293513294309,-0.000424570025643,0.000275007740129,-0.000442325312179,0.000555235717911,-0.000381256162655,0.00043440432637,-0.00109840312507,0.000660788675305,-0.000442576681962],[0.0000435765869042,0.000401259429054,0.00220324308611,0.000889932212885,-0.00054631754756,-0.000742727832403,0.000372715614503,0.00025205759448,-0.00069235538831,-0.000102294565295,-0.000141957207234,-0.000676228431985,0.000224026589422],[-0.0000869010618771,0.000293513294309,0.000889932212885,0.00296367472038,0.000122350946185,-0.000935808522627,0.000516085652635,-0.000998314935714,0.000876144738868,-0.000108947991976,-0.00124733964913,0.00130225718021,-0.00156588270329],[0.000119390664622,-0.000424570025643,-0.00054631754756,0.000122350946185,0.00449379812926,-0.000756237190217,-0.002223740099,0.000680203665979,0.00000959607223194,-0.000359129684512,0.000613126554526,-0.00168516952544,0.00046174635645],[-0.000184127304237,0.000275007740129,-0.000742727832403,-0.000935808522627,-0.000756237190217,0.00621805107221,-0.00248515815474,-0.000153213710291,0.000583893968724,-0.00100796716288,0.00258256494999,-0.00101277884096,-0.000920671445783],[0.000210918515222,-0.000442325312179,0.000372715614503,0.000516085652635,-0.002223740099,-0.00248515815474,0.0105284955353,-0.00489250803366,-0.00164242775645,0.00263999169692,-0.00272154156119,0.00400705263019,-0.00351672619581],[-0.000206276468816,0.000555235717911,0.00025205759448,-0.000998314935714,0.000680203665979,-0.000153213710291,-0.00489250803366,0.0133728384972,-0.00500713707879,-0.000533327169251,0.00412822794169,-0.00422967458144,0.002450019354],[0.0000237104432017,-0.000381256162655,-0.00069235538831,0.000876144738868,0.00000959607223194,0.000583893968724,-0.00164242775645,-0.00500713707879,0.0170589573681,-0.00691990973428,-0.00209845788777,0.00326451007277,-0.00123341695871],[-0.000182214367669,0.00043440432637,-0.000102294565295,-0.000108947991976,-0.000359129684512,-0.00100796716288,0.00263999169692,-0.000533327169251,-0.00691990973428,0.015766505152,-0.00659531308338,-0.00048417277867,-0.000501790782437],[0.000205877455301,-0.00109840312507,-0.000141957207234,-0.00124733964913,0.000613126554526,0.00258256494999,-0.00272154156119,0.00412822794169,-0.00209845788777,-0.00659531308338,0.0182898994535,-0.0104279657826,0.00359951145947],[-0.000314958655508,0.000660788675305,-0.000676228431985,0.00130225718021,-0.00168516952544,-0.00101277884096,0.00400705263019,-0.00422967458144,0.00326451007277,-0.00048417277867,-0.0104279657826,0.0213655047119,-0.00913304276764],[0.000356829725206,-0.000442576681962,0.000224026589422,-0.00156588270329,0.00046174635645,-0.000920671445783,-0.00351672619581,0.002450019354,-0.00123341695871,-0.000501790782437,0.00359951145947,-0.00913304276764,0.0176134910434]],"mean":[-681.432495117,150.0859375,-12.5446233749,20.7081699371,-0.572629570961,17.3980064392,2.42997741699,6.88136911392,2.83427166939,6.67920351028,6.05503940582,4.43254375458,-2.49399185181]},"pitch_salience":{"dmean":0.0901613458991,"dmean2":0.139185339212,"dvar":0.00650480482727,"dvar2":0.0142698353156,"max":0.95107036829,"mean":0.488967180252,"median":0.504845321178,"min":0.0395167097449,"var":0.0269214436412},"silence_rate_20dB":{"dmean":0,"dmean2":0,"dvar":0,"dvar2":0,"max":1,"mean":1,"median":1,"min":1,"var":0},"silence_rate_30dB":{"dmean":0.0162297133356,"dmean2":0.0324619598687,"dvar":0.015964826569,"dvar2":0.0406219437718,"max":1,"mean":0.986658334732,"median":1,"min":0,"var":0.0131645463407},"silence_rate_60dB":{"dmean":0.0101435706019,"dmean2":0.0202887244523,"dvar":0.0100393770263,"dvar2":0.0240902695805,"max":1,"mean":0.0763049051166,"median":0,"min":0,"var":0.0704838559031},"spectral_centroid":{"dmean":335.08795166,"dmean2":494.600189209,"dvar":170418.09375,"dvar2":319015.4375,"max":11964.8330078,"mean":1378.81994629,"median":1008.75079346,"min":177.110610962,"var":1564124.875},"spectral_complexity":{"dmean":4.96395111084,"dmean2":7.25743246078,"dvar":40.4754371643,"dvar2":77.9247589111,"max":61,"mean":18.1487865448,"median":17,"min":0,"var":116.723503113},"spectral_contrast_coeffs":{"dmean":[0.05336670205,0.0502021983266,0.0420218370855,0.031405813992,0.0275136437267,0.043595328927],"dmean2":[0.0873701944947,0.0821371898055,0.0676987394691,0.0509159751236,0.0434934347868,0.0647647231817],"dvar":[0.00182447140105,0.00170532078482,0.0011970725609,0.000623659987468,0.000593571574427,0.00164880917873],"dvar2":[0.00466880109161,0.00430714990944,0.00296840537339,0.00157732132357,0.00144777039532,0.00326583231799],"max":[-0.341619461775,-0.441038370132,-0.483882814646,-0.591274678707,-0.577619016171,-0.382616013288],"mean":[-0.722461521626,-0.768161892891,-0.789341032505,-0.797694504261,-0.815349757671,-0.748882770538],"median":[-0.731591165066,-0.779123306274,-0.796544075012,-0.799791991711,-0.820065140724,-0.750887751579],"min":[-0.987921416759,-0.978728652,-0.979196369648,-0.972681879997,-0.972041845322,-0.965546548367],"var":[0.00778159918264,0.0061010136269,0.0042315851897,0.00234562321566,0.00270958780311,0.00758818443865]},"spectral_contrast_valleys":{"dmean":[0.412750542164,0.402987480164,0.373640120029,0.347207903862,0.466695606709,0.818067252636],"dmean2":[0.662991046906,0.634723246098,0.561716794968,0.506297051907,0.64962875843,1.19416749477],"dvar":[0.123472854495,0.123661130667,0.116114035249,0.121453553438,0.233714774251,0.452668994665],"dvar2":[0.288978785276,0.272224634886,0.231358036399,0.224942773581,0.437716305256,0.933660507202],"max":[-5.21684074402,-4.14939689636,-5.02934646606,-5.18741178513,-5.31764698029,-8.47681236267],"mean":[-7.24612379074,-6.90284824371,-7.29931545258,-7.73225784302,-8.10755252838,-11.1243429184],"median":[-6.7722902298,-6.57923603058,-6.99085187912,-7.37212705612,-7.81252336502,-10.8606557846],"min":[-28.1267910004,-28.2326889038,-27.8501224518,-27.6212825775,-27.5307826996,-27.4124603271],"var":[5.60183191299,5.60587787628,5.32351207733,5.15726804733,5.36473083496,4.48085069656]},"spectral_decrease":{"dmean":3.37833561126e-9,"dmean2":5.22726262275e-9,"dvar":1.95812130206e-17,"dvar2":4.76118146094e-17,"max":8.65152671725e-11,"mean":-8.6044238401e-9,"median":-7.56620455178e-9,"min":-7.77639854732e-8,"var":4.93777492642e-17},"spectral_energy":{"dmean":0.0137051846832,"dmean2":0.0209693405777,"dvar":0.000294925936032,"dvar2":0.000711765605956,"max":0.300030738115,"mean":0.037898644805,"median":0.034697201103,"min":1.01228780089e-20,"var":0.000776730768848},"spectral_energyband_high":{"dmean":0.000869658135343,"dmean2":0.00132774072699,"dvar":0.00000229312422562,"dvar2":0.00000504080981045,"max":0.0198353715241,"mean":0.00116755790077,"median":0.000206877390156,"min":7.19411095641e-21,"var":0.00000444297620561},"spectral_energyband_low":{"dmean":0.00924636982381,"dmean2":0.0150352595374,"dvar":0.000221097900067,"dvar2":0.000563017267268,"max":0.287318885326,"mean":0.0189186893404,"median":0.013670313172,"min":7.80041282528e-24,"var":0.000449720275356},"spectral_energyband_middle_high":{"dmean":0.00261107226834,"dmean2":0.00389037956484,"dvar":0.0000180719744094,"dvar2":0.0000406148319598,"max":0.0838003009558,"mean":0.00498787872493,"median":0.00302758067846,"min":1.16227640624e-21,"var":0.0000355511401722},"spectral_energyband_middle_low":{"dmean":0.0050698951818,"dmean2":0.00751470215619,"dvar":0.0000759941613069,"dvar2":0.000164967044839,"max":0.153977245092,"mean":0.0104844579473,"median":0.00449818465859,"min":1.34690312906e-22,"var":0.000210018813959},"spectral_entropy":{"dmean":0.278905451298,"dmean2":0.393043100834,"dvar":0.0648571625352,"dvar2":0.118059463799,"max":9.82220745087,"mean":7.55717420578,"median":7.55237722397,"min":5.16490983963,"var":0.267016559839},"spectral_flux":{"dmean":0.0290825907141,"dmean2":0.0450313277543,"dvar":0.0008906898438,"dvar2":0.00206703110598,"max":0.3388671875,"mean":0.10097296536,"median":0.096053801477,"min":6.30903940202e-11,"var":0.00276266178116},"spectral_kurtosis":{"dmean":6.92801046371,"dmean2":10.2473392487,"dvar":58.2396888733,"dvar2":134.153045654,"max":103.994415283,"mean":15.9962892532,"median":13.4458141327,"min":-1.28642189503,"var":121.685005188},"spectral_rms":{"dmean":0.001034503337,"dmean2":0.00153583718929,"dvar":0.00000117133117783,"dvar2":0.00000263418019131,"max":0.0171088539064,"mean":0.00556529220194,"median":0.00581815512851,"min":3.14260705132e-12,"var":0.00000600181965638},"spectral_rolloff":{"dmean":2336.91259766,"dmean2":4148.06835938,"dvar":23861228,"dvar2":55707988,"max":22050,"mean":4409.27929688,"median":1119.7265625,"min":43.06640625,"var":48547140},"spectral_skewness":{"dmean":0.570108294487,"dmean2":0.813269138336,"dvar":0.32452955842,"dvar2":0.679897844791,"max":8.35750961304,"mean":2.6273162365,"median":2.57580184937,"min":-0.105431050062,"var":0.978988647461},"spectral_spread":{"dmean":1059107.75,"dmean2":1531977.625,"dvar":1209143525380,"dvar2":2201739591680,"max":43348572,"mean":4592325.5,"median":3937186.75,"min":1264934.375,"var":16158848712700},"spectral_strongpeak":{"dmean":0.6178150177,"dmean2":1.07955801487,"dvar":5.10077905655,"dvar2":14.545753479,"max":72.1360549927,"mean":0.766233563423,"median":0.277832239866,"min":0,"var":4.04359102249},"zerocrossingrate":{"dmean":0.0291237141937,"dmean2":0.0343750752509,"dvar":0.000693882582709,"dvar2":0.000923513260204,"max":0.53125,"mean":0.15433755517,"median":0.1337890625,"min":0.0078125,"var":0.00800091773272}},"metadata":{"audio_properties":{"analysis_sample_rate":44100,"bit_rate":160000,"codec":"mp3","downmix":"mix","equal_loudness":0,"length":297.58694458,"lossless":false,"md5_encoded":"567ae108aa3f9e43326153e7b9be9374","replay_gain":-2.37651634216,"sample_rate":44100},"tags":{"album":["No Nuclear War"],"album artist credit":["Peter Tosh"],"albumartist":["Peter Tosh"],"albumartistsort":["Tosh, Peter"],"artist":["Peter Tosh"],"artist credit":["Peter Tosh"],"artistsort":["Tosh, Peter"],"asin":["B00000DQU7"],"bpm":["0"],"catalognumber":["0777 7 46700 2 9"],"composer":["Peter Tosh World Sound And Power"],"date":["1999-01-12"],"discnumber":["1/1"],"encodedby":["iTunes v4.9.0.17"],"file_name":"03 - Peter Tosh - Fight Apartheid.mp3","genre":["Reggae"],"label":["EMI"],"language":["eng"],"media":["CD"],"musicbrainz album release country":["US"],"musicbrainz album status":["Official"],"musicbrainz album type":["album"],"musicbrainz_albumartistid":["7db6aae5-6644-4513-9bfc-ca2e79d4469c"],"musicbrainz_albumid":["23a16b9c-bd35-4d5f-99dc-56e4602255e4"],"musicbrainz_artistid":["7db6aae5-6644-4513-9bfc-ca2e79d4469c"],"musicbrainz_recordingid":["1682a966-709d-4390-bc3e-123c9268a7a5"],"musicbrainz_releasegroupid":["90d25328-68fe-383d-af99-3cb64721caf0"],"originaldate":["1999-01-12"],"replaygain_album_gain":["0.00 dB"],"replaygain_album_peak":["0.000000"],"replaygain_track_gain":["-1.60 dB"],"replaygain_track_peak":["0.760193"],"script":["Latn"],"title":["Fight Apartheid"],"tracknumber":["3/8"]},"version":{"essentia":"2.1-beta1","essentia_build_sha":"5a811adb4c06fd6d02ca903f7349a26d851abfa8","essentia_git_sha":"v2.1_beta1-34-gf95df8b","extractor":"music 1.0"}},"rhythm":{"beats_count":745,"beats_loudness":{"dmean":0.0219687800854,"dmean2":0.0389513745904,"dvar":0.000375157484086,"dvar2":0.00119505927432,"max":0.146540954709,"mean":0.0467157289386,"median":0.0458665713668,"min":0,"var":0.000580581603572},"beats_loudness_band_ratio":{"dmean":[0.254894793034,0.0901547372341,0.173925876617,0.0867413878441,0.0