{"lowlevel":{"average_loudness":0.93012624979,"barkbands":{"dmean":[0.000131395325297,0.00531884189695,0.00176535139326,0.00165891787037,0.00306872092187,0.00125962833408,0.0010471092537,0.000972223409917,0.00109832477756,0.000488660181873,0.000319932965795,0.0002519278205,0.000297698192298,0.000315368641168,0.000221059279284,0.00017446889251,0.000134937392431,0.000130815460579,0.000100003075204,0.000139369571116,0.000083119761257,0.0000738820090191,0.0000546004848729,0.000037953905121,0.0000255532722804,0.0000112745956358,8.30906628835e-7],"dmean2":[0.000179187700269,0.0085598398,0.00285665970296,0.0026900456287,0.0050392257981,0.0020192079246,0.00164604419842,0.00152971362695,0.00168306694832,0.000769031932577,0.000505056174006,0.000390263128793,0.000473532854812,0.000486094068037,0.000354719464667,0.000280912674498,0.000215815802221,0.000202435490792,0.000147115890286,0.000204238574952,0.000110214670713,0.0000950768298935,0.0000740161704016,0.0000514396779181,0.00003546705193,0.0000158413458848,0.00000113210637664],"dvar":[7.67505170529e-8,0.000119277858175,0.00000947060652834,0.00000696098140907,0.000030060267818,0.00000459277043774,0.00000449736126029,0.00000528471537109,0.0000116759547382,0.00000355148495146,0.00000168747851603,5.94836990331e-7,6.09150220043e-7,8.85736710643e-7,3.33539901476e-7,2.46835696771e-7,7.28207680822e-8,8.39403924147e-8,3.0378391358e-8,6.60121841634e-8,2.77904064205e-8,2.13104502933e-8,1.60148552197e-8,9.22200893427e-9,3.64339514114e-9,9.45352685022e-10,4.880573376e-12],"dvar2":[1.40787918212e-7,0.000289009534754,0.0000243099621002,0.0000174937576958,0.0000764969154261,0.0000118947009469,0.0000113216210593,0.0000134499450724,0.0000285293226625,0.00000897880545381,0.00000432623301094,0.00000129186321374,0.00000144741170516,0.00000185955252618,8.35316768644e-7,6.52625828934e-7,1.97788196488e-7,2.06929655633e-7,6.50046061423e-8,1.38206530664e-7,4.87852673814e-8,3.55736098356e-8,3.08416936434e-8,1.71413887529e-8,7.3434667236e-9,1.92834725965e-9,9.56146967157e-12],"max":[0.00427267095074,0.118951238692,0.0516098104417,0.0323168896139,0.0666459873319,0.0625962242484,0.0341862663627,0.0443403869867,0.0890986993909,0.0812320560217,0.0548459812999,0.0294699091464,0.018884703517,0.0506462901831,0.031880505383,0.0233073756099,0.00845462549478,0.0118355192244,0.0038239012938,0.00852222647518,0.00344910123385,0.00300849485211,0.00576293934137,0.00421766052023,0.000947104475927,0.000558881438337,0.0000417247283622],"mean":[0.000191841667402,0.00740881636739,0.00301912636496,0.00245593395084,0.00481895590201,0.00231824745424,0.00156326335855,0.00142606487498,0.00190310308244,0.000730344676413,0.000489428639412,0.000373943999875,0.000476472312585,0.000475574634038,0.000378677621484,0.000303341512335,0.000249243079452,0.000253017380601,0.000207417091588,0.000313423079206,0.000150756488438,0.000131611523102,0.0000954641582211,0.0000621452636551,0.0000338104582625,0.0000129224581542,0.0000013208149312],"median":[0.000031145165849,0.00251294020563,0.00154399510939,0.00127888063435,0.00273922900669,0.00126268423628,0.000562101893593,0.000332251773216,0.000351992319338,0.000168453698279,0.0000757936650189,0.0000959040189628,0.000132641958771,0.000118437455967,0.000152156775584,0.0000990216285572,0.000116797717055,0.00011202643509,0.000102492012957,0.000143184020999,0.0000503417286382,0.0000422444791184,0.0000306392139464,0.0000138289333336,0.0000048282258831,0.00000118403806937,4.94050084399e-7],"min":[2.7363243463e-23,4.96033339066e-23,1.80940363187e-23,3.33336488717e-23,7.79872119196e-23,8.17548494683e-23,3.94110585291e-23,3.30981297153e-23,1.61674922067e-22,6.48755421921e-23,1.41045906473e-22,7.46782938319e-23,1.58977472155e-22,6.80197902991e-23,1.46753649599e-22,1.46756969126e-22,2.92498163085e-22,2.66267944763e-22,3.34967051586e-22,2.4598818629e-22,4.79761069723e-22,3.87544062939e-22,6.92870745174e-22,7.71854225308e-22,1.16488648823e-21,1.71390671815e-21,2.61645305686e-21],"var":[1.69157232222e-7,0.000163107601111,0.0000154258013936,0.0000107384948933,0.0000407984007325,0.00000980561162578,0.00000775959506427,0.00000942657061387,0.0000346898486896,0.00000707695608071,0.00000385538942282,0.00000140863369325,0.00000148419553625,0.00000187868602097,7.75854175572e-7,4.5238013513e-7,1.60346786515e-7,1.89262507888e-7,8.49766692568e-8,2.28290318205e-7,6.40649631123e-8,5.13072997421e-8,4.31268034617e-8,2.88846724317e-8,6.14403639076e-9,1.3114442865e-9,7.46108296673e-12]},"barkbands_crest":{"dmean":2.80826449394,"dmean2":4.68997764587,"dvar":6.83955907822,"dvar2":17.675617218,"max":25.698348999,"mean":10.6636018753,"median":9.74625110626,"min":2.9306075573,"var":19.1659660339},"barkbands_flatness_db":{"dmean":0.0229663252831,"dmean2":0.0338889174163,"dvar":0.000492075399961,"dvar2":0.00097125407774,"max":0.365981608629,"mean":0.146745800972,"median":0.141086474061,"min":0.0314685963094,"var":0.00235159927979},"barkbands_kurtosis":{"dmean":3.97978997231,"dmean2":6.13585615158,"dvar":45.1035499573,"dvar2":102.471664429,"max":178.565505981,"mean":7.87662410736,"median":3.44501256943,"min":-1.87281668186,"var":183.531997681},"barkbands_skewness":{"dmean":0.564712941647,"dmean2":0.859436929226,"dvar":0.332608819008,"dvar2":0.736030757427,"max":9.99957752228,"mean":1.83592200279,"median":1.82003629208,"min":-9.18045520782,"var":3.17089152336},"barkbands_spread":{"dmean":4.69440412521,"dmean2":7.00626277924,"dvar":27.3978500366,"dvar2":56.9136047363,"max":129.641296387,"mean":18.1357364655,"median":16.5437717438,"min":0.656264603138,"var":140.391357422},"dissonance":{"dmean":0.0177174210548,"dmean2":0.0297030042857,"dvar":0.000289159565,"dvar2":0.000766102573834,"max":0.500000119209,"mean":0.46519190073,"median":0.470978558064,"min":0.277114570141,"var":0.000626982015092},"dynamic_complexity":3.34231042862,"erbbands":{"dmean":[0.139766290784,1.26000380516,2.06196522713,3.92458748817,6.85963630676,13.5102128983,8.94528102875,10.8878898621,12.0685462952,20.1264591217,19.4706707001,25.5854263306,20.2975234985,13.7413730621,9.90525054932,9.91218566895,12.7944412231,15.795832634,12.0521297455,10.7031526566,8.15277862549,6.77576112747,7.30267715454,4.66986131668,6.02421236038,6.30290126801,3.30540800095,3.46099686623,2.43790841103,2.35711455345,1.48312366009,0.93193000555,0.5681219697,0.310677021742,0.169805973768,0.065578840673,0.0174359213561,0.00229955534451,0.000142375341966,0.0000174727465492],"dmean2":[0.235912308097,1.99733889103,3.23952150345,6.24983739853,11.4337730408,22.3806400299,14.2939367294,17.3670101166,19.121553421,32.0109672546,29.9418792725,38.5837593079,31.1429843903,21.6078357697,15.6236009598,15.3143024445,20.0893516541,24.8612346649,18.7884311676,16.901927948,13.0595159531,10.7259340286,11.3394289017,6.89806890488,8.7634305954,9.19431400299,4.48488664627,4.51666927338,3.12805938721,3.13054490089,2.02333950996,1.29522740841,0.765532553196,0.433983951807,0.238627329469,0.0926897525787,0.0246997773647,0.00318920100108,0.00019109006098,0.0000246577037615],"dvar":[0.0867255032063,6.60355710983,12.4600343704,44.1743392944,140.917434692,618.595336914,227.571502686,430.917388916,583.486450195,1944.64440918,2336.17138672,5472.87890625,6961.42919922,2058.67333984,1330.66809082,737.33605957,1247.02453613,1790.35375977,1068.13269043,835.699768066,615.401184082,167.947784424,280.128448486,103.068069458,103.968826294,141.80456543,38.5738945007,50.0625534058,22.8654499054,24.3462619781,14.2129220963,7.16971302032,2.08873701096,0.530306279659,0.174531266093,0.0300469174981,0.00245587527752,0.0000418702657043,1.32265654429e-7,6.87868206839e-10],"dvar2":[0.233794078231,15.4382333755,29.9383182526,105.43208313,374.54473877,1549.17919922,570.39855957,1100.62011719,1459.96728516,4858.46875,5752.07324219,12238.2929688,17776.5058594,5417.94824219,3428.95678711,1639.91247559,3009.66650391,4399.45361328,2318.16381836,1955.56054688,1660.91137695,454.63180542,718.31829834,248.241775513,209.819793701,294.766296387,71.5578155518,87.0856781006,37.6913528442,41.5399360657,29.4631881714,16.6352863312,3.75973415375,1.08635091782,0.355258405209,0.0616222582757,0.00506151234731,0.0000834548554849,2.50664669466e-7,1.3342018601e-9],"max":[3.57040190697,28.6385383606,55.5483283997,78.783493042,169.808761597,301.713989258,323.315612793,580.724060059,398.019439697,913.194030762,1219.67382812,2282.14916992,3196.82543945,1431.12316895,1481.29406738,954.238830566,892.938354492,945.354736328,1847.95324707,1760.31091309,1522.64538574,397.299377441,717.831298828,496.532714844,205.25994873,349.005126953,104.678283691,148.417297363,73.1224746704,140.056610107,201.753479004,143.799667358,76.9027175903,15.7568616867,7.21395397186,2.62443947792,1.01691567898,0.123430036008,0.00764039857313,0.000374626397388],"mean":[0.173391088843,1.77991533279,3.75708270073,6.42044115067,11.0598497391,18.7652320862,16.5028514862,19.7475547791,19.2900810242,30.1128940582,31.2544593811,44.2515068054,32.85364151,21.766336441,16.2716350555,15.6320457458,21.8597564697,25.4043197632,20.3384685516,20.062374115,15.557226181,13.6265945435,14.7296333313,9.93671035767,13.6329469681,14.4618883133,6.71587705612,6.08658504486,4.38536930084,4.15034484863,2.55558180809,1.52779638767,0.881089627743,0.435083299875,0.212783455849,0.0764312520623,0.0196161344647,0.00285464362241,0.000230379286222,0.0000460720075353],"median":[0.0539682582021,0.629137992859,2.04891586304,3.79565191269,6.12415552139,9.777135849,9.71410083771,9.06313800812,8.48089408875,9.1890668869,8.81184101105,8.98926734924,7.13589000702,5.07442474365,4.15530538559,4.48773622513,6.53860855103,7.82292413712,8.32184886932,9.30993080139,6.49196720123,7.23601102829,7.30650186539,4.77895641327,7.20354604721,6.61014461517,2.78306269646,1.84296166897,1.40880179405,1.34219682217,0.805796861649,0.350371539593,0.183587491512,0.0744775235653,0.0254824087024,0.00722804898396,0.00176550610922,0.000423326768214,0.0000872669188539,0.0000362298815162],"min":[2.2976532867e-21,8.23733676624e-21,1.86107075213e-20,7.08691319578e-20,2.80175405103e-19,1.73827533783e-19,2.04801712485e-19,8.96510962389e-19,7.64012654883e-19,3.61719722918e-19,1.040951173e-18,3.42821799548e-18,3.94046220431e-18,3.16718667753e-18,4.588662439e-18,3.63748910698e-18,7.31721901913e-18,4.47130536241e-18,6.8228135806e-18,9.03597873646e-18,6.08365946088e-18,1.48598546813e-17,1.91453119989e-17,1.47030791398e-17,1.55278642373e-17,1.32561566144e-17,1.6621881735e-17,1.62679923622e-17,1.63216069008e-17,1.64998527423e-17,1.92728086554e-17,1.50818021289e-17,1.45226445785e-17,1.09689558986e-17,9.52646127094e-18,5.29264566625e-18,3.45111642278e-18,1.54509376812e-18,4.00634228041e-19,3.44988954591e-20],"var":[0.0995724573731,9.38259887695,22.0973262787,66.2834243774,212.436248779,773.035888672,551.013671875,902.676513672,1014.12469482,3705.28710938,4516.45214844,18185.3476562,13588.7773438,4231.25048828,2938.22167969,1728.4074707,2987.60644531,3525.77075195,2096.10229492,2437.24072266,1115.10253906,395.04598999,598.452026367,264.547607422,337.453430176,501.987670898,99.3809356689,114.66217041,55.1405601501,57.2738342285,37.4118652344,20.9961795807,5.50330638885,0.972429275513,0.270201355219,0.042793083936,0.00327240047045,0.0000599095474172,2.12813176859e-7,1.41711875568e-9]},"erbbands_crest":{"dmean":2.55620145798,"dmean2":4.1171169281,"dvar":5.74936723709,"dvar2":14.4753046036,"max":30.676410675,"mean":8.65109443665,"median":7.59673595428,"min":2.22368311882,"var":18.1047954559},"erbbands_flatness_db":{"dmean":0.0170185063034,"dmean2":0.0237019602209,"dvar":0.000282266875729,"dvar2":0.000528986449353,"max":0.34914457798,"mean":0.151751980186,"median":0.150128141046,"min":0.0415867716074,"var":0.0016939456109},"erbbands_kurtosis":{"dmean":0.752397716045,"dmean2":1.17482697964,"dvar":1.13788974285,"dvar2":2.41376399994,"max":24.4102153778,"mean":0.00784342177212,"median":-0.467253923416,"min":-1.85604274273,"var":3.14901900291},"erbbands_skewness":{"dmean":0.350810885429,"dmean2":0.531525313854,"dvar":0.0959506109357,"dvar2":0.213489487767,"max":4.2721118927,"mean":0.411634594202,"median":0.378555208445,"min":-2.77538084984,"var":0.517732679844},"erbbands_spread":{"dmean":8.04187870026,"dmean2":11.7466144562,"dvar":61.7099342346,"dvar2":121.925163269,"max":154.884124756,"mean":44.0701293945,"median":41.9241828918,"min":6.2887468338,"var":348.588409424},"gfcc":{"cov":[[26429.2988281,3483.65307617,-1636.53601074,1136.47998047,-1801.18920898,304.456054688,-782.65802002,-30.3963546753,-610.591125488,-7.29241895676,-316.348693848,-111.435119629,-288.684295654],[3483.65307617,1481.02832031,-234.469940186,217.204376221,17.1252365112,-119.283203125,33.1529388428,-110.335609436,-18.0829372406,-95.962272644,35.264591217,-89.392906189,-25.7528762817],[-1636.53601074,-234.469940186,924.282287598,183.150985718,71.175567627,161.327026367,-37.1890411377,-42.0375289917,-15.7409534454,13.1557998657,0.04202433303,48.1629867554,-21.9320545197],[1136.47998047,217.204376221,183.150985718,418.749725342,-14.1665239334,43.5568771362,-30.9280452728,-27.6797847748,16.7012214661,-35.778629303,-10.2407875061,-18.1867027283,12.3939666748],[-1801.18920898,17.1252365112,71.175567627,-14.1665239334,375.455383301,-43.7174415588,104.044464111,28.7821063995,92.2445297241,1.32627916336,23.6104030609,-16.922492981,34.5351295471],[304.456054688,-119.283203125,161.327026367,43.5568771362,-43.7174415588,242.953201294,33.2907142639,32.3999710083,-15.2672290802,23.7715606689,-4.89186048508,0.100436843932,-27.3690853119],[-782.65802002,33.1529388428,-37.1890411377,-30.9280452728,104.044464111,33.2907142639,236.793991089,53.0485267639,55.0454483032,-7.24737358093,15.1424036026,-14.0686540604,8.80585765839],[-30.3963546753,-110.335609436,-42.0375289917,-27.6797847748,28.7821063995,32.3999710083,53.0485267639,139.269989014,59.7748451233,27.2495231628,-21.2556114197,-7.19603824615,4.00178670883],[-610.591125488,-18.0829372406,-15.7409534454,16.7012214661,92.2445297241,-15.2672290802,55.0454483032,59.7748451233,130.18838501,24.9393558502,5.98557043076,-23.2442169189,17.5070667267],[-7.29241895676,-95.962272644,13.1557998657,-35.778629303,1.32627916336,23.7715606689,-7.24737358093,27.2495231628,24.9393558502,97.2587661743,25.8685112,8.47627639771,-13.3467798233],[-316.348693848,35.264591217,0.04202433303,-10.2407875061,23.6104030609,-4.89186048508,15.1424036026,-21.2556114197,5.98557043076,25.8685112,106.211166382,30.0154476166,-6.24688959122],[-111.435119629,-89.392906189,48.1629867554,-18.1867027283,-16.922492981,0.100436843932,-14.0686540604,-7.19603824615,-23.2442169189,8.47627639771,30.0154476166,91.1554870605,27.0968589783],[-288.684295654,-25.7528762817,-21.9320545197,12.3939666748,34.5351295471,-27.3690853119,8.80585765839,4.00178670883,17.5070667267,-13.3467798233,-6.24688959122,27.0968589783,78.7088775635]],"icov":[[0.000710710475687,-0.00179459236097,0.00146253290586,-0.00179892894812,0.00181036186405,-0.00146614771802,0.0015476149274,-0.00196772883646,0.00206117145717,-0.00242181029171,0.00261192093603,-0.00212808488868,0.00140387937427],[-0.00179459236097,0.00552305858582,-0.00339105934836,0.0039149094373,-0.0046470221132,0.00405154936016,-0.00419112341478,0.00551071250811,-0.00498601840809,0.00664279423654,-0.00712643144652,0.00610460480675,-0.00313162757084],[0.00146253290586,-0.00339105934836,0.00472204014659,-0.00452422490343,0.00292409467511,-0.00402845116332,0.00345842354,-0.00308949570172,0.00406624656171,-0.00503933103755,0.00596396951005,-0.00576576823369,0.00406855717301],[-0.00179892894812,0.0039149094373,-0.00452422490343,0.00799616333097,-0.00407222751528,0.00296456436627,-0.00321777793579,0.00513779837638,-0.00655509019271,0.00720891728997,-0.00675609428436,0.00610872916877,-0.00487925345078],[0.00181036186405,-0.0046470221132,0.00292409467511,-0.00407222751528,0.00867408048362,-0.00277535710484,0.00264378054999,-0.00505658332258,0.00334785855375,-0.00590755464509,0.00560906436294,-0.00407871464267,0.00186875974759],[-0.00146614771802,0.00405154936016,-0.00402845116332,0.00296456436627,-0.00277535710484,0.00908320210874,-0.00481849024072,0.00235577579588,-0.00244873040356,0.0037155423779,-0.00559909269214,0.00526468129829,-0.00192776799668],[0.0015476149274,-0.00419112341478,0.00345842354,-0.00321777793579,0.00264378054999,-0.00481849024072,0.00941726565361,-0.00588271860033,0.00307353655808,-0.00337580381893,0.00441279169172,-0.00438697310165,0.00278974906541],[-0.00196772883646,0.00551071250811,-0.00308949570172,0.00513779837638,-0.00505658332258,0.00235577579588,-0.00588271860033,0.0174183491617,-0.0108454385772,0.00476321438327,-0.00344540923834,0.00390168745071,-0.00267022638582],[0.00206117145717,-0.00498601840809,0.00406624656171,-0.00655509019271,0.00334785855375,-0.00244873040356,0.00307353655808,-0.0108454385772,0.0204186290503,-0.0104034431279,0.00550923449919,-0.00140047993045,0.000594436423853],[-0.00242181029171,0.00664279423654,-0.00503933103755,0.00720891728997,-0.00590755464509,0.0037155423779,-0.00337580381893,0.00476321438327,-0.0104034431279,0.0227433368564,-0.0127354077995,0.00652267737314,-0.00231459923089],[0.00261192093603,-0.00712643144652,0.00596396951005,-0.00675609428436,0.00560906436294,-0.00559909269214,0.00441279169172,-0.00344540923834,0.00550923449919,-0.0127354077995,0.023514026776,-0.014593552798,0.00875264313072],[-0.00212808488868,0.00610460480675,-0.00576576823369,0.00610872916877,-0.00407871464267,0.00526468129829,-0.00438697310165,0.00390168745071,-0.00140047993045,0.00652267737314,-0.014593552798,0.0251541044563,-0.0128641240299],[0.00140387937427,-0.00313162757084,0.00406855717301,-0.00487925345078,0.00186875974759,-0.00192776799668,0.00278974906541,-0.00267022638582,0.000594436423853,-0.00231459923089,0.00875264313072,-0.0128641240299,0.0216635018587]],"mean":[-31.0100898743,102.738273621,-109.904525757,40.2807426453,-53.1124420166,3.49346804619,-33.1472892761,2.36038136482,-16.7657356262,0.613972723484,-13.4027700424,-5.41963434219,-10.2942361832]},"hfc":{"dmean":5.48682117462,"dmean2":7.48906993866,"dvar":63.9505805969,"dvar2":121.382850647,"max":130.613540649,"mean":16.7892093658,"median":12.6659374237,"min":1.15357549435e-16,"var":232.891189575},"melbands":{"dmean":[0.00140697229654,0.00123606412672,0.000694928981829,0.000763412914239,0.000342795799952,0.000238317661569,0.000192710838746,0.000220589601668,0.000159555740538,0.000166151367011,0.000101436831756,0.0000566341514059,0.0000370253183064,0.0000276878927252,0.000027337397114,0.0000312618176395,0.0000311720177706,0.0000211872429645,0.0000157456543093,0.0000149062971104,0.00000928771987674,0.00000741517942515,0.00000869306586537,0.00000569119129068,0.00000394366588807,0.00000408570895161,0.0000060417869463,0.00000389765773434,0.00000225275994126,0.00000217351998799,0.00000209032168641,0.00000147696778185,0.00000134362346671,0.0000013242491832,9.39668097999e-7,6.8105129003e-7,5.35712331384e-7,4.06759227189e-7,3.58660969368e-7,2.40966130605e-7],"dmean2":[0.00232248287648,0.00187868077774,0.00111797777936,0.00126062158961,0.000550508906599,0.00037940373295,0.000304583081743,0.000350363843609,0.000243257702095,0.000251056451816,0.000156578200404,0.0000894505283213,0.0000580737978453,0.0000436114933109,0.0000425470934715,0.0000495107815368,0.0000491207028972,0.0000327084198943,0.0000250788780249,0.0000238319189521,0.0000148058488776,0.0000118968355309,0.0000136696844493,0.00000878331502463,0.00000592670403421,0.00000602737509325,0.00000904983608052,0.00000575974081585,0.00000318623233397,0.00000298688541989,0.00000277810840998,0.00000194167546397,0.00000180692552476,0.00000179260530331,0.00000130899036321,9.70548057921e-7,7.51647121433e-7,5.5755322137e-7,5.06259709709e-7,3.44205773217e-7],"dvar":[0.00000868358984008,0.00000482836230731,0.00000115897330488,0.00000203894637707,3.11907484729e-7,1.86786081713e-7,1.4447944352e-7,2.31289391195e-7,1.53655619783e-7,2.77267872661e-7,1.76893919956e-7,3.28423404028e-8,1.754341028e-8,7.95859556035e-9,6.80983358592e-9,6.34931529575e-9,7.97270782726e-9,4.62896787568e-9,2.17902007549e-9,1.47331069567e-9,7.53002715737e-10,2.31604693757e-10,4.21838952658e-10,1.37249892007e-10,8.29716642614e-11,5.03443016442e-11,1.40221181888e-10,5.5752662903e-11,1.80174920122e-11,2.14728894388e-11,1.92271094879e-11,8.75329930067e-12,7.49481206264e-12,7.97395136032e-12,5.22643256798e-12,5.94069064774e-12,2.1138394854e-12,1.27677588554e-12,7.17475503922e-13,3.3241196796e-13],"dvar2":[0.0000223793995247,0.0000104154814835,0.00000285212718154,0.00000521790479979,7.60819943935e-7,4.79681261822e-7,3.65243096212e-7,5.83185226333e-7,3.66157337339e-7,6.3951233642e-7,4.5396564019e-7,8.48257855068e-8,4.43924967897e-8,1.87587474443e-8,1.49228434054e-8,1.47359964231e-8,1.93187172925e-8,9.25180287936e-9,5.06785280407e-9,3.70833164176e-9,2.00817029672e-9,6.30739294127e-10,1.08160280732e-9,3.30519195346e-10,2.04765801537e-10,1.07470893296e-10,2.91376089923e-10,1.15281451052e-10,3.62511826113e-11,4.21350489221e-11,3.45690108483e-11,1.53737127195e-11,1.3987579324e-11,1.43026267913e-11,1.06993892912e-11,1.65581715006e-11,4.22926407437e-12,2.36034434185e-12,1.45458753549e-12,7.02465700626e-13],"max":[0.033713851124,0.0281927790493,0.0120222605765,0.0175963807851,0.0121997240931,0.0123703740537,0.00531657040119,0.00988483056426,0.00959563348442,0.016326604411,0.0158091858029,0.00527639547363,0.00514482660219,0.00363136548549,0.0038561837282,0.00248129689135,0.00245654559694,0.00437740562484,0.00325280427933,0.00132666085847,0.00166010390967,0.000359825731721,0.000790589198004,0.00045906129526,0.000416762195528,0.000143975936226,0.000435646215919,0.000236120147747,0.000107788182504,0.000099855598819,0.0000945744322962,0.0000417010996898,0.0000628487832728,0.0000758733367547,0.000103243582998,0.000130540021928,0.0000748909587855,0.0000662434322294,0.0000235102015722,0.0000117560157378],"mean":[0.00185307965148,0.00218400754966,0.001209810609,0.00112386746332,0.00062982988311,0.000436679605627,0.000305413035676,0.000328240799718,0.000254627637332,0.000283259549178,0.000159540169989,0.000086398125859,0.0000591646276007,0.000041542622057,0.0000418926938437,0.0000506316027895,0.0000472013234685,0.0000328760324919,0.000027353706173,0.0000256605308095,0.000016403328118,0.000013436613699,0.0000161842381203,0.0000107455398393,0.00000749508535591,0.00000826266932563,0.0000126162331071,0.00000860621639731,0.00000425858115705,0.00000367801021639,0.00000347022773894,0.0000025045910661,0.00000233380933423,0.00000224811333283,0.00000156362420967,0.00000108700555757,8.54931954564e-7,6.2175132598e-7,5.05281946062e-7,3.2279680795e-7],"median":[0.000596048426814,0.00116470025387,0.000807577045634,0.000623671512585,0.000382043654099,0.000215131789446,0.000131208347739,0.0000960975012276,0.0000660417063045,0.0000513506747666,0.0000293420216622,0.0000188643680303,0.000011879315025,0.0000111371073217,0.0000101663872556,0.000014583742086,0.0000118120769912,0.0000110367373054,0.0000114858221423,0.00000897870995686,0.00000605451350566,0.00000632737328488,0.00000663748414809,0.00000471159000881,0.00000302927605844,0.00000406604158343,0.0000056467538343,0.00000358600073014,0.00000155484769948,0.00000109536915716,9.89004433904e-7,7.45034526517e-7,8.05526667591e-7,7.05526304046e-7,5.05792172589e-7,2.58729954794e-7,1.85851988022e-7,1.27829125063e-7,9.15063935736e-8,5.08578317238e-8],"min":[1.86615617866e-23,9.83885938109e-24,1.87708205997e-23,1.7947554315e-23,7.159087842e-24,1.89986136524e-23,1.08324801783e-23,4.03996811036e-24,7.70914082969e-24,2.51982399521e-23,1.85218813416e-23,1.11725880913e-23,1.62588397752e-23,8.56014977475e-24,1.29871906321e-23,1.61024623002e-23,7.12892811187e-24,9.7500328543e-24,1.13631224546e-23,1.25032915199e-23,6.10221578297e-24,1.16980081083e-23,2.40106224811e-23,1.28712407008e-23,1.17621330336e-23,1.14691090726e-23,1.076123815e-23,7.96427106821e-24,7.94170096885e-24,1.3974279661e-23,7.68392252427e-24,8.82426829442e-24,8.19562977222e-24,9.19621463351e-24,1.0170659011e-23,1.14600166618e-23,8.71215222713e-24,9.66942862473e-24,1.00867163221e-23,8.64150657762e-24],"var":[0.0000106872503238,0.00000844688020152,0.00000183886288596,0.00000241900443143,7.34775767341e-7,3.99507996462e-7,2.49775496286e-7,4.40924310396e-7,3.32584590979e-7,8.82829851889e-7,3.44343618508e-7,6.76519604781e-8,4.3854363696e-8,1.57879327389e-8,1.61206337168e-8,1.66546456626e-8,1.55640300648e-8,8.99006202815e-9,5.71233371716e-9,3.08534331417e-9,1.38465139354e-9,4.94004115392e-10,9.96852489443e-10,3.33359312377e-10,1.93879134969e-10,1.40253281211e-10,4.25846996555e-10,1.99261246392e-10,4.68191353742e-11,4.60725381457e-11,4.09823910918e-11,1.9378948099e-11,1.7121092738e-11,1.77580901373e-11,1.26360788152e-11,1.28434858235e-11,6.63906776777e-12,3.18582248256e-12,1.40941045727e-12,5.55825459443e-13]},"melbands_crest":{"dmean":3.18768525124,"dmean2":5.27546215057,"dvar":7.98767089844,"dvar2":20.9940776825,"max":33.0220069885,"mean":13.5242509842,"median":12.9350442886,"min":1.54179036617,"var":21.7336940765},"melbands_flatness_db":{"dmean":0.0276811178774,"dmean2":0.0403241328895,"dvar":0.000781825568993,"dvar2":0.00147388468031,"max":0.511720776558,"mean":0.216965571046,"median":0.211963862181,"min":0.00256319949403,"var":0.00485689146444},"melbands_kurtosis":{"dmean":8.63000869751,"dmean2":13.3958740234,"dvar":182.666778564,"dvar2":416.421081543,"max":296.996826172,"mean":19.0020484924,"median":11.8457565308,"min":-1.65002095699,"var":544.169555664},"melbands_skewness":{"dmean":0.752793371677,"dmean2":1.15252232552,"dvar":0.579748153687,"dvar2":1.27245724201,"max":13.5393610001,"mean":3.10993981361,"median":2.91426444054,"min":-0.968269765377,"var":3.05933666229},"melbands_spread":{"dmean":5.41113185883,"dmean2":8.25784111023,"dvar":43.8402404785,"dvar2":95.9211349487,"max":183.946990967,"mean":19.8990402222,"median":15.2667598724,"min":0.528161644936,"var":422.536621094},"mfcc":{"cov":[[11496.7998047,934.444519043,372.850646973,287.400482178,-359.442352295,195.143371582,-57.1356163025,37.5423049927,-154.916091919,30.1158733368,-18.1600322723,-125.546630859,-61.1281738281],[934.444519043,1199.56384277,-131.501525879,246.019317627,46.2990837097,46.211769104,50.4889144897,19.2242450714,-45.9135017395,29.4143428802,0.0718578100204,-2.20916342735,13.0541000366],[372.850646973,-131.501525879,798.586547852,73.562461853,97.8869552612,151.665206909,13.5939655304,12.8625011444,-46.8169136047,-63.7512054443,17.5337734222,-6.59017562866,-26.5999069214],[287.400482178,246.019317627,73.562461853,372.255401611,101.728401184,39.9985961914,-16.7039585114,24.5238189697,23.8408241272,16.9316539764,-40.6499328613,-7.31844949722,15.4735908508],[-359.442352295,46.2990837097,97.8869552612,101.728401184,232.852081299,34.663608551,-15.4927749634,-2.96878123283,13.097193718,25.2424564362,-9.65139865875,-9.08528709412,17.5916862488],[195.143371582,46.211769104,151.665206909,39.9985961914,34.663608551,150.23286438,57.52186203,24.6833724976,1.53113174438,6.65070056915,23.1978874207,-5.45394897461,-12.980255127],[-57.1356163025,50.4889144897,13.5939655304,-16.7039585114,-15.4927749634,57.52186203,121.813011169,48.2253341675,6.46765136719,13.0638933182,24.4032688141,13.6769838333,1.53749406338],[37.5423049927,19.2242450714,12.8625011444,24.5238189697,-2.96878123283,24.6833724976,48.2253341675,111.898719788,46.5140457153,24.0964488983,12.539809227,4.90849351883,3.78903460503],[-154.916091919,-45.9135017395,-46.8169136047,23.8408241272,13.097193718,1.53113174438,6.46765136719,46.5140457153,154.327957153,56.1343269348,7.1366481781,3.61809802055,-19.1934242249],[30.1158733368,29.4143428802,-63.7512054443,16.9316539764,25.2424564362,6.65070056915,13.0638933182,24.0964488983,56.1343269348,142.318283081,46.3097496033,-3.51396942139,5.07516288757],[-18.1600322723,0.0718578100204,17.5337734222,-40.6499328613,-9.65139865875,23.1978874207,24.4032688141,12.539809227,7.1366481781,46.3097496033,103.176422119,32.1293373108,-4.35916185379],[-125.546630859,-2.20916342735,-6.59017562866,-7.31844949722,-9.08528709412,-5.45394897461,13.6769838333,4.90849351883,3.61809802055,-3.51396942139,32.1293373108,85.8062438965,31.4516525269],[-61.1281738281,13.0541000366,-26.5999069214,15.4735908508,17.5916862488,-12.980255127,1.53749406338,3.78903460503,-19.1934242249,5.07516288757,-4.35916185379,31.4516525269,84.5470123291]],"icov":[[0.000115845825349,-0.000093424852821,-0.0000778405883466,-0.0000538870845048,0.000313048367389,-0.000178523259819,0.000235766390688,-0.0000804091396276,0.000108167390863,-0.000145969999721,0.0000555390361114,0.000120751778013,-0.0000184117943718],[-0.000093424852821,0.0011831515003,0.000427127524745,-0.000817607797217,-0.000305275490973,-0.0000752368214307,-0.000682669517118,0.0000349914189428,0.000595504418015,0.0000245332666964,-0.000282679189695,-0.0000819717533886,0.000246240611887],[-0.0000778405883466,0.000427127524745,0.00197572400793,-0.00033862167038,-0.000838144158479,-0.00172936310992,0.000400388991693,-0.000441793148639,0.000627022644039,0.00106155162212,-0.000655126874335,-0.000171703097294,0.000591465330217],[-0.0000538870845048,-0.000817607797217,-0.00033862167038,0.00418131845072,-0.00121125590522,-0.000876381353009,0.00131815951318,-0.000932663097046,-0.000597190170083,-0.000645141059067,0.00214319839142,-0.00078824639786,-0.000342322164215],[0.000313048367389,-0.000305275490973,-0.000838144158479,-0.00121125590522,0.00639565009624,-0.00138191506267,0.00141678459477,0.000581933592912,-0.000319226557622,-0.00149968219921,0.000543415022548,0.000977589399554,-0.00168138334993],[-0.000178523259819,-0.0000752368214307,-0.00172936310992,-0.000876381353009,-0.00138191506267,0.0117484368384,-0.00568941840902,0.000553208286874,-0.000503561343066,0.00042320456123,-0.00217776047066,0.00155113916844,0.000839727697894],[0.000235766390688,-0.000682669517118,0.000400388991693,0.00131815951318,0.00141678459477,-0.00568941840902,0.0138876438141,-0.00525054894388,0.00121152424254,-0.000802196620498,0.0000777464738348,-0.00175026245415,-0.0000466250130557],[-0.0000804091396276,0.0000349914189428,-0.000441793148639,-0.000932663097046,0.000581933592912,0.000553208286874,-0.00525054894388,0.0131918722764,-0.00413759844378,0.0000874634279171,-0.000956820033025,0.00122280151118,-0.00201247655787],[0.000108167390863,0.000595504418015,0.000627022644039,-0.000597190170083,-0.000319226557622,-0.000503561343066,0.00121152424254,-0.00413759844378,0.0102424137294,-0.00407673139125,0.00213745096698,-0.00277451425791,0.00415756274015],[-0.000145969999721,0.0000245332666964,0.00106155162212,-0.000645141059067,-0.00149968219921,0.00042320456123,-0.000802196620498,0.0000874634279171,-0.00407673139125,0.0120075717568,-0.00702994642779,0.00413251435384,-0.00281561701559],[0.0000555390361114,-0.000282679189695,-0.000655126874335,0.00214319839142,0.000543415022548,-0.00217776047066,0.0000777464738348,-0.000956820033025,0.00213745096698,-0.00702994642779,0.0169418044388,-0.00795362051576,0.00381898717023],[0.000120751778013,-0.0000819717533886,-0.000171703097294,-0.00078824639786,0.000977589399554,0.00155113916844,-0.00175026245415,0.00122280151118,-0.00277451425791,0.00413251435384,-0.00795362051576,0.0183199122548,-0.00790107902139],[-0.0000184117943718,0.000246240611887,0.000591465330217,-0.000342322164215,-0.00168138334993,0.000839727697894,-0.0000466250130557,-0.00201247655787,0.00415756274015,-0.00281561701559,0.00381898717023,-0.00790107902139,0.0168439112604]],"mean":[-663.752380371,128.395629883,3.45877885818,35.6435623169,2.6402463913,6.16312837601,-4.84113073349,0.551767885685,-3.32936382294,6.46082878113,-0.830672442913,-2.17234706879,-1.34584105015]},"pitch_salience":{"dmean":0.0777390748262,"dmean2":0.126379162073,"dvar":0.00471456814557,"dvar2":0.0122226225212,"max":0.848991215229,"mean":0.56975632906,"median":0.576644301414,"min":0.160706236959,"var":0.0133129563183},"silence_rate_20dB":{"dmean":0,"dmean2":0,"dvar":0,"dvar2":0,"max":1,"mean":1,"median":1,"min":1,"var":0},"silence_rate_30dB":{"dmean":0.00509246857837,"dmean2":0.0101863024756,"dvar":0.00506679387763,"dvar2":0.0143721392378,"max":1,"mean":0.996918141842,"median":1,"min":0,"var":0.00307240709662},"silence_rate_60dB":{"dmean":0.0112570356578,"dmean2":0.0225170888007,"dvar":0.0111301764846,"dvar2":0.0260279886425,"max":1,"mean":0.0797266513109,"median":0,"min":0,"var":0.0733740404248},"spectral_centroid":{"dmean":219.428649902,"dmean2":327.465515137,"dvar":56077.09375,"dvar2":107578.0625,"max":11292.4423828,"mean":1205.22351074,"median":1102.36462402,"min":154.278762817,"var":439376},"spectral_complexity":{"dmean":3.58777809143,"dmean2":5.04168319702,"dvar":19.0402374268,"dvar2":28.8503742218,"max":57,"mean":16.7759609222,"median":16,"min":0,"var":93.6388320923},"spectral_contrast_coeffs":{"dmean":[0.0517989322543,0.0467692166567,0.0385943688452,0.0325914658606,0.022339142859,0.0178602188826],"dmean2":[0.085824675858,0.0759289115667,0.0616691224277,0.0508467666805,0.0335344783962,0.0265034474432],"dvar":[0.00198513502255,0.00150311971083,0.00104302633554,0.000734904548153,0.000393925263779,0.000304015673464],"dvar2":[0.0051479190588,0.00389087386429,0.00257497606799,0.0016682439018,0.000760953058489,0.000651159207337],"max":[-0.335620999336,-0.461826086044,-0.385842144489,-0.505428791046,-0.56404954195,-0.587338864803],"mean":[-0.644282996655,-0.730425834656,-0.760617792606,-0.768141150475,-0.781431794167,-0.756395220757],"median":[-0.645533382893,-0.733667969704,-0.773393750191,-0.77290558815,-0.784734487534,-0.754493832588],"min":[-0.963449656963,-0.969693422318,-0.963748216629,-0.964529395103,-0.956367194653,-0.962591707706],"var":[0.00830520130694,0.00629204092547,0.00631349766627,0.00455913180485,0.00298628094606,0.00233019446023]},"spectral_contrast_valleys":{"dmean":[0.402338534594,0.398857146502,0.386493951082,0.331583827734,0.283015787601,0.379659533501],"dmean2":[0.643104493618,0.607022881508,0.564678251743,0.465300858021,0.363818287849,0.442476183176],"dvar":[0.142989322543,0.15650549531,0.150382220745,0.123805224895,0.111553087831,0.219791159034],"dvar2":[0.300612807274,0.306214481592,0.265273749828,0.202968433499,0.156390830874,0.359113454819],"max":[-5.0764746666,-4.43673610687,-5.29475021362,-5.91335487366,-5.62098121643,-7.71112394333],"mean":[-7.25059652328,-6.85013103485,-7.81525087357,-8.09208297729,-7.90717697144,-10.6197280884],"median":[-6.82711362839,-6.54802656174,-7.60480356216,-7.89127731323,-7.68396615982,-10.5214242935],"min":[-27.1207046509,-27.2997970581,-27.2913360596,-27.1863021851,-27.405878067,-27.2033500671],"var":[3.80695605278,3.13044905663,2.67738556862,2.38170361519,2.29886627197,2.23823070526]},"spectral_decrease":{"dmean":2.92858648443e-9,"dmean2":4.36075398014e-9,"dvar":1.58946079968e-17,"dvar2":3.34801948501e-17,"max":9.75734441983e-17,"mean":-7.50391571103e-9,"median":-6.23268459066e-9,"min":-4.03655491255e-8,"var":3.51002744019e-17},"spectral_energy":{"dmean":0.0114460922778,"dmean2":0.0169644504786,"dvar":0.000239953675191,"dvar2":0.000502985785715,"max":0.163107842207,"mean":0.0298443119973,"median":0.0249709505588,"min":1.0823495141e-20,"var":0.000543624220882},"spectral_energyband_high":{"dmean":0.000291691860184,"dmean2":0.000367981934687,"dvar":2.91128486651e-7,"dvar2":4.47331018449e-7,"max":0.012491398491,"mean":0.000602573272772,"median":0.000251511490205,"min":7.7820901613e-21,"var":8.54635629821e-7},"spectral_energyband_low":{"dmean":0.00678301276639,"dmean2":0.0102857789025,"dvar":0.000153811153723,"dvar2":0.000339281716151,"max":0.140569314361,"mean":0.0119711896405,"median":0.0064396513626,"min":9.84707426301e-23,"var":0.00026046318817},"spectral_energyband_middle_high":{"dmean":0.00148585496936,"dmean2":0.00220070872456,"dvar":0.00000700135524312,"dvar2":0.000016220681573,"max":0.0587435252964,"mean":0.0040026307106,"median":0.00240482669324,"min":1.81884758433e-21,"var":0.0000266430961346},"spectral_energyband_middle_low":{"dmean":0.00646532606333,"dmean2":0.0101594217122,"dvar":0.0000913468757062,"dvar2":0.000221208509174,"max":0.138172104955,"mean":0.0147967319936,"median":0.0114608509466,"min":4.68226282458e-22,"var":0.000179397378815},"spectral_entropy":{"dmean":0.17278085649,"dmean2":0.233600482345,"dvar":0.0332130901515,"dvar2":0.0569839738309,"max":9.80813217163,"mean":7.47168493271,"median":7.46508359909,"min":5.51909303665,"var":0.195975616574},"spectral_flux":{"dmean":0.0264953263104,"dmean2":0.0411840267479,"dvar":0.000978068681434,"dvar2":0.00213951710612,"max":0.291041404009,"mean":0.0829032883048,"median":0.0732105448842,"min":1.04036029791e-10,"var":0.00247165630572},"spectral_kurtosis":{"dmean":1.4513001442,"dmean2":2.36591815948,"dvar":2.69386744499,"dvar2":6.79570150375,"max":25.5134181976,"mean":4.25550794601,"median":3.48505401611,"min":-1.15851032734,"var":8.43893241882},"spectral_rms":{"dmean":0.00095269101439,"dmean2":0.00138102530036,"dvar":0.00000123283655284,"dvar2":0.00000236476353166,"max":0.0126146581024,"mean":0.00492399837822,"median":0.00493577774614,"min":3.24953952635e-12,"var":0.00000487050465381},"spectral_rolloff":{"dmean":355.07220459,"dmean2":588.207214355,"dvar":426730.90625,"dvar2":887015.6875,"max":21770.0683594,"mean":1446.22619629,"median":710.595703125,"min":86.1328125,"var":9375083},"spectral_skewness":{"dmean":0.20441646874,"dmean2":0.308645099401,"dvar":0.0396957322955,"dvar2":0.0880549103022,"max":4.04015684128,"mean":1.46761906147,"median":1.41040301323,"min":-0.0447076782584,"var":0.196116879582},"spectral_spread":{"dmean":494955.28125,"dmean2":658462.125,"dvar":446374379520,"dvar2":742030639104,"max":38887216,"mean":4515124,"median":3992343,"min":1830891.125,"var":3797629796350},"spectral_strongpeak":{"dmean":0.440495610237,"dmean2":0.735529780388,"dvar":0.568515956402,"dvar2":1.39699554443,"max":10.0338954926,"mean":0.80050188303,"median":0.424640953541,"min":0,"var":1.1954369545},"zerocrossingrate":{"dmean":0.00858006067574,"dmean2":0.00992694590241,"dvar":0.000129368185299,"dvar2":0.000138609946589,"max":0.81640625,"mean":0.0627985447645,"median":0.044921875,"min":0.0029296875,"var":0.0110243111849}},"metadata":{"audio_properties":{"analysis_sample_rate":44100,"bit_rate":0,"codec":"flac","downmix":"mix","equal_loudness":0,"length":173.266662598,"lossless":true,"md5_encoded":"fb608c8307e334603cd2a2e6e3ba4a2b","replay_gain":-12.9097595215},"tags":{"album":["The Platinum Collection"],"album artist":["The Beach Boys"],"albumartist":["The Beach Boys"],"albumartist_credit":["The Beach Boys"],"albumartistsort":["Beach Boys, The"],"artist":["The Beach Boys"],"artist_credit":["The Beach Boys"],"artistsort":["Beach Boys, The"],"asin":["B00023XWIW"],"bpm":["0"],"compilation":["0"],"date":["2005-5-30"],"disc":["2"],"discc":["3"],"discnumber":["2"],"disctotal":["3"],"file_name":"02-17. Bluebirds Over the Mountain.flac","genre":["Easy Listening"],"label":["EMI"],"language":["eng"],"media":["CD"],"musicbrainz_albumartistid":["ebfc1398-8d96-47e3-82c3-f782abcdb13d"],"musicbrainz_albumid":["38b2dbf5-2a47-468c-a07b-79578423e5d0"],"musicbrainz_albumstatus":["Official"],"musicbrainz_albumtype":["compilation"],"musicbrainz_artistid":["ebfc1398-8d96-47e3-82c3-f782abcdb13d"],"musicbrainz_recordingid":["170cb16c-b59d-4166-8efa-384903421fbd"],"musicbrainz_releasegroupid":["e443542f-d74e-3f3c-bfdc-de66ccd45ea6"],"originaldate":["2005-5-30"],"publisher":["EMI"],"releasecountry":["GB"],"releasestatus":["official"],"releasetype":["compilation"],"replaygain_album_gain":["-9.10 dB"],"replaygain_album_peak":["0.988678"],"replaygain_reference_loudness":["89.0 dB"],"replaygain_track_gain":["-7.66 dB"],"replaygain_track_peak":["0.988647"],"script":["Latn"],"title":["Bluebirds Over the Mountain"],"totaldiscs":["3"],"totaltracks":["19"],"track":["17"],"trackc":["19"],"tracknumber":["17"],"tracktotal":["19"],"year":["2005"]},"version":{"essentia":"2.1-beta1","essentia_build_sha":"12879b851c9f4b0d899e1af4e221aa110f283a84","essentia_git_sha":"v2.1_beta1-7-ge0e83e8-dirty","extractor":"music 1.0"}},"rhythm":{"beats_count":369,"beats_loudness":{"dmean":0.02166