{"lowlevel":{"average_loudness":0.961004495621,"barkbands":{"dmean":[0.0000134605452331,0.000251439865679,0.000718397437595,0.000378773140255,0.00116329570301,0.000550830329303,0.000442968128482,0.000452859763755,0.000548542302568,0.000475982611533,0.000411301822169,0.00026116752997,0.000326757843141,0.000284827896394,0.000233386803302,0.000215901149204,0.000504255353007,0.000475509034004,0.000266366434516,0.00025041270419,0.000114076545287,0.0000749891478335,0.0000932625553105,0.0000780444097472,0.000038123835111,0.0000153929577209,3.11967482958e-7],"dmean2":[0.0000197112458409,0.000410990556702,0.00114035175648,0.000645919702947,0.00185959576629,0.000827002106234,0.000724219658878,0.00073062966112,0.000880970794242,0.000775946653448,0.000647695967928,0.000419514632085,0.000506867596414,0.00045170210069,0.000380842830054,0.000349125068169,0.000810201687273,0.000740499526728,0.000426114333095,0.000399964017561,0.000175459106686,0.000111567875138,0.000139438619954,0.000111807261419,0.0000557662460778,0.0000231147751037,4.89911371915e-7],"dvar":[1.94450289204e-10,1.75668461111e-7,8.68020720191e-7,3.04561467601e-7,0.00000267881750915,7.00141356447e-7,9.12974655876e-7,0.00000133810522129,0.00000213045268538,0.00000125647909499,8.44638464059e-7,2.56829537193e-7,2.70265502422e-7,2.10494164321e-7,1.7901135152e-7,1.39120018616e-7,0.00000145658532347,0.0000010535434285,3.07862109139e-7,5.17819216839e-7,6.47958913191e-8,3.22493143301e-8,5.26866514861e-8,3.17844346398e-8,9.63832569312e-9,2.29138574781e-9,1.14090605453e-12],"dvar2":[4.15488088379e-10,4.08586259937e-7,0.00000208408641811,8.69674124715e-7,0.00000639764220978,0.00000155852990247,0.0000021956366254,0.00000330356283484,0.00000538466565558,0.00000320374306284,0.0000021295179522,6.16580280166e-7,6.19012212155e-7,5.28323198523e-7,4.72332573054e-7,3.53403066811e-7,0.00000366852395928,0.00000233028958974,6.99324800735e-7,0.00000123727079426,1.53925810764e-7,7.15969079579e-8,1.14078005709e-7,6.81718148599e-8,2.11624406887e-8,5.47701217712e-9,2.83671935768e-12],"max":[0.000203470321139,0.00643168622628,0.0147126764059,0.00928621552885,0.0346084088087,0.0164003763348,0.0176583118737,0.0170456245542,0.0277706645429,0.0261656194925,0.0180896818638,0.00807321723551,0.0115449083969,0.00866521149874,0.00989421736449,0.00506523577496,0.0197037477046,0.0192676763982,0.00996603351086,0.0149879558012,0.00585796544328,0.00280697946437,0.00392507156357,0.00311033776961,0.00136740622111,0.000639515172224,0.0000124539947137],"mean":[0.0000396567411372,0.00042631974793,0.00132093962748,0.000582032953389,0.00203936430626,0.00108496483881,0.000618484278675,0.00067034678068,0.000835761951748,0.000722432392649,0.000703691213857,0.000410451146308,0.000662018253934,0.000510266167112,0.000396755203838,0.000360086618457,0.000859151012264,0.00101942417677,0.00058574276045,0.000541261339094,0.00019688118482,0.0001162832923,0.000129643885884,0.000116028371849,0.0000451191299362,0.0000158586699399,2.86764333168e-7],"median":[0.0000374679912056,0.000202079652809,0.00066355598392,0.000348700967152,0.00133710191585,0.000707637052983,0.000300557207083,0.000115109869512,0.000187498779269,0.000250173499808,0.000211343634874,0.000175888897502,0.000350910268025,0.000285197369521,0.000244803115493,0.000196507433429,0.000370304886019,0.000367508589989,0.000236116262386,0.000236620748183,0.000112242145406,0.0000566288690607,0.000038825244701,0.0000350605077983,0.00000747878129914,0.00000162868855114,3.83980776064e-8],"min":[2.42118707588e-24,6.24801818307e-24,4.03075263726e-24,3.12434692122e-24,1.37660898018e-23,2.18722162045e-23,1.45867449569e-23,1.37488516133e-23,2.68281086238e-23,1.48739250363e-23,1.95492780073e-23,2.66624099684e-23,6.65467029991e-23,3.82752597532e-23,4.51519843005e-23,6.00119180998e-23,6.53497485704e-23,1.32266137033e-22,1.77614935819e-22,1.77431730762e-22,3.04372349866e-22,3.83624648553e-22,4.74547822477e-22,6.06146684159e-22,9.26801249326e-22,1.48424414082e-21,1.94853641812e-21],"var":[4.43998920963e-10,3.71095751461e-7,0.00000304290938402,4.98678389249e-7,0.00000546603541807,0.00000163996674019,0.00000136994890454,0.00000305308731186,0.00000382836424251,0.0000022177594019,0.00000192601078197,4.5068873078e-7,9.9880912785e-7,4.62064605244e-7,2.49600617508e-7,2.19665096779e-7,0.00000221604796025,0.00000290947969006,8.63846992161e-7,0.00000127942121253,8.93243878863e-8,4.22988257753e-8,8.73169838655e-8,5.54925279062e-8,1.30656356845e-8,2.40880404512e-9,9.94772189969e-13]},"barkbands_crest":{"dmean":2.29079008102,"dmean2":3.67731404305,"dvar":4.84641075134,"dvar2":11.6149139404,"max":26.9175395966,"mean":8.46440887451,"median":7.44786119461,"min":2.26768660545,"var":16.8020935059},"barkbands_flatness_db":{"dmean":0.0177501551807,"dmean2":0.0254138894379,"dvar":0.000420413271058,"dvar2":0.000791702419519,"max":1,"mean":0.11386333406,"median":0.103202536702,"min":0.02417075634,"var":0.0031261194963},"barkbands_kurtosis":{"dmean":20.1810951233,"dmean2":37.0605392456,"dvar":322238.5625,"dvar2":1088863.75,"max":26228.2929688,"mean":15.7014951706,"median":-0.297515153885,"min":-1.89547371864,"var":247193.8125},"barkbands_skewness":{"dmean":0.515599727631,"dmean2":0.819275557995,"dvar":6.34795713425,"dvar2":20.2104301453,"max":145.613586426,"mean":0.788444042206,"median":0.590405464172,"min":-4.48053312302,"var":10.1391048431},"barkbands_spread":{"dmean":5.48424577713,"dmean2":8.34988689423,"dvar":37.2232933044,"dvar2":81.1385269165,"max":97.4805297852,"mean":28.3906345367,"median":28.4391365051,"min":0.0030649844557,"var":168.854537964},"dissonance":{"dmean":0.0142092732713,"dmean2":0.0237518697977,"dvar":0.000452620472061,"dvar2":0.00121491658501,"max":0.500000059605,"mean":0.472578525543,"median":0.482842326164,"min":0,"var":0.00104712182656},"dynamic_complexity":2.3178024292,"erbbands":{"dmean":[0.00404435722157,0.0752317383885,0.64598852396,1.04992902279,2.12327384949,5.37563657761,3.65533089638,4.56267642975,4.85562849045,8.34069347382,11.004199028,12.5333204269,13.953250885,14.2841243744,14.739575386,10.0378932953,13.4268732071,11.3496294022,14.0635595322,10.6622943878,14.6255874634,28.9128360748,25.4176807404,16.138502121,10.9112844467,13.5781488419,4.53683567047,4.9659781456,3.04341983795,2.15275096893,2.93133807182,2.24312162399,0.947037696838,0.393077433109,0.287534058094,0.12776657939,0.0143536962569,0.00107284449041,0.0000616621473455,0.000007344009191],"dmean2":[0.00625797128305,0.124105989933,1.03644394875,1.74868667126,3.52119970322,8.63430404663,5.63902425766,6.88144922256,8.05087089539,13.4786090851,17.6160945892,20.0662727356,23.2294273376,22.1049861908,23.2855129242,15.8554286957,20.6442184448,17.8565998077,22.6563739777,16.9644527435,23.3709068298,46.2168083191,39.9314498901,25.6033573151,17.3037776947,21.718963623,6.94616508484,7.77639484406,4.55232143402,3.19755196571,4.39254617691,3.23850822449,1.38274550438,0.570496082306,0.428001999855,0.187994554639,0.0211158134043,0.00160043465439,0.0000923632615013,0.0000105280842035],"dvar":[0.0000849645366543,0.0131580028683,0.698080956936,2.06818675995,8.90005874634,64.4620437622,41.8588218689,53.2707481384,103.364723206,409.266784668,781.200378418,1260.07275391,1093.46276855,975.769104004,984.489257812,354.989471436,526.995056152,360.694793701,505.122619629,302.775024414,655.554504395,4839.84521484,3030.53173828,1255.94091797,445.299133301,2088.08178711,84.6855239868,145.182342529,61.0629386902,28.6454811096,52.4002876282,25.5251655579,5.16260480881,0.910389304161,0.74315404892,0.152812644839,0.00208768388256,0.0000118326070151,3.65973207295e-8,1.51013701544e-10],"dvar2":[0.000174469678313,0.0319203361869,1.70165395737,5.88042783737,23.8795089722,153.220062256,87.4134292603,120.325805664,254.43598938,991.615905762,1894.70056152,3061.68261719,3036.65917969,2187.68115234,2443.77783203,850.989990234,1184.38623047,917.307373047,1275.28991699,771.823242188,1622.86889648,12105.8398438,6828.81591797,2731.14550781,1035.45556641,4960.91601562,202.062545776,349.638366699,138.93510437,63.3293685913,112.916748047,55.9866638184,10.8410749435,1.91041433811,1.74300122261,0.346184790134,0.00490741338581,0.0000279424220935,8.81771953232e-8,3.30161231687e-10],"max":[0.183031946421,1.69682860374,12.275967598,20.2787418365,39.0557518005,207.214736938,169.135421753,166.164505005,261.185424805,395.267669678,364.340393066,584.644348145,979.154541016,984.153686523,626.067138672,377.091491699,564.325805664,482.202087402,327.620056152,337.250640869,375.805328369,1143.82788086,1235.85717773,654.943359375,385.53314209,996.075622559,187.739471436,237.686233521,141.78225708,96.9772415161,152.376037598,87.425201416,50.7795639038,18.5644893646,14.1213140488,4.9737238884,0.664611339569,0.0455026067793,0.00245246733539,0.000155818168423],"mean":[0.00641849264503,0.136037424207,1.19665408134,2.0040910244,3.62926030159,8.59943580627,7.37152242661,9.00555324554,7.19978904724,11.5616941452,17.4646511078,19.4644565582,19.541179657,26.0958461761,25.7206687927,18.1709423065,28.7167682648,23.7683010101,26.5112495422,19.8171272278,26.3752689362,51.8329277039,54.9075241089,36.6369476318,26.6309814453,29.0758991241,8.87164402008,8.25798225403,4.56276369095,3.12751865387,4.06406497955,3.37124252319,1.32566225529,0.509346544743,0.311321973801,0.13728325069,0.0143196424469,0.00107520364691,0.0000693817055435,0.0000230932582781],"median":[0.00279402337037,0.0789450630546,0.653743863106,1.32878088951,2.49008893967,5.22972011566,5.12772321701,5.70855236053,3.96682310104,4.24135160446,3.41983151436,4.76678133011,7.97952318192,11.3852109909,9.69749927521,9.42505455017,15.2737817764,14.4622755051,16.9976730347,12.7078018188,14.9090080261,21.8112506866,20.8849716187,14.0125131607,13.7088680267,10.6119165421,4.93918418884,4.83016109467,2.18953943253,1.16484677792,1.2093859911,0.988003194332,0.406325519085,0.109497718513,0.0423356518149,0.0145524153486,0.00138409028295,0.000130911867018,0.0000188750127563,0.0000197815752472],"min":[1.92523902056e-22,7.31212515367e-22,5.39682277654e-21,1.18616843579e-20,2.78434293311e-20,4.30113723688e-20,9.85065739294e-20,1.97287758897e-19,2.64626503388e-19,1.91623575029e-19,3.08642205499e-19,6.58175826085e-19,3.60957708629e-19,8.39845988502e-19,8.86025103957e-19,1.78462748913e-18,3.24039174815e-18,3.07075313453e-18,2.25899075501e-18,3.27204836378e-18,5.2613906468e-18,5.38305278489e-18,6.59576242862e-18,7.84132809987e-18,8.42622916537e-18,9.40215339567e-18,1.22451921862e-17,1.19432241133e-17,1.28756816568e-17,1.29327819344e-17,1.11953436517e-17,1.23520837736e-17,1.15566296735e-17,9.44224187687e-18,6.50597155953e-18,4.89372499455e-18,2.69743639113e-18,1.10273763565e-18,2.72628131646e-19,2.91042173745e-20],"var":[0.000135714784847,0.0288446117193,2.17290735245,4.49295377731,14.6986227036,124.176902771,95.7660446167,120.538818359,150.366119385,604.591064453,1791.80187988,2329.89550781,1193.64123535,2312.23486328,2085.49072266,653.183105469,2052.14672852,886.428283691,987.928649902,535.563049316,1141.91845703,7444.59521484,7835.68554688,3600.10693359,1536.42663574,5251.09423828,167.35484314,172.856887817,73.4193649292,43.6551856995,84.6049118042,44.0823631287,8.83858013153,1.69388258457,0.811462044716,0.175110936165,0.0021853079088,0.0000120685563161,3.59901122238e-8,2.90100027334e-10]},"erbbands_crest":{"dmean":2.45114612579,"dmean2":3.95194125175,"dvar":6.4575753212,"dvar2":16.0160045624,"max":35.7714042664,"mean":8.89763069153,"median":7.77315235138,"min":2.18398213387,"var":18.2870807648},"erbbands_flatness_db":{"dmean":0.0179706346244,"dmean2":0.0258186329156,"dvar":0.000377594813472,"dvar2":0.00073005532613,"max":0.410007655621,"mean":0.176941305399,"median":0.169736236334,"min":0.0321010164917,"var":0.00214693206362},"erbbands_kurtosis":{"dmean":1.14263880253,"dmean2":1.83075332642,"dvar":39.2407035828,"dvar2":109.469680786,"max":319.889190674,"mean":0.917268276215,"median":0.129242897034,"min":-1.74412119389,"var":27.7779216766},"erbbands_skewness":{"dmean":0.36741745472,"dmean2":0.558990716934,"dvar":0.249237298965,"dvar2":0.588168561459,"max":16.6363677979,"mean":-0.291326135397,"median":-0.315642744303,"min":-4.258248806,"var":0.965055644512},"erbbands_spread":{"dmean":7.08620738983,"dmean2":10.9673500061,"dvar":73.3237686157,"dvar2":171.241668701,"max":169.123840332,"mean":33.5735702515,"median":31.6531867981,"min":2.92874789238,"var":241.453720093},"gfcc":{"cov":[[15055.0058594,-243.392242432,-1607.18554688,492.104431152,-729.304626465,306.247344971,-727.62121582,103.251091003,-520.156982422,31.2906417847,-269.940460205,105.15687561,-174.655914307],[-243.392242432,1024.71582031,-209.456497192,-73.8615722656,75.6859130859,-164.75390625,148.948226929,-92.2618942261,103.710334778,-80.7314224243,84.2697067261,-152.70072937,28.5018062592],[-1607.18554688,-209.456497192,715.929382324,110.146095276,88.8363647461,122.886489868,-23.464931488,7.40292692184,32.9814529419,85.7656326294,-68.7229690552,48.3882408142,-37.4445304871],[492.104431152,-73.8615722656,110.146095276,474.067993164,150.956008911,-19.3963756561,-108.213653564,-19.2953891754,-38.0014457703,-3.30152082443,-8.73044204712,50.5380630493,-2.41304564476],[-729.304626465,75.6859130859,88.8363647461,150.956008911,259.007324219,-38.6169662476,29.3334350586,3.67764735222,-3.44468712807,-16.3075618744,2.46925473213,34.0899124146,10.896273613],[306.247344971,-164.75390625,122.886489868,-19.3963756561,-38.6169662476,222.184448242,10.0911397934,13.9361305237,-25.0777549744,36.9134559631,-27.8968391418,11.4567661285,-22.79164505],[-727.62121582,148.948226929,-23.464931488,-108.213653564,29.3334350586,10.0911397934,209.141204834,31.9082870483,23.6017208099,-30.1119728088,42.6200828552,-31.3503513336,14.3209753036],[103.251091003,-92.2618942261,7.40292692184,-19.2953891754,3.67764735222,13.9361305237,31.9082870483,106.609855652,17.3911991119,-3.81868457794,-22.1272716522,15.7915582657,-5.47411823273],[-520.156982422,103.710334778,32.9814529419,-38.0014457703,-3.44468712807,-25.0777549744,23.6017208099,17.3911991119,135.761611938,21.4431419373,12.3967103958,-41.3201217651,4.21777153015],[31.2906417847,-80.7314224243,85.7656326294,-3.30152082443,-16.3075618744,36.9134559631,-30.1119728088,-3.81868457794,21.4431419373,97.6976776123,-0.777942299843,3.82300901413,-20.6863479614],[-269.940460205,84.2697067261,-68.7229690552,-8.73044204712,2.46925473213,-27.8968391418,42.6200828552,-22.1272716522,12.3967103958,-0.777942299843,99.2030410767,-5.20787334442,14.021033287],[105.15687561,-152.70072937,48.3882408142,50.5380630493,34.0899124146,11.4567661285,-31.3503513336,15.7915582657,-41.3201217651,3.82300901413,-5.20787334442,100.821151733,12.4217939377],[-174.655914307,28.5018062592,-37.4445304871,-2.41304564476,10.896273613,-22.79164505,14.3209753036,-5.47411823273,4.21777153015,-20.6863479614,14.021033287,12.4217939377,57.3387413025]],"icov":[[0.000512634404004,-0.000827434181701,0.00149936252274,-0.00108155200724,0.00154599407688,-0.00123114103917,0.00118581729475,-0.001506178407,0.00139378523454,-0.00119468278717,0.00141563208308,-0.00118452089373,0.00106022006366],[-0.000827434181701,0.00334646739066,-0.00214464520104,0.00182129652239,-0.00323680229485,0.00273499987088,-0.00289939995855,0.00426826998591,-0.00331809092313,0.00289024389349,-0.00250459113158,0.00386102171615,-0.00161105464213],[0.00149936252274,-0.00214464520104,0.00657645473257,-0.00354295154102,0.00385396648198,-0.0044048987329,0.00273443828337,-0.0033370021265,0.00274561927654,-0.00466041499749,0.00571093242615,-0.00451698759571,0.00399266835302],[-0.00108155200724,0.00182129652239,-0.00354295154102,0.00568357668817,-0.00537089724094,0.00250188517384,-0.000211012680666,0.00296216923743,-0.00235644588247,0.00328619708307,-0.00408962834626,0.00270344968885,-0.00215037190355],[0.00154599407688,-0.00323680229485,0.00385396648198,-0.00537089724094,0.0109273623675,-0.00264227855951,0.00147005391773,-0.00469854613766,0.00423799920827,-0.00363383535296,0.00513986684382,-0.0061170021072,0.0031118793413],[-0.00123114103917,0.00273499987088,-0.0044048987329,0.00250188517384,-0.00264227855951,0.0093069029972,-0.00460940552875,0.00390109908767,-0.00202972372063,0.00132337387186,-0.00229757861234,0.00328402174637,-0.00167855375912],[0.00118581729475,-0.00289939995855,0.00273443828337,-0.000211012680666,0.00147005391773,-0.00460940552875,0.0119962133467,-0.00783072691411,0.00424133753404,-0.000557042192668,-0.00133579096291,-0.000265120819677,0.000845870759804],[-0.001506178407,0.00426826998591,-0.0033370021265,0.00296216923743,-0.00469854613766,0.00390109908767,-0.00783072691411,0.0188486203551,-0.00854707509279,0.00491591962054,0.000164301483892,0.000261652981862,-0.000259867956629],[0.00139378523454,-0.00331809092313,0.00274561927654,-0.00235644588247,0.00423799920827,-0.00202972372063,0.00424133753404,-0.00854707509279,0.015347905457,-0.00670123612508,0.00204961653799,0.00152369355783,-0.000276655744528],[-0.00119468278717,0.00289024389349,-0.00466041499749,0.00328619708307,-0.00363383535296,0.00132337387186,-0.000557042192668,0.00491591962054,-0.00670123612508,0.0178128667176,-0.0059844837524,0.00240702368319,0.00170545221772],[0.00141563208308,-0.00250459113158,0.00571093242615,-0.00408962834626,0.00513986684382,-0.00229757861234,-0.00133579096291,0.000164301483892,0.00204961653799,-0.0059844837524,0.0185806192458,-0.00610370235518,0.00204267422669],[-0.00118452089373,0.00386102171615,-0.00451698759571,0.00270344968885,-0.0061170021072,0.00328402174637,-0.000265120819677,0.000261652981862,0.00152369355783,0.00240702368319,-0.00610370235518,0.0205918326974,-0.0080164661631],[0.00106022006366,-0.00161105464213,0.00399266835302,-0.00215037190355,0.0031118793413,-0.00167855375912,0.000845870759804,-0.000259867956629,-0.000276655744528,0.00170545221772,0.00204267422669,-0.0080164661631,0.0243655517697]],"mean":[-21.8609161377,86.6436691284,-149.552062988,43.6450920105,-62.7447395325,8.24359226227,-44.585521698,2.5175538063,-30.6590385437,-9.32673549652,-11.7958946228,-6.31572294235,-8.9743938446]},"hfc":{"dmean":6.49547672272,"dmean2":9.29982280731,"dvar":102.897674561,"dvar2":211.339065552,"max":122.933837891,"mean":20.7774124146,"median":15.3913068771,"min":1.07985153334e-16,"var":295.869415283},"melbands":{"dmean":[0.0000513551240147,0.0002496674133,0.000182931384188,0.000286160910036,0.00014100993576,0.00010216460214,0.00007773940888,0.0000921408936847,0.0000942803599173,0.0000769457183196,0.0000709454616299,0.000059281825088,0.0000589769188082,0.0000300159645121,0.0000299029197777,0.0000309481947625,0.0000218861787289,0.0000266718907369,0.0000171475949173,0.0000126095746964,0.0000210049111047,0.0000325809596688,0.0000291743835987,0.0000212456452573,0.0000137308052217,0.00000866711434355,0.00000916963108466,0.00000914334577828,0.00000302387684314,0.00000309237816509,0.00000272257193501,0.00000170239479758,0.00000149647109993,0.00000120917025015,0.00000189317120203,0.00000146568993387,0.00000138975940445,7.22153856714e-7,4.55836413948e-7,2.81259701751e-7],"dmean2":[0.0000826203540782,0.000400347867981,0.000304530287394,0.000460414012196,0.000217308843276,0.000154330264195,0.000127747713123,0.000148389677634,0.0001517063356,0.000123164034449,0.000118085037684,0.0000924495470827,0.0000928909794311,0.000047962712415,0.0000471992134408,0.0000479457703477,0.0000345207663486,0.0000428052189818,0.0000280547428702,0.0000201592447411,0.0000341121995007,0.0000525807299709,0.0000459707880509,0.0000338187564921,0.0000218144868995,0.0000140189895319,0.0000145572666952,0.0000147610035128,0.00000475024535262,0.00000482731547891,0.00000433080367657,0.00000260532215179,0.00000224789164349,0.00000184745169918,0.00000291097035188,0.00000215431555262,0.00000205300739253,0.00000107104460767,6.74624800467e-7,4.13595586224e-7],"dvar":[9.49597644961e-9,1.00722836294e-7,5.62389814718e-8,1.68487204633e-7,4.98283583283e-8,2.58263845865e-8,2.52034944026e-8,4.57380586738e-8,5.80811736484e-8,4.35319336134e-8,2.82494898585e-8,1.79577028803e-8,1.81651493847e-8,3.85028675609e-9,3.15423176467e-9,2.16422213484e-9,1.41708711432e-9,1.84587334306e-9,1.17898479868e-9,4.80934625458e-10,1.48515155729e-9,5.50160406121e-9,5.40637801194e-9,2.06299310967e-9,1.00556352134e-9,3.48736844957e-10,3.38587630155e-10,1.02174446681e-9,4.153257252e-11,6.26730958797e-11,3.79374309745e-11,1.75652825618e-11,1.65017947223e-11,1.0351140084e-11,2.51365404186e-11,1.08578901079e-11,1.16434127964e-11,3.09665270856e-12,1.39432562718e-12,4.87075982845e-13],"dvar2":[2.10776676113e-8,2.45274918598e-7,1.58048919729e-7,4.06704288025e-7,1.04978930437e-7,5.7798793307e-8,6.14196551396e-8,1.1267027844e-7,1.44074988384e-7,1.04775828902e-7,7.81056641586e-8,4.0204906071e-8,4.61162237286e-8,9.23201959324e-9,7.21119874925e-9,5.130261993e-9,3.5445253399e-9,4.62917082444e-9,3.19175708086e-9,1.1813205969e-9,3.72417963135e-9,1.35937829882e-8,1.30850805746e-8,4.8047108514e-9,2.20157581055e-9,8.02459043658e-10,7.79138864537e-10,2.48412446169e-9,1.02657590761e-10,1.54179224943e-10,8.99329152815e-11,4.06312171408e-11,3.75382155915e-11,2.37277714837e-11,5.61731147708e-11,2.36393543629e-11,2.71020636489e-11,6.73737324611e-12,2.82919759668e-12,1.06096555152e-12],"max":[0.0017763247015,0.00447356747463,0.00350047182292,0.00861280970275,0.00574990641326,0.0034355786629,0.00351287890226,0.00377555564046,0.00446758372709,0.0033412470948,0.00483408244327,0.00424338318408,0.00265386421233,0.00114941969514,0.00111634470522,0.000795121421106,0.000807052128948,0.000741802505217,0.000884585198946,0.000448396691354,0.000634559430182,0.00118286267389,0.00115906784777,0.0011932705529,0.000643639650661,0.000381572928745,0.000398742762627,0.00065033842111,0.000154884182848,0.000248920783633,0.000121902899991,0.0000776377783041,0.0000756993104005,0.000065573338361,0.0000938901503105,0.000056833603594,0.0000804852898,0.0000355505580956,0.0000307888149109,0.0000123915033328],"mean":[0.0000874214892974,0.000483450887259,0.000371083413484,0.000476873014122,0.000291306176223,0.000204330775887,0.000111613466288,0.000129975756863,0.000146114631207,0.000117263967695,0.0000963549755397,0.000104477163404,0.00010147492867,0.000046253666369,0.0000557302701054,0.0000629271235084,0.0000419620992034,0.000046756809752,0.0000285986843664,0.000021636740712,0.0000344643704011,0.0000544182366866,0.0000549028263777,0.0000436129448644,0.0000287362800009,0.0000188108497241,0.0000212435679714,0.0000177305282705,0.00000536270590601,0.00000478514675706,0.0000044798757699,0.00000253047642218,0.00000202578780772,0.00000165461858614,0.0000024388498332,0.00000221201025852,0.000001971517122,9.62722879194e-7,6.10536517343e-7,3.47665633171e-7],"median":[0.0000401397264795,0.000286975322524,0.000273013749393,0.000299886771245,0.000212106431718,0.000131587148644,0.000056750177464,0.0000409971144109,0.0000267231789621,0.0000263433685177,0.000035041164665,0.0000420299184043,0.0000321363768307,0.0000179273829417,0.000026073288609,0.0000361602615158,0.0000241028737946,0.000027166084692,0.0000179062972165,0.0000119507940326,0.0000180218085006,0.000024051832952,0.000016229781977,0.0000176352241397,0.0000103183720057,0.00000779744004831,0.0000108090207505,0.00000567785536987,0.00000289421609523,0.00000257253896052,0.0000026592958875,0.00000124900088849,7.98232690613e-7,5.34314096967e-7,6.45974296276e-7,7.2798434303e-7,5.28048531123e-7,2.92569694693e-7,1.63089353578e-7,6.27182146218e-8],"min":[2.46924744045e-24,1.89234478299e-24,2.83442042259e-24,2.88657300311e-24,3.28659174638e-24,4.68259865844e-24,4.60515578894e-24,2.44296752547e-24,2.14401507759e-24,4.32258147396e-24,1.63627777215e-24,3.65869073005e-24,2.89226325404e-24,2.73585797173e-24,4.23987926881e-24,5.25738953526e-24,5.49641833384e-24,3.42672499758e-24,3.9798273271e-24,2.76459163855e-24,5.97047640623e-24,4.23518160212e-24,3.9637341702e-24,5.48411328701e-24,5.44639981929e-24,5.84241667118e-24,5.96990132663e-24,5.44064152911e-24,5.1643370806e-24,4.93806889601e-24,5.4295568501e-24,6.55960640771e-24,7.37761651224e-24,6.15606973924e-24,6.06226273913e-24,6.87194168364e-24,6.42120983379e-24,6.99280779609e-24,6.40291102181e-24,7.71505728648e-24],"var":[1.71601204357e-8,3.1715279647e-7,1.23587938106e-7,3.27473600237e-7,1.18865969512e-7,6.01386673793e-8,3.81659717164e-8,7.61217435752e-8,1.19901329754e-7,8.06131836839e-8,3.15211963198e-8,4.31115516619e-8,3.9041879063e-8,6.92447210682e-9,9.13946518466e-9,6.77314337949e-9,3.19751713995e-9,3.72739439314e-9,1.43003353603e-9,8.84369855125e-10,2.35734232135e-9,8.71022809434e-9,1.08921387465e-8,5.08275199707e-9,2.7475837161e-9,1.10740205894e-9,1.12653508744e-9,2.22973661756e-9,7.06512418014e-11,7.07183478443e-11,4.67610360155e-11,2.10272702028e-11,1.93723578845e-11,1.57537316525e-11,3.59292179342e-11,1.9699747042e-11,1.68908793202e-11,4.80569490452e-12,2.64723399451e-12,8.49259735886e-13]},"melbands_crest":{"dmean":3.13160467148,"dmean2":5.03720903397,"dvar":8.05978298187,"dvar2":19.7992343903,"max":40,"mean":11.5818033218,"median":10.4356527328,"min":1.76937878132,"var":27.6884250641},"melbands_flatness_db":{"dmean":0.0219240058213,"dmean2":0.0314223468304,"dvar":0.000589017523453,"dvar2":0.00110319373198,"max":1,"mean":0.149935424328,"median":0.138742864132,"min":0.00461785215884,"var":0.00405384879559},"melbands_kurtosis":{"dmean":8927360,"dmean2":17857072,"dvar":246686068031000000,"dvar2":740083475679000000,"max":27650025472,"mean":4463235.5,"median":2.1508846283,"min":-1.89474701881,"var":123350060582000000},"melbands_skewness":{"dmean":39.9441642761,"dmean2":79.1976089478,"dvar":4564383,"dvar2":13649011,"max":119546.890625,"mean":21.7076740265,"median":1.46120393276,"min":-1.41262757778,"var":2307025},"melbands_spread":{"dmean":9.61729335785,"dmean2":14.7280883789,"dvar":160.42906189,"dvar2":327.471618652,"max":250.396270752,"mean":41.4913978577,"median":35.6892127991,"min":1.54052681722e-8,"var":671.998840332},"mfcc":{"cov":[[7326.8203125,-192.135009766,-413.79675293,74.3204574585,3.04512143135,13.0049409866,-97.2587585449,-19.2123622894,-137.661331177,-159.475875854,-186.356567383,-43.7231750488,-132.212997437],[-192.135009766,955.659301758,-188.296203613,3.35306358337,-103.891441345,-37.2200088501,19.2774009705,-16.500164032,3.26772761345,56.4815101624,19.7494392395,21.6354789734,-12.9678697586],[-413.79675293,-188.296203613,522.380493164,-32.9289474487,74.7320404053,112.499855042,-24.6186332703,-30.8445568085,43.2988891602,12.7486343384,37.1999359131,0.69091463089,28.1927146912],[74.3204574585,3.35306358337,-32.9289474487,425.538604736,176.734039307,0.549329817295,-8.91342830658,3.49465203285,-7.35482692719,-68.2996063232,-27.0933952332,14.1912746429,7.89364814758],[3.04512143135,-103.891441345,74.7320404053,176.734039307,224.98828125,53.5654563904,-31.0994567871,-5.98605585098,14.6448402405,-45.2988891602,-6.75716638565,8.64084339142,-4.85039424896],[13.0049409866,-37.2200088501,112.499855042,0.549329817295,53.5654563904,148.133621216,31.6831874847,-17.4534225464,1.35935413837,-3.78948235512,11.9894199371,0.859554767609,-2.87087154388],[-97.2587585449,19.2774009705,-24.6186332703,-8.91342830658,-31.0994567871,31.6831874847,150.248352051,52.1145858765,-9.37723350525,-0.753976643085,-7.01154661179,-3.4185256958,6.74715471268],[-19.2123622894,-16.500164032,-30.8445568085,3.49465203285,-5.98605585098,-17.4534225464,52.1145858765,114.101699829,33.4044151306,-13.9292325974,-9.65350151062,-0.618359208107,9.09200382233],[-137.661331177,3.26772761345,43.2988891602,-7.35482692719,14.6448402405,1.35935413837,-9.37723350525,33.4044151306,98.8490066528,22.5661220551,4.78292703629,-2.38351917267,7.29855871201],[-159.475875854,56.4815101624,12.7486343384,-68.2996063232,-45.2988891602,-3.78948235512,-0.753976643085,-13.9292325974,22.5661220551,108.006011963,33.1491203308,4.17764377594,2.34544348717],[-186.356567383,19.7494392395,37.1999359131,-27.0933952332,-6.75716638565,11.9894199371,-7.01154661179,-9.65350151062,4.78292703629,33.1491203308,85.3589324951,18.369058609,-5.7956700325],[-43.7231750488,21.6354789734,0.69091463089,14.1912746429,8.64084339142,0.859554767609,-3.4185256958,-0.618359208107,-2.38351917267,4.17764377594,18.369058609,56.5856666565,14.2339677811],[-132.212997437,-12.9678697586,28.1927146912,7.89364814758,-4.85039424896,-2.87087154388,6.74715471268,9.09200382233,7.29855871201,2.34544348717,-5.7956700325,14.2339677811,71.5996627808]],"icov":[[0.000166255791555,0.0000488158038934,0.000134208021336,-0.0000209006266232,0.0000976258161245,-0.000220802627155,0.000233487982769,-0.0000944320781855,0.000157337257406,0.0000768955069361,0.000326230685459,-0.0000585879133723,0.000272547476925],[0.0000488158038934,0.00127231702209,0.00047106880811,-0.000358308141585,0.000738940958399,-0.000241141548031,-0.0000637164557702,0.000392433139496,-0.000391749403207,-0.000410497596022,-0.0000597556099819,-0.000521518872119,0.000323377345921],[0.000134208021336,0.00047106880811,0.00297792791389,0.000359705096344,-0.000451826228527,-0.00199400866404,0.000601390609518,0.000637199380435,-0.0010640474502,0.000130923275719,-0.000799625529908,0.000440337753389,-0.00117532408331],[-0.0000209006266232,-0.000358308141585,0.000359705096344,0.00412241462618,-0.00366118946113,0.00114441337064,-0.000740617280826,0.000403438636567,0.000224495975999,0.00117323873565,0.000276932812994,-0.000369655288523,-0.000848595169373],[0.0000976258161245,0.000738940958399,-0.000451826228527,-0.00366118946113,0.00940257031471,-0.00335549144074,0.00232982612215,-0.000478418514831,-0.00143000297248,0.00149579858407,0.000296314508887,-0.00120176072232,0.00159893394448],[-0.000220802627155,-0.000241141548031,-0.00199400866404,0.00114441337064,-0.00335549144074,0.0108671123162,-0.00449471967295,0.00298251025379,-0.000526202202309,0.00054716039449,-0.00116964394692,-0.0000175338518602,0.000405350292567],[0.000233487982769,-0.0000637164557702,0.000601390609518,-0.000740617280826,0.00232982612215,-0.00449471967295,0.0106867207214,-0.00612546643242,0.00303025380708,-0.00105062720831,0.00112022506073,0.00058833824005,-0.000287911883788],[-0.0000944320781855,0.000392433139496,0.000637199380435,0.000403438636567,-0.000478418514831,0.00298251025379,-0.00612546643242,0.0144974729046,-0.00647744350135,0.00313377263956,-0.00055536290165,-0.000602635263931,-0.000942738086451],[0.000157337257406,-0.000391749403207,-0.0010640474502,0.000224495975999,-0.00143000297248,-0.000526202202309,0.00303025380708,-0.00647744350135,0.0144805498421,-0.00406904891133,0.000899228849448,0.00131033884827,-0.000497688422911],[0.0000768955069361,-0.000410497596022,0.000130923275719,0.00117323873565,0.00149579858407,0.00054716039449,-0.00105062720831,0.00313377263956,-0.00406904891133,0.0135018425062,-0.00417337659746,0.00000600981957177,-0.000655437004752],[0.000326230685459,-0.0000597556099819,-0.000799625529908,0.000276932812994,0.000296314508887,-0.00116964394692,0.00112022506073,-0.00055536290165,0.000899228849448,-0.00417337659746,0.0160534698516,-0.00543052982539,0.00323812919669],[-0.0000585879133723,-0.000521518872119,0.000440337753389,-0.000369655288523,-0.00120176072232,-0.0000175338518602,0.00058833824005,-0.000602635263931,0.00131033884827,0.00000600981957177,-0.00543052982539,0.0212507583201,-0.0051942858845],[0.000272547476925,0.000323377345921,-0.00117532408331,-0.000848595169373,0.00159893394448,0.000405350292567,-0.000287911883788,-0.000942738086451,-0.000497688422911,-0.000655437004752,0.00323812919669,-0.0051942858845,0.0167230833322]],"mean":[-643.510314941,102.372703552,-22.9337329865,27.0808486938,2.10633230209,1.15634441376,-1.30383718014,2.79645013809,-12.2527294159,-1.55624747276,-9.87761116028,-0.71915948391,-10.9795980453]},"pitch_salience":{"dmean":0.0625513568521,"dmean2":0.09882671386,"dvar":0.00312039488927,"dvar2":0.00740060815588,"max":0.870411634445,"mean":0.593196332455,"median":0.603834450245,"min":0.0000164215052791,"var":0.0110017210245},"silence_rate_20dB":{"dmean":0,"dmean2":0,"dvar":0,"dvar2":0,"max":1,"mean":1,"median":1,"min":1,"var":0},"silence_rate_30dB":{"dmean":0,"dmean2":0,"dvar":0,"dvar2":0,"max":1,"mean":1,"median":1,"min":1,"var":0},"silence_rate_60dB":{"dmean":0.0125887673348,"dmean2":0.0251815989614,"dvar":0.0124317621812,"dvar2":0.0280999168754,"max":1,"mean":0.0477650463581,"median":0,"min":0,"var":0.0454895012081},"spectral_centroid":{"dmean":252.365112305,"dmean2":384.277893066,"dvar":115919.734375,"dvar2":232790.9375,"max":11384.8496094,"mean":1929.40698242,"median":1873.72497559,"min":149.383132935,"var":763337.0625},"spectral_complexity":{"dmean":4.06423521042,"dmean2":6.10330915451,"dvar":19.5178546906,"dvar2":37.4404029846,"max":57,"mean":21.7548809052,"median":22,"min":0,"var":98.6120223999},"spectral_contrast_coeffs":{"dmean":[0.0522664003074,0.0499751605093,0.0412058718503,0.0297813285142,0.0238535627723,0.0185718871653],"dmean2":[0.0850526317954,0.0807998850942,0.064733915031,0.0477391295135,0.0377883724868,0.0291018858552],"dvar":[0.00181463733315,0.00173140654806,0.00127533066552,0.000667701766361,0.000466826953925,0.00026694504777],"dvar2":[0.0047907717526,0.00432039517909,0.00283530075103,0.00154560280498,0.000999238109216,0.000623110157903],"max":[-0.348577171564,-0.349191844463,-0.403473109007,-0.521256089211,-0.590533494949,-0.63703584671],"mean":[-0.607715010643,-0.721831262112,-0.759732425213,-0.775250911713,-0.760552704334,-0.744892418385],"median":[-0.607700943947,-0.731878936291,-0.769014239311,-0.779451489449,-0.769594013691,-0.740015625954],"min":[-0.981514513493,-0.998448193073,-0.998233497143,-0.993569552898,-0.987764716148,-0.963490307331],"var":[0.00608312245458,0.00681212823838,0.00584926689044,0.00280268071219,0.00300441426225,0.00152627320495]},"spectral_contrast_valleys":{"dmean":[0.428235858679,0.3973775208,0.37231913209,0.292438268661,0.265687137842,0.372540593147],"dmean2":[0.70698839426,0.640668272972,0.578940391541,0.44215464592,0.388216227293,0.466854900122],"dvar":[0.16393494606,0.177039578557,0.170756548643,0.128114849329,0.126465886831,0.187982216477],"dvar2":[0.384722262621,0.387043327093,0.343923479319,0.251027435064,0.246542870998,0.321844726801],"max":[-6.09137153625,-4.89694881439,-5.54029321671,-6.03163862228,-5.48547029495,-7.75992298126],"mean":[-8.03199672699,-7.21953105927,-7.5810842514,-7.66969442368,-7.40847635269,-10.3621530533],"median":[-7.76609563828,-6.95524454117,-7.35423898697,-7.38355302811,-7.14701843262,-10.2279262543],"min":[-27.8147907257,-27.7315940857,-27.5854988098,-27.5484848022,-27.4731311798,-27.3396015167],"var":[2.54211831093,2.73052668571,2.7285823822,2.70583891869,2.66868376732,2.46515059471]},"spectral_decrease":{"dmean":8.07787392532e-10,"dmean2":1.23531163077e-9,"dvar":7.7833952649e-19,"dvar2":1.77600040893e-18,"max":1.04849130805e-28,"mean":-3.47744832929e-9,"median":-3.3902263219e-9,"min":-1.15804974499e-8,"var":2.83539998434e-18},"spectral_energy":{"dmean":0.00349773163907,"dmean2":0.00528048211709,"dvar":0.0000158360089699,"dvar2":0.0000352453425876,"max":0.0504402071238,"mean":0.0150092607364,"median":0.0144292516634,"min":1.01943160408e-20,"var":0.0000557841231057},"spectral_energyband_high":{"dmean":0.000454465916846,"dmean2":0.000644131272566,"dvar":8.29743385111e-7,"dvar2":0.00000179667688371,"max":0.0114048114046,"mean":0.000801370944828,"median":0.000386734347558,"min":7.30990170188e-21,"var":0.00000143134661812},"spectral_energyband_low":{"dmean":0.000971451401711,"dmean2":0.00155367830303,"dvar":0.00000139486223816,"dvar2":0.00000347956643054,"max":0.0172561947256,"mean":0.00207670894451,"median":0.00143644481432,"min":3.60335663406e-23,"var":0.00000456594898424},"spectral_energyband_middle_high":{"dmean":0.00201996299438,"dmean2":0.00301950750872,"dvar":0.00000904902390175,"dvar2":0.0000195016891666,"max":0.0355730615556,"mean":0.00652058375999,"median":0.00479447329417,"min":1.15991542759e-21,"var":0.0000301452582789},"spectral_energyband_middle_low":{"dmean":0.00215857662261,"dmean2":0.00339722097851,"dvar":0.0000064514101723,"dvar2":0.000015444618839,"max":0.0366227217019,"mean":0.00603330275044,"median":0.00498897209764,"min":1.63164114751e-22,"var":0.0000193543619389},"spectral_entropy":{"dmean":0.150421246886,"dmean2":0.204782575369,"dvar":0.027819339186,"dvar2":0.0479790717363,"max":9.81755638123,"mean":7.63303756714,"median":7.67335224152,"min":5.39055109024,"var":0.177052259445},"spectral_flux":{"dmean":0.0165417622775,"dmean2":0.0249764546752,"dvar":0.000290801923256,"dvar2":0.000619839527644,"max":0.184029430151,"mean":0.0654463618994,"median":0.0625687986612,"min":6.46611861277e-11,"var":0.000808305107057},"spectral_kurtosis":{"dmean":1.60129594803,"dmean2":2.72781538963,"dvar":3.28592729568,"dvar2":9.25664329529,"max":28.6522006989,"mean":4.0446767807,"median":3.53157663345,"min":-1.27244126797,"var":6.45533227921},"spectral_rms":{"dmean":0.000443655910203,"dmean2":0.00066158210393,"dvar":2.1957949059e-7,"dvar2":4.57353053207e-7,"max":0.00701498100534,"mean":0.00366762699559,"median":0.00375197525136,"min":3.15367632182e-12,"var":0.00000119165736123},"spectral_rolloff":{"dmean":497.701934814,"dmean2":802.440917969,"dvar":697723.6875,"dvar2":1367834,"max":19099.9511719,"mean":2430.88647461,"median":2368.65234375,"min":21.533203125,"var":2792587},"spectral_skewness":{"dmean":0.206164181232,"dmean2":0.339814513922,"dvar":0.0432737246156,"dvar2":0.110310524702,"max":4.11641263962,"mean":1.27041947842,"median":1.24866855145,"min":-0.205217927694,"var":0.139218226075},"spectral_spread":{"dmean":517607.21875,"dmean2":745195.0625,"dvar":1225077686270,"dvar2":2985660514300,"max":48980812,"mean":3987654.5,"median":3633040.75,"min":1661741.625,"var":6527221497860},"spectral_strongpeak":{"dmean":0.863707602024,"dmean2":1.44223845005,"dvar":2.11250591278,"dvar2":4.73059606552,"max":18.0876960754,"mean":1.56854891777,"median":0.575228333473,"min":0,"var":5.53051042557},"zerocrossingrate":{"dmean":0.011397536844,"dmean2":0.0128430975601,"dvar":0.000228882548981,"dvar2":0.000275438913377,"max":0.5205078125,"mean":0.081933863461,"median":0.076171875,"min":0,"var":0.00194062315859}},"metadata":{"audio_properties":{"analysis_sample_rate":44100,"bit_rate":0,"codec":"flac","downmix":"mix","equal_loudness":0,"length":143.866668701,"lossless":true,"md5_encoded":"f304cde2142b1e3e9b5f4013a1235270","replay_gain":-14.6426734924,"sample_rate":44100},"tags":{"acoustid_id":["2a006ca8-3614-48ea-ba67-c5de8646f36b"],"album":["Beatles for Sale"],"albumartist":["The Beatles"],"albumartistsort":["Beatles, The"],"artist":["The Beatles"],"artists":["The Beatles"],"artistsort":["Beatles, The"],"catalognumber":["PMC 1240"],"composer":["Carl Perkins"],"composersort":["Perkins, Carl"],"date":["1964-12-04"],"discnumber":["1"],"disctotal":["1"],"file_name":"14 Everybody’s Trying to Be My Baby.flac","genre":["Rock"],"label":["Parlophone"],"language":["eng"],"lyricist":["Carl Perkins"],"media":["12\" Vinyl"],"musicbrainz_albumartistid":["b10bbbfc-cf9e-42e0-be17-e2c3e1d2600d"],"musicbrainz_albumid":["c9f28bf9-3e03-4da2-b0b8-5d76691df7de"],"musicbrainz_artistid":["b10bbbfc-cf9e-42e0-be17-e2c3e1d2600d"],"musicbrainz_recordingid":["170f49f6-33d2-4fa9-bbec-1c22e72eba13"],"musicbrainz_releasegroupid":["f50a3b6f-27f0-3832-bd3f-3568dc557d95"],"musicbrainz_releasetrackid":["7bae844d-148e-3cf3-a82a-8534f6c0f467"],"musicbrainz_workid":["3f3c6b84-5980-35d9-9930-dc78bd9172c5"],"originaldate":["1964-12-04"],"producer":["George Martin"],"releasecountry":["GB"],"releasestatus":["official"],"releasetype":["album"],"script":["Latn"],"title":["Everybody’s Trying to Be My Baby"],"totaldiscs":["1"],"totaltracks":["14"],"tracknumber":["14"],"tracktotal":["14"],"work":["Everybody’s Trying to Be My Baby"]},"version":{"essentia":"2.1-beta1","essentia_build_sha":"ca57ba49d9b1854bd80e60cf9ccf267278fb7d6b","essentia_git_sha":"v2.1_beta1-28-g21ef5f4-dirty","extractor":"music 1.0"}},"rhythm":{"beats_count":406,"beats_loudness":{"dmean":0.00701950257644,"dmean2":0.0123144183308,"dvar":0.0000245709852607,"dvar2":0.0000773538704379,"max":0.0368812978268,"mean":0.0187782961875,"median":0.0189049951732,"min