{"lowlevel":{"average_loudness":0.922012031078,"barkbands":{"dmean":[0.0026243426837,0.0108264330775,0.00103081110865,0.000352916045813,0.000350121874362,0.000394144648453,0.000127632098156,0.0000935370262596,0.000140924195875,0.000256455561612,0.000269422278507,0.00047221253044,0.000432089145761,0.000398964388296,0.000678214419167,0.000997800263576,0.000683384598233,0.000658701348584,0.000351250026142,0.000220114961849,0.000132329834742,0.0000673340764479,0.0000379232660634,0.0000197296121769,0.00000165773030858,0.0000556417835469,0.0009264164255],"dmean2":[0.00448121130466,0.0187950711697,0.00175950385164,0.00059327861527,0.000573986500967,0.00062214420177,0.000208693716559,0.000151615255163,0.000229895216762,0.000420700729592,0.000452642707387,0.000784192467108,0.00071730761556,0.000659597688355,0.00113120512106,0.001672807266,0.00114029622637,0.00106327305548,0.00054948538309,0.000334941025358,0.000197476983885,0.0000956868098001,0.0000541226836503,0.0000292477179755,0.00000277501112578,0.0000785424781498,0.00139123701956],"dvar":[0.0000267721607088,0.000372768408852,0.00000237648328039,3.72591642872e-7,5.27279041762e-7,0.00000118188734177,9.67235322946e-8,5.4380276282e-8,8.74130705597e-8,2.90421553473e-7,2.77533814597e-7,0.00000126007796553,5.79916672905e-7,6.04974843554e-7,0.00000129133286464,0.00000253926577898,0.00000115587374694,0.00000134792946938,3.74954083782e-7,1.42016361337e-7,4.12003835493e-8,1.14297300513e-8,3.98667987511e-9,1.52014711929e-9,9.58941519941e-12,9.94068471982e-9,0.00000118445950648],"dvar2":[0.0000693054971634,0.00100150180515,0.00000600680505158,9.7792201359e-7,0.00000132237232719,0.00000291455398838,2.48314620421e-7,1.29339866817e-7,2.2447946435e-7,7.27876965811e-7,7.73301508161e-7,0.00000334987726092,0.00000137166273362,0.00000152076609083,0.00000352392271452,0.00000664324306854,0.00000297514066006,0.00000330358352585,8.68512245233e-7,3.06969326402e-7,8.62845297434e-8,2.18974474109e-8,8.08230193883e-9,3.33582605982e-9,2.41463741363e-11,2.06143102588e-8,0.00000246335457632],"max":[0.0630454793572,0.192074730992,0.0217462386936,0.0116240233183,0.0208724178374,0.0386478640139,0.00804344750941,0.00787222664803,0.00662853661925,0.0202276613563,0.0142262764275,0.0353265926242,0.0216188784689,0.0294522829354,0.0232912320644,0.0280881058425,0.014436846599,0.0155529361218,0.0115310959518,0.00938792526722,0.00271670124494,0.00163951131981,0.00086733920034,0.000554734899197,0.0000657824857626,0.0016020553885,0.0124642923474],"mean":[0.00280081410892,0.0114172752947,0.00124301784672,0.000444510718808,0.000498912006151,0.000556517858058,0.000184080548934,0.000126635699417,0.000209881007322,0.000391312263673,0.000401231023716,0.000796301406808,0.000709505635314,0.000619507452939,0.00112260121386,0.00170281610917,0.00100816425402,0.000989085645415,0.000573193712626,0.000410536857089,0.000265208975179,0.00012432319636,0.0000658363787807,0.0000262927533186,0.00000161241496244,0.0000863615932758,0.00263188197277],"median":[0.00104888435453,0.00597253954038,0.000730585365091,0.000248569151154,0.000253496895311,0.000131402077386,0.0000695919516147,0.0000479212321807,0.0000949263339862,0.000201219489099,0.000209164994885,0.000342166924383,0.000423424207838,0.000333864183631,0.000643932435196,0.00108608452138,0.000586948008277,0.000447437982075,0.000267126393737,0.000210864964174,0.000149679050082,0.0000637791745248,0.0000301672316709,0.00000683911912347,6.01273200118e-7,0.0000311756703013,0.0021997699514],"min":[1.28232170182e-24,3.02854844175e-24,1.31505489344e-24,9.50215599459e-25,7.35937647039e-24,8.3178251153e-24,5.37832585633e-24,5.51787101173e-24,1.50877599841e-23,1.0754097381e-23,1.80246276031e-23,3.22031543965e-23,4.25088995267e-23,3.21331193254e-23,5.2803102044e-23,3.36040798563e-23,7.94054449877e-23,1.00359717399e-22,1.73526945012e-22,2.34689123286e-22,3.00548179389e-22,3.55161082966e-22,4.15968223346e-22,6.75661460536e-22,9.67990340382e-22,1.24633328436e-21,1.91219237191e-21],"var":[0.0000285130026896,0.000302706466755,0.00000267097288997,4.47771242307e-7,8.47633202739e-7,0.00000212583881876,1.80827925078e-7,8.60032471905e-8,1.48195923089e-7,5.48262448774e-7,4.25331990073e-7,0.00000256044313574,0.00000120520519431,0.00000109314066776,0.00000236701635004,0.00000389921206079,0.00000140010718042,0.00000194147014554,6.04376680258e-7,2.90615986387e-7,1.00510646917e-7,2.65274007205e-8,8.2737692253e-9,2.37649033785e-9,9.2866027368e-12,1.85888282545e-8,0.00000338337167705]},"barkbands_crest":{"dmean":3.23042869568,"dmean2":5.40364742279,"dvar":9.51592159271,"dvar2":25.7918663025,"max":25.3306064606,"mean":9.76892471313,"median":8.90355300903,"min":2.87645411491,"var":17.8566055298},"barkbands_flatness_db":{"dmean":0.0230368115008,"dmean2":0.0377128832042,"dvar":0.000524840783328,"dvar2":0.00137909909245,"max":0.391605943441,"mean":0.109592542052,"median":0.100752107799,"min":0.0418247915804,"var":0.00153421610594},"barkbands_kurtosis":{"dmean":2.02193784714,"dmean2":3.33685541153,"dvar":65.3987808228,"dvar2":166.314331055,"max":336.662017822,"mean":1.26075816154,"median":-0.515979290009,"min":-1.9570274353,"var":112.103614807},"barkbands_skewness":{"dmean":0.579080343246,"dmean2":0.93535977602,"dvar":0.444816976786,"dvar2":1.10957086086,"max":14.5063114166,"mean":0.902038812637,"median":0.689091324806,"min":-2.09596705437,"var":1.31372654438},"barkbands_spread":{"dmean":12.4095497131,"dmean2":20.2775306702,"dvar":124.801818848,"dvar2":320.894104004,"max":135.230010986,"mean":64.8570861816,"median":66.6262817383,"min":0.794611990452,"var":402.856018066},"dissonance":{"dmean":0.00638636294752,"dmean2":0.0110304243863,"dvar":0.0000678372089169,"dvar2":0.0001886998798,"max":0.500000059605,"mean":0.491514980793,"median":0.494195073843,"min":0.302780151367,"var":0.0000852229568409},"dynamic_complexity":2.46869087219,"erbbands":{"dmean":[0.448187142611,1.95550537109,1.664311409,1.03647887707,1.20405685902,1.08569025993,1.79356896877,3.80987524986,2.30792069435,1.5013679266,2.26370191574,2.96082162857,6.4520111084,8.49718284607,11.8775672913,19.2354888916,19.6456260681,18.4974517822,25.8389644623,44.5599365234,52.8161697388,36.0405082703,36.7191886902,24.1548423767,14.1647863388,10.0476408005,7.30688142776,3.9237279892,2.6577475071,1.56055402756,1.04106199741,0.586002528667,0.232784464955,0.0264305062592,0.012620835565,0.0449359789491,0.125117957592,0.128632754087,0.0753994733095,0.020021295175],"dmean2":[0.767476022243,3.44800615311,2.83348274231,1.71103596687,2.0117149353,1.78880679607,2.86357140541,6.03279590607,3.69548821449,2.41793823242,3.69329786301,4.84649848938,10.4789857864,14.0467014313,19.9719390869,32.0542259216,32.474067688,30.3899974823,42.930847168,74.5111465454,87.6715698242,59.6043548584,59.4887962341,37.6317253113,21.8587646484,15.2909078598,10.8469114304,5.82280111313,3.80540537834,2.18453979492,1.50586497784,0.857020676136,0.353881567717,0.0421569310129,0.0206637550145,0.0678163096309,0.176431670785,0.181386679411,0.108224444091,0.0304385684431],"dvar":[0.676080048084,13.0846767426,6.73048877716,2.69106149673,5.2327466011,5.10455226898,27.5218658447,148.099990845,35.8808898926,11.2350854874,31.8641910553,43.7573165894,296.914398193,251.330673218,385.607421875,2516.82275391,1211.50964355,1224.59399414,2032.15209961,7331.3203125,6393.22412109,3425.61865234,4079.50634766,1707.66845703,794.331726074,311.509216309,128.867797852,36.44947052,17.9579181671,6.52308654785,3.17297554016,1.22117269039,0.250309586525,0.00199343613349,0.000502785493154,0.00867613777518,0.052249006927,0.044856056571,0.0133857559413,0.000527934695128],"dvar2":[1.80692958832,35.2012519836,17.3524188995,6.80200433731,12.9213600159,12.7226753235,67.3672714233,368.880065918,91.3837432861,26.7157020569,80.750831604,111.651382446,727.997497559,697.925354004,1032.77355957,6656.73974609,2910.61450195,3016.28710938,5400.46191406,19908.3691406,16710.0136719,8791.421875,10170.1630859,3949.16357422,1909.27453613,668.62487793,270.338989258,76.9594802856,35.2517433167,12.6574211121,6.61623334885,2.67867708206,0.560904800892,0.00468182750046,0.00124679727014,0.0193933919072,0.108289167285,0.0900955721736,0.0278411302716,0.00112146907486],"max":[8.39036655426,32.4623947144,27.4247837067,31.1494655609,48.4952850342,70.032875061,164.465820312,476.763549805,140.394210815,81.1122512817,153.81199646,147.193725586,701.476318359,499.970001221,401.0105896,1759.82946777,1102.03137207,1162.65075684,782.083129883,2409.21533203,1466.4798584,885.676696777,983.231384277,507.375213623,863.550476074,451.395446777,173.91583252,107.55557251,67.3298721313,33.9139671326,25.492647171,17.9700202942,9.8010635376,0.802154242992,0.478598564863,2.01716136932,3.99156045914,2.44513082504,1.57331037521,0.245344057679],"mean":[0.506260693073,1.83095169067,1.91260671616,1.44092905521,1.64259564877,1.50019907951,2.48555922508,5.2416768074,3.50759243965,2.2665116787,3.26028203964,4.60613155365,10.0334796906,13.9475698471,20.3240947723,33.5090370178,33.9707450867,31.543504715,43.8749885559,77.4154891968,91.9810409546,56.5960235596,54.4729270935,39.6363487244,23.8537750244,18.6932964325,14.3095464706,8.01394844055,4.92286586761,2.79759740829,1.75554227829,0.866863131523,0.272285103798,0.0301769673824,0.0136231863871,0.0544734075665,0.192097708583,0.224883437157,0.156830817461,0.0598162971437],"median":[0.270118445158,0.802033483982,1.05705702305,0.890449404716,0.894954562187,0.711956501007,0.774405837059,1.12210094929,1.13563680649,0.967582941055,1.27232134342,2.11766839027,4.84536647797,7.68073797226,11.4466342926,15.1367301941,20.1319408417,18.3928203583,24.1193313599,46.146987915,62.3423728943,33.3098716736,25.4515094757,17.9909992218,11.1854486465,9.50647354126,7.99135112762,4.65822935104,2.55603814125,1.35208940506,0.78263425827,0.286152660847,0.047628313303,0.0114710889757,0.00590771716088,0.0119566926733,0.0661280676723,0.101551912725,0.0891424715519,0.0516982078552],"min":[9.89325165605e-23,8.49642322424e-22,1.89600277519e-21,4.91787268107e-21,1.49072147393e-20,2.67865380775e-20,6.61137546268e-20,8.17856929956e-20,5.75822137889e-20,1.84630241164e-19,1.48854149759e-19,3.66490642198e-19,6.5692419842e-19,7.67004567158e-19,1.02354832689e-18,1.53743087032e-18,2.29155830329e-18,1.53659862322e-18,2.41653102498e-18,3.47695609755e-18,4.48442941001e-18,4.73685019138e-18,5.82035794574e-18,8.0222639327e-18,8.39901575039e-18,1.04368438454e-17,1.0947450857e-17,1.29033260328e-17,1.2364840553e-17,1.30527049253e-17,1.32137338295e-17,1.26014092452e-17,1.13498188039e-17,9.13480448579e-18,7.19076626453e-18,4.65633367132e-18,2.34338757932e-18,9.32655032845e-19,2.59907903282e-19,2.89959310313e-20],"var":[0.594903945923,9.80310916901,6.65713357925,3.37125182152,7.55453586578,8.22106075287,49.113494873,253.547286987,70.7475738525,20.186788559,50.0757331848,74.3675918579,580.184326172,439.036712646,709.152770996,4888.71435547,2644.36523438,2386.46240234,3652.40112305,13026.1074219,9721.71875,4178.08154297,5667.92431641,2885.13867188,1144.75061035,621.727416992,307.674621582,88.4062347412,41.1859741211,14.2728071213,6.19614982605,2.05641365051,0.34481677413,0.00251580146141,0.00053007772658,0.0122273042798,0.0965105369687,0.0940902233124,0.0304470174015,0.001558239921]},"erbbands_crest":{"dmean":2.12684988976,"dmean2":3.60511279106,"dvar":3.71418142319,"dvar2":10.0431842804,"max":33.1503677368,"mean":8.138879776,"median":7.53565311432,"min":2.51721668243,"var":9.02348518372},"erbbands_flatness_db":{"dmean":0.0173513181508,"dmean2":0.0271396581084,"dvar":0.000239598608459,"dvar2":0.000548846903257,"max":0.336557745934,"mean":0.147161260247,"median":0.140898004174,"min":0.0287247188389,"var":0.00120464619249},"erbbands_kurtosis":{"dmean":1.54618191719,"dmean2":2.51753115654,"dvar":3.62417221069,"dvar2":10.1863040924,"max":73.9065933228,"mean":2.94805884361,"median":2.57701730728,"min":-1.72997415066,"var":7.91335296631},"erbbands_skewness":{"dmean":0.36822271347,"dmean2":0.596969485283,"dvar":0.103513248265,"dvar2":0.263848423958,"max":3.22804951668,"mean":-0.912100851536,"median":-0.902215778828,"min":-5.28072690964,"var":0.33790320158},"erbbands_spread":{"dmean":4.97100400925,"dmean2":7.92383098602,"dvar":28.9935588837,"dvar2":72.148147583,"max":118.184555054,"mean":21.0974235535,"median":19.4894943237,"min":1.85004234314,"var":91.6647796631},"gfcc":{"cov":[[12634.4414062,-387.062713623,-1003.68817139,355.351135254,187.397262573,-297.461456299,180.589904785,-115.997360229,106.588546753,-61.0670547485,-19.9038715363,180.539627075,-137.595108032],[-387.062713623,921.883728027,-84.3996429443,-348.119659424,156.085113525,-3.43064451218,-39.4512481689,-84.6057434082,40.0967712402,-26.4901027679,8.83781909943,-75.4232406616,125.986038208],[-1003.68817139,-84.3996429443,329.228973389,144.52507019,-95.1347427368,47.8971214294,-51.6153755188,81.9143218994,-26.0710639954,41.0994873047,7.36548471451,-9.72314739227,-10.5262031555],[355.351135254,-348.119659424,144.52507019,320.724639893,-27.9401950836,-11.1449651718,59.606590271,42.8956260681,-4.71932554245,19.4894313812,1.38911688328,39.7338943481,-79.9967269897],[187.397262573,156.085113525,-95.1347427368,-27.9401950836,234.009170532,93.0162887573,43.2987289429,-10.9542503357,11.579533577,-24.5987758636,4.28194189072,-23.8847045898,33.626411438],[-297.461456299,-3.43064451218,47.8971214294,-11.1449651718,93.0162887573,193.372207642,0.892714858055,47.6660041809,-25.4758777618,6.51790046692,0.0124448062852,-15.5910978317,33.6860542297],[180.589904785,-39.4512481689,-51.6153755188,59.606590271,43.2987289429,0.892714858055,141.696060181,-16.4337558746,38.6115913391,-7.7781867981,-7.93455219269,19.783870697,-28.2767696381],[-115.997360229,-84.6057434082,81.9143218994,42.8956260681,-10.9542503357,47.6660041809,-16.4337558746,137.832046509,17.1601066589,33.5648155212,15.8006353378,-19.6645507812,-9.49225330353],[106.588546753,40.0967712402,-26.0710639954,-4.71932554245,11.579533577,-25.4758777618,38.6115913391,17.1601066589,90.9808044434,36.3651618958,14.0139198303,9.44445228577,-13.5552825928],[-61.0670547485,-26.4901027679,41.0994873047,19.4894313812,-24.5987758636,6.51790046692,-7.7781867981,33.5648155212,36.3651618958,65.8595581055,34.0326309204,13.231300354,1.84427917004],[-19.9038715363,8.83781909943,7.36548471451,1.38911688328,4.28194189072,0.0124448062852,-7.93455219269,15.8006353378,14.0139198303,34.0326309204,53.999835968,31.8008117676,12.720334053],[180.539627075,-75.4232406616,-9.72314739227,39.7338943481,-23.8847045898,-15.5910978317,19.783870697,-19.6645507812,9.44445228577,13.231300354,31.8008117676,74.393989563,6.84583711624],[-137.595108032,125.986038208,-10.5262031555,-79.9967269897,33.626411438,33.6860542297,-28.2767696381,-9.49225330353,-13.5552825928,1.84427917004,12.720334053,6.84583711624,79.3645858765]],"icov":[[0.000188005855307,-0.000346648332197,0.00133142876439,-0.00119029509369,0.00042043463327,-0.000223614319111,0.000505135511048,-0.000357529061148,0.00000832459681988,-0.000192568244529,0.000435671769083,-0.000279485771898,-0.000132792803925],[-0.000346648332197,0.00426461966708,-0.00531999813393,0.00613412866369,-0.0035415883176,0.00251406175084,-0.00182758888695,0.00268471892923,-0.00219755806029,0.00199188152328,-0.00315393693745,0.0032344001811,-0.0019850935787],[0.00133142876439,-0.00531999813393,0.0193973854184,-0.0173058900982,0.0105101754889,-0.0070674167946,0.00645883427933,-0.00391205912456,-0.000468205980724,-0.000947854947299,0.000536742038094,0.0026720718015,-0.00411208858714],[-0.00119029509369,0.00613412866369,-0.0173058900982,0.0232156794518,-0.0124817369506,0.00843866821378,-0.00761031219736,0.000601527281106,0.00579983834177,-0.00564173376188,0.00467292591929,-0.00820993818343,0.00945221446455],[0.00042043463327,-0.0035415883176,0.0105101754889,-0.0124817369506,0.0171298962086,-0.0105502037331,0.00145859422628,0.00178056186996,-0.00756442174315,0.0111699672416,-0.0122425500304,0.011696071364,-0.00748167745769],[-0.000223614319111,0.00251406175084,-0.0070674167946,0.00843866821378,-0.0105502037331,0.0138496952131,-0.00361493416131,-0.00378004391678,0.00792522449046,-0.00862135272473,0.00838415883482,-0.00598920555785,0.000768259982578],[0.000505135511048,-0.00182758888695,0.00645883427933,-0.00761031219736,0.00145859422628,-0.00361493416131,0.0139582706615,0.000227844328037,-0.0066500864923,0.00313012581319,0.00297956936993,-0.00323256012052,0.00147215253673],[-0.000357529061148,0.00268471892923,-0.00391205912456,0.000601527281106,0.00178056186996,-0.00378004391678,0.000227844328037,0.0149412080646,-0.0076405769214,0.00441572489217,-0.0116897895932,0.0118490252644,-0.00263207382523],[0.00000832459681988,-0.00219755806029,-0.000468205980724,0.00579983834177,-0.00756442174315,0.00792522449046,-0.0066500864923,-0.0076405769214,0.0300963521004,-0.0250827874988,0.0156158870086,-0.0134014012292,0.0102211963385],[-0.000192568244529,0.00199188152328,-0.000947854947299,-0.00564173376188,0.0111699672416,-0.00862135272473,0.00313012581319,0.00441572489217,-0.0250827874988,0.0496984384954,-0.0346021391451,0.017560377717,-0.0101459808648],[0.000435671769083,-0.00315393693745,0.000536742038094,0.00467292591929,-0.0122425500304,0.00838415883482,0.00297956936993,-0.0116897895932,0.0156158870086,-0.0346021391451,0.0602096766233,-0.0351012572646,0.00868403632194],[-0.000279485771898,0.0032344001811,0.0026720718015,-0.00820993818343,0.011696071364,-0.00598920555785,-0.00323256012052,0.0118490252644,-0.0134014012292,0.017560377717,-0.0351012572646,0.0437290295959,-0.0165309403092],[-0.000132792803925,-0.0019850935787,-0.00411208858714,0.00945221446455,-0.00748167745769,0.000768259982578,0.00147215253673,-0.00263207382523,0.0102211963385,-0.0101459808648,0.00868403632194,-0.0165309403092,0.0295723490417]],"mean":[7.74550390244,49.5176277161,-111.425056458,15.9585189819,19.9700737,-12.5663414001,13.4299049377,-20.0094451904,9.02902317047,-10.8844213486,-4.14854001999,6.11101007462,-6.46668767929]},"hfc":{"dmean":30.420841217,"dmean2":45.223739624,"dvar":1292.04394531,"dvar2":2685.1809082,"max":492.072784424,"mean":106.287521362,"median":94.3958053589,"min":1.08724566774e-16,"var":3879.85620117},"melbands":{"dmean":[0.00353180151433,0.00142452807631,0.000176811910933,0.00008173326205,0.0000575089652557,0.0000809410776128,0.0000328912756231,0.0000166462577909,0.0000195559823624,0.0000197871959244,0.0000337919445883,0.000035226388718,0.0000376524876629,0.0000557166567887,0.0000440272815467,0.0000439813557023,0.0000355617630703,0.0000407482075389,0.0000548034913663,0.0000667216227157,0.0000659927245579,0.0000400923308916,0.0000370275047317,0.0000315087054332,0.00001979568151,0.0000125907763504,0.00000924116284295,0.00000644985948384,0.00000508304265168,0.00000369274471268,0.00000205451783586,0.00000166480799635,0.00000118617424505,8.12935638805e-7,6.56265740417e-7,4.74820836871e-7,3.26909230353e-7,2.01788481036e-7,4.93937371004e-8,1.51138088711e-8],"dmean2":[0.00609071459621,0.00245977612212,0.000291917385766,0.000135538910399,0.0000915977580007,0.000127910403535,0.0000527012998646,0.0000267406921921,0.0000318541715387,0.0000325105102092,0.0000549015348952,0.0000583833716519,0.000063336599851,0.0000931941904128,0.000073948292993,0.0000723444172763,0.0000590375566389,0.0000679277509334,0.0000919037338463,0.000112332389108,0.00010963245586,0.0000668012726237,0.0000613778029219,0.0000511536127306,0.0000312248812406,0.0000199535497813,0.0000145928233906,0.00000993592948362,0.00000772956082074,0.00000566463813811,0.00000311566532218,0.00000245460523729,0.00000172110208041,0.0000011837622651,9.7151053069e-7,7.11979737389e-7,4.8823335419e-7,3.0943232332e-7,7.9002717257e-8,2.53539340633e-8],"dvar":[0.0000398252559535,0.00000592662263443,7.79238717996e-8,2.24333316368e-8,2.82279817299e-8,6.00259895123e-8,6.79709843965e-9,1.4021982464e-9,2.22218998758e-9,1.92873850224e-9,7.84791964747e-9,4.0828354031e-9,4.46135839383e-9,1.89840587694e-8,7.17723969146e-9,6.71910704853e-9,4.74338435197e-9,5.25707832821e-9,9.02840646688e-9,1.41008031918e-8,1.01918162798e-8,4.27009849702e-9,4.14711021079e-9,3.20488213745e-9,1.14607745516e-9,4.94640384208e-10,4.25653068348e-10,1.1485914303e-10,6.21529563927e-11,3.39257406889e-11,9.68394461842e-12,7.18477534412e-12,3.94942108531e-12,1.79907358542e-12,1.30883303327e-12,7.23547252928e-13,4.22811335639e-13,1.97338984888e-13,1.05284772328e-14,8.07023928326e-16],"dvar2":[0.000106840830995,0.0000156129644893,1.96011967546e-7,5.56810455521e-8,7.04550657815e-8,1.49147709294e-7,1.71138800908e-8,3.17508130898e-9,5.54977219736e-9,5.03540942276e-9,1.92655811304e-8,1.12388507389e-8,1.21536771758e-8,5.1437066162e-8,1.96055065516e-8,1.53017207793e-8,1.16544631723e-8,1.37560167701e-8,2.50344953656e-8,3.76540398861e-8,2.64726143229e-8,1.11703846173e-8,1.06509245867e-8,8.00905031184e-9,2.6940569775e-9,1.1665134414e-9,1.04881781038e-9,2.47210113491e-10,1.33589792006e-10,7.55921297779e-11,2.09976983717e-11,1.48020883745e-11,7.94780560809e-12,3.68422436656e-12,2.81422021103e-12,1.6026447747e-12,9.54968092451e-13,4.47913841434e-13,2.48360275352e-14,2.03749603825e-15],"max":[0.0632770732045,0.0236888211221,0.00575380260125,0.00341457338072,0.00548430345953,0.00928898900747,0.00192344107199,0.00129237154033,0.00121434265748,0.000987753155641,0.00361428107135,0.00184971187264,0.00157796370331,0.00413487292826,0.002182881115,0.00248792790808,0.00265729241073,0.00170558947138,0.00183350103907,0.00275338068604,0.00204763840884,0.00124806608073,0.000963647209574,0.000732803833671,0.000400400254875,0.00038374972064,0.000762542302255,0.000253866484854,0.000114840833703,0.0000795929809101,0.0000470835511805,0.0000477660687466,0.0000310372852255,0.0000180527822522,0.0000159630380949,0.0000101969217212,0.0000109975953819,0.00000872067903401,0.00000188057038031,6.00196983669e-7],"mean":[0.00386387505569,0.00149969453923,0.00026096808142,0.000115116330562,0.0000811123900348,0.000114036280138,0.0000504323688801,0.0000241258385358,0.0000279065516224,0.000029595761589,0.0000510369027324,0.0000555030383111,0.0000598516962782,0.000091812107712,0.0000755746877985,0.0000716233043931,0.0000556741979381,0.0000638263954897,0.0000907734065549,0.000109287706437,0.000108860302134,0.0000592358919675,0.0000508579287271,0.0000454518849438,0.0000311402800435,0.0000195244083443,0.0000150081286847,0.0000116379278552,0.00000948963588598,0.00000680343237036,0.00000394086100641,0.00000296307257486,0.00000196691394194,0.00000139952180689,0.00000107226640012,7.4410633033e-7,4.37815543819e-7,2.24550689154e-7,5.226461397e-8,1.45356571224e-8],"median":[0.00201111333445,0.000750951643568,0.000166946090758,0.0000609936469118,0.0000278665975202,0.0000256441016973,0.0000165343644767,0.0000100164907053,0.0000107862842924,0.0000133589392135,0.0000239167038671,0.0000298290797218,0.0000335290751536,0.0000380984492949,0.000043113323045,0.0000400050230382,0.0000312882475555,0.0000325808723574,0.0000526045951119,0.0000660869554849,0.000072228089266,0.0000345271000697,0.0000242956375587,0.0000195577285922,0.0000138072537084,0.00000888710019353,0.00000701496037436,0.00000593415961703,0.00000511794360136,0.00000372997124032,0.00000224268114835,0.00000152425718625,9.33546516535e-7,6.63917035126e-7,4.75287549762e-7,2.99328888786e-7,1.13562386161e-7,3.09042462732e-8,1.1994555571e-8,5.28464649818e-9],"min":[1.64339024067e-24,8.93969422486e-25,9.6833869268e-25,2.09645820348e-24,2.44672565882e-24,1.85952323896e-24,9.29884583171e-25,1.64959187068e-24,1.15197170635e-24,2.28942955533e-24,3.09568602681e-24,3.15926880741e-24,2.61286232926e-24,3.64423761498e-24,4.4420071264e-24,4.48129239948e-24,2.71581617157e-24,3.69328346404e-24,4.19947657426e-24,3.60194323197e-24,4.40028466755e-24,4.03551341283e-24,4.60775981879e-24,4.45102735642e-24,5.87559537199e-24,4.84546411992e-24,4.73443668067e-24,5.82721374381e-24,5.57227164861e-24,7.12221806101e-24,6.32525476543e-24,5.61250828795e-24,5.29042702997e-24,6.94299754082e-24,6.36454989928e-24,6.69694156929e-24,7.09653117222e-24,7.23616980763e-24,7.63984255461e-24,6.86460843267e-24],"var":[0.0000341683444276,0.00000494738696943,1.02557450532e-7,3.45341533148e-8,4.97286904988e-8,1.05833095176e-7,1.39688109968e-8,2.56996557368e-9,3.62469965154e-9,3.12821679671e-9,1.52593369052e-8,6.99155489059e-9,7.08894720702e-9,3.70417190254e-8,1.37863152005e-8,1.46943799351e-8,8.88200357707e-9,9.25536891572e-9,1.61298761014e-8,2.21416183166e-8,1.53555870241e-8,5.01659647156e-9,5.01290653432e-9,4.3850834075e-9,1.86159143656e-9,7.48395512229e-10,5.5410648292e-10,2.37100755696e-10,1.40296940732e-10,7.17305798092e-11,2.21755079577e-11,1.53484655541e-11,7.78124873563e-12,3.64897478553e-12,2.39154139201e-12,1.24460337869e-12,6.45017676423e-13,2.61534771704e-13,1.24930905329e-14,7.74514962629e-16]},"melbands_crest":{"dmean":5.00362062454,"dmean2":8.06194019318,"dvar":18.9922275543,"dvar2":46.2867584229,"max":38.0411186218,"mean":18.8788871765,"median":18.7203292847,"min":1.73776972294,"var":55.4890136719},"melbands_flatness_db":{"dmean":0.0364642105997,"dmean2":0.0592029467225,"dvar":0.00112525990698,"dvar2":0.00298652215861,"max":0.54027312994,"mean":0.19423545897,"median":0.187985122204,"min":0.00372368353419,"var":0.00370727432892},"melbands_kurtosis":{"dmean":6.41265106201,"dmean2":10.6607303619,"dvar":293.244781494,"dvar2":802.502990723,"max":765.31817627,"mean":7.14360284805,"median":2.36854982376,"min":-1.87007260323,"var":395.769775391},"melbands_skewness":{"dmean":0.984443962574,"dmean2":1.59468233585,"dvar":1.14767801762,"dvar2":2.98109698296,"max":23.4339313507,"mean":2.15316414833,"median":1.86636912823,"min":-1.55581498146,"var":2.9525141716},"melbands_spread":{"dmean":14.9509935379,"dmean2":24.683052063,"dvar":233.24899292,"dvar2":609.593444824,"max":240.990310669,"mean":45.1016464233,"median":42.638671875,"min":0.318349719048,"var":623.762573242},"mfcc":{"cov":[[5838.59960938,-352.447875977,-448.638366699,527.203491211,-98.4341583252,121.305458069,-111.002578735,257.539520264,-147.138702393,169.385162354,-86.7211685181,148.400238037,-116.621673584],[-352.447875977,1091.48657227,-216.814971924,-252.220962524,123.776382446,26.0123329163,-0.714777648449,-107.355072021,107.209991455,-87.7131652832,15.8001909256,-68.3254241943,83.9402160645],[-448.638366699,-216.814971924,384.515533447,56.3426017761,-6.96356344223,-73.8652648926,0.423943042755,-28.85871315,-11.5164403915,9.68942737579,23.8014583588,12.2200517654,-8.31172370911],[527.203491211,-252.220962524,56.3426017761,324.526519775,-78.0392456055,26.4863452911,-28.5414447784,73.4489364624,-60.3193740845,61.2645149231,-0.427831292152,42.5680503845,-33.6439590454],[-98.4341583252,123.776382446,-6.96356344223,-78.0392456055,209.276565552,16.3395824432,78.79271698,-10.1001405716,52.182975769,-15.1572389603,26.0458965302,-7.95912408829,15.8263301849],[121.305458069,26.0123329163,-73.8652648926,26.4863452911,16.3395824432,162.839401245,41.7415122986,44.5816268921,7.42456197739,10.1198186874,-33.5890731812,-0.0591417402029,16.7470817566],[-111.002578735,-0.714777648449,0.423943042755,-28.5414447784,78.79271698,41.7415122986,113.895729065,27.3279571533,34.9967384338,-6.79112386703,3.66043114662,-11.7296743393,8.61087417603],[257.539520264,-107.355072021,-28.85871315,73.4489364624,-10.1001405716,44.5816268921,27.3279571533,95.1814575195,3.55395889282,36.6132202148,-4.3731584549,20.6925354004,-16.4594993591],[-147.138702393,107.209991455,-11.5164403915,-60.3193740845,52.182975769,7.42456197739,34.9967384338,3.55395889282,80.1569824219,13.1741695404,22.7475318909,-9.25926399231,16.5115356445],[169.385162354,-87.7131652832,9.68942737579,61.2645149231,-15.1572389603,10.1198186874,-6.79112386703,36.6132202148,13.1741695404,81.3497390747,30.0858898163,27.9964561462,-10.0759029388],[-86.7211685181,15.8001909256,23.8014583588,-0.427831292152,26.0458965302,-33.5890731812,3.66043114662,-4.3731584549,22.7475318909,30.0858898163,73.3124084473,21.6922054291,9.05512905121],[148.400238037,-68.3254241943,12.2200517654,42.5680503845,-7.95912408829,-0.0591417402029,-11.7296743393,20.6925354004,-9.25926399231,27.9964561462,21.6922054291,60.3929328918,8.98404693604],[-116.621673584,83.9402160645,-8.31172370911,-33.6439590454,15.8263301849,16.7470817566,8.61087417603,-16.4594993591,16.5115356445,-10.0759029388,9.05512905121,8.98404693604,58.5467987061]],"icov":[[0.000276855775155,-0.0000228693970712,0.000369512010366,-0.00033006654121,-0.000249697914114,0.000173640364665,0.000181485971552,-0.000262478366494,0.000227284777793,-0.000381641293643,0.000553576974198,-0.000475952634588,0.000222035538172],[-0.0000228693970712,0.00176861824002,0.000809902849142,0.000142054443131,-0.000501550151967,-0.000546822964679,0.00126149656717,0.00104302354157,-0.00201593409292,0.00149449752644,-0.000915120646823,0.00111784017645,-0.00118922768161],[0.000369512010366,0.000809902849142,0.00410654442385,-0.00137685344089,-0.000400594406528,0.00152420427185,-0.000665833242238,0.00201876345091,-0.000689794949722,-0.000402914971346,0.000554642057978,-0.000823347247206,-0.000129827065393],[-0.00033006654121,0.000142054443131,-0.00137685344089,0.00605517067015,0.000794608262368,-0.00118713348638,0.00057694199495,-0.00296344910748,0.00366806425154,-0.00193194684107,-0.00140469428152,0.000106891624455,0.000463683740236],[-0.000249697914114,-0.000501550151967,-0.000400594406528,0.000794608262368,0.00829355418682,-0.00080593128223,-0.00532955024391,0.00202974677086,-0.00236921943724,0.00184552720748,-0.00274572940543,-0.00154358358122,0.00161188503262],[0.000173640364665,-0.000546822964679,0.00152420427185,-0.00118713348638,-0.00080593128223,0.0107993381098,-0.00331084802747,-0.00286147836596,0.00110300385859,-0.00401598913595,0.00693919789046,-0.0000537807463843,-0.00459190411493],[0.000181485971552,0.00126149656717,-0.000665833242238,0.00057694199495,-0.00532955024391,-0.00331084802747,0.0177065059543,-0.00667512230575,-0.00387266487814,0.00436124531552,-0.00236591720022,0.00422333367169,-0.00174260465428],[-0.000262478366494,0.00104302354157,0.00201876345091,-0.00296344910748,0.00202974677086,-0.00286147836596,-0.00667512230575,0.0228300616145,-0.00493793096393,-0.00385375088081,0.00269738514908,-0.00610402040184,0.0054841497913],[0.000227284777793,-0.00201593409292,-0.000689794949722,0.00366806425154,-0.00236921943724,0.00110300385859,-0.00387266487814,-0.00493793096393,0.0254623051733,-0.00942174252123,-0.00287158368155,0.0052875969559,-0.00431042490527],[-0.000381641293643,0.00149449752644,-0.000402914971346,-0.00193194684107,0.00184552720748,-0.00401598913595,0.00436124531552,-0.00385375088081,-0.00942174252123,0.0266638435423,-0.0109648369253,-0.00404523639008,0.00441732490435],[0.000553576974198,-0.000915120646823,0.000554642057978,-0.00140469428152,-0.00274572940543,0.00693919789046,-0.00236591720022,0.00269738514908,-0.00287158368155,-0.0109648369253,0.0267577376217,-0.00785881280899,-0.00245988531969],[-0.000475952634588,0.00111784017645,-0.000823347247206,0.000106891624455,-0.00154358358122,-0.0000537807463843,0.00422333367169,-0.00610402040184,0.0052875969559,-0.00404523639008,-0.00785881280899,0.028773015365,-0.00989793520421],[0.000222035538172,-0.00118922768161,-0.000129827065393,0.000463683740236,0.00161188503262,-0.00459190411493,-0.00174260465428,0.0054841497913,-0.00431042490527,0.00441732490435,-0.00245988531969,-0.00989793520421,0.0260267015547]],"mean":[-649.978515625,116.583137512,-53.563129425,47.2398071289,11.9536161423,34.3250732422,2.6280066967,21.4654121399,3.97138619423,8.84601211548,-5.5167927742,8.95080566406,3.77951359749]},"pitch_salience":{"dmean":0.0974296405911,"dmean2":0.160154312849,"dvar":0.00854446925223,"dvar2":0.0226947069168,"max":0.872927486897,"mean":0.54931730032,"median":0.567006349564,"min":0.0645689293742,"var":0.0175631791353},"silence_rate_20dB":{"dmean":0,"dmean2":0,"dvar":0,"dvar2":0,"max":1,"mean":1,"median":1,"min":1,"var":0},"silence_rate_30dB":{"dmean":0.0123291341588,"dmean2":0.0246615726501,"dvar":0.0121773928404,"dvar2":0.0323639772832,"max":1,"mean":0.991826355457,"median":1,"min":0,"var":0.00810748338699},"silence_rate_60dB":{"dmean":0.00375234521925,"dmean2":0.00750569626689,"dvar":0.00373785058036,"dvar2":0.00798627082258,"max":1,"mean":0.0221090707928,"median":0,"min":0,"var":0.0216197166592},"spectral_centroid":{"dmean":231.124130249,"dmean2":343.194396973,"dvar":68226.828125,"dvar2":128204.296875,"max":11496.6923828,"mean":2299.45678711,"median":2247.50512695,"min":127.032432556,"var":663593.125},"spectral_complexity":{"dmean":5.65263986588,"dmean2":7.89384794235,"dvar":31.9472084045,"dvar2":51.3822059631,"max":62,"mean":28.4680423737,"median":28,"min":0,"var":151.501098633},"spectral_contrast_coeffs":{"dmean":[0.0498539358377,0.0458685494959,0.035508826375,0.0296352393925,0.0223647505045,0.0420396737754],"dmean2":[0.083852134645,0.0766865611076,0.0599219575524,0.0501531176269,0.0371334590018,0.0651625618339],"dvar":[0.00150200794451,0.00137465505395,0.000793180777691,0.000547267380171,0.000321288243867,0.00118672475219],"dvar2":[0.00421756785363,0.00377418822609,0.00217416603118,0.00157583632972,0.000862121174578,0.00303550926037],"max":[-0.473869591951,-0.502890110016,-0.587904989719,-0.566061496735,-0.659463524818,-0.47344660759],"mean":[-0.750890851021,-0.803713917732,-0.816602647305,-0.800179123878,-0.789513170719,-0.668692350388],"median":[-0.754482448101,-0.816120147705,-0.823475599289,-0.803624927998,-0.791221380234,-0.656113982201],"min":[-0.975113272667,-0.978806436062,-0.985018491745,-0.983443975449,-0.977260887623,-0.966187059879],"var":[0.00354268262163,0.00443092174828,0.00249668909237,0.00158225814812,0.0012525068596,0.00517804641277]},"spectral_contrast_valleys":{"dmean":[0.423428684473,0.399407356977,0.308001697063,0.286061823368,0.313829511404,0.616142034531],"dmean2":[0.677794754505,0.646432518959,0.49041429162,0.442304253578,0.450930118561,0.942188203335],"dvar":[0.165812924504,0.151209890842,0.108518339694,0.119764722884,0.201308086514,0.310049712658],"dvar2":[0.335543870926,0.318117141724,0.210908830166,0.21848782897,0.35636305809,0.702868402004],"max":[-5.12082624435,-5.41125249863,-5.5193362236,-5.14722251892,-5.32263994217,-8.84504032135],"mean":[-7.19561862946,-7.4195356369,-7.18635511398,-6.88981819153,-6.99497556686,-11.2270698547],"median":[-7.02614164352,-7.28151798248,-7.00100231171,-6.70641279221,-6.78583240509,-11.0890369415],"min":[-28.4885215759,-28.0362567902,-27.6054935455,-27.6735095978,-27.5420074463,-27.3925113678],"var":[2.59514546394,2.55361771584,2.5520324707,2.72648715973,2.91067385674,2.10204291344]},"spectral_decrease":{"dmean":3.84659015751e-9,"dmean2":6.36475805393e-9,"dvar":3.70402114617e-17,"dvar2":9.58192124947e-17,"max":1.99325167483e-10,"mean":-5.63427748901e-9,"median":-3.67698094195e-9,"min":-5.73534890691e-8,"var":3.90971581822e-17},"spectral_energy":{"dmean":0.0161995626986,"dmean2":0.0260253623128,"dvar":0.000604971777648,"dvar2":0.0015319401864,"max":0.230448886752,"mean":0.0309056639671,"median":0.0228536948562,"min":1.02501555789e-20,"var":0.000717154412996},"spectral_energyband_high":{"dmean":0.00108332757372,"dmean2":0.00153122365009,"dvar":0.00000214301394408,"dvar2":0.00000415751992477,"max":0.0168429855257,"mean":0.00268427585252,"median":0.00187611219008,"min":7.22104521731e-21,"var":0.00000589115143157},"spectral_energyband_low":{"dmean":0.0128244282678,"dmean2":0.0219516362995,"dvar":0.000474968372146,"dvar2":0.00126036896836,"max":0.213658481836,"mean":0.0150237232447,"median":0.00836903322488,"min":1.27779287109e-23,"var":0.000428299943451},"spectral_energyband_middle_high":{"dmean":0.00337793026119,"dmean2":0.00525560043752,"dvar":0.0000218790501094,"dvar2":0.0000535202816536,"max":0.0748134106398,"mean":0.00848993472755,"median":0.00608794484288,"min":1.24253675557e-21,"var":0.0000561328743061},"spectral_energyband_middle_low":{"dmean":0.00105232989881,"dmean2":0.00165572762489,"dvar":0.00000264645746029,"dvar2":0.00000651239952276,"max":0.0404929034412,"mean":0.00213107699528,"median":0.00133159779944,"min":1.2483808391e-22,"var":0.00000580687083129},"spectral_entropy":{"dmean":0.0885142162442,"dmean2":0.135925590992,"dvar":0.00866891443729,"dvar2":0.0179405603558,"max":9.8191576004,"mean":7.82970142365,"median":7.86745500565,"min":6.02896499634,"var":0.0595477074385},"spectral_flux":{"dmean":0.0321279130876,"dmean2":0.0498609356582,"dvar":0.00167372100987,"dvar2":0.00341696711257,"max":0.393383353949,"mean":0.106252744794,"median":0.0903634950519,"min":6.53942802686e-11,"var":0.00317928916775},"spectral_kurtosis":{"dmean":3.43008971214,"dmean2":5.21850538254,"dvar":17.265832901,"dvar2":38.5895347595,"max":66.6450195312,"mean":21.0952453613,"median":19.2908611298,"min":-1.25949931145,"var":64.9735412598},"spectral_rms":{"dmean":0.00123021402396,"dmean2":0.00187478028238,"dvar":0.00000231929880101,"dvar2":0.00000547690660824,"max":0.0149942720309,"mean":0.00508149433881,"median":0.00472189439461,"min":3.16230158379e-12,"var":0.00000433015520684},"spectral_rolloff":{"dmean":4612.52832031,"dmean2":8563.81542969,"dvar":42858132,"dvar2":95502664,"max":22050,"mean":12063.1728516,"median":17484.9609375,"min":21.533203125,"var":69682688},"spectral_skewness":{"dmean":0.275499552488,"dmean2":0.411171674728,"dvar":0.0922702550888,"dvar2":0.191102594137,"max":6.36206102371,"mean":2.99300146103,"median":2.86958909035,"min":-0.0784558579326,"var":0.488068640232},"spectral_spread":{"dmean":321698.75,"dmean2":514900.71875,"dvar":552005468160,"dvar2":1194345758720,"max":42047800,"mean":3903496.25,"median":3750230,"min":1691112.75,"var":7124444774400},"spectral_strongpeak":{"dmean":0.507621109486,"dmean2":0.930912733078,"dvar":3.5060172081,"dvar2":10.0015010834,"max":27.7517776489,"mean":0.469601452351,"median":0.169292539358,"min":0,"var":2.3442440033},"zerocrossingrate":{"dmean":0.0342469550669,"dmean2":0.0428330823779,"dvar":0.000904236279894,"dvar2":0.00142097764183,"max":0.57373046875,"mean":0.254663825035,"median":0.25146484375,"min":0.01953125,"var":0.00612395070493}},"metadata":{"audio_properties":{"analysis_sample_rate":44100,"bit_rate":320000,"codec":"mp3","downmix":"mix","equal_loudness":0,"length":173.245147705,"lossless":false,"md5_encoded":"324220cf65a7609eab9fec64f62f26a4","replay_gain":-0.657585144043,"sample_rate":44100},"tags":{"album":["Metal Magic"],"albumartist":["Pantera"],"albumartistsort":["Pantera"],"artist":["Pantera"],"artistsort":["Pantera"],"catalognumber":["MMR 1283"],"date":["1983"],"discnumber":["1/1"],"file_name":"04. Pantera - Latest Lover.mp3","genre":["Thrash Metal"],"label":["Metal Magic Records"],"musicbrainz album release country":["US"],"musicbrainz album status":["official"],"musicbrainz album type":["album"],"musicbrainz_albumartistid":["541f16f5-ad7a-428e-af89-9fa1b16d3c9c"],"musicbrainz_albumid":["0003766f-36fc-4faf-ba51-358515dbebb9"],"musicbrainz_artistid":["541f16f5-ad7a-428e-af89-9fa1b16d3c9c"],"musicbrainz_recordingid":["176e9a1c-c62c-4d05-9db8-b8ca9d03f238"],"musicip_puid":["0da84252-1363-eb6b-31e9-b5d0f1371ec9"],"replaygain_album_gain":["-3.59 dB"],"replaygain_album_peak":["0.99996948"],"replaygain_track_gain":["-0.04 dB"],"replaygain_track_peak":["0.67047119"],"title":["Latest Lover"],"tracknumber":["4/10"]},"version":{"essentia":"2.1-beta1","essentia_build_sha":"ca57ba49d9b1854bd80e60cf9ccf267278fb7d6b","essentia_git_sha":"v2.1_beta1-28-g21ef5f4-dirty","extractor":"music 1.0"}},"rhythm":{"beats_count":433,"beats_loudness":{"dmean":0.0251545440406,"dmean2":0.0430520437658,"dvar":0.000481992028654,"dvar2":0.00135842745658,"max":0.172901794314,"mean":0.0455186292529,"median":0.0408370345831,"min":0,"var":0.000571041658986},"beats_loudness_band_ratio":{"dmean":[0.21874140203,0.0346886739135,0.0175111144781,0.0401698425412,0.101079985499,0.112984657288],"dmean2":[0.395344287157,0.0618521310389,0.0314927622676,0.0695303604007,0.188414022326,0.204334199429],"dvar":[0.0248713772744,0.00393585767597,0.000576622551307,0.00162402458955,0.00460304832086,0.00693555222824],"dvar2":[0.0763133391738,0.0113562671468,0.0016632725019,