{"lowlevel":{"average_loudness":0.899227201939,"barkbands":{"dmean":[0.00000669281507726,0.000441463518655,0.000546459574252,0.00101014506072,0.00133605045266,0.00155354652088,0.00172140973154,0.000855345453601,0.000740371469874,0.000577488914132,0.000269648502581,0.000664332648739,0.000341753970133,0.000243536633207,0.000433103588875,0.000497955130413,0.000537561136298,0.000157997448696,0.0000782717761467,0.000100521850982,0.0000370160669263,0.0000245053724939,0.0000231658377743,0.000019189550585,0.0000125437354654,0.00000691009609,0.00000105184335553],"dmean2":[0.0000110998180389,0.000712444481906,0.000914373027626,0.0017737505259,0.00213252659887,0.00239288317971,0.0025792659726,0.00123221112881,0.0010947168339,0.000816950923763,0.000408127350966,0.000992426532321,0.000529751647264,0.000377185293473,0.000648357323371,0.000772337196395,0.000812683487311,0.00023982791754,0.000117592484457,0.000146024234709,0.0000560051012144,0.0000351701237378,0.0000345999578713,0.0000298786217172,0.0000195172906388,0.0000099523085737,0.00000161274340371],"dvar":[2.416882805e-10,4.60972302108e-7,7.40106031571e-7,0.00000358697843694,0.00000384439908885,0.00000647307660984,0.00000742389192965,0.00000464438471681,0.00000207350376513,0.00000211427322938,6.12874941908e-7,0.00000450713832834,7.78487958542e-7,4.18931222157e-7,0.00000122701919736,0.00000153875089381,0.00000102860894913,7.2056380418e-8,4.0250121458e-8,7.12277596904e-8,1.20407159798e-8,5.11775555267e-9,8.68883187621e-9,7.67787433631e-9,3.78512066135e-9,2.2811137701e-10,6.02731536556e-12],"dvar2":[6.07274452946e-10,0.00000117553042855,0.00000203198624149,0.0000100382449091,0.00000972393354459,0.0000159314840857,0.0000174042725121,0.00000985142833088,0.00000424696054324,0.00000383909718948,0.00000134971855914,0.00000824649760034,0.00000167460234479,9.46029956594e-7,0.00000255757026935,0.00000329220711137,0.00000215198542719,1.54165391564e-7,9.33562702699e-8,1.31928089786e-7,2.89750570204e-8,1.00077874876e-8,2.05602130876e-8,1.85629200899e-8,1.00352277599e-8,5.5766408158e-10,1.49580434844e-11],"max":[0.000534236081876,0.00887237582356,0.010396762751,0.0234924405813,0.0278109516948,0.0488928072155,0.042178388685,0.0555035769939,0.0388096906245,0.0508445724845,0.0183088816702,0.0925685316324,0.0337580889463,0.0247028134763,0.0253386907279,0.0344086438417,0.0263122338802,0.00542317377403,0.00793458893895,0.0138952387497,0.00217220699415,0.00229633552954,0.00218935310841,0.00209273560904,0.00184932083357,0.000386461644666,0.0000647112319712],"mean":[0.0000114036593004,0.000724607263692,0.000890123948921,0.00121655710973,0.00242039328441,0.00319008762017,0.00275729899295,0.00149253569543,0.0016211476177,0.00128240289632,0.000483530340716,0.0012714273762,0.000631730945315,0.000405420316383,0.000746902893297,0.000815478968434,0.000796157401055,0.000241911795456,0.000153807544848,0.000218437649892,0.0000524324896105,0.0000402240220865,0.0000336420489475,0.000025103236112,0.0000160615836649,0.0000092207101261,0.0000011407068996],"median":[0.00000197838835447,0.000483312876895,0.000519018271007,0.000545930117369,0.0016178698279,0.00187680893578,0.00145782949403,0.00046227191342,0.000526408839505,0.000284493813524,0.000104707403807,0.00035855724127,0.000185166194569,0.000149640400195,0.000283959205262,0.000247939868132,0.000303360167891,0.000110111446702,0.0000666876003379,0.0000632728188066,0.000018527800421,0.0000162319302035,0.0000121471293824,0.00000728400300432,0.00000478007223137,0.00000305180992655,2.46703450557e-7],"min":[4.76733762356e-23,2.82923575262e-23,6.98789319266e-24,6.87714264359e-24,7.68617345998e-23,5.21433997571e-23,3.58280522976e-23,1.08463136431e-23,1.26655770897e-22,4.57327468543e-23,7.5394680508e-23,8.0842244686e-23,1.51192248058e-22,1.98950833893e-22,5.87601283718e-23,2.60649715261e-22,2.60300899901e-22,1.57495196203e-22,2.46449259712e-22,3.29007907956e-22,4.69088147706e-22,6.57076705403e-22,7.03792921992e-22,7.41127626044e-22,1.3329242109e-21,1.45498838218e-21,2.76349349842e-21],"var":[6.39579667006e-10,7.35625974357e-7,0.00000110336225134,0.00000345375883626,0.0000074567988122,0.0000157207105076,0.0000143415154525,0.0000103222519101,0.00000725624431652,0.00000922324852581,0.0000017244517494,0.0000111850704343,0.00000194340236703,7.42796714803e-7,0.00000280176595879,0.00000375526133212,0.00000193238383872,1.4743362442e-7,8.40112832634e-8,3.78489431796e-7,1.59836428537e-8,1.18503722391e-8,1.10436300105e-8,9.15710440808e-9,4.00077171392e-9,2.75135386696e-10,5.91137338732e-12]},"barkbands_crest":{"dmean":2.14107847214,"dmean2":3.45813012123,"dvar":3.98656272888,"dvar2":10.2064666748,"max":26.9226093292,"mean":9.14039707184,"median":7.9167547226,"min":2.64046978951,"var":22.1020336151},"barkbands_flatness_db":{"dmean":0.0195089038461,"dmean2":0.0279235225171,"dvar":0.000376544398023,"dvar2":0.000774449203163,"max":0.65166246891,"mean":0.159646257758,"median":0.137293845415,"min":0.0390163995326,"var":0.00984225794673},"barkbands_kurtosis":{"dmean":16.0700645447,"dmean2":24.0689716339,"dvar":10729.9130859,"dvar2":22959.5722656,"max":6185.42675781,"mean":156.285049438,"median":0.887240052223,"min":-1.84249317646,"var":668565.9375},"barkbands_skewness":{"dmean":0.528339803219,"dmean2":0.79949170351,"dvar":1.16097247601,"dvar2":2.01920628548,"max":76.9200286865,"mean":3.44523310661,"median":1.12486958504,"min":-2.49562764168,"var":138.467559814},"barkbands_spread":{"dmean":4.12237882614,"dmean2":6.23969745636,"dvar":25.0947303772,"dvar2":54.4265213013,"max":88.3767776489,"mean":17.1502819061,"median":15.7872943878,"min":0.0912613645196,"var":111.096229553},"dissonance":{"dmean":0.0187997985631,"dmean2":0.031202789396,"dvar":0.000322100560879,"dvar2":0.000832766876556,"max":0.500000059605,"mean":0.458104491234,"median":0.462791770697,"min":0.279535353184,"var":0.000745293800719},"dynamic_complexity":4.31685209274,"erbbands":{"dmean":[0.0095506971702,0.113857202232,0.464402139187,2.1825067997,3.99666118622,3.88890028,12.0639038086,12.3467702866,25.6149177551,15.2126512527,19.456193924,17.06275177,14.3427963257,17.3033943176,14.2816181183,26.3776473999,13.7747411728,14.128657341,21.3804092407,18.7633895874,28.6299266815,29.5759925842,11.2163143158,4.04873275757,4.40888404846,4.75422096252,1.9508343935,1.4010322094,0.875197052956,0.739446640015,0.679792761803,0.515024065971,0.25672313571,0.161429449916,0.0819805338979,0.0344587229192,0.0121670225635,0.00243412796408,0.000170543615241,0.00000967666164797],"dmean2":[0.0157310236245,0.18173609674,0.768087089062,3.79742050171,6.78391027451,6.25272369385,18.5033493042,19.1295852661,38.6748466492,22.4271583557,27.8505020142,25.1165618896,20.0566654205,24.8271408081,21.7190113068,38.8726997375,20.7634525299,21.9797000885,32.0649795532,28.9076099396,43.9547843933,44.4227371216,16.7766647339,6.00781440735,6.57437229156,6.86829471588,2.88555669785,2.1512992382,1.28097844124,1.05741000175,1.02849888802,0.791830480099,0.406971395016,0.253733247519,0.126347690821,0.0513881221414,0.0175749976188,0.00344177568331,0.000270070740953,0.0000136105254569],"dvar":[0.000261497334577,0.0287197027355,0.441671013832,16.0862503052,56.9474906921,40.1648292542,426.872070312,416.338867188,1716.7265625,1120.33215332,2284.45263672,1104.76477051,1162.74951172,2589.32617188,1270.22216797,9567.19042969,956.283996582,1627.58776855,3910.82421875,1591.67333984,5020.25683594,3721.13061523,337.027740479,65.3966217041,160.80255127,162.170516968,25.5489292145,23.1452064514,7.35485744476,5.20473098755,9.16872692108,6.5004734993,1.25828588009,0.815978705883,0.118707314134,0.00936537887901,0.000565121881664,0.0000252817535511,1.65015109133e-7,1.91091212298e-10],"dvar2":[0.000689764507115,0.0729924291372,1.16264402866,45.0666503906,152.508148193,98.7163391113,1000.137146,994.265258789,4134.73242188,2295.10180664,4972.64355469,2315.05078125,2081.73388672,4800.47314453,2881.78735352,17131.2949219,1897.97900391,3500.42797852,8374.7734375,3362.12011719,10411.9726562,7549.86035156,685.732421875,144.410980225,361.833587646,288.836486816,59.5642662048,58.195098877,15.2297325134,10.2586507797,22.5468940735,15.4597120285,3.09730100632,2.21068406105,0.312983870506,0.0236665830016,0.00131483643781,0.0000599640443397,4.18110772671e-7,4.31709779036e-10],"max":[0.196613147855,2.32581400871,8.26473617554,50.0165672302,96.7674636841,150.811325073,397.557250977,402.897460938,609.099060059,812.876953125,1533.25219727,669.221069336,855.890075684,2116.19262695,943.223815918,4282.67382812,865.269897461,1456.84924316,1554.60009766,821.327880859,2066.17919922,1685.24597168,386.900360107,183.546020508,449.652069092,642.570373535,126.694099426,113.586540222,101.395271301,48.4788017273,83.5535812378,78.2576065063,28.147567749,32.5662918091,9.25862121582,2.75956606865,0.47985753417,0.125044330955,0.00985489133745,0.000318848789902],"mean":[0.0158132631332,0.189518526196,0.845592260361,2.94114327431,4.95427322388,7.37045717239,23.0986042023,24.8566246033,42.5955276489,27.0000495911,37.5877723694,38.5392570496,32.3069801331,39.4432449341,29.9080142975,51.4161148071,29.2616214752,26.0328006744,37.3980026245,34.4095230103,47.9987792969,44.2040634155,18.8716411591,7.92955589294,9.55047607422,10.1801509857,3.29200768471,1.93073773384,1.38793873787,1.22714412212,0.953120708466,0.658340454102,0.340214312077,0.199232429266,0.104459255934,0.0459870919585,0.0159784462303,0.00295136962086,0.000188901496585,0.0000304651766783],"median":[0.00626936834306,0.135367304087,0.58267724514,1.5501241684,2.5667681694,4.7706785202,12.0182418823,14.0536499023,24.1473846436,13.8727493286,14.5669736862,15.2331438065,11.7374954224,8.12533569336,10.6212482452,14.7246665955,10.7571878433,9.74753952026,14.1964321136,14.6710662842,16.6899375916,16.1372795105,8.87616062164,4.15505123138,4.05382537842,3.1268658638,1.22682869434,0.639926254749,0.528075516224,0.490695714951,0.332097351551,0.193165272474,0.0939820110798,0.0556449368596,0.031164303422,0.0155619550496,0.00501662958413,0.000770821003243,0.0000537458035978,0.0000278290990536],"min":[1.69077565034e-21,3.68698269315e-21,7.74411417013e-21,1.79590701443e-20,1.14515349291e-19,3.75116636722e-19,2.19697929923e-19,4.55182291644e-19,7.28317536704e-19,2.39834013424e-19,3.44768594969e-19,3.50271822414e-18,1.86992469953e-18,2.01556680358e-18,3.65355171371e-18,2.91932759044e-18,8.10148467432e-18,1.05337075223e-17,4.72305323235e-18,4.88447091144e-18,1.85556447187e-17,1.31774288724e-17,7.09863406072e-18,1.25921969347e-17,1.34673118365e-17,1.58625018085e-17,1.98926895346e-17,1.94068003341e-17,2.06856480309e-17,2.37423136592e-17,2.00160933015e-17,1.18673261562e-17,1.54941251945e-17,1.39442914747e-17,1.02329520962e-17,5.96931084018e-18,2.51897320794e-18,1.19606108294e-18,3.55040911556e-19,4.37622746505e-20],"var":[0.000454398745205,0.0456865914166,0.780873537064,16.3791999817,54.4902992249,83.0593032837,1140.63623047,1020.75140381,3219.21069336,2736.35107422,5246.59277344,3889.30957031,4394.56933594,10604.8457031,3465.07861328,22725.5175781,3303.15454102,3239.62670898,8513.64746094,3825.421875,12786.6416016,7019.95117188,740.95526123,148.51574707,435.105194092,867.286804199,46.9080848694,26.93932724,15.6690673828,10.7961893082,10.4740934372,6.96522092819,1.64651107788,0.818239748478,0.125358581543,0.0108597576618,0.00071574235335,0.0000288320188702,1.54474847136e-7,5.26135246481e-10]},"erbbands_crest":{"dmean":2.5807261467,"dmean2":4.18102216721,"dvar":5.8944106102,"dvar2":14.3407402039,"max":29.4259700775,"mean":9.47865390778,"median":8.64483261108,"min":2.2385327816,"var":14.9750080109},"erbbands_flatness_db":{"dmean":0.0190455839038,"dmean2":0.026918489486,"dvar":0.000361005018931,"dvar2":0.00073499570135,"max":0.329810768366,"mean":0.18057693541,"median":0.182971805334,"min":0.0286739673465,"var":0.00221611303277},"erbbands_kurtosis":{"dmean":0.743199706078,"dmean2":1.20069026947,"dvar":1.58286929131,"dvar2":4.24054908752,"max":39.2100143433,"mean":-0.0552339106798,"median":-0.504467487335,"min":-1.72817897797,"var":3.24379563332},"erbbands_skewness":{"dmean":0.37058147788,"dmean2":0.575269162655,"dvar":0.122130729258,"dvar2":0.286076247692,"max":4.91313648224,"mean":0.234306558967,"median":0.210792094469,"min":-3.21433544159,"var":0.476388841867},"erbbands_spread":{"dmean":6.00516366959,"dmean2":9.03754043579,"dvar":46.3168830872,"dvar2":99.5692977905,"max":188.648406982,"mean":35.3635101318,"median":29.6481018066,"min":3.99363517761,"var":755.398376465},"gfcc":{"cov":[[40882.4453125,4609.91845703,-5230.0078125,-830.867797852,-2397.21679688,-1326.76269531,-1952.29699707,-591.400146484,-981.922058105,-409.809356689,-837.490905762,-453.069244385,-580.28338623],[4609.91845703,1761.49316406,-594.182495117,-353.016448975,-43.3105773926,-309.065460205,-178.67489624,-108.364982605,-26.4918670654,-212.939910889,-67.5572280884,-38.3029975891,-45.883354187],[-5230.0078125,-594.182495117,1262.21887207,193.857955933,368.46862793,184.0912323,145.104003906,106.941131592,97.769859314,83.2993545532,97.0019302368,67.2609481812,9.55378055573],[-830.867797852,-353.016448975,193.857955933,384.166107178,49.5112113953,55.086894989,22.5799312592,41.63463974,59.80626297,56.1568870544,23.9281692505,-5.1448507309,31.6520366669],[-2397.21679688,-43.3105773926,368.46862793,49.5112113953,358.50491333,58.8988800049,142.902542114,81.9644622803,107.618751526,-9.5814666748,7.41769647598,67.9541168213,50.3174819946],[-1326.76269531,-309.065460205,184.0912323,55.086894989,58.8988800049,214.275512695,136.185424805,45.5164260864,29.1181964874,45.3230476379,33.9918136597,17.3665027618,24.9944419861],[-1952.29699707,-178.67489624,145.104003906,22.5799312592,142.902542114,136.185424805,280.596618652,57.6284065247,66.1882400513,4.75943374634,21.8907489777,43.1722755432,48.9318885803],[-591.400146484,-108.364982605,106.941131592,41.63463974,81.9644622803,45.5164260864,57.6284065247,113.70135498,63.5343132019,19.8957233429,-0.458759814501,28.1475219727,23.5608501434],[-981.922058105,-26.4918670654,97.769859314,59.80626297,107.618751526,29.1181964874,66.1882400513,63.5343132019,143.581863403,16.8863735199,3.60552144051,31.9005088806,46.8113555908],[-409.809356689,-212.939910889,83.2993545532,56.1568870544,-9.5814666748,45.3230476379,4.75943374634,19.8957233429,16.8863735199,110.724632263,49.586139679,-7.09697818756,3.36630225182],[-837.490905762,-67.5572280884,97.0019302368,23.9281692505,7.41769647598,33.9918136597,21.8907489777,-0.458759814501,3.60552144051,49.586139679,134.216018677,5.16829061508,0.413742661476],[-453.069244385,-38.3029975891,67.2609481812,-5.1448507309,67.9541168213,17.3665027618,43.1722755432,28.1475219727,31.9005088806,-7.09697818756,5.16829061508,95.6484832764,34.8637886047],[-580.28338623,-45.883354187,9.55378055573,31.6520366669,50.3174819946,24.9944419861,48.9318885803,23.5608501434,46.8113555908,3.36630225182,0.413742661476,34.8637886047,93.6227264404]],"icov":[[0.000272934150416,-0.000679637654684,0.000615203927737,-0.000521814450622,0.000797922664788,-0.000420233787736,0.000820691639092,-0.000784266390838,0.00101300154347,-0.000956503557973,0.0012907240307,-0.000823176815175,0.000752734427806],[-0.000679637654684,0.00292879180051,-0.00111401756294,0.00202999636531,-0.00259936740622,0.00189399044029,-0.00162038323469,0.00233337306418,-0.00334334373474,0.00404313486069,-0.00388667592779,0.00261212349869,-0.00162789446767],[0.000615203927737,-0.00111401756294,0.00301637942903,-0.00137171358801,-0.0000191852413991,-0.00154745520558,0.002413763199,-0.00173394940794,0.00226268731058,-0.00210770010017,0.00212347903289,-0.00202534114942,0.00271058245562],[-0.000521814450622,0.00202999636531,-0.00137171358801,0.00465678563341,-0.00167306687217,0.00100196141284,-0.000986916129477,0.00141796644311,-0.00334723806009,0.00188237859402,-0.00277647213079,0.00284436321817,-0.0023241059389],[0.000797922664788,-0.00259936740622,-0.0000191852413991,-0.00167306687217,0.00893595349044,-0.000474655767903,0.000265774986474,-0.00366377551109,0.00115895690396,-0.00200619106181,0.00440858816728,-0.0038760076277,0.00126302742865],[-0.000420233787736,0.00189399044029,-0.00154745520558,0.00100196141284,-0.000474655767903,0.00967430602759,-0.00502024358138,0.000138367060572,-0.00106692209374,0.000398061267333,-0.00251912791282,0.00188115355559,-0.00176613498479],[0.000820691639092,-0.00162038323469,0.002413763199,-0.000986916129477,0.000265774986474,-0.00502024358138,0.00942774303257,-0.00265514058992,0.00191851437557,-0.00103440391831,0.00287462188862,-0.00263214600272,0.00136354367714],[-0.000784266390838,0.00233337306418,-0.00173394940794,0.00141796644311,-0.00366377551109,0.000138367060572,-0.00265514058992,0.0158884953707,-0.00724040251225,0.00131819711532,-0.0023817862384,0.000767641176935,-0.0014009764418],[0.00101300154347,-0.00334334373474,0.00226268731058,-0.00334723806009,0.00115895690396,-0.00106692209374,0.00191851437557,-0.00724040251225,0.0163874644786,-0.0060687828809,0.00541283423081,-0.00366109609604,-0.000613859912846],[-0.000956503557973,0.00404313486069,-0.00210770010017,0.00188237859402,-0.00200619106181,0.000398061267333,-0.00103440391831,0.00131819711532,-0.0060687828809,0.0189985688776,-0.00960377510637,0.0050282063894,-0.00266619306058],[0.0012907240307,-0.00388667592779,0.00212347903289,-0.00277647213079,0.00440858816728,-0.00251912791282,0.00287462188862,-0.0023817862384,0.00541283423081,-0.00960377510637,0.0160129144788,-0.00507984077558,0.00367711461149],[-0.000823176815175,0.00261212349869,-0.00202534114942,0.00284436321817,-0.0038760076277,0.00188115355559,-0.00263214600272,0.000767641176935,-0.00366109609604,0.0050282063894,-0.00507984077558,0.016746500507,-0.00637741712853],[0.000752734427806,-0.00162789446767,0.00271058245562,-0.0023241059389,0.00126302742865,-0.00176613498479,0.00136354367714,-0.0014009764418,-0.000613859912846,-0.00266619306058,0.00367711461149,-0.00637741712853,0.0172520224005]],"mean":[-64.023109436,106.084693909,-123.604797363,11.0686168671,-48.6114311218,-4.14938020706,-44.7825737,5.55533409119,-20.1524600983,0.908104836941,-15.5422735214,3.8686542511,-11.8657464981]},"hfc":{"dmean":5.49831056595,"dmean2":7.43483829498,"dvar":61.7648162842,"dvar2":115.620162964,"max":160.486419678,"mean":18.1904907227,"median":15.2676830292,"min":1.21126809953e-16,"var":266.807952881},"melbands":{"dmean":[0.000106121471617,0.00020234377007,0.000420758180553,0.000266805087449,0.000357203476597,0.000275845668511,0.000387108011637,0.000157806076459,0.00016068595869,0.000101856821857,0.0000728128288756,0.0000740087343729,0.0000431116095569,0.0000713702611392,0.0000489181256853,0.000031877814763,0.0000260772048932,0.0000338943391398,0.0000264680456894,0.00003186768663,0.0000357671524398,0.0000340951664839,0.0000171518859133,0.00000692500771038,0.00000307225195684,0.00000327608995576,0.0000036663263927,0.00000334337300956,0.00000151373842527,8.29818475268e-7,8.24430799184e-7,5.21012736954e-7,4.59056536783e-7,3.91108585518e-7,3.98605550345e-7,4.05763501021e-7,2.89144395538e-7,1.93905123069e-7,1.54602886937e-7,1.3442993918e-7],"dmean2":[0.000171734020114,0.000327226036461,0.00072893674951,0.000437484530266,0.000548623793293,0.000427882740041,0.000580111518502,0.000231218597037,0.000231544632697,0.00015053129755,0.000102040430647,0.000106654442789,0.0000656602205709,0.000106958097604,0.0000730336032575,0.0000495555250382,0.0000406354665756,0.0000513444683747,0.0000397943367716,0.0000499255875184,0.0000556201448489,0.0000517153639521,0.0000257668416452,0.0000107168416434,0.00000463830838271,0.00000499431325807,0.00000528934560862,0.00000489985222885,0.0000023052805318,0.0000012679614656,0.00000129914621994,7.83846701324e-7,6.61775800381e-7,5.6258255654e-7,6.0391749912e-7,6.35605090338e-7,4.5215551836e-7,3.11925901997e-7,2.43181744963e-7,2.1503915093e-7],"dvar":[2.84965153696e-8,7.39320711318e-8,5.44154431736e-7,1.98165594156e-7,3.40124842069e-7,2.03582288805e-7,3.76075149688e-7,1.41486381722e-7,1.44107247024e-7,3.78018150116e-8,2.92919981604e-8,4.85480597945e-8,1.25118884142e-8,3.55534837126e-8,3.72701975948e-8,7.69028662972e-9,5.09714759289e-9,9.57087209486e-9,3.69735864147e-9,6.48499032252e-9,8.14012679484e-9,4.90877827275e-9,9.65096891292e-10,1.45459880252e-10,4.69066972764e-11,8.0364506716e-11,1.28671351352e-10,9.38760666425e-11,1.93603830884e-11,5.62778426291e-12,9.14787603307e-12,2.76962133783e-12,2.2274168187e-12,1.53608994014e-12,3.49520629453e-12,4.71490251355e-12,1.87680383387e-12,7.46063584176e-13,5.68657371625e-13,6.30099379791e-13],"dvar2":[7.21146022897e-8,1.88614635022e-7,0.00000149156733187,5.17388514254e-7,7.97119184881e-7,4.89729700348e-7,8.85436747922e-7,2.86809409999e-7,3.12262415036e-7,7.87707179484e-8,5.23632515126e-8,8.95297631587e-8,2.79858802799e-8,6.50939355751e-8,7.00298130596e-8,1.65255205076e-8,1.09847357876e-8,2.10716208926e-8,7.10052194819e-9,1.44831986404e-8,1.73827618966e-8,1.00655404012e-8,1.97709471017e-9,3.28929716797e-10,1.05763377223e-10,1.90081783646e-10,2.35355013256e-10,1.87083210035e-10,4.61789911865e-11,1.32063613517e-11,2.3636467783e-11,6.05799438391e-12,4.41255452316e-12,3.14414596789e-12,8.86019816543e-12,1.15363317857e-11,4.51370798377e-12,1.87194899338e-12,1.45339794887e-12,1.76304251146e-12],"max":[0.00208813883364,0.00305869895965,0.00839243549854,0.00660471431911,0.0110465055332,0.00937200896442,0.00897401571274,0.0106065236032,0.0122354766354,0.00368698965758,0.00421564793214,0.00906807556748,0.00303250947036,0.00693607563153,0.0093613518402,0.00329305324703,0.00249916035682,0.00260450621136,0.00167682394385,0.00147824315354,0.00268216687255,0.0018397339154,0.00062414817512,0.000249340519076,0.00015703504323,0.00033370195888,0.000631510687526,0.000458506518044,0.000110757806397,0.0000442955133622,0.0000683554826537,0.0000654456016491,0.0000453579668829,0.000027595240681,0.0000635314790998,0.0000725599384168,0.0000319329519698,0.0000200355170819,0.0000258433283307,0.0000265047565335],"mean":[0.000175142951775,0.00038191510248,0.000563926296309,0.000410064443713,0.000705075508449,0.000559405831154,0.000643110543024,0.00028359569842,0.000317663361784,0.000226879987167,0.000159282571985,0.00016456899175,0.0000844312744448,0.000141266122228,0.0000934891068027,0.0000587658687436,0.0000450660663773,0.0000561750239285,0.0000468216312584,0.0000517550033692,0.0000557291823498,0.0000476811183034,0.0000275956444966,0.0000105120534499,0.00000564415358895,0.00000631277362118,0.00000818075568532,0.0000064262453634,0.00000232042816606,0.00000115989075766,0.00000105923675164,7.81343032941e-7,7.4547750728e-7,6.28017062354e-7,5.57904002108e-7,4.89958779326e-7,3.69167651115e-7,2.49996730872e-7,1.91818898543e-7,1.58873831424e-7],"median":[0.000098607619293,0.000292029086268,0.000330758048221,0.000259096443187,0.000394567439798,0.000325640459778,0.000367198430467,0.00014169383212,0.000126088300021,0.0000782401839388,0.0000484428601339,0.0000299358471239,0.0000261477161985,0.0000412561785197,0.0000252957252087,0.0000176593421202,0.0000147655391629,0.0000192555762624,0.0000196116943698,0.0000173652024387,0.0000177548499778,0.0000159139490279,0.0000113744681585,0.00000487965826323,0.00000259350940723,0.00000256751059169,0.00000237606582232,0.00000172007980836,6.95581718446e-7,3.87667142832e-7,3.28355724832e-7,2.79466888742e-7,2.8859741974e-7,2.51387774597e-7,1.90879603679e-7,1.36158092801e-7,1.04646268539e-7,6.65826220825e-8,4.71961882909e-8,4.33822791024e-8],"min":[1.383580144e-23,3.95420749148e-24,4.33030718323e-24,1.94399150646e-23,9.11402873782e-24,1.05187044424e-23,1.01029234694e-23,2.31301610197e-24,2.99085173731e-24,2.32385359142e-23,8.32781288322e-24,7.6036188507e-24,1.05117664107e-23,9.46801823613e-24,1.24568102576e-23,1.67842132494e-23,2.03543263383e-23,7.77650166239e-24,4.12775018531e-24,1.25609824956e-23,2.38100530182e-23,1.4754027645e-23,6.94479062165e-24,6.95168999913e-24,1.05398877243e-23,9.89635314158e-24,9.54985703302e-24,1.09031660597e-23,1.27360575517e-23,9.06320321856e-24,1.24692845151e-23,1.33106851343e-23,9.67482758876e-24,1.40561650007e-23,1.25117654637e-23,8.08050104513e-24,6.71341850701e-24,1.03440466937e-23,1.04356113566e-23,1.28355045129e-23],"var":[4.75816257506e-8,1.36820787588e-7,5.49657215743e-7,2.71678345598e-7,9.32960574573e-7,5.0520543482e-7,7.31487148187e-7,3.37723719213e-7,3.39481545097e-7,1.35964427272e-7,1.12996190182e-7,2.00794318062e-7,3.70216461931e-8,1.13886834185e-7,7.78477655672e-8,1.78548784646e-8,1.03516404337e-8,1.97569249849e-8,8.84943229806e-9,1.32176918299e-8,1.92492564111e-8,9.10751296601e-9,2.0132437939e-9,2.69922556528e-10,1.00230018729e-10,1.62393265501e-10,7.1314415484e-10,3.74234643274e-10,3.23521834322e-11,7.95390576319e-12,9.70260243677e-12,5.36819286939e-12,4.86216882728e-12,2.90612759551e-12,3.79439231771e-12,4.63645224644e-12,2.09902993424e-12,9.27709623531e-13,6.98761632324e-13,5.71125449451e-13]},"melbands_crest":{"dmean":2.76095080376,"dmean2":4.50521373749,"dvar":6.93898487091,"dvar2":17.6929531097,"max":39.9948501587,"mean":12.2948131561,"median":10.5472927094,"min":2.18746399879,"var":46.4947471619},"melbands_flatness_db":{"dmean":0.022377146408,"dmean2":0.0321182124317,"dvar":0.000523538154084,"dvar2":0.00109426805284,"max":0.632286071777,"mean":0.221727132797,"median":0.198603659868,"min":0.00803655292839,"var":0.00911542773247},"melbands_kurtosis":{"dmean":47.3180847168,"dmean2":74.6809997559,"dvar":91647.3203125,"dvar2":226270.609375,"max":13714.4736328,"mean":306.017364502,"median":4.0038356781,"min":-1.70933234692,"var":2643185.5},"melbands_skewness":{"dmean":0.718794107437,"dmean2":1.10696959496,"dvar":3.50626158714,"dvar2":7.69866228104,"max":113.559265137,"mean":4.93376636505,"median":1.81713426113,"min":-1.12792086601,"var":260.118713379},"melbands_spread":{"dmean":5.64296960831,"dmean2":8.67965221405,"dvar":59.1199874878,"dvar2":126.728752136,"max":185.643783569,"mean":21.1354484558,"median":19.8664855957,"min":0.0695656761527,"var":161.853988647},"mfcc":{"cov":[[19006.8203125,2401.54907227,-1894.68127441,40.6560516357,-646.86505127,-359.98425293,-536.265808105,-311.054931641,-341.28012085,60.9355659485,-361.293243408,-219.472854614,-10.3410673141],[2401.54907227,1935.0534668,-333.516906738,-43.4370651245,57.4393768311,-117.588142395,-122.50642395,78.6400985718,-8.85472583771,-142.425231934,-59.7153015137,9.95839500427,12.1163015366],[-1894.68127441,-333.516906738,655.732055664,64.9780578613,179.971817017,55.6269760132,73.8537750244,-13.7367162704,-20.9593505859,0.552984416485,67.9796295166,56.4262313843,7.93199157715],[40.6560516357,-43.4370651245,64.9780578613,272.226806641,102.6353302,5.2675242424,-38.9158172607,10.4859161377,35.5791397095,18.3830604553,-23.9459228516,3.49280333519,26.4131717682],[-646.86505127,57.4393768311,179.971817017,102.6353302,245.445465088,-7.95779371262,-20.6157665253,14.0808782578,39.9175109863,-16.5964794159,12.3438520432,33.6195755005,11.2300930023],[-359.98425293,-117.588142395,55.6269760132,5.2675242424,-7.95779371262,118.180519104,47.5636405945,23.8258533478,31.5179233551,6.3738861084,12.3319225311,-0.366400957108,-2.68672776222],[-536.265808105,-122.50642395,73.8537750244,-38.9158172607,-20.6157665253,47.5636405945,138.04586792,21.0836391449,-12.3743047714,5.16741657257,25.1889686584,8.62981796265,3.87829589844],[-311.054931641,78.6400985718,-13.7367162704,10.4859161377,14.0808782578,23.8258533478,21.0836391449,147.9815979,91.9747238159,-34.6369438171,0.43373426795,21.6320972443,7.66281700134],[-341.28012085,-8.85472583771,-20.9593505859,35.5791397095,39.9175109863,31.5179233551,-12.3743047714,91.9747238159,202.669464111,-14.6880407333,-26.4988021851,23.7438144684,1.36369240284],[60.9355659485,-142.425231934,0.552984416485,18.3830604553,-16.5964794159,6.3738861084,5.16741657257,-34.6369438171,-14.6880407333,120.12877655,23.8044548035,-19.0669021606,6.44262599945],[-361.293243408,-59.7153015137,67.9796295166,-23.9459228516,12.3438520432,12.3319225311,25.1889686584,0.43373426795,-26.4988021851,23.8044548035,95.8431625366,10.0578460693,-5.16562366486],[-219.472854614,9.95839500427,56.4262313843,3.49280333519,33.6195755005,-0.366400957108,8.62981796265,21.6320972443,23.7438144684,-19.0669021606,10.0578460693,81.2843933105,22.1399459839],[-10.3410673141,12.1163015366,7.93199157715,26.4131717682,11.2300930023,-2.68672776222,3.87829589844,7.66281700134,1.36369240284,6.44262599945,-5.16562366486,22.1399459839,66.5886077881]],"icov":[[0.000103136801044,-0.000103670674434,0.000181970652193,-0.000125983497128,0.000188656296814,-0.00000188573517335,0.000170493294718,0.000147275830386,0.000138275121571,-0.000127014471218,0.000174051572685,-0.0000706358041498,0.0000508513185196],[-0.000103670674434,0.000825010123663,0.000232277074247,0.000336001859978,-0.000698942574672,0.000269568845397,0.000218328859773,-0.000658075034153,0.000272100820439,0.000739422976039,-0.0000835588143673,0.0000544658578292,-0.000237103784457],[0.000181970652193,0.000232277074247,0.00301123014651,-0.000371829577489,-0.00169036898296,-0.000794643827248,-0.000623980769888,0.000587373855524,0.000930657959543,0.000244816299528,-0.000573162396904,-0.00123682187404,0.000320575374644],[-0.000125983497128,0.000336001859978,-0.000371829577489,0.00534929893911,-0.00239996332675,-0.000738396018278,0.00132387073245,-0.000943504681345,-0.0000487579054607,-0.00104124844074,0.00145533611067,0.000830616394524,-0.00181337690447],[0.000188656296814,-0.000698942574672,-0.00169036898296,-0.00239996332675,0.00748367840424,0.00115765142255,0.00100089714397,0.000873733486515,-0.00142841762863,0.000475570152048,-0.000907813955564,-0.000961969897617,0.000168219950865],[-0.00000188573517335,0.000269568845397,-0.000794643827248,-0.000738396018278,0.00115765142255,0.011333043687,-0.00333801424131,-0.000432037981227,-0.00220815185457,0.000111882436613,-0.000938945217058,0.00126980920322,0.000383732229238],[0.000170493294718,0.000218328859773,-0.000623980769888,0.00132387073245,0.00100089714397,-0.00333801424131,0.0107593638822,-0.00223553134128,0.00199346593581,-0.000566837319639,-0.000261942739598,-0.000591564166825,-0.000946542597376],[0.000147275830386,-0.000658075034153,0.000587373855524,-0.000943504681345,0.000873733486515,-0.000432037981227,-0.00223553134128,0.0118372887373,-0.00519401580095,0.00272389804013,-0.00215809070505,-0.000434138288256,-0.00113012688234],[0.000138275121571,0.000272100820439,0.000930657959543,-0.0000487579054607,-0.00142841762863,-0.00220815185457,0.00199346593581,-0.00519401580095,0.00895216315985,-0.00137040938716,0.00311887450516,-0.0022726918105,0.00146070460323],[-0.000127014471218,0.000739422976039,0.000244816299528,-0.00104124844074,0.000475570152048,0.000111882436613,-0.000566837319639,0.00272389804013,-0.00137040938716,0.0115180751309,-0.0040643401444,0.00286065670662,-0.00247930828482],[0.000174051572685,-0.0000835588143673,-0.000573162396904,0.00145533611067,-0.000907813955564,-0.000938945217058,-0.000261942739598,-0.00215809070505,0.00311887450516,-0.0040643401444,0.0143694002181,-0.00244426052086,0.00216881255619],[-0.0000706358041498,0.0000544658578292,-0.00123682187404,0.000830616394524,-0.000961969897617,0.00126980920322,-0.000591564166825,-0.000434138288256,-0.0022726918105,0.00286065670662,-0.00244426052086,0.016752962023,-0.00589515548199],[0.0000508513185196,-0.000237103784457,0.000320575374644,-0.00181337690447,0.000168219950865,0.000383732229238,-0.000946542597376,-0.00113012688234,0.00146070460323,-0.00247930828482,0.00216881255619,-0.00589515548199,0.0182603113353]],"mean":[-691.005432129,144.855255127,-18.7972297668,15.7644872665,5.30828952789,-6.59919643402,-13.5521421432,-1.05662071705,-5.34896373749,-3.15272951126,-6.26971006393,2.09723353386,3.77964448929]},"pitch_salience":{"dmean":0.0595918111503,"dmean2":0.0962295159698,"dvar":0.00280131469481,"dvar2":0.00733706634492,"max":0.940729260445,"mean":0.591551959515,"median":0.618444085121,"min":0.00119893869851,"var":0.0201031398028},"silence_rate_20dB":{"dmean":0,"dmean2":0,"dvar":0,"dvar2":0,"max":1,"mean":1,"median":1,"min":1,"var":0},"silence_rate_30dB":{"dmean":0.00039912192733,"dmean2":0.000798403169028,"dvar":0.000398945470806,"dvar2":0.00119689851999,"max":1,"mean":0.999800503254,"median":1,"min":0,"var":0.000199489848455},"silence_rate_60dB":{"dmean":0.016363998875,"dmean2":0.0327345319092,"dvar":0.0160955004394,"dvar2":0.0368494167924,"max":1,"mean":0.124700717628,"median":0,"min":0,"var":0.109148897231},"spectral_centroid":{"dmean":208.734786987,"dmean2":317.671905518,"dvar":70046.453125,"dvar2":133270.578125,"max":10873.0166016,"mean":1247.32128906,"median":1110.18017578,"min":153.153457642,"var":477589.71875},"spectral_complexity":{"dmean":3.42725992203,"dmean2":4.94131755829,"dvar":12.3030796051,"dvar2":24.0129699707,"max":42,"mean":17.8633289337,"median":19,"min":0,"var":78.1259689331},"spectral_contrast_coeffs":{"dmean":[0.0518642663956,0.044331792742,0.0364582501352,0.0306550692767,0.0259030740708,0.0180892404169],"dmean2":[0.084554374218,0.0716972500086,0.0582975409925,0.0489080660045,0.0404843352735,0.0280434191227],"dvar":[0.00188760785386,0.00135218387004,0.000929836067371,0.000611805415247,0.000520133180544,0.000344494910678],"dvar2":[0.0050407750532,0.00340501475148,0.0021512885578,0.00149923854042,0.00119906209875,0.000802277878392],"max":[-0.301520556211,-0.42720797658,-0.463148474693,-0.564736306667,-0.549831390381,-0.59917640686],"mean":[-0.629372596741,-0.706140100956,-0.751534700394,-0.763751745224,-0.757320344448,-0.787803590298],"median":[-0.625240504742,-0.699767351151,-0.754632711411,-0.761884093285,-0.750166654587,-0.784781336784],"min":[-0.957316160202,-0.973909795284,-0.981581687927,-0.975204825401,-0.970400333405,-0.958326458931],"var":[0.00939559843391,0.00645502191037,0.00699539063498,0.00450219819322,0.00375911500305,0.00273422966711]},"spectral_contrast_valleys":{"dmean":[0.449886709452,0.345093756914,0.321493595839,0.296817094088,0.308075904846,0.360298663378],"dmean2":[0.698706805706,0.539886057377,0.498024851084,0.443586349487,0.408187955618,0.459819048643],"dvar":[0.197850391269,0.134595021605,0.118260845542,0.106934688985,0.120311550796,0.186778828502],"dvar2":[0.385187596083,0.255670487881,0.22233235836,0.18520462513,0.186852395535,0.329116731882],"max":[-5.96743106842,-4.82910108566,-5.69860601425,-6.0630698204,-6.1887922287,-8.15428352356],"mean":[-8.1152048111,-6.99590826035,-7.81399583817,-8.13823509216,-8.33489704132,-11.1779909134],"median":[-7.49468803406,-6.39263629913,-7.25404167175,-7.54793071747,-7.7985868454,-10.744354248],"min":[-27.1355857849,-27.5459899902,-27.3142127991,-27.4035129547,-27.1415805817,-27.299697876],"var":[4.63329553604,4.88546991348,4.23915290833,4.09861087799,3.66155791283,2.6515686512]},"spectral_decrease":{"dmean":1.46232903564e-9,"dmean2":2.03572203539e-9,"dvar":3.00108715616e-18,"dvar2":5.85369704674e-18,"max":2.87538821766e-23,"mean":-5.27238741554e-9,"median":-4.81873563274e-9,"min":-2.89110495544e-8,"var":1.45814852442e-17},"spectral_energy":{"dmean":0.00593704869971,"dmean2":0.00821622181684,"dvar":0.0000502014190715,"dvar2":0.0000964149730862,"max":0.12165530771,"mean":0.0215491149575,"median":0.0196666643023,"min":1.10448774303e-20,"var":0.000246701354627},"spectral_energyband_high":{"dmean":0.000152031803736,"dmean2":0.00022177847859,"dvar":1.30741497628e-7,"dvar2":2.95473199685e-7,"max":0.00781679246575,"mean":0.00026832651929,"median":0.000109604123281,"min":7.9889523613e-21,"var":2.69259800234e-7},"spectral_energyband_low":{"dmean":0.00118677166756,"dmean2":0.00196076231077,"dvar":0.00000308732660415,"dvar2":0.00000799525059847,"max":0.020362213254,"mean":0.00227396073751,"median":0.00179480412044,"min":6.22088515446e-23,"var":0.00000484810288981},"spectral_energyband_middle_high":{"dmean":0.00232177390717,"dmean2":0.00323997507803,"dvar":0.0000142906746987,"dvar2":0.0000264659938694,"max":0.105593174696,"mean":0.00680301710963,"median":0.00430334080011,"min":1.66382755597e-21,"var":0.000065618478402},"spectral_energyband_middle_low":{"dmean":0.00437156809494,"dmean2":0.00644236896187,"dvar":0.0000275741367659,"dvar2":0.0000609269700362,"max":0.0741611048579,"mean":0.0130265261978,"median":0.0116075202823,"min":3.2663271719e-22,"var":0.000105150727904},"spectral_entropy":{"dmean":0.165800273418,"dmean2":0.232378169894,"dvar":0.0292976293713,"dvar2":0.0599240288138,"max":9.80059814453,"mean":7.32997608185,"median":7.29996585846,"min":4.93763065338,"var":0.23607441783},"spectral_flux":{"dmean":0.0186165459454,"dmean2":0.0277796369046,"dvar":0.000407476822147,"dvar2":0.000838175124954,"max":0.305039614439,"mean":0.0674650073051,"median":0.0652639046311,"min":1.05094613567e-10,"var":0.00140830664895},"spectral_kurtosis":{"dmean":2.65208911896,"dmean2":4.38699054718,"dvar":11.3090829849,"dvar2":29.4210929871,"max":59.9794845581,"mean":8.651679039,"median":7.42350387573,"min":-1.21270370483,"var":40.854675293},"spectral_rms":{"dmean":0.000613151758444,"dmean2":0.000837281055283,"dvar":4.45615398803e-7,"dvar2":8.35485025164e-7,"max":0.0108944075182,"mean":0.00414729304612,"median":0.00438029551879,"min":3.28260422316e-12,"var":0.00000382360894946},"spectral_rolloff":{"dmean":406.342346191,"dmean2":679.984069824,"dvar":624734.6875,"dvar2":1366517.25,"max":19207.6171875,"mean":1402.80993652,"median":1291.9921875,"min":21.533203125,"var":1023757.0625},"spectral_skewness":{"dmean":0.273887008429,"dmean2":0.432762742043,"dvar":0.0869930237532,"dvar2":0.209009721875,"max":6.33916473389,"mean":2.02692317963,"median":1.97119450569,"min":0.0208485946059,"var":0.43136537075},"spectral_spread":{"dmean":514661,"dmean2":766024.4375,"dvar":799114395648,"dvar2":1420612993020,"max":41159808,"mean":3705476,"median":3229580.5,"min":1196593.625,"var":3939060940800},"spectral_strongpeak":{"dmean":0.668337404728,"dmean2":1.09043061733,"dvar":1.17083120346,"dvar2":2.72534823418,"max":14.447101593,"mean":1.35176086426,"median":0.882182776928,"min":0,"var":2.59223914146},"zerocrossingrate":{"dmean":0.00731934653595,"dmean2":0.00876888819039,"dvar":0.000146399848745,"dvar2":0.000156604131917,"max":0.552734375,"mean":0.0512230619788,"median":0.048828125,"min":0,"var":0.000765934062656}},"metadata":{"audio_properties":{"analysis_sample_rate":44100,"bit_rate":320066,"codec":"mp3","downmix":"mix","equal_loudness":0,"length":116.351997375,"lossless":false,"md5_encoded":"27d3cc269d95ad4ad33bafbfb1282f86","replay_gain":-9.48863220215,"sample_rate":48000},"tags":{"album":["Surfin' Safari"],"artist":["The Beach Boys"],"date":["1962"],"encoding":["LAME 32bits version 3.99.5 (http://lame.sf.net)"],"file_name":"copy6265931326124395656.mp3","genre":["Pop"],"length":["116306"],"musicbrainz_recordingid":["178e0c55-0eb2-4118-ad9e-0d3df696f2fd"],"title":["The Shift"],"tracknumber":["12"]},"version":{"essentia":"2.1-beta2","essentia_build_sha":"cead25079874084f62182a551b7393616cd33d87","essentia_git_sha":"v2.1_beta2-1-ge3940c0","extractor":"music 1.0"}},"rhythm":{"beats_count":313,"beats_loudness":{"dmean":0.0103039303795,"dmean2":0.0175563283265,"dvar":0.000148579158122,"dvar2":0.000412296387367,"max":0.127097472548,"mean":0.0297173354775,"median":0.0291253272444,"min":4.24563580737e-7,"var":0.000290436582873},"beats_loudness_band_ratio":{"dmean":[0.104876309633,0.125169932842,0.143370911479,0.083202727139,0.0929641127586,0.0169900879264],"dmean2":[0.177442893386,0.217623382807,0.248320177197,0.147826746106,0.163700670004,0.0298968646675],"dvar":[0.00931168626994,0.0128002278507,0.0131654590368,0.0122704049572,0.00787468720227,0.000758340174798],"dvar2":[0.025160074234,0.037013348192,0.0390631966293,0.0334963686764,0.0219134073704,0.00200149114244],"max":[0.999812841415,0.683805346489,0.685807883739,0.840323388577,0.774581372738,0.27849778533],"mean":[0.252384752035,0.226246237755,0.27453109622,0.123784467578,0.13847745955,0.0212018974125],"median":[0.178551271558,0.197905495763,0.26386269927,0.0757405459881,0.112432695925,0.0139568392187],"min":[0.0106766037643,8.98900339052e-7,0.00000262700154963,0.00000662673164697,0.00000922808339965,0.000049349724577],"var":[0.0532764233649,0