{"lowlevel":{"average_loudness":0.802030205727,"barkbands":{"dmean":[0.00019975451869,0.00109598762356,0.000587858783547,0.00066562986467,0.00078664481407,0.000311702751787,0.000207562887226,0.000238842112594,0.000381379184546,0.000477497029351,0.000384047743864,0.000350574962795,0.000331482122419,0.000278013932984,0.000451686792076,0.000476163695566,0.000279862550087,0.000229713768931,0.000264836475253,0.000182555086212,0.0000985784936347,0.0000973295245785,0.0000645878972136,0.0000542152884009,0.0000226625033974,0.00000592762035012,5.6366576473e-7],"dmean2":[0.00032081088284,0.00180894986261,0.000975101895165,0.00107755966019,0.00128984928597,0.000483962852741,0.00032439493225,0.000363815139281,0.000564899353776,0.000692703644745,0.000536798383109,0.000515316147357,0.000495892658364,0.000403190380894,0.000677403702866,0.00073672743747,0.000419584714109,0.000334076379659,0.000386552215787,0.000268740812317,0.000141660915688,0.000133328634547,0.0000891299860086,0.0000759628383094,0.0000305304420181,0.00000807023661764,7.69092196151e-7],"dvar":[1.28686821199e-7,0.00000477678941024,0.0000017015792082,0.00000290429329652,0.00000490016645927,3.24373587546e-7,1.96673923369e-7,3.14336972451e-7,0.00000113349835829,0.00000209518725569,0.00000178213372237,9.03765794646e-7,5.40726034615e-7,8.73978478921e-7,0.00000216445346268,0.00000193873393073,5.13037605288e-7,2.70326722784e-7,2.97946598948e-7,1.36235001946e-7,1.07721540132e-7,1.81882256811e-7,3.72908495194e-8,7.86862699442e-8,1.09799254133e-8,2.83231743614e-10,2.00021206195e-12],"dvar2":[3.09256733999e-7,0.0000125091992231,0.00000447183765573,0.00000730342662791,0.0000126583581732,7.47610556573e-7,4.94604080359e-7,6.79175457208e-7,0.00000233214427681,0.00000428253088103,0.00000304270520246,0.00000181688926659,0.00000112809050279,0.00000171379804215,0.00000441127713202,0.00000380757523999,0.00000116131366212,5.20386720382e-7,6.32016565305e-7,2.76784362541e-7,2.40536223828e-7,2.69164559086e-7,7.26630844383e-8,1.62040066698e-7,1.97102334454e-8,5.61342528016e-10,3.6956032852e-12],"max":[0.00714961532503,0.0326649919152,0.0198244191706,0.0366605557501,0.0221167933196,0.0110307605937,0.0114458426833,0.0158336646855,0.0205383226275,0.0331555604935,0.0467105545104,0.0339516736567,0.0202031899244,0.0334848985076,0.0481159463525,0.0586261153221,0.0256438422948,0.0148783056065,0.0175459347665,0.0113599495962,0.0201797392219,0.0191176962107,0.00633715698496,0.0108737517148,0.00372587051243,0.000528788310476,0.0000311512267217],"mean":[0.000240225330344,0.00188743008766,0.00090914190514,0.000819761189632,0.000975292932708,0.000543172296602,0.000359738623956,0.000372311944375,0.000575172482058,0.000918546749745,0.000863278168254,0.00060443894472,0.000594150274992,0.000452625070466,0.000738234317396,0.000816050043795,0.000599196820986,0.000473566964502,0.000534081656951,0.000390387314837,0.000191543469555,0.000168024140294,0.000112772409921,0.0000930672249524,0.0000382538455597,0.0000105333656393,0.00000104256935174],"median":[0.0000771791455918,0.000989853637293,0.000283457105979,0.00023909684387,0.000393275899114,0.000243086717092,0.000132202127133,0.000139259878779,0.000108393251139,0.00012189616973,0.0000937869044719,0.000124066587887,0.00024200626649,0.0000855102480273,0.000172015206772,0.000184555639862,0.000173437423655,0.000143622033647,0.00022489517869,0.000177863737918,0.000076764888945,0.0000444887482445,0.0000251631445281,0.0000194501917576,0.00000457070564153,0.00000119414050914,1.91035539387e-7],"min":[1.56303765773e-25,1.42543329737e-24,7.72731756545e-25,4.32209987438e-25,1.28741760522e-23,1.89619698801e-24,7.2910066846e-24,7.30097078669e-24,5.80967066057e-24,1.33762726077e-23,1.16891657664e-23,2.04285786599e-23,3.09578427943e-23,2.95776391328e-23,3.31316499929e-23,5.75378609744e-23,5.33226679243e-23,8.50273474257e-23,9.03401489175e-23,1.38498024588e-22,2.19245675386e-22,2.43954944639e-22,3.8818408788e-22,5.7620823898e-22,8.0882617956e-22,1.24288259219e-21,1.94410243923e-21],"var":[1.99215037355e-7,0.00000720263233234,0.00000242729879574,0.00000319237074109,0.00000433134846389,7.33179319923e-7,4.33736147443e-7,5.50311995084e-7,0.00000230518026001,0.00000651335130897,0.00000920428465179,0.00000313814780384,0.00000115077705232,0.00000249568006438,0.00000553892959942,0.00000552010078536,0.00000227214377446,0.0000011437757621,8.50127548802e-7,4.58345112975e-7,2.43633905939e-7,3.97770946847e-7,8.39831955091e-8,1.3867149562e-7,2.30469581197e-8,8.23878021361e-10,7.2247503119e-12]},"barkbands_crest":{"dmean":2.2113802433,"dmean2":3.62211894989,"dvar":4.26585292816,"dvar2":10.9092140198,"max":26.6961841583,"mean":8.28042316437,"median":7.64230012894,"min":2.26028347015,"var":11.3173666},"barkbands_flatness_db":{"dmean":0.0169134140015,"dmean2":0.0251534115523,"dvar":0.000271006778348,"dvar2":0.000572611752432,"max":0.412312537432,"mean":0.108341738582,"median":0.105876989663,"min":0.0245782863349,"var":0.00136334740091},"barkbands_kurtosis":{"dmean":1.28343057632,"dmean2":1.99976205826,"dvar":9.7593870163,"dvar2":21.1120033264,"max":128.436019897,"mean":0.72285926342,"median":-0.463664054871,"min":-1.94072413445,"var":31.4370918274},"barkbands_skewness":{"dmean":0.452168285847,"dmean2":0.661680817604,"dvar":0.265604436398,"dvar2":0.542989075184,"max":11.3284454346,"mean":0.467760175467,"median":0.327692747116,"min":-3.91240596771,"var":1.26558947563},"barkbands_spread":{"dmean":6.54755163193,"dmean2":9.90026664734,"dvar":56.1253089905,"dvar2":120.632476807,"max":129.812652588,"mean":31.6065826416,"median":29.3597202301,"min":2.6787648201,"var":233.043716431},"dissonance":{"dmean":0.0141344480217,"dmean2":0.0236043483019,"dvar":0.000214992338442,"dvar2":0.000570455216803,"max":0.499999970198,"mean":0.472226411104,"median":0.477718383074,"min":0.314325660467,"var":0.000478021393064},"dynamic_complexity":4.2247338295,"erbbands":{"dmean":[0.0370524153113,0.241253957152,0.642591655254,1.41745245457,3.12559437752,2.0089097023,2.61512207985,2.79665374756,2.88903331757,4.09687852859,4.27770519257,8.11124515533,13.8265419006,13.8061246872,14.2007627487,14.9381389618,13.4042224884,12.2055587769,20.4137020111,24.5436782837,18.212474823,15.1195011139,11.8352298737,12.5471553802,12.0623836517,8.11919212341,4.99127197266,3.59441614151,3.5863301754,2.78203821182,1.68765175343,1.2976142168,0.79160875082,0.298108786345,0.147559210658,0.0462799333036,0.00607524672523,0.000854074954987,0.0000912448085728,0.0000102858657556],"dmean2":[0.06324249506,0.394690394402,1.06232523918,2.26710438728,5.26344203949,3.26610922813,4.11331987381,4.37682914734,4.51710367203,6.36642789841,6.50439548492,12.045958519,19.4836349487,19.0322761536,20.0643024445,21.6533432007,19.8757553101,17.229341507,30.287771225,36.7346992493,27.2746353149,22.222946167,16.7911243439,18.4816360474,17.2802371979,11.9170436859,7.1075630188,5.21388483047,4.98069763184,3.81669330597,2.3216176033,1.8344618082,1.10683000088,0.412094265223,0.199296742678,0.0622390657663,0.00816521327943,0.00114819407463,0.000124020501971,0.0000135956706799],"dvar":[0.00584192806855,0.26332500577,1.9675194025,9.31833839417,117.568527222,19.5953884125,22.2439937592,33.7919883728,47.4499969482,83.3455810547,127.935653687,515.51763916,1771.44152832,1685.11962891,1606.35498047,1629.54162598,867.327392578,1372.85864258,3709.19555664,6523.03125,2186.35742188,1719.66540527,818.242553711,825.1171875,669.252380371,246.803009033,144.6927948,207.405822754,259.239837646,126.93057251,27.1425991058,37.0316734314,16.9254741669,2.05795574188,0.464566469193,0.0220738276839,0.000235863626585,0.00000422278844781,5.14481044434e-8,3.10268033488e-10],"dvar2":[0.0165278334171,0.677307188511,5.07274103165,23.4219341278,306.917449951,49.5817337036,54.2052230835,77.6594848633,122.062026978,191.669204712,279.431610107,1080.60900879,3678.37939453,2931.66992188,2734.42480469,3158.13330078,1793.52355957,2415.00195312,7845.08496094,13043.5751953,4382.52246094,3822.65332031,1432.24658203,1895.75305176,1306.66577148,524.24041748,275.422698975,448.726165771,393.293395996,223.450286865,55.0404319763,76.429649353,34.5487136841,3.90983271599,0.840259313583,0.0390092283487,0.000451747735497,0.00000766496759752,9.41025177781e-8,5.53293855177e-10],"max":[1.17524564266,8.61213493347,19.9188270569,64.625541687,118.393669128,56.5250854492,86.6392059326,133.061645508,216.893737793,298.495635986,355.299530029,464.122009277,1152.97314453,1509.92871094,1362.41516113,1614.28747559,821.988647461,2025.22814941,1726.72839355,3004.16333008,1616.76660156,1562.11645508,993.620117188,1131.43078613,925.221313477,504.466217041,672.944580078,903.818115234,788.141906738,521.821472168,163.155303955,238.045944214,155.468261719,50.1109809875,27.1314945221,5.39065027237,0.365508526564,0.0450232550502,0.00465982034802,0.000370993890101],"mean":[0.0542635545135,0.422829598188,0.976804852486,2.17590165138,3.07591581345,2.86863017082,4.15625,4.70742273331,5.19398784637,7.16300868988,6.86118030548,13.4188308716,24.3902492523,30.4136714935,34.2010421753,27.5442829132,26.596578598,24.1821956635,34.6677246094,46.1414871216,34.9580001831,33.5615463257,27.6321907043,24.9559936523,26.7986221313,18.1556968689,10.7314043045,6.88277196884,6.17862129211,4.60540771484,2.9280769825,2.17738652229,1.33449244499,0.497319221497,0.246451795101,0.0824863240123,0.0112261753529,0.00158063950948,0.000177349138539,0.0000293465509458],"median":[0.0230048969388,0.219726398587,0.368257880211,0.822618603706,0.77090972662,1.27048265934,1.99408590794,1.92770838737,2.03600645065,2.34853363037,3.25179100037,3.30719637871,3.15340828896,5.89651584625,5.77243852615,7.50695705414,12.1929864883,7.90606832504,9.59765625,11.2104301453,9.93956947327,9.44487190247,8.99361515045,10.3975276947,11.3937005997,8.72852611542,5.00464105606,2.45503163338,1.72126579285,1.04129433632,0.651279270649,0.449294298887,0.286437094212,0.0743990913033,0.0240890607238,0.00878789462149,0.00136330607347,0.000195029206225,0.000040852890379,0.0000187574078154],"min":[1.10701014913e-22,3.62350168033e-22,1.60172357875e-21,3.75899910523e-21,6.35492168469e-21,2.80406246655e-20,5.14710938963e-20,3.86067551604e-20,1.25666635752e-19,9.59394576724e-20,2.18942197036e-19,2.16432156241e-19,5.15276652953e-19,8.48243422683e-19,7.3879300368e-19,1.2078212131e-18,1.54465898131e-18,1.76950269842e-18,1.80649400862e-18,2.99343511511e-18,3.47932390206e-18,3.45511894297e-18,5.69413390657e-18,4.73998603308e-18,6.9928153265e-18,8.29450313436e-18,8.60585226256e-18,9.52567544936e-18,1.05468191622e-17,1.10937203775e-17,1.2172811401e-17,1.06550226581e-17,9.08687515955e-18,8.13445526636e-18,5.82777692865e-18,4.13170842988e-18,2.25743503507e-18,8.85494777786e-19,2.37030517382e-19,2.36230552951e-20],"var":[0.00731164915487,0.379176199436,2.61138010025,12.9222173691,89.0764846802,25.2699680328,39.2940216064,73.2416992188,100.111907959,187.394348145,189.657043457,1074.25695801,4564.52441406,7584.54541016,11610.5878906,5939.62255859,2109.203125,5300.75390625,8018.62841797,19547.6953125,6117.14453125,7426.90283203,4199.14111328,1604.13012695,2639.34594727,874.612609863,425.372344971,471.583343506,566.458618164,235.303283691,58.0612411499,67.1721038818,29.30210495,4.13312482834,0.945442140102,0.0603624023497,0.000825649651233,0.0000166442805494,1.84857768204e-7,1.17754161977e-9]},"erbbands_crest":{"dmean":2.53616404533,"dmean2":4.06440448761,"dvar":5.88425636292,"dvar2":14.0750494003,"max":31.4562969208,"mean":9.26570415497,"median":8.33331489563,"min":2.20659136772,"var":19.9228134155},"erbbands_flatness_db":{"dmean":0.0181896556169,"dmean2":0.0242519974709,"dvar":0.000289011950372,"dvar2":0.000488287769258,"max":0.339173913002,"mean":0.171507850289,"median":0.171834781766,"min":0.0342925004661,"var":0.00230335956439},"erbbands_kurtosis":{"dmean":0.867987692356,"dmean2":1.31908667088,"dvar":2.1637597084,"dvar2":4.36167049408,"max":52.1394996643,"mean":0.519691646099,"median":-0.0152649879456,"min":-1.75791203976,"var":5.40335178375},"erbbands_skewness":{"dmean":0.318710118532,"dmean2":0.4658421278,"dvar":0.0940585806966,"dvar2":0.189948409796,"max":3.1468360424,"mean":-0.307897925377,"median":-0.301876187325,"min":-5.81132936478,"var":0.551482856274},"erbbands_spread":{"dmean":7.08552646637,"dmean2":10.3858318329,"dvar":66.3443450928,"dvar2":138.595703125,"max":130.936218262,"mean":32.7921676636,"median":29.3876094818,"min":2.00246500969,"var":268.997680664},"gfcc":{"cov":[[42446.53125,2423.86889648,-4514.48144531,1378.35107422,-1806.61303711,670.379760742,-1099.12902832,292.485992432,-732.031188965,-90.8015594482,-428.67489624,-115.425720215,-190.503372192],[2423.86889648,1299.97705078,-470.552246094,90.9810943604,186.454193115,-92.2259292603,176.304351807,-48.0231246948,9.13188838959,-28.3014793396,51.6358108521,-114.072242737,28.5913791656],[-4514.48144531,-470.552246094,1525.96923828,205.69078064,256.43145752,150.369140625,32.1290054321,-2.06616020203,80.1510162354,51.7326393127,-127.764404297,43.3603057861,-33.8904037476],[1378.35107422,90.9810943604,205.69078064,411.952697754,72.0014190674,81.3751907349,-48.6642112732,20.5252056122,6.38192987442,15.2823123932,-71.3538360596,-7.87154054642,-33.1289520264],[-1806.61303711,186.454193115,256.43145752,72.0014190674,357.285644531,5.24194908142,136.399581909,-1.38928055763,69.8350296021,10.6865386963,7.99879741669,-24.622795105,14.8537654877],[670.379760742,-92.2259292603,150.369140625,81.3751907349,5.24194908142,248.123138428,27.2469825745,9.28692054749,-39.9397201538,13.4282503128,-26.1816101074,-12.6418190002,-16.7617206573],[-1099.12902832,176.304351807,32.1290054321,-48.6642112732,136.399581909,27.2469825745,257.324768066,-27.2166042328,0.7221108675,12.8524894714,41.2206115723,-34.1433448792,4.34170913696],[292.485992432,-48.0231246948,-2.06616020203,20.5252056122,-1.38928055763,9.28692054749,-27.2166042328,143.474655151,50.2003593445,-21.8465614319,-15.465924263,10.3572063446,16.9077301025],[-732.031188965,9.13188838959,80.1510162354,6.38192987442,69.8350296021,-39.9397201538,0.7221108675,50.2003593445,126.66884613,24.7437839508,-2.34104347229,5.13436985016,19.2050552368],[-90.8015594482,-28.3014793396,51.7326393127,15.2823123932,10.6865386963,13.4282503128,12.8524894714,-21.8465614319,24.7437839508,114.143386841,27.0505752563,7.75513315201,-12.13052845],[-428.67489624,51.6358108521,-127.764404297,-71.3538360596,7.99879741669,-26.1816101074,41.2206115723,-15.465924263,-2.34104347229,27.0505752563,131.508651733,15.0582199097,8.16970825195],[-115.425720215,-114.072242737,43.3603057861,-7.87154054642,-24.622795105,-12.6418190002,-34.1433448792,10.3572063446,5.13436985016,7.75513315201,15.0582199097,91.6257019043,21.0335540771],[-190.503372192,28.5913791656,-33.8904037476,-33.1289520264,14.8537654877,-16.7617206573,4.34170913696,16.9077301025,19.2050552368,-12.13052845,8.16970825195,21.0335540771,89.4060668945]],"icov":[[0.000188820034964,-0.000429482170148,0.000527071300894,-0.0005321939243,0.000575321959332,-0.000666223349981,0.000479476555483,-0.000493010738865,0.000576074991841,-0.000501179194544,0.000783681345638,-0.000468307698611,0.000238549560891],[-0.000429482170148,0.00232544098981,-0.000687173567712,0.00050153961638,-0.00187219236977,0.0019670156762,-0.00173604232259,0.00157836452127,-0.00144277128857,0.00143562455196,-0.00197806325741,0.00220235344023,-0.00110045901965],[0.000527071300894,-0.000687173567712,0.00266654998995,-0.00180714798626,0.000666203675792,-0.00225410680287,0.00114485132508,-0.000884874083567,0.00105440209154,-0.00155335199088,0.0031387093477,-0.0018827333115,0.000981312594377],[-0.0005321939243,0.00050153961638,-0.00180714798626,0.00517626246437,-0.00250062602572,0.000833168625832,0.0000687591891619,0.000685046077706,-0.00109117187094,0.000517701322678,-0.000738954753615,0.000646631873678,0.000597439997364],[0.000575321959332,-0.00187219236977,0.000666203675792,-0.00250062602572,0.00711833732203,-0.00182818528265,-0.000806962198112,-0.00102590420283,-0.000733826309443,-0.000663473096211,0.00145215250086,-0.000797202403191,-0.0000191818780877],[-0.000666223349981,0.0019670156762,-0.00225410680287,0.000833168625832,-0.00182818528265,0.00787035468966,-0.00282482500188,0.000335079297656,0.000677457835991,0.000599415390752,-0.00243887514807,0.0028518748004,-0.00125352083705],[0.000479476555483,-0.00173604232259,0.00114485132508,0.0000687591891619,-0.000806962198112,-0.00282482500188,0.00755871227011,-0.00104585336521,0.00237211328931,-0.00184829940554,0.000772859668359,-0.000016321962903,0.00064436084358],[-0.000493010738865,0.00157836452127,-0.000884874083567,0.000685046077706,-0.00102590420283,0.000335079297656,-0.00104585336521,0.0111478539184,-0.00689243106171,0.00439165579155,-0.00195655971766,0.00058680283837,-0.00134382583201],[0.000576074991841,-0.00144277128857,0.00105440209154,-0.00109117187094,-0.000733826309443,0.000677457835991,0.00237211328931,-0.00689243106171,0.0154860829934,-0.00600820453838,0.00316705671139,-0.000721990363672,-0.00113985687494],[-0.000501179194544,0.00143562455196,-0.00155335199088,0.000517701322678,-0.000663473096211,0.000599415390752,-0.00184829940554,0.00439165579155,-0.00600820453838,0.0129612563178,-0.00506028207019,0.000507980352268,0.000949932262301],[0.000783681345638,-0.00197806325741,0.0031387093477,-0.000738954753615,0.00145215250086,-0.00243887514807,0.000772859668359,-0.00195655971766,0.00316705671139,-0.00506028207019,0.014105450362,-0.004834884312,0.00133398768958],[-0.000468307698611,0.00220235344023,-0.0018827333115,0.000646631873678,-0.000797202403191,0.0028518748004,-0.000016321962903,0.00058680283837,-0.000721990363672,0.000507980352268,-0.004834884312,0.0159939583391,-0.00471618957818],[0.000238549560891,-0.00110045901965,0.000981312594377,0.000597439997364,-0.0000191818780877,-0.00125352083705,0.00064436084358,-0.00134382583201,-0.00113985687494,0.000949932262301,0.00133398768958,-0.00471618957818,0.0139908744022]],"mean":[-65.1068649292,76.7846984863,-140.520996094,43.1359672546,-49.4268608093,11.988904953,-28.9948177338,5.57062673569,-21.1021614075,0.902326226234,-9.21621417999,-2.04607343674,-6.31135988235]},"hfc":{"dmean":5.57089185715,"dmean2":7.07899904251,"dvar":85.4517669678,"dvar2":136.251846313,"max":272.178710938,"mean":18.8004188538,"median":11.184636116,"min":1.06522499487e-16,"var":437.36038208},"melbands":{"dmean":[0.000310954317683,0.000321848143358,0.000305706984363,0.000183773023309,0.0000883233078639,0.0000600615458097,0.0000432625965914,0.0000472799765703,0.0000355725314876,0.0000571078962821,0.0000712654073141,0.0000588840630371,0.0000487694633193,0.0000424755162385,0.000031238203519,0.0000340056394634,0.0000238743705268,0.0000338018107868,0.0000328921341861,0.0000424763202318,0.0000186329452845,0.0000178425652848,0.0000134824967972,0.0000115543834909,0.0000111767822091,0.0000106095958472,0.00000700292321199,0.000005999309451,0.00000386841338695,0.00000272622332886,0.00000208295705306,0.00000218298782784,0.00000185987096302,0.0000015071833559,0.00000104179775917,8.35553237266e-7,8.64261437528e-7,6.46895784939e-7,3.9528816842e-7,2.17238465439e-7],"dmean2":[0.00051730585983,0.000524156785104,0.000491376733407,0.000303441338474,0.000139147203299,0.0000936420910875,0.0000677034549881,0.0000730044484953,0.000054287014791,0.0000839671920403,0.000101080135209,0.0000821707362775,0.0000680577577441,0.0000622353327344,0.0000452814492746,0.0000505370335304,0.0000342567182088,0.0000504245726916,0.0000484407391923,0.000065064356022,0.0000280746971839,0.0000267252817139,0.00001977388456,0.0000166113150044,0.00001681651338,0.0000157405447681,0.0000103625670818,0.00000896462097444,0.00000575541025682,0.00000401126953875,0.0000030766141208,0.00000312587735607,0.00000264752043222,0.00000212826284951,0.00000146653394495,0.00000119837250168,0.00000127198313749,9.34767058425e-7,5.59775060083e-7,3.0472705248e-7],"dvar":[3.63718015706e-7,4.82425832615e-7,5.65440871014e-7,3.16338514494e-7,2.46927385206e-8,1.44654679346e-8,9.55166790106e-9,1.16547962392e-8,1.03168176224e-8,2.55432102136e-8,4.6800540332e-8,3.04617309155e-8,2.55259795523e-8,1.20903891343e-8,8.4926456978e-9,6.09847994326e-9,6.60457555313e-9,1.22214771636e-8,1.63244386897e-8,1.67704783394e-8,2.35995178954e-9,2.40373143612e-9,1.33970923244e-9,7.6957767936e-10,7.61110618974e-10,5.309580553e-10,2.6563404254e-10,1.5292589417e-10,8.35052235693e-11,6.46095399404e-11,7.37340813406e-11,8.75466990569e-11,9.73800901027e-11,2.58994700686e-11,9.70729312905e-12,9.54598292774e-12,2.1940626399e-11,1.22717756096e-11,3.93748358571e-12,1.03284167243e-12],"dvar2":[9.78813091024e-7,0.00000121097343708,0.00000142787155255,8.18765727217e-7,6.1199393997e-8,3.33300924638e-8,2.42145503648e-8,2.60127688279e-8,2.30660663902e-8,5.24475645136e-8,9.75860530161e-8,5.32291224431e-8,4.11999323546e-8,2.43695694735e-8,1.49035468411e-8,1.30779671537e-8,1.19416299071e-8,2.59959627158e-8,3.33901724048e-8,3.21404485248e-8,5.20784171343e-9,5.21089482675e-9,2.63967425695e-9,1.47379053406e-9,1.80232428981e-9,1.07460607079e-9,5.33170452233e-10,3.39118177983e-10,1.60104693392e-10,1.34449104627e-10,1.59302432357e-10,1.42201625475e-10,1.6870385644e-10,4.81164934285e-11,2.10548575102e-11,1.99772923898e-11,4.89920916336e-11,2.75503942576e-11,7.59381880294e-12,2.08689294144e-12],"max":[0.0081704268232,0.0114980619401,0.0121667999774,0.00577600626275,0.00310443690978,0.00264756893739,0.00278757046908,0.00343626504764,0.00341993989423,0.00297002750449,0.00591702340171,0.00578366732225,0.00603868765756,0.00447083823383,0.00411426043138,0.00269618444145,0.00417624507099,0.00268088583834,0.00504676997662,0.00577910570428,0.00167359889019,0.00155963993166,0.00135405140463,0.000904671789613,0.00111644878052,0.000516492815223,0.000668786349706,0.000352809642209,0.000490250531584,0.000340626458637,0.000560869753826,0.000432462984463,0.000424733414548,0.0002214567794,0.0000987675375654,0.0000889234797796,0.000182241070434,0.000138862451422,0.0000649322610116,0.0000352363094862],"mean":[0.000524379138369,0.000549383868929,0.000409326079534,0.000210808735574,0.000144207384437,0.000102580772364,0.0000777120658313,0.0000806932803243,0.0000532713893335,0.0000906537898118,0.00012459330901,0.000123305871966,0.0001128556396,0.0000808953045635,0.0000539671345905,0.0000633485542494,0.0000408290616178,0.0000523909293406,0.0000550967088202,0.0000733328488423,0.0000321151019307,0.0000353043724317,0.0000288340597763,0.0000226572847168,0.000019347298803,0.0000213628500205,0.0000146256315929,0.0000119716214613,0.00000764414198784,0.00000482546147396,0.00000366876838598,0.00000367498023479,0.00000289361332761,0.00000243787508225,0.00000174089609573,0.00000136634446335,0.00000135591562866,0.00000103141508134,6.32821183899e-7,3.43281158166e-7],"median":[0.000275133323157,0.000251044024481,0.000142126416904,0.0000719540184946,0.0000725598802092,0.0000429565807281,0.0000302638109133,0.0000250744833465,0.0000230958157772,0.00001760444502,0.0000126411287056,0.0000191432845895,0.0000129415984702,0.0000188352296391,0.0000145430922203,0.0000237690728682,0.00000972822635958,0.0000128229139591,0.0000111178705993,0.0000151723970703,0.00000885011922946,0.00000883544998942,0.00000836782237457,0.00000646685248284,0.00000740248970033,0.0000083590439317,0.00000558911733606,0.00000559056616112,0.00000335344611813,0.00000175959928583,0.00000118700938856,0.00000104124501377,5.98043698119e-7,5.35946185209e-7,3.93195790593e-7,2.94417446867e-7,2.53192581567e-7,2.20149473762e-7,1.1110655862e-7,3.82183209524e-8],"min":[1.24669289765e-24,7.13213581753e-25,1.33264974568e-24,1.51681770565e-24,1.20124977634e-24,8.84435742624e-25,1.98105830546e-24,1.23555753432e-24,1.53145561139e-24,9.21623434557e-25,2.1914269985e-24,2.87871042647e-24,2.15253536701e-24,1.9301201763e-24,3.19711164833e-24,2.1321444959e-24,3.33373170749e-24,2.38649021225e-24,2.39785434524e-24,3.81594029075e-24,2.99307652228e-24,3.28865599815e-24,3.72499567243e-24,3.27970479346e-24,2.68490978459e-24,3.78675007067e-24,3.50471454768e-24,5.40699424492e-24,3.06665200119e-24,3.90480034412e-24,4.84644191301e-24,5.25710593976e-24,3.85016580998e-24,5.30404592463e-24,5.56261914658e-24,6.05651707073e-24,5.43811480763e-24,5.43908155667e-24,4.97974796751e-24,5.55080792667e-24],"var":[5.58135752726e-7,7.02173736045e-7,5.99327449891e-7,2.61984240524e-7,4.5154749273e-8,3.22592370594e-8,2.10050004057e-8,2.56131116316e-8,1.39868907567e-8,5.49173115871e-8,1.23888597159e-7,1.33096676791e-7,1.46735928297e-7,5.19504119723e-8,2.28182646111e-8,1.3218677708e-8,2.214832584e-8,2.46170888119e-8,4.45965788742e-8,5.2642590731e-8,5.13908693378e-9,8.78984884878e-9,6.12749895268e-9,3.01952063353e-9,1.21307697221e-9,1.6906590572e-9,9.81001835321e-10,4.39801278729e-10,2.4061999615e-10,1.3200186777e-10,1.82020842843e-10,1.88600773887e-10,1.65011282416e-10,5.01817754017e-11,1.92836701468e-11,1.86491377896e-11,3.36596271688e-11,1.81645757463e-11,7.78742348384e-12,1.91422767394e-12]},"melbands_crest":{"dmean":2.93940138817,"dmean2":4.85848379135,"dvar":7.99668979645,"dvar2":20.6892757416,"max":39.7448196411,"mean":11.6406316757,"median":11.0838689804,"min":1.54439651966,"var":22.269657135},"melbands_flatness_db":{"dmean":0.0215773899108,"dmean2":0.0323727019131,"dvar":0.000520721136127,"dvar2":0.00114005221985,"max":0.414571225643,"mean":0.151391103864,"median":0.149296268821,"min":0.00280148535967,"var":0.00297855213284},"melbands_kurtosis":{"dmean":3.7010948658,"dmean2":5.71800374985,"dvar":66.0094985962,"dvar2":145.756637573,"max":234.354660034,"mean":5.24658584595,"median":1.33521986008,"min":-1.93307518959,"var":167.252197266},"melbands_skewness":{"dmean":0.609917402267,"dmean2":0.898289382458,"dvar":0.532735407352,"dvar2":1.11870098114,"max":14.9026021957,"mean":1.61269545555,"median":1.25915634632,"min":-1.80967497826,"var":2.32248234749},"melbands_spread":{"dmean":10.8920354843,"dmean2":16.3176231384,"dvar":188.968597412,"dvar2":377.287078857,"max":263.240753174,"mean":44.742149353,"median":39.8716621399,"min":1.74129056931,"var":752.16192627},"mfcc":{"cov":[[13779.8417969,1267.71118164,-487.681121826,316.264801025,12.2779941559,109.664421082,-26.7136211395,188.247253418,-128.633148193,114.099014282,-170.702545166,-114.383033752,-73.2078170776],[1267.71118164,1336.64709473,-375.736083984,250.224395752,-22.2423782349,72.1081542969,132.359100342,-10.6619291306,24.4352169037,84.7330474854,-11.256269455,0.0304542966187,1.82689452171],[-487.681121826,-375.736083984,813.418884277,99.3201217651,181.380310059,158.010467529,-23.1854457855,33.9777297974,70.4138259888,-20.689874649,26.2528476715,-35.5849304199,-36.0999107361],[316.264801025,250.224395752,99.3201217651,377.147338867,134.186080933,82.8124694824,12.6024913788,20.2617378235,64.2928848267,17.8174819946,0.629331469536,19.224811554,9.21358966827],[12.2779941559,-22.2423782349,181.380310059,134.186080933,258.550292969,43.1107177734,-23.5028991699,46.1523132324,58.8317565918,20.4814281464,-14.5685968399,-5.3692741394,15.4819517136],[109.664421082,72.1081542969,158.010467529,82.8124694824,43.1107177734,251.611450195,98.606048584,-8.40045070648,18.983291626,28.4063510895,22.2751502991,-26.0116577148,14.9343242645],[-26.7136211395,132.359100342,-23.1854457855,12.6024913788,-23.5028991699,98.606048584,192.043869019,19.5805206299,-8.68664264679,34.9547805786,6.17834949493,-9.72695350647,11.8634090424],[188.247253418,-10.6619291306,33.9777297974,20.2617378235,46.1523132324,-8.40045070648,19.5805206299,119.348899841,37.0044212341,5.74668169022,-11.8664855957,-18.5741901398,-2.01176524162],[-128.633148193,24.4352169037,70.4138259888,64.2928848267,58.8317565918,18.983291626,-8.68664264679,37.0044212341,125.897377014,36.2150802612,-8.33247280121,-21.9418697357,-3.95460557938],[114.099014282,84.7330474854,-20.689874649,17.8174819946,20.4814281464,28.4063510895,34.9547805786,5.74668169022,36.2150802612,117.336456299,14.5935640335,-31.7164649963,8.39632320404],[-170.702545166,-11.256269455,26.2528476715,0.629331469536,-14.5685968399,22.2751502991,6.17834949493,-11.8664855957,-8.33247280121,14.5935640335,82.6648254395,32.3658485413,1.22962152958],[-114.383033752,0.0304542966187,-35.5849304199,19.224811554,-5.3692741394,-26.0116577148,-9.72695350647,-18.5741901398,-21.9418697357,-31.7164649963,32.3658485413,116.422660828,27.5888690948],[-73.2078170776,1.82689452171,-36.0999107361,9.21358966827,15.4819517136,14.9343242645,11.8634090424,-2.01176524162,-3.95460557938,8.39632320404,1.22962152958,27.5888690948,94.4774932861]],"icov":[[0.0000950167159317,-0.0000780402842793,0.000032118317904,-0.000051118338888,0.0000447497732239,-0.000158651862876,0.000218941466301,-0.000281534827081,0.000286159280222,-0.000180371876922,0.000243503804086,-0.0000379536431865,0.000112572299258],[-0.0000780402842793,0.0012832962675,0.000669355271384,-0.000896392797586,0.0000744185381336,-0.000145742713357,-0.000691680645104,0.000395631883293,-0.000319814804243,-0.000304561079247,-0.0000263125493802,0.0000282435066765,0.000369788496755],[0.000032118317904,0.000669355271384,0.00230906484649,-0.000356094766175,-0.00111606752034,-0.00145242607687,0.000296143261949,-0.000160297335242,-0.000545671267901,0.000737104855943,-0.000815798644908,0.000487816316308,0.00108066492248],[-0.000051118338888,-0.000896392797586,-0.000356094766175,0.00445214333013,-0.0017393999733,-0.00085941364523,0.000276298145764,0.000123267484014,-0.00137389602605,0.000440848612925,0.0000647045962978,-0.0012988090748,0.00007803706103],[0.0000447497732239,0.0000744185381336,-0.00111606752034,-0.0017393999733,0.00648554740474,-0.000492595660035,0.0014396305196,-0.00201104651205,-0.0002890942269,-0.00166986766271,0.00195121916477,-0.00081675243564,-0.00108268391341],[-0.000158651862876,-0.000145742713357,-0.00145242607687,-0.00085941364523,-0.000492595660035,0.00765432743356,-0.00416278187186,0.00254962127656,-0.000891954929102,0.000907548994292,-0.00257106218487,0.00254991813563,-0.00197263527662],[0.000218941466301,-0.000691680645104,0.000296143261949,0.000276298145764,0.0014396305196,-0.00416278187186,0.00886317808181,-0.00344859296456,0.00230485782959,-0.00267379288562,0.00165429781191,-0.00120741361752,0.000170130762854],[-0.000281534827081,0.000395631883293,-0.000160297335242,0.000123267484014,-0.00201104651205,0.00254962127656,-0.00344859296456,0.0116694606841,-0.00377326295711,0.00200944510289,-0.00108915683813,0.00198401440866,-0.000592740427237],[0.000286159280222,-0.000319814804243,-0.000545671267901,-0.00137389602605,-0.0002890942269,-0.000891954929102,0.00230485782959,-0.00377326295711,0.0122471917421,-0.0042545418255,0.00214938563295,0.0000785042357165,0.000811852980405],[-0.000180371876922,-0.000304561079247,0.000737104855943,0.000440848612925,-0.00166986766271,0.000907548994292,-0.00267379288562,0.00200944510289,-0.0042545418255,0.013242483139,-0.00539870327339,0.00501071568578,-0.00213440693915],[0.000243503804086,-0.0000263125493802,-0.000815798644908,0.0000647045962978,0.00195121916477,-0.00257106218487,0.00165429781191,-0.00108915683813,0.00214938563295,-0.00539870327339,0.0174763388932,-0.00696316966787,0.00210257084109],[-0.0000379536431865,0.0000282435066765,0.000487816316308,-0.0012988090748,-0.00081675243564,0.00254991813563,-0.00120741361752,0.00198401440866,0.0000785042357165,0.00501071568578,-0.00696316966787,0.0139804789796,-0.00422618025914],[0.000112572299258,0.000369788496755,0.00108066492248,0.00007803706103,-0.00108268391341,-0.00197263527662,0.000170130762854,-0.000592740427237,0.000811852980405,-0.00213440693915,0.00210257084109,-0.00422618025914,0.0129555901513]],"mean":[-678.745666504,96.9117355347,-23.4512252808,30.7793235779,1.54184186459,9.12637519836,3.23793745041,3.99006891251,-2.38382530212,5.20284938812,-4.3737654686,1.94959974289,0.851127028465]},"pitch_salience":{"dmean":0.0607099831104,"dmean2":0.0981440544128,"dvar":0.00323867797852,"dvar2":0.00823471322656,"max":0.948067784309,"mean":0.551909267902,"median":0.552854955196,"min":0.0143095357344,"var":0.0116504179314},"silence_rate_20dB":{"dmean":0,"dmean2":0,"dvar":0,"dvar2":0,"max":1,"mean":1,"median":1,"min":1,"var":0},"silence_rate_30dB":{"dmean":0,"dmean2":0,"dvar":0,"dvar2":0,"max":1,"mean":1,"median":1,"min":1,"var":0},"silence_rate_60dB":{"dmean":0.034859675914,"dmean2":0.0697296485305,"dvar":0.0336470082402,"dvar2":0.0746139958501,"max":1,"mean":0.159651458263,"median":0,"min":0,"var":0.134167060256},"spectral_centroid":{"dmean":275.785552979,"dmean2":409.359924316,"dvar":117058.757812,"dvar2":225766.328125,"max":11703.390625,"mean":2326.97729492,"median":2134.35205078,"min":315.66104126,"var":2178402},"spectral_complexity":{"dmean":3.43958640099,"dmean2":4.67395496368,"dvar":18.0941696167,"dvar2":26.4656543732,"max":56,"mean":16.4011230469,"median":15,"min":0,"var":105.945205688},"spectral_contrast_coeffs":{"dmean":[0.0467839241028,0.0432354323566,0.0412083752453,0.0338505208492,0.0239909663796,0.0176658779383],"dmean2":[0.075091958046,0.0694639161229,0.0622440688312,0.0523148328066,0.0359497740865,0.027041759342],"dvar":[0.00180566578638,0.00134698115289,0.00131575611886,0.000843515153974,0.000466271623736,0.000257531850366],"dvar2":[0.00431212456897,0.0033515135292,0.00280873267911,0.00184637575876,0.000937156961299,0.000569694966543],"max":[-0.34574764967,-0.446067333221,-0.38196849823,-0.461964458227,-0.557033598423,-0.580467641354],"mean":[-0.692746818066,-0.733572304249,-0.724510371685,-0.739444673061,-0.764797985554,-0.746735751629],"median":[-0.700270235538,-0.734643936157,-0.726545453072,-0.740363478661,-0.76671230793,-0.740538775921],"min":[-0.981114387512,-0.992062568665,-0.984322786331,-0.972612440586,-0.967355728149,-0.965871155262],"var":[0.00850214343518,0.00655097234994,0.0092010749504,0.00600877357647,0.00431216415018,0.00261672819033]},"spectral_contrast_valleys":{"dmean":[0.44765946269,0.373407870531,0.363774895668,0.292959243059,0.245967671275,0.335757762194],"dmean2":[0.676361501217,0.568947196007,0.545977413654,0.434956818819,0.341525167227,0.401242643595],"dvar":[0.210499033332,0.15361186862,0.146077156067,0.104622319341,0.100298456848,0.144363746047],"dvar2":[0.389041602612,0.280800402164,0.261172086,0.168056860566,0.141378834844,0.198473379016],"max":[-5.61290216446,-5.27065181732,-5.75509405136,-5.41776514053,-5.51171445847,-7.48094034195],"mean":[-8.39564609528,-8.09294033051,-8.54960632324,-8.50775623322,-8.12059402466,-10.9319467545],"median":[-7.62138032913,-7.47083950043,-7.94736433029,-7.87664937973,-7.48754930496,-10.434756279],"min":[-28.3539276123,-28.0478916168,-28.107383728,-27.7242221832,-27.4997463226,-27.4193878174],"var":[10.707529068,10.3690452576,9.97787475586,9.95467948914,10.2091217041,8.05936145782]},"spectral_decrease":{"dmean":1.04168618176e-9,"dmean2":1.47786860527e-9,"dvar":2.11499804911e-18,"dvar2":4.26962135828e-18,"max":2.19476448679e-28,"mean":-3.3322771209e-9,"median":-2.51530818396e-9,"min":-1.93771452217e-8,"var":8.61662629004e-18},"spectral_energy":{"dmean":0.0043143266812,"dmean2":0.0060173147358,"dvar":0.0000346105371136,"dvar2":0.0000668237917125,"max":0.0793566256762,"mean":0.0142820104957,"median":0.0107445055619,"min":9.97809393671e-21,"var":0.000157308211783},"spectral_energyband_high":{"dmean":0.000377150252461,"dmean2":0.000491594022606,"dvar":0.00000111800454761,"dvar2":0.0000017497409317,"max":0.0462835617363,"mean":0.00083029497182,"median":0.000342140789144,"min":7.13554107604e-21,"var":0.00000323536141877},"spectral_energyband_low":{"dmean":0.00174402142875,"dmean2":0.00274486863054,"dvar":0.0000107474525066,"dvar2":0.0000259980115516,"max":0.0497269667685,"mean":0.00342087098397,"median":0.00188885908574,"min":1.29180477626e-23,"var":0.0000204502794077},"spectral_energyband_middle_high":{"dmean":0.00195786566474,"dmean2":0.00258677336387,"dvar":0.00000996959352051,"dvar2":0.0000162020769494,"max":0.0680195912719,"mean":0.0066379099153,"median":0.00318841682747,"min":1.11964469685e-21,"var":0.0000748157108319},"spectral_energyband_middle_low":{"dmean":0.00197860226035,"dmean2":0.00299046677537,"dvar":0.0000144781970448,"dvar2":0.0000344155014318,"max":0.0442332588136,"mean":0.00391504447907,"median":0.00258718128316,"min":1.34759139442e-22,"var":0.0000223995430133},"spectral_entropy":{"dmean":0.13954411447,"dmean2":0.186735868454,"dvar":0.0192114058882,"dvar2":0.0318777486682,"max":9.82989501953,"mean":7.67520332336,"median":7.62174654007,"min":6.20525741577,"var":0.260917246342},"spectral_flux":{"dmean":0.01863675192,"dmean2":0.0286131668836,"dvar":0.00043560587801,"dvar2":0.00098538340535,"max":0.265120893717,"mean":0.0641291812062,"median":0.0586344078183,"min":6.32470603668e-11,"var":0.00165551668033},"spectral_kurtosis":{"dmean":1.29145371914,"dmean2":2.18073177338,"dvar":1.78284406662,"dvar2":5.11249780655,"max":17.8064594269,"mean":3.57055401802,"median":3.284283638,"min":-1.27430677414,"var":4.74207925797},"spectral_rms":{"dmean":0.000529644021299,"dmean2":0.000717226881534,"dvar":3.8256629864e-7,"dvar2":6.93500680882e-7,"max":0.00879892613739,"mean":0.00332953524776,"median":0.0032376605086,"min":3.12005217669e-12,"var":0.00000284786801785},"spectral_rolloff":{"dmean":576.05682373,"dmean2":921.145507812,"dvar":911466.5625,"dvar2":1773280.625,"max":19918.2128906,"mean":2898.94750977,"median":2239.453125,"min":21.533203125,"var":8700389},"spectral_skewness":{"dmean":0.172570303082,"dmean2":0.279426127672,"dvar":0.0247414652258,"dvar2":0.0635628923774,"max":2.60613322258,"mean":1.1353096962,"median":1.15622270107,"min":-0.216082081199,"var":0.125536993146},"spectral_spread":{"dmean":462428.21875,"dmean2":631184.6875,"dvar":802747252736,"dvar2":1306524385280,"max":42701720,"mean":4810264,"median":3584871.25,"min":1997952.875,"var":32291166355500},"spectral_strongpeak":{"dmean":0.773696660995,"dmean2":1.29464828968,"dvar":1.81061851978,"dvar2":4.27104282379,"max":19.7122020721,"mean":1.33753919601,"median":0.368766009808,"min":0,"var":4.49829530716},"zerocrossingrate":{"dmean":0.0110091911629,"dmean2":0.012676557526,"dvar":0.000235426079598,"dvar2":0.000250513461651,"max":0.53173828125,"mean":0.0943644046783,"median":0.07666015625,"min":0,"var":0.0055607217364}},"metadata":{"audio_properties":{"analysis_sample_rate":44100,"bit_rate":320000,"codec":"mp3","downmix":"mix","equal_loudness":0,"length":157.178771973,"lossless":false,"md5_encoded":"d2ec624c83112af8e7788fa184517fd4","replay_gain":-15.360086441,"sample_rate":44100},"tags":{"album":["Cream Of The Crop "],"albumartist":["Diana Ross & the Supremes"],"artist":["Diana Ross & The Supremes "],"bpm":["108"],"composer":["Sawyer, Pam; Ivy Jo Hunter; Jack Goga"],"date":["1969"],"file_name":"02 Can't You See It's Me 1.mp3","genre":["R & B/Soul"],"initialkey":["Dm"],"label":["Motown"],"language":["eng"],"length":["157000"],"musicbrainz_albumartistid":["c1839207-c3ca-4400-a93b-dec9f3e21734"],"musicbrainz_albumid":["9a56a711-e878-4c28-8b6f-558515c67b4c"],"musicbrainz_artistid":["c1839207-c3ca-4400-a93b-dec9f3e21734"],"musicbrainz_recordingid":["17a1dd36-297b-4ea1-8a17-a653bada94e5"],"musicbrainz_releasegroupid":["39aac9b8-fae2-3481-b573-afb746572605"],"title":["Can't You See It's Me"],"tracknumber":["2"]},"version":{"essentia":"2.1-beta2","essentia_build_sha":"cead25079874084f62182a551b7393616cd33d87","essentia_git_sha":"v2.1_beta2-1-ge3940c0","extractor":"music 1.0"}},"rhythm":{"beats_count":279,"beats_loudness":{"dmean":0.0110215218738,"dmean2":0.0188708640635,"dvar":0.000108469852421,"dvar2":0.000269628973911,"max":0.0674397423863,"mean":0.0217792987823,"median":0.0220631808043,"min":0,"var":0.000202197668841},"beats_loudness_band_ratio":{"dmean":[0.223716601729,0.0812371447682,0.0903954952955,0.141465827823,0.129097640514,0.0945242568851],"dmean2":[0.396762222052,0.141770929098,0.162346914411,0.255723685026,0.228824332356,0.172904014587],"dvar":[0.0294514223933,0.00534501951188,0.00812535360456,0.0200529973954,0.0120921228081,0.0073780240491],"dvar2":[0.0808415412903,0.0152408014983,0.0234619509429,0.0554410330951,0.0323284976184,0.0203771106899],"max":[0.989154517651,0.501359283924,0.584564745426,0.8342689