{"lowlevel":{"average_loudness":0.765349209309,"barkbands":{"dmean":[0.0102871889248,0.0184615310282,0.00208114576526,0.000893361342605,0.00222837761976,0.00100641022436,0.00056776375277,0.000634486845229,0.000776642700657,0.000664642546326,0.000691559514962,0.000771741732024,0.000837358355056,0.00042937049875,0.000277864863165,0.000203884832445,0.000207949560718,0.000223911803914,0.00020311663684,0.00016051941202,0.0000713296685717,0.0000551656303287,0.0000462123207399,0.0000369247209164,0.000009413758562,0.0000848810159368,0.000396896211896],"dmean2":[0.017161609605,0.0300772674382,0.00347910705023,0.00151943753008,0.00365523528308,0.00163852144033,0.000944071391132,0.00105287902988,0.00130198651459,0.00109122844879,0.00115227058996,0.00127581332345,0.00139075610787,0.000713066547178,0.000456203706563,0.000329265662003,0.000336373486789,0.000359217548976,0.000324275577441,0.000252981990343,0.000108035586891,0.0000824273301987,0.000067779343226,0.0000530099969183,0.0000146879674503,0.000120021271869,0.000614461081568],"dvar":[0.000454227149021,0.00107186101377,0.0000115238544822,0.00000247150865107,0.0000209637364605,0.00000353549398824,9.83325321613e-7,0.00000202201681532,0.00000256089379036,0.00000269788438345,0.00000335209824698,0.00000171257238435,0.00000206868594432,5.52913036245e-7,2.58437637513e-7,1.258754736e-7,1.5967133038e-7,1.67323946698e-7,1.58790456339e-7,1.89255473515e-7,3.96242754164e-8,1.28653692144e-8,8.33147328905e-9,4.9685482395e-9,2.4287857836e-10,2.59589132412e-8,2.87289367407e-7],"dvar2":[0.00114193151239,0.00280763441697,0.0000300667143165,0.0000063145976128,0.0000542253437743,0.00000864932644618,0.00000248252513302,0.0000048772790251,0.00000670682129567,0.0000066725524448,0.00000837000879983,0.00000434682851846,0.00000546170076632,0.00000142390774727,6.45607599381e-7,3.04404352391e-7,3.76897105525e-7,3.93517098018e-7,3.56277752189e-7,4.24630428597e-7,8.02844155601e-8,2.71262727836e-8,1.64654281321e-8,1.01533954577e-8,5.5566107271e-10,5.00326180486e-8,6.84916415139e-7],"max":[0.340494662523,0.361615717411,0.0639358460903,0.0447113960981,0.137918189168,0.0577238686383,0.0351869054139,0.0650583431125,0.0542563609779,0.0591872818768,0.086901858449,0.035318095237,0.0350479744375,0.018905621022,0.0169338881969,0.0100426264107,0.00944064743817,0.0120734320953,0.0119851231575,0.0171886775643,0.00814880710095,0.00490286899731,0.00492523470894,0.00166326726321,0.000273836107226,0.00750958966091,0.0119489999488],"mean":[0.0143624991179,0.034053850919,0.00262967147864,0.00107797293458,0.00372476712801,0.00161137036048,0.000852723896969,0.000922675710171,0.00122153037228,0.00100096024107,0.00108121952508,0.00138126732782,0.001494708471,0.000776080007199,0.000496022345033,0.000401150347898,0.000415547809098,0.000471689127153,0.000419588614022,0.000337686185958,0.000149138097186,0.000111409739475,0.0000830686913105,0.0000595656929363,0.0000132754357764,0.000150271458551,0.00157831551041],"median":[0.00674244528636,0.0268053896725,0.00131303118542,0.000594195909798,0.00168662366923,0.000710566004273,0.00045258924365,0.000501644273754,0.000675414805301,0.000478246074636,0.000591236108448,0.000742094067391,0.000875009049196,0.000481992261484,0.00031689426396,0.000250011798926,0.000243365968345,0.00027232512366,0.000262899091467,0.000213166465983,0.0000787901226431,0.0000509079582116,0.000025785255275,0.000015992554836,0.0000052879577197,0.0000469058286399,0.00116149825044],"min":[7.02396030767e-25,1.24553386376e-24,1.54020743149e-24,1.76998062368e-24,1.36759987309e-23,1.18966267182e-23,1.07278196354e-23,1.22975360854e-23,2.41725267156e-23,2.94714205896e-23,1.87622646143e-23,2.36436112558e-23,2.72378177345e-23,3.84517405594e-23,5.60151827224e-23,5.36451668841e-23,5.51759230717e-23,1.16166659783e-22,1.80937416003e-22,2.25274592185e-22,2.26192094216e-22,3.58341997328e-22,4.84154255036e-22,6.75349399784e-22,9.30475700313e-22,1.45073262275e-21,1.99100192399e-21],"var":[0.000507388263941,0.00140700640623,0.0000154747649503,0.00000303095112031,0.0000411424407503,0.00000787141561887,0.00000172394857145,0.00000284279894913,0.00000408930463891,0.00000443087492386,0.00000490500224259,0.00000386865076507,0.00000433429295299,0.00000103555078113,4.61544573227e-7,2.82246048755e-7,3.65067052144e-7,4.35327962123e-7,3.96616030685e-7,4.12657442439e-7,8.81669777186e-8,3.49913342745e-8,2.39700810312e-8,1.00268744418e-8,3.89155457858e-10,6.51709157751e-8,0.00000197027975446]},"barkbands_crest":{"dmean":2.91708517075,"dmean2":4.6621799469,"dvar":6.65714931488,"dvar2":16.9587669373,"max":25.1117248535,"mean":13.1158704758,"median":13.125243187,"min":2.27862167358,"var":22.4623470306},"barkbands_flatness_db":{"dmean":0.0265387147665,"dmean2":0.0412018373609,"dvar":0.000566663744394,"dvar2":0.00144706759602,"max":0.408841252327,"mean":0.14400793612,"median":0.133140414953,"min":0.020833702758,"var":0.0037310635671},"barkbands_kurtosis":{"dmean":5.92871141434,"dmean2":9.34132099152,"dvar":83.4313049316,"dvar2":200.380233765,"max":226.006912231,"mean":11.6853408813,"median":6.04156494141,"min":-1.91089630127,"var":260.819274902},"barkbands_skewness":{"dmean":0.745552897453,"dmean2":1.15765166283,"dvar":0.568895876408,"dvar2":1.37966692448,"max":13.0853290558,"mean":2.72561335564,"median":2.3647043705,"min":-2.31043887138,"var":2.94307374954},"barkbands_spread":{"dmean":7.8574681282,"dmean2":12.1741285324,"dvar":66.2219543457,"dvar2":158.403884888,"max":133.765716553,"mean":28.7354259491,"median":26.3223228455,"min":1.24895572662,"var":337.167449951},"dissonance":{"dmean":0.0153486281633,"dmean2":0.0264736898243,"dvar":0.000410768319853,"dvar2":0.00121098943055,"max":0.500000059605,"mean":0.475380569696,"median":0.484133005142,"min":0.184044137597,"var":0.000887267291546},"dynamic_complexity":5.03183603287,"erbbands":{"dmean":[1.00977945328,2.72465491295,2.74339056015,2.45075917244,4.63956022263,9.50585269928,6.58043575287,10.5779275894,7.33652639389,12.503247261,12.2282819748,19.8821353912,13.4793729782,24.5950584412,29.3398075104,32.9473228455,38.2913818359,21.9703025818,17.2876262665,11.9910421371,9.96123600006,11.3072357178,11.7903499603,11.2665834427,9.56040763855,7.33159160614,3.55443954468,2.46621847153,1.97105920315,1.80483698845,1.18165767193,0.756334066391,0.638738274574,0.184350982308,0.0421794466674,0.210061296821,0.165982663631,0.0976750105619,0.0320279784501,0.0109820384532],"dmean2":[1.66473793983,4.49232196808,4.59321737289,4.13734102249,7.63471984863,15.7549180984,10.9408798218,17.2152900696,12.0883054733,20.9436340332,20.4792709351,33.4329185486,22.3900051117,40.4278717041,49.0896644592,54.2600898743,63.4822998047,36.1652183533,28.3915863037,19.4117984772,16.0193576813,18.2470626831,18.8856487274,17.93450737,15.1575965881,11.6486434937,5.39618062973,3.73109078407,2.96091651917,2.70432972908,1.72919595242,1.08581268787,0.924262523651,0.276546239853,0.0664550065994,0.306721538305,0.233805090189,0.140035510063,0.0468967668712,0.0170771479607],"dvar":[3.53667140007,24.10754776,20.2075271606,16.1452732086,80.6492080688,526.310913086,117.370124817,451.255401611,167.606307983,559.290466309,826.122436523,1721.70825195,1433.73132324,3638.17553711,4985.81542969,3109.91699219,4352.64013672,1264.27587891,1040.85192871,504.18270874,287.580383301,482.593231201,458.560272217,437.544677734,439.032012939,395.758361816,96.8528518677,41.5096435547,16.4225273132,14.5089921951,5.49702978134,2.03017902374,1.5182570219,0.113119877875,0.00366397388279,0.145917877555,0.107142955065,0.0339148640633,0.00352352764457,0.000188188190805],"dvar2":[9.3895111084,65.4262161255,53.5429954529,41.5286636353,198.950241089,1371.15686035,314.7215271,1077.23339844,412.270202637,1433.3182373,2068.40551758,4406.93115234,3486.47070312,8954.05078125,12001.4902344,8029.72949219,11571.3076172,3231.27563477,2558.85498047,1203.99829102,684.594177246,1126.44372559,1104.12121582,984.245300293,914.273498535,884.849182129,185.693099976,85.3154602051,34.4164237976,30.8290061951,10.7385787964,4.10393714905,3.18020772934,0.245800122619,0.00861920230091,0.303484469652,0.212454646826,0.0655482560396,0.00655220262706,0.000479127338622],"max":[22.7294692993,72.9638137817,61.0919036865,104.969741821,191.719802856,779.845703125,237.56803894,686.731079102,387.294586182,644.715576172,1554.85778809,1568.34924316,2034.0168457,2244.3984375,4080.45166016,1203.78222656,1702.35241699,844.951477051,1146.8972168,564.667419434,442.833496094,534.800170898,613.464355469,847.45715332,804.602111816,919.764709473,416.867370605,306.121185303,162.917007446,174.799377441,143.077438354,46.9964408875,23.4861717224,5.74094963074,0.826093256474,8.94758224487,13.7298212051,7.04507112503,2.36698532104,0.299974560738],"mean":[1.79841244221,4.48493909836,3.80710577965,3.39001321793,6.89509296417,14.7497653961,10.7331418991,16.3469600677,11.5437259674,18.4975223541,19.6468811035,30.5393009186,22.5522842407,39.8361663818,50.1571846008,62.7959365845,71.5197372437,44.8738708496,33.0677757263,23.5093135834,21.3468780518,23.8219642639,25.4349403381,23.9755554199,20.3330402374,15.7632074356,7.58087730408,5.12839221954,4.04798316956,3.34460735321,2.13557910919,1.31491613388,0.949843466282,0.266230911016,0.0630753785372,0.320290625095,0.294680655003,0.208721444011,0.107407696545,0.0513390079141],"median":[1.35638260841,3.14882326126,2.19815921783,2.09518384933,3.07667541504,5.58561134338,5.89969921112,6.33828163147,5.97899627686,9.91775894165,11.6785697937,16.4642658234,12.1598682404,21.7431716919,29.5178031921,34.4535827637,43.6093063354,30.6039485931,21.8160037994,15.2513980865,13.6810684204,14.1940040588,15.0769166946,14.3758115768,13.3280143738,10.0809583664,4.51469421387,2.58205604553,1.9098508358,1.22359514236,0.646347939968,0.39121684432,0.241119593382,0.085596203804,0.0315914228559,0.082417100668,0.0881710350513,0.078627794981,0.084281489253,0.0412963666022],"min":[6.30717202245e-23,3.05214525146e-22,1.48128610176e-21,4.16354535473e-21,1.97945532274e-20,3.06999069373e-20,3.06762159676e-20,1.36978653746e-19,1.44749304743e-19,1.90433236279e-19,3.65569473188e-19,5.42372504881e-19,9.24961115775e-19,1.22973622606e-18,1.0597968289e-18,1.09849750783e-18,1.37515830006e-18,2.55929681524e-18,2.61139451137e-18,3.85451276199e-18,4.02828521071e-18,3.52720111591e-18,5.7858215008e-18,7.81809673236e-18,1.08683823166e-17,1.01124757215e-17,1.05470160312e-17,8.53294373619e-18,1.26533379897e-17,1.21161644183e-17,1.30305348305e-17,1.28318692084e-17,1.13548207651e-17,9.67467797464e-18,7.08337588714e-18,5.0695099737e-18,2.54853912458e-18,9.86821714487e-19,2.60292542267e-19,3.04075018219e-20],"var":[4.32020139694,29.0480499268,25.189491272,20.6504859924,153.271560669,945.892089844,202.384887695,1044.16552734,285.745910645,835.027404785,1167.19421387,2758.99291992,2118.55053711,6325.55908203,8551.63085938,7403.46337891,9404.5,2830.13745117,1984.36132812,1003.10498047,740.516479492,1167.51672363,1197.64868164,1172.71179199,1151.72937012,848.771972656,233.11479187,93.7130432129,44.6870765686,38.4273452759,15.6311569214,4.95635175705,2.63692641258,0.183048054576,0.00666859559715,0.269815981388,0.26342305541,0.109515018761,0.0141228204593,0.0017827359261]},"erbbands_crest":{"dmean":2.41980814934,"dmean2":4.05382299423,"dvar":5.50748443604,"dvar2":14.100358963,"max":31.4379711151,"mean":7.67766952515,"median":6.82997131348,"min":2.45196318626,"var":12.175453186},"erbbands_flatness_db":{"dmean":0.017319759354,"dmean2":0.0269065126777,"dvar":0.000258789019426,"dvar2":0.000619018566795,"max":0.329427421093,"mean":0.115148238838,"median":0.106646418571,"min":0.0307369846851,"var":0.00169950991403},"erbbands_kurtosis":{"dmean":0.992254257202,"dmean2":1.60729217529,"dvar":2.65865683556,"dvar2":6.61679697037,"max":47.1018066406,"mean":0.898986637592,"median":0.309297323227,"min":-1.71969652176,"var":5.72367525101},"erbbands_skewness":{"dmean":0.324641257524,"dmean2":0.515784978867,"dvar":0.0998599305749,"dvar2":0.24041223526,"max":6.11387634277,"mean":0.0155630027875,"median":-0.0308070685714,"min":-3.30308485031,"var":0.48829844594},"erbbands_spread":{"dmean":6.98785829544,"dmean2":10.9696331024,"dvar":48.3344345093,"dvar2":119.566429138,"max":156.189117432,"mean":33.8582077026,"median":32.6636734009,"min":1.93753242493,"var":241.225311279},"gfcc":{"cov":[[25494.9589844,-1391.24511719,-2220.22387695,216.211410522,1174.30078125,-26.6825675964,782.1015625,-156.622756958,267.413299561,135.643692017,481.225006104,331.870452881,-35.9715614319],[-1391.24511719,992.976806641,149.958068848,-205.319259644,-38.713344574,-98.8475646973,13.9243507385,-27.8312244415,-17.677520752,-52.7817687988,0.545619130135,-109.529907227,60.860622406],[-2220.22387695,149.958068848,499.20980835,31.0059890747,-230.250213623,92.1609344482,-142.935623169,27.4981060028,-34.8883628845,9.4135427475,-54.679813385,0.594672977924,-7.72237157822],[216.211410522,-205.319259644,31.0059890747,298.472564697,172.641937256,-16.7983379364,98.4291229248,43.7864608765,18.3134040833,30.860956192,29.2501678467,15.2073936462,6.81419420242],[1174.30078125,-38.713344574,-230.250213623,172.641937256,358.921936035,-43.2795410156,204.014129639,20.0227241516,39.9341087341,12.9806833267,85.0472869873,-10.9242019653,35.9601783752],[-26.6825675964,-98.8475646973,92.1609344482,-16.7983379364,-43.2795410156,190.353134155,-27.201669693,33.5824699402,-35.7240180969,8.59733009338,-15.5890407562,27.146686554,-15.1503534317],[782.1015625,13.9243507385,-142.935623169,98.4291229248,204.014129639,-27.201669693,245.681686401,33.7027435303,43.8743247986,17.4421672821,62.9668884277,-8.74948501587,32.45728302],[-156.622756958,-27.8312244415,27.4981060028,43.7864608765,20.0227241516,33.5824699402,33.7027435303,122.246208191,19.9515895844,26.2828102112,3.82601118088,-9.24141788483,24.1311759949],[267.413299561,-17.677520752,-34.8883628845,18.3134040833,39.9341087341,-35.7240180969,43.8743247986,19.9515895844,95.8080368042,35.3092155457,19.6207828522,9.18952465057,1.3858268261],[135.643692017,-52.7817687988,9.4135427475,30.860956192,12.9806833267,8.59733009338,17.4421672821,26.2828102112,35.3092155457,65.2247467041,33.078666687,7.85660505295,10.8220539093],[481.225006104,0.545619130135,-54.679813385,29.2501678467,85.0472869873,-15.5890407562,62.9668884277,3.82601118088,19.6207828522,33.078666687,74.379699707,19.4455318451,18.9618988037],[331.870452881,-109.529907227,0.594672977924,15.2073936462,-10.9242019653,27.146686554,-8.74948501587,-9.24141788483,9.18952465057,7.85660505295,19.4455318451,64.9629592896,3.19322109222],[-35.9715614319,60.860622406,-7.72237157822,6.81419420242,35.9601783752,-15.1503534317,32.45728302,24.1311759949,1.3858268261,10.8220539093,18.9618988037,3.19322109222,59.0239601135]],"icov":[[0.0000817073087092,-0.0000485405471409,0.000478607602417,-0.000238036969677,0.000180872477358,-0.000268080882961,0.00000832017667562,0.000113888847409,-0.000153973742272,0.0000331627852574,-0.000301244668663,-0.000183352123713,0.0000640326470602],[-0.0000485405471409,0.00283653126098,-0.00300568179227,0.00358453183435,-0.00201407819986,0.00179347384255,-0.000808599521406,0.00028370929067,-0.0000670943045407,0.00196981430054,-0.00121292471886,0.00328957103193,-0.00189326808322],[0.000478607602417,-0.00300568179227,0.0114053571597,-0.0107092214748,0.0104191489518,-0.00781128043309,0.00258050998673,0.00195894017816,-0.00471551390365,0.00353788444772,-0.00663433363661,0.00290568568744,-0.00301711633801],[-0.000238036969677,0.00358453183435,-0.0107092214748,0.0179388578981,-0.015208594501,0.0102804172784,-0.0036582138855,-0.00444051949307,0.00872472021729,-0.0100813638419,0.0122640794143,-0.00882989075035,0.00659974711016],[0.000180872477358,-0.00201407819986,0.0104191489518,-0.015208594501,0.0208152867854,-0.00986254960299,-0.000289569084998,0.00417709862813,-0.00965559203178,0.013450355269,-0.0179500635713,0.0128580573946,-0.00862419046462],[-0.000268080882961,0.00179347384255,-0.00781128043309,0.0102804172784,-0.00986254960299,0.0149786993861,-0.00298188487068,-0.0059118848294,0.0109742563218,-0.0104915546253,0.0118316169828,-0.0113286506385,0.00816657114774],[0.00000832017667562,-0.000808599521406,0.00258050998673,-0.0036582138855,-0.000289569084998,-0.00298188487068,0.00962679833174,-0.000306487752823,-0.00452920375392,0.00426210835576,-0.00609256513417,0.00397816952318,-0.00309171900153],[0.000113888847409,0.00028370929067,0.00195894017816,-0.00444051949307,0.00417709862813,-0.0059118848294,-0.000306487752823,0.0135654062033,-0.00593280233443,0.00159084261395,-0.00306490855291,0.00796118099242,-0.00849250331521],[-0.000153973742272,-0.0000670943045407,-0.00471551390365,0.00872472021729,-0.00965559203178,0.0109742563218,-0.00452920375392,-0.00593280233443,0.0244688279927,-0.0200606882572,0.0151904672384,-0.0151126319543,0.0110080009326],[0.0000331627852574,0.00196981430054,0.00353788444772,-0.0100813638419,0.013450355269,-0.0104915546253,0.00426210835576,0.00159084261395,-0.0200606882572,0.0445634126663,-0.0315004698932,0.0204397272319,-0.0129515901208],[-0.000301244668663,-0.00121292471886,-0.00663433363661,0.0122640794143,-0.0179500635713,0.0118316169828,-0.00609256513417,-0.00306490855291,0.0151904672384,-0.0315004698932,0.0485966317356,-0.0258422531188,0.00856454204768],[-0.000183352123713,0.00328957103193,0.00290568568744,-0.00882989075035,0.0128580573946,-0.0113286506385,0.00397816952318,0.00796118099242,-0.0151126319543,0.0204397272319,-0.0258422531188,0.0406483560801,-0.015577997081],[0.0000640326470602,-0.00189326808322,-0.00301711633801,0.00659974711016,-0.00862419046462,0.00816657114774,-0.00309171900153,-0.00849250331521,0.0110080009326,-0.0129515901208,0.00856454204768,-0.015577997081,0.0305070336908]],"mean":[12.8687753677,76.1829452515,-79.8372344971,2.02158045769,-7.86862039566,-6.47637653351,3.99223041534,-7.35845327377,-4.91255664825,-2.90495634079,2.64297795296,0.873549580574,-7.6586151123]},"hfc":{"dmean":53.4287986755,"dmean2":83.5983963013,"dvar":4611.28076172,"dvar2":11919.6455078,"max":1944.78015137,"mean":241.833831787,"median":203.211105347,"min":1.06383897104e-16,"var":38278.9492188},"melbands":{"dmean":[0.00701480731368,0.00196178164333,0.000443821278168,0.000507876568008,0.000281082553556,0.00021849120094,0.000110809560283,0.00013996148482,0.000104764403659,0.000123194768094,0.0000687017309247,0.000103657548607,0.0000963731363299,0.0000840476204758,0.0000940879544942,0.0000752163905418,0.0000429510073445,0.0000316233417834,0.0000185472272278,0.0000157376180141,0.0000123036934383,0.0000128151350509,0.0000122604751596,0.0000112695834105,0.00000989266936813,0.00000758460737416,0.0000077586983025,0.00000456532416138,0.00000251913797911,0.00000190780724552,0.00000138935763516,0.00000118350214962,0.00000109705194973,0.00000104393859601,7.46792977679e-7,5.26649671428e-7,4.70524838647e-7,4.85010332341e-7,3.61961980389e-7,8.44308587489e-8],"dmean2":[0.01144538261,0.00328066712245,0.000741864321753,0.000832364545204,0.000463597854832,0.00035508457222,0.000182441071956,0.00023380262428,0.000176374087459,0.000206577926292,0.000114222304546,0.000170612242073,0.000161465606652,0.000137887109304,0.000156487862114,0.000125631078845,0.0000714273846825,0.0000524072602275,0.0000302874032059,0.0000257750689343,0.000020016959752,0.0000209532299777,0.0000200177437364,0.0000182697385753,0.0000159532501129,0.00001213775613,0.0000125985943669,0.00000735920048101,0.00000390581180909,0.00000297339443023,0.00000214100077756,0.00000181789494036,0.00000166478446317,0.00000158206228207,0.00000111893803023,7.77440902766e-7,6.82830602727e-7,7.03498528765e-7,5.42401096482e-7,1.32491763338e-7],"dvar":[0.000162954136613,0.0000113540354505,5.04002741764e-7,0.00000128803537791,2.49887136761e-7,1.81942056088e-7,3.72375907887e-8,7.48493107494e-8,5.06225497077e-8,7.0782796513e-8,3.70485011558e-8,6.58106955598e-8,6.19319990847e-8,2.2317628634e-8,2.56496139883e-8,1.57704107551e-8,5.20591791897e-9,3.66522834305e-9,1.14037068677e-9,8.32396873651e-10,4.46862880032e-10,6.39331254604e-10,5.43400158204e-10,4.25409263372e-10,3.41030009787e-10,2.59413407422e-10,3.51779244623e-10,1.67629743419e-10,5.19089597695e-11,3.41422237704e-11,1.17635528055e-11,6.00556410157e-12,5.56892813114e-12,4.9801265542e-12,2.42925059409e-12,1.07094010309e-12,8.0841832794e-13,8.83210930606e-13,5.2094456136e-13,2.01449659498e-14],"dvar2":[0.000424819183536,0.0000304387594952,0.00000128075350858,0.00000330068564836,6.72780231525e-7,4.38043656459e-7,9.13840452199e-8,1.86852886941e-7,1.30155413558e-7,1.81240721986e-7,8.9927056024e-8,1.62185799013e-7,1.53213335352e-7,5.56266641638e-8,6.82800376239e-8,4.15394616482e-8,1.33887807507e-8,9.2214564873e-9,2.82571899213e-9,2.02149630368e-9,1.09443443197e-9,1.54928370133e-9,1.32939526054e-9,1.02211783481e-9,7.97706845024e-10,5.80783476867e-10,7.96422650051e-10,3.89953763724e-10,1.02990817263e-10,7.68449956445e-11,2.47226059069e-11,1.31587822236e-11,1.21058449723e-11,1.0888370934e-11,4.92927009973e-12,2.25279582315e-12,1.69573144589e-12,1.85910293236e-12,1.14268512187e-12,4.67347514854e-14],"max":[0.15531347692,0.0490859150887,0.0155036840588,0.0341551564634,0.0133565496653,0.0135369859636,0.00525859976187,0.00960156880319,0.0104799065739,0.0105949351564,0.00990451313555,0.00987671595067,0.0130202006549,0.00478384178132,0.00395691161975,0.0041183559224,0.00173490354791,0.00234117568471,0.000890160445124,0.00089258281514,0.000616007018834,0.000634754600469,0.000857174803969,0.000589894363657,0.000730013241991,0.000605031498708,0.000711609667633,0.000647973327432,0.000316269521136,0.000287868751911,0.000132923509227,0.00008957949467,0.000137502065627,0.000102119643998,0.000101351259218,0.0000388418120565,0.0000262824523816,0.0000218309050979,0.0000153738419613,0.00000217158071791],"mean":[0.0130687151104,0.00320775806904,0.000661854806822,0.000813214224763,0.000466444325866,0.000343687541317,0.000175337336259,0.000205985576031,0.000165472825756,0.000187161480426,0.000108757019916,0.000158760201884,0.000156075620907,0.000155018948135,0.000172429616214,0.000133932218887,0.0000787851022324,0.0000558521642233,0.0000338868048857,0.0000290099269478,0.0000240032259171,0.0000244115108217,0.0000238694501604,0.0000223538518185,0.0000192495263036,0.0000148691960931,0.0000147459932123,0.0000092688960649,0.00000488987461722,0.00000364945458387,0.00000270177361017,0.00000231537524087,0.00000203428567147,0.00000180839799668,0.00000129939667204,9.1205129138e-7,7.69300129377e-7,7.17144018836e-7,5.0246723049e-7,1.17724432869e-7],"median":[0.0103556290269,0.00218652840704,0.00041090711602,0.000343738734955,0.000233900238527,0.000138750881888,0.0000934969721129,0.000110895445687,0.0000960462493822,0.00010026950622,0.0000548925527255,0.000081621168647,0.0000879082363099,0.0000865376059664,0.0000956929434324,0.0000818900880404,0.0000499587004015,0.0000345441440004,0.0000214905448956,0.000017829826902,0.000014909026504,0.0000141128330142,0.0000136749322337,0.0000126962586364,0.0000111625304271,0.00000909261598281,0.00000917561010283,0.00000575963304073,0.00000280066774394,0.00000184125906344,0.00000129067188936,0.00000108848951186,8.18438365968e-7,6.06794969826e-7,3.91478636175e-7,2.3921944603e-7,2.12977909086e-7,1.78747541213e-7,1.24703731785e-7,4.66428886625e-8],"min":[5.47987306104e-25,8.60024639127e-25,1.36017241241e-24,1.57571938564e-24,1.11808086135e-24,3.30867906286e-24,2.20128401272e-24,2.14757165698e-24,2.84926086837e-24,3.91249292124e-24,4.1384913154e-24,4.95318307653e-24,3.30062380694e-24,3.78765607742e-24,1.87523320667e-24,3.06397184626e-24,4.37869551673e-24,3.48105029825e-24,4.08911256703e-24,3.2230054159e-24,4.52901572323e-24,2.99632426263e-24,2.48243325048e-24,5.24987721285e-24,5.37867966045e-24,7.33430015994e-24,6.82904184989e-24,6.22559362854e-24,6.49075186689e-24,4.62157316767e-24,4.73490053089e-24,6.25978917106e-24,7.86349882074e-24,5.7472074708e-24,6.8493226749e-24,7.80602478176e-24,6.47377755237e-24,7.004020665e-24,7.78192508111e-24,7.55435922034e-24],"var":[0.00020635414694,0.000013893747564,7.45774684674e-7,0.00000242609007728,4.64442479142e-7,4.17255535012e-7,6.61446222239e-8,1.1002425282e-7,7.37161158781e-8,1.12464832114e-7,5.39843298952e-8,1.11470832564e-7,9.76801501906e-8,5.02885200149e-8,5.79499968012e-8,3.0775389348e-8,1.02225827803e-8,6.34080876694e-9,2.09938866291e-9,1.6319989804e-9,1.01616137727e-9,1.32282873544e-9,1.20503185208e-9,1.01719421775e-9,8.10748856939e-10,6.15622386402e-10,7.42632511042e-10,3.22125326413e-10,1.12080636439e-10,6.06034875061e-11,2.574620378e-11,1.47628645419e-11,1.40192909365e-11,1.22982084585e-11,6.32726293234e-12,2.61988044106e-12,1.72180986916e-12,1.53922794649e-12,7.68867554259e-13,3.12792428406e-14]},"melbands_crest":{"dmean":4.34090089798,"dmean2":6.98142385483,"dvar":17.2308578491,"dvar2":44.5362243652,"max":38.8145828247,"mean":22.6805324554,"median":23.1004486084,"min":1.1296671629,"var":68.1406555176},"melbands_flatness_db":{"dmean":0.0328875444829,"dmean2":0.0506856366992,"dvar":0.000828445598017,"dvar2":0.0020906990394,"max":0.58717674017,"mean":0.25352910161,"median":0.245622426271,"min":0.0000423704696004,"var":0.00604648934677},"melbands_kurtosis":{"dmean":13.0142459869,"dmean2":20.3854522705,"dvar":461.20300293,"dvar2":1071.19262695,"max":439.176330566,"mean":26.38996315,"median":12.3850326538,"min":-1.67977154255,"var":1564.22814941},"melbands_skewness":{"dmean":1.06127429008,"dmean2":1.64360427856,"dvar":1.17854523659,"dvar2":2.82799553871,"max":18.734495163,"mean":3.85221290588,"median":3.20307254791,"min":-1.49901521206,"var":6.75127696991},"melbands_spread":{"dmean":5.61244916916,"dmean2":8.83251667023,"dvar":49.5321083069,"dvar2":111.864456177,"max":201.853515625,"mean":16.6735877991,"median":13.0628128052,"min":0.702541410923,"var":237.186630249},"mfcc":{"cov":[[17113.8144531,-34.4093704224,-1927.42248535,293.587219238,122.994529724,564.954833984,226.447006226,417.761169434,-229.298187256,202.510879517,196.823348999,298.315338135,84.4917068481],[-34.4093704224,1012.83758545,-25.8063564301,7.53447723389,-45.5831260681,-41.4963531494,45.1098480225,-28.816160202,14.5623559952,3.21357750893,11.9040927887,-12.645816803,14.3879165649],[-1927.42248535,-25.8063564301,723.392883301,-202.56854248,-30.6981830597,-63.5230827332,-114.518226624,-69.6344223022,-4.44556093216,-59.5211906433,-39.7932548523,-41.7147407532,-25.8141593933],[293.587219238,7.53447723389,-202.56854248,389.294769287,60.5225143433,32.4857063293,98.5693969727,35.970199585,39.2408256531,66.6653442383,24.4185009003,28.7163085938,41.0781402588],[122.994529724,-45.5831260681,-30.6981830597,60.5225143433,119.353172302,24.5780220032,31.2752799988,14.3401269913,6.56406927109,3.63772010803,13.8019285202,5.33190393448,2.93249297142],[564.954833984,-41.4963531494,-63.5230827332,32.4857063293,24.5780220032,128.366867065,51.7835235596,36.8910255432,-20.0274658203,12.1165342331,8.07527256012,15.7069826126,6.25440406799],[226.447006226,45.1098480225,-114.518226624,98.5693969727,31.2752799988,51.7835235596,185.126968384,53.5620727539,34.0256767273,37.0035247803,4.92188310623,17.6162796021,25.3538627625],[417.761169434,-28.816160202,-69.6344223022,35.970199585,14.3401269913,36.8910255432,53.5620727539,86.8628616333,21.4269924164,19.9364509583,8.29392147064,12.8299245834,3.37897539139],[-229.298187256,14.5623559952,-4.44556093216,39.2408256531,6.56406927109,-20.0274658203,34.0256767273,21.4269924164,85.9288024902,36.6513938904,8.9168510437,6.35532999039,15.066868782],[202.510879517,3.21357750893,-59.5211906433,66.6653442383,3.63772010803,12.1165342331,37.0035247803,19.9364509583,36.6513938904,78.2243728638,28.5001983643,16.4229240417,14.2633571625],[196.823348999,11.9040927887,-39.7932548523,24.4185009003,13.8019285202,8.07527256012,4.92188310623,8.29392147064,8.9168510437,28.5001983643,51.1850852966,25.480342865,9.83424854279],[298.315338135,-12.645816803,-41.7147407532,28.7163085938,5.33190393448,15.7069826126,17.6162796021,12.8299245834,6.35532999039,16.4229240417,25.480342865,51.7925415039,28.1277389526],[84.4917068481,14.3879165649,-25.8141593933,41.0781402588,2.93249297142,6.25440406799,25.3538627625,3.37897539139,15.066868782,14.2633571625,9.83424854279,28.1277389526,55.6703414917]],"icov":[[0.000116808034363,-0.0000341796549037,0.000269414769718,0.000103420876258,-0.0000786527380114,-0.000236142746871,0.000186389224837,-0.000382771453587,0.000390235538362,-0.000271631055512,0.000120549833809,-0.000438781455159,0.0000135667951326],[-0.0000341796549037,0.00110405765008,-0.0000322956693708,-0.0000457261121483,0.000575168640353,0.000384345214115,-0.000664526422042,0.00058662443189,-0.000191267259652,0.000460687442683,-0.000997077673674,0.000951557420194,-0.0003920532763],[0.000269414769718,-0.0000322956693708,0.00246024364606,0.000965106184594,-0.000371573667508,-0.000510248239152,0.000991411972791,-0.0000200469403353,-0.00000493093011755,-0.000204575218959,0.00093535380438,-0.000550051103346,-0.000178844347829],[0.000103420876258,-0.0000457261121483,0.000965106184594,0.00398823805153,-0.00169843249023,-0.0000465700177301,-0.000583960034419,-0.000159302813699,0.00022643012926,-0.00258781271987,0.000913794036023,-0.0003814282245,-0.00163711828645],[-0.0000786527380114,0.000575168640353,-0.000371573667508,-0.00169843249023,0.0104514593259,-0.00126261624973,-0.00147334660869,0.000369415298337,-0.00140791235026,0.00348291033879,-0.00464120600373,0.00197788095102,0.000600782572292],[-0.000236142746871,0.000384345214115,-0.000510248239152,-0.0000465700177301,-0.00126261624973,0.0119337830693,-0.002832302358,-0.00296511384659,0.00478195026517,-0.00150924385525,0.0000671090383548,-0.000691138964612,-0.000317684491165],[0.000186389224837,-0.000664526422042,0.000991411972791,-0.000583960034419,-0.00147334660869,-0.002832302358,0.00932616274804,-0.00361912581138,-0.00141237513162,-0.00217612320557,0.00342146866024,-0.00114589114673,-0.00193809601478],[-0.000382771453587,0.00058662443189,-0.0000200469403353,-0.000159302813699,0.000369415298337,-0.00296511384659,-0.00361912581138,0.0183101855218,-0.00583771523088,0.00113474403042,-0.000488465069793,-0.00127830868587,0.00340950652026],[0.000390235538362,-0.000191267259652,-0.00000493093011755,0.00022643012926,-0.00140791235026,0.00478195026517,-0.00141237513162,-0.00583771523088,0.0201603882015,-0.00900223199278,0.00142640492413,-0.000247717660386,-0.00345435272902],[-0.000271631055512,0.000460687442683,-0.000204575218959,-0.00258781271987,0.00348291033879,-0.00150924385525,-0.00217612320557,0.00113474403042,-0.00900223199278,0.0243617538363,-0.0120749343187,0.00288825947791,-0.00011547881877],[0.000120549833809,-0.000997077673674,0.00093535380438,0.000913794036023,-0.00464120600373,0.0000671090383548,0.00342146866024,-0.000488465069793,0.00142640492413,-0.0120749343187,0.0346351563931,-0.0165630429983,0.00350043410435],[-0.000438781455159,0.000951557420194,-0.000550051103346,-0.0003814282245,0.00197788095102,-0.000691138964612,-0.00114589114673,-0.00127830868587,-0.000247717660386,0.00288825947791,-0.0165630429983,0.0386357605457,-0.016248671338],[0.0000135667951326,-0.0003920532763,-0.000178844347829,-0.00163711828645,0.000600782572292,-0.000317684491165,-0.00193809601478,0.00340950652026,-0.00345435272902,-0.00011547881877,0.00350043410435,-0.016248671338,0.0284043159336]],"mean":[-648.565490723,139.444824219,-9.53509807587,28.9402751923,5.89013671875,16.0616436005,14.0230331421,11.1593780518,-1.69834661484,8.17829322815,4.95922899246,6.32525444031,3.10274648666]},"pitch_salience":{"dmean":0.087226472795,"dmean2":0.14005202055,"dvar":0.00615502521396,"dvar2":0.0159735120833,"max":0.995087504387,"mean":0.452220469713,"median":0.464319556952,"min":0.0659159272909,"var":0.0248160548508},"silence_rate_20dB":{"dmean":0.0031886624638,"dmean2":0.00637770164758,"dvar":0.00317882443778,"dvar2":0.00905407965183,"max":1,"mean":0.998169600964,"median":1,"min":0,"var":0.00182721717283},"silence_rate_30dB":{"dmean":0.110186003149,"dmean2":0.220385029912,"dvar":0.0980262085795,"dvar2":0.208915784955,"max":1,"mean":0.75761693716,"median":1,"min":0,"var":0.183646216989},"silence_rate_60dB":{"dmean":0.0031886624638,"dmean2":0.00637770164758,"dvar":0.00317850708961,"dvar2":0.00763615081087,"max":1,"mean":0.102621637285,"median":0,"min":0,"var":0.0920890122652},"spectral_centroid":{"dmean":237.467910767,"dmean2":369.620025635,"dvar":58455.9726562,"dvar2":129293.953125,"max":11718.7226562,"mean":1456.23083496,"median":1428.56811523,"min":170.043075562,"var":478009.8125},"spectral_complexity":{"dmean":3.93917918205,"dmean2":5.96964693069,"dvar":14.421836853,"dvar2":29.4595279694,"max":63,"mean":25.7719650269,"median":27,"min":0,"var":186.389465332},"spectral_contrast_coeffs":{"dmean":[0.0514486767352,0.04654282704,0.0376742258668,0.0291711762547,0.0199762266129,0.0242679324001],"dmean2":[0.0857810974121,0.0787471756339,0.0634077116847,0.0489766597748,0.0333929024637,0.0385945774615],"dvar":[0.00165633845609,0.00129421392921,0.000877672981005,0.000525898765773,0.000270495249424,0.000497502041981],"dvar2":[0.00462707225233,0.00368496403098,0.00249079684727,0.00147653417662,0.000731714884751,0.00125540804584],"max":[-0.371720314026,-0.477866500616,-0.581691205502,-0.611842632294,-0.681960642338,-0.556291997433],"mean":[-0.731577217579,-0.792140722275,-0.803624391556,-0.808726012707,-0.81359654665,-0.755290806293],"median":[-0.740532577038,-0.795380175114,-0.805653750896,-0.807095885277,-0.80736553669,-0.748131632805],"min":[-0.978367090225,-0.989753067493,-0.99047088623,-0.984295010567,-0.986926972866,-0.963998019695],"var":[0.00526720983908,0.00297881267034,0.00224150181748,0.00204815808684,0.00213673757389,0.00303924758919]},"spectral_contrast_valleys":{"dmean":[0.372924000025,0.369496703148,0.301892966032,0.260759413242,0.246191203594,0.396625727415],"dmean2":[0.621079921722,0.613500833511,0.495929688215,0.419651895761,0.378490537405,0.608233749866],"dvar":[0.0908425748348,0.0887476429343,0.0648057833314,0.0612973161042,0.0789388865232,0.126549184322],"dvar2":[0.244256481528,0.232332721353,0.160953745246,0.143458321691,0.180326759815,0.324046373367],"max":[-4.68253469467,-4.54810810089,-4.92729187012,-5.28933238983,-5.23042678833,-8.26858615875],"mean":[-6.65181064606,-6.62903928757,-6.94851016998,-7.34262466431,-7.42787265778,-10.6384315491],"median":[-6.26468372345,-6.29192447662,-6.49047279358,-6.80863952637,-6.91726589203,-10.2885599136],"min":[-27.761674881,-28.0661849976,-27.6208992004,-27.7351531982,-27.3797111511,-27.3959579468],"var":[2.48399305344,2.34176111221,2.76990890503,3.13262844086,3.13902592659,2.31004667282]},"spectral_decrease":{"dmean":6.99347291189e-9,"dmean2":1.11353983812e-8,"dvar":1.38950196343e-16,"dvar2":3.44255021481e-16,"max":7.94723575837e-9,"mean":-1.52905261785e-8,"median":-1.25282184626e-8,"min":-1.46655281696e-7,"var":2.08345130788e-16},"spectral_energy":{"dmean":0.0262320209295,"dmean2":0.0414584986866,"dvar":0.001880216063,"dvar2":0.00463717197999,"max":0.570178806782,"mean":0.0796449631453,"median":0.069135196507,"min":1.00499229407e-20,"var":0.00383980222978},"spectral_energyband_high":{"dmean":0.000517932639923,"dmean2":0.000738744623959,"dvar":7.27927385924e-7,"dvar2":0.00000136443100018,"max":0.0297184474766,"mean":0.00172613805626,"median":0.00120674725622,"min":7.14869680208e-21,"var":0.00000347927493749},"spectral_energyband_low":{"dmean":0.0238330960274,"dmean2":0.0386887937784,"dvar":0.00178012764081,"dvar2":0.00453337235376,"max":0.531630218029,"mean":0.0479018688202,"median":0.0389505922794,"min":8.26415417475e-24,"var":0.00240098708309},"spectral_energyband_middle_high":{"dmean":0.00236788322218,"dmean2":0.00367221003398,"dvar":0.0000119197402455,"dvar2":0.0000283495191979,"max":0.0953397527337,"mean":0.00805053580552,"median":0.00667208665982,"min":1.27121322525e-21,"var":0.0000571434356971},"spectral_energyband_middle_low":{"dmean":0.00375115545467,"dmean2":0.00605078553781,"dvar":0.00003362651114,"dvar2":0.0000862964370754,"max":0.145815014839,"mean":0.00961295515299,"median":0.00720288045704,"min":1.98908954845e-22,"var":0.0000958816017373},"spectral_entropy":{"dmean":0.132917955518,"dmean2":0.20370824635,"dvar":0.0223812516779,"dvar2":0.0558057837188,"max":9.81271362305,"mean":7.71482276917,"median":7.80700778961,"min":5.26464319229,"var":0.207528859377},"spectral_flux":{"dmean":0.0329381674528,"dmean2":0.0520473569632,"dvar":0.00195323652588,"dvar2":0.00431259674951,"max":0.581222295761,"mean":0.132669582963,"median":0.124728016555,"min":6.39743952258e-11,"var":0.00659031141549},"spectral_kurtosis":{"dmean":3.77824282646,"dmean2":5.88870239258,"dvar":48.9282226562,"dvar2":129.541168213,"max":169.824615479,"mean":15.8877315521,"median":14.2084474564,"min":-1.24633383751,"var":90.0012435913},"spectral_rms":{"dmean":0.00124334928114,"dmean2":0.00191706442274,"dvar":0.00000259060675489,"dvar2":0.0000061644714151,"max":0.0235854182392,"mean":0.00803169235587,"median":0.00821273215115,"min":3.13126217663e-12,"var":0.0000131940814754},"spectral_rolloff":{"dmean":3979.90625,"dmean2":7459.13916016,"dvar":47736156,"dvar2":111816792,"max":22050,"mean":8507.00683594,"median":1851.85546875,"min":43.06640625,"var":89977888},"spectral_skewness":{"dmean":0.309846997261,"dmean2":0.477353960276,"dvar":0.199485719204,"dvar2":0.513284087181,"max":10.7944879532,"mean":2.72253441811,"median":2.5708322525,"min":-0.0652337521315,"var":0.627201914787},"spectral_spread":{"dmean":499317.9375,"dmean2":750635.8125,"dvar":310842982400,"dvar2":656251879424,"max":42555092,"mean":4728250.5,"median":4509167,"min":1009055.5625,"var":3499058790400},"spectral_strongpeak":{"dmean":1.27390360832,"dmean2":2.36258220673,"dvar":67.938911438,"dvar2":181.96711731,"max":219.96244812,"mean":1.24160921574,"median":0.293645083904,"min":0,"var":60.362613678},"zerocrossingrate":{"dmean":0.0345126762986,"dmean2":0.044591806829,"dvar":0.000881806132384,"dvar2":0.00146959198173,"max":0.69677734375,"mean":0.213170811534,"median":0.20458984375,"min":0.021484375,"var":0.0107143670321}},"metadata":{"audio_properties":{"analysis_sample_rate":44100,"bit_rate":320000,"codec":"mp3","downmix":"mix","equal_loudness":0,"length":393.222320557,"lossless":false,"md5_encoded":"d203d42e06b281ab0ea8ea84c5e91202","replay_gain":-10.8007545471,"sample_rate":44100},"tags":{"album":["Intimacy"],"artist":["Bloc Party"],"date":["2008-08-21"],"file_name":"10. Ion Square.mp3","musicbrainz_albumartistid":["8c538f11-c141-4588-8ecb-931083524186"],"musicbrainz_albumid":["9621c2af-89eb-402e-9e61-375ee5462725"],"musicbrainz_recordingid":["17cfac62-66b5-423a-b6ea-4f154cbb74d3"],"quodlibet::language":["English"],"replaygain_album_gain":["-12.250000 dB"],"replaygain_album_peak":["1.00000000047"],"replaygain_track_gain":["-11.300781 dB"],"replaygain_track_peak":["1.00000000047"],"title":["Ion Square"],"tracknumber":["10/10"]},"version":{"essentia":"2.1-beta1","essentia_build_sha":"ca57ba49d9b1854bd80e60cf9ccf267278fb7d6b","essentia_git_sha":"v2.1_beta1-28-g21ef5f4-dirty","extractor":"music 1.0"}},"rhythm":{"beats_count":976,"beats_loudness":{"dmean":0.0505098849535,"dmean2":0.0901064202189,"dvar":0.00370647688396,"dvar2":0.0114624202251,"max":0.491860389709,"mean":0.109525337815,"median":0.0950043871999,"min":2.66545424621e-10,"var":0.00571435457096},"beats_loudness_band_ratio":{"dmean":[0.164042949677,0.049592744559,0.0383698493242,0.0577333942056,0.0224235355854,0.0702105164528],"dmean2":[0.293849438429,0.087635949254,0.0700015872717,0.105417765677,0.0415047332644,0.12391191721],"dvar":[0.019675238058,0.00361188990064,0.0031373151578,0.00578086124733,0.000583422894124,0.00448118709028],"dvar2":[0.0608378387988,0.0107245249674,0.00959221925586,0.0180379152298,0.00178544444498,0.0135190756992],"max":[0.969658195972,0.658483505249,0.690239071846,0.79673987627,0.262228161097,0.739621043205],"mean":[0.640561401844,0.0681380480528,0.0534256137908,0.0789139941335,0.0283266231418,0.139618054032],"median":[0.694733679295,0.0437853857875,0.0353062599897,0.0583519563079,0.0223405733705,0.108641922474],"min":[0.0187912005931,0.00189917476382,0.002235