{"lowlevel":{"average_loudness":0.59195202589,"barkbands":{"dmean":[0.00000536565084985,0.000113237270853,0.000777183682658,0.00105275050737,0.000972643436398,0.000482810573885,0.000365206651622,0.00026694466942,0.000286108377622,0.000111349894723,0.000093812290288,0.000100813653262,0.000318607140798,0.000274668331258,0.000319571641739,0.000622079300229,0.000134036512463,0.000259127671598,0.00015973522386,0.000159715738846,0.000183760683285,0.000111362242023,0.000156875001267,0.0000715211135685,0.0000116799155876,0.00000158886496138,4.87613540656e-8],"dmean2":[0.00000875193654792,0.000196482942556,0.00125029252376,0.00172708427999,0.00147253868636,0.000714451191016,0.000540041655768,0.000382318597985,0.0004443108337,0.000169573468156,0.000148834951688,0.000170513725607,0.000517484906595,0.000462029885966,0.000537822314072,0.00107175903395,0.000223528943025,0.000450036372058,0.00026068216539,0.000247310876148,0.000290039693937,0.000171066218172,0.000222406175453,0.000110438457341,0.0000179218932317,0.0000025010074296,8.23314891818e-8],"dvar":[2.54548315759e-9,8.80558417293e-8,0.00000235787956626,0.00000492204480906,0.00000351205630977,0.00000122548522086,0.00000123677079955,7.30447425212e-7,0.00000102909643829,2.27918590667e-7,1.03875429147e-7,1.89907012782e-7,0.00000128326382764,9.5365010111e-7,0.00000126208885831,0.00000637806397208,1.52360570382e-7,4.65340832534e-7,1.8036473648e-7,1.58554016139e-7,1.51096060108e-7,1.20770110357e-7,0.00000122969970562,1.61176004099e-7,2.26676477588e-9,1.66897155818e-11,3.15686231767e-14],"dvar2":[4.8861852342e-9,2.34600932458e-7,0.0000061556570472,0.0000133481544253,0.00000762719855629,0.00000243031877289,0.00000244476700573,0.00000134119022732,0.00000243619774665,4.4003468247e-7,2.02378927838e-7,5.39956204193e-7,0.00000330790931002,0.00000269777615358,0.00000336961966241,0.0000178553018486,4.31698339298e-7,0.00000146603076701,4.54772077774e-7,3.5433529888e-7,3.56069961072e-7,2.68075382337e-7,0.00000223935580834,3.12398839242e-7,5.37644151422e-9,3.9294584947e-11,8.47841219974e-14],"max":[0.00348305003718,0.00749036297202,0.0331861563027,0.0456762313843,0.0546098127961,0.0331419482827,0.0314265415072,0.0288384594023,0.045891046524,0.0258784368634,0.0155989881605,0.0150068290532,0.0271402169019,0.0185638219118,0.0284882821143,0.0449563451111,0.00781291350722,0.0108770160004,0.011166327633,0.0097293490544,0.00951875280589,0.0127818109468,0.0483078509569,0.016818812117,0.00145240849815,0.000142153046909,0.00000563649382457],"mean":[0.00000639726704321,0.000134746791446,0.00165020674467,0.00196662987582,0.00246747233905,0.00113303493708,0.000763045798521,0.000606273475569,0.000500519527122,0.000187722500414,0.000153763365233,0.000152625361807,0.000588873925153,0.000471359788207,0.000694762449712,0.000758520327508,0.000272996869171,0.000477592402603,0.00038369212416,0.000348309869878,0.000286477355985,0.000163757315022,0.000262600515271,0.000103223850601,0.0000185392054846,0.00000236758273786,4.79273261078e-8],"median":[0.00000238944039666,0.0000762897761888,0.000678568554576,0.000641466293018,0.000991191947833,0.000358904275345,0.000194648455363,0.000176769332029,0.0000555461228942,0.0000290883890557,0.0000369539920939,0.000023576501917,0.0000434196335846,0.0000292534532491,0.0000526021176483,0.000060040383687,0.0000552673591301,0.0000942345432122,0.0000834135134937,0.0000979427495622,0.0000920036254684,0.0000364163752238,0.0000429227366112,0.0000229800716625,0.00000463891001345,6.73051090416e-7,1.33376056866e-8],"min":[3.06471167946e-23,5.06540051245e-24,4.07034162179e-24,8.98453800909e-25,1.65683241078e-23,5.68339824767e-23,3.08546755651e-23,4.45368810537e-23,4.18381058554e-23,1.21214086888e-23,1.57178784094e-23,3.01907670719e-23,5.57695693019e-23,8.50891625662e-23,7.99552368624e-23,1.62631236054e-22,1.45175006399e-22,2.00967553641e-22,2.67009776936e-22,2.46680465377e-22,3.18208313811e-22,5.44363855368e-22,5.63275110564e-22,8.94949040213e-22,1.28944664066e-21,1.49187092379e-21,2.65960963012e-21],"var":[3.02881675296e-9,7.4098537084e-8,0.00000864180037752,0.0000124879170471,0.0000190520131582,0.00000494180085298,0.00000385351495424,0.00000226211795962,0.00000198969519261,6.37009634374e-7,2.27592181545e-7,2.61755815245e-7,0.00000415798831455,0.00000221867435357,0.00000405478249377,0.00000613872043687,3.74378373635e-7,9.81174366643e-7,7.72013322603e-7,5.1528769518e-7,2.86366798719e-7,2.90296441108e-7,0.00000292716708827,3.22460692814e-7,3.52105478107e-9,3.23743636066e-11,2.55099371125e-14]},"barkbands_crest":{"dmean":2.18923330307,"dmean2":3.60973405838,"dvar":4.07162475586,"dvar2":10.7512979507,"max":25.1271877289,"mean":9.5029001236,"median":8.99989700317,"min":2.46402668953,"var":14.3378610611},"barkbands_flatness_db":{"dmean":0.0213270485401,"dmean2":0.0317092128098,"dvar":0.000461815739982,"dvar2":0.000897926627658,"max":0.562725961208,"mean":0.160318002105,"median":0.145000904799,"min":0.03444705531,"var":0.00614281464368},"barkbands_kurtosis":{"dmean":4.12274026871,"dmean2":6.16430330276,"dvar":105.97315979,"dvar2":213.920715332,"max":351.608398438,"mean":7.56847572327,"median":2.15364670753,"min":-1.92418539524,"var":300.703125},"barkbands_skewness":{"dmean":0.586863994598,"dmean2":0.876160383224,"dvar":0.460768282413,"dvar2":0.920742511749,"max":12.8897380829,"mean":1.45127356052,"median":1.48910617828,"min":-6.91425132751,"var":3.64319324493},"barkbands_spread":{"dmean":7.04078578949,"dmean2":10.8870820999,"dvar":81.2156295776,"dvar2":180.031677246,"max":102.88621521,"mean":23.2424621582,"median":19.691028595,"min":0.364550918341,"var":274.634033203},"dissonance":{"dmean":0.0154560478404,"dmean2":0.0253602974117,"dvar":0.000341479491908,"dvar2":0.000883553351741,"max":0.500000119209,"mean":0.465452045202,"median":0.474896937609,"min":0.180922836065,"var":0.000985324848443},"dynamic_complexity":5.5910654068,"erbbands":{"dmean":[0.00200955360197,0.0368532948196,0.578413903713,2.5950357914,2.67796683311,3.69374108315,4.90965080261,3.49114918709,4.51785087585,6.5701174736,5.54860877991,7.08596467972,3.46005868912,3.65732812881,3.39200329781,4.25386810303,15.0516548157,16.3629741669,15.0778102875,27.3142414093,15.9014883041,7.7488951683,14.1980323792,9.20947170258,7.9317984581,7.55499696732,8.03677749634,5.95588493347,3.79735612869,4.0424785614,4.76376247406,2.62781524658,0.637487411499,0.202296510339,0.053448934108,0.0117488652468,0.00212356401607,0.000213992927456,0.0000113862806757,0.00000540406654181],"dmean2":[0.0034281227272,0.0630425736308,0.940880894661,4.21160268784,4.24357938766,5.81467008591,7.00223064423,5.30171346664,6.61395311356,9.72356510162,7.91555500031,11.1789665222,5.05832624435,5.60000610352,5.25370359421,7.09392118454,25.5204772949,26.9778366089,25.6501331329,47.6550102234,26.4330997467,13.067650795,24.8527336121,15.095580101,12.7874488831,11.7003479004,12.6079797745,9.43293476105,5.78641223907,6.12424373627,6.79300451279,3.86236953735,0.983947455883,0.306174397469,0.0811741948128,0.0182966385037,0.00330521608703,0.00032892456511,0.0000181045288628,0.00000820014975034],"dvar":[0.0000545833281649,0.00731657585129,1.18703281879,26.3951873779,28.1570644379,69.9597091675,121.375534058,68.5072860718,195.665435791,430.082733154,350.146820068,807.253112793,174.702865601,218.070129395,193.894577026,202.563766479,2868.64868164,3017.14575195,3529.93481445,10094.8798828,2734.28637695,466.615264893,1667.87805176,573.606811523,395.809906006,391.221252441,294.391418457,171.039352417,126.717781067,336.641723633,1297.82434082,269.080505371,11.0931177139,0.755031764507,0.0367502197623,0.00110569759272,0.0000268406784016,3.80090369845e-7,1.34268363094e-9,9.47946235397e-11],"dvar2":[0.000116415489174,0.0200915094465,3.08899497986,73.2943115234,70.8793334961,160.852966309,218.344070435,144.297790527,377.951721191,892.705383301,679.321655273,2048.39306641,271.613433838,489.307495117,352.352142334,546.699035645,8310.01953125,8489.359375,9693.00878906,28836.8164063,7398.04589844,1313.85217285,5266.01074219,1499.00866699,969.49597168,876.954284668,700.80859375,389.451568604,273.820922852,715.365905762,2381.81835938,472.040496826,21.5213031769,1.78299546242,0.0859821662307,0.00250535644591,0.0000637477933196,9.0447048251e-7,3.39516126324e-9,1.94917373908e-10],"max":[0.41565272212,2.13753724098,24.6464881897,89.5716171265,116.479530334,219.777175903,372.415985107,221.328018188,380.05178833,702.214416504,714.191955566,1424.06213379,689.159423828,589.565368652,980.81817627,345.923400879,1117.49682617,1060.44763184,1844.91430664,1692.28234863,936.836364746,498.536376953,615.523681641,565.859436035,390.620269775,519.814086914,373.12600708,400.745697021,455.696929932,703.165100098,1708.36938477,722.891784668,166.063903809,27.01811409,6.07449150085,1.00062072277,0.157561331987,0.0245910137892,0.00110084097832,0.000319006765494],"mean":[0.00281506194733,0.0562214590609,1.20890021324,5.46690368652,5.51224136353,8.61958122253,12.3604049683,8.03741550446,9.52145957947,15.4762954712,12.0048189163,11.8415765762,6.55730295181,6.19757413864,6.06248235703,7.41807985306,27.8514308929,30.0007190704,31.3378448486,41.1096725464,25.3713989258,16.7519435883,25.7092666626,21.4467754364,18.6663227081,16.7259311676,14.5456075668,8.39091873169,5.65421581268,6.10546922684,7.9293756485,3.95353507996,0.948870956898,0.310541391373,0.086778588593,0.0185457840562,0.00305490731262,0.000287403760012,0.000021333065888,0.0000199669539143],"median":[0.00175300298724,0.0337209440768,0.559706330299,1.96673643589,2.72883796692,3.03460407257,3.6610724926,2.69211435318,2.14329862595,4.51554059982,2.66648244858,1.46944987774,1.12181162834,1.2633087635,1.87364435196,1.39254868031,2.0384747982,1.91752541065,3.0625576973,3.58919095993,3.35011982918,3.23496484756,4.98701381683,4.02841091156,4.6772685051,4.77811765671,5.24923658371,2.28680968285,1.27849674225,1.29253697395,1.23459863663,0.744013845921,0.239403739572,0.0727567821741,0.0246729347855,0.00539774121717,0.000808973913081,0.0000784268122516,0.0000124057469293,0.0000149605721163],"min":[2.38645771907e-22,9.34433787817e-22,3.78148484696e-21,8.60262101721e-21,3.69432335563e-20,6.16124057543e-20,1.75796740629e-19,4.29213628397e-19,6.09188639246e-19,7.88202207728e-19,1.11415438247e-18,8.84653018116e-19,4.06359687898e-19,7.02744472585e-19,1.22811112635e-18,1.43650077352e-18,3.00354512335e-18,3.89068164786e-18,3.92412207848e-18,5.01190511584e-18,9.75470108146e-18,1.0516142342e-17,9.48904541029e-18,1.09444713524e-17,1.2828184946e-17,1.26731514469e-17,1.13896103273e-17,1.32258346547e-17,1.91005731082e-17,1.53510064049e-17,1.60958130634e-17,1.727447099e-17,1.63186389768e-17,1.25333695039e-17,1.02556515866e-17,5.84570979074e-18,2.44231155634e-18,1.31109512617e-18,3.1472756647e-19,4.0268874435e-20],"var":[0.0000618824415142,0.00788558088243,4.15670394897,78.1796112061,86.4845733643,315.138885498,660.458557129,268.167419434,619.460449219,1306.71520996,1137.53088379,1164.95385742,573.622009277,489.280548096,480.365783691,383.456481934,8554.20703125,7386.93164063,8472.95898438,11402.2333984,3890.49633789,1271.42980957,3163.28466797,2337.89379883,1528.52185059,1185.45410156,683.649169922,311.490600586,315.93951416,798.477478027,2977.50585938,618.124633789,20.0458297729,1.13752925396,0.0620063580573,0.00226051663049,0.000046933437261,5.04625234043e-7,1.6709107431e-9,3.9238934324e-10]},"erbbands_crest":{"dmean":2.38454723358,"dmean2":3.80682563782,"dvar":5.46180820465,"dvar2":13.4506225586,"max":28.8976097107,"mean":9.53431415558,"median":8.45107746124,"min":2.41760206223,"var":19.0794792175},"erbbands_flatness_db":{"dmean":0.0167310088873,"dmean2":0.0243420433253,"dvar":0.00030782489921,"dvar2":0.000627127243206,"max":0.432460188866,"mean":0.184776157141,"median":0.177257463336,"min":0.0312380809337,"var":0.00278176716529},"erbbands_kurtosis":{"dmean":1.93388819695,"dmean2":2.75259065628,"dvar":32.4870033264,"dvar2":45.1415863037,"max":288.904968262,"mean":3.58925962448,"median":0.435939490795,"min":-1.84949958324,"var":281.91204834},"erbbands_skewness":{"dmean":0.462512731552,"dmean2":0.667771041393,"dvar":0.292007774115,"dvar2":0.529776275158,"max":13.0360441208,"mean":0.276297330856,"median":0.0223706178367,"min":-8.05290603638,"var":2.38462781906},"erbbands_spread":{"dmean":9.99295806885,"dmean2":15.1511383057,"dvar":151.378921509,"dvar2":339.1534729,"max":129.495437622,"mean":43.2026329041,"median":40.293712616,"min":1.00171411037,"var":696.91619873},"gfcc":{"cov":[[14193.8613281,-249.415298462,-3128.71435547,168.607116699,-1312.9029541,36.426486969,-625.364624023,131.999938965,12.7653484344,-193.550018311,-83.7203369141,-340.232574463,-39.5195922852],[-249.415298462,1354.95788574,441.445983887,-267.242370605,131.517379761,-253.577835083,47.6973838806,-180.448974609,-44.2550697327,-224.594238281,76.5110321045,-54.952835083,14.026473999],[-3128.71435547,441.445983887,2281.20654297,193.111206055,-88.9273681641,40.4222640991,56.2822418213,-170.026046753,-160.716812134,-116.410438538,-31.9616622925,176.004821777,-3.57478785515],[168.607116699,-267.242370605,193.111206055,376.577148438,-7.19040489197,29.3619766235,-66.5628128052,-17.9572525024,-43.9524803162,10.1678199768,-20.9304256439,46.2019767761,-0.214387848973],[-1312.9029541,131.517379761,-88.9273681641,-7.19040489197,698.635864258,-48.2118263245,54.9687957764,-14.165813446,-39.1383743286,18.6760311127,2.79968166351,-7.92861175537,18.4979839325],[36.426486969,-253.577835083,40.4222640991,29.3619766235,-48.2118263245,223.826904297,25.9431266785,19.7266292572,-10.723400116,46.8055648804,-23.0564250946,5.05338716507,-4.73512220383],[-625.364624023,47.6973838806,56.2822418213,-66.5628128052,54.9687957764,25.9431266785,148.740509033,11.7789840698,-3.27145147324,17.4266242981,1.96626222134,-8.41388225555,-0.181934610009],[131.999938965,-180.448974609,-170.026046753,-17.9572525024,-14.165813446,19.7266292572,11.7789840698,127.911087036,39.7905654907,43.3599319458,-13.271818161,-9.2131280899,-10.8430786133],[12.7653484344,-44.2550697327,-160.716812134,-43.9524803162,-39.1383743286,-10.723400116,-3.27145147324,39.7905654907,129.957778931,40.9309463501,7.21249818802,-35.9044647217,-22.2396812439],[-193.550018311,-224.594238281,-116.410438538,10.1678199768,18.6760311127,46.8055648804,17.4266242981,43.3599319458,40.9309463501,152.036300659,-1.30830204487,-6.28560400009,-14.2622938156],[-83.7203369141,76.5110321045,-31.9616622925,-20.9304256439,2.79968166351,-23.0564250946,1.96626222134,-13.271818161,7.21249818802,-1.30830204487,72.5748519897,20.677406311,2.46788668633],[-340.232574463,-54.952835083,176.004821777,46.2019767761,-7.92861175537,5.05338716507,-8.41388225555,-9.2131280899,-35.9044647217,-6.28560400009,20.677406311,107.838172913,31.4531669617],[-39.5195922852,14.026473999,-3.57478785515,-0.214387848973,18.4979839325,-4.73512220383,-0.181934610009,-10.8430786133,-22.2396812439,-14.2622938156,2.46788668633,31.4531669617,65.3528289795]],"icov":[[0.000311051146127,-0.000430307729403,0.000586264941376,-0.000475175154861,0.000657958909869,-0.000452390959254,0.000875177385751,-0.000324712775182,0.000680284574628,0.000139022740768,0.000555201317184,0.000191962244571,0.00018899893621],[-0.000430307729403,0.00291240448132,-0.00138664955739,0.00205814978108,-0.00123219913803,0.00231074728072,-0.00148903392255,0.00208297907375,-0.000842861481942,0.0017773801228,-0.00279949302785,0.00197579432279,-0.000840879103635],[0.000586264941376,-0.00138664955739,0.00192384514958,-0.00143380369991,0.00142320268787,-0.00129392580129,0.00116025237367,-0.000194519743673,0.00143463537097,0.000113280795631,0.0022781167645,-0.00149680837058,0.00137432513293],[-0.000475175154861,0.00205814978108,-0.00143380369991,0.00496611418203,-0.00131263036747,0.00138990650885,0.000191195184016,0.00165065866895,-0.000174344604602,0.000284057954559,-0.00108160905074,-0.0000900472514331,0.0000422740304202],[0.000657958909869,-0.00123219913803,0.00142320268787,-0.00131263036747,0.00303820800036,-0.000666668638587,0.00117994449101,-0.000693749228958,0.00209861784242,-0.00043773255311,0.00150551728439,0.000323980755638,0.000121656230476],[-0.000452390959254,0.00231074728072,-0.00129392580129,0.00138990650885,-0.000666668638587,0.00723122153431,-0.00252342852764,0.00136058311909,0.0000329794092977,-0.000506456126459,-0.000788399425801,0.00107380875852,-0.000490716367494],[0.000875177385751,-0.00148903392255,0.00116025237367,0.000191195184016,0.00117994449101,-0.00252342852764,0.0109444074333,-0.00226988340728,0.00267090671696,-0.000832907273434,0.000858968822286,0.00157121405937,-0.0000115381108117],[-0.000324712775182,0.00208297907375,-0.000194519743673,0.00165065866895,-0.000693749228958,0.00136058311909,-0.00226988340728,0.0121119813994,-0.00290205236524,-0.000275662896456,0.0011229129741,-0.00112910591997,0.00110283307731],[0.000680284574628,-0.000842861481942,0.00143463537097,-0.000174344604602,0.00209861784242,0.0000329794092977,0.00267090671696,-0.00290205236524,0.0125513654202,-0.00208922685124,-0.000678576237988,0.00319391931407,0.00190825352911],[0.000139022740768,0.0017773801228,0.000113280795631,0.000284057954559,-0.00043773255311,-0.000506456126459,-0.000832907273434,-0.000275662896456,-0.00208922685124,0.0105070890859,-0.00164319830947,0.000891535542905,0.000963892962318],[0.000555201317184,-0.00279949302785,0.0022781167645,-0.00108160905074,0.00150551728439,-0.000788399425801,0.000858968822286,0.0011229129741,-0.000678576237988,-0.00164319830947,0.0200603287667,-0.00769745511934,0.00312068779022],[0.000191962244571,0.00197579432279,-0.00149680837058,-0.0000900472514331,0.000323980755638,0.00107380875852,0.00157121405937,-0.00112910591997,0.00319391931407,0.000891535542905,-0.00769745511934,0.0182298272848,-0.00778856873512],[0.00018899893621,-0.000840879103635,0.00137432513293,0.0000422740304202,0.000121656230476,-0.000490716367494,-0.0000115381108117,0.00110283307731,0.00190825352911,0.000963892962318,0.00312068779022,-0.00778856873512,0.0202749855816]],"mean":[-72.8901062012,87.4004974365,-124.585792542,57.618057251,-69.1517944336,2.56101226807,-47.2892036438,-7.55534124374,-25.3907833099,-5.61481046677,-15.2790184021,-13.490152359,-14.0898427963]},"hfc":{"dmean":5.5721154213,"dmean2":8.38530158997,"dvar":202.863082886,"dvar2":397.981506348,"max":506.619171143,"mean":17.4342365265,"median":8.35791397095,"min":1.18189789383e-16,"var":726.031799316},"melbands":{"dmean":[0.0000234804047068,0.000220893867663,0.000432493397966,0.000202591050765,0.000175101609784,0.0000807015239843,0.0000700052769389,0.000067688713898,0.0000470650738862,0.0000432136475865,0.0000169675913639,0.0000152198381329,0.000011931847439,0.0000101469659057,0.0000180391270987,0.0000376358002541,0.0000326847984979,0.0000233433511312,0.0000243843678618,0.0000618778940407,0.0000100099296105,0.00000719662921256,0.0000149281113409,0.00000980168078968,0.00000810991878097,0.00000666956839268,0.00000585920452068,0.00000569626627112,0.00000531406158188,0.00000503922774442,0.00000312315023621,0.00000213940393223,0.00000232936986322,0.00000231138847084,0.00000290711864182,0.00000282195742329,0.0000012798101352,4.80003564007e-7,2.53960081409e-7,1.53454280394e-7],"dmean2":[0.0000402189216402,0.000358753022738,0.000700971169863,0.000317062804243,0.000253283156781,0.000121966470033,0.00010224829748,0.0000989637628663,0.0000684876795276,0.0000683684047544,0.0000250068460446,0.0000234137805819,0.0000186540164577,0.0000165864366863,0.0000309325114358,0.000059969141148,0.0000549366850464,0.0000399388300139,0.0000409195963584,0.000107568070234,0.0000165844739968,0.0000119897804325,0.0000263042602455,0.0000166176268976,0.000013372583453,0.0000109512893687,0.0000094158367574,0.00000888463091542,0.00000839208223624,0.00000820290824777,0.00000496320717502,0.000003313212801,0.00000372223735212,0.00000348665048477,0.00000422916309617,0.00000408858113587,0.00000200701879294,7.48604122691e-7,3.95002444975e-7,2.34334322613e-7],"dvar":[4.61984450695e-9,1.76408136099e-7,6.71540703934e-7,1.80795780125e-7,1.29519662551e-7,3.64465080338e-8,4.37337490666e-8,4.36978702112e-8,2.40320492395e-8,2.92362596355e-8,4.5724624087e-9,4.16163103978e-9,1.61889535111e-9,1.9227417436e-9,2.78029421708e-9,2.13837587637e-8,1.45293483911e-8,9.66588409312e-9,6.12087092122e-9,7.0692166787e-8,5.77987713246e-10,4.30823127173e-10,1.74159109356e-9,5.4280785422e-10,4.81912176831e-10,3.042277541e-10,2.36776653839e-10,2.22854401599e-10,1.41338440951e-10,1.23138554908e-10,5.73441710783e-11,4.15487748373e-11,7.42799502462e-11,1.35916347621e-10,4.90101736972e-10,4.29583202344e-10,7.28111182458e-11,6.48240358961e-12,1.95743486524e-12,4.06974475821e-13],"dvar2":[1.11342082221e-8,4.59346011894e-7,0.00000183209851912,4.23904140234e-7,2.36852201851e-7,7.38540251177e-8,8.40045331074e-8,8.75828831681e-8,4.88842708535e-8,7.38106891163e-8,7.12731429431e-9,9.12726960678e-9,2.90315016471e-9,5.04111286048e-9,7.80065789741e-9,5.25475165603e-8,4.11775786802e-8,2.72321418748e-8,1.63495599281e-8,1.99458810357e-7,1.57936164147e-9,1.16907461489e-9,5.60419133322e-9,1.60236546254e-9,1.27451937892e-9,7.93741072869e-10,5.89046034172e-10,4.99253971498e-10,3.35734301471e-10,3.09364839302e-10,1.33184976936e-10,8.89894130607e-11,1.66217983821e-10,2.95529378747e-10,9.79102132703e-10,7.67996055639e-10,1.61701915746e-10,1.32252334084e-11,4.67953887445e-12,9.74832410974e-13],"max":[0.00289956829511,0.00921487715095,0.0150487711653,0.0152157498524,0.0114443348721,0.00541228009388,0.00530590768903,0.00791169516742,0.00563443498686,0.00835383497179,0.00330696580932,0.00261946441606,0.00235349149443,0.00196267291903,0.00105407647789,0.00364246033132,0.00225257524289,0.00318276928738,0.0016126948176,0.00472103385255,0.000429971521953,0.00047758241999,0.000615275872406,0.000444780598627,0.000510284153279,0.000369040120859,0.000312411575578,0.000389350461774,0.000296911253827,0.000307028152747,0.000294754572678,0.000256548082689,0.000278940569842,0.00041782509652,0.00105451617856,0.000954348244704,0.000429754989455,0.000129389445647,0.0000703999394318,0.0000176283519977],"mean":[0.0000293827743008,0.000456092791865,0.000928894034587,0.000470101396786,0.000450135063147,0.000187217170605,0.000149691259139,0.000163284115843,0.0000941644830164,0.0000713654662832,0.0000308640555886,0.0000248214564635,0.0000205578744499,0.0000164288649103,0.0000290956559184,0.0000699672309565,0.0000537279447599,0.0000418967356381,0.0000548839816474,0.0000690317101544,0.0000197224653675,0.0000148311264638,0.0000251326964644,0.000019283446818,0.0000173207699845,0.000014292085325,0.0000115769953482,0.000011263309716,0.00000957321299211,0.0000070013502409,0.00000412875442635,0.00000306309766529,0.00000325568430526,0.0000034088702705,0.00000459533248431,0.00000423125175075,0.0000017345090555,6.82728114043e-7,3.49182926129e-7,2.32247344911e-7],"median":[0.0000173194293893,0.00020923455304,0.000391396315536,0.000201824237593,0.000141186072142,0.0000608566624578,0.0000340078113368,0.0000479140071548,0.0000167244797922,0.00000787640874478,0.0000046812679102,0.00000437426479039,0.00000592116566622,0.00000326337703882,0.0000041313719521,0.00000362714104085,0.00000299985526908,0.00000422014090873,0.00000368048995369,0.0000047265525609,0.0000031566812595,0.00000278390211861,0.0000039581314013,0.00000445638943347,0.00000260630258708,0.00000338580389325,0.00000265258199761,0.00000294115716315,0.00000342666271536,0.00000202185947273,0.00000102292699466,6.55134442695e-7,6.71761654303e-7,6.81482163145e-7,7.15084354397e-7,6.04146180194e-7,3.55302717026e-7,1.76354205905e-7,7.39010204143e-8,5.25927923434e-8],"min":[6.69577484401e-24,1.9307780863e-24,2.50195676903e-24,4.11968526585e-24,4.99576618262e-24,1.22761335002e-23,7.85259991847e-24,1.05939026082e-23,1.00837312724e-23,4.98625725327e-24,1.85596409577e-24,2.46919399512e-24,2.95005441509e-24,4.56680176616e-24,5.21641807199e-24,6.58940523398e-24,7.05937266814e-24,5.65276188779e-24,6.60500614167e-24,9.14530312841e-24,1.0440532271e-23,1.03806837607e-23,7.8594275096e-24,7.69015925859e-24,9.07617209184e-24,9.18146609003e-24,5.76775256422e-24,8.9342418155e-24,6.36949605715e-24,8.24783185376e-24,7.04751451101e-24,8.97525311624e-24,8.9159986182e-24,8.53475003132e-24,8.60582639888e-24,8.99808906172e-24,1.13400435399e-23,1.24247351732e-23,9.57365381109e-24,1.0511226041e-23],"var":[4.55270221522e-9,6.07379092799e-7,0.00000193717619368,8.43663769956e-7,7.50877859446e-7,1.48046567006e-7,1.44544017644e-7,1.40368811685e-7,7.12605654485e-8,4.31138076351e-8,1.46948613278e-8,9.41293443191e-9,4.15168344148e-9,3.46989326161e-9,5.33574517902e-9,6.88616026423e-8,3.17125490312e-8,1.90719493531e-8,2.49490401671e-8,6.24337843647e-8,1.80726833499e-9,1.13401310564e-9,3.27259730426e-9,1.41835565515e-9,1.74903658223e-9,9.83225278972e-10,6.59185817042e-10,5.95715643481e-10,3.28898380753e-10,1.83849643842e-10,9.98913729511e-11,9.7006826183e-11,1.55526050372e-10,3.00603875125e-10,1.01732600122e-9,9.10898911854e-10,1.2038713082e-10,1.08431180701e-11,2.42673155876e-12,6.05693446787e-13]},"melbands_crest":{"dmean":2.91976642609,"dmean2":4.81403970718,"dvar":7.00764894485,"dvar2":18.6344623566,"max":32.3212051392,"mean":13.4089794159,"median":12.9109315872,"min":2.0676484108,"var":27.2757263184},"melbands_flatness_db":{"dmean":0.0262386593968,"dmean2":0.0385766215622,"dvar":0.000775997992605,"dvar2":0.00149284943473,"max":0.703919529915,"mean":0.200095742941,"median":0.181706652045,"min":0.00377008668147,"var":0.0120268315077},"melbands_kurtosis":{"dmean":8.01059341431,"dmean2":12.0069379807,"dvar":221.088241577,"dvar2":466.71307373,"max":372.137878418,"mean":19.091178894,"median":10.8812990189,"min":-1.92757189274,"var":748.454162598},"melbands_skewness":{"dmean":0.712964951992,"dmean2":1.08458173275,"dvar":0.677516520023,"dvar2":1.48690736294,"max":13.722653389,"mean":2.74848723412,"median":2.80269646645,"min":-2.31306195259,"var":5.07595348358},"melbands_spread":{"dmean":9.38837146759,"dmean2":14.5891447067,"dvar":216.272109985,"dvar2":438.802612305,"max":229.775375366,"mean":33.2828483582,"median":21.3516273499,"min":0.370692819357,"var":1102.84240723},"mfcc":{"cov":[[13577.1142578,-687.409423828,-2127.01904297,-440.700897217,-751.488586426,-482.863891602,-600.541992188,-109.888977051,-217.761505127,342.12286377,-148.812667847,-123.427688599,-198.461090088],[-687.409423828,1501.08666992,174.997528076,31.0305233002,50.9058074951,-96.8424682617,24.9327487946,3.22327136993,-121.396644592,-80.1258392334,-86.7905349731,-40.5557060242,-69.1344223022],[-2127.01904297,174.997528076,1909.97631836,169.610748291,-63.1998519897,145.084579468,-7.50874328613,82.4242401123,-67.8327789307,-183.894241333,-140.196960449,-6.29144525528,7.96190834045],[-440.700897217,31.0305233002,169.610748291,345.865875244,174.010879517,33.3270111084,32.9749832153,-17.3313503265,-7.29526472092,-99.4955825806,-26.7202911377,-5.3187456131,3.11557602882],[-751.488586426,50.9058074951,-63.1998519897,174.010879517,368.521087646,83.3434524536,89.5360870361,1.1038711071,20.4895572662,-67.0616836548,10.7558069229,-17.4250850677,-10.8422985077],[-482.863891602,-96.8424682617,145.084579468,33.3270111084,83.3434524536,188.125152588,77.2439804077,-9.56658363342,25.7521457672,-28.0511016846,12.2780332565,6.0665512085,-3.17639660835],[-600.541992188,24.9327487946,-7.50874328613,32.9749832153,89.5360870361,77.2439804077,183.721542358,15.0457000732,35.2852287292,-36.0972328186,13.4218654633,-17.0982971191,-4.65789079666],[-109.888977051,3.22327136993,82.4242401123,-17.3313503265,1.1038711071,-9.56658363342,15.0457000732,99.9161148071,-2.38585853577,-8.25688934326,-22.2581062317,-19.2269535065,-6.22323560715],[-217.761505127,-121.396644592,-67.8327789307,-7.29526472092,20.4895572662,25.7521457672,35.2852287292,-2.38585853577,106.668869019,27.7491779327,35.4283790588,2.47208237648,-0.0900021791458],[342.12286377,-80.1258392334,-183.894241333,-99.4955825806,-67.0616836548,-28.0511016846,-36.0972328186,-8.25688934326,27.7491779327,161.288589478,50.973449707,9.35642051697,0.174995407462],[-148.812667847,-86.7905349731,-140.196960449,-26.7202911377,10.7558069229,12.2780332565,13.4218654633,-22.2581062317,35.4283790588,50.973449707,108.897705078,39.1896781921,10.1159105301],[-123.427688599,-40.5557060242,-6.29144525528,-5.3187456131,-17.4250850677,6.0665512085,-17.0982971191,-19.2269535065,2.47208237648,9.35642051697,39.1896781921,89.3270721436,34.2527580261],[-198.461090088,-69.1344223022,7.96190834045,3.11557602882,-10.8422985077,-3.17639660835,-4.65789079666,-6.22323560715,-0.0900021791458,0.174995407462,10.1159105301,34.2527580261,75.0452423096]],"icov":[[0.000155719695613,0.0000986279337667,0.000207281118492,-0.0000652971939417,0.000275219907053,-0.00000956769417826,0.000297677121125,0.0000587610775256,0.000307674868964,-0.0000740978430258,0.000362958904589,0.0000530669531145,0.000473489519209],[0.0000986279337667,0.000936002586968,0.0000047976877795,0.000146854814375,-0.000137467184686,0.000782158516813,-0.00036286530667,0.000420104886871,0.00104820018169,0.0000106416955532,0.000608526170254,-0.000233570273849,0.00116787396837],[0.000207281118492,0.0000047976877795,0.00106773141306,-0.000544410024304,0.000939541263506,-0.00101321539842,0.000779266469181,-0.00069907924626,0.000436627917225,0.000424822297646,0.000950752233621,-0.0000621382569079,0.000444893579697],[-0.0000652971939417,0.000146854814375,-0.000544410024304,0.00476942025125,-0.00239019840956,0.000936545664445,-0.000139443247463,0.00148551119491,-0.00021999629098,0.00169183174148,0.000333056697855,-0.000208142213523,-0.000322898558807],[0.000275219907053,-0.000137467184686,0.000939541263506,-0.00239019840956,0.00524430535734,-0.00192483107094,-0.0000230202804232,-0.000912339193746,0.000211652411963,0.000791700149421,-0.000470431754366,0.00100425048731,0.000803320843261],[-0.00000956769417826,0.000782158516813,-0.00101321539842,0.000936545664445,-0.00192483107094,0.00873416662216,-0.00328062148765,0.0021413078066,-0.000300662737573,0.0000502242728544,0.0000154632234626,-0.00136995816138,0.00145213399082],[0.000297677121125,-0.00036286530667,0.000779266469181,-0.000139443247463,-0.0000230202804232,-0.00328062148765,0.00904080085456,-0.00171152537223,-0.00171496195253,0.00186469801702,-0.00113174587023,0.00232222001068,-0.000260695174802],[0.0000587610775256,0.000420104886871,-0.00069907924626,0.00148551119491,-0.000912339193746,0.0021413078066,-0.00171152537223,0.0120580270886,0.000127121005789,-0.000300436950056,0.00202895421535,0.0011614842806,0.000604650878813],[0.000307674868964,0.00104820018169,0.000436627917225,-0.00021999629098,0.000211652411963,-0.000300662737573,-0.00171496195253,0.000127121005789,0.0131181338802,-0.00184612162411,-0.0017810028512,0.00067073921673,0.0016180309467],[-0.0000740978430258,0.0000106416955532,0.000424822297646,0.00169183174148,0.000791700149421,0.0000502242728544,0.00186469801702,-0.000300436950056,-0.00184612162411,0.0101775275543,-0.00413634767756,0.00134354142938,-0.000175737412064],[0.000362958904589,0.000608526170254,0.000950752233621,0.000333056697855,-0.000470431754366,0.0000154632234626,-0.00113174587023,0.00202895421535,-0.0017810028512,-0.00413634767756,0.0168098919094,-0.00677017634735,0.00226813741028],[0.0000530669531145,-0.000233570273849,-0.0000621382569079,-0.000208142213523,0.00100425048731,-0.00136995816138,0.00232222001068,0.0011614842806,0.00067073921673,0.00134354142938,-0.00677017634735,0.0175614934415,-0.00683732749894],[0.000473489519209,0.00116787396837,0.000444893579697,-0.000322898558807,0.000803320843261,0.00145213399082,-0.000260695174802,0.000604650878813,0.0016180309467,-0.000175737412064,0.00226813741028,-0.00683732749894,0.0186484009027]],"mean":[-702.425048828,97.1455841064,4.77709722519,40.9188079834,0.94668930769,6.37540149689,-10.379904747,-6.39049434662,-12.72352314,0.937911510468,-9.85387897491,-0.65990293026,-8.18106079102]},"pitch_salience":{"dmean":0.0623174868524,"dmean2":0.101348601282,"dvar":0.00304899830371,"dvar2":0.00794217269868,"max":0.891553640366,"mean":0.569370806217,"median":0.574583351612,"min":0.157318145037,"var":0.0103533547372},"silence_rate_20dB":{"dmean":0,"dmean2":0,"dvar":0,"dvar2":0,"max":1,"mean":1,"median":1,"min":1,"var":0},"silence_rate_30dB":{"dmean":0,"dmean2":0,"dvar":0,"dvar2":0,"max":1,"mean":1,"median":1,"min":1,"var":0},"silence_rate_60dB":{"dmean":0.0541362538934,"dmean2":0.10828897357,"dvar":0.0512044541538,"dvar2":0.111462190747,"max":1,"mean":0.206933245063,"median":0,"min":0,"var":0.16412653029},"spectral_centroid":{"dmean":304.490600586,"dmean2":461.838226318,"dvar":169960.96875,"dvar2":334787,"max":11549.0722656,"mean":1635.81555176,"median":1533.19970703,"min":129.22315979,"var":1031041.9375},"spectral_complexity":{"dmean":2.55444049835,"dmean2":3.93551325798,"dvar":10.8248090744,"dvar2":20.3463592529,"max":64,"mean":14.7208452225,"median":11,"min":0,"var":162.542480469},"spectral_contrast_coeffs":{"dmean":[0.0460666567087,0.0405857004225,0.0336820222437,0.0286544840783,0.0218349844217,0.0204662773758],"dmean2":[0.075076662004,0.0657029524446,0.0548246726394,0.0466096699238,0.0349937565625,0.0319897793233],"dvar":[0.0015519898152,0.00111397076398,0.000779056979809,0.000619134691078,0.000352592760464,0.000400695309509],"dvar2":[0.00395986624062,0.00278640631586,0.00199929904193,0.00156535895076,0.000873662764207,0.000874083198141],"max":[-0.264425396919,-0.453711807728,-0.541714668274,-0.429041296244,-0.607609927654,-0.551194965839],"mean":[-0.576187193394,-0.705232560635,-0.792053461075,-0.769200861454,-0.789640069008,-0.741537094116],"median":[-0.580054461956,-0.704592645168,-0.79869055748,-0.781372606754,-0.790750443935,-0.736967384815],"min":[-0.969366788864,-0.957809090614,-0.960072219372,-0.970557928085,-0.96085870266,-0.960445582867],"var":[0.0105386096984,0.00493885017931,0.00401896517724,0.00538725499064,0.0024452151265,0.00231752218679]},"spectral_contrast_valleys":{"dmean":[0.418150544167,0.338380217552,0.309668034315,0.265561670065,0.268607020378,0.349618285894],"dmean2":[0.692426562309,0.551656723022,0.49769064784,0.410445272923,0.389131188393,0.479497492313],"dvar":[0.128913581371,0.101844660938,0.0925562158227,0.0843121036887,0.116627573967,0.149645909667],"dvar2":[0.327804148197,0.233003288507,0.205391213298,0.161026462913,0.203856915236,0.293306142092],"max":[-6.25406551361,-4.73760175705,-5.4666056633,-5.82539272308,-5.19511079788,-7.45928001404],"mean":[-8.30983543396,-7.6685757637,-8.45342922211,-8.50733661652,-7.97683143616,-10.6232051849],"median":[-8.14932632446,-7.46153116226,-8.2105474472,-8.35036563873,-7.72417831421,-10.3589143753],"min":[-27.5223274231,-27.9578819275,-27.5070495605,-27.5482368469,-27.4680576324,-27.3077659607],"var":[0.974220871925,1.69270944595,1.77746152878,2.16570496559,2.18740844727,1.65626072884]},"spectral_decrease":{"dmean":8.79234129947e-10,"dmean2":1.35693123404e-9,"dvar":1.52370432504e-18,"dvar2":3.51166335529e-18,"max":1.5087470369e-28,"mean":-3.43757600163e-9,"median":-2.49287879228e-9,"min":-1.62090998401e-8,"var":9.35038346985e-18},"spectral_energy":{"dmean":0.00371513399296,"dmean2":0.00571560533717,"dvar":0.0000275791644526,"dvar2":0.0000639415666228,"max":0.0720120668411,"mean":0.0145555390045,"median":0.0107926530764,"min":1.06927254794e-20,"var":0.00016324716853},"spectral_energyband_high":{"dmean":0.00053515471518,"dmean2":0.000778948247898,"dvar":0.00000308418225359,"dvar2":0.00000537628238817,"max":0.0702233538032,"mean":0.0010308069177,"median":0.000335456104949,"min":8.00333997252e-21,"var":0.00000902283409232},"spectral_energyband_low":{"dmean":0.00136309908703,"dmean2":0.00220421305858,"dvar":0.00000629711257716,"dvar2":0.0000172349336935,"max":0.04231403023,"mean":0.00303348596208,"median":0.00130067521241,"min":3.85103529247e-23,"var":0.0000217761134991},"spectral_energyband_middle_high":{"dmean":0.00135740078986,"dmean2":0.0022170455195,"dvar":0.0000123061263366,"dvar2":0.0000334614414896,"max":0.0583662427962,"mean":0.00426394352689,"median":0.000910959031899,"min":1.24024191502e-21,"var":0.000053082480008},"spectral_energyband_middle_low":{"dmean":0.00220144703053,"dmean2":0.0032732556574,"dvar":0.0000133622161229,"dvar2":0.0000275309430435,"max":0.0583791732788,"mean":0.00749976374209,"median":0.00360646750778,"min":2.36120230564e-22,"var":0.0000847836126923},"spectral_entropy":{"dmean":0.192662477493,"dmean2":0.272285014391,"dvar":0.0478288643062,"dvar2":0.0899442359805,"max":9.80457878113,"mean":7.41886138916,"median":7.58575582504,"min":3.84897327423,"var":0.506412982941},"spectral_flux":{"dmean":0.0131922978908,"dmean2":0.0207249857485,"dvar":0.000237580185058,"dvar2":0.000560777203646,"max":0.225466862321,"mean":0.0526221357286,"median":0.0487612299621,"min":6.61344382036e-11,"var":0.00117011531256},"spectral_kurtosis":{"dmean":1.76594388485,"dmean2":2.85889339447,"dvar":10.768705368,"dvar2":22.0351467133,"max":110.591804504,"mean":4.42519378662,"median":2.46136975288,"min":-1.22308433056,"var":80.861038208},"spectral_rms":{"dmean":0.000456608046079,"dmean2":0.000684927450493,"dvar":2.82530749018e-7,"dvar2":6.02684167461e-7,"max":0.00838186591864,"mean":0.00333658768795,"median":0.00324490643106,"min":3.2298493307e-12,"var":0.00000306766355607},"spectral_rolloff":{"dmean":601.67010498,"dmean2":1012.96789551,"dvar":1158135.875,"dvar2":2547303,"max":19552.1484375,"mean":2003.97155762,"median":1485.79101563,"min":107.666015625,"var":3538811.25},"spectral_skewness":{"dmean":0.267295956612,"dmean2":0.407782495022,"dvar":0.105386212468,"dvar2":0.215689077973,"max":9.47697734833,"mean":1.26021420956,"median":1.09041213989,"min":-0.820180296898,"var":0.992492556572},"spectral_spread":{"dmean":497494.96875,"dmean2":735439.4375,"dvar":424715878400,"dvar2":894521573376,"max":41647668,"mean":4346642.5,"median":4193321.5,"min":918740.5625,"var":2560398721020},"spectral_strongpeak":{"dmean":0.594393849373,"dmean2":1.01797902584,"dvar":1.71459066868,"dvar2":4.78674268723,"max":22.5043849945,"mean":1.06133651733,"median":0.438019007444,"min":0,"var":2.73025512695},"zerocrossingrate":{"dmean":0.0111297834665,"dmean2":0.0128408689052,"dvar":0.000183697746252,"dvar2":0.000188614983927,"max":0.5185546875,"mean":0.0747150480747,"median":0.068359375,"min":0.00537109375,"var":0.0023009038996}},"metadata":{"audio_properties":{"analysis_sample_rate":44100,"bit_rate":192000,"codec":"mp3","downmix":"mix","equal_loudness":0,"length":152.685714722,"lossless":false,"md5_encoded":"2efc23f544a34e084990eab6db020402","replay_gain":-5.09092330933,"sample_rate":44100},"tags":{"acoustid_fingerprint":["AQADtLqUJF6CK3hg8nh-9EjsIE8e9KmCH9-BxwgTC8kuvJKT4ELDE7Ue9MgPPWoQflZwHh_uDE-RMJaQW8clJ3jQ8BQuOjBSJH6OXmmC_8GHn8TjImGsH3l0_HKCP0OzfDhu5EfyqEEfWcF54wmOPj7CXIMePciVo8uDZsmD_vCRHOmfoNcVPBR-_HiM9Eke6PyRxzs-lBoNfwb64pOD3LmQPM-Dc8OPH2EOjcyQT0el40-Kng_xOcgD7Q885wgZBX-Oix4eJIuO8Mnx-EMlXcWlHz9yJDy-9PgDR9kDJxdu-PqFPscDn8Lxp0jm7Qjf4nmGp_hxUdiPM9LxcDRCWk1hPtEQKpGy4zaOo_nR47zQLMuFnjmeZcd14rjCInkToX2CaMpxGT9uoxdyaBeDMOqK44fLC3kjHfqD9ByeSyh1wjfRC_-I5A9DpFxy_Dh8C6OZ42mOXgSTy3giHlmZD76OvA9qODNyxbgHMTiDPJMWUMt41OPB40dFKWiS4_Tx8NhD8ehFND-eUVFxOQseNEf5BEl_hFZyWD5OHb8Dc8WPIzzCwzeqA2V4o1HIVMF11E7RHH-Qh1chLmHiIe8rXDp6i2iqfHhpoczRFPeD7zh5fMGPT6j-4Ub4BckO74KfffgiyXh6eAym58KZEVc1HP3RVKGMH743PIipHPpi5MlR_thdwTemG_mhG2GeopdxPLlgcU-CfEGymBH6JmhzHc2_YD9uCc-zEGEOzVJw5BfSU3gScYgopsR39Cma5-gPH5WYscjXo7wgHn1G9IFVHqHUB89zfDdOBU1_9CmeyQkehcc-4Sd-tD7S8YIupMdJ4oUT_bh4-MQvHFdlIdaPZPkdHEftGE1EyciTRegv_BcRWmHx4x_KPrBPdD1OBjmT6NAZ5JgZXLvwPykYKi7CVBA-XMEToanyQEd8wcp1PEmyR3CF8UFv9D3SRi-SODnYLhWRS4eik8iTLHiiFic53Hnw45KEXkqEU4b3Gx_uTXgnfDquo8yGMxdy5_iyC-ofiO_wLJ5w6cSTLOih5TueIye-LJPwXbhy9Orhn5h84QraBQlHhkF69Dl2SThDNOgaBWdQcseXoBL5IEYyRyw8_bhueN_wG-6POiH67GiO48d5nMebGBN_nOrxHA9e5A8SxoeF8fDyYOJx_PiFJkp2PDycGpOXoPkR_kiuo_GJUntw5jiPH8mPnGgcVJlyDT-j4EF-6ArCRjn84h_-wcejZ2iiH3kUQ6xkIfgXNEnyw2OOWiSeosw8C80YB0-OH1eII3ZyoYw_PMcPvxXeDIePUj90YurQXEd0HmWC5sSJHk3FHLdwvUO1ZwzCTBIS_MH24S9xg0m9EE8-eMd3NA-LOEwGKRKVkWh65EH_CPCDPjfeo8xlNDt-7FvKopkTBk-FasuP68fRwx_CD2cUEpqcOEQqDS8tOKeREzquw4f2kcidD32iFx8enCIO93hkpJOPZMKP74nQaAkq4SN-