{"lowlevel":{"average_loudness":0.565067946911,"barkbands":{"dmean":[0.000135954469442,0.00166526762769,0.000800026464276,0.00050929619465,0.000507551128976,0.000525460462086,0.000481449678773,0.00067457917612,0.000988533021882,0.0011678468436,0.000352471135557,0.000367207481759,0.000472591113066,0.000461874995381,0.000254120590398,0.000116528754006,0.000205696851481,0.000170718281879,0.000109841887024,0.0000769508696976,0.0000471810817544,0.0000640895450488,0.0000661399462842,0.0000630711074336,0.000043307292799,0.00003051139538,0.00000480760036226],"dmean2":[0.000172473693965,0.00275061395951,0.00131153978873,0.000838329375256,0.000799096829724,0.000801426707767,0.000701273558661,0.00099322933238,0.00150238967035,0.00180280674249,0.000541841960512,0.000577679194976,0.000738860282581,0.000720233074389,0.000393043388613,0.000184543707292,0.000320270337397,0.000258997402852,0.000168390324689,0.000117437681183,0.0000708151856088,0.0000966694860836,0.0000953233829932,0.0000922937615542,0.0000598261794948,0.0000408407759096,0.00000694103846399],"dvar":[1.98358605985e-7,0.0000178211357706,0.00000380739606953,0.00000141083307881,0.00000104621858554,0.00000187134173757,0.00000269353085969,0.0000060234619923,0.00000914665270102,0.0000100439665403,0.00000192508582586,0.00000112130032903,0.00000268696317107,0.00000147318883137,6.4898341634e-7,1.15962521363e-7,3.34935606361e-7,1.77703981308e-7,5.63428201872e-8,3.04790397365e-8,1.09002495918e-8,2.62311434795e-8,4.67936516202e-8,7.8135400372e-8,2.41906796816e-8,1.73868865971e-8,3.99593663714e-10],"dvar2":[2.75425293239e-7,0.0000491388418595,0.00000974593513092,0.00000351116500497,0.00000255411646322,0.00000435940137322,0.00000604036131335,0.0000126321838252,0.0000224088798859,0.0000254530714301,0.0000044538351176,0.00000279870209852,0.00000720904290574,0.00000350519280801,0.00000142708984185,2.78063026826e-7,8.50046944834e-7,4.00285415481e-7,1.31135863057e-7,7.55345439529e-8,2.52893563868e-8,6.01986798188e-8,1.06976209224e-7,1.70100719288e-7,4.02230746488e-8,2.78367675577e-8,7.7826528555e-10],"max":[0.0079453997314,0.0730599611998,0.0401479639113,0.0207445211709,0.0240665189922,0.0376282557845,0.0522537380457,0.109461605549,0.0811583697796,0.0896366387606,0.0702027156949,0.0327735356987,0.044560983777,0.0346893332899,0.0310509465635,0.014902535826,0.030410412699,0.010215301998,0.00754698179662,0.00591742666438,0.0034922552295,0.00762464944273,0.00945107452571,0.0140478145331,0.00519912922755,0.00600433209911,0.000742401345633],"mean":[0.000218237284571,0.00313436915167,0.00122944742907,0.000722035998479,0.00104411970824,0.00108259485569,0.000885778106749,0.0011041557882,0.00167525815777,0.00200713938102,0.000608124479186,0.000724361103494,0.000845073256642,0.000764633063227,0.00044207132305,0.000203274670639,0.000380816840334,0.000362199818483,0.000251982855843,0.000178145652171,0.000111943445518,0.000159540737513,0.000152181528392,0.000116352130135,0.0000924191554077,0.0000629913702141,0.00000918046680454],"median":[0.0000538402637176,0.00211867876351,0.000763656804338,0.000369341199985,0.000560197106097,0.000422876153607,0.000316367280902,0.00029966555303,0.000254906073678,0.000305622350425,0.000110913002572,0.000109951710328,0.000106722094642,0.000153998465976,0.0000705362253939,0.0000413049638155,0.0000962267949944,0.0000622543884674,0.0000694526752341,0.0000502161637996,0.000032302497857,0.0000580493651796,0.0000519331697433,0.0000387518921343,0.0000359779442078,0.0000197242497961,0.00000290056550512],"min":[1.16053055135e-24,5.08918821861e-24,1.75746633149e-24,1.99724513959e-24,1.09017263886e-23,1.92239880576e-23,2.47712326996e-23,1.78181479944e-23,1.96052256004e-23,2.76946628619e-23,1.50100319414e-23,4.67833991396e-23,5.13997721362e-23,4.19209173178e-23,8.07929314131e-23,6.13424550787e-23,8.34712719585e-23,1.19976378327e-22,1.52042185729e-22,1.92967936083e-22,2.48903185107e-22,3.20464708435e-22,4.83297236549e-22,6.58361652532e-22,9.4247931077e-22,1.38706970492e-21,2.10432566791e-21],"var":[4.20760244424e-7,0.0000209190420719,0.00000399566897613,0.00000176531113993,0.0000024230348572,0.00000496354141433,0.00000541735062143,0.0000145199010149,0.0000220194251597,0.0000236649611907,0.00000419535763285,0.00000392966421714,0.00000640361167825,0.00000321664128933,0.0000015223616856,2.44115000214e-7,6.45695308776e-7,6.27973633982e-7,1.87729980894e-7,9.79003118573e-8,4.06687306054e-8,8.87351703227e-8,9.92370061681e-8,1.33285439574e-7,6.01509881903e-8,4.12289615781e-8,7.50947581896e-10]},"barkbands_crest":{"dmean":2.31860589981,"dmean2":3.74671196938,"dvar":4.95554351807,"dvar2":13.143237114,"max":24.1579494476,"mean":9.51697444916,"median":8.57248401642,"min":2.24250125885,"var":17.2705841064},"barkbands_flatness_db":{"dmean":0.0171879343688,"dmean2":0.0261575374752,"dvar":0.000314744655043,"dvar2":0.000718401570339,"max":0.307588368654,"mean":0.114753067493,"median":0.106757350266,"min":0.020981291309,"var":0.00216322042979},"barkbands_kurtosis":{"dmean":2.13326740265,"dmean2":3.26155662537,"dvar":14.635933876,"dvar2":33.5685386658,"max":111.790412903,"mean":3.81979966164,"median":1.40539932251,"min":-1.90142738819,"var":44.2782592773},"barkbands_skewness":{"dmean":0.425261169672,"dmean2":0.634357631207,"dvar":0.219634711742,"dvar2":0.48962944746,"max":9.50918960571,"mean":1.33057892323,"median":1.06226444244,"min":-2.69795799255,"var":1.44750618935},"barkbands_spread":{"dmean":5.69585371017,"dmean2":8.4395570755,"dvar":55.3993530273,"dvar2":105.076400757,"max":125.147613525,"mean":24.968870163,"median":21.9398612976,"min":2.05100893974,"var":255.569778442},"dissonance":{"dmean":0.0225062146783,"dmean2":0.0369101390243,"dvar":0.000462436699308,"dvar2":0.00122218392789,"max":0.5,"mean":0.447034925222,"median":0.455028682947,"min":0.216186478734,"var":0.0013581571402},"dynamic_complexity":5.01006174088,"erbbands":{"dmean":[0.0579232648015,0.358888030052,0.771119236946,1.60094594955,1.12964820862,1.9911570549,2.78260469437,4.70957803726,6.32167196274,10.2935199738,16.1285152435,21.8526134491,39.0052642822,21.139629364,11.2777376175,17.188911438,21.8459777832,23.3109035492,13.0885047913,10.2867612839,7.1485619545,9.43361854553,10.1917896271,4.08983182907,6.24295711517,3.23711180687,2.51369190216,1.5538161993,2.09646749496,2.65191936493,1.75163769722,1.55059683323,0.951845765114,0.51398229599,0.308533042669,0.162935301661,0.0524926222861,0.0103256013244,0.000715653295629,0.0000282941891783],"dmean2":[0.0908662900329,0.603491127491,1.27897489071,2.5809442997,1.82628405094,3.10552239418,4.31737709045,7.18245267868,9.34039592743,14.8837862015,23.910326004,33.0600090027,61.0849342346,31.9671058655,17.2346172333,26.8540687561,34.1690788269,35.9308166504,19.9917831421,15.7645425797,11.1588172913,14.3552846909,15.4263734818,6.21442127228,9.64994525909,4.93478250504,3.83190321922,2.26437354088,3.13956332207,3.97635817528,2.50146055222,2.27712154388,1.39231789112,0.724096179008,0.425673633814,0.22004327178,0.0731803178787,0.0146618867293,0.00102141231764,0.0000384837585443],"dvar":[0.0206153448671,0.973234117031,3.69627046585,15.4488658905,6.75950860977,19.7687034607,35.5634269714,199.458480835,414.682739258,1407.75805664,3480.5300293,5732.07324219,12850.8515625,7428.00488281,1344.69836426,2077.73925781,6142.62402344,4007.70654297,1400.83056641,1293.8137207,333.113098145,827.22052002,630.392578125,95.3258132935,198.674484253,53.0095672607,36.7625694275,12.5471553802,35.2357749939,48.6604194641,36.7178001404,38.5706176758,32.0868453979,2.86922049522,1.63670217991,0.504475712776,0.0511856973171,0.0020231672097,0.00000839658787299,1.38309186326e-8],"dvar2":[0.0502765439451,2.66694641113,9.67790985107,36.4455299377,17.4076805115,46.5019836426,83.8842010498,462.005737305,948.434997559,3104.12817383,7454.00341797,13724.8710938,34318.890625,16962.4394531,3352.40966797,5053.20361328,16583.4082031,9435.80078125,3032.4597168,2772.64257812,822.787231445,2088.18823242,1389.5378418,208.329956055,483.690582275,133.394958496,90.6574707031,27.8766593933,82.417098999,110.253814697,85.4870681763,84.8624343872,73.043800354,5.01582717896,2.69777846336,0.770391285419,0.090666860342,0.00429030135274,0.0000153915480041,2.40384494532e-8],"max":[2.23030948639,16.0722541809,34.531578064,75.9596633911,59.4330749512,125.520652771,125.552749634,466.979949951,893.796813965,1736.28930664,2894.00024414,2522.93896484,2469.12817383,3560.37011719,1509.05126953,1529.78491211,2210.31347656,1982.71044922,1837.26147461,1021.96380615,456.193664551,1714.37683105,636.673583984,281.964080811,463.58203125,249.11781311,177.749252319,107.286613464,318.177612305,351.550262451,304.319488525,184.566101074,367.751556396,64.526008606,57.4731826782,39.6554450989,7.11881875992,1.46883881092,0.117734216154,0.00633578328416],"mean":[0.114230796695,0.604340732098,1.28059875965,2.40178728104,2.03844022751,3.93866014481,5.55572557449,9.3219127655,12.5510787964,17.458562851,28.3347206116,39.2956848145,71.0552520752,38.0635871887,22.056312561,36.047832489,41.3744163513,41.5701789856,24.510093689,19.488237381,14.0631027222,19.9222755432,22.5625934601,10.5021696091,14.6799039841,8.11698913574,5.70534086227,4.02223443985,5.0425658226,6.42335796356,3.98382043839,2.8960006237,1.68724751472,1.07896411419,0.623200893402,0.324554055929,0.103762343526,0.0194284003228,0.00146218016744,0.0000771792474552],"median":[0.0610857158899,0.427240461111,0.848976373672,1.31919801235,1.17242789268,1.80335187912,2.53546023369,3.28860020638,4.46654653549,6.33177900314,7.08294963837,7.65026712418,11.6483697891,7.05175209045,6.07767963409,6.78776311874,6.5534529686,9.91597938538,5.5460486412,3.38377904892,3.62470555305,5.23871183395,4.21433115005,3.04581737518,3.96842718124,2.39648866653,1.45523107052,1.37126934528,1.85642671585,2.00293374062,1.45422208309,1.01241481304,0.553587436676,0.379946023226,0.238449126482,0.107847318053,0.0305440444499,0.00592277478427,0.000499139016028,0.0000387269319617],"min":[1.10060220044e-22,1.31759976109e-21,4.42972747143e-21,6.63955622984e-21,2.25799740803e-20,4.08829364863e-20,5.86476741167e-20,2.1252530466e-19,1.90396775708e-19,4.05861130633e-19,4.8605499855e-19,5.43695993861e-19,8.09560062843e-19,1.16802627762e-18,9.15265421623e-19,1.92271991572e-18,2.64418415765e-18,3.02955602451e-18,4.20583746124e-18,4.65274991132e-18,4.28244844804e-18,6.08030648427e-18,7.41735171382e-18,6.57669219319e-18,9.19707133358e-18,9.62700838312e-18,1.01224970147e-17,1.13396204941e-17,1.27632405146e-17,1.04238380846e-17,1.32791125308e-17,1.20232480473e-17,1.09820543036e-17,8.89625800484e-18,6.94080055522e-18,4.76311234864e-18,2.6512987381e-18,9.79536528037e-19,2.85233898892e-19,2.8733879567e-20],"var":[0.036323171109,0.854547917843,3.48494672775,20.2399234772,11.1709785461,48.0381698608,90.0986938477,487.166442871,1153.43493652,2395.94848633,9216.29199219,13596.2226562,30734.6972656,17423.9511719,2869.1875,7838.30908203,14472.8007812,9173.48339844,3282.34985352,3085.21240234,843.893310547,1649.01171875,2268.84594727,364.066650391,654.111572266,191.831130981,113.161209106,55.64012146,99.8820114136,145.989761353,71.7204437256,69.8683242798,42.2399864197,7.46279478073,3.67498397827,1.19217133522,0.113011538982,0.00370398210362,0.0000174651358975,2.92899731136e-8]},"erbbands_crest":{"dmean":2.87579584122,"dmean2":4.49008703232,"dvar":7.13829421997,"dvar2":16.988111496,"max":32.1690330505,"mean":10.2656049728,"median":9.12683200836,"min":2.20910549164,"var":24.7774581909},"erbbands_flatness_db":{"dmean":0.0158642921597,"dmean2":0.0222568120807,"dvar":0.000226714633754,"dvar2":0.00043332905625,"max":0.303465932608,"mean":0.140175506473,"median":0.138542249799,"min":0.0426157675683,"var":0.00149508786853},"erbbands_kurtosis":{"dmean":1.13500404358,"dmean2":1.70827686787,"dvar":3.37357735634,"dvar2":7.2196855545,"max":107.73298645,"mean":1.40443253517,"median":0.617951154709,"min":-1.78495204449,"var":10.1813688278},"erbbands_skewness":{"dmean":0.351874291897,"dmean2":0.514397680759,"dvar":0.112620323896,"dvar2":0.244037389755,"max":7.26481342316,"mean":0.622958302498,"median":0.595729887486,"min":-4.31433820724,"var":0.663689017296},"erbbands_spread":{"dmean":7.92121362686,"dmean2":11.1559877396,"dvar":90.7858810425,"dvar2":167.889694214,"max":166.870986938,"mean":36.6240768433,"median":30.2195014954,"min":1.71337890625,"var":476.741424561},"gfcc":{"cov":[[15315.1484375,-713.272277832,-1133.45239258,-169.667999268,-328.040679932,-177.187011719,-405.18963623,214.788223267,-224.164276123,13.6042871475,-66.9575576782,151.240646362,-275.911712646],[-713.272277832,1111.88745117,75.3666763306,-43.3750228882,18.8564758301,-52.4261398315,105.804023743,-71.8350372314,72.9446792603,-55.2603530884,35.8611221313,-40.0087471008,32.054851532],[-1133.45239258,75.3666763306,997.856689453,98.2195129395,-161.905990601,37.0088577271,-61.937789917,58.3855819702,39.9060211182,14.7329206467,-20.6480312347,33.9905738831,47.9710006714],[-169.667999268,-43.3750228882,98.2195129395,434.534515381,43.3259544373,3.35808181763,4.71628189087,-50.2930450439,45.8623123169,6.45824193954,-27.9592552185,-14.1311454773,44.4630775452],[-328.040679932,18.8564758301,-161.905990601,43.3259544373,263.391479492,3.43110179901,13.0869827271,-8.51432514191,11.9710960388,5.00454473495,-3.54459762573,-6.58488988876,0.621719360352],[-177.187011719,-52.4261398315,37.0088577271,3.35808181763,3.43110179901,191.026779175,67.1234741211,15.1795940399,-14.9169893265,9.54810905457,10.6686201096,-19.4595413208,7.54200839996],[-405.18963623,105.804023743,-61.937789917,4.71628189087,13.0869827271,67.1234741211,180.830871582,8.61931324005,8.91522789001,-1.49783539772,17.3920726776,-16.2933750153,2.49272942543],[214.788223267,-71.8350372314,58.3855819702,-50.2930450439,-8.51432514191,15.1795940399,8.61931324005,160.031982422,30.2825889587,-1.86528122425,3.97165203094,13.4467973709,-1.57342970371],[-224.164276123,72.9446792603,39.9060211182,45.8623123169,11.9710960388,-14.9169893265,8.91522789001,30.2825889587,130.979431152,29.0126838684,-5.23422908783,-0.155526712537,25.3656291962],[13.6042871475,-55.2603530884,14.7329206467,6.45824193954,5.00454473495,9.54810905457,-1.49783539772,-1.86528122425,29.0126838684,101.743804932,19.1163444519,-5.57168960571,10.0033369064],[-66.9575576782,35.8611221313,-20.6480312347,-27.9592552185,-3.54459762573,10.6686201096,17.3920726776,3.97165203094,-5.23422908783,19.1163444519,89.154624939,20.1626567841,-8.62928581238],[151.240646362,-40.0087471008,33.9905738831,-14.1311454773,-6.58488988876,-19.4595413208,-16.2933750153,13.4467973709,-0.155526712537,-5.57168960571,20.1626567841,94.6854248047,13.8029432297],[-275.911712646,32.054851532,47.9710006714,44.4630775452,0.621719360352,7.54200839996,2.49272942543,-1.57342970371,25.3656291962,10.0033369064,-8.62928581238,13.8029432297,83.0096206665]],"icov":[[0.000108189473394,-0.0000638086421532,0.00021634537552,-0.000126165425172,0.000258454558207,-0.0000797209650045,0.000311364769004,-0.000306294212351,0.000209051548154,-0.000240599547396,0.000261474517174,-0.000319928309182,0.000362444407074],[-0.0000638086421532,0.00140862527769,-0.000471484672744,0.000573163619265,-0.000436165079009,0.000782296527177,-0.00114684761502,0.00120346271433,-0.00122027797624,0.00149754981976,-0.00123985868413,0.0012008814374,-0.000937296077609],[0.00021634537552,-0.000471484672744,0.0018174177967,-0.000744291581213,0.00141709833406,-0.000808898941614,0.00140545365866,-0.00133586942684,0.00047972612083,-0.000958957127295,0.00105924997479,-0.00130447652191,0.000540907378308],[-0.000126165425172,0.000573163619265,-0.000744291581213,0.00314247608185,-0.000993947847746,0.000327789079165,-0.000861946027726,0.00184641685337,-0.00154374667909,0.00098839821294,-0.000226928663324,0.00112120597623,-0.0017126534367],[0.000258454558207,-0.000436165079009,0.00141709833406,-0.000993947847746,0.00509661249816,-0.000641798658762,0.00101417163387,-0.00108903937507,0.000325058615999,-0.00108113908209,0.00113106495701,-0.00115966470912,0.00105136202183],[-0.0000797209650045,0.000782296527177,-0.000808898941614,0.000327789079165,-0.000641798658762,0.00708564277738,-0.00320002692752,-0.00000824273047328,0.000876115111168,0.000129407388158,-0.00133382098284,0.00218616635539,-0.00160371128004],[0.000311364769004,-0.00114684761502,0.00140545365866,-0.000861946027726,0.00101417163387,-0.00320002692752,0.00849274452776,-0.00182237662375,0.000360489735613,-0.000745066441596,0.0000596736281295,-0.000716672686394,0.00122585555073],[-0.000306294212351,0.00120346271433,-0.00133586942684,0.00184641685337,-0.00108903937507,-0.00000824273047328,-0.00182237662375,0.00901367329061,-0.00372140784748,0.00243277917616,-0.00151060649659,0.000670205103233,-0.000889816903509],[0.000209051548154,-0.00122027797624,0.00047972612083,-0.00154374667909,0.000325058615999,0.000876115111168,0.000360489735613,-0.00372140784748,0.0112039381638,-0.00435078749433,0.00199594604783,-0.000979213393293,-0.000976685318165],[-0.000240599547396,0.00149754981976,-0.000958957127295,0.00098839821294,-0.00108113908209,0.000129407388158,-0.000745066441596,0.00243277917616,-0.00435078749433,0.0133996922523,-0.00481452560052,0.0031723966822,-0.00260171457194],[0.000261474517174,-0.00123985868413,0.00105924997479,-0.000226928663324,0.00113106495701,-0.00133382098284,0.0000596736281295,-0.00151060649659,0.00199594604783,-0.00481452560052,0.0150167243555,-0.00529257580638,0.00335099175572],[-0.000319928309182,0.0012008814374,-0.00130447652191,0.00112120597623,-0.00115966470912,0.00218616635539,-0.000716672686394,0.000670205103233,-0.000979213393293,0.0031723966822,-0.00529257580638,0.0143404854462,-0.0045473719947],[0.000362444407074,-0.000937296077609,0.000540907378308,-0.0017126534367,0.00105136202183,-0.00160371128004,0.00122585555073,-0.000889816903509,-0.000976685318165,-0.00260171457194,0.00335099175572,-0.0045473719947,0.0160188563168]],"mean":[-20.4182243347,74.9976196289,-99.5970687866,21.7532730103,-55.9623985291,21.7324237823,-28.7191982269,14.9300327301,-18.4297409058,4.79043102264,-14.6094102859,4.06750488281,-15.8621463776]},"hfc":{"dmean":4.66061449051,"dmean2":6.47322368622,"dvar":74.077583313,"dvar2":145.208328247,"max":406.357299805,"mean":19.0001087189,"median":10.7287960052,"min":1.12929569197e-16,"var":479.471099854},"melbands":{"dmean":[0.000486820877995,0.000411671499023,0.000245809671469,0.000100012635812,0.0000985123188002,0.000108775595436,0.0000956421645242,0.000118323710922,0.000142094620969,0.000138607138069,0.000193684347323,0.0000873906246852,0.0000430975487689,0.0000421864242526,0.0000501894210174,0.0000435154834122,0.0000475673041365,0.0000233165374084,0.0000185242788575,0.00000940923837334,0.0000102870862975,0.000010231556189,0.0000140078273034,0.00000654275709167,0.00000345976332028,0.00000501436579725,0.00000397944813813,0.00000194973222278,0.00000193605637833,0.00000109938491732,0.00000104964135517,0.00000146380705246,0.00000120578806673,0.00000157178385507,0.00000103802665308,0.00000103989168565,9.68768972598e-7,7.18976878034e-7,5.40790608738e-7,4.36971646423e-7],"dmean2":[0.000791316269897,0.000676759285852,0.000393723370507,0.000158549068146,0.000152550041093,0.000165258752531,0.000141012773383,0.000171352323378,0.000212695129449,0.00020902272081,0.000303009175695,0.00013158172078,0.0000653632887406,0.0000661817248329,0.0000779438778409,0.000067208056862,0.0000738694070606,0.0000356476048182,0.0000285353617073,0.0000142796498039,0.0000162974920386,0.0000157853719429,0.000021592801204,0.00001005996819,0.00000540198607268,0.00000784053463576,0.00000613126667304,0.00000304619561575,0.00000302188686874,0.00000167319751654,0.00000158451166499,0.00000228062890528,0.00000182674500593,0.00000237548215409,0.00000151411347815,0.00000151935432768,0.00000146539480284,0.00000107712060071,7.95979815393e-7,6.20302785137e-7],"dvar":[0.00000144252078371,0.00000106825063995,3.31817403776e-7,4.97620895601e-8,3.87439094141e-8,9.68682485336e-8,8.83534383433e-8,1.71848881791e-7,2.2219033724e-7,1.98715781607e-7,3.15789208116e-7,1.25856061572e-7,2.12236876962e-8,1.76425416498e-8,2.53762699742e-8,1.81780599462e-8,1.67233018544e-8,4.38942571179e-9,4.38804770297e-9,9.62712021213e-10,7.3243366927e-10,1.08602127291e-9,1.14931730799e-9,2.99474750554e-10,7.44283384924e-11,1.2062777166e-10,9.92925880405e-11,1.91683734857e-11,2.41574902443e-11,6.00192595276e-12,6.22237287737e-12,1.50325134285e-11,1.17026718177e-11,1.80682743073e-11,1.42316098142e-11,1.65745663722e-11,1.5950987059e-11,1.65189615459e-11,6.0688077827e-12,2.08332461525e-12],"dvar2":[0.0000038951679926,0.00000273575187748,7.79916376814e-7,1.21210675275e-7,9.20944813743e-8,2.21635815478e-7,2.0501873621e-7,3.8006851355e-7,5.03680382735e-7,4.71857561024e-7,8.4158403979e-7,2.86329623123e-7,4.86522040433e-8,4.34972413643e-8,6.66434161189e-8,4.48566659372e-8,4.00099864351e-8,9.6510026637e-9,9.81513270659e-9,2.03722194669e-9,1.82288906192e-9,2.77187872655e-9,2.71090039305e-9,6.85018708424e-10,1.6856195606e-10,2.9663640988e-10,2.45467951521e-10,4.90072565862e-11,6.21248053001e-11,1.40007319974e-11,1.44317283818e-11,3.70279050477e-11,2.71726963846e-11,4.121664815e-11,3.54489007592e-11,3.54503752742e-11,3.74997463637e-11,3.74881341247e-11,1.29972109464e-11,3.81937710625e-12],"max":[0.0208997894078,0.0164694916457,0.0107622006908,0.00662802252918,0.00415969826281,0.0091852042824,0.0113206412643,0.0167841818184,0.020011773333,0.0142199099064,0.0120634771883,0.0153091363609,0.00619347719476,0.00475771958008,0.00422674464062,0.00352699332871,0.00386114837602,0.00279353908263,0.00208619679324,0.00134581897873,0.000700992241036,0.00197954988107,0.000824612623546,0.000536038016435,0.000283922214294,0.000296653131954,0.000420533295255,0.000152639404405,0.000142907811096,0.0000598317674303,0.0000857419436215,0.000178054222488,0.000167100210092,0.000213243009057,0.000208787037991,0.000171119783772,0.000112824913231,0.000253805977991,0.000136352828122,0.0000570942720515],"mean":[0.000933952920604,0.000732857675757,0.000392783142161,0.000200807204237,0.000201522823772,0.000219879118958,0.000190620325156,0.000196412904188,0.000245845381869,0.000244173454121,0.000347949215211,0.000149633226101,0.0000770612168708,0.0000841365181259,0.0000935162461246,0.000077108728874,0.0000799406843726,0.0000393346235796,0.0000320858198393,0.0000167598082044,0.0000178559839696,0.0000185686385521,0.0000282634409814,0.0000134716538014,0.00000746723299017,0.0000107728501462,0.00000908858783077,0.00000433678405898,0.0000039371980165,0.00000234954291045,0.00000240512372329,0.00000304412515106,0.00000286722502096,0.00000362633295481,0.00000225644498641,0.00000193675487026,0.00000167762584624,0.0000012037472743,9.83348741102e-7,8.80244215296e-7],"median":[0.000582477718126,0.000531558645889,0.000227701064432,0.000106385465187,0.0000962061385508,0.0000782214628998,0.0000693531546858,0.000067216984462,0.0000559741201869,0.0000419194730057,0.0000514744278917,0.0000224620162044,0.0000165826841112,0.0000136915587063,0.0000151530121002,0.0000117716253953,0.0000165054952959,0.0000077383210737,0.00000437292192146,0.00000316233149533,0.00000420091055275,0.00000493502602694,0.00000472449073641,0.0000027386504371,0.00000208732581086,0.00000273440195997,0.00000230315731642,0.00000124868086004,8.80382856394e-7,6.77202535826e-7,7.60764635288e-7,0.00000104779974208,8.79337562765e-7,0.0000010922904039,7.92271691807e-7,6.3298131181e-7,5.4316205933e-7,3.72085054323e-7,3.14712764293e-7,2.9628930065e-7],"min":[1.93992058976e-24,2.86930306296e-24,1.32154830337e-24,2.25298871746e-24,2.05828187162e-24,4.28285522763e-24,3.7851624881e-24,3.96117549985e-24,4.01436917955e-24,3.06990033318e-24,3.60515941788e-24,3.9342418164e-24,2.03854989658e-24,4.90934292058e-24,5.44705575713e-24,4.75678905442e-24,4.35576530237e-24,5.90752530599e-24,5.44204530709e-24,4.116661562e-24,3.54481865838e-24,5.27785929245e-24,5.90568371021e-24,4.86935201142e-24,4.63499800256e-24,6.52290070979e-24,5.44894981216e-24,5.1956595917e-24,6.39395547838e-24,6.08976440244e-24,6.41469502601e-24,5.62270352628e-24,4.32470074878e-24,5.76648210373e-24,6.8232587106e-24,4.85835016281e-24,7.21854034412e-24,6.79490862738e-24,7.83357574888e-24,7.24497980622e-24],"var":[0.00000202451701625,0.00000101695457033,4.51878179319e-7,1.10818625387e-7,1.00871901054e-7,2.58301525946e-7,2.27369326922e-7,3.0400246942e-7,5.81524432164e-7,4.90853096835e-7,7.62763306739e-7,2.96345604056e-7,4.78570001405e-8,6.00939316087e-8,5.8768304001e-8,4.39200817937e-8,3.83431313367e-8,9.27989685096e-9,9.83677139743e-9,2.18331530633e-9,1.59769242281e-9,1.71411917993e-9,3.87480802999e-9,8.64384841481e-10,2.18869547486e-10,3.69217573182e-10,2.9157026793e-10,5.94878590832e-11,6.25980517421e-11,1.82774316515e-11,2.37844136747e-11,3.93183506586e-11,3.25237545229e-11,4.93646373778e-11,2.37023508459e-11,3.01138558534e-11,2.61651984801e-11,2.15893344868e-11,1.049011919e-11,5.00867923525e-12]},"melbands_crest":{"dmean":2.89976763725,"dmean2":4.64100313187,"dvar":7.81415367126,"dvar2":19.5393733978,"max":35.8733062744,"mean":13.3152694702,"median":12.1471652985,"min":1.66658473015,"var":31.8571605682},"melbands_flatness_db":{"dmean":0.0211406331509,"dmean2":0.032039064914,"dvar":0.000514378014486,"dvar2":0.0011673043482,"max":0.428840070963,"mean":0.187763124704,"median":0.176913201809,"min":0.00413780938834,"var":0.00445801718161},"melbands_kurtosis":{"dmean":5.55600309372,"dmean2":8.43467617035,"dvar":163.137512207,"dvar2":377.198028564,"max":346.619415283,"mean":11.6131095886,"median":4.47566080093,"min":-1.85976791382,"var":406.194458008},"melbands_skewness":{"dmean":0.598315358162,"dmean2":0.883890032768,"dvar":0.541485667229,"dvar2":1.19111585617,"max":16.4628887177,"mean":2.19751667976,"median":1.7426636219,"min":-1.70038819313,"var":3.17103004456},"melbands_spread":{"dmean":6.29441928864,"dmean2":9.6672000885,"dvar":83.2584533691,"dvar2":187.104736328,"max":252.301025391,"mean":27.1760101318,"median":23.5823936462,"min":1.26803231239,"var":407.781005859},"mfcc":{"cov":[[9790.25097656,-242.42829895,-1126.58898926,-68.5731964111,-79.4773635864,-187.145584106,-108.404098511,37.3244667053,-301.861358643,123.400337219,19.5354576111,-128.512130737,-79.7088470459],[-242.42829895,1161.35327148,77.3905715942,-37.7743453979,-48.1161651611,-22.7325000763,-17.2568054199,40.6335868835,-15.8716268539,-0.0591336339712,10.9420127869,23.229341507,11.273979187],[-1126.58898926,77.3905715942,988.657409668,51.3985786438,4.25637674332,-16.0141391754,-25.3005523682,-8.53214073181,96.5407485962,-68.9707794189,-16.8696918488,85.2836151123,12.7435951233],[-68.5731964111,-37.7743453979,51.3985786438,350.178924561,70.9334716797,56.0173835754,-53.2811203003,-11.4355449677,38.2342681885,-15.4267053604,-29.0212364197,6.20395565033,21.5645084381],[-79.4773635864,-48.1161651611,4.25637674332,70.9334716797,213.356704712,1.22945439816,-26.1794109344,-1.23710823059,25.6747970581,4.98117113113,-7.56389379501,-6.62605333328,11.5699148178],[-187.145584106,-22.7325000763,-16.0141391754,56.0173835754,1.22945439816,199.326766968,50.2001533508,-29.2167339325,36.5924186707,-19.6371974945,10.8755731583,18.5191230774,-10.3251218796],[-108.404098511,-17.2568054199,-25.3005523682,-53.2811203003,-26.1794109344,50.2001533508,166.789077759,25.9833698273,-3.80665397644,6.92705011368,16.1091594696,6.53916406631,-7.37358999252],[37.3244667053,40.6335868835,-8.53214073181,-11.4355449677,-1.23710823059,-29.2167339325,25.9833698273,146.156143188,-4.74423599243,12.6113290787,-2.4293255806,-5.95494794846,12.2827625275],[-301.861358643,-15.8716268539,96.5407485962,38.2342681885,25.6747970581,36.5924186707,-3.80665397644,-4.74423599243,172.307312012,-0.720795094967,20.3321495056,5.45148515701,13.8935546875],[123.400337219,-0.0591336339712,-68.9707794189,-15.4267053604,4.98117113113,-19.6371974945,6.92705011368,12.6113290787,-0.720795094967,123.897224426,17.2074680328,-4.7589597702,-13.1630182266],[19.5354576111,10.9420127869,-16.8696918488,-29.0212364197,-7.56389379501,10.8755731583,16.1091594696,-2.4293255806,20.3321495056,17.2074680328,89.6488647461,14.9279747009,9.47984695435],[-128.512130737,23.229341507,85.2836151123,6.20395565033,-6.62605333328,18.5191230774,6.53916406631,-5.95494794846,5.45148515701,-4.7589597702,14.9279747009,82.2842025757,16.6884803772],[-79.7088470459,11.273979187,12.7435951233,21.5645084381,11.5699148178,-10.3251218796,-7.37358999252,12.2827625275,13.8935546875,-13.1630182266,9.47984695435,16.6884803772,80.2281570435]],"icov":[[0.000126301703858,0.0000244503753493,0.000128422179841,-0.0000321360021189,0.0000477208741358,0.0000933797782636,0.0000949018576648,-0.0000355290940206,0.000133155554067,-0.0000227540003834,-0.0000819458437036,0.0000149366942424,0.000109367945697],[0.0000244503753493,0.000899848004337,-0.0000447831771453,0.0000765849254094,0.000191907674889,-0.00000569897292735,0.000223626775551,-0.000290380907245,0.000127259016153,-0.0000261690001935,-0.000118932905025,-0.000174464657903,-0.0000550166878384],[0.000128422179841,-0.0000447831771453,0.00142295309342,-0.000157688977197,0.0000758551541367,0.000590826268308,0.0000869242721819,-0.0000268886979029,-0.00070937507553,0.000682786456309,0.000330673443386,-0.00146607088391,0.000528208271135],[-0.0000321360021189,0.0000765849254094,-0.000157688977197,0.00369757949375,-0.000906400789972,-0.00148346833885,0.00130668084603,-0.000164691286045,-0.000371716276277,-0.000137362527312,0.00125567917712,-0.0000455840527138,-0.00102346471976],[0.0000477208741358,0.000191907674889,0.0000758551541367,-0.000906400789972,0.00523130083457,0.00013879268954,0.000508299621288,-0.0000694678674336,-0.000537168001756,-0.000396144634578,0.000197958972421,0.000435506546637,-0.000513131846674],[0.0000933797782636,-0.00000569897292735,0.000590826268308,-0.00148346833885,0.00013879268954,0.00707749836147,-0.00253463722765,0.0013749365462,-0.00139145238791,0.00136133900378,-0.000587615359109,-0.00170818145853,0.00173493055627],[0.0000949018576648,0.000223626775551,0.0000869242721819,0.00130668084603,0.000508299621288,-0.00253463722765,0.0077623045072,-0.00185233342927,0.000500357476994,-0.000426988728577,-0.000726122932974,-0.000224154617172,0.000271054799668],[-0.0000355290940206,-0.000290380907245,-0.0000268886979029,-0.000164691286045,-0.0000694678674336,0.0013749365462,-0.00185233342927,0.0077253379859,-0.000122587152873,-0.000664663559292,0.000555481587071,0.00060928001767,-0.00139216019306],[0.000133155554067,0.000127259016153,-0.00070937507553,-0.000371716276277,-0.000537168001756,-0.00139145238791,0.000500357476994,-0.000122587152873,0.00717932218686,-0.000553265446797,-0.00187772244681,0.00120723526925,-0.00107315566856],[-0.0000227540003834,-0.0000261690001935,0.000682786456309,-0.000137362527312,-0.000396144634578,0.00136133900378,-0.000426988728577,-0.000664663559292,-0.000553265446797,0.00923543702811,-0.00182079232763,-0.000614567718003,0.00215843459591],[-0.0000819458437036,-0.000118932905025,0.000330673443386,0.00125567917712,0.000197958972421,-0.000587615359109,-0.000726122932974,0.000555481587071,-0.00187772244681,-0.00182079232763,0.0132360737771,-0.00230935006402,-0.00176786910743],[0.0000149366942424,-0.000174464657903,-0.00146607088391,-0.0000455840527138,0.000435506546637,-0.00170818145853,-0.000224154617172,0.00060928001767,0.00120723526925,-0.000614567718003,-0.00230935006402,0.0152050992474,-0.00331191672012],[0.000109367945697,-0.0000550166878384,0.000528208271135,-0.00102346471976,-0.000513131846674,0.00173493055627,0.000271054799668,-0.00139216019306,-0.00107315566856,0.00215843459591,-0.00176786910743,-0.00331191672012,0.014745160006]],"mean":[-668.295410156,113.172187805,11.554110527,11.8281030655,1.40153813362,6.59221124649,1.66999304295,11.1998281479,0.0114354547113,6.11555576324,6.46433448792,1.55649197102,0.55483353138]},"pitch_salience":{"dmean":0.0611872971058,"dmean2":0.097922436893,"dvar":0.0031223911792,"dvar2":0.00829317886382,"max":0.95415365696,"mean":0.527674973011,"median":0.534104466438,"min":0.112545587122,"var":0.0107451165095},"silence_rate_20dB":{"dmean":0,"dmean2":0,"dvar":0,"dvar2":0,"max":1,"mean":1,"median":1,"min":1,"var":0},"silence_rate_30dB":{"dmean":0.000537441752385,"dmean2":0.00107497989666,"dvar":0.000537170213647,"dvar2":0.00125286437105,"max":1,"mean":0.999552190304,"median":1,"min":0,"var":0.000447601545602},"silence_rate_60dB":{"dmean":0.0103905405849,"dmean2":0.020782943815,"dvar":0.0102817844599,"dvar2":0.0233947504312,"max":1,"mean":0.0754142403603,"median":0,"min":0,"var":0.0697237998247},"spectral_centroid":{"dmean":207.781799316,"dmean2":312.213012695,"dvar":80839.2890625,"dvar2":165888.6875,"max":11533.9121094,"mean":1397.86865234,"median":1331.99365234,"min":235.454406738,"var":578148.3125},"spectral_complexity":{"dmean":2.36241483688,"dmean2":3.49063873291,"dvar":7.39532327652,"dvar2":12.7741413116,"max":52,"mean":15.339632988,"median":13,"min":0,"var":95.2855911255},"spectral_contrast_coeffs":{"dmean":[0.0403481014073,0.0394811667502,0.0362678207457,0.0303799342364,0.0211999341846,0.0159183647484],"dmean2":[0.0650769621134,0.0629210099578,0.0567039512098,0.0478937774897,0.033686734736,0.0243588499725],"dvar":[0.00123049248941,0.00108616030775,0.00091138179414,0.000654123490676,0.000370093417587,0.000205139425816],"dvar2":[0.00306516815908,0.00273121288046,0.00214335415512,0.0015241804067,0.000826643256005,0.000427761260653],"max":[-0.358547985554,-0.397004842758,-0.372866749763,-0.468800336123,-0.568841457367,-0.584125220776],"mean":[-0.715590059757,-0.719693303108,-0.711621642113,-0.752106428146,-0.786022424698,-0.781400978565],"median":[-0.72463619709,-0.723366975784,-0.717884778976,-0.755262494087,-0.794081091881,-0.784666895866],"min":[-0.98110640049,-0.969135642052,-0.973045766354,-0.970308065414,-0.96693778038,-0.962890863419],"var":[0.00564770400524,0.00532856257632,0.007062880788,0.00588908744976,0.00371112371795,0.00199740822427]},"spectral_contrast_valleys":{"dmean":[0.330924510956,0.296446591616,0.27862483263,0.265668779612,0.236670106649,0.277253746986],"dmean2":[0.537251830101,0.47494328022,0.444410353899,0.409442454576,0.337847203016,0.346057355404],"dvar":[0.127527758479,0.0946806371212,0.0882870927453,0.107434146106,0.127457931638,0.140113964677],"dvar2":[0.279905825853,0.191110238433,0.167497828603,0.186316236854,0.214092388749,0.207430496812],"max":[-5.49216032028,-4.93375349045,-5.37562513351,-5.69209384918,-5.10363197327,-7.23534965515],"mean":[-7.35213136673,-7.22514295578,-7.89905166626,-8.3880405426,-8.09056186676,-10.1762123108],"median":[-7.08226490021,-7.04876708984,-7.78821563721,-8.26845645905,-7.93880653381,-9.92719364166],"min":[-27.7016181946,-27.7192459106,-27.5476799011,-27.7286148071,-27.4591026306,-27.3368396759],"var":[1.84995627403,1.94047391415,1.90597200394,2.03490996361,2.11317586899,1.95098376274]},"spectral_decrease":{"dmean":1.31308341977e-9,"dmean2":1.99791805322e-9,"dvar":3.94754535189e-18,"dvar2":9.25705019979e-18,"max":2.91062336273e-20,"mean":-4.46317161007e-9,"median":-3.14539327917e-9,"min":-3.24837365895e-8,"var":1.58748019842e-17},"spectral_energy":{"dmean":0.00526505243033,"dmean2":0.00797069817781,"dvar":0.0000621960789431,"dvar2":0.000144702207763,"max":0.128531038761,"mean":0.0185684356838,"median":0.0131172984838,"min":1.03218989567e-20,"var":0.000275654514553},"spectral_energyband_high":{"dmean":0.000252623460256,"dmean2":0.0003325168218,"dvar":5.212848464e-7,"dvar2":9.16647934446e-7,"max":0.0345218069851,"mean":0.000767374178395,"median":0.000349035079125,"min":7.3334941208e-21,"var":0.00000177342064944},"spectral_energyband_low":{"dmean":0.00249328021891,"dmean2":0.00396445021033,"dvar":0.0000283235258394,"dvar2":0.0000715937931091,"max":0.0826179310679,"mean":0.0050833276473,"median":0.00360145233572,"min":1.71647692164e-23,"var":0.0000393795235141},"spectral_energyband_middle_high":{"dmean":0.00187863467727,"dmean2":0.00276638753712,"dvar":0.0000143378520079,"dvar2":0.0000328042733599,"max":0.106741197407,"mean":0.00606937846169,"median":0.00221869675443,"min":1.33246397051e-21,"var":0.0000814677696326},"spectral_energyband_middle_low":{"dmean":0.0029151046183,"dmean2":0.00451955525205,"dvar":0.0000267873565463,"dvar2":0.0000659575744066,"max":0.113849774003,"mean":0.00773169007152,"median":0.0046985684894,"min":2.3320838719e-22,"var":0.0000861551234266},"spectral_entropy":{"dmean":0.150715500116,"dmean2":0.206866830587,"dvar":0.0286621097475,"dvar2":0.0503888055682,"max":9.82000541687,"mean":7.63074350357,"median":7.6518740654,"min":5.76027011871,"var":0.19104398787},"spectral_flux":{"dmean":0.0162977837026,"dmean2":0.0260919779539,"dvar":0.000381374149583,"dvar2":0.000896766548976,"max":0.271897435188,"mean":0.0619300305843,"median":0.052520621568,"min":6.43838177217e-11,"var":0.00168679351918},"spectral_kurtosis":{"dmean":1.04012823105,"dmean2":1.57334983349,"dvar":2.00596547127,"dvar2":4.42070770264,"max":35.6396064758,"mean":3.96284818649,"median":3.61231279373,"min":-1.24413847923,"var":7.05697011948},"spectral_rms":{"dmean":0.000538752879947,"dmean2":0.00079873210052,"dvar":4.27381138479e-7,"dvar2":9.29789962356e-7,"max":0.0111980419606,"mean":0.00385304377414,"median":0.00357734039426,"min":3.17334917024e-12,"var":0.00000326959366248},"spectral_rolloff":{"dmean":468.062164307,"dmean2":765.62109375,"dvar":1148984.5,"dvar2":2272956.75,"max":19595.2148438,"mean":1689.61218262,"median":1248.92578125,"min":64.599609375,"var":4054408},"spectral_skewness":{"dmean":0.174476757646,"dmean2":0.249730944633,"dvar":0.0440860018134,"dvar2":0.0852433741093,"max":4.9761929512,"mean":1.59520804882,"median":1.5737195015,"min":-0.160648554564,"var":0.248404830694},"spectral_spread":{"dmean":613863.625,"dmean2":839673.9375,"dvar":978338447360,"dvar2":1689198788610,"max":41787696,"mean":5707075,"median":5107197,"min":1927876.375,"var":5835554029570},"spectral_strongpeak":{"dmean":0.581096470356,"dmean2":0.97783267498,"dvar":0.861723601818,"dvar2":2.14549040794,"max":10.6232824326,"mean":1.13814747334,"median":0.32112133503,"min":0,"var":2.38806509972},"zerocrossingrate":{"dmean":0.0111558092758,"dmean2":0.0127051975578,"dvar":0.00023711695394,"dvar2":0.000253537698882,"max":0.52734375,"mean":0.0710492283106,"median":0.06396484375,"min":0,"var":0.00233113137074}},"metadata":{"audio_properties":{"analysis_sample_rate":44100,"bit_rate":0,"codec":"flac","downmix":"mix","equal_loudness":0,"length":259.226654053,"lossless":true,"md5_encoded":"9a0f3ad3794196e194b26bc1d706bbae","replay_gain":-12.786523819,"sample_rate":44100},"tags":{"acoustid_id":["b2dbe64b-f2bc-45f5-9208-b1b2f1f64236"],"album":["Greatest Hits III"],"albumartist":["Queen"],"albumartistsort":["Queen"],"artist":["Queen"],"artistsort":["Queen"],"asin":["B0000365JJ"],"barcode":["724352389421"],"catalognumber":["7243 5 23894 2 1"],"compilation":["1"],"date":["1999-11-08"],"discnumber":["1"],"disctotal":["1"],"file_name":"Queen_-_Greatest_Hits_III_-_17_-_Thank_God_It_s_Christmas.flac","isrc":["GBCEG8400019"],"label":["Parlophone"],"media":["CD"],"musicbrainz_albumartistid":["0383dadf-2a4e-4d10-a46a-e9e041da8eb3"],"musicbrainz_albumid":["bdec8ef9-1f35-455f-9fed-d5eb13209b83"],"musicbrainz_artistid":["0383dadf-2a4e-4d10-a46a-e9e041da8eb3"],"musicbrainz_recordingid":["1861d5ea-6b32-4532-bdb3-96d9389b284f"],"musicbrainz_releasegroupid":["669e4101-afdb-3dc3-926d-779667e8a867"],"originaldate":["1999-11-08"],"releasecountry":["XE"],"releasestatus":["official"],"releasetype":["album","compilation"],"script":["Latn"],"title":["Thank God It's Christmas"],"totaldiscs":["1"],"totaltracks":["17"],"tracknumber":["17"],"tracktotal":["17"]},"version":{"essentia":"2.1-beta2","essentia_build_sha":"70f2e5ece6736b2c40cc944ad0e695b16b925413","essentia_git_sha":"v2.1_beta2","extractor":"music 1.0"}},"rhythm":{"beats_count":364,"beats_loudness":{"dmean":0.0171783417463,"dmean2":0.030454788357,"dvar":0.000251983612543,"dvar2":0.000648139975965,"max":0.10720000416,"mean":0.0296449605376,"median":0.025103263557,"min":2.25666751952e-9,"var":0.000387872220017},"beats_loudness_band_