{"lowlevel":{"average_loudness":0.948838591576,"barkbands":{"dmean":[0.0102844722569,0.02020403184,0.00335508678108,0.00102318485733,0.00108371081296,0.0018253212329,0.00124170491472,0.000734217872377,0.000836490944494,0.000645885709673,0.0005971599021,0.00085562892491,0.000783686700743,0.000681285979226,0.000725130317733,0.000328541675117,0.000240053283051,0.000236744643189,0.000130404063384,0.0000955468494794,0.0000743384662201,0.0000369367662643,0.0000163210333994,0.00000743247164792,0.00000387632098864,0.0000126114464365,0.000701931712683],"dmean2":[0.0171206127852,0.0347366295755,0.00587713066489,0.00175012950785,0.00181702035479,0.00283160735853,0.00200049974956,0.00120996218175,0.00137692899443,0.00108086934779,0.00100504932925,0.00144512054976,0.0013208683813,0.0011544333538,0.00122521515004,0.000557106977794,0.000412795547163,0.000403331912821,0.000221531721763,0.000157873029821,0.000119317453937,0.000059179161326,0.0000250073844654,0.0000112215993795,0.00000632354249319,0.0000179117505468,0.0011587276822],"dvar":[0.000267687253654,0.000746536243241,0.000033233765862,0.0000023298321139,0.00000382924736186,0.0000262023568212,0.0000146819556903,0.00000386688634535,0.00000634546813671,0.00000164943764958,0.00000121664618291,0.00000124284247249,0.00000100914144241,5.72769181417e-7,6.92669914315e-7,1.51039216689e-7,1.1385823484e-7,1.59204830652e-7,4.77853703273e-8,2.65483617312e-8,2.11387263249e-8,5.11101427847e-9,8.43452530042e-10,1.51004847515e-10,2.9326374662e-11,4.90421314669e-10,4.93526272294e-7],"dvar2":[0.000677684089169,0.00203776871786,0.0000910855378606,0.00000608809887126,0.00000966459174379,0.0000580998676014,0.0000336846387654,0.00000977839317784,0.0000172996114998,0.00000433269588029,0.0000031913264138,0.00000340369615515,0.00000279908772427,0.00000155978523253,0.00000186228362509,4.17374423023e-7,3.15246779792e-7,4.41462248091e-7,1.3006267352e-7,6.70841444617e-8,4.98577499286e-8,1.24759704789e-8,1.87022974885e-9,3.03878838759e-10,7.25726978512e-11,8.72134142682e-10,0.00000131942499593],"max":[0.184075221419,0.428045779467,0.0589343123138,0.0261697098613,0.0408251099288,0.122716620564,0.0889772176743,0.076504856348,0.0584444738925,0.0508369058371,0.033790525049,0.0167971570045,0.020934002474,0.0164695903659,0.0123298028484,0.00738915894181,0.00511517282575,0.00773528870195,0.00409466587007,0.00368699734099,0.00433111516759,0.00158918031957,0.000458859489299,0.000211990569369,0.0000719398158253,0.000549185380805,0.0215908754617],"mean":[0.0115844802931,0.0254053734243,0.00344295520335,0.0012464429019,0.00151798687875,0.00287417299114,0.00177279580384,0.00105053989682,0.00126100226771,0.00100036547519,0.000946874381043,0.0015655135503,0.00153589295223,0.00136167218443,0.00147632579319,0.000667911837809,0.000465795368655,0.000443934870418,0.00023385816894,0.00018542946782,0.000143767902046,0.0000690933666192,0.0000289784129563,0.0000114983786261,0.0000047493308557,0.0000232078873523,0.00251693604514],"median":[0.00482880044729,0.0166454873979,0.00177078461275,0.000692832109053,0.000839357206132,0.000653474533465,0.000383979233447,0.000356839038432,0.000457216927316,0.00055431900546,0.000567560200579,0.00109265418723,0.00109644548502,0.00110551144462,0.00114669033792,0.000546023307834,0.000389641267247,0.000343911786331,0.000178389323992,0.000135040594614,0.0000974270733423,0.0000482867326355,0.0000161183961609,0.00000512176029588,0.00000249923050433,0.0000110842202048,0.00239794421941],"min":[1.6378217948e-25,1.10857134036e-24,2.75698603335e-24,8.93885901838e-25,3.4443300064e-24,8.02179164998e-24,7.62736829712e-24,5.45530053688e-24,1.9633261717e-23,1.45758223888e-23,2.06237523142e-23,2.11818714046e-23,2.14391710106e-23,2.32360920231e-23,3.46257020603e-23,6.00792994428e-23,6.27132492074e-23,8.95496661143e-23,1.36504907558e-22,1.71491002301e-22,2.49572644026e-22,3.39586419099e-22,4.15455930763e-22,5.94017764725e-22,8.88340582016e-22,1.32278074708e-21,1.94661770645e-21],"var":[0.000308743939968,0.000786321528722,0.0000279501164187,0.00000313161808663,0.00000654447921988,0.0000706288410584,0.0000270365071628,0.00000689348689775,0.00000958869622991,0.00000245028468271,0.00000197512213163,0.00000238172424361,0.00000212382087739,0.00000115980913051,0.00000156355463332,2.67665342335e-7,1.38928086812e-7,1.77163641979e-7,6.0512839184e-8,4.81014410525e-8,4.05519138269e-8,7.89081955332e-9,1.71429614948e-9,3.34551969461e-10,3.67848633498e-11,1.38457867394e-9,0.00000172422880951]},"barkbands_crest":{"dmean":3.53078842163,"dmean2":5.94589185715,"dvar":8.12597084045,"dvar2":22.5890731812,"max":24.8242588043,"mean":11.4709806442,"median":11.2015113831,"min":2.72677779198,"var":19.233341217},"barkbands_flatness_db":{"dmean":0.0319277867675,"dmean2":0.0525314249098,"dvar":0.00081799889449,"dvar2":0.00223833927885,"max":0.404788374901,"mean":0.134282261133,"median":0.124694757164,"min":0.0263108536601,"var":0.00256044045091},"barkbands_kurtosis":{"dmean":6.07024478912,"dmean2":10.4366197586,"dvar":215.535934448,"dvar2":627.105529785,"max":396.58682251,"mean":8.36122989655,"median":2.54079675674,"min":-1.77853560448,"var":612.438232422},"barkbands_skewness":{"dmean":0.818549633026,"dmean2":1.34999573231,"dvar":0.752910196781,"dvar2":2.06111812592,"max":15.6806974411,"mean":2.15120697021,"median":1.73170304298,"min":-2.06769108772,"var":2.97116756439},"barkbands_spread":{"dmean":12.5484218597,"dmean2":20.5948162079,"dvar":123.478683472,"dvar2":331.109344482,"max":125.320335388,"mean":42.0084495544,"median":40.6568260193,"min":0.592760801315,"var":386.413208008},"dissonance":{"dmean":0.0106328660622,"dmean2":0.0182222723961,"dvar":0.000122702738736,"dvar2":0.0003473990364,"max":0.500000119209,"mean":0.483828008175,"median":0.488457262516,"min":0.385627508163,"var":0.000215714768274},"dynamic_complexity":1.87609612942,"erbbands":{"dmean":[1.13801443577,2.81657457352,4.00342750549,3.27459597588,3.35466456413,3.59282135963,7.36156511307,18.3559513092,14.4307165146,22.9491615295,14.4389743805,21.0514431,15.3589038849,21.9503822327,24.5369987488,34.5200080872,34.1172637939,29.0985355377,44.5687599182,21.0469779968,16.7623310089,13.2622900009,13.2469892502,8.46922206879,5.55407619476,4.52526140213,3.6532869339,2.46332287788,1.425314188,0.789334654808,0.430038750172,0.214059323072,0.0935981348157,0.0468299612403,0.026329651475,0.0222169142216,0.0266932621598,0.0241081882268,0.0147169660777,0.0134418206289],"dmean2":[1.97493612766,4.83292961121,6.98589134216,5.60153961182,5.71289491653,6.08561515808,11.8856449127,28.2511825562,23.1792030334,36.8154411316,23.7955131531,34.7430419922,25.3253765106,36.7971839905,41.3049430847,58.3720436096,57.6023139954,49.0341491699,75.9296722412,35.350933075,28.4840679169,22.7750244141,22.582660675,14.4561719894,9.3479385376,7.46514177322,5.91421318054,3.92505693436,2.28541493416,1.2646381855,0.650992393494,0.319402784109,0.145195901394,0.0755378380418,0.0431308113039,0.0341348201036,0.0378185361624,0.0355677306652,0.0224606525153,0.0218360051513],"dvar":[2.77548789978,12.0411167145,38.8860549927,23.4344120026,33.4849128723,43.232093811,333.242156982,3412.19775391,1487.62731934,8027.36230469,1539.1796875,4349.42578125,851.039672852,2997.42163086,1528.87719727,2121.03198242,1955.20605469,1202.55175781,2614.74584961,637.114013672,420.285827637,366.509796143,468.609954834,221.359664917,88.7980422974,56.3306236267,49.2206192017,25.1851081848,7.68134069443,2.15793299675,0.596683144569,0.142718568444,0.0198502540588,0.00421669753268,0.00139114272315,0.000996269285679,0.00246444903314,0.00164408271667,0.000360083329724,0.000158381240908],"dvar2":[7.71431064606,32.4700660706,105.950263977,62.6217384338,82.7633209229,113.445556641,767.911865234,7435.61523438,3623.70288086,18957.3710938,3833.39306641,11869.0576172,2128.21240234,8327.09667969,4066.68066406,5760.23095703,5376.60449219,3320.79248047,7185.60888672,1691.55541992,1153.66918945,1016.35266113,1298.74572754,611.568847656,233.312271118,142.693161011,117.805961609,60.3721504211,18.5353088379,5.35266542435,1.28919041157,0.288120269775,0.0415033213794,0.0102577181533,0.00346430391073,0.00210794364102,0.00433978391811,0.00347596453503,0.000820052344352,0.000411938177422],"max":[27.3205966949,37.4504585266,75.4122314453,71.0162658691,162.418304443,159.698913574,761.584777832,1479.42407227,965.481079102,2477.34204102,1974.7779541,1461.67980957,763.40838623,3103.03808594,1224.30444336,825.44354248,965.495361328,710.952453613,720.071472168,562.576171875,251.624908447,293.071166992,404.229095459,208.329559326,150.282623291,163.046035767,180.150024414,129.530410767,55.8918762207,30.0508899689,11.0411472321,6.43824577332,2.61299061775,0.814524531364,0.513003468513,0.506343066692,1.18599677086,0.727704823017,0.357530802488,0.314336746931],"mean":[1.29846954346,3.53503370285,4.52327442169,4.13074159622,4.44504737854,4.75777626038,10.4326992035,29.0736064911,21.7097663879,33.1415863037,22.9491004944,31.4660434723,25.2896213531,36.5018157959,45.606502533,66.5258560181,70.8384552002,64.9026260376,93.1614151001,48.7661590576,35.3770751953,27.5121097565,25.9888343811,15.6081762314,10.2790765762,8.93103885651,7.05142974854,4.66681909561,2.67953181267,1.43756318092,0.755833208561,0.348883062601,0.138462379575,0.0604024790227,0.0312985256314,0.0333758257329,0.0493532717228,0.0558296367526,0.0531606115401,0.0647806897759],"median":[0.765636503696,2.33936429024,2.66053581238,2.47132754326,2.54555630684,2.67257261276,3.77172684669,5.60166501999,5.75710964203,6.13900518417,8.97376918793,10.6395721436,14.0380373001,21.956867218,30.3270492554,46.7488327026,52.0106544495,52.3686904907,75.3870162964,39.4231796265,29.1842517853,23.4961109161,20.9100914001,11.8165006638,7.66969490051,6.50332307816,4.73107910156,3.18947601318,1.87697303295,0.94866001606,0.401300162077,0.15974381566,0.0640144124627,0.0309647228569,0.0166542455554,0.0165314730257,0.0228129737079,0.0374516285956,0.0454289168119,0.0646120756865],"min":[4.82810389464e-23,4.13150917063e-22,4.86365923141e-21,5.49861122832e-21,1.69928117134e-20,1.65356457909e-20,5.2759773436e-20,7.69951604886e-20,1.21350290994e-19,1.45641936021e-19,2.3023437562e-19,3.9978990928e-19,6.18540329661e-19,7.42376453492e-19,1.2106714707e-18,1.13561765141e-18,1.38910994186e-18,1.46606565617e-18,2.63926801648e-18,2.73000249184e-18,3.98354094343e-18,4.60925385958e-18,4.61844797208e-18,6.06072339685e-18,7.67126307465e-18,8.37687460694e-18,1.04920837939e-17,9.65872166062e-18,1.16439402415e-17,1.03803300388e-17,1.16869122743e-17,1.07754750446e-17,8.71161888441e-18,8.69167473266e-18,6.26739530008e-18,4.15316094548e-18,2.34632303652e-18,1.0051800576e-18,2.51616658412e-19,2.81705340269e-20],"var":[2.68706583977,13.8519029617,34.9201278687,27.3472709656,52.8916358948,64.4032516479,659.305786133,9391.62597656,2784.47607422,14677.8330078,2916.84985352,6593.68212891,1477.17956543,3552.8840332,2940.02954102,4224.24365234,4294.48291016,2724.3125,5434.04345703,1566.9152832,707.38885498,449.829101562,533.072692871,254.652999878,126.890556335,105.576721191,100.632202148,42.2600479126,12.1333675385,3.24011111259,1.26200354099,0.321388363838,0.0410186126828,0.00593625241891,0.00164079316892,0.00210131239146,0.00681656552479,0.00407963711768,0.00138158362824,0.000791422266047]},"erbbands_crest":{"dmean":2.35131883621,"dmean2":3.95148944855,"dvar":4.87883043289,"dvar2":13.0517396927,"max":26.6225070953,"mean":7.95001411438,"median":7.16800165176,"min":2.45176506042,"var":10.5228223801},"erbbands_flatness_db":{"dmean":0.0186695512384,"dmean2":0.0295132212341,"dvar":0.00026746004005,"dvar2":0.000673496630043,"max":0.26178714633,"mean":0.139518797398,"median":0.138444259763,"min":0.0336979366839,"var":0.000953175767791},"erbbands_kurtosis":{"dmean":0.948167979717,"dmean2":1.5665692091,"dvar":0.904773950577,"dvar2":2.38336968422,"max":18.6259632111,"mean":1.35272347927,"median":1.08095932007,"min":-1.38098633289,"var":2.62291431427},"erbbands_skewness":{"dmean":0.325491696596,"dmean2":0.522495925426,"dvar":0.0738697722554,"dvar2":0.18823993206,"max":3.08366322517,"mean":-0.391086965799,"median":-0.492086917162,"min":-3.62532782555,"var":0.434025794268},"erbbands_spread":{"dmean":5.375831604,"dmean2":8.78305435181,"dvar":23.8955764771,"dvar2":63.8408508301,"max":84.8836517334,"mean":24.7601928711,"median":23.4219665527,"min":5.10692358017,"var":81.4874725342},"gfcc":{"cov":[[15622.0517578,401.379241943,-1716.13549805,73.0576858521,-87.3692169189,-455.773803711,198.653656006,-376.895202637,137.968399048,86.530456543,45.7767524719,88.5621490479,-55.1309165955],[401.379241943,565.794921875,-43.2356491089,-164.143081665,136.245773315,-53.3161888123,2.4225127697,5.35167980194,58.64427948,-34.0806121826,50.5612411499,-32.4598312378,39.4146499634],[-1716.13549805,-43.2356491089,459.913848877,38.4693946838,-40.1227607727,163.476806641,-120.100662231,102.19556427,-49.8707923889,-3.27399992943,-14.6910438538,-2.26099419594,4.84906387329],[73.0576858521,-164.143081665,38.4693946838,218.328964233,10.3931770325,9.00362586975,54.5825424194,-20.5544338226,-35.1266517639,2.0329349041,-28.2951908112,10.149356842,-14.5035877228],[-87.3692169189,136.245773315,-40.1227607727,10.3931770325,263.398925781,60.6363792419,54.0946121216,-3.68386483192,6.74133443832,-61.4375495911,11.3638830185,-17.7243518829,32.3652801514],[-455.773803711,-53.3161888123,163.476806641,9.00362586975,60.6363792419,191.183303833,-29.0816116333,60.2830543518,-40.0955848694,-29.4140739441,-14.7790603638,0.84934926033,9.14399719238],[198.653656006,2.4225127697,-120.100662231,54.5825424194,54.0946121216,-29.0816116333,149.002593994,-27.9655151367,26.527048111,0.964374125004,-5.40075492859,0.79918473959,-5.18066883087],[-376.895202637,5.35167980194,102.19556427,-20.5544338226,-3.68386483192,60.2830543518,-27.9655151367,99.2990722656,9.39007949829,10.9730882645,4.23261880875,-15.1657094955,4.94535779953],[137.968399048,58.64427948,-49.8707923889,-35.1266517639,6.74133443832,-40.0955848694,26.527048111,9.39007949829,83.6138381958,35.79322052,20.8651428223,2.05850076675,-5.27497291565],[86.530456543,-34.0806121826,-3.27399992943,2.0329349041,-61.4375495911,-29.4140739441,0.964374125004,10.9730882645,35.79322052,73.3437042236,26.7602825165,10.3369941711,-1.91843724251],[45.7767524719,50.5612411499,-14.6910438538,-28.2951908112,11.3638830185,-14.7790603638,-5.40075492859,4.23261880875,20.8651428223,26.7602825165,50.8836860657,22.2482719421,14.9489965439],[88.5621490479,-32.4598312378,-2.26099419594,10.149356842,-17.7243518829,0.84934926033,0.79918473959,-15.1657094955,2.05850076675,10.3369941711,22.2482719421,51.76927948,18.1115970612],[-55.1309165955,39.4146499634,4.84906387329,-14.5035877228,32.3652801514,9.14399719238,-5.18066883087,4.94535779953,-5.27497291565,-1.91843724251,14.9489965439,18.1115970612,55.0528793335]],"icov":[[0.000201234070119,-0.000592274358496,0.00132800056599,-0.000826230680104,0.000393967144191,-0.00081102544209,0.000844861613587,-0.0000727432779968,-0.0000386817046092,-0.000521196750924,0.000579762156121,-0.000633508258034,0.000309167109663],[-0.000592274358496,0.00565824145451,-0.00517729669809,0.00452081672847,-0.00190564070363,0.00409778160974,-0.00346904923208,0.00115104496945,-0.00209814286791,0.0053856773302,-0.00661126896739,0.0060917744413,-0.00320946797729],[0.00132800056599,-0.00517729669809,0.0141318365932,-0.00826607458293,0.00413652928546,-0.00924922898412,0.00915097165853,-0.00315467780456,-0.000167356178281,-0.00390502717346,0.00464159389958,-0.00468267826363,0.0019910808187],[-0.000826230680104,0.00452081672847,-0.00826607458293,0.0135555611923,-0.00635175360367,0.0074904919602,-0.00767102278769,0.0000784985750215,0.00637233490124,-0.0041214087978,0.00439212378114,-0.00303899706341,0.00227043917403],[0.000393967144191,-0.00190564070363,0.00413652928546,-0.00635175360367,0.0133724585176,-0.0086633618921,-0.0000669063447276,0.00374121149071,-0.00833155214787,0.0131263239309,-0.0127861276269,0.0112427584827,-0.00761152990162],[-0.00081102544209,0.00409778160974,-0.00924922898412,0.0074904919602,-0.0086633618921,0.0175911840051,-0.00475632678717,-0.00635145325214,0.00710256537423,-0.00125861493871,0.00480942102149,-0.0059769176878,0.00263343797997],[0.000844861613587,-0.00346904923208,0.00915097165853,-0.00767102278769,-0.0000669063447276,-0.00475632678717,0.0158113148063,-0.000591057003476,-0.00360677484423,-0.00391430454329,0.00635018572211,-0.00465168757364,0.00219711312093],[-0.0000727432779968,0.00115104496945,-0.00315467780456,0.0000784985750215,0.00374121149071,-0.00635145325214,-0.000591057003476,0.0200079269707,-0.00774924457073,0.00300717982464,-0.00888286344707,0.0136861130595,-0.00632399739698],[-0.0000386817046092,-0.00209814286791,-0.000167356178281,0.00637233490124,-0.00833155214787,0.00710256537423,-0.00360677484423,-0.00774924457073,0.0289759375155,-0.0201024021953,0.0112050250173,-0.0133743993938,0.0106652490795],[-0.000521196750924,0.0053856773302,-0.00390502717346,-0.0041214087978,0.0131263239309,-0.00125861493871,-0.00391430454329,0.00300717982464,-0.0201024021953,0.0457275249064,-0.0337229445577,0.0204286016524,-0.0111622037366],[0.000579762156121,-0.00661126896739,0.00464159389958,0.00439212378114,-0.0127861276269,0.00480942102149,0.00635018572211,-0.00888286344707,0.0112050250173,-0.0337229445577,0.061429399997,-0.0363340936601,0.00934711564332],[-0.000633508258034,0.0060917744413,-0.00468267826363,-0.00303899706341,0.0112427584827,-0.0059769176878,-0.00465168757364,0.0136861130595,-0.0133743993938,0.0204286016524,-0.0363340936601,0.0518549121916,-0.0204309038818],[0.000309167109663,-0.00320946797729,0.0019910808187,0.00227043917403,-0.00761152990162,0.00263343797997,0.00219711312093,-0.00632399739698,0.0106652490795,-0.0111622037366,0.00934711564332,-0.0204309038818,0.0308230314404]],"mean":[26.7146873474,87.5482406616,-100.901054382,-1.43207848072,7.65845108032,-6.13787698746,6.79501628876,-15.9332904816,6.73666715622,-3.4799785614,1.37737119198,-1.26270401478,-3.22537684441]},"hfc":{"dmean":63.8345603943,"dmean2":103.531692505,"dvar":5193.28613281,"dvar2":13058.9570312,"max":2058.6550293,"mean":271.762145996,"median":255.773925781,"min":1.08882670768e-16,"var":15421.9873047},"melbands":{"dmean":[0.00777148781344,0.00239913584664,0.000555627804715,0.000240844150539,0.000234401333728,0.000389230408473,0.000225492476602,0.000231244383031,0.000122111916426,0.000127265549963,0.0000790029444033,0.0000921822502278,0.0000838077903609,0.000096219322586,0.0000890581068234,0.0000765270669945,0.0000570537886233,0.0000791613565525,0.000045255801524,0.0000243684189627,0.0000201365182875,0.0000147773444041,0.0000146807242345,0.0000109542324935,0.00000711138136467,0.0000046804784688,0.00000373588682123,0.00000308330936605,0.0000025193876354,0.00000187174089206,0.00000140767224366,9.10650271635e-7,6.05176694535e-7,3.97910753236e-7,2.70372197519e-7,1.85521003004e-7,1.15070314166e-7,7.08712946107e-8,4.81867488134e-8,3.7070659431e-8],"dmean2":[0.0133596705273,0.00414203386754,0.000944886298385,0.000407668965636,0.000378215889214,0.000600034138188,0.000360260717571,0.000371178670321,0.000202560288017,0.000209583871765,0.000130914500915,0.000154755500262,0.000140968782944,0.000163275530213,0.000150003281306,0.000129319363623,0.0000962379635894,0.000135196256451,0.000076239273767,0.0000414314308728,0.0000344012805726,0.000025461671612,0.0000252334848483,0.0000186815705092,0.0000121950170069,0.00000791672209743,0.00000627116696705,0.00000509477240485,0.00000413084990214,0.00000304111517835,0.00000226484007726,0.00000147509069848,9.92114564724e-7,6.4238156483e-7,4.18976725314e-7,2.7995002938e-7,1.75416900561e-7,1.10375339091e-7,7.69980914583e-8,6.05396834885e-8],"dvar":[0.000123106336105,0.00000881591040525,6.30748672847e-7,1.84002928449e-7,2.99983753393e-7,0.00000138003088068,3.4537765714e-7,7.13038048161e-7,1.16670555883e-7,1.46034992099e-7,2.23236629182e-8,5.08291755352e-8,2.28476455533e-8,1.65409712594e-8,1.37760061136e-8,1.02108721478e-8,4.54691351237e-9,8.13519029919e-9,2.79225531585e-9,8.93070117858e-10,6.29972463084e-10,4.33351493578e-10,4.94546126273e-10,3.40538347521e-10,1.54624008042e-10,6.14784959052e-11,3.8639549893e-11,2.76881156891e-11,2.47035291528e-11,1.45071255356e-11,8.40327200186e-12,3.2100897461e-12,1.34846907945e-12,5.45148019608e-13,2.41630825591e-13,1.18345193671e-13,4.17105891113e-14,1.22019526034e-14,4.78426527927e-15,2.68552685312e-15],"dvar2":[0.000336690049153,0.0000236950545514,0.00000166270160662,4.76037968156e-7,6.96003382927e-7,0.00000303208753394,8.25101551527e-7,0.00000170508064912,3.01178602058e-7,3.93220062733e-7,5.60668418359e-8,1.40738293908e-7,6.05481247362e-8,4.5416747696e-8,3.82266200916e-8,2.82427077281e-8,1.25061703216e-8,2.26030074657e-8,7.37147543006e-9,2.47022802213e-9,1.72463576753e-9,1.20346710375e-9,1.38152522755e-9,9.42864453179e-10,4.30019020392e-10,1.65411392916e-10,1.01795620544e-10,7.06845346143e-11,5.93578866614e-11,3.57872169399e-11,2.03464294024e-11,7.82345369044e-12,3.38862922097e-12,1.35675791348e-12,5.42384984582e-13,2.46478347714e-13,8.6584161878e-14,2.54981565782e-14,1.1501120084e-14,6.63757760303e-15],"max":[0.177393451333,0.0331758484244,0.0122073795646,0.0103745367378,0.0198624748737,0.028886180371,0.0128482505679,0.0234099645168,0.0135907093063,0.00944136455655,0.00388921285048,0.0124498102814,0.00534632569179,0.00205082236789,0.00174036703538,0.00260101445019,0.00134718534537,0.00138345954474,0.00125072943047,0.000640062324237,0.000300637213513,0.000290609372314,0.000369128247257,0.000337204313837,0.000175379100256,0.000192692910787,0.000121086020954,0.000110321496322,0.000151643296704,0.000142447766848,0.0000663105238345,0.0000327013658534,0.0000294110341201,0.000013622010556,0.00000736502397558,0.00000708342759026,0.00000393109939978,0.00000231267131312,0.00000104694834135,6.66062021537e-7],"mean":[0.00968262180686,0.0030966848135,0.000741072231904,0.000326134555507,0.000337846082402,0.000619383063167,0.00034066857188,0.000333134783432,0.000187530429685,0.000188948688447,0.000123838122818,0.000146880978718,0.000142084885738,0.000170769053511,0.000170217797859,0.000147607686813,0.00011445653945,0.000155819550855,0.0000934354320634,0.000048220888857,0.0000386928695661,0.0000275735892501,0.0000272366105492,0.0000195169377548,0.0000120021677503,0.00000803593684395,0.0000065222466219,0.00000572529370402,0.00000460925048174,0.00000339073994837,0.00000246889726441,0.00000161675143318,0.00000104481580365,6.86486430368e-7,4.55719145975e-7,3.02715307043e-7,1.7701567856e-7,1.02951659642e-7,6.44285975682e-8,4.55467699112e-8],"median":[0.00600366992876,0.00211651669815,0.000462839467218,0.000190872524399,0.000129951993586,0.000127765000798,0.0000861267544678,0.0000670396693749,0.0000748429010855,0.0000646214684821,0.0000682191821397,0.0000852130106068,0.0000890239098226,0.000118916352221,0.000117029543617,0.000106089835754,0.0000903927793843,0.000125150661916,0.0000732780390535,0.0000387296458939,0.0000311818912451,0.0000226579795708,0.0000220409256144,0.0000146373386087,0.00000882078984432,0.0000059220451476,0.00000467584186481,0.0000039887308958,0.00000296703001368,0.00000224652694669,0.00000162848175478,0.00000109246013835,6.93424794918e-7,4.31384677313e-7,2.40902721771e-7,1.41424621347e-7,7.68772849824e-8,4.61478890657e-8,3.20422266498e-8,2.34317791836e-8],"min":[8.89261401996e-25,2.06455528797e-24,8.65731850561e-25,9.59991952657e-25,1.97257312035e-24,1.75430142154e-24,1.62691448624e-24,2.08529621611e-24,2.00367435596e-24,2.44118667198e-24,3.05693954573e-24,2.33183556216e-24,3.10727242135e-24,1.9422305717e-24,2.24142303052e-24,3.00203541837e-24,1.99268177647e-24,3.85335872449e-24,3.25383764995e-24,3.846785541e-24,4.49273837679e-24,3.04021332795e-24,4.17996054989e-24,4.67071722992e-24,3.87224011026e-24,4.75402291366e-24,5.00836350242e-24,4.60261841784e-24,4.90494580989e-24,5.77541832007e-24,4.32735644902e-24,5.58028923642e-24,5.37282315709e-24,5.25970681416e-24,5.69699962963e-24,5.96427162078e-24,6.20440324691e-24,5.11294239819e-24,5.94113117498e-24,6.80462344943e-24],"var":[0.000128108687932,0.00000961816840572,7.80600998951e-7,2.77694226725e-7,6.11707434928e-7,0.00000379079642698,6.68411018978e-7,0.0000013151575331,1.96121305862e-7,2.29094681004e-7,3.7151288268e-8,6.05579941748e-8,3.87135052904e-8,3.03248519629e-8,2.87206276539e-8,2.02931556004e-8,9.28750587548e-9,1.57311017546e-8,6.48478160059e-9,1.60390967174e-9,9.58696566578e-10,5.15945952628e-10,5.49254086657e-10,3.81512182956e-10,1.69993435994e-10,8.08021566323e-11,5.62896604328e-11,4.92494933724e-11,5.02150404591e-11,2.35792704806e-11,1.28356110463e-11,4.84434757933e-12,1.85524143791e-12,8.11668657633e-13,4.71946483629e-13,2.53387886845e-13,8.74803227362e-14,2.48210096411e-14,7.35770765061e-15,3.4561940627e-15]},"melbands_crest":{"dmean":5.78230571747,"dmean2":9.72112178802,"dvar":21.7690429688,"dvar2":60.5231704712,"max":38.2586593628,"mean":21.1522083282,"median":21.1875610352,"min":1.5991435051,"var":52.9893341064},"melbands_flatness_db":{"dmean":0.041706610471,"dmean2":0.0689838826656,"dvar":0.00126684491988,"dvar2":0.00349144032225,"max":0.577262580395,"mean":0.242333337665,"median":0.233290687203,"min":0.00379488384351,"var":0.00472497520968},"melbands_kurtosis":{"dmean":10.2842702866,"dmean2":17.799577713,"dvar":323.165252686,"dvar2":928.926086426,"max":400.044464111,"mean":14.3906173706,"median":6.06262493134,"min":-1.68293678761,"var":699.918151855},"melbands_skewness":{"dmean":1.12858235836,"dmean2":1.88204574585,"dvar":1.31709933281,"dvar2":3.66533684731,"max":17.9743709564,"mean":2.92451715469,"median":2.48306822777,"min":-1.08040881157,"var":3.52312874794},"melbands_spread":{"dmean":8.57510185242,"dmean2":14.1428804398,"dvar":60.8405227661,"dvar2":164.869537354,"max":168.995010376,"mean":22.7917442322,"median":20.6199378967,"min":0.409911990166,"var":245.023513794},"mfcc":{"cov":[[7502.73583984,442.884124756,-987.015930176,340.055419922,-472.765533447,108.669021606,-200.487411499,-105.213218689,-123.333641052,45.1456298828,-12.5990161896,48.7315254211,28.4365901947],[442.884124756,870.68951416,-192.783660889,-78.7345046997,119.209571838,-25.964553833,-9.68410205841,12.1751909256,29.5195789337,-23.517080307,66.456451416,14.7120027542,2.77490568161],[-987.015930176,-192.783660889,506.886230469,-83.0175323486,83.523223877,-39.5490074158,9.7651758194,0.653581857681,-1.41444003582,1.49901735783,-9.20856571198,2.16624188423,-2.82514309883],[340.055419922,-78.7345046997,-83.0175323486,228.726959229,-70.9069976807,47.2206611633,13.7576055527,-6.72463464737,0.0266535338014,15.2758312225,-12.1913728714,-3.4208586216,7.35083675385],[-472.765533447,119.209571838,83.523223877,-70.9069976807,241.038497925,24.8447132111,63.9095687866,54.4930953979,27.4547519684,-20.4343776703,2.24283480644,-10.4221487045,-15.6168746948],[108.669021606,-25.964553833,-39.5490074158,47.2206611633,24.8447132111,117.542449951,52.0356483459,40.0138244629,11.0133342743,-1.68538093567,-19.8379497528,-4.07790899277,0.0610461607575],[-200.487411499,-9.68410205841,9.7651758194,13.7576055527,63.9095687866,52.0356483459,108.184768677,49.7040100098,28.6797065735,-6.91815471649,-13.3524580002,-12.2053575516,-3.14633917809],[-105.213218689,12.1751909256,0.653581857681,-6.72463464737,54.4930953979,40.0138244629,49.7040100098,78.7632827759,25.984752655,2.2598721981,-6.86806154251,-8.1688117981,-8.43894958496],[-123.333641052,29.5195789337,-1.41444003582,0.0266535338014,27.4547519684,11.0133342743,28.6797065735,25.984752655,57.9639434814,18.30286026,11.4893131256,-1.61285769939,-2.53452968597],[45.1456298828,-23.517080307,1.49901735783,15.2758312225,-20.4343776703,-1.68538093567,-6.91815471649,2.2598721981,18.30286026,53.3298110962,24.3392219543,11.6246538162,4.51887464523],[-12.5990161896,66.456451416,-9.20856571198,-12.1913728714,2.24283480644,-19.8379497528,-13.3524580002,-6.86806154251,11.4893131256,24.3392219543,54.7749404907,23.5538845062,8.87491035461],[48.7315254211,14.7120027542,2.16624188423,-3.4208586216,-10.4221487045,-4.07790899277,-12.2053575516,-8.1688117981,-1.61285769939,11.6246538162,23.5538845062,40.4451065063,18.6580162048],[28.4365901947,2.77490568161,-2.82514309883,7.35083675385,-15.6168746948,0.0610461607575,-3.14633917809,-8.43894958496,-2.53452968597,4.51887464523,8.87491035461,18.6580162048,36.7021522522]],"icov":[[0.000224616582273,-0.000143935336382,0.000312208372634,-0.000126096318127,0.000237297019339,-0.000228477991186,0.000249896489549,7.0497122806e-7,0.000401309167501,-0.000381659076083,0.000417017610744,-0.000315209064865,0.000143179582665],[-0.000143935336382,0.00184651068412,0.000635587668512,0.000373619172024,-0.00115406780969,0.000384329032386,0.000442077522166,-0.0000557183520868,-0.00105373002589,0.00190183380619,-0.00254728202708,0.00046407620539,-0.000447494821856],[0.000312208372634,0.000635587668512,0.00318702426739,0.000529207580257,-0.00109469925519,0.000856415193994,0.000119570737297,0.000401985977078,0.000608245201875,-0.00115502509288,0.00129266851582,-0.00119072257075,-0.0000382112775696],[-0.000126096318127,0.000373619172024,0.000529207580257,0.00600015418604,0.00126852712128,-0.00212821085006,-0.00130696094129,0.00150500028394,-0.000271018157946,-0.00153005530592,0.000387898704503,0.0010843622731,-0.000789616897237],[0.000237297019339,-0.00115406780969,-0.00109469925519,0.00126852712128,0.0076059368439,-0.00127322645858,-0.00239301938564,-0.00231011933647,-0.000396509363782,0.00217513390817,-0.00137710990384,0.000173160340637,0.00201700231992],[-0.000228477991186,0.000384329032386,0.000856415193994,-0.00212821085006,-0.00127322645858,0.0141881313175,-0.0043329121545,-0.00432755704969,0.000633372343145,-0.00100604421459,0.00454144086689,-0.00323294987902,-0.000578752660658],[0.000249896489549,0.000442077522166,0.000119570737297,-0.00130696094129,-0.00239301938564,-0.0043329121545,0.0178089290857,-0.00561818527058,-0.00515106553212,0.00307691050693,0.000495754182339,0.00256135733798,-0.00288873561658],[7.0497122806e-7,-0.0000557183520868,0.000401985977078,0.00150500028394,-0.00231011933647,-0.00432755704969,-0.00561818527058,0.0222994405776,-0.00469855545089,-0.00278814765625,0.00223346007988,-0.000149102386786,0.002957661869],[0.000401309167501,-0.00105373002589,0.000608245201875,-0.000271018157946,-0.000396509363782,0.000633372343145,-0.00515106553212,-0.00469855545089,0.0271756444126,-0.0100928135216,-0.0025768307969,0.0024843593128,0.000657604949083],[-0.000381659076083,0.00190183380619,-0.00115502509288,-0.00153005530592,0.00217513390817,-0.00100604421459,0.00307691050693,-0.00278814765625,-0.0100928135216,0.0320748463273,-0.0149453384802,-0.000445017125458,0.000113367874292],[0.000417017610744,-0.00254728202708,0.00129266851582,0.000387898704503,-0.00137710990384,0.00454144086689,0.000495754182339,0.00223346007988,-0.0025768307969,-0.0149453384802,0.0384234376252,-0.0176430847496,0.00119394704234],[-0.000315209064865,0.00046407620539,-0.00119072257075,0.0010843622731,0.000173160340637,-0.00323294987902,0.00256135733798,-0.000149102386786,0.0024843593128,-0.000445017125458,-0.0176430847496,0.0442936904728,-0.0178600139916],[0.000143179582665,-0.000447494821856,-0.0000382112775696,-0.000789616897237,0.00201700231992,-0.000578752660658,-0.00288873561658,0.002957661869,0.000657604949083,0.000113367874292,0.00119394704234,-0.0178600139916,0.0374381989241]],"mean":[-631.89440918,153.572662354,-35.7712936401,27.3149681091,10.9645547867,27.3921699524,6.39444208145,10.166885376,4.94625329971,6.70869827271,7.05412340164,7.07702445984,2.73902487755]},"pitch_salience":{"dmean":0.104920677841,"dmean2":0.175180450082,"dvar":0.00766808493063,"dvar2":0.0210354756564,"max":0.943896889687,"mean":0.489800065756,"median":0.504854679108,"min":0.0741336122155,"var":0.0182277336717},"silence_rate_20dB":{"dmean":0.000171291540028,"dmean2":0.000342612416716,"dvar":0.000171259074705,"dvar2":0.000513788778335,"max":1,"mean":0.999914348125,"median":1,"min":0,"var":0.0000856303231558},"silence_rate_30dB":{"dmean":0.147139430046,"dmean2":0.294304072857,"dvar":0.12548160553,"dvar2":0.257738739252,"max":1,"mean":0.832833766937,"median":1,"min":0,"var":0.139226347208},"silence_rate_60dB":{"dmean":0.000856457685586,"dmean2":0.00171306205448,"dvar":0.000855711870827,"dvar2":0.0027379381936,"max":1,"mean":0.025862807408,"median":0,"min":0,"var":0.0251936763525},"spectral_centroid":{"dmean":215.345108032,"dmean2":341.207885742,"dvar":47079.53125,"dvar2":108872.546875,"max":12102.7099609,"mean":1497.0345459,"median":1431.79589844,"min":114.847442627,"var":743905.4375},"spectral_complexity":{"dmean":3.8203151226,"dmean2":6.10209846497,"dvar":11.012134552,"dvar2":25.4188728333,"max":63,"mean":30.0646572113,"median":31,"min":0,"var":80.3337097168},"spectral_contrast_coeffs":{"dmean":[0.0519855059683,0.048089440912,0.0359226576984,0.0267588216811,0.0231526978314,0.0351851247251],"dmean2":[0.0875761210918,0.0810944214463,0.0612072013319,0.0458184294403,0.0387060716748,0.0554789230227],"dvar":[0.00168891798239,0.0014896284556,0.000792670703959,0.000415509886807,0.00045885486179,0.00101858668495],"dvar2":[0.00470531499013,0.0040172287263,0.00228315405548,0.00122172816191,0.00124273018446,0.0025142908562],"max":[-0.426189482212,-0.435483008623,-0.60825574398,-0.670802891254,-0.614631056786,-0.53230202198],"mean":[-0.745443165302,-0.785309016705,-0.813224315643,-0.809014260769,-0.801437199116,-0.731177687645],"median":[-0.75090867281,-0.80042809248,-0.817002415657,-0.808275043964,-0.802107512951,-0.720338761806],"min":[-0.976689040661,-0.979094862938,-0.976848125458,-0.971464335918,-0.968581974506,-0.965324580669],"var":[0.00383081939071,0.00556715484709,0.00210811942816,0.00116422609426,0.00167321227491,0.00495964521542]},"spectral_contrast_valleys":{"dmean":[0.390807747841,0.37211471796,0.287263572216,0.228168606758,0.292462080717,0.484413057566],"dmean2":[0.653888642788,0.62511485815,0.480800032616,0.379604578018,0.467029750347,0.763560056686],"dvar":[0.105234771967,0.102888420224,0.0656631365418,0.0491637550294,0.124802798033,0.187541842461],"dvar2":[0.271864533424,0.267955690622,0.160192087293,0.117536142468,0.30059581995,0.479794323444],"max":[-4.95067119598,-4.74147987366,-4.99825000763,-5.41495847702,-5.52265167236,-8.90981674194],"mean":[-6.5978474617,-6.54461288452,-6.63102865219,-6.65532064438,-7.31111288071,-10.8298625946],"median":[-6.38688182831,-6.35871076584,-6.38910961151,-6.37523269653,-6.94401597977,-10.6829061508],"min":[-28.3466758728,-27.8209152222,-27.8388614655,-27.5830497742,-27.4617671967,-27.3600502014],"var":[3.11273694038,3.2462515831,3.19797229767,3.3338561058,3.27302312851,2.19465661049]},"spectral_decrease":{"dmean":8.13089240381e-9,"dmean2":1.35248257038e-8,"dvar":1.01952306751e-16,"dvar2":2.7022087435e-16,"max":1.76845542654e-8,"mean":-1.25505899007e-8,"median":-9.44276745685e-9,"min":-1.51608034571e-7,"var":1.31022629702e-16},"spectral_energy":{"dmean":0.0308495387435,"dmean2":0.0513445921242,"dvar":0.0014146566391,"dvar2":0.0037654384505,"max":0.591453969479,"mean":0.0720185041428,"median":0.0619844347239,"min":1.00627353544e-20,"var":0.00201525725424},"spectral_energyband_high":{"dmean":0.000360408710549,"dmean2":0.000564244634006,"dvar":1.82226031598e-7,"dvar2":4.31419096003e-7,"max":0.00756656425074,"mean":0.00133999518584,"median":0.0012420056155,"min":7.08605321875e-21,"var":5.98081214775e-7},"spectral_energyband_low":{"dmean":0.0274701621383,"dmean2":0.0467091239989,"dvar":0.00131934403908,"dvar2":0.00356356310658,"max":0.570202291012,"mean":0.0382129363716,"median":0.0261405222118,"min":1.20384820527e-23,"var":0.00149290461559},"spectral_energyband_middle_high":{"dmean":0.0026354319416,"dmean2":0.00430256919935,"dvar":0.00000966382322076,"dvar2":0.0000255958202615,"max":0.092477299273,"mean":0.00969071034342,"median":0.00857513956726,"min":1.27753017094e-21,"var":0.000036068217014},"spectral_energyband_middle_low":{"dmean":0.0045749428682,"dmean2":0.00726619223133,"dvar":0.0000564965303056,"dvar2":0.000134181071189,"max":0.13093188405,"mean":0.00995203759521,"median":0.00483831530437,"min":1.55194234093e-22,"var":0.000174053071532},"spectral_entropy":{"dmean":0.121385134757,"dmean2":0.193572342396,"dvar":0.0175727326423,"dvar2":0.0478040724993,"max":9.82220077515,"mean":7.73295974731,"median":7.76113462448,"min":5.75516700745,"var":0.085399672389},"spectral_flux":{"dmean":0.0391193628311,"dmean2":0.0637231767178,"dvar":0.00178000470623,"dvar2":0.00422475067899,"max":0.596326172352,"mean":0.155673891306,"median":0.147568672895,"min":6.40089301007e-11,"var":0.00382740260102},"spectral_kurtosis":{"dmean":4.76452350616,"dmean2":7.45806026459,"dvar":34.0437278748,"dvar2":87.1998825073,"max":80.779335022,"mean":21.5808486938,"median":20.2039108276,"min":-1.25706970692,"var":82.4174041748},"spectral_rms":{"dmean":0.0016575679183,"dmean2":0.00271635572426,"dvar":0.0000027628668704,"dvar2":0.00000727506130715,"max":0.0240214131773,"mean":0.00797006953508,"median":0.00777641450986,"min":3.13325754231e-12,"var":0.00000674042939863},"spectral_rolloff":{"dmean":5944.66113281,"dmean2":11407.8671875,"dvar":67952656,"dvar2":153060880,"max":22050,"mean":14403.265625,"median":20391.9433594,"min":43.06640625,"var":84000832},"spectral_skewness":{"dmean":0.385704755783,"dmean2":0.605073273182,"dvar":0.197925850749,"dvar2":0.49805983901,"max":7.00984525681,"mean":3.14671373367,"median":3.03134465218,"min":-0.0894074365497,"var":0.625633060932},"spectral_spread":{"dmean":413953.59375,"dmean2":651872.9375,"dvar":367524610048,"dvar2":869350965248,"max":42215152,"mean":4117225,"median":3735579,"min":1951032,"var":8184715018240},"spectral_strongpeak":{"dmean":3.51682877541,"dmean2":6.6919927597,"dvar":210.05607605,"dvar2":603.504516602,"max":194.444900513,"mean":2.7059032917,"median":0.238361701369,"min":0,"var":164.275314331},"zerocrossingrate":{"dmean":0.0468825697899,"dmean2":0.0627897903323,"dvar":0.00152705854271,"dvar2":0.00295749539509,"max":0.93896484375,"mean":0.28178113699,"median":0.27587890625,"min":0.04248046875,"var":0.00844509061426}},"metadata":{"audio_properties":{"analysis_sample_rate":44100,"bit_rate":320000,"codec":"mp3","downmix":"mix","equal_loudness":0,"length":271.099853516,"lossless":false,"md5_encoded":"e532be9725e9b2befdfe0eb184fa2857","replay_gain":-9.13528060913,"sample_rate":44100},"tags":{"album":["The Hunter"],"albumartist":["Mastodon"],"albumartistsort":["Mastodon","Mastodon"],"albumsort":["Hunter, The"],"artist":["Mastodon"],"artistsort":["Mastodon"],"asin":["B005MW6IRU"],"date":["2011"],"discnumber":["1/1"],"file_name":"06. Mastodon - All the Heavy Lifting.mp3","genre":["Progressive Metal"],"isrc":["USRE11100600"],"label":["Reprise Records"],"language":["eng"],"media":["CD"],"musicbrainz album release country":["XW"],"musicbrainz album status":["official"],"musicbrainz album type":["album"],"musicbrainz_albumartistid":["bc5e2ad6-0a4a-4d90-b911-e9a7e6861727"],"musicbrainz_albumid":["e349eaf2-865c-4b47-b719-29d4b5f8e789"],"musicbrainz_artistid":["bc5e2ad6-0a4a-4d90-b911-e9a7e6861727"],"musicbrainz_recordingid":["1889a8e4-1025-49e8-bcd4-5473ad8af894"],"script":["Latn"],"title":["All the Heavy Lifting"],"tracknumber":["6/15"]},"version":{"essentia":"2.1-beta1","essentia_build_sha":"ca57ba49d9b1854bd80e60cf9ccf267278fb7d6b","essentia_git_sha":"v2.1_beta1-28-g21ef5f4-dirty","extractor":"music 1.0"}},"rhythm":{"beats_count":632,"beats_loudness":{"dmean":0.0361502170563,"dmean2":0.0641838461161,"dvar":0.00107250211295,"dvar2":0.00331476842985,"max":0.225607350469,"mean":0.0755509585142,"median":0.0693167001009,"min":0,"var":0.00152109877672},"beats_loudness_band_ratio":{"dmean":[0.201333940029,0.0530671961606,0.0461845621467,0.053658451885,0.0366625376046,0.0963335260749],"dmean2":[0.349334299564,0.0949615165591,0.0786993801594,0.0930795371532,0.0658048465848,0.169591575861],"dvar":[0.0210890844464,0.00583990290761,0.00439959671348,0.00261322339065,0.00101385521702,0.00672506121919],"dvar2":[0.067092500627,0.0165673885494,0.0109947482124,0.00780642125756,0.002967236