{"lowlevel":{"average_loudness":0.907210826874,"barkbands":{"dmean":[0.016298096627,0.0246726442128,0.00363157293759,0.00207153148949,0.002057925798,0.00144409539644,0.000863181659952,0.000714088906534,0.00107172003482,0.000504829396959,0.000288531125989,0.000256492756307,0.0002063568827,0.000119187192468,0.000118839576317,0.000118525138532,0.000107397390821,0.000132355751703,0.0000939132005442,0.000110699940706,0.0000806283132988,0.0000386195715691,0.0000575982521696,0.0000592875476286,0.00000793002618593,0.000158362658112,0.000190873790416],"dmean2":[0.0259816031903,0.0386018790305,0.00595615291968,0.00335936271586,0.00321107194759,0.00213531008922,0.00129280332476,0.00113312562462,0.00162204471417,0.000765132135712,0.000439511408331,0.000399507262046,0.00032288019429,0.000185259079444,0.000187919373275,0.00018639145128,0.000168415353983,0.000204346026294,0.000144856559928,0.000166833910043,0.000120659315144,0.0000595402343606,0.0000946154323174,0.0000987052626442,0.0000133306775751,0.000261913141003,0.000282599619823],"dvar":[0.000928848516196,0.00186904449947,0.0000592103824602,0.0000216662101593,0.0000187598525372,0.0000197618392122,0.00000516341651746,0.00000312154588755,0.00000714543830327,0.00000249216577686,6.76644503983e-7,3.82919978392e-7,2.5442795959e-7,9.09309392227e-8,7.90583456478e-8,8.86613165108e-8,9.73123164272e-8,1.53189958496e-7,9.18695164387e-8,1.3009277211e-7,6.55308411979e-8,1.35621753827e-8,2.47057645453e-8,2.79001284298e-8,3.81868731081e-10,1.82939132287e-7,1.99535378442e-7],"dvar2":[0.00238814507611,0.00468269735575,0.0001469047711,0.0000507308795932,0.000039679089241,0.0000407126717619,0.0000101090108728,0.0000073571673056,0.0000159046339832,0.00000510255540576,0.00000138975383379,8.67622929945e-7,6.05090860972e-7,2.21753253982e-7,2.00686898211e-7,2.1782173576e-7,2.33252038129e-7,3.6290106209e-7,2.14218985661e-7,2.96428169122e-7,1.39880214078e-7,3.05036351733e-8,5.89728728073e-8,6.8758048144e-8,9.69401003914e-10,4.39009767206e-7,4.42505466935e-7],"max":[0.377113938332,0.513010263443,0.0901611447334,0.115160025656,0.14679351449,0.111591093242,0.092265278101,0.0402263477445,0.0633674934506,0.0735350102186,0.023031482473,0.0096523584798,0.0110486429185,0.0049644773826,0.00450021820143,0.00533618684858,0.00525154313073,0.0105023318902,0.00617995951325,0.0125263016671,0.00531965075061,0.00216610170901,0.00192713062279,0.00246586208232,0.000278005580185,0.00471547897905,0.00698972586542],"mean":[0.0235059354454,0.0470507740974,0.00384464161471,0.00254213134758,0.00313280406408,0.00207454524934,0.00125776452478,0.000840443652123,0.00145735964179,0.000650425499771,0.000358038465492,0.000299496081425,0.000229138269788,0.00012967766088,0.000143148645293,0.000134831498144,0.000132810964715,0.000187554571312,0.000120680459077,0.000161187679623,0.000108084946987,0.0000420900360041,0.0000479821792396,0.0000460031405964,0.00000693960737408,0.000124833182781,0.000276597129414],"median":[0.00989511050284,0.0197924785316,0.00118926982395,0.00069815479219,0.000820815039333,0.000365770043572,0.000249891774729,0.0001410030236,0.000184347096365,0.0000833465383039,0.0000560452754144,0.0000484914853587,0.0000383387232432,0.0000224826544581,0.0000281001339317,0.0000254478836723,0.0000229844554269,0.0000301305062749,0.0000178837090061,0.0000152640750457,0.0000138626273838,0.00000554629968974,0.00000303440810967,0.00000204387697522,0.00000124718962979,0.00000334535707225,0.0000527365373273],"min":[1.68518655662e-24,1.08198820697e-23,3.18993005586e-24,5.54516954335e-24,1.57342220296e-23,7.80510339223e-24,1.49697590145e-23,1.72567993074e-23,3.0716299896e-23,1.77155282346e-23,1.08229649381e-23,3.66989389597e-23,5.0568846012e-23,3.56700529246e-23,8.20979092987e-23,6.81962995043e-23,8.7860500346e-23,9.67273221643e-23,1.75516818246e-22,1.51756403512e-22,2.78656165931e-22,3.5830438444e-22,4.84858196643e-22,7.13276267007e-22,8.32481757836e-22,1.34241416972e-21,2.14175680232e-21],"var":[0.00121734524146,0.00359464716166,0.0000588950788369,0.0000354978619725,0.0000528832424607,0.0000441423399025,0.0000114024578579,0.00000508137827637,0.000014265824575,0.00000446052627012,0.00000124717712424,5.0712412758e-7,3.3540112554e-7,1.04367963161e-7,9.64647099977e-8,9.49263991856e-8,1.19371335927e-7,2.74875020523e-7,1.47192309896e-7,3.58552057378e-7,1.28704115809e-7,1.64358997523e-8,2.19355893449e-8,2.32369039566e-8,3.24531651552e-10,1.57664914013e-7,3.9192997292e-7]},"barkbands_crest":{"dmean":3.16823267937,"dmean2":5.05989170074,"dvar":7.90960025787,"dvar2":19.4131507874,"max":26.3113174438,"mean":14.5729293823,"median":14.4192256927,"min":3.48481345177,"var":24.1548595428},"barkbands_flatness_db":{"dmean":0.0491187982261,"dmean2":0.073256008327,"dvar":0.00196170457639,"dvar2":0.0039945691824,"max":0.555636823177,"mean":0.236858427525,"median":0.224237471819,"min":0.0345324911177,"var":0.00869391206652},"barkbands_kurtosis":{"dmean":32.1135635376,"dmean2":49.3084144592,"dvar":3161.73120117,"dvar2":7102.21728516,"max":1194.43127441,"mean":57.6134757996,"median":21.2468452454,"min":-1.84607803822,"var":7955.12207031},"barkbands_skewness":{"dmean":1.61981058121,"dmean2":2.45514297485,"dvar":2.88435196877,"dvar2":6.35206651688,"max":23.2199668884,"mean":4.71181774139,"median":3.84334802628,"min":-2.12491154671,"var":10.8281393051},"barkbands_spread":{"dmean":5.7711596489,"dmean2":8.8926525116,"dvar":78.5149688721,"dvar2":184.192855835,"max":130.234985352,"mean":11.3851165771,"median":6.90236282349,"min":0.15223544836,"var":207.663131714},"dissonance":{"dmean":0.027752481401,"dmean2":0.0458362549543,"dvar":0.000768663128838,"dvar2":0.00203009019606,"max":0.500000059605,"mean":0.453943043947,"median":0.463949650526,"min":0.228806957603,"var":0.00153726479039},"dynamic_complexity":4.6462020874,"erbbands":{"dmean":[1.50831913948,2.83124804497,3.7932639122,5.92441987991,6.44228315353,6.75601005554,12.1367664337,10.0861597061,10.1576862335,14.784781456,17.6489315033,24.0473499298,19.4535961151,12.9454708099,11.1454124451,11.1509656906,9.80020236969,6.24182748795,6.41708850861,6.07953548431,6.05530929565,6.24194097519,6.46999359131,6.1562666893,5.13054466248,4.94607877731,4.12523603439,2.50284671783,1.41753351688,1.40868151188,1.70634698868,1.20192587376,0.983451962471,0.167017072439,0.0465763807297,0.461285948753,0.330532580614,0.082255281508,0.022260023281,0.00482752220705],"dmean2":[2.37701702118,4.50748300552,6.23193454742,9.58649158478,10.3898563385,10.4183273315,17.6540679932,15.0774793625,15.0064086914,22.4049739838,27.5523319244,36.4186897278,28.7058486938,19.7149982452,16.9837532043,17.1945419312,15.2467746735,9.59787559509,10.0651292801,9.39680194855,9.48426532745,9.67484855652,9.78126239777,9.55169868469,7.80124235153,7.487657547,6.23186731339,3.76801729202,2.1644847393,2.25172972679,2.81119847298,1.9789172411,1.64645314217,0.279073625803,0.0765725523233,0.77479749918,0.546822965145,0.131704881787,0.0326483808458,0.00700631830841],"dvar":[7.47668266296,23.5692138672,66.8097686768,152.432830811,185.612503052,304.41809082,1660.95397949,1106.17041016,791.482116699,2337.08300781,2092.72802734,3664.36767578,3328.38916016,1328.28820801,889.309143066,768.748291016,608.69329834,221.764328003,264.038330078,184.959472656,267.579742432,317.482330322,321.489929199,425.25894165,264.138122559,238.238479614,180.205474854,65.4568710327,20.1138019562,13.6504058838,22.4406909943,10.9375600815,8.02554416656,0.195305123925,0.008993354626,1.62791132927,0.809863507748,0.0486058034003,0.0043359301053,0.0000984542348306],"dvar2":[18.876039505,60.8869590759,162.919372559,363.726745605,452.429656982,578.226745605,3257.30786133,2228.34863281,1675.14233398,4404.19824219,5027.73193359,8386.28808594,6748.67822266,2951.19921875,1932.19165039,1736.7064209,1413.890625,525.594665527,669.358276367,451.170532227,656.243774414,758.216186523,735.904968262,1046.75805664,600.681884766,523.448181152,396.915802002,143.042861938,45.2242736816,31.4037017822,54.2692909241,26.7041091919,19.9418811798,0.484214961529,0.0213238336146,4.028444767,1.95471858978,0.109531708062,0.00928571633995,0.00021331840253],"max":[32.3942337036,69.984916687,100.885635376,248.47593689,237.275680542,870.107055664,1197.06201172,1329.82116699,1225.83044434,2481.07861328,938.043579102,1286.9041748,2608.17797852,1199.99133301,693.295654297,451.877929688,616.650268555,292.839538574,307.153564453,234.50630188,314.533905029,290.837371826,299.971984863,561.776428223,406.353271484,478.115325928,317.922271729,134.142181396,96.722114563,52.8479881287,57.9278411865,44.5562782288,43.0076293945,5.05177879333,1.2646266222,12.8147258759,9.90358448029,2.6389362812,1.36986625195,0.180032670498],"mean":[2.91156744957,4.55080842972,4.34779500961,7.45865917206,8.08135700226,9.94059467316,19.5828208923,13.9772624969,14.9681930542,21.0493087769,21.5738945007,32.5025901794,26.4754104614,17.9625854492,14.0376024246,13.442281723,11.1993150711,7.22497558594,7.3947687149,7.64324378967,6.99668836594,7.98734855652,9.07754039764,8.51845359802,6.91576623917,7.26008605957,5.65145158768,3.17572808266,1.59111046791,1.31111621857,1.40353858471,0.96437048912,0.745107889175,0.138666570187,0.0437877699733,0.343253523111,0.261697977781,0.0801787152886,0.0336436741054,0.0078630335629],"median":[1.03739786148,2.3476600647,1.83946955204,2.42266988754,2.6445016861,2.35438776016,2.59821033478,2.98893761635,3.24468588829,3.81687259674,3.83288621902,4.25942230225,3.47468113899,2.77715229988,2.42518949509,2.18807435036,1.95014357567,1.36488234997,1.38644933701,1.67804598808,1.34195661545,1.4398226738,1.61630129814,1.24764347076,0.891588807106,0.711650729179,0.648372709751,0.441665351391,0.222221896052,0.12812769413,0.0820413678885,0.0495047941804,0.0304687488824,0.0162294283509,0.00917149707675,0.00836988352239,0.00653375685215,0.00625121966004,0.00497164856642,0.00305594084784],"min":[2.62831818121e-22,1.76647085529e-21,6.48198074652e-21,1.80720319967e-20,9.24631939897e-21,6.05334972793e-20,7.66903379705e-20,7.67319619574e-20,1.6819938397e-19,4.41849225844e-19,4.69273365078e-19,7.10138950274e-19,8.02216353365e-19,1.02833584148e-18,1.47716642e-18,1.8886222901e-18,2.63145839752e-18,2.53333513133e-18,2.94202894197e-18,5.46745664023e-18,4.84435554687e-18,5.91717943644e-18,5.63104980434e-18,8.42994072477e-18,9.86473512808e-18,7.93551667468e-18,1.06747897932e-17,1.32492901881e-17,1.26142297175e-17,1.40977946897e-17,1.37610444992e-17,1.24934009639e-17,1.19915124359e-17,8.55325681049e-18,6.74406722705e-18,4.89421840778e-18,2.43481771358e-18,1.139765135e-18,2.5251104745e-19,3.0232472343e-20],"var":[14.4657850266,35.4663734436,65.7119750977,229.467849731,266.878326416,862.481750488,6203.10302734,2021.63110352,1709.37573242,4895.31591797,3016.44775391,6906.52929688,6309.0234375,2736.70874023,1435.33007812,1038.33666992,805.450744629,282.328491211,285.351135254,248.781188965,279.419036865,414.039459229,516.594116211,782.60949707,540.937438965,681.860534668,400.854644775,98.5903396606,24.4196491241,13.8639888763,19.4477024078,9.43776226044,6.51509284973,0.164938628674,0.00930656678975,1.3140784502,0.696589887142,0.052597887814,0.010832621716,0.000168989950907]},"erbbands_crest":{"dmean":3.45907068253,"dmean2":5.4823641777,"dvar":9.80886268616,"dvar2":22.6487293243,"max":31.7162151337,"mean":10.3326482773,"median":9.18274497986,"min":2.02423548698,"var":26.6104755402},"erbbands_flatness_db":{"dmean":0.0339050367475,"dmean2":0.0515634939075,"dvar":0.000854416342918,"dvar2":0.00191626057494,"max":0.333225309849,"mean":0.138121828437,"median":0.134165540338,"min":0.0308318901807,"var":0.00262086768635},"erbbands_kurtosis":{"dmean":2.25324630737,"dmean2":3.54289865494,"dvar":12.661400795,"dvar2":28.8248138428,"max":101.419082642,"mean":2.24844789505,"median":0.875612854958,"min":-1.79528319836,"var":22.3974723816},"erbbands_skewness":{"dmean":0.582796871662,"dmean2":0.876913785934,"dvar":0.298935651779,"dvar2":0.680481910706,"max":6.00920724869,"mean":0.676460504532,"median":0.71128988266,"min":-3.96505475044,"var":1.13916397095},"erbbands_spread":{"dmean":13.2488832474,"dmean2":20.6284313202,"dvar":199.106948853,"dvar2":482.067230225,"max":178.929779053,"mean":37.201374054,"median":33.5780906677,"min":1.30192506313,"var":455.395751953},"gfcc":{"cov":[[17191.84375,-75.8850402832,-962.89465332,-89.4995269775,0.274344176054,-158.510269165,-65.2827301025,4.54728984833,-212.034500122,49.1852035522,-201.639389038,66.953125,-69.2991867065],[-75.8850402832,1410.80004883,-2.08021211624,-361.291503906,59.8364524841,-155.823150635,48.0019721985,-104.390266418,51.4559402466,-105.647644043,85.1142349243,-52.458984375,172.815307617],[-962.89465332,-2.08021211624,662.501403809,210.674682617,-94.7347106934,308.347717285,-65.6318588257,162.635070801,16.3399410248,104.778251648,31.7735176086,12.0393352509,-3.32735919952],[-89.4995269775,-361.291503906,210.674682617,485.221252441,170.493179321,58.2882156372,69.5721817017,61.8475761414,7.89223432541,62.7670021057,18.4698638916,40.5953216553,-14.5233983994],[0.274344176054,59.8364524841,-94.7347106934,170.493179321,351.068237305,19.1574802399,109.564445496,-44.7369270325,26.6106681824,-25.2342472076,43.8763580322,14.606136322,41.7540168762],[-158.510269165,-155.823150635,308.347717285,58.2882156372,19.1574802399,486.692901611,-59.7211723328,145.62348938,-18.2631263733,75.0551757812,21.1541633606,20.7406253815,0.257052838802],[-65.2827301025,48.0019721985,-65.6318588257,69.5721817017,109.564445496,-59.7211723328,248.51399231,24.7741718292,72.4303588867,-6.42720460892,4.98519611359,4.00689029694,18.4762458801],[4.54728984833,-104.390266418,162.635070801,61.8475761414,-44.7369270325,145.62348938,24.7741718292,201.232696533,75.7999801636,73.9741439819,14.1807746887,0.273621797562,-1.48163962364],[-212.034500122,51.4559402466,16.3399410248,7.89223432541,26.6106681824,-18.2631263733,72.4303588867,75.7999801636,167.720809937,86.6095809937,31.5825328827,-5.82930803299,1.56459236145],[49.1852035522,-105.647644043,104.778251648,62.7670021057,-25.2342472076,75.0551757812,-6.42720460892,73.9741439819,86.6095809937,141.414337158,57.3564109802,20.4009437561,-5.52522087097],[-201.639389038,85.1142349243,31.7735176086,18.4698638916,43.8763580322,21.1541633606,4.98519611359,14.1807746887,31.5825328827,57.3564109802,106.138664246,47.9359664917,40.4912261963],[66.953125,-52.458984375,12.0393352509,40.5953216553,14.606136322,20.7406253815,4.00689029694,0.273621797562,-5.82930803299,20.4009437561,47.9359664917,91.2680358887,45.4816207886],[-69.2991867065,172.815307617,-3.32735919952,-14.5233983994,41.7540168762,0.257052838802,18.4762458801,-1.48163962364,1.56459236145,-5.52522087097,40.4912261963,45.4816207886,125.981361389]],"icov":[[0.0000975620714598,-0.000228494332987,0.000348947767634,-0.000122610697872,-0.0000761951669119,0.00000399451437261,0.0000512629521836,-0.000361439742846,0.000574757985305,-0.000805690127891,0.000746148987673,-0.000494941603392,0.000272054370726],[-0.000228494332987,0.00274126627482,-0.00254378188401,0.00242599309422,-0.00081738375593,0.000934223993681,-0.000466408731882,0.00166154862382,-0.00239639449865,0.00394258322194,-0.00423829816282,0.00365614378825,-0.00307164387777],[0.000348947767634,-0.00254378188401,0.00656255241483,-0.00523025821894,0.00390317710117,-0.00354038015939,0.000929819769226,-0.00128939235583,0.000741129275411,-0.00221507111564,0.00183834438212,-0.00133395241573,0.00159819691908],[-0.000122610697872,0.00242599309422,-0.00523025821894,0.00885394588113,-0.00686449278146,0.00435015745461,-0.0012228199048,-0.00195568078198,0.00361248268746,-0.00347923254594,0.00165440049022,-0.00127608666662,-0.000358684133971],[-0.0000761951669119,-0.00081738375593,0.00390317710117,-0.00686449278146,0.0105062993243,-0.00521620642394,-0.00100381323136,0.00482341134921,-0.00643184920773,0.00767432106659,-0.00670896330848,0.00391039485112,-0.00171541108284],[0.00000399451437261,0.000934223993681,-0.00354038015939,0.00435015745461,-0.00521620642394,0.00643497239798,0.000325352768414,-0.00420646788552,0.00495542120188,-0.00460622180253,0.00269396533258,-0.00175761384889,0.000252265948802],[0.0000512629521836,-0.000466408731882,0.000929819769226,-0.0012228199048,-0.00100381323136,0.000325352768414,0.00620296178386,-0.00147691497114,-0.00271818134934,0.00158707215451,0.0011239281157,-0.00126099737827,0.000153896136908],[-0.000361439742846,0.00166154862382,-0.00128939235583,-0.00195568078198,0.00482341134921,-0.00420646788552,-0.00147691497114,0.0133089236915,-0.00936722196639,0.00648247031495,-0.00590580841526,0.00530269276351,-0.00357004581019],[0.000574757985305,-0.00239639449865,0.000741129275411,0.00361248268746,-0.00643184920773,0.00495542120188,-0.00271818134934,-0.00936722196639,0.0224742684513,-0.0202001482248,0.0101375570521,-0.00467804446816,0.00371507089585],[-0.000805690127891,0.00394258322194,-0.00221507111564,-0.00347923254594,0.00767432106659,-0.00460622180253,0.00158707215451,0.00648247031495,-0.0202001482248,0.0336139090359,-0.0212961174548,0.00856358371675,-0.00352347060107],[0.000746148987673,-0.00423829816282,0.00183834438212,0.00165440049022,-0.00670896330848,0.00269396533258,0.0011239281157,-0.00590580841526,0.0101375570521,-0.0212961174548,0.0308234672993,-0.0159224495292,0.00322892167605],[-0.000494941603392,0.00365614378825,-0.00133395241573,-0.00127608666662,0.00391039485112,-0.00175761384889,-0.00126099737827,0.00530269276351,-0.00467804446816,0.00856358371675,-0.0159224495292,0.0251289140433,-0.0100358128548],[0.000272054370726,-0.00307164387777,0.00159819691908,-0.000358684133971,-0.00171541108284,0.000252265948802,0.000153896136908,-0.00357004581019,0.00371507089585,-0.00352347060107,0.00322892167605,-0.0100358128548,0.0151898479089]],"mean":[-54.5917510986,99.145942688,-59.2219200134,12.4954462051,-16.3127803802,-7.17116069794,1.41940522194,0.351489961147,-1.59682166576,-3.0634996891,-5.06509780884,-0.242829397321,-5.65773630142]},"hfc":{"dmean":37.0844421387,"dmean2":53.7544021606,"dvar":4788.58740234,"dvar2":9349.47558594,"max":2480.44091797,"mean":81.4835510254,"median":56.0492477417,"min":1.12884001471e-16,"var":9580.60742188},"melbands":{"dmean":[0.0101874535903,0.0022889629472,0.0010058892658,0.000450822961284,0.000386272586184,0.000236589490669,0.000161262360052,0.000151614614879,0.000153783956193,0.000154117689817,0.0000974914000835,0.0000549324286112,0.000040131581045,0.0000295012468996,0.0000248046308116,0.0000194303411263,0.0000110012333607,0.0000107256910269,0.00000857766281115,0.00000876405829331,0.00000674000102663,0.00000681636583977,0.00000580096366321,0.00000638816709397,0.00000505882189827,0.00000341355803357,0.00000419417892772,0.00000332385434376,0.00000284781458504,0.00000194414587895,0.00000133072671815,8.23582013254e-7,7.00870941728e-7,8.37304753531e-7,0.00000104473622287,8.16819920146e-7,7.3632116937e-7,7.7362437878e-7,4.4015706635e-7,4.73684522717e-8],"dmean2":[0.0160132367164,0.00372068653814,0.00160766125191,0.000712794542778,0.000564342772122,0.000350391113898,0.000238779044594,0.000230680569075,0.000239473753027,0.000234704042668,0.000144363439176,0.000084424536908,0.0000613259908278,0.0000457174792245,0.000038462876546,0.000030395352951,0.0000171224673977,0.0000169559989445,0.0000135677946673,0.0000139643479997,0.0000106391307781,0.0000107628111436,0.0000089513932835,0.00000995640493784,0.00000792770424596,0.00000523045173395,0.00000647364731776,0.00000510351947014,0.00000437034395873,0.0000029452257877,0.00000203766990126,0.00000127210284973,0.00000110219764338,0.00000135470679652,0.00000172482862126,0.00000134496531246,0.00000122139067571,0.0000012985315152,7.42784209251e-7,7.89023459902e-8],"dvar":[0.000335516291671,0.0000174047781911,0.00000387912268707,0.00000102964099824,0.00000130177363644,5.55244696443e-7,1.80240832037e-7,2.14723968384e-7,1.64831789107e-7,1.53633422428e-7,8.65896510049e-8,2.55729766252e-8,1.36442102061e-8,4.7856842933e-9,3.4209706179e-9,2.38083752713e-9,7.32297222861e-10,8.11215428165e-10,4.31331970141e-10,4.4481415773e-10,3.63207908194e-10,4.20941587143e-10,2.27137655906e-10,3.77465669832e-10,3.05020092517e-10,1.20163892725e-10,2.13829218221e-10,1.08258006726e-10,8.83571826815e-11,3.80415629553e-11,1.95638158451e-11,7.37550732294e-12,3.97164289304e-12,4.93473534605e-12,8.59979188556e-12,5.25945693247e-12,4.32384640245e-12,5.07941995756e-12,1.67662444258e-12,1.00024240328e-14],"dvar2":[0.000847991264891,0.0000430625332228,0.00000913423173188,0.00000220904689741,0.0000025277779514,0.00000112839563826,3.78997299322e-7,4.12759845858e-7,3.93316554437e-7,3.58362967745e-7,1.75173624939e-7,5.76822287712e-8,2.84476993073e-8,1.08820863431e-8,7.95246712926e-9,5.61867086191e-9,1.76478121006e-9,2.07812789199e-9,1.07955566708e-9,1.10365483419e-9,8.88464801729e-10,1.02936981161e-9,5.0807957841e-10,9.03028540833e-10,7.66349927961e-10,2.72237815624e-10,5.0751686187e-10,2.50567067095e-10,1.98185717837e-10,8.44961114965e-11,4.33408899048e-11,1.6996272445e-11,9.05700948267e-12,1.16064033384e-11,2.0909355844e-11,1.28408022063e-11,1.07774813379e-11,1.26527226196e-11,4.20433306225e-12,2.47156827882e-14],"max":[0.21908134222,0.0567616149783,0.0398932285607,0.0378757417202,0.0342821441591,0.0257192309946,0.0170329008251,0.0227510966361,0.008185736835,0.00825081765652,0.0133784450591,0.00505101913586,0.00337082054466,0.00138966867235,0.000896253564861,0.0011629689252,0.00050399574684,0.000570147938561,0.000454208580777,0.000333999341819,0.000357060489478,0.000362655264325,0.000216370157432,0.000434485526057,0.000476393004647,0.000295566191198,0.000505857460666,0.000258284737356,0.000235386323766,0.000112333975267,0.0000694308691891,0.0000638107885607,0.0000292887762043,0.0000315985998895,0.0000341148042935,0.0000304329223582,0.000034094118746,0.0000372248323401,0.0000180086753971,0.000001917466534],"mean":[0.0196725055575,0.00322838430293,0.00131042476278,0.000613629410509,0.000635534001049,0.000333999167196,0.000238219174207,0.000213687540963,0.000185063938261,0.000207160759601,0.000129609543364,0.0000730846295482,0.00004950816583,0.0000354790572601,0.0000290114876407,0.0000214103838516,0.0000122427281894,0.0000116928122225,0.0000105195740616,0.0000101884170363,0.00000750083745515,0.00000816551710159,0.00000792259652371,0.00000866973459779,0.00000677338630339,0.00000428882822234,0.00000576192587687,0.00000459507054984,0.00000381177937925,0.00000251536062024,0.0000015973751033,9.03370391825e-7,7.22652998775e-7,7.3241545806e-7,8.51951654113e-7,6.61889885123e-7,5.76515901685e-7,5.83100131735e-7,3.33922457685e-7,4.39898819593e-8],"median":[0.00831348821521,0.00195261952467,0.000471126870252,0.000185633529327,0.0000936588476179,0.0000681337260175,0.0000500995520269,0.0000385695093428,0.0000276655919151,0.0000260456799879,0.0000152853317559,0.0000102881722341,0.00000801871829026,0.00000577870696361,0.00000494970390719,0.00000351878861693,0.0000021911314434,0.00000193791765923,0.00000218328432311,0.00000197450890482,0.00000133906951305,0.00000131579031404,0.00000142040892115,0.00000132578861667,9.02285307802e-7,6.1570779053e-7,5.38221058832e-7,4.23169126407e-7,4.00699548209e-7,3.24898508097e-7,2.13718934106e-7,1.23080980075e-7,8.52220694014e-8,6.24254425929e-8,4.8327336799e-8,3.6560784622e-8,2.69636117878e-8,2.17801812141e-8,1.70471938787e-8,1.02963184645e-8],"min":[2.42623756061e-24,4.06748515646e-24,2.62329402866e-24,1.97964091963e-24,3.8519794012e-24,1.68444916889e-24,2.96136411668e-24,5.37487261772e-24,3.0564108117e-24,4.51623854315e-24,3.63070510058e-24,3.94329951731e-24,3.47470391227e-24,3.83751090334e-24,5.39192424061e-24,4.03847952983e-24,4.20730799089e-24,3.87648181535e-24,6.76778127858e-24,6.09854008558e-24,4.22853505456e-24,4.68377800549e-24,6.3856637614e-24,4.97313691869e-24,5.85967024246e-24,6.08574831157e-24,7.49571924495e-24,3.6723482789e-24,5.37227687091e-24,6.12663576115e-24,6.60857455398e-24,6.01203359871e-24,7.24324273451e-24,7.05991855988e-24,6.63374276673e-24,7.21433808208e-24,7.52075611236e-24,8.02458342872e-24,8.16993420595e-24,6.77124832225e-24],"var":[0.000621723243967,0.0000195755164896,0.0000061514169829,0.00000220274455387,0.00000526238727616,0.00000106344032247,3.94471925347e-7,4.51693722425e-7,2.34447270486e-7,2.78969991996e-7,1.62987120689e-7,4.94910494808e-8,2.33724755105e-8,6.74190259176e-9,4.60028370952e-9,3.03173752769e-9,8.75336580997e-10,8.20026546666e-10,5.43710076961e-10,4.96478858025e-10,3.69028613223e-10,5.01320374102e-10,3.56455837069e-10,6.18797846297e-10,5.45149980713e-10,1.96792360185e-10,5.07503650216e-10,2.68034677786e-10,1.90163801372e-10,6.67775418295e-11,2.61876145768e-11,8.46982293329e-12,4.65277599435e-12,4.62379787236e-12,7.35648954947e-12,4.5206598881e-12,3.58640634551e-12,4.1042642375e-12,1.33074172341e-12,9.71362899648e-15]},"melbands_crest":{"dmean":4.71771812439,"dmean2":7.38892507553,"dvar":22.1291542053,"dvar2":50.4208145142,"max":39.1819229126,"mean":25.3095989227,"median":26.5566940308,"min":1.54925715923,"var":82.6824264526},"melbands_flatness_db":{"dmean":0.055235106498,"dmean2":0.0824587270617,"dvar":0.00242062308826,"dvar2":0.00491744931787,"max":0.718842744827,"mean":0.354441553354,"median":0.341910302639,"min":0.00308527378365,"var":0.0117534343153},"melbands_kurtosis":{"dmean":61.4455528259,"dmean2":96.123374939,"dvar":13952.9355469,"dvar2":31941.0019531,"max":1688.21557617,"mean":97.360710144,"median":31.0441436768,"min":-1.75018119812,"var":28669.0019531},"melbands_skewness":{"dmean":2.23355174065,"dmean2":3.36660456657,"dvar":6.64125823975,"dvar2":14.8056659698,"max":34.2189331055,"mean":5.96169281006,"median":4.60465717316,"min":-1.38182377815,"var":22.7723522186},"melbands_spread":{"dmean":4.18762636185,"dmean2":6.58399629593,"dvar":60.4682006836,"dvar2":147.425720215,"max":149.375701904,"mean":8.30566883087,"median":4.888048172,"min":0.0539685301483,"var":165.315826416},"mfcc":{"cov":[[12402.3701172,182.336425781,-859.026733398,183.915496826,-282.850463867,54.6316223145,-156.082199097,94.4047164917,-179.420898438,58.0133018494,-246.674484253,93.0005645752,-195.378677368],[182.336425781,1655.4987793,-52.4751701355,-146.859436035,-62.6674461365,-98.5675735474,-32.2486190796,-51.1255836487,37.2336463928,-166.387252808,44.967754364,-57.5175094604,-26.0848827362],[-859.026733398,-52.4751701355,812.178527832,-115.214584351,120.461891174,46.427444458,50.5797195435,36.4615821838,24.3477687836,127.071388245,49.4184188843,42.7046432495,45.3114929199],[183.915496826,-146.859436035,-115.214584351,546.868164062,8.27100944519,27.2634048462,34.9215812683,24.1399536133,24.898021698,3.2871670723,7.0398106575,5.43295860291,18.6123352051],[-282.850463867,-62.6674461365,120.461891174,8.27100944519,282.170928955,127.680107117,77.7480773926,36.3806343079,0.122176989913,24.7547779083,4.11619758606,21.2666893005,57.9236373901],[54.6316223145,-98.5675735474,46.427444458,27.2634048462,127.680107117,198.783294678,94.9421005249,47.9969329834,9.20329761505,33.5907478333,-9.24456882477,15.6101894379,34.9037780762],[-156.082199097,-32.2486190796,50.5797195435,34.9215812683,77.7480773926,94.9421005249,155.629272461,78.2762527466,22.5904865265,10.8626823425,-10.3128948212,-4.58254432678,25.4823112488],[94.4047164917,-51.1255836487,36.4615821838,24.1399536133,36.3806343079,47.9969329834,78.2762527466,122.593681335,51.7769927979,41.7617454529,4.13995409012,6.23878479004,0.967768967152],[-179.420898438,37.2336463928,24.3477687836,24.898021698,0.122176989913,9.20329761505,22.5904865265,51.7769927979,120.84614563,59.8323059082,45.2897529602,11.1372060776,-1.96523368359],[58.0133018494,-166.387252808,127.071388245,3.2871670723,24.7547779083,33.5907478333,10.8626823425,41.7617454529,59.8323059082,173.974761963,62.8400840759,49.3385353088,12.9773187637],[-246.674484253,44.967754364,49.4184188843,7.0398106575,4.11619758606,-9.24456882477,-10.3128948212,4.13995409012,45.2897529602,62.8400840759,125.180030823,54.0205574036,19.6432476044],[93.0005645752,-57.5175094604,42.7046432495,5.43295860291,21.2666893005,15.6101894379,-4.58254432678,6.23878479004,11.1372060776,49.3385353088,54.0205574036,95.096206665,42.2194595337],[-195.378677368,-26.0848827362,45.3114929199,18.6123352051,57.9236373901,34.9037780762,25.4823112488,0.967768967152,-1.96523368359,12.9773187637,19.6432476044,42.2194595337,92.1971359253]],"icov":[[0.000120930395497,-0.0000831210054457,0.000129279214889,-0.0000539589600521,0.0000895993653103,-0.000143966666656,0.000200730923098,-0.000283143366687,0.00032559473766,-0.000300565181533,0.000407178886235,-0.00043224383262,0.000286241644062],[-0.0000831210054457,0.000855038117152,-0.000150238149217,0.000257793988567,-0.0000425352664024,0.000229276585742,-0.000209442368941,0.00039462550194,-0.000892618147191,0.00133701588493,-0.00105058820918,0.000691978668328,-0.000219029301661],[0.000129279214889,-0.000150238149217,0.001712382189,0.000280520034721,-0.00047137241927,0.000236283056438,-0.000276063889032,-0.000228021119256,0.000654369883705,-0.00159929052461,0.00036695797462,-0.000365841173334,-0.0000529577628186],[-0.0000539589600521,0.000257793988567,0.000280520034721,0.00204943562858,0.00000364011248166,0.0000189060701814,-0.000474130385555,0.000107516236312,-0.000637714692857,0.000354222982423,-0.000473770021927,0.000357723154593,-0.000598857470322],[0.0000895993653103,-0.0000425352664024,-0.00047137241927,0.00000364011248166,0.00576294027269,-0.00309291179292,-0.000221326496103,-0.000636939599644,0.000720939307939,0.000112755325972,-0.000108740961878,0.000166835976415,-0.00202681845985],[-0.000143966666656,0.000229276585742,0.000236283056438,0.0000189060701814,-0.00309291179292,0.00952634308487,-0.00457966513932,0.000782157818321,-0.000239173488808,-0.00127593206707,0.00102310383227,-0.000632171984762,-0.000519904773682],[0.000200730923098,-0.000209442368941,-0.000276063889032,-0.000474130385555,-0.000221326496103,-0.00457966513932,0.013965357095,-0.00790414121002,0.000725250632968,0.00110358034726,0.000375779141905,0.00204294081777,-0.00246204342693],[-0.000283143366687,0.00039462550194,-0.000228021119256,0.000107516236312,-0.000636939599644,0.000782157818321,-0.00790414121002,0.0163548644632,-0.00584560493007,-0.0010769655928,0.00108247157186,-0.00109485338908,0.00201671221294],[0.00032559473766,-0.000892618147191,0.000654369883705,-0.000637714692857,0.000720939307939,-0.000239173488808,0.000725250632968,-0.00584560493007,0.0145502723753,-0.00452566565946,-0.00256601115689,0.00092032761313,0.000815522391349],[-0.000300565181533,0.00133701588493,-0.00159929052461,0.000354222982423,0.000112755325972,-0.00127593206707,0.00110358034726,-0.0010769655928,-0.00452566565946,0.0122080147266,-0.0043958844617,-0.00133441365324,0.000307121314108],[0.000407178886235,-0.00105058820918,0.00036695797462,-0.000473770021927,-0.000108740961878,0.00102310383227,0.000375779141905,0.00108247157186,-0.00256601115689,-0.0043958844617,0.0155925787985,-0.00808397121727,0.000990500673652],[-0.00043224383262,0.000691978668328,-0.000365841173334,0.000357723154593,0.000166835976415,-0.000632171984762,0.00204294081777,-0.00109485338908,0.00092032761313,-0.00133441365324,-0.00808397121727,0.0207297690213,-0.00859417766333],[0.000286241644062,-0.000219029301661,-0.0000529577628186,-0.000598857470322,-0.00202681845985,-0.000519904773682,-0.00246204342693,0.00201671221294,0.000815522391349,0.000307121314108,0.000990500673652,-0.00859417766333,0.0173659846187]],"mean":[-723.574768066,157.599456787,15.804189682,38.510848999,6.91199922562,12.0484552383,8.98465061188,13.2854557037,8.15244960785,9.32141113281,3.55572390556,7.83514118195,0.798648238182]},"pitch_salience":{"dmean":0.100586242974,"dmean2":0.155208423734,"dvar":0.00858083646744,"dvar2":0.0190512817353,"max":0.922422111034,"mean":0.371604382992,"median":0.371880531311,"min":0.0244146063924,"var":0.0328254215419},"silence_rate_20dB":{"dmean":0.0187805853784,"dmean2":0.0375661365688,"dvar":0.0184263568372,"dvar2":0.0443499200046,"max":1,"mean":0.984395682812,"median":1,"min":0,"var":0.0153613956645},"silence_rate_30dB":{"dmean":0.111360929906,"dmean2":0.222751319408,"dvar":0.0989525392652,"dvar2":0.187406674027,"max":1,"mean":0.61293309927,"median":1,"min":0,"var":0.237241879106},"silence_rate_60dB":{"dmean":0.0283031351864,"dmean2":0.0566137582064,"dvar":0.0274996310472,"dvar2":0.0605510361493,"max":1,"mean":0.084501452744,"median":0,"min":0,"var":0.0773613154888},"spectral_centroid":{"dmean":256.56149292,"dmean2":369.172332764,"dvar":125483.523438,"dvar2":223844.984375,"max":11364.9023438,"mean":860.933044434,"median":609.82824707,"min":86.6739578247,"var":682906.0625},"spectral_complexity":{"dmean":4.01428365707,"dmean2":5.61719560623,"dvar":34.7964744568,"dvar2":52.2302818298,"max":62,"mean":11.4711713791,"median":9,"min":0,"var":108.418891907},"spectral_contrast_coeffs":{"dmean":[0.0598665550351,0.0537129864097,0.0466626025736,0.0352350138128,0.028936188668,0.0363695062697],"dmean2":[0.0962869152427,0.0865806490183,0.0744008868933,0.0560413785279,0.0448105894029,0.0560765862465],"dvar":[0.00235987058841,0.00191718421411,0.00135695561767,0.000834097445477,0.000612658215687,0.00121399096679],"dvar2":[0.00580343604088,0.00486811157316,0.00331877288409,0.00204500113614,0.00147892558016,0.00280201225542],"max":[-0.356623202562,-0.394377470016,-0.494466781616,-0.616580665112,-0.627434968948,-0.474615067244],"mean":[-0.71664327383,-0.775432348251,-0.801389217377,-0.841049253941,-0.841139674187,-0.784703314304],"median":[-0.730780243874,-0.78452706337,-0.809363484383,-0.840993642807,-0.840050458908,-0.796928942204],"min":[-0.970582544804,-0.972218513489,-0.978622198105,-0.985197484493,-0.980507731438,-0.979472219944],"var":[0.00876254308969,0.00669402489439,0.00545046571642,0.0030132685788,0.00265546515584,0.00447312183678]},"spectral_contrast_valleys":{"dmean":[0.512578248978,0.520399808884,0.531634688377,0.561820268631,0.52437210083,0.798118650913],"dmean2":[0.784133672714,0.793183267117,0.784335196018,0.826300919056,0.75336587429,1.21865081787],"dvar":[0.210164964199,0.2102419734,0.220425218344,0.276827067137,0.271130293608,0.446756511927],"dvar2":[0.414554238319,0.434757113457,0.461331397295,0.58289784193,0.53737193346,0.98177587986],"max":[-4.6033244133,-4.51767778397,-5.34995174408,-5.57661294937,-5.3741850853,-8.34917259216],"mean":[-6.83206319809,-7.00438547134,-7.69359922409,-8.28346157074,-8.25724411011,-11.1265926361],"median":[-6.55065727234,-6.7808637619,-7.49539661407,-8.11357116699,-8.0839805603,-10.9571466446],"min":[-27.6566257477,-27.868106842,-27.7289962769,-27.5502376556,-27.4269542694,-27.3217544556],"var":[2.36826992035,2.28342270851,2.2692322731,2.24590134621,2.27266931534,2.08826708794]},"spectral_decrease":{"dmean":1.06429833835e-8,"dmean2":1.63933240316e-8,"dvar":3.04665866196e-16,"dvar2":7.52132169937e-16,"max":6.75057065802e-10,"mean":-2.23497274021e-8,"median":-1.36787399185e-8,"min":-2.28566918281e-7,"var":5.77108587376e-16},"spectral_energy":{"dmean":0.0421310029924,"dmean2":0.0641925036907,"dvar":0.00469632586464,"dvar2":0.0114799719304,"max":0.901572644711,"mean":0.091743901372,"median":0.0586967021227,"min":1.0139789975e-20,"var":0.00912594143301},"spectral_energyband_high":{"dmean":0.000567455717828,"dmean2":0.000877639919054,"dvar":0.00000192727497961,"dvar2":0.00000417481669501,"max":0.0179517064244,"mean":0.000678805459756,"median":0.000103072881757,"min":7.33816962996e-21,"var":0.00000291926471618},"spectral_energyband_low":{"dmean":0.0363469272852,"dmean2":0.0569313205779,"dvar":0.00391020486131,"dvar2":0.00984217040241,"max":0.795180976391,"mean":0.0710692107677,"median":0.0356913134456,"min":3.74679899899e-23,"var":0.00706526311114},"spectral_energyband_middle_high":{"dmean":0.00148625881411,"dmean2":0.00212386599742,"dvar":0.0000073154888014,"dvar2":0.0000149855395648,"max":0.0674103423953,"mean":0.00236446014605,"median":0.000660611491185,"min":1.27017672512e-21,"var":0.0000166912850545},"spectral_energyband_middle_low":{"dmean":0.00595970172435,"dmean2":0.00876273866743,"dvar":0.0000865209731273,"dvar2":0.000183928306797,"max":0.182385504246,"mean":0.0115254614502,"median":0.00555347837508,"min":2.32741356291e-22,"var":0.000272407778539},"spectral_entropy":{"dmean":0.33280941844,"dmean2":0.506761312485,"dvar":0.0965646803379,"dvar2":0.228060334921,"max":9.81684303284,"mean":7.31538391113,"median":7.33819961548,"min":5.14268827438,"var":0.281773507595},"spectral_flux":{"dmean":0.0553387477994,"dmean2":0.088456146419,"dvar":0.00419180840254,"dvar2":0.00981178227812,"max":0.68988776207,"mean":0.131802231073,"median":0.109022602439,"min":6.2563267067e-11,"var":0.00916151888669},"spectral_kurtosis":{"dmean":5.50624799728,"dmean2":8.84480476379,"dvar":41.140914917,"dvar2":104.807090759,"max":83.1214752197,"mean":13.6429672241,"median":11.8653888702,"min":-1.26136505604,"var":65.2557296753},"spectral_rms":{"dmean":0.00202628690749,"dmean2":0.002917886246,"dvar":0.00000609304970567,"dvar2":0.0000128878727992,"max":0.029657766223,"mean":0.00814557261765,"median":0.00756736891344,"min":3.14523103742e-12,"var":0.0000231557423831},"spectral_rolloff":{"dmean":1937.77490234,"dmean2":3712.18164062,"dvar":28748902,"dvar2":74517648,"max":22028.4667969,"mean":2229.88745117,"median":236.865234375,"min":21.533203125,"var":32510380},"spectral_skewness":{"dmean":0.494180798531,"dmean2":0.777917742729,"dvar":0.275803148746,"dvar2":0.690230548382,"max":7.41884088516,"mean":2.59117245674,"median":2.50916838646,"min":-0.0574906505644,"var":0.585331499577},"spectral_spread":{"dmean":989827.125,"dmean2":1519571,"dvar":1147471527940,"dvar2":2410738089980,"max":42738556,"mean":4664907.5,"median":4351147,"min":1521986.75,"var":4704376455170},"spectral_strongpeak":{"dmean":0.502561986446,"dmean2":0.905216157436,"dvar":14.9309206009,"dvar2":36.4324417114,"max":182.902496338,"mean":0.594170987606,"median":0.369649767876,"min":0,"var":11.8012294769},"zerocrossingrate":{"dmean":0.0328694470227,"dmean2":0.0422568023205,"dvar":0.000978916184977,"dvar2":0.00150827760808,"max":0.62744140625,"mean":0.130236789584,"median":0.11328125,"min":0,"var":0.00558981578797}},"metadata":{"audio_properties":{"analysis_sample_rate":44100,"bit_rate":194966,"codec":"mp3","downmix":"mix","equal_loudness":0,"length":175.543930054,"lossless":false,"md5_encoded":"1e9ccb69e0627fea4976207299ef9de2","replay_gain":-0.898992538452,"sample_rate":44100},"tags":{"album":["Survival"],"albumartist":["Bob Marley & The Wailers"],"albumartistsort":["Marley, Bob & Wailers, The"],"artist":["Bob Marley & The Wailers"],"asin":["B000001FXT"],"date":["1979-10-02"],"file_name":"06 - Africa Unite.mp3","genre":["Roots Reggae"],"musicbrainz album release country":["US"],"musicbrainz album status":["official"],"musicbrainz album type":["album"],"musicbrainz_albumartistid":["c296e10c-110a-4103-9e77-47bfebb7fb2e"],"musicbrainz_albumid":["2992a022-7f04-46d5-9fc4-7ccb454ef86d"],"musicbrainz_artistid":["c296e10c-110a-4103-9e77-47bfebb7fb2e"],"musicbrainz_recordingid":["18df99fc-48f4-408e-8689-1e8891360c2b"],"musicip_puid":["10dca85b-4a3f-ef07-5fcf-bb55b4ad6416"],"replaygain_album_gain":["-1.02 dB"],"replaygain_album_peak":["1.020758033"],"replaygain_track_gain":["+0.40 dB"],"replaygain_track_peak":["0.966214657"],"title":["Africa Unite"],"tracknumber":["6/10"]},"version":{"essentia":"2.1-beta1","essentia_build_sha":"ca57ba49d9b1854bd80e60cf9ccf267278fb7d6b","essentia_git_sha":"v2.1_beta1-28-g21ef5f4-dirty","extractor":"music 1.0"}},"rhythm":{"beats_count":372,"beats_loudness":{"dmean":0.0865591317415,"dmean2":0.152831405401,"dvar":0.00968101806939,"dvar2":0.02925013192,"max":0.786366283894,"mean":0.157668396831,"median":0.137722581625,"min":7.27909110765e-8,"var":0.0114060426131},"beats_loudness_band_ratio":{"dmean":[0.11980676651,0.0484779402614,0.0510721541941,0.0200683996081,0.0142559083179,0.0389163903892],"dmean2":[0.204168081284,0.0844076126814,0.0912242233753,0.0375336110592,0.0251247864217,0.0647020936012],"dvar":[0.0125231156126,0.00405592052266,0.00397106213495,0.0005494368379,0.000346232001903,0.00159693241585],"dvar2":[0.0358381643891,0.011261725798