{"lowlevel":{"average_loudness":0.864835619926,"barkbands":{"dmean":[0.00565624330193,0.0132624646649,0.00102789315861,0.000471953419037,0.00070547190262,0.000618201331235,0.000476012530271,0.000341964740073,0.000401173077989,0.000977001618594,0.000649826368317,0.00202378584072,0.00173099874519,0.00122609408572,0.00108438346069,0.000348768109689,0.000466952769784,0.000154897978064,0.000128310755827,0.0000382563302992,0.0000302808439301,0.00000954194183578,0.00000554049256607,0.00000336445441462,0.0000023921625143,0.00000523412154507,0.000574006640818],"dmean2":[0.0097632361576,0.0220729932189,0.00171427452005,0.000780448841397,0.00117296597455,0.00102058344055,0.000791255792137,0.000557800754905,0.00065108545823,0.00161050015595,0.00109578552656,0.00341875175945,0.0028891665861,0.00206618662924,0.00182799412869,0.000589791627135,0.000799611269031,0.000257938168943,0.000204268682864,0.0000610868664808,0.0000459008479083,0.0000146365046021,0.00000863519289851,0.00000554860935154,0.0000040101876948,0.00000830817589303,0.000939917459618],"dvar":[0.000172507367097,0.000605822715443,0.00000360651938536,0.00000110850589863,0.00000242649798565,0.00000263859192273,0.00000115926570743,7.80084803864e-7,0.00000208634833143,0.0000215388790821,0.00000283149279312,0.0000112085372166,0.00000994969741441,0.00000321809943671,0.00000239355108533,1.95747077214e-7,5.29581996034e-7,5.89668829321e-8,4.49837074257e-8,7.79883979618e-9,2.83176304627e-9,2.58623844562e-10,9.4367132164e-11,5.38674244099e-11,1.6668949207e-11,1.52296522615e-10,3.93637037632e-7],"dvar2":[0.00044725369662,0.00155121868011,0.00000865022411745,0.00000254257224697,0.00000627230156169,0.00000670765120958,0.00000305103390019,0.00000183451300018,0.00000482647919853,0.0000566941926081,0.00000754904385758,0.0000300047886412,0.0000232619004237,0.0000084289276856,0.00000611714222032,5.38711844911e-7,0.00000149186303133,1.58085242674e-7,1.0516809823e-7,1.73018523952e-8,6.36100283558e-9,5.77565884008e-10,2.23255150478e-10,1.40209038824e-10,4.22873125405e-11,3.92877563815e-10,0.00000102205160601],"max":[0.128893494606,0.250778377056,0.109441295266,0.0301177538931,0.0433897785842,0.0463119633496,0.0254225451499,0.0375427566469,0.0488023683429,0.145642712712,0.0471158362925,0.0679308101535,0.121804833412,0.0428569726646,0.0355815440416,0.00790731981397,0.0187886916101,0.00459248293191,0.00570802111179,0.00257448852062,0.00174451258499,0.000407404440921,0.000286810914986,0.000164280936588,0.000059565576521,0.000265728420345,0.0168558526784],"mean":[0.0050645605661,0.0149077763781,0.00131902180146,0.000613369862549,0.00106964085717,0.000893141259439,0.000739145267289,0.000515578314662,0.00061434233794,0.00151862227358,0.00100992189255,0.00348550733179,0.00312283285893,0.00229388987646,0.00234156451188,0.000810269964859,0.00101655477192,0.000343404011801,0.000267439405434,0.0000896745114005,0.0000651964583085,0.0000203933395824,0.0000094745100796,0.00000420324067818,0.00000241085558628,0.00000859897681948,0.00230392068624],"median":[0.0016845833743,0.00778478570282,0.000698718242347,0.000265116541414,0.000518430722877,0.000375554373022,0.00033602444455,0.000234841689235,0.000236713764025,0.00055595417507,0.00049053929979,0.0022660009563,0.00220113736577,0.00174886162858,0.00183016981464,0.000648954708595,0.000820771208964,0.000253672362305,0.000161258751177,0.0000573688157601,0.0000411149776482,0.0000127831026475,0.00000547433273823,0.00000219337061935,9.4421511676e-7,0.00000526234543941,0.00222036079504],"min":[2.63293718269e-23,7.38210828624e-24,7.41728674945e-24,1.39602631804e-23,4.30290586303e-23,2.8259963742e-23,3.74546740178e-23,5.33319259959e-23,1.12399072721e-22,1.12803297671e-22,3.91954565328e-23,5.10009082853e-23,1.66731116573e-22,5.12520721312e-23,1.08840199322e-22,9.59550462707e-23,1.29044971833e-22,2.97720699956e-22,3.24396113508e-22,3.20699978312e-22,3.42959335894e-22,5.54544023309e-22,6.38103502538e-22,1.09765978713e-21,1.09417971147e-21,1.60288801318e-21,3.12349942428e-21],"var":[0.000133517853101,0.000542194989976,0.00000643875682727,0.00000178816446805,0.0000038702087295,0.00000403824924433,0.00000195035272554,0.00000142815235904,0.0000043281024773,0.0000417512310378,0.0000046935424507,0.000019597935534,0.0000173206281033,0.00000584840518059,0.00000556414261155,5.11401196945e-7,9.05927549866e-7,1.18744672761e-7,1.0835788089e-7,1.97029965676e-8,7.29333837768e-9,6.60359322779e-10,1.75325226559e-10,5.11846398599e-11,1.71583702108e-11,1.62288904537e-10,0.00000186782108358]},"barkbands_crest":{"dmean":2.89137887955,"dmean2":4.74156522751,"dvar":7.46248722076,"dvar2":18.9009876251,"max":26.147693634,"mean":8.885181427,"median":7.90589094162,"min":2.69731211662,"var":16.8019275665},"barkbands_flatness_db":{"dmean":0.0233601089567,"dmean2":0.038291618228,"dvar":0.000558748317417,"dvar2":0.00147857319098,"max":0.312917977571,"mean":0.126233845949,"median":0.120903216302,"min":0.0507404357195,"var":0.00104641192593},"barkbands_kurtosis":{"dmean":1.94178903103,"dmean2":3.43456435204,"dvar":25.2948436737,"dvar2":78.4233856201,"max":103.858085632,"mean":1.46592819691,"median":0.199257135391,"min":-1.79830026627,"var":27.3287372589},"barkbands_skewness":{"dmean":0.500786602497,"dmean2":0.820072174072,"dvar":0.470065444708,"dvar2":1.21526777744,"max":9.68654823303,"mean":0.957726120949,"median":0.72041285038,"min":-2.1489751339,"var":0.83351457119},"barkbands_spread":{"dmean":9.39226150513,"dmean2":15.5988883972,"dvar":75.307975769,"dvar2":197.198791504,"max":126.547058105,"mean":47.4272384644,"median":48.4563179016,"min":3.91869807243,"var":191.841964722},"dissonance":{"dmean":0.00880932342261,"dmean2":0.0153086511418,"dvar":0.000113153895654,"dvar2":0.000303800537949,"max":0.500000119209,"mean":0.488270789385,"median":0.491145133972,"min":0.147215753794,"var":0.000132209766889},"dynamic_complexity":3.43634152412,"erbbands":{"dmean":[0.717736542225,1.79770338535,1.49715304375,1.25930404663,2.13635206223,2.50866270065,2.58281445503,6.46081781387,7.09422159195,7.11056613922,7.83875274658,8.30333137512,16.6981277466,31.5115242004,30.6082420349,85.7223815918,79.5367431641,47.541557312,61.7615318298,40.6289672852,16.7251739502,26.157333374,9.77622699738,7.58405780792,3.72847247124,1.75341248512,1.50545406342,1.01767599583,0.37326747179,0.258836179972,0.127298623323,0.0834786295891,0.0489597991109,0.0271499026567,0.0170976854861,0.0120590431616,0.0105588091537,0.0129824876785,0.0164210163057,0.0135012995452],"dmean2":[1.20125710964,3.0230884552,2.470703125,2.04295992851,3.57550191879,4.19975709915,4.26424312592,10.692609787,11.9365692139,11.5087537766,12.5977706909,13.4801263809,27.8550891876,51.454574585,51.035533905,143.9559021,132.284118652,80.128288269,103.592124939,68.572517395,28.2775535583,44.7612724304,16.4437236786,12.1868124008,5.8825302124,2.75335454941,2.3261475563,1.57199287415,0.566115319729,0.393705248833,0.200159102678,0.134975492954,0.0815808326006,0.0455888547003,0.0286271814257,0.0199828948826,0.016696613282,0.018813803792,0.0236218404025,0.0219583492726],"dvar":[2.28350543976,9.29133319855,6.54796361923,7.24305009842,26.4423713684,35.8040161133,37.6654815674,316.961303711,313.636901855,288.459411621,723.263244629,810.534667969,2729.03588867,25548.6269531,5906.01318359,20362.7421875,20044.5703125,4005.62207031,8132.28955078,2952.77075195,515.89630127,1909.74365234,228.005004883,148.578521729,41.929889679,17.4941616058,9.30394363403,2.55833482742,0.377089321613,0.207543924451,0.0599719062448,0.0342800505459,0.00985315069556,0.00214783591218,0.000832615245599,0.00051683181664,0.000845013302751,0.000498966197483,0.000603120308369,0.000233066384681],"dvar2":[5.88033723831,24.2072677612,16.0507240295,15.9506244659,71.0935668945,93.0280303955,100.507652283,804.067993164,802.702392578,670.848388672,1600.78430176,1891.75231934,7454.01220703,66805.6875,15926.2353516,54095.8789062,47191.3945312,10429.0390625,21304.5292969,7864.96533203,1442.00817871,5400.33203125,616.95513916,357.090789795,99.9608917236,38.5263977051,20.7557220459,6.12296438217,0.825935065746,0.495470762253,0.143786370754,0.0895427688956,0.0253255590796,0.00544345518574,0.0021098474972,0.00133023399394,0.00222124927677,0.00108875415754,0.00127399468329,0.000597302860115],"max":[14.9609746933,37.8739242554,102.072227478,81.0047912598,202.602096558,213.562561035,202.484527588,458.690887451,584.180664062,555.286743164,1402.96289062,1015.6685791,1669.17529297,5212.58154297,2055.13842773,3570.69091797,5113.97851562,1658.29541016,2119.8581543,1407.52880859,420.283630371,1308.99291992,290.839660645,314.386901855,162.555679321,133.39982605,96.6394882202,31.9148616791,19.5423793793,12.2518548965,8.70493221283,5.01739454269,1.99788749218,0.676083564758,0.42086738348,0.501684963703,0.676871418953,0.50274503231,0.744184195995,0.491875082254],"mean":[0.759479880333,2.01994013786,1.98881351948,1.76414227486,2.97227358818,3.52813839912,3.82666826248,8.9805431366,10.6380147934,11.5815372467,12.4929647446,13.5033311844,26.6898288727,52.2434158325,56.2019805908,156.88609314,154.94303894,103.805908203,131.606079102,94.3719863892,45.0734596252,57.6368255615,24.0334587097,16.8721942902,8.47412776947,4.26538467407,3.15782618523,2.13054823875,0.839166402817,0.49591627717,0.207898184657,0.116237685084,0.0568442493677,0.0278704185039,0.0175152868032,0.0140912979841,0.0175795033574,0.0339245796204,0.0558910183609,0.0650377720594],"median":[0.352329492569,1.03854465485,1.09192991257,0.922109425068,1.25096607208,1.59939491749,1.83114802837,3.65074300766,4.8565196991,4.87720251083,5.57644701004,5.59086227417,12.8300180435,19.1622314453,29.2809391022,107.927246094,112.876121521,85.2931442261,97.8667678833,80.7510070801,35.457447052,47.3488883972,19.539100647,11.4196949005,5.33522033691,2.75641489029,1.92574846745,1.37736988068,0.530170142651,0.29706594348,0.118953406811,0.0648638531566,0.0281163547188,0.011173510924,0.00708886189386,0.00712557695806,0.0109169762582,0.0227262377739,0.039948053658,0.064829647541],"min":[3.12441298832e-22,1.55972881458e-21,6.76188040968e-21,3.44592618756e-20,9.02339083115e-20,1.83501359348e-19,4.57976753323e-20,3.48344419209e-19,2.47548429064e-19,8.2968521205e-19,1.77379679978e-18,2.64078609969e-18,2.90874133296e-18,3.32993260189e-18,2.03222849586e-18,2.11812541221e-18,5.52798599515e-18,5.58731097509e-18,5.55942588946e-18,4.48201817852e-18,5.70558291343e-18,8.16775259474e-18,1.51572989035e-17,1.75003740153e-17,1.24409428238e-17,1.69951982716e-17,1.1960200341e-17,1.57132254865e-17,2.00497777504e-17,1.90948390922e-17,2.09177698e-17,2.36908613707e-17,1.50586063302e-17,1.15846322188e-17,7.85143541977e-18,5.63645625682e-18,3.3187023843e-18,1.46896854314e-18,4.38351957913e-19,4.60746128164e-20],"var":[1.90442836285,8.74243164062,10.0738830566,12.1462335587,33.9489250183,55.3701248169,55.35131073,457.202514648,462.450744629,692.380065918,1478.03820801,1797.62609863,5080.89501953,47909.4570312,11380.8603516,35820.4648438,37438.9804688,8203.20019531,18376.1503906,6672.03613281,1596.66320801,3060.02954102,454.824066162,357.226379395,113.077087402,44.4284095764,22.2278747559,6.40765666962,1.08305323124,0.418009251356,0.0934976264834,0.0342647694051,0.00953021459281,0.00221535400487,0.000866660673637,0.000514298677444,0.000803669448942,0.00144718610682,0.00288819614798,0.00129514723085]},"erbbands_crest":{"dmean":2.31429171562,"dmean2":3.93883728981,"dvar":4.61857128143,"dvar2":12.4577856064,"max":30.1269607544,"mean":9.23444652557,"median":8.49236297607,"min":2.80353999138,"var":11.4798164368},"erbbands_flatness_db":{"dmean":0.0207830760628,"dmean2":0.0325678549707,"dvar":0.000286364986096,"dvar2":0.000670850393362,"max":0.324444711208,"mean":0.187234640121,"median":0.186116203666,"min":0.0265859086066,"var":0.00113912054803},"erbbands_kurtosis":{"dmean":1.33306634426,"dmean2":2.21294355392,"dvar":1.50070166588,"dvar2":3.9714922905,"max":17.5941352844,"mean":3.23259592056,"median":3.07913780212,"min":-1.43196356297,"var":3.57535338402},"erbbands_skewness":{"dmean":0.337028115988,"dmean2":0.548874139786,"dvar":0.0768804475665,"dvar2":0.197021275759,"max":2.68451476097,"mean":-0.729404389858,"median":-0.773371458054,"min":-2.86237931252,"var":0.264923542738},"erbbands_spread":{"dmean":3.11749410629,"dmean2":5.08013486862,"dvar":9.00220012665,"dvar2":22.7225952148,"max":85.137550354,"mean":13.3419656754,"median":12.1534614563,"min":2.47869205475,"var":29.2901515961},"gfcc":{"cov":[[19954.5449219,1859.53088379,-677.950195312,56.6607475281,534.175109863,-519.324890137,479.35269165,-377.798278809,78.6210250854,2.28987574577,311.711090088,23.0970878601,155.30430603],[1859.53088379,687.57623291,-120.99092865,-154.210571289,192.81842041,-88.2758865356,52.336063385,-91.8141174316,61.3778152466,-64.820526123,40.4206809998,-25.6797428131,23.5275707245],[-677.950195312,-120.99092865,185.262512207,104.846824646,-39.847618103,96.5750732422,-42.8362808228,61.4368438721,-24.1162700653,31.7883110046,-11.9861240387,6.57476758957,0.202632263303],[56.6607475281,-154.210571289,104.846824646,210.970321655,-0.183627262712,12.9125776291,58.9206428528,10.0452060699,-6.2778878212,42.9386367798,8.94561958313,21.8490180969,-14.3802576065],[534.175109863,192.81842041,-39.847618103,-0.183627262712,153.438995361,-11.7843837738,47.8167381287,-27.3399677277,37.5976371765,-16.0741767883,18.0641307831,-6.09563589096,3.18664860725],[-519.324890137,-88.2758865356,96.5750732422,12.9125776291,-11.7843837738,152.664825439,-28.9020404816,70.8011398315,-9.7021074295,12.8754415512,-16.6209106445,-0.958552837372,8.23181343079],[479.35269165,52.336063385,-42.8362808228,58.9206428528,47.8167381287,-28.9020404816,158.903289795,-15.6546411514,43.8610229492,5.93939113617,9.53968334198,19.4292163849,-6.51382446289],[-377.798278809,-91.8141174316,61.4368438721,10.0452060699,-27.3399677277,70.8011398315,-15.6546411514,104.921066284,13.1566514969,30.9220275879,-1.24331843853,-4.59573745728,12.4915294647],[78.6210250854,61.3778152466,-24.1162700653,-6.2778878212,37.5976371765,-9.7021074295,43.8610229492,13.1566514969,93.4098052979,29.6972332001,10.8774309158,9.78305053711,-7.49742794037],[2.28987574577,-64.820526123,31.7883110046,42.9386367798,-16.0741767883,12.8754415512,5.93939113617,30.9220275879,29.6972332001,68.5252380371,28.6876125336,17.289390564,6.22724819183],[311.711090088,40.4206809998,-11.9861240387,8.94561958313,18.0641307831,-16.6209106445,9.53968334198,-1.24331843853,10.8774309158,28.6876125336,55.160774231,26.8703975677,14.1431627274],[23.0970878601,-25.6797428131,6.57476758957,21.8490180969,-6.09563589096,-0.958552837372,19.4292163849,-4.59573745728,9.78305053711,17.289390564,26.8703975677,50.3898735046,21.3007164001],[155.30430603,23.5275707245,0.202632263303,-14.3802576065,3.18664860725,8.23181343079,-6.51382446289,12.4915294647,-7.49742794037,6.22724819183,14.1431627274,21.3007164001,53.2402877808]],"icov":[[0.000113892892841,-0.000587151211221,0.00099460943602,-0.000858921557665,0.000288506387733,-0.000244040871621,0.000182153118658,-0.000236355437664,0.000443535071099,-0.000512395286933,0.000215577121708,-0.000161496092915,-0.0000805998352007],[-0.000587151211221,0.00890353694558,-0.0115815382451,0.0104691525921,-0.00520287780091,0.00349375139922,-0.00451864954084,0.00638417061418,-0.00670243101195,0.00802377797663,-0.00996274780482,0.00934738665819,-0.00460508093238],[0.00099460943602,-0.0115815382451,0.0341265052557,-0.0242732428014,0.00733175780624,-0.0118749048561,0.0124007500708,-0.0114258909598,0.00909348577261,-0.0108199445531,0.0150168659166,-0.0136905470863,0.00516015011817],[-0.000858921557665,0.0104691525921,-0.0242732428014,0.0269240625203,-0.00931989680976,0.00876293890178,-0.0121310027316,0.00771370297298,-0.00103009515442,0.0000761615447118,-0.00709834927693,0.00527386181056,0.000774261367042],[0.000288506387733,-0.00520287780091,0.00733175780624,-0.00931989680976,0.0160831399262,-0.00615980476141,0.0012579363538,0.00127526035067,-0.00530614377931,0.00531011307612,-0.00546753872186,0.00526444707066,-0.00326524022967],[-0.000244040871621,0.00349375139922,-0.0118749048561,0.00876293890178,-0.00615980476141,0.0161367114633,-0.00287985056639,-0.00498413527384,0.00159990077373,0.000042768111598,0.00261921016499,-0.00213706679642,0.000650296686217],[0.000182153118658,-0.00451864954084,0.0124007500708,-0.0121310027316,0.0012579363538,-0.00287985056639,0.0148813696578,-0.00518136704341,-0.00109965750016,-0.00112089980394,0.00766849145293,-0.00978699326515,0.00340284290724],[-0.000236355437664,0.00638417061418,-0.0114258909598,0.00771370297298,0.00127526035067,-0.00498413527384,-0.00518136704341,0.0256955940276,-0.0110965464264,0.0032246070914,-0.0132258944213,0.0190994907171,-0.0120411189273],[0.000443535071099,-0.00670243101195,0.00909348577261,-0.00103009515442,-0.00530614377931,0.00159990077373,-0.00109965750016,-0.0110965464264,0.029769372195,-0.0236260034144,0.0189416389912,-0.0190061032772,0.0134223457426],[-0.000512395286933,0.00802377797663,-0.0108199445531,0.0000761615447118,0.00531011307612,0.000042768111598,-0.00112089980394,0.0032246070914,-0.0236260034144,0.0475490316749,-0.032544862479,0.0170394107699,-0.0102679478005],[0.000215577121708,-0.00996274780482,0.0150168659166,-0.00709834927693,-0.00546753872186,0.00261921016499,0.00766849145293,-0.0132258944213,0.0189416389912,-0.032544862479,0.0578641444445,-0.0371585935354,0.0117322150618],[-0.000161496092915,0.00934738665819,-0.0136905470863,0.00527386181056,0.00526444707066,-0.00213706679642,-0.00978699326515,0.0190994907171,-0.0190061032772,0.0170394107699,-0.0371585935354,0.0590588748455,-0.0262734331191],[-0.0000805998352007,-0.00460508093238,0.00516015011817,0.000774261367042,-0.00326524022967,0.000650296686217,0.00340284290724,-0.0120411189273,0.0134223457426,-0.0102679478005,0.0117322150618,-0.0262734331191,0.0350649543107]],"mean":[-6.55770349503,88.9212036133,-122.613349915,-15.3203001022,22.0071525574,-7.42782497406,4.79740953445,-20.1632080078,7.30233001709,-5.1320142746,5.17668581009,-0.52611386776,-3.24942779541]},"hfc":{"dmean":42.6779632568,"dmean2":68.0245513916,"dvar":2166.15478516,"dvar2":5368.87695312,"max":987.205078125,"mean":198.453948975,"median":203.292709351,"min":1.29035503642e-16,"var":9989.70019531},"melbands":{"dmean":[0.00506881671026,0.00122710154392,0.000229425160796,0.000163438700838,0.0000939711462706,0.000138028568472,0.000102717349364,0.0000740166360629,0.0000702466713847,0.000051898197853,0.0000932280017878,0.000138320683618,0.0000947052976699,0.000161776188179,0.000297689985018,0.000132680870593,0.0000996497401502,0.000116239076306,0.0000825726383482,0.0000336224657076,0.0000207909251912,0.0000317398626066,0.0000174145461642,0.00000608921027379,0.00000699147767591,0.00000437984590462,0.0000014996758182,0.0000012190854477,0.00000120684796912,7.63644550261e-7,5.137617336e-7,2.22631243219e-7,1.98276183028e-7,1.41532353837e-7,7.68377219629e-8,6.2610645557e-8,4.83938400464e-8,3.59904923641e-8,2.69974620437e-8,2.17572555528e-8],"dmean2":[0.00847297720611,0.00202346476726,0.000375461473595,0.000271902943496,0.000154889959958,0.000227441589232,0.000172322135768,0.000120575030451,0.00011225588969,0.0000847438786877,0.000155771194841,0.000226499614655,0.000158802751685,0.00027301418595,0.000499173242133,0.000222995920922,0.000168105136254,0.000195740329218,0.000139127325383,0.0000569999974687,0.0000351718808815,0.0000542752532056,0.0000298360191664,0.0000101273162727,0.0000113216919999,0.0000070487708399,0.00000242281657847,0.00000195716802409,0.00000192397487808,0.00000119145136068,8.03997465937e-7,3.50403212224e-7,3.06157630803e-7,2.21757801455e-7,1.22909895595e-7,1.00942024517e-7,7.93999106463e-8,6.00636127501e-8,4.52563035935e-8,3.65402321734e-8],"dvar":[0.000104230639408,0.00000403222520617,2.11923946836e-7,1.44253704093e-7,4.53613644424e-8,1.3775471075e-7,6.17025861516e-8,2.9777154964e-8,6.9484705989e-8,3.35735350632e-8,9.29328933807e-8,5.14686519182e-7,6.26292404604e-8,9.19408762456e-8,3.12481205356e-7,4.3974846875e-8,1.95108391665e-8,2.88036563489e-8,1.41555522859e-8,1.94154803346e-9,9.17645681664e-10,3.15537440621e-9,7.23986204321e-10,7.8402118131e-11,1.28733038118e-10,5.51838123808e-11,1.20427383343e-11,9.06439680259e-12,6.17265656991e-12,1.99599690075e-12,6.20185706176e-13,1.61226053666e-13,1.04666607683e-13,6.62896929189e-14,2.22989199127e-14,1.57472335681e-14,1.36931286961e-14,5.94953570459e-15,2.2594963857e-15,1.4073957462e-15],"dvar2":[0.000267985305982,0.0000103414668047,5.05445257204e-7,3.69658067711e-7,1.21448280765e-7,3.47494989228e-7,1.58955103302e-7,6.99689124417e-8,1.5217149496e-7,7.979335237e-8,2.51144996355e-7,0.00000134511310534,1.69839964315e-7,2.44588989062e-7,7.64327864999e-7,1.09666331127e-7,5.05110904214e-8,7.59761320523e-8,3.57723237698e-8,5.2115840532e-9,2.53219578639e-9,8.91851925644e-9,2.02686378792e-9,2.07210928971e-10,3.16500103903e-10,1.35230354692e-10,2.98230641571e-11,2.04519214064e-11,1.47452640376e-11,4.65807730929e-12,1.50234154544e-12,3.64602689403e-13,2.41187874794e-13,1.64158603703e-13,5.3323587001e-14,3.9365324287e-14,3.63591670877e-14,1.53604342787e-14,5.75301643753e-15,3.57042005553e-15],"max":[0.0982572510839,0.0378734506667,0.0124002965167,0.0112679544836,0.00797066837549,0.0107781635597,0.00814126897603,0.00532242609188,0.0136588178575,0.00727345934138,0.0084980931133,0.0233489628881,0.00773529522121,0.00802854541689,0.0226623173803,0.00537516269833,0.00394762679935,0.00420448975638,0.00265836855397,0.00136382610071,0.000450843275758,0.00159664044622,0.000507314573042,0.000210808371776,0.000283618370304,0.000192696621525,0.000130325701321,0.000104774640931,0.0000787176541053,0.0000447972306574,0.0000178919108293,0.000012995540601,0.00000637736957287,0.00000702438319422,0.00000448416631116,0.00000437562948719,0.00000335892696057,0.00000192572997548,7.56643430577e-7,5.47263880435e-7],"mean":[0.00546872615814,0.00157618534286,0.000347038352629,0.000241696034209,0.000141509968671,0.000197723231395,0.000158738796017,0.00011923344573,0.000108854161226,0.0000808218610473,0.000142643242725,0.000221264039283,0.000156053356477,0.000295898353215,0.000505411415361,0.00024978898,0.000187685742276,0.000220526868361,0.000170868835994,0.0000769280813984,0.0000470532941108,0.0000643594175926,0.0000354593685188,0.000013756154658,0.0000139548355946,0.00000856906444824,0.0000033611231629,0.00000263674496637,0.00000224166933549,0.00000150137350374,0.00000103843956367,4.54679309314e-7,3.74288958938e-7,2.44414792405e-7,1.19113202857e-7,9.23182312818e-8,6.22139140205e-8,4.1356592817e-8,2.87367161178e-8,2.16125499719e-8],"median":[0.00268708122894,0.000885661516804,0.000184966280358,0.00011297432502,0.0000681431265548,0.0000821571520646,0.0000733726992621,0.0000513900304213,0.000044985961722,0.0000326101726387,0.0000654564137221,0.0000772996500018,0.0000750680119381,0.000184997305041,0.000345715845469,0.000184541961062,0.000146736230818,0.000157614122145,0.00013474948355,0.0000651564841974,0.0000332590934704,0.0000502166949445,0.0000286938447971,0.0000102715730463,0.00000893303331395,0.00000503823230247,0.00000212815643863,0.0000016615115328,0.00000130839259782,9.03960483356e-7,6.7572301532e-7,2.76479198646e-7,2.26309012419e-7,1.38220826784e-7,6.55456204868e-8,5.25252126238e-8,3.30572476059e-8,2.02226413393e-8,1.25169972165e-8,8.15889844574e-9],"min":[3.93309875695e-24,3.16641904266e-24,6.3495942798e-24,1.19320063409e-23,2.41717532374e-24,6.7758923464e-24,5.24319358884e-24,8.00152660218e-24,1.63197903241e-23,1.65703641021e-23,1.39060384595e-23,1.3600897595e-23,6.33629250722e-24,4.90895677317e-24,7.69501548632e-24,1.66063282707e-23,9.09165112053e-24,8.48712413189e-24,6.08872468377e-24,6.50686316759e-24,6.7623831034e-24,8.32027847271e-24,1.09744648861e-23,1.41711856538e-23,1.42191405082e-23,1.32708097933e-23,7.57023899036e-24,1.15447221793e-23,8.51694307411e-24,5.00926043727e-24,1.12380540801e-23,1.34610436006e-23,7.87326334102e-24,1.09578743524e-23,1.07548957083e-23,1.57668098736e-23,1.34935588694e-23,1.06638248722e-23,9.85778809851e-24,9.3707540531e-24],"var":[0.0000879785075085,0.00000470509530714,3.61050666697e-7,2.27050847457e-7,7.10373839752e-8,2.07924401252e-7,9.46418410308e-8,6.90856651886e-8,1.46396061496e-7,7.01750479948e-8,1.67833732689e-7,9.69277266449e-7,1.09952949856e-7,1.80189701382e-7,4.65741237576e-7,8.13020193391e-8,3.47585356053e-8,5.88097179843e-8,3.14894883502e-8,4.16094847466e-9,2.39672504065e-9,4.774238338e-9,1.03668384988e-9,1.90484614193e-10,2.75424572038e-10,1.21386040108e-10,2.67306680263e-11,1.98887625119e-11,1.22636883287e-11,4.58594577243e-12,1.48669401442e-12,3.98248355951e-13,2.1890419978e-13,1.2193051473e-13,3.51107760487e-14,1.8797599111e-14,1.23012426525e-14,5.5761906865e-15,2.29468721653e-15,1.43510971132e-15]},"melbands_crest":{"dmean":5.12100362778,"dmean2":8.10643672943,"dvar":23.4033946991,"dvar2":52.6667747498,"max":38.1703643799,"mean":16.4754047394,"median":15.4255313873,"min":1.61658537388,"var":62.5732574463},"melbands_flatness_db":{"dmean":0.0319411680102,"dmean2":0.0510208681226,"dvar":0.000924797437619,"dvar2":0.0023362506181,"max":0.439508408308,"mean":0.219439804554,"median":0.215239956975,"min":0.00443065306172,"var":0.0024230631534},"melbands_kurtosis":{"dmean":3.50910258293,"dmean2":6.03743362427,"dvar":63.7382621765,"dvar2":171.340408325,"max":125.869155884,"mean":2.04661107063,"median":-0.346034526825,"min":-1.76971316338,"var":56.2700843811},"melbands_skewness":{"dmean":0.827273905277,"dmean2":1.30678749084,"dvar":0.880570352077,"dvar2":2.12947034836,"max":10.5210494995,"mean":1.21221661568,"median":0.976278245449,"min":-1.58321893215,"var":1.72217452526},"melbands_spread":{"dmean":9.46553707123,"dmean2":15.3900918961,"dvar":78.8640289307,"dvar2":190.404937744,"max":145.926071167,"mean":39.4788398743,"median":41.4764900208,"min":2.28817629814,"var":213.004394531},"mfcc":{"cov":[[10637.6289062,1638.68811035,-954.247131348,796.911682129,-243.787643433,267.982269287,72.0695419312,35.9477233887,-147.967773438,106.783477783,-3.85958600044,101.71005249,123.660224915],[1638.68811035,923.231628418,-378.561248779,21.0061817169,70.9790267944,44.2176895142,-22.5441913605,15.1717433929,0.93759906292,-21.4283313751,13.8639583588,26.8126468658,7.77473926544],[-954.247131348,-378.561248779,341.562194824,-63.3456573486,37.4239501953,-18.7357196808,24.4534091949,-3.45841526985,18.0122146606,7.45937681198,2.23644375801,-13.9176120758,-3.87870597839],[796.911682129,21.0061817169,-63.3456573486,267.855743408,-63.4694213867,62.0400810242,23.4553413391,9.84651279449,-29.0084133148,33.8581809998,4.0971622467,15.7531700134,18.2702465057],[-243.787643433,70.9790267944,37.4239501953,-63.4694213867,149.809967041,3.25681352615,6.81031036377,-2.82326722145,19.7951126099,-16.3430023193,21.0250587463,6.952480793,-3.32341217995],[267.982269287,44.2176895142,-18.7357196808,62.0400810242,3.25681352615,96.6681442261,21.1355743408,28.008020401,6.27094984055,14.7247409821,7.59983062744,14.8876552582,-1.39117634296],[72.0695419312,-22.5441913605,24.4534091949,23.4553413391,6.81031036377,21.1355743408,74.0589599609,22.3465747833,7.81946897507,4.09054422379,-1.7120423317,-7.69659423828,4.65542125702],[35.9477233887,15.1717433929,-3.45841526985,9.84651279449,-2.82326722145,28.008020401,22.3465747833,59.9665260315,25.675775528,16.904882431,5.31592750549,3.8301024437,-4.27426195145],[-147.967773438,0.93759906292,18.0122146606,-29.0084133148,19.7951126099,6.27094984055,7.81946897507,25.675775528,66.872756958,23.4049606323,17.7508640289,6.04173946381,-2.27988481522],[106.783477783,-21.4283313751,7.45937681198,33.8581809998,-16.3430023193,14.7247409821,4.09054422379,16.904882431,23.4049606323,56.8585281372,23.1129894257,12.271572113,6.55197906494],[-3.85958600044,13.8639583588,2.23644375801,4.0971622467,21.0250587463,7.59983062744,-1.7120423317,5.31592750549,17.7508640289,23.1129894257,48.5521430969,25.8338317871,7.52059412003],[101.71005249,26.8126468658,-13.9176120758,15.7531700134,6.952480793,14.8876552582,-7.69659423828,3.8301024437,6.04173946381,12.271572113,25.8338317871,48.1981620789,22.2751312256],[123.660224915,7.77473926544,-3.87870597839,18.2702465057,-3.32341217995,-1.39117634296,4.65542125702,-4.27426195145,-2.27988481522,6.55197906494,7.52059412003,22.2751312256,47.1070709229]],"icov":[[0.000202105831704,-0.000338377954904,0.0000985261722235,-0.000362411490642,0.000222022164962,-0.000114124479296,-0.000251927907811,0.000156709982548,0.000266584887868,-0.000388359854696,0.000201561051654,-0.0000928020963329,-0.000195995380636],[-0.000338377954904,0.00301780505106,0.00272502261214,0.000789336569142,-0.00215449230745,-0.00041587324813,0.000675703922752,-0.000710288470145,-0.000585983507335,0.00093582336558,-0.000328184105456,0.000283936969936,-0.000227462558541],[0.0000985261722235,0.00272502261214,0.00679930858314,0.000823394861072,-0.00263866316527,-0.000401792902267,-0.00130741891917,0.000396067509428,-0.000192610808881,-0.00138195371255,0.000420098745963,0.000721220276318,-0.000725991500076],[-0.000362411490642,0.000789336569142,0.000823394861072,0.00683999061584,0.00119373016059,-0.00320433708839,-0.00130027614068,0.000526957912371,0.00298148812726,-0.00300785480067,-0.000495733402204,-0.00000557181056138,-0.00095364212757],[0.000222022164962,-0.00215449230745,-0.00263866316527,0.00119373016059,0.0109301228076,-0.00161398353521,-0.00174305820838,0.00209091976285,-0.00202573649585,0.00453587481752,-0.00558230979368,-0.0000138057966979,0.000346766377334],[-0.000114124479296,-0.00041587324813,-0.000401792902267,-0.00320433708839,-0.00161398353521,0.0159447584301,-0.00256203487515,-0.00519185001031,0.000249876407906,-0.00096242967993,0.00208427989855,-0.00626517878845,0.00449282396585],[-0.000251927907811,0.000675703922752,-0.00130741891917,-0.00130027614068,-0.00174305820838,-0.00256203487515,0.0188108999282,-0.00682032527402,-0.000951702764723,0.00251183588989,-0.00153509434313,0.00763109093532,-0.00548882223666],[0.000156709982548,-0.000710288470145,0.000396067509428,0.000526957912371,0.00209091976285,-0.00519185001031,-0.00682032527402,0.0265289843082,-0.00797438435256,-0.00400301860645,0.00281735765748,-0.00314400927164,0.00381712662056],[0.000266584887868,-0.000585983507335,-0.000192610808881,0.00298148812726,-0.00202573649585,0.000249876407906,-0.000951702764723,-0.00797438435256,0.0248590502888,-0.00979320891201,-0.00298337615095,0.000223679453484,0.00039540763828],[-0.000388359854696,0.00093582336558,-0.00138195371255,-0.00300785480067,0.00453587481752,-0.00096242967993,0.00251183588989,-0.00400301860645,-0.00979320891201,0.0327743552625,-0.0145496958867,0.00312297302298,-0.00258839153685],[0.000201561051654,-0.000328184105456,0.000420098745963,-0.000495733402204,-0.00558230979368,0.00208427989855,-0.00153509434313,0.00281735765748,-0.00298337615095,-0.0145496958867,0.0403973720968,-0.0200254935771,0.00472614448518],[-0.0000928020963329,0.000283936969936,0.000721220276318,-0.00000557181056138,-0.0000138057966979,-0.00626517878845,0.00763109093532,-0.00314400927164,0.000223679453484,0.00312297302298,-0.0200254935771,0.0428385622799,-0.0184503346682],[-0.000195995380636,-0.000227462558541,-0.000725991500076,-0.00095364212757,0.000346766377334,0.00449282396585,-0.00548882223666,0.00381712662056,0.00039540763828,-0.00258839153685,0.00472614448518,-0.0184503346682,0.0314853861928]],"mean":[-661.054260254,161.095016479,-62.4625854492,16.8737373352,18.1607151031,28.0222301483,6.91525554657,8.60048484802,2.18307065964,2.675583601,6.96261787415,10.1042871475,3.12275123596]},"pitch_salience":{"dmean":0.0926195532084,"dmean2":0.148577705026,"dvar":0.0083432616666,"dvar2":0.0197837110609,"max":0.973451972008,"mean":0.568160295486,"median":0.59010386467,"min":0.0605830363929,"var":0.0181141179055},"silence_rate_20dB":{"dmean":0,"dmean2":0,"dvar":0,"dvar2":0,"max":1,"mean":1,"median":1,"min":1,"var":0},"silence_rate_30dB":{"dmean":0.0893633067608,"dmean2":0.178743511438,"dvar":0.0813833624125,"dvar2":0.177408501506,"max":1,"mean":0.916123569012,"median":1,"min":0,"var":0.0768395289779},"silence_rate_60dB":{"dmean":0.000944643863477,"dmean2":0.00188946619164,"dvar":0.000943808932789,"dvar2":0.00226401840337,"max":1,"mean":0.0832152664661,"median":0,"min":0,"var":0.0762653201818},"spectral_centroid":{"dmean":134.641235352,"dmean2":213.688430786,"dvar":20062.234375,"dvar2":40151.2460938,"max":10948.2802734,"mean":1655.76782227,"median":1618.97131348,"min":670.711120605,"var":120809.03125},"spectral_complexity":{"dmean":2.94577741623,"dmean2":4.83268785477,"dvar":6.60805749893,"dvar2":16.7919006348,"max":58,"mean":28.4731273651,"median":31,"min":0,"var":105.138450623},"spectral_contrast_coeffs":{"dmean":[0.0481196604669,0.044261328876,0.0373088717461,0.0291285496205,0.0224194917828,0.0380166471004],"dmean2":[0.08007927984,0.0747961997986,0.0635451301932,0.0496608093381,0.0377493575215,0.0605413913727],"dvar":[0.00144972768612,0.00128648290411,0.00086532504065,0.000504978641402,0.000318423786666,0.000967353407759],"dvar2":[0.00395052880049,0.00357201439328,0.00244962028228,0.00146126362961,0.000885881658178,0.00250643980689],"max":[-0.415172100067,-0.454268634319,-0.514713943005,-0.600725710392,-0.612437129021,-0.54943972826],"mean":[-0.753228902817,-0.799920797348,-0.803799033165,-0.793170511723,-0.763436734676,-0.745601117611],"median":[-0.759671330452,-0.806793808937,-0.808766782284,-0.792830944061,-0.763348340988,-0.743419528008],"min":[-0.959599733353,-0.968440294266,-0.994165897369,-0.965430498123,-0.955669641495,-0.960423231125],"var":[0.00379242631607,0.00376420281827,0.00267604738474,0.0016800557496,0.0015160816256,0.00352160236798]},"spectral_contrast_valleys":{"dmean":[0.409109801054,0.332120329142,0.265864610672,0.200808033347,0.206306234002,0.562899172306],"dmean2":[0.665005207062,0.560610413551,0.446846783161,0.339167714119,0.315967589617,0.889229238033],"dvar":[0.111928857863,0.0785989239812,0.0527356564999,0.037126712501,0.0503873229027,0.223951518536],"dvar2":[0.268345445395,0.196309730411,0.12603585422,0.0784990787506,0.0940283462405,0.579819500446],"max":[-5.03034353256,-4.9387140274,-4.64090442657,-5.21472597122,-5.77612257004,-8.99996376038],"mean":[-7.13042593002,-6.85386323929,-6.79278516769,-6.44900655746,-7.62448358536,-11.3351459503],"median":[-6.78713321686,-6.55818223953,-6.50897026062,-6.10751247406,-7.2428483963,-11.147942543],"min":[-27.8015785217,-27.563867569,-27.3207187653,-27.0909957886,-27.3459434509,-27.2330589294],"var":[2.55193758011,2.02084612846,1.99648010731,1.97539842129,1.93482887745,1.43150031567]},"spectral_decrease":{"dmean":5.09469533228e-9,"dmean2":8.35281444012e-9,"dvar":8.14872032689e-17,"dvar2":2.06999314548e-16,"max":1.52565060585e-9,"mean":-8.55156478963e-9,"median":-6.03778627095e-9,"min":-9.20958953543e-8,"var":9.01414712399e-17},"spectral_energy":{"dmean":0.0215194970369,"dmean2":0.0348834618926,"dvar":0.00137672992423,"dvar2":0.00345563469455,"max":0.403229504824,"mean":0.050276003778,"median":0.0417075157166,"min":1.121187421e-20,"var":0.00179578468669},"spectral_energyband_high":{"dmean":0.000361112150131,"dmean2":0.000558738305699,"dvar":2.51813673913e-7,"dvar2":6.0493186993e-7,"max":0.0163280908018,"mean":0.00124286487699,"median":0.00103924667928,"min":8.32078345729e-21,"var":9.65587901192e-7},"spectral_energyband_low":{"dmean":0.0176106020808,"dmean2":0.0292371604592,"dvar":0.00115276593715,"dvar2":0.00295078312047,"max":0.324655860662,"mean":0.0204209666699,"median":0.0110245812684,"min":3.43044116353e-23,"var":0.00101085496135},"spectral_energyband_middle_high":{"dmean":0.00448565464467,"dmean2":0.00728797027841,"dvar":0.0000512717560923,"dvar2":0.000130189029733,"max":0.171216413379,"mean":0.0161793120205,"median":0.0135525176302,"min":1.51432051675e-21,"var":0.00018224856467},"spectral_energyband_middle_low":{"dmean":0.00189287110697,"dmean2":0.00302173662931,"dvar":0.0000107044597826,"dvar2":0.0000262881767412,"max":0.0719486102462,"mean":0.00463549187407,"median":0.00284671131521,"min":3.30565535901e-22,"var":0.0000291014093818},"spectral_entropy":{"dmean":0.0966033786535,"dmean2":0.149703934789,"dvar":0.00693030375987,"dvar2":0.0161974728107,"max":9.79947662354,"mean":7.59132242203,"median":7.59175395966,"min":6.66199731827,"var":0.0440032705665},"spectral_flux":{"dmean":0.0336317904294,"dmean2":0.0562087930739,"dvar":0.00235255993903,"dvar2":0.00559267355129,"max":0.525052547455,"mean":0.128630444407,"median":0.12073623389,"min":1.05886140134e-10,"var":0.00502409227192},"spectral_kurtosis":{"dmean":6.36115932465,"dmean2":9.8646736145,"dvar":36.898651123,"dvar2":89.9045562744,"max":97.5073776245,"mean":33.4582138062,"median":32.1923904419,"min":-1.18352532387,"var":121.835342407},"spectral_rms":{"dmean":0.00122710422147,"dmean2":0.00191908341367,"dvar":0.00000289267995868,"dvar2":0.00000681476149111,"max":0.0198341794312,"mean":0.00638531008735,"median":0.00637889141217,"min":3.3073272853e-12,"var":0.00000827737494546},"spectral_rolloff":{"dmean":4547.83056641,"dmean2":8738.33203125,"dvar":54278468,"dvar2":125012040,"max":22050,"mean":15790.6064453,"median":20327.34375,"min":43.06640625,"var":63806028},"spectral_skewness":{"dmean":0.391926556826,"dmean2":0.60264569521,"dvar":0.126379191875,"dvar2":0.294681549072,"max":7.60800170898,"mean":4.03825521469,"median":3.98137307167,"min":0.0125862862915,"var":0.599491655827},"spectral_spread":{"dmean":334504.75,"dmean2":526768.9375,"dvar":166861258752,"dvar2":284610297856,"max":39403616,"mean":3151384.25,"median":3049708,"min":1606015.25,"var":748297650176},"spectral_strongpeak":{"dmean":1.18788731098,"dmean2":2.17676734924,"dvar":22.0350646973,"dvar2":61.6291389465,"max":74.5992202759,"mean":1.06652629375,"median":0.220330104232,"min":0,"var":16.7051353455},"zerocrossingrate":{"dmean":0.03022011742,"dmean2":0.0390269346535,"dvar":0.000604913220741,"dvar2":0.000997729599476,"max":0.53466796875,"mean":0.287132978439,"median":0.28564453125,"min":0.0576171875,"var":0.00369583209977}},"metadata":{"audio_properties":{"analysis_sample_rate":44100,"bit_rate":257805,"codec":"mp3","downmix":"mix","equal_loudness":0,"length":245.787185669,"lossless":false,"md5_encoded":"f926d31be9e92b43989f30d4f68f8c5f","replay_gain":-5.70809936523,"sample_rate":44100},"tags":{"album":["Show No Mercy"],"albumartist":["Slayer"],"albumartistsort":["Slayer"],"artist":["Slayer"],"artists":["Slayer"],"artistsort":["Slayer"],"asin":["B00004SFHY"],"barcode":["5020083100720"],"catalognumber":["CD ZORRO 7"],"composer":["Kerry King","Jeff Hanneman"],"date":["1984"],"file_name":"07 - Black Magic.mp3","isrc":["USMBR0400658"],"label":["Metal Blade Records"],"lyricist":["Kerry King"],"media":["CD"],"musicbrainz album release country":["GB"],"musicbrainz album status":["official"],"musicbrainz album type":["album"],"musicbrainz disc id":["yatNfVRCmmeNO_TpyLAgN9Sp06M-"],"musicbrainz release track id":["bcd9f627-154f-3382-8d81-54c6d8871d89"],"musicbrainz_albumartistid":["bdacc37b-8633-4bf8-9dd5-4662ee651aec"],"musicbrainz_albumid":["694f3ae9-d1e9-4141-bf76-a0c2851d0b05"],"musicbrainz_artistid":["bdacc37b-8633-4bf8-9dd5-4662ee651aec"],"musicbrainz_recordingid":["1902046b-2587-44d5-abbf-255941049bb2"],"musicbrainz_releasegroupid":["d8070bff-c9e8-30fe-8e90-6313bb1586d0"],"musicbrainz_workid":["182cba5e-d525-3bb2-8f23-9b162442e3de"],"originaldate":["1983"],"script":["Latn"],"title":["Black Magic"],"tracknumber":["7/12"],"work":["Black Magic"]},"version":{"essentia":"2.1-beta1","essentia_build_sha":"ca57ba49d9b1854bd80e60cf9ccf267278fb7d6b","essentia_git_sha":"v2.1_beta1-28-g21ef5f4-dirty","extractor":"music 1.0"}},"rhythm":{"beats_count":600,"beats_loudness":{"dmean":0.0224565211684,"dmean2":0.0396669320762,"dvar":0.000653849798255,"dvar2":0.00190818065312,"max":0.249500155449,"mean":0.0535509549081,"median":0.0528011769056,"min":4.47449854946e-10,"var":0.00110032281373},"beats_loudness_band_ratio":{"dmean":[0.165684744716,0.0279625933617,0.0287061836571,0.091573946178,0.0577060654759,0.0634487867355],"dmean2":[0.288286566734,0.0484683103859,0.0510067492723,0