{"lowlevel":{"average_loudness":0.72873455286,"barkbands":{"dmean":[0.00887167174369,0.0140439672396,0.00177482550498,0.0015691925073,0.0048735239543,0.00130325171631,0.000791212078184,0.000667168351356,0.000459157075966,0.000223751208978,0.0000676660638419,0.0000632647133898,0.0000343035571859,0.0000415207978222,0.0000575641570322,0.0000148868120959,0.0000102408539533,0.00000998226005322,0.0000210787275137,0.0000115320244731,0.00000488301475343,0.0000039685514821,0.00000288706655738,0.00000266884808298,0.00000256126872955,0.0000025275110147,0.00000549279229745],"dmean2":[0.0137174827978,0.0229262504727,0.00290232733823,0.00248433533125,0.00750737404451,0.00200867862441,0.00122188252863,0.00101874768734,0.000699015508872,0.000339916179655,0.000106657840661,0.0000992579662125,0.0000548856733076,0.0000669109431328,0.0000926552020246,0.0000238473548961,0.0000163616041391,0.0000156841433636,0.0000296454436466,0.0000168692495208,0.00000782409460953,0.00000632544015389,0.00000474394164485,0.00000440619260189,0.00000423106985181,0.00000416870534536,0.00000807655123936],"dvar":[0.000362780643627,0.000896379468031,0.00000647815431876,0.00000818583703222,0.0000733443448553,0.0000107045161712,0.00000478969104734,0.00000505895968672,0.00000215410864257,9.48481726937e-7,1.1842202241e-7,2.73368083725e-8,7.15624626224e-9,1.39653257847e-8,7.49189155158e-8,1.18641108049e-9,4.13712841763e-10,4.9459325524e-10,1.95856220131e-8,4.28583257772e-9,6.2653715549e-11,4.21236517889e-11,2.67987108199e-11,2.44149978013e-11,2.27070653946e-11,2.17556597737e-11,2.77856626596e-10],"dvar2":[0.000759364513215,0.00215639988892,0.0000167992729985,0.0000176040357474,0.00016198879166,0.0000239394667005,0.00000977286981652,0.0000107063387986,0.00000482237464894,0.00000223398410526,2.73266550721e-7,6.32097325592e-8,1.65530131824e-8,3.486755773e-8,2.00816131724e-7,2.89569213052e-9,9.94514470776e-10,1.09417308547e-9,3.35411947106e-8,7.96764609845e-9,1.47570816678e-10,9.68765762055e-11,6.50943535185e-11,5.91761223356e-11,5.50480043493e-11,5.27727306299e-11,4.60152471682e-10],"max":[0.317560940981,0.31841173768,0.0484140440822,0.0926584973931,0.198754549026,0.0892116427422,0.0978017896414,0.0479816645384,0.0288199223578,0.0253039710224,0.0168799627572,0.00380063569173,0.00314136012457,0.00388054945506,0.0122064035386,0.000880735111423,0.000516351487022,0.000792894163169,0.00596084818244,0.00271324510686,0.000122791374451,0.000131827924633,0.0000771008053562,0.000073000563134,0.0000705298880348,0.0000691316381563,0.000669304921757],"mean":[0.0140887908638,0.0254020933062,0.00263392669149,0.00244743656367,0.00842293538153,0.00233500287868,0.00129531300627,0.00097748672124,0.000652664282825,0.000286681868602,0.0000843354864628,0.0000902290921658,0.0000478239708173,0.0000582843968004,0.0000785154479672,0.0000177660349436,0.0000124652669911,0.000012341855836,0.0000287855073111,0.0000148816834553,0.00000532511967322,0.00000447209458798,0.00000286140289063,0.00000250153038905,0.0000023754673748,0.00000240148892772,0.00000803922102932],"median":[0.00227635749616,0.00774296279997,0.00145994930062,0.000874346937053,0.00402453169227,0.000692530709784,0.000267799856374,0.000098803320725,0.0000744086137274,0.000032096166251,0.0000167583748407,0.0000196170039999,0.0000141539594551,0.0000154979534273,0.0000132989835038,0.00000563296407563,0.00000465190669274,0.00000430339741797,0.00000386844294553,0.0000026620243716,0.000001752694061,0.00000152921984409,8.75500290931e-7,5.80545304274e-7,5.07306822328e-7,6.04106787705e-7,0.00000244235457103],"min":[3.59998062493e-23,4.72178437727e-23,3.23738165648e-23,2.92056943714e-23,5.85687380944e-23,9.55894691946e-23,3.54102620958e-23,6.46944639045e-23,1.19385931717e-22,5.75552222252e-23,1.1079452964e-22,4.51963309051e-23,1.0420369144e-22,9.28983932787e-23,4.12457154918e-23,1.87226316114e-22,1.3939198701e-22,1.58170751439e-22,3.50710342361e-22,3.28098559591e-22,3.89992308536e-22,5.92401319311e-22,4.89766400843e-22,8.98984978822e-22,1.33376259964e-21,1.63573249571e-21,2.65129157782e-21],"var":[0.000841298897285,0.00166878383607,0.0000118957541417,0.0000222833532462,0.000163574586622,0.0000327759989887,0.0000127925150082,0.00000984404960036,0.00000382913594876,0.0000015126325934,1.57958425007e-7,5.07320194743e-8,1.17461143034e-8,1.88939921486e-8,7.49378585851e-8,1.95179961082e-9,6.23221474427e-10,8.57196702508e-10,4.30636823978e-8,8.58870485843e-9,9.0026534838e-11,6.81678949399e-11,3.13172023036e-11,2.81061666996e-11,2.60845581246e-11,2.50522068368e-11,7.10416114824e-10]},"barkbands_crest":{"dmean":2.79491972923,"dmean2":4.49291038513,"dvar":5.84080505371,"dvar2":15.0795211792,"max":26.3558216095,"mean":13.8560972214,"median":13.4312314987,"min":3.9763572216,"var":19.9317569733},"barkbands_flatness_db":{"dmean":0.0546671226621,"dmean2":0.0871322229505,"dvar":0.00225476920605,"dvar2":0.00587387103587,"max":0.626754879951,"mean":0.281138300896,"median":0.277037829161,"min":0.0654413327575,"var":0.00623306585476},"barkbands_kurtosis":{"dmean":15.1916179657,"dmean2":25.1407375336,"dvar":983.213195801,"dvar2":2742.60473633,"max":1335.14819336,"mean":24.0722312927,"median":12.6748828888,"min":-1.87175810337,"var":1415.91748047},"barkbands_skewness":{"dmean":1.13858890533,"dmean2":1.80597126484,"dvar":1.50569748878,"dvar2":3.86775827408,"max":32.0873031616,"mean":2.67349243164,"median":2.34245371819,"min":-2.75015425682,"var":4.77762365341},"barkbands_spread":{"dmean":1.77597463131,"dmean2":2.78742551804,"dvar":12.4975662231,"dvar2":27.0926551819,"max":132.663925171,"mean":4.67228794098,"median":3.19476008415,"min":0.228891476989,"var":36.2554359436},"dissonance":{"dmean":0.0334788188338,"dmean2":0.0557255856693,"dvar":0.00111309811473,"dvar2":0.00294339237735,"max":0.500000119209,"mean":0.440939724445,"median":0.453981667757,"min":0.155853837729,"var":0.00236718333326},"dynamic_complexity":4.40258359909,"erbbands":{"dmean":[0.881024122238,1.49571621418,1.7216039896,3.8647134304,11.3743429184,19.2003498077,12.1896057129,11.3593978882,11.1159629822,11.8110837936,15.080534935,10.7275352478,8.10310554504,4.19730949402,2.49042439461,2.64220333099,1.62305569649,1.43403911591,3.53652691841,1.54826164246,0.753217637539,0.582388281822,0.521915435791,0.733595371246,1.14410817623,0.528113901615,0.229717537761,0.182434439659,0.147546544671,0.106722399592,0.079311363399,0.0592821314931,0.0426655113697,0.0289514828473,0.0180504992604,0.00998823810369,0.00468931114301,0.00181351159699,0.000654926989228,0.000106528685137],"dmean2":[1.45721995831,2.4330906868,2.8002178669,6.04439640045,17.5443229675,30.2691936493,19.0334529877,17.6567401886,16.9593963623,18.0261917114,23.0364627838,16.4145011902,11.9453001022,6.4580283165,3.87989211082,4.07338666916,2.55162644386,2.25726342201,5.63402509689,2.40069651604,1.20142507553,0.925774931908,0.809051990509,1.07861495018,1.59588360786,0.769727766514,0.364594846964,0.29156345129,0.234942093492,0.173756852746,0.130523309112,0.0978738814592,0.0704700574279,0.0478143021464,0.0298094917089,0.0164954792708,0.00773519836366,0.00293810013682,0.000973893911578,0.000152950669872],"dvar":[3.70194649696,8.58301353455,5.61338615417,48.9736328125,456.157836914,1381.66650391,778.829467773,880.495788574,838.585510254,1262.70788574,2844.95288086,1227.39990234,953.971130371,423.829772949,128.938140869,46.9768333435,14.1878194809,10.3757429123,208.248550415,32.5932655334,2.67250108719,1.30239784718,0.942391097546,10.947054863,65.5229034424,9.97986030579,0.197948560119,0.0866679921746,0.0577730461955,0.0336926393211,0.0205898173153,0.0119462730363,0.00627162493765,0.00290005351417,0.0011272917036,0.000344828033121,0.0000746205405449,0.00000964026821748,0.00000470289796795,1.03280896724e-7],"dvar2":[8.95395851135,20.765953064,14.1882381439,103.754837036,999.70880127,3060.28979492,1790.94934082,2045.28137207,1780.51281738,2851.02758789,6162.08007812,2797.41992188,1992.51171875,999.871459961,255.411087036,102.729042053,30.7397403717,23.6129188538,556.964599609,80.8059692383,6.58588314056,3.11425018311,1.9110956192,18.8967990875,111.70967865,18.3817214966,0.409056127071,0.20113183558,0.132302731276,0.0805680081248,0.0499575063586,0.0289733167738,0.0152029898018,0.00702907284722,0.00273231230676,0.000835757527966,0.000180997725693,0.0000230643181567,0.00000779154925112,1.67354954783e-7],"max":[20.7459087372,37.7703094482,35.6725654602,253.894393921,557.187805176,1075.66125488,511.704986572,953.615478516,1134.76086426,992.226318359,1193.89611816,691.386169434,901.286376953,808.314819336,483.73324585,155.16078186,142.128723145,97.8140106201,551.91204834,189.602172852,41.5069274902,27.1871433258,29.3331661224,128.796783447,356.959533691,157.575210571,13.0874328613,5.79741430283,5.24959468842,2.70543551445,2.13758397102,1.61459922791,1.17245590687,0.797155797482,0.497203558683,0.275008559227,0.127901926637,0.0458977147937,0.0933909416199,0.0129048610106],"mean":[1.54714369774,2.61195755005,2.76120424271,6.8091506958,18.9421768188,30.2600364685,20.4299850464,19.2688083649,19.2528648376,18.7976493835,22.5017223358,15.5627880096,11.2257919312,5.67099189758,3.49809908867,3.85739541054,2.43577885628,2.20627403259,5.03541564941,2.09933996201,0.928868830204,0.719341933727,0.656299769878,1.01262879372,1.54922497272,0.695366084576,0.262064516544,0.201894938946,0.166913494468,0.112548068166,0.0780003294349,0.0561999455094,0.0397704318166,0.0268966872245,0.0167739037424,0.00930896773934,0.00448148697615,0.00194209604524,0.000865698733833,0.000216696440475],"median":[0.395319342613,1.0326666832,1.70818114281,3.0670542717,7.45082759857,14.413236618,6.94072580338,6.47717523575,4.37572526932,3.10741591454,2.29672002792,1.84839224815,1.26621723175,0.857136011124,0.754109859467,0.83553057909,0.714294731617,0.741987109184,0.944887697697,0.505306303501,0.315639674664,0.267867356539,0.238307982683,0.22537779808,0.17526191473,0.124611772597,0.0793568715453,0.0672239214182,0.0571657083929,0.0373936966062,0.0231101531535,0.0139785772189,0.00879875291139,0.00576075492427,0.0035989114549,0.00202716747299,0.00116475264076,0.000658140692394,0.000246454117587,0.000110713757749],"min":[1.98985829025e-21,8.66268612347e-21,4.21200077106e-20,5.45934422147e-20,1.45943572602e-19,2.03769946843e-19,3.11869760851e-19,9.19029196807e-19,8.52543934688e-19,6.87601639003e-19,1.38051853383e-18,2.37583787475e-18,2.67302732523e-18,2.01420940019e-18,5.1002124365e-18,2.77410941646e-18,3.98360339556e-18,5.38129668045e-18,2.74888185535e-18,5.31368169641e-18,8.85707032332e-18,8.33849921678e-18,7.97873851604e-18,1.84856089906e-17,1.41338630731e-17,1.47833867968e-17,1.68582121991e-17,1.6412389973e-17,1.8911208305e-17,2.13380751585e-17,1.4102732958e-17,1.3949229743e-17,1.77405326713e-17,1.52740289771e-17,8.81029739558e-18,6.01400837176e-18,3.19847933369e-18,1.59346625636e-18,3.64755630863e-19,3.64830174053e-20],"var":[7.03937149048,14.4899520874,10.0165119171,146.40032959,1050.21325684,2714.39624023,1789.70275879,2148.67285156,2349.78564453,2573.58691406,5341.39257812,2112.50244141,1678.84240723,731.100219727,239.677337646,95.4462203979,27.6274452209,18.8569126129,227.619918823,43.401714325,4.42201375961,2.03178453445,1.92883884907,27.2238807678,141.703201294,19.3095417023,0.372583091259,0.133032828569,0.0979765430093,0.0428653582931,0.0239069070667,0.0137540930882,0.0072112842463,0.00333408312872,0.00129631627351,0.000396625720896,0.0000860254367581,0.0000125981696328,0.0000113479736683,2.76368467667e-7]},"erbbands_crest":{"dmean":3.32478904724,"dmean2":5.54315328598,"dvar":8.53910160065,"dvar2":23.6745891571,"max":28.2090950012,"mean":11.2823467255,"median":10.6686725616,"min":2.00095772743,"var":19.1620330811},"erbbands_flatness_db":{"dmean":0.046927280724,"dmean2":0.0750678256154,"dvar":0.00160183967091,"dvar2":0.00421379227191,"max":0.432796746492,"mean":0.196946129203,"median":0.192847967148,"min":0.0225413609296,"var":0.00430409051478},"erbbands_kurtosis":{"dmean":3.89007115364,"dmean2":6.31219863892,"dvar":25.3397216797,"dvar2":61.9316291809,"max":78.2418289185,"mean":6.00897026062,"median":3.56061601639,"min":-1.72147643566,"var":59.2788543701},"erbbands_skewness":{"dmean":0.636197686195,"dmean2":1.01600670815,"dvar":0.317267090082,"dvar2":0.814977943897,"max":6.41997051239,"mean":1.52505111694,"median":1.4937081337,"min":-2.91979193687,"var":1.25441384315},"erbbands_spread":{"dmean":8.61434936523,"dmean2":13.6018371582,"dvar":81.9158096313,"dvar2":200.965454102,"max":148.828231812,"mean":21.3111362457,"median":17.3579559326,"min":1.3049390316,"var":223.932861328},"gfcc":{"cov":[[21004.2734375,3524.25390625,-415.710083008,-306.521118164,112.588935852,-149.147155762,60.1264419556,-128.767990112,-60.3540077209,8.1704416275,-37.2081794739,-233.236587524,91.0140991211],[3524.25390625,2216.22680664,231.489044189,-224.706512451,20.2011909485,-313.687561035,42.3653488159,-262.306060791,69.1600189209,-103.385383606,41.636756897,-143.829040527,-18.0026378632],[-415.710083008,231.489044189,561.45916748,196.069992065,-59.4951896667,113.813499451,-91.1680221558,62.8527526855,-35.7240180969,18.7951717377,32.520565033,53.2455482483,27.9858398438],[-306.521118164,-224.706512451,196.069992065,352.374542236,142.832824707,38.5049057007,7.11634159088,8.00108718872,-4.21823120117,3.81873345375,8.35329437256,73.5168914795,21.2658481598],[112.588935852,20.2011909485,-59.4951896667,142.832824707,227.305007935,16.1337184906,102.781257629,-38.8973274231,36.8887557983,-11.7432136536,26.4492092133,14.5551166534,32.3988838196],[-149.147155762,-313.687561035,113.813499451,38.5049057007,16.1337184906,292.131774902,21.9736099243,144.621826172,-55.296749115,28.339307785,3.79124498367,56.4171981812,48.2696037292],[60.1264419556,42.3653488159,-91.1680221558,7.11634159088,102.781257629,21.9736099243,164.781143188,14.5598239899,42.5287208557,-25.166847229,9.94035720825,11.2113037109,23.8918781281],[-128.767990112,-262.306060791,62.8527526855,8.00108718872,-38.8973274231,144.621826172,14.5598239899,160.006713867,8.63654232025,48.7183036804,10.5799627304,32.4546546936,30.5559158325],[-60.3540077209,69.1600189209,-35.7240180969,-4.21823120117,36.8887557983,-55.296749115,42.5287208557,8.63654232025,115.110626221,62.3781890869,37.4925079346,-2.43435811996,3.48357439041],[8.1704416275,-103.385383606,18.7951717377,3.81873345375,-11.7432136536,28.339307785,-25.166847229,48.7183036804,62.3781890869,107.797859192,56.0479736328,13.036819458,9.25723743439],[-37.2081794739,41.636756897,32.520565033,8.35329437256,26.4492092133,3.79124498367,9.94035720825,10.5799627304,37.4925079346,56.0479736328,74.336769104,33.0918693542,19.9269523621],[-233.236587524,-143.829040527,53.2455482483,73.5168914795,14.5551166534,56.4171981812,11.2113037109,32.4546546936,-2.43435811996,13.036819458,33.0918693542,91.8480682373,44.2503089905],[91.0140991211,-18.0026378632,27.9858398438,21.2658481598,32.3988838196,48.2696037292,23.8918781281,30.5559158325,3.48357439041,9.25723743439,19.9269523621,44.2503089905,69.4089584351]],"icov":[[0.00018837787502,-0.000836108170915,0.00153098138981,-0.00170859682839,0.00126887171064,-0.000841362169012,0.000264934787992,-0.000512690050527,0.000577600032557,-0.000611315364949,-0.00020686321659,0.000640374608338,-0.000726675090846],[-0.000836108170915,0.00519742304459,-0.010037008673,0.0117908734828,-0.00946274865419,0.00668832520023,-0.00243844045326,0.0027862500865,-0.00103548716288,0.000723094912246,0.00347817409784,-0.00413824617863,0.00385254179128],[0.00153098138981,-0.010037008673,0.0354696959257,-0.04841266945,0.0508610978723,-0.0365019626915,0.0133752394468,0.00647289678454,-0.0268422979861,0.0403819233179,-0.0509648807347,0.0409605279565,-0.0254096593708],[-0.00170859682839,0.0117908734828,-0.04841266945,0.0756767243147,-0.0827474221587,0.0566599629819,-0.0165229029953,-0.0169246643782,0.0482502952218,-0.0704230517149,0.0859227478504,-0.0721264407039,0.0422780178487],[0.00126887171064,-0.00946274865419,0.0508610978723,-0.0827474221587,0.102798096836,-0.0683779418468,0.0152179449797,0.0298953279853,-0.0660305842757,0.0921121314168,-0.1075181216,0.0873590558767,-0.0519011728466],[-0.000841362169012,0.00668832520023,-0.0365019626915,0.0566599629819,-0.0683779418468,0.057613581419,-0.0179110281169,-0.0249814931303,0.0563123449683,-0.0732749700546,0.0781863629818,-0.0615419410169,0.03294435516],[0.000264934787992,-0.00243844045326,0.0133752394468,-0.0165229029953,0.0152179449797,-0.0179110281169,0.0216847136617,0.000392507034121,-0.0256108213216,0.0359401702881,-0.0293527822942,0.0177351031452,-0.00998264364898],[-0.000512690050527,0.0027862500865,0.00647289678454,-0.0169246643782,0.0298953279853,-0.0249814931303,0.000392507034121,0.0308754220605,-0.0293096434325,0.0297964140773,-0.0317590683699,0.0271460730582,-0.0170299932361],[0.000577600032557,-0.00103548716288,-0.0268422979861,0.0482502952218,-0.0660305842757,0.0563123449683,-0.0256108213216,-0.0293096434325,0.0884701013565,-0.106305837631,0.0910444036126,-0.0654799863696,0.0337377786636],[-0.000611315364949,0.000723094912246,0.0403819233179,-0.0704230517149,0.0921121314168,-0.0732749700546,0.0359401702881,0.0297964140773,-0.106305837631,0.159329712391,-0.14596606791,0.0982693433762,-0.0479014515877],[-0.00020686321659,0.00347817409784,-0.0509648807347,0.0859227478504,-0.1075181216,0.0781863629818,-0.0293527822942,-0.0317590683699,0.0910444036126,-0.14596606791,0.166892006993,-0.113951064646,0.0549278482795],[0.000640374608338,-0.00413824617863,0.0409605279565,-0.0721264407039,0.0873590558767,-0.0615419410169,0.0177351031452,0.0271460730582,-0.0654799863696,0.0982693433762,-0.113951064646,0.104667104781,-0.0561980567873],[-0.000726675090846,0.00385254179128,-0.0254096593708,0.0422780178487,-0.0519011728466,0.03294435516,-0.00998264364898,-0.0170299932361,0.0337377786636,-0.0479014515877,0.0549278482795,-0.0561980567873,0.0506544187665]],"mean":[-118.906196594,143.927474976,-49.5725440979,19.4766273499,-30.9325962067,-6.2303647995,-23.2009754181,-7.14500141144,-11.4060049057,0.722502052784,-7.88249778748,-1.75200879574,-6.34032249451]},"hfc":{"dmean":2.84481024742,"dmean2":4.17491102219,"dvar":15.7761354446,"dvar2":31.4367465973,"max":73.3131332397,"mean":8.05694103241,"median":4.83626699448,"min":1.22201390361e-16,"var":79.4107437134},"melbands":{"dmean":[0.0059465393424,0.00105940387584,0.000763815362006,0.00116971926764,0.000488670251798,0.000246670417255,0.000169268081663,0.000128960818984,0.000120988413983,0.0000641630758764,0.0000406968101743,0.0000185301141755,0.00000880480365595,0.00000683985399519,0.00000627688223176,0.00000269536508313,0.00000285400119537,0.00000599373197474,0.00000376255252377,0.00000120175741358,8.33516367038e-7,6.13793702087e-7,5.29166243268e-7,4.66520901909e-7,5.92749927364e-7,9.10764356377e-7,6.71958559906e-7,2.86885267542e-7,1.49347954448e-7,1.16741126988e-7,1.03216308389e-7,8.82179804762e-8,6.8819332455e-8,5.59078756623e-8,4.65675604744e-8,4.00571842363e-8,3.47359865316e-8,3.03744300822e-8,2.67011301958e-8,2.36280222055e-8],"dmean2":[0.00972796324641,0.00171636929736,0.00117988081183,0.00181721500121,0.000768236699514,0.000383199367207,0.000257721811067,0.00019501602219,0.000183506403118,0.0000974595895968,0.0000602394902671,0.0000285970290861,0.0000137696588354,0.0000107035039036,0.00000977200579655,0.00000428390649176,0.00000456160705653,0.00000961849036685,0.00000596998370384,0.00000189981881249,0.00000134512595196,9.83299059953e-7,8.49012849358e-7,7.35498133508e-7,8.86029852154e-7,0.00000129597208343,9.61363070928e-7,4.40608175722e-7,2.39068498331e-7,1.88219843267e-7,1.65255897855e-7,1.40498002565e-7,1.11505137568e-7,9.13495341592e-8,7.67043744077e-8,6.60958292542e-8,5.73785889912e-8,5.01670491815e-8,4.41006910989e-8,3.90230567859e-8],"dvar":[0.000161425108672,0.00000256326234194,0.0000016036535726,0.00000464271715828,0.00000103270770069,4.03066223953e-7,2.00829774144e-7,1.45843557675e-7,1.73760909661e-7,4.34002025429e-8,2.4918170638e-8,8.58766391332e-9,1.76599690427e-9,3.50534046234e-10,2.68758681976e-10,4.62662304301e-11,4.65864916088e-11,5.31133304005e-10,3.65219354759e-10,9.64706179524e-12,3.33515767087e-12,1.4797657457e-12,9.9030636122e-13,1.23513428218e-12,6.88235059221e-12,4.33535637945e-11,2.43957146151e-11,2.72837611878e-12,9.9836100758e-14,3.58053769468e-14,2.79169675793e-14,2.11470110086e-14,1.33969424503e-14,9.51933403794e-15,7.06891092021e-15,5.39847046867e-15,4.11460272524e-15,3.17346505282e-15,2.46612604978e-15,1.93187526489e-15],"dvar2":[0.000388527230825,0.00000604174556429,0.00000353576456291,0.0000102729818536,0.00000236164100897,9.24343225961e-7,4.16776771317e-7,3.20675098919e-7,3.79939081085e-7,9.62584110198e-8,5.27323926747e-8,2.10088693109e-8,3.68619623714e-9,7.76914421685e-10,5.80593684241e-10,9.90626261577e-11,1.09748599098e-10,1.41542322307e-9,9.92060655847e-10,2.25043525481e-11,8.66961797491e-12,3.61946865708e-12,2.27791375172e-12,2.74511403192e-12,1.23015339235e-11,7.53747134152e-11,4.67212241118e-11,5.58640416912e-12,2.36669245399e-13,8.45363140383e-14,6.4777942396e-14,4.74542585403e-14,3.18862469794e-14,2.29268474594e-14,1.71518378114e-14,1.30953555223e-14,9.97604234464e-15,7.69340290123e-15,5.97768387998e-15,4.6824565777e-15],"max":[0.137091904879,0.0205420572311,0.0358079224825,0.0547969341278,0.0197884161025,0.0203204527497,0.0197346899658,0.00922092981637,0.0082427430898,0.00382265099324,0.00446151057258,0.00350106880069,0.00174369686283,0.000540694687515,0.000437499664258,0.00036603352055,0.000211180449696,0.000834756356198,0.000836426741444,0.0000801505811978,0.0000483113690279,0.0000309313873004,0.000028059570468,0.0000425659891334,0.000102822501503,0.000267784285825,0.000219243564061,0.0000874685429153,0.0000115631655717,0.00000332530544256,0.00000318030924973,0.00000392663150706,0.00000167752386915,0.00000143457862123,0.00000124831819903,0.00000109188499664,9.46251475398e-7,8.33871808936e-7,7.35507342142e-7,6.50412857794e-7],"mean":[0.0107146818191,0.00195146235637,0.00141346722376,0.00194148428272,0.000829477794468,0.000429711129982,0.000294876546832,0.000205738906516,0.000175798864802,0.0000911045135581,0.0000543238129467,0.0000238157572312,0.0000114997528726,0.00000975876719167,0.00000906206878426,0.00000378312643079,0.00000403461353926,0.00000843484485813,0.00000492244907946,0.00000146912884702,9.74064960246e-7,7.3163784009e-7,6.4964763169e-7,5.68707264392e-7,8.06661432762e-7,0.00000121534458231,8.89181080765e-7,3.61826010931e-7,1.64083900245e-7,1.2496634838e-7,1.14488521774e-7,1.00055103758e-7,7.45091313092e-8,5.73981644436e-8,4.57039242008e-8,3.84857976599e-8,3.26100746406e-8,2.82834520249e-8,2.47892888439e-8,2.19200320117e-8],"median":[0.00313172698952,0.00126031471882,0.000678817508742,0.000901466351934,0.000332938623615,0.000137388604344,0.0000645909603918,0.0000308795351884,0.0000173496773641,0.0000103263819256,0.00000573182069274,0.00000333234061145,0.00000238028906097,0.00000220131846618,0.00000182218718692,0.00000125773897253,0.00000127193629851,0.00000157247768584,8.76391823112e-7,4.23829789042e-7,3.3110487152e-7,2.70880747166e-7,2.35953010019e-7,1.94905993567e-7,1.77105775379e-7,1.34922956363e-7,1.04139040502e-7,7.49214379425e-8,4.93115059896e-8,4.07441191896e-8,3.86074674452e-8,3.35812657681e-8,2.51255247719e-8,1.87639397353e-8,1.34992124146e-8,1.04014938884e-8,7.65765229005e-9,6.32065821904e-9,5.3058046845e-9,4.66673588662e-9],"min":[1.66123457017e-23,1.78285956682e-23,1.32862919774e-23,1.18996796099e-23,1.04380931131e-23,2.07265645559e-23,1.17940290466e-23,8.10901047824e-24,1.0895581951e-23,1.74850420108e-23,1.36022433917e-23,7.13363840034e-24,1.61732136571e-23,6.38178256575e-24,1.09336965545e-23,8.44909235879e-24,1.01085598805e-23,4.44486240845e-24,3.10296464916e-24,1.44371248645e-23,8.50524821119e-24,8.08779879736e-24,8.75061550715e-24,6.9418134606e-24,1.65165022572e-23,1.02749464227e-23,8.50867502296e-24,1.00644546673e-23,1.09320959557e-23,1.08374878673e-23,8.21520220014e-24,1.00060166403e-23,1.24829018321e-23,1.11682406788e-23,8.28802431688e-24,6.96561339411e-24,9.28879061618e-24,1.41332382888e-23,9.97219896218e-24,1.35834290592e-23],"var":[0.000304218119709,0.00000474557919006,0.00000459549983134,0.0000100205361377,0.00000223175061365,0.00000107601738364,5.84494898703e-7,3.11196430403e-7,3.18714796776e-7,7.69929755506e-8,4.25791384373e-8,1.42392542202e-8,2.8025859411e-9,7.09391601017e-10,5.25737120505e-10,7.80348355378e-11,7.27045992854e-11,5.97503491129e-10,3.43545025761e-10,1.71881901073e-11,4.72424530051e-12,2.08768007222e-12,1.72433031395e-12,2.03763937147e-12,1.71160065288e-11,9.1147721315e-11,4.60880396347e-11,4.53776642997e-12,1.48211182368e-13,5.02484813199e-14,4.33721763745e-14,3.81383868985e-14,1.82842717339e-14,1.16643407918e-14,8.20427134161e-15,6.22135111846e-15,4.73635794281e-15,3.64863126623e-15,2.8343300014e-15,2.22035816958e-15]},"melbands_crest":{"dmean":4.06483697891,"dmean2":6.69244813919,"dvar":14.8287467957,"dvar2":34.2203521729,"max":39.5108566284,"mean":20.8341178894,"median":19.5897598267,"min":1.71842622757,"var":70.1699066162},"melbands_flatness_db":{"dmean":0.0608853027225,"dmean2":0.0972402393818,"dvar":0.00276554538868,"dvar2":0.00718796020374,"max":0.782700717449,"mean":0.402747690678,"median":0.404083639383,"min":0.00377290928736,"var":0.0101757738739},"melbands_kurtosis":{"dmean":21.956451416,"dmean2":36.3607406616,"dvar":2413.18481445,"dvar2":6678.49951172,"max":1574.8338623,"mean":33.0595169067,"median":15.7434139252,"min":-1.46488666534,"var":3239.41357422},"melbands_skewness":{"dmean":1.22759652138,"dmean2":1.93984770775,"dvar":2.23034405708,"dvar2":5.59169816971,"max":37.0737533569,"mean":3.2360124588,"median":2.6811196804,"min":-0.797314286232,"var":6.23191070557},"melbands_spread":{"dmean":1.86246347427,"dmean2":2.91514205933,"dvar":19.0938720703,"dvar2":42.1699523926,"max":187.051208496,"mean":6.77081251144,"median":3.00162506104,"min":0.137572064996,"var":364.356506348},"mfcc":{"cov":[[9836.71972656,1569.05822754,-721.363098145,-56.5658721924,-255.342636108,107.507202148,32.2681999207,41.8546981812,58.3472480774,252.896377563,164.033538818,-67.7266998291,-25.8850002289],[1569.05822754,1911.33081055,220.276046753,23.4191703796,-64.3299713135,-50.1787796021,-65.5880889893,-107.370018005,-87.3263778687,45.0030708313,83.0727539062,-65.259147644,-55.446975708],[-721.363098145,220.276046753,673.114807129,43.9303512573,124.328483582,-17.3944969177,17.816192627,5.18485403061,-5.84219264984,-49.224861145,-27.8661231995,80.6414031982,9.21900463104],[-56.5658721924,23.4191703796,43.9303512573,330.277404785,115.65789032,63.3099708557,-10.6499061584,-0.0926697105169,3.15373516083,-16.1433105469,-12.3238582611,1.33624184132,38.2710037231],[-255.342636108,-64.3299713135,124.328483582,115.65789032,155.757888794,75.6742401123,40.0586929321,18.3033046722,11.114648819,-12.2499523163,-11.1417789459,27.7681446075,22.9312038422],[107.507202148,-50.1787796021,-17.3944969177,63.3099708557,75.6742401123,118.593688965,73.4927215576,48.1994628906,26.4582557678,1.88926291466,-8.6081905365,4.18399858475,18.6754798889],[32.2681999207,-65.5880889893,17.816192627,-10.6499061584,40.0586929321,73.4927215576,126.874595642,93.4991912842,36.8965492249,2.87884521484,-18.2198162079,-6.05186748505,10.1368732452],[41.8546981812,-107.370018005,5.18485403061,-0.0926697105169,18.3033046722,48.1994628906,93.4991912842,123.211502075,64.3493881226,-6.88015651703,-23.3592414856,1.66051280499,5.33723592758],[58.3472480774,-87.3263778687,-5.84219264984,3.15373516083,11.114648819,26.4582557678,36.8965492249,64.3493881226,76.1876983643,29.3255367279,-0.695530354977,8.21905899048,4.22196245193],[252.896377563,45.0030708313,-49.224861145,-16.1433105469,-12.2499523163,1.88926291466,2.87884521484,-6.88015651703,29.3255367279,91.5258331299,57.0056381226,-2.94403171539,6.23116874695],[164.033538818,83.0727539062,-27.8661231995,-12.3238582611,-11.1417789459,-8.6081905365,-18.2198162079,-23.3592414856,-0.695530354977,57.0056381226,76.7203292847,29.5899944305,10.8918552399],[-67.7266998291,-65.259147644,80.6414031982,1.33624184132,27.7681446075,4.18399858475,-6.05186748505,1.66051280499,8.21905899048,-2.94403171539,29.5899944305,82.8685302734,33.4608802795],[-25.8850002289,-55.446975708,9.21900463104,38.2710037231,22.9312038422,18.6754798889,10.1368732452,5.33723592758,4.22196245193,6.23116874695,10.8918552399,33.4608802795,53.5543365479]],"icov":[[0.000163221659022,-0.000190271166502,0.000249847420491,-0.0000638473575236,0.000230806501349,-0.000279194529867,0.00015203395742,-0.000400172022637,0.000431151216617,-0.000908677408006,0.000791808881331,-0.000777896144427,0.000290880532702],[-0.000190271166502,0.00100424198899,-0.000952628965024,-0.000124709869851,0.000533214886673,-0.000303344073473,-0.000101366415038,0.000733157095965,-0.000304408982629,0.00177944439929,-0.00313059100881,0.00266590807587,-0.000187549376278],[0.000249847420491,-0.000952628965024,0.00343577191234,-0.000219012610614,-0.00260655512102,0.00283369002864,-0.00162832438946,-0.00029144337168,0.00118229468353,-0.00298347952776,0.00554322078824,-0.00639448361471,0.00228655501269],[-0.0000638473575236,-0.000124709869851,-0.000219012610614,0.00581296114251,-0.00446563214064,-0.00194505089894,0.00529179163277,-0.00237544439733,-0.000785160518717,0.0024150009267,-0.00222375430167,0.00515009230003,-0.00543545605615],[0.000230806501349,0.000533214886673,-0.00260655512102,-0.00446563214064,0.0174316894263,-0.00883341953158,-0.00325150298886,0.00393783114851,0.0000984523794614,-0.00151757418644,0.0016040491173,-0.00417944649234,0.00259685469791],[-0.000279194529867,-0.000303344073473,0.00283369002864,-0.00194505089894,-0.00883341953158,0.0235279854387,-0.0143758263439,0.00611958838999,-0.00636726850644,0.00414238544181,-0.00116033002269,-0.00100815820042,-0.000972096517216],[0.00015203395742,-0.000101366415038,-0.00162832438946,0.00529179163277,-0.00325150298886,-0.0143758263439,0.0372552163899,-0.0310499239713,0.018165461719,-0.0134924948215,0.0066925259307,0.00396292144433,-0.00478405272588],[-0.000400172022637,0.000733157095965,-0.00029144337168,-0.00237544439733,0.00393783114851,0.00611958838999,-0.0310499239713,0.0479888282716,-0.0376231521368,0.0259290523827,-0.0135643184185,0.00572913466021,-0.00128392421175],[0.000431151216617,-0.000304408982629,0.00118229468353,-0.000785160518717,0.0000984523794614,-0.00636726850644,0.018165461719,-0.0376231521368,0.0554125607014,-0.0410129204392,0.0291579291224,-0.0199213754386,0.00966045819223],[-0.000908677408006,0.00177944439929,-0.00298347952776,0.0024150009267,-0.00151757418644,0.00414238544181,-0.0134924948215,0.0259290523827,-0.0410129204392,0.0612879879773,-0.0523714572191,0.0331569612026,-0.0145970378071],[0.000791808881331,-0.00313059100881,0.00554322078824,-0.00222375430167,0.0016040491173,-0.00116033002269,0.0066925259307,-0.0135643184185,0.0291579291224,-0.0523714572191,0.0670353919268,-0.0409697629511,0.0133384978399],[-0.000777896144427,0.00266590807587,-0.00639448361471,0.00515009230003,-0.00417944649234,-0.00100815820042,0.00396292144433,0.00572913466021,-0.0199213754386,0.0331569612026,-0.0409697629511,0.048663392663,-0.0237353723496],[0.000290880532702,-0.000187549376278,0.00228655501269,-0.00543545605615,0.00259685469791,-0.000972096517216,-0.00478405272588,-0.00128392421175,0.00966045819223,-0.0145970378071,0.0133384978399,-0.0237353723496,0.0354242138565]],"mean":[-778.620178223,188.938705444,37.753578186,38.2211265564,14.1534557343,10.8697214127,0.757007420063,-1.37751829624,-2.06053185463,3.11346697807,2.90680623055,-2.88786315918,-1.08142971992]},"pitch_salience":{"dmean":0.0904371961951,"dmean2":0.145413771272,"dvar":0.00699767237529,"dvar2":0.0163088105619,"max":0.867308199406,"mean":0.495846778154,"median":0.515909969807,"min":0.0343424007297,"var":0.0329470187426},"silence_rate_20dB":{"dmean":0.00547856930643,"dmean2":0.0109589044005,"dvar":0.00544881820679,"dvar2":0.0140619538724,"max":1,"mean":0.99500566721,"median":1,"min":0,"var":0.00496928906068},"silence_rate_30dB":{"dmean":0.0679987072945,"dmean2":0.136019334197,"dvar":0.0633802860975,"dvar2":0.139752149582,"max":1,"mean":0.826164007187,"median":1,"min":0,"var":0.143613442779},"silence_rate_60dB":{"dmean":0.0167579762638,"dmean2":0.0335213541985,"dvar":0.0164780728519,"dvar2":0.0401361696422,"max":1,"mean":0.0708877071738,"median":0,"min":0,"var":0.0658623129129},"spectral_centroid":{"dmean":96.9796142578,"dmean2":147.261184692,"dvar":32948.359375,"dvar2":53497.4882812,"max":11258.0078125,"mean":464.074707031,"median":321.39074707,"min":138.123138428,"var":376186.21875},"spectral_complexity":{"dmean":1.7396068573,"dmean2":2.78098297119,"dvar":3.29625463486,"dvar2":6.90658092499,"max":35,"mean":7.60592889786,"median":7,"min":0,"var":20.0198421478},"spectral_contrast_coeffs":{"dmean":[0.0554958507419,0.047863252461,0.038253068924,0.0358968414366,0.0309830643237,0.0289106629789],"dmean2":[0.0907960534096,0.0802187845111,0.0626346990466,0.0584235861897,0.05039453879,0.0472632013261],"dvar":[0.0020700332243,0.00150750076864,0.00101805501617,0.000901886029169,0.000700287055224,0.001356558525],"dvar2":[0.00523370690644,0.004128288012,0.00258840830065,0.0022473721765,0.0017031293828,0.00321613694541],"max":[-0.304423332214,-0.489748448133,-0.55528151989,-0.603297591209,-0.659694314003,-0.497082144022],"mean":[-0.663954436779,-0.765341043472,-0.842671394348,-0.865084290504,-0.885778069496,-0.82984316349],"median":[-0.665747523308,-0.767763376236,-0.85363048315,-0.869701862335,-0.8847463727,-0.845931768417],"min":[-0.964303076267,-0.96259188652,-0.968469381332,-0.987144529819,-0.970852255821,-0.962436258793],"var":[0.00954810902476,0.00496025988832,0.00489379884675,0.00425589783117,0.0024493036326,0.00232942402363]},"spectral_contrast_valleys":{"dmean":[0.378553599119,0.426515430212,0.532560944557,0.581134319305,0.673682808876,0.893011987209],"dmean2":[0.607843399048,0.685092806816,0.844443976879,0.918294548988,1.07040572166,1.45002543926],"dvar":[0.124610006809,0.148166388273,0.232547193766,0.282615870237,0.357940047979,0.594400346279],"dvar2":[0.26002830267,0.342623531818,0.578946590424,0.718273222446,0.91383767128,1.61406087875],"max":[-4.78392219543,-4.48032617569,-5.60490655899,-6.29420804977,-6.38498306274,-8.90183067322],"mean":[-6.83960914612,-7.00355148315,-8.15299606323,-8.71974277496,-8.97586727142,-11.6249008179],"median":[-6.45632410049,-6.79465436935,-7.90045404434,-8.45594501495,-8.79986190796,-11.4606132507],"min":[-27.0137462616,-27.0770664215,-27.0375709534,-27.2075157166,-27.2181491852,-27.2349033356],"var":[3.61844611168,2.8401658535,2.38577365875,2.10731887817,1.86677527428,1.8380382061]},"spectral_decrease":{"dmean":6.5521552628e-9,"dmean2":1.02314912098e-8,"dvar":1.37966208756e-16,"dvar2":3.15451322002e-16,"max":1.3116391215e-17,"mean":-1.54458756896e-8,"median":-9.10061448423e-9,"min":-1.46899822084e-7,"var":3.47083661538e-16},"spectral_energy":{"dmean":0.0249203760177,"dmean2":0.0388872772455,"dvar":0.00198147632182,"dvar2":0.00452843448147,"max":0.559405624866,"mean":0.0590270534158,"median":0.0350221209228,"min":1.09320852146e-20,"var":0.00502249831334},"spectral_energyband_high":{"dmean":0.0000268834282906,"dmean2":0.0000427842824138,"dvar":2.5267996584e-9,"dvar2":5.33803135028e-9,"max":0.00134012254421,"mean":0.0000307565678668,"median":0.00000973012356553,"min":7.96047602248e-21,"var":4.69823646654e-9},"spectral_energyband_low":{"dmean":0.0206872224808,"dmean2":0.0335356928408,"dvar":0.00175118003972,"dvar2":0.00415184441954,"max":0.460347265005,"mean":0.0401831008494,"median":0.0164036117494,"min":1.1099333521e-22,"var":0.00346083543263},"spectral_energyband_middle_high":{"dmean":0.000387193227652,"dmean2":0.000574464153033,"dvar":0.00000108628421458,"dvar2":0.00000243999488703,"max":0.0262592434883,"mean":0.000661025755107,"median":0.000192589577637,"min":1.4079485433e-21,"var":0.00000236417486121},"spectral_energyband_middle_low":{"dmean":0.00678820442408,"dmean2":0.0101303746924,"dvar":0.000111094086606,"dvar2":0.000236114370637,"max":0.231915518641,"mean":0.0162514168769,"median":0.00786577537656,"min":4.19668548971e-22,"var":0.000424904894317},"spectral_entropy":{"dmean":0.491774529219,"dmean2":0.783647418022,"dvar":0.183799222112,"dvar2":0.47952657938,"max":9.81711483002,"mean":6.59917402267,"median":6.58029079437,"min":4.32013273239,"var":0.554994761944},"spectral_flux":{"dmean":0.0357636548579,"dmean2":0.0585869923234,"dvar":0.00255697639659,"dvar2":0.00645780563354,"max":0.52169239521,"mean":0.0973303169012,"median":0.0829311311245,"min":1.04556613367e-10,"var":0.0049961633049},"spectral_kurtosis":{"dmean":11.5276613235,"dmean2":19.3813514709,"dvar":255.682632446,"dvar2":688.153747559,"max":204.930648804,"mean":19.8689441681,"median":13.7718029022,"min":-1.21912014484,"var":329.486755371},"spectral_rms":{"dmean":0.00139821635094,"dmean2":0.00211182492785,"dvar":0.0000034369243167,"dvar2":0.00000693935726304,"max":0.0233615413308,"mean":0.00644531426951,"median":0.00584533344954,"min":3.26579995685e-12,"var":0.0000160450490512},"spectral_rolloff":{"dmean":98.4590606689,"dmean2":167.010360718,"dvar":132186.21875,"dvar2":284104.53125,"max":19336.8164062,"mean":647.977722168,"median":236.865234375,"min":21.533203125,"var":6555145},"spectral_skewness":{"dmean":0.893696367741,"dmean2":1.4472091198,"dvar":0.926454842091,"dvar2":2.45249581337,"max":11.7286329269,"mean":3.28058362007,"median":3.00377488136,"min":-0.0336127877235,"var":1.79257154465},"spectral_spread":{"dmean":947662.5,"dmean2":1558691.875,"dvar":827472871424,"dvar2":1956720017410,"max":41779484,"mean":3363444.25,"median":3155740.75,"min":573854.375,"var":2783310512130},"spectral_strongpeak":{"dmean":0.246188521385,"dmean2":0.40891122818,"dvar":0.134761333466,"dvar2":0.325728029013,"max":4.79286432266,"mean":0.445037037134,"median":0.332647770643,"min":0,"var":0.250287771225},"zerocrossingrate":{"dmean":0.0028683966957,"dmean2":0.00362878339365,"dvar":0.0000507151053171,"dvar2":0.0000621301587671,"max":0.52783203125,"mean":0.0211738795042,"median":0.00927734375,"min":0,"var":0.00513112079352}},"metadata":{"audio_properties":{"analysis_sample_rate":44100,"bit_rate":138999,"codec":"mp3","downmix":"mix","equal_loudness":0,"length":144.092498779,"lossless":false,"md5_encoded":"e39766ec8a6a6758a4448117b0946371","replay_gain":-1.76697349548,"sample_rate":44100},"tags":{"album":["The Complete Columbia Album Collection"],"albumartist":["Johnny Cash"],"albumartistsort":["Cash, Johnny"],"artist":["Johnny Cash"],"artists":["Johnny Cash"],"artistsort":["Cash, Johnny"],"asin":["B008DDC874"],"barcode":["886979104723"],"catalognumber":["88697910472"],"composer":["Johnny Cash"],"date":["2012-12-04"],"discnumber":["12/63"],"file_name":"04 - Give My Love to Rose.mp3","label":["Columbia","Legacy"],"language":["eng"],"lyricist":["Johnny Cash"],"media":["CD"],"musicbrainz album release country":["US"],"musicbrainz album status":["official"],"musicbrainz album type":["album","compilation"],"musicbrainz release track id":["377fe2e0-dfb0-3223-a418-5b389ebdc07d"],"musicbrainz_albumartistid":["d43d12a1-2dc9-4257-a2fd-0a3bb1081b86"],"musicbrainz_albumid":["de36c451-000c-4488-9375-b6d40b6636e5"],"musicbrainz_artistid":["d43d12a1-2dc9-4257-a2fd-0a3bb1081b86"],"musicbrainz_recordingid":["1978064e-610a-401b-bf52-df12aeeae7af"],"musicbrainz_releasegroupid":["30578604-ce5e-4d3d-a09c-6c06fc4c526b"],"musicbrainz_workid":["d0f2c6b0-1fbf-3fdd-9057-9e8774d51641"],"originaldate":["2012"],"script":["Latn"],"title":["Give My Love to Rose"],"tracknumber":["4/12"],"work":["Give My Love to Rose"]},"version":{"essentia":"2.1-beta1","essentia_build_sha":"ca57ba49d9b1854bd80e60cf9ccf267278fb7d6b","essentia_git_sha":"v2.1_beta1-28-g21ef5f4-dirty","extractor":"music 1.0"}},"rhythm":{"beats_count":224,"beats_loudness":{"dmean":0.089777469635,"dmean2":0.163391932845,"dvar":0.00627448037267,"dvar2":0.0198915842921,"max":0.42236545682,"mean":0.123404785991,"median":0.109901964664,"min":7.37424010744e-10,"var":0.00779563933611},"beats_loudness_band_ratio":{"dmean":[0.1604430079