{"lowlevel":{"average_loudness":0.809887051582,"barkbands":{"dmean":[0.0065261926502,0.0201878137887,0.00466820737347,0.00222823442891,0.0032374789007,0.00092024425976,0.000844866852276,0.000567029172089,0.000621755549219,0.000677385018207,0.000673759146594,0.000741066935007,0.000232771562878,0.000162535026902,0.0000961628902587,0.000114438509627,0.0000659051802359,0.0000355835218215,0.0000205628912227,0.000018624965378,0.0000138501236506,0.00000785227348388,0.00000554785492568,0.00000480573226014,0.00000452756148661,0.00000524044116901,0.0000537895793968],"dmean2":[0.0106522133574,0.0340361744165,0.00797529146075,0.00373907247558,0.00517013389617,0.00147330656182,0.00136954907794,0.000964451115578,0.000984708196484,0.00107454520185,0.000981621793471,0.00109198398422,0.000379555305699,0.000259257736616,0.000148152656038,0.000176486893906,0.0000988993051578,0.000050681814173,0.0000306192414428,0.0000276627743006,0.0000209269510378,0.0000121518023661,0.00000865942274686,0.00000761366754887,0.00000720361185813,0.00000813496535557,0.0000821561916382],"dvar":[0.000124118480016,0.000798690365627,0.0000507121112605,0.0000127174125737,0.0000333690986736,0.00000257147462435,0.00000231662170336,0.00000129625323098,0.0000013035230495,0.00000158159571129,0.00000139820815548,0.00000115882210139,4.61497705828e-7,8.64149455992e-7,6.56246399444e-8,1.64084056564e-7,8.74494645586e-8,9.11826436578e-9,2.39318653783e-9,1.72815473043e-9,1.00178987328e-9,1.60500571167e-10,7.40900465979e-11,5.73220741706e-11,5.23648277517e-11,6.28230939492e-11,7.55730678037e-9],"dvar2":[0.000295469566481,0.00225673010573,0.000148595063365,0.000034160031646,0.0000854000463733,0.00000630871454632,0.00000579256675337,0.00000357207204615,0.00000290849425255,0.00000367174084204,0.00000251492292591,0.0000023192626486,0.00000121876109915,0.00000182945439064,1.17281594214e-7,3.48535962758e-7,2.09160063491e-7,1.85905690842e-8,5.19693355017e-9,3.60036467306e-9,2.19653895073e-9,3.40857841952e-10,1.71845829233e-10,1.37204400619e-10,1.2509318581e-10,1.45530115736e-10,1.7108977346e-8],"max":[0.187163338065,0.418421328068,0.167263522744,0.0598594807088,0.118208557367,0.0430466271937,0.036474507302,0.0184797346592,0.0329163372517,0.0318396911025,0.0368537530303,0.0231096930802,0.0364857465029,0.0690968111157,0.019840830937,0.0155626181513,0.0171916466206,0.00220897421241,0.000870405172464,0.00158929254394,0.00126917287707,0.000564290850889,0.000129568201373,0.000114903814392,0.000107232721348,0.000117006442451,0.001357157249],"mean":[0.00726265693083,0.0314924754202,0.00684731360525,0.00299207121134,0.00660678185523,0.00198988732882,0.00146771571599,0.000767506251577,0.00106648227666,0.00119226321112,0.00139059324283,0.00144317944068,0.000363923871191,0.000256717932643,0.000160873925779,0.000172583939275,0.000101367528259,0.0000560152475373,0.0000318911152135,0.0000309452079819,0.0000222370599658,0.0000107775440483,0.00000673882504998,0.00000539678921996,0.00000498189001519,0.00000655659732729,0.000104074046249],"median":[0.00299644330516,0.0239879209548,0.00361725315452,0.0014191113878,0.00235402048565,0.000850155251101,0.000690618297085,0.000355184834916,0.000550702854525,0.000590607407503,0.000613127485849,0.000662487815134,0.000171047897311,0.000106798193883,0.0000633563613519,0.0000358745382982,0.0000192839288502,0.0000103273196146,0.00000872670534591,0.0000116182654892,0.00000934169202083,0.00000499198540638,0.00000286247973236,0.00000229229226534,0.00000197441113414,0.00000311275016429,0.0000656804040773],"min":[3.82359839464e-23,1.74305427663e-23,1.07352096844e-23,5.54241641879e-24,3.56723784865e-23,2.11222035435e-23,1.43416206301e-23,8.82442969536e-23,1.0107905126e-22,1.04118847872e-22,5.41944791314e-23,7.7139773359e-23,1.04532349826e-22,1.05925768485e-22,8.7445723593e-23,6.68524781077e-23,1.03632720228e-22,1.70917456246e-22,2.86906287848e-22,2.13062015631e-22,3.73620478636e-22,4.29931111855e-22,6.41716005856e-22,8.12098803736e-22,1.30228702428e-21,1.80991783034e-21,2.78846078199e-21],"var":[0.000148302075104,0.00103480438702,0.0000992901550489,0.0000199555452127,0.000111076973553,0.0000148252911458,0.00000515090232511,0.00000147134528561,0.00000271210660685,0.00000419511843575,0.00000532612557436,0.00000398207976104,6.25802499599e-7,0.00000118626314816,1.59833888347e-7,2.90916574386e-7,1.38634433711e-7,2.34494219598e-8,5.23409182662e-9,3.97140231811e-9,2.24881180344e-9,2.78435580148e-10,1.0676862866e-10,7.05843369864e-11,6.33029184627e-11,9.05344549329e-11,1.41786751229e-8]},"barkbands_crest":{"dmean":3.33539366722,"dmean2":5.36642360687,"dvar":7.55253362656,"dvar2":19.7157325745,"max":25.1204452515,"mean":13.3724918365,"median":13.1306781769,"min":2.05868577957,"var":20.5616874695},"barkbands_flatness_db":{"dmean":0.0403087958694,"dmean2":0.0620552562177,"dvar":0.00119068881031,"dvar2":0.00288982642815,"max":0.646755278111,"mean":0.215530201793,"median":0.210893392563,"min":0.011788090691,"var":0.00359709677286},"barkbands_kurtosis":{"dmean":9.28122520447,"dmean2":14.9837284088,"dvar":398.335083008,"dvar2":1013.08081055,"max":845.606079102,"mean":14.3803396225,"median":8.40509414673,"min":-1.65463888645,"var":589.141418457},"barkbands_skewness":{"dmean":0.877400159836,"dmean2":1.37399554253,"dvar":0.895401120186,"dvar2":2.20610404015,"max":23.1392402649,"mean":2.64007806778,"median":2.35695242882,"min":-2.08832979202,"var":2.41009068489},"barkbands_spread":{"dmean":3.47319674492,"dmean2":5.364402771,"dvar":15.3374385834,"dvar2":33.6333236694,"max":102.006141663,"mean":10.7934646606,"median":9.09032344818,"min":0.235272943974,"var":63.3328781128},"dissonance":{"dmean":0.032903522253,"dmean2":0.0557148233056,"dvar":0.00101738446392,"dvar2":0.00282264244743,"max":0.500000238419,"mean":0.445937216282,"median":0.456939041615,"min":0.180268704891,"var":0.00183478661347},"dynamic_complexity":3.09594631195,"erbbands":{"dmean":[0.860813558102,3.83810114861,5.63911437988,6.30303239822,7.60274124146,12.8908109665,10.3165416718,8.22109222412,10.3304443359,15.3932237625,11.8453788757,14.9242534637,14.6957101822,23.9345703125,24.7773456573,29.8843784332,11.8093261719,8.29204845428,5.81389141083,5.21909141541,5.85017299652,3.51844191551,2.01451706886,1.40831565857,0.957779467106,0.867131233215,0.688779175282,0.4798001647,0.298999220133,0.202628329396,0.151979401708,0.107219293714,0.0768102705479,0.0511135570705,0.0320097729564,0.0184221565723,0.00976390857249,0.00546229351312,0.00230738986284,0.00307019031607],"dmean2":[1.46675693989,6.43463563919,9.73776531219,10.3525304794,12.7378854752,20.7080783844,15.9376773834,13.3075761795,16.8120708466,25.5132770538,19.8984279633,23.7104301453,23.7471637726,36.3941955566,36.6831474304,44.2237434387,18.8104915619,13.2991228104,8.84012031555,8.17911434174,8.58683872223,4.99895238876,2.86061382294,1.95348775387,1.43600380421,1.28036952019,1.04934000969,0.722318589687,0.461854279041,0.315297931433,0.237250775099,0.169241905212,0.122107110918,0.0813481062651,0.05088564381,0.0291397348046,0.0151127483696,0.00816017668694,0.00336704985239,0.00455512991175],"dvar":[1.59228742123,29.6068401337,66.3301773071,92.5880432129,206.20135498,686.720275879,535.581176758,188.117355347,372.415374756,1192.20373535,432.761260986,895.496276855,775.661193848,1850.22363281,1462.88146973,2031.62719727,938.653320312,1135.24047852,948.666503906,202.627029419,608.659179688,182.392089844,30.2258872986,12.2862243652,5.0712518692,3.4087395668,2.73434638977,1.0098181963,0.242890164256,0.0929601043463,0.055535685271,0.0277034677565,0.0150585127994,0.0066834166646,0.00260115880519,0.000822145841084,0.00021053875389,0.0000797085667728,0.0000154721346917,0.0000133255916808],"dvar2":[4.50974845886,83.9706115723,197.930175781,240.223327637,544.737487793,1803.9708252,1238.72412109,482.830657959,938.305236816,3069.18115234,1196.45495605,1950.66589355,1888.69287109,3919.70678711,2859.59008789,3954.89233398,2426.97094727,2229.2722168,2074.89135742,447.782226562,1272.46838379,386.727142334,57.1673812866,22.2356739044,11.1237239838,6.85983562469,6.24980926514,2.08313941956,0.519258797169,0.213560849428,0.129183784127,0.0657996311784,0.0362567342818,0.0159690752625,0.00621197838336,0.00197009812109,0.000487610173877,0.000165831821505,0.0000308805574605,0.0000305563989969],"max":[16.3295059204,84.7151870728,157.186218262,155.540756226,304.541015625,672.938049316,769.055969238,365.496520996,430.734863281,869.157836914,310.344360352,1009.83795166,1108.84851074,1265.11401367,1126.97143555,1082.04174805,1523.2623291,2657.90551758,2583.95166016,598.208679199,1037.92724609,708.541809082,129.842086792,79.408821106,50.8074645996,62.793170929,65.9527435303,40.3136672974,22.4636421204,4.92305278778,3.65343046188,2.36631417274,1.88157463074,1.22001671791,0.752433359623,0.416109591722,0.216441690922,0.19752509892,0.0702713951468,0.0538373440504],"mean":[1.1856944561,5.95763206482,8.66819190979,9.81220149994,11.538517952,25.7902908325,22.67619133,16.8598842621,20.5191650391,23.2824058533,18.3041381836,25.4173755646,26.2659416199,48.4251441956,54.3943138123,59.1098518372,21.4536647797,14.3009490967,9.89273452759,8.61311149597,9.02018547058,5.72248601913,3.35644435883,2.13855600357,1.46582698822,1.47001683712,1.10108947754,0.747563004494,0.414998978376,0.258931875229,0.182302862406,0.121972061694,0.0857152864337,0.0564259849489,0.0353000946343,0.0214261580259,0.0123447170481,0.00772667070851,0.00463644554839,0.00987481046468],"median":[0.830159187317,4.26897335052,5.18286800385,4.9913277626,5.95908403397,6.96267747879,6.56535625458,7.53971672058,8.34046173096,10.2730760574,8.36376094818,13.3962745667,15.1253547668,28.9525146484,32.4577140808,27.0677108765,12.713766098,6.62623596191,4.35203647614,2.81991744041,1.76526463032,1.09011387825,0.647937357426,0.458287715912,0.457958906889,0.554482579231,0.447824478149,0.311755001545,0.190489917994,0.117656387389,0.0758809447289,0.0516033954918,0.0364383012056,0.0227736458182,0.014182202518,0.0100277420133,0.00593430409208,0.00359336100519,0.00278068846092,0.00918405503035],"min":[3.30855533792e-22,4.76512941887e-21,1.04574661043e-20,1.74239699141e-20,6.41863010149e-20,1.39122835141e-19,7.20823086484e-20,2.50617863672e-19,1.89026124508e-19,1.37757625239e-18,1.26481809321e-18,1.87245028874e-18,2.93531492373e-18,3.97173748968e-18,2.33592703058e-18,3.22277135353e-18,4.56953885042e-18,4.81703294405e-18,5.78252270452e-18,3.38928053609e-18,4.472773608e-18,6.45845127411e-18,8.41345087926e-18,9.51261261313e-18,1.62664769674e-17,1.21551593668e-17,1.35905576119e-17,1.38636752794e-17,1.65401529817e-17,1.85522549325e-17,1.78008126312e-17,1.66473787502e-17,1.39706834993e-17,1.5907235736e-17,8.96174589393e-18,5.93716618799e-18,3.63708833798e-18,1.43486523065e-18,4.03567772385e-19,4.09082430432e-20],"var":[1.7523008585,42.2586936951,118.536476135,179.216308594,320.060272217,2385.55810547,2177.11181641,1047.38366699,1604.81640625,1996.08520508,664.9375,1724.25476074,1378.34753418,5775.11865234,5256.78417969,7034.89257812,1352.62878418,2124.02880859,1499.34484863,396.097259521,1039.81408691,372.24432373,83.5746383667,31.5202026367,10.1110696793,8.53577899933,5.4887137413,2.41096568108,0.428099066019,0.140958741307,0.0790080204606,0.0352578908205,0.0181357525289,0.00807803496718,0.0031541173812,0.00101935549174,0.000306759553496,0.000138733492349,0.0000328868045472,0.0000386049759982]},"erbbands_crest":{"dmean":2.91621637344,"dmean2":4.50213909149,"dvar":7.15293598175,"dvar2":15.3295478821,"max":31.3367290497,"mean":11.1101417542,"median":9.97801780701,"min":2.30143427849,"var":25.7014694214},"erbbands_flatness_db":{"dmean":0.0326040685177,"dmean2":0.0490641742945,"dvar":0.000769356440287,"dvar2":0.00183838175144,"max":0.438000798225,"mean":0.179681301117,"median":0.173368781805,"min":0.0424051135778,"var":0.00266428221948},"erbbands_kurtosis":{"dmean":1.85899686813,"dmean2":2.89731502533,"dvar":12.4752187729,"dvar2":32.3526191711,"max":112.196846008,"mean":2.52454185486,"median":1.15515625477,"min":-1.70036375523,"var":24.5911026001},"erbbands_skewness":{"dmean":0.488693118095,"dmean2":0.732813239098,"dvar":0.208227083087,"dvar2":0.475694715977,"max":7.81898784637,"mean":-0.0533852465451,"median":-0.036574780941,"min":-4.62839078903,"var":1.26928722858},"erbbands_spread":{"dmean":5.39484739304,"dmean2":8.33303833008,"dvar":29.3709716797,"dvar2":69.8549728394,"max":93.6081848145,"mean":20.8303203583,"median":19.7339935303,"min":0.995799303055,"var":100.048988342},"gfcc":{"cov":[[9366.03515625,212.441513062,-117.257575989,671.117248535,-177.632675171,20.2403411865,180.892700195,39.3007278442,-223.558853149,29.2961006165,-172.288085938,45.1800575256,38.3416519165],[212.441513062,773.024169922,168.296600342,-223.076782227,104.590248108,-69.8328781128,107.731826782,-131.784561157,57.8771018982,-28.7355003357,29.5924720764,-41.5487670898,70.5424957275],[-117.257575989,168.296600342,484.414489746,29.5398368835,-118.026756287,119.061790466,-29.3823356628,23.0542926788,-10.1120109558,29.2334632874,39.3337402344,27.3527641296,-15.187128067],[671.117248535,-223.076782227,29.5398368835,507.102020264,24.886806488,-23.0245056152,-17.0723781586,80.1656723022,-40.5847320557,39.018081665,-59.4490432739,17.0458030701,-28.9369068146],[-177.632675171,104.590248108,-118.026756287,24.886806488,250.380966187,31.1737613678,84.7041473389,-23.9063873291,11.4993600845,-27.3059253693,15.3386545181,-7.68029165268,25.2795848846],[20.2403411865,-69.8328781128,119.061790466,-23.0245056152,31.1737613678,292.507843018,92.9743652344,57.7720413208,-53.5545196533,7.24065732956,58.9384689331,32.3009529114,-2.00729775429],[180.892700195,107.731826782,-29.3823356628,-17.0723781586,84.7041473389,92.9743652344,187.498596191,17.6581611633,9.26261138916,4.01915597916,24.5283794403,1.98417365551,20.850725174],[39.3007278442,-131.784561157,23.0542926788,80.1656723022,-23.9063873291,57.7720413208,17.6581611633,122.11920929,20.588186264,24.1210174561,-5.3588104248,1.35253548622,-15.8857593536],[-223.558853149,57.8771018982,-10.1120109558,-40.5847320557,11.4993600845,-53.5545196533,9.26261138916,20.588186264,99.653427124,29.460521698,-5.88950967789,-19.2245178223,-9.54283428192],[29.2961006165,-28.7355003357,29.2334632874,39.018081665,-27.3059253693,7.24065732956,4.01915597916,24.1210174561,29.460521698,67.2656021118,28.1828994751,7.49741268158,-12.9976110458],[-172.288085938,29.5924720764,39.3337402344,-59.4490432739,15.3386545181,58.9384689331,24.5283794403,-5.3588104248,-5.88950967789,28.1828994751,97.2456588745,41.8054771423,7.25911712646],[45.1800575256,-41.5487670898,27.3527641296,17.0458030701,-7.68029165268,32.3009529114,1.98417365551,1.35253548622,-19.2245178223,7.49741268158,41.8054771423,63.7137832642,20.7799625397],[38.3416519165,70.5424957275,-15.187128067,-28.9369068146,25.2795848846,-2.00729775429,20.850725174,-15.8857593536,-9.54283428192,-12.9976110458,7.25911712646,20.7799625397,60.3481559753]],"icov":[[0.000182548217708,-0.000502104638144,0.000467944395496,-0.000329284986947,0.000471522653243,-0.000309110764647,-0.0000102648136817,-0.000169968261616,0.000464701064629,-0.000323078536894,0.000572480726987,-0.000662055972498,0.000344823201885],[-0.000502104638144,0.00620053801686,-0.00493418704718,0.00209404551424,-0.00322549953125,0.00384214683436,-0.00338414055295,0.00357643561438,-0.00223948643543,0.00155896425713,-0.00337067502551,0.00680773472413,-0.00553401513025],[0.000467944395496,-0.00493418704718,0.00726722087711,-0.00325318705291,0.00525569403544,-0.00572399003431,0.00345874601044,-0.000945578678511,-0.00115406827535,0.000741664960515,0.000339331454597,-0.00406605377793,0.00323995016515],[-0.000329284986947,0.00209404551424,-0.00325318705291,0.00652509182692,-0.00549093354493,0.0045460332185,-0.00142451561987,-0.00335176149383,0.00632267864421,-0.00737427221611,0.00629331497476,-0.00361800729297,0.00203308160417],[0.000471522653243,-0.00322549953125,0.00525569403544,-0.00549093354493,0.0113187180832,-0.00566562265158,0.000114451104309,0.00288665690459,-0.00609593652189,0.00788368936628,-0.00536419358104,0.00216051400639,-0.0014136324171],[-0.000309110764647,0.00384214683436,-0.00572399003431,0.0045460332185,-0.00566562265158,0.0118296379223,-0.00560692558065,-0.00419307453558,0.00781950540841,-0.00326956971548,-0.00054240738973,0.000495413318276,0.000471749488497],[-0.0000102648136817,-0.00338414055295,0.00345874601044,-0.00142451561987,0.000114451104309,-0.00560692558065,0.0107928263023,-0.00186869467143,-0.00206702831201,-0.000381626276067,-0.000237448039115,-0.00106188270729,-0.000320495310007],[-0.000169968261616,0.00357643561438,-0.000945578678511,-0.00335176149383,0.00288665690459,-0.00419307453558,-0.00186869467143,0.0174799840897,-0.0106106465682,0.00404811231419,-0.00363186746836,0.00608361279592,-0.00448333146051],[0.000464701064629,-0.00223948643543,-0.00115406827535,0.00632267864421,-0.00609593652189,0.00781950540841,-0.00206702831201,-0.0106106465682,0.027654055506,-0.0184625349939,0.0113467872143,-0.00664563197643,0.00711853709072],[-0.000323078536894,0.00155896425713,0.000741664960515,-0.00737427221611,0.00788368936628,-0.00326956971548,-0.000381626276067,0.00404811231419,-0.0184625349939,0.0367613695562,-0.0206987969577,0.0101594515145,-0.00319046340883],[0.000572480726987,-0.00337067502551,0.000339331454597,0.00629331497476,-0.00536419358104,-0.00054240738973,-0.000237448039115,-0.00363186746836,0.0113467872143,-0.0206987969577,0.0332785360515,-0.0238175150007,0.0095688123256],[-0.000662055972498,0.00680773472413,-0.00406605377793,-0.00361800729297,0.00216051400639,0.000495413318276,-0.00106188270729,0.00608361279592,-0.00664563197643,0.0101594515145,-0.0238175150007,0.0420843586326,-0.0197043530643],[0.000344823201885,-0.00553401513025,0.00323995016515,0.00203308160417,-0.0014136324171,0.000471749488497,-0.000320495310007,-0.00448333146051,0.00711853709072,-0.00319046340883,0.0095688123256,-0.0197043530643,0.0302213113755]],"mean":[-30.4596920013,131.683227539,-65.5447235107,-14.2466039658,-16.461681366,8.00534725189,1.31308758259,-10.4082756042,-8.69022083282,-5.71127700806,-1.55464541912,-2.91204714775,1.57971405983]},"hfc":{"dmean":37.8292007446,"dmean2":57.544002533,"dvar":1663.64245605,"dvar2":3807.81420898,"max":1008.15216064,"mean":147.138381958,"median":135.629180908,"min":1.23981774207e-16,"var":7862.10351562},"melbands":{"dmean":[0.00657972274348,0.00342529802583,0.00105646811426,0.000680365308654,0.000436522183008,0.000182815652806,0.000154217152158,0.000157577625941,0.000103200611193,0.000090897672635,0.0000760954717407,0.0000998600444291,0.0000964688151726,0.0000861582229845,0.0000494862906635,0.0000213005350815,0.0000156381047418,0.0000103945021692,0.00000724621122572,0.00000783251471148,0.00000685027453073,0.00000390004424844,0.00000265803146249,0.000001464067509,0.00000116072794754,8.07778121725e-7,6.20304717813e-7,6.07173035405e-7,4.73039563076e-7,3.48676451267e-7,2.66364793333e-7,1.83649262908e-7,1.2848448705e-7,1.08176770652e-7,9.12016560051e-8,7.34295255711e-8,6.26533847026e-8,5.49647936054e-8,4.7643574419e-8,4.16176710871e-8],"dmean2":[0.011088386178,0.00586781883612,0.00174151547253,0.00110371701885,0.000680095108692,0.000294975034194,0.000251206278335,0.000262927118456,0.0001718448475,0.000144132922287,0.000123338890262,0.000152988010086,0.000140723699587,0.000128675281303,0.0000749075989006,0.000035064342228,0.0000250770881394,0.0000158934308274,0.0000111984136311,0.0000125415608636,0.00000995525897451,0.00000585285579291,0.00000360329090654,0.00000207595894608,0.00000165278038367,0.00000125691576613,9.3996754913e-7,8.98113341918e-7,7.31346801786e-7,5.34108153261e-7,4.05667265113e-7,2.86735655664e-7,2.00498050162e-7,1.68949952695e-7,1.42600697473e-7,1.15438197668e-7,9.90671580325e-8,8.7483272182e-8,7.57656550832e-8,6.62534702656e-8],"dvar":[0.000088195403805,0.0000216815860767,0.00000257446617979,0.00000144132332025,8.90541741683e-7,9.21233080931e-8,7.43429424688e-8,1.22533421631e-7,3.20933359887e-8,3.47041506643e-8,2.02572802976e-8,3.46956809949e-8,2.96051645421e-8,1.62119562219e-8,8.79290684708e-9,3.63688856808e-9,4.98884400457e-9,4.90316276469e-9,4.02784999798e-10,5.49013556839e-10,1.11635056754e-9,3.03628289178e-10,6.8271222009e-11,1.36728649236e-11,8.69524157537e-12,4.45003799435e-12,2.12165441466e-12,1.72753510715e-12,1.2519648946e-12,8.99316320198e-13,3.21520696352e-13,1.13543689154e-13,3.63873529561e-14,2.76698355526e-14,2.04414783033e-14,1.30173149888e-14,9.52360731916e-15,7.78827228539e-15,5.75343233071e-15,4.44746761527e-15],"dvar2":[0.000247339659836,0.0000636236509308,0.00000681958090354,0.00000371212922801,0.00000214810256693,2.35164904439e-7,1.88626543718e-7,3.19176393759e-7,8.81374973005e-8,7.49759934138e-8,4.98731758114e-8,7.43107833046e-8,5.40035571817e-8,3.41709700535e-8,1.87153741393e-8,9.47332878809e-9,9.60727231103e-9,1.11763283073e-8,8.25794543857e-10,1.24206878116e-9,2.38452568802e-9,7.3320227667e-10,1.19502824303e-10,2.61029340504e-11,1.6826472507e-11,1.08233691107e-11,4.62212212948e-12,3.54986678074e-12,2.89713609006e-12,2.18486188343e-12,6.82885063601e-13,2.37718346527e-13,8.46361622822e-14,6.38873516264e-14,4.74660187457e-14,3.08071270046e-14,2.27019483534e-14,1.88253580747e-14,1.37818401507e-14,1.06218736267e-14],"max":[0.125530719757,0.0610434152186,0.0239280480891,0.0290336683393,0.0299939718097,0.0080459387973,0.00554212462157,0.00785753969103,0.00214693997987,0.00647663092241,0.00533631630242,0.00545386038721,0.00539460312575,0.00324966036715,0.00409127073362,0.0027399614919,0.0053830826655,0.00609083333984,0.00131357822102,0.00054715067381,0.00151643354911,0.00103807705455,0.000194820939214,0.0000873133612913,0.0000669107103022,0.0000362992141163,0.0000746028526919,0.0000311387957481,0.0000350321897713,0.0000414084643126,0.0000226696029131,0.0000181712784979,0.00000303394858747,0.00000270736973107,0.00000244358875534,0.00000153564644734,0.0000014473569081,0.00000134271294883,0.00000117193155802,9.83692984846e-7],"mean":[0.01002699323,0.00579621875659,0.00174573343247,0.00126450834796,0.000982640893199,0.000388155487599,0.000308884191327,0.000231496305787,0.000156697846251,0.000153974688146,0.000130460772198,0.000195380343939,0.00020228678477,0.000162726501003,0.0000949310633587,0.000034424399928,0.0000252977042692,0.0000164861285157,0.0000117210202006,0.0000118459347505,0.0000100897314042,0.00000601133751843,0.00000422746461481,0.00000231804324358,0.00000167386929206,0.00000112090606308,9.58529426498e-7,9.9494081951e-7,7.31338047899e-7,5.4283850659e-7,3.91783856912e-7,2.50475608254e-7,1.64629597066e-7,1.35104727406e-7,1.09243181612e-7,8.45776710889e-8,7.03842886196e-8,6.10939210333e-8,5.31775476986e-8,4.55289210777e-8],"median":[0.00755453575402,0.00400647893548,0.000970835098997,0.000494692183565,0.000251182820648,0.000170386148966,0.00013361852325,0.000102665821032,0.0000677534626448,0.0000802853901405,0.0000720233510947,0.000113118367153,0.0000912210234674,0.0000808373442851,0.0000438429269707,0.0000169156010088,0.0000106167626654,0.0000067696946644,0.00000430447016697,0.00000306069659928,0.00000171763485923,0.00000114666590889,7.19932359061e-7,4.43250655735e-7,3.51545679678e-7,3.27355337504e-7,3.31558368316e-7,3.68880563428e-7,2.81912463151e-7,2.23878103611e-7,1.62489868671e-7,1.13806727597e-7,7.60337144357e-8,5.9861051227e-8,4.45702568186e-8,3.54062947849e-8,2.96722255655e-8,2.59075374487e-8,2.26356675626e-8,1.77409589242e-8],"min":[5.98292620903e-24,6.50896469304e-24,3.96052902834e-24,8.42230422017e-24,3.27212423459e-24,4.99390644304e-24,2.71096309928e-24,1.71046233056e-23,8.95341823524e-24,1.34922619821e-23,1.4910291524e-23,1.6570999924e-23,6.83220833757e-24,1.118609339e-23,6.34358907616e-24,1.06116961547e-23,9.03619104344e-24,9.80631255786e-24,6.16618333048e-24,3.79153332877e-24,5.64956621226e-24,6.65644539472e-24,5.92705316327e-24,9.20245452327e-24,6.8884683196e-24,1.28445448589e-23,9.47264648306e-24,7.42588691103e-24,8.04633153502e-24,6.69159782551e-24,8.60989376571e-24,7.4811616058e-24,1.05281613069e-23,1.01901785852e-23,9.33067281936e-24,1.24902019509e-23,9.20058018976e-24,9.09362011735e-24,1.08523855055e-23,1.39979454881e-23],"var":[0.000107687810669,0.0000387116597267,0.00000491530454383,0.00000385370367439,0.00000370185352949,5.98274141339e-7,3.16910103493e-7,1.88540184354e-7,5.18357445856e-8,6.67415207545e-8,3.64565941879e-8,1.0549820928e-7,1.10662938368e-7,4.83900493009e-8,2.42533122474e-8,5.24312593342e-9,8.84967565895e-9,6.42757136404e-9,7.78305808691e-10,9.71024927132e-10,1.72872582915e-9,4.95760210661e-10,1.65893104809e-10,3.7399364855e-11,2.01842882686e-11,6.63705245277e-12,4.23993565951e-12,4.07872347008e-12,2.42766852628e-12,1.61438245584e-12,6.80627754678e-13,1.89924885172e-13,5.46796291513e-14,4.101343695e-14,2.93784128155e-14,1.70845257971e-14,1.19146644387e-14,9.29533024581e-15,6.96986058143e-15,5.36522146087e-15]},"melbands_crest":{"dmean":4.29596948624,"dmean2":7.08571958542,"dvar":12.7953834534,"dvar2":34.0717811584,"max":39.5672950745,"mean":19.2608718872,"median":18.7629089355,"min":1.94792997837,"var":40.4346809387},"melbands_flatness_db":{"dmean":0.0488912798464,"dmean2":0.075409643352,"dvar":0.00166456005536,"dvar2":0.00406507542357,"max":0.791719257832,"mean":0.345492333174,"median":0.342232465744,"min":0.00582706788555,"var":0.00520312832668},"melbands_kurtosis":{"dmean":12.810505867,"dmean2":20.7137565613,"dvar":2055.32592773,"dvar2":4973.03271484,"max":1670.73193359,"mean":18.8361301422,"median":9.56974601746,"min":-1.91037786007,"var":3169.38867188},"melbands_skewness":{"dmean":0.973684668541,"dmean2":1.5432485342,"dvar":1.35152685642,"dvar2":3.23496937752,"max":33.4386291504,"mean":3.04812145233,"median":2.78067398071,"min":-2.46875357628,"var":4.05033349991},"melbands_spread":{"dmean":3.45435810089,"dmean2":5.36837244034,"dvar":15.4456338882,"dvar2":34.3827590942,"max":161.049133301,"mean":9.61409759521,"median":7.80527639389,"min":0.0510433726013,"var":56.9780273438},"mfcc":{"cov":[[7865.81396484,229.754119873,-447.143066406,670.708435059,-156.800842285,104.476928711,132.21156311,72.4541931152,76.5435714722,11.2041110992,-138.460632324,-93.0781784058,-111.554206848],[229.754119873,1199.70678711,36.8496856689,-156.802276611,-52.6625976562,91.6231307983,33.7002067566,-34.1550636292,22.0917243958,-30.7812957764,-55.8757858276,-7.65776824951,24.7257766724],[-447.143066406,36.8496856689,561.038024902,-60.2495422363,5.38893461227,2.22779488564,-9.39922046661,16.9224243164,-51.7793579102,18.2353401184,29.5356826782,5.0248632431,28.8400707245],[670.708435059,-156.802276611,-60.2495422363,436.135192871,56.1885185242,-13.6805448532,-33.982208252,-24.2341213226,42.7585029602,13.218082428,-11.3678236008,-5.53650474548,-33.247592926],[-156.800842285,-52.6625976562,5.38893461227,56.1885185242,141.501464844,26.1413173676,15.480340004,17.8913784027,-1.25879275799,-9.59319782257,1.73116564751,10.8836708069,2.39954209328],[104.476928711,91.6231307983,2.22779488564,-13.6805448532,26.1413173676,137.531509399,110.970123291,42.5827941895,2.99230790138,-2.69757604599,0.799071073532,7.84381580353,17.1072559357],[132.21156311,33.7002067566,-9.39922046661,-33.982208252,15.480340004,110.970123291,199.32434082,88.6145706177,4.16329336166,-6.16871166229,3.43867993355,14.238360405,35.0608444214],[72.4541931152,-34.1550636292,16.9224243164,-24.2341213226,17.8913784027,42.5827941895,88.6145706177,98.469909668,30.5390014648,6.4459862709,6.24527215958,8.98593425751,15.8551359177],[76.5435714722,22.0917243958,-51.7793579102,42.7585029602,-1.25879275799,2.99230790138,4.16329336166,30.5390014648,91.478225708,44.5700073242,1.66332840919,0.4984177351,-9.42950344086],[11.2041110992,-30.7812957764,18.2353401184,13.218082428,-9.59319782257,-2.69757604599,-6.16871166229,6.4459862709,44.5700073242,71.7308731079,33.9902420044,1.61062002182,-6.64422607422],[-138.460632324,-55.8757858276,29.5356826782,-11.3678236008,1.73116564751,0.799071073532,3.43867993355,6.24527215958,1.66332840919,33.9902420044,67.883972168,35.7632522583,11.6989955902],[-93.0781784058,-7.65776824951,5.0248632431,-5.53650474548,10.8836708069,7.84381580353,14.238360405,8.98593425751,0.4984177351,1.61062002182,35.7632522583,63.8702697754,41.0119667053],[-111.554206848,24.7257766724,28.8400707245,-33.247592926,2.39954209328,17.1072559357,35.0608444214,15.8551359177,-9.42950344086,-6.64422607422,11.6989955902,41.0119667053,65.50050354]],"icov":[[0.000194652733626,-0.0000969665343291,0.000167818929185,-0.000405952334404,0.000401233293815,-0.000101722289401,0.0000381177487725,-0.000604215601925,0.000672042137012,-0.000598454207648,0.000606553221587,-0.000307934184093,0.000346403889125],[-0.0000969665343291,0.00119011953939,-0.00036174201523,0.000706153397914,0.000104532387923,-0.000980654614978,-0.00017272614059,0.00187138724141,-0.0020363398362,0.00135107466485,0.000320494902553,0.0000666171326884,-0.000459983915789],[0.000167818929185,-0.00036174201523,0.00246976315975,-0.000479013600852,0.000202979310416,-0.000259519467363,0.00132087327074,-0.00277983234264,0.00375849893317,-0.00293859955855,0.000312674586894,0.000627423927654,-0.00108772364911],[-0.000405952334404,0.000706153397914,-0.000479013600852,0.00387424812652,-0.00198006746359,0.0000679130534991,-0.000589819916058,0.00346083310433,-0.00383764854632,0.0017445780104,-0.000276221602689,-0.000489602971356,0.000732677173801],[0.000401233293815,0.000104532387923,0.000202979310416,-0.00198006746359,0.00924989115447,-0.00254213786684,0.00145144073758,-0.00344009464607,0.00210405280814,0.0000362764549209,0.00154557009228,-0.00259479065426,0.00158553267829],[-0.000101722289401,-0.000980654614978,-0.000259519467363,0.0000679130534991,-0.00254213786684,0.0149818724021,-0.00883386470377,0.00167664769106,-0.0000489059602842,-0.000762007432058,-0.000286999507807,-0.000428407802247,0.00108375167474],[0.0000381177487725,-0.00017272614059,0.00132087327074,-0.000589819916058,0.00145144073758,-0.00883386470377,0.0155095942318,-0.0116965770721,0.00485169328749,-0.00162555102725,0.000192044768482,0.00171920936555,-0.00454463344067],[-0.000604215601925,0.00187138724141,-0.00277983234264,0.00346083310433,-0.00344009464607,0.00167664769106,-0.0116965770721,0.0281054060906,-0.0173045676202,0.010420685634,-0.0061596352607,0.0036471108906,-0.00222655432299],[0.000672042137012,-0.0020363398362,0.00375849893317,-0.00383764854632,0.00210405280814,-0.0000489059602842,0.00485169328749,-0.0173045676202,0.0340214259923,-0.0271319095045,0.0166485812515,-0.0119746895507,0.00650757504627],[-0.000598454207648,0.00135107466485,-0.00293859955855,0.0017445780104,0.0000362764549209,-0.000762007432058,-0.00162555102725,0.010420685634,-0.0271319095045,0.0435256510973,-0.0289904288948,0.018174752593,-0.006497095339],[0.000606553221587,0.000320494902553,0.000312674586894,-0.000276221602689,0.00154557009228,-0.000286999507807,0.000192044768482,-0.0061596352607,0.0166485812515,-0.0289904288948,0.0450998395681,-0.0317267663777,0.0133066261187],[-0.000307934184093,0.0000666171326884,0.000627423927654,-0.000489602971356,-0.00259479065426,-0.000428407802247,0.00171920936555,0.0036471108906,-0.0119746895507,0.018174752593,-0.0317267663777,0.0503750741482,-0.0284255314618],[0.000346403889125,-0.000459983915789,-0.00108772364911,0.000732677173801,0.00158553267829,0.00108375167474,-0.00454463344067,-0.00222655432299,0.00650757504627,-0.006497095339,0.0133066261187,-0.0284255314618,0.0352111831307]],"mean":[-702.455627441,194.295806885,12.292386055,8.76856899261,3.77537965775,21.8918132782,16.0066127777,8.62730026245,6.69297838211,0.630717158318,-1.52628850937,4.89764070511,5.58428668976]},"pitch_salience":{"dmean":0.0888483896852,"dmean2":0.142702355981,"dvar":0.0056342552416,"dvar2":0.0143691785634,"max":0.939500391483,"mean":0.470959872007,"median":0.478782862425,"min":0.0300961658359,"var":0.0170739945024},"silence_rate_20dB":{"dmean":0,"dmean2":0,"dvar":0,"dvar2":0,"max":1,"mean":1,"median":1,"min":1,"var":0},"silence_rate_30dB":{"dmean":0.117701932788,"dmean2":0.235422179103,"dvar":0.103848189116,"dvar2":0.228358089924,"max":1,"mean":0.797341406345,"median":1,"min":0,"var":0.161588087678},"silence_rate_60dB":{"dmean":0.00995102245361,"dmean2":0.0199035927653,"dvar":0.00985199958086,"dvar2":0.0205959174782,"max":1,"mean":0.0552705228329,"median":0,"min":0,"var":0.0522156916559},"spectral_centroid":{"dmean":109.323478699,"dmean2":163.030258179,"dvar":19749.9238281,"dvar2":34061.8867188,"max":11033.3125,"mean":619.387634277,"median":554.301757812,"min":70.8975982666,"var":100630.5625},"spectral_complexity":{"dmean":2.55461406708,"dmean2":3.85709834099,"dvar":7.90199661255,"dvar2":13.5878829956,"max":47,"mean":14.7881689072,"median":14,"min":0,"var":48.4056091309},"spectral_contrast_coeffs":{"dmean":[0.0521445423365,0.0472994893789,0.0400110520422,0.0339036248624,0.0304324571043,0.0267694685608],"dmean2":[0.0880392491817,0.0782363340259,0.0632544010878,0.0537786744535,0.0492826662958,0.0419729463756],"dvar":[0.00167655094992,0.00136765744537,0.000972755078692,0.000748826074414,0.000699765165336,0.00081999815302],"dvar2":[0.00468930415809,0.0037860411685,0.00245029409416,0.00178704864811,0.00169650360476,0.00186029809993],"max":[-0.358113855124,-0.430884480476,-0.520745337009,-0.595247864723,-0.592571020126,-0.530769586563],"mean":[-0.695321857929,-0.774535775185,-0.778806567192,-0.809022665024,-0.874212682247,-0.821889460087],"median":[-0.703457117081,-0.782109737396,-0.780689001083,-0.810787796974,-0.870424509048,-0.837931632996],"min":[-0.964428305626,-0.97538793087,-0.980080842972,-0.984122574329,-0.970607161522,-0.960878908634],"var":[0.00648360466585,0.00492344377562,0.00346601265483,0.0028463313356,0.00246356846765,0.00268274080008]},"spectral_contrast_valleys":{"dmean":[0.382682591677,0.408712714911,0.341022610664,0.389188498259,0.566634953022,0.67872351408],"dmean2":[0.643054187298,0.647423267365,0.542129218578,0.593441426754,0.863824665546,1.05552041531],"dvar":[0.106917470694,0.125017657876,0.105764403939,0.14152251184,0.26625341177,0.31612983346],"dvar2":[0.266910433769,0.284161925316,0.231083750725,0.304147779942,0.641069114208,0.812857091427],"max":[-4.65306758881,-4.6650428772,-5.13253307343,-5.38424491882,-6.18914747238,-8.70572566986],"mean":[-6.37411260605,-6.49435091019,-6.79804992676,-7.782371521,-8.32310581207,-10.9412956238],"median":[-6.13462686539,-6.32347249985,-6.59018993378,-7.66624450684,-8.15807342529,-10.7985134125],"min":[-27.2704906464,-27.052904129,-26.8648090363,-27.0824584961,-27.3108997345,-27.2569541931],"var":[1.32561469078,1.02498102188,0.955623030663,0.891832590103,1.23661911488,1.15988087654]},"spectral_decrease":{"dmean":7.1752377373e-9,"dmean2":1.20744356735e-8,"dvar":8.64213025356e-17,"dvar2":2.38778481952e-16,"max":2.15902318246e-9,"mean":-1.5515963625e-8,"median":-1.29832464779e-8,"min":-1.28617614337e-7,"var":1.55081727066e-16},"spectral_energy":{"dmean":0.0277498476207,"dmean2":0.0466038659215,"dvar":0.0012648551492,"dvar2":0.00348976766691,"max":0.494331538677,"mean":0.0719067305326,"median":0.0633297041059,"min":1.06069733455e-20,"var":0.00250331126153},"spectral_energyband_high":{"dmean":0.0000689660519129,"dmean2":0.000102124664409,"dvar":1.08002797816e-8,"dvar2":2.20731894984e-8,"max":0.00221749511547,"mean":0.000120383432659,"median":0.0000624117528787,"min":8.10651621366e-21,"var":2.64158881436e-8},"spectral_energyband_low":{"dmean":0.0249274112284,"dmean2":0.0422863774002,"dvar":0.00113849644549,"dvar2":0.00320087419823,"max":0.472780108452,"mean":0.0451727695763,"median":0.0364359989762,"min":4.17649784495e-23,"var":0.00170511228498},"spectral_energyband_middle_high":{"dmean":0.00189955008682,"dmean2":0.00271955854259,"dvar":0.00000751709876567,"dvar2":0.0000151006679516,"max":0.0982608869672,"mean":0.00506336148828,"median":0.00373863987625,"min":1.26707378809e-21,"var":0.0000259068019659},"spectral_energyband_middle_low":{"dmean":0.00548454420641,"dmean2":0.00875356607139,"dvar":0.0000643261591904,"dvar2":0.000164622048032,"max":0.140869453549,"mean":0.0151298372075,"median":0.0091642383486,"min":2.81907837961e-22,"var":0.000251973397098},"spectral_entropy":{"dmean":0.307917654514,"dmean2":0.470186114311,"dvar":0.0752973482013,"dvar2":0.185754239559,"max":9.81241893768,"mean":7.00405883789,"median":7.02450942993,"min":4.68604564667,"var":0.247773274779},"spectral_flux":{"dmean":0.0370216481388,"dmean2":0.0599590949714,"dvar":0.00160016515292,"dvar2":0.00376787246205,"max":0.516295731068,"mean":0.127109855413,"median":0.118383958936,"min":1.02990158068e-10,"var":0.00426056608558},"spectral_kurtosis":{"dmean":12.4377841949,"dmean2":19.8770275116,"dvar":257.487884521,"dvar2":671.24206543,"max":196.475082397,"mean":26.6356182098,"median":20.0076599121,"min":-1.21293222904,"var":414.666381836},"spectral_rms":{"dmean":0.00149043672718,"dmean2":0.00246572284959,"dvar":0.00000236754294747,"dvar2":0.00000639967765892,"max":0.0219607539475,"mean":0.00780214369297,"median":0.00786034855992,"min":3.21687208121e-12,"var":0.00000927945984586},"spectral_rolloff":{"dmean":3184.86328125,"dmean2":6199.23535156,"dvar":48781632,"dvar2":124447192,"max":22050,"mean":5612.34375,"median":947.4609375,"min":21.533203125,"var":77366336},"spectral_skewness":{"dmean":0.859096109867,"dmean2":1.34144699574,"dvar":0.856202721596,"dvar2":2.17962908745,"max":11.5571937561,"mean":3.76330566406,"median":3.41867017746,"min":-0.0233219917864,"var":1.95335578918},"spectral_spread":{"dmean":735434.0625,"dmean2":1139933.375,"dvar":481167474688,"dvar2":1040244539390,"max":41546856,"mean":3498440.5,"median":3396774.5,"min":1023241.6875,"var":1135821455360},"spectral_strongpeak":{"dmean":1.4591794014,"dmean2":2.73039913177,"dvar":72.0273895264,"dvar2":205.813552856,"max":175.484924316,"mean":1.35149347782,"median":0.353905409575,"min":0,"var":57.6076278687},"zerocrossingrate":{"dmean":0.0343604534864,"dmean2":0.044534612447,"dvar":0.000820954330266,"dvar2":0.00136959250085,"max":0.64013671875,"mean":0.191970258951,"median":0.17578125,"min":0.0009765625,"var":0.00756991514936}},"metadata":{"audio_properties":{"analysis_sample_rate":44100,"bit_rate":320000,"codec":"mp3","downmix":"mix","equal_loudness":0,"length":298.6590271,"lossless":false,"md5_encoded":"2aaa410fd92dd49f1379b837f245400c","replay_gain":1.80891990662,"sample_rate":44100},"tags":{"acoustid_id":["97b3552a-fa94-4000-9925-a0d5aec3708c"],"album":["Comedown Machine"],"albumartist":["The Strokes"],"artist":["The Strokes"],"date":["2013"],"discnumber":["1/1"],"file_name":"05 - The Strokes - 80s Comedown Machine.mp3","musicbrainz_albumartistid":["f181961b-20f7-459e-89de-920ef03c7ed0"],"musicbrainz_albumid":["0ecabc36-053c-405f-92eb-00333aa23ec5"],"musicbrainz_artistid":["f181961b-20f7-459e-89de-920ef03c7ed0"],"musicbrainz_recordingid":["199288bb-1da4-40bb-b902-b941355676ff"],"musicbrainz_releasegroupid":["461e255f-b56e-4788-b989-8ff610242b94"],"replaygain_album_gain":["-0.13 dB"],"replaygain_album_peak":["0.386939"],"replaygain_track_gain":["+0.43 dB"],"replaygain_track_peak":["0.361351"],"title":["80s Comedown Machine"],"tracknumber":["5/11"]},"version":{"essentia":"2.1-beta1","essentia_build_sha":"e76a03f03bb3900de42a1fa0d9be1e72f12def64","essentia_git_sha":"v2.1_beta1-28-g21ef5f4-dirty","extractor":"music 1.0"}},"rhythm":{"beats_count":712,"beats_loudness":{"dmean":0.0319504477084,"dmean2":0.0552063658834,"dvar":0.000970567285549,"dvar2":0.00277603906579,"max":0.32010602951,"mean":0.0782474428415,"median":0.0724267289042,"min":1.86945825931e-7,"var":0.00222260458395},"beats_loudness_band_ratio":{"dmean":[0.147034972906,0.0827222540975,0.0412868596613,0.0541000217199,0.0281955916435,0.047273516655],"dmean2":[0.249491199851,0.144382417202,0.0707302764058,0.0929383039474,0.0533427335322,0.0806567370892],"dvar":[0.0171395521611,0.00853942986578,0.00241243629716,0.00283888424747,0.00136141316034,0.00218805600889],"dvar2":[0.0401275381446,0.0231177508831,0.00611957674846,0.00752764567733,0.00347613519989,0.00616371445358],"max":[0.994746685028,0.681846559048,0.620539426804,0.478982269764