{"lowlevel":{"average_loudness":0.509497344494,"barkbands":{"dmean":[0.00591161986813,0.00866285152733,0.00213805143721,0.00103437318467,0.00132589123677,0.00122905813623,0.000912354502361,0.000716093636584,0.000326553883497,0.000363890198059,0.000230995719903,0.00026427564444,0.000302079599351,0.000295523874229,0.00028786927578,0.000168662736542,0.000149779240019,0.000160789553775,0.000159393588547,0.000163815333508,0.000126404644107,0.0000598174374318,0.0000141565560625,0.00000302667285723,0.00000244745547207,0.0000172156196641,0.000804739596788],"dmean2":[0.00943661853671,0.0146283153445,0.00366690685041,0.00173682544846,0.00217734649777,0.00196793535724,0.00145079114009,0.00113135494757,0.000527529395185,0.000579035026021,0.000366673368262,0.000429741310654,0.000485024531372,0.000474583299365,0.000457532412838,0.00026745107607,0.000235563915339,0.000242354421061,0.000236887921346,0.000241569941863,0.000184733842616,0.0000899403603398,0.0000214283554669,0.00000489372951051,0.0000040216200432,0.0000257000592683,0.00111342675518],"dvar":[0.000131385779241,0.000237330692471,0.0000155233137775,0.00000474470334666,0.00001399991379,0.0000157408594532,0.0000132314562507,0.0000126320801428,0.00000101401167285,6.06195783348e-7,1.46623293062e-7,2.32119845123e-7,2.41259868972e-7,3.99540226681e-7,3.97145555553e-7,1.0107958559e-7,1.14306551779e-7,1.71454743736e-7,2.74381051213e-7,2.21788425847e-7,1.47909375414e-7,4.2584030524e-8,1.60720137199e-9,4.3937242733e-11,2.04596634773e-11,1.98517691175e-9,0.00000222193966692],"dvar2":[0.000329616450472,0.000634352385532,0.0000428610583185,0.0000117782774396,0.0000318470956699,0.0000381258105335,0.0000333384123223,0.0000319401115121,0.00000239019095716,0.00000141104203522,3.60901793783e-7,5.93323193243e-7,5.72777821617e-7,9.57033876148e-7,9.01184250779e-7,2.46202688459e-7,2.70436913752e-7,3.7232541672e-7,5.16989985044e-7,4.86762814944e-7,3.13876853397e-7,9.84373258461e-8,3.77094799831e-9,1.08950168332e-10,5.02742431019e-11,4.3534664762e-9,0.00000405584842156],"max":[0.215815290809,0.311724752188,0.0666264221072,0.0791085511446,0.260562539101,0.106272302568,0.15311896801,0.148617148399,0.0435199104249,0.0346737764776,0.0143795143813,0.0289452597499,0.0160787347704,0.0181788373739,0.0190816503018,0.0117205558345,0.00875864736736,0.011657666415,0.0400867126882,0.011681846343,0.00806825328618,0.00451472261921,0.000883260974661,0.0003676720371,0.0000861052976688,0.000966991123278,0.0545819103718],"mean":[0.0113712269813,0.0138276526704,0.00257821707055,0.00127610820346,0.00197558803484,0.00180811085738,0.0013492211001,0.00106646900531,0.000483325507957,0.000612815550994,0.000395509268856,0.000482611678308,0.000553620862775,0.000493955914862,0.000489989004564,0.000294593599392,0.000246155046625,0.000270930118859,0.000262275338173,0.000261359964497,0.000193869142095,0.0000795691958047,0.0000180749339052,0.00000346197180079,0.0000026662730761,0.0000225711046369,0.00224691047333],"median":[0.00306741823442,0.00610237848014,0.00120643735863,0.000511577003635,0.000849422998726,0.000589630217291,0.000350269197952,0.000220180518227,0.000168289989233,0.000261409382802,0.000213955281652,0.000281172106043,0.000306962290779,0.00020665898046,0.000210030586459,0.000135186652187,0.0000939866877161,0.000089975001174,0.0000677417992847,0.0000543323913007,0.000039264701627,0.0000154491317517,0.00000401523357141,0.00000126534450828,9.48990305005e-7,0.00000550903769181,0.00119808118325],"min":[5.81474106404e-25,4.57806236115e-24,1.44729726761e-24,1.31003103276e-24,4.06376488843e-24,2.26463407936e-24,1.15509936235e-23,9.74450530594e-24,1.00729096785e-23,1.15007976152e-23,1.29932845825e-23,2.51213843896e-23,2.60733091548e-23,4.0083691824e-23,4.13562759254e-23,5.11648682912e-23,8.18666847011e-23,9.70990965317e-23,1.24148468018e-22,1.76287945558e-22,2.41664572197e-22,2.84213230314e-22,4.49933393237e-22,5.78127455521e-22,8.41167103781e-22,1.18984922796e-21,1.95819843698e-21],"var":[0.000412743684137,0.000455337838503,0.0000171041610884,0.0000067791793299,0.0000232319234783,0.0000248528394877,0.0000204161769943,0.0000232234197028,0.00000182438964202,0.00000130291471123,3.37845420972e-7,5.07254469539e-7,6.35503795365e-7,7.81236224157e-7,8.86658540367e-7,2.09293972375e-7,2.16574122192e-7,3.76109312583e-7,6.79635320466e-7,3.78777997412e-7,2.39096038968e-7,5.18656264603e-8,2.02920502623e-9,5.34493872772e-11,2.44414141704e-11,2.8987778844e-9,0.00000967802770901]},"barkbands_crest":{"dmean":2.85860991478,"dmean2":4.6641907692,"dvar":6.17767238617,"dvar2":16.4530792236,"max":25.1645450592,"mean":11.4009895325,"median":10.9901599884,"min":2.35620164871,"var":18.3952121735},"barkbands_flatness_db":{"dmean":0.0265727378428,"dmean2":0.041718069464,"dvar":0.000560429645702,"dvar2":0.00138370052446,"max":0.41733533144,"mean":0.151689708233,"median":0.146783098578,"min":0.0375575572252,"var":0.00263755884953},"barkbands_kurtosis":{"dmean":5.34366369247,"dmean2":8.49605560303,"dvar":122.212120056,"dvar2":298.84854126,"max":407.665710449,"mean":9.11535930634,"median":4.32100963593,"min":-1.91963601112,"var":281.770812988},"barkbands_skewness":{"dmean":0.698740899563,"dmean2":1.08195054531,"dvar":0.570369362831,"dvar2":1.38754785061,"max":16.2655887604,"mean":2.34309434891,"median":2.09048986435,"min":-7.69141483307,"var":2.93154025078},"barkbands_spread":{"dmean":11.2441501617,"dmean2":17.1719150543,"dvar":126.084327698,"dvar2":270.160522461,"max":131.582901001,"mean":42.3223724365,"median":36.6647605896,"min":0.500477433205,"var":705.674133301},"dissonance":{"dmean":0.017290500924,"dmean2":0.029482876882,"dvar":0.000388496409869,"dvar2":0.00111062836368,"max":0.500000178814,"mean":0.469931066036,"median":0.478866934776,"min":0.0264620725065,"var":0.00099501281511},"dynamic_complexity":3.89249634743,"erbbands":{"dmean":[0.431574761868,1.41754209995,2.52754664421,2.87885117531,3.14180111885,5.22348213196,8.04976558685,10.9872484207,11.86805439,16.8314990997,10.1344881058,7.30680990219,10.1092576981,8.56346321106,10.1307296753,10.7497339249,13.556760788,11.8366622925,17.3342037201,10.3851079941,8.76507568359,8.26253414154,8.54505062103,8.81155586243,7.62601804733,7.43363189697,5.76787137985,4.72246074677,2.45168972015,0.958834469318,0.342729121447,0.0978673622012,0.0409035049379,0.027083793655,0.0176397636533,0.0111448541284,0.0300866477191,0.0937439203262,0.0705708712339,0.0159831177443],"dmean2":[0.733676671982,2.38181638718,4.2854013443,4.85827589035,5.20893526077,8.70566654205,12.985291481,17.6181125641,18.6479911804,27.1049423218,16.0079345703,11.7217025757,16.0884571075,13.8115549088,16.0379714966,17.3530197144,21.5803623199,18.9870605469,27.2372646332,16.3740615845,13.7384386063,12.8803825378,12.9177265167,13.1991882324,11.1880311966,10.9164009094,8.42864608765,7.0457777977,3.64665532112,1.47321164608,0.51475161314,0.151445403695,0.06707637012,0.0445347800851,0.0289445314556,0.0180963240564,0.0443474538624,0.133356049657,0.0946068242192,0.0220947004855],"dvar":[0.643036901951,7.83923578262,21.51404953,29.5322818756,43.0662002563,222.869873047,889.081604004,1389.17944336,1766.76794434,4547.19189453,1831.05957031,593.274230957,635.827209473,253.920150757,296.319885254,399.634887695,550.726501465,519.512695312,1751.00915527,446.3465271,280.753479004,367.653930664,472.798034668,751.318237305,529.772338867,463.892333984,297.248077393,267.374755859,73.290435791,11.9663791656,0.846762299538,0.04376000911,0.00857654213905,0.00257753417827,0.00103597086854,0.000376570445951,0.00592250097543,0.0742915198207,0.0270160809159,0.000717995106243],"dvar2":[1.81477487087,19.8813323975,56.9813308716,77.5272293091,105.934638977,546.499694824,1839.91125488,3538.78320312,4134.71142578,12019.8046875,4425.40966797,1321.63879395,1503.59631348,634.853027344,702.365356445,1022.07458496,1274.00915527,1281.7755127,3976.17407227,1073.22351074,665.135681152,878.757629395,1031.92614746,1409.89404297,1106.63049316,1020.21673584,607.463928223,618.567565918,168.990982056,29.615688324,1.93343472481,0.0989955589175,0.0221933405846,0.0063444674015,0.0025428312365,0.000921080005355,0.0127670327201,0.158254668117,0.0500077456236,0.00131385936402],"max":[11.9499750137,78.3171920776,96.2898864746,160.2368927,165.960357666,742.026184082,2090.28198242,1153.67150879,1428.20153809,2007.09082031,1691.15185547,1301.30529785,1462.06469727,475.842956543,769.622375488,1175.1072998,874.216430664,568.545898438,1337.03295898,918.159423828,511.677459717,523.96887207,665.262390137,1966.4732666,983.565734863,606.079528809,411.02041626,393.888153076,192.286239624,96.5940856934,20.5702037811,10.1196374893,4.16052913666,0.97877651453,0.609330058098,0.384394228458,1.66021895409,5.31149959564,3.6472568512,0.826512396336],"mean":[0.705330371857,2.00256276131,3.25238656998,3.8381383419,4.45689725876,7.33796310425,11.2282123566,16.1312637329,18.0809993744,25.6526470184,16.0897464752,11.210483551,16.915058136,15.7137422562,18.8154640198,20.5595970154,26.2115058899,22.6896686554,30.4383449554,19.7592544556,16.0536575317,14.1942625046,14.6108665466,15.1541900635,12.3479299545,11.9466180801,9.15549087524,6.72184181213,3.3071770668,1.19801163673,0.442995280027,0.122666850686,0.0445250496268,0.0293771047145,0.0195132959634,0.0133915245533,0.0407292284071,0.14539013803,0.154312461615,0.0561055541039],"median":[0.236898362637,0.877302050591,1.64708542824,1.90126979351,1.94650483131,2.88421773911,3.84761214256,5.30739212036,4.95543956757,6.06573867798,4.30160188675,4.06843185425,7.12887191772,8.75739192963,10.4758987427,12.4064359665,14.8911895752,11.9936628342,12.7848739624,9.46569252014,7.61908817291,5.65301513672,5.18039512634,4.11041879654,3.19695329666,2.50156450272,1.84701871872,1.2897799015,0.629770874977,0.259430170059,0.102978520095,0.0395137555897,0.0163852274418,0.0102622173727,0.00718527473509,0.00587568758056,0.0108017958701,0.034124456346,0.0514556765556,0.0374965593219],"min":[9.10973417906e-23,7.90423480902e-22,2.35366569263e-21,7.25569552237e-21,7.76719848689e-21,3.73383124652e-20,2.79890712801e-20,4.73394979888e-20,1.20180050147e-19,1.49124120831e-19,3.05192112712e-19,3.17641129232e-19,4.84397793892e-19,7.03002656334e-19,8.49907606678e-19,1.5284421054e-18,1.13124827662e-18,2.51078081116e-18,2.86252365021e-18,3.47129818216e-18,3.6567520755e-18,5.27894176504e-18,5.59181621429e-18,6.41525838407e-18,8.2358998695e-18,8.53833943533e-18,1.00324666768e-17,1.05244670877e-17,1.07569263465e-17,1.05003878601e-17,1.30778983652e-17,1.16535893033e-17,8.80769591255e-18,8.46482954865e-18,6.09536572091e-18,4.02520561729e-18,2.33100799427e-18,1.01433001935e-18,2.61052100865e-19,2.67144457328e-20],"var":[1.31276762486,13.5018625259,27.4999523163,40.0892715454,70.2265396118,359.138000488,1379.06237793,2117.89916992,3018.87744141,7600.04785156,3587.63525391,1096.71740723,1162.13952637,556.330322266,817.932739258,859.350769043,1499.68115234,1177.82043457,3751.89672852,1068.84729004,599.227844238,709.869812012,1007.66809082,2080.39868164,1062.17492676,800.174438477,526.502746582,344.733276367,89.8251800537,11.8568572998,1.15794587135,0.0676066279411,0.00881137512624,0.00304936431348,0.00125390826724,0.000488088931888,0.00887504965067,0.113834783435,0.076031409204,0.00402950681746]},"erbbands_crest":{"dmean":2.37273454666,"dmean2":3.85994005203,"dvar":5.05055236816,"dvar2":12.4572162628,"max":31.4545669556,"mean":8.12649059296,"median":6.947306633,"min":2.18027281761,"var":17.9194564819},"erbbands_flatness_db":{"dmean":0.0197330228984,"dmean2":0.0303272586316,"dvar":0.000281556945993,"dvar2":0.000677334493957,"max":0.379647046328,"mean":0.136792764068,"median":0.128834664822,"min":0.0356492549181,"var":0.00176731159445},"erbbands_kurtosis":{"dmean":0.889158964157,"dmean2":1.40763652325,"dvar":1.92448866367,"dvar2":4.59541082382,"max":37.6093063354,"mean":0.628332912922,"median":0.0732380151749,"min":-1.70207774639,"var":5.67917156219},"erbbands_skewness":{"dmean":0.33428478241,"dmean2":0.512403428555,"dvar":0.09078592062,"dvar2":0.204778209329,"max":4.69275140762,"mean":-0.120530903339,"median":-0.16870573163,"min":-5.0083823204,"var":0.546247303486},"erbbands_spread":{"dmean":6.35740327835,"dmean2":9.89127826691,"dvar":32.3641281128,"dvar2":76.3530578613,"max":161.105667114,"mean":31.987537384,"median":31.1243286133,"min":2.83961606026,"var":160.687103271},"gfcc":{"cov":[[19062.4160156,421.012542725,-1402.87402344,968.440307617,368.469024658,-838.141174316,671.529785156,-595.155029297,217.800994873,77.1658248901,-206.223144531,87.5640182495,-149.448013306],[421.012542725,934.257385254,22.345949173,-288.10446167,123.822883606,22.5855903625,-83.0108337402,30.0456619263,22.0607681274,-9.00857830048,69.127456665,-117.913375854,89.5602874756],[-1402.87402344,22.345949173,470.290100098,61.1928329468,-104.526817322,264.908905029,-96.7160339355,139.46736145,-54.6959991455,17.0792369843,10.5890197754,-9.40261459351,12.5276918411],[968.440307617,-288.10446167,61.1928329468,443.411834717,96.4476089478,-57.0567512512,181.150695801,-70.1578140259,5.55869007111,9.33744335175,-60.7530136108,71.3886184692,-54.1360702515],[368.469024658,123.822883606,-104.526817322,96.4476089478,292.097442627,-26.6533069611,92.1143875122,-62.786857605,23.6970558167,-9.53812408447,24.2347660065,1.4378361702,39.9150848389],[-838.141174316,22.5855903625,264.908905029,-57.0567512512,-26.6533069611,367.164459229,-99.3464889526,133.016571045,-41.857219696,17.7903003693,45.5999259949,-9.281914711,44.467048645],[671.529785156,-83.0108337402,-96.7160339355,181.150695801,92.1143875122,-99.3464889526,303.92086792,-85.1881408691,50.8684959412,13.6916027069,-30.8191661835,63.5059013367,-44.0679969788],[-595.155029297,30.0456619263,139.46736145,-70.1578140259,-62.786857605,133.016571045,-85.1881408691,204.705459595,-1.16468286514,25.8813476562,35.1809463501,-42.6223220825,43.4614486694],[217.800994873,22.0607681274,-54.6959991455,5.55869007111,23.6970558167,-41.857219696,50.8684959412,-1.16468286514,114.008888245,39.8657951355,11.0919017792,20.8876152039,-21.8933849335],[77.1658248901,-9.00857830048,17.0792369843,9.33744335175,-9.53812408447,17.7903003693,13.6916027069,25.8813476562,39.8657951355,84.0267944336,35.2504425049,6.4480638504,10.6725826263],[-206.223144531,69.127456665,10.5890197754,-60.7530136108,24.2347660065,45.5999259949,-30.8191661835,35.1809463501,11.0919017792,35.2504425049,82.4236755371,13.2092084885,35.6121406555],[87.5640182495,-117.913375854,-9.40261459351,71.3886184692,1.4378361702,-9.281914711,63.5059013367,-42.6223220825,20.8876152039,6.4480638504,13.2092084885,93.2559432983,-5.39609766006],[-149.448013306,89.5602874756,12.5276918411,-54.1360702515,39.9150848389,44.467048645,-44.0679969788,43.4614486694,-21.8933849335,10.6725826263,35.6121406555,-5.39609766006,97.8035125732]],"icov":[[0.000162741882377,-0.000513610080816,0.00110548932571,-0.00107476697303,0.0006338559906,-0.000462688039988,0.000174707631231,-0.0000142012258948,0.0000828611009638,-0.000263655238086,0.000155096975504,-0.0000712437031325,0.00000611454970567],[-0.000513610080816,0.00398109806702,-0.00511300330982,0.00503677409142,-0.00298395310529,0.00220486265607,-0.00135379680432,0.00139249651693,-0.00193579541519,0.00214638421312,-0.00218361173756,0.00346569414251,-0.00168218207546],[0.00110548932571,-0.00511300330982,0.0138369053602,-0.0107050454244,0.00688166031614,-0.00689603062347,0.00245631998405,-0.0020787527319,0.00219302345067,-0.00238322699443,0.00150659598876,-0.00180244934745,0.00113375263754],[-0.00107476697303,0.00503677409142,-0.0107050454244,0.0143592488021,-0.00897093769163,0.00546929845586,-0.0026677029673,-0.000645003223326,0.00158831232693,-0.00194971810561,0.00410148221999,-0.00316247600131,0.00222430867143],[0.0006338559906,-0.00298395310529,0.00688166031614,-0.00897093769163,0.0116467950866,-0.00442967703566,-0.000956603849772,0.00343312439509,-0.00364355347119,0.00465832138434,-0.00623625004664,0.00584807246923,-0.00557245640084],[-0.000462688039988,0.00220486265607,-0.00689603062347,0.00546929845586,-0.00442967703566,0.00778813194484,-0.000298618047964,-0.00200089579448,0.00141785177402,-0.000520669855177,-0.000300725747366,-0.00173210212961,0.000594264012761],[0.000174707631231,-0.00135379680432,0.00245631998405,-0.0026677029673,-0.000956603849772,-0.000298618047964,0.00660765264183,-0.000995715730824,0.000423734862125,-0.00295186624862,0.00351180369034,-0.00479730358347,0.00253487285227],[-0.0000142012258948,0.00139249651693,-0.0020787527319,-0.000645003223326,0.00343312439509,-0.00200089579448,-0.000995715730824,0.0116643514484,-0.00561234261841,0.00334527320229,-0.0060669388622,0.0093296058476,-0.00640850979835],[0.0000828611009638,-0.00193579541519,0.00219302345067,0.00158831232693,-0.00364355347119,0.00141785177402,0.000423734862125,-0.00561234261841,0.0177564267069,-0.0111597971991,0.00579624762759,-0.00970708578825,0.00857125688344],[-0.000263655238086,0.00214638421312,-0.00238322699443,-0.00194971810561,0.00465832138434,-0.000520669855177,-0.00295186624862,0.00334527320229,-0.0111597971991,0.0248421113938,-0.015011113137,0.010143478401,-0.00680678337812],[0.000155096975504,-0.00218361173756,0.00150659598876,0.00410148221999,-0.00623625004664,-0.000300725747366,0.00351180369034,-0.0060669388622,0.00579624762759,-0.015011113137,0.0301626101136,-0.0153876915574,0.00237777666189],[-0.0000712437031325,0.00346569414251,-0.00180244934745,-0.00316247600131,0.00584807246923,-0.00173210212961,-0.00479730358347,0.0093296058476,-0.00970708578825,0.010143478401,-0.0153876915574,0.0278200022876,-0.00885060057044],[0.00000611454970567,-0.00168218207546,0.00113375263754,0.00222430867143,-0.00557245640084,0.000594264012761,0.00253487285227,-0.00640850979835,0.00857125688344,-0.00680678337812,0.00237777666189,-0.00885060057044,0.0201616045088]],"mean":[-24.6415309906,90.3418273926,-87.6847839355,-4.64239931107,2.58608031273,-22.9949913025,9.8721113205,-22.8833618164,1.69321489334,-3.15916776657,0.308098703623,-1.10729777813,-3.26125311852]},"hfc":{"dmean":67.0561065674,"dmean2":101.198944092,"dvar":14385.5429688,"dvar2":33991.875,"max":2958.11206055,"mean":234.244567871,"median":185.25692749,"min":1.05550072577e-16,"var":46628.9414062},"melbands":{"dmean":[0.00315597234294,0.00143300078344,0.000487596029416,0.000271035562037,0.000276588310953,0.00023998915276,0.000182069925359,0.000187379249837,0.0000751681945985,0.0000467035533802,0.0000529245407961,0.0000381526951969,0.0000325740948028,0.0000277654944512,0.0000340852748195,0.0000310993855237,0.0000232106158364,0.000030807863368,0.0000196568580577,0.000012230367247,0.0000109197872007,0.00000922488925426,0.00000824733069749,0.0000079737365013,0.00000760821421864,0.00000596483778281,0.00000580283040108,0.00000512607675773,0.00000412163535657,0.00000271906151283,0.00000300248166241,0.00000155446787176,8.9065991915e-7,4.11474559314e-7,2.18515310735e-7,1.08257680154e-7,4.18120542633e-8,2.90387678348e-8,2.46655993408e-8,2.21891092167e-8],"dmean2":[0.00532196927816,0.00240482739173,0.000816648302134,0.000447361904662,0.000449084531283,0.000383807724575,0.000286843336653,0.000299751554849,0.000119927906781,0.0000752926134737,0.0000841750443215,0.0000616461838945,0.0000516835389135,0.0000453140746686,0.0000543068599654,0.0000501307767991,0.0000376367388526,0.0000486728931719,0.0000314694698318,0.0000193612686417,0.0000173446533154,0.0000146017428051,0.0000129178752104,0.0000122088122225,0.0000116502915262,0.00000893234573596,0.00000881293635757,0.00000770789574744,0.00000616662418906,0.00000402986051995,0.00000463783499072,0.00000234557387557,0.00000139034170843,6.40314340217e-7,3.32594623842e-7,1.64729016205e-7,6.72563089665e-8,4.79734794112e-8,4.0606259688e-8,3.64774095374e-8],"dvar":[0.0000319661012327,0.00000702896522853,8.1707071331e-7,3.89004952694e-7,9.55477958087e-7,6.22914228643e-7,4.72084678904e-7,6.38648145923e-7,9.11218265287e-8,2.38306938627e-8,1.66654370304e-8,5.43545874976e-9,2.81721468376e-9,2.15071471743e-9,4.0159964243e-9,2.62714516808e-9,2.09269357399e-9,5.96335292258e-9,1.54256507567e-9,6.26237672829e-10,4.70120997687e-10,4.50493420345e-10,4.29219271236e-10,4.21146839624e-10,5.9661969809e-10,4.13647838204e-10,2.78768980122e-10,2.45651082809e-10,1.58421595287e-10,6.41227904108e-11,1.52725485036e-10,2.94878080287e-11,1.22879970088e-11,2.0012355488e-12,3.59840195835e-13,6.57359502118e-14,9.67213200536e-15,6.26532271634e-15,2.18438277449e-15,1.71799309296e-15],"dvar2":[0.0000881437008502,0.0000176338326128,0.00000208576420846,9.42503675105e-7,0.00000201119519261,0.00000156865348799,0.00000114713475341,0.00000166534937307,2.21079091034e-7,5.28262731336e-8,3.93249592889e-8,1.33895330379e-8,6.78295419831e-9,5.57238299947e-9,9.57862766882e-9,6.46494902057e-9,5.13377163003e-9,1.36681457263e-8,3.7542715603e-9,1.54462076463e-9,1.12354270332e-9,1.0935514716e-9,1.02275476976e-9,9.15141518121e-10,1.16204135203e-9,8.5593682142e-10,6.18609774516e-10,5.67101865467e-10,3.37673888851e-10,1.33780445055e-10,3.74968223138e-10,6.95523777461e-11,3.03549199665e-11,5.04840006604e-12,8.33707614663e-13,1.44030417475e-13,2.38054171373e-14,1.67052972882e-14,5.382860922e-15,4.22549500815e-15],"max":[0.0776716917753,0.0721243619919,0.0261864699423,0.0196091346443,0.074586212635,0.024633506313,0.0272995717824,0.0287354309112,0.0111672505736,0.00790224224329,0.00714020757005,0.00178660720121,0.00197288230993,0.00133941764943,0.0041267471388,0.00127614231315,0.00128852168564,0.00278197531588,0.00125153362751,0.0010493126465,0.000514545594342,0.000587695918512,0.000478932866827,0.000585355912335,0.00180253665894,0.00138018094003,0.000360057456419,0.000490991980769,0.000274833670119,0.000214317362406,0.000325632165186,0.000122411627672,0.00011774302402,0.0000413388443121,0.0000150421401486,0.00000570176507608,0.00000653302731735,0.00000441372822024,9.08449919734e-7,7.93887522832e-7],"mean":[0.0057162148878,0.00204169028439,0.000692870118655,0.000406514009228,0.000393770926166,0.000358506280463,0.000275119469734,0.000284534646198,0.000116111790703,0.0000689871303621,0.0000871562951943,0.0000664595572744,0.0000577402715862,0.0000514266066602,0.0000612296280451,0.0000541036642971,0.0000401548131777,0.0000510561512783,0.0000336904631695,0.0000210557318496,0.0000182929125003,0.0000148079061546,0.0000128362144096,0.0000132086979647,0.0000123273957797,0.00000901596922631,0.00000886052384885,0.00000775002718001,0.00000618692411081,0.00000421960430685,0.0000038524244701,0.00000203277568289,0.00000106256834442,4.96699897212e-7,2.76539765309e-7,1.34908177074e-7,4.80475179643e-8,3.02436653499e-8,2.63540691492e-8,2.39734880836e-8],"median":[0.00244708452374,0.00108455610462,0.000356829841621,0.000181296956725,0.000141699289088,0.00012016861001,0.0000755020009819,0.0000616688921582,0.000031254690839,0.0000241852540057,0.000035077726352,0.0000335489130521,0.0000317973681376,0.0000307905356749,0.0000316176228807,0.0000282049986708,0.0000191904400708,0.0000192379084183,0.0000150696050696,0.00000934721992962,0.0000080350182543,0.00000557592647965,0.00000439613540948,0.00000430649242844,0.00000305904541165,0.00000229269653573,0.00000192835523194,0.00000152489019456,0.00000116346950563,8.97207144135e-7,6.47879119242e-7,3.70825205209e-7,2.07758290571e-7,1.03479464997e-7,6.15030089079e-8,3.40276642419e-8,1.67246465566e-8,9.97772708899e-9,8.85459350286e-9,8.36436253593e-9],"min":[1.03504368614e-24,1.05084890881e-24,1.58836877026e-24,8.53468218928e-25,8.83355989259e-25,1.15752144143e-24,2.02491739407e-24,1.54830331374e-24,1.92194402745e-24,1.59394986255e-24,2.04905200182e-24,2.67020837555e-24,1.8529557747e-24,2.54444225358e-24,3.94933114779e-24,1.18158169903e-24,3.71359821007e-24,3.4961222747e-24,3.23284586404e-24,4.26337982961e-24,3.07849004236e-24,4.68028216839e-24,4.48809395821e-24,3.52717815082e-24,4.1215083234e-24,4.63339069846e-24,4.77592366454e-24,4.37150189414e-24,5.10804593855e-24,4.60007118598e-24,5.54050974199e-24,5.32919599358e-24,3.83790375607e-24,5.61293427283e-24,6.71910461642e-24,5.15917359154e-24,6.6154577598e-24,5.39641049258e-24,6.71340194094e-24,6.72255903832e-24],"var":[0.0000722163094906,0.000011498144886,0.00000120241986679,7.22488096017e-7,0.00000148607784922,9.73325995801e-7,7.59607928558e-7,0.00000112358350179,1.72986361235e-7,4.34047819908e-8,3.10664134417e-8,1.21956587051e-8,7.07918434983e-9,5.34336885849e-9,8.8429485956e-9,6.28001561864e-9,4.37092806393e-9,1.21568284328e-8,3.37213190704e-9,1.28320931658e-9,8.86691720048e-10,8.04035726887e-10,7.62651553021e-10,9.13811637471e-10,1.56560320264e-9,8.43451586352e-10,4.576259649e-10,3.79508535708e-10,2.59708060613e-10,1.10351998373e-10,1.58700941277e-10,3.53730482405e-11,1.17891434462e-11,1.95306661468e-12,4.79960201357e-13,1.00060957512e-13,1.23770241492e-14,5.54691214564e-15,2.5575624094e-15,2.033601169e-15]},"melbands_crest":{"dmean":4.26221656799,"dmean2":7.07010412216,"dvar":14.0669908524,"dvar2":37.79454422,"max":38.7149543762,"mean":19.7451305389,"median":18.8111343384,"min":1.49564099312,"var":60.6945915222},"melbands_flatness_db":{"dmean":0.0340511016548,"dmean2":0.0534156635404,"dvar":0.000844088441227,"dvar2":0.00207450473681,"max":0.549684584141,"mean":0.258342534304,"median":0.257546126842,"min":0.00312979170121,"var":0.0046727671288},"melbands_kurtosis":{"dmean":9.06017875671,"dmean2":14.92000103,"dvar":255.846435547,"dvar2":683.504821777,"max":491.161376953,"mean":16.2177009583,"median":9.24987030029,"min":-1.82490372658,"var":513.351623535},"melbands_skewness":{"dmean":0.895685791969,"dmean2":1.44834506512,"dvar":0.845468640327,"dvar2":2.19674992561,"max":17.1362094879,"mean":3.11948490143,"median":2.85336446762,"min":-5.31959819794,"var":3.59167003632},"melbands_spread":{"dmean":6.45402956009,"dmean2":10.1092643738,"dvar":63.0747451782,"dvar2":140.865982056,"max":268.479644775,"mean":19.1653308868,"median":14.8457860947,"min":0.480787813663,"var":317.241729736},"mfcc":{"cov":[[9352.29589844,456.375244141,-895.595031738,1297.99462891,-398.857818604,320.263366699,-43.7191200256,-6.21094703674,93.2745666504,86.1312789917,59.3433837891,-90.7631835938,-67.0157165527],[456.375244141,1152.83337402,-66.410484314,-178.560211182,182.281982422,-71.3295211792,56.5278778076,-92.0807342529,50.241317749,-0.180173307657,52.3757743835,9.3205871582,-16.491153717],[-895.595031738,-66.410484314,567.354614258,-237.468460083,104.212966919,-20.3129863739,36.0970840454,41.296962738,-0.270364105701,35.9381408691,-1.543440938,33.4343986511,7.58639907837],[1297.99462891,-178.560211182,-237.468460083,618.999206543,-170.541976929,146.118408203,1.79115700722,45.2056274414,19.0551528931,1.93832015991,2.91655302048,-29.7152729034,2.76192593575],[-398.857818604,182.281982422,104.212966919,-170.541976929,310.854064941,-25.4430294037,68.6600723267,-16.0490245819,18.0004463196,-0.797240495682,3.61208510399,17.7538528442,-8.80661392212],[320.263366699,-71.3295211792,-20.3129863739,146.118408203,-25.4430294037,238.909698486,41.8061332703,62.1413002014,-6.20785427094,-0.805107831955,-5.11348390579,3.45218682289,23.7252883911],[-43.7191200256,56.5278778076,36.0970840454,1.79115700722,68.6600723267,41.8061332703,168.063766479,21.9150791168,45.0967292786,-14.8076210022,6.41919231415,11.462269783,4.78342676163],[-6.21094703674,-92.0807342529,41.296962738,45.2056274414,-16.0490245819,62.1413002014,21.9150791168,118.4164505,10.5365905762,18.279718399,-7.70671749115,8.98167037964,16.9825515747],[93.2745666504,50.241317749,-0.270364105701,19.0551528931,18.0004463196,-6.20785427094,45.0967292786,10.5365905762,87.272857666,24.2308769226,19.3151359558,5.12652397156,-1.83954489231],[86.1312789917,-0.180173307657,35.9381408691,1.93832015991,-0.797240495682,-0.805107831955,-14.8076210022,18.279718399,24.2308769226,76.3315811157,32.1161460876,13.4077119827,2.46676373482],[59.3433837891,52.3757743835,-1.543440938,2.91655302048,3.61208510399,-5.11348390579,6.41919231415,-7.70671749115,19.3151359558,32.1161460876,72.5740661621,26.8531894684,6.18457126617],[-90.7631835938,9.3205871582,33.4343986511,-29.7152729034,17.7538528442,3.45218682289,11.462269783,8.98167037964,5.12652397156,13.4077119827,26.8531894684,63.7805747986,29.6875801086],[-67.0157165527,-16.491153717,7.58639907837,2.76192593575,-8.80661392212,23.7252883911,4.78342676163,16.9825515747,-1.83954489231,2.46676373482,6.18457126617,29.6875801086,60.5734024048]],"icov":[[0.000182361152838,-0.000130831453134,0.000126952436403,-0.000330910086632,0.0000862360247993,-0.000106978237454,0.0000212439008465,0.0000812983198557,-0.0000222954222409,-0.000304894783767,0.0000985222068266,-0.0000555152910238,0.00022418241133],[-0.000130831453134,0.00120614189655,0.000194872583961,0.000519924506079,-0.000569971103687,0.0000495412859891,-0.000171539359144,0.000542066700291,-0.000456620648038,0.000305931607727,-0.000774794782046,0.000273486803053,-0.000186443474377],[0.000126952436403,0.000194872583961,0.00256234034896,0.000714641995728,-0.000311488081934,-0.000109243141196,-0.000588476308621,-0.000640866230242,0.000404591817642,-0.00160254351795,0.000604556174949,-0.000721123418771,0.000432908709627],[-0.000330910086632,0.000519924506079,0.000714641995728,0.00332813034765,0.000780500180554,-0.00116636266466,-0.000211923557799,-0.000455150671769,-0.000766820041463,0.000384942424716,-0.000665052153636,0.000917946046684,-0.000172107407707],[0.0000862360247993,-0.000569971103687,-0.000311488081934,0.000780500180554,0.00465620448813,-0.000213605293538,-0.00166089099366,0.000475742010167,-0.0000524229180883,-0.000530247925781,0.00080531736603,-0.00108995730989,0.00117402966134],[-0.000106978237454,0.0000495412859891,-0.000109243141196,-0.00116636266466,-0.000213605293538,0.00615419307724,-0.00164793315344,-0.00236647552811,0.00193225871772,-0.000103160316939,-0.0000438403985754,0.000451322586741,-0.00183975533582],[0.0000212439008465,-0.000171539359144,-0.000588476308621,-0.000211923557799,-0.00166089099366,-0.00164793315344,0.00931932125241,-0.0012393349316,-0.00528395595029,0.00467474758625,-0.00126408750657,-0.000831100041978,0.000261233217316],[0.0000812983198557,0.000542066700291,-0.000640866230242,-0.000455150671769,0.000475742010167,-0.00236647552811,-0.0012393349316,0.0119786299765,-0.00102576299105,-0.00367574463598,0.00315534533001,-0.00102374982089,-0.00162776827347],[-0.0000222954222409,-0.000456620648038,0.000404591817642,-0.000766820041463,-0.0000524229180883,0.00193225871772,-0.00528395595029,-0.00102576299105,0.0167851708829,-0.00582651654258,-0.00131228752434,0.000767235469539,0.000280698644929],[-0.000304894783767,0.000305931607727,-0.00160254351795,0.000384942424716,-0.000530247925781,-0.000103160316939,0.00467474758625,-0.00367574463598,-0.00582651654258,0.02152056247,-0.00873082038015,-0.000247017131187,0.00051296845777],[0.0000985222068266,-0.000774794782046,0.000604556174949,-0.000665052153636,0.00080531736603,-0.0000438403985754,-0.00126408750657,0.00315534533001,-0.00131228752434,-0.00873082038015,0.0220784507692,-0.00893065705895,0.0016405795468],[-0.0000555152910238,0.000273486803053,-0.000721123418771,0.000917946046684,-0.00108995730989,0.000451322586741,-0.000831100041978,-0.00102374982089,0.000767235469539,-0.000247017131187,-0.00893065705895,0.0261851530522,-0.0118094887584],[0.00022418241133,-0.000186443474377,0.000432908709627,-0.000172107407707,0.00117402966134,-0.00183975533582,0.000261233217316,-0.00162776827347,0.000280698644929,0.00051296845777,0.0016405795468,-0.0118094887584,0.0235948786139]],"mean":[-688.487548828,160.477859497,-26.1893615723,38.0173492432,0.571947872639,22.1419067383,5.76397800446,2.70844745636,2.48309969902,1.68135797977,4.43183803558,3.86776733398,4.93865919113]},"pitch_salience":{"dmean":0.0762564688921,"dmean2":0.124751776457,"dvar":0.00444353790954,"dvar2":0.0116125745699,"max":0.881939351559,"mean":0.486770063639,"median":0.498459994793,"min":0.062570258975,"var":0.0182165745646},"silence_rate_20dB":{"dmean":0.00052263669204,"dmean2":0.00104534171987,"dvar":0.000522407644894,"dvar2":0.00143629335798,"max":1,"mean":0.999673366547,"median":1,"min":0,"var":0.000326493696775},"silence_rate_30dB":{"dmean":0.057228717953,"dmean2":0.114464916289,"dvar":0.0539566241205,"dvar2":0.125136718154,"max":1,"mean":0.885615348816,"median":1,"min":0,"var":0.101291842759},"silence_rate_60dB":{"dmean":0.0109753711149,"dmean2":0.0219521764666,"dvar":0.0108564142138,"dvar2":0.0255242940038,"max":1,"mean":0.0710086226463,"median":0,"min":0,"var":0.0659746825695},"spectral_centroid":{"dmean":251.604736328,"dmean2":364.167816162,"dvar":86387.203125,"dvar2":163201.40625,"max":11733.4521484,"mean":1383.57910156,"median":1128.34716797,"min":170.92364502,"var":1143263.125},"spectral_complexity":{"dmean":3.75697398186,"dmean2":5.51770544052,"dvar":21.4468917847,"dvar2":35.847454071,"max":63,"mean":18.7919387817,"median":17,"min":0,"var":140.071044922},"spectral_contrast_coeffs":{"dmean":[0.0510975122452,0.0484065078199,0.0362691022456,0.0294125638902,0.0219921395183,0.0468508936465],"dmean2":[0.0855228304863,0.0796115919948,0.0602500848472,0.0483357459307,0.0357094891369,0.0717224404216],"dvar":[0.00169388437644,0.0015262743691,0.00080811616499,0.000525039271452,0.000345488952007,0.00189387332648],"dvar2":[0.00465799355879,0.00408909423277,0.00217826664448,0.00140381930396,0.000879034691025,0.00427522370592],"max":[-0.376076996326,-0.411567598581,-0.506042122841,-0.553868412971,-0.603119552135,-0.382070958614],"mean":[-0.721837699413,-0.764554619789,-0.804620087147,-0.796196997166,-0.813535630703,-0.731961071491],"median":[-0.729159653187,-0.77363294363,-0.810052752495,-0.797343492508,-0.812998890877,-0.738186597824],"min":[-0.979822218418,-0.982071816921,-0.975045025349,-0.98697245121,-0.978554069996,-0.966211140156],"var":[0.00644566863775,0.00518511142582,0.00252858526073,0.00203564902768,0.00169260450639,0.00914981402457]},"spectral_contrast_valleys":{"dmean":[0.391137450933,0.367212057114,0.305370151997,0.276866316795,0.305203914642,0.627699017525],"dmean2":[0.644549071789,0.600637435913,0.490642547607,0.431329250336,0.432797461748,1.01445150375],"dvar":[0.111300177872,0.0990143567324,0.0736613050103,0.0735303983092,0.113404586911,0.301652878523],"dvar2":[0.278598695993,0.240976914763,0.164556980133,0.15243960917,0.209765553474,0.753036737442],"max":[-4.80383396149,-4.38626194,-5.53435754776,-5.56708478928,-5.0798997879,-8.80110549927],"mean":[-7.0823559761,-6.94042873383,-7.36344146729,-7.65352535248,-7.89579677582,-11.3946228027],"median":[-6.70351409912,-6.65571928024,-7.03783273697,-7.32143497467,-7.57143068314,-11.1827201843],"min":[-28.1729984283,-28.3662948608,-27.8672389984,-27.6539039612,-27.6066417694,-27.3832645416],"var":[4.07249307632,3.79367589951,3.58634662628,3.70524954796,4.01962709427,2.74592876434]},"spectral_decrease":{"dmean":4.05250411006e-9,"dmean2":6.60452581513e-9,"dvar":3.69001400055e-17,"dvar2":9.75180098623e-17,"max":1.6531018332e-8,"mean":-7.84740183946e-9,"median":-4.38882663545e-9,"min":-9.01334971104e-8,"var":1.01271411375e-16},"spectral_energy":{"dmean":0.0168903395534,"dmean2":0.0267200637609,"dvar":0.000616364530288,"dvar2":0.00154778012075,"max":0.441793113947,"mean":0.0508646443486,"median":0.0380319803953,"min":9.82916184456e-21,"var":0.00221321056597},"spectral_energyband_high":{"dmean":0.00077650003368,"dmean2":0.00104179966729,"dvar":0.00000290202660835,"dvar2":0.00000538140830031,"max":0.0308079682291,"mean":0.00184519810136,"median":0.000780119444244,"min":6.99951106275e-21,"var":0.00000870328040037},"spectral_energyband_low":{"dmean":0.0124306427315,"dmean2":0.0207144152373,"dvar":0.000416400231188,"dvar2":0.00111301883589,"max":0.3521502316,"mean":0.0249269865453,"median":0.0133104855195,"min":9.70153841901e-24,"var":0.00106312904973},"spectral_energyband_middle_high":{"dmean":0.00135947973467,"dmean2":0.00196442590095,"dvar":0.00000447114871349,"dvar2":0.00000906638524611,"max":0.054055377841,"mean":0.00415871990845,"median":0.00287811644375,"min":1.15306493425e-21,"var":0.0000192690386029},"spectral_energyband_middle_low":{"dmean":0.00379317253828,"dmean2":0.00596883194521,"dvar":0.0000657580312691,"dvar2":0.000156631343998,"max":0.321320831776,"mean":0.0081265475601,"median":0.00415782304481,"min":1.50419189614e-22,"var":0.000161190182553},"spectral_entropy":{"dmean":0.150349408388,"dmean2":0.225746676326,"dvar":0.0211204197258,"dvar2":0.0485944636166,"max":9.83508682251,"mean":7.57004833221,"median":7.62521266937,"min":5.44195270538,"var":0.163239717484},"spectral_flux":{"dmean":0.0249213650823,"dmean2":0.0401588007808,"dvar":0.000886426947545,"dvar2":0.00211637536995,"max":0.491781681776,"mean":0.106976605952,"median":0.101410865784,"min":6.40100472626e-11,"var":0.00359424902126},"spectral_kurtosis":{"dmean":4.66305112839,"dmean2":7.25493717194,"dvar":29.8015079498,"dvar2":74.9068603516,"max":101.132476807,"mean":21.348531723,"median":19.3582992554,"min":-1.27228522301,"var":96.8681030273},"spectral_rms":{"dmean":0.00103280867916,"dmean2":0.00159350072499,"dvar":0.00000140640543123,"dvar2":0.00000336680818691,"max":0.0207609646022,"mean":0.00628881901503,"median":0.00609133578837,"min":3.09667981362e-12,"var":0.0000100748629848},"spectral_rolloff":{"dmean":3176.34277344,"dmean2":6022.21435547,"dvar":41526900,"dvar2":104926104,"max":22028.4667969,"mean":16115.5244141,"median":20930.2734375,"min":21.533203125,"var":74462136},"spectral_skewness":{"dmean":0.376955121756,"dmean2":0.57100635767,"dvar":0.159038111567,"dvar2":0.381628483534,"max":8.46337985992,"mean":3.20681214333,"median":3.08402705193,"min":-0.235983803868,"var":0.833630263805},"spectral_spread":{"dmean":463183.53125,"dmean2":723468.0625,"dvar":334735147008,"dvar2":809821011968,"max":52902744,"mean":4673745,"median":4388777.5,"min":1763689.25,"var":9683009011710},"spectral_strongpeak":{"dmean":5.39043807983,"dmean2":10.042014122,"dvar":354.325592041,"dvar2":987.504699707,"max":258.70993042,"mean":4.59267759323,"median":0.21412396431,"min":0,"var":311.444732666},"zerocrossingrate":{"dmean":0.0419813096523,"dmean2":0.0530330985785,"dvar":0.00134956219699,"dvar2":0.00212027854286,"max":0.79052734375,"mean":0.323436379433,"median":0.3173828125,"min":0.009765625,"var":0.0155837591738}},"metadata":{"audio_properties":{"analysis_sample_rate":44100,"bit_rate":133889,"codec":"mp3","downmix":"mix","equal_loudness":0,"length":355.422027588,"lossless":false,"md5_encoded":"86e0a822d5f78deb1e3a51c67dad0b41","replay_gain":-3.18647193909},"tags":{"album":["A Trick of the Tail"],"artist":["Genesis"],"date":["1994","1975"],"file_name":"01 - Genesis - Dance on a Volcano.mp3","genre":["Progressive Rock"],"musicbrainz album artist":["Genesis"],"musicbrainz album artist sortname":["Genesis"],"musicbrainz album status":["official"],"musicbrainz album type":["album"],"musicbrainz non-album":["0"],"musicbrainz_albumartistid":["8e3fcd7d-bda1-4ca0-b987-b8528d2ee74e"],"musicbrainz_albumid":["42f9a44b-b325-4443-90da-9ef0a749b57f"],"musicbrainz_artistid":["8e3fcd7d-bda1-4ca0-b987-b8528d2ee74e"],"musicbrainz_recordingid":["19bddd86-ba35-4b43-824c-3d2e58c8df7e"],"musicip_puid":[""],"originaldate":["1975"],"title":["Dance on a Volcano"],"tracknumber":["1/8"]},"version":{"essentia":"2.1-beta1","essentia_build_sha":"ab033649a6180e58ab3ffa3648ee50b8e9460706","essentia_git_sha":"v2.1_beta1-8-g0ed32f5-dirty","extractor":"music 1.0"}},"rhythm":{"beats_count":713,"beats_loudness":{"dmean":0.0385815910995,"dmean2":0.0670320317149,"dvar":0.00192743272055,"dvar2":0.00552274100482,"max":0.408761888742,"mean":0.0632989779115,"median":0.052698507905,"min":0,"var":0.00280982721597},"beats_loudness_band_ratio":{"dmean":[0.208864107728,0.0774977505207,0.0617674030364,0.03580404073,0.0325684398413,0.151476472616],"dmean2":[0.361844748259,0.137406513095,0.110829293728,0.0612853094935,0.0568971596658,0.260539799929],"dvar":[0.0280768256634,0.0129511076957,0.0106986314058,0.00149335130118,0.00165350199677,0.0159142296761],"dvar2":[0.0769578292966,0.0361783914268,0.0310296993703,0.0039388993755,0.00486266054213,0.0415053367615],"max":[0.935740828514,0.784304440022,0.733589112759,0.47