{"lowlevel":{"average_loudness":0.561746120453,"barkbands":{"dmean":[5.69077940327e-7,0.0000331205228576,0.000263018941041,0.00125655648299,0.00172706518788,0.0000788078104961,0.0000777499590185,0.0000574229998165,0.000102241465356,0.000159187125973,0.000103098158434,0.00011721548799,0.00019500014605,0.000469951162813,0.000639776291791,0.000341109494912,0.000594413315412,0.000338254059898,0.000161594856763,0.000085417945229,0.0000288828759949,0.00000625190750725,0.00000127420059925,3.52596657649e-7,7.6459954812e-8,2.29592878043e-8,3.15652659566e-9],"dmean2":[9.42780445712e-7,0.0000531360492459,0.000420570839196,0.00186343223322,0.00261100917123,0.000127405059175,0.000117249102914,0.0000870721341926,0.000151739164721,0.00025576617918,0.000149672472617,0.000176988512976,0.000288621347863,0.000752196006943,0.00102459825575,0.000526929507032,0.000919677258935,0.000512008438818,0.000241422836552,0.000124856524053,0.0000429049578088,0.00000921269838727,0.00000186335375929,5.33217018983e-7,1.14989099131e-7,3.56915954569e-8,5.1519517541e-9],"dvar":[5.52630369851e-13,4.23402601868e-9,2.00450699595e-7,0.00000668122584102,0.0000112201178126,2.50316283257e-8,1.42102777545e-7,1.46573775339e-8,2.62822830166e-8,9.0121801577e-8,2.44210713873e-8,3.09538989995e-8,1.05106366277e-7,4.85256180127e-7,0.00000121424398003,3.95023050714e-7,0.00000120955007787,4.07146387715e-7,8.69934027037e-8,2.86687082962e-8,3.37107119996e-9,2.02811753502e-10,8.68612907295e-12,5.12462034613e-13,4.16277662297e-14,4.70091173155e-15,6.16390110882e-17],"dvar2":[1.44166070141e-12,9.76848468781e-9,5.08151401846e-7,0.0000143209117596,0.0000286032118311,6.2585407079e-8,2.57438813378e-7,3.24603242063e-8,5.65876945302e-8,2.4807783916e-7,5.21784677687e-8,6.83992524841e-8,2.27432295219e-7,0.00000125114399907,0.0000032697748793,9.610782854e-7,0.00000288702312901,8.88471220151e-7,1.90568442804e-7,6.01297074354e-8,7.4870838418e-9,4.55815302169e-10,1.79516384397e-11,1.12852685096e-12,1.00164871514e-13,1.18947379886e-14,1.58457722461e-16],"max":[0.00000991395063465,0.00141079048626,0.0118274539709,0.0580748468637,0.0729694962502,0.00359598989598,0.0188720691949,0.00237936922349,0.00251343124546,0.00640328694135,0.00250692642294,0.00348978023976,0.0070337257348,0.00979979708791,0.0174010563642,0.0101600792259,0.0157579164952,0.00791375618428,0.00389778218232,0.0032609088812,0.000672112335451,0.000203076560865,0.0000568801879126,0.0000104362970887,0.00000432319347965,0.00000163032177625,1.49085991552e-7],"mean":[6.77644834468e-7,0.0000597942489549,0.000641096441541,0.00282562873326,0.00433808704838,0.000164298646268,0.000176363813807,0.000119458047266,0.00021880933491,0.000321444123983,0.000204476382351,0.000256837753113,0.000369661080185,0.000850994314533,0.00107688829303,0.000626713968813,0.00109968497418,0.000604847620707,0.000301757187117,0.000153556771693,0.0000485502678202,0.0000106602501546,0.00000215493355427,6.06317655638e-7,1.35975298576e-7,4.40974758931e-8,5.46723155637e-9],"median":[4.15310836388e-7,0.0000197036624741,0.000311649113428,0.000706519465894,0.00155013659969,0.0000917046927498,0.0000518331216881,0.0000272615743597,0.000102101897937,0.000185919037904,0.000111958172056,0.000128938612761,0.000152802807861,0.000466560188215,0.000498098030221,0.000236767053138,0.000447014841484,0.000187359401025,0.000120051692647,0.0000433717650594,0.0000147970322359,0.00000333384878104,7.04047465661e-7,2.50929360845e-7,5.15226261655e-8,2.03880574645e-8,3.11721848334e-9],"min":[8.89766260649e-26,1.54118374546e-24,8.80696344718e-25,2.85440961559e-25,5.55388408977e-24,9.14393682132e-24,3.30881119706e-24,1.83737794119e-24,1.15067487819e-23,1.00028185982e-23,1.53392535739e-23,1.64867779783e-23,2.33155950028e-23,2.05728155655e-23,3.49881205373e-23,3.28358050653e-23,7.24395507591e-23,4.82012283109e-23,8.68335738414e-23,1.62637079936e-22,2.10644882708e-22,2.7515887417e-22,3.88418751911e-22,4.97719279971e-22,8.22939696327e-22,1.34649059898e-21,1.9190489237e-21],"var":[6.92754122296e-13,1.43666198937e-8,7.80309676429e-7,0.0000375291165255,0.0000530438846909,5.45137410768e-8,2.62711125742e-7,4.45808154836e-8,8.91744988962e-8,1.80520117965e-7,7.23632496147e-8,1.25971808984e-7,3.15156313491e-7,0.00000110928272079,0.00000228217754739,9.29997099774e-7,0.00000287227658191,0.00000104801529233,1.96805231667e-7,6.71766287041e-8,6.51000409135e-9,3.70954933437e-10,1.63004731241e-11,9.55916986192e-13,6.62423065077e-14,6.72633733854e-15,8.16491652329e-17]},"barkbands_crest":{"dmean":2.16207766533,"dmean2":3.49657869339,"dvar":4.08388233185,"dvar2":10.160569191,"max":24.2058868408,"mean":9.3512544632,"median":8.42041110992,"min":2.99022078514,"var":15.3520441055},"barkbands_flatness_db":{"dmean":0.016750017181,"dmean2":0.0256301909685,"dvar":0.00024008055334,"dvar2":0.000557039573323,"max":0.381391257048,"mean":0.180786550045,"median":0.17987395823,"min":0.0458318330348,"var":0.00207892199978},"barkbands_kurtosis":{"dmean":1.375882864,"dmean2":2.15804791451,"dvar":7.22141695023,"dvar2":17.7900466919,"max":59.6712646484,"mean":1.04148709774,"median":-0.694510281086,"min":-1.86500394344,"var":27.6386222839},"barkbands_skewness":{"dmean":0.466912776232,"dmean2":0.70645147562,"dvar":0.204978883266,"dvar2":0.445337116718,"max":6.9014043808,"mean":0.401449739933,"median":0.209909915924,"min":-2.5981566906,"var":2.01893091202},"barkbands_spread":{"dmean":4.28178119659,"dmean2":6.68759012222,"dvar":17.340045929,"dvar2":41.7889862061,"max":73.5663375854,"mean":23.8727893829,"median":24.7227611542,"min":1.40573704243,"var":61.1515388489},"dissonance":{"dmean":0.00940777920187,"dmean2":0.0158478487283,"dvar":0.0000984891230473,"dvar2":0.00027303781826,"max":0.499926298857,"mean":0.481627464294,"median":0.484851121902,"min":0.393328487873,"var":0.000177469104528},"dynamic_complexity":5.65623950958,"erbbands":{"dmean":[0.000325046916259,0.0120612168685,0.206723600626,1.99572217464,7.76848554611,4.30133247375,1.30328369141,0.709385693073,0.961107552052,0.977961421013,1.47860467434,1.96395516396,3.86381697655,5.43415307999,3.5675945282,4.31585550308,8.68699932098,16.1544628143,36.7250442505,17.7541770935,16.9736328125,34.9529762268,21.8128452301,7.12952613831,8.40017223358,3.96699905396,1.74702823162,0.744823813438,0.240005418658,0.0951635017991,0.032371006906,0.011570783332,0.00389543035999,0.00118071516044,0.00041865798994,0.000138996358146,0.0000382519538107,0.00000700356758898,0.00000240932286033,0.00000451067899121],"dmean2":[0.000510355748702,0.0194600690156,0.331299006939,3.05938386917,11.5571804047,6.5828909874,1.9543172121,1.1258841753,1.46518564224,1.47706735134,2.25693559647,2.88665032387,6.05157995224,8.56642532349,5.27129125595,6.46475553513,12.7602539063,25.9792900085,59.3276596069,27.150352478,25.1518135071,53.9562759399,33.0815162659,10.3431167603,12.630613327,5.62270784378,2.57968235016,1.11153161526,0.344930678606,0.139781042933,0.0471305288374,0.017409324646,0.00580887962133,0.00177296751644,0.000627768982667,0.00021391674818,0.0000592500909988,0.0000106197885543,0.00000334413857672,0.00000628209954812],"dvar":[2.08987671613e-7,0.000489008263685,0.111398816109,12.6589860916,280.881622314,63.230342865,3.83336138725,2.34260320663,37.3755912781,6.41510009766,10.7168169022,8.93070793152,36.1009674072,92.00025177,31.9078636169,40.1077384949,211.898681641,789.360473633,4169.39550781,808.020080566,779.877624512,4732.74023438,1732.51403809,154.481277466,253.931472778,63.9487495422,11.849770546,2.73502802849,0.290048480034,0.0494690351188,0.00455984612927,0.000543227652088,0.0000721364631318,0.00000985206679616,0.00000110192775082,1.43570673572e-7,1.32467983249e-8,3.8327163665e-10,1.1903017634e-11,3.83702548901e-11],"dvar2":[5.04393653955e-7,0.00119403598364,0.284937858582,30.0158119202,652.914794922,164.628982544,8.58772373199,5.78368282318,63.245262146,14.2266082764,24.6314220428,19.3960399628,90.2177886963,239.742263794,67.9030151367,89.6807861328,442.397064209,2297.06054688,11467.8505859,1863.84790039,1675.85058594,11361.4365234,3761.67822266,306.277587891,559.672485352,135.083068848,26.3539829254,6.03618621826,0.621423959732,0.110404931009,0.00894179102033,0.00115078536328,0.000166013938724,0.0000239102519117,0.00000256337284554,3.46775294702e-7,3.41856853936e-8,9.65252766605e-10,2.23597043658e-11,7.86570322764e-11],"max":[0.0097604682669,0.452359676361,7.71069002151,72.6864929199,386.523284912,206.470672607,29.1324958801,42.7010040283,317.42300415,66.1333007813,71.2904510498,47.8553123474,90.4837875366,182.347320557,115.391647339,130.366104126,346.518066406,443.999176025,1100.6184082,393.511230469,518.583312988,1011.33197021,518.601867676,159.600418091,233.26423645,167.404342651,50.1770248413,18.6786518097,7.34960603714,4.80404472351,1.01096177101,0.311267256737,0.14344766736,0.0650126188993,0.019957812503,0.00948448572308,0.00263384659775,0.000475056993309,0.0000598519982304,0.000130828120746],"mean":[0.000738235656172,0.0272339172661,0.540033638477,4.61369514465,19.0550842285,9.95285987854,2.86655807495,1.51120185852,2.16908335686,2.21973466873,3.35648179054,4.48240995407,8.27375888824,11.3094654083,7.6630358696,10.0759773254,17.8988647461,33.0417785645,70.3170852661,36.9212341309,37.2648468018,65.4786376953,40.2302703857,14.8810739517,15.1715564728,7.24668645859,3.17495703697,1.26173460484,0.42442303896,0.161525934935,0.0567396841943,0.0195741113275,0.00689809629694,0.00209645857103,0.000767478370108,0.000269086158369,0.0000773471329012,0.00001561420504,0.00000922995786823,0.0000176408429979],"median":[0.000498403096572,0.012639278546,0.302612841129,2.02306985855,4.20018959045,4.65013122559,1.98224627972,0.78122228384,0.856527030468,0.798517465591,0.795638203621,2.46344661713,4.93933963776,6.60151481628,4.84571361542,5.57413578033,8.67734718323,17.2988700867,30.9649982452,20.1374855042,15.8094787598,25.7700843811,12.8745918274,6.44829559326,5.44227600098,2.03235244751,1.11548304558,0.344913929701,0.124992065132,0.0542043708265,0.0199455134571,0.00757499411702,0.0029990603216,0.000810457218904,0.000305333349388,0.000122646859381,0.0000380823476007,0.00000820972491056,0.00000655907297187,0.0000126434370031],"min":[6.24880767506e-23,4.9608067072e-22,1.82978733066e-21,3.55618597048e-21,9.67745417372e-21,2.03721127031e-20,2.17777494422e-20,7.97562893733e-20,7.14041045567e-20,1.32235742286e-19,1.76356380012e-19,2.9023653214e-19,4.7100253445e-19,5.81062947455e-19,7.40145288886e-19,8.38225179791e-19,1.37253303559e-18,1.67899890305e-18,2.00700589783e-18,2.88972486427e-18,3.22335368868e-18,4.5527934061e-18,3.00064233979e-18,4.3366014812e-18,6.82410935903e-18,7.15064965918e-18,8.41328957904e-18,9.53706241767e-18,8.935938686e-18,1.060398396e-17,1.13605266569e-17,9.09702466567e-18,9.09664085387e-18,7.28588459034e-18,5.84080998638e-18,4.22425256963e-18,2.18296044901e-18,9.50609505028e-19,2.50635829001e-19,2.77469787792e-20],"var":[7.61460455578e-7,0.00165333622135,0.453321069479,57.995716095,1632.81384277,188.620834351,10.3748273849,5.43907260895,65.4967803955,15.3257455826,36.4169502258,31.2756652832,98.4336471558,217.840270996,87.5849304199,172.111877441,677.180358887,1765.14196777,9329.11621094,2238.47631836,2610.61206055,11205.4150391,4604.84814453,443.621582031,551.161743164,149.516998291,24.5547523499,5.35565376282,0.587261676788,0.0854089483619,0.00962788145989,0.00103633257095,0.000128525178297,0.0000152668999363,0.0000019416786472,2.34874818261e-7,1.85494357652e-8,6.18289974774e-10,8.17789308494e-11,3.13177594968e-10]},"erbbands_crest":{"dmean":2.74362874031,"dmean2":4.49601507187,"dvar":7.47568559647,"dvar2":19.236082077,"max":31.1610984802,"mean":10.3083219528,"median":9.03414821625,"min":2.30417919159,"var":26.4173736572},"erbbands_flatness_db":{"dmean":0.0129056414589,"dmean2":0.0207893028855,"dvar":0.000154029243276,"dvar2":0.000397539552068,"max":0.369153141975,"mean":0.243413731456,"median":0.254797101021,"min":0.0265712160617,"var":0.00286113657057},"erbbands_kurtosis":{"dmean":1.37258708477,"dmean2":2.22077465057,"dvar":3.37805938721,"dvar2":9.18160152435,"max":25.3351821899,"mean":1.78304421902,"median":0.94340801239,"min":-1.81012475491,"var":9.08724689484},"erbbands_skewness":{"dmean":0.330144733191,"dmean2":0.519767224789,"dvar":0.0907971262932,"dvar2":0.224523052573,"max":2.3153860569,"mean":-1.02500152588,"median":-1.00460970402,"min":-3.31707763672,"var":0.431278854609},"erbbands_spread":{"dmean":5.53654670715,"dmean2":8.76461601257,"dvar":29.0010662079,"dvar2":66.6336746216,"max":113.632133484,"mean":27.6913890839,"median":24.986038208,"min":3.26742219925,"var":226.125213623},"gfcc":{"cov":[[75768.828125,9256.05761719,-13197.8603516,2499.80786133,-1680.22375488,-1967.91455078,-1991.4317627,-2056.14697266,-1778.4901123,-2039.87475586,-1430.29077148,-1477.99462891,-343.806976318],[9256.05761719,1703.13183594,-1469.10986328,156.632003784,-137.408370972,-266.301605225,-236.442352295,-237.126953125,-232.230667114,-313.414855957,-197.05519104,-214.830245972,-72.0676269531],[-13197.8603516,-1469.10986328,2554.40014648,-445.246002197,307.110229492,320.552703857,361.511566162,349.069488525,320.598999023,302.205566406,226.617584229,221.968521118,23.9908123016],[2499.80786133,156.632003784,-445.246002197,231.337509155,-41.7877006531,-37.8677024841,-83.3864135742,-52.3968544006,-64.888130188,-51.7301521301,-53.2781982422,-30.6624889374,-20.4587783813],[-1680.22375488,-137.408370972,307.110229492,-41.7877006531,164.10760498,67.8929977417,45.2844734192,42.6722412109,9.09864902496,22.4497890472,18.699672699,24.8082809448,6.76538610458],[-1967.91455078,-266.301605225,320.552703857,-37.8677024841,67.8929977417,159.998565674,48.039390564,67.9941177368,27.5047340393,60.2770118713,27.8305912018,36.1770553589,9.94912528992],[-1991.4317627,-236.442352295,361.511566162,-83.3864135742,45.2844734192,48.039390564,125.385910034,52.5519332886,50.5722808838,46.8691902161,38.1195335388,20.4108772278,9.66332054138],[-2056.14697266,-237.126953125,349.069488525,-52.3968544006,42.6722412109,67.9941177368,52.5519332886,140.695861816,60.354598999,67.0106582642,28.4614620209,46.5650062561,-12.5687389374],[-1778.4901123,-232.230667114,320.598999023,-64.888130188,9.09864902496,27.5047340393,50.5722808838,60.354598999,107.952407837,62.9750061035,37.8885917664,40.3162765503,4.90202617645],[-2039.87475586,-313.414855957,302.205566406,-51.7301521301,22.4497890472,60.2770118713,46.8691902161,67.0106582642,62.9750061035,126.347480774,64.2992935181,51.3829803467,4.46547269821],[-1430.29077148,-197.05519104,226.617584229,-53.2781982422,18.699672699,27.8305912018,38.1195335388,28.4614620209,37.8885917664,64.2992935181,82.0891113281,49.9017715454,7.8656373024],[-1477.99462891,-214.830245972,221.968521118,-30.6624889374,24.8082809448,36.1770553589,20.4108772278,46.5650062561,40.3162765503,51.3829803467,49.9017715454,91.181968689,20.137960434],[-343.806976318,-72.0676269531,23.9908123016,-20.4587783813,6.76538610458,9.94912528992,9.66332054138,-12.5687389374,4.90202617645,4.46547269821,7.8656373024,20.137960434,66.3403549194]],"icov":[[0.000526102434378,-0.0008574721287,0.00154262059368,-0.00137270672712,0.000759032438509,0.000320904422551,0.000157582340762,0.000788781966548,-0.000235834610066,0.00108652724884,-0.0000114210897664,0.000909988128114,0.00048418782535],[-0.0008574721287,0.0035676502157,-0.00159828434698,0.00391634274274,-0.00192778569181,0.000292700657155,0.000857577426359,-0.00146532384679,0.000753314059693,0.000709891261067,0.000290210882667,-0.00042463131831,0.000958789722063],[0.00154262059368,-0.00159828434698,0.00644752662629,-0.00218223500997,0.000594724144321,0.000390199915273,-0.00058324058773,0.00157480395865,-0.00246628583409,0.00419107964262,-0.000453445303719,0.00217544427142,0.00281137786806],[-0.00137270672712,0.00391634274274,-0.00218223500997,0.0123187908903,-0.00286227744073,-0.00108550942969,0.00176319165621,-0.00171995710116,0.00164043239783,-0.00180781597737,0.00301679130644,-0.00375976716168,0.00238468800671],[0.000759032438509,-0.00192778569181,0.000594724144321,-0.00286227744073,0.0106052486226,-0.00169826461934,-0.000719297560863,0.000758841633797,0.00297868740745,0.00188895652536,0.000205967880902,0.000498151406646,-0.000359499099432],[0.000320904422551,0.000292700657155,0.000390199915273,-0.00108550942969,-0.00169826461934,0.0110248913988,0.0000487045508635,-0.00198876857758,0.00281578674912,-0.00192070379853,0.00162400852423,0.000811058911495,-0.000876460631844],[0.000157582340762,0.000857577426359,-0.00058324058773,0.00176319165621,-0.000719297560863,0.0000487045508635,0.0158265270293,-0.00154746440239,-0.00125805323478,0.00192376505584,-0.00330182840116,0.00559376599267,-0.00137258309405],[0.000788781966548,-0.00146532384679,0.00157480395865,-0.00171995710116,0.000758841633797,-0.00198876857758,-0.00154746440239,0.0160938557237,-0.00300190248527,-0.00243429793045,0.00557136395946,-0.00400688080117,0.00583290262148],[-0.000235834610066,0.000753314059693,-0.00246628583409,0.00164043239783,0.00297868740745,0.00281578674912,-0.00125805323478,-0.00300190248527,0.0197988357395,-0.00500062434003,0.00187578436453,-0.00240551424213,-0.000736183370464],[0.00108652724884,0.000709891261067,0.00419107964262,-0.00180781597737,0.00188895652536,-0.00192070379853,0.00192376505584,-0.00243429793045,-0.00500062434003,0.0241368357092,-0.0109459636733,0.00354959815741,0.00264805089682],[-0.0000114210897664,0.000290210882667,-0.000453445303719,0.00301679130644,0.000205967880902,0.00162400852423,-0.00330182840116,0.00557136395946,0.00187578436453,-0.0109459636733,0.0293670650572,-0.0116455331445,0.00327368825674],[0.000909988128114,-0.00042463131831,0.00217544427142,-0.00375976716168,0.000498151406646,0.000811058911495,0.00559376599267,-0.00400688080117,-0.00240551424213,0.00354959815741,-0.0116455331445,0.0252043474466,-0.00576921086758],[0.00048418782535,0.000958789722063,0.00281137786806,0.00238468800671,-0.000359499099432,-0.000876460631844,-0.00137258309405,0.00583290262148,-0.000736183370464,0.00264805089682,0.00327368825674,-0.00576921086758,0.0210557803512]],"mean":[-176.200820923,130.527755737,-173.101394653,36.5469818115,-19.4880046844,-13.6067752838,-32.0798873901,-18.6344451904,-27.4137229919,-23.8037376404,-22.4601306915,-17.6280441284,-7.80016374588]},"hfc":{"dmean":3.98643732071,"dmean2":5.35754680634,"dvar":32.959777832,"dvar2":49.3898544312,"max":83.0581130981,"mean":14.1515741348,"median":9.58864879608,"min":1.04064211351e-16,"var":201.237167358},"melbands":{"dmean":[0.00000554130656383,0.0000749187311158,0.000545818416867,0.000444160861662,0.0000684537444613,0.0000152633510879,0.0000151874892254,0.0000101939895103,0.0000130263588289,0.0000139077565109,0.0000206517943298,0.0000229862071137,0.0000116650489872,0.0000102086787592,0.0000145599242387,0.0000250597113336,0.0000336599441653,0.000062499755586,0.0000386134051951,0.0000288331411866,0.0000200895192393,0.0000468689395348,0.0000181313225767,0.0000158528619068,0.00000535376739208,0.0000071502818173,0.00000466679466626,0.00000240234703597,0.00000127989267185,6.84394763084e-7,3.66962751741e-7,1.56285921094e-7,8.25465704679e-8,4.09795823941e-8,2.14253130792e-8,1.0230834846e-8,6.16173823076e-9,3.24218341063e-9,1.44390988055e-9,8.50560233356e-10],"dmean2":[0.00000881610139913,0.000120454024,0.000809020129964,0.000670960231218,0.000102826401417,0.0000244421335083,0.0000228722674365,0.0000154062490765,0.0000198849102162,0.0000204288044188,0.0000324528518831,0.0000365467349184,0.0000172459804162,0.000015498679204,0.0000214088922803,0.0000375059244107,0.0000546814553672,0.000101015997643,0.0000606283829256,0.000045063039579,0.0000303363885905,0.0000730138926883,0.0000281079719571,0.000023719318051,0.0000081154075815,0.0000109311431515,0.00000701755425325,0.00000353945483766,0.00000195602342501,0.00000103721049527,5.5917712416e-7,2.30463299999e-7,1.24794226508e-7,6.15329085463e-8,3.1743187634e-8,1.55235593269e-8,9.54666390385e-9,5.01324626256e-9,2.21055462823e-9,1.30950106314e-9],"dvar":[1.02377627209e-10,1.56582498079e-8,0.0000012049443967,7.59749184454e-7,1.1710623582e-8,1.01149932874e-9,7.48610506918e-9,5.60845869746e-10,8.88477125205e-10,4.85421591812e-10,1.09942188686e-9,1.74734249292e-9,3.18205684025e-10,2.17100198929e-10,5.40231803736e-10,1.9320656186e-9,3.44716921674e-9,1.17123706289e-8,4.3551953155e-9,3.53596307789e-9,1.13942189017e-9,9.2727994172e-9,9.51938750049e-10,1.02946873248e-9,8.51394441059e-11,1.77303657867e-10,8.49258302571e-11,2.51556483977e-11,6.26439958934e-12,2.11385141162e-12,6.8418729883e-13,1.28268340502e-13,3.65821264882e-14,1.09658748824e-14,1.98021098827e-15,4.6535053092e-16,1.53805169005e-16,4.82641259317e-17,1.45012768489e-17,5.40809567793e-18],"dvar2":[2.3763910284e-10,3.99784561012e-8,0.00000261184118244,0.0000018800867565,2.78217822114e-8,2.51442267007e-9,1.30475505955e-8,1.24174459604e-9,2.03732386517e-9,1.03674102636e-9,2.80362866256e-9,4.65530503035e-9,6.8109978768e-10,4.88502960305e-10,1.09882825061e-9,4.24451762626e-9,9.96374005524e-9,3.16825854441e-8,1.09140083637e-8,8.98425511764e-9,2.57449839225e-9,2.25967511369e-8,2.19917750677e-9,2.19575246874e-9,1.88590337791e-10,4.04802413811e-10,1.84820617144e-10,5.61648193231e-11,1.44863765081e-11,4.74044501569e-12,1.52443151418e-12,2.89782656421e-13,8.5711169065e-14,2.51391365813e-14,4.05290611591e-15,1.01281931789e-15,3.43640049091e-16,1.14431186559e-16,3.52305818181e-17,1.34249403368e-17],"max":[0.00021949474467,0.00297806039453,0.0253518037498,0.0193692520261,0.00167087151203,0.000838846899569,0.00450603663921,0.000678092997987,0.000682997284457,0.000326127104927,0.000541660294402,0.000762453943025,0.000316592719173,0.000220556583372,0.000472710496979,0.000938858953305,0.000958448334131,0.0017628291389,0.000819881795906,0.00104581739288,0.000652386341244,0.0014119084226,0.000404309947044,0.000499223184306,0.000115135553642,0.000188984718989,0.000141249533044,0.000101341058325,0.0000353517643816,0.0000167817415786,0.00000942949554883,0.00000513019540449,0.00000299047519547,0.0000025314773211,6.37824371097e-7,2.93491211778e-7,1.68153533764e-7,1.07728034493e-7,8.127019413e-8,4.82583075723e-8],"mean":[0.0000101467485365,0.000187289697351,0.00135031261016,0.00113239418715,0.000141200449434,0.0000318382408295,0.0000349893671228,0.0000231770645769,0.0000289716481348,0.0000303372016788,0.000042182753532,0.000046739802201,0.0000246928757406,0.0000224822342716,0.0000320799845213,0.0000454374785477,0.0000620553182671,0.000118186653708,0.0000651215814287,0.0000499452980876,0.0000389303713746,0.0000819717242848,0.0000343722276739,0.0000274632729997,0.00000993883713818,0.0000124842499645,0.00000800100679044,0.00000411868813899,0.00000226110296353,0.00000107734422272,5.94529296905e-7,2.59674749259e-7,1.32699994992e-7,6.60087948745e-8,3.58104088605e-8,1.62692082029e-8,9.921654609e-9,5.42446620955e-9,2.45594833359e-9,1.42496781042e-9],"median":[0.00000419166099164,0.0000985562292044,0.000462796830107,0.000380592828151,0.0000901124876691,0.0000164256362041,0.0000123586314658,0.00000810484743852,0.00000536334937351,0.0000157296562975,0.0000237831591221,0.0000261626482825,0.0000153498804139,0.0000137240285767,0.0000141609561979,0.0000170498333318,0.0000273072582786,0.0000468629950774,0.0000322811538354,0.000018221389837,0.0000162041505973,0.0000302533408103,0.0000148255567183,0.00000753638323658,0.0000045348679123,0.000004746061677,0.00000221537266043,0.0000010480561059,8.14187160358e-7,2.85707898229e-7,1.49757269696e-7,7.30001090687e-8,4.11156051427e-8,2.07057730961e-8,1.19706875523e-8,5.48284617707e-9,3.88790599715e-9,2.32158336999e-9,9.18314424503e-10,5.23209697789e-10],"min":[6.73658567547e-25,7.34631796279e-25,8.93308455655e-25,1.23101842867e-24,9.50932378199e-25,1.74755981625e-24,9.00203494397e-25,1.86828452538e-24,1.96058085686e-24,1.87912406587e-24,1.85947827388e-24,2.01801703051e-24,2.10676900995e-24,2.58956332242e-24,2.41678641532e-24,2.66664903515e-24,2.24142125558e-24,2.94898215591e-24,2.77878817662e-24,3.17003025067e-24,2.65787709909e-24,4.24281422581e-24,3.17730650644e-24,2.42053744892e-24,3.42728784984e-24,3.21513317571e-24,4.70176916173e-24,4.17974874074e-24,4.94631012589e-24,4.13435531767e-24,4.5066156234e-24,4.2243623748e-24,4.02808273753e-24,5.60509812303e-24,5.77339055311e-24,5.10527743121e-24,4.74036497038e-24,5.92327570282e-24,4.40126009406e-24,5.39485683103e-24],"var":[3.51334406012e-10,6.06224119792e-8,0.00000735198909751,0.00000379789980798,2.8289306897e-8,2.42078712631e-9,1.34535431684e-8,1.45949230479e-9,3.03355562892e-9,1.67912839188e-9,2.82077960989e-9,3.8656007284e-9,8.76472450173e-10,7.20663029252e-10,2.27802798847e-9,5.40454081488e-9,7.29820248679e-9,2.83011889479e-8,8.46469117022e-9,7.00210023297e-9,3.20697668421e-9,2.0193100525e-8,2.47463671776e-9,2.6070823278e-9,2.00490082869e-10,3.64116403695e-10,1.78693407293e-10,5.29098188873e-11,1.23563537874e-11,3.84973780285e-12,1.28960004567e-12,2.3510986452e-13,5.81954596275e-14,1.68643666875e-14,3.97501889531e-15,8.25711751543e-16,2.62290713669e-16,7.96727395819e-17,2.23088460536e-17,7.69276646185e-18]},"melbands_crest":{"dmean":2.80119371414,"dmean2":4.42659091949,"dvar":7.0024561882,"dvar2":17.4207210541,"max":28.730550766,"mean":13.8054237366,"median":13.3832950592,"min":1.52092218399,"var":37.0747032166},"melbands_flatness_db":{"dmean":0.0224010460079,"dmean2":0.0327116437256,"dvar":0.000508862780407,"dvar2":0.00104288768489,"max":0.478871226311,"mean":0.215468540788,"median":0.214598074555,"min":0.00244065979496,"var":0.00559472944587},"melbands_kurtosis":{"dmean":3.10414934158,"dmean2":4.79949617386,"dvar":41.1946563721,"dvar2":98.5874404907,"max":158.569396973,"mean":5.36693811417,"median":0.147292271256,"min":-1.82212889194,"var":228.178405762},"melbands_skewness":{"dmean":0.572342932224,"dmean2":0.873171448708,"dvar":0.32180339098,"dvar2":0.717954277992,"max":10.6935968399,"mean":1.62736046314,"median":1.2263584137,"min":-1.64579081535,"var":3.11736726761},"melbands_spread":{"dmean":8.43787479401,"dmean2":13.0072984695,"dvar":75.2896957397,"dvar2":161.308837891,"max":173.874023438,"mean":43.7896499634,"median":41.3427238464,"min":1.16347813606,"var":828.141723633},"mfcc":{"cov":[[21182.9980469,5828.87158203,-4217.33251953,2070.99291992,-272.88458252,253.939041138,-418.05670166,-203.285263062,-442.813262939,-378.048828125,-769.097717285,-606.057800293,-707.285766602],[5828.87158203,2647.17993164,-1123.79724121,518.987854004,71.7341842651,-4.38721179962,-43.7235336304,-41.2554702759,-93.5758056641,-163.192062378,-209.024765015,-256.199310303,-248.810684204],[-4217.33251953,-1123.79724121,1038.14868164,-393.512359619,52.1145782471,-52.1864128113,63.5070419312,64.5501022339,92.5592422485,80.4828338623,181.075180054,136.114593506,138.268127441],[2070.99291992,518.987854004,-393.512359619,302.597290039,1.69280743599,26.8424110413,-40.3494110107,-12.0759973526,-36.7164306641,-45.5918998718,-70.0911560059,-45.9937438965,-55.3500099182],[-272.88458252,71.7341842651,52.1145782471,1.69280743599,142.694229126,14.198141098,31.1399974823,18.5241508484,8.14450645447,-13.3474769592,-9.26815414429,-10.236489296,-6.04968357086],[253.939041138,-4.38721179962,-52.1864128113,26.8424110413,14.198141098,88.5547103882,21.5139331818,-6.36035823822,-11.1283168793,-0.147260650992,-26.1355228424,-11.5741033554,-18.7196102142],[-418.05670166,-43.7235336304,63.5070419312,-40.3494110107,31.1399974823,21.5139331818,98.7868804932,13.534866333,6.08704614639,12.9279212952,2.27816200256,0.337624967098,-7.86176586151],[-203.285263062,-41.2554702759,64.5501022339,-12.0759973526,18.5241508484,-6.36035823822,13.534866333,66.9913406372,24.213186264,-1.98159873486,10.1140756607,10.5630130768,9.88332939148],[-442.813262939,-93.5758056641,92.5592422485,-36.7164306641,8.14450645447,-11.1283168793,6.08704614639,24.213186264,73.9291229248,25.0158233643,10.8932571411,3.73598694801,11.0598058701],[-378.048828125,-163.192062378,80.4828338623,-45.5918998718,-13.3474769592,-0.147260650992,12.9279212952,-1.98159873486,25.0158233643,71.3073120117,24.8140220642,3.57709717751,5.62431287766],[-769.097717285,-209.024765015,181.075180054,-70.0911560059,-9.26815414429,-26.1355228424,2.27816200256,10.1140756607,10.8932571411,24.8140220642,113.021636963,56.6025886536,36.2792778015],[-606.057800293,-256.199310303,136.114593506,-45.9937438965,-10.236489296,-11.5741033554,0.337624967098,10.5630130768,3.73598694801,3.57709717751,56.6025886536,91.1037063599,53.99477005],[-707.285766602,-248.810684204,138.268127441,-55.3500099182,-6.04968357086,-18.7196102142,-7.86176586151,9.88332939148,11.0598058701,5.62431287766,36.2792778015,53.99477005,92.0320587158]],"icov":[[0.00107691681478,-0.00107888912316,0.00179645884782,-0.0025370568037,0.00166485831141,-0.0015195410233,0.00208518886939,-0.00144359224942,0.00166895415168,-0.0015310960589,0.00107191840652,-0.00121608912013,0.00145214830991],[-0.00107888912316,0.00216831895523,-0.00101358944084,0.00196540495381,-0.00227372744121,0.00254423264414,-0.00246727303602,0.00145100383088,-0.00188024202362,0.00291394488886,-0.00183156284038,0.00278404913843,-0.000586599868257],[0.00179645884782,-0.00101358944084,0.00639373390004,-0.00203123758547,0.00120172568131,-0.00182091095485,0.00303818425164,-0.00331325316802,0.00150920602027,-0.00212225480936,-0.000543380214367,-0.00194966630079,0.00186873972416],[-0.0025370568037,0.00196540495381,-0.00203123758547,0.0134722627699,-0.00474335253239,0.00210315431468,-0.00275747897103,0.00198640511371,-0.00365346018225,0.00382326985709,-0.00211853580549,0.00106143788435,-0.00294518494047],[0.00166485831141,-0.00227372744121,0.00120172568131,-0.00474335253239,0.0115498257801,-0.00386422965676,0.00102553283796,-0.00334443920292,0.00198975461535,-0.000521220208611,0.00240479991771,-0.000945530307945,0.00180898990948],[-0.0015195410233,0.00254423264414,-0.00182091095485,0.00210315431468,-0.00386422965676,0.0168587192893,-0.00628832029179,0.00296391476877,-0.000836718769278,0.00156303716358,0.000962822698057,0.0013970755972,0.000326455279719],[0.00208518886939,-0.00246727303602,0.00303818425164,-0.00275747897103,0.00102553283796,-0.00628832029179,0.0173531994224,-0.00532349338755,0.00439399667084,-0.00566831696779,0.00297811510973,-0.00381570891477,0.00485730636865],[-0.00144359224942,0.00145100383088,-0.00331325316802,0.00198640511371,-0.00334443920292,0.00296391476877,-0.00532349338755,0.0210473109037,-0.0085613373667,0.0054368195124,-0.00196067313664,0.000719614094123,-0.00228373031132],[0.00166895415168,-0.00188024202362,0.00150920602027,-0.00365346018225,0.00198975461535,-0.000836718769278,0.00439399667084,-0.0085613373667,0.0219220314175,-0.00922594685107,0.00374544458464,-0.0009799139807,0.0015614873264],[-0.0015310960589,0.00291394488886,-0.00212225480936,0.00382326985709,-0.000521220208611,0.00156303716358,-0.00566831696779,0.0054368195124,-0.00922594685107,0.0238241292536,-0.00678899837658,0.00680451560766,-0.000848613970447],[0.00107191840652,-0.00183156284038,-0.000543380214367,-0.00211853580549,0.00240479991771,0.000962822698057,0.00297811510973,-0.00196067313664,0.00374544458464,-0.00678899837658,0.0184247046709,-0.0104850456119,0.00250061578117],[-0.00121608912013,0.00278404913843,-0.00194966630079,0.00106143788435,-0.000945530307945,0.0013970755972,-0.00381570891477,0.000719614094123,-0.0009799139807,0.00680451560766,-0.0104850456119,0.0264488980174,-0.010115141049],[0.00145214830991,-0.000586599868257,0.00186873972416,-0.00294518494047,0.00180898990948,0.000326455279719,0.00485730636865,-0.00228373031132,0.0015614873264,-0.000848613970447,0.00250061578117,-0.010115141049,0.021519549191]],"mean":[-753.647399902,141.778869629,-71.0208816528,41.1108512878,10.7862672806,8.66946029663,-1.71943712234,-0.951852619648,-5.75843477249,-6.84330034256,-14.8160829544,-15.428935051,-16.4590377808]},"pitch_salience":{"dmean":0.0571634620428,"dmean2":0.0898265242577,"dvar":0.00276024919003,"dvar2":0.00656902231276,"max":0.903019666672,"mean":0.520976901054,"median":0.521572232246,"min":0.107736729085,"var":0.015911122784},"silence_rate_20dB":{"dmean":0,"dmean2":0,"dvar":0,"dvar2":0,"max":1,"mean":1,"median":1,"min":1,"var":0},"silence_rate_30dB":{"dmean":0.000574547564611,"dmean2":0.00114942528307,"dvar":0.000574229750782,"dvar2":0.00114815286361,"max":1,"mean":0.998851239681,"median":1,"min":0,"var":0.00114749488421},"silence_rate_60dB":{"dmean":0.0201091635972,"dmean2":0.0402298867702,"dvar":0.0197047702968,"dvar2":0.0495300702751,"max":1,"mean":0.196726024151,"median":0,"min":0,"var":0.158027499914},"spectral_centroid":{"dmean":247.852645874,"dmean2":364.783966064,"dvar":93046.1484375,"dvar2":171501.984375,"max":11841.0498047,"mean":2147.20751953,"median":1743.46826172,"min":223.893692017,"var":5051351.5},"spectral_complexity":{"dmean":3.03878188133,"dmean2":4.34540224075,"dvar":13.1885995865,"dvar2":22.8497257233,"max":53,"mean":17.1835155487,"median":17,"min":0,"var":124.001235962},"spectral_contrast_coeffs":{"dmean":[0.0428413413465,0.0365228354931,0.0314883813262,0.0294724330306,0.0203140918165,0.0176226943731],"dmean2":[0.0706798136234,0.0596533454955,0.0511174537241,0.0485391393304,0.03345958516,0.0262042805552],"dvar":[0.00138057465665,0.000950148678385,0.000695827591699,0.000628740643151,0.000311924377456,0.000310965639073],"dvar2":[0.00374527880922,0.00245592230931,0.00174500967842,0.00169003254268,0.000836847699247,0.000633007439319],"max":[-0.250161796808,-0.499435544014,-0.580151021481,-0.543575525284,-0.650606989861,-0.586520791054],"mean":[-0.544313848019,-0.758292794228,-0.779838085175,-0.753419280052,-0.769607484341,-0.724290013313],"median":[-0.511220574379,-0.745449066162,-0.772838413715,-0.748302936554,-0.755317211151,-0.708114922047],"min":[-0.986622691154,-0.980538606644,-0.985482811928,-0.977814018726,-0.968134880066,-0.964721500874],"var":[0.0209982059896,0.00619761366397,0.00521789304912,0.00698406854644,0.00394040159881,0.00661990651861]},"spectral_contrast_valleys":{"dmean":[0.412898421288,0.345456808805,0.274769067764,0.25887298584,0.269224047661,0.236513733864],"dmean2":[0.686822354794,0.564141750336,0.446480542421,0.405664980412,0.37582218647,0.344077408314],"dvar":[0.168249577284,0.142981484532,0.109267860651,0.113840132952,0.14480394125,0.111892521381],"dvar2":[0.363364458084,0.289513766766,0.198142141104,0.199484601617,0.229755342007,0.197081789374],"max":[-6.54044866562,-5.94909524918,-6.26479911804,-5.86670637131,-5.72831726074,-10.3431463242],"mean":[-9.89394378662,-9.34816455841,-9.16742992401,-8.93370819092,-9.00276947021,-13.4413280487],"median":[-8.69830322266,-7.98928642273,-7.74814367294,-7.55531597137,-7.7397236824,-12.5632266998],"min":[-28.313375473,-28.057144165,-27.9777145386,-27.7188606262,-27.6231040955,-27.4543876648],"var":[19.5127162933,21.4128932953,21.6166477203,22.3124923706,22.2739887238,12.4365320206]},"spectral_decrease":{"dmean":9.21307141688e-10,"dmean2":1.30648547536e-9,"dvar":1.8585174653e-18,"dvar2":4.08281212951e-18,"max":1.82105066074e-28,"mean":-3.49465301142e-9,"median":-2.48571674355e-9,"min":-3.09894225836e-8,"var":1.43269750046e-17},"spectral_energy":{"dmean":0.00375828146935,"dmean2":0.00528786471114,"dvar":0.0000287681486952,"dvar2":0.0000618068806943,"max":0.119342051446,"mean":0.0144732147455,"median":0.010400025174,"min":9.79137487709e-21,"var":0.000228547185543},"spectral_energyband_high":{"dmean":0.0000642058366793,"dmean2":0.0000920461825444,"dvar":1.70508229758e-8,"dvar2":3.53888545135e-8,"max":0.00219828588888,"mean":0.000124887752463,"median":0.0000426341939601,"min":6.87759239528e-21,"var":4.06067961478e-8},"spectral_energyband_low":{"dmean":0.000596581026912,"dmean2":0.000962002028245,"dvar":8.91233412403e-7,"dvar2":0.00000237628069044,"max":0.0191906169057,"mean":0.00136687629856,"median":0.000842550303787,"min":1.34710368905e-23,"var":0.00000251895971815},"spectral_energyband_middle_high":{"dmean":0.001721651759,"dmean2":0.00236165826209,"dvar":0.00000553049449081,"dvar2":0.00000898428788787,"max":0.0349810905755,"mean":0.00577510008588,"median":0.00397773133591,"min":1.12116789259e-21,"var":0.0000338252575602},"spectral_energyband_middle_low":{"dmean":0.00274887587875,"dmean2":0.00404848577455,"dvar":0.0000260536271526,"dvar2":0.00006006253534,"max":0.115529596806,"mean":0.00790788047016,"median":0.00368856242858,"min":1.1842278935e-22,"var":0.000161722229677},"spectral_entropy":{"dmean":0.113370671868,"dmean2":0.168374657631,"dvar":0.0143744014204,"dvar2":0.030924718827,"max":9.82511520386,"mean":7.39922571182,"median":7.28381633759,"min":5.69428491592,"var":0.411888241768},"spectral_flux":{"dmean":0.0112929427996,"dmean2":0.0175345819443,"dvar":0.000155518486281,"dvar2":0.000359920086339,"max":0.189980983734,"mean":0.0484354570508,"median":0.0478242486715,"min":6.4081115414e-11,"var":0.000889003567863},"spectral_kurtosis":{"dmean":4.27181959152,"dmean2":7.70777702332,"dvar":14.8116064072,"dvar2":46.7737121582,"max":34.0347671509,"mean":7.15620279312,"median":6.44988250732,"min":-1.26793122292,"var":24.3312187195},"spectral_rms":{"dmean":0.000441328040324,"dmean2":0.000620393431745,"dvar":2.43633877517e-7,"dvar2":4.9756243925e-7,"max":0.0107903322205,"mean":0.00320865004323,"median":0.00318533624522,"min":3.09072190584e-12,"var":0.00000382476855521},"spectral_rolloff":{"dmean":331.431060791,"dmean2":535.596252441,"dvar":303947.78125,"dvar2":579906.375,"max":19702.8808594,"mean":2861.89575195,"median":2088.72070313,"min":107.666015625,"var":15669635},"spectral_skewness":{"dmean":0.401546895504,"dmean2":0.707496285439,"dvar":0.123751215637,"dvar2":0.374322801828,"max":3.95791459084,"mean":1.16266214848,"median":1.12102007866,"min":-0.113531239331,"var":0.326487392187},"spectral_spread":{"dmean":241978.90625,"dmean2":410329.34375,"dvar":743108771840,"dvar2":1556567949310,"max":42742288,"mean":4381019.5,"median":2085476.875,"min":1318108.125,"var":78669749944300},"spectral_strongpeak":{"dmean":0.598903715611,"dmean2":1.01496994495,"dvar":1.21977317333,"dvar2":3.04769492149,"max":10.9514808655,"mean":0.997714400291,"median":0.505495727062,"min":0,"var":1.86118674278},"zerocrossingrate":{"dmean":0.00738116865978,"dmean2":0.00882764812559,"dvar":0.000104636106698,"dvar2":0.000183711075806,"max":0.53271484375,"mean":0.0863521620631,"median":0.0654296875,"min":0.00830078125,"var":0.010799064301}},"metadata":{"audio_properties":{"analysis_sample_rate":44100,"bit_rate":320103,"codec":"mp3","downmix":"mix","equal_loudness":0,"length":80.8228607178,"lossless":false,"md5_encoded":"cef1a98bd5b29c621e1e7ff04792c4dd","replay_gain":-12.7504138947,"sample_rate":44100},"tags":{"acoustid_fingerprint":["AQACcRITZVKSGJd04anRPBkq47iyRMaNkId_COKJNznM6XgOcTpiEQ354SldfBO-5COq63DMoPvxxMoRX0iu40qU42wxnfDhUJLx7UNSdZmGlAof4kf_44mC6jlS_aj8GHoW_ER4B3eHTcYbEv3xy3geXNLx4sebzLDyxPiOssvRuPjwG6-Ohj26kEdleD7yxNAjyUau9MOLMn9w8viX4kKdK7C-HH2iRCY-fBdO3A8ixQ2SnbjoEk2-gLkkPMkd5PeQzGwFJs6IL2helE8QR1egSR3SR_gPu6lwVSmo70f_Yg-uXLgyxJaDfD8ur0GzbMejoqnxR3iOH82zCNeyHGWi5DiP4OKhOcnhIeyHpaWxCy-D20SdHnEU4WXxDzqaHc9D3FdQHecUhKJFHD_aoxmF0XlA5mUQalUK6S3yYs9wTThMonw2_ArOo8qCMM-RjGSKb4lUbOrAB1u4tPiKGsUPd7g1VLnxPjh1fEiu5MiND80jGdOlg2fwY1LY48fhG-EZ6LWQTxdRVniSbShP3Lgw8UdzgeUjfLmQ_CFRZFI_TA9RF06Na4d5E6WUHZ_xG0113KmK3LC-GWUiKRTx6Wiqoz8-xdBiB-FGVXjRPsdfTDx44QsiJWqiI4lWElfy4QkbBeWjHVS_48WWHgmXLEZIiTXOpzgewjme8AueRCFKG44J5BBX5D9-dPiP7wibH25y9MdPeCTiB09SEn_QvETXZBnuHTeeB3l0IYnyo1Z4PBIqNoITZzXSH3rGKwjJXHgS1NLhpJFiIZR16BciJ8qJOiGch3iPczv-IV0LfTrCPMgXGr-g6kYqLcfJFDeNx2i6oT_epcQ3XNoRx8eZIs_xikfoHk2jHPpootmD8CROpRLOL0NTFw9xXais45Xw9AmuE-GzQ4wrRCvRlbij4wjJnFCW5Uc54lOW43qE66qg80R-oz42J0P9CbyCE1N-oR7eFz_-BlcmD7Yo4_AX_C_uGaFEolkiKXhyHGcRkjyuBpcy5B90IlKeBTz2XMEtVFGC60ijC-KR3zA_VH6DK_tQZVJwIvxwJkd7oRnG68P6o9md4NtFlBrqRDF8iOtxXvBI-MQTPXAn6PiDL4h20Me-B46UHn7RE3lzjD_q5rj0oA_04Dv2HbkxvUfzDDx2M_hDoY2OTzlcIb0gRiTC6cJ5VL4IF59Cwll8vCR6oscfpIesRQ9yHseZ5MLHw_hx0biOC0-PZPKDvC9-KcHH_GgYpyibonsIh3Cj6eiJd8GPH0tk5bCa6EH0fEhCH1RTiviIHz_KY8woH23SHM14HPmhPwiJJsuHrlFSNBFJ4_jRvOh_PPiJvMcF7TlyfNGH78FxdHlKPCfqE9al48zRR8Q7XLyCTw9yKQu060ib7NgP5zS6PA8qhV6OhM-N0AnOBH4WXHxjPHkyNI2O0EYSncGDRsf9KXjKBM18tFHw5XiKt0fn48_wH