{"lowlevel":{"average_loudness":0.764106988907,"barkbands":{"dmean":[0.0000199105397769,0.000838624371681,0.00140155106783,0.000939380319323,0.00162677757908,0.00157996173948,0.00121780659538,0.00139407569077,0.00195103068836,0.00114164431579,0.000934527255595,0.000647602777462,0.000437853799667,0.000672807218507,0.000345349690178,0.000168651546119,0.000187792233191,0.0000937693330343,0.0000957423326327,0.0000634937532595,0.0000642705417704,0.0000652424932923,0.000110531233076,0.0000682334575686,0.0000582251304877,0.0000116808932944,0.0000122229266708],"dmean2":[0.0000341750856023,0.00130792730488,0.00241858093068,0.00168712367304,0.00255340849981,0.00259497086518,0.00196197070181,0.00217928132042,0.00303497188725,0.0017440788215,0.0013822154142,0.000967594503891,0.000673232483678,0.0010325757321,0.000523554626852,0.000256663915934,0.000289691437501,0.000144813820953,0.000146773338201,0.0000980844415608,0.0000970348482952,0.0000977005474851,0.000169037404703,0.0000985841325019,0.0000869518189575,0.0000172486434167,0.0000182111452887],"dvar":[1.78788206462e-9,0.00000395309552914,0.0000120988925119,0.00000571526834392,0.00000740553878131,0.0000115334423754,0.00000924320283957,0.0000120942731883,0.0000198680991161,0.00000664093022351,0.00000638416304355,0.00000337015535479,0.00000148047683979,0.00000316029695568,0.00000106319998849,2.8258031648e-7,2.1303981157e-7,4.01748074808e-8,6.89867292181e-8,4.84759752339e-8,2.45987568093e-8,3.80118692078e-8,1.13098131749e-7,9.87135564401e-8,1.87361983706e-8,1.67810521035e-9,6.76143530054e-10],"dvar2":[4.72142414054e-9,0.00000845502563607,0.0000317256926792,0.0000160500057973,0.0000160156323545,0.0000289942108793,0.000022065025405,0.0000271739299933,0.0000470314844279,0.0000148758435898,0.0000120914319268,0.00000692450112183,0.00000328594273924,0.00000680867151459,0.00000212076292883,5.91982768583e-7,4.77727667203e-7,9.06483990093e-8,1.57500508635e-7,1.16475533218e-7,5.65467885849e-8,8.56526227722e-8,2.58739419223e-7,1.90770634845e-7,4.02840818481e-8,3.52018947325e-9,1.59862934002e-9],"max":[0.000435083959019,0.0272537656128,0.0294471587986,0.0249108672142,0.0630047023296,0.0497822463512,0.0637323856354,0.0665665566921,0.0893921032548,0.0488517805934,0.067896656692,0.0440855026245,0.0361379422247,0.0484783947468,0.050236992538,0.0196399018168,0.0161955598742,0.00330741168,0.00860320031643,0.00956243462861,0.00426511326805,0.00524591607973,0.00653670169413,0.0129982540384,0.00374907860532,0.00156533974223,0.000289529620204],"mean":[0.0000186636589206,0.000985878985375,0.00129134778399,0.000789123121649,0.00270265294239,0.00227518356405,0.00158434186596,0.00211926689371,0.00339124747552,0.00194799224846,0.00159177079331,0.00103194848634,0.000623581523541,0.00100557145197,0.000521677546203,0.000259594962699,0.000300511659589,0.000149343162775,0.000146354301251,0.000094759525382,0.000100228862721,0.000099142867839,0.000151787840878,0.0000943937338889,0.0000788120887592,0.0000172022719198,0.0000134773672471],"median":[0.00000749475429984,0.00030023639556,0.000290055410005,0.000185406024684,0.00134647241794,0.000898926984519,0.000503348070197,0.000490976613946,0.000611930037849,0.000368999200873,0.000287094793748,0.000176966597792,0.000140769188874,0.000157770002261,0.00012293891632,0.0000840788707137,0.000118727191875,0.0000608295267739,0.0000620011996944,0.000035384655348,0.0000383502410841,0.0000345046719303,0.0000411249275203,0.0000184643940884,0.0000173104854184,0.00000533202819497,0.00000127989528664],"min":[1.46393454132e-24,4.58158304737e-24,1.37960067599e-24,4.45051893557e-24,1.36942387728e-23,1.6566060077e-23,7.87663729911e-24,9.65708531814e-24,2.54172261617e-23,2.42776392757e-23,1.79120271752e-23,2.0588307216e-23,3.83734319151e-23,4.06127082579e-23,2.92917496298e-23,6.41413272595e-23,6.96984863054e-23,7.854010244e-23,1.53428536195e-22,1.60055548401e-22,3.03143367684e-22,3.20340585905e-22,4.4450340488e-22,5.85760094987e-22,9.6231165258e-22,1.33957477533e-21,2.17801845359e-21],"var":[1.4355610034e-9,0.00000459045759271,0.00000967866071733,0.00000401142960982,0.0000165346955328,0.0000172679174284,0.0000138270697789,0.0000267661289399,0.0000558474785066,0.0000175198529178,0.0000179827511602,0.0000086589516286,0.00000239556197812,0.00000703566911398,0.00000208663936974,6.27060444458e-7,3.27162013036e-7,6.92582986517e-8,9.41608462313e-8,5.58514798854e-8,3.64361518734e-8,5.46019798264e-8,1.76602640067e-7,1.94500515249e-7,2.99873263998e-8,2.7481990017e-9,8.08844824451e-10]},"barkbands_crest":{"dmean":2.87730979919,"dmean2":4.64995002747,"dvar":6.49418449402,"dvar2":15.8978977203,"max":26.3196697235,"mean":10.2317991257,"median":9.23002815247,"min":2.47574353218,"var":20.1141700745},"barkbands_flatness_db":{"dmean":0.0237431395799,"dmean2":0.035803142935,"dvar":0.000496717751957,"dvar2":0.00114564492833,"max":0.398500442505,"mean":0.136653915048,"median":0.128939762712,"min":0.0191741585732,"var":0.00342935393564},"barkbands_kurtosis":{"dmean":3.38363027573,"dmean2":5.36285972595,"dvar":57.6503829956,"dvar2":126.560714722,"max":228.406921387,"mean":4.78056526184,"median":2.45472741127,"min":-1.92916595936,"var":94.6248703003},"barkbands_skewness":{"dmean":0.60209852457,"dmean2":0.927290022373,"dvar":0.453448176384,"dvar2":1.01390814781,"max":11.9028348923,"mean":1.30762577057,"median":1.18864619732,"min":-4.9268784523,"var":1.34589099884},"barkbands_spread":{"dmean":5.65233659744,"dmean2":8.60491943359,"dvar":65.2687072754,"dvar2":149.212371826,"max":127.707771301,"mean":17.8914661407,"median":13.4541778564,"min":0.535879433155,"var":247.995193481},"dissonance":{"dmean":0.0292364973575,"dmean2":0.0493011251092,"dvar":0.000753013882786,"dvar2":0.00204482208937,"max":0.500000119209,"mean":0.444800198078,"median":0.454696118832,"min":0.179582059383,"var":0.00184862851165},"dynamic_complexity":3.77404356003,"erbbands":{"dmean":[0.0189167689532,0.231401771307,1.30885541439,2.68166518211,3.15641951561,6.68366765976,8.48890399933,15.1348361969,16.9407577515,26.1607875824,26.5707969666,41.6576156616,45.9105796814,25.8630123138,36.2656784058,22.3128681183,17.7495365143,33.589466095,22.1659564972,11.6234941483,9.6370306015,9.50221920013,5.10420513153,5.18333482742,4.05117464066,2.83222460747,2.26286315918,2.89141941071,2.41880059242,2.62684106827,3.19583725929,1.83769607544,0.932784676552,0.381392538548,0.671143651009,0.0870923250914,0.0186735633761,0.00456201704219,0.00267721200362,0.000150406500325],"dmean2":[0.0302039645612,0.371656566858,2.25185465813,4.74190425873,5.44601106644,10.4070281982,13.04063797,25.1831169128,27.4210300446,40.9154014587,41.0221786499,64.6697006226,69.49634552,37.767791748,53.0193367004,33.2722129822,26.9713573456,50.8225288391,34.3393554688,16.993303299,14.6567335129,14.3740873337,7.63051605225,7.99404478073,6.24288702011,4.37506151199,3.37040066719,4.367811203,3.62869596481,4.01813030243,4.91523933411,2.70400428772,1.33623671532,0.549341380596,1.01878714561,0.128820970654,0.0273212324828,0.00652481243014,0.00398361030966,0.000229685450904],"dvar":[0.00216473895125,0.30466362834,10.6805706024,44.9497718811,52.0565719604,140.771728516,295.162445068,1202.47766113,2034.35339355,4218.20263672,4191.27050781,10416.8007812,11598.0117188,3756.71264648,9720.77246094,3795.6340332,2047.62878418,7576.71337891,3662.85058594,1143.96411133,834.181884766,473.314941406,105.804626465,203.206222534,125.678108215,108.106750488,38.2938728333,46.7336196899,49.977306366,63.5576896667,100.053405762,70.4568710327,19.946105957,1.55036187172,2.27326369286,0.0849438905716,0.00270743528381,0.000136331887916,0.0000329473114107,1.09945275995e-7],"dvar2":[0.00514110410586,0.678273975849,27.6953239441,123.226699829,140.200393677,296.984161377,640.330688477,3051.92553711,5065.890625,9823.95214844,9397.80566406,24387.5878906,27050.6582031,7909.07226562,19243.2460938,7951.12939453,4567.80859375,16305.3828125,8156.10009766,2372.98071289,1791.21948242,1003.72076416,218.500320435,463.452362061,287.873687744,262.542724609,85.663192749,110.902397156,114.86529541,145.642501831,226.886413574,147.930587769,38.4415512085,3.01584672928,5.23795604706,0.17808394134,0.00581894721836,0.00029137879028,0.0000781717899372,2.68101331358e-7],"max":[0.481894016266,7.38095188141,28.1437072754,63.4517250061,120.423934937,372.369415283,410.043334961,533.422424316,827.319030762,1559.67822266,1425.62329102,2580.46508789,2509.62548828,1672.65283203,2593.43701172,2181.14135742,1495.1574707,2240.21118164,1524.94812012,1230.08276367,1085.44018555,515.254089355,161.024215698,411.94631958,359.478393555,446.884124756,182.118621826,177.322143555,206.816604614,190.55027771,197.159637451,258.255859375,239.520980835,42.0884971619,35.3040847778,11.7184305191,2.11037302017,0.442899286747,0.0591987296939,0.00322393397801],"mean":[0.0202219597995,0.264128953218,1.22919011116,2.42288184166,3.57052111626,10.6990394592,13.8805074692,20.956905365,21.7075023651,41.338054657,42.2454872131,74.9316253662,81.2201080322,48.7375335693,70.8125915527,40.000579834,28.6313228607,53.4439849854,35.2406272888,18.8661499023,15.5999011993,15.9102153778,8.96253395081,8.3466796875,6.31534147263,4.32337665558,3.61369895935,4.32382965088,3.66176819801,3.83449959755,4.35018444061,2.43604373932,1.2740881443,0.563750982285,0.843753397465,0.124700568616,0.0272940024734,0.00680496171117,0.00293420162052,0.000170286235516],"median":[0.00646380055696,0.0795780718327,0.272440969944,0.652538537979,1.41600799561,4.78281116486,7.04560041428,7.29916667938,7.9688911438,11.3498287201,12.3219184875,15.8808917999,17.2179756165,12.4042568207,12.3223190308,9.95314788818,8.8733215332,10.0785665512,7.82742071152,6.09757804871,6.28579330444,6.10829925537,3.72712612152,3.41620707512,2.89324998856,1.57107186317,1.31480443478,1.53410995007,1.33698248863,1.30903339386,1.16093111038,0.484756141901,0.249651506543,0.138131529093,0.145966947079,0.0373974442482,0.00866074860096,0.00187311740592,0.000243185873842,0.0000450574116257],"min":[9.05269133146e-23,4.52180523479e-22,2.94986298537e-21,1.17499503517e-20,1.8695947514e-20,4.30644444062e-20,4.83343862394e-20,1.3415252656e-19,1.79601991166e-19,2.26229942576e-19,2.97342065301e-19,5.51435250769e-19,8.24191802205e-19,1.2336727786e-18,1.55115969034e-18,1.19996692639e-18,2.13254875375e-18,2.40131338325e-18,3.10468139492e-18,4.22689334374e-18,4.16009520055e-18,3.824313225e-18,4.54171042666e-18,6.97603348623e-18,8.2901579546e-18,7.41359631384e-18,1.19370318392e-17,1.20472594461e-17,1.13262607001e-17,1.16369712448e-17,1.17844922896e-17,1.00415094153e-17,1.0990474175e-17,9.24883629631e-18,7.08633719373e-18,4.90138592779e-18,2.29566318708e-18,1.10586789388e-18,2.75432532416e-19,3.10594913968e-20],"var":[0.00208772905171,0.337584018707,8.76372528076,33.53490448,47.0186958313,322.980682373,549.634338379,1752.27331543,2344.34082031,9852.78417969,9358.875,29736.9667969,30217.2070312,10977.0058594,33261.1523438,11281.6923828,3657.37646484,17087.3300781,7166.77490234,1996.77893066,1405.71276855,844.364807129,216.793777466,308.627868652,163.634170532,124.13860321,56.1458129883,66.3668060303,69.2843475342,95.2140960693,158.613754272,116.428283691,40.5796852112,3.18474435806,3.06274580956,0.141210362315,0.00440229196101,0.000239855857217,0.0000389173183066,1.14719384214e-7]},"erbbands_crest":{"dmean":3.23074507713,"dmean2":5.14248895645,"dvar":9.09855365753,"dvar2":22.2669944763,"max":32.2701072693,"mean":10.9510087967,"median":9.81529140472,"min":2.47084212303,"var":29.6545944214},"erbbands_flatness_db":{"dmean":0.0225970596075,"dmean2":0.0318875275552,"dvar":0.000440073752543,"dvar2":0.000889567425475,"max":0.359879493713,"mean":0.17863047123,"median":0.175576925278,"min":0.0440505966544,"var":0.00316039472818},"erbbands_kurtosis":{"dmean":1.78532898426,"dmean2":2.76259183884,"dvar":7.70358800888,"dvar2":17.2720317841,"max":66.1926956177,"mean":2.38742280006,"median":1.08528017998,"min":-1.86486160755,"var":19.6538639069},"erbbands_skewness":{"dmean":0.491113901138,"dmean2":0.745043933392,"dvar":0.252134889364,"dvar2":0.55245834589,"max":7.25715589523,"mean":0.82855039835,"median":0.760856688023,"min":-6.49757671356,"var":0.944287955761},"erbbands_spread":{"dmean":8.14552593231,"dmean2":12.1314468384,"dvar":115.137199402,"dvar2":259.619018555,"max":169.338027954,"mean":28.6636352539,"median":23.3358001709,"min":2.59920454025,"var":386.674041748},"gfcc":{"cov":[[18837.0859375,308.756103516,-1200.25378418,-118.170005798,-482.837890625,233.15397644,-321.094726562,-114.473770142,-121.054985046,-141.544647217,-267.129150391,-102.181083679,-198.313430786],[308.756103516,1817.69067383,-132.221221924,-117.652145386,90.8601531982,-148.286804199,-2.16402292252,-41.4981079102,-41.9391326904,-103.849555969,31.9228992462,-33.6560134888,31.4092998505],[-1200.25378418,-132.221221924,870.650390625,276.708831787,60.9542198181,27.9281253815,12.9248514175,-3.51980423927,13.3883171082,-10.1651525497,-9.10198783875,-4.15238857269,32.8018379211],[-118.170005798,-117.652145386,276.708831787,470.790008545,43.906627655,8.62835025787,-74.0489807129,-16.8508090973,13.9587936401,35.4629631042,13.6749792099,-8.7606754303,0.740798652172],[-482.837890625,90.8601531982,60.9542198181,43.906627655,292.564727783,53.0487785339,55.072353363,10.76055336,25.8741607666,5.99770259857,-16.7958679199,-30.7217292786,-7.4503030777],[233.15397644,-148.286804199,27.9281253815,8.62835025787,53.0487785339,222.798812866,92.1712799072,34.6079216003,11.9836673737,6.58438014984,0.155655696988,-5.19791412354,-21.9613265991],[-321.094726562,-2.16402292252,12.9248514175,-74.0489807129,55.072353363,92.1712799072,208.959213257,64.0453872681,-3.42159175873,-21.9532527924,-8.16624641418,-12.0957927704,-13.8368244171],[-114.473770142,-41.4981079102,-3.51980423927,-16.8508090973,10.76055336,34.6079216003,64.0453872681,115.715644836,43.0746040344,2.00498461723,-6.44429588318,3.15162706375,-12.5224351883],[-121.054985046,-41.9391326904,13.3883171082,13.9587936401,25.8741607666,11.9836673737,-3.42159175873,43.0746040344,138.620773315,50.6390113831,4.36557149887,4.04472398758,-6.92110157013],[-141.544647217,-103.849555969,-10.1651525497,35.4629631042,5.99770259857,6.58438014984,-21.9532527924,2.00498461723,50.6390113831,108.533554077,36.4520187378,4.58632850647,-5.48597192764],[-267.129150391,31.9228992462,-9.10198783875,13.6749792099,-16.7958679199,0.155655696988,-8.16624641418,-6.44429588318,4.36557149887,36.4520187378,99.8180465698,36.9629631042,4.78768396378],[-102.181083679,-33.6560134888,-4.15238857269,-8.7606754303,-30.7217292786,-5.19791412354,-12.0957927704,3.15162706375,4.04472398758,4.58632850647,36.9629631042,93.4879989624,28.7409725189],[-198.313430786,31.4092998505,32.8018379211,0.740798652172,-7.4503030777,-21.9613265991,-13.8368244171,-12.5224351883,-6.92110157013,-5.48597192764,4.78768396378,28.7409725189,77.8093032837]],"icov":[[0.000074367140769,-0.0000354124349542,0.000103587313788,-0.0000460171504528,0.000138746821904,-0.000204222014872,0.000153579356265,0.0000446277153969,0.0000167025900737,0.00003864448081,0.000253295380389,-0.0000272805427812,0.000149443687405],[-0.0000354124349542,0.000721499905922,0.0000543908354302,0.000123295540106,-0.000405762519222,0.000598854094278,-0.000137509094202,0.000125380654936,-0.000192113366211,0.000923184677958,-0.000927613407839,0.000560003041755,-0.000381484569516],[0.000103587313788,0.0000543908354302,0.00166860118043,-0.00101903395262,0.0000736232614145,-0.000252164696576,-0.000261458742898,0.000299957871903,-0.000314894830808,0.000631110044196,0.000335971417371,0.0000979085380095,-0.000554361729883],[-0.0000460171504528,0.000123295540106,-0.00101903395262,0.00307094189338,-0.000571600685362,-0.000212339989957,0.00138881988823,-0.000373164337361,0.00031564629171,-0.000654858187772,-0.00063065381255,0.000447567814263,0.000160941955983],[0.000138746821904,-0.000405762519222,0.0000736232614145,-0.000571600685362,0.00441084010527,-0.00113201956265,-0.000822969013825,0.000657188822515,-0.000800385721959,-0.000427478109486,0.00121000572108,0.000760427443311,0.0000974057766143],[-0.000204222014872,0.000598854094278,-0.000252164696576,-0.000212339989957,-0.00113201956265,0.00676605524495,-0.00302415457554,-0.000159022965818,-0.000250606564805,-0.000067699169449,-0.00112354150042,-0.000174327593413,0.000690463115461],[0.000153579356265,-0.000137509094202,-0.000261458742898,0.00138881988823,-0.000822969013825,-0.00302415457554,0.00849715527147,-0.00399302784353,0.00148643215653,0.000974824419245,-0.000226498523261,0.000898080004845,0.000363158615073],[0.0000446277153969,0.000125380654936,0.000299957871903,-0.000373164337361,0.000657188822515,-0.000159022965818,-0.00399302784353,0.0127517320216,-0.00441187806427,0.00111526739784,0.000985955237411,-0.00135986937676,0.00142826151568],[0.0000167025900737,-0.000192113366211,-0.000314894830808,0.00031564629171,-0.000800385721959,-0.000250606564805,0.00148643215653,-0.00441187806427,0.0106806289405,-0.00528256921098,0.00151698081754,-0.000921994564123,0.000481599970954],[0.00003864448081,0.000923184677958,0.000631110044196,-0.000654858187772,-0.000427478109486,-0.000067699169449,0.000974824419245,0.00111526739784,-0.00528256921098,0.0150152854621,-0.00602212361991,0.00218592933379,-0.0000892959869816],[0.000253295380389,-0.000927613407839,0.000335971417371,-0.00063065381255,0.00121000572108,-0.00112354150042,-0.000226498523261,0.000985955237411,0.00151698081754,-0.00602212361991,0.0157812200487,-0.0064270622097,0.00191485777032],[-0.0000272805427812,0.000560003041755,0.0000979085380095,0.000447567814263,0.000760427443311,-0.000174327593413,0.000898080004845,-0.00135986937676,-0.000921994564123,0.00218592933379,-0.0064270622097,0.0155257508159,-0.00564394704998],[0.000149443687405,-0.000381484569516,-0.000554361729883,0.000160941955983,0.0000974057766143,0.000690463115461,0.000363158615073,0.00142826151568,0.000481599970954,-0.0000892959869816,0.00191485777032,-0.00564394704998,0.016121096909]],"mean":[-28.5688095093,85.0235900879,-116.624732971,4.05446577072,-66.8917007446,6.78737163544,-38.2285079956,3.28637576103,-20.0711135864,-0.809095084667,-16.2051181793,1.96042740345,-9.91803741455]},"hfc":{"dmean":6.96612596512,"dmean2":9.94657325745,"dvar":97.6174316406,"dvar2":191.949066162,"max":171.515426636,"mean":20.6756000519,"median":15.2402763367,"min":1.10224059937e-16,"var":368.338684082},"melbands":{"dmean":[0.000199825663003,0.000550672644749,0.000471672537969,0.000300714542391,0.000320097547956,0.000334701646352,0.000257954205154,0.000296951679047,0.000228935125051,0.000277672545053,0.000227802491281,0.000104150080006,0.000122414319776,0.0000861177322804,0.0000401283941756,0.0000464182012365,0.0000700619493728,0.0000408725682064,0.0000239140208578,0.0000121617804325,0.000012600718037,0.0000115636712508,0.00000662187130729,0.00000411471683037,0.0000045783826863,0.00000339687858286,0.0000026842335501,0.00000183513748198,0.00000149599236465,0.00000147725506849,0.00000188946762592,0.0000014286268879,0.00000126681698021,0.00000175148818471,0.00000225330313697,0.00000133240189371,0.00000107483083411,7.68550535213e-7,3.56491852926e-7,2.79174770412e-7],"dmean2":[0.000307334790705,0.000939187244512,0.000829058233649,0.000491662824061,0.000485252268845,0.000555495033041,0.00041538363439,0.000465015647933,0.000354910385795,0.000428986095358,0.00034395972034,0.000154625013238,0.000179493232281,0.000125981328893,0.0000611784707871,0.0000701016033418,0.000106805709947,0.000063621053414,0.0000356469063263,0.000018300173906,0.0000197984118131,0.0000178019199666,0.00000997719416773,0.00000639378049527,0.00000716308977644,0.00000525111317984,0.0000041920620788,0.00000287201851279,0.00000226704037232,0.00000229868396673,0.0000029046200325,0.00000219364437726,0.00000192640345631,0.00000270786449619,0.00000352074880539,0.00000203793570108,0.0000015915069298,0.00000114256613415,5.17900559771e-7,4.17545180653e-7],"dvar":[2.24143803962e-7,0.0000018501013983,0.00000132745242354,2.56655312114e-7,3.61852954711e-7,5.69766370973e-7,4.29899586152e-7,5.56003612928e-7,3.57966911224e-7,4.29672752489e-7,2.8469636959e-7,6.48704698847e-8,1.18384491543e-7,5.27384145244e-8,1.27728227994e-8,1.67121569916e-8,3.61408538652e-8,1.33620190468e-8,6.71286670695e-9,1.44365264187e-9,1.61559221556e-9,8.19946777142e-10,2.19675805324e-10,7.7093428863e-11,1.77052192352e-10,9.37892749575e-11,8.78827705053e-11,4.35194311144e-11,1.62925853364e-11,1.58965549057e-11,1.80685223727e-11,1.68013849361e-11,1.84890644461e-11,2.37895085575e-11,3.80381698362e-11,3.9006062269e-11,2.55269347327e-11,1.52013228394e-11,2.42738316426e-12,1.08265664229e-12],"dvar2":[4.81363258586e-7,0.00000463403011963,0.00000364006336895,6.00317832777e-7,7.66802770613e-7,0.00000144698162785,0.00000106077220607,0.00000129075772293,8.25628205803e-7,9.90643115983e-7,6.61410069824e-7,1.36918316684e-7,2.23642231845e-7,1.0914780546e-7,2.55056793463e-8,3.67387826827e-8,7.71211645656e-8,3.06825285179e-8,1.34569644317e-8,2.62824317865e-9,3.63041641194e-9,1.8055574813e-9,4.69436267636e-10,1.75110648204e-10,4.09017680836e-10,2.22831142427e-10,2.10456041483e-10,1.08119041498e-10,3.69102214071e-11,3.7763556171e-11,4.32256799798e-11,3.91891762097e-11,4.2067304501e-11,5.66893545995e-11,9.08833494573e-11,8.64970317593e-11,5.37402032597e-11,3.14473655449e-11,4.66788803791e-12,2.24289337103e-12],"max":[0.0058137094602,0.0121083920822,0.0102372467518,0.0136876832694,0.0134610719979,0.0109551157802,0.0117597160861,0.0170315559953,0.0155676100403,0.0164630506188,0.0121073992923,0.00760148093104,0.0107503961772,0.00490029063076,0.00492598023266,0.00335110677406,0.00515168672428,0.00284563191235,0.00469501456246,0.00161771650892,0.00150786631275,0.000839653948788,0.000358593970304,0.000208059733268,0.00038142662379,0.000269463576842,0.000424876256147,0.000239445173065,0.000101364508737,0.000115013543109,0.0000969061002252,0.000123837875435,0.000128806161229,0.000102495112515,0.000127286271891,0.000171262217918,0.000188575184438,0.000172372005181,0.000108073589217,0.0000307418122247],"mean":[0.000233652681345,0.00055790040642,0.000448561215308,0.000460893526906,0.000546654337086,0.000466744531877,0.000335249816999,0.000470792903798,0.000354358751792,0.000498938141391,0.000394589500502,0.000183846466825,0.000225929325097,0.00015062050079,0.0000624638560112,0.0000676910203765,0.000105730337964,0.0000585785601288,0.0000353949253622,0.000019048624381,0.0000184360324056,0.0000179125090654,0.0000107249461507,0.00000653976621834,0.00000688580712449,0.00000486208364237,0.00000383677752325,0.00000265208564088,0.0000022445549348,0.00000219181333705,0.00000267820450972,0.00000208848086913,0.00000181509915365,0.00000240453164224,0.00000296192797578,0.00000170304429048,0.00000138024211083,0.00000100089937405,5.10992151703e-7,3.93201133875e-7],"median":[0.000075206742622,0.000146086094901,0.000141769414768,0.000244616996497,0.000277231971268,0.000168702215888,0.000119690710562,0.000117771429359,0.0000877566199051,0.0000923859188333,0.0000734176428523,0.0000373823568225,0.0000383358892577,0.0000246584295382,0.0000170810362761,0.0000142090575537,0.0000169409868249,0.0000102725934994,0.00000903733598534,0.0000056402645896,0.00000725966583559,0.00000669533847031,0.00000350710706698,0.00000276917535302,0.00000257194460573,0.00000190023138202,0.00000150514347297,8.2267780499e-7,7.27157384972e-7,8.03840407571e-7,8.78034029483e-7,7.26346115698e-7,5.71127600324e-7,7.30527972337e-7,7.62431511703e-7,3.01833324556e-7,2.46372025003e-7,1.80291053198e-7,1.06525021693e-7,8.66969855906e-8],"min":[1.37262882192e-24,1.33553303228e-24,1.89221974854e-24,1.5548385333e-24,1.60396169073e-24,3.07180286847e-24,2.64465066273e-24,2.00294525127e-24,2.48282137005e-24,3.95731560345e-24,3.29991166276e-24,4.44767469757e-24,3.52618655266e-24,2.02909658193e-24,2.2079528456e-24,3.2831363384e-24,4.00530240674e-24,3.6450745964e-24,3.92801099854e-24,4.96487399514e-24,4.55089359715e-24,3.59590726276e-24,3.79338517974e-24,3.63707002479e-24,4.72666245645e-24,5.08261148525e-24,6.17336196472e-24,3.50864820259e-24,5.77558595301e-24,5.8958075661e-24,6.07769601388e-24,5.47511120079e-24,6.08273328519e-24,5.05875435932e-24,5.31713707136e-24,7.23424735361e-24,6.07826399373e-24,6.54673614205e-24,7.742543567e-24,7.06343056863e-24],"var":[2.55548656014e-7,0.00000164554319326,0.00000100326701613,4.80799030811e-7,7.53242034079e-7,8.23678590223e-7,5.43140401987e-7,0.00000133554624426,7.99358645054e-7,0.00000129740794819,7.42460940728e-7,1.92188437609e-7,3.71447697489e-7,1.54259510055e-7,3.2721818144e-8,2.95992954591e-8,8.04649005204e-8,2.41608759666e-8,1.15732508021e-8,4.13597867066e-9,2.10997330718e-9,1.26036936443e-9,4.27697766092e-10,1.34493416404e-10,2.5446483809e-10,1.13774975552e-10,9.5455095217e-11,5.01082231263e-11,2.35666000603e-11,2.13337316562e-11,2.50983452771e-11,2.25295997136e-11,2.51847917521e-11,3.43829513472e-11,5.74375130791e-11,5.73350984745e-11,4.19626312864e-11,2.57832574735e-11,6.05162621403e-12,1.85596308287e-12]},"melbands_crest":{"dmean":3.46970200539,"dmean2":5.63480424881,"dvar":9.26802635193,"dvar2":23.1990089417,"max":33.5958366394,"mean":12.787902832,"median":11.7835512161,"min":1.72133243084,"var":27.5496921539},"melbands_flatness_db":{"dmean":0.0280101578683,"dmean2":0.0418488048017,"dvar":0.000748529506382,"dvar2":0.00165560271125,"max":0.506927013397,"mean":0.198471292853,"median":0.191426128149,"min":0.00391394691542,"var":0.0049102907069},"melbands_kurtosis":{"dmean":5.63139009476,"dmean2":8.98721313477,"dvar":134.038314819,"dvar2":320.665252686,"max":240.312072754,"mean":8.75033760071,"median":4.72782802582,"min":-1.91777563095,"var":201.142822266},"melbands_skewness":{"dmean":0.703603506088,"dmean2":1.07697868347,"dvar":0.630333423615,"dvar2":1.43339514732,"max":12.4754447937,"mean":1.74677193165,"median":1.50791239738,"min":-1.93835997581,"var":1.96808552742},"melbands_spread":{"dmean":7.57870864868,"dmean2":11.8013048172,"dvar":200.208175659,"dvar2":421.103027344,"max":258.787414551,"mean":22.6863574982,"median":17.1204872131,"min":0.641745328903,"var":637.65246582},"mfcc":{"cov":[[9138.48144531,-134.412338257,-613.414367676,-234.11668396,-88.2879104614,245.223144531,-109.135749817,198.341201782,-5.3037405014,83.307182312,125.046905518,-41.8256721497,-134.755966187],[-134.412338257,1671.30407715,-158.103042603,-11.5976381302,16.8253955841,-76.6122817993,51.6747589111,36.0494766235,10.4799385071,-50.2837295532,-30.0077476501,-23.5180473328,-25.1895694733],[-613.414367676,-158.103042603,692.067749023,202.667877197,78.875289917,43.7434959412,10.4641609192,-4.58396625519,0.484927326441,-9.0535068512,-41.5807914734,15.0507249832,43.2294883728],[-234.11668396,-11.5976381302,202.667877197,346.925140381,135.899765015,21.943397522,-12.2387981415,-47.1890830994,3.46327543259,-0.211423054338,-23.6404762268,-1.24418473244,30.4103279114],[-88.2879104614,16.8253955841,78.875289917,135.899765015,224.842025757,62.7392082214,-16.6612682343,-21.9761390686,5.19365596771,23.9975738525,0.0407049544156,5.59923648834,0.337719410658],[245.223144531,-76.6122817993,43.7434959412,21.943397522,62.7392082214,170.250640869,48.4936752319,25.3877906799,18.8818435669,27.3956565857,24.3547935486,1.24750077724,-4.62436771393],[-109.135749817,51.6747589111,10.4641609192,-12.2387981415,-16.6612682343,48.4936752319,185.932830811,52.9781150818,16.2050189972,1.04693615437,-9.80936717987,7.08037614822,-6.68488311768],[198.341201782,36.0494766235,-4.58396625519,-47.1890830994,-21.9761390686,25.3877906799,52.9781150818,163.408248901,45.0667228699,12.1734647751,24.1727294922,-4.49057340622,3.25840401649],[-5.3037405014,10.4799385071,0.484927326441,3.46327543259,5.19365596771,18.8818435669,16.2050189972,45.0667228699,117.035385132,35.937953949,9.20454597473,-1.44236695766,-3.64792633057],[83.307182312,-50.2837295532,-9.0535068512,-0.211423054338,23.9975738525,27.3956565857,1.04693615437,12.1734647751,35.937953949,107.717605591,42.1200675964,-0.811383008957,-5.94311761856],[125.046905518,-30.0077476501,-41.5807914734,-23.6404762268,0.0407049544156,24.3547935486,-9.80936717987,24.1727294922,9.20454597473,42.1200675964,107.833908081,21.8655757904,9.90443325043],[-41.8256721497,-23.5180473328,15.0507249832,-1.24418473244,5.59923648834,1.24750077724,7.08037614822,-4.49057340622,-1.44236695766,-0.811383008957,21.8655757904,86.5415649414,30.8386974335],[-134.755966187,-25.1895694733,43.2294883728,30.4103279114,0.337719410658,-4.62436771393,-6.68488311768,3.25840401649,-3.64792633057,-5.94311761856,9.90443325043,30.8386974335,104.597305298]],"icov":[[0.000135756679811,0.00000548626530872,0.000127764535137,-0.0000462437783426,0.000117774281534,-0.000295215199003,0.00021774416382,-0.000223825278226,0.000127013947349,-0.0000658065400785,0.0000305711255351,-0.0000507761069457,0.000157084185048],[0.00000548626530872,0.000662670994643,0.000168198588653,-0.0000259758235188,-0.000280814187136,0.000415980670368,-0.000275967031484,-0.000158478796948,-0.000114957685582,0.000344404543284,-0.00000973204259935,0.000154064924573,0.0000823469745228],[0.000127764535137,0.000168198588653,0.00201054732315,-0.00109830673318,0.000152381689986,-0.000655834679492,0.000230671023019,-0.000605688022915,0.000264054222498,-0.0000978726602625,0.000864793313667,-0.00043363525765,-0.000252786994679],[-0.0000462437783426,-0.0000259758235188,-0.00109830673318,0.00478046480566,-0.0026328030508,0.000584155495744,-0.000429081002949,0.00132021354511,-0.00071565649705,0.000389751512557,0.0000430902255175,0.000947917578742,-0.00132236210629],[0.000117774281534,-0.000280814187136,0.000152381689986,-0.0026328030508,0.0071453913115,-0.00292860320769,0.00147890718654,-0.0000938463199418,0.000507207820192,-0.00149332662113,0.000771177408751,-0.0011629833607,0.000934176263399],[-0.000295215199003,0.000415980670368,-0.000655834679492,0.000584155495744,-0.00292860320769,0.00885675940663,-0.00290070381016,0.00014484062558,-0.000800990499556,-0.000164904384292,-0.0020087021403,0.000923121813685,-0.0000870794756338],[0.00021774416382,-0.000275967031484,0.000230671023019,-0.000429081002949,0.00147890718654,-0.00290070381016,0.00729713169858,-0.0024597987067,0.000400849967264,-0.000518901215401,0.00194605835713,-0.00161587435286,0.000930089794565],[-0.000223825278226,-0.000158478796948,-0.000605688022915,0.00132021354511,-0.0000938463199418,0.00014484062558,-0.0024597987067,0.00877399276942,-0.00322927907109,0.000978668686002,-0.00227093370631,0.00158822280355,-0.00119410129264],[0.000127013947349,-0.000114957685582,0.000264054222498,-0.00071565649705,0.000507207820192,-0.000800990499556,0.000400849967264,-0.00322927907109,0.0109565844759,-0.00383683783002,0.00134902040008,-0.000637293851469,0.000548323849216],[-0.0000658065400785,0.000344404543284,-0.0000978726602625,0.000389751512557,-0.00149332662113,-0.000164904384292,-0.000518901215401,0.000978668686002,-0.00383683783002,0.0130842989311,-0.00513353385031,0.00144382659346,0.000529212353285],[0.0000305711255351,-0.00000973204259935,0.000864793313667,0.0000430902255175,0.000771177408751,-0.0020087021403,0.00194605835713,-0.00227093370631,0.00134902040008,-0.00513353385031,0.0134011916816,-0.00360497971997,-0.00067982141627],[-0.0000507761069457,0.000154064924573,-0.00043363525765,0.000947917578742,-0.0011629833607,0.000923121813685,-0.00161587435286,0.00158822280355,-0.000637293851469,0.00144382659346,-0.00360497971997,0.0142935523763,-0.00404590554535],[0.000157084185048,0.0000823469745228,-0.000252786994679,-0.00132236210629,0.000934176263399,-0.0000870794756338,0.000930089794565,-0.00119410129264,0.000548323849216,0.000529212353285,-0.00067982141627,-0.00404590554535,0.0116678243503]],"mean":[-670.717895508,128.293731689,-2.2198112011,3.42248058319,-9.2260684967,-0.381459861994,-12.0614099503,2.60770010948,-5.53375387192,-0.52271938324,-3.14261054993,-3.31381893158,-3.61080336571]},"pitch_salience":{"dmean":0.0767865255475,"dmean2":0.124083727598,"dvar":0.0047076465562,"dvar2":0.0118877189234,"max":0.864851415157,"mean":0.58754247427,"median":0.600014925003,"min":0.120288282633,"var":0.0139556527138},"silence_rate_20dB":{"dmean":0,"dmean2":0,"dvar":0,"dvar2":0,"max":1,"mean":1,"median":1,"min":1,"var":0},"silence_rate_30dB":{"dmean":0,"dmean2":0,"dvar":0,"dvar2":0,"max":1,"mean":1,"median":1,"min":1,"var":0},"silence_rate_60dB":{"dmean":0.0398273207247,"dmean2":0.079665735364,"dvar":0.038241814822,"dvar2":0.0869687274098,"max":1,"mean":0.104845449328,"median":0,"min":0,"var":0.0938480570912},"spectral_centroid":{"dmean":237.272735596,"dmean2":361.098815918,"dvar":129217.21875,"dvar2":267794.5,"max":11622.1748047,"mean":1168.64978027,"median":1001.64251709,"min":204.671417236,"var":887249.375},"spectral_complexity":{"dmean":3.22629165649,"dmean2":4.68830060959,"dvar":13.7825260162,"dvar2":23.9519863129,"max":56,"mean":15.5181007385,"median":14,"min":0,"var":76.8777313232},"spectral_contrast_coeffs":{"dmean":[0.0567640289664,0.0533458217978,0.0434304997325,0.0348053500056,0.02500846982,0.0188810043037],"dmean2":[0.0913720577955,0.0867711305618,0.0679490044713,0.0550386570394,0.0395014993846,0.0291892495006],"dvar":[0.00217104027979,0.00191919389181,0.00134422432166,0.00092077779118,0.000516477855854,0.000304208137095],"dvar2":[0.00534029072151,0.00480136880651,0.00313843926415,0.00201731105335,0.00111965334509,0.000669379136525],"max":[-0.282399058342,-0.38227981329,-0.422839403152,-0.456883609295,-0.582366526127,-0.597433924675],"mean":[-0.626298487186,-0.721544027328,-0.732449412346,-0.773994088173,-0.791350066662,-0.77019494772],"median":[-0.626769900322,-0.732960939407,-0.743956267834,-0.781815111637,-0.794278979301,-0.767336606979],"min":[-0.975206851959,-0.975425004959,-0.97289532423,-0.969744443893,-0.96675080061,-0.965085208416],"var":[0.00900538731366,0.00783660821617,0.00774219026789,0.00459372345358,0.00242706155404,0.00153597409371]},"spectral_contrast_valleys":{"dmean":[0.473047405481,0.397362470627,0.357072681189,0.342685848475,0.312754452229,0.336420565844],"dmean2":[0.743689835072,0.638082683086,0.552909612656,0.513446807861,0.44555836916,0.436818927526],"dvar":[0.219043508172,0.133796289563,0.125257357955,0.125498265028,0.131568565965,0.131205916405],"dvar2":[0.421852558851,0.289155423641,0.244416743517,0.228143170476,0.239158555865,0.218842551112],"max":[-5.49843645096,-4.80439805984,-5.28649044037,-5.68008756638,-5.58522415161,-7.40354394913],"mean":[-8.03337001801,-6.80398702621,-7.42244338989,-8.00862312317,-8.18332004547,-10.5298891068],"median":[-7.75422382355,-6.56565618515,-7.18383789062,-7.786444664,-7.94789266586,-10.3223237991],"min":[-27.8614902496,-27.785572052,-27.6241950989,-27.6592082977,-27.4821834564,-27.3239440918],"var":[3.48639559746,3.35181903839,3.23383951187,3.14655017853,3.01172208786,2.752399683]},"spectral_decrease":{"dmean":2.10226680508e-9,"dmean2":3.22579651879e-9,"dvar":6.92010242834e-18,"dvar2":1.54863960189e-17,"max":1.20578658069e-28,"mean":-5.69932012695e-9,"median":-4.63558347263e-9,"min":-2.76633311813e-8,"var":2.13982095347e-17},"spectral_energy":{"dmean":0.00841498561203,"dmean2":0.0128428265452,"dvar":0.00010754683899,"dvar2":0.000237524087424,"max":0.112816073,"mean":0.0233858339489,"median":0.0190328713506,"min":1.01138638405e-20,"var":0.000352226838004},"spectral_energyband_high":{"dmean":0.00036765387631,"dmean2":0.000518137239851,"dvar":9.17558224955e-7,"dvar2":0.00000193344681065,"max":0.0186219587922,"mean":0.000601038569584,"median":0.000223766852287,"min":7.22919100764e-21,"var":0.00000170333078131},"spectral_energyband_low":{"dmean":0.00244438112713,"dmean2":0.00404578866437,"dvar":0.0000345016633219,"dvar2":0.0000818136322778,"max":0.0511718466878,"mean":0.00274399900809,"median":0.000851688091643,"min":1.85454241064e-23,"var":0.0000344301515725},"spectral_energyband_middle_high":{"dmean":0.0026444925461,"dmean2":0.0037567706313,"dvar":0.0000165776691574,"dvar2":0.0000321970255754,"max":0.0718245059252,"mean":0.00698969326913,"median":0.00327033177018,"min":1.35565158388e-21,"var":0.0000784967633081},"spectral_energyband_middle_low":{"dmean":0.00620389357209,"dmean2":0.00978674180806,"dvar":0.0000642967279418,"dvar2":0.000155620378791,"max":0.102968260646,"mean":0.0138872852549,"median":0.00992834288627,"min":1.9489047215e-22,"var":0.000170360784978},"spectral_entropy":{"dmean":0.206441417336,"dmean2":0.303615242243,"dvar":0.0448091067374,"dvar2":0.0929040536284,"max":9.8266992569,"mean":7.39674472809,"median":7.4299993515,"min":4.92084312439,"var":0.33942297101},"spectral_flux":{"dmean":0.028072366491,"dmean2":0.0440849810839,"dvar":0.000861139036715,"dvar2":0.00195121823344,"max":0.261547595263,"mean":0.0869550257921,"median":0.0819805115461,"min":6.4955998913e-11,"var":0.00248545850627},"spectral_kurtosis":{"dmean":2.10663533211,"dmean2":3.3397436142,"dvar":7.17337083817,"dvar2":18.8537063599,"max":71.0804595947,"mean":6.41158771515,"median":5.48922729492,"min":-1.24238157272,"var":23.9880714417},"spectral_rms":{"dmean":0.000848846917506,"dmean2":0.00125100743026,"dvar":8.82563142568e-7,"dvar2":0.00000176610035396,"max":0.0104911606759,"mean":0.00430967286229,"median":0.00430913642049,"min":3.14120734632e-12,"var":0.00000424224481321},"spectral_rolloff":{"dmean":508.051849365,"dmean2":846.487304688,"dvar":1143689.625,"dvar2":2559404.25,"max":19466.015625,"mean":1653.27905273,"median":1098.19335938,"min":129.19921875,"var":4356848},"spectral_skewness":{"dmean":0.279045879841,"dmean2":0.422917485237,"dvar":0.0885676220059,"dvar2":0.199405550957,"max":6.67590665817,"mean":1.93325984478,"median":1.92359280586,"min":-0.584423899651,"var":0.438414514065},"spectral_spread":{"dmean":657340.0625,"dmean2":947333.875,"dvar":849603330048,"dvar2":1584579346430,"max":42198416,"mean":4723650,"median":4276863,"min":1071585.75,"var":9033036595200},"spectral_strongpeak":{"dmean":0.73622828722,"dmean2":1.18877589703,"dvar":0.976222217083,"dvar2":2.34766125679,"max":15.0440597534,"mean":1.51952648163,"median":0.872041225433,"min":0,"var":2.74466347694},"zerocrossingrate":{"dmean":0.011930490844,"dmean2":0.0139942225069,"dvar":0.000303074193653,"dvar2":0.000383254751796,"max":0.52587890625,"mean":0.0659805834293,"median":0.052734375,"min":0.0078125,"var":0.00302936625667}},"metadata":{"audio_properties":{"analysis_sample_rate":44100,"bit_rate":205309,"codec":"mp3","downmix":"mix","equal_loudness":0,"length":166.739593506,"lossless":false,"md5_encoded":"e686e77d6f7883148e0cd8308093255e","replay_gain":-6.69529151917,"sample_rate":44100},"tags":{"album":["Psychedelic Shack/All Directions"],"albumartist":["The Temptations"],"artist":["The Temptations"],"date":["2001"],"encoding":["Audiograbber 1.83.01, LAME dll 3.97, VBR 2 (New method), Joint Stereo, Normal quality"],"file_name":"121251.mp3","musicbrainz_recordingid":["19dcc91c-1ff5-4eda-be57-c54ddc5a35c5"],"title":["You Make Your Own Heaven And Hell Right Here On Earth"],"tracknumber":["2"]},"version":{"essentia":"2.1-beta2","essentia_build_sha":"70f2e5ece6736b2c40cc944ad0e695b16b925413","essentia_git_sha":"v2.1_beta2","extractor":"music 1.0"}},"rhythm":{"beats_count":287,"beats_loudness":{"dmean":0.0150259491056,"dmean2":0.0262906383723,"dvar":0.000146803708049,"dvar2":0.000441146432422,"max":0.0869249999523,"mean":0.0328131243587,"median":0.033013228327,"min":1.33262756385e-9,"var":0.000305148074403},"beats_loudness_band_ratio":{"dmean":[0.241415247321,0.238054081798,0.191531151533,0.126390695572,0.063671797514,0.0442342087626],"dmean2":[0.467975825071,0.425665169954,0.331755399704,0.222774043679,0.110063418746,0.0802875682712],"dvar":[0.0426719449461,0.0470556132495,0.0244904290885,0.016697967425,0.00476965913549,0.00971161480993],"dvar2":[0.143768414855,0.15673494339,0.0638995617628,0.0484771393239,0.0133155835792,0.0254552420229],"max":[0.852801561356,0.961113393307,0.854619383812,0.808561205864,0.402314275503,0.768877744675],"mean":[0.181991413236,0.297622740269,0.296274185181,0.156881421804,0.0705393329263,0.0450947843492],"median":[0.0988620147109,0.235829263926,0.265101224184,0.112368181348,0.0499196276069,0.021