{"lowlevel":{"average_loudness":0.684268653393,"barkbands":{"dmean":[0.00219780183397,0.00415918743238,0.0016922034556,0.00122612528503,0.00177092931699,0.00339716393501,0.00156639900524,0.000457771937363,0.000647206092253,0.000527475669514,0.000328689551679,0.000413371657487,0.000360430858564,0.000185826982488,0.000254497485003,0.000201743358048,0.0000899219303392,0.0000613145093666,0.0000490708371217,0.0000315493161906,0.0000185377994057,0.0000150009791469,0.000010294630556,0.00000245948217525,0.00000157858471539,0.00000381036011277,0.0000776523011154],"dmean2":[0.00370827806182,0.00701235933229,0.00287700025365,0.0020617262926,0.00293476413935,0.00538070918992,0.00251167989336,0.00074030662654,0.00102006027009,0.00083702779375,0.000530680059455,0.000678231881466,0.00059382931795,0.000305403431412,0.000417411676608,0.000328085065121,0.000144269142766,0.0000955494397203,0.0000786056189099,0.0000475407323393,0.0000271175831585,0.0000206623844861,0.0000144225241456,0.0000039107280827,0.00000262833896159,0.00000559315139981,0.00012396267266],"dvar":[0.0000295888876281,0.0000673176182318,0.00000543410214959,0.00000425391635872,0.00000745210400055,0.00012110483658,0.0000467222089355,0.00000245146134148,0.00000739645065551,0.00000428559951615,0.00000105023525521,0.00000108314452518,4.0300781734e-7,2.01687825552e-7,2.77534752513e-7,1.26352105667e-7,2.37224639932e-8,2.8910266181e-8,7.4816384199e-9,3.39067240951e-9,1.32254063256e-9,1.103912739e-9,5.94065352466e-10,1.94327436087e-11,7.8961585534e-12,5.11949996285e-11,9.18448428422e-9],"dvar2":[0.0000758184105507,0.000177023801371,0.0000143904644574,0.0000107786836452,0.0000187048935913,0.000292836746667,0.000119318414363,0.00000617583600615,0.0000176579560502,0.0000104212640508,0.00000253288726526,0.00000259132366409,9.81966991276e-7,4.86716658088e-7,7.20791547337e-7,3.20921600405e-7,6.03242185093e-8,7.36176275495e-8,1.80364754243e-8,8.06448063884e-9,2.98355806727e-9,2.19847273719e-9,1.18857779174e-9,4.54675012918e-11,1.96519640838e-11,1.04619236885e-10,2.35073329691e-8],"max":[0.0633967220783,0.101074032485,0.0783370509744,0.055025242269,0.0591905601323,0.277429789305,0.220044463873,0.0446994155645,0.0972288921475,0.0693267509341,0.0349994786084,0.0312642604113,0.0252218339592,0.018477158621,0.0189678240567,0.00869679637253,0.00410581286997,0.0132631529123,0.00277571938932,0.00158206885681,0.00124096707441,0.000722022261471,0.000476613233332,0.0000796197346062,0.0000462915922981,0.000153960514581,0.00226713088341],"mean":[0.00209642550908,0.00434156972915,0.00216516572982,0.0015846262686,0.00279722549021,0.00470870640129,0.00214288057759,0.000621868646704,0.000924111809582,0.000708613835741,0.000460897630546,0.000660542456899,0.000623747589998,0.00032204555464,0.000448010221589,0.000383420556318,0.000177399240783,0.000119809999887,0.000106756284367,0.00007083833043,0.0000385126768379,0.0000266294318862,0.0000167784692167,0.00000304039986077,0.00000161478203609,0.00000602845284448,0.000266908289632],"median":[0.000666317646392,0.0017507201992,0.00113613600843,0.00086958531756,0.00171612587292,0.00140209321398,0.000519904191606,0.000177444337169,0.000175208653673,0.000124381054775,0.000148490405991,0.000327478046529,0.000372091977624,0.00015992524277,0.000187373967492,0.000215673353523,0.0000955076466198,0.0000446885096608,0.0000638099372736,0.0000298008035315,0.0000160399758897,0.00000843515044835,0.00000410788652516,0.0000011005416809,6.15721148733e-7,0.00000241233328779,0.000234804494539],"min":[2.41697835504e-25,2.7403753837e-24,6.48396578956e-25,1.85945534761e-25,4.45271630762e-24,9.60742731302e-24,9.27678967523e-24,6.7173596561e-24,1.45527482073e-23,6.97863985424e-24,1.92378357219e-23,2.36023664522e-23,2.90781860501e-23,2.8844639046e-23,4.72761721481e-23,5.04321237954e-23,5.23262924248e-23,9.74780085126e-23,1.27680785203e-22,1.59522518242e-22,2.50611315092e-22,3.01366272324e-22,3.82688138129e-22,4.960377062e-22,7.22755421593e-22,1.27913303532e-21,1.69517479313e-21],"var":[0.0000247811240115,0.0000598617261858,0.00001076326771,0.00000626774863122,0.0000140598704093,0.000187504774658,0.0000792259015725,0.00000401760098612,0.0000146143320308,0.00000731735326553,0.00000174551905729,0.00000183667975762,8.29464113394e-7,4.38246701151e-7,6.66602943511e-7,2.85555046275e-7,5.55449553019e-8,5.30694705958e-8,2.21274376599e-8,1.24364945009e-8,3.75443720557e-9,2.49912535111e-9,1.1787802956e-9,2.77219601441e-11,8.30752047015e-12,1.0340136386e-10,4.96512662096e-8]},"barkbands_crest":{"dmean":2.84615373611,"dmean2":4.74610280991,"dvar":6.22170829773,"dvar2":16.1834964752,"max":26.1455192566,"mean":9.44027233124,"median":8.49900150299,"min":2.34117412567,"var":15.8056106567},"barkbands_flatness_db":{"dmean":0.029747582972,"dmean2":0.0479445271194,"dvar":0.00073711911682,"dvar2":0.00208613462746,"max":0.504252493382,"mean":0.150979474187,"median":0.138115361333,"min":0.0279892925173,"var":0.0039797318168},"barkbands_kurtosis":{"dmean":6.54004764557,"dmean2":10.9868068695,"dvar":170.359237671,"dvar2":501.500152588,"max":411.398681641,"mean":11.2077579498,"median":5.3913898468,"min":-1.83120858669,"var":450.555480957},"barkbands_skewness":{"dmean":0.729414820671,"dmean2":1.19048011303,"dvar":0.533672869205,"dvar2":1.44335079193,"max":15.1120901108,"mean":2.24427318573,"median":2.05265688896,"min":-2.21605014801,"var":2.19691991806},"barkbands_spread":{"dmean":6.20404911041,"dmean2":9.99580097198,"dvar":35.6134109497,"dvar2":93.6680145264,"max":126.559196472,"mean":21.2089309692,"median":20.2279052734,"min":0.355407834053,"var":165.884475708},"dissonance":{"dmean":0.0202695410699,"dmean2":0.0345809943974,"dvar":0.000475758948596,"dvar2":0.00135154312011,"max":0.500000119209,"mean":0.465515881777,"median":0.474499344826,"min":0.206280738115,"var":0.00091802951647},"dynamic_complexity":3.70355081558,"erbbands":{"dmean":[0.186650261283,0.744700849056,1.88327765465,2.95409369469,6.31595754623,4.93344736099,10.3488044739,33.9456214905,32.101108551,10.4343214035,10.3020524979,13.6526508331,18.7969703674,13.3218383789,11.957192421,17.669883728,17.3003730774,9.08941364288,10.6511974335,13.4152517319,8.74906635284,4.70475912094,3.50015258789,3.02750682831,1.61828112602,1.48835778236,0.958441495895,0.619938135147,0.52641159296,0.451625972986,0.277382910252,0.0900236815214,0.0286473631859,0.0177040584385,0.0112561769783,0.00673722708598,0.00755763519555,0.00631279638037,0.00259541999549,0.00270879454911],"dmean2":[0.316804230213,1.27096903324,3.22191119194,4.88150215149,10.6420707703,8.22490119934,16.9236717224,53.9974822998,51.0889663696,16.4511394501,16.6374759674,21.1556377411,29.5198688507,21.322221756,19.285823822,28.7855453491,28.5126972198,15.0335044861,17.2077960968,21.8375816345,14.1554632187,7.42314004898,5.40890884399,4.78005886078,2.46252036095,2.24152302742,1.4120850563,0.890780985355,0.72920447588,0.628790676594,0.395680695772,0.134439259768,0.0471956916153,0.0294979158789,0.0187013298273,0.0110707525164,0.0110669555143,0.00850311294198,0.00386962876655,0.00420287391171],"dvar":[0.230042561889,1.45768368244,7.38254356384,24.0159473419,97.0905761719,72.6217041016,888.802062988,13665.7695312,17066.7421875,1369.0168457,1160.01721191,3438.15332031,8691.75878906,1788.78845215,871.887573242,2379.54858398,1007.37310791,391.214508057,759.193847656,664.535827637,230.922454834,61.6105155945,117.63444519,29.2946376801,7.92848825455,8.51615524292,3.11031889915,1.76224970818,1.39205610752,1.11051821709,0.455190807581,0.0349077247083,0.00260970648378,0.00100723723881,0.000393788999645,0.000127618244733,0.000217815759243,0.000177151785465,0.0000102959020296,0.0000101172709037],"dvar2":[0.610995292664,3.94282317162,20.238275528,58.225692749,243.703292847,188.790679932,2358.7199707,32814.8632812,43153.5976562,3254.23364258,2990.64599609,7750.32470703,21613.8085938,4357.39990234,2092.82373047,5668.3125,2468.50634766,1033.07177734,1806.6887207,1732.56591797,586.156982422,151.081481934,300.311279297,70.3785476685,18.374546051,20.7154598236,7.19416379929,3.88854122162,2.84081935883,2.20602488518,0.942103087902,0.074090115726,0.00639398256317,0.00250892550685,0.000978950527497,0.000314617849654,0.000444515724666,0.000329053058522,0.0000227829332289,0.000024001350539],"max":[6.11187076569,14.0224647522,92.3462600708,146.110427856,247.298751831,254.362548828,781.136047363,3249.5065918,3863.55786133,1132.22802734,936.276489258,2671.86816406,4209.0234375,1637.203125,1055.2956543,1618.18969727,1401.1315918,866.445007324,984.047973633,570.7421875,403.887756348,175.459396362,888.574707031,224.213653564,69.9192047119,79.8363418579,44.4243927002,57.2885856628,35.2468414307,26.2952480316,14.1322422028,3.69527482986,0.908744812012,0.524706602097,0.325785756111,0.180955737829,0.319381654263,0.285025566816,0.0802586898208,0.0846799015999],"mean":[0.177415728569,0.790487587452,2.37471461296,4.24456596375,8.80027770996,7.58687782288,14.5783023834,46.4093666077,44.4876251221,15.3318805695,14.8086748123,20.4208374023,26.5386695862,19.2307491302,19.4502830505,29.4942111969,30.7110385895,17.8481464386,19.8593845367,25.2516670227,18.019241333,10.1242399216,7.15296459198,6.66181278229,3.91981267929,3.30544376373,2.08618664742,1.24041426182,0.948414802551,0.762454211712,0.441231310368,0.12966106832,0.0311622302979,0.0180890895426,0.0116983661428,0.00756109505892,0.0119663700461,0.0121921235695,0.00865974742919,0.0117903696373],"median":[0.057583142072,0.345626235008,1.23755311966,2.50684332848,4.85079908371,4.59056520462,6.56105184555,12.0951538086,10.6926212311,4.72637557983,4.75453615189,4.26369047165,3.39047384262,4.96960639954,8.8985004425,15.08045578,18.7344760895,10.4856786728,8.50502586365,12.4080963135,10.8291912079,5.63357639313,2.94340324402,3.80527043343,2.05305290222,1.37940323353,0.841084301472,0.525511741638,0.318522751331,0.197266623378,0.106013804674,0.0394795499742,0.0120182381943,0.00680970866233,0.00462990440428,0.00342769781128,0.00470998603851,0.00477632321417,0.00728229247034,0.0108878361061],"min":[7.11176218303e-23,4.0277533881e-22,2.32341463134e-21,1.20931018667e-21,8.84525070077e-21,1.10442263487e-20,3.92819057925e-20,7.80945739955e-20,1.33018177597e-19,1.9599528919e-19,1.84345316217e-19,2.86191774041e-19,2.68952554594e-19,6.24049094047e-19,9.14172302443e-19,1.18157239412e-18,1.55542701172e-18,1.69775625741e-18,2.13347188732e-18,1.98191626908e-18,3.49727330776e-18,3.94802139433e-18,5.33971596542e-18,7.04214341515e-18,7.04258761114e-18,8.13742401758e-18,8.73280959734e-18,9.85155317784e-18,1.07795538722e-17,1.13444404756e-17,1.21087462626e-17,1.084501281e-17,9.64673746791e-18,7.48009419046e-18,5.58665253932e-18,4.26139132477e-18,2.32869726523e-18,9.51717927049e-19,2.25389604622e-19,2.68076796508e-20],"var":[0.178284481168,1.46371555328,13.0303287506,42.4017982483,175.358215332,113.418304443,1290.4564209,21042.9335938,28757.359375,2338.1953125,1934.50476074,7537.86523438,16964.734375,2999.34692383,1567.67016602,3954.17236328,2077.83422852,793.702941895,1784.10095215,1497.65026855,547.89440918,165.727874756,195.445968628,90.8580703735,30.838842392,28.604598999,10.7716608047,4.14173460007,3.1053173542,2.33039164543,0.844509661198,0.0620097592473,0.00303969439119,0.001055776258,0.000418062438257,0.000144722405821,0.000431500287959,0.00043462481699,0.0000550880176888,0.0000754231004976]},"erbbands_crest":{"dmean":2.81552147865,"dmean2":4.65563821793,"dvar":7.95177698135,"dvar2":20.0751953125,"max":31.7630825043,"mean":8.81504535675,"median":7.37575769424,"min":2.50412511826,"var":22.7892436981},"erbbands_flatness_db":{"dmean":0.0242178849876,"dmean2":0.0375084765255,"dvar":0.000478973321151,"dvar2":0.0012282228563,"max":0.393516272306,"mean":0.16031704843,"median":0.156264781952,"min":0.0322068631649,"var":0.00201193685643},"erbbands_kurtosis":{"dmean":1.49480772018,"dmean2":2.49106311798,"dvar":26.0285434723,"dvar2":78.2116012573,"max":192.966293335,"mean":1.07257509232,"median":-0.225368261337,"min":-1.75152790546,"var":39.1937904358},"erbbands_skewness":{"dmean":0.410796046257,"dmean2":0.653718829155,"dvar":0.184856042266,"dvar2":0.478325784206,"max":9.82890033722,"mean":0.255762577057,"median":0.083963342011,"min":-2.83717918396,"var":1.02821218967},"erbbands_spread":{"dmean":6.62593364716,"dmean2":10.4976062775,"dvar":36.5370635986,"dvar2":90.0963439941,"max":125.220565796,"mean":30.4082946777,"median":29.8328781128,"min":0.63472956419,"var":168.997192383},"gfcc":{"cov":[[27114.9179688,1754.48718262,-3198.32324219,-164.211807251,392.562408447,-686.051208496,-15.3849821091,-850.30480957,-34.5952415466,-328.574676514,-131.699127197,22.3514213562,-124.363212585],[1754.48718262,859.629516602,-101.5938797,-257.004974365,184.448074341,-74.5586929321,34.7379379272,-30.4919490814,22.6271591187,-42.2040100098,71.4120407104,-79.3868484497,65.2801895142],[-3198.32324219,-101.5938797,891.358520508,73.2779693604,-166.585983276,228.236465454,-36.5852088928,185.25630188,-6.10732030869,64.1953353882,40.7060585022,10.0894842148,3.92201304436],[-164.211807251,-257.004974365,73.2779693604,379.602783203,28.6035614014,32.5909957886,84.5657730103,-37.1509208679,40.5939369202,9.6923418045,-46.245010376,62.0040855408,-65.6212463379],[392.562408447,184.448074341,-166.585983276,28.6035614014,404.42880249,17.8042964935,39.8814163208,-44.5327415466,-14.1849517822,-36.3946456909,61.3448181152,-48.8901290894,12.1006298065],[-686.051208496,-74.5586929321,228.236465454,32.5909957886,17.8042964935,246.004241943,-4.83611536026,87.1027984619,-13.3274946213,26.6818218231,-1.91222846508,10.7560024261,1.00069606304],[-15.3849821091,34.7379379272,-36.5852088928,84.5657730103,39.8814163208,-4.83611536026,198.899597168,-10.5685882568,56.707950592,-26.9387149811,-26.1037368774,18.1383247375,-17.5060482025],[-850.30480957,-30.4919490814,185.25630188,-37.1509208679,-44.5327415466,87.1027984619,-10.5685882568,214.564590454,13.340959549,48.0451545715,13.0000762939,-29.594619751,40.3676528931],[-34.5952415466,22.6271591187,-6.10732030869,40.5939369202,-14.1849517822,-13.3274946213,56.707950592,13.340959549,113.076347351,26.9769325256,-3.15985155106,23.7788887024,-29.5399360657],[-328.574676514,-42.2040100098,64.1953353882,9.6923418045,-36.3946456909,26.6818218231,-26.9387149811,48.0451545715,26.9769325256,80.5661849976,26.5345668793,7.71287155151,14.5395431519],[-131.699127197,71.4120407104,40.7060585022,-46.245010376,61.3448181152,-1.91222846508,-26.1037368774,13.0000762939,-3.15985155106,26.5345668793,93.9994659424,9.88734817505,19.0326957703],[22.3514213562,-79.3868484497,10.0894842148,62.0040855408,-48.8901290894,10.7560024261,18.1383247375,-29.594619751,23.7788887024,7.71287155151,9.88734817505,84.5419998169,-2.42449378967],[-124.363212585,65.2801895142,3.92201304436,-65.6212463379,12.1006298065,1.00069606304,-17.5060482025,40.3676528931,-29.5399360657,14.5395431519,19.0326957703,-2.42449378967,88.8912124634]],"icov":[[0.000113770467578,-0.000393086986151,0.000545272778254,-0.000380566052627,0.000347783468897,-0.000270884047495,0.000222612376092,-0.000042728970584,0.00021309722797,0.000176793226274,-0.000217300868826,-0.0000558135616302,0.000248701311648],[-0.000393086986151,0.00357682234608,-0.00216138875112,0.00250311126001,-0.0016865443904,0.000962764490396,-0.00127028813586,0.00129962037317,-0.00287107122131,0.000829896132927,-0.000516336644068,0.00222711986862,-0.00277364975773],[0.000545272778254,-0.00216138875112,0.00501948036253,-0.00347494031303,0.00386664574035,-0.00363060808741,0.0013209459139,-0.000872637960128,0.000635881733615,0.00241598510183,-0.00458083581179,0.00203815917484,0.000586900510825],[-0.000380566052627,0.00250311126001,-0.00347494031303,0.00806954596192,-0.0050716153346,0.0031457003206,-0.00265559391119,-0.0000376398165827,0.00109175918624,-0.00538882985711,0.00722060631961,-0.00639106146991,0.00341272959486],[0.000347783468897,-0.0016865443904,0.00386664574035,-0.0050716153346,0.00844986829907,-0.00497202156112,0.00048378208885,0.00186389428563,-0.00203616870567,0.00640246458352,-0.0102626672015,0.00874377973378,-0.0033229184337],[-0.000270884047495,0.000962764490396,-0.00363060808741,0.0031457003206,-0.00497202156112,0.00914533250034,-0.000991811859421,-0.00316064292565,0.00363109959289,-0.00537744630128,0.00727135827765,-0.00711000384763,0.00354569219053],[0.000222612376092,-0.00127028813586,0.0013209459139,-0.00265559391119,0.00048378208885,-0.000991811859421,0.00826736539602,-0.000656888412777,-0.00410978402942,0.0047483346425,0.000236391468206,-0.000396054878365,-0.00110642123036],[-0.000042728970584,0.00129962037317,-0.000872637960128,-0.0000376398165827,0.00186389428563,-0.00316064292565,-0.000656888412777,0.00986102223396,-0.00475907465443,0.0000595087840338,-0.00320915179327,0.00795786827803,-0.00651620700955],[0.00021309722797,-0.00287107122131,0.000635881733615,0.00109175918624,-0.00203616870567,0.00363109959289,-0.00410978402942,-0.00475907465443,0.0203779451549,-0.0119626605883,0.00650160666555,-0.0111147016287,0.0118060065433],[0.000176793226274,0.000829896132927,0.00241598510183,-0.00538882985711,0.00640246458352,-0.00537744630128,0.0047483346425,0.0000595087840338,-0.0119626605883,0.0280611719936,-0.0145030487329,0.0100125139579,-0.00953662581742],[-0.000217300868826,-0.000516336644068,-0.00458083581179,0.00722060631961,-0.0102626672015,0.00727135827765,0.000236391468206,-0.00320915179327,0.00650160666555,-0.0145030487329,0.0284028034657,-0.0168536957353,0.00641848891973],[-0.0000558135616302,0.00222711986862,0.00203815917484,-0.00639106146991,0.00874377973378,-0.00711000384763,-0.000396054878365,0.00795786827803,-0.0111147016287,0.0100125139579,-0.0168536957353,0.0310442559421,-0.0121996561065],[0.000248701311648,-0.00277364975773,0.000586900510825,0.00341272959486,-0.0033229184337,0.00354569219053,-0.00110642123036,-0.00651620700955,0.0118060065433,-0.00953662581742,0.00641848891973,-0.0121996561065,0.023057885468]],"mean":[-52.1430168152,110.482803345,-91.2884063721,-2.85057806969,-10.9001550674,-20.6051464081,-9.91858768463,-24.8340301514,-2.58063316345,-8.53396701813,-0.0752306729555,-1.61688220501,-6.62545156479]},"hfc":{"dmean":25.8605594635,"dmean2":40.9428634644,"dvar":964.8125,"dvar2":2410.53710938,"max":867.731750488,"mean":104.285873413,"median":97.6567687988,"min":1.05622215961e-16,"var":4356.00195312},"melbands":{"dmean":[0.00145271641668,0.000958679651376,0.000572337419726,0.000408667168813,0.000323709246004,0.000742483360227,0.000447423808509,0.000102490259451,0.0000838538690004,0.0000932007387746,0.0000942320475588,0.0000550298682356,0.0000435234505858,0.0000445060140919,0.0000448384598712,0.0000326320005115,0.0000177478341357,0.0000174481738213,0.0000196255077753,0.0000173699008883,0.00000982294841378,0.00000558544752494,0.0000040774784793,0.00000285685382551,0.00000273103933068,0.00000159256956067,0.00000118161085538,0.00000104689638647,7.12378778189e-7,4.87441980113e-7,3.4739110788e-7,3.0013899277e-7,3.27974646552e-7,2.36101868722e-7,1.78895334102e-7,1.06099967923e-7,3.74539830261e-8,2.03917611685e-8,1.63301159262e-8,1.44278322622e-8],"dmean2":[0.00243591889739,0.00163532374427,0.000954115763307,0.000680496392306,0.000527810712811,0.00117602932733,0.000711783592124,0.000163301636348,0.000136253904202,0.000145244266605,0.000147916813148,0.0000884799374035,0.0000702642355463,0.0000730539541109,0.000073729432188,0.0000536519364687,0.0000295858681056,0.0000281383217953,0.000032105606806,0.0000284278485196,0.0000160993731697,0.00000894879212865,0.00000647426395517,0.00000443945373263,0.00000438623646914,0.00000254789119936,0.00000183446798019,0.0000016048429643,0.00000107972880414,7.34159414151e-7,5.08635650931e-7,4.26963424616e-7,4.70717111511e-7,3.36595093131e-7,2.59890299503e-7,1.56559309517e-7,5.88847299809e-8,3.3928497345e-8,2.72653934985e-8,2.40561863762e-8],"dvar":[0.0000111219287646,0.0000018130715489,7.19848344488e-7,3.93705562374e-7,7.46661271478e-7,0.00000614227019469,0.00000324485631609,1.29139920091e-7,7.10549770133e-8,1.66272755564e-7,2.1144650475e-7,3.23429034665e-8,1.65140061625e-8,1.28118848863e-8,7.06915459503e-9,3.65427266225e-9,1.87078286196e-9,2.29824848041e-9,1.45704626142e-9,1.03825292808e-9,2.89710255785e-10,8.85659462435e-11,9.26670268298e-11,6.2913819987e-11,2.35914239533e-11,8.09904227017e-12,4.96711829653e-12,4.75071587971e-12,1.74848297733e-12,1.07565887621e-12,5.66908553521e-13,4.54051184672e-13,5.82381799036e-13,3.13447347505e-13,1.95618505118e-13,6.35705951855e-14,5.6120184861e-15,1.45081105519e-15,8.70980739195e-16,6.69692200187e-16],"dvar2":[0.0000291469859803,0.00000500567148265,0.00000179636958819,9.89583327282e-7,0.00000196358018911,0.000014711786207,0.0000081980278992,3.0710162946e-7,1.82820102168e-7,3.78279878532e-7,5.24251220213e-7,7.90556171637e-8,3.99594810574e-8,3.06329539512e-8,1.74185075252e-8,8.88593998383e-9,4.87583529107e-9,5.19234477636e-9,3.7028315969e-9,2.65807531541e-9,7.51669337884e-10,2.25985258284e-10,2.33949998263e-10,1.57655014044e-10,5.849964263e-11,2.00661882943e-11,1.21397900413e-11,1.17279762291e-11,4.19923037315e-12,2.52441253665e-12,1.24792613309e-12,9.61180245639e-13,1.22770012472e-12,6.3919708285e-13,4.17579490951e-13,1.35659929471e-13,1.29558161617e-14,3.57295353108e-15,2.16824531454e-15,1.66821497835e-15],"max":[0.0414374768734,0.0380372405052,0.021589724347,0.0145501391962,0.0209634527564,0.0636662021279,0.0522029735148,0.0107925962657,0.00630879262462,0.01837993972,0.0203406177461,0.00622603995726,0.00380013603717,0.00333917094395,0.00218859408051,0.00206186249852,0.00195773970336,0.00197481620125,0.00171241839416,0.000803503557108,0.000512481143232,0.000227695942158,0.000606427318417,0.000618548714556,0.00015027882182,0.000079100849689,0.0000585332927585,0.0000640894504613,0.0000355960874003,0.0000333725511155,0.0000331085466314,0.0000200491831492,0.0000154862063937,0.000014563048353,0.0000100053666756,0.00000504288209413,0.00000147812454543,7.53726283165e-7,4.85594625843e-7,4.27444177831e-7],"mean":[0.00148780504242,0.00118970614858,0.000877264828887,0.000615926692262,0.000468683836516,0.00103045336436,0.000623995787464,0.000145081343362,0.000118197443953,0.00013564938854,0.000130326487124,0.0000758899113862,0.0000644411411486,0.0000707064755261,0.0000775127264205,0.0000555492551939,0.0000304052045976,0.0000298923514492,0.000034722565033,0.0000312882111757,0.0000186675515579,0.0000107607520476,0.00000757279394747,0.00000540447308595,0.00000556305440114,0.00000337623646374,0.00000245958017331,0.00000211655606108,0.00000141482564686,9.35669049795e-7,6.30939041457e-7,5.17582520843e-7,5.30209433691e-7,3.8047386397e-7,2.75600285704e-7,1.57608738505e-7,4.64309479753e-8,2.06808206116e-8,1.63836713085e-8,1.46129179868e-8],"median":[0.000594849814661,0.00064324401319,0.000570612959564,0.00036139995791,0.000222671675147,0.000280455162283,0.000152568405611,0.0000434807625425,0.0000392737019865,0.0000239647561102,0.0000158208404173,0.0000186514535017,0.0000240690751525,0.0000335515214829,0.0000459195434814,0.0000326319968735,0.0000164820448845,0.0000115942966659,0.000015441013602,0.0000162870401255,0.0000109542243081,0.00000583115388508,0.00000333144521392,0.00000184404768788,0.00000324048392031,0.00000190361970454,0.00000102881676867,8.0863196672e-7,5.36499101145e-7,3.57831908104e-7,2.59023067883e-7,1.70728512217e-7,1.38379292025e-7,9.30482926265e-8,6.35641796976e-8,3.87868972496e-8,1.52632413375e-8,6.7771104284e-9,5.81481618411e-9,5.4321440679e-9],"min":[1.47132853459e-24,1.28026445119e-24,3.29539937838e-25,6.00907349677e-25,1.49880741953e-24,1.67327317923e-24,2.11902869727e-24,2.4827002799e-24,1.04530568183e-24,2.01952592421e-24,1.20695195878e-24,2.31444788451e-24,2.82255378521e-24,1.5572812411e-24,3.20737196769e-24,3.89595011363e-24,2.71207657645e-24,2.96324791652e-24,3.36549282526e-24,2.8354281924e-24,3.41470078523e-24,3.48320270523e-24,4.31336205656e-24,4.39108891598e-24,5.10941066792e-24,4.30353521626e-24,5.39877391985e-24,3.87407894503e-24,3.93695628677e-24,5.39456219148e-24,5.0974594252e-24,5.21944335356e-24,5.29426799371e-24,4.12849329228e-24,5.81971128217e-24,4.96735299054e-24,5.67638945519e-24,5.45975168454e-24,6.18308664753e-24,5.93979957777e-24],"var":[0.00000923689913179,0.00000274311423709,0.00000128149213197,7.2138681162e-7,0.00000113821226932,0.0000096590965768,0.00000551118318981,2.14790503605e-7,1.12965153676e-7,3.65011885606e-7,4.0894761355e-7,5.21307264023e-8,2.80437575384e-8,2.19537685808e-8,1.39008093925e-8,7.3951595958e-9,3.21292392691e-9,5.29488408674e-9,3.84579479373e-9,2.19656959288e-9,6.01604932537e-10,2.00944191842e-10,1.66792746281e-10,1.20606039045e-10,6.33833194263e-11,2.33390997501e-11,1.50521956011e-11,1.38286422244e-11,5.33085815074e-12,2.68121592636e-12,1.16757265748e-12,9.56697069655e-13,1.14961382428e-12,6.15827701334e-13,3.42470003094e-13,1.10352401045e-13,7.98092145892e-15,1.63053175308e-15,9.14842063968e-16,7.00298200488e-16]},"melbands_crest":{"dmean":4.47625780106,"dmean2":7.50273132324,"dvar":16.4927406311,"dvar2":43.9988555908,"max":39.0394172668,"mean":14.9721136093,"median":13.2067947388,"min":1.51868748665,"var":48.866355896},"melbands_flatness_db":{"dmean":0.0376813933253,"dmean2":0.0610089600086,"dvar":0.0010393949924,"dvar2":0.00291415676475,"max":0.638888657093,"mean":0.261472254992,"median":0.251257836819,"min":0.000516455445904,"var":0.00609637517482},"melbands_kurtosis":{"dmean":9.08072376251,"dmean2":15.1885547638,"dvar":702.027526855,"dvar2":2103.85375977,"max":1578.94995117,"mean":14.9674425125,"median":7.50723171234,"min":-1.78974711895,"var":1355.17480469},"melbands_skewness":{"dmean":0.86566311121,"dmean2":1.40883421898,"dvar":0.739725112915,"dvar2":2.01386237144,"max":26.779718399,"mean":2.62841510773,"median":2.35724043846,"min":-1.87115907669,"var":2.97791981697},"melbands_spread":{"dmean":5.58064222336,"dmean2":9.10245323181,"dvar":34.1935081482,"dvar2":91.9041213989,"max":183.962341309,"mean":17.4674339294,"median":13.706612587,"min":0.11806961149,"var":293.412841797},"mfcc":{"cov":[[12310.3134766,1626.11328125,-2213.02832031,646.481079102,-301.017608643,469.65524292,-402.500610352,42.120929718,-270.762176514,-53.1421394348,-262.806335449,-86.360244751,23.678735733],[1626.11328125,1461.72961426,-306.083648682,-90.1507492065,137.908203125,-19.4094543457,66.8370819092,-59.8597564697,-36.6874465942,-17.8419837952,7.02087116241,-34.1525840759,48.0906448364],[-2213.02832031,-306.083648682,1028.60083008,-133.200469971,9.07022476196,-64.7330322266,45.7115020752,49.9551620483,66.1625823975,33.1489143372,63.8185653687,54.7554244995,-6.78029251099],[646.481079102,-90.1507492065,-133.200469971,371.123474121,-48.5302581787,122.462799072,-42.3665847778,57.4268493652,-17.6889705658,9.33898258209,-8.87884712219,9.48197364807,0.719061970711],[-301.017608643,137.908203125,9.07022476196,-48.5302581787,300.011169434,5.81721830368,110.023422241,-31.0732650757,-9.03392314911,-11.2821655273,53.8085670471,-2.64865016937,22.3037834167],[469.65524292,-19.4094543457,-64.7330322266,122.462799072,5.81721830368,244.596343994,-8.4458026886,70.905090332,-31.3311424255,2.74833846092,-19.2675876617,6.58954668045,15.2794208527],[-402.500610352,66.8370819092,45.7115020752,-42.3665847778,110.023422241,-8.4458026886,167.647659302,9.46361637115,38.4081954956,-7.01987123489,18.0354118347,-0.334009557962,10.4370880127],[42.120929718,-59.8597564697,49.9551620483,57.4268493652,-31.0732650757,70.905090332,9.46361637115,137.470199585,23.6386928558,38.5169487,9.66213130951,3.92753982544,-2.07830691338],[-270.762176514,-36.6874465942,66.1625823975,-17.6889705658,-9.03392314911,-31.3311424255,38.4081954956,23.6386928558,115.198738098,39.7460174561,13.4921989441,8.8030090332,-13.0968647003],[-53.1421394348,-17.8419837952,33.1489143372,9.33898258209,-11.2821655273,2.74833846092,-7.01987123489,38.5169487,39.7460174561,78.0475387573,37.5569419861,12.0375432968,-3.45978617668],[-262.806335449,7.02087116241,63.8185653687,-8.87884712219,53.8085670471,-19.2675876617,18.0354118347,9.66213130951,13.4921989441,37.5569419861,88.0569763184,22.6856498718,1.30228149891],[-86.360244751,-34.1525840759,54.7554244995,9.48197364807,-2.64865016937,6.58954668045,-0.334009557962,3.92753982544,8.8030090332,12.0375432968,22.6856498718,53.3451690674,17.0868453979],[23.678735733,48.0906448364,-6.78029251099,0.719061970711,22.3037834167,15.2794208527,10.4370880127,-2.07830691338,-13.0968647003,-3.45978617668,1.30228149891,17.0868453979,55.3837242126]],"icov":[[0.000198075184016,-0.000201826391276,0.000321879371768,-0.000139954907354,0.0000532698577445,-0.000150672756718,0.000321395404171,-0.000148471881403,0.000113501642772,-0.0000820258501335,0.000332024152158,-0.000280970911263,0.000186357574421],[-0.000201826391276,0.00102495413739,-0.0000785649826867,0.000349921872839,-0.000226838572416,0.000168631871929,-0.000540108012501,0.000308222603053,0.0000199552705453,-0.0000841436994961,-0.000501042639371,0.000805835588835,-0.000897050194908],[0.000321879371768,-0.0000785649826867,0.00178681395482,0.000291979376925,0.0000814381928649,-0.0000372324357159,0.000388883228879,-0.000882650201675,-0.000102900296042,0.000212607774301,-0.0000329681643052,-0.00150703196414,0.000471298379125],[-0.000139954907354,0.000349921872839,0.000291979376925,0.00373846315779,0.000258494052105,-0.00133598328102,0.000304869405227,-0.000771107326727,-0.0000949797758949,0.000389029155485,-0.000725579971913,-0.000526637362782,0.000102667603642],[0.0000532698577445,-0.000226838572416,0.0000814381928649,0.000258494052105,0.00592417968437,-0.00120248203166,-0.00338655058295,0.00176831975114,0.000820498564281,0.000887966831215,-0.00424725934863,0.00203688908368,-0.00144769158214],[-0.000150672756718,0.000168631871929,-0.0000372324357159,-0.00133598328102,-0.00120248203166,0.00651572365314,-0.00011221767636,-0.00322279892862,0.00184980966151,-0.000573636090849,0.00230377423577,-0.00142066308763,-0.000696602684911],[0.000321395404171,-0.000540108012501,0.000388883228879,0.000304869405227,-0.00338655058295,-0.00011221767636,0.0104651404545,-0.00232494622469,-0.00427451310679,0.00360480649397,0.0000338645768352,0.0000285356709355,-0.00108463526703],[-0.000148471881403,0.000308222603053,-0.000882650201675,-0.000771107326727,0.00176831975114,-0.00322279892862,-0.00232494622469,0.0117712421343,-0.000707746658009,-0.004768547602,-0.000960690842476,0.00233710301109,-0.000409055093769],[0.000113501642772,0.0000199552705453,-0.000102900296042,-0.0000949797758949,0.000820498564281,0.00184980966151,-0.00427451310679,-0.000707746658009,0.01413263008,-0.00797561742365,0.00317757949233,-0.00285132718273,0.00350974895991],[-0.0000820258501335,-0.0000841436994961,0.000212607774301,0.000389029155485,0.000887966831215,-0.000573636090849,0.00360480649397,-0.004768547602,-0.00797561742365,0.0244198217988,-0.0105995805934,0.00073339859955,-0.00126607296988],[0.000332024152158,-0.000501042639371,-0.0000329681643052,-0.000725579971913,-0.00424725934863,0.00230377423577,0.0000338645768352,-0.000960690842476,0.00317757949233,-0.0105995805934,0.0217200852931,-0.00855048652738,0.00354744191281],[-0.000280970911263,0.000805835588835,-0.00150703196414,-0.000526637362782,0.00203688908368,-0.00142066308763,0.0000285356709355,0.00233710301109,-0.00285132718273,0.00073339859955,-0.00855048652738,0.0277232341468,-0.0100837768987],[0.000186357574421,-0.000897050194908,0.000471298379125,0.000102667603642,-0.00144769158214,-0.000696602684911,-0.00108463526703,-0.000409055093769,0.00350974895991,-0.00126607296988,0.00354744191281,-0.0100837768987,0.0235541798174]],"mean":[-706.26373291,170.781158447,-18.8760051727,30.5834064484,5.56440353394,16.9323921204,-4.6676068306,1.32185566425,-8.22413063049,-0.870571672916,-2.20906066895,1.22256839275,7.28746652603]},"pitch_salience":{"dmean":0.0818057358265,"dmean2":0.134566858411,"dvar":0.00542249390855,"dvar2":0.0141865052283,"max":0.979956567287,"mean":0.582339823246,"median":0.61255300045,"min":0.0832148492336,"var":0.0177251789719},"silence_rate_20dB":{"dmean":0,"dmean2":0,"dvar":0,"dvar2":0,"max":1,"mean":1,"median":1,"min":1,"var":0},"silence_rate_30dB":{"dmean":0.0158241763711,"dmean2":0.0316506698728,"dvar":0.0155706275254,"dvar2":0.0390041284263,"max":1,"mean":0.983664214611,"median":1,"min":0,"var":0.0160649009049},"silence_rate_60dB":{"dmean":0.0036630036775,"dmean2":0.00732654426247,"dvar":0.00365133862942,"dvar2":0.0106466850266,"max":1,"mean":0.0706907883286,"median":0,"min":0,"var":0.0656999573112},"spectral_centroid":{"dmean":189.421554565,"dmean2":298.771881104,"dvar":39212.4101562,"dvar2":91370.3828125,"max":11720.4990234,"mean":1017.57629395,"median":832.247558594,"min":165.383636475,"var":1309228.75},"spectral_complexity":{"dmean":2.94783878326,"dmean2":4.56282520294,"dvar":7.71825456619,"dvar2":15.8917655945,"max":45,"mean":17.0805072784,"median":17,"min":0,"var":76.4157180786},"spectral_contrast_coeffs":{"dmean":[0.0567185804248,0.0561129376292,0.0379704758525,0.0279954373837,0.0236530024558,0.0426467657089],"dmean2":[0.0938861444592,0.092933177948,0.0631190612912,0.0469516180456,0.0383644588292,0.0657149851322],"dvar":[0.00205110060051,0.00199154787697,0.00100076233502,0.000498674053233,0.000405784870964,0.00167789054103],"dvar2":[0.00560405571014,0.00541324913502,0.00263119768351,0.00137053243816,0.00102303433232,0.00387480598874],"max":[-0.345124125481,-0.326037883759,-0.488806307316,-0.565344452858,-0.64680826664,-0.467967152596],"mean":[-0.67032456398,-0.739235639572,-0.81003767252,-0.816175878048,-0.811511874199,-0.761016607285],"median":[-0.670027017593,-0.748101174831,-0.820079505444,-0.81552362442,-0.803959727287,-0.767915666103],"min":[-0.982499480247,-0.980639994144,-0.982441723347,-0.990565598011,-0.976129949093,-0.965695917606],"var":[0.00752567593008,0.00712781399488,0.00414808699861,0.00275260489434,0.0027994136326,0.00751614524052]},"spectral_contrast_valleys":{"dmean":[0.460707604885,0.361519783735,0.321938455105,0.291532516479,0.317337751389,0.647208273411],"dmean2":[0.750369906425,0.600093781948,0.525289416313,0.472472608089,0.471290796995,1.04281973839],"dvar":[0.141401037574,0.089363053441,0.0832000747323,0.102858670056,0.134406045079,0.315251141787],"dvar2":[0.358069300652,0.232037886977,0.214312598109,0.270511299372,0.329197019339,0.817837119102],"max":[-5.08453416824,-4.2060585022,-5.21243429184,-5.47384119034,-6.08294391632,-9.11570262909],"mean":[-7.3692073822,-6.92160797119,-7.55908060074,-7.70826768875,-8.33370304108,-11.6664037704],"median":[-6.95821142197,-6.53237628937,-7.12811946869,-7.15301704407,-7.82624673843,-11.3886346817],"min":[-28.3621406555,-28.3210163116,-27.861656189,-27.7060813904,-27.5719776154,-27.4299373627],"var":[5.67794942856,5.85800457001,5.74445772171,6.01293611526,5.51766300201,3.75627017021]},"spectral_decrease":{"dmean":3.10246517365e-9,"dmean2":4.92233898086e-9,"dvar":2.12344840217e-17,"dvar2":5.26399444594e-17,"max":4.18880530262e-9,"mean":-5.40499600632e-9,"median":-3.57921292604e-9,"min":-8.20777614763e-8,"var":4.16110460905e-17},"spectral_energy":{"dmean":0.0121545149013,"dmean2":0.0192089062184,"dvar":0.00032044397085,"dvar2":0.000791269296315,"max":0.327028244734,"mean":0.029858732596,"median":0.0234444066882,"min":1.00225896298e-20,"var":0.000684720464051},"spectral_energyband_high":{"dmean":0.000093264359748,"dmean2":0.000135861191666,"dvar":1.47691130437e-8,"dvar2":3.09037098134e-8,"max":0.00279342499562,"mean":0.000285512011033,"median":0.000236329869949,"min":7.01778577662e-21,"var":6.4182174242e-8},"spectral_energyband_low":{"dmean":0.00691323773935,"dmean2":0.0114195477217,"dvar":0.000140724965604,"dvar2":0.00036555173574,"max":0.146575316787,"mean":0.00872428156435,"median":0.0047931461595,"min":1.64414800074e-23,"var":0.000151414104039},"spectral_energyband_middle_high":{"dmean":0.00134126562625,"dmean2":0.00205768784508,"dvar":0.00000527411248186,"dvar2":0.0000123406989587,"max":0.0582243800163,"mean":0.00385203189217,"median":0.00238766125403,"min":1.10094579038e-21,"var":0.0000193075993593},"spectral_energyband_middle_low":{"dmean":0.00649421708658,"dmean2":0.0102713089436,"dvar":0.000195078144316,"dvar2":0.000478297763038,"max":0.318395704031,"mean":0.0130991404876,"median":0.00716799404472,"min":1.38346752621e-22,"var":0.000415305868955},"spectral_entropy":{"dmean":0.209999933839,"dmean2":0.328351259232,"dvar":0.0505777224898,"dvar2":0.135065674782,"max":9.824883461,"mean":7.34533834457,"median":7.38479757309,"min":4.86205863953,"var":0.241431280971},"spectral_flux":{"dmean":0.0244052298367,"dmean2":0.0397684164345,"dvar":0.000859053106979,"dvar2":0.00207024835981,"max":0.408240824938,"mean":0.0967636182904,"median":0.0918643847108,"min":6.30083624165e-11,"var":0.00244402443059},"spectral_kurtosis":{"dmean":5.77039766312,"dmean2":8.83033657074,"dvar":66.0432357788,"dvar2":173.293060303,"max":194.851272583,"mean":20.8743515015,"median":18.4038734436,"min":-1.26886940002,"var":154.456665039},"spectral_rms":{"dmean":0.000971313216724,"dmean2":0.00150822242722,"dvar":0.00000114216857128,"dvar2":0.00000271472322311,"max":0.0178620256484,"mean":0.00493665970862,"median":0.00478253001347,"min":3.12700104525e-12,"var":0.00000475984916193},"spectral_rolloff":{"dmean":4302.97070312,"dmean2":8282.47460938,"dvar":58112820,"dvar2":135622400,"max":22028.4667969,"mean":12581.1132812,"median":20628.8085938,"min":43.06640625,"var":97893104},"spectral_skewness":{"dmean":0.432278960943,"dmean2":0.637823820114,"dvar":0.286874949932,"dvar2":0.723356485367,"max":11.4463386536,"mean":3.02440547943,"median":2.86686182022,"min":-0.0936014428735,"var":1.12526917458},"spectral_spread":{"dmean":490018.3125,"dmean2":770367.6875,"dvar":349991337984,"dvar2":806894108672,"max":43049252,"mean":4007473.25,"median":3458775,"min":941259.875,"var":15879918059500},"spectral_strongpeak":{"dmean":4.31635808945,"dmean2":7.91032505035,"dvar":156.885513306,"dvar2":402.056976318,"max":162.343338013,"mean":3.87539577484,"median":0.323045998812,"min":0,"var":162.071929932},"zerocrossingrate":{"dmean":0.04304215312,"dmean2":0.0550634153187,"dvar":0.00140373397153,"dvar2":0.00218408950604,"max":0.7724609375,"mean":0.280798465014,"median":0.2724609375,"min":0.005859375,"var":0.0126602100208}},"metadata":{"audio_properties":{"analysis_sample_rate":44100,"bit_rate":128000,"codec":"mp3","downmix":"mix","equal_loudness":0,"length":316.943664551,"lossless":false,"md5_encoded":"c9696d07d4bd6dc8115354cf04fa79ef","replay_gain":-9.92016410828,"sample_rate":44100},"tags":{"album":["Blizzard of Ozz"],"albumartist":["Ozzy Osbourne"],"albumartistsort":["Osbourne, Ozzy"],"artist":["Ozzy Osbourne"],"artistsort":["Osbourne, Ozzy"],"asin":["B000063DFT"],"catalognumber":["JET LP 234"],"date":["1980-09-18"],"file_name":"01 - Ozzy Osbourne - I Don't Know.mp3","genre":["Metal","Heavy Metal","Ozzy Osbourne","Rock","80S","Hard Rock","Classic Rock"],"label":["Jet Records"],"musicbrainz album release country":["GB"],"musicbrainz album status":["official"],"musicbrainz album type":["album"],"musicbrainz_albumartistid":["8aa5b65a-5b3c-4029-92bf-47a544356934"],"musicbrainz_albumid":["31a0ddc4-c80e-4c75-be7b-2738cce1e154"],"musicbrainz_artistid":["8aa5b65a-5b3c-4029-92bf-47a544356934"],"musicbrainz_recordingid":["1a0651e3-f96a-4992-94d5-cbcd9bbac284"],"title":["I Don't Know"],"tracknumber":["1/9"]},"version":{"essentia":"2.1-beta1","essentia_build_sha":"81dca3489dfd3c4275b86ac4d56d870715677d3f","essentia_git_sha":"v2.1_beta1-28-g21ef5f4","extractor":"music 1.0"}},"rhythm":{"beats_count":716,"beats_loudness":{"dmean":0.0211119223386,"dmean2":0.0375338569283,"dvar":0.000610680377577,"dvar2":0.00170771742705,"max":0.286352604628,"mean":0.037446539849,"median":0.032016325742,"min":0,"var":0.000791968021076},"beats_loudness_band_ratio":{"dmean":[0.2076151371,0.136271700263,0.101570747793,0.0550239495933,0.0404445827007,0.0909746214747],"dmean2":[0.363369047642,0.231413662434,0.182642966509,0.0958400517702,0.0719152316451,0.160399079323],"dvar":[0.0263770334423,0.0210311599076,0.0206520147622,0.00463629700243,0.0019904570654,0.00726579502225],"dvar2":[0.07240603