{"lowlevel":{"average_loudness":0.830775678158,"barkbands":{"dmean":[0.0000301853633573,0.00205200142227,0.00100391311571,0.0016845598584,0.000912597577553,0.000514308863785,0.000491936807521,0.000539989152458,0.00100505910814,0.000450413994258,0.000746818433981,0.000609752140008,0.000349055335391,0.000394457776565,0.00053068815032,0.000330117589328,0.000207437289646,0.00018213732983,0.000183250216651,0.000186931283679,0.000189106824109,0.0000907071516849,0.0000459925977339,0.0000385343664675,0.0000161006246344,0.00000503001410834,0.0000011055193454],"dmean2":[0.0000485823438794,0.00342690222897,0.00171880901325,0.00296808569692,0.00151822599582,0.00083333440125,0.000773767766077,0.000828871445265,0.00153900287114,0.000681721721776,0.00116830179468,0.000943267252296,0.000546277267858,0.000618804595433,0.000811525853351,0.000520726433024,0.000324106193148,0.000293516728561,0.000292480661301,0.00029446723056,0.000298568804283,0.000145873520523,0.0000706723149051,0.0000573023899051,0.0000228311710089,0.00000708790321369,0.00000163922538832],"dvar":[5.36889421809e-9,0.0000241669367824,0.00000401771922043,0.0000250301654887,0.0000028893198305,0.00000110189819225,0.00000146259549183,0.00000226950146498,0.00000559347427043,0.00000179962000857,0.0000063042803049,0.00000401505258196,0.00000150940979893,0.00000179539506462,0.00000318790398524,9.91031129161e-7,2.98385259612e-7,1.59950531042e-7,1.41040828794e-7,1.15020952762e-7,1.23435924593e-7,2.36900934425e-8,6.37828811989e-9,7.27510274245e-9,1.05192998756e-9,1.37782535381e-10,1.04046962018e-11],"dvar2":[1.29048780551e-8,0.0000618479170953,0.0000111389763333,0.0000682557438267,0.00000767045185057,0.00000284325142275,0.00000344780619344,0.00000499090356243,0.0000127526245706,0.00000390674176742,0.0000149773077283,0.00000905809520191,0.00000333080402015,0.0000039578740143,0.00000769180951465,0.00000243562612923,6.89962917022e-7,3.85665430258e-7,3.26624558511e-7,2.61357286035e-7,3.05360742914e-7,6.04312475616e-8,1.47493999236e-8,1.54644244077e-8,2.08251860201e-9,3.03615826924e-10,2.42871521505e-11],"max":[0.000993800465949,0.0493082329631,0.0339025035501,0.0728053227067,0.0263692233711,0.0264648981392,0.0352499224246,0.059135645628,0.0594727918506,0.061116207391,0.0640164762735,0.0453119203448,0.0521441698074,0.0549137070775,0.0594961643219,0.0382015556097,0.0195525605232,0.0160947628319,0.0110339894891,0.013693716377,0.00680059473962,0.00316139031202,0.00172613514587,0.00417022407055,0.00111966347322,0.000306587025989,0.000112260546302],"mean":[0.0000453490902146,0.00293099344708,0.0018837765092,0.00184295116924,0.00173566653393,0.000954587070737,0.000968024251051,0.00131855369546,0.00212098308839,0.000787074619438,0.00135273323394,0.00121060851961,0.000635745062027,0.000668529421091,0.000913856434636,0.000604256638326,0.000388410204323,0.000342629675288,0.000398065458285,0.000430305546615,0.000498292385601,0.000227211494348,0.000120397831779,0.0000972065827227,0.0000414178030042,0.0000112332700155,0.00000189478964785],"median":[0.0000152513903231,0.00154721480794,0.00119580666069,0.00073696335312,0.00115175673272,0.000498274632264,0.000414605485275,0.000349704700056,0.000724949350115,0.000215561551158,0.000151770276716,0.000180673028808,0.0000948588276515,0.000139450727147,0.000169342107256,0.000156844762387,0.000157329282956,0.000127303850604,0.000159309100127,0.000174934000825,0.000193460116861,0.000117092647997,0.0000558884530619,0.0000353395480488,0.0000163642234838,0.00000368343739865,4.77432877233e-7],"min":[9.35183874631e-24,3.69295490347e-24,5.13273334058e-24,1.12176083831e-23,3.58250262271e-23,2.4671754184e-23,6.51595952269e-23,5.3794331015e-23,4.13576232998e-23,4.28292590957e-23,3.82279060108e-23,6.42692741875e-23,9.57719169447e-23,1.34259784178e-22,6.00989136804e-23,1.34733189074e-22,1.46640836179e-22,1.99227440081e-22,1.48302265598e-22,2.71077699122e-22,3.3370396537e-22,4.11611313012e-22,5.28677413066e-22,7.7821903277e-22,1.10032681856e-21,1.67751551699e-21,2.34548112821e-21],"var":[6.43674180623e-9,0.0000218942186621,0.00000528748250872,0.0000193283194676,0.00000401969691666,0.00000241041766458,0.00000383702035833,0.0000140615247801,0.0000172880409082,0.00000420029209636,0.0000167795151356,0.0000126072727653,0.00000510474046678,0.00000451941423307,0.00000666504274704,0.00000207431094168,6.07259153185e-7,4.59130944819e-7,4.4177880909e-7,4.14615158206e-7,5.24253721323e-7,9.10195936399e-8,2.91704189692e-8,2.66424127204e-8,4.50980186528e-9,3.73418490573e-10,1.96421923865e-11]},"barkbands_crest":{"dmean":2.4167945385,"dmean2":3.9710893631,"dvar":6.29790830612,"dvar2":16.752614975,"max":25.1729545593,"mean":9.06500434875,"median":8.27746391296,"min":2.51182746887,"var":14.7355546951},"barkbands_flatness_db":{"dmean":0.0171645972878,"dmean2":0.0263878349215,"dvar":0.000331318035023,"dvar2":0.000794568331912,"max":0.433495402336,"mean":0.125548839569,"median":0.115069672465,"min":0.0322196744382,"var":0.00290701794438},"barkbands_kurtosis":{"dmean":1.6327996254,"dmean2":2.62246012688,"dvar":10.8918838501,"dvar2":26.895690918,"max":158.314819336,"mean":2.34621286392,"median":0.661259889603,"min":-1.91148555279,"var":33.3534927368},"barkbands_skewness":{"dmean":0.392529129982,"dmean2":0.610775351524,"dvar":0.202867850661,"dvar2":0.486653208733,"max":10.9260311127,"mean":1.05257284641,"median":0.92240780592,"min":-2.23585605621,"var":1.11498379707},"barkbands_spread":{"dmean":4.85333585739,"dmean2":7.54140901566,"dvar":29.1287155151,"dvar2":67.9397125244,"max":141.413833618,"mean":25.1246128082,"median":22.9365959167,"min":0.804791510105,"var":216.800979614},"dissonance":{"dmean":0.0190717298537,"dmean2":0.0322786569595,"dvar":0.000446097285021,"dvar2":0.00121337117162,"max":0.500000178814,"mean":0.462769925594,"median":0.472942262888,"min":0.169460251927,"var":0.00125595810823},"dynamic_complexity":3.60947585106,"erbbands":{"dmean":[0.0501922704279,0.495106339455,1.04686021805,3.37580227852,5.07575702667,2.59630012512,2.0254547596,5.3033914566,5.20442819595,10.5761518478,12.2525978088,21.616476059,17.6542358398,20.5004425049,26.8533210754,25.4288444519,15.8927726746,16.8698425293,27.2818546295,21.6278762817,14.6616363525,9.64103889465,9.27956295013,8.63671016693,9.34485912323,8.68365955353,8.47622585297,6.26563978195,3.85019779205,1.85771429539,1.26134812832,0.928355336189,0.581973791122,0.253352761269,0.0916159823537,0.0289841778576,0.00888518430293,0.00153826666065,0.000185728480574,0.0000154906938405],"dmean2":[0.0844948962331,0.833156585693,1.76957046986,5.94549512863,8.63512611389,4.28292512894,3.28051233292,8.57281780243,8.59879684448,16.1784572601,18.9779720306,33.0895462036,26.8429489136,31.1548595428,40.5603485107,39.0393638611,24.3825473785,26.2201862335,42.4698562622,32.8056983948,22.8957042694,15.0681180954,14.9153347015,14.1743507385,14.9881381989,13.6520395279,13.4059562683,10.0018901825,6.22447681427,2.92979097366,1.93114244938,1.44482469559,0.848929345608,0.362010538578,0.130909219384,0.0413767695427,0.0128126544878,0.00223430688493,0.000275838596281,0.0000228882563533],"dvar":[0.0165940150619,1.36308658123,4.13299655914,85.626914978,157.560760498,19.082567215,16.8227062225,130.173110962,143.769119263,823.052246094,1260.33312988,3745.9699707,1926.41687012,4366.07763672,7789.25048828,7872.73681641,2643.41992188,3331.62792969,9640.14355469,6056.28076172,1318.99304199,558.914123535,415.743835449,415.578186035,314.169403076,266.319976807,266.038391113,147.744155884,46.990234375,10.0688066483,5.30216598511,3.7147872448,1.88695299625,0.303544551134,0.0350424237549,0.00379108334891,0.000497850764077,0.0000167780945048,2.9576190741e-7,1.02857844464e-9],"dvar2":[0.0421356484294,3.53367543221,11.1547298431,235.457046509,417.366271973,50.9960479736,44.7164115906,333.202667236,364.205932617,1940.51818848,2905.34814453,8042.03515625,4637.32617188,9805.32226562,18000.1640625,17818.4257812,5757.42822266,7329.67089844,24194.0234375,13113.0986328,3182.47192383,1340.88049316,1015.69195557,1046.0723877,769.626647949,603.266418457,657.599487305,361.494781494,122.945777893,24.5482940674,12.2754383087,8.82830142975,3.7429792881,0.605063617229,0.0713451728225,0.00806532707065,0.00114470766857,0.0000383429760404,6.96060681094e-7,2.29006813512e-9],"max":[1.31780958176,12.969127655,32.7798995972,126.296440125,191.321594238,116.177711487,88.0354156494,324.678009033,414.691375732,1075.65966797,1239.56359863,1870.08044434,1458.11914062,2282.12792969,2603.50976562,2077.97875977,2566.1159668,3028.1887207,3263.94677734,3259.94580078,1319.2857666,899.917297363,649.84765625,794.765808105,422.576049805,517.740905762,393.449951172,340.288024902,170.144638062,81.3193969727,62.2220458984,48.5342140198,96.1792831421,22.4572963715,8.81344223022,1.36599326134,0.660839676857,0.11628857255,0.0156987253577,0.00112169573549],"mean":[0.0704749599099,0.713407516479,2.08913373947,4.27334928513,7.12206745148,5.03294801712,4.30252504349,9.48874378204,9.70338344574,23.8546524048,31.524679184,45.2116088867,36.8194694519,38.8085861206,51.071685791,52.1833572388,32.7660903931,33.1743164062,50.1706809998,39.9113044739,30.5383853912,20.6445560455,18.7832603455,17.200340271,23.4601173401,20.8003635406,21.0497341156,16.0592975616,9.32845306396,4.9543261528,3.29017519951,2.21502733231,1.43082761765,0.630318641663,0.225494652987,0.0675565972924,0.0189901702106,0.00296333013102,0.000329943053657,0.0000461920681118],"median":[0.0389031618834,0.370307326317,1.37730741501,2.09898853302,3.68064856529,3.30963492393,2.34948301315,4.65764760971,5.35682010651,8.7406835556,9.38389492035,14.8139047623,14.4552650452,9.61939430237,9.10284042358,9.04869842529,6.68561887741,7.48200130463,11.6883602142,7.51116895676,11.6284103394,10.1193418503,8.15352058411,7.48244094849,9.08909416199,9.41504573822,7.97037124634,6.80686759949,4.67241859436,2.52826881409,1.54872715473,0.915569067001,0.481130540371,0.232347548008,0.0923320800066,0.0244426522404,0.00540483323857,0.000807395088486,0.0000987166567938,0.0000368216969946],"min":[1.76138756184e-22,7.79938673813e-22,5.16722118762e-21,2.89781789599e-20,1.15654545015e-19,9.06047889563e-20,3.17390299636e-20,2.15620187997e-19,6.96819894846e-19,9.67580356066e-19,1.54370265712e-18,9.18461544112e-19,1.30261962682e-18,1.05053302642e-18,1.54165693607e-18,2.88289007766e-18,3.66109601449e-18,5.52286698793e-18,6.17423863309e-18,5.17560870856e-18,7.39587810512e-18,9.26889294462e-18,1.0062580187e-17,7.67334922415e-18,8.02909809892e-18,1.11954966801e-17,1.50174954538e-17,1.36126028024e-17,1.4274468888e-17,1.74832464135e-17,1.48140851237e-17,1.48849893914e-17,1.35699326905e-17,9.5254306039e-18,7.19746973621e-18,6.87773465096e-18,3.09396547688e-18,1.25602568029e-18,3.04894224294e-19,3.47860079111e-20],"var":[0.0143683683127,1.24359953403,5.90911817551,67.6623687744,150.256408691,33.5605621338,35.3423461914,282.071563721,261.459777832,3024.41601562,7887.6875,11571.9306641,4478.09375,10402.3945312,19582.2421875,23788.0644531,10379.8193359,11262.5214844,21510.3066406,12052.4550781,3786.28686523,1325.13439941,1176.70581055,904.555847168,1376.12451172,956.190490723,925.4375,634.271789551,164.362136841,45.8110237122,22.1351299286,11.5538101196,7.16922616959,1.18084859848,0.132977202535,0.0121745979413,0.00122713611927,0.0000366471322195,5.30556349077e-7,2.3603488053e-9]},"erbbands_crest":{"dmean":2.60628628731,"dmean2":4.15791273117,"dvar":6.95663356781,"dvar2":17.2262554169,"max":33.1662101746,"mean":10.4894800186,"median":9.1066160202,"min":2.29033231735,"var":29.6460361481},"erbbands_flatness_db":{"dmean":0.0159560721368,"dmean2":0.0225993767381,"dvar":0.000281678105239,"dvar2":0.000537385756616,"max":0.43419829011,"mean":0.162709385157,"median":0.157587975264,"min":0.0414215065539,"var":0.00247013941407},"erbbands_kurtosis":{"dmean":0.819467484951,"dmean2":1.28929889202,"dvar":1.90444433689,"dvar2":4.79984760284,"max":49.1110649109,"mean":0.560991704464,"median":-0.162216424942,"min":-1.79476356506,"var":5.14094400406},"erbbands_skewness":{"dmean":0.312496721745,"dmean2":0.482105374336,"dvar":0.0955677479506,"dvar2":0.230400815606,"max":5.73212718964,"mean":0.34701615572,"median":0.325853079557,"min":-4.37126207352,"var":0.502020955086},"erbbands_spread":{"dmean":6.55845403671,"dmean2":9.73595619202,"dvar":57.4936103821,"dvar2":112.94468689,"max":146.059402466,"mean":35.9180412292,"median":34.1203918457,"min":2.85415220261,"var":321.449279785},"gfcc":{"cov":[[12174.2148438,-852.791015625,-1493.51623535,911.629760742,-723.907592773,429.294677734,-102.462280273,251.828201294,-152.815887451,264.905395508,-186.25982666,50.6722984314,-53.1066436768],[-852.791015625,1383.59899902,37.6859054565,-241.510742188,186.884384155,-225.951019287,57.6908607483,-145.09526062,86.0383377075,-73.330909729,64.8966903687,-72.669052124,56.6772766113],[-1493.51623535,37.6859054565,928.46081543,-37.3213615417,19.5518283844,-3.88812303543,-69.4601745605,38.9755821228,-35.5708007812,-3.63762450218,68.9890060425,52.487033844,-74.4057006836],[911.629760742,-241.510742188,-37.3213615417,399.766265869,-84.8175201416,-5.33894348145,-1.1133838892,34.5044822693,9.72441291809,31.3736572266,-7.09274244308,-11.926905632,1.27589929104],[-723.907592773,186.884384155,19.5518283844,-84.8175201416,235.943771362,0.330375611782,19.6794586182,-57.9589271545,16.4206733704,-16.7068347931,2.38134455681,-5.63628911972,8.64643287659],[429.294677734,-225.951019287,-3.88812303543,-5.33894348145,0.330375611782,233.634185791,41.4037094116,5.88061714172,-63.1664047241,16.0315418243,38.2428245544,46.5119132996,-26.4365158081],[-102.462280273,57.6908607483,-69.4601745605,-1.1133838892,19.6794586182,41.4037094116,168.179321289,6.29622745514,-16.2280540466,-9.95631027222,29.908788681,8.07001686096,9.63090991974],[251.828201294,-145.09526062,38.9755821228,34.5044822693,-57.9589271545,5.88061714172,6.29622745514,139.285675049,46.7735443115,12.9948730469,-34.0856971741,-0.80884706974,11.7783174515],[-152.815887451,86.0383377075,-35.5708007812,9.72441291809,16.4206733704,-63.1664047241,-16.2280540466,46.7735443115,155.785842896,32.6532974243,-47.776134491,-48.3580665588,28.9952011108],[264.905395508,-73.330909729,-3.63762450218,31.3736572266,-16.7068347931,16.0315418243,-9.95631027222,12.9948730469,32.6532974243,106.093811035,41.1493415833,-3.6879491806,-22.1038665771],[-186.25982666,64.8966903687,68.9890060425,-7.09274244308,2.38134455681,38.2428245544,29.908788681,-34.0856971741,-47.776134491,41.1493415833,171.461151123,59.3608589172,-37.5180854797],[50.6722984314,-72.669052124,52.487033844,-11.926905632,-5.63628911972,46.5119132996,8.07001686096,-0.80884706974,-48.3580665588,-3.6879491806,59.3608589172,103.5730896,7.58025836945],[-53.1066436768,56.6772766113,-74.4057006836,1.27589929104,8.64643287659,-26.4365158081,9.63090991974,11.7783174515,28.9952011108,-22.1038665771,-37.5180854797,7.58025836945,88.6754608154]],"icov":[[0.000347941851942,-0.000576126622036,0.000686328450684,-0.000802258728072,0.000680350407492,-0.000849595176987,0.000632676354144,-0.000894744240213,0.000942888960708,-0.00124736432917,0.00131629477255,-0.00107861612923,0.000924430205487],[-0.000576126622036,0.0025237549562,-0.00134017784148,0.00203024013899,-0.00148555054329,0.00251831160858,-0.00167885050178,0.00275757489726,-0.0026009879075,0.00328726018779,-0.00386225641705,0.00321551389061,-0.0026392324362],[0.000686328450684,-0.00134017784148,0.0027339765802,-0.00162030896172,0.00098446640186,-0.00154613563791,0.00199279515073,-0.0028512920253,0.00212809839286,-0.00213236361742,0.00231758970767,-0.00292208977044,0.00319327437319],[-0.000802258728072,0.00203024013899,-0.00162030896172,0.00495508266613,-0.000845776812639,0.00254893070087,-0.00186604342889,0.00235373899341,-0.00242539425381,0.00259396526963,-0.00367377814837,0.00345855532214,-0.00288691092283],[0.000680350407492,-0.00148555054329,0.00098446640186,-0.000845776812639,0.00700809899718,-0.00247257202864,0.000434602232417,0.000927842163946,0.000136304297484,-0.0020577730611,0.00315903616138,-0.00244301185012,0.00159214937594],[-0.000849595176987,0.00251831160858,-0.00154613563791,0.00254893070087,-0.00247257202864,0.0086135873571,-0.00319664296694,0.00201206281781,-0.000802853726782,0.00223050988279,-0.00363191682845,0.00141045253258,-0.00140214676503],[0.000632676354144,-0.00167885050178,0.00199279515073,-0.00186604342889,0.000434602232417,-0.00319664296694,0.00871862377971,-0.00384624116123,0.002750585787,-0.00116680248175,0.000446270219982,-0.00103448831942,0.000806497759186],[-0.000894744240213,0.00275757489726,-0.0028512920253,0.00235373899341,0.000927842163946,0.00201206281781,-0.00384624116123,0.0143335200846,-0.00732642086223,0.00341388932429,-0.00190202880185,0.00168713601306,-0.00340381590649],[0.000942888960708,-0.0026009879075,0.00212809839286,-0.00242539425381,0.000136304297484,-0.000802853726782,0.002750585787,-0.00732642086223,0.0152730857953,-0.00901619624346,0.00559156388044,0.00008800469368,-0.00041380620678],[-0.00124736432917,0.00328726018779,-0.00213236361742,0.00259396526963,-0.0020577730611,0.00223050988279,-0.00116680248175,0.00341388932429,-0.00901619624346,0.0197039917111,-0.0108962664381,0.00614012684673,-0.00141109060496],[0.00131629477255,-0.00386225641705,0.00231758970767,-0.00367377814837,0.00315903616138,-0.00363191682845,0.000446270219982,-0.00190202880185,0.00559156388044,-0.0108962664381,0.0180337913334,-0.0119091132656,0.00817136839032],[-0.00107861612923,0.00321551389061,-0.00292208977044,0.00345855532214,-0.00244301185012,0.00141045253258,-0.00103448831942,0.00168713601306,0.00008800469368,0.00614012684673,-0.0119091132656,0.0214643962681,-0.0100276097655],[0.000924430205487,-0.0026392324362,0.00319327437319,-0.00288691092283,0.00159214937594,-0.00140214676503,0.000806497759186,-0.00340381590649,-0.00041380620678,-0.00141109060496,0.00817136839032,-0.0100276097655,0.0201278068125]],"mean":[-8.36881542206,92.1628799438,-120.441848755,37.5795783997,-59.5507965088,14.009557724,-26.7107410431,7.40801906586,-19.7961025238,0.473996818066,-17.456445694,-6.30638790131,-8.84935569763]},"hfc":{"dmean":5.22763681412,"dmean2":7.96093273163,"dvar":55.3327331543,"dvar2":134.825241089,"max":136.4322052,"mean":23.4492645264,"median":18.554441452,"min":1.1159250122e-16,"var":419.329986572},"melbands":{"dmean":[0.000524397648405,0.000558472122066,0.00065789418295,0.000257202773355,0.0000750628751121,0.000112591929792,0.0000850182623253,0.000115355418529,0.000106886422145,0.000142414923175,0.0000885623740032,0.0000807323231129,0.000103707730887,0.000070577916631,0.0000513580125698,0.0000356525524694,0.0000319494465657,0.0000450025654573,0.000035026914702,0.0000253764210356,0.0000189265010704,0.0000116874280138,0.00000982743222266,0.00000931919566938,0.00000732966964279,0.00000784614803706,0.00000725749032426,0.00000614819373368,0.00000604569368079,0.00000566859489481,0.00000356466557605,0.00000247925572694,0.00000161520199526,0.00000103492675407,8.49112609558e-7,6.6545237587e-7,6.04337799359e-7,4.75551104273e-7,3.28989472109e-7,2.01672236244e-7],"dmean2":[0.000875421217643,0.000929542817175,0.00114801095333,0.000429710315075,0.000120755546959,0.000182408010005,0.000138045579661,0.000176177796675,0.000166006677318,0.000217974040424,0.000134384958073,0.000121956829389,0.000158605063916,0.000106612009404,0.0000798481123638,0.0000549597243662,0.0000498248446092,0.0000704085468897,0.0000534006321686,0.0000388970984204,0.0000296015732602,0.0000183323809324,0.0000157127979037,0.000014975461454,0.0000121346356536,0.0000122757019199,0.0000115905504572,0.00000975448074314,0.00000966688821791,0.00000898290818441,0.00000576178854317,0.00000401147872253,0.00000262645903604,0.00000164470066011,0.00000132345826387,0.00000103224795112,9.63787783803e-7,7.24347842151e-7,4.67680223437e-7,2.99964284523e-7],"dvar":[0.00000168387168742,0.00000119716685276,0.00000324016150444,2.75475827038e-7,1.81144272915e-8,5.70732083816e-8,3.60197915938e-8,8.84735129603e-8,9.14497491067e-8,1.3463211701e-7,4.94131668916e-8,6.88208103838e-8,1.21982381529e-7,5.18362881508e-8,2.88376593716e-8,1.40786626801e-8,1.24225048026e-8,2.59251020651e-8,1.30560229294e-8,8.74475425405e-9,2.54096033103e-9,9.29271437577e-10,5.26625520969e-10,5.63722679647e-10,3.42492006977e-10,2.77428330309e-10,2.02166602903e-10,1.37705055692e-10,1.51141363314e-10,1.38097117075e-10,6.07620273541e-11,1.98909153037e-11,7.82072930722e-12,3.52479547286e-12,2.55749306281e-12,1.55299872354e-12,1.97785234371e-12,1.33243210302e-12,8.14113696162e-13,1.90857637854e-13],"dvar2":[0.00000428620433013,0.0000030854380384,0.0000087851567514,7.22649076579e-7,4.82989044315e-8,1.47089238567e-7,8.95489975505e-8,2.05897322303e-7,2.14599609194e-7,2.98587224279e-7,1.17584271209e-7,1.52176752977e-7,2.88295382234e-7,1.08068768156e-7,6.84454306565e-8,3.13796384432e-8,2.71114810602e-8,6.35553192296e-8,3.03074116914e-8,2.0143797741e-8,5.88041970673e-9,2.1673003392e-9,1.26703103565e-9,1.33988264928e-9,8.56387072368e-10,6.10172690152e-10,4.6118883712e-10,3.19352017053e-10,3.76191106044e-10,3.20971638157e-10,1.50133669385e-10,5.17227545516e-11,2.0333765921e-11,8.86041760795e-12,6.13542116418e-12,3.58860293911e-12,4.92364872831e-12,2.93579353536e-12,1.35999002858e-12,4.18197648819e-13],"max":[0.0135941393673,0.0170639231801,0.0255211032927,0.00789835862815,0.00265600159764,0.00634531024843,0.00673955492675,0.0102119008079,0.00936201121658,0.0107794599608,0.00708836922422,0.00945097766817,0.010421205312,0.00675369938836,0.00620643189177,0.00330651178956,0.00538486102596,0.00549873895943,0.00353999668732,0.00360964122228,0.00217970157973,0.00103236595169,0.000736042158678,0.00117469625548,0.000820771965664,0.000555058126338,0.00074016302824,0.000261821463937,0.000368226319551,0.000310806179186,0.000292621174594,0.00010950241267,0.0000764498690842,0.0000406058134104,0.0000512241167598,0.0000328893474943,0.0000383523874916,0.0000476696041005,0.0000863091481733,0.0000175228851731],"mean":[0.00073380646063,0.00106406747364,0.000874470744748,0.000437794835307,0.000163585806149,0.000202513401746,0.00016356164997,0.000269342272077,0.000255039165495,0.000297904422041,0.000176489949808,0.000145081430674,0.000190366743482,0.000135475187562,0.000101668374555,0.000067173721618,0.0000566408780287,0.0000784716903581,0.0000610182614764,0.0000436973787146,0.0000355149604729,0.0000217903580051,0.0000178327863978,0.0000166721256392,0.0000129160898723,0.0000168660426425,0.0000163566146512,0.0000128535748445,0.000013047122593,0.0000125453043438,0.00000799675763119,0.00000546281444258,0.000003648530992,0.00000244948114414,0.0000019850147055,0.00000155783664013,0.0000012574282664,0.00000106302354652,7.4545306461e-7,4.631103252e-7],"median":[0.000395138107706,0.000685339386109,0.000470789876999,0.000269591779215,0.0000997617898975,0.000100974924862,0.0000885974804987,0.0000970101027633,0.0000690240194672,0.0000951755137066,0.0000612010044279,0.0000311508774757,0.0000252433837886,0.000021223031581,0.0000159586397785,0.0000111699910121,0.0000108246067612,0.0000155584039021,0.0000108368640213,0.00000723450739315,0.0000127325747599,0.00000925912081584,0.00000710227413947,0.00000531951627636,0.00000484091833641,0.00000627084136795,0.00000570126348975,0.00000503154387843,0.00000454706560049,0.00000431741273133,0.00000343539068126,0.00000246425156547,0.0000018827263375,0.00000107730215859,8.83041707311e-7,6.55160022234e-7,4.87957152018e-7,3.39067980804e-7,2.52775095078e-7,1.67672112639e-7],"min":[2.24953035125e-24,2.08903166971e-24,6.55166415612e-24,9.40390356606e-24,1.03357995473e-24,4.64680212271e-24,1.11528886567e-23,1.106102186e-23,1.16969644454e-23,5.56794435212e-24,6.67595076946e-24,4.29665871575e-24,5.98064048456e-24,3.75818778388e-24,4.28191253885e-24,1.05589773693e-23,8.8047605531e-24,1.19995162683e-23,4.29029813027e-24,8.43644612962e-24,7.81700966987e-24,9.14687453933e-24,9.86715108859e-24,8.7920946024e-24,5.8397022008e-24,5.05039440588e-24,6.03177168742e-24,8.34364216614e-24,9.37876099129e-24,7.86214434656e-24,8.26754075462e-24,7.55019166817e-24,9.41235463293e-24,9.25893617523e-24,7.87961446017e-24,9.30515316908e-24,9.24751110274e-24,1.00675028259e-23,7.59386774105e-24,7.96126629702e-24],"var":[0.00000148442506998,0.00000152766915562,0.00000263055767391,3.33659983198e-7,3.89473484574e-8,1.21049680502e-7,7.38484899898e-8,3.70353291146e-7,4.79325365177e-7,4.25071419841e-7,1.14277021623e-7,1.61939738064e-7,3.14516483968e-7,1.68000582335e-7,9.48683762658e-8,4.44201297967e-8,3.88392891182e-8,5.98514304784e-8,2.71085447423e-8,1.67453784172e-8,6.78081635286e-9,1.95805216485e-9,1.21465271175e-9,1.5729286762e-9,6.63232191389e-10,9.27234400372e-10,7.83323517162e-10,4.12772621639e-10,4.2552683599e-10,4.51007314828e-10,2.01191285853e-10,6.26506346801e-11,2.48099197436e-11,1.31646716098e-11,8.65378862319e-12,5.80425161059e-12,4.31534278797e-12,4.12814747663e-12,2.67513572058e-12,6.48092527995e-13]},"melbands_crest":{"dmean":2.89426231384,"dmean2":4.75010204315,"dvar":9.05327320099,"dvar2":23.4180583954,"max":33.4894104004,"mean":12.4456262589,"median":11.5822095871,"min":2.15737724304,"var":23.2569465637},"melbands_flatness_db":{"dmean":0.0212339535356,"dmean2":0.0328901298344,"dvar":0.000557863386348,"dvar2":0.00135300995316,"max":0.590627491474,"mean":0.183459892869,"median":0.168813556433,"min":0.00582926068455,"var":0.00554418098181},"melbands_kurtosis":{"dmean":4.24329137802,"dmean2":6.8198261261,"dvar":88.7402267456,"dvar2":224.381713867,"max":247.756896973,"mean":8.18627643585,"median":3.80948734283,"min":-1.8002910614,"var":185.887542725},"melbands_skewness":{"dmean":0.56444811821,"dmean2":0.871740996838,"dvar":0.48070114851,"dvar2":1.12733697891,"max":13.5792951584,"mean":1.95273995399,"median":1.70725095272,"min":-1.7445101738,"var":2.04781484604},"melbands_spread":{"dmean":6.38370895386,"dmean2":10.0378408432,"dvar":57.7313156128,"dvar2":135.547943115,"max":218.986679077,"mean":30.1608772278,"median":26.5274658203,"min":0.552185714245,"var":363.165039062},"mfcc":{"cov":[[8293.59375,-1577.90856934,-828.510620117,186.785522461,-404.449951172,217.153900146,-1.92371046543,74.6039276123,295.048278809,137.596908569,-15.235127449,47.0180282593,-49.2757072449],[-1577.90856934,1450.11279297,2.84506058693,-42.6670608521,67.457069397,-45.7901992798,-3.60680651665,-48.9256439209,-60.9092102051,-41.4106216431,7.21738290787,29.2479286194,29.8802433014],[-828.510620117,2.84506058693,682.491516113,46.4026374817,81.9044342041,-49.1625175476,36.7850494385,30.6724357605,-90.2597808838,-16.625919342,35.0811233521,22.5613861084,20.5949611664],[186.785522461,-42.6670608521,46.4026374817,308.250762939,3.91242575645,-28.4069747925,-48.0664405823,-26.0700435638,40.5034790039,23.8836898804,2.1550347805,-4.97761631012,9.6877412796],[-404.449951172,67.457069397,81.9044342041,3.91242575645,183.699127197,14.9249095917,-25.7966384888,-16.4748630524,-18.291639328,0.38616374135,0.45998480916,-9.69391441345,-5.01323509216],[217.153900146,-45.7901992798,-49.1625175476,-28.4069747925,14.9249095917,162.192626953,66.710395813,9.56289577484,-31.9733066559,-21.3429641724,15.1144914627,7.52486753464,3.39257311821],[-1.92371046543,-3.60680651665,36.7850494385,-48.0664405823,-25.7966384888,66.710395813,170.713668823,54.0775642395,-59.891254425,-49.2314491272,13.1997690201,22.8774852753,25.3760948181],[74.6039276123,-48.9256439209,30.6724357605,-26.0700435638,-16.4748630524,9.56289577484,54.0775642395,109.227478027,15.9786252975,-20.8024616241,-8.56616401672,-4.32757806778,0.407272845507],[295.048278809,-60.9092102051,-90.2597808838,40.5034790039,-18.291639328,-31.9733066559,-59.891254425,15.9786252975,174.342056274,64.5204544067,-26.5474681854,-27.8202953339,-50.337562561],[137.596908569,-41.4106216431,-16.625919342,23.8836898804,0.38616374135,-21.3429641724,-49.2314491272,-20.8024616241,64.5204544067,122.396621704,24.0584506989,-4.56932497025,-18.3013820648],[-15.235127449,7.21738290787,35.0811233521,2.1550347805,0.45998480916,15.1144914627,13.1997690201,-8.56616401672,-26.5474681854,24.0584506989,96.2258605957,35.422668457,1.77674376965],[47.0180282593,29.2479286194,22.5613861084,-4.97761631012,-9.69391441345,7.52486753464,22.8774852753,-4.32757806778,-27.8202953339,-4.56932497025,35.422668457,95.2890853882,32.7540512085],[-49.2757072449,29.8802433014,20.5949611664,9.6877412796,-5.01323509216,3.39257311821,25.3760948181,0.407272845507,-50.337562561,-18.3013820648,1.77674376965,32.7540512085,119.755783081]],"icov":[[0.000211654914892,0.000195104497834,0.000196353488718,-0.000139933312312,0.000305571826175,-0.000275177619187,0.0000658212302369,-0.000116989140224,-0.000124274156406,-0.000113093381515,0.000061686267145,-0.000259111373452,0.0000234324306803],[0.000195104497834,0.00092829274945,0.000257600680925,-0.0000175087134267,-0.0000542937887076,0.000134481524583,-0.0000799469926278,0.000248910306254,-0.0000533113307029,0.000175465611392,-0.0000297108581435,-0.000400891207391,-0.0000697178329574],[0.000196353488718,0.000257600680925,0.00212546624243,-0.000598499435,-0.000717956572771,0.000861969368998,-0.000413155124988,-0.00103423092514,0.0011532997014,-0.000436001137132,-0.000325651169987,-0.000460409442894,0.000284897687379],[-0.000139933312312,-0.0000175087134267,-0.000598499435,0.00379583472386,-0.000090731511591,0.00024032019428,0.000524619652424,0.00112030247692,-0.00129434734117,0.0004286574258,-0.000522650021594,0.000487350451294,-0.000987023115158],[0.000305571826175,-0.0000542937887076,-0.000717956572771,-0.000090731511591,0.00697285821661,-0.00211000069976,0.0018943027826,0.000183092153748,0.000377982389182,-0.000272433535429,0.00042187445797,0.000317251047818,0.000243956208578],[-0.000275177619187,0.000134481524583,0.000861969368998,0.00024032019428,-0.00211000069976,0.00887578818947,-0.00374532677233,0.000728289480321,0.000765251286794,0.000529321783688,-0.00129354652017,0.000504762923811,0.000420611351728],[0.0000658212302369,-0.0000799469926278,-0.000413155124988,0.000524619652424,0.0018943027826,-0.00374532677233,0.0107984337956,-0.00471260631457,0.00225097918883,0.00140919478144,-0.000477729452541,-0.00111354724504,-0.00053792912513],[-0.000116989140224,0.000248910306254,-0.00103423092514,0.00112030247692,0.000183092153748,0.000728289480321,-0.00471260631457,0.013334386982,-0.0041997381486,0.00253306189552,-0.000194510124857,0.00122288358398,-0.000792499573436],[-0.000124274156406,-0.0000533113307029,0.0011532997014,-0.00129434734117,0.000377982389182,0.000765251286794,0.00225097918883,-0.0041997381486,0.0116647528484,-0.00545764714479,0.00343808694743,-0.000358940305887,0.00351620092988],[-0.000113093381515,0.000175465611392,-0.000436001137132,0.0004286574258,-0.000272433535429,0.000529321783688,0.00140919478144,0.00253306189552,-0.00545764714479,0.0130869457498,-0.00508517911658,0.00106656050775,-0.00089395797113],[0.000061686267145,-0.0000297108581435,-0.000325651169987,-0.000522650021594,0.00042187445797,-0.00129354652017,-0.000477729452541,-0.000194510124857,0.00343808694743,-0.00508517911658,0.0148937972263,-0.00524254655465,0.00216819834895],[-0.000259111373452,-0.000400891207391,-0.000460409442894,0.000487350451294,0.000317251047818,0.000504762923811,-0.00111354724504,0.00122288358398,-0.000358940305887,0.00106656050775,-0.00524254655465,0.0143143720925,-0.0035612359643],[0.0000234324306803,-0.0000697178329574,0.000284897687379,-0.000987023115158,0.000243956208578,0.000420611351728,-0.00053792912513,-0.000792499573436,0.00351620092988,-0.00089395797113,0.00216819834895,-0.0035612359643,0.0108064142987]],"mean":[-645.571594238,116.091362,1.01052808762,26.3337059021,-4.70593547821,7.71269989014,1.74282550812,3.75196099281,4.91561365128,5.00597810745,-1.80698847771,0.628947198391,-2.2243180275]},"pitch_salience":{"dmean":0.0648069158196,"dmean2":0.106069110334,"dvar":0.00389262661338,"dvar2":0.0103273540735,"max":0.854757905006,"mean":0.542588472366,"median":0.552747428417,"min":0.135040149093,"var":0.0109905395657},"silence_rate_20dB":{"dmean":0,"dmean2":0,"dvar":0,"dvar2":0,"max":1,"mean":1,"median":1,"min":1,"var":0},"silence_rate_30dB":{"dmean":0,"dmean2":0,"dvar":0,"dvar2":0,"max":1,"mean":1,"median":1,"min":1,"var":0},"silence_rate_60dB":{"dmean":0.0171518847346,"dmean2":0.0343057028949,"dvar":0.0168580692261,"dvar2":0.0381992347538,"max":1,"mean":0.0765585303307,"median":0,"min":0,"var":0.0706956759095},"spectral_centroid":{"dmean":210.895843506,"dmean2":330.275939941,"dvar":60344.6328125,"dvar2":138922.09375,"max":11356.6171875,"mean":1570.48791504,"median":1502.77355957,"min":162.048858643,"var":526084.25},"spectral_complexity":{"dmean":3.47404646873,"dmean2":5.47627353668,"dvar":16.8984661102,"dvar2":39.4181137085,"max":57,"mean":19.7654724121,"median":18,"min":0,"var":125.319084167},"spectral_contrast_coeffs":{"dmean":[0.0453171618283,0.0405544042587,0.038918863982,0.0320861600339,0.0228039622307,0.0172534566373],"dmean2":[0.0753281936049,0.0663242861629,0.0612681955099,0.0505555942655,0.0357905551791,0.0269099418074],"dvar":[0.00166931387503,0.00116297206841,0.00106585328467,0.000793512619566,0.000432078784797,0.000279044965282],"dvar2":[0.00432412931696,0.00308290449902,0.00260980939493,0.00180570501834,0.000963392842095,0.000647545908578],"max":[-0.338454633951,-0.407926410437,-0.408726423979,-0.462812483311,-0.515751183033,-0.534003674984],"mean":[-0.664222061634,-0.747065126896,-0.72516644001,-0.746317088604,-0.768954694271,-0.73072463274],"median":[-0.670226454735,-0.754775166512,-0.73146045208,-0.754435658455,-0.774981558323,-0.728890538216],"min":[-0.976158261299,-0.96487480402,-0.973052144051,-0.963526427746,-0.960437715054,-0.960043251514],"var":[0.00455278763548,0.00484758336097,0.00620028888807,0.00555778620765,0.00308997160755,0.00288086128421]},"spectral_contrast_valleys":{"dmean":[0.334747225046,0.306048929691,0.305765002966,0.31515738368,0.271204173565,0.263355344534],"dmean2":[0.550800681114,0.493857562542,0.476636946201,0.479234308004,0.397977083921,0.349012285471],"dvar":[0.0939198806882,0.0787540748715,0.0857927054167,0.110515356064,0.116925686598,0.131094366312],"dvar2":[0.215927198529,0.179058924317,0.17685058713,0.223490819335,0.22431281209,0.214649841189],"max":[-5.54045009613,-4.78939294815,-5.21846818924,-5.48562383652,-5.4827542305,-8.20396137238],"mean":[-7.2806096077,-6.8221154213,-7.50498962402,-8.08204746246,-7.77466344833,-10.3993625641],"median":[-7.09022474289,-6.65445947647,-7.24670743942,-7.76980018616,-7.31298017502,-10.0693101883],"min":[-27.8488941193,-27.3683738708,-27.5535564423,-27.4577445984,-27.3079566956,-27.3576030731],"var":[1.3369474411,1.21888291836,1.44347083569,1.6825928688,2.04383087158,1.89553332329]},"spectral_decrease":{"dmean":1.59927204813e-9,"dmean2":2.55221177525e-9,"dvar":5.74282134384e-18,"dvar2":1.43074237636e-17,"max":2.8193049604e-16,"mean":-5.40610489708e-9,"median":-4.88162710255e-9,"min":-2.78731526748e-8,"var":1.48568503614e-17},"spectral_energy":{"dmean":0.00637716380879,"dmean2":0.010145843029,"dvar":0.0000881851956365,"dvar2":0.000218934175791,"max":0.109517686069,"mean":0.0225308313966,"median":0.0204228144139,"min":1.00144931148e-20,"var":0.000255982129602},"spectral_energyband_high":{"dmean":0.000335817894666,"dmean2":0.00050743133761,"dvar":2.81230569499e-7,"dvar2":6.52590870232e-7,"max":0.0107029322535,"mean":0.00120312126819,"median":0.000665781844873,"min":7.53985952776e-21,"var":0.00000201638431463},"spectral_energyband_low":{"dmean":0.00314455293119,"dmean2":0.00521540176123,"dvar":0.0000368698019884,"dvar2":0.0000907758876565,"max":0.0724415332079,"mean":0.00567035283893,"median":0.00358591321856,"min":2.34575394787e-23,"var":0.0000428681123594},"spectral_energyband_middle_high":{"dmean":0.00224851164967,"dmean2":0.0034410150256,"dvar":0.0000158139682753,"dvar2":0.0000377028409275,"max":0.0701811015606,"mean":0.00739674316719,"median":0.00385499629192,"min":1.31576263657e-21,"var":0.0000831102952361},"spectral_energyband_middle_low":{"dmean":0.00358183099888,"dmean2":0.00585175445303,"dvar":0.0000474621192552,"dvar2":0.00012303404219,"max":0.0935247167945,"mean":0.00915758963674,"median":0.0066633420065,"min":3.19373000673e-22,"var":0.0000841694272822},"spectral_entropy":{"dmean":0.142801359296,"dmean2":0.206866130233,"dvar":0.0292654819787,"dvar2":0.0557543076575,"max":9.78950691223,"mean":7.50032949448,"median":7.62702131271,"min":4.46650695801,"var":0.308061420918},"spectral_flux":{"dmean":0.0218811072409,"dmean2":0.0339018888772,"dvar":0.00066560448613,"dvar2":0.00143831630703,"max":0.296787768602,"mean":0.0721227824688,"median":0.0630826279521,"min":1.03784383865e-10,"var":0.00209671654738},"spectral_kurtosis":{"dmean":1.58317434788,"dmean2":2.62919974327,"dvar":9.6189622879,"dvar2":24.2948493958,"max":105.686584473,"mean":4.66453504562,"median":2.9182882309,"min":-1.23473572731,"var":49.8338279724},"spectral_rms":{"dmean":0.000607297406532,"dmean2":0.000940532831009,"dvar":5.93130550897e-7,"dvar2":0.00000137284121138,"max":0.0103366589174,"mean":0.00434507476166,"median":0.00446370895952,"min":3.12573794972e-12,"var":0.00000310156269734},"spectral_rolloff":{"dmean":416.638000488,"dmean2":698.319885254,"dvar":402767.28125,"dvar2":889377.125,"max":20973.3398438,"mean":1820.41931152,"median":1399.65820312,"min":86.1328125,"var":3697128.75},"spectral_skewness":{"dmean":0.199550613761,"dmean2":0.317063868046,"dvar":0.0740465521812,"dvar2":0.171495974064,"max":8.32117366791,"mean":1.43937575817,"median":1.24522101879,"min":-0.0620889216661,"var":0.588286221027},"spectral_spread":{"dmean":408380.5,"dmean2":577798.875,"dvar":362013392896,"dvar2":572533964800,"max":41780968,"mean":4394172.5,"median":4195729.5,"min":837092.875,"var":2016916799490},"spectral_strongpeak":{"dmean":0.76543879509,"dmean2":1.27989804745,"dvar":1.53752171993,"dvar2":3.72812819481,"max":18.2856941223,"mean":1.52286672592,"median":0.55770522356,"min":0,"var":3.90000844002},"zerocrossingrate":{"dmean":0.00807705428451,"dmean2":0.00966641493142,"dvar":0.0000793237049947,"dvar2":0.0000944225030253,"max":0.765625,"mean":0.0696516036987,"median":0.06298828125,"min":0.00390625,"var":0.00338663789444}},"metadata":{"audio_properties":{"analysis_sample_rate":44100,"bit_rate":320000,"codec":"mp3","downmix":"mix","equal_loudness":0,"length":411.533050537,"lossless":false,"md5_encoded":"3731f81d8bb5be3d74d49edb6fe4d09a","replay_gain":-13.8379402161,"sample_rate":44100},"tags":{"album":["Stained Class"],"albumartist":["Judas Priest"],"albumartistsort":["Judas Priest"],"artist":["Judas Priest"],"artistsort":["Judas Priest"],"asin":["B00005R62K"],"barcode":["696998543423"],"catalognumber":["CK 85434"],"contentgroup":["Heavy Metal"],"date":["2001-11-06"],"discnumber":["1/1"],"file_name":"08 - Beyond the Realms of Death.mp3","genre":["Heavy Metal"],"isrc":["GBARL0900456","GBBBN0102358"],"label":["Columbia","Legacy"],"media":["CD"],"mood":["Melancholy","Sad","Emotional"],"musicbrainz album release country":["US"],"musicbrainz album status":["official"],"musicbrainz album type":["album"],"musicbrainz_albumartistid":["6b335658-22c8-485d-93de-0bc29a1d0349"],"musicbrainz_albumid":["1ffe1dfa-8e58-3912-81d7-bd399e8df3e7"],"musicbrainz_artistid":["6b335658-22c8-485d-93de-0bc29a1d0349"],"musicbrainz_recordingid":["1a327ae5-a52f-4e94-8106-3db7f2fcad99"],"musicbrainz_releasegroupid":["c035f09e-430c-3510-9a4d-7cb33dd56ed8"],"originaldate":["1978-02"],"originalyear":["1978"],"script":["Latn"],"title":["Beyond the Realms of Death"],"tracknumber":["8/11"]},"version":{"essentia":"2.1-beta2","essentia_build_sha":"70f2e5ece6736b2c40cc944ad0e695b16b925413","essentia_git_sha":"v2.1_beta2","extractor":"music 1.0"}},"rhythm":{"beats_count":692,"beats_loudness":{"dmean":0.0114618772641,"dmean2":0.0202027391642,"dvar":0.00009904174658,"dvar2":0.000291018019198,"max":0.0803944990039,"mean":0.0306207351387,"median":0.0309410318732,"min":1.33537880753e-9,"var":0.000259485765127},"beats_loudness_band_ratio":{"dmean":[0.204741820693,0.0923361033201,0.108068905771,0.118778079748,0.0719333812594,0.0529271289706],"dmean2":[0.349471151829,0.16726927459