{"lowlevel":{"average_loudness":0.652173876762,"barkbands":{"dmean":[0.00351618882269,0.00810759793967,0.00173232844099,0.000974225928076,0.0015331893228,0.00145741307642,0.000730729836505,0.000540520006325,0.000670495268423,0.000769551144913,0.00060997804394,0.000619897036813,0.000606139248703,0.000339677440934,0.00048250274267,0.000197226137971,0.000138982388307,0.0000996810340439,0.0000856698025018,0.0000738937596907,0.0000470527229481,0.0000255796749116,0.0000123597928905,0.000010257642316,0.00000254541373579,0.000019734225134,0.000225923446123],"dmean2":[0.0058146128431,0.0136567912996,0.00299946917221,0.00166727136821,0.00254494301043,0.00236213207245,0.00118853838649,0.00090078386711,0.00110542413313,0.0012612931896,0.000992661807686,0.00103278981987,0.00100871082395,0.000572789867874,0.000792133214418,0.00033094335231,0.000230799079873,0.000162640804774,0.000136166534503,0.000115021612146,0.0000706552673364,0.0000387638647226,0.0000179247872438,0.0000147095252032,0.00000403492094847,0.0000270064865617,0.000349074049154],"dvar":[0.0000749821338104,0.000329523551045,0.00000989389536699,0.00000319173818752,0.00000817879481474,0.00000897878726391,0.0000025626200113,0.00000165175583788,0.00000306106994685,0.00000551400762561,0.0000035209957332,0.00000229499255511,0.0000017634993128,3.83424008987e-7,8.33588899241e-7,1.09609999299e-7,6.90401691372e-8,3.37299717046e-8,2.14504147777e-8,2.06490931021e-8,8.81595418889e-9,3.74144448756e-9,6.46011633076e-10,4.82696216331e-10,2.32136705691e-11,2.06728989482e-9,1.16088152424e-7],"dvar2":[0.000186298406334,0.000894794473425,0.0000281041029666,0.00000863152763486,0.0000215091004065,0.000022950622224,0.00000627839563094,0.0000044077023631,0.00000762995114201,0.0000144306541188,0.00000845107842906,0.00000628381212664,0.00000474839907838,0.00000104593186734,0.00000208480696529,2.97227813917e-7,1.87154370224e-7,8.5874084732e-8,5.18272003092e-8,4.68801317766e-8,1.81529422605e-8,7.8696000827e-9,1.34985067568e-9,9.87314230372e-10,5.413736473e-11,3.81764353463e-9,2.7507465461e-7],"max":[0.108335785568,0.238180398941,0.0483603738248,0.0418908074498,0.0534650273621,0.0774338543415,0.0580622814596,0.0331177003682,0.0490217357874,0.0584693327546,0.0541393868625,0.0567184612155,0.0255059152842,0.0166600048542,0.0208001341671,0.00665768422186,0.00899953115731,0.00418576644734,0.00453286152333,0.00406565703452,0.00307127134874,0.00198997929692,0.000925371597987,0.0005915404181,0.0000826208051876,0.00129609345458,0.00775216054171],"mean":[0.00369719834998,0.0113474950194,0.00229033571668,0.00128805520944,0.00238821003586,0.00231003784575,0.00121868448332,0.000791684549768,0.000996665214188,0.00106079131365,0.000878935330547,0.00104160560295,0.00102382095065,0.000630465277936,0.000899528153241,0.000399649317842,0.000284674926661,0.000221144917305,0.000205522679607,0.000177200738108,0.000119791242469,0.0000639766876702,0.0000306151559926,0.0000206980403163,0.0000030999392493,0.0000434024259448,0.00094405352138],"median":[0.000911439245101,0.00395165616646,0.000970221241005,0.000555665057618,0.0011331748683,0.000944070750847,0.000491024635267,0.000236775958911,0.000322868057992,0.000265763868811,0.00024515928817,0.000334515672876,0.000368156470358,0.000317311205436,0.000420898984885,0.000217624430661,0.000136838032631,0.000106419829535,0.000110824214062,0.0000917884026421,0.0000625479442533,0.0000309651077259,0.0000133968324008,0.00000566069229535,8.91328397756e-7,0.000014537125935,0.000624763546512],"min":[5.14961944614e-12,6.12868956973e-12,6.19711801406e-13,5.16632006273e-12,5.9101473715e-12,3.37585189837e-12,1.2786719383e-12,8.21736884267e-13,1.20250944619e-12,1.30816408053e-12,2.33570866641e-12,1.48293822968e-12,4.77414386236e-13,9.89168707881e-13,4.43895527974e-12,3.62576483594e-12,1.93419260643e-12,2.65694649441e-12,9.09963771001e-12,6.39991228416e-12,6.7374799316e-12,9.94528417952e-12,8.43468784401e-12,9.98845277322e-12,2.13515663483e-11,4.16031202544e-11,5.25539750607e-11],"var":[0.0000733056440367,0.000379946752219,0.0000133803496283,0.00000473228783449,0.0000130936841742,0.0000156699388754,0.00000583407791055,0.00000273612795354,0.00000503358933202,0.00000804642513685,0.00000543544274478,0.00000475507931696,0.00000362578475688,8.20944649149e-7,0.0000019131055069,2.69719606649e-7,1.60104988822e-7,9.55711669803e-8,7.46664881035e-8,7.11421535016e-8,3.45659358914e-8,1.10364428707e-8,2.05197792091e-9,1.20775278667e-9,3.19989798547e-11,5.55718893125e-9,0.00000109182849428]},"barkbands_crest":{"dmean":2.84661650658,"dmean2":4.6723690033,"dvar":6.41304111481,"dvar2":16.654914856,"max":25.5438423157,"mean":10.4701328278,"median":9.62026977539,"min":2.46980786324,"var":21.9181289673},"barkbands_flatness_db":{"dmean":0.0237217359245,"dmean2":0.0369387567043,"dvar":0.000522462534718,"dvar2":0.00125122384634,"max":0.495926260948,"mean":0.138840511441,"median":0.119384840131,"min":0.0158950872719,"var":0.00509744044393},"barkbands_kurtosis":{"dmean":6.01895236969,"dmean2":9.569688797,"dvar":178.919174194,"dvar2":451.627593994,"max":379.812133789,"mean":13.5633888245,"median":3.76910257339,"min":-1.63591074944,"var":846.607727051},"barkbands_skewness":{"dmean":0.647485554218,"dmean2":1.01260209084,"dvar":0.503097772598,"dvar2":1.21743106842,"max":14.2895202637,"mean":2.36654496193,"median":1.85598218441,"min":-1.3160930872,"var":3.19845438004},"barkbands_spread":{"dmean":6.47287368774,"dmean2":10.1266498566,"dvar":47.2559051514,"dvar2":107.240066528,"max":121.194023132,"mean":27.7733135223,"median":28.079996109,"min":0.33654999733,"var":282.958190918},"dissonance":{"dmean":0.0186712052673,"dmean2":0.0315710827708,"dvar":0.000386572821299,"dvar2":0.00106637214776,"max":0.500000119209,"mean":0.465957760811,"median":0.475840687752,"min":0.20812574029,"var":0.00104097567964},"dynamic_complexity":6.29415035248,"erbbands":{"dmean":[0.365911066532,1.44197392464,2.12638449669,2.54938197136,3.86038184166,6.0053935051,8.77658843994,12.5396175385,10.9100179672,10.3514518738,12.3086938858,14.097869873,23.8330402374,19.4961910248,22.0812721252,26.6659793854,26.2453975677,18.3894710541,22.0429325104,17.4666519165,9.31822872162,7.26352930069,5.65633535385,4.01325559616,4.32097816467,3.46882200241,2.38217115402,1.5417137146,0.921566665173,0.670280992985,0.341926306486,0.27818518877,0.133961677551,0.0366291441023,0.0158302579075,0.0347666293383,0.0506793633103,0.027470998466,0.0141936885193,0.00501104909927],"dmean2":[0.622153401375,2.42013859749,3.62028717995,4.37236499786,6.49215507507,10.0649108887,14.3286190033,20.3801670074,17.5308456421,17.1628875732,20.3687477112,23.172504425,39.1358299255,31.8706245422,35.9923057556,44.472076416,43.4540328979,30.8471355438,36.1454696655,28.4654941559,15.565826416,11.978272438,9.19887828827,6.4212064743,6.81344366074,5.38819074631,3.59596705437,2.32912659645,1.39101910591,1.01693093777,0.49241322279,0.398017168045,0.194898784161,0.055902313441,0.0254438314587,0.0501624383032,0.0707635581493,0.0380001403391,0.0195869673043,0.00759854074568],"dvar":[0.881515681744,8.65750312805,14.7604789734,19.3071537018,64.9321212769,137.709457397,355.116455078,765.56628418,629.003540039,501.037841797,944.168212891,1302.42138672,6579.25195312,2421.04296875,4257.42041016,4500.28466797,3486.99926758,1075.97705078,1829.19580078,1050,258.548980713,186.451171875,114.950149536,47.6628341675,63.3195571899,48.280960083,20.2118415833,13.1934499741,4.68138504028,3.6325044632,0.461498260498,0.336670428514,0.0854817703366,0.00544657977298,0.000906326808035,0.00754639692605,0.0145126525313,0.00415688520297,0.000854727870319,0.0000522425034433],"dvar2":[2.41154670715,23.3190822601,41.0879058838,53.3503875732,176.552780151,367.501342773,897.111938477,2004.44433594,1490.06298828,1341.8885498,2517.89770508,3179.51953125,17469.2421875,5955.27392578,10421.1933594,12291.1240234,9484.18847656,2963.6027832,4604.00585938,2686.42871094,707.109069824,498.188568115,290.227630615,115.86479187,153.496810913,111.786895752,44.4041404724,26.0464420319,9.83906936646,8.36476135254,0.915864408016,0.665384232998,0.186079800129,0.0120813949034,0.00217397371307,0.0157578960061,0.0278911590576,0.00840938556939,0.00137454178184,0.000121558347018],"max":[11.7863950729,44.2145500183,58.6868553162,85.5972900391,232.782196045,282.928253174,413.553833008,766.520141602,1033.27563477,574.903991699,609.598815918,1236.89562988,1866.66796875,1389.3302002,1609.96435547,2747.64306641,1368.8515625,690.931640625,1196.43713379,784.181640625,336.980163574,471.854766846,264.835205078,247.983413696,206.165908813,193.666702271,136.561813354,172.875152588,76.2579956055,46.5471076965,16.7639102936,13.3523368835,10.3233852386,2.04166603088,0.510904252529,2.60635852814,3.58599019051,2.06894445419,1.54957795143,0.189402207732],"mean":[0.428089499474,2.11918377876,3.13577198982,3.76845836639,5.60532903671,8.70669841766,13.2099180222,19.7083377838,17.8970680237,17.1882457733,19.0942764282,21.942861557,33.0804290771,30.5783672333,35.9878082275,46.2461547852,47.2873420715,37.400177002,43.1823196411,35.6374778748,20.9402236938,16.0147533417,12.7649679184,10.1752586365,10.4213724136,8.32397937775,6.00361442566,3.88188266754,2.34092640877,1.5332916975,0.827123939991,0.584167957306,0.245676338673,0.0525183528662,0.019145173952,0.0574754737318,0.104575246572,0.0783811733127,0.0519935488701,0.0265140011907],"median":[0.134498804808,0.688663363457,1.37342703342,1.93859708309,2.55867314339,3.83222341537,5.57906293869,7.82053661346,6.96326446533,6.77201938629,6.1463675499,7.25974845886,7.85259771347,9.76923656464,11.7938842773,15.0286474228,18.3225822449,18.933549881,21.6200485229,19.3604774475,11.8372192383,8.06213092804,6.27829742432,5.56719350815,5.48477125168,4.34610366821,3.10128951073,2.02229261398,1.14894151688,0.712841033936,0.354365736246,0.182184502482,0.0557517521083,0.0155520364642,0.00665883533657,0.0124720381573,0.0312413014472,0.0368534773588,0.030433556065,0.0185513645411],"min":[1.7186328749e-10,1.44370171373e-9,1.21045229395e-9,1.26408634671e-8,1.68263536438e-8,2.10789412591e-8,2.47493421313e-8,2.63061377126e-8,2.1755385049e-8,1.87076789615e-8,1.534834837e-8,2.767675511e-8,3.48764004343e-8,5.19245624275e-8,6.03859362514e-8,7.3916112342e-8,2.48072762332e-8,2.5748311927e-8,1.76975220256e-7,2.75271816008e-7,1.39111477893e-7,1.05011913831e-7,9.22851057794e-8,5.53611698706e-7,2.86228612367e-7,2.6517329843e-7,4.34913118852e-7,1.58657897487e-7,4.10888219449e-7,3.55819594233e-7,1.79288562663e-7,2.01552182943e-7,1.93056123976e-7,1.81232891805e-7,1.45652364836e-7,1.31352393851e-7,9.27112253635e-8,2.11987938314e-8,5.962648153e-9,2.73229128211e-9],"var":[0.756723284721,13.8036909103,24.4335422516,29.6937255859,86.1842422485,200.90057373,592.437133789,1249.89196777,1250.86303711,1064.29260254,1591.16162109,2398.09472656,9519.66308594,3976.08911133,7398.03515625,9287.06152344,7248.96191406,2742.89941406,4193.95117188,2505.97167969,692.989440918,474.765563965,316.911529541,174.662719727,210.801544189,160.742202759,79.5934371948,44.2280769348,15.0582704544,7.030418396,1.52986717224,0.906287372112,0.188996195793,0.00901411101222,0.00115751719568,0.0137920044363,0.0352059416473,0.0148216402158,0.00564146693796,0.000752817373723]},"erbbands_crest":{"dmean":2.52270674706,"dmean2":4.17312097549,"dvar":5.74415969849,"dvar2":15.2776441574,"max":32.6242523193,"mean":8.81081008911,"median":7.57982730865,"min":2.35561418533,"var":19.1284122467},"erbbands_flatness_db":{"dmean":0.0189884919673,"dmean2":0.0289099421352,"dvar":0.000316090969136,"dvar2":0.000717604300007,"max":0.395617604256,"mean":0.144688695669,"median":0.133871421218,"min":0.0426034666598,"var":0.00235330918804},"erbbands_kurtosis":{"dmean":1.49978089333,"dmean2":2.42312240601,"dvar":21.7704029083,"dvar2":53.1762924194,"max":217.415008545,"mean":1.5516256094,"median":0.223331779242,"min":-1.87379002571,"var":39.1486282349},"erbbands_skewness":{"dmean":0.378246635199,"dmean2":0.586493492126,"dvar":0.189808100462,"dvar2":0.448290705681,"max":11.7252864838,"mean":0.315213680267,"median":0.116417430341,"min":-6.74415445328,"var":1.19699525833},"erbbands_spread":{"dmean":5.97122430801,"dmean2":9.38843345642,"dvar":33.4272766113,"dvar2":77.0875930786,"max":93.1738433838,"mean":29.0111446381,"median":27.989276886,"min":1.44478738308,"var":140.085494995},"gfcc":{"cov":[[23658.203125,-884.179199219,-1637.85656738,861.046386719,661.009338379,1020.765625,1656.91345215,-824.019714355,73.0330734253,752.463134766,89.5963516235,173.491333008,-80.31980896],[-884.179199219,923.044616699,178.849334717,-173.749481201,95.0749206543,-52.0747146606,43.8653640747,-96.2073822021,18.5916175842,-9.87565517426,36.1244239807,-85.8536376953,111.423095703],[-1637.85656738,178.849334717,655.255615234,206.049545288,29.8715991974,166.0025177,-49.7725067139,112.379837036,-42.8872451782,-1.95212805271,-1.18605673313,-32.1461105347,31.1569156647],[861.046386719,-173.749481201,206.049545288,432.653137207,217.199554443,188.714767456,158.479278564,24.2479858398,12.7041368484,32.4893455505,-14.7816591263,14.1263065338,-28.3855247498],[661.009338379,95.0749206543,29.8715991974,217.199554443,303.006072998,150.069168091,156.362167358,-27.1397457123,29.2089710236,-0.760343253613,3.04802584648,-16.3027114868,1.31573152542],[1020.765625,-52.0747146606,166.0025177,188.714767456,150.069168091,335.117675781,143.562255859,32.9902687073,-34.8662223816,43.8211135864,0.0210075099021,-12.7314090729,4.32687044144],[1656.91345215,43.8653640747,-49.7725067139,158.479278564,156.362167358,143.562255859,340.320068359,-79.2400588989,35.3175544739,53.3242835999,5.82723855972,5.33520936966,-3.96584486961],[-824.019714355,-96.2073822021,112.379837036,24.2479858398,-27.1397457123,32.9902687073,-79.2400588989,192.939315796,32.7827568054,-13.6695556641,-7.75946474075,-3.27736878395,-6.98054933548],[73.0330734253,18.5916175842,-42.8872451782,12.7041368484,29.2089710236,-34.8662223816,35.3175544739,32.7827568054,104.480484009,31.821308136,5.66540145874,-1.2341504097,-17.5997638702],[752.463134766,-9.87565517426,-1.95212805271,32.4893455505,-0.760343253613,43.8211135864,53.3242835999,-13.6695556641,31.821308136,107.502746582,33.3927993774,1.00108897686,5.50805234909],[89.5963516235,36.1244239807,-1.18605673313,-14.7816591263,3.04802584648,0.0210075099021,5.82723855972,-7.75946474075,5.66540145874,33.3927993774,63.8809356689,29.7862548828,12.9552497864],[173.491333008,-85.8536376953,-32.1461105347,14.1263065338,-16.3027114868,-12.7314090729,5.33520936966,-3.27736878395,-1.2341504097,1.00108897686,29.7862548828,76.6566467285,11.4137496948],[-80.31980896,111.423095703,31.1569156647,-28.3855247498,1.31573152542,4.32687044144,-3.96584486961,-6.98054933548,-17.5997638702,5.50805234909,12.9552497864,11.4137496948,75.6423721313]],"icov":[[0.0001661292481,-0.000149766754475,0.000671428861097,-0.000512651109602,0.000371243717382,-0.000577077909838,-0.000204873009352,0.000304364977637,0.000148907245602,-0.000762758485507,0.000280413834844,-0.000261895009317,0.0000536533370905],[-0.000149766754475,0.0039919745177,-0.00319349998608,0.00396894523874,-0.0032312979456,0.00199903035536,-0.00118473148905,0.00170113134664,-0.00194367172662,0.0016360564623,-0.00248539540917,0.00404096022248,-0.00395323522389],[0.000671428861097,-0.00319349998608,0.00751250470057,-0.00718442164361,0.00563039956614,-0.00484008714557,0.00106186256744,-0.000455764180515,0.0011763953371,-0.00150365463924,-0.000370609399397,-0.000182841584319,0.000293451914331],[-0.000512651109602,0.00396894523874,-0.00718442164361,0.0128282029182,-0.0100738909096,0.00443119229749,-0.00223041907884,-0.000964682141785,0.00126457016449,-0.00267455703579,0.00422423705459,-0.00284248869866,0.00129264139105],[0.000371243717382,-0.0032312979456,0.00563039956614,-0.0100738909096,0.014407065697,-0.00699159735814,0.00058698450448,0.00260964920744,-0.00554686272517,0.00679257046431,-0.00594652956352,0.00414998037741,-0.00191749562509],[-0.000577077909838,0.00199903035536,-0.00484008714557,0.00443119229749,-0.00699159735814,0.0108095342293,-0.00278237927705,-0.00440956419334,0.00638705259189,-0.00320346606895,0.00143168191426,0.000534530379809,0.000443053053459],[-0.000204873009352,-0.00118473148905,0.00106186256744,-0.00223041907884,0.00058698450448,-0.00278237927705,0.00692394096404,0.00223251990974,-0.00333640514873,0.000900081882719,0.000293653283734,-0.000943143153563,0.00022141149384],[0.000304364977637,0.00170113134664,-0.000455764180515,-0.000964682141785,0.00260964920744,-0.00440956419334,0.00223251990974,0.0113377161324,-0.00868179742247,0.00391340255737,-0.00238413689658,0.00257776631042,-0.00327231897973],[0.000148907245602,-0.00194367172662,0.0011763953371,0.00126457016449,-0.00554686272517,0.00638705259189,-0.00333640514873,-0.00868179742247,0.0223979651928,-0.0126303145662,0.00639811391011,-0.00561074260622,0.00764805963263],[-0.000762758485507,0.0016360564623,-0.00150365463924,-0.00267455703579,0.00679257046431,-0.00320346606895,0.000900081882719,0.00391340255737,-0.0126303145662,0.0262447819114,-0.0170224048197,0.0115193929523,-0.00680327229202],[0.000280413834844,-0.00248539540917,-0.000370609399397,0.00422423705459,-0.00594652956352,0.00143168191426,0.000293653283734,-0.00238413689658,0.00639811391011,-0.0170224048197,0.0337505638599,-0.0190856475383,0.00534113682806],[-0.000261895009317,0.00404096022248,-0.000182841584319,-0.00284248869866,0.00414998037741,0.000534530379809,-0.000943143153563,0.00257776631042,-0.00561074260622,0.0115193929523,-0.0190856475383,0.028468022123,-0.0103072440252],[0.0000536533370905,-0.00395323522389,0.000293451914331,0.00129264139105,-0.00191749562509,0.000443053053459,0.00022141149384,-0.00327231897973,0.00764805963263,-0.00680327229202,0.00534113682806,-0.0103072440252,0.0220974981785]],"mean":[-40.1342277527,89.8689498901,-88.0169677734,-4.22627592087,-12.3684692383,-19.1025829315,-6.25537633896,-18.6783275604,-0.136462777853,-6.6439447403,-3.06028747559,-1.45660769939,-6.43038415909]},"hfc":{"dmean":33.4701576233,"dmean2":52.0126838684,"dvar":2344.39453125,"dvar2":5673.64648438,"max":1443.34240723,"mean":157.670181274,"median":138.713317871,"min":0.00000710051563146,"var":20452.46875},"melbands":{"dmean":[0.00280195032246,0.00132082612254,0.000443015043857,0.000344558211509,0.000286058377242,0.000279840722214,0.000158489201567,0.000112103974971,0.000107200292405,0.0000917671131901,0.000122287048725,0.0000814999511931,0.0000821201392682,0.000060932674387,0.0000702357865521,0.0000629751521046,0.0000343455503753,0.0000356033124262,0.0000368011642422,0.0000164922239492,0.0000112967400128,0.00000892042044143,0.00000630211252428,0.00000464593676952,0.00000350221966983,0.00000375628792426,0.00000303282649838,0.00000244076181843,0.00000172150237177,0.00000132486241,8.89782484137e-7,6.05962725331e-7,4.62241047217e-7,3.42209176551e-7,2.09008831575e-7,1.90415121892e-7,1.75959982585e-7,1.11503474898e-7,5.71622464918e-8,2.35029684603e-8],"dmean2":[0.00470477435738,0.00221511046402,0.000755036482587,0.000575457059313,0.000467195524834,0.000451424944913,0.000254844839219,0.000187636280316,0.000177191846888,0.000150489519001,0.000200673748623,0.000133619527332,0.000132944871439,0.000100591394585,0.000117604555271,0.000105106824776,0.0000579852312512,0.0000587948052271,0.0000604094821028,0.0000274296344287,0.000018944931071,0.0000148629787873,0.0000104560303953,0.00000759488557378,0.00000570509018871,0.00000604870729148,0.00000482106861455,0.0000038494108594,0.00000266657411885,0.00000206411505133,0.00000137891595386,9.41840255564e-7,7.15102260074e-7,5.26633300524e-7,3.11002793296e-7,2.76050343473e-7,2.58710485923e-7,1.66078052644e-7,8.4927641808e-8,3.74384896418e-8],"dvar":[0.000044990931201,0.00000591051320953,5.86415978887e-7,4.45079678002e-7,3.28280549411e-7,3.49829889501e-7,1.24515523225e-7,5.8760647903e-8,7.12471788233e-8,6.0691739634e-8,1.70001641209e-7,4.41832774811e-8,6.46372910751e-8,2.12264108512e-8,3.1981187476e-8,2.2164822866e-8,3.87268350721e-9,4.79600581471e-9,5.20632115197e-9,8.05647992763e-10,3.98422628223e-10,2.8767685456e-10,1.33063962626e-10,7.87451839845e-11,3.71134407928e-11,4.5170395202e-11,3.44292962196e-11,2.44734319615e-11,1.08135826682e-11,7.36123922235e-12,4.85528501085e-12,2.10011045013e-12,1.32829110124e-12,8.9442683945e-13,1.64831649306e-13,1.62788212814e-13,1.35283196321e-13,6.02698433153e-14,1.59623528317e-14,2.17571805095e-15],"dvar2":[0.00012140902254,0.0000159049359354,0.00000161111120178,0.00000118991135878,8.32787179661e-7,9.06544869395e-7,2.98151775269e-7,1.56577286248e-7,1.89558647889e-7,1.47750142787e-7,4.51042978966e-7,1.09563345063e-7,1.54061098101e-7,5.65008022591e-8,8.77388046661e-8,5.9799383223e-8,1.08501643226e-8,1.22161409877e-8,1.30605819493e-8,2.1555293106e-9,1.0984060328e-9,7.77818143227e-10,3.50358908552e-10,2.00899824554e-10,9.28343027451e-11,1.14411237429e-10,8.31905794252e-11,5.85497761385e-11,2.44733747157e-11,1.71530376708e-11,1.00075460072e-11,4.60362217097e-12,2.98149048852e-12,2.1442838824e-12,3.52729835357e-13,3.2406499359e-13,2.84261411068e-13,1.36632689212e-13,3.58191158212e-14,5.06697438388e-15],"max":[0.0886604115367,0.0375418812037,0.0174526870251,0.0139719536528,0.0112434960902,0.0161206182092,0.0133879110217,0.00735257333145,0.00627503311262,0.00751290516928,0.00975662097335,0.00589266279712,0.00701381964609,0.00440049776807,0.00605187797919,0.00317045580596,0.00138631369919,0.00172463594936,0.00135055545252,0.000645975349471,0.000436228117906,0.00057402724633,0.000263509777142,0.00027194575523,0.000219719484448,0.000153439497808,0.000149739411427,0.000129774285597,0.0000929459492909,0.0000886856505531,0.000117985146062,0.000053868508985,0.0000362163191312,0.000029280767194,0.00000936761898629,0.0000113470787255,0.0000077179975051,0.00000824262679089,0.00000480955668536,0.0000010638235608],"mean":[0.00367715256289,0.00211958889849,0.000699577620253,0.000517562206369,0.000452639797004,0.00045000348473,0.00026493446785,0.000180568138603,0.000160563678946,0.000138708128361,0.000165331643075,0.000121677199786,0.000122615732835,0.000106744380901,0.0001157635852,0.000104625010863,0.0000631018483546,0.0000650487854728,0.0000662272868794,0.0000328266614815,0.0000226248830586,0.0000174324995896,0.0000128018200485,0.00000992653713183,0.00000792259652371,0.0000081148064055,0.0000066756765591,0.0000052710233831,0.00000392857236875,0.00000297817518913,0.00000199821056412,0.00000140039014696,0.00000102937406155,7.37541597573e-7,4.71940694524e-7,4.08571480648e-7,3.36515626032e-7,1.94789947727e-7,8.70426433153e-8,2.76193663495e-8],"median":[0.00131826405413,0.000912724644877,0.000388105894672,0.000244334572926,0.000201774513698,0.000185396915185,0.000107842904981,0.0000655245457892,0.0000500651949551,0.0000438846363977,0.0000373607726942,0.0000364782208635,0.0000360108861059,0.0000354246840288,0.0000390186360164,0.0000366035383195,0.0000303534143313,0.0000317179874401,0.0000304805671476,0.0000174768683792,0.0000117030431284,0.00000801558508101,0.00000617521436652,0.00000473204818263,0.0000041978291847,0.00000408045889344,0.00000343929400515,0.0000025573417588,0.00000192080619854,0.00000154059603119,9.75722741714e-7,6.52059156891e-7,4.90047000312e-7,3.30304118279e-7,2.01827973001e-7,1.50031681301e-7,9.12295021749e-8,3.96677108938e-8,1.76251511164e-8,7.46482964331e-9],"min":[1.96760099533e-12,1.01800241414e-12,2.31256528684e-12,1.37605302587e-12,8.84828289197e-13,6.07268521493e-13,3.0142278647e-13,2.03325285211e-13,1.32019137918e-13,1.73903426381e-13,1.7706776529e-13,1.98656480263e-13,2.47472859262e-13,1.09665301471e-13,1.15364938739e-13,2.67321429749e-14,4.16380966436e-14,2.63824742218e-13,3.23801559567e-13,3.77864216696e-13,1.11842792785e-13,1.1275542674e-13,6.4951502835e-14,1.22017508402e-13,5.23881610835e-13,2.0318246868e-13,1.49020349554e-13,1.91947938663e-13,3.77278774628e-13,9.94565893401e-14,7.32905422007e-14,1.97288948958e-13,2.42247330052e-13,2.002207265e-13,9.83163881254e-14,1.06196891287e-13,1.2323055445e-13,1.23273759907e-13,1.97611011213e-13,1.33061950672e-13],"var":[0.0000439749856014,0.0000115774882943,9.32390719299e-7,6.44675480999e-7,5.83062387705e-7,5.9695219079e-7,2.6296879696e-7,1.18030349938e-7,1.19069696325e-7,1.08042861768e-7,2.44893897161e-7,6.9660032409e-8,1.04109027177e-7,4.91066849406e-8,5.51488952283e-8,4.61765168325e-8,8.14967116014e-9,1.00580548335e-8,1.11693490012e-8,1.94282256949e-9,9.06276387269e-10,6.29692353815e-10,3.17612436351e-10,2.04014416472e-10,1.122734683e-10,1.29187119335e-10,1.00147286297e-10,7.14738129792e-11,3.67341643215e-11,2.22627472013e-11,1.38863304536e-11,5.91099044711e-12,3.06512649463e-12,1.61195644506e-12,5.05232086636e-13,4.38780901803e-13,3.26018400644e-13,1.25269979394e-13,2.85806263638e-14,2.84705413033e-15]},"melbands_crest":{"dmean":3.9868812561,"dmean2":6.55827951431,"dvar":13.9972705841,"dvar2":37.0027008057,"max":36.7407569885,"mean":15.3863515854,"median":14.6898822784,"min":3.56354379654,"var":34.5782852173},"melbands_flatness_db":{"dmean":0.0305704716593,"dmean2":0.0475466810167,"dvar":0.000782726739999,"dvar2":0.00187296827789,"max":0.665442109108,"mean":0.245514780283,"median":0.227290973067,"min":0.0196102056652,"var":0.00759328342974},"melbands_kurtosis":{"dmean":7.38099479675,"dmean2":11.9229803085,"dvar":164.683746338,"dvar2":415.770751953,"max":243.034011841,"mean":14.7890262604,"median":6.13813304901,"min":-1.87904977798,"var":684.604675293},"melbands_skewness":{"dmean":0.79068094492,"dmean2":1.25367712975,"dvar":0.680194675922,"dvar2":1.65980911255,"max":11.2162561417,"mean":2.5724864006,"median":2.1869122982,"min":-1.59810268879,"var":2.64627528191},"melbands_spread":{"dmean":5.59756946564,"dmean2":8.88363170624,"dvar":39.2070541382,"dvar2":93.9485321045,"max":124.92326355,"mean":19.6158485413,"median":17.4605255127,"min":0.301856070757,"var":202.925109863},"mfcc":{"cov":[[22098.1777344,186.858352661,-2579.18603516,752.217529297,-799.118896484,1899.20019531,568.192565918,293.25491333,-140.299697876,936.85369873,-276.063354492,137.894866943,286.639526367],[186.858352661,1110.56628418,-40.7447242737,-77.8061676025,-22.0770339966,59.3249778748,40.4912338257,-113.681854248,13.1537046432,19.9157905579,-5.7191195488,-81.9327774048,61.3599433899],[-2579.18603516,-40.7447242737,746.365112305,-22.7667484283,193.694335938,-136.718811035,51.3729515076,-5.13407182693,52.2786369324,-71.0005950928,39.186088562,1.70900714397,-23.3701248169],[752.217529297,-77.8061676025,-22.7667484283,329.406280518,49.2695579529,191.640319824,82.6215744019,74.3904724121,39.9891014099,63.2106704712,-1.63234531879,27.4845752716,34.2391586304],[-799.118896484,-22.0770339966,193.694335938,49.2695579529,271.908874512,20.7792663574,61.6993751526,38.9558753967,43.3035354614,-3.01924848557,11.764172554,1.40505754948,8.33185577393],[1899.20019531,59.3249778748,-136.718811035,191.640319824,20.7792663574,422.646270752,209.607971191,94.0158843994,27.4308261871,125.170028687,-35.1638298035,9.35873126984,56.4724960327],[568.192565918,40.4912338257,51.3729515076,82.6215744019,61.6993751526,209.607971191,217.5131073,80.8865280151,44.2701759338,56.1231269836,-18.5047950745,-4.8976817131,37.84167099],[293.25491333,-113.681854248,-5.13407182693,74.3904724121,38.9558753967,94.0158843994,80.8865280151,139.078109741,46.4095954895,31.4030761719,-2.07568526268,23.1499118805,6.64618682861],[-140.299697876,13.1537046432,52.2786369324,39.9891014099,43.3035354614,27.4308261871,44.2701759338,46.4095954895,94.7450485229,35.1987571716,18.0318717957,2.1095097065,11.8187513351],[936.85369873,19.9157905579,-71.0005950928,63.2106704712,-3.01924848557,125.170028687,56.1231269836,31.4030761719,35.1987571716,147.710998535,18.2447872162,1.60309243202,23.2084102631],[-276.063354492,-5.7191195488,39.186088562,-1.63234531879,11.764172554,-35.1638298035,-18.5047950745,-2.07568526268,18.0318717957,18.2447872162,76.5549240112,24.9105377197,7.15024185181],[137.894866943,-81.9327774048,1.70900714397,27.4845752716,1.40505754948,9.35873126984,-4.8976817131,23.1499118805,2.1095097065,1.60309243202,24.9105377197,84.2274780273,12.8263206482],[286.639526367,61.3599433899,-23.3701248169,34.2391586304,8.33185577393,56.4724960327,37.84167099,6.64618682861,11.8187513351,23.2084102631,7.15024185181,12.8263206482,65.5495681763]],"icov":[[0.000164389464771,0.00000228737303587,0.000345509819454,-0.000026035871997,0.000219025139813,-0.000397076568333,-0.0000566981943848,0.0000407792140322,0.000250364159001,-0.00060853298055,0.000388601154555,-0.000341996521456,-0.0000465176417492],[0.00000228737303587,0.00122631853446,0.0000573349425395,0.000374905008357,0.0000418711679231,-0.000460210983874,-0.000142243152368,0.00124312599655,-0.000705955200829,0.000231842408539,-0.000258657586528,0.0010254640365,-0.001113334205],[0.000345509819454,0.0000573349425395,0.00294347060844,-0.000317371392157,-0.000721219286788,0.000479789363453,-0.00211864383891,0.0010290350765,-0.00018955982523,-0.000568409566768,0.0000190910377569,-0.00103808194399,0.000884209061041],[-0.000026035871997,0.000374905008357,-0.000317371392157,0.00479976087809,-0.000506239302922,-0.00263928482309,0.00159947830252,-0.000747885555029,-0.00122073967941,0.000171794716152,-0.000113061803859,-0.000318970618537,-0.00113271945156],[0.000219025139813,0.0000418711679231,-0.000721219286788,-0.000506239302922,0.00529746385291,-0.000587168731727,-0.000606272195,-0.000626358552836,-0.000562564469874,-0.000356988079147,0.000161958756507,0.0000308927119477,-0.000539533270057],[-0.000397076568333,-0.000460210983874,0.000479789363453,-0.00263928482309,-0.000587168731727,0.00972336251289,-0.00656558247283,-0.00063442561077,0.00174506928306,-0.00223381654359,0.00153999647591,-0.000635322357994,-0.000298231665511],[-0.0000566981943848,-0.000142243152368,-0.00211864383891,0.00159947830252,-0.000606272195,-0.00656558247283,0.0135486545041,-0.00396366091445,-0.00187479821034,0.000757737318054,0.000959002936725,0.00235787034035,-0.00339224329218],[0.0000407792140322,0.00124312599655,0.0010290350765,-0.000747885555029,-0.000626358552836,-0.00063442561077,-0.00396366091445,0.0135021386668,-0.00515455193818,0.000357392098522,0.000788033008575,-0.00294908205979,0.00225487095304],[0.000250364159001,-0.000705955200829,-0.00018955982523,-0.00122073967941,-0.000562564469874,0.00174506928306,-0.00187479821034,-0.00515455193818,0.0169018302113,-0.00436713313684,-0.00188395590521,0.000820456596557,-0.00114713853691],[-0.00060853298055,0.000231842408539,-0.000568409566768,0.000171794716152,-0.000356988079147,-0.00223381654359,0.000757737318054,0.000357392098522,-0.00436713313684,0.0135479681194,-0.00580577692017,0.00299368612468,-0.000314051256282],[0.000388601154555,-0.000258657586528,0.0000190910377569,-0.000113061803859,0.000161958756507,0.00153999647591,0.000959002936725,0.000788033008575,-0.00188395590521,-0.00580577692017,0.0194853357971,-0.00651274155825,-0.00182802090421],[-0.000341996521456,0.0010254640365,-0.00103808194399,-0.000318970618537,0.0000308927119477,-0.000635322357994,0.00235787034035,-0.00294908205979,0.000820456596557,0.00299368612468,-0.00651274155825,0.0170332957059,-0.00401709089056],[-0.0000465176417492,-0.001113334205,0.000884209061041,-0.00113271945156,-0.000539533270057,-0.000298231665511,-0.00339224329218,0.00225487095304,-0.00114713853691,-0.000314051256282,-0.00182802090421,-0.00401709089056,0.0207668207586]],"mean":[-703.803405762,151.682418823,-12.6495809555,27.5610408783,3.65434837341,14.1834936142,-2.74143123627,2.90630555153,-2.82133173943,4.56369781494,-1.85714316368,3.86686420441,-1.02171278]},"pitch_salience":{"dmean":0.0728015601635,"dmean2":0.117730170488,"dvar":0.00417056540027,"dvar2":0.0108879813924,"max":0.832753002644,"mean":0.544529795647,"median":0.561370313168,"min":0.100602038205,"var":0.0143093559891},"silence_rate_20dB":{"dmean":0,"dmean2":0,"dvar":0,"dvar2":0,"max":1,"mean":1,"median":1,"min":1,"var":0},"silence_rate_30dB":{"dmean":0.060744382441,"dmean2":0.121499426663,"dvar":0.0570545010269,"dvar2":0.131318122149,"max":1,"mean":0.937242150307,"median":1,"min":0,"var":0.0588192865252},"silence_rate_60dB":{"dmean":0.0152738764882,"dmean2":0.0305504351854,"dvar":0.0150405848399,"dvar2":0.0326019190252,"max":1,"mean":0.221100673079,"median":0,"min":0,"var":0.172215163708},"spectral_centroid":{"dmean":181.198699951,"dmean2":274.182800293,"dvar":46253.234375,"dvar2":84628.3984375,"max":11438.2480469,"mean":1119.92919922,"median":1110.04699707,"min":102.734527588,"var":326937.96875},"spectral_complexity":{"dmean":2.85463476181,"dmean2":4.4275302887,"dvar":9.68813896179,"dvar2":20.4540367126,"max":60,"mean":20.0274734497,"median":22,"min":0,"var":200.242462158},"spectral_contrast_coeffs":{"dmean":[0.0505155175924,0.0486656427383,0.0375407598913,0.0280368868262,0.0205616559833,0.030722444877],"dmean2":[0.0850279927254,0.0809726342559,0.0624765753746,0.0466618388891,0.0340371206403,0.0480691380799],"dvar":[0.00163494318258,0.00145758164581,0.000906099623535,0.000479920738144,0.000282237335341,0.000889169285074],"dvar2":[0.00457730563357,0.00402294145897,0.0024578475859,0.00128568615764,0.000742569449358,0.00216150353663],"max":[-0.367173790932,-0.495003700256,-0.561141908169,-0.627470254898,-0.614556908607,-0.487308859825],"mean":[-0.697509467602,-0.759921312332,-0.80616247654,-0.812443196774,-0.819431364536,-0.746750950813],"median":[-0.703509569168,-0.761527776718,-0.810620307922,-0.812355160713,-0.816415250301,-0.735043406487],"min":[-0.96348130703,-0.96162545681,-0.967469215393,-0.982125163078,-0.976558983326,-0.955713152885],"var":[0.0051208185032,0.00428850902244,0.00311413221061,0.00218871049583,0.00150290329475,0.00677837524563]},"spectral_contrast_valleys":{"dmean":[0.400460928679,0.360358595848,0.322540909052,0.26187351346,0.258183449507,0.492563396692],"dmean2":[0.660591542721,0.58808940649,0.520289480686,0.412018805742,0.385697364807,0.75443905592],"dvar":[0.131973192096,0.108073502779,0.0962106958032,0.0797282382846,0.101065531373,0.213463798165],"dvar2":[0.305024623871,0.241024643183,0.209422379732,0.154658094049,0.192879959941,0.497488766909],"max":[-4.96187925339,-4.29791975021,-5.09822893143,-5.29710006714,-5.7030620575,-8.91667747498],"mean":[-7.34820127487,-6.84761476517,-7.45506238937,-7.67176198959,-8.03196144104,-11.3784666061],"median":[-6.75272130966,-6.47085142136,-6.87434482574,-6.94600439072,-7.27807092667,-11.0357303619],"min":[-27.2567634583,-27.1961803436,-27.1721897125,-27.3136405945,-27.3973674774,-27.3775177002],"var":[2.75251889229,1.75082528591,2.51750135422,2.7861289978,2.7725610733,1.73805940151]},"spectral_decrease":{"dmean":3.48986373133e-9,"dmean2":5.63135404974e-9,"dvar":4.49332648196e-17,"dvar2":1.15098926454e-16,"max":7.01730140662e-9,"mean":-6.82168277422e-9,"median":-4.4499834928e-9,"min":-9.87295862842e-8,"var":7.11939199276e-17},"spectral_energy":{"dmean":0.0136385625228,"dmean2":0.0216350350529,"dvar":0.000661967729684,"dvar2":0.00165383482818,"max":0.399384260178,"mean":0.0400477647781,"median":0.0331022404134,"min":6.78436251622e-10,"var":0.00162733427715},"spectral_energyband_high":{"dmean":0.000214710846194,"dmean2":0.000291476666462,"dvar":1.34337582836e-7,"dvar2":2.30085049679e-7,"max":0.011836390011,"mean":0.000869517214596,"median":0.000576321268454,"min":1.45813514041e-10,"var":0.00000109192581021},"spectral_energyband_low":{"dmean":0.0109322043136,"dmean2":0.0181722138077,"dvar":0.000565485213883,"dvar2":0.00149235501885,"max":0.325283169746,"mean":0.0169963221997,"median":0.00824303831905,"min":1.20185493502e-11,"var":0.000684456317686},"spectral_energyband_middle_high":{"dmean":0.00206506531686,"dmean2":0.00318531226367,"dvar":0.0000138509440148,"dvar2":0.0000339815305779,"max":0.0798084959388,"mean":0.00654357019812,"median":0.0040291021578,"min":2.99048910635e-11,"var":0.0000675062692608},"spectral_energyband_middle_low":{"dmean":0.00359780038707,"dmean2":0.00572018139064,"dvar":0.0000322920168401,"dvar2":0.0000798094479251,"max":0.0998438820243,"mean":0.00940244924277,"median":0.006151588168,"min":1.80514787146e-11,"var":0.000111171248136},"spectral_entropy":{"dmean":0.158366456628,"dmean2":0.240197405219,"dvar":0.0371908843517,"dvar2":0.0845059975982,"max":9.79068565369,"mean":7.43842792511,"median":7.63379526138,"min":4.38763237,"var":0.291827201843},"spectral_flux":{"dmean":0.0224536173046,"dmean2":0.0356695391238,"dvar":0.00114559440408,"dvar2":0.00242852210067,"max":0.509659349918,"mean":0.0973961949348,"median":0.0970606654882,"min":0.0000260468095803,"var":0.00519621232525},"spectral_kurtosis":{"dmean":3.76184272766,"dmean2":5.80159664154,"dvar":27.2589912415,"dvar2":66.4450912476,"max":100.62020874,"mean":18.355632782,"median":16.2008190155,"min":-1.18335962296,"var":82.2958908081},"spectral_rms":{"dmean":0.000856897386257,"dmean2":0.00132539623883,"dvar":0.00000152586301283,"dvar2":0.00000360367107533,"max":0.019739381969,"mean":0.00529925152659,"median":0.00568285724148,"min":8.13565634417e-7,"var":0.0000109889224404},"spectral_rolloff":{"dmean":4681.34130859,"dmean2":8905.38476562,"dvar":57055444,"dvar2":131164376,"max":22050,"mean":14550.953125,"median":20779.5410156,"min":64.599609375,"var":83825584},"spectral_skewness":{"dmean":0.289268493652,"dmean2":0.441443890333,"dvar":0.129823639989,"dvar2":0.302236199379,"max":8.21480083466,"mean":2.92337560654,"median":2.75046110153,"min":-0.0607169158757,"var":0.599692702293},"spectral_spread":{"dmean":404054.03125,"dmean2":610138.4375,"dvar":260717903872,"dvar2":422291439616,"max":41151212,"mean":4012142,"median":3995241,"min":1242848.375,"var":853567143936},"spectral_strongpeak":{"dmean":2.66060423851,"dmean2":5.02543592453,"dvar":108.942878723,"dvar2":307.171203613,"max":142.42741394,"mean":2.2132191658,"median":0.249948769808,"min":0,"var":85.361289978},"zerocrossingrate":{"dmean":0.0412283465266,"dmean2":0.0520446673036,"dvar":0.00154413084965,"dvar2":0.00218734517694,"max":0.90087890625,"mean":0.293042808771,"median":0.28076171875,"min":0.04345703125,"var":0.0108126169071}},"metadata":{"audio_properties":{"analysis_sample_rate":44100,"bit_rate":173475,"codec":"mp3","downmix":"mix","equal_loudness":0,"length":264.515930176,"lossless":false,"md5_encoded":"ff9788bae4b6097b4a6fae2f72311dc9","replay_gain":-0.189767837524,"sample_rate":44100},"tags":{"acoustid_id":["b1467668-03d2-4aab-8d7f-4babc26340bf"],"album":["Sam’s Town"],"albumartist":["The Killers"],"artist":["The Killers"],"date":["2006"],"discnumber":["1/1"],"file_name":"11 - The Killers - Why Do I Keep Counting_.mp3","musicbrainz_albumartistid":["95e1ead9-4d31-4808-a7ac-32c3614c116b"],"musicbrainz_albumid":["d6ea94ce-f1b1-48a3-ad39-d6eadc0c6768"],"musicbrainz_artistid":["95e1ead9-4d31-4808-a7ac-32c3614c116b"],"musicbrainz_recordingid":["1a3ed1fd-c5de-42ca-90ed-5dfab6d761df"],"musicbrainz_releasegroupid":["e5ae2682-f6cb-327d-9e5e-8e055fb5b094"],"replaygain_album_gain":["-0.39 dB"],"replaygain_album_peak":["0.410232"],"replaygain_track_gain":["-0.51 dB"],"replaygain_track_peak":["0.365813"],"title":["Why Do I Keep Counting?"],"tracknumber":["11/12"]},"version":{"essentia":"2.1-beta1","essentia_build_sha":"e76a03f03bb3900de42a1fa0d9be1e72f12def64","essentia_git_sha":"v2.1_beta1-28-g21ef5f4-dirty","extractor":"music 1.0"}},"rhythm":{"beats_count":468,"beats_loudness":{"dmean":0.019078200683,"dmean2":0.0331058055162,"dvar":0.000519813911524,"dvar2":0.00157231430057,"max":0.171737462282,"mean":0.0518827177584,"median":0.0536700375378,"min":9.24357493659e-7,"var":0.00175986578688},"beats_loudness_band_ratio":{"dmean":[0.212735652924,0.108963176608,0.0829411000013,0.0658762231469,0.0330970399082,0.105777569115],"dmean2":[0.382984995842,0.195188254118,0.147534072399,0.119051858783,0.0577868297696,0.190526306629],"dvar":[0.0303561016917,0.0161011964083,0.00789107847959,0.00679066544399,0.00168050872162,0.0144870746881],"dvar2":[0.105724260211,0.047584053129,0.0210324712098,0.0196465775371,0.00392122333869,0.0444229468703],"max":[0.90538328886,0.920369148254,0.736225426197,0.526241719723,0.724740505219,0.911996543407],"mean":[0.41577449441,0.15