{"lowlevel":{"average_loudness":0.870919644833,"barkbands":{"dmean":[0.000477095338283,0.0029209931381,0.00160055386368,0.00110872637015,0.00214949273504,0.00202869833447,0.0010448746616,0.000742274220102,0.000612511998042,0.000367538043065,0.00043820971041,0.000434540823335,0.000412001478253,0.000169652499608,0.000180954288226,0.000142923658132,0.000191592451301,0.000222206872422,0.000177578403964,0.000195213709958,0.000133910551085,0.000160248513566,0.000155992704094,0.000110586639494,0.0000724329947843,0.0000123151912703,1.68092995523e-7],"dmean2":[0.000798614230007,0.00491456128657,0.00247603678145,0.00190134497825,0.00355735700577,0.0033967345953,0.00169524317607,0.00119210302364,0.000946115353145,0.000574183126446,0.000703523051925,0.000696244591381,0.000646287808195,0.000272036035312,0.000287577800918,0.000228515287745,0.000302426866256,0.0003490113304,0.000288429640932,0.000302502070554,0.000199643778615,0.000231107347645,0.000215784661123,0.000158107170137,0.000105629973405,0.0000168622864294,2.52842653481e-7],"dvar":[0.00000107094740542,0.0000137105616886,0.00000385547036785,0.00000175296258931,0.00000671910174788,0.00000770035330788,0.00000422894936492,0.00000209051518141,0.00000217478418563,8.25503093438e-7,8.61967748733e-7,7.17551642992e-7,8.51172444527e-7,1.01009469233e-7,1.15681380919e-7,8.35498141782e-8,1.28955392142e-7,2.43093353447e-7,5.25330214884e-8,9.87676997966e-8,7.66253265283e-8,2.188374566e-7,3.36145205893e-7,2.9398688639e-7,1.38057387744e-7,1.0463428346e-8,1.36516210662e-12],"dvar2":[0.00000293959669762,0.0000393137233914,0.00000818062926555,0.00000472866895507,0.0000169905415532,0.0000212488794205,0.000010065717106,0.00000449025492344,0.00000437066228187,0.00000164125424362,0.00000216183002522,0.00000175521518031,0.00000184619705124,2.17859934537e-7,2.76474850125e-7,1.96036495481e-7,2.96742314276e-7,5.50814434064e-7,1.34578883149e-7,2.16006085907e-7,1.57358897468e-7,3.97377192485e-7,5.91606976741e-7,5.92639821662e-7,2.50793561918e-7,2.27572645173e-8,2.97444902909e-12],"max":[0.0158473011106,0.0511448532343,0.0577017553151,0.0159201454371,0.0491387471557,0.041492562741,0.0375080965459,0.027215603739,0.0331336893141,0.0160790979862,0.0210273265839,0.0252213086933,0.0192714128643,0.00872286781669,0.00899681821465,0.00888823345304,0.00807246379554,0.0136295892298,0.00313650653698,0.00718657206744,0.00600469531491,0.0102085126564,0.0176506601274,0.0201966203749,0.0139241823927,0.00457463040948,0.0000285358055407],"mean":[0.000855016929563,0.00616445206106,0.00452157668769,0.0016474124277,0.00377066479996,0.00343969417736,0.00162587861996,0.00114599056542,0.00100369344,0.000554908707272,0.000636578537524,0.000592329888605,0.000551363220438,0.000251759105595,0.000297059334116,0.000271496886853,0.000390033994336,0.000448870152468,0.000485523662064,0.000478902831674,0.00033117242856,0.000350479065673,0.00028939548065,0.00017522413691,0.00012152367708,0.0000193627965928,2.21908507569e-7],"median":[0.000146848527947,0.00344758154824,0.00186024280265,0.00103308004327,0.00285571278073,0.00249026389793,0.000859072897583,0.000543503148947,0.000393671914935,0.00022285443265,0.000213433886529,0.000293851684546,0.000241308123805,0.000138707691804,0.000163669377798,0.000172965490492,0.000230669626035,0.000216066793655,0.000345064792782,0.000299008737784,0.000172282423591,0.000114800684969,0.0000196750279429,0.0000117001318358,0.00000685169379722,8.95503944776e-7,1.02156716419e-9],"min":[1.56192092651e-23,3.93774309664e-23,1.55197970138e-24,7.54207192288e-24,4.78975452613e-23,2.36167252984e-23,3.48990549857e-23,1.76690012184e-23,3.17845248468e-23,7.37956152769e-23,5.51026662926e-23,2.16366307838e-23,7.36727359914e-23,1.03969380819e-22,1.00012530249e-22,1.26398059506e-22,1.46474291864e-22,1.56710917002e-22,1.74610297159e-22,4.13355137374e-22,3.93344904274e-22,6.12289095955e-22,5.93528342798e-22,9.5376539859e-22,1.235076681e-21,1.54153447618e-21,2.32419960474e-21],"var":[0.00000332571721628,0.0000477142893942,0.000046827019105,0.0000037154140955,0.0000126128770717,0.0000124310863612,0.00000720582102076,0.00000425333064413,0.00000464780214315,0.00000155471025209,0.00000177884044206,9.29934458327e-7,0.00000116553076168,1.57126208933e-7,2.00194932631e-7,1.45153748576e-7,3.15462159506e-7,6.72429621318e-7,1.9522627781e-7,3.18810748468e-7,2.65359801688e-7,7.69036034853e-7,0.00000133056153118,5.14338807989e-7,2.60733173718e-7,1.38761651058e-8,2.64813149707e-12]},"barkbands_crest":{"dmean":2.30970835686,"dmean2":3.86873888969,"dvar":4.14823770523,"dvar2":11.0393218994,"max":25.7322463989,"mean":8.68183708191,"median":8.09081363678,"min":2.49062895775,"var":9.97055625916},"barkbands_flatness_db":{"dmean":0.0214383862913,"dmean2":0.0325236283243,"dvar":0.000341843202477,"dvar2":0.000748152437154,"max":0.462002843618,"mean":0.151577189565,"median":0.139783859253,"min":0.0113763147965,"var":0.00371412956156},"barkbands_kurtosis":{"dmean":2.25937390327,"dmean2":3.58426308632,"dvar":8.68784809113,"dvar2":21.6862182617,"max":45.757610321,"mean":3.48001265526,"median":1.95560407639,"min":-1.91122043133,"var":24.258102417},"barkbands_skewness":{"dmean":0.476342201233,"dmean2":0.737480342388,"dvar":0.187428161502,"dvar2":0.434737473726,"max":6.14302873611,"mean":1.63507854939,"median":1.56347715855,"min":-2.09420609474,"var":0.846316039562},"barkbands_spread":{"dmean":5.89588069916,"dmean2":8.80770397186,"dvar":49.3710975647,"dvar2":91.4468994141,"max":114.625968933,"mean":25.7117576599,"median":21.3005981445,"min":1.66093468666,"var":350.256317139},"dissonance":{"dmean":0.0141828544438,"dmean2":0.0237451083958,"dvar":0.000312427757308,"dvar2":0.000811510370113,"max":0.5,"mean":0.474230259657,"median":0.479296565056,"min":0.151656761765,"var":0.000736313930247},"dynamic_complexity":3.75642466545,"erbbands":{"dmean":[0.103039443493,0.617520272732,1.77761590481,2.47883462906,7.30744028091,6.470246315,9.5187921524,20.7209453583,18.3741283417,12.1961250305,16.5718231201,12.6169652939,11.5527000427,13.8039646149,16.1788063049,16.6530990601,17.4247608185,11.2217731476,8.98365020752,7.06701087952,7.80782651901,10.2804899216,12.9244728088,8.93431091309,8.47284126282,9.00912952423,7.50306367874,4.49973011017,6.43645048141,4.90232801437,4.29894256592,2.52082800865,1.80078518391,1.1331050396,0.355117231607,0.0965586081147,0.0138182686642,0.00132452475373,0.0000351439302904,0.00000972203361016],"dmean2":[0.178129389882,1.02058947086,2.725877285,4.19718265533,11.9295330048,11.0907964706,15.5699129105,34.9261283875,30.2748165131,19.8007011414,26.0717487335,19.3639354706,18.1264572144,21.7007427216,25.7881011963,26.4872093201,27.4945468903,17.3962745667,13.9720573425,11.1231517792,12.2882823944,16.0668239594,20.4900379181,14.3846521378,13.6343431473,13.8524875641,11.4424390793,6.6081905365,9.31094741821,6.87929296494,5.95611190796,3.51053333282,2.76649737358,1.66399824619,0.511859178543,0.132855594158,0.0191924795508,0.00173056474887,0.0000463286633021,0.0000148387716763],"dvar":[0.0411723926663,0.454054743052,4.79927110672,8.27498817444,97.2164382935,61.6408958435,165.250793457,905.763244629,1274.3112793,569.48815918,1142.48059082,910.018798828,807.993469238,1205.34387207,1073.1192627,673.458679199,1497.59936523,425.666625977,259.351043701,194.737976074,232.602676392,348.322998047,805.844726562,174.91947937,127.649154663,231.018432617,210.946060181,105.881446838,351.54699707,281.180236816,296.919403076,154.666168213,87.5902862549,33.355682373,3.61561441422,0.57347202301,0.0112564144656,0.0000384662416764,2.70726001617e-8,3.21964011007e-10],"dvar2":[0.125559031963,1.175989151,9.08397674561,22.9997520447,243.626113892,166.655883789,413.121398926,2491.80859375,3179.10913086,1329.3560791,2471.32617188,1776.7121582,1542.77368164,2939.78442383,2572.84277344,1553.72290039,3546.07666016,869.145629883,568.466064453,430.415130615,519.665466309,830.143493652,1845.88781738,419.212219238,307.176544189,500.149169922,464.272460938,204.358230591,666.031616211,509.696502686,533.630004883,312.082305908,176.923873901,64.3915328979,6.46655797958,1.20173037052,0.0256747063249,0.000070040441642,5.04172064097e-8,6.30013041736e-10],"max":[2.17627096176,14.7326717377,77.8754425049,39.1274223328,159.478668213,116.411720276,238.041503906,482.614044189,576.663024902,602.430236816,475.104278564,635.046264648,646.14465332,669.010131836,800.742004395,434.281494141,1022.27978516,609.603515625,532.510131836,453.506866455,570.808227539,379.647766113,624.905090332,251.440338135,167.415863037,343.451599121,333.197723389,227.224899292,396.783599854,472.064697266,642.01550293,449.293334961,309.760559082,228.857589722,68.5729522705,32.9753417969,4.60725641251,0.198456451297,0.00617278972641,0.000766310025938],"mean":[0.149178504944,1.49581861496,5.42343521118,4.98136901855,11.2992391586,10.4393863678,16.8796749115,31.4118995667,29.4204692841,19.8136997223,26.6922855377,21.6710014343,19.7339458466,22.0334701538,24.8569393158,24.6053161621,24.5874252319,16.5507316589,14.9430274963,13.8142585754,16.786277771,22.7512130737,27.2050914764,22.7558803558,23.6592445374,22.5360774994,17.6183414459,11.0474500656,13.6779327393,10.0893859863,7.69224786758,4.20543766022,2.81617355347,1.80275046825,0.601541280746,0.152678966522,0.0229187048972,0.00232470128685,0.0000763374264352,0.0000414418209402],"median":[0.0541542246938,0.848288834095,2.27063751221,3.43256616592,7.0738067627,7.56980371475,12.6462526321,20.5120544434,16.1679592133,11.7819786072,11.5340662003,8.6871881485,8.76620197296,7.76844882965,10.5367574692,13.1041698456,12.0857658386,8.83968067169,8.75222301483,8.30919837952,10.9054508209,13.4209909439,13.2470331192,14.9462442398,16.9387588501,14.0984344482,9.37865066528,5.35941457748,4.61333322525,1.70508790016,0.492721408606,0.267522543669,0.19487541914,0.100444383919,0.0356850586832,0.00863524340093,0.000804457638878,0.0000339523176081,0.0000187451441889,0.0000343825668097],"min":[1.29765028921e-21,7.50797833905e-21,3.52425671805e-21,1.26376031985e-20,7.34106637769e-20,1.28137553489e-19,3.30589375101e-19,1.61239201953e-19,5.29188796881e-19,2.55736250508e-19,5.57283934687e-19,7.70677507572e-19,1.57334529476e-18,2.09311250446e-18,2.53200792004e-18,1.47295152118e-18,3.93624813267e-18,3.85890591822e-18,4.7924851186e-18,5.830876788e-18,7.77942852027e-18,9.5099854875e-18,8.79900555304e-18,1.08891561305e-17,9.78600407738e-18,1.95104262125e-17,1.63247137912e-17,1.67160727913e-17,2.1699817784e-17,1.8795369932e-17,1.34805417633e-17,1.48876694566e-17,1.53828081908e-17,1.37917155292e-17,8.45157232497e-18,6.44346152064e-18,2.73538702404e-18,1.25177335155e-18,3.28152501017e-19,3.40605866697e-20],"var":[0.0606479607522,3.11680936813,71.3501815796,24.0997943878,184.609603882,100.626243591,288.426635742,1369.83276367,2236.95922852,867.795654297,2565.64672852,2097.28955078,1777.65893555,2428.08374023,2118.77758789,1091.19372559,1899.36547852,708.850830078,461.270172119,373.214630127,487.415802002,951.257995605,2201.70214844,602.096008301,453.798095703,729.609191895,650.596679688,371.361785889,1158.65637207,1130.41223145,1045.8581543,320.605987549,138.459701538,58.2086181641,6.8729095459,0.787641465664,0.0157132148743,0.000110661865619,6.92891859444e-8,1.15466158856e-9]},"erbbands_crest":{"dmean":2.27004599571,"dmean2":3.73155832291,"dvar":4.45595359802,"dvar2":11.1221656799,"max":24.930355072,"mean":7.03665399551,"median":6.26470661163,"min":2.1418223381,"var":10.1688566208},"erbbands_flatness_db":{"dmean":0.0148441744968,"dmean2":0.0219183471054,"dvar":0.000189949947526,"dvar2":0.00040161414654,"max":0.438046842813,"mean":0.168056875467,"median":0.159334346652,"min":0.0408237315714,"var":0.00241197319701},"erbbands_kurtosis":{"dmean":0.586651444435,"dmean2":0.93530601263,"dvar":0.727040588856,"dvar2":1.76106667519,"max":12.5300827026,"mean":-0.464738279581,"median":-0.811708211899,"min":-1.65541267395,"var":1.50519192219},"erbbands_skewness":{"dmean":0.321224600077,"dmean2":0.493442058563,"dvar":0.0888177827001,"dvar2":0.205149337649,"max":3.25721025467,"mean":0.154282927513,"median":0.165932714939,"min":-2.68627429008,"var":0.43071654439},"erbbands_spread":{"dmean":7.60663127899,"dmean2":11.6913070679,"dvar":47.9279670715,"dvar2":101.658615112,"max":109.599342346,"mean":46.8699798584,"median":46.6427879333,"min":2.13612151146,"var":187.706329346},"gfcc":{"cov":[[19699.4511719,-775.446044922,-1474.22192383,1365.8939209,-1162.8001709,1087.75341797,-717.892089844,835.268432617,-811.755065918,52.9511489868,-29.976644516,68.6603164673,-103.660903931],[-775.446044922,2933.80712891,-777.465759277,128.200469971,536.942016602,-1057.6484375,656.263366699,-664.139648438,448.773223877,-214.744522095,107.038253784,-161.649124146,196.311065674],[-1474.22192383,-777.465759277,862.328491211,-245.141815186,-107.472602844,354.543426514,-238.311782837,198.048141479,-97.3464279175,101.109695435,-35.2961502075,48.1307754517,-64.6632080078],[1365.8939209,128.200469971,-245.141815186,373.049621582,19.6760807037,-91.2399520874,79.9436645508,-55.3644104004,30.7185134888,-37.8821487427,35.6188201904,3.18290686607,11.2933454514],[-1162.8001709,536.942016602,-107.472602844,19.6760807037,295.740844727,-230.173370361,202.378845215,-174.24382019,129.875228882,-31.3518104553,19.9385204315,-23.4643745422,21.9053325653],[1087.75341797,-1057.6484375,354.543426514,-91.2399520874,-230.173370361,660.34967041,-312.087402344,324.666534424,-244.147201538,117.1848526,-8.90628147125,40.7552070618,-62.8131332397],[-717.892089844,656.263366699,-238.311782837,79.9436645508,202.378845215,-312.087402344,339.249603271,-184.517456055,171.871841431,-74.8243103027,16.3363361359,-14.8376379013,34.1437950134],[835.268432617,-664.139648438,198.048141479,-55.3644104004,-174.24382019,324.666534424,-184.517456055,305.574371338,-129.412734985,61.9292182922,-31.3093795776,32.1150665283,-31.7711544037],[-811.755065918,448.773223877,-97.3464279175,30.7185134888,129.875228882,-244.147201538,171.871841431,-129.412734985,189.381774902,-18.2077140808,19.3618621826,-18.5318717957,26.8123703003],[52.9511489868,-214.744522095,101.109695435,-37.8821487427,-31.3518104553,117.1848526,-74.8243103027,61.9292182922,-18.2077140808,86.4401550293,19.5837345123,13.1170043945,-16.9360923767],[-29.976644516,107.038253784,-35.2961502075,35.6188201904,19.9385204315,-8.90628147125,16.3363361359,-31.3093795776,19.3618621826,19.5837345123,77.0527191162,11.8125391006,24.4217758179],[68.6603164673,-161.649124146,48.1307754517,3.18290686607,-23.4643745422,40.7552070618,-14.8376379013,32.1150665283,-18.5318717957,13.1170043945,11.8125391006,64.3302078247,3.14868593216],[-103.660903931,196.311065674,-64.6632080078,11.2933454514,21.9053325653,-62.8131332397,34.1437950134,-31.7711544037,26.8123703003,-16.9360923767,24.4217758179,3.14868593216,74.6079788208]],"icov":[[0.000476209999761,-0.00110597314779,0.000887607748155,-0.00182584684808,0.00146929081529,-0.00111218169332,0.000691688677762,-0.000992804882117,0.000994373462163,-0.00118069909513,0.00181131425779,-0.00183785671834,0.0013696072856],[-0.00110597314779,0.00411624321714,-0.00183427718002,0.00465681683272,-0.00388687197119,0.00371895218268,-0.00240626162849,0.00293183256872,-0.00227967835963,0.00328900851309,-0.00577176548541,0.00684428820387,-0.00487387413159],[0.000887607748155,-0.00183427718002,0.00378208328038,-0.00236589554697,0.00220224959776,-0.00278827687725,0.00235683121718,-0.0018434394151,0.000516137748491,-0.00203154957853,0.00364432949573,-0.00449786661193,0.00318832974881],[-0.00182584684808,0.00465681683272,-0.00236589554697,0.0107089169323,-0.00549766933545,0.00436674710363,-0.00295240315609,0.00381737411954,-0.00426431931555,0.00619823252782,-0.00924658868462,0.00695919757709,-0.00452173268422],[0.00146929081529,-0.00388687197119,0.00220224959776,-0.00549766933545,0.0116677125916,-0.00364857749082,-0.000986291095614,-0.00104417919647,0.00270569184795,-0.00555967073888,0.00596002303064,-0.00525403721258,0.0045552328229],[-0.00111218169332,0.00371895218268,-0.00278827687725,0.00436674710363,-0.00364857749082,0.00936075020581,-0.00231788679957,-0.000400979362894,0.00256943819113,-0.000253996084211,-0.00708808517084,0.00707261729985,-0.00352552602999],[0.000691688677762,-0.00240626162849,0.00235683121718,-0.00295240315609,-0.000986291095614,-0.00231788679957,0.0110277086496,-0.00171052280348,-0.00432399194688,0.00327182840556,0.00302549242042,-0.00655638659373,0.00392803037539],[-0.000992804882117,0.00293183256872,-0.0018434394151,0.00381737411954,-0.00104417919647,-0.000400979362894,-0.00171052280348,0.0109971882775,-0.00239747716114,0.000750899896957,-0.000572387361899,0.00309933605604,-0.00474583543837],[0.000994373462163,-0.00227967835963,0.000516137748491,-0.00426431931555,0.00270569184795,0.00256943819113,-0.00432399194688,-0.00239747716114,0.0181645881385,-0.00979043077677,0.00299529731274,-0.000781131384429,0.0011016423814],[-0.00118069909513,0.00328900851309,-0.00203154957853,0.00619823252782,-0.00555967073888,-0.000253996084211,0.00327182840556,0.000750899896957,-0.00979043077677,0.0267257448286,-0.0129375578836,0.00331135559827,0.000927730987314],[0.00181131425779,-0.00577176548541,0.00364432949573,-0.00924658868462,0.00596002303064,-0.00708808517084,0.00302549242042,-0.000572387361899,0.00299529731274,-0.0129375578836,0.0289239957929,-0.012866852805,-0.0000221135760512],[-0.00183785671834,0.00684428820387,-0.00449786661193,0.00695919757709,-0.00525403721258,0.00707261729985,-0.00655638659373,0.00309933605604,-0.000781131384429,0.00331135559827,-0.012866852805,0.0302075650543,-0.00972745474428],[0.0013696072856,-0.00487387413159,0.00318832974881,-0.00452173268422,0.0045552328229,-0.00352552602999,0.00392803037539,-0.00474583543837,0.0011016423814,0.000927730987314,-0.0000221135760512,-0.00972745474428,0.0236866716295]],"mean":[-20.8678684235,127.774719238,-134.38420105,56.5988082886,-58.8890914917,-2.17725872993,-24.6967792511,-1.45132303238,-19.976436615,1.42985928059,-7.22683811188,-2.98058056831,-4.18307638168]},"hfc":{"dmean":6.05017185211,"dmean2":8.43837451935,"dvar":189.840362549,"dvar2":314.582244873,"max":494.075744629,"mean":23.8589420319,"median":15.7578878403,"min":1.13448932742e-16,"var":814.483093262},"melbands":{"dmean":[0.000824090908282,0.000855336082168,0.000525894691236,0.000509526464157,0.000295515987091,0.000438961025793,0.000259682157775,0.000138723204145,0.000138994073495,0.0000781797716627,0.0000586505630054,0.0000553724203201,0.0000561888045922,0.0000475367050967,0.0000440139119746,0.0000391934154322,0.0000194114418264,0.0000144998239193,0.000013143072465,0.00000958694272413,0.0000101742398328,0.000011705072211,0.0000134541160151,0.0000101137593447,0.00000817899490357,0.00000708713514541,0.00000681821575199,0.0000067109185693,0.00000602003547101,0.00000308982134811,0.00000273563796327,0.00000392393940274,0.00000310002610604,0.00000308839162244,0.0000027578364552,0.00000210891312236,0.00000142425449212,0.00000126158067815,0.00000131272315684,8.93191440809e-7],"dmean2":[0.00140613922849,0.00134420522954,0.000882133317646,0.000849836913403,0.000484486139612,0.000738404109143,0.000426551618148,0.000224923773203,0.000215925698285,0.00012095382408,0.0000924429041333,0.0000876131744008,0.000089434797701,0.000075774238212,0.0000703587211319,0.0000610109163972,0.0000304357727146,0.0000227647906286,0.0000208663041121,0.0000152887187141,0.0000162118576554,0.00001869499647,0.0000216492280742,0.0000159567607625,0.0000134329802677,0.0000115450875455,0.0000111395311251,0.0000104246373667,0.00000944303428696,0.0000046436825869,0.00000414522082792,0.00000579091647523,0.00000444348688688,0.00000443762655777,0.00000394407425119,0.00000300975739265,0.00000206665367841,0.00000196449832401,0.00000196664063878,0.00000131723436425],"dvar":[0.00000171357680756,9.37398397127e-7,3.52739590426e-7,4.29991871442e-7,1.3194362225e-7,3.89525723676e-7,2.45903152063e-7,6.87910670649e-8,8.68505551921e-8,3.1621599561e-8,2.0604598916e-8,1.94944931309e-8,1.20481926658e-8,8.58949800175e-9,6.47484288407e-9,7.94606602739e-9,1.20554755068e-9,7.25133730839e-10,6.38435526668e-10,3.90694365748e-10,3.63742674869e-10,4.7815251758e-10,7.22861992486e-10,7.36890770625e-10,1.38555611429e-10,8.48717762736e-11,9.71224489721e-11,1.34076957869e-10,1.35864985928e-10,4.69978847506e-11,3.73306385804e-11,1.311360881e-10,9.09428574114e-11,1.21543483611e-10,1.31640628953e-10,8.64223900776e-11,5.92970395008e-11,4.05424478711e-11,4.78735835696e-11,2.15056687736e-11],"dvar2":[0.00000509371966473,0.00000188273543245,9.3905759968e-7,0.00000109090194655,3.34065077823e-7,0.00000107567541363,6.07124263752e-7,1.57597511929e-7,1.87064884472e-7,6.30216021591e-8,3.96376513834e-8,4.66389202813e-8,2.93748918523e-8,2.03217496164e-8,1.60576494324e-8,1.64370277389e-8,2.55486054535e-9,1.61868751736e-9,1.48793322108e-9,8.85128026429e-10,8.31936852741e-10,1.19048404468e-9,1.72560421507e-9,1.70111269515e-9,3.52578966023e-10,2.16105647266e-10,2.40806014018e-10,2.93913865468e-10,3.19514609215e-10,1.00582688012e-10,7.63538954285e-11,2.63796179345e-10,1.78102851911e-10,2.36115849095e-10,2.52440457427e-10,1.56587964817e-10,1.36994540711e-10,8.35267827126e-11,9.59389442889e-11,4.55918705566e-11],"max":[0.0165688227862,0.0338295064867,0.00800994504243,0.012733749114,0.00637920806184,0.00979740079492,0.00868815649301,0.00595034612343,0.00520209502429,0.00341073027812,0.00319352769293,0.00283506279811,0.00185370096005,0.00297031668015,0.00145886314567,0.00157490698621,0.00102969852742,0.000740401388612,0.00067183090141,0.000525628740434,0.00060592655791,0.000462126452476,0.00058008817723,0.00100657716393,0.000166366400663,0.000145245605381,0.000158168244525,0.000262677349383,0.000260217726463,0.000137112583616,0.000126246639411,0.000227845011977,0.000225706913625,0.000290883734124,0.000435597641626,0.000247245159699,0.000295946578262,0.000207941193366,0.000257688487181,0.000190327482414],"mean":[0.00155479565728,0.00259688240476,0.00108958070632,0.000815264473204,0.000548292766325,0.00070170435356,0.00041956701898,0.000217622378841,0.000218425266212,0.000132639717776,0.0000954017814365,0.0000846236143843,0.0000846237671794,0.0000660259756842,0.0000611231007497,0.0000520715875609,0.0000274245467153,0.0000227683867706,0.0000216051012103,0.0000174079159478,0.0000200597369258,0.0000228762419283,0.0000269978663709,0.0000196524197236,0.000018422573703,0.0000178285681613,0.0000161198659043,0.0000147085438584,0.000012505613995,0.00000694912750987,0.00000607410220255,0.00000795541382104,0.00000621700428383,0.00000563838375456,0.00000468847474622,0.00000344694672094,0.00000219316052608,0.00000188946160051,0.00000194117751562,0.00000138058692301],"median":[0.000815283041447,0.00139626953751,0.000808775948826,0.000560246931855,0.00042791289161,0.000477053894429,0.000232577964198,0.000124893660541,0.0000842412919155,0.0000548137031728,0.0000409237036365,0.0000287371949526,0.0000318706588587,0.0000319930222759,0.0000301775744447,0.0000220293950406,0.0000142879944178,0.0000131310698634,0.0000119584328786,0.0000105111148514,0.0000126199493025,0.000013531550394,0.0000138635987241,0.00000869020823302,0.0000119603937492,0.0000124866110127,0.0000111313866,0.00000838025789562,0.00000648830564387,0.00000349326137439,0.0000028843594464,0.0000026478462587,0.00000173386024471,5.73851878016e-7,2.69440704415e-7,1.8771528687e-7,1.40586394082e-7,1.31385121449e-7,1.09930127223e-7,7.40520462728e-8],"min":[1.28871504475e-23,4.94229719047e-24,3.65470224932e-24,5.45324634308e-24,1.16755902591e-23,4.39755284224e-24,7.41790048323e-24,2.59213934771e-24,4.63534786237e-24,4.74396690927e-24,7.89375084759e-24,8.52513697233e-24,8.0087580901e-24,3.28030452496e-24,7.55847076338e-24,6.88849750746e-24,7.29077633721e-24,7.76046333132e-24,7.92720722744e-24,8.32079438774e-24,8.81320136478e-24,9.49756896564e-24,8.47566434952e-24,7.75214400422e-24,6.31347233895e-24,5.12723379678e-24,8.70972884643e-24,1.24286266241e-23,9.71833800085e-24,8.69541259872e-24,9.26812403819e-24,1.18079051099e-23,1.35915653705e-23,9.47440643174e-24,7.71272778023e-24,7.04345108849e-24,8.91120707707e-24,1.05087789945e-23,1.16976113113e-23,1.15404197319e-23],"var":[0.00000365721803064,0.0000131829774546,9.58818986874e-7,7.55267876684e-7,2.42043910248e-7,6.13982251707e-7,4.33558966506e-7,1.11971807826e-7,1.96179385625e-7,7.29228446517e-8,4.40029737092e-8,3.81234244173e-8,2.54202863204e-8,1.26462174066e-8,8.64617000218e-9,1.16540421757e-8,1.90133886413e-9,1.11982156881e-9,1.1007785794e-9,6.90787371749e-10,7.2541633811e-10,1.08153119793e-9,1.82233494961e-9,1.76893288906e-9,3.86570830901e-10,2.78410822174e-10,2.59272742165e-10,3.790661951e-10,3.41385059111e-10,1.4400178272e-10,1.14394327344e-10,3.87536974733e-10,2.92540408564e-10,4.39451225409e-10,4.152405364e-10,2.27208127312e-10,9.37469546436e-11,6.21943746504e-11,7.41607122934e-11,3.46338027701e-11]},"melbands_crest":{"dmean":3.33100700378,"dmean2":5.58809518814,"dvar":8.8863992691,"dvar2":25.4938583374,"max":37.078578949,"mean":14.0058317184,"median":12.7906007767,"min":1.53796374798,"var":30.511516571},"melbands_flatness_db":{"dmean":0.0264218542725,"dmean2":0.0393837913871,"dvar":0.000524291594047,"dvar2":0.00109649193473,"max":0.618470311165,"mean":0.208178535104,"median":0.193875059485,"min":0.0049312254414,"var":0.00676638772711},"melbands_kurtosis":{"dmean":5.83335590363,"dmean2":9.13387584686,"dvar":52.5242767334,"dvar2":119.485038757,"max":125.025817871,"mean":13.2270908356,"median":9.7845621109,"min":-1.64939618111,"var":150.67338562},"melbands_skewness":{"dmean":0.637012720108,"dmean2":0.994476020336,"dvar":0.336611330509,"dvar2":0.768229305744,"max":10.3148527145,"mean":2.9114112854,"median":2.77543234825,"min":-0.497339069843,"var":1.42110478878},"melbands_spread":{"dmean":7.12849140167,"dmean2":10.6806697845,"dvar":99.9036331177,"dvar2":190.429901123,"max":248.783966064,"mean":24.0547618866,"median":18.8095531464,"min":1.5020917654,"var":475.922302246},"mfcc":{"cov":[[12162.2265625,-349.987884521,17.2879638672,-182.198440552,-13.5013198853,80.861328125,276.320037842,317.334197998,-122.936340332,-20.4966697693,-99.0290222168,179.258865356,37.064201355],[-349.987884521,2125.25048828,-798.168212891,817.094360352,-228.352828979,9.24514198303,-82.4066314697,-180.949310303,133.454360962,-112.042655945,95.3658218384,-147.226486206,25.9677467346],[17.2879638672,-798.168212891,723.820617676,-361.607299805,170.619812012,-31.2677383423,27.8460254669,62.9223937988,-72.1423797607,73.7900695801,-51.3694152832,78.0831985474,-11.552063942],[-182.198440552,817.094360352,-361.607299805,594.628417969,-105.88873291,36.2564430237,-76.1857299805,-71.9373245239,73.5310974121,-69.3728408813,63.1430091858,-69.1336288452,35.4451141357],[-13.5013198853,-228.352828979,170.619812012,-105.88873291,153.785095215,12.2959880829,33.128616333,6.10401296616,-29.0635452271,24.0684165955,-10.7365684509,37.6624450684,-8.70106983185],[80.861328125,9.24514198303,-31.2677383423,36.2564430237,12.2959880829,144.678146362,41.4515228271,4.02471637726,-25.4533557892,9.34941291809,22.9248027802,-0.758784174919,9.56611728668],[276.320037842,-82.4066314697,27.8460254669,-76.1857299805,33.128616333,41.4515228271,103.997375488,46.5090370178,-7.29513406754,4.36637544632,0.708838284016,17.3558769226,-6.9410533905],[317.334197998,-180.949310303,62.9223937988,-71.9373245239,6.10401296616,4.02471637726,46.5090370178,105.397521973,17.5591087341,11.698972702,-7.2459435463,18.5557994843,-1.90377938747],[-122.936340332,133.454360962,-72.1423797607,73.5310974121,-29.0635452271,-25.4533557892,-7.29513406754,17.5591087341,89.229309082,8.47516727448,15.3941650391,-20.1985301971,1.33925247192],[-20.4966697693,-112.042655945,73.7900695801,-69.3728408813,24.0684165955,9.34941291809,4.36637544632,11.698972702,8.47516727448,66.4768676758,16.0657253265,20.1678848267,-5.38945913315],[-99.0290222168,95.3658218384,-51.3694152832,63.1430091858,-10.7365684509,22.9248027802,0.708838284016,-7.2459435463,15.3941650391,16.0657253265,64.9433135986,10.813082695,7.00805807114],[179.258865356,-147.226486206,78.0831985474,-69.1336288452,37.6624450684,-0.758784174919,17.3558769226,18.5557994843,-20.1985301971,20.1678848267,10.813082695,64.6305007935,13.925447464],[37.064201355,25.9677467346,-11.552063942,35.4451141357,-8.70106983185,9.56611728668,-6.9410533905,-1.90377938747,1.33925247192,-5.38945913315,7.00805807114,13.925447464,44.3892364502]],"icov":[[0.000101046207419,-0.0000145756102938,0.0000408351188526,-0.0000686004350428,0.0000944496932789,0.0000222195540118,-0.00018732251192,-0.000276683276752,0.000216666288907,-0.0000859916763147,0.000275432597846,-0.000312700198265,-2.36523490571e-7],[-0.0000145756102938,0.0014611169463,0.000623522209935,-0.00146409950685,0.000442855263827,0.000692758301739,-0.00133482750971,0.00169173174072,-0.000384451181162,-0.000337511795806,-0.000164039709489,0.000668230059091,0.0000770098995417],[0.0000408351188526,0.000623522209935,0.00307841575705,0.000104391961941,-0.00193978147581,0.000921383150853,0.000409071799368,-0.000887301343028,0.00141269108281,-0.00202561938204,0.000963612808846,0.0000465654738946,-0.000689257867634],[-0.0000686004350428,-0.00146409950685,0.000104391961941,0.00549862952903,-0.000831117213238,-0.00234464323148,0.00391429988667,-0.000695749360602,-0.00244152522646,0.00423236005008,-0.0030972820241,0.001032489934,-0.00177253060974],[0.0000944496932789,0.000442855263827,-0.00193978147581,-0.000831117213238,0.0110842017457,-0.000904234591872,-0.00361643638462,0.00335308839567,-0.000536238076165,-0.000833072524983,0.00220834207721,-0.00517400726676,0.00295631401241],[0.0000222195540118,0.000692758301739,0.000921383150853,-0.00234464323148,-0.000904234591872,0.011769653298,-0.00613630283624,-0.00047820963664,0.00663354061544,-0.00523219350725,-0.00300873024389,0.00543165346608,-0.00406988104805],[-0.00018732251192,-0.00133482750971,0.000409071799368,0.00391429988667,-0.00361643638462,-0.00613630283624,0.0188350770622,-0.00711723743007,-0.00184717599768,0.00515770306811,-0.00200906721875,-0.00227996264584,0.00288601056673],[-0.000276683276752,0.00169173174072,-0.000887301343028,-0.000695749360602,0.00335308839567,-0.00047820963664,-0.00711723743007,0.0181594546884,-0.00745506444946,0.000765004253481,0.00192878080998,-0.00343798357062,0.0010840803152],[0.000216666288907,-0.000384451181162,0.00141269108281,-0.00244152522646,-0.000536238076165,0.00663354061544,-0.00184717599768,-0.00745506444946,0.0213959999382,-0.00875120330602,-0.00269020115957,0.00786018464714,-0.00353119871579],[-0.0000859916763147,-0.000337511795806,-0.00202561938204,0.00423236005008,-0.000833072524983,-0.00523219350725,0.00515770306811,0.000765004253481,-0.00875120330602,0.0267055779696,-0.00772815616801,-0.0055074528791,0.00462040631101],[0.000275432597846,-0.000164039709489,0.000963612808846,-0.0030972820241,0.00220834207721,-0.00300873024389,-0.00200906721875,0.00192878080998,-0.00269020115957,-0.00772815616801,0.0255313441157,-0.0100171435624,0.0016943376977],[-0.000312700198265,0.000668230059091,0.0000465654738946,0.001032489934,-0.00517400726676,0.00543165346608,-0.00227996264584,-0.00343798357062,0.00786018464714,-0.0055074528791,-0.0100171435624,0.0322564952075,-0.0130744613707],[-2.36523490571e-7,0.0000770098995417,-0.000689257867634,-0.00177253060974,0.00295631401241,-0.00406988104805,0.00288601056673,0.0010840803152,-0.00353119871579,0.00462040631101,0.0016943376977,-0.0130744613707,0.0301751177758]],"mean":[-640.73840332,133.544219971,-10.3886470795,50.3783226013,-7.55265903473,6.74675893784,2.26467847824,-2.67846775055,-0.809698998928,-5.04820871353,3.24964523315,-0.41085550189,3.72172760963]},"pitch_salience":{"dmean":0.0721841827035,"dmean2":0.119681440294,"dvar":0.00357496133074,"dvar2":0.00979496072978,"max":0.835962891579,"mean":0.606742203236,"median":0.625465869904,"min":0.0684565007687,"var":0.0136176515371},"silence_rate_20dB":{"dmean":0,"dmean2":0,"dvar":0,"dvar2":0,"max":1,"mean":1,"median":1,"min":1,"var":0},"silence_rate_30dB":{"dmean":0.00228702113964,"dmean2":0.00457535032183,"dvar":0.00228179129772,"dvar2":0.00684209354222,"max":1,"mean":0.997999429703,"median":1,"min":0,"var":0.0019965604879},"silence_rate_60dB":{"dmean":0.000571755284909,"dmean2":0.00114383758046,"dvar":0.000571401498746,"dvar2":0.00114252942149,"max":1,"mean":0.0442983694375,"median":0,"min":0,"var":0.0423345081508},"spectral_centroid":{"dmean":258.567382812,"dmean2":389.510223389,"dvar":87591.5859375,"dvar2":149408.84375,"max":10843.1621094,"mean":1508.07885742,"median":1405.47814941,"min":250.56628418,"var":483838.09375},"spectral_complexity":{"dmean":4.10177230835,"dmean2":6.19159269333,"dvar":14.764418602,"dvar2":30.8568611145,"max":56,"mean":24.3638191223,"median":24,"min":0,"var":142.491226196},"spectral_contrast_coeffs":{"dmean":[0.0516800694168,0.0521161369979,0.0366254597902,0.0275780465454,0.0186062045395,0.027646869421],"dmean2":[0.0882420018315,0.0868100747466,0.0604030042887,0.0451743043959,0.0308077931404,0.0397236198187],"dvar":[0.00165681913495,0.00168995244894,0.000782219518442,0.000463832519017,0.000229289173149,0.000667089130729],"dvar2":[0.00494654243812,0.00470858858898,0.00209121941589,0.00120019027963,0.000606854155194,0.00133581040427],"max":[-0.380012333393,-0.462419569492,-0.589523792267,-0.626196980476,-0.674918353558,-0.458626627922],"mean":[-0.652555525303,-0.728232622147,-0.802418828011,-0.812888979912,-0.805347859859,-0.688067376614],"median":[-0.647349715233,-0.728368341923,-0.807682394981,-0.814279019833,-0.805572092533,-0.704224348068],"min":[-0.970253825188,-0.976751327515,-0.973437309265,-0.974404990673,-0.962196469307,-0.965081870556],"var":[0.00595811009407,0.00453833397478,0.00265785655938,0.00153069011867,0.00131701363716,0.0074717332609]},"spectral_contrast_valleys":{"dmean":[0.381807535887,0.336953520775,0.319997549057,0.303951770067,0.183715239167,0.462080776691],"dmean2":[0.659455478191,0.558683276176,0.504757165909,0.449757754803,0.279804050922,0.619144976139],"dvar":[0.179590970278,0.16897828877,0.146412298083,0.174603685737,0.120754987001,0.280718713999],"dvar2":[0.344435721636,0.270419955254,0.211150541902,0.221532434225,0.140057578683,0.440169990063],"max":[-5.55014896393,-4.95406627655,-5.4558930397,-6.12721157074,-5.64040613174,-6.81587505341],"mean":[-6.97675466537,-6.48325395584,-7.21837711334,-7.55700397491,-7.16443014145,-11.0140132904],"median":[-6.73044872284,-6.25327253342,-6.94417285919,-7.27871799469,-6.85436153412,-10.3743724823],"min":[-26.551864624,-27.2285251617,-27.033498764,-27.491476059,-27.2478561401,-27.304933548],"var":[1.85868477821,1.79850280285,1.93383264542,1.90889441967,2.35139131546,4.22950410843]},"spectral_decrease":{"dmean":1.71643654845e-9,"dmean2":2.76815415035e-9,"dvar":2.55706590913e-18,"dvar2":6.64418061859e-18,"max":9.47334907174e-29,"mean":-7.48668771422e-9,"median":-6.851793799e-9,"min":-2.94658395461e-8,"var":1.82637144825e-17},"spectral_energy":{"dmean":0.0067051188089,"dmean2":0.0108099039644,"dvar":0.0000385122511943,"dvar2":0.0000997083552647,"max":0.113722875714,"mean":0.0304205715656,"median":0.0281483307481,"min":1.08096592527e-20,"var":0.000294073659461},"spectral_energyband_high":{"dmean":0.000578965176828,"dmean2":0.000794471357949,"dvar":0.00000320821368405,"dvar2":0.00000495589983984,"max":0.0556381754577,"mean":0.0015478124842,"median":0.000542165827937,"min":7.94446555398e-21,"var":0.0000129063191707},"spectral_energyband_low":{"dmean":0.00432235840708,"dmean2":0.0070770108141,"dvar":0.0000232056827372,"dvar2":0.0000623355008429,"max":0.104453012347,"mean":0.0120901772752,"median":0.00863139610738,"min":4.93079717619e-23,"var":0.000147474798723},"spectral_energyband_middle_high":{"dmean":0.00152620486915,"dmean2":0.00223790132441,"dvar":0.00000392645188185,"dvar2":0.00000816109877633,"max":0.0346874035895,"mean":0.0045940829441,"median":0.0033461926505,"min":1.40577224645e-21,"var":0.0000184354703379},"spectral_energyband_middle_low":{"dmean":0.00436091423035,"dmean2":0.00705964211375,"dvar":0.0000229390425375,"dvar2":0.0000591943608015,"max":0.068419419229,"mean":0.0128477476537,"median":0.0108752520755,"min":2.44262209117e-22,"var":0.0000708968000254},"spectral_entropy":{"dmean":0.130136758089,"dmean2":0.187728255987,"dvar":0.0175329893827,"dvar2":0.0321665033698,"max":9.78903770447,"mean":7.67300796509,"median":7.70411062241,"min":4.79113101959,"var":0.213250458241},"spectral_flux":{"dmean":0.0150926150382,"dmean2":0.0245352648199,"dvar":0.000187135578017,"dvar2":0.000474450615002,"max":0.199294343591,"mean":0.0874768570065,"median":0.0884515345097,"min":1.04662688238e-10,"var":0.000973044487182},"spectral_kurtosis":{"dmean":1.85526156425,"dmean2":3.20399355888,"dvar":33.203163147,"dvar2":85.214050293,"max":230.390594482,"mean":4.2559709549,"median":2.3497877121,"min":-1.20502603054,"var":198.938583374},"spectral_rms":{"dmean":0.000602563959546,"dmean2":0.000974121270701,"dvar":2.64160263441e-7,"dvar2":7.12590917828e-7,"max":0.0105332406238,"mean":0.00516805564985,"median":0.00524039939046,"min":3.24746197815e-12,"var":0.00000296981147585},"spectral_rolloff":{"dmean":579.623474121,"dmean2":912.07421875,"dvar":1107798.75,"dvar2":2087647.25,"max":19207.6171875,"mean":1589.0625,"median":925.927734375,"min":21.533203125,"var":4526393},"spectral_skewness":{"dmean":0.213485658169,"dmean2":0.347134768963,"dvar":0.100620478392,"dvar2":0.244250327349,"max":13.5063171387,"mean":1.13271355629,"median":1.02378964424,"min":-0.0181956067681,"var":1.04216861725},"spectral_spread":{"dmean":390278.5625,"dmean2":542124.25,"dvar":1034772021250,"dvar2":1076676591620,"max":49997752,"mean":3977536.5,"median":3664269.5,"min":523904.40625,"var":3045132075010},"spectral_strongpeak":{"dmean":0.321978956461,"dmean2":0.554433226585,"dvar":0.35919290781,"dvar2":0.912482261658,"max":8.40762329102,"mean":0.576461672783,"median":0.401745438576,"min":0,"var":0.469517022371},"zerocrossingrate":{"dmean":0.0102325491607,"dmean2":0.0118648018688,"dvar":0.000328368972987,"dvar2":0.000359649595339,"max":0.4921875,"mean":0.0604459829628,"median":0.0478515625,"min":0.00732421875,"var":0.00246447720565}},"metadata":{"audio_properties":{"analysis_sample_rate":44100,"bit_rate":320103,"codec":"mp3","downmix":"mix","equal_loudness":0,"length":81.2146911621,"lossless":false,"md5_encoded":"ff886c722201ea99c703b616539d5056","replay_gain":-6.47838020325,"sample_rate":44100},"tags":{"album":["Motley Crue"],"albumartist":["Motley Crue"],"artist":["Motley Crue"],"date":["2003"],"file_name":"304533.mp3","genre":["Other"],"musicbrainz_recordingid":["1a5ca22e-3298-4f8f-bbe3-56f23bb54946"],"title":["01-LAMF"],"tracknumber":["1"]},"version":{"essentia":"2.1-beta2","essentia_build_sha":"70f2e5ece6736b2c40cc944ad0e695b16b925413","essentia_git_sha":"v2.1_beta2","extractor":"music 1.0"}},"rhythm":{"beats_count":169,"beats_loudness":{"dmean":0.00971802324057,"dmean2":0.0165612176061,"dvar":0.0000922916806303,"dvar2":0.000241475543589,"max":0.103653758764,"mean":0.0331513881683,"median":0.0328251086175,"min":6.81583278705e-9,"var":0.00030985873309},"beats_loudness_band_ratio":{"dmean":[0.195434346795,0.119088612497,0.110093608499,0.0632651373744,0.0352033376694,0.10451028496],"dmean2":[0.342862218618,0.205816462636,0.197964012623,0.114024110138,0.0617601647973,0.196775451303],"dvar":[0.0232186932117,0.00837693922222,0.0122559154406,0.00514345103875,0.00167731638066,0.0280629880726],"dvar2":[0.0640876591206,0.0233435649425,0.0354752466083,0.014641826041,0.00479585910216,0.0804963558912],"max":[0.953993141651,0.76546639204,0.566778540611,0.442294031382,0.303722590208,0.843384385109],"mean":[0.461242824793,0.239829093218,0.143700420856,0.0749961361289,0.054776314646,0.0932562947273],"median":[0.469023942947,0.226180508733,0.104529388249,0.0499615259469,0.0433964170516,0.0414781793952],"min":[0.0708049088717,0.00959766097367,0.00790554657578,0.000336334109306,0.00000767639994592,0.0000203216059163],"var":[0.0388326570392,0.0216986257583,0.0137553932145,0.00485392799601,0.00181726436131,0.0203437954187]},"beats_position