{"lowlevel":{"average_loudness":0.914992213249,"barkbands":{"dmean":[0.00395854795352,0.00933802314103,0.00403192266822,0.00151921249926,0.00218177866191,0.000722349039279,0.00112141261343,0.000284771202132,0.000222928501898,0.000418570562033,0.000257437321125,0.000686754996423,0.00111660652328,0.000847164308652,0.000498998211697,0.000343321007676,0.000195859567611,0.000174014188815,0.000187744313735,0.0000784007206676,0.0000492314757139,0.000043400155846,0.0000296620601148,0.0000198697707674,0.00000582030588703,0.0000267638097284,0.000150054023834],"dmean2":[0.00634732469916,0.0156680084765,0.00700290361419,0.00253225048073,0.00344502879307,0.00114522257354,0.00178393581882,0.000480351794977,0.000377356423996,0.000677527219523,0.000425626174547,0.00114271510392,0.00189268391114,0.00142213341314,0.000840848719236,0.000572838471271,0.000315317971399,0.000274660182185,0.000299899984384,0.000118667900097,0.0000690930464771,0.0000612447329331,0.0000423881429015,0.000028058553653,0.00000872605960467,0.0000364612569683,0.000229932149523],"dvar":[0.0000690201850375,0.000239752742345,0.0000443049939349,0.00000850373362482,0.0000233803548326,0.0000032069124245,0.00000591537946093,1.52180277269e-7,9.90996085193e-8,3.22299996469e-7,1.45689469377e-7,8.2503510157e-7,0.00000196944461095,0.000001067029757,3.65180511608e-7,2.10688440916e-7,1.23444962696e-7,9.34046795464e-8,1.16533378502e-7,1.93605593779e-8,8.338447266e-9,9.40235622693e-9,5.2027435693e-9,1.92495575035e-9,1.05399834693e-10,3.96360277932e-9,2.81953678183e-8],"dvar2":[0.000162405078299,0.00064178055618,0.000126254875795,0.0000222316884901,0.0000517039770784,0.00000638099072603,0.0000136561757245,4.11252500498e-7,2.80015399312e-7,7.95868174919e-7,3.83668918857e-7,0.00000220189599531,0.00000556160466658,0.00000286876411337,0.00000100831857708,5.5814297184e-7,3.04549331531e-7,2.14714503954e-7,2.66892186573e-7,4.29442899019e-8,1.64057052388e-8,1.88666700041e-8,1.05919770732e-8,3.69860808647e-9,2.17212178799e-10,7.52876871957e-9,6.13600761312e-8],"max":[0.145350635052,0.185552000999,0.126750648022,0.120183050632,0.18150088191,0.129140615463,0.068587526679,0.00660954555497,0.00974207278341,0.0091456528753,0.00942393857986,0.0202647484839,0.0228313170373,0.0178415272385,0.0087752668187,0.0124089391902,0.00967593397945,0.00598827702925,0.00720878690481,0.00309518678114,0.00166384968907,0.00143724028021,0.00135230505839,0.000621440703981,0.000181751413038,0.000900486193132,0.00368485366926],"mean":[0.00448897574097,0.0128720607609,0.00533247878775,0.00212958129123,0.00398218259215,0.00131260836497,0.0019763847813,0.000473283493193,0.000409429863794,0.000771669030655,0.000465284945676,0.00137390976306,0.00220928061754,0.00183407554869,0.00110842636786,0.000810544879641,0.000420579657657,0.000360175326932,0.000331895193085,0.000159440198331,0.0000917422948987,0.0000696040660841,0.0000426070473623,0.0000269877164101,0.00000782984079706,0.0000386848769267,0.000605918525252],"median":[0.00105770654045,0.00714345555753,0.00255896011367,0.00109821930528,0.00212492700666,0.000669019995257,0.000929170229938,0.000325751519995,0.000281785178231,0.000519993947819,0.000295693782391,0.00101452600211,0.00178753503133,0.00144850206561,0.000912782677915,0.000644084240776,0.000250575918471,0.000184463526239,0.000130212734803,0.0000764221258578,0.0000326103981934,0.0000212903432839,0.0000116968576549,0.00000645257114229,0.00000286244244307,0.00000912280847842,0.000548310752492],"min":[4.10977838133e-13,1.46533406611e-13,3.9473507335e-14,1.04935769343e-14,3.84393851385e-14,9.45120853324e-14,2.88720653288e-13,1.11774772652e-13,2.52261102632e-13,1.66879747868e-13,4.83319222318e-13,3.63207727783e-13,1.48434216307e-13,7.56018349053e-13,3.04135812671e-13,7.05528625973e-13,7.37229288034e-13,5.55953232669e-13,7.21291732939e-13,4.55927233901e-13,2.98586432272e-13,5.24742792621e-13,2.01282567003e-12,2.799292265e-12,2.91340779626e-12,3.47396287084e-12,5.73890197517e-12],"var":[0.0000857442573761,0.000285672402242,0.0000638673664071,0.0000113961468742,0.0000588902730669,0.0000110075698103,0.0000135936761581,2.58967105538e-7,1.83580482371e-7,7.28483541934e-7,3.01171752426e-7,0.00000194281415133,0.00000397776466343,0.00000279521850644,9.01605346826e-7,5.68409291191e-7,3.22867265368e-7,2.35590036368e-7,2.55566476426e-7,5.1476746421e-8,2.10711714743e-8,1.87240054572e-8,8.86422135693e-9,3.57170870657e-9,1.9632942494e-10,7.60801643906e-9,1.73554681737e-7]},"barkbands_crest":{"dmean":2.84394645691,"dmean2":4.75424671173,"dvar":6.07337331772,"dvar2":16.8907337189,"max":24.2931098938,"mean":9.51000595093,"median":8.75067996979,"min":2.3228802681,"var":16.7506065369},"barkbands_flatness_db":{"dmean":0.0266056526452,"dmean2":0.0430608056486,"dvar":0.000623536121566,"dvar2":0.00170418201014,"max":0.515677988529,"mean":0.123403996229,"median":0.115652449429,"min":0.0173812042922,"var":0.00268081319518},"barkbands_kurtosis":{"dmean":3.71884322166,"dmean2":6.51357507706,"dvar":110.409194946,"dvar2":366.245513916,"max":255.646575928,"mean":5.27327108383,"median":1.52373838425,"min":-1.81686723232,"var":250.149688721},"barkbands_skewness":{"dmean":0.599126756191,"dmean2":0.99625223875,"dvar":0.419415324926,"dvar2":1.20476543903,"max":12.5835437775,"mean":1.66792738438,"median":1.39924180508,"min":-1.60840082169,"var":1.54647874832},"barkbands_spread":{"dmean":6.5672545433,"dmean2":10.7376422882,"dvar":48.7475585938,"dvar2":135.909713745,"max":125.648101807,"mean":29.7467784882,"median":30.0173377991,"min":0.482846170664,"var":161.557952881},"dissonance":{"dmean":0.00933167617768,"dmean2":0.0158639717847,"dvar":0.0000820789064164,"dvar2":0.000231020938372,"max":0.500000119209,"mean":0.483458638191,"median":0.486116915941,"min":0.33766207099,"var":0.000144386664033},"dynamic_complexity":2.9106297493,"erbbands":{"dmean":[0.440631479025,1.58999538422,4.37341594696,4.87645244598,6.31466674805,7.69729328156,5.80661249161,6.0571103096,15.5327701569,12.9584569931,4.61961317062,5.65970134735,6.63931083679,16.0121326447,12.4507770538,28.3818798065,51.0286216736,41.3145103455,26.0334377289,24.3793964386,14.8378639221,10.1653823853,9.40591144562,9.97130966187,7.58241510391,3.68314743042,1.97270965576,1.89177381992,1.65169978142,1.18492257595,0.787275612354,0.524663805962,0.26543456316,0.0861541852355,0.0334753245115,0.0573290884495,0.0574692860246,0.0330764353275,0.00902654789388,0.00316853122786],"dmean2":[0.753675699234,2.64753746986,7.59762334824,8.13804149628,10.1843643188,12.0863409042,9.55509853363,9.55415916443,24.8132324219,20.6481723785,7.72659683228,9.62746906281,10.9221315384,26.1326313019,20.3281898499,47.2158927917,87.0085067749,69.387298584,43.3784370422,40.9927368164,24.3936538696,16.2169513702,14.917965889,15.7535543442,11.9579553604,5.55889892578,2.83200407028,2.67246031761,2.34600734711,1.6931232214,1.12351560593,0.74923658371,0.3787291646,0.125291064382,0.050892367959,0.0802928879857,0.0788642093539,0.044693171978,0.011915916577,0.00489207776263],"dvar":[0.893902003765,4.83547258377,45.7000808716,81.703453064,128.296920776,441.377593994,118.812446594,262.371673584,1434.21264648,498.382843018,40.4664268494,66.1610946655,80.412651062,497.921020508,399.966217041,1275.75146484,4397.64794922,2465.21533203,944.258178711,892.318054199,396.489654541,346.46005249,274.020202637,372.663269043,174.400787354,45.0814285278,12.4924345016,13.4195604324,13.5047426224,8.50830078125,3.54567933083,1.43937969208,0.344929397106,0.0272927619517,0.00289253471419,0.0167121216655,0.0186681523919,0.00619857897982,0.000240601599216,0.0000118678854051],"dvar2":[2.43875813484,13.0928869247,130.233688354,217.766311646,313.571044922,952.419006348,302.677612305,515.70123291,3198.42871094,1186.7713623,107.644676208,188.137573242,214.671508789,1247.59313965,1042.6394043,3438.47900391,12462.2958984,6633.35888672,2557.0168457,2451.80126953,1026.1685791,855.428405762,630.990966797,858.62701416,391.846252441,99.8108901978,24.5842247009,26.5374660492,27.802400589,17.447221756,7.12908267975,2.91065049171,0.664157509804,0.0534839443862,0.00610286463052,0.0323005802929,0.0353896096349,0.0120695885271,0.000400241522584,0.0000268898438662],"max":[10.0284099579,32.0647544861,108.254425049,276.348358154,347.728820801,933.143676758,556.937194824,1170.93005371,1210.65710449,729.355957031,175.613265991,200.388778687,146.210388184,357.645233154,461.89440918,907.415283203,1147.8392334,947.96484375,503.564971924,598.363037109,342.487213135,644.27935791,318.084472656,420.83404541,280.643432617,177.830841064,62.2537345886,80.1893692017,56.6010322571,57.4224777222,32.1800575256,18.5887317657,8.76097011566,2.78890275955,0.820201396942,2.20307803154,1.94614195824,1.44182360172,0.274742841721,0.0941287502646],"mean":[0.487595409155,2.42297124863,6.07405662537,7.55330848694,10.4631223679,13.1252851486,9.944896698,11.1542348862,26.1164073944,23.3590869904,9.1095085144,10.0741415024,13.2243671417,29.196062088,27.1081218719,61.1855812073,103.136985779,96.9090042114,66.2520675659,57.9697036743,38.1635398865,24.1378707886,20.3000392914,18.3216133118,14.2022333145,7.53715229034,3.87660574913,3.40283727646,2.63884186745,1.80867362022,1.12791895866,0.706588983536,0.359410613775,0.117979191244,0.0444691479206,0.0798164084554,0.0818975716829,0.0561276823282,0.0250293072313,0.0161871071905],"median":[0.180379763246,1.42206823826,3.21281170845,3.73368406296,5.9012260437,6.18802404404,5.63428544998,5.58873176575,9.18347549438,13.3574085236,6.8235077858,6.86437654495,9.71805667877,19.4001808167,18.0005550385,48.5843887329,83.8069076538,81.8645019531,57.1343307495,49.4339027405,30.4878177643,15.3484210968,11.0312843323,6.98280382156,6.02808570862,3.61458134651,1.61340796947,1.14518725872,0.812857151031,0.517622113228,0.304089039564,0.170409023762,0.088473662734,0.0387060530484,0.0177161991596,0.0201326571405,0.0186641495675,0.0169108193368,0.013230683282,0.0155711779371],"min":[7.74074727927e-12,2.34178353792e-11,4.55488563533e-11,4.60424753879e-11,3.38365065133e-11,1.91436894115e-10,1.33084529508e-10,1.09904552126e-9,3.65719099449e-9,4.01746946821e-9,2.20835461029e-9,6.6794449971e-9,5.68371705256e-9,8.63737081858e-9,2.46012827887e-8,1.04052864103e-8,6.58236665174e-9,3.91581700399e-8,2.13443076547e-8,1.74081069559e-8,4.6480124638e-8,4.19706047694e-8,2.7808956915e-8,3.57530716144e-8,3.14679802216e-8,2.14975734991e-8,1.54699701937e-8,1.17117906484e-8,1.72589249559e-8,3.59592036148e-8,5.67608147151e-8,5.96243552309e-8,4.88604250393e-8,3.38179582116e-8,2.24039897745e-8,1.37850397763e-8,5.97436500271e-9,2.58244381435e-9,9.09328112808e-10,8.07226646637e-11],"var":[0.795149624348,8.66106987,64.9945220947,138.247146606,270.885253906,1003.43682861,310.149902344,896.713439941,3541.78588867,1133.56079102,79.5523681641,114.344642639,164.354507446,1084.01391602,1034.19042969,2923.87280273,8481.22558594,6597.57666016,2761.61523438,2343.17675781,1193.88244629,947.916687012,714.23059082,804.403015137,417.9921875,115.881919861,32.0171012878,32.1471176147,26.2846393585,15.2027921677,6.17745494843,2.47037363052,0.635452985764,0.052645765245,0.00539184501395,0.0313874408603,0.0351881831884,0.013248519972,0.00095104664797,0.0000980000186246]},"erbbands_crest":{"dmean":2.11131000519,"dmean2":3.55726027489,"dvar":3.56491589546,"dvar2":9.412358284,"max":27.1463317871,"mean":8.04275989532,"median":7.5855255127,"min":2.29368257523,"var":7.97281360626},"erbbands_flatness_db":{"dmean":0.0195036884397,"dmean2":0.0296529382467,"dvar":0.000316122866934,"dvar2":0.000737970229238,"max":0.295580655336,"mean":0.146745413542,"median":0.147754475474,"min":0.0283455234021,"var":0.00144497340079},"erbbands_kurtosis":{"dmean":1.05250644684,"dmean2":1.75348544121,"dvar":5.87918281555,"dvar2":16.6358890533,"max":78.7038726807,"mean":1.11790466309,"median":0.720569849014,"min":-1.73634195328,"var":7.26156806946},"erbbands_skewness":{"dmean":0.301764249802,"dmean2":0.484133899212,"dvar":0.094875715673,"dvar2":0.248120442033,"max":7.17900085449,"mean":-0.559700548649,"median":-0.637965261936,"min":-4.20309352875,"var":0.512371659279},"erbbands_spread":{"dmean":5.77160310745,"dmean2":9.38581180573,"dvar":32.7115211487,"dvar2":85.2678604126,"max":147.75668335,"mean":27.798614502,"median":24.7972126007,"min":3.99346756935,"var":185.938720703},"gfcc":{"cov":[[18205.3144531,771.42401123,-1854.35229492,-595.653259277,303.437255859,-476.646179199,50.4081993103,-439.41809082,183.681518555,-14.8571815491,240.190917969,1.2737749815,-106.908439636],[771.42401123,1116.69091797,-182.566680908,-248.930053711,374.191772461,-83.0100097656,77.3585510254,-133.843215942,68.3377838135,-76.2350616455,46.0435791016,-117.148864746,113.40788269],[-1854.35229492,-182.566680908,480.195922852,191.411834717,-124.404968262,158.465438843,-53.9576416016,93.2263870239,-50.5159606934,26.7724819183,-38.9348869324,33.2948684692,-14.8011083603],[-595.653259277,-248.930053711,191.411834717,281.819519043,-67.7763137817,-36.9434204102,57.4525909424,41.0011749268,-48.6507873535,6.98837471008,-20.5092086792,18.2321338654,-48.3147392273],[303.437255859,374.191772461,-124.404968262,-67.7763137817,239.248062134,-3.34855556488,60.3259353638,-49.2766990662,13.876127243,-45.5484390259,16.6719360352,-47.1723136902,46.5974273682],[-476.646179199,-83.0100097656,158.465438843,-36.9434204102,-3.34855556488,248.619949341,-46.897808075,60.3967819214,-3.33846139908,16.0235500336,-21.3588199615,25.6884803772,14.0495357513],[50.4081993103,77.3585510254,-53.9576416016,57.4525909424,60.3259353638,-46.897808075,136.012619019,1.92964732647,25.9933280945,-12.6015625,-3.15507268906,-14.0883235931,-6.00849962234],[-439.41809082,-133.843215942,93.2263870239,41.0011749268,-49.2766990662,60.3967819214,1.92964732647,107.641181946,25.7726383209,27.8853931427,-5.06321763992,11.9725418091,-3.40938043594],[183.681518555,68.3377838135,-50.5159606934,-48.6507873535,13.876127243,-3.33846139908,25.9933280945,25.7726383209,99.3359985352,40.2920837402,15.4680356979,2.9116165638,-0.782073318958],[-14.8571815491,-76.2350616455,26.7724819183,6.98837471008,-45.5484390259,16.0235500336,-12.6015625,27.8853931427,40.2920837402,72.6804122925,34.0643043518,19.1960124969,-12.7121734619],[240.190917969,46.0435791016,-38.9348869324,-20.5092086792,16.6719360352,-21.3588199615,-3.15507268906,-5.06321763992,15.4680356979,34.0643043518,66.1178283691,25.0407581329,6.6077375412],[1.2737749815,-117.148864746,33.2948684692,18.2321338654,-47.1723136902,25.6884803772,-14.0883235931,11.9725418091,2.9116165638,19.1960124969,25.0407581329,67.9090576172,6.92356014252],[-106.908439636,113.40788269,-14.8011083603,-48.3147392273,46.5974273682,14.0495357513,-6.00849962234,-3.40938043594,-0.782073318958,-12.7121734619,6.6077375412,6.92356014252,63.9403076172]],"icov":[[0.000148132196045,-0.000577811326366,0.00129936402664,-0.000903307227418,0.000624302192591,-0.000646241998766,0.000579990039114,-0.000137867915328,0.000189996615518,-0.000219506080612,0.00026282898034,-0.00067857420072,0.000629914109595],[-0.000577811326366,0.00822103396058,-0.0103408601135,0.00855993572623,-0.00707915332168,0.00519135175273,-0.00493595516309,0.00554841198027,-0.00631717452779,0.00654813833535,-0.00855456944555,0.0103317108005,-0.00663275178522],[0.00129936402664,-0.0103408601135,0.0225754398853,-0.0187897570431,0.0123695032671,-0.0130136478692,0.0104346768931,-0.00542535912246,0.00483302865177,-0.00529973208904,0.0072484803386,-0.00917573086917,0.00532773463055],[-0.000903307227418,0.00855993572623,-0.0187897570431,0.0250114426017,-0.0132300741971,0.0147323561832,-0.0129110673442,-0.000549685384613,0.00563345151022,-0.00389934726991,0.00198764330707,-0.000152520966367,0.00212369859219],[0.000624302192591,-0.00707915332168,0.0123695032671,-0.0132300741971,0.021665494889,-0.0128070032224,0.00205744872801,0.00227213604376,-0.00355961895548,0.00926611479372,-0.00953459739685,0.00665439432487,-0.00413083424792],[-0.000646241998766,0.00519135175273,-0.0130136478692,0.0147323561832,-0.0128070032224,0.0166268125176,-0.00443155365065,-0.00387974455953,0.0044348728843,-0.00691212108359,0.00817336328328,-0.0054120561108,0.00130947236903],[0.000579990039114,-0.00493595516309,0.0104346768931,-0.0129110673442,0.00205744872801,-0.00443155365065,0.0177395697683,-0.00334686040878,-0.00380892166868,0.00117580301594,0.00383053277619,-0.00475357240066,0.00365289975889],[-0.000137867915328,0.00554841198027,-0.00542535912246,-0.000549685384613,0.00227213604376,-0.00387974455953,-0.00334686040878,0.0222305711359,-0.014197004959,0.00932968314737,-0.0130145261064,0.0146276280284,-0.0102329440415],[0.000189996615518,-0.00631717452779,0.00483302865177,0.00563345151022,-0.00355961895548,0.0044348728843,-0.00380892166868,-0.014197004959,0.0336343832314,-0.0294481106102,0.0230863280594,-0.0200488679111,0.0117442514747],[-0.000219506080612,0.00654813833535,-0.00529973208904,-0.00389934726991,0.00926611479372,-0.00691212108359,0.00117580301594,0.00932968314737,-0.0294481106102,0.0546943247318,-0.0416491106153,0.0246354471892,-0.00863012205809],[0.00026282898034,-0.00855456944555,0.0072484803386,0.00198764330707,-0.00953459739685,0.00817336328328,0.00383053277619,-0.0130145261064,0.0230863280594,-0.0416491106153,0.0581460557878,-0.0375264324248,0.0136671131477],[-0.00067857420072,0.0103317108005,-0.00917573086917,-0.000152520966367,0.00665439432487,-0.0054120561108,-0.00475357240066,0.0146276280284,-0.0200488679111,0.0246354471892,-0.0375264324248,0.0501746274531,-0.0219280477613],[0.000629914109595,-0.00663275178522,0.00532773463055,0.00212369859219,-0.00413083424792,0.00130947236903,0.00365289975889,-0.0102329440415,0.0117442514747,-0.00863012205809,0.0136671131477,-0.0219280477613,0.0332051850855]],"mean":[10.9017353058,92.5593032837,-99.9115982056,1.95053684711,0.790414869785,-2.42297720909,-10.7344417572,-18.5012054443,-4.40822505951,-3.25177788734,-1.56677830219,-5.25660514832,-10.7144889832]},"hfc":{"dmean":19.4288406372,"dmean2":30.7945899963,"dvar":541.122070312,"dvar2":1428.73303223,"max":558.91607666,"mean":89.1719207764,"median":85.5300521851,"min":2.55224392731e-7,"var":2354.52319336},"melbands":{"dmean":[0.00322033348493,0.00211199535988,0.000796375505161,0.000546654046047,0.000213984094444,0.000144962512422,0.00022927756072,0.000122603130876,0.0000366121857951,0.0000348798785126,0.0000351727721863,0.0000679638396832,0.0000379050143238,0.0000661821832182,0.000113150003017,0.000106630439404,0.0000857029808685,0.0000492065482831,0.0000389251945307,0.0000296589823847,0.000017762878997,0.0000118551515698,0.0000105176750367,0.00000759137219575,0.00000884697783476,0.00000722865252101,0.00000406134859077,0.0000022244637421,0.00000121514744933,0.00000134983542921,0.00000108121059839,9.97492747956e-7,8.16326860331e-7,6.38358756078e-7,4.71091141208e-7,3.95281944066e-7,3.02132121988e-7,2.10322426142e-7,1.14934053386e-7,5.91189532884e-8],"dmean2":[0.00541961239651,0.00360594387166,0.00132456305437,0.000854125770275,0.000348668108927,0.000227702097618,0.000365700834664,0.000196931869141,0.0000612599906162,0.0000594208759139,0.0000579210791329,0.000110914334073,0.000061680075305,0.000109246531792,0.000193283107365,0.000180936243851,0.00014455098426,0.0000822941583465,0.0000657867494738,0.0000498585577589,0.0000293520406558,0.0000190756563825,0.0000170639395947,0.0000119679525596,0.0000141686523421,0.0000117716917885,0.00000631569764664,0.00000343569649885,0.00000181865266313,0.00000197775398192,0.00000156690668973,0.00000145788521877,0.00000119084620565,9.31442514229e-7,6.827440302e-7,5.76805973651e-7,4.38566502226e-7,3.05735426309e-7,1.66498580256e-7,8.89409506044e-8],"dvar":[0.000038997073716,0.00000868637380336,0.00000189007562312,0.00000172814725374,1.42857899732e-7,1.42035730732e-7,2.94784427979e-7,4.178535562e-8,2.58873100734e-9,2.61611710073e-9,2.30093166742e-9,9.00110475044e-9,3.30718674668e-9,9.93977256059e-9,1.95528429003e-8,1.77447354588e-8,1.12787370554e-8,3.34922445333e-9,2.27022178834e-9,1.57022872482e-9,6.12950912249e-10,4.92698326582e-10,3.0442523502e-10,2.04770825296e-10,2.97553814921e-10,1.69082428614e-10,4.99345495508e-11,1.77267731744e-11,4.6683325608e-12,6.72259470313e-12,4.77539448956e-12,5.05399975342e-12,3.89317744709e-12,2.64566623817e-12,1.33099954669e-12,9.23278597673e-13,4.83271951103e-13,2.31113630837e-13,6.18147365434e-14,1.17447835108e-14],"dvar2":[0.000104365870357,0.0000242840069404,0.00000497378641739,0.00000375060835722,3.61166399898e-7,2.75640758218e-7,6.60726925616e-7,9.98784699391e-8,6.85627288277e-9,7.49169437597e-9,6.15189810205e-9,2.2456500659e-8,8.64183569149e-9,2.59190446883e-8,5.4552899087e-8,4.97573964253e-8,3.02722291678e-8,9.02332519814e-9,6.29055874057e-9,4.22553281254e-9,1.61084112715e-9,1.21872922865e-9,7.55312701273e-10,4.76424955043e-10,7.03957392378e-10,3.9821757003e-10,1.14238264681e-10,4.1671388562e-11,9.76558243992e-12,1.43683545964e-11,9.93486022616e-12,1.08603742319e-11,8.23023073304e-12,5.6306023212e-12,2.78597045607e-12,1.94164758056e-12,1.00126829571e-12,4.59273136015e-13,1.22090204157e-13,2.43504557338e-14],"max":[0.067308306694,0.0420991182327,0.0431269183755,0.0506030917168,0.015112045221,0.0280262175947,0.0171228256077,0.00643183523789,0.00152703642379,0.00154154130723,0.000716516631655,0.00154752098024,0.00141882675234,0.00207633408718,0.00229242886417,0.00195433199406,0.00212233397178,0.00077242514817,0.000594928162172,0.00111755752005,0.00044625159353,0.000773253967054,0.000330548296915,0.000244996830588,0.000387799431337,0.00032828465919,0.000140901523991,0.000113678310299,0.0000328223868564,0.0000435032088717,0.0000472526771773,0.0000347523309756,0.0000351705311914,0.0000365920532204,0.0000208130331885,0.0000140640531754,0.0000114613303595,0.00000690237493473,0.00000459418879473,0.00000177273113877],"mean":[0.00413624150679,0.00329916644841,0.00134243885987,0.000959475815762,0.000371474860003,0.000268599047558,0.000396924850065,0.000218186542043,0.0000680934172124,0.0000601481042395,0.000065962325607,0.00012112026161,0.0000765902441344,0.000132382716401,0.00021429413755,0.00021018460393,0.000182232615771,0.000111544257379,0.0000841242435854,0.000066911263275,0.0000398553929699,0.0000249286440521,0.0000216774478758,0.000015062325474,0.0000149624147525,0.0000121357506941,0.00000778032972448,0.0000041836760829,0.00000225704911827,0.00000232253228205,0.00000184127691227,0.00000153018356741,0.00000123446056932,9.23837092159e-7,6.64910146497e-7,5.25460109202e-7,3.9664271867e-7,2.7745090847e-7,1.56054284162e-7,7.87832092897e-8],"median":[0.00203325902112,0.00199529156089,0.000783324416261,0.000467734789709,0.000211621343624,0.000132451954414,0.000157198228408,0.00012768675515,0.0000497993751196,0.0000403869416914,0.0000473301697639,0.0000790048070485,0.000049371010391,0.0000900805171113,0.000169846141944,0.000171961597516,0.000145383077324,0.0000913976837182,0.0000690872766427,0.0000536895313417,0.0000294982764899,0.0000145778785736,0.0000125526003103,0.00000667871199767,0.00000536381958227,0.0000048393076213,0.00000349795232069,0.00000193556661543,9.80061372502e-7,7.76602746555e-7,6.03877879257e-7,4.69585955898e-7,3.43475221598e-7,2.54157157542e-7,1.7890377535e-7,1.2795993598e-7,9.18135825145e-8,6.42798596573e-8,4.39335181568e-8,2.75698646135e-8],"min":[7.53798539972e-14,2.66738315328e-14,7.28171947788e-15,7.57253299373e-15,5.99563250813e-15,2.58362311444e-14,5.7005310574e-14,4.05066164801e-14,1.76347346827e-14,4.25235374528e-14,2.67727565107e-14,3.03216314361e-14,7.37556852615e-14,5.56245824954e-14,7.638560059e-15,2.70680101732e-14,7.87658851445e-14,3.50361219529e-14,2.2335587969e-14,2.83330843731e-14,6.12672483276e-14,4.1803132543e-14,3.47830420608e-14,2.15209506438e-14,2.98142959702e-14,2.97258081323e-14,1.7188746425e-14,1.40428186251e-14,9.62775679629e-15,6.21481456521e-15,7.5226444472e-15,7.84671332359e-15,1.42993018956e-14,2.27541289711e-14,2.91897277562e-14,3.70987284946e-14,3.7522214475e-14,3.80154959703e-14,3.07931103034e-14,2.49466669788e-14],"var":[0.0000396321629523,0.0000148600065586,0.00000332335366693,0.00000436463915321,3.50117886683e-7,5.1104728982e-7,7.37498226044e-7,9.33419954663e-8,4.96575625064e-9,4.3356580548e-9,4.43572911735e-9,1.94318463542e-8,8.08324074342e-9,2.49846348055e-8,3.66970276389e-8,3.558245254e-8,2.74901363895e-8,9.02715324713e-9,5.23908205707e-9,3.9606731228e-9,1.55259638479e-9,1.22902965582e-9,7.6962153317e-10,4.81558737331e-10,5.84521986369e-10,3.45767803278e-10,1.25527463424e-10,3.86290201215e-11,1.07340655461e-11,1.46968773956e-11,1.02681951483e-11,9.02435765004e-12,6.97284504442e-12,4.27433522604e-12,2.19862171004e-12,1.44417930305e-12,8.01852833264e-13,3.99435747065e-13,1.12941048928e-13,2.13092923569e-14]},"melbands_crest":{"dmean":4.70583724976,"dmean2":7.84398651123,"dvar":17.5276489258,"dvar2":47.1842918396,"max":36.9722938538,"mean":16.231010437,"median":15.5743284225,"min":2.60805749893,"var":37.5131263733},"melbands_flatness_db":{"dmean":0.0358415357769,"dmean2":0.0579741597176,"dvar":0.00101035903208,"dvar2":0.00276871514507,"max":0.675793409348,"mean":0.229029938579,"median":0.222025290132,"min":0.0162488762289,"var":0.0047703916207},"melbands_kurtosis":{"dmean":7.18686008453,"dmean2":12.4465904236,"dvar":328.07510376,"dvar2":1039.99304199,"max":542.949768066,"mean":11.2482471466,"median":4.21980714798,"min":-1.70198595524,"var":950.656982422},"melbands_skewness":{"dmean":0.821007668972,"dmean2":1.36228954792,"dvar":0.695791661739,"dvar2":1.93641149998,"max":16.1658248901,"mean":2.4875638485,"median":2.15615606308,"min":-0.393849253654,"var":2.70627880096},"melbands_spread":{"dmean":7.66186714172,"dmean2":12.6823291779,"dvar":61.790977478,"dvar2":176.220962524,"max":127.034217834,"mean":25.3687610626,"median":24.5210514069,"min":0.338411539793,"var":179.697479248},"mfcc":{"cov":[[10203.4003906,1103.04956055,-1155.46826172,110.436935425,-66.7733230591,94.4559936523,-151.296920776,-82.0500183105,-277.274230957,-7.26834774017,32.4002952576,23.9683647156,22.5511798859],[1103.04956055,1487.14587402,-505.313201904,-62.6385498047,178.842041016,122.650146484,36.210609436,-55.0142021179,44.6505737305,-3.55481123924,-21.4420757294,-7.97204208374,8.52969741821],[-1155.46826172,-505.313201904,569.312866211,-13.0831661224,16.5458831787,1.98746609688,11.8324708939,40.2407836914,11.4115924835,17.7431640625,11.1289615631,7.53658914566,0.498441666365],[110.436935425,-62.6385498047,-13.0831661224,351.404388428,-83.6621246338,-31.6131858826,41.4582443237,4.24438428879,-17.5360641479,-9.8443775177,19.6674251556,-8.66281890869,-17.4990921021],[-66.7733230591,178.842041016,16.5458831787,-83.6621246338,148.954711914,50.4116249084,31.6849479675,7.86620378494,14.2635746002,-1.85400497913,-4.86796331406,-7.18900251389,-2.5016477108],[94.4559936523,122.650146484,1.98746609688,-31.6131858826,50.4116249084,108.523353577,33.6739234924,20.0176353455,11.779958725,2.30819630623,1.1745223999,-7.34345340729,-5.21838998795],[-151.296920776,36.210609436,11.8324708939,41.4582443237,31.6849479675,33.6739234924,92.4904556274,29.5771636963,10.9426898956,-5.59032487869,-2.84461379051,-18.0726642609,-13.4068403244],[-82.0500183105,-55.0142021179,40.2407836914,4.24438428879,7.86620378494,20.0176353455,29.5771636963,73.1773605347,33.7155380249,8.04014778137,1.89974415302,-2.87449979782,-4.08346557617],[-277.274230957,44.6505737305,11.4115924835,-17.5360641479,14.2635746002,11.779958725,10.9426898956,33.7155380249,86.1030883789,27.2156772614,5.43006372452,2.34439206123,-3.2639093399],[-7.26834774017,-3.55481123924,17.7431640625,-9.8443775177,-1.85400497913,2.30819630623,-5.59032487869,8.04014778137,27.2156772614,59.6418609619,22.0369224548,13.7354393005,7.96762895584],[32.4002952576,-21.4420757294,11.1289615631,19.6674251556,-4.86796331406,1.1745223999,-2.84461379051,1.89974415302,5.43006372452,22.0369224548,56.4188728333,27.3756961823,12.0233335495],[23.9683647156,-7.97204208374,7.53658914566,-8.66281890869,-7.18900251389,-7.34345340729,-18.0726642609,-2.87449979782,2.34439206123,13.7354393005,27.3756961823,55.6053848267,29.5028572083],[22.5511798859,8.52969741821,0.498441666365,-17.4990921021,-2.5016477108,-5.21838998795,-13.4068403244,-4.08346557617,-3.2639093399,7.96762895584,12.0233335495,29.5028572083,47.5097198486]],"icov":[[0.000163658507518,-0.0000535815524927,0.000301413732814,-0.0000767040692153,-0.00000298485679195,-0.000226458461839,0.000403106823796,-0.000425262725912,0.00075073557673,-0.000305561901769,-0.0000696189526934,-0.0000193714422494,0.0000851611475809],[-0.0000535815524927,0.00151994300541,0.0011967360042,-0.000321520172292,-0.00169112079311,-0.00114756112453,-0.00015868410992,0.00158805493265,-0.0013951525325,-0.0000460611045128,0.000713949266355,-0.000273489829851,-0.000600778264925],[0.000301413732814,0.0011967360042,0.00353610143065,-0.000372249109205,-0.00172952457797,-0.0011778937187,0.000723873672541,-0.000752747233491,0.000826211820822,-0.00120436807629,0.000313329772325,-0.00050702795852,-0.000118707881484],[-0.0000767040692153,-0.000321520172292,-0.000372249109205,0.00423577055335,0.00292891543359,0.00132580683567,-0.00315990136005,0.0000808773693279,0.000432655069744,0.000892975425813,-0.00229669036344,0.000456311623566,0.00125111674424],[-0.00000298485679195,-0.00169112079311,-0.00172952457797,0.00292891543359,0.0118927005678,-0.00152644014452,-0.00375125301071,0.0000821416979306,0.0000849882635521,0.00120566785336,-0.00136620749254,0.000646139553282,0.000557164661586],[-0.000226458461839,-0.00114756112453,-0.0011778937187,0.00132580683567,-0.00152644014452,0.0135494275019,-0.00372527283616,-0.0025861589238,0.000259796070168,0.000102205201983,-0.00174403062556,0.000941732723732,0.000805826915894],[0.000403106823796,-0.00015868410992,0.000723873672541,-0.00315990136005,-0.00375125301071,-0.00372527283616,0.0181598756462,-0.00650243368,0.00185139325913,0.000393833150156,-0.000670277513564,0.00364178256132,0.000593930482864],[-0.000425262725912,0.00158805493265,-0.000752747233491,0.0000808773693279,0.0000821416979306,-0.0025861589238,-0.00650243368,0.0225982442498,-0.0102653494105,0.00134684483055,0.000882265914697,-0.000531895610038,-0.001041990472],[0.00075073557673,-0.0013951525325,0.000826211820822,0.000432655069744,0.0000849882635521,0.000259796070168,0.00185139325913,-0.0102653494105,0.0213351044804,-0.00865527614951,0.000334357144311,-0.00109057675581,0.00322784227319],[-0.000305561901769,-0.0000460611045128,-0.00120436807629,0.000892975425813,0.00120566785336,0.000102205201983,0.000393833150156,0.00134684483055,-0.00865527614951,0.0243068449199,-0.00819247681648,0.000215093517909,-0.00193483266048],[-0.0000696189526934,0.000713949266355,0.000313329772325,-0.00229669036344,-0.00136620749254,-0.00174403062556,-0.000670277513564,0.000882265914697,0.000334357144311,-0.00819247681648,0.027969462797,-0.0132614970207,0.0012326623546],[-0.0000193714422494,-0.000273489829851,-0.00050702795852,0.000456311623566,0.000646139553282,0.000941732723732,0.00364178256132,-0.000531895610038,-0.00109057675581,0.000215093517909,-0.0132614970207,0.0351070575416,-0.0172047615051],[0.0000851611475809,-0.000600778264925,-0.000118707881484,0.00125111674424,0.000557164661586,0.000805826915894,0.000593930482864,-0.001041990472,0.00322784227319,-0.00193483266048,0.0012326623546,-0.0172047615051,0.0326919145882]],"mean":[-644.802062988,153.084487915,-28.9587211609,23.0738296509,18.5276794434,25.5320262909,4.99254083633,2.56945300102,-4.63252925873,5.47906446457,3.8435690403,3.6705532074,2.15837907791]},"pitch_salience":{"dmean":0.0892792344093,"dmean2":0.148501083255,"dvar":0.0061796749942,"dvar2":0.016921820119,"max":0.829088509083,"mean":0.569522082806,"median":0.588832974434,"min":0.0949641689658,"var":0.014152306132},"silence_rate_20dB":{"dmean":0,"dmean2":0,"dvar":0,"dvar2":0,"max":1,"mean":1,"median":1,"min":1,"var":0},"silence_rate_30dB":{"dmean":0.0479104742408,"dmean2":0.0958293229342,"dvar":0.0456122271717,"dvar2":0.107264958322,"max":1,"mean":0.957513749599,"median":1,"min":0,"var":0.0406783744693},"silence_rate_60dB":{"dmean":0.00402168231085,"dmean2":0.00804406777024,"dvar":0.00400462187827,"dvar2":0.0097245760262,"max":1,"mean":0.0535011813045,"median":0,"min":0,"var":0.0506449453533},"spectral_centroid":{"dmean":206.016921997,"dmean2":321.379302979,"dvar":50236.171875,"dvar2":106606.359375,"max":10672.6386719,"mean":1307.796875,"median":1254.71057129,"min":117.857269287,"var":264859.40625},"spectral_complexity":{"dmean":3.41196012497,"dmean2":5.25662326813,"dvar":10.7491264343,"dvar2":21.2017498016,"max":61,"mean":27.1836700439,"median":28,"min":0,"var":116.909179688},"spectral_contrast_coeffs":{"dmean":[0.053114887327,0.0469459220767,0.0337135456502,0.027110375464,0.021156642586,0.0280806589872],"dmean2":[0.0881157591939,0.0782844424248,0.0569825768471,0.0466428659856,0.0356056690216,0.0432940013707],"dvar":[0.00179346918594,0.00134913995862,0.000677285715938,0.000431200314779,0.000309031485813,0.000702864548657],"dvar2":[0.00482311565429,0.00370875000954,0.00192667345982,0.00126708089374,0.000864369154442,0.0015713351313],"max":[-0.320464611053,-0.405711054802,-0.621044635773,-0.634342730045,-0.658711314201,-0.526768386364],"mean":[-0.682672560215,-0.770208656788,-0.815621674061,-0.80478644371,-0.793944895267,-0.759513378143],"median":[-0.685376286507,-0.774891734123,-0.816207408905,-0.802802801132,-0.78918671608,-0.761543393135],"min":[-0.967635273933,-0.964988410473,-0.972810029984,-0.986368358135,-0.977344870567,-0.959581434727],"var":[0.00569985806942,0.00435407971963,0.00197861180641,0.0015652164584,0.00171091372613,0.00322166876867]},"spectral_contrast_valleys":{"dmean":[0.385665208101,0.339741528034,0.28262719512,0.221690699458,0.27121463418,0.521716415882],"dmean2":[0.639185667038,0.564103960991,0.465777367353,0.367312252522,0.405058860779,0.785883247852],"dvar":[0.106302082539,0.0876232683659,0.0730607584119,0.0590470731258,0.100814901292,0.204658940434],"dvar2":[0.260166168213,0.219561189413,0.173675775528,0.131200507283,0.206932902336,0.490655571222],"max":[-4.96720266342,-5.04668569565,-5.35731649399,-5.33184051514,-5.60472679138,-8.61792850494],"mean":[-6.73193454742,-6.6705622673,-6.92741250992,-6.68163204193,-7.55504179001,-10.7744369507],"median":[-6.50097417831,-6.40361213684,-6.62083148956,-6.28724193573,-7.35005044937,-10.6210746765],"min":[-26.8125095367,-27.0801506042,-27.2008800507,-27.2568397522,-27.1179676056,-27.2870101929],"var":[1.61521422863,1.81423151493,1.91814184189,2.22738385201,1.76626682281,1.36740088463]},"spectral_decrease":{"dmean":4.31558477842e-9,"dmean2":6.97992641463e-9,"dvar":3.64578399145e-17,"dvar2":9.32302761438e-17,"max":1.67861297778e-11,"mean":-1.01055084301e-8,"median":-8.26158164102e-9,"min":-7.53590754243e-8,"var":6.41389626575e-17},"spectral_energy":{"dmean":0.0167600773275,"dmean2":0.0269330684096,"dvar":0.000536705832928,"dvar2":0.00136273016687,"max":0.296852171421,"mean":0.0462288409472,"median":0.0399274900556,"min":2.54431389152e-11,"var":0.00106037885416},"spectral_energyband_high":{"dmean":0.000252963829553,"dmean2":0.000337374018272,"dvar":1.97141318381e-7,"dvar2":3.39252835602e-7,"max":0.00750868720934,"mean":0.000648820656352,"median":0.000374789757188,"min":1.76937978158e-11,"var":6.09774190252e-7},"spectral_energyband_low":{"dmean":0.0143236834556,"dmean2":0.0239404924214,"dvar":0.000464199692942,"dvar2":0.00123410311062,"max":0.233929052949,"mean":0.0227729137987,"median":0.0149375069886,"min":3.60590843209e-13,"var":0.000615067081526},"spectral_energyband_middle_high":{"dmean":0.00223762937821,"dmean2":0.00352859031409,"dvar":0.00000609686048847,"dvar2":0.0000150305568241,"max":0.0427981354296,"mean":0.00975112617016,"median":0.00948723312467,"min":5.13114377376e-12,"var":0.0000378962868126},"spectral_energyband_middle_low":{"dmean":0.00397085445002,"dmean2":0.00622612703592,"dvar":0.0000409815183957,"dvar2":0.0000936736396397,"max":0.186523318291,"mean":0.0103880288079,"median":0.00783469714224,"min":8.59272342949e-13,"var":0.000117515264719},"spectral_entropy":{"dmean":0.141586691141,"dmean2":0.216799587011,"dvar":0.0277930647135,"dvar2":0.070801705122,"max":9.81443119049,"mean":7.60662174225,"median":7.61449575424,"min":4.86888885498,"var":0.112910866737},"spectral_flux":{"dmean":0.0272890720516,"dmean2":0.0444561615586,"dvar":0.00102749478538,"dvar2":0.00246328418143,"max":0.410245478153,"mean":0.113567560911,"median":0.107383601367,"min":0.0000224695377256,"var":0.00289242598228},"spectral_kurtosis":{"dmean":4.58107995987,"dmean2":6.95535326004,"dvar":30.8694972992,"dvar2":75.8920135498,"max":81.3958587646,"mean":18.0381183624,"median":16.5162658691,"min":-1.21529519558,"var":87.8689498901},"spectral_rms":{"dmean":0.00109947449528,"dmean2":0.00173685350455,"dvar":0.00000146147488067,"dvar2":0.00000358895294994,"max":0.0170179866254,"mean":0.0062561230734,"median":0.0062412857078,"min":1.57551809821e-7,"var":0.00000596176596446},"spectral_rolloff":{"dmean":2275.64038086,"dmean2":4271.66601562,"dvar":26780230,"dvar2":77570016,"max":22028.4667969,"mean":3142.1081543,"median":1744.18945312,"min":21.533203125,"var":24068338},"spectral_skewness":{"dmean":0.325426369905,"dmean2":0.487425982952,"dvar":0.137251093984,"dvar2":0.322930812836,"max":6.89191007614,"mean":2.77134037018,"median":2.71898889542,"min":0.00151377951261,"var":0.577833354473},"spectral_spread":{"dmean":475312.21875,"dmean2":707100.625,"dvar":280471830528,"dvar2":503344496640,"max":40942112,"mean":3647992.25,"median":3349267.75,"min":1415935,"var":1622775300100},"spectral_strongpeak":{"dmean":0.550703704357,"dmean2":1.00944888592,"dvar":14.3453168869,"dvar2":42.0385971069,"max":118.687187195,"mean":0.568945407867,"median":0.273356229067,"min":0,"var":8.33821201324},"zerocrossingrate":{"dmean":0.0253115650266,"dmean2":0.0334286317229,"dvar":0.000461992633063,"dvar2":0.000819190405309,"max":0.5048828125,"mean":0.175202772021,"median":0.17333984375,"min":0.013671875,"var":0.00256208120845}},"metadata":{"audio_properties":{"analysis_sample_rate":44100,"bit_rate":320000,"codec":"mp3","downmix":"mix","equal_loudness":0,"length":265.588012695,"lossless":false,"md5_encoded":"c81a34ca9dcaa349bcbf25ae8429448e","replay_gain":-2.4992351532,"sample_rate":44100},"tags":{"album":["Ultramega OK"],"albumartist":["Soundgarden"],"albumartistsort":["Soundgarden","Soundgarden"],"artist":["Soundgarden"],"artistsort":["Soundgarden"],"asin":["B000000M4A"],"barcode":["018861020129"],"catalognumber":["SST CD 201"],"date":["1988"],"discnumber":["1/1"],"file_name":"06. Soundgarden - Mood for Trouble.mp3","genre":["Grunge"],"label":["SST Records"],"language":["eng"],"length":["265560"],"media":["CD"],"musicbrainz album release country":["US"],"musicbrainz album status":["official"],"musicbrainz album type":["album"],"musicbrainz_albumartistid":["153c9281-268f-4cf3-8938-f5a4593e5df4"],"musicbrainz_albumid":["0d810c50-c79c-4f73-9ba7-6eb3ea0791f8"],"musicbrainz_artistid":["153c9281-268f-4cf3-8938-f5a4593e5df4"],"musicbrainz_recordingid":["1a7d73b4-4f41-48d5-844c-1eb110eb5218"],"originaldate":["1988"],"script":["Latn"],"title":["Mood for Trouble"],"tracknumber":["6/13"]},"version":{"essentia":"2.1-beta1","essentia_build_sha":"ca57ba49d9b1854bd80e60cf9ccf267278fb7d6b","essentia_git_sha":"v2.1_beta1-28-g21ef5f4-dirty","extractor":"music 1.0"}},"rhythm":{"beats_count":609,"beats_loudness":{"dmean":0.0285613257438,"dmean2":0.0495623201132,"dvar":0.00053568079602,"dvar2":0.00166371278465,"max":0.163909241557,"mean":0.0537002459168,"median":0.0513654500246,"min":3.69316643933e-9,"var":0.000952409987804},"beats_loudness_band_ratio":{"dmean":[0.189683273435,0.093309558928,0.0537265539169,0.0732044577599,0.0474391616881,0.0509138181806],"dmean2":[0.320797502995,0.167905882001,0.093631118536,0.12657533586,0.0800360739231,0.0846839845181],"dvar":[0.0210178159177,0.0121022537351,0.00466762436554,0.00537358829752,0.00150728807785,0.00204307516105],"dvar2":[0.0609967783093,0.0339834429324,0.013065777719,0.0150968926027,0.00427025137469,0.00590694788843],"max":[0.952193439007,0.803625524044,0.554460227489,0.470894217