{"lowlevel":{"average_loudness":0.865525722504,"barkbands":{"dmean":[0.0000173478911165,0.00127556722146,0.00326934759505,0.00114282988943,0.00104209769052,0.000413315952756,0.000754937937018,0.000442391814431,0.000858190003783,0.000492061430123,0.000382609840017,0.000419624469941,0.000354680931196,0.000535623170435,0.00041311714449,0.000336588418577,0.000344419822795,0.000213796069147,0.000289946212433,0.000404780497774,0.000215665873839,0.000181184906978,0.000202504190383,0.000209133795579,0.000185209340998,0.000102056059404,0.0000149691331899],"dmean2":[0.0000278521674772,0.0021009829361,0.00499288644642,0.00193585769739,0.00169608823489,0.000671419024002,0.00124431808945,0.000747785845306,0.00138085393701,0.000779830792453,0.000621506886091,0.000680600700434,0.000581675907597,0.000861992593855,0.000681890989654,0.000551518227439,0.000568574585486,0.000355256634066,0.000473108841106,0.000663642713334,0.000355790980393,0.000302434928017,0.000327012647176,0.000329039321514,0.000288458482828,0.000161125179147,0.0000249731492659],"dvar":[3.04722608258e-10,0.00000358102806786,0.0000311359108309,0.00000342540079146,0.00000348395701621,8.01513579063e-7,0.00000382470807381,0.000001934331749,0.00000527838074049,0.00000158832938268,9.70969153968e-7,9.62096919466e-7,6.37004006876e-7,0.00000160246372616,8.76404442351e-7,5.79576692417e-7,3.96021476945e-7,1.68676010048e-7,2.29280118447e-7,3.31116439156e-7,1.27152972595e-7,2.29213526381e-7,3.85117544965e-7,4.52104870874e-7,2.68369376499e-7,6.44264019911e-8,1.35193700679e-9],"dvar2":[7.50251472059e-10,0.00000965570598055,0.0000702313482179,0.00000930175974645,0.00000863840250531,0.00000203142667488,0.0000098067075669,0.00000551478206035,0.0000149603229147,0.00000398680776925,0.00000254200313066,0.00000248871424446,0.00000161837465384,0.00000392250149162,0.0000021814455522,0.00000141252678532,0.00000100378349543,4.33252665744e-7,5.56937777674e-7,8.66745665462e-7,3.33970035626e-7,6.10533675172e-7,8.7551757133e-7,9.46034560911e-7,6.5120752879e-7,1.61174554592e-7,3.52477025345e-9],"max":[0.000219205045141,0.0273978468031,0.0609012842178,0.024077611044,0.0460934787989,0.0203972347081,0.0253024306148,0.0370437912643,0.0646795108914,0.0388542450964,0.021356549114,0.0212075226009,0.0150274094194,0.0305748097599,0.0196067653596,0.0234636254609,0.0140199232846,0.0106518846005,0.023803120479,0.0153800006956,0.0113257104531,0.0213875528425,0.0159734115005,0.0163956526667,0.0103124557063,0.00417258497328,0.000594814540818],"mean":[0.000037429654185,0.00197077658959,0.00447745528072,0.00157161965035,0.00179298140574,0.00061457202537,0.000891501316801,0.000586938404012,0.00133714068215,0.000789546291344,0.000575615442358,0.000650584697723,0.000557459541596,0.00100245967042,0.000659298093524,0.000600031751674,0.000639164471067,0.000416274415329,0.000684428727254,0.00107031711377,0.00055484182667,0.000411322078435,0.000410388514865,0.000461949704913,0.000358929799404,0.000174337052158,0.0000208179662877],"median":[0.0000322219129885,0.00109527423047,0.00163723761216,0.000983872101642,0.00109644467011,0.00029087025905,0.000242487585638,0.000126687533339,0.000480828690343,0.000221690133912,0.00015638579498,0.000243001035415,0.000158480601385,0.000149024621351,0.000195637301658,0.000261901092017,0.000362717779353,0.00023057393264,0.000463735195808,0.00087824073853,0.000418402021751,0.00029359391192,0.000224510295084,0.000247236690484,0.000214409315959,0.0000496189968544,0.00000130178227664],"min":[4.98779296824e-25,7.7624654603e-24,2.67718091988e-24,1.49767037515e-24,1.37123841513e-23,9.48349016506e-24,9.3381480653e-24,1.34703963355e-23,1.66115820844e-23,2.13008600281e-23,2.59112645031e-23,1.94057542319e-23,4.49335897366e-23,3.86321751366e-23,7.08068295663e-23,6.01655250952e-23,6.81666951323e-23,1.0125758626e-22,1.62416312478e-22,1.82392113378e-22,2.65601287878e-22,3.17712782945e-22,4.74131657329e-22,6.79864965823e-22,8.78025966934e-22,1.29192333574e-21,2.05067807764e-21],"var":[6.03251559816e-10,0.00000579883726459,0.0000495817621413,0.00000413129691879,0.00000723452376405,0.00000119546189126,0.00000411166638514,0.00000332373383571,0.0000100896304502,0.00000353557220478,0.00000198867542167,0.00000182202813903,0.0000013836497601,0.00000524018923898,0.00000181771599728,0.00000138283473916,8.15443684132e-7,3.27871333639e-7,6.74468424222e-7,8.43800933126e-7,3.97657657913e-7,3.38556532142e-7,8.04517412689e-7,0.00000105263950445,3.58679073997e-7,9.5562249669e-8,1.76477188418e-9]},"barkbands_crest":{"dmean":2.49819922447,"dmean2":4.01190948486,"dvar":5.17132139206,"dvar2":12.4232635498,"max":25.6537380219,"mean":8.22939777374,"median":7.20154762268,"min":2.18315076828,"var":15.3651971817},"barkbands_flatness_db":{"dmean":0.0171316973865,"dmean2":0.0269711967558,"dvar":0.000277637125691,"dvar2":0.00064692273736,"max":0.372231483459,"mean":0.0838783159852,"median":0.0748405233026,"min":0.020286841318,"var":0.00139467138797},"barkbands_kurtosis":{"dmean":1.37723565102,"dmean2":2.11649227142,"dvar":18.8484783173,"dvar2":30.8271389008,"max":286.519165039,"mean":0.869844794273,"median":-0.63974493742,"min":-1.94025957584,"var":59.5482559204},"barkbands_skewness":{"dmean":0.442110717297,"dmean2":0.678105890751,"dvar":0.217499956489,"dvar2":0.47376075387,"max":13.7972450256,"mean":0.741101861,"median":0.60593944788,"min":-4.761323452,"var":1.23288154602},"barkbands_spread":{"dmean":7.59549951553,"dmean2":11.9571819305,"dvar":53.8237380981,"dvar2":127.853210449,"max":103.451545715,"mean":42.8112831116,"median":43.0615921021,"min":0.546955287457,"var":244.685775757},"dissonance":{"dmean":0.0108603313565,"dmean2":0.0184276308864,"dvar":0.000133085864945,"dvar2":0.000362402963219,"max":0.500000119209,"mean":0.482402324677,"median":0.486739337444,"min":0.2754586339,"var":0.00026728969533},"dynamic_complexity":2.75283193588,"erbbands":{"dmean":[0.013971991837,0.382750600576,2.97651362419,4.16057777405,3.39367032051,3.66211485863,2.72264528275,3.73909378052,8.94039058685,10.7404356003,9.7267332077,20.9265174866,15.113451004,14.5474214554,15.945098877,17.2762451172,16.2248287201,23.1264057159,24.9968624115,13.9360837936,19.7149085999,15.3226327896,11.594250679,11.2489356995,18.2240638733,18.5522766113,9.622382164,8.26330947876,6.09238147736,7.00609540939,5.52439117432,5.01506710052,3.28496980667,2.17382192612,1.27893805504,0.563202440739,0.181267157197,0.02713945508,0.00277736783028,0.0000832450386952],"dmean2":[0.0233120825142,0.629313290119,4.60239601135,6.69211959839,5.65094327927,5.89579296112,4.4741435051,6.0960111618,14.7599439621,17.7172660828,16.2302646637,33.3161315918,24.0923652649,23.1595344543,26.032585144,27.761384964,26.1146450043,36.5794830322,40.5508728027,22.6576499939,32.1880340576,25.1307640076,19.1638336182,18.4466362,29.5246009827,30.3218460083,15.7752389908,13.6983041763,10.1501598358,11.7058162689,8.88195419312,8.06432247162,5.07305622101,3.37245297432,2.05132198334,0.897387206554,0.289227247238,0.0436458475888,0.00465910509229,0.000138499701279],"dvar":[0.000348426372511,0.317583620548,23.5478610992,51.451499939,38.7842826843,47.1331062317,28.6536712646,77.7018890381,474.997619629,729.465515137,874.62298584,3351.26000977,1969.21191406,1550.70178223,1792.8347168,1679.95495605,1289.41540527,3276.19628906,2904.38989258,1155.86047363,1676.66491699,804.913024902,445.444671631,427.036712646,931.165100098,754.610351563,209.544662476,229.070022583,288.573638916,304.339599609,331.381469727,286.436004639,97.7725830078,29.0300769806,21.8593521118,2.34341239929,0.202430233359,0.00390519457869,0.0000492436047352,4.03146920291e-8],"dvar2":[0.000970866996795,0.853076279163,54.3408317566,123.690139771,104.267204285,104.607826233,70.7586593628,197.940170288,1221.78588867,1862.94616699,2421.02807617,9334.96582031,5347.12451172,4011.4934082,4962.96386719,4399.49511719,3305.81665039,8058.93505859,7139.4609375,2960.46948242,4133.57861328,2023.86401367,1135.22338867,1150.88452148,2138.546875,1969.76489258,532.176025391,618.261047363,773.998596191,768.457275391,739.147460938,611.298706055,208.844100952,64.1855163574,57.9323730469,6.06408691406,0.498331815004,0.00972725264728,0.000128441679408,1.06430974256e-7],"max":[0.269425690174,7.95572757721,58.8644828796,80.554473877,116.158164978,253.033248901,145.52772522,205.896774292,362.746582031,522.373718262,1003.89440918,1595.4107666,1429.0715332,1224.45043945,1253.82739258,912.930053711,705.248962402,1527.45605469,1691.37927246,869.772155762,1392.45593262,660.388671875,520.778747559,661.57611084,1646.85949707,771.651733398,450.102508545,544.708251953,763.575256348,398.37878418,544.277587891,408.896606445,270.731781006,123.781410217,101.139434814,27.1082496643,7.71431064606,0.887547850609,0.119874224067,0.00314245093614],"mean":[0.0244698002934,0.618100047112,4.37985372543,5.80225801468,5.44692420959,6.33703947067,4.28028202057,5.37124824524,11.3701210022,13.0445022583,14.7621002197,32.4138755798,24.6747894287,24.5081386566,26.9437103271,28.6397037506,28.2531642914,45.2542610168,46.4615058899,25.9867362976,37.2830810547,32.4894218445,25.0121440887,26.6031742096,45.7448692322,48.9909248352,26.5603561401,20.5910816193,13.8076877594,14.5825662613,11.2978544235,10.3631629944,7.22614431381,4.55814218521,2.09598994255,0.958983182907,0.29966121912,0.043268982321,0.00373454717919,0.000137111535878],"median":[0.0166335962713,0.34395802021,1.75812005997,2.97628736496,3.64417266846,3.80417537689,2.44081354141,2.40177536011,3.4319858551,3.69834041595,4.60743045807,11.4026184082,8.40273475647,6.96268749237,8.25937271118,12.1898813248,9.80033874512,8.10876655579,13.4173545837,8.39402961731,20.1328010559,19.1991176605,14.8947734833,16.532535553,33.5598526001,40.724899292,21.4500427246,15.0793323517,9.80766868591,8.89024829865,6.08212947845,5.25039196014,4.01151990891,2.70001268387,1.1769361496,0.39582541585,0.0563295558095,0.00612635910511,0.000261945533566,0.0000533347338205],"min":[1.15751668459e-22,7.57654072681e-22,3.88150221135e-21,4.46230901715e-21,1.28570314352e-20,2.564178958e-20,3.29378505469e-20,5.678687963e-20,1.51906484993e-19,1.9038902089e-19,4.34083033868e-19,4.59862376152e-19,8.1302424355e-19,1.14150572981e-18,9.44772091446e-19,9.18078456091e-19,1.94109325149e-18,2.593405401e-18,3.8046784388e-18,2.66175843695e-18,3.32753832761e-18,4.31569986789e-18,5.43356829131e-18,6.52715275989e-18,9.47665259036e-18,8.64949679322e-18,9.92449479144e-18,1.09427342732e-17,1.10612965519e-17,9.96798050342e-18,1.36745412595e-17,1.22037156959e-17,1.07008881687e-17,8.85473932835e-18,5.69943489353e-18,4.39955116658e-18,2.25175664696e-18,1.04029180666e-18,2.45994234241e-19,2.91192649531e-20],"var":[0.00065376854036,0.550007879734,41.7655487061,65.223815918,47.7393455505,122.823165894,43.5269432068,110.069129944,574.613769531,867.233764648,1792.24707031,6376.10595703,4005.25512695,3647.51342773,4056.69555664,3236.20874023,2922.31005859,11118.8857422,7783.13867188,2586.17529297,3889.93530273,1858.54919434,960.463806152,1066.03051758,2784.59179688,1705.57739258,579.730651855,665.759643555,398.8253479,569.415100098,695.669311523,616.311523438,224.684127808,55.4402160645,18.8366336823,2.75967431068,0.326244264841,0.00632851710543,0.0000597117941652,4.81387942841e-8]},"erbbands_crest":{"dmean":2.39486670494,"dmean2":3.90872788429,"dvar":5.64572525024,"dvar2":14.5706310272,"max":31.8200054169,"mean":8.22117042542,"median":6.95474720001,"min":2.08020782471,"var":18.6074352264},"erbbands_flatness_db":{"dmean":0.0144567899406,"dmean2":0.0219133421779,"dvar":0.000209053119761,"dvar2":0.000443036376964,"max":0.394794613123,"mean":0.128731012344,"median":0.123660832644,"min":0.0277075041085,"var":0.0019445134094},"erbbands_kurtosis":{"dmean":0.761561453342,"dmean2":1.19199585915,"dvar":1.27672922611,"dvar2":2.85408043861,"max":38.6285209656,"mean":0.321293354034,"median":-0.120004855096,"min":-1.92526590824,"var":3.88829374313},"erbbands_skewness":{"dmean":0.319577127695,"dmean2":0.493658781052,"dvar":0.0979897379875,"dvar2":0.225338026881,"max":5.8523106575,"mean":-0.271429866552,"median":-0.318516105413,"min":-3.47239208221,"var":0.543831467628},"erbbands_spread":{"dmean":8.41823482513,"dmean2":12.8245830536,"dvar":69.9304275513,"dvar2":151.352981567,"max":171.76612854,"mean":45.6603965759,"median":42.6867523193,"min":1.8131082058,"var":423.475860596},"gfcc":{"cov":[[15442.3007813,-81.6590118408,-770.851013184,386.481140137,-497.783233643,534.424194336,-422.389556885,235.662353516,-313.452697754,94.0927658081,-190.051498413,-130.081924438,-261.731079102],[-81.6590118408,680.558898926,-339.522491455,102.528594971,-66.5892791748,-88.7217330933,49.6617431641,-38.2399291992,26.1838417053,-37.9334220886,36.8367004395,-48.6637382507,65.071472168],[-770.851013184,-339.522491455,1051.49914551,-101.52722168,129.061981201,-31.4601211548,24.778093338,45.9356689453,-23.4571647644,10.3102684021,-91.5931167603,64.7165145874,-100.303024292],[386.481140137,102.528594971,-101.52722168,401.180633545,-40.8842124939,74.3889389038,-10.6717367172,34.2458305359,2.65746736526,-27.1162090302,26.9327793121,-16.3333892822,55.4725875854],[-497.783233643,-66.5892791748,129.061981201,-40.8842124939,337.943328857,3.95267295837,77.4362716675,-28.8595428467,-25.7025279999,12.4074039459,-33.4131126404,17.066860199,-10.2939863205],[534.424194336,-88.7217330933,-31.4601211548,74.3889389038,3.95267295837,250.92868042,-4.71006965637,47.9859695435,-16.3349990845,-9.54586315155,27.5780639648,-23.5506267548,-21.9834251404],[-422.389556885,49.6617431641,24.778093338,-10.6717367172,77.4362716675,-4.71006965637,192.601501465,24.5533618927,-16.9031600952,-9.00035190582,-4.63103914261,16.5154418945,6.08550310135],[235.662353516,-38.2399291992,45.9356689453,34.2458305359,-28.8595428467,47.9859695435,24.5533618927,118.419570923,28.2699508667,3.82877802849,-13.5659294128,-4.13251495361,-3.57667970657],[-313.452697754,26.1838417053,-23.4571647644,2.65746736526,-25.7025279999,-16.3349990845,-16.9031600952,28.2699508667,124.104644775,29.8150520325,6.5383682251,-18.5927257538,4.60894298553],[94.0927658081,-37.9334220886,10.3102684021,-27.1162090302,12.4074039459,-9.54586315155,-9.00035190582,3.82877802849,29.8150520325,93.0208969116,27.6987419128,6.65270614624,-21.094701767],[-190.051498413,36.8367004395,-91.5931167603,26.9327793121,-33.4131126404,27.5780639648,-4.63103914261,-13.5659294128,6.5383682251,27.6987419128,102.454582214,20.3711605072,8.4610710144],[-130.081924438,-48.6637382507,64.7165145874,-16.3333892822,17.066860199,-23.5506267548,16.5154418945,-4.13251495361,-18.5927257538,6.65270614624,20.3711605072,82.2830963135,23.5032653809],[-261.731079102,65.071472168,-100.303024292,55.4725875854,-10.2939863205,-21.9834251404,6.08550310135,-3.57667970657,4.60894298553,-21.094701767,8.4610710144,23.5032653809,95.1710586548]],"icov":[[0.000127116523799,-0.0000791232378106,0.000175690554897,-0.000130652391817,0.00015448074555,-0.000232764185057,0.000284671259578,-0.000255184539128,0.000470340659376,-0.000432597851614,0.000661588273942,-0.000346263812389,0.000508183962665],[-0.0000791232378106,0.0023713526316,0.000336300523486,-0.000364701118087,0.000109477485239,0.00128406006843,-0.0011097517563,0.000613222189713,-0.000607505324297,0.00117091939319,-0.00146770558786,0.00193532789126,-0.00092801178107],[0.000175690554897,0.000336300523486,0.00175536982715,-0.000339626363711,-0.000124632642837,0.0000627712579444,0.000393433670979,-0.000841959146783,0.000486600794829,-0.000257527659414,0.00196531182155,-0.00212279544212,0.00251430482604],[-0.000130652391817,-0.000364701118087,-0.000339626363711,0.00337460520677,-0.000140496646054,-0.000683068297803,0.000122940386063,-0.000679508259054,-0.000152466047439,0.000792179664131,-0.00149603292812,0.00131866359152,-0.0026509121526],[0.00015448074555,0.000109477485239,-0.000124632642837,-0.000140496646054,0.00417264876887,-0.00107068952639,-0.00151639571413,0.00176265649498,0.000659622310195,-0.00191535905469,0.00260511296801,-0.000790963764302,0.000174985791091],[-0.000232764185057,0.00128406006843,0.0000627712579444,-0.000683068297803,-0.00107068952639,0.00655442802235,-0.000226347139687,-0.00238437578082,0.000396417482989,0.00252350815572,-0.00445612985641,0.00309278513305,0.000441788492026],[0.000284671259578,-0.0011097517563,0.000393433670979,0.000122940386063,-0.00151639571413,-0.000226347139687,0.00741723319516,-0.00334940059111,0.00210649915971,-0.000215978361666,0.000918798672501,-0.00201358250342,0.00133388559334],[-0.000255184539128,0.000613222189713,-0.000841959146783,-0.000679508259054,0.00176265649498,-0.00238437578082,-0.00334940059111,0.012990212068,-0.00428661005571,-0.000444570468972,0.00207985006273,-0.000322669628076,-0.00126627401914],[0.000470340659376,-0.000607505324297,0.000486600794829,-0.000152466047439,0.000659622310195,0.000396417482989,0.00210649915971,-0.00428661005571,0.0124183502048,-0.00508594280109,0.00135464023333,0.00225710100494,-0.000228848919505],[-0.000432597851614,0.00117091939319,-0.000257527659414,0.000792179664131,-0.00191535905469,0.00252350815572,-0.000215978361666,-0.000444570468972,-0.00508594280109,0.0167815703899,-0.0074738827534,0.000217410546611,0.00222610053606],[0.000661588273942,-0.00146770558786,0.00196531182155,-0.00149603292812,0.00260511296801,-0.00445612985641,0.000918798672501,0.00207985006273,0.00135464023333,-0.0074738827534,0.0193498898298,-0.00849577598274,0.00369374919683],[-0.000346263812389,0.00193532789126,-0.00212279544212,0.00131866359152,-0.000790963764302,0.00309278513305,-0.00201358250342,-0.000322669628076,0.00225710100494,0.000217410546611,-0.00849577598274,0.0213156528771,-0.00910579785705],[0.000508183962665,-0.00092801178107,0.00251430482604,-0.0026509121526,0.000174985791091,0.000441788492026,0.00133388559334,-0.00126627401914,-0.000228848919505,0.00222610053606,0.00369374919683,-0.00910579785705,0.0191474538296]],"mean":[27.2170448303,43.1210784912,-113.773971558,45.5564231873,-58.0758323669,18.1704082489,-35.1865310669,12.8077020645,-33.7120552063,2.17989253998,-23.2858943939,-6.50776863098,-14.0136814117]},"hfc":{"dmean":10.0802249908,"dmean2":15.3924875259,"dvar":311.347564697,"dvar2":688.922119141,"max":269.963500977,"mean":37.7623023987,"median":31.2565670013,"min":1.10126876141e-16,"var":934.478393555},"melbands":{"dmean":[0.000230807258049,0.00116475927643,0.000659077544697,0.0002666254004,0.0000978967946139,0.0000833491794765,0.000145578917,0.000115091956104,0.0000889532529982,0.000131219698233,0.0000764605501899,0.0000605732711847,0.0000518584965903,0.0000460741212009,0.0000463671131001,0.0000330124166794,0.0000494742162118,0.0000453553911939,0.000027668706025,0.0000199250498554,0.000026373356377,0.0000179092276085,0.0000177413567144,0.00000885991357791,0.0000102680487544,0.0000118513617053,0.000017400330762,0.0000134232413984,0.0000070099849836,0.00000646042917651,0.00000484355814478,0.00000368071778212,0.00000379185507882,0.00000424249492426,0.00000335519439432,0.00000356776558874,0.00000314542990054,0.0000025401552648,0.00000218112631956,0.00000186890531495],"dmean2":[0.000383187172702,0.00183496926911,0.00105238729157,0.000435361405835,0.000159307252034,0.00013559035142,0.000239959801547,0.000189878148376,0.000146863618284,0.000209833830013,0.000121684905025,0.0000961404075497,0.0000844147361931,0.0000749135942897,0.0000745151846786,0.0000536158186151,0.0000785221345723,0.0000739729075576,0.0000455097979284,0.0000321677653119,0.0000432196648035,0.0000293432913168,0.0000296139205602,0.0000146632455653,0.0000169286686287,0.0000193127052626,0.000028697126254,0.0000221821355808,0.0000115922130135,0.0000107368914541,0.00000806683965493,0.00000617982732365,0.00000638851906842,0.00000710706535756,0.00000549425521967,0.00000570948168388,0.00000509434767082,0.00000395914685214,0.00000344456452694,0.00000293172593047],"dvar":[1.05791997385e-7,0.00000332808167514,0.00000115679210921,2.41870225182e-7,3.17536255068e-8,3.66466501589e-8,1.31263234948e-7,8.36478548649e-8,6.07384009754e-8,1.35071118734e-7,5.05119857053e-8,2.71501878757e-8,1.7456603274e-8,1.15044320737e-8,1.0632228431e-8,6.27717477997e-9,1.62938320614e-8,1.02444719374e-8,4.32303037812e-9,2.62911470372e-9,3.3146643208e-9,1.3651189068e-9,1.03312480793e-9,3.86478377079e-10,3.86522897022e-10,5.50491485729e-10,6.13942230387e-10,4.27569590844e-10,1.06377066877e-10,1.66404667823e-10,7.21784645941e-11,1.13812390068e-10,8.4422108193e-11,1.19862897385e-10,1.18922482972e-10,1.35828834291e-10,1.14352027847e-10,6.28392129998e-11,2.96580537906e-11,2.03876047988e-11],"dvar2":[2.91611172543e-7,0.00000787296812632,0.00000274834860647,5.96776885686e-7,7.83707179153e-8,9.34780644002e-8,3.37079541168e-7,2.19019966607e-7,1.64889158327e-7,3.7992137436e-7,1.36041549581e-7,7.03222013954e-8,4.73588350758e-8,3.13700034837e-8,2.61134331936e-8,1.54665968921e-8,3.99295885245e-8,2.50717615558e-8,1.10035154322e-8,6.2150222746e-9,8.13822786938e-9,3.38813421763e-9,2.66884847555e-9,9.94208715355e-10,1.05477671042e-9,1.31068178533e-9,1.60871016508e-9,1.12121223417e-9,2.73805256246e-10,4.33203334316e-10,1.91840182628e-10,3.11894787774e-10,2.18793996809e-10,3.0797098205e-10,2.75866274269e-10,2.98392505149e-10,2.50741344354e-10,1.35492769782e-10,6.64187732591e-11,4.62693425241e-11],"max":[0.00457833707333,0.021577687934,0.0119368731976,0.0125323385,0.00470613548532,0.00464588031173,0.00504771107808,0.00692310370505,0.00846728123724,0.0113344509155,0.00704968580976,0.00487081799656,0.00314094312489,0.00224782060832,0.00274208490737,0.0019420911558,0.00348465354182,0.00341907446273,0.00178961234633,0.00160385936033,0.00225995224901,0.001002769568,0.000862112210598,0.000781985931098,0.00056711450452,0.00135498505551,0.00050781655591,0.000595580146182,0.00024980676244,0.000564202899113,0.000256538827671,0.00049785891315,0.000324526481563,0.000274037098279,0.000310723698931,0.000312046671752,0.000264658447122,0.000219424895477,0.00015401521523,0.000103136299003],"mean":[0.000380401615985,0.00181891396642,0.00100151135121,0.000459327507997,0.000166295896634,0.000120874479762,0.000181293391506,0.000141653756145,0.000134875386721,0.000202056224225,0.000118500378449,0.0000977941163001,0.0000821019348223,0.0000746672521927,0.0000742340125726,0.0000515859246661,0.0000920988313737,0.0000797233515186,0.0000428589446528,0.0000347020795743,0.0000460982118966,0.0000326544977725,0.0000331309420289,0.0000166152549355,0.0000214580304601,0.0000266009883489,0.0000405761311413,0.0000312501215376,0.0000169610211742,0.0000143691295307,0.0000109650236482,0.00000744795488572,0.00000804702085588,0.0000079060682765,0.00000622501511316,0.0000067609994403,0.00000609830749454,0.00000509785149916,0.0000045593806135,0.00000361663910553],"median":[0.000231991070905,0.000812649377622,0.000571331416722,0.000291594187729,0.0000989026957541,0.000053391304391,0.0000523839844391,0.0000372820759367,0.0000440107251052,0.0000701927492628,0.0000365842024621,0.0000233969767578,0.0000239202636294,0.0000259911103058,0.000029733095289,0.0000136879116326,0.0000121270395539,0.000020342242351,0.0000128759802465,0.0000102427466118,0.0000255945724348,0.0000180948845809,0.0000181738723768,0.0000086661111709,0.000012509478438,0.0000184068103408,0.0000299403509416,0.0000255693812505,0.0000136881990329,0.00000986523446045,0.00000793479193817,0.00000495308449899,0.00000506399646838,0.00000452249560112,0.00000321576681017,0.00000327500674757,0.00000295554718832,0.00000268817916549,0.00000251475262303,0.00000211307587961],"min":[1.70482505164e-24,2.32611060135e-24,1.83711840596e-24,1.72297536057e-24,1.30556736194e-24,1.1067391123e-24,2.43911887033e-24,1.46977733822e-24,3.87185159627e-24,2.621373744e-24,3.77838696178e-24,4.10503730213e-24,2.96726952941e-24,2.28625655956e-24,2.92838440603e-24,4.39533180436e-24,3.3003901069e-24,4.52641011566e-24,3.89112544033e-24,3.81827847447e-24,3.44276096206e-24,3.73819686525e-24,3.45951124009e-24,5.29075953484e-24,5.00169052802e-24,5.7159445187e-24,4.89207238878e-24,4.99945647394e-24,4.85445673981e-24,5.54306999005e-24,5.47427737481e-24,5.90195318698e-24,5.47499011064e-24,4.33756430913e-24,6.30581052741e-24,5.54741266934e-24,6.54464723837e-24,5.51629250106e-24,7.56612113643e-24,6.06661606804e-24],"var":[1.85583459711e-7,0.00000612403937339,0.00000157911415499,5.02743660036e-7,5.76247849438e-8,5.36235553739e-8,1.52268569309e-7,1.09144401961e-7,1.30424552935e-7,2.52561278558e-7,9.94564928192e-8,6.44674429395e-8,3.78749653862e-8,2.2572951508e-8,2.2166714686e-8,1.26747963236e-8,5.40298898954e-8,2.65525681442e-8,7.98497712395e-9,6.91644341799e-9,6.5545711081e-9,2.53635090708e-9,2.28491114918e-9,6.68630928402e-10,8.5348150769e-10,1.3955834266e-9,1.71330127863e-9,7.90450760402e-10,2.28840488226e-10,4.99353836059e-10,1.71005556937e-10,1.34428995713e-10,1.44870504482e-10,2.03099259632e-10,2.3313931341e-10,2.70271249825e-10,2.32173960613e-10,1.37007058476e-10,6.31582841581e-11,3.51260548426e-11]},"melbands_crest":{"dmean":3.53694009781,"dmean2":5.59972000122,"dvar":9.42642593384,"dvar2":22.0215549469,"max":33.8174247742,"mean":13.5749139786,"median":12.4593391418,"min":1.74101614952,"var":32.9979476929},"melbands_flatness_db":{"dmean":0.0239660833031,"dmean2":0.0375270992517,"dvar":0.00050345325144,"dvar2":0.00117551954463,"max":0.499024868011,"mean":0.13033516705,"median":0.122619435191,"min":0.00471671437845,"var":0.00266453530639},"melbands_kurtosis":{"dmean":5.51196193695,"dmean2":8.38244915009,"dvar":155.865753174,"dvar2":291.699523926,"max":715.86932373,"mean":9.4534368515,"median":3.8222951889,"min":-1.8311766386,"var":504.950836182},"melbands_skewness":{"dmean":0.694767773151,"dmean2":1.06489431858,"dvar":0.564940989017,"dvar2":1.24822998047,"max":18.3114147186,"mean":2.29359698296,"median":1.95866942406,"min":-4.05603551865,"var":2.97131180763},"melbands_spread":{"dmean":12.4026126862,"dmean2":19.5646400452,"dvar":215.775314331,"dvar2":488.644470215,"max":239.905654907,"mean":48.4063491821,"median":45.2642211914,"min":0.361887663603,"var":811.088439941},"mfcc":{"cov":[[7671.21337891,63.3112869263,118.127494812,-104.601043701,125.274345398,116.093040466,102.83745575,63.1430740356,-35.535736084,133.103042603,135.050186157,-1.43389630318,-50.7952308655],[63.3112869263,585.29083252,-132.436843872,71.5587234497,-76.2651596069,-26.0890369415,1.28008532524,-38.3295059204,10.6739387512,-11.6741046906,-21.4194202423,-7.0222158432,-23.5322113037],[118.127494812,-132.436843872,643.253540039,27.4778232574,54.1550941467,-30.0002193451,-17.1801338196,55.6341629028,-1.37282121181,2.72096538544,18.6017532349,3.5189139843,-1.48847544193],[-104.601043701,71.5587234497,27.4778232574,309.591094971,9.80138683319,10.5249767303,29.3216876984,8.23665046692,53.268245697,-31.6099033356,-37.0421295166,6.28415966034,32.9271125793],[125.274345398,-76.2651596069,54.1550941467,9.80138683319,208.055984497,59.2119216919,13.8211965561,8.99475955963,7.14552688599,21.1863708496,-10.7601547241,-15.5139551163,2.9442782402],[116.093040466,-26.0890369415,-30.0002193451,10.5249767303,59.2119216919,126.776069641,67.8807296753,15.8385238647,-5.27033424377,3.35291790962,8.83859443665,-1.6064183712,-4.42055416107],[102.83745575,1.28008532524,-17.1801338196,29.3216876984,13.8211965561,67.8807296753,178.375976563,59.8189582825,10.0274963379,-18.7921085358,6.02246999741,2.59254646301,0.257510602474],[63.1430740356,-38.3295059204,55.6341629028,8.23665046692,8.99475955963,15.8385238647,59.8189582825,113.12197113,37.2691001892,2.02129650116,5.48849916458,-6.66597604752,-6.99709224701],[-35.535736084,10.6739387512,-1.37282121181,53.268245697,7.14552688599,-5.27033424377,10.0274963379,37.2691001892,109.101150513,28.0144309998,-10.2306938171,-9.65055847168,1.61977648735],[133.103042603,-11.6741046906,2.72096538544,-31.6099033356,21.1863708496,3.35291790962,-18.7921085358,2.02129650116,28.0144309998,95.5450668335,39.0115203857,-4.77716588974,-14.5321931839],[135.050186157,-21.4194202423,18.6017532349,-37.0421295166,-10.7601547241,8.83859443665,6.02246999741,5.48849916458,-10.2306938171,39.0115203857,105.174980164,32.6923294067,-10.7157716751],[-1.43389630318,-7.0222158432,3.5189139843,6.28415966034,-15.5139551163,-1.6064183712,2.59254646301,-6.66597604752,-9.65055847168,-4.77716588974,32.6923294067,79.3814086914,32.2601928711],[-50.7952308655,-23.5322113037,-1.48847544193,32.9271125793,2.9442782402,-4.42055416107,0.257510602474,-6.99709224701,1.61977648735,-14.5321931839,-10.7157716751,32.2601928711,82.0575485229]],"icov":[[0.00014004590048,-0.0000475912311231,-0.000026543995773,0.0000233832852246,-0.0000610817296547,-0.000062218074163,-0.0000581469284953,-0.0000628803027212,0.000103202088212,-0.000172822386958,-0.000105071834696,0.0000264562349912,7.33406650966e-8],[-0.0000475912311231,0.00206092209555,0.000344186235452,-0.000582544191275,0.000607957539614,0.000391382083762,-0.000317257945426,0.000742154486943,-0.000142430639244,-0.0000912439718377,0.000394223519834,-0.000167223872268,0.000968990905676],[-0.000026543995773,0.000344186235452,0.00186491454951,-0.000424322031904,-0.000603597378358,0.000855513731949,0.000376153562684,-0.00118124939036,0.000556368089747,0.000124999292893,-0.00040903815534,-0.0000868149218149,0.000244077382376],[0.0000233832852246,-0.000582544191275,-0.000424322031904,0.00428985897452,-0.000199095098651,-0.000592327676713,-0.000456499488791,0.000740537245292,-0.00263043027371,0.00162391667254,0.000536264036782,-0.000245809205808,-0.0013356723357],[-0.0000610817296547,0.000607957539614,-0.000603597378358,-0.000199095098651,0.00645881611854,-0.00328871840611,0.000425555743277,0.00024998941808,-0.0000180969691428,-0.00177698256448,0.0014690522803,0.000842873530928,-0.000637322955299],[-0.000062218074163,0.000391382083762,0.000855513731949,-0.000592327676713,-0.00328871840611,0.0123149249703,-0.00443727662787,0.000317872210871,0.00140112580266,-0.000587923801504,-0.000864149304107,-0.000066985419835,0.00093108904548],[-0.0000581469284953,-0.000317257945426,0.000376153562684,-0.000456499488791,0.000425555743277,-0.00443727662787,0.00918247364461,-0.00453747529536,0.0000718267692719,0.00213276245631,-0.000886620546225,-0.0000644554747851,-0.000321168015944],[-0.0000628803027212,0.000742154486943,-0.00118124939036,0.000740537245292,0.00024998941808,0.000317872210871,-0.00453747529536,0.0138021614403,-0.00511159654707,0.00125563354231,-0.000900950690266,0.000873311073519,0.000916920718737],[0.000103202088212,-0.000142430639244,0.000556368089747,-0.00263043027371,-0.0000180969691428,0.00140112580266,0.0000718267692719,-0.00511159654707,0.0141701390967,-0.00620336411521,0.00251563009806,0.000249826553045,-0.000419341929955],[-0.000172822386958,-0.0000912439718377,0.000124999292893,0.00162391667254,-0.00177698256448,-0.000587923801504,0.00213276245631,0.00125563354231,-0.00620336411521,0.0170139670372,-0.00722102727741,0.00255652330816,0.000537482555956],[-0.000105071834696,0.000394223519834,-0.00040903815534,0.000536264036782,0.0014690522803,-0.000864149304107,-0.000886620546225,-0.000900950690266,0.00251563009806,-0.00722102727741,0.0160621851683,-0.00795418489724,0.00354827078991],[0.0000264562349912,-0.000167223872268,-0.0000868149218149,-0.000245809205808,0.000842873530928,-0.000066985419835,-0.0000644554747851,0.000873311073519,0.000249826553045,0.00255652330816,-0.00795418489724,0.0196401290596,-0.0082059437409],[7.33406650966e-8,0.000968990905676,0.000244077382376,-0.0013356723357,-0.000637322955299,0.00093108904548,-0.000321168015944,0.000916920718737,-0.000419341929955,0.000537482555956,0.00354827078991,-0.0082059437409,0.0169500317425]],"mean":[-609.746582031,71.6522521973,2.6385204792,28.2606143951,2.93486523628,5.63868951797,9.45106697083,1.83585906029,3.60194587708,3.92614674568,-5.48117685318,-1.51034867764,-1.32414734364]},"pitch_salience":{"dmean":0.0705896839499,"dmean2":0.114020168781,"dvar":0.00402340479195,"dvar2":0.00973044056445,"max":0.882385134697,"mean":0.565235197544,"median":0.576982855797,"min":0.0603061579168,"var":0.0122265592217},"silence_rate_20dB":{"dmean":0,"dmean2":0,"dvar":0,"dvar2":0,"max":1,"mean":1,"median":1,"min":1,"var":0},"silence_rate_30dB":{"dmean":0,"dmean2":0,"dvar":0,"dvar2":0,"max":1,"mean":1,"median":1,"min":1,"var":0},"silence_rate_60dB":{"dmean":0.00682011945173,"dmean2":0.0136415306479,"dvar":0.00677314028144,"dvar2":0.015159339644,"max":1,"mean":0.040443263948,"median":0,"min":0,"var":0.0388096272945},"spectral_centroid":{"dmean":286.53918457,"dmean2":444.506408691,"dvar":83418.859375,"dvar2":188133.328125,"max":11622.0244141,"mean":2376.03955078,"median":2412.12329102,"min":161.399414063,"var":725787.8125},"spectral_complexity":{"dmean":4.44179201126,"dmean2":6.98427438736,"dvar":18.1424064636,"dvar2":41.8669509888,"max":58,"mean":26.8804702759,"median":27,"min":0,"var":141.720458984},"spectral_contrast_coeffs":{"dmean":[0.0522537603974,0.0478266142309,0.0407394133508,0.031828224659,0.0207791682333,0.0173595845699],"dmean2":[0.0847773104906,0.0796287208796,0.0665979683399,0.0522496961057,0.0344445183873,0.0279275756329],"dvar":[0.00177451607306,0.00144939054735,0.00105626310688,0.000682617945131,0.00028353225207,0.000262535002548],"dvar2":[0.00461033219472,0.003921485506,0.00284552760422,0.00176384067163,0.000758968759328,0.000618916237727],"max":[-0.305728286505,-0.444084465504,-0.481251895428,-0.518190920353,-0.574391126633,-0.586485922337],"mean":[-0.634832262993,-0.762989938259,-0.770342886448,-0.776867032051,-0.782037973404,-0.757781147957],"median":[-0.636990904808,-0.770313799381,-0.778677880764,-0.784768462181,-0.783957839012,-0.761028468609],"min":[-0.979465126991,-0.974465310574,-0.983060836792,-0.970258355141,-0.96494948864,-0.96365904808],"var":[0.00656163832173,0.00477531598881,0.00449469638988,0.00343477167189,0.00152566144243,0.00185541319661]},"spectral_contrast_valleys":{"dmean":[0.415872186422,0.376740068197,0.327405959368,0.29054954648,0.190341070294,0.223881423473],"dmean2":[0.697880387306,0.621037960052,0.530899167061,0.470987588167,0.299332916737,0.324035435915],"dvar":[0.122237555683,0.116467773914,0.0910354629159,0.0890086293221,0.0477183796465,0.107385218143],"dvar2":[0.321357786655,0.28305837512,0.217947274446,0.204402834177,0.0965323001146,0.209888368845],"max":[-5.7829208374,-4.83655071259,-5.3422498703,-5.64050722122,-5.47655487061,-6.945561409],"mean":[-7.52742004395,-7.08943319321,-7.35653591156,-7.61930990219,-6.91849184036,-9.27477359772],"median":[-7.21292877197,-6.8867816925,-7.15132236481,-7.45958900452,-6.65495443344,-8.93172645569],"min":[-28.0939922333,-28.0155696869,-27.9012012482,-27.6557350159,-27.4496955872,-27.3773441315],"var":[2.67139029503,2.60323572159,2.55055236816,2.57344841957,2.61790347099,2.55202579498]},"spectral_decrease":{"dmean":1.68238445397e-9,"dmean2":2.63442778703e-9,"dvar":4.45668204995e-18,"dvar2":1.03267717485e-17,"max":2.40924639727e-28,"mean":-5.27074339729e-9,"median":-4.54642190562e-9,"min":-2.52609311246e-8,"var":1.29014309621e-17},"spectral_energy":{"dmean":0.00692102126777,"dmean2":0.0107711879537,"dvar":0.0000735312059987,"dvar2":0.000167889331351,"max":0.101371005177,"mean":0.023318188265,"median":0.0206325724721,"min":1.02266011263e-20,"var":0.00023091652838},"spectral_energyband_high":{"dmean":0.000956004369073,"dmean2":0.00147422088776,"dvar":0.00000404057709602,"dvar2":0.00000877922775544,"max":0.0394699163735,"mean":0.00288695911877,"median":0.0022432487458,"min":7.19888097742e-21,"var":0.000010469906556},"spectral_energyband_low":{"dmean":0.00437161326408,"dmean2":0.00696235243231,"dvar":0.0000446543745056,"dvar2":0.000105716244434,"max":0.0771784186363,"mean":0.00742605794221,"median":0.00396901089698,"min":2.93383239777e-23,"var":0.0000804880910437},"spectral_energyband_middle_high":{"dmean":0.00196354859509,"dmean2":0.00311728310771,"dvar":0.00000679189315633,"dvar2":0.0000167522866832,"max":0.0450721755624,"mean":0.00704686250538,"median":0.00451479479671,"min":1.17899147267e-21,"var":0.0000421107652073},"spectral_energyband_middle_low":{"dmean":0.00313352793455,"dmean2":0.00502830278128,"dvar":0.0000234789695241,"dvar2":0.0000602232139499,"max":0.0775789171457,"mean":0.00704480567947,"median":0.00500985980034,"min":1.68553965865e-22,"var":0.0000492309882247},"spectral_entropy":{"dmean":0.109184719622,"dmean2":0.16881069541,"dvar":0.0161172840744,"dvar2":0.0347636938095,"max":9.82747077942,"mean":8.00425720215,"median":8.05049419403,"min":5.07251024246,"var":0.100741408765},"spectral_flux":{"dmean":0.0190223678946,"dmean2":0.029938487336,"dvar":0.000403596321121,"dvar2":0.000920185586438,"max":0.249612361193,"mean":0.0868416875601,"median":0.0846899375319,"min":6.49301445943e-11,"var":0.00145602831617},"spectral_kurtosis":{"dmean":0.68298137188,"dmean2":1.12809765339,"dvar":0.680316627026,"dvar2":1.92558813095,"max":19.6019897461,"mean":2.58049464226,"median":2.362241745,"min":-1.26014983654,"var":2.09529829025},"spectral_rms":{"dmean":0.000665030849632,"dmean2":0.00102179404348,"dvar":4.98693623285e-7,"dvar2":0.00000108455344616,"max":0.00994477421045,"mean":0.00448720529675,"median":0.00448657292873,"min":3.1586662539e-12,"var":0.00000261438640337},"spectral_rolloff":{"dmean":856.682128906,"dmean2":1419.41333008,"dvar":1317830.75,"dvar2":3127590.25,"max":19358.3496094,"mean":3377.20556641,"median":3552.97851563,"min":21.533203125,"var":4287964.5},"spectral_skewness":{"dmean":0.126812726259,"dmean2":0.202823206782,"dvar":0.0194944459945,"dvar2":0.0464246533811,"max":3.97777938843,"mean":1.13231158257,"median":1.14813160896,"min":-0.0881000757217,"var":0.107948727906},"spectral_spread":{"dmean":548929.25,"dmean2":802677.75,"dvar":499276513280,"dvar2":952731828224,"max":42680872,"mean":5705602.5,"median":5433053,"min":1701388.875,"var":7351507091460},"spectral_strongpeak":{"dmean":0.708101034164,"dmean2":1.2218914032,"dvar":1.51541364193,"dvar2":3.92595362663,"max":21.0928478241,"mean":1.0514010191,"median":0.442322582006,"min":0,"var":2.45427107811},"zerocrossingrate":{"dmean":0.0142114954069,"dmean2":0.0171559434384,"dvar":0.000230989098782,"dvar2":0.000319706829032,"max":0.5205078125,"mean":0.117362730205,"median":0.1142578125,"min":0.00634765625,"var":0.00228745606728}},"metadata":{"audio_properties":{"analysis_sample_rate":44100,"bit_rate":192020,"codec":"mp3","downmix":"mix","equal_loudness":0,"length":245.133056641,"lossless":false,"md5_encoded":"f84f73e328c2d9b0622cf859bef64d99","replay_gain":-6.84437942505,"sample_rate":44100},"tags":{"acoustid_fingerprint":["AQADtIqVREqUREoCOy9KqcWzhEKfGXdihDm7Q8pzTPlRZXpwpkafQeQQ8riy49lVfMfFF2ES8UMyFmd37I_x6WD_4Rn8OIrwHM84pPGOJw_-InmWDz-aKlGawD4-XWiSU7iTB8d9PDmyfBSaUMHv4YuzofFQvGiy8ajSLIe-G805_MEPkRVBHX2W4z_IMkdlGs0zF3eM8-gViJ2PatGO3oUfHn2gNSp8CfEPuEfFBEfs-khGZkRzPfh3nJ_RhArKvBEehh6OMNeRPBOaijm-tMT1oLmEltJx_Ggo7UMkOwrxHXsu_MLFqLCm4zv-BQ0f1KLxBG2O5kUtHb5xHNeI7TiH99heaG9wog_8Q18GS0Xf40KYD5cIZkd-9DuccShK7WiO6y2OsDmsBydMhE_RR4EO5ymufsj0oKeHPMeToxacPegz6CtOJTf-FDr6EDrs45J0_EK4EqeCnmjSHC_uDOWa48hP6CvCJwr6HO-P57DwU0i56dA4DeHhZ8e14Vny4oerHz3RDzms_uiuY7LkwzcuHlqCV7glBw_CSGp4VNfR8hR85If4XLiOXjryELeC_8iVPIKcC7fRPKiP58MJbXngZ4ErCT3aCz_8LMhPot8R_sE3-Dy-Q7mC88MrfEVzyEl2nBqy0g0qt4Y_1Dv-_HhC6cjiwy6ew4x4o2TEKUCOKmyGJkokIXKP50I_KdBPVA5fhBl5dD9-NNFR_wjhLTTaKLpxHCcXaCcaJjpOonuFe5h-nAmLK0efH2fgJ0dBMocehUcDhjqeo2p6wfmhcwjz4Ozx5BK-C3UjhDlT6HgkDs179CgfwU909Dm0rWiOy8OJJu7xG-6JV4c7HJWZ4cRpXNkmnLHQ8EK_4njxC6uWC43zoDoa9JSL_5jyB8w8o_oxpchvPDpqMUfj7rhwLsd3hDympOmDO9GhgxeeROFx0niMzmh-nDE4MejRPIIKnSKoH3qi4_zxIMyfgvnw_AjDoMchVvTxo5ymBs2Oa8Y1Gg2j9uDRH9j1QzvjCK5yCeGJdseTwIrEFP0WRZjIBKl0XFKifDj8D-6OfjrKw7_wZcezi9DHGKfgMUZbWQkeB9fxCKUVaLmJK_zw_7g549rB5C36TCgzUmg-oZLuwPpkMMcpHeqPclrgthCP0x1cZUZ-OO1Riynug_kR5iHe48J56MbVB1p-oyrykIG57HiIR4f1VHjmFfkHK8wGdQoTlDLCxMIb5ejj4LrRHrmgvTmyhDGO6zCf4tPxdUQphT58Hu2XIj-SGzwzNMyDfniY48vRn4iWcWjJCq8Ozerx41EOfzk0_XhMfMPuw8qS5eAokdCJUbi2I8xkCzHTB_hyiIdGrviDZxYaH9-DE1eh6MEfVIIVskMF1cyOHuHxSTn6BzdI7cHP4xNc6TjCYqI03Dl0b8EZNPxx_Zjy4Av-wteCvKHRH7xO1DvSL4GpHddz6NqFFDVxr-hLpFVF3DP-Q6eEWtAj5ChvOE2Cax8ujCeRPjPE88h3vNiqvDiNWkefEL_RrtGQKxdUVynC6GBU5RaOD038ogr14sSUCz3x6bhYBMnkoEnKFP-DX9imJqiTo3migNMJ60dSOk2R68GUPUElKRH-4j5x