{"lowlevel":{"average_loudness":0.960962116718,"barkbands":{"dmean":[0.000129885433125,0.00326391425915,0.00146878627129,0.00236250390299,0.00380495726131,0.00121566513553,0.00101845175959,0.000598843907937,0.000768625119235,0.00053067796398,0.000426134443842,0.000400575081585,0.000341549603036,0.000356417120202,0.000209077057661,0.000210120371776,0.00025621036184,0.00021936459234,0.000224948540563,0.000173091189936,0.000082857979578,0.000105549683212,0.0000850324504427,0.0000728371669538,0.0000154261451826,0.00000186050579032,1.87206637747e-7],"dmean2":[0.000177113353857,0.00538187706843,0.00248024053872,0.00388052244671,0.00615031598136,0.00188627711032,0.00156639306806,0.000912931689527,0.00119987933431,0.000826250761747,0.000671660003718,0.000632492534351,0.000552627432626,0.000562409928534,0.000334345648298,0.000333130621584,0.000406521285186,0.000341751700034,0.000357215991244,0.000274696300039,0.000130291155074,0.00016462757776,0.000130789034301,0.000108554639155,0.0000234442850342,0.00000280039103018,3.13299921118e-7],"dvar":[3.92512511382e-8,0.000020790288545,0.00000802642716735,0.0000150682199092,0.0000719154559192,0.00000422622770202,0.00000523147127751,0.00000278728248304,0.00000308749986289,0.00000165300173194,0.00000101125363017,9.1183216e-7,6.77969069329e-7,8.12947121176e-7,2.42222768065e-7,1.73111516233e-7,2.5471825893e-7,1.9886695668e-7,1.45359337012e-7,8.66713634196e-8,4.86885660678e-8,1.50788807218e-7,1.10866345437e-7,1.39877883498e-7,4.49368764421e-9,4.86300964775e-11,1.95451797108e-11],"dvar2":[7.5617627715e-8,0.0000561811939406,0.0000217201923078,0.0000407008883485,0.000182356467121,0.0000098405071185,0.0000117499612315,0.00000578895196668,0.00000689392754794,0.00000375118906959,0.00000232952561419,0.00000209672748497,0.00000165735468727,0.00000194568610823,5.71321322695e-7,4.14149667449e-7,6.12567475855e-7,4.66943532729e-7,3.50063174892e-7,2.08844426197e-7,1.25703607523e-7,3.71731829318e-7,2.48424868232e-7,2.92282379633e-7,1.06126849531e-8,1.30842947588e-10,5.70405424283e-11],"max":[0.00261855381541,0.0503967776895,0.0479310005903,0.0477755814791,0.132345229387,0.0525094494224,0.0427079051733,0.0356741920114,0.0474775321782,0.0350354500115,0.0274221897125,0.0377333723009,0.0194499287754,0.0225474219769,0.0122789135203,0.010210541077,0.0274644047022,0.00886227656156,0.00923737883568,0.00689524225891,0.00935658346862,0.0127447163686,0.00922940950841,0.0143881626427,0.00239258399233,0.000389473541873,0.00033022480784],"mean":[0.000215989348362,0.00543666025624,0.00202038418502,0.00403715809807,0.0050816857256,0.00221947371028,0.00170206313487,0.00100195501,0.00133311003447,0.000858554907609,0.000665921077598,0.000639780657366,0.000504815019667,0.000547879841179,0.000341020146152,0.000376384006813,0.000482034665765,0.000415615184465,0.000465991295641,0.000390641420381,0.000157966991537,0.000156810841872,0.000127225270262,0.000109586508188,0.0000241213801928,0.00000291254400508,1.72593530579e-7],"median":[0.0000817598847789,0.0030375868082,0.00109006895218,0.00196045869961,0.0020989368204,0.00131585192867,0.000762215990108,0.000407380022807,0.000629204849247,0.000378285476472,0.000241007219302,0.000227914919378,0.00020503703854,0.00020502586267,0.000142313743709,0.000188460602658,0.000251628109254,0.000167561156559,0.00024058901181,0.000226097909035,0.0000931566464715,0.0000747377198422,0.0000510735226271,0.000030179415262,0.00000921875471249,0.00000130634384732,3.57194913647e-8],"min":[3.10995395678e-25,2.37088496582e-24,3.36898481666e-25,3.65374067718e-25,3.09954671208e-24,6.74263397064e-24,7.78252777084e-24,7.00501305202e-24,1.73718483595e-23,1.47007779562e-23,1.10135545216e-23,1.93296843748e-23,1.84692169875e-23,3.69074632959e-23,2.57067176035e-23,3.51655732202e-23,6.17860662756e-23,6.91305190754e-23,1.14396834565e-22,1.78217234275e-22,2.07390698945e-22,3.15499302353e-22,3.48125478677e-22,5.3657051547e-22,8.91261967451e-22,1.26738650517e-21,1.89534300979e-21],"var":[9.15966111847e-8,0.0000373725961254,0.00000877843103808,0.0000286489448627,0.0000802122958703,0.00000890400588105,0.0000105632043415,0.00000541135796084,0.00000835626724438,0.00000346587376043,0.00000246711965701,0.00000197682311409,9.28774397835e-7,0.00000138318011977,4.91056255214e-7,3.78568330461e-7,5.16187924404e-7,5.0355276926e-7,4.22062868211e-7,2.62687393615e-7,6.08505672517e-8,1.45338972857e-7,1.57810532642e-7,2.54564184843e-7,5.79429659808e-9,4.52133261386e-11,1.05652873603e-11]},"barkbands_crest":{"dmean":2.71142959595,"dmean2":4.37032079697,"dvar":6.48218488693,"dvar2":16.4488296509,"max":25.9077453613,"mean":10.0805273056,"median":9.20292854309,"min":2.17820382118,"var":21.0216751099},"barkbands_flatness_db":{"dmean":0.0233626086265,"dmean2":0.0336673893034,"dvar":0.000640571117401,"dvar2":0.00123507832177,"max":0.514373123646,"mean":0.150985047221,"median":0.132763594389,"min":0.0286898687482,"var":0.00505393277854},"barkbands_kurtosis":{"dmean":5.52252960205,"dmean2":8.38244152069,"dvar":442.836975098,"dvar2":882.137573242,"max":802.24810791,"mean":9.53933143616,"median":2.80342912674,"min":-1.97631776333,"var":1005.70855713},"barkbands_skewness":{"dmean":0.634466528893,"dmean2":0.961690962315,"dvar":0.785888373852,"dvar2":1.6007014513,"max":22.4428081512,"mean":1.87144625187,"median":1.59848952293,"min":-4.84495306015,"var":3.59273767471},"barkbands_spread":{"dmean":5.60165786743,"dmean2":8.53194522858,"dvar":56.0414733887,"dvar2":119.315338135,"max":120.367523193,"mean":20.6872997284,"median":19.0052890778,"min":0.156817108393,"var":197.844100952},"dissonance":{"dmean":0.014484025538,"dmean2":0.0234134234488,"dvar":0.000258008367382,"dvar2":0.000611183582805,"max":0.500000178814,"mean":0.469152063131,"median":0.477309703827,"min":0.25379216671,"var":0.000842864043079},"dynamic_complexity":3.43627023697,"erbbands":{"dmean":[0.0994669795036,0.785302221775,1.62032699585,4.92075300217,11.7170209885,12.7295436859,10.4552459717,8.67640781403,12.5587425232,14.717716217,12.2164154053,18.412940979,16.8951854706,16.7748279572,12.9900388718,16.1917533875,15.0742483139,16.8640594482,12.1648187637,10.3702907562,10.9781312943,14.1023082733,12.517373085,11.1960220337,10.1448993683,8.0146074295,3.73248934746,3.37983822823,3.77373528481,3.44237470627,2.24982905388,1.82182443142,0.989727914333,0.272814303637,0.0656896904111,0.0144434971735,0.00233544711955,0.000302086264128,0.0000340901824529,0.0000126470440591],"dmean2":[0.138965666294,1.34302592278,2.73480367661,8.11018276215,19.3390426636,20.648399353,16.374124527,13.5884094238,19.3517417908,22.275177002,18.5843143463,28.4443874359,26.2250061035,25.8034629822,20.511007309,25.5102291107,24.1228752136,26.5782489777,19.1698608398,16.1625823975,17.1849899292,22.2884273529,19.3028926849,17.5721340179,16.1994132996,12.6287412643,5.86652898788,5.26213741302,5.85308122635,5.32828569412,3.4215388298,2.74340820312,1.48836290836,0.410440891981,0.0970572531223,0.0213478561491,0.00353697407991,0.000475935114082,0.000053604158893,0.0000200558588404],"dvar":[0.0187898147851,1.36252725124,8.88090419769,69.4184951782,688.492248535,713.841003418,340.572357178,266.659942627,804.741638184,1615.40722656,855.413269043,2026.35021973,1681.08581543,1331.75939941,1026.43127441,1642.16052246,1280.8026123,1864.63879395,847.21270752,568.278442383,369.911682129,696.572998047,764.202087402,412.949157715,330.872772217,218.49206543,55.31690979,104.004074097,171.307998657,195.793151855,75.2669677734,92.5958480835,23.5649204254,1.5033646822,0.0620925985277,0.00165058951825,0.00019094790332,0.0000168376554939,1.29147750272e-7,7.47781569999e-9],"dvar2":[0.0369853079319,3.84977602959,23.9469070435,188.269760132,1819.0670166,1772.78295898,785.113037109,592.892883301,1740.47241211,3387.58642578,1754.24499512,4590.83740234,3679.27832031,3073.96826172,2242.20117188,3775.57788086,3130.26928711,4560.34570312,1931.64770508,1316.64013672,863.407470703,1635.33752441,1789.31750488,986.541992188,817.577941895,529.767333984,135.468658447,268.910705566,425.316467285,476.674163818,160.815063477,203.104034424,48.7674179077,3.49800801277,0.141383185983,0.0039727287367,0.000538443622645,0.0000488187215524,3.74846052864e-7,2.17404192426e-8],"max":[1.44572031498,14.0287685394,42.9853973389,107.864768982,456.235107422,402.564331055,506.297332764,459.295013428,720.719482422,938.795715332,888.550048828,1482.17980957,1308.32080078,1032.60559082,1187.2376709,1873.46923828,945.350463867,1326.95275879,791.198608398,806.205749512,393.474182129,1302.20446777,891.913635254,507.643829346,673.249084473,447.166778564,242.299713135,437.840911865,436.566558838,342.20904541,258.49697876,346.565887451,159.70791626,38.9785003662,8.05478096008,1.66836953163,0.950278699398,0.302252292633,0.0264349672943,0.00639651762322],"mean":[0.181965485215,1.09991002083,2.38634634018,8.71531867981,15.4839792252,17.9516735077,17.290473938,16.1495494843,21.5142841339,25.6281509399,22.9549484253,31.7286586761,28.6054134369,28.3342933655,22.0575141907,26.93592453,24.647649765,27.9839496613,20.8154087067,19.338350296,21.9389877319,27.7108135223,24.3632564545,23.3358364105,22.1056499481,18.130361557,8.23301315308,6.08189630508,5.84953737259,4.85691595078,3.3950304985,2.61594104767,1.51919782162,0.422714143991,0.106521382928,0.0238120704889,0.00347076822072,0.000382079655537,0.0000493624102091,0.0000369351073459],"median":[0.076401039958,0.631534278393,1.37456190586,4.6036734581,6.89030504227,7.58291578293,9.20878505707,9.65983581543,11.0793600082,11.1923494339,11.1732654572,14.5455408096,13.1044034958,12.4146823883,9.31585597992,10.2271604538,10.4485187531,11.6017189026,9.27221012115,8.86732769012,12.0515022278,14.7992191315,10.3756628036,11.9075984955,11.7919149399,10.2961435318,5.27401590347,3.23526859283,2.90734171867,2.0472984314,1.35492265224,0.719557464123,0.43671771884,0.149914607406,0.044081043452,0.0106045994908,0.00154230254702,0.000145450030686,0.0000268053281616,0.0000351563612639],"min":[9.35515637973e-23,4.59902828031e-22,1.03787296576e-21,2.43818129652e-21,8.00361462234e-21,1.11463791154e-20,3.41957273023e-20,4.01620324266e-20,7.98773485484e-20,1.77213339126e-19,2.91365245936e-19,4.33109468137e-19,4.55723009271e-19,7.35005447053e-19,8.39368963783e-19,1.15864284415e-18,1.28523311753e-18,2.08616149898e-18,1.38991613277e-18,2.2410756773e-18,2.97666630294e-18,3.88454769003e-18,4.82771680884e-18,6.19725741517e-18,7.06181459729e-18,7.72077479739e-18,8.30961820569e-18,8.9991948418e-18,1.1110273916e-17,1.08138942753e-17,1.00668542292e-17,9.8040382691e-18,8.67688226176e-18,8.82498812326e-18,5.90587270464e-18,3.43366663417e-18,2.19186566868e-18,7.76978659286e-19,2.31902824765e-19,2.55095941628e-20],"var":[0.0542418435216,1.70695972443,10.036980629,121.497627258,701.129211426,956.560668945,634.098632812,552.933410645,1650.04077148,3223.56079102,2326.10351562,5069.05419922,3796.06567383,3235.01342773,2690.93481445,3573.46191406,2031.49780273,3153.37109375,1630.98156738,1439.13439941,983.658447266,1587.6953125,1779.01745605,1155.00634766,924.992553711,611.996826172,109.997093201,117.381637573,169.01574707,199.629745483,120.112922668,158.693588257,41.309047699,2.10640406609,0.080024279654,0.0022360375151,0.000130412663566,0.00000939763231145,7.19177464248e-8,4.32487556878e-9]},"erbbands_crest":{"dmean":2.24138236046,"dmean2":3.55541014671,"dvar":5.42822933197,"dvar2":12.7696819305,"max":31.1416854858,"mean":7.75393724442,"median":6.40413570404,"min":2.12062835693,"var":18.5338897705},"erbbands_flatness_db":{"dmean":0.0172021370381,"dmean2":0.0232565011829,"dvar":0.000319374521496,"dvar2":0.000571491196752,"max":0.395418554544,"mean":0.161462932825,"median":0.156215205789,"min":0.0520779341459,"var":0.00189212989062},"erbbands_kurtosis":{"dmean":1.15072417259,"dmean2":1.69514191151,"dvar":9.43803119659,"dvar2":18.2166404724,"max":114.384788513,"mean":0.965246260166,"median":-0.484815597534,"min":-1.85587763786,"var":34.9770202637},"erbbands_skewness":{"dmean":0.392598837614,"dmean2":0.574267864227,"dvar":0.201915442944,"dvar2":0.401068985462,"max":9.48337650299,"mean":0.424155950546,"median":0.293858081102,"min":-6.77692222595,"var":1.10989689827},"erbbands_spread":{"dmean":9.26763916016,"dmean2":13.7365007401,"dvar":116.801040649,"dvar2":253.21572876,"max":172.636444092,"mean":43.6003837585,"median":40.5022926331,"min":1.33160352707,"var":451.658996582},"gfcc":{"cov":[[29012.8027344,1422.86279297,-4247.56201172,691.608825684,-1654.86828613,498.462219238,-865.44921875,272.599822998,-547.812255859,10.7179136276,-156.656356812,-29.2541255951,-219.1328125],[1422.86279297,1379.25512695,-193.705581665,-115.975860596,121.240386963,-311.032409668,102.211387634,-94.1048278809,22.4957389832,-104.297073364,60.6075172424,-117.24961853,71.8337097168],[-4247.56201172,-193.705581665,1557.21850586,176.303878784,102.373687744,6.03552961349,31.177947998,-79.4735870361,66.7434616089,-16.4416065216,-60.2804527283,14.2283267975,29.716293335],[691.608825684,-115.975860596,176.303878784,361.235931396,-71.8146057129,63.0415153503,-63.3377914429,-16.8241348267,-1.93976867199,4.40286588669,-31.087474823,-2.55447649956,2.29475355148],[-1654.86828613,121.240386963,102.373687744,-71.8146057129,327.872375488,-60.5416374207,113.179412842,-13.9365034103,34.8110237122,8.85544013977,29.8947944641,-20.3803329468,27.0717144012],[498.462219238,-311.032409668,6.03552961349,63.0415153503,-60.5416374207,237.014587402,3.94883084297,45.3670387268,-12.0958099365,38.3814620972,-17.2254161835,37.9745941162,-23.3189239502],[-865.44921875,102.211387634,31.177947998,-63.3377914429,113.179412842,3.94883084297,186.901550293,39.3935050964,33.8623275757,9.0073299408,34.7668800354,-3.10011720657,19.2076683044],[272.599822998,-94.1048278809,-79.4735870361,-16.8241348267,-13.9365034103,45.3670387268,39.3935050964,121.761199951,28.2145080566,32.3175621033,11.3910942078,19.0383319855,-10.1971435547],[-547.812255859,22.4957389832,66.7434616089,-1.93976867199,34.8110237122,-12.0958099365,33.8623275757,28.2145080566,103.367614746,25.707157135,21.8902072906,-0.0163036696613,11.8085050583],[10.7179136276,-104.297073364,-16.4416065216,4.40286588669,8.85544013977,38.3814620972,9.0073299408,32.3175621033,25.707157135,94.8283920288,15.5565891266,11.7707548141,-1.8493219614],[-156.656356812,60.6075172424,-60.2804527283,-31.087474823,29.8947944641,-17.2254161835,34.7668800354,11.3910942078,21.8902072906,15.5565891266,83.0401916504,25.4153518677,12.173666954],[-29.2541255951,-117.24961853,14.2283267975,-2.55447649956,-20.3803329468,37.9745941162,-3.10011720657,19.0383319855,-0.0163036696613,11.7707548141,25.4153518677,81.606590271,16.582321167],[-219.1328125,71.8337097168,29.716293335,2.29475355148,27.0717144012,-23.3189239502,19.2076683044,-10.1971435547,11.8085050583,-1.8493219614,12.173666954,16.582321167,70.9535598755]],"icov":[[0.000341617065715,-0.000940733531024,0.000759838614613,-0.000766148092225,0.000824766175356,-0.00102953007445,0.00108721782453,-0.000953289214522,0.000956803502049,-0.000635702337604,0.000765704549849,-0.000681325909682,0.000481692579342],[-0.000940733531024,0.00401111412793,-0.00190800812561,0.00212308531627,-0.00206209230237,0.00403022533283,-0.00375771196559,0.00318653532304,-0.0027946990449,0.0026900593657,-0.00309643591754,0.00361757469364,-0.00242825434543],[0.000759838614613,-0.00190800812561,0.00254429341294,-0.00211867527105,0.0016048081452,-0.00209399615414,0.0019612966571,-0.00129515060689,0.00131451431662,-0.00119402876589,0.00258108577691,-0.00207287003286,0.00105544307735],[-0.000766148092225,0.00212308531627,-0.00211867527105,0.00519152544439,-0.00136641599238,0.00122766057029,-0.00134000787511,0.00228811963461,-0.00238016061485,0.00135839940049,-0.00170583033469,0.00256272125989,-0.00205448665656],[0.000824766175356,-0.00206209230237,0.0016048081452,-0.00136641599238,0.00651235226542,-0.00157519243658,0.0000302025327983,-0.00111233221833,0.00194457778707,-0.0022689953912,0.00119131314568,-0.00048676590086,0.000363097235095],[-0.00102953007445,0.00403022533283,-0.00209399615414,0.00122766057029,-0.00157519243658,0.0103838285431,-0.00545888859779,0.00233459612355,-0.00198752246797,0.000459322676761,-0.000820478540845,0.0000621643921477,-0.000126605416881],[0.00108721782453,-0.00375771196559,0.0019612966571,-0.00134000787511,0.0000302025327983,-0.00545888859779,0.0127389868721,-0.0064977905713,0.00258735846728,-0.00125155225396,-0.00011604464089,-0.000606912770309,-0.000105432569399],[-0.000953289214522,0.00318653532304,-0.00129515060689,0.00228811963461,-0.00111233221833,0.00233459612355,-0.0064977905713,0.0150434700772,-0.00600151345134,-0.000214199055335,-0.00102779327426,-0.000372389447875,0.000667472195346],[0.000956803502049,-0.0027946990449,0.00131451431662,-0.00238016061485,0.00194457778707,-0.00198752246797,0.00258735846728,-0.00600151345134,0.0156574044377,-0.00454202340916,-0.000660067657009,-0.000158343405928,-0.000221192472964],[-0.000635702337604,0.0026900593657,-0.00119402876589,0.00135839940049,-0.0022689953912,0.000459322676761,-0.00125155225396,-0.000214199055335,-0.00454202340916,0.0150976572186,-0.00423748372123,0.00258282432333,-0.0016330704093],[0.000765704549849,-0.00309643591754,0.00258108577691,-0.00170583033469,0.00119131314568,-0.000820478540845,-0.00011604464089,-0.00102779327426,-0.000660067657009,-0.00423748372123,0.0202223341912,-0.00995596684515,0.00248993095011],[-0.000681325909682,0.00361757469364,-0.00207287003286,0.00256272125989,-0.00048676590086,0.0000621643921477,-0.000606912770309,-0.000372389447875,-0.000158343405928,0.00258282432333,-0.00995596684515,0.0219126138836,-0.00798374786973],[0.000481692579342,-0.00242825434543,0.00105544307735,-0.00205448665656,0.000363097235095,-0.000126605416881,-0.000105432569399,0.000667472195346,-0.000221192472964,-0.0016330704093,0.00248993095011,-0.00798374786973,0.0190413929522]],"mean":[-28.4405612946,114.453170776,-119.121810913,52.7430419922,-61.0670318604,10.5473537445,-31.9607868195,6.46640634537,-19.0474357605,-5.50414800644,-8.06734466553,-6.83162212372,-5.16637849808]},"hfc":{"dmean":5.45438432693,"dmean2":7.73531913757,"dvar":70.7506103516,"dvar2":143.887405396,"max":189.722229004,"mean":19.7970027924,"median":16.3326721191,"min":1.06753130677e-16,"var":277.021636963},"melbands":{"dmean":[0.00087475538021,0.000871923461091,0.000994134577923,0.000965908402577,0.000361911894288,0.000204978467082,0.00019658911333,0.000153947519721,0.000106912666524,0.000117976043839,0.0000857204940985,0.0000688695872668,0.0000486384742544,0.0000387212967325,0.0000448610662716,0.0000337037163263,0.0000347305540345,0.0000229638335441,0.0000160304389283,0.0000150530222527,0.000014028582882,0.0000163829772646,0.0000137821780299,0.00001000958855,0.0000100484630821,0.00000888233989826,0.00000743035343476,0.00000553264453629,0.00000275890101875,0.00000194851895685,0.00000226979227591,0.00000219624621423,0.00000218222362491,0.00000193149458028,0.00000142200826758,0.00000111252268198,0.00000119694277601,8.41757355374e-7,3.88100175996e-7,1.8795171286e-7],"dmean2":[0.00137405830901,0.00147097627632,0.0016459710896,0.00157784298062,0.00056713266531,0.000319624290569,0.000301762192976,0.000232643578784,0.000162474971148,0.000182787785889,0.000133494089823,0.000106484279968,0.0000763937350712,0.0000608189184277,0.0000720599637134,0.0000546991032024,0.0000550477343495,0.0000365026389773,0.0000254477290582,0.0000240611807385,0.0000223643819481,0.0000262159283011,0.0000219548383029,0.00001564390368,0.0000160363524628,0.0000144004134199,0.0000119633850773,0.00000883760458237,0.00000442858799943,0.00000311950861942,0.00000358168244929,0.00000344890213455,0.00000341725262842,0.00000303383149003,0.00000220874358092,0.00000171236990809,0.00000181689540568,0.00000128033252622,5.90971524161e-7,2.88182206987e-7],"dvar":[0.00000142539067838,0.00000204474235943,0.00000264461368715,0.00000497553855894,4.11728905192e-7,1.32257554242e-7,1.82215643463e-7,1.75576204242e-7,6.59592629404e-8,8.14190812548e-8,4.50283259568e-8,2.25530865094e-8,1.4446618124e-8,7.74463604358e-9,1.4543804383e-8,6.23012752499e-9,8.45835490537e-9,3.37736194567e-9,1.59042934378e-9,1.19388587905e-9,6.26769636192e-10,8.72923011652e-10,9.47313227861e-10,5.16692855168e-10,3.586045072e-10,2.35702374285e-10,1.75864989238e-10,1.16023635144e-10,2.26526488539e-11,2.8842532529e-11,4.57745022442e-11,5.50916846864e-11,7.40927666443e-11,6.29709479005e-11,2.85666386379e-11,2.53605712819e-11,4.9250499512e-11,1.88651455568e-11,2.95061501274e-12,6.95417735983e-13],"dvar2":[0.00000351009339283,0.00000554155758437,0.00000722173172107,0.0000127726752908,9.24092660171e-7,2.98001907595e-7,4.00764491815e-7,3.61221054845e-7,1.28903778318e-7,1.83680356258e-7,9.89349118186e-8,5.22980698747e-8,3.13454613377e-8,1.81693877721e-8,3.52889770738e-8,1.5622234173e-8,2.063087301e-8,7.73503927576e-9,3.64645980078e-9,2.83597190176e-9,1.50554102518e-9,2.09847517141e-9,2.24665330784e-9,1.21285881338e-9,8.8395396558e-10,5.95931692882e-10,4.34149299844e-10,2.88826768058e-10,5.48316357596e-11,7.5723580184e-11,1.18845974728e-10,1.40120026693e-10,1.80969461638e-10,1.56974308552e-10,6.33655766746e-11,5.5373854807e-11,1.10872713788e-10,3.91836701974e-11,6.88851926889e-12,1.64293058325e-12],"max":[0.0113688074052,0.0173508040607,0.0193393044174,0.0357615351677,0.0202700197697,0.0100157633424,0.00964783877134,0.0104254549369,0.0091502610594,0.00933754071593,0.00655378261581,0.00420938851312,0.00447730487213,0.0029232238885,0.00332464440726,0.00171181606129,0.00272345449775,0.00171952950768,0.00130035670009,0.00101876002736,0.000556000566576,0.00112894386984,0.0016946408432,0.000582917302381,0.000486343546072,0.000371198140783,0.000457427842775,0.000312330841552,0.000114392380056,0.000212627375731,0.000293538440019,0.000240518522332,0.000271137425443,0.000216444954276,0.000160669878824,0.000155712943524,0.000320154242218,0.000155548987095,0.0000480813105241,0.0000241252582782],"mean":[0.00153577374294,0.00132083287463,0.00169231044129,0.0012736938661,0.00061885768082,0.000381555873901,0.000340403232258,0.000268951029284,0.000190826700418,0.000199057947611,0.0001381830225,0.000112371315481,0.0000783889627201,0.000063908402808,0.0000698898147675,0.0000501213871757,0.000053482617659,0.0000350993832399,0.0000261342083832,0.0000257477713603,0.0000254981860053,0.0000296802754747,0.0000247016778303,0.0000184207783605,0.0000189986403711,0.0000170687944774,0.0000147543223648,0.0000116045612231,0.00000568367477172,0.00000338061067851,0.00000373263219444,0.00000331648175234,0.0000030082246667,0.00000260709157374,0.00000205199671655,0.00000160300612606,0.00000162893115885,0.00000123357267512,5.80928485761e-7,2.76370627716e-7],"median":[0.000774430227466,0.000828737276606,0.000947933818679,0.000555086531676,0.000350389629602,0.000232084712479,0.000173292210093,0.000114279107947,0.0000857078121044,0.0000900815357454,0.0000598791266384,0.0000475386950711,0.0000305696121359,0.0000250303182838,0.0000243796239374,0.000019907598471,0.0000200454214792,0.0000142944509207,0.0000105560202428,0.000011289998838,0.0000133696976263,0.0000151114591063,0.0000114613430924,0.00000686829753249,0.00000944473958953,0.00000844855003379,0.00000800201723905,0.00000625738539384,0.00000348493199454,0.00000182020664852,0.00000166207371421,0.00000163378547313,0.00000126958400415,0.00000102499711829,8.02357476459e-7,5.20431683526e-7,3.81101500579e-7,3.26831610664e-7,1.86395581636e-7,1.00370741052e-7],"min":[1.25070593168e-24,8.9957171542e-25,7.88555024405e-25,7.37811349461e-25,9.89120542975e-25,9.42311114581e-25,1.67030942881e-24,1.88764415807e-24,2.57171100571e-24,2.37511582407e-24,2.04694258775e-24,2.37877456095e-24,2.27906254253e-24,2.63272150812e-24,2.31527500517e-24,2.0242831499e-24,3.38506998634e-24,2.1049952562e-24,2.0152852052e-24,2.39045502716e-24,3.27690157623e-24,3.24647028074e-24,3.60249504018e-24,3.75460477764e-24,4.20334909244e-24,3.38237444863e-24,3.64558222839e-24,4.00143856603e-24,4.88590665195e-24,4.82786739414e-24,5.09133825901e-24,5.41786514262e-24,5.16782069035e-24,5.83084565942e-24,5.42910562166e-24,5.37804068311e-24,5.82765195604e-24,5.14901148536e-24,5.41007198574e-24,6.540166114e-24],"var":[0.00000323344966091,0.0000024349862997,0.00000418913759859,0.00000509486517331,8.05890749689e-7,2.78409544308e-7,3.78931872547e-7,3.57520235639e-7,1.93083764088e-7,2.04784740276e-7,9.75157661287e-8,5.20892946554e-8,3.7867213365e-8,1.703000585e-8,2.81208798469e-8,9.10013842059e-9,1.38526941029e-8,5.83474246696e-9,3.46049833233e-9,2.49036169464e-9,1.40734424114e-9,1.89580573462e-9,1.77085679454e-9,1.16748821721e-9,8.45179148889e-10,5.76148295739e-10,4.41367553616e-10,2.84451129318e-10,5.25400105367e-11,3.61045325581e-11,5.3335145328e-11,5.24391467749e-11,7.06895375568e-11,6.34982066927e-11,4.13417598766e-11,4.20693792302e-11,8.245933103e-11,3.20241055896e-11,4.12648561154e-12,8.95622280766e-13]},"melbands_crest":{"dmean":3.37436747551,"dmean2":5.39324235916,"dvar":9.20263385773,"dvar2":22.8814735413,"max":35.8146476746,"mean":14.2268505096,"median":13.5025396347,"min":1.51476335526,"var":34.5695571899},"melbands_flatness_db":{"dmean":0.0287216454744,"dmean2":0.0415745861828,"dvar":0.00096289353678,"dvar2":0.00185065763071,"max":0.649890244007,"mean":0.212359532714,"median":0.196721240878,"min":0.00272713322192,"var":0.00911315530539},"melbands_kurtosis":{"dmean":12.4607715607,"dmean2":18.9373817444,"dvar":1233.59814453,"dvar2":2389.4296875,"max":1113.37561035,"mean":24.7643070221,"median":10.0334558487,"min":-1.89588963985,"var":3580.35375977},"melbands_skewness":{"dmean":0.862169802189,"dmean2":1.31025147438,"dvar":1.29979026318,"dvar2":2.75191020966,"max":25.6429538727,"mean":3.10915470123,"median":2.63329839706,"min":-1.57913315296,"var":5.66069698334},"melbands_spread":{"dmean":7.13616752625,"dmean2":11.1305303574,"dvar":154.997268677,"dvar2":335.087402344,"max":287.923522949,"mean":23.7787380219,"median":17.1971473694,"min":0.254851222038,"var":636.350585938},"mfcc":{"cov":[[12129.3896484,141.965988159,-1623.89929199,-436.766998291,-422.592346191,-87.2562408447,-100.802680969,52.393787384,-251.547607422,47.0825233459,-27.8193836212,-8.4639415741,15.2137823105],[141.965988159,1606.17370605,-185.710784912,208.007476807,-18.3688793182,-111.703811646,55.7761459351,-42.4890403748,4.31461238861,14.30701828,-53.3996543884,-2.81836628914,19.6725406647],[-1623.89929199,-185.710784912,1175.41638184,200.601379395,132.195571899,118.274162292,-58.9022216797,7.37687063217,53.1944236755,-55.4985809326,-8.2013053894,-8.71513748169,-45.0350189209],[-436.766998291,208.007476807,200.601379395,310.341644287,78.5886306763,20.7953643799,-1.0424683094,-24.1090946198,23.9568691254,-5.75935029984,-12.7623739243,-5.95050096512,0.642261147499],[-422.592346191,-18.3688793182,132.195571899,78.5886306763,157.346923828,43.6500205994,-6.07100439072,-10.0472507477,10.8022727966,2.22314190865,-0.526655316353,-10.5854234695,-10.0427122116],[-87.2562408447,-111.703811646,118.274162292,20.7953643799,43.6500205994,144.054367065,31.2158603668,7.07270717621,19.7630691528,-1.34138906002,8.10791110992,4.10083818436,-11.6768903732],[-100.802680969,55.7761459351,-58.9022216797,-1.0424683094,-6.07100439072,31.2158603668,128.14151001,32.5615234375,16.8801002502,15.9921283722,6.40670251846,15.0142059326,11.4123859406],[52.393787384,-42.4890403748,7.37687063217,-24.1090946198,-10.0472507477,7.07270717621,32.5615234375,109.511817932,14.5457048416,1.84710299969,20.6563148499,6.67037391663,7.01828050613],[-251.547607422,4.31461238861,53.1944236755,23.9568691254,10.8022727966,19.7630691528,16.8801002502,14.5457048416,89.2301864624,31.2704944611,9.60185241699,7.78807210922,0.181062623858],[47.0825233459,14.30701828,-55.4985809326,-5.75935029984,2.22314190865,-1.34138906002,15.9921283722,1.84710299969,31.2704944611,81.6133346558,30.5243663788,12.3046264648,8.82883453369],[-27.8193836212,-53.3996543884,-8.2013053894,-12.7623739243,-0.526655316353,8.10791110992,6.40670251846,20.6563148499,9.60185241699,30.5243663788,73.4776229858,24.1279125214,7.52950143814],[-8.4639415741,-2.81836628914,-8.71513748169,-5.95050096512,-10.5854234695,4.10083818436,15.0142059326,6.67037391663,7.78807210922,12.3046264648,24.1279125214,67.5096893311,27.817533493],[15.2137823105,19.6725406647,-45.0350189209,0.642261147499,-10.0427122116,-11.6768903732,11.4123859406,7.01828050613,0.181062623858,8.82883453369,7.52950143814,27.817533493,66.0830230713]],"icov":[[0.000120317708934,-0.0000146670963659,0.000155456000357,-0.00000144617251863,0.000238359483774,-0.000230743389693,0.000261023407802,-0.000183911964996,0.000305836932966,-0.000195864049601,0.000155027359142,-0.0000409760250477,0.0000774427244323],[-0.0000146670963659,0.000814927101601,0.000117238501844,-0.000681021192577,0.000105111350422,0.000683402351569,-0.000522873946466,0.000206109209103,-0.0000579173793085,-0.000149234358105,0.000493830011692,-0.000110257831693,0.0000626767796348],[0.000155456000357,0.000117238501844,0.00143888278399,-0.000695697613992,-0.000135073554702,-0.000942836457398,0.00103249843232,-0.000557632534765,-0.000336082535796,0.000665512401611,0.00018921449373,-0.000418813346187,0.000677189731505],[-0.00000144617251863,-0.000681021192577,-0.000695697613992,0.00472875498235,-0.00177052628715,-0.0000568870491406,-0.000183553580428,0.000882265507244,-0.000890406256076,0.00045930565102,-0.000104493781691,0.000392932764953,-0.000870546326041],[0.000238359483774,0.000105111350422,-0.000135073554702,-0.00177052628715,0.00877245143056,-0.0024350960739,0.000967141357251,0.00000599838494963,0.000905692926608,-0.00145403610077,0.000166897691088,0.00116340897512,0.000257236126345],[-0.000230743389693,0.000683402351569,-0.000942836457398,-0.0000568870491406,-0.0024350960739,0.0100396843627,-0.00365157797933,0.00100683921482,-0.00180859665852,0.00132358004339,-0.00104356289376,-0.000619189871941,0.00134300766513],[0.000261023407802,-0.000522873946466,0.00103249843232,-0.000183553580428,0.000967141357251,-0.00365157797933,0.0109120979905,-0.00349552277476,-9.42561769079e-7,-0.0018091427628,0.0015750285238,-0.00162111024838,-0.000465874298243],[-0.000183911964996,0.000206109209103,-0.000557632534765,0.000882265507244,0.00000599838494963,0.00100683921482,-0.00349552277476,0.0115294996649,-0.00245594978333,0.00253784051165,-0.00391079019755,0.00132021051832,-0.00129207980353],[0.000305836932966,-0.0000579173793085,-0.000336082535796,-0.000890406256076,0.000905692926608,-0.00180859665852,-9.42561769079e-7,-0.00245594978333,0.0155787933618,-0.00709255645052,0.00198591174558,-0.00121581426356,0.000995917944238],[-0.000195864049601,-0.000149234358105,0.000665512401611,0.00045930565102,-0.00145403610077,0.00132358004339,-0.0018091427628,0.00253784051165,-0.00709255645052,0.0188914034516,-0.00772900367156,0.000605323468335,-0.00128425913863],[0.000155027359142,0.000493830011692,0.00018921449373,-0.000104493781691,0.000166897691088,-0.00104356289376,0.0015750285238,-0.00391079019755,0.00198591174558,-0.00772900367156,0.0200052503496,-0.00634580012411,0.00135059107561],[-0.0000409760250477,-0.000110257831693,-0.000418813346187,0.000392932764953,0.00116340897512,-0.000619189871941,-0.00162111024838,0.00132021051832,-0.00121581426356,0.000605323468335,-0.00634580012411,0.0209086537361,-0.00819579791278],[0.0000774427244323,0.0000626767796348,0.000677189731505,-0.000870546326041,0.000257236126345,0.00134300766513,-0.000465874298243,-0.00129207980353,0.000995917944238,-0.00128425913863,0.00135059107561,-0.00819579791278,0.0195250045508]],"mean":[-650.055114746,125.565475464,4.3212928772,37.0466003418,1.21918654442,4.83687400818,0.850599706173,6.36701011658,-3.35044193268,3.6354663372,-2.48899102211,-0.166533440351,-1.59208524227]},"pitch_salience":{"dmean":0.0735325887799,"dmean2":0.117312885821,"dvar":0.00505129713565,"dvar2":0.0125316735357,"max":0.997064173222,"mean":0.59670650959,"median":0.614957869053,"min":0.0557720810175,"var":0.0158850234002},"silence_rate_20dB":{"dmean":0,"dmean2":0,"dvar":0,"dvar2":0,"max":1,"mean":1,"median":1,"min":1,"var":0},"silence_rate_30dB":{"dmean":0.000190621431102,"dmean2":0.000381279183784,"dvar":0.000190549675608,"dvar2":0.000381224497687,"max":1,"mean":0.999809384346,"median":1,"min":0,"var":0.000190531514818},"silence_rate_60dB":{"dmean":0.017727792263,"dmean2":0.0354589633644,"dvar":0.0174144245684,"dvar2":0.0387722328305,"max":1,"mean":0.052225291729,"median":0,"min":0,"var":0.0494965575635},"spectral_centroid":{"dmean":280.195098877,"dmean2":422.647399902,"dvar":127168.484375,"dvar2":260660.6875,"max":11963.8183594,"mean":1465.92053223,"median":1236.52478027,"min":120.797851562,"var":2092556.75},"spectral_complexity":{"dmean":4.27983236313,"dmean2":6.23696517944,"dvar":23.2513523102,"dvar2":38.8311729431,"max":59,"mean":22.3848285675,"median":22,"min":0,"var":196.170379639},"spectral_contrast_coeffs":{"dmean":[0.0545333921909,0.0468877665699,0.0384507104754,0.0284444130957,0.0209837649018,0.0189615041018],"dmean2":[0.0862092971802,0.0748682245612,0.0618421509862,0.0459053218365,0.0335134081542,0.028986023739],"dvar":[0.00242126919329,0.00161390157882,0.00101792893838,0.000643870793283,0.000356426899089,0.000309191207634],"dvar2":[0.00584034388885,0.00376340118237,0.00246335216798,0.0014826732222,0.000815255742054,0.000694488408044],"max":[-0.278007864952,-0.355362892151,-0.418098449707,-0.493338465691,-0.599488914013,-0.587039291859],"mean":[-0.648489654064,-0.741708338261,-0.787868738174,-0.814726948738,-0.804670393467,-0.751909971237],"median":[-0.649735689163,-0.74782961607,-0.794252634048,-0.822504460812,-0.805436313152,-0.746843099594],"min":[-0.976602673531,-0.994620144367,-0.994145810604,-0.974485039711,-0.967842578888,-0.965302705765],"var":[0.00871810223907,0.00647980114445,0.00445112446323,0.00328229786828,0.00233294139616,0.00219488679431]},"spectral_contrast_valleys":{"dmean":[0.374847173691,0.37543964386,0.386801600456,0.361524969339,0.296924084425,0.362830281258],"dmean2":[0.599775731564,0.568096637726,0.557885408401,0.502064585686,0.399147152901,0.444071799517],"dvar":[0.134252414107,0.16120159626,0.171093344688,0.177972912788,0.154237031937,0.224470600486],"dvar2":[0.282768160105,0.286409646273,0.278259515762,0.267141789198,0.228927597404,0.340886861086],"max":[-5.35712337494,-5.00273370743,-4.90021371841,-5.68132305145,-5.39588356018,-7.381046772],"mean":[-7.22201013565,-6.92423677444,-7.57983541489,-7.92909765244,-7.63752412796,-10.6121835709],"median":[-6.78652620316,-6.34038352966,-6.95175981522,-7.28631782532,-7.03535890579,-10.0699510574],"min":[-28.4902076721,-28.1076812744,-27.8356266022,-27.7139892578,-27.6228580475,-27.4228801727],"var":[7.41293239594,7.92412281036,7.80022621155,7.65958833694,7.66120195389,5.8934969902]},"spectral_decrease":{"dmean":2.44338549393e-9,"dmean2":3.88399179485e-9,"dvar":1.08542532446e-17,"dvar2":2.76831642248e-17,"max":2.38502811251e-11,"mean":-7.29161753199e-9,"median":-6.95948365603e-9,"min":-4.958796751e-8,"var":1.93685117979e-17},"spectral_energy":{"dmean":0.00953238643706,"dmean2":0.0150639098138,"dvar":0.000162270880537,"dvar2":0.000411106797401,"max":0.192368596792,"mean":0.0293158255517,"median":0.0283530838788,"min":9.60893146882e-21,"var":0.000301743100863},"spectral_energyband_high":{"dmean":0.000368826731574,"dmean2":0.000535198487341,"dvar":0.00000109468192022,"dvar2":0.00000234241269936,"max":0.0267603434622,"mean":0.000768673955463,"median":0.000444848177722,"min":6.9812218086e-21,"var":0.00000186477336683},"spectral_energyband_low":{"dmean":0.00452055968344,"dmean2":0.00747402291745,"dvar":0.0000391111607314,"dvar2":0.000105900406197,"max":0.066800005734,"mean":0.00974098686129,"median":0.00677843112499,"min":1.55754369512e-23,"var":0.0000800921698101},"spectral_energyband_middle_high":{"dmean":0.00171446520835,"dmean2":0.00251195533201,"dvar":0.00000680673883835,"dvar2":0.0000139143139677,"max":0.0531453341246,"mean":0.00535860005766,"median":0.00330282235518,"min":1.0533002073e-21,"var":0.0000381712525268},"spectral_energyband_middle_low":{"dmean":0.0069286711514,"dmean2":0.0110687995329,"dvar":0.000128678802866,"dvar2":0.000330083159497,"max":0.182774215937,"mean":0.0157004948705,"median":0.0128730470315,"min":1.75434751469e-22,"var":0.000184052187251},"spectral_entropy":{"dmean":0.167995661497,"dmean2":0.227594748139,"dvar":0.0393590293825,"dvar2":0.0679634138942,"max":9.82545280457,"mean":7.56963920593,"median":7.671646595,"min":4.16967248917,"var":0.378056794405},"spectral_flux":{"dmean":0.0270805060863,"dmean2":0.0406698584557,"dvar":0.000911177718081,"dvar2":0.00196571531706,"max":0.37172755599,"mean":0.0878981798887,"median":0.0832844823599,"min":6.17470241604e-11,"var":0.00221027177759},"spectral_kurtosis":{"dmean":1.7411864996,"dmean2":2.84779548645,"dvar":6.8523683548,"dvar2":16.480052948,"max":67.6725158691,"mean":3.8939576149,"median":2.95311117172,"min":-1.47059845924,"var":19.5265808105},"spectral_rms":{"dmean":0.000833376019727,"dmean2":0.00126603082754,"dvar":9.57446104621e-7,"dvar2":0.00000222629250857,"max":0.01369951386,"mean":0.00504137761891,"median":0.00525942444801,"min":3.06179148875e-12,"var":0.00000318540196531},"spectral_rolloff":{"dmean":441.053039551,"dmean2":729.792114258,"dvar":706223.875,"dvar2":1516278.125,"max":19573.6816406,"mean":1563.23779297,"median":818.26171875,"min":64.599609375,"var":6921316.5},"spectral_skewness":{"dmean":0.236514300108,"dmean2":0.363389521837,"dvar":0.0739905834198,"dvar2":0.162386149168,"max":6.82517337799,"mean":1.30968940258,"median":1.21022105217,"min":-0.43590298295,"var":0.388412117958},"spectral_spread":{"dmean":513161.84375,"dmean2":706032.875,"dvar":586068000768,"dvar2":1095539556350,"max":42821180,"mean":4681731.5,"median":3788011.5,"min":1067606.375,"var":23650000437200},"spectral_strongpeak":{"dmean":0.429542213678,"dmean2":0.72331815958,"dvar":0.489125877619,"dvar2":1.245870471,"max":9.42844963074,"mean":0.750062406063,"median":0.423191845417,"min":0,"var":0.852029800415},"zerocrossingrate":{"dmean":0.00937809981406,"dmean2":0.0110334064811,"dvar":0.000196077235159,"dvar2":0.000291148462566,"max":0.5263671875,"mean":0.0593730099499,"median":0.0478515625,"min":0.001953125,"var":0.00445781648159}},"metadata":{"audio_properties":{"analysis_sample_rate":44100,"bit_rate":320034,"codec":"mp3","downmix":"mix","equal_loudness":0,"length":243.617965698,"lossless":false,"md5_encoded":"41c813bb65b7d7c190e84fc2592c7992","replay_gain":-10.6984424591,"sample_rate":44100},"tags":{"album":["Jailbreak"],"albumartist":["Thin Lizzy"],"albumartistsort":["Thin Lizzy"],"artist":["Thin Lizzy"],"artistsort":["Thin Lizzy"],"catalognumber":["9102 008"],"composer":["Phil Lynott"],"date":["1976"],"file_name":"01 - Jailbreak.mp3","label":["Vertigo"],"language":["eng"],"lyricist":["Phil Lynott"],"media":["Vinyl"],"musicbrainz album release country":["GB"],"musicbrainz album status":["official"],"musicbrainz album type":["album"],"musicbrainz_albumartistid":["6a726ac6-019e-455c-8bbb-571a77bed52e"],"musicbrainz_albumid":["62f4961d-e315-44fa-9d6a-3cbcdf3039e7"],"musicbrainz_artistid":["6a726ac6-019e-455c-8bbb-571a77bed52e"],"musicbrainz_recordingid":["1a978007-b99a-4a0f-82fa-481510d2dce1"],"musicbrainz_releasegroupid":["d55dae0d-835d-3756-8805-196e41bacc2f"],"musicbrainz_workid":["7f10aad1-916a-3087-960e-e451691865d8"],"originaldate":["1976"],"script":["Latn"],"title":["Jailbreak"],"tracknumber":["1/9"],"work":["Jailbreak"]},"version":{"essentia":"2.1-beta2","essentia_build_sha":"70f2e5ece6736b2c40cc944ad0e695b16b925413","essentia_git_sha":"v2.1_beta2","extractor":"music 1.0"}},"rhythm":{"beats_count":586,"beats_loudness":{"dmean":0.0120740095153,"dmean2":0.0212588328868,"dvar":0.000121659271827,"dvar2":0.000389527995139,"max":0.114335149527,"mean":0.0365169048309,"median":0.0367566533387,"min":0,"var":0.00017419080541},"beats_loudness_band_ratio":{"dmean":[0.212899252772,0.290182232857,0.10033211112,0.0759356021881,0.0595498383045,0.0442425906658],"dmean2":[0.374828130007,0.560223698616,0.179394945502,0.132671937346,0.10070887953,0.0794067308307],"