{"lowlevel":{"average_loudness":0.922917366028,"barkbands":{"dmean":[0.00150093133561,0.00461037456989,0.00149250112008,0.00103328935802,0.00190656573977,0.00158864504192,0.000657568220049,0.000496222113725,0.000708227918949,0.000545859802514,0.000505918986164,0.000558877305593,0.000538047810551,0.000305506982841,0.000505451869685,0.000255635590293,0.000173924592673,0.000177321126102,0.000195321932551,0.000147093684063,0.000106374682218,0.0000685251798132,0.0000359409532393,0.0000100703637145,0.00000167428299847,0.0000123716190501,0.000155375368195],"dmean2":[0.00259612989612,0.00752597581595,0.00260301982053,0.00176277349237,0.00308581930585,0.00248912558891,0.0010324656032,0.000809860532172,0.00113147997763,0.000895619683433,0.000835484359413,0.000923226063605,0.000897972960956,0.000500045192894,0.00082205911167,0.000413376954384,0.000280622916762,0.000275190628599,0.000288688723231,0.000218137764023,0.00015222420916,0.000100298777397,0.0000528549862793,0.0000149627903738,0.00000277781100522,0.0000178562986548,0.00023164137383],"dvar":[0.00000587824706599,0.0000504740128235,0.00000505353773406,0.0000031254219266,0.0000126160211948,0.0000206154436455,0.00000380306710213,0.00000216563830691,0.00000472411284136,0.00000124283155856,0.00000308136804961,6.34637672192e-7,8.03048578746e-7,2.19269338686e-7,7.41016833672e-7,2.1427233321e-7,9.6857448284e-8,1.41996977732e-7,2.38291818278e-7,1.28059696181e-7,7.40442445135e-8,2.79989968988e-8,9.65331548031e-9,7.48463679923e-10,9.38253728183e-12,1.2090491941e-9,4.25326085463e-8],"dvar2":[0.0000157732356456,0.000128490311909,0.0000143194556586,0.00000859723513713,0.0000303739798255,0.0000484144511574,0.00000880964489625,0.0000054644251577,0.0000123421341414,0.00000318241359309,0.00000796497624833,0.00000166582310612,0.00000213622411138,5.66021753912e-7,0.00000195670190806,5.612644145e-7,2.49583052891e-7,3.34593238449e-7,4.72365371706e-7,2.74027712521e-7,1.47977289089e-7,5.95066680376e-8,2.0776575127e-8,1.57716528726e-9,2.2660132451e-11,2.43663889066e-9,9.49248217808e-8],"max":[0.0273780301213,0.101752966642,0.0336116105318,0.0232193600386,0.0560871586204,0.105944141746,0.052932754159,0.0436069220304,0.0472838506103,0.0239694733173,0.0504597350955,0.0197424646467,0.0212165247649,0.00685951113701,0.0171400010586,0.0126371830702,0.00514849135652,0.0108621520922,0.0137661853805,0.00745347328484,0.0062945606187,0.00321095902473,0.00132506957743,0.000489194120746,0.0000548911521037,0.000485250871861,0.00430107628927],"mean":[0.00154903391376,0.0063973646611,0.00217549945228,0.00123711139895,0.00264901178889,0.00216099736281,0.000930557609536,0.000661713886075,0.000998675706796,0.000787069497164,0.00078693847172,0.000969902554061,0.000931252143346,0.000540102540981,0.000975852599367,0.000483980344143,0.000313847034704,0.000303214939777,0.000324594904669,0.000234099657973,0.000165752877365,0.000099797238363,0.0000454410546809,0.0000119726200865,0.00000164921698342,0.0000160401796165,0.000476759130834],"median":[0.000662719772663,0.00363128259778,0.000957255309913,0.000599741004407,0.00104626466054,0.00050647102762,0.000259361753706,0.000157813643455,0.000194273714442,0.000387899315683,0.000291034841212,0.000683160033077,0.000635518517811,0.000320407183608,0.000517501786817,0.00025769911008,0.000164880082593,0.000142403587233,0.000116151262773,0.0000686818384565,0.0000396855284635,0.0000264319496637,0.00000939714755077,0.0000027848609534,5.61191768611e-7,0.000004144693321,0.000387565582059],"min":[7.88657181892e-25,3.85487412629e-24,1.05821755992e-24,1.53136716036e-24,1.11903761158e-23,1.19527131508e-23,1.4926551525e-23,1.11467797179e-23,2.08079955117e-23,1.21141803563e-23,1.64279005558e-23,2.31457248509e-23,2.51959806545e-23,3.08571210339e-23,4.85613622468e-23,5.81748125128e-23,8.13336419211e-23,9.0635580482e-23,1.01520649284e-22,1.76519454146e-22,2.37210802366e-22,3.33657895893e-22,3.92376965633e-22,5.75045369654e-22,9.22794391285e-22,1.3415662894e-21,1.9066181924e-21],"var":[0.00000580617188461,0.0000669560395181,0.0000114989725262,0.00000369988993043,0.0000212948998524,0.0000351559538103,0.00000772303883423,0.00000385299426853,0.00000865235688252,0.00000177637116394,0.00000697127143212,0.00000120996594433,0.00000131012143356,4.75024876323e-7,0.00000181664142929,5.19487059591e-7,1.7149338305e-7,2.57931333181e-7,5.71547502659e-7,2.38400687635e-7,1.33589935558e-7,4.15656238317e-8,1.19040093338e-8,9.09641251212e-10,1.00330282277e-11,1.58533619565e-9,1.84481933729e-7]},"barkbands_crest":{"dmean":3.04247999191,"dmean2":5.01417541504,"dvar":6.89701080322,"dvar2":17.8756141663,"max":26.16929245,"mean":9.52495670319,"median":8.71180915833,"min":2.08563971519,"var":17.5910377502},"barkbands_flatness_db":{"dmean":0.0232239346951,"dmean2":0.0357240401208,"dvar":0.000433789537055,"dvar2":0.000980403623544,"max":0.385094434023,"mean":0.118142366409,"median":0.113145619631,"min":0.0250639095902,"var":0.00179796642624},"barkbands_kurtosis":{"dmean":3.37353754044,"dmean2":5.4194111824,"dvar":81.760887146,"dvar2":208.364425659,"max":337.631408691,"mean":4.44139242172,"median":1.70364546776,"min":-1.87913322449,"var":133.01902771},"barkbands_skewness":{"dmean":0.602088093758,"dmean2":0.934905707836,"dvar":0.437311083078,"dvar2":0.998914539814,"max":14.5707406998,"mean":1.52441108227,"median":1.33326160908,"min":-3.41092038155,"var":1.66468179226},"barkbands_spread":{"dmean":7.75017929077,"dmean2":12.181892395,"dvar":55.4804077148,"dvar2":123.602760315,"max":125.826156616,"mean":31.9113006592,"median":31.0080509186,"min":0.45382091403,"var":206.849197388},"dissonance":{"dmean":0.013290014118,"dmean2":0.0225709676743,"dvar":0.0002102823928,"dvar2":0.000586267036851,"max":0.5,"mean":0.480225890875,"median":0.485919326544,"min":0.287866532803,"var":0.000335451739375},"dynamic_complexity":3.9672935009,"erbbands":{"dmean":[0.191830411553,0.883979320526,1.67949676514,2.58925223351,4.41491127014,6.76355218887,11.3657636642,13.730881691,8.87485313416,10.5813694,9.28711700439,14.8194799423,17.7960414886,18.878911972,16.8644256592,23.8878555298,23.7664985657,15.1142511368,21.3705234528,22.7933444977,10.2720251083,9.44168758392,9.34838008881,9.66764831543,9.2366771698,7.00064706802,5.13169193268,3.81018447876,2.54244017601,1.74780654907,0.893897593021,0.334842503071,0.100667692721,0.0226872861385,0.0118432985619,0.0141171105206,0.025523006916,0.0269841011614,0.00904479809105,0.00362693448551],"dmean2":[0.314680814743,1.46010661125,2.88179016113,4.45001029968,7.55517244339,11.0631103516,17.7458076477,21.5632972717,13.8995990753,16.6936454773,15.1780090332,23.8206748962,28.5554580688,31.1509284973,27.3115882874,39.3561019897,39.5953216553,24.4711780548,34.666267395,37.1616363525,16.2173252106,15.0023584366,14.4520902634,14.3365945816,13.651424408,10.3976192474,7.50839424133,5.45270395279,3.69286108017,2.55458521843,1.31561040878,0.494790405035,0.149750843644,0.0365210883319,0.0195484030992,0.0210078805685,0.036345988512,0.0377516821027,0.0119153121486,0.00536534003913],"dvar":[0.107240818441,1.82431030273,5.34590005875,16.9219036102,60.6972236633,180.431900024,1237.49255371,1587.53442383,525.552062988,915.707885742,721.608703613,1910.22167969,3113.67651367,1511.38562012,2902.41552734,1101.82653809,1583.54077148,520.06036377,1130.86108398,1955.18225098,367.505981445,291.880340576,357.518310547,576.893249512,520.684997559,297.054290771,165.773529053,102.42993927,36.735496521,19.8327388763,6.33828783035,0.869150400162,0.0622168332338,0.00157300475985,0.000462391384644,0.000967156141996,0.00529896374792,0.00521324248984,0.000463428994408,0.000019721188437],"dvar2":[0.267757445574,4.82602310181,14.7976293564,46.8519897461,170.853668213,432.999206543,2891.16918945,3703.56298828,1215.61828613,2171.94946289,1849.9309082,4850.42626953,8082.03710938,3808.59008789,7372.47119141,2919.453125,4146.07568359,1351.04504395,3008.87280273,5371.24902344,895.925109863,737.647949219,827.967773438,1178.51171875,1072.61950684,650.270568848,348.092193604,204.882156372,77.3898239136,41.7859115601,13.7984685898,1.86729538441,0.127738043666,0.00359455193393,0.00111262197606,0.00196954840794,0.0107408799231,0.0103365285322,0.000845944741741,0.0000421253644163],"max":[4.0709939003,18.1611671448,29.511297226,63.2903251648,99.0171432495,241.29737854,1031.14379883,965.285705566,636.671447754,688.796081543,697.496459961,1107.58374023,1309.78112793,982.490722656,1691.76953125,635.261962891,1025.58459473,395.746459961,596.89440918,1004.30352783,802.928894043,291.347229004,390.641082764,722.314880371,614.11907959,406.558258057,284.094177246,265.066986084,107.10131073,62.8335342407,36.3657150269,14.6565542221,3.99860048294,0.703894019127,0.387549340725,0.711681246758,1.25648546219,1.00955414772,0.481344252825,0.0855100676417],"mean":[0.232986882329,1.24132013321,2.50979042053,3.61899161339,5.70616388321,8.86411190033,15.5668401718,18.2019100189,13.2551383972,15.4901657104,13.3390684128,20.9124031067,26.1793289185,29.9056987762,29.7080249786,43.1394348145,44.0963668823,29.9348564148,42.0550079346,46.7150001526,21.5439758301,17.8103580475,16.5949058533,16.6044254303,15.2312679291,11.1952476501,7.86511898041,5.73970746994,3.73568296432,2.4224755764,1.09793257713,0.398362755775,0.123620085418,0.025341488421,0.0121641168371,0.0180043913424,0.0331393145025,0.039459567517,0.0177351813763,0.0143071310595],"median":[0.10576197505,0.69593667984,1.31995487213,1.98703753948,2.56595182419,3.41492700577,3.38066196442,4.43890380859,4.13525104523,3.76046586037,3.41006946564,4.32185649872,8.70080566406,16.4345855713,13.8316993713,30.8300266266,31.8696136475,19.4513244629,24.8589096069,23.9870948792,12.263961792,9.57090759277,8.08955764771,6.48385429382,5.26821565628,3.26602125168,1.99528646469,1.30043005943,1.02511239052,0.573220968246,0.228243201971,0.0877636820078,0.0339668020606,0.00975527893752,0.00452761910856,0.00658184662461,0.00859548058361,0.00947988871485,0.00710540870205,0.0127314291894],"min":[1.12288922495e-22,9.79560973486e-22,2.72717590744e-21,4.64203541176e-21,2.4290266932e-20,2.93001848627e-20,6.15158130308e-20,1.31784903002e-19,2.032267089e-19,3.01213735857e-19,3.28796461123e-19,4.0219581579e-19,3.55194301861e-19,9.55535158781e-19,6.81998679425e-19,1.33054224577e-18,1.50188805677e-18,2.0357638658e-18,3.05743139077e-18,3.36065739856e-18,4.30580678776e-18,5.18159418747e-18,5.78618297873e-18,7.87757846303e-18,6.9282832446e-18,8.14834280166e-18,1.00950817676e-17,9.90292357542e-18,1.24404622318e-17,1.13468318547e-17,9.86374582007e-18,1.18391722369e-17,8.7947406098e-18,7.61239593918e-18,6.90274032087e-18,4.86988440852e-18,2.12960150923e-18,9.43640301573e-19,2.46723290553e-19,2.7447122576e-20],"var":[0.122234068811,2.54003310204,10.8945169449,23.4635009766,76.605758667,289.65020752,2294.20556641,2377.16235352,1145.00915527,1898.40161133,1303.19787598,3418.72558594,4752.96044922,2573.48364258,7161.07275391,2230.37475586,2664.13110352,1198.65930176,2607.33813477,5098.10742188,853.435546875,534.358764648,674.596984863,1307.44580078,1173.14831543,534.314697266,274.966461182,182.034042358,57.2785797119,26.865737915,7.4797539711,1.02110612392,0.0816933214664,0.00193031469826,0.000503845454659,0.00133053516038,0.00686834380031,0.00792544521391,0.00103360856883,0.000130689979414]},"erbbands_crest":{"dmean":2.44530463219,"dmean2":4.05847454071,"dvar":5.14633703232,"dvar2":13.5939073563,"max":25.23021698,"mean":7.92821407318,"median":7.26059293747,"min":2.26842999458,"var":11.2024717331},"erbbands_flatness_db":{"dmean":0.0200734231621,"dmean2":0.0298222023994,"dvar":0.000324816443026,"dvar2":0.00066575530218,"max":0.302034169436,"mean":0.150885641575,"median":0.148354113102,"min":0.0418614707887,"var":0.00150961964391},"erbbands_kurtosis":{"dmean":1.02264928818,"dmean2":1.62510418892,"dvar":2.12986707687,"dvar2":4.71125650406,"max":28.5473022461,"mean":0.87611913681,"median":0.398541331291,"min":-1.66423165798,"var":4.58780527115},"erbbands_skewness":{"dmean":0.359942108393,"dmean2":0.55935382843,"dvar":0.112522989511,"dvar2":0.252178162336,"max":2.32091188431,"mean":-0.338448166847,"median":-0.347011983395,"min":-4.60363006592,"var":0.491494894028},"erbbands_spread":{"dmean":6.95816850662,"dmean2":10.7255268097,"dvar":50.2646064758,"dvar2":108.790916443,"max":120.232208252,"mean":28.7212543488,"median":26.1406593323,"min":3.39527440071,"var":197.938964844},"gfcc":{"cov":[[23996.8632812,937.244812012,-1577.65905762,45.9239006042,-110.613693237,-297.842529297,163.826644897,-397.566253662,76.3362960815,-159.1355896,43.5001525879,27.5286617279,-125.415054321],[937.244812012,1114.75109863,-38.3153839111,-449.650604248,132.361160278,-31.36485672,-69.9286499023,15.9567918777,41.0425033569,-26.425945282,69.4984664917,-85.7982025146,109.590965271],[-1577.65905762,-38.3153839111,478.644042969,81.223991394,-44.0304756165,134.291641235,-27.7563858032,79.3975906372,-41.266330719,36.9546775818,3.44959783554,0.948583602905,4.30122232437],[45.9239006042,-449.650604248,81.223991394,520.22479248,-25.0322265625,-21.8840923309,128.241119385,-30.5744628906,-33.1695747375,-0.387464612722,-43.8421707153,53.8937950134,-89.6422119141],[-110.613693237,132.361160278,-44.0304756165,-25.0322265625,271.651855469,56.7921524048,34.6837921143,-27.3494873047,11.1110019684,-47.9424438477,2.15506076813,-11.4656419754,37.8724060059],[-297.842529297,-31.36485672,134.291641235,-21.8840923309,56.7921524048,226.182998657,-8.19583892822,31.7615756989,-16.8632068634,-4.83367061615,-4.39803743362,5.86852884293,25.0147972107],[163.826644897,-69.9286499023,-27.7563858032,128.241119385,34.6837921143,-8.19583892822,179.482589722,-39.6840515137,21.4936256409,-8.65592956543,-4.74190044403,23.7624874115,-32.5944976807],[-397.566253662,15.9567918777,79.3975906372,-30.5744628906,-27.3494873047,31.7615756989,-39.6840515137,152.11618042,13.8915252686,40.471321106,12.0022029877,-25.4958724976,13.6948957443],[76.3362960815,41.0425033569,-41.266330719,-33.1695747375,11.1110019684,-16.8632068634,21.4936256409,13.8915252686,106.726737976,35.833065033,12.6637020111,0.528804659843,-8.8936290741],[-159.1355896,-26.425945282,36.9546775818,-0.387464612722,-47.9424438477,-4.83367061615,-8.65592956543,40.471321106,35.833065033,85.9948730469,34.5046234131,0.508308827877,1.13765537739],[43.5001525879,69.4984664917,3.44959783554,-43.8421707153,2.15506076813,-4.39803743362,-4.74190044403,12.0022029877,12.6637020111,34.5046234131,70.5158081055,16.144235611,23.7529144287],[27.5286617279,-85.7982025146,0.948583602905,53.8937950134,-11.4656419754,5.86852884293,23.7624874115,-25.4958724976,0.528804659843,0.508308827877,16.144235611,68.9362487793,9.84969425201],[-125.415054321,109.590965271,4.30122232437,-89.6422119141,37.8724060059,25.0147972107,-32.5944976807,13.6948957443,-8.8936290741,1.13765537739,23.7529144287,9.84969425201,86.943069458]],"icov":[[0.0000669982255204,-0.000141274780617,0.000292875745799,-0.000168231330463,0.000158341950737,-0.000180127623025,0.0000439658506366,0.0000646632033749,0.0000125937540361,0.0000388826192648,-0.0000980113109108,-0.000017156742615,0.000105425773654],[-0.000141274780617,0.00213741697371,-0.00114347727504,0.00157104514074,-0.000748310878407,0.00113902823068,-0.00052188965492,0.0000989909167401,-0.000722504570149,0.0013435970759,-0.00148319010623,0.00203531747684,-0.00135145091917],[0.000292875745799,-0.00114347727504,0.00454883277416,-0.00177256029565,0.00130777771119,-0.00284611131065,0.000647915119771,-0.000720526499208,0.00132440461311,-0.00127952801995,-0.000194415624719,-0.00029584261938,0.000655631010886],[-0.000168231330463,0.00157104514074,-0.00177256029565,0.00509261991829,-0.0015934688272,0.00188194285147,-0.00232926756144,-0.000549982709344,0.00186540093273,-0.00141695560887,0.00204569241032,-0.0025896972511,0.00242536026053],[0.000158341950737,-0.000748310878407,0.00130777771119,-0.0015934688272,0.0062779802829,-0.00243725441396,-0.000743548269384,0.000986010883935,-0.00223261630163,0.00420194445178,-0.00232296297327,0.0030645316001,-0.00299941352569],[-0.000180127623025,0.00113902823068,-0.00284611131065,0.00188194285147,-0.00243725441396,0.00716827856377,-0.00064154563006,-0.00113823160063,0.000621958344709,-0.0000812314174254,0.00150839996058,-0.0013916620519,-0.000866123649757],[0.0000439658506366,-0.00052188965492,0.000647915119771,-0.00232926756144,-0.000743548269384,-0.00064154563006,0.00825628638268,0.00120345654432,-0.00210061273538,0.000681716017425,-0.000940105877817,-0.00136362959165,0.00188929599244],[0.0000646632033749,0.0000989909167401,-0.000720526499208,-0.000549982709344,0.000986010883935,-0.00113823160063,0.00120345654432,0.00951088406146,-0.00158442812972,-0.00236624153331,-0.000957613054197,0.00445279106498,-0.00208582053892],[0.0000125937540361,-0.000722504570149,0.00132440461311,0.00186540093273,-0.00223261630163,0.000621958344709,-0.00210061273538,-0.00158442812972,0.0146586624905,-0.00888206530362,0.00325784343295,-0.00408137589693,0.00423033768311],[0.0000388826192648,0.0013435970759,-0.00127952801995,-0.00141695560887,0.00420194445178,-0.0000812314174254,0.000681716017425,-0.00236624153331,-0.00888206530362,0.0250811502337,-0.0129664493725,0.00566185079515,-0.00254959147424],[-0.0000980113109108,-0.00148319010623,-0.000194415624719,0.00204569241032,-0.00232296297327,0.00150839996058,-0.000940105877817,-0.000957613054197,0.00325784343295,-0.0129664493725,0.0256287325174,-0.00971181597561,-0.00117534957826],[-0.000017156742615,0.00203531747684,-0.00029584261938,-0.0025896972511,0.0030645316001,-0.0013916620519,-0.00136362959165,0.00445279106498,-0.00408137589693,0.00566185079515,-0.00971181597561,0.0252398755401,-0.00809052120894],[0.000105425773654,-0.00135145091917,0.000655631010886,0.00242536026053,-0.00299941352569,-0.000866123649757,0.00188929599244,-0.00208582053892,0.00423033768311,-0.00254959147424,-0.00117534957826,-0.00809052120894,0.0201219134033]],"mean":[-24.852273941,91.905418396,-107.702690125,6.74412631989,-6.36415290833,-10.9969453812,0.894216358662,-24.3452854156,-2.15577769279,-8.86965465546,-3.81778764725,-0.156157389283,-6.89585399628]},"hfc":{"dmean":16.4443969727,"dmean2":24.448884964,"dvar":295.90322876,"dvar2":635.556945801,"max":272.342437744,"mean":70.6698150635,"median":69.7602996826,"min":1.09683388218e-16,"var":1760.74316406},"melbands":{"dmean":[0.00146608706564,0.000934858224355,0.000476122688269,0.000376585114282,0.000381765741622,0.000297604536172,0.000137145601911,0.000116243580123,0.0000781405396992,0.0000997859169729,0.0000900633822312,0.0000774984873715,0.0000664933832013,0.0000554734142497,0.0000635176911601,0.0000540947803529,0.000027843803764,0.0000341179038514,0.0000404370766773,0.0000235027164308,0.0000117605595733,0.0000108396443466,0.00000890155479283,0.00000880027891981,0.00000820996137918,0.00000786256350693,0.00000581748145123,0.0000046895847845,0.00000348141816175,0.00000276977220892,0.00000212035388358,0.00000153542237058,0.0000012193307839,9.25304107113e-7,5.81378856168e-7,3.12578464445e-7,1.64968071203e-7,7.89423211245e-8,3.35048468969e-8,1.52900039296e-8],"dmean2":[0.00238587846979,0.00157038052566,0.000813714868855,0.00062480563065,0.000595188234001,0.000465922988951,0.000213721432374,0.000184119024198,0.000128293395392,0.000159877687111,0.000144740901305,0.000128013125504,0.000109009873995,0.000091430854809,0.000105616738438,0.0000904784246814,0.0000454190922028,0.0000559646323381,0.0000660115256323,0.0000383228361898,0.0000188858393813,0.0000175397690327,0.0000140842430483,0.0000137810884553,0.0000124097859953,0.0000119072346934,0.00000874035231391,0.00000715350415703,0.00000519169088875,0.00000404348156735,0.00000311847270495,0.00000227273721976,0.00000180841743713,0.00000137425661251,8.6843488134e-7,4.68090377126e-7,2.46746168386e-7,1.18574924102e-7,5.21870155978e-8,2.54007570533e-8],"dvar":[0.00000557290195502,0.00000156894816428,5.4195265875e-7,4.18831660909e-7,0.00000110746077553,7.0078834824e-7,1.43090019833e-7,1.08125121301e-7,5.03108523731e-8,9.22281131466e-8,7.62068026461e-8,2.40612685332e-8,6.31950598518e-8,8.16144485327e-9,7.73279396071e-9,9.85607684356e-9,1.8551187253e-9,2.80387313367e-9,5.08085618023e-9,2.05288963606e-9,4.81646222905e-10,3.84954762511e-10,2.79681777737e-10,3.5893793493e-10,4.50854936718e-10,3.99619892733e-10,1.96130098273e-10,1.48993192783e-10,8.27999960262e-11,5.12171728639e-11,3.40154848733e-11,1.41880916738e-11,8.92237152217e-12,5.9868433995e-12,2.70606432227e-12,8.10356610374e-13,2.15024639804e-13,4.08599918494e-14,5.35045090034e-15,7.9473480375e-16],"dvar2":[0.0000140330630529,0.00000418857507611,0.00000150444373048,0.00000107774667413,0.00000256230282503,0.00000163903689554,3.31966759859e-7,2.5915502988e-7,1.29278433292e-7,2.36092830619e-7,1.97384594003e-7,6.07821419862e-8,1.62488248634e-7,2.09294039877e-8,2.11263557759e-8,2.59006807113e-8,4.84689577362e-9,7.45665573731e-9,1.32532607111e-8,5.63895641292e-9,1.18545151473e-9,9.98688687304e-10,6.71441346967e-10,8.50600756497e-10,9.47944944762e-10,8.48879244675e-10,4.12115036541e-10,3.4635566637e-10,1.81958795253e-10,1.0358761765e-10,7.28951690676e-11,3.11623574167e-11,1.88723758843e-11,1.29984434674e-11,5.95350071325e-12,1.83668618509e-12,4.61634148876e-13,8.60620101117e-14,1.19763131907e-14,1.92620861447e-15],"max":[0.0321809761226,0.0184348803014,0.0111620500684,0.0147798480466,0.0272074248642,0.0185220111161,0.0108578205109,0.00775911752135,0.0053833653219,0.00789259281009,0.00641735596582,0.00365047180094,0.00777531648055,0.00295596965589,0.00193625281099,0.00285022356547,0.000809572753496,0.000953285256401,0.00151443073992,0.00102213595528,0.000838834326714,0.000418971467298,0.000296413782053,0.000502949173097,0.000692538742442,0.000580467109103,0.000420891825343,0.000321126979543,0.000235512037762,0.000174856570084,0.000162996715517,0.0000758207534091,0.0000351453054463,0.0000342685452779,0.0000243146532739,0.0000153878154379,0.000010389817362,0.00000356428517989,0.00000114217198188,5.00058035868e-7],"mean":[0.0019907890819,0.00146398565266,0.000693959183991,0.000509485311341,0.000534428982064,0.00040023229667,0.000204253636184,0.000168905491591,0.000108166721475,0.000141221564263,0.00012935239647,0.000117751726066,0.000107956737338,0.000095338698884,0.000113708556455,0.0000892411408131,0.000050056110922,0.0000618366175331,0.000076754600741,0.0000452772510471,0.0000213480161619,0.000019019093088,0.0000151356534843,0.0000144865171023,0.0000132765999297,0.0000123554236779,0.00000914649353945,0.0000070082764978,0.00000505953539687,0.00000408933283325,0.00000302890543935,0.00000217437377614,0.0000017007258748,0.00000121016842058,6.89888338457e-7,3.61294894446e-7,1.92290812606e-7,9.54703978095e-8,3.86868634905e-8,1.48766972075e-8],"median":[0.00109077198431,0.000893525779247,0.000398875039537,0.000224981165957,0.000131978958962,0.000100564589957,0.0000608068294241,0.0000388288754039,0.0000264409536612,0.0000271106928267,0.0000410983047914,0.0000642863087705,0.0000409663516621,0.0000625569664408,0.000084169281763,0.0000584151639487,0.0000297165934171,0.0000364435036317,0.0000399669406761,0.0000221123027586,0.0000118047855722,0.00000989356067294,0.00000735593857826,0.00000647668503007,0.00000487712122776,0.00000424890095019,0.00000281437633021,0.00000190934451894,0.0000012406183032,9.3008031854e-7,6.77879143041e-7,5.7953900523e-7,4.46213960004e-7,2.57756425981e-7,1.33870699415e-7,7.73818484845e-8,4.15664942466e-8,2.48242972845e-8,1.30544410837e-8,4.88638374208e-9],"min":[1.11168093144e-24,1.31014374127e-24,1.57438236501e-24,2.06401965142e-24,2.84015484973e-24,3.48442938394e-24,3.09865293267e-24,3.10998077806e-24,2.69785104774e-24,3.03269094757e-24,1.56842311252e-24,3.88528550305e-24,2.22641850167e-24,2.61053183693e-24,2.69666105107e-24,1.56450257243e-24,3.33335975957e-24,3.9727760939e-24,3.8930782655e-24,3.1369207724e-24,3.67336117631e-24,4.44619873882e-24,4.8491721606e-24,3.98853477377e-24,5.12238190778e-24,4.34452285118e-24,4.36286505051e-24,4.28059908544e-24,5.49177470412e-24,5.70121175243e-24,4.81079802187e-24,5.05018496331e-24,5.73401495545e-24,5.20873417234e-24,4.80427256446e-24,5.48290041337e-24,6.42123981051e-24,5.20673086007e-24,6.24599475484e-24,6.21181459511e-24],"var":[0.00000691492914484,0.00000285868850369,7.61720400533e-7,6.16538159193e-7,0.00000210260191125,0.00000109418022021,3.10742251486e-7,2.27839805689e-7,8.7667110904e-8,1.7180229861e-7,1.17095439123e-7,3.84260907538e-8,1.48455953308e-7,1.45611309676e-8,1.41855771574e-8,1.45740886026e-8,3.97298238752e-9,5.88308823879e-9,1.21837731015e-8,5.48407363965e-9,8.8859791747e-10,6.52143394841e-10,5.01193586633e-10,6.3462829436e-10,9.51518752679e-10,8.53706993986e-10,4.06001010589e-10,2.27073637671e-10,1.22928153767e-10,8.87855691745e-11,5.44186154472e-11,2.0912115789e-11,1.23347365308e-11,7.64087924876e-12,3.14544289053e-12,8.78830645409e-13,2.51928306775e-13,5.18066865178e-14,6.41481259658e-15,8.43211716931e-16]},"melbands_crest":{"dmean":4.19981861115,"dmean2":6.96680450439,"dvar":13.3168544769,"dvar2":33.7215690613,"max":35.9990882874,"mean":14.6510381699,"median":13.9031791687,"min":1.63901233673,"var":33.5855407715},"melbands_flatness_db":{"dmean":0.0318012163043,"dmean2":0.0479576736689,"dvar":0.00075052579632,"dvar2":0.00165728619322,"max":0.530856132507,"mean":0.213930115104,"median":0.210712879896,"min":0.00230683456175,"var":0.00399893335998},"melbands_kurtosis":{"dmean":6.52539205551,"dmean2":10.4410953522,"dvar":315.247650146,"dvar2":781.776489258,"max":646.388366699,"mean":9.14315319061,"median":3.74426579475,"min":-1.86659276485,"var":594.472351074},"melbands_skewness":{"dmean":0.806992173195,"dmean2":1.27093732357,"dvar":0.739264249802,"dvar2":1.71222782135,"max":18.8852176666,"mean":2.21849274635,"median":1.96697354317,"min":-2.40431046486,"var":2.75436925888},"melbands_spread":{"dmean":8.9570016861,"dmean2":14.0369462967,"dvar":115.991973877,"dvar2":240.943130493,"max":181.941009521,"mean":28.8519210815,"median":24.764995575,"min":0.406635403633,"var":434.255706787},"mfcc":{"cov":[[11597.0566406,1384.39697266,-1111.6036377,611.363708496,-389.02746582,344.88583374,-226.936569214,155.675735474,-252.948455811,139.821411133,-165.232162476,63.3474807739,-46.2355308533],[1384.39697266,1791.53405762,-259.094299316,-326.751525879,163.99005127,-67.5763702393,5.80283498764,-71.7994613647,40.7883262634,-41.7733306885,66.3191757202,-64.6713485718,36.9384155273],[-1111.6036377,-259.094299316,541.957214355,-27.275850296,10.8238363266,-28.5096702576,46.7785758972,-6.73977994919,5.55005979538,19.7320327759,23.4479446411,23.9621582031,-14.8916759491],[611.363708496,-326.751525879,-27.275850296,481.952301025,-108.302207947,91.6661529541,16.826505661,60.176776886,-40.6214447021,32.2979774475,-19.5067901611,5.93946456909,-17.0614414215],[-389.02746582,163.99005127,10.8238363266,-108.302207947,235.299331665,6.33292341232,45.8013763428,4.11520433426,48.2460098267,-33.1262664795,5.03565168381,-16.6694221497,18.6482067108],[344.88583374,-67.5763702393,-28.5096702576,91.6661529541,6.33292341232,231.150009155,44.749874115,68.1143798828,1.96202600002,-20.0143241882,-50.3805007935,31.1896705627,13.216091156],[-226.936569214,5.80283498764,46.7785758972,16.826505661,45.8013763428,44.749874115,128.266448975,30.5558280945,22.1847496033,-23.4068603516,-7.02631759644,-3.20728206635,14.1946706772],[155.675735474,-71.7994613647,-6.73977994919,60.176776886,4.11520433426,68.1143798828,30.5558280945,100.082519531,13.4434280396,4.44775533676,-19.0595760345,4.79459571838,-5.88880395889],[-252.948455811,40.7883262634,5.55005979538,-40.6214447021,48.2460098267,1.96202600002,22.1847496033,13.4434280396,83.3274917603,7.14256668091,18.7679157257,-2.75562357903,9.25863838196],[139.821411133,-41.7733306885,19.7320327759,32.2979774475,-33.1262664795,-20.0143241882,-23.4068603516,4.44775533676,7.14256668091,90.7722167969,35.0001983643,16.869020462,-5.35968494415],[-165.232162476,66.3191757202,23.4479446411,-19.5067901611,5.03565168381,-50.3805007935,-7.02631759644,-19.0595760345,18.7679157257,35.0001983643,82.5883102417,11.2909917831,4.69229030609],[63.3474807739,-64.6713485718,23.9621582031,5.93946456909,-16.6694221497,31.1896705627,-3.20728206635,4.79459571838,-2.75562357903,16.869020462,11.2909917831,76.7455825806,17.2162799835],[-46.2355308533,36.9384155273,-14.8916759491,-17.0614414215,18.6482067108,13.216091156,14.1946706772,-5.88880395889,9.25863838196,-5.35968494415,4.69229030609,17.2162799835,54.3480148315]],"icov":[[0.000181530136615,-0.000216475440538,0.00024304643739,-0.000205068135983,0.000145469530253,-0.000114480593766,0.000166052384884,-0.00020019695512,0.000356484990334,-0.00040816667024,0.000431223947089,-0.000294125668006,0.000171604886418],[-0.000216475440538,0.00104735570494,0.000120204167615,0.000714905385394,-0.000439074676251,-0.0000677385978634,-0.000369940331439,0.000510731479153,-0.000215006250073,0.000572082644794,-0.00137596542481,0.00101871963125,-0.000430419953773],[0.00024304643739,0.000120204167615,0.00261751725338,0.000103099177068,-0.0000134126466946,0.0000975746588665,-0.00108304538298,0.000158051901963,0.000730961852241,-0.000978506053798,-0.00000236918663177,-0.00106603081804,0.00127239699941],[-0.000205068135983,0.000714905385394,0.000103099177068,0.00334978592582,0.000769670587033,-0.000956108735409,-0.0009591759881,-0.000674573821016,0.000970711407717,-0.000557825027499,-0.00126338819973,0.00137743458617,0.0000176830744749],[0.000145469530253,-0.000439074676251,-0.0000134126466946,0.000769670587033,0.00609868718311,-0.00042295944877,-0.00102830224205,-0.000540894572623,-0.0020784761291,0.0011964191217,-0.000108983738755,0.000821917725261,-0.000898554979358],[-0.000114480593766,-0.0000677385978634,0.0000975746588665,-0.000956108735409,-0.00042295944877,0.00743716629222,-0.0012743776897,-0.00309612462297,-0.000779704831075,0.00104107765947,0.0035753750708,-0.00345887546428,-0.000968301552348],[0.000166052384884,-0.000369940331439,-0.00108304538298,-0.0009591759881,-0.00102830224205,-0.0012743776897,0.011033651419,-0.00265534594655,-0.0014113499783,0.00240121688694,-0.000359380152076,0.00091921526473,-0.00249485718086],[-0.00020019695512,0.000510731479153,0.000158051901963,-0.000674573821016,-0.000540894572623,-0.00309612462297,-0.00265534594655,0.0149813909084,-0.00303515139967,-0.0018077181885,0.00164444674738,0.0001272908994,0.0027258975897],[0.000356484990334,-0.000215006250073,0.000730961852241,0.000970711407717,-0.0020784761291,-0.000779704831075,-0.0014113499783,-0.00303515139967,0.0167993884534,-0.00276372255757,-0.00299155642278,0.00117095722817,-0.00135015847627],[-0.00040816667024,0.000572082644794,-0.000978506053798,-0.000557825027499,0.0011964191217,0.00104107765947,0.00240121688694,-0.0018077181885,-0.00276372255757,0.017034355551,-0.00717391818762,-0.00171554833651,0.000647534267046],[0.000431223947089,-0.00137596542481,-0.00000236918663177,-0.00126338819973,-0.000108983738755,0.0035753750708,-0.000359380152076,0.00164444674738,-0.00299155642278,-0.00717391818762,0.020666571334,-0.00453760009259,-0.00019994917966],[-0.000294125668006,0.00101871963125,-0.00106603081804,0.00137743458617,0.000821917725261,-0.00345887546428,0.00091921526473,0.0001272908994,0.00117095722817,-0.00171554833651,-0.00453760009259,0.0184717178345,-0.0062978300266],[0.000171604886418,-0.000430419953773,0.00127239699941,0.0000176830744749,-0.000898554979358,-0.000968301552348,-0.00249485718086,0.0027258975897,-0.00135015847627,0.000647534267046,-0.00019994917966,-0.0062978300266,0.0229895655066]],"mean":[-674.257202148,147.816604614,-32.0081367493,32.29454422,2.10281634331,27.2288227081,1.45712459087,8.44101428986,-3.83836054802,3.41638040543,-1.64854228497,0.0745261162519,1.165558815]},"pitch_salience":{"dmean":0.0791676342487,"dmean2":0.129641473293,"dvar":0.00489768944681,"dvar2":0.0124844424427,"max":0.86211925745,"mean":0.583423554897,"median":0.594975948334,"min":0.0726841986179,"var":0.0127872200683},"silence_rate_20dB":{"dmean":0,"dmean2":0,"dvar":0,"dvar2":0,"max":1,"mean":1,"median":1,"min":1,"var":0},"silence_rate_30dB":{"dmean":0.00222314847633,"dmean2":0.00444691488519,"dvar":0.00221808906645,"dvar2":0.00581643357873,"max":1,"mean":0.998193919659,"median":1,"min":0,"var":0.00180257845204},"silence_rate_60dB":{"dmean":0.0136167844757,"dmean2":0.0272373538464,"dvar":0.013430994004,"dvar2":0.0289989877492,"max":1,"mean":0.0803000852466,"median":0,"min":0,"var":0.073854342103},"spectral_centroid":{"dmean":274.801422119,"dmean2":407.539581299,"dvar":106966.6875,"dvar2":189919.625,"max":11607.1601562,"mean":1523.04333496,"median":1350.64599609,"min":183.127227783,"var":1117344.875},"spectral_complexity":{"dmean":4.55050706863,"dmean2":6.41495275497,"dvar":24.8298530579,"dvar2":39.5783500671,"max":63,"mean":23.0639057159,"median":23,"min":0,"var":152.271850586},"spectral_contrast_coeffs":{"dmean":[0.0548001565039,0.0483162291348,0.0377916060388,0.0275616385043,0.0216394290328,0.0394396595657],"dmean2":[0.0912648886442,0.0798421725631,0.0630359351635,0.0460343062878,0.0349914468825,0.0594872124493],"dvar":[0.00188757048454,0.00146871269681,0.0009172600694,0.000467494654004,0.00033992913086,0.00125489255879],"dvar2":[0.00506794033572,0.00389712234028,0.00251459050924,0.00130270584486,0.000810927012935,0.00270162778907],"max":[-0.425148129463,-0.424952417612,-0.542496085167,-0.614399909973,-0.636736273766,-0.482623100281],"mean":[-0.697922706604,-0.78479385376,-0.804882824421,-0.807531297207,-0.809815585613,-0.713029682636],"median":[-0.703520059586,-0.79249215126,-0.811152040958,-0.808768987656,-0.811864972115,-0.708584666252],"min":[-0.97688639164,-0.981559574604,-0.975947737694,-0.969446122646,-0.965647280216,-0.96358525753],"var":[0.0065699419938,0.00459846155718,0.00323877041228,0.00178285012953,0.00167803640943,0.00626055290923]},"spectral_contrast_valleys":{"dmean":[0.434494942427,0.417446941137,0.341131955385,0.279509365559,0.312205642462,0.545672059059],"dmean2":[0.689455986023,0.648901283741,0.52316737175,0.417765706778,0.4106759727,0.825746715069],"dvar":[0.142539024353,0.134623646736,0.100200690329,0.0849180668592,0.130686655641,0.226226225495],"dvar2":[0.316034674644,0.285113215446,0.190370857716,0.143309086561,0.207867532969,0.520392656326],"max":[-5.136302948,-4.61386728287,-5.28227329254,-5.56092643738,-5.35967111588,-9.01163768768],"mean":[-7.24107170105,-7.02872753143,-7.20950222015,-7.25701904297,-7.7270488739,-11.4299697876],"median":[-6.82450485229,-6.71791934967,-6.76882553101,-6.79607868195,-7.35667896271,-11.1568870544],"min":[-28.2517490387,-27.8270130157,-27.8039455414,-27.7144031525,-27.5206928253,-27.411031723],"var":[4.53050088882,4.58219480515,4.49720621109,4.51538848877,4.41353750229,3.18464446068]},"spectral_decrease":{"dmean":2.49896814353e-9,"dmean2":3.8019187798e-9,"dvar":9.33619732235e-18,"dvar2":2.15297312521e-17,"max":2.16797621522e-10,"mean":-5.79983083782e-9,"median":-4.61848959077e-9,"min":-3.77442965771e-8,"var":2.44732187203e-17},"spectral_energy":{"dmean":0.0101342378184,"dmean2":0.015234244056,"dvar":0.000150900072185,"dvar2":0.000342411920428,"max":0.155941426754,"mean":0.028299909085,"median":0.0242444612086,"min":1.00958096543e-20,"var":0.000438725197455},"spectral_energyband_high":{"dmean":0.000343789724866,"dmean2":0.000477381341625,"dvar":5.19103991792e-7,"dvar2":9.92544642031e-7,"max":0.011834865436,"mean":0.000661005964503,"median":0.00029110343894,"min":6.97381514939e-21,"var":0.00000103671129636},"spectral_energyband_low":{"dmean":0.00625572679564,"dmean2":0.0101541886106,"dvar":0.0000752388732508,"dvar2":0.000189366546692,"max":0.118119120598,"mean":0.0102735841647,"median":0.00726351607591,"min":1.04666364672e-23,"var":0.000114521491923},"spectral_energyband_middle_high":{"dmean":0.00213020155206,"dmean2":0.00322696194053,"dvar":0.00000877650199982,"dvar2":0.0000207031880564,"max":0.0677842199802,"mean":0.00639930972829,"median":0.00498524494469,"min":1.20029026273e-21,"var":0.0000367769280274},"spectral_energyband_middle_low":{"dmean":0.00452367402613,"dmean2":0.00693935668096,"dvar":0.0000559155341762,"dvar2":0.000130738146254,"max":0.133972764015,"mean":0.00888238660991,"median":0.00427769590169,"min":1.45589442364e-22,"var":0.000148551000166},"spectral_entropy":{"dmean":0.135498657823,"dmean2":0.195962399244,"dvar":0.0186611432582,"dvar2":0.035855896771,"max":9.8184261322,"mean":7.65398693085,"median":7.67971420288,"min":6.14017820358,"var":0.125817686319},"spectral_flux":{"dmean":0.0217583943158,"dmean2":0.0335869714618,"dvar":0.000529035751242,"dvar2":0.00116599712055,"max":0.287707865238,"mean":0.0938684046268,"median":0.0916642248631,"min":6.47708761625e-11,"var":0.0019934810698},"spectral_kurtosis":{"dmean":4.11013889313,"dmean2":5.93444919586,"dvar":26.6398658752,"dvar2":57.4041290283,"max":94.109664917,"mean":16.8718605042,"median":14.4494428635,"min":-1.25720202923,"var":97.388343811},"spectral_rms":{"dmean":0.000885275134351,"dmean2":0.00129151891451,"dvar":8.15707039692e-7,"dvar2":0.0000016902556581,"max":0.0123344222084,"mean":0.00481504108757,"median":0.00486344890669,"min":3.1384025153e-12,"var":0.00000442497139375},"spectral_rolloff":{"dmean":3618.67871094,"dmean2":6811.24121094,"dvar":42095004,"dvar2":99290016,"max":22006.9335938,"mean":6908.18359375,"median":2260.98632812,"min":21.533203125,"var":67605224},"spectral_skewness":{"dmean":0.35795506835,"dmean2":0.488823503256,"dvar":0.162235170603,"dvar2":0.303974717855,"max":7.63434696198,"mean":2.51448845863,"median":2.39267730713,"min":-0.069103397429,"var":0.897643327713},"spectral_spread":{"dmean":420193.0625,"dmean2":624590.3125,"dvar":404119846912,"dvar2":776311537664,"max":42992128,"mean":3806186.5,"median":3454260.25,"min":1377374.625,"var":10816975798300},"spectral_strongpeak":{"dmean":0.824880242348,"dmean2":1.5048545599,"dvar":12.2823801041,"dvar2":34.0734863281,"max":74.1343078613,"mean":0.834289014339,"median":0.221393674612,"min":0,"var":9.56373405457},"zerocrossingrate":{"dmean":0.0302042346448,"dmean2":0.0368782617152,"dvar":0.000678317795973,"dvar2":0.0010157629149,"max":0.52880859375,"mean":0.208848297596,"median":0.19873046875,"min":0,"var":0.00604272494093}},"metadata":{"audio_properties":{"analysis_sample_rate":44100,"bit_rate":260593,"codec":"mp3","downmix":"mix","equal_loudness":0,"length":167.106369019,"lossless":false,"md5_encoded":"230e20b319e7ebf381ff1134b7ae5801","replay_gain":-6.13723945618,"sample_rate":44100},"tags":{"acoustid_id":["1955c55f-6f57-4fcf-b13a-250bcc8d4340"],"album":["Dressed to Kill"],"albumartist":["KISS"],"albumartistsort":["KISS"],"artist":["KISS"],"artistsort":["KISS"],"catalognumber":["NBLP-7016"],"date":["1975"],"discnumber":["1/1"],"encodedby":["Exact Audio Copy   (Secure mode)"],"file_name":"02.) Two Timer.mp3","genre":["Rock"],"label":["Casablanca Records"],"media":["Vinyl"],"musicbrainz album release country":["US"],"musicbrainz album status":["official"],"musicbrainz album type":["album"],"musicbrainz_albumartistid":["e1f1e33e-2e4c-4d43-b91b-7064068d3283"],"musicbrainz_albumid":["1f9edeae-0f7e-488d-9711-a5adab6c5e20"],"musicbrainz_artistid":["e1f1e33e-2e4c-4d43-b91b-7064068d3283"],"musicbrainz_recordingid":["1aebfcb8-0a27-4482-90bd-25992d9d6d98"],"musicbrainz_releasegroupid":["17ca8b4b-c72b-352a-8258-1d6670312fdb"],"originaldate":["1975"],"script":["Latn"],"title":["Two Timer"],"tracknumber":["2/10"]},"version":{"essentia":"2.1-beta1","essentia_build_sha":"ca57ba49d9b1854bd80e60cf9ccf267278fb7d6b","essentia_git_sha":"v2.1_beta1-28-g21ef5f4-dirty","extractor":"music 1.0"}},"rhythm":{"beats_count":326,"beats_loudness":{"dmean":0.0188341178,"dmean2":0.0338604524732,"dvar":0.000249856879236,"dvar2":0.000752344669309,"max":0.130626574159,"mean":0.0402850173414,"median":0.0391080155969,"min":0,"var":0.000391824753024},"beats_loudness_band_ratio":{"dmean":[0.229930445552,0.158710390329,0.096643820405,0.0655439570546,0.0593024343252,0.0796118304133],"dmean2":[0.387629061937,0.284130722284,0.178603813052,0.111880868673,0.102897420526,0.141144499183],"dvar":[0.0252940747887,0.012124709785,0.0191213805228,0.003