{"lowlevel":{"average_loudness":0.955991208553,"barkbands":{"dmean":[0.0000471473867947,0.00839346740395,0.00653217360377,0.002385442378,0.0019146844279,0.000468679179903,0.000408439547755,0.000220176414587,0.000288822076982,0.000256842846284,0.00037746981252,0.000473607302411,0.000437129259808,0.00051378417993,0.000506458512973,0.000515043211635,0.000402170611778,0.00024357282382,0.000197076806217,0.000115620925499,0.0000762845520512,0.0000530631405127,0.0000466702222184,0.0000409505337302,0.0000204535317607,0.00000802813792689,4.78231129364e-7],"dmean2":[0.0000769136095187,0.0149378729984,0.0107729993761,0.00400526169688,0.00336794485338,0.000765326898545,0.00067107292125,0.000364373263437,0.000470084225526,0.000427932973253,0.000635208270978,0.000787496450357,0.000727056292817,0.000844051246531,0.000784612377174,0.000841359549668,0.000660998281091,0.00040303854621,0.000323136948282,0.000188998776139,0.000124295838759,0.0000862424421939,0.000074626863352,0.0000623377563898,0.0000317014237226,0.0000125758706417,7.76157207838e-7],"dvar":[5.75461767127e-9,0.000235992018133,0.0000525649484189,0.00000811197605799,0.0000215241416299,5.55453425477e-7,3.56228639475e-7,1.76115563022e-7,2.7346504794e-7,3.41020466976e-7,4.59525921315e-7,8.95100583875e-7,0.00000117657566534,0.00000200342901735,0.0000019874132704,0.00000104796640699,5.70807117128e-7,2.27019924637e-7,1.03251785788e-7,3.71871955451e-8,1.65356137671e-8,8.69513527846e-9,9.57071133456e-9,1.23029719745e-8,7.29039184577e-9,2.98078850491e-9,9.4054902755e-12],"dvar2":[1.43735521263e-8,0.00066306948429,0.000142549237353,0.000021705571271,0.0000606403809797,0.00000146276317992,9.04217301922e-7,4.19298231691e-7,6.83454175032e-7,8.72958878517e-7,0.00000125473638946,0.00000229636953009,0.0000030980665997,0.00000532256763108,0.00000417906585426,0.00000264664504357,0.00000145971193888,5.64906656564e-7,2.71833357601e-7,9.22588014873e-8,4.14754488531e-8,2.15889155442e-8,2.23627001361e-8,2.69497792971e-8,1.71828453688e-8,7.76248842982e-9,2.34823445411e-11],"max":[0.000808220240287,0.121500790119,0.0693809390068,0.0474629439414,0.0517197325826,0.0105839567259,0.0120032699779,0.0156219527125,0.0161231867969,0.0198915880173,0.0162098035216,0.0216271299869,0.0286080017686,0.0308048706502,0.0360268801451,0.0242181513458,0.014812733978,0.0172105375677,0.00993064139038,0.0063312551938,0.00463822716847,0.0022285154555,0.00248647364788,0.00326581345871,0.00409626262262,0.0032236201223,0.000116653362056],"mean":[0.0000634724201518,0.00923128798604,0.0102736046538,0.00348528870381,0.00227091996931,0.000749950006139,0.000641664606519,0.000313628988806,0.000488782476168,0.000396717630792,0.000603767111897,0.000817242194898,0.000736871093977,0.000850622425787,0.000886703201104,0.00101312226616,0.000817404012196,0.000488098914502,0.000477302877698,0.000269458309049,0.000174857501406,0.000122214769362,0.000107766223664,0.0000837149709696,0.0000375149866159,0.000013309937458,5.88849218275e-7],"median":[0.0000294875862892,0.00524770980701,0.00834786519408,0.00258839200251,0.00128732295707,0.000463982287329,0.000375300500309,0.000171459192643,0.000248177384492,0.000185681914445,0.00031849311199,0.000411061744671,0.000265344802756,0.000313690921757,0.000324510067003,0.000547199859284,0.000479224312585,0.000279413157841,0.000227925920626,0.00012813162175,0.0000836825638544,0.0000658406643197,0.0000398730189772,0.0000334297074005,0.0000115642669698,0.00000346676506524,9.39966966484e-8],"min":[2.89626684146e-23,3.00691373421e-23,3.86848426461e-23,8.91406314797e-25,7.59613098299e-23,2.88068021215e-23,5.55572710551e-23,3.16439561444e-23,8.7473706067e-23,9.57810109332e-23,4.56973995749e-23,8.73001061807e-23,1.07118627148e-22,9.40388778884e-23,1.19158045579e-22,1.05384130277e-22,1.66207931398e-22,2.37465156365e-22,2.49419844824e-22,3.78799116976e-22,3.84298903745e-22,4.11851328675e-22,4.87990315225e-22,7.88603673457e-22,1.0390858678e-21,1.32185723708e-21,2.08682017547e-21],"var":[8.88525253373e-9,0.000178276764927,0.0000737684968044,0.000010861969713,0.0000157226440933,8.25458755571e-7,6.92216303833e-7,2.36753194827e-7,5.42011093785e-7,5.78424419473e-7,7.74051045482e-7,0.00000209348308999,0.00000212017380363,0.00000333621960635,0.00000469964106742,0.00000245404248744,0.00000130370233364,4.62712534954e-7,3.45214232311e-7,1.20077530141e-7,4.98652568126e-8,2.35390356096e-8,2.52142804413e-8,2.45145717059e-8,1.21068230996e-8,3.21691739913e-9,1.18994579815e-11]},"barkbands_crest":{"dmean":3.10395145416,"dmean2":5.17053031921,"dvar":6.88943767548,"dvar2":18.8971691132,"max":26.7378978729,"mean":10.7065496445,"median":10.3330888748,"min":2.40005207062,"var":16.8010940552},"barkbands_flatness_db":{"dmean":0.0315806046128,"dmean2":0.0491977892816,"dvar":0.000982800731435,"dvar2":0.00233166199178,"max":0.449244201183,"mean":0.154460132122,"median":0.136392503977,"min":0.0288282427937,"var":0.00462566083297},"barkbands_kurtosis":{"dmean":5.2546544075,"dmean2":8.54060935974,"dvar":73.5426864624,"dvar2":184.642364502,"max":292.752746582,"mean":6.51541614532,"median":1.77527976036,"min":-1.89382231236,"var":139.989151001},"barkbands_skewness":{"dmean":0.811219036579,"dmean2":1.30998301506,"dvar":0.622667253017,"dvar2":1.64610695839,"max":10.2024106979,"mean":1.91278362274,"median":1.66019022465,"min":-2.87070918083,"var":2.31501865387},"barkbands_spread":{"dmean":6.31143188477,"dmean2":10.1177845001,"dvar":37.7802810669,"dvar2":91.9962387085,"max":134.421524048,"mean":23.5349445343,"median":23.4851417542,"min":0.149193108082,"var":226.114852905},"dissonance":{"dmean":0.010787140578,"dmean2":0.0178564991802,"dvar":0.000149762010551,"dvar2":0.000382742233342,"max":0.500000119209,"mean":0.4797308743,"median":0.486034572124,"min":0.178801417351,"var":0.000696940638591},"dynamic_complexity":2.46247029305,"erbbands":{"dmean":[0.14891256392,2.23282980919,7.3723487854,7.00109291077,7.40284585953,5.8166437149,3.87065815926,3.85203695297,5.12259912491,5.94899749756,4.39302301407,6.79206562042,7.30210590363,10.292057991,15.6897764206,18.5983562469,19.2866744995,22.7991867065,23.5222549438,26.8834896088,27.9209213257,19.8402557373,13.4535732269,12.2360181808,7.93708515167,5.15999889374,3.69858169556,2.54546737671,2.0090918541,1.59669685364,1.27750384808,0.979673147202,0.628187656403,0.274362146854,0.13001562655,0.0503533445299,0.0117014227435,0.00157078972552,0.0000741154435673,0.0000178037644218],"dmean2":[0.258879333735,3.98159360886,12.344581604,11.5334415436,12.8244829178,10.3318881989,6.46728515625,6.36903524399,8.47515583038,9.73341846466,7.21248435974,11.1107616425,11.8846149445,17.3443279266,26.1770763397,30.825881958,31.9876918793,37.4493865967,37.5188369751,42.2641525269,45.6952819824,32.4004135132,21.9331436157,20.2537498474,13.0369787216,8.47758197784,6.07957601547,4.15342664719,3.31319570541,2.56230187416,2.01960539818,1.50881540775,0.969287097454,0.423708975315,0.20422282815,0.079757116735,0.0182669721544,0.00249319989234,0.000121254226542,0.0000299936182273],"dvar":[0.067723557353,16.6209373474,86.1726837158,58.1809272766,224.683197021,192.962341309,40.3400154114,48.9748306274,66.1137466431,94.2583770752,65.840927124,157.494827271,212.765167236,533.644775391,758.379577637,1459.80725098,2356.86157227,3471.60131836,5474.10302734,4591.58837891,3156.81982422,1177.07287598,764.504821777,476.036651611,153.179107666,66.1167907715,38.5576972961,18.6076011658,12.4732065201,9.94657707214,7.79617118835,7.5040345192,2.7937643528,0.888189315796,0.459038823843,0.106135226786,0.00542242545635,0.0000972138586803,1.95065709363e-7,5.71209024525e-10],"dvar2":[0.185904785991,47.2056694031,240.44480896,153.972885132,633.863220215,551.768615723,108.586608887,128.880981445,171.024337769,245.459518433,162.218490601,384.124511719,524.109985352,1461.30969238,2011.17871094,3684.95629883,6134.48974609,9274.78613281,13336.7998047,9909.55957031,8069.24511719,3020.69433594,1857.13647461,1243.14196777,405.715209961,171.309005737,98.7149810791,47.2676849365,31.4045257568,24.5110874176,17.8734722137,16.8100280762,6.24767923355,2.06693720818,1.10723137856,0.27473372221,0.0138684082776,0.0002507729223,4.79775451367e-7,1.51898049694e-9],"max":[2.46338176727,32.6635131836,91.6283950806,103.913154602,170.652862549,160.422012329,97.6910400391,118.99055481,176.801452637,321.708526611,306.800170898,402.916046143,387.132995605,735.396850586,842.351867676,1022.42474365,1221.92993164,1511.890625,1811.97460938,2533.43334961,1400.71594238,797.027038574,1087.35754395,584.181030273,313.481567383,162.6978302,170.887817383,137.752761841,85.6314315796,70.7728347778,74.3329925537,93.7137145996,50.0106391907,39.0971069336,30.60505867,19.1489925385,3.95453429222,0.463145673275,0.0168307982385,0.000506878132001],"mean":[0.16480486095,2.53436660767,11.2705125809,12.1273326874,9.71415710449,6.7567076683,5.80620718002,5.87283086777,8.06468296051,9.30104351044,7.03943347931,11.326833725,12.4307518005,16.8552188873,27.5277404785,33.493850708,35.1452598572,41.5423355103,42.1043128967,51.687046051,58.0997085571,44.2831077576,29.2580318451,27.6530056,19.6719417572,12.3816347122,8.50672626495,5.97072982788,4.43175506592,3.77432799339,2.8884267807,2.00854754448,1.21931099892,0.509000778198,0.223400682211,0.0842037722468,0.0190559998155,0.00241305842064,0.000109468288429,0.0000446890117018],"median":[0.0830143690109,1.54191374779,8.85361194611,10.1388607025,6.40342140198,3.60277104378,3.48070144653,3.25212931633,4.32243013382,5.72525310516,4.03096723557,5.82590579987,6.08891868591,9.17379379272,16.2762928009,17.0625324249,13.1648397446,16.7785263062,16.6247291565,22.8987045288,32.7054595947,28.4355430603,17.6330795288,13.2954063416,10.2735424042,5.97853755951,3.96716475487,2.82024335861,2.44520139694,1.66114115715,1.13317418098,0.801645517349,0.460438013077,0.161375552416,0.0630547404289,0.0230988785625,0.00478089787066,0.000551279750653,0.0000374420415028,0.0000407398147217],"min":[1.73402077797e-21,4.48151350142e-21,3.80785260223e-20,2.300141614e-20,5.63659997945e-20,2.7687875432e-19,3.00106658005e-19,2.63877594741e-19,5.68385422291e-19,1.04107008021e-18,7.07406307421e-19,1.82149058633e-18,3.44005226171e-18,1.77048290745e-18,2.36395666602e-18,3.25837341389e-18,4.3700257818e-18,6.46283574495e-18,3.76961962931e-18,4.74915574376e-18,6.5995219645e-18,9.28238426041e-18,1.3062829616e-17,1.20321600912e-17,1.72579687368e-17,1.53458745764e-17,1.69055964133e-17,1.30875416368e-17,1.15699464542e-17,1.77424285692e-17,1.42464936397e-17,1.43630549685e-17,1.53861748159e-17,9.73467669319e-18,8.54798436127e-18,4.63892234661e-18,2.69706664139e-18,1.16103081118e-18,2.68422021629e-19,3.22025483746e-20],"var":[0.0588798932731,12.2359476089,99.4973602295,83.9496688843,177.902038574,140.527755737,51.806552887,65.062538147,131.50302124,135.608947754,101.677864075,298.225006104,508.42868042,729.032165527,1333.87426758,3618.25683594,4656.85400391,6549.54736328,10221.1591797,11415.1044922,7706.15332031,3218.0246582,1635.24780273,1309.30688477,511.746063232,220.069778442,117.69354248,56.6909103394,30.6132736206,27.044588089,19.211523056,13.6328077316,5.52620410919,1.64858567715,0.639655292034,0.118190981448,0.00622458243743,0.000121851328004,2.43650845277e-7,7.82842790592e-10]},"erbbands_crest":{"dmean":2.12798166275,"dmean2":3.5452940464,"dvar":4.02878713608,"dvar2":10.4214897156,"max":27.4625396729,"mean":7.24175167084,"median":6.36845636368,"min":2.32087159157,"var":11.4001865387},"erbbands_flatness_db":{"dmean":0.0158087033778,"dmean2":0.0234665125608,"dvar":0.000264636822976,"dvar2":0.000538296881132,"max":0.448500841856,"mean":0.157503575087,"median":0.14899289608,"min":0.0254441015422,"var":0.00196154112928},"erbbands_kurtosis":{"dmean":0.989269852638,"dmean2":1.57121479511,"dvar":6.51071882248,"dvar2":15.5091180801,"max":111.039215088,"mean":0.775777995586,"median":-0.029334474355,"min":-1.78273117542,"var":19.9026622772},"erbbands_skewness":{"dmean":0.33187815547,"dmean2":0.514343380928,"dvar":0.0951254442334,"dvar2":0.223710164428,"max":7.74853181839,"mean":-0.303723722696,"median":-0.391859382391,"min":-2.86912488937,"var":0.616384088993},"erbbands_spread":{"dmean":8.68029022217,"dmean2":13.839802742,"dvar":65.7172470093,"dvar2":163.971511841,"max":138.716293335,"mean":39.2452850342,"median":38.4402389526,"min":0.673872888088,"var":268.754730225},"gfcc":{"cov":[[17679.1992188,-609.282165527,-1511.10144043,1465.5916748,-399.066833496,824.512207031,-705.114440918,289.944152832,-539.483825684,43.3382072449,-350.978546143,162.799301147,-127.248527527],[-609.282165527,1866.61108398,-129.032196045,-135.185699463,383.867950439,-300.229156494,318.927581787,-249.265808105,173.670715332,-190.196487427,160.01701355,-130.627349854,122.995147705],[-1511.10144043,-129.032196045,735.635498047,-131.892654419,-67.9053192139,12.4830513,-42.1963539124,33.4058418274,-28.2241344452,20.1285915375,11.5237836838,51.4587898254,-35.0622138977],[1465.5916748,-135.185699463,-131.892654419,317.038818359,-5.84699964523,64.5995101929,-41.2684173584,8.50722694397,-27.8584156036,-15.6982011795,-17.0161437988,19.1299114227,6.77522182465],[-399.066833496,383.867950439,-67.9053192139,-5.84699964523,277.081604004,-30.099357605,122.030914307,-50.7537078857,55.1275253296,-46.380657196,43.0426673889,-43.5654144287,39.3164901733],[824.512207031,-300.229156494,12.4830513,64.5995101929,-30.099357605,186.273590088,-47.6211547852,64.751914978,-56.8197937012,22.8616924286,-27.1599998474,21.6522846222,-20.3886165619],[-705.114440918,318.927581787,-42.1963539124,-41.2684173584,122.030914307,-47.6211547852,188.465759277,-40.5939941406,56.7475814819,-34.7993659973,37.2759132385,-30.6584720612,30.9566078186],[289.944152832,-249.265808105,33.4058418274,8.50722694397,-50.7537078857,64.751914978,-40.5939941406,113.450614929,-11.5942783356,32.5856208801,-23.6272106171,14.7327003479,-17.8409957886],[-539.483825684,173.670715332,-28.2241344452,-27.8584156036,55.1275253296,-56.8197937012,56.7475814819,-11.5942783356,103.72467041,-5.95920181274,30.5630569458,-29.5829086304,14.5883598328],[43.3382072449,-190.196487427,20.1285915375,-15.6982011795,-46.380657196,22.8616924286,-34.7993659973,32.5856208801,-5.95920181274,79.9623718262,-9.22348690033,16.8958873749,-18.6037750244],[-350.978546143,160.01701355,11.5237836838,-17.0161437988,43.0426673889,-27.1599998474,37.2759132385,-23.6272106171,30.5630569458,-9.22348690033,82.4214859009,-1.69171619415,15.1908760071],[162.799301147,-130.627349854,51.4587898254,19.1299114227,-43.5654144287,21.6522846222,-30.6584720612,14.7327003479,-29.5829086304,16.8958873749,-1.69171619415,68.1122817993,-2.55453753471],[-127.248527527,122.995147705,-35.0622138977,6.77522182465,39.3164901733,-20.3886165619,30.9566078186,-17.8409957886,14.5883598328,-18.6037750244,15.1908760071,-2.55453753471,57.9830322266]],"icov":[[0.000431489926996,-0.00101500039455,0.000798124063294,-0.00144014775287,0.000465739169158,-0.00150667375419,0.0012706136331,-0.00110010651406,0.00114793493412,-0.000809335324448,0.00104645686224,-0.000825759605505,0.00102939736098],[-0.00101500039455,0.00397622399032,-0.00187682337128,0.00367219047621,-0.00186169869266,0.00461435038596,-0.00366559671238,0.00384697481059,-0.00295519130304,0.00364132248797,-0.00361266965047,0.00290155527182,-0.00321420887485],[0.000798124063294,-0.00187682337128,0.00314574013464,-0.00185140001122,0.000930724549107,-0.00284364889376,0.00256473920308,-0.00236576376483,0.00226121372543,-0.00105773948599,0.00144463847391,-0.00281617813744,0.00271220272407],[-0.00144014775287,0.00367219047621,-0.00185140001122,0.00892451312393,-0.00188211386558,0.0037962528877,-0.0033521479927,0.00419082306325,-0.00413726968691,0.00445976946503,-0.00341096217744,0.00141331600025,-0.00399443740025],[0.000465739169158,-0.00186169869266,0.000930724549107,-0.00188211386558,0.00683533912525,-0.0032177795656,-0.000872469216119,-0.000612009549513,0.000285084737698,-0.000590882729739,0.000528029631823,0.00055575632723,-0.000110055560071],[-0.00150667375419,0.00461435038596,-0.00284364889376,0.0037962528877,-0.0032177795656,0.0147851398215,-0.0049283397384,0.00019803585019,0.000139469921123,0.00298403506167,-0.00445755850524,0.00361306243576,-0.00293548009358],[0.0012706136331,-0.00366559671238,0.00256473920308,-0.0033521479927,-0.000872469216119,-0.0049283397384,0.012904221192,-0.00300800451078,0.0010165325366,-0.00157046690583,0.00263767060824,-0.00262445374392,0.00198396085761],[-0.00110010651406,0.00384697481059,-0.00236576376483,0.00419082306325,-0.000612009549513,0.00019803585019,-0.00300800451078,0.0171530731022,-0.00626213895157,0.000730487983674,-0.00131796172354,0.00205720681697,-0.00288055324927],[0.00114793493412,-0.00295519130304,0.00226121372543,-0.00413726968691,0.000285084737698,0.000139469921123,0.0010165325366,-0.00626213895157,0.0191434528679,-0.00463735172525,-0.000846873910632,0.00251322216354,0.00205312180333],[-0.000809335324448,0.00364132248797,-0.00105773948599,0.00445976946503,-0.000590882729739,0.00298403506167,-0.00157046690583,0.000730487983674,-0.00463735172525,0.0200771037489,-0.00334110157564,-0.000793144106865,0.000301050313283],[0.00104645686224,-0.00361266965047,0.00144463847391,-0.00341096217744,0.000528029631823,-0.00445755850524,0.00263767060824,-0.00131796172354,-0.000846873910632,-0.00334110157564,0.0189471896738,-0.00535064795986,0.0014341599308],[-0.000825759605505,0.00290155527182,-0.00281617813744,0.00141331600025,0.00055575632723,0.00361306243576,-0.00262445374392,0.00205720681697,0.00251322216354,-0.000793144106865,-0.00535064795986,0.0224841292948,-0.00540176639333],[0.00102939736098,-0.00321420887485,0.00271220272407,-0.00399443740025,-0.000110055560071,-0.00293548009358,0.00198396085761,-0.00288055324927,0.00205312180333,0.000301050313283,0.0014341599308,-0.00540176639333,0.0244935825467]],"mean":[-10.9499101639,112.789573669,-125.502998352,49.7798957825,-33.8551292419,21.8831195831,-30.7707138062,6.76291179657,-20.4532546997,-5.58208560944,-13.7261762619,-4.14059829712,-12.9254207611]},"hfc":{"dmean":5.11074781418,"dmean2":7.97545099258,"dvar":48.3165359497,"dvar2":116.011154175,"max":145.293869019,"mean":21.7665100098,"median":16.5088806152,"min":1.13937604579e-16,"var":326.401367188},"melbands":{"dmean":[0.0018668215489,0.00346084241755,0.00116338743828,0.000497945176903,0.000140460731927,0.0000853465608088,0.0000798886467237,0.0000608208792983,0.0000375414419977,0.0000424548561568,0.0000369874724129,0.0000411952096329,0.0000529211938556,0.000051195773267,0.0000520979046996,0.0000407919760619,0.0000470984705316,0.0000418788986281,0.0000384823106288,0.0000356292075594,0.0000356244127033,0.0000224925825023,0.0000197190493054,0.0000105443223219,0.0000110700157165,0.00000686958583174,0.0000056167132243,0.00000345747207575,0.00000273086266134,0.00000208250298783,0.00000144637976973,0.00000130441662805,0.0000010486028259,9.66375182543e-7,8.46801810894e-7,7.19380977898e-7,6.1131441953e-7,5.01859233282e-7,3.39214949463e-7,2.19434198812e-7],"dmean2":[0.00330489780754,0.00591230578721,0.00192347262055,0.000878088350873,0.000237643194851,0.000140545787872,0.000131450418849,0.0000991704364424,0.0000612734802417,0.0000695573835401,0.0000602425716352,0.0000695879207342,0.0000887608184712,0.0000845004979055,0.0000870355943334,0.0000676989729982,0.0000775975131546,0.0000683198013576,0.0000599786944804,0.0000573265169805,0.0000586760070291,0.0000369932131434,0.000032604617445,0.000017472784748,0.0000184131786227,0.0000114519561976,0.00000925839958654,0.00000573932720727,0.00000455333565696,0.00000340465885529,0.00000238165057453,0.00000217699994209,0.00000171012447936,0.00000157378099175,0.00000136224741709,0.00000114380975447,9.54746383286e-7,7.83808502547e-7,5.25177881627e-7,3.45210565911e-7],"dvar":[0.000011514453945,0.0000249034037552,0.00000161130685683,0.00000142136877912,6.46255742254e-8,2.1569405817e-8,1.49574557184e-8,1.05566266839e-8,4.38578062756e-9,5.88319171158e-9,5.56598411805e-9,9.25279852737e-9,8.75101680009e-9,9.28802101896e-9,1.84161486061e-8,9.48118739075e-9,1.60395430271e-8,1.85805504316e-8,1.26680577139e-8,5.92557203305e-9,5.52751622251e-9,1.59135227218e-9,1.46329925954e-9,4.82831497006e-10,4.2253364696e-10,1.08496329976e-10,9.71074887168e-11,3.46127987383e-11,2.28388211121e-11,1.34526357068e-11,6.15491121611e-12,4.90886628221e-12,4.11304280565e-12,3.73816125623e-12,2.97815223003e-12,3.60148803141e-12,2.93519657364e-12,1.65715260524e-12,1.02157420977e-12,7.22976474694e-13],"dvar2":[0.000032032996387,0.0000707209619577,0.00000438092820332,0.00000402843988923,1.79964587232e-7,5.65404540964e-8,3.82136775556e-8,2.72351137198e-8,1.07521955783e-8,1.44315057682e-8,1.35329090156e-8,2.52945984158e-8,2.35550281502e-8,2.38514861195e-8,4.84622724173e-8,2.45432030255e-8,4.3294210883e-8,4.74836809872e-8,2.71358171489e-8,1.43143354947e-8,1.43732252766e-8,4.12992218202e-9,3.66731645052e-9,1.18633969315e-9,1.11291986737e-9,2.91238005934e-10,2.46198589293e-10,8.63916854721e-11,5.77288702952e-11,3.35316843736e-11,1.59197655059e-11,1.27416809742e-11,1.02482900638e-11,9.50202243277e-12,7.13941232522e-12,8.28740808617e-12,6.73751505975e-12,3.82475214694e-12,2.36772515656e-12,1.73876147855e-12],"max":[0.0267967954278,0.0449971184134,0.0188525728881,0.0135867604986,0.00373745779507,0.00242987438105,0.00263581913896,0.00391512317583,0.00231280876324,0.00224820128642,0.00193395151291,0.00325269321911,0.00261729536578,0.00232198485173,0.00397427100688,0.00229496578686,0.00344533426687,0.00364261749201,0.00364575302228,0.00227350532077,0.00184698612429,0.000754118955228,0.00129473849665,0.00110113958362,0.000508568773512,0.000264765811153,0.000422866840381,0.00016020044859,0.000141855547554,0.000125012767967,0.0000678391006659,0.0000439248251496,0.0000494198866363,0.0000509518504259,0.0000352646493411,0.0000674810144119,0.0000541210902156,0.0000430018553743,0.0000295178379019,0.0000415275026171],"mean":[0.00203659688123,0.00510175619274,0.0020976732485,0.000599911028985,0.000208637007745,0.000134209025418,0.000127216422698,0.0000949533423409,0.0000595776182308,0.0000709692903911,0.0000603455082455,0.0000635229371255,0.0000878749997355,0.0000895922566997,0.0000871355878189,0.0000703538753442,0.0000792838109192,0.0000672844034852,0.0000672858732287,0.0000675486953696,0.0000682194295223,0.0000458373469883,0.0000369314002455,0.0000209024128708,0.0000230223358813,0.0000155528996402,0.0000117719528134,0.00000735247886041,0.00000573819897909,0.00000416115017288,0.00000314836415782,0.00000262018511421,0.00000210691109714,0.00000213111115954,0.00000178000345841,0.00000137688778068,0.00000115909278975,9.30922851694e-7,5.89842443333e-7,3.75798094865e-7],"median":[0.00108451559208,0.00396675523371,0.00181812793016,0.000357524026185,0.000131732900627,0.0000774612053647,0.0000714538764441,0.0000581029489695,0.0000318037418765,0.0000366674648831,0.0000279563682852,0.0000325763103319,0.0000499587331433,0.0000479835580336,0.0000323017884512,0.0000280640670098,0.0000294415949611,0.0000247287025559,0.0000237302265305,0.0000330086550093,0.0000368185501429,0.0000277145572909,0.0000212111463043,0.0000115256207209,0.0000104616829049,0.00000827862095321,0.00000575277135795,0.00000337942265105,0.00000253440771303,0.00000193820892491,0.00000144357306908,0.0000013586482055,0.00000102949854863,7.91838715486e-7,6.47996444059e-7,5.14840337473e-7,4.37479684479e-7,3.36470577622e-7,2.01237199349e-7,1.1193604621e-7],"min":[1.30305779818e-23,1.61050718521e-23,4.16288881104e-24,1.59231163511e-23,1.37231158151e-23,6.17738515533e-24,9.35117373657e-24,1.09424465996e-23,6.96412481358e-24,1.15895886432e-23,1.77930006864e-23,7.64896888642e-24,7.32302575988e-24,1.02046218395e-23,4.6009988864e-24,1.26918797633e-23,1.01745693945e-23,4.702604171e-24,7.7795119556e-24,5.75104922341e-24,8.28554019389e-24,8.21942497256e-24,1.15768146186e-23,1.22519430805e-23,8.5497368108e-24,1.08232844267e-23,1.097654669e-23,7.38040119124e-24,9.44175784545e-24,9.24527941523e-24,7.84472550891e-24,6.20915495057e-24,7.51013173369e-24,9.1157989417e-24,7.54458838917e-24,8.59303817475e-24,8.86049515377e-24,1.00855054206e-23,1.01127376879e-23,7.36262578846e-24],"var":[0.0000090436078608,0.0000232260554185,0.00000223706661018,0.00000101970874766,6.89949430921e-8,3.07691045975e-8,3.04192546707e-8,1.47442849041e-8,7.71084440743e-9,1.14000071605e-8,1.29104114066e-8,1.20222756195e-8,1.45136436203e-8,2.08413784009e-8,3.54665132818e-8,1.81694446155e-8,2.71821516407e-8,2.92837434301e-8,2.89509927143e-8,1.37539020173e-8,1.15920233412e-8,3.81721232401e-9,2.94359536746e-9,9.18610743028e-10,1.04111119725e-9,3.24177129585e-10,2.45191922321e-10,9.56846338274e-11,6.33510119363e-11,3.29857599568e-11,1.66650200584e-11,1.1224752898e-11,8.55635094027e-12,9.55906881428e-12,7.30288485934e-12,6.18982079134e-12,5.03914878575e-12,3.14798599514e-12,1.80134791632e-12,1.17330743645e-12]},"melbands_crest":{"dmean":3.94306588173,"dmean2":6.49823904037,"dvar":10.6714792252,"dvar2":27.6739292145,"max":30.5747356415,"mean":17.5290298462,"median":17.6423969269,"min":1.64144599438,"var":27.4352283478},"melbands_flatness_db":{"dmean":0.0402095206082,"dmean2":0.0624281205237,"dvar":0.00145316717681,"dvar2":0.00342967757024,"max":0.548660218716,"mean":0.227497413754,"median":0.210787922144,"min":0.00475644227117,"var":0.00782687403262},"melbands_kurtosis":{"dmean":13.0961942673,"dmean2":21.6913661957,"dvar":348.040130615,"dvar2":944.73046875,"max":282.397369385,"mean":20.4269924164,"median":11.8687152863,"min":-1.74565660954,"var":576.727233887},"melbands_skewness":{"dmean":1.14741265774,"dmean2":1.87249863148,"dvar":1.25180530548,"dvar2":3.38881087303,"max":12.8457946777,"mean":3.50570440292,"median":3.26673555374,"min":-2.39390540123,"var":3.87953591347},"melbands_spread":{"dmean":8.29639625549,"dmean2":13.5049333572,"dvar":77.9666671753,"dvar2":201.710571289,"max":176.978317261,"mean":23.1299247742,"median":18.194152832,"min":0.4424264431,"var":399.636291504},"mfcc":{"cov":[[10018.1240234,-890.239562988,-433.894775391,259.211578369,200.617141724,237.483093262,5.71038913727,158.746780396,-47.8391990662,158.308441162,-145.440063477,-63.4768753052,-110.842216492],[-890.239562988,1884.13806152,-227.504898071,237.670791626,77.6291122437,112.980125427,124.900245667,48.5884628296,56.0643386841,-81.6761550903,35.9354553223,37.9239006042,51.1881752014],[-433.894775391,-227.504898071,593.290283203,-89.3311843872,19.1869983673,-67.7674942017,-21.9826660156,-6.36459541321,-46.1551589966,-50.5215873718,13.6615867615,-3.57841825485,7.14796113968],[259.211578369,237.670791626,-89.3311843872,240.859817505,16.1119918823,51.4528617859,-1.91302764416,21.9640388489,6.79588747025,-12.6496982574,-16.0961952209,5.82362651825,21.1544017792],[200.617141724,77.6291122437,19.1869983673,16.1119918823,150.402328491,16.2375621796,24.0726852417,14.0675230026,0.149978503585,5.61997509003,0.943746626377,0.228430390358,2.34820461273],[237.483093262,112.980125427,-67.7674942017,51.4528617859,16.2375621796,113.496505737,36.5125808716,19.654050827,4.52805423737,-3.1102077961,0.406198382378,0.0505343973637,-5.51217651367],[5.71038913727,124.900245667,-21.9826660156,-1.91302764416,24.0726852417,36.5125808716,106.554618835,27.2978897095,13.3068714142,-7.81450891495,8.23457717896,5.20107030869,1.2572876215],[158.746780396,48.5884628296,-6.36459541321,21.9640388489,14.0675230026,19.654050827,27.2978897095,77.7849884033,11.9922456741,5.0308380127,-3.93519163132,4.10389757156,3.55193305016],[-47.8391990662,56.0643386841,-46.1551589966,6.79588747025,0.149978503585,4.52805423737,13.3068714142,11.9922456741,74.2336120605,19.6625919342,8.35761928558,-5.91293716431,-3.74674725533],[158.308441162,-81.6761550903,-50.5215873718,-12.6496982574,5.61997509003,-3.1102077961,-7.81450891495,5.0308380127,19.6625919342,74.0126190186,9.79925346375,2.52255272865,-10.2728796005],[-145.440063477,35.9354553223,13.6615867615,-16.0961952209,0.943746626377,0.406198382378,8.23457717896,-3.93519163132,8.35761928558,9.79925346375,56.9970245361,12.0399227142,2.2523329258],[-63.4768753052,37.9239006042,-3.57841825485,5.82362651825,0.228430390358,0.0505343973637,5.20107030869,4.10389757156,-5.91293716431,2.52255272865,12.0399227142,55.2709732056,19.8135986328],[-110.842216492,51.1881752014,7.14796113968,21.1544017792,2.34820461273,-5.51217651367,1.2572876215,3.55193305016,-3.74674725533,-10.2728796005,2.2523329258,19.8135986328,52.4552993774]],"icov":[[0.000137183931656,0.0000967971645878,0.0000860684813233,-0.000154467052198,-0.000183985030162,-0.000202124079806,0.00000844262012833,-0.000223861279665,0.00016785756452,-0.000177399560926,0.000202159688342,0.0000395071074308,0.00020158434927],[0.0000967971645878,0.00084672565572,0.00032236072002,-0.000688359257765,-0.000435265887063,-0.000230870980886,-0.000540891080163,-0.000191901635844,-0.00039404357085,0.000981729244813,-0.000540031527635,-0.000247750635026,-0.0000859853171278],[0.0000860684813233,0.00032236072002,0.00231008837,0.000386980857002,-0.00074415479321,0.000878788006958,0.000266550283413,-0.000798655557446,0.00087961286772,0.00187444349285,-0.00102278601844,0.000276024889899,-0.0000606321191299],[-0.000154467052198,-0.000688359257765,0.000386980857002,0.00602014036849,-0.000145471625729,-0.00203475961462,0.00198406423442,-0.000885268847924,-0.000422980636358,0.000673761765938,0.0013490418205,0.0000195307893591,-0.00229371455498],[-0.000183985030162,-0.000435265887063,-0.00074415479321,-0.000145471625729,0.00756304850802,-0.000251389108598,-0.0014230372617,-0.000134479414555,0.000447491765954,-0.00158093718346,0.000146106962347,0.000465443794383,-0.000585452420637],[-0.000202124079806,-0.000230870980886,0.000878788006958,-0.00203475961462,-0.000251389108598,0.0123382657766,-0.00346116442233,-0.00100639346056,0.000819850771222,0.000913561671041,-0.00119485880714,0.00010252433276,0.00220798328519],[0.00000844262012833,-0.000540891080163,0.000266550283413,0.00198406423442,-0.0014230372617,-0.00346116442233,0.0130132837221,-0.00355456979014,-0.0016315857647,0.00209572492167,-0.00117633771151,-0.000766425800975,-0.0000281310767605],[-0.000223861279665,-0.000191901635844,-0.000798655557446,-0.000885268847924,-0.000134479414555,-0.00100639346056,-0.00355456979014,0.015799568966,-0.00218630768359,-0.00170173496008,0.00199965294451,-0.00113628932741,-0.00105039495975],[0.00016785756452,-0.00039404357085,0.00087961286772,-0.000422980636358,0.000447491765954,0.000819850771222,-0.0016315857647,-0.00218630768359,0.0167521424592,-0.00456268992275,-0.0019437802257,0.00322607834823,0.000211108970689],[-0.000177399560926,0.000981729244813,0.00187444349285,0.000673761765938,-0.00158093718346,0.000913561671041,0.00209572492167,-0.00170173496008,-0.00456268992275,0.019078630954,-0.00394458184019,-0.00241887778975,0.0028652632609],[0.000202159688342,-0.000540031527635,-0.00102278601844,0.0013490418205,0.000146106962347,-0.00119485880714,-0.00117633771151,0.00199965294451,-0.0019437802257,-0.00394458184019,0.021215826273,-0.00433767260984,0.000126306520542],[0.0000395071074308,-0.000247750635026,0.000276024889899,0.0000195307893591,0.000465443794383,0.00010252433276,-0.000766425800975,-0.00113628932741,0.00322607834823,-0.00241887778975,-0.00433767260984,0.0228643342853,-0.00832842011005],[0.00020158434927,-0.0000859853171278,-0.0000606321191299,-0.00229371455498,-0.000585452420637,0.00220798328519,-0.0000281310767605,-0.00105039495975,0.000211108970689,0.0028652632609,0.000126306520542,-0.00832842011005,0.0245536658913]],"mean":[-640.337341309,130.394119263,-15.4350090027,34.4841537476,19.4276485443,17.6345310211,7.2879691124,12.93201828,1.01501774788,1.296033144,-1.68257129192,3.2697160244,1.5494505167]},"pitch_salience":{"dmean":0.0977586358786,"dmean2":0.162712112069,"dvar":0.00719793932512,"dvar2":0.0195192117244,"max":0.823706924915,"mean":0.509720504284,"median":0.514025211334,"min":0.0795008093119,"var":0.0148756150156},"silence_rate_20dB":{"dmean":0,"dmean2":0,"dvar":0,"dvar2":0,"max":1,"mean":1,"median":1,"min":1,"var":0},"silence_rate_30dB":{"dmean":0.00144942535553,"dmean2":0.00289915106259,"dvar":0.00144719821401,"dvar2":0.00433981278911,"max":1,"mean":0.999275386333,"median":1,"min":0,"var":0.000724074721802},"silence_rate_60dB":{"dmean":0.000207060773391,"dmean2":0.000414164416725,"dvar":0.000207017903449,"dvar2":0.000413943926105,"max":1,"mean":0.0295031052083,"median":0,"min":0,"var":0.0286321099848},"spectral_centroid":{"dmean":263.979248047,"dmean2":413.680328369,"dvar":69482.890625,"dvar2":150593.359375,"max":11424.2294922,"mean":1382.25585938,"median":1416.80810547,"min":164.31060791,"var":491151.75},"spectral_complexity":{"dmean":4.28781461716,"dmean2":6.45785856247,"dvar":15.4881057739,"dvar2":32.7567405701,"max":58,"mean":25.7159423828,"median":25,"min":0,"var":178.342498779},"spectral_contrast_coeffs":{"dmean":[0.0565301813185,0.0477809347212,0.0358347669244,0.0288189314306,0.0208673104644,0.0200337581336],"dmean2":[0.0944563820958,0.078220397234,0.0605542697012,0.048529651016,0.034598056227,0.0309928879142],"dvar":[0.00206847558729,0.00134806404822,0.00081464095274,0.000522681337316,0.000280846288661,0.000352273142198],"dvar2":[0.00571079459041,0.00361836724915,0.00227730837651,0.00142320652958,0.000748066580854,0.000786763324868],"max":[-0.363575130701,-0.52886646986,-0.595313608646,-0.61238527298,-0.64645075798,-0.587091743946],"mean":[-0.634201407433,-0.764908015728,-0.80665320158,-0.801494419575,-0.794295489788,-0.747915148735],"median":[-0.630759239197,-0.76775932312,-0.810486733913,-0.805282354355,-0.793471217155,-0.743002593517],"min":[-0.97703820467,-0.957038998604,-0.967926323414,-0.959900259972,-0.962467551231,-0.959662020206],"var":[0.00456186383963,0.00331035978161,0.00215915683657,0.00199985364452,0.00123630661983,0.00217437930405]},"spectral_contrast_valleys":{"dmean":[0.401416987181,0.377251416445,0.32832762599,0.287978559732,0.283196806908,0.324797511101],"dmean2":[0.668948054314,0.614522516727,0.525590956211,0.436935514212,0.396282464266,0.442025989294],"dvar":[0.113587610424,0.114561766386,0.0946659147739,0.0828015953302,0.116563186049,0.197883337736],"dvar2":[0.2858710289,0.259477615356,0.2067232728,0.156523704529,0.202111363411,0.355075955391],"max":[-5.18933963776,-5.11277151108,-5.31950044632,-5.21283817291,-5.57796287537,-7.91756868362],"mean":[-6.88840723038,-6.98614692688,-7.07471227646,-7.22739076614,-7.31441450119,-10.5649690628],"median":[-6.69408607483,-6.82485961914,-6.89907836914,-6.99135732651,-7.00307369232,-10.0529003143],"min":[-27.0969295502,-27.7803058624,-27.3335647583,-27.5064716339,-27.2296676636,-27.3295955658],"var":[1.82294213772,1.70879089832,1.64749372005,1.90544950962,2.10393261909,2.40747737885]},"spectral_decrease":{"dmean":3.99995547795e-9,"dmean2":6.81919276602e-9,"dvar":2.78675891055e-17,"dvar2":7.67837550443e-17,"max":5.30006977768e-17,"mean":-8.86050255389e-9,"median":-8.04182498371e-9,"min":-4.63033522635e-8,"var":2.94776796242e-17},"spectral_energy":{"dmean":0.0153461145237,"dmean2":0.0261261425912,"dvar":0.000404159363825,"dvar2":0.00111197005026,"max":0.176574110985,"mean":0.0354158692062,"median":0.0323682427406,"min":1.0797347671e-20,"var":0.000446508347522},"spectral_energyband_high":{"dmean":0.000218809829676,"dmean2":0.00033586655627,"dvar":1.67081424252e-7,"dvar2":3.66804329133e-7,"max":0.00850126333535,"mean":0.000659887795337,"median":0.000355002150172,"min":7.44954336021e-21,"var":6.68349912303e-7},"spectral_energyband_low":{"dmean":0.0137223089114,"dmean2":0.0234790798277,"dvar":0.000393719848944,"dvar2":0.0010980683146,"max":0.17059032619,"mean":0.0217089988291,"median":0.017313009128,"min":1.11866572677e-22,"var":0.000371959089534},"spectral_energyband_middle_high":{"dmean":0.00198585889302,"dmean2":0.00312254321761,"dvar":0.00000926830671233,"dvar2":0.0000222429080168,"max":0.0674440860748,"mean":0.00716685177758,"median":0.004965510685,"min":1.65458033911e-21,"var":0.0000608985465078},"spectral_energyband_middle_low":{"dmean":0.00409125024453,"dmean2":0.00687601929531,"dvar":0.0000437210328528,"dvar2":0.000119489835924,"max":0.0718067362905,"mean":0.00809385161847,"median":0.00659134797752,"min":3.24702595436e-22,"var":0.0000466352103103},"spectral_entropy":{"dmean":0.170789793134,"dmean2":0.242951646447,"dvar":0.04061171785,"dvar2":0.0800385996699,"max":9.79806995392,"mean":7.61498212814,"median":7.73537063599,"min":4.31876897812,"var":0.212245568633},"spectral_flux":{"dmean":0.0323819182813,"dmean2":0.0521494224668,"dvar":0.00122461013962,"dvar2":0.00248252879828,"max":0.362503767014,"mean":0.102702185512,"median":0.0940353870392,"min":1.03910290095e-10,"var":0.00244970549829},"spectral_kurtosis":{"dmean":2.23476171494,"dmean2":3.70731759071,"dvar":11.7884054184,"dvar2":30.5493278503,"max":79.5262908936,"mean":5.44160938263,"median":4.04603385925,"min":-1.23412024975,"var":25.8610172272},"spectral_rms":{"dmean":0.00119077099953,"dmean2":0.00197942485102,"dvar":0.00000159592991622,"dvar2":0.00000427452550866,"max":0.0131250685081,"mean":0.00560868438333,"median":0.00561949936673,"min":3.2456121124e-12,"var":0.00000309461847792},"spectral_rolloff":{"dmean":456.433288574,"dmean2":774.618530273,"dvar":482604.5625,"dvar2":1196786,"max":19401.4160156,"mean":1368.83959961,"median":1087.42675781,"min":86.1328125,"var":3539576.75},"spectral_skewness":{"dmean":0.257307171822,"dmean2":0.401952326298,"dvar":0.0958840921521,"dvar2":0.22049176693,"max":7.09988021851,"mean":1.52171123028,"median":1.37377917767,"min":-0.0605964623392,"var":0.328789353371},"spectral_spread":{"dmean":411687.1875,"dmean2":599761.3125,"dvar":452183556096,"dvar2":683906629632,"max":42721000,"mean":3711085.75,"median":3584716.5,"min":1077274.125,"var":2112964526080},"spectral_strongpeak":{"dmean":0.365917444229,"dmean2":0.638059079647,"dvar":0.705755352974,"dvar2":1.87765407562,"max":15.2639713287,"mean":0.539950489998,"median":0.366152822971,"min":0,"var":0.742788314819},"zerocrossingrate":{"dmean":0.00857846345752,"dmean2":0.0109213618562,"dvar":0.0000753363929107,"dvar2":0.000103601661976,"max":0.60595703125,"mean":0.0516669787467,"median":0.0458984375,"min":0.00439453125,"var":0.0024861113634}},"metadata":{"audio_properties":{"analysis_sample_rate":44100,"bit_rate":192022,"codec":"mp3","downmix":"mix","equal_loudness":0,"length":224.261230469,"lossless":false,"md5_encoded":"d48cbf5d3bab550cb9fad32fe96cd02c","replay_gain":-5.53358459473,"sample_rate":44100},"tags":{"acoustid_fingerprint":["AQADtEqSKVHGVHh3WBv6XMgPnQjzHXWSDFeO33CI3F-gK0uO-JExRaGPWjd-YSKPMBfU5wifoGEaPLpw-EKOS4HuIYyZoGRKPPrQ80gnMUXX6NCKJvLxfLgZBzr8II-S4aHQPC_8MEf4Hl-g3bBixYjNB20UJRU-4UcfI8wOfRee8AhP-ExxUsdP7IfzA34QatMOffPwHN2PJuSOX9BDvNjdIlR1uDoRvgJzEep3dKJyxMelREd_hNkv6EP8oQtF4scrUPlQ6UF4ptDSTTiJaseU68KP5oqD_tApVB0aRWKCfsc2Kajz42McdGlkNDm-HLqU4gzMOMaPa0kPbdWF7ULsePC241TMHF8Q7juSbkFzlNosPBl-lN6RfoKmLUd-4Ua545-Cm2mCB_mgLGqEHg8_XHzQY4oLXSveIX_xKh7qB2mjHH6gE3-OhvvwHN9S7IVzQZV-tIxe7D-6HEd9NIeeEF2KapvwW8KPmjq0bD4eCqE-wccLNz1qHX_GINehfUeTKyPy-Hg_PEf644bORAirDE1yJUZJekh9VNSh8E4Q9AkdNDs-KchzPD-09Oh5xGq54OuLuqrwpZh44QifBoryCaeU48f1FJeyYzvkI5eko2GSSDGu43AfTE5o5M-hnkZ4FQ1H4laK-ynCPIciNcmRc3gceKJwxqh3NMiZGfpyND_CacmOM0VOpsIPHxcZ6Et0NMp3vIevHbUtTPxhVWugXQa3LXhwtriPZuh3_PohKw-uQ0udQHvgafiTgvkhJRKlB6p1sFKIk0ZztLOPuMlylLpgVceFaBNl1BH0oydxNE-O78NXHdeYD-Wh5ciX6McfdEdJXniOihf-IJcgrgmmJcf94T5yV0hzfIGsJTSu6uiF84KP37gkD6qnow8e4Rcv9FCU50RMEc8WVWiySDvOMEbz40lwGflTaLKOMBK149aPX0J-TKmhVQkuCXmTSaikY-V-XAw-o3MUI3xEiJGP0BEeMcfvoQkf9MmMfCpUWUIYGr2OX2jHY8pT3Ah15RCTGb2QZ8dvNH9R6sh19If4hKha5Mevo_lUIXx4aFl5DWXW48rxPPAh5FKCR5tRUutga4d74T9-pHlEQVGd4EMu4anQ5CdK8kGuREmgHR7CS_jRbE9QL0qFI9IHLVIfnMelsPjhHY8OXUmOcs6RS_CXI_JxWF5C6HBjhHWEK9Fxp0OYB30NnURIC_6OGz92-DmeI_8J9-gSRsdl9EEYZ09xpviPkF7h89CuY7KO9NKNs8cXNDvyJHnwKYeuXAh3oql-XJFO_Bcx-Wg-nEf-gMmDbzycXNnE4JpXpE-FHz-eLPBjFrWLPcsQcdAyNUGkeceDo9mSBW18xMcPTVT2oHFjIDd8HBdfvMrRnCn6q5gqBe6DPj56JgjzfNBTfIwIxkJThciPJ0E-aJ-2AT1-IjaDKY8QzsX-4clyXEXT7ejxHC8aJzvOo48hnejhKsebBu2yo5vgHocl51DuHtWDH_tV_GjG5AiFfDKqNEMz6vg5aDnKo2wUwxdRjsejQBeNEo_SBn2YCrkoNEdP48-OS-CPJi76bMgLHV-WoyozmMvx4oFPaMdKIvQOxwz6W6iV5dh49OHRZymcI