{"lowlevel":{"average_loudness":0.96365994215,"barkbands":{"dmean":[0.00019507437537,0.00387322087772,0.00282514467835,0.000892510055564,0.00155277876183,0.000424931145972,0.000415292364778,0.000723119243048,0.00172088295221,0.0010073838057,0.000359157304047,0.000694317102898,0.000703787081875,0.000957651296631,0.00056360749295,0.000508481869474,0.00036645977525,0.000299406936392,0.000323141925037,0.000333153177053,0.000246121751843,0.000178082031198,0.00010865474178,0.0000746989971958,0.0000335687182087,0.0000149566458276,0.00000345666308021],"dmean2":[0.000353304028977,0.00630301330239,0.00477930111811,0.00150850065984,0.00280678761192,0.000712649140041,0.000692818895914,0.00118629413191,0.00270941201597,0.00160939071793,0.000558201922104,0.00106593116652,0.00111890025437,0.00156882230658,0.000909339345526,0.000844242982566,0.000614350195974,0.000506020034663,0.000550290627871,0.000566960370634,0.000429157138569,0.000314421980875,0.000180271541467,0.000120019692986,0.0000530133402208,0.0000234397466556,0.00000551102311874],"dvar":[2.1303250719e-7,0.0000464213226223,0.0000205162396014,0.00000209777226701,0.0000146975107782,0.0000011304579175,0.0000011575039025,0.000002576340421,0.00000964085757005,0.00000620704713583,4.65144864847e-7,0.00000151385722802,0.00000134351796532,0.00000353773270945,7.98234282229e-7,5.26076860297e-7,2.3339022448e-7,2.38000026798e-7,2.03391124387e-7,2.07417471643e-7,1.81255970233e-7,1.1255746557e-7,6.66076971356e-8,4.80431623373e-8,1.52525565511e-8,5.87630610838e-9,2.4644991603e-10],"dvar2":[6.02677573625e-7,0.000102735044493,0.0000563981157029,0.0000054897532209,0.0000410445172747,0.00000314160342896,0.00000310138352688,0.00000654386712995,0.0000240303033934,0.0000158270067914,0.00000114086321901,0.00000341398026649,0.0000032266150356,0.00000955209270614,0.00000198715292754,0.00000137204972361,6.06432649874e-7,6.18497779215e-7,5.42052532637e-7,5.71479574774e-7,5.03029184529e-7,3.14577732752e-7,1.59082915729e-7,1.10542501375e-7,3.82905263052e-8,1.43886884629e-8,5.75670677794e-10],"max":[0.00364579888992,0.0627825856209,0.0604305043817,0.0243262257427,0.0356188304722,0.0380098707974,0.0256568882614,0.026597250253,0.0412265695632,0.0391645468771,0.0143660577014,0.0266311578453,0.0179158914834,0.0406458750367,0.0184436179698,0.0142480451614,0.01136989519,0.00875327829272,0.00897611305118,0.00996711943299,0.0133413635194,0.00578691344708,0.00598763488233,0.0047248788178,0.00631683785468,0.00437129754573,0.000815933686681],"mean":[0.000160613111802,0.00568611687049,0.00432766694576,0.0012978410814,0.00139698886778,0.000600036350079,0.000610992894508,0.000941246922594,0.00306189921685,0.00163644389249,0.000749503204133,0.00181093509309,0.00144657935016,0.00176497362554,0.00106512999628,0.00109815504402,0.000821637222543,0.000572128978092,0.000704257632606,0.000827355484944,0.000512959202752,0.000314759643516,0.000219170149649,0.00014765423839,0.0000763965435908,0.000026399457056,0.00000569954272578],"median":[0.0000362016216968,0.00332717085257,0.00261122407392,0.000674248789437,0.000500616210047,0.000339524907758,0.000347301189322,0.000323604122968,0.00137662142515,0.00057106395252,0.00031174722244,0.000620672712103,0.000734356057364,0.000631426344626,0.000675885414239,0.000746036064811,0.000634469615761,0.000338654848747,0.000581366126426,0.000710957159754,0.000420661177486,0.00023372808937,0.000136948001455,0.0000890638984856,0.000049590918934,0.0000134255660669,0.00000228610019803],"min":[3.40623584894e-10,1.041712272e-9,6.31187657696e-10,3.12026959826e-10,4.16578410656e-10,3.19824888795e-10,1.15887577312e-9,2.80278272813e-10,2.88745294341e-9,3.52420137517e-9,7.30266913607e-9,1.43509681916e-9,9.66106528111e-10,5.44413625292e-10,5.0832897891e-9,1.77370362842e-9,1.95203075926e-9,4.64966926073e-10,7.46785133732e-11,7.05649080834e-11,7.0177558209e-11,2.50907836175e-11,4.28453800216e-11,4.5059112691e-11,5.59783712439e-11,5.18744491806e-11,6.28010421444e-11],"var":[1.46142113522e-7,0.0000567855495319,0.0000266229253612,0.00000340277779287,0.00000980223830993,0.00000100573436157,0.00000112918951345,0.000003673399533,0.0000202243481908,0.0000111465251393,0.00000147515243043,0.00000919923240872,0.00000348237585968,0.00000867113067216,0.00000154918541284,0.00000129273712446,6.22100401415e-7,4.90020738653e-7,3.57406321427e-7,4.13802638377e-7,2.1461633537e-7,1.15992619953e-7,1.4120652736e-7,8.78932056025e-8,1.97734610907e-8,6.40390496187e-9,3.18199855354e-10]},"barkbands_crest":{"dmean":2.4285132885,"dmean2":3.98447322845,"dvar":5.2909579277,"dvar2":12.402299881,"max":24.136095047,"mean":8.3335647583,"median":7.66904497147,"min":2.49445176125,"var":11.1164741516},"barkbands_flatness_db":{"dmean":0.0163658093661,"dmean2":0.0258044302464,"dvar":0.000280331703834,"dvar2":0.000658089702483,"max":0.451239645481,"mean":0.0962521359324,"median":0.0884777456522,"min":0.0279750097543,"var":0.00136451958679},"barkbands_kurtosis":{"dmean":1.00015377998,"dmean2":1.60709452629,"dvar":14.2055120468,"dvar2":32.8640937805,"max":229.71043396,"mean":0.171974569559,"median":-0.55109500885,"min":-1.80890011787,"var":14.0879621506},"barkbands_skewness":{"dmean":0.397660553455,"dmean2":0.630146384239,"dvar":0.180727422237,"dvar2":0.426411688328,"max":13.4498252869,"mean":0.574638664722,"median":0.463987499475,"min":-1.12208080292,"var":0.537442922592},"barkbands_spread":{"dmean":5.76602697372,"dmean2":9.17587852478,"dvar":30.9902076721,"dvar2":72.6215057373,"max":92.3175735474,"mean":31.8999290466,"median":32.0782089233,"min":0.54193687439,"var":125.659469604},"dissonance":{"dmean":0.0121057890356,"dmean2":0.0204879678786,"dvar":0.000153870409122,"dvar2":0.000401873490773,"max":0.500000059605,"mean":0.481625139713,"median":0.486630797386,"min":0.290807515383,"var":0.000307915586745},"dynamic_complexity":2.08929419518,"erbbands":{"dmean":[0.104603618383,0.987146794796,3.26872515678,2.74657273293,4.22027778625,5.83325147629,2.53994393349,3.91871285439,4.6875743866,8.60243415833,21.2964477539,39.02917099,39.7348670959,17.147939682,11.3147144318,28.1544036865,32.1870231628,45.4463844299,31.7696857452,25.7261486053,24.1340026855,18.5712890625,16.5976848602,15.048910141,17.0608959198,15.433971405,10.5835351944,9.19502449036,5.97582530975,4.95854234695,3.01463150978,2.03978562355,1.03639757633,0.465063363314,0.21344409883,0.0848032608628,0.0248708389699,0.00479384185746,0.000601446256042,0.0000363300205208],"dmean2":[0.16512195766,1.60901904106,5.52860593796,4.65087985992,7.60584354401,10.4762535095,4.32445287704,6.61485671997,7.93430423737,14.6537618637,34.2030448914,61.7373046875,63.7006988525,26.9611644745,17.498342514,43.8294487,50.3482513428,74.0071792603,51.341632843,41.4769630432,40.1611595154,30.9465637207,27.8201522827,25.6302433014,28.9688415527,26.3354320526,18.3793697357,16.0840873718,10.4202442169,8.62480354309,4.98592758179,3.27240967751,1.65589439869,0.73196387291,0.342041254044,0.136222586036,0.0388163439929,0.00758867245167,0.000962157268077,0.0000585952075198],"dvar":[0.0471419207752,2.79164028168,28.386264801,16.0620365143,84.6926956177,212.153930664,31.5443649292,106.094116211,167.307678223,542,1912.97668457,5374.75976562,8903.02539062,1244.19909668,580.579711914,2314.71557617,2554.97216797,8047.77880859,3405.33496094,1776.69055176,954.810546875,629.424865723,719.66796875,478.910827637,679.361633301,437.374725342,249.783279419,289.782318115,118.551483154,90.3483505249,62.5762062073,32.9483032227,11.6582765579,1.99108719826,0.802419245243,0.18445469439,0.0178899168968,0.000808541371953,0.00000650094398225,1.34648621142e-8],"dvar2":[0.106925807893,6.88337135315,78.0143356323,43.1510505676,239.238967896,590.146362305,86.2020874023,295.395629883,446.751739502,1491.44689941,4694.41552734,13354.4589844,22576.5390625,3192.59082031,1294.71569824,5434.72412109,6162.15771484,21952.9355469,8320.46972656,4578.48095703,2603.7644043,1583.94506836,1830.81884766,1274.34106445,1834.93383789,1211.11376953,683.850341797,805.286010742,325.470153809,249.486877441,148.355575562,72.7216033936,28.4551715851,4.64459276199,2.11551594734,0.470206022263,0.0430694781244,0.00198757392354,0.0000152904322022,3.16439887627e-8],"max":[2.16992068291,15.0255823135,63.8179740906,52.463054657,85.8466873169,143.082092285,135.525100708,373.990875244,258.296264648,468.077911377,686.147338867,1145.77832031,1449.02099609,707.228759766,612.390197754,963.630493164,794.169677734,1899.93859863,1518.98327637,1312.37402344,548.890014648,675.07208252,508.574707031,429.042327881,568.030761719,448.031005859,343.851257324,572.543884277,225.505996704,144.085968018,202.838027954,141.300720215,97.0087127686,55.0296554565,47.6935691833,23.8859119415,7.47259235382,1.72502052784,0.121742166579,0.00618588924408],"mean":[0.13171672821,1.4151288271,4.90650463104,4.71381568909,4.4378361702,5.26419305801,3.28044009209,5.3048415184,6.69355869293,12.0226078033,32.9285125732,69.7391662598,67.7178573608,36.2720375061,25.2704906464,74.0518875122,79.1159439087,91.8806381226,65.5638885498,57.9715309143,58.1475448608,43.0459480286,34.0905418396,31.0642700195,38.2921257019,38.0892219543,24.8566703796,18.504776001,11.3425168991,8.72151470184,5.9341583252,3.92538881302,2.05281686783,1.04310131073,0.457269608974,0.156600102782,0.0413165651262,0.00811250321567,0.0010060503846,0.0000859577776282],"median":[0.0564475767314,0.857772111893,3.12191748619,3.51396203041,2.17761468887,1.80656337738,1.7518311739,2.76734423637,3.88632583618,6.45028018951,12.5080947876,32.6528625488,26.5047512054,17.3231506348,14.1810836792,28.7874488831,44.7755088806,41.7014884949,40.8915481567,40.2748184204,47.3496055603,35.342830658,20.6670570374,23.3324661255,32.5104789734,32.7107849121,20.965089798,14.7984037399,8.58633518219,5.93930959702,3.57908773422,2.29535007477,1.22477483749,0.686441957951,0.290193349123,0.0851926505566,0.0200247447938,0.00372384581715,0.000401062803576,0.0000628419584245],"min":[3.4540615701e-8,2.23386450671e-7,7.00395048625e-7,9.5550694823e-7,0.0000012560575442,0.00000189736465472,0.00000154848135026,0.00000379233938474,0.0000144216710396,0.0000124174193843,0.0000143028310049,0.000069258887379,0.0000686162456986,0.00026360960328,0.000187248850125,0.0000549294309167,0.0000451332525699,0.000028189693694,0.000161712407134,0.000175184555701,0.000149506973685,0.0000786526943557,0.0000332598210662,0.0000052502791732,0.00000441883821622,0.00000305714934257,0.00000309977735924,0.00000205498145078,9.78633352133e-7,6.8658971486e-7,0.00000152054326463,0.00000119870799153,6.5651585146e-7,5.51502523649e-7,4.70764547345e-7,2.16468151848e-7,9.15563092008e-8,3.68485189028e-8,9.30883015116e-9,8.06077204984e-10],"var":[0.0492174625397,3.18755841255,32.1856079102,23.7248458862,59.6669464111,143.628646851,27.8594455719,94.9036178589,148.665908813,490.937805176,3530.01513672,10635.7880859,15454.3945312,2835.41430664,1869.70031738,12449.9980469,8392.96386719,19124.0742188,7289.69091797,3972.04956055,2312.72265625,1437.46984863,1610.88720703,897.392578125,1072.38293457,889.167053223,384.329376221,329.063781738,137.63873291,109.000602722,132.104278564,68.1284637451,18.0589389801,3.40165424347,0.836216568947,0.179118007421,0.0208913143724,0.000872100994457,0.00000854050904309,1.78136030371e-8]},"erbbands_crest":{"dmean":2.457000494,"dmean2":3.9522395134,"dvar":5.63815641403,"dvar2":13.9669570923,"max":28.0261650085,"mean":8.99308586121,"median":8.03793239594,"min":2.39442014694,"var":17.0481739044},"erbbands_flatness_db":{"dmean":0.0139425555244,"dmean2":0.0215601697564,"dvar":0.000170158891706,"dvar2":0.000394036323996,"max":0.332710266113,"mean":0.157408192754,"median":0.153396457434,"min":0.0543030947447,"var":0.0014418050414},"erbbands_kurtosis":{"dmean":0.711275875568,"dmean2":1.13735592365,"dvar":0.701729595661,"dvar2":1.66734838486,"max":18.8232250214,"mean":0.460798114538,"median":0.161733865738,"min":-1.63683879375,"var":1.79392385483},"erbbands_skewness":{"dmean":0.307230263948,"dmean2":0.474126875401,"dvar":0.0842406004667,"dvar2":0.194612413645,"max":3.33577227592,"mean":0.0948738083243,"median":0.0163565278053,"min":-2.11720776558,"var":0.360099464655},"erbbands_spread":{"dmean":5.76071453094,"dmean2":9.30980110168,"dvar":35.6729278564,"dvar2":91.9334411621,"max":103.765792847,"mean":30.0877170563,"median":28.2433643341,"min":5.67869281769,"var":125.700149536},"gfcc":{"cov":[[5718.99414062,-1593.04711914,749.505187988,300.856750488,-46.710975647,861.828063965,-449.358337402,210.820449829,-144.240325928,182.681304932,23.2738704681,141.01222229,-136.729751587],[-1593.04711914,973.098388672,-298.357635498,2.77473211288,-1.64699780941,-380.275939941,202.494415283,-101.979614258,88.4715576172,-61.7941131592,17.3185024261,-83.5950546265,76.4389572144],[749.505187988,-298.357635498,527.262939453,32.5790328979,6.89678287506,186.642242432,-110.956230164,57.4192581177,11.2557678223,51.5706558228,-5.66780233383,55.3676071167,-39.3449363708],[300.856750488,2.77473211288,32.5790328979,225.576904297,36.8025588989,57.9362602234,-5.7029838562,7.10619688034,9.27146244049,26.1691017151,30.8936290741,0.416207909584,30.7335853577],[-46.710975647,-1.64699780941,6.89678287506,36.8025588989,160.696014404,72.6006622314,35.3726882935,31.9152450562,18.5330810547,24.7955741882,20.1747665405,17.3644332886,9.82637405396],[861.828063965,-380.275939941,186.642242432,57.9362602234,72.6006622314,374.08505249,-35.0140609741,91.768119812,-18.016242981,49.5430297852,25.3249492645,41.0932655334,-25.6526260376],[-449.358337402,202.494415283,-110.956230164,-5.7029838562,35.3726882935,-35.0140609741,180.460510254,29.4950485229,25.6432266235,-23.6433506012,8.15234565735,-8.99344348907,22.8306999207],[210.820449829,-101.979614258,57.4192581177,7.10619688034,31.9152450562,91.768119812,29.4950485229,120.748092651,34.998878479,10.9734048843,1.51956760883,13.1862773895,-0.761669933796],[-144.240325928,88.4715576172,11.2557678223,9.27146244049,18.5330810547,-18.016242981,25.6432266235,34.998878479,96.0498352051,21.1496181488,-1.03785264492,-9.54026794434,2.14990663528],[182.681304932,-61.7941131592,51.5706558228,26.1691017151,24.7955741882,49.5430297852,-23.6433506012,10.9734048843,21.1496181488,75.1903381348,30.6830387115,8.53526687622,-7.74545717239],[23.2738704681,17.3185024261,-5.66780233383,30.8936290741,20.1747665405,25.3249492645,8.15234565735,1.51956760883,-1.03785264492,30.6830387115,67.2149734497,22.144695282,9.44790840149],[141.01222229,-83.5950546265,55.3676071167,0.416207909584,17.3644332886,41.0932655334,-8.99344348907,13.1862773895,-9.54026794434,8.53526687622,22.144695282,64.2185745239,15.1804275513],[-136.729751587,76.4389572144,-39.3449363708,30.7335853577,9.82637405396,-25.6526260376,22.8306999207,-0.761669933796,2.14990663528,-7.74545717239,9.44790840149,15.1804275513,60.6180801392]],"icov":[[0.000462551019154,0.000272729812423,-0.0000375927484129,-0.000619807455223,0.00047157422523,-0.000480426155264,0.000478474132251,-0.000435076275608,0.000402770936489,-0.000421750562964,0.000300257321214,-0.000395696260966,0.000507954857312],[0.000272729812423,0.00397032313049,-0.000485590600874,-0.000248191034188,-0.000510372687131,0.00210727122612,-0.00261099007912,0.00255025783554,-0.00294296490029,0.00207155523822,-0.00334574957378,0.00396794592962,-0.00269394880161],[-0.0000375927484129,-0.000485590600874,0.00321489549242,-0.000547196890693,0.00053244701121,-0.00113323645201,0.00159125332721,-0.000903582316823,-0.000430610816693,-0.00127782498021,0.00218050600961,-0.00346979987808,0.00209616101347],[-0.000619807455223,-0.000248191034188,-0.000547196890693,0.00670060329139,-0.00141051399987,-0.000302342610667,-0.000216879736399,0.00127518584486,-0.00109967577737,0.000353697192622,-0.00302662583999,0.00377062615007,-0.00502739753574],[0.00047157422523,-0.000510372687131,0.00053244701121,-0.00141051399987,0.00868115946651,-0.00244480185211,-0.000636079465039,-0.00113619363401,0.0000210616180993,-0.00282533140853,0.00125985103659,-0.00302157108672,0.000750001927372],[-0.000480426155264,0.00210727122612,-0.00113323645201,-0.000302342610667,-0.00244480185211,0.00713416188955,-0.00195750384592,-0.0014611184597,0.000486856355565,0.000208281577216,-0.00270777358674,0.00193440646399,-0.000241927293246],[0.000478474132251,-0.00261099007912,0.00159125332721,-0.000216879736399,-0.000636079465039,-0.00195750384592,0.0108949663118,-0.00496220728382,0.00109767296817,0.00119420385454,0.000522062298842,-0.002318628598,0.00123638636433],[-0.000435076275608,0.00255025783554,-0.000903582316823,0.00127518584486,-0.00113619363401,-0.0014611184597,-0.00496220728382,0.015972957015,-0.00800721812993,0.00319543131627,-0.00184940197505,0.00212803017348,-0.00334712001495],[0.000402770936489,-0.00294296490029,-0.000430610816693,-0.00109967577737,0.0000210616180993,0.000486856355565,0.00109767296817,-0.00800721812993,0.0183088034391,-0.00839107204229,0.00517396209762,-0.00137309648562,0.00240211188793],[-0.000421750562964,0.00207155523822,-0.00127782498021,0.000353697192622,-0.00282533140853,0.000208281577216,0.00119420385454,0.00319543131627,-0.00839107204229,0.0245935674757,-0.0130472751334,0.00489198742434,-0.000187223849935],[0.000300257321214,-0.00334574957378,0.00218050600961,-0.00302662583999,0.00125985103659,-0.00270777358674,0.000522062298842,-0.00184940197505,0.00517396209762,-0.0130472751334,0.0276296772063,-0.0128433555365,0.00333540770225],[-0.000395696260966,0.00396794592962,-0.00346979987808,0.00377062615007,-0.00302157108672,0.00193440646399,-0.002318628598,0.00212803017348,-0.00137309648562,0.00489198742434,-0.0128433555365,0.0299624186009,-0.0126793747768],[0.000507954857312,-0.00269394880161,0.00209616101347,-0.00502739753574,0.000750001927372,-0.000241927293246,0.00123638636433,-0.00334712001495,0.00240211188793,-0.000187223849935,0.00333540770225,-0.0126793747768,0.0267635807395]],"mean":[40.0286865234,75.6545944214,-140.422103882,39.1570892334,-48.4035797119,21.6843833923,-21.3447971344,11.6115455627,-18.3705024719,3.69562101364,-21.4896259308,-10.9578723907,-13.4297924042]},"hfc":{"dmean":8.51286792755,"dmean2":13.8463859558,"dvar":139.834030151,"dvar2":355.822906494,"max":256.791625977,"mean":35.638053894,"median":35.3981666565,"min":0.0000405788996432,"var":346.285339355},"melbands":{"dmean":[0.000968504231423,0.00152495212387,0.000478911591927,0.00041384427459,0.000102557933133,0.0000853394594742,0.0000760013936087,0.000100529934571,0.000199943387997,0.000256470259046,0.000198355090106,0.0000735056964913,0.0000396144205297,0.0000462743009848,0.000101931560494,0.0000773341598688,0.0000982627170742,0.0000574123660044,0.0000435832807852,0.0000404521342716,0.0000288660066872,0.0000225776548177,0.0000169707273017,0.0000136367598316,0.0000130336802613,0.0000140308175105,0.0000129035079226,0.0000114099539132,0.00000767639903643,0.00000671241741657,0.0000052025648074,0.00000358121451427,0.00000381099198421,0.00000241877864937,0.00000184916200396,0.00000165198866853,0.00000122789697343,8.24391293008e-7,5.81711162795e-7,3.72644507252e-7],"dmean2":[0.00154904578812,0.00254691415466,0.000816825660877,0.000749215774704,0.00017699575983,0.000143920507981,0.00012762771803,0.000171904976014,0.00032006870606,0.000403934944188,0.000318954378599,0.000116591894766,0.0000616744655417,0.0000729080129531,0.000157085538376,0.000121212186059,0.000160710056662,0.000093202041171,0.000069791203714,0.0000662664388074,0.0000483517324028,0.0000378996046493,0.0000282662404061,0.0000232111706282,0.0000222272246901,0.0000238960838033,0.0000220756410272,0.0000195013035409,0.0000132430677695,0.0000116467708722,0.00000918685691431,0.00000618639523964,0.00000678032074575,0.00000417157343691,0.00000309578445012,0.00000269988731816,0.00000199288251679,0.0000013238501424,9.47598834955e-7,5.89938053963e-7],"dvar":[0.00000333001821673,0.00000588384091316,4.72593427503e-7,0.00000103659726847,4.98014500749e-8,4.87498041934e-8,3.88046430544e-8,7.02033347011e-8,1.78565684905e-7,2.17016378201e-7,2.24092332246e-7,2.53896921265e-8,6.33513508319e-9,6.9871055608e-9,3.83164753259e-8,1.99068033169e-8,4.18524734869e-8,1.32850344059e-8,4.54225235202e-9,4.10160039266e-9,1.34791855455e-9,9.06225594566e-10,8.31677726687e-10,5.20859244624e-10,3.64022478827e-10,3.77136821772e-10,4.35725983072e-10,2.15624892941e-10,1.13677615932e-10,1.2456133347e-10,1.03303546273e-10,3.89473037155e-11,5.66605859453e-11,2.20706421888e-11,2.23890333356e-11,2.42540484224e-11,1.23831361831e-11,7.07273302425e-12,4.42986662977e-12,9.82454243827e-13],"dvar2":[0.00000709138839738,0.000015845096641,0.0000012851152178,0.00000290265097647,1.36341995471e-7,1.35433296578e-7,1.02976009941e-7,1.91635521674e-7,4.39865402768e-7,5.39381574072e-7,5.67956249142e-7,6.52481517704e-8,1.48713059644e-8,1.68802944955e-8,9.19396399013e-8,4.6180133495e-8,1.13765182164e-7,3.26332667555e-8,1.11796696345e-8,1.06222648455e-8,3.72312047858e-9,2.41842434967e-9,2.00741889778e-9,1.35115862943e-9,9.81733361272e-10,1.01018171605e-9,1.16823650753e-9,5.99472027574e-10,3.07995795534e-10,3.47537720824e-10,2.88797180614e-10,1.0616169055e-10,1.61092306161e-10,5.97470475872e-11,5.5895569423e-11,5.46788378464e-11,2.81529747431e-11,1.72611595156e-11,1.14514899299e-11,2.27148703492e-12],"max":[0.0186314675957,0.0244833752513,0.00891217403114,0.00969898700714,0.0038641737774,0.0079208817333,0.00426233233884,0.00554080167785,0.00563391670585,0.00792189594358,0.00721223978326,0.00293678184971,0.00194889074191,0.00219996925443,0.00440858118236,0.0024524377659,0.00439152261242,0.00298016075976,0.00131327216513,0.00139404286165,0.000557605759241,0.000646548578516,0.000844803580549,0.000410660344642,0.000384557759389,0.00031129657873,0.000591767078731,0.000237189800828,0.000164919983945,0.000367087253835,0.000295768346405,0.000133020032081,0.000117962241347,0.000082187805674,0.000135924259666,0.00012374848302,0.0000749982573325,0.000063795101596,0.0000737508089514,0.0000354015173798],"mean":[0.0013888599351,0.00237436406314,0.00082250405103,0.000380607845727,0.000125184873468,0.000117603340186,0.000112578476546,0.00013494657469,0.000307703216095,0.000455769477412,0.000329664646415,0.000144463090692,0.0000820904606371,0.000110163840873,0.000255315739196,0.000154864042997,0.000178800808499,0.000107089217636,0.000082519116404,0.0000836688413983,0.0000639893914922,0.0000479038972117,0.0000344112013408,0.0000243591293838,0.0000246334257099,0.0000288205719698,0.000026319967219,0.000025797267881,0.0000165218716575,0.0000132608001877,0.00000942495353229,0.00000669317614665,0.00000559016234547,0.00000435017136624,0.00000338222957907,0.00000305888352159,0.00000217386832446,0.00000149371635416,0.0000011205327155,7.97335246716e-7],"median":[0.000790700141806,0.00163216190413,0.00062540138606,0.00014801749785,0.0000663354949211,0.0000636596814729,0.0000657957789372,0.0000666665218887,0.0001046997495,0.000214607964153,0.000121810211567,0.0000658083663438,0.0000373015245714,0.0000565605405427,0.0000830619173939,0.0000581615422561,0.0000611727227806,0.0000561884480703,0.0000517717126058,0.0000478809961351,0.0000507360127813,0.0000375577656087,0.000022285963496,0.0000142778926602,0.000017542130081,0.0000234547078435,0.0000212731138163,0.0000212478607864,0.0000139122130349,0.0000100771831058,0.00000734483364795,0.00000497163500768,0.00000353816176357,0.00000290780008072,0.0000020173717985,0.00000166235577126,0.00000123382108086,8.39341851133e-7,6.72606518037e-7,5.24571817095e-7],"min":[3.36268596302e-10,3.51188134129e-10,1.75620532006e-10,1.13941946156e-10,7.04867483825e-11,8.31666263634e-11,2.2996012039e-10,1.11586906382e-10,1.57173940529e-10,4.48096754146e-10,3.15932474626e-10,1.01629882288e-9,8.17768908146e-10,2.04709693641e-10,8.27320920105e-11,1.07536556049e-10,3.71039414471e-11,1.79004547296e-10,4.61623350656e-10,8.89127868553e-11,2.08719125316e-10,1.06971355385e-10,3.10141218263e-11,1.76939123075e-11,2.89303238483e-12,2.150791047e-12,3.40466110166e-12,1.89657209208e-12,1.47285645052e-12,2.7200425072e-12,6.76250451036e-13,6.86769597354e-13,2.84721627785e-13,3.94223743276e-13,9.21254392217e-13,7.55663598102e-13,6.47358685754e-13,4.14984642786e-13,3.85216923464e-13,4.94641708235e-13],"var":[0.00000395793040298,0.00000668360280542,6.58893611671e-7,6.87611020567e-7,4.11201490635e-8,4.33781934817e-8,3.70148178774e-8,6.50717240092e-8,3.41201428e-7,4.48904302175e-7,3.92228855617e-7,5.23493461912e-8,1.96202130098e-8,1.92716012037e-8,2.15521751556e-7,5.39804325683e-8,9.77152510018e-8,2.85375651998e-8,9.25122467521e-9,1.0234628256e-8,3.1355100738e-9,1.98199656687e-9,1.82071546728e-9,8.92814266962e-10,6.50328180196e-10,6.42927155958e-10,6.35899721768e-10,4.5213235933e-10,1.83301387957e-10,1.62462779341e-10,1.04879036011e-10,5.00003441428e-11,5.19746433392e-11,3.03140880453e-11,4.13349111883e-11,5.21071831516e-11,2.21246753557e-11,1.06162622096e-11,5.95693936886e-12,1.69210609066e-12]},"melbands_crest":{"dmean":3.64091396332,"dmean2":5.99196577072,"dvar":10.6670503616,"dvar2":27.0894451141,"max":30.1658229828,"mean":13.2123069763,"median":12.5657119751,"min":3.3812353611,"var":23.1130580902},"melbands_flatness_db":{"dmean":0.0235714055598,"dmean2":0.0370052047074,"dvar":0.000588794006035,"dvar2":0.00132935622241,"max":0.567396461964,"mean":0.145634025335,"median":0.135546058416,"min":0.0334927067161,"var":0.00228264206089},"melbands_kurtosis":{"dmean":2.88486766815,"dmean2":4.69055843353,"dvar":32.8757667542,"dvar2":78.9462432861,"max":231.597824097,"mean":3.67669630051,"median":1.63791751862,"min":-1.47954666615,"var":52.5865287781},"melbands_skewness":{"dmean":0.576262593269,"dmean2":0.913597285748,"dvar":0.3730212152,"dvar2":0.892799139023,"max":10.0592756271,"mean":1.53006291389,"median":1.3117057085,"min":-0.88346517086,"var":1.11425089836},"melbands_spread":{"dmean":9.211977005,"dmean2":14.7931604385,"dvar":85.9848327637,"dvar2":213.249282837,"max":149.190048218,"mean":40.8255500793,"median":41.3627166748,"min":0.511561155319,"var":257.047149658},"mfcc":{"cov":[[4764.80615234,-1036.86413574,345.979309082,-127.0128479,336.397369385,382.351470947,41.4189567566,148.573257446,-133.234558105,99.9259338379,80.9253616333,68.6921691895,-67.5629882812],[-1036.86413574,654.749206543,-148.709640503,128.189056396,-144.925994873,-126.176437378,-30.5116214752,-58.0971412659,39.3508033752,-8.41065788269,1.30183053017,-28.8235244751,1.18442499638],[345.979309082,-148.709640503,404.757446289,-46.5880851746,91.522819519,62.861076355,-36.7897834778,24.2766609192,-31.7087478638,29.2458362579,7.33233261108,20.2331390381,10.8701467514],[-127.0128479,128.189056396,-46.5880851746,218.460372925,-15.7660732269,-19.9333438873,-5.3426990509,-37.8773498535,19.7455120087,-13.602230072,-1.89685213566,-0.960842370987,15.4093055725],[336.397369385,-144.925994873,91.522819519,-15.7660732269,183.189285278,83.4320220947,4.55286979675,25.8462467194,-4.16566181183,30.5797386169,22.2607898712,25.7102489471,2.31114411354],[382.351470947,-126.176437378,62.861076355,-19.9333438873,83.4320220947,161.256744385,52.1388473511,36.7349967957,0.722453773022,16.2631282806,21.0616550446,30.8186645508,10.9338321686],[41.4189567566,-30.5116214752,-36.7897834778,-5.3426990509,4.55286979675,52.1388473511,128.375167847,52.8655815125,18.0545578003,-2.89879393578,2.5246117115,22.0254631042,16.5594081879],[148.573257446,-58.0971412659,24.2766609192,-37.8773498535,25.8462467194,36.7349967957,52.8655815125,123.025428772,37.9705581665,27.6767292023,11.7561655045,1.19771325588,4.5867562294],[-133.234558105,39.3508033752,-31.7087478638,19.7455120087,-4.16566181183,0.722453773022,18.0545578003,37.9705581665,80.4464263916,31.4737491608,7.27761363983,-4.86763954163,6.59258556366],[99.9259338379,-8.41065788269,29.2458362579,-13.602230072,30.5797386169,16.2631282806,-2.89879393578,27.6767292023,31.4737491608,86.197593689,34.0268211365,6.27092647552,-8.61563014984],[80.9253616333,1.30183053017,7.33233261108,-1.89685213566,22.2607898712,21.0616550446,2.5246117115,11.7561655045,7.27761363983,34.0268211365,67.6787338257,21.4386463165,-4.65841960907],[68.6921691895,-28.8235244751,20.2331390381,-0.960842370987,25.7102489471,30.8186645508,22.0254631042,1.19771325588,-4.86763954163,6.27092647552,21.4386463165,72.6553421021,29.8709754944],[-67.5629882812,1.18442499638,10.8701467514,15.4093055725,2.31114411354,10.9338321686,16.5594081879,4.5867562294,6.59258556366,-8.61563014984,-4.65841960907,29.8709754944,69.3886795044]],"icov":[[0.000410162494518,0.000533252372406,0.0000243419945036,-0.000322256964864,0.0000569469157199,-0.000566623406485,0.000236588850385,-0.000448333128588,0.000824536720756,-0.000463451666292,-0.000088030261395,-0.0000791091151768,0.000410844600992],[0.000533252372406,0.00303215766326,0.000283349421807,-0.00138651125599,0.00128196715377,0.000193535452127,0.000331569346599,0.0000272578618024,0.000223588416702,-0.000831676297821,-0.000910564966034,0.000193675266928,0.000307843729388],[0.0000243419945036,0.000283349421807,0.00336671597324,0.0000873300086823,-0.000728993443772,-0.00092135136947,0.00178843573667,-0.00118428468704,0.00180951983202,-0.00127994641662,0.000782307179179,-0.000382630561944,-0.000820611894596],[-0.000322256964864,-0.00138651125599,0.0000873300086823,0.00607692729682,-0.00086210045265,0.000359094497981,-0.000540512730367,0.00250682351179,-0.00286312028766,0.00161453092005,-0.00043335542432,0.000494090083521,-0.00148719560821],[0.0000569469157199,0.00128196715377,-0.000728993443772,-0.00086210045265,0.00882639084011,-0.00333883939311,0.00145626370795,-0.000781454960816,0.000580823398195,-0.00191148731392,-0.000448058330221,-0.00137769221328,0.000545945600607],[-0.000566623406485,0.000193535452127,-0.00092135136947,0.000359094497981,-0.00333883939311,0.0114441784099,-0.00433215731755,0.000604376604315,-0.00124458654318,0.000843661895487,-0.0016886878293,-0.000862685381435,-0.00070761051029],[0.000236588850385,0.000331569346599,0.00178843573667,-0.000540512730367,0.00145626370795,-0.00433215731755,0.0129191912711,-0.00561827141792,0.000135327907628,0.0012698302744,0.00128757487983,-0.00345900724642,-0.000292736047413],[-0.000448333128588,0.0000272578618024,-0.00118428468704,0.00250682351179,-0.000781454960816,0.000604376604315,-0.00561827141792,0.0144862597808,-0.00681285373867,-0.000633746676613,-0.00142621819396,0.00280682905577,-0.00122962868772],[0.000824536720756,0.000223588416702,0.00180951983202,-0.00286312028766,0.000580823398195,-0.00124458654318,0.000135327907628,-0.00681285373867,0.0218731947243,-0.0086548468098,0.00138345255982,0.00182907981798,-0.00210111495107],[-0.000463451666292,-0.000831676297821,-0.00127994641662,0.00161453092005,-0.00191148731392,0.000843661895487,0.0012698302744,-0.000633746676613,-0.0086548468098,0.0199153851718,-0.0076079624705,-0.000471425621072,0.00206174864434],[-0.000088030261395,-0.000910564966034,0.000782307179179,-0.00043335542432,-0.000448058330221,-0.0016886878293,0.00128757487983,-0.00142621819396,0.00138345255982,-0.0076079624705,0.0218309890479,-0.00708909612149,0.00341284228489],[-0.0000791091151768,0.000193675266928,-0.000382630561944,0.000494090083521,-0.00137769221328,-0.000862685381435,-0.00345900724642,0.00280682905577,0.00182907981798,-0.000471425621072,-0.00708909612149,0.0220482200384,-0.00950807891786],[0.000410844600992,0.000307843729388,-0.000820611894596,-0.00148719560821,0.000545945600607,-0.00070761051029,-0.000292736047413,-0.00122962868772,-0.00210111495107,0.00206174864434,0.00341284228489,-0.00950807891786,0.0202874857932]],"mean":[-593.049072266,100.262107849,-22.4879627228,23.7399845123,-0.722544550896,13.5959005356,7.44607543945,6.31544065475,10.7607069016,12.5891046524,1.68021345139,0.888628602028,-2.28869199753]},"pitch_salience":{"dmean":0.0689486041665,"dmean2":0.112108401954,"dvar":0.00413834769279,"dvar2":0.0104616815224,"max":0.835752367973,"mean":0.551553010941,"median":0.556130468845,"min":0.0775902196765,"var":0.00910194776952},"silence_rate_20dB":{"dmean":0,"dmean2":0,"dvar":0,"dvar2":0,"max":1,"mean":1,"median":1,"min":1,"var":0},"silence_rate_30dB":{"dmean":0,"dmean2":0,"dvar":0,"dvar2":0,"max":1,"mean":1,"median":1,"min":1,"var":0},"silence_rate_60dB":{"dmean":0.00248062005267,"dmean2":0.00496200984344,"dvar":0.0024740442168,"dvar2":0.00586746586487,"max":1,"mean":0.0598356835544,"median":0,"min":0,"var":0.0562463179231},"spectral_centroid":{"dmean":243.147079468,"dmean2":388.556091309,"dvar":54077.5625,"dvar2":134168.5625,"max":4042.52734375,"mean":2030.94873047,"median":2103.02636719,"min":163.935409546,"var":243532.90625},"spectral_complexity":{"dmean":4.66589164734,"dmean2":7.40517902374,"dvar":19.0622310638,"dvar2":44.5779953003,"max":59,"mean":33.9714775085,"median":36,"min":0,"var":133.812911987},"spectral_contrast_coeffs":{"dmean":[0.0545332096517,0.0472774021327,0.0406889170408,0.0300440210849,0.0198846179992,0.0197661649436],"dmean2":[0.0907777324319,0.0785819664598,0.0659138038754,0.0496455207467,0.0330413244665,0.0318763181567],"dvar":[0.00203444459476,0.0015551323304,0.00105484214146,0.000586422509514,0.000251706223935,0.000349686393747],"dvar2":[0.00559762865305,0.00423906045035,0.00275832461193,0.00155007292051,0.000682051875629,0.000874904508237],"max":[-0.359542042017,-0.454401135445,-0.530552685261,-0.567687273026,-0.627621412277,-0.578120052814],"mean":[-0.652078330517,-0.768685281277,-0.746454596519,-0.759342491627,-0.791957914829,-0.712805569172],"median":[-0.657405912876,-0.778603792191,-0.750498712063,-0.760622620583,-0.792678952217,-0.714450001717],"min":[-0.975204050541,-0.917859435081,-0.936845183372,-0.952804505825,-0.946966290474,-0.895165741444],"var":[0.00426380010322,0.00414734752849,0.00334832072258,0.00239327759482,0.000755583983846,0.00165258161724]},"spectral_contrast_valleys":{"dmean":[0.407080829144,0.363345533609,0.282761961222,0.254152953625,0.230255365372,0.235803753138],"dmean2":[0.659695923328,0.59844648838,0.451403647661,0.396875441074,0.354322105646,0.36163893342],"dvar":[0.11618475616,0.0975219085813,0.0560100562871,0.0480047464371,0.0587170086801,0.0875557512045],"dvar2":[0.292640954256,0.258954286575,0.137157142162,0.106284171343,0.130003020167,0.190342769027],"max":[-5.52142810822,-4.57083702087,-4.97554063797,-5.51489448547,-5.47208929062,-7.36375808716],"mean":[-7.28411960602,-6.62744092941,-6.84312343597,-6.88481140137,-6.68823385239,-9.85966587067],"median":[-7.10628986359,-6.56904888153,-6.76562595367,-6.74725580215,-6.52712535858,-9.55349636078],"min":[-14.1581125259,-12.9599723816,-12.2351474762,-13.0329875946,-14.3022251129,-16.3816833496],"var":[0.762729823589,0.451956421137,0.404363393784,0.509443223476,0.5353256464,1.50772798061]},"spectral_decrease":{"dmean":2.36336838988e-9,"dmean2":3.80308318171e-9,"dvar":7.5633805248e-18,"dvar2":1.87832203032e-17,"max":-7.37059864504e-15,"mean":-7.59126717043e-9,"median":-7.14369319255e-9,"min":-2.67493707184e-8,"var":1.53537443728e-17},"spectral_energy":{"dmean":0.00939249061048,"dmean2":0.0151263140142,"dvar":0.000118712581752,"dvar2":0.000295454781735,"max":0.109994217753,"mean":0.031883649528,"median":0.0303837917745,"min":3.14990167283e-8,"var":0.000251270277658},"spectral_energyband_high":{"dmean":0.000663606275339,"dmean2":0.00112584827002,"dvar":0.00000139078770189,"dvar2":0.00000363860976904,"max":0.024907771498,"mean":0.00175578787457,"median":0.00152028596494,"min":3.85239146139e-10,"var":0.00000224007067118},"spectral_energyband_low":{"dmean":0.00609086547047,"dmean2":0.00980605185032,"dvar":0.0000812453436083,"dvar2":0.000195068962057,"max":0.0814951211214,"mean":0.0109268929809,"median":0.00782356970012,"min":2.20147122754e-9,"var":0.000115495029604},"spectral_energyband_middle_high":{"dmean":0.00284174294211,"dmean2":0.00444848043844,"dvar":0.0000111124527393,"dvar2":0.000027231320928,"max":0.057377781719,"mean":0.0115957939997,"median":0.0108282258734,"min":2.29114025529e-8,"var":0.0000540631408512},"spectral_energyband_middle_low":{"dmean":0.00441105524078,"dmean2":0.00735194515437,"dvar":0.0000421432741859,"dvar2":0.000113872119982,"max":0.0561910904944,"mean":0.00875972956419,"median":0.00623438274488,"min":6.02155303397e-9,"var":0.0000580279665883},"spectral_entropy":{"dmean":0.0978310182691,"dmean2":0.151541978121,"dvar":0.0118798417971,"dvar2":0.0249500311911,"max":8.61736011505,"mean":7.85771894455,"median":7.88992929459,"min":6.03879165649,"var":0.0574169903994},"spectral_flux":{"dmean":0.0255913604051,"dmean2":0.0396632626653,"dvar":0.000673878996167,"dvar2":0.0014197534183,"max":0.25877314806,"mean":0.096382021904,"median":0.0919409766793,"min":0.000447196798632,"var":0.00190337002277},"spectral_kurtosis":{"dmean":1.08454120159,"dmean2":1.88229644299,"dvar":1.55309987068,"dvar2":4.57587003708,"max":25.872959137,"mean":3.48071146011,"median":3.22142219543,"min":-0.535702228546,"var":2.69316601753},"spectral_rms":{"dmean":0.00077056750888,"dmean2":0.00122334656771,"dvar":6.57178361507e-7,"dvar2":0.00000160495153523,"max":0.0103591233492,"mean":0.00534632056952,"median":0.00544451316819,"min":0.00000554353209736,"var":0.00000252283871305},"spectral_rolloff":{"dmean":526.638122559,"dmean2":871.585693359,"dvar":439256.15625,"dvar2":986377.0625,"max":11714.0625,"mean":2172.04052734,"median":2110.25390625,"min":86.1328125,"var":1100896.75},"spectral_skewness":{"dmean":0.167164772749,"dmean2":0.280575811863,"dvar":0.0297822058201,"dvar2":0.07779391855,"max":3.81427717209,"mean":1.21010363102,"median":1.1919054985,"min":0.0523953400552,"var":0.10099466145},"spectral_spread":{"dmean":315848.03125,"dmean2":496974.15625,"dvar":137213468672,"dvar2":307077742592,"max":10552003,"mean":4014306.25,"median":3952144.75,"min":1859545,"var":813410091008},"spectral_strongpeak":{"dmean":0.933088004589,"dmean2":1.6392377615,"dvar":1.79807698727,"dvar2":4.46918487549,"max":12.0521640778,"mean":1.40799665451,"median":0.469692826271,"min":0.00048697827151,"var":3.09992599487},"zerocrossingrate":{"dmean":0.0086708907038,"dmean2":0.0106335375458,"dvar":0.0000700088930898,"dvar2":0.0000958812961471,"max":0.24365234375,"mean":0.0765646323562,"median":0.07666015625,"min":0.001953125,"var":0.000565455469768}},"metadata":{"audio_properties":{"analysis_sample_rate":44100,"bit_rate":0,"codec":"flac","downmix":"mix","equal_loudness":0,"length":149.759994507,"lossless":true,"md5_encoded":"347f9f0ab1749c53763a725e1c269255","replay_gain":-16.6556930542},"tags":{"album":["The Warrior’s Code"],"albumartist":["Dropkick Murphys"],"albumartistsort":["Dropkick Murphys"],"artist":["Dropkick Murphys"],"artistsort":["Dropkick Murphys"],"date":["2005-06-20"],"discnumber":["1"],"disctotal":["1"],"file_name":"02 - The Warrior’s Code.flac","musicbrainz_albumartistid":["e8374874-4178-4869-b92e-fef6bf30dc04"],"musicbrainz_albumid":["6953433e-ef84-452c-98ed-d0e157cdc109"],"musicbrainz_artistid":["e8374874-4178-4869-b92e-fef6bf30dc04"],"musicbrainz_recordingid":["1b271f4b-099d-4920-b9b1-e45506330459"],"musicbrainz_releasegroupid":["d9b5becd-b49c-3554-8a06-9e8c6f7d3fbe"],"releasecountry":["XE"],"releasetype":["album"],"replaygain_album_gain":["-11.36 dB"],"replaygain_album_peak":["1.00000000"],"replaygain_reference_loudness":["89.0 dB"],"replaygain_track_gain":["-11.60 dB"],"replaygain_track_peak":["0.99963379"],"title":["The Warrior’s Code"],"totaldiscs":["1"],"totaltracks":["14"],"tracknumber":["2"],"tracktotal":["14"]},"version":{"essentia":"2.1-beta1","essentia_build_sha":"0a826ad6289770054bb7564d59068f1232327ff9","essentia_git_sha":"v2.1_beta1-5-gf9dded9","extractor":"music 1.0"}},"rhythm":{"beats_count":452,"beats_loudness":{"dmean":0.0163507498801,"dmean2":0.029702829197,"dvar":0.00016002911434,"dvar2":0.000486387056299,"max":0.0963278263807,"mean":0.0403272546828,"median":0.0408314652741,"min":0.00000435967513113,"var":0.000325463450281},"beats_loudness_band_ratio":{"dmean":[0.24039016664,0.0897243320942,0.108034923673,0.0992903932929,0.0754973888397,0.0476466938853],"dmean2":[0.448813706636,0.174740746617,0.189030185342,0.172562643886,0.136509820819,0.0873693227768],"dvar":[0.0314901098609,0.00658101215959,0.0100765069947,0.00799720734358,0.00589845282957,0.0014207620406