{"lowlevel":{"average_loudness":0.635661125183,"barkbands":{"dmean":[0.00000145065155266,0.00105058460031,0.00121351506095,0.000464019627543,0.000843540183268,0.000401550758397,0.000437118374975,0.000905958819203,0.000694429618306,0.000678634853102,0.000600331812166,0.000391533249058,0.0003552584094,0.000391747191316,0.000454868510133,0.000292546872515,0.000167820166098,0.000106815794425,0.000139721058076,0.000122464261949,0.0000817078835098,0.0000337397505064,0.0000172292038769,0.0000203460986086,0.0000150328260133,0.0000025645988444,7.45891810539e-8],"dmean2":[0.00000235020161199,0.00171404494904,0.00201150705107,0.000772320956457,0.00143850408494,0.000638984085526,0.000698647811078,0.00147577212192,0.00103680847678,0.00107933813706,0.000947481836192,0.000601583335083,0.0005617182469,0.000614354794379,0.00068082252983,0.000439972791355,0.00025943206856,0.000157947040861,0.00020560559642,0.000180475253728,0.000120097713079,0.000049124864745,0.0000243633385253,0.0000297844617307,0.0000227693399211,0.00000380486767426,1.03084673242e-7],"dvar":[1.286620116e-11,0.00000230004729929,0.00000330431043949,6.45475665806e-7,0.00000258880868387,0.00000102091166809,0.00000179601750006,0.00000688910586177,0.00000560159514862,0.00000456702309748,0.00000328210353473,0.00000245593946602,0.00000152089558014,0.00000152651216467,0.00000279903974842,0.00000288576552521,1.86330254337e-7,8.03229340818e-8,5.2492919167e-7,2.75684783446e-7,7.60402656397e-8,1.73534893122e-8,5.09208275545e-9,2.62610821977e-8,3.59111673731e-8,1.22982368733e-9,6.89137061218e-13],"dvar2":[2.9714373323e-11,0.00000603193984716,0.0000090279017968,0.00000169716577147,0.0000067850492087,0.0000024009898425,0.00000418530316892,0.0000166910685948,0.0000114058466352,0.0000111492408905,0.00000725180007066,0.00000500125224789,0.00000361331422027,0.00000355984798261,0.00000551036828256,0.00000533495813215,4.04361571782e-7,1.63952904586e-7,0.00000102284525383,6.05915374763e-7,1.62958059491e-7,3.82230176399e-8,9.10222208717e-9,5.70551321744e-8,8.71813838899e-8,2.88417623118e-9,9.77575876152e-13],"max":[0.0000860266591189,0.0196442343295,0.0284013003111,0.0100542418659,0.0229953043163,0.0229997485876,0.0426557324827,0.0517291687429,0.0792635977268,0.0469673871994,0.0406295731664,0.0355759784579,0.0357537083328,0.0227161049843,0.0716551169753,0.0981660708785,0.012427370064,0.0107910968363,0.0322857499123,0.0221940446645,0.00864320900291,0.00435464829206,0.00262852525339,0.00786319281906,0.00980997551233,0.00172476412263,0.0000622247171123],"mean":[0.00000143698503052,0.00232342793606,0.00255111255683,0.000624220410828,0.000990969710983,0.000628555950243,0.000590513693169,0.00152737798635,0.00153261399828,0.00114878290333,0.00112113752402,0.000658263918012,0.000588272756431,0.000638358935248,0.00105480861384,0.000775096181314,0.000320890714647,0.000208410463529,0.000273685669526,0.000251802412095,0.000176546673174,0.0000635850883555,0.0000350417176378,0.0000366506355931,0.0000207962475542,0.00000338847075909,1.45295089737e-7],"median":[4.51498209486e-7,0.0018888207851,0.00188575102948,0.000305718946038,0.000351104303263,0.000149414147018,0.000105617822555,0.000206036522286,0.000207289835089,0.000210549376789,0.000323987973388,0.000187558514881,0.000176281799213,0.0000958065429586,0.000173524225829,0.000125353079056,0.00010276719695,0.0000715310889063,0.000071594316978,0.0000543164205737,0.0000537322921446,0.0000232220882026,0.0000126837185235,0.0000101116147562,0.00000270854161499,3.73454497549e-7,4.46976926582e-8],"min":[1.1302811869e-24,3.54618181003e-24,1.33966015533e-24,5.30351068251e-24,1.94659664071e-23,5.14652223477e-24,5.70494700882e-24,8.5160634942e-24,2.44069335781e-23,2.03265615899e-23,2.27887258483e-23,3.76158162126e-23,1.39785284658e-23,6.9615056376e-23,8.73933684724e-23,7.61949514974e-23,9.7684229375e-23,1.29749860072e-22,1.42296901029e-22,1.9285346921e-22,3.56794315341e-22,3.31304035926e-22,4.23789608827e-22,5.48740177991e-22,1.08732093824e-21,1.21744779809e-21,1.9786881208e-21],"var":[1.31281331292e-11,0.00000517172020409,0.00000690145407134,8.3572405174e-7,0.00000296043026538,0.00000214151418731,0.0000033037074445,0.0000139321618917,0.0000230569112318,0.00000964577338891,0.00000733656179364,0.0000044697476369,0.00000220276433538,0.00000338283325618,0.0000164657940331,0.0000163752156368,4.33229303098e-7,1.91098223468e-7,0.00000122282426673,9.39176175052e-7,2.332819804e-7,3.24686517672e-8,1.11126485791e-8,4.08587297329e-8,4.81176876121e-8,1.64916957868e-9,1.58948949922e-12]},"barkbands_crest":{"dmean":2.17626047134,"dmean2":3.51559877396,"dvar":4.55284881592,"dvar2":10.792883873,"max":26.8769893646,"mean":9.79245281219,"median":8.94056129456,"min":2.43168759346,"var":17.5902194977},"barkbands_flatness_db":{"dmean":0.0193191785365,"dmean2":0.0286821238697,"dvar":0.000385987397749,"dvar2":0.000797581218649,"max":0.549076020718,"mean":0.164581239223,"median":0.150464296341,"min":0.0414450056851,"var":0.0041679488495},"barkbands_kurtosis":{"dmean":2.73560285568,"dmean2":4.33574390411,"dvar":207.678375244,"dvar2":505.79284668,"max":773.226745605,"mean":4.21364545822,"median":0.611597061157,"min":-1.94213080406,"var":546.366577148},"barkbands_skewness":{"dmean":0.478036522865,"dmean2":0.720719754696,"dvar":0.411435723305,"dvar2":0.934850633144,"max":21.0817432404,"mean":0.955916881561,"median":0.855872869492,"min":-10.9547395706,"var":2.05203342438},"barkbands_spread":{"dmean":4.51804161072,"dmean2":6.94491386414,"dvar":32.1363868713,"dvar2":66.9116287231,"max":111.015533447,"mean":21.1358356476,"median":20.0440177917,"min":0.134779602289,"var":141.086898804},"dissonance":{"dmean":0.021888686344,"dmean2":0.0374294184148,"dvar":0.000556494574994,"dvar2":0.00153630715795,"max":0.5,"mean":0.459522634745,"median":0.469777852297,"min":0.186858192086,"var":0.00131302536465},"dynamic_complexity":5.53502464294,"erbbands":{"dmean":[0.00831076037139,0.304723381996,1.31807303429,1.38218653202,1.75035572052,3.64477181435,2.88899612427,3.78035306931,4.91393709183,11.9180736542,17.9772071838,14.9371042252,23.3839149475,14.0325279236,26.3084716797,15.751499176,15.7169523239,19.267036438,24.4282646179,15.5140237808,11.6994752884,7.90350389481,5.63333702087,6.23964595795,7.15068864822,5.4634642601,4.01376867294,2.22874426842,1.22944021225,0.788610637188,0.4971396029,0.440817415714,0.337844282389,0.208301618695,0.0854066982865,0.0224031247199,0.00281914812513,0.000275314931059,0.0000154577410285,0.00000638875189907],"dmean2":[0.0139523455873,0.494312554598,2.16562175751,2.27429699898,2.91863632202,6.30034589767,4.89740085602,5.94160652161,7.92874670029,19.0071907043,29.4850997925,22.1048660278,36.5393791199,21.8995628357,40.660949707,22.9986400604,24.4395866394,30.0477180481,35.9449310303,23.311384201,17.2756538391,12.0301094055,8.07525062561,9.50913906097,10.0122499466,7.89287948608,5.76812696457,3.22209048271,1.76967203617,1.17195165157,0.702003598213,0.651722073555,0.507078707218,0.318662345409,0.129144415259,0.0341746397316,0.0037391751539,0.000358908408089,0.0000206013028219,0.00000949659806793],"dvar":[0.000151263433509,0.194146364927,3.86588692665,5.13397598267,9.02901935577,61.4877510071,40.6600418091,110.652648926,256.480529785,1213.86157227,3367.2331543,2613.73999023,6259.30566406,1830.74975586,5230.93798828,3738.22949219,2611.09008789,3814.01855469,8069.75,2619.85986328,4252.08398438,534.716125488,219.571670532,877.663085938,1734.2010498,685.34588623,222.012924194,42.6955413818,16.4411354065,16.1626224518,4.75676012039,8.42687034607,9.47413349152,6.87334012985,1.30207073689,0.105025522411,0.00111964321695,0.0000130221924337,1.7102605554e-8,1.13870600449e-10],"dvar2":[0.000407107901992,0.509247839451,10.5601568222,13.3006315231,22.7860202789,163.821166992,106.704879761,255.941757202,551.243103027,2876.74438477,8322.34179688,5087.2265625,14449.4482422,4151.49267578,11500.5185547,7141.03710938,6133.8125,9228.86621094,15132.9482422,5041.13720703,8049.82519531,1167.83740234,416.397735596,2200.72265625,3100.31347656,1468.91711426,478.598449707,85.7692718506,32.9025344849,38.2187309265,8.54172515869,16.9345169067,21.5785255432,16.8103847504,3.11857700348,0.262505203485,0.00171151163522,0.0000220104648179,2.26496226219e-8,2.476840677e-10],"max":[0.144221439958,5.70595121384,29.4390544891,30.888261795,57.8896141052,112.13634491,138.783615112,293.459533691,605.626098633,1149.97436523,1242.08557129,2168.64501953,1755.64477539,1052.40368652,1859.65405273,1554.31860352,1324.78063965,1320.08691406,4158.85595703,2126.328125,3893.21655273,824.522888184,595.694030762,1779.28625488,2317.27368164,1400.24023438,620.651794434,201.884384155,162.641601562,161.797348022,81.4036178589,107.686408997,174.212890625,140.100646973,57.4793510437,14.5567092896,2.02145123482,0.267570704222,0.00985874049366,0.000376152980607],"mean":[0.0153916478157,0.703773319721,3.11819219589,2.33670568466,2.519053936,3.65676164627,3.45058393478,5.89878225327,7.06668567657,21.1450386047,29.3419857025,38.029838562,42.9027557373,26.5603713989,53.3521728516,29.54804039,28.2910346985,34.9094238281,59.2029266357,37.1237297058,33.5656738281,16.4189777374,12.2134628296,12.9345884323,14.1890420914,11.9901151657,9.31340789795,4.85551023483,2.47754263878,1.52644240856,0.97223508358,0.806558191776,0.558807730675,0.301260411739,0.111800350249,0.0265350416303,0.00425982475281,0.00043950334657,0.0000378558142984,0.0000234579856624],"median":[0.0117312204093,0.579642891884,2.38190364838,1.49537551403,1.15668988228,0.964138567448,1.15479958057,1.12203168869,1.54720652103,3.94679737091,4.34443759918,5.64628219604,8.14645195007,6.37508392334,16.5704231262,9.45640945435,9.55005836487,7.15047645569,8.35732841492,9.15175056458,7.15021848679,5.21393489838,4.55660247803,4.5017824173,2.8624215126,2.46442103386,2.3886525631,1.71808123589,0.940090656281,0.586973726749,0.334073334932,0.243298709393,0.132010415196,0.045223865658,0.0127825196832,0.00296319602057,0.000505247386172,0.0000783073337516,0.0000179523121915,0.0000179718335858],"min":[1.13075713429e-22,1.06043958782e-21,2.73781131755e-21,1.90537063601e-20,2.02820824945e-20,3.87910581095e-20,4.45657836803e-20,5.78903127177e-20,1.1729143205e-19,3.3439394063e-19,3.12415234766e-19,7.4802418422e-19,6.95824848267e-19,9.23817331783e-19,1.23172600902e-18,1.78641337207e-18,1.19546489251e-18,3.16429195897e-18,4.03918042015e-18,5.02292481596e-18,4.65437490763e-18,6.6663792511e-18,7.22361939692e-18,6.75577514144e-18,8.63994451151e-18,8.32170662316e-18,1.14778332755e-17,1.34612701094e-17,1.26937416267e-17,1.47307863816e-17,1.28239018048e-17,8.46644337803e-18,1.25307026736e-17,1.0768153669e-17,7.01006700535e-18,4.43260199514e-18,2.51198373856e-18,1.05320295864e-18,2.62526343511e-19,2.67837221091e-20],"var":[0.000249786826316,0.460795342922,9.69248008728,7.86466217041,14.3635787964,59.4344673157,45.0527687073,225.374023438,518.406494141,2515.67163086,7001.46044922,14505.6191406,14391.2480469,4661.0703125,13167.1914062,7770.20751953,4153.79785156,8389.6640625,51798.8242188,12248.2792969,23857.4921875,1171.8302002,604.322387695,1328.15905762,4524.92919922,2201.50683594,954.787780762,119.996574402,39.4869155884,20.7517051697,10.0504837036,13.806186676,13.8010492325,8.72070503235,1.78858375549,0.108343236148,0.00252711470239,0.0000276540904451,4.59969449196e-8,5.24255083789e-10]},"erbbands_crest":{"dmean":2.67148900032,"dmean2":4.19651603699,"dvar":8.05617523193,"dvar2":17.7032394409,"max":33.6855735779,"mean":11.7918844223,"median":10.0693969727,"min":2.20954656601,"var":40.0128898621},"erbbands_flatness_db":{"dmean":0.0170100778341,"dmean2":0.0242129135877,"dvar":0.000329701113515,"dvar2":0.000594713550527,"max":0.482714772224,"mean":0.200423792005,"median":0.195171356201,"min":0.0259744785726,"var":0.00338049978018},"erbbands_kurtosis":{"dmean":2.02034568787,"dmean2":2.89321303368,"dvar":37.3234634399,"dvar2":64.5681838989,"max":250.048034668,"mean":3.9393286705,"median":0.497930169106,"min":-1.8898576498,"var":203.474151611},"erbbands_skewness":{"dmean":0.399347901344,"dmean2":0.595350146294,"dvar":0.23761202395,"dvar2":0.481380581856,"max":12.0633811951,"mean":0.135989382863,"median":0.0533783137798,"min":-8.82799911499,"var":1.94307208061},"erbbands_spread":{"dmean":5.59574842453,"dmean2":8.40841293335,"dvar":37.5715827942,"dvar2":80.7030715942,"max":140.627349854,"mean":26.9588279724,"median":24.9077796936,"min":0.316116541624,"var":279.308288574},"gfcc":{"cov":[[22775.7050781,1135.12255859,-3276.16430664,1213.24523926,-1380.92700195,716.215759277,-447.463562012,-81.9659500122,-201.512237549,-99.5768127441,158.175918579,-268.13269043,96.0820770264],[1135.12255859,1243.29943848,82.4851226807,-101.407600403,268.155792236,-56.1714935303,143.774398804,-3.8167116642,98.3925247192,-116.492454529,-22.3708229065,-96.6646194458,-63.6814193726],[-3276.16430664,82.4851226807,1476.5234375,145.904891968,328.328765869,107.418968201,27.5399589539,93.0290374756,45.0456886292,-40.2993431091,-98.3259658813,-28.0493221283,-154.869415283],[1213.24523926,-101.407600403,145.904891968,585.290588379,59.4041061401,97.433883667,-81.3735961914,-12.6559095383,-3.31465601921,17.179649353,-5.90784168243,-48.8439865112,-17.9743061066],[-1380.92700195,268.155792236,328.328765869,59.4041061401,590.93371582,62.3934745789,76.8644790649,3.82472681999,46.0779190063,-0.377049773932,-69.1601715088,-46.5237960815,-22.018032074],[716.215759277,-56.1714935303,107.418968201,97.433883667,62.3934745789,357.885955811,51.0612106323,11.7992925644,-36.1792259216,-34.6983604431,-11.5464954376,-13.7704334259,-23.4995574951],[-447.463562012,143.774398804,27.5399589539,-81.3735961914,76.8644790649,51.0612106323,251.697387695,83.7625427246,10.7142028809,-35.4680099487,-7.61956882477,-18.3102817535,-29.6919403076],[-81.9659500122,-3.8167116642,93.0290374756,-12.6559095383,3.82472681999,11.7992925644,83.7625427246,166.902481079,66.6922531128,-3.28445458412,-36.4365234375,-33.9310684204,-35.8127632141],[-201.512237549,98.3925247192,45.0456886292,-3.31465601921,46.0779190063,-36.1792259216,10.7142028809,66.6922531128,175.552719116,32.2808837891,-43.0851669312,-46.003364563,-18.5448856354],[-99.5768127441,-116.492454529,-40.2993431091,17.179649353,-0.377049773932,-34.6983604431,-35.4680099487,-3.28445458412,32.2808837891,106.363990784,21.1027202606,-7.76028251648,3.81088256836],[158.175918579,-22.3708229065,-98.3259658813,-5.90784168243,-69.1601715088,-11.5464954376,-7.61956882477,-36.4365234375,-43.0851669312,21.1027202606,116.53918457,43.911315918,3.57535505295],[-268.13269043,-96.6646194458,-28.0493221283,-48.8439865112,-46.5237960815,-13.7704334259,-18.3102817535,-33.9310684204,-46.003364563,-7.76028251648,43.911315918,114.985321045,41.6447982788],[96.0820770264,-63.6814193726,-154.869415283,-17.9743061066,-22.018032074,-23.4995574951,-29.6919403076,-35.8127632141,-18.5448856354,3.81088256836,3.57535505295,41.6447982788,107.625335693]],"icov":[[0.000426863087341,-0.00108633527998,0.00107845966704,-0.00104967062362,0.00100432767067,-0.00129183090758,0.00119550235104,-0.00120559940115,0.000999791431241,-0.000748511985876,0.000772736791987,-0.000112654466648,0.000421453005401],[-0.00108633527998,0.00417628372088,-0.00270534027368,0.00288042426109,-0.00315131898969,0.00371445878409,-0.00351877696812,0.00390721065924,-0.00368482759222,0.00407105218619,-0.00302367587574,0.00152894714847,-0.000745473371353],[0.00107845966704,-0.00270534027368,0.00377334211953,-0.00283287744969,0.00199385872111,-0.00333475926891,0.00332951173186,-0.0034689642489,0.00255826395005,-0.00163371360395,0.00265888124704,-0.00121479458176,0.00271748006344],[-0.00104967062362,0.00288042426109,-0.00283287744969,0.00469740992412,-0.00271597411484,0.00264269253239,-0.00208193296567,0.00291278515942,-0.00243653426878,0.00200639036484,-0.00259059714153,0.00163406541105,-0.00127134367358],[0.00100432767067,-0.00315131898969,0.00199385872111,-0.00271597411484,0.00493813632056,-0.00339112733491,0.00189870246686,-0.00201639765874,0.00234786281362,-0.00321737397462,0.00321540981531,-0.000290026364382,0.000300828891341],[-0.00129183090758,0.00371445878409,-0.00333475926891,0.00264269253239,-0.00339112733491,0.007319313474,-0.00443275459111,0.00384113285691,-0.00258513842709,0.00354722118936,-0.00246458896436,0.000804507173598,-0.000847008370329],[0.00119550235104,-0.00351877696812,0.00332951173186,-0.00208193296567,0.00189870246686,-0.00443275459111,0.00964946299791,-0.00699787866324,0.00369869731367,-0.000989506021142,0.0010939972708,-0.000172510059201,0.00175091216806],[-0.00120559940115,0.00390721065924,-0.0034689642489,0.00291278515942,-0.00201639765874,0.00384113285691,-0.00699787866324,0.0137093923986,-0.00645422702655,0.00289466744289,-0.000769567501266,0.00124986725859,0.000267663417617],[0.000999791431241,-0.00368482759222,0.00255826395005,-0.00243653426878,0.00234786281362,-0.00258513842709,0.00369869731367,-0.00645422702655,0.0117019657046,-0.00601029908285,0.00459342915565,0.000329250760842,0.000939273973927],[-0.000748511985876,0.00407105218619,-0.00163371360395,0.00200639036484,-0.00321737397462,0.00354722118936,-0.000989506021142,0.00289466744289,-0.00601029908285,0.0165752768517,-0.0067363390699,0.0035669428762,-0.000911149953026],[0.000772736791987,-0.00302367587574,0.00265888124704,-0.00259059714153,0.00321540981531,-0.00246458896436,0.0010939972708,-0.000769567501266,0.00459342915565,-0.0067363390699,0.0157366283238,-0.00632682954893,0.00403521535918],[-0.000112654466648,0.00152894714847,-0.00121479458176,0.00163406541105,-0.000290026364382,0.000804507173598,-0.000172510059201,0.00124986725859,0.000329250760842,0.0035669428762,-0.00632682954893,0.0153163149953,-0.00577119132504],[0.000421453005401,-0.000745473371353,0.00271748006344,-0.00127134367358,0.000300828891341,-0.000847008370329,0.00175091216806,0.000267663417617,0.000939273973927,-0.000911149953026,0.00403521535918,-0.00577119132504,0.0149140814319]],"mean":[-77.9891052246,109.137619019,-139.145080566,31.4688663483,-48.4452781677,17.6324920654,-23.6646995544,6.12839698792,-17.7009563446,-4.37682771683,-15.2232694626,-10.5501508713,-8.32005977631]},"hfc":{"dmean":4.60949897766,"dmean2":6.40155792236,"dvar":77.8030776978,"dvar2":148.408813477,"max":252.456237793,"mean":16.7880783081,"median":9.18657684326,"min":1.09806757244e-16,"var":468.473632812},"melbands":{"dmean":[0.000180042145075,0.000571109063458,0.000233873506659,0.000189149213838,0.000118500131066,0.0000822904548841,0.0000776821834734,0.000150294174091,0.000136389004183,0.000101048004581,0.000117730982311,0.000058903304307,0.00008378768689,0.0000549886826775,0.0000427344239142,0.0000284665693471,0.000041077430069,0.000038902315282,0.0000287168295472,0.0000259790813288,0.0000121035736811,0.00000879747130966,0.0000080064382928,0.00000453949542134,0.00000567326242162,0.00000575972535444,0.00000525724726685,0.00000398640668209,0.0000027621879326,0.00000248541550718,0.00000115761520192,7.95078960891e-7,6.04498950452e-7,3.92014868567e-7,3.11561791477e-7,2.71511595429e-7,2.86561288476e-7,2.42211257273e-7,2.36458546965e-7,1.66436691984e-7],"dmean2":[0.00029731405084,0.0009238065104,0.000380087265512,0.000322125735693,0.000201363392989,0.000129190651933,0.000124126920127,0.000239782355493,0.000221553724259,0.00014847535931,0.000184604665264,0.0000918502555578,0.000130252738018,0.0000828687698231,0.0000659483484924,0.0000441796983068,0.0000647851920803,0.0000570211850572,0.0000438131392002,0.0000393011068809,0.0000182574003702,0.0000135995396704,0.0000119319711303,0.00000672276746627,0.0000088569968284,0.00000816077863419,0.00000798253404355,0.00000585864927416,0.00000411700466429,0.00000376773391508,0.00000172322097569,0.00000116875025924,9.21688069866e-7,5.84774795698e-7,4.50948760999e-7,4.04304444146e-7,4.34958110418e-7,3.61524968184e-7,3.67339424656e-7,2.57456775898e-7],"dvar":[6.70993074436e-8,7.14812642855e-7,1.35277133495e-7,1.28111338427e-7,6.19425861714e-8,4.96340959444e-8,5.73620262401e-8,1.76387885631e-7,2.0146683255e-7,1.21804617947e-7,1.57000897616e-7,3.42009336407e-8,6.45665707566e-8,4.06863698288e-8,2.22365859059e-8,9.2420266995e-9,1.84573050177e-8,1.88281763513e-8,1.34572513133e-8,1.97990122075e-8,2.88109536228e-9,7.39627248336e-10,5.65426983012e-10,1.21755383553e-10,8.86774875752e-10,1.25040233723e-9,6.43034958614e-10,5.08962816337e-10,1.40006062299e-10,8.48593348368e-11,1.18238561303e-11,8.56046050018e-12,1.1009333202e-11,2.45774321034e-12,1.76788325732e-12,2.09997232277e-12,4.19678050992e-12,4.32483259274e-12,6.33420703042e-12,4.63121858571e-12],"dvar2":[1.78696467401e-7,0.00000191813137462,3.39688767781e-7,3.36398187528e-7,1.62353742894e-7,1.14992104727e-7,1.25080177327e-7,4.15337837012e-7,4.88125579068e-7,2.31838612308e-7,3.64404456832e-7,7.83790810033e-8,1.40803081194e-7,8.22702332925e-8,4.66343479388e-8,2.18163247467e-8,4.51852812944e-8,3.63219356814e-8,2.96766149432e-8,3.62481706873e-8,5.60172175312e-9,1.61865376658e-9,1.10459763558e-9,2.53413900975e-10,2.2882828965e-9,2.41637465592e-9,1.47812295737e-9,1.17673282229e-9,3.40068778693e-10,2.04893213507e-10,2.39808763125e-11,1.7357277074e-11,2.68738850617e-11,5.47106500728e-12,3.43680444347e-12,3.72336710075e-12,9.21830754091e-12,9.64194522834e-12,1.56026910142e-11,1.13873389884e-11],"max":[0.00330674787983,0.0131235448644,0.00464866077527,0.00638734456152,0.00530040077865,0.00567319290712,0.00956197176129,0.0112773701549,0.0106293791905,0.0151071194559,0.00883123092353,0.00404619239271,0.00616098707542,0.00511882454157,0.00461408449337,0.00320890452713,0.00298462295905,0.0058788950555,0.00570824742317,0.00794924329966,0.00308407051489,0.00098846515175,0.000894024386071,0.000387252133805,0.00176503218245,0.0012993827695,0.00109792023432,0.00131981307641,0.000467987643788,0.000305984751321,0.0000939702367759,0.000146387290442,0.0001387885859,0.0000511106518388,0.0000440915573563,0.0000598854603595,0.0000863688546815,0.000118799944175,0.000136751215905,0.000110815111839],"mean":[0.000375093863113,0.00144732242916,0.000423221761594,0.000223220151383,0.000134192305268,0.00012960206368,0.000108736770926,0.00026101412368,0.000216771804844,0.00025280151749,0.000211006685277,0.000101861500298,0.000159983421327,0.00010470833513,0.0000675595074426,0.0000528769742232,0.0000664083127049,0.0000870166622917,0.0000608943446423,0.0000665303014102,0.0000306951551465,0.0000167278867593,0.0000147788896356,0.00000915926284506,0.0000105203089333,0.00000977693616733,0.00000961663772614,0.00000770142378315,0.00000595674509896,0.00000470703525934,0.00000225910775953,0.00000147489322444,0.00000104285891211,7.46488069581e-7,5.6719903796e-7,4.95462074923e-7,4.84200427309e-7,3.94718824737e-7,3.40288721645e-7,2.2572095304e-7],"median":[0.000300238782074,0.00119077565614,0.000300137267914,0.0000802335562184,0.000042100007704,0.0000249079403147,0.0000216555890802,0.0000461454510514,0.0000283743102045,0.0000336240700562,0.0000378798358724,0.0000181635805347,0.0000471781677334,0.0000327574380208,0.0000190317368833,0.0000155688612722,0.0000106576762846,0.0000118340121844,0.0000107632895379,0.0000118049902085,0.0000069376119427,0.00000517468561156,0.00000420414562541,0.00000363177241525,0.0000034635713746,0.00000162115657076,0.00000190631635633,0.00000139444227898,0.00000130860462377,0.00000133663536417,7.58979922466e-7,4.98248141412e-7,3.50916025127e-7,2.84924453808e-7,1.83509342833e-7,1.52211924842e-7,1.34227661874e-7,9.5406427647e-8,5.75493501742e-8,2.87434342994e-8],"min":[1.84692493308e-24,1.37044841038e-24,3.97262621032e-24,4.3274223189e-24,2.05926814497e-24,8.99519256169e-25,1.66369660506e-24,3.17957566484e-24,2.33989160693e-24,4.47359153932e-24,3.36864511343e-24,3.1288373147e-24,4.58471600846e-24,3.90742370106e-24,4.24220561962e-24,1.69879716825e-24,5.93260713847e-24,3.79136135709e-24,6.47001231926e-24,6.25050467264e-24,5.00311008322e-24,5.90459587102e-24,5.63934888582e-24,5.34069600786e-24,4.28207741078e-24,5.67683752818e-24,6.27785171921e-24,4.58195617858e-24,4.93879977564e-24,7.37867043041e-24,7.33987582882e-24,6.17516845619e-24,7.72775321389e-24,7.15420242642e-24,7.88370312624e-24,4.85577926512e-24,4.95456516083e-24,7.68554047799e-24,8.4640199737e-24,8.52922248296e-24],"var":[1.36857167377e-7,0.00000190047057913,2.25550962796e-7,1.49314175246e-7,6.6443185176e-8,1.03758637238e-7,1.21643807915e-7,3.61791506975e-7,4.30693319231e-7,7.02921283846e-7,3.55498002591e-7,8.41874907564e-8,1.47986582988e-7,7.88309151289e-8,3.80073075235e-8,1.59552122625e-8,3.86664353869e-8,1.06594420402e-7,4.73835299886e-8,1.11833443839e-7,1.48625067808e-8,1.43539513608e-9,1.26412946777e-9,3.07744801864e-10,1.11799336455e-9,2.58269605702e-9,1.62065338927e-9,1.20768794964e-9,5.37828448444e-10,1.93386653913e-10,2.73047175148e-11,2.07634204968e-11,1.20622201463e-11,4.12659750121e-12,3.44848086718e-12,3.99756443226e-12,5.86422056748e-12,6.31791190545e-12,8.16667480169e-12,5.76960007548e-12]},"melbands_crest":{"dmean":3.18536806107,"dmean2":5.04399013519,"dvar":9.68485736847,"dvar2":22.4970283508,"max":36.4937591553,"mean":15.7161121368,"median":15.0294208527,"min":1.26810634136,"var":35.6540756226},"melbands_flatness_db":{"dmean":0.0231467392296,"dmean2":0.0340378880501,"dvar":0.000577940780204,"dvar2":0.00117945170496,"max":0.692138373852,"mean":0.21793666482,"median":0.201038509607,"min":0.000308596383547,"var":0.00731504894793},"melbands_kurtosis":{"dmean":4.95898008347,"dmean2":7.78141880035,"dvar":274.313232422,"dvar2":688.409301758,"max":875.051635742,"mean":9.57335281372,"median":3.21910977364,"min":-1.95189249516,"var":697.38684082},"melbands_skewness":{"dmean":0.613721430302,"dmean2":0.930769741535,"dvar":0.514577805996,"dvar2":1.15354406834,"max":20.076833725,"mean":1.86659276485,"median":1.54662251472,"min":-6.21201848984,"var":3.30449604988},"melbands_spread":{"dmean":6.31304979324,"dmean2":9.55757045746,"dvar":62.3436393738,"dvar2":126.686500549,"max":206.792892456,"mean":26.8267097473,"median":22.4933891296,"min":0.270812958479,"var":340.533752441},"mfcc":{"cov":[[15877.7607422,95.8672714233,-1159.8671875,111.968437195,-497.599609375,299.894500732,-69.5886001587,67.2061233521,-156.495895386,93.2065811157,-103.433334351,77.4618453979,38.321395874],[95.8672714233,1486.18786621,-60.3404808044,15.5203275681,120.79650116,48.0932350159,74.5807037354,132.695983887,90.5303421021,24.8301086426,78.9239044189,-25.324546814,-44.2997093201],[-1159.8671875,-60.3404808044,982.67779541,152.064544678,210.125045776,85.0930175781,17.4524383545,110.954200745,12.152182579,22.2527503967,87.1776275635,-22.8725471497,7.26410865784],[111.968437195,15.5203275681,152.064544678,435.114196777,177.229370117,39.6126022339,-5.35282802582,-24.9878444672,43.8767127991,46.6975326538,6.69169712067,17.0778923035,17.782989502],[-497.599609375,120.79650116,210.125045776,177.229370117,415.314666748,173.283157349,40.8594207764,20.6162185669,68.4716796875,56.7581977844,8.071144104,-31.1002483368,17.1842689514],[299.894500732,48.0932350159,85.0930175781,39.6126022339,173.283157349,259.610717773,101.959251404,50.8914299011,26.3704795837,14.4887828827,2.07056188583,-32.4911193848,11.6670894623],[-69.5886001587,74.5807037354,17.4524383545,-5.35282802582,40.8594207764,101.959251404,240.313308716,89.6987228394,9.95925426483,-0.0244312305003,3.37117409706,-0.00632758857682,-9.17428588867],[67.2061233521,132.695983887,110.954200745,-24.9878444672,20.6162185669,50.8914299011,89.6987228394,197.942611694,65.466835022,13.8856534958,40.843296051,-8.81719017029,-4.22758102417],[-156.495895386,90.5303421021,12.152182579,43.8767127991,68.4716796875,26.3704795837,9.95925426483,65.466835022,177.265930176,81.1472167969,16.8094463348,-3.40993404388,-5.85855817795],[93.2065811157,24.8301086426,22.2527503967,46.6975326538,56.7581977844,14.4887828827,-0.0244312305003,13.8856534958,81.1472167969,147.132339478,60.7657737732,-0.104308068752,-9.97165584564],[-103.433334351,78.9239044189,87.1776275635,6.69169712067,8.071144104,2.07056188583,3.37117409706,40.843296051,16.8094463348,60.7657737732,133.868041992,16.9834518433,-20.4679870605],[77.4618453979,-25.324546814,-22.8725471497,17.0778923035,-31.1002483368,-32.4911193848,-0.00632758857682,-8.81719017029,-3.40993404388,-0.104308068752,16.9834518433,90.1128768921,29.2122554779],[38.321395874,-44.2997093201,7.26410865784,17.782989502,17.1842689514,11.6670894623,-9.17428588867,-4.22758102417,-5.85855817795,-9.97165584564,-20.4679870605,29.2122554779,92.6912460327]],"icov":[[0.0000948497909121,-0.0000192090028577,0.000118397321785,-0.000135177804623,0.000230418503634,-0.000345759210177,0.000211226782994,-0.000252362893661,0.000278277380858,-0.000297123828204,0.00020456648781,-0.000147524362546,0.0000557502062293],[-0.0000192090028577,0.000804645940661,0.000194770371309,0.00000609613152847,-0.000420132942963,0.000246377952863,-0.000129605672555,-0.000382811180316,-0.000312208896503,0.000473596272059,-0.000650155066978,0.000242464448093,0.000203895862796],[0.000118397321785,0.000194770371309,0.00157379161101,-0.00052592396969,-0.000441755109932,-0.000296610582154,0.000518115703017,-0.001319797826,0.000759262882639,0.0000337290839525,-0.000753736298066,0.000254876707913,-0.0000631281873211],[-0.000135177804623,0.00000609613152847,-0.00052592396969,0.00325370859355,-0.00154957990162,0.000795426778495,-0.000391374574974,0.00111239391845,-0.000810893136077,-0.0000209183181141,0.0000101519426607,-0.000759632093832,-0.00013691370259],[0.000230418503634,-0.000420132942963,-0.000441755109932,-0.00154957990162,0.00537594268098,-0.00351677509025,0.000635227712337,0.000300466024783,-0.000242590700509,-0.00160017597955,0.00102943147067,0.000453754881164,-0.000544734997675],[-0.000345759210177,0.000246377952863,-0.000296610582154,0.000795426778495,-0.00351677509025,0.0081018730998,-0.00318062026054,0.000555219477974,-0.00104820309207,0.00152638647705,-0.00139675266109,0.00263532716781,-0.00156696233898],[0.000211226782994,-0.000129605672555,0.000518115703017,-0.000391374574974,0.000635227712337,-0.00318062026054,0.00676540704444,-0.00361394975334,0.001964104129,-0.00135155615862,0.00175904075149,-0.00210378295742,0.00170277315192],[-0.000252362893661,-0.000382811180316,-0.001319797826,0.00111239391845,0.000300466024783,0.000555219477974,-0.00361394975334,0.0098750339821,-0.00489729642868,0.00292192702182,-0.00327594322152,0.00175270473119,-0.00149246142246],[0.000278277380858,-0.000312208896503,0.000759262882639,-0.000810893136077,-0.000242590700509,-0.00104820309207,0.001964104129,-0.00489729642868,0.0108785387129,-0.00667237956077,0.00346620590426,-0.00156194588635,0.00120718905237],[-0.000297123828204,0.000473596272059,0.0000337290839525,-0.0000209183181141,-0.00160017597955,0.00152638647705,-0.00135155615862,0.00292192702182,-0.00667237956077,0.0136325070634,-0.00702095357701,0.00199141469784,-0.000678537704516],[0.00020456648781,-0.000650155066978,-0.000753736298066,0.0000101519426607,0.00102943147067,-0.00139675266109,0.00175904075149,-0.00327594322152,0.00346620590426,-0.00702095357701,0.0132778529078,-0.00453325733542,0.00349593325518],[-0.000147524362546,0.000242464448093,0.000254876707913,-0.000759632093832,0.000453754881164,0.00263532716781,-0.00210378295742,0.00175270473119,-0.00156194588635,0.00199141469784,-0.00453325733542,0.0155283287168,-0.00602085702121],[0.0000557502062293,0.000203895862796,-0.0000631281873211,-0.00013691370259,-0.000544734997675,-0.00156696233898,0.00170277315192,-0.00149246142246,0.00120718905237,-0.000678537704516,0.00349593325518,-0.00602085702121,0.0139655927196]],"mean":[-704.350036621,129.491256714,-19.7861251831,19.632982254,1.28688216209,11.460723877,5.94132614136,7.48660421371,7.00884342194,5.2463760376,-2.41722178459,2.93531227112,-2.51940178871]},"pitch_salience":{"dmean":0.0700458362699,"dmean2":0.111162088811,"dvar":0.00490688811988,"dvar2":0.0114270485938,"max":0.990915358067,"mean":0.486822038889,"median":0.480876624584,"min":0.0391288138926,"var":0.0160870403051},"silence_rate_20dB":{"dmean":0,"dmean2":0,"dvar":0,"dvar2":0,"max":1,"mean":1,"median":1,"min":1,"var":0},"silence_rate_30dB":{"dmean":0.000753106549382,"dmean2":0.00150640215725,"dvar":0.000752497406211,"dvar2":0.00175503198989,"max":1,"mean":0.999247014523,"median":1,"min":0,"var":0.000752391351853},"silence_rate_60dB":{"dmean":0.0298732277006,"dmean2":0.0597539544106,"dvar":0.0289794486016,"dvar2":0.0604516379535,"max":1,"mean":0.179844379425,"median":0,"min":0,"var":0.14750289917},"spectral_centroid":{"dmean":212.197555542,"dmean2":315.001434326,"dvar":71049.8046875,"dvar2":128813.382812,"max":11549.1816406,"mean":1426.52124023,"median":1308.25244141,"min":123.178405762,"var":594284.25},"spectral_complexity":{"dmean":2.82540488243,"dmean2":4.17775535583,"dvar":9.76939296722,"dvar2":18.5060062408,"max":49,"mean":14.3552961349,"median":14,"min":0,"var":80.6787490845},"spectral_contrast_coeffs":{"dmean":[0.0496641732752,0.048427015543,0.0407041981816,0.0335812941194,0.0239542424679,0.0180519316345],"dmean2":[0.08308006078,0.0775203555822,0.063886962831,0.0522323064506,0.037082824856,0.0269669145346],"dvar":[0.00172373303212,0.00174705055542,0.00126095174346,0.000870997610036,0.000539095315617,0.000346697837813],"dvar2":[0.00468574650586,0.00411542272195,0.00278963451274,0.00186502584256,0.00102948071435,0.000671919726301],"max":[-0.384996443987,-0.38845923543,-0.41843137145,-0.406615763903,-0.509407043457,-0.568931758404],"mean":[-0.653103947639,-0.743867099285,-0.732154786587,-0.75037509203,-0.77995455265,-0.752726554871],"median":[-0.647189974785,-0.759379506111,-0.738683223724,-0.755162835121,-0.783873260021,-0.751660585403],"min":[-0.978372991085,-0.985846579075,-0.994480490685,-0.982302188873,-0.983573555946,-0.962336838245],"var":[0.00555622670799,0.00851726252586,0.00705426791683,0.00610654056072,0.00367103656754,0.00316698406823]},"spectral_contrast_valleys":{"dmean":[0.488211005926,0.469405859709,0.377533465624,0.334747105837,0.292417526245,0.246522605419],"dmean2":[0.783309280872,0.717005074024,0.585496604443,0.506458997726,0.417295873165,0.320984989405],"dvar":[0.19762916863,0.206287801266,0.139671444893,0.127246946096,0.122493728995,0.0977112427354],"dvar2":[0.406951099634,0.4237588346,0.287248164415,0.255946189165,0.219830110669,0.144088461995],"max":[-5.76523303986,-4.85643386841,-5.11113834381,-5.91466331482,-5.72496557236,-7.32078504562],"mean":[-8.09427928925,-7.61137294769,-7.90217924118,-8.27015018463,-8.36624717712,-11.2062673569],"median":[-7.66737031937,-7.32058048248,-7.4651594162,-7.83074617386,-7.91312265396,-10.7706890106],"min":[-27.9823036194,-27.8506145477,-27.6711997986,-27.6507320404,-27.4210548401,-27.3218669891],"var":[2.81954979897,2.86677694321,3.12960863113,2.98634624481,2.95197343826,2.52863764763]},"spectral_decrease":{"dmean":1.22899102006e-9,"dmean2":1.87589965783e-9,"dvar":2.83538385432e-18,"dvar2":6.17758209712e-18,"max":1.18983976038e-28,"mean":-4.40437508686e-9,"median":-3.56209994834e-9,"min":-2.77389222703e-8,"var":1.48508003624e-17},"spectral_energy":{"dmean":0.00497753871605,"dmean2":0.00754442159086,"dvar":0.0000472185274702,"dvar2":0.00010108180868,"max":0.124260336161,"mean":0.0181458592415,"median":0.0145013350993,"min":1.018103026e-20,"var":0.000260971224634},"spectral_energyband_high":{"dmean":0.000192110266653,"dmean2":0.000267066963715,"dvar":4.71551146575e-7,"dvar2":0.00000100496617961,"max":0.0249204840511,"mean":0.000463013770059,"median":0.000165278994245,"min":7.20567936808e-21,"var":0.00000149693642015},"spectral_energyband_low":{"dmean":0.0020130018238,"dmean2":0.00324613694102,"dvar":0.00000846195416671,"dvar2":0.0000222183443839,"max":0.0478175617754,"mean":0.00525063509122,"median":0.00456009339541,"min":1.54534254127e-23,"var":0.0000230439964071},"spectral_energyband_middle_high":{"dmean":0.00203913077712,"dmean2":0.00290252524428,"dvar":0.0000158579496201,"dvar2":0.0000299625917251,"max":0.120539084077,"mean":0.00660289032385,"median":0.00297037325799,"min":1.33720087199e-21,"var":0.0000920900856727},"spectral_energyband_middle_low":{"dmean":0.00291786366142,"dmean2":0.00455428287387,"dvar":0.0000253124017036,"dvar2":0.0000589013980061,"max":0.085629530251,"mean":0.00644690683112,"median":0.00313214911148,"min":1.69561675718e-22,"var":0.0000732987609808},"spectral_entropy":{"dmean":0.149749219418,"dmean2":0.216809362173,"dvar":0.029437309131,"dvar2":0.0575186312199,"max":9.82695770264,"mean":7.31349658966,"median":7.41726589203,"min":3.93212032318,"var":0.351708948612},"spectral_flux":{"dmean":0.0202117543668,"dmean2":0.0306267496198,"dvar":0.000561392283998,"dvar2":0.00122148077935,"max":0.301958233118,"mean":0.0608243755996,"median":0.0515730157495,"min":6.35855881836e-11,"var":0.00203949282877},"spectral_kurtosis":{"dmean":2.39420676231,"dmean2":4.00258111954,"dvar":10.9406547546,"dvar2":27.4968070984,"max":89.2426376343,"mean":6.29998874664,"median":4.46942996979,"min":-1.23316645622,"var":37.5064735413},"spectral_rms":{"dmean":0.00055712898029,"dmean2":0.000828981457744,"dvar":4.40201716856e-7,"dvar2":9.02249155388e-7,"max":0.0110104316846,"mean":0.00371064455248,"median":0.00376133527607,"min":3.1516206745e-12,"var":0.00000393436357626},"spectral_rolloff":{"dmean":329.564880371,"dmean2":540.157409668,"dvar":524435.625,"dvar2":1133599.25,"max":19250.6835938,"mean":1496.45361328,"median":1227.39257812,"min":21.533203125,"var":1860851.5},"spectral_skewness":{"dmean":0.270139485598,"dmean2":0.432582944632,"dvar":0.0925827622414,"dvar2":0.21753692627,"max":8.10808181763,"mean":1.65389931202,"median":1.51182639599,"min":-0.063604362309,"var":0.553096592426},"spectral_spread":{"dmean":352083.40625,"dmean2":525746.75,"dvar":514563538944,"dvar2":1034176299010,"max":46760892,"mean":3717280.75,"median":3389895.5,"min":868198.5625,"var":4830166253570},"spectral_strongpeak":{"dmean":0.593925237656,"dmean2":0.980326354504,"dvar":1.45680296421,"dvar2":3.33923268318,"max":26.1186599731,"mean":1.3881521225,"median":0.373158931732,"min":0,"var":5.98105955124},"zerocrossingrate":{"dmean":0.00714182574302,"dmean2":0.00839824136347,"dvar":0.000133950059535,"dvar2":0.000187778845429,"max":0.51171875,"mean":0.0548235438764,"median":0.0498046875,"min":0.00341796875,"var":0.00129873410333}},"metadata":{"audio_properties":{"analysis_sample_rate":44100,"bit_rate":320045,"codec":"mp3","downmix":"mix","equal_loudness":0,"length":184.973068237,"lossless":false,"md5_encoded":"d4d3f865ee226bbf84c44a88d722f53a","replay_gain":-11.2211799622,"sample_rate":44100},"tags":{"album":["A Whole New Thing"],"artist":["Sly & The Family Stone"],"asin":["B000GG4XII"],"barcode":["827969027721"],"bpm":["79"],"composer":["Stewart"],"date":["1967"],"discnumber":["1/1"],"file_name":"03 Run, Run, Run.mp3","genre":["Psychedelic Soul"],"initialkey":["C"],"isrc":["USSM10025373"],"language":["eng"],"mood":["funk"],"musicbrainz_recordingid":["1b30229e-3751-451f-a591-448e391f1e2f"],"musicip_puid":["0785f409-Bb4c-D8d0-5cfc-Cf77b600de56"],"title":["Run, Run, Run"],"tracknumber":["3/17"]},"version":{"essentia":"2.1-beta2","essentia_build_sha":"cead25079874084f62182a551b7393616cd33d87","essentia_git_sha":"v2.1_beta2-1-ge3940c0","extractor":"music 1.0"}},"rhythm":{"beats_count":487,"beats_loudness":{"dmean":0.0112068159506,"dmean2":0.019491892308,"dvar":0.000151661486598,"dvar2":0.000411862682085,"max":0.10127029568,"mean":0.0226513426751,"median":0.0192941129208,"min":5.09393804915e-10,"var":0.000295214296784},"beats_loudness_band_ratio":{"dmean":[0.214055895805,0.0975091308355,0.146846115589,0.11849065125,0.0879725962877,0.0455799549818],"dmean2":[0.378433555365,0.168517544866,0.251689612865,0.207512766123,0.142157897353,0.0814377591014],"dvar":[0.0304235257208,0.0113951005042,0.0229468587786,0.0154757676646,0.0137643236667,0.00619948282838],"dvar2":[0.0915058925748,0.0308954771608,0.0660267025232,0.0412993729115,0.0359971038997,0.0171009916812],"max":[0.994821190834,0.894381463528,0.988555908203,0.878837287426,0.962989151478,0.740323245525],"mean":[0.371642678976,0.118791051209,0.202705159783,0.179780334234,0.121706090868,0.0464150495827],"median":[0.321782439947