{"lowlevel":{"average_loudness":0.980392575264,"barkbands":{"dmean":[0.000557311286684,0.0091011878103,0.00373541982844,0.00177646207158,0.00255255377851,0.00119965872727,0.000509007193614,0.000419075251557,0.000698413001373,0.000697845825925,0.000535268918611,0.000789778772742,0.000667461368721,0.000712905661203,0.000428084225859,0.000522126734722,0.000507212302182,0.000336901459377,0.000505076663103,0.000301040621707,0.000230890669627,0.000306773319608,0.000165034580277,0.000134169560624,0.0000630810609437,0.0000150899322762,9.93219373413e-7],"dmean2":[0.00076981500024,0.0160463955253,0.00638056406751,0.00295645580627,0.00442527234554,0.00211514253169,0.000847020710353,0.000695461116266,0.00112254417036,0.00111009401735,0.000843280926347,0.00127712183166,0.00109106034506,0.00114677555393,0.000690362299792,0.000852524011862,0.000848984520417,0.000569264928345,0.000861748121679,0.000513704144396,0.000396886636736,0.00052841642173,0.000269273848971,0.000216250758967,0.0000939179444686,0.0000237089534494,0.00000168219855823],"dvar":[6.06495461852e-7,0.000131078675622,0.0000380785058951,0.0000060914653659,0.0000311928051815,0.00000747478406993,0.00000109384507141,0.00000102183003037,0.00000193487380784,0.00000189625041003,0.00000110396911168,0.00000193684377336,0.0000013490115407,0.00000163493837135,6.86414296069e-7,5.72155329337e-7,3.65378014067e-7,1.56761288395e-7,3.56068824203e-7,1.31175127649e-7,7.95368464424e-8,3.31758826633e-7,1.18727477627e-7,6.77129392557e-8,2.67754565186e-8,8.84851192318e-10,6.5654153121e-12],"dvar2":[0.00000112707823519,0.000376041105483,0.000103045465949,0.000015465218894,0.0000853767560329,0.0000211986462091,0.00000275712636721,0.00000258724480773,0.00000463368678538,0.00000442143937107,0.00000249963181886,0.00000461302761323,0.00000333016464538,0.00000381984636988,0.00000159650437581,0.00000141735438319,9.687706779e-7,4.19481665404e-7,9.59949602475e-7,3.52117012881e-7,2.16648032847e-7,8.63077787017e-7,2.46701318929e-7,1.48294574842e-7,5.12496995952e-8,2.01027927638e-9,1.74414285098e-11],"max":[0.00955207832158,0.123341947794,0.0711977630854,0.029949426651,0.0618966184556,0.0290691182017,0.019155042246,0.0264091864228,0.0259710289538,0.0209732726216,0.0261314027011,0.0241003073752,0.0203350726515,0.0216705314815,0.0219211596996,0.0214877668768,0.0130564710125,0.00621624337509,0.00693636015058,0.00527264550328,0.00548977404833,0.0132167031989,0.00893664266914,0.00513697834685,0.00372822978534,0.000659925455693,0.0000550843724341],"mean":[0.00101148383692,0.0126157477498,0.00455320021138,0.0023738835007,0.00297226943076,0.00134327495471,0.000672198599204,0.000559515843634,0.0011541050626,0.00119442550931,0.000845831236802,0.00132626411505,0.00106543267611,0.00112899660598,0.000746283330955,0.00103107024916,0.00102559290826,0.000665728584863,0.00105683668517,0.000656037300359,0.000526091607753,0.000504109193571,0.000301251537167,0.000274516321952,0.000129662279505,0.0000320476901834,0.0000012337170574],"median":[0.000343506981153,0.0082907890901,0.00286324042827,0.00147670647129,0.00153205939569,0.000641215010546,0.000366671767551,0.000261920155026,0.000525728974026,0.000441180949565,0.000312481366564,0.000629216665402,0.00055574264843,0.000548688229173,0.000415742193582,0.000740438408684,0.000809859484434,0.000557993364055,0.000896702404134,0.00055667210836,0.000453285669209,0.000330604874762,0.000180327886483,0.000173934444319,0.0000675336050335,0.0000197096505872,4.22485754825e-7],"min":[1.90517476745e-25,5.47929689675e-24,4.00470366131e-24,2.73713237652e-24,1.50070926457e-23,8.82230718621e-24,7.29506142965e-24,8.40041964093e-24,7.96850251811e-24,1.01556075449e-23,1.54960223239e-23,2.01239363555e-23,3.11239232584e-23,2.70174636401e-23,5.5574739591e-23,6.15172351009e-23,7.03085092879e-23,9.17759388739e-23,1.29242250168e-22,2.11024419467e-22,3.03582655923e-22,3.0205534548e-22,4.29260744169e-22,5.87848443306e-22,9.4820464865e-22,1.37740718119e-21,1.99848128463e-21],"var":[0.00000172863201442,0.000156940019224,0.0000331052069669,0.00000803611146694,0.0000252246463788,0.00000586812620895,0.00000123077813896,0.00000152121742758,0.00000431716671301,0.00000490040156365,0.00000260367096416,0.00000398360089093,0.00000240651047534,0.00000307301002067,0.00000143550676057,0.00000130909222662,7.44545957332e-7,2.33424415796e-7,5.42596353625e-7,2.08350186881e-7,1.19708559509e-7,3.9929597051e-7,2.591570194e-7,1.53080463861e-7,6.30483398822e-8,1.87102822125e-9,6.72710411681e-12]},"barkbands_crest":{"dmean":3.27768206596,"dmean2":5.72087001801,"dvar":7.7654747963,"dvar2":22.7129688263,"max":26.6124820709,"mean":9.34685993195,"median":8.67663764954,"min":2.24201440811,"var":15.2676620483},"barkbands_flatness_db":{"dmean":0.0219491496682,"dmean2":0.0374413765967,"dvar":0.000429884850746,"dvar2":0.00117126700934,"max":0.461400181055,"mean":0.098551876843,"median":0.0908071473241,"min":0.0249246079475,"var":0.00156223843805},"barkbands_kurtosis":{"dmean":1.75462925434,"dmean2":3.04481959343,"dvar":16.8578491211,"dvar2":35.7070198059,"max":252.350646973,"mean":1.0364767313,"median":-0.325060606003,"min":-1.86914920807,"var":96.3145523071},"barkbands_skewness":{"dmean":0.568242907524,"dmean2":0.958223164082,"dvar":0.323791652918,"dvar2":0.848290979862,"max":15.6588830948,"mean":1.04046845436,"median":0.907148003578,"min":-2.14861512184,"var":1.05968976021},"barkbands_spread":{"dmean":7.88943576813,"dmean2":13.2528896332,"dvar":61.154800415,"dvar2":160.305725098,"max":123.318092346,"mean":37.0763969421,"median":36.9315490723,"min":0.643897354603,"var":144.902908325},"dissonance":{"dmean":0.0104878302664,"dmean2":0.0179664045572,"dvar":0.000182246963959,"dvar2":0.00051485124277,"max":0.500000119209,"mean":0.484127938747,"median":0.488943457603,"min":0.0806957036257,"var":0.000345596112311},"dynamic_complexity":1.28388118744,"erbbands":{"dmean":[0.325130224228,1.9446015358,4.16717767715,4.89158535004,8.46766090393,8.177693367,8.20223140717,10.5536737442,8.09340572357,7.52240610123,10.0222101212,15.4528055191,21.6174602509,17.6095218658,21.0590171814,31.4523773193,28.1842212677,30.8160018921,27.2113285065,21.5481491089,29.3606643677,27.9333267212,18.2462368011,21.4349422455,23.745765686,15.1434516907,10.1710224152,9.5608253479,11.9564971924,7.04438114166,4.67230176926,2.88772416115,2.25716161728,0.998420119286,0.322903603315,0.101876527071,0.0212024487555,0.00321013503708,0.000133549008751,0.0000184959008038],"dmean2":[0.573114752769,3.40081882477,7.14343452454,8.13689613342,14.5158014297,14.4867973328,14.2245769501,18.7810173035,13.85151577,12.3165855408,16.3697032928,24.8943595886,34.468837738,27.5683574677,32.7631988525,50.5550308228,45.6553459167,50.1224632263,43.2255783081,34.6553115845,48.0516777039,46.7812767029,30.7161407471,35.9703788757,41.149017334,26.0780010223,17.3465881348,16.6072616577,20.868680954,11.4209327698,7.74650907516,4.78943443298,3.55763173103,1.49705481529,0.489372640848,0.157368242741,0.0336592681706,0.00524654146284,0.000225998330279,0.0000306926849589],"dvar":[0.17016197741,7.08988857269,52.189453125,41.2172775269,304.518554688,323.393737793,304.396606445,611.381164551,310.628570557,267.237854004,563.396911621,1128.75427246,1797.46899414,1216.49719238,1761.49267578,3049.51391602,2280.98876953,3323.39819336,2895.50610352,1536.36474609,1870.49194336,1169.20898438,476.322052002,566.378601074,1020.6138916,355.171386719,138.348175049,169.183242798,530.967895508,198.467391968,97.0398788452,34.5123138428,22.4120349884,7.02800512314,0.669879615307,0.0453274212778,0.00159506232012,0.0000470254053653,1.48990480398e-7,4.60435772842e-10],"dvar2":[0.498753219843,19.5955638885,141.588516235,107.147666931,826.969177246,921.367797852,843.810180664,1768.22338867,835.448303223,638.259155273,1377.17248535,2725.01318359,4253.74316406,2712.87011719,3955.38867188,7213.51171875,5551.23779297,8309.71777344,6584.17871094,3577,4807.60644531,3102.94360352,1281.67712402,1501.07763672,2804.97412109,958.461425781,371.858123779,460.125457764,1420.61499023,434.576904297,211.771331787,81.6373519897,48.1871337891,14.0891599655,1.29849302769,0.0977573245764,0.00370427104644,0.000118371390272,4.07664231261e-7,1.18996390519e-9],"max":[4.32866764069,32.3453598022,74.6099853516,75.0396957397,217.105133057,193.818237305,290.995544434,316.254974365,376.990814209,373.639373779,662.734741211,811.385314941,784.843139648,686.862426758,862.611450195,995.688537598,899.915466309,1326.01550293,1121.06030273,1204.5123291,1455.18676758,865.57434082,341.243377686,443.054382324,341.663848877,308.852172852,201.192169189,185.690948486,506.419372559,339.106567383,254.796356201,149.905990601,104.757232666,61.1939888,24.3645248413,5.42314052582,0.740119695663,0.142856776714,0.00663910293952,0.000205068194191],"mean":[0.459082871675,2.43956112862,5.26382637024,7.11324930191,9.5829000473,9.0582485199,9.55600357056,11.5320549011,10.1331205368,10.249499321,14.8740501404,25.182844162,37.3624572754,31.6441802979,37.2090034485,55.2710723877,51.3373908997,53.1871681213,47.1636772156,43.465473175,61.3484535217,59.4534721375,38.391998291,48.8182220459,46.410736084,32.3327865601,23.9389152527,19.0228633881,18.7548160553,13.3266506195,8.10974311829,5.55706501007,4.62158203125,2.0060005188,0.645726144314,0.212854444981,0.0446529090405,0.0057486644946,0.000204452051548,0.000056997530919],"median":[0.239290386438,1.5936357975,3.42587137222,4.86579322815,5.03283119202,4.46326065063,4.83249855042,5.31086826324,5.1410279274,5.49485063553,7.52048969269,11.9781503677,15.4278268814,14.2197780609,16.1120281219,28.6290912628,29.8525066376,27.3991470337,26.5485649109,27.7851219177,46.5347518921,46.8720855713,32.0578536987,42.3051834106,38.4748306274,27.3071880341,21.0340080261,15.4295682907,12.4894962311,8.26427555084,4.76930522919,3.59759664536,2.78982210159,1.036693573,0.341539949179,0.126945480704,0.0277777537704,0.00288875331171,0.000098051968962,0.0000521410620422],"min":[8.19913562785e-23,9.48674077686e-22,4.50772842215e-21,8.04669748444e-21,1.60967731616e-20,4.66366658868e-20,4.95278236864e-20,7.07121808989e-20,8.84034028524e-20,2.1392176648e-19,2.12992261041e-19,3.07187401596e-19,6.05316193208e-19,5.62404441173e-19,9.93888215063e-19,1.38313738765e-18,1.596647593e-18,1.52366648153e-18,2.85954497283e-18,3.89145878405e-18,4.2188055853e-18,4.22248777979e-18,4.89992554042e-18,7.30156049013e-18,7.05172464818e-18,9.95242785354e-18,9.91686239593e-18,1.02670608888e-17,1.01536527724e-17,1.03998126237e-17,1.23915617956e-17,1.14666307685e-17,9.00315620976e-18,8.68406467102e-18,7.02765038363e-18,4.50766243187e-18,2.45136484135e-18,1.11026746077e-18,2.55758920426e-19,2.62682480314e-20],"var":[0.253688633442,7.05630636215,43.5741615295,54.3564987183,247.4609375,243.147994995,249.438278198,464.267669678,303.54699707,337.305511475,857.688171387,2188.15478516,4436.56738281,2774.44165039,4012.18945312,5999.62207031,4528.70507812,6403.49560547,4999.89550781,3360.14990234,3896.13549805,2557.10205078,733.539550781,1046.49389648,1158.98986816,509.816162109,227.714492798,216.586410522,544.390991211,404.348083496,195.001449585,62.9008827209,51.116859436,15.5304794312,1.54186177254,0.100642949343,0.00330394878983,0.0000685204577167,1.36826500352e-7,6.89377610552e-10]},"erbbands_crest":{"dmean":2.31225061417,"dmean2":3.77863383293,"dvar":5.49550008774,"dvar2":13.9533214569,"max":29.6164226532,"mean":7.44614362717,"median":6.30143547058,"min":2.30697584152,"var":13.7104606628},"erbbands_flatness_db":{"dmean":0.0119569785893,"dmean2":0.0187301039696,"dvar":0.000118440264487,"dvar2":0.000259939290117,"max":0.527056455612,"mean":0.137723624706,"median":0.131455048919,"min":0.0308478046209,"var":0.00123500707559},"erbbands_kurtosis":{"dmean":0.71765011549,"dmean2":1.14680624008,"dvar":0.640811681747,"dvar2":1.50681209564,"max":20.02551651,"mean":0.423904597759,"median":0.225973844528,"min":-1.74234306812,"var":1.85366356373},"erbbands_skewness":{"dmean":0.288159936666,"dmean2":0.452270150185,"dvar":0.0636033341289,"dvar2":0.150829449296,"max":3.72062754631,"mean":-0.339402884245,"median":-0.434975892305,"min":-2.14382600784,"var":0.350627660751},"erbbands_spread":{"dmean":8.09084129333,"dmean2":12.7915534973,"dvar":71.2033004761,"dvar2":170.034851074,"max":167.920806885,"mean":38.2203445435,"median":35.4485359192,"min":1.43089962006,"var":232.762878418},"gfcc":{"cov":[[10602.1455078,-81.0938568115,-564.793334961,310.915161133,-576.463256836,387.504669189,-516.790344238,229.354019165,-302.032836914,62.6462059021,-177.083328247,73.6882247925,-140.464126587],[-81.0938568115,815.417724609,-377.36505127,83.8877105713,146.60848999,-270.374572754,202.380844116,-164.002990723,85.0352783203,-62.5607261658,46.1717567444,-77.9641723633,45.1485328674],[-564.793334961,-377.36505127,558.095092773,-12.1319818497,-58.5443840027,119.824569702,-135.131942749,107.629859924,-25.8643836975,29.6277484894,-40.0974655151,32.8785057068,-26.22631073],[310.915161133,83.8877105713,-12.1319818497,251.699188232,53.6474990845,-35.4582862854,4.99373292923,-19.2631263733,39.3677062988,1.04586195946,24.3538837433,-17.53166008,3.19233298302],[-576.463256836,146.60848999,-58.5443840027,53.6474990845,187.442062378,-29.6404266357,98.0675125122,-26.7402534485,40.2992477417,4.42691802979,22.0127239227,-18.7334136963,16.3292236328],[387.504669189,-270.374572754,119.824569702,-35.4582862854,-29.6404266357,276.657348633,-9.14373207092,106.522872925,-50.3457183838,17.936132431,-3.24508404732,28.0777416229,-5.94861125946],[-516.790344238,202.380844116,-135.131942749,4.99373292923,98.0675125122,-9.14373207092,221.304611206,-5.96191596985,32.0625495911,-32.3837089539,35.8928031921,-13.8018188477,21.0278949738],[229.354019165,-164.002990723,107.629859924,-19.2631263733,-26.7402534485,106.522872925,-5.96191596985,155.479751587,10.2550182343,17.7817764282,-27.5779418945,11.7545719147,0.914315342903],[-302.032836914,85.0352783203,-25.8643836975,39.3677062988,40.2992477417,-50.3457183838,32.0625495911,10.2550182343,97.869644165,19.7064857483,9.6377363205,-24.7258243561,12.4514923096],[62.6462059021,-62.5607261658,29.6277484894,1.04586195946,4.42691802979,17.936132431,-32.3837089539,17.7817764282,19.7064857483,69.3573913574,22.3994750977,9.57237529755,-8.538438797],[-177.083328247,46.1717567444,-40.0974655151,24.3538837433,22.0127239227,-3.24508404732,35.8928031921,-27.5779418945,9.6377363205,22.3994750977,77.4327392578,19.2982635498,11.381652832],[73.6882247925,-77.9641723633,32.8785057068,-17.53166008,-18.7334136963,28.0777416229,-13.8018188477,11.7545719147,-24.7258243561,9.57237529755,19.2982635498,57.9783287048,14.5867614746],[-140.464126587,45.1485328674,-26.22631073,3.19233298302,16.3292236328,-5.94861125946,21.0278949738,0.914315342903,12.4514923096,-8.538438797,11.381652832,14.5867614746,55.328125]],"icov":[[0.000455546833109,-0.000978301628493,0.001015047892,-0.00115798891056,0.00118017930072,-0.00109591719229,0.00120116525795,-0.00111429707613,0.00119458127301,-0.00113489094656,0.00155891361646,-0.00152970512863,0.00123717682436],[-0.000978301628493,0.00582493562251,-0.00123608496506,0.00217096484266,-0.00302845938131,0.00456723244861,-0.0043712053448,0.00346551137045,-0.00267527718097,0.00340736610815,-0.00428444705904,0.00638868985698,-0.0046342369169],[0.001015047892,-0.00123608496506,0.00513781001791,-0.00272230035625,0.00198412081227,-0.00245025265031,0.00388413202018,-0.00355390273035,0.00222002551891,-0.00175199226942,0.00356965046376,-0.00404206337407,0.00347293913364],[-0.00115798891056,0.00217096484266,-0.00272230035625,0.00781370140612,-0.00450760452077,0.00266589643434,-0.00136281875893,0.0024476617109,-0.00475914310664,0.00490899337456,-0.00655192928389,0.00467773387209,-0.00241497252136],[0.00118017930072,-0.00302845938131,0.00198412081227,-0.00450760452077,0.0117639638484,-0.00324177322909,-0.00116710702423,-0.000766676210333,0.00247797742486,-0.00692196236923,0.00597783224657,-0.00290771410801,0.00121476897039],[-0.00109591719229,0.00456723244861,-0.00245025265031,0.00266589643434,-0.00324177322909,0.0103300483897,-0.00466468185186,-0.00114599545486,0.0015995564172,0.00178087654058,-0.00584302376956,0.00626725982875,-0.00450074533001],[0.00120116525795,-0.0043712053448,0.00388413202018,-0.00136281875893,-0.00116710702423,-0.00466468185186,0.0138833178207,-0.00621430529281,0.000655289622955,0.00435585761443,-0.00164693687111,-0.00480664987117,0.00533610768616],[-0.00111429707613,0.00346551137045,-0.00355390273035,0.0024476617109,-0.000766676210333,-0.00114599545486,-0.00621430529281,0.0158920548856,-0.00742507074028,-0.000644316256512,0.00289098732173,0.0016045209486,-0.00472657801583],[0.00119458127301,-0.00267527718097,0.00222002551891,-0.00475914310664,0.00247797742486,0.0015995564172,0.000655289622955,-0.00742507074028,0.0227608513087,-0.0112337851897,0.00294533604756,0.00520363124087,-0.002976691816],[-0.00113489094656,0.00340736610815,-0.00175199226942,0.00490899337456,-0.00692196236923,0.00178087654058,0.00435585761443,-0.000644316256512,-0.0112337851897,0.0298516303301,-0.0153327817097,0.000988142332062,0.00384275475517],[0.00155891361646,-0.00428444705904,0.00356965046376,-0.00655192928389,0.00597783224657,-0.00584302376956,-0.00164693687111,0.00289098732173,0.00294533604756,-0.0153327817097,0.0302078872919,-0.0148302381858,0.0023763210047],[-0.00152970512863,0.00638868985698,-0.00404206337407,0.00467773387209,-0.00290771410801,0.00626725982875,-0.00480664987117,0.0016045209486,0.00520363124087,0.000988142332062,-0.0148302381858,0.0369795896113,-0.015667559579],[0.00123717682436,-0.0046342369169,0.00347293913364,-0.00241497252136,0.00121476897039,-0.00450074533001,0.00533610768616,-0.00472657801583,-0.002976691816,0.00384275475517,0.0023763210047,-0.015667559579,0.0288943946362]],"mean":[49.6402320862,78.3931350708,-129.943817139,58.3139801025,-47.5146064758,26.1304244995,-28.9591121674,12.5314416885,-23.3146114349,2.74294304848,-14.6917629242,1.08232045174,-9.45421600342]},"hfc":{"dmean":9.8633556366,"dmean2":16.3124732971,"dvar":185.197021484,"dvar2":471.364013672,"max":174.459228516,"mean":36.9010238647,"median":34.1186065674,"min":1.10886644842e-16,"var":342.167480469},"melbands":{"dmean":[0.00266568781808,0.0021747329738,0.000892421696335,0.000618956168182,0.000290140043944,0.000231647878536,0.000116800692922,0.0000831150755403,0.0000885812187335,0.000100917852251,0.00011195155821,0.0000770869810367,0.0000763958450989,0.000072672351962,0.0000960045581451,0.000061090606323,0.0000612409930909,0.0000523800663359,0.0000324512948282,0.0000322653904732,0.0000382099715353,0.0000328812348016,0.0000237597687374,0.0000147652517626,0.0000193433843378,0.0000208147830563,0.0000142537301144,0.0000100606766864,0.00000777843433752,0.00000587555405218,0.000005759414762,0.00000739771394365,0.00000577716400585,0.00000358760144081,0.00000314159547088,0.00000191221192836,0.00000188173237348,0.00000181757047812,0.00000124488224174,7.78954074576e-7],"dmean2":[0.00471450481564,0.00371016538702,0.00147653836757,0.00108927604742,0.000507665798068,0.000410457549151,0.000198555615498,0.000135922775371,0.000144853838719,0.00016283406876,0.000178638787474,0.000120181255625,0.000118439129437,0.000117334413517,0.00015607792011,0.0000986657687463,0.000100026925793,0.0000836482868181,0.0000525379509781,0.0000525727518834,0.0000630419308436,0.0000553496611246,0.0000399573873437,0.0000248606775131,0.0000325346372847,0.0000355493721145,0.0000247265343205,0.0000172834443219,0.0000133101129904,0.0000100947772808,0.0000100562065199,0.000013023437532,0.00000971933695837,0.00000574463547309,0.00000525734594703,0.00000317803869621,0.00000315048077937,0.00000294131064038,0.00000187059526979,0.00000118793002457],"dvar":[0.0000109454376798,0.0000123831678138,0.0000013627906128,0.00000194009362531,3.92256538362e-7,2.92083143449e-7,6.24497218382e-8,3.26529310257e-8,4.02312920755e-8,4.60719142836e-8,4.72888714853e-8,2.36573001189e-8,2.26207070853e-8,2.09606003665e-8,2.95179276577e-8,1.23680576891e-8,1.28091759422e-8,1.19612719729e-8,4.52241089022e-9,2.70693556459e-9,3.35981731325e-9,1.77914871724e-9,8.55838844238e-10,2.77975309437e-10,4.67518190828e-10,5.67493885217e-10,3.44206246838e-10,1.51767487466e-10,8.13914144415e-11,4.6519083724e-11,6.77988637454e-11,1.85586920831e-10,1.3203611815e-10,5.80906087122e-11,4.60788074363e-11,1.76778609112e-11,1.33053646226e-11,1.24555669598e-11,1.09340548768e-11,4.2789266054e-12],"dvar2":[0.0000323568456224,0.0000333043426508,0.0000035636614939,0.00000540707924301,0.00000110225039407,8.38898245092e-7,1.66299059856e-7,7.90744820733e-8,9.81820562629e-8,1.11038744421e-7,1.12037184863e-7,5.25953609554e-8,4.98241092828e-8,4.9734804719e-8,7.53764624051e-8,3.0171658949e-8,3.17739328182e-8,2.70308930794e-8,1.0603320888e-8,6.09878192392e-9,8.68729976844e-9,4.65304106356e-9,2.26251151147e-9,7.35745853131e-10,1.24147370162e-9,1.52647328111e-9,9.35408195346e-10,4.04001387899e-10,2.17502849065e-10,1.24903698495e-10,1.84191273345e-10,5.00006203108e-10,3.35257793749e-10,1.23244831007e-10,1.02419558945e-10,4.12320039223e-11,3.28287674822e-11,2.8800149765e-11,2.20809048129e-11,8.9240143053e-12],"max":[0.0329927802086,0.0363652221859,0.0121069522575,0.0160030350089,0.00916770007461,0.0064999111928,0.0050070011057,0.00406338833272,0.0044751772657,0.00489332666621,0.00395446643233,0.0029771621339,0.00381299504079,0.00346623524092,0.00303453928791,0.00227550137788,0.00222355639562,0.00204814691097,0.00163249997422,0.00131050194614,0.00195257982705,0.00119873404037,0.000541163608432,0.000362015183782,0.000398585369112,0.000354337447789,0.000232440768741,0.00022293413349,0.000169570019352,0.000143889206811,0.000122861325508,0.000297900493024,0.000256739323959,0.000173073334736,0.000169473612914,0.000109540051199,0.0000796354652266,0.0000797301763669,0.0000830667340779,0.000056079163187],"mean":[0.00375946471468,0.00295204413123,0.0013208364835,0.000695356109645,0.000344235886587,0.000258579762885,0.000148001461639,0.00011302105122,0.00013259302068,0.000161499949172,0.000189765662071,0.000131237844471,0.000125822378322,0.000123175035696,0.00015877878468,0.000100605131593,0.0000978446405497,0.0000815226740087,0.0000559958498343,0.0000614399759797,0.000072812763392,0.0000642963859718,0.0000432450615335,0.0000292664481094,0.0000405963401136,0.0000402872356062,0.0000255882459896,0.0000200978174689,0.0000159792471095,0.0000125913138618,0.00000999171243166,0.0000107861969809,0.0000093743465186,0.00000662097863824,0.00000495087579111,0.00000345548210134,0.0000033635822092,0.00000348554158336,0.00000243040221903,0.00000144380885558],"median":[0.0023030533921,0.00202779378742,0.000906829140149,0.000354374700692,0.000180064831511,0.000122118202853,0.0000770201731939,0.0000574589939788,0.000063658124418,0.0000742610209272,0.0000749722385081,0.0000549379947188,0.0000477179528389,0.0000548858806724,0.000081988866441,0.0000490586389787,0.0000475276028737,0.0000408529376728,0.0000308965391014,0.0000417008559452,0.0000539151733392,0.0000491543396492,0.0000338225072483,0.0000247704410867,0.0000344362924807,0.0000334027718054,0.0000204836615012,0.0000166861882462,0.0000135059271997,0.0000108569320219,0.00000766162702348,0.00000705430920789,0.00000567589631828,0.00000394680864702,0.00000269948577625,0.00000220812671614,0.00000208118763112,0.00000210901430364,0.00000117295053315,7.17819830243e-7],"min":[1.42387539569e-24,2.44028973713e-24,1.55981940106e-24,1.80315498576e-24,1.64900387348e-24,1.54177785633e-24,1.41683402325e-24,2.12156370179e-24,1.34019875011e-24,1.46059805412e-24,2.93451720792e-24,1.3303976464e-24,2.37694519251e-24,1.53195397427e-24,3.71757446346e-24,2.62972008959e-24,2.12643827054e-24,4.46390235526e-24,4.01169888539e-24,4.5526247524e-24,3.90155102606e-24,4.58277974937e-24,3.12324803797e-24,3.94173520614e-24,4.85463857225e-24,4.07370887457e-24,4.15675305092e-24,5.36402183597e-24,4.71703164809e-24,6.10168211856e-24,4.90253426211e-24,5.30843672443e-24,6.18787108892e-24,5.25436149267e-24,6.50537853137e-24,5.64229804231e-24,6.35559317256e-24,6.37646682654e-24,5.48221252666e-24,6.64463378038e-24],"var":[0.0000144304885907,0.0000109930015242,0.00000169924760485,0.00000147685875618,3.08603290478e-7,2.25402203569e-7,6.21637354925e-8,4.45748504774e-8,6.5409437866e-8,8.918420491e-8,1.18479533739e-7,5.38198037248e-8,5.55011681058e-8,4.50068213809e-8,5.91077551348e-8,2.44618565404e-8,2.32381722753e-8,1.94571967427e-8,9.16319553568e-9,6.34422026025e-9,6.17905193678e-9,3.7236731476e-9,1.35326339024e-9,4.31672558809e-10,8.31092139553e-10,8.51935522128e-10,4.1181530408e-10,2.24077811861e-10,1.28417027012e-10,7.31261926012e-11,7.88976661781e-11,1.80536877115e-10,1.78659573247e-10,1.2190772003e-10,8.57503026919e-11,3.10696399164e-11,2.2680175446e-11,2.62338744478e-11,2.38628890953e-11,8.73246006755e-12]},"melbands_crest":{"dmean":4.20926523209,"dmean2":7.26485586166,"dvar":12.0827989578,"dvar2":33.3300819397,"max":32.6018562317,"mean":15.2743844986,"median":14.6676416397,"min":1.53434717655,"var":30.032699585},"melbands_flatness_db":{"dmean":0.0312012545764,"dmean2":0.0529565997422,"dvar":0.000819215434603,"dvar2":0.00222323136404,"max":0.478212535381,"mean":0.155829876661,"median":0.150175601244,"min":0.000880032253917,"var":0.00252444949001},"melbands_kurtosis":{"dmean":6.90342998505,"dmean2":11.8482942581,"dvar":300.10723877,"dvar2":555.464660645,"max":1097.5802002,"mean":10.7560873032,"median":5.05255317688,"min":-1.73114526272,"var":2325.24731445},"melbands_skewness":{"dmean":0.891025304794,"dmean2":1.49829506874,"dvar":0.865708231926,"dvar2":2.22671175003,"max":25.7144680023,"mean":2.55085635185,"median":2.28637933731,"min":-1.63020956516,"var":2.94696950912},"melbands_spread":{"dmean":11.9225950241,"dmean2":20.0004291534,"dvar":122.371551514,"dvar2":319.581390381,"max":170.828216553,"mean":37.201171875,"median":35.5341873169,"min":0.493097513914,"var":355.192962646},"mfcc":{"cov":[[3791.13989258,-92.8005218506,284.134399414,-71.600769043,134.755630493,7.8127450943,-1.03289651871,42.3926429749,-39.5907859802,25.3719921112,-21.1182346344,-14.4863672256,-8.67015266418],[-92.8005218506,667.221252441,-330.935577393,225.170196533,-112.654983521,26.6498565674,-0.914688885212,-23.3233966827,25.5098953247,-29.9245052338,18.1043624878,8.27915668488,-7.96477270126],[284.134399414,-330.935577393,495.293670654,-145.55317688,107.167778015,-51.1499252319,-29.2221164703,17.4271640778,-13.925321579,14.3845405579,-17.5998458862,-21.0459041595,-0.832665979862],[-71.600769043,225.170196533,-145.55317688,358.752044678,-4.10365581512,26.74842453,-45.5809211731,-30.2502746582,-1.09165251255,2.67871189117,9.22941589355,24.7023410797,13.4534835815],[134.755630493,-112.654983521,107.167778015,-4.10365581512,137.30279541,10.9279108047,-11.5649900436,-7.98616552353,7.75398778915,28.2451515198,-3.08112430573,-3.99983763695,4.21477746964],[7.8127450943,26.6498565674,-51.1499252319,26.74842453,10.9279108047,104.765441895,52.4397201538,12.6239385605,-8.46698760986,-3.49038386345,14.9030447006,7.17150306702,3.27333307266],[-1.03289651871,-0.914688885212,-29.2221164703,-45.5809211731,-11.5649900436,52.4397201538,139.346832275,66.4740829468,17.8828983307,-3.34635615349,6.43374300003,20.284538269,6.49825763702],[42.3926429749,-23.3233966827,17.4271640778,-30.2502746582,-7.98616552353,12.6239385605,66.4740829468,99.4003295898,46.7968292236,15.8293914795,-2.79643630981,-0.455353826284,3.5540997982],[-39.5907859802,25.5098953247,-13.925321579,-1.09165251255,7.75398778915,-8.46698760986,17.8828983307,46.7968292236,84.2918243408,41.1520996094,6.22545099258,-8.01762008667,-4.38872098923],[25.3719921112,-29.9245052338,14.3845405579,2.67871189117,28.2451515198,-3.49038386345,-3.34635615349,15.8293914795,41.1520996094,78.6932907104,22.2671451569,5.31711626053,-8.28124427795],[-21.1182346344,18.1043624878,-17.5998458862,9.22941589355,-3.08112430573,14.9030447006,6.43374300003,-2.79643630981,6.22545099258,22.2671451569,54.5393180847,20.6628437042,4.80631923676],[-14.4863672256,8.27915668488,-21.0459041595,24.7023410797,-3.99983763695,7.17150306702,20.284538269,-0.455353826284,-8.01762008667,5.31711626053,20.6628437042,61.2355918884,25.1426734924],[-8.67015266418,-7.96477270126,-0.832665979862,13.4534835815,4.21477746964,3.27333307266,6.49825763702,3.5540997982,-4.38872098923,-8.28124427795,4.80631923676,25.1426734924,50.7150344849]],"icov":[[0.000293817400234,-0.000143261131598,-0.000143708806718,0.0000672709065839,-0.00028728885809,-0.0000248264877882,0.0000889739458216,-0.000380828423658,0.000472914573038,-0.000211251652217,0.0000950245448621,-0.0000080188310676,0.0000496917891724],[-0.000143261131598,0.00301772216335,0.00117891281843,-0.00142367987428,0.00142931053415,0.0000422754055762,-0.000399185926653,0.00123782991432,-0.00224132696167,0.00172465911601,-0.000894965021871,0.000341972248862,0.00069229293149],[-0.000143708806718,0.00117891281843,0.00384177593514,0.000574573758058,-0.00222728285007,0.00162580271717,0.000878565828316,-0.00183390802704,0.0012478493154,0.000567450420931,-0.000658617238514,0.000520153844263,0.000172537984326],[0.0000672709065839,-0.00142367987428,0.000574573758058,0.00445326417685,-0.00117272383068,-0.00158920220565,0.0027279376518,-0.000917084107641,0.000482282863231,-0.000612889241893,0.00100317667238,-0.0021940136794,-0.000534935970791],[-0.00028728885809,0.00142931053415,-0.00222728285007,-0.00117272383068,0.0119841881096,-0.0034001278691,-0.000483497919049,0.00445544999093,-0.00325670070015,-0.00355658773333,0.00253074243665,0.000676310446579,-0.00201462442055],[-0.0000248264877882,0.0000422754055762,0.00162580271717,-0.00158920220565,-0.0034001278691,0.0153933325782,-0.00679470924661,-0.00069034768967,0.00446217413992,0.000298727536574,-0.00488317105919,0.00373665103689,-0.000296087964671],[0.0000889739458216,-0.000399185926653,0.000878565828316,0.0027279376518,-0.000483497919049,-0.00679470924661,0.0165847800672,-0.0102139152586,-0.0000683167090756,0.0027352203615,0.000639853766188,-0.0068487864919,0.00208822148852],[-0.000380828423658,0.00123782991432,-0.00183390802704,-0.000917084107641,0.00445544999093,-0.00069034768967,-0.0102139152586,0.0239274799824,-0.0122495777905,-0.000822514644824,0.00310371117666,0.00199777097441,-0.0028302653227],[0.000472914573038,-0.00224132696167,0.0012478493154,0.000482282863231,-0.00325670070015,0.00446217413992,-0.0000683167090756,-0.0122495777905,0.0267317537218,-0.0116742998362,-0.000947116874158,0.00537550542504,-0.00169698137324],[-0.000211251652217,0.00172465911601,0.000567450420931,-0.000612889241893,-0.00355658773333,0.000298727536574,0.0027352203615,-0.000822514644824,-0.0116742998362,0.0244079455733,-0.00854251347482,-0.00439443765208,0.00635360553861],[0.0000950245448621,-0.000894965021871,-0.000658617238514,0.00100317667238,0.00253074243665,-0.00488317105919,0.000639853766188,0.00310371117666,-0.000947116874158,-0.00854251347482,0.0265383347869,-0.00802651327103,-0.000608557835221],[-0.0000080188310676,0.000341972248862,0.000520153844263,-0.0021940136794,0.000676310446579,0.00373665103689,-0.0068487864919,0.00199777097441,0.00537550542504,-0.00439443765208,-0.00802651327103,0.0280955806375,-0.0123374117538],[0.0000496917891724,0.00069229293149,0.000172537984326,-0.000534935970791,-0.00201462442055,-0.000296087964671,0.00208822148852,-0.0028302653227,-0.00169698137324,0.00635360553861,-0.000608557835221,-0.0123374117538,0.0271620340645]],"mean":[-578.761657715,94.3120269775,-11.2966070175,35.2494621277,8.98563671112,16.371263504,9.48955059052,10.7525110245,4.03653764725,2.94725108147,1.25400698185,1.72072839737,-0.236227139831]},"pitch_salience":{"dmean":0.0849707946181,"dmean2":0.143993258476,"dvar":0.00535579444841,"dvar2":0.0148992985487,"max":0.986248672009,"mean":0.552302896976,"median":0.557423233986,"min":0.0374455675483,"var":0.0122876213863},"silence_rate_20dB":{"dmean":0,"dmean2":0,"dvar":0,"dvar2":0,"max":1,"mean":1,"median":1,"min":1,"var":0},"silence_rate_30dB":{"dmean":0.000723000441212,"dmean2":0.00144613161683,"dvar":0.000722432218026,"dvar2":0.0019862097688,"max":1,"mean":0.999548137188,"median":1,"min":0,"var":0.000451649946626},"silence_rate_60dB":{"dmean":0.000361500220606,"dmean2":0.000723065808415,"dvar":0.000361450162018,"dvar2":0.000903267064132,"max":1,"mean":0.0112958615646,"median":0,"min":0,"var":0.011166587472},"spectral_centroid":{"dmean":290.85559082,"dmean2":473.116333008,"dvar":85967.1875,"dvar2":219028.25,"max":11720.7548828,"mean":2157.9453125,"median":2158.48046875,"min":351.107513428,"var":576515.25},"spectral_complexity":{"dmean":5.31568002701,"dmean2":8.22053527832,"dvar":22.6839027405,"dvar2":48.5095405579,"max":62,"mean":37.3652610779,"median":39,"min":0,"var":91.9740982056},"spectral_contrast_coeffs":{"dmean":[0.0561877414584,0.0489578284323,0.0392820872366,0.0313376486301,0.0194101762027,0.0173494648188],"dmean2":[0.0927744433284,0.0824154540896,0.0646800026298,0.0514914914966,0.0329013876617,0.0282607525587],"dvar":[0.00219151307829,0.00154231791385,0.00102213816717,0.000623570696916,0.000231123311096,0.000215498585021],"dvar2":[0.00587026868016,0.00430127093568,0.00262680929154,0.0016267063329,0.000650650938042,0.00054631929379],"max":[-0.344205975533,-0.438738286495,-0.386321783066,-0.508168458939,-0.585383296013,-0.554020702839],"mean":[-0.69318151474,-0.776702463627,-0.775724709034,-0.780714690685,-0.798143565655,-0.719738483429],"median":[-0.699193656445,-0.783036470413,-0.786856651306,-0.786598443985,-0.799806177616,-0.727051496506],"min":[-0.981855094433,-0.984155476093,-0.994275987148,-0.98385065794,-0.978916347027,-0.965160131454],"var":[0.00519059319049,0.00370516697876,0.00422301655635,0.00232385774143,0.000742287142202,0.0024630476255]},"spectral_contrast_valleys":{"dmean":[0.359337031841,0.363270401955,0.292441606522,0.262252211571,0.21995845437,0.243092745543],"dmean2":[0.604600667953,0.596923947334,0.482989192009,0.417410969734,0.341991305351,0.372910499573],"dvar":[0.0866926833987,0.0914933755994,0.05944410339,0.0536677576602,0.0511899329722,0.0967775732279],"dvar2":[0.227205514908,0.233511015773,0.140583157539,0.117400474846,0.105612687767,0.205368980765],"max":[-5.155854702,-4.71520614624,-5.15973615646,-5.69048786163,-5.24812746048,-7.38769197464],"mean":[-6.60175800323,-6.64311981201,-6.93580341339,-6.94651889801,-6.51989746094,-9.54165363312],"median":[-6.42454195023,-6.49479675293,-6.79145717621,-6.78814792633,-6.35299730301,-9.21029663086],"min":[-28.1243572235,-27.8936500549,-27.7592277527,-27.5554256439,-27.5530567169,-27.4245986938],"var":[2.52309417725,2.48092126846,2.33886599541,2.31101799011,2.38936448097,2.46418404579]},"spectral_decrease":{"dmean":3.72432262807e-9,"dmean2":6.30705887517e-9,"dvar":1.74637166793e-17,"dvar2":4.66444533528e-17,"max":1.94450614055e-28,"mean":-9.64963398076e-9,"median":-8.57181348124e-9,"min":-4.44562182622e-8,"var":2.24181414279e-17},"spectral_energy":{"dmean":0.0144435781986,"dmean2":0.0243306364864,"dvar":0.000258674670476,"dvar2":0.000687101564836,"max":0.170371741056,"mean":0.0397670418024,"median":0.035904366523,"min":1.02936908054e-20,"var":0.000340325059369},"spectral_energyband_high":{"dmean":0.00086001411546,"dmean2":0.00144246942364,"dvar":0.00000201999341698,"dvar2":0.00000491227592647,"max":0.0234508737922,"mean":0.00208885991015,"median":0.00163480255287,"min":7.29397201274e-21,"var":0.0000035629877857},"spectral_energyband_low":{"dmean":0.0117343701422,"dmean2":0.0203304477036,"dvar":0.000224318180699,"dvar2":0.000617701269221,"max":0.160998150706,"mean":0.019477263093,"median":0.0145902782679,"min":1.7136488553e-23,"var":0.000268888339633},"spectral_energyband_middle_high":{"dmean":0.00274160108529,"dmean2":0.00440793251619,"dvar":0.00000775940952735,"dvar2":0.0000197513109015,"max":0.0374234430492,"mean":0.0102635668591,"median":0.00939648412168,"min":1.21273058659e-21,"var":0.0000297297719953},"spectral_energyband_middle_low":{"dmean":0.00486937211826,"dmean2":0.00801712367684,"dvar":0.0000706846476533,"dvar2":0.000186085031601,"max":0.0879053100944,"mean":0.00944457482547,"median":0.00686937663704,"min":1.67954557795e-22,"var":0.0000771432969486},"spectral_entropy":{"dmean":0.0899121463299,"dmean2":0.141982272267,"dvar":0.00858920067549,"dvar2":0.0200381632894,"max":9.8186340332,"mean":7.98568868637,"median":8.00391864777,"min":5.20960760117,"var":0.0626674816012},"spectral_flux":{"dmean":0.0296836644411,"dmean2":0.0452245213091,"dvar":0.000803165719844,"dvar2":0.00163718266413,"max":0.343857496977,"mean":0.120124652982,"median":0.11267208308,"min":6.32709301618e-11,"var":0.00179733312689},"spectral_kurtosis":{"dmean":0.945983588696,"dmean2":1.62590432167,"dvar":1.6711332798,"dvar2":5.31665945053,"max":55.5868988037,"mean":2.79946494102,"median":2.58080029488,"min":-1.25533533096,"var":4.14619922638},"spectral_rms":{"dmean":0.00105784938205,"dmean2":0.00175560067873,"dvar":0.00000105932838323,"dvar2":0.00000278877701021,"max":0.0128924911842,"mean":0.00605954416096,"median":0.00591850047931,"min":3.16901019315e-12,"var":0.00000207913808481},"spectral_rolloff":{"dmean":739.884887695,"dmean2":1276.58728027,"dvar":735778.9375,"dvar2":1758218,"max":19401.4160156,"mean":2166.70019531,"median":2088.72070312,"min":64.599609375,"var":2825520.5},"spectral_skewness":{"dmean":0.144300058484,"dmean2":0.241378039122,"dvar":0.0205860380083,"dvar2":0.058564748615,"max":5.57372570038,"mean":1.08119869232,"median":1.09438896179,"min":-0.104816235602,"var":0.096850335598},"spectral_spread":{"dmean":365539.34375,"dmean2":544848.4375,"dvar":339757760512,"dvar2":596360298496,"max":42480664,"mean":4515187,"median":4331650,"min":909919.8125,"var":7065663700990},"spectral_strongpeak":{"dmean":0.521143853664,"dmean2":0.928903698921,"dvar":1.04695439339,"dvar2":2.83518791199,"max":10.6560029984,"mean":0.633810281754,"median":0.275754272938,"min":0,"var":1.1412614584},"zerocrossingrate":{"dmean":0.0103372205049,"dmean2":0.0131212789565,"dvar":0.000119402990094,"dvar2":0.000158153183293,"max":0.52392578125,"mean":0.0778297632933,"median":0.0732421875,"min":0.00830078125,"var":0.00153791578487}},"metadata":{"audio_properties":{"analysis_sample_rate":44100,"bit_rate":160016,"codec":"mp3","downmix":"mix","equal_loudness":0,"length":256.914276123,"lossless":false,"md5_encoded":"09c5b51eacc82ff673a38718624bffaf","replay_gain":-14.2653083801,"sample_rate":44100},"tags":{"album":["Fortress"],"artist":["Alter Bridge"],"artistsort":["Alter Bridge"],"bpm":["0"],"date":["2013"],"discnumber":["0/0"],"encoding":["Lavf56.36.100"],"file_name":"Alter Bridge - Addicted To Pain.mp3","musicbrainz_artistid":["60a23fda-a440-4ab9-a344-7dfdd2ed341a"],"musicbrainz_recordingid":["1b3a484b-78e4-4e38-bfe1-9b72b616e610"],"title":["Addicted to Pain"],"tracknumber":["2/0"]},"version":{"essentia":"2.1-beta2","essentia_build_sha":"70f2e5ece6736b2c40cc944ad0e695b16b925413","essentia_git_sha":"v2.1_beta2","extractor":"music 1.0"}},"rhythm":{"beats_count":503,"beats_loudness":{"dmean":0.0129921603948,"dmean2":0.0229706205428,"dvar":0.000223501192522,"dvar2":0.000654857838526,"max":0.12457100302,"mean":0.0427022315562,"median":0.0401533357799,"min":0,"var":0.000286608468741},"beats_loudness_band_ratio":{"dmean":[0.155052676797,0.107994042337,0.0509998239577,0.0870711505413,0.0644413232803,0.0368338339031],"dmean2":[0.268113702536,0.197815909982,0.0902085602283,0.156204506755,0.113814309239,0.0651622712612],"dvar":[0.0181689411402,0.0121167609468,0.00338258338161,0.0104759661481,0.00507323956117,0.00161440263037],"dvar2":[0.0496477968991,0.0369452647865,0.00967321265489,0.0293707009405,0.0137937767431,0.00457507418469],"max":[0.977861166,0.538916885853,0.477484822273,0.974475562572,0.449266791344,0.562392532825],"mean":[0.554110050201,0.194389954209,0.0640167072415,0.10921125114,0.104425825179,0.0800828486681],"median":[0.558033943176,0.158079177141,0.0459708087146,0.0685116574168,0.0832235440612,0.0734513700008],"min":[0,0,0,0,0,0],"var":[0.0284142158926,0.0235780123621,0.00335003365763,0.0104930354282,0.00568840513006,0.00213925959542]},"beats_position":[0.4992290139