{"lowlevel":{"average_loudness":0.3892596066,"barkbands":{"dmean":[0.00112358422484,0.00483741052449,0.00196644477546,0.00145682308357,0.00143462652341,0.00120073661674,0.000713517132681,0.000569722789805,0.000956082541961,0.0014566158643,0.000289990188321,0.000292891112622,0.00019859643362,0.000165243487572,0.000232141988818,0.000136264876346,0.000109058273665,0.000108482032374,0.0000709422529326,0.0000509287056047,0.0000345964872395,0.0000259742719209,0.0000164529938047,0.00000461791432826,0.00000189348725144,0.0000123533427541,0.000177013513166],"dmean2":[0.0018471237272,0.0081792883575,0.00335235265084,0.00244733062573,0.00226084468886,0.00190685503185,0.00116407079622,0.000936442462262,0.00155557983089,0.00236748158932,0.000474645843497,0.000483903422719,0.000327395828208,0.000271666562185,0.000375721690943,0.000224937262828,0.000179987328011,0.000169877865119,0.000109006177809,0.0000787451426731,0.0000513093655172,0.0000364852312487,0.0000232764868997,0.00000676940044286,0.00000304217951452,0.0000172876752913,0.000266042887233],"dvar":[0.00000664857361699,0.000110870532808,0.0000172318468685,0.00000891077343113,0.0000118522175399,0.0000118229208965,0.00000400550334234,0.00000290393359137,0.00000975562761596,0.0000329307295033,5.15038493631e-7,4.26178530688e-7,1.81530012355e-7,2.09934910345e-7,3.12558455562e-7,7.67818804093e-8,4.11173211035e-8,5.9546728437e-8,7.93452628045e-8,5.21331209313e-8,9.18035336639e-9,2.99606561782e-9,1.56353974212e-9,8.68963928591e-11,1.19687419697e-11,8.08684452736e-10,7.60843121839e-8],"dvar2":[0.0000156939640874,0.000303667155094,0.0000461713243567,0.0000237082695094,0.000026628104024,0.00002763008888,0.0000107537161966,0.00000780957452662,0.0000246814870479,0.000079179633758,0.00000118146351724,0.00000113281544145,4.61386775896e-7,5.25638654381e-7,7.5164757618e-7,2.02246553727e-7,1.05715905363e-7,1.4031802209e-7,1.77990244765e-7,1.23836656485e-7,2.0473208906e-8,5.78303049892e-9,3.06744962764e-9,1.72557398925e-10,2.91354856907e-11,1.517706405e-9,1.65815237096e-7],"max":[0.0785216018558,0.151478618383,0.0648464858532,0.0470109805465,0.0738822594285,0.109257780015,0.0682028383017,0.0657505169511,0.0780707672238,0.118650861084,0.0291667561978,0.0180188696831,0.0105411075056,0.0191724393517,0.0192430242896,0.00864206254482,0.00437994860113,0.00684190448374,0.0190479978919,0.00912730954587,0.00319412490353,0.00152062671259,0.00091599742882,0.000214790969039,0.000049709353334,0.000702480901964,0.0119509370998],"mean":[0.00138377200346,0.00632790708914,0.00235042232089,0.00185968982987,0.00201660720631,0.00170054065529,0.0010574812768,0.000818936328869,0.00136695476249,0.00218442152254,0.000433606619481,0.000454354652902,0.000331880059093,0.000279289815808,0.00042403471889,0.000274014862953,0.000226244796067,0.000211818391108,0.000144583638757,0.000104767459561,0.0000806988464319,0.0000618590493104,0.0000333172574756,0.00000864364756126,0.00000278658876596,0.0000259918160737,0.000723888981156],"median":[0.000428817322245,0.00225813221186,0.00090638740221,0.00066542532295,0.000643028179184,0.000520050642081,0.000314059085213,0.000257443607552,0.000194395048311,0.000256199535215,0.000148154198541,0.000170535335201,0.00011989613995,0.0000987447565421,0.000158198745339,0.000136053407914,0.000127657083794,0.0000768538375269,0.0000394547387259,0.0000329068207066,0.0000274535523204,0.0000191374638234,0.00000720841489965,0.00000255931513493,0.00000151069036747,0.00000721195192455,0.000515949563123],"min":[6.23948300389e-25,3.82173920726e-24,9.18324911289e-25,2.07581016372e-24,6.86583353365e-24,1.35623712062e-23,8.01980135391e-24,1.44656311421e-23,1.45321747149e-23,3.08246515191e-23,3.04279807015e-23,3.1194665149e-23,2.7697480673e-23,3.96503168862e-23,5.314403195e-23,5.29574695014e-23,8.15241171198e-23,1.29810267885e-22,1.2973441102e-22,2.23349291949e-22,2.46465213635e-22,3.74246064266e-22,4.13910470208e-22,6.23275138952e-22,1.03312414932e-21,1.38442448391e-21,2.08509452646e-21],"var":[0.00000848172203405,0.000131574022816,0.000018564711354,0.0000122261171782,0.0000203682848223,0.000018798169549,0.00000612187250226,0.00000388505259252,0.000015785186406,0.0000698693547747,9.13550650239e-7,6.86318003318e-7,3.86381628914e-7,3.97715098188e-7,6.73165516218e-7,1.86002694136e-7,1.07222255963e-7,1.45427534903e-7,2.27628859761e-7,1.20690245353e-7,2.51536995677e-8,1.16553948715e-8,4.25610435784e-9,2.40805680951e-10,1.65482523518e-11,2.3405357652e-9,7.46116768369e-7]},"barkbands_crest":{"dmean":2.95371341705,"dmean2":4.92554044724,"dvar":6.96374607086,"dvar2":18.266040802,"max":26.1121501923,"mean":10.3664369583,"median":9.36623096466,"min":2.54640221596,"var":22.0748767853},"barkbands_flatness_db":{"dmean":0.0283161643893,"dmean2":0.0453397221863,"dvar":0.000876169768162,"dvar2":0.00228242948651,"max":0.50930339098,"mean":0.14948387444,"median":0.128485202789,"min":0.0335263088346,"var":0.00598916457966},"barkbands_kurtosis":{"dmean":9.16977882385,"dmean2":14.7600402832,"dvar":490.184020996,"dvar2":1287.32055664,"max":521.816955566,"mean":16.5287837982,"median":4.69584465027,"min":-1.92690587044,"var":1186.35119629},"barkbands_skewness":{"dmean":0.765937268734,"dmean2":1.21516561508,"dvar":0.809952735901,"dvar2":2.0392332077,"max":14.6998882294,"mean":2.5364074707,"median":1.95901751518,"min":-5.36937093735,"var":4.48540019989},"barkbands_spread":{"dmean":7.04041862488,"dmean2":11.2205457687,"dvar":63.5801620483,"dvar2":155.843933105,"max":143.036804199,"mean":27.8583431244,"median":24.8095588684,"min":0.153193578124,"var":466.279571533},"dissonance":{"dmean":0.0220685787499,"dmean2":0.0373873673379,"dvar":0.00064758094959,"dvar2":0.00181316176895,"max":0.499999970198,"mean":0.462189853191,"median":0.473650753498,"min":0.0982625111938,"var":0.00144103821367},"dynamic_complexity":5.90641498566,"erbbands":{"dmean":[0.137308999896,1.13019347191,2.40041279793,3.52663946152,4.30115365982,4.73992586136,9.27812290192,9.64778614044,10.6314525604,10.208240509,12.9719562531,18.9670639038,41.419380188,28.5045928955,10.5690603256,11.5712938309,8.78457736969,7.17568016052,10.4058513641,10.271355629,5.8762178421,6.08223056793,5.93760681152,4.25959444046,3.24751973152,2.36836385727,1.60418105125,1.30082368851,1.01782011986,0.676558315754,0.416050881147,0.152024194598,0.0545187070966,0.0231973007321,0.0129083339125,0.0125041631982,0.0231575090438,0.0269072428346,0.0109464852139,0.00456127151847],"dmean2":[0.229730725288,1.92337870598,4.12541484833,5.88222074509,7.13484287262,7.48565673828,14.6651239395,15.3935012817,17.4673137665,16.736114502,21.0803871155,30.4935531616,67.1218490601,45.9344215393,17.1674098969,19.022277832,14.3490924835,11.7640867233,16.8077888489,16.6944675446,9.62111186981,10.0425834656,9.37738227844,6.52155208588,4.7858543396,3.62461781502,2.41540908813,1.90159463882,1.44993543625,0.952498197556,0.592413604259,0.217293903232,0.0809734761715,0.036657884717,0.020866215229,0.0185483396053,0.0321411751211,0.0363935418427,0.0148139260709,0.00695115467533],"dvar":[0.102132111788,6.04710912704,25.5315685272,51.1552505493,115.81388092,144.661712646,1019.4977417,556.28894043,992.577880859,810.204284668,1153.97473145,4467.21484375,24328.9550781,13223.3515625,514.879577637,633.914306641,347.332946777,443.712493896,790.901367188,601.34375,117.100227356,133.730392456,163.706558228,200.850387573,212.164291382,104.626525879,37.5975723267,8.30255222321,4.74245882034,2.49476122856,1.00982236862,0.107682228088,0.0110387792811,0.00174379732925,0.000576556369197,0.000495577056427,0.00273542664945,0.00404642662033,0.000560760614462,0.0000462875905214],"dvar2":[0.27596539259,16.640707016,68.8770294189,137.355224609,273.489807129,315.449890137,2457.05078125,1350.61608887,2720.09716797,2192.51611328,2901.39697266,11464.7353516,60234.8632812,31787.9804688,1259.89941406,1686.95703125,870.057678223,1114.73413086,1914.89160156,1443.27282715,300.213012695,342.407165527,379.241394043,445.163635254,422.957794189,237.896987915,89.0367126465,17.3687438965,9.55239486694,4.91099786758,2.00476074219,0.212132707238,0.0228689387441,0.00409710593522,0.00141240493394,0.000980686512776,0.00499500101432,0.00767137575895,0.00105052045546,0.000104117018054],"max":[4.72519159317,35.8703422546,73.1742401123,102.130142212,313.10546875,350.838378906,936.833251953,518.221618652,1146.22387695,940.469177246,682.658203125,1730.05310059,3639.45727539,3666.21777344,529.298461914,551.287353516,460.247558594,1149.97106934,884.026428223,1061.01074219,270.104675293,252.029541016,416.788116455,899.751037598,1187.71276855,422.800964355,271.15246582,68.6221008301,55.5290412903,31.9283809662,28.1991271973,8.14550209045,2.18900227547,0.862099170685,0.344465255737,0.730503380299,1.29844152927,1.93656420708,1.08545148373,0.280087977648],"mean":[0.198294401169,1.33081054688,2.84908890724,4.86439085007,5.87743234634,6.48978376389,11.8632974625,14.000210762,15.8179721832,15.6291227341,20.0409049988,28.4554786682,61.4974975586,45.2521781921,18.3438224792,19.0780334473,15.7531652451,13.1210956573,19.8058986664,20.6131687164,13.3471508026,13.2280769348,12.2348499298,8.44410324097,6.72778511047,4.97488260269,3.62566590309,3.05634617805,2.37411260605,1.496337533,0.837635040283,0.293716698885,0.0984834656119,0.037516951561,0.0177553668618,0.0237730834633,0.0504561252892,0.069797411561,0.0390641987324,0.0223830640316],"median":[0.0523441806436,0.502432763577,1.19803857803,2.03909063339,2.03184747696,1.9212937355,2.97432994843,4.68777036667,5.08907794952,4.78377628326,5.73818731308,4.41735553741,6.82844305038,8.48513889313,7.42047023773,7.50302028656,6.46337795258,5.31981182098,7.8196978569,9.03960037231,7.72083473206,7.55627822876,5.26761484146,2.45943641663,1.85860288143,1.6177444458,1.24878931046,1.00528907776,0.736940026283,0.388089179993,0.181676864624,0.0761009454727,0.0324031598866,0.0199804715812,0.00932933855802,0.0106920655817,0.0141851976514,0.0225344672799,0.0176654942334,0.0190733484924],"min":[1.45067696072e-22,9.87827427979e-22,2.32142018903e-21,6.30005109496e-21,2.3968954116e-20,1.72216919426e-20,6.6799493817e-20,1.1641915717e-19,7.25154669461e-20,2.94732827456e-19,3.41983839738e-19,3.64692635889e-19,7.38068445163e-19,1.17668458388e-18,1.47418040138e-18,1.34578687427e-18,1.45011420184e-18,1.85367577037e-18,2.7317664545e-18,3.39016479217e-18,4.60960044825e-18,5.41416511568e-18,7.59409704967e-18,6.37667330363e-18,6.88417011612e-18,1.0516824766e-17,1.14597808858e-17,1.29706469542e-17,1.33185367859e-17,1.16423007695e-17,1.22563822855e-17,1.21676142252e-17,1.13280002609e-17,9.09919601478e-18,7.24113411921e-18,4.75336154358e-18,2.74271046759e-18,1.04790776195e-18,2.93905982886e-19,2.71897530832e-20],"var":[0.172569960356,6.09962511063,25.4456615448,70.1094360352,203.98374939,240.07258606,1321.10522461,924.948303223,1419.32250977,1219.49291992,2069.21777344,7115.93066406,46869.9257812,30913.9492188,1074.23828125,1089.95617676,785.626831055,794.468811035,1620.7244873,1417.48083496,328.703765869,360.294433594,420.801727295,432.042022705,636.801147461,242.802154541,90.8898468018,27.9931583405,17.2129745483,7.60606098175,2.67432999611,0.299020946026,0.0290734078735,0.00290698627941,0.000732700456865,0.0013532320736,0.0085340552032,0.0143751818687,0.00390426046215,0.000500292109791]},"erbbands_crest":{"dmean":2.75824093819,"dmean2":4.49212360382,"dvar":7.59037542343,"dvar2":19.004743576,"max":31.2266769409,"mean":8.90413761139,"median":7.45984697342,"min":2.2108631134,"var":23.7616634369},"erbbands_flatness_db":{"dmean":0.0223139431328,"dmean2":0.0338775552809,"dvar":0.000551029574126,"dvar2":0.00128677568864,"max":0.416867405176,"mean":0.140632197261,"median":0.132441610098,"min":0.0365577824414,"var":0.00281649897806},"erbbands_kurtosis":{"dmean":1.51684260368,"dmean2":2.4166662693,"dvar":10.4572553635,"dvar2":23.6278972626,"max":168.716720581,"mean":1.50050520897,"median":0.108234882355,"min":-1.78149616718,"var":31.2973175049},"erbbands_skewness":{"dmean":0.425922811031,"dmean2":0.662197113037,"dvar":0.194261133671,"dvar2":0.458941280842,"max":8.59613609314,"mean":0.420819669962,"median":0.289243012667,"min":-4.78316068649,"var":1.04886388779},"erbbands_spread":{"dmean":7.17677545547,"dmean2":10.9532117844,"dvar":54.2038002014,"dvar2":121.1510849,"max":114.495513916,"mean":32.4765930176,"median":29.1960792542,"min":0.666989862919,"var":312.620025635},"gfcc":{"cov":[[35352.9414062,794.45526123,-3237.20507812,-224.519073486,496.873596191,-1878.22131348,1029.57421875,-1319.41784668,989.211364746,-446.341339111,-217.242034912,156.937438965,-398.942108154],[794.45526123,1640.8503418,242.468521118,-351.738922119,46.4774208069,-70.4512405396,3.60129165649,-51.4932365417,-59.7277336121,-92.0049209595,51.4563064575,-136.154998779,132.679138184],[-3237.20507812,242.468521118,878.251708984,258.029663086,-97.1275177002,271.68182373,-163.501419067,138.493927002,-143.679656982,22.9199047089,31.9338474274,7.8426527977,3.4565448761],[-224.519073486,-351.738922119,258.029663086,541.627502441,93.8798904419,38.5706558228,30.4470462799,25.0239639282,-5.55624723434,31.7199783325,-1.92336416245,57.7198562622,-91.6683883667],[496.873596191,46.4774208069,-97.1275177002,93.8798904419,282.782348633,-29.3559322357,71.2422790527,-50.6191291809,38.3953514099,-7.61325311661,18.3606014252,-19.2457103729,13.3073854446],[-1878.22131348,-70.4512405396,271.68182373,38.5706558228,-29.3559322357,325.939575195,-28.7541828156,126.004508972,-69.5614013672,21.8817157745,8.80868339539,24.545747757,18.9435958862],[1029.57421875,3.60129165649,-163.501419067,30.4470462799,71.2422790527,-28.7541828156,215.347396851,8.24126434326,74.9699630737,-18.249917984,-10.1329088211,18.4106693268,-17.4664077759],[-1319.41784668,-51.4932365417,138.493927002,25.0239639282,-50.6191291809,126.004508972,8.24126434326,177.710449219,-6.25449037552,42.4388504028,4.47276449203,-12.7586765289,14.4850358963],[989.211364746,-59.7277336121,-143.679656982,-5.55624723434,38.3953514099,-69.5614013672,74.9699630737,-6.25449037552,134.532730103,33.085269928,2.31853961945,11.2913999557,-27.5648841858],[-446.341339111,-92.0049209595,22.9199047089,31.7199783325,-7.61325311661,21.8817157745,-18.249917984,42.4388504028,33.085269928,84.1781997681,36.094669342,5.52512645721,-4.77606201172],[-217.242034912,51.4563064575,31.9338474274,-1.92336416245,18.3606014252,8.80868339539,-10.1329088211,4.47276449203,2.31853961945,36.094669342,62.3593482971,23.6505126953,18.8509616852],[156.937438965,-136.154998779,7.8426527977,57.7198562622,-19.2457103729,24.545747757,18.4106693268,-12.7586765289,11.2913999557,5.52512645721,23.6505126953,87.8797302246,3.78213810921],[-398.942108154,132.679138184,3.4565448761,-91.6683883667,13.3073854446,18.9435958862,-17.4664077759,14.4850358963,-27.5648841858,-4.77606201172,18.8509616852,3.78213810921,89.0047225952]],"icov":[[0.0000935345087782,-0.000185959142982,0.000361405283911,-0.000263604946667,0.000166752346558,0.000012492564565,0.0000336451157636,0.000298420985928,-0.00046426881454,0.000346635933965,0.000059485071688,-0.000232294318266,0.000213459279621],[-0.000185959142982,0.00203209673055,-0.00208614463918,0.00140055688098,-0.0000919826779864,0.000439426250523,-0.00140109541826,0.000523162831087,0.0000651367518003,0.00156839145347,-0.00322348927148,0.00382664077915,-0.0021546871867],[0.000361405283911,-0.00208614463918,0.00557221192867,-0.00419369153678,0.00229131430387,-0.00251712487079,0.00296659464948,-0.000157699003466,-0.00181310216431,0.00264894380234,-0.00130182213616,-0.000681037490722,0.00088040396804],[-0.000263604946667,0.00140055688098,-0.00419369153678,0.0073412633501,-0.00500453868881,0.00315421633422,-0.00198058597744,-0.00234242086299,0.0051912330091,-0.00539930025116,0.00465703941882,-0.00550890620798,0.00508967647329],[0.000166752346558,-0.0000919826779864,0.00229131430387,-0.00500453868881,0.00888827070594,-0.00327015505172,-0.00107840285636,0.00479499110952,-0.00576300453395,0.00587322935462,-0.00819669105113,0.00926435925066,-0.00611092429608],[0.000012492564565,0.000439426250523,-0.00251712487079,0.00315421633422,-0.00327015505172,0.00768064986914,-0.00114710687194,-0.00435049366206,0.00474119745195,-0.00352125312202,0.00445150863379,-0.00614254688844,0.00268202042207],[0.0000336451157636,-0.00140109541826,0.00296659464948,-0.00198058597744,-0.00107840285636,-0.00114710687194,0.00969352480024,-0.00383524689823,-0.00406948802993,0.00470077479258,0.000180853370694,-0.00361082027666,0.00212322105654],[0.000298420985928,0.000523162831087,-0.000157699003466,-0.00234242086299,0.00479499110952,-0.00435049366206,-0.00383524689823,0.014500644058,-0.00454969564453,-0.00175557180773,-0.00201406655833,0.00850759539753,-0.00619037309662],[-0.00046426881454,0.0000651367518003,-0.00181310216431,0.0051912330091,-0.00576300453395,0.00474119745195,-0.00406948802993,-0.00454969564453,0.0212530214339,-0.0157626662403,0.00987364258617,-0.00941374152899,0.00707837473601],[0.000346635933965,0.00156839145347,0.00264894380234,-0.00539930025116,0.00587322935462,-0.00352125312202,0.00470077479258,-0.00175557180773,-0.0157626662403,0.0366532318294,-0.0266064405441,0.0131702357903,-0.00320787541568],[0.000059485071688,-0.00322348927148,-0.00130182213616,0.00465703941882,-0.00819669105113,0.00445150863379,0.000180853370694,-0.00201406655833,0.00987364258617,-0.0266064405441,0.0443213246763,-0.0230984613299,0.00378473615274],[-0.000232294318266,0.00382664077915,-0.000681037490722,-0.00550890620798,0.00926435925066,-0.00614254688844,-0.00361082027666,0.00850759539753,-0.00941374152899,0.0131702357903,-0.0230984613299,0.0343099273741,-0.0133383125067],[0.000213459279621,-0.0021546871867,0.00088040396804,0.00508967647329,-0.00611092429608,0.00268202042207,0.00212322105654,-0.00619037309662,0.00707837473601,-0.00320787541568,0.00378473615274,-0.0133383125067,0.0241641160101]],"mean":[-67.4854431152,90.1856765747,-77.352104187,-2.13941335678,-15.4999504089,-13.5427017212,-2.91448545456,-12.0670862198,-1.22175657749,-10.6198034286,-9.00268650055,-1.15191662312,-5.37960004807]},"hfc":{"dmean":47.55493927,"dmean2":74.6854095459,"dvar":4893.98828125,"dvar2":11941.3369141,"max":2607.40649414,"mean":179.285751343,"median":153.262817383,"min":1.09864329014e-16,"var":37650.1875},"melbands":{"dmean":[0.00129124289379,0.0013356503332,0.000616202130914,0.000289061223157,0.000301744643366,0.000217515436816,0.000154546301928,0.000113434645755,0.00011211643141,0.000131625070935,0.00021710031433,0.000133575900691,0.000037686797441,0.0000338553873007,0.0000285735750367,0.0000174689521373,0.0000137817196446,0.0000176102257683,0.0000187139248737,0.000011739760339,0.00000663377613819,0.00000712262954039,0.00000598532096774,0.00000534303308086,0.00000365931759916,0.00000272942975243,0.00000205800415642,0.0000016933357756,0.00000118130412829,8.96112965165e-7,7.85034444561e-7,6.63106675347e-7,4.64269305667e-7,3.98570790594e-7,2.862101951e-7,1.48830878288e-7,7.70933112904e-8,4.31195523731e-8,2.40143638308e-8,1.85142425835e-8],"dmean2":[0.00216021272354,0.00227669766173,0.0010202213889,0.000462930271169,0.000475178734632,0.000345302803908,0.000253938691458,0.000186367324204,0.000182553281775,0.000212844111957,0.00035257494892,0.000215774693061,0.0000614852397121,0.0000559767613595,0.0000471037637908,0.000029053651815,0.000022720436391,0.0000286049835267,0.0000303099732264,0.0000193153118744,0.0000109442926259,0.0000119813212223,0.00000965857725532,0.00000846630882734,0.00000574867635805,0.00000414347596234,0.00000320410026688,0.00000263844231085,0.00000183357599326,0.00000136021981234,0.00000117811214295,9.71347503764e-7,6.86058115207e-7,5.76854745304e-7,4.19708044319e-7,2.14906222595e-7,1.145932913e-7,6.51272316077e-8,3.71229091911e-8,2.97790023751e-8],"dvar":[0.00000823946811579,0.00000778736921347,0.00000152823201915,5.17562739333e-7,8.79686751887e-7,2.97301625096e-7,1.9837814591e-7,1.12059588275e-7,9.0013813292e-8,2.14893603356e-7,6.71159739341e-7,3.15953315067e-7,7.49599848859e-9,6.52659304379e-9,3.8580445505e-9,1.35110789223e-9,1.7735417579e-9,2.51160736653e-9,1.97488647657e-9,6.42096487091e-10,1.53499601918e-10,1.97217520093e-10,1.59295979185e-10,1.64247573875e-10,1.82354117917e-10,1.32726427071e-10,9.02220798071e-11,5.40179463659e-11,2.66378082786e-11,4.95260733466e-12,2.8871358429e-12,2.07078538345e-12,1.05413952307e-12,9.56539101399e-13,4.95169226802e-13,1.14305754532e-13,2.66617850302e-14,7.28161444579e-15,1.89565338321e-15,1.11172026124e-15],"dvar2":[0.000022137302949,0.0000211975147977,0.00000400429507863,0.00000114098520498,0.00000210092480302,7.15861972367e-7,5.44441661532e-7,3.07304389935e-7,2.20670628437e-7,5.4854967857e-7,0.00000164970833794,7.57076520586e-7,1.76833285792e-8,1.72544361021e-8,1.00612247422e-8,3.53472762171e-9,4.38750724641e-9,6.05192784775e-9,4.74662531502e-9,1.67830871423e-9,3.98800464874e-10,5.26653665123e-10,3.92627069745e-10,4.03078626032e-10,4.21223139702e-10,2.53327886446e-10,1.98799518514e-10,1.31797614489e-10,6.60437954325e-11,1.11395458829e-11,6.43186762531e-12,4.40985876288e-12,2.24195336775e-12,2.0233504542e-12,1.04667034588e-12,2.33341449461e-13,5.57233668659e-14,1.58980359259e-14,4.18547439545e-15,2.69789692228e-15],"max":[0.0396606177092,0.0376735366881,0.020962389186,0.0208517871797,0.024897383526,0.0140417385846,0.0158026702702,0.0130725353956,0.00649059424177,0.0109744863585,0.0188885163516,0.0166141148657,0.00304666045122,0.00252262549475,0.00122228241526,0.000809606339317,0.00236837123521,0.00176405603997,0.0017792317085,0.000800041656476,0.000265943730483,0.000335608463502,0.000551616481971,0.000280465232208,0.00087294250261,0.00102415739093,0.000399712880608,0.000315737328492,0.000252798374277,0.0000855593389133,0.000042236129957,0.0000343069041264,0.0000276534465229,0.000018162842025,0.0000186194101843,0.00000872940745467,0.00000416710918216,0.00000174124932073,8.38786490931e-7,6.50658705581e-7],"mean":[0.00182860612404,0.00165018031839,0.0008947692113,0.000416367896833,0.000400004122639,0.000319466576912,0.000233774902881,0.000169720689883,0.000169435457792,0.000187834812095,0.000320645049214,0.000203814575798,0.0000597709731665,0.0000518219021615,0.000046173510782,0.0000291345677397,0.0000228974276979,0.0000301777454297,0.0000333469870384,0.0000227877026191,0.0000135935260914,0.0000139163294079,0.0000120037448141,0.00000975475268206,0.0000065273106884,0.00000530962051926,0.00000397881012759,0.00000317987451126,0.00000240801932705,0.00000185892508853,0.00000172722866409,0.00000144116734191,9.8813961813e-7,7.83635869084e-7,5.37959806479e-7,2.74859331739e-7,1.39425097245e-7,7.51983861846e-8,3.78085509567e-8,2.87233223872e-8],"median":[0.000637682969682,0.000714467081707,0.000388005049899,0.000143033728818,0.000106042716652,0.000106192521343,0.0000754330685595,0.0000504079143866,0.0000437825401605,0.0000256857201748,0.0000340302503901,0.0000332267736667,0.0000218842542381,0.0000192293227883,0.0000160131348821,0.0000115594484669,0.00000826064751891,0.0000109066513687,0.0000123416211864,0.0000105675226223,0.00000774586897023,0.00000755204200686,0.00000588195507589,0.00000336260472977,0.00000169285885931,0.00000147760772506,0.00000100379645573,0.00000102589979178,7.95840719547e-7,6.14779651187e-7,5.46727051187e-7,4.2855947413e-7,2.81011580228e-7,1.78207500312e-7,1.1155496793e-7,6.25651921382e-8,3.73824633471e-8,2.2958584367e-8,1.60923967485e-8,1.57903752296e-8],"min":[2.22108560473e-24,1.71188200409e-24,1.73810393779e-24,2.45216485476e-24,2.45841322478e-24,2.86603284008e-24,1.14279242225e-24,3.73498975124e-24,2.34800464691e-24,1.6762426489e-24,3.21683336817e-24,4.91297838606e-24,4.74028529543e-24,5.45705141366e-24,3.78062890448e-24,2.47623240934e-24,3.23742677932e-24,4.04753999176e-24,5.2568538987e-24,4.49539486588e-24,4.39096506482e-24,4.2544802953e-24,5.49056222491e-24,5.16367325415e-24,4.07303163748e-24,3.61077729082e-24,5.58289208298e-24,6.30525359161e-24,7.06027433615e-24,5.91995617613e-24,6.97051458691e-24,6.34231901011e-24,6.63531891081e-24,5.67225148531e-24,6.37187407835e-24,7.55637949312e-24,6.26523546675e-24,6.73880720639e-24,6.78918228607e-24,6.61292906617e-24],"var":[0.0000114906142699,0.00000795427149569,0.00000227971554523,9.66346192399e-7,0.00000119872095183,5.02110140133e-7,2.89381887342e-7,1.55229798793e-7,1.72533489717e-7,3.2480744494e-7,0.00000131126103042,7.01088879396e-7,1.42576839224e-8,1.0175100762e-8,7.54071827203e-9,2.62733013123e-9,3.02823432996e-9,4.72095429416e-9,4.22344248463e-9,1.48700163294e-9,3.64343666348e-10,4.2630146635e-10,3.91574411784e-10,3.37369465697e-10,3.06364156266e-10,4.2622141927e-10,2.31264493666e-10,9.80525105554e-11,5.58826873664e-11,1.30089810452e-11,8.95996558198e-12,6.64196605701e-12,3.2169776825e-12,2.36961383675e-12,1.16238008802e-12,2.85218842901e-13,6.77250749513e-14,1.80456117307e-14,3.6481908091e-15,1.65680607983e-15]},"melbands_crest":{"dmean":3.70022130013,"dmean2":6.15096235275,"dvar":9.67785549164,"dvar2":25.3952846527,"max":38.2635993958,"mean":15.3487939835,"median":14.4012746811,"min":1.00129497051,"var":39.7109069824},"melbands_flatness_db":{"dmean":0.0360597856343,"dmean2":0.0576943196356,"dvar":0.00119089835789,"dvar2":0.00308073940687,"max":0.660734534264,"mean":0.257520854473,"median":0.236389368773,"min":-1.03543797536e-7,"var":0.00965613126755},"melbands_kurtosis":{"dmean":11.4336605072,"dmean2":18.207365036,"dvar":454.772857666,"dvar2":1147.15820312,"max":469.713470459,"mean":22.6486110687,"median":7.27078104019,"min":-1.85874545574,"var":1771.3157959},"melbands_skewness":{"dmean":0.905917227268,"dmean2":1.4234187603,"dvar":0.835088074207,"dvar2":2.04791784286,"max":15.8185882568,"mean":2.89542794228,"median":2.3064661026,"min":-2.54952716827,"var":5.53645324707},"melbands_spread":{"dmean":5.28962278366,"dmean2":8.52550601959,"dvar":46.3661346436,"dvar2":108.462356567,"max":308.733459473,"mean":19.9351711273,"median":14.6855392456,"min":0.146919459105,"var":996.376525879},"mfcc":{"cov":[[20244.0117188,1071.43835449,-3046.83886719,789.356628418,-898.902709961,239.775695801,-868.63092041,113.349884033,-89.5413131714,155.797210693,11.7576942444,-9.48767566681,14.3860387802],[1071.43835449,1856.23950195,-26.9371604919,-219.42767334,34.298664093,-133.243988037,37.4319610596,-123.149856567,53.3252868652,-58.0070648193,-36.4341163635,-44.4086647034,2.85347557068],[-3046.83886719,-26.9371604919,1107.61047363,-21.2759933472,200.001022339,8.95074558258,151.266937256,59.1347579956,-33.2674713135,-12.6358060837,-12.8887338638,21.771030426,-9.790974617],[789.356628418,-219.42767334,-21.2759933472,475.228881836,63.9829521179,73.6222381592,-2.64190459251,33.8897895813,-23.4671955109,32.2586288452,41.4156455994,18.1249923706,-9.03616905212],[-898.902709961,34.298664093,200.001022339,63.9829521179,245.311264038,59.3667602539,75.0338134766,-14.2360773087,-1.20932710171,-24.5905647278,-1.25660741329,21.7416572571,12.1624536514],[239.775695801,-133.243988037,8.95074558258,73.6222381592,59.3667602539,150.061737061,34.0977935791,54.9569320679,-5.42107152939,-1.94596028328,-1.68189835548,21.516254425,15.7779693604],[-868.63092041,37.4319610596,151.266937256,-2.64190459251,75.0338134766,34.0977935791,162.854217529,49.327911377,30.6907215118,2.04547762871,0.397746950388,-9.504945755,-1.33683276176],[113.349884033,-123.149856567,59.1347579956,33.8897895813,-14.2360773087,54.9569320679,49.327911377,130.168502808,37.7514610291,28.1153182983,3.61401247978,8.41921424866,-0.13908611238],[-89.5413131714,53.3252868652,-33.2674713135,-23.4671955109,-1.20932710171,-5.42107152939,30.6907215118,37.7514610291,87.4838638306,38.5544776917,18.1634960175,0.974960029125,1.93386912346],[155.797210693,-58.0070648193,-12.6358060837,32.2586288452,-24.5905647278,-1.94596028328,2.04547762871,28.1153182983,38.5544776917,90.0958023071,46.5237503052,3.35819816589,-5.86213874817],[11.7576942444,-36.4341163635,-12.8887338638,41.4156455994,-1.25660741329,-1.68189835548,0.397746950388,3.61401247978,18.1634960175,46.5237503052,73.1621627808,33.1566200256,2.17971968651],[-9.48767566681,-44.4086647034,21.771030426,18.1249923706,21.7416572571,21.516254425,-9.504945755,8.41921424866,0.974960029125,3.35819816589,33.1566200256,68.3253326416,30.9521865845],[14.3860387802,2.85347557068,-9.790974617,-9.03616905212,12.1624536514,15.7779693604,-1.33683276176,-0.13908611238,1.93386912346,-5.86213874817,2.17971968651,30.9521865845,54.4889602661]],"icov":[[0.000216579413973,-0.000297912018141,0.000479396403534,-0.000341462524375,0.000310945993988,-0.000467504374683,0.000825654482469,-0.00075387005927,0.000672854948789,-0.000563433510251,0.000389082240872,-0.000172101004864,0.0000699333468219],[-0.000297912018141,0.00108036142774,-0.000654649338685,0.000609087524936,-0.000508538272697,0.000982372905128,-0.00136596057564,0.00166379963048,-0.00167407037225,0.00125434505753,-0.000541375076864,0.000512459839229,-0.000269841897534],[0.000479396403534,-0.000654649338685,0.00246371049434,-0.000473922758829,-0.000583893968724,0.0000560868320463,0.000874947989359,-0.00287675764412,0.00322702573612,-0.00212651793845,0.00162573030684,-0.0014819430653,0.000833497964777],[-0.000341462524375,0.000609087524936,-0.000473922758829,0.00332218781114,-0.00169451569673,0.000129431777168,-0.000785177689977,0.0000677073549014,0.000594894925598,0.000215405845665,-0.00235190871172,0.000935335527174,0.000410526059568],[0.000310945993988,-0.000508538272697,-0.000583893968724,-0.00169451569673,0.0081322370097,-0.00398115906864,-0.00151823135093,0.00358299911022,-0.00186638557352,0.000851939490531,0.00151229917537,-0.00258395611309,0.000433309993241],[-0.000467504374683,0.000982372905128,0.0000560868320463,0.000129431777168,-0.00398115906864,0.0124019030482,-0.00285907811485,-0.00390927074477,0.00204237666912,0.000426730897743,0.00101103272755,-0.00179084646516,-0.00172883179039],[0.000825654482469,-0.00136596057564,0.000874947989359,-0.000785177689977,-0.00151823135093,-0.00285907811485,0.0136506604031,-0.00671039102599,0.0000209077061299,0.000489199534059,-0.00267028831877,0.0051797372289,-0.00141852151137],[-0.00075387005927,0.00166379963048,-0.00287675764412,0.0000677073549014,0.00358299911022,-0.00390927074477,-0.00671039102599,0.0187927298248,-0.00936617422849,-0.000621444487479,0.00397947523743,-0.00406272197142,0.00223594880663],[0.000672854948789,-0.00167407037225,0.00322702573612,0.000594894925598,-0.00186638557352,0.00204237666912,0.0000209077061299,-0.00936617422849,0.0228287763894,-0.00967600103468,0.000620967068244,-0.000742477015592,-0.00106394314207],[-0.000563433510251,0.00125434505753,-0.00212651793845,0.000215405845665,0.000851939490531,0.000426730897743,0.000489199534059,-0.000621444487479,-0.00967600103468,0.0259715169668,-0.0182359069586,0.00984628405422,-0.00229274109006],[0.000389082240872,-0.000541375076864,0.00162573030684,-0.00235190871172,0.00151229917537,0.00101103272755,-0.00267028831877,0.00397947523743,0.000620967068244,-0.0182359069586,0.0361118987203,-0.0222823042423,0.00837088935077],[-0.000172101004864,0.000512459839229,-0.0014819430653,0.000935335527174,-0.00258395611309,-0.00179084646516,0.0051797372289,-0.00406272197142,-0.000742477015592,0.00984628405422,-0.0222823042423,0.035969555378,-0.0173358563334],[0.0000699333468219,-0.000269841897534,0.000833497964777,0.000410526059568,0.000433309993241,-0.00172883179039,-0.00141852151137,0.00223594880663,-0.00106394314207,-0.00229274109006,0.00837088935077,-0.0173358563334,0.0282444339246]],"mean":[-722.891723633,151.033508301,-3.28913068771,27.7773628235,2.48182415962,13.0689735413,-1.03335487843,10.4546747208,5.3840713501,1.04057335854,-1.00189566612,0.866197645664,0.534277796745]},"pitch_salience":{"dmean":0.0747918412089,"dmean2":0.121727332473,"dvar":0.00420761620626,"dvar2":0.0111312884837,"max":0.996038079262,"mean":0.551341414452,"median":0.570093214512,"min":0.0413651354611,"var":0.0154005317017},"silence_rate_20dB":{"dmean":0,"dmean2":0,"dvar":0,"dvar2":0,"max":1,"mean":1,"median":1,"min":1,"var":0},"silence_rate_30dB":{"dmean":0.0269163250923,"dmean2":0.0538389496505,"dvar":0.0261890552938,"dvar2":0.0612387135625,"max":1,"mean":0.966534078121,"median":1,"min":0,"var":0.0323455110192},"silence_rate_60dB":{"dmean":0.0159157402813,"dmean2":0.031835205853,"dvar":0.0156624820083,"dvar2":0.0347958058119,"max":1,"mean":0.156447455287,"median":0,"min":0,"var":0.131971895695},"spectral_centroid":{"dmean":190.636108398,"dmean2":291.863983154,"dvar":49202.1757812,"dvar2":103565.0625,"max":11467.1123047,"mean":1086.65087891,"median":946.236877441,"min":106.246261597,"var":908225.75},"spectral_complexity":{"dmean":2.75904035568,"dmean2":4.17977523804,"dvar":9.57258892059,"dvar2":18.0040473938,"max":58,"mean":15.8207349777,"median":16,"min":0,"var":132.13722229},"spectral_contrast_coeffs":{"dmean":[0.0512467436492,0.0478284135461,0.0388516895473,0.027936860919,0.021043209359,0.0248795822263],"dmean2":[0.0851250365376,0.078979678452,0.0644794777036,0.0464616417885,0.0348713286221,0.0380047485232],"dvar":[0.00168825755827,0.00150250957813,0.00103345420212,0.000501983216964,0.000319573853631,0.000651387672406],"dvar2":[0.00459542032331,0.00405401596799,0.00278551946394,0.00133170292247,0.000836857885588,0.00146615097765],"max":[-0.315695047379,-0.460192143917,-0.492564350367,-0.612199127674,-0.662523567677,-0.486647158861],"mean":[-0.694009244442,-0.776917159557,-0.804113268852,-0.827973484993,-0.832542955875,-0.763810575008],"median":[-0.69681084156,-0.778168618679,-0.813113510609,-0.825096547604,-0.817727863789,-0.748417139053],"min":[-0.975132405758,-0.99655264616,-0.996842026711,-0.9874381423,-0.988296747208,-0.964490950108],"var":[0.00689493957907,0.00532581517473,0.00535214971751,0.00315129477531,0.00290726008825,0.00684694293886]},"spectral_contrast_valleys":{"dmean":[0.443987697363,0.405971586704,0.354577213526,0.315564751625,0.332505583763,0.467451840639],"dmean2":[0.718197703362,0.657139778137,0.562507510185,0.502805352211,0.501670658588,0.718399703503],"dvar":[0.137516826391,0.132230818272,0.105660296977,0.12561327219,0.184172824025,0.217581287026],"dvar2":[0.329445123672,0.331374168396,0.251141428947,0.30116713047,0.433453470469,0.538311719894],"max":[-4.96129560471,-4.60301685333,-4.92760753632,-5.70236158371,-5.0730342865,-9.08860683441],"mean":[-7.48795509338,-7.15307569504,-7.63086080551,-8.12310028076,-8.36512470245,-11.4158782959],"median":[-7.08240127563,-6.6778960228,-7.09942245483,-7.41478586197,-7.70710468292,-11.0112638474],"min":[-27.8148765564,-27.7106685638,-27.9504032135,-27.5905151367,-27.3755531311,-27.3517398834],"var":[4.14051008224,4.19881010056,4.13212108612,4.27300882339,4.21782875061,2.54335784912]},"spectral_decrease":{"dmean":2.71851563483e-9,"dmean2":4.34682911887e-9,"dvar":2.19273768249e-17,"dvar2":5.46615043933e-17,"max":1.48480889806e-8,"mean":-4.14816003769e-9,"median":-1.91239912795e-9,"min":-5.83836801127e-8,"var":4.03018342478e-17},"spectral_energy":{"dmean":0.011017925106,"dmean2":0.0172967687249,"dvar":0.000351785274688,"dvar2":0.000846955284942,"max":0.256550431252,"mean":0.0319177657366,"median":0.0236542019993,"min":1.01545055504e-20,"var":0.00100803258829},"spectral_energyband_high":{"dmean":0.00020454794867,"dmean2":0.000280794716673,"dvar":1.508039702e-7,"dvar2":2.87206262328e-7,"max":0.013582162559,"mean":0.000741377705708,"median":0.00045028803288,"min":7.22277793451e-21,"var":9.93787466541e-7},"spectral_energyband_low":{"dmean":0.00689660571516,"dmean2":0.0114693464711,"dvar":0.000199911242817,"dvar2":0.000528318283614,"max":0.190127015114,"mean":0.010621744208,"median":0.00500083900988,"min":1.76474416499e-23,"var":0.000267372844974},"spectral_energyband_middle_high":{"dmean":0.00189934531227,"dmean2":0.00294205360115,"dvar":0.0000328699825332,"dvar2":0.0000760827897466,"max":0.129044979811,"mean":0.00471189571545,"median":0.00213481462561,"min":1.25350416883e-21,"var":0.000088030436018},"spectral_energyband_middle_low":{"dmean":0.00450703548267,"dmean2":0.00701252557337,"dvar":0.0000656109477859,"dvar2":0.000159949035151,"max":0.129636928439,"mean":0.00946626439691,"median":0.0047424309887,"min":1.85350139824e-22,"var":0.000161645031767},"spectral_entropy":{"dmean":0.206140115857,"dmean2":0.317141264677,"dvar":0.0627343952656,"dvar2":0.154129549861,"max":9.82459831238,"mean":7.43209838867,"median":7.54883527756,"min":3.95424461365,"var":0.353999882936},"spectral_flux":{"dmean":0.0213584247977,"dmean2":0.0340753607452,"dvar":0.00085426773876,"dvar2":0.00190303544514,"max":0.377014815807,"mean":0.0902514234185,"median":0.0861813426018,"min":6.4314602255e-11,"var":0.0035052774474},"spectral_kurtosis":{"dmean":5.46926307678,"dmean2":8.60497093201,"dvar":128.214874268,"dvar2":342.676116943,"max":227.960769653,"mean":18.5266475677,"median":15.8766317368,"min":-1.25435245037,"var":199.189697266},"spectral_rms":{"dmean":0.000828308868222,"dmean2":0.00127019709907,"dvar":0.00000116524938676,"dvar2":0.00000265048629444,"max":0.0158206541091,"mean":0.0048408457078,"median":0.00480388104916,"min":3.14751241563e-12,"var":0.00000770547376305},"spectral_rolloff":{"dmean":3252.61816406,"dmean2":6236.24462891,"dvar":46236252,"dvar2":116577720,"max":22050,"mean":15111.2441406,"median":21404.0039062,"min":21.533203125,"var":88175208},"spectral_skewness":{"dmean":0.424464583397,"dmean2":0.647182524204,"dvar":0.41514608264,"dvar2":1.0581073761,"max":12.2200536728,"mean":2.96113657951,"median":2.79956865311,"min":-0.045700609684,"var":1.25000035763},"spectral_spread":{"dmean":514768.15625,"dmean2":790657.625,"dvar":396704841728,"dvar2":908675710976,"max":41892396,"mean":4541942,"median":4243322,"min":619743.8125,"var":6461447995390},"spectral_strongpeak":{"dmean":8.13013362885,"dmean2":14.9280052185,"dvar":385.731384277,"dvar2":1026.78942871,"max":272.956878662,"mean":8.61246585846,"median":0.307424902916,"min":0,"var":564.59161377},"zerocrossingrate":{"dmean":0.0436535999179,"dmean2":0.0548244304955,"dvar":0.00146638369188,"dvar2":0.00221383501776,"max":0.86865234375,"mean":0.32051756978,"median":0.32373046875,"min":0.00341796875,"var":0.0210725124925}},"metadata":{"audio_properties":{"analysis_sample_rate":44100,"bit_rate":320000,"codec":"mp3","downmix":"mix","equal_loudness":0,"length":198.401062012,"lossless":false,"md5_encoded":"d354d9a8d60c98df8fbafc4ba7df586a","replay_gain":-10.0340995789,"sample_rate":44100},"tags":{"album":["Van Halen II"],"albumartist":["Van Halen"],"albumartistsort":["Van Halen"],"artist":["Van Halen"],"artistsort":["Van Halen"],"asin":["B00004Y6O8"],"catalognumber":["WB 56 616"],"composer":["Clint Ballard, Jr."],"date":["1979"],"discnumber":["1/1"],"file_name":"01. Van Halen - You're No Good.mp3","genre":["Classic Rock"],"label":["Warner Bros. Records"],"length":["198373"],"musicbrainz album release country":["US"],"musicbrainz album status":["official"],"musicbrainz album type":["album"],"musicbrainz_albumartistid":["b665b768-0d83-4363-950c-31ed39317c15"],"musicbrainz_albumid":["a9e62245-3166-47c0-aa3d-b1f5d9dc7922"],"musicbrainz_artistid":["b665b768-0d83-4363-950c-31ed39317c15"],"musicbrainz_recordingid":["1b3c8afc-9edd-43f3-bc9f-b76557950cea"],"musicip_puid":["673c4215-b391-213e-f35c-d9b5920fc159"],"title":["You're No Good"],"tracknumber":["1/10"]},"version":{"essentia":"2.1-beta1","essentia_build_sha":"ca57ba49d9b1854bd80e60cf9ccf267278fb7d6b","essentia_git_sha":"v2.1_beta1-28-g21ef5f4-dirty","extractor":"music 1.0"}},"rhythm":{"beats_count":338,"beats_loudness":{"dmean":0.0209384802729,"dmean2":0.0376952141523,"dvar":0.000400409247959,"dvar2":0.00127776677255,"max":0.167661383748,"mean":0.0483073666692,"median":0.0496402159333,"min":7.03341607178e-10,"var":0.00116485264152},"beats_loudness_band_ratio":{"dmean":[0.182812929153,0.106340743601,0.061592720449,0.0571560636163,0.0262873340398,0.0951638072729],"dmean2":[0.317939281464,0.19286377728,0.109614625573,0.0976030826569,0.0477177351713,0.166293278337],"dvar":[0.0200955513865,0.0103516522795,0.00679696490988,0.00838695187122,0.00110185646918,0.00955069065094],"dvar2":[0.051477573812,0.0268809702247,0.0188071504235,0.021933330223,0.00311987916939,