{"lowlevel":{"average_loudness":0.856169819832,"barkbands":{"dmean":[0.0000310840950988,0.00241346703842,0.00163451652043,0.00149641337339,0.00181936426088,0.00041028886335,0.000586032052524,0.00084221776342,0.000618870486505,0.000563982408494,0.000322880572639,0.000426650338341,0.000525458832271,0.00044604181312,0.000379186967621,0.000379504199373,0.000219473717152,0.000311731622787,0.000109526466986,0.000298512139125,0.0000796768872533,0.0000726320286049,0.000112501482363,0.000158997470862,0.0000358885517926,0.0000061041423578,7.71012975687e-10],"dmean2":[0.0000529948229087,0.00403242232278,0.00280037242919,0.00239941524342,0.00286230631173,0.000647345732432,0.000940110825468,0.00131445878651,0.000942274229601,0.000848551280797,0.000502933748066,0.000659457000438,0.000803896866273,0.000647929380648,0.00056141911773,0.000560747692361,0.000324457651004,0.000454261869891,0.000171673120349,0.000445512298029,0.000119372809422,0.000112292233098,0.000173739419552,0.000246539624641,0.0000521023757756,0.00000927058499656,1.42941203318e-9],"dvar":[4.28081037285e-9,0.0000358773831977,0.0000179570070031,0.0000246973959293,0.0000122797955555,7.96476911091e-7,0.00000139506562391,0.00000420038031734,0.0000029727175388,0.00000198849193112,4.36578488916e-7,0.00000181697419066,0.00000274766966868,0.00000161428363299,8.06237380857e-7,9.31919828417e-7,2.25515165653e-7,5.57357225262e-7,4.40112195577e-8,5.36845163879e-7,4.90168154954e-8,1.17428939461e-7,4.05861129593e-7,8.02744523298e-7,3.54762796917e-8,9.78237713056e-10,1.65597691564e-18],"dvar2":[1.13908011912e-8,0.0000917180223041,0.0000465479679406,0.0000538439016964,0.0000261021777987,0.00000189589638921,0.00000317355875268,0.00000895514858712,0.00000590018044022,0.00000399502459913,9.14038707833e-7,0.00000386947840525,0.00000618066269453,0.00000279401433545,0.00000166500910836,0.00000185356316251,4.47900390554e-7,8.77099182617e-7,1.03776564231e-7,0.00000121015114019,9.5917073395e-8,2.50001448876e-7,7.96013523541e-7,0.00000177481149422,7.16657808653e-8,2.33533725691e-9,5.18607998793e-18],"max":[0.00149862549733,0.0671728551388,0.0792392045259,0.0869260728359,0.0517236851156,0.0183357503265,0.0240729376674,0.0384931378067,0.0532443784177,0.0339537300169,0.0190085470676,0.0413898713887,0.0351747460663,0.0264026168734,0.0228110086173,0.0201954431832,0.0102330809459,0.0383742377162,0.00476620253175,0.0127728302032,0.00796809792519,0.0175378620625,0.015508370474,0.0278041511774,0.00657292734832,0.000845235714223,1.50068739657e-8],"mean":[0.0000311604162562,0.00240379502065,0.00180582609028,0.00157609267626,0.00286961696111,0.000657100987155,0.000924877880607,0.0014590889914,0.00102104037069,0.00108518823981,0.000515504914802,0.000677095842548,0.000795573869254,0.000806910509709,0.000653724884614,0.000663735088892,0.000398899108404,0.000564438931178,0.000167071470059,0.000496359134559,0.000123591802549,0.000100560406281,0.000141965516377,0.000175671375473,0.000048706700909,0.00000721727701603,6.85741574635e-10],"median":[0.0000102382455225,0.000461881165393,0.000242120440817,0.00021518219728,0.00118412729353,0.000305740744807,0.000315872894134,0.000372532900656,0.000313265743898,0.000375002913643,0.000143173805554,0.000190486229258,0.000215509353438,0.000182386051165,0.000252689409535,0.000208868092159,0.000152572436491,0.000227929820539,0.0000785365773481,0.000123147212435,0.0000412680674344,0.0000234073704632,0.0000184618475032,0.0000193643572857,0.00000852118955663,0.00000140447014019,2.70660382995e-10],"min":[2.61424969893e-23,5.80894703846e-23,1.14000230011e-23,8.75783752873e-24,5.92589345885e-23,1.50732212777e-23,1.13871125036e-22,9.74925803512e-23,7.83895499139e-23,5.81967933331e-23,1.04905361127e-22,4.77514639989e-23,1.47988475662e-22,1.64517219463e-22,8.78889372039e-23,1.59339881166e-22,1.63784058448e-22,4.28458958567e-22,2.62205651889e-22,6.22976861178e-22,3.19470390285e-22,5.37166667122e-22,4.12504025877e-22,9.14294989322e-22,1.23273741181e-21,1.46067383526e-21,2.30044380958e-21],"var":[4.01394073535e-9,0.000032432271837,0.0000233819519053,0.0000345268490491,0.0000225485764531,0.00000146848458371,0.00000357484373126,0.0000122983419715,0.00000647198476145,0.00000598167662247,0.00000120305981,0.00000393160098611,0.00000531254318048,0.00000538881386092,0.00000185981878076,0.0000023838879315,5.45592001799e-7,0.00000195519510271,7.89523610933e-8,9.9404564935e-7,1.07489775303e-7,2.30599070505e-7,6.61831791149e-7,0.00000109416782834,6.04643659585e-8,1.21953569465e-9,1.31375906133e-18]},"barkbands_crest":{"dmean":2.66733956337,"dmean2":4.29979753494,"dvar":5.50391626358,"dvar2":13.8642864227,"max":22.7256298065,"mean":8.88998603821,"median":8.24940109253,"min":2.26171040535,"var":13.0136566162},"barkbands_flatness_db":{"dmean":0.0216262694448,"dmean2":0.0339206643403,"dvar":0.000457395624835,"dvar2":0.00105758244172,"max":0.329867720604,"mean":0.144009262323,"median":0.138511925936,"min":0.0136599475518,"var":0.00192716310266},"barkbands_kurtosis":{"dmean":2.02707457542,"dmean2":3.29125356674,"dvar":15.8775777817,"dvar2":38.4448852539,"max":72.4476394653,"mean":1.49686706066,"median":0.0898424983025,"min":-1.85377287865,"var":22.1849632263},"barkbands_skewness":{"dmean":0.579899609089,"dmean2":0.885651290417,"dvar":0.444957196712,"dvar2":0.929284393787,"max":7.48396396637,"mean":0.778133273125,"median":0.643270015717,"min":-3.68272948265,"var":1.31549084187},"barkbands_spread":{"dmean":6.1234126091,"dmean2":9.54930782318,"dvar":48.4050941467,"dvar2":114.744728088,"max":105.997337341,"mean":23.1213989258,"median":21.0168228149,"min":1.66367614269,"var":147.876037598},"dissonance":{"dmean":0.0189519934356,"dmean2":0.0312391333282,"dvar":0.000421224249294,"dvar2":0.00113167078234,"max":0.5,"mean":0.462632983923,"median":0.473206222057,"min":0.201149076223,"var":0.0013435985893},"dynamic_complexity":3.54038143158,"erbbands":{"dmean":[0.0355377011001,0.649711787701,1.85747694969,3.22941541672,7.37306976318,4.93365716934,4.57996320724,3.19094586372,7.052069664,11.9309473038,16.6675872803,15.21788311,13.6509532928,15.3273611069,13.5347270966,16.3258285522,24.2099990845,20.9479732513,19.6858406067,20.0447597504,19.7767105103,11.028254509,14.7325592041,10.6080942154,11.2980318069,9.87864875793,4.44245243073,2.51805520058,2.35412669182,2.42716383934,3.53019237518,4.25040054321,2.08709287643,0.635053157806,0.171958774328,0.0509168431163,0.00652065919712,0.000161511852639,0.0000125211117847,0.000010470410416],"dmean2":[0.0600343234837,1.08151686192,3.16233038902,5.34690999985,11.4507579803,7.79660320282,7.09639930725,5.06131601334,11.4181909561,18.7992858887,25.658208847,23.0268955231,20.1550197601,23.4334774017,20.7045326233,24.8965911865,36.7039527893,30.1222419739,28.5721797943,30.2902507782,28.5104084015,15.9592809677,21.4163608551,15.8723278046,16.9333076477,14.4675827026,6.65486764908,3.73822903633,3.63799500465,3.60421705246,5.47941112518,6.56668376923,3.29575681686,0.938749969006,0.253311485052,0.076531149447,0.010109228082,0.000248096970608,0.0000181392333616,0.0000154398730956],"dvar":[0.00734906177968,2.53424334526,19.5438938141,81.6420898438,513.122924805,64.9713058472,131.690414429,37.1942100525,221.71824646,745.674194336,1740.29833984,1907.6940918,1106.83483887,1205.29931641,764.18737793,2637.43676758,5786.32617188,3535.66674805,2195.04858398,2469.78857422,2887.51538086,525.867736816,1057.56518555,535.425598145,856.816650391,426.965576172,118.273292542,83.6505584717,131.023620605,115.429641724,398.541900635,818.207214355,85.3213195801,11.2050933838,0.695304214954,0.0729485303164,0.000918400881346,5.54779830964e-7,1.97538452262e-9,2.81077244813e-10],"dvar2":[0.0195102300495,6.4091258049,50.7368164063,204.3959198,1033.22192383,154.944412231,319.751342773,84.0091629028,491.952331543,1705.13903809,3643.99829102,4042.65283203,2040.33117676,2652.27954102,1675.22155762,5530.17041016,13156.9482422,5918.91992188,4402.38330078,5176.82714844,5541.69970703,949.833496094,1734.1875,1053.23498535,2025.0501709,916.089904785,257.536529541,140.598449707,281.658538818,209.636184692,809.357421875,1942.16271973,169.25440979,22.1884899139,1.47116971016,0.170795723796,0.00209336727858,0.00000122699600524,3.99832922326e-9,5.72913716468e-10],"max":[0.93592274189,17.6478099823,64.6362838745,116.485237122,401.387298584,122.76360321,283.198516846,128.889160156,340.847503662,562.08972168,946.256530762,1429.46594238,924.222900391,1190.29760742,626.39263916,1804.10192871,1406.5333252,1503.58129883,1279.16955566,1083.46569824,1360.3079834,645.09576416,1616.97644043,782.847473145,488.249176025,331.619628906,274.125427246,496.03137207,544.105041504,463.067077637,482.008453369,913.928283691,246.989486694,109.172653198,28.1655082703,8.15149021149,1.00171542168,0.024947989732,0.00137849722523,0.00035185975139],"mean":[0.0393923595548,0.645347177982,2.09910225868,3.56680297852,8.65966892242,8.44793987274,8.33534240723,5.1039557457,11.5999794006,20.2685661316,31.0906887054,24.9813861847,26.8358840942,29.757976532,23.5610580444,27.7872543335,39.0146636963,39.4078979492,37.483001709,34.09633255,36.7337112427,22.5595378876,28.2892398834,18.2314033508,18.2650699615,17.436712265,7.52685117722,3.92947864532,3.32286262512,3.33746385574,4.32717990875,4.65007448196,2.30061197281,0.830726981163,0.221665754914,0.0610158741474,0.00790736731142,0.000204621639568,0.0000236079686147,0.0000268165258603],"median":[0.0102474614978,0.108462743461,0.324763000011,0.613045454025,1.98894071579,3.67031145096,3.09096717834,2.58767485619,4.20194625854,6.64551544189,9.31351470947,7.9432592392,8.45343875885,13.3381910324,9.53726196289,8.57813644409,11.8380584717,9.59283065796,12.686009407,14.64590168,11.1901273727,9.37705802917,13.0853462219,8.00514221191,5.60900306702,5.37272548676,2.41457414627,1.33009552956,0.79071187973,0.63971477747,0.564458608627,0.503568410873,0.255509316921,0.119300633669,0.0463424548507,0.0122344586998,0.00156649877317,0.0000458224858448,0.0000116575201901,0.0000175641689566],"min":[1.61113346504e-21,1.25146521708e-20,2.31233380387e-20,1.29989575338e-20,5.990425194e-20,3.42541592115e-19,1.45569661115e-19,1.63698060947e-19,1.08643669751e-18,1.85608389993e-18,2.57465776601e-18,1.92562331967e-18,1.56822380599e-18,2.13631159836e-18,4.04852094363e-18,2.21805606803e-18,5.74207936283e-18,9.9297697222e-18,6.75932498704e-18,2.89951247887e-18,1.17226150439e-17,1.02720223181e-17,2.35785881462e-17,1.98456758973e-17,1.73332008135e-17,2.6266078104e-17,1.39615100663e-17,1.36668228372e-17,1.81022521357e-17,2.09009995403e-17,1.02704299954e-17,1.33588494331e-17,1.77426618342e-17,1.33811303701e-17,9.49184376231e-18,5.29620709238e-18,2.49898356126e-18,1.20809687104e-18,3.10273457365e-19,3.44022833485e-20],"var":[0.00633196718991,2.39553380013,24.254863739,101.886726379,735.914794922,165.544204712,240.234420776,77.7487869263,619.167114258,1869.74304199,5212.50439453,3778.0456543,3428.30419922,3136.515625,1835.19934082,6145.67138672,11532.9804688,12255.8974609,6622.70507813,5329.28027344,8007.58105469,1614.98840332,3747.14160156,1360.83837891,1371.17663574,1010.82226563,272.279144287,206.323257446,262.644622803,233.686508179,631.938720703,969.499694824,137.509506226,19.9728145599,1.05762994289,0.0934080407023,0.00128013349604,8.24990308956e-7,3.60396890109e-9,7.22208959303e-10]},"erbbands_crest":{"dmean":2.71162629128,"dmean2":4.31868505478,"dvar":6.38820886612,"dvar2":15.4525461197,"max":27.6383628845,"mean":9.19601154327,"median":8.08338356018,"min":2.86757040024,"var":17.5021133423},"erbbands_flatness_db":{"dmean":0.0185540933162,"dmean2":0.0264396686107,"dvar":0.000316080899211,"dvar2":0.000615130236838,"max":0.383253872395,"mean":0.187216892838,"median":0.179912447929,"min":0.0461869910359,"var":0.002054953482},"erbbands_kurtosis":{"dmean":0.998791456223,"dmean2":1.53255915642,"dvar":1.84330415726,"dvar2":3.96875047684,"max":22.4813423157,"mean":0.715672194958,"median":0.0421859845519,"min":-1.81054294109,"var":5.31369352341},"erbbands_skewness":{"dmean":0.380582243204,"dmean2":0.586646854877,"dvar":0.13507796824,"dvar2":0.298790484667,"max":2.41951727867,"mean":-0.149688884616,"median":-0.0582189485431,"min":-3.78989267349,"var":0.621064722538},"erbbands_spread":{"dmean":7.81190490723,"dmean2":11.9241666794,"dvar":80.1075210571,"dvar2":182.261917114,"max":122.672836304,"mean":30.577665329,"median":28.0361099243,"min":3.45401263237,"var":241.966445923},"gfcc":{"cov":[[8291.5703125,-391.730987549,-229.596664429,665.763977051,-625.98034668,247.823913574,-190.048248291,-17.5231704712,-15.3103742599,-82.9020385742,52.461265564,-145.29234314,19.6935462952],[-391.730987549,1195.35656738,13.7555894852,-292.607635498,347.497375488,-68.0796508789,250.679855347,-75.0042190552,58.9877471924,-52.1932182312,29.3493671417,-29.075630188,-2.75187802315],[-229.596664429,13.7555894852,546.339050293,347.68572998,66.0453872681,106.319206238,42.5586166382,23.3506526947,4.8880648613,-16.4000606537,-22.7200698853,5.28155231476,-33.3937416077],[665.763977051,-292.607635498,347.68572998,815.141113281,112.120864868,75.4667282104,-40.452583313,39.4739532471,19.34765625,-35.2818717957,-33.5313606262,-26.5733013153,2.35674333572],[-625.98034668,347.497375488,66.0453872681,112.120864868,442.882873535,-8.47465133667,65.7326583862,1.76190567017,47.656124115,-8.34560108185,-23.583322525,-10.1542901993,-17.3918476105],[247.823913574,-68.0796508789,106.319206238,75.4667282104,-8.47465133667,218.766311646,92.3134078979,33.7566337585,24.7185516357,18.0389175415,1.13596951962,-0.0871993228793,-11.1874103546],[-190.048248291,250.679855347,42.5586166382,-40.452583313,65.7326583862,92.3134078979,233.414672852,33.2343864441,18.5833339691,11.2167072296,16.8390750885,-3.97072386742,-9.49954605103],[-17.5231704712,-75.0042190552,23.3506526947,39.4739532471,1.76190567017,33.7566337585,33.2343864441,116.247169495,32.1030693054,22.8682670593,13.5639305115,6.97122001648,-8.8930606842],[-15.3103742599,58.9877471924,4.8880648613,19.34765625,47.656124115,24.7185516357,18.5833339691,32.1030693054,117.121238708,33.9149932861,3.36298131943,4.84420061111,-0.456637442112],[-82.9020385742,-52.1932182312,-16.4000606537,-35.2818717957,-8.34560108185,18.0389175415,11.2167072296,22.8682670593,33.9149932861,91.9973831177,21.4370326996,4.92632627487,0.090898938477],[52.461265564,29.3493671417,-22.7200698853,-33.5313606262,-23.583322525,1.13596951962,16.8390750885,13.5639305115,3.36298131943,21.4370326996,78.0970306396,12.2656087875,1.89494168758],[-145.29234314,-29.075630188,5.28155231476,-26.5733013153,-10.1542901993,-0.0871993228793,-3.97072386742,6.97122001648,4.84420061111,4.92632627487,12.2656087875,84.7251434326,12.1470079422],[19.6935462952,-2.75187802315,-33.3937416077,2.35674333572,-17.3918476105,-11.1874103546,-9.49954605103,-8.8930606842,-0.456637442112,0.090898938477,1.89494168758,12.1470079422,76.4665527344]],"icov":[[0.00023581374262,-0.000394473812776,0.000463373406092,-0.000527838419657,0.000612252624705,-0.000614321790636,0.000533782702405,-0.000135678725201,0.000137267546961,-0.0000398326301365,-0.0000235440711549,0.000149654501001,0.000221284863073],[-0.000394473812776,0.00351497740485,-0.00177675578743,0.00230325758457,-0.00284411362372,0.00276098586619,-0.00383284594864,0.00231481250376,-0.00230381404981,0.00250717741437,-0.00178670429159,0.00107313634362,-0.00121163530275],[0.000463373406092,-0.00177675578743,0.00414950633422,-0.00273508252576,0.0017877696082,-0.00262237666175,0.00162947585341,-0.000805133429822,0.0013017244637,-0.00089510314865,0.00106027978472,-0.00103898369707,0.00199250364676],[-0.000527838419657,0.00230325758457,-0.00273508252576,0.00388407194987,-0.00273289089091,0.00174739293288,-0.00170210201759,0.000573608907871,-0.00151086191181,0.00200094236061,-0.000846959475894,0.00116941006854,-0.00178216584027],[0.000612252624705,-0.00284411362372,0.0017877696082,-0.00273289089091,0.0055308714509,-0.00181788392365,0.00204888451844,-0.00120203418192,0.000421202217694,-0.00145344540942,0.00188512378372,-0.0005019872915,0.00174893764779],[-0.000614321790636,0.00276098586619,-0.00262237666175,0.00174739293288,-0.00181788392365,0.00918849743903,-0.00580399855971,0.00116529781371,-0.00243588187732,0.000636583659798,-0.000368891051039,0.000277582614217,-0.000646415457595],[0.000533782702405,-0.00383284594864,0.00162947585341,-0.00170210201759,0.00204888451844,-0.00580399855971,0.0103933215141,-0.00371463736519,0.0025877058506,-0.00211453647353,0.000413439993281,-0.000232649967074,0.00100935681257],[-0.000135678725201,0.00231481250376,-0.000805133429822,0.000573608907871,-0.00120203418192,0.00116529781371,-0.00371463736519,0.0120859593153,-0.0037424559705,0.000314673932735,-0.00237426394597,-0.0000715981950634,0.000637663470116],[0.000137267546961,-0.00230381404981,0.0013017244637,-0.00151086191181,0.000421202217694,-0.00243588187732,0.0025877058506,-0.0037424559705,0.0124217132106,-0.00534874526784,0.00189612002578,-0.00136010686401,0.000372033100575],[-0.0000398326301365,0.00250717741437,-0.00089510314865,0.00200094236061,-0.00145344540942,0.000636583659798,-0.00211453647353,0.000314673932735,-0.00534874526784,0.0157708376646,-0.00465528760105,0.00137877301313,-0.000969969434664],[-0.0000235440711549,-0.00178670429159,0.00106027978472,-0.000846959475894,0.00188512378372,-0.000368891051039,0.000413439993281,-0.00237426394597,0.00189612002578,-0.00465528760105,0.0159523896873,-0.00278457580134,0.000644803920295],[0.000149654501001,0.00107313634362,-0.00103898369707,0.00116941006854,-0.0005019872915,0.000277582614217,-0.000232649967074,-0.0000715981950634,-0.00136010686401,0.00137877301313,-0.00278457580134,0.0135820824653,-0.00269881333224],[0.000221284863073,-0.00121163530275,0.00199250364676,-0.00178216584027,0.00174893764779,-0.000646415457595,0.00100935681257,0.000637663470116,0.000372033100575,-0.000969969434664,0.000644803920295,-0.00269881333224,0.0148209705949]],"mean":[-30.1613025665,101.979789734,-147.545654297,32.5489234924,-59.2987556458,14.8954963684,-44.401550293,12.9953651428,-25.6470928192,-3.30859327316,-12.4811210632,-8.97499465942,-5.80436992645]},"hfc":{"dmean":7.44111680984,"dmean2":10.3255243301,"dvar":219.787338257,"dvar2":431.042572021,"max":382.608520508,"mean":20.0438079834,"median":12.239815712,"min":1.13570945191e-16,"var":635.915466309},"melbands":{"dmean":[0.00050457107136,0.000931246380787,0.000690781977028,0.00044293855899,0.000168032958754,0.0000727706574253,0.000111303357698,0.00014960153203,0.000132726505399,0.0000875292316778,0.0000711005777703,0.0000678151336615,0.0000486518001708,0.0000469016595162,0.0000589670671616,0.0000439660652773,0.0000421398653998,0.0000347656859958,0.0000244798629865,0.0000250682624028,0.0000251359033427,0.0000117941444842,0.0000127430348584,0.0000177115671249,0.00000802332669991,0.00000407537254432,0.0000152645970957,0.00000481291863252,0.00000341405916515,0.0000019090848582,0.00000141918656027,0.00000137438678394,0.000001460088356,0.00000129184945763,0.00000186849911188,0.00000288747696686,0.00000249073536907,0.00000160344154665,8.84105133991e-7,4.45506259439e-7],"dmean2":[0.000841826142278,0.00154712586664,0.00110181269702,0.000695407972671,0.00026222167071,0.000115307397209,0.00017924317217,0.000236018182477,0.000203552277526,0.000133084060508,0.000105329869257,0.000103862163087,0.0000752514242777,0.0000721157994121,0.0000904909611563,0.0000666890555294,0.0000602920626989,0.0000513917875651,0.0000361222591891,0.0000381522550015,0.0000362875653082,0.000017106969608,0.0000194419499167,0.000025405701308,0.0000124146563394,0.00000637959192318,0.000022789088689,0.00000716286876923,0.00000517819944434,0.00000290934235636,0.00000212977306546,0.00000215650084101,0.00000219787921196,0.00000194777157958,0.00000293958964903,0.00000440085705122,0.00000393219715988,0.00000257944270743,0.00000134827155307,6.61618571485e-7],"dvar":[0.00000157340343776,0.00000451149344372,0.00000440395297119,8.98407904515e-7,1.42593236774e-7,2.0214406149e-8,5.13385494116e-8,1.19038070068e-7,1.11943307957e-7,6.27479721516e-8,3.17099164704e-8,2.59936374647e-8,9.7589820669e-9,2.55178225217e-8,4.90119305141e-8,1.70780918296e-8,1.54554182785e-8,8.1200770552e-9,3.2779667869e-9,3.71888764228e-9,5.61251844999e-9,7.8610518095e-10,5.28245780451e-10,2.89356050232e-9,3.30671018345e-10,6.77796707649e-11,2.08850403638e-9,1.22096693866e-10,7.39926869775e-11,3.52627614608e-11,3.65741291419e-11,5.50545789513e-11,3.92974194852e-11,3.64628709171e-11,1.05694460129e-10,3.50156348361e-10,3.06974473618e-10,4.86356926954e-11,1.77258693834e-11,6.30822043907e-12],"dvar2":[0.00000405064020015,0.0000112043371701,0.00000964349601418,0.00000188619389974,3.39378658509e-7,4.5583810504e-8,1.14990676536e-7,2.64473669631e-7,2.23559396773e-7,1.34879698521e-7,5.90953774804e-8,5.67428628528e-8,2.09625454772e-8,5.81055310533e-8,1.1333865757e-7,3.86517591267e-8,2.59379486778e-8,1.64821596371e-8,6.70023903027e-9,7.77183828404e-9,1.04065236428e-8,1.47376966186e-9,1.11248021906e-9,4.19570245214e-9,7.26542714879e-10,1.70276251432e-10,4.76800421367e-9,2.45877485039e-10,1.64192007213e-10,7.81854650467e-11,6.41839081883e-11,1.29809871185e-10,7.94845370078e-11,6.65418137258e-11,2.33964486673e-10,7.27826299229e-10,7.63542784554e-10,9.90073856233e-11,3.43950354309e-11,1.32701818284e-11],"max":[0.0141760641709,0.0241408143193,0.0337174832821,0.0152435312048,0.00813662074506,0.00287251034752,0.00471210293472,0.00617430219427,0.00929818116128,0.00835413858294,0.00466527463868,0.00522584561259,0.00284393317997,0.00423833262175,0.00875537656248,0.00288632255979,0.00309057650156,0.00218356400728,0.0015609015245,0.00145089416765,0.00195287389215,0.000649492722005,0.000609559589066,0.00299205793999,0.000555514998268,0.000159911578521,0.000855621474329,0.000275742000667,0.000186713252333,0.000174707820406,0.000355286058038,0.000344625819707,0.000280061736703,0.000209676116356,0.000257756211795,0.000543342728633,0.00061233912129,0.000190422142623,0.000134043468279,0.000083511142293],"mean":[0.000519924622495,0.0010536739137,0.000809854653198,0.000633155577816,0.00031815195689,0.000113856367534,0.000181174124009,0.000261276145466,0.000249133940088,0.000140728181577,0.000136211179779,0.00012848355982,0.0000786986784078,0.000076402524428,0.0000900163067854,0.0000707745639374,0.0000741493568057,0.0000612540025031,0.0000427515369665,0.0000412821827922,0.0000438646929979,0.0000215477812162,0.000022362688469,0.0000312037554977,0.0000125356336866,0.00000618928106633,0.0000237248332269,0.00000836692106532,0.00000543493979421,0.00000279901132672,0.00000201896250474,0.00000183650490726,0.00000193233449863,0.00000173996636477,0.00000221498885367,0.00000319045648212,0.00000268629469247,0.00000172527563791,0.00000103459626644,5.84723068187e-7],"median":[0.00011464842828,0.000173374646693,0.000146643258631,0.000241227098741,0.000118492098409,0.0000533554557478,0.0000641493534204,0.0000800639099907,0.0000759685281082,0.0000437520247942,0.0000405940591008,0.0000540862420166,0.0000283203771687,0.0000212421455217,0.0000229256493185,0.0000199076457648,0.0000157391041284,0.0000177088004421,0.0000181844152394,0.0000153943838086,0.0000109037882794,0.0000069521856858,0.000010795542039,0.0000105614617496,0.00000540479140909,0.00000286212593892,0.00000429021201853,0.00000214873489313,0.00000139107373798,9.49188120103e-7,5.88603825236e-7,4.07965103477e-7,3.94934943415e-7,2.93263099138e-7,2.89866420644e-7,3.09216716232e-7,2.8678979902e-7,1.82057874554e-7,1.23445744293e-7,8.82841959537e-8],"min":[1.75609130749e-23,1.50587125479e-23,3.70120875512e-24,1.37507890556e-23,7.83722028626e-24,3.32605017443e-24,1.94683692774e-23,2.00889629961e-23,2.06079025208e-23,1.1032375954e-23,7.90705971992e-24,8.46636999033e-24,1.64265247823e-23,5.18041288255e-24,7.8395742472e-24,1.52176317327e-23,1.9026536173e-23,1.12900960228e-23,4.79729942849e-24,4.45684362788e-24,1.61600759676e-23,8.49738090138e-24,2.0464585427e-23,1.75771178557e-23,1.66972981326e-23,6.98451686798e-24,2.37287277698e-23,1.53348280642e-23,8.03838218368e-24,8.21762479198e-24,7.74950210904e-24,9.88437586646e-24,1.20114217571e-23,1.08114444134e-23,5.38592495343e-24,6.55548776493e-24,7.97518811428e-24,1.08448013968e-23,1.30460925093e-23,1.11909993159e-23],"var":[0.00000138995824273,0.00000558470446776,0.00000635050082565,0.00000148416222601,3.11514469331e-7,4.18072296782e-8,1.44614233477e-7,3.23583151385e-7,3.16805056855e-7,1.21340065107e-7,9.58302592835e-8,6.83620697828e-8,2.38501520755e-8,5.31221289179e-8,9.92071917949e-8,3.26739666434e-8,5.02146271231e-8,2.2754823803e-8,7.61978125041e-9,7.89523735278e-9,1.47471412859e-8,2.07122785589e-9,1.22946008929e-9,1.0688704144e-8,5.93652627057e-10,9.90292639558e-11,3.47995410266e-9,3.74623165822e-10,1.71219247114e-10,6.26646859403e-11,8.26456403313e-11,1.00035466022e-10,7.27800736344e-11,6.92887205944e-11,1.50048487524e-10,5.02573649364e-10,3.29868632409e-10,7.2913126925e-11,3.25419517722e-11,1.01683089032e-11]},"melbands_crest":{"dmean":3.44009399414,"dmean2":5.68890380859,"dvar":9.4429807663,"dvar2":24.3762702942,"max":29.4788417816,"mean":11.7549819946,"median":10.7887763977,"min":2.01862192154,"var":25.1252670288},"melbands_flatness_db":{"dmean":0.0299623738974,"dmean2":0.0452346876264,"dvar":0.000988502055407,"dvar2":0.00205254484899,"max":0.394947886467,"mean":0.176718443632,"median":0.167287617922,"min":0.00846689939499,"var":0.00422014389187},"melbands_kurtosis":{"dmean":5.46082162857,"dmean2":8.81319713593,"dvar":128.127593994,"dvar2":298.309814453,"max":160.366287231,"mean":6.54742765427,"median":2.01418161392,"min":-1.86752021313,"var":193.209487915},"melbands_skewness":{"dmean":0.769811213017,"dmean2":1.17736625671,"dvar":0.91277641058,"dvar2":1.91910147667,"max":10.8623399734,"mean":1.7446616888,"median":1.37761425972,"min":-1.77707123756,"var":2.55178022385},"melbands_spread":{"dmean":10.9072990417,"dmean2":16.9977855682,"dvar":260.100799561,"dvar2":529.293762207,"max":260.329742432,"mean":33.8700942993,"median":27.3429870605,"min":1.29649722576,"var":661.576721191},"mfcc":{"cov":[[6748.97363281,-886.655395508,494.807678223,134.924682617,-93.6299972534,19.751209259,-78.2092819214,-8.45942211151,-70.9764556885,75.9720230103,-87.7196960449,52.971408844,-27.9840240479],[-886.655395508,1564.63024902,-399.555480957,-146.943695068,-47.704044342,36.1630020142,111.488945007,44.4591140747,46.8262367249,-35.6793212891,84.4037017822,43.3067092896,-14.6628484726],[494.807678223,-399.555480957,594.837890625,199.77166748,42.7063484192,91.0121765137,40.4024353027,63.071105957,13.7703094482,8.97796821594,-33.480594635,35.9664916992,26.0301628113],[134.924682617,-146.943695068,199.77166748,543.589599609,251.856430054,106.801109314,21.5500221252,58.310218811,47.0758934021,4.03385066986,-27.4676151276,-19.7993469238,24.406785965],[-93.6299972534,-47.704044342,42.7063484192,251.856430054,302.20993042,68.2610702515,-5.13051271439,21.6426334381,28.4993457794,22.0896873474,-1.74959099293,-8.5198392868,-10.9918413162],[19.751209259,36.1630020142,91.0121765137,106.801109314,68.2610702515,197.502502441,69.575843811,53.3831100464,59.4340858459,9.77102279663,28.3137569427,22.8844566345,-15.614200592],[-78.2092819214,111.488945007,40.4024353027,21.5500221252,-5.13051271439,69.575843811,159.389511108,61.8687782288,23.3874816895,24.5865345001,22.780954361,10.7430839539,1.08646070957],[-8.45942211151,44.4591140747,63.071105957,58.310218811,21.6426334381,53.3831100464,61.8687782288,131.102096558,39.6751785278,10.9816064835,21.4684333801,22.4153423309,8.03166484833],[-70.9764556885,46.8262367249,13.7703094482,47.0758934021,28.4993457794,59.4340858459,23.3874816895,39.6751785278,116.986816406,29.0828647614,14.5942573547,22.4587898254,6.0137014389],[75.9720230103,-35.6793212891,8.97796821594,4.03385066986,22.0896873474,9.77102279663,24.5865345001,10.9816064835,29.0828647614,102.711601257,30.7407722473,7.66571331024,9.09512042999],[-87.7196960449,84.4037017822,-33.480594635,-27.4676151276,-1.74959099293,28.3137569427,22.780954361,21.4684333801,14.5942573547,30.7407722473,106.789375305,31.3901977539,1.52025234699],[52.971408844,43.3067092896,35.9664916992,-19.7993469238,-8.5198392868,22.8844566345,10.7430839539,22.4153423309,22.4587898254,7.66571331024,31.3901977539,91.4955673218,14.1166639328],[-27.9840240479,-14.6628484726,26.0301628113,24.406785965,-10.9918413162,-15.614200592,1.08646070957,8.03166484833,6.0137014389,9.09512042999,1.52025234699,14.1166639328,82.1645126343]],"icov":[[0.000176128844032,0.0000596523495915,-0.0000699861266185,-0.0000913026742637,0.000173463005922,-0.0000696958959452,0.000125005171867,-0.0000291538290185,0.000179355047294,-0.000256281025941,0.000158350885613,-0.000200726877665,0.0001778818405],[0.0000596523495915,0.000951173715293,0.00066455808701,0.0000225078365474,0.0000374028968508,-0.0000886145498953,-0.000697723415215,-0.000140448799357,-0.000226333824685,0.000592776632402,-0.000280230335193,-0.000501138099935,0.000026191917641],[-0.0000699861266185,0.00066455808701,0.00283958949149,-0.000853945559356,0.000554819358513,-0.000956057861913,-0.000492318533361,-0.000749071245082,0.000602612621151,-0.0000845827744342,0.000983356032521,-0.00146242463961,-0.000380584504455],[-0.0000913026742637,0.0000225078365474,-0.000853945559356,0.00402785325423,-0.00307970377617,-0.000700857781339,-0.000126920131152,-0.000614063930698,-0.000735083769541,0.000959102064371,0.00035409317934,0.00155387737323,-0.00176238070708],[0.000173463005922,0.0000374028968508,0.000554819358513,-0.00307970377617,0.00627266569063,-0.00110356975347,0.00127812544815,-0.000144391189679,0.000560381973628,-0.00192427425645,0.000272877776297,-0.000589437491726,0.00169965950772],[-0.0000696958959452,-0.0000886145498953,-0.000956057861913,-0.000700857781339,-0.00110356975347,0.00880883727223,-0.00294387084432,-0.0000342451639881,-0.00337457400747,0.001656922861,-0.00205850182101,-0.000596002326347,0.00224421964958],[0.000125005171867,-0.000697723415215,-0.000492318533361,-0.000126920131152,0.00127812544815,-0.00294387084432,0.0097641563043,-0.00344063178636,0.00137051206548,-0.00277480925433,0.000258583662799,0.000783373310696,-0.00000203963327294],[-0.0000291538290185,-0.000140448799357,-0.000749071245082,-0.000614063930698,-0.000144391189679,-0.0000342451639881,-0.00344063178636,0.0110695045441,-0.00249556568451,0.000983226113021,-0.00143814343028,-0.000981222139671,-0.000408652966144],[0.000179355047294,-0.000226333824685,0.000602612621151,-0.000735083769541,0.000560381973628,-0.00337457400747,0.00137051206548,-0.00249556568451,0.0123332291842,-0.00383919174783,0.00151344982442,-0.00220626592636,-0.000419012474595],[-0.000256281025941,0.000592776632402,-0.0000845827744342,0.000959102064371,-0.00192427425645,0.001656922861,-0.00277480925433,0.000983226113021,-0.00383919174783,0.0132968779653,-0.00413539726287,0.00108499208,-0.00154236250091],[0.000158350885613,-0.000280230335193,0.000983356032521,0.00035409317934,0.000272877776297,-0.00205850182101,0.000258583662799,-0.00143814343028,0.00151344982442,-0.00413539726287,0.0130351604894,-0.00392701197416,0.00015019273269],[-0.000200726877665,-0.000501138099935,-0.00146242463961,0.00155387737323,-0.000589437491726,-0.000596002326347,0.000783373310696,-0.000981222139671,-0.00220626592636,0.00108499208,-0.00392701197416,0.0146457022056,-0.00266486499459],[0.0001778818405,0.000026191917641,-0.000380584504455,-0.00176238070708,0.00169965950772,0.00224421964958,-0.00000203963327294,-0.000408652966144,-0.000419012474595,-0.00154236250091,0.00015019273269,-0.00266486499459,0.0142303472385]],"mean":[-659.922668457,123.38961792,-22.3272132874,14.7858333588,5.77971315384,-2.86531448364,-0.0649712234735,2.94789981842,-2.69770169258,4.76383304596,-4.83812570572,-0.843988239765,-4.9985575676]},"pitch_salience":{"dmean":0.0750374123454,"dmean2":0.12204670161,"dvar":0.0041610924527,"dvar2":0.0106304744259,"max":0.86119800806,"mean":0.554480791092,"median":0.552273511887,"min":0.115804389119,"var":0.0117951817811},"silence_rate_20dB":{"dmean":0,"dmean2":0,"dvar":0,"dvar2":0,"max":1,"mean":1,"median":1,"min":1,"var":0},"silence_rate_30dB":{"dmean":0.00512273190543,"dmean2":0.0102476514876,"dvar":0.00509676523507,"dvar2":0.0152675379068,"max":1,"mean":0.997439205647,"median":1,"min":0,"var":0.0025543353986},"silence_rate_60dB":{"dmean":0.0315901823342,"dmean2":0.0631938502192,"dvar":0.0305932797492,"dvar2":0.0762832984328,"max":1,"mean":0.0676483139396,"median":0,"min":0,"var":0.0630731806159},"spectral_centroid":{"dmean":307.933929443,"dmean2":457.233032227,"dvar":146989.828125,"dvar2":277678.0625,"max":10932.0654297,"mean":1633.18103027,"median":1496.78149414,"min":249.342544556,"var":552238.6875},"spectral_complexity":{"dmean":3.62860202789,"dmean2":5.46754932404,"dvar":13.9184494019,"dvar2":29.6737861633,"max":48,"mean":17.7757148743,"median":18,"min":0,"var":55.6042556763},"spectral_contrast_coeffs":{"dmean":[0.0564634464681,0.0460184067488,0.0408720783889,0.0348262451589,0.0274608377367,0.0204223655164],"dmean2":[0.0915914177895,0.0737604275346,0.0631510540843,0.0532663427293,0.0415905863047,0.0323244258761],"dvar":[0.00222945981659,0.0014411843149,0.00111453933641,0.000827017182019,0.000522578891832,0.000349839887349],"dvar2":[0.00542859639972,0.00356426485814,0.00255265110172,0.00183108542114,0.00112250295933,0.000860017375089],"max":[-0.24205006659,-0.36892619729,-0.410850405693,-0.514056444168,-0.532937347889,-0.632811665535],"mean":[-0.63315141201,-0.731883883476,-0.751683115959,-0.745528042316,-0.747857153416,-0.776027202606],"median":[-0.644815802574,-0.749453485012,-0.767404913902,-0.754806101322,-0.751204490662,-0.775357425213],"min":[-0.952731847763,-0.965026557446,-0.965590178967,-0.949283599854,-0.959581255913,-0.958739638329],"var":[0.00890923757106,0.00790666136891,0.00671989796683,0.00437358347699,0.00252259871922,0.00141471088864]},"spectral_contrast_valleys":{"dmean":[0.438456594944,0.410937398672,0.351998209953,0.326241075993,0.36032551527,0.430878996849],"dmean2":[0.68427169323,0.653947591782,0.549345493317,0.495949476957,0.491122603416,0.559994459152],"dvar":[0.180959820747,0.137757152319,0.107324846089,0.0968353971839,0.126234307885,0.195320472121],"dvar2":[0.340402811766,0.310642331839,0.218463614583,0.183836072683,0.22128431499,0.352284282446],"max":[-5.35089159012,-4.91370820999,-5.41853570938,-6.00380468369,-5.93557357788,-6.79353809357],"mean":[-7.77202558517,-7.03423690796,-7.45546150208,-7.78843069077,-7.85704278946,-10.5680446625],"median":[-7.59296607971,-6.8616476059,-7.30975294113,-7.65253305435,-7.70729923248,-10.445110321],"min":[-27.4271278381,-27.0895996094,-26.9936218262,-27.3235664368,-27.3146648407,-27.3171348572],"var":[1.37357294559,1.03366696835,0.929531633854,0.867313683033,1.07379710674,1.35324621201]},"spectral_decrease":{"dmean":1.93830240747e-9,"dmean2":2.93207658153e-9,"dvar":9.87255694796e-18,"dvar2":2.11253640096e-17,"max":-1.01357191112e-28,"mean":-4.86265294697e-9,"median":-3.20817461485e-9,"min":-3.69487835883e-8,"var":2.16950069015e-17},"spectral_energy":{"dmean":0.00776776438579,"dmean2":0.0116654839367,"dvar":0.000145373574924,"dvar2":0.000309657509206,"max":0.142378613353,"mean":0.0201708059758,"median":0.0135244838893,"min":1.06837735111e-20,"var":0.000344566884451},"spectral_energyband_high":{"dmean":0.000474376283819,"dmean2":0.000684882048517,"dvar":0.00000344724480783,"dvar2":0.0000064411360654,"max":0.0492264069617,"mean":0.000737304566428,"median":0.000180932067451,"min":7.17171811094e-21,"var":0.0000074341655818},"spectral_energyband_low":{"dmean":0.00393594056368,"dmean2":0.00641552451998,"dvar":0.0000797644752311,"dvar2":0.000189479222172,"max":0.088269084692,"mean":0.00482245534658,"median":0.00106521532871,"min":9.5782090095e-23,"var":0.000101973237179},"spectral_energyband_middle_high":{"dmean":0.00224554189481,"dmean2":0.00308373011649,"dvar":0.0000100038350865,"dvar2":0.0000178230002348,"max":0.0690477788448,"mean":0.00658452510834,"median":0.00422277394682,"min":2.04860649104e-21,"var":0.0000547492199985},"spectral_energyband_middle_low":{"dmean":0.00416716979817,"dmean2":0.0063603585586,"dvar":0.0000679532822687,"dvar2":0.000140853633638,"max":0.139271050692,"mean":0.00873640272766,"median":0.00507993903011,"min":3.78976856804e-22,"var":0.000129632826429},"spectral_entropy":{"dmean":0.184880316257,"dmean2":0.266259491444,"dvar":0.0319078303874,"dvar2":0.0651082545519,"max":9.78517627716,"mean":7.41296958923,"median":7.44644451141,"min":5.65687656403,"var":0.181511089206},"spectral_flux":{"dmean":0.0259939804673,"dmean2":0.0416571460664,"dvar":0.00100282533094,"dvar2":0.00241485377774,"max":0.300941765308,"mean":0.0775462165475,"median":0.0667688399553,"min":1.03362339521e-10,"var":0.00219243159518},"spectral_kurtosis":{"dmean":2.24660491943,"dmean2":3.77174162865,"dvar":8.22623729706,"dvar2":23.3992557526,"max":48.5003128052,"mean":6.17597723007,"median":4.71375894547,"min":-1.22523605824,"var":30.3884983063},"spectral_rms":{"dmean":0.000807404634543,"dmean2":0.00117973494343,"dvar":9.99027065518e-7,"dvar2":0.00000201657644538,"max":0.0117858368903,"mean":0.00400243606418,"median":0.00363243930042,"min":3.22849711375e-12,"var":0.00000365937557945},"spectral_rolloff":{"dmean":549.797424316,"dmean2":914.080505371,"dvar":894161.3125,"dvar2":1812803.625,"max":19013.8183594,"mean":1963.48974609,"median":1658.05664063,"min":107.666015625,"var":2062879.25},"spectral_skewness":{"dmean":0.262179017067,"dmean2":0.418728888035,"dvar":0.070629671216,"dvar2":0.177217274904,"max":5.33444261551,"mean":1.67635774612,"median":1.58186388016,"min":-0.0443150661886,"var":0.34780216217},"spectral_spread":{"dmean":479880.125,"dmean2":707971.8125,"dvar":523551113216,"dvar2":846985166848,"max":41458108,"mean":3717461,"median":3626917.5,"min":1335215.625,"var":1602654437380},"spectral_strongpeak":{"dmean":0.957719504833,"dmean2":1.57127976418,"dvar":2.46056222916,"dvar2":5.42423915863,"max":21.9465255737,"mean":1.6317602396,"median":0.655049085617,"min":0,"var":5.08549404144},"zerocrossingrate":{"dmean":0.011631202884,"dmean2":0.0132378004491,"dvar":0.000269385345746,"dvar2":0.000321210216498,"max":0.48876953125,"mean":0.0687593966722,"median":0.060546875,"min":0.009765625,"var":0.00147937156726}},"metadata":{"audio_properties":{"analysis_sample_rate":44100,"bit_rate":192000,"codec":"mp3","downmix":"mix","equal_loudness":0,"length":108.773880005,"lossless":false,"md5_encoded":"72fb270b0c6eb4bec34f90a2dd3dfa01","replay_gain":-4.760887146,"sample_rate":44100},"tags":{"acoustid_fingerprint":["AQADU06aMAp64_hh5cJ_PMMe8PgxPYJ2NMcr73hyVHrQEyexE_wx5ygVeUKy9EGMJ8V3NBPFHeGP3UOfWdDF7OC0b9AOUlGi4Bc0K4vQuPihR0H1G02r48enZBt-lBLTQRTCpx2ue6gVyXi8De_wLKkRBiq3iAjdHI7RMwipQ8x35KOHLnIq_LgWo5mMHnkOPUerEH4s4Phy4aGFoxaDPIrRI3VC1BXOHe0IscqCPnjYD1d0hBb8FF0WycINennQXDKKN0qQi16g77iyIExM9MSXI0ydkXjhg6HEIFQaZ8OWo_zRLjT8I5eC5AkPR9KHV3PQRL3wHZeYCXuyo-kfJDviJ3hySriUBatxJ0evIFnSJCbCJdHRjDnuo88CVw96HZeGZ0imNByLSDnug6YeTBThJkXJHH3gOBxh6UapaPnxY0-G9JmOxGWKy-AmXE4VOFSPZ9NxZO0OPUEY6ygTSRYS5zliTkLjHQ-LpsKdI98rSFl0Il3Yoz--4Hg0ZFJEOXiUDzqPVEQuQy5zhGTQ8AgpfWic5IGuIzzRXMeVB6ykZ9h7fIEvFl-C__hW40KnH0meHKWUg2PCo0-DKT90_EfK_MGVRJpw13DyBh-PXRfK_KDGHNmhJ1qG_IqIM2FWeMyO_7Bi1AKfCKFfJJTxC6W2jMEVhcajVNi1HlVTIomijchJEt9ygcnEo5eEH0e-B8myzqiUMStQpTn8HL4U9Pg1nCV6bmDCUcS_4YxbNFWHZDfyEE90oz-c5Rn6HOdRWhmSpcQVPgn2C2XDYMqT4zeePdC45AzSJdKOPsSPXuvQnAh5C5I-9BuRbcqLPj_SKnMg6vgnOONRi6LxMC7ULUcPU5Fyo2t0qG2K8DWaS0L-4wyFXmsGsUZ1WahoVfgF0VkQ6kqwH-HDGO50tOShXR5y7SgXnP_wHWFGXdC2JDximhL64caVGOm0PbiS6BCvh8ibZXiJJ2fQRMpFPA36Hf-FK9ElWMtxM7UQfocqPQiZ5BasO-ijhAsuGiGVH06SQLuD8FlxH-kUPmhxMQsTaCuN68OVfHD0Co-Ei9KhNQ8e5cJvaF-OZqeMKx8qKTtyFmek4_sDT0_w5Ui_QNWP70GqSGbwTmHwJseTH5euwP_xsfCGxx2e8PhTEfkDPRE9lDvyo08txEkPZ3kD7YiUrUafEk-0gf3x4zHy7EMPc4wK0cWP9Av6HT-P_vCJSjzyI9lr4enge8KdPHBFXMelIccjVoHoBpE2XviVFT2-49IPuwifBZoWsRzcC_lSpE903MezfMgRqdkivDxKLvgPHzd07RB_XHvxjxm-JfCPayHyDccrWNZR28alyHhQ-DEi_ce6a4P6Ds2HkHLwHH0On2HwoNIYiQGpvMR7NE9ShI9yyEceHRxFXM7REKWSxMNvVE-IaKoE_Tlq5UTO4JmIw2qGN_jhd3hYhP8h_kgpJsOlw2OI3tLQPEuFfikuHo_CIVozJD8eL2AppbilY0-Uo4jN2EjIpUZ3bSIuW_h7fPzxI-XTI_mPXfqC5xuYv