{"lowlevel":{"average_loudness":0.935359537601,"barkbands":{"dmean":[0.000373240123736,0.00263262423687,0.00200086529367,0.00266699283384,0.00213928520679,0.00121795048472,0.000770248821937,0.000564595102333,0.000603003019933,0.000424846541137,0.00135929929093,0.000476534623886,0.000438655784819,0.000327960267896,0.00053906138055,0.000399832875701,0.000646433152724,0.000220947535126,0.000157405956998,0.000128721803776,0.0000766388548072,0.0000581634303671,0.0000586243368161,0.000043191081204,0.0000217014894588,0.00000487716442876,3.33749909487e-7],"dmean2":[0.000602226122282,0.00445542298257,0.00321976328269,0.0045807370916,0.00364503171295,0.00194473878946,0.00119167508092,0.000899795966689,0.000982500030659,0.000694342306815,0.00226028263569,0.000787560071331,0.00073617848102,0.000553047051653,0.000913864932954,0.000671244750265,0.00108757126145,0.000367964850739,0.000256175320828,0.000211695325561,0.000122183017083,0.0000904917324078,0.0000851648437674,0.0000646272237645,0.0000323042440868,0.00000732929765945,5.20025650985e-7],"dvar":[3.92109797076e-7,0.0000185369426617,0.000020311352273,0.0000300985302601,0.0000116871742648,0.0000034670124478,0.00000130810701648,0.00000130962655476,9.94433435153e-7,9.90107764665e-7,0.00000328897840518,7.25924849121e-7,4.62330916662e-7,1.98056596901e-7,5.07150843987e-7,4.21043750976e-7,0.00000105032677311,1.24666101442e-7,5.15235640819e-8,3.20660689113e-8,2.49114631146e-8,1.52998929082e-8,3.80126294885e-8,2.12951380973e-8,6.77244393898e-9,2.52796089617e-10,7.39633452141e-13],"dvar2":[9.97982510853e-7,0.0000497858818562,0.0000466315068479,0.0000828200718388,0.0000324859211105,0.00000885261579242,0.00000310753557642,0.00000316565092362,0.00000269262113761,0.00000280166796074,0.00000862868364493,0.00000194860604097,0.00000129977252072,5.40284247563e-7,0.0000013916470607,0.00000120088157018,0.00000298206850857,3.38061653338e-7,1.30090910488e-7,8.02186335136e-8,5.61960185053e-8,3.39717338704e-8,7.24210380554e-8,4.44103349651e-8,1.43741791803e-8,5.78939451934e-10,1.57379220333e-12],"max":[0.00869382638484,0.0537374205887,0.0525614619255,0.0928013846278,0.0443593896925,0.034866373986,0.0238570105284,0.0261653121561,0.0294180884957,0.0365033373237,0.0254992619157,0.0222758986056,0.0165526233613,0.00667567271739,0.011432168074,0.0157543644309,0.0208927560598,0.00739583000541,0.00423094630241,0.00505242589861,0.00572719238698,0.00330827035941,0.00631136493757,0.00387047883123,0.00360990478657,0.000548134732526,0.0000237209223997],"mean":[0.000556862330996,0.00364505243488,0.00215386762284,0.00313854869455,0.00331300566904,0.00212754891254,0.00152052287012,0.000969380082097,0.00108005630318,0.000715939560905,0.00206011626869,0.000882713415194,0.000787013967056,0.00061076215934,0.000939979101531,0.000860982574522,0.00147609144915,0.000507212127559,0.000382211990654,0.00029129331233,0.000173119769897,0.000128623403725,0.000121025754197,0.0000808902550489,0.0000350306727341,0.00000718520550436,4.35117726738e-7],"median":[0.000188467558473,0.00185017916374,0.000600670929998,0.00138684222475,0.00203105597757,0.00122905964963,0.000942503917031,0.000425553764217,0.000621593033429,0.000316913618008,0.00126307003666,0.000414144771639,0.000526374322362,0.000439606519649,0.000697993615177,0.000521537382156,0.000971728411969,0.000313686294248,0.000249849021202,0.000210546830203,0.0000967826708802,0.0000721512478776,0.0000389533561247,0.0000210731359402,0.0000079094843386,0.00000152643337969,5.18505700597e-8],"min":[3.59330998753e-25,2.68941260264e-24,1.43296465104e-24,2.47085080024e-24,3.2637571814e-24,1.23840465166e-23,7.18135028561e-24,5.60060950448e-24,2.04357730713e-23,1.6034553998e-23,1.42661992167e-23,2.6480003239e-23,3.08338117719e-23,3.4657644616e-23,6.08517835957e-23,7.24305072577e-23,7.59697348644e-23,8.08343939423e-23,1.755297177e-22,2.22344775405e-22,2.39379677606e-22,3.15249517436e-22,3.87696332027e-22,5.61493471365e-22,8.79803920575e-22,1.32057415797e-21,1.78136778036e-21],"var":[7.14688212611e-7,0.0000231697140407,0.0000208546662179,0.0000275796737697,0.0000151569374793,0.00000721619107935,0.0000034711229091,0.00000326199847223,0.00000227834857469,0.00000220090873881,0.00000557016937819,0.00000195503253053,8.48922809382e-7,3.91791076026e-7,8.73619853792e-7,0.00000109756558686,0.00000318073057315,3.98923731382e-7,1.75915900513e-7,9.09934314564e-8,6.74882869589e-8,4.53702178049e-8,1.4114684177e-7,7.04866991441e-8,1.6496908728e-8,5.19557785683e-10,1.62926996113e-12]},"barkbands_crest":{"dmean":2.1636800766,"dmean2":3.57791781425,"dvar":3.64628577232,"dvar2":9.67484855652,"max":25.543264389,"mean":7.53012418747,"median":6.86338567734,"min":2.24358224869,"var":10.0274944305},"barkbands_flatness_db":{"dmean":0.0178634598851,"dmean2":0.0278462804854,"dvar":0.000333391421009,"dvar2":0.000769158999901,"max":0.473712950945,"mean":0.11899766326,"median":0.111496411264,"min":0.0246693715453,"var":0.00208161585033},"barkbands_kurtosis":{"dmean":2.13698244095,"dmean2":3.39511561394,"dvar":70.6863327026,"dvar2":172.430160522,"max":303.788604736,"mean":2.208319664,"median":-0.321940422058,"min":-1.85375332832,"var":158.273330688},"barkbands_skewness":{"dmean":0.460164517164,"dmean2":0.722124040127,"dvar":0.279081583023,"dvar2":0.653071403503,"max":15.3534154892,"mean":0.925753831863,"median":0.698018372059,"min":-2.16702032089,"var":1.37932276726},"barkbands_spread":{"dmean":4.72354698181,"dmean2":7.35809993744,"dvar":24.7360553741,"dvar2":53.3808708191,"max":102.644477844,"mean":25.3266716003,"median":24.7479877472,"min":0.402599811554,"var":127.501991272},"dissonance":{"dmean":0.0145948790014,"dmean2":0.0247661489993,"dvar":0.000217746724957,"dvar2":0.000595248944592,"max":0.500000059605,"mean":0.473099857569,"median":0.478933334351,"min":0.241145581007,"var":0.00048169287038},"dynamic_complexity":3.06915283203,"erbbands":{"dmean":[0.0899201706052,0.5910192132,2.12654280663,5.88114356995,7.93528795242,7.86117362976,7.4456615448,10.1338529587,8.89221000671,13.7537603378,12.0204191208,12.0366210938,13.7562227249,30.9446411133,30.9960365295,18.1812324524,16.8600940704,13.9182529449,13.7659864426,32.654209137,24.0264015198,37.9663963318,13.4378480911,8.31048583984,6.90198469162,5.83964204788,3.82569003105,2.33926343918,2.11913156509,1.96234643459,1.64871895313,1.03804552555,0.674993038177,0.332345217466,0.110036179423,0.0326301939785,0.00687616644427,0.000864184345119,0.0000619766142336,0.0000117067720566],"dmean2":[0.151126623154,0.987861692905,3.37602233887,9.95984268188,13.6663274765,13.0832204819,12.2683706284,16.1707019806,14.2890071869,20.8751335144,19.2990779877,19.5373649597,22.2267456055,50.5977516174,51.8099212646,30.1294403076,28.2141113281,23.2073879242,23.1363677979,55.2760047913,40.4968338013,63.8622932434,22.3950500488,13.6763238907,11.2993154526,9.58326435089,6.10340833664,3.68355369568,3.29882049561,2.98562932014,2.36788749695,1.54626822472,1.01657128334,0.498116314411,0.162492364645,0.0490053221583,0.0103989075869,0.00130478432402,0.0000939875462791,0.0000183153279067],"dvar":[0.0162371043116,1.24023473263,21.3719444275,152.283554077,192.445587158,152.499481201,127.839530945,301.974212646,217.601928711,506.617797852,520.518676758,394.957489014,917.494262695,1664.16149902,1504.77380371,991.976013184,683.093933105,365.521942139,303.390869141,1971.69335938,1568.7532959,4026.03173828,428.774871826,146.854431152,117.326873779,68.9375610352,63.4672851562,25.8501834869,18.112411499,28.7910957336,35.524181366,15.2164211273,4.6309466362,1.76938867569,0.147212401032,0.0132351890206,0.000376201263862,0.00000506365040565,2.35053043696e-8,2.3002204308e-10],"dvar2":[0.0442684851587,3.18980121613,47.3604354858,408.291320801,541.738769531,406.27935791,332.90637207,766.432739258,540.701049805,1195.38208008,1290.0345459,1024.09069824,2498.36547852,4271.11425781,4010.38232422,2664.48535156,1896.01025391,967.274047852,834.720458984,5421.13525391,4437.58935547,11471.7548828,1161.0090332,381.954193115,302.585540771,172.278320312,150.762527466,54.6300201416,39.828742981,59.76304245,69.5303421021,32.0337333679,9.7962770462,3.7967069149,0.308734595776,0.030375443399,0.000824801274575,0.0000102980884549,4.84088005237e-8,5.52018319944e-10],"max":[1.54758453369,14.0683012009,48.5927581787,160.076309204,221.12651062,247.680343628,221.36328125,397.983062744,322.746124268,490.450195312,618.026733398,794.632507324,815.077392578,857.54095459,508.136871338,780.226135254,662.153625488,482.182281494,338.275634766,726.231811523,1018.40032959,1405.70532227,473.734771729,304.818786621,205.38494873,226.248184204,335.57434082,160.08052063,122.61630249,148.010543823,217.28465271,122.313827515,58.1596908569,54.2712211609,15.9565210342,4.0734872818,0.57522124052,0.0814656168222,0.00562107888982,0.000176122834091],"mean":[0.129129201174,0.726578295231,2.40839552879,6.84762620926,10.897028923,12.2175703049,12.2612161636,17.8252010345,16.5757007599,26.9735088348,22.9076538086,22.4373779297,25.0560073853,53.3586730957,52.9360923767,36.5765991211,33.9503173828,29.4555549622,31.3151016235,58.9279899597,58.3280601501,87.5659103394,36.1018791199,21.760307312,17.9907836914,13.4899120331,8.80247116089,5.21482563019,4.62279891968,4.23046350479,3.32041168213,1.99257385731,1.19322526455,0.539313316345,0.174259513617,0.0496733784676,0.00990598835051,0.0011912304908,0.0000981414632406,0.0000379984303436],"median":[0.0664332807064,0.311236292124,0.771867871284,3.13043284416,6.18403100967,7.23169803619,7.07803010941,10.1332759857,10.252081871,15.3519620895,12.3392839432,13.339050293,12.6479082108,36.0789337158,38.3394088745,20.6504859924,22.9096336365,22.2170257568,25.4061203003,44.5720405579,38.1840248108,57.6641807556,24.2004528046,14.28632164,11.8671703339,9.7750005722,4.7819237709,2.89894127846,2.68523693085,1.89813530445,0.91262191534,0.469815999269,0.334087133408,0.1233606264,0.0381370708346,0.0108633711934,0.00208475114778,0.000209871548577,0.0000293010671157,0.0000357571116183],"min":[9.43280679854e-23,2.82474000277e-22,2.96114180305e-21,9.4478784342e-21,1.61292367694e-20,1.42719125639e-20,3.60069071081e-20,8.86103531019e-20,1.18486682186e-19,1.09751461047e-19,2.59773460583e-19,6.07911162187e-19,5.37685130844e-19,8.23740730277e-19,6.16348404435e-19,1.0651512724e-18,1.80944270071e-18,2.22322160416e-18,2.90710765125e-18,3.66972805777e-18,3.89020808696e-18,5.24463527632e-18,4.69050615679e-18,6.17364885331e-18,8.27078703902e-18,1.0209204568e-17,9.29719492928e-18,9.99886411877e-18,1.01372679789e-17,1.14284158514e-17,1.14387473372e-17,1.10790122791e-17,1.00351781748e-17,8.19624731248e-18,5.68460933541e-18,4.23732533203e-18,2.46911655088e-18,1.01199509527e-18,2.46220002849e-19,2.56866754373e-20],"var":[0.0280706714839,1.34136641026,23.4193592072,133.491165161,203.491958618,240.818191528,238.235015869,589.706787109,487.156585693,1273.33227539,1341.70300293,930.290405273,2036.3157959,3270.38574219,2812.79956055,2565.43237305,1404.94433594,827.464172363,721.968200684,3357.28710938,4399.75830078,11821.7695312,1691.07727051,556.315307617,390.015197754,194.295822144,166.277999878,72.7391204834,51.4309539795,99.0919799805,122.663421631,49.3150215149,13.9627113342,4.20105218887,0.388970196247,0.0285979509354,0.000813873484731,0.0000117928520922,5.64593314323e-8,5.83328219061e-10]},"erbbands_crest":{"dmean":2.20502209663,"dmean2":3.71054840088,"dvar":4.05314064026,"dvar2":10.997013092,"max":26.8701858521,"mean":7.64812040329,"median":7.02805042267,"min":2.13716840744,"var":8.99241256714},"erbbands_flatness_db":{"dmean":0.0165816377848,"dmean2":0.0247846506536,"dvar":0.000234392166021,"dvar2":0.000510479207151,"max":0.354498386383,"mean":0.169720694423,"median":0.170544788241,"min":0.0312229227275,"var":0.00107110955287},"erbbands_kurtosis":{"dmean":0.67822432518,"dmean2":1.1172825098,"dvar":1.60038983822,"dvar2":4.26911067963,"max":36.3279304504,"mean":0.0953345447779,"median":-0.217205762863,"min":-1.72613251209,"var":2.20100402832},"erbbands_skewness":{"dmean":0.306301116943,"dmean2":0.488187760115,"dvar":0.0777092725039,"dvar2":0.19252897799,"max":5.30485725403,"mean":-0.137726008892,"median":-0.170915871859,"min":-3.16541361809,"var":0.414368391037},"erbbands_spread":{"dmean":6.29346370697,"dmean2":9.8822593689,"dvar":40.6432037354,"dvar2":95.3197402954,"max":142.754638672,"mean":32.0795707703,"median":29.9230766296,"min":3.1844394207,"var":159.557250977},"gfcc":{"cov":[[23047.953125,563.99041748,-2800.74072266,142.863479614,-510.107025146,368.553741455,-644.780517578,127.981338501,-254.522750854,-31.7317657471,-131.319534302,162.520309448,-145.590515137],[563.99041748,805.186584473,-231.968185425,-15.8547019958,63.8193893433,-113.156997681,52.9024276733,-62.2160110474,47.6768875122,-100.196777344,32.0514183044,-75.3701400757,37.8117218018],[-2800.74072266,-231.968185425,901.590637207,-2.95228433609,34.5577888489,67.5102386475,4.86690425873,30.1134567261,-30.1512794495,62.4402275085,-30.7199478149,-0.69089204073,-31.1530418396],[142.863479614,-15.8547019958,-2.95228433609,214.990509033,64.8237915039,30.4316825867,46.7220153809,10.6800899506,33.2507286072,15.0055322647,20.7710113525,7.15264940262,22.0252513885],[-510.107025146,63.8193893433,34.5577888489,64.8237915039,233.873413086,22.511932373,78.6159210205,12.5187263489,33.9280853271,17.6334648132,19.5059566498,6.49852705002,10.7403068542],[368.553741455,-113.156997681,67.5102386475,30.4316825867,22.511932373,155.118255615,1.77969717979,28.6397838593,-6.08691644669,17.5550765991,-5.48671960831,-1.05546331406,-14.9447145462],[-644.780517578,52.9024276733,4.86690425873,46.7220153809,78.6159210205,1.77969717979,164.76940918,35.1328277588,38.2344093323,11.0100154877,16.5355167389,12.2586421967,32.1094551086],[127.981338501,-62.2160110474,30.1134567261,10.6800899506,12.5187263489,28.6397838593,35.1328277588,91.541053772,19.9201622009,34.5923461914,-1.96470427513,23.6467037201,1.66285169125],[-254.522750854,47.6768875122,-30.1512794495,33.2507286072,33.9280853271,-6.08691644669,38.2344093323,19.9201622009,93.1075820923,22.731502533,26.4114456177,-0.824005901814,14.507941246],[-31.7317657471,-100.196777344,62.4402275085,15.0055322647,17.6334648132,17.5550765991,11.0100154877,34.5923461914,22.731502533,98.3320846558,18.5855140686,34.9004325867,-0.187523424625],[-131.319534302,32.0514183044,-30.7199478149,20.7710113525,19.5059566498,-5.48671960831,16.5355167389,-1.96470427513,26.4114456177,18.5855140686,66.4920501709,22.4008235931,18.2318992615],[162.520309448,-75.3701400757,-0.69089204073,7.15264940262,6.49852705002,-1.05546331406,12.2586421967,23.6467037201,-0.824005901814,34.9004325867,22.4008235931,83.7885131836,26.4539318085],[-145.590515137,37.8117218018,-31.1530418396,22.0252513885,10.7403068542,-14.9447145462,32.1094551086,1.66285169125,14.507941246,-0.187523424625,18.2318992615,26.4539318085,64.6651077271]],"icov":[[0.000207320044865,-0.000431671302067,0.000695626891684,-0.000448691484053,0.000316402903991,-0.00081526057329,0.000800524489023,-0.00055284780683,0.000602319545578,-0.000505913689267,0.000747566926293,-0.00091849459568,0.000611260707956],[-0.000431671302067,0.00294407410547,-0.00116829073522,0.00133638130501,-0.00130949507002,0.0027374192141,-0.00198885495774,0.00138571870048,-0.00180838233791,0.0024547316134,-0.00270467763767,0.00380363292061,-0.00228995177895],[0.000695626891684,-0.00116829073522,0.00363107095473,-0.00139625021257,0.000782910268754,-0.00293802306987,0.00251372368075,-0.0018604566576,0.0025020041503,-0.00251057627611,0.00288630253635,-0.00256596831605,0.00213211774826],[-0.000448691484053,0.00133638130501,-0.00139625021257,0.00666108075529,-0.00179137662053,0.000764137483202,-0.00240145227872,0.00160199007951,-0.00248652370647,0.00106241740286,-0.00241651642136,0.00265043508261,-0.002949712798],[0.000316402903991,-0.00130949507002,0.000782910268754,-0.00179137662053,0.00625058216974,-0.0021884678863,-0.00108358671423,-0.0000596228965151,0.00021107023349,-0.00146515900269,0.0009525733185,-0.00226420769468,0.00206713378429],[-0.00081526057329,0.0027374192141,-0.00293802306987,0.000764137483202,-0.0021884678863,0.011368593201,-0.00278112245724,-0.000272429693723,-0.00129314593505,0.00215133256279,-0.00371525809169,0.00533114001155,-0.0015700890217],[0.000800524489023,-0.00198885495774,0.00251372368075,-0.00240145227872,-0.00108358671423,-0.00278112245724,0.0122088855132,-0.00550235109404,0.000976326817181,-0.00137839547824,0.00268075801432,-0.00308395689353,-0.00110659445636],[-0.00055284780683,0.00138571870048,-0.0018604566576,0.00160199007951,-0.0000596228965151,-0.000272429693723,-0.00550235109404,0.0175617411733,-0.0049652014859,-0.00191717816051,0.00184782978613,-0.00173658470158,0.000028460061003],[0.000602319545578,-0.00180838233791,0.0025020041503,-0.00248652370647,0.00021107023349,-0.00129314593505,0.000976326817181,-0.0049652014859,0.0175738912076,-0.00521870004013,-0.00263659982011,0.00176643277518,-0.00016241602134],[-0.000505913689267,0.0024547316134,-0.00251057627611,0.00106241740286,-0.00146515900269,0.00215133256279,-0.00137839547824,-0.00191717816051,-0.00521870004013,0.0176688563079,-0.00510685844347,-0.0023897998035,0.00096809695242],[0.000747566926293,-0.00270467763767,0.00288630253635,-0.00241651642136,0.0009525733185,-0.00371525809169,0.00268075801432,0.00184782978613,-0.00263659982011,-0.00510685844347,0.024121504277,-0.00923597067595,0.000636893324554],[-0.00091849459568,0.00380363292061,-0.00256596831605,0.00265043508261,-0.00226420769468,0.00533114001155,-0.00308395689353,-0.00173658470158,0.00176643277518,-0.0023897998035,-0.00923597067595,0.0251329354942,-0.0113277295604],[0.000611260707956,-0.00228995177895,0.00213211774826,-0.002949712798,0.00206713378429,-0.0015700890217,-0.00110659445636,0.000028460061003,-0.00016241602134,0.00096809695242,0.000636893324554,-0.0113277295604,0.0245476830751]],"mean":[-8.7971200943,110.981643677,-142.041946411,38.3221511841,-53.2794761658,11.827794075,-37.7192993164,5.83429670334,-19.203332901,-7.1884303093,-12.9748468399,0.139287546277,-4.36088514328]},"hfc":{"dmean":4.99495983124,"dmean2":7.82018232346,"dvar":31.6961078644,"dvar2":74.2944107056,"max":129.140426636,"mean":24.9649868011,"median":23.1326332092,"min":1.07261529116e-16,"var":253.776947021},"melbands":{"dmean":[0.000732482702006,0.000951840891503,0.00106761953793,0.000545539427549,0.000262561254203,0.000227800832363,0.000135945985676,0.000144391058711,0.000101196201285,0.0000785549491411,0.0000717564835213,0.000120165670523,0.000160378913279,0.0000427321865573,0.0000652632224956,0.0000303527485812,0.0000283117769868,0.000026610252462,0.00004233792788,0.0000323267340718,0.0000293836656056,0.0000468353573524,0.0000206785152841,0.0000129710524561,0.00000724042502043,0.00000570348493056,0.00000615820408711,0.00000351466951543,0.00000280077210846,0.00000195967777472,0.00000132197897074,0.0000012344253264,0.00000126894542518,0.0000011606668977,0.0000010839873994,7.87543228853e-7,6.24842073194e-7,5.18946649208e-7,3.87293141557e-7,2.61323634732e-7],"dmean2":[0.00124429410789,0.00151112559251,0.00180038728286,0.000927984365262,0.000431211403338,0.000362719758414,0.000216089800233,0.00022062046628,0.000163412129041,0.000127854626044,0.000116016017273,0.000196680281078,0.000268019502982,0.0000704406775185,0.000109171545773,0.0000502741022501,0.0000474402550026,0.0000449843682873,0.000071670023317,0.0000540208820894,0.0000494028063258,0.0000786932068877,0.0000343357969541,0.0000219510020543,0.0000119631340567,0.00000934115723794,0.0000103512957139,0.00000573451734454,0.00000452152198704,0.00000315516672345,0.00000211452424992,0.00000195047687157,0.00000201967145586,0.00000179235553333,0.00000159408591571,0.00000116112539672,9.59178464655e-7,7.94462607701e-7,5.90507340803e-7,3.96730655439e-7],"dvar":[0.00000113960538783,0.00000396598125008,0.00000432738806921,7.59162162467e-7,1.46249860222e-7,1.36733220302e-7,4.39271339303e-8,5.749058829e-8,3.39386758696e-8,1.81537984645e-8,2.51299336895e-8,2.55035033092e-8,4.36699600925e-8,5.70646463416e-9,1.23611831881e-8,1.92832838586e-9,1.48143852741e-9,1.25744425983e-9,3.25824478509e-9,1.60414570516e-9,2.21274887302e-9,6.60641452654e-9,1.13241549471e-9,4.90953722121e-10,1.21108428841e-10,6.89484164207e-11,7.96145857573e-11,3.01183210316e-11,3.44060613333e-11,1.70727893628e-11,8.6732270671e-12,6.67689818365e-12,8.16066485221e-12,1.18859592307e-11,1.61586560105e-11,8.47927630887e-12,5.9295793102e-12,2.71940434581e-12,1.94535251623e-12,1.30089483023e-12],"dvar2":[0.00000312928000312,0.00000864984667714,0.0000115249340524,0.00000210630673791,3.81486529477e-7,3.47300101566e-7,1.08808265509e-7,1.36603787837e-7,8.69294609629e-8,4.82262940693e-8,6.94058428508e-8,6.58204513115e-8,1.16305677977e-7,1.49008156924e-8,3.40003261101e-8,5.099851208e-9,3.95598398484e-9,3.47047568461e-9,8.88925999476e-9,4.42883507645e-9,6.2365885789e-9,1.88849629268e-8,3.07736103267e-9,1.36859401589e-9,3.14060444317e-10,1.77354436692e-10,2.13910431035e-10,7.29445809311e-11,8.68496871642e-11,3.78158684922e-11,1.89611850526e-11,1.5398389161e-11,1.8885670805e-11,2.55618165523e-11,3.30800768722e-11,1.70679460149e-11,1.35573496873e-11,6.01845266332e-12,4.19554235104e-12,2.90159931672e-12],"max":[0.0122093856335,0.0204531811178,0.0325211547315,0.0119635174051,0.00713418517262,0.00809463299811,0.00407720776275,0.00555751705542,0.0045917769894,0.00542739592493,0.00440101046115,0.00374082941562,0.00265228236094,0.0021507255733,0.00193854165263,0.00117420777678,0.000785058597103,0.000668246473651,0.000946682295762,0.000629514397588,0.00113521050662,0.00192679697648,0.000709699175786,0.000495951622725,0.000288253417239,0.000173361666384,0.000202016060939,0.000167477672221,0.00023652818345,0.000156005626195,0.0000854977843119,0.0000814781233203,0.0000745593279134,0.0000972411435214,0.000145835714648,0.000102217381936,0.0000701429598848,0.0000386360916309,0.0000556601735298,0.0000440521471319],"mean":[0.00107801263221,0.00115370785352,0.00133956247009,0.000839132117108,0.000454207678558,0.000410746259149,0.00026464194525,0.000279287603917,0.000186504039448,0.000141197568155,0.000124519821838,0.000206878699828,0.000250323966611,0.0000793944418547,0.000114995535114,0.0000592940814386,0.0000552885358047,0.0000507749173266,0.0000725633653929,0.000066066866566,0.0000649419016554,0.0000993826106424,0.0000462489515485,0.0000261906552623,0.0000163734930538,0.0000132735758598,0.0000133748899316,0.00000748827551433,0.00000583994142289,0.00000407056631957,0.00000263387300947,0.00000248559899774,0.00000260306455857,0.00000229290094467,0.00000204107050195,0.00000148492426888,0.00000110176256385,8.88276701971e-7,6.17200896613e-7,4.00986607474e-7],"median":[0.000605727662332,0.000433165230788,0.000687469379045,0.000529757991899,0.000281856075162,0.000240453184233,0.00017202575691,0.000156188587425,0.0000994397341856,0.0000801380010671,0.0000586699025007,0.00014112831559,0.000164925746503,0.0000418693925894,0.0000559213513043,0.0000419210227847,0.0000407173938584,0.0000375887611881,0.0000523697017343,0.0000521042420587,0.0000407886254834,0.0000633361341897,0.000028839429433,0.0000159850860655,0.0000101314108178,0.00000884023393155,0.00000875392561284,0.00000506674223288,0.00000299714179164,0.00000234606204685,0.00000127010457618,0.00000140585120789,0.00000138134601002,9.41333212268e-7,5.57368082355e-7,3.46419227526e-7,2.3586790121e-7,2.51235491078e-7,1.55989638984e-7,7.5419407608e-8],"min":[1.02371100898e-24,1.55377011981e-24,2.04796850136e-24,2.42716861369e-24,1.5726400671e-24,1.85403020326e-24,2.09162998031e-24,1.29869608763e-24,2.19959427266e-24,3.23026510559e-24,2.52148580959e-24,3.12408935813e-24,1.98213431173e-24,2.92664910925e-24,4.07182744131e-24,4.57035795112e-24,3.56714184428e-24,3.76064548003e-24,4.23330056329e-24,4.06208224812e-24,3.73800359432e-24,4.32952068891e-24,3.12338707471e-24,3.6699611858e-24,4.66237265926e-24,5.41975446449e-24,4.945195071e-24,5.1463049036e-24,5.32558537722e-24,5.92089413175e-24,4.99431743957e-24,5.27348387544e-24,4.7358163984e-24,5.33270721347e-24,5.30115001625e-24,6.76055925699e-24,5.58764181449e-24,5.97891524576e-24,6.36507961937e-24,6.1201745959e-24],"var":[0.00000174945603248,0.00000462276420876,0.00000410284019381,9.48065348894e-7,2.84767736503e-7,2.79515518287e-7,1.03890492653e-7,1.45302735177e-7,8.66963247859e-8,4.11948803958e-8,5.55217312126e-8,5.10526341202e-8,7.35439016353e-8,1.53563295413e-8,2.71461626511e-8,4.18662393642e-9,3.14866288598e-9,2.51831044906e-9,5.59781909715e-9,3.73966457801e-9,5.85467052616e-9,1.74970828937e-8,3.3658285048e-9,1.19845389168e-9,3.71429914603e-10,2.14652073893e-10,2.27383528673e-10,7.69323355021e-11,8.10425407338e-11,4.21158941055e-11,2.21546201523e-11,1.60011275063e-11,2.22089707735e-11,3.68850748556e-11,4.91964559368e-11,2.8140340752e-11,1.65518033307e-11,7.61948490413e-12,4.64863477573e-12,2.79726632482e-12]},"melbands_crest":{"dmean":3.46412730217,"dmean2":5.53508853912,"dvar":9.20021247864,"dvar2":22.7434272766,"max":36.287776947,"mean":11.8019685745,"median":10.7896051407,"min":1.66864812374,"var":25.3278713226},"melbands_flatness_db":{"dmean":0.0233603995293,"dmean2":0.0363136380911,"dvar":0.000559234002139,"dvar2":0.00125268334523,"max":0.599302887917,"mean":0.173095807433,"median":0.162444069982,"min":0.00283159664832,"var":0.00393047230318},"melbands_kurtosis":{"dmean":4.75695753098,"dmean2":7.49301099777,"dvar":291.216552734,"dvar2":726.006591797,"max":878.975708008,"mean":7.41989469528,"median":2.28271722794,"min":-1.72842538357,"var":681.506713867},"melbands_skewness":{"dmean":0.604465901852,"dmean2":0.94386190176,"dvar":0.48828202486,"dvar2":1.13139510155,"max":21.7701206207,"mean":1.86579930782,"median":1.57209074497,"min":-1.79223287106,"var":1.96469008923},"melbands_spread":{"dmean":7.58240652084,"dmean2":11.9088306427,"dvar":63.7870674133,"dvar2":146.399154663,"max":152.838180542,"mean":32.7533073425,"median":30.835018158,"min":0.382127702236,"var":344.286346436},"mfcc":{"cov":[[12410.9980469,585.860534668,-1358.81030273,-10.6926927567,94.053817749,132.126296997,-175.672363281,128.610015869,-144.31350708,-139.617675781,-84.9934234619,241.983459473,118.193222046],[585.860534668,876.859985352,-171.776229858,59.1135215759,-15.2042179108,-44.9752159119,-30.4859428406,11.8005971909,-19.1087398529,-12.2302360535,-22.4808483124,-59.7077560425,-6.98213243484],[-1358.81030273,-171.776229858,655.110351562,-50.9466094971,26.9738807678,-15.2494001389,31.9568653107,-34.7708778381,9.79112625122,24.9547710419,-0.74325555563,-48.0151824951,-38.3999595642],[-10.6926927567,59.1135215759,-50.9466094971,200.70791626,25.0468254089,32.7316436768,27.807182312,19.5767498016,38.5680809021,3.9854991436,15.8743810654,19.3709850311,17.6003627777],[94.053817749,-15.2042179108,26.9738807678,25.0468254089,157.561096191,49.0983848572,20.838716507,7.64997005463,-1.44433665276,4.19225358963,13.8107643127,24.5957698822,-5.50880479813],[132.126296997,-44.9752159119,-15.2494001389,32.7316436768,49.0983848572,101.26235199,38.9652137756,18.0764865875,17.4901237488,5.25363683701,12.0442361832,21.5432834625,9.29661750793],[-175.672363281,-30.4859428406,31.9568653107,27.807182312,20.838716507,38.9652137756,102.116294861,30.9575767517,32.2770957947,6.77226877213,11.8239507675,9.67378616333,4.00028800964],[128.610015869,11.8005971909,-34.7708778381,19.5767498016,7.64997005463,18.0764865875,30.9575767517,80.1634674072,28.1027832031,10.5145788193,5.68611764908,6.9009475708,7.37420034409],[-144.31350708,-19.1087398529,9.79112625122,38.5680809021,-1.44433665276,17.4901237488,32.2770957947,28.1027832031,88.0382003784,25.1287841797,14.5057468414,7.49157238007,9.85678768158],[-139.617675781,-12.2302360535,24.9547710419,3.9854991436,4.19225358963,5.25363683701,6.77226877213,10.5145788193,25.1287841797,61.9401359558,24.0449104309,7.05082607269,-0.0260658450425],[-84.9934234619,-22.4808483124,-0.74325555563,15.8743810654,13.8107643127,12.0442361832,11.8239507675,5.68611764908,14.5057468414,24.0449104309,68.4041976929,27.8608055115,4.3599152565],[241.983459473,-59.7077560425,-48.0151824951,19.3709850311,24.5957698822,21.5432834625,9.67378616333,6.9009475708,7.49157238007,7.05082607269,27.8608055115,78.2993011475,28.0297908783],[118.193222046,-6.98213243484,-38.3999595642,17.6003627777,-5.50880479813,9.29661750793,4.00028800964,7.37420034409,9.85678768158,-0.0260658450425,4.3599152565,28.0297908783,65.2325820923]],"icov":[[0.000123905483633,-0.0000695882263244,0.000188320467714,0.0000972115303739,-0.0000477708308608,-0.000189901780686,0.000220985355554,-0.000205763470149,0.000102917154436,0.000129516760353,0.000225417097681,-0.000397352559958,0.0000255907380051],[-0.0000695882263244,0.00143846904393,0.000323141459376,-0.000602421932854,-0.000257303356193,0.000783348805271,-0.0000420142787334,-0.000135242415126,0.000304860062897,-0.000225822848734,-0.000195585642359,0.00168876408134,-0.000241419969825],[0.000188320467714,0.000323141459376,0.00226612575352,0.000436322181486,-0.000745302881114,0.000375787436496,-0.000683833670337,0.000774109968916,-0.000123192483443,-0.000644020445179,0.000243777511059,0.000954625138547,0.000339435180649],[0.0000972115303739,-0.000602421932854,0.000436322181486,0.00624518515542,-0.000654167844914,-0.00119886244647,-0.000378488388378,-0.0000259697008005,-0.00242005777545,0.00100958289113,-0.0005623162142,-0.00083909847308,-0.000762804877013],[-0.0000477708308608,-0.000257303356193,-0.000745302881114,-0.000654167844914,0.00828153919429,-0.00366824097,-0.000147314509377,-0.000349480338627,0.00134582596365,-0.000131748558488,-0.000268639385467,-0.00262827496044,0.0020113568753],[-0.000189901780686,0.000783348805271,0.000375787436496,-0.00119886244647,-0.00366824097,0.014686957933,-0.00434127030894,-0.000228310469538,-0.000676461379044,-0.000392454530811,-0.000422155688284,-0.0000115942712,-0.00100300298072],[0.000220985355554,-0.0000420142787334,-0.000683833670337,-0.000378488388378,-0.000147314509377,-0.00434127030894,0.0143871856853,-0.00426739873365,-0.00283386185765,0.00183922215365,-0.000658055825625,-0.00100734608714,0.000406834791647],[-0.000205763470149,-0.000135242415126,0.000774109968916,-0.0000259697008005,-0.000349480338627,-0.000228310469538,-0.00426739873365,0.0163575280458,-0.00359085551463,-0.00182153144851,0.000275456288364,0.000907059642486,-0.000629684946034],[0.000102917154436,0.000304860062897,-0.000123192483443,-0.00242005777545,0.00134582596365,-0.000676461379044,-0.00283386185765,-0.00359085551463,0.0167088452727,-0.00531830685213,-0.000311326526571,0.000378458556952,-0.00145231874194],[0.000129516760353,-0.000225822848734,-0.000644020445179,0.00100958289113,-0.000131748558488,-0.000392454530811,0.00183922215365,-0.00182153144851,-0.00531830685213,0.0214689224958,-0.00648547941819,-0.000497103843372,0.000686841027346],[0.000225417097681,-0.000195585642359,0.000243777511059,-0.0005623162142,-0.000268639385467,-0.000422155688284,-0.000658055825625,0.000275456288364,-0.000311326526571,-0.00648547941819,0.0205353852361,-0.00766515405849,0.00187813001685],[-0.000397352559958,0.00168876408134,0.000954625138547,-0.00083909847308,-0.00262827496044,-0.0000115942712,-0.00100734608714,0.000907059642486,0.000378458556952,-0.000497103843372,-0.00766515405849,0.0224722735584,-0.00777319446206],[0.0000255907380051,-0.000241419969825,0.000339435180649,-0.000762804877013,0.0020113568753,-0.00100300298072,0.000406834791647,-0.000629684946034,-0.00145231874194,0.000686841027346,0.00187813001685,-0.00777319446206,0.0194564722478]],"mean":[-630.877685547,128.520645142,-21.0411510468,23.7126674652,5.35401105881,4.84539461136,-4.58359241486,8.10287475586,-0.705996751785,-2.17032599449,-7.08346223831,-2.02409768105,2.21296977997]},"pitch_salience":{"dmean":0.0673855915666,"dmean2":0.109662599862,"dvar":0.00335762486793,"dvar2":0.00880769174546,"max":0.973134219646,"mean":0.595123052597,"median":0.603849589825,"min":0.097738802433,"var":0.00878819823265},"silence_rate_20dB":{"dmean":0,"dmean2":0,"dvar":0,"dvar2":0,"max":1,"mean":1,"median":1,"min":1,"var":0},"silence_rate_30dB":{"dmean":0.000173822350916,"dmean2":0.000347674911609,"dvar":0.000173766573425,"dvar2":0.00052128918469,"max":1,"mean":0.999913096428,"median":1,"min":0,"var":0.0000868896822794},"silence_rate_60dB":{"dmean":0.005388493184,"dmean2":0.0107779223472,"dvar":0.00536010274664,"dvar2":0.0123988119885,"max":1,"mean":0.0743895024061,"median":0,"min":0,"var":0.0688461512327},"spectral_centroid":{"dmean":224.811569214,"dmean2":354.056365967,"dvar":52052.0898438,"dvar2":116588.59375,"max":11687.8056641,"mean":1561.17089844,"median":1520.22253418,"min":124.038505554,"var":810974.8125},"spectral_complexity":{"dmean":3.0709195137,"dmean2":5,"dvar":7.75074958801,"dvar2":19.2483272552,"max":58,"mean":27.0486660004,"median":29,"min":0,"var":137.270187378},"spectral_contrast_coeffs":{"dmean":[0.0532955154777,0.0440812259912,0.0405948497355,0.0300400033593,0.0218795295805,0.0192458871752],"dmean2":[0.0875356197357,0.0728981643915,0.0671388432384,0.0503804534674,0.0362694039941,0.0300547722727],"dvar":[0.00186623772606,0.00122838653624,0.00103460566606,0.000541839108337,0.000305212306557,0.00028127853875],"dvar2":[0.00493753608316,0.00341606000438,0.00284132384695,0.00150869786739,0.000835247861687,0.00065334077226],"max":[-0.334532737732,-0.506902813911,-0.53370732069,-0.602717161179,-0.59912866354,-0.55950987339],"mean":[-0.642809569836,-0.750506937504,-0.758328914642,-0.775856733322,-0.76738345623,-0.748837172985],"median":[-0.641672194004,-0.753294467926,-0.759432852268,-0.774848639965,-0.764348566532,-0.746084332466],"min":[-0.974034130573,-0.97694170475,-0.974752664566,-0.971747875214,-0.964437484741,-0.964763760567],"var":[0.00822356808931,0.00433729356155,0.00375611986965,0.00215581781231,0.00194639782421,0.0021138638258]},"spectral_contrast_valleys":{"dmean":[0.432447105646,0.339734554291,0.301719099283,0.23021928966,0.200504928827,0.336067169905],"dmean2":[0.721532583237,0.562306404114,0.495325148106,0.38067021966,0.315282911062,0.466255664825],"dvar":[0.157367601991,0.0874091610312,0.0768171772361,0.0558811128139,0.058207128197,0.125127717853],"dvar2":[0.40667873621,0.232054322958,0.195697113872,0.136503592134,0.132006406784,0.246850878],"max":[-5.15057849884,-4.88939380646,-5.34736537933,-5.726978302,-5.48447418213,-7.66062927246],"mean":[-7.33479642868,-6.64149951935,-7.1999745369,-7.3911242485,-7.49444580078,-10.5361833572],"median":[-6.9827208519,-6.28416013718,-6.80023670197,-6.9072933197,-7.0200214386,-10.2242250443],"min":[-28.1552619934,-27.870923996,-27.9404716492,-27.6967182159,-27.6357460022,-27.3615646362],"var":[3.51225209236,3.80934882164,3.94158029556,4.28043842316,4.23953199387,3.24486970901]},"spectral_decrease":{"dmean":2.32341745843e-9,"dmean2":3.71298591872e-9,"dvar":1.02685175538e-17,"dvar2":2.5032510274e-17,"max":2.25915963967e-28,"mean":-6.96859459026e-9,"median":-6.5643170899e-9,"min":-3.8992705953e-8,"var":2.00357487672e-17},"spectral_energy":{"dmean":0.00905226264149,"dmean2":0.0144434124231,"dvar":0.000150953783304,"dvar2":0.000368162058294,"max":0.149829387665,"mean":0.0285654496402,"median":0.027316885069,"min":1.02176273475e-20,"var":0.000315498618875},"spectral_energyband_high":{"dmean":0.000235736282775,"dmean2":0.000344692263752,"dvar":2.80646531792e-7,"dvar2":5.16397790307e-7,"max":0.0149235529825,"mean":0.000642715138383,"median":0.000318929029163,"min":7.19159710283e-21,"var":0.00000124384359879},"spectral_energyband_low":{"dmean":0.00524530233815,"dmean2":0.00830909889191,"dvar":0.0000825718525448,"dvar2":0.000194733409444,"max":0.0910295918584,"mean":0.00780976517126,"median":0.0047477632761,"min":2.08664217058e-23,"var":0.000102811245597},"spectral_energyband_middle_high":{"dmean":0.00228956574574,"dmean2":0.00378106860444,"dvar":0.00000629411351838,"dvar2":0.0000169892427948,"max":0.0499432981014,"mean":0.00935378391296,"median":0.00888614822179,"min":1.11043514336e-21,"var":0.0000385714192817},"spectral_energyband_middle_low":{"dmean":0.00545032927766,"dmean2":0.00903528835624,"dvar":0.0000596475547354,"dvar2":0.000159807139426,"max":0.119486398995,"mean":0.0123412730172,"median":0.0101196784526,"min":1.69469132868e-22,"var":0.0000959559765761},"spectral_entropy":{"dmean":0.118019714952,"dmean2":0.183163478971,"dvar":0.0199503395706,"dvar2":0.046642318368,"max":9.82211780548,"mean":7.59325313568,"median":7.63190412521,"min":4.80099916458,"var":0.161687731743},"spectral_flux":{"dmean":0.0218657143414,"dmean2":0.0351637341082,"dvar":0.000697056180798,"dvar2":0.00157681829296,"max":0.301422059536,"mean":0.0898521542549,"median":0.0893324092031,"min":6.37198488418e-11,"var":0.0019213630585},"spectral_kurtosis":{"dmean":1.72689688206,"dmean2":2.99611377716,"dvar":3.35514378548,"dvar2":9.85388183594,"max":40.8986091614,"mean":4.94336223602,"median":4.58174848557,"min":-1.25272011757,"var":6.99426698685},"spectral_rms":{"dmean":0.000762782990932,"dmean2":0.0011942833662,"dvar":7.63791661029e-7,"dvar2":0.0000017939942154,"max":0.0120902853087,"mean":0.00493545318022,"median":0.00516242394224,"min":3.157279993e-12,"var":0.00000351000335286},"spectral_rolloff":{"dmean":416.002593994,"dmean2":689.373535156,"dvar":413484,"dvar2":886043.125,"max":19466.015625,"mean":1894.18005371,"median":1830.32226562,"min":21.533203125,"var":2901941.5},"spectral_skewness":{"dmean":0.204485654831,"dmean2":0.340375542641,"dvar":0.0374045297503,"dvar2":0.10245231539,"max":4.94331741333,"mean":1.49844706059,"median":1.47211050987,"min":-0.0670594647527,"var":0.171439990401},"spectral_spread":{"dmean":407446.625,"dmean2":600627.6875,"dvar":288629784576,"dvar2":565068759040,"max":43065524,"mean":3752702,"median":3295105.75,"min":1539619.75,"var":8853176451070},"spectral_strongpeak":{"dmean":0.686415731907,"dmean2":1.20291876793,"dvar":1.23902189732,"dvar2":3.20767021179,"max":15.2550525665,"mean":0.894172012806,"median":0.453406780958,"min":0,"var":1.4277176857},"zerocrossingrate":{"dmean":0.00775249395519,"dmean2":0.00936663895845,"dvar":0.0000826990653877,"dvar2":0.0000996148155537,"max":0.52197265625,"mean":0.0638820528984,"median":0.05859375,"min":0.001953125,"var":0.00187656504568}},"metadata":{"audio_properties":{"analysis_sample_rate":44100,"bit_rate":0,"codec":"flac","downmix":"mix","equal_loudness":0,"length":267.14666748,"lossless":true,"md5_encoded":"2303cbe633b1a3ab7d7f7e5d54af82a1","replay_gain":-15.2139129639},"tags":{"album":["The Suburbs"],"albumartist":["Arcade Fire"],"albumartistsort":["Arcade Fire"],"albumsort":["The Suburbs (2010-08-02, Arcade Fire, 30ab36d3-8dfe-4967-bb7f-05b3595f7d2e)"],"arranger":["Arcade Fire"],"artist":["Arcade Fire"],"artists":["Arcade Fire"],"artistsort":["Arcade Fire"],"asin":["B003O85WTY"],"barcode":["602527426297"],"catalognumber":["2742629/A"],"composer":["Arcade Fire"],"composersort":["Arcade Fire"],"date":["2010-08-02"],"discnumber":["1"],"disctotal":["1"],"file_name":"08 - Arcade Fire - Half Light II (No Celebration).flac","genre":["Alternative Pop/Rock"],"isrc":["GBUM71021639"],"label":["Mercury"],"lyricist":["Arcade Fire"],"media":["CD"],"musicbrainz_albumartistid":["52074ba6-e495-4ef3-9bb4-0703888a9f68"],"musicbrainz_albumid":["30ab36d3-8dfe-4967-bb7f-05b3595f7d2e"],"musicbrainz_artistid":["52074ba6-e495-4ef3-9bb4-0703888a9f68"],"musicbrainz_recordingid":["1b7bc1b4-288c-412a-93ce-25f17eccb76b"],"musicbrainz_releasegroupid":["4b6d5132-4740-407a-b9ae-505d5f1d3e97"],"musicbrainz_releasetrackid":["95cb961b-e0e0-36bd-b262-3049c96b2704"],"musicbrainz_workid":["08c5ff87-fe96-3f38-8351-44b42a15932a"],"musicip_puid":["1eac3fdf-f7df-d24b-adf3-37c8ddba4573"],"originaldate":["2010-07-03"],"producer":["Arcade Fire"],"releasecountry":["GB"],"releasestatus":["official"],"releasetype":["album"],"replaygain_album_gain":["-8.85 dB"],"replaygain_album_peak":["1.00000000"],"replaygain_track_gain":["-9.44 dB"],"replaygain_track_peak":["0.99911499"],"script":["Latn"],"title":["Half Light II (No Celebration)"],"totaldiscs":["1"],"totaltracks":["16"],"tracknumber":["8"],"tracktotal":["16"],"work":["Half Light II (No Celebrat