{"lowlevel":{"average_loudness":0.863357543945,"barkbands":{"dmean":[0.0000406352628488,0.00158861442469,0.00133621494751,0.000976893235929,0.0016807372449,0.00137340568472,0.000734236673452,0.000572604301851,0.000935109273996,0.000852485245559,0.00041557152872,0.000365787796909,0.000506114796735,0.000490194768645,0.00058104749769,0.000485087075504,0.000553968071472,0.000175650740857,0.000163283591974,0.000119927753985,0.0000996077287709,0.0000776882006903,0.0000550514632778,0.0000496170177939,0.0000339163707395,0.0000106379784484,0.00000240933718487],"dmean2":[0.0000665801562718,0.00266623776406,0.00231597712263,0.00161231972743,0.0027444048319,0.00213315198198,0.00117956672329,0.000881929066963,0.00143088202458,0.00131647172384,0.000651808630209,0.000580089457799,0.000802477414254,0.000773801468313,0.000928729947191,0.00077211757889,0.000889158050995,0.00028763973387,0.000266867544269,0.000197748682695,0.000164825454704,0.000123926220112,0.000085863401182,0.0000740127070458,0.0000496929642395,0.0000164311841218,0.00000356108012056],"dvar":[8.84283934965e-9,0.0000233843256865,0.0000107843216028,0.00000227874011216,0.00000595906521994,0.0000077341328506,0.00000201007605938,0.00000173772696144,0.00000256913767771,0.00000193242567548,6.56392330711e-7,5.51425330286e-7,8.55454345583e-7,7.9261491237e-7,0.00000101866385194,9.78771936389e-7,9.43589384406e-7,1.4484771782e-7,6.95126090022e-8,2.88106374313e-8,2.6244123319e-8,1.77741839025e-8,1.63255098329e-8,2.41686990421e-8,1.19186918113e-8,1.66920410827e-9,7.78642844645e-11],"dvar2":[2.19505764676e-8,0.0000594829434704,0.0000318434467772,0.00000638571145828,0.0000155969282787,0.000017564269001,0.00000508495486429,0.00000406787239626,0.00000606479397902,0.0000046446007218,0.00000156693397457,0.00000133464220653,0.00000205412675314,0.00000189355705515,0.00000243667386712,0.00000238833376898,0.00000233785112869,3.81669394756e-7,1.78198575895e-7,7.29250686504e-8,6.79189540165e-8,4.17201668768e-8,3.35579848354e-8,4.94629297521e-8,2.4434475776e-8,4.15135970044e-9,1.45093270731e-10],"max":[0.00159323774278,0.0588314309716,0.050805054605,0.0229729432613,0.0450033694506,0.108845688403,0.0268228482455,0.0400468558073,0.0376597642899,0.0241400785744,0.0225616861135,0.0166161563247,0.0256821885705,0.0149627393112,0.0196272134781,0.0232229661196,0.0283430349082,0.0123012196273,0.00683898152784,0.00484243128449,0.00344268814661,0.00337584526278,0.00342043139972,0.0036979583092,0.00361642520875,0.00112570798956,0.000273297831882],"mean":[0.0000701641329215,0.00278818141669,0.00262273149565,0.00209619267844,0.00373879261315,0.00282320845872,0.00143453769851,0.00122719374485,0.00216669449583,0.00178295734804,0.0008101646672,0.000674955605064,0.000982586061582,0.000999663141556,0.00120489601977,0.000991977402009,0.00120195839554,0.000365389074432,0.000396522402298,0.000297934893752,0.000243926449912,0.000202239301871,0.000135901689646,0.000116993825941,0.0000708679290256,0.0000181430950761,0.00000415864269598],"median":[0.0000311173098453,0.00173052225728,0.00150360935368,0.00150603835937,0.00260895956308,0.00128637184389,0.00057525280863,0.000344317173585,0.000908847956453,0.000829993572552,0.000399787619244,0.000336482655257,0.000475973880384,0.000431772787124,0.000536331324838,0.000480355549371,0.000682428944856,0.000217248249101,0.000273543177173,0.000223158684094,0.000171857129317,0.000127467515995,0.0000775196531322,0.000062180130044,0.000031579475035,0.00000714931957191,0.00000145376543514],"min":[1.1649769264e-23,4.97274690586e-23,9.69388015735e-24,3.54404975566e-23,3.51233092084e-23,1.57544910217e-23,4.83691483986e-23,2.2746039007e-23,5.73774066662e-23,6.28328405206e-23,1.30546975618e-22,8.27992697523e-23,1.11924809545e-22,7.1099616869e-23,2.26924131893e-22,1.43489229577e-22,1.09521913984e-22,2.02339288092e-22,2.17100327133e-22,3.36000421507e-22,4.93828542255e-22,5.00217482551e-22,6.53809634809e-22,1.01861658076e-21,1.50550445971e-21,1.68737029558e-21,2.35781007753e-21],"var":[1.29850157293e-8,0.0000227785130846,0.000012188042092,0.00000486750104756,0.0000146763059092,0.0000322938285535,0.00000562312197872,0.00000680818629917,0.00000998213272396,0.00000669681458021,0.00000191878416445,0.00000126546217416,0.00000232827460422,0.00000230364480558,0.00000294229357678,0.00000232573734138,0.0000025915585411,2.82993198653e-7,1.95486791199e-7,8.22959052016e-8,6.45362021601e-8,5.22951566495e-8,4.22383834575e-8,5.32377200102e-8,2.36577264445e-8,2.00863858879e-9,1.69101330161e-10]},"barkbands_crest":{"dmean":1.93247449398,"dmean2":3.15139055252,"dvar":3.78479504585,"dvar2":9.74869441986,"max":25.9222717285,"mean":8.09006309509,"median":7.1510887146,"min":2.39158439636,"var":14.5346078873},"barkbands_flatness_db":{"dmean":0.0133253401145,"dmean2":0.0208258610219,"dvar":0.000189064376173,"dvar2":0.00043908279622,"max":0.369825392962,"mean":0.113655805588,"median":0.100331887603,"min":0.025368494913,"var":0.00286142784171},"barkbands_kurtosis":{"dmean":1.43199670315,"dmean2":2.25405287743,"dvar":9.44878005981,"dvar2":21.9795188904,"max":112.152740479,"mean":1.82188749313,"median":0.0590499639511,"min":-1.87515306473,"var":34.9809875488},"barkbands_skewness":{"dmean":0.353213846684,"dmean2":0.547250986099,"dvar":0.14307397604,"dvar2":0.331731289625,"max":8.02936172485,"mean":1.03533303738,"median":0.85612487793,"min":-2.12553977966,"var":0.879536092281},"barkbands_spread":{"dmean":4.08377504349,"dmean2":6.22890233994,"dvar":25.6712017059,"dvar2":50.0619163513,"max":148.036453247,"mean":24.9584026337,"median":24.5045967102,"min":0.773842036724,"var":131.197067261},"dissonance":{"dmean":0.0139779169112,"dmean2":0.0233323760331,"dvar":0.000185578363016,"dvar2":0.000495043292176,"max":0.499999970198,"mean":0.467773526907,"median":0.474117219448,"min":0.276943027973,"var":0.000653174938634},"dynamic_complexity":2.79070734978,"erbbands":{"dmean":[0.0308296885341,0.423132956028,1.39392352104,2.25678825378,4.98312854767,5.25275468826,11.4666671753,10.3265600204,10.9372081757,8.14447784424,15.1053905487,22.5994224548,15.8855400085,28.4228744507,14.551153183,16.1610507965,21.949672699,22.761423111,31.4135723114,21.6367816925,28.4733695984,22.5305271149,11.1420040131,7.93783855438,7.75778484344,5.89518165588,4.51951551437,3.57623434067,2.77629852295,2.43853449821,1.50278604031,1.09242355824,0.828908026218,0.473701357841,0.197681084275,0.0657653734088,0.015856795013,0.00360598252155,0.000437232927652,0.0000200059257622],"dmean2":[0.0506839826703,0.716863811016,2.40986394882,3.81691050529,8.18927383423,8.65932178497,17.9116897583,16.1957588196,17.5656795502,12.8639039993,23.0826530457,34.2368354797,24.4469718933,43.7924118042,22.8918094635,25.4672107697,34.4264068604,36.2548408508,50.1713829041,33.6080474854,45.2925071716,36.1934547424,18.1707210541,12.9569692612,12.6846227646,9.75882434845,7.51281547546,5.87153673172,4.48795318604,3.85982346535,2.33680272102,1.66040015221,1.24072039127,0.690959095955,0.29428178072,0.103429585695,0.0241219047457,0.00527936220169,0.000649210996926,0.0000304026889353],"dvar":[0.00966707523912,1.6049413681,12.6381750107,15.4477891922,61.5881614685,78.6041412354,421.127166748,587.886352539,410.332000732,388.418579102,1163.2980957,1623.76525879,729.745483398,2352.76757812,673.070495605,1094.60534668,1680.45849609,1760.99597168,3021.14233398,1593.40600586,3523.86279297,1464.08483887,519.352844238,179.989135742,178.718643188,64.3541564941,49.3648147583,38.7192115784,23.8012943268,21.3144264221,13.0520019531,8.62228012085,8.41446971893,2.69901251793,0.353592276573,0.0752147734165,0.00293863401748,0.000196480526938,0.00000258144359577,3.23280691106e-9],"dvar2":[0.0244990885258,4.13231801987,36.3380279541,44.0503997803,164.314453125,204.738525391,1004.89782715,1329.83227539,1029.20922852,908.731201172,2752.94628906,3751.87646484,1724.78991699,5659.53369141,1650.22509766,2679.64550781,4037.21264648,4316.796875,7431.9765625,3654.89160156,8708.86328125,3652.67138672,1381.13964844,441.620239258,455.541931152,167.034881592,125.876602173,101.507820129,58.1972236633,44.4685707092,27.3574466705,18.675994873,17.1376018524,5.47658109665,0.769429683685,0.198127686977,0.00655643967912,0.000369157380192,0.00000514491512149,6.5686260875e-9],"max":[1.19989430904,15.705581665,53.7292823792,57.0789527893,112.636161804,173.027069092,437.894805908,898.944091797,417.857513428,814.620483398,1030.79309082,787.550598145,853.549865723,976.810974121,755.292114258,841.53729248,1305.56445312,875.597167969,1243.70483398,1141.45751953,1581.59155273,1058.07958984,696.227539062,412.846557617,388.089416504,178.060317993,138.148422241,127.12361908,117.116455078,135.215759277,103.498908997,69.3699111938,86.150718689,58.6815872192,14.812951088,7.99352550507,1.90983462334,0.713868319988,0.0441293790936,0.00226072664373],"mean":[0.0513857603073,0.732348442078,2.93808150291,5.15362262726,10.6453580856,10.9113788605,22.0377159119,20.7267742157,22.2160873413,17.2460212708,34.7501754761,53.5391731262,39.6115684509,58.9288825989,32.8647842407,32.7346000671,45.7163505554,51.1565666199,68.3961868286,49.068649292,64.871635437,54.0407829285,26.1917495728,19.7151126862,19.0845298767,14.8854465485,11.09126091,8.61749458313,7.08115720749,6.08785581589,3.67427873611,2.64088726044,1.8268982172,1.01001143456,0.378594875336,0.107063166797,0.0281274989247,0.00643407832831,0.000754616921768,0.0000641427322989],"median":[0.0271767880768,0.456521600485,1.82157611847,3.89587640762,6.95551729202,6.81465101242,10.7976951599,8.78840255737,9.93216323853,7.48931503296,13.0193195343,23.6648616791,20.4422779083,28.5230197906,20.0412254333,17.9063110352,24.0357322693,25.8364105225,33.3887863159,26.5815544128,34.7059211731,33.5670928955,16.4217777252,13.7935581207,13.0720615387,11.3150444031,8.3379535675,5.45842647552,4.4030714035,3.74078583717,2.07778120041,1.48210287094,0.905307650566,0.449434638023,0.158265635371,0.0423911698163,0.0111103132367,0.00243328372017,0.00026211180375,0.000051737690228],"min":[1.4491843854e-21,1.04273539835e-20,1.84308635927e-20,4.71960855501e-20,1.68785518983e-19,9.83785483425e-20,1.1210349742e-19,1.38921352038e-19,5.31233122066e-19,6.23293516256e-19,6.626593518e-19,1.62125528564e-18,1.06170875349e-18,4.75247521956e-18,3.62696075215e-18,3.46674124417e-18,5.06674140019e-18,4.04919923173e-18,6.95103526094e-18,1.24450936161e-17,6.63045851941e-18,7.79769845846e-18,9.6937767478e-18,1.09129838952e-17,1.20342512038e-17,1.55556939019e-17,2.13367781393e-17,1.63497823268e-17,1.68541424705e-17,2.08357101745e-17,1.92598219198e-17,1.63274037826e-17,2.15031258149e-17,1.34025129889e-17,1.170450227e-17,6.09374775563e-18,3.57500181556e-18,1.26725300274e-18,3.55180110544e-19,3.26161419121e-20],"var":[0.00970554817468,1.50933134556,14.0213346481,24.1507472992,127.819580078,194.029174805,1183.12817383,2371.75415039,1119.06201172,1266.46850586,4482.53857422,6308.32421875,3328.61694336,7488.10253906,2072.51904297,2612.68261719,4923.56201172,5485.63378906,8413.16601562,4536.42285156,8881.99804688,4337.51708984,1199.40112305,518.847961426,470.703491211,194.755310059,112.753494263,100.223449707,64.801071167,60.9362335205,32.6975212097,19.0926628113,17.6702156067,5.46864891052,0.616306364536,0.0701731741428,0.00486483052373,0.000435848050984,0.00000509852725372,6.62158905484e-9]},"erbbands_crest":{"dmean":2.2993183136,"dmean2":3.71924877167,"dvar":4.77058553696,"dvar2":11.8254556656,"max":26.5562763214,"mean":8.83228397369,"median":7.97987985611,"min":2.34187865257,"var":15.6490631104},"erbbands_flatness_db":{"dmean":0.012051615864,"dmean2":0.0181199330837,"dvar":0.000141520795296,"dvar2":0.000287498231046,"max":0.336842864752,"mean":0.159430354834,"median":0.153296619654,"min":0.0307481810451,"var":0.00210294313729},"erbbands_kurtosis":{"dmean":0.666996777058,"dmean2":1.05665028095,"dvar":1.01862585545,"dvar2":2.42282676697,"max":30.1906738281,"mean":0.393331050873,"median":-0.0740535259247,"min":-1.76957023144,"var":3.52265667915},"erbbands_skewness":{"dmean":0.282192260027,"dmean2":0.427608788013,"dvar":0.0703693032265,"dvar2":0.153816223145,"max":5.02185773849,"mean":0.116287238896,"median":0.0549704171717,"min":-2.77698040009,"var":0.49087485671},"erbbands_spread":{"dmean":5.70820665359,"dmean2":8.67975902557,"dvar":42.4677124023,"dvar2":85.0444717407,"max":151.199569702,"mean":34.4661598206,"median":31.5793743134,"min":4.99940299988,"var":252.100143433},"gfcc":{"cov":[[12086.9550781,-2122.58642578,-517.783508301,547.559265137,-659.849487305,1245.47509766,-488.773406982,499.915924072,187.847732544,289.645202637,-164.611190796,23.8458919525,-280.5625],[-2122.58642578,1439.76184082,-463.817687988,-152.599304199,346.473937988,-556.136779785,272.712280273,-200.292907715,-3.85030984879,-90.4134902954,95.5618286133,-55.8472061157,118.368385315],[-517.783508301,-463.817687988,874.557006836,4.30372714996,-171.448516846,235.860946655,-101.165596008,78.2811050415,-58.24010849,38.8254432678,-3.21561384201,77.9640274048,-46.76379776],[547.559265137,-152.599304199,4.30372714996,257.87197876,-17.2983779907,73.6544876099,3.97357153893,32.211063385,18.0138130188,6.86108827591,10.4782772064,6.34528493881,-3.75132775307],[-659.849487305,346.473937988,-171.448516846,-17.2983779907,286.236083984,-154.099456787,90.998260498,-53.1587295532,0.773945808411,-5.57963418961,8.4569234848,-16.6915416718,40.7842941284],[1245.47509766,-556.136779785,235.860946655,73.6544876099,-154.099456787,459.610961914,-57.7643356323,125.184295654,6.45883369446,41.886051178,-17.1682510376,23.9710159302,-63.9192581177],[-488.773406982,272.712280273,-101.165596008,3.97357153893,90.998260498,-57.7643356323,201.745651245,-14.0528373718,-29.2972774506,-21.3150424957,30.494058609,-15.170340538,9.13006877899],[499.915924072,-200.292907715,78.2811050415,32.211063385,-53.1587295532,125.184295654,-14.0528373718,142.671325684,45.6006011963,27.1342201233,-5.9524230957,7.10661125183,-24.8861446381],[187.847732544,-3.85030984879,-58.24010849,18.0138130188,0.773945808411,6.45883369446,-29.2972774506,45.6006011963,114.33732605,26.929189682,-2.4200258255,-9.03358745575,10.3685379028],[289.645202637,-90.4134902954,38.8254432678,6.86108827591,-5.57963418961,41.886051178,-21.3150424957,27.1342201233,26.929189682,83.0245056152,23.6189861298,11.890961647,-19.9413604736],[-164.611190796,95.5618286133,-3.21561384201,10.4782772064,8.4569234848,-17.1682510376,30.494058609,-5.9524230957,-2.4200258255,23.6189861298,94.5909347534,29.084186554,7.38699769974],[23.8458919525,-55.8472061157,77.9640274048,6.34528493881,-16.6915416718,23.9710159302,-15.170340538,7.10661125183,-9.03358745575,11.890961647,29.084186554,75.4765625,20.1996231079],[-280.5625,118.368385315,-46.76379776,-3.75132775307,40.7842941284,-63.9192581177,9.13006877899,-24.8861446381,10.3685379028,-19.9413604736,7.38699769974,20.1996231079,75.8499450684]],"icov":[[0.000244982977165,-0.0000411156361224,0.000518297951203,-0.000355828466127,0.00031635526102,-0.000512532598805,0.000452275038697,-0.00038451407454,0.000334191921866,-0.000717331015039,0.000514368235599,-0.000380712503102,0.000306686386466],[-0.0000411156361224,0.00268892222084,-0.0000212027443922,0.00108362419996,-0.00107919587754,0.00176507350989,-0.00217630760744,0.00130300142337,-0.00147854664829,0.00181620009243,-0.00253875926137,0.00135256792419,-0.000983944162726],[0.000518297951203,-0.0000212027443922,0.00276348041371,-0.000600636471063,0.00105049740523,-0.00141854328103,0.00136907049455,-0.00135292089544,0.00184528378304,-0.00193904631305,0.00131937442347,-0.00212957710028,0.000931944639888],[-0.000355828466127,0.00108362419996,-0.000600636471063,0.00509291980416,-0.000879937608261,0.000641583115794,-0.00165420165285,0.00070627144305,-0.00159489363432,0.00205078860745,-0.00229104352184,0.000931954185944,-0.000948903383687],[0.00031635526102,-0.00107919587754,0.00105049740523,-0.000879937608261,0.00612659798935,-0.0002537399414,-0.000690277724061,-0.000282889406662,0.000964397913776,-0.00348647497594,0.00255354051478,-0.000584129302297,-0.001200916362],[-0.000512532598805,0.00176507350989,-0.00141854328103,0.000641583115794,-0.0002537399414,0.00593695836142,-0.00223358278163,-0.000713316607289,-0.000939447490964,0.00170395255554,-0.00172588368878,0.00078183284495,0.000217479711864],[0.000452275038697,-0.00217630760744,0.00136907049455,-0.00165420165285,-0.000690277724061,-0.00223358278163,0.00968039780855,-0.00334804458544,0.00416547199711,-0.000776981876697,-0.000317523663398,0.000194922205992,0.00126196641941],[-0.00038451407454,0.00130300142337,-0.00135292089544,0.00070627144305,-0.000282889406662,-0.000713316607289,-0.00334804458544,0.0130633627996,-0.00664007756859,0.00132729846518,-0.000805165851489,-0.000389906024793,0.0014240546152],[0.000334191921866,-0.00147854664829,0.00184528378304,-0.00159489363432,0.000964397913776,-0.000939447490964,0.00416547199711,-0.00664007756859,0.0151864504442,-0.00645588105544,0.00194718828425,0.00213584303856,-0.00391959538683],[-0.000717331015039,0.00181620009243,-0.00193904631305,0.00205078860745,-0.00348647497594,0.00170395255554,-0.000776981876697,0.00132729846518,-0.00645588105544,0.0210857074708,-0.00808729603887,-0.000395490205847,0.00457691214979],[0.000514368235599,-0.00253875926137,0.00131937442347,-0.00229104352184,0.00255354051478,-0.00172588368878,-0.000317523663398,-0.000805165851489,0.00194718828425,-0.00808729603887,0.0182571858168,-0.00800887309015,0.00147363345604],[-0.000380712503102,0.00135256792419,-0.00212957710028,0.000931954185944,-0.000584129302297,0.00078183284495,0.000194922205992,-0.000389906024793,0.00213584303856,-0.000395490205847,-0.00800887309015,0.0221295226365,-0.00947357434779],[0.000306686386466,-0.000983944162726,0.000931944639888,-0.000948903383687,-0.001200916362,0.000217479711864,0.00126196641941,0.0014240546152,-0.00391959538683,0.00457691214979,0.00147363345604,-0.00947357434779,0.0216442942619]],"mean":[19.6335830688,96.4238891602,-129.228515625,30.9915122986,-53.8346748352,10.0900354385,-36.1746177673,2.0371119976,-23.2414321899,-4.84560155869,-19.9648399353,-4.07555961609,-7.35366392136]},"hfc":{"dmean":4.63546323776,"dmean2":7.12033557892,"dvar":31.8405189514,"dvar2":71.9022521973,"max":112.995895386,"mean":27.7603149414,"median":27.2986049652,"min":1.21590719311e-16,"var":280.922058105},"melbands":{"dmean":[0.000361228332622,0.000651726324577,0.000450517516583,0.000356103060767,0.000353961775545,0.000233307524468,0.00016481136845,0.0000892987809493,0.000138223476824,0.000135933063575,0.0000825024399091,0.000123896214063,0.0000572646931687,0.0000407007282774,0.0000481575225422,0.000044021919166,0.0000469847145723,0.0000526600160811,0.0000353015202563,0.0000329016475007,0.0000394427988795,0.0000289109302685,0.0000199077621801,0.00000785331940278,0.00000709832465873,0.00000677375692248,0.00000484075189888,0.00000415990007241,0.00000332411536874,0.00000258487739302,0.00000214217516259,0.00000170190673998,0.00000169596967226,0.00000132296156607,9.66085622167e-7,7.48565241793e-7,7.31734985493e-7,6.5315265374e-7,5.23294431787e-7,3.94229346057e-7],"dmean2":[0.000601303821895,0.00109132169746,0.000752071675379,0.000587001792155,0.000555340084247,0.000364512641681,0.000264617992798,0.000140171512612,0.000210250625969,0.000206723139854,0.000127047474962,0.000190854509128,0.0000896176425158,0.0000646881890134,0.0000756102235755,0.0000695903218002,0.0000746596197132,0.0000839608765091,0.0000551687444386,0.0000515872197866,0.0000629979040241,0.0000466252349725,0.0000324585307681,0.0000128775945996,0.0000116212604553,0.0000111945973913,0.00000787443968875,0.00000693120500728,0.00000553665267944,0.00000429202282248,0.00000354825442628,0.00000280070571534,0.00000270498526334,0.00000211513179238,0.00000153238988787,0.00000115832540359,0.00000113756107112,9.92544414657e-7,7.81101505254e-7,5.88992008943e-7],"dvar":[0.00000130589171476,0.0000027264959499,4.7147409532e-7,3.01462705465e-7,3.64458685453e-7,2.69784379725e-7,9.37171122928e-8,4.22064871941e-8,8.12955676111e-8,5.72376812613e-8,1.95832647876e-8,4.56406716864e-8,1.15286660218e-8,6.23536555722e-9,9.01975916179e-9,5.86262105529e-9,7.76930964008e-9,8.68723581959e-9,3.99109589821e-9,4.02804811728e-9,6.736303515e-9,2.78847900326e-9,1.53271462189e-9,2.13373194113e-10,1.51103698998e-10,1.27406238337e-10,7.02668825903e-11,3.20201434811e-11,2.5127027195e-11,1.76185298989e-11,1.37069383621e-11,9.35558835263e-12,8.28791375806e-12,7.21682392665e-12,5.20797597756e-12,3.34899100639e-12,4.25374535942e-12,4.80916391779e-12,3.58761739934e-12,1.67677384564e-12],"dvar2":[0.00000332870695274,0.00000729645853426,0.00000132872776248,8.0819802406e-7,8.66547679834e-7,6.07876472714e-7,2.36768869399e-7,9.89442057175e-8,1.92412045408e-7,1.33349601583e-7,4.62892728592e-8,1.09859620068e-7,2.80711613954e-8,1.54407171493e-8,2.06298107486e-8,1.40714666585e-8,1.88994064843e-8,2.1116086657e-8,9.12755293569e-9,9.71139257899e-9,1.70242930864e-8,6.91550594567e-9,3.95611943205e-9,5.6417898131e-10,3.71550373801e-10,3.36843192228e-10,1.73263986492e-10,8.39280867027e-11,6.44886019585e-11,4.59570125011e-11,3.65259732182e-11,2.38662666019e-11,1.92778362718e-11,1.52796334613e-11,1.13422656683e-11,7.44060108665e-12,9.7848040434e-12,9.86376518658e-12,7.4755601015e-12,3.4884436919e-12],"max":[0.0142144281417,0.0234848894179,0.00893444381654,0.00895081553608,0.0131434062496,0.0202927198261,0.00630199816078,0.00811845064163,0.00742652174085,0.00463216099888,0.00417585903779,0.00412103766575,0.00295596360229,0.00184919347521,0.00255050742999,0.00171113328543,0.00191023573279,0.00197779387236,0.00178954785224,0.00140098540578,0.00216341111809,0.00166148412973,0.00100332486909,0.000336477620294,0.000342412939062,0.000298859289614,0.000280547043076,0.000139452749863,0.000100942888821,0.0000808530458016,0.0000776418237365,0.0000742736956454,0.000078788769315,0.0000831105062389,0.00007087677659,0.000053123505495,0.0000533479942533,0.0000521662113897,0.0000709809974069,0.0000430340296589],"mean":[0.00060843519168,0.00138135056477,0.00108736939728,0.000776453583967,0.000709028914571,0.000473550870083,0.000333122501615,0.000188991762116,0.000314898352372,0.000320104067214,0.000195454631466,0.000248434400419,0.000117538773338,0.0000774247819209,0.0000958518940024,0.0000900055747479,0.0000962896301644,0.000108999200165,0.0000750228209654,0.0000650474685244,0.000081814112491,0.0000616122197243,0.0000388446642319,0.0000157832600962,0.0000155777925102,0.0000152688753587,0.0000110977543955,0.0000094923288998,0.00000721846890883,0.00000572988983549,0.00000470352142656,0.0000039032352106,0.00000400039516535,0.00000302752869175,0.00000213799603443,0.00000170689156676,0.00000160137619787,0.0000013464963331,0.00000104594107597,7.90800925188e-7],"median":[0.000369221263099,0.000925472122617,0.000857555365656,0.000535581901204,0.000371570815332,0.000205307442229,0.000143229961395,0.0000765046424931,0.000118814918096,0.00013509512064,0.0000933395058382,0.000111537417979,0.0000615165481577,0.000041127037548,0.0000493484840263,0.0000453936954727,0.0000417980081693,0.0000490102538606,0.0000340883161698,0.0000312245319947,0.0000399558921345,0.0000354701187462,0.0000198573870875,0.0000096623571153,0.0000103061884147,0.000010359011867,0.00000738519156585,0.00000706541095497,0.00000536533116247,0.00000386650390283,0.00000277566232398,0.00000231105218518,0.00000247213756666,0.00000177826404979,0.00000117577337733,9.39459368965e-7,8.71381018896e-7,6.52714902571e-7,4.50936369134e-7,3.36842617799e-7],"min":[1.40495543463e-23,1.17962583675e-23,1.45305591278e-23,8.78651262264e-24,4.0086448104e-24,2.9904525737e-24,9.18352422813e-24,6.8548454901e-24,6.4771637378e-24,9.03842036436e-24,5.12231840448e-24,1.83351295663e-23,1.40745139053e-23,1.12650197124e-23,6.01307923384e-24,1.26658410426e-23,6.88789245114e-24,8.54724401034e-24,2.02417748198e-23,1.10040408591e-23,7.39776007546e-24,6.63109929383e-24,9.1885311283e-24,9.47736071583e-24,8.46478595764e-24,9.60737288162e-24,9.15092455122e-24,1.00484305358e-23,1.28846765797e-23,1.27224749447e-23,8.68739303876e-24,7.98407778782e-24,1.15407447426e-23,1.15891595029e-23,1.17000717685e-23,9.0159835825e-24,9.44527064307e-24,1.54558061949e-23,1.2517905957e-23,1.09365285651e-23],"var":[0.00000125257315631,0.00000306093215841,8.88531417331e-7,6.48872457987e-7,0.00000107062510324,0.00000113782755307,2.63500368192e-7,1.49626387724e-7,3.09293312739e-7,2.30706604043e-7,8.78798402937e-8,1.45157713405e-7,3.51997542225e-8,1.49794772142e-8,2.35336550247e-8,1.74032646072e-8,2.32443628789e-8,2.31771721815e-8,1.23109966665e-8,9.88497106391e-9,1.57468686979e-8,6.91622448201e-9,3.65736574359e-9,4.32531538364e-10,3.8058295404e-10,3.08009784344e-10,1.77333189799e-10,8.48559625344e-11,5.18067810873e-11,3.96063459807e-11,3.275187066e-11,2.13078200917e-11,2.3327067708e-11,1.79949145862e-11,1.19878447447e-11,7.68135902107e-12,8.01848604876e-12,9.96202079162e-12,6.99129296122e-12,3.29612010429e-12]},"melbands_crest":{"dmean":2.3946917057,"dmean2":3.91547989845,"dvar":5.53770828247,"dvar2":14.2210474014,"max":31.2614898682,"mean":11.6770534515,"median":10.738527298,"min":1.99269711971,"var":20.6755409241},"melbands_flatness_db":{"dmean":0.0164821278304,"dmean2":0.025396052748,"dvar":0.000307507260004,"dvar2":0.000712697743438,"max":0.466639816761,"mean":0.171972572803,"median":0.155522555113,"min":0.00466168904677,"var":0.00427281204611},"melbands_kurtosis":{"dmean":3.34436178207,"dmean2":5.24248313904,"dvar":40.7379722595,"dvar2":92.8347702026,"max":195.637191772,"mean":6.88883924484,"median":3.27452635765,"min":-1.62938988209,"var":125.660293579},"melbands_skewness":{"dmean":0.459493964911,"dmean2":0.711855769157,"dvar":0.285012185574,"dvar2":0.651131868362,"max":12.4345712662,"mean":1.96528351307,"median":1.70888185501,"min":-0.442983806133,"var":1.4706953764},"melbands_spread":{"dmean":5.64583063126,"dmean2":8.65815639496,"dvar":36.950378418,"dvar2":82.0691986084,"max":163.823104858,"mean":29.6173934937,"median":28.9164028168,"min":1.0267560482,"var":220.525802612},"mfcc":{"cov":[[7864.80615234,-894.164611816,-310.915679932,-290.653533936,20.1203231812,321.503997803,-228.689620972,206.038024902,150.38092041,173.001449585,163.121490479,113.656639099,80.4169845581],[-894.164611816,1052.83996582,-346.11315918,99.6494674683,-7.10136890411,-135.821975708,72.6884307861,-73.7518615723,-36.592540741,-20.817691803,-46.8505897522,-12.5537614822,3.81090950966],[-310.915679932,-346.11315918,734.920776367,-57.8450775146,-28.5899658203,89.4334182739,-2.41922402382,60.0164260864,-21.8265991211,-23.881023407,32.3160476685,14.9609727859,3.2582116127],[-290.653533936,99.6494674683,-57.8450775146,227.583328247,26.3575763702,-44.947467804,20.0892601013,-16.7432365417,-13.7215032578,-9.20604324341,-24.0729293823,6.91937398911,13.7781114578],[20.1203231812,-7.10136890411,-28.5899658203,26.3575763702,146.584960938,14.1466588974,-17.8602771759,-13.3331804276,28.8484783173,8.59302330017,-12.0712738037,14.0718564987,8.46353816986],[321.503997803,-135.821975708,89.4334182739,-44.947467804,14.1466588974,157.276290894,39.8374633789,36.0371055603,12.0099382401,-2.69062113762,27.5182323456,7.56203222275,-1.37081360817],[-228.689620972,72.6884307861,-2.41922402382,20.0892601013,-17.8602771759,39.8374633789,183.665725708,38.1490135193,-20.0056629181,-7.77246570587,18.286567688,3.57637691498,-2.3520886898],[206.038024902,-73.7518615723,60.0164260864,-16.7432365417,-13.3331804276,36.0371055603,38.1490135193,109.617431641,31.4231357574,14.6577692032,18.7692737579,12.4932689667,-1.49075913429],[150.38092041,-36.592540741,-21.8265991211,-13.7215032578,28.8484783173,12.0099382401,-20.0056629181,31.4231357574,97.4885101318,36.55701828,2.33360862732,-2.71906471252,-8.34014320374],[173.001449585,-20.817691803,-23.881023407,-9.20604324341,8.59302330017,-2.69062113762,-7.77246570587,14.6577692032,36.55701828,86.9362487793,31.292804718,8.66067123413,-2.65649867058],[163.121490479,-46.8505897522,32.3160476685,-24.0729293823,-12.0712738037,27.5182323456,18.286567688,18.7692737579,2.33360862732,31.292804718,82.6659469604,33.9264945984,6.68877029419],[113.656639099,-12.5537614822,14.9609727859,6.91937398911,14.0718564987,7.56203222275,3.57637691498,12.4932689667,-2.71906471252,8.66067123413,33.9264945984,76.8202209473,30.0820674896],[80.4169845581,3.81090950966,3.2582116127,13.7781114578,8.46353816986,-1.37081360817,-2.3520886898,-1.49075913429,-8.34014320374,-2.65649867058,6.68877029419,30.0820674896,64.2152175903]],"icov":[[0.000202088587685,0.000130748609081,0.000243332935497,0.000118520962133,0.0000664392064209,-0.000412227236666,0.00037140463246,-0.00036622773041,0.0000937730656005,-0.000218276516534,-0.000098080286989,-0.0000945361243794,-0.000253415346378],[0.000130748609081,0.00142851634882,0.000621330342256,-0.0000646099506412,0.000116604169307,0.000617634039372,-0.000591348216403,0.000333856383804,0.0000826020186651,0.0000369985864381,0.000245039787842,-0.000217800436076,-0.000193504485651],[0.000243332935497,0.000621330342256,0.0020577760879,0.000233459286392,0.000247683550697,-0.000959580007475,0.000680533994455,-0.00120055384468,0.000792613136582,0.000290589698125,-0.000428418075899,-0.000158447975991,-0.000318358914228],[0.000118520962133,-0.0000646099506412,0.000233459286392,0.00527926720679,-0.0010069522541,0.00114985881373,-0.000803112750873,-0.0000860588770593,0.000554479658604,-0.000197302942979,0.00128847814631,-0.000769474776462,-0.000873206940014],[0.0000664392064209,0.000116604169307,0.000247683550697,-0.0010069522541,0.00854595191777,-0.00187805097084,0.000444092118414,0.0019864437636,-0.0028861083556,-0.000718888826668,0.00234820181504,-0.00266616605222,-0.000390888453694],[-0.000412227236666,0.000617634039372,-0.000959580007475,0.00114985881373,-0.00187805097084,0.0100964689627,-0.00302261789329,-0.000288659444777,-0.00116287649143,0.00233387947083,-0.00226890202612,0.000873027427588,0.000400070071919],[0.00037140463246,-0.000591348216403,0.000680533994455,-0.000803112750873,0.000444092118414,-0.00302261789329,0.00817046687007,-0.00386487389915,0.00246916105971,-0.00000426047972724,-0.00174765614793,0.000614163873252,0.00000910385460884],[-0.00036622773041,0.000333856383804,-0.00120055384468,-0.0000860588770593,0.0019864437636,-0.000288659444777,-0.00386487389915,0.0141352722421,-0.00547560118139,-0.0000725012214389,0.000451099331258,-0.0022952943109,0.00075090827886],[0.0000937730656005,0.0000826020186651,0.000792613136582,0.000554479658604,-0.0028861083556,-0.00116287649143,0.00246916105971,-0.00547560118139,0.0159571077675,-0.0058526028879,0.00156806956511,0.00116810901091,0.00115718843881],[-0.000218276516534,0.0000369985864381,0.000290589698125,-0.000197302942979,-0.000718888826668,0.00233387947083,-0.00000426047972724,-0.0000725012214389,-0.0058526028879,0.0172077734023,-0.0074287801981,0.00107863976154,0.000661711208522],[-0.000098080286989,0.000245039787842,-0.000428418075899,0.00128847814631,0.00234820181504,-0.00226890202612,-0.00174765614793,0.000451099331258,0.00156806956511,-0.0074287801981,0.0206145979464,-0.00876541994512,0.00129740440752],[-0.0000945361243794,-0.000217800436076,-0.000158447975991,-0.000769474776462,-0.00266616605222,0.000873027427588,0.000614163873252,-0.0022952943109,0.00116810901091,0.00107863976154,-0.00876541994512,0.0209089722484,-0.00804190058261],[-0.000253415346378,-0.000193504485651,-0.000318358914228,-0.000873206940014,-0.000390888453694,0.000400070071919,0.00000910385460884,0.00075090827886,0.00115718843881,0.000661711208522,0.00129740440752,-0.00804190058261,0.0199926160276]],"mean":[-613.171264648,119.871627808,-10.6652679443,20.2090415955,3.82260274887,5.94121599197,-2.38980793953,2.42338967323,1.77513372898,-0.0327047556639,-6.78635549545,-4.46447134018,-4.78521442413]},"pitch_salience":{"dmean":0.0556043423712,"dmean2":0.0914318561554,"dvar":0.00276611861773,"dvar2":0.00712975673378,"max":0.899059891701,"mean":0.572197496891,"median":0.576843261719,"min":0.145489051938,"var":0.00851658824831},"silence_rate_20dB":{"dmean":0,"dmean2":0,"dvar":0,"dvar2":0,"max":1,"mean":1,"median":1,"min":1,"var":0},"silence_rate_30dB":{"dmean":0.000190096005099,"dmean2":0.000380228128051,"dvar":0.000190058315638,"dvar2":0.000570191361476,"max":1,"mean":0.999904990196,"median":1,"min":0,"var":0.000095029543445},"silence_rate_60dB":{"dmean":0.00494249584153,"dmean2":0.00988593138754,"dvar":0.00491657620296,"dvar2":0.0120709808543,"max":1,"mean":0.0490401051939,"median":0,"min":0,"var":0.0466408915818},"spectral_centroid":{"dmean":179.942169189,"dmean2":276.29598999,"dvar":38454.4140625,"dvar2":80748.4921875,"max":10163.4560547,"mean":1434.47790527,"median":1456.5546875,"min":271.349243164,"var":283296.1875},"spectral_complexity":{"dmean":3.30748033524,"dmean2":5.32775688171,"dvar":10.7465400696,"dvar2":25.2193241119,"max":57,"mean":25.2408294678,"median":26,"min":0,"var":111.85308075},"spectral_contrast_coeffs":{"dmean":[0.0435123667121,0.0434806719422,0.0349582321942,0.0295679196715,0.0202166736126,0.0163923725486],"dmean2":[0.0715908929706,0.071437753737,0.0568060018122,0.048020362854,0.0332796722651,0.0266117043793],"dvar":[0.00132403161842,0.00123685051221,0.000770424550865,0.00058100791648,0.000269361771643,0.000247628631769],"dvar2":[0.00360365281813,0.00331732607447,0.0020578163676,0.00142515380867,0.000691665918566,0.000652287562843],"max":[-0.261568248272,-0.383798629045,-0.531744599342,-0.550005733967,-0.634898602962,-0.507424294949],"mean":[-0.615794837475,-0.710272014141,-0.74559545517,-0.757757365704,-0.782993018627,-0.745275974274],"median":[-0.622432947159,-0.715273857117,-0.750059127808,-0.757334828377,-0.784303545952,-0.743349730968],"min":[-0.970083594322,-0.959537565708,-0.966502070427,-0.96422034502,-0.956499397755,-0.959797024727],"var":[0.00632678018883,0.00477545009926,0.00347367697395,0.00303566036746,0.00140580779407,0.00182863057125]},"spectral_contrast_valleys":{"dmean":[0.329683035612,0.310479789972,0.2564240098,0.228863194585,0.183433175087,0.201197817922],"dmean2":[0.549282550812,0.517812728882,0.422459095716,0.3727401793,0.292367190123,0.298556566238],"dvar":[0.0914748907089,0.0761274024844,0.0555887147784,0.0515784844756,0.0497028045356,0.0735426545143],"dvar2":[0.231132760644,0.184836372733,0.127646401525,0.108347080648,0.0950129553676,0.143328934908],"max":[-5.383040905,-4.73666858673,-5.32629108429,-5.81774568558,-5.70239639282,-7.53678560257],"mean":[-7.221139431,-6.67931318283,-7.01083898544,-7.33456039429,-7.22518062592,-10.1179456711],"median":[-6.99706983566,-6.51793909073,-6.79662513733,-7.09569978714,-6.95674133301,-9.69610404968],"min":[-26.9385585785,-27.1283435822,-27.1633739471,-27.0850563049,-27.2041740417,-27.2401981354],"var":[1.06943488121,0.975016236305,1.14158642292,1.24201083183,1.34377908707,2.54153513908]},"spectral_decrease":{"dmean":1.3418829381e-9,"dmean2":2.14884177119e-9,"dvar":3.16141771314e-18,"dvar2":7.74762094417e-18,"max":2.34532206526e-17,"mean":-7.1407852964e-9,"median":-7.30112725833e-9,"min":-2.91022193011e-8,"var":1.21504576722e-17},"spectral_energy":{"dmean":0.00529968179762,"dmean2":0.0084783397615,"dvar":0.0000470089617011,"dvar2":0.000115156093671,"max":0.113370813429,"mean":0.029468877241,"median":0.0303767360747,"min":1.09835852856e-20,"var":0.00020149917691},"spectral_energyband_high":{"dmean":0.000289229879854,"dmean2":0.000440218544099,"dvar":3.12199205155e-7,"dvar2":6.41273231849e-7,"max":0.0114812804386,"mean":0.000941199134104,"median":0.000662560109049,"min":8.23814859877e-21,"var":0.00000101809962416},"spectral_energyband_low":{"dmean":0.00268091703765,"dmean2":0.00439419178292,"dvar":0.0000403902849939,"dvar2":0.0000990850167,"max":0.0857930257916,"mean":0.00642603356391,"median":0.00482982862741,"min":7.64861042803e-23,"var":0.000050715632824},"spectral_energyband_middle_high":{"dmean":0.00201799580827,"dmean2":0.00310452724807,"dvar":0.00000537188088856,"dvar2":0.0000128118499561,"max":0.0454045683146,"mean":0.00937056541443,"median":0.00811641104519,"min":1.51282014118e-21,"var":0.0000501381837239},"spectral_energyband_middle_low":{"dmean":0.00364588829689,"dmean2":0.00578077789396,"dvar":0.0000177007077582,"dvar2":0.0000435932233813,"max":0.111515276134,"mean":0.013857386075,"median":0.0123136322945,"min":2.25255785741e-22,"var":0.0000867361377459},"spectral_entropy":{"dmean":0.100602865219,"dmean2":0.151945471764,"dvar":0.0125317340717,"dvar2":0.0249475371093,"max":9.7899055481,"mean":7.63732767105,"median":7.71203756332,"min":5.4967622757,"var":0.163951054215},"spectral_flux":{"dmean":0.0167300254107,"dmean2":0.0261732209474,"dvar":0.000334071170073,"dvar2":0.000723341596313,"max":0.245776355267,"mean":0.0794547870755,"median":0.0787826105952,"min":1.04802604095e-10,"var":0.00131527485792},"spectral_kurtosis":{"dmean":1.42983520031,"dmean2":2.45364189148,"dvar":4.71955823898,"dvar2":14.5668172836,"max":39.7646598816,"mean":4.46400308609,"median":3.67269277573,"min":-1.16582465172,"var":13.9082946777},"spectral_rms":{"dmean":0.000461366347736,"dmean2":0.00073139014421,"dvar":2.80250759488e-7,"dvar2":6.67328777126e-7,"max":0.0105169229209,"mean":0.00513719953597,"median":0.00544388080016,"min":3.27348326397e-12,"var":0.00000235938887272},"spectral_rolloff":{"dmean":348.227478027,"dmean2":571.646728516,"dvar":458477.375,"dvar2":1067379.125,"max":19530.6152344,"mean":1723.62841797,"median":1701.12304688,"min":86.1328125,"var":1535752.375},"spectral_skewness":{"dmean":0.18231549859,"dmean2":0.301584661007,"dvar":0.044749442488,"dvar2":0.125947743654,"max":5.11494016647,"mean":1.47711026669,"median":1.41663527489,"min":-0.215619891882,"var":0.247780710459},"spectral_spread":{"dmean":329055.125,"dmean2":486536.03125,"dvar":252871294976,"dvar2":370244091904,"max":39549508,"mean":4240793.5,"median":4111946.75,"min":1431198,"var":1857079214080},"spectral_strongpeak":{"dmean":0.690179824829,"dmean2":1.18550050259,"dvar":1.3117338419,"dvar2":3.27994847298,"max":15.7723150253,"mean":1.25651216507,"median":0.631966352463,"min":0,"var":2.22204303741},"zerocrossingrate":{"dmean":0.00741852400824,"dmean2":0.00896209571511,"dvar":0.0000805053350632,"dvar2":0.0000893132964848,"max":0.681640625,"mean":0.0648960694671,"median":0.0625,"min":0.009765625,"var":0.00101042015012}},"metadata":{"audio_properties":{"analysis_sample_rate":44100,"bit_rate":320000,"codec":"mp3","downmix":"mix","equal_loudness":0,"length":244.297149658,"lossless":false,"md5_encoded":"e07dfc2b792e5bfb9ae6d2b244a3e4bc","replay_gain":-16.7662887573,"sample_rate":44100},"tags":{"acoustid_fingerprint":["AQADtEmyJEooVoHWEYf2yAIfvoj9CHsutPkEcwoqh0UX6zkcoT-eG3U8pNWhz_iPcD8uicKPed8QUmIqNBehdRuYxBK-CIdyol2QJ_xwqTWso0d0DsmP9wIn5UJ9THmOP7gR5tCuHHlynDa6p3BE4KUi_EOb5MW940_Q5Bf6LEfJBw3VKMSzJkZ0Qg_-i3j6gFQShGx0vPAH5pGoEP9w5ujEBVPS4kLyp0F-eMNz_HFQ5UqHZjrw7sihUxde1F0pbNk0C2rS4ZLgZ-hzEOUHc_mgd8eP_DhY3-iL8SjcEa9gTwj9QUdu_KiOxloq5Di0POXQYzy6Q4z0Cg_yE7324RK45FGBSXjyBaWcHk-EZBmPsMYunEtGgpG0TrAnEquyZcdFHOmh8SHyCVcS5cInIfzhNCV-fIc4Hb_g6MUNPblwa0fY5RjFgT9W48eVpsGVZUZ-iMh1nEs-7Ioqoc4FKslT3BkpTB_-oeGPELp2fEKY4z78H-_hSXo2hAwPvUdu4kyeo5SOaMsE6dkRTT96HSVjo03CVLhEB_GPhMet43ty7NNTPMkFZpFD3Dy2l0P_BCGNhobe6Mgv_Kj4w79wf_iPCyG_FLpa5KyNa3mEYz6yJzu0HemzCFMjOhiZIzyhJ8oRCv8HXkrxzUGdZsemhENvBkcoH-KjSEdILkcbfsKXzAleIjbR58hpoRmPMstsHDd-HdeqGG8wXcf1g3-F_bh-hGLCNIcQRj-q43i6YddD1Ekc8DrmB2E4N4fOlEN4ND_uCJfw-yj5DU8suDfaR0KPH_7Rp2iPZs-LuQHxhEf9ww1z5DkS_mC9o3l2XMdzzHom-NlxI_llhE_QjFJCfD3uo8cTUQoehC-SoanwZcafFDeeBNa05EKSE_lBnTn2HVeSHH9SNDoqZ8h7IelxwdIzzEt28McvHVPOGP2Mh0dyIyeeDM-LG6c-dOXwwT4-ffjx6Ycb7ziaF4-CHVH-QVd-hGLy40OT4bnwiniJPUpGo5mSFxey81CepQj34UcLTwoe-GYOr6PQCYlTIj2bhDiVHD-e6Ci7HI1DEREzfVB__OnQlDo0xySyJ8uGkke849PgTEkW-DQKWuUCncWTB5O_Fs2PZ0ePnJicKR-eibijox-adTnO4y_yHT90JfiO6sPzF9M9KE6UQ8vITEFo5UTROCSe5sH5oFdwHV4Woc-L62iSjUyCq2DCHfnxNIcriofOLBuiK0LzoBZtPNlxx5jCcwhtslCN3Ae9w9-O-SZy5ShZB6KYjDgtvBC_oFYQHq6t4HpgLsGzh0ezEWdm9E8QhmMq6BGOGydqZccPK0NFHWc6hJbQmEfNY0ocBk9Y4HoEikon5NCHlIva4I2E70H5BK6PcunwKMPR_JieRSMeHfvw4gqP-BySPD3hOMds6cV7_GiVGk114s6IX7jAPCU8KSfSuPg6iD--8EYecgyqB3mQ6_j2YLIfmCSuo5uFC2-i44efFXkOVXqRp8Z7oTLxjDCVEyFU8silSEFziSijoxkzhLrxG