{"lowlevel":{"average_loudness":0.948864042759,"barkbands":{"dmean":[0.0000976593000814,0.0018904057797,0.00126200250816,0.000914976291824,0.00223371898755,0.00112417759374,0.00102513085585,0.000876681588124,0.00134367484134,0.00154553120956,0.000893760065082,0.000857849314343,0.000323684798786,0.000396117247874,0.000353045499651,0.000229301673244,0.000149241401232,0.000184288728633,0.000123822668684,0.0000792703067418,0.0000751639672671,0.000092696674983,0.0000873740573297,0.0000692425455782,0.0000413907982875,0.0000337671153829,0.0000230284640566],"dmean2":[0.000145718076965,0.00300159887411,0.00218571000732,0.00149484665599,0.00359046109952,0.00172034231946,0.00153605430387,0.00129883410409,0.00198258226737,0.00235396623611,0.00134656671435,0.00132703455165,0.000513329403475,0.000640695856418,0.000571178388782,0.000366253720131,0.000238576161792,0.000292485463433,0.00019707728643,0.000120622331451,0.000109289387183,0.00013075149036,0.00012414054072,0.000100202407339,0.0000594763623667,0.0000494930900459,0.0000334920296154],"dvar":[7.25178495031e-8,0.0000187288369489,0.0000114550857688,0.00000250267908086,0.0000195108041225,0.00000331423620992,0.00000219640514842,0.0000017982800955,0.00000315785541716,0.00000407628704124,0.0000018073086494,0.0000012801824596,2.95703443953e-7,3.13115094741e-7,4.27789302648e-7,1.0520292193e-7,6.17364293021e-8,1.21601772207e-7,4.22591277527e-8,2.10200479245e-8,1.89368272174e-8,7.53830988742e-8,1.09865325726e-7,5.88959139236e-8,1.02633954668e-8,5.62882407351e-9,3.71013553213e-9],"dvar2":[1.61435821155e-7,0.0000404560560128,0.0000316115183523,0.00000614687087364,0.000045572349336,0.00000794406332716,0.00000525926634509,0.00000454857672594,0.00000730414012651,0.0000102275334939,0.00000403395324611,0.00000322622440763,6.76789909448e-7,7.88712497979e-7,0.00000104591958916,2.45728273285e-7,1.46879813201e-7,2.86826690399e-7,1.01869112257e-7,4.6134918108e-8,4.19880130664e-8,1.51445433971e-7,2.1396192551e-7,1.27962493934e-7,2.27798526709e-8,1.28161579127e-8,7.82768871943e-9],"max":[0.00346330017783,0.0564670749009,0.0333956293762,0.0509680658579,0.0888167321682,0.0317393690348,0.046108994633,0.0334857925773,0.0373459197581,0.0410974398255,0.0346101224422,0.0321011468768,0.0195059385151,0.0109356772155,0.0246481969953,0.00693158386275,0.00551847182214,0.011190623045,0.00921726319939,0.00583810964599,0.0030696077738,0.00924596749246,0.00990879535675,0.00855576712638,0.00318586849608,0.00109565258026,0.000940997037105],"mean":[0.000106953069917,0.00305136339739,0.00147222576197,0.00230392743833,0.00452871527523,0.00259852549061,0.00266053015366,0.00211303960532,0.00379714346491,0.0040042521432,0.00207610987127,0.00218367716298,0.000660102698021,0.00084595271619,0.000673668691888,0.000515347055625,0.000329868809786,0.000448533071904,0.000321707018884,0.000175480425241,0.000160940704518,0.000189103753655,0.000155655099661,0.000112979891128,0.0000642620507278,0.0000435518450104,0.0000262138128164],"median":[0.0000177186593646,0.00138894084375,0.000575486687012,0.00164770463016,0.00285352906212,0.00153358455282,0.00184021203313,0.00150846678298,0.00277988007292,0.0033054605592,0.0012661764631,0.00167394860182,0.000463710981421,0.000605757697485,0.000419183692429,0.000390031695133,0.000239978078753,0.000319565384416,0.000256340252236,0.000108622589323,0.0000907015855773,0.0000706402861397,0.0000397505245928,0.0000312834126817,0.0000220158362936,0.0000101108962554,0.00000238382449425],"min":[4.30769014665e-24,3.20586603222e-23,3.81299357972e-23,7.07848613678e-23,2.96710781293e-23,4.64999330173e-23,7.26475134263e-23,2.0670287219e-23,7.91375541351e-23,4.36205212935e-23,3.76210889589e-23,7.77264271261e-23,1.0083386698e-22,1.93728549457e-22,1.6743499507e-22,1.5698695521e-22,9.28808805666e-23,3.4781786079e-22,3.50748636825e-22,2.67226795727e-22,6.90370977494e-22,5.2721303479e-22,5.26772484374e-22,7.57169346054e-22,1.32271895087e-21,1.46865998538e-21,2.83129969043e-21],"var":[8.02832573754e-8,0.0000250958128163,0.00000916920180316,0.00000632604087514,0.0000318626407534,0.00000944466955843,0.00000727186443328,0.00000422331231675,0.0000127641205836,0.0000104423315861,0.00000843714769871,0.00000527830434294,7.42129259379e-7,7.37331163236e-7,8.89021123385e-7,2.36386512142e-7,1.11842197725e-7,2.878452392e-7,7.98929420398e-8,5.16475680001e-8,4.91186362694e-8,2.14006121269e-7,2.8499897553e-7,1.11735488417e-7,1.95576337347e-8,7.60431984048e-9,5.02673458413e-9]},"barkbands_crest":{"dmean":1.61549770832,"dmean2":2.56329870224,"dvar":2.75409054756,"dvar2":6.81778430939,"max":20.9391651154,"mean":7.28286552429,"median":6.61447429657,"min":2.35678863525,"var":8.26986598969},"barkbands_flatness_db":{"dmean":0.0142736034468,"dmean2":0.0194945689291,"dvar":0.000199762303964,"dvar2":0.000373140675947,"max":0.389536350965,"mean":0.117767676711,"median":0.106613837183,"min":0.0309434626251,"var":0.00262371450663},"barkbands_kurtosis":{"dmean":0.860088586807,"dmean2":1.31243443489,"dvar":1.62567150593,"dvar2":3.97163105011,"max":77.8149261475,"mean":1.55132591724,"median":1.0019916296,"min":-1.85630238056,"var":10.2275295258},"barkbands_skewness":{"dmean":0.277348518372,"dmean2":0.419198155403,"dvar":0.0823085159063,"dvar2":0.182320520282,"max":7.70983886719,"mean":0.869993150234,"median":0.855954945087,"min":-2.50512933731,"var":0.422893613577},"barkbands_spread":{"dmean":3.06832289696,"dmean2":4.37727069855,"dvar":16.2949314117,"dvar2":29.0192718506,"max":141.544998169,"mean":19.0598430634,"median":16.7053909302,"min":1.51143395901,"var":216.377655029},"dissonance":{"dmean":0.0163781810552,"dmean2":0.0272898953408,"dvar":0.000240346504143,"dvar2":0.000629513640888,"max":0.500000178814,"mean":0.461711853743,"median":0.468465745449,"min":0.0770450159907,"var":0.00105343060568},"dynamic_complexity":1.47986638546,"erbbands":{"dmean":[0.0632316544652,0.437320560217,1.34455430508,2.03979301453,6.33082771301,7.77369832993,7.54326963425,9.10250091553,13.2769231796,11.7568378448,22.8608322144,31.6592235565,38.5143928528,49.901714325,33.5582962036,33.935749054,15.455540657,18.9623222351,19.3034076691,10.1034078598,12.9433355331,7.77504348755,9.53630542755,7.29198789597,5.42945814133,3.73746347427,3.35787820816,2.81858062744,3.33530950546,3.11835026741,2.47251963615,1.79498112202,0.954539716244,0.527314841747,0.270468086004,0.133005321026,0.0619464814663,0.0235454235226,0.00381668587215,0.000212464903598],"dmean2":[0.0975470244884,0.718542873859,2.3256714344,3.39843797684,10.1449861526,12.6770811081,11.7997627258,14.0899162292,19.6620121002,18.6415672302,33.8670425415,45.9899215698,57.8373146057,75.4175338745,49.6104278564,52.7670860291,24.4874706268,30.5040531158,30.766330719,15.965426445,20.8005714417,12.2570962906,15.0125522614,11.6493616104,8.5115404129,5.65128326416,4.98638010025,4.05791568756,4.72074222565,4.39356374741,3.50315594673,2.64355015755,1.37652111053,0.764714539051,0.393074929714,0.19964414835,0.0909951627254,0.0344311371446,0.00558919273317,0.000307788286591],"dvar":[0.0245957970619,0.988513886929,13.2789287567,13.07579422,151.268493652,245.978149414,149.127365112,267.979797363,384.500396729,333.159240723,1374.18933105,2309.98486328,2610.5690918,5722.13183594,2232.07836914,1940.80432129,730.113830566,731.722351074,1170.48339844,284.14630127,298.249206543,156.401565552,325.90814209,178.642349243,80.8125991821,46.954044342,32.324131012,36.5710906982,94.1544265747,127.893341064,97.077583313,51.88904953,8.89498519897,2.18097114563,0.363351166248,0.0998491197824,0.0195188261569,0.00350517057814,0.000103373218735,3.192788256e-7],"dvar2":[0.0527336709201,2.44296169281,36.7920455933,34.3149490356,352.188873291,614.235534668,369.509521484,641.695129395,901.764587402,846.908203125,3492.9152832,5077.171875,6881.51220703,14016.6259766,4832.28857422,4887.20556641,1678.73046875,1846.66308594,2862.2175293,671.654602051,705.386779785,365.562194824,768.302124023,426.080871582,189.528182983,99.6772842407,72.6031188965,78.9920959473,195.044082642,263.631317139,198.003448486,115.277626038,18.6799278259,4.86271715164,0.826459169388,0.247468292713,0.0428293123841,0.00733226304874,0.000220714602619,6.79268396198e-7],"max":[1.87594091892,12.8389339447,34.0782661438,104.765258789,239.228668213,277.1222229,233.138031006,356.062866211,638.770690918,411.0418396,792.749450684,1172.95324707,1227.48291016,1659.17944336,1342.74597168,1164.74731445,1101.45178223,565.430419922,1112.60668945,453.862945557,418.165710449,280.916381836,695.996826172,622.578430176,360.442138672,312.053436279,149.754318237,160.206924438,446.155761719,395.534301758,319.940490723,280.505767822,95.4662780762,52.8480377197,10.9859237671,6.20782709122,2.55140423775,1.12715578079,0.160465210676,0.00810270663351],"mean":[0.0960619226098,0.654988706112,1.64896452427,4.94379663467,13.1669034958,15.0660543442,16.1138286591,21.523103714,35.4448165894,30.8508777618,58.5051460266,90.1399002075,113.8332901,119.953269958,90.8871307373,90.1141433716,37.7926597595,43.1524848938,42.3223457336,24.0742435455,28.6242771149,19.8082828522,23.8095493317,19.4169425964,13.9705314636,8.52045249939,7.01173257828,6.05629730225,6.78040456772,5.65630292892,4.26896190643,2.90546178818,1.57118117809,0.83245742321,0.403635144234,0.173340290785,0.0791284441948,0.0282257311046,0.00434613740072,0.000274735386483],"median":[0.03409133479,0.303668737411,0.728823721409,3.8313832283,8.66268539429,9.71239280701,10.0581598282,11.8595371246,24.5311508179,22.5011749268,42.0275802612,60.0258255005,93.6396713257,86.9279022217,65.6676559448,70.8850326538,29.5889129639,31.1560344696,28.5056419373,17.2278747559,21.985206604,15.1666326523,17.3690929413,15.2794599533,10.619726181,5.28043413162,4.24917078018,2.77904391289,2.62043166161,1.58497023582,1.08224761486,0.766963601112,0.449244230986,0.265529036522,0.14359614253,0.0509847290814,0.01639466919,0.00363839813508,0.00042606171337,0.0000668794018566],"min":[2.02577804289e-21,3.20455989314e-21,2.78902910515e-20,1.73176478017e-19,1.16563202918e-19,1.13468965816e-19,2.00856384081e-19,4.55312314097e-19,9.90298768192e-19,7.20719314091e-19,5.45055465198e-19,2.30490031298e-18,1.08044491135e-18,1.6807845792e-18,2.62574092512e-18,2.30545038809e-18,3.86638776686e-18,8.83317307542e-18,1.30485739853e-17,5.26613287326e-18,9.59556724804e-18,6.08190831952e-18,1.70297909648e-17,1.54545048975e-17,2.07263568976e-17,1.39377385499e-17,2.72354609901e-17,2.20223139981e-17,2.01482767634e-17,1.45113932678e-17,1.47118522174e-17,1.6168566907e-17,1.35953411974e-17,1.38880812434e-17,9.79440078778e-18,5.9565060843e-18,2.42138347325e-18,1.51879366394e-18,3.78935522815e-19,4.19138361741e-20],"var":[0.0310277566314,1.14434444904,10.504611969,24.1730804443,249.515838623,386.39956665,336.028747559,802.671691895,1290.9597168,939.618652344,3223.96923828,9768.66113281,7751.16894531,14001.1689453,10692.8378906,7903.59472656,1735.81616211,1876.96850586,2555.94042969,633.265380859,635.747741699,322.738616943,648.675292969,378.050170898,174.080230713,120.418792725,76.714302063,98.8194885254,260.701904297,322.832977295,228.032852173,87.6272354126,19.5891990662,4.28386831284,0.605847716331,0.112666971982,0.0279980227351,0.00501697929576,0.000137657567393,4.20492312969e-7]},"erbbands_crest":{"dmean":1.93474376202,"dmean2":3.00361084938,"dvar":3.18135213852,"dvar2":7.66828203201,"max":26.4363861084,"mean":8.73544979095,"median":7.94148826599,"min":2.58808255196,"var":12.304898262},"erbbands_flatness_db":{"dmean":0.0173725429922,"dmean2":0.022071801126,"dvar":0.000364529987564,"dvar2":0.000605064618867,"max":0.440502583981,"mean":0.173122540116,"median":0.162214577198,"min":0.0300967507064,"var":0.00337334279902},"erbbands_kurtosis":{"dmean":0.655214369297,"dmean2":0.987993121147,"dvar":0.518902957439,"dvar2":1.23708057404,"max":19.0921955109,"mean":1.15308558941,"median":0.842607021332,"min":-1.6922545433,"var":2.62938094139},"erbbands_skewness":{"dmean":0.223300889134,"dmean2":0.336337149143,"dvar":0.0407485105097,"dvar2":0.0960078686476,"max":3.9158680439,"mean":0.578225791454,"median":0.582811057568,"min":-1.84716153145,"var":0.248770967126},"erbbands_spread":{"dmean":4.27705430984,"dmean2":6.11623382568,"dvar":25.2449378967,"dvar2":45.1205863953,"max":136.170562744,"mean":24.3876934052,"median":22.2750377655,"min":1.63293635845,"var":143.545608521},"gfcc":{"cov":[[18391.1015625,381.57611084,-840.684570312,267.030609131,-512.329101562,241.481155396,-441.132110596,-10.4056844711,-488.362426758,-24.5438461304,-192.611740112,89.4955673218,-222.778686523],[381.57611084,1767.49328613,-660.794311523,-116.674743652,49.8287124634,-246.681854248,187.869293213,-33.349811554,150.088256836,-113.778045654,86.3393554688,-60.5456314087,82.6696243286],[-840.684570312,-660.794311523,1047.93566895,-16.377986908,152.057144165,177.737792969,-27.292514801,127.668869019,-18.8822288513,117.717475891,-73.8742599487,54.707660675,-37.9955635071],[267.030609131,-116.674743652,-16.377986908,350.628356934,7.85248088837,160.14630127,-7.44932889938,21.1753082275,-18.9263439178,15.9258260727,10.1880455017,-14.9762926102,-2.58907651901],[-512.329101562,49.8287124634,152.057144165,7.85248088837,280.940673828,14.4669857025,105.062141418,37.7879943848,31.1653823853,26.066362381,6.05070734024,25.1084480286,-3.87058734894],[241.481155396,-246.681854248,177.737792969,160.14630127,14.4669857025,211.896697998,5.17558288574,69.5988082886,-17.3627433777,42.2559165955,-3.78580307961,0.570341289043,-17.4561710358],[-441.132110596,187.869293213,-27.292514801,-7.44932889938,105.062141418,5.17558288574,150.815429688,33.9136543274,63.9566459656,1.55864167213,31.0322227478,7.114320755,8.65371513367],[-10.4056844711,-33.349811554,127.668869019,21.1753082275,37.7879943848,69.5988082886,33.9136543274,113.216079712,29.4621658325,42.8281517029,10.2757043839,15.9927921295,0.341151505709],[-488.362426758,150.088256836,-18.8822288513,-18.9263439178,31.1653823853,-17.3627433777,63.9566459656,29.4621658325,98.8574829102,20.4199638367,29.0952510834,-3.56771874428,19.2655773163],[-24.5438461304,-113.778045654,117.717475891,15.9258260727,26.066362381,42.2559165955,1.55864167213,42.8281517029,20.4199638367,71.0034790039,16.9662380219,17.1530628204,-3.91506004333],[-192.611740112,86.3393554688,-73.8742599487,10.1880455017,6.05070734024,-3.78580307961,31.0322227478,10.2757043839,29.0952510834,16.9662380219,65.2079391479,18.615436554,16.641166687],[89.4955673218,-60.5456314087,54.707660675,-14.9762926102,25.1084480286,0.570341289043,7.114320755,15.9927921295,-3.56771874428,17.1530628204,18.615436554,53.3852539062,12.6480970383],[-222.778686523,82.6696243286,-37.9955635071,-2.58907651901,-3.87058734894,-17.4561710358,8.65371513367,0.341151505709,19.2655773163,-3.91506004333,16.641166687,12.6480970383,47.7725868225]],"icov":[[0.000106336672616,-0.000166909318068,0.00018817736418,-0.00000531079558641,0.000138363262522,-0.000292877637548,0.000209103440284,-0.0000537578162039,0.000330086186295,-0.000401167606469,0.000672344933264,-0.00086847122293,0.000630526512396],[-0.000166909318068,0.00143212708645,0.0000828771517263,0.0000229350571317,-0.000508867495228,0.00141493696719,-0.00099488440901,-0.000761022907682,-0.00101168535184,0.00185088848229,-0.00190628122073,0.00290388148278,-0.00207313150167],[0.00018817736418,0.0000828771517263,0.00245348317549,0.000822262081783,-0.000808008946478,-0.00187076604925,0.00107170583215,-0.000839956686832,-0.0000452699132438,-0.00232756719925,0.00386046408676,-0.00284104351886,0.00102778698783],[-0.00000531079558641,0.0000229350571317,0.000822262081783,0.00530523154885,-0.00109598680865,-0.00513104489073,0.00128009275068,0.00109382520895,-0.0000123938307297,0.0000813490987639,-0.000991976819932,0.00138820975553,-0.00133666058537],[0.000138363262522,-0.000508867495228,-0.000808008946478,-0.00109598680865,0.0063786492683,0.00117819220759,-0.00486487476155,0.000305645313347,0.00171142700128,-0.00253602629527,0.00241332617588,-0.0030648985412,0.00172293337528],[-0.000292877637548,0.00141493696719,-0.00187076604925,-0.00513104489073,0.00117819220759,0.0141643071547,-0.00411498127505,-0.00547274015844,0.00294983526692,-0.000655288400594,-0.00300546828657,0.00580982258543,-0.00125924486201],[0.000209103440284,-0.00099488440901,0.00107170583215,0.00128009275068,-0.00486487476155,-0.00411498127505,0.0161790233105,-0.00167036661878,-0.00751582626253,0.00514840474352,-0.00218105595559,-0.00389622827061,0.00404609693214],[-0.0000537578162039,-0.000761022907682,-0.000839956686832,0.00109382520895,0.000305645313347,-0.00547274015844,-0.00167036661878,0.0163449272513,-0.00334984227084,-0.00533964019269,0.00145438441541,-0.00337228481658,-0.0000321221777995],[0.000330086186295,-0.00101168535184,-0.0000452699132438,-0.0000123938307297,0.00171142700128,0.00294983526692,-0.00751582626253,-0.00334984227084,0.0227619018406,-0.00946445483714,-0.00169318472035,0.0058627538383,-0.00506214704365],[-0.000401167606469,0.00185088848229,-0.00232756719925,0.0000813490987639,-0.00253602629527,-0.000655288400594,0.00514840474352,-0.00533964019269,-0.00946445483714,0.0308193620294,-0.0121936006472,0.000488483870868,0.00220081885345],[0.000672344933264,-0.00190628122073,0.00386046408676,-0.000991976819932,0.00241332617588,-0.00300546828657,-0.00218105595559,0.00145438441541,-0.00169318472035,-0.0121936006472,0.033139821142,-0.0168882831931,0.00154364248738],[-0.00086847122293,0.00290388148278,-0.00284104351886,0.00138820975553,-0.0030648985412,0.00580982258543,-0.00389622827061,-0.00337228481658,0.0058627538383,0.000488483870868,-0.0168882831931,0.0394997186959,-0.0155541785061],[0.000630526512396,-0.00207313150167,0.00102778698783,-0.00133666058537,0.00172293337528,-0.00125924486201,0.00404609693214,-0.0000321221777995,-0.00506214704365,0.00220081885345,0.00154364248738,-0.0155541785061,0.0329542979598]],"mean":[25.306602478,101.569015503,-130.382492065,3.5385427475,-58.4449729919,6.22360467911,-26.0903167725,5.86751413345,-23.6551437378,-6.56271743774,-16.8833866119,0.303049981594,-10.5929861069]},"hfc":{"dmean":5.64072561264,"dmean2":7.98812913895,"dvar":62.3814544678,"dvar2":116.177627563,"max":154.387786865,"mean":29.8022708893,"median":26.3916492462,"min":1.25226939109e-16,"var":251.436401367},"melbands":{"dmean":[0.000526338117197,0.000631579197943,0.000433053588495,0.000572790566366,0.00024567116634,0.00020259534358,0.000211619102629,0.00012530296226,0.000200342212338,0.000196830544155,0.000192782492377,0.000210484329727,0.000134295099997,0.000104976337752,0.0000540998735232,0.0000325613436871,0.0000389649867429,0.0000315938086715,0.0000237843360082,0.0000125075321193,0.0000171286847035,0.00000800506859377,0.0000115419597932,0.00000845743306854,0.00000644367128189,0.00000512046608492,0.00000336141420121,0.00000248592937169,0.00000227180430556,0.000001915770099,0.00000173306273155,0.00000204887692234,0.00000188229921605,0.00000175963486981,0.00000152254096975,0.00000134444121613,0.00000107877826849,7.41176108932e-7,5.33761692623e-7,4.28579028267e-7],"dmean2":[0.000827382376883,0.00106570031494,0.000708003470208,0.000923195970245,0.000389115739381,0.000312026269967,0.000313166121487,0.000198352136067,0.000297246559057,0.000287418835796,0.000289285380859,0.000318201520713,0.000199278380023,0.000162338357768,0.000084268845967,0.0000513332925038,0.0000631155562587,0.0000503478404426,0.0000386425053875,0.0000197374993149,0.0000279699524981,0.0000127945932036,0.0000184349537449,0.0000135743166538,0.0000104336922959,0.00000819764136395,0.00000529559474671,0.00000383316364605,0.00000348065441358,0.00000288646970148,0.00000257108695223,0.00000297811902783,0.00000273258638117,0.00000253117468674,0.00000219475191443,0.00000203561694434,0.00000161584534908,0.0000010879294905,7.90955994034e-7,6.30259023637e-7],"dvar":[0.00000152966651967,0.00000266119650405,4.82958000703e-7,0.00000138859968501,1.46648645227e-7,1.22786516954e-7,9.59210453289e-8,3.51891067396e-8,1.00990732221e-7,8.02557735824e-8,6.49276259423e-8,1.03838658561e-7,4.1405009199e-8,2.47403857401e-8,4.4487902251e-9,3.02331693014e-9,3.14731729567e-9,2.7942905767e-9,1.91644433656e-9,5.28041665948e-10,5.56119816864e-10,2.01606828454e-10,3.86733201019e-10,2.79190365271e-10,1.32230004724e-10,6.38282204868e-11,3.78488212993e-11,2.15923407626e-11,1.58200119671e-11,1.28252799006e-11,1.51735152221e-11,3.25706787929e-11,3.94564277084e-11,4.41757845582e-11,3.89870011275e-11,3.24857085676e-11,1.62254237823e-11,5.75903040534e-12,2.40046242432e-12,1.49242608289e-12],"dvar2":[0.00000318234242513,0.00000719008221495,0.00000121056223179,0.00000326620329361,3.73033856249e-7,2.94728096151e-7,2.23779636599e-7,8.91329534625e-8,2.59603325503e-7,1.81296670121e-7,1.7096765248e-7,2.54412810818e-7,8.89343851895e-8,6.20523010753e-8,1.11280780146e-8,6.86571688391e-9,8.12105582781e-9,6.86540913009e-9,4.60188731566e-9,1.18804177607e-9,1.34704070121e-9,4.87509588254e-10,9.36100197357e-10,6.66852406628e-10,3.21713461426e-10,1.53994136887e-10,8.93090601473e-11,4.74512616699e-11,3.69533605105e-11,3.01850003326e-11,3.40287381606e-11,7.12933115321e-11,8.0919965173e-11,9.30811885902e-11,8.13709377656e-11,7.32336830067e-11,3.63057327257e-11,1.24302642832e-11,5.28659581389e-12,3.44828332555e-12],"max":[0.0150935025886,0.0150639778003,0.0181399043649,0.0242015570402,0.00667027384043,0.00723229115829,0.0101234223694,0.00404855795205,0.00619718059897,0.00667210947722,0.00602779118344,0.00697892624885,0.00572199793532,0.00493499822915,0.0018646059325,0.00182669865899,0.00128154235426,0.00139610830229,0.00171538337599,0.000658801465761,0.000596429104917,0.00037571132998,0.000605556648225,0.0005894866772,0.000517215230502,0.00030845112633,0.000240381050389,0.000165842633578,0.000111499786726,0.0000831780344015,0.000111375913548,0.000281174085103,0.000189076541574,0.000238351392909,0.000210902959225,0.000180687376997,0.000152782886289,0.0000818023108877,0.0000470174272778,0.0000442297350673],"mean":[0.000851311197039,0.000862152606715,0.00107297010254,0.00114580756053,0.000549726537429,0.000472079496831,0.000561606022529,0.00033814823837,0.000508490309585,0.00056472455617,0.000544746639207,0.000472664483823,0.000319977232721,0.000261326087639,0.000138808711199,0.0000684746046318,0.0000822082220111,0.0000679404038237,0.0000464410259156,0.0000276775426755,0.0000344608961313,0.0000174661145138,0.000024900344215,0.0000197045792447,0.0000153001892613,0.0000118827520055,0.00000755430846766,0.00000501352724314,0.00000432380738857,0.00000381948666472,0.000003442537718,0.00000396773384637,0.00000345219905284,0.00000299956695926,0.0000025119379643,0.00000212101963371,0.00000165299024957,0.00000116924286431,8.4176110704e-7,6.46922785563e-7],"median":[0.000370550609659,0.00039313029265,0.000936874188483,0.00073932565283,0.000377785909222,0.000268169853371,0.00038380647311,0.000256469385931,0.000369497167412,0.000398664211389,0.000444884237368,0.000332901923684,0.00020278764714,0.000188635080121,0.000109577078547,0.0000473915679322,0.0000581927597523,0.0000465264674858,0.0000304340010189,0.0000195142692974,0.0000257299925579,0.0000125067163026,0.0000180028819159,0.0000136766248033,0.000011877768884,0.00000914285101317,0.00000509729534315,0.00000283571512227,0.00000252062000072,0.00000211368865166,0.00000135411710289,0.00000152289862854,0.00000114732085876,7.42954227917e-7,6.02660463755e-7,5.29205692601e-7,4.35789729636e-7,3.24133452523e-7,2.33714473552e-7,2.09606312751e-7],"min":[1.20487656435e-23,1.07102509142e-23,2.85671398676e-23,6.66613497322e-24,7.00879327348e-24,1.06418148641e-23,1.5549956744e-23,6.68972112542e-24,4.46057257337e-24,1.48484558731e-23,5.13627019845e-24,7.05145092693e-24,7.84963695691e-24,8.20678426542e-24,7.15198809385e-24,1.04462388908e-23,1.61023061057e-23,2.27304179833e-23,8.66175821478e-24,7.01828563675e-24,1.18838661042e-23,5.45042419319e-24,1.0359640896e-23,1.6971870637e-23,1.13376146372e-23,1.57541076353e-23,1.20392661805e-23,7.85999627832e-24,1.75071190721e-23,1.45340048722e-23,1.19708230306e-23,1.11530282851e-23,1.04999382303e-23,7.67510937024e-24,7.5457196157e-24,1.06841688061e-23,9.30956921243e-24,9.07553390337e-24,1.05824625473e-23,1.18390154174e-23],"var":[0.00000207356583815,0.00000238621555582,9.49921229676e-7,0.00000214104352381,3.11520778951e-7,3.64428899502e-7,3.31537393095e-7,9.89340946944e-8,2.39990527007e-7,3.36004120527e-7,1.90900053099e-7,2.48671653935e-7,1.9340185986e-7,1.03102649973e-7,1.46058107831e-8,7.69373542653e-9,7.30632576662e-9,6.06281869153e-9,3.95088184391e-9,1.15339304774e-9,1.05278574747e-9,3.45103667865e-10,6.54825527135e-10,8.24230184104e-10,2.41621278541e-10,1.23553431375e-10,8.300040516e-11,4.86969804758e-11,3.16048055782e-11,2.9236609661e-11,3.74110360746e-11,8.38555197502e-11,1.00623127886e-10,1.06630780594e-10,8.88807152877e-11,5.52296680612e-11,2.67283868649e-11,1.16318942325e-11,5.11128422573e-12,2.61836884639e-12]},"melbands_crest":{"dmean":2.26805400848,"dmean2":3.64358663559,"dvar":6.11722993851,"dvar2":14.3966884613,"max":33.7289123535,"mean":9.9546661377,"median":8.89700222015,"min":2.58772039413,"var":17.6410045624},"melbands_flatness_db":{"dmean":0.0158552546054,"dmean2":0.0225417744368,"dvar":0.000254187005339,"dvar2":0.000530127377715,"max":0.485613822937,"mean":0.177807971835,"median":0.170372202992,"min":0.00572929298505,"var":0.00315081956796},"melbands_kurtosis":{"dmean":1.5135461092,"dmean2":2.32985663414,"dvar":8.67549991608,"dvar2":18.3959598541,"max":272.821746826,"mean":3.21248292923,"median":2.25870156288,"min":-1.19581770897,"var":43.2095336914},"melbands_skewness":{"dmean":0.34145963192,"dmean2":0.519679248333,"dvar":0.144412204623,"dvar2":0.3161714077,"max":12.6568584442,"mean":1.23331642151,"median":1.18096828461,"min":-1.97293317318,"var":0.641657590866},"melbands_spread":{"dmean":3.69890356064,"dmean2":5.62022256851,"dvar":22.7002258301,"dvar2":47.5145149231,"max":134.335891724,"mean":24.022359848,"median":22.3865718842,"min":1.30632591248,"var":159.427429199},"mfcc":{"cov":[[7617.52734375,-236.80267334,43.9729652405,120.556388855,118.764450073,220.101303101,129.788894653,58.9667701721,-98.4065856934,-68.1570739746,-100.900718689,-24.4207744598,-89.7706832886],[-236.80267334,1391.21984863,-423.078796387,82.5938110352,-110.260620117,-108.366699219,-31.8318309784,63.542755127,48.3201980591,-2.21816301346,67.226348877,-23.455657959,56.7172279358],[43.9729652405,-423.078796387,704.530395508,-69.9836883545,147.541412354,31.3880519867,45.517791748,-10.2670059204,47.8417243958,63.8564338684,-22.4626464844,59.4906959534,-18.5787677765],[120.556388855,82.5938110352,-69.9836883545,164.802871704,39.4061889648,56.4247589111,33.869102478,31.0732002258,14.8077106476,-1.86051797867,13.7155895233,-0.858282804489,17.1069431305],[118.764450073,-110.260620117,147.541412354,39.4061889648,162.625167847,53.90990448,62.3113861084,16.5022773743,31.7801074982,26.9455299377,-1.43533301353,22.0461559296,-1.4860560894],[220.101303101,-108.366699219,31.3880519867,56.4247589111,53.90990448,119.820007324,56.073890686,28.1569805145,10.3125076294,16.1524524689,14.0343027115,1.78815150261,-2.64250707626],[129.788894653,-31.8318309784,45.517791748,33.869102478,62.3113861084,56.073890686,104.314575195,48.3472862244,25.5181407928,17.7763843536,16.1141490936,23.6542453766,12.3934307098],[58.9667701721,63.542755127,-10.2670059204,31.0732002258,16.5022773743,28.1569805145,48.3472862244,78.3463363647,34.1289405823,16.6245098114,18.8035869598,13.5110740662,19.7210559845],[-98.4065856934,48.3201980591,47.8417243958,14.8077106476,31.7801074982,10.3125076294,25.5181407928,34.1289405823,73.656211853,36.8625793457,17.172039032,19.574596405,16.1834774017],[-68.1570739746,-2.21816301346,63.8564338684,-1.86051797867,26.9455299377,16.1524524689,17.7763843536,16.6245098114,36.8625793457,66.4781494141,29.5443229675,19.934753418,8.49293899536],[-100.900718689,67.226348877,-22.4626464844,13.7155895233,-1.43533301353,14.0343027115,16.1141490936,18.8035869598,17.172039032,29.5443229675,60.8929252625,19.910036087,16.7672462463],[-24.4207744598,-23.455657959,59.4906959534,-0.858282804489,22.0461559296,1.78815150261,23.6542453766,13.5110740662,19.574596405,19.934753418,19.910036087,57.2931594849,23.6692237854],[-89.7706832886,56.7172279358,-18.5787677765,17.1069431305,-1.4860560894,-2.64250707626,12.3934307098,19.7210559845,16.1834774017,8.49293899536,16.7672462463,23.6692237854,63.0446434021]],"icov":[[0.000151372834807,-0.0000252740210271,-9.60178340392e-7,-0.0000335320328304,-0.0000220716556214,-0.000263224937953,-0.0000596494101046,-0.000174893342773,0.000297318561934,-0.00000225050303015,0.000331009272486,-0.000160444236826,0.000198161433218],[-0.0000252740210271,0.00116371188778,0.000485482392833,-0.000577241415158,0.000102233614598,0.00152409158181,0.00000311742451231,-0.000622487277724,-0.000881661311723,0.0000638018827885,-0.00113850831985,0.000813250662759,-0.000307606474962],[-9.60178340392e-7,0.000485482392833,0.00257069757208,0.000997503637336,-0.00163236784283,0.0000695140261087,0.0000899759761523,0.000342086364981,-0.000883404281922,-0.00156474974938,0.00144442531746,-0.00186953344382,0.000643805367872],[-0.0000335320328304,-0.000577241415158,0.000997503637336,0.0092612458393,-0.00255427719094,-0.00427010469139,0.00076280196663,-0.000955419091042,-0.00099875847809,0.00227556447499,-0.000552044890355,0.000401812110795,-0.00189196830615],[-0.0000220716556214,0.000102233614598,-0.00163236784283,-0.00255427719094,0.0114229628816,-0.00145276694093,-0.00509015377611,0.00273068086244,-0.00242311833426,-0.00170045625418,0.0025094198063,-0.00108300242573,0.00103373720776],[-0.000263224937953,0.00152409158181,0.0000695140261087,-0.00427010469139,-0.00145276694093,0.0164191424847,-0.00544126611203,-0.00164954026695,0.00106874259654,-0.00222804700024,-0.00395954539999,0.00438746158034,0.00110449979547],[-0.0000596494101046,0.00000311742451231,0.0000899759761523,0.00076280196663,-0.00509015377611,-0.00544126611203,0.0204882137477,-0.00939987320453,0.000566498958506,0.00168499571737,-0.00108293746598,-0.00459777936339,-0.0000617112018517],[-0.000174893342773,-0.000622487277724,0.000342086364981,-0.000955419091042,0.00273068086244,-0.00164954026695,-0.00939987320453,0.0239803232253,-0.00816705450416,0.000404660298955,-0.00106569344644,0.000765877310187,-0.00294934981503],[0.000297318561934,-0.000881661311723,-0.000883404281922,-0.00099875847809,-0.00242311833426,0.00106874259654,0.000566498958506,-0.00816705450416,0.0254225861281,-0.0107210474089,0.00249034608714,-0.00201206281781,-0.00133033655584],[-0.00000225050303015,0.0000638018827885,-0.00156474974938,0.00227556447499,-0.00170045625418,-0.00222804700024,0.00168499571737,0.000404660298955,-0.0107210474089,0.0287733227015,-0.0121223386377,-0.000795087195002,0.000667995016556],[0.000331009272486,-0.00113850831985,0.00144442531746,-0.000552044890355,0.0025094198063,-0.00395954539999,-0.00108293746598,-0.00106569344644,0.00249034608714,-0.0121223386377,0.0285940337926,-0.00811031181365,-0.00105568475556],[-0.000160444236826,0.000813250662759,-0.00186953344382,0.000401812110795,-0.00108300242573,0.00438746158034,-0.00459777936339,0.000765877310187,-0.00201206281781,-0.000795087195002,-0.00811031181365,0.0291473623365,-0.00895977951586],[0.000198161433218,-0.000307606474962,0.000643805367872,-0.00189196830615,0.00103373720776,0.00110449979547,-0.0000617112018517,-0.00294934981503,-0.00133033655584,0.000667995016556,-0.00105568475556,-0.00895977951586,0.0220252610743]],"mean":[-609.356140137,141.384658813,-18.9387989044,4.79950666428,-12.3958015442,-1.6959322691,-0.550796627998,8.23595333099,-1.40824735165,-1.78232502937,-1.44106185436,-5.94590473175,-4.32804870605]},"pitch_salience":{"dmean":0.0504635870457,"dmean2":0.0797541365027,"dvar":0.00229833018966,"dvar2":0.00560548482463,"max":0.889053463936,"mean":0.661550581455,"median":0.669984936714,"min":0.273124843836,"var":0.00764422304928},"silence_rate_20dB":{"dmean":0,"dmean2":0,"dvar":0,"dvar2":0,"max":1,"mean":1,"median":1,"min":1,"var":0},"silence_rate_30dB":{"dmean":0,"dmean2":0,"dvar":0,"dvar2":0,"max":1,"mean":1,"median":1,"min":1,"var":0},"silence_rate_60dB":{"dmean":0.00057770073181,"dmean2":0.00115551275667,"dvar":0.00057736702729,"dvar2":0.00115417758934,"max":1,"mean":0.0235871765763,"median":0,"min":0,"var":0.023030821234},"spectral_centroid":{"dmean":131.310745239,"dmean2":195.137741089,"dvar":27468.4472656,"dvar2":50339.0859375,"max":11107.4140625,"mean":1200.57824707,"median":1136.82006836,"min":206.495651245,"var":215535.015625},"spectral_complexity":{"dmean":3.32331991196,"dmean2":5.13548374176,"dvar":9.62067127228,"dvar2":19.7111587524,"max":54,"mean":27.5001449585,"median":28,"min":0,"var":59.9453887939},"spectral_contrast_coeffs":{"dmean":[0.0469778962433,0.0391834825277,0.0327796563506,0.0255042649806,0.0185204502195,0.0184754747897],"dmean2":[0.0766354203224,0.06385756284,0.0526301413774,0.0422605164349,0.0302908085287,0.027409683913],"dvar":[0.00173422729131,0.00106416014023,0.000693599518854,0.000399336480768,0.000216120824916,0.000299495237414],"dvar2":[0.00421945331618,0.0028263789136,0.00183099426795,0.00109706528019,0.000545804097783,0.000615995493717],"max":[-0.306873887777,-0.518842339516,-0.526661574841,-0.619126498699,-0.667678594589,-0.600279450417],"mean":[-0.617891252041,-0.732394516468,-0.733466923237,-0.788935482502,-0.792250096798,-0.754046857357],"median":[-0.621595621109,-0.73314422369,-0.736558198929,-0.790786445141,-0.791527867317,-0.753898978233],"min":[-0.961587309837,-0.960545420647,-0.9631498456,-0.952214717865,-0.962747454643,-0.96497797966],"var":[0.00831241626292,0.00386736332439,0.00337064266205,0.00157527904958,0.00110547128133,0.00198108772747]},"spectral_contrast_valleys":{"dmean":[0.370197057724,0.28290271759,0.225949987769,0.207041621208,0.1818716079,0.331871896982],"dmean2":[0.594747960567,0.463647097349,0.366563141346,0.333703041077,0.270831227303,0.395570963621],"dvar":[0.125484213233,0.0671562030911,0.0446462891996,0.0411909930408,0.0404885038733,0.154944583774],"dvar2":[0.271920055151,0.158145308495,0.0942943394184,0.0807625502348,0.0630740970373,0.251637965441],"max":[-5.40356254578,-4.69460439682,-5.02250623703,-5.9188117981,-5.28059196472,-7.41154766083],"mean":[-7.36971712112,-6.1999797821,-6.34581184387,-7.1148815155,-7.29589939117,-10.260228157],"median":[-7.05384397507,-6.01196622849,-6.12222146988,-6.8929233551,-7.08690643311,-9.95021152496],"min":[-27.4609489441,-27.3556957245,-27.2147502899,-27.4833240509,-27.1798610687,-27.1064472198],"var":[2.30955076218,1.89558768272,1.9502030611,1.79067957401,1.76516473293,2.07802557945]},"spectral_decrease":{"dmean":1.70000724609e-9,"dmean2":2.5767865619e-9,"dvar":4.99776280891e-18,"dvar2":1.08453139037e-17,"max":3.30705252518e-29,"mean":-8.721650957e-9,"median":-8.25521873082e-9,"min":-3.12077332865e-8,"var":1.39630188438e-17},"spectral_energy":{"dmean":0.00675711967051,"dmean2":0.0101884361356,"dvar":0.000076217474998,"dvar2":0.000163564109243,"max":0.122507467866,"mean":0.0356206893921,"median":0.0338842533529,"min":1.12336361687e-20,"var":0.000225594660151},"spectral_energyband_high":{"dmean":0.00038523870171,"dmean2":0.000513452105224,"dvar":8.08227298421e-7,"dvar2":0.00000147742468926,"max":0.0191675946116,"mean":0.000829287222587,"median":0.000374664348783,"min":8.02796232824e-21,"var":0.00000250833431892},"spectral_energyband_low":{"dmean":0.00302774831653,"dmean2":0.00475528091192,"dvar":0.0000476696004625,"dvar2":0.000109290624096,"max":0.066239349544,"mean":0.00563859241083,"median":0.00371300522238,"min":1.16470465894e-22,"var":0.0000612925432506},"spectral_energyband_middle_high":{"dmean":0.00230994238518,"dmean2":0.00345272268169,"dvar":0.00000736427500669,"dvar2":0.0000172155923792,"max":0.0545062422752,"mean":0.0113238338381,"median":0.0101617239416,"min":1.70099333019e-21,"var":0.0000358763682016},"spectral_energyband_middle_low":{"dmean":0.0043291891925,"dmean2":0.00661638006568,"dvar":0.0000329807116941,"dvar2":0.0000748870807001,"max":0.109776958823,"mean":0.0195431225002,"median":0.0180541072041,"min":3.2649188343e-22,"var":0.00010240667325},"spectral_entropy":{"dmean":0.107934765518,"dmean2":0.143533229828,"dvar":0.0125297214836,"dvar2":0.020687090233,"max":9.80821895599,"mean":7.59098672867,"median":7.62210559845,"min":5.01233148575,"var":0.194748699665},"spectral_flux":{"dmean":0.0195532292128,"dmean2":0.0304944850504,"dvar":0.000560746819247,"dvar2":0.00126882141922,"max":0.277039647102,"mean":0.0805093869567,"median":0.0747257843614,"min":1.05988849641e-10,"var":0.00152679928578},"spectral_kurtosis":{"dmean":2.16104269028,"dmean2":3.67913532257,"dvar":15.4824008942,"dvar2":50.350276947,"max":137.621841431,"mean":7.88012742996,"median":5.59479761124,"min":-1.19864010811,"var":163.853134155},"spectral_rms":{"dmean":0.000528287782799,"dmean2":0.000788184115663,"dvar":3.9911074623e-7,"dvar2":8.30604165003e-7,"max":0.0109324967489,"mean":0.00572179816663,"median":0.00574959209189,"min":3.31053543953e-12,"var":0.00000201291982194},"spectral_rolloff":{"dmean":237.806503296,"dmean2":385.159240723,"dvar":322271,"dvar2":618411.1875,"max":19466.015625,"mean":1527.48913574,"median":1162.79296875,"min":129.19921875,"var":3404304.5},"spectral_skewness":{"dmean":0.220772460103,"dmean2":0.356159508228,"dvar":0.0676977932453,"dvar2":0.204962179065,"max":9.83322715759,"mean":1.91078352928,"median":1.77933180332,"min":-0.0153078446165,"var":0.848448038101},"spectral_spread":{"dmean":510404.25,"dmean2":670013.0625,"dvar":460965445632,"dvar2":779842748416,"max":40137712,"mean":3952507,"median":3740594.5,"min":664026.4375,"var":2682262126590},"spectral_strongpeak":{"dmean":0.631862640381,"dmean2":1.07929813862,"dvar":0.725409984589,"dvar2":1.75200402737,"max":10.6585521698,"mean":1.43223428726,"median":1.07242250443,"min":0,"var":1.58034002781},"zerocrossingrate":{"dmean":0.0073519567959,"dmean2":0.00875027291477,"dvar":0.0000952785121626,"dvar2":0.000125216232846,"max":0.5234375,"mean":0.0600668676198,"median":0.0517578125,"min":0.005859375,"var":0.00194252165966}},"metadata":{"audio_properties":{"analysis_sample_rate":44100,"bit_rate":0,"codec":"flac","downmix":"mix","equal_loudness":0,"length":241.160003662,"lossless":true,"md5_encoded":"29b273b98ba9a7df53c3e7c8174f305a","replay_gain":-14.9064388275},"tags":{"acoustid_id":["6bb60992-a113-45fb-96d8-94374cbb333b"],"album":["In Time: The Best of R.E.M. 1988-2003"],"albumartist":["R.E.M."],"albumartistsort":["R.E.M."],"artist":["R.E.M."],"artists":["R.E.M."],"artistsort":["R.E.M."],"asin":["B0000CC6QF"],"barcode":["093624838128"],"catalognumber":["48381-2"],"composer":["Bill Berry","Peter Buck","Mike Mills","Michael Stipe"],"composersort":["Berry, Bill","Buck, Peter","Mills, Mike","Stipe, Michael"],"date":["2003-10-28"],"discnumber":["1"],"disctotal":["1"],"engineer":["Pat McCarthy"],"file_name":"04 What's the Frequency, Kenneth_.flac","genre":["Alternative"],"grouping":["Rock"],"isrc":["USWB19901508"],"label":["Warner Bros. Records"],"language":["eng"],"media":["CD"],"mood":["Melancholy; Mellow; Sad"],"musicbrainz_albumartistid":["ea4dfa26-f633-4da6-a52a-f49ea4897b58"],"musicbrainz_albumid":["daee9bca-0624-396c-a431-5185f534836b"],"musicbrainz_artistid":["ea4dfa26-f633-4da6-a52a-f49ea4897b58"],"musicbrainz_recordingid":["1bd27385-0fba-4a56-b217-73f8cdc41375"],"musicbrainz_releasegroupid":["8d6d044d-0d8f-3764-ae5a-c364473baaff"],"musicbrainz_releasetrackid":["aeca81d5-f4e3-3709-80cb-411ec5bf5017"],"musicbrainz_workid":["3aa3ad38-2dcd-3a74-87fa-dd632a545533"],"originaldate":["2003-10-27"],"originalyear":["2003"],"producer":["Scott Litt","R.E.M."],"releasecountry":["US"],"releasestatus":["official"],"releasetype":["album","compilation"],"replaygain_album_gain":["-9.32 dB"],"replaygain_album_peak":["0.979950"],"replaygain_track_gain":["-10.57 dB"],"replaygain_track_peak":["0.965027"],"script":["Latn"],"title":["What's the Frequency, Kenneth?"],"totaldiscs":["1"],"totaltracks":["18"],"tracknumber":["4"],"tracktotal":["18"],"work":["What's the Frequency, Kenneth?"]},"version":{"essentia":"2.1-beta1","ess