{"lowlevel":{"average_loudness":0.901319921017,"barkbands":{"dmean":[0.0000559043764952,0.000641905993689,0.00158613780513,0.00150017952546,0.0017817436019,0.000961860991083,0.000611267285421,0.000292552344035,0.000596839061473,0.000390743778553,0.000294998520985,0.00032367699896,0.000257639912888,0.000233766942983,0.000299407023704,0.000337516219588,0.000447346857982,0.000171528634382,0.000126539976918,0.0000589033734286,0.00003738518717,0.0000225928451982,0.0000241565940087,0.0000364207371604,0.0000255184677371,0.000013973395653,0.00000114543968266],"dmean2":[0.0000922957115108,0.0011037416989,0.0027519739233,0.00267323642038,0.00303306360729,0.00149637635332,0.00100741500501,0.000456680572825,0.000918209378142,0.000608271278907,0.00044598383829,0.000472881452879,0.000389936438296,0.000348062312696,0.00043323423597,0.000497079279739,0.000658550416119,0.000252905942034,0.000175918554305,0.0000850939468364,0.0000591077696299,0.0000337486089848,0.0000357918543159,0.0000548847929167,0.0000367400461982,0.000019227998564,0.00000178959430741],"dvar":[9.68297175774e-9,0.00000274263925348,0.0000196801847778,0.0000156946880452,0.00000768355403125,0.00000269243400908,0.00000128428280277,3.93668955212e-7,0.00000204496586775,0.00000215151840166,8.73179772043e-7,0.00000142854196383,0.00000117298588975,0.00000124065786622,0.00000107433675112,0.00000150807750288,0.00000185425994914,2.28395109048e-7,9.39965829616e-8,2.16468247771e-8,8.3978735077e-9,2.96361557517e-9,4.74154537855e-9,9.27344334656e-9,2.99631675027e-9,9.53450651764e-10,8.02671644429e-12],"dvar2":[2.95627380353e-8,0.00000765036384109,0.000056875822338,0.0000431634616689,0.0000213236762647,0.00000657320742903,0.00000337468350153,8.59280760324e-7,0.00000480490825794,0.0000045288338697,0.00000180833319519,0.00000289399963549,0.00000270949817605,0.00000282023097498,0.00000194056383407,0.00000288131673187,0.0000035786351873,4.8021144039e-7,1.80906013725e-7,4.6962689737e-8,2.0035207271e-8,6.19214457487e-9,1.16690070939e-8,1.98401544083e-8,6.8445173973e-9,2.09365635939e-9,1.953640201e-11],"max":[0.00223623053171,0.0230129919946,0.0878967940807,0.0822557136416,0.0323132090271,0.0286525301635,0.0235375799239,0.0273449867964,0.0402678921819,0.0676216185093,0.03923458606,0.0326619148254,0.0309276822954,0.0498546175659,0.0482805892825,0.0510281734169,0.0457710139453,0.0143842948601,0.00622001290321,0.0064250100404,0.00196724105626,0.0016159809893,0.00265935971402,0.00475295959041,0.00101040734444,0.000364085717592,0.0000365365267498],"mean":[0.00019524327945,0.00114695471711,0.00302552641369,0.00161190947983,0.00294193183072,0.00179901206866,0.0010678069666,0.000503978226334,0.00126689730678,0.000640423153527,0.000498104200233,0.000545160262845,0.000425153382821,0.000385322695365,0.000490729697049,0.000580959313083,0.000865528243594,0.000340281432727,0.000258404324995,0.00010567469144,0.0000444401302957,0.0000294023338938,0.0000360243284376,0.000050683018344,0.000038409660192,0.0000185053522728,0.00000102785713807],"median":[0.000193047919311,0.000348512287019,0.00178948347457,0.000656515941955,0.00195719953626,0.00099867687095,0.000565255642869,0.00022029390675,0.000624756037723,0.000197190980543,0.000179506925633,0.000147657396155,0.0000805117742857,0.0000549274300283,0.000102704492747,0.0000861729276949,0.00016093517479,0.0000545070070075,0.0000376010902983,0.0000209340087167,0.00000752525829739,0.00000764050128055,0.000013221615518,0.0000180102651939,0.0000132447648866,0.0000042601250243,5.25847525523e-8],"min":[1.39956077975e-25,1.75662027817e-24,1.19961407325e-24,2.72179075755e-25,7.13252058444e-24,6.67357629814e-24,3.29342249296e-24,5.16656403493e-24,1.12004609136e-23,1.32184964824e-23,2.43031104111e-24,1.78039958297e-23,1.39389860241e-23,2.48653942927e-23,3.48153252892e-23,4.44926795994e-23,5.98427358346e-23,6.89134687305e-23,8.61355392254e-23,1.55628902763e-22,2.40304121613e-22,2.74123080869e-22,3.37808768381e-22,5.66279193865e-22,7.95852711953e-22,1.11512105287e-21,2.00024207265e-21],"var":[9.75579261819e-9,0.00000416280363424,0.0000178891477844,0.0000137441074912,0.0000104502260001,0.00000536619472769,0.00000218101081373,0.00000116003093353,0.00000523033486388,0.00000438922597823,0.00000171933459114,0.00000289283207167,0.00000241824909608,0.00000246172680818,0.00000335985805577,0.00000383940050597,0.00000622370589554,7.15405519713e-7,3.07926825371e-7,5.76041117029e-8,1.11318003704e-8,4.85022821906e-9,5.54343415615e-9,1.21285630428e-8,4.3800665317e-9,1.33090982679e-9,7.57942146545e-12]},"barkbands_crest":{"dmean":2.03640270233,"dmean2":3.3376326561,"dvar":3.28264212608,"dvar2":8.58022785187,"max":22.5046596527,"mean":9.13093280792,"median":8.60756587982,"min":2.68547058105,"var":9.44587802887},"barkbands_flatness_db":{"dmean":0.019421627745,"dmean2":0.0288873426616,"dvar":0.000378320663003,"dvar2":0.00083479116438,"max":0.45077714324,"mean":0.139486938715,"median":0.135622724891,"min":0.0341876521707,"var":0.00240127230063},"barkbands_kurtosis":{"dmean":2.59396457672,"dmean2":4.26579093933,"dvar":17.9613437653,"dvar2":48.7138710022,"max":106.909172058,"mean":4.75479745865,"median":3.16837930679,"min":-1.87597048283,"var":45.9299049377},"barkbands_skewness":{"dmean":0.481652915478,"dmean2":0.756765007973,"dvar":0.291795969009,"dvar2":0.704613268375,"max":9.78203678131,"mean":1.46041059494,"median":1.56306707859,"min":-2.66134881973,"var":1.67303133011},"barkbands_spread":{"dmean":4.36490917206,"dmean2":6.8601140976,"dvar":28.2431106567,"dvar2":65.5442810059,"max":108.507530212,"mean":17.821023941,"median":15.6434497833,"min":2.19499468803,"var":97.8483123779},"dissonance":{"dmean":0.019256554544,"dmean2":0.0322973355651,"dvar":0.00033941748552,"dvar2":0.000909565016627,"max":0.500000178814,"mean":0.458943754435,"median":0.465071231127,"min":0.280363976955,"var":0.000840413151309},"dynamic_complexity":3.19311833382,"erbbands":{"dmean":[0.00915309879929,0.195499226451,1.45918929577,3.60810065269,5.29046869278,7.04055738449,5.39763402939,9.37921524048,8.52497291565,7.85297679901,8.38508796692,12.765709877,13.4465332031,11.5649862289,10.1671638489,13.1579446793,11.5951795578,11.4238805771,12.0201597214,15.3755655289,20.1621799469,23.2021865845,9.42269802094,7.30234909058,4.89626836777,2.89357161522,1.65702700615,1.29479539394,0.83002024889,0.68168669939,0.745223641396,0.768576562405,0.576516747475,0.311339080334,0.178031012416,0.0679140836,0.023597324267,0.00492872204632,0.000115850183647,0.00000899264523468],"dmean2":[0.0148556055501,0.341347873211,2.52589058876,6.39890480042,9.45621776581,11.8476572037,8.53915786743,14.7348661423,13.6485948563,12.7956151962,13.0205316544,19.7131195068,20.6842460632,17.9072780609,14.9153108597,19.1028423309,17.3936538696,16.4125537872,17.7235736847,21.6747169495,29.2715206146,33.5751037598,13.3685274124,9.96129798889,6.88252401352,4.16354751587,2.49793219566,2.05753850937,1.23107969761,1.03959012032,1.12177419662,1.15937483311,0.878980875015,0.466387331486,0.250717490911,0.0960808694363,0.0322797037661,0.00716278422624,0.00016847862571,0.0000128711180878],"dvar":[0.000664669554681,0.256972402334,14.9438009262,97.8295669556,179.086868286,83.446723938,127.553520203,288.031890869,202.999420166,311.673278809,300.49005127,962.578979492,2833.36791992,966.527282715,1644.30041504,2381.17504883,2206.08081055,3390.28198242,1714.87902832,2821.14257812,5558.109375,4188.84960938,605.200378418,313.485351562,194.448822021,63.4174118042,15.9374923706,13.0605840683,4.30787420273,2.73876953125,5.44402742386,4.88792467117,1.82795405388,0.449565351009,0.145941570401,0.0219962410629,0.0026924200356,0.000134783724206,7.15034573773e-8,2.37336011955e-10],"dvar2":[0.00164247781504,0.73614692688,43.2935333252,266.79864502,520.487548828,230.537368774,272.25012207,727.540527344,485.097900391,799.919128418,680.633728027,2257.21191406,5761.05810547,2246.84838867,3476.23144531,4802.79443359,4959.21728516,7472.11816406,3399.70410156,5284.87988281,10831.9970703,8008.20947266,1178.44506836,557.882263184,421.865142822,140.521408081,35.9405708313,31.3409919739,8.9167137146,6.04992055893,13.920800209,10.6138420105,4.09730625153,1.04693889618,0.323147326708,0.0489428043365,0.00575522240251,0.000308585382299,1.64808611203e-7,5.02120567347e-10],"max":[0.320807397366,6.44551086426,70.7333526611,194.923400879,218.308380127,126.367286682,224.185073853,309.698913574,307.259613037,495.249786377,647.406860352,961.70703125,2630.7902832,1059.94787598,1835.40380859,1347.19995117,1212.42358398,2916.65551758,1442.77172852,2104.60913086,3448.30859375,2287.11328125,631.156494141,459.569732666,418.027008057,380.743133545,78.4127578735,147.74005127,61.2628135681,45.2761573792,102.280715942,111.64138031,48.8233795166,11.6749916077,8.43896770477,1.45584106445,0.60038203001,0.146710276604,0.00314990663901,0.000209045931115],"mean":[0.013278529048,0.369523853064,2.97757291794,4.73534154892,6.22753190994,12.1739749908,10.767786026,16.6563835144,16.4826908112,12.6929588318,16.2571811676,27.3677005768,25.0528240204,20.429643631,18.4372634888,23.0067272186,20.9719676971,21.0223197937,21.2943439484,26.9902229309,41.7450332642,46.732334137,21.2485713959,15.6391324997,9.60832023621,5.37944316864,2.39251255989,1.46426165104,1.08184456825,0.925726175308,1.11321818829,1.08844566345,0.768669307232,0.448911190033,0.276218861341,0.0952170267701,0.0308019015938,0.00515988655388,0.000128572442918,0.0000264446989604],"median":[0.00417647371069,0.166839808226,1.78895246983,2.58995628357,3.26319885254,7.9235458374,5.86600446701,8.9581861496,9.71775341034,5.80153799057,7.97582578659,13.2657394409,7.70401525497,8.65434932709,7.11143684387,6.06712198257,4.74565315247,2.84937524796,4.98626899719,5.75424575806,6.38356494904,9.30494880676,3.98512291908,2.50811767578,1.48355853558,1.09288811684,0.482014477253,0.253176212311,0.266079038382,0.280981391668,0.421598166227,0.3894071877,0.258538931608,0.156653761864,0.097223803401,0.0266285147518,0.00610006740317,0.00052706815768,0.000023720689569,0.0000191242143046],"min":[9.58672807618e-23,4.41001417819e-22,2.39277198895e-21,2.30828041692e-21,1.13226679445e-20,2.7525905067e-20,4.71872321326e-20,6.64654873329e-20,9.0929166541e-20,8.90236913765e-20,1.79780778501e-19,2.63049845442e-19,4.4148929888e-19,7.17009409044e-19,5.87253050172e-19,7.74916187826e-19,1.34144562362e-18,1.55715137311e-18,2.61940327406e-18,3.34414997546e-18,3.3352056715e-18,4.17976307397e-18,3.97867050398e-18,4.90483030786e-18,5.1342811108e-18,8.26059203797e-18,8.7522326253e-18,9.53709054181e-18,8.04888260481e-18,1.03992865369e-17,9.92585633073e-18,9.57832053226e-18,1.0599683448e-17,8.31406016558e-18,5.99091348906e-18,3.60304365192e-18,2.16970115738e-18,8.74527603635e-19,2.3358704204e-19,2.77986840299e-20],"var":[0.000717068323866,0.353423416615,14.6843767166,83.2875137329,134.153305054,169.693145752,301.7762146,499.907592773,443.176300049,465.239898682,810.193847656,2361.66821289,7588.12109375,1611.99487305,2618.23632812,5219.35449219,5035.64111328,7628.01904297,4828.78662109,7551.33984375,17820.4453125,15465.8837891,2282.84667969,1214.5090332,468.477874756,171.256195068,27.5037765503,16.3506965637,7.09029054642,4.00039672852,5.60938358307,6.25240182877,2.32946968079,0.607018828392,0.225109815598,0.0310631841421,0.00386455329135,0.000153413886437,8.1236244398e-8,5.56222234938e-10]},"erbbands_crest":{"dmean":2.21892428398,"dmean2":3.52306747437,"dvar":4.80257511139,"dvar2":11.7296848297,"max":31.1976242065,"mean":8.94236373901,"median":7.82859516144,"min":2.4101369381,"var":19.437461853},"erbbands_flatness_db":{"dmean":0.0176401268691,"dmean2":0.0251424890012,"dvar":0.000360435951734,"dvar2":0.000670248817187,"max":0.405136674643,"mean":0.165930211544,"median":0.157688841224,"min":0.0368997938931,"var":0.00260184169747},"erbbands_kurtosis":{"dmean":1.07798910141,"dmean2":1.68800544739,"dvar":7.3514585495,"dvar2":17.4981079102,"max":228.398895264,"mean":1.8792232275,"median":0.428614139557,"min":-1.81260859966,"var":131.514221191},"erbbands_skewness":{"dmean":0.342610776424,"dmean2":0.523301959038,"dvar":0.12456034869,"dvar2":0.254830926657,"max":12.4952821732,"mean":0.352939337492,"median":0.524802923203,"min":-3.61744832993,"var":1.45171010494},"erbbands_spread":{"dmean":6.94231081009,"dmean2":10.8015460968,"dvar":77.750213623,"dvar2":180.557723999,"max":162.906616211,"mean":32.530582428,"median":31.0908069611,"min":1.44811046124,"var":224.702087402},"gfcc":{"cov":[[36379.7539062,1740.51904297,-3706.91186523,276.657348633,-1653.6451416,269.865783691,-1530.9609375,578.465942383,-867.686889648,-109.993591309,-719.21307373,-30.5388622284,-508.281280518],[1740.51904297,995.758178711,-268.984924316,-64.2647781372,-23.4122867584,-28.047000885,-75.983795166,-15.5220060349,-15.8319177628,-76.4218215942,55.3925704956,-77.6837768555,-12.3304777145],[-3706.91186523,-268.984924316,1304.98547363,-35.2420310974,2.69240927696,254.730072021,89.2858123779,-95.5469665527,25.9980335236,80.5225830078,-27.7705860138,98.3792114258,19.2086277008],[276.657348633,-64.2647781372,-35.2420310974,322.307861328,65.5154037476,-58.6343917847,-42.5396766663,25.121881485,37.122303009,-8.96706390381,14.0503692627,-16.436340332,10.6530885696],[-1653.6451416,-23.4122867584,2.69240927696,65.5154037476,283.639312744,-43.5493354797,97.0729293823,24.8749675751,86.6449966431,9.76277065277,68.9651031494,-31.289276123,23.7446403503],[269.865783691,-28.047000885,254.730072021,-58.6343917847,-43.5493354797,243.902038574,31.0590667725,2.09962439537,-35.0937576294,39.545917511,-37.511089325,25.7067337036,-20.2386493683],[-1530.9609375,-75.983795166,89.2858123779,-42.5396766663,97.0729293823,31.0590667725,251.190933228,-7.58686828613,27.1201915741,19.1768836975,41.1477050781,1.42414355278,12.3560018539],[578.465942383,-15.5220060349,-95.5469665527,25.121881485,24.8749675751,2.09962439537,-7.58686828613,127.843963623,25.81275177,-5.31658363342,-5.72978067398,0.911021351814,-7.85620641708],[-867.686889648,-15.8319177628,25.9980335236,37.122303009,86.6449966431,-35.0937576294,27.1201915741,25.81275177,121.998535156,24.1751937866,18.0056381226,-28.3818054199,15.0195932388],[-109.993591309,-76.4218215942,80.5225830078,-8.96706390381,9.76277065277,39.545917511,19.1768836975,-5.31658363342,24.1751937866,91.1769256592,4.38632059097,-4.77320289612,-9.07683944702],[-719.21307373,55.3925704956,-27.7705860138,14.0503692627,68.9651031494,-37.511089325,41.1477050781,-5.72978067398,18.0056381226,4.38632059097,106.810386658,5.72199964523,-2.01105332375],[-30.5388622284,-77.6837768555,98.3792114258,-16.436340332,-31.289276123,25.7067337036,1.42414355278,0.911021351814,-28.3818054199,-4.77320289612,5.72199964523,82.3029632568,16.5817394257],[-508.281280518,-12.3304777145,19.2086277008,10.6530885696,23.7446403503,-20.2386493683,12.3560018539,-7.85620641708,15.0195932388,-9.07683944702,-2.01105332375,16.5817394257,74.3288574219]],"icov":[[0.000265442125965,-0.000473791587865,0.000805372197647,-0.000615186290815,0.000626527937129,-0.000572544231545,0.000601437757723,-0.000694772461429,0.000863141031004,-0.00108350394294,0.00142670876812,-0.00109871814493,0.00106413452886],[-0.000473791587865,0.00227844668552,-0.00128214841243,0.00151376996655,-0.000812828075141,0.000402749923524,-0.000492042978294,0.00140313676093,-0.00164763699286,0.00331161776558,-0.00407684780657,0.00375016755424,-0.00235770922154],[0.000805372197647,-0.00128214841243,0.00375503953546,-0.00198345817626,0.0017360469792,-0.00307259871624,0.00174231943674,-0.000778606103268,0.00147069385275,-0.00341471866705,0.00462917052209,-0.00488467235118,0.00334616564214],[-0.000615186290815,0.00151376996655,-0.00198345817626,0.00515457801521,-0.00219738995656,0.00177250616252,-0.000277635117527,0.0010698948754,-0.00229763635434,0.0030631327536,-0.00389234628528,0.00343939103186,-0.00287230801769],[0.000626527937129,-0.000812828075141,0.0017360469792,-0.00219738995656,0.00783841591328,-0.00139678921551,-0.000190844366443,-0.0026652875822,-0.000429392443039,-0.00183188356459,-0.0000788930410636,0.00000199490682462,0.000741988362279],[-0.000572544231545,0.000402749923524,-0.00307259871624,0.00177250616252,-0.00139678921551,0.00837299507111,-0.00239173928276,-0.00027153478004,0.000737877038773,-0.000629458518233,-0.000541088113096,0.00150737515651,-0.000790344143752],[0.000601437757723,-0.000492042978294,0.00174231943674,-0.000277635117527,-0.000190844366443,-0.00239173928276,0.00686336867511,-0.00121828599367,0.00175038992893,-0.00217080675066,0.00128494214732,-0.00173689762596,0.00156418734696],[-0.000694772461429,0.00140313676093,-0.000778606103268,0.0010698948754,-0.0026652875822,-0.00027153478004,-0.00121828599367,0.0120285879821,-0.00589204486459,0.00408862251788,-0.00217324029654,-0.000371453555999,-0.000505059026182],[0.000863141031004,-0.00164763699286,0.00147069385275,-0.00229763635434,-0.000429392443039,0.000737877038773,0.00175038992893,-0.00589204486459,0.0169351864606,-0.00743258791044,0.00429329462349,0.00119471002836,0.000522560207173],[-0.00108350394294,0.00331161776558,-0.00341471866705,0.0030631327536,-0.00183188356459,-0.000629458518233,-0.00217080675066,0.00408862251788,-0.00743258791044,0.0193288754672,-0.00824157241732,0.00665606278926,-0.00305524561554],[0.00142670876812,-0.00407684780657,0.00462917052209,-0.00389234628528,-0.0000788930410636,-0.000541088113096,0.00128494214732,-0.00217324029654,0.00429329462349,-0.00824157241732,0.0224759671837,-0.0119159230962,0.00926845613867],[-0.00109871814493,0.00375016755424,-0.00488467235118,0.00343939103186,0.00000199490682462,0.00150737515651,-0.00173689762596,-0.000371453555999,0.00119471002836,0.00665606278926,-0.0119159230962,0.0251806005836,-0.010830999352],[0.00106413452886,-0.00235770922154,0.00334616564214,-0.00287230801769,0.000741988362279,-0.000790344143752,0.00156418734696,-0.000505059026182,0.000522560207173,-0.00305524561554,0.00926845613867,-0.010830999352,0.0213090665638]],"mean":[-55.3791122437,103.717788696,-108.373222351,17.4548149109,-55.1794433594,8.60678291321,-53.2568664551,14.877986908,-28.7674217224,-8.83026695251,-18.4393634796,-1.95818138123,-12.200512886]},"hfc":{"dmean":4.8292965889,"dmean2":6.33683681488,"dvar":62.3519210815,"dvar2":108.687576294,"max":151.809967041,"mean":14.8337182999,"median":7.93458652496,"min":1.0867371171e-16,"var":314.376678467},"melbands":{"dmean":[0.000123821169836,0.000593820936047,0.000665354600642,0.00043605355313,0.000207766031963,0.000199157322641,0.000130167318275,0.0000764861542848,0.0000767450619605,0.0000813007864053,0.0000675089104334,0.0000472068459203,0.0000395056376874,0.0000355944430339,0.0000288235642074,0.0000271545522992,0.0000218217101065,0.00001999257438,0.0000221948284889,0.0000204863608815,0.0000260709020949,0.0000288544579234,0.0000141497957884,0.00000670041663398,0.00000628797261015,0.00000440055282525,0.00000260205592895,0.00000188473700291,0.00000109533698378,9.90847411231e-7,6.70517522394e-7,4.71437886063e-7,4.59920016738e-7,3.59387314575e-7,4.52654035143e-7,4.54990015442e-7,4.90899708439e-7,4.41704230525e-7,3.3473440908e-7,2.44193131493e-7],"dmean2":[0.000208991594263,0.0010323417373,0.00118561508134,0.000759067188483,0.000328703317791,0.000311435404001,0.000209602469113,0.000123399819131,0.000118971249321,0.000126403348986,0.000103614904219,0.0000736029323889,0.000059159599914,0.0000516853542649,0.0000434868379671,0.0000412750559917,0.0000320807266689,0.0000306057881971,0.0000317270096275,0.0000302088737953,0.0000385729144909,0.0000424588179158,0.0000200653121283,0.0000096947678685,0.0000086988111434,0.00000619552338321,0.00000376244634026,0.00000275331126431,0.00000163974971201,0.00000162965898198,0.00000106306731595,7.02093245764e-7,7.17407601769e-7,5.50029369606e-7,6.96485130902e-7,7.00031193901e-7,7.48029435726e-7,6.85649183652e-7,5.23399535268e-7,3.73319039682e-7],"dvar":[1.09104142609e-7,0.00000250904940913,0.00000300879310089,5.19072102634e-7,1.3679937183e-7,1.23115682982e-7,4.7835118977e-8,2.77221694489e-8,2.44058124821e-8,4.11298479719e-8,7.0366738214e-8,1.79645454068e-8,1.95217975119e-8,1.87470927671e-8,1.35000686186e-8,1.59210618023e-8,1.29990480602e-8,5.61511992458e-9,7.27453874916e-9,4.5094266099e-9,9.53250456348e-9,7.91780419007e-9,1.63219848748e-9,3.85663445623e-10,2.52549314794e-10,1.27872712419e-10,5.29363185231e-11,2.66636712709e-11,8.77713353387e-12,6.17836684591e-12,4.11019569074e-12,1.56852677548e-12,1.30929446972e-12,8.83537600721e-13,2.27836586403e-12,1.6139414024e-12,2.17870556665e-12,1.20097996218e-12,5.5674719392e-13,2.94962838876e-13],"dvar2":[2.95311195941e-7,0.00000728346367396,0.00000830545559438,0.00000148987749071,2.97703081742e-7,3.06451312326e-7,1.18956059225e-7,6.94144119961e-8,5.67279947461e-8,9.53733092501e-8,1.44231336208e-7,4.26406820964e-8,4.04379001395e-8,3.84630070016e-8,2.91095183513e-8,3.74323718688e-8,2.82601089197e-8,1.18203455912e-8,1.18965122198e-8,9.52727763348e-9,1.88432451864e-8,1.50461580972e-8,3.25309068572e-9,7.4797462668e-10,4.54094567504e-10,2.60909155392e-10,1.13647188882e-10,6.08790864942e-11,1.96386362034e-11,1.57131876954e-11,9.53807866022e-12,3.30980728935e-12,2.94533473132e-12,1.99842681466e-12,5.912951552e-12,3.9828830338e-12,4.54119077412e-12,2.62714329458e-12,1.34046148747e-12,6.95831521742e-13],"max":[0.00474024470896,0.0278694629669,0.0333674140275,0.00918495748192,0.00708937272429,0.00633371528238,0.004013099242,0.00446886522695,0.0042908503674,0.00561581552029,0.0130884489045,0.00450833421201,0.00584329850972,0.00411132071167,0.00386341987178,0.00418376550078,0.00518233841285,0.00280410982668,0.00501089962199,0.0015966334613,0.00390634778887,0.00324312224984,0.00112291041296,0.000899853534065,0.000436623813584,0.0002470141917,0.00021897519764,0.000215705033042,0.00007192287012,0.0000344865147781,0.000096559888334,0.0000448748542112,0.0000435695183114,0.0000275720394711,0.0000679284057696,0.0000405457831221,0.0000810607743915,0.000047351259127,0.0000107454734461,0.00000956940584729],"mean":[0.000214808635064,0.00120507355314,0.000878043181729,0.000657027645502,0.000427904276876,0.000366575462976,0.000248877709964,0.000123923295178,0.000152279128088,0.00017125645536,0.000121036988276,0.0000799800618552,0.0000683405087329,0.000059315294493,0.0000488858968311,0.0000454102919321,0.0000374428927898,0.0000319285645674,0.0000368327091564,0.0000341134509654,0.0000522875598108,0.0000545466537005,0.0000275085094472,0.0000137407105285,0.0000127430676002,0.00000857554732647,0.00000465961466034,0.00000325959354086,0.00000161367881901,0.00000103501747617,7.56118708978e-7,6.09124697348e-7,5.54021994503e-7,4.8815604714e-7,6.62927050143e-7,6.3088771185e-7,6.84971666942e-7,5.82484290135e-7,4.2515603127e-7,3.59081212764e-7],"median":[0.0000678163341945,0.000777904409915,0.000504952622578,0.000437934766524,0.000258084270172,0.00020533472707,0.000146476348164,0.0000541970948689,0.000075849427958,0.0000809785487945,0.0000343592546415,0.0000334500327881,0.0000259167645709,0.0000147308692249,0.0000132399345603,0.00000802106933406,0.00000413378165831,0.00000737182199373,0.00000699712381902,0.00000680558196109,0.00000663420860292,0.0000100303077488,0.00000413367706642,0.000002455706408,0.00000183415647825,0.00000128224075979,7.35740513846e-7,6.23790128884e-7,2.87745422156e-7,1.52773466766e-7,1.2878260236e-7,1.43524175655e-7,1.44903850696e-7,1.45352217373e-7,2.44585180553e-7,2.3105836533e-7,2.31890240343e-7,2.02944107741e-7,1.24626396314e-7,1.30288682954e-7],"min":[9.0444372037e-25,1.10212822031e-24,3.95308750621e-25,1.47533792014e-24,1.74882396585e-24,1.23492960104e-24,1.43244380563e-24,7.62531785041e-25,1.30430054993e-24,1.67937994872e-24,2.03387550129e-24,2.09633573283e-24,1.10058954711e-24,1.87739054403e-24,2.47591804827e-24,2.36881854468e-24,2.58035613237e-24,3.54458909986e-24,3.3656099711e-24,3.31273420235e-24,3.79113258743e-24,3.37380031945e-24,3.28524003322e-24,3.50984924332e-24,2.84191282626e-24,2.38728380632e-24,5.00979962369e-24,4.31927614677e-24,4.49864970598e-24,5.07257993555e-24,4.53578217765e-24,3.99829968848e-24,5.54972403179e-24,4.55942788885e-24,4.79444769632e-24,5.26146045196e-24,5.67655235497e-24,6.29865910888e-24,6.37397047621e-24,6.39318555014e-24],"var":[1.41645045915e-7,0.00000242693681685,0.00000254008045886,5.62549928418e-7,3.42235040307e-7,2.27213817539e-7,9.711176574e-8,4.60170817007e-8,5.98998610712e-8,1.01543740527e-7,1.85142823739e-7,2.74955560542e-8,3.44713662059e-8,3.82897802353e-8,2.43305695591e-8,3.00693550059e-8,2.83758421205e-8,1.23758017168e-8,2.47482923044e-8,9.27365384484e-9,3.2976469555e-8,2.70292410676e-8,5.17909404252e-9,1.43179579304e-9,9.09716080244e-10,3.60372898189e-10,1.26414601009e-10,6.73081035352e-11,1.60427608697e-11,6.33217219978e-12,5.63253003266e-12,2.56443629353e-12,1.81435508978e-12,1.23124861001e-12,2.21229913729e-12,1.76989054922e-12,2.85740810353e-12,1.52101638576e-12,6.55749760048e-13,3.89875198098e-13]},"melbands_crest":{"dmean":2.89128446579,"dmean2":4.80142116547,"dvar":6.66970920563,"dvar2":17.9718608856,"max":35.7451705933,"mean":13.0536661148,"median":12.4463787079,"min":1.49387955666,"var":23.0515365601},"melbands_flatness_db":{"dmean":0.0235957782716,"dmean2":0.035518143326,"dvar":0.000595049292315,"dvar2":0.00136262329761,"max":0.568919420242,"mean":0.214693486691,"median":0.211883082986,"min":0.00290168193169,"var":0.00436536828056},"melbands_kurtosis":{"dmean":5.81106615067,"dmean2":9.61934375763,"dvar":160.063796997,"dvar2":441.513549805,"max":480.989532471,"mean":11.2618055344,"median":7.60984516144,"min":-1.80006086826,"var":384.741516113},"melbands_skewness":{"dmean":0.611951768398,"dmean2":0.974625885487,"dvar":0.570026099682,"dvar2":1.4382969141,"max":18.7588443756,"mean":2.29970598221,"median":2.27198386192,"min":-1.56230831146,"var":2.27600479126},"melbands_spread":{"dmean":5.63238525391,"dmean2":8.64671134949,"dvar":59.4336929321,"dvar2":127.2109375,"max":159.848632812,"mean":23.1026630402,"median":14.9530134201,"min":1.30421245098,"var":553.410400391},"mfcc":{"cov":[[11225.6552734,967.953796387,-639.736328125,54.8599853516,53.7352790833,-320.228942871,-103.881149292,46.8734550476,-37.8568878174,52.8856124878,-135.40838623,-13.0435314178,-96.4120788574],[967.953796387,1230.4979248,24.0553760529,-99.4852523804,73.9585113525,-35.9325218201,20.5820293427,27.2991828918,-47.7680625916,1.33414816856,-5.08793401718,3.40966844559,12.0338411331],[-639.736328125,24.0553760529,872.091247559,-151.414596558,1.69062912464,187.762237549,5.75563812256,-13.3223714828,37.2141609192,-80.4932785034,-3.43678069115,-24.0873508453,-41.1101799011],[54.8599853516,-99.4852523804,-151.414596558,319.889831543,86.5839538574,-62.2092323303,-32.7115325928,9.89520359039,-2.61617708206,24.2016334534,-18.0153121948,14.5556497574,44.6957969666],[53.7352790833,73.9585113525,1.69062912464,86.5839538574,209.982498169,-19.3440189362,-41.8643608093,13.7590751648,-1.9980443716,40.5357398987,-5.26745319366,-7.72644329071,30.6883449554],[-320.228942871,-35.9325218201,187.762237549,-62.2092323303,-19.3440189362,178.864379883,58.9830513,-24.2567825317,24.5675792694,-10.9691772461,25.3348674774,7.11715364456,-34.1623344421],[-103.881149292,20.5820293427,5.75563812256,-32.7115325928,-41.8643608093,58.9830513,138.90574646,38.2857894897,-2.86413908005,-6.6471991539,26.9093132019,19.8854179382,-6.47363233566],[46.8734550476,27.2991828918,-13.3223714828,9.89520359039,13.7590751648,-24.2567825317,38.2857894897,112.903068542,10.381357193,-6.01366662979,2.70603895187,-1.13803231716,13.6903324127],[-37.8568878174,-47.7680625916,37.2141609192,-2.61617708206,-1.9980443716,24.5675792694,-2.86413908005,10.381357193,116.470191956,28.8975887299,-5.73254156113,7.20554828644,-14.3201236725],[52.8856124878,1.33414816856,-80.4932785034,24.2016334534,40.5357398987,-10.9691772461,-6.6471991539,-6.01366662979,28.8975887299,105.044158936,29.8875675201,1.66450607777,16.2772521973],[-135.40838623,-5.08793401718,-3.43678069115,-18.0153121948,-5.26745319366,25.3348674774,26.9093132019,2.70603895187,-5.73254156113,29.8875675201,89.2457733154,27.8741664886,-8.24045372009],[-13.0435314178,3.40966844559,-24.0873508453,14.5556497574,-7.72644329071,7.11715364456,19.8854179382,-1.13803231716,7.20554828644,1.66450607777,27.8741664886,79.3832321167,24.1245975494],[-96.4120788574,12.0338411331,-41.1101799011,44.6957969666,30.6883449554,-34.1623344421,-6.47363233566,13.6903324127,-14.3201236725,16.2772521973,-8.24045372009,24.1245975494,88.6754302979]],"icov":[[0.000109671302198,-0.0000829683922348,0.0000513381746714,-0.00000451542291557,0.0000100828556242,0.000111486464448,0.0000524948591192,-0.0000749995961087,0.0000688186264597,-0.000145678845001,0.000255877122981,-0.000175814027898,0.000320911349263],[-0.0000829683922348,0.000982255907729,-0.0000945632127696,0.000478174566524,-0.00054111762438,0.000291293254122,-0.00036089058267,-0.0000340327751474,0.00035931885941,-0.0000516932996106,0.000113041096483,-0.000202883005841,-0.0000967524465523],[0.0000513381746714,-0.0000945632127696,0.00187051249668,0.000579782703426,-0.000455306872027,-0.00194521690719,0.000883873261046,-0.000274802208878,-0.000669204047881,0.00161662371829,-0.00029934028862,0.000647202716209,-0.00044999140664],[-0.00000451542291557,0.000478174566524,0.000579782703426,0.00435025244951,-0.00180862098932,0.000537360145245,0.000104811733763,-0.0000326391455019,-0.0000822319852887,0.000148402003106,0.000775508524384,-0.000896731158718,-0.000872570381034],[0.0000100828556242,-0.00054111762438,-0.000455306872027,-0.00180862098932,0.0069589689374,-0.00115311122499,0.00245280796662,-0.00184980174527,0.00109896913636,-0.00299403723329,0.000507990422193,0.000430203857832,-0.000945760693867],[0.000111486464448,0.000291293254122,-0.00194521690719,0.000537360145245,-0.00115311122499,0.0112886959687,-0.00559778045863,0.00405233586207,-0.00201681582257,0.000474307802506,-0.00148109113798,-0.000309138122248,0.00215649674647],[0.0000524948591192,-0.00036089058267,0.000883873261046,0.000104811733763,0.00245280796662,-0.00559778045863,0.0124550247565,-0.00583545817062,0.00198934972286,-0.000832363846712,-0.000599795021117,-0.00223152129911,0.000293166056508],[-0.0000749995961087,-0.0000340327751474,-0.000274802208878,-0.0000326391455019,-0.00184980174527,0.00405233586207,-0.00583545817062,0.0128744039685,-0.00362337729894,0.00344000174664,-0.00258944090456,0.00299261370674,-0.0026715551503],[0.0000688186264597,0.00035931885941,-0.000669204047881,-0.0000822319852887,0.00109896913636,-0.00201681582257,0.00198934972286,-0.00362337729894,0.0125102289021,-0.00673109898344,0.00509872520342,-0.00453651184216,0.00426841247827],[-0.000145678845001,-0.0000516932996106,0.00161662371829,0.000148402003106,-0.00299403723329,0.000474307802506,-0.000832363846712,0.00344000174664,-0.00673109898344,0.0171944070607,-0.00862228497863,0.00526199117303,-0.00532567920163],[0.000255877122981,0.000113041096483,-0.00029934028862,0.000775508524384,0.000507990422193,-0.00148109113798,-0.000599795021117,-0.00258944090456,0.00509872520342,-0.00862228497863,0.0188923608512,-0.00859160907567,0.00584191316739],[-0.000175814027898,-0.000202883005841,0.000647202716209,-0.000896731158718,0.000430203857832,-0.000309138122248,-0.00223152129911,0.00299261370674,-0.00453651184216,0.00526199117303,-0.00859160907567,0.0193812213838,-0.00807414762676],[0.000320911349263,-0.0000967524465523,-0.00044999140664,-0.000872570381034,-0.000945760693867,0.00215649674647,0.000293166056508,-0.0026715551503,0.00426841247827,-0.00532567920163,0.00584191316739,-0.00807414762676,0.0178686399013]],"mean":[-684.918212891,138.186050415,2.73750901222,10.6159639359,15.3620109558,-11.3808755875,-4.72600841522,6.46477890015,-5.1045126915,-2.02221179008,-9.61565113068,-2.72891592979,-2.77533197403]},"pitch_salience":{"dmean":0.0631645321846,"dmean2":0.104469373822,"dvar":0.00312377512455,"dvar2":0.0084984684363,"max":0.865370213985,"mean":0.611603617668,"median":0.620922029018,"min":0.153381288052,"var":0.00990901049227},"silence_rate_20dB":{"dmean":0,"dmean2":0,"dvar":0,"dvar2":0,"max":1,"mean":1,"median":1,"min":1,"var":0},"silence_rate_30dB":{"dmean":0.00185577943921,"dmean2":0.00371205084957,"dvar":0.00185228860937,"dvar2":0.00449350010604,"max":1,"mean":0.998542070389,"median":1,"min":0,"var":0.00145572982728},"silence_rate_60dB":{"dmean":0.00795334018767,"dmean2":0.0159087888896,"dvar":0.00789033528417,"dvar2":0.0180414672941,"max":1,"mean":0.0667992010713,"median":0,"min":0,"var":0.0623358115554},"spectral_centroid":{"dmean":203.754211426,"dmean2":309.315979004,"dvar":80159.0859375,"dvar2":165374.625,"max":11737.3173828,"mean":1257.93823242,"median":856.243408203,"min":216.081771851,"var":2512390.5},"spectral_complexity":{"dmean":2.92126202583,"dmean2":4.22802591324,"dvar":10.4035663605,"dvar2":18.1519870758,"max":47,"mean":15.5811796188,"median":15,"min":0,"var":62.5886192322},"spectral_contrast_coeffs":{"dmean":[0.0511633865535,0.0429462492466,0.0342993363738,0.0296885557473,0.0252659451216,0.01474769786],"dmean2":[0.086961068213,0.0710029900074,0.0556692443788,0.0467207543552,0.0380968786776,0.0235946215689],"dvar":[0.00194740586448,0.00123749522027,0.000864799367264,0.000765247677919,0.00061893183738,0.000239879329456],"dvar2":[0.00545372348279,0.00327117810957,0.0021233423613,0.00162832357455,0.00116091198288,0.000558744883165],"max":[-0.305188834667,-0.499911189079,-0.373644173145,-0.442453324795,-0.503256201744,-0.588484287262],"mean":[-0.584026217461,-0.741962134838,-0.769021630287,-0.775461137295,-0.767367899418,-0.816332519054],"median":[-0.578641116619,-0.741594433784,-0.773571252823,-0.784529924393,-0.785162687302,-0.820882439613],"min":[-0.981931209564,-0.980573356152,-0.981152951717,-0.976838350296,-0.977153658867,-0.968424022198],"var":[0.00928207114339,0.00438244547695,0.00470122415572,0.00493214093149,0.0058865356259,0.00152963760775]},"spectral_contrast_valleys":{"dmean":[0.454818606377,0.335228800774,0.318334728479,0.300085097551,0.305976897478,0.36014187336],"dmean2":[0.757143855095,0.537966966629,0.505070984364,0.448653310537,0.42037448287,0.473260819912],"dvar":[0.175499171019,0.105728596449,0.106494188309,0.10063367337,0.115956775844,0.206475973129],"dvar2":[0.418086528778,0.213054597378,0.204587966204,0.181788146496,0.192338317633,0.419396042824],"max":[-5.31562709808,-4.85715150833,-5.17060279846,-5.99289798737,-5.973736763,-8.08020591736],"mean":[-8.21607112885,-7.17027521133,-7.85718679428,-8.4884595871,-8.62874126434,-10.9638662338],"median":[-7.67693567276,-6.6094827652,-7.31256008148,-8.00915241241,-8.19972801208,-10.5752506256],"min":[-28.2510299683,-28.1267719269,-27.783657074,-27.8470096588,-27.5331249237,-27.4878501892],"var":[9.21957874298,10.279542923,9.67832279205,9.10562801361,9.01565361023,7.26956653595]},"spectral_decrease":{"dmean":1.53161527905e-9,"dmean2":2.47037634793e-9,"dvar":7.9045147725e-18,"dvar2":2.01486307967e-17,"max":2.40466773957e-28,"mean":-4.65472949074e-9,"median":-3.75941988651e-9,"min":-4.32965023833e-8,"var":1.44754671594e-17},"spectral_energy":{"dmean":0.00610930658877,"dmean2":0.00973997078836,"dvar":0.000120636010251,"dvar2":0.000301757449051,"max":0.166645541787,"mean":0.0189135167748,"median":0.0150103569031,"min":1.01373375137e-20,"var":0.000242440059083},"spectral_energyband_high":{"dmean":0.00017142778961,"dmean2":0.000239965404035,"dvar":1.21628445982e-7,"dvar2":2.61797907797e-7,"max":0.00882752425969,"mean":0.000263958238065,"median":0.0000910976086743,"min":7.02496786922e-21,"var":2.01740576244e-7},"spectral_energyband_low":{"dmean":0.00266523403116,"dmean2":0.0046598399058,"dvar":0.0000532706435479,"dvar2":0.000148459643242,"max":0.137338250875,"mean":0.00505249528214,"median":0.00355102377944,"min":9.8337459847e-24,"var":0.0000470541490358},"spectral_energyband_middle_high":{"dmean":0.00174772285391,"dmean2":0.00232931086794,"dvar":0.0000120986005641,"dvar2":0.0000202724040719,"max":0.0841947346926,"mean":0.00492689805105,"median":0.00178939639591,"min":1.12808412014e-21,"var":0.0000601426436333},"spectral_energyband_middle_low":{"dmean":0.00397286145017,"dmean2":0.00659726001322,"dvar":0.000054165833717,"dvar2":0.00014206423657,"max":0.119466558099,"mean":0.00945661403239,"median":0.00695941783488,"min":1.31335647196e-22,"var":0.0000818947737571},"spectral_entropy":{"dmean":0.186491072178,"dmean2":0.268486708403,"dvar":0.0347352549434,"dvar2":0.0730195492506,"max":9.82380580902,"mean":7.30997085571,"median":7.26824140549,"min":4.6188492775,"var":0.326980292797},"spectral_flux":{"dmean":0.0202369820327,"dmean2":0.0312870107591,"dvar":0.000766294077039,"dvar2":0.00160962552764,"max":0.3728749156,"mean":0.0650436505675,"median":0.0532523095608,"min":6.36396976783e-11,"var":0.00198017805815},"spectral_kurtosis":{"dmean":2.23065543175,"dmean2":3.59683132172,"dvar":6.40556287766,"dvar2":17.1888027191,"max":48.9745826721,"mean":7.27648639679,"median":6.80468177795,"min":-1.25702738762,"var":20.8454437256},"spectral_rms":{"dmean":0.000624844105914,"dmean2":0.0009742382681,"dvar":7.89962314229e-7,"dvar2":0.00000184935470315,"max":0.0127507261932,"mean":0.0039520454593,"median":0.00382678071037,"min":3.1448506993e-12,"var":0.00000283351710095},"spectral_rolloff":{"dmean":295.876251221,"dmean2":495.547332764,"dvar":340448.84375,"dvar2":749508.375,"max":19616.7480469,"mean":1537.77856445,"median":796.728515625,"min":43.06640625,"var":7605561},"spectral_skewness":{"dmean":0.273991346359,"dmean2":0.428449064493,"dvar":0.0822437182069,"dvar2":0.199330717325,"max":5.57237052917,"mean":2.05451583862,"median":2.08327174187,"min":-0.0982084423304,"var":0.396041989326},"spectral_spread":{"dmean":655728.4375,"dmean2":1010123.4375,"dvar":995319283712,"dvar2":2185881452540,"max":42474540,"mean":5073522,"median":4113692.75,"min":1153431.625,"var":31011811360800},"spectral_strongpeak":{"dmean":0.544127821922,"dmean2":0.89807254076,"dvar":1.64506959915,"dvar2":3.74320054054,"max":20.1841983795,"mean":1.03639376163,"median":0.399469465017,"min":0,"var":3.97285485268},"zerocrossingrate":{"dmean":0.00849547237158,"dmean2":0.0103693902493,"dvar":0.0000969123866525,"dvar2":0.000149606596096,"max":0.52734375,"mean":0.0588774643838,"median":0.04638671875,"min":0.005859375,"var":0.00495195249096}},"metadata":{"audio_properties":{"analysis_sample_rate":44100,"bit_rate":128000,"codec":"mp3","downmix":"mix","equal_loudness":0,"length":175.151016235,"lossless":false,"md5_encoded":"3fa42d14c9dcd9655e2e0388951ad826","replay_gain":-11.5185394287,"sample_rate":44100},"tags":{"album":["The Complete Animals"],"albumartist":["The Animals"],"albumartistsort":["Animals, The"],"artist":["The Animals"],"artistsort":["Animals, The"],"asin":["B000006SGT"],"barcode":["0077779461325"],"catalognumber":["CDS 79 4613 2"],"date":["1990"],"discnumber":["1/2"],"file_name":"Take It Easy - The Animals.mp3","genre":["Classic Rock"],"label":["EMI"],"length":["175151"],"media":["CD"],"musicbrainz album status":["official"],"musicbrainz album type":["album/compilation"],"musicbrainz_albumartistid":["4d8afa16-4018-4ca8-8b5e-ede8f9314562"],"musicbrainz_albumid":["83e57502-031c-4d0a-a659-7ebb1a134da6"],"musicbrainz_artistid":["4d8afa16-4018-4ca8-8b5e-ede8f9314562"],"musicbrainz_recordingid":["1c0de6b0-b3a1-4f74-8f04-3da5b3bc4b71"],"musicbrainz_releasegroupid":["2ec2e0c8-c531-3a17-a440-52770d32043a"],"originaldate":["1990"],"script":["Latn"],"title":["Take It Easy"],"tracknumber":["17/20"]},"version":{"essentia":"2.1-beta2","essentia_build_sha":"70f2e5ece6736b2c40cc944ad0e695b16b925413","essentia_git_sha":"v2.1_beta2","extractor":"music 1.0"}},"rhythm":{"beats_count":389,"beats_loudness":{"dmean":0.0163164585829,"dmean2":0.0303356926888,"dvar":0.00019818918372,"dvar2":0.000631449918728,"max":0.109000295401,"mean":0.0297186002135,"median":0.0281447321177,"min":0,"var":0.000239974368014},"beats_loudness_band_ratio":{"dmean":[0.171176299453,0.130257248878,0.0997147485614,0.0818981006742,0.10942517966,0.0387794971466],"dmean2":[0.307832807302,0.217344000936,0.170593976974,0.146694377065,0.197035163641,0.0734817460179],"dvar":[0.018641250208,0.0114576080