{"lowlevel":{"average_loudness":0.925778865814,"barkbands":{"dmean":[0.000162490148796,0.00208623660728,0.00181786017492,0.00101000734139,0.00170649064239,0.000867563358042,0.000632349867374,0.000571055570617,0.000682165788021,0.00046845068573,0.0005545996828,0.000416701892391,0.000447899627034,0.000419022893766,0.000385286431992,0.000498355890159,0.000454748282209,0.000340841099387,0.00033333452302,0.000293178163702,0.000225618641707,0.00020799858612,0.000130517306388,0.0000820959467092,0.0000634881944279,0.0000385529783671,0.00000563117828278],"dmean2":[0.000242495530983,0.0036175257992,0.00305480742827,0.00172092521098,0.00284444424324,0.00143501372077,0.00103068223689,0.000917146448046,0.00107271934394,0.00073579151649,0.000855395046528,0.000664853199851,0.000723764998838,0.000668979773764,0.000619582715444,0.000808587938081,0.000726532307453,0.000554151309188,0.000544952345081,0.000488485209644,0.00036733635352,0.000335137505317,0.000203067640541,0.000126727914903,0.0000953869603109,0.0000582299617236,0.00000887199530553],"dvar":[1.35132054879e-7,0.0000247559055424,0.00000797094071459,0.00000241649740929,0.00000712965174898,0.0000030089709071,0.00000238124084717,0.00000230150521929,0.00000265726316684,8.27785640922e-7,0.00000104180901417,6.62677223318e-7,6.92677133429e-7,6.83423593273e-7,4.3695646923e-7,7.52047242258e-7,7.35809919661e-7,3.07736542027e-7,2.71820425723e-7,2.30164943105e-7,1.60339979516e-7,1.74574111611e-7,5.88850852523e-8,4.18382732903e-8,1.19552847622e-8,5.57190782402e-9,1.95742227982e-10],"dvar2":[2.95171275866e-7,0.0000692360190442,0.0000211661117646,0.00000637720495433,0.0000191227009054,0.00000781427661423,0.00000584369445278,0.00000601327383265,0.00000628125735602,0.00000195408733816,0.00000222838002628,0.00000159314663506,0.00000166977065419,0.00000166851043559,0.00000100425700111,0.00000191148296835,0.00000183150825706,7.74476916376e-7,6.88227260071e-7,5.97795803969e-7,4.06435503919e-7,4.24351071615e-7,1.34907239158e-7,1.01450616796e-7,2.78115699359e-8,1.3552091005e-8,4.93053375905e-10],"max":[0.00786422286183,0.0652043521404,0.0412318110466,0.0309508610517,0.0365393199027,0.0389680303633,0.0366353839636,0.0413646511734,0.047436863184,0.0239904429764,0.0246024727821,0.0164625290781,0.0191940404475,0.0183017291129,0.0203581992537,0.0173066426069,0.0266493335366,0.0112729892135,0.00859249476343,0.0073303966783,0.00779207143933,0.00907869357616,0.00649677589536,0.00976915936917,0.00275715813041,0.00199295440689,0.000347537570633],"mean":[0.000203618765227,0.00240615080111,0.00295871542767,0.00160562910605,0.00273469183594,0.00127137103118,0.00085213111015,0.000891887175385,0.00117748195771,0.000802264839876,0.00106262334157,0.000688089814503,0.000702143239323,0.000678351090755,0.000654044386465,0.000879739411175,0.000827702286188,0.000632986600976,0.000640648882836,0.000510061276145,0.000410591805121,0.000346254906617,0.00022934457229,0.000154449415277,0.000116788265586,0.0000597361322434,0.0000065729209382],"median":[0.000056405988289,0.000841727771331,0.00209180824459,0.0010121173691,0.00186026620213,0.000625064596534,0.00033345707925,0.000334725802531,0.000462307361886,0.000375241856091,0.000385591993108,0.000307084992528,0.000322296924423,0.000310211908072,0.000337841018336,0.000462130352389,0.000445292389486,0.000361328973668,0.000388491433114,0.000295881240163,0.000258048006799,0.000151878964971,0.000105744460598,0.0000823812151793,0.0000719672971172,0.0000261766836047,0.00000144963132698],"min":[1.87394240836e-25,3.13978374584e-24,9.29964849768e-25,9.03837184942e-25,7.04689841064e-24,6.81976800109e-24,6.7159491728e-24,8.67476889769e-24,1.35251306605e-23,1.16572523985e-23,1.17217820094e-23,3.107147663e-23,2.04870884732e-23,4.03526492164e-23,2.66743091463e-23,5.17232555944e-23,6.59452375796e-23,9.06232805627e-23,1.34119253341e-22,1.54047167228e-22,1.87543501306e-22,3.03718213781e-22,3.78904357331e-22,5.02333295851e-22,9.34188117599e-22,1.1977453091e-21,1.881051526e-21],"var":[1.90984309256e-7,0.0000217037995753,0.0000102230296761,0.00000400317276217,0.00000904336229723,0.00000399005693907,0.00000305702928927,0.00000322285245602,0.00000502237162436,0.00000177046024419,0.00000395738334191,0.00000133055368678,0.0000012588222944,0.00000120279003113,0.00000100982219919,0.00000152398934006,0.00000138618315759,6.63637138132e-7,5.72290502987e-7,3.91050065218e-7,2.59786645529e-7,3.65409221104e-7,1.58675504736e-7,8.17710201773e-8,2.50197604856e-8,7.77418929232e-9,1.95471139275e-10]},"barkbands_crest":{"dmean":2.16053915024,"dmean2":3.59491682053,"dvar":4.42970371246,"dvar2":12.0520324707,"max":23.2946548462,"mean":7.50311470032,"median":6.85385656357,"min":2.18734335899,"var":9.27558326721},"barkbands_flatness_db":{"dmean":0.0177920125425,"dmean2":0.0271821711212,"dvar":0.000306472880766,"dvar2":0.000695356109645,"max":0.327933758497,"mean":0.0879682302475,"median":0.0821477621794,"min":0.0130501734093,"var":0.00109730800614},"barkbands_kurtosis":{"dmean":1.24916803837,"dmean2":1.99956333637,"dvar":4.60788869858,"dvar2":11.2235031128,"max":42.6465873718,"mean":0.831580042839,"median":-0.267289876938,"min":-1.84348034859,"var":11.0136270523},"barkbands_skewness":{"dmean":0.42250302434,"dmean2":0.655267000198,"dvar":0.178644910455,"dvar2":0.416312396526,"max":6.04982185364,"mean":0.853076756001,"median":0.759547293186,"min":-3.2060687542,"var":0.866953611374},"barkbands_spread":{"dmean":6.39333629608,"dmean2":9.94991207123,"dvar":42.1114768982,"dvar2":97.4005508423,"max":100.097709656,"mean":32.3540687561,"median":31.5159111023,"min":1.44544506073,"var":146.606964111},"dissonance":{"dmean":0.013293906115,"dmean2":0.0224558655173,"dvar":0.000164538854733,"dvar2":0.000439412891865,"max":0.500000119209,"mean":0.475537031889,"median":0.480140149593,"min":0.299033641815,"var":0.000370839028619},"dynamic_complexity":2.03805756569,"erbbands":{"dmean":[0.056440807879,0.506472587585,1.80075669289,2.84974384308,4.71458101273,6.55409479141,5.29047393799,8.10566043854,8.82232761383,11.3145170212,10.6532239914,16.5605583191,16.1969928741,15.3221502304,19.8034133911,16.0934658051,19.9408168793,20.5055980682,17.0927181244,22.9756183624,24.1360588074,22.2760791779,19.1230754852,18.1738414764,15.9557628632,13.2700634003,9.14088153839,9.35544300079,7.670109272,5.7103972435,3.40271878242,2.12685155869,1.22615158558,0.759385704994,0.453261435032,0.216639682651,0.0628264471889,0.0108214328066,0.000990937813185,0.000032745381759],"dmean2":[0.0963628143072,0.884599149227,3.0410284996,4.75091314316,7.92375135422,11.0750646591,8.82687282562,13.2608289719,14.4259757996,18.1925315857,17.1580791473,26.0382442474,25.5715732574,23.6024551392,30.858379364,25.4517612457,32.1686859131,32.5202445984,27.1822776794,37.4672737122,38.8003578186,35.4550094604,30.9476242065,29.9329338074,26.0145950317,21.9972229004,15.0259304047,15.3008728027,12.4524860382,9.05837726593,5.30653858185,3.30258607864,1.89959013462,1.15720331669,0.686417341232,0.326864391565,0.0953279435635,0.0163854435086,0.00157599849626,0.0000515180217917],"dvar":[0.0156289376318,1.51558411121,8.88512992859,17.0283889771,43.3491668701,156.476791382,94.9595794678,299.782745361,450.141967773,757.208557129,1099.33666992,1815.90881348,857.644042969,1048.54589844,1387.42883301,932.007324219,1291.78125,1417.98034668,1141.61157227,1460.00195312,2022.83862305,1593.91552734,1158.77526855,872.83026123,680.361022949,462.143554688,258.764007568,293.273651123,242.047897339,115.399925232,40.7325668335,25.3751544952,8.91820240021,1.87328052521,0.628643453121,0.170724645257,0.0152468662709,0.000434381188825,0.00000736266474632,5.38565148034e-9],"dvar2":[0.0415563732386,4.26593017578,24.0864315033,44.6441726685,113.295776367,425.119537354,237.989303589,774.8203125,1163.52832031,1777.4901123,2911.15112305,4275.60839844,2029.45056152,2260.75073242,3208.73730469,2256.40283203,3168.92749023,3376.41748047,2832.14453125,3533.17260742,5125.33886719,3987.34399414,2933.9375,2292.79638672,1695.96679688,1205.99255371,670.311096191,728.912597656,590.028625488,271.132507324,92.2357254028,60.839881897,21.9970035553,4.33141803741,1.50967788696,0.419650256634,0.0373922139406,0.00103946670424,0.0000189409365703,1.39567442048e-8],"max":[2.22809195518,14.083155632,40.8385810852,66.3684463501,139.283935547,169.99041748,289.579223633,415.276550293,435.488647461,556.43762207,1238.96728516,1380.03979492,661.942504883,880.188232422,767.603027344,768.697021484,727.296447754,898.782470703,981.633178711,1445.20202637,1016.76507568,1003.48455811,931.036804199,562.936096191,377.228424072,279.563598633,243.936141968,349.139373779,320.209838867,231.547210693,159.714111328,207.00201416,142.806335449,48.0258712769,16.2741775513,11.3383235931,2.73064160347,0.369572669268,0.0765027478337,0.0019110966241],"mean":[0.0665369406343,0.570843160152,2.79535007477,5.20566987991,7.37804937363,9.32756328583,7.89308166504,11.6411724091,12.3413381577,17.0040950775,18.1352844238,29.2624168396,28.6054973602,31.8389720917,36.4273872375,29.0411510468,33.3801231384,35.9670562744,31.9802570343,42.1368598938,46.3821144104,44.0103263855,37.8038215637,34.9908599854,30.4076957703,23.2837963104,16.5647888184,16.344417572,12.765501976,9.78042030334,6.07813119888,3.7861635685,2.29821681976,1.44268119335,0.766180813313,0.33488380909,0.0952802598476,0.015364930965,0.00114729942288,0.000061642320361],"median":[0.0232934411615,0.21403709054,1.91039419174,3.91276216507,4.8458814621,5.51083421707,4.67336320877,5.2067360878,5.35524368286,7.15738964081,7.95986413956,12.056476593,14.5106506348,12.6104707718,15.9792327881,14.8838272095,17.0715007782,18.996219635,18.7579460144,24.3775901794,26.9434394836,25.3799438477,22.6136512756,20.5524940491,18.2594585419,14.0000076294,9.99909210205,9.8078250885,6.02754068375,3.82016921043,3.05219125748,1.9163210392,1.24196398258,0.87805724144,0.449735581875,0.165448009968,0.0385955646634,0.00535880681127,0.000260754401097,0.0000419512507506],"min":[8.31471826551e-23,4.23030888719e-22,1.54270799828e-21,4.70160897563e-21,6.43404869964e-21,2.75622428528e-20,4.34995284837e-20,5.83967992842e-20,1.07800613733e-19,1.20201737788e-19,2.70885830782e-19,3.0606300465e-19,3.67230426009e-19,6.13163707378e-19,7.38697412621e-19,1.552727301e-18,1.05240111044e-18,2.17272408892e-18,1.5870688415e-18,2.60360557193e-18,3.4625329628e-18,3.82875228976e-18,4.28538245767e-18,4.88507930278e-18,6.86326147178e-18,7.71545189015e-18,9.5429833765e-18,7.1633973396e-18,1.12704450339e-17,8.89920524936e-18,9.31121315912e-18,1.03790098585e-17,9.18585641883e-18,7.99425973306e-18,5.93690438532e-18,4.13189495911e-18,2.38766614392e-18,8.59730583247e-19,2.46073876224e-19,2.61660362958e-20],"var":[0.0166903398931,1.20721423626,10.0808458328,27.250787735,66.6459350586,160.191040039,127.769088745,391.309661865,507.952301025,1139.61669922,1464.36193848,3348.6159668,1888.73388672,4056.18041992,3276.80786133,1953.06665039,2389.51269531,2876.35424805,2012.69604492,3451.56958008,3770.06420898,3231.30908203,2385.61914062,1926.64685059,1375.85998535,752.790039062,398.543243408,469.670654297,478.398529053,312.577850342,104.067626953,50.5992927551,17.0870189667,4.41222953796,1.05714213848,0.230410441756,0.0212173331529,0.000608709000517,0.00000676483114148,5.29911003966e-9]},"erbbands_crest":{"dmean":2.26535892487,"dmean2":3.65537071228,"dvar":4.92671108246,"dvar2":11.9437360764,"max":30.457654953,"mean":7.59225273132,"median":6.65409183502,"min":2.42088699341,"var":12.8958110809},"erbbands_flatness_db":{"dmean":0.0179637819529,"dmean2":0.0256037935615,"dvar":0.000312897725962,"dvar2":0.000602339801844,"max":0.338766664267,"mean":0.136023968458,"median":0.131444051862,"min":0.044990170747,"var":0.00130325451028},"erbbands_kurtosis":{"dmean":0.653426826,"dmean2":1.03216123581,"dvar":1.00559675694,"dvar2":2.37639355659,"max":42.7547111511,"mean":0.114283055067,"median":-0.215257048607,"min":-1.68162953854,"var":3.04041147232},"erbbands_skewness":{"dmean":0.30087608099,"dmean2":0.472281455994,"dvar":0.0787270441651,"dvar2":0.182356908917,"max":4.90541362762,"mean":-0.136181473732,"median":-0.155411079526,"min":-3.58065867424,"var":0.380495518446},"erbbands_spread":{"dmean":7.88126087189,"dmean2":11.9879198074,"dvar":62.0950813293,"dvar2":133.824020386,"max":123.386619568,"mean":39.8781700134,"median":36.8599243164,"min":2.69152212143,"var":255.77015686},"gfcc":{"cov":[[26768.3320312,803.03729248,-2454.87915039,630.856994629,-1311.90161133,330.082214355,-892.795288086,288.70135498,-598.156311035,65.3369140625,-641.203857422,4.97591495514,-318.456085205],[803.03729248,857.729064941,-322.231658936,101.142341614,7.80947780609,-52.5125274658,5.26681375504,-22.3727550507,4.21267223358,-69.3181762695,35.526676178,-72.6170501709,40.9758148193],[-2454.87915039,-322.231658936,1011.74346924,-107.95664978,135.504867554,92.5999526978,54.3888053894,-0.924277365208,15.4546833038,37.6617507935,-38.7622489929,98.2993240356,17.1924362183],[630.856994629,101.142341614,-107.95664978,405.189697266,-3.92618322372,56.1104736328,27.0598640442,12.1642045975,32.0804290771,-17.972240448,48.2329597473,-13.3348751068,8.05645465851],[-1311.90161133,7.80947780609,135.504867554,-3.92618322372,288.93951416,13.0736532211,93.6382141113,19.6994724274,23.668340683,8.68685626984,33.3481559753,2.30618739128,5.4002904892],[330.082214355,-52.5125274658,92.5999526978,56.1104736328,13.0736532211,179.989196777,45.2097320557,18.9869651794,-8.71510219574,5.51399803162,-11.0325546265,23.0191459656,-2.2561852932],[-892.795288086,5.26681375504,54.3888053894,27.0598640442,93.6382141113,45.2097320557,166.412078857,25.3709926605,28.4949188232,-0.374091565609,41.7143821716,-0.0968309044838,-0.972574055195],[288.70135498,-22.3727550507,-0.924277365208,12.1642045975,19.6994724274,18.9869651794,25.3709926605,89.5498962402,22.9448070526,9.48008823395,-10.2529859543,7.30566740036,-2.65363454819],[-598.156311035,4.21267223358,15.4546833038,32.0804290771,23.668340683,-8.71510219574,28.4949188232,22.9448070526,104.930198669,27.094285965,30.9033088684,-9.84479904175,18.5508327484],[65.3369140625,-69.3181762695,37.6617507935,-17.972240448,8.68685626984,5.51399803162,-0.374091565609,9.48008823395,27.094285965,83.1790924072,26.7296161652,16.5066432953,-16.0970077515],[-641.203857422,35.526676178,-38.7622489929,48.2329597473,33.3481559753,-11.0325546265,41.7143821716,-10.2529859543,30.9033088684,26.7296161652,113.614601135,18.1557445526,8.98160839081],[4.97591495514,-72.6170501709,98.2993240356,-13.3348751068,2.30618739128,23.0191459656,-0.0968309044838,7.30566740036,-9.84479904175,16.5066432953,18.1557445526,88.3862457275,21.3904647827],[-318.456085205,40.9758148193,17.1924362183,8.05645465851,5.4002904892,-2.2561852932,-0.972574055195,-2.65363454819,18.5508327484,-16.0970077515,8.98160839081,21.3904647827,77.3554916382]],"icov":[[0.000202311144676,-0.000241663408815,0.000453875894891,-0.000371625472326,0.000417427218053,-0.000413685804233,0.000552856887225,-0.000725757272448,0.000853312958498,-0.00100296002347,0.00117470964324,-0.000688507570885,0.000480210699607],[-0.000241663408815,0.0018410589546,-0.0001920828945,0.000265759241302,-0.000696394359693,0.000623079424258,-0.000631179718766,0.000982289784588,-0.000842953682877,0.00202554999851,-0.00195538857952,0.00185225415044,-0.00152403849643],[0.000453875894891,-0.0001920828945,0.00250607775524,-0.000609122565947,0.000241353714955,-0.00138671777677,0.000925025320612,-0.00076077436097,0.00119921041187,-0.00241845985875,0.00377555401064,-0.00308281299658,0.00102819828317],[-0.000371625472326,0.000265759241302,-0.000609122565947,0.00379411014728,-0.000637608987745,-0.000690617773216,-0.00059985317057,0.000929390196688,-0.00260303053074,0.00325810723007,-0.00384934386238,0.00164244929329,-0.000586748181377],[0.000417427218053,-0.000696394359693,0.000241353714955,-0.000637608987745,0.005498516839,-0.00043441602611,-0.00107515382115,-0.00229412619956,0.00209858291782,-0.00237648654729,0.00149115012027,-0.000576022721361,0.00059971830342],[-0.000413685804233,0.000623079424258,-0.00138671777677,-0.000690617773216,-0.00043441602611,0.00822105072439,-0.00366971339099,0.000884638575371,-0.000262341607595,0.000692653295118,-0.000350925984094,-0.0000445764271717,-0.00113854417577],[0.000552856887225,-0.000631179718766,0.000925025320612,-0.00059985317057,-0.00107515382115,-0.00366971339099,0.01114280615,-0.00418070005253,0.000806991884019,0.0000375320014427,-0.000944253639318,-0.000665232248139,0.00253979465924],[-0.000725757272448,0.000982289784588,-0.00076077436097,0.000929390196688,-0.00229412619956,0.000884638575371,-0.00418070005253,0.0167600084096,-0.00706447614357,0.00255085108802,0.000247736781603,-0.000977178919129,-0.000261080189375],[0.000853312958498,-0.000842953682877,0.00119921041187,-0.00260303053074,0.00209858291782,-0.000262341607595,0.000806991884019,-0.00706447614357,0.0187569819391,-0.00995548814535,0.00215696939267,0.00259516201913,-0.0039602261968],[-0.00100296002347,0.00202554999851,-0.00241845985875,0.00325810723007,-0.00237648654729,0.000692653295118,0.0000375320014427,0.00255085108802,-0.00995548814535,0.023530960083,-0.0107006030157,0.000373447372112,0.00369354779832],[0.00117470964324,-0.00195538857952,0.00377555401064,-0.00384934386238,0.00149115012027,-0.000350925984094,-0.000944253639318,0.000247736781603,0.00215696939267,-0.0107006030157,0.0220817364752,-0.00934607628733,0.00259243347682],[-0.000688507570885,0.00185225415044,-0.00308281299658,0.00164244929329,-0.000576022721361,-0.0000445764271717,-0.000665232248139,-0.000977178919129,0.00259516201913,0.000373447372112,-0.00934607628733,0.0208617020398,-0.00853265821934],[0.000480210699607,-0.00152403849643,0.00102819828317,-0.000586748181377,0.00059971830342,-0.00113854417577,0.00253979465924,-0.000261080189375,-0.0039602261968,0.00369354779832,0.00259243347682,-0.00853265821934,0.0192688107491]],"mean":[16.1804828644,67.1773605347,-121.672546387,37.3768348694,-54.33776474,14.9426784515,-37.7591667175,8.85274600983,-28.8153400421,0.0494495034218,-22.5156841278,0.0309380926192,-13.4821462631]},"hfc":{"dmean":8.7889213562,"dmean2":13.3865919113,"dvar":146.287185669,"dvar2":353.804138184,"max":180.710708618,"mean":28.315196991,"median":24.6452331543,"min":1.06030710835e-16,"var":418.613525391},"melbands":{"dmean":[0.000533669488505,0.000837150262669,0.000508641125634,0.00040243397234,0.000206378070288,0.000177970330697,0.000134205445647,0.000127805906232,0.0000887283313205,0.000106546562165,0.0000807273027021,0.000060732516431,0.0000653615352348,0.0000486294593429,0.000045053428039,0.0000468924008601,0.0000422255070589,0.0000290889911412,0.0000305247413053,0.0000400966237066,0.0000286283848254,0.0000259573462245,0.000023030112061,0.0000145735930346,0.0000164401826623,0.0000119017367979,0.0000122168321468,0.00000906645982468,0.00000608993332207,0.00000588220927966,0.0000056613189372,0.00000486887165607,0.00000381487689083,0.00000308599578602,0.00000209952327168,0.00000169366603586,0.00000126485110741,9.42293524986e-7,7.61347337175e-7,6.45991349302e-7],"dmean2":[0.000918902165722,0.00141420424916,0.000853013363667,0.000673006579746,0.000342549494235,0.000292181008263,0.000218589644646,0.00020443694666,0.000142432792927,0.000167065503774,0.000127310588141,0.0000935723874136,0.000101309728052,0.0000766412194935,0.0000722888726159,0.0000757393718231,0.0000672300448059,0.0000464247095806,0.0000494597261422,0.0000650120418868,0.000046290067985,0.0000415698414145,0.0000373550574295,0.0000235709394474,0.0000272400811809,0.0000193907544599,0.0000202127976081,0.00001518514091,0.0000101433370219,0.0000096704088719,0.00000927980272536,0.00000796446329332,0.00000622719517196,0.00000489325475428,0.00000332055265062,0.00000267309633273,0.00000198560019271,0.00000148066283145,0.00000118903722068,9.97397819447e-7],"dvar":[0.00000154065969582,0.00000219788967115,4.99138593568e-7,3.84488600957e-7,1.33408192937e-7,1.4018218053e-7,1.03053068301e-7,9.19709464142e-8,7.85886484778e-8,7.12680758852e-8,2.2060005378e-8,1.68009179902e-8,1.40582852026e-8,8.74724381816e-9,7.57953344532e-9,9.09784514391e-9,6.82449829981e-9,4.25937418669e-9,2.99058311448e-9,4.59781190898e-9,3.30823834993e-9,2.34364727625e-9,2.49651166406e-9,5.34642996541e-10,7.53311635293e-10,3.71502384411e-10,5.06084008034e-10,2.18914289474e-10,1.14660392292e-10,1.11055858953e-10,1.11502265754e-10,1.04957556535e-10,5.98098306992e-11,3.46635116444e-11,1.62163407702e-11,1.18769430055e-11,1.08817165348e-11,6.05039325932e-12,2.43171932243e-12,1.30381805612e-12],"dvar2":[0.00000425135522164,0.00000600471321377,0.00000129339127852,0.00000103636716631,3.39514485859e-7,3.63789808944e-7,2.62788574901e-7,2.19402608082e-7,2.03814622068e-7,1.6797805813e-7,5.22550784865e-8,3.6591419672e-8,3.15003774176e-8,2.10234176734e-8,1.86021846815e-8,2.17564508631e-8,1.61445630198e-8,1.08132063303e-8,7.12490644261e-9,1.16030074437e-8,8.39980440759e-9,5.98521721074e-9,6.12896977614e-9,1.36217048752e-9,1.99264760248e-9,9.2063845436e-10,1.30758126549e-9,5.81636183661e-10,3.02510655414e-10,2.84807039064e-10,2.766479823e-10,2.65457211768e-10,1.46855194672e-10,8.34557631335e-11,3.76876793662e-11,2.82525825651e-11,2.69269970904e-11,1.52792934555e-11,5.94197998097e-12,3.03970195369e-12],"max":[0.0191095005721,0.0170728694648,0.0130456537008,0.00913735665381,0.00763778435066,0.00901605095714,0.00665886932984,0.0068737831898,0.0114136654884,0.00801446381956,0.00342093291692,0.00369065534323,0.00233678426594,0.00214603403583,0.00169652339537,0.00245766155422,0.00206510140561,0.00214671646245,0.00155150261708,0.0012657654006,0.00129829789512,0.00157970830332,0.00245480937883,0.000524306902662,0.00054924027063,0.000269341922831,0.000468635407742,0.000179063674295,0.000162148920936,0.000196810622583,0.000250540673733,0.000220628717216,0.000156522422913,0.000127615436213,0.0000983990248642,0.0000803185030236,0.000144636360346,0.000124856174807,0.0000424523714173,0.0000397233270633],"mean":[0.000629470916465,0.00125813216437,0.000960059813224,0.00062091217842,0.000311489478918,0.000257227948168,0.0001886455575,0.000192655672436,0.000149355619214,0.00018539193843,0.000137051320053,0.000120083124784,0.000123880410683,0.0000831239667605,0.000074171279266,0.000072435796028,0.0000680820521666,0.0000492260041938,0.0000514315979672,0.0000676393756294,0.0000509999808855,0.0000468526341137,0.0000407617662859,0.0000273547266261,0.0000288553437713,0.0000213195944525,0.0000207677603612,0.0000144665373227,0.0000102839667306,0.00000974055092229,0.00000937910499488,0.00000751359812057,0.00000608109394307,0.00000505916250404,0.00000360943522537,0.00000275801244243,0.00000215107638724,0.00000164876757935,0.00000138049313136,0.00000115138379897],"median":[0.000228411226999,0.000854647485539,0.000751964980736,0.000417855742853,0.000189901998965,0.00011798783089,0.0000786383607192,0.000079128658399,0.0000602303334745,0.0000734382629162,0.0000646530097583,0.0000429179926869,0.0000498694935231,0.000040296545194,0.0000307432128466,0.0000308085654979,0.0000305861940433,0.0000254734004557,0.0000248837750405,0.000032952240872,0.0000269801221293,0.0000245329320023,0.0000220162473852,0.000016124386093,0.0000152232059918,0.0000128290157591,0.0000104656819531,0.00000816034571471,0.00000600528437644,0.00000551224729861,0.00000508774519403,0.00000339638154401,0.00000224941277338,0.00000194567746803,0.00000176955154529,0.00000127631597024,0.00000105084450297,8.36534809423e-7,7.73930992182e-7,6.81883193465e-7],"min":[9.91153930566e-25,1.23450391198e-24,1.31746811755e-24,1.10720779428e-24,1.36532840728e-24,1.33025032663e-24,1.6414554607e-24,1.54227533174e-24,2.0293462564e-24,1.97811565707e-24,1.6248881984e-24,2.15872043094e-24,2.6325114739e-24,1.98553844375e-24,2.66498355256e-24,2.77633698857e-24,3.83407699182e-24,2.53963710459e-24,2.15218846542e-24,2.77500598301e-24,3.33475919882e-24,3.07975399475e-24,2.71911538509e-24,3.63012528781e-24,3.27533194025e-24,4.50544377052e-24,4.44840399948e-24,4.56046839639e-24,4.88513711813e-24,4.65575608842e-24,3.74461661529e-24,5.0029026128e-24,4.67993625289e-24,4.18517807592e-24,4.08480065332e-24,5.33971505932e-24,5.21238817606e-24,5.58792462113e-24,6.48768714228e-24,5.82156155542e-24],"var":[0.00000146903812492,0.00000225188659897,8.13455187654e-7,4.71243396305e-7,1.73715619667e-7,1.817326023e-7,1.22975720274e-7,1.42478242537e-7,1.09491210765e-7,1.36639158654e-7,4.81245869821e-8,6.02980776421e-8,4.1405133544e-8,1.87347151126e-8,1.58882915713e-8,1.63884781301e-8,1.30295267908e-8,6.32170182868e-9,6.74838140924e-9,1.08094031503e-8,5.90249049637e-9,4.42538539147e-9,3.95834565126e-9,1.14847831245e-9,1.55247614764e-9,7.09497127716e-10,9.35619470788e-10,3.12490366916e-10,1.65609609359e-10,1.67042962795e-10,1.74558159594e-10,1.8274097513e-10,1.2959372464e-10,8.96157661967e-11,3.81271091088e-11,2.44194681837e-11,1.93040739643e-11,1.01079483325e-11,5.05122419586e-12,2.87211183655e-12]},"melbands_crest":{"dmean":2.97319030762,"dmean2":4.90077590942,"dvar":7.25303125381,"dvar2":18.3999938965,"max":34.7289619446,"mean":11.7161884308,"median":11.162776947,"min":1.71940732002,"var":19.4870300293},"melbands_flatness_db":{"dmean":0.0230862572789,"dmean2":0.0356374010444,"dvar":0.000524844159372,"dvar2":0.00120543374214,"max":0.414109885693,"mean":0.142174854875,"median":0.137684881687,"min":0.00377234094776,"var":0.00257562799379},"melbands_kurtosis":{"dmean":4.02498006821,"dmean2":6.45579814911,"dvar":43.5429344177,"dvar2":109.224243164,"max":146.355361938,"mean":6.63498544693,"median":3.21135902405,"min":-1.78859162331,"var":94.044090271},"melbands_skewness":{"dmean":0.614501297474,"dmean2":0.953975200653,"dvar":0.422460973263,"dvar2":0.992894768715,"max":11.1738014221,"mean":2.04310488701,"median":1.79015302658,"min":-1.12111628056,"var":1.62008833885},"melbands_spread":{"dmean":9.22529315948,"dmean2":14.7006464005,"dvar":95.2504730225,"dvar2":225.40524292,"max":159.349639893,"mean":38.9463500977,"median":35.4839096069,"min":1.8785302639,"var":519.169494629},"mfcc":{"cov":[[8128.23828125,440.634124756,-298.049377441,144.127227783,-55.4590759277,0.35145559907,-84.7339096069,23.6560497284,50.2494468689,43.4387626648,-41.5129051208,-62.9311599731,-40.8389968872],[440.634124756,830.022766113,-124.085388184,38.2167854309,27.0860691071,-23.4472446442,18.9428386688,-5.40351486206,3.33849430084,-7.5986828804,-28.0738639832,-27.9343070984,-21.1981620789],[-298.049377441,-124.085388184,598.546386719,-17.8809146881,48.210735321,89.6640472412,-9.2592048645,35.4699478149,29.325056076,-31.8677406311,-15.957818985,-28.0101051331,26.3829479218],[144.127227783,38.2167854309,-17.8809146881,268.455566406,48.6191215515,23.6386299133,23.5316314697,30.8845901489,-3.94345068932,21.2700557709,8.62333774567,24.7241592407,19.2560386658],[-55.4590759277,27.0860691071,48.210735321,48.6191215515,147.953201294,33.3037605286,20.8340396881,16.0889225006,26.7066707611,0.634084582329,-3.04138278961,5.13636636734,3.78982377052],[0.35145559907,-23.4472446442,89.6640472412,23.6386299133,33.3037605286,135.599868774,56.348236084,35.0662651062,9.14538192749,6.53936624527,18.9846820831,7.03652048111,-0.266298174858],[-84.7339096069,18.9428386688,-9.2592048645,23.5316314697,20.8340396881,56.348236084,128.839553833,54.5311584473,3.36210012436,6.81961488724,14.5136184692,15.6700668335,-0.776990234852],[23.6560497284,-5.40351486206,35.4699478149,30.8845901489,16.0889225006,35.0662651062,54.5311584473,101.546058655,34.3851051331,2.6173889637,1.08476066589,8.31215381622,10.7037258148],[50.2494468689,3.33849430084,29.325056076,-3.94345068932,26.7066707611,9.14538192749,3.36210012436,34.3851051331,91.1476211548,20.9414405823,-5.48759508133,-8.52226161957,-1.64851808548],[43.4387626648,-7.5986828804,-31.8677406311,21.2700557709,0.634084582329,6.53936624527,6.81961488724,2.6173889637,20.9414405823,85.6026535034,33.8663368225,2.3104121685,-3.20195770264],[-41.5129051208,-28.0738639832,-15.957818985,8.62333774567,-3.04138278961,18.9846820831,14.5136184692,1.08476066589,-5.48759508133,33.8663368225,83.3738632202,35.0270462036,-5.29821109772],[-62.9311599731,-27.9343070984,-28.0101051331,24.7241592407,5.13636636734,7.03652048111,15.6700668335,8.31215381622,-8.52226161957,2.3104121685,35.0270462036,76.6689147949,25.6801700592],[-40.8389968872,-21.1981620789,26.3829479218,19.2560386658,3.78982377052,-0.266298174858,-0.776990234852,10.7037258148,-1.64851808548,-3.20195770264,-5.29821109772,25.6801700592,75.0357971191]],"icov":[[0.000135114052682,-0.0000627287881798,0.0000782729039202,-0.0000773537103669,0.0000838474006741,-0.000128672851133,0.000190351245692,-0.0000976834489848,-0.0000641161022941,-0.0000324177817674,0.0000464107943117,0.0000814000741229,0.0000319863174809],[-0.0000627287881798,0.00134080694988,0.00025202386314,-0.000174567976501,-0.000311104085995,0.000235502666328,-0.000423884834163,0.000216192041989,-0.0000964639621088,0.000240726934862,0.000186637364095,0.000500280817505,0.000132268483867],[0.0000782729039202,0.00025202386314,0.00229783332907,0.000161410600413,-0.000473058607895,-0.00170764967334,0.00106333964504,-0.000647168373689,-0.000416891125496,0.00104309490416,-0.00039108688361,0.00145572645124,-0.0011048594024],[-0.0000773537103669,-0.000174567976501,0.000161410600413,0.00454573845491,-0.00154630816542,-0.000339211983373,0.000333568779752,-0.00158040656243,0.00155622756574,-0.00162087962963,0.000665495812427,-0.00117966672406,-0.000593186065089],[0.0000838474006741,-0.000311104085995,-0.000473058607895,-0.00154630816542,0.00835823453963,-0.00136953114998,-0.000842052919324,0.00119324144907,-0.0028726879973,0.000691300083417,0.000637427787296,-0.00080974411685,0.000203475574381],[-0.000128672851133,0.000235502666328,-0.00170764967334,-0.000339211983373,-0.00136953114998,0.0112061714754,-0.00434552691877,-0.000723476230633,0.000252785219345,-0.000151266795001,-0.00212072697468,0.000296479469398,0.000599002873059],[0.000190351245692,-0.000423884834163,0.00106333964504,0.000333568779752,-0.000842052919324,-0.00434552691877,0.0129648493603,-0.00666861981153,0.00239399774,-0.000823417096399,0.00000120247409541,-0.00126248900779,0.00108661339618],[-0.0000976834489848,0.000216192041989,-0.000647168373689,-0.00158040656243,0.00119324144907,-0.000723476230633,-0.00666861981153,0.0166411902755,-0.00660277204588,0.00180372048635,0.000116336414067,-0.0004289210774,-0.00177777931094],[-0.0000641161022941,-0.0000964639621088,-0.000416891125496,0.00155622756574,-0.0028726879973,0.000252785219345,0.00239399774,-0.00660277204588,0.0158216264099,-0.00529230665416,0.0024087773636,0.000120409837109,0.00104835268576],[-0.0000324177817674,0.000240726934862,0.00104309490416,-0.00162087962963,0.000691300083417,-0.000151266795001,-0.000823417096399,0.00180372048635,-0.00529230665416,0.0170278586447,-0.00854979269207,0.00426397984847,-0.00165435648523],[0.0000464107943117,0.000186637364095,-0.00039108688361,0.000665495812427,0.000637427787296,-0.00212072697468,0.00000120247409541,0.000116336414067,0.0024087773636,-0.00854979269207,0.0208965633065,-0.010752145201,0.00483177788556],[0.0000814000741229,0.000500280817505,0.00145572645124,-0.00117966672406,-0.00080974411685,0.000296479469398,-0.00126248900779,-0.0004289210774,0.000120409837109,0.00426397984847,-0.010752145201,0.0220284797251,-0.00804701354355],[0.0000319863174809,0.000132268483867,-0.0011048594024,-0.000593186065089,0.000203475574381,0.000599002873059,0.00108661339618,-0.00177777931094,0.00104835268576,-0.00165435648523,0.00483177788556,-0.00804701354355,0.0172267518938]],"mean":[-613.334960938,96.039855957,-7.61305379868,24.5235824585,3.88840174675,6.46239948273,0.794311106205,4.7681760788,0.908770978451,-1.84448540211,-3.83134508133,-2.96526908875,-3.30886673927]},"pitch_salience":{"dmean":0.0649729222059,"dmean2":0.106781944633,"dvar":0.00339813833125,"dvar2":0.00896677747369,"max":0.871661305428,"mean":0.57908731699,"median":0.579534888268,"min":0.113324768841,"var":0.00876996293664},"silence_rate_20dB":{"dmean":0,"dmean2":0,"dvar":0,"dvar2":0,"max":1,"mean":1,"median":1,"min":1,"var":0},"silence_rate_30dB":{"dmean":0,"dmean2":0,"dvar":0,"dvar2":0,"max":1,"mean":1,"median":1,"min":1,"var":0},"silence_rate_60dB":{"dmean":0.00523024424911,"dmean2":0.0104616787285,"dvar":0.00520227104425,"dvar2":0.0117145571858,"max":1,"mean":0.0300136432052,"median":0,"min":0,"var":0.0291122570634},"spectral_centroid":{"dmean":271.83380127,"dmean2":424.403625488,"dvar":86555.984375,"dvar2":191811.28125,"max":11609.4707031,"mean":1995.27600098,"median":1876.27758789,"min":245.893875122,"var":1751444.375},"spectral_complexity":{"dmean":4.77635002136,"dmean2":7.31134843826,"dvar":27.6006851196,"dvar2":58.9868927002,"max":60,"mean":24.961233139,"median":25,"min":0,"var":124.550537109},"spectral_contrast_coeffs":{"dmean":[0.0515324100852,0.0493610985577,0.0387339778244,0.0345623940229,0.0258100572973,0.0222335252911],"dmean2":[0.0839840099216,0.0809925869107,0.062509983778,0.0554311648011,0.0404527634382,0.0351136624813],"dvar":[0.00181008130312,0.00168755592313,0.00100471742917,0.000778034911491,0.00048657640582,0.000436202069977],"dvar2":[0.00464117061347,0.00436575291678,0.00248372578062,0.00194833322894,0.00113827839959,0.0010473371949],"max":[-0.26995703578,-0.454603582621,-0.507110834122,-0.529882669449,-0.596346974373,-0.574931144714],"mean":[-0.62242770195,-0.743138492107,-0.753272533417,-0.754754960537,-0.770817160606,-0.743566930294],"median":[-0.620479047298,-0.746960997581,-0.755353748798,-0.757409930229,-0.773201942444,-0.741038858891],"min":[-0.979844391346,-0.979991495609,-0.981619775295,-0.977994441986,-0.966308295727,-0.964267969131],"var":[0.00805158168077,0.00554037280381,0.00431287800893,0.00371146202087,0.00270204199478,0.00262541510165]},"spectral_contrast_valleys":{"dmean":[0.446941792965,0.398526221514,0.335287094116,0.315489709377,0.313037961721,0.381523579359],"dmean2":[0.716104745865,0.643777191639,0.532549202442,0.487922012806,0.457496881485,0.524511694908],"dvar":[0.168945327401,0.137183949351,0.105418026447,0.101251423359,0.125769451261,0.181581452489],"dvar2":[0.364203214645,0.31118914485,0.219517230988,0.199919447303,0.243489265442,0.322126358747],"max":[-5.37778425217,-4.69881105423,-5.32180118561,-5.6044921875,-5.3202214241,-7.64137363434],"mean":[-7.66337680817,-7.09951686859,-7.46532058716,-7.73764610291,-7.44491434097,-9.94667720795],"median":[-7.24412727356,-6.7129201889,-7.0966796875,-7.34376525879,-7.05131912231,-9.54539203644],"min":[-28.238325119,-27.9761543274,-27.8099136353,-27.6614837646,-27.5407447815,-27.4393348694],"var":[7.20136976242,7.44214010239,7.1537361145,6.99871873856,7.20588207245,5.80866146088]},"spectral_decrease":{"dmean":1.82234716206e-9,"dmean2":2.95161539654e-9,"dvar":5.47025995533e-18,"dvar2":1.41509923293e-17,"max":1.87244398094e-28,"mean":-5.54701928834e-9,"median":-5.16990805721e-9,"min":-2.4038762092e-8,"var":9.39170362299e-18},"spectral_energy":{"dmean":0.00745984679088,"dmean2":0.0120101450011,"dvar":0.0000903909749468,"dvar2":0.000232211154071,"max":0.0940488800406,"mean":0.0235041081905,"median":0.0220129154623,"min":9.95892176419e-21,"var":0.000165189660038},"spectral_energyband_high":{"dmean":0.000745868601371,"dmean2":0.0011503235437,"dvar":0.00000158113630278,"dvar2":0.00000380705182579,"max":0.0218215044588,"mean":0.00156686117407,"median":0.00103220529854,"min":7.1617523617e-21,"var":0.00000355206384484},"spectral_energyband_low":{"dmean":0.00383179285564,"dmean2":0.00643465295434,"dvar":0.0000419082898588,"dvar2":0.000113242997031,"max":0.0831119641662,"mean":0.00648995814845,"median":0.00499955192208,"min":9.47837124665e-24,"var":0.0000477217836305},"spectral_energyband_middle_high":{"dmean":0.00232150405645,"dmean2":0.00358042330481,"dvar":0.00000815621297079,"dvar2":0.0000192351981241,"max":0.0365749746561,"mean":0.00764795811847,"median":0.00659019127488,"min":1.1565743934e-21,"var":0.0000338300378644},"spectral_energyband_middle_low":{"dmean":0.00363564467989,"dmean2":0.00588167272508,"dvar":0.0000232310903812,"dvar2":0.0000587397262279,"max":0.0664601698518,"mean":0.00892546586692,"median":0.00768840126693,"min":1.43609641306e-22,"var":0.0000395867791667},"spectral_entropy":{"dmean":0.157879397273,"dmean2":0.226369529963,"dvar":0.0268915593624,"dvar2":0.0528239011765,"max":9.82338237762,"mean":7.83242225647,"median":7.82040691376,"min":5.44943809509,"var":0.150982707739},"spectral_flux":{"dmean":0.0223625078797,"dmean2":0.0344063527882,"dvar":0.00060782773653,"dvar2":0.00122894416563,"max":0.276704102755,"mean":0.0851500555873,"median":0.0798536911607,"min":6.30864666062e-11,"var":0.00145756395068},"spectral_kurtosis":{"dmean":1.07547497749,"dmean2":1.74469137192,"dvar":1.45672380924,"dvar2":3.85881853104,"max":23.314825058,"mean":3.36333394051,"median":3.18540978432,"min":-1.24678945541,"var":3.63961553574},"spectral_rms":{"dmean":0.000721054966561,"dmean2":0.00113026064355,"dvar":6.41832912152e-7,"dvar2":0.00000155675093083,"max":0.00957888364792,"mean":0.00457491120324,"median":0.00463422201574,"min":3.11705327348e-12,"var":0.00000200093040803},"spectral_rolloff":{"dmean":599.178710938,"dmean2":991.970214844,"dvar":671759.125,"dvar2":1551384.625,"max":19444.4824219,"mean":2541.80859375,"median":2196.38671875,"min":64.599609375,"var":6162454},"spectral_skewness":{"dmean":0.183572813869,"dmean2":0.288656622171,"dvar":0.0337448753417,"dvar2":0.0814250260592,"max":3.94163799286,"mean":1.29444873333,"median":1.31019425392,"min":-0.0936634764075,"var":0.155375689268},"spectral_spread":{"dmean":624142.1875,"dmean2":891640.5625,"dvar":669431365632,"dvar2":1356073271300,"max":47222812,"mean":5431969,"median":4703541,"min":1788051,"var":22887136231400},"spectral_strongpeak":{"dmean":0.638859808445,"dmean2":1.11261951923,"dvar":1.21265792847,"dvar2":3.03014850616,"max":12.2197999954,"mean":0.939644217491,"median":0.410801112652,"min":0,"var":1.75656092167},"zerocrossingrate":{"dmean":0.0115690175444,"dmean2":0.0139650991186,"dvar":0.000154409572133,"dvar2":0.000226319185458,"max":0.5283203125,"mean":0.0911513864994,"median":0.08203125,"min":0.00927734375,"var":0.00377199146897}},"metadata":{"audio_properties":{"analysis_sample_rate":44100,"bit_rate":192025,"codec":"mp3","downmix":"mix","equal_loudness":0,"length":204.199188232,"lossless":false,"md5_encoded":"c5627b944abfe70dd81de275c64a83be","replay_gain":-10.9174766541,"sample_rate":44100},"tags":{"album":["The Box Set"],"albumartist":["Chicago"],"albumartistsort":["Chicago"],"artist":["Chicago"],"artistsort":["Chicago"],"asin":["B0000A0DVG"],"barcode":["081227387129"],"catalognumber":["R2 73871"],"date":["2003"],"discnumber":["5/5"],"file_name":"Caravan - Chicago.mp3","genre":["Progressive Rock"],"label":["Rhino"],"media":["CD"],"musicbrainz album release country":["US"],"musicbrainz album status":["official"],"musicbrainz album type":["album/compilation"],"musicbrainz_albumartistid":["3f5be744-e867-42fb-8913-5fd69e4099b5"],"musicbrainz_albumid":["96ab4fc0-ea61-4d4c-8bc6-70089a897636"],"musicbrainz_artistid":["3f5be744-e867-42fb-8913-5fd69e4099b5"],"musicbrainz_recordingid":["1c0f1f2a-9a4d-4984-a169-428381c763b8"],"musicbrainz_releasegroupid":["083fc5c8-80b8-3445-acad-196ccf8e0b85"],"originaldate":["2003"],"script":["Latn"],"title":["Caravan"],"tracknumber":["15/19"]},"version":{"essentia":"2.1-beta2","essentia_build_sha":"70f2e5ece6736b2c40cc944ad0e695b16b925413","essentia_git_sha":"v2.1_beta2","extractor":"music 1.0"}},"rhythm":{"beats_count":387,"beats_loudness":{"dmean":0.0103122135624,"dmean2":0.0181138962507,"dvar":0.0000633640229353,"dvar2":0.000196381835849,"max":0.0635918751359,"mean":0.02970938012,"median":0.0293380189687,"min":0,"var":0.000106603416498},"beats_loudness_band_ratio":{"dmean":[0.210834264755,0.0900151357055,0.0798757597804,0.081196680665,0.0693029910326,0.0632295757532],"dmean2":[0.36049285531,0.160816580057,0.139441549778,0.138632357121,0.118402555585,0.107725828886],"dvar":[0.0260294117033,0.00580949755386,0.00601081224158,0.00560934375972,0.0036371096503,0.00330449943431],"dvar2":[0.0707333311439,0.01