{"lowlevel":{"average_loudness":0.921250402927,"barkbands":{"dmean":[3.68284077013e-7,2.93891332603e-7,6.3143190232e-8,0.0000101557207017,0.000176183675649,0.000158816968906,0.000294870143989,0.000327717425535,0.000932281080168,0.000640382117126,0.000227083655773,0.000102300749859,0.0000997107345029,0.000123667210573,0.0000924164269236,0.000407625251682,0.000451477128081,0.000380662677344,0.000461335206637,0.00020287220832,0.0000623805826763,0.0000310221366817,0.0000198551551875,0.0000594245248067,0.00000843716497911,0.00000553953941562,4.28516557349e-7],"dmean2":[6.53087056435e-7,5.11730775088e-7,1.11535996439e-7,0.0000128596675495,0.000282756111119,0.000238742140937,0.000433841109043,0.000495353539009,0.00135989522096,0.000917436147574,0.000324340158841,0.000154403780471,0.000156720896484,0.000179898008355,0.000141134645673,0.000569223600905,0.00065334799001,0.000567237322684,0.000679881020915,0.000295097212074,0.0000923505140236,0.0000458798967884,0.0000298809427477,0.0000848817071528,0.0000125350952658,0.0000081078551375,6.49080277526e-7],"dvar":[2.61049103341e-13,5.23770751163e-13,1.48356831377e-13,5.7293214617e-9,1.87865524026e-7,1.22205008779e-7,3.09759400352e-7,4.97593930504e-7,0.00000543202349945,0.00000386523197449,3.52759371935e-7,4.62779041754e-8,4.85152717999e-8,9.89570594356e-8,6.94404391766e-8,0.0000010857019106,0.00000113989369765,8.0202977415e-7,6.0074034991e-7,1.45312156974e-7,1.80737149691e-8,4.12752942935e-9,1.50477075245e-9,2.32313741577e-8,2.30071989238e-10,1.37085093277e-10,9.4275086869e-13],"dvar2":[7.27528172255e-13,1.1461936001e-12,4.0361287988e-13,8.07400635239e-9,4.65125935989e-7,2.55102861502e-7,6.16259342223e-7,0.00000101581940726,0.0000104804530565,0.00000789084424468,5.62407421967e-7,8.90929712227e-8,1.10403128417e-7,1.85416567433e-7,1.39680921052e-7,0.00000188547505786,0.00000198496172743,0.00000145799708662,0.00000118564491913,2.78156306877e-7,3.35866410239e-8,8.9645713075e-9,3.04027913955e-9,4.11747009821e-8,4.74471795187e-10,2.58738447334e-10,1.97814702986e-12],"max":[0.00000632933733868,0.0000189421007235,0.000010770040717,0.00235538231209,0.00525986216962,0.00495047634467,0.00579763669521,0.0105845676735,0.0341067090631,0.040772497654,0.0156094636768,0.00364701682702,0.00244005164132,0.00646622106433,0.00590434158221,0.0154917556792,0.0154709387571,0.0177507717162,0.00856821145862,0.004750801716,0.00212806533091,0.000955882074777,0.000859842402861,0.00292045483366,0.000206789598451,0.000187114492292,0.0000134049605549],"mean":[3.55689621756e-7,7.62176625813e-7,9.75708118744e-8,0.0000148174149217,0.000380075100111,0.000306143832859,0.000609414710198,0.000640493119135,0.00162185635418,0.0012348605087,0.000502670765854,0.000177960668225,0.000153181783389,0.000190550577827,0.0001606279111,0.000803961302154,0.000824182352517,0.000755869376007,0.000893262040336,0.000375102827093,0.000119966323837,0.0000630170325167,0.0000368414730474,0.000111387715151,0.0000177708916453,0.0000109746497401,8.08281583886e-7],"median":[1.87415977848e-7,7.00485372818e-7,7.21421642425e-8,2.17985274276e-8,0.00000318173397318,0.0000280092099274,0.00010126948473,0.000135051173856,0.000259996071691,0.000134929243359,0.0000470961967949,0.0000502835137013,0.0000474491935165,0.0000311102194246,0.0000234808103414,0.000111468441901,0.00019223576237,0.00024954174296,0.000408700638218,0.000117250056064,0.0000359294317605,0.0000175581390067,0.0000125496981127,0.0000194735839614,0.0000038998286982,0.00000185371970929,1.36307747312e-7],"min":[9.32876442761e-10,4.24759960538e-8,4.25847357377e-9,5.75762992838e-10,7.51040729607e-10,3.87710530347e-9,3.54552764925e-9,5.11382136636e-9,6.8236405415e-10,2.53599830025e-9,1.04759112496e-9,1.45456047207e-8,1.39991507275e-9,1.8168789806e-9,7.37219063573e-10,6.09647610172e-10,7.37611660639e-9,1.09583708774e-9,1.73663483594e-9,6.32242591614e-10,1.38870415167e-9,1.21277743403e-9,1.31955280036e-9,1.77082870589e-9,3.94215415866e-9,6.47807851806e-9,1.32861757152e-8],"var":[2.61829322329e-13,6.05573859287e-13,9.62226988626e-14,1.61687605527e-8,6.26490134437e-7,3.42778690765e-7,0.00000103970489818,0.00000181035329661,0.000011641560377,0.0000097183183243,0.00000214474198401,1.28376299813e-7,7.6434467644e-8,2.49802866392e-7,1.52719451307e-7,0.00000353647351403,0.00000316305704473,0.00000217410547521,0.00000152281336341,3.86316003187e-7,5.10723303648e-8,1.1998159799e-8,4.25670831916e-9,6.11812467355e-8,7.71023578316e-10,4.05375816248e-10,2.19686139939e-12]},"barkbands_crest":{"dmean":2.44603347778,"dmean2":3.99448227882,"dvar":6.44024181366,"dvar2":14.7604818344,"max":26.3278675079,"mean":11.0560941696,"median":10.0500974655,"min":3.31369566917,"var":21.0620155334},"barkbands_flatness_db":{"dmean":0.0197163391858,"dmean2":0.0308874454349,"dvar":0.000345135485986,"dvar2":0.00079844717402,"max":0.459527492523,"mean":0.208956331015,"median":0.200107172132,"min":0.0596441626549,"var":0.0024337368086},"barkbands_kurtosis":{"dmean":1.75831949711,"dmean2":2.88583731651,"dvar":65.433631897,"dvar2":183.776855469,"max":230.29309082,"mean":1.49115943909,"median":-0.3575989604,"min":-1.69934415817,"var":59.2895050049},"barkbands_skewness":{"dmean":0.40987226367,"dmean2":0.617029666901,"dvar":0.251153677702,"dvar2":0.584588348866,"max":11.2619113922,"mean":0.869551241398,"median":0.820809602737,"min":-1.71519458294,"var":1.10873103142},"barkbands_spread":{"dmean":3.07803297043,"dmean2":4.71912813187,"dvar":12.2920017242,"dvar2":25.6694259644,"max":51.0241661072,"mean":17.4597835541,"median":18.4087848663,"min":0.282306343317,"var":53.3046569824},"dissonance":{"dmean":0.0224775224924,"dmean2":0.0377182215452,"dvar":0.000451108790003,"dvar2":0.00122609862592,"max":0.49988079071,"mean":0.453248649836,"median":0.464601069689,"min":0.122011266649,"var":0.00197004061192},"dynamic_complexity":3.55159497261,"erbbands":{"dmean":[0.0000152207312567,0.0000517147891514,0.000279403291643,0.0148347765207,0.227221980691,0.795406401157,0.706633627415,1.63333284855,4.00647830963,4.65482997894,8.16721153259,21.34025383,19.6606025696,15.4133291245,8.63859844208,3.9815120697,4.16096735001,5.85281944275,4.97965621948,10.435303688,21.129283905,19.3396110535,22.5993232727,22.6217536926,17.4254989624,7.55400848389,3.07977938652,2.11260223389,1.34807503223,0.476967841387,0.64997625351,1.36790561676,0.625202596188,0.0884670764208,0.0797628164291,0.0459215417504,0.00476745935157,0.000826228118967,0.0000805632662377,0.00000673603881296],"dmean2":[0.0000261101286014,0.0000856618862599,0.000373414717615,0.0190629996359,0.337894678116,1.27333569527,1.07053565979,2.47769117355,5.93343687057,6.99160242081,12.062743187,31.5015277863,28.5440483093,22.0372695923,12.1912565231,5.84992027283,6.42364788055,8.32294464111,7.44764184952,15.4390392303,29.0225925446,27.4977474213,32.8123512268,32.5272026062,25.8035488129,11.0465450287,4.58058071136,3.02613806725,1.98082590103,0.725752711296,0.978362679482,1.97461724281,0.905403912067,0.128903120756,0.117854997516,0.0669568628073,0.00694441562518,0.00123530905694,0.000120386641356,0.00000959374847298],"dvar":[1.10516407137e-9,1.68594578298e-8,0.00000178000584583,0.00791167933494,0.636531949043,4.59041690826,2.7088766098,15.1570930481,74.0217819214,77.2227020264,355.49508667,3275.25463867,3027.40112305,2769.89086914,473.530670166,72.0614776611,75.817855835,250.253677368,224.14024353,755.802246094,2581.15161133,1765.30249023,3227.2175293,1667.80944824,947.160949707,214.187149048,39.7677078247,20.8255825043,8.44146156311,0.760693490505,1.66657447815,11.7190132141,2.25902915001,0.0295481290668,0.022593325004,0.0105933826417,0.0000759186295909,0.00000257489227806,2.98745632676e-8,9.69671842821e-11],"dvar2":[2.52123055766e-9,3.79468261258e-8,0.00000248177752837,0.011400074698,1.31961560249,11.0688991547,5.59686231613,30.9721183777,140.436080933,170.674163818,665.31262207,6410.07861328,5776.42431641,5238.89453125,777.829284668,127.638389587,169.596542358,447.951049805,454.006591797,1362.39489746,4512.76953125,2814.7043457,5355.87841797,3191.63500977,1832.65063477,391.3152771,77.4812164307,35.9300613403,17.5418338776,1.67307698727,3.3455851078,20.2667312622,4.32694387436,0.0579847730696,0.0478353016078,0.0195493735373,0.00014741976338,0.00000571626196688,5.87972444066e-8,1.67027669473e-10],"max":[0.000968131935224,0.00370930344798,0.0440376214683,2.80035185814,14.8513832092,28.8281707764,22.5820541382,44.5358505249,101.077919006,121.294006348,285.716827393,1027.64746094,956.366638184,1544.30004883,583.991271973,172.930496216,106.140869141,383.009155273,421.940216064,548.350952148,852.332824707,748.296142578,1223.53625488,486.430603027,338.424163818,239.148101807,104.598266602,83.3606643677,47.9063072205,13.6708593369,18.3900489807,61.9909934998,27.9956760406,2.69612336159,2.35932803154,1.74862992764,0.10286488384,0.0217880029231,0.00265639275312,0.000112040332169],"mean":[0.0000317870180879,0.000160289506312,0.000524843577296,0.0244731176645,0.45311999321,1.58701324463,1.56905925274,3.07056331635,8.01333427429,9.99583816528,17.1149368286,37.192565918,35.7801208496,35.8396873474,19.6095275879,7.98720121384,7.0903840065,9.77388572693,9.02507686615,22.1291503906,43.5034484863,40.8364715576,48.3765144348,45.9636917114,37.2340164185,15.8142557144,6.40798664093,4.25388765335,2.84564471245,1.01304638386,1.33283293247,2.72270870209,1.13736987114,0.183383494616,0.163628578186,0.0892616063356,0.0100741917267,0.00164714828134,0.000162783762789,0.0000196435648832],"median":[0.0000278569950751,0.000146903825225,0.000115640053991,0.00019028323004,0.00198039319366,0.0207235123962,0.16612483561,0.472067981958,1.61491107941,3.16944336891,4.78106689453,7.66071033478,7.31361055374,4.78697156906,3.87227582932,2.98975777626,3.06444334984,2.91794276237,2.47023630142,4.2296795845,9.99090480804,13.1507568359,18.0223293304,19.9871730804,17.6694965363,6.16041660309,2.25388264656,1.09057760239,0.755826950073,0.37195327878,0.425866514444,0.456034183502,0.222991347313,0.0493388287723,0.0311814956367,0.011071998626,0.00289662787691,0.000414199166698,0.0000331512383127,0.0000127173834699],"min":[0.00000192130346477,0.0000122684632515,0.0000276040664176,0.00000970272958511,0.0000108564017864,0.0000111383351395,0.0000417289993493,0.0000949206732912,0.0000453618304164,0.000190716746147,0.0000743354539736,0.0000220141046157,0.0000537730629731,0.000087667380285,0.0000803148941486,0.000671499758027,0.000360907317372,0.000161551666679,0.0000405886312365,0.000044902011723,0.000275301426882,0.000313975295285,0.0000568170835322,0.0000723884004401,0.0000875169716892,0.0000315839715768,0.000080205645645,0.0000499372254126,0.0000379287448595,0.0000359531077265,0.0000434736539319,0.0000346024680766,0.0000328958085447,0.0000424128375016,0.0000267771956715,0.0000233449973166,0.0000143215502248,0.00000724380834072,0.00000130960779643,2.22733163469e-7],"var":[1.22209375952e-9,2.17318323337e-8,0.0000057510364968,0.0238630510867,2.00014591217,13.8832607269,10.1811971664,38.2594032288,213.151901245,234.93359375,1256.88513184,6818.81689453,5958.08886719,9593.43359375,2871.12353516,237.897293091,126.579391479,615.160095215,439.46585083,2738.11499023,8009.24267578,5899.81933594,9256.84082031,4548.77392578,2726.02514648,638.013549805,118.454940796,66.3927688599,27.1211204529,2.36047244072,4.95967245102,33.1921348572,5.99875926971,0.0981044769287,0.0707730725408,0.0309730451554,0.000248486292548,0.00000704781587046,7.84251099617e-8,3.85515119827e-10]},"erbbands_crest":{"dmean":2.67402124405,"dmean2":4.27548217773,"dvar":8.17980480194,"dvar2":17.6551113129,"max":31.1875534058,"mean":11.0142564774,"median":9.71193695068,"min":3.8553853035,"var":24.2290878296},"erbbands_flatness_db":{"dmean":0.0139312259853,"dmean2":0.0216652434319,"dvar":0.000224405608606,"dvar2":0.00050963985268,"max":0.405742824078,"mean":0.263778209686,"median":0.260893344879,"min":0.0611164756119,"var":0.00186348799616},"erbbands_kurtosis":{"dmean":0.882408738136,"dmean2":1.42909431458,"dvar":2.94305038452,"dvar2":7.79486608505,"max":26.6019248962,"mean":0.0724356770515,"median":-0.509183526039,"min":-1.66311907768,"var":3.99356174469},"erbbands_skewness":{"dmean":0.356458753347,"dmean2":0.536763072014,"dvar":0.161296904087,"dvar2":0.355445176363,"max":4.2399687767,"mean":0.194910302758,"median":0.0989929437637,"min":-1.92403030396,"var":0.690964877605},"erbbands_spread":{"dmean":4.4289188385,"dmean2":6.77433681488,"dvar":20.2845783234,"dvar2":44.7615737915,"max":61.269317627,"mean":27.5347881317,"median":26.9048614502,"min":3.46476340294,"var":93.1832580566},"gfcc":{"cov":[[5737.46630859,-3239.39379883,-2004.15820313,-20.8636226654,-418.979492188,250.53956604,-246.107788086,691.791870117,491.11932373,648.151367188,135.316940308,291.365844727,13.1347417831],[-3239.39379883,4449.42773438,1945.77038574,-10.365811348,-87.5998458862,-881.457824707,-487.216766357,-1448.6583252,-974.677856445,-845.653503418,-58.5168762207,-290.99710083,-67.1360244751],[-2004.15820313,1945.77038574,1384.92102051,19.1313076019,54.3846206665,-348.876464844,-162.135177612,-606.668701172,-490.380493164,-411.593231201,-175.597930908,-200.544921875,-147.113845825],[-20.8636226654,-10.365811348,19.1313076019,175.59211731,52.4200134277,9.00726318359,-29.4732246399,-45.7988319397,-35.4429397583,-62.9603233337,-66.2175598145,-58.3059997559,-12.7245550156],[-418.979492188,-87.5998458862,54.3846206665,52.4200134277,209.974395752,132.792312622,94.6845779419,45.4218215942,4.73687982559,-60.2053947449,-70.0287322998,-12.9498758316,-12.37911129],[250.53956604,-881.457824707,-348.876464844,9.00726318359,132.792312622,326.757995605,221.327926636,325.284637451,201.832733154,105.273582458,-33.8439064026,47.5534667969,39.8566818237],[-246.107788086,-487.216766357,-162.135177612,-29.4732246399,94.6845779419,221.327926636,305.128326416,298.990020752,157.53918457,54.3165359497,-33.3546333313,5.95066833496,23.7345867157],[691.791870117,-1448.6583252,-606.668701172,-45.7988319397,45.4218215942,325.284637451,298.990020752,649.17980957,418.511291504,288.69934082,13.3253831863,55.0150909424,-0.0084037669003],[491.11932373,-974.677856445,-490.380493164,-35.4429397583,4.73687982559,201.832733154,157.53918457,418.511291504,375.163269043,256.193908691,61.5038414001,36.1713676453,-7.69743585587],[648.151367188,-845.653503418,-411.593231201,-62.9603233337,-60.2053947449,105.273582458,54.3165359497,288.69934082,256.193908691,349.956695557,151.89881897,93.7911453247,-13.3001279831],[135.316940308,-58.5168762207,-175.597930908,-66.2175598145,-70.0287322998,-33.8439064026,-33.3546333313,13.3253831863,61.5038414001,151.89881897,220.488250732,105.19127655,34.9112854004],[291.365844727,-290.99710083,-200.544921875,-58.3059997559,-12.9498758316,47.5534667969,5.95066833496,55.0150909424,36.1713676453,93.7911453247,105.19127655,157.805206299,87.9482650757],[13.1347417831,-67.1360244751,-147.113845825,-12.7245550156,-12.37911129,39.8566818237,23.7345867157,-0.0084037669003,-7.69743585587,-13.3001279831,34.9112854004,87.9482650757,212.893310547]],"icov":[[0.00142306927592,0.000904553686269,0.00186352408491,0.000638855679426,0.00230482639745,-0.000296574406093,0.00226491340436,-0.000226619013119,0.00210940348916,0.000242654190515,0.00128644646611,-0.000410056090914,0.00151026761159],[0.000904553686269,0.00472006946802,-0.000680060184095,0.00272911018692,0.000239928325755,0.00471210945398,-0.00185183167923,0.00563472462818,-0.000536981911864,0.00463705975562,-0.00368587044068,0.00384639110416,-0.000249974487815],[0.00186352408491,-0.000680060184095,0.00567959016189,0.000917119614314,0.00216339412145,-0.000728258048184,0.0030409344472,-0.00169495597947,0.00508104357868,-0.00200783321634,0.00461077084765,-0.00118496688083,0.00336485216394],[0.000638855679426,0.00272911018692,0.000917119614314,0.0101404702291,-0.0022575231269,0.00201516412199,0.00114041392226,0.00331000913866,0.00114159169607,0.00234862836078,-0.00116355437785,0.00635024532676,-0.000819032022264],[0.00230482639745,0.000239928325755,0.00216339412145,-0.0022575231269,0.0145188653842,-0.0081450343132,0.00382982427254,-0.000930359004997,0.00288203987293,0.00138673011679,0.00326112797484,-0.00434194970876,0.00468533346429],[-0.000296574406093,0.00471210945398,-0.000728258048184,0.00201516412199,-0.0081450343132,0.0199744813144,-0.00937711820006,0.00593446521088,-0.0038118804805,0.00351183302701,-0.00175733992364,0.00200731027871,-0.00250549148768],[0.00226491340436,-0.00185183167923,0.0030409344472,0.00114041392226,0.00382982427254,-0.00937711820006,0.0172214899212,-0.010945986025,0.00636737514287,-0.000615693104919,0.00269220583141,-0.000767909747083,0.0015711459564],[-0.000226619013119,0.00563472462818,-0.00169495597947,0.00331000913866,-0.000930359004997,0.00593446521088,-0.010945986025,0.019838321954,-0.00986057799309,0.00316925020888,-0.00195445935242,0.00339352875017,-0.000366453372408],[0.00210940348916,-0.000536981911864,0.00508104357868,0.00114159169607,0.00288203987293,-0.0038118804805,0.00636737514287,-0.00986057799309,0.0187766421586,-0.0053899413906,0.00137829768937,0.00333827314898,0.00218789675273],[0.000242654190515,0.00463705975562,-0.00200783321634,0.00234862836078,0.00138673011679,0.00351183302701,-0.000615693104919,0.00316925020888,-0.0053899413906,0.016091145575,-0.00979006569833,0.00183911982458,0.001348234131],[0.00128644646611,-0.00368587044068,0.00461077084765,-0.00116355437785,0.00326112797484,-0.00175733992364,0.00269220583141,-0.00195445935242,0.00137829768937,-0.00979006569833,0.0184237062931,-0.0107999900356,0.00297187734395],[-0.000410056090914,0.00384639110416,-0.00118496688083,0.00635024532676,-0.00434194970876,0.00200731027871,-0.000767909747083,0.00339352875017,0.00333827314898,0.00183911982458,-0.0107999900356,0.0220737475902,-0.00685579469427],[0.00151026761159,-0.000249974487815,0.00336485216394,-0.000819032022264,0.00468533346429,-0.00250549148768,0.0015711459564,-0.000366453372408,0.00218789675273,0.001348234131,0.00297187734395,-0.00685579469427,0.00987592618912]],"mean":[-103.242080688,16.3542518616,-199.772018433,-12.1927547455,-88.1540298462,-19.4122333527,-35.6407318115,28.7970275879,-15.789276123,-0.286072105169,-1.7866345644,5.06536436081,-4.90845918655]},"hfc":{"dmean":6.06891298294,"dmean2":8.5854549408,"dvar":86.0261611938,"dvar2":144.83493042,"max":100.722305298,"mean":17.4781608582,"median":10.5189113617,"min":0.000756750465371,"var":362.936126709},"melbands":{"dmean":[1.06812827028e-7,3.81461333632e-8,0.0000068007830123,0.000037156016333,0.0000275518796116,0.0000373027542082,0.0000598916376475,0.000053612733609,0.0000703238256392,0.000148252787767,0.0000999789263005,0.0000688767249812,0.0000277325070783,0.0000158884886332,0.0000091526462711,0.0000107326732177,0.0000118879643196,0.00000931319300435,0.0000067875471359,0.0000293475641229,0.0000253659654845,0.0000215018808376,0.0000274343510682,0.0000166558256751,0.0000212124577956,0.0000150453133756,0.000012122563021,0.00000446596231995,0.00000225492226491,0.00000155239479227,0.00000140292672768,8.92053549251e-7,4.77467779092e-7,2.27285156029e-7,3.31896671923e-7,7.51168272473e-7,0.00000100630734323,5.80237895065e-7,1.67197441669e-7,5.50614771555e-8],"dmean2":[1.83101562357e-7,6.62581172151e-8,0.00000898455436982,0.0000590172130615,0.0000432229353464,0.000055914708355,0.0000883222892298,0.0000820378554636,0.000103352678707,0.000218231420149,0.00014554450172,0.0000992211207631,0.0000395395400119,0.0000233500159084,0.0000140731444844,0.0000165167766681,0.0000171824813151,0.0000138978484756,0.0000101688219729,0.0000416649018007,0.0000355377160304,0.0000305937028315,0.0000386084211641,0.00002451788896,0.0000305948124151,0.0000222954622586,0.0000178573136509,0.00000660550676912,0.00000333693901666,0.00000230847513194,0.00000200066619982,0.00000131846456952,7.11686823252e-7,3.57871130063e-7,5.05894661273e-7,0.00000106489358132,0.00000145025808251,8.48691058764e-7,2.51519622907e-7,8.24162142976e-8],"dvar":[5.80099526358e-14,1.88321953247e-14,1.26735999473e-9,1.07782369696e-8,4.01890654089e-9,7.06393432637e-9,1.4485142863e-8,9.99389904166e-9,2.45592381987e-8,1.59464491389e-7,8.0360081256e-8,5.73205198862e-8,5.16279552443e-9,1.1260345989e-9,4.5875886423e-10,6.37636610179e-10,1.14093523518e-9,7.63549057314e-10,2.92118357281e-10,7.29073335037e-9,4.21503720816e-9,2.63259414268e-9,5.02841013272e-9,1.39093192519e-9,1.62081126298e-9,6.80815570586e-10,5.53963319661e-10,1.1117193971e-10,2.41984939031e-11,1.57934984535e-11,1.15949897253e-11,4.25983120306e-12,8.66780497204e-13,2.43309035029e-13,4.5759365264e-13,3.81523111714e-12,6.29764383003e-12,1.9432120843e-12,1.72691735586e-13,1.21921736081e-14],"dvar2":[1.28795127233e-13,4.74213496162e-14,2.05233274819e-9,2.51586040889e-8,9.33053190266e-9,1.3902474727e-8,2.85992260984e-8,2.24014975458e-8,4.40062173368e-8,3.11824152277e-7,1.54735332103e-7,1.11781773171e-7,8.77338468541e-9,2.0506945031e-9,9.21552389954e-10,1.3219165762e-9,2.04855421515e-9,1.55193480289e-9,5.88214921216e-10,1.22101129207e-8,6.99976387963e-9,4.28469215663e-9,8.0451920681e-9,2.43729791904e-9,3.07296432744e-9,1.27802912697e-9,1.09483322408e-9,1.84332438202e-10,4.18367528121e-11,2.99757892119e-11,1.95734539687e-11,9.12407302489e-12,1.68997248921e-12,5.81973867968e-13,9.64924429421e-13,7.18430480037e-12,1.15281673096e-11,3.7127705424e-12,3.6602874052e-13,2.60013127836e-14],"max":[0.00000682646987116,0.00000286781050818,0.00103951932397,0.00148648931645,0.00076866109157,0.00112705060747,0.00135429075453,0.00138770439662,0.00225988100283,0.0068292808719,0.00506895733997,0.00681383069605,0.00218889932148,0.000476836459711,0.000273165642284,0.000306989240926,0.000822716159746,0.000733267574105,0.000304537068587,0.00162821600679,0.00105464714579,0.000805786810815,0.00103068444878,0.000660902354866,0.000478246569401,0.000353494251613,0.000246399722528,0.000171352890902,0.000105604725832,0.0000815126404632,0.0000635227843304,0.0000401093093387,0.0000151240328705,0.00000753920994612,0.0000103721049527,0.0000386522551707,0.0000447680031357,0.0000262507710431,0.00000674168131809,0.00000195549796445],"mean":[2.62724086042e-7,1.01326101287e-7,0.0000112072193588,0.0000769642065279,0.0000608816444583,0.0000707669823896,0.000123874066048,0.000114934067824,0.000142415476148,0.0002491758205,0.000179515947821,0.000151983171236,0.0000622019579168,0.0000310361865559,0.000014452924006,0.0000165981764439,0.0000188201775018,0.0000142909357237,0.0000118300786198,0.0000577243372391,0.000047557427024,0.0000392028159695,0.000053027550166,0.0000327850029862,0.0000384659251722,0.000029230472137,0.0000217416654777,0.00000846821512823,0.00000429339979746,0.00000276988566839,0.00000258091017713,0.00000169213842582,9.50272522005e-7,3.98774261612e-7,5.99651002631e-7,0.00000136186531563,0.00000188113256172,0.00000100615500287,2.78689640254e-7,1.03230881621e-7],"median":[2.35671834048e-7,9.02830876726e-8,2.42597906208e-8,2.40473468693e-7,0.00000345823627868,0.00000799568260845,0.0000237968779402,0.0000316618134093,0.0000333728166879,0.0000407354127674,0.0000322193591273,0.0000127517969304,0.00000831873239804,0.00000695391827321,0.00000499631642015,0.00000444729857918,0.00000358152783519,0.00000261192144535,0.00000188484364116,0.00000615722910879,0.00000897917834664,0.0000103618185676,0.0000132096674861,0.0000113009864435,0.00001253839946,0.0000125977549033,0.00000636138838672,0.00000242536589212,0.00000124347104702,7.18704882274e-7,4.63480972712e-7,4.13191429516e-7,2.420477756e-7,1.49383353687e-7,2.17333550268e-7,2.23922398845e-7,2.87942640398e-7,1.88168712612e-7,4.83941811069e-8,3.20646158514e-8],"min":[2.65409205724e-8,2.40583819533e-8,1.1142760048e-9,4.20041917915e-10,1.04025210668e-9,2.1034038955e-9,5.69829072816e-10,2.23242646591e-9,4.46255421505e-10,1.02343654385e-10,2.63771449127e-10,3.53304857592e-10,1.29000199411e-10,1.20972221129e-9,1.55160673199e-9,1.84415704929e-10,2.19959953029e-10,4.94197148482e-11,5.30739237281e-11,5.24086780918e-11,3.43102657396e-10,4.3479767009e-10,3.90382864923e-11,6.32302959991e-11,5.33818475534e-11,8.32120206073e-11,2.66530946619e-11,1.88140076435e-11,3.85389289925e-11,3.32662786207e-11,1.98239289567e-11,1.95694849214e-11,1.96339229597e-11,1.61703671286e-11,2.74245921111e-11,1.83837684659e-11,2.34275741168e-11,1.96307917838e-11,3.15038342635e-11,3.65286377535e-11],"var":[6.85133305883e-14,1.49661370536e-14,4.07901978861e-9,3.42883765825e-8,1.41505633877e-8,1.94887981309e-8,4.50214763248e-8,3.15767962888e-8,8.59064002157e-8,3.30501336521e-7,1.59433042768e-7,1.87462276813e-7,3.23039444083e-8,3.96372623612e-9,8.0367618116e-10,1.123262372e-9,2.90331447772e-9,1.35329347728e-9,7.14589720729e-10,2.49154599175e-8,1.19696785816e-8,7.28182891763e-9,1.50415981892e-8,3.67634411802e-9,4.07497235955e-9,1.84770254652e-9,1.3915746333e-9,3.19074905386e-10,7.10784209268e-11,4.34606448052e-11,3.43467546071e-11,1.07759981494e-11,2.84572062095e-12,4.78675747043e-13,1.08481452987e-12,9.63574359192e-12,1.6696777641e-11,4.93468330434e-12,4.13209397254e-13,3.2456276436e-14]},"melbands_crest":{"dmean":3.04843711853,"dmean2":4.88003826141,"dvar":9.14968109131,"dvar2":21.3208293915,"max":34.0233688354,"mean":15.1950531006,"median":14.452545166,"min":5.0136089325,"var":31.0615005493},"melbands_flatness_db":{"dmean":0.0205232854933,"dmean2":0.0317218825221,"dvar":0.000391345267417,"dvar2":0.000874630990438,"max":0.534437179565,"mean":0.210309281945,"median":0.201437607408,"min":0.104902110994,"var":0.00377203454264},"melbands_kurtosis":{"dmean":2.37929415703,"dmean2":3.75061893463,"dvar":19.1144809723,"dvar2":48.6163368225,"max":93.0893707275,"mean":4.01959848404,"median":2.43435311317,"min":-1.54531443119,"var":36.6935272217},"melbands_skewness":{"dmean":0.43476203084,"dmean2":0.654894471169,"dvar":0.208502292633,"dvar2":0.465870141983,"max":6.71921730042,"mean":1.58523964882,"median":1.59761655331,"min":-1.34460914135,"var":0.914267778397},"melbands_spread":{"dmean":5.80926895142,"dmean2":8.71547889709,"dvar":42.1092414856,"dvar2":85.3709793091,"max":65.3450775146,"mean":28.902677536,"median":27.2406158447,"min":0.486162781715,"var":244.73664856},"mfcc":{"cov":[[6114.89306641,-2991.19726563,-1784.02880859,-444.924743652,-266.388214111,-286.120941162,-408.913482666,44.8521461487,206.242431641,473.556884766,169.78894043,490.358215332,323.620635986],[-2991.19726563,3740.75952148,1471.13635254,452.647033691,31.5492916107,40.241897583,-74.8515701294,-598.29888916,-983.749633789,-835.362426758,-432.188720703,-706.813781738,-431.638183594],[-1784.02880859,1471.13635254,1047.32299805,266.758575439,57.9410896301,58.8057823181,17.5295124054,-224.694152832,-325.193847656,-349.666595459,-192.264801025,-286.924468994,-245.663131714],[-444.924743652,452.647033691,266.758575439,215.645477295,49.4092483521,30.666929245,-7.4835562706,-90.7691497803,-147.855422974,-144.918945313,-99.5182647705,-102.957046509,-111.679092407],[-266.388214111,31.5492916107,57.9410896301,49.4092483521,145.312088013,71.9511032104,13.0831422806,30.90001297,4.58930444717,-14.9688940048,-33.7539253235,-69.9429626465,-44.5842628479],[-286.120941162,40.241897583,58.8057823181,30.666929245,71.9511032104,147.258392334,49.1274261475,33.2717208862,25.1920318604,-45.3562774658,-50.1017608643,-68.227897644,-25.7257671356],[-408.913482666,-74.8515701294,17.5295124054,-7.4835562706,13.0831422806,49.1274261475,175.235992432,115.702461243,116.972801208,21.4082546234,-9.8964805603,-2.65772247314,13.4749097824],[44.8521461487,-598.29888916,-224.694152832,-90.7691497803,30.90001297,33.2717208862,115.702461243,314.298858643,293.460479736,171.658813477,76.1693954468,47.2313728333,34.5924072266],[206.242431641,-983.749633789,-325.193847656,-147.855422974,4.58930444717,25.1920318604,116.972801208,293.460479736,509.862915039,301.816680908,129.501083374,160.708969116,90.5126037598],[473.556884766,-835.362426758,-349.666595459,-144.918945313,-14.9688940048,-45.3562774658,21.4082546234,171.658813477,301.816680908,323.781341553,188.144332886,206.788894653,114.515716553],[169.78894043,-432.188720703,-192.264801025,-99.5182647705,-33.7539253235,-50.1017608643,-9.8964805603,76.1693954468,129.501083374,188.144332886,269.720062256,221.770599365,80.1355667114],[490.358215332,-706.813781738,-286.924468994,-102.957046509,-69.9429626465,-68.227897644,-2.65772247314,47.2313728333,160.708969116,206.788894653,221.770599365,379.849121094,200.157165527],[323.620635986,-431.638183594,-245.663131714,-111.679092407,-44.5842628479,-25.7257671356,13.4749097824,34.5924072266,90.5126037598,114.515716553,80.1355667114,200.157165527,272.800140381]],"icov":[[0.00103995448444,0.00109021319076,0.000950737972744,0.000501448696014,0.00119287811685,0.000484790245537,0.0014724410139,0.000382871454349,0.00126474897843,0.00022812501993,0.00101503694896,0.000171677442268,0.000732611806598],[0.00109021319076,0.0025525202509,-0.0000150708665387,0.000389638531487,0.00164487957954,0.000952129310463,0.000854473386426,0.00108010182157,0.00232163444161,0.00119542423636,-0.0000417722258135,0.00198762328364,0.000352613074938],[0.000950737972744,-0.0000150708665387,0.00359053653665,-0.000593113072682,0.000581520143896,0.000374542112695,0.000805956835393,0.000990180531517,0.0000674452530802,0.000855195568874,0.000920472084545,-0.000465772260213,0.00149382906966],[0.000501448696014,0.000389638531487,-0.000593113072682,0.00984691176564,-0.00211062561721,0.000239133529249,0.000338421319611,0.000290761672659,0.00163955846801,0.00121054297779,0.00306906993501,-0.0030191342812,0.00340416794643],[0.00119287811685,0.00164487957954,0.000581520143896,-0.00211062561721,0.0125319743529,-0.00448580877855,0.0027417591773,-0.000980420969427,0.00282913236879,-0.00232162117027,0.000809637247585,0.00233900430612,0.00054302404169],[0.000484790245537,0.000952129310463,0.000374542112695,0.000239133529249,-0.00448580877855,0.0118127688766,-0.00148991902824,0.000891873321962,-0.00155163998716,0.00422172900289,-0.000426008133218,0.00158404756803,-0.000586532754824],[0.0014724410139,0.000854473386426,0.000805956835393,0.000338421319611,0.0027417591773,-0.00148991902824,0.0120478849858,-0.00355732091703,-0.000126940300106,0.00130785186775,0.0027413549833,-0.00121857656632,0.000215060514165],[0.000382871454349,0.00108010182157,0.000990180531517,0.000290761672659,-0.000980420969427,0.000891873321962,-0.00355732091703,0.00992242898792,-0.00305616250262,0.000429981650086,-0.0022023958154,0.00333355995826,0.000141471580719],[0.00126474897843,0.00232163444161,0.0000674452530802,0.00163955846801,0.00282913236879,-0.00155163998716,-0.000126940300106,-0.00305616250262,0.010614332743,-0.00558935152367,0.00311039248481,-0.000430129643064,0.0018412998179],[0.00022812501993,0.00119542423636,0.000855195568874,0.00121054297779,-0.00232162117027,0.00422172900289,0.00130785186775,0.000429981650086,-0.00558935152367,0.015647822991,-0.00508499471471,0.000382026773877,-0.000714596768375],[0.00101503694896,-0.0000417722258135,0.000920472084545,0.00306906993501,0.000809637247585,-0.000426008133218,0.0027413549833,-0.0022023958154,0.00311039248481,-0.00508499471471,0.0125264348462,-0.00742176407948,0.00391947152093],[0.000171677442268,0.00198762328364,-0.000465772260213,-0.0030191342812,0.00233900430612,0.00158404756803,-0.00121857656632,0.00333355995826,-0.000430129643064,0.000382026773877,-0.00742176407948,0.0124433580786,-0.00551238516346],[0.000732611806598,0.000352613074938,0.00149382906966,0.00340416794643,0.00054302404169,-0.000586532754824,0.000215060514165,0.000141471580719,0.0018412998179,-0.000714596768375,0.00391947152093,-0.00551238516346,0.00868042651564]],"mean":[-732.956359863,56.0277519226,-69.8107223511,-8.54649448395,-36.5225257874,-46.4556732178,-14.6099786758,6.86900615692,-7.5690741539,6.69234704971,-1.22753369808,8.83263015747,-0.897417128086]},"pitch_salience":{"dmean":0.064228259027,"dmean2":0.102228455245,"dvar":0.00374670210294,"dvar2":0.008520713076,"max":0.860031247139,"mean":0.572265148163,"median":0.573348402977,"min":0.153762117028,"var":0.0133668715134},"silence_rate_20dB":{"dmean":0,"dmean2":0,"dvar":0,"dvar2":0,"max":1,"mean":1,"median":1,"min":1,"var":0},"silence_rate_30dB":{"dmean":0,"dmean2":0,"dvar":0,"dvar2":0,"max":1,"mean":1,"median":1,"min":1,"var":0},"silence_rate_60dB":{"dmean":0.0847029089928,"dmean2":0.169512972236,"dvar":0.0775270611048,"dvar2":0.168608441949,"max":1,"mean":0.22173088789,"median":0,"min":0,"var":0.172565490007},"spectral_centroid":{"dmean":220.19972229,"dmean2":327.374847412,"dvar":56944.4296875,"dvar2":116679.203125,"max":3403.88134766,"mean":1956.18188477,"median":2065.12451172,"min":232.364334106,"var":535548.3125},"spectral_complexity":{"dmean":2.36346387863,"dmean2":3.83364963531,"dvar":5.4854850769,"dvar2":13.0937671661,"max":26,"mean":10.3594436646,"median":11,"min":0,"var":21.6907482147},"spectral_contrast_coeffs":{"dmean":[0.0420061200857,0.0543957389891,0.0512316972017,0.043429788202,0.0425265096128,0.0274906270206],"dmean2":[0.0667582005262,0.086320117116,0.0815107300878,0.0692028999329,0.065930403769,0.0415368191898],"dvar":[0.00153390702326,0.00227659125812,0.00219066324644,0.00155279971659,0.00153385812882,0.000627066008747],"dvar2":[0.00325033953413,0.00528517924249,0.00489680748433,0.00345949875191,0.00341290864162,0.00135585921817],"max":[-0.313679724932,-0.311812132597,-0.375597923994,-0.469245910645,-0.477699905634,-0.568390488625],"mean":[-0.678717076778,-0.634074807167,-0.656402230263,-0.703373074532,-0.676840305328,-0.72847276926],"median":[-0.72959202528,-0.643687188625,-0.664373517036,-0.705040931702,-0.673806548119,-0.728965997696],"min":[-0.923502922058,-0.879118740559,-0.909405827522,-0.95020866394,-0.931319832802,-0.948055028915],"var":[0.0342199988663,0.0112780006602,0.00900339148939,0.00642285309732,0.00638058315963,0.00339374621399]},"spectral_contrast_valleys":{"dmean":[0.316275119781,0.429972201586,0.37272927165,0.348504930735,0.356680959463,0.371035218239],"dmean2":[0.553207874298,0.709603369236,0.621745705605,0.575260519981,0.588931977749,0.595774710178],"dvar":[0.0732003673911,0.15421269834,0.128816783428,0.101780086756,0.115134082735,0.137627094984],"dvar2":[0.199748381972,0.386361420155,0.33969810605,0.269009023905,0.293541640043,0.33447471261],"max":[-7.51224708557,-6.35423564911,-6.34047317505,-7.12958860397,-6.5825419426,-9.17031574249],"mean":[-11.1419095993,-8.41146564484,-8.40810966492,-9.03465557098,-8.44828987122,-11.4833669662],"median":[-11.099366188,-8.14011096954,-8.26921653748,-8.90146636963,-8.31977844238,-11.3964242935],"min":[-12.9334096909,-12.4595756531,-12.8141202927,-13.2821550369,-12.9216432571,-14.5975313187],"var":[0.162658408284,1.16146421432,0.640296161175,0.748052358627,0.749721109867,0.732225418091]},"spectral_decrease":{"dmean":7.49396822375e-10,"dmean2":1.08185282954e-9,"dvar":9.735478438e-19,"dvar2":1.84671215039e-18,"max":-2.33389669353e-13,"mean":-2.23137130995e-9,"median":-1.74939929209e-9,"min":-1.21582992563e-8,"var":3.18216981355e-18},"spectral_energy":{"dmean":0.00335393403657,"dmean2":0.00482131773606,"dvar":0.0000195409229491,"dvar2":0.0000363269318768,"max":0.0514346137643,"mean":0.01000702288,"median":0.00752906966954,"min":0.00000100715874396,"var":0.0000683688704157},"spectral_energyband_high":{"dmean":0.000210477228393,"dmean2":0.000301154796034,"dvar":1.80982610232e-7,"dvar2":2.95898672675e-7,"max":0.0075475666672,"mean":0.000505647447426,"median":0.000158442591783,"min":2.92469941598e-8,"var":7.09783137154e-7},"spectral_energyband_low":{"dmean":0.00000111903818834,"dmean2":0.0000015161324427,"dvar":4.3224882007e-11,"dvar2":6.00031968556e-11,"max":0.000224868141231,"mean":0.0000020508923626,"median":9.64808236859e-7,"min":1.96060810254e-7,"var":1.11330347718e-10},"spectral_energyband_middle_high":{"dmean":0.00202831882052,"dmean2":0.00284418999217,"dvar":0.0000104277187347,"dvar2":0.000018826838641,"max":0.0510055944324,"mean":0.00579917430878,"median":0.00307730818167,"min":4.97991230475e-8,"var":0.0000433639870607},"spectral_energyband_middle_low":{"dmean":0.00159123330377,"dmean2":0.00236203195527,"dvar":0.00000684967608322,"dvar2":0.0000135312984639,"max":0.0364848673344,"mean":0.00388776278123,"median":0.00292040477507,"min":4.93123053502e-8,"var":0.0000157280865096},"spectral_entropy":{"dmean":0.250981390476,"dmean2":0.397009670734,"dvar":0.0543024912477,"dvar2":0.122966781259,"max":8.06875610352,"mean":6.90792512894,"median":6.95886230469,"min":4.33135461807,"var":0.214380994439},"spectral_flux":{"dmean":0.0251254290342,"dmean2":0.04138629511,"dvar":0.000655677984469,"dvar2":0.00167448504362,"max":0.199087396264,"mean":0.0525272004306,"median":0.0423548556864,"min":0.000630511087365,"var":0.00129421439487},"spectral_kurtosis":{"dmean":2.29404306412,"dmean2":4.07980537415,"dvar":5.66804695129,"dvar2":15.2721252441,"max":49.7740287781,"mean":7.21309041977,"median":6.16825771332,"min":2.12111544609,"var":22.6518287659},"spectral_rms":{"dmean":0.000532418023795,"dmean2":0.000774537271354,"dvar":4.01799127303e-7,"dvar2":7.29809130462e-7,"max":0.00708379223943,"mean":0.00282834656537,"median":0.00271024601534,"min":0.000031346353353,"var":0.00000176340472535},"spectral_rolloff":{"dmean":348.832366943,"dmean2":580.022094727,"dvar":243446.75,"dvar2":465541.34375,"max":4737.3046875,"mean":2358.69335938,"median":2670.1171875,"min":107.666015625,"var":1278498.375},"spectral_skewness":{"dmean":0.244229450822,"dmean2":0.426862984896,"dvar":0.0499739274383,"dvar2":0.139678269625,"max":5.95670557022,"mean":1.69301986694,"median":1.59274339676,"min":0.795899629593,"var":0.324137419462},"spectral_spread":{"dmean":253829.921875,"dmean2":401786.78125,"dvar":166132252672,"dvar2":265365323776,"max":14442706,"mean":3173464,"median":3125170.25,"min":1750558.75,"var":366257864704},"spectral_strongpeak":{"dmean":0.949777841568,"dmean2":1.55813908577,"dvar":2.45540785789,"dvar2":5.65157222748,"max":13.7324457169,"mean":1.7927955389,"median":0.915513932705,"min":0.000963364727795,"var":4.72939538956},"zerocrossingrate":{"dmean":0.00884801428765,"dmean2":0.010026906617,"dvar":0.0000658242715872,"dvar2":0.0000842914087116,"max":0.16015625,"mean":0.0772810727358,"median":0.07666015625,"min":0.0048828125,"var":0.00102833507117}},"metadata":{"audio_properties":{"analysis_sample_rate":44100,"bit_rate":0,"codec":"flac","downmix":"mix","equal_loudness":0,"length":36.7333335876,"lossless":true,"md5_encoded":"64d0e31d71f51417b699019bcceb3e7d","replay_gain":-3.15124130249,"sample_rate":44100},"tags":{"acoustid_id":["fd2d1264-8782-4bb9-a6e4-8fec822d17a1"],"album":["The Columbia Masters"],"albumartist":["Earth, Wind & Fire"],"albumartistsort":["Earth, Wind & Fire"],"artist":["Earth, Wind & Fire"],"artistsort":["Earth, Wind & Fire"],"asin":["B005L12SH6"],"barcode":["886978946928"],"catalognumber":["88697894692"],"date":["2012"],"discnumber":["15"],"discsubtitle":["Heritage"],"disctotal":["16"],"file_name":"1507. Earth, Wind & Fire ~ Interlude_ Bird.flac","genre":["Jazz"],"grouping":["Jazz"],"label":["Legacy"],"media":["CD"],"mood":["Funky"],"musicbrainz_albumartistid":["535afeda-2538-435d-9dd1-5e10be586774"],"musicbrainz_albumid":["728bbd58-e625-4d6a-8544-28c829c363c2"],"musicbrainz_artistid":["535afeda-2538-435d-9dd1-5e10be586774"],"musicbrainz_recordingid":["1c657d29-a8a9-4199-8d88-7f2f29ceba30"],"musicbrainz_releasegroupid":["93ded9dc-3e27-40a1-83e5-92e36a48f808"],"musicbrainz_releasetrackid":["87d12628-e4a0-4188-a476-b4d69bd26e4d"],"originaldate":["2012-06-12"],"originalyear":["2012"],"releasestatus":["official"],"releasetype":["album","compilation"],"script":["Latn"],"title":["Interlude: Bird"],"totaldiscs":["16"],"totaltracks":["17"],"tracknumber":["7"],"tracktotal":["17"],"website":["http://www.earthwindandfire.com/"]},"version":{"essentia":"2.1-beta2","essentia_build_sha":"2d9f1f26377add8aeb1075a9c2973f962c4f09fd","essentia_git_sha":"v2.1_beta2-1-ge3940c0","extractor":"music 1.0"}},"rhythm":{"beats_count":78,"beats_loudness":{"dmean":0.00827545113862,"dmean2":0.0136921815574,"dvar":0.000060987429606,"dvar2":0.000168923390447,"max":0.0408786833286,"mean":0.014236388728,"median":0.014