{"lowlevel":{"average_loudness":0.359103649855,"barkbands":{"dmean":[0.00000364927927876,0.00059859349858,0.000371188129066,0.0000961976620601,0.000391674751882,0.000163985503605,0.000403509708121,0.000475845794426,0.000794890685938,0.000328344700392,0.000222737580771,0.000356551172445,0.000152001259266,0.000432010449003,0.000133269815706,0.0000945508290897,0.0000636006952845,0.0000565868649574,0.000107452331576,0.0000977351301117,0.0000313494929287,0.0000186954403034,0.0000122866531456,0.0000113895694085,0.00000539051734449,9.71495182966e-7,9.81181429438e-8],"dmean2":[0.00000659196666675,0.000892594456673,0.000522865680978,0.00014261281467,0.000572569202632,0.000232544232858,0.000514675863087,0.000641724327579,0.00102329673246,0.000485357770231,0.000333548319759,0.000548907846678,0.000228416291066,0.000645436579362,0.000206367723877,0.000147955041029,0.000097756710602,0.0000895614648471,0.000165011704667,0.000145539845107,0.0000494810046803,0.0000290209609375,0.0000178137688636,0.000016979602151,0.00000854164682096,0.00000160511729064,1.64105657063e-7],"dvar":[2.24827066686e-11,0.00000492369872518,0.00000227309942602,3.61012482131e-8,6.34658817944e-7,1.70423845702e-7,0.0000010444042573,0.00000209105473914,0.00000419711477662,9.3735121709e-7,6.14874863913e-7,0.00000110820246846,2.83689985281e-7,0.00000371369355889,3.63875159337e-7,8.12401879102e-8,3.25985034522e-8,2.15515179036e-8,1.12941606289e-7,4.49580177531e-8,6.82329970303e-9,1.88599313944e-9,3.33480731918e-9,2.1004613604e-9,9.32891985883e-10,1.02162280372e-11,5.39528274487e-14],"dvar2":[6.19933757107e-11,0.0000119108071885,0.0000045533215598,9.37008834967e-8,0.00000155675058977,3.17549790907e-7,0.00000164322648288,0.00000406944627684,0.00000686643261361,0.00000198968814402,0.00000148635626829,0.00000237010749515,5.86486066823e-7,0.00000863286186359,8.1657441342e-7,2.16552066945e-7,8.4606568862e-8,5.8386245172e-8,2.69742741921e-7,9.10906194918e-8,1.63456874702e-8,4.34512692493e-9,6.74890632268e-9,3.2915339343e-9,2.35505681623e-9,2.71191489404e-11,1.41055353162e-13],"max":[0.0000714811176294,0.0315691195428,0.0425439029932,0.00372153613716,0.0330776944757,0.0233944300562,0.0338076390326,0.0578729622066,0.0727000683546,0.038241237402,0.0246885064989,0.0464888885617,0.017571285367,0.0534018240869,0.0297639835626,0.010738953948,0.00580452056602,0.0045406697318,0.00803314242512,0.00819659046829,0.00282761710696,0.00105036259629,0.00339330965653,0.00288860755973,0.001683570561,0.00005943323049,0.00000412298822994],"mean":[0.00000644210194878,0.00196485198103,0.000961611862294,0.000240920431679,0.00113529816736,0.0004953701864,0.001442142413,0.00141174928285,0.00336511968635,0.000857344130054,0.000513791164849,0.00083901261678,0.00042058332474,0.000808856217191,0.000269363488769,0.000211796592339,0.000148885985254,0.000130758053274,0.00025415973505,0.00031719225808,0.0000750803155825,0.0000547626150365,0.0000303882461594,0.0000264103382506,0.0000123885802168,0.0000016015512756,3.75908484784e-7],"median":[0.00000343667534253,0.000502589857206,0.000161760501214,0.000113118316222,0.000702866527718,0.00017840466171,0.000330198265146,0.000272604898782,0.000398668053094,0.000125638282043,0.0000738294329494,0.000180825882126,0.0000625579923508,0.0000517082553415,0.0000459656112071,0.0000466082055937,0.0000322588275594,0.0000345695480064,0.0000401869547204,0.000101108744275,0.0000103548982224,0.0000131717251861,0.00000752510413804,0.00000769886901253,0.00000407324159823,6.45202362648e-7,3.38065490268e-7],"min":[2.3482414531e-25,4.49837715454e-24,1.24255137789e-24,5.14263058671e-25,9.21662167627e-24,1.08584187137e-23,1.38423900062e-23,6.83083808617e-24,1.81586818922e-23,1.02130942057e-23,7.80452357946e-24,2.4652919341e-23,2.81302087449e-23,4.21629019782e-23,4.57937226469e-23,7.43141114618e-23,6.00630930844e-23,9.55083238064e-23,1.13802071307e-22,1.64331275481e-22,2.2167726024e-22,2.78043631216e-22,3.76872403101e-22,5.39924019976e-22,9.64864886097e-22,1.25569399621e-21,1.76322089983e-21],"var":[6.73375036286e-11,0.0000111726158138,0.00000594201537751,1.07276591166e-7,0.00000279651044366,0.00000192784932551,0.0000109007196443,0.0000119348269436,0.0000508008815814,0.00000590550598645,0.0000026033467293,0.00000678386004438,0.00000112398993224,0.00000941837970458,0.00000110550843146,2.9112430866e-7,1.31807254888e-7,7.48327622091e-8,4.74293329944e-7,4.17479299131e-7,3.5011069599e-8,8.88166251656e-9,7.29440019498e-9,6.85243506382e-9,1.54013701792e-9,9.62379134717e-12,5.58927023045e-14]},"barkbands_crest":{"dmean":1.71383059025,"dmean2":2.62150216103,"dvar":3.68740701675,"dvar2":8.89113712311,"max":25.6322193146,"mean":11.1690063477,"median":10.5749731064,"min":2.77567505836,"var":16.8320865631},"barkbands_flatness_db":{"dmean":0.0138999372721,"dmean2":0.0204664636403,"dvar":0.000330092007061,"dvar2":0.000637163466308,"max":0.444335669279,"mean":0.169799566269,"median":0.16242800653,"min":0.0389514304698,"var":0.00266116065904},"barkbands_kurtosis":{"dmean":2.3741300106,"dmean2":3.54651331902,"dvar":82.1662368774,"dvar2":180.815109253,"max":498.359558105,"mean":5.85289621353,"median":2.16137218475,"min":-1.93051457405,"var":181.509353638},"barkbands_skewness":{"dmean":0.370796144009,"dmean2":0.541049063206,"dvar":0.31108096242,"dvar2":0.594855248928,"max":20.8985271454,"mean":1.52229213715,"median":1.27087104321,"min":-3.56400966644,"var":1.93475437164},"barkbands_spread":{"dmean":2.89851164818,"dmean2":4.40412759781,"dvar":27.6604671478,"dvar2":60.8884468079,"max":143.989349365,"mean":16.4851531982,"median":13.2079877853,"min":0.855233967304,"var":199.169021606},"dissonance":{"dmean":0.0202403813601,"dmean2":0.0332732014358,"dvar":0.000412241846789,"dvar2":0.00109310948756,"max":0.499942421913,"mean":0.438056766987,"median":0.442724436522,"min":0.267951279879,"var":0.00141550926492},"dynamic_complexity":5.1535115242,"erbbands":{"dmean":[0.00974184833467,0.159364655614,0.434535890818,0.337633043528,0.840268313885,1.60507166386,1.03756248951,1.56975007057,4.82973670959,7.14797973633,13.8964309692,16.6910324097,10.4192800522,7.51878356934,9.79588508606,11.3462104797,7.25316381454,17.3504104614,9.6080789566,7.78763389587,4.96443748474,3.47343826294,2.98423504829,4.97300100327,5.29310178757,4.63828611374,2.02028608322,0.85676497221,0.681447386742,0.474503070116,0.345738321543,0.282872378826,0.165921628475,0.0850584805012,0.0267947223037,0.00665969960392,0.0013342963066,0.000170271305251,0.0000188250232895,0.00000385958855986],"dmean2":[0.0131990741938,0.240369677544,0.630664110184,0.482590287924,1.24433743954,2.35423731804,1.53470158577,2.19256329536,6.17608785629,9.41061592102,18.5237312317,21.5699901581,15.237827301,11.5932006836,15.0227804184,17.276348114,10.7450885773,26.2621765137,14.3534212112,12.0157766342,7.89235782623,5.29300165176,4.66915178299,7.99274301529,8.03881072998,6.92102718353,3.05018258095,1.35059821606,1.06638205051,0.724658668041,0.503533363342,0.425891846418,0.247902542353,0.132139414549,0.0428358241916,0.0109132565558,0.00222361506894,0.000281301181531,0.000031295199733,0.00000551543143956],"dvar":[0.00106657110155,0.353742688894,2.43726205826,1.13162910938,3.62255167961,10.8067789078,3.36751937866,19.5116500854,189.385147095,323.222717285,1006.71221924,2031.43786621,1018.82025146,911.112670898,1010.89941406,1080.98913574,396.540039062,5361.82763672,1494.7355957,1097.79016113,227.52255249,84.4321517944,70.3283996582,310.063537598,243.190155029,97.7997283936,22.5239200592,5.22755289078,2.88889455795,1.32099163532,2.98506498337,1.74807035923,0.524075388908,0.283371597528,0.00873082503676,0.0004406235239,0.0000194399672182,2.51252430417e-7,1.9575769894e-9,3.455519898e-11],"dvar2":[0.00230387831107,0.861388385296,4.89541196823,2.40354371071,8.7772731781,27.5710830688,7.42168045044,36.9294662476,281.588104248,647.961364746,1905.72058105,3374.25170898,2114.8840332,2309.50561523,2433.64111328,2327.98266602,885.0078125,13144.2294922,3374.67260742,2523.28588867,641.106506348,216.158691406,189.899337769,776.814208984,580.506225586,197.793624878,47.1641387939,13.3638362885,6.7904753685,2.82349252701,5.57070350647,3.07128715515,0.919201374054,0.698127865791,0.0207794606686,0.00114629429299,0.000051521241403,6.48304933293e-7,5.1258295386e-9,6.93230126081e-11],"max":[0.598372042179,8.50833892822,44.1659660339,19.8819179535,80.7049942017,108.39756012,48.3793792725,287.120635986,528.170410156,572.283996582,1031.70996094,1493.32043457,1307.56481934,1359.31518555,982.727966309,1237.07348633,613.220214844,2222.28466797,1154.91491699,1834.35681152,617.379760742,289.054168701,322.090759277,491.912567139,431.372436523,411.739624023,179.39894104,57.1166915894,40.5344657898,31.7342891693,107.355712891,91.7176589966,40.8711433411,29.9262447357,3.26816034317,0.390688717365,0.0599939003587,0.00629122089595,0.000760127906688,0.00014921768161],"mean":[0.0325438678265,0.518803417683,1.16980648041,1.02789306641,2.40577554703,4.11564779282,2.7701792717,5.42483615875,17.6694717407,24.4333267212,50.5532035828,72.5932006836,31.4455127716,20.0601806641,23.8440132141,30.1965770721,22.5575122833,36.2314834595,18.7295837402,16.5564727783,11.9210939407,8.96108055115,7.86144399643,10.2517585754,14.3414583206,15.4586486816,6.3651638031,1.8810904026,1.89353322983,1.54553163052,0.835659861565,0.620740950108,0.383732378483,0.188892349601,0.0633950084448,0.0117238350213,0.00221491698176,0.000401422963478,0.0000720088501112,0.0000236732194026],"median":[0.00985278561711,0.11621170491,0.263271152973,0.324269205332,1.19427549839,2.45526385307,1.7518055439,1.77840268612,3.72762680054,7.02145147324,15.3689880371,9.4504404068,4.7533659935,4.13229894638,5.63698101044,6.1889538765,4.4141459465,2.73503065109,3.05246019363,3.20637607574,2.57216739655,2.28988075256,2.18747448921,2.38101053238,2.85933041573,4.70638990402,1.2991527319,0.408099502325,0.470598787069,0.345154106617,0.228355214,0.186963275075,0.102886915207,0.0616491772234,0.019205134362,0.00415714969859,0.0010274607921,0.00028328775079,0.0000619913625997,0.000018031525542],"min":[4.87620737046e-23,1.01443089742e-21,2.24105502848e-21,2.64890919264e-21,4.79861125053e-21,3.95778813555e-20,1.01758324315e-19,1.15674552447e-19,1.4902219667e-19,1.68165249845e-19,2.07267718837e-19,3.86816615348e-19,3.35228307374e-19,7.05558696126e-19,9.30162634262e-19,1.45691310949e-18,1.63591447706e-18,1.95232181471e-18,2.91527916173e-18,2.78842336337e-18,4.127069601e-18,3.9958469094e-18,6.62023911653e-18,6.313358418e-18,7.42378717899e-18,7.32336662544e-18,1.12281281281e-17,1.05868017643e-17,1.1590875778e-17,1.11935172369e-17,9.81477259191e-18,1.0333593507e-17,8.70043871125e-18,8.25444029575e-18,6.87387419904e-18,4.70759570824e-18,2.34081153209e-18,9.78571621853e-19,2.52137006717e-19,2.39243881449e-20],"var":[0.00360531220213,0.796314477921,6.42827987671,3.84757184982,17.8608970642,35.3335266113,11.0297060013,263.521240234,2220.88598633,2613.38476562,7259.52392578,26060.5410156,6994.20263672,3946.22241211,4760.79394531,6914.60498047,2240.82983398,14696.4736328,3917.9206543,3329.01757812,885.479492188,387.709259033,305.226348877,761.554321289,1230.17663574,939.100036621,185.556381226,16.3780059814,11.2437171936,7.95312929153,6.3433303833,4.31515264511,1.65156841278,0.463836073875,0.0227216240019,0.000530714751221,0.0000175395634869,2.34142717659e-7,2.319039627e-9,4.25530277681e-10]},"erbbands_crest":{"dmean":1.85848629475,"dmean2":2.84526348114,"dvar":3.26799702644,"dvar2":7.77641916275,"max":26.5857563019,"mean":9.99889183044,"median":9.30631542206,"min":1.6327829361,"var":16.2400245667},"erbbands_flatness_db":{"dmean":0.0124678369612,"dmean2":0.0175489597023,"dvar":0.000221790134674,"dvar2":0.000398173055146,"max":0.332560509443,"mean":0.192667320371,"median":0.191722884774,"min":0.0175470076501,"var":0.00220493227243},"erbbands_kurtosis":{"dmean":0.804412007332,"dmean2":1.23697865009,"dvar":1.23573195934,"dvar2":2.77133250237,"max":24.8437080383,"mean":1.25159347057,"median":0.461093902588,"min":-1.79605364799,"var":7.67327070236},"erbbands_skewness":{"dmean":0.271473646164,"dmean2":0.405257642269,"dvar":0.072300709784,"dvar2":0.154387146235,"max":4.29333162308,"mean":0.605020821095,"median":0.678341388702,"min":-3.58762216568,"var":0.813750743866},"erbbands_spread":{"dmean":4.84224843979,"dmean2":7.11611795425,"dvar":50.7340049744,"dvar2":98.5383682251,"max":172.354644775,"mean":29.9926376343,"median":26.8424091339,"min":5.07543516159,"var":265.072113037},"gfcc":{"cov":[[28456.796875,1833.57775879,-4757.11230469,763.672729492,-2131.86816406,344.037811279,-252.226867676,588.390075684,-47.0362281799,125.653015137,19.9533061981,-701.926452637,-181.28276062],[1833.57775879,1742.88098145,685.962585449,55.4478759766,618.861694336,121.83404541,236.555435181,76.4612503052,-2.80609250069,-25.8270397186,-23.5848236084,52.9743347168,-59.3554725647],[-4757.11230469,685.962585449,2196.90332031,288.186798096,810.084350586,93.2383499146,168.552871704,-37.57213974,23.2502059937,-43.5286102295,-40.5468864441,239.58190918,2.41950559616],[763.672729492,55.4478759766,288.186798096,830.030151367,236.690811157,-0.029563402757,-59.5344429016,110.828178406,175.870895386,5.14981269836,-6.38643121719,77.2970581055,69.1340560913],[-2131.86816406,618.861694336,810.084350586,236.690811157,936.311584473,69.0905303955,124.330718994,0.114179007709,80.1841964722,11.1105556488,-43.4379653931,180.816345215,34.7491836548],[344.037811279,121.83404541,93.2383499146,-0.029563402757,69.0905303955,392.869781494,284.614990234,85.201171875,15.1250991821,47.7379989624,30.0258178711,-56.2699203491,-44.7270774841],[-252.226867676,236.555435181,168.552871704,-59.5344429016,124.330718994,284.614990234,385.037261963,107.393333435,11.1877794266,48.0046348572,37.570640564,-38.6811485291,-51.3112106323],[588.390075684,76.4612503052,-37.57213974,110.828178406,0.114179007709,85.201171875,107.393333435,166.665252686,93.2139587402,34.7445259094,21.4679470062,-35.7211341858,11.2319879532],[-47.0362281799,-2.80609250069,23.2502059937,175.870895386,80.1841964722,15.1250991821,11.1877794266,93.2139587402,179.778198242,60.0870895386,6.16403770447,6.10073661804,40.3000259399],[125.653015137,-25.8270397186,-43.5286102295,5.14981269836,11.1105556488,47.7379989624,48.0046348572,34.7445259094,60.0870895386,100.349021912,26.7537403107,-16.4046077728,-2.90557861328],[19.9533061981,-23.5848236084,-40.5468864441,-6.38643121719,-43.4379653931,30.0258178711,37.570640564,21.4679470062,6.16403770447,26.7537403107,79.2445678711,-0.962717950344,-11.178653717],[-701.926452637,52.9743347168,239.58190918,77.2970581055,180.816345215,-56.2699203491,-38.6811485291,-35.7211341858,6.10073661804,-16.4046077728,-0.962717950344,141.382339478,37.4796791077],[-181.28276062,-59.3554725647,2.41950559616,69.1340560913,34.7491836548,-44.7270774841,-51.3112106323,11.2319879532,40.3000259399,-2.90557861328,-11.178653717,37.4796791077,85.640296936]],"icov":[[0.000557564548217,-0.00161529553588,0.00132016767748,-0.00131466437597,0.0015660073841,-0.00141031108797,0.00148314819671,-0.00134377297945,0.00172501860652,-0.00182568945456,0.00155236304272,-0.00107098172884,0.000575235520955],[-0.00161529553588,0.00557199539617,-0.00391561957076,0.00389378401451,-0.00516896508634,0.0042839567177,-0.00448292307556,0.00319539546035,-0.00469362549484,0.00565887987614,-0.00447089783847,0.00339748710394,-0.0010301747825],[0.00132016767748,-0.00391561957076,0.00389441219158,-0.00327561749145,0.00334354722872,-0.00337692955509,0.00317342206836,-0.00285332137719,0.00399835873395,-0.00401378422976,0.00385668454692,-0.00332552101463,0.00171128439251],[-0.00131466437597,0.00389378401451,-0.00327561749145,0.00501238228753,-0.00400641560555,0.00278439885005,-0.00241674762219,0.00189086957835,-0.00539895659313,0.00515198986977,-0.00388271827251,0.00203109509312,-0.00133438443299],[0.0015660073841,-0.00516896508634,0.00334354722872,-0.00400641560555,0.00700788246468,-0.0041321166791,0.00335110351443,-0.00270460336469,0.00385980331339,-0.00578902754933,0.00577733898535,-0.00527672143653,0.00128382758703],[-0.00141031108797,0.0042839567177,-0.00337692955509,0.00278439885005,-0.0041321166791,0.00948260817677,-0.00806848425418,0.00370557792485,-0.00400132406503,0.00392883224413,-0.00405048858374,0.00431583495811,-0.0012609588448],[0.00148314819671,-0.00448292307556,0.00317342206836,-0.00241674762219,0.00335110351443,-0.00806848425418,0.0120357973501,-0.00787928979844,0.00603232253343,-0.00587222352624,0.00297503778711,-0.00298322900198,0.00322080426849],[-0.00134377297945,0.00319539546035,-0.00285332137719,0.00189086957835,-0.00270460336469,0.00370557792485,-0.00787928979844,0.0172568298876,-0.0104529662058,0.00597553374246,-0.00553666008636,0.00521391816437,-0.00390997854993],[0.00172501860652,-0.00469362549484,0.00399835873395,-0.00539895659313,0.00385980331339,-0.00400132406503,0.00603232253343,-0.0104529662058,0.0186783652753,-0.0124198962003,0.00591993145645,-0.00291139096953,-0.00119089335203],[-0.00182568945456,0.00565887987614,-0.00401378422976,0.00515198986977,-0.00578902754933,0.00392883224413,-0.00587222352624,0.00597553374246,-0.0124198962003,0.0219525229186,-0.00947139598429,0.00486619025469,-0.000666038831696],[0.00155236304272,-0.00447089783847,0.00385668454692,-0.00388271827251,0.00577733898535,-0.00405048858374,0.00297503778711,-0.00553666008636,0.00591993145645,-0.00947139598429,0.0205437168479,-0.00684664631262,0.00383260357194],[-0.00107098172884,0.00339748710394,-0.00332552101463,0.00203109509312,-0.00527672143653,0.00431583495811,-0.00298322900198,0.00521391816437,-0.00291139096953,0.00486619025469,-0.00684664631262,0.0162052325904,-0.00598476547748],[0.000575235520955,-0.0010301747825,0.00171128439251,-0.00133438443299,0.00128382758703,-0.0012609588448,0.00322080426849,-0.00390997854993,-0.00119089335203,-0.000666038831696,0.00383260357194,-0.00598476547748,0.0181295759976]],"mean":[-88.6227798462,97.0235061646,-121.411720276,13.5763731003,-62.7540130615,-0.167385220528,-29.4907741547,6.91304111481,-22.7813739777,1.39684653282,-9.71003055573,-8.78928279877,-9.72602939606]},"hfc":{"dmean":2.47100663185,"dmean2":3.39863562584,"dvar":20.6956615448,"dvar2":40.0831336975,"max":135.516876221,"mean":13.560002327,"median":7.2089381218,"min":1.0838638887e-16,"var":323.710784912},"melbands":{"dmean":[0.000132902510813,0.000222201095312,0.0000681117162458,0.0000937815057114,0.0000429420324508,0.0000350208720192,0.000075162439316,0.0000868162023835,0.00013691658387,0.0000946073923842,0.0000540290056961,0.0000326860972564,0.0000300759929814,0.00003429530625,0.0000338259451382,0.0000131406532091,0.0000381986610591,0.0000214421488636,0.0000105399521999,0.00000805950548965,0.00000559714089832,0.00000374001979253,0.00000350467553289,0.00000270143209491,0.00000460455203211,0.00000366814447261,0.00000381234599445,0.00000335270033247,0.00000172080058292,7.30764213586e-7,4.36501551349e-7,4.08821165365e-7,4.05545364401e-7,2.35732542819e-7,2.07497464544e-7,2.05650664498e-7,1.73579039142e-7,1.30623547534e-7,8.84176358795e-8,7.21674879856e-8],"dmean2":[0.000191450264538,0.000329775270075,0.0000974423674052,0.000136770584504,0.0000635188698652,0.0000491794598929,0.0000959356839303,0.000115134382213,0.000179890994332,0.000123347010231,0.0000791176062194,0.0000501935464854,0.0000457486821688,0.0000528700074938,0.0000502627626702,0.000019407894797,0.0000576761340199,0.0000320060826198,0.0000161540119734,0.0000125784536067,0.00000896792244021,0.00000567314964428,0.0000056421008594,0.00000425582720709,0.00000748876800571,0.00000563194089409,0.00000584087047173,0.00000506383139509,0.00000261119748757,0.00000117425668122,6.98611529515e-7,6.47867693715e-7,6.24309393515e-7,3.58900535957e-7,3.0895930081e-7,3.21152896277e-7,2.66898837253e-7,1.96061179736e-7,1.39922619269e-7,1.13424903248e-7],"dvar":[2.29065136637e-7,5.5934140164e-7,3.13231893756e-8,4.38019753801e-8,4.78752415489e-9,9.07245212289e-9,4.24553405765e-8,5.25908596671e-8,8.79930226461e-8,6.43455564386e-8,2.75494631552e-8,1.43337874903e-8,9.63976187762e-9,1.79675794243e-8,9.43271860621e-9,2.64843613706e-9,2.85361867469e-8,9.90802639933e-9,2.67105515483e-9,7.06267988537e-10,2.8430199861e-10,8.62715315852e-11,1.42481040855e-10,4.07650441181e-11,3.04937158857e-10,1.14189595279e-10,9.37531580147e-11,4.8897788596e-11,1.74342953269e-11,4.85967212652e-12,1.35933484521e-12,1.14079850167e-12,8.54215352966e-13,4.19457600164e-13,7.07982826011e-13,2.65220397727e-12,3.97092948801e-13,3.42015613964e-13,2.56822937483e-13,1.81201109889e-13],"dvar2":[5.42425539152e-7,0.00000121796915664,6.86305199338e-8,1.07868267207e-7,1.09990585528e-8,1.70936775845e-8,6.23406677391e-8,1.05463278999e-7,1.56777602456e-7,1.10015051291e-7,5.71263321092e-8,3.62666732201e-8,2.38359181282e-8,4.02017512613e-8,2.04019841021e-8,5.36014654884e-9,6.8930297914e-8,2.22589200405e-8,5.75343861442e-9,1.77679781999e-9,7.80281561585e-10,2.09945255625e-10,3.9549946651e-10,1.07114400683e-10,7.72095609669e-10,2.65908406405e-10,2.32164482084e-10,9.75393169012e-11,3.79402551043e-11,1.22049306425e-11,3.47412636853e-12,2.70866207068e-12,1.92123400522e-12,9.01034726431e-13,1.19215379756e-12,6.13406591146e-12,6.94082920479e-13,6.01935818897e-13,6.26764590748e-13,4.47362389104e-13],"max":[0.00659644883126,0.0168490037322,0.00344104459509,0.00880530383438,0.00154810317326,0.00565459160134,0.00795618630946,0.00814371462911,0.00903088785708,0.00805759523064,0.00661794189364,0.00513656903058,0.00307159079239,0.00597144197673,0.00430917274207,0.0021683992818,0.00481165479869,0.00309412670322,0.00250716856681,0.00103960931301,0.000600248691626,0.000253435282502,0.000349055218976,0.000196662746021,0.000486642325995,0.000271644938039,0.000399209500756,0.000295035919407,0.000164351833519,0.0000700473028701,0.0000196534729184,0.0000287013481284,0.0000268993553618,0.0000198280504264,0.0000422030352638,0.000104574894067,0.0000367921529687,0.0000305327776005,0.000026221610824,0.0000231477024499],"mean":[0.000434402434621,0.000682986457832,0.000208698882489,0.000261127890553,0.000114605281851,0.000115402217489,0.000275859114481,0.000280148116872,0.000535275728907,0.000399962620577,0.000150368272443,0.0000842270092107,0.0000726221041987,0.0000803050861578,0.0000877538332134,0.0000362644968845,0.0000757153902669,0.0000373459297407,0.000021281577574,0.0000179882445082,0.0000122962310343,0.00000891358649824,0.00000813398855826,0.00000620519585937,0.00000849596744956,0.00000920873662835,0.0000106503684947,0.0000104575938167,0.00000501052409163,0.00000162945298143,8.22123183752e-7,9.75335865405e-7,0.00000126138797896,6.85863540184e-7,4.98256895298e-7,3.74844518092e-7,3.89157833069e-7,2.95239090065e-7,1.78811632168e-7,1.55935310886e-7],"median":[0.000127331906697,0.000152735781739,0.0000932759649004,0.000146538834088,0.0000750167164369,0.0000416338953073,0.0000595870151301,0.0000669551154715,0.000123780904687,0.0000483400617668,0.0000210655889532,0.0000167994658113,0.0000158789207489,0.000017566679162,0.000012190281268,0.00000484101246911,0.00000435166884927,0.00000379025595976,0.00000344958539245,0.00000346992874256,0.00000235327456721,0.00000210171288018,0.00000161864306847,0.0000018101313799,0.0000015882610569,0.00000149920913373,0.0000023001214231,0.00000294207529805,8.67459618803e-7,1.74308809164e-7,1.81175295211e-7,2.39837163463e-7,2.59746883557e-7,1.32617998361e-7,1.23452622347e-7,1.06994555438e-7,1.03404836693e-7,6.2879927043e-8,5.19133074306e-8,4.55913529152e-8],"min":[9.25220048639e-25,1.85692847822e-24,6.01641187534e-25,1.4229727416e-24,3.7014947172e-24,2.73085166321e-24,2.95570522297e-24,2.01240921555e-24,1.56090724025e-24,2.33492986906e-24,1.35759313307e-24,2.45167990252e-24,2.19114241692e-24,3.78803354736e-24,3.78434483377e-24,3.05552886521e-24,2.86569008002e-24,4.63744307693e-24,3.77200547149e-24,3.06980685317e-24,3.3520865286e-24,3.48533657398e-24,2.85810202697e-24,4.47048934381e-24,4.27042632964e-24,3.64243703996e-24,4.74316858203e-24,4.1741308678e-24,5.93404602076e-24,5.40696308491e-24,5.28344166665e-24,5.90954952307e-24,5.760278896e-24,6.23010985723e-24,4.57564450248e-24,6.81741088471e-24,5.23397298814e-24,5.12397777339e-24,6.30987197778e-24,6.42420356093e-24],"var":[5.47266154172e-7,0.00000150008179389,1.05294738262e-7,1.80859828447e-7,1.626307089e-8,1.09878861565e-7,4.94028199682e-7,3.80519111332e-7,8.68280665145e-7,7.62128024689e-7,1.75976339278e-7,6.14026518519e-8,4.20330508177e-8,9.57257739742e-8,4.72736800816e-8,1.19443894775e-8,7.45923856016e-8,2.48669511649e-8,8.47872261289e-9,2.38149766574e-9,9.89360371406e-10,3.8537081859e-10,4.97065721916e-10,1.4827529482e-10,6.96336210915e-10,5.57129231638e-10,5.21428178413e-10,4.36075814347e-10,1.25655305605e-10,2.42326662209e-11,2.67396933588e-12,3.31126120447e-12,5.97476105049e-12,1.9970735135e-12,1.91296891522e-12,3.28160285404e-12,1.27914974619e-12,1.02812756139e-12,4.47653632912e-13,3.00513032427e-13]},"melbands_crest":{"dmean":1.89253103733,"dmean2":2.88325977325,"dvar":4.84699440002,"dvar2":11.397769928,"max":39.7281532288,"mean":13.5732069016,"median":13.059718132,"min":1.52191495895,"var":24.0645065308},"melbands_flatness_db":{"dmean":0.0162919647992,"dmean2":0.0230019055307,"dvar":0.000580146734137,"dvar2":0.00105186505243,"max":0.511127650738,"mean":0.231854602695,"median":0.21927022934,"min":0.00272496487014,"var":0.00678718741983},"melbands_kurtosis":{"dmean":5.64730882645,"dmean2":8.81582641602,"dvar":4534.89892578,"dvar2":12222.6835938,"max":3948.40209961,"mean":11.8066759109,"median":5.44769668579,"min":-1.83056938648,"var":3204.52368164},"melbands_skewness":{"dmean":0.466989278793,"dmean2":0.688093066216,"dvar":1.10222601891,"dvar2":2.33476042747,"max":58.7263145447,"mean":2.20305252075,"median":1.93859744072,"min":-1.02099370956,"var":3.02076673508},"melbands_spread":{"dmean":4.044942379,"dmean2":6.18119525909,"dvar":60.108505249,"dvar2":127.297660828,"max":218.374008179,"mean":20.6880950928,"median":16.4859676361,"min":0.216236934066,"var":442.504547119},"mfcc":{"cov":[[13315.8535156,-658.159606934,-1611.74682617,-294.774627686,-1064.76586914,-288.500396729,-63.9251403809,50.4679031372,40.346244812,704.750976562,218.753067017,64.9380874634,-41.5901832581],[-658.159606934,2389.24780273,462.133209229,216.656143188,439.590637207,250.40737915,351.351837158,169.135986328,129.021438599,-76.1878662109,43.3799057007,63.6434211731,87.175201416],[-1611.74682617,462.133209229,1083.10424805,322.216491699,269.474975586,144.45904541,106.835479736,125.346305847,60.6534500122,-40.9098854065,-26.9136161804,58.9187355042,132.563247681],[-294.774627686,216.656143188,322.216491699,783.798339844,522.792297363,92.4088592529,-97.9183273315,83.9660720825,141.403961182,-85.268951416,-96.600692749,122.327850342,161.788162231],[-1064.76586914,439.590637207,269.474975586,522.792297363,642.299499512,165.93409729,-36.0505752563,74.9818572998,141.245574951,-105.680839539,-78.924446106,87.771736145,106.907615662],[-288.500396729,250.40737915,144.45904541,92.4088592529,165.93409729,328.400695801,200.438980103,123.1901474,89.0164794922,37.6565322876,93.705581665,14.0412006378,-32.9753112793],[-63.9251403809,351.351837158,106.835479736,-97.9183273315,-36.0505752563,200.438980103,345.712677002,152.20425415,40.9549865723,93.3921508789,125.070304871,-9.05672740936,-53.6272544861],[50.4679031372,169.135986328,125.346305847,83.9660720825,74.9818572998,123.1901474,152.20425415,191.107208252,91.5624084473,49.4858627319,45.2625312805,33.7558555603,34.9624862671],[40.346244812,129.021438599,60.6534500122,141.403961182,141.245574951,89.0164794922,40.9549865723,91.5624084473,188.8724823,66.3836364746,19.7301082611,45.8219337463,39.6676025391],[704.750976562,-76.1878662109,-40.9098854065,-85.268951416,-105.680839539,37.6565322876,93.3921508789,49.4858627319,66.3836364746,230.659744263,107.237335205,2.08114743233,-19.5453472137],[218.753067017,43.3799057007,-26.9136161804,-96.600692749,-78.924446106,93.705581665,125.070304871,45.2625312805,19.7301082611,107.237335205,162.443237305,14.8428430557,-48.5758361816],[64.9380874634,63.6434211731,58.9187355042,122.327850342,87.771736145,14.0412006378,-9.05672740936,33.7558555603,45.8219337463,2.08114743233,14.8428430557,133.482284546,68.4744338989],[-41.5901832581,87.175201416,132.563247681,161.788162231,106.907615662,-32.9753112793,-53.6272544861,34.9624862671,39.6676025391,-19.5453472137,-48.5758361816,68.4744338989,173.979446411]],"icov":[[0.000152722888743,-0.0000897603968042,0.000245966162765,-0.000274922582321,0.000443458469817,-0.000147158105392,0.000240297900746,-0.000233253784245,0.000151164800627,-0.000514631567057,0.000210842903471,-0.000155214875122,-0.00000204103275792],[-0.0000897603968042,0.000734712404665,-0.000251857418334,0.00033003804856,-0.000855162623338,0.000464780867333,-0.00129772315267,0.000596420490183,-0.00042866676813,0.000783414870966,-0.000365864660125,0.000150533058331,-0.000386543368222],[0.000245966162765,-0.000251857418334,0.0016477300087,-0.000805833085906,0.000696394417901,-0.000558933534194,0.0000295074914902,-0.000567687035073,0.000626019842457,-0.000836159626488,0.000586582813412,-0.000120582095406,-0.000757242320105],[-0.000274922582321,0.00033003804856,-0.000805833085906,0.00400839513168,-0.00311275059357,0.00018921100127,0.000456272246083,-0.000442409189418,-0.000547479372472,0.000814509578049,0.0000714663183317,-0.00066051929025,-0.000670208770316],[0.000443458469817,-0.000855162623338,0.000696394417901,-0.00311275059357,0.00647465884686,-0.00286233518273,0.00191899726633,-0.0003941640025,-0.000934010080528,-0.000517690030392,0.00189149263315,-0.000918281439226,0.0000924724081415],[-0.000147158105392,0.000464780867333,-0.000558933534194,0.00018921100127,-0.00286233518273,0.00803497526795,-0.00386345176958,-0.000301461870549,-0.00171667756513,0.0018420877168,-0.00358459004201,0.00105951284058,0.00131386623252],[0.000240297900746,-0.00129772315267,0.0000295074914902,0.000456272246083,0.00191899726633,-0.00386345176958,0.0107665248215,-0.00650221994147,0.00225349492393,-0.00239723641425,-0.00115607888438,0.0000296894377243,0.00185720354784],[-0.000233253784245,0.000596420490183,-0.000567687035073,-0.000442409189418,-0.0003941640025,-0.000301461870549,-0.00650221994147,0.0130673702806,-0.00417687697336,0.00133870227728,-0.0000704530757503,-0.0000942676560953,-0.00283564557321],[0.000151164800627,-0.00042866676813,0.000626019842457,-0.000547479372472,-0.000934010080528,-0.00171667756513,0.00225349492393,-0.00417687697336,0.0105873961002,-0.00462335394695,0.00159948284272,-0.00145847629756,0.000152862805407],[-0.000514631567057,0.000783414870966,-0.000836159626488,0.000814509578049,-0.000517690030392,0.0018420877168,-0.00239723641425,0.00133870227728,-0.00462335394695,0.0103758843616,-0.00577796483412,0.00175737868994,-0.00106169120409],[0.000210842903471,-0.000365864660125,0.000586582813412,0.0000714663183317,0.00189149263315,-0.00358459004201,-0.00115607888438,-0.0000704530757503,0.00159948284272,-0.00577796483412,0.0147649962455,-0.0045252260752,0.00242611346766],[-0.000155214875122,0.000150533058331,-0.000120582095406,-0.00066051929025,-0.000918281439226,0.00105951284058,0.0000296894377243,-0.0000942676560953,-0.00145847629756,0.00175737868994,-0.0045252260752,0.0116695621982,-0.00393961882219],[-0.00000204103275792,-0.000386543368222,-0.000757242320105,-0.000670208770316,0.0000924724081415,0.00131386623252,0.00185720354784,-0.00283564557321,0.000152862805407,-0.00106169120409,0.00242611346766,-0.00393961882219,0.0105495359749]],"mean":[-720.915466309,132.922210693,-6.9670753479,13.9677019119,-11.0191221237,-7.31484460831,2.0064663887,-2.14921092987,-4.23364448547,5.60392045975,-2.467877388,-1.52389621735,4.55768537521]},"pitch_salience":{"dmean":0.0435337722301,"dmean2":0.0675343200564,"dvar":0.00229904730804,"dvar2":0.00545923039317,"max":0.878552317619,"mean":0.500072240829,"median":0.498341947794,"min":0.0228130463511,"var":0.0113524449989},"silence_rate_20dB":{"dmean":0,"dmean2":0,"dvar":0,"dvar2":0,"max":1,"mean":1,"median":1,"min":1,"var":0},"silence_rate_30dB":{"dmean":0.000727008387912,"dmean2":0.0014542810386,"dvar":0.000726428814232,"dvar2":0.00145209638868,"max":1,"mean":0.998364508152,"median":1,"min":0,"var":0.00163298053667},"silence_rate_60dB":{"dmean":0.0316248647869,"dmean2":0.0632612258196,"dvar":0.0306259952486,"dvar2":0.0636201575398,"max":1,"mean":0.18608032167,"median":0,"min":0,"var":0.151458084583},"spectral_centroid":{"dmean":160.799057007,"dmean2":239.947036743,"dvar":73395.9609375,"dvar2":136569.265625,"max":11536.8652344,"mean":1332.48571777,"median":1111.56958008,"min":169.469955444,"var":1642020.875},"spectral_complexity":{"dmean":1.60850596428,"dmean2":2.48100352287,"dvar":3.33894991875,"dvar2":6.85437250137,"max":37,"mean":12.5762310028,"median":13,"min":0,"var":47.5251350403},"spectral_contrast_coeffs":{"dmean":[0.0355537049472,0.0326028950512,0.0305865369737,0.0278604943305,0.0195894725621,0.0137543836609],"dmean2":[0.0579899735749,0.0507849603891,0.0485494099557,0.0439533293247,0.0302127767354,0.0217318236828],"dvar":[0.00113037647679,0.000829913944472,0.000692340487149,0.000597821839619,0.000359104538802,0.000178879927262],"dvar2":[0.00279691093601,0.00191687082406,0.00161472940817,0.00131230824627,0.000731214939151,0.00038319118903],"max":[-0.333775639534,-0.342388123274,-0.379090040922,-0.447272241116,-0.551191151142,-0.636575222015],"mean":[-0.629038572311,-0.668511390686,-0.704593360424,-0.717991113663,-0.750564217567,-0.783142149448],"median":[-0.64487850666,-0.675053477287,-0.706879913807,-0.713455796242,-0.749884963036,-0.778721630573],"min":[-0.980713009834,-0.982328116894,-0.975970625877,-0.971183598042,-0.965707063675,-0.965673804283],"var":[0.0104812225327,0.0106887966394,0.00962324347347,0.00855056755245,0.00633916864172,0.00272759632207]},"spectral_contrast_valleys":{"dmean":[0.346487343311,0.280898451805,0.265907287598,0.255953848362,0.228768989444,0.235656678677],"dmean2":[0.561599135399,0.443222373724,0.423879832029,0.395263552666,0.32880577445,0.32844093442],"dvar":[0.174849167466,0.0958272218704,0.0882191434503,0.104648776352,0.121282443404,0.137092411518],"dvar2":[0.318637758493,0.176119267941,0.157254770398,0.173861473799,0.181006416678,0.222650885582],"max":[-6.01809120178,-5.31792354584,-5.20796298981,-6.69059228897,-6.34220457077,-8.04029655457],"mean":[-8.66157150269,-7.75663137436,-8.63484573364,-9.14083003998,-8.93535900116,-11.4309129715],"median":[-7.92030191422,-7.3088054657,-8.26703262329,-8.74481964111,-8.51038837433,-10.9769115448],"min":[-28.3957538605,-28.0792312622,-27.7268466949,-27.8652057648,-27.499370575,-27.4041614532],"var":[6.80943918228,6.33150959015,5.82027053833,5.57445287704,5.80558586121,4.40254831314]},"spectral_decrease":{"dmean":7.03765989929e-10,"dmean2":9.72548708233e-10,"dvar":1.29611933137e-18,"dvar2":2.53029565617e-18,"max":1.54765214585e-28,"mean":-3.91240240205e-9,"median":-2.85050116844e-9,"min":-2.827522394e-8,"var":1.45633054687e-17},"spectral_energy":{"dmean":0.00284473504871,"dmean2":0.00392367737368,"dvar":0.0000209180107049,"dvar2":0.0000405529135605,"max":0.116782180965,"mean":0.015996221453,"median":0.0115305632353,"min":1.00499560602e-20,"var":0.000252230005572},"spectral_energyband_high":{"dmean":0.000107840445708,"dmean2":0.000158040988026,"dvar":5.1395176115e-8,"dvar2":1.03488133618e-7,"max":0.00747397216037,"mean":0.000359704368748,"median":0.000106444451376,"min":7.13503943624e-21,"var":3.63177292684e-7},"spectral_energyband_low":{"dmean":0.00089001073502,"dmean2":0.00129623222165,"dvar":0.00000867820290296,"dvar2":0.0000192102306755,"max":0.0551638305187,"mean":0.00305118132383,"median":0.000789784069639,"min":2.1522220709e-23,"var":0.0000255346658378},"spectral_energyband_middle_high":{"dmean":0.00113051664084,"dmean2":0.00165346474387,"dvar":0.00000679615550325,"dvar2":0.0000144178065966,"max":0.0834123790264,"mean":0.00456504151225,"median":0.00184895645361,"min":1.19225514012e-21,"var":0.0000687401698087},"spectral_energyband_middle_low":{"dmean":0.00164691125974,"dmean2":0.0021736251656,"dvar":0.00000761589171816,"dvar2":0.0000134613155751,"max":0.0788718983531,"mean":0.0083274692297,"median":0.00523732695729,"min":1.80342513906e-22,"var":0.0000905676424736},"spectral_entropy":{"dmean":0.128770634532,"dmean2":0.180591836572,"dvar":0.0315636359155,"dvar2":0.0569389872253,"max":9.82012939453,"mean":7.08538007736,"median":7.05242824554,"min":5.61822986603,"var":0.307797670364},"spectral_flux":{"dmean":0.0104486597702,"dmean2":0.0164674594998,"dvar":0.000208808574826,"dvar2":0.000481566734379,"max":0.216704756021,"mean":0.0365888811648,"median":0.0307636875659,"min":6.41542582946e-11,"var":0.000746274599805},"spectral_kurtosis":{"dmean":1.82397544384,"dmean2":3.04855585098,"dvar":4.25385141373,"dvar2":10.6585140228,"max":39.3615493774,"mean":6.92886829376,"median":5.33455657959,"min":-1.26567304134,"var":25.5393733978},"spectral_rms":{"dmean":0.000330214708811,"dmean2":0.000440372765297,"dvar":2.00060028988e-7,"dvar2":3.57008872243e-7,"max":0.0106739792973,"mean":0.00348220649175,"median":0.00335400202312,"min":3.1312673808e-12,"var":0.00000348026742358},"spectral_rolloff":{"dmean":275.53427124,"dmean2":467.783721924,"dvar":448216.21875,"dvar2":944541.8125,"max":19272.2167969,"mean":1576.27111816,"median":1098.19335938,"min":21.533203125,"var":6189635.5},"spectral_skewness":{"dmean":0.214271485806,"dmean2":0.339634418488,"dvar":0.0604489147663,"dvar2":0.123106025159,"max":5.18919229507,"mean":1.86228001118,"median":1.68787288666,"min":-0.0667537823319,"var":0.596899449825},"spectral_spread":{"dmean":317962.9375,"dmean2":483656.75,"dvar":505323978752,"dvar2":889740328960,"max":43182036,"mean":4352156.5,"median":3713010.75,"min":1745465.375,"var":18486300508200},"spectral_strongpeak":{"dmean":0.350470542908,"dmean2":0.571623563766,"dvar":0.494384795427,"dvar2":1.18879365921,"max":15.1091299057,"mean":1.203820467,"median":0.499069660902,"min":0,"var":2.23300766945},"zerocrossingrate":{"dmean":0.00617060763761,"dmean2":0.00748336967081,"dvar":0.000112700974569,"dvar2":0.000119703225209,"max":0.52197265625,"mean":0.0564321093261,"median":0.04541015625,"min":0.00341796875,"var":0.00426104012877}},"metadata":{"audio_properties":{"analysis_sample_rate":44100,"bit_rate":320000,"codec":"mp3","downmix":"mix","equal_loudness":0,"length":127.738777161,"lossless":false,"md5_encoded":"67ed83a0b7f5fcaaa0396a4e65d44dab","replay_gain":-11.8796863556,"sample_rate":44100},"tags":{"album":["Love Songs"],"albumartist":["The Everly Brothers"],"artist":["Everly Brothers"],"bpm":["94"],"encoding":["Lavf52.54.0"],"file_name":"14 Maybe Tomorrow.mp3","genre":["Retro"],"initialkey":["E"],"musicbrainz_albumid":["d2670ea1-3c52-4c78-94d1-18ed2fbc2347"],"musicbrainz_artistid":["091ec508-877f-4e3c-92a3-10903bbbc7ad"],"musicbrainz_recordingid":["1d0407e9-d77a-4dc6-b27f-97adc28593f8"],"releasedate":["2006"],"title":["Maybe Tomorrow"],"tracknumber":["14"]},"version":{"essentia":"2.1-beta2","essentia_build_sha":"cead25079874084f62182a551b7393616cd33d87","essentia_git_sha":"v2.1_beta2-1-ge3940c0","extractor":"music 1.0"}},"rhythm":{"beats_count":197,"beats_loudness":{"dmean":0.0123154269531,"dmean2":0.0213383007795,"dvar":0.000133964262204,"dvar2":0.000329333997797,"max":0.105312086642,"mean":0.0217796768993,"median":0.0184130854905,"min":0,"var":0.000240524677793},"beats_loudness_band_ratio":{"dmean":[0.413555800915,0.187193244696,0.210652172565,0.106186799705,0.0662966892123,0.0521016716957],"dmean2":[0.810797214508,0.364602416754,0.375533729792,0.188704818487,0.120395056903,0.101421378553],"dvar":[0.0551704764366,0.0250194408,0.029006710276,0.0152774779126,0.0052869184874,0.00227219937369],"dvar2":[0.172261029482,0.0774558410048,0.0866238027811,0.0407573580742,0.0141810812056,0.00669244723395],"max":[0.996293485165,0.67271566391,0.815453529358,0.827084124088,0.427769064903,0.265798091888],"mean":[0.382780522108,0.171904668212,0.268498390913,0.120640739799,0.0609251260757,0.0418980121613],"median":[0.31174197793,0.0996076390147,0.227073043585,0.07421