{"lowlevel":{"average_loudness":0.760942220688,"barkbands":{"dmean":[0.000140709860716,0.00347128300928,0.00254451110959,0.00194958958309,0.00156398524996,0.000711393717211,0.000413492874941,0.000394935719669,0.000908790680114,0.00035940395901,0.000257055857219,0.000270485848887,0.00023988490284,0.000230629404541,0.000215179577935,0.00039239556645,0.000278797320789,0.000159898263519,0.000194623004063,0.000103385027614,0.0000738945454941,0.0000409719723393,0.0000321866427839,0.0000352403149009,0.000049083482736,0.0000355827251042,0.00000559964382774],"dmean2":[0.000196526802029,0.00542860524729,0.00431149359792,0.00330299558118,0.0026205193717,0.00114570988808,0.000658563862089,0.000627044297289,0.00140217307489,0.000564699235838,0.000403446203563,0.000424411904532,0.000380935554858,0.00037022883771,0.000344346684869,0.000638257246464,0.000448234466603,0.000257491978118,0.000309296185151,0.000168535727425,0.000119174153951,0.0000648690765956,0.0000481403658341,0.0000514858038514,0.0000759507965995,0.0000608757982263,0.00000936718697631],"dvar":[2.12540442135e-7,0.0000752417909098,0.0000310793184326,0.0000182743569894,0.0000106043653432,0.00000197175654648,0.00000111463316443,0.00000137969527714,0.00000716030990588,0.00000138360530855,5.57478756491e-7,3.73976547507e-7,4.45770240276e-7,3.88187913813e-7,3.34159665272e-7,7.65601157582e-7,3.19907826452e-7,1.16593227517e-7,1.66791707557e-7,4.69180143625e-8,2.52027305692e-8,1.56514445848e-8,1.50083732109e-8,1.89059630173e-8,8.04038222668e-8,5.22685539295e-8,1.3015544198e-9],"dvar2":[4.36269033344e-7,0.000170723797055,0.0000878382925293,0.0000500019850733,0.0000294208020932,0.00000510770769324,0.0000028972506243,0.00000343597207575,0.0000168683891388,0.00000349635183738,0.0000013119789628,9.23419918308e-7,0.0000010957323866,9.97837673822e-7,8.15225689621e-7,0.00000192500442608,7.52013761485e-7,2.88780370283e-7,3.96412531245e-7,1.16239178283e-7,6.28844816219e-8,3.56725209372e-8,3.02992866352e-8,3.86219305426e-8,2.06945202308e-7,1.44967174265e-7,3.55010087993e-9],"max":[0.0151340356097,0.154084950686,0.0892050340772,0.0820695012808,0.0525907985866,0.0332035236061,0.0412847138941,0.0402433872223,0.0828542932868,0.0534232035279,0.0275351293385,0.024771604687,0.0318019241095,0.0167927406728,0.0337724834681,0.0290926247835,0.0261407289654,0.00950389541686,0.010134646669,0.00549733359367,0.00334444688633,0.00477807316929,0.0077321222052,0.0060555152595,0.008440727368,0.0061919321306,0.00170780066401],"mean":[0.000165029690834,0.00600158888847,0.00434252480045,0.00284863961861,0.00276654912159,0.00138961302582,0.000789469049778,0.000614184595179,0.00171347183641,0.00061356119113,0.000438517541625,0.000483248586534,0.0003994993167,0.000398813543143,0.000375738105504,0.000803986971732,0.000576867954805,0.000325154105667,0.000461241812445,0.000222485265112,0.00017257379659,0.0000746793666622,0.0000546630471945,0.0000563179855817,0.0000562382156204,0.0000289682375296,0.00000456545376437],"median":[0.000018340693714,0.00369914690964,0.00303903361782,0.00172493758146,0.00184354372323,0.000640424608719,0.000329666654579,0.000200583221158,0.000565175025258,0.000166415440617,0.00010667621973,0.00018036927213,0.000136079674121,0.00013261604181,0.000149558269186,0.000340868602507,0.000268885283731,0.000135662106914,0.000203156581847,0.0000921881437534,0.0000768599202274,0.0000157933845912,0.0000073208179856,0.00000394538255932,0.00000196313294509,5.23956828147e-7,2.32462173955e-8],"min":[2.52711157114e-24,2.5636826105e-23,9.96808741914e-24,1.24818037377e-23,8.21636119458e-23,1.04909867101e-22,6.79902679685e-23,7.39183998991e-23,3.63383033083e-23,2.73913837092e-23,6.40357145616e-23,6.14272544706e-23,1.34953640987e-22,1.20259434242e-22,2.21391225587e-22,2.24380894821e-22,1.9812670775e-22,1.60912352318e-22,3.14700697438e-22,2.72374157309e-22,4.34337221866e-22,6.24116708388e-22,5.95415500031e-22,9.28651601465e-22,1.19948549839e-21,1.9641791386e-21,2.38999459272e-21],"var":[2.73769018122e-7,0.0000979203468887,0.0000320176659443,0.0000188861849892,0.0000131433034767,0.00000501650220031,0.00000264676373263,0.00000204407160709,0.0000184047785297,0.0000027534201763,0.00000129006286897,7.48126581129e-7,8.05921104075e-7,8.02940007816e-7,7.31755847028e-7,0.00000200855902222,8.71649774581e-7,2.74375537401e-7,5.85136092468e-7,1.39210612815e-7,6.51157208154e-8,2.94978637072e-8,3.24442446242e-8,4.62513334298e-8,7.66295542576e-8,3.38764465369e-8,8.76477945777e-10]},"barkbands_crest":{"dmean":2.00297164917,"dmean2":3.13382458687,"dvar":4.2081360817,"dvar2":10.2827072144,"max":24.3146438599,"mean":9.07855606079,"median":8.44945144653,"min":2.41126799583,"var":11.535697937},"barkbands_flatness_db":{"dmean":0.0187875851989,"dmean2":0.027398744598,"dvar":0.000401141413022,"dvar2":0.00084320170572,"max":0.423968881369,"mean":0.180997952819,"median":0.157958120108,"min":0.0253731682897,"var":0.00715699326247},"barkbands_kurtosis":{"dmean":2.140812397,"dmean2":3.21200203896,"dvar":16.3113880157,"dvar2":36.0123748779,"max":132.534729004,"mean":3.90163946152,"median":1.79325985909,"min":-1.79464232922,"var":46.8043060303},"barkbands_skewness":{"dmean":0.408775299788,"dmean2":0.607646346092,"dvar":0.196209385991,"dvar2":0.428345024586,"max":9.25692749023,"mean":1.48669624329,"median":1.4072021246,"min":-3.35553812981,"var":1.21171927452},"barkbands_spread":{"dmean":3.80360102654,"dmean2":5.85552597046,"dvar":21.9929618835,"dvar2":50.8894920349,"max":117.022796631,"mean":19.7917308807,"median":18.2351913452,"min":0.667538583279,"var":183.482666016},"dissonance":{"dmean":0.0172758437693,"dmean2":0.0287182554603,"dvar":0.000409001426306,"dvar2":0.00108947814442,"max":0.500000119209,"mean":0.46169474721,"median":0.474931359291,"min":0.120093919337,"var":0.00154130812734},"dynamic_complexity":5.61672449112,"erbbands":{"dmean":[0.115032799542,0.772440433502,2.36903333664,5.31521463394,5.4250421524,5.278652668,6.02847909927,5.99115037918,5.87641382217,6.4989156723,10.2978982925,19.8839454651,14.7030296326,9.32566642761,9.81081295013,10.2431278229,10.6430549622,10.2404022217,10.8612585068,13.7336215973,20.728395462,14.5811090469,8.27822589874,10.3524026871,6.91952323914,4.54800796509,3.6962788105,2.32612228394,1.52402853966,1.16038429737,0.925306618214,0.880259990692,0.462501704693,0.404045641422,0.441022247076,0.199328005314,0.0570488162339,0.0114943236113,0.00086722773267,0.00002775178109],"dmean2":[0.1752409935,1.24911999702,4.01328372955,8.98453235626,9.15089988708,9.01784610748,9.76653289795,9.62157440186,9.2364616394,10.6503629684,15.8500366211,30.6008319855,22.8373947144,14.5720643997,15.3215169907,16.0526123047,16.6230869293,16.391166687,17.2890663147,22.1010169983,33.6464614868,23.396905899,13.2854652405,16.5924663544,10.9446563721,7.45260906219,6.03969717026,3.72206354141,2.4047472477,1.75657403469,1.3936920166,1.33572328091,0.670520246029,0.586988568306,0.7164914608,0.346787452698,0.0964126437902,0.0192264504731,0.00143135362305,0.0000445249970653],"dvar":[0.119251377881,3.2439262867,26.8885726929,139.105133057,99.9010162354,205.00982666,193.561096191,150.574508667,193.187515259,331.096008301,872.061279297,3909.46313477,2164.11450195,895.655090332,651.956848145,507.540039062,729.215087891,772.438049316,927.797546387,881.94934082,2129.00830078,835.607543945,305.633911133,468.3984375,196.139755249,90.9843139648,64.415222168,28.9475097656,20.0651493073,14.0634098053,12.2153186798,14.28307724,3.24465703964,3.14856386185,8.63503360748,1.86996924877,0.128420889378,0.00511734187603,0.0000260961860477,1.30393562614e-8],"dvar2":[0.257352083921,7.99207878113,76.1738128662,378.813659668,279.715270996,565.774963379,521.945678711,387.95098877,498.439605713,843.349853516,2143.79345703,8838.55175781,5263.88525391,2190.24389648,1559.52001953,1213.40136719,1733.71887207,1912.08081055,2245.99511719,2231.52758789,5219.18701172,2049.96459961,734.678405762,1134.24304199,460.823181152,227.725646973,162.7759552,71.7428131104,45.9930801392,28.9112319946,24.4854450226,31.7861976624,6.08564281464,6.83884143829,23.1459369659,5.24433279037,0.352627724409,0.0139199160039,0.0000695051858202,3.40198091919e-8],"max":[6.43869495392,26.6108722687,67.8869857788,228.570327759,164.387863159,248.945022583,429.208648682,309.514404297,397.658355713,513.367431641,1093.01416016,2526.52124023,1637.19274902,958.39654541,782.6015625,599.133300781,783.75982666,991.637207031,2135.68652344,1154.47021484,1920.83898926,711.745727539,485.855926514,505.333435059,408.435089111,254.301132202,150.276870728,126.859901428,173.858078003,151.537368774,217.169433594,135.906509399,98.7286300659,75.599899292,91.2005462646,41.0622673035,9.2073802948,2.63721346855,0.213294684887,0.0036169399973],"mean":[0.166125759482,1.38966882229,4.24217939377,8.85300922394,8.83058357239,8.18080234528,11.1597929001,11.9984025955,12.0958871841,10.6026449203,18.9831504822,37.078414917,26.6937446594,17.3446922302,18.0309410095,19.1968822479,19.6385555267,18.5609073639,20.2087612152,27.9858932495,44.5530967712,33.1601791382,19.0271968842,24.4241313934,17.4853343964,10.2369356155,8.18991851807,5.10051059723,2.81618833542,2.1037466526,1.55048549175,1.3267673254,0.788762629032,0.588116466999,0.425484657288,0.159348785877,0.0471975766122,0.00968299619853,0.000735805253498,0.0000476351633552],"median":[0.0799330621958,0.937230408192,2.85025525093,5.99669837952,5.69344377518,4.76415348053,4.83255577087,5.49103546143,5.54962539673,3.78138589859,7.45164966583,11.492972374,7.84269046783,4.83306980133,5.73484611511,7.6963300705,7.89094734192,6.62336587906,7.86931037903,13.0901966095,19.6656036377,15.9975910187,8.52804279327,11.1669111252,8.054646492,4.49601840973,3.6516494751,2.08638262749,0.664993584156,0.333057820797,0.197938203812,0.0988812968135,0.0551345460117,0.0269679706544,0.0112183131278,0.00303822103888,0.000763641786762,0.000137219234603,0.0000210525213333,0.0000285206842818],"min":[7.42289384654e-22,5.47574178464e-21,1.29634477363e-20,3.38963783934e-20,5.83644099933e-20,3.57936095399e-19,8.02238842338e-19,7.90385292461e-19,9.90545164617e-19,8.82290073298e-19,1.78460949795e-18,6.77910856235e-19,5.39651080666e-19,1.70648539102e-18,2.60082562469e-18,3.26157212132e-18,6.08864074253e-18,7.11922672207e-18,8.18827660009e-18,1.33343028484e-17,1.22223247781e-17,1.0596866898e-17,9.42827327787e-18,1.63139753325e-17,1.3959195615e-17,1.34709605302e-17,1.58525442083e-17,2.21065060952e-17,2.0329573247e-17,1.50912849275e-17,1.72456520175e-17,2.02235518535e-17,1.53429447027e-17,1.2866317145e-17,1.01806891708e-17,7.98573894557e-18,3.51699412074e-18,1.17329552152e-18,3.31161473892e-19,3.53953459857e-20],"var":[0.142021939158,4.03680706024,28.3861446381,153.911270142,128.353652954,193.362258911,395.035461426,379.224090576,489.769622803,595.329650879,1605.48486328,10220.0683594,5023.29882812,2026.67822266,1564.69396973,1065.48950195,1487.31408691,1606.84729004,2057.20654297,2302.83276367,5863.56884766,2548.9206543,854.598083496,1628.5690918,660.954040527,267.882293701,158.192504883,63.9125900269,37.8406639099,32.6354637146,27.3340644836,26.5499973297,9.9415435791,5.43679046631,6.6542391777,1.17750644684,0.0856321752071,0.00349272810854,0.0000187435052794,1.08910400698e-8]},"erbbands_crest":{"dmean":1.95803058147,"dmean2":3.05593299866,"dvar":3.63785886765,"dvar2":8.67656707764,"max":30.1228256226,"mean":8.56258296967,"median":7.44025039673,"min":2.26976132393,"var":17.2877311707},"erbbands_flatness_db":{"dmean":0.014904952608,"dmean2":0.0205690618604,"dvar":0.000297360034892,"dvar2":0.000528361881152,"max":0.463423669338,"mean":0.195323318243,"median":0.181971937418,"min":0.0273010674864,"var":0.00580052565783},"erbbands_kurtosis":{"dmean":0.74987912178,"dmean2":1.0957108736,"dvar":2.18190002441,"dvar2":3.77638864517,"max":62.7057266235,"mean":0.359808057547,"median":-0.383264422417,"min":-1.85065460205,"var":9.11581802368},"erbbands_skewness":{"dmean":0.287472814322,"dmean2":0.427430331707,"dvar":0.0731474757195,"dvar2":0.156066939235,"max":5.76623535156,"mean":0.166124001145,"median":0.0542849600315,"min":-2.26298141479,"var":0.647918403149},"erbbands_spread":{"dmean":5.74943113327,"dmean2":8.83637714386,"dvar":45.1442604065,"dvar2":104.639091492,"max":143.609237671,"mean":34.3619422913,"median":33.7205581665,"min":0.742313742638,"var":266.444854736},"gfcc":{"cov":[[32944.4296875,-3621.09960938,-1805.57897949,4723.66015625,-877.095275879,1701.17260742,-409.168548584,464.16116333,-943.785705566,0.993880331516,-738.804077148,-128.273895264,-116.710418701],[-3621.09960938,3476.11010742,-445.523101807,-923.653320312,723.864440918,-883.594970703,400.721588135,-412.981323242,319.269104004,-232.168884277,273.826934814,-222.421173096,199.865951538],[-1805.57897949,-445.523101807,1133.59887695,-386.975830078,-53.2076721191,252.38923645,-202.57069397,55.7703666687,0.247186020017,85.5662689209,-38.8921394348,86.0490722656,-147.248260498],[4723.66015625,-923.653320312,-386.975830078,1313.32324219,-188.398284912,263.974822998,36.7503662109,14.3425502777,-132.876953125,-10.02069664,-121.555183411,-63.719619751,40.096321106],[-877.095275879,723.864440918,-53.2076721191,-188.398284912,352.630645752,-171.438354492,103.894561768,-86.8797302246,52.3374137878,-48.5731201172,45.8723640442,-42.2962646484,41.6232223511],[1701.17260742,-883.594970703,252.38923645,263.974822998,-171.438354492,480.040527344,-124.504447937,135.049194336,-97.0095672607,41.0386886597,-77.7485122681,44.8534164429,-79.0928192139],[-409.168548584,400.721588135,-202.57069397,36.7503662109,103.894561768,-124.504447937,257.211791992,-47.0319709778,43.0096588135,-38.5127334595,16.5929412842,-73.7252807617,42.8059272766],[464.16116333,-412.981323242,55.7703666687,14.3425502777,-86.8797302246,135.049194336,-47.0319709778,184.403488159,-12.6760177612,37.2480812073,-44.8506889343,21.1616764069,-46.4903640747],[-943.785705566,319.269104004,0.247186020017,-132.876953125,52.3374137878,-97.0095672607,43.0096588135,-12.6760177612,134.746353149,0.542792499065,31.0422344208,-32.404384613,6.32678461075],[0.993880331516,-232.168884277,85.5662689209,-10.02069664,-48.5731201172,41.0386886597,-38.5127334595,37.2480812073,0.542792499065,91.5316543579,-1.01800298691,14.8759775162,-29.6508483887],[-738.804077148,273.826934814,-38.8921394348,-121.555183411,45.8723640442,-77.7485122681,16.5929412842,-44.8506889343,31.0422344208,-1.01800298691,99.1483459473,17.5783996582,22.5287075043],[-128.273895264,-222.421173096,86.0490722656,-63.719619751,-42.2962646484,44.8534164429,-73.7252807617,21.1616764069,-32.404384613,14.8759775162,17.5783996582,116.307350159,12.8949165344],[-116.710418701,199.865951538,-147.248260498,40.096321106,41.6232223511,-79.0928192139,42.8059272766,-46.4903640747,6.32678461075,-29.6508483887,22.5287075043,12.8949165344,112.187637329]],"icov":[[0.000140573451063,-0.000343279709341,0.000229835015489,-0.000503989635035,0.000129581443616,-0.000390557106584,0.000312882446451,-0.000254735350609,0.000545642687939,-0.000438112852862,0.000737891590688,-0.000458439026261,0.000449181708973],[-0.000343279709341,0.00253920280375,-0.000485996133648,0.00196810462512,-0.00163074070588,0.00178570894059,-0.000903490989003,0.00162786419969,-0.00234428909607,0.00315238907933,-0.00369710335508,0.00349224614911,-0.00203240360133],[0.000229835015489,-0.000485996133648,0.00205271015875,-0.000195208267542,-0.0000838670312078,-0.0016558902571,0.000964111706708,0.000669923378155,0.000187638259376,-0.00143184931949,0.00225100200623,-0.00152819266077,0.00197696918622],[-0.000503989635035,0.00196810462512,-0.000195208267542,0.00356332631782,-0.000555676000658,0.000703592319041,-0.00136723497417,0.00215242104605,-0.00184424081817,0.00204742653295,-0.00227784714662,0.00344490027055,-0.00273787998594],[0.000129581443616,-0.00163074070588,-0.0000838670312078,-0.000555676000658,0.0053424728103,-0.000503160059452,-0.000542577647138,-0.000285892077954,0.00126943411306,-0.000834106467664,0.00156255403999,-0.00119450350758,0.000411709013861],[-0.000390557106584,0.00178570894059,-0.0016558902571,0.000703592319041,-0.000503160059452,0.00615245942026,-0.000465085846372,-0.00117996474728,-0.000390643253922,0.00285067106597,-0.00309005798772,0.00202309852466,-0.000636338663753],[0.000312882446451,-0.000903490989003,0.000964111706708,-0.00136723497417,-0.000542577647138,-0.000465085846372,0.00677890423685,-0.000903616135474,0.000695078168064,-0.000470595638035,0.00136263575405,0.00164911884349,-0.0000251729579759],[-0.000254735350609,0.00162786419969,0.000669923378155,0.00215242104605,-0.000285892077954,-0.00117996474728,-0.000903616135474,0.0100654279813,-0.00325861969031,-0.000189401427633,0.00124761054758,0.000326020381181,0.000580671650823],[0.000545642687939,-0.00234428909607,0.000187638259376,-0.00184424081817,0.00126943411306,-0.000390643253922,0.000695078168064,-0.00325861969031,0.0134653616697,-0.00359749840572,0.00123874587007,0.000498796172906,0.0012712534517],[-0.000438112852862,0.00315238907933,-0.00143184931949,0.00204742653295,-0.000834106467664,0.00285067106597,-0.000470595638035,-0.000189401427633,-0.00359749840572,0.0178250800818,-0.006676832214,0.00383653608151,-0.00044885952957],[0.000737891590688,-0.00369710335508,0.00225100200623,-0.00227784714662,0.00156255403999,-0.00309005798772,0.00136263575405,0.00124761054758,0.00123874587007,-0.006676832214,0.0215061157942,-0.0091862026602,0.00326423184015],[-0.000458439026261,0.00349224614911,-0.00152819266077,0.00344490027055,-0.00119450350758,0.00202309852466,0.00164911884349,0.000326020381181,0.000498796172906,0.00383653608151,-0.0091862026602,0.0194802153856,-0.00796863716096],[0.000449181708973,-0.00203240360133,0.00197696918622,-0.00273787998594,0.000411709013861,-0.000636338663753,-0.0000251729579759,0.000580671650823,0.0012712534517,-0.00044885952957,0.00326423184015,-0.00796863716096,0.0162940174341]],"mean":[-77.228477478,141.218658447,-122.921859741,28.5905647278,-33.9216537476,-0.891373693943,-27.4251098633,7.24432611465,-16.555015564,-3.38986182213,-14.6681013107,-6.03704881668,-6.60229825974]},"hfc":{"dmean":5.10287952423,"dmean2":7.76890230179,"dvar":145.111801147,"dvar2":352.889556885,"max":268.297698975,"mean":17.4642601013,"median":11.2225227356,"min":1.20784105717e-16,"var":383.63470459},"melbands":{"dmean":[0.000975778675638,0.001088605728,0.000878285500221,0.000370466179447,0.000209504898521,0.000131266118842,0.0000867628332344,0.0000760373222874,0.0000968108142843,0.000130423868541,0.0000738483795431,0.000040035454731,0.0000333924435836,0.0000260044707829,0.0000338831232511,0.000022873375201,0.0000201548100449,0.0000196780620172,0.0000170448947756,0.0000246062190854,0.0000265179296548,0.0000172883464984,0.000011815792277,0.00000664596109345,0.00000954270944931,0.00000745890429243,0.00000455912004327,0.00000301775139633,0.00000277337699117,0.00000197245299205,0.00000124773475818,9.14093448046e-7,8.12998848687e-7,6.30591557638e-7,5.41749841432e-7,6.29119256246e-7,4.86294766233e-7,3.233027428e-7,3.38248838716e-7,3.5372161733e-7],"dmean2":[0.00150362611748,0.00179677514825,0.00148320209701,0.000628660956863,0.000343193794833,0.000210004465771,0.000137345734402,0.00012392672943,0.000148804188939,0.000200831884285,0.000114746719191,0.0000626836845186,0.0000523957351106,0.0000409155800298,0.0000527766314917,0.0000363729704986,0.0000324548454955,0.0000314145472657,0.0000275138336292,0.0000400872013415,0.0000431598891737,0.000027858910471,0.0000190462742466,0.0000106911311377,0.0000153567543748,0.0000118668749565,0.00000724510437067,0.00000498535109728,0.00000456815860161,0.0000031900437989,0.00000201489569918,0.00000145902060922,0.00000129083537104,9.53845415097e-7,8.2596517359e-7,9.75463876784e-7,7.35159574106e-7,4.84475890516e-7,4.96777602166e-7,5.23319101831e-7],"dvar":[0.00000716870999895,0.00000533771435585,0.00000343674082615,6.18707474587e-7,2.41264416445e-7,6.7742739418e-8,4.37824390076e-8,4.34901217261e-8,7.72648363068e-8,1.70623948748e-7,5.54206529557e-8,1.66013922609e-8,8.46238190633e-9,4.3141494821e-9,5.59629054209e-9,4.57605464632e-9,3.00440516909e-9,3.15407189255e-9,2.17655271584e-9,3.41568551221e-9,3.47477202567e-9,1.25562782394e-9,6.01049043869e-10,2.34700342494e-10,4.14859563369e-10,2.46191483866e-10,9.77179448469e-11,4.56456261677e-11,3.94262643366e-11,1.72852600289e-11,9.39315899368e-12,6.81825733026e-12,7.26437660026e-12,4.38770721145e-12,4.19135646329e-12,7.73427502598e-12,3.84895544256e-12,1.68618884046e-12,2.12140049451e-12,2.45964121466e-12],"dvar2":[0.0000158833208843,0.0000144941504914,0.00000941533653531,0.00000172212241978,6.50511992717e-7,1.74737479597e-7,1.14268239315e-7,1.11025300953e-7,1.91931107452e-7,3.84710631351e-7,1.35902595844e-7,4.08423446174e-8,2.04709724727e-8,1.09212745514e-8,1.29248007852e-8,1.16545857409e-8,7.4962285268e-9,7.73249198005e-9,5.43674261166e-9,8.83280115715e-9,8.4684330659e-9,3.05949576784e-9,1.4188432651e-9,5.91364457403e-10,9.97865678976e-10,5.8632881883e-10,2.21574064652e-10,1.15587525662e-10,9.85133294384e-11,4.34123327564e-11,2.34744237937e-11,1.62615719501e-11,1.63716176033e-11,8.85242400217e-12,8.26478295524e-12,1.77843746674e-11,8.38225582694e-12,3.55161473148e-12,4.03816086472e-12,5.5019647692e-12],"max":[0.0494773946702,0.0311513375491,0.0340376161039,0.0122953988612,0.0132389487699,0.00635190075263,0.00753180030733,0.00506393006071,0.00952474586666,0.0166047811508,0.00825752876699,0.00409542070702,0.00270725553855,0.00309184100479,0.00186921691056,0.00363657507114,0.00150903116446,0.00332642230205,0.00195152824745,0.00243729935028,0.00313436705619,0.00097351660952,0.000537998741493,0.000569297815673,0.000509905221406,0.000458977883682,0.000351827737177,0.000201118484256,0.000143628261867,0.0000836534745758,0.0000757615634939,0.00010183838458,0.000115864211693,0.000106181658339,0.000131936307298,0.000114638918603,0.0000667159838486,0.0000704347985447,0.0000777378227212,0.0000547886520508],"mean":[0.00159765896387,0.00215614004992,0.00152268144302,0.00060949078761,0.000386866362533,0.000268733070698,0.000174305794644,0.000117996336485,0.000175877736183,0.00024053780362,0.000129470048705,0.0000702918769093,0.0000588370858168,0.0000475758170069,0.0000573868128413,0.0000378097174689,0.0000342018720403,0.0000332531380991,0.0000298919603665,0.0000475507658848,0.0000525347240909,0.0000353035939042,0.0000236546711676,0.0000133026987896,0.0000209237496165,0.0000164608100022,0.00000955752875598,0.00000583361043027,0.00000530556508238,0.00000424735526394,0.00000241333827944,0.00000158366628966,0.0000013543536852,0.00000108926144549,8.90928106401e-7,8.96296398878e-7,7.32904368306e-7,5.27055590283e-7,5.31763078016e-7,4.90514651119e-7],"median":[0.00092822953593,0.00153730495367,0.00108176737558,0.000401749799494,0.000179457696504,0.000126766433823,0.0000799407062004,0.0000374870469386,0.0000657132914057,0.0000701606913935,0.000035582404962,0.0000178619520739,0.0000167354319274,0.0000172874424607,0.0000212400118471,0.0000117020317703,0.0000110924884211,0.0000115113662105,0.0000122813071357,0.0000197735571419,0.0000223599745368,0.0000159064657055,0.0000105247363535,0.00000534233640792,0.00000915093551157,0.00000684728638589,0.00000403316835218,0.00000229391525863,0.00000217095021071,0.00000199144574253,8.16642341306e-7,3.43967855088e-7,2.26758629651e-7,1.47765547354e-7,1.1417836987e-7,7.37240952731e-8,5.02189863028e-8,3.71647317365e-8,3.08391534531e-8,1.88823392477e-8],"min":[6.73391469105e-24,7.17752746566e-24,5.07032931538e-24,1.40250870364e-23,2.63805389229e-23,1.92168756877e-23,1.37335319345e-23,1.13004103792e-23,1.43186663555e-23,3.80794794649e-24,2.59974751671e-24,6.3031382611e-24,9.11427091812e-24,7.17372436724e-24,9.42115043203e-24,1.46827856167e-23,1.24801408189e-23,1.19062729093e-23,1.54129379156e-23,1.77518552793e-23,1.28127403538e-23,1.0410848224e-23,1.02484399074e-23,7.05975605454e-24,1.43589156166e-23,1.04314319716e-23,8.33432019683e-24,9.32510503909e-24,9.29181274231e-24,9.78355707619e-24,1.44200996684e-23,1.10456840374e-23,1.19156974306e-23,7.5290060197e-24,8.84874270401e-24,1.23591051013e-23,1.28381471969e-23,1.2110972059e-23,8.62280662986e-24,1.05647084438e-23],"var":[0.0000089123059297,0.00000644813871986,0.00000390491868529,6.92627963872e-7,4.37258364627e-7,1.79505263986e-7,1.04257424027e-7,7.2111348004e-8,1.58122759331e-7,4.51882925745e-7,1.2586400544e-7,3.59306149278e-8,1.96423091126e-8,8.5987110765e-9,1.14926628214e-8,8.27848722906e-9,6.20361939596e-9,6.48136300185e-9,4.84883200258e-9,9.16742415313e-9,9.12735220737e-9,3.42877348736e-9,1.59558410928e-9,4.92614893322e-10,1.37489553076e-9,7.45254302714e-10,2.89578194757e-10,1.11818609927e-10,8.40081268438e-11,4.07723334261e-11,1.77139622415e-11,1.23736923485e-11,1.31764009426e-11,9.91752860391e-12,9.04175866123e-12,1.32810802286e-11,7.69729939509e-12,4.6214507915e-12,5.37118786947e-12,3.77138424656e-12]},"melbands_crest":{"dmean":2.55401825905,"dmean2":3.97903513908,"dvar":6.31353235245,"dvar2":15.3450784683,"max":30.5877189636,"mean":13.6170434952,"median":12.999912262,"min":1.57638382912,"var":18.6832313538},"melbands_flatness_db":{"dmean":0.0220967102796,"dmean2":0.032354414463,"dvar":0.000575540121645,"dvar2":0.00124287116341,"max":0.582650244236,"mean":0.261343330145,"median":0.233447819948,"min":0.00547497998923,"var":0.0109906829894},"melbands_kurtosis":{"dmean":4.91025066376,"dmean2":7.53653430939,"dvar":73.8174743652,"dvar2":170.108047485,"max":241.938674927,"mean":11.4187355042,"median":7.45932388306,"min":-1.7032173872,"var":192.42578125},"melbands_skewness":{"dmean":0.556002557278,"dmean2":0.838243365288,"dvar":0.390615433455,"dvar2":0.897414147854,"max":13.2758569717,"mean":2.52920126915,"median":2.43000507355,"min":-3.47756481171,"var":2.08707404137},"melbands_spread":{"dmean":4.68056821823,"dmean2":7.25295352936,"dvar":32.8049316406,"dvar2":77.6954421997,"max":178.507461548,"mean":19.9010391235,"median":15.7295398712,"min":0.867960393429,"var":242.668273926},"mfcc":{"cov":[[20893.5859375,-1201.66491699,-1679.26733398,2198.14160156,348.257019043,749.744140625,615.702880859,351.875549316,225.567810059,142.036468506,-200.565139771,-205.766876221,-209.685516357],[-1201.66491699,2857.88549805,-149.620300293,-18.9638118744,196.870376587,-43.9395217896,-19.7641372681,-55.889919281,-20.1659927368,-23.8800735474,-35.6500816345,0.464733392,1.82431292534],[-1679.26733398,-149.620300293,845.083374023,-449.228546143,66.8465042114,-12.1868915558,-129.879989624,9.56271457672,-68.3182830811,31.7776241302,49.4929695129,-4.55582094193,53.2540550232],[2198.14160156,-18.9638118744,-449.228546143,679.693847656,8.81230831146,100.729797363,121.989356995,-12.3945875168,74.5790405273,5.335460186,-54.78307724,-2.22048854828,-38.2325286865],[348.257019043,196.870376587,66.8465042114,8.81230831146,238.109008789,60.1334762573,4.64093446732,18.1626052856,-17.345539093,8.01366138458,-8.90400600433,-15.0608148575,-0.0850000753999],[749.744140625,-43.9395217896,-12.1868915558,100.729797363,60.1334762573,178.136306763,60.5174865723,31.3991146088,-1.41520726681,19.7398872375,-13.7804327011,-31.1666622162,-8.26218414307],[615.702880859,-19.7641372681,-129.879989624,121.989356995,4.64093446732,60.5174865723,154.374816895,27.8018188477,34.6853141785,4.60230731964,-17.2627334595,-5.69556999207,-16.448431015],[351.875549316,-55.889919281,9.56271457672,-12.3945875168,18.1626052856,31.3991146088,27.8018188477,114.875106812,19.963973999,16.692949295,3.30710554123,-14.3937711716,1.81859469414],[225.567810059,-20.1659927368,-68.3182830811,74.5790405273,-17.345539093,-1.41520726681,34.6853141785,19.963973999,110.721557617,24.8530483246,7.42945814133,7.72986936569,-19.9137325287],[142.036468506,-23.8800735474,31.7776241302,5.335460186,8.01366138458,19.7398872375,4.60230731964,16.692949295,24.8530483246,108.627861023,43.2951087952,-9.07872104645,-14.4815826416],[-200.565139771,-35.6500816345,49.4929695129,-54.78307724,-8.90400600433,-13.7804327011,-17.2627334595,3.30710554123,7.42945814133,43.2951087952,94.6438522339,20.3496341705,-4.36312484741],[-205.766876221,0.464733392,-4.55582094193,-2.22048854828,-15.0608148575,-31.1666622162,-5.69556999207,-14.3937711716,7.72986936569,-9.07872104645,20.3496341705,78.4139175415,19.7515602112],[-209.685516357,1.82431292534,53.2540550232,-38.2325286865,-0.0850000753999,-8.26218414307,-16.448431015,1.81859469414,-19.9137325287,-14.4815826416,-4.36312484741,19.7515602112,71.0999145508]],"icov":[[0.000093741051387,0.0000443591998192,0.0000840023421915,-0.000226859061513,-0.000124317433801,-0.000131740147481,-0.0000229885808949,-0.00022791090305,0.000066043692641,-0.0000654404502711,0.0000208921010199,0.0000906349159777,0.0000567391289223],[0.0000443591998192,0.000417753180955,0.000203256116947,0.00000251787514571,-0.000488703313749,0.0000961669211392,0.0000162149299285,0.000112403125968,0.00000649335242997,-0.0000817208638182,0.000136286384077,0.0000569877811358,-0.0000416087568738],[0.0000840023421915,0.000203256116947,0.00228255544789,0.00114683702122,-0.000752915395424,-0.000805343443062,0.000954705174081,0.0000100726028904,0.0000718308219803,-0.00074479507748,-0.0000232647125813,0.000128469109768,-0.000893007440027],[-0.000226859061513,0.00000251787514571,0.00114683702122,0.0034297099337,-0.0000434330177086,-0.00106928579044,-0.000304088549456,0.00149661116302,-0.00126215058845,-0.000461384333903,0.00112025754061,-0.000814564933535,-0.0000692220419296],[-0.000124317433801,-0.000488703313749,-0.000752915395424,-0.0000434330177086,0.00544162234291,-0.00144773640204,0.000244128954364,-0.000466076860903,0.000632949231658,-0.0000394947892346,0.000309585098876,-0.00019845677889,0.00033651891863],[-0.000131740147481,0.0000961669211392,-0.000805343443062,-0.00106928579044,-0.00144773640204,0.00884534418583,-0.00279316818342,-0.000928691762965,0.00142385833897,-0.000969172804616,0.0000597816360823,0.00226971274242,-0.000384515267797],[-0.0000229885808949,0.0000162149299285,0.000954705174081,-0.000304088549456,0.000244128954364,-0.00279316818342,0.00952714402229,-0.00148795754649,-0.00174782529939,0.000110097018478,0.0010164626874,-0.000945529493038,0.000828931864817],[-0.00022791090305,0.000112403125968,0.0000100726028904,0.00149661116302,-0.000466076860903,-0.000928691762965,-0.00148795754649,0.0110637117177,-0.00243018497713,-0.000585192639846,-0.000403502606787,0.00166356086265,-0.00190023414325],[0.000066043692641,0.00000649335242997,0.0000718308219803,-0.00126215058845,0.000632949231658,0.00142385833897,-0.00174782529939,-0.00243018497713,0.0120758311823,-0.00253152637742,0.000161412768648,-0.00195046234876,0.00270447414368],[-0.0000654404502711,-0.0000817208638182,-0.00074479507748,-0.000461384333903,-0.0000394947892346,-0.000969172804616,0.000110097018478,-0.000585192639846,-0.00253152637742,0.0132997287437,-0.00653680926189,0.00252848654054,0.000942919054069],[0.0000208921010199,0.000136286384077,-0.0000232647125813,0.00112025754061,0.000309585098876,0.0000597816360823,0.0010164626874,-0.000403502606787,0.000161412768648,-0.00653680926189,0.0157526824623,-0.00521210441366,0.00205912650563],[0.0000906349159777,0.0000569877811358,0.000128469109768,-0.000814564933535,-0.00019845677889,0.00226971274242,-0.000945529493038,0.00166356086265,-0.00195046234876,0.00252848654054,-0.00521210441366,0.0172775592655,-0.00541702052578],[0.0000567391289223,-0.0000416087568738,-0.000893007440027,-0.0000692220419296,0.00033651891863,-0.000384515267797,0.000828931864817,-0.00190023414325,0.00270447414368,0.000942919054069,0.00205912650563,-0.00541702052578,0.0176415834576]],"mean":[-701.043151855,152.983200073,-11.1600980759,31.5173587799,10.6201467514,2.31977438927,1.58966755867,5.01900196075,5.42488479614,2.48143434525,-2.10304450989,1.11580657959,-0.947361528873]},"pitch_salience":{"dmean":0.0576841495931,"dmean2":0.0908222645521,"dvar":0.00300973374397,"dvar2":0.00759494351223,"max":0.821115255356,"mean":0.546889424324,"median":0.550939083099,"min":0.156574741006,"var":0.00933005101979},"silence_rate_20dB":{"dmean":0,"dmean2":0,"dvar":0,"dvar2":0,"max":1,"mean":1,"median":1,"min":1,"var":0},"silence_rate_30dB":{"dmean":0.00743681844324,"dmean2":0.0148745747283,"dvar":0.00738042220473,"dvar2":0.0201991461217,"max":1,"mean":0.995336532593,"median":1,"min":0,"var":0.00464233616367},"silence_rate_60dB":{"dmean":0.004033528734,"dmean2":0.00806756597012,"dvar":0.00401724176481,"dvar2":0.00901269074529,"max":1,"mean":0.163977816701,"median":0,"min":0,"var":0.137116491795},"spectral_centroid":{"dmean":165.056121826,"dmean2":258.411712646,"dvar":37667.9921875,"dvar2":86165.984375,"max":11392.8847656,"mean":1191.84411621,"median":1182.51293945,"min":172.301986694,"var":439337.75},"spectral_complexity":{"dmean":3.00409650803,"dmean2":4.60632801056,"dvar":12.6090707779,"dvar2":26.3304271698,"max":61,"mean":19.7880649567,"median":20,"min":0,"var":171.845443726},"spectral_contrast_coeffs":{"dmean":[0.0435985513031,0.0413687601686,0.0368015132844,0.0288707576692,0.0216597598046,0.0192123409361],"dmean2":[0.0727529004216,0.0667861923575,0.0579436048865,0.0465326979756,0.0347611196339,0.030500382185],"dvar":[0.00153734884225,0.00121451215819,0.000946830026805,0.000571957614738,0.000361023936421,0.000411209999584],"dvar2":[0.00424365606159,0.0032320485916,0.00234187138267,0.00145311281085,0.00086354650557,0.000927418237552],"max":[-0.354329615831,-0.429258704185,-0.449677616358,-0.535926282406,-0.577778458595,-0.525240182877],"mean":[-0.66598200798,-0.729816555977,-0.760707437992,-0.784197092056,-0.785382807255,-0.749218165874],"median":[-0.665176153183,-0.733940005302,-0.769795536995,-0.789393007755,-0.787176847458,-0.748098433018],"min":[-0.955945968628,-0.966859400272,-0.962781250477,-0.958821773529,-0.961696743965,-0.957375109196],"var":[0.00491861021146,0.00483059883118,0.00490760663524,0.00274361204356,0.00234217918478,0.00615679519251]},"spectral_contrast_valleys":{"dmean":[0.309132099152,0.315261572599,0.323583990335,0.289924919605,0.244846120477,0.309211045504],"dmean2":[0.514579176903,0.512877106667,0.505000710487,0.440063744783,0.370079725981,0.438842892647],"dvar":[0.0751023888588,0.0866521596909,0.10078971833,0.0976401045918,0.1053577438,0.19454459846],"dvar2":[0.189236491919,0.211119055748,0.212893337011,0.193619266152,0.21586330235,0.381370395422],"max":[-5.14619445801,-4.73150205612,-5.27163743973,-5.42729139328,-5.45476675034,-7.48407793045],"mean":[-7.24996805191,-7.15108966827,-7.89944124222,-8.09923171997,-8.26292133331,-11.777586937],"median":[-6.65513563156,-6.78168201447,-7.38990879059,-7.43773365021,-7.19481277466,-11.1162700653],"min":[-27.4452972412,-27.3335418701,-27.4019947052,-27.2364311218,-27.1881790161,-27.3910045624],"var":[3.13907313347,2.2903072834,3.05364847183,3.6038517952,4.76272678375,4.85889625549]},"spectral_decrease":{"dmean":2.09845629762e-9,"dmean2":3.32282601434e-9,"dvar":1.3364006077e-17,"dvar2":3.18009553409e-17,"max":1.2640992319e-17,"mean":-6.51633724758e-9,"median":-5.60933521854e-9,"min":-4.5822432071e-8,"var":3.08092253434e-17},"spectral_energy":{"dmean":0.00826779473573,"dmean2":0.0130521981046,"dvar":0.000205215517781,"dvar2":0.000488218560349,"max":0.174797236919,"mean":0.0261782798916,"median":0.0224173255265,"min":1.11008074413e-20,"var":0.000492480525281},"spectral_energyband_high":{"dmean":0.000270013988484,"dmean2":0.000413152651163,"dvar":7.4538905892e-7,"dvar2":0.00000180315123544,"max":0.0205728076398,"mean":0.000537151761819,"median":0.000182485382538,"min":8.06229920939e-21,"var":0.00000118937464322},"spectral_energyband_low":{"dmean":0.00561709003523,"dmean2":0.00891714170575,"dvar":0.000138328920002,"dvar2":0.000325500819599,"max":0.165922597051,"mean":0.0123089980334,"median":0.00901867356151,"min":4.69748493704e-23,"var":0.000214556959691},"spectral_energyband_middle_high":{"dmean":0.00138348643668,"dmean2":0.00210397830233,"dvar":0.00000676852232573,"dvar2":0.0000157783833856,"max":0.0584685541689,"mean":0.00490693422034,"median":0.00272362027317,"min":1.64660398348e-21,"var":0.0000347329951182},"spectral_energyband_middle_low":{"dmean":0.00413777166978,"dmean2":0.00678205536678,"dvar":0.0000493709412694,"dvar2":0.000130037151393,"max":0.093085989356,"mean":0.0103155858815,"median":0.00793885998428,"min":3.80127811175e-22,"var":0.0000962483536568},"spectral_entropy":{"dmean":0.142985060811,"dmean2":0.206659585238,"dvar":0.0326524116099,"dvar2":0.0648521482944,"max":9.78448581696,"mean":7.19458007812,"median":7.46893596649,"min":4.48511505127,"var":0.560886740685},"spectral_flux":{"dmean":0.0206363834441,"dmean2":0.0327969044447,"dvar":0.000814253522549,"dvar2":0.00180024013389,"max":0.324958771467,"mean":0.0700576901436,"median":0.0622608736157,"min":1.05360366265e-10,"var":0.00284358346835},"spectral_kurtosis":{"dmean":5.66128063202,"dmean2":9.44764232635,"dvar":117.170028687,"dvar2":300.2293396,"max":181.503128052,"mean":14.0165109634,"median":4.91233539581,"min":-1.23009169102,"var":504.654174805},"spectral_rms":{"dmean":0.000654758361634,"dmean2":0.00101401703432,"dvar":8.72474288371e-7,"dvar2":0.00000201143916456,"max":0.0130588626489,"mean":0.00450465548784,"median":0.00467659719288,"min":3.29090509184e-12,"var":0.00000524779625266},"spectral_rolloff":{"dmean":315.676757812,"dmean2":525.496459961,"dvar":351435.59375,"dvar2":838923.375,"max":19121.484375,"mean":1251.87133789,"median":818.26171875,"min":86.1328125,"var":2500466.75},"spectral_skewness":{"dmean":0.441673010588,"dmean2":0.723430037498,"dvar":0.425220012665,"dvar2":1.09560549259,"max":10.7533788681,"mean":2.11074709892,"median":1.46415638924,"min":-0.0124878128991,"var":2.54824471474},"spectral_spread":{"dmean":384912.375,"dmean2":555813.75,"dvar":390536232960,"dvar2":681304391680,"max":41429884,"mean":3228210.5,"median":2940666.75,"min":445562.8125,"var":2866232688640},"spectral_strongpeak":{"dmean":0.346894353628,"dmean2":0.602685332298,"dvar":0.638344287872,"dvar2":1.642988801,"max":14.2855424881,"mean":0.582270622253,"median":0.294923961163,"min":0,"var":0.916565835476},"zerocrossingrate":{"dmean":0.00630903569981,"dmean2":0.00775888934731,"dvar":0.0000650760703138,"dvar2":0.0000861683802214,"max":0.583984375,"mean":0.0474066995084,"median":0.04052734375,"min":0.005859375,"var":0.00184438121505}},"metadata":{"audio_properties":{"analysis_sample_rate":44100,"bit_rate":192000,"codec":"mp3","downmix":"mix","equal_loudness":0,"length":368.431030273,"lossless":false,"md5_encoded":"cb8f750d0e1dc413854b6cca72114846","replay_gain":-11.1363887787,"sample_rate":44100},"tags":{"album":["Carnival of SoulsThe Final Sessions"],"albumartist":["Kiss"],"artist":["Kiss"],"date":["1997"],"encodedby":["wizz21"],"file_name":"402791.mp3","genre":["Hard-Rock"],"musicbrainz_recordingid":["1d042b1a-2848-4988-837f-b209dd903015"],"title":["I Walk Alone"],"tracknumber":["12"]},"version":{"essentia":"2.1-beta2","essentia_build_sha":"70f2e5ece6736b2c40cc944ad0e695b16b925413","essentia_git_sha":"v2.1_beta2","extractor":"music 1.0"}},"rhythm":{"beats_count":665,"beats_loudness":{"dmean":0.0158053208143,"dmean2":0.0271096844226,"dvar":0.000337804318406,"dvar2":0.000950865447521,"max":0.136431351304,"mean":0.03623957932,"median":0.0347408317029,"min":1.25557897412e-10,"var":0.000728087208699},"beats_loudness_band_ratio":{"dmean":[0.180222451687,0.106339283288,0.111598439515,0.0648946017027,0.0521568208933,0.0263651683927],"dmean2":[0.324112266302,0.179158374667,0.193307727575,0.113518819213,0.0909116342664,0.0454924069345],"dvar":[0.026435540989,0.0103285927325,0.0161298401654,0.00561893358827,0.00375783559866,0.0012216217583],"dvar2":[0.0850222036242,0.0274803303182,0.04206565395,0.0150782512501,0.0107767796144,0.00314582209103],"max":[0.965411484241,0.784555196762,0.92994004488,0.789465069771,0.793993771076,0.887182235718],"mean":[0.504638910294,0.166410937905,0.168372243643,0.0822579562664,0.0791057944298,0.0422883816063],"median":[0.505880832672,0.127805113792,0.104992620647,0.0553663447499,0.0586538985372,0.022619612515],"min":[0.0044999490492,0.0030157091096,0.00185270933434,0.00207210588269,0.000552741519641,0.00000547592708244],"var":