{"lowlevel":{"average_loudness":0.771518945694,"barkbands":{"dmean":[0.000164606186445,0.00175842817407,0.00171957665589,0.00184105790686,0.00173142109998,0.00150220782962,0.000939614488743,0.00027565297205,0.000536167819519,0.000509151490405,0.000395088281948,0.000338734942488,0.000263341760729,0.000315699115163,0.000200760390726,0.000126393337268,0.000119243581139,0.000199353817152,0.00016556592891,0.000371987465769,0.0000717892035027,0.0000596664176555,0.0000428382372775,0.0000362217251677,0.0000302158332488,0.0000156421465363,0.0000020463733108],"dmean2":[0.00022464513313,0.00294335768558,0.00301278964616,0.00301735801622,0.00280233612284,0.00251778308302,0.001594740781,0.000447898113634,0.000811879057437,0.000802691327408,0.000614324002527,0.000538543739822,0.000402496953029,0.000474847882288,0.000315245095408,0.000198590641958,0.000186214077985,0.000303829496261,0.000252571393503,0.00057976267999,0.000106855790364,0.0000844194801175,0.0000600873427175,0.0000505390344188,0.0000438381975982,0.0000219727990043,0.00000325681708091],"dvar":[1.87428582876e-7,0.0000190292448679,0.0000133393532451,0.0000165569799719,0.000014402544366,0.0000170969706232,0.00000726215830582,5.56298402898e-7,0.00000167087421232,0.00000157864315042,8.41722908262e-7,5.55142776193e-7,3.15096912118e-7,4.88006719479e-7,2.18211084757e-7,8.53090043051e-8,5.38605036127e-8,1.42945182802e-7,9.27249814708e-8,5.34423804766e-7,1.9880689095e-8,1.57803032863e-8,1.16916707427e-8,1.12528422136e-8,8.89481999167e-9,2.52639531517e-9,4.52062443035e-10],"dvar2":[3.30897989897e-7,0.0000495557760587,0.0000388295666198,0.0000419637290179,0.0000373666371161,0.0000469920378237,0.0000203998879442,0.00000142047645113,0.00000390506784242,0.00000399086502512,0.00000185387011697,0.00000133250023282,7.28164707198e-7,0.00000100931299585,5.08980747327e-7,2.11689865637e-7,1.27608402067e-7,3.24734770629e-7,2.12692938817e-7,0.00000125344888602,4.43117116333e-8,3.20691846412e-8,2.53825529484e-8,2.36261019637e-8,2.060639126e-8,4.9038622052e-9,1.06292996627e-9],"max":[0.00811507832259,0.0464952252805,0.0421785451472,0.0711008384824,0.0625647455454,0.066689863801,0.0583758912981,0.0148909222335,0.0386331304908,0.0216740630567,0.0190983209759,0.0185276735574,0.011698496528,0.0155270742252,0.0127108730376,0.00587495649233,0.00640252605081,0.00848027504981,0.00560076208785,0.012248614803,0.00373151618987,0.00461276434362,0.00276795821264,0.00322119891644,0.00225521833636,0.00233294977807,0.00133295496926],"mean":[0.00018592721608,0.00196015159599,0.00239061773755,0.00296181347221,0.00310264294967,0.00195412896574,0.00129667227156,0.00041174647049,0.00095420924481,0.000757190748118,0.000648184970487,0.000563338515349,0.000435207708506,0.000560070737265,0.000330400042003,0.000187014404219,0.000195428350708,0.000344988831785,0.000302005530102,0.000679510820191,0.000127444087411,0.000102292426163,0.0000697874929756,0.0000579077386647,0.0000417585215473,0.0000194416807062,0.0000017876751599],"median":[0.00000165770347849,0.000336295459419,0.000741881434806,0.00079190148972,0.00169476913288,0.000756707915571,0.000514837563969,0.00013140066585,0.000308314542053,0.000273010111414,0.000241559551796,0.000185280849109,0.00018291354354,0.00016524597595,0.00012108538067,0.000070396134106,0.0000906318819034,0.000130682150484,0.000126664424897,0.000237493179156,0.0000525724281033,0.0000303042415908,0.0000128330484586,0.00000536053130418,0.00000299732232634,6.77711454955e-7,1.11671738523e-8],"min":[8.37847293891e-25,3.45756393695e-24,8.70647242861e-25,2.0827730445e-24,8.07895961092e-24,1.24659586775e-23,8.49711111095e-24,1.01972562453e-23,9.77212490395e-24,2.12216789036e-23,2.50191369722e-23,2.33399487167e-23,3.96286989419e-23,4.30471866539e-23,6.39075025764e-23,7.41983193027e-23,1.03745571513e-22,9.05633271339e-23,9.79627477616e-23,1.61067271978e-22,2.25674500488e-22,3.82320995953e-22,5.02155278344e-22,5.29787422401e-22,8.18345370415e-22,1.21798407205e-21,1.99795217984e-21],"var":[2.8525550988e-7,0.0000190379032574,0.0000142088665598,0.0000287193342956,0.0000208110614039,0.0000157748945639,0.0000081344269347,7.772708841e-7,0.00000374508886125,0.00000224842665375,0.00000167390726347,0.00000111641088552,5.7669473108e-7,0.00000135055870487,4.13653339137e-7,1.20317025676e-7,1.02736493091e-7,3.04741803347e-7,2.089871316e-7,0.00000112213717784,4.35960920697e-8,4.25459703024e-8,2.65636295183e-8,2.65069282079e-8,1.51475738619e-8,4.87148144046e-9,4.04565575485e-10]},"barkbands_crest":{"dmean":2.25345182419,"dmean2":3.64977884293,"dvar":4.27293395996,"dvar2":10.9163188934,"max":25.1311130524,"mean":9.03293800354,"median":8.2836265564,"min":2.76938772202,"var":12.3712625504},"barkbands_flatness_db":{"dmean":0.0210199858993,"dmean2":0.0301012415439,"dvar":0.000370395282516,"dvar2":0.000719937263057,"max":0.34295424819,"mean":0.143803864717,"median":0.140086561441,"min":0.0254954975098,"var":0.00253118923865},"barkbands_kurtosis":{"dmean":1.93975687027,"dmean2":3.04798007011,"dvar":8.6828584671,"dvar2":20.4300708771,"max":63.0131225586,"mean":2.82720923424,"median":1.36304855347,"min":-1.8327549696,"var":26.6401195526},"barkbands_skewness":{"dmean":0.453432679176,"dmean2":0.692239642143,"dvar":0.195121854544,"dvar2":0.45148307085,"max":7.18197536469,"mean":1.32197201252,"median":1.31190371513,"min":-3.44302725792,"var":1.14271652699},"barkbands_spread":{"dmean":5.19432497025,"dmean2":7.76445579529,"dvar":36.888885498,"dvar2":77.9170227051,"max":115.145263672,"mean":22.6505451202,"median":19.7065162659,"min":1.87058889866,"var":233.634750366},"dissonance":{"dmean":0.0164806116372,"dmean2":0.0273917689919,"dvar":0.00028598314384,"dvar2":0.000750462466385,"max":0.500000059605,"mean":0.464619189501,"median":0.471648544073,"min":0.184865802526,"var":0.000740831019357},"dynamic_complexity":4.63515424728,"erbbands":{"dmean":[0.0483037233353,0.437740117311,1.77437913418,3.9326608181,6.05195808411,6.36683511734,7.7259759903,14.1530380249,12.6832418442,12.4558506012,6.34033632278,13.225060463,16.1312999725,11.0684404373,14.6522264481,13.3820981979,12.2405157089,15.2139997482,11.7448139191,8.97529029846,6.6207242012,6.51237773895,10.5339822769,9.30917072296,9.33828449249,21.3628883362,3.9625825882,2.70466637611,2.15827345848,1.64993405342,1.21520209312,0.81979817152,0.592854261398,0.351929455996,0.21602717042,0.094555914402,0.0234222076833,0.00425326358527,0.000342073501088,0.0000164079392562],"dmean2":[0.0762141793966,0.77348703146,3.1148147583,6.58160352707,9.95674324036,10.2975730896,12.9196557999,24.0612869263,22.1149215698,20.4127082825,9.87180137634,19.8347644806,25.2729625702,17.5208091736,22.6717472076,21.1481609344,18.5707492828,22.7451877594,18.3700428009,13.9513254166,10.2037773132,10.0279331207,15.9024095535,14.2608747482,14.1413841248,33.5023574829,5.88903474808,3.97260737419,3.08397269249,2.34348392487,1.7256705761,1.12784254551,0.850724458694,0.517686963081,0.311238706112,0.134644046426,0.0336521007121,0.00636796606705,0.000551056524273,0.0000250691391557],"dvar":[0.0170967318118,1.25717139244,14.6696538925,67.4615936279,218.212478638,158.396072388,327.524169922,1758.28710938,1601.1607666,1565.22399902,217.950653076,1016.89923096,1833.92810059,508.127441406,1104.29296875,957.078063965,556.969970703,1422.00402832,503.583190918,570.90234375,243.559875488,147.186447144,455.458892822,313.724090576,263.832519531,2077.05566406,54.2808609009,26.8974571228,20.3417224884,13.5207452774,10.4399404526,5.19789028168,3.40213012695,1.3923740387,0.405003786087,0.0821629539132,0.00606483174488,0.000630677735899,0.0000154134977493,1.07199626953e-8],"dvar2":[0.0372094027698,3.54106926918,42.4591598511,172.405181885,561.282348633,420.314056396,877.217346191,4901.72167969,4562.70947266,4292.89599609,516.281494141,2305.11694336,4537.07666016,1282.9017334,2458.19824219,2229.6496582,1236.29333496,2888.96557617,1232.81030273,1286.5222168,575.775085449,351.27230835,1032.22497559,728.137390137,591.366821289,4904.40429688,123.412872314,58.0230178833,42.6719703674,28.3929080963,23.5054035187,10.0818071365,7.62758493423,3.33270144463,0.913955390453,0.173518031836,0.0117882695049,0.00120245607104,0.0000385044368159,2.82803878093e-8],"max":[1.67383408546,10.998878479,45.7404785156,161.526550293,249.248748779,287.571960449,266.79119873,684.41583252,679.694335938,994.445373535,341.150299072,915.602844238,819.0390625,459.762908936,663.37878418,943.288146973,631.643737793,847.67590332,411.260894775,770.288757324,493.172271729,236.618942261,556.919555664,329.974212646,322.160766602,786.450317383,219.32925415,128.612182617,130.075653076,165.938476563,88.7069778442,88.5131988525,51.4359741211,30.7827301025,14.010550499,9.5846452713,3.44321513176,1.54872071743,0.244050264359,0.00665037008002],"mean":[0.0536447875202,0.469361543655,2.52373790741,6.44458436966,9.94247913361,11.7576398849,11.7376461029,16.9739360809,15.0878896713,19.642124176,11.0987539291,24.0873069763,24.6240825653,19.5115451813,24.9381198883,23.6543579102,22.9163951874,27.5365371704,20.5613975525,15.1053133011,10.9140405655,11.5823230743,18.5785388947,17.0059337616,19.1586952209,36.7996177673,7.77849054337,4.63729906082,3.64458632469,2.79112005234,1.9572738409,1.31467163563,0.903611242771,0.491997033358,0.28842189908,0.120160162449,0.0282886344939,0.00461222883314,0.000301032268908,0.0000323606145685],"median":[0.00322562805377,0.129526883364,0.983357608318,2.75900745392,5.19103288651,5.47066354752,5.79034328461,5.79430389404,6.64098548889,5.31332445145,4.56887531281,7.43816661835,8.01484680176,11.1086511612,10.5724849701,9.13541126251,10.7839374542,8.23138141632,9.61082172394,6.03602266312,4.30554103851,5.58902788162,7.19038724899,7.16540527344,8.28180789948,11.828209877,3.4079349041,1.90140318871,1.12424182892,0.728974401951,0.33607250452,0.132633328438,0.0790088772774,0.0355014428496,0.018741607666,0.00540302461013,0.000912164512556,0.0000765285076341,0.0000144486566569,0.0000213816310861],"min":[1.45309125375e-22,7.92235715282e-22,1.75283166481e-21,6.66825551968e-21,1.37489324683e-20,3.07462484386e-20,2.77186090692e-20,1.04944423702e-19,1.93212912104e-19,1.53992867142e-19,2.10864157969e-19,2.31231231656e-19,5.79664753726e-19,9.4724225955e-19,1.10782448623e-18,1.26873624098e-18,2.25535695058e-18,2.65329307056e-18,2.15647123066e-18,4.11231104451e-18,5.11900473924e-18,6.69934157133e-18,4.0817628509e-18,6.38237836831e-18,6.14407797359e-18,8.85959322418e-18,8.41200579473e-18,9.19747665208e-18,1.32564560538e-17,1.21723746497e-17,1.30543807932e-17,1.0263595002e-17,9.31506368488e-18,9.04027759411e-18,6.04862339885e-18,4.16439736692e-18,2.26819107137e-18,1.0208428259e-18,2.60043302409e-19,2.79368910468e-20],"var":[0.0211097057909,1.02917075157,15.2033090591,108.201271057,290.567169189,281.987365723,370.446075439,1471.38012695,1181.92565918,2494.97167969,392.300750732,2387.59545898,2829.9909668,774.847595215,2131.05395508,1941.43078613,1324.51135254,3828.65405273,915.359741211,1149.07189941,446.081085205,269.106994629,935.722106934,649.217224121,730.130371094,3894.76367188,129.648406982,57.2100830078,48.6406173706,37.4355888367,22.4809417725,13.2808570862,6.80000972748,2.30003857613,0.690579473972,0.144848182797,0.0111066726968,0.000972276437096,0.0000125138431031,8.74357652947e-9]},"erbbands_crest":{"dmean":2.42244720459,"dmean2":3.85816979408,"dvar":5.98154258728,"dvar2":14.4416503906,"max":28.4472866058,"mean":8.61634349823,"median":7.67800664902,"min":2.24979734421,"var":15.922665596},"erbbands_flatness_db":{"dmean":0.0179250668734,"dmean2":0.0239877216518,"dvar":0.000301164604025,"dvar2":0.000515364867169,"max":0.370762884617,"mean":0.173748165369,"median":0.170087859035,"min":0.033645324409,"var":0.00304321595468},"erbbands_kurtosis":{"dmean":0.659370362759,"dmean2":1.02157962322,"dvar":2.00849699974,"dvar2":4.00675773621,"max":91.6891555786,"mean":0.103736594319,"median":-0.297394067049,"min":-1.67596626282,"var":4.17329263687},"erbbands_skewness":{"dmean":0.305123150349,"dmean2":0.460228174925,"dvar":0.0850626826286,"dvar2":0.187032356858,"max":7.59396409988,"mean":0.144634142518,"median":0.189274892211,"min":-3.55809783936,"var":0.510210573673},"erbbands_spread":{"dmean":6.85707378387,"dmean2":10.1564855576,"dvar":50.3358230591,"dvar2":103.250320435,"max":132.931121826,"mean":37.9180717468,"median":36.4902763367,"min":3.06704425812,"var":274.450408936},"gfcc":{"cov":[[20850.3554688,833.958129883,-1603.22021484,1186.20947266,-690.444763184,642.061828613,-288.494506836,384.867004395,-528.102722168,-27.2443027496,-264.230529785,-144.724395752,-54.9986381531],[833.958129883,1458.7623291,-431.767425537,-97.1988754272,70.4569320679,-152.296005249,134.197097778,-166.33807373,0.731836676598,-128.936157227,83.4213638306,-160.837539673,33.657169342],[-1603.22021484,-431.767425537,1502.89025879,-94.2799606323,68.5151367188,338.509185791,-90.2813034058,223.725845337,-46.5879402161,65.1193008423,-157.562438965,49.839641571,-152.517120361],[1186.20947266,-97.1988754272,-94.2799606323,470.430786133,99.969833374,63.2874946594,83.7630996704,58.425453186,20.4234867096,14.7566709518,52.2250556946,1.15707850456,69.6273193359],[-690.444763184,70.4569320679,68.5151367188,99.969833374,261.802215576,12.8532543182,118.70375824,4.83960962296,46.6535377502,13.8358354568,47.0209312439,6.44430017471,41.689704895],[642.061828613,-152.296005249,338.509185791,63.2874946594,12.8532543182,269.854644775,-3.64680480957,120.496299744,-35.6047592163,26.5145874023,-60.6466140747,2.15033555031,-41.5802307129],[-288.494506836,134.197097778,-90.2813034058,83.7630996704,118.70375824,-3.64680480957,190.30696106,2.78314757347,43.5345115662,0.767499804497,58.9208259583,-6.49701595306,50.0663948059],[384.867004395,-166.33807373,223.725845337,58.425453186,4.83960962296,120.496299744,2.78314757347,177.125457764,25.4128646851,34.489818573,-49.7909088135,12.377620697,-23.7114868164],[-528.102722168,0.731836676598,-46.5879402161,20.4234867096,46.6535377502,-35.6047592163,43.5345115662,25.4128646851,135.938735962,34.55991745,34.1963043213,2.9374434948,30.5867061615],[-27.2443027496,-128.936157227,65.1193008423,14.7566709518,13.8358354568,26.5145874023,0.767499804497,34.489818573,34.55991745,106.714370728,31.7981510162,26.7903442383,-3.28135871887],[-264.230529785,83.4213638306,-157.562438965,52.2250556946,47.0209312439,-60.6466140747,58.9208259583,-49.7909088135,34.1963043213,31.7981510162,122.525138855,27.2264614105,47.3367118835],[-144.724395752,-160.837539673,49.839641571,1.15707850456,6.44430017471,2.15033555031,-6.49701595306,12.377620697,2.9374434948,26.7903442383,27.2264614105,95.7426681519,28.4527225494],[-54.9986381531,33.657169342,-152.517120361,69.6273193359,41.689704895,-41.5802307129,50.0663948059,-23.7114868164,30.5867061615,-3.28135871887,47.3367118835,28.4527225494,98.8527603149]],"icov":[[0.000179978174856,-0.000315414421493,0.000385880062822,-0.000575172482058,0.000357293727575,-0.000464020267827,0.00027933603269,-0.000398811156629,0.000582771492191,-0.000546061084606,0.000679769262206,-0.000528467644472,0.000253161095316],[-0.000315414421493,0.0017742238706,-0.000610078161117,0.00154210359324,-0.000848202500492,0.000798011024017,-0.000865529815201,0.000758884008974,-0.000812353275251,0.00212343526073,-0.00257700122893,0.00309467501938,-0.000828118645586],[0.000385880062822,-0.000610078161117,0.00216264999472,-0.000888275040779,-0.000160901079653,-0.00203612982295,0.00099859572947,-0.00139739818405,0.00125695066527,-0.00132409471553,0.00213614734821,-0.00209229020402,0.00190164416563],[-0.000575172482058,0.00154210359324,-0.000888275040779,0.00516589777544,-0.00208504335023,0.000573105178773,-0.000864238361828,-0.000386509986129,-0.00104344368447,0.00239409646019,-0.00428756792098,0.00371343758889,-0.00300212856382],[0.000357293727575,-0.000848202500492,-0.000160901079653,-0.00208504335023,0.00706361373886,-0.000824749353342,-0.00275256484747,0.000377418851713,-0.0000115657076094,-0.00139290350489,0.00118474289775,-0.00130595616065,-0.000367407046724],[-0.000464020267827,0.000798011024017,-0.00203612982295,0.000573105178773,-0.000824749353342,0.00861336290836,-0.00170599215198,-0.00212551211007,0.00106608134229,-0.0000475357373944,-0.000416724273236,0.00194346939679,-0.000441254873294],[0.00027933603269,-0.000865529815201,0.00099859572947,-0.000864238361828,-0.00275256484747,-0.00170599215198,0.0100435726345,-0.00238048355095,0.000147468977957,0.000444784032879,-0.0024009719491,0.000732837419491,-0.00170706911013],[-0.000398811156629,0.000758884008974,-0.00139739818405,-0.000386509986129,0.000377418851713,-0.00212551211007,-0.00238048355095,0.0128120621666,-0.00518299359828,-0.000999951618724,0.00375274103135,-0.0013215666404,0.00101544277277],[0.000582771492191,-0.000812353275251,0.00125695066527,-0.00104344368447,-0.0000115657076094,0.00106608134229,0.000147468977957,-0.00518299359828,0.0129852984101,-0.00471439678222,0.000486702920171,0.000992120010778,-0.00228250934742],[-0.000546061084606,0.00212343526073,-0.00132409471553,0.00239409646019,-0.00139290350489,-0.0000475357373944,0.000444784032879,-0.000999951618724,-0.00471439678222,0.0168167427182,-0.00936503149569,0.00132252066396,0.00146714341827],[0.000679769262206,-0.00257700122893,0.00213614734821,-0.00428756792098,0.00118474289775,-0.000416724273236,-0.0024009719491,0.00375274103135,0.000486702920171,-0.00936503149569,0.0220308732241,-0.00890758261085,0.000565316528082],[-0.000528467644472,0.00309467501938,-0.00209229020402,0.00371343758889,-0.00130595616065,0.00194346939679,0.000732837419491,-0.0013215666404,0.000992120010778,0.00132252066396,-0.00890758261085,0.0208120234311,-0.00849921535701],[0.000253161095316,-0.000828118645586,0.00190164416563,-0.00300212856382,-0.000367407046724,-0.000441254873294,-0.00170706911013,0.00101544277277,-0.00228250934742,0.00146714341827,0.000565316528082,-0.00849921535701,0.0195954814553]],"mean":[-50.484085083,103.802612305,-133.739181519,32.0761032104,-62.5943870544,2.05937218666,-34.4238204956,-2.59429454803,-34.7734718323,-2.81427598,-13.6210641861,-7.14427375793,-12.8198356628]},"hfc":{"dmean":5.78492450714,"dmean2":7.98210430145,"dvar":97.6253662109,"dvar2":201.775360107,"max":156.69367981,"mean":16.2716350555,"median":11.8478908539,"min":1.06769727229e-16,"var":289.036315918},"melbands":{"dmean":[0.000438107177615,0.000799458532128,0.000742484349757,0.000428479834227,0.000259562104475,0.00030847376911,0.000190081438632,0.00011696004367,0.0000601654501224,0.0000786249947851,0.0000818883272586,0.0000455434965261,0.0000584733752476,0.0000362988539564,0.00003225083492,0.0000277209655906,0.0000291526666842,0.0000211393416976,0.0000134624433485,0.0000100574743556,0.00000831508896226,0.00000679603135723,0.0000100683710116,0.00000925475342228,0.00000831062607176,0.00000559029922442,0.0000121037028293,0.0000150326677613,0.00000254837232205,0.00000202130308935,0.00000147667731198,0.00000133518324219,0.00000112091993287,8.81351979842e-7,7.6586167097e-7,5.65277218811e-7,5.14738871971e-7,4.56380377045e-7,3.35885829372e-7,2.97931563864e-7],"dmean2":[0.00070481619332,0.00139781343751,0.00123266433366,0.000690855376888,0.000432526430814,0.000522873131558,0.000329104164848,0.0001908607519,0.0000914766133064,0.000119111347885,0.000128515763208,0.0000726693251636,0.0000903597901925,0.0000580764499318,0.0000505310053995,0.000041757881263,0.000043945186917,0.0000332015297317,0.0000211085480259,0.0000157795311679,0.000012893478015,0.0000106006446003,0.0000156067908392,0.0000142620656334,0.0000129546815515,0.00000868049210112,0.0000189384300029,0.0000237364001805,0.00000393347636418,0.00000310830546368,0.00000217919659917,0.00000196327846425,0.00000164371033406,0.00000127246255488,0.00000112342479497,7.86213377069e-7,7.36965887427e-7,6.68678183047e-7,4.99746079186e-7,4.49084666343e-7],"dvar":[0.00000123749862269,0.00000321790184898,0.00000249741651714,8.87395060545e-7,3.31631042627e-7,8.11452537164e-7,3.3312929304e-7,1.32517740781e-7,2.05633856609e-8,3.51162690038e-8,4.68678464927e-8,9.07487684998e-9,1.96174614331e-8,7.54023332661e-9,3.81268749905e-9,4.05181088681e-9,5.18345144584e-9,1.61160917944e-9,1.19085707961e-9,5.79381986832e-10,3.90144472284e-10,1.68432753855e-10,4.51422926817e-10,3.17618986667e-10,2.79670009373e-10,1.18467527455e-10,5.23438459243e-10,1.03080854963e-9,2.84797168487e-11,1.65410515146e-11,8.56573579427e-12,8.25312995029e-12,6.02095673666e-12,4.03046259562e-12,4.54035897421e-12,2.50411020045e-12,2.35838280328e-12,1.96632662409e-12,1.57209109012e-12,9.55364910446e-13],"dvar2":[0.00000295382528748,0.00000926976008486,0.00000639951531411,0.00000228655153478,8.92908531114e-7,0.00000225951407629,9.41577638969e-7,3.60322786719e-7,4.82957105419e-8,8.2016704539e-8,1.15890742336e-7,2.33385009096e-8,4.28818580644e-8,1.84509190149e-8,9.17334297412e-9,9.03465569024e-9,1.06133182243e-8,3.95890431548e-9,2.69247180107e-9,1.4252699021e-9,9.10042541324e-10,4.05328826059e-10,1.05591113631e-9,7.46241846095e-10,6.58828491762e-10,2.78283424082e-10,1.24173449301e-9,2.47516718233e-9,6.85395629141e-11,3.83897774681e-11,1.88168959581e-11,1.83064535753e-11,1.3166439293e-11,8.61345023084e-12,1.10837623801e-11,4.88449211633e-12,5.09551038516e-12,4.46578841615e-12,3.82725968973e-12,2.35099309812e-12],"max":[0.0137342112139,0.0199731644243,0.0261357314885,0.0176357477903,0.0103341117501,0.0145956836641,0.00956315081567,0.00869102589786,0.00411389488727,0.0049097193405,0.00405347812921,0.00202770717442,0.00300981616601,0.00200929678977,0.00139068963472,0.00135041656904,0.00147249456495,0.000572799588554,0.00110983441118,0.00049123034114,0.000740562914871,0.00031267569284,0.00043588373228,0.000522785412613,0.000328889756929,0.000245978328167,0.000445126584964,0.000642766419332,0.000181361014256,0.0000773559804657,0.0000746271616663,0.000073205352237,0.0000953978160396,0.0000755679793656,0.0000592682335991,0.0000705504353391,0.0000541328154213,0.0000399730815843,0.0000408781816077,0.0000208083765756],"mean":[0.000501557544339,0.00107394473162,0.00126994692255,0.000791377853602,0.000436441187048,0.000379468256142,0.000236632331507,0.000185701443115,0.000105843195342,0.000140512376674,0.000120577598864,0.0000762699710322,0.0000968194290181,0.0000558276988158,0.0000602347136009,0.0000481881543237,0.0000507751792611,0.0000351979142579,0.0000220299007196,0.0000150955456775,0.0000127536377477,0.0000109481379695,0.0000159504415933,0.0000161258867593,0.0000137607685247,0.0000100771922007,0.0000218573732127,0.0000242195110332,0.0000042654205572,0.00000322044661516,0.00000238698657995,0.00000211639803638,0.00000182079725164,0.0000014189660078,0.00000117361582852,8.95531968581e-7,7.73680710608e-7,6.78906530993e-7,4.69087098054e-7,4.00013988155e-7],"median":[0.000057835237385,0.00042956735706,0.000583694258239,0.000451589032309,0.000242623573286,0.000137767536216,0.000103033897176,0.0000499424422742,0.0000398126067012,0.00004350315794,0.0000346640699718,0.0000419495227106,0.0000360674057447,0.000018798338715,0.0000253934158536,0.0000169622326212,0.0000131627193696,0.0000149192692334,0.00000816256033431,0.00000535960134584,0.000004399993486,0.00000496581014886,0.00000576704314881,0.00000623525193078,0.00000539085658602,0.0000041355774556,0.0000080362033259,0.00000728660097593,0.00000170389944287,0.00000124253699596,9.08184745185e-7,6.26041128271e-7,5.04148090386e-7,3.42812370491e-7,2.13083623635e-7,9.82768710855e-8,7.07133054334e-8,5.81514463249e-8,3.75481050696e-8,2.69447983925e-8],"min":[1.17743179764e-24,8.34614344686e-25,2.45439102024e-24,1.07801905332e-24,1.07850380835e-24,2.21001926674e-24,2.69302913546e-24,2.51522974819e-24,1.59629317387e-24,1.23078788407e-24,2.78449834628e-24,3.77123120451e-24,3.60873769095e-24,2.68575130197e-24,4.06812373936e-24,4.82463819202e-24,4.10688481437e-24,2.59837430709e-24,4.88140225618e-24,4.41606740768e-24,4.9869881329e-24,4.37125458624e-24,4.15590029228e-24,4.02038029965e-24,4.20212833019e-24,4.02349393365e-24,4.04623955456e-24,5.70467919054e-24,4.9422056826e-24,4.81121690701e-24,4.63396301705e-24,6.78101915343e-24,6.45431122624e-24,5.97067243816e-24,6.91556253626e-24,5.46978205095e-24,6.02862965444e-24,6.31417166415e-24,7.17141852681e-24,7.09858694374e-24],"var":[0.00000142021531246,0.00000306717015519,0.00000404875754612,0.00000131387071178,4.19645317606e-7,6.87868748628e-7,2.74626046348e-7,2.14472478888e-7,4.10769480652e-8,7.7599381143e-8,7.18790076348e-8,1.27527917115e-8,3.88615362112e-8,1.21290675281e-8,1.12620419657e-8,8.18195911023e-9,1.38834330699e-8,3.10119530056e-9,2.24119833803e-9,9.25797605245e-10,7.86625264926e-10,2.9554447778e-10,8.15452094738e-10,6.82265355323e-10,5.11438669193e-10,2.75174466546e-10,1.11263931402e-9,1.81321602177e-9,5.30657150166e-11,2.91223122006e-11,1.70111390252e-11,1.73368853995e-11,1.47158292496e-11,1.00690263419e-11,7.99106527477e-12,6.44746148831e-12,4.98316665709e-12,3.72979295019e-12,2.43603271236e-12,1.49773271042e-12]},"melbands_crest":{"dmean":3.1031460762,"dmean2":5.05847978592,"dvar":7.81203699112,"dvar2":19.6295719147,"max":28.7366046906,"mean":13.2343215942,"median":12.600935936,"min":1.001973629,"var":22.0612430573},"melbands_flatness_db":{"dmean":0.0248839072883,"dmean2":0.0361663661897,"dvar":0.000565686088521,"dvar2":0.00116423482541,"max":0.427289783955,"mean":0.195461198688,"median":0.187846019864,"min":-5.00460316744e-7,"var":0.00374234910123},"melbands_kurtosis":{"dmean":4.4705581665,"dmean2":7.05042457581,"dvar":43.9300003052,"dvar2":106.164276123,"max":170.0103302,"mean":9.1297416687,"median":6.25309944153,"min":-1.73018550873,"var":120.601356506},"melbands_skewness":{"dmean":0.592303454876,"dmean2":0.911603093147,"dvar":0.35628387332,"dvar2":0.84318614006,"max":10.9488267899,"mean":2.31854557991,"median":2.2240152359,"min":-1.61993825436,"var":1.66689646244},"melbands_spread":{"dmean":6.89996385574,"dmean2":10.5392456055,"dvar":64.1334381104,"dvar2":143.481628418,"max":151.479782104,"mean":25.8054885864,"median":20.3824634552,"min":1.72203242779,"var":368.254974365},"mfcc":{"cov":[[13811.0019531,84.4720916748,-242.058120728,534.068786621,-2.2796792984,223.664672852,283.862670898,242.554214478,75.2692337036,150.004455566,-80.2181396484,-18.6170902252,-2.43069672585],[84.4720916748,1422.60693359,-156.484344482,-46.4230155945,-106.20942688,-16.5898685455,23.9591388702,-46.7183113098,-64.905708313,-32.963924408,0.583224356174,-27.6631469727,-46.4413566589],[-242.058120728,-156.484344482,1002.14630127,-199.705276489,205.463272095,11.3175954819,54.8444213867,74.9570770264,106.034484863,6.77140235901,63.7136802673,58.2057037354,-26.2075634003],[534.068786621,-46.4230155945,-199.705276489,370.046386719,32.5598258972,73.7208557129,64.9886474609,35.8952293396,4.65590953827,50.5913009644,-31.9350204468,18.4719524384,70.068939209],[-2.2796792984,-106.20942688,205.463272095,32.5598258972,189.821517944,46.103263855,43.712890625,46.3363800049,56.7304496765,28.76720047,21.8901691437,27.1031303406,11.7997236252],[223.664672852,-16.5898685455,11.3175954819,73.7208557129,46.103263855,134.117126465,80.9172592163,29.3986778259,14.6515026093,20.9489135742,8.18646621704,10.6199626923,16.8453102112],[283.862670898,23.9591388702,54.8444213867,64.9886474609,43.712890625,80.9172592163,158.92276001,54.4928665161,18.2406425476,18.6238861084,8.54454994202,13.8320598602,16.1231365204],[242.554214478,-46.7183113098,74.9570770264,35.8952293396,46.3363800049,29.3986778259,54.4928665161,114.70085907,64.3848342896,17.3666553497,7.86499071121,15.6865329742,6.24435520172],[75.2692337036,-64.905708313,106.034484863,4.65590953827,56.7304496765,14.6515026093,18.2406425476,64.3848342896,123.875984192,47.8341712952,15.4526081085,20.4634170532,7.27772188187],[150.004455566,-32.963924408,6.77140235901,50.5913009644,28.76720047,20.9489135742,18.6238861084,17.3666553497,47.8341712952,106.961608887,33.101852417,13.6570329666,22.8404216766],[-80.2181396484,0.583224356174,63.7136802673,-31.9350204468,21.8901691437,8.18646621704,8.54454994202,7.86499071121,15.4526081085,33.101852417,90.5579910278,32.1676216125,-8.9309129715],[-18.6170902252,-27.6631469727,58.2057037354,18.4719524384,27.1031303406,10.6199626923,13.8320598602,15.6865329742,20.4634170532,13.6570329666,32.1676216125,83.7053756714,36.0715446472],[-2.43069672585,-46.4413566589,-26.2075634003,70.068939209,11.7997236252,16.8453102112,16.1231365204,6.24435520172,7.27772188187,22.8404216766,-8.9309129715,36.0715446472,91.1189727783]],"icov":[[0.0000823700247565,-0.00000460002775071,-0.00000385529938285,-0.0000905759370653,0.0000683960824972,-0.0000509195015184,-0.0000569143849134,-0.00015187090321,0.0000504444215039,-0.000132900546305,0.000117630544992,-0.0000365700761904,0.00014472125622],[-0.00000460002775071,0.000769591017161,0.0000836389517644,0.0000742974152672,0.000301335356198,0.000104009166535,-0.000424634839874,0.000225610972848,0.000107089472294,0.0000488223122375,-0.0000835879473016,-0.000059066722315,0.000354868272552],[-0.00000385529938285,0.0000836389517644,0.00173323275521,0.00113113317639,-0.00168335088529,0.000292769662337,-0.000604010943789,-0.000200755705009,-0.000512057449669,0.000214699088247,-0.0000620801074547,-0.000773365783971,0.00024286621192],[-0.0000905759370653,0.0000742974152672,0.00113113317639,0.00485378224403,-0.00135195616167,-0.00115592021029,-0.000608893344179,-0.00117715867236,0.00117199821398,-0.00200300966389,0.00211473670788,-0.00094180367887,-0.00180591887329],[0.0000683960824972,0.000301335356198,-0.00168335088529,-0.00135195616167,0.00870336592197,-0.00175747997127,-0.000124932776089,-0.000426419166615,-0.00173869146965,-0.000193117943127,-0.00063734210562,-0.000296517828247,0.000202237744816],[-0.0000509195015184,0.000104009166535,0.000292769662337,-0.00115592021029,-0.00175747997127,0.0119014792144,-0.00527285691351,0.000623382686172,-0.000208384677535,0.0000167227099155,-0.0010425450746,0.000482870236738,-0.000338509911671],[-0.0000569143849134,-0.000424634839874,-0.000604010943789,-0.000608893344179,-0.000124932776089,-0.00527285691351,0.0109996795654,-0.00421547982842,0.00185753137339,-0.000519232242368,-0.000225979165407,0.0000870554868015,-0.000664745748509],[-0.00015187090321,0.000225610972848,-0.000200755705009,-0.00117715867236,-0.000426419166615,0.000623382686172,-0.00421547982842,0.0157659482211,-0.00800033845007,0.00279392232187,-0.00090814603027,-0.000106145700556,0.000455522473203],[0.0000504444215039,0.000107089472294,-0.000512057449669,0.00117199821398,-0.00173869146965,-0.000208384677535,0.00185753137339,-0.00800033845007,0.0158522576094,-0.00688093388453,0.00249394075945,-0.00225326628424,0.00108579720836],[-0.000132900546305,0.0000488223122375,0.000214699088247,-0.00200300966389,-0.000193117943127,0.0000167227099155,-0.000519232242368,0.00279392232187,-0.00688093388453,0.0159652475268,-0.00746464403346,0.00359878176823,-0.00406296178699],[0.000117630544992,-0.0000835879473016,-0.0000620801074547,0.00211473670788,-0.00063734210562,-0.0010425450746,-0.000225979165407,-0.00090814603027,0.00249394075945,-0.00746464403346,0.0182237010449,-0.00868248660117,0.00558925094083],[-0.0000365700761904,-0.000059066722315,-0.000773365783971,-0.00094180367887,-0.000296517828247,0.000482870236738,0.0000870554868015,-0.000106145700556,-0.00225326628424,0.00359878176823,-0.00868248660117,0.0199006572366,-0.00903954356909],[0.00014472125622,0.000354868272552,0.00024286621192,-0.00180591887329,0.000202237744816,-0.000338509911671,-0.000664745748509,0.000455522473203,0.00108579720836,-0.00406296178699,0.00558925094083,-0.00903954356909,0.0177988223732]],"mean":[-681.283813477,127.767326355,-14.0014162064,27.6451721191,-9.35535430908,3.10450959206,3.48625802994,-3.24966669083,-12.4176073074,-1.23528397083,-5.92313623428,-7.29332447052,-4.17728042603]},"pitch_salience":{"dmean":0.0673955529928,"dmean2":0.108095057309,"dvar":0.00364675768651,"dvar2":0.00910284463316,"max":0.995963454247,"mean":0.566577136517,"median":0.569927096367,"min":0.145795315504,"var":0.0112324999645},"silence_rate_20dB":{"dmean":0,"dmean2":0,"dvar":0,"dvar2":0,"max":1,"mean":1,"median":1,"min":1,"var":0},"silence_rate_30dB":{"dmean":0.00886220671237,"dmean2":0.0177269484848,"dvar":0.00878410693258,"dvar2":0.0222727358341,"max":1,"mean":0.993425726891,"median":1,"min":0,"var":0.00653117336333},"silence_rate_60dB":{"dmean":0.0323041751981,"dmean2":0.0646175816655,"dvar":0.0312559753656,"dvar2":0.0690242573619,"max":1,"mean":0.184364721179,"median":0,"min":0,"var":0.150380909443},"spectral_centroid":{"dmean":268.691497803,"dmean2":402.775848389,"dvar":83529.8671875,"dvar2":174242.53125,"max":11662.6015625,"mean":1516.76818848,"median":1316.1986084,"min":234.620056152,"var":1146094},"spectral_complexity":{"dmean":3.89708399773,"dmean2":5.48448896408,"dvar":23.5983009338,"dvar2":40.1194152832,"max":59,"mean":18.0788917542,"median":16,"min":0,"var":131.743255615},"spectral_contrast_coeffs":{"dmean":[0.0525740124285,0.0458646342158,0.0406039357185,0.0314330421388,0.0250172130764,0.0217125937343],"dmean2":[0.0856661722064,0.0740993842483,0.0643269196153,0.0484215915203,0.0383045040071,0.0333457067609],"dvar":[0.00207258621231,0.00150311680045,0.00120246526785,0.000685550679918,0.000450258987257,0.000418635288952],"dvar2":[0.00530157284811,0.00389014021493,0.00290862284601,0.0014987650793,0.000983220525086,0.000891646021046],"max":[-0.27682608366,-0.328312009573,-0.465084224939,-0.532987952232,-0.496965587139,-0.558301985264],"mean":[-0.596926987171,-0.716536462307,-0.744849145412,-0.762938082218,-0.765699625015,-0.744292974472],"median":[-0.591486513615,-0.720797002316,-0.74940931797,-0.768252789974,-0.767930567265,-0.745981574059],"min":[-0.988091886044,-0.983461141586,-0.986466467381,-0.98482555151,-0.988470494747,-0.963005125523],"var":[0.00919129233807,0.00664161052555,0.00577675784007,0.00427116500214,0.00337432906963,0.00346976472065]},"spectral_contrast_valleys":{"dmean":[0.490669190884,0.396674960852,0.400105684996,0.339898407459,0.318633705378,0.410562813282],"dmean2":[0.77736055851,0.609808921814,0.605903327465,0.485195815563,0.426823467016,0.508387744427],"dvar":[0.22216643393,0.148013487458,0.148871004581,0.111036658287,0.112932451069,0.196058392525],"dvar2":[0.467513233423,0.290956020355,0.306741952896,0.192853465676,0.178763180971,0.297811836004],"max":[-5.36388301849,-4.41179561615,-4.71191644669,-5.32604789734,-5.58929443359,-7.76676988602],"mean":[-8.11792469025,-7.26802492142,-7.82823371887,-8.24994564056,-8.06876754761,-11.0829954147],"median":[-7.69458961487,-6.89325618744,-7.35020685196,-7.83551692963,-7.59803199768,-10.998254776],"min":[-28.0260982513,-27.9181308746,-27.6523513794,-27.6530570984,-27.4534778595,-27.3916835785],"var":[4.32924175262,4.11543560028,4.26456594467,3.94501280785,4.21600008011,3.65531182289]},"spectral_decrease":{"dmean":2.02913486014e-9,"dmean2":3.20087734096e-9,"dvar":1.46695634358e-17,"dvar2":3.58955092992e-17,"max":3.71908190534e-20,"mean":-5.07806374728e-9,"median":-3.98910549038e-9,"min":-5.02180483863e-8,"var":2.78506848425e-17},"spectral_energy":{"dmean":0.00804840866476,"dmean2":0.0125905331224,"dvar":0.000228857155889,"dvar2":0.000554701080546,"max":0.200069382787,"mean":0.0206416603178,"median":0.0165566597134,"min":9.76534857615e-21,"var":0.000447106314823},"spectral_energyband_high":{"dmean":0.000390242930735,"dmean2":0.000565721187741,"dvar":4.51405725244e-7,"dvar2":9.58840928433e-7,"max":0.0153189441189,"mean":0.000718721246812,"median":0.000278645835351,"min":7.1788178086e-21,"var":0.00000122268534142},"spectral_energyband_low":{"dmean":0.00368091114797,"dmean2":0.00610854430124,"dvar":0.0000555083024665,"dvar2":0.000147197366459,"max":0.0781136006117,"mean":0.00585170928389,"median":0.0031096781604,"min":1.94795900349e-23,"var":0.0000722964614397},"spectral_energyband_middle_high":{"dmean":0.00171087286435,"dmean2":0.00246411422268,"dvar":0.0000084583844,"dvar2":0.0000184696746146,"max":0.0440132431686,"mean":0.00460384692997,"median":0.00325910840183,"min":1.22671137277e-21,"var":0.0000234461695072},"spectral_energyband_middle_low":{"dmean":0.00508383661509,"dmean2":0.00814799312502,"dvar":0.000127855091705,"dvar2":0.000324918539263,"max":0.151825517416,"mean":0.0110304951668,"median":0.00754196383059,"min":1.84655008216e-22,"var":0.000193870975636},"spectral_entropy":{"dmean":0.171863332391,"dmean2":0.230595111847,"dvar":0.0278686452657,"dvar2":0.0505847819149,"max":9.82422542572,"mean":7.41509532928,"median":7.44862985611,"min":5.5016207695,"var":0.274448096752},"spectral_flux":{"dmean":0.0238763913512,"dmean2":0.0356070846319,"dvar":0.000983411562629,"dvar2":0.00188874674495,"max":0.357876747847,"mean":0.0689887031913,"median":0.0592206344008,"min":6.43115491417e-11,"var":0.00270561315119},"spectral_kurtosis":{"dmean":2.10818839073,"dmean2":3.60286903381,"dvar":6.79060077667,"dvar2":19.3679389954,"max":45.5900726318,"mean":4.8926987648,"median":3.61087918282,"min":-1.25766301155,"var":18.2692642212},"spectral_rms":{"dmean":0.000727181206457,"dmean2":0.00109272962436,"dvar":0.00000108647395791,"dvar2":0.0000025252290925,"max":0.0139710288495,"mean":0.00393182085827,"median":0.00401905924082,"min":3.08661126172e-12,"var":0.00000467898144052},"spectral_rolloff":{"dmean":487.334838867,"dmean2":795.305603027,"dvar":617816.6875,"dvar2":1341276.25,"max":19638.28125,"mean":1829.69934082,"median":1227.39257813,"min":129.19921875,"var":4883457},"spectral_skewness":{"dmean":0.265520244837,"dmean2":0.430256098509,"dvar":0.0748048424721,"dvar2":0.195173442364,"max":5.37821245193,"mean":1.4175362587,"median":1.32349562645,"min":-0.105491362512,"var":0.415269941092},"spectral_spread":{"dmean":474949.90625,"dmean2":654591.5,"dvar":456293285888,"dvar2":839349764096,"max":42653860,"mean":4235421,"median":3660483,"min":1470611.25,"var":10882607218700},"spectral_strongpeak":{"dmean":0.533987343311,"dmean2":0.916530311108,"dvar":1.23571109772,"dvar2":3.14559412003,"max":16.2726268768,"mean":0.839507579803,"median":0.430488884449,"min":0,"var":1.63411104679},"zerocrossingrate":{"dmean":0.00997940544039,"dmean2":0.0113741261885,"dvar":0.000132851244416,"dvar2":0.000172180880327,"max":0.53369140625,"mean":0.0654091015458,"median":0.05419921875,"min":0.00537109375,"var":0.00281092547812}},"metadata":{"audio_properties":{"analysis_sample_rate":44100,"bit_rate":128000,"codec":"mp3","downmix":"mix","equal_loudness":0,"length":162.429382324,"lossless":false,"md5_encoded":"88ed2cd84cd217c48546be1ba8c29628","replay_gain":-13.2632293701,"sample_rate":44100},"tags":{"acoustid_fingerprint":["AQADtNKSJVkmFc9KPDnMHseTIzlyjLiO_fhVwb-CRzn6HFeiFE-ML6h-HDkVJHliIjw-QguP89FA_nCqoJeSg3qOJ40xccePJs4JXVeCVDOPPkxQ79hvPIdfMB7yhBnkPkHOHPuCXkaTJ8KLGw9nBaOepmi6Bb12_Ec2LriI65kWiLmO_fjRRllqaBmloz-aS8WXIc8RJnygXQ_CoclTHFdyVJIOx4ngI_ygWCe-Q8vRIx_RPCzKH7fQfEF9JNcXIas0OXDG48dNNKGyFFN1ZnhUIz7xD1o-Bz1661Al5UcVzsePpz2-HLWGXbALTw56icQvNJMOTUtqA33mo6mYQ5ZyY8qk7AiP8zh3oZ-QVkugCnmUyPCWGp-IHP6D7zh1fPoRbsd53JKFPhb8XMCnBPMioTn4T4j0NkHzXPjx5jj6Kwk8X3gUvC2OCz8FLUnIYx80b0fzg_6LnNIxfcnhUsRTNPmQvxueH9onTDmRXSm-fcOeJlpQ-0TKHX1y3Bf-Nhk0pYePPD9--PjxI841JM9RXj1-nD6e2QmmhMpysCHSHoqeRMiP-OiKJr_wQ0-D0CrSZTnKx9BxpJFuHDf84A05BV9QG030xMFzoXvQRCQ1fMH1CD7yIKmVCz8afWg6dsTz40c_Cs1xJTLyXPihZU8RjyeaSI7x4z7uw5dD_LiOxpoklNqy5YgOhtLRpMliKFVs_BD54FLW4HmC_HCER9GHKxrRPMEDz8c-MDnx4x-HKj38I7SIK9KhNznyoJ-Hi0lRJftwKqPR8BzRJyaOHJp1tEoiSsJVoQ-LnIEf9MJzobnQJzH-CjnEB9FTdBQvNBxJ3DkuO0Sf5UhRS8KfJBx-PMyDxk0FPcd_5D96HM3Do0dzVNQSrE2Q9cKeXGiJ4wuxHT_uo8KPPbjw4wp-lPgV1GmKD3_Mw-ONR1FSfCGO_6gahtBSZRau1MWv480RijmaJSKP_MF5PMfpw2oklDm0RD5-Ik941AoPjzx-eLBzVLcQJ0yG59BXTI2yI22OkLxwD02-DF2U_NBDTIlehMKlBo-2GNUUXfB0-EdMaNlq4ZGGM19QfWiOPDrynCpuxYF-QT-a8OhMlNkMLdFxcUGdHE0VDpF_oj3hCaHzoxKzFE1SCXeOJwqhJzeY9NBODmVZNOfxC2c-pIrwOBlyGnoeoTr0oOKL88QTEv6DzwgjL8hyzUeZiDHEHTpTBfws4QEjHrm0FPUk-B9oRixKOT3-4T_6I0wq6J0FOstQHq-QJznyANpz4dSOp0F5NNw-nNkHeU7RNAPzID8enQhJpnCLOhHUH99xHadCo3GiGG3RzUgjiTnSLw16Ga-ewkpSQZWP7DP-oD98HqEkZSceyYWOk0FuFRcuhchGH9-TGFdsCdq8wMevozd2nCLOE1MnUUh7CgY3hcazw8oxfUOYQPuQR8LDB-UO_6iX4yk53JcwMRuaK0T-46TwHJUkHmmma6jF4okJ_scZvMPkEKeYCXl23EeaJ4K540kOnxrKJw5OotmSI5mGvJLRHNcO_3B3FH-wo5mCcM_RXEd_9HCIM