{"lowlevel":{"average_loudness":0.914851129055,"barkbands":{"dmean":[0.0031073000282,0.0123174786568,0.00385751365684,0.00158306211233,0.00294887181371,0.00185206148308,0.000707933562808,0.000569500378333,0.000541312154382,0.00036414587521,0.000299917766824,0.000168079961441,0.000160080642672,0.000144747071317,0.000125871534692,0.000143328987178,0.000110893881356,0.000117020950711,0.000130908229039,0.000142212520586,0.000170089770108,0.000132875269628,0.0000543586284039,0.0000247500247497,0.00000471186331197,0.0000261721270363,0.0000805718518677],"dmean2":[0.00519970990717,0.0207096729428,0.00656492356211,0.00264226528816,0.00471133366227,0.00292855431326,0.00113911321387,0.000915682001505,0.000861511798576,0.00058955210261,0.000492125574965,0.000271993747447,0.000253534788499,0.00023562523711,0.00020508110174,0.000236518782913,0.000180349772563,0.000184546719538,0.000200759139261,0.000212131359149,0.000247139541898,0.000188394435099,0.0000772538114688,0.0000354751355189,0.00000749755872675,0.0000363468425348,0.000107650281279],"dvar":[0.000025205044949,0.000321830011671,0.0000395614770241,0.00000998669474939,0.000037137833715,0.0000227308028116,0.00000340430210599,0.00000339029907082,0.00000245386786446,8.0539530245e-7,4.31345199559e-7,1.12176877565e-7,1.40682402616e-7,6.73885409697e-8,5.32596153846e-8,5.3643891107e-8,3.4518503611e-8,4.91966716254e-8,8.04222821671e-8,9.60764907632e-8,1.14434321574e-7,7.3356268615e-8,2.01550918177e-8,3.1293676539e-9,1.39108488617e-10,3.69339669959e-9,2.89711117318e-8],"dvar2":[0.0000660431542201,0.000873663113452,0.000109673615952,0.0000235404022533,0.0000894662152859,0.0000542538255104,0.00000855303460412,0.0000082998740254,0.00000585384350416,0.00000204823800232,0.00000109520522074,2.78681028476e-7,3.41923765745e-7,1.71487315015e-7,1.3680119082e-7,1.44530503121e-7,9.19751457218e-8,1.16457549382e-7,1.76802217311e-7,2.06720741858e-7,2.31336898082e-7,1.45360246506e-7,4.05138962378e-8,6.3932770189e-9,3.32013111448e-10,7.06898228842e-9,4.85063758049e-8],"max":[0.0736699551344,0.203377529979,0.084517724812,0.104513086379,0.132402345538,0.0856453031301,0.0440239310265,0.0474251024425,0.0384985394776,0.0210993476212,0.0205257348716,0.010619697161,0.00865868199617,0.00585028203204,0.00554064475,0.00366142368875,0.00364485452883,0.0052265394479,0.00801223888993,0.0071274228394,0.00826420169324,0.00610433006659,0.00456114206463,0.00179771916009,0.000528432370629,0.00184438854922,0.00616233423352],"mean":[0.00349660194479,0.0169552918524,0.00437097297981,0.00188012933359,0.00419922592118,0.0024512973614,0.00101037486456,0.000785104930401,0.000754519714974,0.000512516766321,0.000443059601821,0.000278852297924,0.000252446450759,0.000247879914241,0.000237145432038,0.000297744962154,0.000228683187743,0.000243299553404,0.000273196084891,0.000311901851092,0.000357866258128,0.000239900386077,0.0000878007267602,0.0000351871749444,0.000005966736353,0.0000412502304243,0.000232043428696],"median":[0.00158207200002,0.00974101014435,0.00213921372779,0.00084057886852,0.0016919686459,0.000561528780963,0.000215581269003,0.000124293845147,0.000163819320733,0.000146978869452,0.000143964032759,0.000118061463581,0.0000893488977454,0.000123960475321,0.000110410976049,0.000140537842526,0.00010939767526,0.000124773810967,0.00012803406571,0.000122885496239,0.000163674238138,0.000115362381621,0.0000332874114974,0.0000117375620903,0.00000251723758993,0.0000156492878887,0.000134172121761],"min":[1.92814928621e-23,5.45549065236e-23,2.50950380131e-23,3.05286993064e-23,8.39813809742e-23,2.66076440889e-23,1.66322328852e-23,9.98509778461e-23,1.66142979747e-22,8.7695060437e-23,3.93819148518e-23,7.39860273668e-23,8.16144574707e-23,8.02562724947e-23,1.40075759021e-22,1.57334685097e-22,1.91930009702e-22,3.42088307237e-22,3.10024380479e-22,2.22235672787e-22,6.04445723342e-22,5.13876665923e-22,4.10063176641e-22,8.44452602166e-22,1.12487657383e-21,1.56603808624e-21,2.33810314567e-21],"var":[0.0000277092785836,0.000423869118094,0.0000426149199484,0.0000127914472614,0.0000584763147344,0.0000352134011337,0.00000548972366232,0.00000532692683919,0.00000403576768804,0.00000124608004626,7.404327107e-7,2.53387071325e-7,2.52148197433e-7,1.42103957046e-7,1.31962778482e-7,1.54228430915e-7,1.01368421213e-7,1.26754926555e-7,1.98392925199e-7,2.755500077e-7,3.26125785932e-7,1.64885690879e-7,3.67034544979e-8,5.17956300072e-9,1.61132635013e-10,6.98803725996e-9,1.09974337192e-7]},"barkbands_crest":{"dmean":3.65409755707,"dmean2":6.10908460617,"dvar":9.03863143921,"dvar2":24.408782959,"max":25.1586208344,"mean":12.290435791,"median":11.806096077,"min":2.3481657505,"var":21.8741569519},"barkbands_flatness_db":{"dmean":0.0327240563929,"dmean2":0.0520779192448,"dvar":0.000912806659471,"dvar2":0.00221285317093,"max":0.57731205225,"mean":0.145977735519,"median":0.134307250381,"min":0.0252132285386,"var":0.00429314048961},"barkbands_kurtosis":{"dmean":11.8351192474,"dmean2":19.621837616,"dvar":937.702270508,"dvar2":2559.60961914,"max":1344.9666748,"mean":18.4997215271,"median":7.41386318207,"min":-1.82514464855,"var":1466.20983887},"barkbands_skewness":{"dmean":1.0343670845,"dmean2":1.64127123356,"dvar":1.34855771065,"dvar2":3.31533122063,"max":26.348903656,"mean":3.01441931725,"median":2.5434896946,"min":-3.41397929192,"var":4.67284965515},"barkbands_spread":{"dmean":8.18149852753,"dmean2":12.6540746689,"dvar":87.8006820679,"dvar2":187.746398926,"max":106.93081665,"mean":22.5837059021,"median":18.0039749146,"min":0.19327519834,"var":314.928985596},"dissonance":{"dmean":0.0146634820849,"dmean2":0.0242894534022,"dvar":0.000285264279228,"dvar2":0.000742415315472,"max":0.500000119209,"mean":0.475465416908,"median":0.483254343271,"min":0.236825123429,"var":0.000617821933702},"dynamic_complexity":3.99013614655,"erbbands":{"dmean":[0.484274983406,2.51164865494,4.70497083664,4.57804203033,6.47123336792,11.5784244537,13.910779953,15.5225486755,10.1291389465,11.7884168625,12.0523853302,12.157828331,11.5788583755,10.5790872574,9.93846130371,6.55108356476,7.05579566956,7.23687553406,5.53846168518,7.81849384308,6.74744129181,5.75102329254,6.29898357391,6.32346820831,6.46730804443,7.03524017334,6.90494537354,6.72610282898,5.06176424026,2.74209547043,1.43297183514,0.721712768078,0.330524474382,0.0833303257823,0.0213381815702,0.0531798005104,0.0560804568231,0.0447988882661,0.0130221899599,0.00181019923184],"dmean2":[0.807714998722,4.2749581337,8.02432155609,7.55028152466,10.5460414886,18.6836948395,22.3235244751,24.6627235413,16.2043819427,18.8176269531,19.2623634338,19.2882938385,18.3873405457,17.1302757263,16.2309951782,10.5502061844,11.1032800674,11.6162519455,8.8457069397,12.7175426483,11.0755634308,9.31192302704,9.96617412567,9.75378227234,9.69172859192,10.5608701706,10.1957883835,9.76088142395,7.2502117157,3.86396288872,2.03369545937,1.05203509331,0.472112447023,0.125302284956,0.0346847884357,0.0765089467168,0.0793961584568,0.0609819963574,0.0173407141119,0.00264715473168],"dvar":[0.548252999783,13.4805879593,56.1034812927,69.1865005493,126.300788879,804.011474609,1224.09790039,1952.59875488,758.27154541,969.583496094,1509.48425293,1245.45336914,1108.8939209,692.495605469,425.585510254,154.88180542,257.564697266,189.754516602,91.3099060059,204.999633789,115.328117371,95.2322845459,142.696990967,165.913894653,205.341064453,255.418579102,172.644638062,229.047805786,110.486968994,33.6890907288,15.1321029663,3.95294737816,0.468258172274,0.0472251027822,0.00132111192215,0.0151360537857,0.0202940814197,0.00935122836381,0.00112202065066,0.00000666332334731],"dvar2":[1.48887753487,36.7302398682,157.842849731,167.267288208,310.012451172,1917.19714355,2939.1953125,4647.27587891,1896.32983398,2423.49780273,3762.75610352,2997.16259766,2752.26953125,1698.85144043,1089.70654297,374.475463867,625.530212402,476.562194824,224.166015625,541.922241211,309.766204834,254.633468628,346.605316162,368.739562988,433.258483887,557.547424316,385.447814941,465.906158447,225.635299683,64.364982605,30.1461219788,8.37460899353,0.949224233627,0.102487653494,0.00319562153891,0.0311512965709,0.0403739437461,0.0168240573257,0.00192917091772,0.0000132764562295],"max":[10.8006916046,39.9134674072,111.054870605,198.88494873,266.179321289,747.688171387,615.848999023,965.937438965,634.232666016,714.683654785,1113.55102539,720.572143555,1198.89501953,1018.82397461,558.946044922,297.201202393,346.597869873,416.59362793,294.806030273,368.906646729,189.220291138,189.940536499,255.137237549,333.636138916,396.41204834,349.916809082,410.77041626,369.468383789,264.863891602,169.612792969,121.378143311,67.6585464478,20.1112384796,10.4528312683,1.15259230137,4.40861225128,4.28311729431,3.07194828987,1.37273550034,0.0817235633731],"mean":[0.632877469063,3.18212080002,5.65458965302,6.00125169754,9.10522174835,15.246919632,17.73387146,20.0926685333,14.8063106537,16.5880146027,17.2624340057,17.0162887573,16.7668151855,16.9769477844,16.148065567,11.5403146744,12.0375986099,12.6760835648,11.237112999,16.022644043,14.7636432648,12.6198148727,13.6135454178,13.697057724,13.8576049805,15.4512844086,14.9466562271,13.0568799973,9.15518951416,4.82215642929,2.23272061348,1.00929534435,0.473813772202,0.115764975548,0.0259493850172,0.0776139572263,0.0845330953598,0.0839234516025,0.031838785857,0.00621307455003],"median":[0.30736258626,1.71413457394,3.02465867996,3.1364197731,4.6532702446,5.10713815689,4.75732517242,4.2862071991,3.31523752213,3.18359279633,3.05130934715,3.83440184593,4.60249900818,5.93844032288,6.08855867386,5.2196688652,4.65510082245,5.85336399078,6.51403522491,7.2203001976,7.61981964111,6.12647008896,6.77500152588,6.62819290161,6.39033317566,5.85545253754,6.77285385132,5.84142875671,4.37845659256,2.1466987133,0.81423330307,0.330420076847,0.163031458855,0.0462784618139,0.0121801337227,0.0288664512336,0.0303968451917,0.0390552356839,0.0158933904022,0.00406424794346],"min":[8.83738077194e-22,1.45658864143e-20,3.63792030073e-20,5.37471265881e-20,3.77813736657e-19,1.44686800908e-19,8.3253402208e-20,2.14499099773e-19,2.54131520119e-19,1.37238889937e-18,2.52272591959e-18,3.90911371345e-18,3.36700993887e-18,8.53887172605e-19,2.23576435059e-18,3.06458298755e-18,3.24453509583e-18,4.85836715926e-18,6.10754388748e-18,6.40205989021e-18,9.13135927854e-18,1.18919289891e-17,1.88537490309e-17,2.11428456447e-17,1.00651800157e-17,1.05933811589e-17,1.3940335897e-17,3.01667045308e-17,1.99479154211e-17,1.18159019919e-17,1.50952454683e-17,1.58963334956e-17,1.42127794123e-17,1.08028439695e-17,8.55890231817e-18,5.04391535119e-18,2.72808281244e-18,1.3619772804e-18,3.147155982e-19,3.80884004909e-20],"var":[0.728060781956,16.6116104126,62.1501655579,90.6969833374,196.018814087,1155.79431152,1675.85119629,2833.06713867,1268.12670898,1472.4564209,2477.77368164,2003.78051758,1614.95263672,1347.93432617,862.522460938,346.061523438,503.518585205,411.916748047,239.574737549,536.179992676,348.525787354,300.731719971,394.219390869,442.760772705,527.007263184,718.187683105,492.029083252,546.094116211,241.065551758,74.9682922363,26.3466205597,5.83178186417,0.807764232159,0.0640585049987,0.00170604034793,0.0237965621054,0.0343722216785,0.022841213271,0.00322190579027,0.0000418507697759]},"erbbands_crest":{"dmean":2.39195847511,"dmean2":3.97033309937,"dvar":5.98642110825,"dvar2":15.4310436249,"max":27.7166576385,"mean":7.20129394531,"median":6.05044794083,"min":2.03916573524,"var":13.8457069397},"erbbands_flatness_db":{"dmean":0.0188386403024,"dmean2":0.0275703016669,"dvar":0.000340694125043,"dvar2":0.000712791108526,"max":0.346352159977,"mean":0.110426798463,"median":0.103569947183,"min":0.0300464611501,"var":0.00125337357167},"erbbands_kurtosis":{"dmean":1.46188664436,"dmean2":2.30554246902,"dvar":20.5238456726,"dvar2":46.3825187683,"max":151.487487793,"mean":0.826875567436,"median":-0.36408662796,"min":-1.84795892239,"var":36.2627182007},"erbbands_skewness":{"dmean":0.446557998657,"dmean2":0.662019908428,"dvar":0.246866479516,"dvar2":0.529220938683,"max":10.4079036713,"mean":0.126811891794,"median":0.041521564126,"min":-3.63179135323,"var":1.21376991272},"erbbands_spread":{"dmean":11.6244449615,"dmean2":17.7602920532,"dvar":131.2603302,"dvar2":291.656311035,"max":151.336288452,"mean":50.6832618713,"median":49.3283843994,"min":2.36105895042,"var":479.949127197},"gfcc":{"cov":[[11126.9638672,-334.987548828,-1335.93554688,-124.840255737,-481.244750977,-514.101806641,227.850830078,-35.9897346497,64.532119751,129.703918457,-1.6817715168,175.963653564,36.3450202942],[-334.987548828,858.007202148,156.800567627,-329.798431396,-41.6725082397,-35.8091278076,-93.8737335205,18.7915039062,-16.7060127258,-17.5840854645,41.8686828613,-61.3972434998,73.2921218872],[-1335.93554688,156.800567627,628.660400391,85.840385437,-54.8361434937,214.318267822,-108.639854431,99.4378051758,-38.6183433533,21.8591270447,7.0006814003,-21.0252456665,-1.14356589317],[-124.840255737,-329.798431396,85.840385437,408.65524292,191.492645264,45.7560539246,70.9291534424,-12.2368545532,35.5674438477,11.1285877228,-32.7549591064,39.9451560974,-35.3970603943],[-481.244750977,-41.6725082397,-54.8361434937,191.492645264,308.54800415,53.5462036133,79.8238143921,-32.3780708313,34.6324386597,-34.7556915283,-14.0466861725,-2.02000904083,2.54757142067],[-514.101806641,-35.8091278076,214.318267822,45.7560539246,53.5462036133,254.038238525,15.917927742,66.1510696411,-38.9677581787,-2.11796069145,-11.4710149765,4.93329381943,-3.3154873848],[227.850830078,-93.8737335205,-108.639854431,70.9291534424,79.8238143921,15.917927742,181.466812134,-4.81446075439,39.0496788025,-25.6361408234,-14.8867015839,17.3357715607,-15.0733251572],[-35.9897346497,18.7915039062,99.4378051758,-12.2368545532,-32.3780708313,66.1510696411,-4.81446075439,140.936904907,21.2412776947,32.5667114258,2.824634552,-18.4052829742,12.8335065842],[64.532119751,-16.7060127258,-38.6183433533,35.5674438477,34.6324386597,-38.9677581787,39.0496788025,21.2412776947,102.239944458,38.4468612671,4.39024782181,-0.545745432377,-20.3640632629],[129.703918457,-17.5840854645,21.8591270447,11.1285877228,-34.7556915283,-2.11796069145,-25.6361408234,32.5667114258,38.4468612671,89.1190948486,36.5341339111,2.68838095665,-1.91847038269],[-1.6817715168,41.8686828613,7.0006814003,-32.7549591064,-14.0466861725,-11.4710149765,-14.8867015839,2.824634552,4.39024782181,36.5341339111,61.5877075195,21.3758811951,12.5379981995],[175.963653564,-61.3972434998,-21.0252456665,39.9451560974,-2.02000904083,4.93329381943,17.3357715607,-18.4052829742,-0.545745432377,2.68838095665,21.3758811951,69.5539474487,21.3681583405],[36.3450202942,73.2921218872,-1.14356589317,-35.3970603943,2.54757142067,-3.3154873848,-15.0733251572,12.8335065842,-20.3640632629,-1.91847038269,12.5379981995,21.3681583405,71.0992584229]],"icov":[[0.000207937380765,-0.000422054930823,0.00105737510603,-0.00114672258496,0.00131114164833,-0.000669091183227,0.0000917856013984,-0.0000592220349063,-0.000308944261633,0.000350497342879,-0.000476342189359,0.000373901624698,-0.000380549987312],[-0.000422054930823,0.00446827756241,-0.00578657491133,0.00850440282375,-0.00757368141785,0.00557055231184,-0.00152035139035,-0.000371781090507,0.00272285751998,-0.00408549839631,0.00430365186185,-0.00339315366,0.000956950651016],[0.00105737510603,-0.00578657491133,0.0145542407408,-0.0177579149604,0.0178445801139,-0.0147638274357,0.00571173476055,0.00161926064175,-0.0100049627945,0.0135367996991,-0.0150532675907,0.0137338927016,-0.00756480079144],[-0.00114672258496,0.00850440282375,-0.0177579149604,0.0297900270671,-0.0281152501702,0.0203590523452,-0.0070696095936,-0.00478218961507,0.016641817987,-0.0238437708467,0.0267553720623,-0.025539426133,0.0147667163983],[0.00131114164833,-0.00757368141785,0.0178445801139,-0.0281152501702,0.0322981588542,-0.0223891623318,0.005842033308,0.0072853048332,-0.0205437876284,0.0255894064903,-0.0270859785378,0.0270555522293,-0.0173994619399],[-0.000669091183227,0.00557055231184,-0.0147638274357,0.0203590523452,-0.0223891623318,0.0239232797176,-0.00752159673721,-0.008146234788,0.0195075273514,-0.0208643060178,0.0225193891674,-0.0224652197212,0.0140964845195],[0.0000917856013984,-0.00152035139035,0.00571173476055,-0.0070696095936,0.005842033308,-0.00752159673721,0.0111015234143,0.000744058110286,-0.00929141324013,0.0111224707216,-0.0079487664625,0.00513026770204,-0.00274948216975],[-0.0000592220349063,-0.000371781090507,0.00161926064175,-0.00478218961507,0.0072853048332,-0.008146234788,0.000744058110286,0.0142751019448,-0.00989019032568,0.00437289196998,-0.00693959789351,0.0124709904194,-0.0102401077747],[-0.000308944261633,0.00272285751998,-0.0100049627945,0.016641817987,-0.0205437876284,0.0195075273514,-0.00929141324013,-0.00989019032568,0.0342808775604,-0.0288931280375,0.0243288725615,-0.0235321391374,0.0187576096505],[0.000350497342879,-0.00408549839631,0.0135367996991,-0.0238437708467,0.0255894064903,-0.0208643060178,0.0111224707216,0.00437289196998,-0.0288931280375,0.0484707169235,-0.0404952503741,0.0293412730098,-0.016586497426],[-0.000476342189359,0.00430365186185,-0.0150532675907,0.0267553720623,-0.0270859785378,0.0225193891674,-0.0079487664625,-0.00693959789351,0.0243288725615,-0.0404952503741,0.0577175356448,-0.0385922752321,0.0177691932768],[0.000373901624698,-0.00339315366,0.0137338927016,-0.025539426133,0.0270555522293,-0.0224652197212,0.00513026770204,0.0124709904194,-0.0235321391374,0.0293412730098,-0.0385922752321,0.0525892935693,-0.0273156799376],[-0.000380549987312,0.000956950651016,-0.00756480079144,0.0147667163983,-0.0173994619399,0.0140964845195,-0.00274948216975,-0.0102401077747,0.0187576096505,-0.016586497426,0.0177691932768,-0.0273156799376,0.0330500416458]],"mean":[-4.28584909439,73.7356414795,-76.5497207642,32.6802062988,-19.6703834534,-8.18943977356,0.267092972994,-15.8661966324,-4.24825382233,-5.36614274979,-10.6778507233,3.05432581902,-8.01257514954]},"hfc":{"dmean":35.9774131775,"dmean2":55.7430152893,"dvar":2446.88549805,"dvar2":5891.3203125,"max":779.198242188,"mean":89.2959518433,"median":69.8130111694,"min":1.16222396544e-16,"var":6384.34423828},"melbands":{"dmean":[0.00379417208023,0.00265499413945,0.000777758250479,0.000649336143397,0.00049273885088,0.000341471022693,0.000151194806676,0.000128284998937,0.0000986203885986,0.0000769920152379,0.0000586982459936,0.0000440855656052,0.0000408060986956,0.0000189140610019,0.0000181025243364,0.0000152290504047,0.0000143750712596,0.00000988271494862,0.0000100019778984,0.0000115923494377,0.00000752353935241,0.00000604744536759,0.00000624078529654,0.00000647696879241,0.00000552246547159,0.00000531065370524,0.00000500579608342,0.00000488609111926,0.0000047339244702,0.00000438479582954,0.00000397911571781,0.00000320826279676,0.00000229136276175,0.00000131363481159,8.63675495566e-7,6.75804130879e-7,3.74622942445e-7,2.54828080415e-7,1.6047921747e-7,4.11554950119e-8],"dmean2":[0.00631956988946,0.00448033493012,0.00127415196039,0.00104245869443,0.000785416108556,0.000540472567081,0.000240903536906,0.000203220188268,0.00015689265274,0.000122171622934,0.0000934402924031,0.0000719728050171,0.0000671483358019,0.0000306473157252,0.0000290311127173,0.0000241046218434,0.0000233505634242,0.0000159359497047,0.0000162088290381,0.0000191309482034,0.0000124293483168,0.00000991432716546,0.0000101393652585,0.0000103064712675,0.0000086922545961,0.00000824809285405,0.0000076164519669,0.00000751163270252,0.00000720825346434,0.00000661307421979,0.00000586505302635,0.00000472292776976,0.00000332101603817,0.0000019022018023,0.00000124895336739,0.00000100384227153,5.54623397875e-7,3.70227695612e-7,2.37193901853e-7,6.55395808735e-8],"dvar":[0.000031712334021,0.0000149944107761,0.00000175208265318,0.00000183864369774,0.00000138234008773,8.58761893596e-7,1.63739258596e-7,1.24227653941e-7,9.77991660989e-8,5.04068893292e-8,2.82679639696e-8,1.23727037504e-8,7.2654864347e-9,1.53641355194e-9,1.5240031459e-9,1.22847976236e-9,7.75202679826e-10,3.11868753045e-10,3.31908889262e-10,3.99233590631e-10,1.38564146268e-10,9.53898210421e-11,1.14461121137e-10,1.79807030376e-10,1.27786795034e-10,1.51358273137e-10,1.2258988269e-10,1.21583659807e-10,8.25540746874e-11,7.96455332241e-11,8.79955691646e-11,4.669193851e-11,2.14280971439e-11,9.00799226877e-12,5.21561179662e-12,5.5851872606e-12,8.91918104044e-13,2.75841768047e-13,1.79906396312e-13,1.04594686116e-14],"dvar2":[0.0000854746831465,0.0000416881630372,0.00000419477009928,0.00000439002178609,0.00000333605657943,0.00000204243588087,4.06156345889e-7,3.06353229007e-7,2.41121483668e-7,1.22335691799e-7,7.00365418993e-8,3.07590930504e-8,1.87524094031e-8,3.89168786086e-9,3.71851260894e-9,2.92850854677e-9,1.99262317757e-9,7.7446177249e-10,8.43573655374e-10,1.08400466381e-9,3.71358860329e-10,2.55526905191e-10,2.99908792245e-10,4.40215974784e-10,2.95090313296e-10,3.46861928069e-10,2.62641436377e-10,2.76699857471e-10,1.96470145708e-10,1.77512560207e-10,1.81777620734e-10,9.92711329806e-11,4.33775793063e-11,1.83069566451e-11,1.0313346531e-11,1.2796862528e-11,1.93043649642e-12,5.6926875323e-13,3.82263014645e-13,2.44584744575e-14],"max":[0.0757256001234,0.0561551973224,0.0339083448052,0.0359063968062,0.0191586464643,0.0202729459852,0.00839983858168,0.00938668381423,0.00928049813956,0.00538774533197,0.00592581415549,0.00393185857683,0.00220874976367,0.00104251806624,0.00107176683377,0.00091166771017,0.00072157883551,0.000509303761646,0.000427183549618,0.000373523973394,0.000193727901205,0.000166922822245,0.000177634923602,0.000302129337797,0.000280697422568,0.000349062145688,0.000284574460238,0.000243618967943,0.000253695819993,0.000281293789158,0.000230463891057,0.000153788976604,0.00013818431762,0.0000806377356639,0.000070150992542,0.000083442311734,0.0000283096414933,0.000017816089894,0.0000170992789208,0.00000554757434656],"mean":[0.00526234181598,0.00348047865555,0.00110216904432,0.000914761214517,0.000644207932055,0.000452106061857,0.000222337665036,0.00018042382726,0.000137740935315,0.000106078812678,0.0000823472000775,0.0000677895586705,0.0000614943346591,0.0000309072638629,0.0000295080262731,0.0000244592756644,0.0000236128362303,0.000017778849724,0.0000190138598555,0.0000234252092923,0.0000151792983161,0.0000124104153656,0.000012464251995,0.0000124911412058,0.0000108197236841,0.0000103575166577,0.0000100135830507,0.0000101094146885,0.00000946699310589,0.00000853785604704,0.00000719244280845,0.00000551566972717,0.00000383964925277,0.0000021989499146,0.00000132778995976,8.90558851552e-7,5.08666857968e-7,3.54055600837e-7,2.22011564688e-7,5.04152204428e-8],"median":[0.00294488342479,0.00205626967363,0.000652042566799,0.000383406470064,0.000179015361937,0.0000997716851998,0.0000503796363773,0.0000328941314365,0.0000238141110458,0.0000235609586525,0.0000218780278374,0.0000226032607316,0.0000212538288906,0.0000131577708089,0.0000116163519124,0.00000889655348146,0.0000105585550045,0.0000100123725133,0.00000854528570926,0.00000990084663499,0.0000079223918874,0.00000616631859884,0.00000563794628761,0.00000608317031947,0.00000505406069351,0.00000475489514429,0.00000409176254834,0.00000363163121619,0.00000418560057369,0.00000378562026526,0.00000317122021443,0.00000260608862845,0.00000174378476459,9.29398538574e-7,4.84163649617e-7,2.70787126055e-7,1.62651375035e-7,1.16666917904e-7,7.51038840008e-8,2.08716564032e-8],"min":[1.39038990687e-23,2.03306526225e-23,2.07923571332e-23,2.05675727959e-23,2.67793309875e-24,5.00517532107e-24,3.75762138175e-24,1.7912516269e-23,2.67995834135e-23,2.13794463515e-23,1.62399260461e-23,3.13598321121e-24,5.93692299648e-24,9.80565385901e-24,5.17535904516e-24,8.82768406214e-24,8.7878876072e-24,8.42562611344e-24,1.19900901694e-23,9.487789457e-24,9.42061164003e-24,1.1647506022e-23,1.39123603908e-23,1.81717296516e-23,1.8316875325e-23,7.97781423223e-24,6.62068632988e-24,6.81432959401e-24,9.04949754919e-24,1.09212577957e-23,1.90753256423e-23,1.15718345397e-23,8.44426531891e-24,5.16835908792e-24,8.62357419153e-24,8.39083261435e-24,1.06454317914e-23,1.04523139086e-23,9.97719008513e-24,8.72046839879e-24],"var":[0.0000422301527578,0.0000187801160791,0.0000024623113859,0.00000286094200419,0.00000195972666006,0.00000130500791329,2.76603316252e-7,1.92521355302e-7,1.59862267424e-7,8.17944680875e-8,4.06409235154e-8,2.26954810501e-8,1.26976518189e-8,3.59040375209e-9,2.72218758646e-9,2.31716978938e-9,1.52791768127e-9,6.89682533306e-10,8.49362524757e-10,1.08461850612e-9,3.65915658884e-10,2.77913608793e-10,3.22328191915e-10,4.0081271635e-10,3.0087290992e-10,3.19857307307e-10,3.05504177511e-10,3.22922272256e-10,2.04619335364e-10,1.91826513007e-10,1.91770280211e-10,9.32024665778e-11,4.44074430006e-11,1.80183021281e-11,9.33214183013e-12,6.74029191836e-12,1.30932135793e-12,4.63900185627e-13,2.50815915346e-13,1.24863108812e-14]},"melbands_crest":{"dmean":4.64083385468,"dmean2":7.67037343979,"dvar":14.2455196381,"dvar2":38.0753364563,"max":37.0414962769,"mean":18.262140274,"median":18.0309925079,"min":2.35672259331,"var":36.5146331787},"melbands_flatness_db":{"dmean":0.0403530932963,"dmean2":0.0635063871741,"dvar":0.00126971013378,"dvar2":0.00299005676061,"max":0.734338223934,"mean":0.250278204679,"median":0.241111069918,"min":0.00955620687455,"var":0.00670774048194},"melbands_kurtosis":{"dmean":25.3638153076,"dmean2":41.9546203613,"dvar":1935.8248291,"dvar2":5117.92285156,"max":915.602844238,"mean":43.3327217102,"median":21.5280361176,"min":-1.79478394985,"var":3585.03662109},"melbands_skewness":{"dmean":1.45855355263,"dmean2":2.32323074341,"dvar":2.33573246002,"dvar2":5.61998558044,"max":22.0242500305,"mean":4.65210485458,"median":3.99303603172,"min":-1.48604476452,"var":7.89059638977},"melbands_spread":{"dmean":7.35985565186,"dmean2":11.4296560287,"dvar":132.225723267,"dvar2":274.260864258,"max":222.694976807,"mean":16.6647033691,"median":11.0497102737,"min":0.170525670052,"var":358.205718994},"mfcc":{"cov":[[11012.2744141,-215.062866211,-1187.5670166,137.751312256,-899.890441895,-201.242355347,-331.469512939,-72.0873260498,-84.9387283325,40.617855072,-166.794525146,128.095825195,-17.1008701324],[-215.062866211,992.37298584,90.0033187866,-281.417053223,-21.1279468536,-168.615036011,-24.5917453766,-93.0672988892,-14.4966564178,-52.8763504028,29.1364879608,-44.4246025085,-15.6371164322],[-1187.5670166,90.0033187866,721.943481445,-134.276947021,129.463150024,-33.8839378357,62.5351219177,-5.30783176422,6.12672805786,-0.113797068596,44.2422561646,19.0303516388,-20.3276252747],[137.751312256,-281.417053223,-134.276947021,367.978088379,60.1689872742,108.494163513,-20.1517505646,40.0300598145,23.9634799957,23.9159946442,-12.5167226791,13.3042764664,31.4550609589],[-899.890441895,-21.1279468536,129.463150024,60.1689872742,264.791809082,77.4426574707,62.9080085754,19.9270343781,38.170173645,-1.01190376282,23.6418113708,-9.45112800598,16.1046295166],[-201.242355347,-168.615036011,-33.8839378357,108.494163513,77.4426574707,203.352172852,62.8398284912,74.1893692017,12.3656778336,2.84803915024,-4.44905233383,-8.17884731293,10.2067251205],[-331.469512939,-24.5917453766,62.5351219177,-20.1517505646,62.9080085754,62.8398284912,131.631866455,57.079624176,32.7629051208,-7.20175981522,0.180183306336,-8.30556678772,1.70350968838],[-72.0873260498,-93.0672988892,-5.30783176422,40.0300598145,19.9270343781,74.1893692017,57.079624176,124.680671692,44.6149711609,16.2202949524,-9.02101325989,-6.23056840897,1.02335560322],[-84.9387283325,-14.4966564178,6.12672805786,23.9634799957,38.170173645,12.3656778336,32.7629051208,44.6149711609,95.7073135376,28.5876960754,21.6117668152,-2.10732483864,13.3077068329],[40.617855072,-52.8763504028,-0.113797068596,23.9159946442,-1.01190376282,2.84803915024,-7.20175981522,16.2202949524,28.5876960754,78.8030471802,32.5031776428,20.95104599,0.0681895017624],[-166.794525146,29.1364879608,44.2422561646,-12.5167226791,23.6418113708,-4.44905233383,0.180183306336,-9.02101325989,21.6117668152,32.5031776428,81.9120559692,26.3783397675,12.2723550797],[128.095825195,-44.4246025085,19.0303516388,13.3042764664,-9.45112800598,-8.17884731293,-8.30556678772,-6.23056840897,-2.10732483864,20.95104599,26.3783397675,65.7867507935,21.4118022919],[-17.1008701324,-15.6371164322,-20.3276252747,31.4550609589,16.1046295166,10.2067251205,1.70350968838,1.02335560322,13.3077068329,0.0681895017624,12.2723550797,21.4118022919,56.904876709]],"icov":[[0.000152876178618,-0.00000741130997994,0.000163787524798,-0.0000392311412725,0.000401709461585,-0.0000253601410805,0.00010667785682,0.0000673464601277,-0.000184375894605,-5.107576726e-7,0.000274583348073,-0.000435031834058,0.000158147362527],[-0.00000741130997994,0.00152628845535,0.0000472562314826,0.000892947602551,-0.000244100287091,0.000762149575166,0.000161940639373,0.000313801545417,-0.000164726414368,0.000794860476162,-0.00089958665194,0.00117649650201,-0.000348738860339],[0.000163787524798,0.0000472562314826,0.00203947955742,0.000586406793445,-0.000735212117434,0.000573851866648,-0.000434916233644,-0.000174009634065,0.000147018683492,0.000181658251677,-0.000299547973555,-0.00140778231435,0.00114761246368],[-0.0000392311412725,0.000892947602551,0.000586406793445,0.00477288570255,-0.00134231674019,-0.00172963249497,0.00226390035823,-0.000169698629179,-0.00097494921647,-0.000524510163814,0.00110385043081,-0.000440340489149,-0.00141356396489],[0.000401709461585,-0.000244100287091,-0.000735212117434,-0.00134231674019,0.00697746593505,-0.00191049347632,-0.00151875091251,0.00184458203148,-0.0021126519423,0.000532431877218,-0.000521272828337,0.000470921600936,-0.000658076722175],[-0.0000253601410805,0.000762149575166,0.000573851866648,-0.00172963249497,-0.00191049347632,0.00959868635982,-0.00303536024876,-0.00418854877353,0.00349003612064,0.00022797191923,-0.00178250169847,0.00190082774498,-0.000799156725407],[0.00010667785682,0.000161940639373,-0.000434916233644,0.00226390035823,-0.00151875091251,-0.00303536024876,0.0130893504247,-0.00371556147002,-0.00314437341876,0.00254465220496,0.000675322604366,-0.000998829957098,0.00028150450089],[0.0000673464601277,0.000313801545417,-0.000174009634065,-0.000169698629179,0.00184458203148,-0.00418854877353,-0.00371556147002,0.0148670403287,-0.00596169847995,-0.00212919618934,0.00335441622883,-0.000338625512086,0.00101195741445],[-0.000184375894605,-0.000164726414368,0.000147018683492,-0.00097494921647,-0.0021126519423,0.00349003612064,-0.00314437341876,-0.00596169847995,0.0178743749857,-0.00504463165998,-0.00398782873526,0.00479959137738,-0.00445594405755],[-5.107576726e-7,0.000794860476162,0.000181658251677,-0.000524510163814,0.000532431877218,0.00022797191923,0.00254465220496,-0.00212919618934,-0.00504463165998,0.0198034159839,-0.00661196559668,-0.00450544059277,0.00462087756023],[0.000274583348073,-0.00089958665194,-0.000299547973555,0.00110385043081,-0.000521272828337,-0.00178250169847,0.000675322604366,0.00335441622883,-0.00398782873526,-0.00661196559668,0.0198817178607,-0.00674117309973,-0.00130589841865],[-0.000435031834058,0.00117649650201,-0.00140778231435,-0.000440340489149,0.000470921600936,0.00190082774498,-0.000998829957098,-0.000338625512086,0.00479959137738,-0.00450544059277,-0.00674117309973,0.0248772557825,-0.00952900201082],[0.000158147362527,-0.000348738860339,0.00114761246368,-0.00141356396489,-0.000658076722175,-0.000799156725407,0.00028150450089,0.00101195741445,-0.00445594405755,0.00462087756023,-0.00130589841865,-0.00952900201082,0.0239228308201]],"mean":[-666.858215332,122.883682251,4.95711946487,51.4236488342,1.2526743412,26.1742420197,2.22425293922,10.569185257,3.62320685387,3.0513677597,-1.09913337231,1.34550511837,-0.880009531975]},"pitch_salience":{"dmean":0.0991003066301,"dmean2":0.164420828223,"dvar":0.00673453556374,"dvar2":0.0184808410704,"max":0.824229061604,"mean":0.516789674759,"median":0.530956268311,"min":0.107775583863,"var":0.0155574046075},"silence_rate_20dB":{"dmean":0,"dmean2":0,"dvar":0,"dvar2":0,"max":1,"mean":1,"median":1,"min":1,"var":0},"silence_rate_30dB":{"dmean":0.0503472238779,"dmean2":0.100703187287,"dvar":0.0478148087859,"dvar2":0.118682347238,"max":1,"mean":0.957295358181,"median":1,"min":0,"var":0.0408856533468},"silence_rate_60dB":{"dmean":0.0262152776122,"dmean2":0.0524351075292,"dvar":0.0255284737796,"dvar2":0.0543711334467,"max":1,"mean":0.0895755589008,"median":0,"min":0,"var":0.0815278664231},"spectral_centroid":{"dmean":337.455627441,"dmean2":493.795379639,"dvar":134245.59375,"dvar2":243440.9375,"max":10997.5351562,"mean":1412.69824219,"median":1247.59838867,"min":102.729972839,"var":717171.1875},"spectral_complexity":{"dmean":3.81631946564,"dmean2":5.56975412369,"dvar":15.7752742767,"dvar2":30.148349762,"max":59,"mean":18.409078598,"median":16,"min":0,"var":183.451934814},"spectral_contrast_coeffs":{"dmean":[0.0580039992929,0.0528455153108,0.0386764854193,0.0283485949039,0.0194789394736,0.0330888964236],"dmean2":[0.0946508944035,0.0869938880205,0.0644690394402,0.0470720715821,0.0317462906241,0.0502738207579],"dvar":[0.00205718306825,0.00178977579344,0.000936475000344,0.000515961553901,0.000274538208032,0.000874458113685],"dvar2":[0.00540927564725,0.00465772254393,0.00252465135418,0.00134836148936,0.000671418034472,0.00203580525704],"max":[-0.275144636631,-0.423275321722,-0.513313949108,-0.552788853645,-0.646026670933,-0.446533888578],"mean":[-0.694612681866,-0.775975227356,-0.818333506584,-0.820135951042,-0.825739264488,-0.691647648811],"median":[-0.702363550663,-0.783096432686,-0.822211742401,-0.820045351982,-0.823083400726,-0.683687329292],"min":[-0.952379047871,-0.960651636124,-0.972814023495,-0.98726439476,-0.974451303482,-0.958749353886],"var":[0.00596292829141,0.00584287568927,0.00341376103461,0.00218758359551,0.00138433929533,0.00509627675638]},"spectral_contrast_valleys":{"dmean":[0.437714397907,0.457129746675,0.405911326408,0.32971149683,0.282369554043,0.465340167284],"dmean2":[0.681228756905,0.718681097031,0.626564741135,0.505103349686,0.398247480392,0.673692286015],"dvar":[0.14359177649,0.166811496019,0.149404764175,0.119379878044,0.110950864851,0.169643566012],"dvar2":[0.299050807953,0.380441844463,0.329168021679,0.248158246279,0.215816766024,0.365216225386],"max":[-4.93351554871,-4.32744550705,-5.35621213913,-5.97850799561,-5.60812425613,-8.63969326019],"mean":[-6.68564128876,-6.94637012482,-7.4365196228,-7.72882795334,-7.46321249008,-10.7645320892],"median":[-6.45978116989,-6.77362537384,-7.20253753662,-7.48406982422,-7.19088792801,-10.5791549683],"min":[-27.9667778015,-27.1719894409,-27.0726642609,-27.2664699554,-27.284866333,-27.2718887329],"var":[0.900423526764,1.28449296951,1.24669158459,1.15025532246,1.35196805,1.01228713989]},"spectral_decrease":{"dmean":4.72542316388e-9,"dmean2":7.61175389385e-9,"dvar":3.4963882245e-17,"dvar2":9.1024734698e-17,"max":5.60295809748e-10,"mean":-9.35010380232e-9,"median":-7.45936379332e-9,"min":-6.36578292301e-8,"var":6.83482862715e-17},"spectral_energy":{"dmean":0.019279981032,"dmean2":0.0305111818016,"dvar":0.000553533609491,"dvar2":0.00140695495065,"max":0.2711417377,"mean":0.0433888435364,"median":0.0370342172682,"min":1.05677929341e-20,"var":0.00123315944802},"spectral_energyband_high":{"dmean":0.000484793272335,"dmean2":0.000647125416435,"dvar":9.04210025965e-7,"dvar2":0.00000158193904554,"max":0.0279111694545,"mean":0.00113320001401,"median":0.00056977692293,"min":7.33955580372e-21,"var":0.00000287837315227},"spectral_energyband_low":{"dmean":0.0159745980054,"dmean2":0.0262061618268,"dvar":0.000470091035822,"dvar2":0.00125001638662,"max":0.244988739491,"mean":0.025101877749,"median":0.016727425158,"min":9.99678617887e-23,"var":0.000717305636499},"spectral_energyband_middle_high":{"dmean":0.000954027171247,"dmean2":0.00144746946171,"dvar":0.00000198066641133,"dvar2":0.00000453255870525,"max":0.0290971007198,"mean":0.00308393058367,"median":0.00199456256814,"min":1.57525571766e-21,"var":0.0000108309614006},"spectral_energyband_middle_low":{"dmean":0.00561375077814,"dmean2":0.00876689795405,"dvar":0.0000780489426688,"dvar2":0.000186642209883,"max":0.1537643224,"mean":0.0112496819347,"median":0.00604916363955,"min":4.89295709629e-22,"var":0.00019470351981},"spectral_entropy":{"dmean":0.184281304479,"dmean2":0.272741705179,"dvar":0.0471289493144,"dvar2":0.100876800716,"max":9.7960062027,"mean":7.69211578369,"median":7.80159330368,"min":4.17460727692,"var":0.178709879518},"spectral_flux":{"dmean":0.0346024818718,"dmean2":0.0555898584425,"dvar":0.0013046504464,"dvar2":0.00292852288112,"max":0.412561804056,"mean":0.114509932697,"median":0.111559964716,"min":1.02799768698e-10,"var":0.00365666602738},"spectral_kurtosis":{"dmean":1.66187131405,"dmean2":2.36917710304,"dvar":5.10376501083,"dvar2":10.5304136276,"max":53.2341117859,"mean":7.45423936844,"median":6.61489677429,"min":-1.22514677048,"var":15.1988840103},"spectral_rms":{"dmean":0.00138574733865,"dmean2":0.00211606104858,"dvar":0.00000193954269889,"dvar2":0.00000454917017123,"max":0.0162643324584,"mean":0.00586994178593,"median":0.00601090211421,"min":3.21092544914e-12,"var":0.00000787438966654},"spectral_rolloff":{"dmean":4250.20703125,"dmean2":7974.171875,"dvar":50321500,"dvar2":126670248,"max":22028.4667969,"mean":5975.17236328,"median":1528.85742188,"min":21.533203125,"var":68395808},"spectral_skewness":{"dmean":0.219844803214,"dmean2":0.30777156353,"dvar":0.0642080977559,"dvar2":0.123360089958,"max":6.03289318085,"mean":1.6760815382,"median":1.54558765888,"min":-0.00879507232457,"var":0.32368889451},"spectral_spread":{"dmean":470075.71875,"dmean2":672696.5,"dvar":259246178304,"dvar2":457684516864,"max":40250468,"mean":4659553,"median":4606509,"min":1350783.5,"var":1014097379330},"spectral_strongpeak":{"dmean":0.658327937126,"dmean2":1.21538674831,"dvar":21.343755722,"dvar2":63.8037605286,"max":115.342277527,"mean":0.612646222115,"median":0.249577447772,"min":0,"var":12.8235826492},"zerocrossingrate":{"dmean":0.0358139462769,"dmean2":0.0459503643215,"dvar":0.00101289560553,"dvar2":0.0015474348329,"max":0.6962890625,"mean":0.174351662397,"median":0.16748046875,"min":0.00439453125,"var":0.00592152588069}},"metadata":{"audio_properties":{"analysis_sample_rate":44100,"bit_rate":192000,"codec":"mp3","downmix":"mix","equal_loudness":0,"length":267.493865967,"lossless":false,"md5_encoded":"f88f8818c527aa1ad4521be47d6f41c4","replay_gain":-10.2116317749},"tags":{"album":["Voi-La Intruder"],"albumartist":["Gogol Bordello"],"albumartistsort":["Gogol Bordello"],"artist":["Gogol Bordello"],"artistsort":["Gogol Bordello"],"asin":["B000060K4I"],"barcode":["676180003829"],"catalognumber":["RUB38"],"composer":["Eugene H端tz"],"date":["2002-03-05"],"discnumber":["1/1"],"file_name":"12 Movement Two (Optzay Pertruder): Unvisible Zedd.mp3","label":["Rubric Records"],"language":["eng"],"lyricist":["Eugene H端tz"],"media":["CD"],"musicbrainz album release country":["US"],"musicbrainz album status":["official"],"musicbrainz album type":["album"],"musicbrainz_albumartistid":["f47fc54d-b334-4321-8218-00c5b11d4dd1"],"musicbrainz_albumid":["541f56eb-0ba4-4301-83af-9ad4e6642f22"],"musicbrainz_artistid":["f47fc54d-b334-4321-8218-00c5b11d4dd1"],"musicbrainz_recordingid":["1d45f0ef-4f05-469b-85c8-000f653fe2c1"],"originaldate":["2002-03-05"],"performer:accordion":["Sasha Kazatchkoff"],"performer:acoustic guitar":["Eugene H端tz"],"performer:drums":["Eliot Ferguson"],"performer:guest saxophone":["Paula Henderson"],"performer:guest tuba":["Jennifer Carey"],"performer:guitar":["Vlad Solovar"],"performer:vocal":["Eugene H端tz"],"script":["Latn"],"title":["Movement Two (Optzay Pertruder): Unvisible Zedd"],"tracknumber":["12/15"]},"version":{"essentia":"2.1-beta1","essentia_build_sha":"eef087cf131c10083d474ad51def18efd0e38295","essentia_git_sha":"v2.1_beta1-7-ge0e83e8-dirty","extractor":"music 1.0"}},"rhythm":{"beats_count":665,"beats_loudness":{"dmean":0.0294841229916,"dmean2":0.0536216981709,"dvar":0.000619171187282,"dvar2":0.00189386180136,"max":0.165869221091,"mean":0.0582746751606,"median":0.0569647327065,"min":0.00000485392320115,"var":0.00101315963548},"beats_loudness_band_ratio":{"dmean":[0.162846967578,0.110211879015,0.0452640689909,0.02408161