{"lowlevel":{"average_loudness":0.928036391735,"barkbands":{"dmean":[0.000220218556933,0.00186361302622,0.000852272147313,0.00168328697328,0.00507711945102,0.000657647789922,0.000921871629544,0.000655662734061,0.00060693587875,0.00027681485517,0.000222614238737,0.000243379035965,0.000198635141714,0.000222519229283,0.000185861965292,0.000145163823618,0.000158432259923,0.00013379190932,0.000125812293845,0.00011753229046,0.0000984883808997,0.00011399446521,0.000144816280226,0.0000679327786202,0.0000353787108907,0.0000239216824411,0.0000116092314784],"dmean2":[0.000362681428669,0.00292650563642,0.00145791459363,0.00284517440014,0.00871494039893,0.00101666839328,0.00141889590304,0.00100008712616,0.000908196379896,0.000417695351643,0.000346305430867,0.000373573508114,0.00030888535548,0.00033923285082,0.000281219283352,0.000229208118981,0.000246746669291,0.000209778285353,0.000202721043024,0.000182547533768,0.000148238483234,0.000165879813721,0.000197975401534,0.0000959509270615,0.0000496525753988,0.0000339942525898,0.000016719010091],"dvar":[2.51222957104e-7,0.0000134775391416,0.0000026974944376,0.00000795908908913,0.000176712084794,0.0000011318649058,0.00000363206663678,0.00000252102222476,0.00000177614333552,5.47851470856e-7,4.30818857922e-7,3.93508400975e-7,2.09075864177e-7,3.50119734094e-7,1.98796001882e-7,1.56920378913e-7,1.23750183434e-7,4.78233843637e-8,4.68501717421e-8,4.89459068831e-8,4.59383890927e-8,1.11233504185e-7,2.36331786141e-7,4.05484819055e-8,5.28887111884e-9,1.99909289123e-9,6.61024235349e-10],"dvar2":[7.10510221325e-7,0.000033500855352,0.00000764912783779,0.0000227261716645,0.000491786631756,0.00000285014539259,0.00000823671234684,0.00000582191114518,0.00000411550445278,0.00000121269192732,0.00000108228834961,9.1431763849e-7,5.06275966927e-7,7.75546311615e-7,4.50828252951e-7,3.59976354503e-7,2.93679505603e-7,1.16460633137e-7,1.17791010723e-7,1.13433692661e-7,1.03008147789e-7,2.26879464549e-7,4.3578813802e-7,7.60454668125e-8,1.08749711458e-8,4.26904911421e-9,1.55300061699e-9],"max":[0.0148016940802,0.0477363094687,0.0293225664645,0.0427857115865,0.143076732755,0.0214007366449,0.0467338785529,0.0421406328678,0.0283100530505,0.0223760660738,0.0228259526193,0.0206563025713,0.0152629436925,0.0158152189106,0.0109788840637,0.011849898845,0.0130552332848,0.00510443933308,0.00310790538788,0.00428773090243,0.00333333830349,0.00992534030229,0.0138175264001,0.00433034729213,0.0019664792344,0.000843506713863,0.000884798006155],"mean":[0.00028894058778,0.00324431969784,0.00135112251155,0.0027980688028,0.00694647617638,0.00143482850399,0.00177806743886,0.00112268445082,0.00137595727574,0.000554244616069,0.000423794437665,0.000492180988658,0.0003841239959,0.000419289659476,0.000362983177183,0.000274476362392,0.000341267004842,0.000264263362624,0.00024072828819,0.000225546929869,0.000175831461092,0.000202672745218,0.000261022505583,0.00012768463057,0.0000766505909269,0.0000468474063382,0.0000190112077689],"median":[0.000097068346804,0.00158247491345,0.000763828924391,0.00184458703734,0.00395270902663,0.000907589681447,0.00065800541779,0.000378006108804,0.000436135509517,0.000150860243593,0.0000871883166838,0.0001653588115,0.000144391466165,0.000117678348033,0.000121959012176,0.000104310704046,0.00015091476962,0.000157601607498,0.00014619276044,0.0000954565184657,0.0000632096198387,0.0000464339864266,0.0000486115277454,0.0000330312323058,0.0000377746255253,0.0000253225916822,0.0000088279002739],"min":[1.82992190402e-23,5.12719261824e-23,6.98805648686e-24,1.84218869109e-23,4.44537919123e-23,2.18048253951e-23,3.22659855899e-23,5.04525742255e-23,7.69263707069e-23,1.14899774412e-22,4.76982253541e-23,5.46580011776e-23,6.35872313597e-23,1.28453856268e-22,1.41294467078e-22,2.07154204757e-22,2.50685707831e-22,1.20348152695e-22,5.30904045546e-22,2.82109584404e-22,4.00427537295e-22,4.99510360257e-22,6.01783387207e-22,7.65710854257e-22,1.21103048405e-21,1.56990650866e-21,2.53781233364e-21],"var":[3.13357929826e-7,0.0000215995332837,0.00000329713520841,0.0000106860888991,0.000134766232804,0.00000266546703642,0.00000955646919465,0.00000535180106453,0.0000061917999119,0.00000182627172762,0.00000121940922782,0.00000155780594469,4.7645386303e-7,0.00000108668530174,5.71904536173e-7,4.10028064834e-7,5.00236978951e-7,1.13634335719e-7,7.82549989253e-8,1.22663649904e-7,9.61725419302e-8,2.99510332979e-7,6.60933437757e-7,1.12143183628e-7,1.44460070572e-8,4.29304369831e-9,9.2833030152e-10]},"barkbands_crest":{"dmean":2.43384814262,"dmean2":4.03900384903,"dvar":6.64107275009,"dvar2":18.3364677429,"max":25.5428447723,"mean":9.78132152557,"median":8.85650348663,"min":2.68681693077,"var":16.1655540466},"barkbands_flatness_db":{"dmean":0.0180529952049,"dmean2":0.0279770307243,"dvar":0.000342827057466,"dvar2":0.0008269653772,"max":0.423310399055,"mean":0.127170428634,"median":0.111730873585,"min":0.0209680553526,"var":0.00378027721308},"barkbands_kurtosis":{"dmean":2.78259634972,"dmean2":4.46871423721,"dvar":27.30727005,"dvar2":75.5404205322,"max":228.678939819,"mean":5.64941835403,"median":2.91379165649,"min":-1.93110775948,"var":130.758010864},"barkbands_skewness":{"dmean":0.487819254398,"dmean2":0.757438063622,"dvar":0.288373112679,"dvar2":0.720287680626,"max":13.3993825912,"mean":1.77497088909,"median":1.68604648113,"min":-3.89127397537,"var":1.3199993372},"barkbands_spread":{"dmean":5.46774959564,"dmean2":8.33518600464,"dvar":55.4769935608,"dvar2":114.470848083,"max":122.25554657,"mean":22.5203151703,"median":18.7933425903,"min":0.428833901882,"var":248.30909729},"dissonance":{"dmean":0.0154608497396,"dmean2":0.0257707741112,"dvar":0.000243391608819,"dvar2":0.000646926346235,"max":0.500000178814,"mean":0.462862581015,"median":0.470387518406,"min":0.258770495653,"var":0.000917948433198},"dynamic_complexity":3.50690484047,"erbbands":{"dmean":[0.0648032128811,0.403625667095,0.873825013638,3.21768069267,15.1040449142,16.3017711639,7.06486272812,5.43601560593,10.6332473755,15.8004951477,13.1854801178,12.8333530426,10.615945816,7.22135782242,9.0261259079,8.31605911255,8.53915023804,9.66421985626,9.77434539795,9.19881629944,7.48552560806,8.07351493835,6.98746490479,5.9558095932,6.28504419327,5.63854503632,4.69197273254,3.41684269905,3.74207663536,4.61150217056,4.13243246078,2.04949903488,0.892162680626,0.473823428154,0.231837242842,0.104038789868,0.0446350462735,0.015128210187,0.00198020669632,0.0000644482133794],"dmean2":[0.0977208763361,0.658351361752,1.48689782619,5.45212459564,26.2160606384,28.0194339752,10.9428787231,8.47060585022,16.6884613037,24.2693367004,19.8413009644,19.0659332275,15.7328615189,10.8271970749,13.9660682678,12.6860408783,13.1498060226,14.646071434,14.7610187531,13.8386631012,11.6882953644,12.553399086,10.9625873566,9.49219512939,10.0374584198,8.81639194489,7.21804046631,5.04044866562,5.45068693161,6.53445625305,5.66745233536,2.87928891182,1.25894463062,0.672610759735,0.330996125937,0.151002123952,0.0646409243345,0.0217719897628,0.00282784528099,0.0000904910411919],"dvar":[0.017844479531,0.668963074684,2.74467658997,27.9667892456,1388.0847168,1806.83068848,140.093383789,96.4694213867,560.308410645,1474.48547363,1123.73840332,912.198303223,716.614135742,291.402526855,582.65625,443.186981201,363.99017334,688.684326172,508.287414551,757.529296875,284.106781006,335.747253418,136.427627563,100.338935852,118.284255981,119.923774719,94.2487030029,68.171836853,109.183074951,225.537841797,200.551986694,47.019821167,5.69423866272,1.06121563911,0.238252043724,0.0374944619834,0.00794787425548,0.00115473289043,0.000016822532416,1.43863019275e-8],"dvar2":[0.0408131442964,1.75647127628,7.6959104538,79.2461700439,3899.87182617,5003.94824219,342.499145508,240.080413818,1282.18688965,3312.06298828,2599.20678711,2159.85766602,1551.10021973,636.293884277,1450.75854492,972.739074707,873.720153809,1605.29833984,1136.10632324,1640.04614258,658.616271973,818.250793457,335.577667236,250.305496216,284.899383545,281.598022461,221.750274658,144.658615112,222.191635132,451.361877441,365.118896484,91.4940032959,10.6748037338,2.12056207657,0.508278906345,0.0810726210475,0.0174782425165,0.00270472583361,0.0000380490600946,3.0869244938e-8],"max":[1.63445425034,10.8845663071,29.6557941437,78.9561309814,374.047607422,464.0859375,186.230010986,234.643463135,832.205688477,976.031860352,795.512512207,747.548950195,771.877624512,681.888549805,647.947937012,813.124023438,571.158813477,834.789367676,498.158905029,911.087585449,565.904174805,797.424255371,333.390899658,153.654602051,190.550994873,197.510009766,153.289260864,172.328048706,306.725280762,410.240325928,401.81439209,171.739456177,54.3453712463,27.544921875,14.8369483948,3.82610225677,1.97539567947,1.22410678864,0.102657392621,0.00269509386271],"mean":[0.10124065727,0.682420492172,1.54952073097,5.66871023178,19.5082645416,22.4696521759,14.1689901352,12.1346702576,21.1346359253,28.4255218506,26.6100482941,28.7042560577,23.0286579132,16.4193916321,19.120141983,18.0297298431,18.5361328125,19.5160541534,20.8162117004,18.3766212463,16.7182712555,18.4527397156,15.2820053101,12.2770423889,12.3344259262,10.6657333374,8.77078151703,6.04495048523,6.65362501144,7.94500732422,7.4194688797,3.78620386124,1.67474317551,0.971853256226,0.500659346581,0.210182756186,0.083663508296,0.0257333125919,0.00331717496738,0.000129615582409],"median":[0.0327492281795,0.347353875637,0.982987165451,4.01419830322,10.6540050507,11.0285835266,8.47426891327,7.50884151459,8.95025920868,9.72975158691,9.84738540649,9.21453475952,8.1669921875,6.10389137268,6.17338466644,7.27685928345,7.3270816803,6.43686103821,6.80994033813,5.49458312988,7.54162025452,8.16084671021,9.30095767975,7.88296699524,7.09341526031,4.62179231644,3.41372609138,1.89795708656,1.59627842903,1.481808424,1.41863369942,0.875595569611,0.498079776764,0.424797236919,0.259981274605,0.114808708429,0.0438215024769,0.0124142114073,0.00158296013251,0.0000814462982817],"min":[1.66565084702e-21,1.04785252826e-20,8.77741058143e-21,2.9028242774e-20,9.17740539886e-20,2.16542132489e-19,1.46663025864e-19,1.91827151933e-19,6.19764712064e-19,3.83882709113e-19,1.15018078648e-18,2.21909190496e-18,4.16050134623e-18,1.82979237775e-18,1.88957499537e-18,2.35417194655e-18,3.00303764805e-18,4.4390205031e-18,6.26363865933e-18,1.06216194506e-17,1.13011111007e-17,1.62067661077e-17,7.55148980349e-18,2.20794142758e-17,1.91567634873e-17,1.52704042717e-17,1.75093059115e-17,1.49691219315e-17,1.73890851357e-17,1.61505724199e-17,1.76168162301e-17,1.64617842361e-17,1.33980056817e-17,1.10455999726e-17,9.4334985778e-18,5.34352968163e-18,2.97872660305e-18,1.08006575243e-18,3.61279636983e-19,4.11806084158e-20],"var":[0.0307536236942,0.944218337536,3.56583094597,37.1597290039,1062.5826416,1482.10302734,293.23348999,209.597808838,1431.1217041,3279.65258789,2621.83056641,3106.96972656,2138.68725586,1085.61303711,1831.61340332,1748.18798828,976.117675781,1914.68481445,1810.88208008,1923.78881836,1070.2355957,1567.41760254,409.999542236,183.965484619,227.49546814,276.202911377,196.996017456,151.807220459,297.686737061,587.514953613,554.538269043,120.792732239,16.4614334106,2.93779444695,0.579107940197,0.0828781053424,0.0155615136027,0.00168849842157,0.0000260805572907,2.49083829118e-8]},"erbbands_crest":{"dmean":2.0608227253,"dmean2":3.27787423134,"dvar":4.07888126373,"dvar2":10.0917682648,"max":26.7376899719,"mean":8.35023212433,"median":7.40365219116,"min":2.25672316551,"var":15.6182603836},"erbbands_flatness_db":{"dmean":0.0147164957598,"dmean2":0.0201476551592,"dvar":0.000247283838689,"dvar2":0.000441312004114,"max":0.382327258587,"mean":0.140534833074,"median":0.125248968601,"min":0.0383748523891,"var":0.00340478704311},"erbbands_kurtosis":{"dmean":0.693129360676,"dmean2":1.04865050316,"dvar":1.32026791573,"dvar2":2.74284720421,"max":128.171173096,"mean":0.988653242588,"median":-0.45215690136,"min":-1.76206243038,"var":80.4471740723},"erbbands_skewness":{"dmean":0.313993901014,"dmean2":0.471530765295,"dvar":0.105575695634,"dvar2":0.229058712721,"max":9.1526594162,"mean":0.371692091227,"median":0.336855322123,"min":-4.80553388596,"var":1.0343862772},"erbbands_spread":{"dmean":7.63391590118,"dmean2":11.2548589706,"dvar":77.1845474243,"dvar2":159.577255249,"max":131.90447998,"mean":45.4732284546,"median":43.7824020386,"min":1.38708639145,"var":433.045928955},"gfcc":{"cov":[[24141.5800781,-1125.61035156,-229.652435303,485.955108643,-981.47064209,984.954956055,-232.411941528,345.661468506,-34.5557746887,357.728027344,-397.188873291,-55.6034049988,-554.175231934],[-1125.61035156,1809.2109375,-506.389038086,-309.675811768,309.715240479,-316.898529053,67.0060424805,20.0700931549,2.1089515686,-165.892349243,73.9160232544,-98.5797576904,69.4618148804],[-229.652435303,-506.389038086,1030.2713623,167.901931763,-7.87589597702,248.77204895,-35.5891342163,-8.2199420929,-1.07324230671,79.3666915894,-5.71459579468,138.619155884,-9.59905338287],[485.955108643,-309.675811768,167.901931763,447.581939697,-52.0421218872,65.4115066528,-38.2336540222,3.57342171669,46.8315200806,6.65107393265,-6.74165916443,23.3646812439,11.4160470963],[-981.47064209,309.715240479,-7.87589597702,-52.0421218872,325.705535889,-65.9968566895,48.3154602051,61.6253433228,28.9062538147,-14.0113391876,9.10073375702,0.739286780357,32.9165382385],[984.954956055,-316.898529053,248.77204895,65.4115066528,-65.9968566895,392.121154785,71.348449707,30.1580448151,18.822183609,64.0936355591,-8.01573848724,21.0354137421,-22.5348815918],[-232.411941528,67.0060424805,-35.5891342163,-38.2336540222,48.3154602051,71.348449707,156.59437561,48.1679534912,-5.78760433197,-3.05018162727,27.8733692169,-4.71535587311,-11.3020687103],[345.661468506,20.0700931549,-8.2199420929,3.57342171669,61.6253433228,30.1580448151,48.1679534912,140.11505127,44.6028137207,8.55686855316,-6.8646569252,-5.30899190903,-13.7481384277],[-34.5557746887,2.1089515686,-1.07324230671,46.8315200806,28.9062538147,18.822183609,-5.78760433197,44.6028137207,99.9287185669,28.0360546112,-13.0363359451,-6.042116642,8.76582717896],[357.728027344,-165.892349243,79.3666915894,6.65107393265,-14.0113391876,64.0936355591,-3.05018162727,8.55686855316,28.0360546112,96.5370559692,6.95084762573,0.593631863594,-11.9093999863],[-397.188873291,73.9160232544,-5.71459579468,-6.74165916443,9.10073375702,-8.01573848724,27.8733692169,-6.8646569252,-13.0363359451,6.95084762573,75.7205581665,19.0093421936,7.61921787262],[-55.6034049988,-98.5797576904,138.619155884,23.3646812439,0.739286780357,21.0354137421,-4.71535587311,-5.30899190903,-6.042116642,0.593631863594,19.0093421936,87.3756866455,18.4558010101],[-554.175231934,69.4618148804,-9.59905338287,11.4160470963,32.9165382385,-22.5348815918,-11.3020687103,-13.7481384277,8.76582717896,-11.9093999863,7.61921787262,18.4558010101,84.1083374023]],"icov":[[0.000109301261546,-0.00017193662643,0.000202223760425,-0.000225979922106,0.000276943639619,-0.000315554440022,0.000323607760947,-0.000453627464594,0.000555193924811,-0.000689682143275,0.000750897917897,-0.000566872593481,0.000593167496845],[-0.00017193662643,0.00146874028724,-0.000258091895375,0.00101233727764,-0.00120287586469,0.000752303458285,-0.000476169225294,0.000885721063241,-0.00174637243617,0.00305856065825,-0.00280532892793,0.00230738497339,-0.00139667512849],[0.000202223760425,-0.000258091895375,0.00208978354931,-0.000825223512948,-0.0000469930200779,-0.00149757263716,0.00128977152053,-0.00068659853423,0.00165150931571,-0.00215061474591,0.0018995674327,-0.00351108657196,0.00169602502137],[-0.000225979922106,0.00101233727764,-0.000825223512948,0.00352562591434,-0.000482040253701,0.000499136047438,-0.0000784376825322,0.000979755306616,-0.00321521004662,0.00343018840067,-0.00290053314529,0.00206875498407,-0.00179611484054],[0.000276943639619,-0.00120287586469,-0.0000469930200779,-0.000482040253701,0.00536939455196,0.000221785085159,-0.000692938454449,-0.00274378992617,0.000938832410611,-0.00263759493828,0.00282535445876,-0.00180445925798,-0.0000366495514754],[-0.000315554440022,0.000752303458285,-0.00149757263716,0.000499136047438,0.000221785085159,0.00523514160886,-0.00374848465435,0.00110271526501,-0.00211031152867,0.000436008151155,-0.00115955923684,0.00201931642368,-0.00200309092179],[0.000323607760947,-0.000476169225294,0.00128977152053,-0.0000784376825322,-0.000692938454449,-0.00374848465435,0.0112080918625,-0.00423966208473,0.00315585406497,-0.000375201983843,-0.0020151596982,-0.00103107013274,0.00279000541195],[-0.000453627464594,0.000885721063241,-0.00068659853423,0.000979755306616,-0.00274378992617,0.00110271526501,-0.00423966208473,0.012464643456,-0.00699513219297,0.00348837021738,-0.00203402829356,0.00177558069117,-0.0000770882252255],[0.000555193924811,-0.00174637243617,0.00165150931571,-0.00321521004662,0.000938832410611,-0.00211031152867,0.00315585406497,-0.00699513219297,0.0185671392828,-0.00971799436957,0.0072110244073,-0.00353771122172,0.000884987937752],[-0.000689682143275,0.00305856065825,-0.00215061474591,0.00343018840067,-0.00263759493828,0.000436008151155,-0.000375201983843,0.00348837021738,-0.00971799436957,0.021942967549,-0.0110064744949,0.00775889353827,-0.00269793835469],[0.000750897917897,-0.00280532892793,0.0018995674327,-0.00290053314529,0.00282535445876,-0.00115955923684,-0.0020151596982,-0.00203402829356,0.0072110244073,-0.0110064744949,0.0243607573211,-0.0103931501508,0.0036189139355],[-0.000566872593481,0.00230738497339,-0.00351108657196,0.00206875498407,-0.00180445925798,0.00201931642368,-0.00103107013274,0.00177558069117,-0.00353771122172,0.00775889353827,-0.0103931501508,0.0217905901372,-0.00729586509988],[0.000593167496845,-0.00139667512849,0.00169602502137,-0.00179611484054,-0.0000366495514754,-0.00200309092179,0.00279000541195,-0.0000770882252255,0.000884987937752,-0.00269793835469,0.0036189139355,-0.00729586509988,0.0180273242295]],"mean":[-14.1555051804,85.255645752,-96.7952270508,25.5038833618,-50.7505836487,-1.01484262943,-38.2353439331,4.38026762009,-26.1363639832,-2.94408965111,-17.3890838623,-1.24025440216,-15.0162982941]},"hfc":{"dmean":5.92506361008,"dmean2":8.27136993408,"dvar":100.01007843,"dvar2":202.802932739,"max":168.275741577,"mean":19.2071151733,"median":14.2850456238,"min":1.18783188902e-16,"var":341.883361816},"melbands":{"dmean":[0.000537122890819,0.000460831564851,0.000818920554593,0.00130163016729,0.000295061123325,0.000122960525914,0.000165277757333,0.000167206904734,0.000105404447822,0.0000808455006336,0.0000546603296243,0.0000317245685437,0.0000337541277986,0.000025900606488,0.0000237785970967,0.0000185812732525,0.0000185231310752,0.0000178840982699,0.0000124724374473,0.0000108579952212,0.00000976988940238,0.00000939814253798,0.00000753519088903,0.00000705119464328,0.0000049764630603,0.00000475728347737,0.00000438494998889,0.00000401088982471,0.00000322119967677,0.00000248257856583,0.00000200086810764,0.00000215310956264,0.00000250167499871,0.00000270264717983,0.00000258212253357,0.00000205242281481,0.0000010398196082,6.4174776071e-7,5.49200024125e-7,3.87996436757e-7],"dmean2":[0.000832419085782,0.000765621021856,0.00139758945443,0.00225099432282,0.000467957666842,0.000191194994841,0.000256857398199,0.000256779021583,0.00015861162683,0.000120022639749,0.0000810725541669,0.0000472268256999,0.0000523117159901,0.0000400707904191,0.0000364977240679,0.0000288884457404,0.0000281435804936,0.0000272326469712,0.0000190678947547,0.0000166694917425,0.0000153937762661,0.0000146826951095,0.0000120944596347,0.0000111453027785,0.00000802409431344,0.00000773816009314,0.00000688687214279,0.0000063581219365,0.00000501528484165,0.00000385101111533,0.00000300008946397,0.00000322665550812,0.0000037065556171,0.00000388943226426,0.00000356362625098,0.00000295542349704,0.00000151730330344,9.28513713916e-7,7.91281195234e-7,5.68775249121e-7],"dvar":[0.00000116893386348,7.44658109397e-7,0.0000020455208869,0.0000123896243167,2.6825466648e-7,4.86428959334e-8,1.20291247185e-7,1.50920968167e-7,6.52274678714e-8,3.41220705025e-8,1.88090982789e-8,5.81157033608e-9,9.47957268238e-9,4.33900249064e-9,5.12550402121e-9,1.78150738606e-9,2.57585797137e-9,1.99661442934e-9,1.09555109429e-9,1.2689015394e-9,5.2593845945e-10,5.49416456774e-10,1.73058026243e-10,1.37798050748e-10,7.26897847469e-11,6.98726493331e-11,6.17082496213e-11,6.48809964088e-11,4.48870905723e-11,2.95155323793e-11,2.57556736355e-11,3.61474634947e-11,6.55205056876e-11,8.1827350451e-11,7.68062835554e-11,5.60677337891e-11,1.15143025323e-11,3.15408246396e-12,1.8822879453e-12,6.7751468498e-13],"dvar2":[0.00000280793369711,0.00000201349325835,0.00000577590571993,0.0000345262560586,6.94639709309e-7,1.20944591231e-7,2.75987730447e-7,3.40520529107e-7,1.50790597786e-7,7.96931800551e-8,4.07168734284e-8,1.26680053114e-8,2.37898749589e-8,1.07363007373e-8,1.2012680628e-8,4.29920765654e-9,5.88073545416e-9,4.41155867392e-9,2.40009256913e-9,2.77712808305e-9,1.23549603881e-9,1.34897781834e-9,4.35245645081e-10,3.44331674285e-10,1.83979984025e-10,1.75506637001e-10,1.46092152264e-10,1.56373025639e-10,1.07069214605e-10,6.9551989168e-11,5.60254342918e-11,7.96256532931e-11,1.36172031984e-10,1.7100290628e-10,1.39512637554e-10,1.15463659467e-10,2.29288844855e-11,6.28431594957e-12,3.75506483546e-12,1.47952169179e-12],"max":[0.0128447031602,0.0132711362094,0.0152196213603,0.0384696051478,0.00744667695835,0.00633486220613,0.0109412474558,0.00926258321851,0.00537474779412,0.00400762213394,0.00398161401972,0.00303425337188,0.0032332225237,0.00213455199264,0.00250624446198,0.00116295437329,0.00159508083016,0.00119598943274,0.000884127861355,0.00127084378619,0.000722778611816,0.00107265147381,0.000274801423075,0.000347077206243,0.000158458584337,0.000133761626785,0.00021393460338,0.000174975706614,0.000111581146484,0.0000764649666962,0.000113441805297,0.000174905755557,0.000275626953226,0.000237083761021,0.000236424690229,0.000197395362193,0.0000803568837,0.0000418379604525,0.0000336158445862,0.0000219157154788],"mean":[0.000899760751054,0.000860006548464,0.00136816559825,0.00167780986521,0.000573179800995,0.000274157006061,0.000329121830873,0.000298308150377,0.000220246292884,0.000177909751073,0.000114660120744,0.0000679054428474,0.0000676229465171,0.0000510698992002,0.0000483085386804,0.0000377861979359,0.0000351732596755,0.0000356650234608,0.0000245015398832,0.0000202283899853,0.0000202143201022,0.0000200261238206,0.0000149338902702,0.0000135637174026,0.00000942320912145,0.00000885583176569,0.00000834033107822,0.00000693761785442,0.00000581087579121,0.00000412831923313,0.00000331030764755,0.00000362133096132,0.00000418187846662,0.00000445239447799,0.00000446149761046,0.00000349538595401,0.00000185294982202,0.00000113356054499,0.00000100162958461,7.61573801356e-7],"median":[0.000400131539209,0.00052953872364,0.000943528779317,0.000917318684515,0.000342627929058,0.000170639221324,0.000141347947647,0.000101770303445,0.0000704738486093,0.000055919674196,0.000037132340367,0.0000231676604017,0.0000172815052792,0.0000164277516888,0.0000162668438861,0.0000149337183757,0.0000101157920653,0.0000098633545349,0.0000078170796769,0.0000057320257838,0.00000880780498846,0.00000811416975921,0.0000076904279922,0.00000781896233093,0.00000575200920139,0.00000507270760863,0.00000414924534198,0.00000255776421909,0.00000212285021917,0.00000148528215504,9.37812842494e-7,9.09517552827e-7,8.10621031633e-7,7.78507342147e-7,7.74702130002e-7,7.30995452614e-7,4.46821530886e-7,3.1237686926e-7,3.38028740998e-7,3.51546248112e-7],"min":[1.5552372236e-23,8.50463368854e-24,8.15410965619e-24,1.00775166262e-23,6.53014718607e-24,5.15641218394e-24,8.13227556406e-24,6.48237337522e-24,8.59163479119e-24,1.40621035456e-23,2.0069437111e-23,6.896967507e-24,7.05966612439e-24,5.15444318712e-24,6.67529522605e-24,7.16006681839e-24,8.41200721877e-24,1.03997158189e-23,1.24057102148e-23,1.74815268466e-23,1.03767189458e-23,1.90544949812e-23,7.99473372093e-24,5.21962834144e-24,2.02779488255e-23,1.69745070102e-23,1.04605732823e-23,9.30173109047e-24,1.06984140563e-23,9.64174907329e-24,8.53498353415e-24,1.00191890397e-23,9.46648074622e-24,8.45073003403e-24,9.84759522675e-24,1.01339351693e-23,1.01948391755e-23,8.29909992399e-24,1.09632567503e-23,8.91227203929e-24],"var":[0.00000188473632079,0.00000111965891847,0.00000229547981689,0.00000911594179343,4.73522220545e-7,1.04879745777e-7,3.14544905677e-7,3.23587130424e-7,1.74143437448e-7,1.12085217552e-7,5.65063835722e-8,2.0924790789e-8,2.7978533268e-8,1.58769566383e-8,1.49471635069e-8,4.8211941106e-9,7.16623915764e-9,6.90915191726e-9,3.09731751358e-9,3.19908854962e-9,1.70565084279e-9,2.34518204856e-9,4.76328365639e-10,3.51828621792e-10,1.21280818721e-10,1.14204062873e-10,1.35843336579e-10,1.42887021659e-10,9.35204760855e-11,5.36854623256e-11,5.47205648849e-11,8.4468022854e-11,1.66483660191e-10,1.94248089835e-10,2.09381165184e-10,1.27528446137e-10,2.7812334033e-11,8.27511149881e-12,4.93871133225e-12,1.62023617179e-12]},"melbands_crest":{"dmean":3.01875686646,"dmean2":4.99574947357,"dvar":9.68092536926,"dvar2":26.1192359924,"max":38.8326377869,"mean":13.2847385406,"median":12.2825527191,"min":1.98910057545,"var":24.955121994},"melbands_flatness_db":{"dmean":0.0218888502568,"dmean2":0.0338601768017,"dvar":0.000507987744641,"dvar2":0.00119111791719,"max":0.547737896442,"mean":0.207468777895,"median":0.1955730021,"min":0.00458813318983,"var":0.00549885397777},"melbands_kurtosis":{"dmean":6.75701999664,"dmean2":10.943810463,"dvar":134.367324829,"dvar2":364.26348877,"max":417.935211182,"mean":15.4227266312,"median":10.1687278748,"min":-1.83900308609,"var":322.19229126},"melbands_skewness":{"dmean":0.667054057121,"dmean2":1.0484161377,"dvar":0.607142806053,"dvar2":1.53542101383,"max":15.1452722549,"mean":2.90872311592,"median":2.7076292038,"min":-1.23474860191,"var":2.43743181229},"melbands_spread":{"dmean":6.10765552521,"dmean2":9.23960494995,"dvar":99.3647537231,"dvar2":189.887390137,"max":203.441421509,"mean":21.742225647,"median":16.9970932007,"min":0.624274075031,"var":384.953735352},"mfcc":{"cov":[[11919.1982422,-439.641784668,278.666168213,117.346076965,-229.700195313,435.890960693,39.539226532,58.0415496826,84.8646392822,235.287780762,109.429367065,242.013961792,92.2940216064],[-439.641784668,1516.25964355,-364.343261719,-67.8840866089,103.032272339,-147.645645142,114.829795837,72.8545379639,24.4301147461,3.00145959854,57.0678749084,-6.86872911453,-40.7502059937],[278.666168213,-364.343261719,670.668212891,66.168762207,0.988649427891,198.259887695,-12.3663034439,21.2440853119,15.8403997421,-36.4520683289,-9.13895797729,36.4392280579,65.7368850708],[117.346076965,-67.8840866089,66.168762207,328.00012207,110.020553589,-17.8020401001,-34.1425018311,23.853509903,13.4637231827,-4.42947912216,-21.0385532379,0.332870990038,52.4750785828],[-229.700195313,103.032272339,0.988649427891,110.020553589,188.19241333,4.71051836014,-19.93450737,11.078962326,47.3349494934,3.83435988426,-12.3477487564,4.72528171539,22.6713867188],[435.890960693,-147.645645142,198.259887695,-17.8020401001,4.71051836014,233.108398438,46.4660873413,16.4023761749,27.4747009277,17.9952068329,14.6264429092,25.7134666443,16.0657062531],[39.539226532,114.829795837,-12.3663034439,-34.1425018311,-19.93450737,46.4660873413,165.263549805,54.0810012817,-4.83498477936,15.1532449722,29.4231548309,8.02265739441,-4.32624340057],[58.0415496826,72.8545379639,21.2440853119,23.853509903,11.078962326,16.4023761749,54.0810012817,128.444168091,36.8914451599,-2.98815107346,24.5334434509,11.7874298096,18.7457103729],[84.8646392822,24.4301147461,15.8403997421,13.4637231827,47.3349494934,27.4747009277,-4.83498477936,36.8914451599,115.319129944,33.1829338074,1.26383292675,25.0024204254,14.3365621567],[235.287780762,3.00145959854,-36.4520683289,-4.42947912216,3.83435988426,17.9952068329,15.1532449722,-2.98815107346,33.1829338074,113.008811951,25.1654148102,6.12631034851,-8.09893798828],[109.429367065,57.0678749084,-9.13895797729,-21.0385532379,-12.3477487564,14.6264429092,29.4231548309,24.5334434509,1.26383292675,25.1654148102,102.895584106,17.3779029846,-4.6582159996],[242.013961792,-6.86872911453,36.4392280579,0.332870990038,4.72528171539,25.7134666443,8.02265739441,11.7874298096,25.0024204254,6.12631034851,17.3779029846,85.4985733032,29.4998493195],[92.2940216064,-40.7502059937,65.7368850708,52.4750785828,22.6713867188,16.0657062531,-4.32624340057,18.7457103729,14.3365621567,-8.09893798828,-4.6582159996,29.4998493195,79.4946060181]],"icov":[[0.000105214654468,-0.0000105733379314,0.0000350849586539,-0.00012547406368,0.00023159806733,-0.000222425951506,0.0000923710540519,-0.0000408971282013,0.0000205129726965,-0.000192041086848,0.00000291082437798,-0.000251462304732,-0.00000996763537842],[-0.0000105733379314,0.000941797043197,0.000308693328407,0.000347386987414,-0.00083182239905,0.000555489677936,-0.000673870032188,-0.000281039800029,-0.0000930573878577,0.000260596832959,-0.000380629644496,-0.0000283645003947,0.000196593915462],[0.0000350849586539,0.000308693328407,0.00247864401899,-0.000420356082032,0.000339281803463,-0.00206597149372,0.000505483825691,-0.000301111867884,0.000015372861526,0.000883432803676,-0.0000393981536035,-0.000224131872528,-0.00106731033884],[-0.00012547406368,0.000347386987414,-0.000420356082032,0.00476554734632,-0.00306169339456,0.00118917890359,0.00032200088026,-0.00114490604028,0.00107565277722,-0.000451857456937,0.000383038917789,0.000841923814733,-0.0020840796642],[0.00023159806733,-0.00083182239905,0.000339281803463,-0.00306169339456,0.00882246159017,-0.00152387993876,0.000936584547162,0.000849732547067,-0.00312971556559,0.000151020940393,0.00039799202932,-0.000024296443371,-0.000700195960235],[-0.000222425951506,0.000555489677936,-0.00206597149372,0.00118917890359,-0.00152387993876,0.00762212416157,-0.00264210999012,0.000563570589293,-0.00115261122119,-0.000492390012369,-0.000494047359098,-0.000101386882307,0.000250307115493],[0.0000923710540519,-0.000673870032188,0.000505483825691,0.00032200088026,0.000936584547162,-0.00264210999012,0.00908113922924,-0.00403001112863,0.00244992296211,-0.00153062585741,-0.000280390522676,-0.000734597851988,0.000286550610326],[-0.0000408971282013,-0.000281039800029,-0.000301111867884,-0.00114490604028,0.000849732547067,0.000563570589293,-0.00403001112863,0.011905956082,-0.00490408577025,0.00249568093568,-0.00256392336451,0.00118758471217,-0.00192718300968],[0.0000205129726965,-0.0000930573878577,0.000015372861526,0.00107565277722,-0.00312971556559,-0.00115261122119,0.00244992296211,-0.00490408577025,0.0137373069301,-0.00446088192984,0.00197173701599,-0.00320693268441,-0.00000533582306161],[-0.000192041086848,0.000260596832959,0.000883432803676,-0.000451857456937,0.000151020940393,-0.000492390012369,-0.00153062585741,0.00249568093568,-0.00446088192984,0.0118354577571,-0.00298111164011,0.000913490599487,0.000805541116279],[0.00000291082437798,-0.000380629644496,-0.0000393981536035,0.000383038917789,0.00039799202932,-0.000494047359098,-0.000280390522676,-0.00256392336451,0.00197173701599,-0.00298111164011,0.0120352758095,-0.00274821161292,0.00122268940322],[-0.000251462304732,-0.0000283645003947,-0.000224131872528,0.000841923814733,-0.000024296443371,-0.000101386882307,-0.000734597851988,0.00118758471217,-0.00320693268441,0.000913490599487,-0.00274821161292,0.0158525295556,-0.00575798144564],[-0.00000996763537842,0.000196593915462,-0.00106731033884,-0.0020840796642,-0.000700195960235,0.000250307115493,0.000286550610326,-0.00192718300968,-0.00000533582306161,0.000805541116279,0.00122268940322,-0.00575798144564,0.0178607068956]],"mean":[-656.717163086,121.228988647,9.11414813995,26.8995952606,5.79787683487,-1.91637539864,-2.3997657299,2.3456966877,-6.38005685806,-0.344661980867,-2.64576268196,-3.30189061165,-4.25836515427]},"pitch_salience":{"dmean":0.062524728477,"dmean2":0.104550518095,"dvar":0.003931613639,"dvar2":0.011244119145,"max":0.96226888895,"mean":0.58466732502,"median":0.592114925385,"min":0.0573876164854,"var":0.00996023695916},"silence_rate_20dB":{"dmean":0,"dmean2":0,"dvar":0,"dvar2":0,"max":1,"mean":1,"median":1,"min":1,"var":0},"silence_rate_30dB":{"dmean":0.000438644579845,"dmean2":0.000877385376953,"dvar":0.000438488699729,"dvar2":0.00131545425393,"max":1,"mean":0.999780714512,"median":1,"min":0,"var":0.000219239838771},"silence_rate_60dB":{"dmean":0.00811492465436,"dmean2":0.0162316299975,"dvar":0.00804937444627,"dvar2":0.0205747708678,"max":1,"mean":0.0858552604914,"median":0,"min":0,"var":0.0784964039922},"spectral_centroid":{"dmean":238.474563599,"dmean2":365.807434082,"dvar":93077.6640625,"dvar2":194655.515625,"max":10891.7109375,"mean":1213.01550293,"median":1078.02392578,"min":217.064300537,"var":463008.53125},"spectral_complexity":{"dmean":3.39313530922,"dmean2":5.19872760773,"dvar":20.736989975,"dvar2":42.5996246338,"max":52,"mean":17.5758781433,"median":17,"min":0,"var":85.1457977295},"spectral_contrast_coeffs":{"dmean":[0.0513578690588,0.040932033211,0.0332939326763,0.0285226348788,0.0222012959421,0.0161261074245],"dmean2":[0.0846989229321,0.0668683797121,0.0531108342111,0.0454412102699,0.0349089019001,0.0258455947042],"dvar":[0.00248364731669,0.00123667065054,0.000780554139055,0.000593946431763,0.0004563331604,0.000254855927778],"dvar2":[0.00648922240362,0.00319284154102,0.00187362381257,0.00137210579123,0.000985206104815,0.000562865752727],"max":[-0.260396450758,-0.459435641766,-0.505688965321,-0.541984021664,-0.524050235748,-0.59761428833],"mean":[-0.601088762283,-0.713152348995,-0.749235391617,-0.762022972107,-0.77226215601,-0.778975963593],"median":[-0.60424643755,-0.714957475662,-0.756444573402,-0.76706135273,-0.77713561058,-0.778911590576],"min":[-0.985037505627,-0.970809340477,-0.988214731216,-0.961724579334,-0.960221707821,-0.959529399872],"var":[0.00737048778683,0.00526200374588,0.00545401591808,0.00410615559667,0.00309951859526,0.0015382230049]},"spectral_contrast_valleys":{"dmean":[0.357108533382,0.32021677494,0.285372823477,0.272024482489,0.292786389589,0.274671047926],"dmean2":[0.578274250031,0.516026139259,0.455912709236,0.424384951591,0.426044166088,0.341970324516],"dvar":[0.127707242966,0.100845217705,0.0847945809364,0.0912058055401,0.152298733592,0.128729000688],"dvar2":[0.281414330006,0.22615891695,0.173211380839,0.175173744559,0.292732924223,0.185666486621],"max":[-5.24066543579,-4.56211280823,-5.66417217255,-6.09526109695,-5.71019792557,-7.51377058029],"mean":[-7.36277580261,-6.97741937637,-7.83250761032,-8.25940227509,-7.93892049789,-10.3368434906],"median":[-6.97016620636,-6.66557121277,-7.48904418945,-7.93040657043,-7.59733772278,-9.87703514099],"min":[-27.4783382416,-26.8283939362,-27.211938858,-27.1364135742,-27.2533435822,-27.2622261047],"var":[2.75691056252,2.42896533012,2.43346905708,2.26941347122,2.51716899872,3.04707384109]},"spectral_decrease":{"dmean":2.28924723622e-9,"dmean2":3.73366937367e-9,"dvar":1.82042997535e-17,"dvar2":4.83658724558e-17,"max":3.18389339639e-25,"mean":-6.22402440698e-9,"median":-5.51001511084e-9,"min":-4.478538429e-8,"var":2.34319885806e-17},"spectral_energy":{"dmean":0.00902676768601,"dmean2":0.0146417850628,"dvar":0.000279426691122,"dvar2":0.000737738329917,"max":0.175882890821,"mean":0.0252330452204,"median":0.022408047691,"min":1.06434759212e-20,"var":0.000373555056285},"spectral_energyband_high":{"dmean":0.00047388713574,"dmean2":0.000634179275949,"dvar":0.00000118144396311,"dvar2":0.00000202584647013,"max":0.023413984105,"mean":0.00103250530083,"median":0.000363381375792,"min":7.4985667362e-21,"var":0.0000041559615056},"spectral_energyband_low":{"dmean":0.002709106775,"dmean2":0.00431117927656,"dvar":0.0000229875495279,"dvar2":0.000056741078879,"max":0.0619055591524,"mean":0.005886613857,"median":0.00403900025412,"min":6.82536402258e-23,"var":0.0000423803503509},"spectral_energyband_middle_high":{"dmean":0.00106850382872,"dmean2":0.00157470384147,"dvar":0.00000257302599493,"dvar2":0.0000056548901739,"max":0.0340838506818,"mean":0.00380824110471,"median":0.00251313135959,"min":1.77647457083e-21,"var":0.0000176473677129},"spectral_energyband_middle_low":{"dmean":0.00715243909508,"dmean2":0.0119061451405,"dvar":0.000236967098317,"dvar2":0.000644688319881,"max":0.164707764983,"mean":0.0155752385035,"median":0.0124070551246,"min":3.21919872816e-22,"var":0.000240513050812},"spectral_entropy":{"dmean":0.151604965329,"dmean2":0.217704802752,"dvar":0.0293803662062,"dvar2":0.0570915415883,"max":9.80478858948,"mean":7.44633197784,"median":7.53715896606,"min":4.47915840149,"var":0.383398622274},"spectral_flux":{"dmean":0.0233803912997,"dmean2":0.0369399935007,"dvar":0.00115142576396,"dvar2":0.00237132562324,"max":0.364402830601,"mean":0.0739416927099,"median":0.066683113575,"min":1.03167224763e-10,"var":0.00242763757706},"spectral_kurtosis":{"dmean":1.72815918922,"dmean2":2.91767144203,"dvar":10.3878860474,"dvar2":33.2929649353,"max":87.6009521484,"mean":6.16455793381,"median":4.50117015839,"min":-1.23369812965,"var":70.099937439},"spectral_rms":{"dmean":0.000771089631598,"dmean2":0.00120715633966,"dvar":0.0000012898993873,"dvar2":0.00000320303456647,"max":0.0130993537605,"mean":0.00457143131644,"median":0.00467562954873,"min":3.22240259649e-12,"var":0.00000371952842215},"spectral_rolloff":{"dmean":459.770294189,"dmean2":764.96081543,"dvar":825857.375,"dvar2":1679999.5,"max":19422.9492188,"mean":1382.97998047,"median":839.794921875,"min":21.533203125,"var":2512198},"spectral_skewness":{"dmean":0.221070721745,"dmean2":0.351544708014,"dvar":0.0794539153576,"dvar2":0.217713803053,"max":7.67043876648,"mean":1.72650909424,"median":1.66020464897,"min":-0.18794618547,"var":0.705387473106},"spectral_spread":{"dmean":484896.625,"dmean2":672922.5625,"dvar":403425198080,"dvar2":650059382784,"max":41115392,"mean":4969113,"median":5063792,"min":1137363.375,"var":2735215476740},"spectral_strongpeak":{"dmean":0.404658079147,"dmean2":0.686729073524,"dvar":0.424545437098,"dvar2":1.05669426918,"max":10.8250646591,"mean":0.800412893295,"median":0.477520912886,"min":0,"var":0.86055546999},"zerocrossingrate":{"dmean":0.0107305683196,"dmean2":0.0124818570912,"dvar":0.000183539566933,"dvar2":0.000200710768695,"max":0.513671875,"mean":0.0641124546528,"median":0.0556640625,"min":0.00341796875,"var":0.00160818512086}},"metadata":{"audio_properties":{"analysis_sample_rate":44100,"bit_rate":247462,"codec":"mp3","downmix":"mix","equal_loudness":0,"length":211.722442627,"lossless":false,"md5_encoded":"3d97edf2da9421287f5da71bbb1b9392","replay_gain":-11.7428455353,"sample_rate":44100},"tags":{"acoustid_fingerprint":["AQADtEoSKUqijFkCX6isDj1heXFRJ4_wzMb1g8eUHnV64adw3Mrwo2KSo6kzIc8OnciDJ8pQPmh6bbjZoeINPz-eoVFY7GQFKhdmKQn0JAmPe8EVOI-K8xm-4dGPKZEOBjvCQ8uPHL1kOImkJC8c8sARiESOozrW5WC0mxomH8lJhJ8WoXmSTMI_EXuO8-Cuo_mJsj_yTMf-QPSRT9nxasMdTOnRJ_1wHvSOPC3kUEe3E2FuBn88ZKpz6DvmFnke4lMp1OqRPjo0XxryRLhXNEEjl8e_4KQiZcibQxyFPBaeC69arNPhDN9xcTeSh0eO4yI4JmETNJqkBf2O5FaOeKMEVgrecDOuJQyeCFZ5sAwf_EhiZUf0FF3ga02ISp0VBU_yoOkF9vAuBXv6oBrRocmVIj--LIfYlIi-Eccz40yK7OnRhDwULR-UXTl-ZD9Gtfie4rnQPEefRMc3IacU6Mcv7FEmDXmaDl0QZs6hR8iDUSee43rgB6eSI_mCPAlwBd9yJbiIbmkkRMqRfAqPZzmuL7iyVDhdtDnBJD6DdyvxpMflIy8h58lIOM4c4Ur0oFoOZeONVF481DrG9kJ4SMmi5IglHcwVozl54Tu-HZ-yHCc6RSkah5GS45Ky43YTfEU_ZEkeqJKI_PhxPUHTD1WaHN-Hv8Mj8cijEYmuFc1loq1EgScZCjEVEvqOeLGP5ih9fEFycUfMhMeT40xw57iKeUx2NKwQ6khuvCEj3C58XLgU5ZikNRcyacqHZFKGXiqOWlGFK9GF9sitrOgpDo8OJj2qY_2PUVIWaDmP0MnBrxSOH22Uw02Hnhnyw8lTCtnE4viH8qA0mUWrE5clXNFx6chxecaThE1wNkSYG6WDtwe9vLj0BM9SXIJv0EuQL3mgkkK-BL-Fc_gj4puOPWGGw3mGX7g-jJViIX-KXmEGLd3xRsQtCj6-LMVj_IyEJjs67uB05Hgz9MqwjUfL48MfHj0Fhzq6qccT_MO1BGUjtPmKp7hu_EOTXEcfJUEuQceR88EbBe7y4o3xbviL53g59PPw7LDWEGUznAyRy86RtEX9oTouPcGlPegjRMp1QfmJi7mhfjjCCxdMFZOdmPhiIvyRLCMTo958-MfXDD-5oaJJHNekI5k4toj8C0-iC71wEifxC-Ub-D16ISePtyEuUah7pM_hnyh1fDpqX_CMI72SBu6uoTwupbiOsBOJZnLwx8J_IS_0LLvQDKHD4xSaowhZGqL2Ibq0o9aHu_iPx8OnI0wObe0RO0fTHNeJnSX2414Pu3kEplFq5ISmNESTIz-PVyS-ergilN3hE2a-g5F6dFOWw8py1Cf2BPHG1eh76MkS4sht9MH5IdeY48w86DeeIQ8V5miyBX2OnxKe5Kj1oRl74sfFHhfehKizw88evDyeH_HK4gp05jjSZzn8Bn2W451wvsF14dKJ8PrxhhB__DBzwtaxH2FHD7-FIz9YSrnRUEGpFs-Cy_ihZdJJhJoeg4xE_DP6Hh75YM9upE2g0cqRZ8c1CqZiPMtxPeiPJjyRd4eeHJ-guTuaJx_ObfizQ