{"lowlevel":{"average_loudness":0.827137887478,"barkbands":{"dmean":[0.0010582737159,0.00368421827443,0.000839100976009,0.000493716972414,0.00171519792639,0.00141012179665,0.00141133589204,0.00085872708587,0.00111590442248,0.001233853749,0.000702727586031,0.000610693881754,0.000504874624312,0.00022432168771,0.000252914789598,0.000214871761273,0.000145031648572,0.0000750475519453,0.0000594670709688,0.0000631633665762,0.0000468316247861,0.000024033286536,0.0000213017319766,0.0000158789262059,0.0000035336295241,0.0000117111731015,0.000179502079845],"dmean2":[0.00173513230402,0.00604514405131,0.00138023053296,0.000837514176965,0.00279907369986,0.00227336026728,0.00232683354989,0.00140487460885,0.00185354240239,0.0020517995581,0.00115198013373,0.00100941490382,0.000841252855025,0.000372112059267,0.000416075345129,0.000352839560946,0.000231726109632,0.000116102695756,0.0000895081757335,0.0000917200304684,0.0000656750999042,0.0000330173534167,0.0000272471224889,0.0000205628184631,0.00000510487552674,0.0000136121370815,0.000250238867011],"dvar":[0.0000118048865261,0.0000745945581002,0.00000203112745112,7.15937289897e-7,0.0000142245453389,0.0000090813900897,0.0000127918356156,0.0000053084281717,0.0000081839689301,0.00000919467402127,0.0000040102318053,0.00000136828748509,9.44749672271e-7,1.92012791445e-7,2.02121981374e-7,1.58915312909e-7,9.07452388788e-8,2.33623946855e-8,1.35218618524e-8,2.6482322113e-8,2.80834591138e-8,3.15473047685e-9,4.76136419181e-9,3.01766700517e-9,7.58027945968e-11,1.13077047725e-9,9.13151509963e-8],"dvar2":[0.0000295000772894,0.000197884291993,0.00000531193472852,0.00000191118101611,0.0000361351849278,0.0000218046352529,0.000034631069866,0.0000132620880322,0.0000222270573431,0.0000238330994762,0.0000101696932688,0.00000360352623829,0.00000249358549809,5.13041584327e-7,5.23560572674e-7,4.16978906514e-7,2.24184532271e-7,5.6572435625e-8,3.13456141043e-8,5.4192913268e-8,5.41203171167e-8,5.82763215462e-9,7.95532262288e-9,5.04550268232e-9,1.41607892079e-10,1.52818091514e-9,2.01461787697e-7],"max":[0.0860468149185,0.156582757831,0.022202372551,0.0165420081466,0.0841218233109,0.0861129462719,0.0760310962796,0.0964684188366,0.0516257733107,0.0721387043595,0.0579247139394,0.0342293716967,0.0260916873813,0.0098674511537,0.0105110760778,0.00989413727075,0.00716787949204,0.00455085141584,0.0030978906434,0.0055805738084,0.00784978922457,0.00112944364082,0.00118179013953,0.00102269940544,0.000187502897461,0.00079217844177,0.011646322906],"mean":[0.00114229938481,0.0047053322196,0.00109387072735,0.000629230868071,0.00245712534525,0.00211268803105,0.00203648838215,0.00120372581296,0.00166066037491,0.00178671104368,0.00100565131288,0.000964862760156,0.000827775045764,0.000395427836338,0.000475776323583,0.000414162728703,0.000277840299532,0.000160846364452,0.000130808999529,0.00014130512136,0.0000947920052567,0.0000454842775071,0.0000308668204525,0.0000203029649128,0.00000420397145717,0.0000179056314664,0.000632744515315],"median":[0.000216133572394,0.00197201315314,0.000508522847667,0.000290034717182,0.000931944290642,0.00073037709808,0.000434629269876,0.000336702505592,0.000439769035438,0.00039534366806,0.000303002103465,0.000516839907505,0.000407383398851,0.000191063125385,0.000260767439613,0.000216686807107,0.0000968381064013,0.0000515256324434,0.0000466666024295,0.0000490730017191,0.0000239953369601,0.000011217397514,0.00000315395936923,0.00000161924072017,8.21310322863e-7,0.00000229835177379,0.000317460508086],"min":[6.05384559327e-24,1.80130345033e-23,9.58304125586e-24,8.57697854444e-24,3.74531846484e-23,1.25953050447e-23,1.27568093267e-23,4.17019484632e-23,8.87086394151e-23,9.09333155203e-23,5.3790746431e-23,1.05779482119e-22,6.86264937549e-23,5.05573854408e-23,9.9740057692e-23,9.69298637794e-23,1.44533517333e-22,3.5768662431e-22,3.23757653667e-22,2.96147597715e-22,3.50361476514e-22,5.70274793283e-22,6.134088493e-22,7.60815625241e-22,1.59963290802e-21,1.82537596999e-21,2.26961759927e-21],"var":[0.0000126132536025,0.0000770900805946,0.00000282432074528,9.78171556199e-7,0.00002292024692,0.0000170001658262,0.0000221083264478,0.00000913806979952,0.0000139994899655,0.0000149031193359,0.00000658216777083,0.00000217703836825,0.00000165862945778,3.55498002591e-7,4.42864092065e-7,3.41063412179e-7,2.219437647e-7,7.91359155983e-8,4.70359147187e-8,9.16226738923e-8,7.51839976942e-8,8.45872794031e-9,9.15085518471e-9,5.10264364095e-9,1.16977802445e-10,2.68615774068e-9,8.10892288428e-7]},"barkbands_crest":{"dmean":2.90377020836,"dmean2":4.78896617889,"dvar":6.58489561081,"dvar2":16.7065963745,"max":23.7477874756,"mean":8.78663825989,"median":7.90760660172,"min":2.2284553051,"var":14.9543466568},"barkbands_flatness_db":{"dmean":0.0214120037854,"dmean2":0.0330830775201,"dvar":0.000374755472876,"dvar2":0.000875065627042,"max":0.31150996685,"mean":0.120501868427,"median":0.118271149695,"min":0.0201268251985,"var":0.00173013668973},"barkbands_kurtosis":{"dmean":2.6710460186,"dmean2":4.32949113846,"dvar":23.93085289,"dvar2":66.8562545776,"max":129.549606323,"mean":4.63100147247,"median":2.59082531929,"min":-1.84324276447,"var":49.6943969727},"barkbands_skewness":{"dmean":0.488786250353,"dmean2":0.766845226288,"dvar":0.263495385647,"dvar2":0.670623242855,"max":9.55916118622,"mean":1.54986047745,"median":1.39831233025,"min":-3.08353114128,"var":1.14640545845},"barkbands_spread":{"dmean":6.86303043365,"dmean2":10.4288597107,"dvar":48.7056732178,"dvar2":104.719978333,"max":117.891716003,"mean":30.8855056763,"median":26.8763103485,"min":2.08202981949,"var":322.761779785},"dissonance":{"dmean":0.0194604042917,"dmean2":0.033503819257,"dvar":0.000398935429985,"dvar2":0.00112588866614,"max":0.500000119209,"mean":0.468024820089,"median":0.47756499052,"min":0.284227102995,"var":0.000910749018658},"dynamic_complexity":7.39252662659,"erbbands":{"dmean":[0.157769709826,0.670378565788,1.02500498295,1.15563035011,2.70093917847,6.97553634644,10.3841619492,13.1811199188,17.3357753754,18.2649517059,17.8808689117,27.0482692719,33.1652832031,33.3441314697,22.7742500305,24.4943809509,22.3639354706,11.6428375244,11.9128723145,13.1204185486,9.9393119812,7.44983243942,4.24263572693,3.41978526115,2.7171216011,3.06252670288,2.47951340675,1.3775588274,0.917815804482,0.716306507587,0.574151217937,0.412286013365,0.218367651105,0.0631178244948,0.0158710796386,0.0233968291432,0.0258383154869,0.0165575928986,0.00924227945507,0.00454346230254],"dmean2":[0.262752950191,1.09396541119,1.66214978695,1.94622445107,4.5457906723,11.536488533,16.7235393524,21.1494579315,28.8717594147,29.997543335,28.8806552887,44.761920929,55.5512886047,54.1122131348,37.07264328,40.6785736084,37.0607910156,19.1731758118,19.443775177,21.4107284546,15.9188203812,11.7736845016,6.56785345078,5.17908430099,4.044526577,4.50485610962,3.468572855,1.94012272358,1.25832355022,0.94677734375,0.749531924725,0.529273509979,0.287580549717,0.0874561369419,0.0239549428225,0.030472997576,0.0299170222133,0.0192981828004,0.010990655981,0.0062637985684],"dvar":[0.211128428578,1.73948311806,3.38931965828,3.34844112396,27.4622821808,274.706298828,570.002502441,900.590148926,2421.37817383,1961.60900879,2520.46630859,5508.91308594,7742.87304688,6934.31103516,3623.50708008,2346.66699219,1888.67468262,533.920349121,490.354827881,567.762084961,355.47845459,242.21963501,69.7680511475,50.1381454468,31.1791191101,63.667011261,106.044769287,14.4024753571,4.45938396454,4.21964502335,3.62029027939,2.02902412415,0.570558071136,0.0344666205347,0.000880197621882,0.00417690584436,0.00573114026338,0.00169478484895,0.000313308526529,0.0000527290649188],"dvar2":[0.571478009224,4.56124258041,8.52479171753,8.74769973755,73.0964126587,719.013061523,1398.63183594,2191.79858398,6573.04199219,5299.88037109,6209.96630859,15057.1269531,20909.375,17193.4375,9016.29785156,6292.42724609,4979.70507812,1387.93823242,1327.31494141,1426.56567383,898.871582031,609.972839355,170.470916748,116.24281311,69.9490356445,141.670959473,210.152114868,27.190366745,8.23646354675,7.44310283661,6.19031381607,3.40479850769,0.990529716015,0.0609602443874,0.00178964319639,0.00657152570784,0.00786844547838,0.00228229374625,0.00052472401876,0.000110335771751],"max":[8.32163619995,20.880317688,29.603635788,36.4956016541,122.190101624,304.009185791,613.362670898,754.04888916,1358.16027832,956.594421387,2565.10375977,1440.79577637,2649.98364258,2250.95996094,1957.78540039,1512.26367188,1376.2454834,564.601501465,544.330566406,874.894104004,602.200134277,391.482147217,176.302139282,225.804672241,177.675460815,267.536254883,566.729736328,118.954917908,44.599899292,39.5651321411,30.1339454651,24.7614803314,14.4817457199,3.71021032333,0.426178663969,1.24353587627,1.59746456146,0.912945508957,0.670683205128,0.275934726],"mean":[0.181397631764,0.871918678284,1.40108418465,1.67854177952,3.68054318428,9.25266170502,14.5633611679,19.5255298615,25.544084549,28.5254440308,27.7885055542,40.4976997375,51.6871986389,52.4731025696,36.9309654236,40.6243972778,38.7554512024,22.0606784821,23.285068512,26.1484527588,20.8100166321,15.1971511841,9.30051326752,7.64906263351,6.25499582291,6.72940635681,5.16125440598,2.84851503372,1.75473046303,1.15454518795,0.824006795883,0.545918166637,0.267411381006,0.0756890326738,0.0191502682865,0.0309696663171,0.0394198931754,0.0343460664153,0.0287678055465,0.0189251098782],"median":[0.0590472556651,0.363297820091,0.674600720406,0.938003897667,1.69733262062,2.98240232468,4.84245109558,6.24743080139,6.22712993622,7.26202774048,7.98454332352,10.3297901154,11.815662384,13.600812912,15.3147211075,22.6856040955,20.3151187897,11.3682823181,12.7815876007,14.2891159058,10.3318300247,5.67143154144,3.25478649139,2.63578939438,2.26629734039,2.34700107574,1.4475312233,0.741270542145,0.448163092136,0.184407025576,0.0823387056589,0.0444980114698,0.0203116051853,0.0104013681412,0.00529918540269,0.00496157677844,0.0047464016825,0.00658339913934,0.00914652366191,0.0109949819744],"min":[3.0948863664e-22,5.02374049036e-21,9.7361726881e-21,2.60050591938e-20,9.3308661433e-20,1.14219787318e-19,6.58227421475e-20,1.62819763158e-19,1.9680020055e-19,3.15681771005e-19,1.39830622572e-18,1.67452509671e-18,3.51464823653e-18,2.03922458268e-18,2.217750218e-18,4.550331303e-18,2.73097504945e-18,3.37303781079e-18,4.26636805693e-18,5.1907531448e-18,5.52076222686e-18,9.16932107839e-18,1.94625390725e-17,1.44750916194e-17,1.57565813311e-17,1.2790185923e-17,1.64496759663e-17,1.59567424957e-17,2.14276439296e-17,1.4397900779e-17,1.81086710572e-17,1.43826409511e-17,1.42364450496e-17,1.64389176553e-17,1.18282245014e-17,6.69462126517e-18,3.28413533368e-18,1.4698833015e-18,3.50269604536e-19,2.76626935984e-20],"var":[0.189928814769,2.05662488937,4.87635660172,5.25159978867,39.6486549377,409.234954834,887.52722168,1739.59753418,4049.58300781,3656.26269531,4907.80029297,9097.19042969,12848.2021484,12997.2021484,6162.42578125,3663.12719727,3335.90283203,1008.62042236,1076.71984863,1311.21813965,890.955810547,621.686096191,235.497253418,183.306182861,111.311256409,207.140075684,263.506896973,45.569519043,12.5861730576,8.77319717407,6.71443128586,3.51285457611,0.915119290352,0.0541606731713,0.0013674555812,0.0079535888508,0.0135081419721,0.00554173486307,0.00272751809098,0.000532648700755]},"erbbands_crest":{"dmean":2.50366997719,"dmean2":4.19310379028,"dvar":5.59310531616,"dvar2":15.0313930511,"max":30.9060840607,"mean":8.15781593323,"median":7.24080944061,"min":2.25546813011,"var":13.4465732574},"erbbands_flatness_db":{"dmean":0.0193439349532,"dmean2":0.0292339324951,"dvar":0.000287475180812,"dvar2":0.000637950433884,"max":0.302641421556,"mean":0.158455491066,"median":0.158063054085,"min":0.0409303754568,"var":0.00173458340578},"erbbands_kurtosis":{"dmean":0.956207811832,"dmean2":1.55951583385,"dvar":1.46093976498,"dvar2":3.58150482178,"max":34.6665496826,"mean":0.867299973965,"median":0.38229060173,"min":-1.92505371571,"var":4.21005535126},"erbbands_skewness":{"dmean":0.334546387196,"dmean2":0.529650986195,"dvar":0.0889376401901,"dvar2":0.220687106252,"max":4.88100337982,"mean":0.189725905657,"median":0.0848053023219,"min":-4.93920755386,"var":0.569395065308},"erbbands_spread":{"dmean":5.46211528778,"dmean2":8.51896286011,"dvar":33.4972114563,"dvar2":74.2085571289,"max":180.170715332,"mean":25.616394043,"median":22.5146903992,"min":3.42242789268,"var":233.383911133},"gfcc":{"cov":[[31432.9335938,2210.76635742,-1672.87548828,1129.66662598,854.595703125,-1223.79736328,1443.18078613,-1387.53234863,923.465576172,-581.461914062,114.485527039,21.3405284882,-444.018310547],[2210.76635742,1518.46069336,-189.778259277,-264.906921387,332.28704834,-232.768417358,146.331832886,-166.289260864,187.023956299,-58.3230819702,84.1785430908,-96.3795394897,84.1620025635],[-1672.87548828,-189.778259277,432.198486328,69.2400741577,-99.7355117798,214.557662964,-210.338027954,131.047637939,-54.7580070496,63.8456039429,-2.09912610054,4.17809200287,-39.138961792],[1129.66662598,-264.906921387,69.2400741577,382.708770752,83.5355987549,12.5940275192,101.27570343,-78.2964401245,-20.8443050385,-25.1919212341,-20.2081241608,14.9053478241,-82.4013748169],[854.595703125,332.28704834,-99.7355117798,83.5355987549,391.60144043,-18.5643787384,159.937423706,-106.247947693,44.245223999,-75.0561981201,27.2404899597,-25.7806282043,-5.34734153748],[-1223.79736328,-232.768417358,214.557662964,12.5940275192,-18.5643787384,348.021270752,-96.048248291,136.182449341,-71.5076217651,13.0093851089,-5.9557466507,33.801322937,9.7254781723],[1443.18078613,146.331832886,-210.338027954,101.27570343,159.937423706,-96.048248291,318.772216797,-76.7284011841,53.9639701843,-48.3479690552,2.44473075867,15.6595048904,12.0862951279],[-1387.53234863,-166.289260864,131.047637939,-78.2964401245,-106.247947693,136.182449341,-76.7284011841,201.531356812,0.089471437037,67.412651062,8.9903345108,13.4474391937,29.3484516144],[923.465576172,187.023956299,-54.7580070496,-20.8443050385,44.245223999,-71.5076217651,53.9639701843,0.089471437037,164.420669556,33.3623771667,36.8786697388,-1.08612203598,-22.6148509979],[-581.461914062,-58.3230819702,63.8456039429,-25.1919212341,-75.0561981201,13.0093851089,-48.3479690552,67.412651062,33.3623771667,97.2876434326,27.4546012878,8.19092750549,12.0856218338],[114.485527039,84.1785430908,-2.09912610054,-20.2081241608,27.2404899597,-5.9557466507,2.44473075867,8.9903345108,36.8786697388,27.4546012878,57.8456840515,16.0022983551,8.73223781586],[21.3405284882,-96.3795394897,4.17809200287,14.9053478241,-25.7806282043,33.801322937,15.6595048904,13.4474391937,-1.08612203598,8.19092750549,16.0022983551,62.3384628296,20.7497348785],[-444.018310547,84.1620025635,-39.138961792,-82.4013748169,-5.34734153748,9.7254781723,12.0862951279,29.3484516144,-22.6148509979,12.0856218338,8.73223781586,20.7497348785,97.3955078125]],"icov":[[0.000106339415652,-0.000208053708775,0.000393746042391,-0.000498503155541,0.000349233887391,-0.000173790438566,0.0000180667993845,0.000252680765698,-0.000487466575578,0.000452924374258,-0.000178826914635,-0.000189716156456,0.000246254814556],[-0.000208053708775,0.00272242981009,-0.00274102506228,0.00287609407678,-0.00120802700985,0.000677481526509,-0.00133200641721,0.00209972565062,-0.00159137288574,0.00113004550803,-0.00247174827382,0.00452150404453,-0.00382201280445],[0.000393746042391,-0.00274102506228,0.00954655464739,-0.00567529723048,0.00133653730154,-0.0029045632109,0.00474428245798,-0.00339054130018,0.000905350141693,-0.00197923509404,0.00162073085085,-0.00383324781433,0.00512193050236],[-0.000498503155541,0.00287609407678,-0.00567529723048,0.00953427422792,-0.0030297297053,0.00126206385903,-0.00407407712191,0.00305019970983,0.00207152194344,-0.00283318990842,0.000779780326411,0.00106911861803,0.000856828351971],[0.000349233887391,-0.00120802700985,0.00133653730154,-0.0030297297053,0.00699301250279,-0.00263712764718,-0.00169014034327,0.00260172830895,-0.0029643769376,0.00511481892318,-0.00527945300564,0.0037885773927,-0.000973967486061],[-0.000173790438566,0.000677481526509,-0.0029045632109,0.00126206385903,-0.00263712764718,0.00697089033201,0.000404450722272,-0.00434466777369,0.00253541674465,0.000920848862734,0.00120169133879,-0.0034332384821,0.0000391018002119],[0.0000180667993845,-0.00133200641721,0.00474428245798,-0.00407407712191,-0.00169014034327,0.000404450722272,0.0084998337552,-0.00342274550349,-0.000400489545427,-0.00000929800171434,0.00317048025317,-0.00459015183151,0.000138271410833],[0.000252680765698,0.00209972565062,-0.00339054130018,0.00305019970983,0.00260172830895,-0.00434466777369,-0.00342274550349,0.0157503373921,-0.00575260771438,-0.0012029837817,-0.00326183671132,0.00624904222786,-0.0054143727757],[-0.000487466575578,-0.00159137288574,0.000905350141693,0.00207152194344,-0.0029643769376,0.00253541674465,-0.000400489545427,-0.00575260771438,0.0159968435764,-0.00912637636065,0.0010316882981,-0.00576448952779,0.0086189545691],[0.000452924374258,0.00113004550803,-0.00197923509404,-0.00283318990842,0.00511481892318,0.000920848862734,-0.00000929800171434,-0.0012029837817,-0.00912637636065,0.0260085389018,-0.0129510816187,0.0063908630982,-0.00709836464375],[-0.000178826914635,-0.00247174827382,0.00162073085085,0.000779780326411,-0.00527945300564,0.00120169133879,0.00317048025317,-0.00326183671132,0.0010316882981,-0.0129510816187,0.0335910879076,-0.0155359208584,0.00495608290657],[-0.000189716156456,0.00452150404453,-0.00383324781433,0.00106911861803,0.0037885773927,-0.0034332384821,-0.00459015183151,0.00624904222786,-0.00576448952779,0.0063908630982,-0.0155359208584,0.0340972840786,-0.0141734331846],[0.000246254814556,-0.00382201280445,0.00512193050236,0.000856828351971,-0.000973967486061,0.0000391018002119,0.000138271410833,-0.0054143727757,0.0086189545691,-0.00709836464375,0.00495608290657,-0.0141734331846,0.0244903136045]],"mean":[-55.082447052,95.2160110474,-102.654190063,-14.9304599762,-16.2072563171,-14.7434616089,-3.77101874352,-15.2094182968,-2.29582643509,-5.7807803154,-2.69527792931,-2.88850808144,1.2137234211]},"hfc":{"dmean":34.7495384216,"dmean2":52.0154953003,"dvar":3259.07177734,"dvar2":7834.42480469,"max":1109.39074707,"mean":111.630805969,"median":78.0157089233,"min":1.18944548679e-16,"var":12498.9482422},"melbands":{"dmean":[0.00119879527483,0.00061956391437,0.000227520475164,0.000318132952088,0.000364971609088,0.000287627161015,0.000272456381936,0.000191626648302,0.000140887554153,0.000179780850885,0.000173335487489,0.000144486839417,0.0000860722866491,0.0000643805906293,0.0000768274258007,0.0000398494375986,0.0000217899523705,0.0000202961946343,0.0000192648658413,0.0000171683768713,0.0000121102175399,0.00000918682690099,0.0000049379423217,0.00000370371776626,0.00000295446739074,0.00000233799164562,0.00000208074652619,0.00000221216032514,0.00000182405153737,0.00000117887759643,7.71727854953e-7,5.70870554384e-7,4.45638647761e-7,4.01776077297e-7,3.31793188479e-7,3.27553436819e-7,2.31720775901e-7,1.71175145169e-7,9.54898808914e-8,3.94998487252e-8],"dmean2":[0.00197109207511,0.000997542985715,0.00037868443178,0.000531462486833,0.000586429552641,0.000462415191578,0.000450014136732,0.00031491369009,0.000228763965424,0.000298508646665,0.00029049027944,0.000235650775721,0.000139654264785,0.000106216488348,0.000129561929498,0.000066017768404,0.0000361673119187,0.0000335973491019,0.0000317014673783,0.0000283291337837,0.000019511931896,0.000014746904526,0.00000780647496867,0.00000581069161854,0.00000459343118564,0.00000357924272976,0.00000318942807098,0.00000335922504746,0.00000260404704022,0.00000172567035861,0.00000112416137199,8.14302609342e-7,6.22265474703e-7,5.41901158613e-7,4.45936791493e-7,4.31471306683e-7,3.0254483363e-7,2.28686459991e-7,1.29546776861e-7,5.67796618611e-8],"dvar":[0.0000100503766589,0.00000123457209611,1.35517950639e-7,4.94984021771e-7,7.0166788646e-7,3.96381608425e-7,5.16150862495e-7,2.11810061046e-7,1.41138386311e-7,2.40914147298e-7,2.06742640785e-7,1.27122405047e-7,5.80328745059e-8,1.68898903752e-8,2.16611475423e-8,7.8319786212e-9,1.88017779124e-9,1.51890788835e-9,1.23426047161e-9,9.65351243387e-10,5.72526803744e-10,3.96061461405e-10,1.04964183179e-10,6.28170224171e-11,3.92388413428e-11,2.2806156269e-11,2.4188595571e-11,3.61326038534e-11,6.47575743029e-11,1.49088137669e-11,4.25815806226e-12,1.69321241056e-12,1.35165403176e-12,1.57661080372e-12,1.22268297917e-12,1.2888939048e-12,6.74652391244e-13,3.66883986299e-13,9.96010050694e-14,1.17501630171e-14],"dvar2":[0.0000266389015451,0.00000312522251988,3.55091174242e-7,0.00000129800764626,0.00000172238242158,9.70778501141e-7,0.00000139412486533,5.63617675198e-7,3.5189188452e-7,6.55979079056e-7,5.56676468477e-7,3.15620610536e-7,1.47265453165e-7,4.30871445189e-8,5.96380260731e-8,2.08468193819e-8,4.93954299685e-9,4.17430490174e-9,3.22300541811e-9,2.50494247567e-9,1.47001999462e-9,1.00396335689e-9,2.68115862845e-10,1.5950535337e-10,9.38029862119e-11,5.43797541719e-11,5.74844546963e-11,8.18800582891e-11,1.32523422791e-10,3.12663020474e-11,8.89094874112e-12,3.35965131583e-12,2.64581694227e-12,2.9283164435e-12,2.20041541411e-12,2.294961313e-12,1.18691449898e-12,6.60508973904e-13,1.80160004753e-13,2.23294266513e-14],"max":[0.0585404150188,0.0206488072872,0.00784474983811,0.0163373798132,0.0201515890658,0.0147931836545,0.0179298799485,0.00876071304083,0.0181338954717,0.00807017367333,0.0133457845077,0.00863389950246,0.00891854520887,0.00458122510463,0.00291140959598,0.00282176840119,0.000825749593787,0.00105095270555,0.000798322609626,0.000916323566344,0.000683178775944,0.000480445567518,0.000242521899054,0.000230495686992,0.000205072487006,0.000127340812469,0.000135344467708,0.000215247942833,0.000439465191448,0.000146174541442,0.0000581470885663,0.0000314562821586,0.0000240760873567,0.0000261006443907,0.0000186084671441,0.0000206277800316,0.0000164968478202,0.0000116654491649,0.00000522925347468,0.00000253977850662],"mean":[0.00151326693594,0.000893779622857,0.0003470206575,0.000444835721282,0.000520857865922,0.000428030849434,0.000404772581533,0.00030204266659,0.000215687658056,0.000260653236182,0.000259982363787,0.000219408975681,0.000130786997033,0.000100009878224,0.000117795018014,0.0000655247786199,0.0000378592012567,0.0000363307153748,0.0000364266816177,0.0000320242761518,0.0000229573779507,0.0000171256087924,0.00000960338547884,0.00000750636354496,0.00000605427385381,0.00000479961681776,0.00000429658803114,0.00000452989934274,0.00000356734585694,0.00000221625577979,0.0000014590578985,0.00000104256753275,7.43561940908e-7,5.9853636003e-7,4.68366096129e-7,4.32246054061e-7,2.95916805726e-7,2.05479793181e-7,1.12469464852e-7,4.63047200583e-8],"median":[0.000589073286392,0.000465559423901,0.000197145491256,0.000174531480297,0.000174734872417,0.000140640651807,0.0000945271021919,0.0000780545960879,0.0000642388768028,0.0000627193512628,0.0000568883842789,0.0000527331794729,0.0000461645322503,0.000053230112826,0.0000577283171879,0.0000330565671902,0.0000180129427463,0.0000187101977644,0.0000197488407139,0.0000171714600583,0.0000102793783299,0.00000579647712584,0.00000342224484484,0.00000230295336223,0.00000198872885449,0.00000165825429121,0.00000143575528,0.00000151608242049,9.84930920822e-7,5.05664388584e-7,3.681714702e-7,2.71288968179e-7,1.42817384585e-7,7.83488758316e-8,4.59419879917e-8,3.38651915399e-8,2.28710774763e-8,1.41731142378e-8,1.05484794233e-8,7.78908848531e-9],"min":[4.94662251481e-24,5.90415765878e-24,5.78564274626e-24,8.65768690365e-24,2.8621409948e-24,3.21338742652e-24,2.73847580664e-24,4.09780502535e-24,1.32321934743e-23,1.13709818758e-23,1.70583345254e-23,7.89295883124e-24,7.1943309918e-24,1.28048454338e-23,7.9323474451e-24,6.42170523844e-24,5.95386181227e-24,5.94921423825e-24,7.28119641038e-24,7.67933214266e-24,5.94633371265e-24,8.83211982701e-24,1.36637272107e-23,1.78813846622e-23,1.0663451741e-23,1.38621320393e-23,7.36290425636e-24,9.19896302491e-24,1.05135878905e-23,9.88724022041e-24,9.4724579453e-24,1.31819051693e-23,9.08273620344e-24,8.48836422123e-24,1.02068219726e-23,1.11554974198e-23,7.35219625843e-24,8.15356770875e-24,1.43190592082e-23,1.34578644912e-23],"var":[0.00000996390190267,0.00000176472826752,2.19109978161e-7,7.98527878487e-7,0.00000109398524728,7.55757412207e-7,8.96305493825e-7,4.06523383845e-7,2.76949634781e-7,3.92521855019e-7,3.34588833084e-7,2.33962254015e-7,9.96494904371e-8,2.54394283417e-8,3.34942171776e-8,1.15563301151e-8,3.34669691959e-9,2.93746627023e-9,2.60533949969e-9,2.03912908781e-9,1.27212873569e-9,8.94290808073e-10,2.60360372151e-10,1.86539728109e-10,1.21939472408e-10,6.72009392577e-11,6.72183073092e-11,1.05870055778e-10,1.46439804727e-10,3.73637405737e-11,1.12752177386e-11,4.44734743824e-12,2.88581008048e-12,2.91560569091e-12,2.19436730071e-12,2.15218099418e-12,1.10191554232e-12,5.66595761194e-13,1.51146334489e-13,1.73111901197e-14]},"melbands_crest":{"dmean":4.02684020996,"dmean2":6.60252857208,"dvar":12.8188276291,"dvar2":32.796043396,"max":38.0364189148,"mean":13.1329441071,"median":11.7415418625,"min":1.64573502541,"var":34.4126358032},"melbands_flatness_db":{"dmean":0.0281755961478,"dmean2":0.042989961803,"dvar":0.000643712701276,"dvar2":0.00141285557766,"max":0.46069714427,"mean":0.217057809234,"median":0.215657636523,"min":0.00372238899581,"var":0.00350099033676},"melbands_kurtosis":{"dmean":3.69476056099,"dmean2":5.96294403076,"dvar":49.4005508423,"dvar2":131.671081543,"max":184.117797852,"mean":5.60462808609,"median":2.67578053474,"min":-1.94288420677,"var":98.5272827148},"melbands_skewness":{"dmean":0.624946951866,"dmean2":0.985270261765,"dvar":0.388505667448,"dvar2":0.989123463631,"max":11.6153898239,"mean":1.71294987202,"median":1.49988782406,"min":-1.14445948601,"var":1.5919084549},"melbands_spread":{"dmean":6.81308221817,"dmean2":10.3998289108,"dvar":115.507751465,"dvar2":218.513687134,"max":352.594085693,"mean":26.335100174,"median":21.9770736694,"min":1.07993721962,"var":777.687805176},"mfcc":{"cov":[[17873.6113281,2643.72094727,-1321.17712402,965.858032227,-675.016662598,302.132537842,-126.04662323,99.7731552124,4.49450111389,36.5315475464,-164.803665161,60.4586639404,62.4593772888],[2643.72094727,2255.0168457,-455.425842285,-31.035074234,28.3515281677,-9.40753746033,-25.4140796661,-62.0614280701,91.6373977661,-9.05047893524,14.5465211868,19.9796237946,79.2838058472],[-1321.17712402,-455.425842285,565.450134277,-142.761062622,129.984573364,-29.0746669769,-36.0245513916,-0.533631682396,-41.3430671692,41.8177833557,29.6631469727,23.7940216064,-7.36817884445],[965.858032227,-31.035074234,-142.761062622,372.600067139,-75.1437530518,73.2878875732,33.5521850586,-3.68674349785,-16.9485492706,-4.68779850006,7.38641548157,-21.63189888,-17.8335933685],[-675.016662598,28.3515281677,129.984573364,-75.1437530518,271.804656982,56.6233291626,29.8229503632,24.7384548187,-17.3734207153,0.10771484673,38.3220443726,14.341711998,-18.663061142],[302.132537842,-9.40753746033,-29.0746669769,73.2878875732,56.6233291626,155.752441406,84.4186096191,54.2917060852,7.06788158417,-13.7495412827,-15.5145072937,-6.13672494888,-9.43847179413],[-126.04662323,-25.4140796661,-36.0245513916,33.5521850586,29.8229503632,84.4186096191,157.042068481,64.5391845703,30.8934192657,-17.5440654755,-27.3303203583,-16.5405502319,0.665795624256],[99.7731552124,-62.0614280701,-0.533631682396,-3.68674349785,24.7384548187,54.2917060852,64.5391845703,112.309051514,29.3766422272,12.7294178009,0.760646343231,5.60000562668,-6.0853638649],[4.49450111389,91.6373977661,-41.3430671692,-16.9485492706,-17.3734207153,7.06788158417,30.8934192657,29.3766422272,80.4500579834,19.0759048462,4.01117706299,7.78779125214,16.9348392487],[36.5315475464,-9.05047893524,41.8177833557,-4.68779850006,0.10771484673,-13.7495412827,-17.5440654755,12.7294178009,19.0759048462,66.8247680664,38.8291168213,20.385017395,6.81961154938],[-164.803665161,14.5465211868,29.6631469727,7.38641548157,38.3220443726,-15.5145072937,-27.3303203583,0.760646343231,4.01117706299,38.8291168213,89.4071960449,28.7707424164,-1.14767408371],[60.4586639404,19.9796237946,23.7940216064,-21.63189888,14.341711998,-6.13672494888,-16.5405502319,5.60000562668,7.78779125214,20.385017395,28.7707424164,62.1227302551,26.8216590881],[62.4593772888,79.2838058472,-7.36817884445,-17.8335933685,-18.663061142,-9.43847179413,0.665795624256,-6.0853638649,16.9348392487,6.81961154938,-1.14767408371,26.8216590881,55.8261108398]],"icov":[[0.000121102464618,-0.000155532528879,0.000085380524979,-0.000233823549934,0.000251311517786,-0.0002713665599,0.00031857463182,-0.000329093338223,0.000295437319437,-0.000302288564853,0.000415263843024,-0.00034346152097,0.000141290729516],[-0.000155532528879,0.000844068126753,0.000518787594046,0.000437701441115,-0.000807677395642,0.000274059770163,-0.000122936296975,0.00086773611838,-0.000947481254116,0.000278430059552,-0.000595616584178,0.000685023667756,-0.00103201228194],[0.000085380524979,0.000518787594046,0.00312627200037,0.000693260983098,-0.00125874124933,0.0000385268103855,0.000436139234807,0.000162127456861,0.00134783308022,-0.00247040623799,0.000749989412725,-0.000273873563856,-0.000560127664357],[-0.000233823549934,0.000437701441115,0.000693260983098,0.00460063805804,0.00115735747386,-0.00217757048085,-0.00133701483719,0.00187508121599,0.00108812074177,-0.000242949783569,-0.00284004467539,0.00152370822616,0.00034939366742],[0.000251311517786,-0.000807677395642,-0.00125874124933,0.00115735747386,0.00698708510026,-0.003475389909,-0.000710739055648,-0.000560475280508,0.00227999920025,0.00108011625707,-0.00290146446787,-0.0016450076364,0.00267221243121],[-0.0002713665599,0.000274059770163,0.0000385268103855,-0.00217757048085,-0.003475389909,0.0128745976835,-0.00448270514607,-0.00256197247654,-0.000355051888619,0.00128490140196,0.00172999547794,-0.000837165804114,0.000401422468713],[0.00031857463182,-0.000122936296975,0.000436139234807,-0.00133701483719,-0.000710739055648,-0.00448270514607,0.0133328204975,-0.00543839065358,-0.00307092885487,0.00187282392289,0.00267606321722,0.00259244977497,-0.00278644007631],[-0.000329093338223,0.00086773611838,0.000162127456861,0.00187508121599,-0.000560475280508,-0.00256197247654,-0.00543839065358,0.0158520247787,-0.00391538906842,-0.00273463851772,-0.000894916884135,-0.00203892332502,0.00341152842157],[0.000295437319437,-0.000947481254116,0.00134783308022,0.00108812074177,0.00227999920025,-0.000355051888619,-0.00307092885487,-0.00391538906842,0.0198016148061,-0.00657908199355,0.000189975864487,-0.000142364238854,-0.0032782505732],[-0.000302288564853,0.000278430059552,-0.00247040623799,-0.000242949783569,0.00108011625707,0.00128490140196,0.00187282392289,-0.00273463851772,-0.00657908199355,0.0261659491807,-0.0102330418304,-0.000802879920229,-0.00122822902631],[0.000415263843024,-0.000595616584178,0.000749989412725,-0.00284004467539,-0.00290146446787,0.00172999547794,0.00267606321722,-0.000894916884135,0.000189975864487,-0.0102330418304,0.0216185320169,-0.00846226513386,0.00446861423552],[-0.00034346152097,0.000685023667756,-0.000273873563856,0.00152370822616,-0.0016450076364,-0.000837165804114,0.00259244977497,-0.00203892332502,-0.000142364238854,-0.000802879920229,-0.00846226513386,0.0286407954991,-0.0148758180439],[0.000141290729516,-0.00103201228194,-0.000560127664357,0.00034939366742,0.00267221243121,0.000401422468713,-0.00278644007631,0.00341152842157,-0.0032782505732,-0.00122822902631,0.00446861423552,-0.0148758180439,0.0290077906102]],"mean":[-704.84173584,157.194671631,-25.9954338074,16.7290840149,-2.11498355865,12.0217456818,0.652947425842,2.03957056999,2.639326334,1.9474414587,-2.95363521576,3.36947822571,3.5189371109]},"pitch_salience":{"dmean":0.0756131708622,"dmean2":0.122584879398,"dvar":0.00435276050121,"dvar2":0.0111617892981,"max":0.967859268188,"mean":0.615806519985,"median":0.638102054596,"min":0.0967514589429,"var":0.013060647063},"silence_rate_20dB":{"dmean":0,"dmean2":0,"dvar":0,"dvar2":0,"max":1,"mean":1,"median":1,"min":1,"var":0},"silence_rate_30dB":{"dmean":0.0101238554344,"dmean2":0.0202498920262,"dvar":0.0100200613961,"dvar2":0.0258729048073,"max":1,"mean":0.99278485775,"median":1,"min":0,"var":0.00716374162585},"silence_rate_60dB":{"dmean":0.0224017240107,"dmean2":0.0448082722723,"dvar":0.0219014491886,"dvar2":0.0464677736163,"max":1,"mean":0.178656041622,"median":0,"min":0,"var":0.146739006042},"spectral_centroid":{"dmean":193.995300293,"dmean2":286.061553955,"dvar":60926.1328125,"dvar2":106131.8125,"max":11104.0449219,"mean":1221.0880127,"median":1055.91772461,"min":273.012664795,"var":549822.6875},"spectral_complexity":{"dmean":3.14873456955,"dmean2":4.50753974915,"dvar":10.3270187378,"dvar2":17.9317436218,"max":56,"mean":19.2821445465,"median":20,"min":0,"var":149.411712646},"spectral_contrast_coeffs":{"dmean":[0.0525497980416,0.0464256033301,0.0381398610771,0.0259944461286,0.019934495911,0.0294232238084],"dmean2":[0.0875571519136,0.0778464749455,0.0640617609024,0.0438749305904,0.0328493751585,0.0451358370483],"dvar":[0.00173849542625,0.00133647629991,0.000960677396506,0.000432320433902,0.000297960068565,0.000725827994756],"dvar2":[0.00473670102656,0.00377094605938,0.0026932740584,0.00123649369925,0.000792623672169,0.00174922484439],"max":[-0.320667415857,-0.475407361984,-0.554556310177,-0.633445382118,-0.664686501026,-0.528992533684],"mean":[-0.707359969616,-0.781836926937,-0.806638836861,-0.820867478848,-0.821648418903,-0.759286880493],"median":[-0.713959813118,-0.79095351696,-0.817878007889,-0.822485923767,-0.820163667202,-0.759441971779],"min":[-0.962945282459,-0.964128792286,-0.966846883297,-0.961378693581,-0.964498400688,-0.960303425789],"var":[0.00740940636024,0.00505322124809,0.00393064552918,0.00176496664062,0.00144676282071,0.00498458277434]},"spectral_contrast_valleys":{"dmean":[0.413071811199,0.359205126762,0.317451953888,0.253935098648,0.25527971983,0.504313468933],"dmean2":[0.664512753487,0.57159024477,0.495682299137,0.378666996956,0.343259871006,0.741984665394],"dvar":[0.124662280083,0.0997154265642,0.0891653895378,0.0688951313496,0.0864699780941,0.221672639251],"dvar2":[0.283153861761,0.210209712386,0.170392215252,0.112952381372,0.133487835526,0.475263863802],"max":[-5.21285963058,-4.35024356842,-4.94027709961,-5.59872627258,-5.73130130768,-8.45165348053],"mean":[-7.61631345749,-6.87390565872,-7.14077997208,-7.52990579605,-8.13709926605,-11.4719429016],"median":[-7.04476070404,-6.39977645874,-6.64704799652,-7.00904607773,-7.62869930267,-11.2664966583],"min":[-27.2887630463,-27.7692966461,-27.3442935944,-27.4112110138,-27.0174255371,-27.1916656494],"var":[3.66214799881,3.12391138077,3.05254077911,3.12144470215,3.29148340225,2.25524687767]},"spectral_decrease":{"dmean":2.23431251278e-9,"dmean2":3.49642048647e-9,"dvar":1.26708891079e-17,"dvar2":3.14802507999e-17,"max":6.03998184801e-9,"mean":-4.83112927441e-9,"median":-3.23439053318e-9,"min":-5.66449287476e-8,"var":2.82244778351e-17},"spectral_energy":{"dmean":0.00927088130265,"dmean2":0.0137753849849,"dvar":0.000197216970264,"dvar2":0.00045954232337,"max":0.225261121988,"mean":0.028359092772,"median":0.0213993508369,"min":1.06582343096e-20,"var":0.000695098540746},"spectral_energyband_high":{"dmean":0.000222109927563,"dmean2":0.000271070719464,"dvar":1.81278210221e-7,"dvar2":2.76841348068e-7,"max":0.0131689198315,"mean":0.000650691858027,"median":0.00027214048896,"min":7.93168383637e-21,"var":0.00000103073023183},"spectral_energyband_low":{"dmean":0.00467803515494,"dmean2":0.00755512155592,"dvar":0.000116456561955,"dvar2":0.000299362291116,"max":0.196909710765,"mean":0.0069296550937,"median":0.00370790204033,"min":3.58496165993e-23,"var":0.000134960864671},"spectral_energyband_middle_high":{"dmean":0.00241304864176,"dmean2":0.00367579399608,"dvar":0.0000165280453075,"dvar2":0.0000386037572753,"max":0.0875915363431,"mean":0.00627902941778,"median":0.00336942542344,"min":1.43964908917e-21,"var":0.0000597139624006},"spectral_energyband_middle_low":{"dmean":0.0044618062675,"dmean2":0.00705989031121,"dvar":0.0000516860491189,"dvar2":0.000131062013679,"max":0.107473254204,"mean":0.0106082251295,"median":0.00521113630384,"min":2.60196341122e-22,"var":0.00018258630007},"spectral_entropy":{"dmean":0.139678180218,"dmean2":0.207390457392,"dvar":0.0189654529095,"dvar2":0.0390841513872,"max":9.81061077118,"mean":7.54787445068,"median":7.54609203339,"min":5.89820337296,"var":0.13978523016},"spectral_flux":{"dmean":0.0186477284878,"dmean2":0.0290687624365,"dvar":0.000531319179572,"dvar2":0.00120297074318,"max":0.391318678856,"mean":0.0898873880506,"median":0.0881408900023,"min":1.03238723126e-10,"var":0.00293201534078},"spectral_kurtosis":{"dmean":4.34161138535,"dmean2":6.4892706871,"dvar":27.4457988739,"dvar2":63.5542411804,"max":74.5836410522,"mean":20.6108646393,"median":19.5882377625,"min":-1.35134577751,"var":112.549034119},"spectral_rms":{"dmean":0.00076390511822,"dmean2":0.00108179368544,"dvar":7.8523510183e-7,"dvar2":0.00000160575257269,"max":0.0148245384917,"mean":0.00455234060064,"median":0.0045691812411,"min":3.22463605297e-12,"var":0.00000694380651112},"spectral_rolloff":{"dmean":4148.89941406,"dmean2":7891.66992188,"dvar":51134044,"dvar2":122913336,"max":22050,"mean":12781.9208984,"median":19939.7460938,"min":43.06640625,"var":89005088},"spectral_skewness":{"dmean":0.329340457916,"dmean2":0.479114472866,"dvar":0.133241102099,"dvar2":0.278462648392,"max":6.9998884201,"mean":3.03795480728,"median":3.01941394806,"min":-0.261243760586,"var":0.890794932842},"spectral_spread":{"dmean":449610.6875,"dmean2":648159.0625,"dvar":304207822848,"dvar2":517210177536,"max":39216480,"mean":4009300.25,"median":3490418.25,"min":1675049.875,"var":5159995310080},"spectral_strongpeak":{"dmean":3.13745093346,"dmean2":5.84870862961,"dvar":133.334945679,"dvar2":365.036102295,"max":136.283798218,"mean":2.41126084328,"median":0.247395396233,"min":0,"var":91.9901351929},"zerocrossingrate":{"dmean":0.0366663709283,"dmean2":0.0456384122372,"dvar":0.00112047954462,"dvar2":0.00169617484789,"max":0.74462890625,"mean":0.276654452085,"median":0.27392578125,"min":0.03271484375,"var":0.00881583616138}},"metadata":{"audio_properties":{"analysis_sample_rate":44100,"bit_rate":320000,"codec":"mp3","downmix":"mix","equal_loudness":0,"length":215.588577271,"lossless":false,"md5_encoded":"d5110aca21eefac406fb61ff25bcc853","replay_gain":-9.2840423584,"sample_rate":44100},"tags":{"album":["British Steel"],"albumartist":["Judas Priest"],"albumartistsort":["Judas Priest"],"artist":["Judas Priest"],"artistsort":["Judas Priest"],"asin":["B00005K9LN"],"date":["1980"],"discnumber":["1/1"],"file_name":"05. Judas Priest - United.mp3","genre":["Heavy Metal"],"musicbrainz album release country":["GB"],"musicbrainz album status":["official"],"musicbrainz album type":["album"],"musicbrainz_albumartistid":["6b335658-22c8-485d-93de-0bc29a1d0349"],"musicbrainz_albumid":["c8c378b5-3f2a-4aee-a858-0b68df190ed8"],"musicbrainz_artistid":["6b335658-22c8-485d-93de-0bc29a1d0349"],"musicbrainz_recordingid":["1de70dd7-b066-4a2b-b425-1cf4ee2b2963"],"musicip_puid":["0677abf3-fb9c-02cb-4ec9-3675d3fdce90"],"title":["United"],"tracknumber":["5/9"]},"version":{"essentia":"2.1-beta1","essentia_build_sha":"ca57ba49d9b1854bd80e60cf9ccf267278fb7d6b","essentia_git_sha":"v2.1_beta1-28-g21ef5f4-dirty","extractor":"music 1.0"}},"rhythm":{"beats_count":302,"beats_loudness":{"dmean":0.0224465765059,"dmean2":0.0407168902457,"dvar":0.000440454372438,"dvar2":0.00141222937964,"max":0.121671035886,"mean":0.0481705144048,"median":0.049288623035,"min":5.5621462991e-9,"var":0.000767759978771},"beats_loudness_band_ratio":{"dmean":[0.212856411934,0.103139191866,0.109735138714,0.0940648391843,0.0457974337041,0.131221979856],"dmean2":[0.387024015188,0.191130548716,0.201947063208,0.168859183788,0.087878420949,0.255521476269],"dvar":[0.0266095846891,0.0080686416477,0.0146003812551,0.00769425323233,0.000957135867793,0.00713268853724],"dvar2":[0.0898699611425,0.0246327333152,0.0429353229702,0.0195787642151,0.00314477854408,0.0228379741311],"max":[0.870729744434,0.590290248394,0.598161578178,0.585074007511,0.176490917802,0.67077112