{"lowlevel":{"average_loudness":0.721369624138,"barkbands":{"dmean":[0.00000517938815392,0.000407812302001,0.000156269874424,0.000146176782437,0.000758188252803,0.000810189521872,0.000915613549296,0.000437924725702,0.00110718491487,0.00112983048894,0.000906566157937,0.00111257168464,0.000653637631331,0.000572247896343,0.000366219435818,0.000137894792715,0.000139514842886,0.000126977814944,0.0000699188312865,0.0000389194101444,0.0000267183586402,0.0000264217978838,0.000031371764635,0.0000229326742556,0.00000577022046855,6.62794604978e-7,5.16110425508e-8],"dmean2":[0.00000883516440808,0.000572034099605,0.000206328986678,0.000226964810281,0.00103964935988,0.00113264960237,0.00129669473972,0.000665277417284,0.00163931190036,0.00176076334901,0.00143377180211,0.00178718625102,0.00107617222238,0.000933233997785,0.000616767676547,0.000218685963773,0.000228092554607,0.000208284618566,0.000114155162009,0.0000620382779744,0.0000406723956985,0.000038685164327,0.0000377240830858,0.0000285906498902,0.00000793978506408,9.06549757929e-7,7.7762003059e-8],"dvar":[2.15225240408e-10,0.00000262954335994,5.89169928844e-7,3.41782794067e-7,0.00000337962478625,0.00000273452815236,0.0000070057276389,0.00000235598486142,0.00000648502964395,0.00000641529095446,0.00000708961169948,0.00000682393465468,0.000002275291763,0.00000157449062499,9.41462701576e-7,1.58326528776e-7,9.61169135394e-8,5.80588341847e-8,1.16759251156e-8,4.59306459533e-9,3.27254312538e-9,1.78793015948e-8,7.08974283725e-8,4.07559817006e-8,2.03398231591e-9,1.2759222498e-11,2.29074368524e-14],"dvar2":[5.38423972074e-10,0.0000050015605666,9.91855927168e-7,9.67776600191e-7,0.00000835972423374,0.0000059623685047,0.0000137803144753,0.00000572243197894,0.000015257069208,0.0000154007211677,0.0000181913765118,0.0000177382535185,0.00000630640579402,0.00000428940074926,0.00000277558660855,4.24624062134e-7,2.65508845132e-7,1.49092826973e-7,3.14527888179e-8,1.12661053819e-8,6.7903753731e-9,2.96002298228e-8,8.01149795393e-8,6.42946886842e-8,3.60322838233e-9,1.87261230827e-11,3.64766268406e-14],"max":[0.000353922572685,0.0290625020862,0.0229150597006,0.0194835551083,0.0434316024184,0.037776298821,0.125382333994,0.0707379728556,0.0515713989735,0.0496693365276,0.0573189780116,0.0356629453599,0.0237399861217,0.0172904357314,0.0185448694974,0.0185787435621,0.0101870009676,0.010770779103,0.00251520075835,0.00209633330815,0.00196196348406,0.00589216826484,0.0168316997588,0.0106791714206,0.00194760109298,0.000163109158166,0.00000727532369638],"mean":[0.0000123824675029,0.00227430579253,0.000447337020887,0.000403070560424,0.00189134094398,0.00176256068517,0.00198732828721,0.000758262467571,0.00204629451036,0.00193321343977,0.00147890625522,0.00205345475115,0.00111782120075,0.00100651627872,0.000616681529209,0.000288934883429,0.00031972466968,0.000327938818373,0.000188365287613,0.000121533885249,0.0000913902258617,0.0000724727215129,0.0000667580388836,0.0000481696733914,0.000011484060451,0.00000177017011538,2.50138896263e-7],"median":[0.00000154204371938,0.000193702377146,0.0000747016601963,0.0000313708660542,0.000474917353131,0.000642082595732,0.000372725626221,0.000254730519373,0.000447021157015,0.000544506125152,0.000236564897932,0.000335693330271,0.000227263604756,0.000187552243005,0.00014499889221,0.000128316780319,0.000186620512977,0.000181059062015,0.000132823683089,0.0000899990845937,0.0000683175312588,0.0000330575567205,0.0000104247901618,0.00000864130925038,0.00000217956312554,6.06790081292e-7,1.83756725392e-7],"min":[1.18697024432e-10,2.09559758435e-10,1.42121496863e-11,6.15259536027e-12,3.05712963625e-12,3.04313518829e-12,2.06821820954e-12,8.2590076271e-13,1.50904115592e-12,2.69637871059e-12,8.40980063366e-12,2.32675445751e-12,2.22247394099e-12,2.48675407523e-12,5.5858356135e-12,2.70366519971e-12,3.29729147631e-12,5.34640821198e-12,4.4317882697e-12,3.23047404799e-12,5.27831727978e-12,1.32923446555e-11,4.53778811402e-12,1.3545338462e-11,8.37579224727e-12,1.16106620845e-11,7.42077399529e-10],"var":[8.96893392888e-10,0.0000175697950908,0.00000204374669011,0.00000114321971978,0.0000128931724248,0.00000889815964911,0.0000294333258353,0.00000522203572473,0.0000165734145412,0.0000141310820254,0.0000148284525494,0.0000172779036802,0.00000479693426314,0.00000359839100383,0.00000170896782947,4.23547021455e-7,2.72524061984e-7,2.32725042792e-7,3.83481726374e-8,1.53365675715e-8,1.06146966772e-8,5.34649480244e-8,2.59636465216e-7,1.15718883364e-7,5.39148414802e-9,3.92558069384e-11,9.18289966637e-14]},"barkbands_crest":{"dmean":1.85601460934,"dmean2":2.91247057915,"dvar":3.53953480721,"dvar2":8.81733512878,"max":25.4861221313,"mean":9.57064533234,"median":8.74428081512,"min":2.40895175934,"var":15.6978883743},"barkbands_flatness_db":{"dmean":0.0125293033198,"dmean2":0.0188788082451,"dvar":0.000143998870044,"dvar2":0.000331770483172,"max":0.301503926516,"mean":0.151905089617,"median":0.149869501591,"min":0.0395594090223,"var":0.00108877487946},"barkbands_kurtosis":{"dmean":1.08906972408,"dmean2":1.66945099831,"dvar":4.46541118622,"dvar2":10.3995800018,"max":99.688873291,"mean":1.70572769642,"median":0.390861988068,"min":-1.95843374729,"var":37.5939064026},"barkbands_skewness":{"dmean":0.310258001089,"dmean2":0.463283807039,"dvar":0.107504226267,"dvar2":0.234646812081,"max":9.60429286957,"mean":0.611429095268,"median":0.43395781517,"min":-5.55918216705,"var":1.35898900032},"barkbands_spread":{"dmean":2.89071750641,"dmean2":4.26296710968,"dvar":15.1726531982,"dvar2":27.7461624146,"max":149.964981079,"mean":18.7892742157,"median":16.1227645874,"min":1.09162425995,"var":194.662124634},"dissonance":{"dmean":0.0180175658315,"dmean2":0.0300571043044,"dvar":0.00031150173163,"dvar2":0.000875547761098,"max":0.499999970198,"mean":0.454448670149,"median":0.459170520306,"min":0.309260308743,"var":0.000824811344501},"dynamic_complexity":5.82832622528,"erbbands":{"dmean":[0.00798916257918,0.104843690991,0.209319710732,0.305530846119,1.33092820644,2.44581484795,6.00791454315,6.78356647491,11.9494361877,10.7368040085,10.7633562088,21.8597736359,35.5373001099,29.8423042297,38.9878730774,36.6249427795,24.3055934906,31.3451385498,16.5812969208,16.2945709229,8.59981536865,6.95522260666,6.55672597885,5.696413517,1.82757604122,1.91088604927,1.3562335968,0.84057533741,1.01568138599,1.01215660572,0.84929984808,0.623301565647,0.305913746357,0.0968677997589,0.0256312694401,0.005256453529,0.000839787477162,0.00010361304885,0.0000105665303636,0.00000555835958949],"dmean2":[0.012140118517,0.144023239613,0.271710693836,0.455176353455,2.01569843292,3.37091612816,8.27129936218,9.49468231201,17.2102546692,14.6891975403,16.5666370392,32.3976478577,53.5272827148,47.6197357178,62.46459198,58.7190437317,40.1570243835,50.7028694153,27.4839172363,27.5984668732,13.6045665741,11.4082050323,10.7984046936,9.34139537811,2.90385603905,3.06300735474,2.12445282936,1.267131567,1.52792823315,1.3388313055,1.07369399071,0.762465000153,0.398358762264,0.132374122739,0.0346831977367,0.00723753636703,0.00112587364856,0.000145241225255,0.0000153997443704,0.00000809717403172],"dvar":[0.000969056971371,0.17652221024,0.901873409748,1.13648045063,29.6342735291,38.0782165527,157.729034424,218.171096802,890.933654785,1685.1060791,1132.21435547,2588.96435547,8178.80078125,5166.63476562,6920.28515625,9502.09179688,3049.28710938,5593.86621094,1570.81677246,2691.64086914,667.23828125,235.477050781,133.804016113,88.9492416382,9.94348144531,11.7547540665,6.846159935,5.19356060028,23.8293972015,75.0137786865,47.8952827454,28.6869125366,7.10975933075,0.594391047955,0.0375443696976,0.000866991758812,0.0000241315228777,2.68770776302e-7,1.00336772224e-9,6.33767413549e-11],"dvar2":[0.00203651306219,0.328822404146,1.54953384399,2.79215908051,93.2970962524,82.6051101685,332.024627686,493.445251465,2067.64013672,2642.04272461,2901.07128906,6010.48144531,17724.9316406,14681.78125,18016.5292969,24364.0332031,8413.1328125,14922.7470703,4505.18261719,8039.15429688,1777.12744141,678.975036621,356.404998779,237.228652954,24.1452770233,29.9396095276,15.3730049133,10.3747777939,48.5147895813,122.851303101,56.0835189819,38.7598342896,12.6553792953,1.02238225937,0.0694159790874,0.00133399688639,0.0000321807783621,3.83481108202e-7,1.40631384316e-9,1.35856173533e-10],"max":[0.605882763863,7.183344841,25.020483017,30.8240203857,166.001953125,210.342086792,306.567230225,328.91784668,975.344299316,1902.41125488,1445.1418457,1539.51342773,1967.02929688,1514.70703125,1495.39135742,1728.19689941,1143.02526855,1415.78845215,1093.00720215,1110.41687012,1353.41247559,612.198059082,465.895935059,284.971435547,80.2598800659,115.640823364,78.8563995361,92.7420043945,229.557449341,556.932922363,432.881286621,308.863342285,143.679260254,31.2605190277,9.44380760193,1.07802200317,0.258276283741,0.029320538044,0.00147404579911,0.000198020949028],"mean":[0.0467019639909,0.5671043396,0.710690200329,1.03584837914,2.87091851234,5.94700193405,13.1181488037,14.9536399841,26.7010555267,23.4298095703,20.7296943665,42.8439750671,64.1367950439,56.8585510254,72.5456466675,71.0853042603,47.221572876,58.1481895447,32.5206108093,29.0385456085,19.3016147614,17.4771442413,17.8711700439,15.9646453857,5.64771938324,5.89996004105,4.72865104675,2.89709711075,2.78691101074,2.11225223541,1.82747018337,1.28981304169,0.626834273338,0.191178619862,0.0543468408287,0.0133161572739,0.00235111289658,0.000351291702827,0.0000544977738173,0.0000283951485471],"median":[0.00160636054352,0.0561806969345,0.142857283354,0.167249232531,0.249341070652,1.37143874168,4.5948138237,5.24657249451,6.92975950241,4.98879909515,9.47587108612,10.3047370911,16.4234962463,15.1477890015,21.1389980316,13.4268398285,11.5525407791,10.1149902344,9.03594779968,9.33858680725,8.72305679321,10.5175580978,11.6805858612,10.6110553741,3.76757144928,4.31674480438,3.75452184677,2.08452510834,1.40940308571,0.462866008282,0.283997893333,0.225242495537,0.107151702046,0.0324849076569,0.0112272277474,0.0039543188177,0.000878914492205,0.000193824685994,0.0000410419743275,0.0000241508623731],"min":[8.86711504222e-9,3.63781929025e-8,4.85453348631e-8,3.06804821548e-8,1.74565766287e-8,1.65902349636e-8,2.51760852166e-8,2.02121270831e-8,4.25086454925e-8,2.26736478481e-8,4.58526336899e-8,3.47065132189e-8,4.52383872585e-8,1.79880302653e-7,3.65566506844e-7,8.55673860656e-8,1.08831791579e-7,1.08093701101e-7,2.3262491311e-7,3.01888121612e-7,8.93329854534e-8,2.18159826204e-7,2.94525278832e-7,2.54130895883e-7,1.73110947799e-7,1.05803188433e-7,2.1782572901e-7,2.3851930564e-7,4.19970035637e-7,3.42159182765e-7,1.47454514376e-7,3.25504544207e-7,1.78847301413e-7,9.01579042534e-8,5.74373437701e-8,2.67448747593e-8,2.22418687912e-8,3.18338599925e-8,4.43032526221e-8,1.61070214943e-8],"var":[0.00658178469166,1.16699981689,3.11877274513,5.75785636902,68.3021087646,136.042922974,488.211181641,679.142456055,3105.01586914,7929.39794922,2197.29882812,7481.38378906,19909.1015625,11540.4941406,16485.8183594,23284.9980469,7120.81396484,13839.8085938,3581.35107422,4614.13330078,1872.95471191,720.532836914,547.007019043,326.108947754,38.5584068298,36.1579399109,22.7808151245,15.1454906464,58.0379905701,198.71031189,181.136398315,90.3296813965,18.5170917511,1.62819111347,0.0982758551836,0.00268753082491,0.0000767859892221,8.23330140065e-7,4.68479477433e-9,5.8764182409e-10]},"erbbands_crest":{"dmean":2.18425226212,"dmean2":3.53106021881,"dvar":4.76421928406,"dvar2":12.1804504395,"max":27.1568260193,"mean":9.88193702698,"median":8.96348953247,"min":2.30876374245,"var":16.5472717285},"erbbands_flatness_db":{"dmean":0.0118641294539,"dmean2":0.0179778635502,"dvar":0.000124645986944,"dvar2":0.000278295075987,"max":0.351801395416,"mean":0.215562731028,"median":0.215071260929,"min":0.0256302449852,"var":0.00208497070707},"erbbands_kurtosis":{"dmean":0.797560155392,"dmean2":1.26313352585,"dvar":1.11751353741,"dvar2":2.6770067215,"max":28.9744987488,"mean":0.847663581371,"median":0.405373096466,"min":-1.77525603771,"var":3.8227853775},"erbbands_skewness":{"dmean":0.282779812813,"dmean2":0.429879784584,"dvar":0.0727545768023,"dvar2":0.16708599031,"max":4.8313202858,"mean":0.221457153559,"median":0.266811311245,"min":-4.45284843445,"var":0.604754388332},"erbbands_spread":{"dmean":3.89838933945,"dmean2":5.93952226639,"dvar":22.1355133057,"dvar2":47.467666626,"max":140.968978882,"mean":24.9139842987,"median":21.2498321533,"min":2.71209621429,"var":202.102996826},"gfcc":{"cov":[[13265.4726562,1736.37731934,-290.38760376,-200.174530029,-1131.25891113,1285.95324707,-569.25958252,211.652603149,-116.874740601,139.987030029,849.432983398,134.395797729,184.182846069],[1736.37731934,1020.25115967,207.575897217,71.8393554688,168.572601318,101.223800659,166.835968018,46.0791778564,-20.9199771881,35.858291626,70.3319778442,2.97904992104,8.26620674133],[-290.38760376,207.575897217,1348.36730957,256.670898438,130.906585693,451.323547363,-134.474319458,160.840560913,-29.2255058289,-95.4801559448,125.721694946,-54.6568031311,-22.1062793732],[-200.174530029,71.8393554688,256.670898438,450.599243164,174.016479492,-39.9215888977,38.7960243225,39.8213310242,73.5692443848,-1.11023080349,-36.9991149902,1.96631920338,-20.3512840271],[-1131.25891113,168.572601318,130.906585693,174.016479492,444.239898682,-6.48306703568,239.94934082,67.9334716797,49.57787323,19.5775318146,-97.1366958618,2.4264831543,-4.95631504059],[1285.95324707,101.223800659,451.323547363,-39.9215888977,-6.48306703568,679.645996094,38.4440689087,163.356826782,14.2210645676,31.0107517242,230.742828369,13.597319603,42.6883201599],[-569.25958252,166.835968018,-134.474319458,38.7960243225,239.94934082,38.4440689087,440.386810303,92.1019821167,81.450088501,109.351364136,-32.2328414917,56.7386054993,18.4927825928],[211.652603149,46.0791778564,160.840560913,39.8213310242,67.9334716797,163.356826782,92.1019821167,189.372283936,86.842010498,39.5043334961,47.0424308777,25.6962032318,35.9010925293],[-116.874740601,-20.9199771881,-29.2255058289,73.5692443848,49.57787323,14.2210645676,81.450088501,86.842010498,159.826263428,94.9886322021,29.231420517,14.5662488937,14.217915535],[139.987030029,35.858291626,-95.4801559448,-1.11023080349,19.5775318146,31.0107517242,109.351364136,39.5043334961,94.9886322021,156.82421875,75.6880950928,42.3927497864,17.5645847321],[849.432983398,70.3319778442,125.721694946,-36.9991149902,-97.1366958618,230.742828369,-32.2328414917,47.0424308777,29.231420517,75.6880950928,231.621292114,69.2946548462,44.4794464111],[134.395797729,2.97904992104,-54.6568031311,1.96631920338,2.4264831543,13.597319603,56.7386054993,25.6962032318,14.5662488937,42.3927497864,69.2946548462,128.627029419,74.1303787231],[184.182846069,8.26620674133,-22.1062793732,-20.3512840271,-4.95631504059,42.6883201599,18.4927825928,35.9010925293,14.217915535,17.5645847321,44.4794464111,74.1303787231,97.9108963013]],"icov":[[0.00118637667038,-0.00284615973942,0.00226300908253,-0.00201740604825,0.00311439787038,-0.00324065424502,0.00278007169254,-0.00251025892794,0.0018173311837,-0.00136036553886,0.000849416770507,-0.00113817409147,0.000522083893884],[-0.00284615973942,0.00810490455478,-0.00556402420625,0.0046654897742,-0.00784785673022,0.0081856045872,-0.00733807729557,0.0057960851118,-0.00332460179925,0.00311287492514,-0.00331546762027,0.00392107339576,-0.00186039169785],[0.00226300908253,-0.00556402420625,0.00591876218095,-0.00469341035932,0.00529901264235,-0.006885712035,0.00615633558482,-0.00601475918666,0.00432694843039,-0.00202757469378,0.000932030903641,-0.00172667123843,0.00150584266521],[-0.00201740604825,0.0046654897742,-0.00469341035932,0.00704014580697,-0.0062802429311,0.00588444760069,-0.00442165508866,0.00509364809841,-0.00588119169697,0.00327580026351,-0.000957753916737,0.000158518567332,0.000470167637104],[0.00311439787038,-0.00784785673022,0.00529901264235,-0.0062802429311,0.0128895491362,-0.00875089038163,0.00512546021491,-0.00644468795508,0.00436257151887,-0.00374794984236,0.00472506601363,-0.00341914989986,0.00103885901626],[-0.00324065424502,0.0081856045872,-0.006885712035,0.00588444760069,-0.00875089038163,0.0129384249449,-0.00896878447384,0.00463699968532,-0.00338293472305,0.00455462187529,-0.00708315102383,0.0064311651513,-0.00299406517297],[0.00278007169254,-0.00733807729557,0.00615633558482,-0.00442165508866,0.00512546021491,-0.00896878447384,0.0122501142323,-0.00738882413134,0.00437910016626,-0.0064259795472,0.0050161969848,-0.0060992911458,0.00328207435086],[-0.00251025892794,0.0057960851118,-0.00601475918666,0.00509364809841,-0.00644468795508,0.00463699968532,-0.00738882413134,0.0172984134406,-0.0113362176344,0.00506559945643,-0.000207431919989,0.000840824563056,-0.00316663668491],[0.0018173311837,-0.00332460179925,0.00432694843039,-0.00588119169697,0.00436257151887,-0.00338293472305,0.00437910016626,-0.0113362176344,0.0199109129608,-0.0108681544662,-0.000447629456175,0.00312696117908,-0.00146389310248],[-0.00136036553886,0.00311287492514,-0.00202757469378,0.00327580026351,-0.00374794984236,0.00455462187529,-0.0064259795472,0.00506559945643,-0.0108681544662,0.0183236561716,-0.00729046296328,0.000386179657653,0.00101072166581],[0.000849416770507,-0.00331546762027,0.000932030903641,-0.000957753916737,0.00472506601363,-0.00708315102383,0.0050161969848,-0.000207431919989,-0.000447629456175,-0.00729046296328,0.0161624904722,-0.00955798756331,0.00241646007635],[-0.00113817409147,0.00392107339576,-0.00172667123843,0.000158518567332,-0.00341914989986,0.0064311651513,-0.0060992911458,0.000840824563056,0.00312696117908,0.000386179657653,-0.00955798756331,0.0228912755847,-0.0141929760575],[0.000522083893884,-0.00186039169785,0.00150584266521,0.000470167637104,0.00103885901626,-0.00299406517297,0.00328207435086,-0.00316663668491,-0.00146389310248,0.00101072166581,0.00241646007635,-0.0141929760575,0.0214045289904]],"mean":[-57.6915283203,98.086227417,-165.498672485,16.3512458801,-58.1406135559,-5.1476354599,-23.6695556641,0.112392649055,-18.4050121307,0.0297657996416,-11.171954155,4.14118289948,-3.08575057983]},"hfc":{"dmean":4.17128276825,"dmean2":6.21559286118,"dvar":46.8535346985,"dvar2":96.0003967285,"max":245.69102478,"mean":19.1213645935,"median":12.9101209641,"min":0.0000302514436044,"var":371.577728271},"melbands":{"dmean":[0.0000948818924371,0.000122321740491,0.0000777681707405,0.000124839658383,0.000194305350306,0.000155665256898,0.00018205177912,0.000113522881293,0.0000988396859611,0.000151204978465,0.000182578922249,0.000126286686282,0.000136082671816,0.000140269548865,0.0000636937547824,0.0000631750444882,0.0000603405751463,0.0000307845657517,0.0000279741507256,0.0000131020815388,0.0000106613106254,0.00000806563184597,0.00000720857906344,0.00000712354403731,0.000005023077847,0.00000186684872006,0.00000140153156281,0.00000135635639253,0.00000104860055217,6.69062728775e-7,5.45254124518e-7,6.63206606077e-7,5.21115396168e-7,6.39867209884e-7,5.36127970463e-7,4.58059446373e-7,3.82189455195e-7,2.5343271659e-7,1.37021928026e-7,6.99810627225e-8],"dmean2":[0.00013659488468,0.000159869567142,0.000118672280223,0.000177770823939,0.00026407520636,0.000217151886318,0.00026184154558,0.000158134862431,0.000151607760927,0.000224198694923,0.000275906961178,0.000201967093744,0.000216463595279,0.000225612267968,0.000103430575109,0.000103297854366,0.0000981703487923,0.0000513838713232,0.0000470392078569,0.0000217360066017,0.0000168648821273,0.0000132410668812,0.0000121123002828,0.0000118493098853,0.00000826112136565,0.0000030015082757,0.00000224217160394,0.00000219103299059,0.0000016848409814,0.00000100714510154,8.41753603709e-7,0.0000010336991636,7.5673159472e-7,8.5448630216e-7,7.13250926765e-7,6.01355225172e-7,4.98420547501e-7,3.44786371897e-7,1.92770968965e-7,9.59515418231e-8],"dvar":[1.43042228729e-7,2.37952548332e-7,7.84498794815e-8,1.47787247329e-7,1.60843654839e-7,1.05959891528e-7,2.23084143158e-7,1.54435326749e-7,7.38542524914e-8,1.27032279806e-7,2.04134551041e-7,8.81993997837e-8,1.18218977718e-7,1.1354523366e-7,2.10777351128e-8,2.34278676459e-8,1.89973796694e-8,6.65157928736e-9,5.90507154286e-9,1.38633748925e-9,1.05866759803e-9,4.13330647486e-10,1.53163523531e-10,2.21195464722e-10,6.82305323352e-11,9.69741561357e-12,7.66704321559e-12,5.40048865003e-12,3.40096765854e-12,2.09440667934e-12,2.15932762122e-12,6.67586298742e-12,1.13806004551e-11,3.48718831589e-11,1.83958230593e-11,1.52762524852e-11,1.08651265068e-11,5.29629812229e-12,1.11523095446e-12,3.37114884619e-13],"dvar2":[2.81663176338e-7,4.21040027732e-7,2.33039855857e-7,3.951654719e-7,3.32632481559e-7,2.3743659483e-7,5.04883189478e-7,2.57487016597e-7,1.8581455663e-7,3.01301525951e-7,4.46861804448e-7,2.50272961466e-7,3.00444668255e-7,2.95027149377e-7,5.45992442369e-8,6.37770796175e-8,5.10453617153e-8,1.90384721321e-8,1.71950382821e-8,4.02586630699e-9,2.7654130097e-9,1.20585952335e-9,4.35204400295e-10,5.6913684876e-10,1.85176846079e-10,2.46659914716e-11,1.82609517785e-11,1.39192988732e-11,8.57850769587e-12,4.32645108975e-12,4.60762808116e-12,1.48114159826e-11,1.85932380603e-11,6.12591227744e-11,2.64437517022e-11,2.02886492329e-11,1.60246226011e-11,1.01492694457e-11,2.26369140446e-12,6.26234253256e-13],"max":[0.00734552042559,0.010611589998,0.00710329646245,0.0105866948143,0.00867966283113,0.00766023760661,0.0178145784885,0.0165918134153,0.00946628767997,0.0099376430735,0.00970724318177,0.00571069912985,0.00692933192477,0.00472248252481,0.0025762966834,0.00280155963264,0.00247666286305,0.00231127883308,0.0019587140996,0.000694419431966,0.00175931316335,0.000775592401624,0.000331381423166,0.000690419168677,0.000184311371413,0.0000817965628812,0.0000831649522297,0.000075764968642,0.0000447872334917,0.0000421993645432,0.0000551800294488,0.000118404001114,0.00017302930064,0.000361937767593,0.00024359881354,0.000268556876108,0.000157121248776,0.000129338659463,0.0000436822410848,0.0000266050428763],"mean":[0.000558958447073,0.000531545083504,0.000216308952076,0.00030656895251,0.000440909701865,0.000346535176504,0.000406945677241,0.000235323153902,0.000187738158274,0.000283457658952,0.00032292920514,0.000231223661103,0.000234087317949,0.000258104060777,0.000112685818749,0.000110373955977,0.000107543259219,0.0000541674198757,0.0000470847880933,0.0000244264847424,0.0000220929559873,0.0000176284938789,0.0000165088713402,0.0000169800659933,0.0000129769987325,0.00000469353199151,0.00000352900133294,0.00000394127800973,0.00000320755998473,0.00000207314337786,0.00000158910529535,0.00000174057981894,0.00000115100078801,0.00000119106243801,0.00000106332242922,9.41446387515e-7,7.43150280869e-7,4.88643308927e-7,2.60976236177e-7,1.25351846236e-7],"median":[0.0000306437214022,0.0000880526131368,0.0000301383679471,0.0000398162155761,0.000155512738274,0.000125207123347,0.0000999955809675,0.0000490037564305,0.0000658466524328,0.0000586458627367,0.0000795846281108,0.0000618020567345,0.0000598872065893,0.0000462927127955,0.0000204596799449,0.000020759904146,0.0000177739530045,0.0000116076098493,0.0000120275672089,0.00000866321624926,0.0000089911663963,0.00000959415956459,0.0000111667950478,0.00000953858398134,0.00000830239878269,0.0000031122629025,0.00000215359432332,0.00000283278950519,0.00000240863846557,0.00000147974390075,9.63845877777e-7,9.36397384521e-7,3.37744893386e-7,1.96874310632e-7,1.45686044561e-7,1.5813770915e-7,1.22453769791e-7,7.46823758391e-8,4.33046736248e-8,1.65867515278e-8],"min":[7.42287828426e-11,3.38052849602e-11,4.9419882249e-12,1.93168289524e-12,8.62958305075e-13,5.83418133682e-13,5.75607866492e-13,2.55478526789e-13,4.95466948719e-13,2.14315788423e-13,2.30722396483e-13,5.47068521126e-13,1.23775328095e-12,4.33747167957e-13,1.60254134181e-13,2.27918134669e-13,1.90787368e-13,3.46823454287e-13,4.37528621189e-13,2.99133466478e-13,6.18212349802e-14,2.10549581784e-13,2.01173292976e-13,2.97398092481e-13,1.88013152139e-13,1.98193525936e-13,2.71206651294e-14,8.95929652082e-14,1.45952138721e-13,1.60583718089e-13,1.09869544831e-13,1.83213849907e-13,3.56277371971e-13,1.12148415825e-13,6.99867139069e-14,1.11885300287e-13,2.61266187721e-13,1.19043121714e-13,1.16672310376e-13,6.13935782095e-14],"var":[0.00000101838020328,0.00000105881201762,2.48081477139e-7,5.01541649101e-7,5.3977709058e-7,3.50425409579e-7,8.20238483357e-7,6.78883850469e-7,1.58515888415e-7,3.36336398732e-7,4.96358666169e-7,1.93220003553e-7,2.61155634007e-7,2.85924841137e-7,4.93004250757e-8,5.16461824418e-8,4.62960478842e-8,1.3957123457e-8,1.04993738148e-8,2.61999177908e-9,2.98886604355e-9,1.03762809456e-9,4.05299516171e-10,6.57555176975e-10,2.23300322677e-10,3.14225208353e-11,2.2196740973e-11,1.65641996647e-11,1.06651137574e-11,6.28687596774e-12,5.99471557464e-12,1.51225715977e-11,3.21029036687e-11,8.38870709008e-11,6.23969764746e-11,5.11160870575e-11,3.08895097001e-11,1.22773909095e-11,2.7014278401e-12,8.07762981937e-13]},"melbands_crest":{"dmean":2.12441849709,"dmean2":3.28853845596,"dvar":4.95163154602,"dvar2":12.1439352036,"max":32.945602417,"mean":11.9234008789,"median":10.8007659912,"min":3.31024479866,"var":27.0912208557},"melbands_flatness_db":{"dmean":0.0131061682478,"dmean2":0.0188666004688,"dvar":0.000193610991118,"dvar2":0.000394821254304,"max":0.426810145378,"mean":0.189021810889,"median":0.183041483164,"min":0.0206002201885,"var":0.00217650108971},"melbands_kurtosis":{"dmean":2.49010920525,"dmean2":3.92339038849,"dvar":86.730178833,"dvar2":258.727172852,"max":797.955566406,"mean":6.6007771492,"median":1.27865457535,"min":-1.78021717072,"var":1204.65686035},"melbands_skewness":{"dmean":0.372247606516,"dmean2":0.561483263969,"dvar":0.19995559752,"dvar2":0.481273919344,"max":22.4656620026,"mean":1.3336660862,"median":0.928884267807,"min":-2.36731624603,"var":2.99299168587},"melbands_spread":{"dmean":4.65006303787,"dmean2":6.77170562744,"dvar":49.7270965576,"dvar2":79.3148422241,"max":198.830291748,"mean":28.3748855591,"median":25.0577392578,"min":0.636756837368,"var":312.934020996},"mfcc":{"cov":[[10021.4179688,1148.78881836,910.377502441,-1082.19616699,-56.0130462646,361.889373779,190.131149292,248.908554077,-737.055541992,361.606201172,-101.695579529,174.728866577,241.059112549],[1148.78881836,1131.44494629,22.0158481598,126.954605103,-10.3440036774,141.137496948,214.163787842,98.3626785278,55.7696495056,1.25455498695,21.3647251129,70.1631317139,46.9452514648],[910.377502441,22.0158481598,1173.12756348,-172.235794067,369.006317139,135.622467041,89.6620788574,176.143310547,-219.645462036,176.586425781,-68.7921447754,11.5534296036,60.961605072],[-1082.19616699,126.954605103,-172.235794067,702.575683594,74.3798370361,-34.9075202942,-33.9024658203,-23.4287548065,231.229034424,-112.926483154,54.6991577148,29.8451385498,-5.61740064621],[-56.0130462646,-10.3440036774,369.006317139,74.3798370361,354.38269043,66.6303634644,33.2565002441,88.259765625,-10.2144393921,70.5564804077,-41.067325592,10.3498191833,9.88510799408],[361.889373779,141.137496948,135.622467041,-34.9075202942,66.6303634644,240.418746948,172.206207275,101.389183044,22.2306041718,74.0829162598,50.6563491821,58.8809394836,39.5432052612],[190.131149292,214.163787842,89.6620788574,-33.9024658203,33.2565002441,172.206207275,244.336380005,140.014724731,59.3809432983,57.5420684814,35.9338645935,59.8376197815,40.5786209106],[248.908554077,98.3626785278,176.143310547,-23.4287548065,88.259765625,101.389183044,140.014724731,196.361877441,67.5843887329,61.0499000549,-4.54513835907,45.9447517395,53.0279693604],[-737.055541992,55.7696495056,-219.645462036,231.229034424,-10.2144393921,22.2306041718,59.3809432983,67.5843887329,277.848419189,20.3061733246,63.2047653198,32.478427887,15.3125419617],[361.606201172,1.25455498695,176.586425781,-112.926483154,70.5564804077,74.0829162598,57.5420684814,61.0499000549,20.3061733246,191.682571411,74.9410552979,17.8476104736,12.54408741],[-101.695579529,21.3647251129,-68.7921447754,54.6991577148,-41.067325592,50.6563491821,35.9338645935,-4.54513835907,63.2047653198,74.9410552979,150.134567261,58.0477828979,17.8028030396],[174.728866577,70.1631317139,11.5534296036,29.8451385498,10.3498191833,58.8809394836,59.8376197815,45.9447517395,32.478427887,17.8476104736,58.0477828979,122.920211792,71.1237106323],[241.059112549,46.9452514648,60.961605072,-5.61740064621,9.88510799408,39.5432052612,40.5786209106,53.0279693604,15.3125419617,12.54408741,17.8028030396,71.1237106323,119.26599884]],"icov":[[0.000245070405072,-0.000275921658613,0.000117518684419,-0.0000396528448618,0.000334051757818,-0.000344809726812,0.000521391048096,-0.000511554884724,0.000872720615007,-0.000839906104375,0.000562953064218,-0.000380922720069,-0.000192554522073],[-0.000275921658613,0.00146959081758,-0.0000804415394668,-0.000489311642013,-0.0000218175828195,0.000381805555662,-0.00181487295777,0.000690744374879,-0.000548069481738,0.000534273276571,-0.0000385275561712,0.000140563992318,0.000118988347822],[0.000117518684419,-0.0000804415394668,0.0023863974493,-0.000738621747587,-0.00105404120404,-0.000259763270151,0.000219868088607,-0.00199181493372,0.0032145769801,-0.00251491484232,0.00106157921255,0.000232038670219,-0.000921199447475],[-0.0000396528448618,-0.000489311642013,-0.000738621747587,0.00393372355029,-0.00197216519155,0.000146212565596,0.000955655646976,0.00122237636242,-0.00410172063857,0.00475131254643,-0.00334478006698,0.000374812254449,0.00038455001777],[0.000334051757818,-0.0000218175828195,-0.00105404120404,-0.00197216519155,0.00645159231499,-0.00177148578223,0.00147884513717,-0.00158094021026,0.0016140982043,-0.00428917072713,0.00464198226109,-0.00223294924945,0.000914249045309],[-0.000344809726812,0.000381805555662,-0.000259763270151,0.000146212565596,-0.00177148578223,0.0102702658623,-0.00713226292282,0.000945842824876,-0.000300923507893,0.000661461555865,-0.00288218376227,0.0000764306532801,-0.000212204424315],[0.000521391048096,-0.00181487295777,0.000219868088607,0.000955655646976,0.00147884513717,-0.00713226292282,0.0143816033378,-0.00696305325255,0.000532288977411,-0.000505870266352,0.000125523598399,-0.00182184635196,0.00109067244921],[-0.000511554884724,0.000690744374879,-0.00199181493372,0.00122237636242,-0.00158094021026,0.000945842824876,-0.00696305325255,0.0154510736465,-0.00694913696498,0.000792851205915,0.00270035443828,-0.000953895738348,-0.00187102064956],[0.000872720615007,-0.000548069481738,0.0032145769801,-0.00410172063857,0.0016140982043,-0.000300923507893,0.000532288977411,-0.00694913696498,0.0138409053907,-0.00763877481222,0.00226048682816,-0.000685949169565,-0.00141184835229],[-0.000839906104375,0.000534273276571,-0.00251491484232,0.00475131254643,-0.00428917072713,0.000661461555865,-0.000505870266352,0.000792851205915,-0.00763877481222,0.0183961689472,-0.0126787573099,0.00465584779158,0.00111429637764],[0.000562953064218,-0.0000385275561712,0.00106157921255,-0.00334478006698,0.00464198226109,-0.00288218376227,0.000125523598399,0.00270035443828,0.00226048682816,-0.0126787573099,0.0196707900614,-0.0086314715445,0.000759078888223],[-0.000380922720069,0.000140563992318,0.000232038670219,0.000374812254449,-0.00223294924945,0.0000764306532801,-0.00182184635196,-0.000953895738348,-0.000685949169565,0.00465584779158,-0.0086314715445,0.018162291497,-0.00812685117126],[-0.000192554522073,0.000118988347822,-0.000921199447475,0.00038455001777,0.000914249045309,-0.000212204424315,0.00109067244921,-0.00187102064956,-0.00141184835229,0.00111429637764,0.000759078888223,-0.00812685117126,0.0144685041159]],"mean":[-683.957763672,128.36126709,-47.3116035461,18.8776988983,-18.6509246826,-1.51561272144,-4.55808115005,0.517258763313,-0.331720232964,-6.10104846954,-0.829856753349,1.08308446407,-6.78223419189]},"pitch_salience":{"dmean":0.0491903312504,"dmean2":0.077216386795,"dvar":0.00204292708077,"dvar2":0.00499208178371,"max":0.889186799526,"mean":0.545391857624,"median":0.544501781464,"min":0.0716275572777,"var":0.0115963555872},"silence_rate_20dB":{"dmean":0,"dmean2":0,"dvar":0,"dvar2":0,"max":1,"mean":1,"median":1,"min":1,"var":0},"silence_rate_30dB":{"dmean":0.000560616666917,"dmean2":0.00112139049452,"dvar":0.000560288142879,"dvar2":0.00140042393468,"max":1,"mean":0.999159216881,"median":1,"min":0,"var":0.000840039225295},"silence_rate_60dB":{"dmean":0.0182200428098,"dmean2":0.0364451929927,"dvar":0.0178901199251,"dvar2":0.0382015556097,"max":1,"mean":0.23444506526,"median":0,"min":0,"var":0.179487407207},"spectral_centroid":{"dmean":141.377761841,"dmean2":205.218933105,"dvar":36943.8789062,"dvar2":56577.9960938,"max":11021.3300781,"mean":1569.78686523,"median":1377.67834473,"min":185.112411499,"var":470940.09375},"spectral_complexity":{"dmean":2.00616669655,"dmean2":3.15054678917,"dvar":3.93576335907,"dvar2":8.24633789062,"max":41,"mean":16.0952911377,"median":17,"min":0,"var":65.8818435669},"spectral_contrast_coeffs":{"dmean":[0.037075676024,0.0378559790552,0.0348613187671,0.0285423211753,0.0192335788161,0.0123810414225],"dmean2":[0.057330571115,0.0600399486721,0.0549250692129,0.0466753579676,0.0322276093066,0.0193886309862],"dvar":[0.00107729679439,0.00103577692062,0.000898060330655,0.000585703994147,0.000342243700288,0.000151991145685],"dvar2":[0.00242927507497,0.00265710055828,0.00217938493006,0.00154121243395,0.000904453336261,0.000329911737936],"max":[-0.248818442225,-0.388426721096,-0.440300643444,-0.539326071739,-0.544700980186,-0.528867781162],"mean":[-0.61618077755,-0.686114132404,-0.668596744537,-0.720402300358,-0.737513124943,-0.718632996082],"median":[-0.636586785316,-0.685688018799,-0.665462553501,-0.72021985054,-0.744056463242,-0.728488445282],"min":[-0.958226084709,-0.959456622601,-0.951788008213,-0.961811721325,-0.960799574852,-0.959655880928],"var":[0.0123909441754,0.00615406315774,0.0070263473317,0.00390508514829,0.00298552261665,0.0041858847253]},"spectral_contrast_valleys":{"dmean":[0.342866003513,0.29160708189,0.280299693346,0.222219079733,0.173063531518,0.129282429814],"dmean2":[0.550798416138,0.465486586094,0.438352972269,0.354176044464,0.270258516073,0.183983355761],"dvar":[0.141692563891,0.0855854526162,0.0885136947036,0.0658319815993,0.0653666555882,0.0445357225835],"dvar2":[0.274394094944,0.168787464499,0.161936357617,0.114738315344,0.112794920802,0.0583582744002],"max":[-5.80993270874,-4.9605307579,-5.24934959412,-5.90617132187,-6.23268938065,-7.25229310989],"mean":[-8.85900020599,-7.44677066803,-7.99335718155,-8.20248317719,-8.09555244446,-11.317363739],"median":[-8.60999202728,-7.03949356079,-7.60616779327,-7.86093044281,-7.7590675354,-10.7810764313],"min":[-27.0463638306,-27.7227935791,-27.4355354309,-27.4835739136,-27.2243919373,-27.2324924469],"var":[2.47031807899,1.9240899086,2.19733381271,1.57702577114,1.31736278534,1.88748931885]},"spectral_decrease":{"dmean":1.1049959836e-9,"dmean2":1.61434177137e-9,"dvar":2.4481626184e-18,"dvar2":5.65286048914e-18,"max":2.12008090357e-15,"mean":-5.19148546374e-9,"median":-4.37203873105e-9,"min":-4.02138198297e-8,"var":2.18013757109e-17},"spectral_energy":{"dmean":0.0044988966547,"dmean2":0.00659167813137,"dvar":0.0000399393320549,"dvar2":0.0000929639791138,"max":0.159126758575,"mean":0.0213281884789,"median":0.0179049931467,"min":1.95466309805e-9,"var":0.000363573228242},"spectral_energyband_high":{"dmean":0.000105124934635,"dmean2":0.000129414707772,"dvar":3.556354784e-7,"dvar2":3.75944637199e-7,"max":0.0330002941191,"mean":0.000358346675057,"median":0.000204236217542,"min":4.00825900249e-10,"var":0.00000139334338201},"spectral_energyband_low":{"dmean":0.000577206083108,"dmean2":0.000765914679505,"dvar":0.00000416836564909,"dvar2":0.00000748110915083,"max":0.0360209904611,"mean":0.00295516382903,"median":0.000748223043047,"min":3.15818510233e-10,"var":0.0000243234244408},"spectral_energyband_middle_high":{"dmean":0.00259085581638,"dmean2":0.00412039645016,"dvar":0.0000193144860532,"dvar2":0.0000509743767907,"max":0.0753128528595,"mean":0.00899217557162,"median":0.00423582177609,"min":3.99343752511e-11,"var":0.000118461757666},"spectral_energyband_middle_low":{"dmean":0.00301230326295,"dmean2":0.00432276260108,"dvar":0.0000232633992709,"dvar2":0.0000518740125699,"max":0.150183364749,"mean":0.00953121017665,"median":0.00701599288732,"min":3.13100899374e-11,"var":0.000118072377518},"spectral_entropy":{"dmean":0.0955073311925,"dmean2":0.142006054521,"dvar":0.00940708816051,"dvar2":0.019052522257,"max":9.78694725037,"mean":7.29422950745,"median":7.28825187683,"min":6.19406414032,"var":0.108175687492},"spectral_flux":{"dmean":0.0122364908457,"dmean2":0.0198575593531,"dvar":0.000202662457014,"dvar2":0.0005403382238,"max":0.209870964289,"mean":0.0539869368076,"median":0.0535163208842,"min":0.0000675977425999,"var":0.00147038535215},"spectral_kurtosis":{"dmean":1.9894182682,"dmean2":3.49998474121,"dvar":3.62053775787,"dvar2":11.1734170914,"max":21.5614318848,"mean":5.55892276764,"median":5.07736492157,"min":-1.14865791798,"var":7.20566749573},"spectral_rms":{"dmean":0.000422096287366,"dmean2":0.000597651000135,"dvar":2.42767100644e-7,"dvar2":5.28306713932e-7,"max":0.0124597605318,"mean":0.00397518416867,"median":0.00417950749397,"min":0.00000138093753321,"var":0.00000500589749208},"spectral_rolloff":{"dmean":239.020492554,"dmean2":391.961730957,"dvar":304066.03125,"dvar2":538420.8125,"max":21662.4023438,"mean":1956.19433594,"median":1485.79101562,"min":86.1328125,"var":4258192.5},"spectral_skewness":{"dmean":0.210647508502,"dmean2":0.358599424362,"dvar":0.0364985354245,"dvar2":0.105805516243,"max":3.10240769386,"mean":1.46596932411,"median":1.52609562874,"min":-0.130246341228,"var":0.203214347363},"spectral_spread":{"dmean":201360.78125,"dmean2":308025.1875,"dvar":179086475264,"dvar2":226332082176,"max":39130388,"mean":3260336,"median":3067814.75,"min":1580577.75,"var":1892992679940},"spectral_strongpeak":{"dmean":0.621329963207,"dmean2":1.03453016281,"dvar":0.948324382305,"dvar2":2.466101408,"max":10.3866891861,"mean":1.56789016724,"median":0.972247362137,"min":0,"var":2.58860254288},"zerocrossingrate":{"dmean":0.00592459319159,"dmean2":0.00664422521368,"dvar":0.000118452007882,"dvar2":0.0000901621824596,"max":0.66552734375,"mean":0.0680601522326,"median":0.055419921875,"min":0.0107421875,"var":0.00302653759718}},"metadata":{"audio_properties":{"analysis_sample_rate":44100,"bit_rate":0,"codec":"flac","downmix":"mix","equal_loudness":0,"length":165.666671753,"lossless":true,"md5_encoded":"f0da24020454e74b452d766abc02eee9","replay_gain":-9.76865386963},"tags":{"album":["Abbey Road"],"album artist":["The Beatles"],"albumartist":["The Beatles"],"albumartist_credit":["The Beatles"],"albumartistsort":["Beatles, The"],"artist":["The Beatles"],"artist_credit":["The Beatles"],"artistsort":["Beatles, The"],"asin":["B0025KVLUQ"],"barcode":["094638246824"],"bpm":["0"],"catalognumber":["0946 3 82468 2 4"],"compilation":["0"],"date":["2009-09-09"],"disc":["1"],"discc":["1"],"discnumber":["1"],"disctotal":["1"],"file_name":"124-08. Because.flac","label":["Apple Records"],"language":["eng"],"media":["CD"],"musicbrainz_albumartistid":["b10bbbfc-cf9e-42e0-be17-e2c3e1d2600d"],"musicbrainz_albumid":["c93e1d4c-89fa-3139-9c65-8542a39f07d1"],"musicbrainz_albumstatus":["Official"],"musicbrainz_albumtype":["album"],"musicbrainz_artistid":["b10bbbfc-cf9e-42e0-be17-e2c3e1d2600d"],"musicbrainz_recordingid":["1e1d1f33-346c-4f9a-ad05-03aa715c2f37"],"musicbrainz_releasegroupid":["9162580e-5df4-32de-80cc-f45a8d8a9b1d"],"originaldate":["1969-09-26"],"publisher":["Apple Records"],"releasecountry":["XW"],"releasestatus":["official"],"releasetype":["album"],"replaygain_album_gain":["-5.65 dB"],"replaygain_album_peak":["0.972473"],"replaygain_reference_loudness":["89.0 dB"],"replaygain_track_gain":["-4.51 dB"],"replaygain_track_peak":["0.875854"],"script":["Latn"],"title":["Because"],"totaldiscs":["1"],"totaltracks":["17"],"track":["8"],"trackc":["17"],"tracknumber":["8"],"tracktotal":["17"],"year":["2009"]},"version":{"essentia":"2.1-beta1","essentia_build_sha":"12879b851c9f4b0d899e1af4e221aa110f283a84","essentia_git_sha":"v2.1_beta1-7-ge0e83e8-dirty","extractor":"music 1.0"}},"rhythm":{"beats_count":434,"beats_loudness":{"dmean":0.012052048929,"dmean2":0.019850037992,"dvar":0.00016501666