{"lowlevel":{"average_loudness":0.977478086948,"barkbands":{"dmean":[0.0222905445844,0.0398145467043,0.0044311080128,0.00168675731402,0.00270634982735,0.00193400809076,0.00157875369769,0.000793408718891,0.00110290269367,0.00100401625969,0.000505499599967,0.000400934135541,0.000434108398622,0.000427193619544,0.00028784351889,0.000121717697766,0.0000928398731048,0.0000926846332732,0.0000768526369939,0.0000546685951122,0.0000377042379114,0.000035981171095,0.0000333079588017,0.000032212385122,0.00000483697385789,0.0000499125053466,0.000426564511145],"dmean2":[0.0342293791473,0.0655552893877,0.00746763078496,0.00287866150029,0.00438991747797,0.00317716598511,0.00256361742504,0.00132103462238,0.00180796382483,0.00164913677145,0.000818649481516,0.000652689894196,0.000708274601493,0.000665926607326,0.000453408400062,0.000193498213775,0.000145646030433,0.000143060067785,0.000118393996672,0.0000833368540043,0.000057539131376,0.0000545408693142,0.0000495210733789,0.0000470120394311,0.00000809290850157,0.000070611386036,0.000596848956775],"dvar":[0.0013973681489,0.001912338892,0.0000358930701623,0.00000590562103753,0.0000190460687008,0.0000149876714204,0.0000117205472634,0.00000200235035663,0.00000340648330166,0.00000384834947909,5.86893349919e-7,4.48169856782e-7,7.07300046088e-7,4.56730646192e-7,2.00692468866e-7,2.6790825558e-8,1.63322475544e-8,1.63995945712e-8,1.53555443916e-8,5.58405188755e-9,2.25034391121e-9,2.29330021639e-9,1.91933913207e-9,1.87273951902e-9,4.90899751404e-11,4.98565944085e-9,4.56693442175e-7],"dvar2":[0.00303917773999,0.00486147962511,0.0000958109012572,0.0000159046030603,0.0000452310123364,0.0000371510723198,0.0000294345027214,0.0000051352067203,0.000008879638699,0.0000102033372968,0.00000141481882565,0.00000111451481644,0.00000196819974008,9.9843919088e-7,4.77203798255e-7,6.64962485075e-8,4.12567722208e-8,3.95097217165e-8,3.55733114077e-8,1.24532233414e-8,5.04602049034e-9,5.24590282325e-9,4.05933020531e-9,3.91095555941e-9,1.29862315346e-10,9.53128065362e-9,8.71428085247e-7],"max":[0.337231695652,0.417661845684,0.067880243063,0.0424398109317,0.0731652081013,0.0915612727404,0.0737552419305,0.0367263108492,0.0351351834834,0.0344008952379,0.0135227963328,0.0156543087214,0.0213353838772,0.0130902975798,0.00777909252793,0.00205261074007,0.00171794765629,0.00248742848635,0.00325682479888,0.00227457121946,0.000977141200565,0.000808158016298,0.000720881274901,0.000819219159894,0.0000817390391603,0.00107535638381,0.014863894321],"mean":[0.0251185633242,0.0544634722173,0.0055867722258,0.00205069896765,0.00358262634836,0.00257647316903,0.00225626910105,0.00106186373159,0.00163577788044,0.00145332224201,0.000730130763259,0.000604158616625,0.000661734200548,0.000644632440526,0.000451554806205,0.000199812289793,0.000154132110765,0.000166799247381,0.00014442941756,0.000111789922812,0.0000837890329421,0.0000834822058096,0.0000792964347056,0.0000812463549664,0.00000505068601342,0.000144497011206,0.000914545613341],"median":[0.0093707870692,0.0374073162675,0.00360809871927,0.00124503229745,0.00167810544372,0.00102170789614,0.000687787192874,0.000514195999131,0.000756909605116,0.000554459402338,0.000401796190999,0.0003413168306,0.000315280689392,0.000319643178955,0.000233905098867,0.000126921746414,0.00009370277985,0.0000985938386293,0.0000889421353349,0.0000822023721412,0.0000628817360848,0.0000577443133807,0.0000521094261785,0.0000522538248333,0.00000230522482525,0.0000915958735277,0.000619025260676],"min":[1.95667244551e-23,2.7275733545e-23,1.58389070272e-23,2.58053315276e-23,5.32380957244e-23,1.78503319416e-23,7.84401758514e-23,4.70977602103e-23,8.1900157647e-23,7.36406009536e-23,3.32742823554e-23,5.55237539329e-23,1.21757500034e-22,1.20620909241e-22,1.31423153959e-22,1.8610358403e-22,1.91503772377e-22,2.17655458018e-22,3.61897349252e-22,2.44785331182e-22,3.95785879729e-22,3.9154074783e-22,4.13512606633e-22,1.11608535644e-21,1.12470592744e-21,1.8201069345e-21,2.44381727224e-21],"var":[0.00168928562198,0.00291565526277,0.0000414550268033,0.00000657576310914,0.0000313014061248,0.0000236505602516,0.0000230858204304,0.00000304595369016,0.00000607035508438,0.00000699052043274,0.00000100310023754,7.27143344648e-7,0.00000116043838716,8.56181316067e-7,3.73482606619e-7,4.67486920286e-8,3.08339416222e-8,3.84701337452e-8,3.60721941206e-8,1.43882177284e-8,6.8449947932e-9,7.60829799162e-9,7.56999973817e-9,8.21745071988e-9,5.42271089143e-11,2.64100794567e-8,0.00000108169115265]},"barkbands_crest":{"dmean":4.2363038063,"dmean2":7.33507108688,"dvar":10.9813623428,"dvar2":32.5087966919,"max":25.5615901947,"mean":13.9598207474,"median":14.2233886719,"min":3.21042084694,"var":21.4641895294},"barkbands_flatness_db":{"dmean":0.0462026260793,"dmean2":0.072047688067,"dvar":0.00165842368733,"dvar2":0.00370815489441,"max":0.576000452042,"mean":0.179660543799,"median":0.165283560753,"min":0.0396450944245,"var":0.00555121619254},"barkbands_kurtosis":{"dmean":25.0550727844,"dmean2":40.2653236389,"dvar":1895.11132812,"dvar2":4517.95410156,"max":612.893371582,"mean":34.009262085,"median":13.1090831757,"min":-1.7043902874,"var":3087.68676758},"barkbands_skewness":{"dmean":1.62220847607,"dmean2":2.54726624489,"dvar":2.97091507912,"dvar2":6.70291996002,"max":20.9137039185,"mean":4.20030546188,"median":3.36629033089,"min":-1.99048638344,"var":7.94542646408},"barkbands_spread":{"dmean":8.5527715683,"dmean2":13.5248355865,"dvar":81.5955810547,"dvar2":193.764328003,"max":118.995506287,"mean":17.8623218536,"median":15.2192687988,"min":0.172049358487,"var":188.117904663},"dissonance":{"dmean":0.0183160938323,"dmean2":0.0310549680144,"dvar":0.000344489322742,"dvar2":0.00095520587638,"max":0.500000178814,"mean":0.472535789013,"median":0.478415131569,"min":0.295703649521,"var":0.000547561619896},"dynamic_complexity":2.48738050461,"erbbands":{"dmean":[2.26548314095,5.59033060074,5.93219661713,4.86829471588,7.16266870499,10.006690979,11.3157548904,17.7302284241,22.3377838135,21.4502372742,17.2044410706,25.2846851349,30.8937416077,24.8035964966,17.6729660034,16.4317703247,19.7472171783,19.0109596252,17.8285541534,11.3404464722,5.76482152939,5.08872509003,5.1442360878,4.2952914238,3.57353758812,2.55181241035,1.64689922333,1.4886521101,1.33469510078,1.15035235882,0.95067512989,0.745734035969,0.508892893791,0.084899328649,0.033068023622,0.115765124559,0.120002292097,0.0594961233437,0.0190080720931,0.00946738664061],"dmean2":[3.61836361885,9.67684078217,9.94115638733,8.13400650024,11.9685125351,16.3859939575,18.8140716553,29.226726532,36.3979187012,35.2979698181,28.4275150299,41.476940155,50.6650619507,39.8712348938,28.4537010193,26.5887718201,31.8384132385,29.8089942932,27.6057567596,17.8131523132,9.06476783752,7.93762779236,7.92867231369,6.61567163467,5.49394607544,3.88188743591,2.51069951057,2.2613067627,2.03658485413,1.7218477726,1.41317355633,1.10752737522,0.754742503166,0.134484365582,0.0548933967948,0.171523958445,0.171008065343,0.0839600116014,0.027105493471,0.0127079896629],"dvar":[7.59381151199,41.8606643677,64.3977813721,41.9736404419,134.870544434,358.780426025,437.557769775,1476.20739746,2745.88916016,1738.52880859,916.432250977,1776.84118652,4003.39892578,1751.45080566,677.214599609,790.485839844,1504.25366211,926.588317871,770.346862793,274.393310547,63.0964050293,50.6459617615,48.5632209778,47.5048294067,32.5339508057,11.7397031784,4.04260778427,4.0164065361,3.20675158501,2.31246471405,1.56773638725,0.993968307972,0.48284932971,0.0111445272341,0.00229059625417,0.0260896030813,0.0281417164952,0.00708020012826,0.000637807010207,0.000161524003488],"dvar2":[16.8948612213,119.433250427,171.063873291,111.391609192,345.110992432,826.396240234,1131.92736816,3653.32543945,6777.28857422,4451.72753906,2330.17675781,4602.32275391,10827.6455078,4573.93847656,1635.51086426,1950.78125,4211.25488281,2059.52636719,1793.69714355,621.015869141,158.040664673,126.995376587,117.616233826,114.597259521,70.5664520264,26.4946193695,9.26651573181,9.39237117767,7.40180969238,5.16461372375,3.36773228645,2.16325616837,1.04659974575,0.0269446242601,0.00613866560161,0.0553030744195,0.0560622103512,0.0138064315543,0.0012434682576,0.00029696666752],"max":[27.0068569183,53.8585853577,87.0892868042,119.225776672,296.698394775,372.143066406,436.370819092,1000.02868652,1190.22631836,1001.02630615,967.040222168,803.368164062,1192.1776123,703.096130371,631.210998535,706.33190918,886.021118164,658.496704102,436.596893311,299.834899902,125.795585632,98.8064193726,109.73235321,223.569168091,188.229446411,108.141578674,38.5196151733,43.867805481,35.3423500061,21.8479690552,19.1322574615,13.7810430527,14.5353736877,1.41494691372,0.605337262154,3.00745439529,2.36039471626,1.27737605572,0.441097170115,0.204016402364],"mean":[2.94370555878,6.87034463882,7.71664762497,6.86641645432,8.94053459167,12.4303007126,14.6605081558,23.2323627472,31.0825195312,30.8211078644,24.9057331085,37.4409675598,45.7793655396,38.3467178345,27.6380386353,26.1952762604,30.9919872284,30.9930706024,29.4019756317,18.3869724274,10.0914869308,8.78586673737,9.25879192352,8.04681968689,6.9583067894,5.23989915848,3.61878705025,3.25472164154,3.01449251175,2.62679576874,2.22237443924,1.79113912582,1.19166767597,0.152212649584,0.0426076576114,0.268378466368,0.324991196394,0.167650282383,0.056853685528,0.0212479811162],"median":[1.69015645981,4.67844438553,5.05891132355,4.70215511322,4.60250663757,5.10683679581,6.68004989624,8.65161514282,9.04234695435,11.8598489761,12.8433532715,17.5514221191,17.687122345,18.2123794556,16.7021350861,14.9003009796,15.4197597504,16.8815441132,15.3824939728,11.0526027679,6.60667324066,5.3545217514,5.50408840179,4.95929145813,4.44849395752,3.89501905441,2.89793038368,2.30566501617,2.08437657356,1.76657938957,1.44012880325,1.15991795063,0.72133988142,0.097220659256,0.0271215364337,0.151074677706,0.204908132553,0.109901756048,0.0407517328858,0.0144405607134],"min":[1.00748922437e-21,5.76765737711e-21,1.31209892923e-20,6.78184898587e-20,7.17767171109e-20,2.81181230878e-19,9.60312553334e-20,1.96186264514e-19,9.88769828227e-19,1.4181295057e-18,8.54429854786e-19,1.9486528551e-18,2.59569358937e-18,1.40670934677e-18,1.53433618085e-18,2.42359452703e-18,6.47511648192e-18,6.11980973519e-18,9.00316200002e-18,5.81300182855e-18,1.01592188708e-17,1.21964050736e-17,1.26209712395e-17,1.92650265402e-17,1.23489495863e-17,1.30619602492e-17,1.30346128309e-17,1.58957511604e-17,1.15195860441e-17,1.7918697449e-17,1.25007000056e-17,2.21300559273e-17,1.62276755792e-17,1.13631719805e-17,9.33312021047e-18,6.04793849331e-18,3.74158358322e-18,1.12561238491e-18,3.0719021918e-19,4.1224019242e-20],"var":[11.8677778244,48.4871826172,73.3607559204,53.9121589661,189.531112671,545.540283203,601.686523438,2236.04223633,4918.83789062,3312.75488281,1464.13439941,3057.23681641,7021.65820312,3287.28369141,1207.54785156,1354.07727051,2462.12304688,1835.6114502,1532.26745605,496.378356934,115.736961365,97.5618133545,113.084403992,103.526283264,84.7681732178,30.3497524261,11.2252759933,11.7574062347,10.1111726761,8.05015468597,6.0011715889,3.93134379387,1.87910377979,0.0281502399594,0.00270502944477,0.101805247366,0.136037260294,0.035201523453,0.00301693682559,0.000453009415651]},"erbbands_crest":{"dmean":2.32303643227,"dmean2":3.81840872765,"dvar":5.19746112823,"dvar2":13.2051553726,"max":26.835439682,"mean":6.88525342941,"median":6.01757049561,"min":1.96120381355,"var":10.9579648972},"erbbands_flatness_db":{"dmean":0.0197889469564,"dmean2":0.030688200146,"dvar":0.000382376892958,"dvar2":0.00089474854758,"max":0.289017468691,"mean":0.105281807482,"median":0.102112621069,"min":0.0326157025993,"var":0.00196397909895},"erbbands_kurtosis":{"dmean":0.858686804771,"dmean2":1.40028858185,"dvar":1.34162473679,"dvar2":3.55244636536,"max":36.9908638,"mean":0.465834200382,"median":0.150634080172,"min":-1.65514361858,"var":2.19871282578},"erbbands_skewness":{"dmean":0.353420048952,"dmean2":0.558925151825,"dvar":0.10445523262,"dvar2":0.259486734867,"max":5.62094497681,"mean":0.278008401394,"median":0.290860891342,"min":-3.23980998993,"var":0.404463261366},"erbbands_spread":{"dmean":10.3184118271,"dmean2":16.0293331146,"dvar":113.860656738,"dvar2":248.291900635,"max":131.726074219,"mean":42.7631530762,"median":35.2444419861,"min":5.51108217239,"var":536.406799316},"gfcc":{"cov":[[13254.9619141,196.250930786,-152.548049927,-203.197341919,-385.415435791,-93.0813446045,-37.8110466003,-282.396087646,-57.058631897,-137.08013916,-130.763320923,78.6687164307,-359.784851074],[196.250930786,1185.46081543,-365.585968018,-303.347564697,194.884735107,-206.154998779,52.5655136108,-28.3145694733,41.5143089294,-27.3900794983,118.482818604,-115.694137573,161.347473145],[-152.548049927,-365.585968018,519.756896973,245.626373291,-150.372360229,181.867126465,-48.0007400513,52.6110191345,2.8276348114,48.3283729553,-70.4872817993,82.056854248,-82.2961502075],[-203.197341919,-303.347564697,245.626373291,298.319732666,11.7971601486,114.562446594,19.0128974915,31.1006584167,-32.2732315063,-3.77234101295,-40.1154823303,54.4992675781,-54.1131515503],[-385.415435791,194.884735107,-150.372360229,11.7971601486,288.659301758,-11.4321079254,97.4968261719,6.45616054535,27.3351020813,-29.0577754974,55.1825561523,-60.3456192017,82.0407485962],[-93.0813446045,-206.154998779,181.867126465,114.562446594,-11.4321079254,171.17414856,6.56935405731,39.2341346741,-7.06356668472,23.1328964233,-29.5599269867,36.3616218567,-23.2087211609],[-37.8110466003,52.5655136108,-48.0007400513,19.0128974915,97.4968261719,6.56935405731,119.290176392,32.7960281372,33.6565628052,-16.6413841248,18.2501277924,-8.27173042297,16.2028141022],[-282.396087646,-28.3145694733,52.6110191345,31.1006584167,6.45616054535,39.2341346741,32.7960281372,111.119026184,32.3659172058,19.5178031921,4.27712678909,1.01313221455,17.0711326599],[-57.058631897,41.5143089294,2.8276348114,-32.2732315063,27.3351020813,-7.06356668472,33.6565628052,32.3659172058,89.6598892212,38.2473220825,18.8532123566,-7.77349424362,9.73721313477],[-137.08013916,-27.3900794983,48.3283729553,-3.77234101295,-29.0577754974,23.1328964233,-16.6413841248,19.5178031921,38.2473220825,72.2252044678,26.9336128235,9.97133922577,2.00319766998],[-130.763320923,118.482818604,-70.4872817993,-40.1154823303,55.1825561523,-29.5599269867,18.2501277924,4.27712678909,18.8532123566,26.9336128235,65.4875564575,-1.21146929264,34.5409049988],[78.6687164307,-115.694137573,82.056854248,54.4992675781,-60.3456192017,36.3616218567,-8.27173042297,1.01313221455,-7.77349424362,9.97133922577,-1.21146929264,64.8943023682,-18.7688961029],[-359.784851074,161.347473145,-82.2961502075,-54.1131515503,82.0407485962,-23.2087211609,16.2028141022,17.0711326599,9.73721313477,2.00319766998,34.5409049988,-18.7688961029,92.2074356079]],"icov":[[0.0000989846521406,-0.0000864524554345,0.00008129930211,0.0000755274304538,0.0000495892163599,-0.000100110468338,-0.0000415837967012,0.000139637500979,-0.0000818310800241,0.000128377985675,0.000115854280011,-0.000233760423725,0.000481397699332],[-0.0000864524554345,0.0018331395695,-0.000574702280574,0.000746595440432,0.000354357762262,0.000648428336717,-0.000357087847078,0.000388818007195,-0.000345008913428,0.00173654721584,-0.00300970533863,0.00239607831463,-0.00216724094935],[0.00008129930211,-0.000574702280574,0.00697819842026,-0.00547668803483,0.00417336868122,-0.00479204580188,0.0023244083859,0.000369498855434,-0.00493410322815,0.00106855027843,0.000287121045403,0.000600993866101,-0.000546721392311],[0.0000755274304538,0.000746595440432,-0.00547668803483,0.0137264542282,-0.0110102519393,0.00462540797889,-0.00228740903549,-0.00419235043228,0.0106248147786,-0.00844076927751,0.00995231047273,-0.0115599734709,0.00727464258671],[0.0000495892163599,0.000354357762262,0.00417336868122,-0.0110102519393,0.0217418391258,-0.00992349348962,-0.00306261656806,0.00759191159159,-0.0133946165442,0.0188307147473,-0.0223187021911,0.0213803183287,-0.0121551007032],[-0.000100110468338,0.000648428336717,-0.00479204580188,0.00462540797889,-0.00992349348962,0.0168992783874,-0.00296945753507,-0.00504584051669,0.0107979262248,-0.0150463115424,0.0148057509214,-0.0108274230734,0.00288759195246],[-0.0000415837967012,-0.000357087847078,0.0023244083859,-0.00228740903549,-0.00306261656806,-0.00296945753507,0.0176068283617,-0.00397167913616,-0.00886709243059,0.00964366085827,-0.0046925060451,-0.00229489640333,0.00283123855479],[0.000139637500979,0.000388818007195,0.000369498855434,-0.00419235043228,0.00759191159159,-0.00504584051669,-0.00397167913616,0.0156023232266,-0.00761900423095,0.00514953536913,-0.00706121278927,0.00874948874116,-0.00736282905564],[-0.0000818310800241,-0.000345008913428,-0.00493410322815,0.0106248147786,-0.0133946165442,0.0107979262248,-0.00886709243059,-0.00761900423095,0.032377678901,-0.0279780458659,0.018850106746,-0.0120489420369,0.00739515898749],[0.000128377985675,0.00173654721584,0.00106855027843,-0.00844076927751,0.0188307147473,-0.0150463115424,0.00964366085827,0.00514953536913,-0.0279780458659,0.0548512563109,-0.0426287427545,0.020957224071,-0.00772977666929],[0.000115854280011,-0.00300970533863,0.000287121045403,0.00995231047273,-0.0223187021911,0.0148057509214,-0.0046925060451,-0.00706121278927,0.018850106746,-0.0426287427545,0.062707439065,-0.0319121778011,0.00648135738447],[-0.000233760423725,0.00239607831463,0.000600993866101,-0.0115599734709,0.0213803183287,-0.0108274230734,-0.00229489640333,0.00874948874116,-0.0120489420369,0.020957224071,-0.0319121778011,0.0456278659403,-0.012258422561],[0.000481397699332,-0.00216724094935,-0.000546721392311,0.00727464258671,-0.0121551007032,0.00288759195246,0.00283123855479,-0.00736282905564,0.00739515898749,-0.00772977666929,0.00648135738447,-0.012258422561,0.0271682534367]],"mean":[25.6588554382,85.9979553223,-68.088760376,5.39125585556,-14.3355731964,3.01330542564,1.42351734638,-3.70586252213,2.04135155678,-1.12834846973,-1.89611029625,0.720237731934,-7.98290967941]},"hfc":{"dmean":38.7225723267,"dmean2":51.9409484863,"dvar":2068.74707031,"dvar2":3952.18579102,"max":741.795654297,"mean":108.225700378,"median":83.1551971436,"min":1.18100070065e-16,"var":7889.9765625},"melbands":{"dmean":[0.0155219398439,0.00420054839924,0.000865521724336,0.000606856832746,0.000401899480494,0.000393791007809,0.000335620396072,0.000217704466195,0.000147834172822,0.000160429015523,0.000158401730005,0.000107082320028,0.0000670257941238,0.0000449702311016,0.0000464069162263,0.0000413638845203,0.0000378930853913,0.0000326537483488,0.0000199607911782,0.0000111153485705,0.00000664014760332,0.0000054972624639,0.00000521156516697,0.00000464087997898,0.00000363868207387,0.00000293378320748,0.00000249948016062,0.00000166878282926,0.00000112960003662,0.00000100970441963,9.06490697616e-7,8.24379526421e-7,7.42020290545e-7,6.71469422286e-7,6.0294019022e-7,5.33989066298e-7,4.82826010284e-7,4.22836563985e-7,2.16457223701e-7,4.06629432348e-8],"dmean2":[0.0247973389924,0.00710420124233,0.00143447518349,0.000989217311144,0.000664320308715,0.000646897242405,0.00054517260287,0.000358766934369,0.000244196970016,0.000263390131295,0.000260024680756,0.000172811269294,0.000108793363324,0.0000730249157641,0.0000757589295972,0.000067718909122,0.0000596343779762,0.0000508846678713,0.000031616888009,0.000017621434381,0.000010644897884,0.00000871904921951,0.00000824366270535,0.00000720642037777,0.00000570206020711,0.00000462875186713,0.00000389667638956,0.00000260097704086,0.00000175924105861,0.00000155522104706,0.00000140642350743,0.00000128373721964,0.00000114473493795,0.00000102399803836,9.14460201784e-7,8.06803825526e-7,7.27991391614e-7,6.33675824702e-7,3.35927154538e-7,6.86612793288e-8],"dvar":[0.000325498287566,0.000026708086807,0.00000128541194044,0.00000104898344944,4.95366123232e-7,6.98114206443e-7,5.84830786465e-7,1.65582406453e-7,6.43196997885e-8,7.29104527863e-8,1.05067940126e-7,3.47157715908e-8,1.02895727494e-8,5.20239895607e-9,8.13682632383e-9,6.68554989147e-9,4.03024547069e-9,2.67689559408e-9,9.58120915939e-10,2.43143477574e-10,9.38498098679e-11,6.01484903551e-11,5.22444310036e-11,4.41956748976e-11,3.66563966681e-11,2.26481298993e-11,1.5779324028e-11,4.89956903174e-12,1.90604845275e-12,1.91611158364e-12,1.54749563858e-12,1.28437213122e-12,1.03130850214e-12,8.08622700049e-13,6.70474851854e-13,4.93895777141e-13,4.36220477058e-13,3.41084013247e-13,9.57015567596e-14,3.92818771421e-15],"dvar2":[0.00073225441156,0.0000728087543393,0.00000340005067301,0.00000247043112722,0.0000012480463738,0.00000172814839061,0.00000145434182741,4.24980498792e-7,1.6773532252e-7,1.87761770576e-7,2.83965050585e-7,9.08313424475e-8,2.46305109641e-8,1.27535724204e-8,2.14173692115e-8,1.86764896881e-8,8.68578364788e-9,6.22526830085e-9,2.2737938199e-9,5.68935565326e-10,2.39068570496e-10,1.53383805657e-10,1.3265623322e-10,1.07997936982e-10,9.10382047525e-11,5.30523958098e-11,3.45015752079e-11,1.18368986488e-11,4.60309524872e-12,4.41172532534e-12,3.78432788578e-12,3.06802478388e-12,2.44888441123e-12,1.86547847482e-12,1.52558770738e-12,1.13023956513e-12,9.98710879621e-13,7.70122247223e-13,2.18158675261e-13,1.04974427927e-14],"max":[0.174286335707,0.051546331495,0.0195522643626,0.0202628038824,0.0121335601434,0.0208906978369,0.0157575849444,0.00972990971059,0.00681721279398,0.0053001223132,0.00611796462908,0.00309224962257,0.00196091039106,0.00172477297019,0.00202474207617,0.00199408712797,0.00151310884394,0.000908837420866,0.000476047687698,0.000218656481593,0.000147620943608,0.000109661676106,0.0000924918131204,0.000151607804582,0.000191939092474,0.000152089342009,0.000148866005475,0.0000556217164558,0.0000279501964542,0.0000336691336997,0.0000209237332456,0.0000207702396438,0.0000160691743076,0.0000147359860421,0.0000140433485285,0.00000864418689162,0.00000968491804088,0.0000115241355161,0.00000482457608086,7.69265000145e-7],"mean":[0.0213285647333,0.00565164163709,0.00125649769325,0.000781897630077,0.000530611549038,0.000524543400388,0.00047739452566,0.000311104231514,0.000208141311305,0.000236243329709,0.000229283337831,0.000159628063557,0.0000988035390037,0.0000675989649608,0.0000708140069037,0.000063357198087,0.0000579106526857,0.0000509845958732,0.0000309873867081,0.0000175475379365,0.0000106627157948,0.00000894886306924,0.00000852782795846,0.00000809063385532,0.00000634831485513,0.00000527386282556,0.00000460164756078,0.000003181935881,0.00000226272868531,0.00000202123351301,0.00000182810697424,0.0000017207574956,0.0000015667817479,0.00000141756436278,0.00000129648435632,0.00000116391618121,0.00000107181881503,9.53068706622e-7,4.14293424456e-7,3.93597652248e-8],"median":[0.0134583730251,0.0040509919636,0.000893593998626,0.000358897261322,0.000241521178395,0.000197862827918,0.000140693155117,0.000128720450448,0.000106205319753,0.000108433727291,0.0000845458125696,0.0000708856387064,0.0000560957887501,0.0000387798754673,0.0000344521868101,0.0000311213880195,0.0000294882847811,0.0000247942389251,0.0000167838552443,0.0000107413834485,0.00000640305370325,0.00000530040460944,0.00000501932845509,0.00000463890955871,0.00000379884568247,0.00000323829294757,0.00000295092013403,0.00000236740675064,0.00000178029654307,0.00000144893169818,0.00000125375140669,0.00000116613409773,0.00000104537798506,9.14454062695e-7,8.0839254224e-7,7.30447140995e-7,6.65434185976e-7,5.78910373861e-7,2.15630095113e-7,1.62624971267e-8],"min":[9.53315842538e-24,6.98597231635e-24,1.06790317439e-23,1.28834002028e-23,5.68782714945e-24,5.58436251971e-24,1.41882408266e-23,1.49216069448e-23,6.86575070326e-24,1.26372803335e-23,1.33813434056e-23,6.12884891042e-24,4.50582242376e-24,7.06294226373e-24,6.03259920251e-24,1.63049976044e-23,9.71640134733e-24,1.51696153471e-23,6.3966951923e-24,1.148857106e-23,1.14407566228e-23,1.24063065936e-23,1.15579316551e-23,1.04085352838e-23,1.66628201779e-23,1.09295668676e-23,7.14173447981e-24,9.05070529524e-24,6.14596324776e-24,1.21457955348e-23,7.0735445543e-24,5.51689952952e-24,9.09555124884e-24,9.90372425788e-24,6.89841664448e-24,9.20750559965e-24,1.45758996972e-23,1.22985907924e-23,8.6238510817e-24,1.01189594338e-23],"var":[0.000529142736923,0.000031643503462,0.00000169403358541,0.00000170188297943,7.21994581454e-7,0.00000108710435143,0.00000109985944619,3.11327340796e-7,9.901840059e-8,1.27077584011e-7,1.84317926255e-7,6.37226591493e-8,1.77436039195e-8,8.40005753844e-9,1.33402924263e-8,1.05087405444e-8,7.6451014408e-9,5.0409805219e-9,1.70941272248e-9,4.13416745282e-10,1.57035412451e-10,1.07158885931e-10,9.88970225158e-11,9.77118871925e-11,7.07074329642e-11,5.08215587669e-11,3.7795964275e-11,1.08330054996e-11,4.55688134796e-12,4.76622647599e-12,4.00339830731e-12,3.49885246644e-12,2.9246472865e-12,2.52394220975e-12,2.17165781885e-12,1.70889246764e-12,1.48873350713e-12,1.22063546337e-12,2.71035608236e-13,3.95684368585e-15]},"melbands_crest":{"dmean":5.97671461105,"dmean2":9.5368013382,"dvar":25.1241531372,"dvar2":55.965007782,"max":39.4175109863,"mean":24.0489807129,"median":24.1318893433,"min":1.67736303806,"var":70.8056182861},"melbands_flatness_db":{"dmean":0.0528986155987,"dmean2":0.0838553011417,"dvar":0.00203113700263,"dvar2":0.00482739089057,"max":0.719091713428,"mean":0.297103136778,"median":0.285494744778,"min":0.00413848552853,"var":0.00714848190546},"melbands_kurtosis":{"dmean":60.464969635,"dmean2":96.6608047485,"dvar":15901.0048828,"dvar2":38003.4882812,"max":2060.10644531,"mean":75.8340148926,"median":24.5234394073,"min":-1.68640100956,"var":20752.6777344},"melbands_skewness":{"dmean":2.40045547485,"dmean2":3.72073221207,"dvar":7.78763389587,"dvar2":17.4840602875,"max":32.8304214478,"mean":5.7255396843,"median":4.36725664139,"min":-0.171007469296,"var":19.8676643372},"melbands_spread":{"dmean":4.8798956871,"dmean2":8.02180957794,"dvar":30.5686607361,"dvar2":77.0282440186,"max":171.586120605,"mean":10.1335935593,"median":7.5171995163,"min":0.0631024762988,"var":159.594924927},"mfcc":{"cov":[[7546.09082031,89.1793823242,0.590814232826,-57.821937561,-391.218292236,88.1600875854,-289.903106689,66.0589599609,-345.485046387,86.0740890503,-229.833312988,78.6703338623,-266.548034668],[89.1793823242,1253.8425293,-463.731109619,-87.1656646729,17.7703418732,-162.263259888,49.3074645996,-129.909988403,48.847202301,-17.1862239838,88.5283050537,-97.1623840332,79.8060531616],[0.590814232826,-463.731109619,676.544433594,41.9503288269,-8.55012321472,109.371429443,-75.5745010376,72.6069335938,-5.10120868683,14.0813837051,-19.6341056824,80.1471099854,-24.3795413971],[-57.821937561,-87.1656646729,41.9503288269,174.059188843,45.9566116333,45.0509757996,42.8617286682,56.319278717,8.51783084869,0.311993032694,-11.8219861984,27.0495548248,3.57459449768],[-391.218292236,17.7703418732,-8.55012321472,45.9566116333,140.590301514,38.5479736328,66.4739227295,5.08107042313,48.4902763367,-1.59324014187,24.6515750885,-8.65014743805,28.2917861938],[88.1600875854,-162.263259888,109.371429443,45.0509757996,38.5479736328,142.348968506,20.6291465759,46.6181488037,-11.0209379196,18.0969295502,-19.4509677887,25.9952945709,-21.6412620544],[-289.903106689,49.3074645996,-75.5745010376,42.8617286682,66.4739227295,20.6291465759,121.184295654,32.6311721802,43.5026016235,-13.5558576584,17.3985404968,-10.4634571075,26.9722671509],[66.0589599609,-129.909988403,72.6069335938,56.319278717,5.08107042313,46.6181488037,32.6311721802,111.055496216,25.6302375793,16.4975318909,-17.368768692,27.8384475708,-8.49015617371],[-345.485046387,48.847202301,-5.10120868683,8.51783084869,48.4902763367,-11.0209379196,43.5026016235,25.6302375793,99.0282745361,22.6085262299,30.8564720154,-2.20335054398,31.7540073395],[86.0740890503,-17.1862239838,14.0813837051,0.311993032694,-1.59324014187,18.0969295502,-13.5558576584,16.4975318909,22.6085262299,71.9240646362,17.8313941956,18.9762630463,-4.53561925888],[-229.833312988,88.5283050537,-19.6341056824,-11.8219861984,24.6515750885,-19.4509677887,17.3985404968,-17.368768692,30.8564720154,17.8313941956,69.7584381104,9.29604721069,28.1696987152],[78.6703338623,-97.1623840332,80.1471099854,27.0495548248,-8.65014743805,25.9952945709,-10.4634571075,27.8384475708,-2.20335054398,18.9762630463,9.29604721069,70.1598892212,8.54673957825],[-266.548034668,79.8060531616,-24.3795413971,3.57459449768,28.2917861938,-21.6412620544,26.9722671509,-8.49015617371,31.7540073395,-4.53561925888,28.1696987152,8.54673957825,63.2308807373]],"icov":[[0.000214067476918,-0.000158551862114,0.0000206264576263,0.0000535761573701,0.000184942677151,-0.0000438453607785,0.000109220010927,-0.0002366858389,0.000508782279212,-0.000359686033335,0.000476359884487,-0.000363749248208,0.000486946519231],[-0.000158551862114,0.00147238816135,0.000615847471636,-0.0000834959937492,0.000173978856765,0.000293622957543,-0.0000240445006057,0.000743367243558,-0.000610832241364,0.000265634793323,-0.00145469617564,0.00142837490421,-0.00137102312874],[0.0000206264576263,0.000615847471636,0.00263229501434,-0.0000913772601052,-0.0000495926069561,-0.00166251743212,0.00276620360091,-0.000938961689826,-0.00125851097982,0.00168575916905,-0.00101896037813,-0.00108688266482,-0.000169322578586],[0.0000535761573701,-0.0000834959937492,-0.0000913772601052,0.00839018449187,-0.00299616158009,0.000399446173105,-0.00170246046036,-0.00318326475099,0.00187250296585,-0.000151248634211,0.00203185412101,-0.00300173927099,0.00014710907999],[0.000184942677151,0.000173978856765,-0.0000495926069561,-0.00299616158009,0.0144310481846,-0.00536683900282,-0.00365193630569,0.00399960298091,-0.00501317344606,0.00114514573943,-0.00239919964224,0.00300335744396,-0.00222607003525],[-0.0000438453607785,0.000293622957543,-0.00166251743212,0.000399446173105,-0.00536683900282,0.0137112680823,-0.00404033111408,-0.00202617095783,0.00496820593253,-0.0048881964758,0.00336752226576,-0.00271541415714,0.00334767345339],[0.000109220010927,-0.0000240445006057,0.00276620360091,-0.00170246046036,-0.00365193630569,-0.00404033111408,0.018957560882,-0.00656025763601,-0.00365301291458,0.00665522646159,-0.00452497508377,0.00288310274482,-0.00312472251244],[-0.0002366858389,0.000743367243558,-0.000938961689826,-0.00318326475099,0.00399960298091,-0.00202617095783,-0.00656025763601,0.0188450813293,-0.0071592819877,-0.00202389108017,0.00506775919348,-0.00427034543827,0.00249733263627],[0.000508782279212,-0.000610832241364,-0.00125851097982,0.00187250296585,-0.00501317344606,0.00496820593253,-0.00365301291458,-0.0071592819877,0.022461110726,-0.00870535895228,-0.00147441262379,0.00297444593161,-0.00478434516117],[-0.000359686033335,0.000265634793323,0.00168575916905,-0.000151248634211,0.00114514573943,-0.0048881964758,0.00665522646159,-0.00202389108017,-0.00870535895228,0.0228106994182,-0.00797707773745,-0.00316074909642,0.00349999614991],[0.000476359884487,-0.00145469617564,-0.00101896037813,0.00203185412101,-0.00239919964224,0.00336752226576,-0.00452497508377,0.00506775919348,-0.00147441262379,-0.00797707773745,0.0267036929727,-0.00751479296014,-0.00253956601955],[-0.000363749248208,0.00142837490421,-0.00108688266482,-0.00300173927099,0.00300335744396,-0.00271541415714,0.00288310274482,-0.00427034543827,0.00297444593161,-0.00316074909642,-0.00751479296014,0.0256401244551,-0.00950024556369],[0.000486946519231,-0.00137102312874,-0.000169322578586,0.00014710907999,-0.00222607003525,0.00334767345339,-0.00312472251244,0.00249733263627,-0.00478434516117,0.00349999614991,-0.00253956601955,-0.00950024556369,0.0284038335085]],"mean":[-641.991271973,149.428222656,6.47857952118,25.8329925537,6.47966337204,21.3474578857,6.67320013046,15.6259269714,1.91083431244,16.6411247253,2.70164108276,7.81450128555,-1.22765219212]},"pitch_salience":{"dmean":0.131245404482,"dmean2":0.213465422392,"dvar":0.0115788318217,"dvar2":0.0288005862385,"max":0.915274262428,"mean":0.411105155945,"median":0.420747965574,"min":0.0298568159342,"var":0.0292224977165},"silence_rate_20dB":{"dmean":0.014775342308,"dmean2":0.0295542627573,"dvar":0.0145570309833,"dvar2":0.0386129803956,"max":1,"mean":0.990070223808,"median":1,"min":0,"var":0.00983116496354},"silence_rate_30dB":{"dmean":0.220661252737,"dmean2":0.44137597084,"dvar":0.171969860792,"dvar2":0.319479882717,"max":1,"mean":0.567449748516,"median":1,"min":0,"var":0.245450526476},"silence_rate_60dB":{"dmean":0.00339106214233,"dmean2":0.00678294571117,"dvar":0.00337956286967,"dvar2":0.00819042604417,"max":1,"mean":0.0174376368523,"median":0,"min":0,"var":0.0171335656196},"spectral_centroid":{"dmean":219.227706909,"dmean2":342.390014648,"dvar":49148.59375,"dvar2":95255.0390625,"max":10951.2275391,"mean":972.411499023,"median":897.600341797,"min":109.099815369,"var":201424.71875},"spectral_complexity":{"dmean":4.36647701263,"dmean2":6.10319757462,"dvar":15.0203514099,"dvar2":26.6393013,"max":47,"mean":19.4775981903,"median":19,"min":0,"var":84.3722915649},"spectral_contrast_coeffs":{"dmean":[0.0567140504718,0.0493329018354,0.0388104729354,0.0310308411717,0.021791709587,0.0259164236486],"dmean2":[0.093421690166,0.0826062783599,0.0644950419664,0.0500414595008,0.0348010919988,0.0406424105167],"dvar":[0.0020319733303,0.00157100486103,0.000966997467913,0.000647738692351,0.000346515735146,0.000580727995839],"dvar2":[0.00544573832303,0.00429384643212,0.00261387904175,0.00161790277343,0.000862578628585,0.00137064175215],"max":[-0.408172637224,-0.471464633942,-0.573474109173,-0.616807639599,-0.678746879101,-0.605860829353],"mean":[-0.734386324883,-0.78686195612,-0.80929505825,-0.81707072258,-0.829203248024,-0.76244944334],"median":[-0.737950205803,-0.79427665472,-0.815251469612,-0.820239186287,-0.826760828495,-0.750416040421],"min":[-0.956112802029,-0.969205379486,-0.966691553593,-0.984854698181,-0.974752187729,-0.959561049938],"var":[0.00465036788955,0.00440855044872,0.00307550258003,0.00216123391874,0.00115975132212,0.00248789135367]},"spectral_contrast_valleys":{"dmean":[0.43514585495,0.447534412146,0.4052336514,0.357674360275,0.33724540472,0.449162721634],"dmean2":[0.699545383453,0.703248918056,0.620677769184,0.540005922318,0.493782073259,0.691000103951],"dvar":[0.14818058908,0.177976667881,0.15875005722,0.135541647673,0.138436377048,0.219571426511],"dvar2":[0.316189974546,0.357656627893,0.302591860294,0.249834880233,0.263697952032,0.5373442173],"max":[-4.81381368637,-4.54923582077,-5.03241252899,-5.61951112747,-6.13443040848,-8.88448047638],"mean":[-6.2406039238,-6.33104324341,-6.74896812439,-7.29305362701,-7.57524490356,-10.4242162704],"median":[-6.04734992981,-6.1549372673,-6.55587244034,-7.10224056244,-7.38074874878,-10.1159591675],"min":[-27.2058887482,-27.1954689026,-26.8882484436,-27.4423103333,-27.321893692,-27.2553901672],"var":[1.55721151829,1.4715077877,1.3943990469,1.25293362141,1.11597657204,1.11739003658]},"spectral_decrease":{"dmean":1.50745176342e-8,"dmean2":2.37261250646e-8,"dvar":2.8489217321e-16,"dvar2":6.25474380422e-16,"max":4.19099110971e-9,"mean":-2.60933035179e-8,"median":-2.01284429124e-8,"min":-1.71876834543e-7,"var":4.91502567287e-16},"spectral_energy":{"dmean":0.0572857894003,"dmean2":0.089847266674,"dvar":0.00402474077418,"dvar2":0.00889104045928,"max":0.655365169048,"mean":0.108298569918,"median":0.0872737243772,"min":1.05149931232e-20,"var":0.00707531953231},"spectral_energyband_high":{"dmean":0.000300311745377,"dmean2":0.000418885756517,"dvar":1.41128481346e-7,"dvar2":2.55971542629e-7,"max":0.00596499210224,"mean":0.000990518368781,"median":0.000741427240428,"min":7.59803520486e-21,"var":7.8378377566e-7},"spectral_energyband_low":{"dmean":0.0534061826766,"dmean2":0.0847900435328,"dvar":0.00362394400872,"dvar2":0.00806646700948,"max":0.572335958481,"mean":0.0813817828894,"median":0.0574981123209,"min":6.69461569179e-23,"var":0.00614088401198},"spectral_energyband_middle_high":{"dmean":0.002230376238,"dmean2":0.00329054752365,"dvar":0.00000746074056224,"dvar2":0.0000175859531737,"max":0.0450415946543,"mean":0.00503722345456,"median":0.00352208362892,"min":1.56870218942e-21,"var":0.0000249407748925},"spectral_energyband_middle_low":{"dmean":0.00657041091472,"dmean2":0.0103318747133,"dvar":0.0000646659100312,"dvar2":0.000156512920512,"max":0.111900381744,"mean":0.0136538902298,"median":0.00884344801307,"min":3.29918316549e-22,"var":0.000192365332623},"spectral_entropy":{"dmean":0.174760639668,"dmean2":0.276147097349,"dvar":0.0291678272188,"dvar2":0.0711661726236,"max":9.7970085144,"mean":7.6854352951,"median":7.71267032623,"min":5.85886001587,"var":0.108983039856},"spectral_flux":{"dmean":0.0657596588135,"dmean2":0.111371517181,"dvar":0.00392643455416,"dvar2":0.0111541608348,"max":0.577645361423,"mean":0.183321505785,"median":0.173837810755,"min":1.02542641045e-10,"var":0.00681072892621},"spectral_kurtosis":{"dmean":3.68208599091,"dmean2":5.68892145157,"dvar":29.201461792,"dvar2":73.8736801147,"max":70.900642395,"mean":12.9145917892,"median":9.97775745392,"min":-1.23389256001,"var":78.5620346069},"spectral_rms":{"dmean":0.00261836475693,"dmean2":0.00402665324509,"dvar":0.00000556373970539,"dvar2":0.0000120314380183,"max":0.0252859778702,"mean":0.00953070167452,"median":0.00922740995884,"min":3.20289389628e-12,"var":0.0000148228700709},"spectral_rolloff":{"dmean":2106.88183594,"dmean2":4002.37719727,"dvar":28926262,"dvar2":75803856,"max":22050,"mean":2472.43823242,"median":387.59765625,"min":21.533203125,"var":34746380},"spectral_skewness":{"dmean":0.330228984356,"dmean2":0.506445229053,"dvar":0.161327883601,"dvar2":0.394374281168,"max":6.63157701492,"mean":2.52449417114,"median":2.38855075836,"min":-0.013126147911,"var":0.558695852757},"spectral_spread":{"dmean":622891.3125,"dmean2":935783.625,"dvar":501528199168,"dvar2":899017146368,"max":41327544,"mean":5170157.5,"median":5143571,"min":1639446.125,"var":2658676506620},"spectral_strongpeak":{"dmean":0.527001023293,"dmean2":0.960996866226,"dvar":13.7012767792,"dvar2":40.9048805237,"max":126.566635132,"mean":0.536996662617,"median":0.315929889679,"min":0,"var":8.05622673035},"zerocrossingrate":{"dmean":0.0356506220996,"dmean2":0.0444144904613,"dvar":0.00104452366941,"dvar2":0.00158295675647,"max":0.65380859375,"mean":0.12641505897,"median":0.11181640625,"min":0.00146484375,"var":0.00689504109323}},"metadata":{"audio_properties":{"analysis_sample_rate":44100,"bit_rate":276382,"codec":"mp3","downmix":"mix","equal_loudness":0,"length":191.7137146,"lossless":false,"md5_encoded":"418937a1ee775af0cc1d37c6c0a2d500","replay_gain":0.976751327515,"sample_rate":44100},"tags":{"acoustid_id":["813d0ba2-d653-4548-b78e-bfc1cf5010b0"],"album":["Brothers"],"albumartist":["The Black Keys"],"artist":["The Black Keys"],"date":["2010"],"discnumber":["1/1"],"file_name":"04 - The Black Keys - Howlin’ for You.mp3","musicbrainz_albumartistid":["d15721d8-56b4-453d-b506-fc915b14cba2"],"musicbrainz_albumid":["6ba8fde9-a0b9-4b93-a626-f2c2f5d698ae"],"musicbrainz_artistid":["d15721d8-56b4-453d-b506-fc915b14cba2"],"musicbrainz_recordingid":["1e22b22b-92fd-4879-b4d9-28ca0fc27f94"],"musicbrainz_releasegroupid":["2a2b851c-bba6-4584-80c0-19af4a55e286"],"replaygain_album_gain":["+0.26 dB"],"replaygain_album_peak":["0.384602"],"replaygain_track_gain":["-0.27 dB"],"replaygain_track_peak":["0.365894"],"title":["Howlin’ for You"],"tracknumber":["4/16"]},"version":{"essentia":"2.1-beta1","essentia_build_sha":"e76a03f03bb3900de42a1fa0d9be1e72f12def64","essentia_git_sha":"v2.1_beta1-28-g21ef5f4-dirty","extractor":"music 1.0"}},"rhythm":{"beats_count":423,"beats_loudness":{"dmean":0.058432161808,"dmean2":0.101834967732,"dvar":0.00278630852699,"dvar2":0.00758436648175,"max":0.343507885933,"mean":0.112620577216,"median":0.100874952972,"min":1.95957486349e-10,"var":0.00339007703587},"beats_loudness_band_ratio":{"dmean":[0.221414417028,0.0752026513219,0.0656934380531,0.0558981448412,0.0233766045421,0.0650757104158],"dmean2":[0.384730964899,0.129806190729,0.113615050912,0.102912344038,0.0430897586048,0.117721483111],"dvar":[0.0272251758724,0.00842714682221,0.00515110464767,0.00303673301823,0.000361981452443,0.0041187684983],"dvar2":[0.0807973071933,0.0220400709659,0.0146760689095,0.00862125679851,0.00110381701961,0.0106373624876],"max":[0.990572273731,0.580213904381,0.411885946989,0.456723153