{"lowlevel":{"average_loudness":0.696933567524,"barkbands":{"dmean":[0.0000349392248609,0.00298888003454,0.00173726293724,0.00118761148769,0.00119330943562,0.00071989512071,0.000574792502448,0.000785837532021,0.000608604634181,0.000440568226622,0.000346843939042,0.000415072136093,0.000292486191029,0.000340022874298,0.00033376130159,0.000337196775945,0.000320107210428,0.000224284041906,0.000184725417057,0.000124356622109,0.0000930469104787,0.0000590570598433,0.0000852748999023,0.0000700717719155,0.0000212581944652,0.0000135762666105,0.00000129318300424],"dmean2":[0.0000589686387684,0.00504892366007,0.00300314789638,0.00209802645259,0.00199073553085,0.00117264606524,0.00091410195455,0.00122697534971,0.000944908650126,0.000698224932421,0.000549129210413,0.000673502101563,0.000478527217638,0.00056281092111,0.00054473313503,0.000550554948859,0.000517002656125,0.000371745234588,0.000308854359901,0.00020380569913,0.00014926926815,0.0000917935540201,0.000115828028356,0.000100017510704,0.0000303170145344,0.0000193527612282,0.00000184411157989],"dvar":[9.46871914209e-9,0.00005070190673,0.0000130443950184,0.0000048375991355,0.00000492043864142,0.00000179578512416,0.00000137970255309,0.00000276698415291,0.00000142965882333,9.96431481326e-7,7.17312332199e-7,6.1870554191e-7,5.40395831194e-7,4.61626171955e-7,3.61113592362e-7,3.69048080984e-7,3.74910058554e-7,1.85783065376e-7,1.18233174362e-7,6.31852330457e-8,5.70654954402e-8,2.89904651396e-8,1.4248027469e-7,1.11231805988e-7,4.6609827109e-9,1.79026959923e-9,1.58924488153e-11],"dvar2":[2.53712606479e-8,0.000133873516461,0.000037233265175,0.000014023010408,0.0000131552060338,0.00000452407130069,0.00000325254177369,0.00000669697556077,0.00000347239119947,0.00000238319898926,0.00000168445365034,0.0000015923050114,0.00000141346595228,0.00000124295343085,9.17982731607e-7,9.49711022713e-7,9.25058998291e-7,4.88805540044e-7,3.22207938552e-7,1.58598055577e-7,1.30710674284e-7,6.2117422317e-8,2.39119088974e-7,2.08972480209e-7,9.73839231477e-9,3.48930884186e-9,3.45265795121e-11],"max":[0.00161323824432,0.103972971439,0.0572778135538,0.0331686958671,0.0366587527096,0.0269741434604,0.032019611448,0.0304283313453,0.0276026166975,0.0230486001819,0.0233808513731,0.015299201943,0.0218278318644,0.0126933334395,0.0119491396472,0.0118483118713,0.0222178809345,0.00830790121108,0.00615738891065,0.00635954784229,0.00878288783133,0.0069062304683,0.0139709021896,0.0115607287735,0.00218224734999,0.00111671548802,0.000258213432971],"mean":[0.0000382651087421,0.0049035185948,0.00318464799784,0.00167529925238,0.00204253592528,0.00136900239158,0.00104453193489,0.00140050146729,0.0012457362609,0.000834523292724,0.000617924553808,0.000814835017081,0.000513476785272,0.000636429991573,0.000690061599016,0.00073603738565,0.000675516959745,0.000491103855893,0.000421293603722,0.000289085583063,0.000225357187446,0.000141414449899,0.000175399080035,0.000138658622745,0.0000423284727731,0.0000249494096352,0.00000256512703345],"median":[0.0000046570644372,0.00251759914681,0.00155252427794,0.000817525899038,0.00115246674977,0.000627124623861,0.000388724089134,0.000286959140794,0.000408773514209,0.000231840545894,0.000141826778417,0.000247540534474,0.000174623390194,0.000214377345401,0.000296524958685,0.000351679191226,0.000271506170975,0.000150390114868,0.000139609197504,0.0000765053773648,0.0000698592994013,0.0000311959411192,0.0000265972812485,0.0000237197800743,0.0000114799622679,0.00000670669169267,6.23498920049e-7],"min":[3.59656359503e-24,2.58090612619e-23,4.32883225e-23,5.88430408084e-23,4.77184927685e-23,2.41382002221e-23,5.34961100384e-23,1.22331475228e-22,1.08930331414e-22,1.80227658914e-23,6.49197941335e-23,1.89960810934e-22,1.02439363005e-22,5.47569117133e-23,1.65487000884e-22,1.28467399432e-22,1.44099770053e-22,2.49389123425e-22,2.79945707387e-22,3.37038966355e-22,3.68368785465e-22,6.23422207868e-22,6.47503745789e-22,8.21195266119e-22,9.93964134733e-22,1.94332473598e-21,2.33000764049e-21],"var":[1.10475193438e-8,0.0000618115227553,0.0000187620171346,0.00000584252165936,0.00000736173615223,0.00000440024359705,0.00000370864177057,0.0000072178481787,0.00000439577706857,0.00000259079729403,0.00000179057792593,0.00000195034112949,0.00000105992592125,0.00000113187570605,0.00000107165726604,0.0000011713815411,0.00000112500708838,5.60481396406e-7,3.33262391905e-7,1.97786278022e-7,1.81632728413e-7,9.485206931e-8,4.74364867387e-7,3.14983793714e-7,1.01496668847e-8,3.3608544836e-9,6.63256255473e-11]},"barkbands_crest":{"dmean":2.07539510727,"dmean2":3.46650886536,"dvar":4.36980009079,"dvar2":11.3151817322,"max":24.2558193207,"mean":8.81591129303,"median":7.93828058243,"min":2.02346134186,"var":14.5904922485},"barkbands_flatness_db":{"dmean":0.0169918369502,"dmean2":0.0265305545181,"dvar":0.000330673705321,"dvar2":0.000747783691622,"max":0.415804475546,"mean":0.142497286201,"median":0.12002851814,"min":0.0143800079823,"var":0.00559499301016},"barkbands_kurtosis":{"dmean":1.73234426975,"dmean2":2.79390001297,"dvar":11.0186033249,"dvar2":28.162689209,"max":80.6702194214,"mean":3.03567481041,"median":0.491983652115,"min":-1.91433286667,"var":48.164264679},"barkbands_skewness":{"dmean":0.392071604729,"dmean2":0.625253915787,"dvar":0.183115378022,"dvar2":0.43948584795,"max":7.66680765152,"mean":1.26621699333,"median":0.991685986519,"min":-1.99510812759,"var":1.24973893166},"barkbands_spread":{"dmean":3.84390306473,"dmean2":5.97119379044,"dvar":22.359128952,"dvar2":46.0495262146,"max":130.988693237,"mean":22.547586441,"median":21.1881084442,"min":1.1166986227,"var":212.240509033},"dissonance":{"dmean":0.0175319649279,"dmean2":0.0296142660081,"dvar":0.000391178095015,"dvar2":0.0010887455428,"max":0.500000119209,"mean":0.462918460369,"median":0.474273324013,"min":0.208691760898,"var":0.00129512150306},"dynamic_complexity":4.7543759346,"erbbands":{"dmean":[0.0497232861817,0.806344568729,2.11578631401,2.65548300743,5.09711885452,3.17275571823,3.68019747734,6.68438339233,8.26874160767,9.43483829498,18.6242351532,13.8260755539,15.220334053,11.2015323639,12.7249011993,17.8557567596,14.1454629898,17.7215805054,14.3796930313,17.6191883087,19.1283569336,14.041893959,9.90190029144,12.4646863937,6.22977828979,6.16695165634,4.11575460434,3.05012822151,2.16502523422,1.66471791267,2.58669877052,2.35166192055,0.595697104931,0.220810353756,0.172196418047,0.0837484374642,0.0212151184678,0.00279912771657,0.000239224493271,0.0000151640069816],"dmean2":[0.081300072372,1.37433135509,3.66348791122,4.70061588287,8.67335987091,5.31387901306,6.04413557053,10.842376709,13.2873106003,14.8863182068,28.9663562775,21.4405441284,24.2948322296,17.4324531555,20.0854034424,28.8695316315,23.0712795258,29.382730484,23.3230209351,28.7730865479,31.2840747833,22.5746917725,16.1628780365,20.7232112885,10.4782981873,10.1285619736,6.66448307037,4.79514503479,3.36108851433,2.52841329575,3.49218797684,3.18725204468,0.859985291958,0.319951504469,0.248885631561,0.120657019317,0.0303172152489,0.00400952622294,0.000333199132001,0.0000230071145779],"dvar":[0.0148034654558,3.68888163567,22.0472488403,23.4586639404,96.572845459,37.7868461609,78.2579269409,166.073120117,287.302734375,491.117004395,1596.62011719,807.084472656,1456.5447998,600.072875977,800.783752441,1220.69555664,1412.54467773,1272.69604492,788.306335449,1194.90283203,1196.7779541,722.518981934,362.259399414,540.67199707,117.49143219,153.282821655,111.099685669,72.4680862427,44.3249931335,25.0772304535,144.463256836,130.921218872,5.49820518494,0.547645330429,0.330366373062,0.0694949552417,0.00454809749499,0.0000713558401912,5.67369511373e-7,1.96133531638e-9],"dvar2":[0.0333476625383,10.1024265289,64.0248336792,67.492805481,265.294525146,98.9655761719,200.582977295,411.184692383,665.670043945,1163.61682129,3919.28198242,1932.60974121,3674.50732422,1386.02197266,1951.4230957,3166.88769531,3692.36206055,3452.55029297,2021.80419922,3094.84545898,3076.79321289,1759.9519043,921.977539062,1476.34216309,317.396270752,382.243743896,269.307769775,152.168960571,98.3984909058,52.4165802002,235.5987854,215.353424072,10.6529941559,1.20587837696,0.697768270969,0.139616459608,0.0091241216287,0.000151097498019,0.00000126308179915,4.84271200918e-9],"max":[2.19345545769,27.2287158966,66.6908340454,78.0647583008,170.694824219,158.788833618,270.614135742,272.92868042,460.485809326,735.956665039,815.270690918,857.756652832,878.053100586,810.088867188,705.408996582,787.778686523,1148.14990234,719.658325195,644.385681152,667.32244873,913.587402344,962.45513916,555.459106445,439.267852783,200.029312134,349.494628906,449.011352539,269.919433594,281.941101074,214.455993652,481.920928955,391.249389648,93.8613510132,34.0574188232,19.0012798309,6.67615318298,2.08424973488,0.359998673201,0.0477977581322,0.0031810682267],"mean":[0.0742414444685,1.33310544491,4.02519655228,4.46527051926,7.83421182632,5.33752775192,6.5616235733,12.1285810471,15.3735809326,17.7613697052,35.1298103333,30.5551986694,29.312286377,23.4961872101,26.5359783173,36.38722229,27.2685222626,34.3393363953,30.8530654907,38.7634963989,44.9501914978,33.4282112122,24.2438030243,29.8975524902,16.2458896637,14.18227005,10.054605484,7.42667198181,5.05944156647,3.78954768181,5.38714981079,4.84019136429,1.229164958,0.455428570509,0.319961905479,0.149811446667,0.0384297892451,0.00533153768629,0.000484543037601,0.000050485614338],"median":[0.036186106503,0.67473512888,1.97710192204,2.7716884613,4.08734464645,2.95586681366,3.05368757248,5.13755941391,6.22016954422,6.59568071365,10.1875724792,11.1385364532,9.8225736618,7.54596424103,8.44182109833,13.0285730362,10.9134311676,12.0302429199,14.0005207062,19.032957077,21.5547657013,14.8854484558,9.17142772675,9.04225921631,5.39943981171,3.86544084549,3.03329515457,2.230864048,1.1548961401,0.744747638702,0.764366269112,0.653726518154,0.267302155495,0.119061559439,0.0825844779611,0.0387533865869,0.00989770516753,0.00145184854046,0.000131688648253,0.0000349347174051],"min":[1.63126590216e-21,2.76278768879e-21,3.2024297415e-20,1.54452663241e-19,1.33593003499e-19,1.88234228319e-19,1.52890002741e-19,2.49121778287e-19,6.87517680171e-19,1.41980826875e-18,2.76715654983e-18,2.81256173442e-18,8.80852226599e-19,1.71322205333e-18,4.8195484003e-18,5.33403861128e-18,4.24246625954e-18,3.97421737715e-18,4.99506620011e-18,1.06926213257e-17,5.73513394082e-18,9.12187813436e-18,1.3772300773e-17,1.35267886041e-17,1.44327565157e-17,1.69190099741e-17,1.43029867668e-17,2.03454187188e-17,2.26918008987e-17,1.23410624192e-17,2.01889740495e-17,1.68733198258e-17,1.36592367638e-17,9.47637134895e-18,8.55155529997e-18,5.81489648574e-18,3.61142547306e-18,1.54837178149e-18,3.15404639651e-19,3.43486975545e-20],"var":[0.0196541585028,4.33414030075,29.9403018951,28.4872722626,125.272857666,61.1864776611,135.170974731,404.870788574,760.483154297,1237.31726074,4248.91650391,2724.60620117,3470.27001953,1747.42456055,2267.20751953,3944.82299805,2783.08056641,3178.44555664,2386.49023438,3337.52416992,4040.38378906,2554.40209961,1284.30615234,1660.19470215,454.903594971,451.769683838,320.538146973,232.799133301,131.901260376,79.442199707,492.295928955,451.593780518,14.957110405,1.20168638229,0.653022170067,0.130997538567,0.00804732088,0.000137401890242,0.00000217516571865,7.99787613914e-9]},"erbbands_crest":{"dmean":2.09684848785,"dmean2":3.418623209,"dvar":3.87827062607,"dvar2":9.8907327652,"max":30.7794303894,"mean":8.42429447174,"median":7.4431848526,"min":2.09331321716,"var":15.05260849},"erbbands_flatness_db":{"dmean":0.0150550752878,"dmean2":0.0220721922815,"dvar":0.000235530518694,"dvar2":0.000456812384073,"max":0.376691758633,"mean":0.166022285819,"median":0.153982296586,"min":0.0331685096025,"var":0.00296493293718},"erbbands_kurtosis":{"dmean":0.621805071831,"dmean2":0.990899503231,"dvar":0.737859785557,"dvar2":1.73542952538,"max":55.9543647766,"mean":0.382947534323,"median":-0.126396894455,"min":-1.7190169096,"var":5.91104507446},"erbbands_skewness":{"dmean":0.266768366098,"dmean2":0.417099028826,"dvar":0.0527603216469,"dvar2":0.123144865036,"max":5.5366435051,"mean":0.0806269049644,"median":0.0247671939433,"min":-3.36638259888,"var":0.459277957678},"erbbands_spread":{"dmean":5.58505153656,"dmean2":8.76571655273,"dvar":41.6923599243,"dvar2":94.7789230347,"max":125.407836914,"mean":31.8727531433,"median":31.0384140015,"min":2.91971564293,"var":195.022628784},"gfcc":{"cov":[[20127.703125,-4071.27026367,-2295.6472168,1860.64587402,-32.1516342163,743.828369141,-635.486938477,1031.17053223,-182.036621094,696.606811523,-284.526947021,371.108154297,-151.187026978],[-4071.27026367,2349.38452148,399.604400635,-666.499084473,120.864089966,-290.599731445,274.462768555,-315.3253479,154.364746094,-290.219940186,107.978225708,-149.470779419,73.0788955688],[-2295.6472168,399.604400635,728.498168945,-254.561904907,28.8662567139,-2.70828914642,25.4098968506,-97.6385726929,16.1867427826,-64.0139465332,21.9757061005,3.05730175972,13.8205194473],[1860.64587402,-666.499084473,-254.561904907,530.175537109,-8.05556583405,116.949867249,-83.7980499268,90.1377410889,-20.6711902618,72.8006439209,-8.47270202637,27.9999637604,9.87194347382],[-32.1516342163,120.864089966,28.8662567139,-8.05556583405,298.487731934,-2.89031624794,-9.11652565002,29.4709091187,36.6767120361,22.0539684296,14.2476787567,16.1433677673,14.6594018936],[743.828369141,-290.599731445,-2.70828914642,116.949867249,-2.89031624794,172.630935669,-13.1567659378,47.9188613892,-5.90909719467,39.6058616638,-16.3812007904,23.2096271515,-2.1387553215],[-635.486938477,274.462768555,25.4098968506,-83.7980499268,-9.11652565002,-13.1567659378,224.83782959,-18.2038421631,15.1007623672,-43.3944206238,6.87698316574,-29.9746952057,-3.23894953728],[1031.17053223,-315.3253479,-97.6385726929,90.1377410889,29.4709091187,47.9188613892,-18.2038421631,155.424530029,7.11187362671,58.5543327332,-25.401216507,30.9566249847,-8.43799781799],[-182.036621094,154.364746094,16.1867427826,-20.6711902618,36.6767120361,-5.90909719467,15.1007623672,7.11187362671,100.148262024,8.97642612457,3.60672807693,-15.7053318024,12.4908475876],[696.606811523,-290.219940186,-64.0139465332,72.8006439209,22.0539684296,39.6058616638,-43.3944206238,58.5543327332,8.97642612457,111.934028625,2.06579637527,31.5511722565,-7.67518758774],[-284.526947021,107.978225708,21.9757061005,-8.47270202637,14.2476787567,-16.3812007904,6.87698316574,-25.401216507,3.60672807693,2.06579637527,75.2318954468,18.9792804718,11.9865980148],[371.108154297,-149.470779419,3.05730175972,27.9999637604,16.1433677673,23.2096271515,-29.9746952057,30.9566249847,-15.7053318024,31.5511722565,18.9792804718,82.534614563,17.7739276886],[-151.187026978,73.0788955688,13.8205194473,9.87194347382,14.6594018936,-2.1387553215,-3.23894953728,-8.43799781799,12.4908475876,-7.67518758774,11.9865980148,17.7739276886,55.4096336365]],"icov":[[0.000189868747839,-0.000135934271384,0.000412012654124,-0.000312080868753,0.0000735428038752,-0.000414521462517,0.000296209269436,-0.000586277688853,0.000215483189095,-0.000351953232894,0.000502089271322,-0.00063601200236,0.000540830020327],[-0.000135934271384,0.00198355061002,-0.00027821448748,0.00155986705795,-0.000783897121437,0.0010776866693,-0.00103473709896,0.0017237161519,-0.00216462300159,0.00280598294921,-0.00219150516205,0.00196798983961,-0.00202504871413],[0.000412012654124,-0.00027821448748,0.00277269375511,0.000251650169957,-0.0000554101752641,-0.00181080319453,0.000850035401527,-0.000425404083217,0.00013233703794,-0.00006567856326,0.000884437526111,-0.00194115343038,0.00107679341454],[-0.000312080868753,0.00155986705795,0.000251650169957,0.00450467457995,-0.000553995836526,-0.000600345199928,-0.000228363758652,0.00117232149933,-0.00119306752458,0.00195276422892,-0.00278273737058,0.00281051150523,-0.00324568361975],[0.0000735428038752,-0.000783897121437,-0.0000554101752641,-0.000553995836526,0.00401893723756,-0.000207988516195,0.00056991429301,-0.00157669873443,-0.000293393764878,-0.00149585213512,0.00025902534253,-0.00108014617581,0.000218354776734],[-0.000414521462517,0.0010776866693,-0.00181080319453,-0.000600345199928,-0.000207988516195,0.00919657293707,-0.00172896368895,0.000939774792641,-0.00118165882304,0.000189219630556,-5.00000908232e-7,0.000571795622818,-0.00143243058119],[0.000296209269436,-0.00103473709896,0.000850035401527,-0.000228363758652,0.00056991429301,-0.00172896368895,0.0061116470024,-0.00221039517783,0.000611946801655,0.000232546241023,0.000271859869827,-0.000133822570206,0.00168309104629],[-0.000586277688853,0.0017237161519,-0.000425404083217,0.00117232149933,-0.00157669873443,0.000939774792641,-0.00221039517783,0.013236717321,-0.00347909075208,-0.000193858213606,0.00130990741309,-0.00105970166624,-0.0008218891453],[0.000215483189095,-0.00216462300159,0.00013233703794,-0.00119306752458,-0.000293393764878,-0.00118165882304,0.000611946801655,-0.00347909075208,0.014734829776,-0.00561851542443,0.00146460020915,0.00248475116678,-0.00205340445973],[-0.000351953232894,0.00280598294921,-0.00006567856326,0.00195276422892,-0.00149585213512,0.000189219630556,0.000232546241023,-0.000193858213606,-0.00561851542443,0.0182525850832,-0.00503965420648,-0.000587959599216,0.000468192301923],[0.000502089271322,-0.00219150516205,0.000884437526111,-0.00278273737058,0.00025902534253,-5.00000908232e-7,0.000271859869827,0.00130990741309,0.00146460020915,-0.00503965420648,0.0200418140739,-0.00860970281065,0.00208024820313],[-0.00063601200236,0.00196798983961,-0.00194115343038,0.00281051150523,-0.00108014617581,0.000571795622818,-0.000133822570206,-0.00105970166624,0.00248475116678,-0.000587959599216,-0.00860970281065,0.0229649879038,-0.0103544639423],[0.000540830020327,-0.00202504871413,0.00107679341454,-0.00324568361975,0.000218354776734,-0.00143243058119,0.00168309104629,-0.0008218891453,-0.00205340445973,0.000468192301923,0.00208024820313,-0.0103544639423,0.0257628951222]],"mean":[-29.1820201874,109.784812927,-116.265151978,26.0330791473,-46.9137306213,11.5162763596,-32.3652839661,8.54744243622,-19.427728653,-0.952543258667,-18.3574390411,-3.53312087059,-14.3776826859]},"hfc":{"dmean":4.0697927475,"dmean2":6.03340816498,"dvar":48.3254203796,"dvar2":84.8784484863,"max":196.835754395,"mean":21.6318149567,"median":15.1524877548,"min":1.16788717479e-16,"var":508.97265625},"melbands":{"dmean":[0.000643796345685,0.00109563104343,0.000528342323378,0.000299042789266,0.000121898279758,0.000148103106767,0.000123491961858,0.000113197100291,0.000149460189277,0.0000836880208226,0.0000760396214901,0.0000459247203253,0.0000495048116136,0.0000492072867928,0.0000352142742486,0.0000289294912363,0.0000360143239959,0.0000230679615925,0.0000229103970923,0.0000237858075707,0.0000262527264567,0.0000186512079381,0.00000846294824441,0.0000137036622618,0.0000110721666715,0.00000582671509619,0.00000489693638883,0.00000415650583818,0.00000266774804913,0.00000292484901365,0.00000168205144746,0.00000142116141433,0.00000113295527626,9.07936339445e-7,0.00000125061842482,0.00000232056095228,0.0000012286582205,4.57518410713e-7,2.50949085512e-7,1.83178258339e-7],"dmean2":[0.00107115914579,0.00189040321857,0.000925456522964,0.000502285256516,0.000200518057682,0.000239784887526,0.000197848974494,0.000177093475941,0.000231504483963,0.000130330605316,0.000121017983474,0.0000713539411663,0.0000779393230914,0.0000799428089522,0.0000571338532609,0.0000470673548989,0.0000599761588091,0.0000374708579329,0.0000370825837308,0.0000390401874029,0.00004310627628,0.0000301847376249,0.000013890149603,0.0000226980700972,0.0000184885429917,0.00000981338962447,0.00000826299856271,0.00000679456297803,0.00000434802223026,0.00000478663014292,0.0000026453344617,0.00000226072688747,0.00000177977699423,0.0000013963440324,0.00000176476021352,0.00000313383475259,0.00000175737409336,6.83731911977e-7,3.79889826263e-7,2.73670593742e-7],"dvar":[0.00000241297016146,0.00000618714557277,8.89167495188e-7,3.18240267916e-7,7.04045604039e-8,7.64469092474e-8,6.03853251846e-8,6.18716740064e-8,9.19312483916e-8,2.85297474534e-8,3.61307002095e-8,1.02228918664e-8,1.41557032762e-8,8.88050077918e-9,4.94776886129e-9,3.84870979531e-9,5.62439250729e-9,1.9466970258e-9,1.70058001014e-9,2.09991468658e-9,2.33096830726e-9,1.34367506011e-9,2.96682622913e-10,8.1918916095e-10,4.63563104569e-10,1.1393175986e-10,1.00964687999e-10,7.48460460276e-11,5.12168571443e-11,5.48995397753e-11,2.40339883412e-11,2.06073682424e-11,9.81505848818e-12,8.32283200691e-12,3.08396051751e-11,1.33837926852e-10,3.55947007979e-11,3.55057194583e-12,6.48190648291e-13,4.72233092474e-13],"dvar2":[0.00000585998441238,0.0000179493636097,0.00000254323344961,8.57896679918e-7,1.79830465186e-7,1.90099655129e-7,1.40808580795e-7,1.44763149024e-7,2.2379644804e-7,6.88604515631e-8,9.09857362785e-8,2.34869421689e-8,3.34876197883e-8,2.2940982447e-8,1.29378179281e-8,9.87464776614e-9,1.54030708188e-8,4.9851220929e-9,4.21274393148e-9,5.41997957626e-9,6.01076388662e-9,3.32685123894e-9,7.34536043101e-10,2.16160045419e-9,1.26857191418e-9,3.14571063642e-10,2.7472815689e-10,1.84663132008e-10,1.27355945234e-10,1.38666897409e-10,5.06874021922e-11,4.93997030782e-11,2.22386015852e-11,1.84503575612e-11,5.35849281613e-11,2.29382970951e-10,6.38611177828e-11,7.51154000111e-12,1.44255993869e-12,1.14900406897e-12],"max":[0.0261660572141,0.0349476151168,0.0143139902502,0.00938705727458,0.00770353479311,0.00566667178646,0.00730020971969,0.00790885556489,0.00593815371394,0.0048821689561,0.00440374808386,0.00302030961029,0.00343026849441,0.0019769014325,0.00178979441989,0.00159771903418,0.00147490866948,0.00090903165983,0.000853057950735,0.000999001320451,0.00133128848393,0.00117657147348,0.000649635971058,0.000606675923336,0.000424795463914,0.000165913894307,0.000208704950637,0.000238652530243,0.000294959492749,0.000310598872602,0.000160673735081,0.000188486839761,0.000123247285956,0.000120746633911,0.000208114404813,0.000426280865213,0.000202830808121,0.0000876284611877,0.0000323444255628,0.0000399983182433],"mean":[0.00103630288504,0.00206285365857,0.000911213166546,0.000495104468428,0.000218397806748,0.000273693236522,0.000232959428104,0.000208611629205,0.00028884029598,0.000177345253178,0.000141235985211,0.000091246147349,0.0000925083804759,0.0000956353687798,0.0000693086331012,0.000053263935115,0.000065037063905,0.0000454400105809,0.0000489469275635,0.0000508290067955,0.0000552265883016,0.0000391393041355,0.0000182563326234,0.0000277473427559,0.0000243943177338,0.0000127137764139,0.0000109855764094,0.00000860048203322,0.0000057538263718,0.00000632691580904,0.00000365743221664,0.0000030082342164,0.00000239329187934,0.00000187348496183,0.00000252150834967,0.00000444210400019,0.00000232418733503,8.67977007601e-7,4.85297164232e-7,3.44184826417e-7],"median":[0.000552956014872,0.00113580818288,0.000617011333816,0.000271977944067,0.000112834102765,0.000118712428957,0.0000939048914006,0.0000705209677108,0.0000871068696142,0.0000613985903328,0.0000410552675021,0.0000273602563539,0.00002276608393,0.0000297648803098,0.0000263327201537,0.0000191854014702,0.0000192853003682,0.0000188355152204,0.0000220424753934,0.0000244632810791,0.0000231678804994,0.0000153304954438,0.00000826739051263,0.00000737683376428,0.00000690058277542,0.00000417759292759,0.00000291142168862,0.00000230253112932,0.00000173381988589,0.00000167811742813,0.00000112423606424,6.70744782383e-7,4.59945795228e-7,3.5955267208e-7,3.79830851216e-7,4.79730488223e-7,3.41129720027e-7,1.89821420804e-7,1.08773335228e-7,9.08887329842e-8],"min":[9.69187487292e-24,1.22161816491e-23,2.61949041747e-23,1.02684209653e-23,6.93786678949e-24,6.67982959853e-24,9.48332371541e-24,1.93473485482e-23,2.34287365893e-23,1.55746149581e-23,3.65604725716e-24,6.1797951254e-24,1.2634481455e-23,2.25240109498e-23,7.61257084426e-24,1.08980211089e-23,6.77068113126e-24,6.71846879453e-24,1.30790534845e-23,1.32871329032e-23,5.09937280733e-24,8.8522902115e-24,1.16058644214e-23,1.06886053598e-23,1.09104085917e-23,1.04573255419e-23,9.79851151237e-24,1.22000991418e-23,8.65400528981e-24,8.20207082151e-24,1.35575701987e-23,1.45661052002e-23,8.84685180442e-24,5.85938270266e-24,1.06631070088e-23,1.38734111725e-23,9.09610660692e-24,8.99462201804e-24,9.033431608e-24,8.03590121613e-24],"var":[0.00000313246187034,0.00000765313234297,0.00000109486120436,4.61930227402e-7,1.22924632251e-7,1.91071279687e-7,1.68615642337e-7,1.56903382731e-7,2.53563541719e-7,9.28156254076e-8,8.64787068622e-8,2.89912662765e-8,3.6116151847e-8,2.6472550374e-8,1.23914505323e-8,8.52372039617e-9,1.27127766092e-8,5.51000223226e-9,5.19802556553e-9,6.30139718183e-9,6.8636674122e-9,3.96740906794e-9,9.50859058158e-10,2.06242245504e-9,1.2315997111e-9,3.078863553e-10,2.99723829089e-10,1.87197909951e-10,1.16468473754e-10,1.48451015369e-10,6.64227839398e-11,4.94240065541e-11,2.8873008151e-11,2.14535177817e-11,9.68432070647e-11,4.2955430879e-10,1.05707949338e-10,7.87303208738e-12,1.46208555245e-12,7.62853322178e-13]},"melbands_crest":{"dmean":2.7260055542,"dmean2":4.54421472549,"dvar":6.67458772659,"dvar2":17.6704730988,"max":34.106552124,"mean":13.5211963654,"median":12.7775506973,"min":2.3696231842,"var":25.7872409821},"melbands_flatness_db":{"dmean":0.0212691910565,"dmean2":0.03354742378,"dvar":0.000521837675478,"dvar2":0.00119864393491,"max":0.560434758663,"mean":0.214864343405,"median":0.189537227154,"min":0.00597453583032,"var":0.00962920766324},"melbands_kurtosis":{"dmean":4.19446325302,"dmean2":6.79141807556,"dvar":62.9352264404,"dvar2":154.782943726,"max":204.875061035,"mean":9.12894630432,"median":3.82979297638,"min":-1.73334085941,"var":212.328094482},"melbands_skewness":{"dmean":0.543772280216,"dmean2":0.876196682453,"dvar":0.39040133357,"dvar2":0.955888748169,"max":12.4112033844,"mean":2.2268846035,"median":1.86687004566,"min":-0.590742766857,"var":2.03351449966},"melbands_spread":{"dmean":5.70595359802,"dmean2":9.00014209747,"dvar":65.7023849487,"dvar2":135.285766602,"max":186.864883423,"mean":26.2200336456,"median":21.8926830292,"min":0.878851532936,"var":426.665161133},"mfcc":{"cov":[[15401.1396484,-2983.66748047,-2289.79321289,1012.79321289,348.237976074,182.2472229,-70.4845962524,250.59236145,118.601341248,418.183990479,82.9899749756,272.171112061,61.3087234497],[-2983.66748047,1868.19494629,374.108154297,-282.573059082,-18.0273189545,-61.0548744202,11.8634757996,15.5290679932,57.2826728821,-104.971923828,18.3794078827,-33.5781517029,3.53281712532],[-2289.79321289,374.108154297,769.98425293,-234.188430786,-78.5318527222,1.5990114212,10.8284711838,-21.4000835419,-32.4135131836,-68.1125488281,-50.0961456299,-35.9409713745,-21.9193973541],[1012.79321289,-282.573059082,-234.188430786,305.555297852,88.7879714966,28.0447483063,4.20351552963,12.1821613312,3.74934101105,25.6421146393,9.48834323883,8.38043117523,20.9827404022],[348.237976074,-18.0273189545,-78.5318527222,88.7879714966,251.150009155,51.6410865784,-36.4763031006,-2.0213727951,7.71710395813,29.5814647675,-11.8609018326,22.1838550568,3.95526480675],[182.2472229,-61.0548744202,1.5990114212,28.0447483063,51.6410865784,112.442298889,28.2155036926,8.26339817047,5.59217119217,13.2208185196,2.2568500042,7.7413816452,-0.897984266281],[-70.4845962524,11.8634757996,10.8284711838,4.20351552963,-36.4763031006,28.2155036926,115.617233276,36.3085861206,6.41418981552,-8.33800697327,19.7071475983,-8.82642936707,9.7977104187],[250.59236145,15.5290679932,-21.4000835419,12.1821613312,-2.0213727951,8.26339817047,36.3085861206,87.8275985718,36.2170600891,2.31044602394,2.84510755539,7.27637052536,3.88111376762],[118.601341248,57.2826728821,-32.4135131836,3.74934101105,7.71710395813,5.59217119217,6.41418981552,36.2170600891,91.0475540161,32.9244003296,14.1940937042,5.50665044785,-1.03540408611],[418.183990479,-104.971923828,-68.1125488281,25.6421146393,29.5814647675,13.2208185196,-8.33800697327,2.31044602394,32.9244003296,93.1070327759,18.7490520477,13.7668046951,-7.44605350494],[82.9899749756,18.3794078827,-50.0961456299,9.48834323883,-11.8609018326,2.2568500042,19.7071475983,2.84510755539,14.1940937042,18.7490520477,71.6165466309,14.1294841766,8.19173431396],[272.171112061,-33.5781517029,-35.9409713745,8.38043117523,22.1838550568,7.7413816452,-8.82642936707,7.27637052536,5.50665044785,13.7668046951,14.1294841766,72.2193145752,11.9750614166],[61.3087234497,3.53281712532,-21.9193973541,20.9827404022,3.95526480675,-0.897984266281,9.7977104187,3.88111376762,-1.03540408611,-7.44605350494,8.19173431396,11.9750614166,58.9219818115]],"icov":[[0.000188705191249,0.00017648767971,0.000402229110477,-0.000101399782579,0.0000414338392147,-0.000176565401489,0.000220435395022,-0.000545482093003,0.000106861618406,-0.000300962448819,0.000123455363791,-0.000300753978081,-0.0000195806478587],[0.00017648767971,0.00093851640122,0.00015397813695,0.000493702129461,-0.000426652637543,0.000258652318735,0.000124165875604,-0.000461552321212,-0.000775589665864,0.000727698090486,-0.000516341882758,0.00000470701570521,-0.000166942321812],[0.000402229110477,0.00015397813695,0.0028022415936,0.000953673443291,0.000321578991134,-0.00100025022402,0.000239817658439,-0.00087807001546,0.000578883278649,-0.000183951531653,0.00136676465627,-0.000330577400746,0.000120309952763],[-0.000101399782579,0.000493702129461,0.000953673443291,0.00531980628148,-0.0016034967266,-0.000177556474227,-0.000511304766405,-0.000126457540318,-0.0000517749140272,0.00055057782447,-0.000360277743312,0.0011284686625,-0.00137606647331],[0.0000414338392147,-0.000426652637543,0.000321578991134,-0.0016034967266,0.00584257440642,-0.00293667591177,0.00231876806356,-0.000375615374651,0.000450105959317,-0.00152671162505,0.0015073500108,-0.0011581981089,-0.000283858011244],[-0.000176565401489,0.000258652318735,-0.00100025022402,-0.000177556474227,-0.00293667591177,0.0118681164458,-0.00436002062634,0.00120003777556,-0.000764932658058,-0.000313709810143,0.0000261821551248,-0.00076523295138,0.000982090830803],[0.000220435395022,0.000124165875604,0.000239817658439,-0.000511304766405,0.00231876806356,-0.00436002062634,0.0134202167392,-0.00627693673596,0.00163618393708,0.000372913578758,-0.00362603715621,0.00225949333981,-0.00188492797315],[-0.000545482093003,-0.000461552321212,-0.00087807001546,-0.000126457540318,-0.000375615374651,0.00120003777556,-0.00627693673596,0.0183320883662,-0.0074061783962,0.00273462710902,0.00207692151889,-0.00164692092221,0.000454774213722],[0.000106861618406,-0.000775589665864,0.000578883278649,-0.0000517749140272,0.000450105959317,-0.000764932658058,0.00163618393708,-0.0074061783962,0.0168711300939,-0.00641933316365,-0.00134681968484,0.000640463025775,-0.000114681468403],[-0.000300962448819,0.000727698090486,-0.000183951531653,0.00055057782447,-0.00152671162505,-0.000313709810143,0.000372913578758,0.00273462710902,-0.00641933316365,0.0164385847747,-0.00366153754294,-0.000750321603846,0.00248669972643],[0.000123455363791,-0.000516341882758,0.00136676465627,-0.000360277743312,0.0015073500108,0.0000261821551248,-0.00362603715621,0.00207692151889,-0.00134681968484,-0.00366153754294,0.0182211715728,-0.00363771407865,-0.00137569196522],[-0.000300753978081,0.00000470701570521,-0.000330577400746,0.0011284686625,-0.0011581981089,-0.00076523295138,0.00225949333981,-0.00164692092221,0.000640463025775,-0.000750321603846,-0.00363771407865,0.016942134127,-0.00343440729193],[-0.0000195806478587,-0.000166942321812,0.000120309952763,-0.00137606647331,-0.000283858011244,0.000982090830803,-0.00188492797315,0.000454774213722,-0.000114681468403,0.00248669972643,-0.00137569196522,-0.00343440729193,0.0190557483584]],"mean":[-666.73815918,137.36000061,-4.41904592514,21.2069091797,6.45831441879,6.29314088821,-0.705151736736,6.62618207932,2.17437338829,4.39220428467,-1.86450314522,3.04169392586,-2.37990736961]},"pitch_salience":{"dmean":0.060800768435,"dmean2":0.100100465119,"dvar":0.00307263201103,"dvar2":0.00809575244784,"max":0.812225103378,"mean":0.541696548462,"median":0.547732889652,"min":0.156425043941,"var":0.00981698650867},"silence_rate_20dB":{"dmean":0,"dmean2":0,"dvar":0,"dvar2":0,"max":1,"mean":1,"median":1,"min":1,"var":0},"silence_rate_30dB":{"dmean":0.00121000269428,"dmean2":0.00242016813718,"dvar":0.00120862794574,"dvar2":0.00362474960275,"max":1,"mean":0.999395012856,"median":1,"min":0,"var":0.000604527245741},"silence_rate_60dB":{"dmean":0.0127722509205,"dmean2":0.0255462191999,"dvar":0.0126070613042,"dvar2":0.0293238945305,"max":1,"mean":0.142972379923,"median":0,"min":0,"var":0.122499495745},"spectral_centroid":{"dmean":171.994674683,"dmean2":272.062530518,"dvar":44561.8359375,"dvar2":91111.9296875,"max":11290.4111328,"mean":1322.24291992,"median":1244.75561523,"min":174.272613525,"var":557784.6875},"spectral_complexity":{"dmean":2.83019638062,"dmean2":4.65922689438,"dvar":8.11244392395,"dvar2":20.0750713348,"max":57,"mean":21.5655040741,"median":20,"min":0,"var":183.190155029},"spectral_contrast_coeffs":{"dmean":[0.0472628735006,0.0439869761467,0.0349674373865,0.0272043161094,0.0198315158486,0.01669764705],"dmean2":[0.0793858394027,0.0733995959163,0.057670045644,0.0450902245939,0.0326697193086,0.0263394359499],"dvar":[0.00150096672587,0.00125020334963,0.000765895994846,0.000480569404317,0.000285181624349,0.000229437369853],"dvar2":[0.0042189694941,0.00346189970151,0.00202933256514,0.0012774609495,0.000727839127649,0.000522078538779],"max":[-0.351291596889,-0.460219919682,-0.545164585114,-0.585722506046,-0.5955555439,-0.624345183372],"mean":[-0.641157746315,-0.740108788013,-0.769064903259,-0.784466683865,-0.794037997723,-0.763077735901],"median":[-0.642624735832,-0.746074914932,-0.774544358253,-0.786417603493,-0.787209928036,-0.758970856667],"min":[-0.967692375183,-0.971204221249,-0.971115648746,-0.953811109066,-0.964226365089,-0.959987163544],"var":[0.00445985002443,0.00447472324595,0.00360507471487,0.00280921556987,0.00239753909409,0.00228231213987]},"spectral_contrast_valleys":{"dmean":[0.395245462656,0.323554605246,0.272884219885,0.239451110363,0.216229438782,0.282928168774],"dmean2":[0.662474989891,0.542548894882,0.451755225658,0.393590897322,0.342320412397,0.394069045782],"dvar":[0.117845050991,0.0750835165381,0.0551135204732,0.0535298846662,0.0725213885307,0.129402652383],"dvar2":[0.302978426218,0.195239007473,0.135090708733,0.120430245996,0.156881093979,0.230782598257],"max":[-5.31353473663,-4.89998149872,-5.29767179489,-5.80595397949,-5.618496418,-7.62372398376],"mean":[-7.41004085541,-6.81444215775,-7.34256792068,-7.76425695419,-7.8612909317,-10.7263479233],"median":[-7.1403002739,-6.6604475975,-7.16840219498,-7.28313159943,-7.3780875206,-10.2368059158],"min":[-27.3468437195,-27.369884491,-27.0570201874,-27.4065170288,-27.1965961456,-27.2727680206],"var":[1.48685765266,1.23345088959,1.36902213097,2.11596989632,2.93200564384,2.98338675499]},"spectral_decrease":{"dmean":1.61693469725e-9,"dmean2":2.70298183835e-9,"dvar":7.90009680085e-18,"dvar2":2.1276597441e-17,"max":-1.60983669226e-29,"mean":-5.93840843166e-9,"median":-5.22355492194e-9,"min":-4.2097507702e-8,"var":2.34721680517e-17},"spectral_energy":{"dmean":0.00630003632978,"dmean2":0.0105070509017,"dvar":0.000115207141789,"dvar2":0.000310462113703,"max":0.16200581193,"mean":0.0243750121444,"median":0.021556738764,"min":1.06538399126e-20,"var":0.000384288374335},"spectral_energyband_high":{"dmean":0.000289378804155,"dmean2":0.000396784336772,"dvar":7.85254428592e-7,"dvar2":0.00000114058570944,"max":0.0257911290973,"mean":0.000866207410581,"median":0.000239444198087,"min":7.61445603249e-21,"var":0.00000398924476031},"spectral_energyband_low":{"dmean":0.00445581506938,"dmean2":0.0075962995179,"dvar":0.000099070755823,"dvar2":0.000271137163509,"max":0.140534847975,"mean":0.0089266654104,"median":0.00592497829348,"min":1.08391305913e-22,"var":0.000127659019199},"spectral_energyband_middle_high":{"dmean":0.00137280172203,"dmean2":0.00216599996202,"dvar":0.00000372662384507,"dvar2":0.00000920244747249,"max":0.041278000921,"mean":0.00641087116674,"median":0.00440845964476,"min":1.51273956377e-21,"var":0.0000407094012189},"spectral_energyband_middle_low":{"dmean":0.00312861055136,"dmean2":0.00512591097504,"dvar":0.0000225936546485,"dvar2":0.0000598423794145,"max":0.0731710940599,"mean":0.00917593762279,"median":0.00717887701467,"min":4.21711155979e-22,"var":0.0000667170461384},"spectral_entropy":{"dmean":0.126109063625,"dmean2":0.19064617157,"dvar":0.022239241749,"dvar2":0.045893535018,"max":9.79357433319,"mean":7.43977165222,"median":7.6249370575,"min":5.06958723068,"var":0.379572987556},"spectral_flux":{"dmean":0.0171847231686,"dmean2":0.0271924883127,"dvar":0.00051274598809,"dvar2":0.00117474910803,"max":0.328739345074,"mean":0.0704998373985,"median":0.067447565496,"min":1.03217441538e-10,"var":0.00211914628744},"spectral_kurtosis":{"dmean":3.00773692131,"dmean2":5.08751296997,"dvar":43.4090995789,"dvar2":126.239463806,"max":172.365264893,"mean":9.90589427948,"median":5.17520236969,"min":-1.24138104916,"var":286.281311035},"spectral_rms":{"dmean":0.000554664875381,"dmean2":0.00091258547036,"dvar":5.44022952909e-7,"dvar2":0.00000141403882026,"max":0.0125719709322,"mean":0.00440239207819,"median":0.00458595296368,"min":3.2239712202e-12,"var":0.00000439937412011},"spectral_rolloff":{"dmean":342.606903076,"dmean2":567.599914551,"dvar":417277.03125,"dvar2":844277.3125,"max":18604.6875,"mean":1526.00415039,"median":1162.79296875,"min":86.1328125,"var":2055611.125},"spectral_skewness":{"dmean":0.273931741714,"dmean2":0.45036059618,"dvar":0.144291952252,"dvar2":0.413993805647,"max":10.4201660156,"mean":2.00550103188,"median":1.64862251282,"min":-0.0144586479291,"var":1.55326032639},"spectral_spread":{"dmean":422900.09375,"dmean2":600365.25,"dvar":328519811072,"dvar2":515122823168,"max":41245088,"mean":3758148.75,"median":3681216.25,"min":480158.46875,"var":1920475332610},"spectral_strongpeak":{"dmean":0.42587980628,"dmean2":0.748641848564,"dvar":0.673937082291,"dvar2":1.81075239182,"max":12.3718423843,"mean":0.738364636898,"median":0.376524120569,"min":0,"var":0.93665266037},"zerocrossingrate":{"dmean":0.00728020258248,"dmean2":0.00856043212116,"dvar":0.000100569865026,"dvar2":0.00010576058412,"max":0.4873046875,"mean":0.0550535209477,"median":0.0498046875,"min":0.00341796875,"var":0.00137659395114}},"metadata":{"audio_properties":{"analysis_sample_rate":44100,"bit_rate":0,"codec":"flac","downmix":"mix","equal_loudness":0,"length":345.413330078,"lossless":true,"md5_encoded":"0041399cf778b57895029d3298864029","replay_gain":-15.6502065659,"sample_rate":44100},"tags":{"album":["An End Has a Start"],"albumartist":["Editors"],"artist":["Editors"],"content group":["Rock"],"date":["2007-06-22"],"discnumber":["1"],"file_name":"05 - When Anger Shows.flac","genre":["Rock"],"musicbrainz_albumid":["591cf1b1-58fd-3748-9126-a4fe0f44d99d"],"musicbrainz_recordingid":["1e53c86f-8498-448e-bba7-3e904d5d8700"],"title":["When Anger Shows"],"tracknumber":["5"]},"version":{"essentia":"2.1-beta1","essentia_build_sha":"ca57ba49d9b1854bd80e60cf9ccf267278fb7d6b","essentia_git_sha":"v2.1_beta1-28-g21ef5f4-dirty","extractor":"music 1.0"}},"rhythm":{"beats_count":781,"beats_loudness":{"dmean":0.00975454319268,"dmean2":0.016517624259,"dvar":0.0000947196676861,"dvar2":0.000252008234384,"max":0.0842119976878,"mean":0.0289899036288,"median":0.0258071683347,"min":2.07950573428e-10,"var":0.000410448032198},"beats_loudness_band_ratio":{"dmean":[0.196211338043,0.0979174599051,0.109656974673,0.062837973237,0.0573449879885,0.0342441722751],"dmean2":[0.347643524408,0.175809755921,0.192566901445,0.108944363892,0.0977576673031,0.0621383935213],"dvar":[0.0274763759226,0.00823353603482,0.0113728940487,0.00389321614057,0.00410172250122,0.00403958745301],"dvar2":[0.0861089900136,0.0236203949898,0.0318189449608,0.0111603764817,0.0111230071634,0.0112773692235],"max":[0.968259215355,0.714027822018,0.703149974346,0.535429537296,0.505364120007,0.624432623386],"mean":[0.480001419783,0.149647086859,0.177278220654,0.102565996349,0.0957670882344,0.0444535017014],"median":[0.452463299036,0.123329222202,0.145606011152,0.0823446512222,0.0771210044622,0.0266495645046],"min":[0.0309438407421,0.