{"lowlevel":{"average_loudness":0.764240324497,"barkbands":{"dmean":[0.0000491337414132,0.00283770565875,0.00247147143818,0.00139421084896,0.0033426261507,0.000903630047105,0.00128592632245,0.00118971662596,0.000547475414351,0.000297001155559,0.000338907790137,0.000210721686017,0.000225201234571,0.000365788990166,0.000208398880204,0.00010959814972,0.00016711227363,0.0000577714454266,0.000100497127278,0.0000263479159912,0.0000153791570483,0.00000756992176321,0.0000144069381349,0.0000229553861573,0.0000135063528433,0.0000056317680901,5.62430727769e-7],"dmean2":[0.0000803288348834,0.0043777609244,0.00385502330028,0.0021687396802,0.00512142572552,0.00137356924824,0.00195759371854,0.00184975704178,0.000775954627898,0.000452273350675,0.000534352555405,0.000348138302797,0.000349529756932,0.000557422812562,0.000332952826284,0.000181750729098,0.000268051022431,0.0000940860336414,0.000160206967848,0.0000422637895099,0.0000237899221247,0.0000115020102385,0.0000218386594497,0.0000335531367455,0.0000187347668543,0.0000079799510786,8.02139879852e-7],"dvar":[1.97854870265e-8,0.0000248911692324,0.0000132228424263,0.00000404538695875,0.0000205853957596,0.00000317134504257,0.00000615777980784,0.00000625029178991,0.00000176040225597,4.19347486513e-7,7.86416478604e-7,2.32072736139e-7,6.62272896079e-7,0.00000133556386572,4.82243933675e-7,1.32026272581e-7,2.86592040766e-7,2.7135474312e-8,1.01331714575e-7,7.82229658824e-9,3.16562398517e-9,1.71707092989e-9,1.19009051502e-8,3.4133268656e-8,1.62956350636e-8,2.77223954903e-9,3.35231703508e-11],"dvar2":[5.12373290462e-8,0.0000659305733279,0.0000358271536243,0.00000945010833675,0.0000501319736941,0.00000717250122761,0.000015420921045,0.0000148403969433,0.00000332387480739,9.39091364671e-7,0.00000197017789105,6.0355387177e-7,0.0000014890778175,0.00000280710787592,0.0000011253126786,3.27414113599e-7,6.19790682777e-7,6.45496456286e-8,2.50384061928e-7,1.79604420225e-8,6.98464797111e-9,3.76995190621e-9,2.58539571973e-8,7.01901754496e-8,2.94407378476e-8,5.2277422391e-9,5.75405036118e-11],"max":[0.0107621885836,0.0883430242538,0.0654245391488,0.0605107322335,0.0875466912985,0.0509650185704,0.0627803206444,0.0511315390468,0.038762178272,0.0231227427721,0.028716456145,0.0168509297073,0.0288853812963,0.034735340625,0.021801462397,0.0151132475585,0.0228347610682,0.00765331555158,0.00836304016411,0.00327100697905,0.00241748127155,0.00207439507358,0.00479751825333,0.00773506332189,0.00743206031621,0.0031308082398,0.000383197737392],"mean":[0.000106573774246,0.00800888240337,0.00755795231089,0.00292886351235,0.00725252646953,0.00202344334684,0.0026756580919,0.00236459239386,0.00115214847028,0.000574112229515,0.000583133485634,0.000370156456484,0.000398136442527,0.00073919177521,0.00042522631702,0.000185397962923,0.000324799388181,0.000130242391606,0.000217175213038,0.0000525555878994,0.0000349748406734,0.0000170835210156,0.0000255793511315,0.0000388905209547,0.0000242218266067,0.00000893064043339,9.49785999182e-7],"median":[0.0000175017703441,0.00429605320096,0.00398625107482,0.00154346926138,0.00491894688457,0.00100916868541,0.00147043331526,0.000567454961129,0.000255991733866,0.000211613471038,0.000170533778146,0.000144223115058,0.0000891875024536,0.000103424856206,0.0000688855943736,0.0000663356695441,0.0000514198691235,0.0000294757246593,0.0000327550442307,0.00000753147605792,0.00000461255513073,0.00000249263416663,0.00000189450065591,0.00000147351920532,5.70893121221e-7,1.9500365056e-7,1.91039504216e-8],"min":[3.57714203676e-25,3.95759959337e-24,2.47087564936e-24,1.03308593059e-24,9.89325449595e-24,4.82254297746e-24,1.06986112716e-23,1.20882126331e-23,1.90404327467e-23,1.3032221968e-23,1.98371096858e-23,2.98445202433e-23,3.16137995697e-23,3.04438936037e-23,4.79821048395e-23,6.1756266266e-23,7.43970428311e-23,8.39008414313e-23,9.7931660331e-23,1.63084850007e-22,2.49764141588e-22,3.16872829096e-22,2.86414720219e-22,6.06465055798e-22,9.61087744352e-22,1.25979193298e-21,1.90983684587e-21],"var":[2.36732731196e-7,0.000115871618618,0.0000819759734441,0.0000187850382645,0.0000554295256734,0.0000108216290755,0.0000157245558512,0.0000210875059565,0.00000655854728393,0.00000135721938932,0.00000175954528459,5.23614971826e-7,0.00000177246022304,0.00000487171837449,0.00000164303901329,2.24420332984e-7,8.85355859737e-7,9.84799086723e-8,2.54974025893e-7,2.1785666604e-8,1.11146754023e-8,5.76241898642e-9,1.84424067129e-8,7.16074950446e-8,4.57328646064e-8,6.62564714204e-9,9.55355378141e-11]},"barkbands_crest":{"dmean":2.16821742058,"dmean2":3.48142385483,"dvar":3.84554886818,"dvar2":10.1457004547,"max":25.6697330475,"mean":10.840678215,"median":10.3159723282,"min":2.81363892555,"var":13.3705806732},"barkbands_flatness_db":{"dmean":0.0163839105517,"dmean2":0.0253909770399,"dvar":0.000235277519096,"dvar2":0.000544527429156,"max":0.54051053524,"mean":0.236512869596,"median":0.209082603455,"min":0.0138686336577,"var":0.0083492398262},"barkbands_kurtosis":{"dmean":2.56482720375,"dmean2":4.0560503006,"dvar":22.5530548096,"dvar2":57.5166435242,"max":270.726898193,"mean":5.65943861008,"median":3.53248071671,"min":-1.82775902748,"var":55.2031745911},"barkbands_skewness":{"dmean":0.419927179813,"dmean2":0.654786407948,"dvar":0.163516655564,"dvar2":0.404958337545,"max":11.0836286545,"mean":1.69631147385,"median":1.59230268002,"min":-2.28870797157,"var":0.947061121464},"barkbands_spread":{"dmean":2.15128922462,"dmean2":3.31326055527,"dvar":12.2021961212,"dvar2":24.0149745941,"max":100.130897522,"mean":10.7191410065,"median":8.66618156433,"min":0.423704653978,"var":78.7713699341},"dissonance":{"dmean":0.0282720252872,"dmean2":0.0476637072861,"dvar":0.000786600634456,"dvar2":0.00211040815338,"max":0.499997705221,"mean":0.428244978189,"median":0.440175235271,"min":0.0854067951441,"var":0.00259017338976},"dynamic_complexity":3.80916523933,"erbbands":{"dmean":[0.0513192750514,0.757787823677,2.6468808651,3.45740580559,10.0288124084,10.430273056,7.26053905487,8.16973495483,22.236289978,17.7967853546,20.3930053711,9.82849407196,8.16361904144,6.61627960205,15.0480823517,6.90600776672,10.3525342941,20.0978336334,8.15488147736,8.67674446106,7.0905790329,8.27123355865,3.36416172981,4.60105991364,3.36066651344,0.84387755394,0.68000459671,0.469099462032,0.264863997698,0.285793274641,0.395653158426,0.562809765339,0.347735196352,0.199722707272,0.0741138681769,0.0352906361222,0.00877489708364,0.00097260880284,0.000108418971649,0.0000116352148325],"dmean2":[0.0812580883503,1.16113448143,4.09305667877,5.41949224472,15.3645181656,16.1940402985,10.9266233444,12.5084276199,34.2131614685,26.9511737823,30.7388439178,14.1278972626,12.3394393921,9.8957157135,24.3376617432,11.2215080261,16.0386123657,30.0810184479,13.007235527,13.6865549088,11.4431467056,13.3321866989,5.49194383621,7.45519542694,5.35282182693,1.33098912239,1.06696200371,0.706709861755,0.398385286331,0.439325720072,0.584426224232,0.825951993465,0.511821746826,0.291311353445,0.107966937125,0.0494528859854,0.0125864893198,0.00141538656317,0.00015370415349,0.0000174565684574],"dvar":[0.0151362428442,1.57132589817,13.9681787491,21.8515586853,211.15447998,243.757751465,146.328659058,296.194488525,1983.06262207,1415.5904541,1435.29333496,499.278930664,320.196716309,198.279037476,1724.33215332,259.781768799,1312.42370605,4470.40087891,434.969390869,954.772644043,448.768280029,593.138427734,85.5621643066,232.800994873,93.5293045044,8.53018474579,5.4625043869,4.58150196075,2.11089062691,3.4663207531,9.83869075775,25.2646503448,7.34865856171,3.96370124817,0.466644763947,0.112085692585,0.00685546034947,0.000096164563729,0.00000112131635888,2.26096763534e-9],"dvar2":[0.0436275079846,4.05000448227,35.9717407227,58.6170730591,494.237457275,609.591491699,326.411346436,697.837402344,5087.42626953,3118.28198242,3161.09448242,983.310974121,706.556335449,420.104675293,4436.73925781,667.678527832,2991.16748047,9305.40234375,1081.04675293,2141.64208984,1058.90661621,1446.25952148,201.039794922,591.532104492,228.333862305,17.7397651672,11.4133148193,9.89099788666,4.13516616821,8.51585865021,21.0071773529,52.0846290588,16.0203475952,8.14345741272,0.851837575436,0.218936890364,0.0131913200021,0.00020273825794,0.00000189197589862,3.40483108374e-9],"max":[2.69625520706,21.8201274872,76.7759780884,95.0392532349,337.857910156,287.804077148,454.136993408,590.905761719,1129.47119141,1136.4420166,650.201538086,615.431396484,486.30859375,575.952636719,1394.69494629,622.181274414,1319.15979004,2020.05847168,755.679992676,1323.35925293,1132.1472168,879.264831543,454.265594482,433.328277588,263.663085938,121.265411377,110.098350525,97.7321395874,79.8843078613,119.193534851,129.001953125,237.625259399,130.106277466,118.638664246,34.5888938904,20.5437660217,3.73105454445,0.681154370308,0.073341704905,0.00478184176609],"mean":[0.12483035028,2.23327875137,9.08679294586,8.50313472748,20.6986465454,21.5396823883,16.008436203,19.0702705383,45.0562782288,38.827255249,43.6783638,21.7270889282,17.207321167,14.5162372589,25.7687492371,14.2175893784,19.7508468628,41.5854797363,18.5445022583,19.0333518982,15.018032074,16.6366767883,7.55028581619,10.386428833,7.88372612,1.99247992039,1.52837455273,1.12020027637,0.611205279827,0.705649137497,0.675404012203,0.89456564188,0.587335109711,0.346491992474,0.132889002562,0.0553408674896,0.0137791913003,0.00163927557878,0.000200813097763,0.0000497987348353],"median":[0.0508594959974,1.23228740692,4.73348617554,6.22523260117,13.0995893478,13.6121063232,9.23837184906,9.5094461441,23.0171833038,13.3599042892,12.154955864,6.43114233017,6.58337450027,6.29989528656,8.05139636993,5.99670124054,5.03315019608,4.95157432556,5.3597536087,4.19534635544,4.04846906662,3.13339161873,2.08807325363,1.7687394619,1.23612380028,0.402035653591,0.231185153127,0.151095405221,0.096781656146,0.0799577012658,0.0462099276483,0.0365292020142,0.0207051578909,0.00839497148991,0.00323351821862,0.00114801176824,0.000310564384563,0.0000430916225014,0.0000237119529629,0.000042033065256],"min":[1.91635430107e-22,5.78676300763e-22,2.24474200027e-21,4.60323425946e-21,1.33351733332e-20,2.54320750609e-20,4.69864760442e-20,5.3374959936e-20,1.32045296874e-19,1.82973101129e-19,2.84930892294e-19,4.48437047339e-19,5.73926291624e-19,8.945947985e-19,8.51321620236e-19,1.43541799409e-18,1.63464951111e-18,1.96779050576e-18,2.64974694727e-18,3.75235057966e-18,4.40358449925e-18,5.09576261839e-18,5.28133355778e-18,6.68979301193e-18,6.90132336049e-18,7.7100098689e-18,1.08845900935e-17,1.07280039764e-17,9.96342191106e-18,1.10434335866e-17,8.71926120608e-18,1.16771341723e-17,1.02940931512e-17,7.84187238471e-18,6.26629432269e-18,4.41078634725e-18,2.41286640807e-18,1.04612529113e-18,2.561291096e-19,2.6060065089e-20],"var":[0.0521043278277,7.85581064224,110.402328491,72.7899398804,575.377868652,639.857116699,466.946563721,1067.95129395,4847.95019531,5871.70117188,5210.77929688,1861.57751465,1061.15600586,647.054260254,3848.21337891,832.120178223,3519.24438477,16029.2421875,1316.2442627,3500.24560547,1257.94104004,1964.24438477,283.786376953,577.166809082,289.203796387,28.0411148071,16.0881557465,17.7476291656,5.50741958618,17.755033493,14.6683444977,41.6834716797,16.5318107605,9.50014019012,1.35401725769,0.25740891695,0.0162810590118,0.0002324746456,0.00000287627676698,7.22649629026e-9]},"erbbands_crest":{"dmean":2.60563874245,"dmean2":4.14047384262,"dvar":5.68879890442,"dvar2":14.2235851288,"max":29.7424545288,"mean":10.5773391724,"median":9.74103164673,"min":2.60792350769,"var":19.033405304},"erbbands_flatness_db":{"dmean":0.0131704844534,"dmean2":0.0201259162277,"dvar":0.00016669688921,"dvar2":0.00035428989213,"max":0.477978825569,"mean":0.227846652269,"median":0.209306225181,"min":0.0247414149344,"var":0.00512674031779},"erbbands_kurtosis":{"dmean":0.966701745987,"dmean2":1.54794514179,"dvar":1.71268844604,"dvar2":4.38275718689,"max":33.9538421631,"mean":0.883685052395,"median":0.322510004044,"min":-1.7939132452,"var":4.96121025085},"erbbands_skewness":{"dmean":0.331807881594,"dmean2":0.514561116695,"dvar":0.0849843174219,"dvar2":0.207470521331,"max":4.9964094162,"mean":0.619899451733,"median":0.61750626564,"min":-2.91188097,"var":0.565043509007},"erbbands_spread":{"dmean":4.67012071609,"dmean2":7.18459177017,"dvar":32.8864402771,"dvar2":64.6330718994,"max":146.34147644,"mean":26.1136817932,"median":24.4285640717,"min":2.27088332176,"var":217.792648315},"gfcc":{"cov":[[22350.8652344,-2339.19238281,-2221.60546875,1887.40026855,-787.600463867,646.389404297,-967.692932129,899.744262695,-334.213439941,293.262542725,-39.3561782837,-65.381149292,-341.316375732],[-2339.19238281,2668.14892578,501.460479736,-844.499694824,380.845336914,-373.033508301,254.721618652,-570.308288574,218.497756958,-268.070770264,86.8167572021,-86.6940002441,198.48399353],[-2221.60546875,501.460479736,813.621337891,-457.061004639,30.2032814026,-27.0817317963,33.2788467407,-161.627243042,13.3726882935,-41.421459198,30.5255489349,35.4130363464,59.5157432556],[1887.40026855,-844.499694824,-457.061004639,670.152038574,-61.0898933411,86.4649124146,-45.5607147217,187.793670654,-29.7674236298,71.5313110352,-27.7479610443,-4.33506011963,-41.510433197],[-787.600463867,380.845336914,30.2032814026,-61.0898933411,281.708251953,-69.5576324463,51.3165512085,-94.2194442749,84.1360397339,-20.7869739532,2.48907995224,-21.2088909149,50.0130233765],[646.389404297,-373.033508301,-27.0817317963,86.4649124146,-69.5576324463,185.195495605,-23.1632156372,90.3580932617,-33.3374176025,40.5920372009,3.89909529686,10.3808555603,-39.3540420532],[-967.692932129,254.721618652,33.2788467407,-45.5607147217,51.3165512085,-23.1632156372,260.134674072,-43.5923080444,33.3496437073,-9.57653331757,-1.30167424679,-2.8418033123,6.86599969864],[899.744262695,-570.308288574,-161.627243042,187.793670654,-94.2194442749,90.3580932617,-43.5923080444,245.714126587,-36.6973800659,67.2590484619,-4.91573953629,21.0861930847,-50.8256645203],[-334.213439941,218.497756958,13.3726882935,-29.7674236298,84.1360397339,-33.3374176025,33.3496437073,-36.6973800659,127.349243164,2.11271929741,-0.433659434319,-16.5737628937,20.3563613892],[293.262542725,-268.070770264,-41.421459198,71.5313110352,-20.7869739532,40.5920372009,-9.57653331757,67.2590484619,2.11271929741,128.440689087,1.64018154144,7.63829660416,-27.2538452148],[-39.3561782837,86.8167572021,30.5255489349,-27.7479610443,2.48907995224,3.89909529686,-1.30167424679,-4.91573953629,-0.433659434319,1.64018154144,85.2506942749,6.95412302017,-2.09896016121],[-65.381149292,-86.6940002441,35.4130363464,-4.33506011963,-21.2088909149,10.3808555603,-2.8418033123,21.0861930847,-16.5737628937,7.63829660416,6.95412302017,81.9561538696,3.54583716393],[-341.316375732,198.48399353,59.5157432556,-41.510433197,50.0130233765,-39.3540420532,6.86599969864,-50.8256645203,20.3563613892,-27.2538452148,-2.09896016121,3.54583716393,91.7876663208]],"icov":[[0.000132300818223,-0.000348741741618,0.000201661401661,-0.000400933640776,0.000265921204118,-0.000468696525786,0.00054276897572,-0.00029899700894,0.000258035492152,-0.000303089967929,0.000239401590079,-0.0000982149213087,0.000244050796027],[-0.000348741741618,0.00289500970393,-0.000198456516955,0.00263661378995,-0.00114985043183,0.00249184342101,-0.00236296304502,0.00256243906915,-0.00205446430482,0.00240220688283,-0.00235743471421,0.001297009876,-0.00188052584417],[0.000201661401661,-0.000198456516955,0.00256578135304,0.00103165407199,0.000529640179593,-0.00114508415572,0.000644283369184,0.000522563408595,0.000192435196368,-0.000506411888637,-0.00015241804067,-0.000802873866633,-0.000721968652215],[-0.000400933640776,0.00263661378995,0.00103165407199,0.00530768791214,-0.0011786374962,0.00179297570139,-0.00230801524594,0.0013762145536,-0.00171395216603,0.00163595192134,-0.00170143216383,0.00108404201455,-0.00233019771986],[0.000265921204118,-0.00114985043183,0.000529640179593,-0.0011786374962,0.00583402160555,-0.000613566895481,0.000857655133586,0.000139537543873,-0.00170569308102,-0.00120153452735,0.000591119634919,0.000037261423131,-0.000796333770268],[-0.000468696525786,0.00249184342101,-0.00114508415572,0.00179297570139,-0.000613566895481,0.00979292672127,-0.00246804859489,0.000430287240306,-0.00109355954919,0.00125897384714,-0.00232686335221,0.00111951725557,-0.000102139427327],[0.00054276897572,-0.00236296304502,0.000644283369184,-0.00230801524594,0.000857655133586,-0.00246804859489,0.00677799293771,-0.00160326762125,0.000984523678198,-0.00195425259881,0.00196114741266,-0.0011582726147,0.00203719409183],[-0.00029899700894,0.00256243906915,0.000522563408595,0.0013762145536,0.000139537543873,0.000430287240306,-0.00160326762125,0.0096309510991,-0.00169342127629,0.000144712394103,-0.00196839612909,-0.000403650745284,-0.000418915908085],[0.000258035492152,-0.00205446430482,0.000192435196368,-0.00171395216603,-0.00170569308102,-0.00109355954919,0.000984523678198,-0.00169342127629,0.0117755318061,-0.00297623733059,0.00168813252822,0.000520689005498,0.000474663480418],[-0.000303089967929,0.00240220688283,-0.000506411888637,0.00163595192134,-0.00120153452735,0.00125897384714,-0.00195425259881,0.000144712394103,-0.00297623733059,0.011698640883,-0.00219282601029,0.000513120845426,0.000231040568906],[0.000239401590079,-0.00235743471421,-0.00015241804067,-0.00170143216383,0.000591119634919,-0.00232686335221,0.00196114741266,-0.00196839612909,0.00168813252822,-0.00219282601029,0.0140175689012,-0.00204074918292,0.00213486980647],[-0.0000982149213087,0.001297009876,-0.000802873866633,0.00108404201455,0.000037261423131,0.00111951725557,-0.0011582726147,-0.000403650745284,0.000520689005498,0.000513120845426,-0.00204074918292,0.0141652552411,-0.00239324616268],[0.000244050796027,-0.00188052584417,-0.000721968652215,-0.00233019771986,-0.000796333770268,-0.000102139427327,0.00203719409183,-0.000418915908085,0.000474663480418,0.000231040568906,0.00213486980647,-0.00239324616268,0.0153933931142]],"mean":[-80.7332077026,174.643173218,-103.129837036,15.5940446854,-37.43592453,-0.414768129587,-32.7283210754,-0.700733482838,-14.0791282654,-8.4493188858,-6.21034812927,-10.3647642136,-9.04538726807]},"hfc":{"dmean":2.99253869057,"dmean2":4.55036211014,"dvar":24.6325283051,"dvar2":52.136390686,"max":144.789245605,"mean":15.093873024,"median":10.0745458603,"min":1.10038996472e-16,"var":197.004150391},"melbands":{"dmean":[0.000618123041932,0.00123482802883,0.000691366032697,0.000823122856673,0.000280778505839,0.000205390635529,0.000295926467516,0.000226964155445,0.00016779100406,0.0000564040783502,0.0000434265057265,0.0000293869325105,0.0000440697076556,0.0000289640756819,0.0000227650689339,0.0000248500691669,0.0000432069318776,0.0000118583247968,0.0000196237615455,0.00000770553288021,0.00000988806095847,0.0000113727182907,0.00000335750132763,0.00000235932952819,0.0000042665192268,0.00000412944291384,0.0000015379589513,4.44825360546e-7,5.17254079568e-7,3.65254891221e-7,3.00634866335e-7,1.65055325851e-7,1.50799991161e-7,1.81675446242e-7,2.0605322959e-7,3.5339789406e-7,3.70049605181e-7,2.55038514752e-7,2.33435699215e-7,1.62035931339e-7],"dmean2":[0.000962256628554,0.00190525990911,0.00107755465433,0.00126058713067,0.000426372163929,0.000318479462294,0.000454149121651,0.000348539382685,0.000248247932177,0.0000812830403447,0.0000657554046484,0.0000442625059804,0.000070256915933,0.0000476139393868,0.0000370293200831,0.0000383269689337,0.0000647472770652,0.0000193619871425,0.0000314409771818,0.0000127452522065,0.0000158364346134,0.0000183052634384,0.00000548293246538,0.00000381323138754,0.00000693730817147,0.00000662989896227,0.00000248908918365,6.97995290011e-7,8.34176034914e-7,5.67389406569e-7,4.68262271625e-7,2.47684141641e-7,2.39924446532e-7,2.8285847975e-7,3.07905452246e-7,5.31659622993e-7,5.48882496787e-7,3.82162198775e-7,3.61322378239e-7,2.34001220178e-7],"dvar":[0.00000149395532389,0.00000285332248495,7.91068714534e-7,0.00000134459628498,2.07368188399e-7,1.65708442523e-7,3.40647403618e-7,2.47105589324e-7,1.04557635439e-7,1.63627120742e-8,9.02040664386e-9,3.94152799288e-9,1.40766580614e-8,4.2257650712e-9,3.96477473075e-9,9.70219282692e-9,2.22995364396e-8,7.54870999042e-10,4.25665680481e-9,7.59802998296e-10,1.15225251562e-9,1.1872534067e-9,9.61987503545e-11,5.38106399717e-11,2.13749851152e-10,1.60167559771e-10,2.3767668389e-11,3.36883299035e-12,2.73615245044e-12,3.14507469547e-12,2.06821170433e-12,8.79907746058e-13,1.1587274109e-12,1.28723594284e-12,2.64212219811e-12,1.09471997439e-11,1.03469628698e-11,3.59396475254e-12,6.04461966591e-12,2.77949516701e-12],"dvar2":[0.00000412303461417,0.00000729911471353,0.00000194364201889,0.00000332549143423,4.68273952947e-7,4.04787869002e-7,8.64562537117e-7,5.64486015264e-7,2.13148595662e-7,3.26533786676e-8,1.99854870431e-8,8.50546477693e-9,3.56292524373e-8,1.05821715835e-8,1.04379154209e-8,2.19699796133e-8,4.62218068265e-8,1.85318660417e-9,9.90797310862e-9,1.95482985355e-9,2.65403143906e-9,2.77013056937e-9,2.37220937338e-10,1.10304244905e-10,5.45415712594e-10,3.94930005365e-10,5.80459812161e-11,6.95988622637e-12,6.0559703953e-12,7.51278293049e-12,4.78716415467e-12,1.75770379154e-12,3.02978714166e-12,3.23987993552e-12,5.93198623902e-12,2.51517626171e-11,2.15616084015e-11,7.87695082771e-12,1.45976633559e-11,5.64842096706e-12],"max":[0.0236386395991,0.0301174744964,0.0232899002731,0.0219361502677,0.0122296186164,0.0114678218961,0.0144139211625,0.012747281231,0.00693682720885,0.00334370136261,0.0025865896605,0.00253629474901,0.00386688672006,0.0016918516485,0.00268459296785,0.00392313767225,0.00455769337714,0.000821115740109,0.00203561619855,0.00120523839723,0.00187423825264,0.00129549391568,0.0004921471118,0.000597205304075,0.000434214336565,0.000394032569602,0.000150369480252,0.0000897274439922,0.0000690168963047,0.0000880196676007,0.0000687380961608,0.0000517972730449,0.0000615855460637,0.0000682745230733,0.0000661452359054,0.000135412818054,0.000151309213834,0.000101746052678,0.000176101442776,0.000111330002255],"mean":[0.00168991682585,0.00419171433896,0.00183095992543,0.00172662409022,0.0006172824651,0.000470142171253,0.000605837907642,0.000459449540358,0.000360039121006,0.000119866686873,0.000086611675215,0.0000597139223828,0.0000769306716393,0.0000510678946739,0.0000379400444217,0.0000419799034717,0.0000873723474797,0.0000230339464906,0.000039669645048,0.0000145493813761,0.0000185368662642,0.0000214231677091,0.00000682976406097,0.00000532322928848,0.00000887760688784,0.00000876615831658,0.00000291342348646,8.82322581219e-7,0.00000104484252006,7.46703051391e-7,6.38125129626e-7,3.4177503494e-7,3.23350434428e-7,4.15603977899e-7,3.31351117211e-7,5.17634475727e-7,5.55719964268e-7,4.14565420215e-7,3.6236968981e-7,2.68497274192e-7],"median":[0.000846495677251,0.00245675654151,0.0014030324528,0.00116016820539,0.00035071442835,0.000242953887209,0.000314938806696,0.000117719777336,0.0000901602834347,0.0000329759641318,0.000030714643799,0.0000245815172093,0.0000242416153924,0.0000175500044861,0.0000120329759739,0.00000797484244686,0.0000084820903794,0.00000828400607134,0.00000553907784706,0.00000498190047438,0.00000390805871575,0.00000340213523486,0.00000197446888706,0.00000129106695113,0.00000131407739445,0.00000112276677555,3.95911484929e-7,1.68387003896e-7,1.38003926509e-7,9.33283317295e-8,6.90743462428e-8,4.8055884605e-8,4.06468032565e-8,3.92026358043e-8,2.27411085518e-8,2.13284785389e-8,2.00538092798e-8,1.43520493268e-8,8.21068546486e-9,5.54117107754e-9],"min":[1.30955919533e-24,1.52895561257e-24,1.45313562717e-24,1.52388974505e-24,1.56018346037e-24,1.11906397926e-24,2.24797353426e-24,2.07310062373e-24,1.99578259147e-24,2.49460182438e-24,2.64336403059e-24,3.23644306977e-24,2.4327486213e-24,2.90544235875e-24,2.83314937046e-24,3.49333444027e-24,3.04411345627e-24,3.79429591966e-24,3.5035892376e-24,4.28737934492e-24,4.23187509163e-24,4.22128423955e-24,3.89733101464e-24,4.07324068562e-24,4.88677045464e-24,3.79133138038e-24,3.43278502705e-24,4.20398136446e-24,5.20009535657e-24,4.4059155567e-24,5.55833287085e-24,4.92617800116e-24,5.71812374695e-24,4.48212661989e-24,4.97196624911e-24,6.03459896491e-24,6.36344746616e-24,6.66658225735e-24,5.47268860895e-24,5.96262921237e-24],"var":[0.00000664183517074,0.0000197600766114,0.00000320932372233,0.00000336582388627,6.90088825195e-7,5.39403743005e-7,8.57713359892e-7,9.42869689879e-7,4.16868687125e-7,6.05951981925e-8,2.96297884006e-8,1.23979111422e-8,3.18634647556e-8,9.92381288256e-9,8.43372482962e-9,2.55045389252e-8,8.07948055126e-8,1.82290160744e-9,1.53797738989e-8,2.21194551564e-9,2.94911939314e-9,3.73541420018e-9,2.8861107948e-10,1.7522315543e-10,4.75979200498e-10,4.20834284087e-10,6.05538744147e-11,9.447217314e-12,7.32371368412e-12,7.68956252839e-12,6.90488074703e-12,2.05471815777e-12,4.53545621198e-12,6.04451818459e-12,3.65975132144e-12,1.41242633908e-11,1.70845872172e-11,7.17583154355e-12,1.12974542915e-11,6.24548893505e-12]},"melbands_crest":{"dmean":2.70062279701,"dmean2":4.35032653809,"dvar":5.88947534561,"dvar2":15.5755157471,"max":34.5378608704,"mean":15.8527565002,"median":15.1411571503,"min":1.60426557064,"var":28.6757545471},"melbands_flatness_db":{"dmean":0.0184571836144,"dmean2":0.0284177884459,"dvar":0.000301153922919,"dvar2":0.000673963339068,"max":0.671553552151,"mean":0.335246235132,"median":0.30278596282,"min":0.00343873421662,"var":0.0124669522047},"melbands_kurtosis":{"dmean":4.777572155,"dmean2":7.43140077591,"dvar":65.2576675415,"dvar2":171.019973755,"max":452.421875,"mean":12.2325925827,"median":8.37553215027,"min":-1.65601837635,"var":176.019180298},"melbands_skewness":{"dmean":0.545775413513,"dmean2":0.83947622776,"dvar":0.265337020159,"dvar2":0.646434545517,"max":13.5625648499,"mean":2.53209686279,"median":2.35652017593,"min":-0.59819740057,"var":1.52507340908},"melbands_spread":{"dmean":2.46445703506,"dmean2":3.85965299606,"dvar":11.7762622833,"dvar2":27.280828476,"max":161.669342041,"mean":11.2621393204,"median":8.48626899719,"min":0.339883625507,"var":151.464248657},"mfcc":{"cov":[[12771.8505859,-1379.57861328,-1740.10021973,844.48840332,354.067687988,-273.829803467,-1.17266905308,261.468566895,-132.464614868,409.873901367,219.072494507,104.315544128,-124.613777161],[-1379.57861328,2306.58203125,359.211364746,-149.274627686,22.4403438568,138.661682129,-66.9939041138,-96.3671951294,10.4567689896,-156.95223999,-76.8563156128,-67.773651123,28.3139858246],[-1740.10021973,359.211364746,881.447937012,-340.188690186,-114.522193909,47.5664405823,11.549498558,-82.3779983521,-49.9222640991,-84.6514282227,-66.8117828369,-2.46657252312,13.3300018311],[844.48840332,-149.274627686,-340.188690186,371.52444458,41.4141921997,2.16730332375,6.7052898407,37.2282447815,45.5780677795,46.8613586426,13.3280477524,6.59138917923,9.52236747742],[354.067687988,22.4403438568,-114.522193909,41.4141921997,254.970916748,-19.5535068512,-49.6833152771,-16.7936248779,2.63489365578,-1.63090491295,-2.07897090912,-9.18480587006,-13.7540483475],[-273.829803467,138.661682129,47.5664405823,2.16730332375,-19.5535068512,154.857452393,15.7726259232,-18.018579483,18.3256664276,-4.85752296448,7.88230705261,4.78948879242,-0.0823074355721],[-1.17266905308,-66.9939041138,11.549498558,6.7052898407,-49.6833152771,15.7726259232,125.195732117,29.5359306335,-2.21446275711,13.257185936,10.633190155,15.6312818527,6.60533189774],[261.468566895,-96.3671951294,-82.3779983521,37.2282447815,-16.7936248779,-18.018579483,29.5359306335,129.91242981,3.43790912628,17.5991954803,9.7555065155,0.990275919437,13.8376045227],[-132.464614868,10.4567689896,-49.9222640991,45.5780677795,2.63489365578,18.3256664276,-2.21446275711,3.43790912628,119.856910706,13.5867004395,-2.74459648132,4.94872570038,-1.90015184879],[409.873901367,-156.95223999,-84.6514282227,46.8613586426,-1.63090491295,-4.85752296448,13.257185936,17.5991954803,13.5867004395,125.731193542,35.9551620483,16.7528419495,-0.74931883812],[219.072494507,-76.8563156128,-66.8117828369,13.3280477524,-2.07897090912,7.88230705261,10.633190155,9.7555065155,-2.74459648132,35.9551620483,103.163825989,10.8958711624,-12.1052932739],[104.315544128,-67.773651123,-2.46657252312,6.59138917923,-9.18480587006,4.78948879242,15.6312818527,0.990275919437,4.94872570038,16.7528419495,10.8958711624,86.0847549438,15.9091329575],[-124.613777161,28.3139858246,13.3300018311,9.52236747742,-13.7540483475,-0.0823074355721,6.60533189774,13.8376045227,-1.90015184879,-0.74931883812,-12.1052932739,15.9091329575,82.0927581787]],"icov":[[0.000132491084514,0.00000809245193523,0.000167753460119,-0.00013207673328,-0.000081391648564,0.000116109709779,0.0000175633849722,-0.000110734479676,0.000291370350169,-0.000246759591391,-0.0000139674530146,-0.000164768600371,0.000224501971388],[0.00000809245193523,0.000546047172975,-0.000122396886582,0.0000404030979553,-0.000104493825347,-0.000443346856628,0.000197687928448,0.0001435092272,-0.000102177880763,0.000438709452283,0.0000781822309364,0.000350643240381,-0.000273693789495],[0.000167753460119,-0.000122396886582,0.00234844023362,0.00149889790919,0.000541577755939,-0.000278280349448,-0.000280724663753,0.000648492656182,0.000651537266094,-0.00003274556002,0.000944843457546,-0.0003759029496,-0.0000276489245152],[-0.00013207673328,0.0000404030979553,0.00149889790919,0.00456470996141,-0.0000282228065771,-0.000681525096297,-0.000315992656397,0.0000287753609882,-0.00113180978224,-0.000324436579831,0.000727195409127,0.000185268741916,-0.000929962669034],[-0.000081391648564,-0.000104493825347,0.000541577755939,-0.0000282228065771,0.00467413058504,0.000291420990834,0.00147940171883,0.000648529676255,-0.00000286252929982,0.000252931436989,0.000258209329331,0.0000834815800772,0.000407020881539],[0.000116109709779,-0.000443346856628,-0.000278280349448,-0.000681525096297,0.000291420990834,0.00757886981592,-0.00108764902689,0.000877106154803,-0.000888195063453,-0.0000944409621297,-0.00110775127541,-0.000506098906044,0.000362805643817],[0.0000175633849722,0.000197687928448,-0.000280724663753,-0.000315992656397,0.00147940171883,-0.00108764902689,0.00958053022623,-0.00203666556627,0.000461524585262,-0.000390259694541,-0.000426886748755,-0.00125254760496,0.0000468310354336],[-0.000110734479676,0.0001435092272,0.000648492656182,0.0000287753609882,0.000648529676255,0.000877106154803,-0.00203666556627,0.00933375023305,-0.00039291914436,-0.000105825653009,-0.000262549234321,0.000966968014836,-0.00186228775419],[0.000291370350169,-0.000102177880763,0.000651537266094,-0.00113180978224,-0.00000286252929982,-0.000888195063453,0.000461524585262,-0.00039291914436,0.00977079756558,-0.00142869434785,0.000914182222914,-0.000954288756475,0.00106360414065],[-0.000246759591391,0.000438709452283,-0.00003274556002,-0.000324436579831,0.000252931436989,-0.0000944409621297,-0.000390259694541,-0.000105825653009,-0.00142869434785,0.010495771654,-0.00275455112569,-0.000729473598767,-0.000593493808992],[-0.0000139674530146,0.0000781822309364,0.000944843457546,0.000727195409127,0.000258209329331,-0.00110775127541,-0.000426886748755,-0.000262549234321,0.000914182222914,-0.00275455112569,0.0117692416534,-0.00111599313095,0.00178258237429],[-0.000164768600371,0.000350643240381,-0.0003759029496,0.000185268741916,0.0000834815800772,-0.000506098906044,-0.00125254760496,0.000966968014836,-0.000954288756475,-0.000729473598767,-0.00111599313095,0.0132388155907,-0.00313915428706],[0.000224501971388,-0.000273693789495,-0.0000276489245152,-0.000929962669034,0.000407020881539,0.000362805643817,0.0000468310354336,-0.00186228775419,0.00106360414065,-0.000593493808992,0.00178258237429,-0.00313915428706,0.013997993432]],"mean":[-718.171020508,196.185012817,6.43001461029,21.5312824249,14.1511592865,1.67364394665,0.0443531498313,2.19330883026,-3.91731452942,1.60191190243,-1.20209109783,0.108208812773,-0.584547162056]},"pitch_salience":{"dmean":0.0607940517366,"dmean2":0.0969892516732,"dvar":0.0026479952503,"dvar2":0.00689903413877,"max":0.855580806732,"mean":0.516209542751,"median":0.517738759518,"min":0.131673902273,"var":0.0112049719319},"silence_rate_20dB":{"dmean":0,"dmean2":0,"dvar":0,"dvar2":0,"max":1,"mean":1,"median":1,"min":1,"var":0},"silence_rate_30dB":{"dmean":0.00604229606688,"dmean2":0.0120855532587,"dvar":0.00600609136745,"dvar2":0.0149623416364,"max":1,"mean":0.991732239723,"median":1,"min":0,"var":0.00819959957153},"silence_rate_60dB":{"dmean":0.00445221830159,"dmean2":0.00890514440835,"dvar":0.00443167239428,"dvar2":0.010731398128,"max":1,"mean":0.0581922233105,"median":0,"min":0,"var":0.0548071675003},"spectral_centroid":{"dmean":95.5161514282,"dmean2":148.727035522,"dvar":28052.28125,"dvar2":60453.0859375,"max":11928.4746094,"mean":704.800964355,"median":558.159423828,"min":146.11756897,"var":731615.875},"spectral_complexity":{"dmean":1.83717596531,"dmean2":3.06607294083,"dvar":3.23124265671,"dvar2":8.12265968323,"max":45,"mean":13.8538036346,"median":13,"min":0,"var":48.4480438232},"spectral_contrast_coeffs":{"dmean":[0.0461655594409,0.0436240881681,0.0341659709811,0.0272133182734,0.0193851348013,0.0139790261164],"dmean2":[0.0756520405412,0.0704647228122,0.0562282055616,0.0451065823436,0.0321880541742,0.0231698807329],"dvar":[0.00137783132959,0.00123581697699,0.000718975556083,0.000464404321974,0.000275448750472,0.000161896969075],"dvar2":[0.00375562813133,0.00321817328222,0.00193259201478,0.00124598410912,0.0006923013716,0.000429077335866],"max":[-0.282713830471,-0.440834343433,-0.529434502125,-0.544270813465,-0.547932326794,-0.550202965736],"mean":[-0.609151482582,-0.697614848614,-0.768985033035,-0.761703372002,-0.764632105827,-0.784717679024],"median":[-0.608923196793,-0.697359979153,-0.772708177567,-0.769353747368,-0.769172489643,-0.780142188072],"min":[-0.979451060295,-0.975280463696,-0.97526204586,-0.970933318138,-0.968782305717,-0.964013934135],"var":[0.00741739897057,0.00524405669421,0.0032307067886,0.00357381999493,0.00394172919914,0.00270337192342]},"spectral_contrast_valleys":{"dmean":[0.347338855267,0.289737939835,0.249741494656,0.208036541939,0.162523552775,0.188922971487],"dmean2":[0.57618021965,0.476417273283,0.420191347599,0.351138621569,0.265976279974,0.300698906183],"dvar":[0.0851390808821,0.0644927024841,0.0493998937309,0.0415282770991,0.0394897125661,0.072742074728],"dvar2":[0.21918849647,0.158493459225,0.11980766803,0.0983429402113,0.0809944942594,0.15150386095],"max":[-5.14440774918,-4.8280081749,-5.53612184525,-6.16763830185,-6.04567575455,-7.75850009918],"mean":[-7.00399780273,-6.74848747253,-7.76318216324,-8.46098232269,-9.14030361176,-12.1582202911],"median":[-6.69610404968,-6.48879528046,-7.44162940979,-7.99494552612,-8.67681217194,-11.7341966629],"min":[-28.2351970673,-28.0157566071,-27.7344303131,-27.6673908234,-27.500082016,-27.3609752655],"var":[3.47648215294,3.36598086357,3.15276646614,3.4546391964,4.09772396088,3.57075881958]},"spectral_decrease":{"dmean":1.97659222323e-9,"dmean2":3.09864800485e-9,"dvar":4.70990933241e-18,"dvar2":1.18124956621e-17,"max":2.49577606504e-19,"mean":-9.76419478604e-9,"median":-9.16037734555e-9,"min":-4.15965857314e-8,"var":4.22743986197e-17},"spectral_energy":{"dmean":0.00762614235282,"dmean2":0.0119606871158,"dvar":0.0000699826268828,"dvar2":0.00017503015988,"max":0.160264149308,"mean":0.0382212847471,"median":0.0359417162836,"min":1.00329689693e-20,"var":0.00064824934816},"spectral_energyband_high":{"dmean":0.00006838770787,"dmean2":0.0000973970018094,"dvar":1.81340098493e-7,"dvar2":3.20588554814e-7,"max":0.0145261958241,"mean":0.000166684956639,"median":0.0000278109091596,"min":7.10408155558e-21,"var":4.98977101415e-7},"spectral_energyband_low":{"dmean":0.00486739212647,"dmean2":0.00761125329882,"dvar":0.0000439326067863,"dvar2":0.000116934046673,"max":0.111680999398,"mean":0.0170241631567,"median":0.0115266423672,"min":2.31205396777e-23,"var":0.000269024109002},"spectral_energyband_middle_high":{"dmean":0.00111134082545,"dmean2":0.00171216228046,"dvar":0.00000386853844248,"dvar2":0.00000876531430549,"max":0.0386543050408,"mean":0.00390744674951,"median":0.00163169112056,"min":1.19714824868e-21,"var":0.000025150286092},"spectral_energyband_middle_low":{"dmean":0.00529051665217,"dmean2":0.00811509974301,"dvar":0.0000374277333322,"dvar2":0.0000895513585419,"max":0.107617042959,"mean":0.0185663513839,"median":0.016196237877,"min":1.55113012974e-22,"var":0.000181174953468},"spectral_entropy":{"dmean":0.127952456474,"dmean2":0.196481496096,"dvar":0.0171948000789,"dvar2":0.0369492098689,"max":9.82090950012,"mean":6.60874700546,"median":6.78427410126,"min":4.07652807236,"var":0.513067781925},"spectral_flux":{"dmean":0.0167595334351,"dmean2":0.0283173806965,"dvar":0.000268821255304,"dvar2":0.0007404795615,"max":0.223897650838,"mean":0.0689135342836,"median":0.067095041275,"min":6.50251449907e-11,"var":0.00119954894762},"spectral_kurtosis":{"dmean":10.0319442749,"dmean2":17.3096847534,"dvar":365.010406494,"dvar2":1058.03588867,"max":362.250762939,"mean":33.8858222961,"median":10.6321077347,"min":-1.27227938175,"var":3553.88989258},"spectral_rms":{"dmean":0.000594721699599,"dmean2":0.000929623376578,"dvar":3.19446371577e-7,"dvar2":8.00875284312e-7,"max":0.0125042097643,"mean":0.00565536413342,"median":0.00592157803476,"min":3.12861997594e-12,"var":0.00000530601892024},"spectral_rolloff":{"dmean":158.770584106,"dmean2":276.905212402,"dvar":241510.484375,"dvar2":544956.0625,"max":20758.0078125,"mean":748.885192871,"median":473.73046875,"min":64.599609375,"var":2388252.75},"spectral_skewness":{"dmean":0.569267213345,"dmean2":0.98182117939,"dvar":0.597802877426,"dvar2":1.72791862488,"max":15.9297580719,"mean":3.45452737808,"median":2.37120318413,"min":-0.103234902024,"var":8.01671886444},"spectral_spread":{"dmean":288676.375,"dmean2":459158.875,"dvar":457715089408,"dvar2":916273168384,"max":55238180,"mean":2733836.5,"median":2594464.25,"min":195561.640625,"var":10172377333800},"spectral_strongpeak":{"dmean":0.357159882784,"dmean2":0.615485429764,"dvar":0.586624205112,"dvar2":1.5339256525,"max":14.1139955521,"mean":0.787959396839,"median":0.569988071918,"min":0,"var":0.807426810265},"zerocrossingrate":{"dmean":0.00394829222932,"dmean2":0.00496573932469,"dvar":0.0000460581213702,"dvar2":0.0000524139650224,"max":0.52978515625,"mean":0.0291644316167,"median":0.0224609375,"min":0.0029296875,"var":0.00172704888973}},"metadata":{"audio_properties":{"analysis_sample_rate":44100,"bit_rate":320029,"codec":"mp3","downmix":"mix","equal_loudness":0,"length":292.048980713,"lossless":false,"md5_encoded":"f0cfa0be2174795ae7a0f7f06975f382","replay_gain":-11.4072036743,"sample_rate":44100},"tags":{"album":["Big TV"],"artist":["White Lies"],"date":["2013"],"file_name":"1954661.mp3","genre":["Rock"],"label":["Polydor (Universal)"],"musicbrainz_recordingid":["1e6a71e6-6966-44c8-82df-8216d3f8afb4"],"title":["Change"],"tracknumber":["7"]},"version":{"essentia":"2.1-beta2","essentia_build_sha":"70f2e5ece6736b2c40cc944ad0e695b16b925413","essentia_git_sha":"v2.1_beta2","extractor":"music 1.0"}},"rhythm":{"beats_count":549,"beats_loudness":{"dmean":0.0167955681682,"dmean2":0.0288939662278,"dvar":0.000258623826085,"dvar2":0.000735595647711,"max":0.134750470519,"mean":0.0403155088425,"median":0.0385557822883,"min":0,"var":0.000711763219442},"beats_loudness_band_ratio":{"dmean":[0.18065866828,0.152029037476,0.114556334913,0.0528055652976,0.0205330178142,0.0127437673509],"dmean2":[0.303279101849,0.255724728107,0.195628136396,0.0948361456394,0.035911642015,0.0236804820597],"dvar":[0.0187280029058,0.0151678677648,0.00988790020347,0.00499671837315,0.0016756686382,0.00124857889023],"dvar2":[0.0510313250124,0.0409901030362,0.0285071078688,0.0152481012046,0.00437623402104,0.00367615744472],"max":[0.950620174408,0.932362914085,0.783768117428,0.472487956285,0.457902550697,0.34959295392],"mean":[0.547619104385,0.283462435007,0.172852694988,0.0614700876176,0.0267064590007,0.0108455009758],"median":[0.550399124622,0.239128127694,0.150052160025,0.033512160182,0.0141194341704,0.00356616079807],"min":[0,0,0,0,0,0],"var":[0.0357230752707,0.0338852442801,0.0146428719163,0.00521051138639,0.00191976025235,0.000756600347813]},"beats_position"