{"lowlevel":{"average_loudness":0.793414711952,"barkbands":{"dmean":[0.0000471973798994,0.00241282559,0.0013593242038,0.000376181793399,0.00101849145722,0.000520434754435,0.000444001692813,0.000532192178071,0.00110601738561,0.000432895263657,0.000379841192625,0.000411859131418,0.000394999369746,0.000480288610561,0.000496214488521,0.000524355622474,0.000612074974924,0.000149111467181,0.00012677894847,0.0000728998929844,0.0000407283478125,0.000047623856517,0.000041323241021,0.0000275075617537,0.0000256570783677,0.00000835861828818,0.00000217387446355],"dmean2":[0.0000787818134995,0.00409371033311,0.00235091894865,0.000636123120785,0.0015890452778,0.000759523012675,0.000659491925035,0.000821229827125,0.00164151273202,0.000692956324201,0.000590913696215,0.000677521107718,0.000632587994915,0.000778588175308,0.000806676805951,0.000861629436258,0.00100307003595,0.00023650417279,0.000202323921258,0.000115766022645,0.0000646722546662,0.0000727590668248,0.0000620575956418,0.0000404060774599,0.0000383809128834,0.0000130840307975,0.0000033105482089],"dvar":[2.27107346262e-8,0.0000258658146777,0.0000189280908671,0.00000119862204429,0.00000833034118841,0.00000132628122174,9.26204108964e-7,0.00000463146443508,0.00000895486937225,0.00000174285457888,7.53992708269e-7,6.42424481612e-7,7.64413698562e-7,0.0000010925477909,5.39312168257e-7,4.61076126612e-7,8.39396250285e-7,5.71688261175e-8,5.42470175446e-8,2.35340102961e-8,1.23691021869e-8,2.22538059091e-8,6.7603060927e-8,2.85431305258e-8,1.1395778543e-8,1.02799790902e-9,1.13324488682e-10],"dvar2":[6.50176232853e-8,0.0000743388445699,0.0000529183162143,0.00000328742771671,0.0000195919492398,0.00000300303008771,0.00000218721515921,0.000010904460396,0.000019890445401,0.00000452182257504,0.00000186476120234,0.00000172464069692,0.00000186059571661,0.00000275414754469,0.00000137623408136,0.00000124885946207,0.00000227033774536,1.37429452707e-7,1.27998347921e-7,5.32743626991e-8,2.84601995304e-8,4.71594745477e-8,1.48455185922e-7,5.53728867203e-8,2.65245034825e-8,2.47484654992e-9,2.49553100407e-10],"max":[0.00296714133583,0.0851304456592,0.0579610392451,0.0210594460368,0.0559782646596,0.0315301120281,0.038811981678,0.15527074039,0.0816898569465,0.0430782139301,0.0322492308915,0.0170422419906,0.0337320901453,0.0371486246586,0.0210084225982,0.0145201105624,0.0165796130896,0.00929752923548,0.00510744284838,0.00693362671882,0.00361035321839,0.00682585639879,0.0245490372181,0.0151053192094,0.00458267983049,0.000981690594926,0.000248633179581],"mean":[0.000163535223692,0.0108667369932,0.00369702093303,0.000935722549912,0.0017659541918,0.00144454091787,0.00119032524526,0.00107068684883,0.00249684788287,0.000819695822429,0.000793116050772,0.000780411064625,0.000807603471912,0.000956483941991,0.00111162278336,0.00124184996821,0.00141551578417,0.000353468232788,0.000312530697556,0.000159941933816,0.0000935660500545,0.000116340132081,0.0000878776700119,0.0000615707249381,0.0000397893454647,0.0000096620997283,0.00000219398998524],"median":[0.0000136601684062,0.00835132040083,0.00190856913105,0.000300908694044,0.000799956847914,0.000655052543152,0.000598437385634,0.000420481082983,0.00102119380608,0.00026512160548,0.000327145768097,0.000379634118872,0.00036293710582,0.000478885369375,0.000874115969054,0.000960776174907,0.000909120310098,0.000249322038144,0.000173822947545,0.0000747102385503,0.0000182616950042,0.0000179443522939,0.000015974004782,0.00000923948755371,0.00000324524125972,3.70427358121e-7,6.79689406979e-8],"min":[1.47379285717e-23,6.70776947407e-24,9.59027511036e-24,9.2112132459e-25,2.97632360157e-23,1.26226240867e-23,6.22458144112e-23,3.71714287766e-23,4.02071737992e-23,3.49207959922e-23,4.02141157751e-23,3.70127541387e-23,6.04139216171e-23,5.60452225457e-23,7.30318338376e-23,5.46641038055e-23,1.18942983163e-22,1.24421678948e-22,1.6724166735e-22,1.82858753002e-22,3.38067110861e-22,4.87743382829e-22,5.71709788067e-22,8.49289720532e-22,1.06641897677e-21,1.58318491834e-21,2.24832517058e-21],"var":[9.48368423792e-8,0.000129641586682,0.0000234651615756,0.00000225390772357,0.0000106373090603,0.00000553758172828,0.00000310095560963,0.00000808524237073,0.0000239336895902,0.00000320169624501,0.00000186567638139,0.00000142635997236,0.00000183631732398,0.0000021803934942,0.00000118627815482,0.00000122187054785,0.00000235168840845,1.33754298304e-7,1.47642580828e-7,5.42697620176e-8,3.35114904715e-8,7.10647185542e-8,1.58765772085e-7,1.04309563653e-7,2.19751594699e-8,1.35581357252e-9,1.36069822076e-10]},"barkbands_crest":{"dmean":1.39354324341,"dmean2":2.20147442818,"dvar":2.13246369362,"dvar2":5.4245929718,"max":26.2461929321,"mean":11.4445123672,"median":11.3727321625,"min":2.86596775055,"var":16.3659877777},"barkbands_flatness_db":{"dmean":0.0120739545673,"dmean2":0.0177854802459,"dvar":0.000178222602699,"dvar2":0.000362435879651,"max":0.576315462589,"mean":0.17734092474,"median":0.160331964493,"min":0.0401896424592,"var":0.00653985887766},"barkbands_kurtosis":{"dmean":1.07235622406,"dmean2":1.6720635891,"dvar":24.7585868835,"dvar2":49.7760238647,"max":407.625915527,"mean":2.23933815956,"median":-0.23502600193,"min":-1.89197278023,"var":249.876113892},"barkbands_skewness":{"dmean":0.275512248278,"dmean2":0.438912123442,"dvar":0.115597262979,"dvar2":0.299824148417,"max":15.9947109222,"mean":1.0105253458,"median":0.9469165802,"min":-3.48420667648,"var":1.11866390705},"barkbands_spread":{"dmean":3.28351950645,"dmean2":5.11017608643,"dvar":14.4569349289,"dvar2":32.8417930603,"max":114.96647644,"mean":25.3110313416,"median":25.2359237671,"min":0.220228850842,"var":118.823165894},"dissonance":{"dmean":0.0138128222898,"dmean2":0.0235534496605,"dvar":0.000245429313509,"dvar2":0.000673601403832,"max":0.499985694885,"mean":0.467118471861,"median":0.474196851254,"min":0.113838963211,"var":0.00103954819497},"dynamic_complexity":2.88454580307,"erbbands":{"dmean":[0.0492930114269,0.628473937511,1.47272872925,1.47691369057,2.42925214767,3.77258419991,2.95178699493,4.54399204254,5.420566082,8.31442546844,14.6373090744,25.1021633148,15.9401159286,13.4209690094,14.0907087326,15.7643966675,17.9731845856,21.2161750793,20.4501838684,38.9747581482,28.8295249939,34.1750526428,9.17405986786,7.10568189621,5.31728696823,3.30188441277,1.57849490643,1.79328608513,1.81638240814,1.67035460472,1.02578914165,0.685023784637,0.408593147993,0.308429330587,0.166785880923,0.054510962218,0.0126604912803,0.00278052850626,0.000374096591258,0.0000210198286368],"dmean2":[0.0814119204879,1.06769454479,2.55103492737,2.50867366791,3.85929942131,5.86883354187,4.49080133438,6.64861249924,8.31510353088,12.3254108429,22.0908737183,36.7056999207,25.140203476,21.4527397156,22.0726127625,25.8136482239,28.591463089,34.6682128906,32.0892982483,64.3404083252,47.5489120483,56.1730728149,14.4271173477,11.3681640625,8.41712188721,5.23909139633,2.49789214134,2.81895709038,2.80016350746,2.52492380142,1.54445278645,1.02626979351,0.596409201622,0.453374087811,0.257052540779,0.0863603875041,0.0197986699641,0.0041785389185,0.000566595525015,0.0000326474400936],"dvar":[0.0137276398018,1.72982656956,17.4881706238,24.4337692261,48.826374054,105.750602722,35.0821304321,117.353477478,149.70199585,500.020965576,3334.02636719,5739.18408203,1789.35266113,1976.64465332,779.315734863,996.481994629,1717.98901367,2343.50219727,1403.88232422,2755.40893555,1447.63952637,2658.01245117,194.585998535,149.451705933,99.2329025269,55.4043579102,16.2789707184,25.5556182861,27.2792072296,73.8620071411,47.0422134399,27.7316169739,3.99918460846,1.99725794792,0.436754971743,0.0442864783108,0.0026041585952,0.000166521189385,0.00000340665292242,4.9408539482e-9],"dvar2":[0.0369976945221,4.99146556854,49.4212112427,65.9808502197,118.908630371,250.316238403,86.9433364868,269.603851318,364.068023682,1230.42614746,7753.27392578,12019.4521484,4640.49853516,5208.68896484,1966.9263916,2659.13598633,4156.15087891,6105.76464844,3435.2512207,7195.18115234,3942.91967773,7235.80371094,462.979766846,364.368835449,230.325119019,126.699111938,37.7832984924,57.4148674011,55.6331100464,161.648986816,100.108604431,57.4697341919,7.91156005859,4.46303844452,1.07341182232,0.109982192516,0.00636426592246,0.000350889924448,0.00000754851726015,1.21763559235e-8],"max":[2.81941127777,19.651052475,54.0634269714,85.3162612915,141.670562744,192.935424805,143.866256714,330.00100708,452.658569336,1149.13049316,4231.5546875,2164.43261719,1544.09130859,1976.98815918,712.997253418,702.105163574,1806.23266602,2174.96337891,1012.21411133,1021.2354126,958.671325684,1100.74487305,574.693359375,290.720123291,289.561004639,326.666137695,115.750846863,207.055496216,217.584365845,693.680114746,670.420043945,512.428710938,114.800994873,81.6961364746,17.0978851318,6.59633541107,2.02761888504,0.296783775091,0.045296933502,0.00181899615563],"mean":[0.30722168088,2.44415211678,4.70975637436,3.42097091675,4.58122110367,6.46893882751,7.7946062088,12.6081085205,13.5348453522,20.6696128845,31.6437606812,54.9759292603,36.3406677246,28.1196517944,32.4556465149,32.5480995178,39.2460861206,45.0504570007,50.893787384,75.9821166992,72.6231536865,78.4830245972,25.2464981079,18.0013580322,12.7844171524,7.42547464371,3.74120402336,4.11563777924,4.28567790985,3.72352981567,2.20247936249,1.47338855267,0.89732426405,0.555038630962,0.219682127237,0.0645167157054,0.0139114269987,0.00301945651881,0.000395748327719,0.0000535998078703],"median":[0.0885419547558,2.06112146378,3.51583528519,2.49214506149,2.55902099609,2.90911364555,4.07637405396,5.68114852905,5.88906383514,11.4498376846,12.5467300415,16.639213562,22.3843860626,9.92874526978,16.2213058472,15.7264842987,18.4822635651,25.038028717,37.2403297424,58.8236999512,55.8056221008,52.01953125,18.6041984558,11.8289470673,7.81249046326,3.0107717514,1.19044876099,0.59800106287,0.658284664154,0.594534754753,0.422381103039,0.248993381858,0.120324879885,0.0532855689526,0.0128296669573,0.00312517397106,0.000418799172621,0.0000705369020579,0.00002750134081,0.0000339353864547],"min":[5.67736049563e-22,1.58361769374e-21,1.2190732605e-20,1.70461373979e-20,8.76179916296e-21,1.07651074988e-19,8.60601100369e-20,1.82118597707e-19,7.746484915e-19,5.43087809316e-19,7.36023189399e-19,6.7844097561e-19,7.63821162571e-19,1.20155035688e-18,2.57653794754e-18,2.29638614294e-18,2.64121106373e-18,3.30130057217e-18,4.79184818953e-18,3.37270300944e-18,4.06471507207e-18,6.51222380419e-18,5.96274881638e-18,1.09321182372e-17,1.05991929299e-17,8.55193001279e-18,1.19688485143e-17,1.51772670434e-17,1.87255327272e-17,1.37577845804e-17,1.39759576029e-17,1.21209562756e-17,1.20166024782e-17,1.05650948907e-17,6.8237263744e-18,4.51533784078e-18,2.81194031498e-18,1.16541817715e-18,2.85983402075e-19,2.76619892025e-20],"var":[0.20250967145,5.52343225479,23.3580970764,21.6860961914,59.463973999,136.401870728,116.239112854,454.966430664,483.799102783,1153.28527832,5941.30371094,16230.0292969,3601.22680664,3152.44238281,2133.59350586,2440.97729492,4162.51708984,4499.484375,3210.10058594,5683.40039062,4085.30957031,6702.95556641,565.895996094,381.713531494,229.169525146,126.312759399,40.6308937073,72.8890075684,87.3228378296,206.074066162,108.219367981,87.4302444458,13.3720149994,4.72860574722,0.626971364021,0.0579048246145,0.00318629993126,0.000218126020627,0.00000406848130297,5.57484103325e-9]},"erbbands_crest":{"dmean":2.1313226223,"dmean2":3.51182794571,"dvar":4.2098274231,"dvar2":11.1539106369,"max":32.2157096863,"mean":9.17085552216,"median":8.34599494934,"min":2.06502842903,"var":13.8346290588},"erbbands_flatness_db":{"dmean":0.0128144463524,"dmean2":0.0189751964062,"dvar":0.000194611624465,"dvar2":0.000393669528421,"max":0.534533798695,"mean":0.215702489018,"median":0.198253303766,"min":0.0240901112556,"var":0.0054466901347},"erbbands_kurtosis":{"dmean":0.734234154224,"dmean2":1.14083814621,"dvar":4.91014194489,"dvar2":8.75621891022,"max":272.182922363,"mean":1.16593909264,"median":0.19705092907,"min":-1.77653634548,"var":58.1877937317},"erbbands_skewness":{"dmean":0.272938162088,"dmean2":0.426566153765,"dvar":0.0651159733534,"dvar2":0.152070105076,"max":11.2868642807,"mean":-0.423728913069,"median":-0.514219045639,"min":-3.13160705566,"var":0.818038582802},"erbbands_spread":{"dmean":3.5933637619,"dmean2":5.65089941025,"dvar":16.2967815399,"dvar2":38.7941513062,"max":107.204093933,"mean":26.1653213501,"median":25.9601993561,"min":0.397093951702,"var":89.1264801025},"gfcc":{"cov":[[12529.9716797,-1724.19226074,243.308395386,1879.35461426,-830.64654541,2044.44311523,-648.473327637,642.574951172,-223.353118896,216.873825073,169.80267334,502.366516113,221.817092896],[-1724.19226074,1896.1862793,-164.750534058,-138.045150757,729.219909668,-635.765319824,329.794189453,-223.686248779,158.045715332,-117.117912292,23.345823288,-229.930465698,-60.9779510498],[243.308395386,-164.750534058,2044.8203125,642.215332031,-51.2482528687,851.71496582,165.189956665,376.714416504,121.375579834,206.876983643,127.357536316,136.16885376,-41.6609077454],[1879.35461426,-138.045150757,642.215332031,845.338134766,-24.6003303528,632.512756348,53.8555183411,202.10194397,91.2202682495,73.5420074463,141.630371094,142.570526123,56.834651947],[-830.64654541,729.219909668,-51.2482528687,-24.6003303528,627.377624512,-242.298370361,260.051177979,9.03441333771,58.3686943054,44.7521896362,2.14064192772,-20.9616279602,-14.8865833282],[2044.44311523,-635.765319824,851.71496582,632.512756348,-242.298370361,994.759399414,18.0282306671,350.633666992,60.5867424011,141.905044556,128.41897583,172.939468384,72.2137451172],[-648.473327637,329.794189453,165.189956665,53.8555183411,260.051177979,18.0282306671,331.416717529,81.5327377319,93.2124328613,78.1829147339,31.5508975983,35.4944419861,1.00621247292],[642.574951172,-223.686248779,376.714416504,202.10194397,9.03441333771,350.633666992,81.5327377319,276.566558838,50.3133354187,101.898612976,47.0220527649,77.5279541016,19.8955478668],[-223.353118896,158.045715332,121.375579834,91.2202682495,58.3686943054,60.5867424011,93.2124328613,50.3133354187,138.236419678,25.0119228363,33.5007820129,-12.9764595032,3.82733488083],[216.873825073,-117.117912292,206.876983643,73.5420074463,44.7521896362,141.905044556,78.1829147339,101.898612976,25.0119228363,149.723205566,29.1571979523,75.32421875,27.6453819275],[169.80267334,23.345823288,127.357536316,141.630371094,2.14064192772,128.41897583,31.5508975983,47.0220527649,33.5007820129,29.1571979523,112.239463806,50.5194320679,19.6999320984],[502.366516113,-229.930465698,136.16885376,142.570526123,-20.9616279602,172.939468384,35.4944419861,77.5279541016,-12.9764595032,75.32421875,50.5194320679,155.86730957,44.9461898804],[221.817092896,-60.9779510498,-41.6609077454,56.834651947,-14.8865833282,72.2137451172,1.00621247292,19.8955478668,3.82733488083,27.6453819275,19.6999320984,44.9461898804,89.9771881104]],"icov":[[0.000405098777264,-0.000585422560107,0.000619398779236,-0.000825752969831,0.00048463375424,-0.000802007329185,0.00101951463148,-0.000747189857066,0.000872996286489,-0.000945730891544,0.0010328333592,-0.000884715584107,0.000759886810556],[-0.000585422560107,0.00311498413794,-0.00132926553488,0.000878239108715,-0.00258862483315,0.0020202237647,-0.0025093855802,0.00233342847787,-0.00213579367846,0.00272701564245,-0.0033324311953,0.00384929589927,-0.00209377310239],[0.000619398779236,-0.00132926553488,0.00199638376944,-0.00146991282236,0.00111934717279,-0.00200281362049,0.00155461905524,-0.00151540176012,0.00139851751737,-0.00244440813549,0.00189994787797,-0.00166438228916,0.00264229439199],[-0.000825752969831,0.000878239108715,-0.00146991282236,0.00474988017231,-0.00163824786432,-0.000395626790123,-0.00135241914541,0.00213116197847,-0.00296462862752,0.00303494324908,-0.00293590989895,0.0000808661206975,-0.00166361406446],[0.00048463375424,-0.00258862483315,0.00111934717279,-0.00163824786432,0.00534577202052,-0.000018609845938,-0.000244128896156,-0.00288097979501,0.00247499812394,-0.00303352065384,0.00258643389679,-0.00223676674068,0.00152097910177],[-0.000802007329185,0.0020202237647,-0.00200281362049,-0.000395626790123,-0.000018609845938,0.00638893805444,-0.00258718663827,-0.00127688632347,-0.00138966995291,0.00196788087487,-0.00323057407513,0.00276135397144,-0.0033681713976],[0.00101951463148,-0.0025093855802,0.00155461905524,-0.00135241914541,-0.000244128896156,-0.00258718663827,0.00928594917059,-0.00278546009213,-0.000670682871714,-0.00386030343361,0.00345154502429,-0.00515808118507,0.00294370553456],[-0.000747189857066,0.00233342847787,-0.00151540176012,0.00213116197847,-0.00288097979501,-0.00127688632347,-0.00278546009213,0.0106312828138,-0.00342587963678,0.000353281502612,-0.00236693117768,0.00217980868183,-0.000929364876356],[0.000872996286489,-0.00213579367846,0.00139851751737,-0.00296462862752,0.00247499812394,-0.00138966995291,-0.000670682871714,-0.00342587963678,0.0137999970466,-0.00356857851148,0.000303434935631,0.00181713874917,0.000745676283259],[-0.000945730891544,0.00272701564245,-0.00244440813549,0.00303494324908,-0.00303352065384,0.00196788087487,-0.00386030343361,0.000353281502612,-0.00356857851148,0.0153561392799,-0.00320988730527,-0.000861100037582,-0.00441890675575],[0.0010328333592,-0.0033324311953,0.00189994787797,-0.00293590989895,0.00258643389679,-0.00323057407513,0.00345154502429,-0.00236693117768,0.000303434935631,-0.00320988730527,0.0169557370245,-0.00752231152728,0.00245365593582],[-0.000884715584107,0.00384929589927,-0.00166438228916,0.0000808661206975,-0.00223676674068,0.00276135397144,-0.00515808118507,0.00217980868183,0.00181713874917,-0.000861100037582,-0.00752231152728,0.0178185794502,-0.00610921438783],[0.000759886810556,-0.00209377310239,0.00264229439199,-0.00166361406446,0.00152097910177,-0.0033681713976,0.00294370553456,-0.000929364876356,0.000745676283259,-0.00441890675575,0.00245365593582,-0.00610921438783,0.0170638542622]],"mean":[-26.1365814209,130.923400879,-153.30682373,22.935585022,-30.7708816528,2.05990719795,-30.9847106934,8.37340831757,-6.5695400238,-6.15970611572,-14.6751022339,-6.45525789261,-7.19992876053]},"hfc":{"dmean":4.8739771843,"dmean2":7.36533069611,"dvar":54.9270439148,"dvar2":119.079978943,"max":234.381546021,"mean":23.8490810394,"median":17.9159622192,"min":1.11298461673e-16,"var":335.414764404},"melbands":{"dmean":[0.000569882045966,0.00077176670311,0.00025030222605,0.000266357237706,0.000101030200312,0.000101063342299,0.0000818312983029,0.0000952952104853,0.000141230819281,0.000150721127284,0.0000796225358499,0.0000556471786695,0.0000552684432478,0.0000436862319475,0.0000466266574222,0.0000409270251112,0.0000408330161008,0.0000385612547689,0.000035720251617,0.0000446042686235,0.0000414400346926,0.0000435746005678,0.0000162100823218,0.00000657016880723,0.00000641867291051,0.00000423732717536,0.00000353406153408,0.00000221361574404,0.00000110365328965,0.00000115952536817,0.00000111192639451,0.00000109566656192,9.9617966498e-7,0.0000010318896102,7.01342457887e-7,4.34629782831e-7,4.43505513203e-7,3.14760171705e-7,2.61876465402e-7,2.79860046248e-7],"dmean2":[0.000965104962233,0.00131393875927,0.000421047938289,0.000414554728195,0.000153670160216,0.000147301645484,0.000124751764815,0.000143432640471,0.000211020931602,0.000222510527237,0.000125930469949,0.0000892396856216,0.0000857948834891,0.0000711217871867,0.0000763742791605,0.0000659581419313,0.0000669305663905,0.0000605619170528,0.0000586739224673,0.0000736705915187,0.0000686794810463,0.0000717660732334,0.0000261828827206,0.0000106075185613,0.0000103640477391,0.00000672909709465,0.00000563934190723,0.00000356766281584,0.00000177434208126,0.0000018583517658,0.00000177048764272,0.0000017096223246,0.00000155081079356,0.00000156026806053,0.00000108094718598,6.47989338631e-7,6.79241395574e-7,4.74248309956e-7,3.85771556921e-7,4.19657908424e-7],"dvar":[0.00000155513396294,0.00000361581442121,5.64180936635e-7,6.28738291653e-7,3.67367150034e-8,5.47791714212e-8,3.2927147231e-8,6.39270680836e-8,2.3464136234e-7,1.8518274203e-7,4.4994038717e-8,3.60421523737e-8,1.45732137469e-8,9.08740283023e-9,8.49907610956e-9,6.87011469935e-9,9.12342645876e-9,5.74974245993e-9,3.20838666745e-9,3.51745832461e-9,3.16152459767e-9,4.49878490016e-9,6.38135488895e-10,1.24733862128e-10,1.22096499577e-10,6.62247826022e-11,4.05916203428e-11,2.95018419416e-11,7.53411829452e-12,1.23076115272e-11,1.01000501365e-11,9.19800954152e-12,1.48362676311e-11,3.15191310551e-11,2.44808600475e-11,8.33000508849e-12,1.18117330153e-11,2.44559299027e-12,2.44854028546e-12,1.36508133356e-12],"dvar2":[0.00000442139753432,0.0000101621162685,0.00000152387463004,0.0000014736049252,9.14046864864e-8,1.25710570842e-7,7.97696344534e-8,1.57767090059e-7,5.38648464499e-7,3.93919009412e-7,1.16444283549e-7,9.54431129685e-8,3.62908103568e-8,2.44470044208e-8,2.18262190543e-8,1.70614846695e-8,2.40145769936e-8,1.4186366748e-8,8.33253732679e-9,9.23530762975e-9,8.59631210659e-9,1.22499379529e-8,1.64360369759e-9,3.06487057955e-10,3.04539310436e-10,1.56903823267e-10,9.57807722024e-11,6.89465082249e-11,1.76882640479e-11,3.00466942993e-11,2.32424322844e-11,1.99804200962e-11,3.33438242295e-11,6.99666158344e-11,5.40781724956e-11,1.45219869116e-11,2.71091152998e-11,5.00715051019e-12,5.8002209806e-12,3.05503821026e-12],"max":[0.0229312051088,0.0270282812417,0.0127886068076,0.0140558956191,0.00389388040639,0.00740683497861,0.00736248260364,0.0112391356379,0.0312483236194,0.0121368709952,0.00769450422376,0.00824859552085,0.00328641827218,0.00231350585818,0.00264702294953,0.00255974708125,0.00453874375671,0.00238046352752,0.00232028588653,0.00115229259245,0.00125547358766,0.00133799249306,0.000619935104623,0.000467155623483,0.000240071371081,0.000303272914607,0.000190027130884,0.000239776054514,0.000094296890893,0.000164706303622,0.000136509785079,0.000109308530227,0.000242398440605,0.000442006625235,0.00048527715262,0.000272503035376,0.0003258055076,0.000108651511255,0.0000784090370871,0.000070492947998],"mean":[0.00289997598156,0.00279612233862,0.000635815435089,0.000451231724583,0.000269787909929,0.000284447829472,0.000206938100746,0.00022267861641,0.000297778926324,0.000335915130563,0.000173811873537,0.000110429631604,0.000119798773085,0.0000834746024339,0.0000896933779586,0.0000846485490911,0.000081098281953,0.0000860857617226,0.0000733708147891,0.0000898771031643,0.0000894949989743,0.000092337912065,0.0000369440967916,0.000014684328562,0.0000147568534885,0.00000997890401777,0.00000770138740336,0.00000434475487054,0.00000222484959522,0.00000236384585151,0.00000236268920162,0.0000024201551696,0.0000021863368147,0.00000207355310522,0.0000013525873328,9.03882607872e-7,8.88467127425e-7,6.51914888294e-7,5.13750364917e-7,4.62257588651e-7],"median":[0.00172358250711,0.00283060595393,0.000500556547195,0.000206445867661,0.000159661285579,0.000133457942866,0.0000943992781686,0.00012616024469,0.000100519799162,0.000121120327094,0.000102292891825,0.0000355657757609,0.0000535921863047,0.0000368654909835,0.0000388891785406,0.000042801926611,0.0000406778854085,0.0000586316855333,0.0000565829977859,0.0000686010534992,0.0000660513687762,0.0000584645858908,0.0000247452790063,0.0000101138339232,0.00000913670646696,0.00000570139036427,0.00000435860329162,0.0000012099454807,7.94746256361e-7,4.02430629265e-7,3.07650680043e-7,3.46872809587e-7,3.3615481243e-7,3.03581884964e-7,2.5077929422e-7,1.55253843559e-7,1.3134058463e-7,8.15004383981e-8,6.27112086704e-8,3.62732919257e-8],"min":[7.68367876625e-24,6.4242355098e-24,2.80755182016e-24,3.1289110732e-24,4.43680537759e-24,4.84866807849e-24,1.17860418299e-23,5.84379086687e-24,5.24456029035e-24,4.61598053829e-24,3.5253192001e-24,4.72206418624e-24,7.46905101319e-24,5.58963092726e-24,5.50043836901e-24,4.53049207642e-24,5.67930114079e-24,7.36120583883e-24,4.43968156445e-24,3.69638368739e-24,5.57316069485e-24,6.63828423896e-24,3.69687396445e-24,7.16823231761e-24,8.66953638331e-24,5.76377276095e-24,4.61889537933e-24,3.55095836281e-24,8.88954890091e-24,5.3856733068e-24,7.96843388721e-24,9.69248545127e-24,6.81478555561e-24,7.88851912207e-24,7.86295371785e-24,7.97660885277e-24,6.51129183271e-24,7.55082433462e-24,8.43894602982e-24,8.46852831377e-24],"var":[0.0000121877228594,0.0000057034189922,5.61311878755e-7,7.76928459345e-7,1.1390603305e-7,2.17738332253e-7,1.02727817364e-7,1.31189679564e-7,4.5707395202e-7,5.13603595209e-7,9.10333710635e-8,5.70226319496e-8,3.75397952723e-8,1.91725817444e-8,1.97133349644e-8,1.59808273281e-8,1.65503717398e-8,1.20262919623e-8,5.95937965642e-9,8.13242184705e-9,7.5243224984e-9,1.06976640879e-8,1.48784062848e-9,2.6699742417e-10,2.90452828455e-10,1.55868026819e-10,9.59986951043e-11,5.74835699874e-11,1.60094507096e-11,2.52083562358e-11,2.68993247815e-11,2.69498555416e-11,3.85775751621e-11,8.14573825059e-11,4.54340731704e-11,2.57170621604e-11,3.45536203816e-11,7.51355401507e-12,5.42819695443e-12,3.04520536391e-12]},"melbands_crest":{"dmean":1.57513153553,"dmean2":2.49541902542,"dvar":3.19295883179,"dvar2":8.37377738953,"max":30.1053962708,"mean":16.5608005524,"median":16.8696403503,"min":1.18883275986,"var":27.8764610291},"melbands_flatness_db":{"dmean":0.0143491076306,"dmean2":0.0209913793951,"dvar":0.0002801452938,"dvar2":0.000587642891333,"max":0.752002954483,"mean":0.242341428995,"median":0.222171723843,"min":0.0000685267004883,"var":0.00908807013184},"melbands_kurtosis":{"dmean":2.2302634716,"dmean2":3.58289790154,"dvar":65.0080032349,"dvar2":161.03578186,"max":623.703857422,"mean":6.1480884552,"median":3.72856378555,"min":-1.75445580482,"var":168.94128418},"melbands_skewness":{"dmean":0.34950080514,"dmean2":0.552640020847,"dvar":0.182732641697,"dvar2":0.46715888381,"max":15.7145280838,"mean":2.02356076241,"median":2.02164340019,"min":-4.41457843781,"var":1.27729427814},"melbands_spread":{"dmean":4.64510917664,"dmean2":7.35387086868,"dvar":29.7085189819,"dvar2":68.9494628906,"max":189.718139648,"mean":27.3755970001,"median":25.7074165344,"min":0.26886934042,"var":176.902450562},"mfcc":{"cov":[[10117.5888672,-1896.25427246,858.321044922,60.2204093933,282.463317871,974.218933105,209.196563721,591.410949707,121.687171936,-157.088027954,38.2038002014,312.787872314,158.666137695],[-1896.25427246,1872.06274414,-658.242614746,363.628967285,215.585296631,-230.169998169,67.4264831543,-153.255310059,0.583747148514,74.798866272,-20.0901260376,-110.559249878,-4.609126091],[858.321044922,-658.242614746,2080.35522461,183.406692505,260.017089844,597.279602051,297.498779297,403.248718262,207.305450439,121.291992188,228.750839233,381.801940918,96.9292297363],[60.2204093933,363.628967285,183.406692505,440.606719971,180.310821533,157.385177612,140.971496582,115.130714417,80.5795974731,41.4103393555,91.5571899414,49.2045974731,94.5269775391],[282.463317871,215.585296631,260.017089844,180.310821533,299.624725342,150.099456787,146.446456909,120.014503479,89.931892395,70.8136672974,63.7831573486,91.1502838135,60.53358078],[974.218933105,-230.169998169,597.279602051,157.385177612,150.099456787,434.141571045,213.633850098,231.298858643,151.968078613,54.1231384277,116.276855469,186.943664551,93.2171325684],[209.196563721,67.4264831543,297.498779297,140.971496582,146.446456909,213.633850098,299.31137085,179.910629272,150.083267212,80.4036254883,125.661598206,139.928833008,91.5004272461],[591.410949707,-153.255310059,403.248718262,115.130714417,120.014503479,231.298858643,179.910629272,279.776489258,120.103820801,70.6522064209,125.113861084,123.672637939,87.577293396],[121.687171936,0.583747148514,207.305450439,80.5795974731,89.931892395,151.968078613,150.083267212,120.103820801,208.959381104,95.8499069214,86.7996139526,113.185752869,50.7419052124],[-157.088027954,74.798866272,121.291992188,41.4103393555,70.8136672974,54.1231384277,80.4036254883,70.6522064209,95.8499069214,135.343490601,67.2119674683,59.9544143677,21.1656970978],[38.2038002014,-20.0901260376,228.750839233,91.5571899414,63.7831573486,116.276855469,125.661598206,125.113861084,86.7996139526,67.2119674683,160.077362061,93.7195281982,63.4414978027],[312.787872314,-110.559249878,381.801940918,49.2045974731,91.1502838135,186.943664551,139.928833008,123.672637939,113.185752869,59.9544143677,93.7195281982,194.022277832,65.257194519],[158.666137695,-4.609126091,96.9292297363,94.5269775391,60.53358078,93.2171325684,91.5004272461,87.577293396,50.7419052124,21.1656970978,63.4414978027,65.257194519,109.656837463]],"icov":[[0.00018686131807,0.000187734724022,0.00014878269576,-0.0000466858182335,-0.0002679504978,-0.00041250087088,0.000119154268759,-0.00028644761187,0.0000964371720329,0.000249883974902,0.000189949059859,-0.000130609521875,0.00014914147323],[0.000187734724022,0.00131360150408,0.000455679110019,-0.00112247781362,-0.000992669374682,0.000284994661342,-0.000593198812567,0.000424809462857,0.000282583234366,-0.000389035121771,0.000302260159515,-0.000253596401308,0.000730182393454],[0.00014878269576,0.000455679110019,0.00122792145703,-0.00039784348337,-0.000588446680922,-0.000983523554169,0.000237405474763,-0.000676525116432,0.000631407368928,-0.0000405520586355,-0.000153802524437,-0.00152183172759,0.00127483124379],[-0.0000466858182335,-0.00112247781362,-0.00039784348337,0.00485268281773,-0.00105540012009,-0.00141710834578,0.000379996548872,-0.0000320256040141,-0.00060507026501,0.000922348001041,-0.00148531398736,0.00229583238252,-0.00272031314671],[-0.0002679504978,-0.000992669374682,-0.000588446680922,-0.00105540012009,0.0066169751808,0.0000779585097916,-0.0010700939456,-0.00061545294011,0.000189483718714,-0.00184082379565,0.00135314790532,-0.000702480669133,-0.000655845797155],[-0.00041250087088,0.000284994661342,-0.000983523554169,-0.00141710834578,0.0000779585097916,0.00804110337049,-0.00179212167859,-0.00139441154897,-0.0015556194121,0.000921984319575,0.000775385473389,-0.00217069452628,-0.00018472042575],[0.000119154268759,-0.000593198812567,0.000237405474763,0.000379996548872,-0.0010700939456,-0.00179212167859,0.00893860962242,-0.00212545506656,-0.00224129157141,0.000603677879553,-0.00189736194443,-0.00140474911314,-0.00152741675265],[-0.00028644761187,0.000424809462857,-0.000676525116432,-0.0000320256040141,-0.00061545294011,-0.00139441154897,-0.00212545506656,0.0101526118815,-0.000588581780903,-0.00164811592549,-0.00298356474377,0.00189275213052,-0.00256157596596],[0.0000964371720329,0.000282583234366,0.000631407368928,-0.00060507026501,0.000189483718714,-0.0015556194121,-0.00224129157141,-0.000588581780903,0.0108412532136,-0.00492241233587,0.000267591880402,-0.00292101316154,0.000910857284907],[0.000249883974902,-0.000389035121771,-0.0000405520586355,0.000922348001041,-0.00184082379565,0.000921984319575,0.000603677879553,-0.00164811592549,-0.00492241233587,0.0138009944931,-0.00312689156272,-0.000646713597234,0.00171564915217],[0.000189949059859,0.000302260159515,-0.000153802524437,-0.00148531398736,0.00135314790532,0.000775385473389,-0.00189736194443,-0.00298356474377,0.000267591880402,-0.00312689156272,0.0135467732325,-0.00259456783533,-0.00209956755862],[-0.000130609521875,-0.000253596401308,-0.00152183172759,0.00229583238252,-0.000702480669133,-0.00217069452628,-0.00140474911314,0.00189275213052,-0.00292101316154,-0.000646713597234,-0.00259456783533,0.0144187184051,-0.00416505709291],[0.00014914147323,0.000730182393454,0.00127483124379,-0.00272031314671,-0.000655845797155,-0.00018472042575,-0.00152741675265,-0.00256157596596,0.000910857284907,0.00171564915217,-0.00209956755862,-0.00416505709291,0.0169324539602]],"mean":[-655.720703125,154.6275177,-43.2895240784,20.3300590515,15.6874656677,-1.14835584164,-6.967689991,7.53075838089,5.95408153534,5.56775951385,0.718003094196,-2.15364813805,1.53924798965]},"pitch_salience":{"dmean":0.0417703539133,"dmean2":0.0672653988004,"dvar":0.00177687825635,"dvar2":0.00458328891546,"max":0.993799805641,"mean":0.460154086351,"median":0.463034570217,"min":0.0479288436472,"var":0.0144927855581},"silence_rate_20dB":{"dmean":0,"dmean2":0,"dvar":0,"dvar2":0,"max":1,"mean":1,"median":1,"min":1,"var":0},"silence_rate_30dB":{"dmean":0.00528601091355,"dmean2":0.0105726867914,"dvar":0.00525833386928,"dvar2":0.0146140968427,"max":1,"mean":0.996790826321,"median":1,"min":0,"var":0.00319880945608},"silence_rate_60dB":{"dmean":0.00314643513411,"dmean2":0.00629326608032,"dvar":0.00313803274184,"dvar2":0.0070074046962,"max":1,"mean":0.0211427137256,"median":0,"min":0,"var":0.0206915978342},"spectral_centroid":{"dmean":146.227859497,"dmean2":225.609695435,"dvar":38202.4375,"dvar2":76252.6953125,"max":11489.5976562,"mean":1508.04125977,"median":1542.51428223,"min":108.424133301,"var":237461.15625},"spectral_complexity":{"dmean":2.57025980949,"dmean2":4.10824394226,"dvar":7.22230815887,"dvar2":16.2340145111,"max":57,"mean":24.0663223267,"median":22,"min":0,"var":106.742500305},"spectral_contrast_coeffs":{"dmean":[0.0352163016796,0.0377588197589,0.0351369231939,0.0323628000915,0.0229856241494,0.0164293237031],"dmean2":[0.0583944804966,0.0611533634365,0.0569125451148,0.0531552545726,0.0377845689654,0.0261120796204],"dvar":[0.0011881350074,0.00114787300117,0.00102184969001,0.000855863443576,0.000464764976641,0.000299714360153],"dvar2":[0.00316667044535,0.00294763431884,0.00257905363105,0.00211083353497,0.0011823582463,0.000666108506266],"max":[-0.2701177001,-0.332459837198,-0.449276268482,-0.471164673567,-0.506747722626,-0.597405552864],"mean":[-0.613369703293,-0.692431271076,-0.715899705887,-0.713012933731,-0.706305384636,-0.757552683353],"median":[-0.655647993088,-0.709624886513,-0.726212024689,-0.729640007019,-0.713749945164,-0.757388949394],"min":[-0.96725744009,-0.987138569355,-0.993937075138,-0.982751190662,-0.983929872513,-0.962904691696],"var":[0.0180935785174,0.00992277637124,0.00666500022635,0.00640716496855,0.00433230027556,0.00199438678101]},"spectral_contrast_valleys":{"dmean":[0.30858373642,0.298409938812,0.296805262566,0.274116903543,0.236247897148,0.223271012306],"dmean2":[0.515812933445,0.489289462566,0.488247543573,0.448912024498,0.373817890882,0.311099797487],"dvar":[0.113240607083,0.10252687335,0.116275347769,0.119236640632,0.106815487146,0.109486915171],"dvar2":[0.280956983566,0.23481811583,0.26542916894,0.265003114939,0.222152739763,0.192455500364],"max":[-5.09770870209,-4.78074550629,-5.26132917404,-5.45809745789,-5.28262710571,-7.49577903748],"mean":[-7.87972164154,-7.08061885834,-7.48429822922,-7.69877624512,-8.01819801331,-11.3314495087],"median":[-7.13231468201,-6.82152938843,-7.2933511734,-7.39356040955,-7.86769390106,-10.7538089752],"min":[-27.5235710144,-27.606924057,-27.2609424591,-27.766292572,-27.4768333435,-27.2873382568],"var":[3.62360072136,1.53665435314,1.69622337818,1.93986845016,1.87946999073,3.19237661362]},"spectral_decrease":{"dmean":1.46531797807e-9,"dmean2":2.31621166691e-9,"dvar":6.80754424008e-18,"dvar2":1.7090044455e-17,"max":6.36890598919e-25,"mean":-8.11595501915e-9,"median":-6.58519017094e-9,"min":-5.40205427058e-8,"var":3.07810151758e-17},"spectral_energy":{"dmean":0.00585656007752,"dmean2":0.00922804884613,"dvar":0.000104580205516,"dvar2":0.000259824446402,"max":0.215118706226,"mean":0.0327946357429,"median":0.0265027005225,"min":1.04718286739e-20,"var":0.000494074542075},"spectral_energyband_high":{"dmean":0.000172927073436,"dmean2":0.000249502772931,"dvar":3.24497591464e-7,"dvar2":6.54522182231e-7,"max":0.0327913612127,"mean":0.000477949011838,"median":0.000101447862107,"min":7.50832003573e-21,"var":0.00000120906167922},"spectral_energyband_low":{"dmean":0.00336148240604,"dmean2":0.00564984185621,"dvar":0.0000641575024929,"dvar2":0.000175505119842,"max":0.132626324892,"mean":0.0151791237295,"median":0.0118474643677,"min":5.36661442733e-23,"var":0.000191586601431},"spectral_energyband_middle_high":{"dmean":0.00195260625333,"dmean2":0.00306551693939,"dvar":0.00000845946487971,"dvar2":0.0000205211908906,"max":0.113978676498,"mean":0.00853598024696,"median":0.00620058458298,"min":1.33888279917e-21,"var":0.0000479846676171},"spectral_energyband_middle_low":{"dmean":0.00270978990011,"dmean2":0.00405705580488,"dvar":0.0000281915508822,"dvar2":0.0000645381005597,"max":0.159585878253,"mean":0.00914492551237,"median":0.00706520630047,"min":2.91499704992e-22,"var":0.0000720013631508},"spectral_entropy":{"dmean":0.103750027716,"dmean2":0.157164990902,"dvar":0.0162724554539,"dvar2":0.0352652557194,"max":9.81522464752,"mean":7.20124101639,"median":7.33166837692,"min":3.40039777756,"var":0.441970527172},"spectral_flux":{"dmean":0.0150695340708,"dmean2":0.0236121471971,"dvar":0.000396673538489,"dvar2":0.000831428333186,"max":0.378755629063,"mean":0.0617990158498,"median":0.0521667897701,"min":6.74651029486e-11,"var":0.00183788186405},"spectral_kurtosis":{"dmean":4.16328382492,"dmean2":7.31901359558,"dvar":34.7186660767,"dvar2":105.882293701,"max":152.169677734,"mean":10.2522697449,"median":6.54100751877,"min":-1.37275528908,"var":160.582473755},"spectral_rms":{"dmean":0.000436525326222,"dmean2":0.000676563940942,"dvar":3.94511971535e-7,"dvar2":9.52556717948e-7,"max":0.0144869564101,"mean":0.00532506452873,"median":0.00508490856737,"min":3.19631322278e-12,"var":0.00000363843150808},"spectral_rolloff":{"dmean":278.592254639,"dmean2":470.177124023,"dvar":189317.125,"dvar2":430728.59375,"max":20047.4121094,"mean":1647.56530762,"median":1679.58984375,"min":86.1328125,"var":1498935},"spectral_skewness":{"dmean":0.355838954449,"dmean2":0.619020938873,"dvar":0.178659290075,"dvar2":0.545939087868,"max":10.7227210999,"mean":1.83419167995,"median":1.65893137455,"min":-0.204768002033,"var":0.946918964386},"spectral_spread":{"dmean":313791.96875,"dmean2":463936.15625,"dvar":421334056960,"dvar2":753825939456,"max":41159304,"mean":2899871.5,"median":2745614.5,"min":692756.625,"var":2213965463550},"spectral_strongpeak":{"dmean":0.270094424486,"dmean2":0.477559119463,"dvar":0.642810404301,"dvar2":1.6621029377,"max":23.0520172119,"mean":0.73193860054,"median":0.398489177227,"min":0,"var":0.9276445508},"zerocrossingrate":{"dmean":0.00524932285771,"dmean2":0.00641578203067,"dvar":0.0000486655044369,"dvar2":0.0000703315017745,"max":0.51513671875,"mean":0.0516030192375,"median":0.048828125,"min":0.001953125,"var":0.000778423331212}},"metadata":{"audio_properties":{"analysis_sample_rate":44100,"bit_rate":0,"codec":"flac","downmix":"mix","equal_loudness":0,"length":368.973327637,"lossless":true,"md5_encoded":"95dfae42832770942ef3cfec5835b6ca","replay_gain":-11.3290691376,"sample_rate":44100},"tags":{"album":["Dandys Rule, OK?"],"artist":["The Dandy Warhols"],"date":["1995-00-00"],"file_name":"09-Genius.flac","musicbrainz_albumid":["44d2ff86-84a0-4669-b161-cc41c4bdee8a"],"musicbrainz_artistid":["5f572b31-8fd9-45ae-9beb-358c98d839df"],"musicbrainz_recordingid":["1e6fe5f6-e1b8-4d48-9db3-f275687176be"],"title":["Genius"],"tracknumber":["9"]},"version":{"essentia":"2.1-beta2","essentia_build_sha":"c0e182ba78c2de26e491b7b7a4a2c98c1ed34208","essentia_git_sha":"v2.1_beta2-2-gbb40004","extractor":"music 1.0"}},"rhythm":{"beats_count":560,"beats_loudness":{"dmean":0.0126302903518,"dmean2":0.0213380102068,"dvar":0.000132230794406,"dvar2":0.000375167786842,"max":0.119123153389,"mean":0.0404758378863,"median":0.0364940837026,"min":6.3871692646e-7,"var":0.000609766400885},"beats_loudness_band_ratio":{"dmean":[0.160843640566,0.129958093166,0.0939292907715,0.0639710426331,0.0784993320704,0.0240883212537],"dmean2":[0.289082825184,0.244315385818,0.157578349113,0.114331834018,0.13414286077,0.0432485155761],"dvar":[0.0186353735626,0.017444934696,0.0103924069554,0.00505579914898,0.00579175725579,0.00119168497622],"dvar2":[0.0553620122373,0.0612400509417,0.0264984387904,0.0148517088965,0.0159853827208,0.00334933423437],"max":[0.990403234959,0.657328367233,0.996022522449,0.610122919083,0.816150605679,0.465781569481],"mean":[0.411645412445,0.13149933517,0.169781982899,0.110763117671,0.173012435436,0.0327233187854],"median":[0.421094715595,0.0877259969711,0.127088308334,0.0901823788881,0.143965303898,0.0254030544311],"min":[0.00000581160429647,0.0000619439742877,0.00348740885966,0.0000347099303326,0.0000040042496039,0.00000578004801355],"var":[0.0487158037722,0.0169865209609,0.022408079356,0