{"lowlevel":{"average_loudness":0.927020907402,"barkbands":{"dmean":[0.000149082392454,0.00348657858558,0.00186824018601,0.00148516660556,0.00299176201224,0.000895121600479,0.000447656668257,0.000614514632616,0.000645270803943,0.000656025542412,0.000304103159579,0.000719652976841,0.000398681790102,0.000340383499861,0.000590657524299,0.000325691624312,0.000603908731136,0.000407995830756,0.000251450954238,0.000159684714163,0.000083475773863,0.0000636055192444,0.0000474823900731,0.0000379261509806,0.0000277529470623,0.0000150928008225,0.00000277188132713],"dmean2":[0.000241737783654,0.00610263086855,0.0032131136395,0.00252575404011,0.00520956516266,0.0015329408925,0.000741881900467,0.00101907644421,0.00102939794306,0.00103421125095,0.000495906162541,0.00114285619929,0.000651379988994,0.000558263214771,0.000943083490711,0.000526303309016,0.000979732139967,0.000667557469569,0.000416052818764,0.000266621267656,0.000137491879286,0.000104307095171,0.0000724469646229,0.0000562616987736,0.0000393942027586,0.0000235100214923,0.00000431381977251],"dvar":[9.06387427335e-8,0.0000430272375525,0.0000130000353238,0.000004079676728,0.0000416314869653,0.00000327890961671,5.7460511016e-7,0.0000012767085309,0.00000153823418714,0.00000155332520535,4.17836986344e-7,0.00000162551702942,7.00645784946e-7,5.86017279147e-7,9.21288688005e-7,4.4495627094e-7,9.9954684174e-7,6.13857025655e-7,1.1835343372e-7,6.21561042635e-8,2.12151665124e-8,2.14357473993e-8,2.35460451137e-8,1.93173779195e-8,1.23154810794e-8,2.85532353317e-9,1.9422767561e-10],"dvar2":[2.36247132079e-7,0.000123284422443,0.0000356357559212,0.0000111113149615,0.000115282156912,0.00000904525313672,0.00000148529625221,0.0000033887781683,0.00000379906782655,0.00000386793817597,0.00000104483490304,0.00000390974446418,0.0000017054668433,0.00000144974637806,0.00000218418881559,0.00000104221078345,0.0000024464618491,0.00000154149279297,2.94174498094e-7,1.57695382086e-7,4.87751314893e-8,4.66678535815e-8,4.43035546027e-8,3.65083430154e-8,2.4916358754e-8,5.92608140337e-9,3.67788827171e-10],"max":[0.00944353919476,0.0566878318787,0.0359832011163,0.0291470400989,0.0743469893932,0.0247403979301,0.0124767720699,0.0337194353342,0.0366898700595,0.0279023088515,0.0167965702713,0.0252444669604,0.0163845587522,0.0232699494809,0.0154297370464,0.0199824664742,0.0232363454998,0.0185135900974,0.00867437478155,0.00621342938393,0.00428955443203,0.00483293645084,0.00429207785055,0.00422921171412,0.00377629324794,0.00283866887912,0.00114430254325],"mean":[0.000163669799804,0.00458695972338,0.00241052755155,0.00243827956729,0.00372978346422,0.00127700727899,0.000777979614213,0.000950185989495,0.00114293722436,0.00120415992569,0.000480164220789,0.00120449031238,0.000672130321618,0.000554748636205,0.00100798089989,0.000653853756376,0.00129434943665,0.000816006097011,0.000587143877055,0.000359519821359,0.000197731351363,0.000150308158481,0.000100558347185,0.0000839891799842,0.0000571118362132,0.0000234414746956,0.00000356936925527],"median":[0.0000436239715782,0.00252435146831,0.00142457080074,0.00188546569552,0.00197606813163,0.000610775779933,0.000352004892193,0.000458639202407,0.000543298490811,0.000529943616129,0.000235233223066,0.000639390666038,0.000299227045616,0.000317712780088,0.000533256155904,0.000389196095057,0.000785528623965,0.000505948497448,0.000444884528406,0.000260116910795,0.000154775189003,0.000109425833216,0.0000548368116142,0.0000458532595076,0.0000279523774225,0.0000106942879938,0.00000116247736059],"min":[1.54779390681e-25,8.28169646913e-25,3.3121767242e-25,1.90111908563e-24,1.28057258026e-23,3.93252170519e-24,9.16517059031e-24,7.70009259511e-24,1.39319241413e-23,1.26689223333e-23,1.0294641124e-23,2.21749967972e-23,2.30347999636e-23,2.32486995981e-23,4.0529843153e-23,6.75213690465e-23,5.86630416825e-23,1.08059201783e-22,1.29252006799e-22,1.79374032528e-22,2.51314120739e-22,3.22507063008e-22,3.73078752075e-22,5.62565514402e-22,8.87392636265e-22,1.30342530639e-21,1.9525255047e-21],"var":[1.02920061806e-7,0.0000401991273975,0.0000111531435323,0.00000529728504262,0.0000342680723406,0.00000394968947148,0.00000136627863867,0.00000239766404775,0.00000373186571778,0.00000389400383938,7.39051472465e-7,0.0000029378788895,0.00000145876606439,8.97952020296e-7,0.00000182600979315,0.00000120425488603,0.0000029144932796,0.00000129587419906,3.16684946711e-7,1.33534157953e-7,4.37830536271e-8,4.46447110392e-8,5.58988197952e-8,4.38723084528e-8,2.21537934664e-8,4.51787007805e-9,3.16544235268e-10]},"barkbands_crest":{"dmean":2.528216362,"dmean2":4.2888841629,"dvar":5.67380571365,"dvar2":15.7161359787,"max":25.6577854156,"mean":7.96412992477,"median":7.19781684875,"min":2.09110736847,"var":11.3322057724},"barkbands_flatness_db":{"dmean":0.0167219974101,"dmean2":0.0273469947278,"dvar":0.000267483788775,"dvar2":0.000697135692462,"max":0.613873183727,"mean":0.10708937794,"median":0.0933727994561,"min":0.0244492646307,"var":0.00236305012368},"barkbands_kurtosis":{"dmean":1.54248857498,"dmean2":2.59345984459,"dvar":12.5110616684,"dvar2":34.1600112915,"max":84.558807373,"mean":1.43947589397,"median":-0.253273963928,"min":-1.92708718777,"var":27.4634723663},"barkbands_skewness":{"dmean":0.459754139185,"dmean2":0.749037086964,"dvar":0.247697755694,"dvar2":0.643962025642,"max":8.38314533234,"mean":1.00054740906,"median":0.824772715569,"min":-3.86747431755,"var":1.06369113922},"barkbands_spread":{"dmean":5.00614404678,"dmean2":7.96765899658,"dvar":30.6378593445,"dvar2":66.3184356689,"max":158.101409912,"mean":28.8441200256,"median":28.6194915771,"min":0.695002377033,"var":156.292984009},"dissonance":{"dmean":0.0114313820377,"dmean2":0.0195988807827,"dvar":0.000131331762532,"dvar2":0.000366414693417,"max":0.5,"mean":0.479156672955,"median":0.482908904552,"min":0.17424800992,"var":0.000256316270679},"dynamic_complexity":2.2060508728,"erbbands":{"dmean":[0.0828744545579,0.874489784241,2.15825867653,3.30044746399,10.5290546417,8.6135931015,6.84483480453,7.67430114746,6.63699674606,7.14617061615,14.6267900467,14.3814001083,16.2052993774,18.9131183624,14.1653356552,32.1180763245,17.4217815399,17.0186710358,33.2473258972,14.5549230576,20.4849796295,30.4847221375,23.3957557678,14.1402378082,10.7411956787,7.45855283737,3.63564276695,3.21283841133,2.39192938805,1.80305087566,1.33940958977,0.975437939167,0.561836779118,0.365679502487,0.180756747723,0.0901622250676,0.0225712880492,0.00368884531781,0.000352103350451,0.0000398528281949],"dmean2":[0.14024297893,1.5465940237,3.74795055389,5.64469432831,18.3981952667,15.3223323822,11.6022977829,13.2296657562,10.9299001694,11.9710226059,24.0650177002,22.9732017517,25.7463531494,30.2562599182,22.8157024384,50.8957214355,28.2424373627,27.6154174805,53.0749855042,23.0415935516,32.9328804016,49.1306838989,38.1251754761,23.3601360321,17.8452358246,12.4428424835,6.00112295151,5.2928237915,3.92987322807,2.82367825508,2.05834293365,1.48164355755,0.823539912701,0.520161449909,0.263012081385,0.141403198242,0.0349550396204,0.00547701725736,0.000516370579135,0.0000651404479868],"dvar":[0.024919487536,2.84880208969,18.8686733246,18.5630779266,506.305755615,363.42880249,148.400619507,287.976501465,127.194114685,186.449798584,776.098327637,899.001464844,1351.24023438,994.59942627,882.150634766,3201.50488281,1236.72387695,1365.62805176,3039.49536133,941.081237793,1169.29919434,3080.47436523,2117.09179688,448.058685303,256.699249268,127.065971375,37.0872421265,30.6738643646,25.7926101685,29.7949905396,17.7529983521,13.4453449249,3.95498037338,2.05202174187,0.519547641277,0.0852709338069,0.00826293136925,0.00047211634228,0.00000419875459556,1.00488914967e-8],"dvar2":[0.0654765069485,8.31533813477,52.2701034546,52.0581970215,1396.60681152,1033.39550781,404.977813721,783.493469238,325.121582031,480.070068359,2073.6159668,2233.66723633,3317.06030273,2584.40576172,2205.02734375,7694.06542969,2939.48803711,3310.07958984,7272.30566406,2015.14001465,2842.21459961,7564.91992188,5424.08349609,1152.35681152,640.795349121,314.072570801,85.6826248169,70.0352859497,56.65625,62.6182670593,33.909362793,26.415430069,7.61218357086,4.07051181793,1.07202792168,0.18300370872,0.0175000410527,0.000891497009434,0.00000779593483458,2.40548132524e-8],"max":[1.56116592884,14.6909198761,42.2434234619,55.4210281372,208.77255249,245.89666748,256.07421875,319.001678467,225.450576782,324.24407959,941.621398926,1117.08544922,999.691467285,680.373596191,791.504699707,1005.3762207,853.165466309,992.739440918,856.461853027,1208.92248535,1125.45483398,1518.24169922,1239.76403809,388.459289551,423.977264404,242.733413696,167.297851562,149.997970581,153.078689575,193.769226074,121.353134155,128.189407349,68.3194274902,51.9635238647,28.5371608734,14.6214027405,4.44115543365,1.54723155499,0.172833368182,0.00544213410467],"mean":[0.105177305639,1.11331045628,2.83616113663,6.09654903412,12.2637033463,10.5435028076,10.3674879074,10.2689428329,12.0246591568,11.7956781387,23.7067718506,26.3736209869,30.939245224,34.6243782043,26.8296928406,54.5241928101,33.0835876465,31.7977409363,55.7290306091,31.8482971191,46.2238006592,69.5015335083,51.3085365295,33.1607131958,26.0404911041,16.8963508606,8.89085197449,7.53740882874,5.6223077774,3.92197465897,2.79368853569,2.02177476883,1.24714016914,0.741461992264,0.345406413078,0.142226547003,0.0352152958512,0.00565908616409,0.000540663080756,0.000068458255555],"median":[0.0428018942475,0.637050509453,1.63991999626,5.11959457397,5.53406906128,5.83260250092,5.59362125397,3.9983830452,5.5507311821,6.40234184265,11.9678602219,12.4580745697,14.7118930817,17.2116661072,16.0810108185,28.4814071655,17.2260131836,18.9218711853,28.7267227173,20.8081626892,31.2090187073,41.2850189209,31.7156391144,25.710735321,19.5692100525,12.3136911392,7.00037097931,5.90497779846,4.19632720947,2.39033055305,1.53194868565,1.06465291977,0.686774432659,0.365929961205,0.163380295038,0.0670015364885,0.0154265873134,0.00185993267223,0.000199415313546,0.000046272885811],"min":[2.87920693553e-23,2.81780559987e-22,1.14505566103e-21,4.93205107375e-21,9.71730586155e-21,4.07660713754e-20,3.83458281448e-20,4.20196183573e-20,1.46170982647e-19,1.527819135e-19,3.01048816722e-19,3.21650551209e-19,4.76458255878e-19,7.58690368026e-19,1.08076327249e-18,1.22388413002e-18,9.84099256296e-19,1.90872464014e-18,2.97218836069e-18,3.09624560024e-18,3.63032696365e-18,4.3989018298e-18,5.81269783967e-18,5.80255867332e-18,7.65551438297e-18,7.7680779479e-18,8.73344404487e-18,1.13258545544e-17,9.85829800856e-18,1.11577656637e-17,9.3406789869e-18,9.1362545334e-18,1.0732536099e-17,8.64620792311e-18,5.96193238912e-18,4.30409741903e-18,2.44798994445e-18,9.09766738501e-19,2.69565211085e-19,2.84877513295e-20],"var":[0.0288679394871,2.38108682632,15.7035684586,25.6131286621,437.689819336,275.064025879,216.766189575,371.732147217,321.705688477,327.943054199,1544.30615234,2228.15698242,3219.56518555,2380.74731445,1733.34375,5833.16503906,2805.35839844,2513.18676758,5523.19775391,2456.45263672,3683.54760742,9158.63574219,5011.89404297,1006.32501221,668.246154785,277.052947998,85.0935974121,63.5978851318,53.5069999695,63.2269935608,41.4692497253,28.0301017761,9.16616439819,3.83939433098,0.874925017357,0.138100713491,0.0124183092266,0.000797304441221,0.00000732556782168,1.21476890769e-8]},"erbbands_crest":{"dmean":2.13016176224,"dmean2":3.52119231224,"dvar":4.31465959549,"dvar2":10.9055805206,"max":26.2873344421,"mean":7.53487491608,"median":6.63195037842,"min":2.35318207741,"var":12.0039243698},"erbbands_flatness_db":{"dmean":0.0137456329539,"dmean2":0.0208162982017,"dvar":0.000196492896066,"dvar2":0.00040692804032,"max":0.451137274504,"mean":0.152498856187,"median":0.145698279142,"min":0.0322763323784,"var":0.00155775959138},"erbbands_kurtosis":{"dmean":0.644995927811,"dmean2":1.02326130867,"dvar":1.8956707716,"dvar2":4.20659589767,"max":96.2337646484,"mean":0.154900684953,"median":-0.177999138832,"min":-1.83181393147,"var":3.93609285355},"erbbands_skewness":{"dmean":0.274363040924,"dmean2":0.433461904526,"dvar":0.0650653764606,"dvar2":0.158537864685,"max":7.70499992371,"mean":-0.224206864834,"median":-0.248898297548,"min":-4.58836746216,"var":0.41808372736},"erbbands_spread":{"dmean":6.48516225815,"dmean2":10.3710594177,"dvar":43.6767883301,"dvar2":104.06879425,"max":117.270011902,"mean":36.1491584778,"median":33.9929237366,"min":1.40719258785,"var":190.708145142},"gfcc":{"cov":[[19329.5605469,-194.313568115,-1205.84558105,235.391082764,-772.262451172,944.943359375,-872.848632812,424.346099854,-485.232696533,-67.9532775879,-449.779724121,127.27355957,-386.192840576],[-194.313568115,1373.82885742,-326.89654541,155.976867676,100.528091431,-378.30947876,242.019760132,-133.811706543,108.901344299,2.9852809906,93.9937210083,-73.0502319336,60.3220748901],[-1205.84558105,-326.89654541,667.996765137,42.0377349854,54.5392913818,141.345870972,-47.9129905701,7.00611162186,8.41705989838,-2.95546746254,7.20028924942,-10.4635410309,-18.3372497559],[235.391082764,155.976867676,42.0377349854,238.92338562,30.3605861664,-10.5660839081,43.588432312,-13.7870206833,34.4135932922,3.2331662178,23.3736515045,-30.7665309906,24.5584754944],[-772.262451172,100.528091431,54.5392913818,30.3605861664,241.46421814,-1.36066651344,79.7361679077,8.85459899902,31.2412929535,10.7887821198,5.00876617432,-4.37439870834,13.4791965485],[944.943359375,-378.30947876,141.345870972,-10.5660839081,-1.36066651344,336.465362549,-45.7736701965,107.071601868,-43.2939682007,-18.3563499451,-47.5549201965,9.76990127563,-57.0071220398],[-872.848632812,242.019760132,-47.9129905701,43.588432312,79.7361679077,-45.7736701965,216.666564941,5.78373336792,42.1130638123,14.7919797897,43.8784484863,-21.6884670258,22.3826446533],[424.346099854,-133.811706543,7.00611162186,-13.7870206833,8.85459899902,107.071601868,5.78373336792,117.662483215,12.6761198044,4.28630781174,-24.1026344299,6.40072774887,-19.5314617157],[-485.232696533,108.901344299,8.41705989838,34.4135932922,31.2412929535,-43.2939682007,42.1130638123,12.6761198044,103.092880249,26.8142967224,26.762298584,-12.744052887,11.7745847702],[-67.9532775879,2.9852809906,-2.95546746254,3.2331662178,10.7887821198,-18.3563499451,14.7919797897,4.28630781174,26.8142967224,72.6787796021,27.4073486328,2.21599578857,0.855089902878],[-449.779724121,93.9937210083,7.20028924942,23.3736515045,5.00876617432,-47.5549201965,43.8784484863,-24.1026344299,26.762298584,27.4073486328,79.3062667847,12.2415151596,20.402715683],[127.27355957,-73.0502319336,-10.4635410309,-30.7665309906,-4.37439870834,9.76990127563,-21.6884670258,6.40072774887,-12.744052887,2.21599578857,12.2415151596,59.9849967957,12.9964342117],[-386.192840576,60.3220748901,-18.3372497559,24.5584754944,13.4791965485,-57.0071220398,22.3826446533,-19.5314617157,11.7745847702,0.855089902878,20.402715683,12.9964342117,67.0668792725]],"icov":[[0.000307695096126,-0.000566858449019,0.000548672454897,-0.00090617040405,0.000644854444545,-0.00090216298122,0.00120589334983,-0.000830735021736,0.00105690385681,-0.000895620672964,0.00101578480098,-0.00115188793279,0.000962733640336],[-0.000566858449019,0.00272353854962,-0.000382099358831,0.00100994296372,-0.00160881329793,0.0028381512966,-0.00318200443871,0.00226202793419,-0.00263545894995,0.00267192535102,-0.00269039766863,0.00312603171915,-0.0010902833892],[0.000548672454897,-0.000382099358831,0.00308286375366,-0.0019993535243,0.000398763047997,-0.00231150281616,0.0025486513041,-0.000489634461701,0.00111140869558,-0.000995709444396,0.000540001143236,-0.000983336591162,0.00188388326205],[-0.00090617040405,0.00100994296372,-0.0019993535243,0.00813751481473,-0.00199916632846,0.00139062281232,-0.00331557821482,0.00279044709168,-0.00394170638174,0.00268710055389,-0.00405984045938,0.00618247827515,-0.00545507203788],[0.000644854444545,-0.00160881329793,0.000398763047997,-0.00199916632846,0.00661669299006,-0.00227173487656,0.000545956019778,-0.00160592026077,0.00137797906063,-0.00283188791946,0.00431332411245,-0.00382973207161,0.00131481990684],[-0.00090216298122,0.0028381512966,-0.00231150281616,0.00139062281232,-0.00227173487656,0.00963922776282,-0.00395876541734,-0.00229656719603,-0.000882819760591,0.00395666901022,-0.00299943028949,0.00284659257159,0.000878830207512],[0.00120589334983,-0.00318200443871,0.0025486513041,-0.00331557821482,0.000545956019778,-0.00395876541734,0.0124849397689,-0.0055367462337,0.00420062895864,-0.00321074482054,-0.000293469085591,-0.00128527265042,0.00210485421121],[-0.000830735021736,0.00226202793419,-0.000489634461701,0.00279044709168,-0.00160592026077,-0.00229656719603,-0.0055367462337,0.0177684109658,-0.00804877374321,0.00103332533035,0.0017654086696,0.000507277611177,-0.0018162537599],[0.00105690385681,-0.00263545894995,0.00111140869558,-0.00394170638174,0.00137797906063,-0.000882819760591,0.00420062895864,-0.00804877374321,0.018319375813,-0.00638390285894,0.00037232064642,-0.00112612044904,0.00240052817389],[-0.000895620672964,0.00267192535102,-0.000995709444396,0.00268710055389,-0.00283188791946,0.00395666901022,-0.00321074482054,0.00103332533035,-0.00638390285894,0.020589184016,-0.00979220122099,0.00422497233376,-0.00049339880934],[0.00101578480098,-0.00269039766863,0.000540001143236,-0.00405984045938,0.00431332411245,-0.00299943028949,-0.000293469085591,0.0017654086696,0.00037232064642,-0.00979220122099,0.0260583609343,-0.012130940333,0.0015818887623],[-0.00115188793279,0.00312603171915,-0.000983336591162,0.00618247827515,-0.00382973207161,0.00284659257159,-0.00128527265042,0.000507277611177,-0.00112612044904,0.00422497233376,-0.012130940333,0.0289016049355,-0.00997775513679],[0.000962733640336,-0.0010902833892,0.00188388326205,-0.00545507203788,0.00131481990684,0.000878830207512,0.00210485421121,-0.0018162537599,0.00240052817389,-0.00049339880934,0.0015818887623,-0.00997775513679,0.0242359582335]],"mean":[11.001914978,93.2965164185,-131.036911011,40.1807250977,-41.9846153259,8.53865528107,-30.9904403687,9.08853530884,-26.2176551819,-3.03871130943,-18.3548316956,-1.52942931652,-11.6991500854]},"hfc":{"dmean":5.5603761673,"dmean2":8.7029542923,"dvar":54.1631278992,"dvar2":120.685020447,"max":134.822418213,"mean":25.0803794861,"median":24.0073833466,"min":1.06371654831e-16,"var":257.470275879},"melbands":{"dmean":[0.000861459120642,0.00112592161167,0.000750693317968,0.000739066570532,0.000242869005888,0.00016685987066,0.0000991157794488,0.0000851901859278,0.000118878291687,0.0000935298012337,0.0000840610446176,0.0000834101883811,0.0000424502613896,0.0000788465549704,0.0000582236425544,0.0000382540856663,0.0000331581904902,0.0000520676658198,0.0000322284904541,0.0000206459990295,0.0000286939721263,0.0000364176594303,0.0000303352626361,0.0000183818247024,0.0000124049383885,0.00000987603107205,0.00000736947595215,0.00000494668120155,0.00000261472882812,0.00000239156770476,0.00000189296679309,0.00000155267173341,0.00000127885959955,9.90958255898e-7,8.58059479469e-7,7.48618958823e-7,5.82516520353e-7,4.41866234269e-7,3.62213881999e-7,3.12617913778e-7],"dmean2":[0.00149185454939,0.00196452857926,0.00129349576309,0.0012970441021,0.000417984119849,0.000286677997792,0.000163377728313,0.000142409917316,0.000194808497326,0.000148707185872,0.000133635607199,0.000133235604153,0.0000686133644194,0.000125650389236,0.0000931137183215,0.0000627153785899,0.0000541099434486,0.0000833341910038,0.0000512857404829,0.0000330884431605,0.0000464532058686,0.0000589845876675,0.0000491151331516,0.0000304587774735,0.0000206566801353,0.0000163674849318,0.000012307515135,0.0000082921142166,0.00000435234096585,0.00000400050885219,0.00000313290547638,0.00000260946671915,0.0000020891047825,0.00000154605652369,0.00000134014317155,0.00000118096761526,8.85471706624e-7,6.63710693516e-7,5.26264784639e-7,4.60606685238e-7],"dvar":[0.00000260039223576,0.000005111612154,0.00000119389983411,0.00000273297860076,1.94290265654e-7,1.28671715061e-7,2.69426472244e-8,2.55237893043e-8,5.21061771508e-8,3.72718957919e-8,3.5749664562e-8,2.04671621873e-8,8.42913827626e-9,2.13061621679e-8,1.02176365147e-8,6.80912304318e-9,5.75533309899e-9,7.77388198259e-9,3.07988301529e-9,2.4968682677e-9,2.15023643335e-9,4.25248858349e-9,3.4288170081e-9,1.19314080838e-9,3.49412859757e-10,1.99878336105e-10,1.5494251715e-10,5.73424883965e-11,1.86107396855e-11,1.76752380093e-11,1.03270551832e-11,9.04587689476e-12,1.10802547693e-11,1.04361554121e-11,7.27845821807e-12,6.40718251024e-12,5.22981788084e-12,2.21512261658e-12,1.78946159106e-12,1.68285621983e-12],"dvar2":[0.00000732712487661,0.00001447197792,0.00000325958990288,0.00000762690797274,5.37174230431e-7,3.51681308075e-7,6.92442370109e-8,6.49166338462e-8,1.37919869303e-7,9.20820184547e-8,8.82231105948e-8,5.29514068148e-8,2.09860626654e-8,5.14193665424e-8,2.39631070542e-8,1.6728860075e-8,1.40286822159e-8,1.88835418413e-8,7.14726144935e-9,5.42987876884e-9,5.33494537436e-9,1.05910675785e-8,8.48987458113e-9,3.05263636591e-9,9.10950981314e-10,4.87991147491e-10,4.03700295415e-10,1.43193651381e-10,4.40827235826e-11,4.2774589426e-11,2.39231048166e-11,2.10751763263e-11,2.46358211609e-11,2.15826887612e-11,1.46485098357e-11,1.31045964011e-11,1.04856687569e-11,4.64779690429e-12,3.46479355623e-12,3.58557476245e-12],"max":[0.0138649977744,0.0212501529604,0.0132698556408,0.0194568783045,0.00733276084065,0.00611844984815,0.00294038513675,0.00362050929107,0.00761092500761,0.00737052131444,0.00484516099095,0.00299750082195,0.00256132311188,0.00360626564361,0.00247613503598,0.00159736198839,0.00205363170244,0.00194624660071,0.00113144924399,0.0019698808901,0.00125651608687,0.00147059711162,0.0013018612517,0.000841011235025,0.000329883943778,0.000594507961068,0.000405954953749,0.000155433925102,0.000109510576294,0.00012214005983,0.0000799968402134,0.0000881424130057,0.000111936489702,0.000122446959722,0.0000809819393908,0.0000934295967454,0.0000842645313242,0.0000504315430589,0.0000384304003092,0.0000483009862364],"mean":[0.00112859311048,0.0015323094558,0.00122808862943,0.000879441387951,0.000364524545148,0.00022889097454,0.000179533686605,0.000138199975481,0.000195827960852,0.000165653123986,0.00015577756858,0.000146648730151,0.0000726325743017,0.000134648726089,0.000102468155092,0.0000664041290293,0.0000552098208573,0.0000840384454932,0.0000584554727538,0.000040100330807,0.0000579070583626,0.0000747278754716,0.000060736983869,0.0000350981172232,0.0000258512063738,0.0000218059558392,0.0000155115340021,0.0000100190127341,0.00000564845413464,0.00000488887553729,0.00000410495704273,0.00000328951159645,0.0000026481752684,0.00000195154120775,0.00000163725985658,0.00000144202806496,0.00000113119131129,9.15495377285e-7,7.28261795757e-7,5.83507357987e-7],"median":[0.000573485449422,0.00096009299159,0.000952009460889,0.00044598209206,0.000198992536752,0.0000946141735767,0.0000822003785288,0.000072917639045,0.0000960884062806,0.0000764347496442,0.0000709393643774,0.0000655497278785,0.0000389764682041,0.0000736376969144,0.0000544871581951,0.0000315721008519,0.0000298717604892,0.0000423985038651,0.0000344322143064,0.0000227519158216,0.0000379850644094,0.000043766136514,0.0000324967404595,0.0000221476620936,0.0000190286318684,0.0000158574075613,0.0000108291551442,0.00000709217329131,0.00000427820395998,0.00000362693299394,0.00000313714417643,0.0000023985567168,0.00000165208803082,0.00000108410415578,8.54450661336e-7,7.46773082483e-7,5.72547719457e-7,5.13090753884e-7,3.5993008396e-7,2.75566662822e-7],"min":[2.86207980878e-25,1.02196792221e-24,1.88372075836e-24,2.05094014039e-24,2.06112315139e-24,7.08019524338e-25,1.92653598678e-24,1.66714451886e-24,2.74348941212e-24,1.80701547381e-24,2.50034828164e-24,2.05891532693e-24,2.49035735827e-24,2.48009270018e-24,1.13248595452e-24,3.01032871306e-24,2.48672800647e-24,3.43670172145e-24,3.13219687608e-24,3.92835336417e-24,4.47335448662e-24,4.02143855656e-24,4.53411097582e-24,4.35057262546e-24,3.93307035795e-24,3.9708954495e-24,3.46832084425e-24,4.77359928588e-24,5.08654237914e-24,5.42533841641e-24,5.84110637321e-24,5.35573682431e-24,5.7249087396e-24,5.22762896874e-24,4.8032821496e-24,5.55863027141e-24,4.8470453916e-24,6.33665656653e-24,6.57123697847e-24,6.92364441623e-24],"var":[0.00000261604827756,0.00000419948628405,0.0000013240669432,0.00000217250362766,2.44771655389e-7,1.63332828151e-7,6.9988004725e-8,4.76612171951e-8,1.11452294504e-7,9.11866493425e-8,8.46322123493e-8,4.83607678348e-8,1.56712491872e-8,3.7778953299e-8,2.14545945454e-8,1.42283909099e-8,9.42187305952e-9,1.33787345646e-8,6.5151630757e-9,6.07207306658e-9,5.80612224965e-9,1.11880975595e-8,8.54347170787e-9,2.30851227023e-9,6.91711465883e-10,5.47930534278e-10,2.95887869761e-10,1.1123216237e-10,4.0316458505e-11,3.10469566722e-11,2.0156105951e-11,1.71283282696e-11,2.14085936479e-11,2.14122365672e-11,1.54273798597e-11,1.33810740266e-11,1.0007480955e-11,4.62786189578e-12,3.86858253765e-12,2.66810293477e-12]},"melbands_crest":{"dmean":3.20658040047,"dmean2":5.40016937256,"dvar":8.31770896912,"dvar2":22.0553607941,"max":36.9412956238,"mean":12.0101985931,"median":11.298869133,"min":1.56065559387,"var":20.1423301697},"melbands_flatness_db":{"dmean":0.0221269261092,"dmean2":0.0362090989947,"dvar":0.000470773520647,"dvar2":0.00120089529082,"max":0.788097977638,"mean":0.169399961829,"median":0.155721783638,"min":0.00324384821579,"var":0.00394039787352},"melbands_kurtosis":{"dmean":4.67908430099,"dmean2":7.89543247223,"dvar":94.8858108521,"dvar2":260.252807617,"max":233.623474121,"mean":7.87208795547,"median":3.47849917412,"min":-1.87446677685,"var":190.134109497},"melbands_skewness":{"dmean":0.659095823765,"dmean2":1.08774101734,"dvar":0.547614872456,"dvar2":1.44109904766,"max":12.2792644501,"mean":2.17553377151,"median":1.91374278069,"min":-1.12990188599,"var":1.86468815804},"melbands_spread":{"dmean":8.19051933289,"dmean2":13.2003965378,"dvar":75.3990402222,"dvar2":183.064239502,"max":157.622650146,"mean":33.9766082764,"median":32.6964492798,"min":0.740062177181,"var":386.740692139},"mfcc":{"cov":[[7415.51855469,-324.452514648,-45.0085868835,-475.727508545,180.792556763,165.888198853,-34.0376281738,308.501434326,-22.5188827515,27.1222171783,-46.8224105835,17.8709201813,-84.7632064819],[-324.452514648,1087.97119141,-262.01751709,340.741577148,-91.2957000732,-28.7876396179,26.9513530731,-59.0886001587,25.9386024475,-6.62681102753,54.1736907959,28.1049938202,31.5991535187],[-45.0085868835,-262.01751709,504.82913208,-48.7830696106,84.0662536621,46.1694908142,-5.65351057053,12.3137922287,-39.969669342,29.2616329193,-33.3801765442,-9.42795085907,2.23461389542],[-475.727508545,340.741577148,-48.7830696106,344.092346191,-11.5450057983,-0.0126219363883,19.83203125,-62.4048156738,29.3674964905,13.0048751831,12.4200353622,4.95328617096,32.4110870361],[180.792556763,-91.2957000732,84.0662536621,-11.5450057983,188.95173645,49.5203666687,1.5117559433,31.6626911163,17.3214855194,9.20962810516,-6.57859897614,-5.7520275116,-17.2308692932],[165.888198853,-28.7876396179,46.1694908142,-0.0126219363883,49.5203666687,110.532394409,52.8650016785,36.4832267761,10.0183258057,26.5995349884,3.57163691521,10.0584754944,-1.06235456467],[-34.0376281738,26.9513530731,-5.65351057053,19.83203125,1.5117559433,52.8650016785,130.108016968,45.2003364563,25.0545005798,14.4471540451,9.11680030823,15.1223039627,-2.79311227798],[308.501434326,-59.0886001587,12.3137922287,-62.4048156738,31.6626911163,36.4832267761,45.2003364563,124.971313477,31.3844528198,22.3234176636,5.57184171677,12.2645225525,-15.8498334885],[-22.5188827515,25.9386024475,-39.969669342,29.3674964905,17.3214855194,10.0183258057,25.0545005798,31.3844528198,80.5930328369,32.9051132202,11.5679159164,2.44842267036,-3.9963953495],[27.1222171783,-6.62681102753,29.2616329193,13.0048751831,9.20962810516,26.5995349884,14.4471540451,22.3234176636,32.9051132202,82.0565109253,27.131362915,13.9110460281,0.248648017645],[-46.8224105835,54.1736907959,-33.3801765442,12.4200353622,-6.57859897614,3.57163691521,9.11680030823,5.57184171677,11.5679159164,27.131362915,61.4362716675,25.1066360474,3.26206064224],[17.8709201813,28.1049938202,-9.42795085907,4.95328617096,-5.7520275116,10.0584754944,15.1223039627,12.2645225525,2.44842267036,13.9110460281,25.1066360474,57.2158889771,22.7620868683],[-84.7632064819,31.5991535187,2.23461389542,32.4110870361,-17.2308692932,-1.06235456467,-2.79311227798,-15.8498334885,-3.9963953495,0.248648017645,3.26206064224,22.7620868683,64.0965042114]],"icov":[[0.000173211927176,-0.0000384588747693,0.0000961856057984,0.000181494266144,-0.0000898064608919,-0.000247896125074,0.000234312086832,-0.000371606118279,0.000181150986464,-0.000106839375803,0.000234335922869,-0.0000982899000519,0.0000776493543526],[-0.0000384588747693,0.00161230284721,0.000536912528332,-0.00160461768974,0.000416398979723,0.0000754385764594,-0.0000587784161326,-0.000161158110132,0.000278622232145,0.000422341719968,-0.000915309530683,-0.00025469562388,0.000170501283719],[0.0000961856057984,0.000536912528332,0.00289929145947,-0.000231515135965,-0.00107350491453,-0.000380750076147,0.00000511356074639,-0.000371143774828,0.00242304406129,-0.00217629829422,0.00163487566169,0.000140896663652,-0.000481678551296],[0.000181494266144,-0.00160461768974,-0.000231515135965,0.00551751628518,-0.000713041983545,-0.000396222458221,-0.000861631182488,0.00251408759505,-0.00192131835502,-0.000878463557456,0.000779644411523,0.0005371858133,-0.00171178474557],[-0.0000898064608919,0.000416398979723,-0.00107350491453,-0.000713041983545,0.00729997223243,-0.0033976084087,0.00188700377475,-0.000840441032778,-0.00245006801561,0.00190817180555,-0.000531320576556,-0.000104579448816,0.00175847508945],[-0.000247896125074,0.0000754385764594,-0.000380750076147,-0.000396222458221,-0.0033976084087,0.0149663146585,-0.00581179698929,-0.000939908553846,0.00241244351491,-0.00410672323778,0.000860820291564,-0.000275128579233,-0.00108213990461],[0.000234312086832,-0.0000587784161326,0.00000511356074639,-0.000861631182488,0.00188700377475,-0.00581179698929,0.011954982765,-0.00353296007961,-0.00223027146421,0.00186579627916,-0.000165666584508,-0.00200505950488,0.00140680768527],[-0.000371606118279,-0.000161158110132,-0.000371143774828,0.00251408759505,-0.000840441032778,-0.000939908553846,-0.00353296007961,0.0136904027313,-0.00469873240218,-0.000723895733245,0.000582583248615,-0.00265508610755,0.00194267171901],[0.000181150986464,0.000278622232145,0.00242304406129,-0.00192131835502,-0.00245006801561,0.00241244351491,-0.00223027146421,-0.00469873240218,0.0201432108879,-0.0081780385226,0.000892827461939,0.00220359186642,-0.00042882852722],[-0.000106839375803,0.000422341719968,-0.00217629829422,-0.000878463557456,0.00190817180555,-0.00410672323778,0.00186579627916,-0.000723895733245,-0.0081780385226,0.0203565992415,-0.00824002735317,-0.00116801052354,0.000763058662415],[0.000234335922869,-0.000915309530683,0.00163487566169,0.000779644411523,-0.000531320576556,0.000860820291564,-0.000165666584508,0.000582583248615,0.000892827461939,-0.00824002735317,0.025214869529,-0.00984911806881,0.00262019201182],[-0.0000982899000519,-0.00025469562388,0.000140896663652,0.0005371858133,-0.000104579448816,-0.000275128579233,-0.00200505950488,-0.00265508610755,0.00220359186642,-0.00116801052354,-0.00984911806881,0.0272771436721,-0.0101011060178],[0.0000776493543526,0.000170501283719,-0.000481678551296,-0.00171178474557,0.00175847508945,-0.00108213990461,0.00140680768527,0.00194267171901,-0.00042882852722,0.000763058662415,0.00262019201182,-0.0101011060178,0.0209230389446]],"mean":[-619.030761719,119.306022644,-21.8591003418,33.8809928894,7.82885456085,5.54283380508,5.29633188248,7.79292201996,1.86048650742,-1.13427889347,-0.729607343674,-1.55178928375,-3.73113250732]},"pitch_salience":{"dmean":0.0700320601463,"dmean2":0.11862154305,"dvar":0.00407285150141,"dvar2":0.011270201765,"max":0.934258520603,"mean":0.591464877129,"median":0.599652647972,"min":0.0717202052474,"var":0.00839063618332},"silence_rate_20dB":{"dmean":0,"dmean2":0,"dvar":0,"dvar2":0,"max":1,"mean":1,"median":1,"min":1,"var":0},"silence_rate_30dB":{"dmean":0,"dmean2":0,"dvar":0,"dvar2":0,"max":1,"mean":1,"median":1,"min":1,"var":0},"silence_rate_60dB":{"dmean":0.00394748151302,"dmean2":0.00789564009756,"dvar":0.00393180595711,"dvar2":0.00834771804512,"max":1,"mean":0.0338081344962,"median":0,"min":0,"var":0.0326654091477},"spectral_centroid":{"dmean":234.123916626,"dmean2":376.510070801,"dvar":62750.421875,"dvar2":147697.890625,"max":11685.6699219,"mean":1790.5670166,"median":1770.61938477,"min":159.671279907,"var":931853.8125},"spectral_complexity":{"dmean":3.79267144203,"dmean2":6.10435962677,"dvar":12.4885044098,"dvar2":30.4047164917,"max":57,"mean":27.7388019562,"median":30,"min":0,"var":117.897727966},"spectral_contrast_coeffs":{"dmean":[0.0536739006639,0.0452652126551,0.0377287603915,0.0293956343085,0.0212030876428,0.017441207543],"dmean2":[0.0899480730295,0.0751978680491,0.0614803098142,0.0479425340891,0.0344687066972,0.0279601980001],"dvar":[0.00213759625331,0.00133141817059,0.000897412013728,0.000550649594516,0.000306677189656,0.00027065485483],"dvar2":[0.00574993761256,0.00357954576612,0.00234852056019,0.00142899120692,0.000782371906098,0.000641430029646],"max":[-0.266907781363,-0.39599853754,-0.480030208826,-0.51646143198,-0.518768966198,-0.533607006073],"mean":[-0.640400350094,-0.749459445477,-0.767903983593,-0.782537341118,-0.776510238647,-0.735458374023],"median":[-0.645002305508,-0.755934000015,-0.771967887878,-0.784365534782,-0.781282067299,-0.737964868546],"min":[-0.984618365765,-0.987431406975,-0.976952135563,-0.971842586994,-0.966545581818,-0.964045464993],"var":[0.0061500496231,0.00490845087916,0.00359754287638,0.00238580373116,0.0018486167537,0.00218643876724]},"spectral_contrast_valleys":{"dmean":[0.398226886988,0.362985432148,0.287856131792,0.23782081902,0.190680369735,0.233763962984],"dmean2":[0.66574627161,0.607697248459,0.466121137142,0.385244727135,0.305276930332,0.326756000519],"dvar":[0.121668770909,0.107049010694,0.0606265254319,0.046871971339,0.0424883216619,0.104746393859],"dvar2":[0.310797899961,0.280494183302,0.144713208079,0.10386081785,0.0899961590767,0.189966961741],"max":[-5.13181495667,-4.80846309662,-5.38412809372,-5.59889507294,-5.5916633606,-7.61158275604],"mean":[-7.1786942482,-6.87572669983,-7.16548299789,-7.38788700104,-7.10232400894,-10.3452720642],"median":[-6.89781951904,-6.60915088654,-6.83561611176,-7.02633857727,-6.74924564362,-9.7800617218],"min":[-28.0846176147,-28.1400318146,-27.8602695465,-27.8336620331,-27.5357303619,-27.405248642],"var":[4.17010450363,4.1542429924,4.05324935913,3.94137334824,3.96215224266,3.99838066101]},"spectral_decrease":{"dmean":2.31588170863e-9,"dmean2":3.96574506567e-9,"dvar":1.08659834928e-17,"dvar2":2.96864401585e-17,"max":5.48242571419e-17,"mean":-6.53220810776e-9,"median":-5.96144111853e-9,"min":-2.73428995001e-8,"var":1.40198511149e-17},"spectral_energy":{"dmean":0.00906176213175,"dmean2":0.015465522185,"dvar":0.000162668933626,"dvar2":0.000443259166786,"max":0.106847308576,"mean":0.0269289556891,"median":0.0248598642647,"min":9.62663103366e-21,"var":0.000224986695684},"spectral_energyband_high":{"dmean":0.000257290375885,"dmean2":0.000396350835217,"dvar":3.47976339299e-7,"dvar2":6.14508792296e-7,"max":0.0155742764473,"mean":0.000761632807553,"median":0.000603391148616,"min":6.89236209286e-21,"var":9.69971779341e-7},"spectral_energyband_low":{"dmean":0.00512731540948,"dmean2":0.00892032217234,"dvar":0.0000910584058147,"dvar2":0.000256245781202,"max":0.0851192623377,"mean":0.00844075344503,"median":0.00610276730731,"min":1.19395872942e-23,"var":0.0000865902547957},"spectral_energyband_middle_high":{"dmean":0.00213363557123,"dmean2":0.00330065283924,"dvar":0.00000733151955501,"dvar2":0.0000168349361047,"max":0.0484305806458,"mean":0.00854901690036,"median":0.00738051254302,"min":1.18889381012e-21,"var":0.0000415030990553},"spectral_energyband_middle_low":{"dmean":0.00491996342316,"dmean2":0.00835586618632,"dvar":0.0000768273021095,"dvar2":0.000208968762308,"max":0.0938267111778,"mean":0.0106072081253,"median":0.00845796335489,"min":1.68912399017e-22,"var":0.0000820378772914},"spectral_entropy":{"dmean":0.0948067232966,"dmean2":0.146721929312,"dvar":0.0103573435917,"dvar2":0.0216658934951,"max":9.82196235657,"mean":7.73125648499,"median":7.78509759903,"min":4.23522281647,"var":0.138071089983},"spectral_flux":{"dmean":0.0246590729803,"dmean2":0.0380841381848,"dvar":0.00078316917643,"dvar2":0.0015843953006,"max":0.284605920315,"mean":0.0925378128886,"median":0.0864795446396,"min":6.43689129776e-11,"var":0.0019175701309},"spectral_kurtosis":{"dmean":1.44851243496,"dmean2":2.48166227341,"dvar":13.1976652145,"dvar2":40.0486030579,"max":341.550872803,"mean":4.57371282578,"median":4.04522037506,"min":-1.26796019077,"var":26.7127304077},"spectral_rms":{"dmean":0.000781438662671,"dmean2":0.00130759004969,"dvar":9.15831492421e-7,"dvar2":0.00000244438865593,"max":0.0102098621428,"mean":0.00490355258808,"median":0.00492478720844,"min":3.06460998072e-12,"var":0.00000222730159294},"spectral_rolloff":{"dmean":452.097869873,"dmean2":747.386352539,"dvar":432810.5625,"dvar2":904912.875,"max":21339.4042969,"mean":2060.71459961,"median":1851.85546875,"min":21.533203125,"var":4696258},"spectral_skewness":{"dmean":0.183508589864,"dmean2":0.305425196886,"dvar":0.0422450453043,"dvar2":0.11709241569,"max":16.1766929626,"mean":1.35869550705,"median":1.34913611412,"min":-0.0872495174408,"var":0.192495167255},"spectral_spread":{"dmean":350869.25,"dmean2":512230.59375,"dvar":301929824256,"dvar2":570900348928,"max":42757628,"mean":4103919.5,"median":3687930.5,"min":565687.1875,"var":11498189488100},"spectral_strongpeak":{"dmean":0.585443913937,"dmean2":1.02195417881,"dvar":1.20372521877,"dvar2":3.18079471588,"max":14.0230407715,"mean":0.817677021027,"median":0.37345713377,"min":0,"var":1.56921374798},"zerocrossingrate":{"dmean":0.0083376551047,"dmean2":0.010155595839,"dvar":0.000119302341773,"dvar2":0.000138953531859,"max":0.75439453125,"mean":0.0710927695036,"median":0.0654296875,"min":0.00390625,"var":0.00322484085336}},"metadata":{"audio_properties":{"analysis_sample_rate":44100,"bit_rate":0,"codec":"flac","downmix":"mix","equal_loudness":0,"length":270.57333374,"lossless":true,"md5_encoded":"38389ad5a3611418f50e0361331b92c5","replay_gain":-16.2769546509},"tags":{"acoustid_id":["b9ea8466-ab76-4878-a2e0-5c26f67f2f56"],"album":["Monitor This! June/July 2012"],"albumartist":["Various Artists"],"albumartistsort":["Various Artists"],"albumsort":["Monitor This! June/July 2012 (2012-06, Various Artists, 3ac2d3c5-073f-44c5-bd4f-349fbcf08a0f)"],"artist":["The Cult"],"artists":["The Cult"],"artistsort":["Cult, The"],"compilation":["1"],"date":["2012-06"],"discnumber":["1"],"disctotal":["1"],"file_name":"09 - The Cult - For the Animals.flac","label":["[no label]"],"media":["CD"],"musicbrainz_albumartistid":["89ad4ac3-39f7-470e-963a-56509c546377"],"musicbrainz_albumid":["3ac2d3c5-073f-44c5-bd4f-349fbcf08a0f"],"musicbrainz_artistid":["8846e4ff-0c19-4af2-872b-7a8dc7497f68"],"musicbrainz_recordingid":["1e734820-0652-4702-8cbb-32d5caa439b7"],"musicbrainz_releasegroupid":["bce8ff77-fc5a-4e00-9c15-e8d79b71fc2b"],"musicbrainz_releasetrackid":["f21f28d1-ef3d-3203-ba13-9285b718c407"],"originaldate":["2012-06"],"releasecountry":["CA"],"releasestatus":["promotion"],"releasetype":["album","compilation"],"replaygain_album_gain":["-9.87 dB"],"replaygain_album_peak":["1.00000000"],"replaygain_track_gain":["-10.78 dB"],"replaygain_track_peak":["0.97723389"],"script":["Latn"],"title":["For the Animals"],"totaldiscs":["1"],"totaltracks":["11"],"tracknumber":["9"],"tracktotal":["11"]},"version":{"essentia":"2.1-beta1","essentia_build_sha":"5a55991247aa8bc5301991e5ebe36927b56abb96","essentia_git_sha":"v2.1_beta1-6-g5578087","extractor":"music 1.0"}},"rhythm":{"beats_count":638,"beats_loudness":{"dmean":0.00781725905836,"dmean2":0.0135280648246,"dvar":0.0000550108416064,"dvar2":0.000149828993017,"max":0.0744821578264,"mean":0.0309985913336,"median":0.0314088091254,"min":0,"var":0.000119327982247},"beats_loudness_band_ra