{"lowlevel":{"average_loudness":0.845641195774,"barkbands":{"dmean":[0.0000588612274441,0.00253633107059,0.00125800364185,0.000921475817449,0.00170551601332,0.00140946242027,0.000995297334157,0.000472631567391,0.000598554790486,0.000649829220492,0.000288370618364,0.000320213352097,0.000395560520701,0.000472559768241,0.000513045757543,0.000279577478068,0.000208510740777,0.000154851775733,0.000214951200178,0.000114598915388,0.0000762242270866,0.0000547080489923,0.0000487744364364,0.0000527621959918,0.0000323272943206,0.0000206068943953,0.0000248642827501],"dmean2":[0.000100930679764,0.00433432171121,0.00217254762538,0.00163169880398,0.00282718450762,0.00212216610089,0.00150096404832,0.000740406685509,0.000940522644669,0.000986534636468,0.000454304739833,0.000487727724249,0.000618727644905,0.000722164171748,0.000817799707875,0.000435253110481,0.000324309890857,0.000249864009675,0.000350942485966,0.000177646812517,0.000111740955617,0.0000769246471464,0.0000688181462465,0.0000741430339986,0.0000440349867858,0.0000285545283987,0.0000359978184861],"dvar":[1.43361562621e-8,0.0000368808214262,0.00000898363759916,0.00000395422330257,0.0000134905330924,0.00000803004240879,0.00000584047438679,0.00000192877701011,0.00000354898475052,0.00000242420901486,8.97765971786e-7,0.00000107977291464,0.00000246370473178,0.00000268373969448,0.00000203508398045,5.52015478661e-7,3.15289071295e-7,2.11072858747e-7,1.52329391767e-7,5.95275260196e-8,6.54424141544e-8,2.40280222386e-8,2.85046439785e-8,3.09622336658e-8,4.64686511492e-9,1.88266136014e-9,6.0284746084e-9],"dvar2":[3.69331374372e-8,0.0000981157063507,0.0000245282644755,0.0000108771791929,0.0000351003109245,0.0000163604654517,0.0000124138186948,0.00000425621919931,0.00000913883741305,0.0000047940479817,0.00000210514190258,0.00000228112935474,0.00000505002572027,0.00000563917046748,0.00000477574258184,0.00000114700674203,6.62116008243e-7,4.46738596338e-7,4.19646994487e-7,1.43526278862e-7,1.58274190198e-7,4.42734311434e-8,5.61913182651e-8,6.45482103323e-8,9.21676779342e-9,3.50792328518e-9,1.21715055812e-8],"max":[0.00228139804676,0.0652848184109,0.0303791388869,0.0223011020571,0.0484742894769,0.0726519972086,0.0650995373726,0.0334556214511,0.037501681596,0.0416019633412,0.0536986738443,0.0403357371688,0.0921184048057,0.0905149132013,0.0444625243545,0.0180662944913,0.0161657594144,0.0262967217714,0.00999385118484,0.0108398543671,0.0148932579905,0.00615769345313,0.00577829871327,0.00932966545224,0.0028865239583,0.000771029095631,0.00184467784129],"mean":[0.0000683511752868,0.00292393215932,0.00149378413334,0.000969688291661,0.00239789672196,0.0028931281995,0.00199870648794,0.000771566003095,0.00105128425639,0.00131843413692,0.000527490919922,0.000594604643993,0.00062534911558,0.000737956026569,0.00109573313966,0.000489210477099,0.000375704083126,0.00030278423219,0.000443241384346,0.00025160194491,0.00014245089551,0.000100340155768,0.000080168923887,0.000088973880338,0.0000552877609152,0.0000267967625405,0.0000249696677201],"median":[0.0000244843504333,0.00122718373314,0.000535318278708,0.000325867498759,0.00111481465865,0.00100981851574,0.000420779892011,0.000163412216352,0.000167140300618,0.000251213699812,0.000105118728243,0.00012961984612,0.000160090683494,0.000161216157721,0.000209341553273,0.000168326980202,0.000134798974614,0.000157231799676,0.000254432554357,0.000132099419716,0.0000657235214021,0.0000411075561715,0.0000263356705545,0.0000325805813191,0.0000233684950217,0.000005515698831,4.09317493677e-7],"min":[1.85903306051e-25,2.43872818697e-24,1.4845025117e-24,7.52320868091e-25,5.6926044911e-24,6.27520469644e-24,5.41991696984e-24,5.5695307514e-24,1.77223518815e-23,1.14356637368e-23,1.26590355395e-23,2.742606519e-23,1.79657959345e-23,3.75583871387e-23,4.15741151312e-23,5.55039693014e-23,5.84535139152e-23,1.02393110512e-22,1.4088229041e-22,1.73247221246e-22,2.25041695203e-22,3.10963490988e-22,3.37507082727e-22,5.347961969e-22,8.56218872775e-22,1.22895845253e-21,1.94130444427e-21],"var":[1.75052843332e-8,0.0000327856105287,0.00000793148228695,0.00000363439721696,0.0000158307957463,0.000027569140002,0.0000196870769287,0.00000438248162027,0.00000746477917346,0.00000912520863494,0.00000496770007885,0.00000445290879725,0.00000505572097609,0.000005962745945,0.00000991222441371,0.00000142717158269,8.459350056e-7,4.17779119743e-7,3.62341097571e-7,1.61904750939e-7,9.52082643835e-8,6.21616678131e-8,5.460224628e-8,5.96018026044e-8,9.49386347315e-9,3.53238949202e-9,8.40258440604e-9]},"barkbands_crest":{"dmean":2.80391860008,"dmean2":4.58307743073,"dvar":6.70072507858,"dvar2":17.517747879,"max":25.849937439,"mean":9.70103740692,"median":8.85364437103,"min":2.6379430294,"var":17.0064258575},"barkbands_flatness_db":{"dmean":0.0220124348998,"dmean2":0.0326500236988,"dvar":0.000367244065274,"dvar2":0.000824432005174,"max":0.32865229249,"mean":0.118669517338,"median":0.114609502256,"min":0.0166674982756,"var":0.00184494501445},"barkbands_kurtosis":{"dmean":2.00286507607,"dmean2":3.13336062431,"dvar":11.8027648926,"dvar2":27.5327243805,"max":109.174240112,"mean":2.38587260246,"median":0.790956497192,"min":-1.84646821022,"var":25.010061264},"barkbands_skewness":{"dmean":0.49636298418,"dmean2":0.754489779472,"dvar":0.262715697289,"dvar2":0.576641559601,"max":9.59772205353,"mean":1.05272197723,"median":0.995045661926,"min":-3.26560330391,"var":1.34917366505},"barkbands_spread":{"dmean":5.76317882538,"dmean2":8.79622650146,"dvar":36.6713752747,"dvar2":81.4381027222,"max":128.889938354,"mean":23.8789710999,"median":22.5847167969,"min":1.24773788452,"var":129.612213135},"dissonance":{"dmean":0.0169205050915,"dmean2":0.0283426269889,"dvar":0.000249340839218,"dvar2":0.000683640188072,"max":0.500000178814,"mean":0.464265972376,"median":0.468902021646,"min":0.298987954855,"var":0.000575900601689},"dynamic_complexity":3.51006174088,"erbbands":{"dmean":[0.0475145019591,0.653864443302,1.45433104038,2.22669649124,5.73754167557,4.74967670441,6.00559473038,14.2336931229,17.5604343414,8.64435100555,10.0714502335,15.0596542358,18.6660041809,14.4848718643,12.8190898895,13.5006875992,16.8235054016,21.3466663361,29.0560836792,16.7945156097,13.4397640228,9.12127685547,8.75831413269,9.19337749481,10.2394752502,5.44063663483,3.64577269554,2.69455766678,1.94639885426,1.69023931026,1.34916138649,1.15152788162,0.835406839848,0.372611373663,0.238897100091,0.0976636558771,0.0344255827367,0.0176027305424,0.00448116846383,0.000262265675701],"dmean2":[0.0811613947153,1.11669671535,2.4693377018,3.90314936638,9.72943305969,7.88759660721,9.45898532867,21.6245059967,26.2819881439,13.1129207611,15.5749454498,23.7596874237,27.8739490509,21.8194847107,19.5092792511,20.1889076233,25.4594326019,32.175945282,45.1249809265,26.0380268097,20.5057983398,13.9696865082,13.8844633102,14.839928627,16.740650177,8.45474910736,5.46005678177,3.94600248337,2.67930316925,2.43189024925,1.89530265331,1.63443946838,1.19164526463,0.513761401176,0.333936721087,0.137871935964,0.0485728867352,0.0249943900853,0.00652538519353,0.000395645358367],"dvar":[0.00935300067067,2.58297204971,11.9854745865,21.3334770203,260.826446533,68.5906982422,107.517944336,979.126098633,1721.8104248,417.205078125,1125.64916992,2555.79003906,2590.57080078,1426.64294434,1828.5567627,1857.33544922,4816.12988281,4182.34375,6825.52001953,1502.16723633,1288.04504395,676.896240234,723.287597656,268.621398926,475.165802002,163.022125244,55.0060157776,195.539169312,31.4086074829,33.0237808228,20.9339103699,13.7906103134,10.7654695511,0.795333147049,0.226656168699,0.0345499962568,0.00609249109402,0.0023436951451,0.000209102989174,8.33233400499e-7],"dvar2":[0.0248329974711,6.83139467239,31.1783103943,60.0484848022,683.457641602,177.011688232,250.621765137,1995.78564453,3559.75732422,929.562194824,2420.46850586,6888.21826172,5237.67285156,3011.47558594,4017.5949707,3786.93847656,9685.00390625,8496.90527344,15628.2607422,3436.67700195,2641.96508789,1433.64038086,1515.26135254,691.483032227,1338.46008301,409.626403809,116.954170227,502.197967529,54.8463973999,66.5502853394,40.9529762268,28.486497879,25.0564289093,1.58087539673,0.445807248354,0.0658889338374,0.0115816416219,0.00461286306381,0.000426451209933,0.00000182165081242],"max":[1.13517737389,17.27917099,34.3400039673,48.4412384033,177.57875061,167.477035522,342.854949951,926.372131348,1155.65441895,491.481719971,881.092346191,1131.44030762,1514.75891113,1454.66845703,2449.57446289,1836.88842773,4955.66943359,3058.42822266,2856.81982422,948.021179199,1179.57983398,1045.05529785,1757.07373047,321.030151367,606.288146973,575.877624512,208.506591797,911.741699219,233.168914795,162.723373413,176.042114258,171.760879517,213.602600098,36.0601730347,19.9968013763,3.49736690521,1.37000930309,0.969706892967,0.368469566107,0.0236887745559],"mean":[0.0623032823205,0.727139234543,1.73687183857,2.60612368584,6.16325998306,7.22428035736,11.9413414001,28.2548809052,37.1844406128,15.725104332,17.8021125793,27.760017395,36.5295066833,32.2109985352,25.6616764069,27.0176773071,28.6456241608,37.2965927124,63.2012672424,35.3627891541,25.7522945404,18.557800293,18.4417724609,18.8331394196,21.3305244446,12.5750932693,7.60646915436,4.94092416763,3.60770368576,2.8837389946,2.22914266586,1.85760879517,1.40710568428,0.66468256712,0.377991318703,0.139668866992,0.0420413389802,0.018617965281,0.00448368908837,0.000268888135906],"median":[0.0346977710724,0.272046893835,0.617175638676,1.0521607399,1.82452988625,3.49665164948,5.23942947388,8.73063373566,7.92781162262,5.94714212418,4.15711069107,5.23180246353,6.40710496902,8.0493888855,6.55021858215,7.23621368408,9.16712188721,11.3385219574,12.7288665771,11.882191658,9.58910274506,7.41602945328,9.67674636841,10.5870580673,11.4530391693,6.71816396713,3.86002874374,2.28308701515,1.44340181351,0.923390328884,0.766120612621,0.620521843433,0.543397963047,0.280300289392,0.144677042961,0.040669683367,0.00625794799998,0.000850978423841,0.0000699998781784,0.0000346248161804],"min":[9.58238555467e-23,3.17007604404e-22,1.9942587457e-21,4.0108570225e-21,1.02710952037e-20,2.01307488321e-20,3.02442176615e-20,7.17201844859e-20,9.50140752115e-20,2.4466180137e-19,2.07648958627e-19,3.80482919247e-19,5.49563237645e-19,4.77753310525e-19,9.79347930858e-19,1.52961173878e-18,1.1246786014e-18,2.00803863282e-18,2.60137673377e-18,2.35161306333e-18,3.77303381729e-18,4.08238406354e-18,5.62068812639e-18,4.96725059765e-18,6.56673955606e-18,8.08113189535e-18,8.75441555494e-18,1.09333391558e-17,1.01407032599e-17,1.07002057447e-17,1.0867019123e-17,9.29855067831e-18,9.85327371352e-18,8.47405343966e-18,6.49379132501e-18,3.82105951006e-18,2.2927566812e-18,9.35762130021e-19,2.56330140338e-19,2.57928437458e-20],"var":[0.00918449275196,2.29623889923,11.4510011673,18.4379692078,242.228897095,111.044754028,426.271728516,3050.52319336,5995.53271484,951.090332031,2720.05908203,5388.43359375,8950.28613281,6813.60742188,9397.73925781,7867.28320312,9427.796875,10696.1513672,35640.4921875,5859.5703125,3524.71435547,1862.5690918,1578.66345215,593.70513916,1110.13366699,455.837524414,143.884033203,205.661834717,84.210319519,66.3633346558,40.3609275818,24.7975978851,17.8446884155,1.63490438461,0.455988198519,0.0679776594043,0.0108402231708,0.00358710368164,0.000288722134428,0.00000100110639778]},"erbbands_crest":{"dmean":2.9760453701,"dmean2":4.80843830109,"dvar":7.90974807739,"dvar2":18.7604961395,"max":32.9082565308,"mean":10.6584472656,"median":9.45703029633,"min":2.39879822731,"var":28.3803520203},"erbbands_flatness_db":{"dmean":0.0215973854065,"dmean2":0.0293444562703,"dvar":0.000375596428057,"dvar2":0.000671593996231,"max":0.353466063738,"mean":0.159547165036,"median":0.156196281314,"min":0.0417142622173,"var":0.00221854401752},"erbbands_kurtosis":{"dmean":0.901390552521,"dmean2":1.43338894844,"dvar":1.73649740219,"dvar2":4.00767612457,"max":34.3400039673,"mean":0.403454065323,"median":-0.20973443985,"min":-1.7107104063,"var":4.93815422058},"erbbands_skewness":{"dmean":0.372381716967,"dmean2":0.57221531868,"dvar":0.121650330722,"dvar2":0.275478810072,"max":5.04874515533,"mean":0.183073297143,"median":0.144107058644,"min":-3.97036862373,"var":0.614515066147},"erbbands_spread":{"dmean":7.20792770386,"dmean2":11.0187540054,"dvar":50.9863357544,"dvar2":115.453552246,"max":120.981773376,"mean":35.5552825928,"median":34.3237037659,"min":2.70287418365,"var":236.776260376},"gfcc":{"cov":[[29624.1367188,1428.51379395,-1806.88903809,443.541473389,-1008.51464844,231.60798645,-895.419433594,56.4804534912,-548.695678711,123.372116089,-220.195831299,-109.359146118,-189.506347656],[1428.51379395,1119.06555176,-205.27230835,222.672531128,-60.441192627,49.6548843384,-37.3097229004,43.4864082336,-66.3360977173,21.6169986725,72.6564178467,-87.1835403442,63.2058601379],[-1806.88903809,-205.27230835,1167.89855957,-52.4638061523,280.864654541,-59.862159729,107.196846008,-82.743812561,47.7259559631,-38.5576896667,-20.6156959534,8.98074436188,-89.9864120483],[443.541473389,222.672531128,-52.4638061523,415.411682129,-3.52737855911,38.0819129944,-68.0317153931,29.3051319122,9.75993347168,-27.816072464,14.2772016525,-10.0005474091,6.83369255066],[-1008.51464844,-60.441192627,280.864654541,-3.52737855911,285.705230713,38.9852256775,118.120628357,-12.8680400848,40.2650909424,-10.9712762833,-11.0217132568,-1.34856641293,-30.910692215],[231.60798645,49.6548843384,-59.862159729,38.0819129944,38.9852256775,188.751174927,54.495803833,29.1189041138,-8.32703304291,-0.85006248951,-19.4637641907,-36.2195739746,-4.1639456749],[-895.419433594,-37.3097229004,107.196846008,-68.0317153931,118.120628357,54.495803833,209.886642456,34.7883377075,37.9911994934,0.671670913696,2.87209177017,4.79411363602,-2.12417721748],[56.4804534912,43.4864082336,-82.743812561,29.3051319122,-12.8680400848,29.1189041138,34.7883377075,143.106262207,32.3971138,21.6890850067,-12.302028656,-1.70410215855,6.41926383972],[-548.695678711,-66.3360977173,47.7259559631,9.75993347168,40.2650909424,-8.32703304291,37.9911994934,32.3971138,119.727127075,19.1356506348,19.4505615234,2.62773633003,3.4071958065],[123.372116089,21.6169986725,-38.5576896667,-27.816072464,-10.9712762833,-0.85006248951,0.671670913696,21.6890850067,19.1356506348,111.086158752,47.2544250488,24.3140830994,-5.60204172134],[-220.195831299,72.6564178467,-20.6156959534,14.2772016525,-11.0217132568,-19.4637641907,2.87209177017,-12.302028656,19.4505615234,47.2544250488,138.341293335,41.73645401,16.7586841583],[-109.359146118,-87.1835403442,8.98074436188,-10.0005474091,-1.34856641293,-36.2195739746,4.79411363602,-1.70410215855,2.62773633003,24.3140830994,41.73645401,116.908226013,9.22050952911],[-189.506347656,63.2058601379,-89.9864120483,6.83369255066,-30.910692215,-4.1639456749,-2.12417721748,6.41926383972,3.4071958065,-5.60204172134,16.7586841583,9.22050952911,104.654846191]],"icov":[[0.000050796134019,-0.0000619370985078,0.0000389889792132,8.537401186e-7,0.0000882034437382,-0.0000900385784917,0.000145349724335,0.00000473307409266,0.0000867867711349,-0.0000664943654556,0.000125231905258,-0.0000804940791568,0.000168637896422],[-0.0000619370985078,0.00142873940058,0.0000108664462459,-0.000715296308044,-0.000144986770465,0.000273724028375,-0.000392240821384,-0.000464158918476,0.00112439680379,-0.000395590235712,-0.00116708700079,0.00158583279699,-0.000941019272432],[0.0000389889792132,0.0000108664462459,0.00133217615075,-0.00000187039813682,-0.00103486876469,0.000558864907362,-0.000131720575155,0.000549833639525,-0.000152005610289,0.000228693665122,0.000154553752509,-0.000052568702813,0.000886870315298],[8.537401186e-7,-0.000715296308044,-0.00000187039813682,0.00338699459098,-0.000558030966204,-0.00105371838436,0.0019310322823,-0.000853975536302,-0.00111654482316,0.00168226170354,-0.000489053898491,-0.000847033807077,0.000374947616365],[0.0000882034437382,-0.000144986770465,-0.00103486876469,-0.000558030966204,0.00635329633951,-0.00105814018752,-0.00260671135038,0.00124352809507,-0.00106480251998,-0.000216399668716,0.000876999285538,-0.000448064936791,0.00102123559918],[-0.0000900385784917,0.000273724028375,0.000558864907362,-0.00105371838436,-0.00105814018752,0.00730007467791,-0.00247865030542,-0.000646081462037,0.00147413625382,-0.000803700881079,0.000202137962333,0.00240193470381,-0.00014677704894],[0.000145349724335,-0.000392240821384,-0.000131720575155,0.0019310322823,-0.00260671135038,-0.00247865030542,0.00873533636332,-0.00224015978165,-0.00118255661801,0.00117781048175,-0.000601245847065,-0.00117447436787,0.00000821286357677],[0.00000473307409266,-0.000464158918476,0.000549833639525,-0.000853975536302,0.00124352809507,-0.000646081462037,-0.00224015978165,0.0095844976604,-0.00281229871325,-0.00214355415665,0.00270331068896,-0.000878915481735,0.000147015787661],[0.0000867867711349,0.00112439680379,-0.000152005610289,-0.00111654482316,-0.00106480251998,0.00147413625382,-0.00118255661801,-0.00281229871325,0.0117308851331,-0.00188905536197,-0.00200915383175,0.00221657101065,-0.0010436582379],[-0.0000664943654556,-0.000395590235712,0.000228693665122,0.00168226170354,-0.000216399668716,-0.000803700881079,0.00117781048175,-0.00214355415665,-0.00188905536197,0.0125924814492,-0.00408904952928,-0.0018217836041,0.00181565328967],[0.000125231905258,-0.00116708700079,0.000154553752509,-0.000489053898491,0.000876999285538,0.000202137962333,-0.000601245847065,0.00270331068896,-0.00200915383175,-0.00408904952928,0.0113421082497,-0.00378815107979,-0.000450460502179],[-0.0000804940791568,0.00158583279699,-0.000052568702813,-0.000847033807077,-0.000448064936791,0.00240193470381,-0.00117447436787,-0.000878915481735,0.00221657101065,-0.0018217836041,-0.00378815107979,0.0121853780001,-0.00173676048871],[0.000168637896422,-0.000941019272432,0.000886870315298,0.000374947616365,0.00102123559918,-0.00014677704894,0.00000821286357677,0.000147015787661,-0.0010436582379,0.00181565328967,-0.000450460502179,-0.00173676048871,0.0118102487177]],"mean":[-24.3167533875,78.5368804932,-122.723945618,31.1362781525,-52.588809967,7.38966798782,-39.5382461548,9.02328395844,-24.6951961517,6.11554813385,-7.79031610489,-2.2438480854,-4.56502103806]},"hfc":{"dmean":5.45866203308,"dmean2":7.26602554321,"dvar":57.5262565613,"dvar2":96.8664169312,"max":223.036148071,"mean":19.8264579773,"median":14.3277215958,"min":1.09276461679e-16,"var":351.017669678},"melbands":{"dmean":[0.000573836674448,0.000789704499766,0.000492916675285,0.000380130630219,0.000211286984268,0.000307305861497,0.000251003366429,0.0000923895131564,0.0000802688591648,0.0000985784863587,0.0000946637374,0.0000621828876319,0.0000395020433643,0.0000387658656109,0.0000365966079698,0.0000372677532141,0.0000445868936367,0.0000493204861414,0.000030281200452,0.0000233309165196,0.0000163982822414,0.0000105873423308,0.0000108876811282,0.00000655214626022,0.00000832801106299,0.00000907044704945,0.00000484144402435,0.00000392651918446,0.0000027060134471,0.0000019336182504,0.00000164037533068,0.00000121994082747,9.92139803202e-7,9.99072085506e-7,8.45679664963e-7,6.87581632519e-7,7.59299268793e-7,6.44138481221e-7,4.52847302768e-7,2.84003419893e-7],"dmean2":[0.000978680793196,0.00130835955497,0.000850585231092,0.000639344973024,0.000334777229,0.000463874748675,0.000374447146896,0.000140774878673,0.000124587677419,0.000155044559506,0.000140754738823,0.0000941876496654,0.0000613206866547,0.0000581154963584,0.0000558414321858,0.0000571113196202,0.0000678917131154,0.0000773340434534,0.0000478073197883,0.0000364124098269,0.0000251597521128,0.0000163553249877,0.0000173043372342,0.0000106604147732,0.0000135540931296,0.0000148501867443,0.00000772937073634,0.00000618743479208,0.00000420402102463,0.00000291672586172,0.00000247585444413,0.00000175744582975,0.00000142873943787,0.00000148200945205,0.00000121128414321,9.71730514721e-7,0.00000110845940071,9.41815017086e-7,6.58909300455e-7,3.96934893843e-7],"dvar":[0.00000170817577327,0.00000340956603395,0.00000111770680178,8.42986423777e-7,1.24891812447e-7,4.22735297434e-7,3.32072062292e-7,4.93020912984e-8,6.69730724212e-8,1.1194959626e-7,6.49012292797e-8,2.68238444789e-8,1.83070589799e-8,1.40625902034e-8,2.25607799109e-8,2.12842596881e-8,1.99928571476e-8,2.18301305921e-8,7.09470926452e-9,3.66948293973e-9,2.2671342581e-9,9.86581261131e-10,1.13397802259e-9,2.82499135196e-10,2.45060222115e-10,4.25430829454e-10,8.23133505801e-11,1.11801637392e-10,2.78311349661e-11,3.29583339786e-11,7.34042618356e-11,1.26148284527e-11,9.41781635316e-12,1.32785050316e-11,9.10055971554e-12,4.43678557435e-12,6.61011132982e-12,7.58715399535e-12,1.6680092637e-12,4.55666700119e-13],"dvar2":[0.0000045278043217,0.00000854651989357,0.00000301670547742,0.00000221766163122,2.99060644693e-7,8.62334616158e-7,6.92061860263e-7,1.11560176208e-7,1.47386998606e-7,2.97272777061e-7,1.29508933355e-7,5.70075826545e-8,4.34253379922e-8,2.6961009425e-8,5.01436154821e-8,3.98795236833e-8,4.12136458294e-8,4.83416862096e-8,1.67377329774e-8,7.70544339446e-9,4.86413043177e-9,2.02081884559e-9,2.34276065214e-9,7.35834893018e-10,6.39517383494e-10,1.22968257799e-9,2.02982880504e-10,2.88431639683e-10,6.18782108885e-11,7.44554903842e-11,1.93992724662e-10,2.41577157584e-11,1.82664473825e-11,2.87550452199e-11,1.84706451523e-11,8.618696902e-12,1.4941164625e-11,1.82135504595e-11,3.44253445195e-12,9.11156241602e-13],"max":[0.0141264330596,0.0184105522931,0.0102730719373,0.0101891905069,0.0133890351281,0.0178297329694,0.0153050106019,0.00508471904323,0.00732523668557,0.00741548137739,0.00771442381665,0.00613961648196,0.0084894252941,0.00571826146916,0.00701822526753,0.007434502244,0.00714301690459,0.00522065488622,0.00249892286956,0.00163267692551,0.00168635509908,0.00102968339343,0.00161499995738,0.000854704412632,0.000333284086082,0.000673934642691,0.000238927779719,0.000522894377355,0.00015071722737,0.000281926622847,0.000543083122466,0.000156353737111,0.000119550095405,0.000113088332,0.000113779606181,0.0000897420177353,0.000125200051116,0.000173739841557,0.0000734823333914,0.0000310032373818],"mean":[0.000701584445778,0.000976785086095,0.000572388642468,0.000480970105855,0.000412858789787,0.000623538915534,0.00053487776313,0.000157891859999,0.000137670780532,0.000177193651325,0.000180390314199,0.000132892237161,0.0000762014678912,0.0000763671705499,0.000061807113525,0.000059369544033,0.0000706044011167,0.000100330849818,0.0000626728869975,0.0000408969826822,0.0000281076099782,0.0000184556138265,0.000020923145712,0.0000128736346596,0.0000150833320731,0.000017415955881,0.0000101086834547,0.00000816200827103,0.0000052182804211,0.00000336222751685,0.00000277779622593,0.00000214402029997,0.00000166994641404,0.00000156597059231,0.00000133660955726,0.00000107912956082,0.00000115959210234,0.00000104264006495,7.66148673392e-7,4.87013437578e-7],"median":[0.000333284668159,0.000356597622158,0.000214951200178,0.000201460527023,0.000190349266632,0.000195167638594,0.000112188579806,0.0000521274268976,0.0000286692920781,0.0000279011892417,0.000028645283237,0.0000275993988907,0.0000159527098731,0.0000180395309144,0.0000167900361703,0.0000157478407345,0.00001672862345,0.0000171096507984,0.0000140894171636,0.0000143861971083,0.00000895653829502,0.00000613099655311,0.00000893008473213,0.00000675893625157,0.00000775341504777,0.00000880775678525,0.00000538635231351,0.00000408302867072,0.00000265543417299,0.0000013573094293,0.00000130559976697,8.95865355233e-7,4.99897112149e-7,4.75329301253e-7,4.37291561184e-7,3.45704307847e-7,3.71032029989e-7,3.84798994446e-7,3.09399752041e-7,2.00709820319e-7],"min":[1.3536780164e-24,1.17681638752e-24,1.07575019075e-24,1.6733181443e-24,8.76140475775e-25,1.85483661632e-24,1.56710906747e-24,2.50032205201e-24,1.80592112652e-24,2.63125698785e-24,2.29934711463e-24,1.69163411402e-24,1.84905959069e-24,2.26987724337e-24,2.23038134443e-24,2.10721254699e-24,2.79867950156e-24,3.31659015445e-24,3.14940508787e-24,2.89394688043e-24,4.14756952669e-24,3.16908243429e-24,3.95906332478e-24,4.1852037139e-24,3.01758781111e-24,4.52675721446e-24,3.78411409196e-24,5.23352333743e-24,5.07085114687e-24,4.99515915415e-24,5.18767671377e-24,3.24340595055e-24,4.99391196506e-24,5.81665129072e-24,4.9579698845e-24,5.19612107533e-24,4.99233818756e-24,6.16463282437e-24,6.17030986187e-24,6.1018690786e-24],"var":[0.00000156151884312,0.00000353043810719,0.00000105613275991,8.32397290651e-7,4.60236179833e-7,0.00000141600241932,0.00000121869618397,1.03155016973e-7,1.52984142687e-7,2.35947936744e-7,2.26077375487e-7,1.25715047261e-7,1.01182429546e-7,7.29977500669e-8,3.79627920211e-8,5.10589686087e-8,4.73376253751e-8,9.47667970763e-8,2.73812741369e-8,9.71340252676e-9,5.51976864216e-9,2.32989783022e-9,2.93488211511e-9,5.57711932192e-10,4.7464604469e-10,9.50213241424e-10,2.31379193583e-10,2.58278148868e-10,6.6124009046e-11,5.74115407992e-11,7.30432173079e-11,3.04622403691e-11,2.21278950024e-11,2.30283604685e-11,1.65500096266e-11,8.16648918628e-12,1.04251668062e-11,1.13619183506e-11,3.39110727346e-12,8.65126438369e-13]},"melbands_crest":{"dmean":3.27237033844,"dmean2":5.35226392746,"dvar":8.78671741486,"dvar2":21.7678585052,"max":34.19556427,"mean":12.5570058823,"median":11.7707023621,"min":1.59417021275,"var":24.8748512268},"melbands_flatness_db":{"dmean":0.0238583367318,"dmean2":0.0364511758089,"dvar":0.000556238228455,"dvar2":0.0012318684021,"max":0.405956566334,"mean":0.171912774444,"median":0.167921811342,"min":0.00346029992215,"var":0.00321261864156},"melbands_kurtosis":{"dmean":4.73039531708,"dmean2":7.48339033127,"dvar":75.8383712769,"dvar2":182.796203613,"max":200.142990112,"mean":8.02404880524,"median":4.16702127457,"min":-1.87509429455,"var":143.977630615},"melbands_skewness":{"dmean":0.643954098225,"dmean2":0.98573166132,"dvar":0.504249930382,"dvar2":1.13972663879,"max":11.6785259247,"mean":1.97715103626,"median":1.82748401165,"min":-1.73722290993,"var":2.02870965004},"melbands_spread":{"dmean":7.92937517166,"dmean2":12.4286689758,"dvar":97.9882354736,"dvar2":214.764785767,"max":238.055038452,"mean":30.4594669342,"median":26.1203632355,"min":1.08291614056,"var":504.998474121},"mfcc":{"cov":[[9755.62890625,1142.82678223,96.5384521484,114.241348267,136.491012573,60.3564834595,-7.06144952774,-114.300468445,-61.6729736328,81.5857315063,-93.575050354,-76.8424072266,-36.3366279602],[1142.82678223,980.10949707,55.6931190491,125.212905884,44.7743225098,1.81920206547,118.361167908,-55.1082191467,-5.25127649307,18.8161754608,38.3305969238,-20.9948558807,-23.9685707092],[96.5384521484,55.6931190491,506.239227295,109.535469055,112.128303528,34.7522125244,1.80967473984,1.21925961971,-20.6242179871,-27.8105258942,15.406255722,11.1512622833,-48.6176071167],[114.241348267,125.212905884,109.535469055,286.003601074,99.3440475464,14.9570894241,-3.57386612892,21.5351142883,-3.94888186455,-23.0580310822,9.98961257935,28.9975643158,-2.03245997429],[136.491012573,44.7743225098,112.128303528,99.3440475464,173.929077148,43.6431694031,10.1700029373,16.2342166901,4.97658777237,5.31963396072,5.39189338684,-1.61304914951,-10.9396028519],[60.3564834595,1.81920206547,34.7522125244,14.9570894241,43.6431694031,156.73878479,52.3271408081,33.4088058472,6.28893566132,14.0448026657,6.39704608917,-10.0960645676,-3.79764008522],[-7.06144952774,118.361167908,1.80967473984,-3.57386612892,10.1700029373,52.3271408081,144.680679321,28.5906600952,22.0140533447,10.8116846085,22.9216365814,8.70045375824,-9.20526027679],[-114.300468445,-55.1082191467,1.21925961971,21.5351142883,16.2342166901,33.4088058472,28.5906600952,129.871383667,45.5339164734,18.8912906647,5.95607948303,7.83808946609,8.42568492889],[-61.6729736328,-5.25127649307,-20.6242179871,-3.94888186455,4.97658777237,6.28893566132,22.0140533447,45.5339164734,119.159866333,58.9907684326,-10.129450798,-21.4665355682,-4.70375585556],[81.5857315063,18.8161754608,-27.8105258942,-23.0580310822,5.31963396072,14.0448026657,10.8116846085,18.8912906647,58.9907684326,118.035820007,32.3744468689,-19.9014987946,-7.98820734024],[-93.575050354,38.3305969238,15.406255722,9.98961257935,5.39189338684,6.39704608917,22.9216365814,5.95607948303,-10.129450798,32.3744468689,108.881576538,40.1968460083,-6.84654092789],[-76.8424072266,-20.9948558807,11.1512622833,28.9975643158,-1.61304914951,-10.0960645676,8.70045375824,7.83808946609,-21.4665355682,-19.9014987946,40.1968460083,111.410598755,48.7961349487],[-36.3366279602,-23.9685707092,-48.6176071167,-2.03245997429,-10.9396028519,-3.79764008522,-9.20526027679,8.42568492889,-4.70375585556,-7.98820734024,-6.84654092789,48.7961349487,112.31741333]],"icov":[[0.000129126186948,-0.000177416528459,0.00000122875223951,0.0000439220311819,-0.0000719354429748,-0.0000844406677061,0.000149270519614,-0.00000377185415346,0.000155662623001,-0.00021823226416,0.000270643678959,-0.000110398577817,0.0000633538729744],[-0.000177416528459,0.00163470127154,-0.000064065643528,-0.000866288144607,0.000133581663249,0.000580430380069,-0.00172800861765,0.000904723419808,-0.00000475625483887,-0.0000405106366088,-0.000740859482903,0.000978735624813,-0.000402267003665],[0.00000122875223951,-0.000064065643528,0.00254489970393,-0.00034776472603,-0.00130408571567,-0.000341097533237,0.000307916750899,0.0000483778494527,0.0000515891733812,0.000594496086705,-0.00013955772738,-0.000647895038128,0.00128248508554],[0.0000439220311819,-0.000866288144607,-0.00034776472603,0.00523999892175,-0.00253151962534,-0.000148811523104,0.00140276330058,-0.00107985758223,-0.000518363609444,0.00122660025954,0.0000428662278864,-0.00166512082797,0.000509558594786],[-0.0000719354429748,0.000133581663249,-0.00130408571567,-0.00253151962534,0.00850396696478,-0.00163245608564,-0.000135654059704,-0.0000864104149514,-0.0000343073006661,-0.000809814839158,-0.0000173473727045,0.000699739262927,-0.000200705137104],[-0.0000844406677061,0.000580430380069,-0.000341097533237,-0.000148811523104,-0.00163245608564,0.00854823924601,-0.00347039802,-0.00146062811837,0.00152299785987,-0.00103224639315,-0.0000895432895049,0.00177835277282,-0.000886311405338],[0.000149270519614,-0.00172800861765,0.000307916750899,0.00140276330058,-0.000135654059704,-0.00347039802,0.0105680115521,-0.00163334829267,-0.00210618856363,0.00132954306901,-0.0010772200767,-0.00210455595516,0.00155131786596],[-0.00000377185415346,0.000904723419808,0.0000483778494527,-0.00107985758223,-0.0000864104149514,-0.00146062811837,-0.00163334829267,0.0104434611276,-0.00394943356514,0.000384108396247,-0.000767982448451,-0.000356338248821,-0.000811937788967],[0.000155662623001,-0.00000475625483887,0.0000515891733812,-0.000518363609444,-0.0000343073006661,0.00152299785987,-0.00210618856363,-0.00394943356514,0.01470337715,-0.0079689770937,0.00430720765144,0.00053422752535,0.000313562224619],[-0.00021823226416,-0.0000405106366088,0.000594496086705,0.00122660025954,-0.000809814839158,-0.00103224639315,0.00132954306901,0.000384108396247,-0.0079689770937,0.0154973510653,-0.0072979493998,0.00355456955731,-0.00105401815381],[0.000270643678959,-0.000740859482903,-0.00013955772738,0.0000428662278864,-0.0000173473727045,-0.0000895432895049,-0.0010772200767,-0.000767982448451,0.00430720765144,-0.0072979493998,0.0155542176217,-0.00753404665738,0.00371706765145],[-0.000110398577817,0.000978735624813,-0.000647895038128,-0.00166512082797,0.000699739262927,0.00177835277282,-0.00210455595516,-0.000356338248821,0.00053422752535,0.00355456955731,-0.00753404665738,0.0167313609272,-0.007607890293],[0.0000633538729744,-0.000402267003665,0.00128248508554,0.000509558594786,-0.000200705137104,-0.000886311405338,0.00155131786596,-0.000811937788967,0.000313562224619,-0.00105401815381,0.00371706765145,-0.007607890293,0.0130108688027]],"mean":[-655.125915527,108.474845886,-9.57354736328,24.3330116272,6.55057096481,-0.695795536041,2.15938806534,-4.77629995346,-4.50869750977,3.67420721054,-2.04601407051,-2.54895925522,-1.00862693787]},"pitch_salience":{"dmean":0.0737120956182,"dmean2":0.122334800661,"dvar":0.00502178352326,"dvar2":0.0139760132879,"max":0.903671324253,"mean":0.533701777458,"median":0.537026107311,"min":0.108808293939,"var":0.0121340965852},"silence_rate_20dB":{"dmean":0,"dmean2":0,"dvar":0,"dvar2":0,"max":1,"mean":1,"median":1,"min":1,"var":0},"silence_rate_30dB":{"dmean":0.00104220944922,"dmean2":0.00208469061181,"dvar":0.00104106462095,"dvar2":0.00260139326565,"max":1,"mean":0.999088168144,"median":1,"min":0,"var":0.000911005190574},"silence_rate_60dB":{"dmean":0.0203230846673,"dmean2":0.0406514666975,"dvar":0.0199090838432,"dvar2":0.0491580553353,"max":1,"mean":0.0950892269611,"median":0,"min":0,"var":0.0860473811626},"spectral_centroid":{"dmean":263.986358643,"dmean2":414.564575195,"dvar":78898.6875,"dvar2":169795.09375,"max":11806.3964844,"mean":1708.9342041,"median":1519.19946289,"min":325.800537109,"var":1818352.375},"spectral_complexity":{"dmean":3.17248558998,"dmean2":4.57016277313,"dvar":12.5643863678,"dvar2":19.4571304321,"max":55,"mean":17.3002471924,"median":16,"min":0,"var":87.8952713013},"spectral_contrast_coeffs":{"dmean":[0.0503877177835,0.0488411411643,0.0409005843103,0.032876778394,0.0230897944421,0.0210881717503],"dmean2":[0.0815257281065,0.0778411850333,0.0647027119994,0.0530444830656,0.037714831531,0.0330714099109],"dvar":[0.00198300881311,0.00167117780074,0.00109694653656,0.000736969930585,0.000360477395589,0.00036204062053],"dvar2":[0.00493670487776,0.00408978899941,0.0026425535325,0.00179140095133,0.000918276200537,0.000836057588458],"max":[-0.298385232687,-0.369660794735,-0.468236863613,-0.504544615746,-0.567706525326,-0.560161411762],"mean":[-0.674021184444,-0.688767910004,-0.73443287611,-0.752904057503,-0.771571874619,-0.773719012737],"median":[-0.681578040123,-0.6964199543,-0.740567624569,-0.756893396378,-0.773463308811,-0.776831746101],"min":[-0.980837345123,-0.984368085861,-0.977755248547,-0.974117457867,-0.967421591282,-0.966017663479],"var":[0.00860814470798,0.00990858953446,0.00685844477266,0.00420838687569,0.00249914499,0.00212650513276]},"spectral_contrast_valleys":{"dmean":[0.439590722322,0.376861959696,0.328852564096,0.266810685396,0.217536434531,0.374029219151],"dmean2":[0.672166705132,0.611980855465,0.522972762585,0.408478528261,0.312295734882,0.475137650967],"dvar":[0.192445456982,0.120964661241,0.0970513224602,0.0740213692188,0.0636537820101,0.155482828617],"dvar2":[0.373390734196,0.270102232695,0.206124767661,0.135586306453,0.103041626513,0.271500557661],"max":[-5.39353275299,-5.02836561203,-5.57494401932,-5.83045959473,-5.71779060364,-7.69931173325],"mean":[-7.83028936386,-7.45189428329,-8.0124578476,-8.076587677,-7.87974834442,-10.4709758759],"median":[-7.22614479065,-6.99830293655,-7.59682369232,-7.67272472382,-7.46622228622,-10.0584373474],"min":[-28.106798172,-28.064207077,-27.984960556,-27.8083992004,-27.5594387054,-27.4573669434],"var":[7.90598917007,7.69676113129,7.17236566544,7.11208438873,7.19814920425,5.98614788055]},"spectral_decrease":{"dmean":1.83552584243e-9,"dmean2":2.73587752453e-9,"dvar":6.2999527154e-18,"dvar2":1.3735932123e-17,"max":6.25703820798e-22,"mean":-5.31264765513e-9,"median":-4.36228297929e-9,"min":-3.19755706357e-8,"var":1.86731126375e-17},"spectral_energy":{"dmean":0.0072684683837,"dmean2":0.0107308262959,"dvar":0.000094832816103,"dvar2":0.000202785508009,"max":0.140913128853,"mean":0.0218493938446,"median":0.018079906702,"min":1.01547478885e-20,"var":0.000306175817968},"spectral_energyband_high":{"dmean":0.000312283082167,"dmean2":0.000415944406996,"dvar":4.84780343868e-7,"dvar2":8.67646463121e-7,"max":0.0203414987773,"mean":0.000656854885165,"median":0.000324913533404,"min":6.83029608193e-21,"var":0.0000012893068515},"spectral_energyband_low":{"dmean":0.00348809338175,"dmean2":0.00557494862005,"dvar":0.0000557597159059,"dvar2":0.000132747984026,"max":0.0795247703791,"mean":0.00489045539871,"median":0.00219786097296,"min":1.95485901206e-23,"var":0.0000664811450406},"spectral_energyband_middle_high":{"dmean":0.00182079838123,"dmean2":0.00262049259618,"dvar":0.0000091998363132,"dvar2":0.0000171151586983,"max":0.128680616617,"mean":0.00635953247547,"median":0.00317779742181,"min":1.1848340416e-21,"var":0.0000699317461113},"spectral_energyband_middle_low":{"dmean":0.00451098429039,"dmean2":0.00710408343002,"dvar":0.0000445047080575,"dvar2":0.000110867644253,"max":0.0826552510262,"mean":0.0106053184718,"median":0.00777971558273,"min":1.564710528e-22,"var":0.000109081644041},"spectral_entropy":{"dmean":0.154228284955,"dmean2":0.219205245376,"dvar":0.0219932422042,"dvar2":0.0437960661948,"max":9.82887649536,"mean":7.59336805344,"median":7.5796713829,"min":5.94165658951,"var":0.205560654402},"spectral_flux":{"dmean":0.0237678494304,"dmean2":0.0364839211106,"dvar":0.000750051927753,"dvar2":0.00162822683342,"max":0.337377011776,"mean":0.0770670026541,"median":0.0674586594105,"min":6.24413992734e-11,"var":0.00204436597414},"spectral_kurtosis":{"dmean":1.1579631567,"dmean2":1.93417751789,"dvar":1.23514425755,"dvar2":3.58944368362,"max":17.3916835785,"mean":4.257396698,"median":4.03232622147,"min":-1.26657533646,"var":3.63567972183},"spectral_rms":{"dmean":0.000720292679034,"dmean2":0.00103832618333,"dvar":6.91874106451e-7,"dvar2":0.00000138632606195,"max":0.0117250252515,"mean":0.00419954722747,"median":0.00419987319037,"min":3.14755014587e-12,"var":0.00000368029736819},"spectral_rolloff":{"dmean":488.358673096,"dmean2":812.701599121,"dvar":573099.625,"dvar2":1226534,"max":19530.6152344,"mean":2000.40429688,"median":1636.5234375,"min":64.599609375,"var":6398945.5},"spectral_skewness":{"dmean":0.170366927981,"dmean2":0.272042244673,"dvar":0.021424734965,"dvar2":0.0546787902713,"max":2.92260360718,"mean":1.47669458389,"median":1.49064218998,"min":-0.087992541492,"var":0.127242445946},"spectral_spread":{"dmean":591292.125,"dmean2":852195.625,"dvar":725114880000,"dvar2":1549880655870,"max":46290084,"mean":5047489,"median":4262010,"min":2032335.625,"var":23040878444500},"spectral_strongpeak":{"dmean":0.750113487244,"dmean2":1.25673043728,"dvar":1.45118832588,"dvar2":3.73854136467,"max":17.5446033478,"mean":1.45728075504,"median":0.817627489567,"min":0,"var":3.39368009567},"zerocrossingrate":{"dmean":0.0107224676758,"dmean2":0.012742199935,"dvar":0.000157190675964,"dvar2":0.000211723643588,"max":0.533203125,"mean":0.0761941373348,"median":0.0654296875,"min":0.00927734375,"var":0.00416469806805}},"metadata":{"audio_properties":{"analysis_sample_rate":44100,"bit_rate":128000,"codec":"mp3","downmix":"mix","equal_loudness":0,"length":178.233474731,"lossless":false,"md5_encoded":"52361c7126dcdf5387403e340c223727","replay_gain":-7.23827362061,"sample_rate":44100},"tags":{"album":["Diana Ross presents The Jackson 5"],"artist":["The Jackson 5"],"bpm":["84"],"composer":["Thomas Bell/William Hart"],"date":["1969"],"discnumber":["1/1"],"encodedby":["iTunes v7.1.1.5"],"file_name":"copy1177985092014778253.mp3","genre":["R&B"],"initialkey":["C"],"musicbrainz_recordingid":["1eb42e2e-c5b3-4ec6-b657-48e2ca9fab54"],"musicip_puid":["62da2464-32d1-6bc7-baa2-bf71b5540e43"],"title":["Can You Remember"],"tracknumber":["4/12"]},"version":{"essentia":"2.1-beta2","essentia_build_sha":"cead25079874084f62182a551b7393616cd33d87","essentia_git_sha":"v2.1_beta2-1-ge3940c0","extractor":"music 1.0"}},"rhythm":{"beats_count":493,"beats_loudness":{"dmean":0.014989528805,"dmean2":0.0264045521617,"dvar":0.000158717579325,"dvar2":0.000471974432003,"max":0.0940701365471,"mean":0.0270069222897,"median":0.0258153174073,"min":0,"var":0.000290135591058},"beats_loudness_band_ratio":{"dmean":[0.174597620964,0.140756055713,0.14933180809,0.106936246157,0.0870179533958,0.0636076554656],"dmean2":[0.288893163204,0.239598616958,0.255753427744,0.17686188221,0.145395055413,0.107994683087],"dvar":[0.02044496499,0.019708737731,0.0182274840772,0.0135206971318,0.00632844213396,0.00483683636412],"dvar2":[0.0527540259063,0.0531710349023,0.0488158203661,0.0347383953631,0.0151273775846,0.0112677980214],"max":[0.885260164738,0.898101270199,0.806813895702,0.828774511814,0.721984565258,0.727570474148],"mean":[0.293187767267,0.212735489011,0.188489854336,0.139728397131,0.136199325323,0.0876110717654],"median":[0.2659905254