{"lowlevel":{"average_loudness":0.936389505863,"barkbands":{"dmean":[0.000132494024001,0.00275594345294,0.00335325859487,0.00181441800669,0.000986714614555,0.000769378500991,0.000670657376759,0.000780622242019,0.000723769247998,0.00049203587696,0.00038240783033,0.00065052555874,0.00048944237642,0.000477107038023,0.000608989386819,0.000397172028897,0.000369850924471,0.000204559473787,0.000238236782025,0.000197811910766,0.000208399578696,0.000211308681173,0.000171643710928,0.000111295019451,0.0000641574661131,0.0000251054370892,0.00000429193823948],"dmean2":[0.000228599732509,0.00478223338723,0.0055251121521,0.00305084441788,0.00162920949515,0.00125516508706,0.00105371628888,0.0011901477119,0.00112781103235,0.000789793557487,0.000628872017842,0.0010600052774,0.00078557478264,0.000770631013438,0.000996100832708,0.000641576712951,0.000612852803897,0.000338402227499,0.000393406255171,0.000324132590322,0.000327392481267,0.000331679097144,0.000262928777374,0.000167852005688,0.0000944631246966,0.000036605677451,0.00000681154688209],"dvar":[7.57815001862e-8,0.0000262236917479,0.000040390437789,0.00000824104245112,0.00000229698912335,0.00000244774787461,0.00000232981096815,0.00000160680724548,0.00000146181525906,6.59643035306e-7,5.47698505216e-7,0.00000130712555801,6.48769173495e-7,7.57284624342e-7,9.93245635073e-7,6.09137373431e-7,2.83197209683e-7,1.35356401643e-7,1.37041809012e-7,1.10341005666e-7,1.58493833169e-7,2.02909816949e-7,3.00057791947e-7,3.55640423777e-7,9.52123784259e-8,4.5584278574e-9,1.44076098274e-10],"dvar2":[2.13596734966e-7,0.000070966380008,0.000113401183626,0.0000219514822675,0.00000610628649156,0.00000637025459582,0.0000057976340031,0.000003980927886,0.0000035716182083,0.00000164610025877,0.00000137609015383,0.00000346597380485,0.00000160965862506,0.00000189711340681,0.00000264643608716,0.00000153838618644,7.43800455894e-7,3.48225739799e-7,3.63815587434e-7,2.72198690254e-7,3.5947601873e-7,4.86579722292e-7,6.56308031921e-7,8.08538459296e-7,2.03235160257e-7,1.07330677679e-8,3.65494606802e-10],"max":[0.00967258121818,0.143870443106,0.114204414189,0.0440771207213,0.0299228914082,0.0331925936043,0.0431823097169,0.021773179993,0.0263643711805,0.0172196812928,0.0242176540196,0.0219715125859,0.0177891198546,0.0323005244136,0.0229660328478,0.0278001334518,0.012318123132,0.0133678186685,0.012319020927,0.0110422875732,0.0150169664994,0.0157943684608,0.0157309174538,0.0249621123075,0.0139659838751,0.00248258560896,0.000281048822217],"mean":[0.00024183212372,0.00417066831142,0.00639612786472,0.00324554555118,0.00201931409538,0.0013175373897,0.00114643760026,0.00143315049354,0.00149150611833,0.000852965225931,0.000657707918435,0.00122361688409,0.00091286667157,0.000876538397279,0.00108720245771,0.000776942819357,0.000778763613198,0.000424093595939,0.00056487362599,0.000495401443914,0.000541294633877,0.00054424389964,0.000347200169927,0.000207538920222,0.00013020534243,0.0000513690210937,0.00000574262048758],"median":[0.0000816894098534,0.0022620386444,0.00413350900635,0.00192207202781,0.00136923813261,0.000756006804295,0.00052224623505,0.000839798420202,0.000803268514574,0.000498455658089,0.000309254566673,0.000644489715341,0.000500472669955,0.00048683109344,0.000629134417977,0.000377705757273,0.00058372534113,0.000303892767988,0.000446482794359,0.000365008483641,0.000357676646672,0.000338682992151,0.000163066724781,0.0000848566560308,0.0000583986111451,0.0000230006335187,0.00000196577616407],"min":[9.03706623423e-11,7.43180128548e-10,5.71452107856e-10,3.32298938366e-10,2.64706895292e-10,3.66617083913e-11,1.64987495888e-10,2.56115767483e-10,1.03514218031e-10,5.48514948739e-11,1.29231153556e-10,5.4058490323e-11,5.32808797082e-11,1.45262149531e-10,2.24046600716e-10,7.6141565275e-11,2.65927627141e-11,3.95781393769e-11,1.84132806225e-10,1.17986995174e-10,1.12541712061e-10,4.30088083203e-11,2.19841748972e-11,1.32587048979e-11,1.53460525537e-11,1.45389464357e-11,1.1433751515e-11],"var":[2.07905344496e-7,0.0000362696846423,0.0000562568675377,0.0000153997243615,0.00000458873319076,0.0000034614931792,0.00000354658232027,0.00000304772902382,0.0000039945152821,0.00000143309603118,0.00000130155513034,0.00000315417855745,0.00000156076396252,0.00000141534655995,0.00000189176523691,0.00000166577046912,5.41489555417e-7,2.45324315529e-7,2.81261861801e-7,2.76495541129e-7,4.29265952562e-7,4.47929863867e-7,5.02275838699e-7,5.22111804457e-7,1.49505353875e-7,7.35944238883e-9,1.40888078981e-10]},"barkbands_crest":{"dmean":1.98319125175,"dmean2":3.32568693161,"dvar":3.37530183792,"dvar2":9.52737522125,"max":25.4472312927,"mean":7.7696185112,"median":7.08949184418,"min":2.15457820892,"var":11.1811008453},"barkbands_flatness_db":{"dmean":0.0137493899092,"dmean2":0.022179517895,"dvar":0.000193146377569,"dvar2":0.000505482836161,"max":0.478113174438,"mean":0.0874134898186,"median":0.0805627033114,"min":0.0222380179912,"var":0.00178978324402},"barkbands_kurtosis":{"dmean":1.6682151556,"dmean2":2.78320741653,"dvar":65.8777389526,"dvar2":196.939300537,"max":441.398803711,"mean":2.02588796616,"median":-0.1075649634,"min":-1.93325066566,"var":191.101638794},"barkbands_skewness":{"dmean":0.37130343914,"dmean2":0.59618717432,"dvar":0.193505749106,"dvar2":0.498105794191,"max":11.9406270981,"mean":1.04690778255,"median":0.925594627857,"min":-5.05683088303,"var":0.800212442875},"barkbands_spread":{"dmean":4.85224866867,"dmean2":7.49723052979,"dvar":29.6856632233,"dvar2":65.7261505127,"max":100.134895325,"mean":32.5846443176,"median":32.2447242737,"min":0.254828959703,"var":135.00177002},"dissonance":{"dmean":0.0118670696393,"dmean2":0.0202067550272,"dvar":0.000252505211392,"dvar2":0.000728668819647,"max":0.5,"mean":0.479826062918,"median":0.484246820211,"min":0.155407354236,"var":0.000427757302532},"dynamic_complexity":2.57707905769,"erbbands":{"dmean":[0.0787590146065,0.68587988615,3.18861103058,5.38627481461,3.86720204353,3.64222574234,5.29354381561,6.52669906616,8.9749546051,8.7889509201,19.7596073151,16.9674663544,11.6171417236,18.2583751678,16.9037246704,28.8445625305,20.7084674835,24.2532920837,32.4879341125,20.6978054047,20.9931964874,16.4261703491,11.5072088242,9.8694934845,13.0789985657,9.25520801544,8.7052564621,7.98464250565,7.2749042511,7.2023024559,4.42135715485,3.07025718689,1.46583092213,0.857050180435,0.393165707588,0.155295610428,0.0365747287869,0.00675574410707,0.000731030188035,0.0000404887141485],"dmean2":[0.138016432524,1.19466817379,5.33420848846,8.94616985321,6.44747066498,6.01020097733,8.58776283264,10.7356319427,13.9026994705,14.142583847,29.835811615,26.6688518524,18.1360988617,29.5438594818,27.6347923279,46.8605613708,33.2576026917,38.8287734985,53.1114730835,33.6185874939,33.9806785583,27.141664505,19.0068721771,16.4326992035,21.6634616852,15.132516861,13.7310714722,12.6868429184,11.5202064514,11.2495651245,6.77171230316,4.67117118835,2.20755147934,1.2740265131,0.576350748539,0.227883577347,0.0544240027666,0.0103516904637,0.00116077356506,0.0000626414839644],"dvar":[0.0272456575185,1.59635806084,36.6383972168,80.8991470337,38.4645843506,39.0336761475,97.0426712036,229.482254028,449.961151123,404.481811523,1003.96240234,898.889160156,441.040161133,943.862487793,1029.36096191,2734.1809082,1280.18896484,1898.38793945,2812.01098633,1590.73217773,1892.95275879,602.74407959,352.314819336,363.720611572,400.432739258,241.315338135,312.005340576,240.42590332,218.321594238,362.522094727,242.780578613,220.321502686,71.4412536621,22.4138126373,2.06586790085,0.210319429636,0.00899664498866,0.000292830431135,0.000004490502306,1.00930757085e-8],"dvar2":[0.0758386254311,4.39924478531,104.425216675,220.038299561,101.344200134,104.317420959,254.405181885,589.970031738,1108.43859863,1048.80578613,2453.42138672,2251.64428711,1011.20336914,2437.97705078,2654.62890625,7257.68652344,3118.40917969,4731.73828125,7507.17578125,3997.96362305,4625.75,1569.52709961,909.309814453,979.085388184,1073.93225098,574.666503906,713.47442627,555.660461426,523.991577148,848.471740723,535.498718262,498.289978027,163.07258606,47.9473075867,4.32513093948,0.50022238493,0.0211031772196,0.000701125187334,0.0000115258662845,2.50522163014e-8],"max":[5.66136980057,27.0661849976,103.179267883,149.738571167,113.23928833,151.785995483,255.732070923,318.248413086,665.26184082,566.789916992,674.912536621,803.336364746,596.452758789,803.034301758,876.59576416,1102.81860352,938.600158691,1687.27453613,1485.31921387,893.811706543,1599.64746094,572.781799316,640.815063477,826.927429199,519.056640625,515.782287598,589.161621094,712.02142334,337.144134521,857.098815918,533.506774902,663.302124023,332.728118896,216.065292358,79.5551757812,17.7994232178,2.85215568542,0.342218339443,0.0549747832119,0.00206461851485],"mean":[0.110024943948,1.04910075665,6.21992635727,10.6563110352,7.236784935,7.0114364624,9.41030311584,10.769908905,15.9227685928,16.3045368195,37.3853378296,35.3955764771,24.5695781708,32.9543800354,33.1968955994,55.5428504944,42.1433486938,49.1946220398,60.6150665283,42.2290267944,45.4356040955,37.4350852966,26.2182006836,23.8864955902,30.785982132,24.2405815125,21.9849948883,20.736989975,18.5970954895,16.7816486359,8.72389507294,5.61854076385,2.76944756508,1.63999998569,0.822172522545,0.319598257542,0.0722605288029,0.0112358024344,0.0010096875485,0.0000859616775415],"median":[0.0460956692696,0.632956027985,4.09310531616,7.18100833893,4.96600198746,4.10621261597,5.62360334396,5.29276943207,7.76032590866,8.73907184601,22.609577179,20.6693878174,13.264837265,19.8666610718,18.9182281494,30.2046794891,24.4208812714,30.0135250092,38.6088905334,24.0483283997,25.8637962341,27.9219894409,19.570941925,18.6288223267,24.1964836121,18.2137584686,14.4035177231,13.8380594254,11.8246707916,9.20958328247,3.82672190666,2.15233039856,1.19627904892,0.68403762579,0.380324244499,0.143323749304,0.0327758863568,0.00492939073592,0.000369570363546,0.000059428926761],"min":[2.11316724119e-8,1.7056046886e-7,6.0033266891e-7,0.00000100213446785,9.68940184976e-7,8.4820135271e-7,5.95384449298e-7,2.59098300148e-7,0.00000165358835602,0.00000384495524486,0.00000562921150049,0.00000253135249295,7.56691065362e-7,0.00000443601220468,0.00000397963003707,0.00000231473381973,0.00000263028528025,0.0000059504627643,0.0000222902017413,0.00000998020277621,0.00000437485277871,0.0000015152808146,0.00000227719760915,0.00000764570631873,0.00000967141750152,0.00000699495740264,0.00000659625857224,0.00000228772955779,0.00000158712873599,0.00000126903785258,5.96725953983e-7,3.22269841035e-7,2.10636358133e-7,1.63658540941e-7,1.11619172571e-7,6.11390618133e-8,2.18444871081e-8,6.90090029565e-9,1.56938673168e-9,2.15202716758e-10],"var":[0.0363706611097,1.97060024738,49.9226913452,135.524902344,61.1031913757,77.9730529785,145.385986328,328.699066162,697.099609375,627.469360352,1956.82849121,2017.93054199,1266.29455566,1993.08312988,2480.30224609,6480.29638672,3137.71459961,4159.97119141,5309.82958984,3263.97460938,5073.56494141,1230.35144043,701.594848633,585.174804688,831.028869629,655.764221191,796.148498535,610.460754395,500.200469971,642.946228027,390.393768311,334.136535645,100.879737854,34.6854934692,3.52582168579,0.322007507086,0.0144339110702,0.000381435238523,0.00000428560997534,1.11800328995e-8]},"erbbands_crest":{"dmean":1.97014141083,"dmean2":3.20885682106,"dvar":3.7942738533,"dvar2":9.71797943115,"max":32.814414978,"mean":7.19198703766,"median":6.33854198456,"min":2.28513383865,"var":12.1897964478},"erbbands_flatness_db":{"dmean":0.0108866347,"dmean2":0.0165383610874,"dvar":0.000114998438221,"dvar2":0.000258597370703,"max":0.511624276638,"mean":0.131957888603,"median":0.126979887486,"min":0.0538129471242,"var":0.00134405482095},"erbbands_kurtosis":{"dmean":0.826903760433,"dmean2":1.3421677351,"dvar":20.762140274,"dvar2":57.2217102051,"max":256.421722412,"mean":0.981600701809,"median":-0.274602293968,"min":-1.65614199638,"var":116.952720642},"erbbands_skewness":{"dmean":0.234664261341,"dmean2":0.365555554628,"dvar":0.0710542052984,"dvar2":0.179062247276,"max":10.0149488449,"mean":0.0156391449273,"median":-0.0766095519066,"min":-3.56923913956,"var":0.71496784687},"erbbands_spread":{"dmean":5.78967475891,"dmean2":9.13202571869,"dvar":32.7046585083,"dvar2":79.0059585571,"max":127.872817993,"mean":39.8718719482,"median":38.8947296143,"min":0.322933495045,"var":168.532562256},"gfcc":{"cov":[[8684.87304688,-1149.79174805,-39.9740791321,345.51373291,39.5714149475,718.617553711,-317.563873291,-92.9619827271,-205.068237305,-181.110702515,-298.431518555,38.3069381714,-135.455062866],[-1149.79174805,678.967590332,-51.3865280151,-0.741471946239,74.4936981201,-136.470001221,169.559127808,37.489364624,98.7482910156,38.5035972595,98.19190979,-28.7286815643,57.7282447815],[-39.9740791321,-51.3865280151,389.869995117,-35.5132446289,5.61116743088,-2.37578225136,-53.9189300537,13.0610303879,-27.3579101562,12.6511106491,2.82692813873,11.561457634,-13.1165809631],[345.51373291,-0.741471946239,-35.5132446289,240.619613647,38.2286872864,83.1457824707,36.7735557556,-6.06292200089,25.0942668915,-16.8092556,3.85963392258,1.24782204628,15.7806854248],[39.5714149475,74.4936981201,5.61116743088,38.2286872864,210.706970215,60.395866394,49.2487106323,10.5278654099,-35.5385971069,-6.45987224579,-24.308008194,-0.267510801554,-4.55485248566],[718.617553711,-136.470001221,-2.37578225136,83.1457824707,60.395866394,192.936645508,8.57159996033,-5.40209913254,-37.0875205994,-28.8789100647,-39.3020553589,6.48976802826,-15.4927558899],[-317.563873291,169.559127808,-53.9189300537,36.7735557556,49.2487106323,8.57159996033,157.660247803,39.1929893494,37.497089386,15.399477005,31.9367523193,-5.43871164322,12.9840898514],[-92.9619827271,37.489364624,13.0610303879,-6.06292200089,10.5278654099,-5.40209913254,39.1929893494,81.3505401611,35.108165741,22.2965698242,9.68452358246,1.52461004257,9.587225914],[-205.068237305,98.7482910156,-27.3579101562,25.0942668915,-35.5385971069,-37.0875205994,37.497089386,35.108165741,118.807052612,41.9456367493,34.42918396,-1.91507411003,22.4131717682],[-181.110702515,38.5035972595,12.6511106491,-16.8092556,-6.45987224579,-28.8789100647,15.399477005,22.2965698242,41.9456367493,74.3718566895,33.9333877563,6.11287784576,4.6833729744],[-298.431518555,98.19190979,2.82692813873,3.85963392258,-24.308008194,-39.3020553589,31.9367523193,9.68452358246,34.42918396,33.9333877563,85.5176010132,15.9399595261,15.1940479279],[38.3069381714,-28.7286815643,11.561457634,1.24782204628,-0.267510801554,6.48976802826,-5.43871164322,1.52461004257,-1.91507411003,6.11287784576,15.9399595261,53.9989128113,19.4563579559],[-135.455062866,57.7282447815,-13.1165809631,15.7806854248,-4.55485248566,-15.4927558899,12.9840898514,9.587225914,22.4131717682,4.6833729744,15.1940479279,19.4563579559,57.0387496948]],"icov":[[0.000208387791645,0.0000805761301308,0.0000717816801625,-0.00015331528266,0.0000843619272928,-0.000623284722678,0.000355485157343,-0.0000937980657909,-0.0000532246485818,0.000057273387938,0.000240361434408,-0.000174683096702,0.000256306782831],[0.0000805761301308,0.00370564684272,-0.000124998332467,0.000422632467235,-0.00202032085508,0.00190319679677,-0.00252646533772,0.000990314991213,-0.00167124520522,0.00132317643147,-0.00279173953459,0.00298629095778,-0.00266740750521],[0.0000717816801625,-0.000124998332467,0.00293859117664,0.0000371167334379,-0.000172284824657,-0.000329779315507,0.0015414217487,-0.00129240541719,0.000824940856546,-0.000580637250096,-0.000467908015708,-0.000559241394512,0.000764399417676],[-0.00015331528266,0.000422632467235,0.0000371167334379,0.00612217281014,-0.00113750668243,-0.00217308034189,-0.00103384756949,0.00170028419234,-0.00281701679341,0.00206276774406,-0.00196729763411,0.00132752442732,-0.00219983817078],[0.0000843619272928,-0.00202032085508,-0.000172284824657,-0.00113750668243,0.00765070086345,-0.00231224182062,-0.00103951653,-0.0011923154816,0.00370851554908,-0.00243469839916,0.00392558425665,-0.00206131837331,0.0013402098557],[-0.000623284722678,0.00190319679677,-0.000329779315507,-0.00217308034189,-0.00231224182062,0.0111717432737,-0.0033367110882,0.000177921101567,0.000893164775334,0.00102258182596,0.000738345319405,-0.000508269586135,0.00024022674188],[0.000355485157343,-0.00252646533772,0.0015414217487,-0.00103384756949,-0.00103951653,-0.0033367110882,0.0125715360045,-0.00471499050036,-0.000451070198324,0.000183474767255,-0.00202096672729,-0.000175715220394,0.00174361793324],[-0.0000937980657909,0.000990314991213,-0.00129240541719,0.00170028419234,-0.0011923154816,0.000177921101567,-0.00471499050036,0.0172313544899,-0.00468352390453,-0.00211504520848,0.00110780482646,0.000411372515373,-0.00228390679695],[-0.0000532246485818,-0.00167124520522,0.000824940856546,-0.00281701679341,0.00370851554908,0.000893164775334,-0.000451070198324,-0.00468352390453,0.0162830725312,-0.00724165840074,0.000524252769537,0.00112995540258,-0.00236609042622],[0.000057273387938,0.00132317643147,-0.000580637250096,0.00206276774406,-0.00243469839916,0.00102258182596,0.000183474767255,-0.00211504520848,-0.00724165840074,0.0215995106846,-0.00730967894197,-0.00046139350161,0.00166630849708],[0.000240361434408,-0.00279173953459,-0.000467908015708,-0.00196729763411,0.00392558425665,0.000738345319405,-0.00202096672729,0.00110780482646,0.000524252769537,-0.00730967894197,0.0217755958438,-0.00810981076211,0.00198074430227],[-0.000174683096702,0.00298629095778,-0.000559241394512,0.00132752442732,-0.00206131837331,-0.000508269586135,-0.000175715220394,0.000411372515373,0.00112995540258,-0.00046139350161,-0.00810981076211,0.0270587429404,-0.0117406900972],[0.000256306782831,-0.00266740750521,0.000764399417676,-0.00219983817078,0.0013402098557,0.00024022674188,0.00174361793324,-0.00228390679695,-0.00236609042622,0.00166630849708,0.00198074430227,-0.0117406900972,0.0260540507734]],"mean":[42.4126739502,74.299041748,-123.299690247,39.1142616272,-54.5007629395,19.2431735992,-30.5691299438,6.70196628571,-23.028968811,4.64074134827,-22.7357368469,-2.80874586105,-17.5079231262]},"hfc":{"dmean":7.71289014816,"dmean2":11.7279491425,"dvar":225.901168823,"dvar2":508.781433105,"max":366.727050781,"mean":33.1347541809,"median":28.5862312317,"min":0.00000566557446291,"var":610.086242676},"melbands":{"dmean":[0.000707349914592,0.00135406944901,0.000851449905895,0.00024271827715,0.000168851940543,0.000142764984048,0.000139511364978,0.0000999299081741,0.000158117734827,0.000107197171019,0.0000589641422266,0.0000776209781179,0.0000538394269824,0.0000737977752578,0.0000589632581978,0.0000487653342134,0.0000463499382022,0.0000522941882082,0.0000379637604055,0.0000288785013254,0.0000266144543275,0.0000190928039956,0.0000170677012648,0.0000106381157821,0.00000873295721249,0.0000104545242721,0.00000798567725724,0.00000681129677105,0.00000622884363111,0.00000578550088903,0.00000488250816488,0.00000442618511443,0.00000465403991257,0.00000407369134336,0.00000274654098575,0.00000240038139054,0.0000018346034949,0.00000111276267489,8.9867700126e-7,7.08986362952e-7],"dmean2":[0.00123463489581,0.00228170887567,0.00141232472379,0.000400227349019,0.000274410267593,0.000233977480093,0.000216705200728,0.00016022460477,0.000238736567553,0.000168120823218,0.0000921340470086,0.000125523030874,0.0000880763545865,0.00011940861441,0.0000959558747127,0.0000777146415203,0.0000743892160244,0.0000853314704727,0.0000617724508629,0.0000471349849249,0.0000432170818385,0.0000316736804962,0.0000282637629425,0.0000176694848051,0.0000146075208249,0.0000172331492649,0.000013327949091,0.0000111415365609,0.0000099914122984,0.00000929053021537,0.00000784485837357,0.00000711679831511,0.00000738145581636,0.00000644186320642,0.00000427320765084,0.00000375023000743,0.00000281211418951,0.00000172466650383,0.00000136144399221,0.00000107118842152],"dvar":[0.00000194056929104,0.00000659366378386,0.00000189597199096,1.35400796353e-7,9.23668892483e-8,1.03418038577e-7,1.02046385564e-7,4.59604976299e-8,6.43111519594e-8,3.46412960539e-8,1.12889839698e-8,1.70910627872e-8,1.02604271746e-8,1.57245860777e-8,1.13235429922e-8,6.40233066562e-9,7.78436159976e-9,7.42034877987e-9,4.2487879881e-9,3.09406478216e-9,2.85557422153e-9,8.70704286449e-10,6.55156706664e-10,4.48988679569e-10,2.89586632451e-10,2.57933563397e-10,1.70753244877e-10,1.42807238257e-10,1.77446099481e-10,1.26751428797e-10,8.28458066038e-11,7.66509494765e-11,1.17620774231e-10,1.27326441057e-10,9.13741513009e-11,9.45061945368e-11,9.00398713921e-11,4.35382355168e-11,2.60983613193e-11,1.40989936739e-11],"dvar2":[0.00000530692977918,0.0000184461550816,0.00000511126609126,3.58874103767e-7,2.42254714067e-7,2.66826532425e-7,2.50923932299e-7,1.1986784898e-7,1.57811768986e-7,8.61313367295e-8,2.58019507982e-8,4.4066716498e-8,2.60425796483e-8,4.07305122962e-8,2.94692181768e-8,1.5931723496e-8,1.95392537705e-8,1.94466824865e-8,1.10380495855e-8,7.93139509625e-9,7.00863100889e-9,2.28744445607e-9,1.72551284372e-9,1.13454245998e-9,7.86931630969e-10,6.63845145521e-10,4.69646599388e-10,3.38967937052e-10,4.19058565626e-10,2.92408181002e-10,1.95599106356e-10,1.88451088068e-10,2.92392332568e-10,2.97554675344e-10,2.06964681504e-10,2.118329262e-10,2.08488129538e-10,1.05119905836e-10,5.74630794337e-11,3.06681416373e-11],"max":[0.0454453974962,0.0434111505747,0.0213425904512,0.00848477240652,0.00679072830826,0.00704746972769,0.00978291407228,0.00506996829063,0.00640534190461,0.00453998055309,0.00298449746333,0.00294885970652,0.00277148233727,0.00232273410074,0.00244648894295,0.00154747371562,0.00381774525158,0.00236542057246,0.00108774937689,0.00181142473593,0.00176812848076,0.000663523154799,0.000467336038128,0.000907673733309,0.000755427929107,0.000511714839377,0.000637683959212,0.000449797546025,0.000468991260277,0.000470258906716,0.000308156711981,0.000209788500797,0.000442262651632,0.000474348227726,0.000308282324113,0.000352066213964,0.00042061318527,0.000283013272565,0.000209519421333,0.000191822036868],"mean":[0.00106104079168,0.00263450504281,0.00174625392538,0.000494209525641,0.000314579141559,0.000236873995163,0.00024683974334,0.000187167839613,0.000305184075842,0.000217039923882,0.000119448654004,0.000133412322612,0.0000977631425485,0.000140506468597,0.000108990374429,0.0000955409341259,0.0000873396129464,0.0000934053532546,0.0000694133850629,0.0000540591972822,0.0000531496662006,0.0000398359079554,0.0000317819285556,0.0000206585064007,0.0000183334977919,0.0000227650216402,0.000018724180336,0.0000156381538545,0.0000137666938826,0.0000132007135107,0.0000114894428407,0.0000102601525214,0.0000107862833829,0.00000859466399561,0.00000501087879456,0.00000418281251768,0.00000312904489874,0.00000197207123165,0.00000157872125328,0.0000013176977518],"median":[0.000516906613484,0.0018200376071,0.00124800205231,0.00032268781797,0.000203116345801,0.000122423880384,0.000120091528515,0.000106164974568,0.000190460094018,0.00011585415632,0.0000610125862295,0.0000772140338086,0.0000496658285556,0.0000771147679188,0.0000604632768955,0.0000540988658031,0.0000492815670441,0.0000568316645513,0.0000395145216316,0.0000269396550721,0.0000304477671307,0.0000288628689304,0.0000218459172174,0.0000143519746416,0.0000136006201501,0.0000170263156178,0.0000149253028212,0.0000108285057649,0.00000851912227517,0.00000846311286296,0.00000751838433644,0.00000651258687867,0.00000620198488832,0.00000450292873211,0.00000209558197639,0.00000156441660693,0.00000112876114144,8.26037137358e-7,6.15985811692e-7,5.47707315945e-7],"min":[2.06995587337e-10,2.91649038253e-10,1.75303771499e-10,6.48011783122e-11,2.43364304403e-11,6.48107652615e-12,2.76093939378e-11,4.58865098696e-11,4.42240237486e-11,1.30695263639e-11,3.01966849962e-12,1.70111147391e-11,1.57138382167e-11,6.52880657523e-12,6.25415951666e-12,5.36157446565e-12,1.04225621189e-11,3.60638394148e-11,1.90024714714e-11,4.88264160006e-12,5.24450882028e-12,1.2464825179e-12,1.98883943169e-12,1.93931589537e-12,5.51720908543e-12,6.34609292199e-12,5.71416872153e-12,4.14563045351e-12,4.10380540314e-12,1.21796886812e-12,1.25692999845e-12,8.23740273041e-13,9.35300556622e-13,5.94778024575e-13,3.76659180191e-13,2.2886659473e-13,1.85971938261e-13,1.54773044966e-13,1.20495952625e-13,1.46862001184e-13],"var":[0.00000270102509603,0.00000859984811541,0.0000031342103739,2.87034907842e-7,1.41523372577e-7,1.45682662378e-7,1.60866221677e-7,7.15630292802e-8,1.25136693896e-7,8.53375254906e-8,3.25471347651e-8,3.56639660026e-8,2.46263329728e-8,3.86793246321e-8,2.29245333827e-8,1.61895030715e-8,1.53224402055e-8,1.36562574582e-8,8.26914092755e-9,7.43806349845e-9,6.85766510244e-9,1.58197188682e-9,1.15220089025e-9,7.72872765786e-10,4.17196527325e-10,5.47516754157e-10,3.20627496775e-10,3.59947738282e-10,3.89796556144e-10,3.07559033796e-10,1.92824992085e-10,1.55452747896e-10,2.24811072536e-10,2.05187353219e-10,1.37181391247e-10,1.44161682591e-10,1.27411345363e-10,5.46583958649e-11,3.83977710738e-11,2.12226677204e-11]},"melbands_crest":{"dmean":3.13687133789,"dmean2":5.28324270248,"dvar":7.44967842102,"dvar2":21.4030990601,"max":31.3264770508,"mean":13.6151762009,"median":13.1546602249,"min":3.28535604477,"var":23.0613574982},"melbands_flatness_db":{"dmean":0.019682308659,"dmean2":0.0318850241601,"dvar":0.000368842564058,"dvar2":0.000935328833293,"max":0.583692848682,"mean":0.149335831404,"median":0.141731649637,"min":0.020237037912,"var":0.00319698103704},"melbands_kurtosis":{"dmean":3.67207980156,"dmean2":6.02741336823,"dvar":47.9442024231,"dvar2":129.843994141,"max":237.561676025,"mean":7.41793441772,"median":4.41265010834,"min":-1.77986001968,"var":120.604064941},"melbands_skewness":{"dmean":0.527888894081,"dmean2":0.854406356812,"dvar":0.306748539209,"dvar2":0.764885783195,"max":10.2785253525,"mean":2.19635677338,"median":2.02316665649,"min":-2.18999123573,"var":1.24029588699},"melbands_spread":{"dmean":7.65222454071,"dmean2":12.1183223724,"dvar":101.289505005,"dvar2":216.17640686,"max":262.966949463,"mean":34.7930526733,"median":32.6883277893,"min":0.299965888262,"var":328.574066162},"mfcc":{"cov":[[7597.06640625,-522.392944336,-318.688720703,-28.5922927856,139.888442993,509.71005249,31.8455238342,159.800598145,2.02341032028,-64.1248397827,-123.221374512,-111.284927368,-177.771102905],[-522.392944336,578.485351562,-95.3904724121,75.3196716309,-28.2324752808,-54.6188697815,55.5010910034,-11.2654447556,39.0678863525,23.2717323303,71.3140182495,-3.46253299713,25.0359668732],[-318.688720703,-95.3904724121,343.243469238,-9.72330760956,16.7282829285,-41.731300354,-43.3163795471,-21.5818843842,-26.4013671875,0.834023654461,-15.0517148972,17.6357498169,18.5102977753],[-28.5922927856,75.3196716309,-9.72330760956,159.071517944,14.1379518509,19.8519039154,23.1931247711,15.8579959869,20.8131256104,16.5098266602,12.6009750366,16.2631206512,16.5909805298],[139.888442993,-28.2324752808,16.7282829285,14.1379518509,146.876586914,53.21043396,34.7784233093,9.81782722473,8.05195903778,-17.7009162903,-21.5309963226,-8.41391658783,-10.8792228699],[509.71005249,-54.6188697815,-41.731300354,19.8519039154,53.21043396,153.664855957,58.7875480652,39.2908439636,9.19986724854,-4.89425039291,-6.84300661087,-11.379986763,-20.7928409576],[31.8455238342,55.5010910034,-43.3163795471,23.1931247711,34.7784233093,58.7875480652,137.818222046,44.0289382935,12.1557912827,-2.33644342422,13.4854097366,-8.92818641663,-6.49572944641],[159.800598145,-11.2654447556,-21.5818843842,15.8579959869,9.81782722473,39.2908439636,44.0289382935,80.6302490234,28.2449836731,5.35500717163,-2.25181937218,-0.140088170767,-4.14272785187],[2.02341032028,39.0678863525,-26.4013671875,20.8131256104,8.05195903778,9.19986724854,12.1557912827,28.2449836731,80.1413726807,29.4675807953,13.2470331192,-4.80107450485,6.1539721489],[-64.1248397827,23.2717323303,0.834023654461,16.5098266602,-17.7009162903,-4.89425039291,-2.33644342422,5.35500717163,29.4675807953,72.9670791626,32.4156036377,6.98523521423,4.16299819946],[-123.221374512,71.3140182495,-15.0517148972,12.6009750366,-21.5309963226,-6.84300661087,13.4854097366,-2.25181937218,13.2470331192,32.4156036377,79.6275177002,18.5748176575,11.9014225006],[-111.284927368,-3.46253299713,17.6357498169,16.2631206512,-8.41391658783,-11.379986763,-8.92818641663,-0.140088170767,-4.80107450485,6.98523521423,18.5748176575,67.41355896,26.3112373352],[-177.771102905,25.0359668732,18.5102977753,16.5909805298,-10.8792228699,-20.7928409576,-6.49572944641,-4.14272785187,6.1539721489,4.16299819946,11.9014225006,26.3112373352,57.8312835693]],"icov":[[0.000195861968677,0.0000905083943508,0.000144185512909,-0.00000229461534218,0.0000114948315968,-0.000596405297983,0.00029632699443,-0.000218509099795,0.0000559807667742,0.0000619595084572,0.0000458232243545,0.000118029791338,0.000249211210757],[0.0000905083943508,0.00257025589235,0.000630575814284,-0.00109339156188,0.000134377653012,0.00111563620158,-0.00114287948236,0.000819825159851,-0.000851285411045,0.000575027894229,-0.00177851913031,0.000956023228355,-0.000385629042285],[0.000144185512909,0.000630575814284,0.00358456140384,-0.000118027579447,-0.000989539432339,0.000644880637992,0.000693980487995,-0.000191011582501,0.0011954526417,-0.000807948468719,0.000314707634971,-0.00012451549992,-0.000910418806598],[-0.00000229461534218,-0.00109339156188,-0.000118027579447,0.00759874796495,-0.000611178518739,-0.00124517455697,-0.000222542672418,-0.000620230042841,-0.000616495904978,-0.00142383086495,0.000806550146081,-0.00169995205943,-0.00153246801347],[0.0000114948315968,0.000134377653012,-0.000989539432339,-0.000611178518739,0.00898828823119,-0.00263729505241,-0.00194279465359,0.00190894305706,-0.00237614871003,0.00200792588294,0.00192221521866,-0.000462658703327,0.00105363014154],[-0.000596405297983,0.00111563620158,0.000644880637992,-0.00124517455697,-0.00263729505241,0.01213760674,-0.00368007947691,-0.00185972440522,0.000235666811932,-0.000201344300876,-0.000898566970136,0.000242038935539,0.00122002034914],[0.00029632699443,-0.00114287948236,0.000693980487995,-0.000222542672418,-0.00194279465359,-0.00368007947691,0.0120395785198,-0.00584731111303,0.00186050613411,0.000957273761742,-0.00249947770499,0.00176862056833,-0.0000649713547318],[-0.000218509099795,0.000819825159851,-0.000191011582501,-0.000620230042841,0.00190894305706,-0.00185972440522,-0.00584731111303,0.0194216370583,-0.00698579195887,0.000385760940844,0.00232281000353,-0.00250168098137,0.00101317267399],[0.0000559807667742,-0.000851285411045,0.0011954526417,-0.000616495904978,-0.00237614871003,0.000235666811932,0.00186050613411,-0.00698579195887,0.0189906377345,-0.00711490167305,-0.000523852009792,0.00336203444749,-0.00324934860691],[0.0000619595084572,0.000575027894229,-0.000807948468719,-0.00142383086495,0.00200792588294,-0.000201344300876,0.000957273761742,0.000385760940844,-0.00711490167305,0.0204287450761,-0.00732096750289,-0.00035803715582,0.00200516381301],[0.0000458232243545,-0.00177851913031,0.000314707634971,0.000806550146081,0.00192221521866,-0.000898566970136,-0.00249947770499,0.00232281000353,-0.000523852009792,-0.00732096750289,0.0193950310349,-0.00488699553534,-0.000682383484673],[0.000118029791338,0.000956023228355,-0.00012451549992,-0.00169995205943,-0.000462658703327,0.000242038935539,0.00176862056833,-0.00250168098137,0.00336203444749,-0.00035803715582,-0.00488699553534,0.0205478537828,-0.00817890558392],[0.000249211210757,-0.000385629042285,-0.000910418806598,-0.00153246801347,0.00105363014154,0.00122002034914,-0.0000649713547318,0.00101317267399,-0.00324934860691,0.00200516381301,-0.000682383484673,-0.00817890558392,0.0237208530307]],"mean":[-595.667419434,101.163192749,-7.36360263824,24.4663028717,-0.14346717298,15.1368331909,0.329689830542,5.00784158707,3.16247701645,3.4272608757,2.93743944168,-0.740935385227,-0.286805897951]},"pitch_salience":{"dmean":0.0622069574893,"dmean2":0.103914983571,"dvar":0.0030838411767,"dvar2":0.00857223477215,"max":0.875026226044,"mean":0.561140656471,"median":0.56577193737,"min":0.136063560843,"var":0.00862428359687},"silence_rate_20dB":{"dmean":0,"dmean2":0,"dvar":0,"dvar2":0,"max":1,"mean":1,"median":1,"min":1,"var":0},"silence_rate_30dB":{"dmean":0.000632511044387,"dmean2":0.00126510218251,"dvar":0.000632110983133,"dvar2":0.00139001186471,"max":1,"mean":0.999430775642,"median":1,"min":0,"var":0.000568899966311},"silence_rate_60dB":{"dmean":0.00290955090895,"dmean2":0.00581946969032,"dvar":0.00290108541958,"dvar2":0.00641815457493,"max":1,"mean":0.0434507615864,"median":0,"min":0,"var":0.0415627919137},"spectral_centroid":{"dmean":219.469787598,"dmean2":339.364379883,"dvar":52322.7382812,"dvar2":114011.898438,"max":5896.11572266,"mean":1812.78234863,"median":1828.35778809,"min":154.359664917,"var":282019.65625},"spectral_complexity":{"dmean":3.63314366341,"dmean2":5.73205137253,"dvar":12.1156377792,"dvar2":26.0892505646,"max":63,"mean":29.7339191437,"median":30,"min":0,"var":120.00819397},"spectral_contrast_coeffs":{"dmean":[0.0479102693498,0.0427238196135,0.0355751551688,0.028717380017,0.0195390377194,0.0161188710481],"dmean2":[0.0812447443604,0.0700315535069,0.058536209166,0.0470943115652,0.0325024314225,0.0254039913416],"dvar":[0.00153099873569,0.00122683565132,0.000818929809611,0.000526582531165,0.000243229049374,0.000205244883546],"dvar2":[0.0044176960364,0.00328627228737,0.00217410246842,0.00137885415461,0.000647905457299,0.000455778004834],"max":[-0.350162893534,-0.4756051898,-0.526867449284,-0.591615974903,-0.639562129974,-0.537517905235],"mean":[-0.637034654617,-0.749309897423,-0.762779176235,-0.767692744732,-0.784746110439,-0.720773458481],"median":[-0.634933531284,-0.753696262836,-0.765582680702,-0.769347071648,-0.786982655525,-0.718589127064],"min":[-0.969272077084,-0.95973277092,-0.935176253319,-0.952543616295,-0.967364192009,-0.929374754429],"var":[0.00552309397608,0.00357788661495,0.00278825312853,0.00215410697274,0.000982723431662,0.00165092211682]},"spectral_contrast_valleys":{"dmean":[0.373234957457,0.311072051525,0.279034048319,0.241936266422,0.173534303904,0.180727794766],"dmean2":[0.633565664291,0.507217943668,0.45605635643,0.389593482018,0.277998447418,0.252714544535],"dvar":[0.0961804315448,0.0710111856461,0.059900265187,0.0509070046246,0.0305802598596,0.0508030243218],"dvar2":[0.259310096502,0.181473106146,0.150565505028,0.121028572321,0.0718561783433,0.0904958546162],"max":[-5.28611469269,-4.69953107834,-5.08962583542,-5.27568483353,-5.43378543854,-6.89394855499],"mean":[-7.06776094437,-6.51700735092,-6.93980407715,-7.1932964325,-6.98491048813,-9.66608333588],"median":[-6.87342023849,-6.39103412628,-6.78926038742,-6.9978890419,-6.74929761887,-9.43336963654],"min":[-13.8752946854,-13.3012075424,-14.6576309204,-14.5702924728,-14.4814157486,-16.9513206482],"var":[0.877468585968,0.63163381815,0.795748531818,0.992780506611,1.00340056419,1.43125808239]},"spectral_decrease":{"dmean":2.07838213306e-9,"dmean2":3.41206241039e-9,"dvar":9.84705745121e-18,"dvar2":2.53098672421e-17,"max":-1.02777124935e-15,"mean":-7.66659091767e-9,"median":-7.39860572807e-9,"min":-5.26457597516e-8,"var":1.90748544086e-17},"spectral_energy":{"dmean":0.00828974228352,"dmean2":0.0135511830449,"dvar":0.000150985593791,"dvar2":0.000386628176784,"max":0.201283961535,"mean":0.0319409146905,"median":0.0311050489545,"min":4.39293135202e-9,"var":0.000310593401082},"spectral_energyband_high":{"dmean":0.00067705148831,"dmean2":0.000998540315777,"dvar":0.00000291708420264,"dvar2":0.00000616063380221,"max":0.0417280308902,"mean":0.00209507159889,"median":0.00137113698293,"min":3.05209801876e-10,"var":0.0000070767005127},"spectral_energyband_low":{"dmean":0.0059117609635,"dmean2":0.00990791246295,"dvar":0.000108949367132,"dvar2":0.000287376344204,"max":0.181888207793,"mean":0.0129690710455,"median":0.0101023223251,"min":1.62238833479e-9,"var":0.000162995056598},"spectral_energyband_middle_high":{"dmean":0.00219355546869,"dmean2":0.00352404243313,"dvar":0.00000947719036049,"dvar2":0.0000242509140662,"max":0.0545932427049,"mean":0.00831692386419,"median":0.00701349461451,"min":1.42350031762e-9,"var":0.0000351471717295},"spectral_energyband_middle_low":{"dmean":0.00350639107637,"dmean2":0.00560122914612,"dvar":0.0000229054603551,"dvar2":0.0000579989573453,"max":0.0926461294293,"mean":0.0108028268442,"median":0.00990754365921,"min":1.16095166813e-9,"var":0.0000498028311995},"spectral_entropy":{"dmean":0.0839328840375,"dmean2":0.127931475639,"dvar":0.00920771807432,"dvar2":0.0208637621254,"max":8.85810756683,"mean":7.88199138641,"median":7.93455028534,"min":4.20267391205,"var":0.131564944983},"spectral_flux":{"dmean":0.0180315617472,"dmean2":0.0279276072979,"dvar":0.000554606842343,"dvar2":0.001125597395,"max":0.360069334507,"mean":0.0875951945782,"median":0.0843943208456,"min":0.000168061538716,"var":0.00163540337235},"spectral_kurtosis":{"dmean":0.825850367546,"dmean2":1.38087129593,"dvar":1.72411370277,"dvar2":4.79682970047,"max":75.2962417603,"mean":3.20552277565,"median":2.71155357361,"min":-1.17680025101,"var":11.5789651871},"spectral_rms":{"dmean":0.000670019129757,"dmean2":0.00107964151539,"dvar":6.72053829476e-7,"dvar2":0.00000167238204085,"max":0.0140133723617,"mean":0.00531327072531,"median":0.00550875579938,"min":0.0000020702141228,"var":0.00000293102402793},"spectral_rolloff":{"dmean":522.679321289,"dmean2":853.979675293,"dvar":540532.9375,"dvar2":1142569.625,"max":11907.8613281,"mean":2060.77832031,"median":1787.25585938,"min":86.1328125,"var":1659350.875},"spectral_skewness":{"dmean":0.133159473538,"dmean2":0.211963310838,"dvar":0.020042669028,"dvar2":0.0491995513439,"max":7.33396911621,"mean":1.25202584267,"median":1.20329904556,"min":-0.193799003959,"var":0.216283023357},"spectral_spread":{"dmean":327872.25,"dmean2":483127.625,"dvar":177782177792,"dvar2":317643882496,"max":22919952,"mean":4728526,"median":4630940,"min":1351163.625,"var":1060947886080},"spectral_strongpeak":{"dmean":0.462362855673,"dmean2":0.814019143581,"dvar":0.757009327412,"dvar2":1.98071837425,"max":18.6997299194,"mean":0.714486658573,"median":0.3947224617,"min":0,"var":1.06707465649},"zerocrossingrate":{"dmean":0.00903168972582,"dmean2":0.0107424035668,"dvar":0.000121420511277,"dvar2":0.000135378126288,"max":0.37060546875,"mean":0.0777901113033,"median":0.07470703125,"min":0.00341796875,"var":0.000932930095587}},"metadata":{"audio_properties":{"analysis_sample_rate":44100,"bit_rate":0,"codec":"flac","downmix":"mix","equal_loudness":0,"length":367.093322754,"lossless":true,"md5_encoded":"cce6669a48037b10d73b73c153f162b2","replay_gain":-13.637550354},"tags":{"acoustid_id":["6cffe32f-ec61-4787-9de9-70181d51e4d2"],"album":["Get a Grip"],"albumartist":["Aerosmith"],"albumartistsort":["Aerosmith"],"artist":["Aerosmith"],"artists":["Aerosmith"],"artistsort":["Aerosmith"],"asin":["B0000249R6"],"barcode":["720642444429"],"catalognumber":["GED24444"],"composer":["Mark Hudson","Steven Tyler","Joe Perry"],"composersort":["Hudson, Mark","Tyler, Steven","Perry, Joe"],"date":["1993-04-19"],"discnumber":["1"],"disctotal":["1"],"engineer":["David Thoener","Mike Plotnikoff","John Aguto","Ed Korengo"],"file_name":"05 Livin' on the Edge.flac","label":["Geffen Records"],"language":["eng"],"lyricist":["Mark Hudson","Steven Tyler","Joe Perry"],"media":["CD"],"mixer":["Brendan O'Brien"],"musicbrainz_albumartistid":["3d2b98e5-556f-4451-a3ff-c50ea18d57cb"],"musicbrainz_albumid":["05cbf593-1d17-4d53-9f50-b96de15005f2"],"musicbrainz_artistid":["3d2b98e5-556f-4451-a3ff-c50ea18d57cb"],"musicbrainz_recordingid":["1ec96133-cbef-4aa9-b569-e2f9afeea0e0"],"musicbrainz_releasegroupid":["73c6a7b0-1dc2-3ddc-a720-c29505271711"],"musicbrainz_releasetrackid":["ec5fc8ad-160d-39a4-bdd9-687d1812174e"],"musicbrainz_workid":["4a06efd4-c179-3a81-8d1a-c97dc56c741f"],"originaldate":["1993-04-19"],"performer":["Tom Keenlyside (saxophone)","Joe Perry (appalachian dulcimer and guitar)","Brad Whitford (guitar)","Ken Lomas","Ian Putz (baritone saxophone)","John Webster (keyboard)","Joe Perry (vocals)","Steven Tyler (lead vocals)","Joey Kramer (drums and percussion)","Bruce Fairbairn (trumpet)","Paul Baron (trumpet)","Tom Hamilton (electric bass guitar)","Steven Tyler (h