{"lowlevel":{"average_loudness":0.9715487957,"barkbands":{"dmean":[0.0000575207341171,0.00426024990156,0.00490119447932,0.00238372990862,0.00247289077379,0.00118015625048,0.000613996991888,0.000349346548319,0.000309394235956,0.000204584677704,0.000223814553465,0.000209520148928,0.000287968025077,0.000313141063089,0.000456479814602,0.000440477888333,0.000568259973079,0.000322289270116,0.000270868535154,0.000132272703922,0.0000362116188626,0.0000228077915381,0.000018129718228,0.0000167836224136,0.0000181662653631,0.0000241363304667,0.00000268969870376],"dmean2":[0.0000890717128641,0.00734332529828,0.0084734512493,0.0040936274454,0.00412851059809,0.00199668505229,0.00104343832936,0.000588650756981,0.0005099591217,0.000332661758875,0.000375712814275,0.000346789864125,0.000481314287754,0.000520409084857,0.000766920915339,0.000748964142986,0.000950863934122,0.000525378214661,0.000448148959549,0.000216439395444,0.0000595648743911,0.0000356496311724,0.0000273437890428,0.0000232567836065,0.0000260761262325,0.0000353593895852,0.00000404445927416],"dvar":[7.0110917072e-9,0.0000207171160582,0.0000330515940732,0.00000774617274146,0.0000111566505439,0.00000336842322213,0.00000121403502362,3.9964712073e-7,2.12312087911e-7,1.50892816464e-7,1.09442375162e-7,8.01424349106e-8,2.07722550272e-7,1.89045792354e-7,3.69571893089e-7,3.39617230338e-7,6.53030156172e-7,3.97552895492e-7,3.20177946378e-7,8.26613515414e-8,5.26762455877e-9,4.03109368108e-9,2.71826450238e-9,2.55927945503e-9,2.00804528561e-9,4.69820760074e-9,5.86210038844e-11],"dvar2":[1.54485331194e-8,0.0000596074060013,0.0000932509137783,0.0000217975375563,0.0000309276874759,0.00000961947444011,0.00000348487947122,0.00000108635356355,5.87924319007e-7,3.81227010848e-7,2.93733506851e-7,2.10808309475e-7,5.40322446341e-7,4.89671890591e-7,0.00000102007857095,9.28120869048e-7,0.00000166925030953,9.37061315653e-7,7.70983547227e-7,2.07071749969e-7,1.41685507771e-8,1.0663276484e-8,5.92029891777e-9,4.12696055108e-9,3.95620602944e-9,9.99312277372e-9,1.28402441457e-10],"max":[0.00156396848615,0.048219434917,0.0538528487086,0.0334877297282,0.0517976731062,0.0346149429679,0.0403311364353,0.0158366132528,0.0161792635918,0.0134874591604,0.0053666527383,0.00684432638809,0.00906817149371,0.00838916003704,0.00974623765796,0.0197042152286,0.0207647271454,0.0230101812631,0.0211961846799,0.0162603445351,0.00183714018203,0.00233814679086,0.00145758746658,0.00195327913389,0.000880644132849,0.00115158897825,0.000105656508822],"mean":[0.0000904067856027,0.00724711455405,0.00702855130658,0.00387205812149,0.00452763075009,0.00207739393227,0.0010076550534,0.000554085301701,0.000575986283366,0.000349476962583,0.000366454332834,0.000387072621379,0.000519441149663,0.000599804800004,0.000875936297234,0.000930753885768,0.00132394907996,0.000771607155912,0.00068463140633,0.000359663565177,0.0000993090434349,0.0000581570457143,0.0000443706594524,0.00003934383858,0.0000341134546034,0.0000310916839226,0.00000316451723847],"median":[0.0000394821690861,0.00605285633355,0.00488321343437,0.00259926100262,0.00338309211656,0.00149114010856,0.000685590261128,0.000350531947333,0.00042113638483,0.000220002984861,0.000246707350016,0.000279045547359,0.00033584603807,0.000409585307352,0.000650011701509,0.000749317579903,0.00102829397656,0.000457173737232,0.000375025265384,0.000169518199982,0.0000473986729048,0.000022245783839,0.0000131053184305,0.00000889509465196,0.0000060196771301,0.00000229983606914,2.25994483571e-7],"min":[5.04869105797e-25,4.38744477303e-24,3.5756879689e-24,2.735017046e-24,1.65993389631e-23,1.09549508338e-23,9.57694967195e-24,2.1780847179e-23,1.3489903288e-23,2.01488280725e-23,2.22465322818e-23,1.75961862015e-23,2.9555184996e-23,6.48418988523e-23,4.34096082865e-23,8.06173562191e-23,7.65100414756e-23,1.39417154828e-22,1.33337978122e-22,2.10745011245e-22,3.07311279567e-22,3.65038151614e-22,3.86983327986e-22,6.80978155846e-22,9.39601546188e-22,1.50951687133e-21,2.06438249746e-21],"var":[1.5609595394e-8,0.0000327800880768,0.000046737070079,0.000016030480765,0.0000170176590473,0.00000445078512712,0.0000014442215388,5.16717761911e-7,3.28319288201e-7,2.53744531165e-7,1.65269710806e-7,1.60869049637e-7,4.21389842131e-7,4.20944644475e-7,7.73349029259e-7,7.34292655125e-7,0.00000176228445525,0.00000140540919347,0.00000109345080546,3.01612971043e-7,1.83958341893e-8,1.09246984792e-8,8.55009218981e-9,1.20611103327e-8,5.73774894264e-9,6.43422692903e-9,7.54757853438e-11]},"barkbands_crest":{"dmean":2.24158787727,"dmean2":3.78969168663,"dvar":3.54580831528,"dvar2":9.66779518127,"max":24.0320911407,"mean":8.97076034546,"median":8.39885139465,"min":2.60995435715,"var":10.979681015},"barkbands_flatness_db":{"dmean":0.019477006048,"dmean2":0.0306950323284,"dvar":0.000308457762003,"dvar2":0.0007385109202,"max":0.41157874465,"mean":0.143518611789,"median":0.134213611484,"min":0.0243040062487,"var":0.00317592616193},"barkbands_kurtosis":{"dmean":2.02847266197,"dmean2":3.40873646736,"dvar":12.8647794724,"dvar2":39.2397499084,"max":195.811141968,"mean":3.29731321335,"median":1.03784394264,"min":-1.87877988815,"var":70.9785919189},"barkbands_skewness":{"dmean":0.475326925516,"dmean2":0.791251897812,"dvar":0.17672431469,"dvar2":0.501084566116,"max":11.8552284241,"mean":1.57152760029,"median":1.47184705734,"min":-2.07743215561,"var":1.03320384026},"barkbands_spread":{"dmean":4.66954374313,"dmean2":7.74099063873,"dvar":19.1872577667,"dvar2":51.975112915,"max":67.0451049805,"mean":25.3750858307,"median":25.1005840302,"min":1.20903944969,"var":155.690078735},"dissonance":{"dmean":0.00893260259181,"dmean2":0.0153280338272,"dvar":0.0000998608084046,"dvar2":0.000284677400487,"max":0.500000119209,"mean":0.481572896242,"median":0.485850661993,"min":0.172001749277,"var":0.000267441588221},"dynamic_complexity":1.92776536942,"erbbands":{"dmean":[0.0627150014043,1.1898393631,5.25863075256,6.42902040482,7.76479387283,9.95583152771,8.55964565277,9.09137248993,8.41766834259,8.4304189682,7.72047758102,6.63358640671,5.73178243637,8.26995944977,6.66531276703,9.11353778839,11.3620004654,13.6774225235,15.2929515839,21.0495681763,25.7064285278,27.5901317596,15.7346334457,20.0984668732,8.271941185,5.75804615021,2.36664652824,1.08609771729,0.787463784218,0.796942472458,0.480774253607,0.328200519085,0.303684860468,0.209263265133,0.140434578061,0.109630577266,0.0441107302904,0.00710105150938,0.000438135582954,0.0000196594737645],"dmean2":[0.104778759181,2.05528521538,9.10171127319,11.0777244568,13.2921686172,16.5121002197,14.4762029648,15.5773305893,14.4401855469,13.9806156158,13.0773115158,10.9073190689,9.35754680634,13.7045898438,10.9700584412,15.0488023758,18.9401264191,22.5070724487,25.6206588745,35.3311767578,42.9223365784,46.3525733948,26.0680389404,32.4528770447,13.6748733521,9.40587425232,3.85745763779,1.74609780312,1.2221544981,1.25338590145,0.722628772259,0.473330706358,0.426670789719,0.298381119967,0.204995170236,0.162305146456,0.0648832693696,0.0104158874601,0.000648320477922,0.0000306525435008],"dvar":[0.00536728138104,1.67258059978,37.167388916,53.486907959,113.256248474,179.872390747,128.80128479,280.005981445,226.987182617,257.407897949,145.202880859,120.118942261,104.50378418,196.650756836,99.6287841797,158.466461182,330.444763184,394.145233154,428.71282959,750.605102539,1217.54711914,1407.54101562,550.612976074,2077.20361328,164.995819092,163.237960815,23.1356487274,6.20672512054,3.74623084068,6.06277418137,1.95730555058,1.01178491116,0.953735888004,0.311430454254,0.124151498079,0.0983771756291,0.0158294327557,0.000398567266529,0.0000015324060314,1.09877473786e-9],"dvar2":[0.0143954567611,4.85131597519,106.662727356,150.698959351,319.083129883,486.192382812,358.914276123,813.03112793,663.141235352,709.620239258,404.143768311,331.745300293,250.552642822,518.43359375,261.30682373,410.261688232,863.70135498,1011.7255249,1143.71203613,2064.7722168,3213.26074219,3680.46386719,1405.16137695,4895.64746094,445.472686768,400.916931152,63.1591262817,16.5504283905,9.50544548035,15.6341352463,4.15964984894,1.89007222652,1.55712461472,0.573140144348,0.261987805367,0.217956736684,0.0335519276559,0.000842926499899,0.00000327247175846,2.39621744669e-9],"max":[1.02171552181,13.3040323257,56.578212738,81.9984512329,168.498458862,168.711288452,178.690200806,354.524780273,519.732177734,460.706970215,244.70300293,453.726867676,434.113098145,396.934509277,174.922058105,341.458343506,438.870910645,468.720245361,537.386779785,463.857513428,1201.41271973,800.915771484,718.372436523,1592.46276855,276.424407959,746.04876709,135.300262451,75.6747055054,52.9220085144,87.0130004883,40.2512550354,35.8446578979,42.2562637329,15.9952478409,6.48516273499,5.87071561813,1.7900108099,0.302690535784,0.0163276530802,0.000484598393086],"mean":[0.116758346558,1.97332262993,7.96493291855,11.1368818283,12.770442009,17.8319702148,15.7594194412,14.931687355,14.2290697098,14.0364780426,13.4670991898,12.7293844223,10.5625734329,14.3753595352,12.7765779495,17.1098823547,22.3946018219,29.495803833,35.1143188477,46.970905304,63.7707176208,68.3136672974,42.5160179138,48.8489990234,24.6433944702,16.3013057709,6.86859226227,2.93088269234,2.02641534805,1.91800916195,1.14231383801,0.78200763464,0.681478619576,0.416767060757,0.2358700037,0.147267028689,0.054968778044,0.00859865173697,0.000546849798411,0.0000553160025447],"median":[0.0896125584841,1.61746406555,5.88202095032,8.45362281799,9.74975204468,11.6941719055,11.2465572357,10.5736789703,9.9937915802,8.47767066956,9.27192211151,9.48465442657,7.24823045731,9.69812011719,8.86670684814,12.3955345154,15.3469228745,20.5312271118,28.5047836304,38.7142601013,52.0631484985,54.9295463562,30.9047031403,21.7016105652,15.8243103027,7.72776842117,3.25769805908,1.27483177185,0.80426466465,0.621678829193,0.329760372639,0.195600315928,0.138427734375,0.0731085166335,0.035966258496,0.0142666641623,0.00311990571208,0.000472135725431,0.0000584472254559,0.000046558194299],"min":[2.89731874015e-22,6.55803925664e-22,4.83446799528e-21,1.19390249374e-20,4.67689663172e-20,5.61870702883e-20,9.87260999091e-20,1.17595071958e-19,1.25506873572e-19,2.47754190241e-19,6.65724107668e-19,4.50071711326e-19,7.71202146875e-19,1.12690599199e-18,1.37395878477e-18,1.30276231548e-18,1.61928070212e-18,3.05983476404e-18,4.87224270045e-18,3.66339847172e-18,5.55231337696e-18,4.47752948293e-18,7.12461332222e-18,7.73317423478e-18,7.40434181715e-18,9.81463279838e-18,1.067337366e-17,1.20162079131e-17,1.12949941001e-17,1.38299411996e-17,1.03463014827e-17,1.077421773e-17,1.1676807436e-17,9.45627499597e-18,6.8276389387e-18,4.84010756083e-18,2.71076144361e-18,1.13505237686e-18,2.75357517475e-19,3.01780173631e-20],"var":[0.0107922554016,2.5611000061,51.8145256042,93.9044494629,140.422470093,351.355895996,227.131072998,275.334411621,253.733093262,354.321472168,213.263031006,165.437973022,188.967941284,296.64276123,181.069488525,311.705780029,676.069580078,1047.46362305,975.435180664,1782.84887695,3418.47412109,4088.71826172,2168.90869141,7350.26269531,751.688659668,589.29864502,87.3269424438,19.0354824066,12.0854845047,14.6893749237,6.06286668777,4.16283273697,4.1866350174,1.12979769707,0.255295932293,0.132132619619,0.0215925686061,0.000542733352631,0.0000020643976768,1.84007675763e-9]},"erbbands_crest":{"dmean":1.68432247639,"dmean2":2.8177189827,"dvar":2.47546291351,"dvar2":6.58515501022,"max":27.3225078583,"mean":6.87664318085,"median":6.21364688873,"min":1.8682808876,"var":7.95271968842},"erbbands_flatness_db":{"dmean":0.0136348977685,"dmean2":0.0194707941264,"dvar":0.000220977904974,"dvar2":0.000380106008379,"max":0.288448691368,"mean":0.162728652358,"median":0.164459079504,"min":0.0278799310327,"var":0.00161001912784},"erbbands_kurtosis":{"dmean":0.700865387917,"dmean2":1.16686439514,"dvar":0.851810276508,"dvar2":2.39104771614,"max":33.5931015015,"mean":0.273898333311,"median":-0.322974324226,"min":-1.79794502258,"var":6.26763153076},"erbbands_skewness":{"dmean":0.267543137074,"dmean2":0.435895264149,"dvar":0.0548300370574,"dvar2":0.143486812711,"max":4.95103979111,"mean":-0.494293421507,"median":-0.597002387047,"min":-3.64903211594,"var":0.723305165768},"erbbands_spread":{"dmean":5.93002080917,"dmean2":9.82796859741,"dvar":27.4349117279,"dvar2":74.754524231,"max":107.91217804,"mean":39.0683898926,"median":38.1139183044,"min":5.73037385941,"var":174.218078613},"gfcc":{"cov":[[18075.6445312,-301.664367676,-1835.40600586,624.167785645,-388.908996582,345.450561523,-397.915557861,274.437103271,-242.580093384,189.487472534,-214.216873169,-21.3724498749,-224.350036621],[-301.664367676,1504.31835938,-293.373718262,-158.409011841,248.910812378,-347.387084961,91.9621658325,-172.308929443,89.896987915,-168.040588379,69.67137146,-117.913635254,126.764404297],[-1835.40600586,-293.373718262,742.260253906,-198.215499878,-11.1283493042,50.1936645508,-67.3664245605,29.3813819885,-32.8163757324,32.7806091309,-54.8603248596,63.7951507568,-35.6605682373],[624.167785645,-158.409011841,-198.215499878,426.854492188,-35.3498497009,58.607837677,61.161567688,-28.5079917908,32.1465339661,26.4328784943,49.5774993896,-25.3614406586,-1.33163321018],[-388.908996582,248.910812378,-11.1283493042,-35.3498497009,210.126296997,-68.1135101318,38.9349479675,-7.89077425003,11.662147522,-11.1001281738,15.6601076126,-17.4123134613,11.2758312225],[345.450561523,-347.387084961,50.1936645508,58.607837677,-68.1135101318,191.772781372,-28.1501255035,56.3719062805,-1.7725301981,21.9114246368,-8.39118385315,7.08437013626,-21.899017334],[-397.915557861,91.9621658325,-67.3664245605,61.161567688,38.9349479675,-28.1501255035,131.222473145,-18.1355266571,19.8484516144,3.55620479584,12.5918960571,-9.80132770538,4.97195625305],[274.437103271,-172.308929443,29.3813819885,-28.5079917908,-7.89077425003,56.3719062805,-18.1355266571,94.2600402832,1.09601700306,25.6886177063,-7.7959690094,4.57075309753,-15.2186574936],[-242.580093384,89.896987915,-32.8163757324,32.1465339661,11.662147522,-1.7725301981,19.8484516144,1.09601700306,75.1699676514,-0.059114061296,19.6619281769,-13.8148984909,17.1591644287],[189.487472534,-168.040588379,32.7806091309,26.4328784943,-11.1001281738,21.9114246368,3.55620479584,25.6886177063,-0.059114061296,79.9518203735,1.92511737347,26.3522605896,-20.5066680908],[-214.216873169,69.67137146,-54.8603248596,49.5774993896,15.6601076126,-8.39118385315,12.5918960571,-7.7959690094,19.6619281769,1.92511737347,71.3273010254,-10.4114093781,19.3497943878],[-21.3724498749,-117.913635254,63.7951507568,-25.3614406586,-17.4123134613,7.08437013626,-9.80132770538,4.57075309753,-13.8148984909,26.3522605896,-10.4114093781,72.424987793,-6.0342502594],[-224.350036621,126.764404297,-35.6605682373,-1.33163321018,11.2758312225,-21.899017334,4.97195625305,-15.2186574936,17.1591644287,-20.5066680908,19.3497943878,-6.0342502594,59.3464317322]],"icov":[[0.000252172525506,-0.000708382984158,0.000674265029375,-0.000607717840467,0.000429658364737,-0.000755771645345,0.00109417701606,-0.00113928376231,0.00122273818124,-0.00119619164616,0.00126416538842,-0.000565136549994,0.000877079030033],[-0.000708382984158,0.0048924125731,-0.00128222734202,0.00304765440524,-0.00274481275119,0.00482502160594,-0.00341419037431,0.00579668441787,-0.00581712974235,0.00584786524996,-0.00446608383209,0.00376256695017,-0.00421441439539],[0.000674265029375,-0.00128222734202,0.00372480018996,-0.000529900833499,0.000599826860707,-0.00215029460378,0.00327179022133,-0.00199572974816,0.00267170649022,-0.00326418620534,0.00371076352894,-0.00199214485474,0.00250793807209],[-0.000607717840467,0.00304765440524,-0.000529900833499,0.00582420919091,-0.00125489407219,0.00122746138368,-0.00401307735592,0.00613803463057,-0.00467229587957,0.00229801773094,-0.00514677073807,0.00328292907216,-0.00223643542267],[0.000429658364737,-0.00274481275119,0.000599826860707,-0.00125489407219,0.00747394934297,-0.000778130139224,0.000450512889074,-0.00429004570469,0.00311866775155,-0.00309720076621,0.00144633895252,-0.000972706242464,0.00243200268596],[-0.000755771645345,0.00482502160594,-0.00215029460378,0.00122746138368,-0.000778130139224,0.0130784502253,-0.00265292427503,0.000875711150002,-0.00602209335193,0.00664178468287,-0.00434251734987,0.00362059473991,-0.00318702473305],[0.00109417701606,-0.00341419037431,0.00327179022133,-0.00401307735592,0.000450512889074,-0.00265292427503,0.0142342401668,-0.00425889203325,0.00384763581678,-0.00640252046287,0.00607328908518,-0.00265842373483,0.00438052229583],[-0.00113928376231,0.00579668441787,-0.00199572974816,0.00613803463057,-0.00429004570469,0.000875711150002,-0.00425889203325,0.0232001543045,-0.0089795999229,0.00269007892348,-0.00615318585187,0.00592729169875,-0.0041709151119],[0.00122273818124,-0.00581712974235,0.00267170649022,-0.00467229587957,0.00311866775155,-0.00602209335193,0.00384763581678,-0.0089795999229,0.0239579770714,-0.00892288982868,0.0045551196672,-0.00208502262831,0.00140106340405],[-0.00119619164616,0.00584786524996,-0.00326418620534,0.00229801773094,-0.00309720076621,0.00664178468287,-0.00640252046287,0.00269007892348,-0.00892288982868,0.0262235533446,-0.00900749582797,-0.00214605382644,-0.000297481979942],[0.00126416538842,-0.00446608383209,0.00371076352894,-0.00514677073807,0.00144633895252,-0.00434251734987,0.00607328908518,-0.00615318585187,0.0045551196672,-0.00900749582797,0.0247613508254,-0.00230271392502,-0.000268129224423],[-0.000565136549994,0.00376256695017,-0.00199214485474,0.00328292907216,-0.000972706242464,0.00362059473991,-0.00265842373483,0.00592729169875,-0.00208502262831,-0.00214605382644,-0.00230271392502,0.0209602769464,-0.00528984377161],[0.000877079030033,-0.00421441439539,0.00250793807209,-0.00223643542267,0.00243200268596,-0.00318702473305,0.00438052229583,-0.0041709151119,0.00140106340405,-0.000297481979942,-0.000268129224423,-0.00528984377161,0.0265916977078]],"mean":[-4.51962518692,120.513015747,-121.794624329,40.4667434692,-23.4441375732,-1.15660214424,-40.8545532227,9.80312252045,-23.402431488,-1.79598355293,-15.6992778778,-2.39003372192,-11.439573288]},"hfc":{"dmean":4.09412908554,"dmean2":6.49398326874,"dvar":24.0863838196,"dvar2":58.9097747803,"max":99.4426116943,"mean":22.8432693481,"median":21.1452445984,"min":1.11324799104e-16,"var":193.385025024},"melbands":{"dmean":[0.000845315691549,0.00228264112957,0.00108073058072,0.000626378692687,0.000295732403174,0.0002080295817,0.000125995866256,0.0000869780269568,0.0000669422515784,0.000042100353312,0.0000292082040687,0.0000334524811478,0.0000249908862315,0.0000215372983803,0.0000241462621489,0.0000339259895554,0.0000278388597508,0.0000251493311225,0.0000442469827249,0.000028927481253,0.0000340421211149,0.0000341281411238,0.0000177651527338,0.000016559037249,0.0000186486231541,0.00000756330973672,0.0000061186988205,0.00000394150993088,0.00000207302628041,9.62451395026e-7,6.38885239823e-7,4.76538048133e-7,4.98755355238e-7,4.46639148777e-7,3.00315122104e-7,2.67310554136e-7,1.94079831317e-7,2.17407091441e-7,2.30070696716e-7,1.70088426898e-7],"dmean2":[0.0014445844572,0.00394359370694,0.0018531876849,0.00104913918767,0.000497993896715,0.00035558998934,0.000214581945329,0.000144456891576,0.000113230897114,0.0000690532833687,0.0000477163630421,0.0000553884819965,0.00004172921399,0.000035635446693,0.0000403192243539,0.0000566679736949,0.0000461316740257,0.0000422375669586,0.0000745357465348,0.0000495204767503,0.0000566135677218,0.0000574073128519,0.0000298713657685,0.000026904652259,0.0000303589022224,0.0000127297744257,0.0000101196292235,0.00000644629699309,0.0000034406193663,0.00000160575109476,0.00000104210391783,7.51978632252e-7,8.04623198292e-7,7.10655683633e-7,4.63716304466e-7,3.99481109525e-7,2.84507791548e-7,3.10633623712e-7,3.35953671993e-7,2.5047387453e-7],"dvar":[7.99384508809e-7,0.00000664053550281,0.00000143322142776,7.4377811643e-7,1.39248456321e-7,1.27836329966e-7,5.25568566445e-8,2.71329536616e-8,9.51754852707e-9,4.55454074455e-9,2.73049227673e-9,3.44732620228e-9,1.45614176272e-9,8.54073978207e-10,1.35814381963e-9,3.02249070216e-9,1.66543534519e-9,1.21920085139e-9,3.50535001026e-9,1.36187772171e-9,2.59753707432e-9,2.34049135628e-9,5.40644640168e-10,1.20998577824e-9,1.90779170239e-9,1.35539190982e-10,1.78902725967e-10,7.31613797322e-11,2.2173185163e-11,3.97786317774e-12,2.30484706841e-12,1.27824790683e-12,2.07785134584e-12,1.72093762851e-12,6.55892061583e-13,7.91490842051e-13,3.44487350971e-13,5.39316475593e-13,4.92078166409e-13,1.92810380834e-13],"dvar2":[0.00000225852818403,0.0000192969400814,0.00000405528953706,0.00000205743026527,3.90999019828e-7,3.69122147958e-7,1.52669585418e-7,7.41956398542e-8,2.66467754528e-8,1.25136025986e-8,6.59780008405e-9,9.12038800038e-9,3.8817509207e-9,2.23443197278e-9,3.61947316563e-9,7.80649500598e-9,4.30020685727e-9,3.22920579165e-9,9.66649960077e-9,3.84983511736e-9,6.66141053429e-9,5.97431881744e-9,1.47387280158e-9,2.81905654376e-9,4.46109016394e-9,3.60426244406e-10,4.49575238148e-10,1.85021442611e-10,6.14315751046e-11,1.1060887449e-11,6.03296449256e-12,3.27227242698e-12,5.58728454128e-12,4.30689728673e-12,1.43587420599e-12,1.68146193583e-12,6.95404454507e-13,9.17822241819e-13,9.15598868424e-13,3.79433653551e-13],"max":[0.00995420850813,0.0245377924293,0.0125054558739,0.0141345802695,0.00556227844208,0.00747630093247,0.00836233701557,0.00435138400644,0.00160463433713,0.00261037121527,0.00220888387412,0.00188141886611,0.000754278269596,0.000812973536085,0.000624477746896,0.00118489854503,0.000870348536409,0.000759147282224,0.000997871509753,0.000707133789547,0.0019432924455,0.00118706398644,0.000417725677835,0.00139946711715,0.00164096662775,0.000348514935467,0.00074096408207,0.000363750004908,0.000151187894517,0.0000448710488854,0.0000449411891168,0.0000302989810734,0.0000549502146896,0.0000402458499593,0.0000239872224483,0.0000258352374658,0.0000214354695345,0.000033800402889,0.0000211209899135,0.0000122997562357],"mean":[0.00151827803347,0.00374231906608,0.0019959488418,0.00111682026181,0.000590083946008,0.000358508172212,0.000217765482375,0.000143399840454,0.000112800880743,0.0000783478972153,0.0000519323766639,0.0000571052405576,0.000044039079512,0.0000407487859775,0.0000430610198237,0.0000585856723774,0.000054566997278,0.0000496205830132,0.0000781974740676,0.0000589370065427,0.0000782566712587,0.0000779716065153,0.0000414690366597,0.0000395242677769,0.0000411871842516,0.0000191475282918,0.0000149391480591,0.0000098488662843,0.00000509283063366,0.00000228576504924,0.00000146650688748,0.0000011049017985,0.00000113556541237,0.00000100866463981,6.50844981465e-7,5.74592547764e-7,4.29456719075e-7,4.72107331007e-7,4.56897282675e-7,3.17078075796e-7],"median":[0.00128721888177,0.00302812736481,0.00160496495664,0.000815720064566,0.00044830085244,0.000260502187302,0.000154319830472,0.0000862320011947,0.000077011573012,0.0000568755931454,0.0000351800626959,0.0000378745717171,0.0000298472732538,0.0000294038345601,0.0000297344013234,0.000036373076,0.0000360710837413,0.0000374630471924,0.0000567174647585,0.0000484709380544,0.0000596715908614,0.0000599563827564,0.0000332197960233,0.0000211023761949,0.0000166516692843,0.0000129900508909,0.00000760630246077,0.00000433545301348,0.00000217156070903,0.00000107796677185,5.45682837583e-7,4.29339308994e-7,4.08568638477e-7,2.96923076348e-7,1.89209771406e-7,1.31750326204e-7,1.0626577307e-7,9.59574819603e-8,7.60603100503e-8,5.23066425728e-8],"min":[2.6394175567e-24,2.20122760917e-24,4.25779548326e-24,4.8246689576e-24,3.76707587969e-24,3.0039022577e-24,2.28749290181e-24,3.15441474905e-24,5.26672254862e-24,2.5272431137e-24,3.81138816889e-24,4.17099277912e-24,4.05267942056e-24,1.60294948358e-24,3.95484252451e-24,3.63355762161e-24,6.10065107736e-24,8.14098143301e-24,2.32718424104e-24,3.95172770722e-24,5.18414301134e-24,4.09733052551e-24,4.2611118545e-24,6.7022158933e-24,5.87294834922e-24,4.77649124996e-24,5.97644335011e-24,5.54267871505e-24,5.56342417913e-24,6.95024480595e-24,6.32529341962e-24,5.28081594313e-24,5.9168705467e-24,6.8797695504e-24,5.25205013022e-24,6.27094997515e-24,6.63272908046e-24,8.27651878058e-24,7.29870833362e-24,6.92779066915e-24],"var":[0.0000013629728528,0.00000921742230275,0.00000252685936175,0.00000109729535325,2.58808228182e-7,1.3899871476e-7,5.9082452708e-8,3.70055097676e-8,1.45774325944e-8,6.54624177088e-9,4.88437246204e-9,5.13544096137e-9,2.29429608645e-9,1.85052240198e-9,2.32386154764e-9,6.01617777818e-9,3.89307031057e-9,2.42598918732e-9,6.68384148028e-9,2.68963562533e-9,6.70560362792e-9,6.31245145044e-9,1.4329764042e-9,4.41961311992e-9,6.2793423794e-9,4.46888720473e-10,5.93129267923e-10,2.23289275958e-10,6.10180447835e-11,1.02518748699e-11,6.04501778495e-12,3.6961449526e-12,4.81085050269e-12,4.3977417194e-12,1.84877785823e-12,2.45975635693e-12,1.29725451301e-12,2.21134850882e-12,1.78854836757e-12,6.06552460168e-13]},"melbands_crest":{"dmean":3.6641793251,"dmean2":6.22705507278,"dvar":9.56477832794,"dvar2":27.539680481,"max":29.8548755646,"mean":14.8845796585,"median":14.4868335724,"min":1.92089903355,"var":19.4593811035},"melbands_flatness_db":{"dmean":0.0254152715206,"dmean2":0.0410410352051,"dvar":0.000481695140479,"dvar2":0.00125423865393,"max":0.544230282307,"mean":0.227606251836,"median":0.218848794699,"min":0.00413001235574,"var":0.00516868615523},"melbands_kurtosis":{"dmean":5.55684375763,"dmean2":9.37795066833,"dvar":50.475189209,"dvar2":149.156036377,"max":270.720123291,"mean":13.205701828,"median":8.9141998291,"min":-1.75368285179,"var":301.127502441},"melbands_skewness":{"dmean":0.677622199059,"dmean2":1.13689923286,"dvar":0.361699342728,"dvar2":1.0296561718,"max":11.3146276474,"mean":3.02013587952,"median":2.84728384018,"min":-0.181391820312,"var":1.63197290897},"melbands_spread":{"dmean":7.26323127747,"dmean2":12.1019992828,"dvar":60.5553398132,"dvar2":168.918823242,"max":152.358062744,"mean":24.0185108185,"median":20.391368866,"min":0.723109900951,"var":285.534210205},"mfcc":{"cov":[[9889.45703125,-388.976074219,-860.47076416,181.686294556,14.5976486206,77.7626342773,91.6521911621,82.9266357422,10.6751327515,251.112838745,130.643875122,-13.3732328415,-10.5715370178],[-388.976074219,1816.20800781,-326.110168457,145.721221924,85.9765167236,-133.458984375,-30.8539810181,-43.4100837708,20.0456161499,-57.2551383972,-68.0087051392,-24.5550880432,-16.6784477234],[-860.47076416,-326.110168457,561.28125,-157.788833618,41.1887817383,6.37301301956,-38.7807731628,-0.997505426407,-2.81041646004,-33.7842941284,-18.1501979828,3.60351109505,-2.34158611298],[181.686294556,145.721221924,-157.788833618,331.606872559,-23.4460811615,72.5479354858,17.308008194,-4.55062627792,-18.4030284882,15.285112381,24.4401092529,2.63436341286,14.5276689529],[14.5976486206,85.9765167236,41.1887817383,-23.4460811615,162.783157349,-18.3768177032,13.7511949539,-1.15224897861,5.90992069244,13.7415590286,-4.93488359451,9.56656742096,-3.84844207764],[77.7626342773,-133.458984375,6.37301301956,72.5479354858,-18.3768177032,116.319900513,8.84182167053,18.2374172211,-2.92421841621,5.73430776596,20.070482254,0.752432584763,4.26569223404],[91.6521911621,-30.8539810181,-38.7807731628,17.308008194,13.7511949539,8.84182167053,82.3569030762,8.40218639374,1.19272601604,12.0523538589,12.3654270172,3.04538440704,-3.27102518082],[82.9266357422,-43.4100837708,-0.997505426407,-4.55062627792,-1.15224897861,18.2374172211,8.40218639374,59.7247962952,11.3791160583,9.90644073486,0.16307002306,-0.356946021318,2.90819573402],[10.6751327515,20.0456161499,-2.81041646004,-18.4030284882,5.90992069244,-2.92421841621,1.19272601604,11.3791160583,58.7687454224,12.0018892288,-1.76216351986,2.12066721916,1.44869923592],[251.112838745,-57.2551383972,-33.7842941284,15.285112381,13.7415590286,5.73430776596,12.0523538589,9.90644073486,12.0018892288,66.8086166382,19.7196712494,9.30206108093,0.102423623204],[130.643875122,-68.0087051392,-18.1501979828,24.4401092529,-4.93488359451,20.070482254,12.3654270172,0.16307002306,-1.76216351986,19.7196712494,60.0884361267,10.2645835876,3.44966936111],[-13.3732328415,-24.5550880432,3.60351109505,2.63436341286,9.56656742096,0.752432584763,3.04538440704,-0.356946021318,2.12066721916,9.30206108093,10.2645835876,43.5715637207,14.0773639679],[-10.5715370178,-16.6784477234,-2.34158611298,14.5276689529,-3.84844207764,4.26569223404,-3.27102518082,2.90819573402,1.44869923592,0.102423623204,3.44966936111,14.0773639679,43.0367431641]],"icov":[[0.000133351801196,0.0000570089432586,0.00023469205189,0.0000317420963256,-0.0000923962215893,-0.0000278898842225,0.0000609924863966,-0.0000975290095084,0.0000592530595895,-0.000318493519444,-0.0000983749851002,0.000149092942593,0.0000205127907975],[0.0000570089432586,0.000879467988852,0.000578086648602,-0.000545679067727,-0.000666859792545,0.000978198833764,0.000473491032608,0.0000959311364568,-0.000542681198567,0.000847010058351,0.000436349422671,0.0002248728415,0.000351123599103],[0.00023469205189,0.000578086648602,0.00299532432109,0.000974251655862,-0.00119057029951,-0.00063990795752,0.00126725062728,0.0000403214799007,0.0000832524019643,0.000895464327186,0.000210601094295,-0.0000180361967068,0.000150422099978],[0.0000317420963256,-0.000545679067727,0.000974251655862,0.00477930950001,0.000352454459062,-0.00350939296186,-0.000407987972721,0.00104857620317,0.00157495285384,-0.00117838045117,-0.00055954803247,0.00015849583724,-0.00154370290693],[-0.0000923962215893,-0.000666859792545,-0.00119057029951,0.000352454459062,0.00736683560535,0.000373647664674,-0.0017919697566,0.000238427717704,0.0000812662910903,-0.0021708603017,0.000769170699641,-0.00170829729177,0.000504091032781],[-0.0000278898842225,0.000978198833764,-0.00063990795752,-0.00350939296186,0.000373647664674,0.0129130231217,-0.0000885499684955,-0.00361448037438,-0.000578124658205,0.00155047595035,-0.00251071597449,0.000594948651269,0.000535505125299],[0.0000609924863966,0.000473491032608,0.00126725062728,-0.000407987972721,-0.0017919697566,-0.0000885499684955,0.0138401454315,-0.00172617344651,-0.0000298312133964,-0.00032402278157,-0.00193206779659,-0.000408606603742,0.00171255576424],[-0.0000975290095084,0.0000959311364568,0.0000403214799007,0.00104857620317,0.000238427717704,-0.00361448037438,-0.00172617344651,0.019428934902,-0.00308600510471,-0.00225414498709,0.0020200656727,0.000976340204943,-0.00177510990761],[0.0000592530595895,-0.000542681198567,0.0000832524019643,0.00157495285384,0.0000812662910903,-0.000578124658205,-0.0000298312133964,-0.00308600510471,0.0191656667739,-0.00417168671265,0.000904749380425,-0.000337061530445,-0.00104952906258],[-0.000318493519444,0.000847010058351,0.000895464327186,-0.00117838045117,-0.0021708603017,0.00155047595035,-0.00032402278157,-0.00225414498709,-0.00417168671265,0.0208918713033,-0.0048136995174,-0.00290748453699,0.00190400530118],[-0.0000983749851002,0.000436349422671,0.000210601094295,-0.00055954803247,0.000769170699641,-0.00251071597449,-0.00193206779659,0.0020200656727,0.000904749380425,-0.0048136995174,0.0211818292737,-0.00370798585936,-0.000124408266856],[0.000149092942593,0.0002248728415,-0.0000180361967068,0.00015849583724,-0.00170829729177,0.000594948651269,-0.000408606603742,0.000976340204943,-0.000337061530445,-0.00290748453699,-0.00370798585936,0.0279571563005,-0.0090688066557],[0.0000205127907975,0.000351123599103,0.000150422099978,-0.00154370290693,0.000504091032781,0.000535505125299,0.00171255576424,-0.00177510990761,-0.00104952906258,0.00190400530118,-0.000124408266856,-0.0090688066557,0.0271556563675]],"mean":[-641.34753418,150.286315918,-25.8183898926,44.0753288269,26.2317409515,1.42021882534,1.04656839371,3.74313616753,-0.833805382252,0.979293823242,-2.79929947853,-1.6033577919,0.998021662235]},"pitch_salience":{"dmean":0.0761892423034,"dmean2":0.128650322556,"dvar":0.00421418948099,"dvar2":0.0118983127177,"max":0.881097435951,"mean":0.584004104137,"median":0.594214141369,"min":0.197794646025,"var":0.00962317548692},"silence_rate_20dB":{"dmean":0,"dmean2":0,"dvar":0,"dvar2":0,"max":1,"mean":1,"median":1,"min":1,"var":0},"silence_rate_30dB":{"dmean":0,"dmean2":0,"dvar":0,"dvar2":0,"max":1,"mean":1,"median":1,"min":1,"var":0},"silence_rate_60dB":{"dmean":0.000242336114752,"dmean2":0.000484730961034,"dvar":0.000242276975769,"dvar2":0.000484499440063,"max":1,"mean":0.0394960008562,"median":0,"min":0,"var":0.0379326567054},"spectral_centroid":{"dmean":194.193649292,"dmean2":320.241363525,"dvar":40846.4609375,"dvar2":103866.6875,"max":11488.8125,"mean":1449.60021973,"median":1405.68029785,"min":182.047805786,"var":564960.6875},"spectral_complexity":{"dmean":3.01223802567,"dmean2":4.94764900208,"dvar":7.03614902496,"dvar2":17.5825023651,"max":56,"mean":29.1015262604,"median":30,"min":0,"var":134.547943115},"spectral_contrast_coeffs":{"dmean":[0.0504798740149,0.0444167368114,0.0321201197803,0.0285899825394,0.0202832687646,0.0158226899803],"dmean2":[0.0856049582362,0.0756424963474,0.0541846379638,0.0484554767609,0.0339386314154,0.0249765440822],"dvar":[0.00157110404689,0.00122189347167,0.000632444338407,0.000490028469358,0.000252666999586,0.000239285494899],"dvar2":[0.00456914352253,0.00355422170833,0.00183413969353,0.00141590286512,0.000680601748172,0.000520518107805],"max":[-0.333598673344,-0.533872246742,-0.622788071632,-0.655601680279,-0.626553237438,-0.626307547092],"mean":[-0.637651383877,-0.758147895336,-0.812460064888,-0.786324441433,-0.763966679573,-0.764796793461],"median":[-0.639756500721,-0.760062098503,-0.813144385815,-0.785120129585,-0.763129472733,-0.765115380287],"min":[-0.974668323994,-0.966409265995,-0.976270198822,-0.968610048294,-0.965865075588,-0.963276803493],"var":[0.0046666637063,0.00324059603736,0.00161760824267,0.00164277397562,0.00149584654719,0.00264403177425]},"spectral_contrast_valleys":{"dmean":[0.373421728611,0.319533675909,0.267423868179,0.208880603313,0.162124603987,0.246378391981],"dmean2":[0.63689494133,0.534463703632,0.445453733206,0.347837388515,0.256387144327,0.325413554907],"dvar":[0.0951655507088,0.0734233036637,0.0566539466381,0.0373727977276,0.0337350070477,0.122826494277],"dvar2":[0.25719666481,0.185731261969,0.136853724718,0.0838308632374,0.062095630914,0.214344292879],"max":[-5.34667921066,-4.65245485306,-5.23642969131,-5.60491895676,-5.62133598328,-7.89230823517],"mean":[-6.71806573868,-6.57162666321,-7.24378871918,-7.22001504898,-7.28972625732,-10.8800954819],"median":[-6.45661258698,-6.32830047607,-6.98619174957,-6.87811756134,-6.96766662598,-10.6270694733],"min":[-27.6286907196,-28.0970039368,-27.7127075195,-27.5288410187,-27.495552063,-27.4069366455],"var":[2.11117386818,2.25442171097,2.26954364777,2.55108165741,2.65625929832,2.29213523865]},"spectral_decrease":{"dmean":2.59341370601e-9,"dmean2":4.44354952833e-9,"dvar":7.14278813464e-18,"dvar2":2.04928438106e-17,"max":1.25404605176e-28,"mean":-8.58116955271e-9,"median":-8.37747116123e-9,"min":-2.9086598019e-8,"var":1.28913790632e-17},"spectral_energy":{"dmean":0.00994710531086,"dmean2":0.0170323997736,"dvar":0.000105443570646,"dvar2":0.00030192633858,"max":0.11647181958,"mean":0.0344591550529,"median":0.033982411027,"min":1.01533867563e-20,"var":0.000199292888283},"spectral_energyband_high":{"dmean":0.000151536369231,"dmean2":0.000225498020882,"dvar":7.48283568441e-8,"dvar2":1.66997480733e-7,"max":0.00556375831366,"mean":0.000465681572678,"median":0.000250320124906,"min":7.57585723248e-21,"var":3.50404377514e-7},"spectral_energyband_low":{"dmean":0.00835678912699,"dmean2":0.0144163118675,"dvar":0.000079032004578,"dvar2":0.000229521639994,"max":0.0834784805775,"mean":0.0165717639029,"median":0.0147031936795,"min":2.37244505659e-23,"var":0.000118731084513},"spectral_energyband_middle_high":{"dmean":0.00144289771561,"dmean2":0.00233534839936,"dvar":0.00000288034493678,"dvar2":0.00000723747280063,"max":0.0381044447422,"mean":0.00697436416522,"median":0.00642405822873,"min":1.25291649901e-21,"var":0.0000227679975069},"spectral_energyband_middle_low":{"dmean":0.00463936571032,"dmean2":0.0078435074538,"dvar":0.0000361040583812,"dvar2":0.0000999976618914,"max":0.0823365077376,"mean":0.0127267232165,"median":0.0113414209336,"min":2.31507906001e-22,"var":0.0000589655464864},"spectral_entropy":{"dmean":0.0980197116733,"dmean2":0.149351999164,"dvar":0.010640816763,"dvar2":0.0226354971528,"max":9.81544017792,"mean":7.47566270828,"median":7.54605913162,"min":5.23796463013,"var":0.163002118468},"spectral_flux":{"dmean":0.0190041605383,"dmean2":0.0307494103909,"dvar":0.00035230172216,"dvar2":0.000816180836409,"max":0.278492122889,"mean":0.0924709737301,"median":0.093630284071,"min":6.63280194657e-11,"var":0.00136897701304},"spectral_kurtosis":{"dmean":2.31462788582,"dmean2":3.98621273041,"dvar":7.46602392197,"dvar2":21.5939044952,"max":53.2811889648,"mean":7.33850955963,"median":6.26253414154,"min":-1.22052180767,"var":23.3854026794},"spectral_rms":{"dmean":0.000800037581939,"dmean2":0.00135897798464,"dvar":5.67081201552e-7,"dvar2":0.00000163308232004,"max":0.0106597859412,"mean":0.00560642499477,"median":0.00575791392475,"min":3.14733894329e-12,"var":0.00000218664399654},"spectral_rolloff":{"dmean":406.022399902,"dmean2":701.565551758,"dvar":229404.453125,"dvar2":588140.5625,"max":19315.2832031,"mean":1428.09936523,"median":1399.65820312,"min":43.06640625,"var":1407989.75},"spectral_skewness":{"dmean":0.240691810846,"dmean2":0.39984241128,"dvar":0.0591201148927,"dvar2":0.156493231654,"max":5.71529436111,"mean":1.63094043732,"median":1.52961492538,"min":-0.0629553124309,"var":0.371398866177},"spectral_spread":{"dmean":363401.75,"dmean2":501213.9375,"dvar":357941575680,"dvar2":556233326592,"max":42292440,"mean":3288918.5,"median":2889848.25,"min":1312475.625,"var":4036158029820},"spectral_strongpeak":{"dmean":0.341047495604,"dmean2":0.60545539856,"dvar":1.01776134968,"dvar2":2.84026122093,"max":19.2098770142,"mean":0.519704580307,"median":0.351419985294,"min":0,"var":1.10037350655},"zerocrossingrate":{"dmean":0.00699911219999,"dmean2":0.00893024541438,"dvar":0.0000594159864704,"dvar2":0.0000791412530816,"max":0.51416015625,"mean":0.0513185709715,"median":0.04833984375,"min":0.00537109375,"var":0.000904005079065}},"metadata":{"audio_properties":{"analysis_sample_rate":44100,"bit_rate":0,"codec":"flac","downmix":"mix","equal_loudness":0,"length":191.626663208,"lossless":true,"md5_encoded":"453e40c1b702f0233aa6294890ef040c","replay_gain":-11.7315273285,"sample_rate":44100},"tags":{"album":["MACHINA II/the friends & enemies of modern music"],"album artist":["The Smashing Pumpkins"],"albumartist":["The Smashing Pumpkins"],"albumartistsort":["Smashing Pumpkins, The"],"artist":["The Smashing Pumpkins"],"artistsort":["Smashing Pumpkins, The"],"composer":["Billy Corgan"],"date":["2000-09-05"],"discnumber":["1"],"disctotal":["2"],"file_name":"Machina2.Q101.cd1t01.flac","genre":["Rock; Alternative Rock; Alternative; Grunge; Indie Rock"],"grouping":["Rock"],"label":["Q101"],"language":["eng"],"lyricist":["Billy Corgan"],"media":["CD"],"mood":["Melancholy; Melancholic; Mellow"],"musicbrainz_albumartistid":["ba0d6274-db14-4ef5-b28d-657ebde1a396"],"musicbrainz_albumid":["063e29a2-1c82-3adc-b34e-942e44d98ad2"],"musicbrainz_artistid":["ba0d6274-db14-4ef5-b28d-657ebde1a396"],"musicbrainz_recordingid":["1eca6513-58f8-48ed-9a7a-1ffca7a360da"],"musicbrainz_releasegroupid":["f6675c5f-549d-34d8-bf24-9e9a3c86b418"],"musicbrainz_releasetrackid":["1d9fbecf-50ac-34d1-acb3-28b3f79bc197"],"musicbrainz_workid":["0e7cff45-2fb3-4bda-8b16-f3d16bbebf07"],"originaldate":["2000-09-05"],"originalyear":["2000"],"performer":["The Smashing Pumpkins"],"releasecountry":["US"],"releasestatus":["bootleg"],"releasetype":["album"],"script":["Latn"],"title":["Slow Dawn"],"totaldiscs":["2"],"totaltracks":["11"],"tracknumber":["1"],"tracktotal":["11"]},"version":{"essentia":"2.1-beta1","essentia_build_sha":"ca57ba49d9b1854bd80e60cf9ccf267278fb7d6b","essentia_git_sha":"v2.1_beta1-28-g21ef5f4-dirty","extractor":"music 1.0"}},"rhythm":{"beats_count":513,"beats_loudness":{"dmean":0.0110191106796,"dmean2":0.0194602366537,"dvar":0.0000893389005796,"dvar2":0.000259991269559,"max":0.0833994746208,"mean":0.0351895205677,"median":0.0