{"lowlevel":{"average_loudness":0.948572278023,"barkbands":{"dmean":[0.0000365460582543,0.00412834296003,0.00311937881634,0.00128998619039,0.00185200828128,0.00158891512547,0.00046293908963,0.000235464511206,0.00097139592981,0.000422334938776,0.000392717629438,0.000516913132742,0.000501892413013,0.000512436206918,0.000619146914687,0.000565804657526,0.000553197984118,0.000417490547989,0.000378662196454,0.000243554459303,0.000182164629223,0.000203075833269,0.000111790570372,0.0000858604689711,0.0000486883400299,0.0000425671169069,0.0000139885669341],"dmean2":[0.0000662492093397,0.00693158293143,0.00560690555722,0.00225874665193,0.00310791609809,0.00262640370056,0.000790300604422,0.000396512623411,0.00152044277638,0.000673003203701,0.000621820334345,0.00082047044998,0.000807988457382,0.000846321112476,0.00100522756111,0.000905826047529,0.000875702884514,0.000658570730593,0.000590563518927,0.000371811067453,0.000289060088107,0.000302189553622,0.000167742269696,0.000135380090796,0.0000766185112298,0.0000702139586792,0.00002355572542],"dvar":[5.7814797394e-9,0.0000447188358521,0.0000933612827794,0.00000933424962568,0.0000163955119206,0.000015914445612,0.00000183405654752,7.28367012925e-7,0.00000637204948362,0.00000231232320402,0.00000215687327909,0.0000022605202048,0.0000018694947812,0.00000220475999413,0.00000191774711311,0.00000126102713693,0.00000145724027334,6.63580692617e-7,4.46017594413e-7,1.95412141579e-7,1.46433961845e-7,1.41826930644e-7,5.35126858381e-8,2.62844519483e-8,8.2232611831e-9,8.9471701159e-9,1.05898623204e-9],"dvar2":[1.62292792538e-8,0.000120079144835,0.000261457287706,0.0000254700717051,0.0000426500810136,0.0000401355537178,0.00000480619883092,0.00000194378003471,0.0000149318684635,0.00000549527021576,0.00000542319321539,0.00000544794420421,0.00000467482686872,0.00000561777005714,0.00000472652527606,0.00000314172893923,0.00000352310530616,0.00000156872567914,0.00000105478773094,4.76324942156e-7,3.70175712305e-7,3.19356416867e-7,1.20758301136e-7,6.5463822807e-8,1.98816643149e-8,2.32071393214e-8,2.71404609897e-9],"max":[0.000846764014568,0.0903474837542,0.0902898311615,0.0393759310246,0.0733973830938,0.0903843566775,0.0290189795196,0.0195874497294,0.0484283976257,0.0595328882337,0.0463051497936,0.0287587400526,0.0240649171174,0.0363279506564,0.0215772055089,0.020243011415,0.0310726817697,0.0203748233616,0.0186292491853,0.00701463641599,0.00998910423368,0.0081047443673,0.00615578470752,0.00499429553747,0.00238964823075,0.000966935360339,0.000229322773521],"mean":[0.0000326180852426,0.00849163532257,0.00249343691394,0.00111134594772,0.00201857765205,0.00164501194376,0.00043000493315,0.000229663259233,0.00114290229976,0.000455121538835,0.000423302990384,0.000566255126614,0.000519694644026,0.000512738653924,0.000712060835212,0.000747842830606,0.000714731926564,0.000578308885451,0.000554500264116,0.000343695224728,0.00024773698533,0.000309246330289,0.000172880943865,0.000112293564598,0.0000552346718905,0.0000347916247847,0.000010498220945],"median":[0.00000464429194835,0.0025619706139,0.000269272830337,0.000165316538187,0.000725911988411,0.000419987394707,0.0000877201382536,0.0000416628681705,0.000245896837441,0.0000572310054849,0.0000662082748022,0.0000984841171885,0.0000995141963358,0.000127667633933,0.00019860159955,0.000252231868217,0.000298277125694,0.000282650376903,0.000279727188172,0.000146373655298,0.000107311141619,0.000130827640533,0.0000746062432881,0.0000479010195704,0.0000179722937901,0.00000325704831994,2.57132882098e-7],"min":[8.91993917564e-25,3.29797500924e-24,5.44599986681e-24,1.8322606005e-24,8.95600175471e-24,2.01392134358e-23,7.34026079294e-24,1.41027567034e-23,2.05214938527e-23,2.44695170691e-23,2.53826677432e-23,3.8829497648e-23,4.32079407292e-23,3.90784242843e-23,5.87562724197e-23,6.44752426144e-23,8.68529987523e-23,1.11351844092e-22,1.75003187755e-22,1.58322515655e-22,3.07315823406e-22,3.72713629383e-22,4.74502636524e-22,5.48697667855e-22,9.22243778995e-22,1.37093927908e-21,1.82725025301e-21],"var":[4.77237671603e-9,0.00010774628754,0.0000625470274827,0.00000742710790291,0.0000154990029841,0.0000145160929605,0.00000155206851105,6.08836955962e-7,0.00000847077717481,0.00000291594164992,0.00000214877786675,0.00000269741121883,0.00000187247894701,0.00000200446834242,0.00000226046267926,0.0000016951314592,0.00000173836099293,8.87311784936e-7,6.40307177946e-7,2.60408711483e-7,1.77564430714e-7,2.71745136615e-7,1.27548389628e-7,3.36857084449e-8,8.65122373739e-9,7.171253813e-9,8.33886071305e-10]},"barkbands_crest":{"dmean":3.17672729492,"dmean2":5.00942564011,"dvar":8.99607849121,"dvar2":19.4866466522,"max":26.8499469757,"mean":12.3907852173,"median":10.393242836,"min":2.4287083149,"var":45.4486351013},"barkbands_flatness_db":{"dmean":0.0322589613497,"dmean2":0.0467067696154,"dvar":0.0014779715566,"dvar2":0.00284785358235,"max":0.767997682095,"mean":0.15554112196,"median":0.130534827709,"min":0.0238209273666,"var":0.00906116794795},"barkbands_kurtosis":{"dmean":39.2021560669,"dmean2":63.3132972717,"dvar":79283.328125,"dvar2":194215.03125,"max":6782.23535156,"mean":46.4984664917,"median":0.347786664963,"min":-1.88919520378,"var":112826.976562},"barkbands_skewness":{"dmean":1.31048119068,"dmean2":1.92687785625,"dvar":9.07148170471,"dvar2":20.2094478607,"max":69.8521728516,"mean":2.06209397316,"median":1.00464332104,"min":-3.9315776825,"var":22.4664134979},"barkbands_spread":{"dmean":8.70086479187,"dmean2":13.4345550537,"dvar":86.3012466431,"dvar2":200.678665161,"max":120.50176239,"mean":27.6608562469,"median":27.6053466797,"min":0.0097744949162,"var":222.203186035},"dissonance":{"dmean":0.0141708087176,"dmean2":0.0239243302494,"dvar":0.000300144543871,"dvar2":0.000802838825621,"max":0.500000119209,"mean":0.478308290243,"median":0.486015945673,"min":0.250766456127,"var":0.000540638633538},"dynamic_complexity":2.78679943085,"erbbands":{"dmean":[0.0944868400693,1.03389763832,3.26585769653,4.05624628067,6.38380479813,5.45042276382,8.21333503723,14.7040214539,9.48759937286,4.970058918,5.94052791595,21.0355148315,20.913974762,9.50025177002,19.8778362274,19.203130722,20.5333919525,27.4323310852,25.3225955963,31.423582077,28.6884002686,28.938117981,22.7629528046,19.2041740417,16.9235515594,10.4101438522,7.53599882126,7.95874166489,7.84623861313,4.92420816422,2.85580849648,2.17798280716,1.14314103127,0.63850659132,0.300786554813,0.158659145236,0.0920754820108,0.022922726348,0.00203158264048,0.0000884658002178],"dmean2":[0.16628152132,1.71002483368,5.76188421249,7.19090652466,10.8635444641,9.16409683228,13.5686721802,24.5297985077,15.9621629715,8.34479904175,9.7967376709,32.6583824158,32.4733581543,15.4962511063,30.9156188965,30.3305625916,32.7705917358,44.5694274902,39.8124465942,50.6205978394,45.3675842285,45.0373153687,35.1548881531,29.4629974365,26.1386947632,15.7070960999,11.4167871475,12.552022934,11.687005043,7.48881864548,4.26741409302,3.42653822899,1.77883028984,1.00583362579,0.476395606995,0.261356264353,0.153176754713,0.0381342172623,0.00338804721832,0.000140296542668],"dvar":[0.0224728565663,2.92053103447,82.1711959839,126.780700684,265.047210693,130.94291687,330.895843506,1674.45349121,737.59942627,227.887924194,463.907623291,3228.88916016,4627.40478516,1252.80615234,3795.75390625,3671.78344727,3002.39331055,7050.33496094,2999.44946289,4811.31982422,3191.33081055,4415.30517578,1848.63647461,1267.2010498,888.695800781,361.409545898,229.838104248,267.7159729,204.063369751,103.813568115,35.637096405,17.0093421936,4.91855144501,1.45727133751,0.333708703518,0.12016864866,0.0429997481406,0.00278223981149,0.0000224516570597,3.09244789776e-8],"dvar2":[0.0657677054405,7.70316410065,226.719863892,354.775024414,700.656921387,338.793243408,863.572631836,4285.54785156,1872.98046875,613.163513184,1210.22143555,7190.53662109,11152.3652344,3353.73730469,9307.00878906,9110.29199219,7510.96533203,17960.8867188,7171.65039062,11953.2988281,7851.89599609,10522.5771484,4316.33544922,2950.66113281,2078.12451172,885.623657227,545.119628906,687.818786621,466.88848877,231.578430176,79.7477035522,42.3681144714,11.8530168533,3.56201815605,0.815435647964,0.316713392735,0.110452219844,0.0071214530617,0.0000580483683734,7.47963397885e-8],"max":[1.87284469604,22.140127182,87.1579284668,121.320518494,324.173217773,201.909469604,400.311187744,977.877624512,623.347229004,330.575683594,771.929199219,1072.7421875,1724.11621094,1525.50109863,1782.88049316,1352.07922363,1049.56713867,1945.64904785,1121.47827148,1644.81286621,1346.44482422,1905.72399902,919.918762207,861.370666504,687.046020508,337.81552124,401.490509033,311.641113281,280.664459229,279.962097168,166.960281372,136.014526367,64.2565689087,36.0198783875,13.215886116,6.30579471588,1.44292116165,0.366105020046,0.0343200489879,0.00125887652393],"mean":[0.178699284792,2.14084267616,3.26142430305,3.4845032692,5.80553245544,5.86728429794,10.4361772537,13.4994163513,8.80924892426,5.05137777328,6.23891305923,25.5303153992,24.1541900635,10.5360937119,23.3184299469,21.4341163635,22.5615024567,28.5140361786,31.0046272278,39.3955421448,42.6636314392,40.7119750977,33.0232124329,27.7309741974,27.4482154846,15.2473220825,10.2267837524,11.0307502747,11.5970640182,7.6781411171,4.43506002426,2.90038752556,1.52100026608,0.758889436722,0.315813392401,0.136705771089,0.0730720311403,0.0176526904106,0.00155249272939,0.0000924544074223],"median":[0.0348463878036,0.711023628712,1.24666130543,0.528850913048,1.04418933392,2.09228444099,3.38046598434,2.43453884125,1.59266018867,1.29056847095,1.65543138981,6.57658910751,2.90373682976,2.76782107353,4.23120546341,4.5100030899,5.13477420807,7.35058164597,9.5401468277,12.8408985138,16.2388973236,18.7399559021,16.9476928711,14.0713701248,13.6038589478,7.00066804886,4.3746471405,4.40404558182,4.81730699539,3.2211997509,1.95846819878,1.19140172005,0.695948600769,0.290132015944,0.0794737115502,0.0218789353967,0.00477073108777,0.00061147037195,0.0000617455079919,0.0000318905840686],"min":[7.26567020782e-23,8.83505634595e-22,4.21467545634e-21,1.04308759635e-20,9.80882968048e-21,3.70399684515e-20,7.86741044875e-20,1.24340432586e-19,1.80393473765e-19,2.03425064226e-19,4.1689122221e-19,4.49764051837e-19,9.19096612027e-19,7.93616259934e-19,1.45834837125e-18,1.76643551271e-18,1.86352087403e-18,2.56652947572e-18,2.48815700781e-18,2.82670755687e-18,4.37159287547e-18,4.92078248597e-18,5.8548249075e-18,6.80955801128e-18,9.00082686915e-18,8.18224976215e-18,8.79122426502e-18,1.08226491549e-17,1.15846347003e-17,1.54512855106e-17,1.51023873457e-17,1.03775540206e-17,1.02816953682e-17,8.18990366436e-18,6.36174310716e-18,4.44793751011e-18,2.34727491461e-18,1.07890594182e-18,2.25589161945e-19,2.72952283048e-20],"var":[0.0527477562428,6.74198818207,60.6775054932,88.2984008789,218.257919312,132.349746704,343.017089844,1450.15759277,661.492126465,191.137954712,402.509887695,4595.89306641,5775.95068359,1068.07592773,4519.72509766,3978.65429688,3083.15917969,6268.66113281,4007.32495117,5777.28271484,4774.12646484,5472.84960938,2634.89819336,1754.59924316,1465.16210938,482.281433105,296.133117676,356.350128174,379.677307129,231.487503052,79.6763763428,23.8692951202,6.33343076706,1.57400548458,0.326750874519,0.0949964895844,0.0345308743417,0.00223420164548,0.0000176507546712,2.8401023755e-8]},"erbbands_crest":{"dmean":3.37906694412,"dmean2":5.44146823883,"dvar":10.5391073227,"dvar2":26.3260345459,"max":30.0575885773,"mean":9.35036659241,"median":8.06912899017,"min":2.48884177208,"var":24.0217552185},"erbbands_flatness_db":{"dmean":0.0270242877305,"dmean2":0.0378694795072,"dvar":0.000828102987725,"dvar2":0.00160901399795,"max":0.467663139105,"mean":0.164447724819,"median":0.159036636353,"min":0.0364816710353,"var":0.00347582483664},"erbbands_kurtosis":{"dmean":2.96967840195,"dmean2":4.43492174149,"dvar":183.970550537,"dvar2":339.525238037,"max":369.805389404,"mean":3.96148443222,"median":0.207750320435,"min":-1.91435325146,"var":650.487670898},"erbbands_skewness":{"dmean":0.57803362608,"dmean2":0.848821938038,"dvar":0.676599740982,"dvar2":1.35950362682,"max":15.5120019913,"mean":-0.257537961006,"median":-0.414986312389,"min":-3.93898963928,"var":2.71194982529},"erbbands_spread":{"dmean":14.2690906525,"dmean2":21.0422286987,"dvar":306.729309082,"dvar2":666.08605957,"max":209.871826172,"mean":42.1405944824,"median":35.7275428772,"min":0.636099457741,"var":761.518798828},"gfcc":{"cov":[[14565.1855469,-108.122909546,-1705.19763184,-339.240234375,-1023.3046875,-79.5644378662,-781.586669922,-98.9514160156,-427.290710449,-42.1751594543,-313.733062744,84.671585083,-232.533966064],[-108.122909546,1503.49682617,138.175521851,234.021133423,412.237976074,121.362625122,173.800201416,-20.1493797302,97.8890533447,-83.6859512329,40.1707115173,-109.503448486,44.6054077148],[-1705.19763184,138.175521851,2199.73071289,392.586395264,580.903991699,360.112243652,354.479553223,176.159393311,110.148895264,196.884979248,32.438117981,-17.1806907654,-66.3692626953],[-339.240234375,234.021133423,392.586395264,785.531555176,288.042236328,95.5827713013,73.9440002441,13.5308856964,125.989471436,3.29617762566,38.9737205505,-67.783706665,80.4131088257],[-1023.3046875,412.237976074,580.903991699,288.042236328,723.077819824,168.535491943,210.865402222,72.8489227295,156.235702515,78.1506958008,28.0014400482,-49.0353775024,9.20466518402],[-79.5644378662,121.362625122,360.112243652,95.5827713013,168.535491943,442.022064209,258.7315979,122.473945618,81.1130981445,76.5441360474,58.315410614,8.49485778809,-17.6120090485],[-781.586669922,173.800201416,354.479553223,73.9440002441,210.865402222,258.7315979,484.462371826,150.187011719,97.2954025269,62.4857978821,92.8930130005,32.8716087341,-13.1533098221],[-98.9514160156,-20.1493797302,176.159393311,13.5308856964,72.8489227295,122.473945618,150.187011719,207.686172485,89.5677719116,57.6941833496,53.3809280396,43.3100585938,-3.21537470818],[-427.290710449,97.8890533447,110.148895264,125.989471436,156.235702515,81.1130981445,97.2954025269,89.5677719116,202.080795288,72.0047225952,59.1688690186,9.28620243073,31.5791740417],[-42.1751594543,-83.6859512329,196.884979248,3.29617762566,78.1506958008,76.5441360474,62.4857978821,57.6941833496,72.0047225952,156.194961548,58.964717865,29.4800739288,-10.4455060959],[-313.733062744,40.1707115173,32.438117981,38.9737205505,28.0014400482,58.315410614,92.8930130005,53.3809280396,59.1688690186,58.964717865,138.398986816,61.6858711243,21.5668144226],[84.671585083,-109.503448486,-17.1806907654,-67.783706665,-49.0353775024,8.49485778809,32.8716087341,43.3100585938,9.28620243073,29.4800739288,61.6858711243,131.126251221,24.2894821167],[-232.533966064,44.6054077148,-66.3692626953,80.4131088257,9.20466518402,-17.6120090485,-13.1533098221,-3.21537470818,31.5791740417,-10.4455060959,21.5668144226,24.2894821167,96.5159835815]],"icov":[[0.000122356970678,-0.000120713149954,0.000126386992633,-0.000162080323207,0.000138548348332,-0.000145680067362,0.000196698645595,-0.000180025745067,0.000231911137234,-0.000377888092771,0.000477011839394,-0.000411869958043,0.000433827313827],[-0.000120713149954,0.00112218875438,-0.000115450660815,0.00027644255897,-0.000670968554914,-0.0000112661691674,-0.000355121941539,0.000500835943967,-0.000495212967508,0.00143321114592,-0.00131628103554,0.00129731569905,-0.000804164330475],[0.000126386992633,-0.000115450660815,0.000895249773748,-0.000529207289219,-0.000263301335508,-0.000338212033967,3.26800318362e-7,-0.000464821350761,0.000730451312847,-0.00119343958795,0.000985913909972,-0.000679655640852,0.000944924599025],[-0.000162080323207,0.00027644255897,-0.000529207289219,0.00226631597616,-0.000580169493333,-0.0000104435994217,-0.0000770392434788,0.000569912197534,-0.0011176377302,0.00145598268136,-0.00169466808438,0.00203085388057,-0.00231760973111],[0.000138548348332,-0.000670968554914,-0.000263301335508,-0.000580169493333,0.00275240233168,-0.000116223513032,-0.000285132584395,-0.00000409396443501,-0.000852005672641,-0.00120569090359,0.00133308593649,-0.000270687363809,0.000542031368241],[-0.000145680067362,-0.0000112661691674,-0.000338212033967,-0.0000104435994217,-0.000116223513032,0.00386830908246,-0.00165458733682,-0.000648811459541,-0.00019470762345,-0.000412075954955,-0.000547769945115,0.000761871575378,-0.000150011852384],[0.000196698645595,-0.000355121941539,3.26800318362e-7,-0.0000770392434788,-0.000285132584395,-0.00165458733682,0.00422944221646,-0.00164942804258,0.000232936217799,0.000213274863199,-0.000884481705725,-0.000869752431754,0.00131253723521],[-0.000180025745067,0.000500835943967,-0.000464821350761,0.000569912197534,-0.00000409396443501,-0.000648811459541,-0.00164942804258,0.00841652601957,-0.00338874920271,0.000778561632615,-0.00088355562184,-0.00110422610305,0.000146299455082],[0.000231911137234,-0.000495212967508,0.000730451312847,-0.0011176377302,-0.000852005672641,-0.00019470762345,0.000232936217799,-0.00338874920271,0.00980469305068,-0.00403711665422,-0.000138794726809,0.000265039270744,-0.00149497005623],[-0.000377888092771,0.00143321114592,-0.00119343958795,0.00145598268136,-0.00120569090359,-0.000412075954955,0.000213274863199,0.000778561632615,-0.00403711665422,0.0127624962479,-0.00579336239025,0.00142076099291,0.000127387349494],[0.000477011839394,-0.00131628103554,0.000985913909972,-0.00169466808438,0.00133308593649,-0.000547769945115,-0.000884481705725,-0.00088355562184,-0.000138794726809,-0.00579336239025,0.0154022499919,-0.00727674365044,0.00127843220253],[-0.000411869958043,0.00129731569905,-0.000679655640852,0.00203085388057,-0.000270687363809,0.000761871575378,-0.000869752431754,-0.00110422610305,0.000265039270744,0.00142076099291,-0.00727674365044,0.0145094208419,-0.0057001626119],[0.000433827313827,-0.000804164330475,0.000944924599025,-0.00231760973111,0.000542031368241,-0.000150011852384,0.00131253723521,0.000146299455082,-0.00149497005623,0.000127387349494,0.00127843220253,-0.0057001626119,0.0161150097847]],"mean":[-24.5581951141,62.5955314636,-123.837463379,52.3574523926,-47.61668396,15.956489563,-34.8459129333,7.17546319962,-17.7018127441,-1.70101416111,-12.8358364105,3.64958143234,-6.91724824905]},"hfc":{"dmean":11.6281013489,"dmean2":16.7976169586,"dvar":246.123184204,"dvar2":564.22833252,"max":218.858642578,"mean":22.1998252869,"median":17.0842399597,"min":1.05513021503e-16,"var":424.681030273},"melbands":{"dmean":[0.00100788613781,0.00152862339746,0.000780147733167,0.000438647519331,0.000262714980636,0.000319616025081,0.000134613335831,0.0000529555436515,0.0000554233520234,0.000146496895468,0.00010361718887,0.0000374715455109,0.0000602653890382,0.0000638760393485,0.0000400804492529,0.0000551133343833,0.0000524368078914,0.0000405929895351,0.0000478868787468,0.0000397715957661,0.000035653654777,0.0000316425066558,0.0000288733826892,0.0000179734415724,0.000016296224203,0.0000141142609209,0.0000107665118776,0.00000646692205919,0.00000512341011927,0.00000424647487307,0.00000491829723615,0.00000499851057612,0.00000341166992257,0.00000258146360466,0.00000173982027718,0.00000155656573497,0.00000134581318889,8.60723901042e-7,6.59905197153e-7,5.00019268657e-7],"dmean2":[0.00170911103487,0.00261085736565,0.00136258651037,0.000736041169148,0.000432975648437,0.000530578370672,0.000226365838898,0.0000889793882379,0.0000909275840968,0.000227202137467,0.000161496078363,0.0000617396071902,0.0000938293451327,0.00010078723426,0.0000647130436846,0.0000886935085873,0.0000864709654707,0.0000642624654574,0.0000774937143433,0.0000640105936327,0.0000566838934901,0.0000496027496411,0.0000458262766188,0.0000282119199255,0.0000253079670074,0.0000221109276026,0.0000166789996001,0.00000990331227513,0.00000781431845098,0.00000681530900692,0.00000778423236625,0.00000744217504689,0.0000052228565437,0.00000394783774027,0.00000264867321675,0.00000242786950366,0.00000216973671741,0.00000136370204018,0.00000101671253105,8.01119426797e-7],"dvar":[0.00000259354487753,0.0000121459415823,0.00000353603354597,0.00000100366105471,3.19505375046e-7,7.42238569273e-7,1.42123425917e-7,2.95555757646e-8,4.75209773754e-8,1.49654013626e-7,1.16018227914e-7,2.0753427421e-8,4.13361895824e-8,3.31990399616e-8,1.79170154269e-8,2.16706155243e-8,2.88993078357e-8,7.78071385099e-9,1.32943602793e-8,7.76426478666e-9,5.62673596605e-9,5.04030506221e-9,4.53752235785e-9,1.23924848161e-9,1.02241881628e-9,7.04360958448e-10,3.99217131575e-10,1.60071012001e-10,1.07768266533e-10,8.07947458936e-11,1.04136602119e-10,8.42896238917e-11,5.15224668485e-11,2.98474023275e-11,1.46057957395e-11,1.02967816565e-11,6.41560112327e-12,2.97853582076e-12,1.53074341397e-12,8.88960942618e-13],"dvar2":[0.00000703404020896,0.0000327074885718,0.0000097241718322,0.00000261039485849,8.28231293326e-7,0.00000188338913176,3.61582522146e-7,7.94112153812e-8,1.22612632936e-7,3.38855130622e-7,2.79150100368e-7,5.53800809655e-8,1.01943882669e-7,7.76026354288e-8,4.55449900016e-8,5.41062448178e-8,7.42873069726e-8,1.85792554674e-8,3.28072360389e-8,1.94926759178e-8,1.41618663463e-8,1.2207739708e-8,1.09765458944e-8,2.93735902268e-9,2.43281683687e-9,1.64903268818e-9,9.65313384782e-10,3.97807953245e-10,2.50173354255e-10,2.03495345574e-10,2.66593747078e-10,1.92533725074e-10,1.2073253508e-10,6.63293586722e-11,3.30566546358e-11,2.52911615262e-11,1.63335733827e-11,7.2841723972e-12,3.6589520476e-12,2.20151956561e-12],"max":[0.0218746289611,0.0344798341393,0.0180756878108,0.0184383094311,0.0141575820744,0.0199644770473,0.00812897924334,0.00364115461707,0.00904996879399,0.00713608553633,0.00920306798071,0.00577608682215,0.00574918789789,0.0042278575711,0.00299172941595,0.00273921363987,0.00442671636119,0.00172910850961,0.00200282922015,0.00202092318796,0.00193838938139,0.00195352872834,0.00153562333435,0.000889414164703,0.000877806334756,0.000784437987022,0.00035208670306,0.000230191435548,0.000221983864321,0.000237689047935,0.000182135001523,0.000176971356268,0.000245532166446,0.000140040836413,0.000110735250928,0.0000974847062025,0.0000789366386016,0.0000464263721369,0.0000346509514202,0.000027939408028],"mean":[0.00213003368117,0.00218981015496,0.000682764395606,0.000429722625995,0.000334241631208,0.000302405213006,0.000125730788568,0.0000528543787368,0.0000563534231333,0.000176156783709,0.000116774368507,0.000038160054828,0.0000682713362039,0.0000715222995495,0.0000418486197304,0.0000572609533265,0.0000509457568114,0.0000462892749056,0.0000545299371879,0.0000494829873787,0.0000504419294884,0.0000420508513344,0.0000365311170754,0.000025512475986,0.0000218885434151,0.0000210097223317,0.0000165617402672,0.00000868132519827,0.00000662576758259,0.00000568067298445,0.00000664077015244,0.0000070758937909,0.00000508322409587,0.00000389079741581,0.0000026048919608,0.00000211545079765,0.00000166071072272,0.00000111744964215,8.10544406704e-7,5.70320310089e-7],"median":[0.000533793587238,0.00110902090091,0.000108593681944,0.000104661528894,0.000121492077596,0.0000616065735812,0.000023153355869,0.0000119604219435,0.0000132775776365,0.0000405452083214,0.0000115735620057,0.00000783967516327,0.0000113148998935,0.0000123581621665,0.00000807329161034,0.0000113108917503,0.0000118404177556,0.0000130521639221,0.0000150492378452,0.0000164269877132,0.0000183928641491,0.0000180929437192,0.0000157282865985,0.0000125444621517,0.0000100203187685,0.0000103207130451,0.00000712741621101,0.00000345478065356,0.00000252550944424,0.00000252628569797,0.00000244912939706,0.0000026908082873,0.00000216898956751,0.00000156112116656,0.00000111210738396,8.62351384967e-7,6.20540731688e-7,4.83673318286e-7,3.19868917131e-7,1.93157930539e-7],"min":[8.53153956465e-25,2.07145565152e-24,2.42980104253e-24,1.43780480573e-24,2.65013797918e-24,3.40216617988e-24,3.01418742618e-24,3.17752699306e-24,3.03004431924e-24,3.04167055126e-24,4.55711889298e-24,2.70262405065e-24,3.99459993084e-24,3.60233845129e-24,3.68736740168e-24,2.86213586721e-24,4.0790585348e-24,3.06813880678e-24,4.58512463841e-24,4.0152168106e-24,5.40205439793e-24,4.73627590988e-24,6.10032567224e-24,5.37152508647e-24,4.72231307185e-24,5.92723184026e-24,5.69479831327e-24,5.06979407326e-24,5.02037193755e-24,6.61622256045e-24,5.92917874898e-24,6.01065506428e-24,6.64103499693e-24,7.7375958314e-24,8.48071779248e-24,6.84453271149e-24,5.92561506984e-24,6.52902937017e-24,6.70584623119e-24,7.00031696305e-24],"var":[0.0000069469419941,0.0000119142978292,0.00000264310915554,9.01048451851e-7,3.36438660042e-7,6.58070689497e-7,1.27864311139e-7,2.4720000269e-8,4.21461265887e-8,2.11398017314e-7,1.45090822912e-7,1.79787580379e-8,4.6052925029e-8,4.20335837248e-8,1.70197971272e-8,2.19158007297e-8,2.46743514509e-8,1.03525215067e-8,1.49360026569e-8,9.2417877795e-9,7.72620634137e-9,6.07272143682e-9,5.27786214732e-9,1.70379022002e-9,1.29907384849e-9,1.01300068334e-9,6.13100570312e-10,1.96591853907e-10,1.4073193999e-10,9.36075106317e-11,1.46602022189e-10,1.51023207828e-10,8.74599281886e-11,7.20942819332e-11,3.17977345843e-11,1.56571075549e-11,7.7551957911e-12,3.70206729855e-12,1.86253746801e-12,9.16693912618e-13]},"melbands_crest":{"dmean":3.75388836861,"dmean2":6.09157323837,"dvar":10.4168615341,"dvar2":25.1571998596,"max":34.6076278687,"mean":16.1074790955,"median":16.1248474121,"min":1.58545517921,"var":37.1567268372},"melbands_flatness_db":{"dmean":0.0393217802048,"dmean2":0.0562260597944,"dvar":0.00195641815662,"dvar2":0.00378772802651,"max":0.915332555771,"mean":0.20129275322,"median":0.175885647535,"min":0.00352271203883,"var":0.0150385564193},"melbands_kurtosis":{"dmean":27.5181846619,"dmean2":42.5467376709,"dvar":6670.61523438,"dvar2":15617.0332031,"max":1264.03442383,"mean":36.3988418579,"median":5.38810920715,"min":-1.86727702618,"var":10709.0498047},"melbands_skewness":{"dmean":1.51051056385,"dmean2":2.24304986,"dvar":4.95346879959,"dvar2":10.3023958206,"max":27.419757843,"mean":3.38113927841,"median":2.25510764122,"min":-2.52525401115,"var":14.2723331451},"melbands_spread":{"dmean":12.8263864517,"dmean2":19.4460811615,"dvar":212.471313477,"dvar2":461.889587402,"max":265.789337158,"mean":35.3133659363,"median":29.2717037201,"min":0.227292314172,"var":840.512695312},"mfcc":{"cov":[[9751.87988281,154.108230591,-1199.96044922,-435.69732666,-527.582336426,-423.123748779,-586.458251953,-340.602874756,-377.601501465,-279.345458984,-288.182922363,-230.355789185,-222.682800293],[154.108230591,1327.20324707,69.4508285522,84.0341415405,228.860671997,157.200424194,164.646682739,95.7180938721,96.9943008423,48.952457428,49.3872871399,31.2601490021,46.9183044434],[-1199.96044922,69.4508285522,1408.70690918,262.341827393,275.334533691,263.898162842,314.866973877,117.672637939,179.397994995,133.497207642,127.721534729,154.782806396,67.4008407593],[-435.69732666,84.0341415405,262.341827393,631.796020508,295.517547607,139.002853394,73.7928009033,38.212726593,106.648864746,78.4296646118,-24.162481308,38.3305740356,76.216796875],[-527.582336426,228.860671997,275.334533691,295.517547607,525.348022461,185.592010498,77.0728530884,32.2411155701,129.397232056,119.457633972,25.2349243164,44.8722839355,74.4243011475],[-423.123748779,157.200424194,263.898162842,139.002853394,185.592010498,348.963012695,205.852600098,104.921714783,128.76953125,102.729011536,85.8275222778,86.3564300537,23.3665962219],[-586.458251953,164.646682739,314.866973877,73.7928009033,77.0728530884,205.852600098,340.695495605,162.081939697,116.733161926,80.5214309692,109.134124756,95.7770843506,31.1351032257],[-340.602874756,95.7180938721,117.672637939,38.212726593,32.2411155701,104.921714783,162.081939697,245.043304443,96.4697875977,52.0510444641,98.9217681885,48.2612342834,43.1344490051],[-377.601501465,96.9943008423,179.397994995,106.648864746,129.397232056,128.76953125,116.733161926,96.4697875977,182.432785034,96.1770019531,56.9857597351,58.7592124939,33.7691230774],[-279.345458984,48.952457428,133.497207642,78.4296646118,119.457633972,102.729011536,80.5214309692,52.0510444641,96.1770019531,165.159225464,83.3403701782,42.395401001,40.2738800049],[-288.182922363,49.3872871399,127.721534729,-24.162481308,25.2349243164,85.8275222778,109.134124756,98.9217681885,56.9857597351,83.3403701782,165.312332153,70.4331130981,34.2219352722],[-230.355789185,31.2601490021,154.782806396,38.3305740356,44.8722839355,86.3564300537,95.7770843506,48.2612342834,58.7592124939,42.395401001,70.4331130981,131.522476196,50.7280693054],[-222.682800293,46.9183044434,67.4008407593,76.216796875,74.4243011475,23.3665962219,31.1351032257,43.1344490051,33.7691230774,40.2738800049,34.2219352722,50.7280693054,124.50944519]],"icov":[[0.000129399268189,-0.0000603685439273,0.0000509567362315,0.00000755200562708,0.0000817978798295,-0.0000327259404003,0.000159352377523,-0.00000416716011387,0.00010506871331,-0.0000473246400361,0.000101045821793,-0.000078813834989,0.000131961583975],[-0.0000603685439273,0.000914425996598,0.0000968210442807,0.0000951355177676,-0.000458679132862,-0.0000828120100778,-0.000516477273777,8.4701389369e-7,-0.00022294325754,0.000332225696184,-0.000147186496179,0.000298456085147,-0.000272763776593],[0.0000509567362315,0.0000968210442807,0.00106421113014,-0.000190225968254,-0.000288470706437,0.00000251861661127,-0.0007341906894,0.000310030154651,-0.000220800662646,0.0000973849819275,-0.000251501216553,-0.000460656912765,0.000128343410324],[0.00000755200562708,0.0000951355177676,-0.000190225968254,0.00246028206311,-0.000964924227446,-0.000331225135596,-0.0000421605400334,-0.000265208014753,-0.000292128679575,-0.000378416822059,0.0014836078044,-0.0000314373646688,-0.000877375772689],[0.0000817978798295,-0.000458679132862,-0.000288470706437,-0.000964924227446,0.00371028622612,-0.00126525119413,0.000875670230016,0.000545663875528,-0.000833544589113,-0.00112081551924,0.00039227202069,0.000531748228241,-0.00105824111961],[-0.0000327259404003,-0.0000828120100778,0.00000251861661127,-0.000331225135596,-0.00126525119413,0.00600450392812,-0.00233867531642,-0.000154357796418,-0.000867729482707,-0.000843329995405,-0.000357124750735,-0.0014814742608,0.00165165914223],[0.000159352377523,-0.000516477273777,-0.0007341906894,-0.0000421605400334,0.000875670230016,-0.00233867531642,0.00731939682737,-0.00270566903055,-0.00016976945335,-0.000356492149876,-0.000317246245686,-0.00181377585977,0.000912904273719],[-0.00000416716011387,8.4701389369e-7,0.000310030154651,-0.000265208014753,0.000545663875528,-0.000154357796418,-0.00270566903055,0.00800948683172,-0.00317801674828,0.00204236200079,-0.00374515913427,0.00222200271674,-0.00208325055428],[0.00010506871331,-0.00022294325754,-0.000220800662646,-0.000292128679575,-0.000833544589113,-0.000867729482707,-0.00016976945335,-0.00317801674828,0.0116022117436,-0.00470477016643,0.00219139340334,-0.0025762594305,0.00119719270151],[-0.0000473246400361,0.000332225696184,0.0000973849819275,-0.000378416822059,-0.00112081551924,-0.000843329995405,-0.000356492149876,0.00204236200079,-0.00470477016643,0.0124432342127,-0.00591820338741,0.00225921696983,-0.0018637762405],[0.000101045821793,-0.000147186496179,-0.000251501216553,0.0014836078044,0.00039227202069,-0.000357124750735,-0.000317246245686,-0.00374515913427,0.00219139340334,-0.00591820338741,0.013375043869,-0.00451254751533,0.000155780042405],[-0.000078813834989,0.000298456085147,-0.000460656912765,-0.0000314373646688,0.000531748228241,-0.0014814742608,-0.00181377585977,0.00222200271674,-0.0025762594305,0.00225921696983,-0.00451254751533,0.0139372330159,-0.00481095863506],[0.000131961583975,-0.000272763776593,0.000128343410324,-0.000877375772689,-0.00105824111961,0.00165165914223,0.000912904273719,-0.00208325055428,0.00119719270151,-0.0018637762405,0.000155780042405,-0.00481095863506,0.0118493670598]],"mean":[-658.723205566,83.6057662964,-8.10063552856,35.0469360352,12.6537322998,12.6208238602,-1.35992145538,10.4632663727,-0.464392721653,0.912462234497,0.213890224695,-2.49307966232,-0.592437028885]},"pitch_salience":{"dmean":0.092439904809,"dmean2":0.146040305495,"dvar":0.00746662868187,"dvar2":0.0165914390236,"max":0.905651152134,"mean":0.489310443401,"median":0.522211074829,"min":0.0213676765561,"var":0.0358898416162},"silence_rate_20dB":{"dmean":0,"dmean2":0,"dvar":0,"dvar2":0,"max":1,"mean":1,"median":1,"min":1,"var":0},"silence_rate_30dB":{"dmean":0.00104712042958,"dmean2":0.00209451490082,"dvar":0.00104596407618,"dvar2":0.00313714542426,"max":1,"mean":0.999476492405,"median":1,"min":0,"var":0.00052319112001},"silence_rate_60dB":{"dmean":0.0306282714009,"dmean2":0.0612645633519,"dvar":0.0296879895031,"dvar2":0.070077739656,"max":1,"mean":0.0507786944509,"median":0,"min":0,"var":0.0481993891299},"spectral_centroid":{"dmean":401.406799316,"dmean2":601.884216309,"dvar":177776.28125,"dvar2":411291.28125,"max":11521.0322266,"mean":1953.38598633,"median":1917.09973145,"min":69.013458252,"var":922657.5},"spectral_complexity":{"dmean":6.16177988052,"dmean2":8.4298992157,"dvar":44.313495636,"dvar2":85.6785888672,"max":61,"mean":18.033241272,"median":16,"min":0,"var":146.311538696},"spectral_contrast_coeffs":{"dmean":[0.0592503249645,0.0600717402995,0.0483151897788,0.041883263737,0.0318531692028,0.0260373167694],"dmean2":[0.0969734936953,0.0962257236242,0.0744488686323,0.0644323974848,0.0482072345912,0.0389303714037],"dvar":[0.00269339419901,0.00276062474586,0.0020324413199,0.00143277831376,0.000968766922597,0.000647084088996],"dvar2":[0.00643853470683,0.00640440220013,0.00423671072349,0.00319429766387,0.00202925130725,0.00142927770503],"max":[-0.283627420664,-0.32920011878,-0.401406794786,-0.457669913769,-0.516663074493,-0.56565785408],"mean":[-0.649734854698,-0.739604651928,-0.780713260174,-0.780859827995,-0.78253865242,-0.74394851923],"median":[-0.650406122208,-0.748716950417,-0.806186556816,-0.796105325222,-0.792462468147,-0.741066515446],"min":[-0.975921571255,-0.975234746933,-0.972484111786,-0.972651183605,-0.967030346394,-0.96326571703],"var":[0.0072769774124,0.0088435234502,0.0094837769866,0.00549762137234,0.00394497253001,0.00292206788436]},"spectral_contrast_valleys":{"dmean":[0.562132418156,0.569068312645,0.509634971619,0.479125469923,0.423397362232,0.461611032486],"dmean2":[0.876728713512,0.867337346077,0.750067293644,0.711982011795,0.580877304077,0.571683168411],"dvar":[0.260615974665,0.325486660004,0.298691540956,0.288415282965,0.25910371542,0.292238712311],"dvar2":[0.545168220997,0.698304533958,0.645120561123,0.631589591503,0.545356571674,0.543928623199],"max":[-5.20103883743,-4.99826669693,-5.30624246597,-5.54565286636,-5.28338241577,-7.37066268921],"mean":[-7.8475227356,-7.63307619095,-7.8342461586,-7.81331825256,-7.4224190712,-10.0648412704],"median":[-7.66156339645,-7.36879968643,-7.61157369614,-7.5243601799,-7.15244817734,-9.78277397156],"min":[-28.0767707825,-27.7349777222,-27.7897491455,-27.4643268585,-27.4474048615,-27.4370689392],"var":[2.90377855301,2.79113888741,2.75879716873,2.74993753433,2.69281339645,2.38902926445]},"spectral_decrease":{"dmean":3.06734726507e-9,"dmean2":4.83013229413e-9,"dvar":1.93197213767e-17,"dvar2":4.77085881236e-17,"max":1.27568688395e-28,"mean":-6.00192118227e-9,"median":-5.02920238787e-9,"min":-4.15652401387e-8,"var":2.62852852379e-17},"spectral_energy":{"dmean":0.0124084502459,"dmean2":0.0193406473845,"dvar":0.000304627086734,"dvar2":0.000747841899283,"max":0.168261542916,"mean":0.0246662646532,"median":0.0205618981272,"min":1.01034586515e-20,"var":0.000416582421167},"spectral_energyband_high":{"dmean":0.000716922571883,"dmean2":0.00104574707802,"dvar":0.00000159097078267,"dvar2":0.00000377770697924,"max":0.0298327356577,"mean":0.00109004159458,"median":0.000548109295778,"min":6.98804766424e-21,"var":0.00000259967555394},"spectral_energyband_low":{"dmean":0.00652420613915,"dmean2":0.0110404174775,"dvar":0.000162299911608,"dvar2":0.000417794333771,"max":0.126983582973,"mean":0.0115908775479,"median":0.0057763652876,"min":3.33527298393e-23,"var":0.000226004063734},"spectral_energyband_middle_high":{"dmean":0.00332256383263,"dmean2":0.00488578807563,"dvar":0.0000253904127021,"dvar2":0.0000577486243856,"max":0.0730533078313,"mean":0.00583708845079,"median":0.00409911340103,"min":1.21949898791e-21,"var":0.0000429435676779},"spectral_energyband_middle_low":{"dmean":0.0051190610975,"dmean2":0.00821621716022,"dvar":0.0000762458148529,"dvar2":0.000189443744603,"max":0.129367306828,"mean":0.00682424893603,"median":0.00336536508985,"min":2.27019173855e-22,"var":0.0000890373485163},"spectral_entropy":{"dmean":0.210201516747,"dmean2":0.308624207973,"dvar":0.087678141892,"dvar2":0.178352504969,"max":9.82592010498,"mean":7.74026870728,"median":7.83271551132,"min":3.46782231331,"var":0.337472289801},"spectral_flux":{"dmean":0.0328540727496,"dmean2":0.0494783893228,"dvar":0.00154311466031,"dvar2":0.00286866817623,"max":0.364381849766,"mean":0.0943772271276,"median":0.0832875445485,"min":6.47125825148e-11,"var":0.00307905673981},"spectral_kurtosis":{"dmean":1.7648537159,"dmean2":2.82606911659,"dvar":12.8163671494,"dvar2":30.5153427124,"max":82.6420516968,"mean":3.92658925056,"median":3.06085252762,"min":-1.25355184078,"var":25.6799564362},"spectral_rms":{"dmean":0.00112832500599,"dmean2":0.00166917021852,"dvar":0.000001615322617,"dvar2":0.00000364208744941,"max":0.0128124002367,"mean":0.00450678449124,"median":0.00447888253257,"min":3.13959123456e-12,"var":0.00000375353306481},"spectral_rolloff":{"dmean":773.361694336,"dmean2":1255.50793457,"dvar":1339124.25,"dvar2":2904334.75,"max":19293.75,"mean":2214.02124023,"median":2045.65429688,"min":64.599609375,"var":4512570.5},"spectral_skewness":{"dmean":0.267132520676,"dmean2":0.406362593174,"dvar":0.128782942891,"dvar2":0.285724580288,"max":7.68291807175,"mean":1.25874650478,"median":1.20092689991,"min":-0.0784982815385,"var":0.365315020084},"spectral_spread":{"dmean":793942.4375,"dmean2":1121319.875,"dvar":1174147694590,"dvar2":2234907885570,"max":42975168,"mean":4694336.5,"median":4222782.5,"min":1149075.25,"var":7873098153980},"spectral_strongpeak":{"dmean":0.570354580879,"dmean2":0.97507584095,"dvar":0.987497866154,"dvar2":2.5141274929,"max":12.9460945129,"mean":0.839820742607,"median":0.456440299749,"min":0,"var":1.25580143929},"zerocrossingrate":{"dmean":0.015174745582,"dmean2":0.0171283874661,"dvar":0.000279950501863,"dvar2":0.000343769643223,"max":0.521484375,"mean":0.0772237181664,"median":0.06884765625,"min":0.0029296875,"var":0.00296587171033}},"metadata":{"audio_properties":{"analysis_sample_rate":44100,"bit_rate":0,"codec":"flac","downmix":"mix","equal_loudness":0,"length":177.386672974,"lossless":true,"md5_encoded":"2d9ffbef5778c30e5519f4164d3d628e","replay_gain":-13.8677253723,"sample_rate":44100},"tags":{"album":["Tougher Than Leather"],"albumartist":["Run-D.M.C."],"albumartistsort":["Run-D.M.C."],"artist":["Run-D.M.C."],"artistsort":["Run-D.M.C."],"barcode":["4988017636008"],"bpm":["98"],"catalognumber":["BVCM-37653"],"date":["2005-11-23"],"discnumber":["1"],"disctotal":["1"],"file_name":"03 They Call Us Run-DMC.flac","isrc":["USAR19901313"],"label":["BMG JAPAN"],"media":["CD"],"musicbrainz_albumartistid":["5ecc3f72-20a6-47a0-8dc5-fb0b3dadeea0"],"musicbrainz_albumid":["3ae45677-cb96-3cf9-8108-ec761d96f3d8"],"musicbrainz_artistid":["5ecc3f72-20a6-47a0-8dc5-fb0b3dadeea0"],"musicbrainz_recordingid":["1eefcbc2-b6a4-48a1-b5b5-766831be57c2"],"musicbrainz_releasegroupid":["0ef6d1c3-dc87-336f-a9d3-74ca0572c291"],"musicbrainz_releasetrackid":["3b4dc3f9-8e82-3ffd-b67b-909d1deae532"],"originaldate":["1988"],"originalyear":["1988"],"releasecountry":["JP"],"releasestatus":["official"],"releasetype":["album"],"script":["Latn"],"title":["They Call Us Run-DMC"],"totaldiscs":["1"],"totaltracks":["16"],"tracknumber":["3"],"tracktotal":["16"]},"version":{"essentia":"2.1-beta2","essentia_build_sha":"70f2e5ece6736b2c40cc944ad0e695b16b925413","essentia_git_sha":"v2.1_beta2","extractor":"music 1.0"}},"rhythm":{"beats_count":291,"beats_loudness":{"dmean":0.0185059066862,"dmean2":0.0332154482603,"dvar":0.000246730283834,"dvar2":0.000710053427611,"max":0.104866832495,"mean":0.0361604094505,"median":0.0316828750074,"min":5.7481991389e-10,"var":0.000335112388711},"beats_loudness_band_ratio":{"dmean":[0.268868505955,0.181758880615,0.092