{"lowlevel":{"average_loudness":0.302622765303,"barkbands":{"dmean":[0.00000358378451892,0.00131383223925,0.00104140490294,0.000662470643874,0.00131258484907,0.0008020492387,0.000402762845624,0.000730479718186,0.000369233282981,0.000500745605677,0.000528718810529,0.000191032959265,0.000273614859907,0.000186632751138,0.000207545177545,0.000412821013015,0.00014044661657,0.0000945424180827,0.0000731283871573,0.0000246107010753,0.00000781472408562,0.00000412522194893,0.00000125076621771,5.84584654462e-7,2.73905214954e-7,1.20269092463e-7,1.39994495996e-8],"dmean2":[0.00000601835972702,0.00142620888073,0.00113450468052,0.000871956173796,0.0016236868687,0.00106685911305,0.000560629996471,0.0010378791485,0.000555135891773,0.00078271800885,0.000880904262885,0.000309952651151,0.000463761854917,0.000313163240207,0.000344475294696,0.000709058193024,0.000236877938733,0.000162668235134,0.000125416918308,0.0000425201433245,0.0000131269607664,0.000006775041129,0.00000205261221708,9.55804466685e-7,4.31982499549e-7,1.97599163698e-7,2.23432312652e-8],"dvar":[4.11330795813e-11,0.00000721192009223,0.00000595612391407,0.00000279036862594,0.00000681354504195,0.00000283897747977,5.23379128481e-7,0.00000295588006338,6.68138113724e-7,0.00000243203453465,0.00000242717919718,1.64561527072e-7,3.0405982443e-7,1.55697435389e-7,1.10556662491e-7,0.00000122246080991,5.84960631045e-8,3.99729387368e-8,1.65180189526e-8,2.1382600135e-9,4.2205630657e-10,7.79974695941e-11,1.26211116211e-11,1.76208917249e-12,3.03083052362e-13,6.78805698717e-14,1.52218702764e-15],"dvar2":[1.06874120664e-10,0.00000981498305919,0.00000657979080643,0.00000474170838061,0.0000108764743345,0.00000464367803943,0.0000010165566664,0.00000601901820119,0.00000146089701047,0.00000729011117073,0.00000628156431048,4.30930498396e-7,8.58919293023e-7,4.12795174043e-7,2.87871756655e-7,0.0000035236396343,1.67317580235e-7,1.17326692362e-7,4.61677771568e-8,6.37480868093e-9,1.24396737355e-9,1.91104770897e-10,2.92393505241e-11,3.8966477614e-12,6.88414765731e-13,1.77117475959e-13,3.52191407853e-15],"max":[0.000249917880865,0.104247629642,0.122732207179,0.0688101053238,0.0865467265248,0.0645961165428,0.0175634995103,0.0798201784492,0.0324671529233,0.0596221350133,0.0414361357689,0.00790727045387,0.00777233298868,0.0118824522942,0.00722763780504,0.0315886773169,0.00416333787143,0.00517917331308,0.00335950450972,0.000849732256029,0.000687382067554,0.000229810873861,0.0000920967577258,0.0000603894732194,0.0000189031761693,0.0000078584662333,0.00000152509994678],"mean":[0.00000840351549414,0.00681767938659,0.00532579515129,0.00225756852888,0.00481968186796,0.00203509884886,0.000900293409359,0.00141227676068,0.000650386791676,0.000829568947665,0.000764665543102,0.000331957446178,0.00043641589582,0.000305518798996,0.000346267857822,0.000647783104796,0.000244747207034,0.000166791127413,0.000126506958622,0.0000473185064038,0.0000164654557011,0.0000100765355455,0.00000312399697577,0.00000177610411356,0.00000100516240309,4.22783074328e-7,5.7511979179e-8],"median":[0.00000170736359451,0.0016087917611,0.000971816596575,0.00056890421547,0.00129719870165,0.000782602466643,0.000411903718486,0.000368175882613,0.000240934372414,0.000302443397231,0.000190632912563,0.000119421820273,0.000150631487486,0.000132507149829,0.000185935932677,0.000245046161581,0.000140065007145,0.000088700428023,0.0000765453660279,0.0000323824096995,0.00000964382797974,0.00000542108227819,0.0000018792281935,0.000001162825356,6.65858749471e-7,2.52146946877e-7,3.76910023192e-8],"min":[6.19449870381e-25,2.14041787186e-24,1.39409313551e-24,4.51943342982e-24,1.33995440044e-23,1.00515631024e-23,1.0936671349e-23,1.57296277037e-23,1.73117718684e-23,2.25171620594e-23,1.94627983417e-23,4.09475355359e-23,3.06150511766e-23,2.89861038944e-23,5.37147128615e-23,5.31477616844e-23,7.10270732202e-23,1.14361859627e-22,1.464946003e-22,1.6076662131e-22,1.95913997087e-22,3.64363113871e-22,3.1758891285e-22,5.75020630976e-22,9.39411310803e-22,1.45465274396e-21,2.04396652479e-21],"var":[4.48859838187e-10,0.00012716697529,0.000135408321512,0.0000241849720624,0.0000827493931865,0.0000135022610266,0.00000199311443794,0.0000112184961836,0.00000193867685994,0.00000471437715532,0.00000451795449408,3.61218212674e-7,5.24682377545e-7,3.13442399147e-7,2.38825322185e-7,0.00000206046047424,1.10411441767e-7,7.07150746848e-8,3.10264844927e-8,3.95304544654e-9,9.45645117767e-10,3.10951153715e-10,3.41364957135e-11,6.89702201601e-12,1.95844360694e-12,3.29903313868e-13,7.2497228083e-15]},"barkbands_crest":{"dmean":1.52789974213,"dmean2":2.25494647026,"dvar":2.3699054718,"dvar2":5.66134214401,"max":23.8887958527,"mean":10.4150218964,"median":9.783203125,"min":3.39221787453,"var":13.8568162918},"barkbands_flatness_db":{"dmean":0.0114398617297,"dmean2":0.0167575739324,"dvar":0.000112351182906,"dvar2":0.000252028752584,"max":0.408618241549,"mean":0.189550638199,"median":0.185118854046,"min":0.0633001103997,"var":0.00192166550551},"barkbands_kurtosis":{"dmean":1.95553052425,"dmean2":3.13388609886,"dvar":26.1344203949,"dvar2":74.9315719604,"max":151.907043457,"mean":4.36430549622,"median":1.63587474823,"min":-1.691639781,"var":95.663848877},"barkbands_skewness":{"dmean":0.356600552797,"dmean2":0.544880270958,"dvar":0.145088538527,"dvar2":0.345041483641,"max":11.1681222916,"mean":1.61110186577,"median":1.45339083672,"min":-2.18030548096,"var":1.48148930073},"barkbands_spread":{"dmean":2.5588760376,"dmean2":3.99377179146,"dvar":5.24113798141,"dvar2":12.8382520676,"max":42.2664909363,"mean":14.8207149506,"median":14.6726074219,"min":1.01479053497,"var":40.6585655212},"dissonance":{"dmean":0.0198532007635,"dmean2":0.0331726484001,"dvar":0.000301190535538,"dvar2":0.000833904370666,"max":0.499999910593,"mean":0.450096458197,"median":0.45366615057,"min":0.336521357298,"var":0.000685666454956},"dynamic_complexity":5.50888299942,"erbbands":{"dmean":[0.0132430559024,0.373910665512,1.25319898129,1.57259404659,3.53878974915,4.25510883331,5.31001615524,7.03799676895,5.83981657028,13.3418054581,11.0773239136,10.3472490311,10.4164743423,13.7002000809,25.3142852783,8.74377536774,13.0116424561,9.35213565826,9.40896701813,18.0906867981,13.4478569031,5.75374269485,4.8438668251,5.31934547424,1.64798700809,1.37987017632,0.427669227123,0.23666934669,0.104663006961,0.11950070411,0.0362205170095,0.0161701645702,0.00823927670717,0.00385187519714,0.00178154127207,0.000920597813092,0.000157714704983,0.0000256090806943,0.00000279812820736,0.00000471721159556],"dmean2":[0.0148893836886,0.403693586588,1.33604097366,2.02745175362,4.30646324158,5.43482971191,6.90095710754,9.53675460815,8.10276889801,18.1890907288,16.3307151794,15.7008037567,15.5527982712,22.4631900787,42.0395545959,14.2897672653,22.1103858948,15.5774745941,15.7081718445,30.5488567352,22.8600196838,9.6410779953,8.37559127808,9.08702659607,2.8310046196,2.38323163986,0.728350222111,0.397912561893,0.172398924828,0.196877002716,0.0600689724088,0.0270068403333,0.013625449501,0.00628067273647,0.00289226905443,0.00151211279444,0.000251213932643,0.0000407115003327,0.00000395895176553,0.00000606713820162],"dvar":[0.000934693438467,0.590452432632,8.76024532318,18.0279769897,76.2653808594,67.6976394653,111.250289917,272.577819824,132.66053772,953.794067383,710.734985352,534.393371582,482.910675049,3492.89501953,5534.29785156,300.63760376,736.560913086,315.039764404,354.771118164,1455.4831543,1060.77197266,107.920089722,83.266418457,106.857521057,6.92875289917,6.97096681595,1.30190443993,0.378704220057,0.0382548980415,0.0916709303856,0.0090789180249,0.00108951551374,0.00100020645186,0.0000665937841404,0.0000124766229419,0.00000456317184216,9.48692360225e-8,3.47036333004e-9,1.97009838998e-11,5.6222020095e-11],"dvar2":[0.00157751783263,0.766837537289,8.97898674011,26.4464416504,113.375740051,122.143745422,202.148773193,433.610809326,282.545166016,1821.09729004,1496.97265625,1184.04797363,1081.88452148,10873.6962891,14273.6777344,798.509033203,2094.68383789,837.426513672,921.424621582,4053.81518555,3051.52612305,299.193939209,242.522399902,292.803070068,19.168176651,21.0860824585,3.86615562439,1.04275882244,0.10089764744,0.228939414024,0.0243162848055,0.00299456738867,0.00184157886542,0.000148099337821,0.0000327309280692,0.0000121539878819,2.32158299696e-7,7.95706700529e-9,3.7660253388e-11,9.1002594349e-11],"max":[1.54254388809,32.6422386169,164.907089233,213.099105835,343.078369141,309.103210449,310.660491943,712.238769531,290.291442871,1369.73168945,778.123352051,915.297546387,518.702575684,2292.42285156,1879.69873047,299.725494385,353.756866455,322.268615723,560.364196777,968.669006348,830.278808594,291.706207275,198.752578735,329.109558105,42.85679245,50.9294662476,41.7246627808,14.7188415527,4.40884590149,8.9214258194,3.09869456291,0.772473156452,1.66234457493,0.291860431433,0.0776455923915,0.0627429038286,0.00937251467258,0.00231712195091,0.000212567698327,0.000288212497253],"mean":[0.0782345831394,1.93989861012,6.73430967331,6.58219337463,12.5884304047,15.321554184,15.1551437378,17.3234462738,13.0741615295,27.5715293884,21.8579902649,18.4800624847,19.5738868713,21.6187496185,38.5574607849,16.2673015594,21.4438514709,16.9306869507,17.1005096436,31.1065921783,23.3664474487,11.3072290421,9.80907249451,9.8673620224,3.47210907936,2.70304775238,0.966354012489,0.558036804199,0.278093248606,0.278859168291,0.0986652895808,0.046556469053,0.0251372437924,0.0129812611267,0.00629890337586,0.00279430206865,0.000611423864029,0.000105187362351,0.0000223151619139,0.0000324534667016],"median":[0.0188792552799,0.462923258543,1.45025098324,2.02135038376,2.46119332314,4.68306684494,5.23825740814,6.72311782837,5.98466491699,7.78882408142,8.04070663452,7.44624900818,8.10757446289,7.84962272644,11.3469047546,7.52496862411,7.72636938095,8.71967220306,8.74389839172,15.3605422974,11.0908584595,7.10977649689,5.73059844971,5.33178806305,2.35896039009,1.8131788969,0.631848275661,0.29905423522,0.175881832838,0.120028473437,0.0569705590606,0.0290017556399,0.0166748873889,0.00853190384805,0.00429220404476,0.00161052518524,0.000375767674996,0.0000641459046165,0.0000148876315507,0.000018146707589],"min":[1.34666760675e-22,3.67639701284e-22,3.45845668137e-21,1.45683033327e-20,1.45184705476e-20,3.37015353539e-20,3.80517945176e-20,1.07918060456e-19,1.36700798609e-19,2.54503286106e-19,3.18092123612e-19,3.57616622737e-19,8.66277459302e-19,8.53856360127e-19,1.28624155409e-18,1.72362757184e-18,1.3973513491e-18,1.46296217791e-18,2.31050425484e-18,3.50969342466e-18,5.33866420527e-18,4.63278590723e-18,6.22792554997e-18,6.21742159696e-18,9.48107469791e-18,8.50103441688e-18,1.0587780319e-17,8.48108282051e-18,1.15985007289e-17,1.14181828e-17,9.36414279216e-18,9.42037122148e-18,1.07481425156e-17,9.32636131768e-18,6.18176473589e-18,4.43089345358e-18,2.54363249598e-18,1.06210000992e-18,2.72403009272e-19,2.89389234237e-20],"var":[0.0258726365864,10.4139165878,199.35369873,183.133255005,788.64855957,814.883239746,764.061462402,1143.1003418,441.937988281,3870.19042969,1945.63122559,1539.96398926,1263.76123047,5819.421875,10370.0380859,666.318054199,1255.23876953,708.315368652,767.422302246,2987.47973633,1898.15734863,232.870941162,176.987991333,259.213470459,15.7935113907,12.9056119919,3.03092026711,1.15361130238,0.165684208274,0.325292557478,0.0316316336393,0.00406028330326,0.00256209704094,0.00037815462565,0.000064502346504,0.0000159603732754,6.70965562222e-7,2.41262387846e-8,4.55085857887e-10,1.29781918545e-9]},"erbbands_crest":{"dmean":2.51311469078,"dmean2":4.12845039368,"dvar":5.65282535553,"dvar2":14.4872531891,"max":28.1536846161,"mean":8.92458438873,"median":7.98102474213,"min":2.51556110382,"var":14.6364212036},"erbbands_flatness_db":{"dmean":0.0112381065264,"dmean2":0.0175839755684,"dvar":0.0000919367666938,"dvar2":0.000236406951444,"max":0.385001569986,"mean":0.205254226923,"median":0.200007230043,"min":0.0280683729798,"var":0.00160160521045},"erbbands_kurtosis":{"dmean":0.519527673721,"dmean2":0.850862801075,"dvar":0.37168738246,"dvar2":0.970204591751,"max":8.96400547028,"mean":-0.376305013895,"median":-0.642726540565,"min":-1.63923501968,"var":1.04078495502},"erbbands_skewness":{"dmean":0.289526134729,"dmean2":0.461052536964,"dvar":0.0567550472915,"dvar2":0.144945889711,"max":2.7827103138,"mean":0.0617045089602,"median":0.0209680311382,"min":-2.15537595749,"var":0.296558976173},"erbbands_spread":{"dmean":4.91554641724,"dmean2":7.77992725372,"dvar":19.440196991,"dvar2":46.8892631531,"max":111.284133911,"mean":31.3032779694,"median":30.6397819519,"min":4.0470495224,"var":103.647880554},"gfcc":{"cov":[[20144.2949219,2584.5324707,-2200.01367188,462.109954834,-410.109283447,8.59678936005,-413.356567383,-212.138198853,-344.521148682,-243.896789551,-163.919677734,-78.268157959,67.6599960327],[2584.5324707,1363.79284668,550.947021484,324.594177246,375.578430176,140.485565186,109.094352722,-79.2052459717,-47.9430999756,-171.179458618,-35.6278572083,-105.529075623,-24.1251735687],[-2200.01367188,550.947021484,1475.50134277,455.428131104,525.465393066,327.105621338,255.96421814,27.5810470581,34.958984375,-132.700286865,-86.9683990479,-90.0670700073,-94.0762176514],[462.109954834,324.594177246,455.428131104,405.956726074,268.190917969,206.710708618,113.03314209,39.1407241821,5.82599258423,-82.466796875,-69.03125,-69.3915405273,-56.7637825012],[-410.109283447,375.578430176,525.465393066,268.190917969,383.536224365,188.840408325,144.146392822,42.3077507019,34.6274147034,-57.4621772766,-32.6601409912,-79.8519744873,-48.7612953186],[8.59678936005,140.485565186,327.105621338,206.710708618,188.840408325,224.998092651,112.732009888,38.0439720154,3.41590476036,-50.2470664978,-60.948059082,-37.3810157776,-28.5559234619],[-413.356567383,109.094352722,255.96421814,113.03314209,144.146392822,112.732009888,146.208740234,52.4638710022,22.958978653,-23.3928928375,-23.3751296997,-36.8829231262,-17.956199646],[-212.138198853,-79.2052459717,27.5810470581,39.1407241821,42.3077507019,38.0439720154,52.4638710022,116.665252686,59.6025810242,29.6569595337,0.983895361423,-17.9595546722,-32.9086227417],[-344.521148682,-47.9430999756,34.958984375,5.82599258423,34.6274147034,3.41590476036,22.958978653,59.6025810242,91.3526153564,48.4154434204,22.4974193573,-5.19968891144,-14.044960022],[-243.896789551,-171.179458618,-132.700286865,-82.466796875,-57.4621772766,-50.2470664978,-23.3928928375,29.6569595337,48.4154434204,105.507392883,56.964805603,22.0519886017,-0.727594435215],[-163.919677734,-35.6278572083,-86.9683990479,-69.03125,-32.6601409912,-60.948059082,-23.3751296997,0.983895361423,22.4974193573,56.964805603,99.4225769043,37.5673904419,14.3154363632],[-78.268157959,-105.529075623,-90.0670700073,-69.3915405273,-79.8519744873,-37.3810157776,-36.8829231262,-17.9595546722,-5.19968891144,22.0519886017,37.5673904419,87.09815979,44.8164825439],[67.6599960327,-24.1251735687,-94.0762176514,-56.7637825012,-48.7612953186,-28.5559234619,-17.956199646,-32.9086227417,-14.044960022,-0.727594435215,14.3154363632,44.8164825439,87.9587554932]],"icov":[[0.000381397054298,-0.00126651756,0.00101862382144,-0.00100235198624,0.0010511855362,-0.000985216000117,0.000779428170063,-0.000544572947547,0.000488790858071,-0.000809234217741,0.000763805524912,-0.000348106404999,0.000144516438013],[-0.00126651756,0.0056126313284,-0.00335246114992,0.00281772948802,-0.00450690463185,0.00376064237207,-0.00274158036336,0.00295166089199,-0.00184012588579,0.00448777666315,-0.00375047326088,0.00210443628021,-0.000705032143742],[0.00101862382144,-0.00335246114992,0.00443901121616,-0.00309780030511,0.00131895637605,-0.00275977212004,0.000562346540391,0.0000889719522092,0.00024156193831,-0.00132177630439,0.00242510531098,-0.00241306424141,0.0018912848318],[-0.00100235198624,0.00281772948802,-0.00309780030511,0.0092560434714,-0.00451794918627,-0.000903827371076,-0.000592426629737,0.0000134817209982,-0.00123072136194,0.00370448315516,-0.00148835137952,0.00112980708946,0.000790752936155],[0.0010511855362,-0.00450690463185,0.00131895637605,-0.00451794918627,0.0127598624676,-0.00589396152645,0.000573323166464,-0.0015596523881,-0.00109359773342,-0.00164769706316,-0.00118802371435,0.00353929935955,-0.000654263072647],[-0.000985216000117,0.00376064237207,-0.00275977212004,-0.000903827371076,-0.00589396152645,0.0158403236419,-0.00696889171377,0.000695907045156,0.00103772163857,0.00056665786542,0.00332333170809,-0.00285772560164,0.0000527749798493],[0.000779428170063,-0.00274158036336,0.000562346540391,-0.000592426629737,0.000573323166464,-0.00696889171377,0.0181041453034,-0.007774382364,0.00194715324324,-0.00077224051347,-0.0000936157885008,0.00332345673814,-0.00366343907081],[-0.000544572947547,0.00295166089199,0.0000889719522092,0.0000134817209982,-0.0015596523881,0.000695907045156,-0.007774382364,0.0199874639511,-0.0107710799202,0.00125950830989,-0.00073230417911,-0.000444876030087,0.00522098969668],[0.000488790858071,-0.00184012588579,0.00024156193831,-0.00123072136194,-0.00109359773342,0.00103772163857,0.00194715324324,-0.0107710799202,0.0238680522889,-0.0109108295292,0.00144571694545,0.0000435232905147,-0.0018548425287],[-0.000809234217741,0.00448777666315,-0.00132177630439,0.00370448315516,-0.00164769706316,0.00056665786542,-0.00077224051347,0.00125950830989,-0.0109108295292,0.0261883120984,-0.0122609948739,0.00200924696401,0.00186064629816],[0.000763805524912,-0.00375047326088,0.00242510531098,-0.00148835137952,-0.00118802371435,0.00332333170809,-0.0000936157885008,-0.00073230417911,0.00144571694545,-0.0122609948739,0.0229010842741,-0.00989311374724,0.00158723304048],[-0.000348106404999,0.00210443628021,-0.00241306424141,0.00112980708946,0.00353929935955,-0.00285772560164,0.00332345673814,-0.000444876030087,0.0000435232905147,0.00200924696401,-0.00989311374724,0.024531237781,-0.0103258760646],[0.000144516438013,-0.000705032143742,0.0018912848318,0.000790752936155,-0.000654263072647,0.0000527749798493,-0.00366343907081,0.00522098969668,-0.0018548425287,0.00186064629816,0.00158723304048,-0.0103258760646,0.0191795881838]],"mean":[-81.7966842651,141.576965332,-139.911132812,21.1957378387,-37.8236465454,-4.83081197739,-32.9340362549,2.72016739845,-16.9698066711,-4.42115068436,-10.4714717865,-3.97727394104,-6.75004243851]},"hfc":{"dmean":2.23116731644,"dmean2":3.44485187531,"dvar":13.021399498,"dvar2":31.0975456238,"max":117.311920166,"mean":11.7489099503,"median":8.6252040863,"min":1.07044893823e-16,"var":133.732467651},"melbands":{"dmean":[0.000241188681684,0.000610778166447,0.000310453790007,0.000291303527774,0.000184687349247,0.000156311798492,0.0000848065537866,0.000155900532263,0.0000858133425936,0.0000590101990383,0.0000524826427863,0.0000568514842598,0.0000756045919843,0.0000382748075936,0.0000259853004536,0.0000226708671107,0.0000194693329831,0.0000154103381647,0.000013122998098,0.0000392849869968,0.0000115047741929,0.0000060108282014,0.00000715478199709,0.00000465170023745,0.00000470572513223,0.00000170178725512,6.80584776092e-7,0.00000106745198991,3.75954527954e-7,1.24012245806e-7,1.83329603942e-7,6.66294113216e-8,9.14904632054e-8,5.31319521713e-8,2.3331374166e-8,1.71952585504e-8,1.01794315199e-8,6.87478518557e-9,6.61568710925e-9,3.26520321892e-9],"dmean2":[0.00026429456193,0.000647294393275,0.000389734952478,0.000360972888302,0.000237874657614,0.000212173210457,0.000115660870506,0.000213949198951,0.000127325605717,0.0000899840015336,0.0000783541618148,0.0000926545981201,0.000125862585264,0.0000624083695584,0.000043955991714,0.0000385942948924,0.0000324987886415,0.0000257571155089,0.0000216621610889,0.0000673690228723,0.0000194177209778,0.0000100560773717,0.0000121258426589,0.00000809055654827,0.00000799419467512,0.00000291717492473,0.00000117313152259,0.00000183743441085,6.38413780507e-7,2.06234076927e-7,3.08531411974e-7,1.08868277948e-7,1.51659591552e-7,8.67950262773e-8,3.87127627732e-8,2.8258169138e-8,1.7098727767e-8,1.14176348376e-8,1.07315196729e-8,5.35397548518e-9],"dvar":[2.51206301982e-7,0.00000179125834165,4.92194885737e-7,3.95505622919e-7,1.23578573152e-7,1.21874890624e-7,2.59336303543e-8,1.37958366508e-7,4.02741235916e-8,1.7699386845e-8,1.22082113307e-8,6.59648335954e-8,4.97469230254e-8,7.84244758023e-9,2.607078331e-9,2.09855754996e-9,1.49392309634e-9,1.15768439279e-9,4.62560961756e-10,1.14646860894e-8,5.58909696302e-10,1.34567010313e-10,2.33819991147e-10,1.25487370495e-10,9.02292060512e-11,9.30705165714e-12,1.60584891738e-12,4.3135490839e-12,1.29861106677e-12,4.22889127145e-14,2.74035676963e-13,1.53855877691e-14,6.07029482019e-14,1.78359202543e-14,3.46878944263e-15,2.34513692238e-15,4.84618783464e-16,5.34547987573e-16,2.72215186954e-16,4.25918407603e-17],"dvar2":[3.86496765259e-7,0.00000190012735857,7.6967160112e-7,6.72990495332e-7,2.14669640286e-7,1.95732425823e-7,5.15413987046e-8,2.69171238187e-7,8.44144238954e-8,3.96138375436e-8,2.74137246237e-8,2.0444196025e-7,1.27790215743e-7,2.06441566064e-8,7.26618676339e-9,5.93558802109e-9,3.92504206914e-9,3.03892511155e-9,1.19840937174e-9,3.30825358219e-8,1.55634072296e-9,3.61793844883e-10,6.81632250643e-10,3.77965075904e-10,2.46079739918e-10,2.60217524611e-11,4.47067383114e-12,1.300302227e-11,3.89260715675e-12,1.14273960303e-13,7.48688546055e-13,3.93048867921e-14,1.51154831924e-13,4.25214944093e-14,8.79538006012e-15,6.34696864564e-15,1.32776141427e-15,1.03207100035e-15,6.01893671385e-16,1.03145584267e-16],"max":[0.0160701889545,0.0727758705616,0.0290515348315,0.0231223087758,0.0144524909556,0.0147858662531,0.00432684225962,0.0177164096385,0.00587019464001,0.00495084514841,0.00252854987048,0.0100804762915,0.00646457076073,0.00222836830653,0.000664613966364,0.000997184426524,0.000711085973307,0.00126321590506,0.000330574170221,0.00317639461718,0.000424203812145,0.000348646892235,0.000439089402789,0.000341553764883,0.000306319416268,0.0000417389783252,0.0000403844933317,0.0000393420523324,0.0000395479146391,0.00000520286403116,0.00001035033074,0.00000353895666194,0.00000747856438466,0.00000320696472045,0.00000182213068456,0.00000141800910569,5.52749725102e-7,0.00000111450935947,6.42843531296e-7,1.75847702621e-7],"mean":[0.00130501203239,0.00331904320046,0.00132069457322,0.00106896122452,0.000578732579015,0.000386773957871,0.000191411847482,0.000313799857395,0.00016707519535,0.000103839898657,0.0000954904244281,0.0000847955670906,0.000114448419481,0.0000623751766398,0.0000421296099375,0.0000374672017642,0.0000319605387631,0.0000261547284026,0.0000236008872889,0.000061041842855,0.0000194030508283,0.0000106683255581,0.0000125383412524,0.00000815862676973,0.00000821461617306,0.00000317128365168,0.00000133569949412,0.00000192294783119,7.19130468951e-7,2.62270248186e-7,3.76718986672e-7,1.42838942452e-7,2.00584906906e-7,1.1238422104e-7,5.47204734858e-8,3.88650214234e-8,2.50640166399e-8,1.71706844299e-8,1.61200990334e-8,9.37419297742e-9],"median":[0.000318576116115,0.000887579401024,0.000382288417313,0.00028640718665,0.000206254859222,0.000151286818436,0.0000940107565839,0.0000830273929751,0.0000628274501651,0.0000393925729441,0.0000367986613128,0.0000228671669902,0.0000321142724715,0.0000226047632168,0.0000158078328241,0.0000146159518408,0.000014380659195,0.000011771420759,0.0000126631202875,0.0000234408707911,0.00000859759074956,0.00000591950902162,0.00000510613153892,0.00000399216787628,0.00000360168314728,0.00000149084053191,8.47120418257e-7,0.0000012090636119,3.62174148449e-7,1.52060337655e-7,1.37519919008e-7,8.8126498099e-8,8.98355381196e-8,4.67434411178e-8,3.08434380258e-8,2.19896705289e-8,1.42576954687e-8,1.1006277667e-8,9.03266883512e-9,5.79920644839e-9],"min":[1.27223729844e-24,1.94017933613e-24,3.22750093698e-24,1.07140475045e-24,1.06489447862e-24,2.05830908732e-24,2.21519932187e-24,3.04629485389e-24,2.51700350193e-24,2.34113406286e-24,4.1266244808e-24,3.05545037355e-24,3.63765930389e-24,4.3185874712e-24,4.39698722897e-24,2.21027229388e-24,2.31669811025e-24,2.97649249669e-24,3.97832336378e-24,3.43631281302e-24,6.71334908725e-24,3.49386731581e-24,4.87044261162e-24,4.88370454673e-24,3.73918925226e-24,5.09680861496e-24,6.15130541381e-24,5.05304773953e-24,5.09652146959e-24,3.81080204524e-24,5.37840277027e-24,5.42778349078e-24,4.89858364669e-24,5.84766456835e-24,4.99574606667e-24,4.9541320762e-24,5.83079635561e-24,6.8105343842e-24,7.96253715194e-24,7.46307539183e-24],"var":[0.00000479651725982,0.0000379168923246,0.00000522599157193,0.00000436706613982,0.00000117816250622,5.22574680417e-7,9.43911970808e-8,5.5790985698e-7,1.06508814213e-7,4.91293441485e-8,3.21317052965e-8,1.12325999169e-7,9.95361659761e-8,1.51565604511e-8,4.643161855e-9,3.5488099126e-9,3.14540327118e-9,2.34172237157e-9,1.16469323075e-9,1.86276789549e-8,1.05553765728e-9,2.6184959756e-10,4.95902652276e-10,2.14746345706e-10,2.22057344734e-10,1.97742603542e-11,3.07355378128e-12,8.02656986015e-12,2.78642386942e-12,1.23407062564e-13,7.50503500492e-13,4.32971936299e-14,2.0313023724e-13,5.65103688941e-14,1.07010779835e-14,5.63624744004e-15,1.31377192399e-15,1.23833051103e-15,8.38856644094e-16,2.00642544037e-16]},"melbands_crest":{"dmean":1.92818915844,"dmean2":2.74345946312,"dvar":3.7990591526,"dvar2":8.42348670959,"max":37.8219909668,"mean":14.7606945038,"median":14.3348865509,"min":1.51013898849,"var":27.1350250244},"melbands_flatness_db":{"dmean":0.0127970734611,"dmean2":0.018119411543,"dvar":0.000154313325766,"dvar2":0.000330377632054,"max":0.542666018009,"mean":0.263500928879,"median":0.257573902607,"min":0.00430131005123,"var":0.00431375624612},"melbands_kurtosis":{"dmean":4.36209201813,"dmean2":6.77927017212,"dvar":151.75050354,"dvar2":377.508666992,"max":462.169921875,"mean":12.2779741287,"median":6.69960212708,"min":-1.55313622952,"var":476.209442139},"melbands_skewness":{"dmean":0.473927021027,"dmean2":0.714414179325,"dvar":0.285232394934,"dvar2":0.651821136475,"max":17.845746994,"mean":2.60654258728,"median":2.410572052,"min":-1.6887845993,"var":2.30624175072},"melbands_spread":{"dmean":3.45743203163,"dmean2":5.31838798523,"dvar":18.1153831482,"dvar2":41.9447174072,"max":146.407058716,"mean":17.3275547028,"median":15.2852020264,"min":0.76248896122,"var":190.818527222},"mfcc":{"cov":[[9631.33398438,2237.99658203,-794.62121582,218.590057373,-119.768600464,144.769592285,-101.399627686,20.3587799072,-140.169311523,-184.523498535,-218.796478271,-131.715545654,42.000629425],[2237.99658203,1576.32250977,262.76171875,306.877410889,297.359893799,229.124237061,176.890777588,120.352348328,33.1376075745,-40.9228401184,-69.0922851562,-44.1000785828,-23.1763210297],[-794.62121582,262.76171875,870.549987793,299.613067627,370.317077637,303.063018799,234.84513855,230.886138916,157.076522827,40.2812767029,16.0442409515,-19.3335361481,-20.1433963776],[218.590057373,306.877410889,299.613067627,299.290496826,231.92918396,160.658081055,142.754165649,121.995620728,83.632598877,48.8040504456,32.7019882202,9.57067108154,-11.9742841721],[-119.768600464,297.359893799,370.317077637,231.92918396,327.950927734,203.703201294,161.230239868,145.260391235,98.5301208496,48.1425476074,33.0715522766,3.82188820839,-22.2737255096],[144.769592285,229.124237061,303.063018799,160.658081055,203.703201294,242.321868896,153.940811157,122.463935852,84.8635940552,17.7579708099,-8.67687416077,-33.1377334595,-21.0529155731],[-101.399627686,176.890777588,234.84513855,142.754165649,161.230239868,153.940811157,183.756134033,111.209159851,74.7697372437,39.0625610352,14.0296783447,-10.7179040909,-21.0980873108],[20.3587799072,120.352348328,230.886138916,121.995620728,145.260391235,122.463935852,111.209159851,158.132385254,90.9818954468,30.1980476379,14.1947803497,-16.9533023834,-15.6379146576],[-140.169311523,33.1376075745,157.076522827,83.632598877,98.5301208496,84.8635940552,74.7697372437,90.9818954468,122.660446167,54.0195274353,15.4033374786,-7.73410606384,-11.2457103729],[-184.523498535,-40.9228401184,40.2812767029,48.8040504456,48.1425476074,17.7579708099,39.0625610352,30.1980476379,54.0195274353,101.634506226,56.1909751892,17.25548172,-8.5506362915],[-218.796478271,-69.0922851562,16.0442409515,32.7019882202,33.0715522766,-8.67687416077,14.0296783447,14.1947803497,15.4033374786,56.1909751892,115.626091003,56.3306427002,-2.34817552567],[-131.715545654,-44.1000785828,-19.3335361481,9.57067108154,3.82188820839,-33.1377334595,-10.7179040909,-16.9533023834,-7.73410606384,17.25548172,56.3306427002,99.9123153687,34.2113990784],[42.000629425,-23.1763210297,-20.1433963776,-11.9742841721,-22.2737255096,-21.0529155731,-21.0980873108,-15.6379146576,-11.2457103729,-8.5506362915,-2.34817552567,34.2113990784,89.3363800049]],"icov":[[0.000302807311527,-0.000458693539258,0.000546204624698,-0.000479515729239,0.000643538369332,-0.000862472632434,0.000772537197918,-0.000740671588574,0.000255046936218,-0.0000504298623127,0.0000724845158402,0.0000441743759438,-0.00018021237338],[-0.000458693539258,0.00165221374482,-0.000541341141798,-0.000109937122033,-0.00161665410269,0.00116118148435,-0.00145414134022,0.00113592145499,0.0000350393129338,0.000606145127676,0.00050771626411,0.0000229641991609,0.000300454441458],[0.000546204624698,-0.000541341141798,0.00377389835194,-0.00152897846419,-0.000454034801805,-0.00260702264495,0.00102994707413,-0.00243625324219,-0.000138065748615,0.000872248201631,0.000248045776971,0.000124640195281,-0.000637131684925],[-0.000479515729239,-0.000109937122033,-0.00152897846419,0.00963020697236,-0.00431631598622,0.00109445082489,-0.0025436305441,0.000356955250027,-0.000490263220854,-0.00141243101098,-0.000676211959217,-0.000977546209469,-0.0000538403110113],[0.000643538369332,-0.00161665410269,-0.000454034801805,-0.00431631598622,0.012852858752,-0.00590637512505,0.00166883226484,-0.00342877930962,0.000666517589707,-0.00141658459324,-0.000800277921371,-0.00194548151921,0.00087599636754],[-0.000862472632434,0.00116118148435,-0.00260702264495,0.00109445082489,-0.00590637512505,0.0164701994509,-0.00826026964933,0.00214579771273,-0.00297499354929,0.00271873781458,0.000332367897499,0.00311360904016,-0.000198726498638],[0.000772537197918,-0.00145414134022,0.00102994707413,-0.0025436305441,0.00166883226484,-0.00826026964933,0.0171401891857,-0.00607763556764,0.00157633714844,-0.00352689344436,0.000886106630787,-0.00128010951448,0.000978735741228],[-0.000740671588574,0.00113592145499,-0.00243625324219,0.000356955250027,-0.00342877930962,0.00214579771273,-0.00607763556764,0.0195716451854,-0.00880911108106,0.00348975788802,-0.00300764362328,0.0030202367343,-0.00022770340729],[0.000255046936218,0.0000350393129338,-0.000138065748615,-0.000490263220854,0.000666517589707,-0.00297499354929,0.00157633714844,-0.00880911108106,0.0196100510657,-0.0091583263129,0.00335890636779,-0.000783217663411,0.00006789057079],[-0.0000504298623127,0.000606145127676,0.000872248201631,-0.00141243101098,-0.00141658459324,0.00271873781458,-0.00352689344436,0.00348975788802,-0.0091583263129,0.0199891161174,-0.00847547221929,0.00232621910982,-0.0000994809088297],[0.0000724845158402,0.00050771626411,0.000248045776971,-0.000676211959217,-0.000800277921371,0.000332367897499,0.000886106630787,-0.00300764362328,0.00335890636779,-0.00847547221929,0.0181179232895,-0.00947738438845,0.00334172020666],[0.0000441743759438,0.0000229641991609,0.000124640195281,-0.000977546209469,-0.00194548151921,0.00311360904016,-0.00128010951448,0.0030202367343,-0.000783217663411,0.00232621910982,-0.00947738438845,0.0189655162394,-0.00703058112413],[-0.00018021237338,0.000300454441458,-0.000637131684925,-0.0000538403110113,0.00087599636754,-0.000198726498638,0.000978735741228,-0.00022770340729,0.00006789057079,-0.0000994809088297,0.00334172020666,-0.00703058112413,0.0143475271761]],"mean":[-714.350708008,169.969909668,-31.5950813293,27.5434932709,7.05685091019,0.182756826282,-4.80635356903,2.68290376663,-2.73760676384,0.768708229065,-1.81621146202,-2.26296854019,2.09175467491]},"pitch_salience":{"dmean":0.0468984805048,"dmean2":0.071400038898,"dvar":0.00184448901564,"dvar2":0.00459966156632,"max":0.812643826008,"mean":0.507168889046,"median":0.507259488106,"min":0.0970814377069,"var":0.0110740270466},"silence_rate_20dB":{"dmean":0,"dmean2":0,"dvar":0,"dvar2":0,"max":1,"mean":1,"median":1,"min":1,"var":0},"silence_rate_30dB":{"dmean":0.0133444536477,"dmean2":0.0266963299364,"dvar":0.0131665226072,"dvar2":0.0287632774562,"max":1,"mean":0.960255682468,"median":1,"min":0,"var":0.0381658673286},"silence_rate_60dB":{"dmean":0.016680566594,"dmean2":0.0333704128861,"dvar":0.0164025500417,"dvar2":0.0383749939501,"max":1,"mean":0.170650362968,"median":0,"min":0,"var":0.141531556845},"spectral_centroid":{"dmean":140.731567383,"dmean2":222.783615112,"dvar":42576.859375,"dvar2":91441.8828125,"max":11788.2763672,"mean":1084.94897461,"median":958.134765625,"min":169.061828613,"var":970911.6875},"spectral_complexity":{"dmean":1.7447873354,"dmean2":2.9260289669,"dvar":2.3073849678,"dvar2":6.10415792465,"max":30,"mean":14.4585876465,"median":15,"min":0,"var":44.3963127136},"spectral_contrast_coeffs":{"dmean":[0.0329729542136,0.0367279648781,0.0344128869474,0.0302041172981,0.0213167574257,0.0120862163603],"dmean2":[0.0515143834054,0.0582287982106,0.0553180798888,0.0504329577088,0.0354793444276,0.0200140178204],"dvar":[0.000814019760583,0.000912375748158,0.000760228431318,0.000592934782617,0.00027654223959,0.000090362271294],"dvar2":[0.00217805616558,0.00236069178209,0.00201172148809,0.00161295454018,0.000728391809389,0.000242394569796],"max":[-0.318607717752,-0.396415531635,-0.501460373402,-0.412444293499,-0.550371289253,-0.645563662052],"mean":[-0.626069784164,-0.710601568222,-0.717766165733,-0.707852125168,-0.703577339649,-0.747695505619],"median":[-0.624615073204,-0.71666932106,-0.718981027603,-0.704009234905,-0.69705581665,-0.741019308567],"min":[-0.978540182114,-0.973385989666,-0.980493783951,-0.967454910278,-0.9671241045,-0.964310765266],"var":[0.00975290685892,0.00742750614882,0.00508216628805,0.00492905173451,0.0033511640504,0.00176911114249]},"spectral_contrast_valleys":{"dmean":[0.294434279203,0.27185690403,0.236167550087,0.199699580669,0.148621752858,0.105880886316],"dmean2":[0.479755997658,0.442592680454,0.382405072451,0.327143937349,0.239913851023,0.164892688394],"dvar":[0.0930889472365,0.0717448145151,0.0552158504725,0.0470969453454,0.0355638675392,0.0221070982516],"dvar2":[0.227958083153,0.15820671618,0.117994323373,0.0972747430205,0.0636841952801,0.0373593494296],"max":[-5.16211128235,-5.23832082748,-5.80400419235,-6.65882539749,-7.22836828232,-10.6669473648],"mean":[-7.89741039276,-7.29154920578,-8.12145709991,-8.61471557617,-9.14871406555,-12.3885450363],"median":[-7.2886762619,-6.95583057404,-7.72790241241,-8.29551315308,-8.82124137878,-12.1284255981],"min":[-27.8328399658,-27.6953411102,-27.7187824249,-27.6099014282,-27.4220638275,-27.424665451],"var":[5.27117586136,4.48358726501,4.27805995941,4.03065395355,3.57489800453,2.30781841278]},"spectral_decrease":{"dmean":1.07345998757e-9,"dmean2":1.35630418008e-9,"dvar":3.02880204938e-18,"dvar2":4.73285904492e-18,"max":2.16893728476e-28,"mean":-7.2708781218e-9,"median":-3.94856947139e-9,"min":-6.9191067098e-8,"var":7.0208390476e-17},"spectral_energy":{"dmean":0.00420256424695,"dmean2":0.00535338977352,"dvar":0.0000456762863905,"dvar2":0.000072515955253,"max":0.264548361301,"mean":0.0285075604916,"median":0.0155501067638,"min":9.92131978144e-21,"var":0.00105222943239},"spectral_energyband_high":{"dmean":0.0000208315050259,"dmean2":0.0000355618030881,"dvar":1.90063853545e-9,"dvar2":5.50518741704e-9,"max":0.00103239761665,"mean":0.0000619578058831,"median":0.0000422554112447,"min":7.3510232412e-21,"var":8.04024224976e-9},"spectral_energyband_low":{"dmean":0.00232649268582,"dmean2":0.00251096766442,"dvar":0.0000225490857702,"dvar2":0.0000264494992734,"max":0.228529140353,"mean":0.0133407469839,"median":0.00432966090739,"min":1.6795626489e-23,"var":0.000457985763205},"spectral_energyband_middle_high":{"dmean":0.00128662248608,"dmean2":0.00210588495247,"dvar":0.00000606826324656,"dvar2":0.000016177262296,"max":0.070060223341,"mean":0.00405738689005,"median":0.00283553078771,"min":1.14440084337e-21,"var":0.0000255654686043},"spectral_energyband_middle_low":{"dmean":0.00268469983712,"dmean2":0.00344336871058,"dvar":0.0000187133464351,"dvar2":0.0000320373801515,"max":0.117487885058,"mean":0.0123970061541,"median":0.00663218740374,"min":2.18724774753e-22,"var":0.000230463905609},"spectral_entropy":{"dmean":0.0843177959323,"dmean2":0.125649154186,"dvar":0.00591976055875,"dvar2":0.0126054678112,"max":9.81677246094,"mean":6.90118598938,"median":6.92179775238,"min":5.33519744873,"var":0.146197229624},"spectral_flux":{"dmean":0.0085188979283,"dmean2":0.0144902635366,"dvar":0.000089667555585,"dvar2":0.00025629348238,"max":0.209668159485,"mean":0.0465760491788,"median":0.0420401990414,"min":6.41499492415e-11,"var":0.000813717313576},"spectral_kurtosis":{"dmean":3.59987998009,"dmean2":6.33251619339,"dvar":10.4483766556,"dvar2":31.2172489166,"max":53.9478302002,"mean":9.79267978668,"median":8.75088500977,"min":-1.26231241226,"var":28.6543922424},"spectral_rms":{"dmean":0.000348611705704,"dmean2":0.000452484673588,"dvar":1.63307234402e-7,"dvar2":2.7772341582e-7,"max":0.0160653647035,"mean":0.00446590315551,"median":0.00389497517608,"min":3.11116323676e-12,"var":0.00000786804048403},"spectral_rolloff":{"dmean":230.179962158,"dmean2":392.125396729,"dvar":173795.609375,"dvar2":368388.53125,"max":19552.1484375,"mean":1143.89086914,"median":882.861328125,"min":21.533203125,"var":2918343.25},"spectral_skewness":{"dmean":0.315955340862,"dmean2":0.550960838795,"dvar":0.0700943991542,"dvar2":0.20980297029,"max":5.74524068832,"mean":2.00552225113,"median":1.92775309086,"min":-0.0697992891073,"var":0.301117241383},"spectral_spread":{"dmean":183719.875,"dmean2":314281.65625,"dvar":300844580864,"dvar2":626511118336,"max":42630736,"mean":2853078.75,"median":2442892,"min":1192114,"var":11960243454000},"spectral_strongpeak":{"dmean":0.271007746458,"dmean2":0.44536781311,"dvar":0.301780998707,"dvar2":0.737725794315,"max":9.62659549713,"mean":0.718434274197,"median":0.500324130058,"min":0,"var":0.61724126339},"zerocrossingrate":{"dmean":0.00425186147913,"dmean2":0.00531270634383,"dvar":0.0000352878778358,"dvar2":0.0000352193055733,"max":0.52392578125,"mean":0.0410834811628,"median":0.03564453125,"min":0.00439453125,"var":0.00201715156436}},"metadata":{"audio_properties":{"analysis_sample_rate":44100,"bit_rate":0,"codec":"flac","downmix":"mix","equal_loudness":0,"length":83.5189819336,"lossless":true,"md5_encoded":"aac2057f9d8c606188379f715b440998","replay_gain":-4.86917304993},"tags":{"album":["Hotel California"],"albumartist":["Eagles"],"albumartistsort":["Eagles"],"artist":["Eagles"],"artistsort":["Eagles"],"asin":["B000002GVO"],"barcode":["3283450530519"],"catalognumber":["AS 53 051"],"date":["1976"],"file_name":"05 Wasted Time (reprise).flac","format":["Vinyl"],"genre":["Rock"],"label":["Asylum Records"],"language":["eng"],"musicbrainz_albumartistid":["f46bd570-5768-462e-b84c-c7c993bbf47e"],"musicbrainz_albumid":["bb465529-b3d9-43be-9d3c-e71ce11be1b2"],"musicbrainz_artistid":["f46bd570-5768-462e-b84c-c7c993bbf47e"],"musicbrainz_recordingid":["1f2ce3df-edbf-4da9-84a6-688ca7adbb37"],"organization":["DCC Compact Classics Inc."],"releasecountry":["DE"],"releasestatus":["official"],"releasetype":["album"],"script":["Latn"],"style":["Classic Rock"],"title":["Wasted Time (reprise)"],"totaltracks":["9"],"tracknumber":["5"],"tracktotal":["9"]},"version":{"essentia":"2.1-beta1","essentia_build_sha":"eef087cf131c10083d474ad51def18efd0e38295","essentia_git_sha":"v2.1_beta1-7-ge0e83e8-dirty","extractor":"music 1.0"}},"rhythm":{"beats_count":169,"beats_loudness":{"dmean":0.0162571202964,"dmean2":0.0274456813931,"dvar":0.000572025659494,"dvar2":0.00167725502979,"max":0.16159632802,"mean":0.0303960163146,"median":0.0159438587725,"min":9.61718260584e-9,"var":0.00113214750309},"beats_loudness_band_ratio":{"dmean":[0.156088352203,0.123206198215,0.0904362797737,0.0695270299911,0.0492034070194,0.00653882743791],"dmean2":[0.248381108046,0.196997255087,0.146225810051,0.116984888911,0.08095