{"lowlevel":{"average_loudness":0.906985878944,"barkbands":{"dmean":[0.00787714589387,0.0183823797852,0.00550319207832,0.00217953906395,0.0015429094201,0.00100810965523,0.000828871852718,0.000413880188717,0.000498971086927,0.000543143076357,0.000358727789717,0.000626086664852,0.00051964604063,0.000338317651767,0.000246182724368,0.00014097483654,0.000189881451661,0.000124055586639,0.000138651332236,0.000104891470983,0.0000748850870878,0.0000552226811124,0.0000329644863086,0.0000156037112902,0.00000547605668544,0.0000386509163945,0.000249978416832],"dmean2":[0.0137518737465,0.0321027450264,0.00964619126171,0.00368997175246,0.00251812185161,0.00165279977955,0.00136119662784,0.000689584529027,0.000805494957604,0.000906288682017,0.000587602204178,0.00105020881165,0.000874857127201,0.000557859544642,0.000405559985666,0.000226132222451,0.000307006703224,0.000188204910955,0.000203658491955,0.000149005267303,0.000104301776446,0.0000772795829107,0.0000443274839199,0.00002172308632,0.00000877072761796,0.0000497353212268,0.000336850847816],"dvar":[0.000299662933685,0.000736768648494,0.000116282040835,0.0000120601289382,0.0000070803134804,0.00000511461121278,0.00000345049193129,0.00000146562251757,0.00000184122461633,0.00000220626566261,0.00000121164487155,0.0000013046433196,8.24804715194e-7,3.50311637476e-7,2.74688801483e-7,6.52378204791e-8,9.54334993253e-8,7.28134494921e-8,1.20943056459e-7,7.82796547583e-8,4.17992325197e-8,3.14178763006e-8,7.51990114622e-9,1.01792219098e-9,7.78551459413e-11,8.42501624021e-9,1.89763937897e-7],"dvar2":[0.000795231142547,0.00207574642263,0.000328480557073,0.0000313632881443,0.0000169396989804,0.0000129330128402,0.00000870852454682,0.00000390266586692,0.00000428895282312,0.00000572132785237,0.00000314672138302,0.00000357278031515,0.00000215832869799,9.57550355452e-7,7.08861193743e-7,1.58521572757e-7,2.4271233201e-7,1.59157025337e-7,2.51945920127e-7,1.65286763831e-7,8.40147649228e-8,7.04528062556e-8,1.41070808368e-8,1.91630822322e-9,1.77761888542e-10,1.4349915034e-8,3.19233350865e-7],"max":[0.238734021783,0.352706104517,0.17326810956,0.0707183778286,0.0642147362232,0.042265444994,0.0393927507102,0.0289550535381,0.0419249497354,0.0333195999265,0.0288537740707,0.0267825499177,0.0146863050759,0.0116993766278,0.0160453952849,0.00485726306215,0.00533123733476,0.0059156101197,0.00909840408713,0.00944339297712,0.00688266847283,0.00603151740506,0.00217634020373,0.000669927801937,0.000148676379467,0.00186648184899,0.0135032618418],"mean":[0.0079879835248,0.0244871657342,0.00624856259674,0.00326965842396,0.00244421768002,0.00147222669329,0.00129187654238,0.000593525648583,0.000771829043515,0.000829757074825,0.000512042315677,0.00110619724728,0.000905734719709,0.000641506107058,0.000431095715612,0.000257414969383,0.00038909461,0.00023586966563,0.0002457156952,0.000185171738849,0.00014243813348,0.000100557750557,0.0000578299477638,0.0000254791066254,0.00000676982881487,0.0000693157999194,0.00089345604647],"median":[0.00380408903584,0.0185881406069,0.00338015239686,0.00151561282109,0.0011069959728,0.000533506914508,0.000423081510235,0.000164815210155,0.000239869885263,0.000204832365853,0.000147420709254,0.000391478213714,0.000349987880327,0.000220061308937,0.000153492233949,0.000115980386909,0.000167009653524,0.0000767711535445,0.0000565563204873,0.0000353783798346,0.0000315202341881,0.0000296846155834,0.0000217752494791,0.0000116074143079,0.00000334296123583,0.0000272751676675,0.000390483561205],"min":[3.20123636534e-23,2.72744271914e-23,7.28840028817e-24,1.24225918381e-23,4.85600274941e-23,4.13824250867e-23,9.37916551916e-23,4.93220450404e-23,8.08481579873e-23,1.58301462535e-22,8.56742196789e-23,1.07710373801e-22,6.52035442456e-23,1.26091489225e-22,7.3627316536e-23,1.89363788379e-22,3.21847045177e-22,2.53024244963e-22,3.43873505776e-22,3.59219286385e-22,3.50981609538e-22,4.99390604861e-22,6.07168643995e-22,9.33594389327e-22,1.39023171186e-21,1.68365414225e-21,2.37101669455e-21],"var":[0.000254434271483,0.000680392258801,0.0000971340559772,0.0000236219566432,0.0000198202033062,0.00000812540929473,0.00000619458160145,0.00000214932197196,0.00000374171440853,0.00000335904428539,0.00000171883698385,0.00000263531705968,0.00000171864860476,8.08644131212e-7,5.59461796001e-7,1.37865640681e-7,2.47083022487e-7,1.70190219251e-7,2.59588347262e-7,1.72593090042e-7,9.8355371847e-8,6.26132958814e-8,1.58673554296e-8,2.0091837083e-9,1.09686947025e-10,1.94222398164e-8,0.00000158193211064]},"barkbands_crest":{"dmean":3.3895483017,"dmean2":5.80316448212,"dvar":7.57096147537,"dvar2":21.8979644775,"max":25.7770996094,"mean":13.2163658142,"median":13.0112257004,"min":2.81479001045,"var":20.7096214294},"barkbands_flatness_db":{"dmean":0.0350664407015,"dmean2":0.0572933033109,"dvar":0.0010538387578,"dvar2":0.00271248165518,"max":0.472856432199,"mean":0.167928129435,"median":0.155839696527,"min":0.0313937216997,"var":0.00515719223768},"barkbands_kurtosis":{"dmean":16.6190891266,"dmean2":27.9228992462,"dvar":920.522033691,"dvar2":2502.18408203,"max":532.187072754,"mean":27.7296733856,"median":10.7216081619,"min":-1.72103369236,"var":1793.84155273},"barkbands_skewness":{"dmean":1.17990207672,"dmean2":1.95644259453,"dvar":1.6483745575,"dvar2":4.41018438339,"max":18.9438209534,"mean":3.72505474091,"median":2.99455332756,"min":-1.72096335888,"var":6.16265439987},"barkbands_spread":{"dmean":7.14276075363,"dmean2":11.6807794571,"dvar":63.5361442566,"dvar2":158.298919678,"max":100.464561462,"mean":20.9964008331,"median":17.3165054321,"min":0.357343554497,"var":286.995025635},"dissonance":{"dmean":0.0149563662708,"dmean2":0.0250504314899,"dvar":0.000261403038166,"dvar2":0.00071521953214,"max":0.500000059605,"mean":0.474773555994,"median":0.48136600852,"min":0.276069611311,"var":0.000522138841916},"dynamic_complexity":4.66694355011,"erbbands":{"dmean":[0.707626640797,3.70456361771,7.05309820175,6.33524751663,5.75962543488,5.42637729645,7.03388404846,8.45171260834,12.262046814,9.95182323456,9.78179740906,10.0731620789,16.251537323,14.4093561172,15.4157485962,26.2576847076,23.7114677429,16.4273853302,14.2148790359,9.41840076447,7.5345916748,10.062253952,6.71985197067,7.93894195557,5.55969810486,4.98014545441,3.8294968605,2.54385399818,2.05001115799,1.54157912731,0.815880537033,0.436117678881,0.201181605458,0.0781239941716,0.0317432135344,0.058619055897,0.0815236642957,0.0729909688234,0.0306989401579,0.00532391807064],"dmean2":[1.24324095249,6.48319911957,12.2556037903,10.7682332993,9.69232177734,8.84436130524,11.6382217407,14.004076004,20.2814483643,16.4304275513,16.2721042633,16.3956718445,26.7367286682,23.4631557465,25.2718505859,43.9475402832,39.5706787109,27.0189533234,23.1873092651,15.0983352661,12.0262517929,16.150806427,10.2633953094,11.8695840836,7.84022665024,7.02655220032,5.34040021896,3.5846619606,2.85148692131,2.15490627289,1.1014560461,0.598997175694,0.286637216806,0.119343757629,0.0524533949792,0.0805177614093,0.104880794883,0.094382494688,0.0403614528477,0.00720249302685],"dvar":[1.89167153835,24.2050304413,138.368255615,108.947250366,98.1805953979,104.343025208,216.644683838,422.888000488,765.11340332,589.641479492,1004.41577148,726.914855957,2156.73461914,1696.42907715,1956.80078125,2268.93969727,1730.2722168,845.39465332,802.034973145,335.578521729,160.228179932,289.102111816,198.733291626,375.706878662,203.694396973,175.863311768,90.0834732056,64.1221466064,43.6069793701,22.1372089386,4.20199966431,0.87394297123,0.159703329206,0.0178209599108,0.00273852795362,0.0141760334373,0.0382043235004,0.0366695970297,0.00470686284825,0.0000634105381323],"dvar2":[5.31468296051,69.9162826538,395.696990967,287.827972412,260.160888672,225.383483887,528.686157227,1090.0222168,1898.16589355,1507.46203613,2695.28857422,1751.17724609,5582.91210938,4312.76611328,5111.83789062,6276.75390625,4528.14111328,2244.80126953,2023.94506836,824.991271973,382.81552124,722.041687012,437.885375977,816.222717285,398.07623291,375.083129883,181.64440918,133.718307495,98.8088684082,47.1559906006,7.38826751709,1.64383685589,0.305215656757,0.0375258401036,0.00665953755379,0.0254425723106,0.0669310241938,0.0654918774962,0.00803350936621,0.000114379763545],"max":[15.2196111679,58.6442565918,155.875839233,182.265823364,234.503616333,328.148956299,335.676147461,419.172393799,602.796691895,708.861877441,748.929077148,902.195922852,1048.2175293,1316.12207031,1062.05236816,1094.0369873,624.649719238,685.130981445,1074.4140625,516.319946289,218.067489624,343.215057373,304.927368164,414.364593506,505.879272461,433.772369385,269.99230957,343.907562256,208.507827759,128.271469116,55.0328521729,20.0077228546,9.40919303894,2.90054678917,1.01128935814,2.40820598602,3.99427390099,5.21465444565,2.01489853859,0.29955932498],"mean":[0.884035110474,4.66416072845,8.71545410156,9.10242652893,8.87107849121,8.49387073517,10.0521459579,12.2371997833,18.0836334229,15.6965818405,14.725643158,15.9678726196,25.1258583069,23.4779529572,25.318944931,47.4025802612,44.0358428955,33.1520118713,28.2800559998,18.0661392212,15.7446155548,20.9945411682,13.8328800201,14.0731420517,10.1348543167,8.80174922943,7.06287765503,4.76242589951,3.71078062057,2.70918059349,1.46915972233,0.73631644249,0.314725190401,0.105140514672,0.0371251255274,0.0921030119061,0.144920304418,0.151418060064,0.0844160541892,0.022913986817],"median":[0.565092563629,3.26973819733,5.48498153687,4.8000087738,4.48757648468,3.43257403374,4.09812498093,4.80331039429,5.81231069565,4.86929416656,3.99845218658,5.29662561417,6.47520112991,7.29355716705,8.40903759003,17.8414154053,17.6153926849,12.401799202,10.7376852036,7.60978031158,7.73461580276,9.20795345306,5.23882341385,3.69779872894,2.08544659615,1.65825259686,1.38886022568,1.18427586555,1.0884783268,0.875547349453,0.583774149418,0.329218149185,0.144171819091,0.0505743101239,0.018209176138,0.040108576417,0.058624073863,0.0514737442136,0.0256841313094,0.0118159325793],"min":[1.55349214338e-21,3.38294373483e-21,8.0675086701e-21,2.37891780421e-20,9.62222048079e-20,1.30094404324e-19,2.75206220971e-19,4.28211783429e-19,8.94325964801e-19,1.491843189e-18,1.12005435158e-18,1.97177317361e-18,2.31495241858e-18,7.35923648552e-18,3.52796625798e-18,3.98295571314e-18,2.61479091497e-18,5.87608758515e-18,4.78548138036e-18,5.85006572385e-18,1.35462356203e-17,1.70714163476e-17,1.52130591485e-17,1.01732031862e-17,2.30006205086e-17,1.68642224934e-17,1.33754840352e-17,1.58474587019e-17,1.57814000582e-17,1.7898962574e-17,1.59865044541e-17,1.67228655985e-17,1.8595976391e-17,1.29260677094e-17,1.04755244652e-17,6.19855567514e-18,3.44543079684e-18,1.49460555866e-18,3.18252415705e-19,3.3146703958e-20],"var":[1.49968707561,24.0766639709,125.277496338,153.959762573,196.386474609,401.549530029,360.541534424,586.125854492,1295.82165527,1063.37878418,1494.19909668,1450.84020996,3399.29296875,2738.52416992,2999.36889648,4582.35351562,3871.015625,2063.94189453,2056.88110352,737.338012695,413.989196777,728.359680176,488.557312012,752.940368652,506.742492676,387.675872803,219.57421875,131.496566772,85.6833267212,42.9753112793,9.70208740234,1.7647408247,0.304179698229,0.0289901420474,0.00335191190243,0.0285712517798,0.0834326446056,0.100093171,0.0250134486705,0.000739590206649]},"erbbands_crest":{"dmean":2.35547280312,"dmean2":3.90633201599,"dvar":5.45842313766,"dvar2":13.8502702713,"max":26.9358539581,"mean":7.66580581665,"median":6.6756401062,"min":2.19535136223,"var":14.525718689},"erbbands_flatness_db":{"dmean":0.0189361702651,"dmean2":0.0298833902925,"dvar":0.000364875071682,"dvar2":0.000857027072925,"max":0.291919797659,"mean":0.110707581043,"median":0.103485845029,"min":0.0317304469645,"var":0.00167489459272},"erbbands_kurtosis":{"dmean":1.09326672554,"dmean2":1.81798756123,"dvar":5.4158706665,"dvar2":14.5931911469,"max":82.5799484253,"mean":0.895754992962,"median":0.0692328065634,"min":-1.75993525982,"var":17.0882835388},"erbbands_skewness":{"dmean":0.381240904331,"dmean2":0.597227811813,"dvar":0.153241991997,"dvar2":0.369920343161,"max":7.77682447433,"mean":0.205128833652,"median":0.0153314713389,"min":-3.18925070763,"var":0.939381241798},"erbbands_spread":{"dmean":9.04188728333,"dmean2":14.6168518066,"dvar":83.1725463867,"dvar2":205.20539856,"max":142.882598877,"mean":42.2612380981,"median":37.6807403564,"min":3.94663214684,"var":462.008789062},"gfcc":{"cov":[[19140.1933594,109.222686768,-2181.14672852,-688.043273926,340.548858643,-615.867004395,521.106323242,-338.523651123,450.207550049,154.987442017,320.635955811,349.096496582,-63.2660484314],[109.222686768,988.530395508,15.0440282822,-318.441131592,109.685142517,34.2414398193,-64.1730957031,-51.7979278564,-8.53096485138,-67.6407852173,46.1889038086,-70.4321670532,60.2235069275],[-2181.14672852,15.0440282822,711.205932617,316.200256348,-148.859817505,167.449310303,-58.5942268372,114.928314209,-83.5416259766,-0.611266314983,-96.4737014771,-51.8566017151,-17.5844039917],[-688.043273926,-318.441131592,316.200256348,394.070373535,-35.8045310974,9.19245624542,40.5181312561,65.6165008545,-32.144077301,21.2242126465,-58.8184204102,-3.93764925003,-37.1236495972],[340.548858643,109.685142517,-148.859817505,-35.8045310974,184.261810303,-10.579419136,30.5719013214,-51.2273406982,26.905002594,-27.7701511383,36.3028907776,-0.125843003392,6.63297367096],[-615.867004395,34.2414398193,167.449310303,9.19245624542,-10.579419136,205.509689331,-44.4593429565,54.003036499,-29.7264957428,10.4154682159,-21.5466976166,4.89381885529,7.28171491623],[521.106323242,-64.1730957031,-58.5942268372,40.5181312561,30.5719013214,-44.4593429565,128.415618896,1.44767808914,45.9723243713,7.80703353882,8.90969276428,14.6023111343,-12.5242872238],[-338.523651123,-51.7979278564,114.928314209,65.6165008545,-51.2273406982,54.003036499,1.44767808914,116.500419617,20.9513092041,30.7313194275,-14.57213974,-3.96576166153,3.2188103199],[450.207550049,-8.53096485138,-83.5416259766,-32.144077301,26.905002594,-29.7264957428,45.9723243713,20.9513092041,97.1214904785,34.2006645203,25.1047687531,20.8899059296,-7.19013357162],[154.987442017,-67.6407852173,-0.611266314983,21.2242126465,-27.7701511383,10.4154682159,7.80703353882,30.7313194275,34.2006645203,63.6119804382,23.0859508514,19.6938552856,1.42997300625],[320.635955811,46.1889038086,-96.4737014771,-58.8184204102,36.3028907776,-21.5466976166,8.90969276428,-14.57213974,25.1047687531,23.0859508514,62.9732551575,30.4873542786,13.8511533737],[349.096496582,-70.4321670532,-51.8566017151,-3.93764925003,-0.125843003392,4.89381885529,14.6023111343,-3.96576166153,20.8899059296,19.6938552856,30.4873542786,63.8278236389,14.0402002335],[-63.2660484314,60.2235069275,-17.5844039917,-37.1236495972,6.63297367096,7.28171491623,-12.5242872238,3.2188103199,-7.19013357162,1.42997300625,13.8511533737,14.0402002335,50.393447876]],"icov":[[0.00011453210027,-0.000261341716396,0.000547143106814,-0.000330880255206,0.000274672434898,-0.0000650504152873,-0.000216482629185,0.000101414974779,-0.0000486287499371,-0.00025298516266,0.000314165197778,-0.00057103834115,0.000389231659938],[-0.000261341716396,0.0035427568946,-0.00423257797956,0.00513888010755,-0.00379137368873,0.00177056994289,0.0000563900503039,-0.000687962165102,0.000824275019113,0.000350303860614,-0.00173082377296,0.00294875539839,-0.0021901698783],[0.000547143106814,-0.00423257797956,0.0121788475662,-0.0134694706649,0.0123458374292,-0.00908385682851,0.00104184891097,0.00355587946251,-0.00690392497927,0.00803004484624,-0.00535311643034,0.00472121592611,-0.00126535445452],[-0.000330880255206,0.00513888010755,-0.0134694706649,0.0217765588313,-0.0183221846819,0.0135253248736,-0.00355696096085,-0.00880467984825,0.0153827080503,-0.0171443074942,0.0155839016661,-0.0115523654968,0.00653766002506],[0.000274672434898,-0.00379137368873,0.0123458374292,-0.0183221846819,0.0266119018197,-0.0155278677121,0.000698373420164,0.0112943165004,-0.0184590220451,0.0233159027994,-0.0222722832114,0.0162023101002,-0.00780835468322],[-0.0000650504152873,0.00177056994289,-0.00908385682851,0.0135253248736,-0.0155278677121,0.0177427344024,-0.000224014132982,-0.00991010479629,0.0144326183945,-0.0166975446045,0.0167706348002,-0.0152769498527,0.00683361897245],[-0.000216482629185,0.0000563900503039,0.00104184891097,-0.00355696096085,0.000698373420164,-0.000224014132982,0.0121363606304,0.000424086174462,-0.00664711929858,0.00447225570679,-0.00217557908036,0.00107382657006,-0.000442861201009],[0.000101414974779,-0.000687962165102,0.00355587946251,-0.00880467984825,0.0112943165004,-0.00991010479629,0.000424086174462,0.020130360499,-0.0141992382705,0.00602822611108,-0.00838085915893,0.0116662913933,-0.00867474079132],[-0.0000486287499371,0.000824275019113,-0.00690392497927,0.0153827080503,-0.0184590220451,0.0144326183945,-0.00664711929858,-0.0141992382705,0.0352769047022,-0.0271429866552,0.0188602227718,-0.0191210024059,0.0134229362011],[-0.00025298516266,0.000350303860614,0.00803004484624,-0.0171443074942,0.0233159027994,-0.0166975446045,0.00447225570679,0.00602822611108,-0.0271429866552,0.0540690459311,-0.0375231318176,0.0205246172845,-0.0113055678084],[0.000314165197778,-0.00173082377296,-0.00535311643034,0.0155839016661,-0.0222722832114,0.0167706348002,-0.00217557908036,-0.00838085915893,0.0188602227718,-0.0375231318176,0.0591373406351,-0.0332668982446,0.0093478737399],[-0.00057103834115,0.00294875539839,0.00472121592611,-0.0115523654968,0.0162023101002,-0.0152769498527,0.00107382657006,0.0116662913933,-0.0191210024059,0.0205246172845,-0.0332668982446,0.046779949218,-0.0187074895948],[0.000389231659938,-0.0021901698783,-0.00126535445452,0.00653766002506,-0.00780835468322,0.00683361897245,-0.000442861201009,-0.00867474079132,0.0134229362011,-0.0113055678084,0.0093478737399,-0.0187074895948,0.0326876118779]],"mean":[-5.18163728714,83.7460403442,-66.650177002,11.6451644897,-7.0363779068,0.848635494709,-1.57370746136,-11.8018131256,-2.19753980637,-4.93855619431,-4.4226770401,1.62796676159,-12.9441127777]},"hfc":{"dmean":69.6432418823,"dmean2":113.561203003,"dvar":14791.9257812,"dvar2":37630.8710938,"max":2054.96826172,"mean":173.305358887,"median":113.149124146,"min":1.16203378008e-16,"var":32501.5820312},"melbands":{"dmean":[0.00583464698866,0.00407908996567,0.00106520857662,0.000364779290976,0.000240194087382,0.000191450686543,0.000176203757292,0.000099460776255,0.0000830269782455,0.0000668771608616,0.0000839127023937,0.0000617282566964,0.0000491063401569,0.0000632813898847,0.0000772286584834,0.0000452451240562,0.0000327941488649,0.0000258798700088,0.0000176031444425,0.0000109334241643,0.00000975304010353,0.0000119609730973,0.00000860869931785,0.00000570368865738,0.00000708950847184,0.0000048320894166,0.00000374251112589,0.00000341461600328,0.00000276456489701,0.00000186473903341,0.00000145594822243,0.00000127882742618,0.00000101332057056,8.38648134049e-7,5.09001495175e-7,3.58721820248e-7,2.4117372277e-7,1.53893267907e-7,1.05094713376e-7,5.17493141672e-8],"dmean2":[0.0102413864806,0.00711165415123,0.00181334582157,0.00060270918766,0.000395370909246,0.000315901910653,0.000291137053864,0.000164624681929,0.000137789887958,0.000108705513412,0.000138377537951,0.000100748504337,0.0000804892260931,0.000106458188384,0.000130294778501,0.0000757625239203,0.0000542687812413,0.0000424702411692,0.0000290373118332,0.0000175719687832,0.0000158997736435,0.0000194832318812,0.0000137908700708,0.00000868875486049,0.0000108645017463,0.0000071199328886,0.00000554892812943,0.00000494988853461,0.00000401590250476,0.00000268078838417,0.00000213018779505,0.00000182341523214,0.00000147790956362,0.00000120072456866,7.10109020474e-7,5.03565104282e-7,3.42848323953e-7,2.23858108939e-7,1.53757412136e-7,8.29279898085e-8],"dvar":[0.000102380763565,0.0000335620388796,0.00000282871792479,4.27028453487e-7,2.08705273508e-7,2.04668609172e-7,1.58563210562e-7,5.75033176631e-8,7.09452194769e-8,3.51396174381e-8,5.6067808174e-8,3.13849035649e-8,2.41169182402e-8,1.34721398481e-8,2.10304857973e-8,6.87191992199e-9,3.5349196903e-9,2.56005394661e-9,1.37373079578e-9,4.34760200063e-10,2.67211197613e-10,3.85993292884e-10,2.84960305352e-10,1.5757166405e-10,3.10743458742e-10,1.5742807058e-10,1.00227541544e-10,8.54748008483e-11,4.6120194469e-11,2.51719912275e-11,2.61251176942e-11,1.69212005519e-11,1.13588296755e-11,6.43059043515e-12,1.6845088692e-12,7.00880488629e-13,2.59043329322e-13,9.97525087705e-14,3.86211889021e-14,7.30942084339e-15],"dvar2":[0.00028387477505,0.0000962870617514,0.00000740804398447,0.00000101974546851,5.0411557595e-7,5.22971959072e-7,3.92162121443e-7,1.46322335581e-7,1.86554615311e-7,8.35493167983e-8,1.45249458683e-7,7.97922083962e-8,6.3251377469e-8,3.54532012636e-8,5.65616140591e-8,1.82846395802e-8,9.53182510699e-9,6.48369979928e-9,3.60916119213e-9,1.06028619218e-9,6.64363286607e-10,1.00042063522e-9,7.06581848586e-10,3.4741723387e-10,7.02849667356e-10,3.35630273574e-10,2.08001713076e-10,1.89909019066e-10,9.82934011962e-11,5.17585904691e-11,5.8793560298e-11,3.90171367437e-11,2.67456681802e-11,1.37218934132e-11,3.05552718544e-12,1.36039519493e-12,5.0238432121e-13,1.9784614756e-13,7.73247297355e-14,1.6666088133e-14],"max":[0.119887441397,0.0644117221236,0.0273527540267,0.017873916775,0.0111932409927,0.00883895531297,0.00833762157708,0.0064061852172,0.00672169169411,0.00565807754174,0.00510610966012,0.00569219561294,0.0046072229743,0.00177253293805,0.00345929572359,0.00133385532536,0.00129722256679,0.0020126614254,0.00118790962733,0.000492235121783,0.000280275358818,0.00037220568629,0.000245644390816,0.000307515118038,0.000370249152184,0.00041190921911,0.000334312644554,0.000296761019854,0.000166406025528,0.000154391105752,0.000216156302486,0.000126868166262,0.000123270205222,0.0000615529716015,0.0000346894521499,0.0000195793072635,0.0000135268610393,0.00000754917527956,0.00000444007218903,0.00000159287958468],"mean":[0.00760672381148,0.00532903056592,0.00162355881184,0.000598977319896,0.000359099183697,0.000285625545075,0.000268929929007,0.000154654058861,0.000122158089653,0.000102702768345,0.000127948747831,0.0000971618064796,0.0000745857323636,0.000109622997115,0.000130859421915,0.0000786208329373,0.0000602046493441,0.0000482340219605,0.0000301998825307,0.0000190659029613,0.0000186942797882,0.0000233079717873,0.000015959756638,0.0000103489946923,0.0000117957551993,0.00000813243968878,0.00000636337063042,0.00000570888778384,0.00000477276762467,0.0000033217922919,0.0000025350220767,0.00000219921457756,0.00000173832358996,0.0000013909301515,8.92511195616e-7,5.9193433799e-7,3.9202174662e-7,2.35005231275e-7,1.50046048475e-7,6.30331484786e-8],"median":[0.00550521630794,0.00365098076873,0.000903132255189,0.000291066535283,0.000154420849867,0.000110914967081,0.0000882072999957,0.0000469636725029,0.0000314671196975,0.0000336948687618,0.0000317795311275,0.0000287552084046,0.0000228541412071,0.0000370123161701,0.0000471702041978,0.0000299615294352,0.0000207479515666,0.0000176189641934,0.0000110959063022,0.0000077472141129,0.00000881749656401,0.0000100670831671,0.00000628183897788,0.0000032527118492,0.00000291806077257,0.00000162792900937,0.00000124337850593,0.00000103048751043,8.86356133378e-7,7.17214618362e-7,6.51157392895e-7,6.29471628599e-7,5.08756158979e-7,4.50006979236e-7,3.44361353655e-7,2.50263127555e-7,1.76726587142e-7,1.06489494556e-7,6.72414870451e-8,3.04095202353e-8],"min":[1.14353971018e-23,4.05397867447e-24,6.44667505268e-24,7.79904967364e-24,9.46883470717e-24,8.74555496444e-24,1.62696329701e-23,1.61291257988e-23,9.27868451913e-24,1.2079484676e-23,1.166444681e-23,3.03025202631e-23,1.15677506068e-23,1.29284630931e-23,7.24991334232e-24,6.0777610949e-24,1.16356841525e-23,8.33362994353e-24,5.43870842546e-24,1.08953610699e-23,1.742263838e-23,1.88597410009e-23,1.65476717293e-23,1.03948169927e-23,7.50021890755e-24,1.31908098312e-23,1.85142641007e-23,9.32594044279e-24,7.55598190722e-24,8.874201612e-24,9.59416182804e-24,8.89342694112e-24,8.90579628012e-24,1.05666490416e-23,8.29138486434e-24,1.08133952664e-23,9.93457108586e-24,1.28155305548e-23,1.34317263739e-23,9.6410446205e-24],"var":[0.0000852544690133,0.0000333172756655,0.000004345535217,0.00000132306172418,3.71499538687e-7,3.04382780314e-7,2.79614795318e-7,1.04271585144e-7,1.11099851097e-7,6.56650769315e-8,8.84120296973e-8,4.90267275666e-8,3.35412906338e-8,2.75972933395e-8,3.94961752193e-8,1.40622411493e-8,7.49086481733e-9,6.32203178696e-9,2.40979969313e-9,8.84871287354e-10,6.14391981735e-10,9.08928710075e-10,5.82082881895e-10,3.47335299411e-10,5.6063098608e-10,3.31666694109e-10,2.280359096e-10,1.68940222922e-10,1.01601158042e-10,5.53473274156e-11,4.49176945638e-11,3.1127513761e-11,2.00997517241e-11,1.14435743867e-11,3.8196889228e-12,1.32505627564e-12,4.89560974225e-13,1.7825197156e-13,6.79532927324e-14,1.01084285121e-14]},"melbands_crest":{"dmean":4.34999275208,"dmean2":7.40903520584,"dvar":14.0126047134,"dvar2":40.2106971741,"max":37.6677742004,"mean":19.5448246002,"median":19.214805603,"min":2.70031046867,"var":32.1907119751},"melbands_flatness_db":{"dmean":0.0428240224719,"dmean2":0.0700760558248,"dvar":0.00142210791819,"dvar2":0.00368037796579,"max":0.629680454731,"mean":0.285948783159,"median":0.274732410908,"min":0.00515162292868,"var":0.0072259940207},"melbands_kurtosis":{"dmean":27.5173015594,"dmean2":46.836315155,"dvar":2266.68652344,"dvar2":6248.30322266,"max":730.498352051,"mean":51.602519989,"median":22.6202049255,"min":-1.45741665363,"var":5328.33398438},"melbands_skewness":{"dmean":1.40086483955,"dmean2":2.35488390923,"dvar":2.06767439842,"dvar2":5.63590526581,"max":20.903339386,"mean":4.82559347153,"median":4.1346154213,"min":-0.291713476181,"var":8.63142299652},"melbands_spread":{"dmean":5.03888225555,"dmean2":8.49378490448,"dvar":37.8179588318,"dvar2":99.9156341553,"max":123.081558228,"mean":11.8849430084,"median":8.75254440308,"min":0.262849271297,"var":114.120452881},"mfcc":{"cov":[[12874.9628906,741.332397461,-1904.36206055,46.8575592041,-468.395080566,105.092689514,-259.994812012,39.2031326294,-187.026992798,53.4856147766,53.126159668,265.600860596,89.1443557739],[741.332397461,1212.93395996,-188.012390137,-244.025863647,101.118644714,23.7318878174,-1.75895190239,-14.2780742645,-25.5430526733,-52.4239349365,12.6042757034,17.0149688721,9.79048538208],[-1904.36206055,-188.012390137,845.411987305,119.461669922,74.5634002686,12.3824806213,83.6048278809,34.1013946533,78.2947692871,47.4067420959,-4.46483755112,-59.5170059204,-17.1256141663],[46.8575592041,-244.025863647,119.461669922,358.5625,-27.1258926392,7.68641424179,23.0739974976,23.213558197,11.4376096725,51.0227355957,-4.64161205292,-16.1646595001,1.27417397499],[-468.395080566,101.118644714,74.5634002686,-27.1258926392,155.09022522,38.24766922,28.4626045227,9.65375804901,6.87133741379,-17.5957927704,2.93547701836,-7.15509843826,-1.9272018671],[105.092689514,23.7318878174,12.3824806213,7.68641424179,38.24766922,101.766639709,28.7591190338,21.6664619446,-4.28265285492,-5.40637922287,-3.6740694046,7.5500459671,-1.35294342041],[-259.994812012,-1.75895190239,83.6048278809,23.0739974976,28.4626045227,28.7591190338,75.4689102173,18.9036178589,10.158946991,1.3882137537,-9.89583969116,-13.9871053696,-0.54448056221],[39.2031326294,-14.2780742645,34.1013946533,23.213558197,9.65375804901,21.6664619446,18.9036178589,64.9221115112,24.9016151428,17.1713027954,6.67924356461,5.42349672318,-0.349105000496],[-187.026992798,-25.5430526733,78.2947692871,11.4376096725,6.87133741379,-4.28265285492,10.158946991,24.9016151428,62.3831329346,33.3123130798,10.3059616089,-1.70854854584,0.652535140514],[53.4856147766,-52.4239349365,47.4067420959,51.0227355957,-17.5957927704,-5.40637922287,1.3882137537,17.1713027954,33.3123130798,65.6333999634,22.0987071991,4.87538290024,6.79613637924],[53.126159668,12.6042757034,-4.46483755112,-4.64161205292,2.93547701836,-3.6740694046,-9.89583969116,6.67924356461,10.3059616089,22.0987071991,49.1906204224,25.1024398804,8.31496810913],[265.600860596,17.0149688721,-59.5170059204,-16.1646595001,-7.15509843826,7.5500459671,-13.9871053696,5.42349672318,-1.70854854584,4.87538290024,25.1024398804,52.8747367859,20.5382823944],[89.1443557739,9.79048538208,-17.1256141663,1.27417397499,-1.9272018671,-1.35294342041,-0.54448056221,-0.349105000496,0.652535140514,6.79613637924,8.31496810913,20.5382823944,40.6691017151]],"icov":[[0.000159702351084,-0.000114709044283,0.000283444474917,-0.000129534979351,0.000369460205548,-0.000292164564598,0.000237806685618,-0.000239943808992,0.000244333525188,-0.000358797609806,0.000201637900318,-0.000364845560398,0.00000894664935913],[-0.000114709044283,0.00111956603359,0.00000224821656047,0.000683324760757,-0.000875992933288,0.000154091554577,-0.000328665686538,0.000161650474183,-0.0000136612507049,0.000360373291187,-0.000483482115669,0.000490584643558,-0.000286844791844],[0.000283444474917,0.00000224821656047,0.00220154924318,-0.000508843746502,-0.0000397978510591,-0.00041176067316,-0.000784024654422,-0.000163769567735,-0.0011528597679,-0.000845769245643,-0.000138195522595,0.000845993228722,0.0000545375187357],[-0.000129534979351,0.000683324760757,-0.000508843746502,0.00397094339132,-0.000118220901641,-0.00000354962162419,-0.000733154127374,-0.000731129315682,0.00178408354986,-0.00309955677949,0.000796336331405,0.00108200113755,-0.000460961542558],[0.000369460205548,-0.000875992933288,-0.0000397978510591,-0.000118220901641,0.00973512325436,-0.00357298878953,-0.000850793032441,-0.000519133172929,-0.00135913514532,0.00323048466817,-0.00284655066207,0.00136403401848,-0.000910289760213],[-0.000292164564598,0.000154091554577,-0.00041176067316,-0.00000354962162419,-0.00357298878953,0.0139953652397,-0.00455777579919,-0.00321316462941,0.0027097100392,-0.000313639029628,0.00240933080204,-0.00434386590496,0.00234773242846],[0.000237806685618,-0.000328665686538,-0.000784024654422,-0.000733154127374,-0.000850793032441,-0.00455777579919,0.0192805919796,-0.00398571556434,-0.000405863363994,0.000163593009347,0.00235573993996,0.00395183311775,-0.00321552180685],[-0.000239943808992,0.000161650474183,-0.000163769567735,-0.000731129315682,-0.000519133172929,-0.00321316462941,-0.00398571556434,0.021890072152,-0.00820320192724,-0.000643457518891,-0.000744370627217,-0.00291418586858,0.00230705155991],[0.000244333525188,-0.0000136612507049,-0.0011528597679,0.00178408354986,-0.00135913514532,0.0027097100392,-0.000405863363994,-0.00820320192724,0.0286699738353,-0.0138446362689,0.00152266130317,-0.000615108758211,0.000729113467969],[-0.000358797609806,0.000360373291187,-0.000845769245643,-0.00309955677949,0.00323048466817,-0.000313639029628,0.000163593009347,-0.000643457518891,-0.0138446362689,0.0313743799925,-0.0131660839543,0.00493590114638,-0.0042416062206],[0.000201637900318,-0.000483482115669,-0.000138195522595,0.000796336331405,-0.00284655066207,0.00240933080204,0.00235573993996,-0.000744370627217,0.00152266130317,-0.0131660839543,0.0352121479809,-0.0175799243152,0.00341616454534],[-0.000364845560398,0.000490584643558,0.000845993228722,0.00108200113755,0.00136403401848,-0.00434386590496,0.00395183311775,-0.00291418586858,-0.000615108758211,0.00493590114638,-0.0175799243152,0.0378701016307,-0.015393444337],[0.00000894664935913,-0.000286844791844,0.0000545375187357,-0.000460961542558,-0.000910289760213,0.00234773242846,-0.00321552180685,0.00230705155991,0.000729113467969,-0.0042416062206,0.00341616454534,-0.015393444337,0.0324597582221]],"mean":[-670.41796875,143.515686035,4.79653644562,31.550327301,13.0896759033,25.9564208984,7.13994312286,13.688287735,0.112713083625,5.60226774216,3.75562810898,7.49863004684,1.04699599743]},"pitch_salience":{"dmean":0.096148841083,"dmean2":0.163803234696,"dvar":0.00635210750625,"dvar2":0.018270092085,"max":0.804022789001,"mean":0.481931060553,"median":0.496019214392,"min":0.0660261064768,"var":0.0154541516677},"silence_rate_20dB":{"dmean":0,"dmean2":0,"dvar":0,"dvar2":0,"max":1,"mean":1,"median":1,"min":1,"var":0},"silence_rate_30dB":{"dmean":0.110078826547,"dmean2":0.220188647509,"dvar":0.0979614779353,"dvar2":0.211407139897,"max":1,"mean":0.864883899689,"median":1,"min":0,"var":0.11685974896},"silence_rate_60dB":{"dmean":0.00112612615339,"dmean2":0.00225256942213,"dvar":0.00112485792488,"dvar2":0.00281063769944,"max":1,"mean":0.0472906418145,"median":0,"min":0,"var":0.0450542345643},"spectral_centroid":{"dmean":217.688171387,"dmean2":331.301513672,"dvar":67553.109375,"dvar2":123461.578125,"max":10871.0878906,"mean":1002.95855713,"median":910.172058105,"min":112.253669739,"var":406369.21875},"spectral_complexity":{"dmean":4.06503391266,"dmean2":5.76460647583,"dvar":24.1351280212,"dvar2":37.5059013367,"max":64,"mean":19.7694587708,"median":17,"min":0,"var":208.346282959},"spectral_contrast_coeffs":{"dmean":[0.0539713837206,0.048773676157,0.0374704487622,0.0301662739366,0.0236726980656,0.0242520477623],"dmean2":[0.0910923406482,0.0826981961727,0.0634709075093,0.0509047396481,0.0391923673451,0.0376993715763],"dvar":[0.00176217604894,0.00146362103987,0.000902218336705,0.000579623214435,0.000429931969848,0.000524776172824],"dvar2":[0.00514090433717,0.00410224171355,0.00253001274541,0.00155906623695,0.00112655770499,0.00118464918341],"max":[-0.447927743196,-0.480606377125,-0.562549054623,-0.558846831322,-0.648321688175,-0.493625283241],"mean":[-0.697450220585,-0.788010179996,-0.821058094501,-0.822147965431,-0.825015068054,-0.761357903481],"median":[-0.699931144714,-0.792229294777,-0.823359668255,-0.819532990456,-0.821707189083,-0.764016628265],"min":[-0.987007915974,-0.966761469841,-0.976808667183,-0.984277307987,-0.972506701946,-0.960904240608],"var":[0.00444271788001,0.00396240781993,0.00291615072638,0.00261683994904,0.00235063955188,0.00399424042553]},"spectral_contrast_valleys":{"dmean":[0.428300827742,0.435051590204,0.409228861332,0.376842468977,0.363343000412,0.464084208012],"dmean2":[0.725231409073,0.727572083473,0.673982441425,0.603090643883,0.542697131634,0.72464966774],"dvar":[0.147280260921,0.173836946487,0.180552124977,0.183061912656,0.181104660034,0.214351162314],"dvar2":[0.359864115715,0.418522208929,0.424898713827,0.419592618942,0.383886545897,0.505420804024],"max":[-4.66340827942,-4.72496938705,-5.16507816315,-5.35290002823,-5.24335479736,-8.57737636566],"mean":[-6.57331466675,-6.81155395508,-7.23554515839,-7.54135799408,-7.79265499115,-10.6864347458],"median":[-6.35538244247,-6.57765865326,-6.97960090637,-7.23149633408,-7.61884021759,-10.4717264175],"min":[-27.2808532715,-27.8836154938,-26.9548282623,-27.2440814972,-27.2651691437,-27.1081295013],"var":[1.6292052269,1.93098175526,2.10445570946,2.27690672874,2.05782723427,1.24634087086]},"spectral_decrease":{"dmean":7.77279307584e-9,"dmean2":1.32432020905e-8,"dvar":1.34927001602e-16,"dvar2":3.55609551078e-16,"max":7.00402713605e-9,"mean":-1.22561090166e-8,"median":-9.61643653596e-9,"min":-1.22458331475e-7,"var":1.42605103806e-16},"spectral_energy":{"dmean":0.0296161212027,"dmean2":0.0509138926864,"dvar":0.00193297187798,"dvar2":0.00518604554236,"max":0.477758914232,"mean":0.0619767084718,"median":0.0527170486748,"min":1.09387365868e-20,"var":0.00247320858762},"spectral_energyband_high":{"dmean":0.000415333197452,"dmean2":0.000517086940818,"dvar":8.28271822684e-7,"dvar2":0.00000136043558996,"max":0.0211462136358,"mean":0.00116494577378,"median":0.000452358683106,"min":7.78925609803e-21,"var":0.00000357680323759},"spectral_energyband_low":{"dmean":0.0259961411357,"dmean2":0.0453659556806,"dvar":0.00155976903625,"dvar2":0.00426685158163,"max":0.442765444517,"mean":0.0378931090236,"median":0.0292437821627,"min":5.17706030259e-23,"var":0.00146001589019},"spectral_energyband_middle_high":{"dmean":0.00181728042662,"dmean2":0.00275520468131,"dvar":0.00000787115823186,"dvar2":0.0000184662694664,"max":0.0508797615767,"mean":0.00552669726312,"median":0.00272904685698,"min":1.96628081551e-21,"var":0.0000419853749918},"spectral_energyband_middle_low":{"dmean":0.0043450333178,"dmean2":0.00702243112028,"dvar":0.0000345930675394,"dvar2":0.0000849198549986,"max":0.0801923424006,"mean":0.0100865745917,"median":0.00704137654975,"min":3.45140353281e-22,"var":0.000105691608042},"spectral_entropy":{"dmean":0.194476634264,"dmean2":0.301929861307,"dvar":0.051507845521,"dvar2":0.128730803728,"max":9.81017780304,"mean":7.56098890305,"median":7.66767692566,"min":4.96919393539,"var":0.2423710078},"spectral_flux":{"dmean":0.0403461977839,"dmean2":0.0657769218087,"dvar":0.00258151791058,"dvar2":0.00573682365939,"max":0.590208828449,"mean":0.136698052287,"median":0.12920024991,"min":1.04588414318e-10,"var":0.00588702736422},"spectral_kurtosis":{"dmean":3.40240812302,"dmean2":5.34938430786,"dvar":30.5074501038,"dvar2":79.1692504883,"max":107.232551575,"mean":13.4744501114,"median":11.6856966019,"min":-1.16454899311,"var":76.4310302734},"spectral_rms":{"dmean":0.00171456031967,"dmean2":0.00290133012459,"dvar":0.00000368921928384,"dvar2":0.00000958710825216,"max":0.021589493379,"mean":0.00717596756294,"median":0.0071715596132,"min":3.26679330288e-12,"var":0.0000089705672508},"spectral_rolloff":{"dmean":5367.64501953,"dmean2":10293.765625,"dvar":68735648,"dvar2":168704512,"max":22050,"mean":7673.09423828,"median":1335.05859375,"min":21.533203125,"var":92978528},"spectral_skewness":{"dmean":0.301002502441,"dmean2":0.464865922928,"dvar":0.150172784925,"dvar2":0.382385492325,"max":8.33358097076,"mean":2.56736731529,"median":2.44685912132,"min":0.0629255473614,"var":0.587278485298},"spectral_spread":{"dmean":533986.6875,"dmean2":823034.5,"dvar":404643512320,"dvar2":773083627520,"max":39922372,"mean":4875452,"median":4710105.5,"min":1459883.125,"var":2044176760830},"spectral_strongpeak":{"dmean":4.28470563889,"dmean2":8.2275724411,"dvar":362.803405762,"dvar2":1028.86120605,"max":178.097457886,"mean":2.71281862259,"median":0.259235203266,"min":0,"var":221.278274536},"zerocrossingrate":{"dmean":0.0433074682951,"dmean2":0.0590914487839,"dvar":0.00161809718702,"dvar2":0.00274158059619,"max":0.666015625,"mean":0.203913748264,"median":0.19921875,"min":0,"var":0.0101485718042}},"metadata":{"audio_properties":{"analysis_sample_rate":44100,"bit_rate":256000,"codec":"mp3","downmix":"mix","equal_loudness":0,"length":164.937149048,"lossless":false,"md5_encoded":"217982ed7a689b26853644d455e0010c","replay_gain":0.0581607818604,"sample_rate":44100},"tags":{"acoustid_id":["0ea321f7-6551-4490-b6ab-45c3550d8f8e"],"album":["Doolittle"],"albumartist":["Pixies"],"artist":["Pixies"],"date":["1989"],"discnumber":["1/1"],"file_name":"15 - Pixies - Gouge Away.mp3","musicbrainz_albumartistid":["b6b2bb8d-54a9-491f-9607-7b546023b433"],"musicbrainz_albumid":["abb2d8b4-e6d9-3619-812b-d2582554e24f"],"musicbrainz_artistid":["b6b2bb8d-54a9-491f-9607-7b546023b433"],"musicbrainz_recordingid":["1f8f65bf-c289-454d-a46c-700b393ea3bf"],"musicbrainz_releasegroupid":["1aa41b19-5a72-341b-bd91-4cf61d1dab6b"],"replaygain_album_gain":["-0.25 dB"],"replaygain_album_peak":["0.800974"],"replaygain_track_gain":["-0.49 dB"],"replaygain_track_peak":["0.668777"],"title":["Gouge Away"],"tracknumber":["15/15"]},"version":{"essentia":"2.1-beta1","essentia_build_sha":"e76a03f03bb3900de42a1fa0d9be1e72f12def64","essentia_git_sha":"v2.1_beta1-28-g21ef5f4-dirty","extractor":"music 1.0"}},"rhythm":{"beats_count":346,"beats_loudness":{"dmean":0.0342949181795,"dmean2":0.06018249318,"dvar":0.00111089344136,"dvar2":0.00310171814635,"max":0.2722209692,"mean":0.0836761817336,"median":0.0787531137466,"min":4.01576265574e-8,"var":0.00193453545216},"beats_loudness_band_ratio":{"dmean":[0.244078025222,0.0417625717819,0.0357633493841,0.0345566421747,0.0427585504949,0.159125506878],"dmean2":[0.470649838448,0.0753134712577,0.0630734041333,0.0612590685487,0.0830491483212,0.311898976564],"dvar":[0.0223503038287,0.00250582327135,0.00161292590201,0.0010730875656,0.000847847666591,0.0142681440338],"dvar2":[0.0744544044137,0.00740462401882,0.00442277640104,0.00309429201297,0.00293041113764,0.0453663766384],"max":[0.982609152794,0.393605977297,0.294272720814,0.272847145796,0.150277838111,0.592054665089],"mean":[0.678625702858,0.0523554235697,0.0440070405602,0.0502954050899,0.0380099378526,0.14698545