{"lowlevel":{"average_loudness":0.0756821334362,"barkbands":{"dmean":[0.0000282386681647,0.00170424231328,0.0020445776172,0.00147057988215,0.00170750403777,0.000987806823105,0.000662327336613,0.000334193115123,0.000211279882933,0.000130728265503,0.000116191426059,0.000100651348475,0.000074684889114,0.000190249702428,0.0000595087949478,0.0000336065822921,0.0000320461658703,0.0000152007769429,0.0000181024406629,0.0000101491923488,0.0000115891616588,0.0000274908252322,0.0000602615764365,0.0000378770237148,0.0000118599346024,0.00000146951174429,7.6092128154e-8],"dmean2":[0.0000392126457882,0.00257127266377,0.00305765680969,0.00223938794807,0.00270181358792,0.00139856652822,0.00093098875368,0.000472792424262,0.000290263909847,0.000182252464583,0.000173937252839,0.000149276354932,0.000112181689474,0.000247053452767,0.0000915612909012,0.0000517955995747,0.0000489318772452,0.0000234556155192,0.0000276930550172,0.0000157774247782,0.000017315369405,0.0000372410213458,0.0000850941360113,0.0000572305325477,0.000017955308067,0.00000227947884923,1.24625472608e-7],"dvar":[7.23448190243e-9,0.0000160145700647,0.0000240717599809,0.0000114896656669,0.0000198311699933,0.0000168214028236,0.0000162797532539,0.00000345277248925,0.00000243786189458,3.33950566755e-7,1.59912033837e-7,1.92704007418e-7,1.13657556255e-7,3.94755687694e-7,8.53649027022e-8,1.14732019441e-8,9.86140413772e-9,3.5463756376e-9,6.6305094748e-9,3.10668246684e-9,1.73425487304e-8,9.69601430256e-8,5.38927395155e-7,2.59828937033e-7,1.34533566509e-8,2.61770383148e-10,6.1119967594e-13],"dvar2":[1.48497703023e-8,0.0000438421557192,0.0000547248309886,0.0000276742230199,0.0000506967116962,0.0000341641934938,0.0000327965899487,0.00000698969006407,0.00000466614073957,6.67608048843e-7,3.49305963709e-7,4.31767489317e-7,2.86901638447e-7,6.34381933651e-7,1.96662668372e-7,2.56183678715e-8,2.12546265033e-8,8.68408012167e-9,1.60891442391e-8,6.50142339964e-9,3.96857551266e-8,1.42247273516e-7,0.00000122157700844,6.08090203968e-7,2.72219704556e-8,6.46662501325e-10,1.53855834323e-12],"max":[0.00234516500495,0.235520243645,0.303868174553,0.10825060308,0.132068961859,0.16595120728,0.216791272163,0.111383892596,0.105857901275,0.0421144217253,0.0172216258943,0.0208501052111,0.0143318688497,0.024063045159,0.0146140623838,0.00388619187288,0.00311012659222,0.00228622020222,0.00325767160393,0.00365258892998,0.0135469846427,0.0286733619869,0.0441171191633,0.0324642956257,0.00770027656108,0.000823437061626,0.0000580538435315],"mean":[0.000119757860375,0.00588083034381,0.00553283654153,0.00340575375594,0.00430211704224,0.00229045539163,0.00137069798075,0.000712205190212,0.000525982759427,0.000326878711348,0.000235489264014,0.000222504735575,0.000160555049661,0.000404839724069,0.000112443012767,0.0000692016183166,0.0000674684197293,0.0000324827960867,0.0000329713657266,0.0000176387220563,0.0000185135249922,0.0000441869815404,0.0000997926981654,0.0000627153276582,0.0000185289627552,0.0000021471951186,9.57681720593e-8],"median":[0.00000565695381738,0.00248621311039,0.00184702686965,0.00129110366106,0.00166045944206,0.0004869120894,0.000170995117514,0.0000792322098278,0.0000520750400028,0.0000756073786761,0.0000662794482196,0.0000641867518425,0.0000491823884659,0.000066128661274,0.0000236023988691,0.0000170278963196,0.0000150054147525,0.00000621683193458,0.00000479762320538,0.00000191034609998,0.00000110433745704,7.02805323272e-7,4.60186782902e-7,2.51983749422e-7,1.29393981751e-7,6.7947460991e-8,1.50590935277e-8],"min":[1.66799779026e-23,6.88036088054e-23,2.74010638213e-24,3.66099775377e-24,1.99730367307e-23,5.15200923569e-23,3.22065401875e-23,7.21633106027e-23,6.49502820297e-23,8.51179528338e-23,5.90216894044e-23,6.98222049389e-23,1.0212045494e-22,1.88312344077e-22,9.55498999316e-23,1.1563075186e-22,1.86129395559e-22,1.98897633113e-22,1.75074046397e-22,3.78132788257e-22,3.90454745109e-22,7.98503335081e-22,6.23663839119e-22,5.88121628993e-22,1.3991679282e-21,1.60244685691e-21,2.58296516675e-21],"var":[7.90975107634e-8,0.0000985798469628,0.000137680515763,0.000039860005927,0.0000570736010559,0.0000531470032001,0.0000382948637707,0.0000112624784379,0.00000830725184642,0.00000137589188398,3.93922420017e-7,5.00745670706e-7,2.04172906138e-7,0.00000140131976423,1.86726737184e-7,2.99036777562e-8,2.55748258127e-8,8.20072276753e-9,1.14807825469e-8,7.20486115213e-9,3.11651682239e-8,2.80942373365e-7,0.00000118738660149,5.1223923947e-7,3.45519346467e-8,4.40822850445e-10,8.51665309456e-13]},"barkbands_crest":{"dmean":1.69001293182,"dmean2":2.67103505135,"dvar":2.88233995438,"dvar2":7.79128599167,"max":24.8097305298,"mean":11.6231527328,"median":11.0801200867,"min":2.96800780296,"var":14.4835777283},"barkbands_flatness_db":{"dmean":0.0169148854911,"dmean2":0.0252298042178,"dvar":0.000360431964509,"dvar2":0.000765197793953,"max":0.509056210518,"mean":0.249410897493,"median":0.2473333776,"min":0.0469678379595,"var":0.00389027944766},"barkbands_kurtosis":{"dmean":4.39330434799,"dmean2":6.71658563614,"dvar":186.38772583,"dvar2":458.453552246,"max":915.600708008,"mean":15.9712352753,"median":7.66497039795,"min":-1.95491039753,"var":2672.5925293},"barkbands_skewness":{"dmean":0.431172132492,"dmean2":0.644558429718,"dvar":0.259986251593,"dvar2":0.597471356392,"max":20.6725120544,"mean":2.543176651,"median":2.31472730637,"min":-4.30586862564,"var":2.92358899117},"barkbands_spread":{"dmean":2.39349293709,"dmean2":3.57840847969,"dvar":35.3216400146,"dvar2":71.6930923462,"max":120.616065979,"mean":9.32430934906,"median":6.19032526016,"min":0.134965598583,"var":156.979598999},"dissonance":{"dmean":0.019358413294,"dmean2":0.0318576805294,"dvar":0.000391949317418,"dvar2":0.00100482197013,"max":0.500000178814,"mean":0.438361078501,"median":0.447369992733,"min":0.227202475071,"var":0.00161634455435},"dynamic_complexity":6.14122009277,"erbbands":{"dmean":[0.026875751093,0.475786864758,2.1763677597,3.64008975029,5.45799303055,5.22813558578,6.94039964676,8.30086517334,9.4635477066,8.91371440887,6.15741157532,4.71811151505,4.45888471603,3.13601446152,4.81189155579,3.78025484085,3.45965051651,6.93194532394,6.77562761307,2.21314287186,1.63160979748,1.75939548016,0.862888753414,0.942787945271,0.690267801285,0.477595150471,0.4360049963,0.491114974022,0.798087000847,1.47112703323,1.69731640816,1.18837893009,0.433758288622,0.18378894031,0.0598723851144,0.0118775526062,0.00178191007581,0.000208741766983,0.0000155144207383,0.0000074306285569],"dmean2":[0.0383716411889,0.72564136982,3.27031135559,5.49914646149,8.68294525146,8.26145744324,9.75128746033,11.8348760605,13.3702049255,12.6210184097,8.64135837555,6.43992948532,5.98842811584,4.43483352661,7.21131134033,5.49441957474,5.06660795212,9.34457969666,9.13099956512,3.41177630424,2.43035435677,2.66719436646,1.30361890793,1.44731068611,1.03836488724,0.72936040163,0.670451700687,0.707797050476,1.09387052059,1.94522428513,2.423391819,1.8194822073,0.641011714935,0.275521337986,0.0924961939454,0.0184658486396,0.00266444869339,0.00030624147621,0.0000247332700383,0.0000107319337985],"dvar":[0.00307452189736,1.3147739172,28.6939220428,62.6250038147,196.462203979,268.581756592,647.036865234,1622.98120117,3203.35400391,3324.79125977,1250.15869141,1167.11401367,556.534240723,132.793380737,283.734527588,215.014144897,220.982498169,459.043609619,741.641601563,60.7462997437,28.5416889191,33.7306900024,10.4883899689,18.7067375183,12.8695411682,6.57979917526,22.8080539703,24.6589717865,73.5956039429,274.762451172,439.323699951,331.611083984,25.472202301,3.36261844635,0.330231904984,0.0173562075943,0.000305899971863,0.00000422377297582,1.86665651825e-8,2.77207840016e-10],"dvar2":[0.00704857241362,3.50887584686,64.129119873,147.458297729,483.104919434,700.990722656,1287.08862305,3338.50927734,6355.14697266,7008.08544922,2423.4128418,2134.8762207,1126.37390137,251.078735352,639.388366699,458.541534424,562.547485352,788.644287109,1316.28466797,136.88999939,59.8107681274,73.0711593628,24.4977893829,46.8988609314,29.476984024,13.4984436035,55.1276359558,49.7189216614,116.084503174,401.629638672,955.050109863,851.423400879,53.2791748047,6.97147417068,0.716931521893,0.0413209088147,0.000644664629363,0.00000875396290212,4.66101433005e-8,5.87669690688e-10],"max":[1.48560464382,72.8686218262,384.955627441,280.972747803,642.32989502,683.373718262,1330.67150879,1983.36938477,2576.34301758,3265.13500977,2328.61376953,2282.13745117,1304.9765625,700.16796875,797.675537109,732.076965332,655.336425781,873.907653809,1077.86572266,404.561309814,260.41708374,215.71194458,126.57219696,212.158706665,238.000610352,179.955444336,464.851043701,469.687805176,781.809265137,1541.0559082,1281.53015137,1304.8112793,320.088500977,131.403594971,36.6045684814,6.40064954758,1.22084271908,0.190065339208,0.00990855880082,0.000646933331154],"mean":[0.114033095539,1.52891612053,6.52250576019,9.16952896118,13.777299881,12.3344430923,16.8451919556,18.3684654236,19.2526950836,20.1384391785,14.5311307907,12.1531009674,11.2404737473,8.04916191101,10.207365036,9.19601345062,8.49158477783,15.9876613617,13.5613117218,4.72476577759,3.76293063164,3.81917142868,2.03169798851,1.8638228178,1.27411520481,0.849583625793,0.686502456665,0.799318492413,1.28075814247,2.54445195198,2.84945273399,1.93877315521,0.739036083221,0.293368399143,0.0873310118914,0.0174945183098,0.00272204983048,0.000322632869938,0.0000309981696773,0.0000302186945191],"median":[0.0347985252738,0.639927566051,2.22034311295,3.9387087822,4.89816188812,4.33322811127,4.66663265228,3.07844352722,2.86257410049,2.07617807388,1.9383636713,1.22872114182,2.23935055733,2.47510480881,2.95899343491,3.0011844635,2.87796640396,3.59572172165,1.9074447155,1.3531434536,0.986468076706,0.863787651062,0.4006742239,0.339583545923,0.159748122096,0.0962323993444,0.0619598180056,0.0335359200835,0.0245679095387,0.0235142856836,0.0108989290893,0.0065888799727,0.00353167881258,0.00177649315447,0.000745340134017,0.000309338385705,0.00013268479961,0.0000297794576909,0.0000106161242002,0.0000169712257048],"min":[2.22745784327e-21,1.38545660175e-20,9.71489863672e-21,1.08004358658e-20,3.49630245621e-20,7.10787511573e-20,3.96958650989e-19,3.05066458807e-19,4.40172996032e-19,6.92520158323e-19,1.72481302506e-18,1.61288721637e-18,2.01389775989e-18,2.59367402791e-18,3.08873231874e-18,2.65709830817e-18,4.35077852972e-18,9.0349960459e-18,7.32889053757e-18,5.30374353494e-18,7.203665319e-18,9.95012663708e-18,1.1059176488e-17,8.2140804993e-18,1.27208152481e-17,1.81083104065e-17,1.76658002116e-17,1.43825284545e-17,3.42987893279e-17,1.90064862767e-17,1.7170095686e-17,1.2850873683e-17,1.11651887825e-17,1.45966673171e-17,1.05661015695e-17,5.70872123668e-18,3.12964239709e-18,1.43898500369e-18,3.33419521868e-19,3.69514698195e-20],"var":[0.0309909768403,8.2378578186,211.8853302,218.557815552,603.255004883,720.264648438,1870.64355469,4832.09179688,7067.76660156,8006.40136719,4330.51416016,4323.22167969,1907.77294922,496.037750244,680.671630859,668.479858398,450.472900391,1774.9666748,2230.30932617,142.79737854,84.2499923706,85.3518066406,28.1575679779,29.5515365601,23.0194206238,16.2749671936,37.3421936035,55.6210517883,207.255783081,859.612548828,1007.86474609,522.43182373,65.1745147705,8.71687030792,0.725135087967,0.0299878660589,0.000721547112335,0.0000101137593447,2.95831448227e-8,1.70044434089e-9]},"erbbands_crest":{"dmean":1.95897221565,"dmean2":2.99298524857,"dvar":4.25837755203,"dvar2":10.0275583267,"max":30.6870174408,"mean":10.5020132065,"median":9.32339859009,"min":2.78655076027,"var":22.8053283691},"erbbands_flatness_db":{"dmean":0.0120581910014,"dmean2":0.0175972599536,"dvar":0.000205661010114,"dvar2":0.000414902839111,"max":0.392931491137,"mean":0.21196551621,"median":0.214344412088,"min":0.0329457446933,"var":0.00164473219775},"erbbands_kurtosis":{"dmean":0.802062153816,"dmean2":1.18832826614,"dvar":1.72402977943,"dvar2":3.44037556648,"max":41.9025840759,"mean":0.658009588718,"median":-0.408823549747,"min":-1.85997724533,"var":9.29001235962},"erbbands_skewness":{"dmean":0.300827890635,"dmean2":0.440764516592,"dvar":0.111050412059,"dvar2":0.22673253715,"max":5.06852960587,"mean":0.519136786461,"median":0.478378713131,"min":-5.3433470726,"var":0.879056751728},"erbbands_spread":{"dmean":4.66306972504,"dmean2":7.0468711853,"dvar":60.6447753906,"dvar2":138.007553101,"max":157.898544312,"mean":30.8422012329,"median":29.3206062317,"min":2.87250709534,"var":229.463195801},"gfcc":{"cov":[[13145.6357422,365.015930176,-1864.63000488,1125.35571289,-1135.71911621,-176.05632019,-300.972259521,-34.3988609314,211.895233154,-150.689422607,199.32258606,-296.636444092,19.2021026611],[365.015930176,1330.24438477,-313.430603027,-364.074523926,406.345367432,-354.633026123,102.64717865,-111.72278595,48.7188262939,-109.165222168,46.9061050415,-84.2331008911,-10.3887300491],[-1864.63000488,-313.430603027,955.282348633,-76.5197219849,29.0195159912,320.396179199,13.6102104187,13.4720535278,-32.8324012756,39.9429473877,-11.3422794342,88.7758178711,49.6027107239],[1125.35571289,-364.074523926,-76.5197219849,448.375244141,-154.281173706,49.5969390869,30.6643390656,19.5716953278,52.6390228271,29.6314506531,46.0928039551,6.58687067032,25.3985767365],[-1135.71911621,406.345367432,29.0195159912,-154.281173706,490.459136963,-56.0243721008,94.9609146118,-28.0226688385,-14.4313755035,-7.28266859055,-16.0200862885,-20.4256687164,8.59570789337],[-176.05632019,-354.633026123,320.396179199,49.5969390869,-56.0243721008,333.435791016,8.52944755554,26.4728012085,-23.8228130341,14.8345451355,-27.5061473846,26.7603054047,26.5784645081],[-300.972259521,102.64717865,13.6102104187,30.6643390656,94.9609146118,8.52944755554,208.174057007,39.3573799133,16.3301124573,4.92002105713,8.59695148468,4.47592878342,-1.05436313152],[-34.3988609314,-111.72278595,13.4720535278,19.5716953278,-28.0226688385,26.4728012085,39.3573799133,128.924285889,23.5604076385,18.5943164825,10.9678764343,6.61430931091,-6.7199511528],[211.895233154,48.7188262939,-32.8324012756,52.6390228271,-14.4313755035,-23.8228130341,16.3301124573,23.5604076385,103.980484009,27.2329597473,29.7548789978,-0.5300090909,-0.993888020515],[-150.689422607,-109.165222168,39.9429473877,29.6314506531,-7.28266859055,14.8345451355,4.92002105713,18.5943164825,27.2329597473,98.5802993774,29.4274272919,14.918088913,5.60365438461],[199.32258606,46.9061050415,-11.3422794342,46.0928039551,-16.0200862885,-27.5061473846,8.59695148468,10.9678764343,29.7548789978,29.4274272919,95.915763855,27.5497512817,9.80663013458],[-296.636444092,-84.2331008911,88.7758178711,6.58687067032,-20.4256687164,26.7603054047,4.47592878342,6.61430931091,-0.5300090909,14.918088913,27.5497512817,86.0793380737,29.5311832428],[19.2021026611,-10.3887300491,49.6027107239,25.3985767365,8.59570789337,26.5784645081,-1.05436313152,-6.7199511528,-0.993888020515,5.60365438461,9.80663013458,29.5311832428,81.0064620972]],"icov":[[0.000471099920105,-0.00137133698445,0.000772499828599,-0.0016897484893,0.00127069943119,-0.00138600147329,0.00111541082151,-0.000764769036323,0.000712976441719,-0.000534932478331,0.000234422434005,0.000399578537326,-0.0000880682273419],[-0.00137133698445,0.00784082897007,-0.00194176693913,0.00799178797752,-0.00512671703473,0.00610514823347,-0.00534094823524,0.00502813467756,-0.005254202988,0.00564284343272,-0.00482471799478,0.00226409034804,-0.00179373566061],[0.000772499828599,-0.00194176693913,0.0031086106319,-0.00203303922899,0.00177550246008,-0.00384284299798,0.00163558044005,-0.0008438093937,0.0008994602249,-0.00100241508335,0.0000120768481793,-0.000357706623618,-0.000465145654744],[-0.0016897484893,0.00799178797752,-0.00203303922899,0.0116340676323,-0.00468153785914,0.00574465282261,-0.00654882285744,0.00536971073598,-0.00612428132445,0.00481254560873,-0.00525749195367,0.00189210963435,-0.00246658688411],[0.00127069943119,-0.00512671703473,0.00177550246008,-0.00468153785914,0.00680795824155,-0.00399753171951,0.00214771437459,-0.00230023195036,0.0031776742544,-0.00325360801071,0.00220314296894,0.000850171374623,-0.000464297365397],[-0.00138600147329,0.00610514823347,-0.00384284299798,0.00574465282261,-0.00399753171951,0.010429918766,-0.00458757951856,0.00283622834831,-0.00280954083428,0.00338431075215,-0.00116278440692,0.000869689800311,-0.00160377111752],[0.00111541082151,-0.00534094823524,0.00163558044005,-0.00654882285744,0.00214771437459,-0.00458757951856,0.00988450273871,-0.00529008405283,0.00298167555593,-0.00302675948478,0.00269908620976,-0.00160023965873,0.00157212745398],[-0.000764769036323,0.00502813467756,-0.0008438093937,0.00536971073598,-0.00230023195036,0.00283622834831,-0.00529008405283,0.0124706299976,-0.00510443747044,0.00276367529295,-0.0037121353671,0.00144604837988,-0.000393211783376],[0.000712976441719,-0.005254202988,0.0008994602249,-0.00612428132445,0.0031776742544,-0.00280954083428,0.00298167555593,-0.00510443747044,0.0158045571297,-0.00649844668806,0.00140922097489,-0.00104907923378,0.00158187607303],[-0.000534932478331,0.00564284343272,-0.00100241508335,0.00481254560873,-0.00325360801071,0.00338431075215,-0.00302675948478,0.00276367529295,-0.00649844668806,0.0171708818525,-0.00747039960697,0.00248837075196,-0.00189023511484],[0.000234422434005,-0.00482471799478,0.0000120768481793,-0.00525749195367,0.00220314296894,-0.00116278440692,0.00269908620976,-0.0037121353671,0.00140922097489,-0.00747039960697,0.0189772509038,-0.00794177316129,0.00197350652888],[0.000399578537326,0.00226409034804,-0.000357706623618,0.00189210963435,0.000850171374623,0.000869689800311,-0.00160023965873,0.00144604837988,-0.00104907923378,0.00248837075196,-0.00794177316129,0.0198084656149,-0.00689982157201],[-0.0000880682273419,-0.00179373566061,-0.000465145654744,-0.00246658688411,-0.000464297365397,-0.00160377111752,0.00157212745398,-0.000393211783376,0.00158187607303,-0.00189023511484,0.00197350652888,-0.00689982157201,0.0161836426705]],"mean":[-127.261657715,165.701583862,-94.7108383179,18.6186599731,-28.643699646,13.4223089218,-32.121295929,-8.50814819336,-18.4916229248,-7.62060928345,-8.84095478058,-5.85438632965,-8.93672275543]},"hfc":{"dmean":2.53492569923,"dmean2":3.41786170006,"dvar":137.048492432,"dvar2":280.654724121,"max":655.236450195,"mean":8.96005535126,"median":3.84094238281,"min":1.21961190346e-16,"var":468.322296143},"melbands":{"dmean":[0.000343514373526,0.000948334112763,0.000648430373985,0.000393924448872,0.000232449339819,0.000187382727745,0.000141053067637,0.000092932365078,0.0000488520636281,0.0000287666280201,0.0000226481970458,0.0000132936120281,0.0000160800100275,0.0000122085857583,0.000009292138202,0.00000869378891366,0.0000139899757414,0.0000133043231472,0.0000040864397306,0.00000245381124842,0.00000201340276362,0.00000195628467736,0.00000137903782615,6.36403228782e-7,8.55015059642e-7,5.78450567446e-7,4.19761306603e-7,3.20948799981e-7,2.67214119276e-7,3.28243999093e-7,2.77546121197e-7,3.92671978489e-7,7.06101275227e-7,9.06079208107e-7,9.37682557378e-7,0.00000106875154415,6.75100181979e-7,3.46941476437e-7,2.00255513505e-7,1.45329650536e-7],"dmean2":[0.000507093791384,0.00143525539897,0.000982532161288,0.000633158022538,0.000331289629685,0.000266336282948,0.000197031142307,0.00013153567852,0.0000676198324072,0.0000395501483581,0.0000307360605802,0.0000187775895029,0.0000239570908889,0.0000185230783245,0.0000133810153784,0.0000129510372062,0.0000186711513379,0.0000176255252882,0.00000640781172478,0.00000382369353247,0.00000304025934383,0.00000300008491649,0.00000211638962355,9.88029682958e-7,0.00000132535797093,8.68798849751e-7,6.5489376766e-7,4.93922300393e-7,4.139177463e-7,5.02909358602e-7,4.09962268577e-7,5.62082561828e-7,9.64520495472e-7,0.00000120566255646,0.00000131255569613,0.00000167552150288,0.00000105473372969,5.20675200733e-7,2.93922937544e-7,2.2242426212e-7],"dvar":[5.45114289707e-7,0.00000520242610946,0.00000185110241091,0.00000113270596103,6.28003078873e-7,7.31404213639e-7,6.68882307764e-7,3.2548763329e-7,8.21394436912e-8,4.24143635769e-8,1.43247493867e-8,2.53268495065e-9,3.01776470479e-9,2.82516321448e-9,1.29203236998e-9,1.08188058512e-9,2.07004191566e-9,3.12936743185e-9,3.40080297256e-10,6.92438051342e-11,4.63033361653e-11,4.15980236368e-11,2.99488003841e-11,5.43046423801e-12,1.63891955562e-11,7.99162298837e-12,5.76195645016e-12,3.53583525306e-12,5.92786930653e-12,2.29450364958e-11,7.36520826966e-12,1.67653304434e-11,6.73529496065e-11,1.03183787903e-10,1.17658230381e-10,2.76698747248e-10,9.79550607294e-11,1.61283989636e-11,4.42118997662e-12,2.01310582787e-12],"dvar2":[0.00000146555851188,0.0000118803354781,0.00000434480489275,0.00000302871922031,0.00000128878184569,0.00000150104585828,0.00000131440026507,6.90337003562e-7,1.54523178253e-7,7.83857174724e-8,2.96291826629e-8,4.93454166417e-9,6.5160277174e-9,6.42959463448e-9,2.83645240629e-9,2.63968380487e-9,3.49906170705e-9,5.17853981918e-9,8.31157920267e-10,1.5599178893e-10,9.95593468778e-11,9.074105356e-11,7.06393762928e-11,1.35210306493e-11,4.15825915367e-11,1.80265802285e-11,1.37390532978e-11,7.1602159965e-12,1.32740303124e-11,5.77586416195e-11,1.5340423376e-11,3.05214881147e-11,1.01584116119e-10,1.79691803104e-10,2.33006225425e-10,7.35702276877e-10,2.44779169156e-10,3.40939741716e-11,9.00526615083e-12,4.41265470344e-12],"max":[0.0362740457058,0.162828356028,0.040154710412,0.0363893955946,0.0359401777387,0.0399579182267,0.0434466861188,0.0297471135855,0.015258516185,0.012309695594,0.00666934950277,0.00341849704273,0.00239196047187,0.00281385378912,0.00171313120518,0.00135211320594,0.00200610118918,0.0024495315738,0.00129494769499,0.000306562578771,0.000370070134522,0.000258804502664,0.000209954872844,0.0000775865191827,0.000200344627956,0.000145098907524,0.000125256730826,0.000148703766172,0.000197504836251,0.000499509973451,0.000195019529201,0.000344293133821,0.000757517002057,0.000885633286089,0.000710766820703,0.00120571022853,0.00065641553374,0.000250324665103,0.000160865674843,0.000087156520749],"mean":[0.00128065736499,0.00298010115512,0.001739505562,0.000970151333604,0.000572225253563,0.000421610398917,0.000291538744932,0.000208452271181,0.000114622358524,0.0000717339498806,0.0000550172771909,0.0000321301813528,0.0000333054085786,0.0000262103312707,0.0000221179489017,0.0000186215365829,0.0000313907403324,0.0000257123429037,0.00000761357205192,0.00000488969953949,0.00000431176431448,0.00000393231175622,0.00000293431185128,0.00000127343139411,0.00000158945647399,0.00000104418666069,7.06924311089e-7,5.33626575816e-7,4.06033194622e-7,4.69460701424e-7,4.38010800963e-7,5.83911457852e-7,0.00000112410350539,0.00000148953677126,0.00000154729923452,0.00000166361439824,0.00000103864374523,5.62799471027e-7,3.198694003e-7,2.1890711821e-7],"median":[0.000519851455465,0.00110075843986,0.000860072614159,0.000340237107594,0.000163850956596,0.0000755614964874,0.0000426691512985,0.0000199299793167,0.0000139351377584,0.00000724178244127,0.0000111483186629,0.00000913686653803,0.00000978309253696,0.00000725556037651,0.00000726480720914,0.00000524883944308,0.00000629198257229,0.00000262088587988,0.00000173249031832,0.00000122982623907,0.00000104847720195,8.98454118214e-7,4.12177143971e-7,2.73590046618e-7,2.57176111518e-7,1.25414501895e-7,6.88627750378e-8,5.56106840577e-8,3.56326452788e-8,2.10368966691e-8,1.63926703323e-8,1.10766080752e-8,1.32406423603e-8,1.09574855855e-8,5.54021806209e-9,4.19721413181e-9,3.46287398756e-9,2.55800802762e-9,1.69169256381e-9,1.38734446153e-9],"min":[2.06705522762e-23,1.04791872442e-23,2.18730381976e-24,3.51074578373e-24,1.08748672525e-23,7.57658143204e-24,6.46367737177e-24,9.89315273289e-24,1.24078117402e-23,1.05974051506e-23,1.03893983071e-23,1.07614424649e-23,7.9745743805e-24,9.50686963571e-24,6.58544791325e-24,1.11848233239e-23,1.8413640159e-23,1.34116167317e-23,6.03025194689e-24,7.7726977751e-24,8.72849900281e-24,9.19127478652e-24,1.23634777573e-23,8.08229964799e-24,6.16237471003e-24,8.101321451e-24,1.19370061413e-23,1.20883222847e-23,9.23434185878e-24,1.21860085084e-23,6.86306068757e-24,2.12686098166e-23,1.20887380144e-23,9.8470958778e-24,8.99333065274e-24,1.08799609273e-23,6.89650996767e-24,6.95699982188e-24,1.00309304454e-23,1.27352615911e-23],"var":[0.00000361031902685,0.0000397424737457,0.00000702186162016,0.00000323579411088,0.00000184753855592,0.00000223569168156,0.00000157240754106,8.17948887288e-7,2.93009236429e-7,1.50708473257e-7,4.62700526782e-8,8.87188367216e-9,7.53689199939e-9,7.2430355047e-9,3.25102145204e-9,2.43364883801e-9,7.99080268621e-9,9.86831505401e-9,6.28697482963e-10,1.65406965902e-10,1.22820906223e-10,9.45330896895e-11,7.66177399303e-11,1.05423534486e-11,2.40544910379e-11,1.58862679955e-11,9.08113948622e-12,8.44216970636e-12,1.12733824012e-11,2.83969636e-11,1.6169329764e-11,4.16457493491e-11,1.90339508044e-10,2.84287482444e-10,2.96863700289e-10,3.91693871782e-10,1.59792012955e-10,3.91164392544e-11,1.20020833549e-11,4.59878012407e-12]},"melbands_crest":{"dmean":2.23428964615,"dmean2":3.57944130898,"dvar":5.55707883835,"dvar2":14.6802768707,"max":35.6210365295,"mean":17.5203533173,"median":16.6784667969,"min":1.95471608639,"var":32.7646980286},"melbands_flatness_db":{"dmean":0.0203095879406,"dmean2":0.0297199878842,"dvar":0.000560192507692,"dvar2":0.00111395562999,"max":0.653974354267,"mean":0.354257762432,"median":0.354375422001,"min":0.00544300023466,"var":0.00669465214014},"melbands_kurtosis":{"dmean":7.63005685806,"dmean2":11.5689640045,"dvar":301.719207764,"dvar2":736.193969727,"max":813.479064941,"mean":27.1508388519,"median":16.5734634399,"min":-1.91526603699,"var":2300.97680664},"melbands_skewness":{"dmean":0.553939938545,"dmean2":0.827782690525,"dvar":0.442299187183,"dvar2":1.02218258381,"max":23.7356052399,"mean":3.60360121727,"median":3.33893537521,"min":-0.935242056847,"var":3.40634775162},"melbands_spread":{"dmean":2.55698752403,"dmean2":3.75789451599,"dvar":52.9026870728,"dvar2":98.6109619141,"max":270.364837646,"mean":8.97753715515,"median":5.76487064362,"min":0.144964993,"var":227.393539429},"mfcc":{"cov":[[10999.7529297,177.320159912,-1161.70703125,553.508789063,-504.334197998,-330.848907471,-581.70916748,7.29866266251,-299.669464111,59.263633728,50.0432624817,-13.3545341492,4.34983444214],[177.320159912,1703.4798584,-558.244567871,68.392074585,114.877540588,-105.449775696,2.48865246773,-24.6675548553,-28.6780948639,-47.3185920715,10.837802887,-28.9696559906,-8.3514623642],[-1161.70703125,-558.244567871,942.26965332,-208.723510742,36.3776397705,168.053375244,73.213180542,37.2881736755,42.2499923706,-5.3744187355,-34.7845687866,19.2349529266,28.057384491],[553.508789063,68.392074585,-208.723510742,316.403167725,-19.8348140717,-22.5041122437,-11.590795517,0.38800790906,-8.71020412445,20.9978275299,32.8658752441,23.491476059,20.4937553406],[-504.334197998,114.877540588,36.3776397705,-19.8348140717,232.026245117,51.9129676819,48.8880615234,-13.3393354416,28.6847953796,-12.6850299835,-8.24892807007,-1.37845265865,-14.843791008],[-330.848907471,-105.449775696,168.053375244,-22.5041122437,51.9129676819,190.879104614,78.0143966675,20.7819213867,34.6670722961,1.32234382629,-14.9767103195,-0.0150570981205,-15.2689743042],[-581.70916748,2.48865246773,73.213180542,-11.590795517,48.8880615234,78.0143966675,178.545639038,43.8758010864,47.2315750122,15.2063846588,-5.07481050491,9.21600627899,-5.99399852753],[7.29866266251,-24.6675548553,37.2881736755,0.38800790906,-13.3393354416,20.7819213867,43.8758010864,117.104270935,22.9803161621,19.4702682495,-1.60519134998,4.7767624855,15.0898857117],[-299.669464111,-28.6780948639,42.2499923706,-8.71020412445,28.6847953796,34.6670722961,47.2315750122,22.9803161621,110.589729309,11.6143636703,7.90010881424,12.8532648087,-20.7317714691],[59.263633728,-47.3185920715,-5.3744187355,20.9978275299,-12.6850299835,1.32234382629,15.2063846588,19.4702682495,11.6143636703,96.6223297119,23.899597168,11.1963443756,9.00215148926],[50.0432624817,10.837802887,-34.7845687866,32.8658752441,-8.24892807007,-14.9767103195,-5.07481050491,-1.60519134998,7.90010881424,23.899597168,103.606529236,26.4811954498,-4.86635112762],[-13.3545341492,-28.9696559906,19.2349529266,23.491476059,-1.37845265865,-0.0150570981205,9.21600627899,4.7767624855,12.8532648087,11.1963443756,26.4811954498,69.14402771,22.7926025391],[4.34983444214,-8.3514623642,28.057384491,20.4937553406,-14.843791008,-15.2689743042,-5.99399852753,15.0898857117,-20.7317714691,9.00215148926,-4.86635112762,22.7926025391,91.0978851318]],"icov":[[0.000145386409713,0.0000115850598377,0.000127027495182,-0.000150959822349,0.000176623056177,-0.0000881411760929,0.000412406894611,-0.000210388010601,0.000230111356359,-0.0000906128116185,0.0000720765383448,-0.0000944362182054,0.000153748580487],[0.0000115850598377,0.000808711745776,0.000514880463015,0.000111643581477,-0.000461514166091,0.000190211692825,-0.000203333504032,-0.0000740129398764,0.000114137401397,0.000393564376282,-0.000142030796269,0.000229000041145,-0.000232345817494],[0.000127027495182,0.000514880463015,0.00199349387549,0.000963269616477,-0.0000462396201328,-0.0012640011264,0.000273345969617,-0.000333256291924,0.0000202324790735,0.000215339692659,0.0000969129032455,-0.000457403628388,-0.000832806923427],[-0.000150959822349,0.000111643581477,0.000963269616477,0.00422111805528,-0.0000740826144465,-0.000534266117029,-0.000363337720046,0.00019117523334,-0.000156274065375,-0.000265661336016,-0.000815973733552,-0.000863117107656,-0.00122297916096],[0.000176623056177,-0.000461514166091,-0.0000462396201328,-0.0000740826144465,0.0054587693885,-0.00115294929128,-0.000450844410807,0.00094420358073,-0.000647368608043,0.000287085276796,0.00027616560692,-0.000172497864696,0.00037253665505],[-0.0000881411760929,0.000190211692825,-0.0012640011264,-0.000534266117029,-0.00115294929128,0.00795655883849,-0.0027379821986,-0.000147667480633,-0.000598468235694,0.000134519214043,0.000678648764733,0.000343467720086,0.00132201274391],[0.000412406894611,-0.000203333504032,0.000273345969617,-0.000363337720046,-0.000450844410807,-0.0027379821986,0.00933014322072,-0.00282910326496,-0.00116665568203,-0.00114007422235,0.000672763446346,-0.00109142728616,0.000665533472784],[-0.000210388010601,-0.0000740129398764,-0.000333256291924,0.00019117523334,0.00094420358073,-0.000147667480633,-0.00282910326496,0.0107163563371,-0.00209304131567,-0.00122005224694,0.000110646949906,0.000931268092245,-0.00235211709514],[0.000230111356359,0.000114137401397,0.0000202324790735,-0.000156274065375,-0.000647368608043,-0.000598468235694,-0.00116665568203,-0.00209304131567,0.0120827080682,-0.00096062629018,-0.000101299854578,-0.00282430532388,0.00363844470121],[-0.0000906128116185,0.000393564376282,0.000215339692659,-0.000265661336016,0.000287085276796,0.000134519214043,-0.00114007422235,-0.00122005224694,-0.00096062629018,0.0120153110474,-0.00266500818543,0.000117539071653,-0.00134746544063],[0.0000720765383448,-0.000142030796269,0.0000969129032455,-0.000815973733552,0.00027616560692,0.000678648764733,0.000672763446346,0.000110646949906,-0.000101299854578,-0.00266500818543,0.0120540559292,-0.00485081737861,0.00241982308216],[-0.0000944362182054,0.000229000041145,-0.000457403628388,-0.000863117107656,-0.000172497864696,0.000343467720086,-0.00109142728616,0.000931268092245,-0.00282430532388,0.000117539071653,-0.00485081737861,0.0192358735949,-0.00556234549731],[0.000153748580487,-0.000232345817494,-0.000832806923427,-0.00122297916096,0.00037253665505,0.00132201274391,0.000665533472784,-0.00235211709514,0.00363844470121,-0.00134746544063,0.00241982308216,-0.00556234549731,0.0146780153736]],"mean":[-774.460266113,193.450790405,8.39198112488,19.6108779907,20.4775371552,18.8069114685,4.7459936142,4.22471904755,-4.94748687744,-1.92333376408,-0.999098777771,-2.08586740494,-1.99940288067]},"pitch_salience":{"dmean":0.0519368276,"dmean2":0.0826419144869,"dvar":0.0028255362995,"dvar2":0.00752221699804,"max":0.838400423527,"mean":0.490601748228,"median":0.505047917366,"min":0.0264647919685,"var":0.0164323635399},"silence_rate_20dB":{"dmean":0.000128016385133,"dmean2":0.000256049155723,"dvar":0.000127999126562,"dvar2":0.000255980179645,"max":1,"mean":0.999423980713,"median":1,"min":0,"var":0.000575687736273},"silence_rate_30dB":{"dmean":0.0157460160553,"dmean2":0.0314940474927,"dvar":0.0154968416318,"dvar2":0.0337056480348,"max":1,"mean":0.96166151762,"median":1,"min":0,"var":0.0368673317134},"silence_rate_60dB":{"dmean":0.0185623764992,"dmean2":0.0371271297336,"dvar":0.0182192325592,"dvar2":0.0410080514848,"max":1,"mean":0.181963652372,"median":0,"min":0,"var":0.148845121264},"spectral_centroid":{"dmean":93.4702682495,"dmean2":136.885223389,"dvar":46442.828125,"dvar2":81507.453125,"max":10892.6992188,"mean":535.057617188,"median":413.064971924,"min":107.480659485,"var":241244.015625},"spectral_complexity":{"dmean":1.46105098724,"dmean2":2.29983353615,"dvar":3.22656345367,"dvar2":6.3208193779,"max":42,"mean":9.52617740631,"median":9,"min":0,"var":39.2747879028},"spectral_contrast_coeffs":{"dmean":[0.0375580005348,0.0341411903501,0.0260500293225,0.0235407296568,0.0179446563125,0.0139178782701],"dmean2":[0.0615283213556,0.0534758716822,0.0417793542147,0.0373760312796,0.028704540804,0.0216877069324],"dvar":[0.00107605638914,0.00100459868554,0.000526913616341,0.000431619497249,0.000274499296211,0.000193155487068],"dvar2":[0.00282863853499,0.002367176814,0.00131940294523,0.00104269525036,0.000623542466201,0.000399120704969],"max":[-0.328779369593,-0.356967508793,-0.537677764893,-0.505926191807,-0.62523496151,-0.603987574577],"mean":[-0.61939817667,-0.701983988285,-0.778336167336,-0.760141253471,-0.78529137373,-0.805157184601],"median":[-0.61968266964,-0.711555600166,-0.782407045364,-0.762350440025,-0.781810998917,-0.810114979744],"min":[-0.944629728794,-0.966349065304,-0.960893392563,-0.959554076195,-0.967512309551,-0.956783950329],"var":[0.00666098436341,0.00693371286616,0.00291185989045,0.00297698844224,0.00247318926267,0.00275155133568]},"spectral_contrast_valleys":{"dmean":[0.307096213102,0.292408466339,0.244756653905,0.233116269112,0.214248403907,0.202456623316],"dmean2":[0.501475512981,0.458152443171,0.387578070164,0.372583031654,0.32826808095,0.292062073946],"dvar":[0.083074875176,0.0952459275723,0.0636618435383,0.0677233561873,0.0695230141282,0.10086132586],"dvar2":[0.1998603791,0.19994199276,0.130976900458,0.135529711843,0.125186622143,0.165224835277],"max":[-5.14041423798,-4.50379896164,-5.03660440445,-6.02054071426,-6.03150939941,-6.7652463913],"mean":[-7.36855888367,-7.71176624298,-8.23619174957,-8.89895629883,-9.636302948,-12.2741508484],"median":[-7.14753627777,-7.47365570068,-8.04705142975,-8.70720291138,-9.46960830688,-12.3751869202],"min":[-27.569852829,-27.2604904175,-26.8212757111,-27.334066391,-27.225938797,-27.3094768524],"var":[1.40133559704,1.57781887054,1.42626738548,1.42661547661,1.64472043514,1.49000942707]},"spectral_decrease":{"dmean":1.60149693507e-9,"dmean2":2.32434493874e-9,"dvar":1.1041484749e-17,"dvar2":2.28607575019e-17,"max":3.91995560851e-20,"mean":-6.69180177937e-9,"median":-3.78552122982e-9,"min":-1.35846221383e-7,"var":7.89447875556e-17},"spectral_energy":{"dmean":0.00621843710542,"dmean2":0.00901675131172,"dvar":0.00016662752023,"dvar2":0.0003449752694,"max":0.517484605312,"mean":0.0260690879077,"median":0.0147480666637,"min":1.08420768164e-20,"var":0.00119066273328},"spectral_energyband_high":{"dmean":0.000135679583764,"dmean2":0.000179523383849,"dvar":0.00000222204016609,"dvar2":0.00000433768491348,"max":0.0945249274373,"mean":0.000255279592238,"median":0.00000497845758218,"min":7.92855605968e-21,"var":0.00000642703071208},"spectral_energyband_low":{"dmean":0.00379402656108,"dmean2":0.00569794792682,"dvar":0.0000655526382616,"dvar2":0.000151964384713,"max":0.514556765556,"mean":0.0134596982971,"median":0.00645883753896,"min":8.65030537439e-23,"var":0.000480579445139},"spectral_energyband_middle_high":{"dmean":0.00046511887922,"dmean2":0.00062882975908,"dvar":0.00000155163070303,"dvar2":0.00000275144361694,"max":0.0574489757419,"mean":0.00160768837668,"median":0.000612382078543,"min":1.45810161859e-21,"var":0.00000900116720004},"spectral_energyband_middle_low":{"dmean":0.0038164772559,"dmean2":0.00561664812267,"dvar":0.000094553346571,"dvar2":0.000193461368326,"max":0.269632935524,"mean":0.0127513865009,"median":0.0058981445618,"min":2.70036882354e-22,"var":0.000458159105619},"spectral_entropy":{"dmean":0.155824095011,"dmean2":0.234720170498,"dvar":0.0377778299153,"dvar2":0.0751283168793,"max":9.78370857239,"mean":6.55577707291,"median":6.53041315079,"min":4.79397296906,"var":0.337358057499},"spectral_flux":{"dmean":0.0146723249927,"dmean2":0.0234502442181,"dvar":0.00048982410226,"dvar2":0.00120205071289,"max":0.432437896729,"mean":0.0442500002682,"median":0.0334384962916,"min":1.04125291722e-10,"var":0.00172625354026},"spectral_kurtosis":{"dmean":5.93312358856,"dmean2":10.0878601074,"dvar":35.0012130737,"dvar2":96.8516082764,"max":128.827880859,"mean":17.8037338257,"median":15.1843700409,"min":-1.37390851974,"var":158.634552002},"spectral_rms":{"dmean":0.000510023150127,"dmean2":0.000730564061087,"dvar":5.53648646928e-7,"dvar2":0.00000113334874641,"max":0.022469157353,"mean":0.0042228945531,"median":0.00379319884814,"min":3.2523278775e-12,"var":0.00000760030570746},"spectral_rolloff":{"dmean":169.292007446,"dmean2":293.325653076,"dvar":469852.5,"dvar2":1086711.5,"max":19035.3515625,"mean":575.31652832,"median":301.46484375,"min":64.599609375,"var":1310655.75},"spectral_skewness":{"dmean":0.465188592672,"dmean2":0.771207213402,"dvar":0.186912059784,"dvar2":0.478751242161,"max":9.21276664734,"mean":2.98758387566,"median":2.8864107132,"min":-0.308633983135,"var":1.32849419117},"spectral_spread":{"dmean":364026.59375,"dmean2":564327.8125,"dvar":526464811008,"dvar2":922945388544,"max":42021728,"mean":2780711.25,"median":2281201,"min":780010.875,"var":2838855417860},"spectral_strongpeak":{"dmean":0.212540313601,"dmean2":0.356344491243,"dvar":0.270050168037,"dvar2":0.644982814789,"max":15.2995529175,"mean":0.564501166344,"median":0.323329210281,"min":0,"var":0.621110498905},"zerocrossingrate":{"dmean":0.00456786574796,"dmean2":0.00543001154438,"dvar":0.000101362340502,"dvar2":0.000109435117338,"max":0.51904296875,"mean":0.0241931416094,"median":0.01806640625,"min":0.001953125,"var":0.000972586625721}},"metadata":{"audio_properties":{"analysis_sample_rate":44100,"bit_rate":192000,"codec":"mp3","downmix":"mix","equal_loudness":0,"length":362.762451172,"lossless":false,"md5_encoded":"5a6554d09c2788e8ffe8d1569409018b","replay_gain":-5.2234172821,"sample_rate":44100},"tags":{"acoustid_fingerprint":["AQADtFu2pOSCD7k66AmRf0HzoY-HR1F9_AE4_Xh23DlSJoN-VKYYQUu3HGuUfIj3onyK5sOP5ziew0-EF0-EvhG8XCjNFn9M5MG-QI-u4A9-1MoCHcBx6MJD5Mexw0of_KgvXPmRH33w4zvyHhdefCk-RIeQHp9BPXiSCyWPXgP4EDkkI1dEeCxz1EcvDr_RqccRi9B55KlivMYfVBQlNMoaFX_xG2dG9EUYHpeO88J5MHmGVmGOm1bw9hg_POiRhjquFMUzHcfjBueF_8h_jKJ2SE6SHX9QHyce4tCJ8-ChijtyHcOFE9eHD05f5If2Iz_-EEfeJyE0LVdwIh9TvA_gY92W48QPKuSFH_kg9WjC5cjxJA2HWOLxxjrE4pbxN0LbHUzGQd-OMzlyHW0XBs1onGx4_McnnA3KLjfCZLiIqk3RnMhT43uDJ79QqwUf4j7cHVUTBjvu4Dz6BJd23NkUoS9yXCweJTqUX7iO3vhyQMeFH4fEJcORuccu_Hjxw80XhIY-_MYHXcWP9si1CT6N3_iRxpgO-fiR5SKDS8txGX9wWDnyQ0fOw3_xK3iklIJxLcSPfkc81tCp47okxDx-NDqHUnewH5eFnkcYfRN0hcERiSTMg32DtHqgPVli5PgwpXrQT8FT5cR-PEaPb8LxFRaOTHmhN0D-4A4b-Dh95Cj0SMceqcGJjikTuPiK_kYuPCf6I9WPnkugUDY-AuwT1EkOVRJ6hEdTMVpw5Th-5GDqUvjxQ4dLfPjxyshB4-jxB-R3hEE10pCSS0NP5BXqF02c4T9-CT1cLTu-g-KDA9-QH9ov4SnKY4P24ntw9Bt8_FDa40fK2Thfwqdx4SrM48V14UcO_UHYEw9p7MIJx4mCncm0Iz-SNjbKLPDuwHrRZ4h9JDvRmMcuRRvOM-gP72iP_viOUseT5UQtFn6Oo8_xREyP7_jR52iS5vixU-AVY6KaCmbiKmjOHMe-hMenwEme7Ej0C-GF5mGJ_SiaLwjnIKGOZlYuPAt28LkSIRKVfEGyLDHF4cXP4yaDRydeXPDy4NRxRVUQXxD1C3kUXC2Da0Zz9PiLH92OHyglfDU-nA-SiUUYEveDvmhkXAmuCOFliC8R6QafI_qP91Az6-iP5g_CB00f_Hi24M-EZke76LioIznyE5fxHdcfzIVDgY-OHT3hdalR5gmuo2nCSKgt4XiQxjTkG6-OPB7-VHiyCD_6o3l84Dua7-hTHJXJo0pCnDxqXkGzaceT4jr8cMLpI6mQJxd-Cc2NHice_MePpzP6FR5ahL_gH6ryCmqG9OvwPah5DniUHpdyPM8wpT-Y49GwHscvfDuOPDmSUeLhh-iDH98-XEqOHz6DPEdSfNbR94Dzo3fwBMkn68h7jAcvI9-hI1c-PMcXnMeUl0gmMsijbHgi7Jfx48OL5zhvUHJ1xId2pqh97GmQB8exE1dzrMWno9bxF6hyHhWa80M