{"lowlevel":{"average_loudness":0.911785721779,"barkbands":{"dmean":[0.0000457282003481,0.0028533784207,0.00114045082591,0.00101141899358,0.00154108577408,0.00135189387947,0.000943938444834,0.000912093673833,0.00117759266868,0.000981337507255,0.000497427536175,0.000415410933783,0.000329352245899,0.000540031935088,0.000238839158555,0.000340131344274,0.000437100272393,0.000623316853307,0.000191974555491,0.0000877811762621,0.0000251796536759,0.0000529247481609,0.0000309723327518,0.00000790382182458,0.00000261487616626,0.00000115868670036,1.28597497095e-8],"dmean2":[0.0000734255081625,0.00427906354889,0.00194520817604,0.00166518660262,0.00249984534457,0.00213834783062,0.00153482693713,0.00139567430597,0.00180320104118,0.00149548938498,0.00076700700447,0.000637002522126,0.000524001312442,0.00083642359823,0.00037621363299,0.000524476752616,0.000686572282575,0.000997045077384,0.000306338479277,0.000143937548273,0.0000395539900637,0.0000829402197269,0.0000483969961351,0.0000117847448564,0.00000392486117562,0.00000181332313787,2.17128519608e-8],"dvar":[1.02330846019e-8,0.000031900814065,0.00000561893193662,0.00000351682842847,0.00000463567357656,0.00000540132077731,0.00000409414178648,0.00000392884021494,0.00000450293782706,0.00000271211433756,0.00000119218157124,8.82332244601e-7,9.718628462e-7,0.00000121906293771,3.22947300901e-7,6.92706805694e-7,9.00113263924e-7,0.00000136943754114,1.42806200643e-7,3.59641703085e-8,1.9418135988e-9,8.93829099624e-9,2.71194511292e-9,2.01015870616e-10,3.53117535212e-11,1.22072412942e-11,3.05213446527e-16],"dvar2":[2.62055177558e-8,0.0000698505027685,0.0000153349465108,0.00000852976972965,0.0000115364364319,0.0000127762114062,0.0000103145375761,0.00000812159851193,0.0000104479795482,0.00000588996999795,0.00000273802652373,0.00000193522305381,0.00000233102127822,0.00000271362091553,7.69370956277e-7,0.00000144731870932,0.00000201963007385,0.00000327330508298,3.38069270356e-7,9.47258982364e-8,4.50575887712e-9,2.24719993724e-8,6.34229779806e-9,4.47196030207e-10,8.45745209976e-11,3.09817137223e-11,8.20687046221e-16],"max":[0.00284529454075,0.0926787480712,0.0368618816137,0.0464186184108,0.0585147701204,0.0484074428678,0.0426271371543,0.0555022992194,0.070090174675,0.0415656603873,0.0364232473075,0.0370422191918,0.0369683615863,0.0294024646282,0.0206264685839,0.0413822829723,0.0326916389167,0.0265632793307,0.00944417994469,0.00680900365114,0.000835766550153,0.00370723032393,0.00118348456454,0.000258405081695,0.000147237820784,0.000106311788841,5.29965461737e-7],"mean":[0.0000566925737076,0.00478799780831,0.00149325618986,0.00168811180629,0.00297969533131,0.00252347066998,0.00139917433262,0.00165413611103,0.00235391920432,0.00195618462749,0.000873781798873,0.000730757019483,0.000529614917468,0.000960696139373,0.000417437084252,0.000640052952804,0.000778705230914,0.00118818331975,0.000348021188984,0.000148520426592,0.00004823720883,0.000107722917164,0.0000592550131842,0.0000154110675794,0.00000472957663078,0.00000202551586881,3.74206017284e-8],"median":[0.0000143799979924,0.00137072557118,0.000718957744539,0.000526550109498,0.00182731915265,0.00100592384115,0.000459506583866,0.000498421723023,0.00103888614103,0.000804491923191,0.000287905422738,0.000235472311033,0.000146799371578,0.000315827754093,0.000154227949679,0.000208374171052,0.000306177564198,0.000496413675137,0.0001812291448,0.0000869699360919,0.0000313841446768,0.0000707956569386,0.0000380990131816,0.00000770862698118,0.000001606611022,6.90427498284e-7,2.98599118764e-8],"min":[7.89078883266e-23,8.34944202929e-23,2.44107879525e-23,8.74076657874e-24,8.1859749036e-23,5.90224908871e-23,5.87595540811e-23,5.31856270078e-23,7.50562150035e-23,1.72839392779e-23,8.6065431579e-23,1.04589368692e-22,3.17742854322e-23,9.87937590827e-23,9.39551955236e-23,1.35641616049e-22,3.37476563276e-22,2.05874697612e-22,1.99249692269e-22,3.65002255288e-22,4.71431506357e-22,5.31213884866e-22,5.77684633185e-22,8.14080977688e-22,1.26957825107e-21,2.01979168671e-21,2.54899966869e-21],"var":[1.45336782609e-8,0.0000690037704771,0.00000579039897275,0.00000937021104619,0.0000155743637151,0.0000181920840987,0.00000787930275692,0.0000129020527311,0.0000171409192262,0.0000097952397482,0.00000350183336195,0.0000025565445867,0.0000021351606847,0.00000346583806277,7.64657784202e-7,0.00000258650084106,0.00000215235968426,0.00000361232218893,3.11762363481e-7,4.64547333934e-8,3.22125326413e-9,1.58088990787e-8,4.54070558931e-9,3.98198557461e-10,5.73509364998e-11,1.52231855594e-11,8.51171391416e-16]},"barkbands_crest":{"dmean":2.68775105476,"dmean2":4.25350046158,"dvar":6.67698383331,"dvar2":15.292137146,"max":26.1160945892,"mean":10.0752601624,"median":8.91060161591,"min":2.5432639122,"var":21.560836792},"barkbands_flatness_db":{"dmean":0.0189762990922,"dmean2":0.0279428791255,"dvar":0.000322935520671,"dvar2":0.000666701234877,"max":0.393803566694,"mean":0.156483069062,"median":0.150701701641,"min":0.0514622926712,"var":0.00164697656874},"barkbands_kurtosis":{"dmean":2.69699168205,"dmean2":4.15971517563,"dvar":48.0575828552,"dvar2":110.242897034,"max":318.888580322,"mean":3.95112490654,"median":0.798861920834,"min":-1.89997422695,"var":149.809127808},"barkbands_skewness":{"dmean":0.539951622486,"dmean2":0.815107166767,"dvar":0.361445128918,"dvar2":0.790503561497,"max":15.4736013412,"mean":1.2048419714,"median":0.945264816284,"min":-5.30355596542,"var":1.98669779301},"barkbands_spread":{"dmean":4.78952407837,"dmean2":7.34566259384,"dvar":26.2644138336,"dvar2":60.4963912964,"max":124.664924622,"mean":20.0331020355,"median":18.7878265381,"min":0.545466244221,"var":109.11302948},"dissonance":{"dmean":0.0205167736858,"dmean2":0.0338685400784,"dvar":0.000431772990851,"dvar2":0.00115227780771,"max":0.500000119209,"mean":0.457918822765,"median":0.46859779954,"min":0.230081766844,"var":0.00133776699658},"dynamic_complexity":2.12375402451,"erbbands":{"dmean":[0.0761843398213,0.671224057674,1.15116250515,2.38258051872,4.80208921432,5.09140443802,9.48763561249,10.6410837173,12.6271085739,13.7118749619,23.493347168,21.7306804657,38.4081573486,20.6122188568,16.6047782898,17.2363529205,15.5727367401,28.1167831421,13.0717840195,15.41771698,16.0725536346,23.3235549927,31.651096344,16.8238201141,12.1518774033,3.27213788033,1.17931187153,1.26999485493,1.8281494379,1.62053358555,0.707479596138,0.252776294947,0.0956323221326,0.035593777895,0.0167096238583,0.00787314027548,0.00145843578503,0.0000893030883162,0.00000426520273322,0.00000632001820122],"dmean2":[0.114954613149,1.01351308823,1.974599123,3.87307310104,8.00215911865,8.23792648315,14.7210445404,17.1652603149,20.3610668182,22.0438556671,36.0622329712,32.9414787292,57.3102531433,32.4902458191,25.2997283936,26.6227302551,24.5763530731,43.4499130249,20.4718322754,24.1917610168,24.5912761688,36.3702278137,50.5733222961,26.7746295929,19.3636856079,5.23088407516,1.88984024525,1.98918712139,2.88700890541,2.56134128571,1.08940649033,0.379707664251,0.143971279263,0.0533344522119,0.02542415075,0.0122396666557,0.00231805141084,0.000142956749187,0.00000669805649522,0.00000982988422038],"dvar":[0.0265524163842,1.70703828335,4.60712194443,19.6396522522,58.8600234985,67.1084823608,348.968505859,367.666595459,756.886535645,1111.60571289,2522.85058594,1738.4239502,4685.53857422,1646.94140625,1329.11120605,1538.51904297,2178.10742188,3521.4675293,732.691711426,1723.21142578,1148.1973877,2565.21582031,3642.60400391,1208.87902832,618.198791504,36.1157646179,4.88609266281,4.7153506279,11.2863006592,7.44129562378,1.39521741867,0.194624945521,0.0324708707631,0.00570488302037,0.0017063257983,0.000547527277377,0.0000192072784557,5.51876269128e-8,3.97322973134e-11,4.25253825209e-11],"dvar2":[0.0575882233679,3.85143566132,12.6135444641,47.2564239502,152.524963379,163.06817627,787.563049316,909.800231934,1847.23840332,2549.2980957,5431.75488281,3853.95458984,9197.55957031,4059.05395508,2998.53320313,3450.97631836,5286.58056641,7740.13427734,1655.33178711,4225.25830078,2401.95507813,5607.46289063,9041.96191406,2772.25830078,1454.93847656,91.569190979,12.0808315277,11.1369953156,27.9317874908,18.1137599945,3.18918251991,0.425418138504,0.0754314139485,0.0135836033151,0.00411706697196,0.00137796869967,0.000049122445489,1.40086228839e-7,9.84542516957e-11,1.00113757562e-10],"max":[3.05237627029,21.4921703339,31.3714542389,112.314422607,150.609375,300.659606934,493.825958252,515.339904785,646.409973145,1238.92028809,1375.27160645,1508.14135742,1892.54785156,1048.41369629,1188.03442383,1549.76831055,1628.54138184,1757.80908203,1061.30859375,1944.58447266,1393.28649902,1938.00976563,1582.37780762,1175.21130371,678.439880371,194.164871216,63.4379768372,45.93126297,132.397964478,73.5358734131,20.9353637695,8.57284259796,3.53492593765,1.82953155041,0.973698735237,0.746181070805,0.103974305093,0.00566657446325,0.000158313778229,0.000106671890535],"mean":[0.124721847475,1.11887919903,1.7587351799,4.13954782486,7.93876981735,9.89536571503,17.3825302124,18.813117981,19.9616184235,22.904088974,45.4799423218,45.5011901855,79.0662155151,39.8346214294,32.8902359009,31.1374721527,27.6036624908,51.8169784546,25.7804985046,30.0625610352,31.7707309723,45.4082603455,61.736000061,31.5231666565,22.1083450317,6.42737293243,2.22883439064,2.49782919884,3.64355254173,3.15895581245,1.37247931957,0.499887108803,0.185077831149,0.0648133680224,0.0298771318048,0.0133632533252,0.00260791392066,0.000231107027503,0.0000220005513256,0.0000333644129569],"median":[0.0254457723349,0.347873836756,0.975883662701,1.59868812561,4.086789608,5.28720712662,6.69607543945,7.64701747894,7.39299488068,8.6688117981,15.3455371857,21.8739509583,28.9629516602,19.0051460266,12.8216981888,11.3291492462,9.67476844788,18.0324459076,11.2822380066,10.3693790436,12.8629817963,19.0917644501,27.3378067017,14.4119777679,11.3404245377,4.08047533035,1.45533180237,1.6347284317,2.34387040138,2.0917289257,0.871365189552,0.270160466433,0.0900898724794,0.0245185792446,0.00930770114064,0.00378020340577,0.00113025680184,0.000161807605764,0.0000212910472328,0.0000339611542586],"min":[1.45817785411e-21,2.19501762102e-20,4.35803724639e-20,2.01326245287e-20,4.81651114818e-20,3.88069147741e-19,4.48407113741e-19,5.7304798091e-19,3.82504160923e-19,1.50667660534e-18,1.06539043099e-18,1.55714351489e-18,1.17019524858e-18,1.58140006937e-18,4.8575974677e-18,2.85766499809e-18,1.40138261382e-18,4.76184634872e-18,5.23456724749e-18,5.33580298753e-18,1.00868413944e-17,1.89691291458e-17,1.00642502647e-17,1.06930200268e-17,1.05963896148e-17,1.41361510547e-17,2.10837502074e-17,2.0110449794e-17,2.12645785067e-17,1.54229992424e-17,1.5164743529e-17,1.41567081473e-17,1.69168444153e-17,1.36003233062e-17,8.74336111323e-18,6.79264134057e-18,3.53941071534e-18,1.32931243499e-18,3.50353563368e-19,4.21162530861e-20],"var":[0.0594199635088,3.49979186058,5.8548784256,44.7152290344,126.601837158,269.243164063,1049.56091309,1067.13391113,1628.07080078,2752.11206055,8377.40332031,6725.31738281,21077.4238281,4052.11547852,4172.39746094,4202.85791016,4734.77636719,10486.4326172,1915.41320801,5575.58154297,3481.17114258,6707.82421875,8727.89160156,3098.20385742,1376.9440918,58.5797843933,6.78656578064,8.15729904175,21.31016922,12.2101430893,2.44513559341,0.38961777091,0.0590842701495,0.00950050447136,0.00267665740103,0.000707518076524,0.0000226621014008,7.47031450032e-8,1.0348097379e-10,2.18454990208e-10]},"erbbands_crest":{"dmean":2.95537805557,"dmean2":4.64943504333,"dvar":7.74575567245,"dvar2":17.3874435425,"max":32.9290924072,"mean":11.0149965286,"median":9.62816524506,"min":2.51633024216,"var":29.0525856018},"erbbands_flatness_db":{"dmean":0.0180514100939,"dmean2":0.0255973860621,"dvar":0.000271777622402,"dvar2":0.000510785670485,"max":0.371933311224,"mean":0.198695465922,"median":0.198359325528,"min":0.0487267710268,"var":0.00175890990067},"erbbands_kurtosis":{"dmean":1.3453476429,"dmean2":2.04822969437,"dvar":5.33045482635,"dvar2":11.6796960831,"max":82.0830230713,"mean":1.26811313629,"median":0.0910886749625,"min":-1.88590717316,"var":18.5225601196},"erbbands_skewness":{"dmean":0.42424428463,"dmean2":0.627122342587,"dvar":0.157630220056,"dvar2":0.336560666561,"max":6.59589004517,"mean":0.261901587248,"median":0.220786854625,"min":-7.2696928978,"var":1.18767118454},"erbbands_spread":{"dmean":7.27433156967,"dmean2":10.8978805542,"dvar":59.5216636658,"dvar2":128.865463257,"max":146.227233887,"mean":31.2373332977,"median":28.071685791,"min":1.51565217972,"var":292.63671875},"gfcc":{"cov":[[3056.96801758,132.833786011,-575.309020996,-80.3171234131,-50.5331039429,40.402557373,-124.031425476,6.39832878113,-27.1082439423,-13.2001523972,38.9866027832,4.01357030869,-8.17348575592],[132.833786011,500.90802002,-44.9661521912,-118.201599121,161.643920898,-92.8517150879,63.4852371216,-46.7553482056,49.6605224609,-52.1442756653,24.5798377991,-32.6423301697,-5.7696146965],[-575.309020996,-44.9661521912,976.920288086,218.236602783,-208.081695557,150.539215088,8.63337898254,33.5295257568,-97.0189361572,59.7583847046,-69.7254562378,-14.8237571716,34.3890419006],[-80.3171234131,-118.201599121,218.236602783,473.056030273,75.2385406494,0.572563588619,0.344075262547,0.177405312657,31.1032466888,-6.95721960068,22.3719539642,-2.30320549011,-10.0826692581],[-50.5331039429,161.643920898,-208.081695557,75.2385406494,453.571563721,17.591386795,43.6559295654,16.7459316254,61.7213630676,-8.46986865997,30.3146209717,10.6123447418,-33.1258583069],[40.402557373,-92.8517150879,150.539215088,0.572563588619,17.591386795,304.236694336,79.4298324585,35.8483810425,-25.572177887,44.6538925171,-10.2072353363,-8.57748126984,22.1676063538],[-124.031425476,63.4852371216,8.63337898254,0.344075262547,43.6559295654,79.4298324585,219.161972046,79.8671722412,49.3686485291,-10.3667678833,11.4135379791,-0.24879001081,-8.92339992523],[6.39832878113,-46.7553482056,33.5295257568,0.177405312657,16.7459316254,35.8483810425,79.8671722412,165.279754639,57.0165519714,19.1296634674,-5.95482873917,14.7132167816,2.2175321579],[-27.1082439423,49.6605224609,-97.0189361572,31.1032466888,61.7213630676,-25.572177887,49.3686485291,57.0165519714,160.849655151,45.3266601563,30.7637710571,-11.6351318359,-6.67853736877],[-13.2001523972,-52.1442756653,59.7583847046,-6.95721960068,-8.46986865997,44.6538925171,-10.3667678833,19.1296634674,45.3266601563,127.080314636,40.9457397461,9.33998298645,-3.02335333824],[38.9866027832,24.5798377991,-69.7254562378,22.3719539642,30.3146209717,-10.2072353363,11.4135379791,-5.95482873917,30.7637710571,40.9457397461,104.910118103,45.5870094299,7.68194246292],[4.01357030869,-32.6423301697,-14.8237571716,-2.30320549011,10.6123447418,-8.57748126984,-0.24879001081,14.7132167816,-11.6351318359,9.33998298645,45.5870094299,98.5597457886,38.0855712891],[-8.17348575592,-5.7696146965,34.3890419006,-10.0826692581,-33.1258583069,22.1676063538,-8.92339992523,2.2175321579,-6.67853736877,-3.02335333824,7.68194246292,38.0855712891,89.3128204346]],"icov":[[0.000685732578859,-0.00154699897394,0.00129851314705,-0.00119460374117,0.00122283527162,-0.00117465679068,0.00109556165989,-0.00129532290157,0.0011644307524,-0.00111873610877,0.000980235054158,-0.000826087372843,0.000531854573637],[-0.00154699897394,0.00924606900662,-0.00532463751733,0.00618181237951,-0.0059635322541,0.00517250364646,-0.004362011794,0.00574011029676,-0.00541897537187,0.0066354139708,-0.00664985831827,0.00560990860686,-0.00287107867189],[0.00129851314705,-0.00532463751733,0.00540414405987,-0.00495809921995,0.00440927688032,-0.00356091326103,0.00232463725843,-0.00404464406893,0.00496995449066,-0.00576789723709,0.00534200854599,-0.00301388558,0.000988335697912],[-0.00119460374117,0.00618181237951,-0.00495809921995,0.00721938861534,-0.00481836684048,0.00353150512092,-0.00239583803341,0.00421033939347,-0.00522294454277,0.00625803694129,-0.00607320247218,0.00380103755742,-0.00127067556605],[0.00122283527162,-0.0059635322541,0.00440927688032,-0.00481836684048,0.0068958485499,-0.00424692267552,0.00286492076702,-0.00378870079294,0.00284326239489,-0.00393032887951,0.00441927229986,-0.0045546782203,0.00311871385202],[-0.00117465679068,0.00517250364646,-0.00356091326103,0.00353150512092,-0.00424692267552,0.00819109100848,-0.0050813825801,0.0029917769134,-0.000598487211391,0.00057204044424,-0.00300369830802,0.00483791809529,-0.00402383273467],[0.00109556165989,-0.004362011794,0.00232463725843,-0.00239583803341,0.00286492076702,-0.0050813825801,0.00977231469005,-0.00555696152151,0.0000749536920921,0.000772121769842,0.000566760834772,-0.00265803607181,0.00320752360858],[-0.00129532290157,0.00574011029676,-0.00404464406893,0.00421033939347,-0.00378870079294,0.0029917769134,-0.00555696152151,0.0130223538727,-0.00709798885509,0.00341670960188,-0.000784113828558,-0.000268225761829,-0.000974668364506],[0.0011644307524,-0.00541897537187,0.00496995449066,-0.00522294454277,0.00284326239489,-0.000598487211391,0.0000749536920921,-0.00709798885509,0.0157413128763,-0.00985384639353,0.00258754938841,0.0016351119848,-0.00143623305485],[-0.00111873610877,0.0066354139708,-0.00576789723709,0.00625803694129,-0.00393032887951,0.00057204044424,0.000772121769842,0.00341670960188,-0.00985384639353,0.0195385310799,-0.0112230638042,0.00321229267865,0.00116626603995],[0.000980235054158,-0.00664985831827,0.00534200854599,-0.00607320247218,0.00441927229986,-0.00300369830802,0.000566760834772,-0.000784113828558,0.00258754938841,-0.0112230638042,0.0226687118411,-0.0122720189393,0.00247528008185],[-0.000826087372843,0.00560990860686,-0.00301388558,0.00380103755742,-0.0045546782203,0.00483791809529,-0.00265803607181,-0.000268225761829,0.0016351119848,0.00321229267865,-0.0122720189393,0.0217637401074,-0.00926677510142],[0.000531854573637,-0.00287107867189,0.000988335697912,-0.00127067556605,0.00311871385202,-0.00402383273467,0.00320752360858,-0.000974668364506,-0.00143623305485,0.00116626603995,0.00247528008185,-0.00926677510142,0.0167067181319]],"mean":[-9.65684318542,118.870559692,-143.55770874,39.2790527344,-58.5365371704,5.39792537689,-28.0766620636,6.84485530853,-12.9948425293,-11.7420539856,-12.6210956573,2.44215083122,-14.044506073]},"hfc":{"dmean":4.70783185959,"dmean2":7.07260990143,"dvar":33.9454536438,"dvar2":76.4551391602,"max":103.588157654,"mean":21.8584651947,"median":19.4821128845,"min":1.26739806127e-16,"var":195.915939331},"melbands":{"dmean":[0.000757906760555,0.000636960729025,0.000471729319543,0.000350111746229,0.000293057237286,0.00024254998425,0.000193067811779,0.000151447951794,0.000204125215532,0.000145629310282,0.000190705119167,0.0000865081819938,0.0000642835075269,0.0000531082914677,0.0000250156754191,0.0000425123434979,0.0000572559838474,0.0000241436464421,0.0000179541657417,0.0000257667888945,0.0000195845950657,0.0000228458156926,0.0000311784096994,0.0000311869735015,0.0000128899100673,0.00000793309300207,0.0000074803760981,0.00000147155469676,8.73970520843e-7,4.95645110732e-7,9.23523543861e-7,0.00000114935278361,0.00000111417125481,8.81738458247e-7,4.78370679957e-7,2.39200062424e-7,1.33686768322e-7,7.49997539629e-8,4.64422456048e-8,2.54593928162e-8],"dmean2":[0.0011289329268,0.00105379044544,0.000772376253735,0.00057451921748,0.000457136222394,0.000389238353819,0.000311725481879,0.000239685876295,0.00031211366877,0.000220964953769,0.000285421439912,0.000136680682772,0.0000983347999863,0.0000812229263829,0.0000388901462429,0.000067620901973,0.0000884837209014,0.0000382448488381,0.0000280982312688,0.0000402958430641,0.0000302539756376,0.0000358559664164,0.0000491074169986,0.0000506827673235,0.0000206649874599,0.0000127569555843,0.0000120880049508,0.00000237146286963,0.0000014306748426,7.88132240359e-7,0.00000146699369452,0.00000183416591426,0.00000178217680968,0.00000141027533118,7.50091089685e-7,3.68574177401e-7,2.03963466561e-7,1.15598666639e-7,7.06082161628e-8,3.90434848896e-8],"dvar":[0.00000241958468905,0.00000115778971121,6.62127831674e-7,2.68668941317e-7,2.74523614507e-7,1.74595399471e-7,1.65622637383e-7,1.24376043686e-7,1.86945101177e-7,6.40189270484e-8,1.13549774028e-7,2.97158386786e-8,2.02618561929e-8,1.6220225163e-8,2.65323807369e-9,1.54609853809e-8,1.51613424038e-8,2.84681345164e-9,2.24916152369e-9,5.12270847963e-9,1.85524196006e-9,2.34133201715e-9,3.89777099485e-9,3.72165187557e-9,8.02796606969e-10,2.58216559246e-10,2.45689940614e-10,8.117063445e-12,2.81761528172e-12,8.28373611025e-13,2.56594333455e-12,4.80589049459e-12,4.31645951621e-12,2.25785883046e-12,6.43559587132e-13,1.64758275924e-13,5.63897276855e-14,2.04558710872e-14,8.81377253353e-15,3.11744419951e-15],"dvar2":[0.0000051375586736,0.00000295519589599,0.00000163911829532,6.7442931595e-7,6.29990267953e-7,4.27637758094e-7,4.07775985423e-7,2.72193915407e-7,4.16578160412e-7,1.42072806852e-7,2.25195606163e-7,7.26084152802e-8,4.50426398402e-8,3.49186812798e-8,6.39556230198e-9,3.78551447966e-8,3.3128742416e-8,6.49496278982e-9,5.37705480141e-9,1.11835589678e-8,3.85242948653e-9,5.24395504797e-9,9.2281400299e-9,9.08522945764e-9,1.84933113268e-9,6.10930361855e-10,6.10558881231e-10,2.0492449751e-11,7.21430554185e-12,1.96952697207e-12,6.25343180016e-12,1.14634794712e-11,1.13647268679e-11,5.53503683859e-12,1.52164966825e-12,3.702405407e-13,1.28104544659e-13,4.92633820022e-14,2.12013718891e-14,7.55671041827e-15],"max":[0.0265452582389,0.0157862715423,0.0161420255899,0.0134334648028,0.0127610573545,0.0103222141042,0.00901200436056,0.0134722366929,0.010714109987,0.00812142342329,0.00910216011107,0.00438013765961,0.00494595244527,0.00547236856073,0.00152502511628,0.00502780778334,0.00366727914661,0.00210928730667,0.00183865369763,0.00414997432381,0.00166558136698,0.0016949728597,0.00157811969984,0.00153298256919,0.000979519914836,0.000404157821322,0.000432665867265,0.0000715422866051,0.0000578652616241,0.0000286774866254,0.0000351427661371,0.000118676238344,0.0000937644290389,0.0000366581516573,0.0000146956263052,0.00000779325728217,0.0000044364896894,0.00000351033395418,0.00000262735443357,0.00000133569972149],"mean":[0.00128004711587,0.00114738137927,0.000825423689093,0.000652082788292,0.00056556641357,0.000439292693045,0.000300101644825,0.000260087865172,0.000395386101445,0.000298429396935,0.000385998864658,0.000154689245392,0.000116250419524,0.0000955536379479,0.0000460878072772,0.0000711374450475,0.0000997406459646,0.0000418575000367,0.00003200673018,0.0000474051885249,0.0000347200111719,0.0000415604445152,0.000057695327996,0.0000558909559913,0.0000217441629502,0.0000137260849442,0.0000128023621073,0.00000259358580479,0.00000148053061366,9.0027913302e-7,0.00000169506643033,0.00000213062276089,0.00000205589913094,0.00000160961224083,8.65305878506e-7,4.37457714497e-7,2.47342825332e-7,1.36908013815e-7,8.21090750946e-8,4.36098837042e-8],"median":[0.000316173158353,0.000587061804254,0.000399580254452,0.000374292721972,0.00026036586496,0.000181458497536,0.000108830688987,0.0000909582231543,0.000126620274386,0.000136939401273,0.000135467926157,0.0000595700621489,0.0000384576233046,0.0000315324869007,0.0000186479792319,0.0000211930910154,0.00003151475903,0.0000151499016283,0.000011095426089,0.0000135945701913,0.0000132714203573,0.0000165642686625,0.0000231840149354,0.0000234277467825,0.00000901380371943,0.00000686130579197,0.00000657997316011,0.00000161916716479,9.01583405266e-7,5.62771788282e-7,0.00000107682933503,0.00000130741000248,0.00000133886499043,0.00000103192951428,5.365003517e-7,2.51566376619e-7,1.2134195515e-7,6.67193305048e-8,3.25677547153e-8,1.53342973874e-8],"min":[2.24259744719e-23,2.66526028496e-23,4.18872203354e-24,1.34345536514e-23,1.91177253382e-23,1.20461868572e-23,6.90399310222e-24,1.57480460281e-23,7.32239940432e-24,1.10256556479e-23,5.91217997976e-24,5.36245358049e-24,1.58349863885e-23,1.29833141696e-23,3.68480754804e-24,3.09345098665e-24,9.80725288006e-24,7.77601020204e-24,7.18110810531e-24,9.29027209696e-24,1.21748508597e-23,2.11474660251e-23,1.0733096326e-23,9.89559899056e-24,8.26962492513e-24,8.6067824983e-24,5.71283049028e-24,1.09653077887e-23,1.34338278994e-23,1.42239162722e-23,1.12567713828e-23,1.26510948657e-23,9.13119829543e-24,8.95828471817e-24,7.76714103889e-24,9.7162404197e-24,8.32948211289e-24,1.11247239558e-23,1.34858280325e-23,1.05391035965e-23],"var":[0.00000550787126485,0.00000227278997045,0.00000141113093832,8.40024824811e-7,8.71260567692e-7,5.28732300609e-7,3.43092835919e-7,3.51248644392e-7,6.48735806408e-7,2.49097183769e-7,5.03538387875e-7,7.21992563513e-8,6.18084072812e-8,4.74760177838e-8,6.85266510203e-9,3.36825607405e-8,4.32460609545e-8,6.67494060025e-9,5.46304912419e-9,2.00695566832e-8,4.74966599384e-9,5.95588645069e-9,9.47880085533e-9,8.80679795756e-9,1.90177740222e-9,5.20702703177e-10,4.66078287076e-10,1.04367417486e-11,3.54254559715e-12,1.34279750947e-12,4.17725055935e-12,1.02470670837e-11,5.93059976128e-12,3.47133519846e-12,1.05027586021e-12,2.92673030993e-13,1.09492499973e-13,3.3634868572e-14,1.46396753091e-14,4.80274965577e-15]},"melbands_crest":{"dmean":3.26984071732,"dmean2":5.26368570328,"dvar":8.93720340729,"dvar2":21.1978302002,"max":34.9434089661,"mean":13.3018627167,"median":12.1967077255,"min":2.43450069427,"var":30.5988330841},"melbands_flatness_db":{"dmean":0.0241534076631,"dmean2":0.0351767279208,"dvar":0.000543342030142,"dvar2":0.00109520868864,"max":0.515038967133,"mean":0.207635253668,"median":0.201048225164,"min":0.0072182030417,"var":0.0031491916161},"melbands_kurtosis":{"dmean":6.26053142548,"dmean2":9.67578315735,"dvar":253.262924194,"dvar2":567.756469727,"max":624.244506836,"mean":11.4552259445,"median":3.70667266846,"min":-1.896697402,"var":867.084106445},"melbands_skewness":{"dmean":0.711802363396,"dmean2":1.07789933681,"dvar":0.700739324093,"dvar2":1.57082557678,"max":21.1896743774,"mean":2.07826423645,"median":1.64598917961,"min":-2.87433314323,"var":3.58997321129},"melbands_spread":{"dmean":7.04485988617,"dmean2":10.8446893692,"dvar":68.6254577637,"dvar2":154.989440918,"max":150.26348877,"mean":25.8101673126,"median":22.0759620667,"min":0.509732782841,"var":289.08404541},"mfcc":{"cov":[[2737.41625977,173.157196045,-637.274230957,-148.374099731,-11.5075454712,-52.0133743286,-99.666053772,11.117108345,-91.6751022339,-45.9673881531,23.8634872437,3.27025532722,15.9565057755],[173.157196045,688.696166992,-236.809967041,-82.5685119629,15.2130947113,-32.8226852417,3.0357530117,17.5585231781,-1.58770644665,-5.18181228638,22.0141906738,-24.4472846985,-1.02752184868],[-637.274230957,-236.809967041,1108.44519043,67.2450332642,-103.154151917,66.7388687134,81.9974212646,-70.8132171631,60.853351593,21.8456802368,-90.3355941772,24.691236496,-36.204990387],[-148.374099731,-82.5685119629,67.2450332642,425.93850708,118.733215332,0.951287567616,-26.424489975,41.0991401672,-20.5468101501,2.51106214523,28.0626354218,-1.58092057705,26.2163047791],[-11.5075454712,15.2130947113,-103.154151917,118.733215332,276.536529541,76.9514770508,19.0188503265,6.68385457993,8.02103042603,-1.04640495777,21.9208660126,8.22492694855,5.47043275833],[-52.0133743286,-32.8226852417,66.7388687134,0.951287567616,76.9514770508,196.370132446,87.0031967163,7.94727468491,14.2608966827,29.9834785461,8.50018501282,7.67158746719,3.84012651443],[-99.666053772,3.0357530117,81.9974212646,-26.424489975,19.0188503265,87.0031967163,165.834365845,72.0624694824,31.8399333954,12.4243841171,9.05627441406,6.13993501663,-3.85673069954],[11.117108345,17.5585231781,-70.8132171631,41.0991401672,6.68385457993,7.94727468491,72.0624694824,161.410644531,60.6426925659,18.6614494324,31.1764144897,5.00592803955,6.21296453476],[-91.6751022339,-1.58770644665,60.853351593,-20.5468101501,8.02103042603,14.2608966827,31.8399333954,60.6426925659,124.595252991,64.3516387939,16.9258346558,10.0327720642,-2.61897778511],[-45.9673881531,-5.18181228638,21.8456802368,2.51106214523,-1.04640495777,29.9834785461,12.4243841171,18.6614494324,64.3516387939,120.78553009,61.6657066345,13.5816679001,6.22397041321],[23.8634872437,22.0141906738,-90.3355941772,28.0626354218,21.9208660126,8.50018501282,9.05627441406,31.1764144897,16.9258346558,61.6657066345,115.834236145,46.6051445007,20.9167308807],[3.27025532722,-24.4472846985,24.691236496,-1.58092057705,8.22492694855,7.67158746719,6.13993501663,5.00592803955,10.0327720642,13.5816679001,46.6051445007,88.2977371216,42.7222480774],[15.9565057755,-1.02752184868,-36.204990387,26.2163047791,5.47043275833,3.84012651443,-3.85673069954,6.21296453476,-2.61897778511,6.22397041321,20.9167308807,42.7222480774,85.8223342896]],"icov":[[0.000443437544163,-0.0000341794584529,0.000219919500523,0.00014025226119,0.0000388553598896,-0.000101678742794,0.000273766141618,-0.000230688019656,0.000336478144163,-0.0000870752628543,0.000173240754521,-0.000248431664659,0.0000961820405792],[-0.0000341794584529,0.00165308907162,0.000225527095608,0.000353805895429,-0.00021201542404,0.000381420104532,-0.000317448342685,0.000104095539427,-0.00018075069238,0.000255224382272,-0.000606072309893,0.000859153224155,-0.000316141988151],[0.000219919500523,0.000225527095608,0.00181341567077,-0.00102673377842,0.00115931837354,-0.000290774332825,-0.00140544888563,0.00176916678902,-0.00128780817613,-0.000442392309196,0.00201892270707,-0.00203860318288,0.00130387989338],[0.00014025226119,0.000353805895429,-0.00102673377842,0.00402298150584,-0.00229763402604,0.000432329368778,0.00206649769098,-0.00297168456018,0.00250525493175,-0.000429847772466,-0.00148288044147,0.00210048886947,-0.00182536710054],[0.0000388553598896,-0.00021201542404,0.00115931837354,-0.00229763402604,0.00587751716375,-0.0025370256044,-0.00073354417691,0.00217506405897,-0.00272185006179,0.00195861048996,-0.000330921873683,-0.00121887319256,0.00119192746934],[-0.000101678742794,0.000381420104532,-0.000290774332825,0.000432329368778,-0.0025370256044,0.00858560018241,-0.00468769902363,0.00116357265506,0.00137604447082,-0.00307511608116,0.00106458913069,0.0000830801873235,-0.000784418545663],[0.000273766141618,-0.000317448342685,-0.00140544888563,0.00206649769098,-0.00073354417691,-0.00468769902363,0.0124363387004,-0.00692634563893,0.00163701432757,0.000921845668927,-0.00120770349167,0.000648812507279,-0.00000759216391089],[-0.000230688019656,0.000104095539427,0.00176916678902,-0.00297168456018,0.00217506405897,0.00116357265506,-0.00692634563893,0.0138629274443,-0.00835192576051,0.00362168694846,-0.00250716111623,0.000603538763244,-0.0000142183316711],[0.000336478144163,-0.00018075069238,-0.00128780817613,0.00250525493175,-0.00272185006179,0.00137604447082,0.00163701432757,-0.00835192576051,0.0181465987116,-0.0108647737652,0.00489143608138,-0.0025378279388,0.000829706259537],[-0.0000870752628543,0.000255224382272,-0.000442392309196,-0.000429847772466,0.00195861048996,-0.00307511608116,0.000921845668927,0.00362168694846,-0.0108647737652,0.0201132111251,-0.0125213945284,0.00561513099819,-0.00177775253542],[0.000173240754521,-0.000606072309893,0.00201892270707,-0.00148288044147,-0.000330921873683,0.00106458913069,-0.00120770349167,-0.00250716111623,0.00489143608138,-0.0125213945284,0.0216942504048,-0.0122447330505,0.00323130306788],[-0.000248431664659,0.000859153224155,-0.00203860318288,0.00210048886947,-0.00121887319256,0.0000830801873235,0.000648812507279,0.000603538763244,-0.0025378279388,0.00561513099819,-0.0122447330505,0.0231257323176,-0.0103980498388],[0.0000961820405792,-0.000316141988151,0.00130387989338,-0.00182536710054,0.00119192746934,-0.000784418545663,-0.00000759216391089,-0.0000142183316711,0.000829706259537,-0.00177775253542,0.00323130306788,-0.0103980498388,0.0172406192869]],"mean":[-640.938232422,136.699478149,-20.227809906,31.9574642181,-5.57009744644,3.9778907299,-10.5835437775,21.2807064056,-7.41597270966,2.39165830612,4.79960727692,-6.85116577148,-4.32934188843]},"pitch_salience":{"dmean":0.0751850605011,"dmean2":0.118996247649,"dvar":0.00476837018505,"dvar2":0.011395114474,"max":0.879132568836,"mean":0.546113073826,"median":0.557030081749,"min":0.0686748400331,"var":0.0161291752011},"silence_rate_20dB":{"dmean":0,"dmean2":0,"dvar":0,"dvar2":0,"max":1,"mean":1,"median":1,"min":1,"var":0},"silence_rate_30dB":{"dmean":0,"dmean2":0,"dvar":0,"dvar2":0,"max":1,"mean":1,"median":1,"min":1,"var":0},"silence_rate_60dB":{"dmean":0.00613496918231,"dmean2":0.0122706629336,"dvar":0.00609779264778,"dvar2":0.014481600374,"max":1,"mean":0.0212351791561,"median":0,"min":0,"var":0.0207879785448},"spectral_centroid":{"dmean":240.625778198,"dmean2":363.214324951,"dvar":66468.8984375,"dvar2":134617.09375,"max":11139.7851563,"mean":1403.24255371,"median":1342.08691406,"min":179.722137451,"var":359596.96875},"spectral_complexity":{"dmean":3.62600278854,"dmean2":5.43236398697,"dvar":13.6615161896,"dvar2":26.6585140228,"max":48,"mean":20.0988616943,"median":20,"min":0,"var":92.1303787231},"spectral_contrast_coeffs":{"dmean":[0.0546881444752,0.0526875182986,0.0418851859868,0.0311890374869,0.0252850111574,0.0169620383531],"dmean2":[0.0896513834596,0.0857279673219,0.0669646263123,0.0504843108356,0.0397445745766,0.0261784736067],"dvar":[0.00206196354702,0.0018136651488,0.00110704544932,0.00064786511939,0.000457596062915,0.000229912082432],"dvar2":[0.00540455756709,0.00468118302524,0.00273121288046,0.00162190524861,0.00104779831599,0.000505326024722],"max":[-0.294170171022,-0.381490200758,-0.410109460354,-0.541503071785,-0.519143104553,-0.579101443291],"mean":[-0.636762619019,-0.71105325222,-0.738839387894,-0.776370406151,-0.749204277992,-0.72014772892],"median":[-0.63934469223,-0.71960157156,-0.747229158878,-0.782957971096,-0.750347495079,-0.720867097378],"min":[-0.975727140903,-0.970965027809,-0.972651958466,-0.967368900776,-0.955035746098,-0.957866072655],"var":[0.00734203867614,0.00772162573412,0.0055949925445,0.00324139138684,0.00328504992649,0.00140879012179]},"spectral_contrast_valleys":{"dmean":[0.406748205423,0.417070031166,0.34479278326,0.294181764126,0.241776898503,0.241398975253],"dmean2":[0.661093771458,0.672140061855,0.545269668102,0.457498520613,0.359454929829,0.328617602587],"dvar":[0.117188349366,0.135023459792,0.0991789996624,0.080458432436,0.0658543631434,0.0768826156855],"dvar2":[0.276874780655,0.309925019741,0.207776740193,0.158842280507,0.122965283692,0.12622345984],"max":[-5.43945503235,-4.67059326172,-5.17783355713,-5.77813911438,-5.79466485977,-8.84001922607],"mean":[-7.32586717606,-6.67196941376,-7.11177110672,-7.58997535706,-7.49206829071,-10.781668663],"median":[-7.26994609833,-6.61220407486,-7.00206279755,-7.47881937027,-7.44613313675,-10.8060665131],"min":[-26.7489871979,-27.541431427,-26.8322315216,-27.2085475922,-27.3438072205,-27.2355537415],"var":[0.602032482624,0.618714570999,0.691077470779,0.695878922939,0.445770949125,0.508461356163]},"spectral_decrease":{"dmean":1.41907197104e-9,"dmean2":2.21364837572e-9,"dvar":2.25311260278e-18,"dvar2":5.34567911045e-18,"max":5.63559180498e-29,"mean":-6.8260583852e-9,"median":-6.80549616661e-9,"min":-2.58987000734e-8,"var":1.02091615546e-17},"spectral_energy":{"dmean":0.00555994454771,"dmean2":0.00866814889014,"dvar":0.0000336465709552,"dvar2":0.0000796828608145,"max":0.0985107272863,"mean":0.0277457609773,"median":0.0280289687216,"min":1.12829608517e-20,"var":0.000160888943356},"spectral_energyband_high":{"dmean":0.000119724762044,"dmean2":0.000180662347702,"dvar":4.08010123465e-8,"dvar2":9.09922022174e-8,"max":0.00510278670117,"mean":0.000277593004284,"median":0.000194530424778,"min":8.2201881166e-21,"var":7.84304674539e-8},"spectral_energyband_low":{"dmean":0.00342697789893,"dmean2":0.00533090624958,"dvar":0.0000329331305693,"dvar2":0.00007652577915,"max":0.0961844027042,"mean":0.00719295628369,"median":0.00358270481229,"min":1.39932943642e-22,"var":0.0000878529608599},"spectral_energyband_middle_high":{"dmean":0.00225794222206,"dmean2":0.00339522422291,"dvar":0.00000802625618235,"dvar2":0.0000178470800165,"max":0.048975598067,"mean":0.00771521823481,"median":0.00579061452299,"min":1.3951143191e-21,"var":0.0000468720172648},"spectral_energyband_middle_low":{"dmean":0.00430678250268,"dmean2":0.00666880235076,"dvar":0.0000211587139347,"dvar2":0.0000498314766446,"max":0.0725981816649,"mean":0.0137028386816,"median":0.0121292024851,"min":3.38459698534e-22,"var":0.0000879989383975},"spectral_entropy":{"dmean":0.145037069917,"dmean2":0.206161662936,"dvar":0.0192425809801,"dvar2":0.0368057340384,"max":9.78837203979,"mean":7.39192199707,"median":7.42993354797,"min":5.5729341507,"var":0.112694613636},"spectral_flux":{"dmean":0.0212615970522,"dmean2":0.0342565774918,"dvar":0.00040426972555,"dvar2":0.000985869555734,"max":0.285753935575,"mean":0.0816575214267,"median":0.080711312592,"min":1.0622128177e-10,"var":0.00122716801707},"spectral_kurtosis":{"dmean":2.09608793259,"dmean2":3.59892392159,"dvar":4.54341077805,"dvar2":13.5135068893,"max":30.7714958191,"mean":4.87380838394,"median":4.25764369965,"min":-1.21229982376,"var":9.4987411499},"spectral_rms":{"dmean":0.000530140765477,"dmean2":0.000817121879663,"dvar":2.79664817526e-7,"dvar2":6.16587897184e-7,"max":0.00980347022414,"mean":0.00502678984776,"median":0.00522927660495,"min":3.31779547412e-12,"var":0.00000180039421593},"spectral_rolloff":{"dmean":366.96182251,"dmean2":619.358276367,"dvar":345618.9375,"dvar2":740732.5,"max":18906.1523438,"mean":1451.85925293,"median":1162.79296875,"min":64.599609375,"var":904724.0625},"spectral_skewness":{"dmean":0.247179359198,"dmean2":0.404060930014,"dvar":0.0480778291821,"dvar2":0.133423030376,"max":3.88856697083,"mean":1.40857255459,"median":1.37321996689,"min":0.0122691448778,"var":0.172820150852},"spectral_spread":{"dmean":352939.96875,"dmean2":512966.375,"dvar":228075978752,"dvar2":360780365824,"max":41086276,"mean":3421240.75,"median":3165011.75,"min":1054400.875,"var":1225684156420},"spectral_strongpeak":{"dmean":0.794730007648,"dmean2":1.32857573032,"dvar":1.74743413925,"dvar2":4.15515041351,"max":19.9200077057,"mean":1.48539876938,"median":0.720588445663,"min":0,"var":3.47145795822},"zerocrossingrate":{"dmean":0.00733896624297,"dmean2":0.00847727246583,"dvar":0.0000763293355703,"dvar2":0.000097719799669,"max":0.515625,"mean":0.0535495020449,"median":0.05126953125,"min":0.0029296875,"var":0.000495587242767}},"metadata":{"audio_properties":{"analysis_sample_rate":44100,"bit_rate":320000,"codec":"mp3","downmix":"mix","equal_loudness":0,"length":393.613067627,"lossless":false,"md5_encoded":"f561d8cbb620d529e1e780afb660b322","replay_gain":-13.9916439056,"sample_rate":44100},"tags":{"acoustid_fingerprint":["AQADtHrCRCEunAreHLkOLVyC6vhIQNcI50Q-PB7uPChJGT6N_4il6EiO8xK6Ehd84lIUxRnOVOjRjIeeGU8l4ce1GpUzB--PO8iLhMiV5Eg-BU2N4yH6oLkS3MOZLkd-aKQOZ3zQjsePQ6VipDq-HD-Fmw8arvjwHt-F72HQ78VfJMuN8Izx_EFfOJI-o1tEBTfxYn_AJ8eeI8-LR7mh0EeWB_6DPrh-PMVzYc4aCRfzFDWSaw9yNB0Z3Inx6kE3Kqi1HE-Ia2HwLDMq00HCH7k6XBce_Kj8BM9SBY8yPLmQXHKOUIfP47kCZ9GDUtGIH2EyjtDI5Ubww02kGL8Qj9BSEX2yFPmO5hX6hGLw6MGpKKgGPwjl6Pgo6ETc5IE1hfhxGnYYXHrwCyea6DFSQqP6IrwWNNfC48fzRfgVBf2CV4Hzo2-OJwq-8MMD5GispeFw5zJ-BuF-XB9-5KeO5uiJ_9CPkDqmUOnwtmi-JOiz4DrKj9irsLCiaEafYj9-KHkOX4uO83iOUhuaB-0kXmiUB01_9EiuIzyafMZuNKGPRLnwRghzCpP2JbgbPGl0hDmP5MRPommabWjirDm6ksKviAny5BOSpQ1ODWdFmCf6CJWOMDpxPRGh8yFy5jieDz0fTMlT4TnyD0me-HAtB5fYBN-PE03QHZe0Q22iREX9wc-yRahFLccXHs2yLDyKN5OC8nmGhj2uHD1TeJ3xPHDSJ8rgXEKkN0iOF6yT49NC4l2w53DyIemRM-yC_aCfY6dwJXnQP3h2eD9iCgndo2uWwRF93JLwSwmeo8-OZsezL4NKpcSXBscvPM6DJlvyCXXODMmR7znCR0bCK4GzHvWDazpuPOhT4clUobSO3AmNkolUhHkUPM0X5B-hHs0XB30SGY-P0mie4y-OMDFV_ISXJdNRbimcy8EfDueP6nAVHsk6I_fxZ9h3HHyiHPvyCDmSJ0mOShKpY1eQHswz6TjxNBeuQ2euIlKWJcqWwFdiERWOpglzVMdxfYWifOiYHJd2UE-Cn8cjsBKNvs0R_ULy4UsaHUfzGL-CJ9mOq_hz6Cl6FKWiOdgqWoE5KTfOwA8ikcWPPD9OHfmRLN_hHa2P60PzHP3wPC1-5FSCF7WIZmGT46QW_HnwykeY8_iPZscv7JicHM6THN1lhDq0LCdeE00Ts6hoHrmjRnh0BRcpoUwHbyNqRXnw6sGp60gtDi-8RB_uPMWL9BHODj0aNSt-XBdu5KyRoC_-Y6eL53B0_MOfB76KH9fx8VngL-h7ZHOWI2lxnHnw6ceT45jkRHiZwz3xHXv24PwMH9-PD1SX409EVAotrDWHitymwZsufEfyB_nQLMcvPA-aD_VxZSfORY6GXEGNJqaEZ7EGfeWEG2moDD8e9FMlOOQFN0fsEMk_PGhCPbjED5_C42EOV8VPHH1CnNLQLDO-3MiXB-p3o7GCroqDKw-uH1p4hFaIPkHjxzglD_8J5yOe3PiuI_8y-NyhHs-F_L5Q5lIiPA2aDlee42HyREHlqCKaI08SaD4RJsoTPGFOND_qoVxkNMvMEM9ShPoaJEtyvXj0EP_Q1CgZPDODKz8qI4woPsWfQ0cztDo0JkfzVsF3_MiXHH6OX8KzEFc-RZgW5gmcHnoW5eh5_Oh9PFzCDOVKPEt2jOIRRlehXce