{"lowlevel":{"average_loudness":0.890981912613,"barkbands":{"dmean":[0.0000299317180179,0.00141505000647,0.00218063476495,0.00193739146926,0.00135278527159,0.000904436281417,0.000542074849363,0.000973735819571,0.00105189252645,0.000610467453953,0.000620440230705,0.000607206660789,0.00033837207593,0.000387823180063,0.000333309115376,0.000252873811405,0.000216292333789,0.000125418126117,0.000161439209478,0.0001100383015,0.000100378761999,0.000106713065179,0.00012241746299,0.000129278967506,0.000105010876723,0.0000192675543076,8.71279212333e-7],"dmean2":[0.000047929068387,0.00226564332843,0.00371672934853,0.00323959393427,0.00218505761586,0.00144933711272,0.000841514556669,0.00144077802543,0.00153510144446,0.000911666604225,0.000925621832721,0.000853900040966,0.000500413763802,0.000581190455705,0.000498055014759,0.000377859716536,0.000325657281792,0.000186787510756,0.000242621928919,0.000155612462549,0.000140589414514,0.000150092964759,0.000166974743479,0.000179390714038,0.000148689883645,0.0000266821043624,0.00000131369313294],"dvar":[5.99033089799e-9,0.0000044628473006,0.00000987702333077,0.0000109897646325,0.00000347208492713,0.00000336623702424,0.00000149317406795,0.00000789469686424,0.0000104607288449,0.00000402539990318,0.00000407022071158,0.00000306241395265,0.00000113533178592,0.00000136963728892,0.00000115589330107,3.57374744908e-7,4.06501584393e-7,7.11681522603e-8,6.87740282501e-7,4.26241797413e-8,2.72986202532e-8,6.38512389628e-8,4.25910577917e-8,4.71640433375e-8,3.51963507228e-8,1.18547516248e-9,4.06314695431e-12],"dvar2":[1.38217828294e-8,0.0000111313402158,0.0000275864385912,0.0000273000550806,0.0000087384132712,0.00000815508428786,0.00000308940207105,0.0000155663728947,0.0000205967862712,0.00000792735499999,0.00000805304443929,0.00000578514345762,0.00000228601334129,0.00000294821234093,0.0000022439978693,7.82698805324e-7,8.31656279843e-7,1.64191590102e-7,0.0000019842382244,7.97382000428e-8,5.39780096176e-8,1.35223814368e-7,8.25860979603e-8,9.56355634685e-8,7.184392814e-8,2.40807884744e-9,9.80861052102e-12],"max":[0.00111609383021,0.024027204141,0.040381770581,0.0508528761566,0.0250552222133,0.0333207212389,0.0376682132483,0.0624961405993,0.0873353108764,0.0563252530992,0.0624031573534,0.037161923945,0.0316009968519,0.0335813015699,0.0569713972509,0.0136239919811,0.0287983454764,0.00817817915231,0.0464972108603,0.00546508887783,0.00351671525277,0.010167776607,0.00217133411206,0.00331285363063,0.00249010208063,0.000406187929912,0.0000390004679502],"mean":[0.0000262835892499,0.00253063812852,0.00351355341263,0.00292941834778,0.00268446328118,0.00144806969911,0.000933754432481,0.00176892115269,0.00224421336316,0.00101111410186,0.00105936918408,0.00109809380956,0.000562038621865,0.000654249393847,0.000537666957825,0.000429997657193,0.000368644570699,0.000215389518416,0.000273297104286,0.000196471504751,0.000177416572114,0.000166049765539,0.000180986564374,0.000170240615262,0.000124266080093,0.0000227719774557,9.97458073471e-7],"median":[0.00000337546089213,0.00148847023956,0.00227575190365,0.00141181773506,0.00192888989113,0.000765003613196,0.000422706187237,0.000322813371895,0.000380512065021,0.000145781086758,0.000219495210331,0.000241134053795,0.000152949301992,0.000187929574167,0.000188494756003,0.000152964086737,0.000143230659887,0.0000885681001819,0.000120509517728,0.0000850486394484,0.0000825856695883,0.0000712596010999,0.0000642875820631,0.0000492432009196,0.0000285242367681,0.00000444671240984,1.97116264644e-7],"min":[5.64301689181e-25,3.1365438941e-24,3.53695568731e-24,1.4280914628e-24,6.20604802189e-24,1.14532979335e-23,1.44952954676e-23,1.08043809529e-23,1.98342824083e-23,2.35120292568e-23,1.82849185697e-23,2.32276338564e-23,3.08891456313e-23,3.81011108197e-23,6.45807480273e-23,4.4401338973e-23,7.23370367067e-23,6.52747247428e-23,1.28371044806e-22,1.66395907486e-22,2.78611888746e-22,3.13831031933e-22,3.95440674197e-22,5.89428134113e-22,8.66113435202e-22,1.32266906961e-21,1.87307153531e-21],"var":[5.91822635343e-9,0.00000890765659278,0.00001586122562,0.0000171385745489,0.00000691483501214,0.00000460245337308,0.00000312809561365,0.0000249804452324,0.0000553596582904,0.00000968253698375,0.00000956366602622,0.00000898514463188,0.00000231163016906,0.00000304991885969,0.00000229095530813,7.06170283138e-7,6.78699279888e-7,1.36671019391e-7,5.95212270582e-7,1.10064554804e-7,5.95333879971e-8,9.57846708616e-8,7.79285400654e-8,7.29392368726e-8,4.80235478051e-8,1.68885827545e-9,4.43373246103e-12]},"barkbands_crest":{"dmean":2.29098773003,"dmean2":3.72532296181,"dvar":4.46257686615,"dvar2":11.0593299866,"max":26.8533420563,"mean":9.39374256134,"median":8.5299654007,"min":2.55229258537,"var":15.0249023438},"barkbands_flatness_db":{"dmean":0.0203839149326,"dmean2":0.0291016995907,"dvar":0.000382542551961,"dvar2":0.000777771347202,"max":0.42297282815,"mean":0.125398501754,"median":0.121924981475,"min":0.0211077425629,"var":0.0018048514612},"barkbands_kurtosis":{"dmean":2.5697414875,"dmean2":4.01333427429,"dvar":51.8591842651,"dvar2":109.571662903,"max":629.487670898,"mean":4.86149358749,"median":1.55432772636,"min":-1.91101872921,"var":569.641235352},"barkbands_skewness":{"dmean":0.505993723869,"dmean2":0.774065136909,"dvar":0.304618835449,"dvar2":0.669406592846,"max":24.724817276,"mean":1.52107751369,"median":1.3211183548,"min":-3.8544254303,"var":2.40584206581},"barkbands_spread":{"dmean":6.41011095047,"dmean2":9.35452365875,"dvar":59.0580253601,"dvar2":122.449066162,"max":136.945907593,"mean":24.1044883728,"median":21.4353790283,"min":0.875782430172,"var":202.384475708},"dissonance":{"dmean":0.0195456650108,"dmean2":0.0327492766082,"dvar":0.000440773990704,"dvar2":0.00116419361439,"max":0.500000119209,"mean":0.460934698582,"median":0.469229668379,"min":0.106605410576,"var":0.000945075182244},"dynamic_complexity":3.08919382095,"erbbands":{"dmean":[0.0241913441569,0.395006865263,2.14061808586,4.54907464981,5.11056232452,5.2396569252,5.39725828171,8.32177829742,5.92761993408,14.5362501144,21.8465976715,23.428894043,23.9157047272,17.4042816162,22.5019855499,24.8342781067,15.0070199966,19.9142112732,17.2480010986,13.5350036621,14.195941925,11.6019887924,6.71438503265,7.48664665222,6.97890138626,5.21476221085,4.21797990799,3.98474764824,3.83582234383,3.09952020645,4.04151296616,2.83239364624,2.11835741997,1.25823247433,0.690588951111,0.18436793983,0.0217816866934,0.00253051519394,0.000146398495417,0.0000139153662531],"dmean2":[0.0387491807342,0.642637252808,3.6309196949,7.60783720016,8.347032547,8.55903625488,8.51509666443,13.3780450821,9.51871681213,21.8054103851,31.7593460083,33.3700485229,34.3776512146,24.761838913,33.010017395,33.910949707,21.6437225342,28.993555069,25.4050693512,19.7300758362,20.6415367126,17.161781311,9.72406768799,11.2236175537,10.0033636093,7.43550491333,5.92340183258,5.66447925568,5.4613609314,4.29443120956,5.58158779144,3.88643145561,3.01232624054,1.80668032169,0.989511013031,0.260114699602,0.0298254415393,0.0034929511603,0.000216712156544,0.0000190859464055],"dvar":[0.00227929651737,0.334375321865,9.09558105469,51.9135665894,64.1307144165,59.4865379333,93.9139251709,361.959869385,151.752685547,1247.01574707,3747.39941406,6967.26953125,6451.984375,2912.89160156,4133.27880859,6343.67236328,1921.09558105,3491.80444336,2462.8894043,1435.56286621,1229.26721191,837.674499512,185.524169922,1043.1529541,529.760192871,90.7951965332,55.3844871521,43.9461936951,96.5009384155,36.7110900879,50.7534408569,21.7777004242,13.7878541946,5.04523944855,1.74190914631,0.118241220713,0.00150272541214,0.0000228622811846,1.01414926235e-7,3.70736247257e-10],"dvar2":[0.00555952545255,0.85005235672,25.2856807709,132.847854614,165.193206787,159.14175415,196.70010376,891.082214355,357.921051025,2458.92504883,7288.19287109,13346.7392578,13510.0585938,5599.73779297,8538.22070313,11874.7832031,3830.53100586,7395.14697266,4751.54199219,3010.00366211,2592.36083984,1749.41760254,412.129180908,2951.82519531,1414.86254883,179.325469971,115.412193298,85.9349517822,215.779541016,72.045791626,101.587371826,42.3704872131,29.102104187,10.7924518585,3.69028282166,0.247518450022,0.00302702118643,0.0000482378636661,2.41983286742e-7,7.53109685725e-10],"max":[0.60424298048,6.74236297607,32.4517440796,91.3841629028,102.795562744,130.387268066,265.115997314,333.849182129,239.752029419,826.638183594,1481.74230957,2794.05444336,1856.62316895,1992.16882324,2037.64916992,1899.03149414,1226.15771484,1684.80578613,1605.16210938,1749.66381836,796.576843262,1028.19250488,456.236114502,1727.37145996,1194.6126709,242.316253662,199.145767212,93.8038711548,440.1902771,165.411865234,84.5244674683,66.4450683594,56.0784111023,33.8175392151,12.7695474625,3.21144843102,0.434950947762,0.0614042244852,0.00434049218893,0.000261190172751],"mean":[0.0352201797068,0.721196830273,3.59722042084,7.5503411293,8.92763328552,9.44865608215,9.80331134796,12.6893606186,9.67617797852,26.9941902161,44.087097168,51.4023246765,39.9225654602,32.89818573,40.4139480591,46.4702301025,28.272895813,35.1733932495,29.1673030853,24.9310436249,25.1024112701,21.4376945496,12.8839550018,13.2646360397,12.2291660309,9.33659267426,7.34388971329,6.94383049011,6.02253007889,4.66216135025,5.75199651718,4.01885032654,2.61249041557,1.43871235847,0.804562985897,0.215888828039,0.0264096725732,0.00320226978511,0.000181680181413,0.0000378048825951],"median":[0.017645187676,0.426236152649,2.40622782707,4.70577716827,5.55793476105,6.03944921494,5.42273044586,6.58141708374,5.08588027954,9.7826499939,8.16065979004,8.51365280151,8.379986763,9.38439750671,10.4761219025,10.8186597824,9.73729515076,10.8132724762,11.1422452927,9.95846843719,9.57413387299,8.8528881073,5.54460334778,5.80315208435,5.24470472336,4.07085990906,3.31804943085,3.37092399597,2.69449234009,1.77367246151,1.91924023628,1.28625917435,0.672857999802,0.320933997631,0.172568067908,0.0451211519539,0.0053494758904,0.000673988135532,0.0000483758449263,0.0000306209476548],"min":[1.50369194765e-22,6.99982458763e-22,3.57594581282e-21,4.09098085471e-21,1.71256986019e-20,1.87284838233e-20,7.01646971934e-20,1.21959380268e-19,1.22576818896e-19,2.95328423347e-19,3.16561658533e-19,5.23015289475e-19,6.22997178801e-19,1.01873020662e-18,1.15012919109e-18,1.42835542263e-18,1.85808402265e-18,2.4681901086e-18,2.40381498422e-18,3.31475301047e-18,2.89300401501e-18,4.71548535692e-18,4.26587257574e-18,5.26700513521e-18,7.56062270464e-18,7.99241181157e-18,1.07423588688e-17,1.228755955e-17,1.05891079438e-17,1.19813058543e-17,1.15851756764e-17,1.26260129053e-17,1.07279154681e-17,8.0133336908e-18,6.56132524536e-18,3.9346256179e-18,2.20648629281e-18,8.80064026872e-19,2.36787248734e-19,2.87852875496e-20],"var":[0.00256991176866,0.694117724895,14.3253259659,76.4445648193,105.700546265,107.218261719,251.628616333,421.484680176,222.156005859,3331.18896484,14754.4755859,37399.2382813,13062.1875,7279.08642578,9768.05761719,18214.1152344,4176.63574219,8318.23144531,4976.46533203,2919.37329102,2469.01025391,1592.0526123,425.604827881,1046.67346191,616.305236816,218.877700806,114.735305786,90.1922302246,130.97315979,64.7750701904,85.3302383423,37.9516792297,19.0357570648,6.48704147339,2.23621153831,0.157158866525,0.00222247769125,0.0000333083698933,1.15660675704e-7,8.70529481833e-10]},"erbbands_crest":{"dmean":2.61675143242,"dmean2":4.01943826675,"dvar":7.23453426361,"dvar2":15.6676874161,"max":31.5121555328,"mean":9.38731765747,"median":7.73811340332,"min":2.10368108749,"var":29.6169700623},"erbbands_flatness_db":{"dmean":0.0182179864496,"dmean2":0.0242358464748,"dvar":0.000352139759343,"dvar2":0.000600341591053,"max":0.299357384443,"mean":0.143885567784,"median":0.139743819833,"min":0.023240800947,"var":0.0019173870096},"erbbands_kurtosis":{"dmean":0.928170502186,"dmean2":1.36516547203,"dvar":2.06075024605,"dvar2":3.93874168396,"max":34.7036895752,"mean":0.697093904018,"median":-0.200402975082,"min":-1.7516232729,"var":7.42980241776},"erbbands_skewness":{"dmean":0.337147563696,"dmean2":0.502997815609,"dvar":0.108974061906,"dvar2":0.226097211242,"max":4.76156949997,"mean":0.308561533689,"median":0.248504072428,"min":-3.03621888161,"var":0.589670598507},"erbbands_spread":{"dmean":9.60509681702,"dmean2":13.8638677597,"dvar":111.775810242,"dvar2":223.407409668,"max":135.861190796,"mean":43.0115852356,"median":39.9647293091,"min":4.52663373947,"var":489.481689453},"gfcc":{"cov":[[23122.171875,1206.41064453,-2133.04248047,510.412445068,-1155.24682617,618.623046875,-680.868774414,196.599136353,-556.950622559,-161.742935181,-485.983978271,-174.032669067,-271.690002441],[1206.41064453,891.284973145,-315.508544922,-93.2105560303,82.5925598145,-28.2422332764,56.9084701538,-41.7116088867,35.4337844849,-63.979724884,13.9370470047,-116.299980164,1.52215099335],[-2133.04248047,-315.508544922,723.519836426,108.43196106,72.2280731201,88.6765365601,-8.48814296722,32.6624069214,30.5883216858,38.7948226929,51.0063858032,53.2953605652,5.42593288422],[510.412445068,-93.2105560303,108.43196106,307.627044678,-4.62815332413,2.67949342728,-82.2004394531,13.6591968536,14.9877748489,8.26295471191,20.5457553864,17.9515209198,-0.0721395462751],[-1155.24682617,82.5925598145,72.2280731201,-4.62815332413,271.082733154,-44.0531921387,28.6897544861,-18.5158367157,37.8339347839,20.7951431274,29.776971817,-0.959301352501,17.2996997833],[618.623046875,-28.2422332764,88.6765365601,2.67949342728,-44.0531921387,270.448242188,32.3172149658,-5.15241861343,-41.1733551025,2.9037129879,2.48996543884,-0.873042404652,-6.94586992264],[-680.868774414,56.9084701538,-8.48814296722,-82.2004394531,28.6897544861,32.3172149658,200.287780762,11.2993898392,4.97291517258,-8.41817855835,19.4925842285,-5.9995059967,1.4962682724],[196.599136353,-41.7116088867,32.6624069214,13.6591968536,-18.5158367157,-5.15241861343,11.2993898392,114.8046875,33.6961746216,-3.58746433258,-19.9041118622,-1.93826174736,-1.27923572063],[-556.950622559,35.4337844849,30.5883216858,14.9877748489,37.8339347839,-41.1733551025,4.97291517258,33.6961746216,127.103881836,26.0608997345,-5.50079250336,-18.8401012421,12.7474985123],[-161.742935181,-63.979724884,38.7948226929,8.26295471191,20.7951431274,2.9037129879,-8.41817855835,-3.58746433258,26.0608997345,75.7458648682,25.1240882874,2.79446196556,-8.88809299469],[-485.983978271,13.9370470047,51.0063858032,20.5457553864,29.776971817,2.48996543884,19.4925842285,-19.9041118622,-5.50079250336,25.1240882874,102.336540222,22.264957428,-4.56604862213],[-174.032669067,-116.299980164,53.2953605652,17.9515209198,-0.959301352501,-0.873042404652,-5.9995059967,-1.93826174736,-18.8401012421,2.79446196556,22.264957428,87.2713088989,23.8271694183],[-271.690002441,1.52215099335,5.42593288422,-0.0721395462751,17.2996997833,-6.94586992264,1.4962682724,-1.27923572063,12.7474985123,-8.88809299469,-4.56604862213,23.8271694183,64.3855895996]],"icov":[[0.000358615448931,-0.000792674371041,0.000911958515644,-0.000915072741918,0.000815834908281,-0.00094217993319,0.000932054419536,-0.00127075682394,0.00150608585682,-0.00128754833713,0.00156579201575,-0.00100626319181,0.00109387224074],[-0.000792674371041,0.00379647151567,-0.00122454413213,0.00229175202549,-0.00248087127693,0.00177443597931,-0.00202867202461,0.00326868472621,-0.0042507913895,0.0050566396676,-0.00504852319136,0.00468138698488,-0.00290959281847],[0.000911958515644,-0.00122454413213,0.00438822479919,-0.00266393902712,0.00127658224665,-0.00325991143472,0.00251241936348,-0.00360334175639,0.00301521876827,-0.00272634322755,0.00291507365182,-0.00266844383441,0.00290062930435],[-0.000915072741918,0.00229175202549,-0.00266393902712,0.00640445714816,-0.00209120847285,0.00216470402665,-0.000547100091353,0.0027741396334,-0.00459834653884,0.00416275439784,-0.00535270478576,0.00252431817353,-0.00264934147708],[0.000815834908281,-0.00248087127693,0.00127658224665,-0.00209120847285,0.00654510827735,-0.00117837602738,0.00138924014755,-0.00198708707467,0.00288079329766,-0.00429201126099,0.00325304782018,-0.00236343941651,0.00137633283157],[-0.00094217993319,0.00177443597931,-0.00325991143472,0.00216470402665,-0.00117837602738,0.007005517371,-0.0035179015249,0.00347950356081,-0.00204194453545,0.00210438901559,-0.00347151886672,0.00318829389289,-0.00324860378169],[0.000932054419536,-0.00202867202461,0.00251241936348,-0.000547100091353,0.00138924014755,-0.0035179015249,0.00880863517523,-0.00445463880897,0.00321245077066,-0.0017565456219,0.00192654691637,-0.00229422328994,0.00282978988253],[-0.00127075682394,0.00326868472621,-0.00360334175639,0.0027741396334,-0.00198708707467,0.00347950356081,-0.00445463880897,0.015182076022,-0.00874501373619,0.00603250460699,-0.00368553563021,0.00307982764207,-0.00265528610907],[0.00150608585682,-0.0042507913895,0.00301521876827,-0.00459834653884,0.00288079329766,-0.00204194453545,0.00321245077066,-0.00874501373619,0.0184501707554,-0.0110687017441,0.00812645908445,-0.00150187232066,0.000905034248717],[-0.00128754833713,0.0050566396676,-0.00272634322755,0.00416275439784,-0.00429201126099,0.00210438901559,-0.0017565456219,0.00603250460699,-0.0110687017441,0.0240911580622,-0.0111878151074,0.00489650806412,-0.000865667068865],[0.00156579201575,-0.00504852319136,0.00291507365182,-0.00535270478576,0.00325304782018,-0.00347151886672,0.00192654691637,-0.00368553563021,0.00812645908445,-0.0111878151074,0.0211080722511,-0.00939744245261,0.00692964624614],[-0.00100626319181,0.00468138698488,-0.00266844383441,0.00252431817353,-0.00236343941651,0.00318829389289,-0.00229422328994,0.00307982764207,-0.00150187232066,0.00489650806412,-0.00939744245261,0.0215569362044,-0.0107063688338],[0.00109387224074,-0.00290959281847,0.00290062930435,-0.00264934147708,0.00137633283157,-0.00324860378169,0.00282978988253,-0.00265528610907,0.000905034248717,-0.000865667068865,0.00692964624614,-0.0107063688338,0.0232847202569]],"mean":[-9.20700645447,87.7071228027,-112.217628479,35.266872406,-62.4124412537,21.7667617798,-43.5955314636,7.32974672318,-26.3654613495,-1.52699935436,-18.6950073242,-6.3130197525,-12.7580690384]},"hfc":{"dmean":7.94816303253,"dmean2":10.1368923187,"dvar":116.580444336,"dvar2":203.130050659,"max":231.987228394,"mean":21.4610805511,"median":15.7231092453,"min":1.05403542494e-16,"var":365.166717529},"melbands":{"dmean":[0.000293937424431,0.00089147768449,0.000797201297246,0.000331578368787,0.000193969404791,0.000178675385541,0.0000976514929789,0.000174189612153,0.000179424969247,0.000150767533341,0.000118450028822,0.0000698706135154,0.0000865359324962,0.0000696889546816,0.0000480145899928,0.000037112073187,0.0000384839222534,0.0000293350603897,0.0000233924238273,0.000015021289073,0.0000191547896975,0.0000137763045132,0.00000862298384163,0.00000527343900103,0.00000649815410725,0.00000647381511953,0.00000443318458565,0.00000345141211255,0.00000270685904979,0.00000256001794696,0.00000245579667535,0.00000233053151533,0.00000202714727493,0.00000162337403253,0.0000023814116048,0.0000021463270059,0.00000165953474607,0.00000166463405549,0.00000117532567856,0.00000104269452095],"dmean2":[0.000467647565529,0.00149315863382,0.00132286292501,0.000539764994755,0.00030617279117,0.000287016970105,0.000155250178068,0.000258380983723,0.000260991422692,0.000212170460145,0.000171436011442,0.0000999895128189,0.000128942381707,0.0000981488701655,0.0000693472029525,0.0000539587053936,0.0000570636402699,0.0000438575007138,0.0000343445972248,0.0000222499547817,0.000028403403121,0.000020874396796,0.0000130311927933,0.00000771710710978,0.00000995271329884,0.00000992255900201,0.00000624368612989,0.00000505733942191,0.00000391669755118,0.00000369141457668,0.00000361438446816,0.00000341082636623,0.00000293220273306,0.0000023017746571,0.00000334858714268,0.00000299101770906,0.00000232707270698,0.00000241808538703,0.00000167842563314,0.00000152953532506],"dvar":[2.20049003019e-7,0.00000151830590767,0.0000015126507833,2.20983380927e-7,9.44817060144e-8,1.55393550472e-7,4.17159782273e-8,1.94407817844e-7,2.52202084994e-7,2.52449183336e-7,1.61978036317e-7,4.84778475141e-8,7.52275397531e-8,4.10418508068e-8,1.84330080089e-8,1.52252344066e-8,1.57119082189e-8,6.56988108361e-9,7.88267584539e-9,1.31863797659e-9,2.63492716535e-9,1.66119473732e-9,4.04810240884e-10,1.31720592766e-10,8.88131401755e-10,1.31604471765e-9,9.39337427286e-11,4.14083212164e-11,2.62350505903e-11,1.86250632972e-11,1.8433006857e-11,2.97532207205e-11,3.31536360865e-11,8.72718043665e-12,1.92775101437e-11,1.27733639638e-11,7.95133837245e-12,8.83025770559e-12,4.65206605876e-12,3.67665273227e-12],"dvar2":[5.42702366602e-7,0.00000414280975747,0.00000383459610021,5.73531849568e-7,2.03773268481e-7,3.82945614774e-7,9.48271576817e-8,3.76819059511e-7,4.73645059174e-7,4.66637573027e-7,3.36254800004e-7,9.23631020555e-8,1.53000868863e-7,7.57914051519e-8,3.72446145036e-8,2.94496764752e-8,3.39259074167e-8,1.30969457501e-8,1.54664476781e-8,2.67301603074e-9,5.529977809e-9,3.51288664824e-9,9.7344587946e-10,2.81554363157e-10,2.53164955666e-9,3.8122407453e-9,1.68344949092e-10,8.66389529564e-11,5.70031521985e-11,3.85827238214e-11,3.87558561632e-11,6.68142902116e-11,7.28638122061e-11,1.7823428497e-11,4.02138634892e-11,2.50434152582e-11,1.64033023276e-11,1.94032533096e-11,9.91314755977e-12,8.18557808341e-12],"max":[0.00549909286201,0.0130314966664,0.0173066202551,0.00538047077134,0.00850748363882,0.00719799473882,0.00538513576612,0.0110242674127,0.0115893892944,0.0170255396515,0.00909395329654,0.00739008933306,0.00947443023324,0.00486017204821,0.00293745566159,0.00420019356534,0.00388379208744,0.00238713761792,0.0055464762263,0.000903913576622,0.00137200695463,0.00165781565011,0.000608251488302,0.000430277956184,0.00158779765479,0.00206667580642,0.000337676319759,0.00016768417845,0.000145987956785,0.0000754355496611,0.0000712148830644,0.000221500638872,0.000247619173024,0.0000625057000434,0.000061396494857,0.000042281797505,0.000044132641051,0.0000317114427162,0.0000493008992635,0.0000229030320043],"mean":[0.000503165996633,0.00161508622114,0.00139902497176,0.00063273665728,0.000369844579836,0.000276942300843,0.00016069241974,0.000321863801219,0.000374835537514,0.000310633418849,0.000192400606466,0.000128130704979,0.000150353691424,0.000123666992295,0.0000826227042126,0.0000628399793641,0.0000646172920824,0.0000453484135505,0.0000392926012864,0.0000259910448221,0.0000308334128931,0.0000229611814575,0.000015082750906,0.00000920020374906,0.0000109330976557,0.0000101116584119,0.00000775660646468,0.00000569985786569,0.00000446254853159,0.00000423014171247,0.00000400195585826,0.00000354282292392,0.00000290232901534,0.00000236075015891,0.0000032862756143,0.00000307268192046,0.00000223236315833,0.00000200589761334,0.00000138104530834,0.00000114202975965],"median":[0.000313161348458,0.00110903859604,0.000965270097367,0.000450866704341,0.000230154459132,0.000145118130604,0.00008241130854,0.000102919453639,0.0000601731953793,0.0000484250485897,0.0000349953115801,0.0000319051614497,0.0000333859570674,0.0000248328578891,0.0000236412706727,0.0000174622327904,0.0000168928527273,0.0000146822312672,0.0000137430979521,0.00000960518536886,0.0000106955831143,0.00000889398143045,0.00000570916472498,0.00000401341139877,0.00000435336141891,0.00000418030776927,0.00000284936936623,0.00000243089607466,0.00000188323986094,0.00000196360133486,0.00000185791668628,0.00000156490887093,0.00000104986793303,8.58761154632e-7,0.00000108327321868,9.6376561487e-7,7.01987914908e-7,5.1506640375e-7,3.01223906263e-7,2.49627362336e-7],"min":[1.71453376002e-24,2.91702934494e-24,1.67750975672e-24,1.23266793683e-24,2.57065491817e-24,3.04841393149e-24,1.86391324989e-24,2.80314958188e-24,2.20277929857e-24,3.38672817196e-24,2.76940309843e-24,3.59224418714e-24,2.85859131794e-24,2.77940841851e-24,2.34097924891e-24,3.3811229208e-24,4.06303045892e-24,2.83387275591e-24,3.81151556993e-24,3.11679239476e-24,3.35816391302e-24,3.94685294126e-24,4.92965017243e-24,3.96455340225e-24,4.14459039348e-24,4.67145087056e-24,4.39658254333e-24,4.45893371484e-24,5.54906927724e-24,6.35299072043e-24,6.49776089604e-24,5.92362437934e-24,4.63299666244e-24,6.79008395409e-24,6.08907848788e-24,5.10412569428e-24,6.9272447774e-24,6.83194801347e-24,6.49630781425e-24,6.22575692275e-24],"var":[3.48299096231e-7,0.00000267198197434,0.00000230827572523,3.83861674891e-7,2.60102297034e-7,1.87948671737e-7,6.438415312e-8,5.21972879142e-7,0.00000114113868221,0.00000124288317238,3.34232851174e-7,1.22838585526e-7,1.81986891334e-7,1.28188673898e-7,4.03363671353e-8,3.25824132119e-8,3.64956775911e-8,1.27020598484e-8,1.56256785289e-8,2.8798763374e-9,4.72291272757e-9,2.63473243223e-9,7.99684207742e-10,2.56831000911e-10,8.6871820848e-10,1.05426645192e-9,2.46238501811e-10,8.44129974253e-11,5.02053849882e-11,3.66205364644e-11,3.30511243374e-11,4.11781372889e-11,4.3906992625e-11,1.52625377614e-11,3.00468434855e-11,2.30147741143e-11,1.24780602517e-11,1.15212899984e-11,6.07409738826e-12,4.38099903577e-12]},"melbands_crest":{"dmean":3.28712534904,"dmean2":5.37801170349,"dvar":8.50152206421,"dvar2":22.2709159851,"max":39.7813034058,"mean":14.0246629715,"median":13.2906761169,"min":1.58140718937,"var":26.8857631683},"melbands_flatness_db":{"dmean":0.0249903611839,"dmean2":0.036451689899,"dvar":0.000605709094089,"dvar2":0.00127308815718,"max":0.404663443565,"mean":0.184284031391,"median":0.182781934738,"min":0.00321857607923,"var":0.00275803403929},"melbands_kurtosis":{"dmean":7.00359916687,"dmean2":10.9916610718,"dvar":211.645706177,"dvar2":484.801635742,"max":900.171142578,"mean":14.9442300797,"median":7.43270015717,"min":-1.58887732029,"var":1455.24035645},"melbands_skewness":{"dmean":0.741620242596,"dmean2":1.12564265728,"dvar":0.660423278809,"dvar2":1.5199753046,"max":28.0990600586,"mean":2.67852854729,"median":2.39788198471,"min":-1.58577215672,"var":4.14823913574},"melbands_spread":{"dmean":6.89525461197,"dmean2":10.6305570602,"dvar":83.6774291992,"dvar2":193.180511475,"max":174.155410767,"mean":24.0761890411,"median":21.3669185638,"min":0.883224546909,"var":281.461456299},"mfcc":{"cov":[[9346.93164063,492.883300781,-10.9491930008,-31.7261562347,-85.03931427,86.2556915283,12.7615995407,125.535560608,4.59237289429,-0.93427670002,-109.275375366,-33.0549812317,-36.0934944153],[492.883300781,1025.43933105,-228.320404053,-9.61777496338,16.4130859375,15.9681406021,41.0831184387,-1.40317702293,28.5144081116,31.0769462585,11.8110017776,19.3713741302,-39.525680542],[-10.9491930008,-228.320404053,557.464416504,-6.06902265549,77.732673645,64.1874237061,29.0502109528,43.1612663269,-14.1366891861,4.4273223877,7.89705038071,13.4109964371,20.0735416412],[-31.7261562347,-9.61777496338,-6.06902265549,273.552276611,80.1530761719,-47.440322876,-49.2340011597,-13.8554964066,-10.3737688065,4.7444524765,-0.704929530621,5.62830162048,25.6890907288],[-85.03931427,16.4130859375,77.732673645,80.1530761719,225.784240723,21.4299526215,-23.9231204987,-22.0145645142,2.69810605049,11.9399623871,-5.91217708588,21.5360393524,8.38072013855],[86.2556915283,15.9681406021,64.1874237061,-47.440322876,21.4299526215,167.771148682,58.6304130554,4.79359149933,-7.5302939415,-2.4776673317,16.3119125366,3.28715515137,-14.422326088],[12.7615995407,41.0831184387,29.0502109528,-49.2340011597,-23.9231204987,58.6304130554,156.516174316,36.3795089722,-21.9212379456,-5.89599609375,12.9313316345,2.79236078262,-2.72850322723],[125.535560608,-1.40317702293,43.1612663269,-13.8554964066,-22.0145645142,4.79359149933,36.3795089722,101.943092346,30.9465751648,-4.72795152664,-5.11520957947,1.20448768139,13.2718696594],[4.59237289429,28.5144081116,-14.1366891861,-10.3737688065,2.69810605049,-7.5302939415,-21.9212379456,30.9465751648,112.308204651,34.2462120056,-7.71143722534,0.327454984188,-4.17182826996],[-0.93427670002,31.0769462585,4.4273223877,4.7444524765,11.9399623871,-2.4776673317,-5.89599609375,-4.72795152664,34.2462120056,87.9064483643,32.5060043335,1.90054106712,-6.0694437027],[-109.275375366,11.8110017776,7.89705038071,-0.704929530621,-5.91217708588,16.3119125366,12.9313316345,-5.11520957947,-7.71143722534,32.5060043335,81.4014434814,24.4585323334,-4.34025144577],[-33.0549812317,19.3713741302,13.4109964371,5.62830162048,21.5360393524,3.28715515137,2.79236078262,1.20448768139,0.327454984188,1.90054106712,24.4585323334,69.0752487183,18.7001628876],[-36.0934944153,-39.525680542,20.0735416412,25.6890907288,8.38072013855,-14.422326088,-2.72850322723,13.2718696594,-4.17182826996,-6.0694437027,-4.34025144577,18.7001628876,71.8601455688]],"icov":[[0.000117256960948,-0.000061788399762,-0.0000115337279567,-0.0000194426283997,0.0000737325390219,-0.000105590908788,0.0000943789709709,-0.000197445842787,0.000130701926537,-0.000129276115331,0.000247397489147,-0.0000442720956926,0.000068472676503],[-0.000061788399762,0.00119976978749,0.000557743711397,-0.00000309308256874,-0.000299734354485,-0.0000592830474488,-0.000437437585788,-0.0000889970178832,-0.000151949570864,-0.000359363417374,0.0000642044033157,-0.000533264887054,0.000600548228249],[-0.0000115337279567,0.000557743711397,0.00237735500559,0.00021131959511,-0.000948575558141,-0.000724557961803,-0.000010393163393,-0.00133228884079,0.000689158739988,-0.000577635481022,0.0000268817711913,-0.000236814434174,-0.000173306441866],[-0.0000194426283997,-0.00000309308256874,0.00021131959511,0.00468617631122,-0.00181813235395,0.00113877921831,0.000930746668018,-0.000307709007757,0.000773530802689,-0.0000910534945433,-0.000699838099536,0.000672895752359,-0.00139314169064],[0.0000737325390219,-0.000299734354485,-0.000948575558141,-0.00181813235395,0.00608499813825,-0.00135187723208,0.000605821900535,0.00134285201784,-0.000222156362724,-0.00109000282828,0.0019860395696,-0.00214288872667,0.00015374609211],[-0.000105590908788,-0.0000592830474488,-0.000724557961803,0.00113877921831,-0.00135187723208,0.00799199286848,-0.00278666219674,0.00095950049581,-0.00070925563341,0.00132497178856,-0.00195464491844,0.000539178727195,0.00100065907463],[0.0000943789709709,-0.000437437585788,-0.000010393163393,0.000930746668018,0.000605821900535,-0.00278666219674,0.00931263528764,-0.00406916206703,0.00314968032762,-0.000766993034631,-0.000264078757027,-0.000196629494894,0.000105456914753],[-0.000197445842787,-0.0000889970178832,-0.00133228884079,-0.000307709007757,0.00134285201784,0.00095950049581,-0.00406916206703,0.0145259741694,-0.00594507157803,0.00283055170439,-0.000683845661115,0.000603919383138,-0.00277183484286],[0.000130701926537,-0.000151949570864,0.000689158739988,0.000773530802689,-0.000222156362724,-0.00070925563341,0.00314968032762,-0.00594507157803,0.0137166157365,-0.00680101802573,0.00400300882757,-0.00172063731588,0.00152560917195],[-0.000129276115331,-0.000359363417374,-0.000577635481022,-0.0000910534945433,-0.00109000282828,0.00132497178856,-0.000766993034631,0.00283055170439,-0.00680101802573,0.0176138412207,-0.00877990014851,0.00320871546865,-0.000499971793033],[0.000247397489147,0.0000642044033157,0.0000268817711913,-0.000699838099536,0.0019860395696,-0.00195464491844,-0.000264078757027,-0.000683845661115,0.00400300882757,-0.00877990014851,0.019476139918,-0.00772104412317,0.00257100840099],[-0.0000442720956926,-0.000533264887054,-0.000236814434174,0.000672895752359,-0.00214288872667,0.000539178727195,-0.000196629494894,0.000603919383138,-0.00172063731588,0.00320871546865,-0.00772104412317,0.0194050278515,-0.00559581350535],[0.000068472676503,0.000600548228249,-0.000173306441866,-0.00139314169064,0.00015374609211,0.00100065907463,0.000105456914753,-0.00277183484286,0.00152560917195,-0.000499971793033,0.00257100840099,-0.00559581350535,0.0171837378293]],"mean":[-640.914550781,112.363922119,8.75296592712,16.4327411652,6.61631059647,7.60580015182,-0.974470734596,2.64362764359,-2.05277204514,1.41935634613,-4.62209415436,0.301216095686,-4.42400455475]},"pitch_salience":{"dmean":0.0662082582712,"dmean2":0.107308842242,"dvar":0.00356374122202,"dvar2":0.00894325785339,"max":0.971836924553,"mean":0.541482627392,"median":0.547754883766,"min":0.0135321011767,"var":0.0118433516473},"silence_rate_20dB":{"dmean":0,"dmean2":0,"dvar":0,"dvar2":0,"max":1,"mean":1,"median":1,"min":1,"var":0},"silence_rate_30dB":{"dmean":0,"dmean2":0,"dvar":0,"dvar2":0,"max":1,"mean":1,"median":1,"min":1,"var":0},"silence_rate_60dB":{"dmean":0.010684077628,"dmean2":0.0213713273406,"dvar":0.0105702066794,"dvar2":0.0241806898266,"max":1,"mean":0.0590504445136,"median":0,"min":0,"var":0.055568061769},"spectral_centroid":{"dmean":246.887237549,"dmean2":369.97265625,"dvar":93156.6875,"dvar2":198199.921875,"max":11939.0244141,"mean":1315.65698242,"median":1171.77685547,"min":229.310241699,"var":904993.5625},"spectral_complexity":{"dmean":3.89731407166,"dmean2":5.44850111008,"dvar":21.1910820007,"dvar2":32.9241142273,"max":53,"mean":17.7139472961,"median":16,"min":0,"var":83.5572814941},"spectral_contrast_coeffs":{"dmean":[0.0493849813938,0.0463391281664,0.0406718105078,0.0311397965997,0.021736048162,0.0197385549545],"dmean2":[0.0831303149462,0.0745637342334,0.0632758811116,0.0483717098832,0.0340518914163,0.0301723424345],"dvar":[0.00165545218624,0.00152985460591,0.00125540781301,0.000692749454174,0.000377909746021,0.000354227260686],"dvar2":[0.00445490563288,0.00381946284324,0.00267772888765,0.00158057746012,0.000814924831502,0.000745397817809],"max":[-0.340718835592,-0.393785834312,-0.429049611092,-0.551965475082,-0.580524981022,-0.594391226768],"mean":[-0.621301531792,-0.730320096016,-0.747177541256,-0.765750110149,-0.786988079548,-0.783295810223],"median":[-0.618301868439,-0.738108992577,-0.758487701416,-0.7693836689,-0.790098905563,-0.783049106598],"min":[-0.986923098564,-0.988640546799,-0.980720758438,-0.973366975784,-0.96747559309,-0.963182926178],"var":[0.00595444487408,0.00610237754881,0.00747615797445,0.00372395501472,0.00224595540203,0.0018390401965]},"spectral_contrast_valleys":{"dmean":[0.425654828548,0.344773948193,0.338151425123,0.303843617439,0.311034023762,0.384395569563],"dmean2":[0.688275098801,0.550952076912,0.517739474773,0.442523241043,0.400720536709,0.450871437788],"dvar":[0.143163532019,0.0951675027609,0.0967609211802,0.0866906419396,0.110157735646,0.16619952023],"dvar2":[0.327037215233,0.205018520355,0.184730529785,0.150966107845,0.163259372115,0.254834443331],"max":[-5.46839570999,-4.77062320709,-5.42963600159,-6.08281326294,-5.82675695419,-7.77024173737],"mean":[-7.43969774246,-6.95124769211,-7.63468551636,-7.94585561752,-7.86947202682,-9.94332027435],"median":[-7.08221006393,-6.66318225861,-7.35412216187,-7.67714214325,-7.62612533569,-9.80348396301],"min":[-27.9590244293,-27.9649066925,-27.8132457733,-27.8285064697,-27.6757164001,-27.3948612213],"var":[4.09499263763,4.12290620804,4.0402765274,3.88447403908,3.9172399044,3.50572991371]},"spectral_decrease":{"dmean":1.85058646185e-9,"dmean2":2.720084602e-9,"dvar":4.86267180717e-18,"dvar2":1.01515467706e-17,"max":1.14425871613e-19,"mean":-6.19511641986e-9,"median":-5.49996670429e-9,"min":-2.43660451815e-8,"var":1.78063183454e-17},"spectral_energy":{"dmean":0.00752425985411,"dmean2":0.0108795417473,"dvar":0.0000807633550721,"dvar2":0.000163328149938,"max":0.0992279648781,"mean":0.0253283269703,"median":0.0223028678447,"min":9.90207409971e-21,"var":0.000300647254335},"spectral_energyband_high":{"dmean":0.000572069839109,"dmean2":0.000746089208405,"dvar":7.88383090367e-7,"dvar2":0.00000138235066061,"max":0.0143920453265,"mean":0.000934822834097,"median":0.000417065341026,"min":6.97192087347e-21,"var":0.00000160090371537},"spectral_energyband_low":{"dmean":0.00375739927404,"dmean2":0.00612948322669,"dvar":0.0000240795252466,"dvar2":0.000063133709773,"max":0.0540570169687,"mean":0.00757369259372,"median":0.0059258164838,"min":2.23338039637e-23,"var":0.0000441941483587},"spectral_energyband_middle_high":{"dmean":0.00228402484208,"dmean2":0.00305590522476,"dvar":0.0000167065900314,"dvar2":0.0000302363132505,"max":0.0831145122647,"mean":0.00609768601134,"median":0.00344984512776,"min":1.01236496537e-21,"var":0.0000583649489272},"spectral_energyband_middle_low":{"dmean":0.00460482342169,"dmean2":0.00692761782557,"dvar":0.0000365793057426,"dvar2":0.0000793304643594,"max":0.0905842483044,"mean":0.0123973563313,"median":0.00908672809601,"min":2.17438338254e-22,"var":0.000134479196277},"spectral_entropy":{"dmean":0.180780425668,"dmean2":0.23853687942,"dvar":0.0341091230512,"dvar2":0.059465046972,"max":9.82337093353,"mean":7.66670799255,"median":7.63033294678,"min":6.29641008377,"var":0.179068520665},"spectral_flux":{"dmean":0.0238929912448,"dmean2":0.0355808585882,"dvar":0.00059903669171,"dvar2":0.00131255912129,"max":0.28781953454,"mean":0.0792423784733,"median":0.0726563185453,"min":6.34615138217e-11,"var":0.00189096387476},"spectral_kurtosis":{"dmean":1.20419609547,"dmean2":1.86467802525,"dvar":1.55908238888,"dvar2":3.72054553032,"max":20.108745575,"mean":3.35699701309,"median":3.09393262863,"min":-1.2619035244,"var":4.55319738388},"spectral_rms":{"dmean":0.00073223275831,"dmean2":0.00104426534381,"dvar":6.34201796856e-7,"dvar2":0.0000012312027593,"max":0.00983909424394,"mean":0.00462282542139,"median":0.00466464320198,"min":3.10814416739e-12,"var":0.00000334007927449},"spectral_rolloff":{"dmean":531.164611816,"dmean2":881.289489746,"dvar":871082.6875,"dvar2":2042205.75,"max":19875.1464844,"mean":1598.12121582,"median":1162.79296875,"min":21.533203125,"var":4294683.5},"spectral_skewness":{"dmean":0.196761220694,"dmean2":0.291583627462,"dvar":0.0404917933047,"dvar2":0.0820561572909,"max":2.79424738884,"mean":1.46970260143,"median":1.47428822517,"min":-0.0832022204995,"var":0.156977683306},"spectral_spread":{"dmean":726973.375,"dmean2":985934.4375,"dvar":880292921344,"dvar2":1664895156220,"max":42528996,"mean":5584924.5,"median":5079046,"min":2107824.75,"var":10629533401100},"spectral_strongpeak":{"dmean":0.606739282608,"dmean2":0.988131046295,"dvar":1.08490669727,"dvar2":2.45052790642,"max":16.9032459259,"mean":1.17936241627,"median":0.488099128008,"min":0,"var":2.61109757423},"zerocrossingrate":{"dmean":0.0124520054087,"dmean2":0.0138282580301,"dvar":0.000177259295015,"dvar2":0.000217240405618,"max":0.521484375,"mean":0.0664731189609,"median":0.05712890625,"min":0,"var":0.00249779876322}},"metadata":{"audio_properties":{"analysis_sample_rate":44100,"bit_rate":256043,"codec":"mp3","downmix":"mix","equal_loudness":0,"length":156.473464966,"lossless":false,"md5_encoded":"4c481661026f43af6ecab5b63859754f","replay_gain":-11.6517486572,"sample_rate":44100},"tags":{"album":["The Monkees Present: Micky, David & Michael"],"albumartist":["The Monkees"],"artist":["The Monkees"],"asin":["B0000033E9"],"barcode":["745099766023"],"bpm":["117"],"composer":["5Poor British Invasion Driving"],"contentgroup":["Driving"],"date":["1969"],"discnumber":["1/1"],"file_name":"C:\\Users\\KMC\\Music\\iTunes\\iTunes Media\\Music\\The Monkees\\The Monkees Present_ Micky, David & Mich\\11 Oklahoma Backroom Dancer.mp3","genre":["60's Oldies"],"initialkey":["F#m"],"language":["eng"],"musicbrainz_recordingid":["1fb045d8-114c-45b8-861f-99a4da0670a9"],"musicip_puid":["1131a381-bef7-73ba-3f40-b0b83821e571"],"title":["Oklahoma Backroom Dancer"],"tracknumber":["11/17"]},"version":{"essentia":"2.1-beta2","essentia_build_sha":"2d9f1f26377add8aeb1075a9c2973f962c4f09fd","essentia_git_sha":"v2.1_beta2-1-ge3940c0","extractor":"music 1.0"}},"rhythm":{"beats_count":304,"beats_loudness":{"dmean":0.0167121738195,"dmean2":0.0298222322017,"dvar":0.00017574330559,"dvar2":0.000526615709532,"max":0.0856901854277,"mean":0.0367472283542,"median":0.0368371680379,"min":0,"var":0.000307087175315},"beats_loudness_band_ratio":{"dmean":[0.201148301363,0.115073166788,0.144509851933,0.125352412462,0.0631966516376,0.0673078671098],"dmean2":[0.345589250326,0.20731548965,0.26433172822,0.226628914475,0.110502481461,0.12147565186],"dvar":[0.0237308293581,0.0109928902239,0.0257600173354,0.0220526810735,0.0042558060959,0.00447030598298],"dvar2":[0.0658463537693,0.0318295396864,0.0715995803475,0.0576252005994,0.0116372378543,0.0130659788847],"max":[0.993756055832,0.555382609367,0.802764117718,0.781519412994,0.692694365978,0.450805127621],"m