{"lowlevel":{"average_loudness":0.924522459507,"barkbands":{"dmean":[0.0000957628872129,0.00882696174085,0.00856925081462,0.00721392408013,0.00473798299208,0.000957241049036,0.000712262932211,0.00031952621066,0.000431780557847,0.000214917105041,0.000104892511445,0.000071261987614,0.0000689381558914,0.000292449520202,0.000109538472316,0.0000966133229667,0.0000904013650143,0.000040726896259,0.0000313296768581,0.0000331336559611,0.000019825043637,0.0000132050026878,0.00001687367876,0.0000243643389695,0.0000186917986866,0.00000728614168111,0.00000130398484544],"dmean2":[0.000129408654175,0.0116476956755,0.015125490725,0.0122786080465,0.00769371120259,0.00158546259627,0.00120079156477,0.000526227348018,0.000670754525345,0.000354256684659,0.000170504121343,0.000117270836199,0.00011251707474,0.00045213472913,0.000169054750586,0.000146686230437,0.000137369788717,0.0000626240798738,0.0000486512653879,0.0000485886157549,0.0000303679626086,0.0000200739068532,0.0000260376982624,0.0000359708319593,0.0000263726487901,0.0000107863315861,0.0000022106535198],"dvar":[3.71050781212e-8,0.000256349274423,0.000336680939654,0.000161562027643,0.0000852523444337,0.00000641460292172,0.00000496281336382,7.12235532774e-7,7.55706764721e-7,3.45175152461e-7,5.2717176402e-8,5.06748278895e-8,3.86104375139e-8,6.35654316739e-7,6.29049594636e-8,7.58382512345e-8,4.11581169146e-8,1.07085122991e-8,4.75716399606e-9,9.6022070295e-9,3.37457817245e-9,1.51641199597e-9,2.51323939437e-9,5.00534991232e-9,2.50921794454e-9,5.34188637769e-10,3.35449723554e-11],"dvar2":[7.15132202345e-8,0.000489920785185,0.000953856913839,0.000455977773527,0.000218050714466,0.0000177053225343,0.0000130224698296,0.00000184828286365,0.00000181376174169,9.37367929055e-7,1.28289883605e-7,1.36537778417e-7,1.05048172827e-7,0.0000014211323105,1.38480430678e-7,1.54497627136e-7,8.80401884729e-8,2.12712762959e-8,1.14046363464e-8,2.29128946927e-8,8.89940388049e-9,3.5660816522e-9,5.98420335507e-9,1.07831450435e-8,5.10938846787e-9,1.20046972363e-9,8.73191657869e-11],"max":[0.00175562105142,0.14460401237,0.193911537528,0.152635842562,0.130044594407,0.060297138989,0.0383668839931,0.0221103318036,0.0208166018128,0.0197788681835,0.00550371967256,0.00819648895413,0.00622445205227,0.0298852957785,0.00689442222938,0.0115110781044,0.00764201581478,0.00487121008337,0.00256691873074,0.0052944291383,0.00302239903249,0.00156278663781,0.00191816687584,0.0024045475293,0.00149334932212,0.000760355207603,0.00021330184245],"mean":[0.000105871295091,0.0115704862401,0.011501390487,0.0111981155351,0.00761281698942,0.00142550840974,0.000814343511593,0.000415794173023,0.000688468920998,0.000291665026452,0.000144857433042,0.000090545778221,0.0000925693530007,0.000409391184803,0.000165110526723,0.000145475278259,0.000151855449076,0.0000645662657917,0.0000592966680415,0.0000764961150708,0.0000366915664927,0.0000217816759687,0.0000245802184509,0.0000351625130861,0.000025952969736,0.00000775830994826,0.00000102940759916],"median":[0.00000546476348973,0.0023469873704,0.00705701112747,0.00637877127156,0.003362884745,0.000738946371712,0.00033414614154,0.000159962364705,0.000292689306661,0.000107312916953,0.0000402944642701,0.0000288551746053,0.0000279898631561,0.000100055163784,0.0000488615078211,0.0000375336312572,0.0000435949223174,0.0000194749500224,0.0000232268175751,0.0000205609885597,0.0000126966906464,0.00000525354789715,0.00000472544297736,0.00000546176261196,0.00000424133122578,7.0282658271e-7,2.9638462351e-8],"min":[1.44350960744e-26,2.96090736621e-24,8.12724982984e-25,5.46409978724e-25,8.98774472867e-24,8.97062171386e-24,8.33244980762e-24,5.32423839722e-24,1.36119779353e-23,1.29027620048e-23,9.94104526731e-24,2.10705441982e-23,3.65674390022e-23,2.55330183208e-23,5.02930097525e-23,4.26166610817e-23,5.43616103582e-23,9.18439576166e-23,1.24868565495e-22,1.56526500255e-22,2.74013725815e-22,3.1893169295e-22,3.8063215204e-22,5.27980135756e-22,9.07757112088e-22,1.27092686243e-21,1.90373457131e-21],"var":[5.37091757735e-8,0.000448705104645,0.000272342906101,0.000191495651961,0.000138345931191,0.00000633684339846,0.00000412139934269,0.00000109401560167,0.00000138954374052,4.15259648889e-7,1.1031554692e-7,5.03035053612e-8,5.0635623694e-8,0.00000109237805646,1.20083811339e-7,1.6058362462e-7,9.90478739027e-8,2.44993625387e-8,1.10669855502e-8,3.45106236921e-8,6.27933438579e-9,4.03339450727e-9,5.62907631618e-9,1.2050488607e-8,5.54703571964e-9,6.64812649376e-10,2.62609031743e-11]},"barkbands_crest":{"dmean":2.92964792252,"dmean2":4.70259666443,"dvar":6.9148440361,"dvar2":17.5511016846,"max":26.2514877319,"mean":12.8127450943,"median":12.3169174194,"min":3.05648732185,"var":15.5736312866},"barkbands_flatness_db":{"dmean":0.031529340893,"dmean2":0.0435693524778,"dvar":0.00099522084929,"dvar2":0.00190268631559,"max":0.519222080708,"mean":0.230789378285,"median":0.230211541057,"min":0.0332662127912,"var":0.00575491646305},"barkbands_kurtosis":{"dmean":9.891040802,"dmean2":15.0007190704,"dvar":252.296951294,"dvar2":596.171813965,"max":505.080993652,"mean":19.8690280914,"median":14.8313522339,"min":-1.86634254456,"var":480.45111084},"barkbands_skewness":{"dmean":0.868390262127,"dmean2":1.28177654743,"dvar":0.868232786655,"dvar2":1.93215382099,"max":21.9201812744,"mean":3.20788407326,"median":3.19966578484,"min":-2.17728257179,"var":2.88812446594},"barkbands_spread":{"dmean":3.51672387123,"dmean2":5.2765250206,"dvar":35.9640464783,"dvar2":70.7336578369,"max":123.311653137,"mean":9.78116893768,"median":5.96825456619,"min":0.340651363134,"var":150.200714111},"dissonance":{"dmean":0.0226608403027,"dmean2":0.0370158739388,"dvar":0.000496922933962,"dvar2":0.00127580226399,"max":0.500000059605,"mean":0.445550620556,"median":0.456869542599,"min":0.202026963234,"var":0.00168952893},"dynamic_complexity":4.01595306396,"erbbands":{"dmean":[0.269094139338,1.97333049774,7.18383359909,19.8148517609,21.1059703827,13.0278587341,6.03818178177,8.6959733963,8.50820350647,10.2185649872,7.18669176102,10.263384819,7.58506202698,5.68734121323,3.5031812191,2.90866780281,3.09479045868,9.51063156128,11.5756807327,3.27095484734,6.61948442459,3.91643881798,2.57118725777,1.4105219841,1.48243951797,1.56739628315,1.06471455097,0.608725547791,0.471226483583,0.480844855309,0.514396250248,0.453988105059,0.437065035105,0.242332845926,0.121146835387,0.0398479886353,0.0121472645551,0.00253825890832,0.000219413908781,0.0000312379088427],"dmean2":[0.344104200602,2.73919034004,12.5409936905,34.2772941589,34.0949668884,22.0018920898,10.1291389465,14.7324771881,14.4238739014,16.9491004944,11.5567026138,15.8739767075,12.3768033981,9.12727355957,5.6882443428,4.75381469727,5.03324270248,14.7272567749,17.8726959229,5.04660320282,9.91486263275,5.96093606949,3.89214777946,2.21961069107,2.23326349258,2.27708363533,1.58290028572,0.933962166309,0.713498711586,0.750451147556,0.800627410412,0.676015675068,0.647247314453,0.349544137716,0.173303216696,0.0567605495453,0.0186150167137,0.00409482652321,0.000375187868485,0.000048999027058],"dvar":[0.267139941454,12.4509916306,227.628234863,1519.4050293,1072.32214355,817.286376953,187.387359619,676.257141113,690.544616699,792.449829102,365.292572021,458.841644287,446.340301514,188.959060669,60.9458999634,83.3450164795,77.4788742065,634.709960938,867.040649414,43.9460601807,345.370239258,77.1930618286,39.161075592,10.7532510757,8.93894863129,25.3296337128,10.1388654709,2.91399669647,1.85433804989,2.40236067772,2.34005784988,1.6384062767,1.74405682087,0.429677814245,0.111711896956,0.0140686258674,0.0018367433222,0.000095746392617,0.00000100816077975,3.7271736808e-9],"dvar2":[0.484451442957,24.5702857971,638.226318359,4341.66113281,2754.82299805,2249.08081055,520.04296875,1886.55151367,1824.97900391,2098.93994141,915.297546387,1118.75732422,1143.13635254,472.006439209,154.881713867,221.99041748,215.801208496,1466.95593262,2009.71655273,100.95967865,703.324707031,176.341567993,75.8537216187,25.5347194672,21.5740242004,62.4927825928,26.4615268707,7.24048995972,4.4325003624,5.93899965286,5.57942771912,3.5387198925,3.86131882668,0.923725485802,0.22756908834,0.0292008705437,0.00439486373216,0.000240479901549,0.00000267238033302,9.14149644871e-9],"max":[4.0003118515,32.4884986877,156.639846802,465.396270752,490.161346436,445.690216064,342.623168945,671.10736084,415.370361328,660.005187988,491.479736328,638.539550781,883.807006836,312.374511719,196.096862793,279.670715332,290.853912354,1082.77185059,822.605957031,131.198898315,786.045471191,417.062713623,288.574493408,137.724197388,97.7403488159,280.872955322,170.746368408,73.4198684692,61.8038482666,61.2004127502,52.9780006409,46.2218894958,50.6894836426,23.4322223663,9.96389389038,3.58047580719,1.7050369978,0.284397721291,0.0351457707584,0.0017660704907],"mean":[0.32739597559,2.75607395172,10.3729248047,29.7980270386,37.1309776306,19.2127304077,9.4770526886,11.674407959,9.7370891571,12.2768163681,10.6388587952,16.4876174927,10.8824539185,8.6010389328,5.18937730789,3.90472149849,4.50327444077,13.9917840958,17.9012565613,5.63256311417,10.5508642197,7.2146320343,4.60830259323,2.59859061241,3.12965226173,3.71237945557,2.22475600243,1.11499929428,0.777846097946,0.722891032696,0.738834142685,0.660652041435,0.61209744215,0.336649030447,0.162244647741,0.0481917709112,0.0117674954236,0.00225115008652,0.000185869736015,0.0000594227058173],"median":[0.0277507845312,0.795789420605,7.032330513,19.5155715942,24.394071579,9.26110172272,5.72460842133,5.37010097504,3.78766918182,4.87500476837,4.5076546669,6.80686712265,4.89894866943,3.13455367088,2.08528208733,1.43491315842,1.6662914753,4.49240159988,5.10508966446,2.24345397949,2.96318507195,2.56257581711,1.47227072716,0.973889946938,1.35139036179,0.96111536026,0.708947360516,0.389637619257,0.201095208526,0.147097110748,0.137753754854,0.114593505859,0.0869650170207,0.0565638020635,0.0242916718125,0.00592566467822,0.000755477754865,0.0000899312944966,0.000027173982744,0.00004328858995],"min":[1.05350821414e-22,3.4799269761e-22,1.99203428417e-21,3.87403092865e-21,1.18085073074e-20,1.97404617546e-20,1.9913822332e-20,7.8187735212e-20,1.31119578371e-19,2.17364272469e-19,2.83682857695e-19,3.48614726323e-19,4.83039718422e-19,3.98880243251e-19,7.68716158942e-19,1.15019091944e-18,1.72259835237e-18,1.78881240264e-18,1.98523553808e-18,2.4584324793e-18,3.78629683123e-18,3.80790196165e-18,4.99560469469e-18,5.36993618192e-18,7.36075932503e-18,7.28654468047e-18,8.31087138432e-18,8.98126735639e-18,1.12377168058e-17,1.1748015279e-17,1.22463874622e-17,1.08336498299e-17,9.0928507123e-18,8.77626139492e-18,5.76294085788e-18,4.24464753481e-18,2.26080352132e-18,8.4682491133e-19,2.32929691947e-19,2.70733500302e-20],"var":[0.453105449677,21.4828166962,192.827941895,1375.78625488,1918.2902832,962.458496094,200.927536011,564.882995605,577.846618652,711.58807373,654.717224121,857.298034668,529.584960938,375.945404053,96.7157516479,87.8314819336,101.912826538,1016.07434082,1679.68713379,88.4364852905,739.672729492,178.814056396,108.740188599,22.776971817,27.5519390106,87.6158752441,23.1440734863,6.56780004501,4.39773130417,6.05094146729,4.71797323227,3.92843747139,4.10049819946,0.949326574802,0.218382284045,0.0211891531944,0.00187419552822,0.0000882132007973,7.55408677833e-7,4.37479563686e-9]},"erbbands_crest":{"dmean":2.61592674255,"dmean2":4.24350595474,"dvar":6.05714893341,"dvar2":15.386220932,"max":29.5303134918,"mean":9.81613540649,"median":9.02309799194,"min":1.96149682999,"var":17.7598953247},"erbbands_flatness_db":{"dmean":0.0235631652176,"dmean2":0.0317991562188,"dvar":0.000544036796782,"dvar2":0.0010169739835,"max":0.399501681328,"mean":0.176084712148,"median":0.173609748483,"min":0.0189518518746,"var":0.00302149169147},"erbbands_kurtosis":{"dmean":1.88562083244,"dmean2":2.87280654907,"dvar":19.0072555542,"dvar2":37.5548439026,"max":127.463897705,"mean":2.11277937889,"median":0.0158858299255,"min":-1.87844741344,"var":52.9865150452},"erbbands_skewness":{"dmean":0.486488133669,"dmean2":0.733592987061,"dvar":0.270043164492,"dvar2":0.566968202591,"max":9.2814912796,"mean":0.92814540863,"median":0.803105354309,"min":-3.27294254303,"var":1.2967247963},"erbbands_spread":{"dmean":8.90042495728,"dmean2":13.3814544678,"dvar":99.4165496826,"dvar2":220.243896484,"max":151.129974365,"mean":41.1142539978,"median":40.5216026306,"min":1.15121865273,"var":422.420806885},"gfcc":{"cov":[[29140.3105469,2684.90820312,-2431.61962891,1074.53491211,-874.50177002,544.916503906,-981.039672852,186.994674683,-433.912963867,-159.271270752,-395.133758545,-473.470458984,-88.5078201294],[2684.90820312,1865.49047852,-212.781341553,-9.04512405396,287.72467041,-219.797866821,104.994895935,-130.843261719,102.849853516,-163.367294312,23.5215053558,-149.679214478,112.206375122],[-2431.61962891,-212.781341553,1378.40844727,49.7982368469,27.7918968201,186.455032349,86.5030670166,66.220993042,17.3635845184,33.8781356812,70.5589141846,58.3886413574,-12.7452936172],[1074.53491211,-9.04512405396,49.7982368469,338.751800537,7.02081012726,87.319480896,1.24485599995,32.0054855347,-25.441192627,14.7940826416,20.8820934296,-49.2011222839,22.8204078674],[-874.50177002,287.72467041,27.7918968201,7.02081012726,504.9503479,-37.9419212341,-21.3028278351,8.61990642548,173.021133423,-47.5453910828,12.8627748489,40.7431335449,37.69298172],[544.916503906,-219.797866821,186.455032349,87.319480896,-37.9419212341,259.412445068,-14.1290769577,90.7387466431,-4.87804508209,31.4411010742,11.4427289963,16.9058837891,-15.1207389832],[-981.039672852,104.994895935,86.5030670166,1.24485599995,-21.3028278351,-14.1290769577,361.575286865,-35.9178161621,-43.4629249573,59.3432617188,68.4934005737,-30.8155193329,40.8873023987],[186.994674683,-130.843261719,66.220993042,32.0054855347,8.61990642548,90.7387466431,-35.9178161621,144.972442627,48.6378440857,21.0877876282,10.9494972229,37.3550415039,-3.10281729698],[-433.912963867,102.849853516,17.3635845184,-25.441192627,173.021133423,-4.87804508209,-43.4629249573,48.6378440857,169.560211182,0.637501299381,4.28343629837,36.8777999878,20.9354667664],[-159.271270752,-163.367294312,33.8781356812,14.7940826416,-47.5453910828,31.4411010742,59.3432617188,21.0877876282,0.637501299381,122.903091431,34.9485168457,10.8156118393,3.68485403061],[-395.133758545,23.5215053558,70.5589141846,20.8820934296,12.8627748489,11.4427289963,68.4934005737,10.9494972229,4.28343629837,34.9485168457,99.3709487915,26.7655162811,21.4455966949],[-473.470458984,-149.679214478,58.3886413574,-49.2011222839,40.7431335449,16.9058837891,-30.8155193329,37.3550415039,36.8777999878,10.8156118393,26.7655162811,109.190437317,10.9626779556],[-88.5078201294,112.206375122,-12.7452936172,22.8204078674,37.69298172,-15.1207389832,40.8873023987,-3.10281729698,20.9354667664,3.68485403061,21.4455966949,10.9626779556,76.7941894531]],"icov":[[0.00017321985797,-0.000540367793292,0.000295102479868,-0.000518915476277,0.000326937937643,-0.000576759921387,0.000468310288852,-0.00028542173095,0.000562427565455,-0.000578237173613,0.000679535791278,-0.000525261915755,0.00041709485231],[-0.000540367793292,0.00271119410172,-0.000877610233147,0.00184696190991,-0.0012900979491,0.00211244495586,-0.00156558281742,0.00113349535968,-0.00239893444814,0.00309677026235,-0.00307050556876,0.00350552820601,-0.00248774699867],[0.000295102479868,-0.000877610233147,0.00136533123441,-0.000931328861043,0.000512164959218,-0.00157812307589,0.000521235517226,-0.000378834723961,0.000802629627287,-0.000772938365117,0.000744956661947,-0.00122639676556,0.00105614378117],[-0.000518915476277,0.00184696190991,-0.000931328861043,0.00577886635438,-0.00172838952858,0.000556896033231,-0.000627928879112,-0.000102819103631,-0.000403539743274,0.00153117522132,-0.00355151807889,0.00501375552267,-0.00356777803972],[0.000326937937643,-0.0012900979491,0.000512164959218,-0.00172838952858,0.00424156105146,-0.00099813088309,0.000489097496029,0.00047595781507,-0.00270801992156,0.000192415376659,0.00123985647224,-0.00237146322615,0.00106213975232],[-0.000576759921387,0.00211244495586,-0.00157812307589,0.000556896033231,-0.00099813088309,0.00807953439653,-0.00154041056521,-0.00226260721684,-0.00125846348237,0.0015750892926,-0.00210082507692,0.00181212322786,-0.000773700186983],[0.000468310288852,-0.00156558281742,0.000521235517226,-0.000627928879112,0.000489097496029,-0.00154041056521,0.00546980649233,-0.000484385644086,0.00300759053789,-0.00341827538796,-0.00049331295304,0.0006307180156,-0.00098302133847],[-0.00028542173095,0.00113349535968,-0.000378834723961,-0.000102819103631,0.00047595781507,-0.00226260721684,-0.000484385644086,0.0118598444387,-0.00510849012062,0.000816397019662,-0.00155164347962,-0.00152868765872,0.0000455360095657],[0.000562427565455,-0.00239893444814,0.000802629627287,-0.000403539743274,-0.00270801992156,-0.00125846348237,0.00300759053789,-0.00510849012062,0.0141993882135,-0.00465324660763,0.00316186132841,-0.00272239372134,-0.000461915391497],[-0.000578237173613,0.00309677026235,-0.000772938365117,0.00153117522132,0.000192415376659,0.0015750892926,-0.00341827538796,0.000816397019662,-0.00465324660763,0.0142205730081,-0.00597185175866,0.00309837609529,-0.00189425365534],[0.000679535791278,-0.00307050556876,0.000744956661947,-0.00355151807889,0.00123985647224,-0.00210082507692,-0.00049331295304,-0.00155164347962,0.00316186132841,-0.00597185175866,0.0181939974427,-0.00805555190891,0.00112003018148],[-0.000525261915755,0.00350552820601,-0.00122639676556,0.00501375552267,-0.00237146322615,0.00181212322786,0.0006307180156,-0.00152868765872,-0.00272239372134,0.00309837609529,-0.00805555190891,0.0191143527627,-0.00618319446221],[0.00041709485231,-0.00248774699867,0.00105614378117,-0.00356777803972,0.00106213975232,-0.000773700186983,-0.00098302133847,0.0000455360095657,-0.000461915391497,-0.00189425365534,0.00112003018148,-0.00618319446221,0.0190112255514]],"mean":[-83.0846252441,127.572471619,-80.8037643433,36.6464920044,-44.4970817566,9.69636535645,-37.3964805603,4.12181329727,-23.2349567413,-6.18098926544,-21.1325340271,-17.9725227356,-8.37456989288]},"hfc":{"dmean":4.62856340408,"dmean2":7.23486375809,"dvar":56.1987419128,"dvar2":141.278549194,"max":104.639572144,"mean":11.2568302155,"median":9.28912258148,"min":1.05540728744e-16,"var":101.617080688},"melbands":{"dmean":[0.00250403070822,0.00302756996825,0.00329549307935,0.00128002476413,0.000239929271629,0.000186983816093,0.000140840580571,0.000102129451989,0.0000607306901657,0.0000634848765912,0.000037733821955,0.0000238591201196,0.0000132770710479,0.00000863594323164,0.00000691877130521,0.00000738102926334,0.0000213926523429,0.0000240013996518,0.000005568528195,0.00000432900151282,0.00000898619418876,0.00000461960553366,0.00000431983016824,0.00000130567627821,0.00000124092821352,0.00000121906066397,0.00000108649965114,0.00000114080739877,8.40103894006e-7,4.37765891093e-7,3.47388805721e-7,2.77226035905e-7,2.6891905236e-7,2.7248060519e-7,2.97834503726e-7,2.95844984066e-7,2.86392321414e-7,3.29314048031e-7,2.59446011341e-7,1.91124257753e-7],"dmean2":[0.00326177757233,0.00497704092413,0.00562248472124,0.00208131130785,0.000410906941397,0.000313942844514,0.000239202461671,0.000169341801666,0.0000970236797002,0.0000984001235338,0.0000616413453827,0.0000383663791581,0.000021567386284,0.0000140948577609,0.0000113993610285,0.0000117950494314,0.0000332114032062,0.0000371368769265,0.00000858523071656,0.00000673307658872,0.0000134337460622,0.00000706887885826,0.00000660938030705,0.00000200738440981,0.0000019786964458,0.00000189640195458,0.000001625503387,0.00000167206712831,0.0000012556049569,6.82034112742e-7,5.37923824595e-7,4.28335795277e-7,4.17463127178e-7,4.27498122235e-7,4.69951174864e-7,4.53994630334e-7,4.28380786843e-7,4.93334823659e-7,3.86110599493e-7,2.79101016076e-7],"dvar":[0.0000218724762817,0.0000350816953869,0.0000352667848347,0.00000562444893148,3.20366126516e-7,2.8825957088e-7,2.03071166993e-7,7.45212389575e-8,2.30296581805e-8,1.70629697038e-8,1.11404281355e-8,3.34100236365e-9,8.13489942075e-10,6.35437202856e-10,4.6871656556e-10,4.09301481596e-10,3.46835182796e-9,4.30030722143e-9,1.30703059487e-10,9.70281979762e-11,5.85154535937e-10,1.3359854889e-10,1.17990645032e-10,1.15984661112e-11,8.84505749893e-12,8.16373097595e-12,5.76094770846e-12,1.63670795666e-11,5.25607465537e-12,2.0488552261e-12,1.14021845351e-12,6.95325795639e-13,7.97873052349e-13,8.0897766784e-13,8.5036974207e-13,7.39721923038e-13,6.65494623384e-13,1.13491713857e-12,5.23530546172e-13,2.82297189097e-13],"dvar2":[0.0000408861378673,0.000090332228865,0.000100056182418,0.0000145622043419,9.06907757781e-7,8.0232905475e-7,5.36337722679e-7,1.97771200305e-7,5.75798715374e-8,4.13143510514e-8,2.84780323767e-8,8.34839397612e-9,1.99443039861e-9,1.70981229175e-9,1.25433041731e-9,1.07717124109e-9,7.8781523527e-9,9.91692683527e-9,2.84489098945e-10,2.14657500108e-10,1.17784237919e-9,3.09793912745e-10,2.25553228872e-10,2.38548261006e-11,2.1379171003e-11,2.06208782688e-11,1.25321550012e-11,4.13069578542e-11,1.29539842394e-11,5.65378776782e-12,2.73005663215e-12,1.69939713343e-12,1.96571448355e-12,2.08353408311e-12,2.0956361646e-12,1.69514933774e-12,1.43076880638e-12,2.47682365069e-12,1.15770077986e-12,6.14809527073e-13],"max":[0.0395530313253,0.0626448243856,0.0645217001438,0.0342578738928,0.0127408988774,0.0139465862885,0.007273809053,0.00642987992615,0.00371116236784,0.003581214929,0.00435789208859,0.00132716132794,0.000663062441163,0.000981033896096,0.00053187715821,0.000624390027951,0.00257261493243,0.0018135268474,0.000340515631251,0.000311844458338,0.00105640094262,0.000622911087703,0.000425599253504,0.000213417501072,0.000121417055198,0.0000863761088112,0.0000723681732779,0.000228706499911,0.0000960691249929,0.0000828245174489,0.0000588343100389,0.0000417769260821,0.0000465249504487,0.0000381082572858,0.0000254069673247,0.0000292748754873,0.0000305712201225,0.0000509016390424,0.0000285907426587,0.000015948597138],"mean":[0.00315398327075,0.00488525303081,0.00546376686543,0.00215912889689,0.000360295030987,0.000262687244685,0.000156638736371,0.000123229780002,0.0000915814234759,0.000100553763332,0.0000518401284353,0.0000350242808054,0.0000192570878426,0.0000112569341582,0.00000881252799445,0.0000102439180409,0.0000299173807434,0.0000353189971065,0.00000876225203683,0.00000671457019052,0.0000138738323585,0.00000755230712457,0.00000700732016412,0.00000213510634239,0.00000205149103749,0.0000022719914341,0.00000232523871091,0.00000252916106547,0.00000168749545537,7.31097657081e-7,6.08109132827e-7,4.43011913376e-7,3.9471240143e-7,3.88670230222e-7,4.20759477038e-7,3.95053177726e-7,4.17573602363e-7,4.51540216773e-7,3.58908920362e-7,2.57114010083e-7],"median":[0.000462563708425,0.00320074683987,0.00396503461525,0.00118464697152,0.000223126451601,0.000127320745378,0.0000600286621193,0.0000503002047481,0.000036505771277,0.00004196507507,0.0000207776956813,0.0000116813625937,0.00000627659983365,0.00000381915242542,0.00000273946329798,0.00000327409088641,0.00000819500291982,0.0000087046655608,0.00000310342511511,0.00000209965764952,0.00000348706930708,0.000002337197202,0.00000184574878404,7.01478995779e-7,6.54088466945e-7,9.0374408046e-7,8.09317100448e-7,5.3154252555e-7,4.73475722629e-7,2.62219430169e-7,1.9092502157e-7,1.12588523393e-7,7.99409676233e-8,7.5089488405e-8,7.8007907689e-8,6.5636172053e-8,7.26546787178e-8,6.15277429006e-8,5.93592446307e-8,4.10450269328e-8],"min":[1.16912164104e-24,1.54480806829e-24,4.67743733875e-25,1.53550296087e-24,7.49781376926e-25,1.50516356767e-24,2.248397547e-24,2.19889258089e-24,1.96289991071e-24,2.07233661194e-24,2.23032375758e-24,1.30931514149e-24,1.65908117712e-24,1.90472378553e-24,3.11368270507e-24,3.8861642941e-24,2.34168744879e-24,2.71058503769e-24,4.61961915921e-24,3.33050960512e-24,2.48000631991e-24,3.29693903766e-24,2.89854554507e-24,3.89268067961e-24,3.16512077482e-24,4.54873172384e-24,3.22635117221e-24,4.34850975419e-24,3.61133146561e-24,3.67390785691e-24,4.12321660169e-24,5.10616647745e-24,6.22572891819e-24,4.85985175954e-24,5.98074895293e-24,5.3770924723e-24,6.18110897324e-24,5.93992185121e-24,5.97107002406e-24,5.94140451529e-24],"var":[0.0000377077521989,0.0000394050548493,0.0000358180768671,0.00000899312726688,2.95967680586e-7,2.53994983268e-7,1.65292817655e-7,6.88810359861e-8,4.2238823994e-8,3.10888239596e-8,1.33323467821e-8,6.57471277421e-9,1.62257340897e-9,6.32169649961e-10,5.58822599306e-10,5.75828607019e-10,5.50439516189e-9,7.96224153277e-9,2.81459022755e-10,1.92668603294e-10,1.25680099661e-9,2.45730408244e-10,3.40340283733e-10,2.57440787438e-11,1.67291840103e-11,1.75130535074e-11,2.40964158349e-11,4.95561820746e-11,1.52669300812e-11,2.39440368574e-12,3.01339855846e-12,1.50949294297e-12,1.68490828928e-12,1.77445005304e-12,1.45576942428e-12,1.57058925327e-12,1.66230636027e-12,2.69071332056e-12,1.11814041099e-12,5.74078816169e-13]},"melbands_crest":{"dmean":3.37889027596,"dmean2":5.4051990509,"dvar":8.91442871094,"dvar2":22.9893360138,"max":39.5369567871,"mean":17.9020862579,"median":17.6875171661,"min":1.5700647831,"var":24.2657299042},"melbands_flatness_db":{"dmean":0.0361931808293,"dmean2":0.0493277944624,"dvar":0.00139167206362,"dvar2":0.00254542892799,"max":0.661709547043,"mean":0.323366671801,"median":0.323871314526,"min":0.00287826638669,"var":0.00955459475517},"melbands_kurtosis":{"dmean":19.2976570129,"dmean2":29.1551532745,"dvar":1277.04138184,"dvar2":3130.31152344,"max":1910.96313477,"mean":42.2191390991,"median":32.8025512695,"min":-1.50992417336,"var":2107.98828125},"melbands_skewness":{"dmean":1.08135020733,"dmean2":1.61551749706,"dvar":1.39812719822,"dvar2":3.14432096481,"max":41.0486907959,"mean":4.51536273956,"median":4.4591293335,"min":-1.05592930317,"var":4.39523649216},"melbands_spread":{"dmean":3.28082156181,"dmean2":4.98317956924,"dvar":39.2620811462,"dvar2":81.6161880493,"max":170.246444702,"mean":9.36382865906,"median":4.58286476135,"min":0.296239078045,"var":306.655426025},"mfcc":{"cov":[[13634.0947266,1252.48071289,-644.06439209,243.109527588,382.623535156,62.6989135742,-121.998672485,-9.36342048645,52.5616493225,110.254325867,-83.1115951538,-96.592124939,-265.252441406],[1252.48071289,2098.0168457,-89.0146408081,272.069824219,201.005584717,19.7672939301,-13.7803373337,34.7513160706,95.3915939331,11.734541893,-39.6541404724,-32.8763542175,-61.1996803284],[-644.06439209,-89.0146408081,1168.63134766,-0.141545340419,3.26918721199,87.469833374,168.367080688,39.6101036072,-10.9258069992,44.1965332031,7.83250331879,35.2698059082,75.8133850098],[243.109527588,272.069824219,-0.141545340419,297.924957275,42.8882408142,51.1284217834,66.4563751221,-20.8133983612,23.8798503876,34.2069473267,-21.5957794189,0.574355185032,8.00304985046],[382.623535156,201.005584717,3.26918721199,42.8882408142,523.11529541,-3.43126726151,-143.403488159,118.689712524,52.3847618103,-3.70253968239,52.5775680542,-8.1939496994,-54.7949371338],[62.6989135742,19.7672939301,87.469833374,51.1284217834,-3.43126726151,146.555038452,86.1345901489,0.681126713753,26.7673835754,21.8152141571,9.8305606842,19.4220123291,10.3461923599],[-121.998672485,-13.7803373337,168.367080688,66.4563751221,-143.403488159,86.1345901489,228.635528564,-2.64123654366,-6.24549102783,38.8205947876,-6.5566277504,28.4851398468,53.8721237183],[-9.36342048645,34.7513160706,39.6101036072,-20.8133983612,118.689712524,0.681126713753,-2.64123654366,129.769851685,34.9239578247,-9.83492469788,35.8194618225,10.2607574463,-7.3802614212],[52.5616493225,95.3915939331,-10.9258069992,23.8798503876,52.3847618103,26.7673835754,-6.24549102783,34.9239578247,101.009101868,34.3356361389,6.7904920578,13.8603534698,2.46158766747],[110.254325867,11.734541893,44.1965332031,34.2069473267,-3.70253968239,21.8152141571,38.8205947876,-9.83492469788,34.3356361389,88.6473770142,25.1535720825,7.21818590164,11.3183670044],[-83.1115951538,-39.6541404724,7.83250331879,-21.5957794189,52.5775680542,9.8305606842,-6.5566277504,35.8194618225,6.7904920578,25.1535720825,87.0287246704,29.0434818268,-5.62976169586],[-96.592124939,-32.8763542175,35.2698059082,0.574355185032,-8.1939496994,19.4220123291,28.4851398468,10.2607574463,13.8603534698,7.21818590164,29.0434818268,72.4351959229,37.0681037903],[-265.252441406,-61.1996803284,75.8133850098,8.00304985046,-54.7949371338,10.3461923599,53.8721237183,-7.3802614212,2.46158766747,11.3183670044,-5.62976169586,37.0681037903,88.2844924927]],"icov":[[0.0000887681089807,-0.0000405468781537,0.0000490030470246,0.0000103730362753,-0.0000507136064698,-0.0000817514373921,0.0000221904265345,-0.0000629570931778,0.000163150238222,-0.000295334699331,0.000275350466836,-0.000159312767209,0.000272640842013],[-0.0000405468781537,0.00061010743957,-0.000013637891243,-0.000504780327901,-0.000122928482597,0.000216030923184,-0.000139873023727,0.0000437526650785,-0.000602643471211,0.00035232474329,0.0000544786998944,0.000133114808705,0.000265191018116],[0.0000490030470246,-0.000013637891243,0.00107886060141,0.000283648114419,-0.000321944477037,-0.000392089015804,-0.000632715120446,-0.000382420461392,0.000638701196294,-0.000719866598956,0.000535316939931,-0.000131350578158,-0.000450378254754],[0.0000103730362753,-0.000504780327901,0.000283648114419,0.00486726686358,-0.00122072908562,-0.000585973146372,-0.00188588397577,0.00146737787873,-0.000132969129481,-0.00121861090884,0.00146032264456,-0.000245658680797,-0.0000628856942058],[-0.0000507136064698,-0.000122928482597,-0.000321944477037,-0.00122072908562,0.00388882588595,-0.00120704213623,0.00343979429454,-0.00350011931732,0.000398428936023,-0.000721768126823,-0.000716517388355,0.0000689949083608,0.000319815444527],[-0.0000817514373921,0.000216030923184,-0.000392089015804,-0.000585973146372,-0.00120704213623,0.0109146432951,-0.0053863520734,0.00312097813003,-0.00448221946135,0.00272863800637,-0.00246407859959,-0.000460008945083,0.00162456172984],[0.0000221904265345,-0.000139873023727,-0.000632715120446,-0.00188588397577,0.00343979429454,-0.0053863520734,0.0114002078772,-0.00531270494685,0.00455142371356,-0.00513684703037,0.00267472513951,-0.00175420404412,-0.00251169758849],[-0.0000629570931778,0.0000437526650785,-0.000382420461392,0.00146737787873,-0.00350011931732,0.00312097813003,-0.00531270494685,0.0154549125582,-0.00749634159729,0.00755434250459,-0.00704148970544,0.0023704150226,-0.000171519001015],[0.000163150238222,-0.000602643471211,0.000638701196294,-0.000132969129481,0.000398428936023,-0.00448221946135,0.00455142371356,-0.00749634159729,0.0182438753545,-0.0107632102445,0.00696246977895,-0.00528061017394,0.000436936999904],[-0.000295334699331,0.00035232474329,-0.000719866598956,-0.00121861090884,-0.000721768126823,0.00272863800637,-0.00513684703037,0.00755434250459,-0.0107632102445,0.0221028011292,-0.0115068284795,0.00614869594574,-0.00276511255652],[0.000275350466836,0.0000544786998944,0.000535316939931,0.00146032264456,-0.000716517388355,-0.00246407859959,0.00267472513951,-0.00704148970544,0.00696246977895,-0.0115068284795,0.0228828880936,-0.011515846476,0.00547170825303],[-0.000159312767209,0.000133114808705,-0.000131350578158,-0.000245658680797,0.0000689949083608,-0.000460008945083,-0.00175420404412,0.0023704150226,-0.00528061017394,0.00614869594574,-0.011515846476,0.0246497672051,-0.0106111112982],[0.000272640842013,0.000265191018116,-0.000450378254754,-0.0000628856942058,0.000319815444527,0.00162456172984,-0.00251169758849,-0.000171519001015,0.000436936999904,-0.00276511255652,0.00547170825303,-0.0106111112982,0.0193954370916]],"mean":[-725.34954834,154.108001709,25.1482810974,32.8204307556,16.8680667877,6.01490259171,3.1461827755,-1.42903614044,4.74732637405,6.97384119034,-5.75006103516,-5.38682794571,-9.7416973114]},"pitch_salience":{"dmean":0.082968890667,"dmean2":0.134013012052,"dvar":0.00574326235801,"dvar2":0.014998097904,"max":0.986253559589,"mean":0.500922620296,"median":0.505365669727,"min":0.0255725756288,"var":0.0133645664901},"silence_rate_20dB":{"dmean":0,"dmean2":0,"dvar":0,"dvar2":0,"max":1,"mean":1,"median":1,"min":1,"var":0},"silence_rate_30dB":{"dmean":0.106354735792,"dmean2":0.212727114558,"dvar":0.0950422286987,"dvar2":0.199823662639,"max":1,"mean":0.896474480629,"median":1,"min":0,"var":0.0928176864982},"silence_rate_60dB":{"dmean":0.0187489632517,"dmean2":0.0375010371208,"dvar":0.0183969549835,"dvar2":0.0389132350683,"max":1,"mean":0.118208214641,"median":0,"min":0,"var":0.10423732549},"spectral_centroid":{"dmean":161.65977478,"dmean2":242.872848511,"dvar":68564.2421875,"dvar2":129998.851562,"max":11869.2412109,"mean":729.983825684,"median":447.828430176,"min":135.258209229,"var":1605481.5},"spectral_complexity":{"dmean":2.46557164192,"dmean2":3.78694105148,"dvar":7.92405509949,"dvar2":16.9621524811,"max":47,"mean":10.6618003845,"median":10,"min":0,"var":35.4889450073},"spectral_contrast_coeffs":{"dmean":[0.0544077791274,0.0493924021721,0.0396365374327,0.0333467721939,0.0258192755282,0.0176753923297],"dmean2":[0.0857679098845,0.0799412727356,0.06231238693,0.0514791682363,0.0391756258905,0.0273169446737],"dvar":[0.00223829061724,0.00176619330887,0.00111053453293,0.000816665240563,0.000577368482482,0.0003321452823],"dvar2":[0.00557075440884,0.00449683796614,0.00266419863328,0.00187350786291,0.00123540847562,0.000697515788488],"max":[-0.251134902239,-0.371255576611,-0.397924900055,-0.489806443453,-0.545502066612,-0.600581228733],"mean":[-0.572760045528,-0.741502583027,-0.765931546688,-0.783118605614,-0.792111814022,-0.807562530041],"median":[-0.564085900784,-0.742320418358,-0.76950609684,-0.787743866444,-0.796612799168,-0.811776816845],"min":[-0.980889439583,-0.981761217117,-0.982971906662,-0.970213651657,-0.966384410858,-0.965659439564],"var":[0.0119798965752,0.00616130325943,0.00527570210397,0.00481223547831,0.00405858084559,0.00229060463607]},"spectral_contrast_valleys":{"dmean":[0.466642647982,0.477686196566,0.46235370636,0.434682488441,0.379418969154,0.492925107479],"dmean2":[0.714969277382,0.733165502548,0.674777984619,0.603331923485,0.527114272118,0.634848892689],"dvar":[0.233742982149,0.222669377923,0.219133108854,0.192232608795,0.174738332629,0.309205710888],"dvar2":[0.431875497103,0.476752609015,0.437040507793,0.345923304558,0.315626561642,0.59142780304],"max":[-4.94666862488,-4.23646068573,-5.05239772797,-5.47186470032,-6.06837558746,-8.09009552002],"mean":[-7.42737388611,-7.43034124374,-8.37240409851,-8.92502307892,-8.91386318207,-11.2571115494],"median":[-6.88172483444,-6.94870567322,-7.88756895065,-8.44483852386,-8.4622592926,-10.9129829407],"min":[-28.1805591583,-28.3236370087,-27.7231464386,-27.7044029236,-27.4861602783,-27.3952217102],"var":[7.05019140244,6.76461029053,6.20457267761,5.99062156677,5.8335981369,4.90078115463]},"spectral_decrease":{"dmean":5.55306067795e-9,"dmean2":8.53579784632e-9,"dvar":7.74731869238e-17,"dvar2":1.83197582851e-16,"max":2.6232800111e-19,"mean":-1.22294334659e-8,"median":-9.4426004793e-9,"min":-8.24933437116e-8,"var":1.28276456242e-16},"spectral_energy":{"dmean":0.0213142354041,"dmean2":0.0327818095684,"dvar":0.00113915838301,"dvar2":0.00269906688482,"max":0.316410958767,"mean":0.0471776612103,"median":0.0366291962564,"min":9.88269270866e-21,"var":0.00188409769908},"spectral_energyband_high":{"dmean":0.000106713385321,"dmean2":0.000152126085595,"dvar":7.12060810315e-8,"dvar2":1.56967061571e-7,"max":0.010884584859,"mean":0.000195452492335,"median":0.0000597091930103,"min":7.09600119653e-21,"var":2.07761772231e-7},"spectral_energyband_low":{"dmean":0.0157239697874,"dmean2":0.0238055307418,"dvar":0.000821080058813,"dvar2":0.00186162430327,"max":0.285215079784,"mean":0.0293306764215,"median":0.0176829397678,"min":1.42904219796e-23,"var":0.00128147751093},"spectral_energyband_middle_high":{"dmean":0.000721063755918,"dmean2":0.00110812892672,"dvar":0.00000193711252905,"dvar2":0.00000477449020764,"max":0.0319183394313,"mean":0.00160350312945,"median":0.000990083091892,"min":1.096388522e-21,"var":0.00000431685293734},"spectral_energyband_middle_low":{"dmean":0.0118143334985,"dmean2":0.019711015746,"dvar":0.000348414643668,"dvar2":0.000946122570895,"max":0.174204483628,"mean":0.0222511775792,"median":0.0171319041401,"min":1.34756148082e-22,"var":0.000466127967229},"spectral_entropy":{"dmean":0.281235486269,"dmean2":0.401003718376,"dvar":0.0862012058496,"dvar2":0.161639809608,"max":9.82416820526,"mean":6.84282302856,"median":6.86684274673,"min":4.04399490356,"var":0.584232330322},"spectral_flux":{"dmean":0.043346658349,"dmean2":0.0672533512115,"dvar":0.00327031523921,"dvar2":0.00616300804541,"max":0.453910082579,"mean":0.0966806411743,"median":0.0762998536229,"min":6.31454888378e-11,"var":0.0062738400884},"spectral_kurtosis":{"dmean":4.08482599258,"dmean2":6.38350820541,"dvar":43.0718917847,"dvar2":89.3015136719,"max":124.521957397,"mean":9.62974262238,"median":6.56003284454,"min":-1.27527332306,"var":120.572929382},"spectral_rms":{"dmean":0.0013637180673,"dmean2":0.00201219925657,"dvar":0.00000328636497215,"dvar2":0.00000720126217857,"max":0.0175696797669,"mean":0.00598374847323,"median":0.0059779426083,"min":3.10510081189e-12,"var":0.000010221757293},"spectral_rolloff":{"dmean":234.773193359,"dmean2":392.460723877,"dvar":640929.125,"dvar2":1304372.625,"max":19530.6152344,"mean":807.550476074,"median":215.33203125,"min":21.533203125,"var":5997289},"spectral_skewness":{"dmean":0.40045362711,"dmean2":0.604822576046,"dvar":0.237941414118,"dvar2":0.480479806662,"max":9.21203517914,"mean":2.2531952858,"median":2.05477929115,"min":-0.220352813601,"var":1.13987624645},"spectral_spread":{"dmean":776602.5625,"dmean2":1107702,"dvar":1041359372290,"dvar2":1933892255740,"max":42527964,"mean":4722082,"median":3952997.5,"min":861495.5,"var":20121827409900},"spectral_strongpeak":{"dmean":0.261781811714,"dmean2":0.438915550709,"dvar":0.12448040396,"dvar2":0.317702353001,"max":7.99738693237,"mean":0.605057775974,"median":0.51188147068,"min":0,"var":0.226522743702},"zerocrossingrate":{"dmean":0.00752817559987,"dmean2":0.00876216311008,"dvar":0.000143155120895,"dvar2":0.000159403876751,"max":0.52880859375,"mean":0.0363233871758,"median":0.02099609375,"min":0,"var":0.00409264722839}},"metadata":{"audio_properties":{"analysis_sample_rate":44100,"bit_rate":256024,"codec":"mp3","downmix":"mix","equal_loudness":0,"length":279.875915527,"lossless":false,"md5_encoded":"50a483b81760dbb8bf5da1db1c52deb7","replay_gain":-9.84500694275,"sample_rate":44100},"tags":{"album":["Backdoor Love Affair"],"artist":["ZZ Top"],"date":["1971"],"discnumber":["1"],"file_name":"2119247.mp3","genre":["Pop"],"length":["280"],"musicbrainz_recordingid":["1fbcd66a-c6e7-4f6d-9d14-5c37c5629ea8"],"title":["Bedroom Thang"],"tracknumber":["8"]},"version":{"essentia":"2.1-beta2","essentia_build_sha":"70f2e5ece6736b2c40cc944ad0e695b16b925413","essentia_git_sha":"v2.1_beta2","extractor":"music 1.0"}},"rhythm":{"beats_count":478,"beats_loudness":{"dmean":0.057312078774,"dmean2":0.111516572535,"dvar":0.00131401128601,"dvar2":0.00435740314424,"max":0.248662516475,"mean":0.0828559845686,"median":0.0819835588336,"min":0,"var":0.00222138687968},"beats_loudness_band_ratio":{"dmean":[0.270566523075,0.275221467018,0.102755524218,0.0242382530123,0.029164372012,0.0196933373809],"dmean2":[0.533159613609,0.544776797295,0.202294692397,0.0461740642786,0.0537387356162,0.0381762124598],"dvar":[0.019692061469,0.025316124782,0.00589048257098,0.000980977783911,0.00513669941574,0.000597718113568],"dvar2":[0.05185193941,0.0837315395474,0.0183297619224,0.00265978230163,0.0131291784346,0.00169706065208],"max":[0.991924583912,0.798217236996,0.433419018984,0.415771096945,0.636360228062,0.341446340084],"mean":[0.75999724865,0.205112591386,0.072803042829,0.0201813019812,0.0255472920835,0.0134099451825],"median":[0.808557271957,0.145858258009,0.0426966436207,0.0117608970031,0.0101051237434,0.00528323929757],"min":[0,0,0,0,0,0],"var":[0.0438529588282,0.0355616249144,0.00602250173688,0.000948488072027,0.00431253621355,0.000600439030677]},"beats_position":[0.592108845711,1.20743763447,1.8111563921,2.41487526894,3.03020405769,3.66875267029,4.29569149017,4.92263031006,5.54956912994,6.1648979187,6