{"lowlevel":{"average_loudness":0.971385538578,"barkbands":{"dmean":[0.000255884340731,0.00788232591003,0.00515570584685,0.0031500721816,0.00428494252264,0.00120037875604,0.000760823430028,0.00071140890941,0.00104925455526,0.000903652806301,0.000372002657969,0.000327804038534,0.000254523387412,0.000376219511963,0.000231520374655,0.000257453008089,0.0002819505753,0.000214049694478,0.000176191897481,0.000149629820953,0.000122286219266,0.000140556541737,0.0000946680520428,0.0000624588428764,0.0000194343938347,0.0000158677848958,0.00000804046794656],"dmean2":[0.000433242123108,0.0131394248456,0.00886399298906,0.00526105053723,0.00693019479513,0.00201113754883,0.00124229979701,0.00113456184044,0.00162410235498,0.0013928276021,0.000586208829191,0.000519414723385,0.000407340412494,0.000609135604464,0.000368737993995,0.00042375078192,0.00046233474859,0.000351004506228,0.00029356990126,0.000245170696871,0.000201454706257,0.000211861144635,0.000137882409035,0.0000881692030816,0.0000275392412732,0.0000214112951653,0.0000119509313663],"dvar":[2.92763871812e-7,0.000178022004548,0.0000582323336857,0.0000205896267289,0.000087707376224,0.00000442250257038,0.00000208509754884,0.00000249052163781,0.00000460584578832,0.00000377907872462,8.23956781915e-7,5.31316459274e-7,2.70569046279e-7,6.48009404358e-7,2.77371583479e-7,2.21881720108e-7,1.52302490619e-7,1.32195438596e-7,4.64615474982e-8,4.43315748555e-8,2.84973129538e-8,9.52404093368e-8,5.36743591795e-8,3.05577962934e-8,2.34931096799e-9,1.21500776107e-9,4.59206811465e-10],"dvar2":[7.5176944847e-7,0.000462560798042,0.000166454454302,0.0000530445759068,0.000214720959775,0.0000114681051855,0.00000522740128872,0.00000568750510865,0.0000105945382529,0.0000081597809185,0.00000191576691577,0.00000124866176066,6.50553147352e-7,0.00000170048951986,6.17286957549e-7,5.52849542146e-7,3.83427959605e-7,3.29882510641e-7,1.19440400681e-7,1.11303315009e-7,7.32506322265e-8,1.88270178114e-7,1.0559265462e-7,5.69958551466e-8,5.00474506282e-9,2.29419150344e-9,1.00881325515e-9],"max":[0.00694642588496,0.106759637594,0.0810897797346,0.0556228011847,0.0960259139538,0.0360572263598,0.0296441223472,0.0328465476632,0.0393623821437,0.0314741060138,0.0214087665081,0.0145870456472,0.0115947751328,0.0257818251848,0.013917312026,0.0108093749732,0.00585157331079,0.00924666784704,0.00488721998408,0.00462771300226,0.00297897984274,0.011017633602,0.00595069536939,0.00388934556395,0.00151986582205,0.000755839340854,0.000325932109263],"mean":[0.000277208775515,0.0123871294782,0.0084544736892,0.00488278735429,0.00617157528177,0.00185114052147,0.00120011600666,0.00103256420698,0.0017422240926,0.00146487320308,0.000560942688026,0.000542088411748,0.000396172021283,0.000594644341618,0.000377426942578,0.000484509801026,0.000560028012842,0.000417435308918,0.000406336039305,0.00036745829857,0.000296469690511,0.000313489203108,0.0002044623252,0.000131689783302,0.0000402205150749,0.0000302267981169,0.0000114179174489],"median":[0.000102165489807,0.00866718217731,0.00599943008274,0.0032402977813,0.00317723792978,0.00103938172106,0.000678305397741,0.000367076601833,0.000664934166707,0.000430330517702,0.000186560675502,0.000241973393713,0.000190063336049,0.000227971177083,0.000206776094274,0.000354789342964,0.000427052029409,0.000282937544398,0.000345059466781,0.000272101169685,0.000226434742217,0.000169397593709,0.0000899232691154,0.0000410870088672,0.0000139940211739,0.0000067544774538,4.88245355257e-8],"min":[1.47491745727e-24,4.1229499667e-24,2.12128819212e-24,2.05646532217e-24,8.84130768998e-24,7.16770851397e-24,3.2542618599e-24,7.19409038923e-24,1.83628043846e-23,2.52245405747e-23,1.43666006995e-23,2.59430382426e-23,3.63703279056e-23,3.40232805414e-23,3.90406252252e-23,4.49847994311e-23,8.17649342661e-23,1.16448062245e-22,1.15351103824e-22,1.9877029203e-22,2.44010000819e-22,3.75559965746e-22,4.00146526108e-22,5.81057979121e-22,9.11156711315e-22,1.36362814145e-21,1.97024930336e-21],"var":[2.8657697726e-7,0.000187680780073,0.000071512091381,0.0000296915404761,0.0000971953195403,0.00000662097318127,0.00000322402206621,0.00000497722794535,0.0000109266811705,0.00000899306542124,0.00000171261854121,0.00000113374812827,4.56954097672e-7,0.00000119489209283,4.81623544601e-7,3.98164303306e-7,2.67774339591e-7,2.42968326347e-7,9.61589776693e-8,1.22830229543e-7,6.86516585802e-8,2.6101568551e-7,1.32066304559e-7,8.14534004689e-8,5.6161728601e-9,3.49039064318e-9,9.47389611206e-10]},"barkbands_crest":{"dmean":2.7774605751,"dmean2":4.60244894028,"dvar":7.23140573502,"dvar2":19.2156047821,"max":26.6224555969,"mean":10.1300420761,"median":9.35869503021,"min":2.67495775223,"var":14.1107950211},"barkbands_flatness_db":{"dmean":0.0220541805029,"dmean2":0.0349195599556,"dvar":0.000455470639281,"dvar2":0.00118067406584,"max":0.601410627365,"mean":0.141350165009,"median":0.132931575179,"min":0.0364042259753,"var":0.00310283410363},"barkbands_kurtosis":{"dmean":5.22289562225,"dmean2":8.54443454742,"dvar":2561.66064453,"dvar2":5638.35205078,"max":4219.72412109,"mean":9.34097099304,"median":2.88309907913,"min":-1.86445236206,"var":11128.3857422},"barkbands_skewness":{"dmean":0.624962806702,"dmean2":0.986573696136,"dvar":0.718991696835,"dvar2":1.7264431715,"max":40.7141799927,"mean":1.99631607533,"median":1.79910624027,"min":-3.16843438148,"var":3.10237908363},"barkbands_spread":{"dmean":5.95101165771,"dmean2":9.28901672363,"dvar":43.4102554321,"dvar2":97.2872695923,"max":110.701690674,"mean":22.8980674744,"median":21.4060440063,"min":0.0317569710314,"var":147.08203125},"dissonance":{"dmean":0.0137045066804,"dmean2":0.023187128827,"dvar":0.00021556126012,"dvar2":0.000594271579757,"max":0.500000119209,"mean":0.47405859828,"median":0.479859530926,"min":0.223243623972,"var":0.00048407248687},"dynamic_complexity":1.62708926201,"erbbands":{"dmean":[0.203261315823,1.95375919342,5.49305009842,7.78014039993,16.4322986603,11.7831010818,11.7271518707,7.96023130417,10.7674942017,11.5361509323,16.5266971588,22.3817424774,27.8696861267,19.2430973053,11.7287731171,12.5994138718,11.4843816757,14.6396961212,15.3337554932,10.7481794357,14.9590702057,15.2115659714,12.197022438,9.15575218201,8.0762720108,6.76605510712,5.42008590698,4.64427423477,4.74486875534,4.73160362244,2.42181110382,1.63870096207,0.859308600426,0.309227228165,0.100662633777,0.05237749964,0.0324779637158,0.0141655402258,0.00108531233855,0.0000268067451543],"dmean2":[0.34300082922,3.30086541176,9.4596862793,13.0944356918,26.645242691,20.0527591705,19.7916259766,13.3367958069,17.7648849487,18.6289024353,26.0222091675,34.5944023132,43.0417633057,29.8338565826,18.3735466003,19.9546527863,18.2764282227,23.4652614594,24.8569087982,16.9545650482,24.3426208496,24.6187267303,19.9001865387,15.0587368011,13.3834276199,11.1174116135,8.96854877472,7.54532527924,7.3175702095,6.92705631256,3.51073694229,2.36669230461,1.21391534805,0.437195152044,0.14671985805,0.0741415992379,0.0449135378003,0.019424661994,0.00165974465199,0.0000406256694987],"dvar":[0.144414454699,11.2348423004,73.8894348145,100.794281006,1402.88989258,681.774047852,452.796264648,241.187088013,445.27520752,553.949584961,1338.5201416,2635.66210938,3345.94018555,1950.23669434,634.530517578,769.951538086,523.133911133,940.659667969,1031.6817627,655.924438477,659.563293457,441.857879639,469.905426025,139.092758179,97.0415496826,95.5954437256,53.4141311646,51.2715835571,88.4769821167,164.343826294,29.7444858551,20.1832332611,6.2185997963,0.653517365456,0.0470984093845,0.0107930218801,0.00585209066048,0.00116903730668,0.00000932594593905,1.95335236874e-9],"dvar2":[0.37047663331,30.5532417297,210.20640564,280.053253174,3326.05151367,1841.7199707,1218.36682129,629.784851074,1151.44946289,1322.23303223,3146.34985352,6156.60742188,7482.22949219,4631.16015625,1475.79199219,1810.58728027,1250.28808594,2375.36425781,2595.2746582,1443.65258789,1635.64440918,1100.26281738,1164.26831055,349.145965576,254.251647949,241.628005981,142.993057251,125.31312561,186.880462646,314.483612061,58.6654891968,38.0708465576,12.3516101837,1.38786518574,0.098139770329,0.0205777809024,0.0118315722793,0.00225355895236,0.000021790037863,4.2544101575e-9],"max":[3.32144927979,27.328081131,78.7372589111,140.67666626,396.059753418,374.029541016,365.987731934,228.75189209,523.704772949,417.778869629,746.016967773,1243.8104248,1019.94897461,815.449890137,662.447509766,557.812316895,553.656494141,572.998474121,1002.52215576,621.981079102,726.239746094,299.93447876,631.590698242,241.308364868,219.4034729,249.622909546,146.728210449,166.170166016,356.098052979,399.737518311,126.532569885,109.552101135,64.2409057617,23.4298839569,5.16384792328,2.04961180687,2.11302423477,0.546750545502,0.0507654026151,0.00067751808092],"mean":[0.279410213232,3.09872627258,9.38687896729,14.1682491302,22.5590324402,16.1199245453,17.3727035522,12.2305650711,17.3899555206,17.5368709564,26.3147106171,37.591506958,48.9350738525,32.7687454224,20.1558876038,21.795249939,19.9092617035,24.3166503906,26.562286377,20.1544284821,30.796667099,32.2980728149,24.9816265106,20.2198009491,20.0304737091,16.9131240845,13.5378675461,10.8946046829,10.6127700806,9.71705436707,5.34308576584,3.42296600342,1.75208759308,0.635243833065,0.200885236263,0.0978777259588,0.0590348504484,0.024234065786,0.00147123751231,0.0000756417721277],"median":[0.176937699318,2.2153403759,6.56462240219,10.8465337753,11.3288230896,9.00045394897,9.25023365021,6.88928413391,9.71618080139,8.57182312012,9.89736843109,14.5911388397,17.684753418,10.5880842209,9.0380859375,10.5886459351,10.0399494171,10.8429021835,13.5553770065,12.3962421417,23.7146396637,24.7204704285,16.9164085388,16.4258022308,17.1602916718,12.7981491089,10.6684989929,7.73043346405,6.16161203384,4.24855995178,2.33866071701,1.07837200165,0.528184592724,0.200694605708,0.0769390314817,0.0334135331213,0.0107956174761,0.00142594671343,0.0000603407570452,0.0000562082896067],"min":[7.39472974518e-23,8.87718883892e-22,3.01644516818e-21,8.79817733845e-21,2.51217369284e-20,2.74477171121e-20,3.92908432205e-20,5.32706220877e-20,8.64152031642e-20,1.07005027543e-19,3.32154323272e-19,4.86211283987e-19,6.21550595006e-19,1.27644939e-18,7.49096003499e-19,1.28389525628e-18,1.85731619225e-18,1.53904656085e-18,3.42740839245e-18,3.35782906125e-18,3.94649607328e-18,5.05596530476e-18,6.6771139875e-18,5.85241987987e-18,4.11433970497e-18,8.11038100181e-18,1.08066332839e-17,1.0634806364e-17,1.32381613002e-17,1.23731967316e-17,1.12381337048e-17,1.17606446726e-17,1.03518957052e-17,9.0101301695e-18,6.07823770555e-18,4.40145285481e-18,2.34783202075e-18,9.35122926203e-19,2.60232442426e-19,2.75784859659e-20],"var":[0.137905657291,11.1929187775,84.5417480469,152.808502197,1531.08532715,609.427001953,596.300720215,323.56854248,736.820007324,903.245849609,2606.98583984,6469.63671875,8079.35498047,4505.72119141,1345.10229492,1593.61450195,1003.23101807,1601.39245605,1899.44775391,1252.3963623,1183.57495117,865.459228516,876.411437988,285.358276367,215.977401733,259.890533447,129.490982056,121.476882935,235.777770996,396.539459229,78.8612823486,53.3117256165,15.0038671494,1.54086530209,0.120550438762,0.0300417076796,0.0150485327467,0.00320560578257,0.0000158410221047,4.18882750708e-9]},"erbbands_crest":{"dmean":2.41221833229,"dmean2":3.94746136665,"dvar":6.21605968475,"dvar2":15.7637720108,"max":28.2101650238,"mean":7.59093999863,"median":6.29190969467,"min":2.25367856026,"var":17.8256092072},"erbbands_flatness_db":{"dmean":0.0144362207502,"dmean2":0.0199539810419,"dvar":0.000211162507185,"dvar2":0.000372622947907,"max":0.352278798819,"mean":0.137629494071,"median":0.131261885166,"min":0.025457745418,"var":0.00180345273111},"erbbands_kurtosis":{"dmean":0.601980268955,"dmean2":0.93229830265,"dvar":1.36769413948,"dvar2":2.57202172279,"max":101.163230896,"mean":-0.169915676117,"median":-0.672936439514,"min":-1.75525331497,"var":6.62619400024},"erbbands_skewness":{"dmean":0.318137437105,"dmean2":0.487249732018,"dvar":0.0885620936751,"dvar2":0.203513324261,"max":9.14229011536,"mean":0.0845163241029,"median":0.0357870906591,"min":-2.37045907974,"var":0.489875197411},"erbbands_spread":{"dmean":8.51759815216,"dmean2":12.923584938,"dvar":63.4202919006,"dvar2":138.065353394,"max":125.726623535,"mean":50.6144866943,"median":50.4708442688,"min":4.12753248215,"var":366.463867188},"gfcc":{"cov":[[19270.3769531,796.947143555,-1219.21020508,810.869812012,-861.179992676,456.069549561,-525.440551758,86.0127258301,-446.365844727,-65.7551422119,-369.883270264,44.1043281555,-343.22265625],[796.947143555,1587.35668945,-508.223968506,183.895401001,146.945236206,-288.18270874,203.986053467,-96.1654205322,101.320228577,-85.3008422852,35.0082969666,-136.352096558,138.239212036],[-1219.21020508,-508.223968506,728.131408691,-112.430603027,60.9002685547,-9.36135673523,-74.9320220947,8.19205951691,-0.158505126834,61.7059402466,-5.53327465057,67.6394500732,-65.0242156982],[810.869812012,183.895401001,-112.430603027,310.446533203,-57.9099273682,20.6886329651,-37.1878585815,-0.722250342369,23.15209198,-1.83817434311,19.7449550629,-23.366235733,38.1993179321],[-861.179992676,146.945236206,60.9002685547,-57.9099273682,317.476898193,-119.732528687,120.208267212,-9.65338134766,31.4245567322,27.2037506104,-1.58394706249,-18.3341712952,17.849943161],[456.069549561,-288.18270874,-9.36135673523,20.6886329651,-119.732528687,280.880767822,-41.7115631104,61.6115531921,-42.1991424561,-25.1872653961,7.66620826721,36.7266731262,-22.0111885071],[-525.440551758,203.986053467,-74.9320220947,-37.1878585815,120.208267212,-41.7115631104,196.001815796,26.8759059906,27.7056121826,-13.9507923126,12.5735960007,-22.2247982025,26.6286659241],[86.0127258301,-96.1654205322,8.19205951691,-0.722250342369,-9.65338134766,61.6115531921,26.8759059906,113.497550964,18.4649410248,15.8199243546,-6.24600791931,2.55362939835,-4.24985742569],[-446.365844727,101.320228577,-0.158505126834,23.15209198,31.4245567322,-42.1991424561,27.7056121826,18.4649410248,113.385398865,28.4240245819,18.635389328,-19.4462337494,17.3301620483],[-65.7551422119,-85.3008422852,61.7059402466,-1.83817434311,27.2037506104,-25.1872653961,-13.9507923126,15.8199243546,28.4240245819,87.0734863281,16.6645698547,10.1805181503,-16.6101207733],[-369.883270264,35.0082969666,-5.53327465057,19.7449550629,-1.58394706249,7.66620826721,12.5735960007,-6.24600791931,18.635389328,16.6645698547,75.3873977661,15.7407493591,19.8106136322],[44.1043281555,-136.352096558,67.6394500732,-23.366235733,-18.3341712952,36.7266731262,-22.2247982025,2.55362939835,-19.4462337494,10.1805181503,15.7407493591,76.309677124,-2.23703098297],[-343.22265625,138.239212036,-65.0242156982,38.1993179321,17.849943161,-22.0111885071,26.6286659241,-4.24985742569,17.3301620483,-16.6101207733,19.8106136322,-2.23703098297,79.4708023071]],"icov":[[0.000149782645167,-0.000255081162322,0.000201314382139,-0.000332248047926,0.000173816079041,-0.000143321725773,0.000250496319495,-0.000255073682638,0.000503783754539,-0.000378834607545,0.000770978396758,-0.000585758243687,0.000840990862343],[-0.000255081162322,0.00197588978335,0.000325407134369,-0.0000811181234894,-0.000438514805865,0.00145138800144,-0.00124524428975,0.00106825761031,-0.00150935887359,0.00193213415332,-0.00190002645832,0.00185331865214,-0.00199981220067],[0.000201314382139,0.000325407134369,0.00243684044108,-0.000292699754937,-0.000534350750968,0.00048908899771,0.00100453698542,-0.000411583576351,0.0000227681612159,-0.000256988860201,0.00074077519821,-0.00189490336925,0.0020381542854],[-0.000332248047926,-0.0000811181234894,-0.000292699754937,0.00505214510486,0.0000215021427721,-0.000603002787102,0.000944319239352,0.000288092414849,-0.00141140702181,-0.000178360831342,-0.00219499925151,0.00242714467458,-0.00354859209619],[0.000173816079041,-0.000438514805865,-0.000534350750968,0.0000215021427721,0.00559229310602,0.0008977643447,-0.00304630328901,0.000600573606789,0.000801800051704,-0.0026596293319,0.00208087870851,-0.000273938756436,-0.000145812533447],[-0.000143321725773,0.00145138800144,0.00048908899771,-0.000603002787102,0.0008977643447,0.00705232610926,-0.000214671366848,-0.00315387872979,0.000494289794005,0.00390422041528,-0.00309525988996,-0.000814542348962,0.000658167875372],[0.000250496319495,-0.00124524428975,0.00100453698542,0.000944319239352,-0.00304630328901,-0.000214671366848,0.00996032077819,-0.00414348440245,0.000349226349499,0.00192311767023,-0.00116871437058,-0.000448887760285,0.0012862108415],[-0.000255073682638,0.00106825761031,-0.000411583576351,0.000288092414849,0.000600573606789,-0.00315387872979,-0.00414348440245,0.0136726209894,-0.00350157916546,-0.003077958012,0.00225690961815,0.00148004305083,-0.0027246591635],[0.000503783754539,-0.00150935887359,0.0000227681612159,-0.00141140702181,0.000801800051704,0.000494289794005,0.000349226349499,-0.00350157916546,0.0141568137333,-0.00519094010815,0.00036389628076,0.000985080143437,0.000915778568015],[-0.000378834607545,0.00193213415332,-0.000256988860201,-0.000178360831342,-0.0026596293319,0.00390422041528,0.00192311767023,-0.003077958012,-0.00519094010815,0.0198281090707,-0.00754745863378,-0.000336776254699,0.00289634405635],[0.000770978396758,-0.00190002645832,0.00074077519821,-0.00219499925151,0.00208087870851,-0.00309525988996,-0.00116871437058,0.00225690961815,0.00036389628076,-0.00754745863378,0.0223464798182,-0.00710381194949,0.0000562551285839],[-0.000585758243687,0.00185331865214,-0.00189490336925,0.00242714467458,-0.000273938756436,-0.000814542348962,-0.000448887760285,0.00148004305083,0.000985080143437,-0.000336776254699,-0.00710381194949,0.0208990462124,-0.00633132550865],[0.000840990862343,-0.00199981220067,0.0020381542854,-0.00354859209619,-0.000145812533447,0.000658167875372,0.0012862108415,-0.0027246591635,0.000915778568015,0.00289634405635,0.0000562551285839,-0.00633132550865,0.0229191500694]],"mean":[18.8831443787,101.645896912,-112.135696411,54.1877822876,-48.9155654907,11.1387434006,-24.9448852539,6.70551013947,-17.3436012268,-3.46961832047,-20.1469459534,-1.74691617489,-11.6323719025]},"hfc":{"dmean":5.10209798813,"dmean2":7.5953912735,"dvar":39.1486816406,"dvar2":78.5745239258,"max":124.879364014,"mean":24.8227386475,"median":23.6644325256,"min":1.09777726513e-16,"var":167.244384766},"melbands":{"dmean":[0.00200695195235,0.00265128980391,0.00151887454558,0.00106886774302,0.000389581255149,0.000189798069187,0.000158764669322,0.000133543915581,0.00014495124924,0.000147028054926,0.000145339334267,0.0000875549667398,0.0000425541147706,0.0000338516110787,0.0000358889410563,0.0000258780346485,0.0000308895250782,0.0000299250878015,0.0000181435207196,0.000014993314835,0.0000201005859708,0.0000181260802492,0.0000136046028274,0.00000967053347267,0.0000081463404058,0.00000718835008229,0.00000617919431534,0.00000486965382152,0.00000388807575291,0.00000343856959262,0.00000275933984994,0.00000280717608803,0.00000321672200698,0.00000254526571553,0.00000155920963607,0.00000119974720292,0.00000105018318663,7.09920470854e-7,4.07539630487e-7,2.40678730279e-7],"dmean2":[0.00335325812921,0.00452011264861,0.00251729018055,0.00173832289875,0.000657273340039,0.000317697151331,0.000261250999756,0.000214155836147,0.00022601528326,0.000226913951337,0.000224538584007,0.000135324473376,0.000066810142016,0.0000538053245691,0.0000570197444176,0.0000413792658946,0.0000497244182043,0.0000487194738525,0.0000284384441329,0.0000245109786192,0.0000329410213453,0.0000295527770504,0.0000223632268899,0.0000158836228366,0.0000134955671456,0.0000120000922834,0.0000102300973595,0.000008062449524,0.00000649756611892,0.00000578607432544,0.00000447771890322,0.00000445056321041,0.0000048873725973,0.00000376707885152,0.00000235283960137,0.00000179396977273,0.00000154391716478,0.00000103167235466,5.90707998072e-7,3.54060119889e-7],"dvar":[0.0000121981920529,0.0000178906484507,0.00000467957352157,0.00000567821280129,5.10117899921e-7,1.22004763625e-7,9.29945187522e-8,7.50732667143e-8,1.06237770581e-7,1.11819808524e-7,9.04224108922e-8,3.8572789407e-8,8.97905660935e-9,5.97477267661e-9,7.68707142385e-9,3.40517725128e-9,4.4372496788e-9,4.57378668273e-9,2.09345007995e-9,1.05092468061e-9,1.09772879675e-9,6.51609377567e-10,5.01233221595e-10,3.17807696826e-10,1.09988060326e-10,8.14644462999e-11,7.27336316175e-11,5.54056904523e-11,3.00429264799e-11,2.23928427884e-11,2.09837616033e-11,2.6148330029e-11,6.42735101253e-11,4.88264845222e-11,1.12509827843e-11,8.49380548534e-12,1.00785317592e-11,4.76232204713e-12,1.17540862026e-12,3.79585008174e-13],"dvar2":[0.0000310824580083,0.000050220915,0.0000117648378364,0.0000141300724863,0.00000139353994655,3.19431336493e-7,2.40675745999e-7,1.74203179881e-7,2.50214924336e-7,2.59700897232e-7,2.01085143203e-7,8.88689157819e-8,2.09416981534e-8,1.35614950381e-8,1.81040977765e-8,8.15662559717e-9,1.13439906357e-8,1.17691536516e-8,4.53851667359e-9,2.49800358176e-9,2.74992739691e-9,1.65648161854e-9,1.27954491447e-9,7.82193809723e-10,2.79284151361e-10,2.14777987062e-10,1.88691506864e-10,1.39546887934e-10,8.12699837982e-11,5.90534357525e-11,5.14206524582e-11,5.67519017891e-11,1.32961697208e-10,9.62006654892e-11,2.38104553435e-11,1.75979873035e-11,2.02156676815e-11,9.92980784403e-12,2.43020317411e-12,8.697981029e-13],"max":[0.0273711979389,0.0341898575425,0.0226656291634,0.0246894136071,0.0111937392503,0.00508272880688,0.00700299767777,0.00574949989095,0.00762807903811,0.00788945239037,0.00508742919192,0.00385224213824,0.00304376496933,0.00216269679368,0.00178651511669,0.00148944207467,0.00130823650397,0.00232401909307,0.00153338024393,0.001090777223,0.000852027034853,0.000396024435759,0.0004375014978,0.000544560491107,0.000187978803297,0.000203641116968,0.000173836961039,0.000220152825932,0.000117236850201,0.0000833448357298,0.000129569598357,0.000199827089091,0.000273401121376,0.000204272088013,0.0000890519731911,0.0000678812502883,0.0000906709392439,0.0000514702587679,0.0000418869676651,0.0000173790867848],"mean":[0.0030516970437,0.00475076818839,0.00273495120928,0.00149184640031,0.000580453546718,0.000303896929836,0.000255224935245,0.000199548681849,0.000225053881877,0.000244776689215,0.000249073578743,0.000142693679663,0.0000677242933307,0.0000555553560844,0.0000578447070438,0.0000392855399696,0.0000474126936751,0.0000474802982353,0.0000288101182377,0.0000266810748144,0.0000381327881769,0.000034689266613,0.0000263452420768,0.0000182741259778,0.0000160956660693,0.0000156793867063,0.0000132049453896,0.0000107853693407,0.00000871253723744,0.00000739509732739,0.00000580361665925,0.00000586856140217,0.00000632377441434,0.00000490682623422,0.00000317345779877,0.00000240387248596,0.00000198189695766,0.00000133992841711,7.9320182067e-7,4.42020962055e-7],"median":[0.00208251713775,0.00361977191642,0.00204879580997,0.000779580208473,0.000319959275657,0.000176681249286,0.000145040932694,0.0000883880857145,0.0000784331277828,0.0000908942092792,0.0000850913711474,0.0000409202475566,0.0000262785360974,0.0000278647621599,0.0000239280179812,0.0000174830020114,0.0000185154221981,0.0000210783728107,0.0000152644588525,0.0000172066429514,0.0000290636871796,0.0000258222626144,0.0000181203540706,0.0000120251525004,0.0000126835257106,0.0000131858878376,0.0000101687764982,0.00000774844374973,0.00000666941195959,0.00000544684462511,0.00000388138550989,0.00000353571954292,0.00000284121392724,0.00000211819678952,0.00000143125987506,8.35857747461e-7,5.70844179038e-7,3.73460608216e-7,2.51464456369e-7,1.35815341196e-7],"min":[1.19985487304e-24,1.20900782891e-24,2.48401905812e-24,2.54018319356e-24,1.66059480398e-24,1.3797717602e-24,1.22983661643e-24,1.22104929759e-24,1.97064021391e-24,2.72211364818e-24,2.52180470662e-24,5.03142545655e-24,2.50411883955e-24,1.87884106202e-24,3.66959042118e-24,3.18997659866e-24,2.17590261031e-24,4.9199795266e-24,3.12937038746e-24,2.89907210973e-24,4.03923249757e-24,4.20669780698e-24,4.74067025955e-24,5.61577693311e-24,4.06780070082e-24,3.70241374015e-24,3.12765895373e-24,5.60741342979e-24,4.95412379316e-24,4.96548536234e-24,4.70848355132e-24,6.02411303132e-24,6.21068297414e-24,6.56043273951e-24,5.91345793443e-24,5.14675928748e-24,7.11689640535e-24,6.25225042182e-24,6.46991331722e-24,6.44219550602e-24],"var":[0.0000126728382384,0.000019204140699,0.00000643087332719,0.0000059415706346,6.18901879079e-7,1.75512795408e-7,1.47461733491e-7,1.40208854305e-7,2.01271774358e-7,2.85281430479e-7,2.18999275603e-7,8.87391635729e-8,1.86542319369e-8,1.14942944052e-8,1.64931162061e-8,5.71202907196e-9,7.29590654558e-9,8.20766032916e-9,3.53441520495e-9,2.10744577345e-9,1.82427972728e-9,1.12441966849e-9,8.66560267987e-10,5.60773649738e-10,2.04479794208e-10,1.57435356418e-10,1.49483522782e-10,1.33145119929e-10,6.31174279508e-11,4.94659799233e-11,4.29010299507e-11,6.52540035895e-11,1.53118503987e-10,1.08349919314e-10,2.64377946618e-11,2.13981384695e-11,2.27919801088e-11,1.02976472835e-11,2.65915805001e-12,7.76759407663e-13]},"melbands_crest":{"dmean":3.22427630424,"dmean2":5.25740194321,"dvar":8.2339925766,"dvar2":21.0677509308,"max":35.0555419922,"mean":15.1370887756,"median":14.5537948608,"min":1.51985788345,"var":24.6502742767},"melbands_flatness_db":{"dmean":0.0265942215919,"dmean2":0.042049691081,"dvar":0.000673201691825,"dvar2":0.00172931887209,"max":0.742066502571,"mean":0.212156072259,"median":0.204148069024,"min":0.00353195751086,"var":0.00515807373449},"melbands_kurtosis":{"dmean":10.7382068634,"dmean2":17.624174118,"dvar":275.227325439,"dvar2":736.187866211,"max":275.859375,"mean":21.3085861206,"median":14.3594894409,"min":-1.43362224102,"var":535.663146973},"melbands_skewness":{"dmean":0.93076479435,"dmean2":1.47664391994,"dvar":0.999350905418,"dvar2":2.47583770752,"max":11.9461021423,"mean":3.60711050034,"median":3.40352392197,"min":-0.485216677189,"var":3.22587919235},"melbands_spread":{"dmean":6.04036045074,"dmean2":9.44655036926,"dvar":46.596572876,"dvar2":105.171577454,"max":176.938964844,"mean":20.1641540527,"median":16.9809970856,"min":0.166792497039,"var":318.915313721},"mfcc":{"cov":[[7852.09033203,93.5507736206,-54.0440788269,63.113910675,-109.512557983,166.634414673,-58.6384506226,150.174255371,-104.358764648,-20.3898792267,-72.752243042,-54.4632987976,-119.164428711],[93.5507736206,1220.29650879,-362.078399658,338.675384521,-54.3254356384,-14.3513278961,25.5833206177,-22.8190956116,89.0400772095,0.525548994541,19.4152984619,-10.7601003647,2.002379179],[-54.0440788269,-362.078399658,560.058410645,-114.223617554,85.8776702881,-8.85810470581,-55.72813797,-2.34763622284,-68.8433609009,1.46399462223,-17.2753276825,7.48856210709,26.3512840271],[63.113910675,338.675384521,-114.223617554,345.249237061,18.4223937988,-0.273900568485,-12.6439142227,-51.5862159729,53.4530334473,12.9244556427,-2.85339045525,9.58296585083,50.1081962585],[-109.512557983,-54.3254356384,85.8776702881,18.4223937988,149.078460693,9.42037677765,-0.505548119545,-22.6502456665,2.40893244743,13.7791290283,-4.04867744446,7.91578817368,-0.629342794418],[166.634414673,-14.3513278961,-8.85810470581,-0.273900568485,9.42037677765,96.3165664673,14.6873636246,31.208480835,-12.5627040863,-3.69805169106,0.837543904781,-8.52731609344,2.68671178818],[-58.6384506226,25.5833206177,-55.72813797,-12.6439142227,-0.505548119545,14.6873636246,138.63269043,38.7507400513,25.5991458893,-5.19848442078,-0.6817278862,13.5228996277,-12.8241968155],[150.174255371,-22.8190956116,-2.34763622284,-51.5862159729,-22.6502456665,31.208480835,38.7507400513,120.018035889,19.7790279388,3.27609777451,3.08707356453,-3.68172836304,-11.8438129425],[-104.358764648,89.0400772095,-68.8433609009,53.4530334473,2.40893244743,-12.5627040863,25.5991458893,19.7790279388,93.2010574341,35.7285461426,15.6824407578,0.941590666771,1.0987598896],[-20.3898792267,0.525548994541,1.46399462223,12.9244556427,13.7791290283,-3.69805169106,-5.19848442078,3.27609777451,35.7285461426,71.0008850098,27.5259952545,8.40087795258,-2.78522801399],[-72.752243042,19.4152984619,-17.2753276825,-2.85339045525,-4.04867744446,0.837543904781,-0.6817278862,3.08707356453,15.6824407578,27.5259952545,68.4498443604,23.9322872162,4.58938837051],[-54.4632987976,-10.7601003647,7.48856210709,9.58296585083,7.91578817368,-8.52731609344,13.5228996277,-3.68172836304,0.941590666771,8.40087795258,23.9322872162,64.0874404907,26.8793792725],[-119.164428711,2.002379179,26.3512840271,50.1081962585,-0.629342794418,2.68671178818,-12.8241968155,-11.8438129425,1.0987598896,-2.78522801399,4.58938837051,26.8793792725,76.4126205444]],"icov":[[0.000149063023855,0.00000157172155468,-0.00000673691283737,-0.000142847595271,0.000133889421704,-0.000222538103117,0.000135753478389,-0.000216095810174,0.000221856520511,-0.000102363948827,0.000190899620065,-0.000150776366354,0.000361284590326],[0.00000157172155468,0.00136816070881,0.000506434007548,-0.00130373612046,0.000243336777203,0.000312535266858,-0.0000722595432308,-0.000209432095289,-0.000183355732588,0.000498806708492,-0.000599035585765,0.000316613120958,0.000538736931048],[-0.00000673691283737,0.000506434007548,0.00283217895776,0.000388686574297,-0.00166297447868,0.000982773373835,0.000658488075715,-0.000885513727553,0.00183838780504,-0.000862891669385,0.000396442075726,0.000430387590313,-0.00156343763229],[-0.000142847595271,-0.00130373612046,0.000388686574297,0.00572524731979,-0.000985305989161,-0.000926733016968,0.000468876765808,0.00236006290652,-0.00271159270778,-0.00033807483851,0.00145830737893,-0.000150568172103,-0.00361601123586],[0.000133889421704,0.000243336777203,-0.00166297447868,-0.000985305989161,0.00875606108457,-0.00236668158323,-0.000432538625319,0.00224385573529,-0.00143876147922,-0.00119243108202,0.00142105913255,-0.00207025674172,0.0024726819247],[-0.000222538103117,0.000312535266858,0.000982773373835,-0.000926733016968,-0.00236668158323,0.0138964559883,-0.00169962586369,-0.00441791582853,0.00472257426009,-0.000760185881518,-0.00232072430663,0.00430283695459,-0.00303437490948],[0.000135753478389,-0.0000722595432308,0.000658488075715,0.000468876765808,-0.000432538625319,-0.00169962586369,0.00972720235586,-0.00221869209781,-0.00312809017487,0.00228637619875,0.00169354432728,-0.00436765188351,0.00258684507571],[-0.000216095810174,-0.000209432095289,-0.000885513727553,0.00236006290652,0.00224385573529,-0.00441791582853,-0.00221869209781,0.0126879597083,-0.00507691456005,0.000605508859735,0.00034501371556,-0.000448648876045,0.000426472077379],[0.000221856520511,-0.000183355732588,0.00183838780504,-0.00271159270778,-0.00143876147922,0.00472257426009,-0.00312809017487,-0.00507691456005,0.0204252637923,-0.00916723255068,-0.0014892751351,0.00375881837681,-0.00185545766726],[-0.000102363948827,0.000498806708492,-0.000862891669385,-0.00033807483851,-0.00119243108202,-0.000760185881518,0.00228637619875,0.000605508859735,-0.00916723255068,0.0220651905984,-0.00695795379579,-0.00156419200357,0.00274526048452],[0.000190899620065,-0.000599035585765,0.000396442075726,0.00145830737893,0.00142105913255,-0.00232072430663,0.00169354432728,0.00034501371556,-0.0014892751351,-0.00695795379579,0.0212989784777,-0.00852141529322,0.00113750889432],[-0.000150776366354,0.000316613120958,0.000430387590313,-0.000150568172103,-0.00207025674172,0.00430283695459,-0.00436765188351,-0.000448648876045,0.00375881837681,-0.00156419200357,-0.00852141529322,0.0245395340025,-0.00949545390904],[0.000361284590326,0.000538736931048,-0.00156343763229,-0.00361601123586,0.0024726819247,-0.00303437490948,0.00258684507571,0.000426472077379,-0.00185545766726,0.00274526048452,0.00113750889432,-0.00949545390904,0.0205724406987]],"mean":[-613.081481934,120.014213562,1.64968574047,44.4673614502,3.24341464043,13.3665208817,0.190070018172,11.9647016525,4.91307353973,4.15547227859,-1.53421890736,-1.02585983276,-2.86383223534]},"pitch_salience":{"dmean":0.0811554417014,"dmean2":0.135543778539,"dvar":0.00586281903088,"dvar2":0.0161780398339,"max":0.929284691811,"mean":0.540542185307,"median":0.550525128841,"min":0.014391166158,"var":0.0135240256786},"silence_rate_20dB":{"dmean":0,"dmean2":0,"dvar":0,"dvar2":0,"max":1,"mean":1,"median":1,"min":1,"var":0},"silence_rate_30dB":{"dmean":0.00813835207373,"dmean2":0.0162787735462,"dvar":0.00807154737413,"dvar2":0.0233874507248,"max":1,"mean":0.995549917221,"median":1,"min":0,"var":0.0044299676083},"silence_rate_60dB":{"dmean":0.00152594095562,"dmean2":0.00305227003992,"dvar":0.00152360100765,"dvar2":0.00329744629562,"max":1,"mean":0.0232676416636,"median":0,"min":0,"var":0.0227265506983},"spectral_centroid":{"dmean":262.717559814,"dmean2":414.384033203,"dvar":79349.3828125,"dvar2":176265.421875,"max":11704.5283203,"mean":1435.74108887,"median":1343.29907227,"min":68.4839782715,"var":833777.1875},"spectral_complexity":{"dmean":4.21032571793,"dmean2":6.66793823242,"dvar":14.995177269,"dvar2":34.6359138489,"max":53,"mean":25.7051486969,"median":26,"min":0,"var":88.2866516113},"spectral_contrast_coeffs":{"dmean":[0.0545374378562,0.0491608344018,0.0407277271152,0.0296703279018,0.0194630473852,0.0221476946026],"dmean2":[0.0908041894436,0.0812566652894,0.0656888633966,0.048178691417,0.0323082394898,0.0342789553106],"dvar":[0.00224753306247,0.0015760200331,0.00110655429307,0.000569328782149,0.000256029627053,0.00043794841622],"dvar2":[0.00592855690047,0.00423080427572,0.00276956357993,0.00144973327406,0.000672024150845,0.000950599147473],"max":[-0.287013530731,-0.468141466379,-0.533420920372,-0.583743751049,-0.640368640423,-0.390013277531],"mean":[-0.637795686722,-0.743451714516,-0.765406608582,-0.796846091747,-0.804617345333,-0.703744649887],"median":[-0.640702009201,-0.748015642166,-0.7749761343,-0.802276909351,-0.806190609932,-0.707340955734],"min":[-0.97652977705,-0.97655916214,-0.982423722744,-0.968743264675,-0.966560065746,-0.964340567589],"var":[0.0060410941951,0.00474354624748,0.00474473228678,0.00223301909864,0.00104282237589,0.00331423222087]},"spectral_contrast_valleys":{"dmean":[0.356227219105,0.363668769598,0.294572770596,0.247242406011,0.180970877409,0.286958068609],"dmean2":[0.587510287762,0.594599127769,0.476168423891,0.392846941948,0.28309494257,0.373766839504],"dvar":[0.0953048467636,0.111431986094,0.0711666196585,0.0583213381469,0.0462252907455,0.136770829558],"dvar2":[0.229696780443,0.264382153749,0.144824013114,0.108803227544,0.0697724074125,0.205085709691],"max":[-4.96985530853,-4.4782948494,-5.53744363785,-6.05139493942,-5.69082355499,-7.85886335373],"mean":[-6.65805149078,-6.67021179199,-7.2517952919,-7.50263977051,-7.06862068176,-10.3461618423],"median":[-6.36591768265,-6.43291568756,-6.99144935608,-7.23239374161,-6.74461603165,-10.0128946304],"min":[-27.9163990021,-27.6748085022,-27.9231948853,-27.593120575,-27.5325889587,-27.3855800629],"var":[3.82345986366,3.60731458664,3.43581295013,3.33934998512,3.48762798309,3.391964674]},"spectral_decrease":{"dmean":3.69178021487e-9,"dmean2":5.9221045845e-9,"dvar":2.23189376571e-17,"dvar2":5.55426304166e-17,"max":7.93630630129e-17,"mean":-1.13791571721e-8,"median":-1.03526813788e-8,"min":-3.78172764215e-8,"var":3.34939822965e-17},"spectral_energy":{"dmean":0.0141180697829,"dmean2":0.022602705285,"dvar":0.000323463638779,"dvar2":0.000803092319984,"max":0.145737037063,"mean":0.0451990552247,"median":0.0414258614182,"min":1.0196600481e-20,"var":0.000494763837196},"spectral_energyband_high":{"dmean":0.000401463854359,"dmean2":0.000570729142055,"dvar":5.20857952324e-7,"dvar2":9.49122295424e-7,"max":0.0180366486311,"mean":0.00121297792066,"median":0.000799904053565,"min":7.23692805442e-21,"var":0.0000018615061208},"spectral_energyband_low":{"dmean":0.0112424725667,"dmean2":0.0185700077564,"dvar":0.000279279542156,"dvar2":0.000713744957466,"max":0.135581701994,"mean":0.023760298267,"median":0.0195491760969,"min":1.44110198794e-23,"var":0.000360291043762},"spectral_energyband_middle_high":{"dmean":0.0017266998766,"dmean2":0.00258963415399,"dvar":0.00000495815402246,"dvar2":0.0000106330726339,"max":0.038235206157,"mean":0.00577897019684,"median":0.00433664023876,"min":1.09272002849e-21,"var":0.0000228433018492},"spectral_energyband_middle_low":{"dmean":0.00752637907863,"dmean2":0.0119300354272,"dvar":0.000152023465489,"dvar2":0.000361178070307,"max":0.13425399363,"mean":0.0173273012042,"median":0.0136343603954,"min":1.90885797677e-22,"var":0.000228683420573},"spectral_entropy":{"dmean":0.113139726222,"dmean2":0.166844576597,"dvar":0.0131457010284,"dvar2":0.0273065958172,"max":9.82134532928,"mean":7.73143672943,"median":7.75940656662,"min":5.27106380463,"var":0.175531744957},"spectral_flux":{"dmean":0.0306635592133,"dmean2":0.0464077182114,"dvar":0.00118060095701,"dvar2":0.00243753031828,"max":0.325884610415,"mean":0.108682647347,"median":0.098487727344,"min":6.32282629032e-11,"var":0.00295839947648},"spectral_kurtosis":{"dmean":1.27424132824,"dmean2":2.18157100677,"dvar":6.2027053833,"dvar2":18.6525669098,"max":94.8445968628,"mean":3.30309462547,"median":2.52701616287,"min":-1.26303350925,"var":28.8992404938},"spectral_rms":{"dmean":0.000960022793151,"dmean2":0.00151150801685,"dvar":0.00000113323142159,"dvar2":0.00000273883574664,"max":0.0119240293279,"mean":0.00641124136746,"median":0.00635731639341,"min":3.15402955489e-12,"var":0.00000299248222291},"spectral_rolloff":{"dmean":441.851318359,"dmean2":739.575744629,"dvar":546912.1875,"dvar2":1166413.875,"max":19336.8164062,"mean":1258.11218262,"median":732.12890625,"min":64.599609375,"var":5062710},"spectral_skewness":{"dmean":0.177142947912,"dmean2":0.286461651325,"dvar":0.0419170372188,"dvar2":0.112992934883,"max":7.53352880478,"mean":1.16789066792,"median":1.11767220497,"min":-0.072525896132,"var":0.291050940752},"spectral_spread":{"dmean":379666.40625,"dmean2":519193.375,"dvar":393761456128,"dvar2":610070822912,"max":42566588,"mean":4590641,"median":4262943,"min":929418.75,"var":8961432485890},"spectral_strongpeak":{"dmean":0.432933717966,"dmean2":0.758471012115,"dvar":0.562904536724,"dvar2":1.48483085632,"max":9.96018695831,"mean":0.662427961826,"median":0.417309194803,"min":0,"var":0.657809138298},"zerocrossingrate":{"dmean":0.00888735242188,"dmean2":0.0108308643103,"dvar":0.000104671409645,"dvar2":0.00011906564032,"max":0.6171875,"mean":0.0577651932836,"median":0.0478515625,"min":0.00244140625,"var":0.00392106641084}},"metadata":{"audio_properties":{"analysis_sample_rate":44100,"bit_rate":192027,"codec":"mp3","downmix":"mix","equal_loudness":0,"length":182.595916748,"lossless":false,"md5_encoded":"b687b6fc570b43d7586ed8939d9e58c5","replay_gain":-14.3740158081,"sample_rate":44100},"tags":{"album":["Sonic Boom"],"albumartist":["Kiss"],"artist":["Kiss"],"date":["2009"],"file_name":"1535967.mp3","genre":["hard rock"],"musicbrainz_recordingid":["1fe9fa4a-4f20-43c8-bc6a-2f67760910f6"],"title":["Yes I Know (Nobody's Perfect)"]},"version":{"essentia":"2.1-beta2","essentia_build_sha":"70f2e5ece6736b2c40cc944ad0e695b16b925413","essentia_git_sha":"v2.1_beta2","extractor":"music 1.0"}},"rhythm":{"beats_count":396,"beats_loudness":{"dmean":0.0210256315768,"dmean2":0.0373777486384,"dvar":0.000247787276749,"dvar2":0.000790960388258,"max":0.115274466574,"mean":0.0559403635561,"median":0.0554228946567,"min":0,"var":0.000428710365668},"beats_loudness_band_ratio":{"dmean":[0.156467720866,0.162642598152,0.0811317935586,0.05873715505,0.0341968275607,0.0347257964313],"dmean2":[0.266113370657,0.307525008917,0.142284378409,0.105286933482,0.0606112889946,0.0613046437502],"dvar":[0.0166535153985,0.0140715669841,0.00832943897694,0.00648420490324,0.00163403933402,0.0042914384976],"dvar2":[0.0479367785156,0.0482186749578,0.0230716038495,0.0177999231964,0.00460009649396,0.00726558640599],"max":[0.996484816074,0.668107867241,0.580542862415,0.57998251915,0.26035296917,0.904306352139],"mean":[0.65924012661,0.174773171544,0.092873416841,0.0621840506792,0.0480226501822,0.0531609244645],"median":[0.681646108627,0.130935132504,0.0620874166489,0.0330363586545,0.0380877293646,0.0393189936876],"min":[0,0,0,0,0,0],"var":[0.031761996448,0.0190280359238,0.00851703807712,0.00609859917313,0.00162211013958,0.00615746155381]},"beats_position":[0.46439909935,0.940408170223,1.4164172411,1.89242625237,2.3684353