{"lowlevel":{"average_loudness":0.949174761772,"barkbands":{"dmean":[0.00450784340501,0.0109178815037,0.00306446896866,0.00144724862184,0.00314655969851,0.00132704433054,0.00122849212494,0.00117591838352,0.000953250506427,0.000818980275653,0.00125135760754,0.00154133478645,0.000496437598485,0.000293334684102,0.000191952261957,0.000179058610229,0.000124429090647,0.000119706004625,0.0000771914128563,0.0000349069196091,0.000028491638659,0.0000173823882506,0.0000105956978587,0.00000450792094853,0.00000237899757849,0.00000753668427933,0.0000952201007749],"dmean2":[0.0077266250737,0.0188082400709,0.00533296260983,0.0024730428122,0.00527400989085,0.00211733416654,0.0019312860677,0.00190164579544,0.00153734663036,0.00131863879506,0.00205534556881,0.00258581759408,0.000829988042824,0.000492261548061,0.000319675193168,0.00030137153226,0.000206240802072,0.000201217917493,0.000121286131616,0.0000549105534446,0.0000434727080574,0.0000268014955509,0.0000164241282619,0.00000714145789971,0.00000395406186726,0.0000115604780149,0.000153237662744],"dvar":[0.000117413146654,0.000363087106962,0.0000199104324565,0.00000733598108127,0.0000536250918231,0.00000925025506149,0.0000107112655314,0.00000581477570449,0.00000763443040341,0.0000043756363084,0.00000667188032821,0.00000377770743398,4.53343858453e-7,1.09403870852e-7,6.5013828987e-8,5.58466837219e-8,3.44012534015e-8,4.46714061297e-8,1.56433888066e-8,2.83621082176e-9,2.44728992627e-9,8.65519267368e-10,4.48975773226e-10,6.69193381264e-11,1.67112521737e-11,2.1510301873e-10,1.07468602906e-8],"dvar2":[0.000296712125419,0.00100659090094,0.0000566441885894,0.0000202134597203,0.000141562341014,0.0000211312235479,0.0000248351225309,0.0000140660613397,0.0000178937625606,0.0000105238568722,0.0000166030713444,0.0000103368365671,0.00000116184560284,2.90138984838e-7,1.66231586718e-7,1.49238900349e-7,8.55721040693e-8,1.15592911243e-7,3.62028025336e-8,6.41624486875e-9,5.40800160209e-9,2.01822825119e-9,1.04340602824e-9,1.53325269148e-10,4.02942089417e-11,4.79678741172e-10,2.6390557295e-8],"max":[0.164837449789,0.260783135891,0.0791720226407,0.0533902496099,0.105013459921,0.0790768265724,0.122266635299,0.0539937615395,0.0871525853872,0.0732237845659,0.05797117576,0.0460033863783,0.0130589529872,0.00569620821625,0.0065422616899,0.00481001148,0.00290373340249,0.00229978258722,0.00158588541672,0.00134763983078,0.00185723672621,0.000585713773035,0.000347319204593,0.000149850558955,0.0000665282350383,0.00030075723771,0.00203506019898],"mean":[0.0038084750995,0.0129625033587,0.00365277426317,0.00170017022174,0.0037005385384,0.00194819364697,0.00186933018267,0.00168986304197,0.00134165305644,0.00117607519496,0.00195817835629,0.00279417214915,0.00089710339671,0.000568728370126,0.000372446578695,0.000356671691407,0.000226897551329,0.000161677307915,0.000130939370138,0.0000755237633712,0.0000615422686678,0.0000320840263157,0.0000148075368998,0.00000562807781535,0.00000237260746871,0.0000111347872007,0.000377013435354],"median":[0.000997530994937,0.0082881283015,0.00221831304953,0.000854481069837,0.00140481279232,0.000992454821244,0.000830579374451,0.000793403596617,0.000536320963874,0.000545719580259,0.00116906769108,0.00216276571155,0.000647735549137,0.000474176951684,0.000287182745524,0.000255590392044,0.000146881502587,0.000084598272224,0.0000765452059568,0.0000519801396877,0.0000389263295801,0.0000174997949216,0.0000068285908128,0.00000268981739282,8.87921146386e-7,0.00000544898739463,0.000326230976498],"min":[1.21086569495e-24,5.20695450214e-24,9.46186590993e-25,1.80189793591e-24,6.95254749094e-24,1.30552322517e-23,1.33510353696e-23,9.06504994194e-24,4.77521171757e-24,3.22726467314e-23,1.50099057237e-23,3.15028699492e-23,3.62606131309e-23,7.56762659859e-23,6.40325464962e-23,5.0556896347e-23,8.2346166981e-23,1.40963473664e-22,1.57926595833e-22,2.61164734147e-22,2.63861855893e-22,3.15120775337e-22,4.48334062949e-22,6.33044139967e-22,9.55496298256e-22,1.34741542164e-21,2.00411604865e-21],"var":[0.000095517047157,0.000295008387184,0.0000210047801374,0.00000779618676461,0.0000534709834028,0.0000140204001582,0.000017888020011,0.00000948037904891,0.0000118203697639,0.00000623993582849,0.0000101713503682,0.00000673991235089,8.24178357561e-7,1.85464884339e-7,1.07224664703e-7,1.09158179384e-7,5.85571271472e-8,4.76083918954e-8,2.48637270772e-8,7.44572359324e-9,6.48637987766e-9,1.77865655537e-9,5.97457472384e-10,8.05336491938e-11,1.83220955768e-11,3.0732966172e-10,5.72660781017e-8]},"barkbands_crest":{"dmean":3.16813993454,"dmean2":5.27680110931,"dvar":7.09301757812,"dvar2":19.0800132751,"max":23.7740974426,"mean":9.52354335785,"median":8.86484146118,"min":2.53847503662,"var":13.5484113693},"barkbands_flatness_db":{"dmean":0.0245975945145,"dmean2":0.0395370125771,"dvar":0.000463729928015,"dvar2":0.00122195703443,"max":0.335869014263,"mean":0.133136361837,"median":0.129640489817,"min":0.025342034176,"var":0.00123372883536},"barkbands_kurtosis":{"dmean":2.94363164902,"dmean2":4.9050359726,"dvar":21.1993713379,"dvar2":54.9103317261,"max":100.408370972,"mean":4.19479417801,"median":2.74175095558,"min":-1.73938810825,"var":25.077747345},"barkbands_skewness":{"dmean":0.605492651463,"dmean2":0.976762890816,"dvar":0.370864778757,"dvar2":0.948991537094,"max":8.49771785736,"mean":1.59231364727,"median":1.44850158691,"min":-2.0778491497,"var":0.756094276905},"barkbands_spread":{"dmean":4.9646897316,"dmean2":8.03882408142,"dvar":19.788351059,"dvar2":50.5846557617,"max":118.34815979,"mean":22.6716098785,"median":22.3646202087,"min":1.8276078701,"var":63.3017730713},"dissonance":{"dmean":0.0164310354739,"dmean2":0.0283094961196,"dvar":0.000252857047599,"dvar2":0.000711282016709,"max":0.500000119209,"mean":0.475588768721,"median":0.480324447155,"min":0.315876960754,"var":0.000371823727619},"dynamic_complexity":2.60368704796,"erbbands":{"dmean":[0.483451962471,1.97573626041,3.62020277977,3.85303139687,8.18004894257,11.6555900574,8.27333831787,12.6466684341,15.6835002899,21.8696651459,25.2652187347,20.7424526215,24.4945659637,28.722366333,54.9735488892,57.6970481873,23.2655658722,14.8867235184,11.1178684235,9.18000602722,8.84039020538,6.50373363495,6.39176654816,5.28638505936,2.76002407074,1.66775262356,1.35086214542,0.992441833019,0.643316864967,0.461915642023,0.271973848343,0.136848717928,0.0558810792863,0.0273578763008,0.016875339672,0.0124470032752,0.0162090230733,0.0128495804965,0.00516996346414,0.00384368165396],"dmean2":[0.845278441906,3.38329172134,6.28212213516,6.55197429657,13.9810276031,19.5477638245,13.7894573212,20.1399364471,24.4971733093,34.7663040161,40.7904052734,33.2962226868,39.5096473694,46.7217788696,90.3821334839,96.5546569824,38.5742149353,24.7093448639,18.4579715729,15.3044500351,14.7364301682,10.7256069183,10.6590652466,8.58590698242,4.3205165863,2.61679244041,2.07209086418,1.51919972897,0.989624738693,0.713590979576,0.422156572342,0.214338004589,0.0897511690855,0.0453407503664,0.0279775504023,0.0199879463762,0.0247763041407,0.0188832413405,0.00757729820907,0.00628392072394],"dvar":[1.09134066105,8.35391712189,24.8987598419,39.8535232544,299.258758545,967.696411133,303.595947266,978.578186035,1894.96020508,2929.39648438,3399.61767578,3942.68408203,5595.64208984,5617.88134766,7908.95068359,5948.56298828,903.212768555,314.808105469,191.727752686,148.141693115,152.633514404,96.0178070068,123.03490448,91.8017349243,17.5331020355,6.34325885773,5.14493846893,3.07999706268,1.12052595615,0.76571983099,0.297974765301,0.0752071887255,0.00899012945592,0.00214536651038,0.000829868833534,0.000400845659897,0.00114845763892,0.000567834125832,0.000057668385125,0.0000151514941535],"dvar2":[3.00122261047,23.4004573822,70.8536224365,109.384651184,794.509155273,2501.66333008,794.322937012,2219.85644531,4102.25976562,6989.76269531,8450.71289062,9093.13574219,13837.0283203,14321.7695312,19672.4648438,16018.1152344,2322.05810547,819.288818359,490.129364014,387.062316895,401.502105713,236.571029663,316.763458252,226.036636353,40.5781745911,14.4050731659,11.5021572113,7.02411556244,2.58630537987,1.79984939098,0.678923785686,0.173652693629,0.0208103116602,0.00515726720914,0.00200057425536,0.000927426794078,0.00259482022375,0.00127331074327,0.000120877666632,0.0000398178199248],"max":[11.8739814758,40.9998435974,81.887878418,99.438835144,269.197937012,478.453857422,641.153137207,874.477722168,1433.83288574,2732.23999023,1438.24487305,2686.50341797,2342.98535156,2867.01879883,2702.00439453,1668.98522949,560.918334961,330.965118408,305.579650879,178.885452271,300.796600342,138.8462677,114.714538574,122.802558899,63.3426551819,61.3281555176,88.1873397827,55.9223022461,22.7054271698,13.4620580673,9.14358520508,4.69897079468,1.9756963253,0.769257307053,0.467350155115,0.299268960953,0.719590246677,0.352150499821,0.222797036171,0.0926030501723],"mean":[0.46608120203,2.52098894119,4.63092088699,5.210688591,9.41321086884,13.1966314316,10.8635416031,18.2829933167,24.1310901642,33.5014686584,36.5962142944,30.5588035583,35.5105209351,47.2249069214,99.6757049561,106.546821594,48.1088676453,31.1584606171,23.3600406647,19.34009552,18.5684719086,12.4888906479,9.19894886017,7.93061733246,5.21330976486,3.62737679482,2.92467570305,2.02623677254,1.22027301788,0.736208736897,0.377156317234,0.17420181632,0.0678264945745,0.0282406788319,0.0171715114266,0.0153628047556,0.0236461888999,0.0250572059304,0.0170235969126,0.0182607714087],"median":[0.224910959601,1.72855269909,3.08427119255,3.12071323395,4.06469535828,4.11821556091,5.44031047821,8.28396987915,9.05045795441,17.4310302734,17.2562294006,12.7267150879,13.6725788116,27.3765354156,71.2776489258,81.0422363281,37.2893943787,25.5825996399,19.1406269073,14.5892391205,13.3858356476,8.07863521576,5.14169788361,4.34197902679,3.31159162521,2.44799661636,1.90311741829,1.21914386749,0.685083508492,0.357651174068,0.175214931369,0.0810963064432,0.0325975380838,0.0114485062659,0.00671920273453,0.00777206849307,0.011248646304,0.0134681900963,0.0129197388887,0.016882000491],"min":[1.72368076788e-22,1.26770406902e-21,2.21740666986e-21,7.88133729452e-21,9.7291666945e-21,2.10061983414e-20,3.01654319393e-20,1.03388917022e-19,1.99657747675e-19,2.01626631403e-19,3.06519815143e-19,2.38972013677e-19,8.2257967889e-19,6.73655684068e-19,8.62844401266e-19,1.21195690937e-18,1.69447938142e-18,3.65941063399e-18,3.20735146614e-18,1.92956256054e-18,3.46815613661e-18,5.0826427067e-18,7.07174572773e-18,7.17858603001e-18,8.35801323461e-18,1.17574310759e-17,9.9922921688e-18,1.22122191126e-17,1.20200948348e-17,1.57545497755e-17,1.29046635839e-17,1.11276165847e-17,1.16965489285e-17,1.00930005812e-17,7.27317578741e-18,4.64117641378e-18,2.57704687041e-18,1.09808753644e-18,2.64306358641e-19,2.8565095948e-20],"var":[0.786710619926,7.97908067703,26.8765239716,45.7524833679,288.603912354,1020.21630859,319.577331543,1549.32202148,3802.51708984,4315.15869141,5245.89160156,5897.18066406,8168.31396484,7629.64306641,13559.7949219,10607.4238281,1803.72558594,594.39263916,329.057952881,272.16619873,297.665618896,169.50680542,138.044555664,110.448822021,33.6928062439,17.4017791748,13.5498523712,7.18411827087,2.55488038063,1.17890250683,0.397169023752,0.0881356596947,0.0109540559351,0.00238716951571,0.000917637138627,0.000505711417645,0.00151635345537,0.00117638730444,0.000249335425906,0.0000939727397054]},"erbbands_crest":{"dmean":2.86342859268,"dmean2":4.78538513184,"dvar":6.22917604446,"dvar2":16.4848442078,"max":27.3972091675,"mean":9.12677192688,"median":8.53697490692,"min":2.16105270386,"var":12.0273256302},"erbbands_flatness_db":{"dmean":0.0217008721083,"dmean2":0.0335819162428,"dvar":0.00033357553184,"dvar2":0.000780850066803,"max":0.320056796074,"mean":0.16198323667,"median":0.158337563276,"min":0.0404522381723,"var":0.00118931790348},"erbbands_kurtosis":{"dmean":1.08324146271,"dmean2":1.75069224834,"dvar":1.28649568558,"dvar2":3.33757185936,"max":18.2685451508,"mean":1.15736222267,"median":0.812847018242,"min":-1.57482409477,"var":2.65194010735},"erbbands_skewness":{"dmean":0.314492344856,"dmean2":0.49983009696,"dvar":0.0693397819996,"dvar2":0.171108230948,"max":2.73690223694,"mean":-0.115806184709,"median":-0.140862166882,"min":-2.13211655617,"var":0.257036983967},"erbbands_spread":{"dmean":5.56057357788,"dmean2":8.85565567017,"dvar":25.3739891052,"dvar2":62.2661056519,"max":86.1815109253,"mean":21.5694332123,"median":20.3460960388,"min":3.48907876015,"var":71.7192764282},"gfcc":{"cov":[[10194.7724609,171.680343628,-352.036499023,145.096420288,-287.426177979,-155.265899658,6.35334825516,-39.0339736938,-92.9286117554,-54.083026886,-37.3101348877,72.697227478,-73.8531799316],[171.680343628,558.61895752,-30.6313915253,-173.643600464,134.038909912,-62.9823989868,-3.89507389069,-39.9060287476,26.6541633606,-23.5977249146,43.4585151672,-59.2389183044,55.2882957458],[-352.036499023,-30.6313915253,169.910995483,34.8633041382,-22.7099018097,80.9083404541,-63.5567131042,40.2942008972,-22.6008281708,19.2955131531,-1.37423789501,-2.09456801414,12.9849500656],[145.096420288,-173.643600464,34.8633041382,246.512786865,27.7015075684,-21.8793849945,45.391040802,-19.657119751,-16.8430957794,-9.99529743195,-24.7515563965,33.619808197,-41.5775985718],[-287.426177979,134.038909912,-22.7099018097,27.7015075684,175.469818115,6.26129961014,38.5715255737,-22.7546310425,14.3572416306,-19.231803894,14.8924922943,-17.5993175507,13.3802165985],[-155.265899658,-62.9823989868,80.9083404541,-21.8793849945,6.26129961014,156.023620605,-17.7303352356,51.1393699646,-10.5545148849,20.3127002716,5.30446529388,1.2994787693,18.4391841888],[6.35334825516,-3.89507389069,-63.5567131042,45.391040802,38.5715255737,-17.7303352356,143.350540161,-17.7304973602,39.1828842163,0.116241768003,-2.24936151505,18.1035518646,-19.8849906921],[-39.0339736938,-39.9060287476,40.2942008972,-19.657119751,-22.7546310425,51.1393699646,-17.7304973602,104.517410278,12.9612207413,28.8793792725,10.6466217041,-15.1084127426,10.4815702438],[-92.9286117554,26.6541633606,-22.6008281708,-16.8430957794,14.3572416306,-10.5545148849,39.1828842163,12.9612207413,89.9147033691,33.1321411133,11.6320810318,7.74639177322,-18.0422611237],[-54.083026886,-23.5977249146,19.2955131531,-9.99529743195,-19.231803894,20.3127002716,0.116241768003,28.8793792725,33.1321411133,67.164390564,32.1474571228,3.32580947876,6.2496175766],[-37.3101348877,43.4585151672,-1.37423789501,-24.7515563965,14.8924922943,5.30446529388,-2.24936151505,10.6466217041,11.6320810318,32.1474571228,51.9269752502,14.4258537292,17.4890575409],[72.697227478,-59.2389183044,-2.09456801414,33.619808197,-17.5993175507,1.2994787693,18.1035518646,-15.1084127426,7.74639177322,3.32580947876,14.4258537292,57.3778343201,4.67152166367],[-73.8531799316,55.2882957458,12.9849500656,-41.5775985718,13.3802165985,18.4391841888,-19.8849906921,10.4815702438,-18.0422611237,6.2496175766,17.4890575409,4.67152166367,61.2155914307]],"icov":[[0.000182421659702,-0.000709626241587,0.00115447095595,-0.000826440344099,0.000799265690148,-0.000662602076773,0.00042717915494,-0.000333957286784,0.000400994991651,-0.000430812011473,0.000513491162565,-0.000585543515626,0.000335777294822],[-0.000709626241587,0.00858397968113,-0.00822724308819,0.00687226792797,-0.00571795506403,0.00610863789916,-0.00336554390378,0.00385053060018,-0.00475472817197,0.00722559820861,-0.00867019966245,0.00841528922319,-0.0048431311734],[0.00115447095595,-0.00822724308819,0.0216442290694,-0.0120861539617,0.00876327231526,-0.0124663794413,0.00888812914491,-0.00385652342811,0.00286691263318,-0.00660097738728,0.00676980428398,-0.00475155608729,0.00135792128276],[-0.000826440344099,0.00687226792797,-0.0120861539617,0.0173963978887,-0.0129053173587,0.0109158772975,-0.00567531306297,-0.000572439515963,0.00621026800945,-0.00495981564745,0.00576815521345,-0.00756613677368,0.00622880319133],[0.000799265690148,-0.00571795506403,0.00876327231526,-0.0129053173587,0.0197575483471,-0.0105721233413,0.00116412853822,0.00347134377807,-0.00813173875213,0.0113599039614,-0.0119866831228,0.0118250958622,-0.00688009802252],[-0.000662602076773,0.00610863789916,-0.0124663794413,0.0109158772975,-0.0105721233413,0.0177742820233,-0.00461354339495,-0.00333549967036,0.00406050356105,-0.00349663174711,0.00308839371428,-0.00395537074655,0.000744461722206],[0.00042717915494,-0.00336554390378,0.00888812914491,-0.00567531306297,0.00116412853822,-0.00461354339495,0.013244391419,-0.00117902038619,-0.00230978894979,-0.00312265730463,0.00481037003919,-0.00528308842331,0.00212127366103],[-0.000333957286784,0.00385053060018,-0.00385652342811,-0.000572439515963,0.00347134377807,-0.00333549967036,-0.00117902038619,0.0180324912071,-0.00942767132074,0.00665690517053,-0.0118506392464,0.0153650119901,-0.00792110525072],[0.000400994991651,-0.00475472817197,0.00286691263318,0.00621026800945,-0.00813173875213,0.00406050356105,-0.00230978894979,-0.00942767132074,0.0316735953093,-0.0269448012114,0.0210178922862,-0.0227243676782,0.017621781677],[-0.000430812011473,0.00722559820861,-0.00660097738728,-0.00495981564745,0.0113599039614,-0.00349663174711,-0.00312265730463,0.00665690517053,-0.0269448012114,0.0537983700633,-0.0434736087918,0.0297149773687,-0.015879444778],[0.000513491162565,-0.00867019966245,0.00676980428398,0.00576815521345,-0.0119866831228,0.00308839371428,0.00481037003919,-0.0118506392464,0.0210178922862,-0.0434736087918,0.0646990612149,-0.0386244431138,0.0113095613196],[-0.000585543515626,0.00841528922319,-0.00475155608729,-0.00756613677368,0.0118250958622,-0.00395537074655,-0.00528308842331,0.0153650119901,-0.0227243676782,0.0297149773687,-0.0386244431138,0.0533092170954,-0.0209427494556],[0.000335777294822,-0.0048431311734,0.00135792128276,0.00622880319133,-0.00688009802252,0.000744461722206,0.00212127366103,-0.00792110525072,0.017621781677,-0.015879444778,0.0113095613196,-0.0209427494556,0.0335644558072]],"mean":[6.66771554947,113.653038025,-101.094467163,-11.9575309753,-6.12067127228,-8.0531244278,7.47781276703,-18.7154846191,-1.58453416824,-7.14122676849,-0.122084707022,-0.516840457916,-7.26308345795]},"hfc":{"dmean":29.1611652374,"dmean2":47.7528762817,"dvar":832.444396973,"dvar2":2143.11401367,"max":686.614379883,"mean":125.13621521,"median":115.191558838,"min":1.0917579049e-16,"var":3876.32373047},"melbands":{"dmean":[0.00373800983652,0.00204039528035,0.000743406242691,0.000744766904972,0.000326574023347,0.000279498141026,0.000240728884819,0.000237912536249,0.000203786039492,0.000134105197503,0.000124494123156,0.000115147777251,0.000180586022907,0.000187287092558,0.0000998769828584,0.0000451485429949,0.0000287912116619,0.000020696044885,0.0000144969762914,0.000013052182112,0.0000110993360067,0.00000749316086512,0.00000599171698923,0.00000616880606685,0.00000436069740317,0.0000027082435281,0.00000140137296967,0.00000114173451493,9.37670392887e-7,7.57298778353e-7,5.76506579364e-7,3.80336473427e-7,3.48807702721e-7,2.39893040543e-7,1.71601925558e-7,1.16187230503e-7,7.23244895084e-8,4.21976231735e-8,2.73145079888e-8,2.18145714825e-8],"dmean2":[0.0064500644803,0.00350293284282,0.00125548697542,0.00125355890486,0.000544608687051,0.000442241260316,0.000376040319679,0.000379756529583,0.00033170855022,0.000215443127672,0.000200990878511,0.00018856524548,0.000294889265206,0.000313934171572,0.000166220444953,0.0000753327185521,0.0000482808827655,0.0000346551496477,0.0000243159211095,0.0000220029851334,0.0000185886474355,0.0000124848475025,0.00000989929685602,0.0000105240260382,0.00000709257574272,0.00000430389718531,0.00000225014628086,0.00000182773010238,0.00000146624211084,0.00000117921717901,8.95660321021e-7,5.96073050474e-7,5.47203057977e-7,3.77523292627e-7,2.69824624866e-7,1.82755698575e-7,1.14153003494e-7,6.78051463865e-8,4.50428565557e-8,3.63035255191e-8],"dvar":[0.0000550311415282,0.00000703189880369,0.00000158292073138,0.00000303333604279,5.71983605369e-7,4.6822395916e-7,4.10816454632e-7,2.92425568205e-7,2.43539290068e-7,1.81536805144e-7,1.4350031563e-7,8.7466347054e-8,1.12767949645e-7,5.78358019254e-8,1.85010211595e-8,4.39044089973e-9,1.17720522219e-9,6.20256512818e-10,3.829866424e-10,3.02740305047e-10,2.3535204341e-10,1.2577296149e-10,1.0088764546e-10,1.1953897594e-10,6.33283772644e-11,1.68399218181e-11,5.05770815853e-12,2.96902238038e-12,2.56774245963e-12,1.63586819871e-12,1.08612511346e-12,3.91025753443e-13,3.94995424173e-13,2.25312945927e-13,1.20820644071e-13,6.19526470597e-14,2.09298520897e-14,5.51737356567e-15,1.99012212078e-15,1.41712243729e-15],"dvar2":[0.000149938437971,0.0000197872559511,0.00000431251328337,0.00000799638200988,0.00000149871891608,0.00000105114804683,9.12198402148e-7,6.93201457125e-7,6.09574556165e-7,4.20417137548e-7,3.53808019327e-7,2.22678195883e-7,2.78525988051e-7,1.58092191782e-7,4.90208478254e-8,1.11843778683e-8,3.10687719995e-9,1.61525381959e-9,9.88257364831e-10,8.0908635347e-10,6.19680029512e-10,3.20167670154e-10,2.50483939146e-10,3.14833603632e-10,1.56226406811e-10,3.92304522201e-11,1.20319153946e-11,6.97785449214e-12,5.92875271446e-12,3.71694168499e-12,2.57834986001e-12,9.31998835746e-13,9.50497167952e-13,5.38929306997e-13,2.77184715068e-13,1.44750652979e-13,4.88033482442e-14,1.2834222041e-14,4.74978553261e-15,3.41875922984e-15],"max":[0.090200714767,0.0344416834414,0.0206195767969,0.0285012833774,0.025379113853,0.0175874438137,0.018410153687,0.0247310567647,0.0124568771571,0.0164174530655,0.0122448606417,0.010853830725,0.00843452289701,0.00648489221931,0.004224489443,0.00149074359797,0.000703222991433,0.000413786765421,0.000445120385848,0.000299989245832,0.000326977984514,0.000178939648322,0.00013129292347,0.000147017970448,0.000105561317469,0.0000584813060414,0.0000584900444665,0.0000395514543925,0.0000719970485079,0.0000331176343025,0.0000280950589513,0.0000138446366691,0.00000878561877471,0.00000699028350937,0.00000629954956821,0.00000455779399999,0.00000283486247099,0.00000187542366348,7.67653943967e-7,6.05990578606e-7],"mean":[0.00408503832296,0.00283616152592,0.00102130707819,0.000860381638631,0.000419301359216,0.000412364664953,0.000372187321773,0.000365628511645,0.000288638169877,0.000189386992133,0.000175148365088,0.000176880261279,0.000303810316836,0.000338339275913,0.00017703838239,0.0000819492270239,0.0000543453097634,0.0000389138331229,0.0000276700648101,0.0000243360300374,0.0000214608371607,0.0000137828737934,0.00000880791139934,0.00000789996374806,0.00000631035209153,0.00000459665034214,0.00000273534760709,0.00000231727904065,0.0000018809479343,0.00000150480934735,0.00000106792776933,6.98946109878e-7,5.62738819099e-7,3.49669818434e-7,2.31277795137e-7,1.47834768427e-7,8.85570869968e-8,5.12963609367e-8,2.93176327659e-8,2.15437427897e-8],"median":[0.0023442695383,0.00206277053803,0.000625807908364,0.000318470294587,0.000192777370103,0.000188862817595,0.000149865576532,0.000189108206541,0.000132224638946,0.0000741977710277,0.000066518150561,0.0000979220349109,0.000196633482119,0.00025837495923,0.000132692046463,0.0000585365887673,0.0000441476731794,0.000031183964893,0.0000211695241887,0.0000169090053532,0.0000152135417011,0.0000088624892669,0.00000505475099999,0.00000396999257646,0.00000337472192768,0.00000274308195003,0.0000018166283553,0.00000152401526066,0.00000122901826671,9.0597484359e-7,6.08332243246e-7,3.89420193869e-7,2.75617367151e-7,1.60754254352e-7,1.05392643945e-7,6.45470805694e-8,4.07174134409e-8,2.44447342368e-8,1.25860983857e-8,7.82781661712e-9],"min":[2.3839715766e-24,1.44757139678e-24,1.91338902815e-24,1.40783765627e-24,8.8571576805e-25,2.75002847738e-24,3.08999222601e-24,2.22817884478e-24,2.95146588447e-24,1.21734263741e-24,4.09430839939e-24,2.40191599282e-24,2.4375344432e-24,3.24066229232e-24,2.98874863414e-24,2.29593154413e-24,7.11486193307e-24,4.34630804341e-24,4.32085860174e-24,2.26749093913e-24,2.81111411879e-24,4.78581243042e-24,3.24711951326e-24,6.29219399933e-24,5.51264125836e-24,5.0841702744e-24,5.46536009114e-24,8.47519418842e-24,4.86474782475e-24,5.61603883493e-24,6.21199169439e-24,5.91129961099e-24,6.1877957527e-24,8.00748565746e-24,7.06903858081e-24,5.43523625419e-24,6.72407365126e-24,6.9436254741e-24,6.75829285961e-24,7.67754931702e-24],"var":[0.0000423821802542,0.00000794168954599,0.00000174202705239,0.00000306544393425,5.7871517356e-7,7.56248539346e-7,7.72070563926e-7,4.61615030645e-7,3.63576987183e-7,2.69450367796e-7,2.08369812071e-7,1.16275472806e-7,1.8419564185e-7,1.02817715231e-7,3.11431946898e-8,7.71356489793e-9,1.95224347799e-9,1.002176786e-9,6.26710516816e-10,5.59754576024e-10,4.34519087378e-10,2.21496918029e-10,1.2525026849e-10,1.19491000428e-10,7.51551876288e-11,2.90888303028e-11,1.04383966748e-11,7.66059611579e-12,5.85001231485e-12,3.92334342098e-12,2.25815286609e-12,8.57952326804e-13,6.52521385449e-13,3.09400454476e-13,1.59537856016e-13,7.16158631963e-14,2.34986387445e-14,6.57951307098e-15,2.29715419999e-15,1.54661334026e-15]},"melbands_crest":{"dmean":4.55596971512,"dmean2":7.56361341476,"dvar":17.24168396,"dvar2":45.7519683838,"max":36.5148696899,"mean":14.5810995102,"median":13.9057636261,"min":1.81019878387,"var":29.453584671},"melbands_flatness_db":{"dmean":0.0319801643491,"dmean2":0.0512780621648,"dvar":0.000729244668037,"dvar2":0.00190950918477,"max":0.502617061138,"mean":0.24628469348,"median":0.242988228798,"min":0.00370539957657,"var":0.00230338727124},"melbands_kurtosis":{"dmean":4.7019238472,"dmean2":7.81711816788,"dvar":52.9383277893,"dvar2":139.874343872,"max":107.206832886,"mean":5.26761960983,"median":2.82758903503,"min":-1.63400089741,"var":64.249382019},"melbands_skewness":{"dmean":0.810313224792,"dmean2":1.30269563198,"dvar":0.620866417885,"dvar2":1.62162470818,"max":9.10917377472,"mean":1.92131972313,"median":1.75917243958,"min":-0.997831881046,"var":1.35347747803},"melbands_spread":{"dmean":5.92790412903,"dmean2":9.61664962769,"dvar":27.0222473145,"dvar2":70.2080841064,"max":158.664596558,"mean":20.5495681763,"median":19.9886932373,"min":1.14938032627,"var":93.0575180054},"mfcc":{"cov":[[5802.10498047,365.627349854,-231.410293579,406.26348877,-345.603881836,52.163444519,-127.031677246,135.735687256,-145.681808472,8.32721710205,-44.69008255,6.99773216248,-119.300537109],[365.627349854,888.344970703,-168.696640015,-91.4647674561,63.6578559875,-18.1173496246,12.2517318726,-60.4419975281,20.6765842438,-17.9390583038,-2.01571273804,6.65520858765,51.5552330017],[-231.410293579,-168.696640015,243.73777771,-72.3491668701,39.6919403076,-16.1537628174,3.69473457336,-10.2124300003,1.2216360569,1.52585780621,5.92619180679,-5.68553590775,-4.47116613388],[406.26348877,-91.4647674561,-72.3491668701,280.413360596,-38.4895362854,45.8270492554,-7.57244968414,36.2046279907,-32.6043815613,8.02307987213,-10.9708280563,-8.39653301239,-41.6372756958],[-345.603881836,63.6578559875,39.6919403076,-38.4895362854,166.356018066,0.382989019156,35.6512031555,-16.875837326,14.7970132828,-13.8311662674,7.78696680069,-7.61811065674,19.0782356262],[52.163444519,-18.1173496246,-16.1537628174,45.8270492554,0.382989019156,115.33808136,16.8477325439,30.9396514893,-1.74717128277,4.57858228683,-12.962594986,7.40492343903,5.52579927444],[-127.031677246,12.2517318726,3.69473457336,-7.57244968414,35.6512031555,16.8477325439,91.7872085571,8.68821907043,20.4408531189,-7.99460172653,-2.26819944382,-4.50274705887,11.5132923126],[135.735687256,-60.4419975281,-10.2124300003,36.2046279907,-16.875837326,30.9396514893,8.68821907043,77.5500183105,9.23131561279,12.2041826248,-3.02704143524,3.08888912201,-12.2865819931],[-145.681808472,20.6765842438,1.2216360569,-32.6043815613,14.7970132828,-1.74717128277,20.4408531189,9.23131561279,60.5604019165,18.8759822845,14.8044300079,7.30709266663,14.412320137],[8.32721710205,-17.9390583038,1.52585780621,8.02307987213,-13.8311662674,4.57858228683,-7.99460172653,12.2041826248,18.8759822845,55.3249092102,24.5094795227,19.741897583,4.3546538353],[-44.69008255,-2.01571273804,5.92619180679,-10.9708280563,7.78696680069,-12.962594986,-2.26819944382,-3.02704143524,14.8044300079,24.5094795227,52.4560279846,25.8685112,13.3040771484],[6.99773216248,6.65520858765,-5.68553590775,-8.39653301239,-7.61811065674,7.40492343903,-4.50274705887,3.08888912201,7.30709266663,19.741897583,25.8685112,52.4683418274,28.2574939728],[-119.300537109,51.5552330017,-4.47116613388,-41.6372756958,19.0782356262,5.52579927444,11.5132923126,-12.2865819931,14.412320137,4.3546538353,13.3040771484,28.2574939728,56.5977630615]],"icov":[[0.000258907413809,-0.000241073983489,-0.0000970973051153,-0.000282781489659,0.000452323060017,0.0000515550091222,0.0000996979651973,-0.000475267472211,0.000438732415205,0.0000645931868348,-0.0000538262393093,-0.000153638175107,0.000241342786467],[-0.000241073983489,0.00182882929221,0.00150535919238,0.000842755136546,-0.00109126185998,-0.0000291780361295,-0.0000217531487579,0.00140515412204,-0.000633239687886,-0.000102489422716,0.000436171860201,0.000193791027414,-0.000785116106272],[-0.0000970973051153,0.00150535919238,0.00604800926521,0.00206945021637,-0.00187526340596,0.0000470478880743,-0.000156455964316,0.0010341583984,0.000629181449767,-0.0010490831919,0.0000238833054027,0.000125789345475,0.00116024981253],[-0.000282781489659,0.000842755136546,0.00206945021637,0.00572966039181,-0.000647048873361,-0.0016684604343,-0.000563421752304,-0.000196725130081,0.00218994985335,-0.00146112137008,-0.000257037580013,-0.000153372675413,0.00315955537371],[0.000452323060017,-0.00109126185998,-0.00187526340596,-0.000647048873361,0.00876386743039,-0.000601295148954,-0.00195191707462,-0.0000855493926792,-0.000183957308764,0.00227928487584,-0.00293507077731,0.00262857507914,-0.00194461236242],[0.0000515550091222,-0.0000291780361295,0.0000470478880743,-0.0016684604343,-0.000601295148954,0.011453602463,-0.00163690885529,-0.00387260015123,0.00115795910824,-0.00165301666129,0.00452999770641,-0.00223980192095,-0.00262599135749],[0.0000996979651973,-0.0000217531487579,-0.000156455964316,-0.000563421752304,-0.00195191707462,-0.00163690885529,0.0139729781076,-0.00175608310383,-0.00465896772221,0.00325671164319,-0.000185964687262,0.00208153482527,-0.00266248057596],[-0.000475267472211,0.00140515412204,0.0010341583984,-0.000196725130081,-0.0000855493926792,-0.00387260015123,-0.00175608310383,0.0186348818243,-0.00470127630979,-0.00222417875193,0.00211741356179,-0.00286757340655,0.0047669862397],[0.000438732415205,-0.000633239687886,0.000629181449767,0.00218994985335,-0.000183957308764,0.00115795910824,-0.00465896772221,-0.00470127630979,0.0252234805375,-0.0084314038977,-0.00335688074119,0.00340627250262,-0.00364736351185],[0.0000645931868348,-0.000102489422716,-0.0010490831919,-0.00146112137008,0.00227928487584,-0.00165301666129,0.00325671164319,-0.00222417875193,-0.0084314038977,0.0289743114263,-0.00992995593697,-0.00542952120304,0.00228216010146],[-0.0000538262393093,0.000436171860201,0.0000238833054027,-0.000257037580013,-0.00293507077731,0.00452999770641,-0.000185964687262,0.00211741356179,-0.00335688074119,-0.00992995593697,0.0327841825783,-0.0138976797462,0.00119773659389],[-0.000153638175107,0.000193791027414,0.000125789345475,-0.000153372675413,0.00262857507914,-0.00223980192095,0.00208153482527,-0.00286757340655,0.00340627250262,-0.00542952120304,-0.0138976797462,0.0386263988912,-0.0187843386084],[0.000241342786467,-0.000785116106272,0.00116024981253,0.00315955537371,-0.00194461236242,-0.00262599135749,-0.00266248057596,0.0047669862397,-0.00364736351185,0.00228216010146,0.00119773659389,-0.0187843386084,0.0336468964815]],"mean":[-654.158935547,178.249725342,-28.8635406494,19.480682373,-1.82543873787,23.0951709747,7.7778673172,9.87487030029,0.0672214180231,1.3906339407,0.268578082323,8.67984390259,7.48659229279]},"pitch_salience":{"dmean":0.089442871511,"dmean2":0.14799541235,"dvar":0.00611928431317,"dvar2":0.0163237694651,"max":0.939564108849,"mean":0.575829327106,"median":0.590061306953,"min":0.122413933277,"var":0.0110634369776},"silence_rate_20dB":{"dmean":0,"dmean2":0,"dvar":0,"dvar2":0,"max":1,"mean":1,"median":1,"min":1,"var":0},"silence_rate_30dB":{"dmean":0.0526766180992,"dmean2":0.105363257229,"dvar":0.0499010756612,"dvar2":0.121463827789,"max":1,"mean":0.95826202631,"median":1,"min":0,"var":0.0399941392243},"silence_rate_60dB":{"dmean":0.0013311781222,"dmean2":0.00266260933131,"dvar":0.00132942595519,"dvar2":0.00341632729396,"max":1,"mean":0.0351777896285,"median":0,"min":0,"var":0.0339406132698},"spectral_centroid":{"dmean":155.840667725,"dmean2":244.021087646,"dvar":30771.4882812,"dvar2":63783.5234375,"max":11328.0390625,"mean":1033.99658203,"median":972.467285156,"min":238.348510742,"var":290893.71875},"spectral_complexity":{"dmean":3.59246945381,"dmean2":5.64530229568,"dvar":10.8199882507,"dvar2":24.3261623383,"max":48,"mean":23.3488311768,"median":23,"min":0,"var":52.1798171997},"spectral_contrast_coeffs":{"dmean":[0.0559954829514,0.0486753918231,0.0404188930988,0.0272583346814,0.01987375319,0.039097007364],"dmean2":[0.0931237414479,0.0814909040928,0.0679681748152,0.0462458617985,0.0332219526172,0.0616549737751],"dvar":[0.00209379359148,0.0015047932975,0.000996959861368,0.000449190294603,0.000276177452179,0.00102854834404],"dvar2":[0.00565574737266,0.00417146412656,0.00282470602542,0.00128424330615,0.000744997232687,0.00246257171966],"max":[-0.392582386732,-0.443332970142,-0.557296872139,-0.658190906048,-0.706719458103,-0.532626271248],"mean":[-0.700648844242,-0.775315225124,-0.789083600044,-0.811074972153,-0.814617991447,-0.739073574543],"median":[-0.706049919128,-0.781492829323,-0.792336046696,-0.812469959259,-0.815583765507,-0.736019492149],"min":[-0.969893872738,-0.971101403236,-0.976226568222,-0.970685839653,-0.968278229237,-0.9629778862],"var":[0.00498698838055,0.00369378598407,0.0022694284562,0.00105171522591,0.000750487262849,0.00408044923097]},"spectral_contrast_valleys":{"dmean":[0.413419753313,0.342623025179,0.278869539499,0.22687907517,0.262681275606,0.58041870594],"dmean2":[0.678194403648,0.559251248837,0.456119656563,0.372152507305,0.396355211735,0.911846578121],"dvar":[0.123792387545,0.0891441330314,0.0657759383321,0.0515880025923,0.0894562080503,0.230563625693],"dvar2":[0.297528505325,0.204659834504,0.141613036394,0.104338392615,0.174574553967,0.574256598949],"max":[-4.79906511307,-4.41085100174,-4.84625291824,-5.6797914505,-6.16565752029,-8.99119091034],"mean":[-6.67182540894,-6.27103090286,-6.42073631287,-6.96336126328,-7.65893220901,-11.2272195816],"median":[-6.51133012772,-6.11407375336,-6.27514743805,-6.81097078323,-7.45468330383,-11.1000671387],"min":[-28.1210269928,-27.8081283569,-27.8676223755,-27.5758724213,-27.4128456116,-27.3925056458],"var":[1.68289124966,1.69748008251,1.62408447266,1.48961877823,1.60674190521,1.46743774414]},"spectral_decrease":{"dmean":5.25608845336e-9,"dmean2":8.6695628454e-9,"dvar":6.19467156586e-17,"dvar2":1.60635020652e-16,"max":5.72992486791e-10,"mean":-9.3245668964e-9,"median":-7.1516219613e-9,"min":-9.30957639866e-8,"var":6.99278306645e-17},"spectral_energy":{"dmean":0.0203942004591,"dmean2":0.033671669662,"dvar":0.000916263670661,"dvar2":0.0023719095625,"max":0.361139804125,"mean":0.0465432442725,"median":0.0389305502176,"min":1.02479947311e-20,"var":0.0011411748128},"spectral_energyband_high":{"dmean":0.000129351639771,"dmean2":0.000193520114408,"dvar":2.95137549955e-8,"dvar2":6.34306900338e-8,"max":0.00374576076865,"mean":0.000397364608943,"median":0.000313656550134,"min":7.38845154833e-21,"var":1.10506043427e-7},"spectral_energyband_low":{"dmean":0.0154519854113,"dmean2":0.0262951832265,"dvar":0.000680540455505,"dvar2":0.00183394551277,"max":0.307280391455,"mean":0.0202783290297,"median":0.0139852017164,"min":1.75756000873e-23,"var":0.000592138036154},"spectral_energyband_middle_high":{"dmean":0.00284038577229,"dmean2":0.00450904201716,"dvar":0.0000153430755745,"dvar2":0.0000374024966732,"max":0.095027089119,"mean":0.008480835706,"median":0.00706780422479,"min":1.25597268499e-21,"var":0.0000435882320744},"spectral_energyband_middle_low":{"dmean":0.00630024820566,"dmean2":0.0100978761911,"dvar":0.000115794951853,"dvar2":0.00029328421806,"max":0.145427212119,"mean":0.0126441335306,"median":0.00767479464412,"min":1.59204954396e-22,"var":0.000195869230083},"spectral_entropy":{"dmean":0.137211218476,"dmean2":0.208259314299,"dvar":0.0147796748206,"dvar2":0.0334955230355,"max":9.81986427307,"mean":7.49792766571,"median":7.5221118927,"min":6.49194669724,"var":0.0766585171223},"spectral_flux":{"dmean":0.0344529934227,"dmean2":0.0551520884037,"dvar":0.00177620386239,"dvar2":0.0037225887645,"max":0.484792888165,"mean":0.127965301275,"median":0.11604436487,"min":6.45482209349e-11,"var":0.00376782962121},"spectral_kurtosis":{"dmean":5.65109205246,"dmean2":8.71888160706,"dvar":45.1685142517,"dvar2":110.751068115,"max":121.946815491,"mean":23.0942401886,"median":20.1550712585,"min":-1.25553369522,"var":133.544082642},"spectral_rms":{"dmean":0.00130645022728,"dmean2":0.00209431699477,"dvar":0.0000023518055059,"dvar2":0.00000585496763961,"max":0.0187704954296,"mean":0.00633329851553,"median":0.00616287486628,"min":3.16196830004e-12,"var":0.00000529724275111},"spectral_rolloff":{"dmean":6031.3515625,"dmean2":11615.1455078,"dvar":69802392,"dvar2":157425424,"max":22028.4667969,"mean":8773.72949219,"median":2045.65429688,"min":43.06640625,"var":87738312},"spectral_skewness":{"dmean":0.40050265193,"dmean2":0.605680644512,"dvar":0.185620874166,"dvar2":0.424626141787,"max":8.51767635345,"mean":3.23044323921,"median":3.0363612175,"min":-0.0553237944841,"var":0.770120203495},"spectral_spread":{"dmean":408934.3125,"dmean2":637658.875,"dvar":317750640640,"dvar2":647253524480,"max":41972304,"mean":3437023.5,"median":3315801,"min":1485028.375,"var":3329414397950},"spectral_strongpeak":{"dmean":1.22820830345,"dmean2":2.26973748207,"dvar":34.8156242371,"dvar2":97.6237869263,"max":83.0215988159,"mean":1.01984882355,"median":0.244388461113,"min":0,"var":22.8480587006},"zerocrossingrate":{"dmean":0.0351341962814,"dmean2":0.0454101115465,"dvar":0.000827279349323,"dvar2":0.00136706896592,"max":0.51953125,"mean":0.230041652918,"median":0.22607421875,"min":0.0517578125,"var":0.00387554522604}},"metadata":{"audio_properties":{"analysis_sample_rate":44100,"bit_rate":320000,"codec":"mp3","downmix":"mix","equal_loudness":0,"length":244.193725586,"lossless":false,"md5_encoded":"1846f7d371b1919bb6bbc7ad64f67b0d","replay_gain":-8.08797264099,"sample_rate":44100},"tags":{"album":["Forbidden"],"albumartist":["Black Sabbath"],"albumartistsort":["Black Sabbath","Black Sabbath"],"artist":["Black Sabbath"],"artistsort":["Black Sabbath"],"asin":["B000000QHE"],"barcode":["724383062027"],"catalognumber":["30620-2"],"composer":["Black Sabbath/Tony Martin"],"date":["1995"],"discnumber":["1/1"],"file_name":"04. Black Sabbath - Shaking Off the Chains.mp3","genre":["Heavy Metal"],"label":["I.R.S. Records"],"language":["eng"],"media":["CD"],"musicbrainz album release country":["US"],"musicbrainz album status":["official"],"musicbrainz album type":["album"],"musicbrainz_albumartistid":["5182c1d9-c7d2-4dad-afa0-ccfeada921a8"],"musicbrainz_albumid":["ff1b1fda-a908-4a7d-a233-070259807376"],"musicbrainz_artistid":["5182c1d9-c7d2-4dad-afa0-ccfeada921a8"],"musicbrainz_recordingid":["1ff00023-30c3-4675-bee5-575cd254efd1"],"script":["Latn"],"title":["Shaking Off the Chains"],"tracknumber":["4/10"]},"version":{"essentia":"2.1-beta1","essentia_build_sha":"ca57ba49d9b1854bd80e60cf9ccf267278fb7d6b","essentia_git_sha":"v2.1_beta1-28-g21ef5f4-dirty","extractor":"music 1.0"}},"rhythm":{"beats_count":558,"beats_loudness":{"dmean":0.0226436201483,"dmean2":0.0403049252927,"dvar":0.000449382787338,"dvar2":0.00132392824162,"max":0.204333975911,"mean":0.0506611317396,"median":0.0477665923536,"min":1.10178692836e-8,"var":0.000703763100319},"beats_loudness_band_ratio":{"dmean":[0.192857787013,0.0809698700905,0.0775349885225,0.0882180631161,0.0256499964744,0.052543900907],"dmean2":[0.3285343647,0.142853602767,0.133402451873,0.15343503654,0.0444435067475,0.092072494328],"dvar":[0.0200112517923,0.00868541374803,0.00862680748105,0.00698233069852,0.000442880409537,0.00188609515317],"dvar2":[0.0602619946003,0.025