{"lowlevel":{"average_loudness":0.88151371479,"barkbands":{"dmean":[0.000252794154221,0.00603266013786,0.00917195528746,0.00397275481373,0.00545505341142,0.000824681075756,0.000202130162506,0.0000976643932518,0.0000825815295684,0.0000387284999306,0.0000360269878001,0.0000382089747291,0.0000377342948923,0.0000418481031375,0.0000318349266308,0.0000525681025465,0.0000617482146481,0.0000464366967208,0.0000529871686012,0.0000345880798704,0.0000286684298771,0.0000210941689147,0.0000141693126352,0.00000571615692024,0.00000399270265916,0.00000110595715341,3.71816014422e-7],"dmean2":[0.000437168695498,0.0100525356829,0.0144495032728,0.00669748010114,0.00889103580266,0.00136756431311,0.000341498962371,0.000170498824446,0.000132757573738,0.0000607789224887,0.0000540096480108,0.000061768485466,0.0000597996477154,0.000066759857873,0.0000513408449478,0.0000847292758408,0.000100735123851,0.0000766375378589,0.000087611580966,0.000055921227613,0.0000456071720691,0.0000320382969221,0.0000215035070141,0.0000080333884398,0.00000578189064981,0.00000160174192843,5.33608670139e-7],"dvar":[3.92412658812e-7,0.000111505447421,0.000164992714417,0.000039622955228,0.0000754139182391,0.00000302598778035,2.2604366734e-7,8.7524455239e-8,6.45504627528e-8,1.92315816605e-8,3.39795924731e-9,7.64184715507e-9,8.01028932074e-9,9.49271417028e-9,4.31505009502e-9,6.45168540814e-9,7.24989668299e-9,4.94042051713e-9,5.80193404431e-9,3.3647502562e-9,2.78966028056e-9,1.98871386026e-9,7.02749303194e-10,1.54253679274e-10,1.44507142363e-10,1.91379290887e-11,1.93816382214e-12],"dvar2":[0.00000109123845959,0.000296517828247,0.000423845514888,0.000109464075649,0.00020245941414,0.00000804355931905,6.39956965642e-7,2.43321295557e-7,1.55866899831e-7,3.595451048e-8,7.51773665542e-9,1.99779623955e-8,1.83122370601e-8,2.32139090173e-8,1.03239798932e-8,1.48880401341e-8,1.83862933767e-8,1.28511583597e-8,1.5112165741e-8,8.24362533791e-9,6.53194520694e-9,4.11903089415e-9,1.48602352645e-9,2.96887819884e-10,3.33347266457e-10,4.36789840408e-11,4.21317885094e-12],"max":[0.00715217599645,0.150365367532,0.175308793783,0.106285855174,0.154741466045,0.0287028122693,0.00917985849082,0.00507970480248,0.00588171090931,0.00935214012861,0.00182808784302,0.00283611216582,0.00301410956308,0.00385102396831,0.00229024002329,0.00265728565864,0.00201861956157,0.00127267232165,0.00131059344858,0.00109811883885,0.000916598655749,0.000677263073158,0.000535222003236,0.000354197836714,0.000355861877324,0.000183711279533,0.0000281178636214],"mean":[0.000295809295494,0.00869308505207,0.0171937383711,0.00708855688572,0.0118104452267,0.00136442889925,0.000300828338368,0.000113775786303,0.000131331908051,0.0000635672404314,0.0000731321051717,0.0000613529191469,0.0000794800871518,0.0000784984731581,0.000059255205997,0.000107240273792,0.000132489105454,0.000113255227916,0.000139998708619,0.0000840346183395,0.0000711419197614,0.0000516332656844,0.0000385029197787,0.0000145634721775,0.0000088803772087,0.00000196896644411,4.35204611904e-7],"median":[0.0000444040197181,0.00388086540624,0.0108122024685,0.00462181959301,0.00822949409485,0.000701195385773,0.000170328625245,0.0000533854909008,0.0000237662425207,0.0000244562725129,0.000035739645682,0.0000334895084961,0.00002914549259,0.0000409145650337,0.0000376082025468,0.0000793700310169,0.000104790437035,0.0000784949370427,0.000112193927635,0.0000620197388344,0.0000543829264643,0.0000299506882584,0.0000219597004616,0.00000665085599394,0.00000341151735483,4.00211490614e-7,4.44827890078e-8],"min":[2.56774690399e-9,8.94579841315e-8,6.78630414086e-8,1.72341643179e-8,2.05894501448e-8,8.29330715213e-10,1.51299972551e-10,6.83122280964e-10,3.62070123883e-10,2.25835170009e-10,5.48114921506e-11,8.74359959435e-11,1.75628150911e-10,5.4855609638e-11,8.54070980605e-11,2.05570296896e-10,2.10054626471e-10,2.81124512558e-10,3.85059484298e-10,2.24623805667e-10,2.50301307458e-10,2.67513677876e-10,2.18642923211e-10,2.81357714904e-10,2.60609062108e-10,4.10556644237e-10,5.14227105342e-10],"var":[3.82343102956e-7,0.00015412826906,0.000365562358638,0.0000671948946547,0.000153278626385,0.00000434392450188,2.19494410203e-7,6.54984262383e-8,1.19717029179e-7,4.68221692529e-8,1.01536441477e-8,9.24761067722e-9,3.51984432712e-8,3.10235570566e-8,8.17634138173e-9,1.73358785105e-8,1.79542407608e-8,1.83330364223e-8,2.25929319697e-8,9.80710535003e-9,6.97401025818e-9,5.1445723237e-9,2.61930899192e-9,5.94833793333e-10,2.94924612509e-10,3.86739598679e-11,2.35708371224e-12]},"barkbands_crest":{"dmean":2.69999837875,"dmean2":4.42957305908,"dvar":5.19093751907,"dvar2":13.713218689,"max":25.4260883331,"mean":13.5397691727,"median":13.1617136002,"min":4.19381570816,"var":12.9355573654},"barkbands_flatness_db":{"dmean":0.027821842581,"dmean2":0.0408899895847,"dvar":0.000731737876777,"dvar2":0.00152328936383,"max":0.643952608109,"mean":0.262258857489,"median":0.248457580805,"min":0.073435254395,"var":0.00682916212827},"barkbands_kurtosis":{"dmean":10.8498477936,"dmean2":16.7145442963,"dvar":317.207427979,"dvar2":853.705993652,"max":880.513244629,"mean":29.8705711365,"median":23.1439285278,"min":-1.80586123466,"var":1001.34613037},"barkbands_skewness":{"dmean":0.801878750324,"dmean2":1.23277747631,"dvar":0.602773010731,"dvar2":1.46893298626,"max":16.4510345459,"mean":4.18787193298,"median":4.07558917999,"min":-1.15764343739,"var":2.49679064751},"barkbands_spread":{"dmean":2.08376049995,"dmean2":3.28882002831,"dvar":7.37201213837,"dvar2":18.0513839722,"max":41.3787536621,"mean":6.0100607872,"median":4.73690080643,"min":0.074629150331,"var":23.0698242188},"dissonance":{"dmean":0.015587316826,"dmean2":0.0251754205674,"dvar":0.000315139390295,"dvar2":0.000724813668057,"max":0.500000059605,"mean":0.455096662045,"median":0.471882343292,"min":0.122544296086,"var":0.00260211899877},"dynamic_complexity":2.8103852272,"erbbands":{"dmean":[0.153538450599,1.55782270432,8.46048927307,12.186331749,17.3223838806,19.7934780121,9.34964942932,7.57006549835,3.65626358986,2.6179599762,1.54428994656,2.04235696793,1.68063890934,0.88823723793,1.55352139473,1.65181875229,1.62646782398,1.99940431118,1.74828147888,1.8666023016,2.88151717186,3.23246145248,2.41628646851,2.97801756859,2.21481370926,1.64101099968,1.23276245594,1.05015611649,0.812835156918,0.664816975594,0.332066178322,0.156516179442,0.0854849517345,0.0580984205008,0.0218773782253,0.00639856467023,0.00174975837581,0.000385262974305,0.00006429154746,0.0000221235768549],"dmean2":[0.244966834784,2.67839622498,13.5540409088,19.4761581421,28.9400787354,31.9630775452,15.0517034531,12.5560150146,6.14939260483,4.38007640839,2.62093138695,3.25019288063,2.65050625801,1.38065934181,2.3725938797,2.67078018188,2.57061505318,3.14221477509,2.80213284492,2.98121809959,4.62618875504,5.28322124481,3.96936774254,4.95969343185,3.6172337532,2.66171002388,1.98278796673,1.65509569645,1.24588286877,1.02545177937,0.494551509619,0.224790513515,0.120640993118,0.0848854333162,0.032372687012,0.00930541474372,0.00255366740748,0.0005569542991,0.0000928070876398,0.0000343379178958],"dvar":[0.0809813067317,8.02847957611,150.45501709,309.273071289,918.457397461,1100.68762207,211.926498413,336.868682861,86.619102478,43.5057563782,16.4332618713,40.1203384399,35.0636825562,2.93637442589,8.86196327209,14.5965528488,13.7390460968,21.6306610107,17.2397098541,9.1162109375,18.9253120422,19.9325885773,13.3171892166,18.501449585,10.9418878555,7.50532531738,5.07870912552,4.1543545723,2.70365285873,1.6215583086,0.419039428234,0.108688391745,0.0371636226773,0.0218671392649,0.00705627957359,0.000737261667382,0.0000510123718414,0.00000186309466699,4.92299996324e-8,9.73466196541e-10],"dvar2":[0.180736765265,22.7161159515,399.147796631,804.523376465,2553.24609375,2784.7331543,546.924743652,894.554382324,243.068496704,118.478782654,43.7938079834,94.85521698,72.7847137451,6.77918386459,20.5724391937,39.2599945068,31.6708126068,52.1077575684,42.5651626587,21.5884685516,43.007484436,51.9723777771,34.1899795532,49.4979667664,27.5768089294,18.6075611115,12.2299194336,9.46002388,5.69271039963,3.60398197174,0.862512350082,0.215663343668,0.0732531622052,0.0476699396968,0.0174501724541,0.00171972636599,0.000118146541354,0.00000436894833911,1.06367451735e-7,2.32994490368e-9],"max":[3.81768012047,35.9470825195,165.922088623,272.465026855,490.846923828,654.204528809,237.658706665,316.511779785,207.861480713,123.158843994,77.9122314453,158.862182617,372.0078125,58.0120162964,147.013717651,82.0298690796,110.043075562,160.246826172,129.156219482,96.8525009155,175.431091309,68.635887146,63.597782135,81.5316467285,61.8814468384,66.584526062,44.9907188416,36.297077179,26.8403606415,25.5254039764,10.9085073471,8.42427158356,4.08245134354,3.35972833633,3.56746077538,1.21825647354,0.285236984491,0.0401212126017,0.00429320707917,0.000422865297878],"mean":[0.215240731835,2.2408721447,14.7749080658,27.2677211761,32.3939666748,41.4405212402,19.6412467957,12.499382019,5.66971635818,3.80061435699,2.04807972908,3.37184762955,2.72570681572,1.7021009922,3.12341141701,2.81969714165,3.5752260685,4.10134792328,3.46698307991,4.06108856201,6.35057401657,7.26892280579,6.13684606552,7.48422002792,5.88462924957,4.12697601318,3.05473256111,2.56215238571,1.91263473034,1.72988402843,0.902011394501,0.399328947067,0.205084756017,0.132158264518,0.0454924032092,0.0124368946999,0.00289017613977,0.000542147143278,0.0000919525846257,0.0000584664885537],"median":[0.0854447633028,1.02334821224,9.60636425018,16.4438858032,19.2798213959,25.584903717,12.3925094604,6.13496732712,3.38531827927,1.96486735344,1.00593304634,0.650529742241,0.874703645706,0.900275826454,1.49716830254,1.66304063797,1.43898332119,2.14654684067,2.05782294273,3.00670456886,4.89940166473,5.87720108032,4.54535055161,5.7483625412,4.6168756485,3.07946300507,2.36940288544,1.86817383766,1.09452033043,0.992265403271,0.50853407383,0.206849366426,0.0872432589531,0.054111097008,0.014692755416,0.00285322521813,0.000539209635463,0.0000794982188381,0.0000314462886308,0.0000494972045999],"min":[0.00000252967606684,0.0000306290239678,0.0000783118666732,0.000211140490137,0.000190064471099,0.000036177734728,0.000020763167413,0.00000967968480836,0.00000319808555105,0.0000074176346061,0.0000161036005011,0.00000905065189727,0.00000949774857872,0.00000426076530857,0.00000273055343314,0.0000046016439228,0.00000998962696031,0.00000853229084896,0.00000704516696715,0.00000764972992329,0.0000122389628814,0.0000122386618386,0.0000157242247951,0.0000225051880989,0.0000133525336423,0.0000109720876935,0.0000104859946077,0.00000836469098431,0.00000889038710739,0.00000831692705106,0.0000062354192778,0.00000530551506017,0.00000477595585835,0.00000330221223521,0.00000183277506949,0.00000152770428485,7.58375108489e-7,2.80452326251e-7,6.37143031668e-8,1.49518726289e-8],"var":[0.124242842197,9.77795600891,266.423339844,866.053894043,1596.46179199,2664.97192383,537.798339844,417.369476318,79.8846282959,45.1218338013,15.025803566,77.5599594116,75.504737854,6.37148237228,21.956659317,17.0332584381,58.7723312378,72.4995727539,32.1743965149,23.2705307007,53.1984176636,51.6386795044,48.3434333801,67.2205886841,42.3447914124,23.1111965179,12.413939476,10.0245313644,6.92954874039,5.17265272141,1.49619591236,0.377132445574,0.129382684827,0.053873706609,0.0119799561799,0.00153257639613,0.0000867072521942,0.00000260868364421,6.03543810485e-8,1.97346716746e-9]},"erbbands_crest":{"dmean":2.63307785988,"dmean2":4.15189886093,"dvar":6.09376049042,"dvar2":14.7079496384,"max":28.7994155884,"mean":11.3103609085,"median":10.3419961929,"min":2.59859967232,"var":23.6812782288},"erbbands_flatness_db":{"dmean":0.0179040133953,"dmean2":0.0244081337005,"dvar":0.000413667265093,"dvar2":0.00071779883001,"max":0.462200820446,"mean":0.191428154707,"median":0.171975553036,"min":0.0511721894145,"var":0.00402361433953},"erbbands_kurtosis":{"dmean":1.86275994778,"dmean2":2.64387917519,"dvar":25.4274692535,"dvar2":44.762336731,"max":378.963348389,"mean":2.49420285225,"median":-0.225790500641,"min":-1.89209663868,"var":196.479370117},"erbbands_skewness":{"dmean":0.452682346106,"dmean2":0.666431009769,"dvar":0.199728056788,"dvar2":0.418768048286,"max":14.2308721542,"mean":1.26911091805,"median":1.07988405228,"min":-2.9197909832,"var":1.27844643593},"erbbands_spread":{"dmean":8.0222158432,"dmean2":12.0282344818,"dvar":61.944732666,"dvar2":140.633682251,"max":138.041366577,"mean":50.7134284973,"median":54.1222305298,"min":0.536037921906,"var":599.763061523},"gfcc":{"cov":[[9343.28710938,-2724.46411133,-1694.37365723,2264.98803711,-1422.81140137,136.754882812,-725.163024902,127.304145813,29.8551101685,365.436004639,92.2856369019,-64.6929855347,-108.104614258],[-2724.46411133,1506.64160156,214.930648804,-909.420715332,696.429443359,-260.414245605,306.383331299,-112.489578247,16.0201396942,-180.937255859,8.12444210052,-24.4317741394,74.3458404541],[-1694.37365723,214.930648804,908.155151367,-298.714538574,49.2998695374,121.222984314,132.672103882,26.9228973389,13.2452058792,-20.8598117828,-32.6510505676,28.9911823273,-14.8129377365],[2264.98803711,-909.420715332,-298.714538574,1064.11560059,-432.526763916,51.4064331055,-209.967468262,10.0358457565,54.4975967407,120.263885498,93.9219970703,-33.6107063293,3.19104409218],[-1422.81140137,696.429443359,49.2998695374,-432.526763916,608.635253906,-100.449729919,165.222427368,-42.2142982483,2.36419224739,-90.4709243774,-6.65175580978,1.58875417709,22.5162811279],[136.754882812,-260.414245605,121.222984314,51.4064331055,-100.449729919,205.669128418,1.44131755829,44.8733062744,-0.781076550484,23.0498332977,-13.6976213455,15.5966777802,-25.8183822632],[-725.163024902,306.383331299,132.672103882,-209.967468262,165.222427368,1.44131755829,185.625076294,20.6846580505,7.47931003571,-40.981086731,-1.321870327,-7.79451751709,-3.29394865036],[127.304145813,-112.489578247,26.9228973389,10.0358457565,-42.2142982483,44.8733062744,20.6846580505,97.7285308838,19.5928344727,24.5453186035,-9.81516361237,19.5144767761,-12.166144371],[29.8551101685,16.0201396942,13.2452058792,54.4975967407,2.36419224739,-0.781076550484,7.47931003571,19.5928344727,72.7332382202,22.5744247437,14.1140079498,-3.92865824699,5.79620504379],[365.436004639,-180.937255859,-20.8598117828,120.263885498,-90.4709243774,23.0498332977,-40.981086731,24.5453186035,22.5744247437,82.2788238525,21.2312431335,9.27809524536,-6.8773150444],[92.2856369019,8.12444210052,-32.6510505676,93.9219970703,-6.65175580978,-13.6976213455,-1.321870327,-9.81516361237,14.1140079498,21.2312431335,62.7744483948,15.0160417557,14.3035125732],[-64.6929855347,-24.4317741394,28.9911823273,-33.6107063293,1.58875417709,15.5966777802,-7.79451751709,19.5144767761,-3.92865824699,9.27809524536,15.0160417557,63.9740562439,22.674243927],[-108.104614258,74.3458404541,-14.8129377365,3.19104409218,22.5162811279,-25.8183822632,-3.29394865036,-12.166144371,5.79620504379,-6.8773150444,14.3035125732,22.674243927,57.2857246399]],"icov":[[0.000528765900526,0.000127006802359,0.000750403269194,-0.000603283115197,0.000460518116597,-0.00000741963049222,0.000167232152307,-0.000203379953746,0.0000238098837144,-0.000385456602089,0.000546055613086,-0.000354686868377,0.000798087217845],[0.000127006802359,0.00910992175341,-0.000615333614405,0.00615181401372,-0.00261836615391,0.0053732204251,-0.00346190319397,0.00283131632023,-0.00553608732298,0.00604504626244,-0.0107363825664,0.00861118547618,-0.00767374318093],[0.000750403269194,-0.000615333614405,0.00263980473392,-0.00106692372356,0.00120647030417,-0.00130480225198,-0.000525830022525,0.000218266344746,-0.000278932973742,-0.00119389453903,0.00233076466247,-0.00220612855628,0.00208669528365],[-0.000603283115197,0.00615181401372,-0.00106692372356,0.00727571826428,-0.0015094227856,0.0030447631143,-0.00101745745633,0.00148208194878,-0.00463339965791,0.00447321496904,-0.0116328187287,0.00914591085166,-0.00729135004804],[0.000460518116597,-0.00261836615391,0.00120647030417,-0.0015094227856,0.00439404137433,-0.000885925255716,-0.00066143629374,0.000218076893361,0.000369348126696,-0.000883025466464,0.00322720734403,-0.00359035260044,0.00301706977189],[-0.00000741963049222,0.0053732204251,-0.00130480225198,0.0030447631143,-0.000885925255716,0.010104469955,-0.00305294361897,0.000519284571055,-0.00274148606695,0.00304139987566,-0.00433791894466,0.00232948851772,-0.00185381935444],[0.000167232152307,-0.00346190319397,-0.000525830022525,-0.00101745745633,-0.00066143629374,-0.00305294361897,0.0126863587648,-0.00664310576394,0.00194277602714,0.00136741728056,-0.00209721201099,0.00242356001399,0.00246380968019],[-0.000203379953746,0.00283131632023,0.000218266344746,0.00148208194878,0.000218076893361,0.000519284571055,-0.00664310576394,0.0186622925103,-0.00669932132587,-0.00210022670217,0.00419140188023,-0.0067739058286,0.00170569401234],[0.0000238098837144,-0.00553608732298,-0.000278932973742,-0.00463339965791,0.000369348126696,-0.00274148606695,0.00194277602714,-0.00669932132587,0.0218767151237,-0.0083405058831,0.00366601534188,0.0000273809637292,0.0005828688154],[-0.000385456602089,0.00604504626244,-0.00119389453903,0.00447321496904,-0.000883025466464,0.00304139987566,0.00136741728056,-0.00210022670217,-0.0083405058831,0.025096623227,-0.0145441628993,0.0049586687237,-0.00225457153283],[0.000546055613086,-0.0107363825664,0.00233076466247,-0.0116328187287,0.00322720734403,-0.00433791894466,-0.00209721201099,0.00419140188023,0.00366601534188,-0.0145441628993,0.0423278100789,-0.0223963130265,0.00993990246207],[-0.000354686868377,0.00861118547618,-0.00220612855628,0.00914591085166,-0.00359035260044,0.00232948851772,0.00242356001399,-0.0067739058286,0.0000273809637292,0.0049586687237,-0.0223963130265,0.038112141192,-0.0206636488438],[0.000798087217845,-0.00767374318093,0.00208669528365,-0.00729135004804,0.00301706977189,-0.00185381935444,0.00246380968019,0.00170569401234,0.0005828688154,-0.00225457153283,0.00993990246207,-0.0206636488438,0.0337171219289]],"mean":[-68.1058273315,138.948425293,-82.976600647,63.8312034607,-30.364648819,0.443804085255,-35.9910392761,-10.7672348022,-25.3211898804,-14.3613052368,-11.7003793716,-5.32241392136,-7.29174995422]},"hfc":{"dmean":2.75850987434,"dmean2":4.30469036102,"dvar":14.5189943314,"dvar2":35.8569221497,"max":51.4757385254,"mean":10.634147644,"median":10.1552181244,"min":0.000241421381361,"var":51.0868110657},"melbands":{"dmean":[0.00146227772348,0.00347063411027,0.00206387252547,0.00133352680132,0.000446765334345,0.000160732495715,0.0000525560644746,0.0000273361347354,0.0000119081159937,0.0000131144324769,0.00000829553391668,0.00000353827749677,0.00000485224336444,0.00000464306504,0.00000353117138729,0.0000040438085307,0.00000402191380999,0.00000312375186695,0.00000239295286519,0.00000366085782844,0.00000358502643394,0.00000380832352675,0.00000295459108202,0.00000221726281779,0.00000274951389656,0.00000195189272745,0.00000136209052926,0.00000119834407997,7.79736126333e-7,9.10489120542e-7,5.86636303979e-7,5.06895446506e-7,4.29855305129e-7,3.90949850271e-7,2.2147739287e-7,1.49615573264e-7,8.66915428333e-8,6.31673273688e-8,6.00172853638e-8,5.0352891634e-8],"dmean2":[0.002380970167,0.00563073297963,0.00333202211186,0.00218321429566,0.000713612767868,0.000266096933046,0.0000886186171556,0.0000459508155473,0.0000198222187464,0.0000210665912164,0.0000131510096253,0.00000556520308237,0.00000739620736567,0.00000738019753044,0.00000574709611101,0.0000063696579673,0.0000063459424382,0.00000501585691381,0.00000386885494663,0.00000586631176702,0.00000581850736125,0.00000624290942142,0.00000493438392368,0.00000365566961591,0.00000460353885501,0.00000321901779898,0.00000223665415433,0.0000019592314402,0.00000126438521875,0.00000149524726112,9.22637468648e-7,7.88241209193e-7,6.67494703066e-7,6.16839599843e-7,3.41116333402e-7,2.24803727633e-7,1.28591977955e-7,9.20413114613e-8,8.80707204942e-8,7.54689182259e-8],"dvar":[0.0000065327426455,0.0000259974767687,0.00000813827500679,0.00000493034576721,4.29976921623e-7,1.38767489943e-7,1.74292580368e-8,5.32428900968e-9,9.45365785654e-10,1.72846348345e-9,8.59054827274e-10,5.82218578904e-11,7.43035147299e-11,1.02416304604e-10,5.58838426923e-11,1.0407944645e-10,9.1920707157e-11,5.51548876015e-11,1.97102438537e-11,3.47613257623e-11,2.83236576554e-11,2.88365355899e-11,1.72332599579e-11,1.24396812295e-11,1.62388227865e-11,8.47776449736e-12,4.72535899299e-12,4.08856499004e-12,2.10624833547e-12,2.46725925281e-12,1.41170191856e-12,1.06699924503e-12,7.68785859626e-13,5.27329319534e-13,1.75702646334e-13,9.02056546321e-14,3.52557271029e-14,1.96527042822e-14,2.05342707627e-14,1.74253599966e-14],"dvar2":[0.0000159207156685,0.0000707318322384,0.0000216447806451,0.0000132081813717,0.00000111828262561,3.68893154246e-7,4.91404357206e-8,1.45733327628e-8,2.41275355251e-9,4.16294998473e-9,1.75821246451e-9,1.38194608534e-10,1.71807540417e-10,2.60924115647e-10,1.45763109916e-10,2.33881608525e-10,2.2319114612e-10,1.36846478593e-10,4.68541073995e-11,7.98248828149e-11,6.59506199652e-11,7.45263434299e-11,4.61665011775e-11,3.24472913815e-11,4.41931595485e-11,2.19402551682e-11,1.17862620705e-11,1.02214079215e-11,5.10632465131e-12,6.20744948499e-12,3.18649425422e-12,2.30973942229e-12,1.75095571722e-12,1.23458133907e-12,3.87936617509e-13,1.89603622516e-13,7.50785135559e-14,4.07017118848e-14,4.44234221891e-14,4.01483520366e-14],"max":[0.0385330431163,0.0631356909871,0.0398321636021,0.0424091182649,0.0114152794704,0.00642442796379,0.00281186634675,0.00142887572292,0.000895407458302,0.000946888118051,0.00183543062303,0.000325506873196,0.000351495546056,0.000423531950219,0.000148944018292,0.000388954649679,0.000377992982976,0.000181046343641,0.000111550485599,0.000133691675728,0.000189107769984,0.000104730075691,0.0000737325535738,0.0000763328716857,0.0000823084992589,0.0000751925836084,0.0000435779184045,0.0000497558212373,0.0000282714299829,0.0000248216947512,0.00001949545549,0.0000171271931322,0.0000163753666129,0.0000170879520738,0.00000718207502359,0.00000595407982473,0.00000509209166921,0.00000295486597679,0.00000346861361322,0.00000285013288703],"mean":[0.00212128343992,0.00637722853571,0.0048758755438,0.00272602378391,0.00097136705881,0.000262915156782,0.0000809292978374,0.0000378933582397,0.0000157932772709,0.000021237277906,0.0000130472981255,0.00000620504988547,0.00000983296195045,0.00000803832062957,0.00000632180945104,0.00000853630263009,0.00000768458903622,0.00000573642182644,0.0000045218125706,0.0000071185595516,0.00000734205332265,0.00000776464275987,0.00000627132340014,0.00000526232270204,0.00000628436373518,0.00000468158532385,0.00000331103956341,0.00000264970935859,0.00000176153992015,0.00000203190370485,0.00000126285146962,0.00000106791992494,9.88242959465e-7,9.52391246756e-7,5.51637526769e-7,3.45962376969e-7,2.00574575615e-7,1.42321368912e-7,1.28850714987e-7,1.05729313304e-7],"median":[0.000996184535325,0.00423327088356,0.00338660413399,0.00179004226811,0.000635976437479,0.00013039962505,0.0000481571769342,0.0000191303588508,0.00000665464449412,0.00000378619711228,0.00000401533543481,0.00000301263935398,0.00000475992510474,0.00000456222551293,0.00000348731327904,0.00000296498524222,0.00000389289471059,0.00000305971639136,0.00000300068268189,0.00000493154857395,0.00000553559220862,0.00000595096844336,0.00000482140194435,0.00000342640987583,0.00000467805239168,0.00000363087565347,0.00000242907481152,0.00000182751500688,0.00000129962836581,0.00000149945412886,8.38008872961e-7,5.79059928896e-7,5.46246155864e-7,5.31183786734e-7,3.03032607007e-7,1.83243059837e-7,9.56998178481e-8,6.12557187196e-8,4.91687188742e-8,4.19985113354e-8],"min":[2.30760299758e-8,4.22055741467e-8,4.06402449471e-8,6.6333782911e-9,8.91102358569e-10,1.93708049601e-10,3.73901742901e-11,1.16143560047e-10,1.22837143235e-10,5.1915725191e-11,4.40582639816e-11,1.73302917156e-11,8.72021725662e-12,9.21227850947e-12,1.62937319886e-11,1.53429369903e-11,1.34128255377e-11,9.51863067533e-12,7.57555823627e-12,1.168059139e-11,1.41270372137e-11,1.07074661637e-11,1.39170966418e-11,1.30448421162e-11,1.53326275287e-11,1.15089274916e-11,9.93242120495e-12,5.08748598804e-12,7.15919337702e-12,4.45359851428e-12,5.01518011148e-12,4.57605481285e-12,4.71962703294e-12,3.50263416361e-12,3.44231370838e-12,3.83010593727e-12,2.93966543816e-12,2.64974110362e-12,4.13595590068e-12,2.34348196231e-12],"var":[0.00000965173057921,0.0000458897375211,0.0000223397692025,0.00000946878299146,0.00000116266892292,1.75127354396e-7,1.6048199214e-8,5.07059905175e-9,9.96980720203e-10,3.26617022317e-9,1.89429649744e-9,1.11683898241e-10,2.06909794853e-10,1.38851083409e-10,9.28490687113e-11,4.98339702837e-10,3.16752707397e-10,1.1014292256e-10,3.78726321137e-11,8.93237220301e-11,7.11164599432e-11,6.71285457776e-11,4.38841220307e-11,4.4474684352e-11,5.07267110261e-11,2.73930513689e-11,1.50442158731e-11,1.08291856385e-11,4.54616379264e-12,5.69093903946e-12,2.94984371131e-12,2.38908177096e-12,1.91090632901e-12,1.60469369997e-12,5.66280637833e-13,2.66042152501e-13,1.07808103807e-13,6.10273414919e-14,5.59376763659e-14,3.68560061214e-14]},"melbands_crest":{"dmean":2.92670512199,"dmean2":4.83542871475,"dvar":6.55226421356,"dvar2":17.670167923,"max":33.4114265442,"mean":17.2941970825,"median":17.0831756592,"min":5.82672834396,"var":15.4328298569},"melbands_flatness_db":{"dmean":0.0312655977905,"dmean2":0.0459954999387,"dvar":0.000953196780756,"dvar2":0.00198180018924,"max":0.796028852463,"mean":0.360588014126,"median":0.340071678162,"min":0.143321126699,"var":0.0104929348454},"melbands_kurtosis":{"dmean":22.2477531433,"dmean2":34.6116371155,"dvar":675.502685547,"dvar2":1674.9074707,"max":768.250732422,"mean":70.3071517944,"median":59.1346817017,"min":-0.926074981689,"var":2410.2644043},"melbands_skewness":{"dmean":1.05680370331,"dmean2":1.63426148891,"dvar":0.95382797718,"dvar2":2.34633946419,"max":21.5970916748,"mean":5.96075201035,"median":5.96546649933,"min":-0.602221906185,"var":5.09014034271},"melbands_spread":{"dmean":1.47701263428,"dmean2":2.35341835022,"dvar":4.93902587891,"dvar2":11.9158916473,"max":61.3983078003,"mean":4.10934591293,"median":3.19998311996,"min":0.217838957906,"var":11.9990577698},"mfcc":{"cov":[[9866.28808594,-3243.04077148,-803.758056641,1214.06311035,-481.275115967,-19.0055923462,-612.22253418,-330.338989258,-329.525878906,133.121017456,249.450042725,63.6130218506,48.3664932251],[-3243.04077148,2011.70239258,-242.586959839,-514.090209961,232.744537354,-115.256767273,242.143066406,90.6546401978,116.579139709,-78.8745651245,-122.176628113,-20.4128799438,-59.5112342834],[-803.758056641,-242.586959839,806.122070312,-60.8020362854,-103.845504761,71.8373794556,-1.74377429485,48.3357849121,28.9907569885,33.0695037842,32.2258911133,-17.6593170166,30.7200946808],[1214.06311035,-514.090209961,-60.8020362854,492.41784668,-5.25037527084,22.9990062714,-73.3973770142,-68.0433578491,-52.0075645447,24.4166049957,35.2716217041,44.9219741821,29.939332962],[-481.275115967,232.744537354,-103.845504761,-5.25037527084,200.889068604,28.4257297516,37.4909286499,13.1775465012,19.337020874,-21.5165348053,-23.1166591644,12.5189876556,9.51529502869],[-19.0055923462,-115.256767273,71.8373794556,22.9990062714,28.4257297516,109.976516724,26.4830169678,14.7732753754,2.13733458519,10.5282564163,12.3620548248,6.01839637756,11.5069646835],[-612.22253418,242.143066406,-1.74377429485,-73.3973770142,37.4909286499,26.4830169678,132.456420898,57.6894493103,25.7808418274,4.68238401413,-6.40350627899,-0.92497420311,-8.40324401855],[-330.338989258,90.6546401978,48.3357849121,-68.0433578491,13.1775465012,14.7732753754,57.6894493103,100.907531738,39.9624443054,9.23613262177,6.80523633957,-6.88030481339,1.09956669807],[-329.525878906,116.579139709,28.9907569885,-52.0075645447,19.337020874,2.13733458519,25.7808418274,39.9624443054,72.3949584961,22.1981582642,-1.94996905327,2.08110547066,-0.317578434944],[133.121017456,-78.8745651245,33.0695037842,24.4166049957,-21.5165348053,10.5282564163,4.68238401413,9.23613262177,22.1981582642,66.8466415405,37.9493713379,1.66459715366,-0.463607698679],[249.450042725,-122.176628113,32.2258911133,35.2716217041,-23.1166591644,12.3620548248,-6.40350627899,6.80523633957,-1.94996905327,37.9493713379,64.2078399658,19.1736354828,4.23089838028],[63.6130218506,-20.4128799438,-17.6593170166,44.9219741821,12.5189876556,6.01839637756,-0.92497420311,-6.88030481339,2.08110547066,1.66459715366,19.1736354828,55.7826004028,29.6654510498],[48.3664932251,-59.5112342834,30.7200946808,29.939332962,9.51529502869,11.5069646835,-8.40324401855,1.09956669807,-0.317578434944,-0.463607698679,4.23089838028,29.6654510498,55.3499565125]],"icov":[[0.000523395894561,0.000586066977121,0.000803387665655,-0.000366677588318,0.000661056139506,-0.0000224884024647,0.000901640683878,-0.000127875522594,0.000449106853921,-0.000174802407855,-0.000754131004214,0.000364291277947,-0.000180813207407],[0.000586066977121,0.0019643844571,0.000964685343206,0.000517757551279,-0.000378907774575,0.00161130493507,-0.000894312164746,0.000495020882227,-0.000478079717141,0.000266772985924,0.0000162134365382,-0.000412111287005,0.000588146329392],[0.000803387665655,0.000964685343206,0.00289156939834,-0.000330996903358,0.00198868266307,-0.00119332480244,0.0015109248925,-0.00042245266377,-0.000255076884059,0.000148633000208,-0.00196445127949,0.00192760163918,-0.00182982871775],[-0.000366677588318,0.000517757551279,-0.000330996903358,0.00374435866252,-0.00147770368494,0.000401559460443,-0.000720024458133,0.000987184466794,0.00105226167943,-0.00166096782777,0.00158574862871,-0.00292272260413,0.000514451647177],[0.000661056139506,-0.000378907774575,0.00198868266307,-0.00147770368494,0.00856720935553,-0.00368294608779,0.0014576415997,-0.000356831209501,-0.00139111152384,0.00195068819448,-0.000784284726251,0.000768105266616,-0.00211160792969],[-0.0000224884024647,0.00161130493507,-0.00119332480244,0.000401559460443,-0.00368294608779,0.0137055907398,-0.00489641772583,0.000609028909821,0.000151219748659,-0.000363331171684,-0.000673945760354,-0.000170123981661,-0.000633930845652],[0.000901640683878,-0.000894312164746,0.0015109248925,-0.000720024458133,0.0014576415997,-0.00489641772583,0.0166223738343,-0.00805382896215,0.0042501790449,-0.00456400029361,0.00193236465566,-0.00291003729217,0.00265053240582],[-0.000127875522594,0.000495020882227,-0.00042245266377,0.000987184466794,-0.000356831209501,0.000609028909821,-0.00805382896215,0.0190072655678,-0.0102505553514,0.00584099022672,-0.0074331020005,0.00670259539038,-0.004355173558],[0.000449106853921,-0.000478079717141,-0.000255076884059,0.00105226167943,-0.00139111152384,0.000151219748659,0.0042501790449,-0.0102505553514,0.0273804757744,-0.0158018860966,0.0103493500501,-0.00848329998553,0.00350290769711],[-0.000174802407855,0.000266772985924,0.000148633000208,-0.00166096782777,0.00195068819448,-0.000363331171684,-0.00456400029361,0.00584099022672,-0.0158018860966,0.0335855558515,-0.02164099738,0.0110117616132,-0.00387025647797],[-0.000754131004214,0.0000162134365382,-0.00196445127949,0.00158574862871,-0.000784284726251,-0.000673945760354,0.00193236465566,-0.0074331020005,0.0103493500501,-0.02164099738,0.0376941561699,-0.0190673619509,0.00884112808853],[0.000364291277947,-0.000412111287005,0.00192760163918,-0.00292272260413,0.000768105266616,-0.000170123981661,-0.00291003729217,0.00670259539038,-0.00848329998553,0.0110117616132,-0.0190673619509,0.0380190834403,-0.019797693938],[-0.000180813207407,0.000588146329392,-0.00182982871775,0.000514451647177,-0.00211160792969,-0.000633930845652,0.00265053240582,-0.004355173558,0.00350290769711,-0.00387025647797,0.00884112808853,-0.019797693938,0.0305009391159]],"mean":[-713.360046387,150.937820435,22.124130249,61.2899246216,27.1751995087,17.1091308594,3.46682548523,4.92092895508,-7.46642589569,-8.666223526,-7.85891389847,-5.21374130249,-2.9236137867]},"pitch_salience":{"dmean":0.0791871473193,"dmean2":0.129117503762,"dvar":0.00484870839864,"dvar2":0.0127894794568,"max":0.826010644436,"mean":0.519651412964,"median":0.537590146065,"min":0.0264505464584,"var":0.0157833322883},"silence_rate_20dB":{"dmean":0,"dmean2":0,"dvar":0,"dvar2":0,"max":1,"mean":1,"median":1,"min":1,"var":0},"silence_rate_30dB":{"dmean":0.0478412210941,"dmean2":0.0956895276904,"dvar":0.0455490835011,"dvar2":0.112008206546,"max":1,"mean":0.940906405449,"median":1,"min":0,"var":0.0555973835289},"silence_rate_60dB":{"dmean":0.0220691692084,"dmean2":0.0441416092217,"dvar":0.0215833075345,"dvar2":0.0516773201525,"max":1,"mean":0.0432464443147,"median":0,"min":0,"var":0.0413912385702},"spectral_centroid":{"dmean":117.835548401,"dmean2":186.814971924,"dvar":20931.640625,"dvar2":52616.8320312,"max":2287.40844727,"mean":500.964813232,"median":439.640899658,"min":117.682632446,"var":79262.1171875},"spectral_complexity":{"dmean":2.2463157177,"dmean2":3.56702709198,"dvar":8.43371868134,"dvar2":18.3598213196,"max":42,"mean":9.33804798126,"median":8,"min":0,"var":29.8313407898},"spectral_contrast_coeffs":{"dmean":[0.0533244870603,0.046298161149,0.0308646485209,0.024793965742,0.0182673465461,0.0141501976177],"dmean2":[0.087398827076,0.0748456344008,0.0495337061584,0.0403137989342,0.0298279356211,0.0229595862329],"dvar":[0.00190906156786,0.00141810264904,0.000678744341712,0.000401269004215,0.000256835512118,0.000181088398676],"dvar2":[0.00510595738888,0.00385068194009,0.00166801013984,0.00101563322823,0.000626391847618,0.000444917503046],"max":[-0.284106492996,-0.468330264091,-0.549389719963,-0.563820242882,-0.622807145119,-0.635493993759],"mean":[-0.566094219685,-0.721136152744,-0.804433882236,-0.815045773983,-0.81287163496,-0.756160378456],"median":[-0.567579090595,-0.72388780117,-0.815934419632,-0.820726215839,-0.814466953278,-0.739596664906],"min":[-0.899089097977,-0.952304244041,-0.949577987194,-0.977453768253,-0.953324198723,-0.956986665726],"var":[0.00624716328457,0.00403629662469,0.00374793657102,0.00176968309097,0.00126898020972,0.00273551722057]},"spectral_contrast_valleys":{"dmean":[0.393162220716,0.379212528467,0.329992473125,0.264219015837,0.235187679529,0.236109554768],"dmean2":[0.656268179417,0.607612848282,0.520740449429,0.407277345657,0.343704253435,0.293422698975],"dvar":[0.106066443026,0.120131850243,0.0856252014637,0.0642253831029,0.0978024452925,0.156585097313],"dvar2":[0.282312035561,0.289319187403,0.203800842166,0.132217079401,0.198483347893,0.232711687684],"max":[-4.93403339386,-5.15252828598,-6.13704538345,-6.37015008926,-6.0669093132,-8.80312633514],"mean":[-6.62470340729,-7.49422645569,-8.31831455231,-8.45298194885,-8.16323375702,-11.2950048447],"median":[-6.50318717957,-7.34682321548,-8.18356323242,-8.08513069153,-7.43126344681,-10.7039489746],"min":[-11.8024501801,-13.2991485596,-14.1565942764,-14.2992153168,-13.6801366806,-15.6003465652],"var":[0.605930924416,0.848817408085,0.691067039967,1.19010066986,2.0904417038,2.11802411079]},"spectral_decrease":{"dmean":4.42271241852e-9,"dmean2":7.0542407471e-9,"dvar":3.02114682369e-17,"dvar2":7.89426567384e-17,"max":-6.36118816042e-13,"mean":-1.25076926594e-8,"median":-1.08254116782e-8,"min":-6.39807211655e-8,"var":8.11291531777e-17},"spectral_energy":{"dmean":0.0169174000621,"dmean2":0.0269760042429,"dvar":0.000441769341705,"dvar2":0.00115405395627,"max":0.244776263833,"mean":0.0481713972986,"median":0.0417745113373,"min":0.00000255017062045,"var":0.00119264179375},"spectral_energyband_high":{"dmean":0.0000692543617333,"dmean2":0.00010142789688,"dvar":2.01886294349e-8,"dvar2":3.9070950919e-8,"max":0.00252462807111,"mean":0.000231421930948,"median":0.000165237346664,"min":3.01335756347e-9,"var":7.47077990582e-8},"spectral_energyband_low":{"dmean":0.0140001624823,"dmean2":0.0221644807607,"dvar":0.000360336300218,"dvar2":0.000937380362302,"max":0.232042104006,"mean":0.0305398851633,"median":0.0220325104892,"min":3.64796562735e-7,"var":0.000833248370327},"spectral_energyband_middle_high":{"dmean":0.000258267857134,"dmean2":0.000393174734199,"dvar":1.73353427613e-7,"dvar2":4.02803465249e-7,"max":0.00981259159744,"mean":0.000935463991482,"median":0.000763530610129,"min":2.68787614388e-9,"var":7.26972189113e-7},"spectral_energyband_middle_low":{"dmean":0.00804792251438,"dmean2":0.0132417054847,"dvar":0.000145267578773,"dvar2":0.000394363538362,"max":0.169839292765,"mean":0.020844861865,"median":0.0168443340808,"min":1.23021678178e-7,"var":0.000307795358822},"spectral_entropy":{"dmean":0.224371835589,"dmean2":0.317911177874,"dvar":0.0580915734172,"dvar2":0.11306540668,"max":8.23506069183,"mean":6.75246334076,"median":7.01932954788,"min":2.97864103317,"var":0.696603775024},"spectral_flux":{"dmean":0.0321732051671,"dmean2":0.0517999753356,"dvar":0.00123826996423,"dvar2":0.00272011035122,"max":0.363931834698,"mean":0.0896764099598,"median":0.0792042016983,"min":0.000673664035276,"var":0.00327176926658},"spectral_kurtosis":{"dmean":4.43237829208,"dmean2":6.98436737061,"dvar":68.368270874,"dvar2":153.395446777,"max":157.090896606,"mean":11.7908573151,"median":3.34205842018,"min":0.362022399902,"var":378.02331543},"spectral_rms":{"dmean":0.00113737769425,"dmean2":0.00177872716449,"dvar":0.00000136105302317,"dvar2":0.00000347535979017,"max":0.0154533525929,"mean":0.00637120101601,"median":0.00638401322067,"min":0.0000498795670865,"var":0.00000640426333121},"spectral_rolloff":{"dmean":50.5718307495,"dmean2":88.9603042603,"dvar":17847.1699219,"dvar2":45163.609375,"max":2605.51757812,"mean":244.501327515,"median":236.865234375,"min":64.599609375,"var":22016.5195312},"spectral_skewness":{"dmean":0.365997195244,"dmean2":0.563899159431,"dvar":0.285270243883,"dvar2":0.622115373611,"max":10.6912794113,"mean":2.09160780907,"median":1.36400389671,"min":0.34786811471,"var":2.6812543869},"spectral_spread":{"dmean":344752.84375,"dmean2":476471.59375,"dvar":214510600192,"dvar2":342778478592,"max":22016238,"mean":3675207.25,"median":4006621.5,"min":686887.125,"var":1896647884800},"spectral_strongpeak":{"dmean":0.298497021198,"dmean2":0.502457916737,"dvar":0.0984256714582,"dvar2":0.255025923252,"max":4.94676542282,"mean":0.706785857677,"median":0.614085435867,"min":0.00138674525078,"var":0.213070183992},"zerocrossingrate":{"dmean":0.00435992516577,"dmean2":0.00567432586104,"dvar":0.0000195799293579,"dvar2":0.0000309999813908,"max":0.08740234375,"mean":0.0206216033548,"median":0.01806640625,"min":0.0029296875,"var":0.000139606636367}},"metadata":{"audio_properties":{"analysis_sample_rate":44100,"bit_rate":0,"codec":"flac","downmix":"mix","equal_loudness":0,"length":313.533325195,"lossless":true,"md5_encoded":"ff409cd3b411de35067056c9fe0c0e82","replay_gain":-12.9476985931,"sample_rate":44100},"tags":{"album":["...And the Circus Leaves Town"],"albumartist":["Kyuss"],"albumartistsort":["Kyuss"],"analysis":["MusicMagic DataAgEABpyDsdyZmYjPgIrN+lI95IOIDIACxcCWGGhl3izReIABgAHQaq6mJeK9tIY/gXyAAd0ni2EWmO+mgAHt9u+Z8fegespKgAKAAcJllcaXX4FnBC1Lb5CyhlODFsIDmPBn/PNO3JiRS4YpyGay4beF0SGiI4Jug1XwYYY0Hh/mdoP/7kvctPiHo1/XXoBbgAE="],"artist":["Kyuss"],"artistsort":["Kyuss"],"asin":["B000002HJA"],"barcode":["075596181129"],"catalognumber":["7559-61811-2"],"date":["1995-07-11"],"discid":["9710e00b"],"engineer":["Joe Barresi"],"file_name":"05 Phototropic.flac","fingerprint":["MusicMagic FingerprintARAzLQpoqCK7H/oXPglcCbADYgSrBKoC4AHOAswBsAOKAggBYgLpASUGEgPfAk8DRwIYAbEBkwD8AMgArAClAIkAfAB1AHMAdQBcAFgATgBN52WaMjkl1KgF5A6C/O4A1/9T/q4ChwA5/wAAZf+lAOX/3/9nAAL/2wBIAGcAKf/G/4H/rP+Z/6L/r/+3/8r/2P/S/9T/zv/A/9X/y//O/9kZpe7W4lj6lnSm7LYO+AWFAtII1/4WBesCVgOzAon+ngQUAjEHYgDABEMD0wIhA2cCQAGZAMkAogBxAF8AWABYAE4AQwA7ADEAKwAgAB8AH6lg6Mf1XlhcDW/4sgmWBXgEKwM8AHIBLf/3AhkBHwDZAVYAcAD0AJUBYAIyAesC3QF2AI8AkQCdALkAeQBtAIUAdwByAG0AXQBSADwAOwA5U+LIyPRiRtPokRVrAecALAJ4/0gEbQFwAx4A4f/tA+n/zAIT/lEAuAMjA30BvAZQAc4BUAE9ADkAeAAZAC4AJQAiABMAA//6//z/8v/6//bvWwlu4CbzdQ3IdXgHZA8FAYH8Gg4iA2sCfgLFAMULkP9bAYn9MQGrCxMGDgMVAyoBtAEpAO0AKABdAEAAKwCIAGIATgAgAB0AAP/v//YAJgML/Xj9kvO36nrxgVVIUjUVxAkKAzMDcwrgDo4JtgAhCCYA8/7CAuvxNPymAwv/NgHLAj0EpgQaA6AETwQ7A6cDtwO0A6EDWwLCAq4CPAHcJyIbDw=="],"format":["CD"],"genre":["Stoner Rock"],"label":["Elektra"],"language":["eng"],"mixer":["Joe Barresi"],"musicbrain