{"lowlevel":{"average_loudness":0.295638859272,"barkbands":{"dmean":[0.00000407322704632,0.000978729804046,0.00125699327327,0.000960874487646,0.00127809785772,0.0012587364763,0.000959446420893,0.000609731127042,0.000585340487305,0.000315538403811,0.000138981151395,0.000164560158737,0.000157461385243,0.000145418292959,0.000139314113767,0.000236999781919,0.000268398202024,0.000158278504387,0.000197423796635,0.000201898248633,0.000210618774872,0.000175629480509,0.000145773723489,0.000164920769748,0.000067304703407,0.0000730620668037,0.00000479238724438],"dmean2":[0.00000694738946549,0.00160224724095,0.00206749886274,0.00153954408597,0.00199945131317,0.00186289905105,0.00144139828626,0.00094694038853,0.000908378628083,0.000494818261359,0.000224620715016,0.000262478773948,0.000253993435763,0.000232659251196,0.000221525406232,0.00037658191286,0.000426833925303,0.000256214261753,0.000306286674459,0.000326173758367,0.000337109173415,0.000281924352748,0.000228037621127,0.000266412360361,0.000105338105641,0.000126238839584,0.00000815972634882],"dvar":[2.59420207538e-10,0.00000418239369537,0.00000712994824426,0.00000491093442179,0.00000475595243188,0.00000722989534552,0.00000565083428228,0.00000269229167316,0.00000249929439633,7.675936331e-7,1.20826925354e-7,2.27820791565e-7,1.42060642361e-7,1.29470805632e-7,1.04597269512e-7,2.17128146573e-7,3.67257996459e-7,8.33243873899e-8,1.73897376499e-7,1.81310113589e-7,2.38539286102e-7,1.31678348225e-7,9.80962937547e-8,3.73993060521e-7,2.59693901938e-8,1.80401599437e-7,3.34905742028e-10],"dvar2":[6.35825669892e-10,0.0000116720175356,0.000019175644411,0.0000116109922601,0.000011334375813,0.0000159386909218,0.0000125830902107,0.00000652053267913,0.00000587416889175,0.00000192712786884,2.85379258003e-7,5.62917250591e-7,3.62669027254e-7,3.38423006951e-7,2.50475352459e-7,5.12657265972e-7,8.73830515502e-7,2.06097737987e-7,3.68465805423e-7,4.54547489426e-7,5.74921330099e-7,3.3859140558e-7,2.33221328472e-7,0.00000100037914308,6.23049416504e-8,5.07615482093e-7,8.8380641694e-10],"max":[0.00155476049986,0.0370568111539,0.114303782582,0.105450570583,0.0543676540256,0.0663086846471,0.118985816836,0.0481499135494,0.04194284603,0.0323344916105,0.0138434618711,0.0277501270175,0.0128976264969,0.0122732101008,0.0136802922934,0.0158269405365,0.0206941906363,0.00679361913353,0.0178803261369,0.0144985178486,0.014172077179,0.00956010259688,0.00955970399082,0.0234098117799,0.00563078373671,0.0109098134562,0.000697589013726],"mean":[0.0000049378741096,0.00224291416816,0.00277819018811,0.00204194732942,0.00256037712097,0.00253936043009,0.0018250697758,0.00100250949617,0.000994223053567,0.000563009176403,0.000218648507143,0.000283464905806,0.000262783869402,0.000259975495283,0.000271555996733,0.000473115913337,0.000585703004617,0.000351060007233,0.000455734931165,0.000472489773529,0.000509685371071,0.000473498716019,0.000408476626035,0.000370872410713,0.000186686360394,0.0000943951599766,0.00000780453319749],"median":[0.00000101680677744,0.000819058855996,0.00102926406544,0.000526724208612,0.00142023013905,0.000917130208109,0.000463957432657,0.000218410074012,0.000212122686207,0.000143269222463,0.0000774085492594,0.0000976558367256,0.0000894152326509,0.0000926395368879,0.000109216773126,0.000193714280613,0.00021009046759,0.000191167986486,0.000221475609578,0.000187800207641,0.000161660107551,0.000150155203301,0.00011405414989,0.0000845926624606,0.0000437958224211,0.0000121929952002,3.98304450755e-7],"min":[3.89472461821e-25,6.97019115394e-24,5.24617429977e-24,1.04612659021e-24,6.13941964655e-24,1.56884822966e-23,1.73620554402e-23,1.38747301479e-23,3.0599860871e-23,1.11224354704e-23,1.53115251131e-23,1.57070536601e-23,2.85682726719e-23,3.83140937978e-23,5.3167262326e-23,7.12722007024e-23,7.78322859487e-23,9.20522547609e-23,1.89434735373e-22,2.12790066878e-22,2.21307972362e-22,3.55175572763e-22,4.45808193439e-22,5.22675860273e-22,7.39182762057e-22,1.22689797309e-21,2.09083551534e-21],"var":[3.0054117528e-10,0.000012882233932,0.0000214554802369,0.0000267666837317,0.0000119979968076,0.0000206281001738,0.0000173449861904,0.00000551827633899,0.00000544622207599,0.00000175362288246,2.32215640494e-7,4.86871442718e-7,2.84889750901e-7,2.6065256975e-7,2.57961318084e-7,5.74836349188e-7,0.00000121789730656,2.21602633133e-7,5.67466884149e-7,5.19855404946e-7,7.15385226613e-7,5.94946641286e-7,4.76641503155e-7,5.63535820675e-7,1.16829504293e-7,1.37394081889e-7,8.86234197139e-10]},"barkbands_crest":{"dmean":2.18576931953,"dmean2":3.44395875931,"dvar":4.55098676682,"dvar2":11.0465574265,"max":26.8169269562,"mean":9.74937057495,"median":8.91069602966,"min":2.2019007206,"var":19.7554454803},"barkbands_flatness_db":{"dmean":0.0182948745787,"dmean2":0.0271687433124,"dvar":0.000380060548196,"dvar2":0.000810070836451,"max":0.526872038841,"mean":0.130067288876,"median":0.115044027567,"min":0.0212317239493,"var":0.00382139976136},"barkbands_kurtosis":{"dmean":2.71456074715,"dmean2":4.14506340027,"dvar":53.4006347656,"dvar2":112.054611206,"max":447.297271729,"mean":4.72796201706,"median":1.21969568729,"min":-1.97440850735,"var":163.812667847},"barkbands_skewness":{"dmean":0.47975358367,"dmean2":0.722863614559,"dvar":0.317088097334,"dvar2":0.688496947289,"max":16.824464798,"mean":1.44400465488,"median":1.3060195446,"min":-4.00919914246,"var":1.93573057652},"barkbands_spread":{"dmean":6.42565727234,"dmean2":9.85156345367,"dvar":74.4437713623,"dvar2":167.570831299,"max":155.275817871,"mean":31.4489364624,"median":26.9449195862,"min":0.191692948341,"var":488.274475098},"dissonance":{"dmean":0.0144282039255,"dmean2":0.0237847287208,"dvar":0.000268184026936,"dvar2":0.000704048783518,"max":0.500000059605,"mean":0.466437011957,"median":0.476191520691,"min":0.19267308712,"var":0.001006001723},"dynamic_complexity":3.55831551552,"erbbands":{"dmean":[0.0119622424245,0.276992619038,1.23637104034,2.49436569214,2.97327661514,5.03734254837,7.79889726639,10.7839326859,12.8659534454,13.2247781754,13.3629961014,13.3561401367,10.4336490631,8.23411464691,5.68141078949,6.50241327286,7.43982362747,7.44187307358,6.40146589279,7.83230352402,13.9667625427,14.9621572495,8.34687900543,8.60047531128,10.5902729034,8.91181945801,8.14180088043,8.61623764038,6.5588259697,5.46403074265,4.33053779602,4.96478891373,1.80788743496,0.91385269165,0.433301657438,0.217668309808,0.202987715602,0.0132790869102,0.000881070853211,0.0000338244826708],"dmean2":[0.019319942221,0.454240530729,2.02864980698,4.02288675308,4.8245844841,7.93378400803,11.7628068924,15.9801902771,19.263381958,19.8890609741,20.7976856232,20.6317081451,16.0019702911,13.0345964432,9.18740940094,10.2696094513,11.9029788971,11.8606157303,10.099946022,12.3004779816,22.158323288,23.713508606,13.3571691513,13.4584703445,16.7603187561,14.1897258759,13.0466413498,13.824379921,10.5522079468,8.78896045685,6.8183631897,8.16647434235,2.85027766228,1.44503295422,0.683435857296,0.360556334257,0.358053028584,0.0224044173956,0.00150944339111,0.0000571287164348],"dvar":[0.000588577240705,0.3275385499,6.13085031509,35.6201934814,28.6187896729,94.4060821533,296.74786377,632.173583984,1062.78063965,1260.23791504,1403.37097168,1402.29260254,775.155334473,590.953979492,175.519317627,314.216369629,308.99130249,399.275665283,239.989273071,250.859527588,766.210021973,1192.1451416,243.906188965,342.794708252,517.485107422,343.844512939,303.31427002,394.02255249,178.099761963,152.346313477,91.1830062866,448.469848633,17.1401557922,4.55721187592,1.23603034019,0.749116241932,1.83493077755,0.0034097507596,0.0000123065910884,2.14785611519e-8],"dvar2":[0.00151542096864,0.919954121113,16.5562877655,88.2817459106,70.9899291992,227.609344482,684.436157227,1397.75317383,2271.08251953,2762.10009766,3475.67163086,3275.45727539,1844.73571777,1517.05358887,431.195526123,760.15057373,795.067626953,1053.7980957,574.248413086,615.175476074,1773.94384766,2841.81689453,589.82598877,718.551940918,1205.42163086,822.294372559,764.197692871,945.998596191,455.115142822,390.706573486,222.534484863,1215.4107666,42.050655365,11.0046663284,3.09814524651,2.07239985466,5.172935009,0.00945015344769,0.0000323652748193,5.9143054898e-8],"max":[0.560741841793,10.9161539078,78.7567977905,261.191619873,181.881652832,275.655639648,729.291381836,632.511901855,1237.21398926,1361.20227051,1155.45153809,1086.16052246,1089.16162109,792.093688965,518.882568359,808.231811523,681.931396484,703.219970703,633.595825195,471.701141357,1063.03967285,1011.85333252,475.160125732,934.059570313,790.882568359,700.578369141,509.941375732,509.500488281,391.861480713,347.673828125,316.138824463,854.337646484,111.715606689,74.5968093872,31.8763523102,22.6254806519,40.6538848877,1.70022177696,0.137607932091,0.00494776340201],"mean":[0.0289601366967,0.654858291149,2.95965838432,5.83831834793,5.72392034531,9.76355934143,15.6062574387,20.8464202881,25.4488201141,24.3691425323,22.867275238,22.9208335876,19.2650413513,15.0343799591,10.1050701141,11.9102449417,13.2669382095,13.8319959641,12.7579994202,16.5526409149,29.3357810974,33.6019973755,20.2408504486,20.6447525024,24.1441116333,21.8327388763,20.180273056,20.3353652954,17.0604820251,14.7598466873,11.5394191742,9.63667678833,4.88876628876,2.52660036087,1.10513412952,0.408086836338,0.209155932069,0.0211509671062,0.00136009999551,0.0000689606531523],"median":[0.0104566672817,0.256826221943,1.23795628548,2.11490345001,3.18099403381,4.96803283691,6.3514623642,6.93215656281,6.9651556015,6.94651651382,5.86978244781,5.42586994171,5.01200675964,3.79355669022,4.16888952255,4.45100879669,4.98825359344,4.90355205536,5.80833768845,7.29224634171,12.192325592,12.9246149063,11.1688404083,11.0085659027,11.1290168762,9.12692546844,6.88170814514,6.62648105621,5.67311143875,3.88554978371,3.22936940193,2.17056822777,1.14099180698,0.601535379887,0.248435616493,0.0768826827407,0.0181202571839,0.00231840764172,0.0000827022595331,0.0000326294830302],"min":[7.64160723645e-23,1.322604951e-21,6.29702752364e-21,6.71447706369e-21,3.23005757396e-20,2.56601749616e-20,2.86841162521e-20,1.38183532781e-19,2.20926138036e-19,2.43910643826e-19,4.39452108128e-19,6.34605469626e-19,6.32956846967e-19,9.05940821372e-19,1.07896715318e-18,7.37491073095e-19,1.84554975483e-18,2.3032567051e-18,1.93084489729e-18,3.46717034411e-18,4.79422509302e-18,5.12188994522e-18,5.72587034514e-18,6.89180457959e-18,7.54578473881e-18,9.13481441195e-18,9.77472546973e-18,9.82752192669e-18,1.21274901753e-17,1.13490346367e-17,1.31411677559e-17,9.53760587533e-18,9.09493851617e-18,7.3924271076e-18,6.68666750999e-18,4.19600890121e-18,2.2277212599e-18,1.06028620963e-18,2.59777182896e-19,3.12146976216e-20],"var":[0.00208489433862,0.995843052864,20.2124347687,173.156784058,63.4634971619,220.996414185,806.442138672,1634.00097656,3221.10009766,2963.81054688,2907.60888672,3048.36621094,1836.90612793,1345.45239258,363.688568115,718.265319824,629.749389648,777.351501465,549.676025391,643.713317871,2284.63549805,3737.58422852,731.267700195,1094.86645508,1414.62536621,1069.46789551,1028.35583496,1133.34143066,745.27935791,664.323242188,377.662567139,499.184631348,75.7191925049,21.1275691986,4.31119155884,0.91427230835,1.28710901737,0.00418917508796,0.0000299165276374,3.11869143843e-8]},"erbbands_crest":{"dmean":2.21912240982,"dmean2":3.56308794022,"dvar":5.35596084595,"dvar2":12.9841299057,"max":31.6527519226,"mean":8.47463798523,"median":7.18160152435,"min":1.84490513802,"var":19.3767623901},"erbbands_flatness_db":{"dmean":0.014169245027,"dmean2":0.0213232971728,"dvar":0.000229662502534,"dvar2":0.000492480117828,"max":0.383848071098,"mean":0.147340863943,"median":0.138310149312,"min":0.00929774157703,"var":0.00211027893238},"erbbands_kurtosis":{"dmean":1.15116643906,"dmean2":1.76913583279,"dvar":6.07872486115,"dvar2":12.7341175079,"max":172.651611328,"mean":1.14540994167,"median":-0.0933126285672,"min":-1.83864569664,"var":21.4107303619},"erbbands_skewness":{"dmean":0.358369320631,"dmean2":0.533616125584,"dvar":0.148683279753,"dvar2":0.311026453972,"max":10.8256063461,"mean":0.102042473853,"median":0.0585577748716,"min":-3.73112463951,"var":1.45738434792},"erbbands_spread":{"dmean":8.19146633148,"dmean2":12.5101118088,"dvar":87.0545272827,"dvar2":192.241851807,"max":148.719085693,"mean":44.897693634,"median":42.2789955139,"min":1.22815656662,"var":443.957458496},"gfcc":{"cov":[[13876.1132813,-1779.95666504,-591.313720703,591.081054688,-721.678833008,510.377532959,-343.560119629,490.508605957,-272.050720215,260.695373535,-366.653564453,170.914169312,-352.179199219],[-1779.95666504,2448.77783203,-344.546813965,-510.137115479,51.9348106384,-300.204925537,39.9901657104,-234.26524353,96.1418533325,-169.320556641,189.235824585,-116.682754517,196.212524414],[-591.313720703,-344.546813965,741.278137207,173.795944214,158.118499756,110.043907166,72.7180862427,59.6893386841,1.46621274948,35.314655304,-31.0858440399,23.4614276886,-53.2974205017],[591.081054688,-510.137115479,173.795944214,546.175048828,133.54498291,83.7109298706,-14.2459621429,56.4394226074,-6.25832176208,29.8905467987,-56.3753166199,17.9486370087,-13.8156099319],[-721.678833008,51.9348106384,158.118499756,133.54498291,375.723693848,31.0163879395,54.1513938904,46.1469955444,38.2651481628,-0.812838554382,-15.9662179947,14.1895809174,0.645162642002],[510.377532959,-300.204925537,110.043907166,83.7109298706,31.0163879395,221.195419312,63.1886367798,91.4835357666,-16.5818367004,33.5267944336,-22.7943439484,18.556854248,-44.7165184021],[-343.560119629,39.9901657104,72.7180862427,-14.2459621429,54.1513938904,63.1886367798,193.273605347,42.7928962708,3.38715291023,-4.01750802994,-5.15152311325,-8.41173648834,-3.1195268631],[490.508605957,-234.26524353,59.6893386841,56.4394226074,46.1469955444,91.4835357666,42.7928962708,152.09815979,25.5706310272,40.138923645,-25.2862033844,23.9369258881,-39.5606994629],[-272.050720215,96.1418533325,1.46621274948,-6.25832176208,38.2651481628,-16.5818367004,3.38715291023,25.5706310272,91.4416732788,28.9160308838,20.905418396,-3.32383608818,8.92163944244],[260.695373535,-169.320556641,35.314655304,29.8905467987,-0.812838554382,33.5267944336,-4.01750802994,40.138923645,28.9160308838,103.319526672,21.2145004272,26.7270011902,-23.0585708618],[-366.653564453,189.235824585,-31.0858440399,-56.3753166199,-15.9662179947,-22.7943439484,-5.15152311325,-25.2862033844,20.905418396,21.2145004272,105.750572205,21.7314491272,29.427154541],[170.914169312,-116.682754517,23.4614276886,17.9486370087,14.1895809174,18.556854248,-8.41173648834,23.9369258881,-3.32383608818,26.7270011902,21.7314491272,81.7654266357,15.4961175919],[-352.179199219,196.212524414,-53.2974205017,-13.8156099319,0.645162642002,-44.7165184021,-3.1195268631,-39.5606994629,8.92163944244,-23.0585708618,29.427154541,15.4961175919,98.0958557129]],"icov":[[0.000188948557479,-0.000168061218574,0.000198320718482,-0.000289140414679,0.000439510477008,-0.000256384228123,0.000341046892572,-0.000552830810193,0.000548354699276,-0.000481334194774,0.000730235304218,-0.000549969146959,0.00045448099263],[-0.000168061218574,0.00116294168402,-0.0000317442209052,0.000897365913261,-0.000895569915883,0.000586175068747,-0.000549634452909,0.000906857138034,-0.00121317792218,0.00149171054363,-0.00205092481337,0.00179814244621,-0.00140684749931],[0.000198320718482,-0.0000317442209052,0.00193811918143,-0.000555088452529,-0.000119680014905,-0.000636004726402,-0.000161925694556,-0.000127980922116,0.000398034055252,-0.000568625866435,0.000725453079212,-0.000919207988773,0.00116216309834],[-0.000289140414679,0.000897365913261,-0.000555088452529,0.00326645979658,-0.00174012721982,-0.0000271941535175,0.000109612476081,0.00083345756866,-0.000795669737272,0.000555015285499,-0.00081641523866,0.00181813561358,-0.0021753446199],[0.000439510477008,-0.000895569915883,-0.000119680014905,-0.00174012721982,0.00477982917801,-0.000581456872169,0.0000945600695559,-0.00177964020986,-0.000165655786986,-0.000524083559867,0.00260300887749,-0.00277725094929,0.00159768597223],[-0.000256384228123,0.000586175068747,-0.000636004726402,-0.0000271941535175,-0.000581456872169,0.00795731972903,-0.0022365252953,-0.00259578274563,0.00155638332944,-0.0000548401985725,-0.00180932704825,0.00088730052812,0.000319007172948],[0.000341046892572,-0.000549634452909,-0.000161925694556,0.000109612476081,0.0000945600695559,-0.0022365252953,0.00729346368462,-0.00278044375591,0.00164360296912,-0.000594293756876,0.00118025054689,0.00060322281206,-0.000396775925765],[-0.000552830810193,0.000906857138034,-0.000127980922116,0.00083345756866,-0.00177964020986,-0.00259578274563,-0.00278044375591,0.0141908489168,-0.00666100019589,0.000577724014875,0.0004783764889,-0.00213809334673,0.00164802954532],[0.000548354699276,-0.00121317792218,0.000398034055252,-0.000795669737272,-0.000165655786986,0.00155638332944,0.00164360296912,-0.00666100019589,0.0183405205607,-0.0071605425328,0.000250847282587,0.00222486048006,-0.00120188691653],[-0.000481334194774,0.00149171054363,-0.000568625866435,0.000555015285499,-0.000524083559867,-0.0000548401985725,-0.000594293756876,0.000577724014875,-0.0071605425328,0.0173948444426,-0.0065499143675,-0.00160542293452,0.00220853067003],[0.000730235304218,-0.00205092481337,0.000725453079212,-0.00081641523866,0.00260300887749,-0.00180932704825,0.00118025054689,0.0004783764889,0.000250847282587,-0.0065499143675,0.018239159137,-0.0073361210525,0.000516658823472],[-0.000549969146959,0.00179814244621,-0.000919207988773,0.00181813561358,-0.00277725094929,0.00088730052812,0.00060322281206,-0.00213809334673,0.00222486048006,-0.00160542293452,-0.0073361210525,0.0208423454314,-0.00790629629046],[0.00045448099263,-0.00140684749931,0.00116216309834,-0.0021753446199,0.00159768597223,0.000319007172948,-0.000396775925765,0.00164802954532,-0.00120188691653,0.00220853067003,0.000516658823472,-0.00790629629046,0.0174741484225]],"mean":[-6.89876031876,71.1962051392,-110.30330658,46.606628418,-66.7960586548,6.96909666061,-44.8892707825,6.61555480957,-23.9386711121,-0.218371391296,-18.8402004242,-0.945787787437,-12.6481370926]},"hfc":{"dmean":6.95385360718,"dmean2":10.204328537,"dvar":220.919326782,"dvar2":539.238464355,"max":306.001953125,"mean":28.1780586243,"median":17.9549999237,"min":1.11448770317e-16,"var":936.73449707},"melbands":{"dmean":[0.000189763231901,0.000539867382031,0.000414298003307,0.000282321998384,0.000255353865214,0.000240526118432,0.000200809488888,0.00014207737695,0.000110058506834,0.0000812976140878,0.0000527316005901,0.0000360580343113,0.0000197428744286,0.0000194583062694,0.0000163827608048,0.0000155999205163,0.0000142274666359,0.0000101229788925,0.0000111365534394,0.0000117918989417,0.0000196134769794,0.0000176828780241,0.0000109860857265,0.0000072109987741,0.00000770337737777,0.00000784386611485,0.00000816227293399,0.00000627558347333,0.00000561245178687,0.00000613170959696,0.00000498128838444,0.00000418889521825,0.00000357174872079,0.00000311373628392,0.00000274929152511,0.00000321356105815,0.00000301334148389,0.00000138808809425,0.00000102091712506,8.11363634057e-7],"dmean2":[0.000307856302243,0.000885017565452,0.000665727246087,0.000450937455753,0.000384621700505,0.000355255586328,0.000300423213048,0.000214678570046,0.000170801577042,0.000126096827444,0.0000813961960375,0.0000572462522541,0.0000319239625242,0.0000310765353788,0.0000261455224972,0.0000250815810432,0.0000227511955018,0.0000161245316121,0.0000176947651198,0.0000187990717677,0.0000313856980938,0.0000283570279862,0.0000174685956154,0.0000117360505101,0.0000121315461001,0.0000124864563986,0.0000132633340399,0.0000100996976471,0.00000911974166229,0.0000100109200503,0.00000806442676549,0.00000682321433487,0.00000582320399189,0.00000501274598719,0.00000437727976532,0.00000530267880094,0.00000495708172821,0.00000221420827984,0.00000163322772551,0.00000130688908939],"dvar":[1.52048343693e-7,0.00000111542829018,7.98324379048e-7,2.54163808222e-7,2.66550898687e-7,2.97903653745e-7,2.46461240749e-7,1.31529986902e-7,9.06664681111e-8,4.89307012685e-8,2.03182111136e-8,1.16529506045e-8,2.12445838699e-9,3.90672116879e-9,1.46049905503e-9,1.40650313618e-9,1.49096668345e-9,5.74986613877e-10,6.29479190994e-10,6.1849231292e-10,1.60305257957e-9,1.81975368108e-9,4.70878003256e-10,1.69449385079e-10,3.06750291834e-10,2.65641120212e-10,3.46985995492e-10,1.79706874381e-10,1.44001241487e-10,2.30429647585e-10,1.18385426462e-10,7.2713064736e-11,6.16412892951e-11,4.80494082022e-11,3.8496743987e-11,1.26408439272e-10,1.41916964291e-10,1.01386225804e-11,5.51370017352e-12,3.69908444153e-12],"dvar2":[4.067820214e-7,0.00000309343408844,0.000001986730922,6.20351727321e-7,6.1269707885e-7,6.51613675018e-7,5.35669585133e-7,2.91620807502e-7,2.23117666565e-7,1.14448496902e-7,4.86601869909e-8,3.0002350826e-8,5.0787130057e-9,9.64174073914e-9,3.60191654281e-9,3.55325191492e-9,3.9106304861e-9,1.38805822392e-9,1.51313284125e-9,1.52771995054e-9,3.74857656027e-9,4.4349204309e-9,1.10648201712e-9,4.26303575773e-10,6.32573826653e-10,6.20692608422e-10,8.77427408508e-10,4.43323128207e-10,3.75744879655e-10,5.74878367132e-10,2.90673013437e-10,1.90247900766e-10,1.60616048239e-10,1.22401699887e-10,9.49153047825e-11,3.45597994666e-10,3.80430131841e-10,2.57595091091e-11,1.3626370865e-11,9.34654523915e-12],"max":[0.0078431321308,0.0305387396365,0.037641339004,0.015417364426,0.0196902118623,0.0129402745515,0.0217113308609,0.012782856822,0.00786378141493,0.00580958882347,0.00536829559132,0.00393674522638,0.00146336981561,0.00396483950317,0.00155092321802,0.00116623216309,0.00136975175701,0.00104120583273,0.00148177472875,0.000592556665652,0.00154939177446,0.00151686242316,0.000636136566754,0.000355579686584,0.000976370472927,0.000553716847207,0.000729606021196,0.000545347924344,0.000374447234208,0.000520400353707,0.000236239749938,0.000243334943661,0.000190324310097,0.000216032422031,0.000276247388683,0.00038461969234,0.000461013551103,0.0000769582984503,0.0000889082730282,0.0000645996115054],"mean":[0.000455276254797,0.00134142336901,0.00097430346068,0.000552581157535,0.00052742054686,0.000471006438602,0.000396891526179,0.000254901766311,0.00018514956173,0.000137751470902,0.000093549831945,0.0000626625551376,0.0000324548345816,0.0000334107135131,0.0000284096186078,0.0000272977722489,0.0000251013316301,0.0000184753680514,0.0000227059754252,0.000021847197786,0.0000386936735595,0.000036108885979,0.0000248188134719,0.0000151322892634,0.0000169484756043,0.000017004997062,0.0000170053626789,0.0000139647399919,0.0000125067490444,0.0000128469027914,0.0000110309874799,0.00000971712051978,0.00000872308191902,0.00000784272015153,0.00000680874018144,0.0000062492554207,0.00000556614077141,0.00000346771821569,0.00000260759293269,0.00000199991336558],"median":[0.000165226534591,0.000592663127463,0.00042321998626,0.000314662087476,0.000237118249061,0.000159581672051,0.000104812490463,0.0000709815867594,0.0000431754888268,0.0000307483096549,0.0000220090478251,0.0000140237452797,0.0000122635365187,0.0000116191249617,0.0000110847595352,0.00000945648662309,0.0000081042499005,0.00000779217771196,0.00000899187671166,0.00000921589980862,0.000014748276044,0.0000128766087073,0.0000104533573904,0.00000829040618555,0.00000836663093651,0.00000805262970971,0.00000686928842697,0.00000551141874894,0.00000419202524427,0.00000365291566595,0.00000370005091099,0.00000325757514474,0.000002356251116,0.00000198977636501,0.0000018557269641,0.0000015269282585,0.00000120305764995,8.03596833521e-7,6.01269562139e-7,4.56223091305e-7],"min":[1.63038143131e-24,3.19168251036e-24,1.48762945772e-24,1.82723752869e-24,1.04421833568e-24,3.12267216951e-24,3.52023538599e-24,2.67856024317e-24,3.38671910006e-24,4.52063999257e-24,2.86631643557e-24,2.2141751832e-24,3.70268905261e-24,2.08171557646e-24,2.93452844919e-24,3.51955775448e-24,4.15400387067e-24,1.78990389749e-24,4.79750098245e-24,4.15018144515e-24,5.89282922175e-24,5.28094847176e-24,3.89818653429e-24,4.97699602624e-24,4.36816816795e-24,6.53111472397e-24,4.326934014e-24,5.85728709367e-24,5.01968562856e-24,5.15020542634e-24,4.52655289949e-24,6.8175946893e-24,6.53671484754e-24,6.15401239e-24,7.0672147344e-24,7.4957160895e-24,4.40470781065e-24,6.57401850202e-24,5.42154478431e-24,5.64215249747e-24],"var":[5.35725405371e-7,0.00000343339320352,0.00000372197246179,5.77897822041e-7,7.44914473216e-7,8.05642628166e-7,7.93408617028e-7,3.01518127799e-7,1.88744536445e-7,1.06720378312e-7,4.70245602457e-8,2.58982684187e-8,4.30905178206e-9,7.7532620324e-9,3.16242010356e-9,2.86025825247e-9,2.94030577663e-9,1.24178656247e-9,1.68424763025e-9,1.3121616016e-9,4.69399585867e-9,4.70520955531e-9,1.93516980218e-9,4.07677336334e-10,9.36951960462e-10,7.58149376612e-10,7.7378525809e-10,4.96849839049e-10,4.19469459167e-10,5.30472610283e-10,3.28868876576e-10,2.48492532107e-10,2.29722657563e-10,1.97338895225e-10,1.43369593975e-10,1.63272340092e-10,1.66837516025e-10,4.00151613233e-11,2.27903893674e-11,1.40975295673e-11]},"melbands_crest":{"dmean":2.89759850502,"dmean2":4.62009096146,"dvar":7.76757478714,"dvar2":19.3537654877,"max":39.8789329529,"mean":14.381187439,"median":13.3992147446,"min":1.76950860023,"var":33.6674499512},"melbands_flatness_db":{"dmean":0.0220743604004,"dmean2":0.0326582118869,"dvar":0.000552626908757,"dvar2":0.00117324909661,"max":0.680305063725,"mean":0.176402673125,"median":0.164125517011,"min":0.0026100629475,"var":0.00634158868343},"melbands_kurtosis":{"dmean":6.40563011169,"dmean2":9.90747261047,"dvar":184.011230469,"dvar2":442.716339111,"max":722.612731934,"mean":15.0498867035,"median":8.5901966095,"min":-1.83808195591,"var":573.120605469},"melbands_skewness":{"dmean":0.650839447975,"dmean2":0.988808989525,"dvar":0.577989637852,"dvar2":1.32193398476,"max":21.9120788574,"mean":2.83769845963,"median":2.54385018349,"min":-3.00869965553,"var":2.98915457726},"melbands_spread":{"dmean":9.00979137421,"dmean2":13.7716684341,"dvar":194.191131592,"dvar2":420.511566162,"max":247.077453613,"mean":33.9737548828,"median":23.6200466156,"min":0.251919686794,"var":1088.47192383},"mfcc":{"cov":[[9964.31054688,-1892.40673828,-13.7531251907,-20.6536979675,-136.04826355,23.8221530914,35.4271774292,184.754943848,109.015647888,174.255325317,31.9923095703,170.351394653,-0.0329651944339],[-1892.40673828,2318.12915039,-269.660888672,-200.231063843,-109.966934204,-119.212020874,-74.2519454956,-88.1687240601,-87.4183197021,-105.03099823,8.06619644165,-45.2918052673,-19.4981937408],[-13.7531251907,-269.660888672,521.105041504,82.1801986694,52.8651428223,74.432510376,62.4309539795,36.2588157654,17.2737140656,34.3897399902,5.6912150383,24.7752304077,16.7318496704],[-20.6536979675,-200.231063843,82.1801986694,388.716949463,169.687332153,75.7751159668,24.872877121,17.6173496246,58.9728355408,8.9816493988,-26.6334171295,8.50959396362,27.3937644958],[-136.04826355,-109.966934204,52.8651428223,169.687332153,297.022003174,62.4189186096,16.4382686615,38.2172279358,35.6349487305,32.7734336853,-4.8910446167,11.047706604,27.4926223755],[23.8221530914,-119.212020874,74.432510376,75.7751159668,62.4189186096,131.44708252,70.3352661133,33.969619751,31.645647049,21.8257789612,6.1183886528,13.7069997787,1.0667873621],[35.4271774292,-74.2519454956,62.4309539795,24.872877121,16.4382686615,70.3352661133,152.765823364,77.9521408081,40.6320571899,32.165813446,8.76206302643,21.3220806122,3.53752160072],[184.754943848,-88.1687240601,36.2588157654,17.6173496246,38.2172279358,33.969619751,77.9521408081,126.310943604,56.0637588501,30.6809749603,10.9417829514,18.723991394,2.74382615089],[109.015647888,-87.4183197021,17.2737140656,58.9728355408,35.6349487305,31.645647049,40.6320571899,56.0637588501,114.322509766,39.8140144348,0.881148278713,16.0650405884,1.82281732559],[174.255325317,-105.03099823,34.3897399902,8.9816493988,32.7734336853,21.8257789612,32.165813446,30.6809749603,39.8140144348,100.877914429,37.7423629761,14.2379598618,5.83552455902],[31.9923095703,8.06619644165,5.6912150383,-26.6334171295,-4.8910446167,6.1183886528,8.76206302643,10.9417829514,0.881148278713,37.7423629761,81.3075637817,29.4936885834,0.5539945364],[170.351394653,-45.2918052673,24.7752304077,8.50959396362,11.047706604,13.7069997787,21.3220806122,18.723991394,16.0650405884,14.2379598618,29.4936885834,81.0021820068,30.7400188446],[-0.0329651944339,-19.4981937408,16.7318496704,27.3937644958,27.4926223755,1.0667873621,3.53752160072,2.74382615089,1.82281732559,5.83552455902,0.5539945364,30.7400188446,71.4795761108]],"icov":[[0.00013428812963,0.000105896935565,0.0000659462239128,-0.00000530316310687,0.000133074572659,-0.00000912895393412,0.000159468021593,-0.000227528173127,0.0000846602997626,-0.000226329793804,0.000178535294253,-0.00033859082032,0.000125885693706],[0.000105896935565,0.000591575459111,0.000225590294576,0.000178704140126,0.0000224808773055,0.000245091825491,-0.0000758630631026,0.0000659498764435,0.0000177646597876,0.000369452958694,-0.00024803634733,0.00000262581193056,-7.76802778546e-7],[0.0000659462239128,0.000225590294576,0.00227594003081,-0.000259504799033,0.0000992092536762,-0.000775685010012,-0.000288521201583,-0.000268009636784,0.000590231793467,-0.000584579363931,0.00028380783624,-0.000493730185553,-0.000130941116367],[-0.00000530316310687,0.000178704140126,-0.000259504799033,0.00410900590941,-0.00192944344599,-0.00115676107816,-0.0000480780399812,0.0010842771735,-0.00191699783318,0.00101313216146,0.000626583758276,0.000300087995129,-0.000912849383894],[0.000133074572659,0.0000224808773055,0.0000992092536762,-0.00192944344599,0.00528236851096,-0.00173329259269,0.00171383621637,-0.00203838991001,0.000774820975494,-0.00183926417958,0.00077102513751,-0.000204128125915,-0.0010778028518],[-0.00000912895393412,0.000245091825491,-0.000775685010012,-0.00115676107816,-0.00173329259269,0.0125381173566,-0.00552874011919,0.00154712272342,-0.000973958522081,0.000551300880034,-0.00113840738777,-0.000338533602189,0.00151974754408],[0.000159468021593,-0.0000758630631026,-0.000288521201583,-0.0000480780399812,0.00171383621637,-0.00552874011919,0.0128857567906,-0.00679402099922,0.000636876968201,-0.00229096133262,0.00168507068884,-0.00174959353171,0.0000219051744352],[-0.000227528173127,0.0000659498764435,-0.000268009636784,0.0010842771735,-0.00203838991001,0.00154712272342,-0.00679402099922,0.0147958407179,-0.00528749544173,0.00108403689228,-0.00157646765001,0.000243890666752,0.000147953396663],[0.0000846602997626,0.0000177646597876,0.000590231793467,-0.00191699783318,0.000774820975494,-0.000973958522081,0.000636876968201,-0.00528749544173,0.0141850719228,-0.00537124928087,0.00340347294696,-0.00280449446291,0.00174583308399],[-0.000226329793804,0.000369452958694,-0.000584579363931,0.00101313216146,-0.00183926417958,0.000551300880034,-0.00229096133262,0.00108403689228,-0.00537124928087,0.0166074875742,-0.00842619687319,0.00320453825407,-0.00191145949066],[0.000178535294253,-0.00024803634733,0.00028380783624,0.000626583758276,0.00077102513751,-0.00113840738777,0.00168507068884,-0.00157646765001,0.00340347294696,-0.00842619687319,0.0194169785827,-0.00816988386214,0.00328752491623],[-0.00033859082032,0.00000262581193056,-0.000493730185553,0.000300087995129,-0.000204128125915,-0.000338533602189,-0.00174959353171,0.000243890666752,-0.00280449446291,0.00320453825407,-0.00816988386214,0.0198638606817,-0.00850737746805],[0.000125885693706,-7.76802778546e-7,-0.000130941116367,-0.000912849383894,-0.0010778028518,0.00151974754408,0.0000219051744352,0.000147953396663,0.00174583308399,-0.00191145949066,0.00328752491623,-0.00850737746805,0.018500123173]],"mean":[-644.429138184,94.2632904053,11.1776971817,32.7284355164,2.96007943153,1.13151109219,-8.14765453339,0.74407351017,-2.93196415901,-2.05648422241,-4.16312551498,0.00653916783631,-1.87039327621]},"pitch_salience":{"dmean":0.0617197602987,"dmean2":0.098603002727,"dvar":0.00339031545445,"dvar2":0.00826001539826,"max":0.901950955391,"mean":0.556488096714,"median":0.570485055447,"min":0.00960739515722,"var":0.0148401120678},"silence_rate_20dB":{"dmean":0,"dmean2":0,"dvar":0,"dvar2":0,"max":1,"mean":1,"median":1,"min":1,"var":0},"silence_rate_30dB":{"dmean":0.00067402474815,"dmean2":0.00134810630698,"dvar":0.000673140631989,"dvar2":0.00151368137449,"max":1,"mean":0.998483479023,"median":1,"min":0,"var":0.00151562446263},"silence_rate_60dB":{"dmean":0.0142387729138,"dmean2":0.0284787453711,"dvar":0.0140378260985,"dvar2":0.0314562320709,"max":1,"mean":0.0758667141199,"median":0,"min":0,"var":0.0701038315892},"spectral_centroid":{"dmean":244.49369812,"dmean2":366.502929688,"dvar":89071.6796875,"dvar2":177664.75,"max":11462.1279297,"mean":1702.67541504,"median":1563.32885742,"min":95.5910491943,"var":1005493.3125},"spectral_complexity":{"dmean":3.51057386398,"dmean2":5.31474065781,"dvar":18.0637454987,"dvar2":34.8194160461,"max":61,"mean":19.8967514038,"median":19,"min":0,"var":142.094497681},"spectral_contrast_coeffs":{"dmean":[0.0469045825303,0.0463264025748,0.0350284576416,0.027440417558,0.0196462552994,0.0171200558543],"dmean2":[0.0766449049115,0.074168138206,0.0570498965681,0.0452710129321,0.032053347677,0.0276734400541],"dvar":[0.00155246339273,0.00147330015898,0.000797844608314,0.000487892772071,0.000279343425063,0.000280724227196],"dvar2":[0.00406013056636,0.00362501759082,0.00204836227931,0.00128849665634,0.000708623614628,0.000673552742228],"max":[-0.284408003092,-0.353392332792,-0.474137783051,-0.519657731056,-0.503190815449,-0.489340394735],"mean":[-0.611353695393,-0.702832818031,-0.77757948637,-0.787598252296,-0.783148467541,-0.755992174149],"median":[-0.617364943027,-0.707275032997,-0.787767827511,-0.791779398918,-0.786398231983,-0.753965079784],"min":[-0.975287497044,-0.978868603706,-0.978254437447,-0.965002596378,-0.963488578796,-0.964005947113],"var":[0.00707902666181,0.00823112204671,0.004862873815,0.00257012806833,0.00181615597103,0.00159987667575]},"spectral_contrast_valleys":{"dmean":[0.400555342436,0.338021874428,0.300238519907,0.26626804471,0.226229190826,0.227296069264],"dmean2":[0.657325327396,0.546544313431,0.480128109455,0.415136516094,0.335607022047,0.32717359066],"dvar":[0.127540320158,0.090418368578,0.0769528374076,0.0698312968016,0.0731643512845,0.0943014845252],"dvar2":[0.313669502735,0.208716958761,0.169083714485,0.141259133816,0.138627558947,0.194495916367],"max":[-5.27686595917,-4.8732843399,-5.65920686722,-5.89523267746,-5.14316511154,-7.30302190781],"mean":[-7.66740179062,-7.0359582901,-7.75354576111,-7.98889827728,-7.49818134308,-9.82957077026],"median":[-7.42846059799,-6.86866807938,-7.57406949997,-7.78849458694,-7.20992565155,-9.53325653076],"min":[-28.2763519287,-27.7637329102,-27.5394058228,-27.697511673,-27.4300479889,-27.4002304077],"var":[1.73368501663,1.51218652725,1.50763213634,1.4560135603,1.88755023479,2.39902997017]},"spectral_decrease":{"dmean":1.2696482754e-9,"dmean2":1.91611504441e-9,"dvar":2.68150054983e-18,"dvar2":6.39372894068e-18,"max":1.6580475336e-28,"mean":-5.21502352413e-9,"median":-4.56468463028e-9,"min":-4.06960722898e-8,"var":1.44669372729e-17},"spectral_energy":{"dmean":0.00515636615455,"dmean2":0.00773225072771,"dvar":0.0000434096582467,"dvar2":0.000101553465356,"max":0.158096298575,"mean":0.0222385171801,"median":0.0195349287242,"min":1.00531613851e-20,"var":0.000253694655839},"spectral_energyband_high":{"dmean":0.000674601935316,"dmean2":0.00101872277446,"dvar":0.00000257208671428,"dvar2":0.00000622273228146,"max":0.0362280122936,"mean":0.00230888044462,"median":0.000757504778448,"min":6.83421953529e-21,"var":0.0000123694926515},"spectral_energyband_low":{"dmean":0.00224486552179,"dmean2":0.00367291411385,"dvar":0.0000191594699572,"dvar2":0.0000523810558661,"max":0.148749798536,"mean":0.00636924011633,"median":0.00295803323388,"min":2.40227835608e-23,"var":0.0000731134059606},"spectral_energyband_middle_high":{"dmean":0.00112643977627,"dmean2":0.00166491663549,"dvar":0.0000034322688407,"dvar2":0.00000731748332328,"max":0.0401843525469,"mean":0.00386410788633,"median":0.00249102385715,"min":1.31684437313e-21,"var":0.0000165518504218},"spectral_energyband_middle_low":{"dmean":0.00365249114111,"dmean2":0.00546105438843,"dvar":0.0000242750302277,"dvar2":0.0000543337446288,"max":0.123254932463,"mean":0.0111270751804,"median":0.00850458908826,"min":1.60472016472e-22,"var":0.000105600891402},"spectral_entropy":{"dmean":0.133984044194,"dmean2":0.197131961584,"dvar":0.0266731325537,"dvar2":0.0538799278438,"max":9.8224773407,"mean":7.68901920319,"median":7.80634737015,"min":4.11018037796,"var":0.335641920567},"spectral_flux":{"dmean":0.015654893592,"dmean2":0.0242571439594,"dvar":0.000308924296405,"dvar2":0.000691823428497,"max":0.352126330137,"mean":0.066504560411,"median":0.0630872026086,"min":6.60889398763e-11,"var":0.00125394121278},"spectral_kurtosis":{"dmean":1.08431649208,"dmean2":1.81189668179,"dvar":2.96161437035,"dvar2":7.67469882965,"max":72.9753494263,"mean":3.51305747032,"median":2.54132056236,"min":-1.31613790989,"var":14.7507886887},"spectral_rms":{"dmean":0.000527896685526,"dmean2":0.000777402718086,"dvar":3.24475507796e-7,"dvar2":7.19837146335e-7,"max":0.0124193513766,"mean":0.00431134318933,"median":0.00436560017988,"min":3.13176654748e-12,"var":0.00000310842870022},"spectral_rolloff":{"dmean":620.17755127,"dmean2":1010.40686035,"dvar":1245449,"dvar2":2860408.75,"max":20176.6113281,"mean":2500.4465332,"median":1614.99023438,"min":21.533203125,"var":6386370.5},"spectral_skewness":{"dmean":0.161787346005,"dmean2":0.256056249142,"dvar":0.0406502075493,"dvar2":0.0911293849349,"max":7.49382638931,"mean":1.32701528072,"median":1.22620379925,"min":-0.0435964614153,"var":0.343409389257},"spectral_spread":{"dmean":450469.46875,"dmean2":706358.4375,"dvar":462197719040,"dvar2":1038351990780,"max":49651472,"mean":5078675,"median":4920549.5,"min":1264713.375,"var":3506433687550},"spectral_strongpeak":{"dmean":0.413815200329,"dmean2":0.695882380009,"dvar":0.616174697876,"dvar2":1.58467650414,"max":15.9945325851,"mean":0.845872342587,"median":0.521175682545,"min":0,"var":1.07895469666},"zerocrossingrate":{"dmean":0.0114573724568,"dmean2":0.0131740905344,"dvar":0.000203621661058,"dvar2":0.000231040132348,"max":0.51318359375,"mean":0.0862293317914,"median":0.0712890625,"min":0,"var":0.00366619671695}},"metadata":{"audio_properties":{"analysis_sample_rate":44100,"bit_rate":96000,"codec":"mp3","downmix":"mix","equal_loudness":0,"length":551.183654785,"lossless":false,"md5_encoded":"d22fce6129f92fdc937707faec0c851e","replay_gain":-13.9184570313,"sample_rate":44100},"tags":{"acoustid_fingerprint":["AQADtFEUxUvKQMclHblyXAn8K_hxeOmOH_9zJL-RJSPagw8T9DoaL8X5FWeWBk9OpNEhmaqCbx-2_tBx5HnQ_CjxJDlxBVfW4E9ghUG-H7pyIdaDajmB8yjFwQuTHCWP5pHRrE-CHm2TwE6Gn4O5C8lIHuHnDVMc_CIOMlmIU0e4KYbGZfiyaHhHlDz-CGw9_AFn-WgUNQnGhhKuHJ8xX2iyHRq7CBcPLWEe9KicbGByPPGMuUdzWTjVwU6GKvlw6RF6ZkRz49lwaTHOqZje9AjDF8fD46bxo7jh52i-4BOSWwjzaSgv_CKY5OjUg2tSBvm-GeKsHNEv48kTuD9y6NkRPl6KBscjcsOZI3ZyaAuLlB_O58R34kN-QcyH8AqscTxO_E1SbOtVJB6PPEEfqUXT4-KLWpZAZdKRTi-04yZ01QiNJzpK_uDj4ws3RNoPXYcv9B_0XsWnH0fOC_3QKMf3Yr5wB_VBuegtIjmPK0mQTdRFdJFjvEd-HmKsNYjELvhwoWm2HH2M5ksqRJITHYmyY4uyD1dUDX_gE8mRXqKIMh--UUuGI9lzI8xnvN_wHPUWuOngyziVZBwSVzfC-PiPH4_So9Q-BT4f1D7quPAT-DsqE2pcbng_NEzixSiljDh6XEN_Bo-Oskdz4umRX3iqQZGksMV75CGBLRU-H3BlnC12Ds6J8IkKeS1ibcefwOvwHD96RxJi6bgUPAv-Q_yW4sLxw8fx4_iRX8fhLAr-4MdzOJZwEqkeSKNI9MjxaIc__Dmyd_jaoU-QhytCHj2shhYq4oH2w5fRI2SDLwelsDh-Gj54PDouBg84fURuw4eGv-hzOI0psD-cmYXG6cj3obmG8vgxpUc4NsVpC5qlFs2Pfce74-ihXsYmJgp-BN6DfMV-aGmSI9fx0Gh-9PgRj4cUU0Gmw2mOR1mGklHQH_4ResskfIQuNDzCt8FbC8dPPAg3kmhO6NTxo7FYhA9z5NNiMFqUTxCdLKglHf-GHkxO6EalNUGqcBbywbNS6EfTtMS-ZYT-oCTRkAseBTuFc0Nz1MSzI0RzHt-P72iObGohv5hO_PjRoI8i43vQHDm2Zy16KUZsoSWkG5eS44FOHi_O6LjwHH4UyJqItOJhEhd-uMfBqcRr-CyS7UWO88EnDg2O8MGfCVcK3UbXw0dPC8zxC-IelJke4KGHpoLc401hDvnxHeQuIfdwiDz6DPvRC44ffBl-EdOJK0ELPseJw8d1_PAP9XjhMQquHnmKuzh-bD_OD8eX6LD2oRIJJNeR68e1ZcNf5ej-wOOENkqQD2cyXAw8HnqOt_CXQF4i4WK6IlciBz4eC7cRhk8Dbe6RUwn-VII_nMzR_mjGK7hRNdmFRtWDXEdy6sRzPEcfnA6uXfCVo0IuPMaVKJEiODv0ZTxyzmj0oN7xhDmHUxz8PMFVJB-RGy8XoeF5lASiBzx-4VucoCNDbJHxGe6G_YJ-6Dhy2I2DMxH-Im0Vg6EoQRaPkHxgXzgxcnjh8bjg4z6-EgnDIVKuTTiP80Rz1Pg0PB2uKEX4Q_jhmLhx6DCz44Tu4w_yZfCMf8Wl7cAPH