{"lowlevel":{"average_loudness":0.940643668175,"barkbands":{"dmean":[0.00624360935763,0.0122867645696,0.00531972199678,0.001672959188,0.0025751509238,0.00115955912042,0.000935908698011,0.000896918296348,0.000698141171597,0.000535303144716,0.000195399290533,0.000302043219563,0.000330468406901,0.000193332074559,0.000368163076928,0.000244102673605,0.0002425682178,0.000204386058613,0.000124940750538,0.00013556650083,0.000129120642669,0.0000534883947694,0.0000232573729591,0.0000141022255775,0.0000044400517254,0.0000216081934923,0.000329308211803],"dmean2":[0.0100264893845,0.0203381367028,0.00893709622324,0.0027758218348,0.00418131519109,0.00181523221545,0.00146915914956,0.00147236441262,0.00112257525325,0.000870125135407,0.000329774600687,0.000512137368787,0.000560657004826,0.000326879759086,0.000623545551207,0.00040686072316,0.000399267184548,0.000325588014675,0.000200476628379,0.000207487915759,0.0001838645112,0.0000788095858297,0.0000342982093571,0.0000198860925593,0.000006798945833,0.0000294746860163,0.000512091210112],"dvar":[0.0000927420333028,0.000288053706754,0.0000927065921132,0.000006704660791,0.0000180849820026,0.00000418729814555,0.00000424836662205,0.00000661227386445,0.00000191584695131,9.78000684881e-7,2.0851842919e-7,2.15313804119e-7,2.57988773456e-7,8.1498875204e-8,3.51577398305e-7,1.63798617336e-7,2.23947552058e-7,1.53552619508e-7,5.7124250219e-8,1.09127768155e-7,2.8221603543e-7,3.74039252904e-8,3.65979491157e-9,1.44394018964e-9,6.48314318896e-11,3.08585335063e-9,2.09755725677e-7],"dvar2":[0.000212228900637,0.000794590916485,0.000253945705481,0.0000177927104232,0.0000458144641016,0.00000969215307123,0.00000937380445976,0.0000178428508661,0.00000487726265419,0.00000243542262979,5.50652544007e-7,5.9225322957e-7,7.10827009698e-7,2.26032625505e-7,9.77142349257e-7,4.25987423114e-7,5.8836548078e-7,3.4477028521e-7,1.26917896637e-7,2.2717526349e-7,4.99267798659e-7,8.37497040607e-8,8.28324875357e-9,2.8702602517e-9,1.36588199084e-10,5.66928282097e-9,5.14562827902e-7],"max":[0.18396922946,0.206923633814,0.131804257631,0.0480785295367,0.0881457105279,0.0564419925213,0.0473514124751,0.0529447905719,0.0297822915018,0.023298766464,0.0226760003716,0.014511176385,0.00866529624909,0.00558472517878,0.0135389324278,0.0101163377985,0.0160403810441,0.0127867553383,0.00826190598309,0.0148143433034,0.0222597755492,0.00712201884016,0.00162007601466,0.000895145640243,0.000154650319018,0.00177331024315,0.00781030766666],"mean":[0.00820644665509,0.0188669674098,0.00688516069204,0.00233320589177,0.00417065480724,0.001962473616,0.00151062128134,0.00169138680212,0.0011552690994,0.000925558269955,0.000314363598591,0.000540639797691,0.000591671268921,0.000390930887079,0.000706090999302,0.000507194898091,0.000517732172739,0.000431978201959,0.000287620758172,0.000319579907227,0.000282461493043,0.00010981716332,0.000040953487769,0.000018511154849,0.0000051769793572,0.000034435212001,0.00140282814391],"median":[0.00480320490897,0.0136174932122,0.00376457348466,0.00129083893262,0.00231840414926,0.000909417052753,0.000494961801451,0.000318363512633,0.000499164802022,0.000367807282601,0.000189882601262,0.000348536821548,0.000356151780579,0.000247803982347,0.000396455638111,0.000342695711879,0.000339354213793,0.000267466239166,0.000185861499631,0.000189143858734,0.000146677397424,0.0000623832893325,0.000021084333639,0.00000448912851425,0.00000167741177393,0.0000137312108563,0.000971493427642],"min":[4.01808629214e-24,8.58469675953e-24,7.94338834233e-24,2.97061824396e-23,2.18653231379e-23,4.70062365681e-23,2.71205141179e-23,3.93464981526e-23,1.86007216782e-23,6.04109239456e-23,2.69490914877e-23,1.03415903386e-22,7.07759630168e-23,1.07108075345e-22,1.2411093086e-22,1.31892482021e-22,2.26662558238e-22,2.10498217689e-22,1.74546443602e-22,3.19452467365e-22,4.55602337029e-22,4.8526603142e-22,5.49644704838e-22,8.52214034218e-22,9.65071075405e-22,1.54156991812e-21,2.45321009389e-21],"var":[0.000125285427202,0.000367643428035,0.0000936264041229,0.00000989726504486,0.0000330517796101,0.00000995291520667,0.0000099881690403,0.0000254564893112,0.00000394941071136,0.00000237110270973,3.22292976307e-7,3.99824386932e-7,5.293024401e-7,2.00722979571e-7,7.71855241055e-7,4.04757457773e-7,5.18039769304e-7,3.5438500845e-7,1.5368914319e-7,2.75471222722e-7,6.7460024411e-7,6.92910262501e-8,5.38886846257e-9,2.32968377922e-9,1.04931188738e-10,5.58895552061e-9,0.00000208919345823]},"barkbands_crest":{"dmean":2.96122527122,"dmean2":4.88744926453,"dvar":6.14636325836,"dvar2":17.4139289856,"max":23.951461792,"mean":10.7712535858,"median":10.377661705,"min":2.28139638901,"var":14.6457672119},"barkbands_flatness_db":{"dmean":0.0274791996926,"dmean2":0.0438126772642,"dvar":0.000673715956509,"dvar2":0.00167701090686,"max":0.527026951313,"mean":0.152071386576,"median":0.134492516518,"min":0.026271738112,"var":0.00458253268152},"barkbands_kurtosis":{"dmean":8.47609996796,"dmean2":13.5547008514,"dvar":309.905303955,"dvar2":791.987426758,"max":463.607055664,"mean":16.2932529449,"median":5.95247268677,"min":-1.84665191174,"var":910.480285645},"barkbands_skewness":{"dmean":0.781521379948,"dmean2":1.22998774052,"dvar":0.752142846584,"dvar2":1.85712957382,"max":13.9921293259,"mean":2.80674123764,"median":2.29328656197,"min":-3.56982398033,"var":3.79748821259},"barkbands_spread":{"dmean":7.49410057068,"dmean2":11.7454795837,"dvar":68.8134765625,"dvar2":160.279571533,"max":128.102401733,"mean":28.1789741516,"median":24.9820308685,"min":0.270785957575,"var":422.903900146},"dissonance":{"dmean":0.0155077362433,"dmean2":0.0258051957935,"dvar":0.000273021723842,"dvar2":0.000709671410732,"max":0.5,"mean":0.470653414726,"median":0.478385686874,"min":0.270226985216,"var":0.000669820350595},"dynamic_complexity":3.03789710999,"erbbands":{"dmean":[0.593541443348,2.19717526436,5.64282751083,6.08438634872,6.26155042648,9.4362783432,9.67050743103,10.5565299988,13.1865987778,16.28175354,15.3164110184,17.0080833435,15.129899025,13.8960609436,8.73431491852,11.8045682907,15.7561731339,9.36615562439,17.7367572784,13.6718473434,13.2422027588,12.8657655716,11.5667867661,7.46438598633,6.04880952835,6.2619972229,5.98027038574,4.25991392136,2.10134530067,1.08100342751,0.607294976711,0.351921081543,0.204001322389,0.0701805949211,0.0253405552357,0.053135573864,0.044391900301,0.028745258227,0.0199427865446,0.00704597076401],"dmean2":[0.986448168755,3.69341897964,9.41633701324,10.0099849701,10.2203636169,15.5299425125,15.5706415176,16.5269393921,20.5108966827,26.5984401703,24.9453697205,27.4637451172,24.3704242706,22.6442203522,14.7101488113,20.0499973297,26.8184623718,15.7350921631,30.2400245667,22.8382415771,21.8490638733,20.9394664764,18.3758983612,11.806391716,9.58249855042,9.57790660858,8.83290958405,6.09756374359,3.08427143097,1.61124444008,0.893502056599,0.505002200603,0.286734461784,0.102279618382,0.0399918183684,0.073536477983,0.0611098259687,0.0403760485351,0.0287493988872,0.0108483862132],"dvar":[0.691576957703,9.80601119995,81.4223098755,109.885772705,120.333473206,262.64440918,347.092559814,433.861114502,889.702209473,1628.54699707,1440.73364258,1254.1854248,907.972900391,709.271057129,331.901550293,314.636138916,607.303100586,200.901107788,830.565917969,484.481079102,514.961181641,603.997253418,413.644104004,253.106399536,159.97718811,245.589370728,565.096374512,316.401306152,64.1098098755,8.78662490845,2.55584621429,0.884290277958,0.306423783302,0.024103237316,0.00154595507775,0.0211687963456,0.0132495500147,0.00306989671662,0.000730871688575,0.0000931772956392],"dvar2":[1.88454222679,27.2351074219,222.159225464,296.725097656,299.39465332,675.552368164,854.278137207,1007.1918335,1996.87988281,4359.15576172,3753.44750977,3240.234375,2242.21386719,1735.38525391,904.206848145,872.259033203,1660.40441895,549.155578613,2378.05615234,1291.84289551,1320.58398438,1540.67333984,925.443054199,576.666748047,360.339904785,508.478027344,1112.03076172,565.485961914,140.384414673,20.4417667389,5.84210205078,1.8433765173,0.592979073524,0.0468797646463,0.00349194556475,0.0391685329378,0.0251681245863,0.00580575875938,0.00155471579637,0.000220639558393],"max":[10.9494581223,40.8135681152,114.877746582,174.263305664,308.590362549,304.315032959,567.79296875,572.275695801,730.135192871,802.590393066,901.451171875,889.574707031,866.295288086,678.907165527,745.863891602,331.00390625,443.606536865,321.82510376,447.657226562,523.864196777,669.979248047,855.660217285,781.910949707,533.959899902,427.105041504,751.229675293,1119.4753418,657.501403809,306.702178955,84.1961746216,46.4930496216,24.8836765289,15.0892448425,2.98192095757,0.63069832325,3.9343123436,3.2792263031,1.56576478481,0.533082962036,0.200807705522],"mean":[0.8297123909,3.20482611656,7.79510784149,8.69920349121,9.82150554657,14.1254606247,15.002538681,17.8920440674,22.5162982941,29.1621608734,28.4511604309,28.0385246277,26.4460639954,25.1892108917,16.432220459,22.8824577332,28.9406738281,20.8804607391,33.6108970642,30.1135139465,29.8088283539,29.1407012939,25.5584449768,16.9164924622,14.5744400024,14.868680954,12.9783782959,9.14174365997,4.37713432312,2.1244904995,1.05555582047,0.505785048008,0.255535036325,0.0848377496004,0.0293677449226,0.0675437375903,0.0716399997473,0.0774891898036,0.0841940268874,0.0363981798291],"median":[0.573498904705,2.09402346611,4.65833759308,4.97507286072,5.26163053513,7.35981225967,7.43085193634,7.92603111267,8.11500167847,7.76023960114,8.13730812073,12.1541633606,12.5579185486,10.7281742096,11.549161911,15.5190792084,17.7337112427,14.2348537445,19.2208213806,21.3602352142,20.7359275818,19.5473747253,16.5911521912,10.7950925827,9.43683433533,8.71475028992,6.85417747498,4.80269622803,2.47035884857,1.20771884918,0.539175868034,0.179112076759,0.0457717180252,0.020675200969,0.0117673780769,0.0120517872274,0.0299061685801,0.0613859519362,0.058971427381,0.0288370065391],"min":[2.39105658882e-22,2.517028411e-21,7.40386909635e-21,5.30358029601e-20,5.11254616472e-20,7.42606952539e-20,2.85615513498e-19,4.35457187661e-19,1.77133244779e-19,7.51232714419e-19,7.96225601176e-19,4.50649910574e-19,1.30851763138e-18,1.71376644157e-18,1.63949544533e-18,4.07823782072e-18,3.12293665066e-18,4.32614591826e-18,9.1663639077e-18,4.49400030329e-18,8.63244694644e-18,1.29826840864e-17,1.32575777107e-17,7.3076758364e-18,1.13622455383e-17,1.48611467375e-17,1.68455646075e-17,2.02029864891e-17,1.76896577549e-17,1.48923827318e-17,1.60173417474e-17,1.65177066086e-17,1.49494284155e-17,1.0216312531e-17,6.8392740612e-18,4.38357045074e-18,3.37366212536e-18,1.26687425742e-18,3.30366346528e-19,3.72187622485e-20],"var":[0.841327726841,11.9955196381,91.6180343628,136.064605713,263.09286499,408.707611084,587.236755371,1008.86230469,2111.18994141,4981.00976562,4765.25292969,2391.27319336,1920.23339844,1907.86828613,532.546813965,663.237670898,1244.36962891,546.173217773,1706.92492676,1208.97351074,1325.02832031,1529.2479248,1066.99072266,598.723999023,401.214416504,616.420227051,1168.53515625,784.386169434,123.499893188,14.2732391357,3.57182431221,1.32252550125,0.516098082066,0.0419152788818,0.00226578069851,0.0371907912195,0.023046547547,0.00791107024997,0.00768730742857,0.00123518134933]},"erbbands_crest":{"dmean":2.35079336166,"dmean2":3.84630393982,"dvar":5.05345726013,"dvar2":12.4896497726,"max":29.4941768646,"mean":7.79247045517,"median":6.80341243744,"min":2.04529762268,"var":13.7918367386},"erbbands_flatness_db":{"dmean":0.0186060350388,"dmean2":0.0273257158697,"dvar":0.000302040629322,"dvar2":0.000623778498266,"max":0.303557515144,"mean":0.12559941411,"median":0.123333007097,"min":0.0290394816548,"var":0.00127083866391},"erbbands_kurtosis":{"dmean":0.897011399269,"dmean2":1.39989423752,"dvar":3.26878499985,"dvar2":7.11945724487,"max":62.2520523071,"mean":0.420938074589,"median":-0.268287748098,"min":-1.83737683296,"var":7.30230045319},"erbbands_skewness":{"dmean":0.335015386343,"dmean2":0.512245476246,"dvar":0.110236980021,"dvar2":0.238079831004,"max":6.94651699066,"mean":0.168087407947,"median":0.100242435932,"min":-3.84418559074,"var":0.750471770763},"erbbands_spread":{"dmean":7.7045750618,"dmean2":11.7294588089,"dvar":60.6683425903,"dvar2":129.589859009,"max":137.20173645,"mean":39.7165298462,"median":36.9692115784,"min":3.75528144836,"var":248.921829224},"gfcc":{"cov":[[13914.6445312,138.880432129,-1698.81201172,-337.098144531,359.53237915,-847.741760254,440.130187988,-498.230895996,318.060516357,-57.9359664917,-44.498752594,20.4001789093,-146.434051514],[138.880432129,989.304748535,85.4195404053,-115.502845764,19.7384872437,-75.909942627,75.7081756592,-18.5034561157,26.9920482635,-53.3679618835,40.9687538147,-26.0115776062,58.2426376343],[-1698.81201172,85.4195404053,708.404907227,146.381286621,-143.444839478,345.857971191,-205.732009888,226.794494629,-135.92225647,25.4451160431,-5.92446422577,-20.2462863922,10.7246723175],[-337.098144531,-115.502845764,146.381286621,296.790100098,19.2350387573,44.3714752197,-16.0496711731,25.0196380615,-51.9244003296,-15.8493852615,-30.8045139313,23.6374874115,-20.8319396973],[359.53237915,19.7384872437,-143.444839478,19.2350387573,263.93850708,-18.7017154694,110.855728149,-139.62940979,39.7381973267,-26.4390659332,14.6843643188,-20.327703476,0.557741522789],[-847.741760254,-75.909942627,345.857971191,44.3714752197,-18.7017154694,329.007141113,-85.9570770264,146.21206665,-88.3391494751,14.1905097961,-9.42863941193,-12.0206670761,14.2106628418],[440.130187988,75.7081756592,-205.732009888,-16.0496711731,110.855728149,-85.9570770264,222.630126953,-93.4120864868,79.2860641479,-17.519329071,-1.0719640255,-8.01773738861,-13.2154436111],[-498.230895996,-18.5034561157,226.794494629,25.0196380615,-139.62940979,146.21206665,-93.4120864868,239.965164185,-31.7686157227,35.2296600342,-17.755859375,-0.507047474384,11.9850845337],[318.060516357,26.9920482635,-135.92225647,-51.9244003296,39.7381973267,-88.3391494751,79.2860641479,-31.7686157227,126.70539856,38.5391998291,15.6348285675,-5.77417469025,-22.265871048],[-57.9359664917,-53.3679618835,25.4451160431,-15.8493852615,-26.4390659332,14.1905097961,-17.519329071,35.2296600342,38.5391998291,81.5210571289,29.6721172333,-2.86615347862,-2.35239434242],[-44.498752594,40.9687538147,-5.92446422577,-30.8045139313,14.6843643188,-9.42863941193,-1.0719640255,-17.755859375,15.6348285675,29.6721172333,63.0884475708,21.8374176025,11.6062040329],[20.4001789093,-26.0115776062,-20.2462863922,23.6374874115,-20.327703476,-12.0206670761,-8.01773738861,-0.507047474384,-5.77417469025,-2.86615347862,21.8374176025,73.3815307617,28.8180217743],[-146.434051514,58.2426376343,10.7246723175,-20.8319396973,0.557741522789,14.2106628418,-13.2154436111,11.9850845337,-22.265871048,-2.35239434242,11.6062040329,28.8180217743,75.2928085327]],"icov":[[0.000112647110655,-0.00010706276953,0.000319526327075,0.000049348014727,-0.000146114442032,0.0000146200873132,0.0000849886928336,-0.0000693230613251,0.000193618587218,-0.000293436896754,0.000334387412295,-0.000278029183391,0.000397275929572],[-0.00010706276953,0.00192603294272,-0.00184741744306,0.000723369943444,0.0000224838640861,0.00160308403429,-0.00117927894462,-0.000442747259513,-0.000978108262643,0.00288737774827,-0.00236141192727,0.00169222487602,-0.00215678242967],[0.000319526327075,-0.00184741744306,0.00775792915374,-0.00372311961837,0.00279198866338,-0.00637163966894,0.00336327892728,0.000249894044828,-0.000314299861202,-0.000504685856868,-0.00197915360332,0.00296016549692,0.000711172062438],[0.000049348014727,0.000723369943444,-0.00372311961837,0.00734385848045,-0.00436020549387,0.0043255421333,-0.00202110409737,-0.00174732680898,0.0046267118305,-0.00323928403668,0.00598457409069,-0.00711686024442,0.00430638436228],[-0.000146114442032,0.0000224838640861,0.00279198866338,-0.00436020549387,0.0111920572817,-0.00635060109198,-0.000442938675405,0.00581343425438,-0.00615870114416,0.00591665878892,-0.00701634492725,0.00827568955719,-0.00551541242748],[0.0000146200873132,0.00160308403429,-0.00637163966894,0.0043255421333,-0.00635060109198,0.0125248916447,-0.00292055890895,-0.00532886944711,0.00640551932156,-0.00291136372834,0.00308309867978,-0.00385054852813,0.00171330547892],[0.0000849886928336,-0.00117927894462,0.00336327892728,-0.00202110409737,-0.000442938675405,-0.00292055890895,0.00941074546427,0.00132134265732,-0.00523872906342,0.00208416581154,0.000264610629529,0.00113405694719,0.0000762673225836],[-0.0000693230613251,-0.000442747259513,0.000249894044828,-0.00174732680898,0.00581343425438,-0.00532886944711,0.00132134265732,0.0110123828053,-0.00411988515407,-0.00120761804283,0.00194435776211,0.00171195284929,-0.00308074429631],[0.000193618587218,-0.000978108262643,-0.000314299861202,0.0046267118305,-0.00615870114416,0.00640551932156,-0.00523872906342,-0.00411988515407,0.0228989329189,-0.0151670034975,0.00653299642727,-0.007594040595,0.00922844186425],[-0.000293436896754,0.00288737774827,-0.000504685856868,-0.00323928403668,0.00591665878892,-0.00291136372834,0.00208416581154,-0.00120761804283,-0.0151670034975,0.0314168930054,-0.0196859277785,0.0123270116746,-0.0077521270141],[0.000334387412295,-0.00236141192727,-0.00197915360332,0.00598457409069,-0.00701634492725,0.00308309867978,0.000264610629529,0.00194435776211,0.00653299642727,-0.0196859277785,0.0357686579227,-0.0182105991989,0.0063950275071],[-0.000278029183391,0.00169222487602,0.00296016549692,-0.00711686024442,0.00827568955719,-0.00385054852813,0.00113405694719,0.00171195284929,-0.007594040595,0.0123270116746,-0.0182105991989,0.0300997551531,-0.0142225334421],[0.000397275929572,-0.00215678242967,0.000711172062438,0.00430638436228,-0.00551541242748,0.00171330547892,0.0000762673225836,-0.00308074429631,0.00922844186425,-0.0077521270141,0.0063950275071,-0.0142225334421,0.0239786654711]],"mean":[13.025062561,91.7119369507,-83.9239501953,17.476020813,-7.56831216812,-18.20703125,5.48634147644,-15.0469770432,1.951577425,-7.26815414429,-7.63328838348,-1.02789247036,-6.30946016312]},"hfc":{"dmean":38.7683906555,"dmean2":59.1785774231,"dvar":2688.05224609,"dvar2":6212.90283203,"max":1247.87207031,"mean":180.634521484,"median":174.484985352,"min":1.12469140616e-16,"var":21105.0976562},"melbands":{"dmean":[0.00428857561201,0.00278448010795,0.000981387682259,0.000565082184039,0.000358489400242,0.000229004624998,0.000195862361579,0.00019050668925,0.000119644821098,0.000108858141175,0.0000773109204601,0.0000609789385635,0.0000276325008599,0.0000364402731066,0.0000321380648529,0.0000310042814817,0.0000182066578418,0.0000278519601125,0.0000251516248682,0.0000172371746885,0.0000168213755387,0.0000160789404617,0.0000117481758934,0.00000974237718765,0.00000643943076284,0.00000476938566862,0.00000532862077307,0.00000432905790149,0.00000410340726376,0.00000352435813511,0.00000236715231949,0.00000139983671943,8.00817701929e-7,5.61580236536e-7,3.83048899266e-7,2.68080469823e-7,2.0230247344e-7,1.55896728415e-7,1.05699783148e-7,4.30968327692e-8],"dmean2":[0.00703463470563,0.00465212855488,0.0016058832407,0.000920872902498,0.000580576306675,0.000357276585419,0.000304505781969,0.00031217787182,0.000194034102606,0.000176043642568,0.000124495782075,0.0000994157089735,0.0000465501034341,0.0000621129292995,0.0000545098955627,0.0000528100208612,0.0000307353875542,0.0000476474597235,0.0000425233301939,0.0000289545878331,0.000027803625926,0.0000264592781605,0.0000190208957065,0.000015578514649,0.0000103804459286,0.00000775673652242,0.00000849838761496,0.00000672582291372,0.00000620246191829,0.00000517823173141,0.00000351396852238,0.00000211305246012,0.00000121943776321,8.53750407259e-7,5.75682463477e-7,3.99262205519e-7,2.925003173e-7,2.23430021151e-7,1.5108777518e-7,6.5862757026e-8],"dvar":[0.0000349457659468,0.000015448385966,0.0000026475283903,8.67128051141e-7,4.70623746196e-7,1.83232387485e-7,1.92117610709e-7,2.59486995446e-7,7.13004553177e-8,5.40823137385e-8,2.35289103756e-8,1.40588234387e-8,4.44422454393e-9,3.28238747294e-9,2.59067745034e-9,2.27227658911e-9,7.84543319199e-10,1.93181559638e-9,1.81641113262e-9,8.68992544589e-10,8.3750317792e-10,1.08523501297e-9,3.40957734268e-10,4.0459163797e-10,1.7979866207e-10,9.06545533086e-11,1.3121569109e-10,1.28254351583e-10,2.21371421194e-10,2.06526268309e-10,9.78557720965e-11,3.14344245078e-11,5.18581315043e-12,2.2567516432e-12,1.00788756681e-12,5.21843798642e-13,3.10261609156e-13,1.9218956667e-13,8.16647097168e-14,6.75647265322e-15],"dvar2":[0.0000926864158828,0.0000418189738411,0.0000071010758802,0.00000216707439904,0.0000011858801372,4.27254576607e-7,4.25565133355e-7,7.02548220488e-7,1.84113247315e-7,1.41167745937e-7,5.79267300793e-8,3.44122952356e-8,1.19496341711e-8,9.02436347872e-9,7.18238091224e-9,6.21482554308e-9,2.15076201293e-9,5.57044099736e-9,4.93448348848e-9,2.31619234903e-9,2.16872164671e-9,2.82772738558e-9,8.26631652018e-10,9.06810293522e-10,4.27920116008e-10,2.09665049211e-10,3.16973614023e-10,2.73922634575e-10,4.50233572646e-10,3.93763355255e-10,1.91152496609e-10,7.08568551055e-11,1.25009074273e-11,5.34940754887e-12,2.36243034683e-12,1.17268824859e-12,6.4622856762e-13,3.91364566622e-13,1.61839495256e-13,1.42006818495e-14],"max":[0.0756268128753,0.0474911853671,0.0241110920906,0.0171721614897,0.0222550928593,0.0116382110864,0.00995805021375,0.0104919476435,0.00647776015103,0.00571807939559,0.00432010646909,0.00300682638772,0.00344524532557,0.00193632242735,0.000871152908076,0.000790330930613,0.000635249016341,0.000552707992028,0.00122273422312,0.000710911932401,0.000886158843059,0.00117378903087,0.000531276338734,0.000668407883495,0.000416878552642,0.00037246150896,0.000548082054593,0.000604423170444,0.000659919518512,0.000590973824728,0.000362791324733,0.000199592366698,0.0000926310531213,0.0000336935336236,0.0000290933621727,0.0000217551296373,0.0000128628862512,0.0000127125076688,0.00000660195382807,0.00000159298747349],"mean":[0.00673571880907,0.00416321493685,0.00151418882888,0.000894001335837,0.000562715809792,0.000393416936276,0.000330348062562,0.000353208277375,0.000213628605707,0.000176197921974,0.000130719869048,0.000106152147055,0.0000478424444736,0.0000630891081528,0.0000607639594818,0.0000560224507353,0.0000354772564606,0.0000503150076838,0.0000488904624945,0.0000353650430043,0.0000345065309375,0.0000321760162478,0.0000247426705755,0.0000195256488951,0.0000130503176479,0.0000103716001831,0.0000111730942081,0.00000942722363106,0.00000828642714623,0.00000694825757819,0.00000471059502161,0.0000026797999908,0.00000154751171522,9.99144617708e-7,6.33892852875e-7,4.19237096594e-7,2.62083887037e-7,1.89379051108e-7,1.27492540969e-7,4.97051537707e-8],"median":[0.00484539568424,0.00274984608404,0.000939040095545,0.000475673703477,0.000292817654554,0.000178069894901,0.000114848102385,0.0000792023492977,0.0000666164123686,0.000072582566645,0.0000593099139223,0.0000418424715463,0.0000312250267598,0.0000405484679504,0.0000377193864551,0.0000348138491972,0.0000221191930905,0.0000286447266262,0.0000293288485409,0.0000239968321694,0.0000228163189604,0.000019967344997,0.0000164964803844,0.0000116756855277,0.00000789490513853,0.00000653422421237,0.00000657007240079,0.00000531731348019,0.00000422992752647,0.00000340381734532,0.00000245293267653,0.00000144452019413,8.83466555024e-7,5.34140042419e-7,3.12857565632e-7,1.92774194829e-7,6.56687078049e-8,2.96706694769e-8,2.04639736268e-8,1.51061634313e-8],"min":[4.24333250742e-24,4.42501151263e-24,1.22293082946e-23,2.70551897296e-24,9.4421262435e-24,9.29968872959e-24,3.19878501952e-24,7.92211276372e-24,6.70963670783e-24,2.44930188132e-24,6.90667838474e-24,7.3819213262e-24,4.48490735458e-24,9.99441328527e-24,9.44498034225e-24,7.26111832262e-24,7.19146663786e-24,1.59887827106e-23,7.01965509928e-24,7.9755328465e-24,1.07879971007e-23,1.10164606852e-23,1.45138762974e-23,8.7143563045e-24,5.22022235371e-24,6.1006593604e-24,9.50807422631e-24,1.00232690283e-23,9.42673320065e-24,1.33937190555e-23,1.11554982086e-23,9.7105582546e-24,8.10724737412e-24,6.90969893315e-24,7.72434139047e-24,9.96154539565e-24,9.07038658596e-24,1.03898558464e-23,8.81516326185e-24,8.66005033092e-24],"var":[0.0000477211688121,0.0000193703435798,0.00000347399532075,0.00000169032318809,7.47268927626e-7,4.34121091075e-7,4.62672375079e-7,9.17414922696e-7,2.20231157755e-7,1.03535015228e-7,4.92254272899e-8,3.743442889e-8,6.76000944111e-9,5.62818058825e-9,5.50856738002e-9,4.72732031298e-9,1.79632309028e-9,3.82515086272e-9,3.76530628898e-9,1.99301197767e-9,1.94509564011e-9,2.28088259391e-9,8.98854490838e-10,8.45097103408e-10,3.85626031107e-10,2.07222752846e-10,2.70228672772e-10,2.87260409904e-10,4.45477793543e-10,4.5400086468e-10,2.16726941948e-10,5.60102589309e-11,8.36085194134e-12,3.30331248466e-12,1.35485752392e-12,6.87075667628e-13,4.64872606555e-13,3.04212926551e-13,1.35226899123e-13,1.07199761356e-14]},"melbands_crest":{"dmean":4.7123003006,"dmean2":7.85582208633,"dvar":15.3312673569,"dvar2":42.39427948,"max":37.9413986206,"mean":18.3215274811,"median":17.6561279297,"min":1.86624324322,"var":39.3213920593},"melbands_flatness_db":{"dmean":0.0344150178134,"dmean2":0.054803814739,"dvar":0.00096004200168,"dvar2":0.0023758856114,"max":0.675785720348,"mean":0.263160318136,"median":0.247992962599,"min":0.00552700925618,"var":0.00702865747735},"melbands_kurtosis":{"dmean":15.4116840363,"dmean2":24.9368572235,"dvar":1165.12182617,"dvar2":3085.4699707,"max":1388.46801758,"mean":29.3600177765,"median":13.364824295,"min":-1.91245782375,"var":2644.73803711},"melbands_skewness":{"dmean":1.02990186214,"dmean2":1.64297091961,"dvar":1.30815196037,"dvar2":3.22262072563,"max":22.9066200256,"mean":3.76486253738,"median":3.22627925873,"min":-1.74525034428,"var":5.35224199295},"melbands_spread":{"dmean":5.41052532196,"dmean2":8.62552452087,"dvar":67.5493469238,"dvar2":148.845596313,"max":199.388580322,"mean":16.4934844971,"median":12.7666311264,"min":0.137752860785,"var":294.0418396},"mfcc":{"cov":[[9313.11523438,166.077545166,-1668.82885742,421.180175781,-541.704589844,94.8589935303,-404.694152832,-54.8667869568,-111.359329224,88.9886856079,-93.3702545166,66.3547897339,53.3771629333],[166.077545166,1024.24511719,-62.5190162659,-9.96029949188,-72.5433807373,-14.7347536087,-5.3115401268,-3.1369433403,20.2243289948,-20.522151947,31.0853099823,2.06917834282,13.4151134491],[-1668.82885742,-62.5190162659,951.952331543,-185.758560181,257.163024902,-129.323852539,152.362548828,46.1744689941,40.6166191101,2.21522545815,40.8595581055,-13.0479230881,-47.3761749268],[421.180175781,-9.96029949188,-185.758560181,322.752349854,-68.1391067505,62.3324623108,-42.735458374,14.0145483017,-19.8958568573,-14.4030561447,-16.2832870483,-10.43151474,-0.404545515776],[-541.704589844,-72.5433807373,257.163024902,-68.1391067505,243.318313599,25.8394870758,84.6853256226,9.13418197632,5.69246101379,-4.61006832123,-2.9485244751,-7.38279294968,-11.8731107712],[94.8589935303,-14.7347536087,-129.323852539,62.3324623108,25.8394870758,199.787445068,44.4022598267,15.3354825974,-14.932302475,14.6388235092,-18.2229862213,-2.18244719505,6.75795078278],[-404.694152832,-5.3115401268,152.362548828,-42.735458374,84.6853256226,44.4022598267,136.730712891,37.1175956726,25.439239502,-4.5542216301,0.768997550011,-19.6477851868,-14.8219366074],[-54.8667869568,-3.1369433403,46.1744689941,14.0145483017,9.13418197632,15.3354825974,37.1175956726,94.209815979,24.8039226532,7.99868202209,-4.57333755493,-13.2884159088,-14.7498807907],[-111.359329224,20.2243289948,40.6166191101,-19.8958568573,5.69246101379,-14.932302475,25.439239502,24.8039226532,87.143737793,23.6997337341,18.2546672821,-0.380493611097,-0.732984900475],[88.9886856079,-20.522151947,2.21522545815,-14.4030561447,-4.61006832123,14.6388235092,-4.5542216301,7.99868202209,23.6997337341,91.6951675415,36.9985313416,16.4669342041,0.122697807848],[-93.3702545166,31.0853099823,40.8595581055,-16.2832870483,-2.9485244751,-18.2229862213,0.768997550011,-4.57333755493,18.2546672821,36.9985313416,70.0983200073,26.3289279938,6.19310903549],[66.3547897339,2.06917834282,-13.0479230881,-10.43151474,-7.38279294968,-2.18244719505,-19.6477851868,-13.2884159088,-0.380493611097,16.4669342041,26.3289279938,59.5340805054,26.6180992126],[53.3771629333,13.4151134491,-47.3761749268,-0.404545515776,-11.8731107712,6.75795078278,-14.8219366074,-14.7498807907,-0.732984900475,0.122697807848,6.19310903549,26.6180992126,57.2061195374]],"icov":[[0.000172418425791,-0.0000282182354567,0.000283325498458,-0.0000772973726271,0.00000634487651041,0.000166350480868,0.0000800292327767,-0.0000910791713977,0.00013099865464,-0.000323054031469,0.000309401832055,-0.000238224150962,0.000138472081744],[-0.0000282182354567,0.00105155154597,-0.0000167912003235,0.000131596578285,0.000344927422702,-0.000134416884976,-0.0000497685032315,-0.00000116377702852,-0.00027598979068,0.000686982471962,-0.000879368453752,0.000332482421072,-0.00022348028142],[0.000283325498458,-0.0000167912003235,0.00271199899726,0.000152863925905,-0.00183765147813,0.00225670286454,-0.00163772620726,-0.000775326625444,0.000600654515438,-0.000693423848134,-0.000304080953356,-0.000708202773239,0.00108603970148],[-0.0000772973726271,0.000131596578285,0.000152863925905,0.00403099227697,0.000562261266168,-0.00162151979748,0.00155586109031,-0.0011269741226,0.000107150517579,0.00137191324029,-0.000964201521128,0.00103455630597,0.000238595690462],[0.00000634487651041,0.000344927422702,-0.00183765147813,0.000562261266168,0.00716416630894,-0.00186086352915,-0.00195534806699,0.00114579603542,0.0000848545751069,0.00034118318581,0.000912787450943,-0.000375437608454,-0.0000329282775056],[0.000166350480868,-0.000134416884976,0.00225670286454,-0.00162151979748,-0.00186086352915,0.00903161615133,-0.00506780855358,-0.000616429198999,0.00256115896627,-0.00376286613755,0.00284031196497,-0.00154947501142,-0.00073701684596],[0.0000800292327767,-0.0000497685032315,-0.00163772620726,0.00155586109031,-0.00195534806699,-0.00506780855358,0.0148694412783,-0.00319298356771,-0.00323763955384,0.0031244403217,-0.00254653091542,0.00368848373182,0.000325137836626],[-0.0000910791713977,-0.00000116377702852,-0.000775326625444,-0.0011269741226,0.00114579603542,-0.000616429198999,-0.00319298356771,0.013803197071,-0.00324487336911,-0.00137312337756,0.00213769823313,0.000388346757973,0.00202675000764],[0.00013099865464,-0.00027598979068,0.000600654515438,0.000107150517579,0.0000848545751069,0.00256115896627,-0.00323763955384,-0.00324487336911,0.0151437101886,-0.0038868165575,-0.00163508637343,0.00092238135403,-0.00156956771389],[-0.000323054031469,0.000686982471962,-0.000693423848134,0.00137191324029,0.00034118318581,-0.00376286613755,0.0031244403217,-0.00137312337756,-0.0038868165575,0.0172884836793,-0.00919952988625,-0.00042362647946,0.00165275321342],[0.000309401832055,-0.000879368453752,-0.000304080953356,-0.000964201521128,0.000912787450943,0.00284031196497,-0.00254653091542,0.00213769823313,-0.00163508637343,-0.00919952988625,0.024766901508,-0.00965846795589,0.00121579645202],[-0.000238224150962,0.000332482421072,-0.000708202773239,0.00103455630597,-0.000375437608454,-0.00154947501142,0.00368848373182,0.000388346757973,0.00092238135403,-0.00042362647946,-0.00965846795589,0.0276206322014,-0.0110675301403],[0.000138472081744,-0.00022348028142,0.00108603970148,0.000238595690462,-0.0000329282775056,-0.00073701684596,0.000325137836626,0.00202675000764,-0.00156956771389,0.00165275321342,0.00121579645202,-0.0110675301403,0.0239864680916]],"mean":[-649.471130371,149.585327148,-13.2089004517,49.4955062866,1.8601975441,20.6468105316,1.31247496605,10.8557300568,5.59339570999,5.38968753815,1.22379672527,4.05306386948,0.199073284864]},"pitch_salience":{"dmean":0.0844994187355,"dmean2":0.138341188431,"dvar":0.00525525817648,"dvar2":0.0142410770059,"max":0.903455615044,"mean":0.519900083542,"median":0.531691789627,"min":0.0912911444902,"var":0.0134122231975},"silence_rate_20dB":{"dmean":0,"dmean2":0,"dvar":0,"dvar2":0,"max":1,"mean":1,"median":1,"min":1,"var":0},"silence_rate_30dB":{"dmean":0.0866916179657,"dmean2":0.173398330808,"dvar":0.0791761800647,"dvar2":0.179020762444,"max":1,"mean":0.916100978851,"median":1,"min":0,"var":0.0768599957228},"silence_rate_60dB":{"dmean":0.0019148751162,"dmean2":0.00383008364588,"dvar":0.00191120838281,"dvar2":0.00451179267839,"max":1,"mean":0.0279373358935,"median":0,"min":0,"var":0.0271568428725},"spectral_centroid":{"dmean":230.756011963,"dmean2":345.271514893,"dvar":68689.625,"dvar2":129920.46875,"max":11187.4980469,"mean":1219.09533691,"median":1157.77734375,"min":104.034591675,"var":466699.875},"spectral_complexity":{"dmean":3.48176527023,"dmean2":5.44516038895,"dvar":11.4969472885,"dvar2":24.340133667,"max":64,"mean":24.5058307648,"median":27,"min":0,"var":198.0962677},"spectral_contrast_coeffs":{"dmean":[0.053871832788,0.0511183254421,0.0383631661534,0.0277658607811,0.0196531973779,0.0415592938662],"dmean2":[0.089284978807,0.0842081680894,0.0640317797661,0.0466954857111,0.0326847024262,0.0655836984515],"dvar":[0.0018602241762,0.00159112317488,0.000940687023103,0.000473306834465,0.000260320812231,0.00140488555189],"dvar2":[0.00511653954163,0.00423728022724,0.00255940645002,0.0013091241708,0.000696106639225,0.00343300634995],"max":[-0.371975779533,-0.468825548887,-0.580627441406,-0.606805562973,-0.619218587875,-0.345622718334],"mean":[-0.695861101151,-0.758163332939,-0.801442325115,-0.817183077335,-0.814816832542,-0.702414095402],"median":[-0.70150411129,-0.766780674458,-0.806847035885,-0.816806197166,-0.811219274998,-0.70297306776],"min":[-0.964619994164,-0.97420924902,-0.96909236908,-0.976135969162,-0.967249810696,-0.960122644901],"var":[0.00526926573366,0.00550992134959,0.00325778569095,0.00165505986661,0.00135124113876,0.00742611382157]},"spectral_contrast_valleys":{"dmean":[0.357721954584,0.382636368275,0.314940303564,0.270615249872,0.236418947577,0.613958895206],"dmean2":[0.589843332767,0.627967059612,0.517159819603,0.438048005104,0.359653145075,0.93406701088],"dvar":[0.0975052565336,0.114790558815,0.0909719020128,0.0910015329719,0.0950171425939,0.285607725382],"dvar2":[0.230839714408,0.267853707075,0.200283408165,0.185557439923,0.175597786903,0.685592830181],"max":[-4.81757974625,-4.83697557449,-5.34887647629,-5.7321434021,-5.04959058762,-8.45485305786],"mean":[-6.43912792206,-6.61373567581,-7.0833978653,-7.34666490555,-7.30826187134,-10.9603281021],"median":[-6.26160144806,-6.38663482666,-6.78797626495,-6.91664123535,-6.92210960388,-10.8529758453],"min":[-27.3746681213,-26.9614963531,-27.1215381622,-27.3738861084,-27.321516037,-27.2916927338],"var":[1.33538842201,1.44621002674,1.51953756809,1.75662016869,1.67292690277,1.1229596138]},"spectral_decrease":{"dmean":5.35539701474e-9,"dmean2":8.5965998764e-9,"dvar":4.09602369282e-17,"dvar2":1.01351780243e-16,"max":8.66645688546e-9,"mean":-1.16579581544e-8,"median":-9.90280746294e-9,"min":-7.46294759324e-8,"var":7.27605205984e-17},"spectral_energy":{"dmean":0.019897500053,"dmean2":0.0319498591125,"dvar":0.000561443273909,"dvar2":0.00139435741585,"max":0.283861488104,"mean":0.0603839233518,"median":0.0557452663779,"min":1.06034521733e-20,"var":0.00119063560851},"spectral_energyband_high":{"dmean":0.000383620616049,"dmean2":0.000526830495801,"dvar":8.45666932037e-7,"dvar2":0.00000151436483975,"max":0.0329965539277,"mean":0.00143922271673,"median":0.00108418543823,"min":7.74947307265e-21,"var":0.00000319365085488},"spectral_energyband_low":{"dmean":0.0179551076144,"dmean2":0.0292857177556,"dvar":0.000502111099195,"dvar2":0.00128671037965,"max":0.263907134533,"mean":0.0336276702583,"median":0.0263503305614,"min":4.1334579095e-23,"var":0.000813048391137},"spectral_energyband_middle_high":{"dmean":0.00128343829419,"dmean2":0.00201284722425,"dvar":0.00000277341018773,"dvar2":0.00000664863591737,"max":0.0405913926661,"mean":0.00524013116956,"median":0.00463330000639,"min":1.65710378524e-21,"var":0.0000202138016903},"spectral_energyband_middle_low":{"dmean":0.00500456895679,"dmean2":0.00790641643107,"dvar":0.0000427788290835,"dvar2":0.000108659936814,"max":0.100518129766,"mean":0.013096075505,"median":0.0106511097401,"min":2.59256523794e-22,"var":0.000116491602967},"spectral_entropy":{"dmean":0.155393600464,"dmean2":0.231178060174,"dvar":0.0339568853378,"dvar2":0.0711159110069,"max":9.81338405609,"mean":7.58991146088,"median":7.70297574997,"min":5.03042554855,"var":0.16529533267},"spectral_flux":{"dmean":0.0318468026817,"dmean2":0.0520524606109,"dvar":0.001256620395,"dvar2":0.00296902470291,"max":0.387903988361,"mean":0.128136828542,"median":0.125188529491,"min":1.02973060634e-10,"var":0.00303988880478},"spectral_kurtosis":{"dmean":2.47907400131,"dmean2":3.78330135345,"dvar":9.79933929443,"dvar2":23.9103908539,"max":58.9791221619,"mean":13.7560710907,"median":14.1487979889,"min":-1.27149641514,"var":32.4641609192},"spectral_rms":{"dmean":0.00120676192455,"dmean2":0.00191205216106,"dvar":0.00000153741552822,"dvar2":0.00000375155195798,"max":0.0166414566338,"mean":0.00730554759502,"median":0.00737466104329,"min":3.21633822006e-12,"var":0.00000554012058274},"spectral_rolloff":{"dmean":3975.68823242,"dmean2":7517.45507812,"dvar":48887452,"dvar2":117128376,"max":22006.9335938,"mean":9192.19238281,"median":2648.58398438,"min":43.06640625,"var":94371040},"spectral_skewness":{"dmean":0.228029429913,"dmean2":0.347738921642,"dvar":0.076464317739,"dvar2":0.174734815955,"max":6.15718126297,"mean":2.38414001465,"median":2.40066576004,"min":-0.0457514822483,"var":0.356409013271},"spectral_spread":{"dmean":462711.1875,"dmean2":667088.75,"dvar":432859840512,"dvar2":644593549312,"max":46855944,"mean":4295040,"median":4041534,"min":1638479.375,"var":1493810675710},"spectral_strongpeak":{"dmean":2.39518380165,"dmean2":4.4735159874,"dvar":149.171585083,"dvar2":405.024932861,"max":179.862976074,"mean":2.39622831345,"median":0.212253808975,"min":0,"var":169.395187378},"zerocrossingrate":{"dmean":0.0346536040306,"dmean2":0.0442969016731,"dvar":0.00095344055444,"dvar2":0.00150057428982,"max":0.84521484375,"mean":0.222993165255,"median":0.22314453125,"min":0.00244140625,"var":0.0118904747069}},"metadata":{"audio_properties":{"analysis_sample_rate":44100,"bit_rate":196359,"codec":"mp3","downmix":"mix","equal_loudness":0,"length":266.762451172,"lossless":false,"md5_encoded":"cd1203be4eb8e4b2a86d53115f9190e0","replay_gain":-1.19145774841,"sample_rate":44100},"tags":{"acoustid_id":["fe269473-4b1a-4d26-b882-e29eef0881b6"],"album":["Revelations"],"albumartist":["Audioslave"],"artist":["Audioslave"],"date":["2006"],"discnumber":["1/1"],"file_name":"10 - Audioslave - Wide Awake.mp3","musicbrainz_albumartistid":["020bfbb4-05c3-4c86-b372-17825c262094"],"musicbrainz_albumid":["094f96d1-b008-4da6-9cd8-9b968d3f53f4"],"musicbrainz_artistid":["020bfbb4-05c3-4c86-b372-17825c262094"],"musicbrainz_recordingid":["20a04cbd-5a58-4365-8eb7-37aa40c41ee0"],"musicbrainz_releasegroupid":["4490bc26-ffa0-481f-acd0-27951d530191"],"replaygain_album_gain":["-0.46 dB"],"replaygain_album_peak":["0.359590"],"replaygain_track_gain":["-1.34 dB"],"replaygain_track_peak":["0.351398"],"title":["Wide Awake"],"tracknumber":["10/12"]},"version":{"essentia":"2.1-beta1","essentia_build_sha":"e76a03f03bb3900de42a1fa0d9be1e72f12def64","essentia_git_sha":"v2.1_beta1-28-g21ef5f4-dirty","extractor":"music 1.0"}},"rhythm":{"beats_count":445,"beats_loudness":{"dmean":0.0289887245744,"dmean2":0.051016703248,"dvar":0.00062814692501,"dvar2":0.0018870390486,"max":0.235347703099,"mean":0.0792892053723,"median":0.0761927813292,"min":1.02418284964e-9,"var":0.00127607490867},"beats_loudness_band_ratio":{"dmean":[0.173431843519,0.0927778482437,0.0542291924357,0.0273468270898,0.0301834326237,0.0636555030942],"dmean2":[0.312142401934,0.169492274523,0.0940773040056,0.0491804331541,0.0562053248286,0.110757187009],"dvar":[0.0182135626674,0.00633140280843,0.00420699967071,0.000917703320738,0.00160517846234,0.00467052636668],"dvar2":[0.0553970523179,0.020256055519,0.0109867388383,0.00260184751824,0.0046662944369,0.012263934128],"max":[0.985746502876,0.566647708416,0.63325458765,0.289831280708,0.536988735199,0.922842681408],"mean":[0.649506568909,0.1