{"lowlevel":{"average_loudness":0.611360430717,"barkbands":{"dmean":[0.00507318135351,0.00682120816782,0.00198077224195,0.00154935708269,0.00197000172921,0.00160049798433,0.00115792732686,0.000438939925516,0.000751231098548,0.000541001791134,0.000362664228305,0.000274752557743,0.000229628669331,0.0000933248811634,0.0000929000816541,0.000104287581053,0.0000939340316108,0.000103401253,0.0000860461805132,0.0000651355658192,0.0000497824730701,0.0000401825345762,0.0000156243604579,0.00000723378389011,0.00000194032031686,0.00000810809342511,0.0000572187818761],"dmean2":[0.00839642714709,0.0115565657616,0.00341202830896,0.00265241344459,0.00326879858039,0.00269597535953,0.00194626487792,0.000739373208489,0.00126251217443,0.000907108187675,0.000607490888797,0.00046051343088,0.000381363934139,0.000156443173182,0.00015446296311,0.000167847436387,0.000146614416735,0.000151921645738,0.000131136926939,0.0000977857052931,0.0000709317391738,0.0000609579547017,0.000023697693905,0.0000110530927486,0.00000317238914249,0.0000120908189274,0.0000819612541818],"dvar":[0.0000931727045099,0.000132459535962,0.000011546551832,0.00000979208289209,0.0000140374659168,0.0000187345594895,0.0000126491395349,0.00000156532541951,0.00000424713152825,0.00000198005591301,9.59222802521e-7,6.64529977712e-7,3.73540189003e-7,4.55312267889e-8,4.17634318239e-8,5.04677117874e-8,6.55928076299e-8,1.24820743963e-7,6.02567666874e-8,3.46917268246e-8,2.33915606884e-8,5.43217160143e-9,1.58884616575e-9,4.970133749e-10,1.43987348086e-11,4.73277361746e-10,1.18469589694e-8],"dvar2":[0.000237016996834,0.000349454989191,0.0000318425627484,0.0000272889446933,0.0000358442557626,0.0000511425969307,0.0000355328520527,0.0000041809553295,0.0000113680589493,0.00000524187544215,0.00000266753750111,0.00000181264761068,0.00000103049922018,1.18384882342e-7,1.124464859e-7,1.27433168018e-7,1.60494693091e-7,2.86321011345e-7,1.46416965663e-7,7.9474226311e-8,5.25193648571e-8,1.20765104583e-8,3.55997187285e-9,1.18099818813e-9,3.62108711072e-11,1.05607356193e-9,2.26869207864e-8],"max":[0.150653958321,0.158224031329,0.0544833540916,0.0812536180019,0.0864936262369,0.0955060720444,0.119901880622,0.0661146491766,0.0782957151532,0.030325833708,0.0230122245848,0.0232545938343,0.0169706568122,0.00557571696118,0.00746031384915,0.00713324081153,0.0117474580184,0.016895474866,0.00775889959186,0.00654301885515,0.00771281728521,0.0020896664355,0.000786843127571,0.000373892224161,0.000061215236201,0.000357372162398,0.00416917074472],"mean":[0.00592369399965,0.00879708863795,0.00228894338943,0.00191613682546,0.00295546883717,0.00223104376346,0.00170072843321,0.000627902452834,0.00118185288738,0.000875051890034,0.000581707456149,0.000488826655783,0.000398772768676,0.000173061009264,0.000175140827196,0.000209032514249,0.000183494252269,0.00022436666768,0.000191920989892,0.000146344696986,0.000112918991363,0.0000673382019158,0.0000290615989798,0.0000131699844133,0.00000208708775062,0.000016038722606,0.000197862405912],"median":[0.00203502201475,0.00419159745798,0.00116213760339,0.000714092806447,0.00126344652381,0.000746277393773,0.000367877160897,0.000184217307833,0.000231711863307,0.000129260777612,0.0000694249247317,0.0000669056025799,0.0000772015628172,0.0000427049017162,0.0000505334392074,0.0000582460997975,0.0000382949510822,0.000022781372536,0.0000231455996982,0.0000146402353494,0.0000150228488565,0.0000177653946594,0.00000599648865318,0.000002500617029,6.84561541675e-7,0.00000401890929425,0.0000536195402674],"min":[1.64760869878e-12,3.41436053692e-13,3.59105038999e-15,2.55741354336e-15,6.58028725909e-14,2.69864375123e-14,2.20935059527e-14,2.63657656498e-14,4.86405417354e-14,3.1659177775e-14,1.87274766414e-14,2.05267829915e-14,1.69427087648e-14,8.92939253083e-15,1.70023110852e-14,1.71347294399e-14,4.14596674591e-14,4.27559158596e-14,2.4353494888e-14,1.27277840502e-13,8.31607731896e-14,9.91470902774e-14,1.92285789613e-13,2.34271938871e-13,3.03262785977e-13,1.87627539373e-12,2.58609268982e-13],"var":[0.000105498795165,0.000159128030646,0.0000118463030958,0.0000125579454107,0.0000245641622314,0.0000295894242299,0.0000196998207684,0.00000216769467443,0.000006370824849,0.00000399901546189,0.00000178092159331,0.00000161770469731,7.50985293507e-7,1.07465410792e-7,1.07307535302e-7,1.45990298961e-7,2.07068978852e-7,5.03842557009e-7,2.64152816953e-7,1.62409321547e-7,1.14956833386e-7,1.2528294846e-8,3.29881411076e-9,8.27219293065e-10,1.60034971386e-11,9.96330462577e-10,1.31976420903e-7]},"barkbands_crest":{"dmean":3.28216338158,"dmean2":5.48040390015,"dvar":7.23025035858,"dvar2":19.8297309875,"max":26.0193367004,"mean":11.3753767014,"median":10.7208986282,"min":2.48229646683,"var":20.1012172699},"barkbands_flatness_db":{"dmean":0.0355424806476,"dmean2":0.0557146295905,"dvar":0.00125031301286,"dvar2":0.00292326253839,"max":0.673717439175,"mean":0.178840383887,"median":0.165082201362,"min":0.0292269326746,"var":0.00599502213299},"barkbands_kurtosis":{"dmean":14.603764534,"dmean2":23.766620636,"dvar":1819.51428223,"dvar2":4736.07910156,"max":1259.13464355,"mean":21.1571350098,"median":7.48126316071,"min":-1.90953338146,"var":2403.41430664},"barkbands_skewness":{"dmean":1.05563795567,"dmean2":1.67444145679,"dvar":1.88960182667,"dvar2":4.72366714478,"max":27.1631774902,"mean":2.8526673317,"median":2.261459589,"min":-2.95472502708,"var":5.20398283005},"barkbands_spread":{"dmean":5.85002708435,"dmean2":9.22040939331,"dvar":76.6454467773,"dvar2":171.141342163,"max":137.678359985,"mean":16.8863353729,"median":12.4584255219,"min":0.115945391357,"var":264.762237549},"dissonance":{"dmean":0.022595256567,"dmean2":0.0383039824665,"dvar":0.000598416256253,"dvar2":0.00167570542544,"max":0.500000178814,"mean":0.465693682432,"median":0.47431859374,"min":0.20976498723,"var":0.000956422300078},"dynamic_complexity":5.25179100037,"erbbands":{"dmean":[0.327555686235,1.19212043285,2.28505325317,3.73088812828,5.02868032455,7.79230928421,13.9434642792,10.4618968964,14.0119113922,14.5230875015,11.2066631317,15.5197629929,17.025018692,15.9261541367,12.7879314423,10.410071373,9.99181461334,5.54546308517,4.06910943985,5.05722856522,5.47163248062,5.0749669075,5.14084911346,5.17031431198,3.82619738579,2.86191511154,2.32191109657,1.79410171509,1.60365259647,0.817521572113,0.384713083506,0.215827867389,0.0863231122494,0.0246171746403,0.0137190017849,0.0141604430974,0.0189002156258,0.0207655597478,0.00589279644191,0.00170440413058],"dmean2":[0.552171587944,2.05139660835,3.93315196037,6.39883899689,8.41273021698,13.0244026184,23.5068511963,17.595949173,23.4375419617,24.7077178955,18.62474823,25.9772319794,28.4631538391,26.7421550751,21.5419883728,17.3787155151,16.5239810944,9.26370811462,6.77658557892,8.2547826767,8.72472381592,7.86835718155,7.5356760025,7.80291795731,5.75946378708,4.1935210228,3.30531930923,2.53173398972,2.42607283592,1.21511399746,0.583963096142,0.326206475496,0.133635655046,0.0396080315113,0.022367618978,0.0221681650728,0.0280480906367,0.0308793839067,0.00808326154947,0.00260263006203],"dvar":[0.420891582966,3.86079573631,15.4865484238,49.8152503967,92.4455490112,279.633728027,1739.59851074,566.849243164,1680.79406738,2386.69921875,1913.2310791,1532.4317627,2219.41455078,2017.49230957,1384.26733398,942.71270752,703.505065918,185.296142578,85.5224609375,126.167701721,131.922607422,205.286270142,312.417205811,231.08013916,110.317626953,67.7922210693,59.4225959778,22.7995262146,8.43244743347,2.3180334568,1.02025234699,0.473439306021,0.0612708665431,0.0021488533821,0.000704922771547,0.00104348245077,0.00303023238666,0.00142576126382,0.000191138999071,0.00000790763897385],"dvar2":[1.0947214365,10.711643219,42.6600608826,136.431533813,245.443496704,724.801818848,4775.28417969,1561.08959961,4809.90527344,6858.31542969,4845.29296875,4109.74365234,5923.61572266,5400.19384766,3859.74316406,2574.23828125,1923.52478027,482.302581787,225.656036377,334.990447998,331.076293945,500.732116699,691.785766602,567.335754395,238.309249878,154.456344604,135.589675903,47.3146591187,18.3496131897,4.91261386871,2.33636522293,1.11791980267,0.141997665167,0.00527529139072,0.00176804396324,0.0023922980763,0.00679774582386,0.0031359505374,0.000363943079719,0.0000172699928953],"max":[7.98022937775,34.3262939453,76.8539276123,191.262527466,217.02520752,464.854156494,967.76940918,718.395874023,1135.91064453,1512.68994141,2760.55859375,1276.83361816,1407.53137207,1321.15356445,1546.02539062,827.290466309,726.487915039,365.90435791,298.675476074,394.700775146,326.26348877,659.882751465,953.336914062,479.71005249,387.717468262,312.935211182,392.706512451,215.719299316,68.8732833862,26.2343864441,20.5037994385,11.3513288498,5.06173992157,0.772046804428,0.437566787004,0.606706559658,0.91043305397,0.498925834894,0.713962674141,0.115080721676],"mean":[0.38303232193,1.50416970253,2.82229089737,4.82610797882,7.21352005005,10.6622190475,18.9662437439,14.9968423843,20.6306304932,21.5090351105,17.3115196228,24.9975204468,28.5028591156,26.863363266,22.9032001495,19.8468799591,18.5797748566,11.0613985062,8.50423049927,10.2810640335,11.5552911758,10.5555238724,11.6089363098,11.7919130325,8.61368751526,6.65766096115,5.35330295563,3.87520456314,2.67342710495,1.40961885452,0.718283832073,0.385261893272,0.162107855082,0.0334550403059,0.0156096238643,0.0253079868853,0.0361709184945,0.035581830889,0.0173678658903,0.00833194050938],"median":[0.154391631484,0.737745285034,1.54084455967,2.29602575302,2.96543073654,4.18475961685,5.4467124939,5.75363397598,5.62950229645,4.85237312317,4.53791379929,5.33729124069,4.93104696274,3.77894353867,2.87309193611,2.99270892143,3.79423642159,2.66321277618,2.56911444664,2.94040036201,3.454621315,2.25614905357,1.25053012371,1.40894591808,0.951853752136,0.691483259201,0.529097139835,0.692745864391,0.720771431923,0.345244795084,0.150977298617,0.069630779326,0.034481253475,0.0120113613084,0.00570002384484,0.00762306619436,0.00827450118959,0.00977123435587,0.00481641246006,0.00332013401203],"min":[5.3614872958e-11,7.38464220329e-11,1.92124632176e-11,2.40788691069e-11,7.234962629e-11,1.4023283923e-10,3.94394128467e-10,4.42262532152e-10,3.26277671547e-10,4.4917292108e-10,6.42056074973e-10,1.09276454552e-9,1.23761134674e-9,6.18228745974e-10,7.37320593469e-10,9.67832591847e-10,7.64349472604e-10,4.92158480636e-10,1.0947944773e-9,7.11948833221e-10,1.51962009642e-9,2.06108929923e-9,1.68274361112e-9,1.75705605621e-9,4.06973699185e-9,5.09967357232e-9,2.67910671425e-9,3.84306497736e-9,4.06012423682e-9,3.67226138387e-9,5.60114576942e-9,2.85340462369e-9,6.70667565927e-9,3.97358768112e-9,2.87306822777e-9,1.37346622964e-8,1.31168431672e-9,1.78427869701e-10,4.14982284647e-11,4.34286027279e-12],"var":[0.44501376152,4.39514017105,16.0305500031,63.1479949951,152.751907349,410.149383545,2796.96484375,816.365966797,2543.45629883,3627.85351562,2390.57128906,2561.31762695,4017.73510742,4259.59375,2863.88012695,2370.64819336,1575.85021973,460.58895874,238.805725098,352.707763672,430.239318848,712.404968262,1334.77966309,1004.77453613,552.017578125,338.838317871,292.356140137,108.294845581,20.493106842,5.533223629,2.01902604103,0.755092799664,0.113260567188,0.00317297363654,0.000815662206151,0.00214802497067,0.00578200537711,0.0029914600309,0.00168541492894,0.000122980491142]},"erbbands_crest":{"dmean":2.90531134605,"dmean2":4.84536552429,"dvar":7.35571193695,"dvar2":19.2436828613,"max":28.63397789,"mean":8.66175746918,"median":7.76698875427,"min":1.89851021767,"var":15.7813549042},"erbbands_flatness_db":{"dmean":0.024906411767,"dmean2":0.0383675992489,"dvar":0.000641050748527,"dvar2":0.00148540432565,"max":0.417994499207,"mean":0.140073299408,"median":0.134198993444,"min":0.0379852280021,"var":0.00220247264951},"erbbands_kurtosis":{"dmean":2.22007012367,"dmean2":3.59498262405,"dvar":32.0535011292,"dvar2":80.5761260986,"max":196.640060425,"mean":2.10138726234,"median":0.691032886505,"min":-1.90978240967,"var":37.9041557312},"erbbands_skewness":{"dmean":0.521486759186,"dmean2":0.787200927734,"dvar":0.389805138111,"dvar2":0.861452102661,"max":11.299156189,"mean":0.564775705338,"median":0.593411266804,"min":-5.64147377014,"var":1.41559624672},"erbbands_spread":{"dmean":10.7234506607,"dmean2":16.4907989502,"dvar":180.994934082,"dvar2":389.954284668,"max":159.008743286,"mean":35.1196632385,"median":30.0282211304,"min":1.47192883492,"var":440.123535156},"gfcc":{"cov":[[20089.3671875,37.4903755188,-2459.70605469,-544.461914062,-352.783843994,-714.33380127,421.27911377,-301.654052734,80.2242507935,-247.130935669,-0.392789691687,128.16104126,-155.91847229],[37.4903755188,1263.3347168,115.963409424,-460.959625244,118.607559204,-22.3712081909,-124.457496643,-34.6215209961,-59.3989067078,-39.9693527222,58.7772789001,-156.654052734,139.49609375],[-2459.70605469,115.963409424,1079.50402832,145.97958374,-151.805664062,205.273025513,-93.1480941772,-15.958147049,3.28424930573,69.928604126,-30.4210796356,23.2817878723,-12.4837884903],[-544.461914062,-460.959625244,145.97958374,509.472717285,74.6250534058,-68.5283355713,71.0912399292,24.6251602173,40.9203109741,10.3034925461,-22.3224143982,60.3830528259,-67.4082641602],[-352.783843994,118.607559204,-151.805664062,74.6250534058,322.252624512,-40.8872947693,14.3566217422,18.4931812286,-12.7011508942,-43.2673492432,38.9982910156,-43.5109939575,59.7873840332],[-714.33380127,-22.3712081909,205.273025513,-68.5283355713,-40.8872947693,282.29196167,-16.6193771362,26.1275482178,-50.1060028076,23.9940776825,-14.4335489273,12.2813959122,-5.49334478378],[421.27911377,-124.457496643,-93.1480941772,71.0912399292,14.3566217422,-16.6193771362,192.911392212,-25.019493103,36.8820877075,-33.0044822693,-17.1552944183,29.3391532898,-36.2344055176],[-301.654052734,-34.6215209961,-15.958147049,24.6251602173,18.4931812286,26.1275482178,-25.019493103,173.046722412,5.32967042923,31.0434341431,37.5266304016,-34.6785812378,24.0757026672],[80.2242507935,-59.3989067078,3.28424930573,40.9203109741,-12.7011508942,-50.1060028076,36.8820877075,5.32967042923,119.348213196,40.778427124,-3.11985588074,19.0925674438,-29.1613140106],[-247.130935669,-39.9693527222,69.928604126,10.3034925461,-43.2673492432,23.9940776825,-33.0044822693,31.0434341431,40.778427124,85.3620147705,27.2495117188,3.28313708305,-6.79924964905],[-0.392789691687,58.7772789001,-30.4210796356,-22.3224143982,38.9982910156,-14.4335489273,-17.1552944183,37.5266304016,-3.11985588074,27.2495117188,80.3203353882,-0.109999537468,30.6342411041],[128.16104126,-156.654052734,23.2817878723,60.3830528259,-43.5109939575,12.2813959122,29.3391532898,-34.6785812378,19.0925674438,3.28313708305,-0.109999537468,92.7848968506,-7.25554800034],[-155.91847229,139.49609375,-12.4837884903,-67.4082641602,59.7873840332,-5.49334478378,-36.2344055176,24.0757026672,-29.1613140106,-6.79924964905,30.6342411041,-7.25554800034,95.7164459229]],"icov":[[0.0000897131030797,-0.0000893704054761,0.000242283756961,-0.0000751102415961,0.000279151659925,0.0000198736579478,-0.0000523482485733,0.000102951460576,-0.0000777539025876,0.000201320115593,-0.000152159918798,-0.0000893465912668,0.0000686901330482],[-0.0000893704054761,0.00228344183415,-0.00117707962636,0.00210108235478,-0.00120604038239,0.000821509107482,0.000105031962448,0.000604571658187,-0.000234518316574,0.000739815586712,-0.000936008931603,0.00236801127903,-0.00099893193692],[0.000242283756961,-0.00117707962636,0.00281381583773,-0.00281011802144,0.00288357958198,-0.00246109929867,0.000923350686207,0.00153512193356,-0.00194016704336,0.00126189179718,-0.0011274125427,0.00099286227487,-0.00154627254233],[-0.0000751102415961,0.00210108235478,-0.00281011802144,0.00764420256019,-0.00554203148931,0.00491746887565,-0.0017292003613,-0.00339347729459,0.00429182313383,-0.00418355548754,0.00392539612949,-0.0049170400016,0.00515670189634],[0.000279151659925,-0.00120604038239,0.00288357958198,-0.00554203148931,0.00946381222457,-0.00415064813569,0.000971521076281,0.00359143898822,-0.00563181051984,0.00762608880177,-0.00668777665123,0.00685556558892,-0.00651364354417],[0.0000198736579478,0.000821509107482,-0.00246109929867,0.00491746887565,-0.00415064813569,0.00887637678534,-0.0022937071044,-0.00405162386596,0.00762883480638,-0.00699241226539,0.00568494200706,-0.00607552565634,0.00477761216462],[-0.0000523482485733,0.000105031962448,0.000923350686207,-0.0017292003613,0.000971521076281,-0.0022937071044,0.00816455017775,0.00130027055275,-0.00502062169835,0.00637487787753,-0.00248700450175,0.000647164299153,0.000457792513771],[0.000102951460576,0.000604571658187,0.00153512193356,-0.00339347729459,0.00359143898822,-0.00405162386596,0.00130027055275,0.0108928224072,-0.00498056737706,0.00302373687737,-0.00700416602194,0.00902240537107,-0.0060035251081],[-0.0000777539025876,-0.000234518316574,-0.00194016704336,0.00429182313383,-0.00563181051984,0.00762883480638,-0.00502062169835,-0.00498056737706,0.0204362291843,-0.0161556247622,0.00932858511806,-0.00954286660999,0.00766193913296],[0.000201320115593,0.000739815586712,0.00126189179718,-0.00418355548754,0.00762608880177,-0.00699241226539,0.00637487787753,0.00302373687737,-0.0161556247622,0.0314956493676,-0.016040250659,0.00887727923691,-0.00392211787403],[-0.000152159918798,-0.000936008931603,-0.0011274125427,0.00392539612949,-0.00668777665123,0.00568494200706,-0.00248700450175,-0.00700416602194,0.00932858511806,-0.016040250659,0.0259691365063,-0.0105542130768,0.00164877262432],[-0.0000893465912668,0.00236801127903,0.00099286227487,-0.0049170400016,0.00685556558892,-0.00607552565634,0.000647164299153,0.00902240537107,-0.00954286660999,0.00887727923691,-0.0105542130768,0.0258504860103,-0.0105246277526],[0.0000686901330482,-0.00099893193692,-0.00154627254233,0.00515670189634,-0.00651364354417,0.00477761216462,0.000457792513771,-0.0060035251081,0.00766193913296,-0.00392211787403,0.00164877262432,-0.0105246277526,0.0222015958279]],"mean":[-57.2910881042,100.946517944,-69.3468933105,10.9663877487,-22.2343883514,-12.4492521286,-2.72394585609,-12.8156766891,-2.02259659767,-6.56763219833,-6.4622092247,1.00253784657,-5.74409580231]},"hfc":{"dmean":34.145362854,"dmean2":56.960193634,"dvar":1614.97644043,"dvar2":4526.36767578,"max":646.232421875,"mean":123.031181335,"median":89.9200973511,"min":3.95682349108e-8,"var":12281.2216797},"melbands":{"dmean":[0.00248342729174,0.00127232214436,0.000655426643789,0.000432670378359,0.000433274923125,0.000251369870966,0.000219987079618,0.00013835853315,0.000101603385701,0.00010242411372,0.0000868974166224,0.0000678332871757,0.000045943474106,0.0000321856859955,0.0000288267583528,0.0000199531295948,0.0000100242841654,0.00000692656749379,0.00000748878528611,0.00000736831407266,0.00000679820595906,0.00000588802686252,0.00000503748196934,0.00000519942113897,0.00000455228519058,0.00000323000722346,0.00000294748178931,0.00000187951309272,0.00000169576480857,0.00000134596280077,9.80870368039e-7,0.00000105036065179,6.66653249937e-7,4.01017757667e-7,2.32745691164e-7,1.98286656428e-7,1.16727306931e-7,6.89973944645e-8,3.53185001245e-8,1.75609606856e-8],"dmean2":[0.00416749063879,0.00217732600868,0.00111242022831,0.000720844953321,0.000725892488845,0.000422270153649,0.000367669214029,0.000235291299759,0.000169157967321,0.000172066051164,0.000145228172187,0.000113881404104,0.0000772226849222,0.0000537088380952,0.0000484798692924,0.0000331450719386,0.0000168073856912,0.0000116449282359,0.000012459356185,0.0000119731867017,0.0000109793436422,0.00000932830516831,0.00000780170648795,0.00000774240197643,0.00000706298169462,0.00000505364914716,0.00000461759736936,0.00000285868350147,0.00000252196832662,0.00000193804976334,0.00000143259887864,0.00000163997208347,0.00000100279794424,6.06568562489e-7,3.61076871513e-7,3.10198544184e-7,1.79728004923e-7,1.08188181969e-7,5.65510447359e-8,2.87146164624e-8],"dvar":[0.0000209807676583,0.00000446505873697,0.00000141166503909,7.86542216247e-7,0.00000132354944071,3.39822861406e-7,4.21980786314e-7,1.95664483726e-7,1.88717010019e-7,6.31677750107e-8,5.64041116036e-8,3.63067549358e-8,1.55286628001e-8,8.88269280352e-9,7.49232142994e-9,3.15053716449e-9,5.787536006e-10,2.50681475578e-10,2.99192892683e-10,2.74558681346e-10,2.08301653704e-10,2.8053298573e-10,3.08433750762e-10,3.31381727614e-10,1.78953490915e-10,9.13863290597e-11,7.08203010125e-11,3.28608425193e-11,3.42568542977e-11,1.9234423082e-11,5.97961610782e-12,3.68939470988e-12,1.55660727363e-12,6.63961615723e-13,3.54559616259e-13,4.33707757208e-13,1.25791589059e-13,4.3509910708e-14,5.76499178934e-15,1.20099065174e-15],"dvar2":[0.0000542322341062,0.0000123507397802,0.00000389429442293,0.00000199248415811,0.00000361848856301,9.31903855417e-7,0.00000118914965697,5.63833907563e-7,4.7811136028e-7,1.72160568468e-7,1.50328077098e-7,9.674207746e-8,4.32512372583e-8,2.44711753083e-8,2.04251300318e-8,8.78119532643e-9,1.50974799329e-9,6.85122070188e-10,8.24362411667e-10,7.06872227418e-10,5.41798272913e-10,7.39296679431e-10,7.36670224821e-10,7.9042944412e-10,4.59500437699e-10,2.26504440204e-10,1.72349606808e-10,7.81291767393e-11,8.45198008803e-11,4.50596261692e-11,1.27110249409e-11,8.41052488071e-12,3.42298129945e-12,1.46832144967e-12,8.29519666932e-13,1.06521302196e-12,2.97334504023e-13,1.0343387659e-13,1.34583599622e-14,3.01670932395e-15],"max":[0.058289848268,0.0384210683405,0.0298403967172,0.0224303230643,0.0256574004889,0.0147027522326,0.0214683040977,0.0137072950602,0.0274346638471,0.00632992386818,0.00693058362231,0.00548795610666,0.00390428141691,0.00287050334737,0.00274463486858,0.00211952463724,0.000645441410597,0.000481892871903,0.00070936064003,0.000527502212208,0.000451039726613,0.000682075507939,0.000779235968366,0.000848796276841,0.000383089936804,0.000321890227497,0.0002661186154,0.000244750728598,0.000273204786936,0.000210168334888,0.0000918106597965,0.000056608896557,0.0000170818912011,0.0000128518595375,0.0000120167169371,0.0000137452170748,0.00000563962612432,0.0000046848126658,0.00000139748783567,5.64580830087e-7],"mean":[0.00325547042303,0.00168516824488,0.000914732459933,0.000631369883195,0.00061852671206,0.000363571278285,0.000325657456415,0.00020760827465,0.000149050421896,0.000161825941177,0.000141790747875,0.000109521177365,0.0000777911991463,0.0000572241951886,0.0000493870211358,0.0000353220821125,0.0000183219653991,0.0000129825675685,0.0000137053339131,0.0000140800166264,0.0000132425157062,0.0000109084558062,0.0000100762354123,0.0000108434442154,0.00000955772065936,0.00000657767168377,0.00000565170057598,0.000004094868018,0.0000035622674659,0.00000275982256426,0.0000019985632207,0.00000165283120168,0.0000010229474583,6.84807730522e-7,4.15432026557e-7,3.2729741406e-7,2.0001185419e-7,1.25658573324e-7,5.75492080657e-8,1.85574933198e-8],"median":[0.00163992936723,0.000952618720476,0.000446102727437,0.000272254575975,0.000201673814445,0.000135871378006,0.0000830173230497,0.0000491578575748,0.0000355486408807,0.0000325511864503,0.0000235686729866,0.0000145278881973,0.00000950775392994,0.00000735748608349,0.00000826732048154,0.000007091453881,0.00000430621730629,0.00000373966190637,0.00000381671634386,0.00000361209708899,0.00000379974653697,0.00000233073205891,0.00000107385994852,0.00000110210692128,0.00000114417400709,7.68416441588e-7,5.57014232072e-7,4.20447236138e-7,3.29146331524e-7,2.84005096773e-7,3.95762668859e-7,4.14744988575e-7,2.73322484645e-7,1.48168069813e-7,8.68462706194e-8,5.47965477438e-8,3.59409000339e-8,2.58798547037e-8,1.54210795245e-8,5.92155258161e-9],"min":[4.57986892768e-13,3.57188542253e-15,5.49881846193e-15,1.08933807206e-14,1.49751596486e-14,1.00746268153e-14,4.75022090754e-15,5.11058048704e-15,5.71452217821e-15,6.94712918174e-15,6.19205055475e-15,2.56359709563e-15,2.6377956995e-15,2.39849131597e-15,1.61909500835e-15,1.91002710881e-15,6.43834719527e-16,1.88071193378e-15,8.88731002819e-16,8.37513355718e-16,2.2807922763e-15,2.53625698968e-15,1.54780680968e-15,1.71422421986e-15,1.34973450771e-15,9.65801895415e-16,6.35743077309e-15,2.42536767139e-15,1.20838535525e-15,2.38839955368e-15,1.97977878971e-15,2.92701933451e-15,1.16464679731e-15,2.31112939658e-15,3.1167612792e-15,2.71749302951e-15,1.4080635258e-15,2.57079518162e-15,8.72275545522e-15,1.52149891925e-15],"var":[0.0000237297572312,0.00000498527788295,0.00000199721557692,0.00000127829537178,0.00000221644495468,5.17232479069e-7,6.58367753203e-7,3.07502176611e-7,2.19181373495e-7,1.06262433519e-7,1.01628479854e-7,7.48552935192e-8,3.09449994518e-8,2.12979163194e-8,1.48714249804e-8,6.14927087028e-9,1.3048961911e-9,5.87096538052e-10,6.90736245978e-10,7.21902926326e-10,5.90644977372e-10,7.49892536955e-10,1.01692787524e-9,1.19865029014e-9,6.50548115377e-10,3.46138950835e-10,2.33866231936e-10,1.43375977757e-10,1.36473748968e-10,7.85351089716e-11,2.59219867793e-11,8.28092802663e-12,2.89597924634e-12,1.53713641208e-12,6.67750089164e-13,6.14214245871e-13,2.01935961442e-13,7.30342300309e-14,1.13807736428e-14,1.31859831773e-15]},"melbands_crest":{"dmean":4.83340549469,"dmean2":8.05498981476,"dvar":16.9479885101,"dvar2":44.2580909729,"max":39.7092132568,"mean":17.8042984009,"median":16.6996955872,"min":3.94242167473,"var":50.2612533569},"melbands_flatness_db":{"dmean":0.0420672483742,"dmean2":0.065993770957,"dvar":0.00167605117895,"dvar2":0.00385512108915,"max":0.839709639549,"mean":0.287886232138,"median":0.275368273258,"min":0.0297735650092,"var":0.00843419041485},"melbands_kurtosis":{"dmean":23.2628688812,"dmean2":38.4158363342,"dvar":14521.1708984,"dvar2":35799.8515625,"max":6910.72802734,"mean":32.8888931274,"median":12.1085805893,"min":-1.94185185432,"var":14578.4189453},"melbands_skewness":{"dmean":1.25550842285,"dmean2":2.00256586075,"dvar":3.00592041016,"dvar2":7.26631212234,"max":60.8283729553,"mean":3.49577331543,"median":2.80161142349,"min":-5.54060792923,"var":7.87690258026},"melbands_spread":{"dmean":5.51548480988,"dmean2":8.79128360748,"dvar":109.254386902,"dvar2":259.215209961,"max":222.199142456,"mean":14.1612262726,"median":10.0849761963,"min":0.044110070914,"var":291.994537354},"mfcc":{"cov":[[15985.0712891,703.627868652,-2518.98071289,89.1835021973,-1201.80383301,-168.513259888,-335.161132812,225.825363159,-317.244812012,163.461380005,-326.62298584,149.484329224,-199.583511353],[703.627868652,1633.55969238,-66.4032897949,-385.486450195,73.1806793213,-112.048454285,24.3384609222,-182.182540894,-7.93095016479,-48.5151824951,-63.1024513245,-66.2308578491,26.9926338196],[-2518.98071289,-66.4032897949,1183.48913574,-58.370716095,74.5316085815,139.412384033,-31.3881397247,-22.6149806976,21.9459609985,-31.3480243683,88.8848190308,-13.026684761,31.1016578674],[89.1835021973,-385.486450195,-58.370716095,543.864929199,34.9982299805,-3.55172848701,-33.5694580078,61.0281829834,5.07901525497,12.2230987549,35.7111206055,13.4568405151,-23.4357357025],[-1201.80383301,73.1806793213,74.5316085815,34.9982299805,314.414001465,-22.5371551514,80.9517440796,-42.9946060181,33.2194099426,-15.1210069656,18.4827346802,-11.4433832169,30.5320243835],[-168.513259888,-112.048454285,139.412384033,-3.55172848701,-22.5371551514,209.208648682,0.896727859974,47.0973739624,0.113505162299,-37.0144500732,2.63540053368,-10.1472387314,8.49168968201],[-335.161132812,24.3384609222,-31.3881397247,-33.5694580078,80.9517440796,0.896727859974,168.563232422,26.1606349945,17.7044010162,-6.33199644089,-24.9988479614,2.02776384354,6.0976729393],[225.825363159,-182.182540894,-22.6149806976,61.0281829834,-42.9946060181,47.0973739624,26.1606349945,119.349807739,17.9781455994,3.85624217987,-3.98866295815,11.1534805298,-10.7029180527],[-317.244812012,-7.93095016479,21.9459609985,5.07901525497,33.2194099426,0.113505162299,17.7044010162,17.9781455994,73.7483062744,14.8566560745,13.1933288574,-6.93721961975,7.12550401688],[163.461380005,-48.5151824951,-31.3480243683,12.2230987549,-15.1210069656,-37.0144500732,-6.33199644089,3.85624217987,14.8566560745,101.179748535,29.6575965881,26.571516037,-8.62578487396],[-326.62298584,-63.1024513245,88.8848190308,35.7111206055,18.4827346802,2.63540053368,-24.9988479614,-3.98866295815,13.1933288574,29.6575965881,90.7726745605,15.9930925369,7.5097489357],[149.484329224,-66.2308578491,-13.026684761,13.4568405151,-11.4433832169,-10.1472387314,2.02776384354,11.1534805298,-6.93721961975,26.571516037,15.9930925369,61.8295288086,9.80373096466],[-199.583511353,26.9926338196,31.1016578674,-23.4357357025,30.5320243835,8.49168968201,6.0976729393,-10.7029180527,7.12550401688,-8.62578487396,7.5097489357,9.80373096466,49.1480102539]],"icov":[[0.000191909464775,-0.000177140376763,0.000327973335516,-0.0000985039805528,0.000470462895464,-0.000102744954347,0.000267962313956,-0.00037570897257,0.000480799295474,-0.000274457386695,0.000322543637594,-0.000367513392121,0.000138663206599],[-0.000177140376763,0.00107214774471,-0.000241939473199,0.000587992486544,-0.000483437033836,0.000398212810978,-0.000333744101226,0.00132757052779,-0.000614813936409,0.000487850280479,-0.0000403775811719,0.000927154324017,-0.000316681718687],[0.000327973335516,-0.000241939473199,0.00161826587282,0.0000308641756419,0.000577011727728,-0.000853256788105,0.000630826572888,-0.000341915088939,0.00063002621755,-0.000130432395963,-0.000495728687383,-0.000478716363432,0.0001486344554],[-0.0000985039805528,0.000587992486544,0.0000308641756419,0.002588854637,-0.0011193662649,0.000414316396927,0.000774424697738,-0.000935716670938,-0.0000311887561111,0.000514204672072,-0.000881542626303,0.000158056151122,0.00101387652103],[0.000470462895464,-0.000483437033836,0.000577011727728,-0.0011193662649,0.00613971613348,0.000117476229207,-0.00223947921768,0.00163059378974,-0.000554936123081,0.000151838758029,-0.00037213700125,-0.000110795852379,-0.00173834781162],[-0.000102744954347,0.000398212810978,-0.000853256788105,0.000414316396927,0.000117476229207,0.006601578556,-0.0000517549233336,-0.00254499982111,0.000359975092579,0.00219213753007,-0.000665962987114,0.00148276577238,-0.00152127631009],[0.000267962313956,-0.000333744101226,0.000630826572888,0.000774424697738,-0.00223947921768,-0.0000517549233336,0.00885471422225,-0.00370055600069,0.0000247985190072,-0.000530202290975,0.00297022960149,-0.0017081113765,0.000527477066498],[-0.00037570897257,0.00132757052779,-0.000341915088939,-0.000935716670938,0.00163059378974,-0.00254499982111,-0.00370055600069,0.0150585277006,-0.00543344393373,0.00110492960084,0.000224398201681,-0.00170342449564,0.00196768133901],[0.000480799295474,-0.000614813936409,0.00063002621755,-0.0000311887561111,-0.000554936123081,0.000359975092579,0.0000247985190072,-0.00543344393373,0.0187094304711,-0.00433687726036,-0.00118347513489,0.00401828112081,-0.0031215660274],[-0.000274457386695,0.000487850280479,-0.000130432395963,0.000514204672072,0.000151838758029,0.00219213753007,-0.000530202290975,0.00110492960084,-0.00433687726036,0.0148076424375,-0.00454640062526,-0.00500823510811,0.00369987846352],[0.000322543637594,-0.0000403775811719,-0.000495728687383,-0.000881542626303,-0.00037213700125,-0.000665962987114,0.00297022960149,0.000224398201681,-0.00118347513489,-0.00454640062526,0.0162321291864,-0.00323765235953,-0.00120882643387],[-0.000367513392121,0.000927154324017,-0.000478716363432,0.000158056151122,-0.000110795852379,0.00148276577238,-0.0017081113765,-0.00170342449564,0.00401828112081,-0.00500823510811,-0.00323765235953,0.0231443401426,-0.00755323655903],[0.000138663206599,-0.000316681718687,0.0001486344554,0.00101387652103,-0.00173834781162,-0.00152127631009,0.000527477066498,0.00196768133901,-0.0031215660274,0.00369987846352,-0.00120882643387,-0.00755323655903,0.025972224772]],"mean":[-720.858276367,155.78314209,10.3550128937,37.0920677185,0.613613545895,16.2149600983,0.110287711024,9.35385990143,1.87255573273,3.42912793159,0.411621689796,2.43991160393,0.771381258965]},"pitch_salience":{"dmean":0.0932670012116,"dmean2":0.153723359108,"dvar":0.00659484043717,"dvar2":0.0174024365842,"max":0.938050329685,"mean":0.518565297127,"median":0.542678833008,"min":0.0442547798157,"var":0.0192032195628},"silence_rate_20dB":{"dmean":0,"dmean2":0,"dvar":0,"dvar2":0,"max":1,"mean":1,"median":1,"min":1,"var":0},"silence_rate_30dB":{"dmean":0.0380228124559,"dmean2":0.0760511904955,"dvar":0.0365729890764,"dvar2":0.0840201079845,"max":1,"mean":0.958909094334,"median":1,"min":0,"var":0.039400011301},"silence_rate_60dB":{"dmean":0.0216437559575,"dmean2":0.0432906746864,"dvar":0.0211759991944,"dvar2":0.0472649037838,"max":1,"mean":0.0964392796159,"median":0,"min":0,"var":0.0871279612184},"spectral_centroid":{"dmean":237.513366699,"dmean2":350.812957764,"dvar":134679.46875,"dvar2":253177.171875,"max":5471.40966797,"mean":981.357116699,"median":721.403198242,"min":68.2808151245,"var":588634.1875},"spectral_complexity":{"dmean":2.76367354393,"dmean2":4.11363792419,"dvar":9.92789840698,"dvar2":17.5461368561,"max":63,"mean":14.9726552963,"median":12,"min":0,"var":149.062149048},"spectral_contrast_coeffs":{"dmean":[0.0559151358902,0.0510207228363,0.0384119637311,0.0281417723745,0.0232474524528,0.0379218906164],"dmean2":[0.0927926674485,0.0858571827412,0.0639251321554,0.0462696440518,0.0366942621768,0.0549898594618],"dvar":[0.00201144418679,0.00162783975247,0.000957920332439,0.000512930680998,0.000446754012955,0.00150176102761],"dvar2":[0.00543454289436,0.00459516886622,0.00262914854102,0.00134446041193,0.00100332964212,0.00264432141557],"max":[-0.32279086113,-0.462145030499,-0.535668313503,-0.649038314819,-0.622493267059,-0.482828378677],"mean":[-0.707768678665,-0.77714496851,-0.818788945675,-0.840187489986,-0.842837631702,-0.756522417068],"median":[-0.710518360138,-0.779902756214,-0.820475280285,-0.833750367165,-0.832979142666,-0.750246226788],"min":[-0.963948249817,-0.975348412991,-0.972441732883,-0.990247547626,-0.981632232666,-0.942683815956],"var":[0.00641280924901,0.00501205585897,0.0039842701517,0.00306388293393,0.00298215891235,0.00677854055539]},"spectral_contrast_valleys":{"dmean":[0.426804155111,0.424861818552,0.387369662523,0.362033069134,0.385498791933,0.516868293285],"dmean2":[0.692681610584,0.680151581764,0.614217460155,0.556966423988,0.55938911438,0.787052631378],"dvar":[0.150690838695,0.187355577946,0.177758082747,0.17456138134,0.21402952075,0.244841784239],"dvar2":[0.341086953878,0.397369205952,0.37605330348,0.373166173697,0.439412266016,0.566841006279],"max":[-5.07879924774,-4.34199142456,-5.16997671127,-5.6340637207,-5.17327356339,-9.03479862213],"mean":[-6.96386289597,-6.86900043488,-7.5527009964,-8.11030387878,-8.21752738953,-11.274564743],"median":[-6.72054576874,-6.55395030975,-7.36909103394,-7.84528017044,-8.07936859131,-11.0802106857],"min":[-20.0077037811,-19.062959671,-18.5852527618,-18.7047176361,-18.0146102905,-19.322927475],"var":[1.56057655811,2.01599478722,2.25054097176,2.08994674683,2.21967101097,1.3965241909]},"spectral_decrease":{"dmean":3.5402740739e-9,"dmean2":5.75288838789e-9,"dvar":2.76020459309e-17,"dvar2":6.92438515596e-17,"max":5.20087173328e-9,"mean":-6.75179601117e-9,"median":-4.39654090911e-9,"min":-6.55638601188e-8,"var":5.65264591849e-17},"spectral_energy":{"dmean":0.0135072665289,"dmean2":0.0218265019357,"dvar":0.000398207746912,"dvar2":0.000998111441731,"max":0.264301896095,"mean":0.036642100662,"median":0.0264634341002,"min":6.73853507716e-12,"var":0.00118238653522},"spectral_energyband_high":{"dmean":0.000159797695233,"dmean2":0.000216202504816,"dvar":1.08876385241e-7,"dvar2":1.95181158347e-7,"max":0.0164682287723,"mean":0.00046011354425,"median":0.000123762671137,"min":3.05706761988e-12,"var":9.22480978716e-7},"spectral_energyband_low":{"dmean":0.010340151377,"dmean2":0.0172354597598,"dvar":0.000289816525765,"dvar2":0.000742813746911,"max":0.215300261974,"mean":0.0158124156296,"median":0.0097811371088,"min":2.03706062435e-12,"var":0.000376615789719},"spectral_energyband_middle_high":{"dmean":0.00108126853593,"dmean2":0.00170310644899,"dvar":0.0000043836948862,"dvar2":0.0000114514341476,"max":0.0462117902935,"mean":0.00344170699827,"median":0.00121181062423,"min":3.4020486081e-13,"var":0.0000268823405349},"spectral_energyband_middle_low":{"dmean":0.00469543365762,"dmean2":0.00776314456016,"dvar":0.0000635658143437,"dvar2":0.000171326755662,"max":0.179593384266,"mean":0.0108806658536,"median":0.00591488787904,"min":3.78633349717e-13,"var":0.000197023779037},"spectral_entropy":{"dmean":0.249408885837,"dmean2":0.381254136562,"dvar":0.0881067216396,"dvar2":0.196427434683,"max":8.80352306366,"mean":7.35631275177,"median":7.46897268295,"min":4.2264175415,"var":0.301943600178},"spectral_flux":{"dmean":0.0255771763623,"dmean2":0.0422576032579,"dvar":0.000906941422727,"dvar2":0.00220323447138,"max":0.403297811747,"mean":0.101931139827,"median":0.0934382230043,"min":0.00000796277799964,"var":0.00372394360602},"spectral_kurtosis":{"dmean":4.92483091354,"dmean2":7.54922819138,"dvar":80.5403060913,"dvar2":197.350753784,"max":253.895141602,"mean":14.1795473099,"median":11.7194385529,"min":0.694093465805,"var":122.786895752},"spectral_rms":{"dmean":0.00100179540459,"dmean2":0.00158884120174,"dvar":0.00000120817969673,"dvar2":0.00000290340835818,"max":0.0160578805953,"mean":0.0052924528718,"median":0.00508113997057,"min":8.10813176599e-8,"var":0.00000773838564783},"spectral_rolloff":{"dmean":5648.65869141,"dmean2":10973.5820312,"dvar":73898888,"dvar2":177382272,"max":22050,"mean":10582.7265625,"median":3746.77734375,"min":21.533203125,"var":104294208},"spectral_skewness":{"dmean":0.450344502926,"dmean2":0.662362217903,"dvar":0.388838529587,"dvar2":0.85270178318,"max":13.9966869354,"mean":2.5100543499,"median":2.34670686722,"min":0.523574471474,"var":1.00834262371},"spectral_spread":{"dmean":654897.1875,"dmean2":982320.625,"dvar":544910245888,"dvar2":1226457088000,"max":14066810,"mean":4217183,"median":4046669,"min":488312.8125,"var":1975957323780},"spectral_strongpeak":{"dmean":3.46485352516,"dmean2":6.54291725159,"dvar":137.227355957,"dvar2":386.901092529,"max":132.324203491,"mean":2.98038315773,"median":0.165156275034,"min":0,"var":132.957168579},"zerocrossingrate":{"dmean":0.0455226227641,"dmean2":0.0593358650804,"dvar":0.00163824856281,"dvar2":0.00273004407063,"max":0.83154296875,"mean":0.250303417444,"median":0.24267578125,"min":0.00048828125,"var":0.0130451861769}},"metadata":{"audio_properties":{"analysis_sample_rate":44100,"bit_rate":240921,"codec":"mp3","downmix":"mix","equal_loudness":0,"length":317.545562744,"lossless":false,"md5_encoded":"ebcb73672384b840c4910007d8314c65","replay_gain":-11.0186157227,"sample_rate":44100},"tags":{"acoustid_id":["ae730da3-99f0-4b76-80f2-c1c734093124"],"album":["Born Villain"],"albumartist":["Marilyn Manson"],"albumartistsort":["Marilyn Manson"],"artist":["Marilyn Manson"],"asin":["B007KIZ6IG"],"barcode":["711297495423"],"catalognumber":["COOKCD554"],"date":["2012","2012-04-30"],"discnumber":["1/1"],"encoding":["MediaMonkey 4.0.3"],"file_name":"08-Marilyn Manson-Children of Cain.mp3","genre":["Industrial"],"isrc":["GBCEJ1200123"],"label":["Cooking Vinyl"],"language":["eng"],"media":["CD"],"musicbrainz album release country":["GB"],"musicbrainz album status":["official"],"musicbrainz album type":["album"],"musicbrainz_albumartistid":["5dfdca28-9ddc-4853-933c-8bc97d87beec"],"musicbrainz_albumid":["6b235ce0-d847-4f3d-a2ed-b5a9c660b793"],"musicbrainz_artistid":["5dfdca28-9ddc-4853-933c-8bc97d87beec"],"musicbrainz_recordingid":["20a29498-4acd-4ef1-b2ab-e33c1b277e18"],"originaldate":["2012","2012"],"replaygain_album_gain":["-10.70 dB"],"replaygain_track_gain":["-9.84 dB"],"replaygain_track_peak":["0.999969"],"script":["Latn"],"title":["Children of Cain"],"tracknumber":["8/14"]},"version":{"essentia":"2.1-beta1","essentia_build_sha":"ca57ba49d9b1854bd80e60cf9ccf267278fb7d6b","essentia_git_sha":"v2.1_beta1-28-g21ef5f4-dirty","extractor":"music 1.0"}},"rhythm":{"beats_count":705,"beats_loudness":{"dmean":0.0290499702096,"dmean2":0.0549888573587,"dvar":0.000566889648326,"dvar2":0.00164649949875,"max":0.214862763882,"mean":0.0473183207214,"median":0.0384428873658,"min":5.94975735346e-10,"var":0.00140990514774},"beats_loudness_band_ratio":{"dmean":[0.215439170599,0.108665280044,0.064269438386,0.0397003516555,0.