{"lowlevel":{"average_loudness":0.524365127087,"barkbands":{"dmean":[0.000147459693835,0.000960787991062,0.00114527810365,0.0015445521567,0.00463310116902,0.00141983281355,0.000365741929272,0.000300014857203,0.000318665377563,0.000138563045766,0.0000414979731431,0.0000366036765627,0.0000280938093056,0.0000436180816905,0.0000519123314007,0.000015872552467,0.00000994504353002,0.00000773426108935,0.0000074814574873,0.00000528321697857,0.00000274344597528,0.00000195657571567,0.00000114920135275,9.47619071212e-7,9.06502464204e-7,9.15157215786e-7,0.00000343142028214],"dmean2":[0.000238219945459,0.0014787215041,0.00178818404675,0.00243927026168,0.0067707663402,0.00206823274493,0.000554047524929,0.000447303085821,0.000485723721795,0.000211698730709,0.000063739658799,0.0000557246203243,0.0000439032810391,0.0000668221837259,0.0000802201902843,0.0000240610752371,0.0000144026471389,0.0000112850339065,0.0000105885765151,0.00000754599750508,0.00000407899187849,0.00000301210775433,0.00000186160013982,0.00000157727947681,0.00000151148276473,0.00000151570736762,0.00000470612803838],"dvar":[1.38958071716e-7,0.00000393817799704,0.00000593993581788,0.0000141215305121,0.000152775974129,0.0000326230801875,0.00000434197499999,0.00000172405634657,0.00000200345857593,5.99310510552e-7,4.45259473736e-8,3.52325990605e-8,1.32950219722e-8,1.287668141e-7,6.94799240364e-8,7.44819539378e-9,4.2336463224e-9,2.466080673e-9,2.13965423157e-9,1.3166000512e-9,1.211598738e-10,3.91139585998e-11,9.52112000352e-12,7.62097850104e-12,7.08155626153e-12,6.8198341939e-12,1.7386278528e-10],"dvar2":[3.19234118251e-7,0.00000826190444059,0.0000138878713187,0.0000315129327646,0.000309112947434,0.0000688698637532,0.00000936897504289,0.00000369578606296,0.00000464648564957,0.00000144506782362,9.98919844619e-8,7.79368178883e-8,3.37964571884e-8,3.04575195287e-7,1.58817044849e-7,1.59912811881e-8,8.63967297704e-9,5.39508127062e-9,4.20436530035e-9,2.53225262981e-9,2.14157344636e-10,8.01109803494e-11,2.33369192026e-11,1.938154498e-11,1.80148743145e-11,1.73185302904e-11,2.8564298149e-10],"max":[0.0207608882338,0.0419528633356,0.0724850594997,0.0807864069939,0.234257847071,0.187687024474,0.132434040308,0.0439414791763,0.0487132631242,0.0293102245778,0.00789847690612,0.0116939982399,0.00366693269461,0.026152683422,0.0114257894456,0.00432655541226,0.00425158021972,0.00350177031942,0.00235055456869,0.00166694633663,0.000664335442707,0.000272765319096,0.0000759675604058,0.000046983903303,0.0000445556652267,0.0000438229180872,0.00051209150115],"mean":[0.000189546713955,0.00163562374655,0.00159807514865,0.00210395688191,0.00613908935338,0.00192103022709,0.000472756975796,0.000357818556949,0.00037160658394,0.000167049554875,0.0000488063196826,0.0000504398958583,0.0000376904608856,0.000049774938816,0.0000650611254969,0.0000205441410799,0.000012635384337,0.000010301835573,0.00000948594515648,0.0000068259996624,0.00000344411068909,0.00000233684272644,0.00000120726792829,8.70336862135e-7,8.07518517831e-7,8.73261399192e-7,0.00000509664778292],"median":[0.0000285509504465,0.000467656587716,0.000445748097263,0.000387333624531,0.000473927619169,0.0000661926023895,0.0000202692681341,0.0000103024613054,0.00000940085647017,0.00000579532843403,0.00000326563099406,0.00000351947755917,0.00000311613484882,0.0000029712612104,0.00000298719987768,0.00000144089926835,9.24098401356e-7,8.9249397206e-7,6.26264863968e-7,5.3682606449e-7,3.61140905625e-7,2.71336944024e-7,1.69874994072e-7,9.03612047409e-8,6.21144522484e-8,1.06343392758e-7,5.15496822118e-7],"min":[5.70192527712e-24,1.30055821352e-23,3.08845355281e-24,8.7836198697e-24,2.25057882628e-23,1.5568649592e-23,2.11695967289e-23,1.76638783557e-23,7.95236920819e-23,6.87900403978e-23,5.70745156331e-23,1.09580441152e-22,4.8889660912e-23,9.6586911234e-23,1.14904154168e-22,1.75196856263e-22,1.02269606449e-22,2.51858043488e-22,1.7070345406e-22,3.99678460223e-22,2.8174423452e-22,5.05189603417e-22,4.86373162991e-22,8.64630427188e-22,1.19211650255e-21,1.53542109446e-21,2.39377688415e-21],"var":[2.38837827737e-7,0.00000923022889765,0.0000102273097582,0.0000247969419434,0.000267276482191,0.000060845464759,0.00000648351124255,0.00000269020415544,0.0000028895954074,8.50721221468e-7,5.70873837091e-8,9.02004302361e-8,2.26280896243e-8,1.2318432141e-7,9.04822528014e-8,1.41513964991e-8,7.14150338865e-9,4.72773198368e-9,4.06962819e-9,2.33371988401e-9,2.59504473465e-10,7.34113186907e-11,1.09488772215e-11,7.36923976702e-12,6.81618650411e-12,6.69273013745e-12,4.42955949698e-10]},"barkbands_crest":{"dmean":3.2323050499,"dmean2":5.33412837982,"dvar":7.07986497879,"dvar2":18.2665729523,"max":26.1037406921,"mean":12.6196804047,"median":12.1002531052,"min":3.29307389259,"var":15.39752388},"barkbands_flatness_db":{"dmean":0.0467171408236,"dmean2":0.0747397616506,"dvar":0.00152543582954,"dvar2":0.00379173853435,"max":0.493220329285,"mean":0.249537140131,"median":0.249155789614,"min":0.0529694110155,"var":0.00472046434879},"barkbands_kurtosis":{"dmean":12.5164737701,"dmean2":20.4885425568,"dvar":224.676071167,"dvar2":579.662658691,"max":202.781509399,"mean":24.0510807037,"median":17.5131835938,"min":-1.75043439865,"var":556.510986328},"barkbands_skewness":{"dmean":1.07862567902,"dmean2":1.73164105415,"dvar":0.941508948803,"dvar2":2.39046740532,"max":12.577167511,"mean":2.90029788017,"median":2.74979567528,"min":-2.78565979004,"var":3.0901992321},"barkbands_spread":{"dmean":2.77565574646,"dmean2":4.40561199188,"dvar":28.9460964203,"dvar2":63.8086662292,"max":119.35887146,"mean":5.81488370895,"median":3.27514886856,"min":0.258784204721,"var":66.5724411011},"dissonance":{"dmean":0.030380256474,"dmean2":0.0506380088627,"dvar":0.000961528217886,"dvar2":0.00256788800471,"max":0.500000119209,"mean":0.448932111263,"median":0.458413898945,"min":0.164988040924,"var":0.0015878075501},"dynamic_complexity":9.62091159821,"erbbands":{"dmean":[0.0284843593836,0.225503325462,0.970769107342,3.61506724358,7.78911209106,19.3682460785,17.9223937988,10.0406169891,5.52815723419,5.16321229935,7.01343822479,7.16610336304,5.44069957733,2.76192164421,1.41670906544,1.44004142284,1.30576264858,1.53855276108,3.24412465096,1.52241611481,0.731382191181,0.558208465576,0.446625471115,0.386892914772,0.353816270828,0.248080536723,0.139264136553,0.0939506739378,0.072249814868,0.0494927801192,0.0305519476533,0.0212800968438,0.015114063397,0.0102477231994,0.00638841465116,0.00353701668791,0.00169522955548,0.000807907315902,0.000314721954055,0.000067566303187],"dmean2":[0.0429236516356,0.349893122911,1.50287055969,5.6203122139,11.6714630127,28.8646736145,26.4666042328,14.610124588,8.27319145203,7.66783332825,10.4296302795,10.8589363098,8.25099563599,4.07595014572,2.11014842987,2.1387758255,2.02769088745,2.36961936951,4.94397258759,2.29520750046,1.0799754858,0.797234773636,0.655393779278,0.555670261383,0.510642170906,0.352043300867,0.202290385962,0.143196925521,0.112151652575,0.0773769840598,0.049730964005,0.0353071913123,0.0251654423773,0.017082085833,0.010648585856,0.00589270005003,0.00280347233638,0.00125941855367,0.000440953590441,0.0000892043390195],"dvar":[0.00355234160088,0.233356267214,4.08556604385,70.8461990356,487.913696289,3253.03027344,3382.83569336,2355.23999023,1079.41577148,491.094818115,968.646911621,1012.57397461,864.908203125,198.067382812,42.7246932983,49.7063865662,28.4204883575,170.334671021,317.711425781,52.7953338623,15.7308044434,13.6966133118,8.13865089417,4.81473779678,6.30692338943,2.69850158691,0.42396903038,0.10281638056,0.0530029982328,0.0220493860543,0.00691730668768,0.00373480608687,0.00196027057245,0.000904701941181,0.000351574708475,0.00010762859165,0.0000233998307522,0.00000520288949701,0.00000185121859886,6.39765858068e-8],"dvar2":[0.00746005168185,0.499678790569,9.30979919434,155.992889404,927.111877441,6868.52685547,6884.51464844,5116.04199219,2462.61474609,1073.1373291,2093.14575195,2322.93066406,2083.13012695,451.300628662,95.0415878296,103.768188477,72.4948425293,440.146636963,671.139099121,119.460067749,34.2858695984,27.0832614899,17.3370513916,9.28092288971,12.9548110962,4.90930318832,0.677299261093,0.212920472026,0.111100949347,0.0452159531415,0.0171586237848,0.00949511583894,0.00498565845191,0.0023011600133,0.000894212687854,0.000273724610452,0.0000594330267631,0.0000110946757559,0.00000301694831251,1.05456088306e-7],"max":[1.42473340034,11.4519176483,69.4225921631,178.636764526,875.856872559,1025.92700195,1299.9888916,2267.29638672,2333.84667969,806.124694824,1124.03515625,1102.24243164,1253.66027832,502.683441162,297.413696289,419.284484863,178.319778442,886.165710449,703.019714355,313.921600342,172.786422729,259.121704102,182.050827026,116.478973389,129.260482788,78.4256286621,46.5351753235,10.491109848,7.71422576904,8.16860294342,2.00148963928,1.04459643364,0.74425214529,0.503519058228,0.314107745886,0.173927500844,0.0824220478535,0.100400730968,0.0643273293972,0.0106348134577],"mean":[0.0471449717879,0.375151664019,1.48626768589,5.3687005043,10.7354316711,23.6064453125,24.0408401489,13.4923400879,7.61043119431,6.65661859512,8.40620708466,8.37882900238,6.81519699097,3.42747807503,1.92474484444,2.0862185955,1.83217537403,1.89760041237,3.99529957771,2.11877942085,0.988362908363,0.729689478874,0.596753895283,0.500747084618,0.45280149579,0.326782673597,0.178192645311,0.117097064853,0.0872127339244,0.05633540079,0.0316885486245,0.0202024262398,0.0136440489441,0.0091494480148,0.00570101849735,0.00317728938535,0.00163330475334,0.00093950208975,0.000432567670941,0.000116293776955],"median":[0.0110795553774,0.11218559742,0.464162170887,1.2122014761,1.51185679436,1.47246170044,0.917176365852,0.502929568291,0.319598227739,0.277266025543,0.224261909723,0.2190528512,0.208518311381,0.156039088964,0.157336711884,0.155596077442,0.154072254896,0.157709226012,0.177126482129,0.13131326437,0.0743171274662,0.0548779293895,0.0507004968822,0.0397350676358,0.0294935703278,0.0253104306757,0.0175969973207,0.0130947027355,0.0101273059845,0.00677362643182,0.00467157922685,0.00252705300227,0.00120898906607,0.000716480484698,0.000445023790235,0.000265721377218,0.000211630336707,0.000120795877592,0.0000494321939186,0.0000180623283086],"min":[2.51990420659e-22,3.54871872675e-21,5.42770068563e-21,2.89606821512e-20,1.9286129572e-20,9.87519557656e-20,7.73340912822e-20,2.15524519389e-19,2.64559734403e-19,2.20597256195e-19,1.01516133586e-18,1.78577954493e-18,2.42493393923e-18,2.01008363009e-18,3.09484249513e-18,4.38029812424e-18,3.20683675301e-18,6.92854380649e-18,6.85504591394e-18,6.78627701294e-18,1.17936194005e-17,6.78879991381e-18,1.29362246602e-17,7.35643399761e-18,1.17517781236e-17,1.85086376988e-17,1.11568987784e-17,1.27531331947e-17,1.56839796887e-17,1.61121449174e-17,1.48758655893e-17,1.72493544779e-17,1.39469682312e-17,1.03306925846e-17,9.5087993105e-18,4.94608800886e-18,2.69932153574e-18,1.1560166491e-18,3.14642780457e-19,3.78264427306e-20],"var":[0.0085853934288,0.521308481693,7.68953704834,137.845230103,917.807861328,4896.75732422,6744.89306641,3965.11230469,1587.17321777,775.78704834,1460.76025391,1444.89770508,1332.93884277,279.797332764,74.4114379883,127.341651917,50.087928772,142.79447937,408.312835693,97.1689453125,30.2039356232,23.8448257446,15.51130867,9.99563503265,10.8765068054,5.14104413986,0.978433072567,0.212076827884,0.0995170101523,0.0376348868012,0.00753277586773,0.00364545430057,0.00189070065971,0.000871436204761,0.000338691141224,0.000103793281596,0.000023032856916,0.00000881895812199,0.00000455018061984,1.69468890476e-7]},"erbbands_crest":{"dmean":3.64187145233,"dmean2":6.01066589355,"dvar":9.36580944061,"dvar2":23.9210071564,"max":33.7184944153,"mean":12.3218765259,"median":11.5398731232,"min":2.42263245583,"var":23.2757396698},"erbbands_flatness_db":{"dmean":0.0408114679158,"dmean2":0.065610460937,"dvar":0.00124006671831,"dvar2":0.00312453671359,"max":0.408101648092,"mean":0.198077201843,"median":0.191586434841,"min":0.0452400036156,"var":0.0036002707202},"erbbands_kurtosis":{"dmean":3.89430212975,"dmean2":6.31496429443,"dvar":31.967256546,"dvar2":80.5291748047,"max":104.35823822,"mean":5.1927113533,"median":2.88550901413,"min":-1.77278709412,"var":61.0531272888},"erbbands_skewness":{"dmean":0.719043672085,"dmean2":1.1152946949,"dvar":0.449804037809,"dvar2":1.02447712421,"max":8.82811546326,"mean":1.5059530735,"median":1.51944696903,"min":-6.85762786865,"var":1.8102606535},"erbbands_spread":{"dmean":8.23703479767,"dmean2":13.2451887131,"dvar":73.9158248901,"dvar2":175.3855896,"max":129.586395264,"mean":24.3052272797,"median":20.8041553497,"min":0.801502406597,"var":254.528396606},"gfcc":{"cov":[[15290.9707031,1216.15185547,-471.447143555,-909.691101074,-501.950317383,-617.583862305,-470.639099121,-131.062835693,-167.39175415,239.688415527,-42.4606399536,-350.328857422,344.895996094],[1216.15185547,1376.71887207,334.15322876,-298.812896729,-151.787658691,-101.041389465,-10.83253479,-63.5298500061,4.3122010231,-30.6935806274,37.970615387,-69.2637710571,60.8296775818],[-471.447143555,334.15322876,609.587463379,52.6935768127,-241.381729126,150.481338501,-86.7978897095,158.817504883,-88.3141479492,35.7139930725,-0.844527482986,16.9225387573,3.24034976959],[-909.691101074,-298.812896729,52.6935768127,327.42364502,209.944900513,45.3395462036,59.6392936707,-13.8198804855,27.118894577,-18.2885284424,-12.3108491898,20.8350276947,-69.1156082153],[-501.950317383,-151.787658691,-241.381729126,209.944900513,418.182006836,30.7089996338,114.784088135,-123.390861511,66.85987854,-51.0609474182,8.85853672028,-20.7505474091,-46.8180809021],[-617.583862305,-101.041389465,150.481338501,45.3395462036,30.7089996338,279.010009766,40.658493042,102.156730652,-79.1209487915,-11.6302747726,-14.7854156494,26.0653705597,-1.62424278259],[-470.639099121,-10.83253479,-86.7978897095,59.6392936707,114.784088135,40.658493042,209.199554443,-6.57532596588,37.1861686707,-70.1804199219,-25.6250953674,15.263212204,-12.9367294312],[-131.062835693,-63.5298500061,158.817504883,-13.8198804855,-123.390861511,102.156730652,-6.57532596588,210.070068359,-38.3189964294,7.10528278351,-12.0663976669,15.3511648178,18.8770942688],[-167.39175415,4.3122010231,-88.3141479492,27.118894577,66.85987854,-79.1209487915,37.1861686707,-38.3189964294,133.584197998,45.3924827576,13.6229057312,-3.85549211502,-12.1861534119],[239.688415527,-30.6935806274,35.7139930725,-18.2885284424,-51.0609474182,-11.6302747726,-70.1804199219,7.10528278351,45.3924827576,122.824150085,52.2865219116,-4.83989048004,6.59239196777],[-42.4606399536,37.970615387,-0.844527482986,-12.3108491898,8.85853672028,-14.7854156494,-25.6250953674,-12.0663976669,13.6229057312,52.2865219116,82.112449646,31.0589866638,-5.40379667282],[-350.328857422,-69.2637710571,16.9225387573,20.8350276947,-20.7505474091,26.0653705597,15.263212204,15.3511648178,-3.85549211502,-4.83989048004,31.0589866638,81.0209350586,17.1911678314],[344.895996094,60.8296775818,3.24034976959,-69.1156082153,-46.8180809021,-1.62424278259,-12.9367294312,18.8770942688,-12.1861534119,6.59239196777,-5.40379667282,17.1911678314,90.4599838257]],"icov":[[0.000143705692608,-0.000324915861711,0.000397503637942,0.0000682255267748,-0.00032794647268,0.000556220707949,-0.0000378143231501,-0.000387721898733,0.00122976000421,-0.00158002553508,0.00129747623578,-0.000488554709591,0.0000753947460908],[-0.000324915861711,0.00575128989294,-0.0108913071454,0.0127137275413,-0.00938007328659,0.00593852857128,-0.00333607988432,0.00174920831341,-0.0013294366654,0.00213236082345,-0.0000639343415969,-0.00181122962385,0.00189106771722],[0.000397503637942,-0.0108913071454,0.0306139849126,-0.0405408032238,0.0384331904352,-0.0261976309121,0.0111512755975,0.00180294318125,-0.0124433627352,0.0191708169878,-0.0267447363585,0.0263192187995,-0.0152967171744],[0.0000682255267748,0.0127137275413,-0.0405408032238,0.0671028494835,-0.0653699934483,0.0445072315633,-0.0168225616217,-0.00944106839597,0.032108142972,-0.0491190068424,0.0613375455141,-0.0555578172207,0.0325707308948],[-0.00032794647268,-0.00938007328659,0.0384331904352,-0.0653699934483,0.0732219964266,-0.0506262890995,0.0166399534792,0.0154493693262,-0.0438562706113,0.0650253072381,-0.0766212120652,0.0670448094606,-0.0355864949524],[0.000556220707949,0.00593852857128,-0.0261976309121,0.0445072315633,-0.0506262890995,0.0426007583737,-0.0148660717532,-0.0128310816363,0.0378548949957,-0.0517914742231,0.0573107935488,-0.0485994368792,0.0254779215902],[-0.0000378143231501,-0.00333607988432,0.0111512755975,-0.0168225616217,0.0166399534792,-0.0148660717532,0.0137453163043,0.00215513492003,-0.0150900809094,0.0205871276557,-0.0171318072826,0.0138452006504,-0.00819168891758],[-0.000387721898733,0.00174920831341,0.00180294318125,-0.00944106839597,0.0154493693262,-0.0128310816363,0.00215513492003,0.0132946344092,-0.0148671194911,0.0212174877524,-0.0223845429718,0.0183013603091,-0.0100408187136],[0.00122976000421,-0.0013294366654,-0.0124433627352,0.032108142972,-0.0438562706113,0.0378548949957,-0.0150900809094,-0.0148671194911,0.056372936815,-0.0695682168007,0.0669719651341,-0.0520315617323,0.026662087068],[-0.00158002553508,0.00213236082345,0.0191708169878,-0.0491190068424,0.0650253072381,-0.0517914742231,0.0205871276557,0.0212174877524,-0.0695682168007,0.10820813477,-0.106880918145,0.081989787519,-0.041608620435],[0.00129747623578,-0.0000639343415969,-0.0267447363585,0.0613375455141,-0.0766212120652,0.0573107935488,-0.0171318072826,-0.0223845429718,0.0669719651341,-0.106880918145,0.129239603877,-0.0985254570842,0.0497687123716],[-0.000488554709591,-0.00181122962385,0.0263192187995,-0.0555578172207,0.0670448094606,-0.0485994368792,0.0138452006504,0.0183013603091,-0.0520315617323,0.081989787519,-0.0985254570842,0.0939510539174,-0.0450478158891],[0.0000753947460908,0.00189106771722,-0.0152967171744,0.0325707308948,-0.0355864949524,0.0254779215902,-0.00819168891758,-0.0100408187136,0.026662087068,-0.041608620435,0.0497687123716,-0.0450478158891,0.036050286144]],"mean":[-199.407302856,137.875244141,-60.0919532776,19.9499530792,-25.4251060486,-3.60279607773,-23.7255725861,-16.7710590363,-16.4515800476,-8.41631889343,-16.1510257721,-5.50614213943,-11.3874006271]},"hfc":{"dmean":2.29496026039,"dmean2":3.09370589256,"dvar":24.2923069,"dvar2":45.3917884827,"max":99.7384567261,"mean":4.36768388748,"median":0.805734932423,"min":1.14813648404e-16,"var":72.0772094727},"melbands":{"dmean":[0.000258599407971,0.000419067800976,0.000662464182824,0.000962510181125,0.000698874238878,0.000227101656492,0.000080322548456,0.0000576736965741,0.0000596169993514,0.0000440255826106,0.0000271330718533,0.0000121336042866,0.00000518045999343,0.00000388700755138,0.00000419928392148,0.00000222477001444,0.00000310948848892,0.00000570485826756,0.00000321696688843,0.00000134355025239,7.85795521097e-7,5.95615972543e-7,4.98922020142e-7,3.46141661112e-7,3.22040591527e-7,2.73963422615e-7,2.34832683077e-7,1.54040364464e-7,9.1905185684e-8,6.84942378371e-8,5.19074667693e-8,4.31534630252e-8,3.51350344374e-8,2.48937688241e-8,1.80471726452e-8,1.46823557756e-8,1.2359091528e-8,1.07598889798e-8,9.45551725806e-9,8.36236146995e-9],"dmean2":[0.000393017602619,0.000639473902993,0.0010127061978,0.0014271835098,0.00102556007914,0.000329506146954,0.000121039214719,0.00008494330541,0.0000894199765753,0.0000669645523885,0.0000413610978285,0.0000183213287528,0.0000078035864135,0.00000586041505812,0.00000653148890706,0.00000347631385011,0.0000049365526138,0.00000878826176631,0.00000500195210407,0.00000204010689231,0.00000118712193853,8.67121400461e-7,7.19751085398e-7,5.23565120147e-7,4.70764575766e-7,3.97368268068e-7,3.37473892387e-7,2.23310223646e-7,1.3628910267e-7,1.03146042818e-7,8.12465970057e-8,6.80940743791e-8,5.49434595598e-8,3.94307555496e-8,2.94544157953e-8,2.42849882426e-8,2.05753973859e-8,1.79111268039e-8,1.57608148754e-8,1.39409674915e-8],"dvar":[2.81024171045e-7,6.95986727806e-7,0.00000227287841881,0.00000732641456125,0.00000455336248706,0.00000104590651517,2.14783028696e-7,6.06308319107e-8,7.07486904616e-8,3.98067250273e-8,2.19794813461e-8,4.54060566923e-9,6.306400957e-10,4.63323185373e-10,3.2805946848e-10,8.71181946027e-11,9.19755938078e-10,1.13646636546e-9,2.43021908153e-10,4.9535490293e-11,2.01682733014e-11,1.62381150193e-11,1.05711299089e-11,4.40284180642e-12,3.53664189948e-12,3.13259140849e-12,4.29153544299e-12,9.44051694457e-13,2.12353626437e-13,8.18456359544e-14,3.11239342675e-14,1.97194250675e-14,1.57099861413e-14,4.99374796207e-15,2.38826529896e-15,1.71098569527e-15,1.28621974216e-15,9.92692332754e-16,7.69546532058e-16,6.02554251205e-16],"dvar2":[5.79272466439e-7,0.00000153280711856,0.00000480582775708,0.0000152019574671,0.00000919289777812,0.00000225100507123,4.73628801956e-7,1.32035864908e-7,1.54233418925e-7,9.21749219174e-8,5.25189953748e-8,1.08288737977e-8,1.38613431844e-9,1.05330244526e-9,7.87779230738e-10,2.1993755428e-10,2.40231345927e-9,2.42084507995e-9,5.83220249872e-10,1.0210742668e-10,4.71679188763e-11,3.24553335596e-11,2.2138875802e-11,9.72206256472e-12,7.13311614636e-12,6.24273506153e-12,9.34227695204e-12,1.70177337933e-12,3.44985894235e-13,1.68571943513e-13,6.99288513922e-14,4.27647080616e-14,3.35292232347e-14,1.09104086239e-14,5.92864024882e-15,4.32559990295e-15,3.27207451096e-15,2.52476995236e-15,1.95734046342e-15,1.53270834152e-15],"max":[0.0112809585407,0.0275670997798,0.0402219593525,0.057893909514,0.0517827607691,0.0444754101336,0.0313687957823,0.00953098200262,0.0105051631108,0.00738320080563,0.00607239967212,0.00270570325665,0.000900926534086,0.00156941695604,0.000607031863183,0.000429775769589,0.00211985362694,0.00147327315062,0.000655062322039,0.000337199162459,0.000193334009964,0.000282484892523,0.000185090699233,0.000134327041451,0.000105677550891,0.0000809426637716,0.000127874649479,0.000052860868891,0.0000361420534318,0.0000127126295411,0.00000510650352226,0.00000427118720836,0.00000762566151025,0.00000302346097669,0.00000115408806778,6.88552972861e-7,6.22831294095e-7,5.40121902759e-7,4.64377706066e-7,4.10845160559e-7],"mean":[0.000446207646746,0.000696406001225,0.00102238473482,0.00124371144921,0.000936933967751,0.000306776317302,0.00011034731142,0.0000724171841284,0.0000697509094607,0.0000513958439115,0.00003342326454,0.0000144805489981,0.00000655449548503,0.00000538269887329,0.00000563761841477,0.0000030080830129,0.00000356787495548,0.00000674045895721,0.00000415338263338,0.00000181208952199,0.00000100436625416,7.5150342127e-7,6.33267916328e-7,4.58844567675e-7,3.99874949153e-7,3.48510610593e-7,2.84598144162e-7,2.01856849458e-7,1.17649904041e-7,8.19346936964e-8,6.27125587016e-8,5.12182616319e-8,4.02470803351e-8,2.74455800309e-8,1.86443731565e-8,1.44984531047e-8,1.14072946644e-8,9.69061364486e-9,8.44859648907e-9,7.45121031542e-9],"median":[0.000123091507703,0.000230186575209,0.000234265564359,0.000114027527161,0.0000388778425986,0.0000111830422611,0.00000464659296995,0.00000282804785456,0.00000169133136296,0.00000130332796289,9.97708525574e-7,6.10504798715e-7,4.91251853418e-7,4.01544980377e-7,3.58366406772e-7,2.93065625101e-7,2.69089241556e-7,2.79465098174e-7,2.10481971408e-7,1.22824872051e-7,7.13943677511e-8,5.30495825046e-8,4.82939412905e-8,3.95227850447e-8,3.05560803326e-8,2.17109850098e-8,1.844624542e-8,1.57816124613e-8,1.1347073503e-8,8.2551743219e-9,6.99136215587e-9,5.82562176277e-9,4.56655335768e-9,3.37202954448e-9,2.72864886242e-9,2.10642792098e-9,1.24873344998e-9,8.39821767684e-10,6.66481869693e-10,5.72231151352e-10],"min":[3.69959395685e-24,2.78973835485e-24,4.16014396952e-24,3.64744788443e-24,3.44948876229e-24,4.37879767422e-24,4.02571260494e-24,1.95466361121e-24,1.06436947196e-23,1.08315098794e-23,1.18784292748e-23,8.12125438835e-24,9.24756080097e-24,7.91899045225e-24,1.1407776715e-23,4.78649242852e-24,1.25078953121e-23,1.14027138057e-23,6.97986101092e-24,8.48684093082e-24,1.41218203161e-23,6.1253605675e-24,9.21703109508e-24,8.76558729827e-24,5.55845041112e-24,7.20740005042e-24,1.16787354476e-23,1.07850751599e-23,7.47523094952e-24,7.10360962112e-24,7.01949890482e-24,7.98426001469e-24,1.11198416957e-23,7.8901347092e-24,9.37225841084e-24,7.13211195449e-24,8.88559197461e-24,9.15945134875e-24,1.03177018949e-23,8.25816987592e-24],"var":[6.84037502197e-7,0.00000149594836785,0.00000470546319775,0.000011371634173,0.00000902433839656,0.00000184864484254,3.33661859031e-7,9.48437630655e-8,1.03342699731e-7,5.76417136244e-8,3.40103269991e-8,5.84539394666e-9,9.20286735706e-10,1.22671595104e-9,6.0053989559e-10,1.48074968953e-10,7.22330917302e-10,1.38523292836e-9,3.4244462821e-10,1.0562682673e-10,3.46481558722e-11,2.69468596742e-11,1.83454102604e-11,8.98691277645e-12,6.74346776336e-12,5.9262083088e-12,5.81696583263e-12,1.85876140868e-12,4.87726775199e-13,1.43978701032e-13,5.64335904396e-14,3.45509075994e-14,2.60916183543e-14,7.60426284793e-15,2.59331863472e-15,1.71589996867e-15,1.2443442332e-15,9.57330507151e-16,7.41370034007e-16,5.80127783377e-16]},"melbands_crest":{"dmean":4.0489358902,"dmean2":6.69208145142,"dvar":11.1544084549,"dvar2":29.8855323792,"max":39.6235580444,"mean":17.4543514252,"median":16.8845844269,"min":2.07618427277,"var":27.6387939453},"melbands_flatness_db":{"dmean":0.0537760928273,"dmean2":0.0854018181562,"dvar":0.00201212265529,"dvar2":0.00491021713242,"max":0.654644548893,"mean":0.37397313118,"median":0.376918882132,"min":0.00615963106975,"var":0.00699937716126},"melbands_kurtosis":{"dmean":17.6384067535,"dmean2":28.8182182312,"dvar":491.475830078,"dvar2":1255.38049316,"max":464.757202148,"mean":35.6771812439,"median":24.2147636414,"min":-1.91307199001,"var":1382.26489258},"melbands_skewness":{"dmean":1.15573835373,"dmean2":1.84589600563,"dvar":1.14226663113,"dvar2":2.82046961784,"max":20.8602752686,"mean":3.53850126266,"median":3.24611568451,"min":-4.71856212616,"var":4.45761442184},"melbands_spread":{"dmean":3.04539966583,"dmean2":4.64398097992,"dvar":53.9842758179,"dvar2":102.248291016,"max":204.859802246,"mean":6.43605852127,"median":3.01573419571,"min":0.333541989326,"var":192.501434326},"mfcc":{"cov":[[11001.9628906,1970.27563477,-1144.62219238,95.2689056396,-696.215942383,-190.022857666,-561.555541992,-439.68460083,-211.811126709,70.4138183594,-10.519862175,-179.297027588,-150.055725098],[1970.27563477,1615.51416016,279.777252197,-153.125015259,-166.00352478,-144.855300903,-86.1060562134,-144.160980225,-58.4853591919,5.86107635498,-4.02137613297,-38.2245178223,-64.5321807861],[-1144.62219238,279.777252197,881.817749023,-117.618339539,-21.024810791,-114.174545288,73.4384460449,38.8337440491,17.1845779419,-33.6417922974,-9.84415245056,59.6940917969,1.80157566071],[95.2689056396,-153.125015259,-117.618339539,285.249725342,88.339225769,60.7227706909,-29.9358768463,-2.23286604881,2.59304785728,16.9031715393,21.9890956879,3.47931671143,16.7279663086],[-696.215942383,-166.00352478,-21.024810791,88.339225769,247.323684692,110.96333313,61.5929946899,22.8898715973,-4.97747421265,-3.08876538277,15.8222904205,23.4236011505,26.2227935791],[-190.022857666,-144.855300903,-114.174545288,60.7227706909,110.96333313,201.336242676,74.3640518188,20.1452121735,10.5967645645,8.69460868835,3.60017824173,-7.54913568497,14.4009046555],[-561.555541992,-86.1060562134,73.4384460449,-29.9358768463,61.5929946899,74.3640518188,179.249572754,122.859481812,35.5501403809,-18.0263519287,-20.6053638458,4.32805585861,9.48211479187],[-439.68460083,-144.160980225,38.8337440491,-2.23286604881,22.8898715973,20.1452121735,122.859481812,175.148361206,76.2293395996,-17.2412891388,-24.5240478516,-1.97040510178,4.20445775986],[-211.811126709,-58.4853591919,17.1845779419,2.59304785728,-4.97747421265,10.5967645645,35.5501403809,76.2293395996,103.526535034,35.8260307312,-18.0319519043,-16.1404876709,-4.14903926849],[70.4138183594,5.86107635498,-33.6417922974,16.9031715393,-3.08876538277,8.69460868835,-18.0263519287,-17.2412891388,35.8260307312,75.5528945923,33.3552970886,-8.48467159271,-6.17425823212],[-10.519862175,-4.02137613297,-9.84415245056,21.9890956879,15.8222904205,3.60017824173,-20.6053638458,-24.5240478516,-18.0319519043,33.3552970886,79.8338317871,42.9011764526,3.22688794136],[-179.297027588,-38.2245178223,59.6940917969,3.47931671143,23.4236011505,-7.54913568497,4.32805585861,-1.97040510178,-16.1404876709,-8.48467159271,42.9011764526,81.4652252197,39.7893638611],[-150.055725098,-64.5321807861,1.80157566071,16.7279663086,26.2227935791,14.4009046555,9.48211479187,4.20445775986,-4.14903926849,-6.17425823212,3.22688794136,39.7893638611,62.7047615051]],"icov":[[0.000242741414695,-0.000321642495692,0.000353725044988,-0.000228314223932,0.000592503522057,-0.000277584011201,0.000493910163641,-0.000418026727857,0.000728608167265,-0.000633453775663,0.00076445133891,-0.000624230655376,0.000412534864154],[-0.000321642495692,0.00123852153774,-0.000705349782947,0.000449848797871,-0.000502282753587,0.000667691347189,-0.0010272602085,0.00147527211811,-0.001049702405,0.00100130797364,-0.0013269665651,0.00139377033338,-0.000268696137937],[0.000353725044988,-0.000705349782947,0.00214831135236,-0.000191140468814,0.000562822679058,0.000819790584501,-0.000751763524022,0.000331826333422,-0.0000270930049737,-0.000367583736079,0.00166378321592,-0.00276378984563,0.00140778836794],[-0.000228314223932,0.000449848797871,-0.000191140468814,0.00503350282088,-0.00210032123141,-0.000923599931411,0.0024910052307,-0.00157681002747,-0.000126283193822,0.0000492646249768,-0.0016231489135,0.00155194289982,-0.00150598341133],[0.000592503522057,-0.000502282753587,0.000562822679058,-0.00210032123141,0.00788653921336,-0.00320612383075,-0.000460035051219,-0.000442441989435,0.00242598145269,-0.00133269326761,0.00143702398054,-0.00246565090492,0.000502486131154],[-0.000277584011201,0.000667691347189,0.000819790584501,-0.000923599931411,-0.00320612383075,0.010539717041,-0.00783020071685,0.00643903901801,-0.00518277799711,0.00403760233894,-0.00501878233626,0.0051228441298,-0.00301955081522],[0.000493910163641,-0.0010272602085,-0.000751763524022,0.0024910052307,-0.000460035051219,-0.00783020071685,0.0206889007241,-0.0174337159842,0.0108107049018,-0.00886019226164,0.00876159500331,-0.00568739231676,0.00251387199387],[-0.000418026727857,0.00147527211811,0.000331826333422,-0.00157681002747,-0.000442441989435,0.00643903901801,-0.0174337159842,0.0275921821594,-0.0230519752949,0.0196622330695,-0.0134766511619,0.00832717120647,-0.00375828542747],[0.000728608167265,-0.001049702405,-0.0000270930049737,-0.000126283193822,0.00242598145269,-0.00518277799711,0.0108107049018,-0.0230519752949,0.0382769852877,-0.0326809920371,0.0249806400388,-0.0138670960441,0.00761300977319],[-0.000633453775663,0.00100130797364,-0.000367583736079,0.0000492646249768,-0.00133269326761,0.00403760233894,-0.00886019226164,0.0196622330695,-0.0326809920371,0.0492815226316,-0.0373984612525,0.0254374444485,-0.0123631665483],[0.00076445133891,-0.0013269665651,0.00166378321592,-0.0016231489135,0.00143702398054,-0.00501878233626,0.00876159500331,-0.0134766511619,0.0249806400388,-0.0373984612525,0.0522782318294,-0.0382702052593,0.0205438565463],[-0.000624230655376,0.00139377033338,-0.00276378984563,0.00155194289982,-0.00246565090492,0.0051228441298,-0.00568739231676,0.00832717120647,-0.0138670960441,0.0254374444485,-0.0382702052593,0.0487429499626,-0.0276110321283],[0.000412534864154,-0.000268696137937,0.00140778836794,-0.00150598341133,0.000502486131154,-0.00301955081522,0.00251387199387,-0.00375828542747,0.00761300977319,-0.0123631665483,0.0205438565463,-0.0276110321283,0.0331247225404]],"mean":[-857.820922852,174.152160645,32.3824081421,31.8717269897,18.9203624725,16.039680481,2.90378642082,-1.36195266247,-1.77780437469,-0.215095281601,-3.61754226685,-7.76067018509,-6.01743030548]},"pitch_salience":{"dmean":0.0984760299325,"dmean2":0.163168609142,"dvar":0.0065985894762,"dvar2":0.0173990353942,"max":0.871051073074,"mean":0.566777646542,"median":0.585277080536,"min":0.0342951230705,"var":0.0171149279922},"silence_rate_20dB":{"dmean":0,"dmean2":0,"dvar":0,"dvar2":0,"max":1,"mean":1,"median":1,"min":1,"var":0},"silence_rate_30dB":{"dmean":0.0157297346741,"dmean2":0.0314622819424,"dvar":0.0154806245118,"dvar2":0.0372617468238,"max":1,"mean":0.98293119669,"median":1,"min":0,"var":0.0167763344944},"silence_rate_60dB":{"dmean":0.0793636590242,"dmean2":0.158741503954,"dvar":0.0730586200953,"dvar2":0.152299523354,"max":1,"mean":0.460857897997,"median":0,"min":0,"var":0.248481154442},"spectral_centroid":{"dmean":119.704910278,"dmean2":177.995651245,"dvar":59336.0898438,"dvar2":90160.5625,"max":10857.4228516,"mean":436.511627197,"median":298.977539062,"min":124.283187866,"var":245383.84375},"spectral_complexity":{"dmean":1.43140590191,"dmean2":2.1642832756,"dvar":3.2268872261,"dvar2":5.83109951019,"max":33,"mean":4.57426261902,"median":3,"min":0,"var":17.8852710724},"spectral_contrast_coeffs":{"dmean":[0.0582728870213,0.0485012829304,0.0374651253223,0.0321690924466,0.0279705747962,0.033243637532],"dmean2":[0.0926528275013,0.0795237645507,0.0605070739985,0.0513285472989,0.0451822988689,0.0543621443212],"dvar":[0.00228971126489,0.00154861668125,0.00101439736318,0.000755312037654,0.000554030702915,0.00140923610888],"dvar2":[0.00543693173677,0.00402310444042,0.00243846676312,0.00179059803486,0.00140304432716,0.00324602611363],"max":[-0.273022413254,-0.390514612198,-0.543781757355,-0.568560123444,-0.685366153717,-0.494042694569],"mean":[-0.648000776768,-0.792228162289,-0.842292904854,-0.85306853056,-0.880600690842,-0.821313858032],"median":[-0.659214496613,-0.803642272949,-0.853314161301,-0.858897805214,-0.882236361504,-0.842534780502],"min":[-0.967948615551,-0.969842195511,-0.97446167469,-0.979751288891,-0.969259381294,-0.959451854229],"var":[0.0101905893534,0.00571122951806,0.00379144400358,0.00271864840761,0.00167943513952,0.00319673190825]},"spectral_contrast_valleys":{"dmean":[0.431079417467,0.497461766005,0.486046522856,0.480547577143,0.583407223225,0.870204031467],"dmean2":[0.681000888348,0.764702439308,0.748684585094,0.731496691704,0.912268579006,1.40368711948],"dvar":[0.140235185623,0.192753151059,0.186896905303,0.189669296145,0.276499480009,0.540300965309],"dvar2":[0.302433550358,0.385434031487,0.397997170687,0.404976963997,0.648537814617,1.45942401886],"max":[-5.26414012909,-4.10154676437,-5.5880279541,-6.07281255722,-6.05987405777,-9.12799739838],"mean":[-7.80698776245,-8.03895950317,-8.92433357239,-9.39317035675,-9.74614715576,-12.5333929062],"median":[-7.60313177109,-7.99159812927,-8.88652801514,-9.31675434113,-9.73553466797,-12.5095462799],"min":[-27.5618991852,-27.2939872742,-27.269361496,-27.1162414551,-27.1733322144,-27.2860336304],"var":[1.70525610447,2.27830266953,1.78002047539,1.74318802357,1.61058914661,1.87159621716]},"spectral_decrease":{"dmean":2.03790517794e-9,"dmean2":2.81807732705e-9,"dvar":1.78345152781e-17,"dvar2":3.42073428568e-17,"max":7.98049131176e-18,"mean":-3.94608035137e-9,"median":-9.39669786426e-10,"min":-7.48114103999e-8,"var":4.90269452752e-17},"spectral_energy":{"dmean":0.00788351893425,"dmean2":0.0108982799575,"dvar":0.000267203518888,"dvar2":0.000512107159011,"max":0.290984302759,"mean":0.015289590694,"median":0.00367973838001,"min":1.05532526499e-20,"var":0.00073672021972},"spectral_energyband_high":{"dmean":0.0000128331976157,"dmean2":0.0000190625341929,"dvar":1.65962532606e-9,"dvar2":2.94947599677e-9,"max":0.00170975469518,"mean":0.0000160923227668,"median":0.00000194747053683,"min":7.35872151389e-21,"var":3.83831411099e-9},"spectral_energyband_low":{"dmean":0.00244917348027,"dmean2":0.00363057502545,"dvar":0.0000232540969591,"dvar2":0.0000477363209939,"max":0.117007575929,"mean":0.00456608133391,"median":0.00169850909151,"min":4.86266736188e-23,"var":0.0000595311103098},"spectral_energyband_middle_high":{"dmean":0.000280344800558,"dmean2":0.000391415058402,"dvar":9.05267029339e-7,"dvar2":0.00000185942315056,"max":0.0301740411669,"mean":0.000438365095761,"median":0.0000399062409997,"min":1.76097987852e-21,"var":0.00000181285940926},"spectral_energyband_middle_low":{"dmean":0.00680913589895,"dmean2":0.00953983794898,"dvar":0.000241421366809,"dvar2":0.000468622922199,"max":0.289465129375,"mean":0.0114337839186,"median":0.00132575375028,"min":2.49082565766e-22,"var":0.000591765099671},"spectral_entropy":{"dmean":0.445431500673,"dmean2":0.718711733818,"dvar":0.156049743295,"dvar2":0.382064968348,"max":9.80408191681,"mean":6.53505897522,"median":6.52904510498,"min":4.40834999084,"var":0.464217811823},"spectral_flux":{"dmean":0.0209601651877,"dmean2":0.0341315679252,"dvar":0.000886513967998,"dvar2":0.00228186673485,"max":0.373401105404,"mean":0.053708396852,"median":0.0364754572511,"min":1.02729026674e-10,"var":0.00270922388881},"spectral_kurtosis":{"dmean":9.28300189972,"dmean2":15.401802063,"dvar":143.37449646,"dvar2":374.956512451,"max":140.726501465,"mean":18.9580612183,"median":13.9242219925,"min":-1.2285592556,"var":225.365951538},"spectral_rms":{"dmean":0.00080222991528,"dmean2":0.00106928288005,"dvar":0.00000119697438095,"dvar2":0.00000196163227884,"max":0.0168489497155,"mean":0.00282498588786,"median":0.00189472665079,"min":3.20871562827e-12,"var":0.00000693612628311},"spectral_rolloff":{"dmean":137.19241333,"dmean2":229.595840454,"dvar":219709.890625,"dvar2":515564.90625,"max":19056.8847656,"mean":430.387390137,"median":236.865234375,"min":21.533203125,"var":1121178},"spectral_skewness":{"dmean":0.725573718548,"dmean2":1.16659581661,"dvar":0.579190552235,"dvar2":1.46853280067,"max":9.90926742554,"mean":3.19321346283,"median":2.92573928833,"min":0.0157594773918,"var":1.39892566204},"spectral_spread":{"dmean":839337.0625,"dmean2":1379350.75,"dvar":668261089280,"dvar2":1502094950400,"max":40908244,"mean":3262672,"median":3160397,"min":692892.625,"var":1742639071230},"spectral_strongpeak":{"dmean":0.24359627068,"dmean2":0.373954385519,"dvar":0.175324708223,"dvar2":0.3859372437,"max":8.63728523254,"mean":0.408933579922,"median":0.142556935549,"min":0,"var":0.407681554556},"zerocrossingrate":{"dmean":0.00407919287682,"dmean2":0.00473778601736,"dvar":0.0000638123237877,"dvar2":0.0000663826722302,"max":0.52294921875,"mean":0.0174151901156,"median":0.01171875,"min":0,"var":0.000892813724931}},"metadata":{"audio_properties":{"analysis_sample_rate":44100,"bit_rate":145155,"codec":"mp3","downmix":"mix","equal_loudness":0,"length":259.788818359,"lossless":false,"md5_encoded":"d44e98b413d1a7147b406531043c4de0","replay_gain":-2.17523956299,"sample_rate":44100},"tags":{"album":["The Complete Columbia Album Collection"],"albumartist":["Johnny Cash"],"albumartistsort":["Cash, Johnny"],"artist":["Johnny Cash"],"artists":["Johnny Cash"],"artistsort":["Cash, Johnny"],"asin":["B008DDC874"],"barcode":["886979104723"],"catalognumber":["88697910472"],"date":["2012-12-04"],"discnumber":["10/63"],"file_name":"12 - The Ballad of the Harp Weaver.mp3","label":["Columbia","Legacy"],"media":["CD"],"musicbrainz album release country":["US"],"musicbrainz album status":["official"],"musicbrainz album type":["album","compilation"],"musicbrainz release track id":["fac928b3-fa72-332c-8c6c-bb44f0ad7540"],"musicbrainz_albumartistid":["d43d12a1-2dc9-4257-a2fd-0a3bb1081b86"],"musicbrainz_albumid":["de36c451-000c-4488-9375-b6d40b6636e5"],"musicbrainz_artistid":["d43d12a1-2dc9-4257-a2fd-0a3bb1081b86"],"musicbrainz_recordingid":["20acea86-27bb-47f8-a49b-ef402ea310b6"],"musicbrainz_releasegroupid":["30578604-ce5e-4d3d-a09c-6c06fc4c526b"],"originaldate":["2012"],"script":["Latn"],"title":["The Ballad of the Harp Weaver"],"tracknumber":["12/12"]},"version":{"essentia":"2.1-beta1","essentia_build_sha":"ca57ba49d9b1854bd80e60cf9ccf267278fb7d6b","essentia_git_sha":"v2.1_beta1-28-g21ef5f4-dirty","extractor":"music 1.0"}},"rhythm":{"beats_count":491,"beats_loudness":{"dmean":0.0312208421528,"dmean2":0.0556535981596,"dvar":0.00132893037517,"dvar2":0.00352908647619,"max":0.231145754457,"mean":0.0271401703358,"median":0.0111135561019,"min":3.23538218439e-9,"var":0.00135880464222},"beats_loudness_band_ratio":{"dmean":[0.306513607502,0.270103126764,0.0755642354488,0.0354601964355,0.0514383390546,0.00963412411511],"dmean2":[0.537429153919,0.47225