{"lowlevel":{"average_loudness":0.966107547283,"barkbands":{"dmean":[0.000216998145333,0.00597382569686,0.00535630248487,0.00285524083301,0.00236707576551,0.000836619641632,0.000634661642835,0.000419765507104,0.00123569660354,0.000704209203832,0.000287594913971,0.000360397185432,0.000481876049889,0.000372842187062,0.000511764432304,0.000622374180239,0.000511631427798,0.00038849102566,0.00037507264642,0.000289400544716,0.000206069045817,0.000150123916683,0.0000675088813296,0.0000760818147683,0.0000813680744614,0.0000236874893744,0.00000294189135275],"dmean2":[0.000367308355635,0.00987291801721,0.00926769617945,0.0048850858584,0.00395675189793,0.00142810109537,0.00105237669777,0.000728031503968,0.00196470995434,0.00111684878357,0.000459844537545,0.000581126660109,0.000795668107457,0.000615660566837,0.000843569927383,0.00104245112743,0.000855590624269,0.00065400020685,0.000634225492831,0.000495770771522,0.000351534690708,0.000252142112004,0.00010197647498,0.000109536798846,0.00011620339501,0.0000340774859069,0.00000421463118983],"dvar":[7.21912911672e-8,0.000061899816501,0.0000476143613923,0.0000169680006366,0.0000174712968146,0.00000266472920885,0.00000332785248247,0.00000101655723483,0.00000570207248529,0.0000026489622087,5.54608504899e-7,4.9667391977e-7,8.37360119021e-7,5.54880500658e-7,6.75338412748e-7,5.55496058041e-7,3.19469506849e-7,2.01891793949e-7,1.82277219096e-7,1.43744259162e-7,6.33420498275e-8,5.50404877231e-8,1.57848010218e-8,7.12728720487e-8,1.00645046075e-7,4.57423032785e-9,3.86636729577e-11],"dvar2":[1.8905603838e-7,0.000147988001117,0.000135364811285,0.0000456500347354,0.0000470597296953,0.00000713337112757,0.00000890130650077,0.00000277619528788,0.0000140881629704,0.00000671997531754,0.00000137576023462,0.00000124929158574,0.00000215530735659,0.00000138657742355,0.00000170100202013,0.00000146009040236,8.64425544478e-7,5.38439849151e-7,4.90893000915e-7,3.91987128978e-7,1.70598227101e-7,1.41149627098e-7,3.39994237208e-8,1.35803219337e-7,1.89723820654e-7,8.29194668484e-9,8.08480574155e-11],"max":[0.00265670125373,0.0676410794258,0.0712165534496,0.0680066645145,0.0506363138556,0.0327453687787,0.0693248435855,0.0238973479718,0.0404571741819,0.0291002150625,0.0175490956753,0.0231491662562,0.0210442431271,0.015629850328,0.0161484573036,0.022403344512,0.00832203030586,0.00639931159094,0.0102499211207,0.00580103322864,0.00367791438475,0.00429741293192,0.00389663130045,0.0118198720738,0.00902506150305,0.0024543213658,0.000171274761669],"mean":[0.00024383616983,0.00750702107325,0.00715144071728,0.00382519466802,0.00308781303465,0.001170762931,0.00091038987739,0.000508037046529,0.0020694732666,0.00117009272799,0.000453790387837,0.000677977048326,0.00084148615133,0.000622373423539,0.000954713614192,0.00127495196648,0.00108106795233,0.000787391501945,0.000871883530635,0.000591944670305,0.000458772672573,0.000308878254145,0.000145935351611,0.000157811984536,0.000158659750014,0.0000505118478031,0.00000556500299354],"median":[0.000134074332891,0.00442670285702,0.00511136464775,0.00231252424419,0.00168516067788,0.000615164753981,0.000348390080035,0.000234916398767,0.000879151048139,0.000376861426048,0.000197294546524,0.000398377771489,0.000442042277427,0.000328470487148,0.000589773640968,0.00103847007267,0.000878374266904,0.000665749539621,0.000761761679314,0.000502639915794,0.000391568173654,0.000218408618821,0.000102184290881,0.0000909596856218,0.0000761252376833,0.0000286408794636,0.00000287446323455],"min":[5.87149763402e-25,6.91324249633e-24,2.25247438015e-24,2.35439501189e-24,1.04699630936e-23,1.52006870004e-23,1.28513487842e-23,1.01870073644e-23,2.78545207912e-23,2.35065103859e-23,2.13708824775e-23,3.91850120144e-23,3.38396274117e-23,3.56192534377e-23,5.70858562974e-23,7.49851354805e-23,7.76738511245e-23,6.83236721415e-23,1.496537421e-22,1.56812610639e-22,2.27887349991e-22,3.4518864419e-22,3.95404096294e-22,5.80783733205e-22,8.55804777598e-22,1.19262258522e-21,2.09946517402e-21],"var":[8.39390636997e-8,0.0000745026336517,0.0000516021027579,0.0000225957828661,0.0000187855803233,0.00000338152085533,0.000004157051535,0.00000106047036752,0.0000121377388496,0.00000565220898352,9.53560800099e-7,9.46946613567e-7,0.00000175531670266,9.91111392068e-7,0.0000014874133285,9.95404320747e-7,6.66602545607e-7,2.866172224e-7,3.20911624385e-7,1.66257208889e-7,9.09794692916e-8,9.14271112151e-8,3.75264370689e-8,1.57004350854e-7,2.40609153934e-7,1.11355511478e-8,8.38324618058e-11]},"barkbands_crest":{"dmean":2.73308515549,"dmean2":4.59541797638,"dvar":5.62775611877,"dvar2":15.5222215652,"max":22.821516037,"mean":8.26852703094,"median":7.68914031982,"min":1.77238929272,"var":10.1520547867},"barkbands_flatness_db":{"dmean":0.0192796643823,"dmean2":0.0314179137349,"dvar":0.000290874711936,"dvar2":0.000768007128499,"max":0.252958446741,"mean":0.0927141830325,"median":0.0878175273538,"min":0.00957969482988,"var":0.000956155417953},"barkbands_kurtosis":{"dmean":1.52339696884,"dmean2":2.59019064903,"dvar":5.13409852982,"dvar2":14.0737733841,"max":37.0182533264,"mean":0.586397111416,"median":-0.282636880875,"min":-1.87511694431,"var":7.21249866486},"barkbands_skewness":{"dmean":0.517918229103,"dmean2":0.84904551506,"dvar":0.232005208731,"dvar2":0.613252460957,"max":5.86646175385,"mean":1.05569398403,"median":0.945924401283,"min":-2.16444373131,"var":0.637345373631},"barkbands_spread":{"dmean":6.92485141754,"dmean2":11.3470563889,"dvar":42.8011665344,"dvar2":106.665618896,"max":111.895988464,"mean":34.7026634216,"median":34.0946655273,"min":4.55359458923,"var":117.604026794},"dissonance":{"dmean":0.00885771401227,"dmean2":0.0151083478704,"dvar":0.0000688935324433,"dvar2":0.000190744933207,"max":0.500000119209,"mean":0.4848716259,"median":0.487309485674,"min":0.410934090614,"var":0.000113529655209},"dynamic_complexity":1.94916629791,"erbbands":{"dmean":[0.183128103614,1.40374016762,5.2746553421,8.19600009918,7.25185680389,9.51290512085,5.98784589767,7.39386463165,8.41797351837,8.7485370636,12.053937912,32.1375923157,19.1126785278,18.7452888489,11.2453365326,15.1527290344,22.0053462982,16.9768714905,28.1020507812,20.6525001526,35.5440216064,22.7333946228,21.9316978455,19.4434261322,17.2345676422,13.2333230972,10.1286392212,7.5240354538,5.32925605774,3.60723519325,1.8308327198,1.5729932785,1.38903558254,1.00637304783,0.546103417873,0.164679378271,0.0335554294288,0.0055605606176,0.000471564970212,0.0000320107465086],"dmean2":[0.305112928152,2.33593559265,9.06640529633,14.0710601807,12.3713350296,15.8318977356,10.4386720657,12.6226167679,13.9472675323,14.80057621,20.2915477753,50.8595924377,30.1632614136,29.7529449463,18.1422996521,24.3681812286,36.3367576599,28.0627307892,46.1531791687,34.4428482056,59.319065094,37.6268043518,36.8936004639,32.8379745483,29.251953125,22.6172618866,17.2412319183,12.9502305984,9.01316261292,5.86766290665,2.72841382027,2.31320738792,2.00828146935,1.44589328766,0.786839902401,0.237989455462,0.0483751408756,0.00795320235193,0.00067002576543,0.0000473184045404],"dvar":[0.0645614936948,3.4343650341,46.9565887451,123.081962585,116.380447388,336.467590332,144.809890747,213.377105713,581.769165039,461.604431152,564.692077637,4438.84472656,2372.1784668,2254.44873047,644.350952148,928.044494629,1774.79675293,1152.94030762,2335.1171875,758.710083008,1800.02392578,587.859802246,632.247436523,483.684020996,403.938079834,288.272460938,146.075302124,103.450180054,66.1531066895,30.3647632599,14.1399250031,14.5273208618,38.4913215637,17.576128006,4.1412730217,0.251343876123,0.00951858796179,0.000162509648362,0.00000105384015114,2.51366305548e-9],"dvar2":[0.158910244703,8.53373527527,132.423248291,335.628509521,324.13092041,897.274475098,410.069641113,563.21484375,1560.18139648,1221.4855957,1523.39086914,11055.8417969,5693.39794922,5944.85644531,1591.41101074,2280.67895508,4540.13378906,2974.53613281,5921.36425781,1945.42089844,4733.8046875,1568.33508301,1676.55200195,1325.96813965,1068.71960449,784.409240723,395.377410889,279.359130859,169.136367798,72.7261962891,31.1557235718,28.8612308502,74.4542694092,34.1769943237,7.97338962555,0.462134867907,0.0189894624054,0.000329406699166,0.00000225017970479,5.57310997351e-9],"max":[2.17751431465,17.3452358246,70.4582138062,151.643249512,142.413131714,211.518554688,184.881973267,314.911376953,934.678710938,540.548095703,511.256835938,1242.11157227,1144.65637207,1147.69372559,801.299560547,1074.72106934,1140.48193359,767.946594238,1041.71337891,878.525695801,1457.1081543,376.995605469,385.529541016,456.465545654,637.062194824,273.508178711,159.552337646,130.148208618,149.627914429,110.561012268,145.436401367,155.5521698,309.980499268,145.752075195,60.3564491272,15.9303350449,4.00581073761,0.403001338243,0.0295766443014,0.00117003591731],"mean":[0.200058668852,1.80104291439,7.29480075836,12.0176286697,10.3153562546,11.2856683731,7.91982507706,10.2844409943,12.3470573425,11.7582321167,18.2414398193,53.8372039795,32.8628730774,32.1136207581,21.3636035919,30.0942459106,40.3094749451,32.2028656006,51.3090438843,46.7851867676,76.7646636963,54.2309761047,46.7561798096,43.4608535767,40.3006744385,27.855096817,22.3984165192,15.3416156769,11.0413618088,7.63719749451,3.94552063942,3.33174014091,2.66694688797,1.936024189,1.02230978012,0.334471642971,0.0694292634726,0.0113757913932,0.000928911904339,0.00008437991346],"median":[0.102616608143,1.09506011009,5.34001922607,8.19853019714,6.5818157196,5.40151977539,4.49692487717,5.21554851532,4.7004609108,5.48777484894,9.98909664154,21.3619842529,13.4579429626,11.4374284744,12.4051113129,18.090177536,22.4256134033,18.8683815002,28.8936424255,37.1661605835,63.7335014343,46.4311141968,40.7570419312,37.6925926208,35.1760559082,23.7497634888,19.627456665,12.186964035,8.30395317078,5.04530191422,2.70454692841,2.04249882698,1.40235090256,0.974068522453,0.451195180416,0.179327398539,0.039065413177,0.00603613164276,0.000513604027219,0.0000663613609504],"min":[3.73715369136e-22,1.2630009939e-21,3.17219059517e-21,9.16689390429e-21,2.18018297684e-20,2.68236432672e-20,6.50094361973e-20,1.16911174538e-19,1.76661519185e-19,1.95835475311e-19,2.34652476519e-19,5.70104200206e-19,9.91408741177e-19,1.15058248606e-18,1.39191790985e-18,1.95582037511e-18,1.67062266537e-18,2.45589489597e-18,2.74358293634e-18,3.26063802761e-18,5.49653245235e-18,4.91877740017e-18,4.45668618586e-18,6.72799138544e-18,7.42329252498e-18,8.12385163809e-18,1.0259225834e-17,9.25710231217e-18,1.11761869759e-17,1.16122120747e-17,1.06559706071e-17,1.17029033299e-17,1.00241973522e-17,9.51241822568e-18,6.55424912881e-18,4.30716832705e-18,2.05040020635e-18,9.00908874911e-19,2.60173324861e-19,2.70424454639e-20],"var":[0.0683813691139,4.07327747345,50.3643341064,169.004470825,142.35055542,327.93145752,130.90435791,283.023010254,749.162902832,508.446350098,718.471618652,9383.87402344,4944.18066406,4979.28369141,1160.23449707,1807.95263672,3771.15576172,2067.28515625,5270.70996094,1705.90185547,3318.79321289,1313.81054688,892.42199707,820.003173828,704.646911621,348.880950928,197.871612549,135.896148682,106.222389221,65.9886703491,31.4237041473,34.1706047058,77.7955627441,38.7796096802,9.98680114746,0.608398377895,0.0206677392125,0.000379447388696,0.00000221828827307,5.31791988223e-9]},"erbbands_crest":{"dmean":2.2526140213,"dmean2":3.72580575943,"dvar":5.14927005768,"dvar2":13.3642406464,"max":25.6359882355,"mean":7.04644727707,"median":6.07051563263,"min":2.40630245209,"var":11.0167818069},"erbbands_flatness_db":{"dmean":0.0137224197388,"dmean2":0.0206318292767,"dvar":0.000159927774803,"dvar2":0.000330373615725,"max":0.242992594838,"mean":0.131927654147,"median":0.127635017037,"min":0.0523236319423,"var":0.000964928884059},"erbbands_kurtosis":{"dmean":0.670904099941,"dmean2":1.09891223907,"dvar":0.421427279711,"dvar2":1.09411752224,"max":6.86993217468,"mean":0.0811429098248,"median":-0.0921952724457,"min":-1.72587442398,"var":0.92902225256},"erbbands_skewness":{"dmean":0.296308487654,"dmean2":0.474279284477,"dvar":0.0619289018214,"dvar2":0.157964110374,"max":1.62270283699,"mean":-0.443818122149,"median":-0.501550793648,"min":-2.13534069061,"var":0.234289422631},"erbbands_spread":{"dmean":8.19372653961,"dmean2":13.2041244507,"dvar":59.6760444641,"dvar2":150.411621094,"max":119.804656982,"mean":40.4734573364,"median":37.5958404541,"min":9.65128421783,"var":209.965148926},"gfcc":{"cov":[[11399.8642578,-319.395629883,27.3719291687,220.572006226,-422.163696289,358.761444092,-380.610198975,151.596817017,-146.158340454,101.170074463,-59.9493598938,62.1370124817,-168.115493774],[-319.395629883,700.221496582,-411.169006348,84.9884719849,44.7588539124,-156.827987671,145.767150879,-81.2682800293,54.3053627014,-77.9503707886,15.5893115997,-71.2747573853,65.2824401855],[27.3719291687,-411.169006348,531.834899902,19.5379905701,-5.6022644043,94.0050048828,-119.599578857,52.1673927307,-27.1892108917,60.0595359802,7.67456817627,50.0934638977,-42.7332191467],[220.572006226,84.9884719849,19.5379905701,198.109558105,26.3899936676,-6.77932739258,-15.9723262787,-27.3504962921,22.1992416382,-18.6149654388,12.4809370041,-22.5172405243,7.62973165512],[-422.163696289,44.7588539124,-5.6022644043,26.3899936676,152.322982788,0.798490226269,54.6241264343,7.53522825241,8.61587429047,20.5928134918,-4.6981420517,0.134928390384,17.5912914276],[358.761444092,-156.827987671,94.0050048828,-6.77932739258,0.798490226269,132.020294189,-3.02916431427,40.3147621155,-14.3639440536,8.58076381683,2.52709507942,13.372215271,-20.2447662354],[-380.610198975,145.767150879,-119.599578857,-15.9723262787,54.6241264343,-3.02916431427,131.574996948,21.6238422394,18.2190189362,-23.358959198,-6.97286939621,-11.2199335098,20.536315918],[151.596817017,-81.2682800293,52.1673927307,-27.3504962921,7.53522825241,40.3147621155,21.6238422394,86.0338287354,14.8879384995,21.7742023468,-8.64988994598,10.1179418564,-3.76186871529],[-146.158340454,54.3053627014,-27.1892108917,22.1992416382,8.61587429047,-14.3639440536,18.2190189362,14.8879384995,63.5909538269,19.9351043701,12.0080413818,-13.40163517,3.69098472595],[101.170074463,-77.9503707886,60.0595359802,-18.6149654388,20.5928134918,8.58076381683,-23.358959198,21.7742023468,19.9351043701,85.9139709473,23.690038681,22.9046707153,-12.5305213928],[-59.9493598938,15.5893115997,7.67456817627,12.4809370041,-4.6981420517,2.52709507942,-6.97286939621,-8.64988994598,12.0080413818,23.690038681,56.2296562195,21.1635417938,6.13687372208],[62.1370124817,-71.2747573853,50.0934638977,-22.5172405243,0.134928390384,13.372215271,-11.2199335098,10.1179418564,-13.40163517,22.9046707153,21.1635417938,57.9719200134,12.3351373672],[-168.115493774,65.2824401855,-42.7332191467,7.62973165512,17.5912914276,-20.2447662354,20.536315918,-3.76186871529,3.69098472595,-12.5305213928,6.13687372208,12.3351373672,49.7451210022]],"icov":[[0.000190443664906,-0.000357321550837,0.000286616734229,-0.000488462683279,0.000532265927177,-0.00072335160803,0.000727819919121,-0.000668697524816,0.000666130916215,-0.000682571844663,0.000761108763982,-0.000604304368608,0.000434621790191],[-0.000357321550837,0.00595941161737,0.00137127470225,-0.000686570827384,-0.000893139571417,0.00486181862652,-0.00520182959735,0.00291342381388,-0.00178511347622,0.00231531076133,-0.00455711549148,0.00458589475602,-0.00294209760614],[0.000286616734229,0.00137127470225,0.00457152398303,-0.00202727736905,-0.00019267926109,-0.000971730216406,0.0029440165963,-0.00259453663602,0.00135147687979,-0.000719180505257,0.000319821963785,-0.0020254610572,0.00184957205784],[-0.000488462683279,-0.000686570827384,-0.00202727736905,0.00883658602834,-0.00381691730581,0.000218024375499,0.00161581428256,0.00288750021718,-0.00520587200299,0.00507468497381,-0.00372975273058,0.00310349930078,-0.00150169362314],[0.000532265927177,-0.000893139571417,-0.00019267926109,-0.00381691730581,0.012177859433,-0.00238399626687,-0.00472149485722,0.000403615966206,0.00422342447564,-0.00913168210536,0.00567924510688,-0.000265130423941,-0.00315460585989],[-0.00072335160803,0.00486181862652,-0.000971730216406,0.000218024375499,-0.00238399626687,0.0161384940147,-0.00617385702208,-0.00177171372343,0.000477090652566,0.00493815075606,-0.00774839660153,0.00377260707319,0.00136146636214],[0.000727819919121,-0.00520182959735,0.0029440165963,0.00161581428256,-0.00472149485722,-0.00617385702208,0.0218108072877,-0.00946442224085,-0.00111922889482,0.00418239878491,0.00274288118817,-0.00536278635263,0.00313263037242],[-0.000668697524816,0.00291342381388,-0.00259453663602,0.00288750021718,0.000403615966206,-0.00177171372343,-0.00946442224085,0.0235350150615,-0.00905259232968,-0.0023627160117,0.00399418035522,0.000462785275886,-0.00446272967383],[0.000666130916215,-0.00178511347622,0.00135147687979,-0.00520587200299,0.00422342447564,0.000477090652566,-0.00111922889482,-0.00905259232968,0.0292975287884,-0.0119113847613,-0.00313409883529,0.00814596749842,-0.00177608418744],[-0.000682571844663,0.00231531076133,-0.000719180505257,0.00507468497381,-0.00913168210536,0.00493815075606,0.00418239878491,-0.0023627160117,-0.0119113847613,0.0277869272977,-0.0113487010822,-0.00481883063912,0.00707034114748],[0.000761108763982,-0.00455711549148,0.000319821963785,-0.00372975273058,0.00567924510688,-0.00774839660153,0.00274288118817,0.00399418035522,-0.00313409883529,-0.0113487010822,0.0335091538727,-0.0150925032794,0.000389876571717],[-0.000604304368608,0.00458589475602,-0.0020254610572,0.00310349930078,-0.000265130423941,0.00377260707319,-0.00536278635263,0.000462785275886,0.00814596749842,-0.00481883063912,-0.0150925032794,0.0371099971235,-0.0155568532646],[0.000434621790191,-0.00294209760614,0.00184957205784,-0.00150169362314,-0.00315460585989,0.00136146636214,0.00313263037242,-0.00446272967383,-0.00177608418744,0.00707034114748,0.000389876571717,-0.0155568532646,0.0330126583576]],"mean":[45.3484039307,76.861618042,-124.53742981,50.8496513367,-40.4674682617,14.6481084824,-30.6498069763,13.812792778,-24.1602745056,1.6135007143,-23.7647457123,-4.11874723434,-12.132727623]},"hfc":{"dmean":8.4187669754,"dmean2":13.4922456741,"dvar":106.799827576,"dvar2":250.413711548,"max":180.693023682,"mean":33.1235580444,"median":31.2387504578,"min":1.09245657473e-16,"var":281.33706665},"melbands":{"dmean":[0.00161710125394,0.00231587095186,0.00130428385455,0.000624111038633,0.000233098384342,0.000161692776601,0.000130981032271,0.0000926237917156,0.000123962221551,0.000193146624952,0.0000943027916946,0.0000806302195997,0.0000376930511266,0.0000396410287067,0.000045789332944,0.0000466397614218,0.0000340027108905,0.0000465509656351,0.0000313154960168,0.0000384429913538,0.0000456357483927,0.0000259501957771,0.0000271123408311,0.0000195236279978,0.0000171137216967,0.0000152160164362,0.0000109026423161,0.00000912913765205,0.00000781352264312,0.00000460968567495,0.00000484782185595,0.00000334339051733,0.00000290335106001,0.00000170452403836,0.00000109686641281,0.00000108321501102,9.93675030259e-7,0.00000100876229681,9.8799546322e-7,8.84339101503e-7],"dmean2":[0.00267498125322,0.00392579520121,0.00223383517005,0.00104049651418,0.000405810627853,0.000274805410299,0.000216240048758,0.000157754810061,0.000204986456083,0.000305512541672,0.000149438448716,0.000128346742713,0.0000608705959166,0.0000640436483081,0.0000751189145376,0.0000766767407185,0.0000562934292248,0.0000766382363508,0.0000519763270859,0.0000647480264888,0.0000763792486396,0.0000431843254773,0.0000458151880594,0.0000330846742145,0.0000290976222459,0.0000258514264715,0.0000186321885849,0.0000156860660354,0.0000134292213261,0.00000781244762038,0.00000845755221235,0.00000570787369725,0.00000479780101159,0.00000276407786259,0.00000167867085565,0.00000163330082614,0.00000149769414293,0.00000148492517837,0.00000145892875025,0.00000130679825361],"dvar":[0.00000474768967251,0.00000879280105437,0.00000290186335405,0.0000011547737131,2.23637101726e-7,1.01332119584e-7,1.42251849411e-7,4.82642477095e-8,5.1652818911e-8,1.57941130396e-7,5.94691798028e-8,4.21032240183e-8,7.77901654203e-9,6.94023949421e-9,7.16053927263e-9,8.0448501194e-9,5.08596986748e-9,6.93160151499e-9,2.50619192066e-9,2.10655337618e-9,3.19933901594e-9,7.61632867885e-10,1.03000452611e-9,5.75518355195e-10,3.79679371276e-10,3.24412052777e-10,1.79465400874e-10,1.42984832308e-10,9.5161767355e-11,2.93414112451e-11,4.77107693631e-11,2.57992481545e-11,1.97423657283e-11,6.79495435613e-12,4.62804534279e-12,7.61073322419e-12,5.51594100257e-12,2.37560405375e-11,1.86261527035e-11,1.39224855603e-11],"dvar2":[0.0000112883308248,0.0000241400830419,0.00000793800427346,0.00000309276560984,6.31972682186e-7,2.67085709993e-7,3.8196475316e-7,1.28411770106e-7,1.33442696892e-7,3.93801656173e-7,1.4312654173e-7,1.11241206469e-7,1.9315200106e-8,1.75728711582e-8,1.78819181684e-8,2.07012842424e-8,1.3026490997e-8,1.7500987326e-8,6.32825258862e-9,5.54777201955e-9,8.58682280835e-9,2.03833860901e-9,2.80357803639e-9,1.56110724348e-9,1.05455888466e-9,8.61290150311e-10,4.91484741794e-10,3.9101510918e-10,2.61723920314e-10,7.73074659843e-11,1.30657290542e-10,6.77797193371e-11,4.8920936746e-11,1.59265690913e-11,1.05248414151e-11,1.71330172272e-11,1.12692060544e-11,4.7300864614e-11,3.85989157303e-11,2.76544950134e-11],"max":[0.0181921627373,0.0303144156933,0.0259653795511,0.0143040586263,0.00605502165854,0.00628918362781,0.0149981239811,0.00478860549629,0.00388161535375,0.00768391694874,0.00556978071108,0.00451138336211,0.00242925365455,0.00309431692585,0.00182561960537,0.00223670410924,0.00159031443764,0.00205889064819,0.001431163284,0.000928048975766,0.00227154232562,0.000478957314044,0.000438837800175,0.000340747355949,0.000445191486506,0.000484795920784,0.000260640808847,0.000208959565498,0.000127504565171,0.0000664111212245,0.0000920379025047,0.000095409595815,0.0000903202671907,0.0000561407177884,0.0000839365529828,0.000111115550681,0.0000959639655775,0.00029914471088,0.000133862326038,0.000144811230712],"mean":[0.00193572533317,0.00337425339967,0.00202367454767,0.00081562314881,0.000306699337671,0.000226523319725,0.000192571125808,0.000120405617054,0.000191904531675,0.000321777217323,0.000155060261022,0.000133262190502,0.0000647250490147,0.0000754902866902,0.0000835553582874,0.0000807792894193,0.0000566397065995,0.0000807720643934,0.0000608047448623,0.0000759708200349,0.0000928895242396,0.0000567902170587,0.0000508908306074,0.0000369286099158,0.0000345620901498,0.000033118751162,0.0000229023517022,0.0000172293839569,0.0000154838126036,0.00000997111419565,0.00000852528410178,0.00000628121188129,0.00000576237880523,0.00000345381408806,0.00000220601964429,0.00000210006714951,0.00000198492080017,0.00000182575854524,0.00000178740515366,0.00000160984166087],"median":[0.00107720622327,0.002521622926,0.00145083968528,0.000445929530542,0.000177374487976,0.000115653994726,0.0000732429907657,0.0000556239283469,0.0000961585610639,0.000128779734951,0.0000552518031327,0.0000424975987698,0.0000331303890562,0.0000438747665612,0.0000491044083901,0.0000424946192652,0.0000303534361592,0.0000429833053204,0.0000418192503275,0.0000609809394518,0.0000756475928938,0.0000473262552987,0.0000409787498938,0.0000304282111756,0.0000292683744192,0.0000280388740066,0.0000195909851755,0.0000142387079904,0.0000130424123199,0.00000842900954012,0.0000064467676566,0.00000464129789179,0.00000360071112482,0.00000233740229305,0.00000150887819927,0.0000012405371308,0.00000117540366773,9.16360249903e-7,8.96712322174e-7,7.8105455259e-7],"min":[3.68373666936e-24,2.87240348353e-24,2.02556623216e-24,1.98870256484e-24,2.58191117443e-24,2.79771038594e-24,2.72614808006e-24,1.78668810601e-24,1.8307749782e-24,3.53912544923e-24,4.46456578728e-24,3.92837742443e-24,3.85205513185e-24,3.79268624898e-24,2.54683703808e-24,4.57690470778e-24,4.04815175339e-24,3.57277391671e-24,4.67253082114e-24,4.1837245997e-24,5.31717178124e-24,4.56285075632e-24,5.25100765053e-24,3.31155012213e-24,4.60597541543e-24,4.51773146241e-24,4.82994407047e-24,4.71288460631e-24,4.13140182244e-24,5.52250123081e-24,4.92057235557e-24,4.85214143305e-24,5.92730757091e-24,6.35589175641e-24,5.35067430945e-24,5.77250269016e-24,5.6269921686e-24,6.22164419642e-24,7.21343878065e-24,7.56110082563e-24],"var":[0.00000545917646377,0.00000994638958218,0.00000401467559641,0.00000127496753066,1.93016333583e-7,1.36617913427e-7,1.82323745435e-7,5.20126022252e-8,8.39120843921e-8,3.26428931885e-7,1.23669380514e-7,9.19594143056e-8,1.34009852104e-8,1.30670745335e-8,1.34020465836e-8,1.71584133568e-8,8.53462545081e-9,1.53072683418e-8,5.24271337454e-9,3.88654752825e-9,5.44617062559e-9,1.63832170053e-9,1.55486190589e-9,7.46134709573e-10,6.09347183822e-10,5.64154667426e-10,2.49031684163e-10,1.58289506502e-10,1.15547231505e-10,4.7169244205e-11,5.37191402472e-11,3.64064889347e-11,3.94671725856e-11,1.46769471576e-11,9.55260176516e-12,1.49588466614e-11,1.20388577579e-11,4.35528488274e-11,3.49686876677e-11,2.91190439816e-11]},"melbands_crest":{"dmean":3.71214675903,"dmean2":6.21766376495,"dvar":9.08646965027,"dvar2":25.1284503937,"max":29.7146682739,"mean":14.1884746552,"median":13.8648376465,"min":1.00073218346,"var":19.7257423401},"melbands_flatness_db":{"dmean":0.0276487600058,"dmean2":0.0453015826643,"dvar":0.000570471340325,"dvar2":0.00149165932089,"max":0.337182700634,"mean":0.157820999622,"median":0.153110414743,"min":-4.57317327118e-7,"var":0.00166999862995},"melbands_kurtosis":{"dmean":6.05426311493,"dmean2":10.1506729126,"dvar":72.2235412598,"dvar2":196.196624756,"max":119.587677002,"mean":8.74183559418,"median":5.15662527084,"min":-1.51616239548,"var":118.097564697},"melbands_skewness":{"dmean":0.824012756348,"dmean2":1.34406208992,"dvar":0.629624783993,"dvar2":1.64832425117,"max":9.76211547852,"mean":2.55498313904,"median":2.29109525681,"min":-0.283295959234,"var":1.78710341454},"melbands_spread":{"dmean":10.2438745499,"dmean2":16.904510498,"dvar":89.4089050293,"dvar2":234.943481445,"max":157.816894531,"mean":34.1798706055,"median":32.8649597168,"min":2.70483231544,"var":244.322799683},"mfcc":{"cov":[[5834.56201172,198.393081665,157.320739746,47.0696983337,48.0553283691,62.4097175598,-11.0111141205,41.4343070984,-46.7531509399,17.7476673126,29.6651325226,-8.78953361511,-29.6106281281],[198.393081665,535.810302734,-309.120269775,145.894134521,-99.0761566162,0.51372140646,14.9918117523,1.28993046284,47.3902740479,-2.94607615471,-7.24782896042,-7.12407493591,-17.2131271362],[157.320739746,-309.120269775,434.997070312,-60.6605186462,106.491592407,-7.69207811356,-23.7338981628,-5.75069093704,-56.7832984924,-3.88336372375,13.0030374527,12.7993335724,12.1948957443],[47.0696983337,145.894134521,-60.6605186462,209.596618652,27.2804546356,22.5909576416,-10.7889165878,-12.7318487167,18.3621559143,-1.18639731407,-4.89810752869,2.12058591843,-0.694804787636],[48.0553283691,-99.0761566162,106.491592407,27.2804546356,121.926963806,27.5422496796,6.98163700104,-11.5932502747,-3.03056097031,8.57624053955,7.70002269745,8.10370731354,10.6697759628],[62.4097175598,0.51372140646,-7.69207811356,22.5909576416,27.5422496796,69.313117981,23.7527351379,8.31804275513,-3.04884815216,5.19469308853,4.22783279419,-2.90400004387,-1.05671441555],[-11.0111141205,14.9918117523,-23.7338981628,-10.7889165878,6.98163700104,23.7527351379,77.2467651367,37.1338691711,22.080121994,-1.28457987309,-1.00441455841,3.65306806564,3.30184435844],[41.4343070984,1.28993046284,-5.75069093704,-12.7318487167,-11.5932502747,8.31804275513,37.1338691711,73.5946426392,28.3202266693,6.45105743408,-8.90250968933,-1.97042679787,-5.56371545792],[-46.7531509399,47.3902740479,-56.7832984924,18.3621559143,-3.03056097031,-3.04884815216,22.080121994,28.3202266693,70.3759460449,23.745508194,5.00783252716,-3.48635482788,-0.569390952587],[17.7476673126,-2.94607615471,-3.88336372375,-1.18639731407,8.57624053955,5.19469308853,-1.28457987309,6.45105743408,23.745508194,55.7265930176,22.9767284393,1.20996201038,-5.5054602623],[29.6651325226,-7.24782896042,13.0030374527,-4.89810752869,7.70002269745,4.22783279419,-1.00441455841,-8.90250968933,5.00783252716,22.9767284393,53.402885437,20.6489181519,7.97351169586],[-8.78953361511,-7.12407493591,12.7993335724,2.12058591843,8.10370731354,-2.90400004387,3.65306806564,-1.97042679787,-3.48635482788,1.20996201038,20.6489181519,48.2665634155,24.4568538666],[-29.6106281281,-17.2131271362,12.1948957443,-0.694804787636,10.6697759628,-1.05671441555,3.30184435844,-5.56371545792,-0.569390952587,-5.5054602623,7.97351169586,24.4568538666,49.1672134399]],"icov":[[0.000190702950931,-0.000227983560762,-0.000159275936312,0.0000714020061423,-0.000129216045025,-0.000153946341015,0.000154694920639,-0.000275060563581,0.000212121361983,-0.0000413709858549,-0.000146088161273,0.0000907148132683,0.0000351581838913],[-0.000227983560762,0.00454856222495,0.00218899617903,-0.00283501017839,0.00245846062899,0.000685392005835,-0.00136423518416,0.000940777710639,-0.000621269748081,0.000341932493029,-0.000401097146096,-0.000355526572093,0.000824403017759],[-0.000159275936312,0.00218899617903,0.00522481650114,-0.000219580018893,-0.00332375732251,0.00232390523888,0.000820437096991,-0.00226893904619,0.00332884583622,0.000318148609949,-0.00156526034698,0.000378346798243,-0.0000293745688396],[0.0000714020061423,-0.00283501017839,-0.000219580018893,0.00789049640298,-0.00362257077359,-0.00274193682708,0.00337073928677,0.0003473215329,-0.00237441738136,0.00134870549664,0.00137044559233,-0.00148381316103,0.000395948882215],[-0.000129216045025,0.00245846062899,-0.00332375732251,-0.00362257077359,0.015998383984,-0.00516125792637,-0.00346017698757,0.0057443138212,-0.00375664187595,-0.0021095299162,0.00193301809486,-0.0017184818862,-0.000882664113306],[-0.000153946341015,0.000685392005835,0.00232390523888,-0.00274193682708,-0.00516125792637,0.0214238334447,-0.00696314591914,-0.00291329878382,0.00749784009531,-0.00281822378747,-0.00334859569557,0.00453614350408,-0.000691537105013],[0.000154694920639,-0.00136423518416,0.000820437096991,0.00337073928677,-0.00346017698757,-0.00696314591914,0.0224870610982,-0.00942573975772,-0.00470600370318,0.00525623373687,-0.0011758657638,-0.0020384748932,-0.00077706342563],[-0.000275060563581,0.000940777710639,-0.00226893904619,0.0003473215329,0.0057443138212,-0.00291329878382,-0.00942573975772,0.0244172737002,-0.0094442460686,-0.00212854729034,0.00704590370879,-0.00410491554067,0.00336973438971],[0.000212121361983,-0.000621269748081,0.00332884583622,-0.00237441738136,-0.00375664187595,0.00749784009531,-0.00470600370318,-0.0094442460686,0.0273565724492,-0.0100782858208,-0.00275834510103,0.00559095200151,-0.00387069024146],[-0.0000413709858549,0.000341932493029,0.000318148609949,0.00134870549664,-0.0021095299162,-0.00281822378747,0.00525623373687,-0.00212854729034,-0.0100782858208,0.0286609977484,-0.0120819667354,0.00112794141751,0.00432917708531],[-0.000146088161273,-0.000401097146096,-0.00156526034698,0.00137044559233,0.00193301809486,-0.00334859569557,-0.0011758657638,0.00704590370879,-0.00275834510103,-0.0120819667354,0.0309233739972,-0.0134353749454,0.000847369257826],[0.0000907148132683,-0.000355526572093,0.000378346798243,-0.00148381316103,-0.0017184818862,0.00453614350408,-0.0020384748932,-0.00410491554067,0.00559095200151,0.00112794141751,-0.0134353749454,0.0349473953247,-0.0150555623695],[0.0000351581838913,0.000824403017759,-0.0000293745688396,0.000395948882215,-0.000882664113306,-0.000691537105013,-0.00077706342563,0.00336973438971,-0.00387069024146,0.00432917708531,0.000847369257826,-0.0150555623695,0.0290630944073]],"mean":[-589.801940918,101.186393738,-15.6436519623,39.3591270447,11.7231092453,9.76944541931,5.76545572281,7.15885734558,9.13360118866,3.18166327477,0.738613307476,-0.965218901634,-2.44792413712]},"pitch_salience":{"dmean":0.0784058123827,"dmean2":0.131498858333,"dvar":0.00439912732691,"dvar2":0.0121523756534,"max":0.996096968651,"mean":0.570186138153,"median":0.574687719345,"min":0.16283133626,"var":0.00882705207914},"silence_rate_20dB":{"dmean":0,"dmean2":0,"dvar":0,"dvar2":0,"max":1,"mean":1,"median":1,"min":1,"var":0},"silence_rate_30dB":{"dmean":0,"dmean2":0,"dvar":0,"dvar2":0,"max":1,"mean":1,"median":1,"min":1,"var":0},"silence_rate_60dB":{"dmean":0.00111880293116,"dmean2":0.00223776232451,"dvar":0.00111759116407,"dvar2":0.00251244124956,"max":1,"mean":0.034260943532,"median":0,"min":0,"var":0.0330867022276},"spectral_centroid":{"dmean":278.537658691,"dmean2":459.326690674,"dvar":65755.8125,"dvar2":168586.5625,"max":11845.8564453,"mean":1984.14587402,"median":1977.04748535,"min":474.831542969,"var":363924.78125},"spectral_complexity":{"dmean":5.00244760513,"dmean2":7.91034984589,"dvar":18.8936748505,"dvar2":42.9960746765,"max":63,"mean":36.5702018738,"median":38,"min":0,"var":99.4702377319},"spectral_contrast_coeffs":{"dmean":[0.0574422217906,0.0476623736322,0.0384457521141,0.0302555765957,0.0189283397049,0.0189968515188],"dmean2":[0.0962521582842,0.0794223770499,0.063227891922,0.0512389950454,0.0320460163057,0.0300528407097],"dvar":[0.00200663227588,0.00144090794493,0.000920858350582,0.000538123713341,0.000211647799006,0.000270061631454],"dvar2":[0.00564343715087,0.00393896456808,0.0024673640728,0.00150899891742,0.000618943129666,0.000641498481855],"max":[-0.341223478317,-0.419607818127,-0.493861794472,-0.600870013237,-0.673596024513,-0.600979328156],"mean":[-0.648121058941,-0.762057960033,-0.770662724972,-0.786480009556,-0.79849666357,-0.729149878025],"median":[-0.649060964584,-0.767457842827,-0.777295231819,-0.788812875748,-0.798558950424,-0.731238126755],"min":[-0.979357361794,-0.997869729996,-0.997252106667,-0.98574668169,-0.986768960953,-0.964689016342],"var":[0.00505145499483,0.00392299890518,0.00379164284095,0.00162961252499,0.000689023116138,0.00143960479181]},"spectral_contrast_valleys":{"dmean":[0.409958690405,0.371209830046,0.281915307045,0.239714831114,0.203655824065,0.242655590177],"dmean2":[0.679173588753,0.621050715446,0.464244097471,0.397954463959,0.333284765482,0.342168062925],"dvar":[0.111291617155,0.113686062396,0.0603775791824,0.0474271066487,0.046526350081,0.0870844647288],"dvar2":[0.285033136606,0.294203788042,0.14738163352,0.110689535737,0.102701045573,0.174969151616],"max":[-5.16815805435,-4.33906888962,-5.29025268555,-5.59730529785,-5.48580694199,-7.35644054413],"mean":[-6.77886009216,-6.70136737823,-7.03577804565,-6.93399763107,-6.5388379097,-9.68119621277],"median":[-6.60061454773,-6.57482242584,-6.88830757141,-6.77887630463,-6.37718105316,-9.36036682129],"min":[-28.2841720581,-28.0433769226,-27.8140678406,-27.5324230194,-27.5258560181,-27.3749790192],"var":[1.88899576664,1.83351278305,1.72576582432,1.70895147324,1.72177922726,1.96619367599]},"spectral_decrease":{"dmean":3.39241412739e-9,"dmean2":5.56982504563e-9,"dvar":1.31771079263e-17,"dvar2":3.40647898588e-17,"max":1.04943645817e-28,"mean":-9.0305540823e-9,"median":-8.26443447011e-9,"min":-3.57762779402e-8,"var":2.06431673433e-17},"spectral_energy":{"dmean":0.0132267987356,"dmean2":0.0216548461467,"dvar":0.000199403162696,"dvar2":0.000515999388881,"max":0.13870126009,"mean":0.0370877310634,"median":0.0343016274273,"min":1.01121472791e-20,"var":0.000319444574416},"spectral_energyband_high":{"dmean":0.00059598631924,"dmean2":0.000949329696596,"dvar":8.30993371892e-7,"dvar2":0.00000179405355993,"max":0.0180748701096,"mean":0.00158294721041,"median":0.00126665993594,"min":6.8064168963e-21,"var":0.00000204697153094},"spectral_energyband_low":{"dmean":0.0103881759569,"dmean2":0.017130792141,"dvar":0.000152721680934,"dvar2":0.000389718334191,"max":0.122655272484,"mean":0.0173031780869,"median":0.0132351368666,"min":3.09658292221e-23,"var":0.000204565774766},"spectral_energyband_middle_high":{"dmean":0.00237598503008,"dmean2":0.00383482920006,"dvar":0.00000649222101856,"dvar2":0.0000164380708156,"max":0.0514060072601,"mean":0.00881070643663,"median":0.00805774796754,"min":1.31607050689e-21,"var":0.0000265496910288},"spectral_energyband_middle_low":{"dmean":0.005771829281,"dmean2":0.00967694912106,"dvar":0.00005543766747,"dvar2":0.000151853848365,"max":0.0852163657546,"mean":0.0119770644233,"median":0.00950287468731,"min":1.39843682453e-22,"var":0.0000833929152577},"spectral_entropy":{"dmean":0.0838029012084,"dmean2":0.130454406142,"dvar":0.005739194341,"dvar2":0.0132601344958,"max":9.82911586761,"mean":7.928358078,"median":7.9368724823,"min":7.13594722748,"var":0.0384742617607},"spectral_flux":{"dmean":0.02649281919,"dmean2":0.0422778017819,"dvar":0.000692759873345,"dvar2":0.0015761887189,"max":0.315488964319,"mean":0.109803937376,"median":0.10530911386,"min":6.26838372875e-11,"var":0.00165859237313},"spectral_kurtosis":{"dmean":0.949071884155,"dmean2":1.61538338661,"dvar":0.932399272919,"dvar2":2.84456205368,"max":22.7746219635,"mean":3.55888485909,"median":3.39746570587,"min":-1.24264872074,"var":1.84373664856},"spectral_rms":{"dmean":0.00101089884993,"dmean2":0.00163698254619,"dvar":9.38470634537e-7,"dvar2":0.00000241768907472,"max":0.0116326399148,"mean":0.00579243013635,"median":0.00578489433974,"min":3.14094084942e-12,"var":0.00000263095103037},"spectral_rolloff":{"dmean":667.813781738,"dmean2":1131.04199219,"dvar":674423.8125,"dvar2":1544280.25,"max":19121.484375,"mean":2073.14697266,"median":2153.3203125,"min":86.1328125,"var":2107139},"spectral_skewness":{"dmean":0.14642521739,"dmean2":0.237761825323,"dvar":0.0183289442211,"dvar2":0.0463874228299,"max":2.94122600555,"mean":1.20931947231,"median":1.2094643116,"min":-0.0949245542288,"var":0.0649282559752},"spectral_spread":{"dmean":404138.34375,"dmean2":576685.625,"dvar":330197467136,"dvar2":579031924736,"max":42594784,"mean":4309745,"median":4187245.5,"min":2074913.75,"var":4564997111810},"spectral_strongpeak":{"dmean":0.517846465111,"dmean2":0.916330993176,"dvar":0.800228774548,"dvar2":2.10166668892,"max":8.09546375275,"mean":0.63780772686,"median":0.338399410248,"min":0,"var":0.820177018642},"zerocrossingrate":{"dmean":0.00964352954179,"dmean2":0.0120997456834,"dvar":0.000100919627585,"dvar2":0.000140230520628,"max":0.51904296875,"mean":0.0751344412565,"median":0.0712890625,"min":0.013671875,"var":0.00110758980736}},"metadata":{"audio_properties":{"analysis_sample_rate":44100,"bit_rate":0,"codec":"flac","downmix":"mix","equal_loudness":0,"length":332.053344727,"lossless":true,"md5_encoded":"3ae8f56db112f1beeb8d9df8815e6628","replay_gain":-14.8647136688,"sample_rate":44100},"tags":{"acoustid_id":["bdc9de9c-3887-4e12-8341-13de17a216cf"],"album":["Once More 'Round the Sun"],"album artist":["Mastodon"],"albumartist":["Mastodon"],"albumartistsort":["Mastodon"],"artist":["Mastodon"],"artistsort":["Mastodon"],"asin":["B00K06PZ72"],"barcode":["093624937654"],"catalognumber":["9362-49376-5"],"date":["2014-06-20"],"disc":["1"],"discnumber":["1"],"disctotal":["1"],"ensemble":["Mastodon"],"file_name":"05. Mastodon - Chimes at Midnight.flac","genre":["Progressive Metal"],"label":["Reprise Records"],"language":["English"],"media":["CD"],"musicbrainz_albumartistid":["bc5e2ad6-0a4a-4d90-b911-e9a7e6861727"],"musicbrainz_albumid":["2883def1-db79-4b58-9280-bc8330f94c74"],"musicbrainz_artistid":["bc5e2ad6-0a4a-4d90-b911-e9a7e6861727"],"musicbrainz_recordingid":["20be249b-ee5f-4e70-b19a-2feaac578a30"],"originaldate":["2014-06-20"],"releasecountry":["DE"],"releasestatus":["official"],"releasetype":["album"],"replaygain_album_gain":["-10.720000 dB"],"replaygain_track_gain":["-10.240000 dB"],"replaygain_track_peak":["0.999969"],"script":["Latn"],"title":["Chimes at Midnight"],"totaldiscs":["1"],"totaltracks":["11"],"tracknumber":["5"],"tracktotal":["11"],"year":["2014"]},"version":{"essentia":"2.1-beta1","essentia_build_sha":"ca57ba49d9b1854bd80e60cf9ccf267278fb7d6b","essentia_git_sha":"v2.1_beta1-28-g21ef5f4-dirty","extractor":"music 1.0"}},"rhythm":{"beats_count":831,"beats_loudness":{"dmean":0.0124808037654,"dmean2":0.0215653609484,"dvar":0.000100139674032,"dvar2":0.000298012426356,"max":0.0953316912055,"mean":0.0435062274337,"median":0.043251529336,"min":0,"var":0.000215884720092},"beats_loudness_band_ratio":{"dmean":[0.231138929725,0.14180226624,0.070245988667,0.0550692379475,0.0650250092149,0.0509382262826],