{"lowlevel":{"average_loudness":0.94407504797,"barkbands":{"dmean":[0.00301402434707,0.0391910970211,0.00674284389243,0.00136238778941,0.00205516419373,0.000932753318921,0.000125679172925,0.000163510354469,0.000148011080455,0.0000822095826152,0.0000639958816464,0.0000838110718178,0.000137566035846,0.000130024694954,0.000109705499199,0.000154622350237,0.000141498399898,0.000186983321328,0.000168578582816,0.00018223474035,0.000167370337294,0.000168885104358,0.000142058808706,0.000137210241519,0.000205183911021,0.000729075341951,0.0037394433748],"dmean2":[0.00404552882537,0.0569811202586,0.0115876486525,0.0023764744401,0.00343318004161,0.00145574833732,0.000210798621993,0.000286796799628,0.000226254065637,0.000124069003505,0.0000901285748114,0.000123790567159,0.000187849014765,0.000215080945054,0.000178222500836,0.000254136393778,0.000231088793953,0.000314773787977,0.000277840939816,0.000299220264424,0.000271234021056,0.000260582426563,0.000207879027585,0.000186603501788,0.000272001459962,0.000974951079115,0.00539098493755],"dvar":[0.0000401858051191,0.00445765489712,0.000156696056365,0.0000238518841797,0.00000935851403483,0.00000280390258922,1.20815116134e-7,3.81403509664e-7,2.46040315233e-7,9.49943483874e-8,1.02498120214e-7,1.69754912349e-7,3.26491999658e-7,2.98033654644e-7,1.43947445963e-7,3.53102791451e-7,2.63181703986e-7,5.66923688439e-7,4.20408980517e-7,4.21401210815e-7,3.59602580602e-7,3.05301881554e-7,1.77434074544e-7,8.25017565376e-8,1.56272932372e-7,0.00000336866332873,0.000109238280857],"dvar2":[0.0000691430395818,0.00920288451016,0.000459672533907,0.0000683410471538,0.0000288456740236,0.00000694625896358,3.28851712084e-7,0.00000106637617137,4.76074376365e-7,1.83514345053e-7,1.99982849836e-7,3.59663715699e-7,5.25111147454e-7,8.02088607088e-7,3.79921175409e-7,9.26317113681e-7,6.93249944561e-7,0.00000151044423546,0.00000110150290311,0.00000111782378553,9.49303341713e-7,7.55580344958e-7,4.17756666593e-7,1.55906903387e-7,2.89680684773e-7,0.00000618868671154,0.000243315167609],"max":[0.0995830222964,0.813197374344,0.206553637981,0.0849257558584,0.0525074973702,0.0308801829815,0.00551504548639,0.0102030364797,0.0241293963045,0.0154334008694,0.022481540218,0.0250029470772,0.0193810090423,0.0102348783985,0.0118699716404,0.0114391408861,0.00853607431054,0.0122129172087,0.00984553899616,0.0128086842597,0.0109005197883,0.0114461472258,0.0132671371102,0.00808005873114,0.0101108681411,0.0285901837051,0.144134178758],"mean":[0.00853513646871,0.104038290679,0.0164262671024,0.00196610577404,0.00630840240046,0.00243674754165,0.000190804974409,0.000200225724257,0.000318917358527,0.000155886940775,0.000157914866577,0.000152381457156,0.000350758229615,0.000145323967445,0.000135800451972,0.000171983818291,0.000160892290296,0.000162999844179,0.000157752088853,0.000212859478779,0.000177141584572,0.000182779258466,0.000184297270607,0.000238442517002,0.000410460022977,0.00129224045668,0.00485979439691],"median":[0.000626461813226,0.063014857471,0.00979401916265,0.000433640787378,0.00468297349289,0.00166078179609,0.0000476639834233,0.0000238183474721,0.0000154767803906,0.0000101940604509,0.00000903181989997,0.00000503067076352,0.00000656044039715,0.00000607208812653,0.0000106888237497,0.0000108373797048,0.00000939428900892,0.00000849090702104,0.0000114701424536,0.0000196977252926,0.0000242617315962,0.0000176463418029,0.0000237666827161,0.000064569641836,0.000109977241664,0.000114182264952,0.000148595427163],"min":[2.66504223204e-12,3.414794272e-12,1.63884184001e-12,1.18842078106e-12,1.75595952709e-12,3.85503586518e-13,2.38796992163e-13,6.18536797302e-13,6.66053258554e-13,1.01245964737e-12,3.17591141103e-13,1.49838488513e-13,1.66538779837e-13,5.04363261225e-13,2.66964944075e-13,3.30431239011e-13,2.91411914131e-13,1.19385642865e-12,1.79479315524e-12,4.69930897581e-13,1.12817502736e-12,9.50949280258e-13,1.40212017344e-12,5.16774904119e-12,6.88959609849e-12,8.84903782195e-12,6.96650332907e-12],"var":[0.000256904575508,0.018582848832,0.00040531140985,0.0000188465910469,0.0000325142973452,0.00000721026481187,1.57662825018e-7,3.02458118995e-7,0.00000116956800866,3.58114078836e-7,3.32946257231e-7,9.62110107139e-7,0.00000258473210124,3.43565091043e-7,2.03112733743e-7,3.57447078159e-7,2.55722284237e-7,4.26965783618e-7,3.32403004677e-7,4.36897607869e-7,2.97603520494e-7,3.11145981868e-7,2.13657429526e-7,1.74617795778e-7,4.87034981234e-7,0.0000091234478532,0.000156236856128]},"barkbands_crest":{"dmean":2.3544023037,"dmean2":3.71841692924,"dvar":7.86112213135,"dvar2":18.000328064,"max":26.6880340576,"mean":17.111661911,"median":17.8469905853,"min":2.59911060333,"var":26.8527641296},"barkbands_flatness_db":{"dmean":0.0398753881454,"dmean2":0.0567126832902,"dvar":0.002172710374,"dvar2":0.00408548023552,"max":0.830155968666,"mean":0.29655534029,"median":0.289083003998,"min":0.0238968059421,"var":0.01734832488},"barkbands_kurtosis":{"dmean":38.9057998657,"dmean2":56.5823822021,"dvar":9114.11035156,"dvar2":18129.3320312,"max":3043.12231445,"mean":70.5653610229,"median":20.476102829,"min":-1.98738431931,"var":29866.1152344},"barkbands_skewness":{"dmean":1.82599520683,"dmean2":2.54573225975,"dvar":5.33912229538,"dvar2":11.3425540924,"max":44.7398071289,"mean":4.73357772827,"median":3.84754562378,"min":-12.8564844131,"var":22.9133491516},"barkbands_spread":{"dmean":13.6031694412,"dmean2":19.7635002136,"dvar":458.955444336,"dvar2":887.729309082,"max":154.18347168,"mean":28.6333732605,"median":10.130273819,"min":0.0261444058269,"var":1455.81445312},"dissonance":{"dmean":0.0233942400664,"dmean2":0.0378743857145,"dvar":0.00079821923282,"dvar2":0.00215703016147,"max":0.500000059605,"mean":0.438487589359,"median":0.452788442373,"min":0.0956951677799,"var":0.00273731583729},"dynamic_complexity":3.57887101173,"erbbands":{"dmean":[1.50288057327,7.8142080307,10.5245103836,4.32369279861,4.98590040207,8.60886287689,8.33880329132,6.90237379074,2.26985573769,1.6518446207,4.03655862808,2.9522986412,3.03466033936,2.8637239933,2.56870508194,3.71282887459,6.29188346863,5.47156476974,6.22447013855,5.66815423965,9.23545455933,8.87436103821,9.85408687592,8.20252799988,9.07310581207,8.79076099396,7.37627220154,5.99356937408,6.24267959595,5.27257537842,3.83154940605,3.12749433517,2.21328139305,1.91154170036,1.75178098679,1.66026520729,1.57060909271,1.0927273035,0.569809556007,0.0624238997698],"dmean2":[1.92827188969,12.3402605057,18.1970787048,7.60419178009,8.38934803009,14.3092393875,13.466345787,10.6405887604,3.73970127106,2.67501330376,7.11642169952,4.59854888916,4.56978178024,4.20006942749,3.58381581306,5.29636716843,8.36554908752,8.8099861145,10.370300293,9.05363750458,15.1343536377,14.5303668976,16.4202804565,13.4979305267,14.9103956223,14.490032196,12.2018566132,9.52292346954,9.693567276,7.98339080811,5.57592201233,4.42013597488,2.97769522667,2.56856226921,2.34509158134,2.21347165108,2.12734460831,1.52473068237,0.824219346046,0.0926045849919],"dvar":[9.36849594116,174.209884644,299.346923828,198.34413147,127.670341492,192.694854736,149.409164429,150.001434326,33.6151046753,21.5294628143,257.899902344,87.2727890015,172.714706421,90.075668335,334.331237793,191.224655151,752.195800781,444.395965576,542.966369629,368.106872559,1287.61767578,1085.83557129,1492.11376953,984.033569336,1143.59399414,998.511901855,772.520385742,426.867553711,424.335723877,306.896697998,117.148986816,49.2400665283,22.649980545,15.5874195099,11.8781728745,13.9202718735,15.9635734558,8.42876434326,2.56231379509,0.031756747514],"dvar2":[13.8196735382,480.989562988,900.10345459,560.695922852,371.917327881,612.310974121,418.948791504,379.832672119,90.018737793,54.0488433838,719.145080566,188.455429077,314.959686279,172.544052124,746.628845215,358.776733398,1157.64160156,1167.88720703,1453.16943359,961.054626465,3387.66113281,2886.47485352,3931.02368164,2585.28320312,2995.47509766,2646.30249023,2077.9206543,1099.61914062,1061.57275391,763.77746582,265.453765869,100.409835815,43.2920417786,29.7462692261,22.1723632812,24.8721370697,29.5690021515,16.8934173584,5.65829324722,0.0735404938459],"max":[45.3925132751,135.58682251,232.979354858,211.825942993,230.961761475,290.664276123,241.505203247,326.591827393,111.970855713,136.449493408,319.317443848,312.46307373,983.631652832,554.30255127,1628.62854004,832.274475098,951.616149902,423.883361816,383.94430542,703.411560059,702.749572754,577.432189941,663.277526855,547.137756348,528.617980957,642.070983887,553.197509766,389.747467041,466.911254883,595.393371582,252.816482544,132.133224487,149.146484375,129.046386719,70.594909668,69.1187133789,67.7209472656,50.9555130005,21.9883346558,2.38771700859],"mean":[4.5102391243,16.9216384888,23.6292629242,8.8887720108,10.6640815735,24.3384418488,26.7252044678,18.9088134766,3.94716477394,3.81028842926,4.56139564514,5.61245107651,6.79951000214,6.2115688324,5.89032077789,8.04218482971,16.9950408936,6.79275560379,6.93429040909,7.4387049675,10.3457174301,10.1209535599,9.22001743317,7.71786260605,9.16418647766,10.0131912231,7.63311910629,6.49034500122,6.64087152481,6.10755062103,5.10920763016,4.76327705383,4.05223941803,3.83529829979,3.35360407829,3.05031013489,2.73825478554,1.72973275185,0.755368292332,0.0746006369591],"median":[0.960536658764,11.5078001022,15.6222524643,5.01238870621,5.47220230103,16.1668720245,19.0793209076,13.2201080322,1.84288024902,0.75293648243,0.655668079853,0.388796150684,0.439865976572,0.503420650959,0.474012315273,0.300500571728,0.340084135532,0.371532022953,0.481855094433,0.702326774597,0.561751306057,0.561156928539,0.557281076908,0.479627519846,0.742359697819,0.936843752861,1.00540018082,0.854396224022,0.601551830769,0.701145231724,0.697588503361,1.01434278488,1.16380977631,1.14051413536,0.743964850903,0.397897988558,0.212492093444,0.101303234696,0.0256716255099,0.00174550933298],"min":[1.34113165018e-10,6.53125498129e-10,1.77814041269e-9,3.25236637622e-9,4.80286432847e-9,6.02148331197e-9,5.51002576898e-9,2.28743934905e-9,1.58930335559e-9,9.02423558102e-9,1.35040663096e-8,1.44074752129e-8,2.80183272139e-8,2.70517404033e-8,7.91587417837e-9,6.76658862275e-9,6.72958089254e-9,2.42617410606e-8,2.06710932815e-8,1.78025469921e-8,1.07164961349e-8,2.03011865096e-8,5.07199402477e-8,1.31307885454e-7,3.8131457103e-8,2.25786820351e-8,3.63483962929e-8,4.57269528908e-8,3.5614068139e-8,3.88619803005e-8,4.31974349624e-8,6.94902553278e-8,1.03508050131e-7,5.11546893733e-8,6.06912209378e-8,2.95418089991e-8,1.4288451311e-8,6.11934147798e-9,1.49215562129e-9,7.16020853719e-11],"var":[55.9226379395,357.468536377,576.388122559,174.310180664,200.503356934,583.647094727,665.358703613,426.835723877,47.6150283813,62.6633338928,198.2734375,273.446868896,1051.97277832,388.478729248,642.30267334,1206.56982422,6315.13037109,587.424682617,558.927185059,590.14239502,1344.78723145,1045.51647949,1171.3137207,789.369934082,950.057373047,997.838928223,602.40032959,381.936584473,420.588317871,315.5078125,152.520111084,84.8695678711,49.8193397522,40.9008636475,37.9061126709,43.6194152832,42.6652259827,17.1764774323,3.7670712471,0.0399303659797]},"erbbands_crest":{"dmean":2.06237697601,"dmean2":3.17940950394,"dvar":4.68486738205,"dvar2":11.1217622757,"max":31.555103302,"mean":9.91462039948,"median":8.88165664673,"min":2.10469293594,"var":28.4256801605},"erbbands_flatness_db":{"dmean":0.0220453478396,"dmean2":0.0298999305815,"dvar":0.000697925512213,"dvar2":0.00133128429297,"max":0.489913135767,"mean":0.144833400846,"median":0.119569189847,"min":0.0188702903688,"var":0.00725061399862},"erbbands_kurtosis":{"dmean":4.16363239288,"dmean2":5.8763127327,"dvar":138.044586182,"dvar2":227.225143433,"max":590.622619629,"mean":7.48939561844,"median":0.972831964493,"min":-1.92856061459,"var":885.502197266},"erbbands_skewness":{"dmean":0.629886984825,"dmean2":0.846052765846,"dvar":0.630570590496,"dvar2":1.12796592712,"max":18.6804294586,"mean":1.26835715771,"median":1.00273776054,"min":-4.486992836,"var":4.1726398468},"erbbands_spread":{"dmean":19.8223361969,"dmean2":26.3369979858,"dvar":606.68157959,"dvar2":1058.94555664,"max":273.402679443,"mean":68.9265899658,"median":54.3645820618,"min":0.472800016403,"var":3007.05981445},"gfcc":{"cov":[[16181.5400391,-1439.83325195,-1155.12133789,176.512161255,-327.199981689,-307.487243652,-131.207839966,202.235977173,-234.767807007,-78.5943222046,-232.278930664,43.9138221741,140.903518677],[-1439.83325195,4272.6015625,-42.537021637,23.6948471069,145.770233154,190.159347534,-213.786605835,-50.6493644714,-122.462188721,95.8512802124,440.046356201,-64.828086853,132.138061523],[-1155.12133789,-42.537021637,2506.77270508,382.021850586,304.051025391,-209.561080933,48.239654541,-244.05758667,169.445846558,32.1279220581,34.2572860718,200.819442749,68.9659118652],[176.512161255,23.6948471069,382.021850586,663.075500488,19.6306934357,-46.0603179932,-96.2392349243,81.1453475952,88.0199432373,14.5368452072,-33.444984436,52.342464447,43.1314849854],[-327.199981689,145.770233154,304.051025391,19.6306934357,375.773895264,77.2515716553,94.8051300049,-30.9659500122,77.164352417,28.2639636993,32.3770904541,28.4226875305,1.31345570087],[-307.487243652,190.159347534,-209.561080933,-46.0603179932,77.2515716553,320.556304932,137.960754395,27.9753170013,-25.3210849762,61.5365600586,84.9531936646,-2.06255149841,-30.074848175],[-131.207839966,-213.786605835,48.239654541,-96.2392349243,94.8051300049,137.960754395,299.032562256,83.0721359253,28.676235199,29.5812206268,41.0508117676,21.3846130371,6.38260555267],[202.235977173,-50.6493644714,-244.05758667,81.1453475952,-30.9659500122,27.9753170013,83.0721359253,317.468292236,68.7431793213,3.06582546234,-13.748418808,-38.3935508728,92.8456573486],[-234.767807007,-122.462188721,169.445846558,88.0199432373,77.164352417,-25.3210849762,28.676235199,68.7431793213,210.834716797,35.3225746155,-33.4063339233,27.2500896454,3.43018937111],[-78.5943222046,95.8512802124,32.1279220581,14.5368452072,28.2639636993,61.5365600586,29.5812206268,3.06582546234,35.3225746155,99.931312561,68.6238098145,16.3249130249,1.23509800434],[-232.278930664,440.046356201,34.2572860718,-33.444984436,32.3770904541,84.9531936646,41.0508117676,-13.748418808,-33.4063339233,68.6238098145,172.225769043,33.0379295349,13.1984806061],[43.9138221741,-64.828086853,200.819442749,52.342464447,28.4226875305,-2.06255149841,21.3846130371,-38.3935508728,27.2500896454,16.3249130249,33.0379295349,104.615715027,18.3886947632],[140.903518677,132.138061523,68.9659118652,43.1314849854,1.31345570087,-30.074848175,6.38260555267,92.8456573486,3.43018937111,1.23509800434,13.1984806061,18.3886947632,134.780090332]],"icov":[[0.0000731796608306,0.0000161818097695,0.0000510389072588,-0.0000370665220544,-0.000023768414394,0.000106270701508,-0.0000139318744914,-0.0000344487998518,0.000157624992426,-0.000126081766211,0.00010558093345,-0.000147048471263,-0.0000514209277753],[0.0000161818097695,0.000457599729998,0.0000197002700588,-0.0000807799588074,-0.000153367131134,-0.000264702131972,0.000529053620994,0.000264944945229,-0.000288840587018,0.000646842934657,-0.00154406367801,0.000886934460141,-0.000683294318151],[0.0000510389072588,0.0000197002700588,0.000795864674728,-0.000523425696883,-0.000349270296283,0.000718147610314,-0.000662283680867,0.00104174180888,-0.000377385964384,0.0000341047198162,-0.000252177618677,-0.000343133724527,-0.000754212145694],[-0.0000370665220544,-0.0000807799588074,-0.000523425696883,0.00233952142298,-0.0000626570181339,-0.000559580221307,0.00152554805391,-0.00172042427585,0.000124843776575,-0.000671575253364,0.00102858489845,-0.00151930260472,0.000735285400879],[-0.000023768414394,-0.000153367131134,-0.000349270296283,-0.0000626570181339,0.00383303989656,-0.00103120168205,-0.00104985537473,0.00113092781976,-0.00179104518611,0.000722067896277,-0.000174826389411,0.000710391963366,-0.000663656624965],[0.000106270701508,-0.000264702131972,0.000718147610314,-0.000559580221307,-0.00103120168205,0.0060803075321,-0.00267861341126,-0.000304413668346,0.00171928538475,-0.00287768128328,-0.000136557573569,-0.000736343616154,0.00175982527435],[-0.0000139318744914,0.000529053620994,-0.000662283680867,0.00152554805391,-0.00104985537473,-0.00267861341126,0.00688439188525,-0.00292764767073,0.000125327627757,0.00051022216212,-0.00129621708766,-0.00124018907081,0.000738115806598],[-0.0000344487998518,0.000264944945229,0.00104174180888,-0.00172042427585,0.00113092781976,-0.000304413668346,-0.00292764767073,0.00864982977509,-0.00413733022287,0.00227646203712,-0.00211566104554,0.00503247138113,-0.00650011608377],[0.000157624992426,-0.000288840587018,-0.000377385964384,0.000124843776575,-0.00179104518611,0.00171928538475,0.000125327627757,-0.00413733022287,0.00951884873211,-0.00611031241715,0.00502586690709,-0.00432239891961,0.00342807895504],[-0.000126081766211,0.000646842934657,0.0000341047198162,-0.000671575253364,0.000722067896277,-0.00287768128328,0.00051022216212,0.00227646203712,-0.00611031241715,0.0191790629178,-0.00991827622056,0.00329294032417,-0.0020446551498],[0.00010558093345,-0.00154406367801,-0.000252177618677,0.00102858489845,-0.000174826389411,-0.000136557573569,-0.00129621708766,-0.00211566104554,0.00502586690709,-0.00991827622056,0.0164654050022,-0.00680632283911,0.00197252747603],[-0.000147048471263,0.000886934460141,-0.000343133724527,-0.00151930260472,0.000710391963366,-0.000736343616154,-0.00124018907081,0.00503247138113,-0.00432239891961,0.00329294032417,-0.00680632283911,0.0171623639762,-0.00522844772786],[-0.0000514209277753,-0.000683294318151,-0.000754212145694,0.000735285400879,-0.000663656624965,0.00175982527435,0.000738115806598,-0.00650011608377,0.00342807895504,-0.0020446551498,0.00197252747603,-0.00522844772786,0.0135873667896]],"mean":[-34.643573761,51.8655014038,2.81124281883,37.1720504761,-18.4867095947,6.82836723328,-28.8791046143,1.02474737167,-19.9030685425,3.5198469162,-7.83861255646,5.32148599625,1.51225185394]},"hfc":{"dmean":84.414352417,"dmean2":119.145271301,"dvar":46240.125,"dvar2":100073.039062,"max":2928.54150391,"mean":131.06211853,"median":29.4542121887,"min":4.3495731461e-7,"var":75349.8984375},"melbands":{"dmean":[0.0117365699261,0.00697104632854,0.000795751519036,0.000445258192485,0.00033040784183,0.000159023693413,0.0000311763578793,0.0000205497744901,0.0000317822741636,0.0000195731754502,0.0000151940957949,0.0000116380151667,0.00000809199536889,0.00000966183506534,0.0000152305137817,0.00000988959527604,0.0000113246987894,0.000011141601135,0.00000782950064604,0.00000901183193491,0.0000107031755761,0.00000843620910018,0.0000103487554952,0.0000079074579844,0.00000655226676827,0.00000654213863527,0.00000657902273815,0.00000590434001424,0.00000471563453175,0.00000434790536019,0.00000323444578498,0.00000350325649379,0.00000337040683007,0.000002913695198,0.00000232804359257,0.00000202261230697,0.00000192217976291,0.00000160948968642,0.00000149382901782,0.00000178566983777],"dmean2":[0.0161316990852,0.0116490982473,0.00137264223304,0.000747752550524,0.000533163489308,0.000244815368205,0.0000510613353981,0.000033947344491,0.0000555628212169,0.0000301785730699,0.0000228755179705,0.0000170998118847,0.0000112630586955,0.0000140274714795,0.0000205172600545,0.000014005840967,0.0000185061962839,0.0000188133963093,0.0000125843935166,0.0000147897371789,0.000017588814444,0.0000138337245517,0.0000174533943209,0.0000131311526275,0.0000108531239675,0.000010832359294,0.0000107596633825,0.00000980706954579,0.00000790830654296,0.00000714728275852,0.00000513175882588,0.00000551030734641,0.00000525948462382,0.00000447200136477,0.00000344454724654,0.0000029658024232,0.0000027621067602,0.00000222313929044,0.00000209796644413,0.00000249421555054],"dvar":[0.000463767035399,0.000118097326776,0.00000527206475454,5.03645253502e-7,2.2010870282e-7,8.02379389597e-8,6.59177512574e-9,3.72380348779e-9,1.56698032328e-8,4.24103063779e-9,4.22094315056e-9,1.61179669611e-9,2.21449836246e-9,3.39770989122e-9,3.32193916819e-9,1.49823842222e-9,2.15414686089e-9,1.94941884857e-9,7.59805718342e-10,1.17023235546e-9,1.69131242345e-9,1.02342023744e-9,1.84665283065e-9,8.84706585769e-10,6.58740895165e-10,6.48144093951e-10,5.25359755699e-10,4.79398576392e-10,3.37456007582e-10,2.51993370615e-10,1.2355973189e-10,1.44784198519e-10,1.23166310484e-10,9.59182178129e-11,4.58076111765e-11,2.73339770956e-11,1.76834137611e-11,1.23833296048e-11,1.112388133e-11,1.37187145324e-11],"dvar2":[0.00079569441732,0.000363348284736,0.0000148497183545,0.00000153007101744,6.48039474527e-7,1.99944750534e-7,1.75045222761e-8,9.75339364828e-9,4.31813198531e-8,8.62569393689e-9,7.74533681636e-9,3.09339420745e-9,4.47431824924e-9,7.00948854515e-9,5.3277124934e-9,2.65552069223e-9,5.69931657424e-9,5.27803045713e-9,2.01665173449e-9,3.07519165688e-9,4.45515091485e-9,2.73018718744e-9,5.03545027897e-9,2.27424301613e-9,1.74555003785e-9,1.70453018367e-9,1.3655161446e-9,1.28302490854e-9,9.16995368527e-10,6.72891686815e-10,3.13739090263e-10,3.65080438103e-10,3.07624842266e-10,2.41735464979e-10,1.06313402526e-10,6.17532067149e-11,3.62460443604e-11,2.45599530296e-11,2.25305711588e-11,2.73115523253e-11],"max":[0.29522550106,0.107519999146,0.0338848680258,0.0130307069048,0.00818849634379,0.00648438371718,0.00153766514268,0.00185622484423,0.00289357244037,0.00247341720387,0.00474706618115,0.00205571926199,0.00397478928789,0.00382430572063,0.0018455212703,0.00122591899708,0.000934896990657,0.000780723523349,0.00111721933354,0.000585787522141,0.000777546316385,0.00064589525573,0.000741157215089,0.000553474819753,0.000491561077069,0.000438060698798,0.000379144970793,0.000479717244161,0.00039820742677,0.00026240706211,0.000201515416848,0.000272623175988,0.000224894305575,0.00038430391578,0.000164418263012,0.00016600539675,0.0000855319958646,0.000106756466266,0.000129072563141,0.000117087991384],"mean":[0.0330787822604,0.0156961902976,0.00177682342473,0.00117764528841,0.00112808682024,0.000427618797403,0.0000497170949529,0.0000420347387262,0.000038629903429,0.0000392125657527,0.0000334718824888,0.0000242788173637,0.0000190575738088,0.0000201762632059,0.0000383824153687,0.0000224982686632,0.0000128398924062,0.00001171383974,0.0000103240727185,0.00000968426411418,0.0000121687216961,0.00000953278686211,0.00000999933672574,0.00000729128714738,0.00000605148125032,0.00000608257460044,0.00000739786310078,0.00000655642952552,0.00000468070402349,0.00000454284054285,0.00000342832026945,0.00000360536114385,0.00000369082931684,0.0000033697924664,0.00000295634799841,0.00000283732742901,0.00000288428145723,0.00000276323203252,0.00000278314541902,0.00000346375600202],"median":[0.0145647600293,0.0128152063116,0.00109857250936,0.000898147176486,0.000795759202447,0.000296488840831,0.0000142062554005,0.00000623486721452,0.00000365936944036,0.00000209940571949,0.00000176446360456,0.00000129852435293,0.00000136277583351,6.88181387432e-7,8.04646845154e-7,5.01080478443e-7,5.26613064267e-7,5.61878835015e-7,8.34836669128e-7,8.29212410736e-7,5.35473759555e-7,5.11522273428e-7,5.81674157729e-7,3.85955644333e-7,3.41123353564e-7,4.5273145588e-7,5.86976625527e-7,5.9241932604e-7,5.40071766864e-7,5.99948691615e-7,3.97565798949e-7,2.90601661845e-7,3.75101251393e-7,3.87460346474e-7,3.63115418622e-7,4.91415107717e-7,6.19479408215e-7,7.48453089727e-7,8.6670672772e-7,9.90490320874e-7],"min":[1.20085148422e-12,9.24445632891e-13,6.11780916725e-13,3.97133714802e-13,2.12401060282e-13,5.32243621734e-14,3.04675989299e-14,1.1055634625e-13,1.07293195867e-13,9.3910258259e-14,1.43175198802e-13,1.16087301989e-13,3.42229770998e-14,1.50287700579e-14,1.34398472101e-14,2.32047318643e-14,4.74645449084e-14,3.61352183527e-14,1.74402017079e-14,3.06783170102e-14,7.25082988036e-15,1.58492315816e-14,3.5333599924e-14,5.75580842753e-14,1.20018659724e-13,4.01890807688e-14,1.45371910988e-14,1.29982677589e-14,2.20054196084e-14,2.34682505905e-14,2.63314066054e-14,1.90197368895e-14,1.95906032146e-14,2.32956100292e-14,2.98237082003e-14,1.9055562995e-14,4.99214520633e-14,9.64256344042e-14,2.91625075054e-14,4.78579341141e-14],"var":[0.00237670331262,0.00018537035794,0.00000513039958605,0.00000122497704069,0.00000122000153624,2.20178819177e-7,9.81917924747e-9,7.88974663379e-9,1.46753844632e-8,1.6748259668e-8,2.54403715871e-8,6.78631240092e-9,5.2510080728e-9,2.13115320946e-8,2.46129037151e-8,1.01563184529e-8,2.78644596285e-9,1.99630334485e-9,1.31022792615e-9,1.05961384111e-9,1.97564586912e-9,9.53219392308e-10,1.39389755294e-9,7.30692062412e-10,5.18432352603e-10,5.05785080485e-10,5.58844526211e-10,4.70699645927e-10,2.5475704879e-10,2.00637076397e-10,1.14747572555e-10,1.39203454319e-10,1.22863941243e-10,9.61014740009e-11,5.62526587811e-11,3.77585289424e-11,3.06448269538e-11,2.51318375832e-11,2.3054096826e-11,3.53280911469e-11]},"melbands_crest":{"dmean":2.76207542419,"dmean2":4.35926389694,"dvar":9.3760881424,"dvar2":21.9759540558,"max":37.1870613098,"mean":24.4826812744,"median":24.5686531067,"min":3.09619021416,"var":43.3223495483},"melbands_flatness_db":{"dmean":0.0464889779687,"dmean2":0.0651796758175,"dvar":0.0030628987588,"dvar2":0.00571827311069,"max":1,"mean":0.411118656397,"median":0.413408219814,"min":0.0170855261385,"var":0.0284029711038},"melbands_kurtosis":{"dmean":79.3780975342,"dmean2":110.863960266,"dvar":22795.71875,"dvar2":39226.3242188,"max":4130.3203125,"mean":183.354476929,"median":78.8019256592,"min":-1.90219664574,"var":111772.125},"melbands_skewness":{"dmean":2.07386946678,"dmean2":2.93044877052,"dvar":6.14312505722,"dvar2":11.6153335571,"max":49.5804100037,"mean":7.69585895538,"median":6.11772060394,"min":-2.58551001549,"var":36.4961433411},"melbands_spread":{"dmean":4.8500084877,"dmean2":7.29118919373,"dvar":180.655075073,"dvar2":380.82522583,"max":312.150756836,"mean":11.9468688965,"median":2.25103545189,"min":0.0705039724708,"var":966.584594727},"mfcc":{"cov":[[14855.1074219,-1669.03259277,-1431.33081055,-116.125587463,-402.136810303,-497.224090576,-126.312583923,-34.4412117004,80.6218032837,123.854743958,-156.929595947,-250.30456543,-338.725067139],[-1669.03259277,3198.17919922,392.47756958,79.7631988525,349.396392822,51.2143630981,263.539978027,-175.770614624,-163.459136963,-165.688247681,-60.5565605164,248.430023193,244.029525757],[-1431.33081055,392.47756958,1578.05505371,563.775390625,315.317260742,231.516342163,-33.8683776855,-13.1108112335,-38.6783943176,-114.089370728,-40.9908485413,-15.1617794037,46.718120575],[-116.125587463,79.7631988525,563.775390625,569.709350586,268.632415771,53.1636772156,-86.0313110352,20.1840419769,40.7484970093,-16.2594356537,-27.1086883545,-36.5562438965,-26.4843044281],[-402.136810303,349.396392822,315.317260742,268.632415771,346.624481201,82.1508865356,-20.6312122345,-0.514299452305,24.0753250122,-16.9131259918,-7.89410066605,4.87394523621,20.831495285],[-497.224090576,51.2143630981,231.516342163,53.1636772156,82.1508865356,347.550048828,41.9952125549,47.5296478271,-81.5249938965,-24.7111968994,76.8191757202,7.02635288239,29.4478702545],[-126.312583923,263.539978027,-33.8683776855,-86.0313110352,-20.6312122345,41.9952125549,337.382019043,37.4445915222,8.17473316193,0.449134707451,26.4925079346,79.6436157227,26.6036510468],[-34.4412117004,-175.770614624,-13.1108112335,20.1840419769,-0.514299452305,47.5296478271,37.4445915222,154.21723938,78.8077774048,51.6281318665,46.2293434143,8.75767230988,9.07931423187],[80.6218032837,-163.459136963,-38.6783943176,40.7484970093,24.0753250122,-81.5249938965,8.17473316193,78.8077774048,218.508666992,113.843826294,4.511739254,-14.4129142761,-4.12552452087],[123.854743958,-165.688247681,-114.089370728,-16.2594356537,-16.9131259918,-24.7111968994,0.449134707451,51.6281318665,113.843826294,153.655288696,55.4170837402,-7.93014335632,-7.78987216949],[-156.929595947,-60.5565605164,-40.9908485413,-27.1086883545,-7.89410066605,76.8191757202,26.4925079346,46.2293434143,4.511739254,55.4170837402,138.332366943,61.6220436096,23.4914894104],[-250.30456543,248.430023193,-15.1617794037,-36.5562438965,4.87394523621,7.02635288239,79.6436157227,8.75767230988,-14.4129142761,-7.93014335632,61.6220436096,187.017700195,88.4695205688],[-338.725067139,244.029525757,46.718120575,-26.4843044281,20.831495285,29.4478702545,26.6036510468,9.07931423187,-4.12552452087,-7.78987216949,23.4914894104,88.4695205688,114.250610352]],"icov":[[0.0000837066909298,0.0000281605025521,0.0000853823003126,-0.0000979951291811,0.0000453142783954,0.0000439698160335,-0.0000269968077191,0.0000192728748516,0.0000526117619302,-0.0000459604998468,0.0000924178530113,-0.00000517765465702,0.0000993240391836],[0.0000281605025521,0.000553733494598,-0.00000362019318345,0.0000442653581558,-0.000587082642596,0.000167558391695,-0.000444213772425,0.00048891681945,0.000357091717888,-0.0000566996532143,0.000316642486723,-0.00017869513249,-0.000876763486303],[0.0000853823003126,-0.00000362019318345,0.00130302261095,-0.00127809960395,0.000149899351527,-0.000652120157611,-0.000141352589708,0.000426722574048,-0.000320799532346,0.000669188622851,0.000215875494177,0.000277429411653,-0.000653638271615],[-0.0000979951291811,0.0000442653581558,-0.00127809960395,0.00436095008627,-0.00253064441495,0.000449117476819,0.000807418371551,-0.00101748958696,-0.000114693903015,-0.000162306358106,0.000219202804146,-0.000637227203697,0.00182011572178],[0.0000453142783954,-0.000587082642596,0.000149899351527,-0.00253064441495,0.00588200520724,-0.00144819321577,0.000344142521499,0.000776318483986,-0.00177890888881,0.00065613060724,-0.0000456181187474,0.0000542349334864,-0.000152766733663],[0.0000439698160335,0.000167558391695,-0.000652120157611,0.000449117476819,-0.00144819321577,0.00549296615645,-0.000819333421532,-0.00210812245496,0.00310042593628,-0.0000339122416335,-0.00302121369168,0.00212254025973,-0.00156293495093],[-0.0000269968077191,-0.000444213772425,-0.000141352589708,0.000807418371551,0.000344142521499,-0.000819333421532,0.00406456086785,-0.00118384929374,-0.00077467400115,0.000183393858606,0.00053931993898,-0.00207842560485,0.00189285632223],[0.0000192728748516,0.00048891681945,0.000426722574048,-0.00101748958696,0.000776318483986,-0.00210812245496,-0.00118384929374,0.0109053021297,-0.0045762816444,0.000924133113585,-0.00217646337114,0.000402990553994,-0.00155342649668],[0.0000526117619302,0.000357091717888,-0.000320799532346,-0.000114693903015,-0.00177890888881,0.00310042593628,-0.00077467400115,-0.0045762816444,0.0119098527357,-0.00797133427113,0.0028523360379,0.000311815470923,-0.00137424608693],[-0.0000459604998468,-0.0000566996532143,0.000669188622851,-0.000162306358106,0.00065613060724,-0.0000339122416335,0.000183393858606,0.000924133113585,-0.00797133427113,0.0152917234227,-0.0070798988454,0.00233892397955,-0.000154081077198],[0.0000924178530113,0.000316642486723,0.000215875494177,0.000219202804146,-0.0000456181187474,-0.00302121369168,0.00053931993898,-0.00217646337114,0.0028523360379,-0.0070798988454,0.0150422696024,-0.00604452658445,0.00160255341325],[-0.00000517765465702,-0.00017869513249,0.000277429411653,-0.000637227203697,0.0000542349334864,0.00212254025973,-0.00207842560485,0.000402990553994,0.000311815470923,0.00233892397955,-0.00604452658445,0.0121615258977,-0.00800351705402],[0.0000993240391836,-0.000876763486303,-0.000653638271615,0.00182011572178,-0.000152766733663,-0.00156293495093,0.00189285632223,-0.00155342649668,-0.00137424608693,-0.000154081077198,0.00160255341325,-0.00800351705402,0.0175302941352]],"mean":[-726.897521973,111.024627686,75.1291122437,49.321346283,38.7170791626,16.5423336029,14.2166595459,1.54050445557,4.81016159058,-1.56889104843,-6.44418334961,-0.679024279118,2.11207699776]},"pitch_salience":{"dmean":0.0756282433867,"dmean2":0.118629686534,"dvar":0.00725893024355,"dvar2":0.016305025667,"max":0.894960105419,"mean":0.342509776354,"median":0.320209592581,"min":0.00906007643789,"var":0.0320545211434},"silence_rate_20dB":{"dmean":0.0417640656233,"dmean2":0.0835346356034,"dvar":0.0400178357959,"dvar2":0.0837154611945,"max":1,"mean":0.901908814907,"median":1,"min":0,"var":0.088480964303},"silence_rate_30dB":{"dmean":0.0931899622083,"dmean2":0.186394453049,"dvar":0.0845003649592,"dvar2":0.190457731485,"max":1,"mean":0.41332295537,"median":0,"min":0,"var":0.2424993366},"silence_rate_60dB":{"dmean":0.0138694094494,"dmean2":0.0277409795672,"dvar":0.0136784417555,"dvar2":0.0296145435423,"max":1,"mean":0.0564861707389,"median":0,"min":0,"var":0.0533078610897},"spectral_centroid":{"dmean":227.398666382,"dmean2":325.37286377,"dvar":165791.640625,"dvar2":323947.5,"max":10967.2880859,"mean":833.932739258,"median":431.628173828,"min":46.1805000305,"var":923245.125},"spectral_complexity":{"dmean":3.02134943008,"dmean2":4.39117908478,"dvar":48.4693946838,"dvar2":86.5335922241,"max":60,"mean":8.76151180267,"median":6,"min":0,"var":91.35105896},"spectral_contrast_coeffs":{"dmean":[0.0424755513668,0.055370029062,0.0364768914878,0.0275787897408,0.0198296532035,0.018699657172],"dmean2":[0.0704563707113,0.0917089432478,0.0593040846288,0.0447827763855,0.0314136780798,0.029327314347],"dvar":[0.00145993230399,0.00275723310187,0.00105844798964,0.000615379831288,0.000339233927662,0.000533227575943],"dvar2":[0.00375355035067,0.00691819936037,0.00262359413318,0.00149610720109,0.000782623596024,0.00124961195979],"max":[-0.273162692785,-0.326403439045,-0.416491091251,-0.452544033527,-0.579300105572,-0.634616494179],"mean":[-0.619293034077,-0.613439023495,-0.774267733097,-0.796217560768,-0.820246398449,-0.82882386446],"median":[-0.635297179222,-0.59262573719,-0.79289495945,-0.809458971024,-0.830678701401,-0.832386672497],"min":[-0.980601966381,-0.965150475502,-0.96633297205,-0.971412837505,-0.971209764481,-0.957778930664],"var":[0.0115988822654,0.0150287346914,0.00930108316243,0.00666499463841,0.00307696382515,0.00148634146899]},"spectral_contrast_valleys":{"dmean":[0.359898746014,0.565296769142,0.47454944253,0.443193078041,0.404616624117,0.341739118099],"dmean2":[0.577908337116,0.931805670261,0.754660844803,0.658677875996,0.562154352665,0.428539633751],"dvar":[0.158060401678,0.364774823189,0.289388090372,0.332073301077,0.310530483723,0.17118729651],"dvar2":[0.34651517868,0.853951692581,0.637680113316,0.660294651985,0.618526637554,0.287180840969],"max":[-4.65236139297,-5.02159261703,-5.54671192169,-5.50285100937,-5.03217601776,-7.31794118881],"mean":[-6.78051614761,-8.43048095703,-9.1723651886,-9.26271152496,-8.68512248993,-9.96497154236],"median":[-6.26122903824,-8.31659603119,-9.11368179321,-9.19823455811,-8.57296562195,-9.67371749878],"min":[-27.7781276703,-27.0711402893,-27.0186767578,-27.4888267517,-27.3433494568,-27.2866382599],"var":[2.47605800629,1.60326480865,1.48530244827,1.77499163151,2.0192360878,2.0084631443]},"spectral_decrease":{"dmean":1.23050822864e-8,"dmean2":1.80263466376e-8,"dvar":3.3108855606e-16,"dvar2":6.76268140473e-16,"max":2.03532621867e-8,"mean":-3.65279824166e-8,"median":-2.73050879684e-8,"min":-2.44003445005e-7,"var":1.54631306708e-15},"spectral_energy":{"dmean":0.046521268785,"dmean2":0.0679640471935,"dvar":0.00453578773886,"dvar2":0.00938526075333,"max":0.925295591354,"mean":0.149752616882,"median":0.116440057755,"min":5.19037035573e-11,"var":0.022029446438},"spectral_energyband_high":{"dmean":0.00489964196458,"dmean2":0.00681725190952,"dvar":0.000144097677548,"dvar2":0.000304867251543,"max":0.161591470242,"mean":0.00729753775522,"median":0.000900984217878,"min":3.12376652323e-11,"var":0.000253198202699},"spectral_energyband_low":{"dmean":0.0448315665126,"dmean2":0.0654592216015,"dvar":0.0048055164516,"dvar2":0.00982625223696,"max":0.91897881031,"mean":0.129468947649,"median":0.0916063934565,"min":7.01549452212e-12,"var":0.0220814589411},"spectral_energyband_middle_high":{"dmean":0.00117338739801,"dmean2":0.0018427320756,"dvar":0.0000128114970721,"dvar2":0.0000329150243488,"max":0.0436586141586,"mean":0.00181517237797,"median":0.000222137852688,"min":6.14982283847e-12,"var":0.0000167194939422},"spectral_energyband_middle_low":{"dmean":0.00381113542244,"dmean2":0.00636613834649,"dvar":0.0000460515366285,"dvar2":0.000130973669002,"max":0.12238624692,"mean":0.0114776995033,"median":0.0088977990672,"min":5.153401577e-12,"var":0.000101471414382},"spectral_entropy":{"dmean":0.319411993027,"dmean2":0.424757421017,"dvar":0.155178889632,"dvar2":0.277945995331,"max":9.77975463867,"mean":7.01800012589,"median":7.16825151443,"min":3.15306282043,"var":1.40792238712},"spectral_flux":{"dmean":0.0543597899377,"dmean2":0.0847542062402,"dvar":0.00512943603098,"dvar2":0.0122822029516,"max":0.757253408432,"mean":0.123583339155,"median":0.0968689918518,"min":0.000164977696841,"var":0.0100981481373},"spectral_kurtosis":{"dmean":2.55068421364,"dmean2":3.73783779144,"dvar":31.071056366,"dvar2":69.5508804321,"max":200.603088379,"mean":9.28510284424,"median":3.13920783997,"min":-1.23639190197,"var":298.074005127},"spectral_rms":{"dmean":0.00182221096475,"dmean2":0.00269322004169,"dvar":0.00000517799162481,"dvar2":0.0000114365775516,"max":0.0300454217941,"mean":0.0106901600957,"median":0.010658333078,"min":2.25028358614e-7,"var":0.0000318208440149},"spectral_rolloff":{"dmean":1623.87255859,"dmean2":2907.95678711,"dvar":18047350,"dvar2":38655900,"max":19509.0820312,"mean":3156.03735352,"median":193.798828125,"min":64.599609375,"var":38675324},"spectral_skewness":{"dmean":0.330676674843,"dmean2":0.463301450014,"dvar":0.2228436023,"dvar2":0.447447001934,"max":12.7803163528,"mean":2.24393129349,"median":1.71181809902,"min":0.00425060559064,"var":2.55311870575},"spectral_spread":{"dmean":1818250.125,"dmean2":2254426.25,"dvar":5032015560700,"dvar2":7642053869570,"max":38828276,"mean":9914302,"median":8842528,"min":607565.5,"var":32112889561100},"spectral_strongpeak":{"dmean":0.54738432169,"dmean2":0.928607463837,"dvar":9.05851650238,"dvar2":24.3754482269,"max":83.274055481,"mean":1.10120093822,"median":0.7576816082,"min":0,"var":8.64752006531},"zerocrossingrate":{"dmean":0.0337191410363,"dmean2":0.0368822999299,"dvar":0.00247011356987,"dvar2":0.0027508973144,"max":0.7724609375,"mean":0.103878177702,"median":0.0439453125,"min":0.001953125,"var":0.0202033761889}},"metadata":{"audio_properties":{"analysis_sample_rate":44100,"bit_rate":0,"codec":"flac","downmix":"mix","equal_loudness":0,"length":297.986663818,"lossless":true,"md5_encoded":"162e7e0b1579081a87e9f8cef36ea583","replay_gain":-7.31168365479,"sample_rate":44100},"tags":{"acoustid_fingerprint":["AQADtI-iZEElFz8XxPvh8XgOHcGD6nhufJOVINeNhx20HOGDD-FxuQvU6MQv3DvEX_iR7_iR48ekS4K85EG8onlCnIS7D5eIqc-R-7C1vNCRo7xg5GlgOcITPBqhn_iFvyvywz6OKhzeRDFy47mh_yj7oHk65NuNJ8hpHF2OE09F4h2uG_ZwQKO2HVduxImOLXiO38dk9WhsI2_wHmLH4S8eBOXh42kQp9nhWMKjRPjkBfqPv3hywcBRxdEQscG3HDn2Qz9c9cE1C5fwosohRi6R8qTw9_jgSsdD_JiOk-CWo1vQ5PhYJDyyL9dxNN4xscfxF9fxG30EH18YOJISvAxiRzked4R-5A5cHUc_SbjxHGd4PEh2pKdQPhWuXfgu4Qr-I7xSPF9wGjfEtxKM50fTIZexHp-K-xP-Y3pgBh9-pDlh9LxwQ_XxD6UUVjAVws-HG89ifBe0RaJUHKE5w1-PfseFHw_6IEx3yKFkhLqD3sMTEVeOX8iZC3UuEZdM6MZb_HigpTveQemPT8RlUrgQPtgDbzhyCg78oTtUa8eXo8xyNLtQK4vRHOXC9BCfHQ2f4-KPWh-aG6-2JHiHCw191ImeounQ_RB-NE2OWseTtHiiFlenomJ86OTxGy8OewgvHuuHH8-p4EsVjH-G5qiPfCf-QE_Uo8edkCE6_LpwNMsFT-LRZymOZlJ2mOOJUkd16tBSG2-n4MyAH6704EqSHH6C_zjxw02gbi-eNMWVKCu-JCjf4nuKz4R8uOlRz3hwCftwKyH-R5jOwnmEixTKHT1cB_-M5h9-_MHJo1kmaxCrRMcveEt2mBEjlD9-qdByyUHlafjxBmj-GM_hNkN_yOJweMry4DrxGs-NJ2w01CIN2cc9B8fTIe1y9MG-IE8qEWw5JQEjH_6NMhHxC_uD8nnQRBlxpQyaE1Ue6HzxHGUvtFyMS5LxHfWG9ocuXSpqSUeTa8Ir4cHR7nD3GA8Dv-jKHfhyiOaJS8dvPFo4lPpU_MZn4hT09HDRL7hE7MHDZBX-KqiwH2lPnEc59HDFHGmckijUHGeOfoQXeFL2ALa2Cc1-fC908UKT50WvCHeE80AaKke_HGFCKvhw4znE9LgkPC2elUGd_LjoBSrupDhcI9yiFE-OS3hmzM-Gf10wPSaa6si3409xVErEHH55iKqeobqOBz28XGjG0Lgu9CEu5WhHQ_eLJl4cdFeOByd-NM-DK8eboznu4fgJM9mh_vgjGk-8DKWcQz_uDBeeHu7QB2sl4g_OrAruohe2_MEv1Ea5w_UZ9FnQxCZ6_DpULznOQ2OiQ88ePDTESXnR0MIlveg9otFEB-8SvMNRNJqSvNCaFM15_DiuPXCY40mON7FxcUKdq9B54Tf-4rAnhLqy41LwYFSWJQxOagjPFluVET2OS0dp3fjEmKg7qM6FP-gP7xHMEaWUpfhQK9Ghk0e1_EN5Dq7Rt8E7Ci-uw8-DJ4K75TiPE3rg4nmIJ_HxKCseo5Q_PMZN6HDTox7-CR9mShnOGb-aBNUvpDtqkfiRn6jouPAzY1N99FCvvDjK-MKl6OgjGc2kGD5zlHmhX0Xzo3oyIT_eAA1_PA_cBuEP-TiP74GrHT_-Bme0pihPQe7xHcdnuFGOPoguZXgunGETvB_6B2GeHZeO6xEuYWKi9hDfovmLH8-FH14ifWjGLA56GoeWacsLZ0-OLif6ozneCWfm4MdzdFF2NFUOnzmuCw-