{"lowlevel":{"average_loudness":0.94967675209,"barkbands":{"dmean":[0.00263197440654,0.00471744174138,0.00115552940406,0.000816213199869,0.00142067554407,0.0013832161203,0.00122845626902,0.00103190052323,0.00100896961521,0.00146980106365,0.0017340030754,0.00112150982022,0.00101355882362,0.000632205163129,0.000733455293812,0.000385336112231,0.000225201176363,0.000193573607248,0.00016052974388,0.000109181426524,0.0000685288396198,0.0000463826472696,0.0000199134228751,0.00000393991831515,0.0000020473053155,0.00000626715609542,0.0000499116285937],"dmean2":[0.00383398449048,0.00760267814621,0.00192222837359,0.00142094306648,0.00228457245976,0.00222291587852,0.00192825030535,0.00168406567536,0.00164278713055,0.00236245244741,0.00280994107015,0.00179188803304,0.00163733144291,0.00101739272941,0.00116416905075,0.00060833414318,0.000362230784958,0.000302701198962,0.000244626950007,0.000166796176927,0.000104934537376,0.0000708115112502,0.0000293797638733,0.0000064366558945,0.00000346465344592,0.00000940338486544,0.0000666148407618],"dvar":[0.000664061401039,0.0000710622261977,0.00000306099150293,0.00000233093214774,0.00000590325771554,0.00000731726322556,0.00000627929648545,0.00000441784004579,0.00000495420363222,0.00000489041212859,0.00000969684242591,0.00000433092282037,0.00000264928530669,0.00000101027785604,0.00000130174851165,2.86765725832e-7,1.54973008648e-7,1.25679051166e-7,1.01510650552e-7,4.58012650029e-8,1.16111440462e-8,4.62478899621e-9,1.0923896232e-9,3.31564602163e-11,1.06527555874e-11,9.13443903849e-11,5.50270717881e-9],"dvar2":[0.00146099855192,0.000174635468284,0.00000807741525932,0.00000647512024443,0.0000144527357406,0.0000170314669958,0.0000143523329825,0.000011411117157,0.000011793651538,0.0000120949634947,0.0000247662082984,0.0000102030435301,0.00000682706104271,0.00000242977648668,0.00000296420557788,6.84933922912e-7,3.72664743509e-7,2.655438891e-7,2.00559796326e-7,9.46261664581e-8,2.52935059564e-8,1.05757891333e-8,2.2789874432e-9,8.15502179674e-11,2.75167562347e-11,1.87039245203e-10,9.02647467882e-9],"max":[1.39177918434,0.129502996802,0.0261643715203,0.0291372016072,0.0511386618018,0.0783438980579,0.0535503141582,0.0447736755013,0.0516606532037,0.0361794345081,0.0431429855525,0.0389550030231,0.0271962340921,0.0269924364984,0.0221387315542,0.00941780954599,0.0170208290219,0.010745504871,0.0149353444576,0.00805163942277,0.00249572983012,0.00109183508903,0.000563840614632,0.0000883823813638,0.0000421009972342,0.000172708372702,0.00197173585184],"mean":[0.00325220008381,0.00882051698864,0.00178740080446,0.000901313673239,0.00219483952969,0.00196285545826,0.00200129044242,0.00160321232397,0.00156605592929,0.00231655687094,0.00270061194897,0.00207960885018,0.00175231066532,0.00117028388195,0.00131181930192,0.000701925717294,0.000456372916233,0.000417765957536,0.000355870375643,0.000243816146394,0.00017585970636,0.000130044471007,0.0000516428954143,0.00000553234895051,0.00000187998239198,0.0000150717196448,0.000175542445504],"median":[0.000340217433404,0.00321642076597,0.000844923022669,0.000439554802142,0.00105831981637,0.000892489275429,0.000719030038454,0.000627870904282,0.00073094421532,0.0013866891386,0.000980895012617,0.000846082228236,0.000962956808507,0.000660297926515,0.000821438035928,0.000502231065184,0.000348348752595,0.000300793763017,0.000242661451921,0.000161134812515,0.000119408330647,0.0000843678717501,0.0000265109138127,0.00000268086250799,6.22687252871e-7,0.00000836510207591,0.000146794802276],"min":[2.07227079136e-25,2.10313768598e-24,1.55896644521e-24,5.48565984882e-25,7.00181422105e-24,5.18532906372e-24,8.7115897693e-24,8.88372000768e-24,1.81433559025e-23,1.71612130315e-23,1.58965064951e-23,2.16550980176e-23,1.90828750412e-23,2.2176222687e-23,3.48069633636e-23,6.75630713894e-23,6.50818955832e-23,8.43174167872e-23,1.12307993996e-22,1.48881832238e-22,2.0292594817e-22,2.9908725948e-22,3.4880791278e-22,5.55272249209e-22,8.79377102649e-22,1.29872374588e-21,1.99827570116e-21],"var":[0.00105594901834,0.000160860538017,0.00000638769915895,0.00000216088642446,0.0000117969739222,0.0000117211102406,0.0000144048235597,0.00000925895164983,0.0000101906398413,0.00000872146483744,0.0000196831551875,0.0000114303529699,0.00000504827767145,0.00000302502417071,0.00000261326317741,5.19359048212e-7,2.62766178594e-7,2.86127118443e-7,2.39789159195e-7,1.06697008562e-7,3.705073226e-8,1.98276826069e-8,4.47757964039e-9,6.28345639409e-11,1.09339820184e-11,3.63263974457e-10,2.21845368742e-8]},"barkbands_crest":{"dmean":2.43267226219,"dmean2":3.89993214607,"dvar":5.00340843201,"dvar2":12.1369333267,"max":26.9160346985,"mean":9.05955028534,"median":7.82972812653,"min":2.33693099022,"var":21.3572044373},"barkbands_flatness_db":{"dmean":0.0197491105646,"dmean2":0.0307248886675,"dvar":0.000370597408619,"dvar2":0.000822943868116,"max":0.684927046299,"mean":0.122280888259,"median":0.11147531867,"min":0.0295228082687,"var":0.00374865811318},"barkbands_kurtosis":{"dmean":10.6283149719,"dmean2":18.6740341187,"dvar":96442.703125,"dvar2":274291.78125,"max":18498.7050781,"mean":15.5594806671,"median":0.600064873695,"min":-1.63129222393,"var":62887.515625},"barkbands_skewness":{"dmean":0.527270257473,"dmean2":0.805365979671,"dvar":3.1031165123,"dvar2":7.32967281342,"max":111.579162598,"mean":1.17632591724,"median":0.677786231041,"min":-2.21433925629,"var":12.8066005707},"barkbands_spread":{"dmean":4.68322849274,"dmean2":7.27102518082,"dvar":23.4178600311,"dvar2":54.5877037048,"max":111.186569214,"mean":23.4309482574,"median":22.8659515381,"min":0.0132989324629,"var":101.060371399},"dissonance":{"dmean":0.0158991720527,"dmean2":0.0272578410804,"dvar":0.000325423490722,"dvar2":0.000917198252864,"max":0.499999970198,"mean":0.475492954254,"median":0.481635987759,"min":0.0947488546371,"var":0.000489601108711},"dynamic_complexity":3.15691661835,"erbbands":{"dmean":[0.202774524689,0.899388313293,1.44429147243,1.86591851711,4.27695465088,4.91000318527,6.61970186234,12.9031114578,16.2198104858,20.093126297,22.4053974152,20.2104740143,31.8482990265,71.7332839966,47.1205825806,42.6508750916,43.2451286316,35.7851104736,29.0719528198,34.410320282,17.8679599762,12.3392925262,9.94451904297,9.15658664703,7.74379682541,5.0594124794,3.34600901604,2.53389215469,1.72477829456,1.02023410797,0.50415456295,0.147299841046,0.0356978029013,0.0231754276901,0.0144239310175,0.00814668554813,0.01160789188,0.0141247026622,0.00580308074132,0.000992530258372],"dmean2":[0.320921391249,1.45590257645,2.33604288101,3.17665791512,7.21854639053,7.9609951973,10.5824785233,21.0850162506,25.7519741058,31.3969535828,36.7957458496,32.7514648438,50.5884666443,115.739059448,75.4794158936,67.2133255005,69.3037261963,57.4785842896,44.9650382996,54.0756568909,28.1819057465,19.544549942,15.5910844803,14.2395706177,11.8199672699,7.72320508957,5.12025976181,3.89029145241,2.64791059494,1.5508235693,0.749523758888,0.230597347021,0.0599259845912,0.0392036139965,0.0244011878967,0.0137213375419,0.0175416674465,0.0202615242451,0.00797136500478,0.00136769015808],"dvar":[0.221303597093,2.16105508804,4.88414430618,9.58049583435,65.5569229126,102.029533386,285.21862793,661.260192871,1084.53808594,2083.5378418,2161.51196289,1846.3190918,3630.72070312,11819.0517578,6083.25488281,5850.47412109,5093.18457031,3197.74316406,2002.46923828,2822.76000977,555.688110352,417.047912598,308.382293701,317.022827148,250.893112183,110.193817139,31.8284950256,14.5086317062,6.55049133301,2.75234818459,0.772972166538,0.0598246790469,0.00298482668586,0.00136163434945,0.00052922393661,0.000164816112374,0.000348628760548,0.000502572103869,0.000103668549855,0.00000515852843819],"dvar2":[0.5098772645,5.44276714325,12.0014925003,25.996339798,168.161849976,259.188079834,537.556030273,1616.99938965,2537.34863281,4618.31445312,5752.40185547,4423.00341797,8542.33007812,30013.4667969,15050.890625,13558.9765625,12901.6923828,8038.44726562,4417.97558594,6530.21386719,1309.14074707,959.577392578,649.142944336,665.798461914,519.840332031,226.136657715,70.4941101074,32.6387901306,14.919549942,5.90388202667,1.64301216602,0.13409806788,0.00767863774672,0.00351659185253,0.00136677676346,0.000424856494647,0.000714864989277,0.000938794459216,0.000185819313629,0.0000115227103379],"max":[8.81595039368,25.8695526123,40.9964942932,49.464756012,139.356216431,280.144165039,826.3125,513.127258301,672.040710449,1058.90478516,1433.99169922,970.936035156,1131.87304688,1744.38061523,1373.60412598,1341.6529541,1257.31164551,1112.4979248,1124.4552002,1203.46520996,439.971557617,880.70111084,591.989013672,578.054077148,817.187927246,410.517730713,180.120132446,66.5024185181,41.4641151428,27.0763702393,16.5361633301,4.15974855423,0.702816307545,0.476152539253,0.296637237072,0.164518862963,0.356050610542,0.382052361965,0.318578839302,0.119823791087],"mean":[0.2772744596,1.83251559734,2.77274560928,2.50580763817,5.59369516373,7.08653831482,9.21214675903,18.3092823029,26.2096385956,32.8322372437,36.3616027832,32.7165908813,52.7537651062,117.089736938,84.0975036621,83.8049697876,82.1151733398,68.1623687744,59.5270576477,61.9901390076,36.3292503357,26.6343479156,22.3299560547,20.2880477905,17.3165340424,11.5345859528,7.93023586273,6.60856533051,4.78552722931,2.7713098526,1.28009819984,0.295371472836,0.0400486178696,0.0217896401882,0.0133767984807,0.00848016422242,0.0278744325042,0.045345004648,0.0188222620636,0.00335058313794],"median":[0.102651536465,0.61709266901,1.13870024681,1.47387862206,2.46071195602,3.02448105812,4.29699134827,7.70634460449,10.1300201416,12.2014780045,16.8022956848,16.5864543915,28.5354309082,65.3078918457,40.6444702148,37.9780273438,43.5694885254,41.9732704163,37.2412872314,41.2191581726,27.8291893005,20.8841590881,16.4368057251,14.0142478943,11.897600174,7.62008905411,5.39913606644,4.5127658844,3.1143155098,1.60687088966,0.638938009739,0.137096107006,0.0204400867224,0.00775484833866,0.00458846054971,0.00390532216989,0.0146389901638,0.0282911304384,0.0136853326112,0.00281853694469],"min":[3.07112480308e-23,4.36544972172e-22,3.18432607792e-21,4.3605173342e-21,9.96374348399e-21,1.61739982266e-20,2.29818174525e-20,5.12481331783e-20,9.96182271245e-20,1.94760334385e-19,2.38519390786e-19,3.83771427471e-19,5.87541064121e-19,5.12897940006e-19,8.70231330931e-19,1.11217018297e-18,1.54454969007e-18,1.8640341396e-18,1.59734397568e-18,2.93090294914e-18,3.05956903227e-18,3.95854644045e-18,4.73987767242e-18,6.14664016554e-18,6.59811658464e-18,7.93640920256e-18,8.48146001487e-18,8.94488878023e-18,9.3098359034e-18,9.47506440358e-18,1.00674382187e-17,1.08358972796e-17,9.81847008924e-18,7.86601365089e-18,6.05221129476e-18,4.31209542837e-18,2.35403091226e-18,9.29914997066e-19,2.48839864795e-19,2.79138624678e-20],"var":[0.303764909506,7.60357189178,18.6282672882,11.4678010941,91.1475982666,177.189971924,536.613769531,1042.10046387,2246.29248047,4433.47998047,4424.94042969,3772.40673828,7152.38769531,22487.4765625,12703.8105469,16279.5585938,11037.2949219,6818.17822266,5821.6171875,5057.87353516,1149.38867188,801.069274902,724.986328125,764.822998047,538.764892578,246.975250244,85.784828186,50.4968223572,26.5512962341,10.794418335,2.91692090034,0.185041055083,0.00327533017844,0.00139944662806,0.000543484231457,0.000172752930666,0.00136181816924,0.00254302378744,0.000399837212171,0.0000139376425068]},"erbbands_crest":{"dmean":2.51660037041,"dmean2":4.09596776962,"dvar":5.73070335388,"dvar2":14.4850854874,"max":30.4905509949,"mean":8.50819683075,"median":7.80276012421,"min":2.15766167641,"var":14.2187328339},"erbbands_flatness_db":{"dmean":0.0205735713243,"dmean2":0.0322660692036,"dvar":0.000331723102136,"dvar2":0.000798453984316,"max":0.462226599455,"mean":0.174125209451,"median":0.169694393873,"min":0.0250544752926,"var":0.0023808167316},"erbbands_kurtosis":{"dmean":0.941084086895,"dmean2":1.50690662861,"dvar":1.4470051527,"dvar2":3.61174869537,"max":26.1369113922,"mean":0.988708257675,"median":0.507350087166,"min":-1.409760952,"var":3.62982034683},"erbbands_skewness":{"dmean":0.326622575521,"dmean2":0.510921001434,"dvar":0.0773745179176,"dvar2":0.180179744959,"max":3.02160835266,"mean":0.00163867813535,"median":-0.0165460631251,"min":-2.94508695602,"var":0.460283488035},"erbbands_spread":{"dmean":5.03367853165,"dmean2":7.77051258087,"dvar":26.2746295929,"dvar2":59.7481613159,"max":134.130630493,"mean":24.5415172577,"median":21.8372516632,"min":1.73806703091,"var":178.284347534},"gfcc":{"cov":[[52848.9023438,4269.20507812,-5158.95166016,85.626701355,-448.987335205,-1263.57824707,458.17590332,-1461.77392578,138.297119141,-603.870727539,-506.874725342,144.540100098,-729.327758789],[4269.20507812,1447.80212402,-603.342102051,-383.811279297,134.876480103,-124.570465088,18.9376964569,-95.3355712891,-26.1780834198,-15.6118783951,39.9145431519,-117.447814941,76.9404983521],[-5158.95166016,-603.342102051,856.720153809,209.838745117,-12.7711467743,206.811645508,-103.653900146,233.120819092,-11.1651525497,82.7172851562,17.3331031799,8.1226348877,49.8392372131],[85.626701355,-383.811279297,209.838745117,437.044250488,68.4406890869,-22.9793949127,111.098884583,-43.9786720276,76.8027038574,-37.6971893311,-61.9482002258,73.0394363403,-87.1099853516],[-448.987335205,134.876480103,-12.7711467743,68.4406890869,284.757568359,72.318572998,60.1077156067,-25.2626743317,-19.5829257965,-15.6878051758,26.6897506714,-38.124332428,38.587688446],[-1263.57824707,-124.570465088,206.811645508,-22.9793949127,72.318572998,298.274414062,-63.4283905029,138.11895752,-76.7065658569,58.7293052673,42.5963745117,-14.2549648285,54.754989624],[458.17590332,18.9376964569,-103.653900146,111.098884583,60.1077156067,-63.4283905029,218.010314941,-66.2817230225,103.546882629,-29.7045154572,-9.45278072357,55.6893920898,-53.8774299622],[-1461.77392578,-95.3355712891,233.120819092,-43.9786720276,-25.2626743317,138.11895752,-66.2817230225,271.159240723,13.1103219986,97.4506759644,40.9932746887,-29.763835907,84.7149810791],[138.297119141,-26.1780834198,-11.1651525497,76.8027038574,-19.5829257965,-76.7065658569,103.546882629,13.1103219986,161.548355103,27.6197433472,-2.43041229248,43.7840881348,-46.6375083923],[-603.870727539,-15.6118783951,82.7172851562,-37.6971893311,-15.6878051758,58.7293052673,-29.7045154572,97.4506759644,27.6197433472,93.9542999268,55.2822303772,1.58395123482,37.8613433838],[-506.874725342,39.9145431519,17.3331031799,-61.9482002258,26.6897506714,42.5963745117,-9.45278072357,40.9932746887,-2.43041229248,55.2822303772,82.4590454102,24.5623950958,37.944065094],[144.540100098,-117.447814941,8.1226348877,73.0394363403,-38.124332428,-14.2549648285,55.6893920898,-29.763835907,43.7840881348,1.58395123482,24.5623950958,96.2317276001,-12.9951534271],[-729.327758789,76.9404983521,49.8392372131,-87.1099853516,38.587688446,54.754989624,-53.8774299622,84.7149810791,-46.6375083923,37.8613433838,37.944065094,-12.9951534271,115.743637085]],"icov":[[0.000175024848431,-0.000515090301633,0.00124309281819,-0.00126028608065,0.000710082822479,-0.000408926280215,0.000596796686295,-0.000260403496213,0.000216612417717,-0.000128053987282,0.000333540869178,-0.000377501157345,0.000364052044461],[-0.000515090301633,0.00294993282296,-0.00293074175715,0.00417952379212,-0.00223062722944,0.00124150281772,-0.00195733481087,0.00128199590836,-0.00155447062571,0.00098626234103,-0.00219671428204,0.00321148335934,-0.00236048200168],[0.00124309281819,-0.00293074175715,0.0117777362466,-0.011895368807,0.00742572359741,-0.00496996985748,0.0051416340284,-0.00183806568384,-0.000858592859004,0.00220600585453,-0.00255482830107,0.00217554951087,-0.000614443386439],[-0.00126028608065,0.00417952379212,-0.011895368807,0.0237501263618,-0.0207668915391,0.0115935401991,-0.00416071573272,-0.00535209756345,0.0099425977096,-0.0176864843816,0.0266468822956,-0.024935528636,0.0139529854059],[0.000710082822479,-0.00223062722944,0.00742572359741,-0.0207668915391,0.0288925226778,-0.0157291982323,-0.00158195476979,0.0119027523324,-0.0173330996186,0.0281794462353,-0.039428498596,0.0393909402192,-0.0233630053699],[-0.000408926280215,0.00124150281772,-0.00496996985748,0.0115935401991,-0.0157291982323,0.0152678349987,-0.00120342487935,-0.00942470971495,0.0155299063772,-0.018957098946,0.0215835627168,-0.02272288315,0.0146543812007],[0.000596796686295,-0.00195733481087,0.0051416340284,-0.00416071573272,-0.00158195476979,-0.00120342487935,0.0131007926539,-0.00198912015185,-0.00457111792639,0.00215564877726,0.00291477376595,-0.00772276846692,0.00399752659723],[-0.000260403496213,0.00128199590836,-0.00183806568384,-0.00535209756345,0.0119027523324,-0.00942470971495,-0.00198912015185,0.0175809469074,-0.0146560808644,0.0102271679789,-0.0198428854346,0.0250853598118,-0.0189624931663],[0.000216612417717,-0.00155447062571,-0.000858592859004,0.0099425977096,-0.0173330996186,0.0155299063772,-0.00457111792639,-0.0146560808644,0.034730874002,-0.0354654416442,0.0380054712296,-0.0375308170915,0.0262046214193],[-0.000128053987282,0.00098626234103,0.00220600585453,-0.0176864843816,0.0281794462353,-0.018957098946,0.00215564877726,0.0102271679789,-0.0354654416442,0.0701448321342,-0.0686431974173,0.0531680136919,-0.0313952304423],[0.000333540869178,-0.00219671428204,-0.00255482830107,0.0266468822956,-0.039428498596,0.0215835627168,0.00291477376595,-0.0198428854346,0.0380054712296,-0.0686431974173,0.100416749716,-0.0799095481634,0.0394081436098],[-0.000377501157345,0.00321148335934,0.00217554951087,-0.024935528636,0.0393909402192,-0.02272288315,-0.00772276846692,0.0250853598118,-0.0375308170915,0.0531680136919,-0.0799095481634,0.0886185914278,-0.0449236780405],[0.000364052044461,-0.00236048200168,-0.000614443386439,0.0139529854059,-0.0233630053699,0.0146543812007,0.00399752659723,-0.0189624931663,0.0262046214193,-0.0313952304423,0.0394081436098,-0.0449236780405,0.0427305884659]],"mean":[-20.9351844788,98.2231750488,-125.383270264,1.01171875,-15.4025125504,-14.6771736145,8.597864151,-18.9263038635,1.93634939194,-5.526283741,-8.03173446655,4.82452821732,-10.5894145966]},"hfc":{"dmean":10.5748300552,"dmean2":16.3115215302,"dvar":8587.4453125,"dvar2":26844.3359375,"max":5378.69335938,"mean":35.5936355591,"median":30.4332103729,"min":1.06268184462e-16,"var":12998.3515625},"melbands":{"dmean":[0.00158485712018,0.00087343720952,0.00037997335312,0.000320209539495,0.00022439796885,0.000284438458038,0.000250687240623,0.000215001302422,0.000176687753992,0.000141278127558,0.000164325276273,0.000291355856461,0.000200942042284,0.000126063168864,0.000108736021502,0.000098699805676,0.0000668749125907,0.0000473832042189,0.0000618754565949,0.0000339145371981,0.00002044559551,0.0000147489981828,0.00000995430946205,0.0000100490342447,0.00000793216531747,0.00000648713421469,0.00000525033601662,0.00000323027961713,0.00000246030458584,0.00000177157187409,0.00000153629673605,0.00000119565356727,8.3545387497e-7,5.47816853214e-7,3.5893233985e-7,1.85310796041e-7,5.8827701821e-8,2.45695517265e-8,2.14297646295e-8,1.88830480141e-8],"dmean2":[0.00249613309279,0.00139673764352,0.000647173495963,0.000518514891155,0.00036073703086,0.000462023221189,0.000394651404349,0.000337644421961,0.000291365606245,0.000229259501793,0.000261888082605,0.000471216393635,0.000325117725879,0.000203611125471,0.000172892396222,0.000159709088621,0.000107812258648,0.000074349642091,0.0000987091552815,0.0000530668803549,0.0000331016635755,0.0000238527081819,0.0000158879829542,0.0000160549534485,0.0000125963470055,0.0000100105899037,0.00000820034074422,0.00000503189085066,0.00000386103920391,0.00000279113237411,0.00000241155817093,0.0000018897294467,0.00000130799878661,8.44279554713e-7,5.47127683603e-7,2.90025809591e-7,9.58622834446e-8,4.15405523313e-8,3.6257070235e-8,3.19518420611e-8],"dvar":[0.0000111950776045,0.00000181842381153,4.20194652406e-7,3.30638869173e-7,2.46487445565e-7,3.07254822474e-7,2.43597469307e-7,2.20960245656e-7,1.31596863184e-7,1.02936127178e-7,9.37138295853e-8,1.89700074316e-7,1.20969716022e-7,6.3728123223e-8,3.25595266304e-8,2.61642298938e-8,1.14164615539e-8,5.76556136167e-9,1.00497077327e-8,2.43969577873e-9,7.45291550697e-10,5.59588153592e-10,3.64738794723e-10,3.28545995965e-10,2.41126951739e-10,1.7757940951e-10,9.95423535266e-11,4.74246648896e-11,1.8605178162e-11,7.74672340165e-12,5.05520581992e-12,3.10230942498e-12,1.77890319662e-12,7.97261724955e-13,3.99062212312e-13,1.10943711358e-13,8.24377441717e-15,1.52419597804e-15,1.16387599733e-15,9.05304790619e-16],"dvar2":[0.0000255743998423,0.00000432986553278,0.00000114392719297,8.13635949726e-7,4.91598029839e-7,7.49627645291e-7,5.66320750295e-7,4.99144050536e-7,3.51462205117e-7,2.45008578759e-7,2.21609354867e-7,4.80938467717e-7,3.05794912947e-7,1.58954719609e-7,7.51242126285e-8,6.58003784793e-8,2.8610354974e-8,1.28074848504e-8,2.34595347592e-8,5.78335956902e-9,1.82327919429e-9,1.32508226613e-9,8.49995851482e-10,7.27228777198e-10,5.43794564933e-10,3.6005515236e-10,2.25169924373e-10,1.03344686975e-10,4.41765443671e-11,1.81390128612e-11,1.17049894083e-11,7.49446772003e-12,4.25134493581e-12,1.78924442536e-12,9.12383883722e-13,2.45854823045e-13,2.0133864736e-14,3.9333550387e-15,3.00572711828e-15,2.33861222759e-15],"max":[0.0768825933337,0.0252164099365,0.0111821247265,0.0123257581145,0.0214342325926,0.0105522125959,0.00946209579706,0.0100088790059,0.0126126566902,0.00759413512424,0.00594661850482,0.00682499166578,0.00465711206198,0.00512045156211,0.00334590952843,0.00314639951102,0.00215221894905,0.00211803545244,0.00223621306941,0.000890221446753,0.000488741789013,0.000904174463358,0.000760637689382,0.000587305694353,0.000487534038257,0.000707389437594,0.000363673723768,0.000233812141232,0.000140367628774,0.0000521669790032,0.0000380244164262,0.0000257898154814,0.0000261125132965,0.0000142421649798,0.0000114732720249,0.00000546641285837,0.00000140051827202,4.99781435792e-7,4.39322604961e-7,3.88399712392e-7],"mean":[0.00264972727746,0.00190148164984,0.000528767355718,0.00046913526603,0.00032195757376,0.000407746905694,0.000414381385781,0.000353997660568,0.000279996718746,0.000216837303014,0.000261991401203,0.000467133097118,0.000331861461746,0.000213513922063,0.000211461956496,0.000169441613252,0.000120459269965,0.0000908740839805,0.000103504506114,0.0000597093057877,0.0000384244376619,0.0000283969857264,0.0000203250529012,0.0000201868479053,0.0000159249048011,0.0000132530367409,0.0000109933080239,0.00000668262555337,0.00000515707233717,0.00000402782325182,0.00000377474202651,0.00000296503071695,0.00000198015845854,0.00000134123308726,8.28227598504e-7,3.86178811596e-7,8.56660520299e-8,2.27677094955e-8,1.97409821823e-8,1.73478067467e-8],"median":[0.000999037874863,0.000755504181143,0.000311217620037,0.000210223035538,0.000151482701767,0.000176959205419,0.000161154341185,0.000130393513246,0.00013705927995,0.0000981251796475,0.000135726135341,0.000261505425442,0.000135494483402,0.0000942111655604,0.000093217327958,0.0000916245480767,0.0000702742108842,0.0000512349288329,0.0000632924129604,0.0000398523152398,0.0000290133684757,0.0000214279680222,0.0000153752334882,0.0000140976999319,0.000010663964531,0.00000880317656993,0.0000073050168794,0.00000424374138674,0.00000339773396263,0.00000265495964413,0.00000251251549344,0.00000190234970887,0.00000117230297292,7.32126295588e-7,4.06769459005e-7,1.57818419666e-7,3.96946262526e-8,7.75589548141e-9,6.58616627902e-9,5.76262415564e-9],"min":[7.6960540217e-25,1.34456272864e-24,1.0607572976e-24,8.32329606289e-25,8.17060513215e-25,1.00959296258e-24,1.51701886518e-24,1.80329007819e-24,1.5015101556e-24,2.40331464321e-24,2.8464026281e-24,1.66521890939e-24,2.3272148094e-24,2.12765410241e-24,2.69448754206e-24,2.2118981362e-24,2.47616141186e-24,2.04085553979e-24,2.89971148149e-24,2.99142878907e-24,2.69546040477e-24,3.63551478552e-24,3.24858699176e-24,3.37403618886e-24,4.07011166884e-24,4.71909885809e-24,4.99775095666e-24,4.46336237997e-24,4.76568227784e-24,4.06548381634e-24,5.13523126864e-24,5.0316928804e-24,5.65461176661e-24,3.98635475666e-24,4.8353986492e-24,4.97401334316e-24,5.93203166444e-24,5.99819500628e-24,5.38412871715e-24,6.28147061861e-24],"var":[0.0000197749213839,0.00000853753317642,4.81464098812e-7,5.86635110267e-7,5.0506793059e-7,4.92508888783e-7,5.34577225153e-7,4.76407336691e-7,2.51562028097e-7,2.07691357446e-7,1.84469442388e-7,3.53958000687e-7,2.50166579008e-7,1.12693768983e-7,1.07538049576e-7,5.0384507233e-8,2.49245601935e-8,1.95292386707e-8,1.79177614967e-8,4.40777236932e-9,1.40480893585e-9,1.00149633031e-9,6.25105855967e-10,7.00428437472e-10,5.20586962427e-10,3.61499136181e-10,2.08410524949e-10,9.31297886031e-11,4.0954680619e-11,2.06502436678e-11,1.70466644273e-11,1.0626014825e-11,5.42660664668e-12,2.78095168421e-12,1.2579909987e-12,3.52815893905e-13,1.6236544173e-14,1.56914335787e-15,1.19586102021e-15,9.29566355327e-16]},"melbands_crest":{"dmean":3.46097254753,"dmean2":5.48773670197,"dvar":11.7955369949,"dvar2":26.7948207855,"max":39.9770126343,"mean":12.9503822327,"median":11.2750892639,"min":1.4025580883,"var":47.9016952515},"melbands_flatness_db":{"dmean":0.0249714124948,"dmean2":0.0387050248682,"dvar":0.000522583140992,"dvar2":0.00120113650337,"max":0.69587624073,"mean":0.205462306738,"median":0.200867727399,"min":0.00262269517407,"var":0.00477974815294},"melbands_kurtosis":{"dmean":13.8687515259,"dmean2":23.1507854462,"dvar":22315.4414062,"dvar2":62034,"max":7243.82910156,"mean":23.7026195526,"median":1.23508501053,"min":-1.79788780212,"var":34013.8867188},"melbands_skewness":{"dmean":0.725990355015,"dmean2":1.11915194988,"dvar":3.1723086834,"dvar2":7.69969367981,"max":77.3982467651,"mean":1.90498840809,"median":1.14341902733,"min":-1.399081707,"var":18.0331993103},"melbands_spread":{"dmean":6.61360359192,"dmean2":10.3203344345,"dvar":46.2151489258,"dvar2":105.160247803,"max":158.842269897,"mean":31.1134414673,"median":27.9590034485,"min":0.034778162837,"var":455.18572998},"mfcc":{"cov":[[14129.2626953,2996.51928711,-1372.88134766,1149.4017334,-591.485107422,734.026245117,-317.548828125,404.086334229,-141.546310425,105.750213623,-48.2526512146,-56.2223815918,167.507659912],[2996.51928711,1982.4083252,-533.117675781,-71.4778442383,30.9998054504,14.6464767456,110.30493927,-86.5441360474,71.1785583496,-36.8047370911,67.8499450684,15.7084569931,15.5139198303],[-1372.88134766,-533.117675781,547.593261719,-89.5548629761,90.7230834961,-108.488380432,-6.26887369156,-3.87377262115,24.2100162506,42.9669303894,16.3582801819,13.1758403778,-25.5703735352],[1149.4017334,-71.4778442383,-89.5548629761,577.662109375,-137.845916748,197.895385742,-139.355026245,158.272277832,-23.6339836121,59.0731697083,-12.6830968857,-34.9389381409,14.7649078369],[-591.485107422,30.9998054504,90.7230834961,-137.845916748,301.701812744,-35.3115730286,166.396331787,-71.5833969116,62.6703605652,-30.5285816193,21.9820518494,11.6248216629,-19.6962585449],[734.026245117,14.6464767456,-108.488380432,197.895385742,-35.3115730286,266.878997803,-3.13616847992,110.366424561,-59.3514785767,20.3751277924,-36.17578125,-4.75668621063,18.7113838196],[-317.548828125,110.30493927,-6.26887369156,-139.355026245,166.396331787,-3.13616847992,205.403411865,-38.3982925415,51.0699234009,-47.3409156799,15.0724487305,13.5078210831,-3.21342110634],[404.086334229,-86.5441360474,-3.87377262115,158.272277832,-71.5833969116,110.366424561,-38.3982925415,145.299911499,-1.11763453484,52.4897270203,-11.2610549927,7.44686317444,21.9797554016],[-141.546310425,71.1785583496,24.2100162506,-23.6339836121,62.6703605652,-59.3514785767,51.0699234009,-1.11763453484,113.95085907,28.5063896179,41.8901443481,4.75167322159,4.3743391037],[105.750213623,-36.8047370911,42.9669303894,59.0731697083,-30.5285816193,20.3751277924,-47.3409156799,52.4897270203,28.5063896179,96.2992706299,28.1861114502,13.7623271942,4.51531600952],[-48.2526512146,67.8499450684,16.3582801819,-12.6830968857,21.9820518494,-36.17578125,15.0724487305,-11.2610549927,41.8901443481,28.1861114502,75.454498291,27.9254817963,12.1647109985],[-56.2223815918,15.7084569931,13.1758403778,-34.9389381409,11.6248216629,-4.75668621063,13.5078210831,7.44686317444,4.75167322159,13.7623271942,27.9254817963,70.4410934448,41.321144104],[167.507659912,15.5139198303,-25.5703735352,14.7649078369,-19.6962585449,18.7113838196,-3.21342110634,21.9797554016,4.3743391037,4.51531600952,12.1647109985,41.321144104,77.8814468384]],"icov":[[0.000179941111128,-0.000282768800389,0.0000956396543188,-0.000198137044208,0.0000399486743845,-0.0000910105591174,0.000113674141176,-0.000251214019954,0.000213844599784,-0.000109021893877,0.0000847322880873,0.000228458957281,-0.000294307013974],[-0.000282768800389,0.00122770108283,0.000650339759886,0.000399716111133,-0.000041875300667,-0.0000121340044643,-0.0002935808443,0.000836126273498,-0.000801347778179,0.000114410257083,-0.000672947557177,-0.000549704942387,0.000680747092701],[0.0000956396543188,0.000650339759886,0.00338726327755,0.000158065609867,-0.0014730253024,0.00151815800928,0.000473889551358,-0.00126774632372,0.00087000039639,-0.00149548228364,-0.000291563279461,-0.000235120591242,0.00059509469429],[-0.000198137044208,0.000399716111133,0.000158065609867,0.00400584982708,-0.000447936705314,-0.00229341886006,0.00298949540593,-0.00217122817412,-0.00174467847683,0.00170483149122,-0.00209893938154,0.00179083726835,0.00018966702919],[0.0000399486743845,-0.000041875300667,-0.0014730253024,-0.000447936705314,0.00800860673189,-0.00173455860931,-0.00530371721834,0.00423025619239,-0.00283574755304,-0.000395862007281,0.000970795983449,-0.00179018673953,0.00153352902271],[-0.0000910105591174,-0.0000121340044643,0.00151815800928,-0.00229341886006,-0.00173455860931,0.0107887377962,-0.00428155809641,-0.00550885871053,0.00790024735034,-0.00411777105182,0.00182267569471,0.00155174953397,-0.00183425098658],[0.000113674141176,-0.0002935808443,0.000473889551358,0.00298949540593,-0.00530371721834,-0.00428155809641,0.0147911142558,-0.00258032279089,-0.0063300980255,0.00834271684289,-0.00237393332645,-0.00157194491476,0.00150535732973],[-0.000251214019954,0.000836126273498,-0.00126774632372,-0.00217122817412,0.00423025619239,-0.00550885871053,-0.00258032279089,0.0187849383801,-0.00503753172234,-0.00589196616784,0.00497764255852,-0.00381666747853,-0.000773407402448],[0.000213844599784,-0.000801347778179,0.00087000039639,-0.00174467847683,-0.00283574755304,0.00790024735034,-0.0063300980255,-0.00503753172234,0.0213014259934,-0.00841783545911,-0.00503016030416,0.00710487132892,-0.0048309257254],[-0.000109021893877,0.000114410257083,-0.00149548228364,0.00170483149122,-0.000395862007281,-0.00411777105182,0.00834271684289,-0.00589196616784,-0.00841783545911,0.0231887269765,-0.00722098629922,-0.00402555707842,0.00468584010378],[0.0000847322880873,-0.000672947557177,-0.000291563279461,-0.00209893938154,0.000970795983449,0.00182267569471,-0.00237393332645,0.00497764255852,-0.00503016030416,-0.00722098629922,0.0241493824869,-0.00878937076777,0.000151354935952],[0.000228458957281,-0.000549704942387,-0.000235120591242,0.00179083726835,-0.00179018673953,0.00155174953397,-0.00157194491476,-0.00381666747853,0.00710487132892,-0.00402555707842,-0.00878937076777,0.0290097687393,-0.0147962151095],[-0.000294307013974,0.000680747092701,0.00059509469429,0.00018966702919,0.00153352902271,-0.00183425098658,0.00150535732973,-0.000773407402448,-0.0048309257254,0.00468584010378,0.000151354935952,-0.0147962151095,0.0224321242422]],"mean":[-647.937927246,153.445999146,-47.7158317566,30.9829921722,-15.1232376099,23.4538574219,-3.8942592144,12.2181682587,-0.0624214150012,4.94765758514,1.6845318079,-0.588550686836,4.37292528152]},"pitch_salience":{"dmean":0.0715189874172,"dmean2":0.113332733512,"dvar":0.00409486144781,"dvar2":0.00964121520519,"max":0.968147873878,"mean":0.583078622818,"median":0.608889698982,"min":0.00410590087995,"var":0.0209217127413},"silence_rate_20dB":{"dmean":0.00031974419835,"dmean2":0.000639590667561,"dvar":0.000319642422255,"dvar2":0.000639183272142,"max":1,"mean":0.998881101608,"median":1,"min":0,"var":0.00111767859198},"silence_rate_30dB":{"dmean":0.00767386099324,"dmean2":0.0153501760215,"dvar":0.00761460419744,"dvar2":0.018952799961,"max":1,"mean":0.992327392101,"median":1,"min":0,"var":0.00761377345771},"silence_rate_60dB":{"dmean":0.00287769781426,"dmean2":0.00575631577522,"dvar":0.00286943791434,"dvar2":0.00572304520756,"max":1,"mean":0.063618928194,"median":0,"min":0,"var":0.0595709718764},"spectral_centroid":{"dmean":199.195770264,"dmean2":303.778137207,"dvar":58489.8359375,"dvar2":111316.8125,"max":11821.7548828,"mean":1739.18652344,"median":1403.17211914,"min":269.419708252,"var":2580608},"spectral_complexity":{"dmean":3.91270971298,"dmean2":5.78925466537,"dvar":13.002746582,"dvar2":25.1629066467,"max":60,"mean":28.3422317505,"median":29,"min":0,"var":116.872848511},"spectral_contrast_coeffs":{"dmean":[0.0530939511955,0.0489743128419,0.0422271303833,0.0294748358428,0.019019074738,0.0563189722598],"dmean2":[0.0871475189924,0.0817161127925,0.0700372233987,0.0492555722594,0.0318983048201,0.0913488715887],"dvar":[0.001832245267,0.00155618437566,0.00117427937221,0.000561734545045,0.000229570548981,0.00233160727657],"dvar2":[0.00467986240983,0.00432159984484,0.00320819881745,0.00152785412502,0.000635293545201,0.00619864929467],"max":[-0.390909433365,-0.471823632717,-0.520226895809,-0.576291143894,-0.685142278671,-0.391229629517],"mean":[-0.701947391033,-0.77127623558,-0.770685315132,-0.792652308941,-0.808625340462,-0.6700091362],"median":[-0.702644586563,-0.776131749153,-0.769595861435,-0.791189312935,-0.804226458073,-0.657181859016],"min":[-0.984417617321,-0.982401967049,-0.976075351238,-0.989433586597,-0.976568758488,-0.964681148529],"var":[0.00804155040532,0.0054509206675,0.004311746452,0.00253720232286,0.00154416670557,0.0122381700203]},"spectral_contrast_valleys":{"dmean":[0.411259263754,0.34962901473,0.300325334072,0.260469704866,0.210263505578,0.798711657524],"dmean2":[0.669703245163,0.567097723484,0.475530982018,0.389822393656,0.299958199263,1.30199205875],"dvar":[0.159683763981,0.125085353851,0.104904875159,0.0924173668027,0.0853030011058,0.505793094635],"dvar2":[0.323307722807,0.234109148383,0.178682476282,0.139923363924,0.124997012317,1.31722915173],"max":[-5.13796710968,-4.74191045761,-5.0495300293,-5.29055118561,-5.22484207153,-9.16181755066],"mean":[-7.65548944473,-6.95543479919,-7.113717556,-7.38852453232,-7.71766662598,-11.886590004],"median":[-6.89232063293,-6.19882297516,-6.34047698975,-6.62494945526,-6.92632007599,-11.3145513535],"min":[-28.3575134277,-28.2975769043,-27.8393707275,-27.6176948547,-27.4924926758,-27.3914089203],"var":[12.4927835464,13.1315383911,12.8035964966,12.6156663895,12.0937042236,7.81870079041]},"spectral_decrease":{"dmean":2.81785283995e-9,"dmean2":4.20914370025e-9,"dvar":5.53863429117e-17,"dvar2":1.2398673729e-16,"max":1.40395091108e-8,"mean":-9.31737087484e-9,"median":-8.45829539742e-9,"min":-3.33070659053e-7,"var":9.11083130271e-17},"spectral_energy":{"dmean":0.0110807688907,"dmean2":0.0163667798042,"dvar":0.00073406426236,"dvar2":0.00158144161105,"max":1.53454482555,"mean":0.0383943580091,"median":0.0350611805916,"min":9.8355983437e-21,"var":0.00175820209552},"spectral_energyband_high":{"dmean":0.000181795825483,"dmean2":0.000247808959102,"dvar":8.54392112615e-8,"dvar2":1.59642098652e-7,"max":0.00846833921969,"mean":0.000620605074801,"median":0.00045197881991,"min":6.87817562223e-21,"var":3.85110780599e-7},"spectral_energyband_low":{"dmean":0.00638580694795,"dmean2":0.00993234291673,"dvar":0.000152298554895,"dvar2":0.000340060039889,"max":0.389470726252,"mean":0.0130251329392,"median":0.00583175942302,"min":9.99029306476e-24,"var":0.000368364009773},"spectral_energyband_middle_high":{"dmean":0.00422153202817,"dmean2":0.00622559525073,"dvar":0.0000250944449363,"dvar2":0.0000539801258128,"max":0.0730459913611,"mean":0.0131375500932,"median":0.0108421482146,"min":1.14781336729e-21,"var":0.000106001127278},"spectral_energyband_middle_low":{"dmean":0.00441666925326,"dmean2":0.0069274129346,"dvar":0.0000303340275423,"dvar2":0.0000722575859982,"max":0.0946950241923,"mean":0.0107122613117,"median":0.0081686489284,"min":1.69435735652e-22,"var":0.000089247674623},"spectral_entropy":{"dmean":0.101578503847,"dmean2":0.155319094658,"dvar":0.0102434083819,"dvar2":0.0230714548379,"max":9.83035564423,"mean":7.69363737106,"median":7.69649791718,"min":5.90617704391,"var":0.220241650939},"spectral_flux":{"dmean":0.0224296711385,"dmean2":0.0349695272744,"dvar":0.000678600510582,"dvar2":0.00165594869759,"max":0.873769342899,"mean":0.103965342045,"median":0.103267222643,"min":6.08918054867e-11,"var":0.00219323253259},"spectral_kurtosis":{"dmean":2.28912377357,"dmean2":3.65445828438,"dvar":21.5064315796,"dvar2":65.2191543579,"max":170.406860352,"mean":11.6719303131,"median":9.37033557892,"min":-1.27889239788,"var":65.9275894165},"spectral_rms":{"dmean":0.000813871680293,"dmean2":0.00117694342043,"dvar":8.46849104619e-7,"dvar2":0.00000161454795489,"max":0.0386925935745,"mean":0.00567056704313,"median":0.00584859214723,"min":3.09769354265e-12,"var":0.00000530238821739},"spectral_rolloff":{"dmean":319.487701416,"dmean2":518.207885742,"dvar":536659.375,"dvar2":1215626.125,"max":22050,"mean":1901.61657715,"median":1421.19140625,"min":21.533203125,"var":8530711},"spectral_skewness":{"dmean":0.199802026153,"dmean2":0.315658807755,"dvar":0.0516200177372,"dvar2":0.134446159005,"max":8.84054851532,"mean":1.96276009083,"median":1.81451177597,"min":-0.0867325440049,"var":0.548742294312},"spectral_spread":{"dmean":354627.28125,"dmean2":562707.875,"dvar":401935761408,"dvar2":792587665408,"max":42808572,"mean":4113407.25,"median":3152367.5,"min":567723.5625,"var":36436556382200},"spectral_strongpeak":{"dmean":0.925474762917,"dmean2":1.64865672588,"dvar":73.3945159912,"dvar2":219.364273071,"max":454.432678223,"mean":1.18099081516,"median":0.482302129269,"min":0,"var":38.0112724304},"zerocrossingrate":{"dmean":0.00649550650269,"dmean2":0.00805336143821,"dvar":0.000163718228578,"dvar2":0.00027090444928,"max":0.5986328125,"mean":0.0621263757348,"median":0.048828125,"min":0,"var":0.00565028935671}},"metadata":{"audio_properties":{"analysis_sample_rate":44100,"bit_rate":192000,"codec":"mp3","downmix":"mix","equal_loudness":0,"length":145.240814209,"lossless":false,"md5_encoded":"910508225de5013651015e645f33ec7e","replay_gain":-8.53586196899},"tags":{"album":["1962–1966"],"albumartist":["The Beatles"],"albumartistsort":["Beatles, The"],"artist":["The Beatles"],"artistsort":["Beatles, The"],"asin":["B000002UYZ"],"barcode":["077779703623"],"catalognumber":["0777 7 97036 2 3"],"date":["1993-10-05"],"discnumber":["1/2"],"file_name":"1-04 She Loves You.mp3","genre":["Other"],"isrc":["GBAYE6300412"],"label":["Apple Records"],"language":["eng"],"length":["145240"],"media":["CD"],"mp3gain_album_minmax":["134,192"],"mp3gain_minmax":["139,189"],"musicbrainz album release country":["US"],"musicbrainz album status":["official"],"musicbrainz album type":["compilation"],"musicbrainz_albumartistid":["b10bbbfc-cf9e-42e0-be17-e2c3e1d2600d"],"musicbrainz_albumid":["301aa0fc-75a7-3e55-82e2-74c3e9a7ebf7"],"musicbrainz_artistid":["b10bbbfc-cf9e-42e0-be17-e2c3e1d2600d"],"musicbrainz_recordingid":["21047249-7b3f-4651-acca-246669c081fd"],"musicip_puid":["5694f859-57fa-9634-c490-43c3e42a4142"],"originaldate":["1973-04-02"],"replaygain_album_gain":["-5.70 dB"],"replaygain_album_peak":["1.165381"],"replaygain_track_gain":["-7.90 dB"],"replaygain_track_peak":["1.071313"],"script":["Latn"],"title":["She Loves You"],"tracknumber":["4/13"]},"version":{"essentia":"2.1-beta1","essentia_build_sha":"eef087cf131c10083d474ad51def18efd0e38295","essentia_git_sha":"v2.1_beta1-7-ge0e83e8-dirty","extractor":"music 1.0"}},"rhythm":{"beats_count":358,"beats_loudness":{"dmean":0.023361556232,"dmean2":0.0414365716279,"dvar":0.000804400828201,"dvar2":0.00237701297738,"max":0.262540668249,"mean":0.0527603812516,"median":0.0498989447951,"min":0,"var":0.000721252406947},"beats_loudness_band_ratio":{"dmean":[0.304226458073,0.101876370609,0.103422425687,0.17255564034,0.0813237652183,0