{"lowlevel":{"average_loudness":0.796007335186,"barkbands":{"dmean":[0.00362603040412,0.00293207331561,0.000317224854371,0.000261462904746,0.00209005153738,0.00122429081239,0.000924942141864,0.000606480869465,0.0010973806493,0.000944529892877,0.000509505451191,0.000404970807722,0.000181800773134,0.000226046977332,0.000330656359438,0.000630029360764,0.0000860659129103,0.000078531280451,0.000154340450536,0.0000469356200483,0.000116394556244,0.000024577615477,0.0000131995293486,0.00000466286337542,0.00000125725910038,0.000005369059636,0.0000570583433728],"dmean2":[0.00484100682661,0.00454228371382,0.000533782062121,0.000435152265709,0.00334370066412,0.00195626006462,0.00145296717528,0.000977424322627,0.00171331712045,0.0014403188834,0.000811281031929,0.000630476220977,0.000284030364128,0.000350438582245,0.00054042582633,0.00105969316792,0.000141785712913,0.000131241613417,0.000266875431407,0.0000791156417108,0.000199394315132,0.0000444535689894,0.0000236504547502,0.00000830783574202,0.00000209554968933,0.00000953366088652,0.0000937074291869],"dvar":[0.000140565141919,0.0000491608225275,8.18308137696e-7,3.33603253466e-7,0.0000282534583675,0.0000121396151371,0.0000091341244115,0.00000407515608458,0.0000123511281345,0.0000119417618407,0.00000517565740665,0.00000170017347045,1.77740972163e-7,2.28705673067e-7,0.00000216071839532,0.000015069796973,9.30368884156e-8,1.4318889896e-7,8.78826654116e-7,6.48231761602e-8,6.23374091901e-7,2.6350249982e-8,7.21599002773e-9,6.71253830298e-10,9.03677653541e-12,9.25462373402e-10,8.45458103527e-8],"dvar2":[0.000220416317461,0.000118149502669,0.0000021096443561,8.31999329876e-7,0.0000690711312927,0.0000282692308247,0.0000227430082305,0.0000100523429865,0.0000288338760583,0.000025054327125,0.0000125941633087,0.00000348684602614,4.19017879949e-7,5.36183563327e-7,0.00000571545660932,0.0000401024590246,2.47887044225e-7,4.00600555395e-7,0.00000247184539148,1.78286157393e-7,0.00000169702661879,7.57126059625e-8,2.04381045421e-8,1.90894011709e-9,2.22782781806e-11,2.61178922933e-9,2.24360846346e-7],"max":[0.256415128708,0.0991677418351,0.0218701828271,0.0227116066962,0.113192647696,0.0821631401777,0.129952743649,0.0496061295271,0.0916498228908,0.0927014499903,0.0697701945901,0.0785484835505,0.00995356217027,0.0141687430441,0.0306034628302,0.0774074345827,0.00553729524836,0.00804843753576,0.0210848413408,0.00545158237219,0.0172711480409,0.00292113376781,0.00166689301841,0.000518976186868,0.0000387112922908,0.000542487134226,0.00379771157168],"mean":[0.00579904671758,0.00549950683489,0.000332343886839,0.000318593985867,0.00289450143464,0.00159305206034,0.00124306243379,0.00074127240805,0.00152463023551,0.0012412146898,0.00066758308094,0.000586501380894,0.00024887357722,0.000367965607438,0.000351763563231,0.000530382094439,0.0000830438730191,0.0000714709312888,0.000124927551951,0.0000391497524106,0.0000874772595125,0.0000168033329828,0.00000910928338271,0.00000333712932843,0.00000113543205771,0.00000387385853173,0.0000525136310898],"median":[0.000308008282445,0.000705140351783,0.000109371110739,0.000113001879072,0.000495977350511,0.000189583894098,0.000163595075719,0.0000746022269595,0.0000998801260721,0.0000681404926581,0.0000816513929749,0.0000800782072474,0.00006113643758,0.000108454325527,0.0000521381007275,0.0000253219131992,0.0000113951437015,0.00000713112467565,0.00000421792992711,0.00000268810708803,0.00000157200838657,0.00000101222804005,5.09165431595e-7,2.57365769585e-7,1.57227276532e-7,3.00805993447e-7,0.00000619496358922],"min":[8.02221398638e-25,1.40017209764e-24,2.94986252468e-25,6.62989568931e-25,8.520545013e-24,6.06572268306e-24,9.67805481873e-24,5.53106037163e-24,1.41212491808e-23,1.71769176744e-23,1.43173978672e-23,1.68038306424e-23,2.59771501659e-23,3.19517507369e-23,2.91702524287e-23,6.38883048574e-23,5.84270586758e-23,8.80880078311e-23,1.14593683759e-22,1.42338515019e-22,2.4896159868e-22,2.86488810035e-22,3.57922525275e-22,5.63092296782e-22,8.48680644182e-22,1.225509174e-21,1.91610229472e-21],"var":[0.000399513519369,0.000120719465485,6.96900485764e-7,4.83401606743e-7,0.0000529864446435,0.0000215660020331,0.000017446005586,0.00000659839633954,0.0000231658286793,0.0000217301312659,0.00000774407999415,0.00000539015263712,2.86802787741e-7,5.22661991909e-7,0.00000176708329036,0.0000112743364298,7.34143341674e-8,9.80760859193e-8,5.80777907544e-7,4.46419434752e-8,4.24890487238e-7,1.51644794499e-8,4.31584545879e-9,4.00137117884e-10,9.08349957751e-12,5.62996094189e-10,6.42622879354e-8]},"barkbands_crest":{"dmean":2.94983100891,"dmean2":4.70385503769,"dvar":6.91651201248,"dvar2":16.376707077,"max":26.5847206116,"mean":12.0345201492,"median":11.1903524399,"min":2.56106352806,"var":25.2176036835},"barkbands_flatness_db":{"dmean":0.0346064195037,"dmean2":0.0527093783021,"dvar":0.00100166606717,"dvar2":0.00225019291975,"max":0.496642500162,"mean":0.19246968627,"median":0.188107639551,"min":0.0150619111955,"var":0.00429763365537},"barkbands_kurtosis":{"dmean":6.86299467087,"dmean2":10.244556427,"dvar":280.398803711,"dvar2":600.598754883,"max":444.587677002,"mean":10.8155908585,"median":2.62729120255,"min":-1.86481487751,"var":700.34967041},"barkbands_skewness":{"dmean":0.822840690613,"dmean2":1.2120449543,"dvar":0.844627141953,"dvar2":1.72144341469,"max":16.2237911224,"mean":1.74411785603,"median":1.23234558105,"min":-4.17503118515,"var":4.83045291901},"barkbands_spread":{"dmean":4.80430364609,"dmean2":7.3437871933,"dvar":49.5575790405,"dvar2":110.788459778,"max":133.292495728,"mean":14.3145313263,"median":11.8168869019,"min":0.239247515798,"var":142.753036499},"dissonance":{"dmean":0.027128553018,"dmean2":0.0455325730145,"dvar":0.00083405157784,"dvar2":0.00222251703963,"max":0.500000238419,"mean":0.454770177603,"median":0.467883646488,"min":0.185084179044,"var":0.00177909771446},"dynamic_complexity":6.80424499512,"erbbands":{"dmean":[0.202139437199,0.275698423386,0.360629349947,0.592286348343,2.87081122398,8.89776039124,10.3675384521,10.325258255,11.2157754898,14.4599695206,15.2480258942,23.9021644592,29.4664516449,25.0082569122,17.865819931,14.9472980499,8.48593997955,9.40805053711,14.6140375137,25.3633460999,24.7080097198,5.2775015831,4.08072710037,8.34427642822,4.88576030731,2.44304704666,6.37337398529,2.01045155525,0.91231739521,0.601308047771,0.278052061796,0.136195525527,0.059795614332,0.0158736929297,0.0089659653604,0.0085281226784,0.0109220119193,0.0100829359144,0.00733960932121,0.000996145303361],"dmean2":[0.311013221741,0.431138306856,0.598905086517,0.975891947746,4.49762487411,14.3334321976,17.466375351,16.2751121521,17.775094986,22.7381572723,24.1220149994,37.0865058899,44.597568512,37.5800857544,27.8902683258,23.4513874054,13.0859413147,14.2514209747,23.2951793671,41.1668167114,41.6661300659,8.57416534424,6.73106718063,14.4462985992,8.30966663361,4.11323928833,11.0737991333,3.40061736107,1.63500988483,1.08537101746,0.497625589371,0.2418910712,0.106825403869,0.0266526043415,0.0149435177445,0.0148601084948,0.0193760823458,0.0178377255797,0.0124585935846,0.0016154529294],"dvar":[0.254256129265,0.367626190186,1.02263307571,1.736541152,44.9271888733,613.906921387,1096.2878418,1003.4140625,1152.31835938,2291.48291016,2828.53222656,6741.52832031,11883.1943359,8961.83007812,4556.21289062,1841.82519531,364.733917236,357.823272705,2094.24169922,15659.7265625,24856.125,359.431732178,299.43661499,2442.66430664,795.628479004,175.724212646,1953.00109863,147.162918091,34.5505485535,15.5852661133,3.03896307945,0.646786034107,0.0999565646052,0.00144296127837,0.000451601692475,0.00105406623334,0.00400450453162,0.00392891000956,0.00199446640909,0.0000224547129619],"dvar2":[0.600524604321,0.881240785122,2.6047949791,4.42276382446,103.715545654,1476.48474121,2954.88110352,2330.0546875,2884.24316406,5017.22119141,6734.37255859,15986.6630859,26890.09375,18790.546875,10816.7314453,3957.18725586,845.918334961,786.182006836,5471.22216797,39858.40625,66397.171875,937.61151123,825.392089844,6868.03857422,2215.71118164,483.108703613,5387.70947266,392.388336182,98.5863647461,44.4662322998,8.61242198944,1.81882178783,0.286302179098,0.00363679463044,0.00111251778435,0.00295099103823,0.0112744094804,0.0110840061679,0.00541807245463,0.0000591601892665],"max":[7.23835372925,9.56746196747,25.2373523712,45.4415473938,168.921707153,571.098876953,436.92956543,1014.16387939,1400.94213867,1896.95581055,1344.9473877,2841.36181641,3302.96313477,3064.24316406,2008.75964355,2143.37280273,460.551086426,689.868286133,928.313964844,2006.70727539,2922.58935547,300.657348633,351.221160889,893.716552734,715.592895508,216.809005737,1025.54602051,209.678894043,101.130348206,72.2614059448,34.2358169556,15.2146368027,6.92895460129,0.505640149117,0.272473633289,0.757235884666,1.16942596436,1.12536334991,0.836145281792,0.0648699775338],"mean":[0.366835057735,0.485251486301,0.417557924986,0.765399098396,4.20630407333,12.0259418488,11.3643598557,13.6427659988,14.8269557953,19.6506843567,20.0695800781,33.6422653198,39.7270202637,35.3872146606,25.9948158264,22.2603168488,12.658577919,15.8909883499,19.2985992432,24.7300624847,20.8291282654,5.1531457901,3.82683038712,6.70765829086,4.21281957626,2.01023125648,4.66968774796,1.59325122833,0.634418725967,0.412965089083,0.196384295821,0.0975827649236,0.0428438745439,0.0140950027853,0.00813128240407,0.00676646828651,0.00783400144428,0.00717764161527,0.00578731670976,0.00101652531885],"median":[0.0338665395975,0.0963695272803,0.150327533484,0.33067214489,0.98319798708,1.55723869801,1.48292601109,1.64217805862,1.8115054369,2.67188596725,1.95877015591,2.33899283409,2.20960044861,2.88012576103,3.69563031197,3.61595845222,3.36678671837,5.3790640831,4.18153572083,2.45103168488,1.25467681885,0.699515402317,0.43969386816,0.288155376911,0.196442812681,0.127681791782,0.0760514587164,0.0564054176211,0.0382573492825,0.0219952240586,0.0134449768811,0.00750402873382,0.00315190292895,0.00187537423335,0.00114304258022,0.000704465783201,0.000597816077061,0.000404852471547,0.000244053226197,0.000189715137822],"min":[3.93966917943e-23,1.09245030117e-22,3.68601480499e-22,5.6764950458e-21,1.46705538424e-20,1.98152682857e-20,4.1353883367e-20,5.67723651951e-20,7.01703129742e-20,1.29369716559e-19,2.18102220973e-19,3.15316932656e-19,6.72412535005e-19,7.31612197084e-19,4.72296400024e-19,8.94213675033e-19,1.5556456976e-18,1.71176476788e-18,2.10636145633e-18,2.77862851095e-18,3.60582380595e-18,4.99939400908e-18,5.47670451948e-18,5.67397055196e-18,7.39954747832e-18,6.25164950353e-18,8.72008094207e-18,9.91158663798e-18,8.81305025266e-18,1.21352102519e-17,9.58567747663e-18,1.18882728508e-17,9.8564103824e-18,8.70710165108e-18,5.62441126633e-18,3.9314682695e-18,2.19196451677e-18,8.82844491104e-19,2.41868645086e-19,2.60501728489e-20],"var":[0.617750287056,0.83912563324,0.931563317776,2.06144475937,114.697143555,1169.44372559,1074.41931152,1928.54516602,1925.95544434,5493.35498047,4645.15722656,11718.8085938,19445.9941406,17649.5175781,8432.38183594,5156.50585938,671.195129395,883.831115723,2324.75097656,13634.6035156,18097.0234375,295.247192383,214.578125,1609.64086914,551.176696777,121.037086487,1283.66003418,106.759468079,20.3533248901,9.14405536652,1.81473231316,0.394552737474,0.0587669126689,0.00138867390342,0.000456179695902,0.000696561532095,0.00244072685018,0.00239573093131,0.00138556526508,0.0000177341462404]},"erbbands_crest":{"dmean":3.32087278366,"dmean2":5.34784603119,"dvar":9.55008888245,"dvar2":23.0821628571,"max":32.0127067566,"mean":11.1329298019,"median":10.2355909348,"min":2.13540244102,"var":26.62200737},"erbbands_flatness_db":{"dmean":0.0320593863726,"dmean2":0.0494523979723,"dvar":0.000776318309363,"dvar2":0.00178710522596,"max":0.426755279303,"mean":0.204580679536,"median":0.202118858695,"min":0.03086697869,"var":0.00378014845774},"erbbands_kurtosis":{"dmean":1.98313689232,"dmean2":3.12246060371,"dvar":8.49609088898,"dvar2":19.3840560913,"max":66.3942871094,"mean":2.0901761055,"median":0.616492509842,"min":-1.7914634943,"var":19.153011322},"erbbands_skewness":{"dmean":0.493080705404,"dmean2":0.752987146378,"dvar":0.204627841711,"dvar2":0.469067841768,"max":5.41725683212,"mean":-0.0220396202058,"median":-0.0670531094074,"min":-3.51438641548,"var":1.00294625759},"erbbands_spread":{"dmean":5.85345983505,"dmean2":8.87657546997,"dvar":34.7392120361,"dvar2":75.7900543213,"max":103.653648376,"mean":21.3983592987,"median":19.0846996307,"min":1.02824127674,"var":176.210357666},"gfcc":{"cov":[[32136.5722656,3105.01000977,-2571.64355469,-463.91293335,-134.643432617,-661.357543945,-149.04145813,-421.391143799,-109.622756958,32.2037887573,14.9319000244,-112.380020142,324.369171143],[3105.01000977,1658.97595215,-247.047149658,-494.581817627,-106.06892395,-103.446075439,-55.383392334,-212.225692749,15.9808473587,-79.2032089233,14.1128692627,-68.9412155151,-19.4351577759],[-2571.64355469,-247.047149658,693.46307373,176.868606567,-114.080551147,198.595230103,-129.436233521,170.336517334,-45.101978302,114.951545715,11.396033287,33.2262039185,13.5213336945],[-463.91293335,-494.581817627,176.868606567,610.154663086,313.295379639,-18.2756099701,112.195732117,77.1902618408,118.187309265,101.930183411,47.7763595581,67.9321136475,10.5013179779],[-134.643432617,-106.06892395,-114.080551147,313.295379639,496.653930664,42.4222145081,189.703063965,-21.0340518951,130.352737427,29.1099491119,89.1400756836,31.5460014343,33.1891288757],[-661.357543945,-103.446075439,198.595230103,-18.2756099701,42.4222145081,402.932037354,31.9204883575,142.47857666,-98.0267105103,17.3446407318,9.81188869476,39.4971313477,42.6127433777],[-149.04145813,-55.383392334,-129.436233521,112.195732117,189.703063965,31.9204883575,331.358276367,36.2113418579,66.5797271729,-65.0510864258,-3.07513833046,36.6876983643,38.679058075],[-421.391143799,-212.225692749,170.336517334,77.1902618408,-21.0340518951,142.47857666,36.2113418579,234.537399292,37.5536766052,66.3171386719,0.741050720215,19.5093154907,45.1134681702],[-109.622756958,15.9808473587,-45.101978302,118.187309265,130.352737427,-98.0267105103,66.5797271729,37.5536766052,232.49156189,113.518470764,53.2027587891,0.703139841557,-12.6279392242],[32.2037887573,-79.2032089233,114.951545715,101.930183411,29.1099491119,17.3446407318,-65.0510864258,66.3171386719,113.518470764,205.446243286,103.320358276,2.10228180885,-1.63577210903],[14.9319000244,14.1128692627,11.396033287,47.7763595581,89.1400756836,9.81188869476,-3.07513833046,0.741050720215,53.2027587891,103.320358276,127.827720642,43.7672157288,-3.23325037956],[-112.380020142,-68.9412155151,33.2262039185,67.9321136475,31.5460014343,39.4971313477,36.6876983643,19.5093154907,0.703139841557,2.10228180885,43.7672157288,87.0936050415,32.8919067383],[324.369171143,-19.4351577759,13.5213336945,10.5013179779,33.1891288757,42.6127433777,38.679058075,45.1134681702,-12.6279392242,-1.63577210903,-3.23325037956,32.8919067383,108.855102539]],"icov":[[0.000126741753775,-0.000349625363015,0.000830521807075,-0.000653020164464,0.000386805273592,-0.0000978272291832,0.000196944252821,-0.000252548663411,0.000516268133651,-0.00055037799757,0.000123650141177,0.0000921211831155,-0.000497751461808],[-0.000349625363015,0.0019853329286,-0.00236605969258,0.00192862167023,-0.000153186003445,-0.000523675989825,-0.000312327931169,0.00188786548097,-0.00328201847151,0.00380068621598,-0.00290456530638,0.0018738937797,0.000108297419501],[0.000830521807075,-0.00236605969258,0.00869776774198,-0.00783006846905,0.00633755652234,-0.00377457495779,0.00281045236625,-0.00147025601473,0.00107337313239,0.0000551398552489,-0.003931613639,0.00456923246384,-0.00543831242248],[-0.000653020164464,0.00192862167023,-0.00783006846905,0.0195052139461,-0.0204495862126,0.0132359266281,-0.00495867710561,-0.00521214399487,0.0137303965166,-0.0257109273225,0.0318129248917,-0.0288663003594,0.0172304380685],[0.000386805273592,-0.000153186003445,0.00633755652234,-0.0204495862126,0.0277138445526,-0.017599016428,0.00405529327691,0.00973735377192,-0.0228894948959,0.0366543456912,-0.0445196814835,0.0379126444459,-0.0219138804823],[-0.0000978272291832,-0.000523675989825,-0.00377457495779,0.0132359266281,-0.017599016428,0.0162688251585,-0.0042549110949,-0.00912598893046,0.0192552730441,-0.0271796807647,0.0298338290304,-0.0265243519098,0.0144072817639],[0.000196944252821,-0.000312327931169,0.00281045236625,-0.00495867710561,0.00405529327691,-0.0042549110949,0.00719220237806,-0.0000459284128738,-0.00648743007332,0.0110112205148,-0.0094010559842,0.00685372529551,-0.00555797666311],[-0.000252548663411,0.00188786548097,-0.00147025601473,-0.00521214399487,0.00973735377192,-0.00912598893046,-0.0000459284128738,0.0135914692655,-0.0132280224934,0.0138181354851,-0.0150402523577,0.0142291653901,-0.00931091979146],[0.000516268133651,-0.00328201847151,0.00107337313239,0.0137303965166,-0.0228894948959,0.0192552730441,-0.00648743007332,-0.0132280224934,0.0370649658144,-0.0482680685818,0.0465491525829,-0.037896707654,0.0200542006642],[-0.00055037799757,0.00380068621598,0.0000551398552489,-0.0257109273225,0.0366543456912,-0.0271796807647,0.0110112205148,0.0138181354851,-0.0482680685818,0.0842414498329,-0.0860026627779,0.067567370832,-0.03268731758],[0.000123650141177,-0.00290456530638,-0.003931613639,0.0318129248917,-0.0445196814835,0.0298338290304,-0.0094010559842,-0.0150402523577,0.0465491525829,-0.0860026627779,0.104141674936,-0.0811662450433,0.039727140218],[0.0000921211831155,0.0018738937797,0.00456923246384,-0.0288663003594,0.0379126444459,-0.0265243519098,0.00685372529551,0.0142291653901,-0.037896707654,0.067567370832,-0.0811662450433,0.0795365571976,-0.0370558351278],[-0.000497751461808,0.000108297419501,-0.00543831242248,0.0172304380685,-0.0219138804823,0.0144072817639,-0.00555797666311,-0.00931091979146,0.0200542006642,-0.03268731758,0.039727140218,-0.0370558351278,0.030789591372]],"mean":[-132.816314697,126.225059509,-103.356987,-8.43266868591,-20.584777832,-4.49841833115,-12.8098573685,-12.9453744888,-4.02503013611,-1.75311541557,-5.97409152985,-0.675952792168,-3.92253184319]},"hfc":{"dmean":8.13893985748,"dmean2":12.7410736084,"dvar":661.453796387,"dvar2":1725.65539551,"max":325.397644043,"mean":11.9389810562,"median":3.90598058701,"min":1.07916523813e-16,"var":634.383605957},"melbands":{"dmean":[0.00143868930172,0.000219380730414,0.000136420247145,0.000431193446275,0.000375420000637,0.000229306067922,0.000175671768375,0.000146158432472,0.000132742148708,0.000159015646204,0.000150547813973,0.000106808096461,0.0000671777452226,0.0000466634010081,0.0000306090332742,0.0000162431133504,0.0000184244781849,0.000022909940526,0.0000275975817203,0.0000524212628079,0.0000207302909985,0.0000050180137805,0.00000397525627704,0.00000380725168725,0.00000738925427868,0.00000534619903192,0.000001652273113,0.00000134741571856,0.00000442506734544,0.00000269580482382,7.16549948265e-7,5.94044763602e-7,3.16173355941e-7,3.52524665459e-7,1.69918578763e-7,1.13290759884e-7,6.86998831156e-8,4.94588761057e-8,1.86981345962e-8,1.1598872085e-8],"dmean2":[0.00212738662958,0.000354668009095,0.000220197121962,0.000675811199471,0.000626216526143,0.000360243808245,0.000277029990684,0.000230349833146,0.000210801648791,0.000247557531111,0.000228011573199,0.000161071890034,0.000105867591628,0.0000733642591513,0.0000486161843583,0.0000251961992035,0.0000282683777186,0.0000365690248145,0.0000450871812063,0.000087966924184,0.0000350802765752,0.00000826741325,0.00000656070187688,0.00000642388022243,0.0000128949741338,0.00000934155650612,0.00000275374463854,0.00000227810824072,0.00000781791641202,0.00000449516892331,0.00000126518170873,0.00000107400899196,5.74287184918e-7,6.34349589745e-7,3.04164132103e-7,2.01144459311e-7,1.22168458461e-7,8.92181404311e-8,3.22259623431e-8,1.9328272316e-8],"dvar":[0.0000128289802888,2.4322608283e-7,7.73510890895e-8,0.00000138172174502,0.00000122569190353,4.57907447071e-7,3.04142702134e-7,2.13588023712e-7,2.25502844842e-7,2.94299979942e-7,3.12448435125e-7,1.60948275152e-7,8.22394170541e-8,2.37360957556e-8,7.19319226405e-9,1.21647414364e-9,1.40795264336e-9,3.78397180256e-9,1.84783619517e-8,9.70925100319e-8,1.73539866921e-8,3.21850601726e-10,2.36095393236e-10,3.77868653034e-10,1.99001637391e-9,1.17237519692e-9,6.68119309877e-11,5.57299865978e-11,1.00087238497e-9,2.98951863265e-10,2.03531688031e-11,1.55881973996e-11,4.46761811573e-12,5.57555477482e-12,1.19270012703e-12,5.25184279745e-13,1.56444844059e-13,8.08148510677e-14,3.87929654898e-15,7.68877958365e-16],"dvar2":[0.0000273757668765,5.99506051913e-7,1.89511141002e-7,0.00000319081914313,0.00000330649345415,0.00000105401477413,7.66087907778e-7,4.68690785738e-7,5.33885724963e-7,6.94601340001e-7,6.98965379797e-7,3.31127125719e-7,2.00935318162e-7,5.04884951624e-8,1.5720351243e-8,2.79493050925e-9,3.17095039115e-9,9.64155244532e-9,4.8613035375e-8,2.57619063859e-7,4.63014551144e-8,8.55290283042e-10,6.45603737137e-10,1.06403030831e-9,5.60644730641e-9,3.31427352229e-9,1.82535667137e-10,1.54012538833e-10,2.80041079215e-9,7.83345499578e-10,5.75293944427e-11,4.46039559454e-11,1.29156052173e-11,1.58791643029e-11,3.39009246023e-12,1.47778469149e-12,4.43444136662e-13,2.32757660801e-13,1.06744083042e-14,1.89528852377e-15],"max":[0.0532632917166,0.0102005777881,0.00856734532863,0.0310732387006,0.0122485421598,0.0197053775191,0.025083059445,0.0177102461457,0.0115307113156,0.0178271513432,0.0168885383755,0.0120536629111,0.00872263405472,0.00777655141428,0.00348526216112,0.000881139130797,0.00130349455867,0.00167533650529,0.00314412661828,0.00641516922042,0.00253910152242,0.000315229000989,0.000367528497009,0.000421318429289,0.000801338464953,0.000989687046967,0.000167371152202,0.000168567843502,0.000768947880715,0.000415381917264,0.0000725683494238,0.0000711450629751,0.0000385632447433,0.0000445529367425,0.0000247047028097,0.0000163948898262,0.00000680820539856,0.00000568300765735,0.00000172039347035,3.57382702987e-7],"mean":[0.00269420235418,0.000321868137689,0.000189252066775,0.000628942681942,0.000430802523624,0.000305210181978,0.000238719265326,0.000198269321118,0.00017109750479,0.000219975219807,0.000199839574634,0.000147085578647,0.0000923779371078,0.0000669408327667,0.0000434134271927,0.0000239593391598,0.000029963461202,0.0000314897115459,0.0000282266410068,0.0000446580161224,0.0000175149743882,0.00000488022760692,0.0000037612592223,0.0000034079953366,0.0000058043797253,0.00000437254357166,0.00000149092375068,0.0000010990802366,0.00000311976918965,0.00000215344152821,5.30925035491e-7,4.04288272193e-7,2.1839585429e-7,2.37986867546e-7,1.19024761602e-7,8.09863180962e-8,4.87553357686e-8,3.42999157965e-8,1.54609889336e-8,1.04776427534e-8],"median":[0.000287914997898,0.000109327811515,0.0000749676546548,0.000105806488136,0.0000560515909456,0.0000367799002561,0.0000295025965897,0.0000261605400738,0.0000145661997522,0.0000139340199894,0.0000104929949885,0.0000108717549665,0.0000121958009913,0.00000898246071301,0.0000071510980888,0.00000735695857657,0.00000941451708059,0.00000652944891044,0.00000361454976883,0.00000209053837352,0.00000115858142635,6.86441012476e-7,4.53203597317e-7,3.23696241367e-7,2.04951930982e-7,1.5059846703e-7,1.13729718976e-7,7.24868201019e-8,4.74915360371e-8,3.70841632957e-8,3.03724618789e-8,2.29886225611e-8,1.49282399775e-8,1.09922169145e-8,7.81889841761e-9,6.22634832581e-9,3.59502649872e-9,2.15161355399e-9,1.75395564739e-9,1.44811362901e-9],"min":[4.19208425732e-25,1.40575678912e-25,1.67734271543e-24,1.30060641292e-24,1.49799183597e-24,1.29968817883e-24,1.4018513853e-24,1.33803904617e-24,1.35735558733e-24,1.94600191847e-24,2.87719167201e-24,2.12304991574e-24,1.56510624824e-24,1.379465978e-24,2.26016123803e-24,2.81529291222e-24,2.4780828798e-24,2.89206229172e-24,2.29897280014e-24,3.14749663612e-24,3.77469864262e-24,3.28531122791e-24,4.07781962874e-24,4.66410736439e-24,4.22966154793e-24,4.55273282635e-24,3.67686529645e-24,2.79426089442e-24,4.97012859763e-24,5.54553163051e-24,5.37563544621e-24,4.0484511261e-24,5.46182993859e-24,5.25074259327e-24,5.05138758176e-24,5.88954795482e-24,6.06933882145e-24,6.11009413683e-24,5.70511188075e-24,6.50848782663e-24],"var":[0.0000360063131666,3.36681296176e-7,1.3280586586e-7,0.00000323576705341,0.00000120791560221,8.79630761119e-7,5.36406105311e-7,5.2079553825e-7,3.682798706e-7,5.1249196531e-7,5.18127365012e-7,3.20893178696e-7,1.28196717242e-7,6.56186287529e-8,1.63490057048e-8,2.29845320554e-9,3.33155036891e-9,5.62277424621e-9,1.49963472751e-8,7.41211252375e-8,1.25592425348e-8,2.54868237626e-10,1.7225819382e-10,2.52207393858e-10,1.29631394508e-9,7.61461227405e-10,4.89724753805e-11,3.76179157269e-11,6.32091545771e-10,2.24975899021e-10,1.25737953036e-11,9.08302946745e-12,2.51880005568e-12,3.2875338736e-12,7.06113607255e-13,3.18746412728e-13,9.37457509081e-14,4.63816200616e-14,2.77392003512e-15,7.73116299475e-16]},"melbands_crest":{"dmean":4.26033306122,"dmean2":6.7884016037,"dvar":18.0067615509,"dvar2":39.2564430237,"max":39.5206375122,"mean":18.5957317352,"median":15.9004878998,"min":1.47360289097,"var":91.7814788818},"melbands_flatness_db":{"dmean":0.0404051430523,"dmean2":0.0617116875947,"dvar":0.00134746055119,"dvar2":0.00306411646307,"max":0.600334584713,"mean":0.292889535427,"median":0.294416874647,"min":0.00362489256077,"var":0.00712431641296},"melbands_kurtosis":{"dmean":12.8288974762,"dmean2":19.830083847,"dvar":1942.83508301,"dvar2":4449.65625,"max":1593.91625977,"mean":19.4923782349,"median":3.61662244797,"min":-1.86349022388,"var":3600.51660156},"melbands_skewness":{"dmean":1.03677713871,"dmean2":1.55026888847,"dvar":1.86421203613,"dvar2":3.9314198494,"max":29.7863426208,"mean":2.48959088326,"median":1.69871175289,"min":-4.09569120407,"var":9.10085964203},"melbands_spread":{"dmean":6.41499376297,"dmean2":9.8899641037,"dvar":98.520942688,"dvar2":224.504699707,"max":218.409713745,"mean":19.1078720093,"median":13.9193878174,"min":0.11846666038,"var":486.631469727},"mfcc":{"cov":[[12696.5371094,2123.45385742,-1361.13171387,639.247741699,-448.77633667,185.721450806,-235.919937134,-47.3242149353,-111.708938599,113.153793335,-146.658798218,-66.6594924927,-30.9475059509],[2123.45385742,2112.42480469,-66.3099212646,-355.577453613,-90.0334472656,-10.9704141617,-71.8750915527,-110.397598267,-89.4492340088,-56.3882484436,37.0439605713,-67.8164367676,-84.522605896],[-1361.13171387,-66.3099212646,729.776672363,-165.839904785,37.3951683044,-80.2908630371,1.1781591177,-38.2858848572,4.22955083847,-14.4442939758,38.0269851685,7.9626584053,-21.2168159485],[639.247741699,-355.577453613,-165.839904785,652.74621582,140.796478271,90.6915206909,-27.5680866241,17.8228149414,58.9104003906,92.744178772,25.4052410126,73.5752792358,96.0147857666],[-448.77633667,-90.0334472656,37.3951683044,140.796478271,317.639923096,124.524353027,51.4042739868,-3.66290640831,28.0451450348,29.3159351349,55.0322608948,89.9759597778,87.1768417358],[185.721450806,-10.9704141617,-80.2908630371,90.6915206909,124.524353027,204.693267822,126.451538086,54.6465644836,21.2916431427,15.062661171,-4.06904697418,28.831281662,55.9467735291],[-235.919937134,-71.8750915527,1.1781591177,-27.5680866241,51.4042739868,126.451538086,239.342178345,145.182723999,55.8931465149,-10.178768158,-25.6331043243,-9.48297214508,26.4702529907],[-47.3242149353,-110.397598267,-38.2858848572,17.8228149414,-3.66290640831,54.6465644836,145.182723999,203.737503052,105.645004272,2.09102916718,-49.2313156128,-16.2134284973,13.4930830002],[-111.708938599,-89.4492340088,4.22955083847,58.9104003906,28.0451450348,21.2916431427,55.8931465149,105.645004272,168.426498413,81.2399291992,-12.6059579849,-0.1243634969,26.9158592224],[113.153793335,-56.3882484436,-14.4442939758,92.744178772,29.3159351349,15.062661171,-10.178768158,2.09102916718,81.2399291992,137.490829468,67.4534988403,32.4463539124,30.3338298798],[-146.658798218,37.0439605713,38.0269851685,25.4052410126,55.0322608948,-4.06904697418,-25.6331043243,-49.2313156128,-12.6059579849,67.4534988403,139.437835693,78.0891952515,18.914855957],[-66.6594924927,-67.8164367676,7.9626584053,73.5752792358,89.9759597778,28.831281662,-9.48297214508,-16.2134284973,-0.1243634969,32.4463539124,78.0891952515,135.339172363,82.571395874],[-30.9475059509,-84.522605896,-21.2168159485,96.0147857666,87.1768417358,55.9467735291,26.4702529907,13.4930830002,26.9158592224,30.3338298798,18.914855957,82.571395874,121.301139832]],"icov":[[0.00017284079513,-0.000211990220123,0.000172288811882,-0.000233940736507,0.000299121631542,-0.000207958990359,0.000124742131447,-0.00014553690562,0.000370861991541,-0.000533039856236,0.000565191847272,-0.000395777955418,0.000213886218262],[-0.000211990220123,0.000848509254865,-0.0000900952945813,0.000630859518424,-0.000242763038841,-0.000250141660217,0.000232233214774,0.000380522949854,-0.000766079407185,0.00118184275925,-0.00145223748405,0.00105770491064,-0.000400218355935],[0.000172288811882,-0.0000900952945813,0.00188703276217,0.000173495791387,-0.000272052566288,0.000855372927617,-0.000622411083896,0.000715856498573,-0.000436239672126,0.0000674293696648,0.0000164280118042,-0.000371247762814,0.000361193349818],[-0.000233940736507,0.000630859518424,0.000173495791387,0.00274585816078,-0.00109415780753,-0.000643984705675,0.00134064152371,-0.000615492113866,-0.000188799880561,-0.000519246910699,-0.000520090456121,0.000691601075232,-0.00112187454943],[0.000299121631542,-0.000242763038841,-0.000272052566288,-0.00109415780753,0.00657872622833,-0.00393255706877,0.000251459598076,0.00167429354042,-0.00223622913472,0.00212580920197,-0.00162847992033,-0.00154651410412,-0.00115842733067],[-0.000207958990359,-0.000250141660217,0.000855372927617,-0.000643984705675,-0.00393255706877,0.0125825684518,-0.00723865674809,0.00120946543757,0.00249186181463,-0.00312736071646,0.00313795288093,-0.00100049853791,-0.000679151096847],[0.000124742131447,0.000232233214774,-0.000622411083896,0.00134064152371,0.000251459598076,-0.00723865674809,0.0133808059618,-0.00845731981099,0.000798837747425,0.00174166820943,-0.00345636345446,0.00390624953434,-0.00253054732457],[-0.00014553690562,0.000380522949854,0.000715856498573,-0.000615492113866,0.00167429354042,0.00120946543757,-0.00845731981099,0.0161035768688,-0.0101015791297,0.00518431188539,0.000799640081823,-0.00223725149408,0.00147681252565],[0.000370861991541,-0.000766079407185,-0.000436239672126,-0.000188799880561,-0.00223622913472,0.00249186181463,0.000798837747425,-0.0101015791297,0.0204070843756,-0.0162029843777,0.00886305980384,-0.001681680209,0.00032752766856],[-0.000533039856236,0.00118184275925,0.0000674293696648,-0.000519246910699,0.00212580920197,-0.00312736071646,0.00174166820943,0.00518431188539,-0.0162029843777,0.0257555916905,-0.0168734975159,0.00725065823644,-0.00508168200031],[0.000565191847272,-0.00145223748405,0.0000164280118042,-0.000520090456121,-0.00162847992033,0.00313795288093,-0.00345636345446,0.000799640081823,0.00886305980384,-0.0168734975159,0.0253377296031,-0.0160604100674,0.00916965678334],[-0.000395777955418,0.00105770491064,-0.000371247762814,0.000691601075232,-0.00154651410412,-0.00100049853791,0.00390624953434,-0.00223725149408,-0.001681680209,0.00725065823644,-0.0160604100674,0.0254636798054,-0.0152761442587],[0.000213886218262,-0.000400218355935,0.000361193349818,-0.00112187454943,-0.00115842733067,-0.000679151096847,-0.00253054732457,0.00147681252565,0.00032752766856,-0.00508168200031,0.00916965678334,-0.0152761442587,0.0206714831293]],"mean":[-774.401794434,178.07635498,-16.442987442,11.1435527802,5.86017036438,13.2925252914,0.351538985968,0.301318854094,0.902817606926,4.32815933228,0.918794929981,-0.736873090267,0.4501491189]},"pitch_salience":{"dmean":0.0895475596189,"dmean2":0.139455541968,"dvar":0.00730559881777,"dvar2":0.01590789482,"max":0.950948894024,"mean":0.50334084034,"median":0.533152282238,"min":0.0385312363505,"var":0.0360964760184},"silence_rate_20dB":{"dmean":0,"dmean2":0,"dvar":0,"dvar2":0,"max":1,"mean":1,"median":1,"min":1,"var":0},"silence_rate_30dB":{"dmean":0.0233550984412,"dmean2":0.0467160604894,"dvar":0.0228097252548,"dvar2":0.0503156632185,"max":1,"mean":0.967231631279,"median":1,"min":0,"var":0.0316921547055},"silence_rate_60dB":{"dmean":0.0695630311966,"dmean2":0.139143541455,"dvar":0.0647292807698,"dvar2":0.134850516915,"max":1,"mean":0.274576276541,"median":0,"min":0,"var":0.199186965823},"spectral_centroid":{"dmean":190.554885864,"dmean2":280.955291748,"dvar":78750.4453125,"dvar2":150692.578125,"max":11722.3740234,"mean":1115.30187988,"median":792.094177246,"min":226.274749756,"var":1929418.875},"spectral_complexity":{"dmean":3.48166751862,"dmean2":4.74067544937,"dvar":25.6589050293,"dvar2":42.3200035095,"max":69,"mean":10.8981800079,"median":9,"min":0,"var":85.8704376221},"spectral_contrast_coeffs":{"dmean":[0.0568838231266,0.0489296391606,0.0410226918757,0.0337291918695,0.027062157169,0.0431988313794],"dmean2":[0.0907655805349,0.0807026550174,0.0653483644128,0.0535746701062,0.0431355014443,0.0696785748005],"dvar":[0.00243563461117,0.00160901655909,0.00120074127335,0.000851691875141,0.000598372891545,0.00204945844598],"dvar2":[0.00581711251289,0.00421540252864,0.00297466153279,0.00200094096363,0.00146676623262,0.00469657871872],"max":[-0.261722028255,-0.42673304677,-0.510512471199,-0.496756404638,-0.666946172714,-0.449784994125],"mean":[-0.70305365324,-0.783798754215,-0.797272503376,-0.799568772316,-0.840356647968,-0.793127417564],"median":[-0.718882977962,-0.792007625103,-0.808108150959,-0.800753712654,-0.836389064789,-0.8157351017],"min":[-0.977484464645,-0.983142852783,-0.975864112377,-0.979373395443,-0.967871725559,-0.966002464294],"var":[0.0142161455005,0.00605486240238,0.00570327276364,0.003586351173,0.00215070601553,0.00536493211985]},"spectral_contrast_valleys":{"dmean":[0.433958798647,0.478086560965,0.435488641262,0.399108380079,0.505997538567,0.844616174698],"dmean2":[0.679777860641,0.727936685085,0.63821041584,0.557210683823,0.705270290375,1.34246265888],"dvar":[0.140557780862,0.194189488888,0.171254009008,0.172293618321,0.28541919589,0.527045190334],"dvar2":[0.298559725285,0.384179472923,0.32539498806,0.311105668545,0.560429513454,1.33988118172],"max":[-5.38973522186,-4.43475675583,-5.00712108612,-5.34428024292,-5.21222543716,-9.16373729706],"mean":[-8.09828186035,-7.54362678528,-8.00757694244,-8.47539043427,-9.18543624878,-12.3384170532],"median":[-7.64048528671,-7.11526250839,-7.5824098587,-8.01802921295,-8.89550209045,-12.0193557739],"min":[-28.2383098602,-28.0748500824,-27.8874397278,-27.7172088623,-27.5350589752,-27.3914699554],"var":[7.81013345718,8.28060436249,7.90176916122,7.4559841156,7.04232549667,5.35308408737]},"spectral_decrease":{"dmean":2.98186852987e-9,"dmean2":4.2625427632e-9,"dvar":2.67293554954e-17,"dvar2":5.24649262766e-17,"max":5.44962303982e-18,"mean":-6.19303319738e-9,"median":-2.59454635554e-9,"min":-9.03363641669e-8,"var":8.26827108646e-17},"spectral_energy":{"dmean":0.0118056284264,"dmean2":0.0169553142041,"dvar":0.000422049692133,"dvar2":0.000845613074489,"max":0.34479752183,"mean":0.0244568176568,"median":0.0102260801941,"min":9.99678466426e-21,"var":0.00126086571254},"spectral_energyband_high":{"dmean":0.00023717370641,"dmean2":0.000404517515562,"dvar":0.00000198278053176,"dvar2":0.00000539382290299,"max":0.0247007776052,"mean":0.000184625881957,"median":0.00000876025023899,"min":6.9715404027e-21,"var":0.00000136428616315},"spectral_energyband_low":{"dmean":0.00538791297004,"dmean2":0.00770178996027,"dvar":0.000169395367266,"dvar2":0.00033017565147,"max":0.207655146718,"mean":0.0101471012458,"median":0.00153112853877,"min":4.86176987483e-24,"var":0.000528560718521},"spectral_energyband_middle_high":{"dmean":0.00282599567436,"dmean2":0.00436465023085,"dvar":0.0000588151378906,"dvar2":0.000145173427882,"max":0.0993631854653,"mean":0.00412228098139,"median":0.000978848082013,"min":1.15155678366e-21,"var":0.0000819712950033},"spectral_energyband_middle_low":{"dmean":0.00503903068602,"dmean2":0.00770240044221,"dvar":0.00010487640975,"dvar2":0.000252513884334,"max":0.146831139922,"mean":0.0086864028126,"median":0.00206540036015,"min":1.57000107099e-22,"var":0.000219114866923},"spectral_entropy":{"dmean":0.24858866632,"dmean2":0.376424968243,"dvar":0.0515675656497,"dvar2":0.118772558868,"max":9.82888507843,"mean":7.14986419678,"median":7.13898992538,"min":5.17128896713,"var":0.373434484005},"spectral_flux":{"dmean":0.0276401285082,"dmean2":0.0426256246865,"dvar":0.00131541350856,"dvar2":0.00292272143997,"max":0.361261099577,"mean":0.0704642310739,"median":0.0547614507377,"min":6.3200153444e-11,"var":0.00356352026574},"spectral_kurtosis":{"dmean":6.43693494797,"dmean2":10.4321737289,"dvar":60.8186035156,"dvar2":156.674575806,"max":103.156593323,"mean":18.5757198334,"median":15.866519928,"min":-1.31163787842,"var":128.342254639},"spectral_rms":{"dmean":0.00101110571995,"dmean2":0.00137160124723,"dvar":0.00000171242402303,"dvar2":0.00000323341987496,"max":0.0183408781886,"mean":0.00387198035605,"median":0.00315858563408,"min":3.12297301734e-12,"var":0.00000886805719347},"spectral_rolloff":{"dmean":307.076477051,"dmean2":508.967559814,"dvar":462256.375,"dvar2":1067221.625,"max":19789.0136719,"mean":1198.1529541,"median":753.662109375,"min":21.533203125,"var":6706204},"spectral_skewness":{"dmean":0.468919456005,"dmean2":0.727288365364,"dvar":0.247859627008,"dvar2":0.599952340126,"max":7.85725498199,"mean":2.88842201233,"median":2.85470366478,"min":-0.0835604593158,"var":1.0107088089},"spectral_spread":{"dmean":615239.6875,"dmean2":1001354.875,"dvar":618319773696,"dvar2":1460981596160,"max":48033700,"mean":3414320,"median":2622519.25,"min":723229.5,"var":23928552554500},"spectral_strongpeak":{"dmean":0.419403105974,"dmean2":0.687443137169,"dvar":0.737105429173,"dvar2":1.83404862881,"max":12.0409164429,"mean":0.638962626457,"median":0.201400712132,"min":0,"var":1.25125896931},"zerocrossingrate":{"dmean":0.00613619433716,"dmean2":0.00730888918042,"dvar":0.000110279106593,"dvar2":0.000178868489456,"max":0.5244140625,"mean":0.0385612845421,"median":0.0283203125,"min":0,"var":0.00457720085979}},"metadata":{"audio_properties":{"analysis_sample_rate":44100,"bit_rate":138110,"codec":"mp3","downmix":"mix","equal_loudness":0,"length":184.921875,"lossless":false,"md5_encoded":"d06343a492e7358f6544811cb9c5a589","replay_gain":-3.72093391418,"sample_rate":44100},"tags":{"album":["The Complete Columbia Album Collection"],"albumartist":["Johnny Cash"],"albumartistsort":["Cash, Johnny"],"artist":["Johnny Cash"],"artists":["Johnny Cash"],"artistsort":["Cash, Johnny"],"asin":["B008DDC874"],"barcode":["886979104723"],"catalognumber":["88697910472"],"date":["2012-12-04"],"discnumber":["8/63"],"file_name":"02 - Tell Him I’m Gone.mp3","label":["Columbia","Legacy"],"media":["CD"],"musicbrainz album release country":["US"],"musicbrainz album status":["official"],"musicbrainz album type":["album","compilation"],"musicbrainz release track id":["24ad0bc0-ef93-3de9-b2f4-ef06828f3655"],"musicbrainz_albumartistid":["d43d12a1-2dc9-4257-a2fd-0a3bb1081b86"],"musicbrainz_albumid":["de36c451-000c-4488-9375-b6d40b6636e5"],"musicbrainz_artistid":["d43d12a1-2dc9-4257-a2fd-0a3bb1081b86"],"musicbrainz_recordingid":["210eb05f-f0ac-4620-8a45-5742e951bb23"],"musicbrainz_releasegroupid":["30578604-ce5e-4d3d-a09c-6c06fc4c526b"],"originaldate":["2012"],"script":["Latn"],"title":["Tell Him I’m Gone"],"tracknumber":["2/9"]},"version":{"essentia":"2.1-beta1","essentia_build_sha":"ca57ba49d9b1854bd80e60cf9ccf267278fb7d6b","essentia_git_sha":"v2.1_beta1-28-g21ef5f4-dirty","extractor":"music 1.0"}},"rhythm":{"beats_count":389,"beats_loudness":{"dmean":0.0620819367468,"dmean2":0.122229024768,"dvar":0.00319533515722,"dvar2":0.00975219067186,"max":0.292661756277,"mean":0.05585796386,"median":0.040094871074,"min":0,"var":0.00274780695327},"beats_loudness_band_ratio":{"dmean":[0.468611091375,0.291932225227,0.199516788125,0.118711747229,0.108342319727,0.0319087095559],"dmean2":[0.921574413776,0.570383906364,0.384523570538,0.225030824542,0.169892638922,0.0523374192417],"dvar":[0.0648403540254,0.0248937010765,0.0199245605618,0.011273465