{"lowlevel":{"average_loudness":0.817202448845,"barkbands":{"dmean":[0.000064250343712,0.00221992866136,0.00124282401521,0.000727132486645,0.00221720617265,0.00164891022723,0.00123864843044,0.000541205226909,0.000994300702587,0.000488065910758,0.000285723392153,0.000272016477538,0.000278807914583,0.000299117848044,0.000179603986908,0.000175216337084,0.000201925446163,0.000210083802813,0.000123021876789,0.000142607372254,0.0000689185180818,0.0000750796243665,0.0000861018488649,0.0000652766902931,0.0000538064559805,0.0000460680166725,0.0000171258616319],"dmean2":[0.000110944449261,0.00368415401317,0.00223659141921,0.00126408669166,0.00365442899056,0.00265186023898,0.00204845750704,0.000863843946718,0.00155158690177,0.000777933630161,0.000462251104182,0.000431664666394,0.000444590114057,0.000476193730719,0.000280292151729,0.000280228443444,0.000321246741805,0.000326700392179,0.000191156854271,0.000219193199882,0.00010476152238,0.000113541151222,0.000119134754641,0.0000890942683327,0.0000725630743545,0.0000685992781655,0.0000250566481554],"dvar":[1.87114483907e-8,0.0000161062143889,0.0000102726098703,0.00000301264549307,0.0000186195156857,0.00000847206229082,0.00000563378262086,0.00000165273979746,0.00000527121346749,0.00000266037022811,3.81421301654e-7,3.88022101561e-7,2.9027785331e-7,3.47939192125e-7,2.1968257613e-7,1.36937003958e-7,1.90618479223e-7,2.43516467435e-7,7.73779262886e-8,1.61558944001e-7,3.26127533867e-8,4.31449649341e-8,1.20714119589e-7,1.00507634215e-7,5.98017209086e-8,9.84832482231e-9,1.31521338265e-9],"dvar2":[5.24723233752e-8,0.0000443761855422,0.0000297321766993,0.00000840980101202,0.0000496045322507,0.0000210912603507,0.0000152715547301,0.00000420716742155,0.0000126604618345,0.00000643089470032,9.62445710684e-7,8.75285252278e-7,7.17748321222e-7,8.37401842091e-7,5.02569662331e-7,3.37045264587e-7,4.42651327148e-7,5.58258875571e-7,1.7290795995e-7,3.78280219593e-7,6.57680558902e-8,9.00223682265e-8,1.97384807166e-7,1.70620467088e-7,9.4100471415e-8,2.41172148918e-8,3.030599105e-9],"max":[0.00222610426135,0.058861784637,0.0505578517914,0.0296334605664,0.0717862024903,0.0710343122482,0.0674172788858,0.0424759089947,0.0708905905485,0.0704384446144,0.0160155352205,0.0194200668484,0.0121407266706,0.017057955265,0.0182673595846,0.0227772966027,0.0218576006591,0.0201193448156,0.0120440497994,0.0153523953632,0.00706254597753,0.00847579725087,0.0148605629802,0.0142691824585,0.0170103721321,0.00293554645032,0.000671850517392],"mean":[0.000178612302989,0.0077798506245,0.00202232901938,0.000982419471256,0.00413726409897,0.00360811199062,0.00236791162752,0.000916084332857,0.00198921724223,0.000875770638231,0.000503460643813,0.000500052527059,0.000503451563418,0.000550464552362,0.000332939001964,0.000365897401934,0.000413379893871,0.000418457260821,0.000268871284788,0.000296777317999,0.000130328873638,0.000139950541779,0.00016058566689,0.000120087366668,0.0000969882603385,0.000067767323344,0.0000243928570853],"median":[0.000161053962074,0.0073203323409,0.00121000502259,0.000465135264676,0.00261610979214,0.00215804949403,0.00108371744864,0.000300324929412,0.000627134984825,0.00026958095259,0.000222972390475,0.000224242656259,0.000249760312727,0.000233733604546,0.000129967549583,0.000168104088516,0.000195057276869,0.00018557086878,0.00014329435362,0.000117149604193,0.0000532950070919,0.0000494865707878,0.0000412864574173,0.0000246335621341,0.0000251527326327,0.0000243636677624,0.00000448851233159],"min":[2.03110618602e-12,2.04345242984e-12,1.21383344999e-14,1.35187434164e-13,4.23695150145e-13,2.3673955591e-13,1.27952471752e-13,1.01358822052e-13,9.03532077715e-14,3.83379072033e-14,4.07673501619e-14,3.39194106559e-14,2.10546556183e-14,2.32363617686e-14,3.06579407857e-14,2.85284321936e-14,1.47717972023e-14,6.46120755572e-15,4.09624921534e-15,2.27615523678e-14,4.05472029108e-14,1.58251301061e-14,2.79998395888e-14,4.04209374034e-14,5.0435465537e-14,7.09321449775e-14,7.75446167781e-13],"var":[2.94804252121e-8,0.000028871534596,0.000010189663044,0.00000301412455883,0.0000247035786742,0.0000221653463086,0.0000148638755491,0.00000356752821062,0.0000146463680721,0.00000695490189173,8.31584202388e-7,9.36339517921e-7,5.97911423483e-7,8.64767173425e-7,4.53679149359e-7,5.186971066e-7,5.64056108487e-7,6.69609391935e-7,2.35611324229e-7,3.82123971576e-7,8.57193711568e-8,1.04072192642e-7,3.45258172274e-7,2.79897960809e-7,1.67391021932e-7,1.42610767639e-8,2.23142304634e-9]},"barkbands_crest":{"dmean":1.91009843349,"dmean2":3.10966610909,"dvar":3.69241642952,"dvar2":9.50487709045,"max":26.4953556061,"mean":10.4533605576,"median":9.65516281128,"min":2.63276481628,"var":16.6490383148},"barkbands_flatness_db":{"dmean":0.018037814647,"dmean2":0.0255856495351,"dvar":0.000345572363585,"dvar2":0.000695408147294,"max":0.491812974215,"mean":0.127342268825,"median":0.116556540132,"min":0.0222797319293,"var":0.00278179906309},"barkbands_kurtosis":{"dmean":2.41044139862,"dmean2":3.69766259193,"dvar":29.3432216644,"dvar2":69.2868423462,"max":434.586425781,"mean":5.97168731689,"median":2.68269634247,"min":-1.89628779888,"var":376.814819336},"barkbands_skewness":{"dmean":0.389982134104,"dmean2":0.594783782959,"dvar":0.196594536304,"dvar2":0.449088186026,"max":16.9147777557,"mean":1.78635692596,"median":1.58020222187,"min":-4.88656234741,"var":1.54551005363},"barkbands_spread":{"dmean":4.9001531601,"dmean2":7.2575135231,"dvar":48.5127639771,"dvar2":89.863861084,"max":157.118377686,"mean":22.1853313446,"median":19.1665077209,"min":0.191635146737,"var":219.450149536},"dissonance":{"dmean":0.016262602061,"dmean2":0.0272056758404,"dvar":0.00022271220223,"dvar2":0.000593656150158,"max":0.49999782443,"mean":0.464166462421,"median":0.468547403812,"min":0.303983151913,"var":0.000517074367963},"dynamic_complexity":2.64147663116,"erbbands":{"dmean":[0.0530269108713,0.56091350317,1.41962516308,1.93266069889,4.64768075943,8.91662025452,10.2064409256,14.1608247757,18.8345966339,13.1633968353,12.63580513,23.3167438507,16.1116638184,10.7709827423,10.9869337082,9.64774894714,12.8457832336,12.1003856659,11.6049413681,10.6536569595,8.32138252258,10.6524572372,11.4275894165,6.16562414169,6.53886079788,6.54586458206,3.23186564445,2.76731562614,2.6611905098,2.3839840889,2.38151907921,2.04960179329,0.817341506481,0.67106795311,0.353145748377,0.191870763898,0.0871113613248,0.0222433041781,0.00299045792781,0.000104816710518],"dmean2":[0.0860713720322,0.940249979496,2.5358543396,3.42931699753,7.78767633438,14.8145723343,16.4715328217,22.5042152405,31.590429306,20.612077713,19.8306922913,36.333568573,24.9862689972,17.5792388916,17.5494747162,15.1802024841,20.4850482941,19.0167980194,18.4109039307,16.7255325317,13.0436477661,16.9692783356,17.7240200043,9.63101863861,9.82121658325,9.98999214172,4.86984539032,4.23929929733,4.05477666855,3.52886462212,3.26278996468,2.78923845291,1.12443435192,0.907906770706,0.492183625698,0.285085916519,0.131088286638,0.0328477695584,0.00437866570428,0.000153308414156],"dvar":[0.0075054820627,1.12519240379,12.2603330612,24.7701911926,104.115234375,311.066497803,310.468658447,753.933898926,1388.89282227,1011.40911865,784.144348145,3663.45605469,3129.7019043,637.334777832,558.414550781,439.01763916,543.876342773,781.174560547,708.312988281,516.735229492,353.512969971,581.261901855,774.783935547,130.979919434,289.879425049,298.951202393,92.2924957275,59.4464035034,51.2545127869,51.630897522,107.448753357,111.3931427,15.2247495651,11.0492305756,2.03015375137,0.183949783444,0.0373585782945,0.00204569264315,0.0000411247237935,4.70303866962e-8],"dvar2":[0.0197319686413,3.14090490341,35.534992218,70.6910095215,275.383544922,843.466796875,759.751953125,1855.29663086,3862.95581055,2491.5065918,1966.92041016,8812.23046875,7447.64111328,1580.62194824,1350.25036621,985.79864502,1347.97131348,1903.2097168,1750.55773926,1170.73620605,843.731628418,1392.08190918,1768.79528809,302.994476318,592.236755371,680.248168945,187.92678833,123.669288635,111.015510559,99.5443954468,172.735290527,184.170333862,28.1800384521,16.6220016479,3.60570454597,0.42752879858,0.0907796025276,0.00476027233526,0.0000952934788074,1.10977126155e-7],"max":[1.11288297176,15.3011283875,43.2932090759,57.6363487244,194.583694458,291.211456299,363.134460449,642.946472168,1155.27697754,859.472595215,1143.02307129,2143.12695312,2438.02514648,1332.42980957,914.623962402,741.63494873,564.19543457,746.654907227,1123.32983398,717.193054199,1246.48010254,1271.15930176,970.808654785,390.710876465,827.944824219,815.363586426,439.535461426,346.290618896,236.512878418,250.755325317,376.594299316,592.053894043,228.964080811,241.404251099,86.2543640137,13.2180089951,6.7696185112,0.76983487606,0.118246696889,0.00388691574335],"mean":[0.216689512134,1.73555648327,2.80368733406,2.83634543419,7.47572660446,15.5426502228,21.5613594055,31.8960113525,35.6170120239,25.7475223541,24.0513343811,45.0287704468,32.9733543396,21.4802780151,21.4750213623,19.3911800385,24.8887557983,24.5637569427,22.327041626,21.5315952301,18.9525566101,23.9046344757,24.4048614502,13.9066267014,15.4006652832,14.1867256165,6.49596166611,5.15912294388,4.91573190689,4.45394849777,4.47389650345,3.61947441101,1.53641247749,1.19054889679,0.610680341721,0.296430498362,0.123704947531,0.0325350835919,0.00429287971929,0.000177686641109],"median":[0.198608651757,1.49882817268,1.90398776531,1.58166277409,4.17495393753,9.48377513885,13.4542446136,18.5698375702,16.5240001678,9.90527248383,10.1657361984,14.5272579193,9.85651683807,9.78110122681,10.7717885971,9.63731479645,13.4641475677,10.5076599121,10.5124292374,9.01395988464,8.78589630127,11.3603191376,11.2620172501,7.29216432571,8.08851623535,5.57976722717,2.5514087677,1.97025084496,1.82156395912,1.39621567726,1.0488512516,0.733606219292,0.32585310936,0.26392018795,0.172944962978,0.107030831277,0.0437580160797,0.00805265177041,0.000802632886916,0.0000745835277485],"min":[9.01624469529e-11,3.52760404221e-10,2.18705845101e-10,3.3495503593e-10,1.06007291834e-9,1.03542407981e-9,1.67426683628e-9,2.04261185743e-9,2.04111993973e-9,2.01549954504e-9,2.4451793923e-9,2.10367856468e-9,1.39002531707e-9,1.39233702345e-9,1.75429804017e-9,1.36717115407e-9,1.06979314296e-9,9.46318690076e-10,1.3214959127e-9,2.16623541327e-9,1.0864179556e-9,8.74384786798e-10,4.80084305643e-10,1.63859398272e-10,5.73518288416e-10,9.03762065185e-10,1.38637790137e-9,1.47387557714e-9,6.56811105504e-10,7.39732941568e-10,6.76205258454e-10,5.809066006e-10,8.84417539204e-10,6.27606078218e-10,3.09558656486e-10,1.39282863021e-10,1.90025023494e-10,7.82001477462e-11,6.40125660811e-11,1.97869221008e-11],"var":[0.0231774095446,1.87909662724,12.3440189362,20.7523345947,131.61656189,403.565734863,726.847045898,1907.81872559,3879.28613281,2237.72436523,1737.26916504,8318.35742188,7330.08789062,2137.78393555,1289.75646973,1136.6105957,1159.7479248,2000.09326172,1409.06933594,1420.44055176,1498.33984375,1957.44799805,2196.1262207,400.968505859,1017.59197998,817.572753906,246.083389282,138.849838257,121.539749146,141.479187012,305.638275146,276.660339355,42.0719680786,33.0076599121,4.95114326477,0.324289113283,0.0523422956467,0.00344721181318,0.0000692625399097,7.46087138737e-8]},"erbbands_crest":{"dmean":2.22826576233,"dmean2":3.64836716652,"dvar":4.87632846832,"dvar2":12.6848869324,"max":29.5416507721,"mean":8.30175018311,"median":7.36800575256,"min":1.98051333427,"var":14.0489835739},"erbbands_flatness_db":{"dmean":0.0170135442168,"dmean2":0.0233723223209,"dvar":0.00030423811404,"dvar2":0.00057926349109,"max":0.334176629782,"mean":0.132487460971,"median":0.130070403218,"min":0.0135390423238,"var":0.00152530963533},"erbbands_kurtosis":{"dmean":0.643630802631,"dmean2":1.01579666138,"dvar":0.8490639925,"dvar2":1.97848951817,"max":29.2508468628,"mean":0.0718643143773,"median":-0.348349332809,"min":-1.76907622814,"var":2.78366374969},"erbbands_skewness":{"dmean":0.301362633705,"dmean2":0.463056385517,"dvar":0.0848498046398,"dvar2":0.177640423179,"max":4.95009374619,"mean":0.414564698935,"median":0.403886556625,"min":-3.08827257156,"var":0.478161603212},"erbbands_spread":{"dmean":6.87500715256,"dmean2":10.4125413895,"dvar":58.9856414795,"dvar2":128.54864502,"max":131.063476562,"mean":41.116268158,"median":37.7347946167,"min":5.96979284286,"var":289.752990723},"gfcc":{"cov":[[9485.02148438,-676.040283203,-658.248352051,106.723548889,-452.595550537,-6.3104929924,-291.359649658,186.148956299,-160.204238892,166.115325928,-180.410751343,86.2374038696,-156.279571533],[-676.040283203,1442.37426758,-415.989593506,-75.942565918,164.003387451,-85.3748245239,102.761253357,-43.2941131592,96.6667785645,-89.3850860596,79.5916748047,-35.2517242432,49.0120697021],[-658.248352051,-415.989593506,691.979553223,-18.8572158813,103.614822388,30.7400989532,25.5603256226,-3.93546962738,-40.6352958679,22.7201538086,-24.2880764008,32.7131538391,-11.0198020935],[106.723548889,-75.942565918,-18.8572158813,335.614501953,-69.8191070557,83.8768463135,-33.6887168884,-21.295671463,7.34626817703,-7.99025440216,22.8223438263,-20.6533126831,35.1471862793],[-452.595550537,164.003387451,103.614822388,-69.8191070557,290.150268555,-40.7503929138,94.9934997559,23.3391132355,25.2435626984,3.36383843422,-0.016775412485,21.6843471527,4.87657642365],[-6.3104929924,-85.3748245239,30.7400989532,83.8768463135,-40.7503929138,185.196716309,27.778049469,18.2177658081,4.15027189255,10.9454994202,10.5045471191,-8.53952312469,12.0317411423],[-291.359649658,102.761253357,25.5603256226,-33.6887168884,94.9934997559,27.778049469,162.751327515,40.8631706238,15.2711286545,3.20716977119,9.8332824707,-5.92568540573,1.23401331902],[186.148956299,-43.2941131592,-3.93546962738,-21.295671463,23.3391132355,18.2177658081,40.8631706238,101.257820129,31.2562484741,24.4594688416,-4.39407348633,7.28413105011,-4.08580541611],[-160.204238892,96.6667785645,-40.6352958679,7.34626817703,25.2435626984,4.15027189255,15.2711286545,31.2562484741,98.4926452637,21.2385005951,13.2014560699,2.38003945351,9.3159122467],[166.115325928,-89.3850860596,22.7201538086,-7.99025440216,3.36383843422,10.9454994202,3.20716977119,24.4594688416,21.2385005951,84.8893051147,19.4066886902,7.86396026611,-6.98148584366],[-180.410751343,79.5916748047,-24.2880764008,22.8223438263,-0.016775412485,10.5045471191,9.8332824707,-4.39407348633,13.2014560699,19.4066886902,83.1026992798,15.9627561569,13.7153377533],[86.2374038696,-35.2517242432,32.7131538391,-20.6533126831,21.6843471527,-8.53952312469,-5.92568540573,7.28413105011,2.38003945351,7.86396026611,15.9627561569,81.9751434326,17.2308330536],[-156.279571533,49.0120697021,-11.0198020935,35.1471862793,4.87657642365,12.0317411423,1.23401331902,-4.08580541611,9.3159122467,-6.98148584366,13.7153377533,17.2308330536,67.9582977295]],"icov":[[0.000180630711839,-0.0000257831306953,0.00021306052804,-0.000163435426657,0.000140418575029,0.0000181154464372,0.000210761558264,-0.000449479266535,0.000504935276695,-0.000513004721142,0.000535737606697,-0.000460314593511,0.000395592302084],[-0.0000257831306953,0.00140454655048,0.000738605158404,0.000435650144937,-0.00081775005674,0.000230755118537,-0.000557447550818,0.000993709196337,-0.00129192846362,0.001628609607,-0.00144545326475,0.000861997832544,-0.000672540743835],[0.00021306052804,0.000738605158404,0.00239738682285,-0.0000404770325986,-0.00103053008206,-0.000377967109671,-0.0000167927155417,0.000301442370983,0.00080513645662,-0.000505413452629,0.000611848023254,-0.000858531217091,0.000458157883259],[-0.000163435426657,0.000435650144937,-0.0000404770325986,0.00422022864223,0.00000408195046475,-0.00161867693532,0.000588300870731,0.00117016769946,-0.0013025382068,0.00141365744639,-0.00186136132106,0.00196225196123,-0.00233137863688],[0.000140418575029,-0.00081775005674,-0.00103053008206,0.00000408195046475,0.0057792798616,0.00141536316369,-0.00264091440476,-0.000618944759481,-0.00026914908085,-0.00108704320155,0.00150586874224,-0.00182163040154,0.000172091298737],[0.0000181154464372,0.000230755118537,-0.000377967109671,-0.00161867693532,0.00141536316369,0.00715371733531,-0.00212736730464,-0.00100333068985,-0.0000300979427266,-0.000462235446321,-0.000387167005101,0.000420352240326,-0.000810489756986],[0.000210761558264,-0.000557447550818,-0.0000167927155417,0.000588300870731,-0.00264091440476,-0.00212736730464,0.00987847521901,-0.00403838651255,0.00140414293855,-0.000024393253625,-0.000814066792373,0.00128635799047,0.000366850581486],[-0.000449479266535,0.000993709196337,0.000301442370983,0.00117016769946,-0.000618944759481,-0.00100333068985,-0.00403838651255,0.0152713377029,-0.00551155908033,-0.000876624893863,0.000457084097434,-0.000264717382379,-0.0004527461424],[0.000504935276695,-0.00129192846362,0.00080513645662,-0.0013025382068,-0.00026914908085,-0.0000300979427266,0.00140414293855,-0.00551155908033,0.0152192339301,-0.00517262145877,0.00151956570335,-0.00131288857665,-0.0000265736289293],[-0.000513004721142,0.001628609607,-0.000505413452629,0.00141365744639,-0.00108704320155,-0.000462235446321,-0.000024393253625,-0.000876624893863,-0.00517262145877,0.0178777910769,-0.00696779228747,0.00181455642451,0.000432061351603],[0.000535737606697,-0.00144545326475,0.000611848023254,-0.00186136132106,0.00150586874224,-0.000387167005101,-0.000814066792373,0.000457084097434,0.00151956570335,-0.00696779228747,0.0178200937808,-0.00531722512096,0.000166726022144],[-0.000460314593511,0.000861997832544,-0.000858531217091,0.00196225196123,-0.00182163040154,0.000420352240326,0.00128635799047,-0.000264717382379,-0.00131288857665,0.00181455642451,-0.00531722512096,0.0166070312262,-0.00558848818764],[0.000395592302084,-0.000672540743835,0.000458157883259,-0.00233137863688,0.000172091298737,-0.000810489756986,0.000366850581486,-0.0004527461424,-0.0000265736289293,0.000432061351603,0.000166726022144,-0.00558848818764,0.0189183261245]],"mean":[15.6492891312,92.5141525269,-97.0761184692,24.5505218506,-44.8760910034,5.09219169617,-32.9651641846,9.1670331955,-19.864364624,6.89800643921,-10.0510730743,8.34316730499,-10.6505184174]},"hfc":{"dmean":5.35605049133,"dmean2":7.60526132584,"dvar":85.6715316772,"dvar2":147.773147583,"max":338.877471924,"mean":21.08411026,"median":16.39204216,"min":2.50331222418e-8,"var":418.815032959},"melbands":{"dmean":[0.00054479209939,0.000733920547646,0.000375023722881,0.000504645111505,0.0003568342363,0.000320093153277,0.000266828865279,0.000135513866553,0.000120441400213,0.000141124837683,0.0000831166107673,0.00004894169615,0.0000424397512688,0.0000274747781077,0.0000341166960425,0.0000258416166616,0.0000238649627136,0.0000228850676649,0.0000137261904456,0.0000131643437271,0.0000105949493445,0.0000111374765766,0.0000138307796078,0.0000103075908555,0.00000483121766592,0.00000553803965886,0.00000568948280488,0.00000434687672168,0.00000248103674494,0.00000161253694841,0.00000174033630174,0.00000160538650107,0.00000148365336372,0.0000013482799659,0.00000124622033582,0.00000191930985238,0.00000106626805518,5.46224043774e-7,6.45861064186e-7,5.7598811054e-7],"dmean2":[0.00089345255401,0.00127632229123,0.000656393996906,0.000839159300085,0.000577465922106,0.000510392768774,0.000446177902631,0.000211155551369,0.000189607482753,0.000218831759412,0.000129310326884,0.0000799773697508,0.0000681850142428,0.0000432070810348,0.000054666736105,0.0000408229789173,0.0000376126117771,0.0000367068714695,0.0000212937247852,0.0000210207181226,0.0000168803289853,0.0000178005120688,0.0000219097000809,0.0000159837672982,0.00000771966551838,0.00000862174420035,0.00000880540301296,0.00000662329284751,0.00000382960934076,0.00000247038360612,0.00000271012027042,0.00000249552158493,0.0000022767117116,0.00000202201749744,0.00000177120705303,0.00000271717794931,0.00000147581363308,7.89085333963e-7,8.91848856099e-7,8.01749877155e-7],"dvar":[8.69797815994e-7,0.0000027408079859,7.38370829367e-7,0.00000109508368951,3.39233423574e-7,3.45018406733e-7,2.68114405344e-7,1.02192423412e-7,6.459539037e-8,1.33199293373e-7,8.19493664039e-8,1.56151997999e-8,8.2737363627e-9,5.3675934808e-9,5.96833915623e-9,2.58383914264e-9,2.81022782822e-9,2.53608534173e-9,1.30948396571e-9,7.31609772764e-10,5.91903914771e-10,6.75741851364e-10,1.11681563997e-9,5.96976190703e-10,8.35855898385e-11,1.29506919078e-10,2.99586716546e-10,1.5534407094e-10,6.57774598678e-11,1.93692631378e-11,2.70992065593e-11,2.04098335455e-11,1.71258059817e-11,1.92094794932e-11,3.02628512527e-11,1.01818997678e-10,2.88077704053e-11,5.82323295487e-12,1.25899846104e-11,8.26016772343e-12],"dvar2":[0.00000234866888604,0.00000789857767813,0.0000020633422082,0.00000295956260743,8.39177175749e-7,8.55643804698e-7,7.44184887935e-7,2.53347650414e-7,1.61402411436e-7,3.15624845371e-7,1.94127451891e-7,3.84969425227e-8,2.08099901755e-8,1.20452261498e-8,1.45578491484e-8,6.42442365972e-9,6.69662902908e-9,6.33342400747e-9,2.74435518755e-9,1.80300330221e-9,1.3858045822e-9,1.69859826205e-9,2.59191113017e-9,1.34643074468e-9,2.02877215028e-10,2.75936828942e-10,6.95071500356e-10,3.51357609674e-10,1.4068118892e-10,4.33910615771e-11,5.83812234667e-11,4.48808351594e-11,3.66758845516e-11,3.77208438096e-11,5.3025694946e-11,1.80835929564e-10,4.86857082427e-11,1.17171905858e-11,2.28893015652e-11,1.37536813535e-11],"max":[0.0136903803796,0.0188693273813,0.0123772397637,0.0174915101379,0.0105689261109,0.0126987537369,0.016017254442,0.00793036818504,0.00895733386278,0.0135288266465,0.0124209243804,0.00655364897102,0.00249236868694,0.00276545295492,0.00386156444438,0.00124823325314,0.00125849607866,0.00168775871862,0.00146607717033,0.0011316256132,0.00131671666168,0.00109351985157,0.00178881571628,0.000940313446335,0.00024461405701,0.000656053016428,0.000857525737956,0.000666570209432,0.000327243527863,0.000141456141137,0.000249740347499,0.000163486649399,0.000156197595061,0.000163393939147,0.000263068330241,0.000653996830806,0.000211114747799,0.000102846075606,0.000265826645773,0.000216574044316],"mean":[0.00207626773044,0.0018103257753,0.000587737420574,0.000870693940669,0.000777927984018,0.000729344086722,0.000504629919305,0.000257513427641,0.000223738592467,0.000274544931017,0.000163492863066,0.0000920850070543,0.0000769160033087,0.0000504576564708,0.0000614691452938,0.0000485042401124,0.0000451982559753,0.0000394534981751,0.0000261003806372,0.0000256149887718,0.0000215715590457,0.0000224590639846,0.0000272638189927,0.0000192991064978,0.00000969327629718,0.0000117807512652,0.0000113457435873,0.00000879620620253,0.00000438023107563,0.00000293082143799,0.00000297487031276,0.00000278651873487,0.00000263155311586,0.00000238530060415,0.0000022732879188,0.00000317148783324,0.00000181760822215,9.78073444458e-7,0.00000108136407562,9.77514446276e-7],"median":[0.00198684330098,0.00142864300869,0.000351459922967,0.000543442787603,0.00051571696531,0.000434378162026,0.00023928671726,0.0000887001588126,0.0000858819112182,0.0000847772244015,0.0000434354151366,0.0000374613882741,0.0000354287076334,0.0000209250847547,0.0000295883655781,0.0000238716966123,0.0000176261000888,0.0000170300427271,0.0000102082331068,0.0000107823479993,0.00000925758922676,0.00000998118503048,0.0000125254673549,0.00000770532278693,0.00000465089806312,0.00000606805269854,0.0000048670904107,0.00000298209351968,0.00000148600042849,0.00000112627151339,0.0000010552250842,9.94565084511e-7,8.932208857e-7,6.9771328981e-7,5.52100232198e-7,5.72455462589e-7,3.70477124534e-7,2.08893581544e-7,2.08432624049e-7,2.10616633467e-7],"min":[7.84011961255e-13,3.9486166073e-13,9.46007120838e-14,5.10444923905e-14,6.24448816223e-14,4.58844252741e-14,3.00044379262e-14,2.29049160823e-14,1.90837048177e-14,1.2964156048e-14,6.69288843097e-15,5.45496333109e-15,5.83635007998e-15,3.99992632264e-15,3.15454106623e-15,1.88245872747e-15,1.76508156032e-15,2.11177955717e-15,2.63447765969e-15,2.72436500781e-15,9.00316401834e-16,8.67810983088e-16,7.36369257366e-16,2.5604543387e-16,9.84978086066e-17,2.04568356459e-16,7.16264771544e-16,5.63705826233e-16,8.79289073616e-16,9.46934448273e-16,8.02071273744e-16,3.3947029118e-16,3.04346720064e-16,4.72013239143e-16,2.76685985668e-16,5.73703620807e-16,2.59966111155e-16,5.08849854986e-16,7.98088154249e-16,4.19701331354e-16],"var":[0.00000186322688478,0.00000298604209092,7.23959715287e-7,0.00000125881012991,8.09197047147e-7,9.15628504572e-7,7.20050024938e-7,2.38767626115e-7,1.48047178072e-7,3.17251164006e-7,1.97215754838e-7,5.30248627229e-8,1.81596568893e-8,1.26715322679e-8,1.10794307062e-8,5.82849546404e-9,7.2038046639e-9,4.99919927677e-9,3.0485827196e-9,2.21702434189e-9,2.11059436594e-9,1.95316407492e-9,3.32980731876e-9,1.4664187642e-9,2.0839997783e-10,4.68607930237e-10,7.27393145716e-10,3.87554127679e-10,1.48968726243e-10,4.56878701538e-11,5.48789104438e-11,4.42090392072e-11,3.86304044309e-11,4.95285548685e-11,7.75686251342e-11,2.27442065182e-10,7.16747217133e-11,1.48529296501e-11,3.17072861022e-11,2.22769164226e-11]},"melbands_crest":{"dmean":2.22124457359,"dmean2":3.65571904182,"dvar":4.74712896347,"dvar2":12.5489120483,"max":39.8630256653,"mean":13.4640445709,"median":12.7412490845,"min":3.89656019211,"var":19.6375083923},"melbands_flatness_db":{"dmean":0.020674392581,"dmean2":0.0298162773252,"dvar":0.000500231806654,"dvar2":0.00103983841836,"max":0.648821771145,"mean":0.213329434395,"median":0.203923538327,"min":0.043017629534,"var":0.00435639964417},"melbands_kurtosis":{"dmean":4.98133230209,"dmean2":7.82035255432,"dvar":104.515144348,"dvar2":231.719955444,"max":812.393798828,"mean":14.3205595016,"median":8.74145030975,"min":-1.28971385956,"var":538.428649902},"melbands_skewness":{"dmean":0.504599988461,"dmean2":0.788018643856,"dvar":0.331006377935,"dvar2":0.812388062477,"max":27.5815868378,"mean":2.74801063538,"median":2.45851945877,"min":-0.196013242006,"var":2.25347471237},"melbands_spread":{"dmean":4.64998197556,"dmean2":7.03679895401,"dvar":51.5466156006,"dvar2":97.8274841309,"max":192.652999878,"mean":19.7919063568,"median":16.6442375183,"min":0.299885094166,"var":224.110702515},"mfcc":{"cov":[[6057.03808594,-546.446899414,-293.949523926,-23.8296375275,-212.286621094,-144.137710571,-169.262145996,-27.3822536469,-37.725692749,73.9229354858,21.2075862885,0.390402644873,-31.6291389465],[-546.446899414,1319.16931152,-366.985839844,17.513885498,17.4872303009,-51.4524421692,7.09897994995,59.3775596619,-1.71543574333,-11.0222101212,34.7206726074,-3.0390753746,17.1392745972],[-293.949523926,-366.985839844,500.773101807,9.72721385956,46.8648338318,69.6019439697,36.8903846741,-22.7922592163,2.47328281403,-19.8385028839,-25.312625885,7.03148460388,0.371737629175],[-23.8296375275,17.513885498,9.72721385956,190.385269165,47.5860710144,17.2082843781,10.6109638214,1.42145562172,9.24774265289,-5.17399454117,-8.49642658234,3.62332034111,9.86708259583],[-212.286621094,17.4872303009,46.8648338318,47.5860710144,139.839477539,28.3996372223,7.70444011688,3.77408623695,20.2864570618,-8.21174526215,-1.83204185963,5.18765068054,10.4981842041],[-144.137710571,-51.4524421692,69.6019439697,17.2082843781,28.3996372223,123.646560669,40.8812065125,14.2341661453,11.1602039337,8.16159343719,1.63473331928,8.41142559052,-5.98818397522],[-169.262145996,7.09897994995,36.8903846741,10.6109638214,7.70444011688,40.8812065125,140.140975952,27.9807281494,19.4299106598,17.110786438,14.0105400085,-0.433852344751,-0.896968066692],[-27.3822536469,59.3775596619,-22.7922592163,1.42145562172,3.77408623695,14.2341661453,27.9807281494,97.4820709229,28.4394683838,10.4492177963,8.24555587769,0.758283376694,0.645648598671],[-37.725692749,-1.71543574333,2.47328281403,9.24774265289,20.2864570618,11.1602039337,19.4299106598,28.4394683838,99.2410507202,23.7746009827,9.77196502686,3.43102288246,-1.54423487186],[73.9229354858,-11.0222101212,-19.8385028839,-5.17399454117,-8.21174526215,8.16159343719,17.110786438,10.4492177963,23.7746009827,97.1668014526,27.7568054199,5.41337442398,-0.232925847173],[21.2075862885,34.7206726074,-25.312625885,-8.49642658234,-1.83204185963,1.63473331928,14.0105400085,8.24555587769,9.77196502686,27.7568054199,71.5467453003,21.6408748627,5.67110300064],[0.390402644873,-3.0390753746,7.03148460388,3.62332034111,5.18765068054,8.41142559052,-0.433852344751,0.758283376694,3.43102288246,5.41337442398,21.6408748627,68.0411682129,20.6859874725],[-31.6291389465,17.1392745972,0.371737629175,9.86708259583,10.4981842041,-5.98818397522,-0.896968066692,0.645648598671,-1.54423487186,-0.232925847173,5.67110300064,20.6859874725,64.1828384399]],"icov":[[0.000201648406801,0.000131004213472,0.000155451532919,-0.0000798638866399,0.000213409759453,0.00012136658188,0.000181598661584,-0.0000587205759075,0.0000434358371422,-0.00012070316734,-0.0000589857372688,-0.0000321401967085,0.000071488924732],[0.000131004213472,0.00109853083268,0.000846685725264,-0.0000960485267569,-0.000230875753914,0.000244357419433,-0.0000993445937638,-0.000487740937388,0.000201065951842,0.000273344281595,-0.000368061562767,0.0000872755845194,-0.000144626945257],[0.000155451532919,0.000846685725264,0.0030122064054,0.000114562906674,-0.000659353216179,-0.000918506120797,-0.00056921725627,0.000440562958829,0.0000395576680603,0.000512762810104,0.000588698952924,-0.000318303034874,-0.000121399461932],[-0.0000798638866399,-0.0000960485267569,0.000114562906674,0.00588835915551,-0.0019246947486,-0.000468660786282,-0.000451956904726,0.000233544575167,-0.000239747401793,0.000118790296256,0.000940175785217,-0.00022145161347,-0.000674223643728],[0.000213409759453,-0.000230875753914,-0.000659353216179,-0.0019246947486,0.00902827829123,-0.00148089393042,0.000651521608233,0.000220966743655,-0.0017904471606,0.000845748989377,-0.000334866927005,0.000149912651978,-0.00120021682233],[0.00012136658188,0.000244357419433,-0.000918506120797,-0.000468660786282,-0.00148089393042,0.0103591019288,-0.00227034953423,-0.00115012167953,0.000273207901046,-0.000838193576783,0.000415923626861,-0.00165381736588,0.00176028639544],[0.000181598661584,-0.0000993445937638,-0.00056921725627,-0.000451956904726,0.000651521608233,-0.00227034953423,0.0088966768235,-0.00185463437811,-0.00064146949444,-0.000855151738506,-0.00160526833497,0.00105895067099,-0.000204596013646],[-0.0000587205759075,-0.000487740937388,0.000440562958829,0.000233544575167,0.000220966743655,-0.00115012167953,-0.00185463437811,0.01225799229,-0.00312854605727,0.0000252122918027,-0.000202518771403,0.000227201526286,-0.000360336911399],[0.0000434358371422,0.000201065951842,0.0000395576680603,-0.000239747401793,-0.0017904471606,0.000273207901046,-0.00064146949444,-0.00312854605727,0.0121539700776,-0.00260972208343,-0.000278312450973,-0.000403818266932,0.000782889546826],[-0.00012070316734,0.000273344281595,0.000512762810104,0.000118790296256,0.000845748989377,-0.000838193576783,-0.000855151738506,0.0000252122918027,-0.00260972208343,0.0126834474504,-0.00441829720512,0.00057364127133,-0.00019370028167],[-0.0000589857372688,-0.000368061562767,0.000588698952924,0.000940175785217,-0.000334866927005,0.000415923626861,-0.00160526833497,-0.000202518771403,-0.000278312450973,-0.00441829720512,0.0182618610561,-0.00565893109888,0.000181992247235],[-0.0000321401967085,0.0000872755845194,-0.000318303034874,-0.00022145161347,0.000149912651978,-0.00165381736588,0.00105895067099,0.000227201526286,-0.000403818266932,0.00057364127133,-0.00565893109888,0.0184247903526,-0.00561545137316],[0.000071488924732,-0.000144626945257,-0.000121399461932,-0.000674223643728,-0.00120021682233,0.00176028639544,-0.000204596013646,-0.000360336911399,0.000782889546826,-0.00019370028167,0.000181992247235,-0.00561545137316,0.0179319083691]],"mean":[-635.700927734,133.485412598,4.15824985504,27.1042709351,7.13032817841,3.58600068092,-0.319089412689,4.64570569992,-4.85892915726,2.2643699646,1.85043764114,0.895826041698,1.91172766685]},"pitch_salience":{"dmean":0.0509637668729,"dmean2":0.0833064541221,"dvar":0.00245707342401,"dvar2":0.0062907342799,"max":0.905644357204,"mean":0.537258267403,"median":0.545906543732,"min":0.0272391848266,"var":0.0107156438753},"silence_rate_20dB":{"dmean":0,"dmean2":0,"dvar":0,"dvar2":0,"max":1,"mean":1,"median":1,"min":1,"var":0},"silence_rate_30dB":{"dmean":0.00102319230791,"dmean2":0.00204655923881,"dvar":0.00102213874925,"dvar2":0.00272453157231,"max":1,"mean":0.99931794405,"median":1,"min":0,"var":0.0006816056557},"silence_rate_60dB":{"dmean":0.00341064110398,"dmean2":0.00682186428457,"dvar":0.00339882704429,"dvar2":0.00779787870124,"max":1,"mean":0.0196947734803,"median":0,"min":0,"var":0.0193079859018},"spectral_centroid":{"dmean":206.610839844,"dmean2":311.793243408,"dvar":63761.8007812,"dvar2":117735.734375,"max":10884.2060547,"mean":1198.91235352,"median":1082.33044434,"min":93.5173950195,"var":382371.59375},"spectral_complexity":{"dmean":3.05542302132,"dmean2":4.73420333862,"dvar":11.0999155045,"dvar2":22.6740779877,"max":52,"mean":20.0996665955,"median":19,"min":0,"var":81.5071792603},"spectral_contrast_coeffs":{"dmean":[0.0443056859076,0.0449171550572,0.0359144024551,0.0283031649888,0.0222660526633,0.0171747095883],"dmean2":[0.0738231092691,0.0746578499675,0.0589123703539,0.0463731437922,0.0357178673148,0.0267018191516],"dvar":[0.00161261216272,0.00140740617644,0.000841375207528,0.000494976062328,0.000347550143488,0.000264314119704],"dvar2":[0.00422621238977,0.00379800773226,0.00217101420276,0.00130509573501,0.000865983020049,0.000603649939876],"max":[-0.300980329514,-0.451173245907,-0.511797845364,-0.601953804493,-0.556789338589,-0.591099500656],"mean":[-0.670661330223,-0.697012066841,-0.753585040569,-0.773247897625,-0.770819604397,-0.771024048328],"median":[-0.678676068783,-0.697130680084,-0.75868499279,-0.775277137756,-0.771737158298,-0.771331906319],"min":[-0.965464472771,-0.964854717255,-0.968118667603,-0.973001003265,-0.958376288414,-0.95731151104],"var":[0.00572851160541,0.00498832995072,0.00369219481945,0.00209422316402,0.001807415043,0.00128434621729]},"spectral_contrast_valleys":{"dmean":[0.323729068041,0.316339761019,0.284275650978,0.250366389751,0.24924518168,0.32614710927],"dmean2":[0.538443684578,0.517335355282,0.458337843418,0.393071562052,0.359090209007,0.404844909906],"dvar":[0.0999468490481,0.0901686325669,0.0786807015538,0.0709566399455,0.0889314934611,0.160280302167],"dvar2":[0.240782141685,0.208240047097,0.168127909303,0.135532155633,0.162488743663,0.284900277853],"max":[-5.22748947144,-4.58704948425,-5.40561819077,-5.81111764908,-5.51261806488,-7.02239322662],"mean":[-6.83440637589,-6.588783741,-7.35236930847,-7.69617986679,-7.64840745926,-10.2318878174],"median":[-6.63472080231,-6.48823642731,-7.25053262711,-7.59562015533,-7.49349880219,-10.0571899414],"min":[-27.3036975861,-27.4351844788,-27.325843811,-27.2024364471,-27.2849178314,-27.2938423157],"var":[0.983931779861,0.971948683262,0.985522806644,0.994052052498,1.07043111324,1.35417807102]},"spectral_decrease":{"dmean":1.78566628151e-9,"dmean2":2.93975821464e-9,"dvar":6.58139802369e-18,"dvar2":1.72375952783e-17,"max":2.21263865541e-16,"mean":-7.37613436996e-9,"median":-6.78104594698e-9,"min":-3.39773649216e-8,"var":1.70092653051e-17},"spectral_energy":{"dmean":0.00704031577334,"dmean2":0.011536443606,"dvar":0.000100482131529,"dvar2":0.000261618959485,"max":0.148448333144,"mean":0.0297516305,"median":0.0272869300097,"min":7.53797805425e-12,"var":0.000276388949715},"spectral_energyband_high":{"dmean":0.000377060176106,"dmean2":0.000503968913108,"dvar":0.00000100453394225,"dvar2":0.00000147105413362,"max":0.0369732044637,"mean":0.000868942704983,"median":0.000354051386239,"min":1.00446831842e-12,"var":0.00000392729589294},"spectral_energyband_low":{"dmean":0.00334724690765,"dmean2":0.00569589063525,"dvar":0.0000496800894325,"dvar2":0.000140114381793,"max":0.0818512141705,"mean":0.0104785393924,"median":0.00963616929948,"min":3.73537182088e-12,"var":0.000058423524024},"spectral_energyband_middle_high":{"dmean":0.00130709039513,"dmean2":0.00197654380463,"dvar":0.00000497154042023,"dvar2":0.0000106936104203,"max":0.085061699152,"mean":0.00479310797527,"median":0.00310442782938,"min":2.46417849233e-13,"var":0.000030905190215},"spectral_energyband_middle_low":{"dmean":0.00472121592611,"dmean2":0.00770848477259,"dvar":0.0000434328794654,"dvar2":0.000112101624836,"max":0.106824412942,"mean":0.014209731482,"median":0.0118739707395,"min":1.31036620356e-12,"var":0.000110886634502},"spectral_entropy":{"dmean":0.15113247931,"dmean2":0.213905513287,"dvar":0.026629537344,"dvar2":0.0505134016275,"max":9.79358291626,"mean":7.53497266769,"median":7.5659403801,"min":4.83704090118,"var":0.170736253262},"spectral_flux":{"dmean":0.0193770006299,"dmean2":0.0300078615546,"dvar":0.000593759526964,"dvar2":0.00115731917322,"max":0.2808393538,"mean":0.0745831504464,"median":0.0676426440477,"min":0.0000168130172824,"var":0.00163666438311},"spectral_kurtosis":{"dmean":1.58114206791,"dmean2":2.54854226112,"dvar":4.51798152924,"dvar2":11.6958065033,"max":61.0670547485,"mean":5.88182449341,"median":5.38864612579,"min":-1.2072879076,"var":13.9313030243},"spectral_rms":{"dmean":0.000602966989391,"dmean2":0.000971714907791,"dvar":5.86878513786e-7,"dvar2":0.0000014957224721,"max":0.0120344357565,"mean":0.00515919504687,"median":0.00515959272161,"min":8.57561914813e-8,"var":0.0000024086969006},"spectral_rolloff":{"dmean":372.946380615,"dmean2":616.792419434,"dvar":783347.75,"dvar2":1636170.375,"max":21748.5351562,"mean":1211.35961914,"median":753.662109375,"min":21.533203125,"var":2317653},"spectral_skewness":{"dmean":0.205896914005,"dmean2":0.316792428493,"dvar":0.0506243184209,"dvar2":0.116634078324,"max":5.89652490616,"mean":1.78557121754,"median":1.78484201431,"min":0.0143817598,"var":0.268720507622},"spectral_spread":{"dmean":600290.4375,"dmean2":794366.75,"dvar":597322563584,"dvar2":1040883712000,"max":40148964,"mean":4769274.5,"median":4455007.5,"min":1330206.875,"var":3042293317630},"spectral_strongpeak":{"dmean":0.365046739578,"dmean2":0.634638488293,"dvar":0.507229447365,"dvar2":1.30533850193,"max":14.5764188766,"mean":0.702608108521,"median":0.363294661045,"min":0,"var":0.819784283638},"zerocrossingrate":{"dmean":0.0104101998731,"dmean2":0.0116654541343,"dvar":0.000203476854949,"dvar2":0.000193612766452,"max":0.849609375,"mean":0.056689247489,"median":0.04931640625,"min":0,"var":0.00172016746365}},"metadata":{"audio_properties":{"analysis_sample_rate":44100,"bit_rate":0,"codec":"flac","downmix":"mix","equal_loudness":0,"length":272.306671143,"lossless":true,"md5_encoded":"80a5815cbbd22f2d739dfad059273dcb","replay_gain":-14.8748397827},"tags":{"album":["All That You Can’t Leave Behind"],"albumartist":["U2"],"albumartistsort":["U2"],"albumsort":["All That You Can’t Leave Behind (2000-10-31, U2, 379a26c2-57b7-416b-b08d-f4e3253caa19)"],"artist":["U2"],"artists":["U2"],"artistsort":["U2"],"asin":["B00004Z0LW"],"barcode":["731452465320"],"catalognumber":["3145246532"],"composer":["U2"],"composersort":["U2"],"date":["2000-10-31"],"discnumber":["1"],"disctotal":["1"],"engineer":["Richard Rainey","Chris Heaney"],"file_name":"02 - U2 - Stuck in a Moment You Can't Get Out Of.flac","genre":["Rock"],"isrc":["GBAAN0000226"],"label":["Interscope Records"],"language":["eng"],"media":["CD"],"mixer":["Jay Goin","Tim Palmer"],"musicbrainz_albumartistid":["a3cb23fc-acd3-4ce0-8f36-1e5aa6a18432"],"musicbrainz_albumid":["379a26c2-57b7-416b-b08d-f4e3253caa19"],"musicbrainz_artistid":["a3cb23fc-acd3-4ce0-8f36-1e5aa6a18432"],"musicbrainz_recordingid":["2125520e-24a2-408b-823c-c227a387577c"],"musicbrainz_releasegroupid":["88c59b55-200d-3ac1-beff-8eb99830807e"],"musicbrainz_releasetrackid":["be344b24-67bf-32ac-a0a0-df6e36040355"],"musicbrainz_workid":["bf949ff5-ce61-3547-adba-7e13b1a5f4fe"],"musicip_puid":["e9fa409b-a103-64ee-97a9-8a72a267d369"],"originaldate":["2000-10-30"],"performer":["Bono (synthesizer)","Brian Eno (synthesizer)","Adam Clayton (bass guitar)","The Edge (guitar and piano)","Bono (guitar)","Bono (vocals)","The Edge (vocals)","Larry Mullen, Jr. (drums and percussion)","Paul Barrett (guest brass)","Daniel Lanois (additional guitar)"],"producer":["Daniel Lanois","Brian Eno"],"releasecountry":["US"],"releasestatus":["official"],"releasetype":["album