{"lowlevel":{"average_loudness":0.962510168552,"barkbands":{"dmean":[0.000135403257445,0.00484282337129,0.00231228442863,0.00119164725766,0.00158783968072,0.00188804615755,0.00119929958601,0.000572560878936,0.000534871825948,0.00143988907803,0.000292380718747,0.00051819276996,0.000352018862031,0.000324278109474,0.000592990778387,0.000663438288029,0.000367945438484,0.000270102696959,0.000173647073098,0.000151683430886,0.000150379637489,0.0000956297881203,0.000103830454464,0.0000634420430288,0.000036448269384,0.0000091357724159,8.17080319848e-7],"dmean2":[0.000225828116527,0.00864163693041,0.0040149660781,0.00209013838321,0.0026732517872,0.00314532010816,0.00192387460265,0.000905727734789,0.000886823632754,0.00245823268779,0.00048814949696,0.000872073986102,0.00058675132459,0.000542717287317,0.000985780614428,0.00111819175072,0.000615543627646,0.000438597402535,0.000278941035504,0.000242047404754,0.000230359553825,0.000141967466334,0.00014719106548,0.0000901349558262,0.0000521673937328,0.0000129735417431,0.00000120690708627],"dvar":[3.79454725419e-8,0.000051184430049,0.0000109595857793,0.00000343986289408,0.00000454344717582,0.0000117127174235,0.00000229575880439,6.87220904183e-7,9.84993675957e-7,0.00000440531039203,2.91873249125e-7,0.00000138182542742,1.9614820701e-7,3.05701746584e-7,4.6881402227e-7,6.94552966252e-7,2.09280102581e-7,1.2923966608e-7,5.58985604471e-8,7.86523699503e-8,1.05772834047e-7,2.86373005309e-8,5.30040225044e-8,2.80732326274e-8,9.12808051368e-9,2.96614399709e-10,2.26620892191e-12],"dvar2":[9.28156325131e-8,0.000145936617628,0.0000300642550428,0.00000947160060605,0.0000125459782794,0.0000314845128742,0.00000547784748051,0.00000160490367307,0.0000026582697501,0.0000119567175716,7.20828211342e-7,0.00000374712840312,5.07916070092e-7,7.8899051914e-7,0.00000125577037124,0.0000019930655526,5.45592854451e-7,3.25601490658e-7,1.40894442779e-7,1.85746245052e-7,2.31581950061e-7,5.90977613513e-8,1.01071194081e-7,5.81808485833e-8,1.8965662818e-8,6.21843909698e-10,5.13478886147e-12],"max":[0.00240883184597,0.0652268826962,0.0322702899575,0.021666251123,0.0341179594398,0.0386357307434,0.0251646507531,0.0140008265153,0.0270035155118,0.0263341572136,0.0158411301672,0.0336179099977,0.0102316010743,0.0162373501807,0.0102499462664,0.0142357777804,0.00925953593105,0.00704716704786,0.00669380743057,0.00747303618118,0.0116716520861,0.00559294456616,0.00986754428595,0.0060228491202,0.00354111217894,0.000286609720206,0.0000184882846952],"mean":[0.000143987941556,0.00608328869566,0.00323114404455,0.00148064526729,0.00303510413505,0.00296741141938,0.00212599616498,0.000943116960116,0.000885641667992,0.00203051860444,0.00049346848391,0.000871363794431,0.000637106015347,0.000612626143266,0.00119573017582,0.00155429076403,0.000835003564134,0.000615809927694,0.000435807538452,0.000357710523531,0.000330834416673,0.000214135681745,0.000212972081499,0.00012910591613,0.0000718009323464,0.000016486583263,0.00000125393910366],"median":[0.0000593763616052,0.00396870914847,0.00202527130023,0.000763885967899,0.00204944773577,0.00161103601567,0.00143265689258,0.000468430866022,0.000483432726469,0.00114552944433,0.000296359095955,0.000489925907459,0.000497715023812,0.000462142314063,0.000963795697317,0.00110307335854,0.000691616616677,0.000488674908411,0.000333623960614,0.000228573873756,0.000191426253878,0.00014836207265,0.000116785820865,0.0000647737615509,0.0000282888813672,0.00000525943687535,2.59938332192e-7],"min":[4.57038989987e-11,5.95749511945e-8,3.76809623504e-7,1.5806057263e-7,0.00000106719983251,0.00000451832647741,8.63574825871e-7,1.95177776163e-8,1.27554926621e-7,1.03575054311e-7,3.96053678742e-8,2.71433560073e-8,2.58281662724e-8,1.68301372838e-8,3.07792724641e-8,1.01412247488e-7,4.28116990747e-8,3.15698045483e-8,4.1785703786e-9,2.31398833428e-9,2.79583445284e-9,3.74276920567e-9,3.81438214347e-9,1.34016175934e-9,6.29635621419e-10,3.82866599535e-10,1.14415553421e-10],"var":[4.68620982019e-8,0.0000503386509081,0.0000137979313877,0.00000396378709411,0.0000104185628516,0.0000142104254337,0.00000546877890883,0.0000015965822513,0.00000173213334165,0.00000656413885736,6.98214137174e-7,0.00000249656000051,3.67202602547e-7,5.00602197917e-7,0.00000101246735085,0.00000209798758988,4.6698511369e-7,3.12575309636e-7,1.6191074792e-7,1.87914821481e-7,2.54546364431e-7,6.73768667525e-8,1.69930714833e-7,9.87894068771e-8,2.85655321619e-8,7.52198692222e-10,3.99426195244e-12]},"barkbands_crest":{"dmean":2.40627884865,"dmean2":4.12821388245,"dvar":4.74949550629,"dvar2":13.7434387207,"max":21.9863872528,"mean":7.51003360748,"median":6.94791221619,"min":2.3799738884,"var":8.03388309479},"barkbands_flatness_db":{"dmean":0.0158485155553,"dmean2":0.0243814252317,"dvar":0.00019451334083,"dvar2":0.000443635392003,"max":0.286596745253,"mean":0.100328028202,"median":0.0932003632188,"min":0.0249714571983,"var":0.00128634658176},"barkbands_kurtosis":{"dmean":0.980812251568,"dmean2":1.62997567654,"dvar":1.55617880821,"dvar2":4.03807067871,"max":21.8458442688,"mean":0.401863992214,"median":-0.160762786865,"min":-1.80033922195,"var":3.37983751297},"barkbands_skewness":{"dmean":0.380226165056,"dmean2":0.627793133259,"dvar":0.110988967121,"dvar2":0.299676418304,"max":4.04251527786,"mean":0.951939284801,"median":0.89566296339,"min":-0.683230936527,"var":0.339981406927},"barkbands_spread":{"dmean":4.72848129272,"dmean2":7.531437397,"dvar":18.4455661774,"dvar2":44.084274292,"max":85.9544219971,"mean":28.4061489105,"median":28.6633644104,"min":3.55253696442,"var":95.2144317627},"dissonance":{"dmean":0.0124149806798,"dmean2":0.0213468782604,"dvar":0.000126328028273,"dvar2":0.000351061113179,"max":0.499999970198,"mean":0.475734889507,"median":0.480145603418,"min":0.339093446732,"var":0.00033492280636},"dynamic_complexity":2.12009716034,"erbbands":{"dmean":[0.107683829963,1.23011946678,2.79137969017,3.20528435707,4.66525125504,6.0562620163,9.15383338928,18.2134361267,18.5567684174,10.5554056168,13.3993902206,12.5873231888,17.4756450653,48.0608329773,14.5833692551,17.9719295502,15.9705066681,13.7717285156,31.7791690826,21.5624694824,40.3915214539,17.6579551697,12.9301929474,12.2138814926,7.3693022728,6.57379674911,7.85304641724,3.9427819252,3.21030521393,3.28929781914,3.03320550919,1.65921103954,0.937078118324,0.523231625557,0.208014830947,0.0563064999878,0.0145462164655,0.00214159698226,0.000137347946293,0.0000135269037855],"dmean2":[0.192912504077,2.18587660789,4.82620954514,5.62638902664,7.94924211502,10.2692775726,15.1455049515,30.8305130005,29.8919887543,17.1173782349,20.9905128479,20.9105396271,29.3163261414,81.8026733398,24.1029911041,30.3318767548,26.6559829712,22.9265880585,52.7208518982,36.1768798828,68.4169921875,29.3065185547,21.0088939667,19.7319698334,11.8412866592,10.4090719223,12.1349163055,5.90541410446,4.75709152222,4.72888469696,4.3175573349,2.35683679581,1.36667764187,0.750459969044,0.301344096661,0.0808031782508,0.0206674840301,0.00306445453316,0.000196660505026,0.0000206081640499],"dvar":[0.0214913506061,3.38506245613,16.6541481018,23.0705223083,53.2643661499,74.2350006104,155.563095093,1481.35705566,511.84765625,242.062240601,418.125335693,727.714782715,709.273620605,5050.83398438,718.247558594,1185.32995605,408.525146484,363.16809082,1577.50585938,772.371643066,2698.15942383,466.933654785,281.208312988,299.089996338,95.1513214111,183.115661621,333.042877197,52.5574607849,32.3703155518,36.9210281372,50.7248954773,17.5084514618,7.25716543198,1.90599989891,0.357464402914,0.0150363696739,0.000678186770529,0.0000152087723109,5.97700022809e-8,2.75422712415e-10],"dvar2":[0.0625452250242,9.6107416153,45.5582237244,63.5524139404,146.276733398,204.878158569,411.901824951,4021.19897461,1242.02807617,592.69342041,967.457214355,1971.50024414,1927.16394043,13696.7880859,1840.79162598,3308.78491211,1087.73132324,950.662719727,4120.70849609,2131.63085938,7764.51074219,1205.49511719,699.467224121,758.530700684,240.765869141,425.06842041,730.436767578,103.013786316,64.4451980591,71.2723693848,98.3904571533,33.5889778137,17.0223274231,3.86659312248,0.790556907654,0.0323169641197,0.00139504810795,0.0000326708504872,1.28889979578e-7,6.41458830497e-10],"max":[1.20438909531,17.347038269,44.1093597412,58.8932495117,108.029212952,198.075164795,190.758163452,430.398864746,385.560821533,499.178894043,396.669006348,824.262451172,554.429321289,904.603942871,683.202392578,904.331115723,493.43649292,698.639465332,829.25402832,476.407775879,932.979309082,483.097991943,441.731201172,486.60635376,180.543869019,390.131591797,673.111633301,238.600845337,208.155807495,222.212402344,286.528808594,190.612533569,88.027381897,57.4924583435,16.6534786224,2.49874091148,0.347509592772,0.0523764938116,0.00263853976503,0.000233990198467],"mean":[0.120751000941,1.53988003731,4.07929039001,4.43466377258,7.25822925568,10.4667711258,16.4873695374,26.797121048,32.8030662537,20.0202598572,23.2758579254,21.9387378693,30.7270431519,67.70652771,28.7085781097,32.5109100342,30.0737228394,29.4231967926,61.3470878601,53.2846298218,94.0059661865,46.4164810181,33.1004714966,29.4335613251,19.2631340027,16.7386360168,19.0036010742,9.15714263916,7.29924869537,6.87453222275,6.08333873749,3.37886929512,1.82613956928,1.02601349354,0.387647509575,0.105214819312,0.0253125391901,0.0035317374859,0.000237510175793,0.000046032735554],"median":[0.0746067985892,0.974635481834,2.59836435318,2.78748083115,3.94098520279,6.39327001572,10.2744350433,12.9483976364,22.987947464,14.0198068619,11.4498138428,11.9349594116,20.4331665039,38.3141021729,19.2400588989,21.2539672852,23.7694091797,24.0965309143,48.4132499695,44.7348937988,66.4296569824,40.4421577454,27.9620952606,22.7762680054,14.331700325,10.7796926498,10.1930322647,6.34399604797,4.99379253387,4.1851477623,3.29402184486,1.71035051346,0.853791117668,0.422329038382,0.139030396938,0.0368561036885,0.00703683122993,0.000811272708233,0.0000714922207408,0.0000435830515926],"min":[0.00000197896633836,0.0000401895340474,0.00063273118576,0.000544133305084,0.00351128773764,0.00393881741911,0.0231157485396,0.0388355217874,0.0220689047128,0.00322139635682,0.000772981264163,0.00323800276965,0.00404988368973,0.00164146709722,0.00233744084835,0.00104970100801,0.00115365639795,0.00114519055933,0.00142382457852,0.00225570308976,0.00480476999655,0.00273410486989,0.0021627380047,0.000318724079989,0.000154507622938,0.000100339369965,0.000121235352708,0.000107631116407,0.000112994064693,0.000138090108521,0.0000962534249993,0.0000424031677539,0.0000195256343432,0.00000831221132103,0.00000436445361629,0.00000208677397495,8.09618200037e-7,1.90156924873e-7,1.05925067828e-7,3.65049785955e-8],"var":[0.0202834960073,3.32981705666,20.9686660767,26.697101593,97.0895309448,161.206451416,332.828186035,1486.71484375,1133.19702148,576.242919922,1011.09906006,1235.52050781,1529.19384766,7490.03222656,1614.89770508,2204.84643555,732.502746582,798.323303223,2987.32080078,1872.03857422,7794.66113281,1248.52722168,729.978271484,770.229614258,305.764251709,441.809448242,945.782836914,130.221832275,79.5730895996,103.089179993,158.137802124,65.5373840332,19.7699241638,6.11240053177,0.877227127552,0.039821986109,0.00160374911502,0.0000303547658405,1.18262619253e-7,7.4066464073e-10]},"erbbands_crest":{"dmean":2.14417552948,"dmean2":3.60125350952,"dvar":3.856112957,"dvar2":10.5842285156,"max":25.8056297302,"mean":7.19237852097,"median":6.53374624252,"min":2.45599937439,"var":7.91166448593},"erbbands_flatness_db":{"dmean":0.0153090860695,"dmean2":0.023161502555,"dvar":0.000207056451472,"dvar2":0.000434716843301,"max":0.327876061201,"mean":0.150897845626,"median":0.146912440658,"min":0.0670417547226,"var":0.00134983065072},"erbbands_kurtosis":{"dmean":0.469027191401,"dmean2":0.760085821152,"dvar":0.226239353418,"dvar2":0.569852888584,"max":7.32075881958,"mean":-0.256301373243,"median":-0.394175052643,"min":-1.52508306503,"var":0.494589269161},"erbbands_skewness":{"dmean":0.268671959639,"dmean2":0.432727962732,"dvar":0.0494735017419,"dvar2":0.128964975476,"max":2.52120399475,"mean":-0.0954476296902,"median":-0.130718097091,"min":-1.68937277794,"var":0.209718987346},"erbbands_spread":{"dmean":5.96403408051,"dmean2":9.62424564362,"dvar":26.6363830566,"dvar2":67.1528778076,"max":96.4892959595,"mean":35.3458595276,"median":34.678314209,"min":9.9001789093,"var":90.2979736328},"gfcc":{"cov":[[4925.32324219,-1298.48461914,630.045227051,469.62991333,113.77999115,632.455200195,-68.9715042114,296.058746338,-288.15524292,82.7928543091,-159.874328613,122.247962952,-140.659317017],[-1298.48461914,762.960083008,-227.377487183,-121.110488892,105.752639771,-210.480865479,81.2680587769,-111.917396545,100.470855713,-61.1723747253,94.8161239624,-49.2236595154,79.9830474854],[630.045227051,-227.377487183,396.181304932,48.8250465393,73.1179428101,135.69934082,-63.3814735413,48.445980072,-64.0678405762,22.8414707184,-51.2375068665,63.4822273254,-39.7754516602],[469.62991333,-121.110488892,48.8250465393,216.895111084,15.6987133026,83.4559173584,0.541048765182,23.5818214417,-29.9159832001,3.23143815994,5.19798278809,4.11393928528,-2.13112688065],[113.77999115,105.752639771,73.1179428101,15.6987133026,169.788467407,40.1949653625,22.3887214661,12.0289707184,-2.99226522446,-3.71846866608,3.40136313438,25.1110057831,7.78523492813],[632.455200195,-210.480865479,135.69934082,83.4559173584,40.1949653625,171.76373291,9.09616565704,57.4140625,-46.0363121033,10.1261463165,-23.0004787445,22.3361854553,-25.304681778],[-68.9715042114,81.2680587769,-63.3814735413,0.541048765182,22.3887214661,9.09616565704,79.6725845337,15.5181312561,21.5853652954,-5.7620215416,10.9790754318,-16.2447872162,8.29071521759],[296.058746338,-111.917396545,48.445980072,23.5818214417,12.0289707184,57.4140625,15.5181312561,85.0162734985,3.99067950249,17.7870826721,-12.9050912857,5.25040817261,-12.376001358],[-288.15524292,100.470855713,-64.0678405762,-29.9159832001,-2.99226522446,-46.0363121033,21.5853652954,3.99067950249,78.2024230957,18.089466095,17.3034496307,-11.5676202774,3.44575977325],[82.7928543091,-61.1723747253,22.8414707184,3.23143815994,-3.71846866608,10.1261463165,-5.7620215416,17.7870826721,18.089466095,51.5739974976,13.5614175797,8.85148048401,-9.04532337189],[-159.874328613,94.8161239624,-51.2375068665,5.19798278809,3.40136313438,-23.0004787445,10.9790754318,-12.9050912857,17.3034496307,13.5614175797,61.4227142334,11.6426525116,17.7400169373],[122.247962952,-49.2236595154,63.4822273254,4.11393928528,25.1110057831,22.3361854553,-16.2447872162,5.25040817261,-11.5676202774,8.85148048401,11.6426525116,59.558013916,12.8287000656],[-140.659317017,79.9830474854,-39.7754516602,-2.13112688065,7.78523492813,-25.304681778,8.29071521759,-12.376001358,3.44575977325,-9.04532337189,17.7400169373,12.8287000656,58.793384552]],"icov":[[0.000603959022556,0.00047695680405,0.000097083109722,-0.000538582215086,-0.000458274909761,-0.000671708956361,0.00000699509200786,-0.000712749140803,0.00108467962127,-0.000445831683464,0.000344586354913,-0.00025303082657,0.000281868589809],[0.00047695680405,0.0107112266123,-0.00297352322377,0.00216521741822,-0.00807258766145,0.00621489714831,-0.00480324588716,0.00543895689771,-0.00699559831992,0.0122846430168,-0.0144050065428,0.0110041983426,-0.00555232353508],[0.000097083109722,-0.00297352322377,0.00711719086394,-0.000824478687719,0.00011243022891,-0.00457998039201,0.00519514502957,-0.00261831190437,0.00396730704233,-0.00595084950328,0.00818439107388,-0.0076405457221,0.00384231773205],[-0.000538582215086,0.00216521741822,-0.000824478687719,0.00722941057757,-0.00158102810383,-0.00120196712669,-0.0000764389769756,0.00182038894854,-0.00211263634264,0.00386773119681,-0.00639611529186,0.00510212406516,-0.00290832482278],[-0.000458274909761,-0.00807258766145,0.00011243022891,-0.00158102810383,0.0138451913372,-0.00521147996187,0.0000355567572115,-0.00322412187234,0.00368372141384,-0.00720711564645,0.00966513156891,-0.0101030925289,0.00310781016015],[-0.000671708956361,0.00621489714831,-0.00457998039201,-0.00120196712669,-0.00521147996187,0.0199440848082,-0.00870814174414,-0.000686566054355,0.000268033705652,0.00674239872023,-0.00823022704571,0.0046169841662,-0.000348877976649],[0.00000699509200786,-0.00480324588716,0.00519514502957,-0.0000764389769756,0.0000355567572115,-0.00870814174414,0.0235713552684,-0.00669887568802,-0.00124476302881,-0.00179567944724,0.00354622676969,0.0000219371304411,0.000298185972497],[-0.000712749140803,0.00543895689771,-0.00261831190437,0.00182038894854,-0.00322412187234,-0.000686566054355,-0.00669887568802,0.0227656047791,-0.00948716513813,0.00280973897316,-0.0046417042613,0.00587936723605,-0.00383557821624],[0.00108467962127,-0.00699559831992,0.00396730704233,-0.00211263634264,0.00368372141384,0.000268033705652,-0.00124476302881,-0.00948716513813,0.0299223754555,-0.0191367212683,0.0107249012217,-0.00805617496371,0.00634929491207],[-0.000445831683464,0.0122846430168,-0.00595084950328,0.00386773119681,-0.00720711564645,0.00674239872023,-0.00179567944724,0.00280973897316,-0.0191367212683,0.0452994741499,-0.0276266001165,0.0125745059922,-0.00328053557314],[0.000344586354913,-0.0144050065428,0.00818439107388,-0.00639611529186,0.00966513156891,-0.00823022704571,0.00354622676969,-0.0046417042613,0.0107249012217,-0.0276266001165,0.0477370731533,-0.0248484872282,0.00556606333703],[-0.00025303082657,0.0110041983426,-0.0076405457221,0.00510212406516,-0.0101030925289,0.0046169841662,0.0000219371304411,0.00587936723605,-0.00805617496371,0.0125745059922,-0.0248484872282,0.0408697649837,-0.0150135783479],[0.000281868589809,-0.00555232353508,0.00384231773205,-0.00290832482278,0.00310781016015,-0.000348877976649,0.000298185972497,-0.00383557821624,0.00634929491207,-0.00328053557314,0.00556606333703,-0.0150135783479,0.0270390547812]],"mean":[34.8924446106,98.7147903442,-137.455062866,40.214050293,-55.4919815063,15.212679863,-40.9228668213,8.30714321136,-15.3588323593,0.730009794235,-13.4159975052,2.62722730637,-3.89863610268]},"hfc":{"dmean":5.95762586594,"dmean2":8.44106769562,"dvar":51.8148994446,"dvar2":95.4685897827,"max":169.025924683,"mean":28.6671276093,"median":27.8108005524,"min":0.00502945482731,"var":312.234222412},"melbands":{"dmean":[0.00115768110845,0.00149643560871,0.000571060925722,0.000376692827558,0.000292488461128,0.000383108097594,0.000279890868114,0.000108635409561,0.000106785955722,0.0000780687405495,0.0000986314480542,0.000216667962377,0.0000446693738922,0.0000690608503646,0.0000346100532624,0.0000305820540234,0.0000274044268735,0.0000507466538693,0.0000368041328329,0.0000349359906977,0.0000521254078194,0.0000207778775803,0.0000150211499204,0.0000147087075675,0.0000106502648123,0.00000670839563099,0.00000480958988192,0.00000474622765978,0.00000622522838967,0.00000319005289384,0.0000024787775601,0.00000211186079468,0.00000171048350239,0.00000199169403459,0.00000202868909582,0.0000012953979649,9.50966693836e-7,7.08850791398e-7,5.65381185424e-7,4.26708822943e-7],"dmean2":[0.00206210347824,0.00260590598918,0.000999170471914,0.00063970789779,0.000482956500491,0.000645743682981,0.000449514656793,0.000175989145646,0.000168081256561,0.000129525840748,0.000166295940289,0.000369513378246,0.0000743882192182,0.000116195580631,0.000057968783949,0.0000508863631694,0.0000457067035313,0.0000841744476929,0.0000609677445027,0.0000587724607612,0.0000883111861185,0.0000348418361682,0.000024889008273,0.0000241420984821,0.0000173685275513,0.0000109438387881,0.00000775484932092,0.00000760853436077,0.00000988051215245,0.00000494380810778,0.00000385585508411,0.00000327001794176,0.00000254465089711,0.00000294738538287,0.00000299078647004,0.00000186403667612,0.00000137716858717,0.000001061718649,8.4100128106e-7,6.24012500339e-7],"dvar":[0.00000273316663879,0.000004694004474,6.99644260749e-7,2.84587770238e-7,1.41993595548e-7,6.04237357038e-7,1.18066118659e-7,2.39014639192e-8,2.55346588318e-8,2.46592470887e-8,2.11843538267e-8,1.03032142817e-7,6.4810730116e-9,2.9324617401e-8,1.74379588547e-9,1.49756174128e-9,1.46034417892e-9,4.74825423424e-9,1.84612469756e-9,2.0041066584e-9,4.49903092559e-9,6.84904133408e-10,3.70857899945e-10,4.19851070577e-10,2.44503584046e-10,8.67685506778e-11,5.67007378549e-11,9.42383393543e-11,2.10674450107e-10,4.14756319567e-11,2.05215115734e-11,1.46203327223e-11,9.67243733024e-12,1.44911426608e-11,2.35280423616e-11,1.00499903538e-11,5.95892259148e-12,4.52355427422e-12,2.69538493088e-12,1.29356150357e-12],"dvar2":[0.00000785033171269,0.0000129241043396,0.00000190321338778,8.07942171832e-7,3.75672385644e-7,0.0000016349267753,2.82736806412e-7,5.87496451487e-8,6.0108469313e-8,6.62829506837e-8,5.75849696816e-8,2.7989216278e-7,1.6277358128e-8,7.9808998521e-8,4.73009187374e-9,3.87152310211e-9,3.81276610284e-9,1.23268932839e-8,4.98304997265e-9,5.61298962864e-9,1.29280683936e-8,1.78901871095e-9,9.64227919731e-10,1.08304198942e-9,6.30225371889e-10,2.25702637136e-10,1.42883871401e-10,2.19406381952e-10,4.90664120445e-10,8.74684352725e-11,4.37032424139e-11,3.11879723436e-11,2.02391731846e-11,2.97004122685e-11,4.94604843193e-11,1.84829269945e-11,1.19456406572e-11,1.11522726817e-11,6.45726310963e-12,2.56283102379e-12],"max":[0.0142727792263,0.0221884213388,0.00875809043646,0.00798371247947,0.0052933995612,0.00861997995526,0.00581612857059,0.00481658335775,0.00322173465975,0.00464342813939,0.00269896863028,0.00410536769778,0.00242340518162,0.00494503742084,0.000855063903145,0.00109352474101,0.00124451285228,0.00176435755566,0.000695288414136,0.00073552824324,0.00126221275423,0.000518675253261,0.000298225641018,0.000471122708404,0.000486153789097,0.000211039034184,0.000227016455028,0.000266589719104,0.000528168515302,0.000223493247177,0.000183132273378,0.000162543481565,0.0000932761467993,0.000156330715981,0.000193497355212,0.000139089475852,0.000102694328234,0.0000799230037956,0.0000540076143807,0.0000540414112038],"mean":[0.00140807917342,0.00218757265247,0.000846634269692,0.000650756817777,0.000560067303013,0.000576497579459,0.000498203327879,0.00020390903228,0.000184813383385,0.000130543980049,0.000162118885783,0.000295629433822,0.000082055972598,0.000112471883767,0.0000637984921923,0.0000587260947214,0.0000521851179656,0.0000937643708312,0.0000785414667916,0.0000790691410657,0.000113256130135,0.0000473026630061,0.0000329663780576,0.0000307638365484,0.0000231386293308,0.0000154851786647,0.0000112230691229,0.0000106894094642,0.0000144206815094,0.00000642911072646,0.0000050847388593,0.00000446544481747,0.00000345753505826,0.00000387734144169,0.00000377641663363,0.0000026232514756,0.00000181220923423,0.00000128186184156,0.00000107047731035,7.9536158637e-7],"median":[0.000907055684365,0.00150751206093,0.000569418189116,0.000406922539696,0.00037942736526,0.000290238705929,0.000347224675352,0.00014244117483,0.0000916518256417,0.0000683863836457,0.000103286300146,0.000161945979926,0.0000514418716193,0.0000586567439314,0.000050849350373,0.0000461777672172,0.0000402734622185,0.0000725749778212,0.0000631649236311,0.0000605812128924,0.0000791967468103,0.0000399151685997,0.0000261015320575,0.0000237081894738,0.0000170970724866,0.0000115788498078,0.00000782490133133,0.00000634166235614,0.00000706958098817,0.00000388533590012,0.00000332292961502,0.00000291558740173,0.00000213770385926,0.00000224294126383,0.00000199768533093,0.0000013051218275,8.83866448476e-7,5.78710967147e-7,4.79254367747e-7,3.1246415233e-7],"min":[1.49576688813e-8,2.10112972354e-7,1.6408316128e-7,2.06286443927e-7,5.88481668728e-7,8.82055530838e-7,2.8063186619e-7,2.08011403657e-8,6.9558137028e-9,2.06061265828e-8,1.97961913528e-8,6.35487840128e-9,6.12919981435e-9,4.41299485843e-9,2.27208718506e-9,1.78370251902e-9,2.13449080633e-9,1.91179716502e-9,2.07224171156e-9,5.12793096874e-9,5.14596232293e-9,1.82441983743e-9,3.43525363711e-9,5.38433297947e-10,1.91170315689e-10,1.44849618411e-10,8.88812287658e-11,5.71223728041e-11,7.68945254692e-11,7.04791086603e-11,6.06771508038e-11,7.2067157797e-11,6.07522365748e-11,7.85401327308e-11,4.84167532455e-11,2.89644332824e-11,1.6000201164e-11,1.21158048871e-11,7.70559224067e-12,5.72379079897e-12],"var":[0.00000265943731392,0.00000543300802747,8.33164790492e-7,5.61824663237e-7,3.25554594838e-7,6.39530583157e-7,2.69257498076e-7,5.5169248725e-8,6.2326250827e-8,4.33065601158e-8,4.2964973801e-8,1.49951304707e-7,1.57595856365e-8,5.03183272826e-8,3.12103276556e-9,3.21237969558e-9,2.96318969362e-9,8.37516012098e-9,4.38129665881e-9,5.05712094423e-9,1.18745493438e-8,1.50464152249e-9,8.63116689231e-10,8.8128215836e-10,5.52679901844e-10,2.21616142104e-10,1.3468709481e-10,2.11062597955e-10,6.40875852387e-10,8.36877928068e-11,4.40471444041e-11,3.14941302204e-11,2.23434586805e-11,3.76919329081e-11,6.09820388631e-11,3.79313525034e-11,2.05044939361e-11,1.08565682486e-11,6.67994088863e-12,3.93492963907e-12]},"melbands_crest":{"dmean":3.16583991051,"dmean2":5.32332086563,"dvar":6.88440227509,"dvar2":19.0241661072,"max":28.9802703857,"mean":11.6020975113,"median":10.9183721542,"min":3.40158057213,"var":15.5329580307},"melbands_flatness_db":{"dmean":0.0221448093653,"dmean2":0.0351503454149,"dvar":0.000364401814295,"dvar2":0.000911842915229,"max":0.357169568539,"mean":0.154718965292,"median":0.146703764796,"min":0.0414814390242,"var":0.00206355471164},"melbands_kurtosis":{"dmean":3.0582485199,"dmean2":5.15575361252,"dvar":13.636343956,"dvar2":37.7801933289,"max":74.1472396851,"mean":4.97241020203,"median":3.81377363205,"min":-1.28596127033,"var":21.6532344818},"melbands_skewness":{"dmean":0.553269863129,"dmean2":0.922551751137,"dvar":0.248785108328,"dvar2":0.698120474815,"max":7.38530158997,"mean":1.97305583954,"median":1.90755665302,"min":-0.250992536545,"var":0.562784314156},"melbands_spread":{"dmean":7.37955904007,"dmean2":12.0070476532,"dvar":48.7677688599,"dvar2":122.661575317,"max":138.983459473,"mean":31.5123882294,"median":30.6436538696,"min":3.63710427284,"var":182.755828857},"mfcc":{"cov":[[4425.26757812,-1044.89331055,281.113830566,144.544113159,235.314056396,299.953277588,278.505889893,199.7628479,69.7787399292,36.5195465088,7.80116844177,-27.3785381317,-16.1809425354],[-1044.89331055,654.705993652,-175.629760742,-5.62279415131,-5.79061508179,-55.759552002,-28.9239406586,-29.0656147003,-4.80244255066,-21.5850639343,6.31710863113,6.24810934067,14.8678512573],[281.113830566,-175.629760742,263.319824219,-12.5860929489,78.3833312988,35.9146232605,19.0708770752,10.6217803955,-0.754298329353,-24.2495651245,-1.79034948349,-11.077003479,-14.9352264404],[144.544113159,-5.62279415131,-12.5860929489,126.991882324,25.618309021,31.839673996,19.1311988831,10.5166473389,0.453863590956,-2.27233695984,-0.464720159769,8.03733730316,5.88767290115],[235.314056396,-5.79061508179,78.3833312988,25.618309021,145.726623535,48.5051727295,44.2080574036,27.6288871765,11.3996543884,-23.939157486,7.36623620987,-6.51591014862,3.27879500389],[299.953277588,-55.759552002,35.9146232605,31.839673996,48.5051727295,99.6575775146,44.8301582336,31.2329235077,4.9448800087,-4.3468170166,2.05763578415,1.76855278015,0.735092580318],[278.505889893,-28.9239406586,19.0708770752,19.1311988831,44.2080574036,44.8301582336,94.0284347534,38.2210350037,13.239118576,-1.67821776867,-2.94039082527,-3.87165236473,3.03932404518],[199.7628479,-29.0656147003,10.6217803955,10.5166473389,27.6288871765,31.2329235077,38.2210350037,68.624168396,22.675031662,6.35456466675,8.23786735535,-6.74049282074,-1.14858400822],[69.7787399292,-4.80244255066,-0.754298329353,0.453863590956,11.3996543884,4.9448800087,13.239118576,22.675031662,57.0417289734,23.1914768219,5.17322444916,0.208889901638,-0.889988958836],[36.5195465088,-21.5850639343,-24.2495651245,-2.27233695984,-23.939157486,-4.3468170166,-1.67821776867,6.35456466675,23.1914768219,57.3145446777,20.5272502899,8.72506141663,0.347936272621],[7.80116844177,6.31710863113,-1.79034948349,-0.464720159769,7.36623620987,2.05763578415,-2.94039082527,8.23786735535,5.17322444916,20.5272502899,52.279712677,19.8835372925,3.99489378929],[-27.3785381317,6.24810934067,-11.077003479,8.03733730316,-6.51591014862,1.76855278015,-3.87165236473,-6.74049282074,0.208889901638,8.72506141663,19.8835372925,48.1234321594,19.2079410553],[-16.1809425354,14.8678512573,-14.9352264404,5.88767290115,3.27879500389,0.735092580318,3.03932404518,-1.14858400822,-0.889988958836,0.347936272621,3.99489378929,19.2079410553,39.3908195496]],"icov":[[0.000533121172339,0.000811325095128,0.000236154184677,-0.00020295768627,-0.000468455138616,-0.000520326604601,-0.000727276783437,-0.000312908232445,-0.0000887700080057,-0.000123021425679,-0.0000918117802939,0.000180819886737,0.0000485542404931],[0.000811325095128,0.00338331004605,0.00207967008464,-0.000108430911496,-0.0016686709132,0.0000256287839875,-0.000963988830335,0.000220539834118,-0.000720956129953,0.00146210414823,-0.000966387975495,0.000401582132326,-0.00004680109123],[0.000236154184677,0.00207967008464,0.0063990149647,0.00122517941054,-0.00354191171937,-0.000671425310429,0.000098137454188,0.000690636748914,-0.00035779751488,0.0021307808347,-0.000518203596584,-0.000182449774002,0.00198967265896],[-0.00020295768627,-0.000108430911496,0.00122517941054,0.00917467102408,-0.00147826073226,-0.00214271480218,0.0000464980512334,-0.0000429440333392,0.000650663278066,-0.000207587538171,0.00123237026855,-0.00197515054606,0.0000636446129647],[-0.000468455138616,-0.0016686709132,-0.00354191171937,-0.00147826073226,0.0129173556343,-0.00254733697511,-0.00235199299641,0.0001064108219,-0.00347477756441,0.00585769116879,-0.0046124397777,0.00296000763774,-0.00263351807371],[-0.000520326604601,0.0000256287839875,-0.000671425310429,-0.00214271480218,-0.00254733697511,0.0163373444229,-0.00344361364841,-0.00351844239049,0.00201163813472,-0.000325157277985,0.000940911646467,-0.00260259071365,0.00113453087397],[-0.000727276783437,-0.000963988830335,0.000098137454188,0.0000464980512334,-0.00235199299641,-0.00344361364841,0.0177953597158,-0.00608729571104,-0.0000524800780113,-0.000991576584056,0.00337636494078,-0.000609635026194,-0.00123273103964],[-0.000312908232445,0.000220539834118,0.000690636748914,-0.0000429440333392,0.0001064108219,-0.00351844239049,-0.00608729571104,0.0240473672748,-0.00773517088965,0.0019454829162,-0.00599310081452,0.0055380971171,-0.00100048806053],[-0.0000887700080057,-0.000720956129953,-0.00035779751488,0.000650663278066,-0.00347477756441,0.00201163813472,-0.0000524800780113,-0.00773517088965,0.0259264409542,-0.0126962950453,0.0048397295177,-0.00209357379936,0.00126090657432],[-0.000123021425679,0.00146210414823,0.0021307808347,-0.000207587538171,0.00585769116879,-0.000325157277985,-0.000991576584056,0.0019454829162,-0.0126962950453,0.0305781885982,-0.0123271495104,0.000788994773757,0.000196744891582],[-0.0000918117802939,-0.000966387975495,-0.000518203596584,0.00123237026855,-0.0046124397777,0.000940911646467,0.00337636494078,-0.00599310081452,0.0048397295177,-0.0123271495104,0.030061211437,-0.0130458744243,0.0034084788058],[0.000180819886737,0.000401582132326,-0.000182449774002,-0.00197515054606,0.00296000763774,-0.00260259071365,-0.000609635026194,0.0055380971171,-0.00209357379936,0.000788994773757,-0.0130458744243,0.0335595309734,-0.0149362049997],[0.0000485542404931,-0.00004680109123,0.00198967265896,0.0000636446129647,-0.00263351807371,0.00113453087397,-0.00123273103964,-0.00100048806053,0.00126090657432,0.000196744891582,0.0034084788058,-0.0149362049997,0.0333974324167]],"mean":[-596.475891113,118.41217804,-15.2328004837,23.303976059,8.02554225922,6.5118970871,-7.77025413513,5.2976732254,1.80931425095,2.17706131935,-5.71182966232,0.584361553192,2.78718900681]},"pitch_salience":{"dmean":0.0673078224063,"dmean2":0.113682039082,"dvar":0.00324952043593,"dvar2":0.00921477656811,"max":0.820048093796,"mean":0.60065639019,"median":0.605473518372,"min":0.265366315842,"var":0.00680154887959},"silence_rate_20dB":{"dmean":0,"dmean2":0,"dvar":0,"dvar2":0,"max":1,"mean":1,"median":1,"min":1,"var":0},"silence_rate_30dB":{"dmean":0,"dmean2":0,"dvar":0,"dvar2":0,"max":1,"mean":1,"median":1,"min":1,"var":0},"silence_rate_60dB":{"dmean":0.00703844055533,"dmean2":0.0140787865967,"dvar":0.00698895519599,"dvar2":0.0168589241803,"max":1,"mean":0.0579239428043,"median":0,"min":0,"var":0.0545688793063},"spectral_centroid":{"dmean":205.329559326,"dmean2":320.680023193,"dvar":32884.3554688,"dvar2":77796.484375,"max":3670.41943359,"mean":1596.05505371,"median":1605.31762695,"min":318.45501709,"var":208911.6875},"spectral_complexity":{"dmean":3.5587439537,"dmean2":5.53837823868,"dvar":9.23176670074,"dvar2":21.1216506958,"max":58,"mean":31.6481246948,"median":34,"min":0,"var":121.251945496},"spectral_contrast_coeffs":{"dmean":[0.0511582568288,0.0487921014428,0.042276121676,0.0284292176366,0.0205816049129,0.0160094574094],"dmean2":[0.0874155461788,0.0813317224383,0.0707636326551,0.0484183132648,0.0343734771013,0.0256476737559],"dvar":[0.00154655380175,0.00150041724555,0.00107263308018,0.000472732674098,0.0002567913034,0.000203960007639],"dvar2":[0.00445818528533,0.00413801847026,0.00302011473104,0.0013556596823,0.000694393180311,0.00048842781689],"max":[-0.435256719589,-0.505996346474,-0.584859728813,-0.635923564434,-0.652952671051,-0.620462119579],"mean":[-0.664872586727,-0.723479688168,-0.77124863863,-0.785036325455,-0.785967886448,-0.748027145863],"median":[-0.667462408543,-0.724461257458,-0.776417851448,-0.786691486835,-0.786469995975,-0.750120639801],"min":[-0.839816629887,-0.903088867664,-0.923823535442,-0.890728592873,-0.889393210411,-0.949918448925],"var":[0.00348679441959,0.003387599485,0.00264052907005,0.0011370612774,0.000765058619436,0.000945389678236]},"spectral_contrast_valleys":{"dmean":[0.411502718925,0.347671806812,0.26622787118,0.206499516964,0.175190880895,0.292448699474],"dmean2":[0.69293576479,0.57941955328,0.446112841368,0.338471889496,0.264888703823,0.379708319902],"dvar":[0.102802760899,0.0781855657697,0.0436521992087,0.0269284490496,0.024777809158,0.122585847974],"dvar2":[0.290726900101,0.214042887092,0.122700728476,0.0715356394649,0.0503205768764,0.220797017217],"max":[-5.25308847427,-4.80978822708,-5.41639184952,-5.68818235397,-5.6855134964,-7.4439573288],"mean":[-6.92931604385,-6.33589839935,-6.75370645523,-6.86329650879,-6.89979362488,-9.84948635101],"median":[-6.72407245636,-6.26043987274,-6.59995698929,-6.68720388412,-6.69802522659,-9.61462211609],"min":[-11.1785135269,-10.5495758057,-10.7436323166,-11.5629453659,-12.1877689362,-14.8419866562],"var":[0.700751900673,0.359361320734,0.427265912294,0.473108977079,0.587213277817,1.20107936859]},"spectral_decrease":{"dmean":2.35578112573e-9,"dmean2":3.84142673227e-9,"dvar":7.38443737007e-18,"dvar2":1.93938632293e-17,"max":-4.3086593321e-12,"mean":-7.66041985401e-9,"median":-7.57895790571e-9,"min":-2.58930086261e-8,"var":1.60521015311e-17},"spectral_energy":{"dmean":0.0092041650787,"dmean2":0.0148723749444,"dvar":0.000110550667159,"dvar2":0.000287645612843,"max":0.100581750274,"mean":0.0315123535693,"median":0.0313438996673,"min":0.0000167180623976,"var":0.000260218512267},"spectral_energyband_high":{"dmean":0.000427797262091,"dmean2":0.000582259963267,"dvar":6.34303262359e-7,"dvar2":0.00000111188512619,"max":0.0214593447745,"mean":0.00118178909179,"median":0.000803923467174,"min":2.61286494663e-8,"var":0.00000245675619226},"spectral_energyband_low":{"dmean":0.0065735927783,"dmean2":0.0113997012377,"dvar":0.0000788003380876,"dvar2":0.000215720443521,"max":0.0796024501324,"mean":0.0102821029723,"median":0.00787949282676,"min":0.00000113645683086,"var":0.0000935321659199},"spectral_energyband_middle_high":{"dmean":0.00246687070467,"dmean2":0.00392971606925,"dvar":0.00000753465110392,"dvar2":0.0000191965136764,"max":0.0417296215892,"mean":0.00931311305612,"median":0.00885745044798,"min":5.76301374622e-7,"var":0.0000329753347614},"spectral_energyband_middle_low":{"dmean":0.00431271456182,"dmean2":0.0070617669262,"dvar":0.0000305163575831,"dvar2":0.0000797582542873,"max":0.0719381347299,"mean":0.0116632673889,"median":0.0106377080083,"min":0.0000102056146716,"var":0.000056700733694},"spectral_entropy":{"dmean":0.0962414890528,"dmean2":0.134155869484,"dvar":0.00875808019191,"dvar2":0.0149568179622,"max":8.62187671661,"mean":7.79422855377,"median":7.84986352921,"min":6.11674451828,"var":0.0913189873099},"spectral_flux":{"dmean":0.0208054166287,"dmean2":0.030949011445,"dvar":0.000452680251328,"dvar2":0.000834688951727,"max":0.243164420128,"mean":0.0969341024756,"median":0.094971947372,"min":0.00202796515077,"var":0.00158653990366},"spectral_kurtosis":{"dmean":1.37848639488,"dmean2":2.33410739899,"dvar":3.78451323509,"dvar2":11.3867301941,"max":36.4739837646,"mean":4.16154289246,"median":3.59711408615,"min":-0.47850894928,"var":7.64450407028},"spectral_rms":{"dmean":0.000748346850742,"dmean2":0.00119064911269,"dvar":5.5999498727e-7,"dvar2":0.00000144441696648,"max":0.00990598462522,"mean":0.0052902456373,"median":0.00552986562252,"min":0.000127711798996,"var":0.00000275702723229},"spectral_rolloff":{"dmean":410.850250244,"dmean2":687.054626465,"dvar":226549.9375,"dvar2":522084.4375,"max":8914.74609375,"mean":1846.25183105,"median":1873.38867188,"min":107.666015625,"var":777554.0625},"spectral_skewness":{"dmean":0.163058206439,"dmean2":0.268781721592,"dvar":0.0283217411488,"dvar2":0.0812705457211,"max":3.99906253815,"mean":1.4187142849,"median":1.38859903812,"min":0.368165433407,"var":0.113501526415},"spectral_spread":{"dmean":410503.71875,"dmean2":579618.25,"dvar":275062685696,"dvar2":445005430784,"max":23477334,"mean":3946165,"median":3826388,"min":1521471.5,"var":974188314624},"spectral_strongpeak":{"dmean":0.503748118877,"dmean2":0.893576622009,"dvar":0.638239443302,"dvar2":1.74283242226,"max":14.541217804,"mean":0.696445405483,"median":0.39148375392,"min":0.0102350693196,"var":0.676330149174},"zerocrossingrate":{"dmean":0.00787726975977,"dmean2":0.009595814161,"dvar":0.0000540708606422,"dvar2":0.0000698910007486,"max":0.23486328125,"mean":0.0657817721367,"median":0.064453125,"min":0.00732421875,"var":0.000489379337523}},"metadata":{"audio_properties":{"analysis_sample_rate":44100,"bit_rate":0,"codec":"flac","downmix":"mix","equal_loudness":0,"length":171.546661377,"lossless":true,"md5_encoded":"a3ace35be4ac42f5fb2c612c6314d7ff","replay_gain":-15.0770549774},"tags":{"album":["The Suburbs"],"albumartist":["Arcade Fire"],"albumartistsort":["Arcade Fire"],"albumsort":["The Suburbs (2010-08-02, Arcade Fire, 30ab36d3-8dfe-4967-bb7f-05b3595f7d2e)"],"arranger":["Arcade Fire"],"artist":["Arcade Fire"],"artists":["Arcade Fire"],"artistsort":["Arcade Fire"],"asin":["B003O85WTY"],"barcode":["602527426297"],"catalognumber":["2742629/A"],"composer":["Arcade Fire"],"composersort":["Arcade Fire"],"date":["2010-08-02"],"discnumber":["1"],"disctotal":["1"],"file_name":"05 - Arcade Fire - Empty Room.flac","genre":["Alternative Pop/Rock"],"isrc":["GBUM71021636"],"label":["Mercury"],"lyricist":["Arcade Fire"],"media":["CD"],"musicbrainz_albumartistid":["52074ba6-e495-4ef3-9bb4-0703888a9f68"],"musicbrainz_albumid":["30ab36d3-8dfe-4967-bb7f-05b3595f7d2e"],"musicbrainz_artistid":["52074ba6-e495-4ef3-9bb4-0703888a9f68"],"musicbrainz_recordingid":["21475268-7255-450b-a54c-5646034ff51f"],"musicbrainz_releasegroupid":["4b6d5132-4740-407a-b9ae-505d5f1d3e97"],"musicbrainz_releasetrackid":["da8e2cc1-5357-37e0-b38d-49f2341ef33d"],"musicbrainz_workid":["f4c1e57b-3d98-322f-bd4a-f72d7e0650e8"],"musicip_puid":["1ab52822-961d-fdd7-9f91-14cf31a5547f"],"originaldate":["2010-07-03"],"producer":["Arcade Fire"],"releasecountry":["GB"],"releasestatus":["official"],"releasetype":["album"],"replaygain_album_gain":["-8.85 dB"],"replaygain_album_peak":["1.00000000"],"replaygain_track_gain":["-9.85 dB"],"replaygain_track_peak":["0.99911499"],"script":["Latn"],"title":["Empty Room"],"totaldiscs":["1"],"totaltracks":["16"],"tracknumber":["5"],"tracktotal":["16"],"work":["Empty Room"]},"version":{"essentia":"2.1-beta1","essentia_build_sha":"5a55991247aa8bc5301991e5ebe36927b56abb96","essentia_git_sha":"v2.1_beta1-6-g5578087","extractor":"music 1.0"}},"rhythm":{"beats_count":460,"beats