{"lowlevel":{"average_loudness":0.827586948872,"barkbands":{"dmean":[0.00426283665001,0.0109383184463,0.00307720364071,0.00183946173638,0.00171223992947,0.00118404929526,0.00137488439213,0.000868935429025,0.00108091719449,0.000867532216944,0.000540098291822,0.00049595895689,0.000586390437093,0.000409114378272,0.000374461058527,0.000336906377925,0.000236627660342,0.000185296943528,0.000138732633786,0.0000981961129582,0.000064822503191,0.0000407710795116,0.0000245641513175,0.0000270793825621,0.00000403613557864,0.0000243924787355,0.000251271936577],"dmean2":[0.00718058366328,0.0182937346399,0.00519424676895,0.00318038440309,0.00288913701661,0.00197830237448,0.00232250778936,0.00147651042789,0.00184759090189,0.00146723061334,0.000921045080759,0.000839240325149,0.000998047878966,0.000698283954989,0.000635808857623,0.000564675661735,0.000402764359023,0.000302450091112,0.000220002679271,0.000144245248521,0.0000984119178611,0.0000604855376878,0.0000371117421309,0.0000403251797252,0.00000673217709846,0.0000359590812877,0.00041668387712],"dvar":[0.0000404777565564,0.000207007309655,0.0000187901259778,0.00000860999261931,0.00000667119229547,0.00000515560896019,0.000012866538782,0.0000034109777971,0.00000423413848694,0.00000224374366553,0.00000116316005006,7.71466659444e-7,9.47698595155e-7,3.83938015602e-7,2.62288295971e-7,2.44246479042e-7,1.4014625549e-7,7.83734961374e-8,5.96394684749e-8,5.87865223167e-8,2.04380175006e-8,3.50427731277e-9,1.57149693258e-9,3.34970340354e-9,5.27191207356e-11,2.31638597192e-9,1.12268509156e-7],"dvar2":[0.000106170220533,0.000550327124074,0.000049482772738,0.0000239115888689,0.0000183039883268,0.0000133161265694,0.0000357993449143,0.0000093006692623,0.0000117977779155,0.00000613024712948,0.00000311617213811,0.00000193979576579,0.00000268089138444,0.00000107934636162,7.05614297658e-7,6.53893494018e-7,3.7979501144e-7,1.918828616e-7,1.39736499705e-7,1.16786047499e-7,4.36648619484e-8,7.43978922912e-9,3.58393381639e-9,7.0429839738e-9,1.37608813233e-10,4.74034589359e-9,3.14830941761e-7],"max":[0.0809712782502,0.177377969027,0.0581260733306,0.0566891655326,0.0421939603984,0.0494789928198,0.0755788013339,0.0376753434539,0.0432991310954,0.0414966754615,0.047775093466,0.0374446474016,0.025784958154,0.0137615054846,0.00743624009192,0.00802133139223,0.00540472660214,0.00489484192804,0.00847669690847,0.00859698932618,0.00423028273508,0.00120814959519,0.000481338007376,0.000679132877849,0.000100565572211,0.000540434441064,0.0073977811262],"mean":[0.00496315537021,0.0159027725458,0.00409079296514,0.00222993874922,0.00260694278404,0.00176557747182,0.00198565656319,0.00127841939684,0.00172700406983,0.00137204304338,0.000893030315638,0.000891223433428,0.00109938939568,0.000787930970546,0.000709555926733,0.00064574345015,0.000427424005466,0.000376447074814,0.000293893972412,0.000215131207369,0.000139880183269,0.0000843718298711,0.0000401908582717,0.0000424071622547,0.00000437483049609,0.0000414115165768,0.00117027596571],"median":[0.00246895337477,0.0101195117459,0.00252427021042,0.00114923657384,0.00161405466497,0.000813951774035,0.000520768924616,0.000452591630165,0.000736771442462,0.000777030014433,0.000539444910828,0.000587010930758,0.000691424123943,0.000522384128999,0.000539103115443,0.000465915974928,0.000314721197356,0.000244521448622,0.000163188044098,0.0000966740844888,0.0000721358228475,0.0000491291793878,0.0000199126643565,0.000014254054804,0.00000146385673361,0.0000169982031366,0.000712290173396],"min":[6.44586828463e-23,1.65414097514e-23,1.54213093075e-23,7.96507412861e-24,6.72332391786e-23,5.50304192555e-23,2.94503138272e-23,5.42334741037e-23,8.5693354289e-23,5.06537842434e-23,6.89042359024e-23,1.16597832221e-22,1.03105414044e-22,1.01604148633e-22,4.55408075298e-23,1.262391135e-22,1.63015203056e-22,2.0690150421e-22,2.15355896925e-22,3.61858246994e-22,3.71991891074e-22,5.19486236887e-22,5.3202642422e-22,8.64783907965e-22,1.03982812911e-21,1.49605701102e-21,2.43164503487e-21],"var":[0.0000497522160003,0.000324031541822,0.0000249103904935,0.0000100062216006,0.0000106546349343,0.00000922454728425,0.0000208042765735,0.00000534707351107,0.00000805567378848,0.00000389382103094,0.00000190751848095,0.00000162367905432,0.00000209002973861,8.39655569962e-7,5.07854963416e-7,4.83387793793e-7,2.11594638699e-7,2.04781940738e-7,1.74749118287e-7,2.07692821164e-7,5.84626178579e-8,1.03277608687e-8,2.70698130578e-9,6.28118934642e-9,6.02985161802e-11,4.4643719832e-9,0.00000136630217185]},"barkbands_crest":{"dmean":3.18313074112,"dmean2":5.3299665451,"dvar":7.06447172165,"dvar2":19.090429306,"max":25.7429466248,"mean":10.0178194046,"median":9.32413101196,"min":2.44178509712,"var":16.778377533},"barkbands_flatness_db":{"dmean":0.0250827744603,"dmean2":0.0406088232994,"dvar":0.000564670132007,"dvar2":0.00145799119491,"max":0.564609408379,"mean":0.123601160944,"median":0.112235598266,"min":0.024076608941,"var":0.0026248965878},"barkbands_kurtosis":{"dmean":4.61424827576,"dmean2":7.61907529831,"dvar":252.328292847,"dvar2":684.774169922,"max":743.163208008,"mean":7.13867664337,"median":3.19211626053,"min":-1.88188064098,"var":476.590484619},"barkbands_skewness":{"dmean":0.627097547054,"dmean2":1.01595211029,"dvar":0.507290065289,"dvar2":1.33061647415,"max":20.3277320862,"mean":2.0165772438,"median":1.7949359417,"min":-2.61454153061,"var":1.85009896755},"barkbands_spread":{"dmean":7.12008666992,"dmean2":11.5296583176,"dvar":47.3889541626,"dvar2":118.159347534,"max":136.682342529,"mean":31.0110740662,"median":30.0522956848,"min":0.278589069843,"var":276.360015869},"dissonance":{"dmean":0.0137669760734,"dmean2":0.0237026847899,"dvar":0.000223495226237,"dvar2":0.000632954586763,"max":0.500000119209,"mean":0.480516523123,"median":0.485122084618,"min":0.233658432961,"var":0.000300832238281},"dynamic_complexity":4.84183931351,"erbbands":{"dmean":[0.442022413015,2.2376229763,3.74442863464,4.85516214371,5.50719833374,6.31728172302,8.27154827118,10.2908010483,17.2962398529,18.1858177185,20.6829414368,24.9614524841,24.5378608704,24.6512050629,19.1496696472,19.7357978821,25.5139465332,20.4632930756,19.6762371063,19.0156745911,15.3933649063,12.4617156982,10.5801906586,8.24333667755,5.70071697235,4.74193286896,3.11303949356,2.26724553108,1.60607004166,1.07667636871,0.634225010872,0.410561859608,0.511386990547,0.104412861168,0.0244775060564,0.0990060269833,0.0429672524333,0.0225885845721,0.00967730768025,0.00608769524843],"dmean2":[0.742620408535,3.77829647064,6.32211112976,8.30712127686,9.39823722839,10.721616745,13.9433193207,17.3011322021,29.4028015137,30.6564769745,34.9577713013,42.7580108643,41.5347213745,41.6579055786,32.4264259338,33.3351669312,43.2284011841,34.8716812134,33.3577156067,32.1934776306,25.6355648041,21.1751670837,17.4606246948,13.3950414658,8.7343788147,6.94853448868,4.67182016373,3.44632720947,2.38253617287,1.61683821678,0.965670883656,0.574380934238,0.781552255154,0.167436361313,0.0398508906364,0.154367879033,0.0602808631957,0.0324212051928,0.013546846807,0.00989940483123],"dvar":[0.364668011665,9.29462528229,26.1281509399,53.6066513062,79.3384780884,102.443382263,282.561157227,373.552368164,1879.08166504,1799.89660645,2101.62695312,2729.06225586,1848.76171875,1961.18603516,1522.5435791,1491.9699707,1863.53063965,879.080627441,892.200378418,827.090515137,462.250854492,419.508209229,267.129760742,187.967330933,121.952651978,134.418807983,60.8537216187,21.5685157776,5.89064407349,2.3340780735,1.10916483402,0.5701212883,1.33029735088,0.0594268031418,0.00148306274787,0.0589079856873,0.00620598904788,0.00110796513036,0.000243569171289,0.0000619044658379],"dvar2":[0.944202899933,25.5519809723,69.1959991455,145.340591431,221.882919312,279.707427979,740.662963867,976.272583008,5219.93554688,4927.11816406,5712.29833984,7658.06738281,5097.32617188,5241.96972656,4155.69091797,3677.42236328,5311.74169922,2471.25732422,2449.84765625,2235.3815918,1219.2265625,1139.71826172,669.946777344,466.523742676,267.368865967,261.831268311,124.315994263,46.0912895203,12.5085372925,5.28521776199,2.51155161858,1.05320215225,2.94638371468,0.150842949748,0.00374604342505,0.141076505184,0.0113277481869,0.00221055676229,0.000434813962784,0.000170505591086],"max":[8.06396865845,34.728477478,70.5933837891,113.617729187,187.061523438,154.47454834,459.099365234,395.984832764,864.711181641,724.497741699,830.010070801,1062.31054688,790.046325684,1884.07055664,1697.29980469,1929.8548584,1011.62872314,487.615142822,744.83013916,620.360412598,400.321990967,329.172058105,307.716522217,504.635223389,409.661987305,399.0597229,266.047851562,135.121368408,52.2428398132,18.2040939331,13.5988044739,7.44096374512,13.0885190964,3.19534516335,0.433060377836,2.87090468407,0.787431359291,0.42800745368,0.465340614319,0.165505379438],"mean":[0.595396637917,3.03224921227,5.26587343216,6.57008361816,7.58892822266,8.63870811462,11.1318511963,15.3986320496,25.2508163452,27.8486938477,32.3338356018,39.7201271057,40.3707351685,42.8149719238,35.9046974182,38.1147537231,49.6792030334,42.9057846069,39.8519554138,37.6786231995,32.0959701538,24.1356716156,21.4921607971,17.4164409637,12.7110137939,10.33289814,6.91035938263,4.73076105118,3.26874232292,1.97264516354,1.0049725771,0.646794497967,0.776334583759,0.13989263773,0.0302104409784,0.144627869129,0.0743851736188,0.0503821521997,0.0373621359468,0.0362170003355],"median":[0.340023845434,1.79141175747,3.45539784431,3.90201306343,4.38138771057,5.00354528427,5.90835285187,6.66154336929,7.33956861496,8.70168113708,11.7659254074,16.8950824738,22.3241615295,26.1023006439,23.7377586365,26.2833213806,32.6774940491,29.9296360016,30.463060379,28.5298290253,24.8072109222,18.2090339661,14.1541576385,10.7515888214,6.52352237701,4.61905622482,3.40717124939,2.449832201,1.8516960144,1.12249028683,0.473877817392,0.241532042623,0.25035494566,0.0481843352318,0.0128748556599,0.0468627214432,0.0305647421628,0.0279373005033,0.0254569090903,0.0230647698045],"min":[1.32902276992e-21,1.29080797477e-21,1.0719171833e-20,2.54980136342e-20,8.77849560975e-20,2.59611410732e-19,3.0031934682e-19,6.16629180554e-19,5.10160023877e-19,5.3702824604e-19,1.26301142736e-18,1.99173945244e-18,1.92251684288e-18,1.99640805982e-18,2.57581726643e-18,5.12368782228e-18,5.14446204977e-18,6.24441539548e-18,2.33704020889e-18,4.39263717743e-18,8.42617457144e-18,7.80047613096e-18,9.44036583125e-18,9.39151006273e-18,1.34575469694e-17,1.65837999939e-17,1.5044201807e-17,1.70398792596e-17,2.10755511931e-17,1.371261142e-17,1.59542741888e-17,1.52878693631e-17,1.43297262073e-17,9.62911438496e-18,8.97725966632e-18,5.34418398149e-18,3.00523732809e-18,1.26674077115e-18,3.1587995831e-19,3.49951101226e-20],"var":[0.574087917805,12.9191913605,36.3732948303,69.535949707,112.757484436,136.136306763,340.378753662,742.566650391,2953.53857422,3080.06933594,3434.69799805,4781.27685547,3020.31054688,3879.34350586,2712.07958984,2955.9597168,4182.15771484,2184.35107422,1982.16845703,1506.74633789,1024.31665039,652.658752441,625.66229248,502.416015625,400.75491333,477.229095459,191.196853638,58.2139053345,16.8691902161,5.13430690765,1.79164719582,1.11701893806,2.373888731,0.0789620056748,0.00195877347142,0.0900834798813,0.0132444482297,0.00330987502821,0.0018181981286,0.00118401774671]},"erbbands_crest":{"dmean":2.1548268795,"dmean2":3.65955686569,"dvar":4.56956148148,"dvar2":12.328086853,"max":29.2156124115,"mean":6.90742063522,"median":6.10831737518,"min":2.08630180359,"var":9.19373893738},"erbbands_flatness_db":{"dmean":0.0185095593333,"dmean2":0.0284064076841,"dvar":0.000349522742908,"dvar2":0.000816136598587,"max":0.37064152956,"mean":0.130566209555,"median":0.124257184565,"min":0.0289980992675,"var":0.00188128859736},"erbbands_kurtosis":{"dmean":0.802089750767,"dmean2":1.33132994175,"dvar":1.98571312428,"dvar2":5.25684833527,"max":50.6256484985,"mean":0.454928517342,"median":0.0625946521759,"min":-1.72409844398,"var":3.26160788536},"erbbands_skewness":{"dmean":0.332400411367,"dmean2":0.539019286633,"dvar":0.0998628735542,"dvar2":0.246046707034,"max":4.72959661484,"mean":-0.0760839805007,"median":-0.0946092307568,"min":-3.47556185722,"var":0.4148850739},"erbbands_spread":{"dmean":6.24522686005,"dmean2":9.95637607574,"dvar":36.4436950684,"dvar2":86.5844497681,"max":106.718170166,"mean":30.8593654633,"median":29.4441318512,"min":2.29321742058,"var":147.72265625},"gfcc":{"cov":[[24624.1289062,175.929962158,-655.517578125,99.1784057617,110.670700073,-436.069793701,410.854064941,-207.842498779,277.482574463,-221.229644775,28.9389648438,-30.9118423462,-86.3389205933],[175.929962158,1138.41784668,-54.4023208618,-326.774841309,142.346847534,-59.6627883911,-2.80584049225,-115.233291626,45.1917953491,-58.8831825256,34.8694381714,-60.7749137878,30.7664966583],[-655.517578125,-54.4023208618,427.237609863,175.582901001,-62.7978553772,199.893295288,-100.063209534,63.6981124878,-57.6015930176,48.4055862427,-24.3032188416,8.76410675049,-16.3899745941],[99.1784057617,-326.774841309,175.582901001,460.589050293,21.0997409821,79.4988174438,63.1364173889,13.3447666168,-50.9961433411,35.5685920715,-47.7357635498,33.1796150208,-40.1171188354],[110.670700073,142.346847534,-62.7978553772,21.0997409821,197.877563477,5.48081827164,53.8378677368,-31.4007358551,12.2790756226,-50.8737831116,4.92772674561,-15.7265233994,16.4116649628],[-436.069793701,-59.6627883911,199.893295288,79.4988174438,5.48081827164,267.126647949,-50.0585212708,65.1654129028,-67.0375595093,26.9984703064,-28.6452579498,12.0669822693,-1.79150402546],[410.854064941,-2.80584049225,-100.063209534,63.1364173889,53.8378677368,-50.0585212708,183.018173218,-17.4644126892,42.8676223755,-13.1426897049,4.75970649719,-0.219462677836,-8.27763175964],[-207.842498779,-115.233291626,63.6981124878,13.3447666168,-31.4007358551,65.1654129028,-17.4644126892,121.160263062,14.0141563416,31.0455570221,-3.89910387993,-4.44433641434,4.32449769974],[277.482574463,45.1917953491,-57.6015930176,-50.9961433411,12.2790756226,-67.0375595093,42.8676223755,14.0141563416,115.715171814,20.7733383179,19.6850147247,-3.28438854218,-11.2454605103],[-221.229644775,-58.8831825256,48.4055862427,35.5685920715,-50.8737831116,26.9984703064,-13.1426897049,31.0455570221,20.7733383179,76.3616256714,22.0500278473,9.18659305573,-8.06118869781],[28.9389648438,34.8694381714,-24.3032188416,-47.7357635498,4.92772674561,-28.6452579498,4.75970649719,-3.89910387993,19.6850147247,22.0500278473,59.8290328979,23.5605869293,10.6556491852],[-30.9118423462,-60.7749137878,8.76410675049,33.1796150208,-15.7265233994,12.0669822693,-0.219462677836,-4.44433641434,-3.28438854218,9.18659305573,23.5605869293,55.2784729004,15.6367197037],[-86.3389205933,30.7664966583,-16.3899745941,-40.1171188354,16.4116649628,-1.79150402546,-8.27763175964,4.32449769974,-11.2454605103,-8.06118869781,10.6556491852,15.6367197037,53.8918228149]],"icov":[[0.000050491780712,-0.0000292862205242,0.000167480306118,-0.00025490677217,0.00029420669307,-0.000202475712285,0.000057729499531,0.0000966358202277,-0.000338958692737,0.000542541383766,-0.000479741400341,0.000393674301449,-0.000145363796037],[-0.0000292862205242,0.0016828882508,-0.00129576853942,0.00195602583699,-0.00180255621672,0.000579139217734,-0.000656443706248,0.00150213297457,0.000306280096993,-0.00139381340705,0.000987456296571,0.000169686521986,0.0000120842196338],[0.000167480306118,-0.00129576853942,0.00800144020468,-0.00692427717149,0.00685291690752,-0.00700341816992,0.0044041252695,0.000485414610012,-0.00535452738404,0.0080635799095,-0.00978013128042,0.00870446301997,-0.00389814004302],[-0.00025490677217,0.00195602583699,-0.00692427717149,0.0129739902914,-0.0116354534402,0.00842686928809,-0.00600477587432,-0.00195563468151,0.0108931576833,-0.0173724610358,0.0199109110981,-0.0177886486053,0.00998400058597],[0.00029420669307,-0.00180255621672,0.00685291690752,-0.0116354534402,0.0196718238294,-0.0115222837776,0.00331047922373,0.00435961363837,-0.0129987513646,0.0228644050658,-0.0230582505465,0.0212606135756,-0.0121938725933],[-0.000202475712285,0.000579139217734,-0.00700341816992,0.00842686928809,-0.0115222837776,0.0151111176237,-0.00361695513129,-0.00624882569537,0.0126788560301,-0.0165918394923,0.0189961511642,-0.0176412630826,0.00897159799933],[0.000057729499531,-0.000656443706248,0.0044041252695,-0.00600477587432,0.00331047922373,-0.00361695513129,0.0101422043517,0.00102952355519,-0.00674140732735,0.00752187473699,-0.00805414374918,0.00668642157689,-0.00294563383795],[0.0000966358202277,0.00150213297457,0.000485414610012,-0.00195563468151,0.00435961363837,-0.00624882569537,0.00102952355519,0.0150153636932,-0.00766963930801,0.00302138156258,-0.00607433263212,0.0103860516101,-0.00755395041779],[-0.000338958692737,0.000306280096993,-0.00535452738404,0.0108931576833,-0.0129987513646,0.0126788560301,-0.00674140732735,-0.00766963930801,0.0251751057804,-0.0221138391644,0.0187310650945,-0.0193011518568,0.0135645763949],[0.000542541383766,-0.00139381340705,0.0080635799095,-0.0173724610358,0.0228644050658,-0.0165918394923,0.00752187473699,0.00302138156258,-0.0221138391644,0.050664614886,-0.0410701781511,0.0297583136708,-0.012966202572],[-0.000479741400341,0.000987456296571,-0.00978013128042,0.0199109110981,-0.0230582505465,0.0189961511642,-0.00805414374918,-0.00607433263212,0.0187310650945,-0.0410701781511,0.0631261020899,-0.0441667586565,0.0155174769461],[0.000393674301449,0.000169686521986,0.00870446301997,-0.0177886486053,0.0212606135756,-0.0176412630826,0.00668642157689,0.0103860516101,-0.0193011518568,0.0297583136708,-0.0441667586565,0.0582683347166,-0.0246781576425],[-0.000145363796037,0.0000120842196338,-0.00389814004302,0.00998400058597,-0.0121938725933,0.00897159799933,-0.00294563383795,-0.00755395041779,0.0135645763949,-0.012966202572,0.0155174769461,-0.0246781576425,0.033711027354]],"mean":[1.63171052933,88.7631149292,-95.1370773315,1.65474486351,-8.58103656769,-5.85435676575,-1.97192978859,-9.80260848999,0.148627892137,-7.75411701202,-5.45347309113,-3.48345422745,-6.1209897995]},"hfc":{"dmean":50.6284217834,"dmean2":85.1732254028,"dvar":3329.48022461,"dvar2":9595.91894531,"max":847.877075195,"mean":212.685562134,"median":173.675842285,"min":1.12237490339e-16,"var":27466.2734375},"melbands":{"dmean":[0.00348536716774,0.00218886043876,0.000805755727924,0.000399153941544,0.000277131766779,0.000226919990382,0.000272640521871,0.000190074002603,0.000174302622327,0.000159687493579,0.000126676008222,0.000106884814159,0.0000707096114638,0.0000537270534551,0.0000606439061812,0.0000578308208787,0.0000392395049857,0.0000349406655005,0.0000280132408079,0.0000271953103947,0.0000183734628081,0.0000142713333844,0.0000113260384751,0.0000095650093499,0.00000712725159246,0.00000527770271219,0.00000375908211936,0.00000334936885338,0.00000222459539145,0.00000175725335794,0.00000125917233618,9.67270693764e-7,8.10908261428e-7,5.67655092709e-7,4.03552405714e-7,2.68535558234e-7,2.55909924363e-7,3.64553585541e-7,3.15805181117e-7,2.71710227651e-8],"dmean2":[0.00579398171976,0.00369779882021,0.00137585634366,0.000675981980748,0.000465671968414,0.000380446435884,0.000462059018901,0.000320227030898,0.000294154102448,0.000273312703939,0.000214420142584,0.000180183706107,0.000119887350593,0.0000914781849133,0.000103764199594,0.0000980101904133,0.0000671204616083,0.0000594043231104,0.0000476556888316,0.000045947250328,0.0000307791488012,0.0000243750509981,0.0000190318878595,0.000015844067093,0.0000117657837109,0.00000835390073917,0.00000577021273784,0.00000499110319652,0.00000342499106409,0.00000273166165243,0.00000195881102627,0.00000146186255279,0.00000123063546198,8.73159024195e-7,6.29953945008e-7,3.9733836843e-7,3.62848311397e-7,5.55056487883e-7,5.09319363573e-7,4.51449864158e-8],"dvar":[0.0000208661658689,0.00000818937041913,0.00000145046089983,3.72743102162e-7,2.66566644314e-7,1.77450871774e-7,5.03271166963e-7,1.71441215002e-7,1.3835509094e-7,1.06173551728e-7,4.88668483456e-8,3.66275862973e-8,2.26131700032e-8,9.45611855485e-9,1.34011841624e-8,9.0282368248e-9,3.2733551425e-9,3.32558980354e-9,1.56842783205e-9,1.84942228199e-9,6.65302812841e-10,5.25077370472e-10,3.03676500613e-10,2.2100959951e-10,1.51553686267e-10,9.63085236561e-11,7.93375434793e-11,7.24416984732e-11,3.46223744119e-11,1.62935845371e-11,6.26249573032e-12,2.39688997816e-12,1.22278207525e-12,7.7297017528e-13,4.43389411558e-13,2.34647750449e-13,2.3733836077e-13,6.12850156907e-13,7.08524656046e-13,2.05402461566e-15],"dvar2":[0.0000543431888218,0.0000225958574447,0.0000039949868551,0.00000102519811662,7.01189946994e-7,4.60980203343e-7,0.0000014004268678,4.70945167308e-7,3.7464479874e-7,2.99700076312e-7,1.3469029625e-7,9.77779706091e-8,6.0125195489e-8,2.37358754873e-8,3.72452113595e-8,2.54165364311e-8,9.22360854361e-9,9.23023169008e-9,4.23717994025e-9,4.99370411688e-9,1.76601988588e-9,1.4410288518e-9,8.07203470732e-10,5.49126855098e-10,3.92737120603e-10,2.26948917992e-10,1.8372801891e-10,1.45502263016e-10,7.34018679172e-11,3.72182736019e-11,1.39218706008e-11,5.36635449619e-12,2.76466306445e-12,1.85448444795e-12,1.04502637013e-12,4.90021543308e-13,4.48431575076e-13,1.31685558725e-12,1.79878041715e-12,5.3299908195e-15],"max":[0.0590760670602,0.0333937592804,0.021589320153,0.0108357379213,0.0127407694235,0.00772596336901,0.0147543400526,0.0075481752865,0.00762971909717,0.00668421946466,0.00419881287962,0.00795738771558,0.00757601764053,0.00527122151107,0.00350355100818,0.00172736786772,0.00103556877002,0.0016133984318,0.000673444592394,0.000697008159477,0.000441058480646,0.000343431980582,0.000321771891322,0.000249350268859,0.000472961604828,0.000353047245881,0.000374530442059,0.000309181108605,0.000244058785029,0.0000981856064755,0.0000699290903867,0.0000337371857313,0.0000166445370269,0.0000113602163765,0.00000811802601675,0.00000539012398804,0.00000543301757716,0.00000841171458887,0.0000108587000796,5.55985991468e-7],"mean":[0.0051603843458,0.0032573225908,0.00116725324187,0.000587127869949,0.000390797009459,0.000345199456206,0.000402178469812,0.000294709519949,0.00026945292484,0.000247684976785,0.000201068454771,0.000176358269528,0.000122506200569,0.0000979706528597,0.000107133149868,0.000106919571408,0.0000753621789045,0.0000646526241326,0.0000527682896063,0.0000482286777697,0.0000351651360688,0.0000251975307037,0.0000210449707083,0.0000177794645424,0.0000137549486681,0.0000105195176729,0.00000763875505072,0.00000667761332807,0.0000045661963668,0.00000342405519405,0.00000245482078753,0.00000189404840967,0.00000144804232605,9.70496557784e-7,6.09987068856e-7,4.012573811e-7,3.87375308719e-7,5.56838699595e-7,4.19214018166e-7,2.83842407356e-8],"median":[0.00330652249977,0.00226609036326,0.000747526006307,0.00035434414167,0.000219903085963,0.000151943560923,0.000111668239697,0.0000943734194152,0.0000979215546977,0.000104603685031,0.000109133048682,0.00010397691949,0.0000762048730394,0.0000647434135317,0.00006875746476,0.0000660578225506,0.0000506906799274,0.0000457407659269,0.0000399164455303,0.0000336841403623,0.0000262883204414,0.0000186152738024,0.0000139888934427,0.0000110182927529,0.00000818620264909,0.00000520884350408,0.00000366101085092,0.00000279814526039,0.00000222013341045,0.00000168053736616,0.00000125640065107,0.00000105583251298,8.1670043528e-7,5.32078900051e-7,2.84358975478e-7,1.56876225788e-7,1.33448210704e-7,1.83979835811e-7,1.18532710758e-7,1.04544657376e-8],"min":[1.11753727703e-23,4.41340539656e-24,6.41914104607e-24,1.13970158634e-23,1.22242248749e-23,1.28938431434e-23,6.98746641891e-24,7.76378759118e-24,9.24816033526e-24,1.32931156243e-23,9.42344049524e-24,8.01105525306e-24,9.5775176518e-24,8.50499498684e-24,1.87957927805e-23,8.83269569547e-24,1.16633471379e-23,3.18913764508e-24,3.83849185187e-24,9.21662325399e-24,1.02839765134e-23,7.96290081682e-24,8.8476067443e-24,9.48744788022e-24,6.8789625457e-24,1.00265688335e-23,8.956272334e-24,1.19740565715e-23,9.32398880091e-24,1.04166779061e-23,9.34023302467e-24,1.31086712672e-23,8.2059291402e-24,7.66813031781e-24,9.78720634674e-24,8.5032058503e-24,9.27357822249e-24,9.9233471729e-24,9.10059995863e-24,7.56688396493e-24],"var":[0.000034378561395,0.0000119854139484,0.00000195132474801,5.87652550621e-7,3.43066687947e-7,3.61025030315e-7,7.99522410944e-7,3.0586977573e-7,2.37565217276e-7,1.82066898446e-7,7.7888230976e-8,6.99432902707e-8,3.66688510667e-8,2.0408419843e-8,2.34901804674e-8,1.93240747848e-8,7.28586613263e-9,6.74960176639e-9,2.89356072436e-9,3.09724557113e-9,1.31302158035e-9,7.5521855436e-10,5.78089909276e-10,4.99035035517e-10,3.40979855462e-10,2.65488547813e-10,2.14099529772e-10,2.33403935068e-10,1.00401492675e-10,3.84094943351e-11,1.52170376994e-11,6.25053958245e-12,2.81410745401e-12,1.38722833134e-12,6.63994629679e-13,3.84557267757e-13,4.53190301042e-13,1.15520136859e-12,9.25868106141e-13,2.27772517e-15]},"melbands_crest":{"dmean":4.52282953262,"dmean2":7.58091068268,"dvar":13.3644237518,"dvar2":36.7121696472,"max":39.4150772095,"mean":16.5777435303,"median":16.042098999,"min":2.01291012764,"var":37.0338516235},"melbands_flatness_db":{"dmean":0.0328108780086,"dmean2":0.0531625263393,"dvar":0.000879516592249,"dvar2":0.00225606188178,"max":0.694229364395,"mean":0.228691905737,"median":0.21855404973,"min":0.00333229382522,"var":0.00416620541364},"melbands_kurtosis":{"dmean":11.3153781891,"dmean2":19.2105617523,"dvar":8320.23535156,"dvar2":25219,"max":5941.93554688,"mean":16.1089076996,"median":6.42700958252,"min":-1.82901775837,"var":7055.14404297},"melbands_skewness":{"dmean":0.906297445297,"dmean2":1.48071372509,"dvar":1.52910733223,"dvar2":4.26563739777,"max":54.4795837402,"mean":2.79316234589,"median":2.41243338585,"min":-2.27545142174,"var":4.42336559296},"melbands_spread":{"dmean":6.70712471008,"dmean2":10.980386734,"dvar":67.7572402954,"dvar2":175.644973755,"max":233.598632812,"mean":21.4244346619,"median":18.8226413727,"min":0.0599522776902,"var":288.992370605},"mfcc":{"cov":[[15270.3505859,897.249511719,-1038.87451172,721.08404541,-479.246490479,182.91104126,-248.572616577,336.573364258,-58.0212211609,200.076477051,6.6516919136,186.791488647,-165.242233276],[897.249511719,1243.17077637,-218.202713013,-194.607650757,45.5701255798,-47.7394104004,-38.1449890137,-27.3105640411,3.91403341293,-26.1556606293,32.1074485779,-34.3390884399,23.3016242981],[-1038.87451172,-218.202713013,568.403015137,-49.2321014404,122.856536865,71.4094238281,46.0331001282,-29.6755523682,0.731181025505,-1.32751023769,5.05401039124,21.2774028778,-9.40251731873],[721.08404541,-194.607650757,-49.2321014404,378.613311768,-34.0548477173,80.9223861694,24.2822227478,47.3236122131,9.47636795044,30.4566402435,-8.18801593781,17.7894535065,-13.9500007629],[-479.246490479,45.5701255798,122.856536865,-34.0548477173,195.291793823,42.4199180603,40.2985191345,7.6545176506,9.45056343079,-18.0656852722,-7.01811981201,-11.8381443024,-5.18523454666],[182.91104126,-47.7394104004,71.4094238281,80.9223861694,42.4199180603,167.868225098,65.8137664795,38.4202651978,5.34285736084,7.05333185196,-17.2800140381,4.47346162796,-10.5084791183],[-248.572616577,-38.1449890137,46.0331001282,24.2822227478,40.2985191345,65.8137664795,121.157897949,30.5226402283,18.0881195068,-9.34370803833,-16.4567699432,-7.64812040329,-1.96937537193],[336.573364258,-27.3105640411,-29.6755523682,47.3236122131,7.6545176506,38.4202651978,30.5226402283,87.6929779053,27.5795021057,16.8876399994,-5.05906629562,6.58240222931,-9.63259315491],[-58.0212211609,3.91403341293,0.731181025505,9.47636795044,9.45056343079,5.34285736084,18.0881195068,27.5795021057,65.3982162476,29.7054138184,8.14655685425,-0.917423665524,0.63402402401],[200.076477051,-26.1556606293,-1.32751023769,30.4566402435,-18.0656852722,7.05333185196,-9.34370803833,16.8876399994,29.7054138184,69.0997924805,29.0050640106,18.1607036591,-5.98288249969],[6.6516919136,32.1074485779,5.05401039124,-8.18801593781,-7.01811981201,-17.2800140381,-16.4567699432,-5.05906629562,8.14655685425,29.0050640106,67.8322601318,20.4935626984,13.496556282],[186.791488647,-34.3390884399,21.2774028778,17.7894535065,-11.8381443024,4.47346162796,-7.64812040329,6.58240222931,-0.917423665524,18.1607036591,20.4935626984,52.936466217,10.1833944321],[-165.242233276,23.3016242981,-9.40251731873,-13.9500007629,-5.18523454666,-10.5084791183,-1.96937537193,-9.63259315491,0.63402402401,-5.98288249969,13.496556282,10.1833944321,46.9226570129]],"icov":[[0.000122441619169,-0.000133038352942,0.000118694690173,-0.000159535862622,0.000187663448742,-0.000157897593454,0.000263497786364,-0.000389502994949,0.000253818550846,-0.000138666320709,0.000114426184155,-0.000446236634161,0.000432907079812],[-0.000133038352942,0.00119323399849,0.000448555249022,0.0007090466097,-0.000662329955958,-0.000194683962036,2.16746983028e-7,0.000698563992046,-0.000609055627137,0.00056220870465,-0.000873973302078,0.000854412734043,-0.000587887887377],[0.000118694690173,0.000448555249022,0.00282485969365,0.000489418918733,-0.00134216551669,-0.00128436100204,-0.000122174271382,0.00145457044709,-0.000283506524283,-0.0000240077733906,-0.000398974341806,-0.0019090664573,0.00129416631535],[-0.000159535862622,0.0007090466097,0.000489418918733,0.00380264897831,0.000134128145874,-0.00154638208915,-0.000251097488217,-0.000112464651465,-0.000224129747949,-0.000644028303213,6.77542857375e-7,-0.0000747056183172,-0.000113530943054],[0.000187663448742,-0.000662329955958,-0.00134216551669,0.000134128145874,0.00730661023408,-0.001278751879,-0.000451165135019,-0.00141291401815,-0.0008926729206,0.0020393950399,-0.000547488045413,0.000503180490341,0.00129313662183],[-0.000157897593454,-0.000194683962036,-0.00128436100204,-0.00154638208915,-0.001278751879,0.0100726094097,-0.00437178695574,-0.0020923872944,0.00240082247183,-0.00238688569516,0.00204715575092,0.00014781866048,-0.000632706505712],[0.000263497786364,2.16746983028e-7,-0.000122174271382,-0.000251097488217,-0.000451165135019,-0.00437178695574,0.0130193270743,-0.00313245132565,-0.00308767776005,0.00314084324054,0.00065474055009,0.00038264982868,-0.000126037644804],[-0.000389502994949,0.000698563992046,0.00145457044709,-0.000112464651465,-0.00141291401815,-0.0020923872944,-0.00313245132565,0.018464397639,-0.00701643386856,-0.000133576890221,0.000744653516449,-0.00234546884894,0.00194636615925],[0.000253818550846,-0.000609055627137,-0.000283506524283,-0.000224129747949,-0.0008926729206,0.00240082247183,-0.00308767776005,-0.00701643386856,0.0249953959137,-0.0126686599106,0.00142399780452,0.00377373537049,-0.00323973596096],[-0.000138666320709,0.00056220870465,-0.0000240077733906,-0.000644028303213,0.0020393950399,-0.00238688569516,0.00314084324054,-0.000133576890221,-0.0126686599106,0.0282916966826,-0.0103712165728,-0.00498628802598,0.0066752047278],[0.000114426184155,-0.000873973302078,-0.000398974341806,6.77542857375e-7,-0.000547488045413,0.00204715575092,0.00065474055009,0.000744653516449,0.00142399780452,-0.0103712165728,0.0227972771972,-0.00530584622175,-0.00541185634211],[-0.000446236634161,0.000854412734043,-0.0019090664573,-0.0000747056183172,0.000503180490341,0.00014781866048,0.00038264982868,-0.00234546884894,0.00377373537049,-0.00498628802598,-0.00530584622175,0.0276145897806,-0.00793092418462],[0.000432907079812,-0.000587887887377,0.00129416631535,-0.000113530943054,0.00129313662183,-0.000632706505712,-0.000126037644804,0.00194636615925,-0.00323973596096,0.0066752047278,-0.00541185634211,-0.00793092418462,0.0279219243675]],"mean":[-654.049438477,148.072982788,-19.9044399261,25.139131546,7.43869924545,17.9400157928,3.40827298164,11.5643291473,3.92784786224,7.56446218491,1.37600982189,4.02522277832,-1.83267199993]},"pitch_salience":{"dmean":0.0851227119565,"dmean2":0.14115126431,"dvar":0.00499159004539,"dvar2":0.0132116386667,"max":0.96855032444,"mean":0.567844092846,"median":0.584172844887,"min":0.0273731928319,"var":0.014688485302},"silence_rate_20dB":{"dmean":0,"dmean2":0,"dvar":0,"dvar2":0,"max":1,"mean":1,"median":1,"min":1,"var":0},"silence_rate_30dB":{"dmean":0.0795474946499,"dmean2":0.159109279513,"dvar":0.0732215195894,"dvar2":0.168630540371,"max":1,"mean":0.893706798553,"median":1,"min":0,"var":0.0949968621135},"silence_rate_60dB":{"dmean":0.00664392160252,"dmean2":0.0132890362293,"dvar":0.00660076271743,"dvar2":0.0154463443905,"max":1,"mean":0.08519615978,"median":0,"min":0,"var":0.0779413580894},"spectral_centroid":{"dmean":223.962585449,"dmean2":347.914489746,"dvar":62655.1445312,"dvar2":131383.265625,"max":10890.7294922,"mean":1299.42443848,"median":1196.24682617,"min":131.458328247,"var":382600.5625},"spectral_complexity":{"dmean":3.69330215454,"dmean2":5.67872858047,"dvar":13.1569881439,"dvar2":27.6133365631,"max":64,"mean":25.9260253906,"median":29,"min":0,"var":178.939193726},"spectral_contrast_coeffs":{"dmean":[0.053410962224,0.0491408295929,0.037194442004,0.0263265762478,0.0216835010797,0.0293129179627],"dmean2":[0.0894015803933,0.0835032090545,0.0635927915573,0.0448697060347,0.0363093540072,0.0460652932525],"dvar":[0.0017239516601,0.00150604220107,0.000866095768288,0.00043962142081,0.000359865603969,0.000723394274246],"dvar2":[0.00492594065145,0.00425707688555,0.00251046661288,0.00127019919455,0.000982452183962,0.00172534852754],"max":[-0.357961833477,-0.493680983782,-0.568848192692,-0.62110209465,-0.672177433968,-0.497204571962],"mean":[-0.715272963047,-0.787574887276,-0.815316438675,-0.822034239769,-0.810212314129,-0.737319588661],"median":[-0.716056406498,-0.792770981789,-0.817688405514,-0.8214635849,-0.807412624359,-0.730114519596],"min":[-0.98507976532,-0.97745090723,-0.973861098289,-0.98930311203,-0.974441230297,-0.962415993214],"var":[0.0044724997133,0.00413695722818,0.002491296269,0.00141723570414,0.0015262773959,0.00434069614857]},"spectral_contrast_valleys":{"dmean":[0.399742692709,0.366496652365,0.29373550415,0.262436389923,0.27306419611,0.460251182318],"dmean2":[0.661310195923,0.612900614738,0.485539257526,0.424104511738,0.409626752138,0.695778489113],"dvar":[0.12455290556,0.109824068844,0.0796619206667,0.0814039409161,0.11099395901,0.210707083344],"dvar2":[0.294221967459,0.255928307772,0.177493393421,0.172498658299,0.227153375745,0.497906059027],"max":[-4.91102838516,-4.3568277359,-4.89821052551,-5.55057287216,-5.40946054459,-9.00153255463],"mean":[-6.80183458328,-6.5948343277,-6.80071020126,-7.0581240654,-7.5394244194,-10.9519224167],"median":[-6.37260532379,-6.2542424202,-6.38157653809,-6.60551738739,-7.07706356049,-10.6355800629],"min":[-27.5381908417,-27.7024326324,-27.48670578,-27.0419330597,-27.2281570435,-27.2110385895],"var":[2.66797947884,2.3362903595,2.30307936668,2.27278804779,2.4179418087,1.92636203766]},"spectral_decrease":{"dmean":4.24603241456e-9,"dmean2":6.99530655623e-9,"dvar":2.53989181981e-17,"dvar2":6.6245454188e-17,"max":2.04796446468e-9,"mean":-9.08760533491e-9,"median":-7.29256210974e-9,"min":-6.42048831878e-8,"var":6.08609583866e-17},"spectral_energy":{"dmean":0.0163897052407,"dmean2":0.0267765074968,"dvar":0.000360751233529,"dvar2":0.000929459289182,"max":0.267868041992,"mean":0.0535898208618,"median":0.047510009259,"min":9.95444497224e-21,"var":0.00157429580577},"spectral_energyband_high":{"dmean":0.000300558196614,"dmean2":0.000437817303464,"dvar":1.91348348721e-7,"dvar2":3.71100810526e-7,"max":0.0120442155749,"mean":0.00110046844929,"median":0.000825550581794,"min":7.1702794306e-21,"var":0.00000125094743453},"spectral_energyband_low":{"dmean":0.0140017038211,"dmean2":0.0231444388628,"dvar":0.000292575685307,"dvar2":0.000773304142058,"max":0.227650001645,"mean":0.0249775759876,"median":0.0185991022736,"min":6.13429851932e-23,"var":0.00056614971254},"spectral_energyband_middle_high":{"dmean":0.00197939039208,"dmean2":0.00322164152749,"dvar":0.00000633263516647,"dvar2":0.0000169978939084,"max":0.0539598055184,"mean":0.00741864182055,"median":0.00676602171734,"min":1.31772749344e-21,"var":0.0000372338108718},"spectral_energyband_middle_low":{"dmean":0.0046022166498,"dmean2":0.00765677262098,"dvar":0.0000382578909921,"dvar2":0.000106383442471,"max":0.0979145169258,"mean":0.0119733838364,"median":0.00878890044987,"min":3.119830022e-22,"var":0.000132453584229},"spectral_entropy":{"dmean":0.129361182451,"dmean2":0.201015949249,"dvar":0.023053733632,"dvar2":0.0545285083354,"max":9.80005550385,"mean":7.68261766434,"median":7.74131727219,"min":4.93418073654,"var":0.117229506373},"spectral_flux":{"dmean":0.0249336455017,"dmean2":0.0413414128125,"dvar":0.000675310264342,"dvar2":0.00168620841578,"max":0.403444558382,"mean":0.127060309052,"median":0.13109394908,"min":9.97719615259e-11,"var":0.00393972080201},"spectral_kurtosis":{"dmean":3.88634133339,"dmean2":5.99568653107,"dvar":32.1778182983,"dvar2":81.7511138916,"max":119.327537537,"mean":17.0799674988,"median":14.712469101,"min":-1.25335133076,"var":107.90625},"spectral_rms":{"dmean":0.00104401190765,"dmean2":0.0016824149061,"dvar":0.00000106203174255,"dvar2":0.00000267630775852,"max":0.0161658488214,"mean":0.00655292440206,"median":0.00680817384273,"min":3.11635266204e-12,"var":0.00000934206218517},"spectral_rolloff":{"dmean":5562.78564453,"dmean2":10630.7568359,"dvar":63882992,"dvar2":155640512,"max":22050,"mean":11867.1181641,"median":18626.2207031,"min":21.533203125,"var":92263320},"spectral_skewness":{"dmean":0.308253616095,"dmean2":0.465151309967,"dvar":0.129214435816,"dvar2":0.30532258749,"max":8.97149848938,"mean":2.72341012955,"median":2.5439696312,"min":0.0640547201037,"var":0.762201547623},"spectral_spread":{"dmean":453103.875,"dmean2":677425.75,"dvar":297866428416,"dvar2":544689553408,"max":42205328,"mean":3992749.75,"median":3892652.5,"min":735095.125,"var":1385604972540},"spectral_strongpeak":{"dmean":1.7369260788,"dmean2":3.28821897507,"dvar":66.5957489014,"dvar2":196.059783936,"max":125.527534485,"mean":1.23013460636,"median":0.199740707874,"min":0,"var":41.7168312073},"zerocrossingrate":{"dmean":0.035131175071,"dmean2":0.0473973490298,"dvar":0.000892634212505,"dvar2":0.00164306722581,"max":0.68359375,"mean":0.249805286527,"median":0.2509765625,"min":0.005859375,"var":0.00885670166463}},"metadata":{"audio_properties":{"analysis_sample_rate":44100,"bit_rate":271962,"codec":"mp3","downmix":"mix","equal_loudness":0,"length":258.613311768,"lossless":false,"md5_encoded":"af8c109074418f2e037be84cf993db70","replay_gain":-11.550239563,"sample_rate":44100},"tags":{"acoustid_id":["62e6cf91-3ab0-44e1-a683-94152bc8e15a"],"album":["Born Villain"],"albumartist":["Marilyn Manson"],"albumartistsort":["Marilyn Manson"],"artist":["Marilyn Manson"],"asin":["B007KIZ6IG"],"barcode":["711297495423"],"catalognumber":["COOKCD554"],"date":["2012","2012-04-30"],"discnumber":["1/1"],"encoding":["MediaMonkey 4.0.3"],"file_name":"11-Marilyn Manson-Murderers Are Getting Prettier Every Day.mp3","genre":["Industrial"],"isrc":["GBCEJ1200126"],"label":["Cooking Vinyl"],"language":["eng"],"media":["CD"],"musicbrainz album release country":["GB"],"musicbrainz album status":["official"],"musicbrainz album type":["album"],"musicbrainz_albumartistid":["5dfdca28-9ddc-4853-933c-8bc97d87beec"],"musicbrainz_albumid":["6b235ce0-d847-4f3d-a2ed-b5a9c660b793"],"musicbrainz_artistid":["5dfdca28-9ddc-4853-933c-8bc97d87beec"],"musicbrainz_recordingid":["21e361d2-1556-413b-9896-26f046081756"],"originaldate":["2012","2012"],"replaygain_album_gain":["-10.70 dB"],"replaygain_track_gain":["-11.77 dB"],"replaygain_track_peak":["0.999969"],"script":["Latn"],"title":["Murderers Are Getting Prettier Every Day"],"tracknumber":["11/14"]},"version":{"essentia":"2.1-beta1","essentia_build_sha":"ca57ba49d9b1854bd80e60cf9ccf267278fb7d6b","essentia_git_sha":"v2.1_beta1-28-g21ef5f4-dirty","extractor":"music 1.0"}},"rhythm":{"beats_count":681,"beats_loudness":{"dmean":0.0228847693652,"dmean2":0.0405674986541,"dvar":0.000473665568279,"dvar2":0.00142656208482,"max":0.206152379513,"mean":0.0642893314362,"median":0.0561390146613,"min":5.59076174245e-10,"var":0.00167256919667},"beats_loudness_band_ratio":{"dmean":[0.16045486927,0.0583169832826,0.055153645575,0.0508056357503,0.0289346966892,0.0706560015678],"dmean2":[0.274843871593,0.101353757083,0.0963224768639,0.0867180302739,0.0517131760716,0.1232