{"lowlevel":{"average_loudness":0.677866399288,"barkbands":{"dmean":[0.00128954369575,0.00278912950307,0.00123035535216,0.00081662973389,0.00120659032837,0.00152134813834,0.001042539021,0.000584717665333,0.000752237567212,0.000874470453709,0.000667573476676,0.000784240779467,0.000436736561824,0.000328376190737,0.000410047272453,0.000297159625916,0.0000355464508175,0.0000260493288806,0.0000275003476418,0.0000293794510071,0.0000417399605794,0.0000340352053172,0.000015115881979,0.00000784347048466,0.00000168600263351,0.00000740995301385,0.0000280130243482],"dmean2":[0.00229578954168,0.00463759386912,0.00209826766513,0.00139664486051,0.00187579984777,0.00230940128677,0.00162679480854,0.000923879444599,0.00118606875185,0.00138358282857,0.00103804189712,0.00119298906066,0.000690838263836,0.000520956818946,0.000663443643134,0.000493759289384,0.0000560406624572,0.0000398157972086,0.0000417021437897,0.0000438875686086,0.0000630182621535,0.0000507543772983,0.0000222126873268,0.0000119125215861,0.00000277197204923,0.0000109767925096,0.000041627252358],"dvar":[0.00000300045530821,0.0000220954680117,0.00000620852597422,0.00000382505595553,0.0000091847987278,0.0000278992101812,0.0000135954160214,0.00000673600789014,0.000011443036783,0.0000105570343294,0.00000713700501365,0.00000531311889063,0.00000127833845909,6.04234116963e-7,0.00000205568835554,0.00000152078769133,6.66097577096e-9,5.00759522737e-9,6.93055790535e-9,4.91844209805e-9,1.02954258452e-8,6.15709927487e-9,1.02338260088e-9,3.55290463716e-10,1.15906086812e-11,2.44362863278e-10,3.28910121361e-9],"dvar2":[0.0000090362964329,0.0000602568252361,0.0000178680056706,0.0000106921488623,0.0000219751600525,0.0000602845793765,0.0000299831153825,0.0000161111238413,0.0000266793467745,0.0000249331751547,0.0000157142203534,0.0000119426340461,0.00000297277597383,0.00000157798297096,0.00000514119437867,0.00000409052199757,1.55317518846e-8,1.09547722005e-8,1.48141117151e-8,1.11442526318e-8,2.28332126539e-8,1.36747360102e-8,2.20705964615e-9,8.06071043247e-10,2.91696770904e-11,5.23508514316e-10,7.71273089839e-9],"max":[0.0181967932731,0.113203376532,0.0442375987768,0.0698969066143,0.103059977293,0.206023931503,0.176863238215,0.0988175347447,0.124626435339,0.111144021153,0.0946952104568,0.0773949176073,0.0323700010777,0.0277889352292,0.0278804786503,0.023357367143,0.00164912757464,0.00272093783133,0.00404146825895,0.00180100346915,0.00189642270561,0.00222443393432,0.000728055252694,0.000462506053736,0.000058762547269,0.000379892240744,0.00109297467861],"mean":[0.00167033961043,0.00653166417032,0.00177849782631,0.00106114614755,0.00222997623496,0.00243066297844,0.00151065178216,0.000761698524002,0.000988094485365,0.00122939876746,0.000969578279182,0.00120970467106,0.000698871619534,0.000476211775094,0.000529741810169,0.000380887737265,0.0000540033070138,0.0000384509767173,0.0000421656841354,0.0000423315177613,0.000055097421864,0.0000465532029921,0.000021019794076,0.00000898421876627,0.00000163010861343,0.0000096081648735,0.0000485484561068],"median":[0.00103071087506,0.00503686862066,0.000681294826791,0.000455437606433,0.000655367621221,0.000513694889378,0.000272183824563,0.0000911471142899,0.0000781797571108,0.0001827419037,0.000106453437184,0.000138793577207,0.000152711611008,0.0000818743937998,0.0000552948658878,0.0000321389634337,0.0000174768247234,0.0000115506245493,0.0000121472185128,0.0000124143934954,0.0000126148443087,0.0000106878014776,0.0000049551522352,0.0000018627370082,4.14076481547e-7,0.00000241017187363,0.0000166722493304],"min":[1.04961000276e-24,2.91454127765e-25,2.20094243595e-24,3.09033695822e-24,6.45125596795e-24,1.53352871813e-23,7.72469874446e-24,8.80755864273e-24,1.73256116441e-23,1.44355944743e-23,1.87441823447e-23,2.21283908949e-23,3.30351060398e-23,3.80420598478e-23,3.52574439613e-23,4.86543089941e-23,8.2948780982e-23,9.54429808799e-23,1.37336480548e-22,1.5892323639e-22,2.66026944601e-22,3.07516534864e-22,3.94109076989e-22,6.2251631787e-22,7.9962894493e-22,1.37434443189e-21,2.05650852966e-21],"var":[0.00000344214686265,0.0000439075047325,0.0000106569959826,0.00000432049682786,0.0000217234446609,0.0000519611130585,0.0000233960527112,0.0000100832530734,0.0000177019865077,0.0000157966114784,0.0000137599072332,0.00000983710106084,0.00000242759574576,9.68118456512e-7,0.00000289806098408,0.00000228835529015,1.12898055349e-8,8.22725088057e-9,1.19814860255e-8,7.58180274119e-9,1.57363793107e-8,9.83706716084e-9,1.72754088812e-9,4.55306486957e-10,1.24119334602e-11,3.87967824533e-10,7.70446817455e-9]},"barkbands_crest":{"dmean":2.86302113533,"dmean2":4.68753385544,"dvar":6.44118452072,"dvar2":16.5735969543,"max":26.7103500366,"mean":12.2825021744,"median":11.5555944443,"min":2.83630132675,"var":24.2867355347},"barkbands_flatness_db":{"dmean":0.0343891680241,"dmean2":0.0508175157011,"dvar":0.00109049491584,"dvar2":0.00241839024238,"max":0.613602876663,"mean":0.187780037522,"median":0.17203040421,"min":0.039967559278,"var":0.00562965357676},"barkbands_kurtosis":{"dmean":8.54155540466,"dmean2":13.6913871765,"dvar":522.805175781,"dvar2":1342.23840332,"max":754.523925781,"mean":15.1239347458,"median":4.2439789772,"min":-1.83742976189,"var":1193.39746094},"barkbands_skewness":{"dmean":0.808591723442,"dmean2":1.25535452366,"dvar":1.00647902489,"dvar2":2.42071247101,"max":25.1292171478,"mean":2.22466135025,"median":1.72994029522,"min":-3.12664103508,"var":5.03403234482},"barkbands_spread":{"dmean":5.15230321884,"dmean2":7.9585723877,"dvar":79.7774963379,"dvar2":175.38861084,"max":116.770294189,"mean":14.6913366318,"median":12.1312294006,"min":0.233288869262,"var":161.842803955},"dissonance":{"dmean":0.0279600787908,"dmean2":0.0470604337752,"dvar":0.000846932642162,"dvar2":0.00231649470516,"max":0.500000119209,"mean":0.454746365547,"median":0.464501917362,"min":0.198825076222,"var":0.00142094003968},"dynamic_complexity":6.09431505203,"erbbands":{"dmean":[0.102667286992,0.602562844753,1.36208641529,2.0954811573,3.57538342476,4.11700057983,7.70213460922,13.2870845795,13.6926374435,15.0901575089,13.2079315186,17.5246620178,19.8764286041,29.5869903564,22.0797424316,33.5443954468,21.8626403809,13.6287584305,17.9551620483,29.9226493835,5.38616228104,1.91519963741,1.52507913113,1.19058442116,1.53724777699,1.36393129826,1.52378952503,1.71199655533,1.35086882114,0.726457595825,0.405342429876,0.231398388743,0.0914273187518,0.0213490705937,0.0118373176083,0.0120026348159,0.0172981675714,0.0120240980759,0.00322620221414,0.000401568395318],"dmean2":[0.159253433347,1.03582382202,2.30516576767,3.54383778572,5.74820375443,6.43631076813,11.5930051804,20.390789032,21.5612068176,23.7685642242,20.5157470703,27.6561412811,31.4117565155,46.0015525818,33.5890045166,50.7423934937,34.2469825745,21.4127235413,28.526348114,49.5859489441,8.62063789368,2.98189878464,2.29595327377,1.79478681087,2.32132363319,2.03201889992,2.28420591354,2.59206318855,2.04177808762,1.06867814064,0.594854176044,0.345177054405,0.143769085407,0.0347624979913,0.0194334629923,0.0191364344209,0.0255245212466,0.0172765422612,0.00464445818216,0.00060178374406],"dvar":[0.0257397349924,1.18422496319,7.86180257797,21.4962062836,62.7029304504,149.591094971,1120.58239746,2137.40966797,2227.65991211,3543.37182617,4728.55712891,6717.59082031,7087.33935547,13516.8779297,5111.37011719,10297.0234375,2797.68725586,977.60559082,3704.09057617,16079.9492188,260.082397461,18.2002887726,17.366985321,10.6554718018,22.2234916687,10.5420312881,14.9746055603,17.3610668182,10.1198406219,2.43267273903,0.738281309605,0.290123224258,0.0531604401767,0.00162865302991,0.000574156350922,0.000627001631074,0.00149464153219,0.000659290933982,0.0000530964134668,8.70324242896e-7],"dvar2":[0.0672269016504,3.27654075623,23.0507106781,59.7376899719,157.151504517,351.094940186,2141.3527832,4668.01074219,4878.34863281,8023.66357422,11028.4980469,15795.3710938,16251.015625,31999.2167969,11799.1191406,23473.625,6460.36914062,2443.25756836,9122.34375,42616.140625,681.174743652,41.8808860779,36.5337600708,22.8239650726,49.192237854,23.6470909119,33.7978515625,39.1214294434,22.8311843872,5.31409406662,1.58152484894,0.631502687931,0.130477502942,0.00409798836336,0.00144505524077,0.00154575589113,0.00321364332922,0.00141095602885,0.00011104690202,0.00000218463605961],"max":[3.07249450684,26.3072738647,50.9275283813,163.574462891,323.42666626,335.561828613,2090.48266602,1303.03137207,1638.71044922,2071.76391602,3055.84887695,2717.15454102,3016.65283203,4065.65112305,1852.28869629,3366.60058594,1581.92578125,798.13848877,1666.36584473,2823.00488281,298.076660156,84.8376312256,187.289123535,188.933197021,200.484939575,89.6302719116,80.9637527466,109.901298523,77.6095199585,37.569896698,18.6479110718,11.6763000488,5.52747535706,0.686593472958,0.416373640299,0.513100326061,0.90923845768,0.647595345974,0.177317664027,0.0189406927675],"mean":[0.275214105844,1.12913584709,2.10261702538,3.03169059753,5.91294670105,7.38899850845,12.0441684723,20.5119895935,20.0740623474,22.201581955,18.0816917419,23.3538570404,29.0925750732,44.3931350708,35.6385269165,53.5571861267,37.3919487,22.6671123505,26.7271347046,39.7533607483,8.04970741272,3.10569477081,2.3460521698,1.83737754822,2.32560944557,1.97311222553,2.03526592255,2.26229357719,1.81196558475,1.0061455965,0.5572488904,0.278674721718,0.0989087000489,0.0222333241254,0.0116333533078,0.01324257534,0.0216277129948,0.0170691013336,0.00478796008974,0.000826046452858],"median":[0.180519342422,0.833935022354,0.938608407974,1.42737340927,2.12751173973,1.84621858597,3.01190257072,4.2393040657,3.88127231598,3.50360655785,1.92566585541,1.98927867413,4.27379798889,6.38170337677,5.88511276245,6.95136356354,8.51080513,4.52063655853,3.98962306976,3.44107437134,1.31196808815,1.04079067707,0.747039914131,0.573163568974,0.674280643463,0.566352546215,0.506464481354,0.518842637539,0.396832615137,0.236459314823,0.126754835248,0.0545809268951,0.0228284671903,0.0068697957322,0.00309572764672,0.00386693095788,0.00472135841846,0.00412295060232,0.00134870375041,0.000280982902041],"min":[4.71843802931e-23,2.66053450327e-22,2.12296489862e-21,1.04844674121e-20,6.18773224624e-21,1.57154752109e-20,4.12484178389e-20,1.269424326e-19,1.45390550663e-19,1.55131377858e-19,3.04091006069e-19,3.74228193045e-19,6.02298483237e-19,3.65037777e-19,8.58389516679e-19,1.04765371411e-18,1.7397955407e-18,2.41033296065e-18,2.44780031329e-18,3.38930679908e-18,2.85532387016e-18,5.4666985292e-18,5.89429713915e-18,6.26438932574e-18,8.83831648447e-18,7.53646075894e-18,9.60702618106e-18,1.2127049288e-17,1.12444922422e-17,1.0682189751e-17,1.15704394538e-17,1.11923070717e-17,1.11206806753e-17,9.44485328607e-18,6.32226467165e-18,4.27443224072e-18,2.22144130469e-18,9.6228877829e-19,2.60796191863e-19,2.64920924756e-20],"var":[0.0916059836745,1.65775287151,13.1576623917,27.9268169403,117.210258484,338.953094482,2035.94384766,3839.82324219,4021.28857422,6368.34814453,7878.94873047,9797.19335938,11733.7207031,22224.7695312,10164.0136719,19180.4335938,5910.21337891,1906.65332031,4776.41601562,24970.0644531,463.307403564,33.3733062744,30.3634567261,18.8245506287,34.7302856445,16.5069465637,21.4840240479,26.7034015656,15.5474843979,3.98886203766,1.23873889446,0.413957089186,0.0573697350919,0.00186006526928,0.000618137652054,0.000730126048438,0.00224850093946,0.00114437483717,0.0000946521031437,0.0000021969840418]},"erbbands_crest":{"dmean":2.96542000771,"dmean2":4.85626173019,"dvar":8.20116519928,"dvar2":21.1778774261,"max":33.0606079102,"mean":9.92729091644,"median":8.66397953033,"min":2.09535312653,"var":24.7451496124},"erbbands_flatness_db":{"dmean":0.0302351359278,"dmean2":0.0460910759866,"dvar":0.00077426066855,"dvar2":0.001787938294,"max":0.379775822163,"mean":0.168067574501,"median":0.165267810225,"min":0.0301119051874,"var":0.00337749626487},"erbbands_kurtosis":{"dmean":1.91955447197,"dmean2":3.07862353325,"dvar":11.0451498032,"dvar2":29.1815280914,"max":112.197105408,"mean":2.22206926346,"median":0.719186067581,"min":-1.81682217121,"var":22.8185100555},"erbbands_skewness":{"dmean":0.498956114054,"dmean2":0.76118260622,"dvar":0.244894459844,"dvar2":0.550421953201,"max":8.02759075165,"mean":0.273697286844,"median":0.257956027985,"min":-4.56549358368,"var":1.08804750443},"erbbands_spread":{"dmean":8.59775733948,"dmean2":13.0704917908,"dvar":118.392471313,"dvar2":262.268707275,"max":127.062385559,"mean":28.6158027649,"median":23.473772049,"min":1.29686880112,"var":376.483581543},"gfcc":{"cov":[[19765.6914062,-25.1950550079,-2535.84082031,-720.069702148,-111.041725159,-293.9559021,221.446228027,-546.78302002,55.0590515137,-57.5082855225,-155.205383301,-7.08347654343,-131.119064331],[-25.1950550079,1531.26733398,104.238189697,-469.529724121,-18.5958137512,5.93423032761,-133.395782471,24.5251235962,-87.2239151001,-52.304069519,49.6017990112,-92.0067901611,102.168769836],[-2535.84082031,104.238189697,863.217895508,386.238189697,-147.190505981,54.8078193665,-92.0837020874,246.528442383,-80.2229156494,18.2185935974,-24.4168663025,2.99559736252,-22.483423233],[-720.069702148,-469.529724121,386.238189697,563.521484375,35.9188804626,-16.8580436707,68.7071151733,60.3754959106,30.9688434601,22.2757568359,-41.8031730652,47.400932312,-69.5798492432],[-111.041725159,-18.5958137512,-147.190505981,35.9188804626,293.923126221,90.6633758545,12.6090259552,-90.4336242676,30.1552791595,6.17551851273,21.8965263367,-19.630853653,43.0233573914],[-293.9559021,5.93423032761,54.8078193665,-16.8580436707,90.6633758545,202.652587891,-10.5234279633,38.8978271484,-50.8351554871,14.2466831207,11.4059181213,-2.66466021538,33.8072433472],[221.446228027,-133.395782471,-92.0837020874,68.7071151733,12.6090259552,-10.5234279633,228.167068481,-10.3993253708,79.3813934326,-9.98805999756,0.425536215305,38.7817955017,-31.6057853699],[-546.78302002,24.5251235962,246.528442383,60.3754959106,-90.4336242676,38.8978271484,-10.3993253708,280.957672119,33.8064918518,45.2181434631,-9.25502300262,-21.577878952,8.37690734863],[55.0590515137,-87.2239151001,-80.2229156494,30.9688434601,30.1552791595,-50.8351554871,79.3813934326,33.8064918518,212.0340271,81.1661453247,8.93464946747,3.82835888863,-21.2770385742],[-57.5082855225,-52.304069519,18.2185935974,22.2757568359,6.17551851273,14.2466831207,-9.98805999756,45.2181434631,81.1661453247,105.090782166,41.6132583618,-0.159449845552,3.86692047119],[-155.205383301,49.6017990112,-24.4168663025,-41.8031730652,21.8965263367,11.4059181213,0.425536215305,-9.25502300262,8.93464946747,41.6132583618,79.9590072632,37.2081108093,19.995716095],[-7.08347654343,-92.0067901611,2.99559736252,47.400932312,-19.630853653,-2.66466021538,38.7817955017,-21.577878952,3.82835888863,-0.159449845552,37.2081108093,91.2921524048,23.3614673615],[-131.119064331,102.168769836,-22.483423233,-69.5798492432,43.0233573914,33.8072433472,-31.6057853699,8.37690734863,-21.2770385742,3.86692047119,19.995716095,23.3614673615,91.2545318604]],"icov":[[0.000176860354259,-0.000400481716497,0.00133133353665,-0.000989229069091,0.000734237371944,-0.000388469023164,0.000286825641524,-0.000246329727815,0.000373989576474,-0.000516989501193,0.000600635074079,-0.000277418934274,0.000244468799792],[-0.000400481716497,0.00248564383946,-0.00475292606279,0.00465402752161,-0.00274612219073,0.00198689196259,-0.00121988821775,0.00087614019867,-0.000928369583562,0.00183069577906,-0.00205443543382,0.00158647191711,-0.00117511744611],[0.00133133353665,-0.00475292606279,0.0169134829193,-0.0166317149997,0.0134991500527,-0.00869001168758,0.00545512558892,-0.0025723981671,-0.000572478806134,0.00321762193926,-0.00426008040085,0.00567363016307,-0.00308818044141],[-0.000989229069091,0.00465402752161,-0.0166317149997,0.0234455056489,-0.0209735743701,0.0138085624203,-0.00668293237686,-0.00151154480409,0.00831364747137,-0.0154969198629,0.0192431267351,-0.0202638879418,0.0133099118248],[0.000734237371944,-0.00274612219073,0.0134991500527,-0.0209735743701,0.0272983387113,-0.0172607097775,0.00581720890477,0.00575493881479,-0.0139752384275,0.0218957606703,-0.0262652859092,0.0282299611717,-0.0191836152226],[-0.000388469023164,0.00198689196259,-0.00869001168758,0.0138085624203,-0.0172607097775,0.0174529943615,-0.00529823591933,-0.00412181252614,0.0121301654726,-0.0174334235489,0.0175473149866,-0.0170651171356,0.00991111714393],[0.000286825641524,-0.00121988821775,0.00545512558892,-0.00668293237686,0.00581720890477,-0.00529823591933,0.0090895043686,-0.000410730746808,-0.00608931295574,0.00856669805944,-0.00606636190787,0.00210789684206,-0.00056075991597],[-0.000246329727815,0.00087614019867,-0.0025723981671,-0.00151154480409,0.00575493881479,-0.00412181252614,-0.000410730746808,0.00860489904881,-0.00620396574959,0.00573433563113,-0.00780047103763,0.0105339288712,-0.00791658088565],[0.000373989576474,-0.000928369583562,-0.000572478806134,0.00831364747137,-0.0139752384275,0.0121301654726,-0.00608931295574,-0.00620396574959,0.0230181924999,-0.0294081214815,0.0262532886118,-0.0222621429712,0.0148898493499],[-0.000516989501193,0.00183069577906,0.00321762193926,-0.0154969198629,0.0218957606703,-0.0174334235489,0.00856669805944,0.00573433563113,-0.0294081214815,0.0559382550418,-0.0505199022591,0.0396055728197,-0.0235361289233],[0.000600635074079,-0.00205443543382,-0.00426008040085,0.0192431267351,-0.0262652859092,0.0175473149866,-0.00606636190787,-0.00780047103763,0.0262532886118,-0.0505199022591,0.0682953447104,-0.0524709932506,0.0280133653432],[-0.000277418934274,0.00158647191711,0.00567363016307,-0.0202638879418,0.0282299611717,-0.0170651171356,0.00210789684206,0.0105339288712,-0.0222621429712,0.0396055728197,-0.0524709932506,0.061251077801,-0.0345039926469],[0.000244468799792,-0.00117511744611,-0.00308818044141,0.0133099118248,-0.0191836152226,0.00991111714393,-0.00056075991597,-0.00791658088565,0.0148898493499,-0.0235361289233,0.0280133653432,-0.0345039926469,0.0350820235908]],"mean":[-75.5463027954,113.347297668,-83.1308898926,8.3867149353,-26.9263935089,6.84718179703,-6.3238286972,-18.3903884888,-5.82265615463,2.02213382721,-6.9287610054,5.51013946533,-8.77256965637]},"hfc":{"dmean":5.22756767273,"dmean2":7.60010957718,"dvar":84.5969467163,"dvar2":186.641906738,"max":201.697616577,"mean":13.858923912,"median":6.24698829651,"min":1.03156847159e-16,"var":345.584106445},"melbands":{"dmean":[0.00081058323849,0.000705825048499,0.000371570582502,0.000284981913865,0.000237750602537,0.000294326251606,0.0002120903373,0.000151995671331,0.000116811745102,0.000108083811938,0.000104221289803,0.00012496970885,0.0000845526737976,0.0000850044598337,0.0000678470387356,0.0000418924137193,0.0000254394180956,0.0000312830343319,0.0000312490556098,0.0000327812340402,0.00000303512979372,0.00000211547308027,0.00000177956223979,0.00000114484760161,9.83255517895e-7,0.00000113786745715,0.00000114784427296,8.62400383994e-7,9.37174831961e-7,0.00000100252225366,0.00000102586784578,8.34541879158e-7,5.73830220674e-7,3.5014394939e-7,2.5268485615e-7,1.76527777285e-7,1.31501820988e-7,7.86054599189e-8,2.56071235327e-8,1.55149351144e-8],"dmean2":[0.00130914675537,0.00120182475075,0.000623443746008,0.000447287777206,0.000359069003025,0.00044994649943,0.000331687857397,0.000240208726609,0.000181675190106,0.000171172156115,0.000165496647242,0.000194752006792,0.000130256303237,0.000127662395244,0.000106670428067,0.0000656494448776,0.0000405339378631,0.0000499972629768,0.0000507312179252,0.0000548221141798,0.00000469363612865,0.00000336851803695,0.00000280457697954,0.00000175961145032,0.00000151560163886,0.00000174580907242,0.0000017564996142,0.00000130525518216,0.00000142593012242,0.00000153739222242,0.00000157475130891,0.00000127985367726,8.73568637871e-7,5.21920526353e-7,3.7839606648e-7,2.62844395138e-7,2.00547503937e-7,1.24983728256e-7,4.165209333e-8,2.5501321943e-8],"dvar":[0.0000017480859924,0.00000178689185759,6.30810689017e-7,4.93637287491e-7,8.60962586557e-7,0.00000101245962014,5.47607669432e-7,3.42446526247e-7,3.90039531339e-7,2.44022203333e-7,1.91967970409e-7,2.31006950457e-7,9.4445653076e-8,7.26011890606e-8,3.1514939991e-8,1.17647589448e-8,3.66543950747e-9,9.71971658714e-9,1.16108616055e-8,2.00458760702e-8,6.17478221332e-11,2.58916013629e-11,2.0767120662e-11,9.12251524321e-12,7.5722206283e-12,1.4013748495e-11,9.48017619268e-12,4.16572679129e-12,6.23140167938e-12,5.87533927759e-12,6.82199782776e-12,3.85396705868e-12,1.8296481951e-12,5.66502031916e-13,2.97944503271e-13,1.52734622909e-13,1.09061665135e-13,4.47617644176e-14,2.66764365826e-15,9.84928005243e-16],"dvar2":[0.00000465189532406,0.00000515897454534,0.00000172714737801,0.00000116364719815,0.00000167089615388,0.00000220910419557,0.0000011996704643,7.78713797445e-7,8.87068040356e-7,5.77486332531e-7,4.41401482476e-7,5.50468882921e-7,2.12678571643e-7,1.56957284503e-7,7.58533431622e-8,2.7588415108e-8,9.489556696e-9,2.41183961691e-8,3.03783593836e-8,5.37553397351e-8,1.42243203327e-10,6.27075197324e-11,4.54600419808e-11,2.05337084141e-11,1.68825526475e-11,3.05178902982e-11,2.21734002687e-11,9.59866908179e-12,1.4657936323e-11,1.30407767918e-11,1.59131111066e-11,8.65923045074e-12,4.30536595958e-12,1.25204555924e-12,6.5702830546e-13,3.34078115649e-13,2.46304523001e-13,1.12040375079e-13,6.78513074244e-15,2.47984438363e-15],"max":[0.0298277288675,0.0228346586227,0.0250589698553,0.0270333420485,0.054455395788,0.0301271304488,0.0314056575298,0.0189776867628,0.0312434695661,0.0146974502131,0.0153741864488,0.0152720557526,0.00989328324795,0.0109146479517,0.00371885905042,0.00398556236178,0.0016301801661,0.00244397507049,0.00224740826525,0.0029410906136,0.000216884669499,0.00010295692482,0.000176093817572,0.000111445886432,0.000149974759552,0.000187085141079,0.0000916161225177,0.0000557263665542,0.000054837542848,0.0000549905416847,0.0000835976024973,0.000051767052355,0.0000321903316944,0.0000181542091013,0.0000118755833682,0.00000779170295573,0.00000835990431369,0.00000546924002265,0.00000103132754248,5.42363011391e-7],"mean":[0.00214681681246,0.00122831680346,0.000586145266425,0.000533863436431,0.000387170701288,0.000467165868031,0.000309878028929,0.000221524198423,0.00015414772497,0.000140871372423,0.000146808815771,0.000182493487955,0.000127481645904,0.000129224878037,0.000114074136945,0.0000660525547573,0.0000381745558116,0.0000436216723756,0.0000434332032455,0.0000420160868089,0.00000441767633674,0.00000310641280521,0.00000264199752564,0.0000016587778191,0.00000142149781368,0.00000169816678408,0.00000161620494055,0.00000120612810406,0.00000122093888422,0.00000129014119921,0.00000132103298256,0.00000110037547074,7.48029265196e-7,4.77859941839e-7,3.43420452964e-7,2.21980059223e-7,1.48710512349e-7,8.18939582814e-8,2.70043347683e-8,1.49617669365e-8],"median":[0.00164064427372,0.000768763013184,0.000294092926197,0.000150528067024,0.000101596058812,0.0000971923218458,0.0000573813958908,0.0000326981207763,0.0000141836908369,0.0000112640773295,0.0000211537590076,0.0000254882361332,0.0000163835211424,0.0000144695050039,0.0000212106333493,0.0000131399719976,0.00000677465277477,0.00000625213351668,0.00000436598247688,0.00000308733569909,0.00000102733133645,9.7701138202e-7,8.33205547224e-7,4.91937669267e-7,4.13686620959e-7,4.75719787119e-7,4.48691338306e-7,3.44252782725e-7,3.10085340516e-7,2.80206023717e-7,3.00677555742e-7,2.41888272967e-7,1.56709234034e-7,1.15270772483e-7,7.76582496087e-8,4.46812258303e-8,2.7391280355e-8,1.69793565874e-8,7.84775444629e-9,3.73022812639e-9],"min":[8.29848835957e-25,1.80073594379e-24,2.10577267862e-24,5.3905291401e-25,1.72042576212e-24,3.35113240134e-24,1.70023861434e-24,1.52754720003e-24,2.44038400601e-24,2.49604563705e-24,2.91656233929e-24,1.15559238069e-24,2.44208636784e-24,2.95863524959e-24,2.5347256566e-24,3.40712495953e-24,2.98320037818e-24,3.27574175349e-24,3.35163845561e-24,3.07811572786e-24,2.19299130967e-24,4.75518687793e-24,3.87382966498e-24,4.44198464386e-24,4.17035853495e-24,5.59650269461e-24,5.45147890022e-24,4.41806993109e-24,4.17663076801e-24,4.60042104579e-24,5.40817280311e-24,6.02205686537e-24,6.20124228126e-24,5.30426088923e-24,5.70152571907e-24,4.2292012476e-24,6.46174584584e-24,7.30042726153e-24,7.28332317938e-24,7.41553942254e-24],"var":[0.00000468987082058,0.00000272919987765,8.83717461875e-7,0.00000121056530134,0.00000165230756011,0.00000190669243239,9.66846755546e-7,6.22295317498e-7,6.7824890948e-7,3.50499618662e-7,3.09546919652e-7,3.67743069773e-7,1.84946301829e-7,1.28300129631e-7,6.20238722604e-8,2.17307434269e-8,6.18132878216e-9,1.23363204096e-8,1.94680289667e-8,3.06805461037e-8,1.01870165081e-10,3.959386638e-11,3.54024587423e-11,1.47159697622e-11,1.22451380632e-11,2.29992171141e-11,1.33377215522e-11,6.21065568765e-12,8.11311087756e-12,8.96787765575e-12,9.69746765528e-12,5.88072559399e-12,2.60665143983e-12,9.04389356373e-13,4.75203101695e-13,2.32587359745e-13,1.38165005695e-13,4.48324815043e-14,2.94519750859e-15,1.0531541798e-15]},"melbands_crest":{"dmean":3.6613471508,"dmean2":5.77301883698,"dvar":10.9132547379,"dvar2":26.2783184052,"max":38.5371627808,"mean":18.4182052612,"median":17.2116947174,"min":1.66518592834,"var":57.0495758057},"melbands_flatness_db":{"dmean":0.0407960750163,"dmean2":0.0596591904759,"dvar":0.00148349185474,"dvar2":0.00327686336823,"max":0.765066504478,"mean":0.294181525707,"median":0.281562328339,"min":0.00386023824103,"var":0.00816819164902},"melbands_kurtosis":{"dmean":14.3548383713,"dmean2":22.9224662781,"dvar":1373.38647461,"dvar2":3558.85888672,"max":1145.58911133,"mean":26.088218689,"median":8.16540241241,"min":-1.92471885681,"var":3003.75},"melbands_skewness":{"dmean":0.981813251972,"dmean2":1.52005708218,"dvar":1.44034862518,"dvar2":3.46491193771,"max":26.2001609802,"mean":3.08158659935,"median":2.43466448784,"min":-3.18627023697,"var":7.42783308029},"melbands_spread":{"dmean":5.62786769867,"dmean2":8.79724884033,"dvar":119.617912292,"dvar2":280.809356689,"max":186.059371948,"mean":16.4187774658,"median":11.6418743134,"min":0.152454838157,"var":342.650878906},"mfcc":{"cov":[[12758.2177734,520.788879395,-2229.1809082,-359.668914795,-884.999267578,434.434661865,-464.146087646,-3.62320804596,-287.92980957,152.021987915,-213.91418457,-6.02204465866,-164.217453003],[520.788879395,1720.37072754,-50.8237686157,-428.628417969,44.2206115723,-141.423965454,58.3888702393,-126.494445801,-5.47046995163,-108.173065186,8.8779296875,-110.010597229,35.6804046631],[-2229.1809082,-50.8237686157,974.083618164,249.245407104,135.050292969,-206.485183716,88.469581604,58.9951820374,73.8246154785,-23.2224254608,54.8679924011,19.4710865021,-2.45324778557],[-359.668914795,-428.628417969,249.245407104,480.605224609,12.3853740692,45.1345939636,-34.6942901611,79.2088241577,31.3247566223,42.7043533325,17.2020282745,55.0656700134,-23.4464550018],[-884.999267578,44.2206115723,135.050292969,12.3853740692,302.95791626,27.6407299042,74.8219909668,-52.4430770874,33.8497467041,-27.9055080414,14.4346399307,0.111454054713,32.1525878906],[434.434661865,-141.423965454,-206.485183716,45.1345939636,27.6407299042,273.921020508,30.369638443,2.14814949036,-42.4029159546,2.94089436531,-42.0225219727,8.14842700958,6.23925876617],[-464.146087646,58.3888702393,88.469581604,-34.6942901611,74.8219909668,30.369638443,166.867904663,32.4406166077,5.34488964081,-50.777721405,-12.5154600143,-23.1244449615,9.90591049194],[-3.62320804596,-126.494445801,58.9951820374,79.2088241577,-52.4430770874,2.14814949036,32.4406166077,131.550170898,42.6343574524,21.345659256,-5.59893131256,17.8160171509,-17.8575439453],[-287.92980957,-5.47046995163,73.8246154785,31.3247566223,33.8497467041,-42.4029159546,5.34488964081,42.6343574524,121.094718933,59.5237350464,39.389831543,7.07299900055,7.90188646317],[152.021987915,-108.173065186,-23.2224254608,42.7043533325,-27.9055080414,2.94089436531,-50.777721405,21.345659256,59.5237350464,146.65864563,65.650177002,26.4579181671,-0.735742330551],[-213.91418457,8.8779296875,54.8679924011,17.2020282745,14.4346399307,-42.0225219727,-12.5154600143,-5.59893131256,39.389831543,65.650177002,102.716537476,36.1661338806,14.8538284302],[-6.02204465866,-110.010597229,19.4710865021,55.0656700134,0.111454054713,8.14842700958,-23.1244449615,17.8160171509,7.07299900055,26.4579181671,36.1661338806,89.1542892456,25.6568470001],[-164.217453003,35.6804046631,-2.45324778557,-23.4464550018,32.1525878906,6.23925876617,9.90591049194,-17.8575439453,7.90188646317,-0.735742330551,14.8538284302,25.6568470001,73.8026351929]],"icov":[[0.00018466891197,-0.000132142027724,0.000357131997589,-0.00010171042959,0.00026567291934,-0.0000284522393486,0.000126870188979,-0.0000713331828592,0.000199611589778,-0.000278537365375,0.000338715646649,-0.000276242644759,0.000310436385917],[-0.000132142027724,0.000962881487794,-0.000319196871715,0.000694260117598,-0.000110177694296,0.000119788848679,-0.0000358683573722,0.00037701355177,-0.000501028494909,0.000927304266952,-0.00090270646615,0.00100521359127,-0.000520561996382],[0.000357131997589,-0.000319196871715,0.00268620275892,-0.00149863550905,-0.000198794485186,0.00183305039536,-0.0010438838508,-0.000355133321136,0.000509646954015,-0.000399982993258,0.000424442929216,-0.000675623887219,0.000638874480501],[-0.00010171042959,0.000694260117598,-0.00149863550905,0.00404752790928,-0.000441025011241,-0.0016498521436,0.00199295650236,-0.00162073131651,-0.000397848983994,0.000697972020134,-0.000878437713254,-0.000349619076587,0.000693941896316],[0.00026567291934,-0.000110177694296,-0.000198794485186,-0.000441025011241,0.00607315311208,-0.00133391097188,-0.00236277538352,0.00442430842668,-0.00323876994662,0.000801276590209,0.000505535630509,-0.00139693706296,0.0000909545924515],[-0.0000284522393486,0.000119788848679,0.00183305039536,-0.0016498521436,-0.00133391097188,0.00682201236486,-0.00291899964213,0.000188595091458,0.00251956097782,-0.00278192595579,0.00316341524012,-0.00111090228893,-0.000690595712513],[0.000126870188979,-0.0000358683573722,-0.0010438838508,0.00199295650236,-0.00236277538352,-0.00291899964213,0.0118783423677,-0.00647884234786,0.000731377862394,0.00426582386717,-0.0035118998494,0.00422080699354,-0.00178404839244],[-0.0000713331828592,0.00037701355177,-0.000355133321136,-0.00162073131651,0.00442430842668,0.000188595091458,-0.00647884234786,0.0163847561926,-0.00699853524566,-0.00129827833734,0.00474991742522,-0.00549334799871,0.0037131041754],[0.000199611589778,-0.000501028494909,0.000509646954015,-0.000397848983994,-0.00323876994662,0.00251956097782,0.000731377862394,-0.00699853524566,0.0162511784583,-0.00625427858904,-0.00139224354643,0.00274020060897,-0.00249136751518],[-0.000278537365375,0.000927304266952,-0.000399982993258,0.000697972020134,0.000801276590209,-0.00278192595579,0.00426582386717,-0.00129827833734,-0.00625427858904,0.0160291921347,-0.00999484490603,0.00212491001002,0.000242087713559],[0.000338715646649,-0.00090270646615,0.000424442929216,-0.000878437713254,0.000505535630509,0.00316341524012,-0.0035118998494,0.00474991742522,-0.00139224354643,-0.00999484490603,0.0213261656463,-0.00859691482037,0.000804009207059],[-0.000276242644759,0.00100521359127,-0.000675623887219,-0.000349619076587,-0.00139693706296,-0.00111090228893,0.00422080699354,-0.00549334799871,0.00274020060897,0.00212491001002,-0.00859691482037,0.0200186446309,-0.0079286461696],[0.000310436385917,-0.000520561996382,0.000638874480501,0.000693941896316,0.0000909545924515,-0.000690595712513,-0.00178404839244,0.0037131041754,-0.00249136751518,0.000242087713559,0.000804009207059,-0.0079286461696,0.0187540818006]],"mean":[-731.877380371,161.982940674,6.11969470978,21.8806018829,-0.905577659607,31.1552085876,2.54829454422,5.06679534912,-1.87759411335,4.25381040573,-0.924328446388,2.99411273003,3.19311213493]},"pitch_salience":{"dmean":0.0803803354502,"dmean2":0.129260197282,"dvar":0.00504012638703,"dvar2":0.0122433640063,"max":0.959633409977,"mean":0.498809665442,"median":0.51282286644,"min":0.0399267710745,"var":0.023651311174},"silence_rate_20dB":{"dmean":0,"dmean2":0,"dvar":0,"dvar2":0,"max":1,"mean":1,"median":1,"min":1,"var":0},"silence_rate_30dB":{"dmean":0.0109051251784,"dmean2":0.0218122322112,"dvar":0.0107881473377,"dvar2":0.0251534543931,"max":1,"mean":0.987460255623,"median":1,"min":0,"var":0.012383421883},"silence_rate_60dB":{"dmean":0.0252635404468,"dmean2":0.0505316741765,"dvar":0.0246274471283,"dvar2":0.0547107644379,"max":1,"mean":0.120308950543,"median":0,"min":0,"var":0.105828993022},"spectral_centroid":{"dmean":234.710189819,"dmean2":353.113464355,"dvar":168141.59375,"dvar2":341877.4375,"max":11663.2304688,"mean":946.48840332,"median":747.889770508,"min":102.98021698,"var":918424.8125},"spectral_complexity":{"dmean":2.4980006218,"dmean2":3.71462321281,"dvar":9.18981266022,"dvar2":16.6604938507,"max":56,"mean":11.4277143478,"median":11,"min":0,"var":64.5893630981},"spectral_contrast_coeffs":{"dmean":[0.0486194491386,0.0508172139525,0.0421446971595,0.0353420600295,0.0237293951213,0.041372589767],"dmean2":[0.0797630771995,0.0820826888084,0.0674184188247,0.0569140538573,0.0384083911777,0.0647763907909],"dvar":[0.00153991952538,0.00166317494586,0.00116535520647,0.000832791614812,0.000443444907432,0.00164067465812],"dvar2":[0.00407979404554,0.00426221452653,0.00287294923328,0.00209598732181,0.00104695139453,0.00368732400239],"max":[-0.345462471247,-0.43246948719,-0.498214781284,-0.525798499584,-0.683495044708,-0.483157426119],"mean":[-0.717350065708,-0.757553219795,-0.794393956661,-0.799259066582,-0.857935249805,-0.753934264183],"median":[-0.72948127985,-0.764981091022,-0.798418939114,-0.802107572556,-0.849912703037,-0.75074338913],"min":[-0.971700906754,-0.976000964642,-0.982512533665,-0.988438487053,-0.97410941124,-0.965952336788],"var":[0.00786705967039,0.00647978438064,0.00537821417674,0.00530321896076,0.00198769150302,0.00598161807284]},"spectral_contrast_valleys":{"dmean":[0.387165486813,0.423579186201,0.401369929314,0.400367766619,0.485446929932,0.681334257126],"dmean2":[0.625224351883,0.665256738663,0.614984571934,0.59604537487,0.712756276131,1.06462490559],"dvar":[0.122519224882,0.150476247072,0.152934938669,0.168575808406,0.266756922007,0.360350310802],"dvar2":[0.266638100147,0.315221518278,0.310835391283,0.338757961988,0.585529565811,0.923839211464],"max":[-5.23382568359,-4.36552095413,-4.78410673141,-5.66892004013,-6.19268703461,-9.0199213028],"mean":[-7.23408317566,-7.18658161163,-7.68149328232,-8.17958164215,-8.60471057892,-11.5500049591],"median":[-6.91248035431,-6.92863082886,-7.4022192955,-7.86713027954,-8.26583385468,-11.3060321808],"min":[-28.0862998962,-28.1463775635,-28.1361370087,-27.6882705688,-27.4448795319,-27.4193305969],"var":[3.13141870499,3.58857226372,3.71422815323,3.64231181145,3.32796573639,2.56904792786]},"spectral_decrease":{"dmean":1.93049487507e-9,"dmean2":2.96089552876e-9,"dvar":8.51856237406e-18,"dvar2":1.91308909321e-17,"max":1.8535165433e-28,"mean":-6.25353324679e-9,"median":-4.77685047073e-9,"min":-7.25676301272e-8,"var":3.60398258463e-17},"spectral_energy":{"dmean":0.00765591999516,"dmean2":0.0116996578872,"dvar":0.000134485570015,"dvar2":0.00029938769876,"max":0.283564627171,"mean":0.0248592421412,"median":0.0187052600086,"min":1.03170198836e-20,"var":0.000579311454203},"spectral_energyband_high":{"dmean":0.000131416265504,"dmean2":0.000187220648513,"dvar":7.80861810767e-8,"dvar2":1.62069170528e-7,"max":0.00593357020989,"mean":0.000191969418665,"median":0.0000536092411494,"min":7.12325615148e-21,"var":1.41731661074e-7},"spectral_energyband_low":{"dmean":0.00383666227572,"dmean2":0.00632608076558,"dvar":0.0000381063728128,"dvar2":0.000104363927676,"max":0.128265053034,"mean":0.00993083696812,"median":0.00819197110832,"min":1.61439421843e-23,"var":0.0000810091150925},"spectral_energyband_middle_high":{"dmean":0.00244351965375,"dmean2":0.00361961266026,"dvar":0.0000316640325764,"dvar2":0.0000711603861419,"max":0.145819589496,"mean":0.00553191639483,"median":0.00145250582136,"min":1.11253500274e-21,"var":0.0000945598076214},"spectral_energyband_middle_low":{"dmean":0.00413489155471,"dmean2":0.00616614287719,"dvar":0.000076784803241,"dvar2":0.000164704499184,"max":0.266844540834,"mean":0.00925263389945,"median":0.00388458929956,"min":1.72746351369e-22,"var":0.000229194003623},"spectral_entropy":{"dmean":0.287550628185,"dmean2":0.432159274817,"dvar":0.0849936008453,"dvar2":0.195364400744,"max":9.81901359558,"mean":7.25845575333,"median":7.28812265396,"min":4.20445823669,"var":0.330363273621},"spectral_flux":{"dmean":0.0196677520871,"dmean2":0.0312448218465,"dvar":0.000500147230923,"dvar2":0.00118650821969,"max":0.347543627024,"mean":0.0736825317144,"median":0.0651846155524,"min":6.49914982942e-11,"var":0.00242934469134},"spectral_kurtosis":{"dmean":4.49245214462,"dmean2":7.09173440933,"dvar":48.8917427063,"dvar2":126.5676651,"max":160.196472168,"mean":11.8621559143,"median":9.54698944092,"min":-1.24602758884,"var":88.3858566284},"spectral_rms":{"dmean":0.000694354006555,"dmean2":0.0010423627682,"dvar":6.06008484283e-7,"dvar2":0.00000128094529828,"max":0.0166327506304,"mean":0.00438256561756,"median":0.00427188910544,"min":3.17259911918e-12,"var":0.00000504614945385},"spectral_rolloff":{"dmean":269.909545898,"dmean2":462.028137207,"dvar":467749.03125,"dvar2":1106770.375,"max":19422.9492188,"mean":844.781738281,"median":516.796875,"min":21.533203125,"var":2471461.5},"spectral_skewness":{"dmean":0.443872898817,"dmean2":0.665762424469,"dvar":0.277980297804,"dvar2":0.661007463932,"max":9.44094371796,"mean":2.40424561501,"median":2.33054733276,"min":-0.0968824625015,"var":0.875390350819},"spectral_spread":{"dmean":684166.375,"dmean2":1058105,"dvar":826886193152,"dvar2":1873783160830,"max":50367196,"mean":3942599,"median":3677690.25,"min":501754.3125,"var":8743073349630},"spectral_strongpeak":{"dmean":0.529833197594,"dmean2":0.906530201435,"dvar":1.57678711414,"dvar2":4.17329835892,"max":15.4470176697,"mean":0.748212635517,"median":0.212607055902,"min":0,"var":2.36039710045},"zerocrossingrate":{"dmean":0.00626640906557,"dmean2":0.00741621246561,"dvar":0.0000982870406006,"dvar2":0.000151265528984,"max":0.5263671875,"mean":0.0310759842396,"median":0.0263671875,"min":0,"var":0.00168064085301}},"metadata":{"audio_properties":{"analysis_sample_rate":44100,"bit_rate":320000,"codec":"mp3","downmix":"mix","equal_loudness":0,"length":255.504745483,"lossless":false,"md5_encoded":"201824636156923fa04c0eb95e126a50","replay_gain":-6.63444709778,"sample_rate":44100},"tags":{"acoustid_id":["7f2053b5-2a79-4ea1-ae43-db435a2c9955"],"album":["The Animals"],"albumartist":["The Animals"],"albumartistsort":["Animals, The"],"artist":["The Animals"],"artistsort":["Animals, The"],"catalognumber":["E-4264"],"date":["1964"],"discnumber":["1/1"],"file_name":"I'm Mad Again - The Animals .mp3","genre":["Classic Rock"],"label":["MGM Records"],"media":["12\" Vinyl"],"musicbrainz album release country":["US"],"musicbrainz album status":["official"],"musicbrainz album type":["album"],"musicbrainz_albumartistid":["4d8afa16-4018-4ca8-8b5e-ede8f9314562"],"musicbrainz_albumid":["afa79809-0393-4e48-bf4d-5eade3b6b3d0"],"musicbrainz_artistid":["4d8afa16-4018-4ca8-8b5e-ede8f9314562"],"musicbrainz_recordingid":["21fdb45c-db43-4cc8-b238-c6cc6022cf98"],"musicbrainz_releasegroupid":["6704f186-f0de-4f7a-8294-ea0469cd9667"],"originaldate":["1964"],"script":["Latn"],"title":["I'm Mad Again"],"tracknumber":["11/12"]},"version":{"essentia":"2.1-beta1","essentia_build_sha":"ca57ba49d9b1854bd80e60cf9ccf267278fb7d6b","essentia_git_sha":"v2.1_beta1-28-g21ef5f4-dirty","extractor":"music 1.0"}},"rhythm":{"beats_count":386,"beats_loudness":{"dmean":0.0294015780091,"dmean2":0.0522870868444,"dvar":0.000770419428591,"dvar2":0.00215858826414,"max":0.202448666096,"mean":0.0360557474196,"median":0.0271043181419,"min":2.2564138058e-10,"var":0.00103454629425},"beats_loudness_band_ratio":{"dmean":[0.286361068487,0.162776976824,0.13027587533,0.12764647603,0.0479614175856,0.0401930771768],"dmean2":[0.507544398308,0.286109924316,0.24157333374,0.225786074996,0.0853600427508,0.0728588923812],"dvar":[0.0395416840911,0.020543968305,0.0219239890575,0.0158540327102,0.00494521018118,0.0