{"lowlevel":{"average_loudness":0.668683886528,"barkbands":{"dmean":[0.00129459949676,0.00334324943833,0.00254853442311,0.00116519036237,0.00366418273188,0.00113516265992,0.000673682778142,0.000809049932286,0.000683877151459,0.000406043749535,0.000171333696926,0.000172667190782,0.000146623598994,0.0000836812250782,0.0000721865799278,0.000040361086576,0.0000610599236097,0.0000802209469839,0.000103628626675,0.0000671043890179,0.0000420932155976,0.0000704791746102,0.0000175881596078,0.0000024681044124,0.00000140603208365,0.00000812103644421,0.000102257086837],"dmean2":[0.00218253396451,0.00551540078595,0.00432100892067,0.00193258875515,0.00553310476243,0.00173868215643,0.00100311101414,0.00120410823729,0.00104658224154,0.000625710817985,0.00026647161576,0.000264010275714,0.000227845899644,0.000135532784043,0.000113575391879,0.000064749532612,0.0000946244472289,0.00011991905194,0.000152663444169,0.000103165002656,0.0000597226680839,0.000100456774817,0.0000251377168752,0.00000399609598389,0.00000237534641201,0.0000115659840958,0.000135337308166],"dvar":[0.0000203981380764,0.0000648922359687,0.0000199353526114,0.00000421002823714,0.0000424248137278,0.0000058267996792,0.00000332228614752,0.00000899292081158,0.0000083060867837,0.00000121012567433,1.3257125886e-7,2.04672531368e-7,1.47699211084e-7,2.45294042855e-8,1.88055508943e-8,6.40043928968e-9,1.75718586348e-8,4.29360689225e-8,1.56234222004e-7,6.09401951124e-8,1.17248317721e-8,6.03908745234e-8,8.6646281261e-9,4.74146034934e-11,6.62005519847e-12,1.88755366892e-9,4.59829614385e-8],"dvar2":[0.0000523828566656,0.000172582265805,0.0000552802121092,0.00000960301258601,0.000090923946118,0.0000135701611725,0.0000075037814895,0.0000200063714146,0.0000172564705281,0.00000258713475887,2.92824239523e-7,4.10262856576e-7,3.51028489831e-7,6.2505101539e-8,4.47102870282e-8,1.53850887585e-8,3.95450321378e-8,9.30313888148e-8,3.28284954776e-7,1.56497449666e-7,2.37068480402e-8,1.25922440475e-7,2.07314414524e-8,1.08860941095e-10,1.6698628591e-11,4.48107018158e-9,8.9281087412e-8],"max":[0.0703752562404,0.132677808404,0.0741987675428,0.0563375353813,0.157014355063,0.0410407409072,0.056397266686,0.0806663483381,0.127899393439,0.0327130109072,0.0082716634497,0.0169271677732,0.00971410889179,0.00290326494724,0.00238050566986,0.0015382663114,0.0036186943762,0.00627639889717,0.0141949709505,0.00846872292459,0.00368803623132,0.00854891072959,0.00557222776115,0.000307203532429,0.0000435719339293,0.0026614498347,0.00420889910311],"mean":[0.00151605415158,0.00495803635567,0.00349240936339,0.00167053134646,0.0075167901814,0.00220087799244,0.00124810519628,0.00130593101494,0.000936930533499,0.000599040533416,0.000264422153123,0.000299735140288,0.000235130748479,0.000136356757139,0.000134231959237,0.0000709571540938,0.000100443110568,0.000131144843181,0.000165095465491,0.000104284961708,0.0000733543201932,0.0000958830642048,0.0000238659486058,0.00000276355649476,0.00000136116693739,0.0000115089123938,0.000236774532823],"median":[0.000493819301482,0.0020821869839,0.00121671124361,0.000658820732497,0.00335454777814,0.000789776502643,0.000376788841095,0.00020861622761,0.000261152803432,0.000150755542563,0.00010269296763,0.000113131362014,0.0000701750468579,0.0000606451794738,0.0000572456301597,0.0000315535180562,0.0000355755764758,0.0000377748947358,0.0000374967094103,0.0000265581657004,0.0000185040917131,0.000017264042981,0.00000425738835474,7.89201692442e-7,3.85542392678e-7,0.00000259539046965,0.000095510367828],"min":[8.46482461182e-25,2.3677204503e-24,1.33748211037e-24,1.11929827095e-24,7.28858645934e-24,4.21848733321e-24,6.91536374331e-24,1.424621737e-23,1.36479231713e-23,1.47914843385e-23,1.93909804449e-23,1.43624039595e-23,3.24278314487e-23,3.66445548889e-23,4.06843652271e-23,4.32693740611e-23,7.45615613506e-23,6.9218688481e-23,1.32719220872e-22,2.00449682234e-22,2.79237398646e-22,3.07260262355e-22,4.28181683425e-22,6.15104256535e-22,8.48401450531e-22,1.28039006309e-21,1.99586140814e-21],"var":[0.0000175525583472,0.0000772603525547,0.0000386526371585,0.0000106266597868,0.000142892386066,0.0000140766278491,0.00000720923753761,0.0000253043763223,0.0000107133027996,0.00000223086749429,2.50761047482e-7,5.54846224077e-7,3.33114229534e-7,4.50913297811e-8,4.64248977039e-8,1.2401176086e-8,3.45798731871e-8,8.92800144925e-8,2.84251200355e-7,9.61642072639e-8,2.73519979999e-8,8.37728109104e-8,9.30300192437e-9,5.39462745308e-11,7.1975246943e-12,2.01341721073e-9,1.36803407713e-7]},"barkbands_crest":{"dmean":2.66770291328,"dmean2":4.33967828751,"dvar":5.08347845078,"dvar2":13.1639442444,"max":25.1626739502,"mean":10.7616233826,"median":10.1366062164,"min":2.41454577446,"var":15.6044025421},"barkbands_flatness_db":{"dmean":0.0259963013232,"dmean2":0.0398482941091,"dvar":0.000496853434015,"dvar2":0.00114157365169,"max":0.379693001509,"mean":0.160009130836,"median":0.15787909925,"min":0.02766847983,"var":0.00261973496526},"barkbands_kurtosis":{"dmean":5.18748474121,"dmean2":8.00285243988,"dvar":75.7742996216,"dvar2":164.408874512,"max":358.269317627,"mean":11.6157951355,"median":8.45047092438,"min":-1.77008628845,"var":231.855117798},"barkbands_skewness":{"dmean":0.613991081715,"dmean2":0.940154373646,"dvar":0.378568738699,"dvar2":0.873919546604,"max":16.7203502655,"mean":2.38962697983,"median":2.32055330276,"min":-2.32944107056,"var":1.77207148075},"barkbands_spread":{"dmean":5.40362501144,"dmean2":8.01629829407,"dvar":55.4168891907,"dvar2":116.523338318,"max":118.718154907,"mean":17.5948028564,"median":12.6934766769,"min":0.585239648819,"var":209.076477051},"dissonance":{"dmean":0.0242067985237,"dmean2":0.0403344295919,"dvar":0.000576271500904,"dvar2":0.00157044746447,"max":0.5,"mean":0.451218426228,"median":0.460342854261,"min":0.195554614067,"var":0.00138028711081},"dynamic_complexity":4.25458240509,"erbbands":{"dmean":[0.142898067832,0.639479398727,2.45594191551,3.65466809273,5.95020437241,17.2083358765,11.0229005814,9.39408111572,7.78266191483,14.7472496033,15.864405632,16.6409111023,13.135477066,9.20490837097,6.26312589645,7.38942193985,6.18755245209,4.85518217087,3.56686091423,2.7776594162,2.31844830513,3.20719051361,4.34999132156,4.48242950439,5.28603458405,3.06122088432,1.79669749737,1.69885718822,2.59354877472,1.44865643978,0.437161922455,0.105795674026,0.0246806368232,0.0158991012722,0.00994464196265,0.00583192380145,0.0151704009622,0.0407703779638,0.0109858196229,0.00183929619379],"dmean2":[0.237639933825,1.05253970623,4.14309024811,6.17177343369,9.21223068237,26.1013660431,17.1011390686,14.0543737411,11.494893074,21.2353153229,24.3420143127,25.7163906097,20.111497879,14.1949548721,9.61369132996,11.2980194092,9.60380840302,7.63238763809,5.62932491302,4.34740018845,3.63269138336,4.91364336014,6.6130399704,6.67407894135,7.64208555222,4.70991945267,2.5692987442,2.41012620926,3.70162010193,2.08597111702,0.624958634377,0.159878760576,0.0412322692573,0.0268495101482,0.0167772844434,0.00970585271716,0.0213440265507,0.0560726746917,0.0145937064663,0.00247327121906],"dvar":[0.201538324356,1.48603260517,17.1435947418,35.75730896,115.152114868,1120.9197998,633.635192871,411.127838135,338.24520874,2482.56665039,3224.93676758,6190.91210938,1770.90380859,442.247589111,223.853012085,405.343505859,262.370910645,95.7609786987,41.5582771301,36.0550346375,22.1273345947,51.588142395,117.414024353,177.002960205,563.040893555,191.96257019,23.2658405304,18.512512207,85.714515686,39.5582122803,2.49330568314,0.111117497087,0.00192875531502,0.000845514412504,0.000329355680151,0.000104636208562,0.00169715250377,0.0192171111703,0.000643521023449,0.0000139112398756],"dvar2":[0.548084676266,3.8860809803,47.4892997742,92.4953613281,250.726608276,2368.02905273,1426.48339844,920.977844238,761.368530273,5377.109375,7956.75244141,12693.5341797,3739.46044922,976.888244629,488.752105713,790.172241211,623.639282227,236.539016724,98.6546020508,84.7676315308,49.9743499756,114.944320679,274.02911377,369.451873779,1174.27099609,512.95123291,43.2972831726,38.5899391174,171.492248535,96.5346908569,5.6314496994,0.241326764226,0.00481793098152,0.00213530566543,0.000829059106763,0.000259958789684,0.0035683196038,0.0413750372827,0.00132398330607,0.0000264073914877],"max":[7.17915773392,22.3139801025,66.388999939,121.288063049,328.318878174,867.157165527,816.496704102,432.464630127,605.268249512,1578.40600586,1469.74255371,3764.88696289,1402.21044922,638.303344727,491.891937256,875.647583008,397.609985352,192.082092285,117.144981384,198.540542603,92.9372711182,173.420059204,300.128631592,348.255096436,1002.8293457,452.293487549,220.233627319,130.708389282,358.763427734,211.938980103,60.3684616089,10.709274292,0.734418809414,0.492423087358,0.307662516832,0.174090325832,1.17597424984,3.97387933731,0.525930941105,0.0881416872144],"mean":[0.194313123822,0.95060801506,3.5141658783,5.50288009644,11.5493783951,34.0450935364,20.3192310333,18.3948020935,15.2813243866,27.5806274414,24.0338611603,22.8424568176,19.5137500763,14.9674568176,11.0102720261,13.0425043106,10.6872663498,8.53585147858,6.97773313522,5.46049308777,4.38104343414,5.52858877182,7.15246915817,7.53761959076,8.29586410522,4.80940532684,3.19848895073,2.90677642822,3.61163282394,1.84582233429,0.601511597633,0.138053014874,0.0256936438382,0.0154855251312,0.00976234674454,0.00633871043101,0.0220940019935,0.0574977621436,0.0220068059862,0.00567890331149],"median":[0.0595069527626,0.446339219809,1.38997733593,2.58135271072,4.79687309265,12.5358524323,8.40155124664,7.1746506691,5.1358165741,6.04929494858,5.36918067932,6.38439273834,4.56104755402,5.56792020798,4.53360557556,5.12890911102,3.82039523125,3.75512742996,3.27358031273,2.45249247551,1.91299462318,2.04488635063,2.19588637352,1.90922689438,1.83967804909,1.23794293404,0.796106934547,0.764147996902,0.685646355152,0.278091192245,0.120322227478,0.0345311313868,0.00857247412205,0.00449419254437,0.00288373837247,0.00232807407156,0.00523156905547,0.0108956666663,0.00681403046474,0.00291670160368],"min":[1.22528993377e-22,6.97568569636e-22,2.07354671352e-21,5.21610602702e-21,1.23953976065e-20,2.39495816107e-20,3.30819964622e-20,4.67419440068e-20,1.13529052733e-19,2.50023586101e-19,4.03048819948e-19,3.60788291699e-19,6.11040800035e-19,1.05144747459e-18,9.79545627024e-19,1.0051247399e-18,1.39159623999e-18,2.27624863772e-18,2.34006996467e-18,2.97135332186e-18,3.35056476111e-18,5.16019337066e-18,4.34004544768e-18,6.90718393513e-18,7.1998338184e-18,8.85124531744e-18,9.52875338842e-18,9.93559555526e-18,8.58469380967e-18,1.16405504554e-17,1.12924554828e-17,1.20531812321e-17,1.01294577395e-17,7.77130395229e-18,6.22760253594e-18,4.44289170837e-18,2.22182615047e-18,9.2759123993e-19,2.55677882576e-19,2.83228483507e-20],"var":[0.189658224583,2.24821519852,32.9504776001,78.6780319214,439.858612061,3643.08154297,1324.91308594,1032.09619141,812.135375977,7161.50341797,5739.47509766,7683.90039062,2956.76269531,908.322387695,491.38494873,1065.33410645,574.683654785,204.529541016,101.027000427,82.4751968384,48.6749000549,98.8123779297,227.471969604,380.598022461,977.613220215,252.309814453,63.5864295959,37.3372802734,125.602470398,40.5100822449,3.16970419884,0.142298057675,0.00220936001278,0.000918399135116,0.000361165992217,0.000124189173221,0.00263309828006,0.025991179049,0.0015855274396,0.0000582005632168]},"erbbands_crest":{"dmean":2.69814562798,"dmean2":4.24176549911,"dvar":6.64557743073,"dvar2":15.3727045059,"max":31.6071510315,"mean":9.65859127045,"median":8.7022857666,"min":2.16051697731,"var":19.863866806},"erbbands_flatness_db":{"dmean":0.0228699855506,"dmean2":0.0344121195376,"dvar":0.000412233202951,"dvar2":0.000896405486856,"max":0.337133586407,"mean":0.157668948174,"median":0.151758387685,"min":0.0259962361306,"var":0.00198255642317},"erbbands_kurtosis":{"dmean":1.20057713985,"dmean2":1.844394207,"dvar":2.97672128677,"dvar2":6.84401464462,"max":38.8202438354,"mean":1.01905691624,"median":0.184795856476,"min":-1.8052239418,"var":7.40367507935},"erbbands_skewness":{"dmean":0.400848269463,"dmean2":0.591962873936,"dvar":0.152146041393,"dvar2":0.315794169903,"max":5.08591270447,"mean":0.627169191837,"median":0.634247422218,"min":-3.91447091103,"var":0.727555155754},"erbbands_spread":{"dmean":7.92970132828,"dmean2":11.6525554657,"dvar":77.116355896,"dvar2":157.33215332,"max":119.286407471,"mean":34.1756896973,"median":31.0659446716,"min":3.41073894501,"var":298.356170654},"gfcc":{"cov":[[29651.4765625,1134.34960938,-1383.96228027,1057.92199707,-318.900054932,-764.738342285,594.75970459,-772.719299316,234.971237183,-92.2091903687,-188.333129883,363.056671143,-567.095703125],[1134.34960938,1184.40026855,-29.9709529877,-372.902435303,7.61449193954,3.46563339233,-99.8574295044,-19.5881290436,-77.3588409424,-38.7908058167,20.2142791748,-141.879226685,74.9632415771],[-1383.96228027,-29.9709529877,397.129180908,65.8922348022,-33.6930198669,152.984161377,-99.6349029541,82.7279815674,-35.8560943604,42.3068695068,11.0130491257,-1.15944862366,23.3490085602],[1057.92199707,-372.902435303,65.8922348022,505.943664551,104.124664307,-97.4084625244,175.023788452,-68.5504684448,71.0522689819,20.6272697449,-8.90059947968,106.549858093,-98.200340271],[-318.900054932,7.61449193954,-33.6930198669,104.124664307,221.467605591,-0.513286054134,90.9033889771,-28.8137493134,21.0740127563,-1.77905976772,28.2362174988,1.58378648758,22.9432868958],[-764.738342285,3.46563339233,152.984161377,-97.4084625244,-0.513286054134,264.260040283,-92.0360870361,90.4485092163,-66.4579925537,25.4419116974,13.4548959732,-17.9669036865,59.8995933533],[594.75970459,-99.8574295044,-99.6349029541,175.023788452,90.9033889771,-92.0360870361,262.937805176,-75.9993667603,94.7892990112,-17.1855335236,-17.7682476044,72.4620819092,-63.2952575684],[-772.719299316,-19.5881290436,82.7279815674,-68.5504684448,-28.8137493134,90.4485092163,-75.9993667603,176.582260132,-23.193731308,28.4209079742,16.0283718109,-56.0234336853,58.3669586182],[234.971237183,-77.3588409424,-35.8560943604,71.0522689819,21.0740127563,-66.4579925537,94.7892990112,-23.193731308,150.314422607,39.4469528198,-10.733127594,44.0458755493,-47.0452461243],[-92.2091903687,-38.7908058167,42.3068695068,20.6272697449,-1.77905976772,25.4419116974,-17.1855335236,28.4209079742,39.4469528198,96.9288635254,43.9308624268,6.9592051506,15.1749515533],[-188.333129883,20.2142791748,11.0130491257,-8.90059947968,28.2362174988,13.4548959732,-17.7682476044,16.0283718109,-10.733127594,43.9308624268,81.7853469849,19.1743183136,24.1452999115],[363.056671143,-141.879226685,-1.15944862366,106.549858093,1.58378648758,-17.9669036865,72.4620819092,-56.0234336853,44.0458755493,6.9592051506,19.1743183136,120.240997314,-15.6137018204],[-567.095703125,74.9632415771,23.3490085602,-98.200340271,22.9432868958,59.8995933533,-63.2952575684,58.3669586182,-47.0452461243,15.1749515533,24.1452999115,-15.6137018204,135.95149231]],"icov":[[0.0000949301611399,-0.000290780415526,0.000585912843235,-0.000634472176898,0.000477901718114,-0.000306862377329,0.000144506411743,0.000101057936263,-0.0000595406927459,-0.0000755268265493,0.000095932991826,-0.000139146461152,0.0000306504043692],[-0.000290780415526,0.00228610611521,-0.00234395661391,0.00291554443538,-0.00148330070078,0.0012171859853,-0.000906184490304,0.000857775623444,-0.0000644692627247,0.000926252047066,-0.00149634457193,0.0022415490821,-0.000643597450107],[0.000585912843235,-0.00234395661391,0.00823735259473,-0.00637326389551,0.00412558019161,-0.00470246328041,0.00265101506375,-0.000161502117408,-0.0011374381138,-0.000431839056546,0.000406491482863,-0.000876588863321,-0.000120827717183],[-0.000634472176898,0.00291554443538,-0.00637326389551,0.0112832104787,-0.00832581520081,0.00632337853312,-0.00253746309318,-0.00291208922863,0.00566119840369,-0.00554814888164,0.00538784870878,-0.00548248598352,0.00467009097338],[0.000477901718114,-0.00148330070078,0.00412558019161,-0.00832581520081,0.0143008148298,-0.00652100518346,-0.00218522781506,0.00585991237313,-0.00738160591573,0.00812212005258,-0.011032580398,0.0101514635608,-0.0073202168569],[-0.000306862377329,0.0012171859853,-0.00470246328041,0.00632337853312,-0.00652100518346,0.0103708254173,-0.000278116029222,-0.00480204867199,0.00703138811514,-0.00653899321333,0.00681337993592,-0.00660374900326,0.00308180553839],[0.000144506411743,-0.000906184490304,0.00265101506375,-0.00253746309318,-0.00218522781506,-0.000278116029222,0.00916714966297,-0.000690684304573,-0.00289432890713,0.00117497204337,0.00228466233239,-0.00422286475077,0.00184664246626],[0.000101057936263,0.000857775623444,-0.000161502117408,-0.00291208922863,0.00585991237313,-0.00480204867199,-0.000690684304573,0.0133699569851,-0.00640709139407,0.00521152885631,-0.00858093425632,0.0116416737437,-0.00699973199517],[-0.0000595406927459,-0.0000644692627247,-0.0011374381138,0.00566119840369,-0.00738160591573,0.00703138811514,-0.00289432890713,-0.00640709139407,0.0207850113511,-0.0171179566532,0.0150950700045,-0.0129357324913,0.00855933129787],[-0.0000755268265493,0.000926252047066,-0.000431839056546,-0.00554814888164,0.00812212005258,-0.00653899321333,0.00117497204337,0.00521152885631,-0.0171179566532,0.0300706326962,-0.0225499439985,0.0138759175315,-0.00862070824951],[0.000095932991826,-0.00149634457193,0.000406491482863,0.00538784870878,-0.011032580398,0.00681337993592,0.00228466233239,-0.00858093425632,0.0150950700045,-0.0225499439985,0.0345789380372,-0.0197386387736,0.00798712298274],[-0.000139146461152,0.0022415490821,-0.000876588863321,-0.00548248598352,0.0101514635608,-0.00660374900326,-0.00422286475077,0.0116416737437,-0.0129357324913,0.0138759175315,-0.0197386387736,0.0287857241929,-0.0106071960181],[0.0000306504043692,-0.000643597450107,-0.000120827717183,0.00467009097338,-0.0073202168569,0.00308180553839,0.00184664246626,-0.00699973199517,0.00855933129787,-0.00862070824951,0.00798712298274,-0.0106071960181,0.0162621736526]],"mean":[-61.0798912048,111.716293335,-82.0806350708,4.33408975601,-22.725730896,-26.8844528198,0.692218840122,-25.0087184906,-5.61600255966,-11.3901834488,-9.23905181885,-0.154089674354,-11.3529338837]},"hfc":{"dmean":12.9012260437,"dmean2":18.9397144318,"dvar":472.273742676,"dvar2":1041.2923584,"max":441.312408447,"mean":47.4047775269,"median":30.3191947937,"min":1.05021418138e-16,"var":2573.67578125},"melbands":{"dmean":[0.00110209023114,0.00107958074659,0.000623052415904,0.000831749523059,0.000474520755233,0.000207655510167,0.000124781014165,0.000166868849192,0.00013116800983,0.000103424783447,0.0000649475987302,0.0000390201930713,0.0000215213312913,0.0000203385479836,0.0000147586388266,0.0000154116314661,0.00000897224708751,0.00000607306401434,0.00000579705465498,0.00000289494892058,0.00000307018876811,0.00000324434699905,0.00000436475193055,0.00000398280644731,0.0000037833258375,0.0000043090312829,0.0000032874909266,0.00000189725608379,0.00000120548361338,0.00000108346489469,0.00000102697561033,0.00000132512093387,0.00000171238127677,5.46081366792e-7,2.73615967217e-7,1.49902078306e-7,3.2949010631e-8,1.66895226528e-8,1.46306504689e-8,1.29401289684e-8],"dmean2":[0.00181760475971,0.00180872331839,0.00103251903784,0.00126941816416,0.000722930999473,0.000310574570904,0.000185401557246,0.000239703949774,0.000204169729841,0.000159082483151,0.0000996422531898,0.0000607439251326,0.0000333484058501,0.000031172639865,0.0000228682783927,0.000024137489163,0.0000143631177707,0.00000972026464297,0.00000917757097341,0.0000046102441047,0.00000485719510834,0.0000050803787417,0.00000674836610415,0.00000605357263339,0.00000576776119487,0.00000630616341368,0.00000494598771184,0.00000301455861518,0.0000017712236513,0.00000161628622664,0.00000151641074808,0.00000192873767446,0.00000248551828008,8.08672098174e-7,3.98841109472e-7,2.19861249207e-7,5.32026724898e-8,2.82238676874e-8,2.47457361269e-8,2.18705054067e-8],"dvar":[0.0000100401302916,0.00000302289186038,9.3096866749e-7,0.00000237660879066,9.28081590246e-7,1.86507350008e-7,8.92856704127e-8,3.56353268671e-7,2.34839816926e-7,2.53591082355e-7,4.27018704841e-8,8.22581469606e-9,2.38791830753e-9,2.77014189365e-9,1.3636941576e-9,1.81907133801e-9,3.11017794852e-10,1.36376521187e-10,1.47963030717e-10,3.82536398391e-11,4.25413801408e-11,5.54492736449e-11,1.0027028513e-10,1.13076943642e-10,1.37592298666e-10,3.54896972921e-10,1.26649940535e-10,8.69349314758e-11,1.25161435036e-11,7.88307006477e-12,9.84498333551e-12,1.64459036667e-11,5.1646072835e-11,1.24526777778e-11,1.26159868143e-12,2.37319333022e-13,8.89995220669e-15,9.38772650552e-16,7.21206679396e-16,5.62190325471e-16],"dvar2":[0.00002692473754,0.00000832841487863,0.00000230527302847,0.00000518194292454,0.00000196911264538,4.21127396066e-7,1.9984226185e-7,7.57025702569e-7,5.78366382342e-7,5.2550313967e-7,9.00973518014e-8,1.83115922425e-8,5.35195709972e-9,5.78498182691e-9,3.03567593285e-9,4.15337675364e-9,7.75232655847e-10,3.35086680625e-10,3.54796442226e-10,9.43580769075e-11,9.84902437384e-11,1.25127908035e-10,2.50046872097e-10,2.49106069106e-10,2.98220559358e-10,7.52123585634e-10,3.07585540371e-10,2.3382473735e-10,2.29011514613e-11,1.76810076996e-11,2.16525911784e-11,3.44747320968e-11,1.0619462254e-10,3.13145447073e-11,2.96279710835e-12,5.04524373668e-13,2.05338980682e-14,2.37443049807e-15,1.82407507576e-15,1.41984744816e-15],"max":[0.0503285229206,0.0246916860342,0.0207390543073,0.043540738523,0.0348232798278,0.0083475606516,0.00837969873101,0.0155899692327,0.0137181105092,0.0251848082989,0.00685829762369,0.00281797838397,0.00115903955884,0.0016014407156,0.00122583191842,0.00132575654425,0.00034922172199,0.000232854989008,0.000222711081733,0.000201319344342,0.000129091946292,0.00018456899852,0.000185229349881,0.00031301236595,0.000290464115096,0.000745565223042,0.000383901991881,0.00030886742752,0.000176677494892,0.0000841470609885,0.000102400190372,0.000136221206049,0.000269336043857,0.000196602515643,0.0000435757247033,0.0000128665615193,0.0000039673759602,5.22414268289e-7,4.55057801219e-7,4.01240271231e-7],"mean":[0.00160650024191,0.00165551132523,0.00104410399217,0.00169774191454,0.000921969534829,0.000412078166846,0.000240661611315,0.000308149406919,0.000189722253708,0.000138614646858,0.0000942981205299,0.0000611195137026,0.0000353658761014,0.0000353794384864,0.0000250742214121,0.0000245110441028,0.0000146056790982,0.000010707821275,0.0000103299007606,0.00000497744940731,0.00000526988014826,0.00000537186724614,0.00000661135845803,0.00000630799604551,0.00000595985602558,0.0000065533599809,0.0000047064422688,0.00000286600834443,0.00000201013585865,0.00000178446589416,0.00000164256027801,0.00000191824278772,0.00000205602827918,6.74310797422e-7,3.65690823401e-7,1.94734482761e-7,3.72977808638e-8,1.59673447797e-8,1.40199185594e-8,1.24646941657e-8],"median":[0.0006229019491,0.000774006883148,0.000521955429576,0.000717282528058,0.000406617473345,0.000155055255163,0.000079738565546,0.000058872417867,0.0000421652475779,0.0000385649873351,0.000020825133106,0.0000212107534026,0.0000139655267049,0.0000136006428875,0.0000102252106444,0.00000697716950526,0.00000631175907984,0.00000485192140331,0.0000041820376282,0.00000221910727305,0.00000207009475162,0.00000196442192646,0.00000201757893592,0.00000177076390173,0.00000141822442856,0.00000139598716942,0.00000106636252895,6.90534875503e-7,4.78502613532e-7,4.23392577886e-7,4.0907445964e-7,4.12661677274e-7,2.37397998148e-7,1.05590878263e-7,6.73618671954e-8,3.85640461786e-8,1.04986508376e-8,4.33225100238e-9,3.8310168371e-9,3.46677908603e-9],"min":[1.38814778669e-24,1.27405434093e-24,1.26971728228e-24,1.43656343449e-24,1.16565469597e-24,8.85501197884e-25,1.54906663528e-24,2.95746260786e-24,3.0156318305e-24,1.9569390805e-24,2.76108101031e-24,4.19168736168e-24,2.71205803822e-24,1.80311790929e-24,2.25154056606e-24,3.56370162187e-24,3.61861659607e-24,3.19392208647e-24,4.00105123532e-24,3.0278315644e-24,3.20070747355e-24,4.49749639133e-24,4.70049870124e-24,3.62599993971e-24,4.46343337745e-24,4.6715964154e-24,3.38655856687e-24,5.22694423748e-24,4.85393766933e-24,4.90430249383e-24,5.26355961083e-24,4.76037482167e-24,5.13220677593e-24,6.1546430843e-24,4.92094154247e-24,5.74295669382e-24,5.73989985781e-24,6.7414987998e-24,5.32290561673e-24,5.8966520417e-24],"var":[0.0000101130381154,0.00000573195484321,0.00000239748669628,0.00000804865885584,0.00000240346139435,4.83261942463e-7,2.1258492211e-7,0.00000110502310235,3.69754928897e-7,3.05879268581e-7,7.17241306347e-8,1.65261244689e-8,4.68130822995e-9,7.28945437345e-9,3.00837266209e-9,4.17395851215e-9,6.05281880173e-10,2.74600064909e-10,3.42042200119e-10,6.83088655085e-11,8.52442283428e-11,9.98600577229e-11,1.66094998866e-10,2.28201041397e-10,2.66499960988e-10,5.94887972216e-10,2.10413131363e-10,1.07661109194e-10,3.10503567302e-11,1.56170562593e-11,1.53586397073e-11,2.41434077591e-11,6.97616894807e-11,1.15516433224e-11,1.47461123173e-12,3.17069748278e-13,9.92798169521e-15,1.00932625989e-15,7.7667659071e-16,6.08654053095e-16]},"melbands_crest":{"dmean":3.44261002541,"dmean2":5.70039129257,"dvar":9.69626998901,"dvar2":25.9219150543,"max":36.435962677,"mean":14.4291706085,"median":13.7012557983,"min":1.55593585968,"var":26.7906856537},"melbands_flatness_db":{"dmean":0.0326373241842,"dmean2":0.0501966252923,"dvar":0.000775480642915,"dvar2":0.00181473582052,"max":0.520439088345,"mean":0.271791189909,"median":0.274250477552,"min":0.00239648320712,"var":0.00494902720675},"melbands_kurtosis":{"dmean":7.56929922104,"dmean2":11.7740068436,"dvar":158.650604248,"dvar2":363.011230469,"max":498.148620605,"mean":15.7650289536,"median":10.8997898102,"min":-1.78570866585,"var":468.74710083},"melbands_skewness":{"dmean":0.737891972065,"dmean2":1.13019633293,"dvar":0.566237449646,"dvar2":1.35329699516,"max":17.4544754028,"mean":2.75869750977,"median":2.59630680084,"min":-1.11421823502,"var":2.38977527618},"melbands_spread":{"dmean":4.52569770813,"dmean2":6.96386241913,"dvar":62.4827079773,"dvar2":129.240142822,"max":172.21862793,"mean":14.7314481735,"median":9.9107465744,"min":0.339027047157,"var":355.020904541},"mfcc":{"cov":[[10380.5107422,1048.0579834,-474.498657227,1441.18359375,-522.509643555,627.84173584,-309.498352051,330.103942871,-209.240463257,29.4087486267,202.32749939,-14.3976488113,113.245407104],[1048.0579834,1644.14770508,75.5295410156,-200.477676392,104.379867554,-44.9548988342,77.9318161011,-105.190994263,2.85094571114,-27.2572612762,10.5858449936,-62.6474952698,-28.1649284363],[-474.498657227,75.5295410156,417.142913818,-175.699661255,92.1821060181,-61.7391929626,16.7204151154,-38.2153358459,-4.27547264099,-4.28168869019,-5.63035058975,-6.54480314255,-23.6044254303],[1441.18359375,-200.477676392,-175.699661255,714.116943359,-140.579437256,193.956985474,-67.3685684204,120.444374084,-41.0712776184,17.4512729645,55.7410392761,41.2522392273,33.9372634888],[-522.509643555,104.379867554,92.1821060181,-140.579437256,229.622924805,-45.2610244751,92.2773208618,-61.244228363,26.2172832489,-6.00187778473,-18.1594486237,10.0349693298,-10.1580400467],[627.84173584,-44.9548988342,-61.7391929626,193.956985474,-45.2610244751,226.382064819,-14.3892612457,77.1005630493,-19.3939342499,-5.34204053879,14.1246757507,10.1745252609,36.9389686584],[-309.498352051,77.9318161011,16.7204151154,-67.3685684204,92.2773208618,-14.3892612457,170.603103638,-10.6272392273,26.9246959686,-23.5576381683,-21.5295772552,5.5786986351,-10.4258012772],[330.103942871,-105.190994263,-38.2153358459,120.444374084,-61.244228363,77.1005630493,-10.6272392273,135.837966919,2.29078197479,10.0793991089,-0.596170186996,-6.72706699371,14.6569280624],[-209.240463257,2.85094571114,-4.27547264099,-41.0712776184,26.2172832489,-19.3939342499,26.9246959686,2.29078197479,113.867324829,21.4351844788,-8.8035697937,5.02316522598,3.98530364037],[29.4087486267,-27.2572612762,-4.28168869019,17.4512729645,-6.00187778473,-5.34204053879,-23.5576381683,10.0793991089,21.4351844788,81.275970459,26.7472915649,7.34289312363,-1.21849739552],[202.32749939,10.5858449936,-5.63035058975,55.7410392761,-18.1594486237,14.1246757507,-21.5295772552,-0.596170186996,-8.8035697937,26.7472915649,97.4780654907,22.4509544373,6.60440540314],[-14.3976488113,-62.6474952698,-6.54480314255,41.2522392273,10.0349693298,10.1745252609,5.5786986351,-6.72706699371,5.02316522598,7.34289312363,22.4509544373,81.3010025024,26.008846283],[113.245407104,-28.1649284363,-23.6044254303,33.9372634888,-10.1580400467,36.9389686584,-10.4258012772,14.6569280624,3.98530364037,-1.21849739552,6.60440540314,26.008846283,78.6057510376]],"icov":[[0.000193449799553,-0.000191750572412,0.0000455332556157,-0.000293366611004,0.000155433313921,-0.000192872583284,0.000163804492331,-0.000144751669723,0.000144978330354,-0.0000129968811962,-0.000111971210572,0.0000654689793009,-0.0000674399125273],[-0.000191750572412,0.000886911526322,-0.0000748661259422,0.000378339987947,-0.000251511519309,0.0000419628267991,-0.000425496109528,0.000648339220788,-0.000161001691595,0.000132658111397,-0.000257787381997,0.00062841840554,0.0000026121197152],[0.0000455332556157,-0.0000748661259422,0.00290229078382,0.00049830210628,-0.0010564099066,0.000164799988852,0.000536550418474,-0.000409999280237,0.000463749282062,0.000145166341099,-0.000305999768898,-0.000165160774486,0.000556713202968],[-0.000293366611004,0.000378339987947,0.00049830210628,0.00277482252568,0.000251422869042,-0.00104451715015,0.0000311132716888,-0.000726217462216,0.00024448466138,-0.0000672737587593,-0.000525637704413,-0.00114047084935,0.000580796913709],[0.000155433313921,-0.000251511519309,-0.0010564099066,0.000251422869042,0.00731556350365,-0.000561086228117,-0.00322819408029,0.00233599566855,-0.000435593916336,-0.00101132178679,0.000682111189235,-0.000810211524367,-0.000177345224074],[-0.000192872583284,0.0000419628267991,0.000164799988852,-0.00104451715015,-0.000561086228117,0.00712766265497,-0.000205611620913,-0.0026719677262,0.000597578356974,0.000901367224287,-0.000281126383925,0.00017775791639,-0.00220921263099],[0.000163804492331,-0.000425496109528,0.000536550418474,0.0000311132716888,-0.00322819408029,-0.000205611620913,0.00871669873595,-0.00165108963847,-0.001443902147,0.00268713873811,0.000398312375182,-0.0012976557482,0.00141344487201],[-0.000144751669723,0.000648339220788,-0.000409999280237,-0.000726217462216,0.00233599566855,-0.0026719677262,-0.00165108963847,0.0115527994931,-0.00102596520446,-0.00181924761273,0.00112669588998,0.00215053814463,-0.000966784660704],[0.000144978330354,-0.000161001691595,0.000463749282062,0.00024448466138,-0.000435593916336,0.000597578356974,-0.001443902147,-0.00102596520446,0.0105527676642,-0.00357936485671,0.00123799731955,-0.000512156984769,-0.00109523069113],[-0.0000129968811962,0.000132658111397,0.000145166341099,-0.0000672737587593,-0.00101132178679,0.000901367224287,0.00268713873811,-0.00181924761273,-0.00357936485671,0.0157901253551,-0.00427952827886,-0.000605477485806,0.00126639485825],[-0.000111971210572,-0.000257787381997,-0.000305999768898,-0.000525637704413,0.000682111189235,-0.000281126383925,0.000398312375182,0.00112669588998,0.00123799731955,-0.00427952827886,0.0131042813882,-0.00331048690714,0.000132245302666],[0.0000654689793009,0.00062841840554,-0.000165160774486,-0.00114047084935,-0.000810211524367,0.00017775791639,-0.0012976557482,0.00215053814463,-0.000512156984769,-0.000605477485806,-0.00331048690714,0.0164091009647,-0.00532237347215],[-0.0000674399125273,0.0000026121197152,0.000556713202968,0.000580796913709,-0.000177345224074,-0.00220921263099,0.00141344487201,-0.000966784660704,-0.00109523069113,0.00126639485825,0.000132245302666,-0.00532237347215,0.0159443207085]],"mean":[-714.465515137,167.831436157,-4.98334980011,41.702835083,-10.6492013931,15.4611635208,-4.27567434311,5.64034795761,-5.40272569656,-2.01033735275,1.42933750153,-5.83061075211,-2.02712988853]},"pitch_salience":{"dmean":0.0707897022367,"dmean2":0.116006225348,"dvar":0.0038987621665,"dvar2":0.0103907296434,"max":0.969666719437,"mean":0.585635781288,"median":0.594216406345,"min":0.0640313997865,"var":0.0108268493786},"silence_rate_20dB":{"dmean":0,"dmean2":0,"dvar":0,"dvar2":0,"max":1,"mean":1,"median":1,"min":1,"var":0},"silence_rate_30dB":{"dmean":0.0174105726182,"dmean2":0.0348266586661,"dvar":0.0171081032604,"dvar2":0.0408953614533,"max":1,"mean":0.980376660824,"median":1,"min":0,"var":0.0192368738353},"silence_rate_60dB":{"dmean":0.0161443501711,"dmean2":0.0322938114405,"dvar":0.0158826354891,"dvar2":0.0356828719378,"max":1,"mean":0.10128185153,"median":0,"min":0,"var":0.0910208523273},"spectral_centroid":{"dmean":208.642425537,"dmean2":302.596099854,"dvar":108195.992188,"dvar2":190117.546875,"max":11615.2578125,"mean":980.64050293,"median":630.268615723,"min":175.775482178,"var":1687091.75},"spectral_complexity":{"dmean":2.77397918701,"dmean2":4.10163068771,"dvar":10.2769966125,"dvar2":18.8270320892,"max":49,"mean":12.6721000671,"median":11,"min":0,"var":57.4135284424},"spectral_contrast_coeffs":{"dmean":[0.0528209581971,0.0456309653819,0.0382858142257,0.0287062767893,0.0237236693501,0.0528652854264],"dmean2":[0.0858849361539,0.0742964297533,0.0614530704916,0.0466866903007,0.0379654020071,0.0821281149983],"dvar":[0.00181857403368,0.00141074787825,0.000946473854128,0.000513434817549,0.00042816248606,0.00221074721776],"dvar2":[0.00471996935084,0.0036406791769,0.00239607086405,0.00131295225583,0.00106402579695,0.00509102176875],"max":[-0.283815443516,-0.479288041592,-0.539083242416,-0.636743783951,-0.609917461872,-0.423213601112],"mean":[-0.63291656971,-0.75316041708,-0.792843878269,-0.813991129398,-0.822754502296,-0.721719801426],"median":[-0.631112933159,-0.759130001068,-0.796923875809,-0.815661013126,-0.823766946793,-0.721557497978],"min":[-0.982308745384,-0.973935961723,-0.97626554966,-0.970182180405,-0.969802379608,-0.965446472168],"var":[0.00894202571362,0.00576189998537,0.00343201775104,0.0020338576287,0.00164753419813,0.010156063363]},"spectral_contrast_valleys":{"dmean":[0.410590350628,0.347796529531,0.317268431187,0.285285204649,0.332644760609,0.737162709236],"dmean2":[0.675041854382,0.552271544933,0.49189427495,0.437114477158,0.479548692703,1.20249032974],"dvar":[0.144316166639,0.114736184478,0.104023970664,0.0939454808831,0.144092664123,0.414004892111],"dvar2":[0.310618728399,0.226176708937,0.190912351012,0.162986442447,0.261247158051,1.04224443436],"max":[-4.87443065643,-4.48515462875,-5.60476970673,-6.27826499939,-5.62820196152,-9.15624237061],"mean":[-7.41840410233,-7.03396463394,-7.72220802307,-8.37170124054,-8.41901302338,-11.9024448395],"median":[-6.92192411423,-6.63942098618,-7.34430456161,-7.97880840302,-7.9663643837,-11.5846033096],"min":[-28.316740036,-28.1652565002,-27.6844291687,-27.6739997864,-27.6104431152,-27.4349002838],"var":[6.98173856735,6.80096721649,6.26599550247,5.96872234344,6.44201517105,4.5345249176]},"spectral_decrease":{"dmean":2.46417641847e-9,"dmean2":3.79407039119e-9,"dvar":1.5821266855e-17,"dvar2":3.8317408106e-17,"max":5.35509528787e-16,"mean":-6.55345999689e-9,"median":-4.54664039751e-9,"min":-5.72227740747e-8,"var":4.59436295419e-17},"spectral_energy":{"dmean":0.0098083326593,"dmean2":0.0149579718709,"dvar":0.000244755327003,"dvar2":0.000581413100008,"max":0.227330431342,"mean":0.0290340278298,"median":0.0205746851861,"min":9.88878751112e-21,"var":0.000811428122688},"spectral_energyband_high":{"dmean":0.000235526473261,"dmean2":0.000309487921186,"dvar":2.9375843269e-7,"dvar2":5.87617080328e-7,"max":0.0119476513937,"mean":0.00044250729843,"median":0.000134310452268,"min":6.7079452449e-21,"var":6.57684722682e-7},"spectral_energyband_low":{"dmean":0.00620218645781,"dmean2":0.0102500580251,"dvar":0.000152023960254,"dvar2":0.000405938364565,"max":0.195391759276,"mean":0.0104988086969,"median":0.00582811515778,"min":1.46363737742e-23,"var":0.000214567684452},"spectral_energyband_middle_high":{"dmean":0.000810445577372,"dmean2":0.00116279534996,"dvar":0.00000186554689208,"dvar2":0.00000381565814678,"max":0.0258835814893,"mean":0.00207649054937,"median":0.00118091702461,"min":1.0356012483e-21,"var":0.00000677944990457},"spectral_energyband_middle_low":{"dmean":0.00560199422762,"dmean2":0.0082133738324,"dvar":0.000078256271081,"dvar2":0.000165259189089,"max":0.181666105986,"mean":0.0151247875765,"median":0.00922337826341,"min":1.65182727766e-22,"var":0.000311081006657},"spectral_entropy":{"dmean":0.216393843293,"dmean2":0.321485638618,"dvar":0.0410044007003,"dvar2":0.0860355719924,"max":9.82545757294,"mean":7.23583984375,"median":7.24292087555,"min":5.3588104248,"var":0.304180711508},"spectral_flux":{"dmean":0.0207236390561,"dmean2":0.0330691635609,"dvar":0.000742760079447,"dvar2":0.00173309736419,"max":0.366765141487,"mean":0.0772222056985,"median":0.0714175477624,"min":6.2681450308e-11,"var":0.00238591153175},"spectral_kurtosis":{"dmean":4.70488166809,"dmean2":7.31029367447,"dvar":45.320514679,"dvar2":116.46522522,"max":109.700126648,"mean":15.8924131393,"median":12.480301857,"min":-1.26410710812,"var":121.290344238},"spectral_rms":{"dmean":0.000799420988187,"dmean2":0.00119255390018,"dvar":9.35546268011e-7,"dvar2":0.0000020973654955,"max":0.0148924738169,"mean":0.00469476589933,"median":0.00448027485982,"min":3.10605816241e-12,"var":0.00000628506040812},"spectral_rolloff":{"dmean":2105.49267578,"dmean2":3895.92504883,"dvar":26074036,"dvar2":63648732,"max":22050,"mean":3849.80981445,"median":796.728515625,"min":64.599609375,"var":46960380},"spectral_skewness":{"dmean":0.387200385332,"dmean2":0.572032570839,"dvar":0.19202208519,"dvar2":0.447513967752,"max":7.73579454422,"mean":2.59649038315,"median":2.41610836983,"min":-0.0700715333223,"var":1.00616657734},"spectral_spread":{"dmean":542440,"dmean2":832550.4375,"dvar":785162174464,"dvar2":1524186742780,"max":42875368,"mean":4240360.5,"median":3792724.25,"min":1276187.875,"var":18717240983600},"spectral_strongpeak":{"dmean":0.457563310862,"dmean2":0.790547668934,"dvar":4.06833982468,"dvar2":10.6875658035,"max":63.5144042969,"mean":0.704977989197,"median":0.384951204062,"min":0,"var":3.13617825508},"zerocrossingrate":{"dmean":0.0267328191549,"dmean2":0.0337171442807,"dvar":0.000565215072129,"dvar2":0.000832533987705,"max":0.52734375,"mean":0.168479278684,"median":0.1533203125,"min":0.005859375,"var":0.00655016768724}},"metadata":{"audio_properties":{"analysis_sample_rate":44100,"bit_rate":192000,"codec":"mp3","downmix":"mix","equal_loudness":0,"length":146.703674316,"lossless":false,"md5_encoded":"d2b190860dbd8609708579cc92f6cad1","replay_gain":-10.0406665802},"tags":{"album":["The Jethro Tull Christmas Album"],"albumartist":["Jethro Tull"],"albumartistsort":["Jethro Tull"],"artist":["Jethro Tull"],"artistsort":["Jethro Tull"],"asin":["B0002ZMJ5M"],"barcode":["030206134025"],"catalognumber":["302 061 340 2"],"date":["2003-09-30"],"discnumber":["1/1"],"file_name":"12 Fire at Midnight.mp3","genre":["Rock"],"label":["Fuel 2000 Records"],"language":["eng"],"media":["CD"],"mp3gain_album_minmax":["027,210"],"mp3gain_minmax":["045,210"],"musicbrainz album release country":["US"],"musicbrainz album status":["official"],"musicbrainz album type":["album"],"musicbrainz_albumartistid":["ece57992-dc2e-4f67-a269-fa43626c1a3d"],"musicbrainz_albumid":["c265fa6a-f85e-3f2f-8906-53f7121d2b54"],"musicbrainz_artistid":["ece57992-dc2e-4f67-a269-fa43626c1a3d"],"musicbrainz_recordingid":["22240061-2f2f-435c-b7e6-af8f9524fcf9"],"originaldate":["2003-09-30"],"replaygain_album_gain":["-7.57 dB"],"replaygain_album_peak":["1.132391"],"replaygain_track_gain":["-7.84 dB"],"replaygain_track_peak":["1.076464"],"script":["Latn"],"title":["Fire at Midnight"],"tracknumber":["12/16"]},"version":{"essentia":"2.1-beta1","essentia_build_sha":"eef087cf131c10083d474ad51def18efd0e38295","essentia_git_sha":"v2.1_beta1-7-ge0e83e8-dirty","extractor":"music 1.0"}},"rhythm":{"beats_count":369,"beats_loudness":{"dmean":0.0238486062735,"dmean2":0.0414828211069,"dvar":0.000679793593008,"dvar2":0.00189195794519,"max":0.193176463246,"mean":0.0385781563818,"median":0.0282813142985,"min":0,"var":0.00118721788749},"beats_loudness_band_ratio":{"dmean":[0.200486451387,0.171741977334,0.110