{"lowlevel":{"average_loudness":0.939937651157,"barkbands":{"dmean":[0.000076659489423,0.012545757927,0.0108250742778,0.00450629275292,0.00106017943472,0.00108431314584,0.000404504593462,0.000257264153333,0.000252488156548,0.000167451464222,0.000128215746372,0.0001421256311,0.000151037500473,0.000115023416583,0.000113502857857,0.000115192044177,0.0000921596365515,0.000080843718024,0.000100089273474,0.000258319778368,0.000248037802521,0.000332748197252,0.000162983254995,0.00015225331299,0.0000339920843544,0.00000850565083965,0.0000117084382509],"dmean2":[0.000123660996906,0.0165133588016,0.019365478307,0.00727742165327,0.00176648190245,0.00182337197475,0.00067996326834,0.000416800903622,0.000395676499465,0.000247662304901,0.000202784765861,0.000219864567043,0.000239543282078,0.00018442000146,0.000182313538971,0.000185748518561,0.000139692914672,0.000114244765427,0.000139987299917,0.000370227964595,0.000338296464179,0.000537701242138,0.000256742612692,0.000256598112173,0.0000516392647114,0.0000123351037473,0.0000194020140043],"dvar":[2.97629529911e-8,0.000923850515392,0.000917633238714,0.000107246596599,0.0000061999544414,0.00000606869298281,6.42584041088e-7,4.03627211654e-7,5.36718573585e-7,3.78878240781e-7,1.47684090734e-7,2.03050703362e-7,2.07554450071e-7,1.07310938802e-7,9.27957728436e-8,8.5495599933e-8,5.17094527197e-8,2.56976910862e-8,4.50388490947e-8,2.12308719938e-7,2.26014932991e-7,5.12019028065e-7,1.16744629963e-7,1.31445531792e-7,9.20667542204e-9,6.87198853377e-10,8.97987628701e-10],"dvar2":[7.01227094169e-8,0.00139517185744,0.00256712385453,0.00026656803675,0.0000165952824318,0.0000158712264238,0.00000163533661635,9.30478279315e-7,0.00000126700558667,7.9881357351e-7,3.34500697363e-7,4.30837758358e-7,4.37590045976e-7,2.46251602221e-7,2.26560814554e-7,2.10212405705e-7,1.23910297134e-7,5.70873091021e-8,9.93152227124e-8,3.7158903865e-7,3.77307770805e-7,0.00000135180505367,2.66432152785e-7,3.49481666717e-7,2.01882457418e-8,1.38369860014e-9,2.32668484479e-9],"max":[0.00223274994642,0.24113380909,0.200597062707,0.0987193733454,0.0227793958038,0.0255675725639,0.018840348348,0.0123295839876,0.0201003551483,0.0163063760847,0.0102271484211,0.0182632766664,0.0140028372407,0.00734894070774,0.00715676136315,0.00599713576958,0.00812923535705,0.00406735856086,0.00679099932313,0.00599284796044,0.00478063616902,0.00593014759943,0.00524727581069,0.00408557476476,0.0026844413951,0.000713091343641,0.000331809133058],"mean":[0.0000834731035866,0.0164122637361,0.00846099667251,0.00437982054427,0.0010143769905,0.000984874321148,0.000398865755415,0.000262941553956,0.000296676473226,0.00019850335957,0.000142069897265,0.000164718483575,0.000165035904502,0.000121403470985,0.000120086013339,0.000154465960804,0.000126300205011,0.000127228544443,0.000146979771671,0.000361400743714,0.000344884232618,0.00034330462222,0.000177171081305,0.000138210787554,0.0000349816291418,0.00000988043939287,0.00000945077499637],"median":[0.0000103292732092,0.000580320134759,0.000341370148817,0.000301368592773,0.000140069852932,0.000141115102451,0.0000921493774513,0.0000386483698094,0.0000556077575311,0.0000271673670795,0.0000232146176131,0.0000265487560682,0.0000281556585833,0.0000177683286893,0.0000199269306904,0.0000272647175734,0.0000383472070098,0.000038099467929,0.0000408844352933,0.0000630306676612,0.0000316355435643,0.0000293007960863,0.0000144559935507,0.0000100051511254,0.00000292858908324,9.65539129538e-7,2.16079641291e-7],"min":[4.73721978195e-24,5.4127746232e-24,5.15912823204e-24,3.27809137569e-24,2.67494970569e-23,2.38608919481e-23,3.49336702022e-23,3.43777914767e-23,4.85346798155e-23,2.73680839135e-23,1.82964043845e-23,6.19898637573e-23,4.6610039067e-23,3.82694789805e-23,7.40611774121e-23,1.02061069491e-22,6.23691102152e-23,1.06062815713e-22,2.53137714716e-22,2.96968846094e-22,1.81230847016e-22,4.54535847572e-22,4.57026073191e-22,7.57698248892e-22,9.99843155339e-22,1.41444098214e-21,1.91350645009e-21],"var":[3.56882310371e-8,0.00176976120565,0.000660238729324,0.00011668598745,0.00000514361136084,0.00000494764663017,6.69773328354e-7,5.0307227184e-7,7.23283903881e-7,5.64468848552e-7,1.90336749029e-7,2.94862189776e-7,3.07260052068e-7,1.33511733225e-7,1.10583648905e-7,1.68793022226e-7,6.89024588496e-8,4.66491414386e-8,8.53118677924e-8,4.70633636951e-7,5.45248667549e-7,5.36801735507e-7,1.57921448363e-7,1.16873394518e-7,1.13220064435e-8,9.71112412707e-10,7.65489560628e-10]},"barkbands_crest":{"dmean":3.77521348,"dmean2":5.90534305573,"dvar":10.2253360748,"dvar2":23.6156520844,"max":26.3536434174,"mean":12.5306882858,"median":11.6094551086,"min":2.45916485786,"var":36.2447853088},"barkbands_flatness_db":{"dmean":0.0384447537363,"dmean2":0.0585411973298,"dvar":0.00149106502067,"dvar2":0.00298469443806,"max":0.493458330631,"mean":0.165278330445,"median":0.140957742929,"min":0.0198045186698,"var":0.00663784053177},"barkbands_kurtosis":{"dmean":16.838640213,"dmean2":25.8195323944,"dvar":1439.90466309,"dvar2":3273.26196289,"max":615.393310547,"mean":21.3128948212,"median":1.18679141998,"min":-1.95476055145,"var":2686.34130859},"barkbands_skewness":{"dmean":1.51504611969,"dmean2":2.26490402222,"dvar":3.40675425529,"dvar2":6.99307584763,"max":21.1048488617,"mean":2.48538255692,"median":1.26458418369,"min":-7.58741378784,"var":11.5272598267},"barkbands_spread":{"dmean":13.2159452438,"dmean2":21.6846752167,"dvar":273.784088135,"dvar2":661.059509277,"max":116.595489502,"mean":28.4453887939,"median":22.4557209015,"min":0.324105709791,"var":541.415039063},"dissonance":{"dmean":0.0200147069991,"dmean2":0.0325008295476,"dvar":0.000670023262501,"dvar2":0.00154579826631,"max":0.500000059605,"mean":0.466375380754,"median":0.480950117111,"min":0.20265930891,"var":0.00161307572853},"dynamic_complexity":6.53792285919,"erbbands":{"dmean":[0.335772544146,2.96762490273,9.76552391052,16.9237976074,6.40505981445,3.17815899849,6.76885461807,8.44648170471,5.25168800354,6.77015972137,5.04803752899,5.89718914032,5.3804974556,4.4451508522,4.92263889313,5.74679422379,6.59480428696,5.89118432999,5.95435333252,5.69358682632,5.19221687317,5.00475358963,4.64467096329,4.33386087418,5.38577222824,12.5811052322,11.4063682556,11.5976390839,13.3201198578,5.65170526505,4.52674198151,4.37893772125,1.59373784065,0.555800378323,0.15190525353,0.0460433624685,0.0148321250454,0.00451676454395,0.00262835528702,0.000132141445647],"dmean2":[0.459484696388,3.85894203186,17.3497200012,28.6924591064,10.6721916199,5.20216226578,11.2539892197,14.5674953461,9.12443065643,10.9222106934,8.16470146179,9.23282051086,7.95508623123,6.52368593216,7.48461103439,8.68002223969,10.1557865143,9.27816772461,9.34525108337,8.79360771179,7.96191453934,7.39415168762,6.67575359344,5.96832084656,6.79370307922,18.5011501312,16.5302696228,16.5773582458,21.6058597565,8.59755420685,7.22466611862,7.53460264206,2.52530503273,0.859080851078,0.225122004747,0.0669419169426,0.0214824061841,0.0068693892099,0.00437547964975,0.000217278095079],"dvar":[0.736117422581,49.0138816833,774.789123535,1336.85253906,256.872039795,53.3039398193,247.457427979,396.212738037,127.686103821,228.307739258,160.929870605,350.310760498,416.295837402,184.219772339,205.397064209,316.179016113,418.95199585,263.930419922,275.183380127,191.043380737,165.985229492,149.602600098,91.3564453125,59.3189239502,124.666343689,498.160064697,471.756134033,537.553039551,944.379638672,124.388252258,100.003883362,112.129486084,15.6924142838,2.16592383385,0.292341738939,0.0240291915834,0.00197949144058,0.000109195374534,0.0000451103987871,1.09921401759e-7],"dvar2":[1.34107518196,71.1632537842,2135.06860352,3579.80224609,665.510437012,141.833099365,645.697753906,1058.57861328,342.416687012,541.479248047,374.537567139,821.413085938,906.997558594,318.126220703,459.340515137,650.685913086,874.92755127,623.717712402,650.551635742,433.040710449,385.224517822,345.612365723,211.188659668,116.410346985,235.780288696,907.41003418,984.118774414,966.826171875,2549.85986328,280.510681152,237.322753906,303.529754639,38.7070426941,4.91118621826,0.623752534389,0.0502265207469,0.0039979997091,0.000227135809837,0.000116352937766,2.88055559849e-7],"max":[6.29890680313,55.7816619873,195.508529663,237.574005127,148.1118927,84.3416976929,139.88772583,221.854736328,208.663040161,422.185150146,235.957901001,635.341491699,597.517456055,471.975189209,446.838165283,699.642456055,750.122924805,404.301574707,404.628295898,221.437667847,254.534851074,438.225860596,248.325393677,222.694992065,369.109588623,259.542419434,293.633148193,252.534179688,293.017822266,124.679748535,154.530456543,98.8371124268,101.86164093,43.1012382507,17.5950756073,5.14599609375,1.50562572479,0.169589579105,0.068499520421,0.00377608765848],"mean":[0.392863094807,4.0212635994,8.801445961,15.3292827606,6.50471496582,3.06027460098,6.44708013535,7.24415445328,4.78499889374,7.39753103256,5.53503799438,6.84056091309,6.8653588295,5.66793680191,5.9571518898,6.96318769455,7.59214735031,6.54185199738,6.45677423477,7.35123634338,7.428814888,7.18582105637,7.23911857605,6.7981338501,8.93773460388,17.513753891,14.2736473083,15.4239578247,13.6026172638,6.77007198334,4.64775753021,3.82164263725,1.56854009628,0.557210445404,0.170614138246,0.0517132952809,0.0170951653272,0.00466614589095,0.00207108655013,0.000140165386256],"median":[0.0171960052103,0.139032751322,0.396546036005,0.926853358746,0.782598555088,0.386399060488,0.806230068207,1.04183220863,1.08572161198,1.74483406544,0.972559273243,1.20366036892,1.14912319183,0.97559273243,1.12949168682,1.23326396942,1.36505639553,1.22086966038,1.05391550064,1.33526480198,1.69286572933,2.32850790024,2.40089297295,2.13761329651,2.47927188873,3.110891819,1.76210582256,1.34255766869,1.07240045071,0.642785489559,0.35816898942,0.250072389841,0.131672039628,0.0465174354613,0.0146547462791,0.00431264610961,0.00174949411303,0.00039006996667,0.0000597948164796,0.0000170710482053],"min":[1.9366569302e-22,1.46269301625e-21,7.33026133094e-21,9.90576086955e-21,4.63116032931e-20,7.9888502562e-20,1.82434477303e-19,2.12649291279e-19,2.60663351826e-19,7.79260075114e-19,8.6083466257e-19,8.94183482941e-19,4.91502758366e-19,1.05443980046e-18,7.34487218399e-19,2.43255041152e-18,2.1139787558e-18,2.13481915774e-18,3.04943048629e-18,4.11910633325e-18,5.83691686083e-18,4.32722911127e-18,6.04928100744e-18,9.35909947196e-18,1.05279941858e-17,1.43711745734e-17,1.25197491479e-17,9.6886440921e-18,1.65361361927e-17,1.35800863325e-17,1.50165524679e-17,1.51399512716e-17,1.06918338498e-17,9.18288353171e-18,8.49047711072e-18,4.96924327575e-18,2.62028380783e-18,1.04780105565e-18,2.88058126148e-19,2.73557094248e-20],"var":[1.09631574154,102.145004272,615.775939941,1211.86486816,245.826248169,46.3405914307,215.308456421,302.174102783,108.021621704,278.092407227,205.260803223,450.676300049,602.385192871,389.217315674,282.158935547,495.152099609,642.322570801,321.759460449,328.700042725,325.132080078,296.165008545,216.561264038,152.666732788,138.948318481,307.655334473,1072.11804199,855.762817383,1152.13549805,908.74987793,187.22618103,122.826713562,92.9436416626,16.451171875,2.53988981247,0.370260119438,0.031332924962,0.00284755486064,0.000146870384924,0.0000374971423298,1.01060400937e-7]},"erbbands_crest":{"dmean":2.95146894455,"dmean2":4.93533468246,"dvar":7.37686443329,"dvar2":19.0183296204,"max":26.9143066406,"mean":8.81521511078,"median":7.99445199966,"min":2.38863587379,"var":13.1245594025},"erbbands_flatness_db":{"dmean":0.0251092817634,"dmean2":0.0381283536553,"dvar":0.000548770825844,"dvar2":0.00124802067876,"max":0.388418018818,"mean":0.156573101878,"median":0.150438994169,"min":0.0301055274904,"var":0.00187090260442},"erbbands_kurtosis":{"dmean":2.34998273849,"dmean2":3.86622714996,"dvar":12.494591713,"dvar2":31.5569858551,"max":44.9579544067,"mean":1.44118142128,"median":0.183664694428,"min":-1.87748908997,"var":15.2758331299},"erbbands_skewness":{"dmean":0.787292778492,"dmean2":1.23197126389,"dvar":0.708928704262,"dvar2":1.73683929443,"max":4.4172296524,"mean":-0.309656351805,"median":-0.244276374578,"min":-5.872838974,"var":1.5261862278},"erbbands_spread":{"dmean":18.5150470734,"dmean2":29.0144481659,"dvar":357.66317749,"dvar2":872.410705566,"max":178.011810303,"mean":49.562702179,"median":43.8096885681,"min":3.02902173996,"var":856.554382324},"gfcc":{"cov":[[21484.8691406,1177.57995605,-688.41015625,627.002929688,-1014.46386719,-201.014358521,10.1762456894,-592.999389648,118.622505188,-350.073852539,-42.5368347168,-369.774353027,-88.9144515991],[1177.57995605,1967.49768066,-384.609680176,-323.148773193,376.770965576,97.0548934937,123.554168701,162.056427002,94.1421813965,8.52463626862,154.10345459,12.8054866791,32.8564529419],[-688.41015625,-384.609680176,1741.0546875,787.305297852,2.577947855,112.835792542,265.203430176,-117.801208496,143.442489624,19.8459434509,26.1409473419,1.98167598248,42.6521720886],[627.002929688,-323.148773193,787.305297852,1133.59472656,188.683853149,-39.8458137512,177.202041626,-137.805023193,133.370330811,-13.7481040955,-42.3824195862,-71.4380340576,73.140663147],[-1014.46386719,376.770965576,2.577947855,188.683853149,620.639404297,188.129898071,44.8529129028,115.667205811,108.283531189,90.7636489868,19.9012489319,9.50713634491,45.6973609924],[-201.014358521,97.0548934937,112.835792542,-39.8458137512,188.129898071,400.415008545,204.09223938,68.6119918823,33.9090881348,68.3238067627,45.5680122375,53.7281455994,20.679693222],[10.1762456894,123.554168701,265.203430176,177.202041626,44.8529129028,204.09223938,427.042633057,37.5804901123,26.3916606903,-25.5686721802,61.936252594,25.6527690887,42.7530250549],[-592.999389648,162.056427002,-117.801208496,-137.805023193,115.667205811,68.6119918823,37.5804901123,221.481460571,35.4599456787,38.3008041382,10.4211101532,43.8205604553,14.0526161194],[118.622505188,94.1421813965,143.442489624,133.370330811,108.283531189,33.9090881348,26.3916606903,35.4599456787,191.116088867,59.8774185181,16.0919914246,-22.1012554169,36.4231987],[-350.073852539,8.52463626862,19.8459434509,-13.7481040955,90.7636489868,68.3238067627,-25.5686721802,38.3008041382,59.8774185181,131.458694458,19.9294948578,14.5736551285,2.60971999168],[-42.5368347168,154.10345459,26.1409473419,-42.3824195862,19.9012489319,45.5680122375,61.936252594,10.4211101532,16.0919914246,19.9294948578,100.305145264,27.4826335907,10.1197319031],[-369.774353027,12.8054866791,1.98167598248,-71.4380340576,9.50713634491,53.7281455994,25.6527690887,43.8205604553,-22.1012554169,14.5736551285,27.4826335907,90.4803466797,15.1765050888],[-88.9144515991,32.8564529419,42.6521720886,73.140663147,45.6973609924,20.679693222,42.7530250549,14.0526161194,36.4231987,2.60971999168,10.1197319031,15.1765050888,90.7052688599]],"icov":[[0.0000843377565616,-0.000124547688756,0.000109138010885,-0.000202247509151,0.000316430756357,-0.000245865725446,0.000122322584502,0.000102587669971,-0.00015172631538,0.000146026621223,0.0000219746580115,0.000145834754221,0.0000925117710722],[-0.000124547688756,0.00100071309134,-0.0000829542841529,0.00067479966674,-0.00111786462367,0.000691374647431,-0.000516477506608,-0.000218773740926,-0.000160303388839,0.000289925112156,-0.00108141789678,0.000110823071736,-0.000148677470861],[0.000109138010885,-0.0000829542841529,0.00115375372116,-0.000959814176895,0.000734375498723,-0.000640151556581,-0.0000311730182148,0.000341083999956,-0.000752647698391,0.000157131245942,-0.000256518280366,-0.000393552094465,0.000498449720908],[-0.000202247509151,0.00067479966674,-0.000959814176895,0.00278295995668,-0.00209229486063,0.00187569565605,-0.00154826964717,0.0010411045514,-0.000322075473377,-0.000268671225058,0.000865757465363,0.000212352038943,-0.00103553989902],[0.000316430756357,-0.00111786462367,0.000734375498723,-0.00209229486063,0.00449690409005,-0.00277780811302,0.00162632053252,-0.00102883041836,-0.000637261138763,-0.000289469899144,0.000184653443284,0.000845881644636,-0.0000803808507044],[-0.000245865725446,0.000691374647431,-0.000640151556581,0.00187569565605,-0.00277780811302,0.00610588910058,-0.00338899856433,0.000525540322997,0.000361150101526,-0.00251373578794,0.000574642501306,-0.00191742100287,0.00000444125362264],[0.000122322584502,-0.000516477506608,-0.0000311730182148,-0.00154826964717,0.00162632053252,-0.00338899856433,0.00522324116901,-0.00143330800347,0.000177118738065,0.00246530934237,-0.00234704138711,0.000890216499101,-0.000745598925278],[0.000102587669971,-0.000218773740926,0.000341083999956,0.0010411045514,-0.00102883041836,0.000525540322997,-0.00143330800347,0.00734269665554,-0.00197049416602,-0.000715907779522,0.00211315322667,-0.00313322618604,0.000216773376451],[-0.00015172631538,-0.000160303388839,-0.000752647698391,-0.000322075473377,-0.000637261138763,0.000361150101526,0.000177118738065,-0.00197049416602,0.00910214148462,-0.00377165758982,-0.00108870002441,0.00359332514927,-0.00304278661497],[0.000146026621223,0.000289925112156,0.000157131245942,-0.000268671225058,-0.000289469899144,-0.00251373578794,0.00246530934237,-0.000715907779522,-0.00377165758982,0.0122883701697,-0.00253181764856,-0.00086143030785,0.00143630523235],[0.0000219746580115,-0.00108141789678,-0.000256518280366,0.000865757465363,0.000184653443284,0.000574642501306,-0.00234704138711,0.00211315322667,-0.00108870002441,-0.00253181764856,0.01482225582,-0.00413664709777,-0.0000609175549471],[0.000145834754221,0.000110823071736,-0.000393552094465,0.000212352038943,0.000845881644636,-0.00191742100287,0.000890216499101,-0.00313322618604,0.00359332514927,-0.00086143030785,-0.00413664709777,0.0170015767217,-0.00360781163909],[0.0000925117710722,-0.000148677470861,0.000498449720908,-0.00103553989902,-0.0000803808507044,0.00000444125362264,-0.000745598925278,0.000216773376451,-0.00304278661497,0.00143630523235,-0.0000609175549471,-0.00360781163909,0.013918183744]],"mean":[-88.5082092285,71.2203598022,-99.1380691528,56.7097663879,-52.8204689026,10.9477539063,-24.1892623901,4.0480389595,-17.0678863525,-0.778299629688,-11.1422901154,-4.25483465195,-11.1022310257]},"hfc":{"dmean":8.29224300385,"dmean2":11.4513168335,"dvar":176.916885376,"dvar2":321.203857422,"max":147.155899048,"mean":14.6993122101,"median":5.94417572021,"min":1.11672837001e-16,"var":398.369476318},"melbands":{"dmean":[0.00341251143254,0.00404293788597,0.0025783602614,0.000283325964119,0.000212126891711,0.00019282969879,0.000079565354099,0.0000707382787368,0.0000405061800848,0.0000370032867067,0.0000271675398835,0.0000186611669051,0.0000173619882844,0.0000150454479808,0.0000179427734111,0.0000133022267619,0.0000112226998681,0.00000997071947495,0.00000837799416331,0.00000911023835215,0.00000580768028158,0.00000534865603186,0.00000499961333844,0.00000379594894184,0.00000354855819751,0.00000447144293503,0.00000483635858473,0.00000974986414803,0.00000783986524766,0.00000561500837648,0.00000779822676122,0.00000894150616659,0.00000422516131948,0.00000307516506837,0.00000258543605014,0.00000275397292171,0.00000258691352428,0.00000121579182633,6.73588488098e-7,3.91811710188e-7],"dmean2":[0.00454517873004,0.00684881815687,0.00434503192082,0.000467726378702,0.000354840944055,0.000330209790263,0.000136625880259,0.000113684298412,0.0000650947113172,0.0000579411535,0.0000403869380534,0.0000274314952549,0.0000269011670753,0.0000235704465013,0.000027586138458,0.0000212035884033,0.000018132979676,0.0000159637856996,0.0000133258754431,0.0000145703206726,0.00000896693927643,0.00000815068051452,0.00000750954450268,0.000005324126505,0.00000506893320562,0.00000648661944069,0.00000669978544465,0.0000147279124576,0.0000112772322609,0.0000080787922343,0.0000119322266983,0.0000150135829244,0.0000065210961111,0.00000475893375551,0.00000417141700382,0.00000463843434773,0.00000449953267889,0.0000019331259864,0.00000105972742404,6.03505895924e-7],"dvar":[0.00007355948037,0.000107678097265,0.0000313071177516,4.30266055673e-7,2.47915636464e-7,2.01711586101e-7,2.62616168811e-8,2.41580515592e-8,1.02785238099e-8,1.42417686533e-8,1.08922835196e-8,3.38056516114e-9,2.48774179035e-9,2.1222745783e-9,3.46766082515e-9,1.45468315171e-9,1.06004627298e-9,8.55245763098e-10,5.14155551468e-10,5.86043991113e-10,2.14663925524e-10,1.94987831437e-10,1.40263869963e-10,5.02334250585e-11,4.14671630367e-11,1.10965070466e-10,9.15980902239e-11,3.17192938581e-10,2.21120066701e-10,1.27430135888e-10,2.64106958525e-10,4.46153031186e-10,8.61182167244e-11,3.61459508158e-11,3.30020143158e-11,4.40037103977e-11,4.13789801035e-11,9.68221423175e-12,3.26484434106e-12,1.19024430069e-12],"dvar2":[0.000119726129924,0.000265442678938,0.0000835656392155,0.0000011374221458,6.55929000004e-7,5.35898266207e-7,6.94152930691e-8,5.6740304899e-8,2.36044517266e-8,3.36736292184e-8,2.39007071912e-8,5.82678616468e-9,5.70573499559e-9,4.69514560564e-9,6.91375179329e-9,3.30042215779e-9,2.56463628112e-9,2.00380756432e-9,1.20576626461e-9,1.43382805629e-9,5.13352249598e-10,4.57623799965e-10,3.45221878861e-10,1.09503031642e-10,8.55980425429e-11,2.61346388974e-10,1.69816688489e-10,5.85013926191e-10,4.69272454229e-10,2.50566317694e-10,5.13092013321e-10,1.22190058072e-9,2.19297302539e-10,8.0544168557e-11,7.60683460665e-11,1.15797593736e-10,1.12943224218e-10,2.40466622309e-11,7.80449576493e-12,2.68303369973e-12],"max":[0.0661449432373,0.0770963728428,0.0379899330437,0.00551699334756,0.00432556727901,0.00476109283045,0.00281898747198,0.00390545930713,0.00192233838607,0.0039052173961,0.00297335488722,0.00202951650135,0.00114920292981,0.000968627049588,0.00236813118681,0.00126213347539,0.000736527785193,0.000800638168585,0.000652155780699,0.00053658336401,0.000244795694016,0.000460427079815,0.000265791022684,0.000168632876012,0.000185641110875,0.000301591848256,0.00024434379884,0.000176784582436,0.000256757513853,0.000134429981699,0.000175307315658,0.000214039828279,0.000110191467684,0.0000846925977385,0.000111603672849,0.0000796556778369,0.0000633501986158,0.0000724091150914,0.0000676817799103,0.0000272265515378],"mean":[0.00425468198955,0.00503322575241,0.00237412983552,0.000281380489469,0.000201803515665,0.000168082595337,0.0000753971180529,0.0000771208797232,0.0000441110205429,0.0000428703569924,0.0000338064310199,0.0000229104680329,0.0000199619153136,0.0000178986756509,0.0000196668497665,0.0000145665362652,0.0000116918581625,0.0000101431814983,0.00000906835066417,0.0000116608352982,0.00000763629304856,0.00000720603020454,0.00000724912160877,0.00000588743841945,0.0000053015883168,0.00000614341979599,0.00000807931428426,0.0000127678449644,0.00000938996436162,0.00000730695637685,0.0000100264896901,0.00000880988500285,0.00000453684742752,0.00000358617489837,0.00000270269538305,0.00000245073283622,0.00000224239511226,0.00000118812272376,6.73794659178e-7,3.89945540746e-7],"median":[0.000158144175657,0.000274947582511,0.000180279166671,0.0000382691177947,0.0000270700966212,0.0000246399213211,0.000018228431145,0.00001771481584,0.00000682156269249,0.00000736508127375,0.00000531341629539,0.00000368191263078,0.00000338689505952,0.00000305635740006,0.00000277312460639,0.00000275989486909,0.0000018749501578,0.00000141457167047,0.00000152850816448,0.00000182586052233,0.00000182083749678,0.00000211922974813,0.00000223572806135,0.00000167291329944,0.00000150325411141,0.00000154982399181,0.00000174643639639,0.0000020456486709,0.00000107461562493,6.75616377066e-7,8.25245308533e-7,6.6037233637e-7,4.12207015188e-7,3.28656199144e-7,2.07979283573e-7,1.63065607239e-7,1.41466017567e-7,9.99503200205e-8,5.59309611958e-8,3.1360272601e-8],"min":[2.07766773394e-24,5.01061136157e-24,3.5162461164e-24,3.70134956679e-24,7.07909734621e-24,4.63405058061e-24,4.63401310972e-24,8.33925609951e-24,7.46901630331e-24,6.00349260169e-24,2.06918254883e-24,4.60249180567e-24,2.44985428117e-24,4.32346263159e-24,4.7084405584e-24,4.47423446096e-24,3.73097839353e-24,4.15523409925e-24,6.04607570779e-24,7.72794175164e-24,5.73891575383e-24,3.86882237039e-24,4.72440197553e-24,5.33196686751e-24,7.48365282854e-24,7.28986835831e-24,5.05029737599e-24,9.98302134494e-24,7.50863841999e-24,4.52349014702e-24,6.40476721152e-24,7.43810005557e-24,7.9835374181e-24,5.96541349694e-24,7.60315894479e-24,9.04241515599e-24,8.66592418922e-24,6.53456599043e-24,7.82094135262e-24,7.07596556842e-24],"var":[0.000125286140246,0.00014109921176,0.0000286567319563,3.91026162561e-7,2.10479271345e-7,1.56095183002e-7,2.39371722444e-8,3.01831697413e-8,1.36055096078e-8,1.80649468717e-8,1.53352068821e-8,6.97435753594e-9,3.18166959445e-9,3.0130520301e-9,5.35860378292e-9,1.94859284264e-9,1.20248777602e-9,9.74727742964e-10,6.43200270822e-10,1.10340270254e-9,3.00277469556e-10,2.58142285325e-10,1.89044058185e-10,9.88851570072e-11,8.96992480293e-11,1.770887742e-10,2.35209351995e-10,6.13233297475e-10,3.74792280544e-10,2.60263061103e-10,4.98860730502e-10,4.02356814533e-10,9.73235103618e-11,5.43188723168e-11,4.25194254805e-11,3.93095209161e-11,3.37482645996e-11,9.88934194951e-12,3.49343709342e-12,1.40397036445e-12]},"melbands_crest":{"dmean":4.54872179031,"dmean2":7.29366874695,"dvar":16.4979896545,"dvar2":37.8380737305,"max":39.1349334717,"mean":17.0392055511,"median":17.6596508026,"min":1.86174249649,"var":43.996963501},"melbands_flatness_db":{"dmean":0.0506857149303,"dmean2":0.0779187902808,"dvar":0.00297565222718,"dvar2":0.0063183484599,"max":0.611615598202,"mean":0.228530004621,"median":0.199026271701,"min":0.00510059436783,"var":0.0121648721397},"melbands_kurtosis":{"dmean":35.0037155151,"dmean2":54.1104812622,"dvar":3925.55175781,"dvar2":8079.72851563,"max":719.204467773,"mean":54.8519058228,"median":9.49455547333,"min":-1.90910935402,"var":9707.03417969},"melbands_skewness":{"dmean":1.84732604027,"dmean2":2.83207917213,"dvar":4.46283864975,"dvar2":9.46380138397,"max":22.3851261139,"mean":4.34216737747,"median":2.98002529144,"min":-4.23390817642,"var":15.3890686035},"melbands_spread":{"dmean":20.6846294403,"dmean2":34.7572593689,"dvar":1112.42553711,"dvar2":2768.47900391,"max":280.076385498,"mean":33.9044914246,"median":23.2525596619,"min":0.387294083834,"var":1495.37915039},"mfcc":{"cov":[[14373.6289063,383.575714111,409.603271484,867.985900879,-609.009155273,189.48991394,-343.477813721,-126.083137512,-150.822113037,-42.9137573242,-184.417404175,-3.493694067,-246.791503906],[383.575714111,2068.10375977,-571.55670166,-358.829071045,155.115814209,-104.264579773,146.237060547,132.18637085,12.9395542145,58.8199195862,108.116653442,91.9186172485,123.939918518],[409.603271484,-571.55670166,1561.81872559,578.422851563,-78.3779602051,318.492675781,72.6842346191,52.6118774414,91.1890563965,-15.8920955658,43.5994567871,66.4762802124,-69.8497924805],[867.985900879,-358.829071045,578.422851563,983.190124512,190.025985718,230.858947754,3.88489937782,14.4065179825,118.664199829,36.8112487793,-20.6179733276,10.6255121231,-22.9363765717],[-609.009155273,155.115814209,-78.3779602051,190.025985718,514.857116699,129.074356079,-15.2928123474,-8.27373313904,95.5551605225,96.5592498779,50.5073623657,19.5614318848,52.3975753784],[189.48991394,-104.264579773,318.492675781,230.858947754,129.074356079,430.850982666,175.524642944,78.4880828857,117.320213318,44.7114028931,75.6189727783,74.7343597412,-9.64832115173],[-343.477813721,146.237060547,72.6842346191,3.88489937782,-15.2928123474,175.524642944,306.637268066,165.248931885,69.3122787476,11.6227684021,55.0553665161,61.7562408447,15.4416694641],[-126.083137512,132.18637085,52.6118774414,14.4065179825,-8.27373313904,78.4880828857,165.248931885,204.25050354,89.4256515503,16.9993953705,32.7279624939,45.1339302063,24.8167419434],[-150.822113037,12.9395542145,91.1890563965,118.664199829,95.5551605225,117.320213318,69.3122787476,89.4256515503,181.976348877,84.0518341064,34.5574111938,38.508026123,27.2501449585],[-42.9137573242,58.8199195862,-15.8920955658,36.8112487793,96.5592498779,44.7114028931,11.6227684021,16.9993953705,84.0518341064,122.820739746,52.686870575,17.0805149078,14.5246934891],[-184.417404175,108.116653442,43.5994567871,-20.6179733276,50.5073623657,75.6189727783,55.0553665161,32.7279624939,34.5574111938,52.686870575,112.924064636,50.2561607361,9.79406261444],[-3.493694067,91.9186172485,66.4762802124,10.6255121231,19.5614318848,74.7343597412,61.7562408447,45.1339302063,38.508026123,17.0805149078,50.2561607361,109.51348114,43.2463912964],[-246.791503906,123.939918518,-69.8497924805,-22.9363765717,52.3975753784,-9.64832115173,15.4416694641,24.8167419434,27.2501449585,14.5246934891,9.79406261444,43.2463912964,100.621208191]],"icov":[[0.000109386674012,-0.0000954421848292,0.0000392415386159,-0.00014705688227,0.000251379795372,-0.000245176604949,0.00032102203113,-0.000127729741507,0.000207199176657,-0.000250851764577,0.000276592734735,-0.000187889265362,0.000241323374212],[-0.0000954421848292,0.000754110398702,0.000121170909551,0.000226970514632,-0.000467862701043,0.000518795393873,-0.00055469275685,-0.000193280880922,0.0000383561527997,0.00015301212261,-0.000672847672831,-0.00013717544789,-0.000508959346917],[0.0000392415386159,0.000121170909551,0.00109425524715,-0.000591665972024,0.000516429776326,-0.000562883564271,0.000377058197046,-0.00019413253176,-0.000146566118929,0.000401452212827,-0.000520063040312,-0.000514934537932,0.000492537743412],[-0.00014705688227,0.000226970514632,-0.000591665972024,0.00187259691302,-0.000979313044809,-0.0000681455276208,-0.000242461785092,0.000107665662654,-0.000707805389538,0.000154672685312,0.000736950256396,0.000225855226745,-0.000109479369712],[0.000251379795372,-0.000467862701043,0.000516429776326,-0.000979313044809,0.00372605514713,-0.00176197825931,0.00155392254237,0.000152305161464,-0.0000368812288798,-0.00163264852017,-0.000185337208677,0.000537248677574,-0.00102439138573],[-0.000245176604949,0.000518795393873,-0.000562883564271,-0.0000681455276208,-0.00176197825931,0.00583016406745,-0.00369727052748,0.00174873147625,-0.00242934934795,0.00155382358935,-0.00200705928728,-0.00132085685618,0.00116270210128],[0.00032102203113,-0.00055469275685,0.000377058197046,-0.000242461785092,0.00155392254237,-0.00369727052748,0.00890636071563,-0.00579822156578,0.00161154381931,-0.000490672595333,0.0000522457303305,-0.000857827952132,0.000574613513891],[-0.000127729741507,-0.000193280880922,-0.00019413253176,0.000107665662654,0.000152305161464,0.00174873147625,-0.00579822156578,0.0115187903866,-0.00557349761948,0.00256314873695,-0.00106842024252,-0.0000776219312684,-0.000771408667788],[0.000207199176657,0.0000383561527997,-0.000146566118929,-0.000707805389538,-0.0000368812288798,-0.00242934934795,0.00161154381931,-0.00557349761948,0.0137726385146,-0.00872534513474,0.00325893936679,-0.00136205437593,-0.0010907666292],[-0.000250851764577,0.00015301212261,0.000401452212827,0.000154672685312,-0.00163264852017,0.00155382358935,-0.000490672595333,0.00256314873695,-0.00872534513474,0.0175132453442,-0.00793750490993,0.00218535074964,-0.000379171629902],[0.000276592734735,-0.000672847672831,-0.000520063040312,0.000736950256396,-0.000185337208677,-0.00200705928728,0.0000522457303305,-0.00106842024252,0.00325893936679,-0.00793750490993,0.0172632075846,-0.00628832308576,0.00275924056768],[-0.000187889265362,-0.00013717544789,-0.000514934537932,0.000225855226745,0.000537248677574,-0.00132085685618,-0.000857827952132,-0.0000776219312684,-0.00136205437593,0.00218535074964,-0.00628832308576,0.0168020091951,-0.00740938307717],[0.000241323374212,-0.000508959346917,0.000492537743412,-0.000109479369712,-0.00102439138573,0.00116270210128,0.000574613513891,-0.000771408667788,-0.0010907666292,-0.000379171629902,0.00275924056768,-0.00740938307717,0.0154870925471]],"mean":[-725.189086914,92.7507171631,14.8581380844,42.042930603,2.72931313515,12.4982872009,3.77588510513,6.51872396469,0.391385883093,3.77277517319,-1.1153242588,4.46192216873,0.088265478611]},"pitch_salience":{"dmean":0.121089398861,"dmean2":0.203768372536,"dvar":0.0147613361478,"dvar2":0.0382442809641,"max":0.92931830883,"mean":0.502537727356,"median":0.500953018665,"min":0.0618079975247,"var":0.0325942598283},"silence_rate_20dB":{"dmean":0,"dmean2":0,"dvar":0,"dvar2":0,"max":1,"mean":1,"median":1,"min":1,"var":0},"silence_rate_30dB":{"dmean":0.0738891661167,"dmean2":0.147796779871,"dvar":0.0684288367629,"dvar2":0.128954425454,"max":1,"mean":0.86958694458,"median":1,"min":0,"var":0.113412082195},"silence_rate_60dB":{"dmean":0.107089363039,"dmean2":0.214205473661,"dvar":0.0956270322204,"dvar2":0.200286224484,"max":1,"mean":0.285785585642,"median":0,"min":0,"var":0.204113408923},"spectral_centroid":{"dmean":636.189697266,"dmean2":1027.03393555,"dvar":653045.0625,"dvar2":1534734.75,"max":11244.4023438,"mean":1821.15332031,"median":1645.69616699,"min":161.195449829,"var":1313811.5},"spectral_complexity":{"dmean":3.91837239265,"dmean2":5.48995113373,"dvar":23.7055702209,"dvar2":41.793170929,"max":50,"mean":9.96330928802,"median":7,"min":0,"var":87.9049606323},"spectral_contrast_coeffs":{"dmean":[0.0697618275881,0.0594226978719,0.0451052673161,0.0410006158054,0.031395599246,0.0260451640934],"dmean2":[0.111445471644,0.096012301743,0.0707740560174,0.0626276805997,0.0496660508215,0.0377131104469],"dvar":[0.0040710773319,0.00240701250732,0.00161180470604,0.00126014638226,0.00079343066318,0.000599860097282],"dvar2":[0.00971953198314,0.00594547018409,0.00360702071339,0.00278374133632,0.00192600837909,0.00116262584925],"max":[-0.278576284647,-0.437192678452,-0.449998259544,-0.52017980814,-0.612493395805,-0.623935103416],"mean":[-0.659630298615,-0.751438081264,-0.802788078785,-0.800711333752,-0.803929328918,-0.754741251469],"median":[-0.672694385052,-0.75730150938,-0.818494737148,-0.813696503639,-0.806263387203,-0.750275611877],"min":[-0.973041176796,-0.97239112854,-0.975859642029,-0.964088618755,-0.960321962833,-0.962282836437],"var":[0.0113062653691,0.00777194229886,0.00593473995104,0.00467584468424,0.00216939090751,0.00373263447545]},"spectral_contrast_valleys":{"dmean":[0.559475123882,0.615139305592,0.485828429461,0.443609952927,0.395761579275,0.525225102901],"dmean2":[0.822426319122,0.971427261829,0.760819613934,0.659926593304,0.535908401012,0.686239957809],"dvar":[0.2479570508,0.412801355124,0.224568873644,0.206429973245,0.207905694842,0.365474104881],"dvar2":[0.453685164452,0.904829919338,0.484364211559,0.404182553291,0.340800106525,0.759054005146],"max":[-4.95168495178,-4.84769153595,-5.41975641251,-6.11466932297,-5.75429582596,-7.56693840027],"mean":[-8.06508159637,-7.91689109802,-8.53622055054,-8.76570892334,-8.10212516785,-10.6157159805],"median":[-7.82789039612,-7.72043609619,-8.21892642975,-8.48775100708,-7.90009450912,-10.6355257034],"min":[-27.7901344299,-27.2677574158,-27.7392520905,-27.3596191406,-27.2422676086,-27.3205471039],"var":[2.95674681664,2.5062391758,2.41372060776,2.22977018356,2.20067644119,2.18689370155]},"spectral_decrease":{"dmean":5.78685099839e-9,"dmean2":8.79070505277e-9,"dvar":1.23718161672e-16,"dvar2":2.40675756344e-16,"max":1.61626904091e-18,"mean":-8.96794727367e-9,"median":-1.54744295155e-9,"min":-7.70474954948e-8,"var":2.55606406106e-16},"spectral_energy":{"dmean":0.022438429296,"dmean2":0.0337245650589,"dvar":0.00177435541991,"dvar2":0.00342637044378,"max":0.295255571604,"mean":0.0351803824306,"median":0.00682103773579,"min":1.03894167664e-20,"var":0.00373649667017},"spectral_energyband_high":{"dmean":0.00102214037906,"dmean2":0.00151659594849,"dvar":0.00000360396688848,"dvar2":0.0000077978011177,"max":0.0172096770257,"mean":0.00128328660503,"median":0.000161472227774,"min":7.39257775787e-21,"var":0.00000621051503913},"spectral_energyband_low":{"dmean":0.0190012063831,"dmean2":0.0297689903527,"dvar":0.00165246555116,"dvar2":0.00321190292016,"max":0.276697814465,"mean":0.0281772725284,"median":0.00218782620504,"min":4.96778244641e-23,"var":0.00331104756333},"spectral_energyband_middle_high":{"dmean":0.000821797410026,"dmean2":0.00108551094308,"dvar":0.00000164711639172,"dvar2":0.00000280398057839,"max":0.0325694978237,"mean":0.00157968676649,"median":0.000781885464676,"min":1.28011076846e-21,"var":0.00000495744325235},"spectral_energyband_middle_low":{"dmean":0.00644341669977,"dmean2":0.0101080341265,"dvar":0.000178883899935,"dvar2":0.000446043763077,"max":0.122142784297,"mean":0.00740820821375,"median":0.00152846786659,"min":2.98129342527e-22,"var":0.000205959193408},"spectral_entropy":{"dmean":0.249423354864,"dmean2":0.395599335432,"dvar":0.0714718475938,"dvar2":0.165138930082,"max":9.81321525574,"mean":7.66824293137,"median":7.7008266449,"min":6.08592128754,"var":0.204085841775},"spectral_flux":{"dmean":0.0510111749172,"dmean2":0.0840594619513,"dvar":0.005961549934,"dvar2":0.0137152206153,"max":0.561715185642,"mean":0.09676746279,"median":0.058618336916,"min":6.45814304812e-11,"var":0.00989682693034},"spectral_kurtosis":{"dmean":1.55564785004,"dmean2":2.50746631622,"dvar":3.2937977314,"dvar2":7.99952507019,"max":27.9262580872,"mean":3.27087903023,"median":2.3173661232,"min":-1.25133919716,"var":8.39590454102},"spectral_rms":{"dmean":0.00158258341253,"dmean2":0.00220669154078,"dvar":0.00000511029566042,"dvar2":0.00000836109938973,"max":0.0169721599668,"mean":0.0042061554268,"median":0.00257966481149,"min":3.18371110725e-12,"var":0.0000166305089806},"spectral_rolloff":{"dmean":1300.80944824,"dmean2":2303.52050781,"dvar":3828530,"dvar2":9438131,"max":20176.6113281,"mean":2314.1237793,"median":1399.65820313,"min":21.533203125,"var":6916519},"spectral_skewness":{"dmean":0.320732444525,"dmean2":0.499808132648,"dvar":0.114697113633,"dvar2":0.260941386223,"max":4.07991123199,"mean":1.10913038254,"median":1.08145678043,"min":-0.832293570042,"var":0.369855046272},"spectral_spread":{"dmean":802883.125,"dmean2":1159415.875,"dvar":992812662784,"dvar2":1951230722050,"max":41507976,"mean":4783946.5,"median":4469054.5,"min":1499553.875,"var":3632256253950},"spectral_strongpeak":{"dmean":0.342884004116,"dmean2":0.558353543282,"dvar":0.240216523409,"dvar2":0.593117713928,"max":6.27232503891,"mean":0.501294612885,"median":0.244947656989,"min":0,"var":0.347002446651},"zerocrossingrate":{"dmean":0.020340949297,"dmean2":0.0237559713423,"dvar":0.000579321582336,"dvar2":0.000671251502354,"max":0.51708984375,"mean":0.0726018100977,"median":0.06494140625,"min":0.0029296875,"var":0.0037529617548}},"metadata":{"audio_properties":{"analysis_sample_rate":44100,"bit_rate":192000,"codec":"mp3","downmix":"mix","equal_loudness":0,"length":186.017959595,"lossless":false,"md5_encoded":"e5f1e6e350266ab25f199625193dee7d","replay_gain":-7.16309928894,"sample_rate":44100},"tags":{"acoustid_id":["676fb4cb-f5b6-4424-ada5-b55ecccb9dc3"],"album":["The Ruler's Back"],"albumartist":["Slick Rick"],"albumartistsort":["Slick Rick"],"artist":["Slick Rick"],"artistsort":["Slick Rick"],"asin":["B0000024IO"],"barcode":["731452348029"],"catalognumber":["314 523 480-2"],"date":["1991-07-02"],"discnumber":["1/1"],"file_name":"08 Slick Rick - The Ruler's Back - Ship.mp3","label":["Def Jam Recordings"],"media":["CD"],"musicbrainz album release country":["US"],"musicbrainz album status":["official"],"musicbrainz album type":["album"],"musicbrainz_albumartistid":["486af4f0-a79b-468f-be73-527cd4caf6ea"],"musicbrainz_albumid":["26ee3571-b93a-4bbb-b656-02c74a1374fe"],"musicbrainz_artistid":["486af4f0-a79b-468f-be73-527cd4caf6ea"],"musicbrainz_recordingid":["2260830b-c22b-4076-99e1-354871b16419"],"musicbrainz_releasegroupid":["2c528c55-df43-3d38-bca5-a46c1aaa43cb"],"originaldate":["1991-07-02"],"script":["Latn"],"title":["Ship"],"tracknumber":["8/12"]},"version":{"essentia":"2.1-beta2","essentia_build_sha":"2d9f1f26377add8aeb1075a9c2973f962c4f09fd","essentia_git_sha":"v2.1_beta2-1-ge3940c0","extractor":"music 1.0"}},"rhythm":{"beats_count":393,"beats_loudness":{"dmean":0.0995154455304,"dmean2":0.182736933231,"dvar":0.00218585110269,"dvar2":0.00894775800407,"max":0.220875829458,"mean":0.090236030519,"median":0.0677020773292,"min":1.92126564658e-10,"var":0.00507880141959},"beats_loudness_band_ratio":{"dmean":[0.354216724634,0.0634505003691,0.0596357397735,0.0629083067179,0.0815374478698,0.201715573668],"dmean2":[0.627931296825,0.121430113912,0.109405130148,0.116028435528,0.151179566979,0.395001