{"lowlevel":{"average_loudness":0.866789996624,"barkbands":{"dmean":[0.00260559096932,0.00432023219764,0.00126547086984,0.00140027387533,0.00145115132909,0.00148465891834,0.00102986046113,0.000695634575095,0.000802032183856,0.000786620075814,0.000525760580786,0.000517985085025,0.000238961176365,0.000155609319336,0.000159377872478,0.000137136419653,0.0000824233720778,0.000075991571066,0.0000888553622644,0.0000663525352138,0.0000468669968541,0.0000260521483142,0.0000093615408332,0.00000610445749771,0.00000154875453973,0.0000111544986794,0.000188454621821],"dmean2":[0.00396364368498,0.0069895228371,0.00209511863068,0.0022769656498,0.00234184623696,0.00231412239373,0.00161380600184,0.00109197199345,0.00126756553072,0.00125378917437,0.000830488395877,0.000822585076094,0.000377163902158,0.000249963923125,0.000243552043685,0.000212604703847,0.000127930543385,0.000112446417916,0.000130733169499,0.000097820389783,0.000068063440267,0.00003757779632,0.0000134647725645,0.0000089393251983,0.00000254881183537,0.0000156497662829,0.000254686630797],"dvar":[0.0000519381865161,0.0000885671470314,0.00000574229215999,0.00000623397318122,0.00000846191142045,0.0000170060502569,0.00000857379018271,0.00000592680908085,0.0000091735728347,0.00000625733582638,0.0000042711712922,0.00000458825070382,4.91666980906e-7,2.54877335237e-7,2.48919434398e-7,2.63136683998e-7,5.24891810016e-8,3.26973683684e-8,4.07674747294e-8,6.94815724955e-8,1.1134149247e-7,6.39810027181e-9,7.46154193987e-10,3.09211323213e-10,9.24784381018e-12,1.06349840046e-9,1.70284906176e-7],"dvar2":[0.000115167276817,0.000225244846661,0.0000146611646414,0.000016112364392,0.0000200424437935,0.000037086152588,0.0000198753168661,0.0000138057421282,0.0000211104088521,0.0000142186927405,0.0000104317396108,0.0000113536261779,0.00000114732279144,6.40104474314e-7,5.07843537889e-7,6.00432713327e-7,1.26031466152e-7,7.31592706416e-8,8.52407850971e-8,1.49265929394e-7,2.48914602707e-7,1.27209176526e-8,1.51663159809e-9,6.1987470712e-10,2.27909739692e-11,2.02317074205e-9,3.05158465608e-7],"max":[0.101697921753,0.123732432723,0.0325507894158,0.0622882395983,0.0694543719292,0.094258107245,0.0658722519875,0.0765409767628,0.0858551561832,0.0847778990865,0.0653785467148,0.0550716593862,0.0221807211637,0.0140639124438,0.0225255899131,0.0196434203535,0.0061538843438,0.00528469216079,0.00568817416206,0.0120198875666,0.0262943245471,0.00258995383047,0.000703502097167,0.000374415685656,0.000041277064156,0.000713759567589,0.00878047570586],"mean":[0.00288393651135,0.00523632625118,0.00163407821674,0.00193987053353,0.00218034279533,0.00213378923945,0.00160597311333,0.000968551379628,0.00117019342724,0.00117479497567,0.000723465927877,0.000789113109931,0.000370925554307,0.000227227123105,0.000248641677899,0.000226509975619,0.000126502505736,0.000130025844555,0.000156942754984,0.000104516111605,0.0000697773066349,0.0000352494498657,0.0000120066770251,0.00000696369806974,0.00000161367734108,0.0000139384783324,0.00035407076939],"median":[0.00040426349733,0.0020725785289,0.000744255026802,0.000799459929112,0.000776859349571,0.000343695166521,0.000284267880488,0.000130970380269,0.000204369600397,0.000178071844857,0.000104389589978,0.000140056406963,0.000109871733002,0.000057495701185,0.0000550320182811,0.0000415145113948,0.0000334826909238,0.0000334100986947,0.0000432849628851,0.0000213925995922,0.0000122305755212,0.00000458746762888,0.00000151476092469,8.04136163879e-7,5.21872436821e-7,0.00000176536491381,0.0000953116104938],"min":[5.30440229255e-25,2.06505069262e-24,1.60521933223e-24,5.17880331048e-25,8.447939833e-24,5.75148625235e-24,8.77070542782e-24,3.46997429671e-24,1.39619276769e-23,2.13380343094e-23,1.7985455926e-23,3.27822792752e-23,1.85847409339e-23,3.5089107355e-23,3.83130398796e-23,5.36515724347e-23,6.31413482434e-23,7.73518507248e-23,1.35898734217e-22,1.78457313048e-22,2.20589742907e-22,3.31482634035e-22,4.21310187447e-22,5.44733017028e-22,8.03516350496e-22,1.25346074992e-21,1.94574084654e-21],"var":[0.0000582081229368,0.0000914259653655,0.00000704591457179,0.00000994910442387,0.0000168098649738,0.0000318292732118,0.0000185093394975,0.000011408960745,0.000017026461137,0.0000170803468791,0.00000650940773994,0.00000965646722761,9.17997283523e-7,4.48410986564e-7,5.88111731759e-7,7.51604147808e-7,9.98995872692e-8,6.854574508e-8,1.10263407294e-7,1.24764810039e-7,1.55278200964e-7,1.08981792479e-8,1.24690879844e-9,4.58141719006e-10,9.93731572724e-12,1.81042936198e-9,4.5391143999e-7]},"barkbands_crest":{"dmean":2.88021826744,"dmean2":4.68905639648,"dvar":5.77112960815,"dvar2":15.0453290939,"max":23.4128513336,"mean":10.1634130478,"median":9.56265640259,"min":2.87881588936,"var":13.5931787491},"barkbands_flatness_db":{"dmean":0.0274275094271,"dmean2":0.042039308697,"dvar":0.000550410186406,"dvar2":0.00129793665837,"max":0.362976402044,"mean":0.151375576854,"median":0.149108290672,"min":0.0337217561901,"var":0.00231055822223},"barkbands_kurtosis":{"dmean":6.0731844902,"dmean2":9.61537361145,"dvar":95.9550704956,"dvar2":243.176635742,"max":161.688278198,"mean":10.704627037,"median":6.46426963806,"min":-1.82722604275,"var":191.904815674},"barkbands_skewness":{"dmean":0.760557293892,"dmean2":1.153870821,"dvar":0.595473051071,"dvar2":1.38735425472,"max":10.7881240845,"mean":2.29584980011,"median":2.10689735413,"min":-2.26677966118,"var":2.31795048714},"barkbands_spread":{"dmean":7.0664973259,"dmean2":10.4728851318,"dvar":72.8523483276,"dvar2":151.876571655,"max":119.158294678,"mean":21.84233284,"median":16.154296875,"min":1.02108895779,"var":308.755371094},"dissonance":{"dmean":0.0238554775715,"dmean2":0.040455006063,"dvar":0.00055173720466,"dvar2":0.00152983411681,"max":0.499854147434,"mean":0.457814007998,"median":0.466558516026,"min":0.253612935543,"var":0.00108958070632},"dynamic_complexity":5.35583209991,"erbbands":{"dmean":[0.228676781058,0.626768290997,1.36043798923,3.05792927742,5.83197307587,3.57807898521,8.0269613266,12.5871763229,12.1534795761,19.3643798828,12.9796056747,18.5054035187,21.1863651276,21.8561935425,21.2184906006,19.8674049377,10.8145494461,8.31362342834,7.87631702423,6.6952829361,7.2574968338,4.45337343216,3.76945137978,4.77914428711,3.85652923584,3.10803961754,2.38308882713,1.50516986847,1.0630582571,0.457604020834,0.244187250733,0.180865377188,0.0630061477423,0.0176245570183,0.0112260179594,0.0118482327089,0.0284128841013,0.0276849418879,0.0202618315816,0.0054964274168],"dmean2":[0.365446895361,1.04945242405,2.2538766861,4.93438005447,9.54108905792,5.70701360703,12.3448343277,19.7534141541,19.2083740234,29.4366970062,20.3665981293,29.0213127136,33.6310272217,34.9502677917,32.7812156677,31.1418933868,17.0712471008,13.2411842346,12.1861419678,10.4279527664,11.1341056824,6.82630109787,5.53918933868,7.06376791,5.54226732254,4.56437349319,3.49664330482,2.11336064339,1.52317845821,0.662541568279,0.352238208055,0.261107027531,0.0948052704334,0.0287394374609,0.0183923132718,0.0179746635258,0.0399259738624,0.0387135595083,0.0285855308175,0.00738918874413],"dvar":[0.32495495677,1.92533230782,8.26422119141,28.48686409,148.024108887,56.8607254028,721.25390625,1413.12194824,1259.43408203,4036.81835938,1990.2956543,5811.08691406,5371.55126953,6401.83349609,7443.82519531,6323.31982422,1032.45092773,676.272705078,709.815246582,255.709274292,940.417175293,148.209579468,84.8042144775,109.128997803,112.009216309,162.180007935,271.397125244,48.1572151184,10.906876564,1.68322432041,0.592038154602,0.296397119761,0.0276020504534,0.00118406605907,0.000468770682346,0.000652764283586,0.00752771180123,0.00616604927927,0.00271601090208,0.000105025916127],"dvar2":[0.804736733437,5.19651937485,21.3877983093,72.2186965942,366.895202637,136.393295288,1486.71020508,3244.76782227,2899.28076172,9099.96972656,4700.08544922,13954.6953125,11411.9082031,15627.9736328,18233.0839844,14688.8691406,2525.98999023,1720.1776123,1562.63745117,584.220031738,2145.63964844,364.904571533,189.350906372,231.530288696,221.703704834,355.53817749,655.131958008,83.5094451904,21.7103118896,3.4954791069,1.23141992092,0.603286802769,0.0559587851167,0.00289087789133,0.00115312507842,0.00133602088317,0.0145514048636,0.012336823158,0.00567374425009,0.000182944233529],"max":[7.15998601913,27.7925415039,44.5011901855,124.353889465,266.861877441,171.71812439,687.258178711,1026.23034668,859.683776855,1824.15710449,1128.00732422,2668.84130859,2945.95214844,3267.95947266,2946.85180664,2591.67382812,963.807128906,661.525695801,1093.76062012,493.152923584,1226.96374512,316.427978516,276.763366699,328.284454346,399.415161133,695.828186035,1202.828125,550.344604492,113.555084229,30.3049373627,24.5759963989,11.8313922882,2.98195171356,0.465341866016,0.291861563921,0.421602338552,1.95777237415,1.34588563442,1.09950816631,0.207659557462],"mean":[0.255014628172,0.79150557518,1.80361783504,4.56586122513,8.26065254211,5.39809417725,11.643198967,17.9159355164,18.5426616669,30.1467113495,20.3834400177,27.3313732147,31.8140716553,35.0963745117,32.6583137512,31.575881958,18.3369941711,13.500333786,12.5398244858,11.4162464142,12.4586553574,7.34402608871,6.73380661011,8.67154407501,6.81072664261,4.98938560486,3.44743466377,2.3017270565,1.4350515604,0.613425552845,0.310481399298,0.209663435817,0.0709796771407,0.0189112033695,0.0120061999187,0.0140527645126,0.0345098562539,0.0371530279517,0.0299644712359,0.0145974662155],"median":[0.0745407789946,0.347410351038,0.865386843681,2.23857760429,2.84962701797,2.0629696846,2.33164596558,2.89540481567,3.28966856003,4.60677814484,3.17091417313,4.97839450836,4.35133457184,6.57520580292,5.43334436417,6.48566532135,5.759557724,3.63219070435,2.80988693237,3.08881258965,2.08878946304,1.85093784332,1.8865480423,2.41393280029,1.80144631863,1.05088937283,0.647878348827,0.375795543194,0.18551954627,0.0838404521346,0.0387742817402,0.0206342712045,0.0116919754073,0.00628794403747,0.00411820225418,0.00372060365044,0.00352022144943,0.00465093832463,0.00610213214532,0.00717468187213],"min":[5.21611144176e-23,3.02755677259e-22,1.30392462379e-21,4.71444037255e-21,7.16284772978e-21,1.94732517206e-20,6.71160002612e-20,7.98367714619e-20,1.98199066363e-19,1.65188627486e-19,2.41020112874e-19,3.07374680457e-19,4.1603149721e-19,5.63995626479e-19,9.72026245063e-19,1.27815286507e-18,1.07371517668e-18,1.87928445496e-18,1.68327490983e-18,3.30414462591e-18,3.69237129986e-18,3.75796754961e-18,3.87189513538e-18,6.62240136665e-18,7.006566377e-18,8.26545999587e-18,7.38170353814e-18,9.8552713547e-18,1.11171428238e-17,1.18586539946e-17,1.23936901313e-17,1.02588668376e-17,9.73569412534e-18,7.59983354721e-18,6.2632217603e-18,3.81667752077e-18,2.2685438639e-18,8.90886858007e-19,2.36799940786e-19,2.90852633063e-20],"var":[0.321250617504,1.86960852146,9.09540557861,46.91954422,270.866210938,99.0399932861,1473.24609375,2472.30444336,2312.16650391,9104.81835938,4019.29370117,9154.90429688,11110.2587891,19163.5859375,12791.1503906,13104.2568359,2103.63354492,1375.2611084,1534.34912109,623.331726074,2706.06079102,306.681976318,182.085540771,299.626373291,281.392730713,278.433135986,343.57131958,104.764167786,19.0210399628,2.85403251648,0.926312863827,0.443551599979,0.0393288433552,0.00130620249547,0.00051410269225,0.000975311559159,0.0121465884149,0.0105087999254,0.00466321082786,0.000394783535739]},"erbbands_crest":{"dmean":3.172549963,"dmean2":5.15889596939,"dvar":8.71555137634,"dvar2":21.5403251648,"max":30.7821617126,"mean":9.74056529999,"median":8.70584774017,"min":2.44261431694,"var":21.9079093933},"erbbands_flatness_db":{"dmean":0.0246613547206,"dmean2":0.0365513861179,"dvar":0.000462163967313,"dvar2":0.000964106759056,"max":0.333456009626,"mean":0.15130482614,"median":0.148398712277,"min":0.0370168462396,"var":0.00219711405225},"erbbands_kurtosis":{"dmean":1.21562194824,"dmean2":1.91899371147,"dvar":2.57241272926,"dvar2":6.01190090179,"max":26.6631031036,"mean":1.11410343647,"median":0.394198894501,"min":-1.64638888836,"var":6.12120294571},"erbbands_skewness":{"dmean":0.388488799334,"dmean2":0.593312621117,"dvar":0.125343903899,"dvar2":0.280035048723,"max":4.22367095947,"mean":0.400827199221,"median":0.333987236023,"min":-4.25054693222,"var":0.71968626976},"erbbands_spread":{"dmean":7.62242507935,"dmean2":11.6202850342,"dvar":56.6766052246,"dvar2":124.525253296,"max":96.350151062,"mean":30.2189769745,"median":28.3309783936,"min":2.80207920074,"var":202.088226318},"gfcc":{"cov":[[29095.4414062,1829.0970459,-1902.40344238,-184.706283569,-278.537750244,-536.690551758,266.733398438,-245.866653442,-37.5628623962,-57.5602989197,42.1537971497,14.4432201385,-51.4669876099],[1829.0970459,1055.66662598,-136.024185181,-223.065261841,28.0575122833,-186.277374268,-3.99687314034,31.3908462524,-57.5731735229,10.8107805252,80.155380249,-129.796356201,86.9273681641],[-1902.40344238,-136.024185181,718.291259766,143.9347229,-84.670173645,213.21182251,-97.041519165,96.2562789917,-11.3496417999,10.0423002243,-14.364274025,-6.03145980835,-34.0902137756],[-184.706283569,-223.065261841,143.9347229,350.171051025,129.757751465,78.860748291,50.6110305786,-11.2742013931,46.0154838562,13.3974609375,-36.2860488892,33.392124176,-48.9249649048],[-278.537750244,28.0575122833,-84.670173645,129.757751465,341.446594238,46.1095046997,68.5552520752,-59.78673172,-14.5916748047,-28.8064460754,3.52728629112,-22.9195518494,15.4035949707],[-536.690551758,-186.277374268,213.21182251,78.860748291,46.1095046997,278.675140381,-11.8446865082,47.2656326294,-30.2125072479,-5.04279947281,-0.903075754642,31.3368015289,-11.8486766815],[266.733398438,-3.99687314034,-97.041519165,50.6110305786,68.5552520752,-11.8446865082,218.866317749,-33.5480804443,51.2706947327,-12.6566143036,-11.4568185806,40.8977432251,-7.54036235809],[-245.866653442,31.3908462524,96.2562789917,-11.2742013931,-59.78673172,47.2656326294,-33.5480804443,180.248901367,46.3754348755,49.864364624,15.7601308823,-15.8316106796,26.8423919678],[-37.5628623962,-57.5731735229,-11.3496417999,46.0154838562,-14.5916748047,-30.2125072479,51.2706947327,46.3754348755,165.251464844,67.5810928345,-1.26810181141,37.6040000916,-17.4669952393],[-57.5602989197,10.8107805252,10.0423002243,13.3974609375,-28.8064460754,-5.04279947281,-12.6566143036,49.864364624,67.5810928345,109.297859192,49.1808700562,14.4211969376,5.61398601532],[42.1537971497,80.155380249,-14.364274025,-36.2860488892,3.52728629112,-0.903075754642,-11.4568185806,15.7601308823,-1.26810181141,49.1808700562,95.321937561,30.969783783,16.712436676],[14.4432201385,-129.796356201,-6.03145980835,33.392124176,-22.9195518494,31.3368015289,40.8977432251,-15.8316106796,37.6040000916,14.4211969376,30.969783783,110.9164505,10.0804395676],[-51.4669876099,86.9273681641,-34.0902137756,-48.9249649048,15.4035949707,-11.8486766815,-7.54036235809,26.8423919678,-17.4669952393,5.61398601532,16.712436676,10.0804395676,91.6768341064]],"icov":[[0.0000587815338804,-0.000168398517417,0.000236296225921,-0.00019923527725,0.000213817969779,-0.000151628206368,0.0000339212019753,0.0000429579849879,-0.0000107888245111,0.0000836444232846,0.0000256685561908,-0.00007519711653,0.000105316590634],[-0.000168398517417,0.00225644488819,-0.000850969867315,0.000960369012319,-0.000566736445762,0.00118860066868,-0.000803628121503,-0.0000710540552973,-0.000248828466283,0.000495673797559,-0.00258039147593,0.00306235859171,-0.00177854136564],[0.000236296225921,-0.000850969867315,0.00350293563679,-0.00247136503458,0.00245866272599,-0.00268530868925,0.000932673923671,0.000111306100735,-0.000858530751429,0.00162230269052,-0.00107206916437,0.00122565508354,0.00000493025163451],[-0.00019923527725,0.000960369012319,-0.00247136503458,0.00712962029502,-0.00479488540441,0.0019697828684,-0.000597059319261,-0.00152395328041,0.00199936609715,-0.00456950766966,0.00524055259302,-0.00454311585054,0.00352568086237],[0.000213817969779,-0.000566736445762,0.00245866272599,-0.00479488540441,0.00793100893497,-0.00377790722996,-0.000899839622434,0.00362791516818,-0.00359339383431,0.00502203125507,-0.00627727527171,0.0071764010936,-0.00458122510463],[-0.000151628206368,0.00118860066868,-0.00268530868925,0.0019697828684,-0.00377790722996,0.00793008320034,-0.000446120306151,-0.00374097679742,0.00443355645984,-0.00262994598597,0.0027381000109,-0.00488114496693,0.00260217743926],[0.0000339212019753,-0.000803628121503,0.000932673923671,-0.000597059319261,-0.000899839622434,-0.000446120306151,0.00665143085644,0.000301202409901,-0.00215819664299,0.00153702998068,0.00137951457873,-0.00312334788032,0.000948273111135],[0.0000429579849879,-0.0000710540552973,0.000111306100735,-0.00152395328041,0.00362791516818,-0.00374097679742,0.000301202409901,0.0108487438411,-0.00579072022811,0.000947653083131,-0.00428989017382,0.00721210613847,-0.00609744386747],[-0.0000107888245111,-0.000248828466283,-0.000858530751429,0.00199936609715,-0.00359339383431,0.00443355645984,-0.00215819664299,-0.00579072022811,0.0163291078061,-0.0122785270214,0.0104768313468,-0.0104448432103,0.00677400687709],[0.0000836444232846,0.000495673797559,0.00162230269052,-0.00456950766966,0.00502203125507,-0.00262994598597,0.00153702998068,0.000947653083131,-0.0122785270214,0.0248981583863,-0.0173317790031,0.00963410362601,-0.00535701215267],[0.0000256685561908,-0.00258039147593,-0.00107206916437,0.00524055259302,-0.00627727527171,0.0027381000109,0.00137951457873,-0.00428989017382,0.0104768313468,-0.0173317790031,0.0292537938803,-0.0179843436927,0.00733936717734],[-0.00007519711653,0.00306235859171,0.00122565508354,-0.00454311585054,0.0071764010936,-0.00488114496693,-0.00312334788032,0.00721210613847,-0.0104448432103,0.00963410362601,-0.0179843436927,0.0274362172931,-0.0114381499588],[0.000105316590634,-0.00177854136564,0.00000493025163451,0.00352568086237,-0.00458122510463,0.00260217743926,0.000948273111135,-0.00609744386747,0.00677400687709,-0.00535701215267,0.00733936717734,-0.0114381499588,0.0190445575863]],"mean":[-71.8316726685,101.16834259,-86.1145324707,-2.53555393219,-11.7705316544,-22.2377281189,5.10214281082,-14.9894857407,-7.26783847809,-9.4128704071,-3.63872885704,-6.17334222794,-7.03502035141]},"hfc":{"dmean":51.4034843445,"dmean2":76.7623672485,"dvar":6077.75244141,"dvar2":12893.3603516,"max":1847.57214355,"mean":145.936965942,"median":101.833435059,"min":1.03555574684e-16,"var":23303.3515625},"melbands":{"dmean":[0.00166193919722,0.000707079190761,0.000603056279942,0.000334780110279,0.000242629801505,0.000282051623799,0.000190126651432,0.000200019203476,0.000109031861939,0.000117016679724,0.000107757397927,0.0000925601707422,0.0000772379207774,0.0000625660395599,0.000035621720599,0.0000209779191209,0.0000155581565195,0.0000127683197206,0.0000115107804959,0.00000910037488211,0.00000846508737595,0.0000048958604566,0.00000416686498284,0.00000370320981347,0.00000422492803409,0.00000332882700604,0.000002509264732,0.00000214114834307,0.00000154030681188,0.00000134225729198,7.70184726662e-7,7.22625031813e-7,3.50777327185e-7,2.18042359279e-7,1.44754565667e-7,1.19465624948e-7,1.12800030649e-7,5.7679265808e-8,1.55957273762e-8,1.40322784503e-8],"dmean2":[0.00261016562581,0.00116746372078,0.00097023206763,0.000541207846254,0.000373578805011,0.000439608847955,0.000299302046187,0.000302887143334,0.000172059197212,0.000184394535609,0.000171492531081,0.000148278326378,0.000120276810776,0.0000983845602605,0.0000561265442229,0.0000332491254085,0.0000251932215178,0.0000202550654649,0.0000178830741788,0.0000143323477459,0.0000132527866299,0.00000764233300288,0.00000645359796181,0.00000549974583919,0.0000063872789724,0.00000494851155963,0.00000365991240869,0.00000324031543641,0.0000022936080768,0.00000201333568839,0.00000111359804578,0.00000106246091036,5.13206487085e-7,3.21747592125e-7,2.13281992956e-7,1.75078440634e-7,1.6530502478e-7,8.68881642191e-8,2.57046597341e-8,2.31108145954e-8],"dvar":[0.0000151700778588,0.00000233859191212,0.00000100255340385,4.81223707993e-7,5.47371428183e-7,6.34708044345e-7,2.83925999156e-7,4.20768543563e-7,1.3545744082e-7,2.34749450101e-7,1.37922995691e-7,1.15531591405e-7,9.22595333464e-8,7.59878773238e-8,1.79245311926e-8,3.47953021951e-9,2.83832113368e-9,1.88635973508e-9,1.23194976442e-9,7.11447067925e-10,1.26044052973e-9,1.91599874855e-10,1.3274036037e-10,7.77477596192e-11,8.713747085e-11,7.11665171238e-11,7.97257815321e-11,1.05050405874e-10,6.576508782e-11,1.28482113837e-10,6.94570269355e-12,5.62100106044e-12,1.28177893646e-12,3.69548792609e-13,2.12904672191e-13,1.4452161527e-13,1.19752813351e-13,2.84002947434e-14,9.89078890201e-16,7.76586646399e-16],"dvar2":[0.0000363980361726,0.0000061391174313,0.00000255778741121,0.00000117335412142,0.00000113075179797,0.00000143895999827,6.58851490698e-7,9.52746688654e-7,3.15394515837e-7,5.70696897739e-7,2.94883847118e-7,2.81027951132e-7,2.23306599878e-7,1.84317642038e-7,4.09235667576e-8,9.14537956476e-9,7.29057525461e-9,4.47128511993e-9,2.63864641248e-9,1.58981672271e-9,2.97596991494e-9,4.76160444407e-10,3.21283444293e-10,1.7468095026e-10,1.92697635626e-10,1.49724427301e-10,1.7282260345e-10,2.46974912743e-10,1.53647719547e-10,3.00321739699e-10,1.19479166144e-11,1.14679871502e-11,2.99408501464e-12,7.74204647874e-13,4.52252140902e-13,3.07567041497e-13,2.45185816095e-13,5.85281877217e-14,2.43335985076e-15,1.91350862598e-15],"max":[0.0500931479037,0.0271352473646,0.0216174181551,0.0180712938309,0.0181708559394,0.02081361413,0.0119094690308,0.0188355427235,0.0089937960729,0.0166648551822,0.0151037890464,0.0140771325678,0.0100576551631,0.00832248758525,0.00498478487134,0.00162715127226,0.00148463854566,0.00148078531493,0.00130868435372,0.000876485195477,0.00126611627638,0.000371878646547,0.000345494743669,0.000241007452132,0.000301126157865,0.000215739390114,0.000434572342783,0.000627788482234,0.000546474358998,0.000886486668605,0.000145746540511,0.0000852576558827,0.0000296962098219,0.0000122055971588,0.0000136480275614,0.0000109257161967,0.0000072364045991,0.0000031488229979,4.28394571372e-7,3.79916031079e-7],"mean":[0.00200576055795,0.000981293618679,0.000927469925955,0.000496868393384,0.000361734098988,0.000406821811339,0.00029639940476,0.000307213398628,0.00016569327272,0.000168703438248,0.000157317044795,0.000143335622852,0.000110895794933,0.0000942092665355,0.0000573227553105,0.0000331685150741,0.0000235272727878,0.0000188933063328,0.000017742797354,0.0000148893477672,0.0000136985136123,0.00000736659285394,0.00000635439437247,0.00000627356439509,0.00000719420404494,0.00000552748315386,0.00000402898012908,0.00000314995304507,0.00000216428838939,0.00000183211022886,0.00000116336059364,9.30087708184e-7,4.63297794795e-7,2.80955049448e-7,1.81899551421e-7,1.40780272773e-7,1.26978164872e-7,6.2812439694e-8,1.59435256109e-8,1.44914755751e-8],"median":[0.000681044824887,0.000495908781886,0.000454055145383,0.00018136887229,0.0000793428771431,0.000066590946517,0.0000521865586052,0.0000456823981949,0.000026305544452,0.0000298188606394,0.0000199421883735,0.0000251476303674,0.0000160098315973,0.0000155451562023,0.0000152743923536,0.00000963344518823,0.00000561658180231,0.00000398956854042,0.00000399506370741,0.0000034799986679,0.00000208195160667,0.00000176058642865,0.00000177807851287,0.0000016344603182,0.0000019243832412,0.00000141971952416,8.585295177e-7,6.10173231053e-7,4.04232622486e-7,2.81830722315e-7,1.76042675548e-7,1.0653329241e-7,5.91632840496e-8,3.77784346028e-8,2.21702265435e-8,1.48314036608e-8,1.0991273669e-8,8.24984702774e-9,4.96655871984e-9,4.61459226386e-9],"min":[6.04265234728e-25,5.77793232116e-25,8.41486900892e-25,4.06344249084e-25,2.12634538217e-24,1.20015621791e-24,3.41237443442e-24,2.18033364202e-24,1.58728408651e-24,1.58172971688e-24,1.57701903398e-24,1.71654476368e-24,2.68628614966e-24,3.23242717612e-24,3.6656260007e-24,2.5162142466e-24,2.66266390707e-24,2.33041482367e-24,3.1718335867e-24,4.76793960332e-24,3.25153654269e-24,4.18939059315e-24,2.54631619266e-24,3.42089728764e-24,4.7975715855e-24,4.40891086155e-24,3.34866405557e-24,5.20624610505e-24,4.07848937165e-24,3.56124155914e-24,5.50664788763e-24,4.9929578378e-24,4.76407142387e-24,4.9676089759e-24,5.72953422551e-24,5.82730012408e-24,6.13377021918e-24,5.87570265707e-24,6.86767394614e-24,6.38590712499e-24],"var":[0.0000165656856552,0.00000248850437856,0.00000174621118276,9.17692887015e-7,0.00000116312662612,0.0000011471935295,5.50159484192e-7,9.49158845742e-7,2.73347268376e-7,3.71230527207e-7,2.80873308611e-7,3.54331206154e-7,1.4482243671e-7,1.53537129677e-7,4.21759551728e-8,6.20638873627e-9,5.18801668292e-9,3.57176554999e-9,2.59282861848e-9,1.84103765566e-9,3.40992301062e-9,3.51871559667e-10,2.198114607e-10,1.63774382944e-10,2.20596416134e-10,1.66429356407e-10,1.49151954676e-10,1.43928910457e-10,9.6319452414e-11,1.58536642147e-10,1.82168360258e-11,8.85596283806e-12,1.83408930404e-12,6.13680655771e-13,3.26606959793e-13,2.07703727264e-13,1.73233362334e-13,3.83400180094e-14,1.04440496473e-15,8.27653998091e-16]},"melbands_crest":{"dmean":4.47208786011,"dmean2":7.25763368607,"dvar":15.5084171295,"dvar2":37.6202850342,"max":37.3618202209,"mean":15.9840049744,"median":15.0878009796,"min":1.0819991827,"var":41.4058265686},"melbands_flatness_db":{"dmean":0.034222137183,"dmean2":0.0516671650112,"dvar":0.000808251439594,"dvar2":0.00187585258391,"max":0.512372851372,"mean":0.261643409729,"median":0.263410031796,"min":0.0000193739251699,"var":0.0047620004043},"melbands_kurtosis":{"dmean":9.67577648163,"dmean2":15.343755722,"dvar":342.04296875,"dvar2":850.704162598,"max":370.781066895,"mean":15.1318454742,"median":7.71235132217,"min":-1.59877479076,"var":505.636016846},"melbands_skewness":{"dmean":0.95334905386,"dmean2":1.45697879791,"dvar":1.09572768211,"dvar2":2.50133228302,"max":17.4022369385,"mean":2.68266654015,"median":2.37127804756,"min":-1.8108792305,"var":3.48110103607},"melbands_spread":{"dmean":5.68218660355,"dmean2":8.64266872406,"dvar":52.3254127502,"dvar2":113.538787842,"max":174.868637085,"mean":17.0852680206,"median":12.4074993134,"min":0.74224126339,"var":336.628448486},"mfcc":{"cov":[[12847.1347656,1942.15454102,-1125.31665039,580.019897461,-681.718566895,217.872253418,-178.957275391,177.047698975,-151.448043823,108.235984802,-46.7284317017,117.98841095,-6.43787240982],[1942.15454102,1648.09179688,-191.801040649,47.9805870056,-60.1014175415,-182.659866333,106.609947205,-125.546875,-3.50933456421,-38.2058830261,68.0916595459,-52.9307785034,4.26274442673],[-1125.31665039,-191.801040649,751.771728516,-86.1338806152,80.5709991455,-8.0014333725,-24.4873580933,47.7626686096,-7.98331880569,48.9993591309,10.0338926315,39.0440101624,-36.1334762573],[580.019897461,47.9805870056,-86.1338806152,352.722137451,15.3402910233,104.485916138,-5.53975105286,31.209104538,28.4950256348,37.1702804565,13.3400659561,21.9908447266,-1.62913405895],[-681.718566895,-60.1014175415,80.5709991455,15.3402910233,293.839202881,58.1568832397,72.5072860718,-7.68531799316,11.6523008347,-0.226577967405,-0.519209504128,-3.00805425644,10.6848611832],[217.872253418,-182.659866333,-8.0014333725,104.485916138,58.1568832397,264.869781494,54.2704811096,93.0065841675,-3.90697526932,-2.89521455765,-35.2320785522,33.2125434875,18.930316925],[-178.957275391,106.609947205,-24.4873580933,-5.53975105286,72.5072860718,54.2704811096,177.645004272,16.6180553436,5.78430128098,-42.3389511108,-13.1071653366,-19.8092346191,17.7001972198],[177.047698975,-125.546875,47.7626686096,31.209104538,-7.68531799316,93.0065841675,16.6180553436,145.753738403,27.5610656738,25.0242862701,-22.090177536,24.0862483978,-0.268951803446],[-151.448043823,-3.50933456421,-7.98331880569,28.4950256348,11.6523008347,-3.90697526932,5.78430128098,27.5610656738,117.56048584,39.8380432129,14.7912149429,-6.5220990181,1.12094986439],[108.235984802,-38.2058830261,48.9993591309,37.1702804565,-0.226577967405,-2.89521455765,-42.3389511108,25.0242862701,39.8380432129,110.518325806,34.1922988892,30.5777645111,-10.5682783127],[-46.7284317017,68.0916595459,10.0338926315,13.3400659561,-0.519209504128,-35.2320785522,-13.1071653366,-22.090177536,14.7912149429,34.1922988892,98.0811920166,30.8586463928,9.20621776581],[117.98841095,-52.9307785034,39.0440101624,21.9908447266,-3.00805425644,33.2125434875,-19.8092346191,24.0862483978,-6.5220990181,30.5777645111,30.8586463928,100.828857422,29.8245048523],[-6.43787240982,4.26274442673,-36.1334762573,-1.62913405895,10.6848611832,18.930316925,17.7001972198,-0.268951803446,1.12094986439,-10.5682783127,9.20621776581,29.8245048523,73.2664031982]],"icov":[[0.000173507069121,-0.000252659636317,0.000213779479964,-0.000107920895971,0.000253385864198,-0.000220423549763,0.000251332297921,-0.000296798592899,0.000340519007295,-0.000296023616102,0.000240748486249,-0.000182130810572,0.0000871486845426],[-0.000252659636317,0.00117177434731,-0.000212375511182,-0.000167147358297,-0.000131879132823,0.000932517345063,-0.0011715736473,0.000762574141845,-0.0003719451488,0.000444152043201,-0.000757894653361,0.000420973170549,-0.000141079857713],[0.000213779479964,-0.000212375511182,0.00190860347357,0.000331859890139,-0.000299164821627,0.000013922151993,0.000402595236665,-0.00101838156115,0.000750162289478,-0.000807864184026,0.000203481729841,-0.000976991956122,0.00116296368651],[-0.000107920895971,-0.000167147358297,0.000331859890139,0.00383045640774,-0.000333348056301,-0.00182735186536,0.000548716052435,0.000365407031495,-0.000901056919247,-0.000669050961733,-0.000632231589407,-0.000184995340533,0.000710646389052],[0.000253385864198,-0.000131879132823,-0.000299164821627,-0.000333348056301,0.0047509400174,-0.00128963089082,-0.00156837271061,0.00120600929949,0.0000188862650248,-0.00111888640095,0.000285038724542,0.000153273998876,-0.000361229351256],[-0.000220423549763,0.000932517345063,0.000013922151993,-0.00182735186536,-0.00128963089082,0.00755598768592,-0.00214840634726,-0.00305080320686,0.000880679639522,0.000786702788901,0.00134827382863,-0.00142154679634,-0.000854522397276],[0.000251332297921,-0.0011715736473,0.000402595236665,0.000548716052435,-0.00156837271061,-0.00214840634726,0.00902127102017,-0.00194097589701,-0.000473985535791,0.00260505336337,-0.00034362450242,0.0013602967374,-0.00122926244512],[-0.000296798592899,0.000762574141845,-0.00101838156115,0.000365407031495,0.00120600929949,-0.00305080320686,-0.00194097589701,0.0118924453855,-0.0032900874503,-0.00156302133109,0.00223913788795,-0.00178933166899,0.000832284858916],[0.000340519007295,-0.0003719451488,0.000750162289478,-0.000901056919247,0.0000188862650248,0.000880679639522,-0.000473985535791,-0.0032900874503,0.0119356410578,-0.00484674749896,-0.000826109258924,0.0026825000532,-0.00159626710229],[-0.000296023616102,0.000444152043201,-0.000807864184026,-0.000669050961733,-0.00111888640095,0.000786702788901,0.00260505336337,-0.00156302133109,-0.00484674749896,0.0155518241227,-0.00401299167424,-0.00303322542459,0.00291607319377],[0.000240748486249,-0.000757894653361,0.000203481729841,-0.000632231589407,0.000285038724542,0.00134827382863,-0.00034362450242,0.00223913788795,-0.000826109258924,-0.00401299167424,0.0149667970836,-0.00489799445495,-0.000600179540925],[-0.000182130810572,0.000420973170549,-0.000976991956122,-0.000184995340533,0.000153273998876,-0.00142154679634,0.0013602967374,-0.00178933166899,0.0026825000532,-0.00303322542459,-0.00489799445495,0.0166473370045,-0.00715643400326],[0.0000871486845426,-0.000141079857713,0.00116296368651,0.000710646389052,-0.000361229351256,-0.000854522397276,-0.00122926244512,0.000832284858916,-0.00159626710229,0.00291607319377,-0.000600179540925,-0.00715643400326,0.0182611644268]],"mean":[-728.291870117,163.453811646,-14.669216156,34.4790344238,-3.50235462189,9.69469165802,8.59367752075,5.42470884323,-0.0465161688626,2.45226264,0.768894612789,1.225512743,-0.0546880885959]},"pitch_salience":{"dmean":0.0776326209307,"dmean2":0.125149458647,"dvar":0.00461508426815,"dvar2":0.0114103024825,"max":0.994382679462,"mean":0.540852844715,"median":0.551327824593,"min":0.122084572911,"var":0.0127874966711},"silence_rate_20dB":{"dmean":0,"dmean2":0,"dvar":0,"dvar2":0,"max":1,"mean":1,"median":1,"min":1,"var":0},"silence_rate_30dB":{"dmean":0.0252847671509,"dmean2":0.05057586357,"dvar":0.0246465671808,"dvar2":0.0625433176756,"max":1,"mean":0.978598237038,"median":1,"min":0,"var":0.0209435168654},"silence_rate_60dB":{"dmean":0.0212792586535,"dmean2":0.0425638444722,"dvar":0.0208260621876,"dvar2":0.0457586571574,"max":1,"mean":0.126533165574,"median":0,"min":0,"var":0.110525839031},"spectral_centroid":{"dmean":236.382202148,"dmean2":344.245788574,"dvar":78714.3203125,"dvar2":148067.78125,"max":11661.4658203,"mean":1119.72888184,"median":840.396484375,"min":181.442276001,"var":1573328.625},"spectral_complexity":{"dmean":3.13055443764,"dmean2":4.41362047195,"dvar":16.2781600952,"dvar2":25.4288139343,"max":57,"mean":12.7275342941,"median":11,"min":0,"var":90.7727127075},"spectral_contrast_coeffs":{"dmean":[0.0557723715901,0.0483631379902,0.0410509072244,0.0303435586393,0.0222104992718,0.0429246760905],"dmean2":[0.0906520709395,0.0789211690426,0.067048676312,0.0490539073944,0.035014860332,0.0647003874183],"dvar":[0.00199957145378,0.00155836273916,0.00113364798017,0.000600063474849,0.000359934056178,0.00150740484241],"dvar2":[0.0051011047326,0.00395994260907,0.00293454132043,0.00156278291252,0.000827307521831,0.00318642356433],"max":[-0.24711073935,-0.425288021564,-0.489380478859,-0.509609043598,-0.616272330284,-0.346214771271],"mean":[-0.686917901039,-0.772095143795,-0.783050239086,-0.807506620884,-0.818126320839,-0.760546565056],"median":[-0.691141366959,-0.782924771309,-0.78954410553,-0.810121059418,-0.819290041924,-0.772841215134],"min":[-0.985667109489,-0.992566525936,-0.992550432682,-0.984281659126,-0.98477178812,-0.964560508728],"var":[0.00877406727523,0.00640184246004,0.00470220996067,0.00260438094847,0.00207638530992,0.00641607306898]},"spectral_contrast_valleys":{"dmean":[0.419656574726,0.375300973654,0.35439825058,0.334501832724,0.340361684561,0.614245414734],"dmean2":[0.6539940238,0.583673536777,0.536528587341,0.483756363392,0.457358926535,0.962359249592],"dvar":[0.144598767161,0.112951152027,0.110061131418,0.110617436469,0.137170478702,0.290799677372],"dvar2":[0.304745733738,0.235789507627,0.220817297697,0.200497150421,0.235808134079,0.674054563046],"max":[-5.29295682907,-4.52190685272,-4.86549139023,-5.78599071503,-5.58910799026,-9.17322826385],"mean":[-7.58532810211,-7.2519865036,-7.77287578583,-8.35565471649,-8.44461154938,-11.7822704315],"median":[-7.06557273865,-6.84820556641,-7.30728578568,-7.91824913025,-8.03593635559,-11.4226398468],"min":[-28.2171840668,-28.0799064636,-27.8682594299,-27.8267383575,-27.524930954,-27.41198349],"var":[6.51094818115,6.7139248848,6.39549303055,6.04425907135,5.9946513176,4.41266107559]},"spectral_decrease":{"dmean":2.8117863593e-9,"dmean2":4.2464711747e-9,"dvar":1.91792065516e-17,"dvar2":4.27515627191e-17,"max":1.65586087064e-8,"mean":-4.55863080617e-9,"median":-2.26716023732e-9,"min":-4.85922839744e-8,"var":3.98335408333e-17},"spectral_energy":{"dmean":0.0117999818176,"dmean2":0.017148969695,"dvar":0.000320453633321,"dvar2":0.000680617813487,"max":0.215244144201,"mean":0.0304422304034,"median":0.0214581508189,"min":9.85779812651e-21,"var":0.000889210787136},"spectral_energyband_high":{"dmean":0.000267483381322,"dmean2":0.000357530312613,"dvar":4.90000445552e-7,"dvar2":9.24183666484e-7,"max":0.0325923450291,"mean":0.000447252212325,"median":0.000112296329462,"min":6.62065830323e-21,"var":0.000001033727699},"spectral_energyband_low":{"dmean":0.00696291262284,"dmean2":0.010807113722,"dvar":0.000197851462872,"dvar2":0.000458691734821,"max":0.172785639763,"mean":0.0100464057177,"median":0.00481320312247,"min":1.09410873923e-23,"var":0.000253557460383},"spectral_energyband_middle_high":{"dmean":0.00176377373282,"dmean2":0.00258833752014,"dvar":0.0000159967530635,"dvar2":0.0000361910897482,"max":0.089471898973,"mean":0.00404485873878,"median":0.00130796572194,"min":1.08770777038e-21,"var":0.0000657130294712},"spectral_energyband_middle_low":{"dmean":0.00473471451551,"dmean2":0.00725032528862,"dvar":0.0000602147301834,"dvar2":0.000136399656185,"max":0.119659364223,"mean":0.0103604206815,"median":0.00499062985182,"min":1.68278003388e-22,"var":0.000195427754079},"spectral_entropy":{"dmean":0.206947922707,"dmean2":0.303684979677,"dvar":0.0371191911399,"dvar2":0.0757755190134,"max":9.83354663849,"mean":7.37511920929,"median":7.3684296608,"min":5.83027887344,"var":0.247642725706},"spectral_flux":{"dmean":0.0254937056452,"dmean2":0.0395789369941,"dvar":0.000968292821199,"dvar2":0.00216263439506,"max":0.387300282717,"mean":0.0889353975654,"median":0.07994620502,"min":6.3660646199e-11,"var":0.00331204640679},"spectral_kurtosis":{"dmean":4.32874059677,"dmean2":6.56157636642,"dvar":20.5847949982,"dvar2":48.7030258179,"max":75.3574447632,"mean":18.1049995422,"median":16.9169387817,"min":-1.29393362999,"var":61.4573631287},"spectral_rms":{"dmean":0.000937262375373,"dmean2":0.00130207207985,"dvar":0.00000126210875351,"dvar2":0.00000238825055021,"max":0.014491179958,"mean":0.00475291488692,"median":0.00457545369864,"min":3.10118749257e-12,"var":0.00000710952417649},"spectral_rolloff":{"dmean":3527.8659668,"dmean2":6756.09179688,"dvar":50311292,"dvar2":117873520,"max":22028.4667969,"mean":15303.9433594,"median":21404.0039062,"min":43.06640625,"var":86012536},"spectral_skewness":{"dmean":0.35211750865,"dmean2":0.518118441105,"dvar":0.125521108508,"dvar2":0.276496917009,"max":7.15615367889,"mean":2.84791469574,"median":2.81396865845,"min":-0.0805056840181,"var":0.589867889881},"spectral_spread":{"dmean":550845.375,"dmean2":830256.625,"dvar":543058952192,"dvar2":1209338822660,"max":49186868,"mean":4459841,"median":3891334,"min":1549237,"var":17564663021600},"spectral_strongpeak":{"dmean":8.04126358032,"dmean2":14.5075187683,"dvar":377.629211426,"dvar2":951.346496582,"max":192.51348877,"mean":7.39712667465,"median":0.329124689102,"min":0,"var":418.784179688},"zerocrossingrate":{"dmean":0.0511326231062,"dmean2":0.0627814903855,"dvar":0.00203792983666,"dvar2":0.00295132678002,"max":0.8642578125,"mean":0.322678297758,"median":0.31396484375,"min":0.03271484375,"var":0.0163794588298}},"metadata":{"audio_properties":{"analysis_sample_rate":44100,"bit_rate":192000,"codec":"mp3","downmix":"mix","equal_loudness":0,"length":185.495513916,"lossless":false,"md5_encoded":"0c6d312a84163bea0951564da3e1d58c","replay_gain":-7.01407623291,"sample_rate":44100},"tags":{"acoustid_id":["bfbfc8d5-eeb6-4c96-be7a-265b5282d1e5"],"album":["Moving Violation"],"albumartist":["The Jackson 5"],"albumartistsort":["Jackson 5, The"],"artist":["The Jackson 5"],"artistsort":["Jackson 5, The"],"date":["1975"],"discnumber":["1/1"],"encodedby":["WB"],"file_name":"09 Through Thick And Thin.mp3","genre":["R&B"],"musicbrainz album release country":["US"],"musicbrainz album status":["official"],"musicbrainz album type":["album"],"musicbrainz_albumartistid":["e5257dc5-1edd-4fca-b7e6-1158e00522c8"],"musicbrainz_albumid":["f4aaf68d-9154-4b82-b76a-e13093412036"],"musicbrainz_artistid":["e5257dc5-1edd-4fca-b7e6-1158e00522c8"],"musicbrainz_recordingid":["22a94b35-d265-494f-ad0a-5c18e3dea12d"],"musicbrainz_releasegroupid":["e0eabebf-f73d-3287-ab03-b4b99c8d8e68"],"originaldate":["1975"],"script":["Latn"],"title":["Through Thick and Thin"],"tracknumber":["10/10"]},"version":{"essentia":"2.1-beta1","essentia_build_sha":"ca57ba49d9b1854bd80e60cf9ccf267278fb7d6b","essentia_git_sha":"v2.1_beta1-28-g21ef5f4-dirty","extractor":"music 1.0"}},"rhythm":{"beats_count":293,"beats_loudness":{"dmean":0.0367055498064,"dmean2":0.0680501759052,"dvar":0.000949144770857,"dvar2":0.00302889081649,"max":0.165815383196,"mean":0.0483149066567,"median":0.0466064549983,"min":0,"var":0.00119727151468},"beats_loudness_band_ratio":{"dmean":[0.252054095268,0.103606261313,0.10881588608,0.079241104424,0.0530405640602,0.16667316854],"dmean2":[0.439175128937,0.182183757424,0.195057734847,0.143052458763,0.101066693664,0.289570629597],"dvar":[0.0313806347549,0.0107166841626,0.018922958523,0.00865800213069,0.00258589908481,0.0145914210007],"dvar2":[0.08405890315