{"lowlevel":{"average_loudness":0.89376193285,"barkbands":{"dmean":[0.00441686902195,0.0159828122705,0.00561049673706,0.00173374870792,0.00165075028781,0.000729511899408,0.000449625425972,0.000415831396822,0.000517606851645,0.000615996599663,0.000629226735327,0.00102755613625,0.00165372283664,0.00121877889615,0.000992423039861,0.000397767231334,0.000245748204179,0.000250854849583,0.00016053346917,0.000117168325232,0.0000939511373872,0.000067025932367,0.0000316475779982,0.00000579337211093,0.00000358492206942,0.0000238910142798,0.000700074131601],"dmean2":[0.00730542186648,0.0258107427508,0.00906817149371,0.00282206037082,0.00270836194977,0.0011710341787,0.000746174890082,0.000672814145219,0.000860775471665,0.00103834120091,0.00105527217966,0.00172503793146,0.00275153387338,0.00203126808628,0.00165656825993,0.000664686027449,0.000403263431508,0.000405664177379,0.000245729723247,0.000177317357156,0.000134954665555,0.0000951995680225,0.0000437925627921,0.0000091155170594,0.00000586405712966,0.0000327621710312,0.00106243113987],"dvar":[0.000147769256728,0.000636626558844,0.0000528758791916,0.00000473795125799,0.00000627964254818,0.00000312542715619,0.000001342340056,0.00000184877410447,0.00000292408253699,8.67319613462e-7,0.00000130364549022,0.00000221451728066,0.00000431802845924,0.00000199750866159,0.00000143621116422,2.71543001418e-7,9.20463065768e-8,1.21765225458e-7,1.03483507985e-7,8.72617107461e-8,1.50276463273e-7,7.95815751076e-8,8.65526672555e-9,1.31905805723e-10,3.26141474938e-11,2.92742385888e-9,6.93454069278e-7],"dvar2":[0.000362235005014,0.00164001062512,0.000124296944705,0.0000113627902465,0.0000155704710778,0.00000749700438973,0.00000345017883774,0.00000420417791247,0.00000785511110735,0.00000229726629186,0.00000347906120624,0.00000621314666205,0.0000116452702059,0.00000549186052012,0.00000385982866646,7.30449414732e-7,2.44292891693e-7,3.16129074918e-7,2.43124958388e-7,1.9443866961e-7,2.91541454089e-7,1.67375148408e-7,1.73444671958e-8,3.14119064093e-10,7.97580543277e-11,6.00113869709e-9,0.00000168512030996],"max":[0.16286931932,0.324252188206,0.0917080417275,0.0344168916345,0.0933836996555,0.0607995279133,0.0355514250696,0.051393609494,0.102541655302,0.0177045203745,0.0332677736878,0.0392847843468,0.0790519937873,0.0316118746996,0.0307939909399,0.0104701351374,0.00459694396704,0.00851512700319,0.00757331680506,0.0104064121842,0.0169436000288,0.014184824191,0.00422006379813,0.000445040874183,0.0000930928435992,0.00184143427759,0.0265081934631],"mean":[0.00420599244535,0.0200883243233,0.00791761372238,0.00252642785199,0.00272932206281,0.00106234592386,0.000636986049358,0.000587672402617,0.000757372821681,0.00098171911668,0.00100817729253,0.00172022462357,0.00305044581182,0.00229315739125,0.00197851820849,0.000783011084422,0.000530803110451,0.000546341587324,0.000348436005879,0.000260804634308,0.000196589462576,0.000132228655275,0.00005589050852,0.0000081837115431,0.00000385422754334,0.0000434541070717,0.00260948739015],"median":[0.000617919664364,0.00865394435823,0.00411384413019,0.00150974676944,0.00170204462484,0.00052758253878,0.000288549257675,0.000197684887098,0.000356611853931,0.000640977930743,0.000570480537135,0.00120527134277,0.00253003346734,0.00190980790649,0.00166618416552,0.000585368718021,0.000413221103372,0.000390865112422,0.000121876655612,0.0000944073472056,0.0000689544176566,0.0000541777662875,0.0000250806915574,0.00000448573291578,0.00000164927303103,0.0000213282037294,0.00199984246865],"min":[7.66291279178e-24,1.098318811e-23,3.69310675919e-24,1.87258066187e-24,2.19616099223e-23,1.85200369848e-23,8.56373120326e-24,1.47707041646e-23,4.06713364004e-23,3.70278687136e-23,4.37046201769e-23,2.93539592008e-23,6.15055031615e-23,3.33883611086e-23,4.43664334556e-23,5.86487159684e-23,5.49059748699e-23,1.19698156553e-22,1.307360498e-22,2.25795316113e-22,3.24304681374e-22,4.49096872512e-22,4.73724226448e-22,6.7223227587e-22,1.0893942414e-21,1.47164942742e-21,2.12877253047e-21],"var":[0.000144718083902,0.000847866234835,0.000111204739369,0.00000955899849941,0.0000128880292323,0.00000505400021211,0.00000213318116948,0.0000034760626022,0.00000433711693404,0.00000145732576584,0.0000023088598482,0.00000372500699086,0.00000762833178669,0.0000037738127503,0.00000284255497718,5.67144297747e-7,2.27127102903e-7,3.06912284032e-7,3.1179260418e-7,2.29499747206e-7,3.50353644762e-7,1.45999678125e-7,1.52333985426e-8,1.7226904625e-10,3.6825858335e-11,5.49070655609e-9,0.0000052857267292]},"barkbands_crest":{"dmean":3.12524032593,"dmean2":5.03072166443,"dvar":7.8995513916,"dvar2":19.4851837158,"max":25.447221756,"mean":9.27598381042,"median":8.13559246063,"min":2.67878103256,"var":20.2090053558},"barkbands_flatness_db":{"dmean":0.0257911812514,"dmean2":0.039423815906,"dvar":0.000559439649805,"dvar2":0.00132340134587,"max":0.333287030458,"mean":0.121956124902,"median":0.11290050298,"min":0.0388949885964,"var":0.00182485533878},"barkbands_kurtosis":{"dmean":3.94721984863,"dmean2":6.04796361923,"dvar":81.6210784912,"dvar2":189.579376221,"max":231.695922852,"mean":4.36784553528,"median":0.989190876484,"min":-1.67923426628,"var":123.844726562},"barkbands_skewness":{"dmean":0.695265352726,"dmean2":1.03495061398,"dvar":0.598681867123,"dvar2":1.32143855095,"max":13.4751472473,"mean":1.60672283173,"median":1.23402512074,"min":-2.21804451942,"var":1.79351627827},"barkbands_spread":{"dmean":10.0496273041,"dmean2":15.5347099304,"dvar":74.4937591553,"dvar2":181.137161255,"max":108.087615967,"mean":42.0772705078,"median":41.546043396,"min":1.49256563187,"var":323.550537109},"dissonance":{"dmean":0.00903684087098,"dmean2":0.0156259927899,"dvar":0.00013420295727,"dvar2":0.000392439484131,"max":0.500000119209,"mean":0.487053334713,"median":0.490227133036,"min":0,"var":0.000144901161548},"dynamic_complexity":2.89872312546,"erbbands":{"dmean":[0.522632479668,3.47222876549,7.26069736481,5.38368940353,5.70490884781,5.42734527588,6.35469198227,6.05192708969,6.43465900421,6.72658252716,9.62118911743,11.5626745224,12.0790777206,24.978017807,23.6056442261,44.34425354,72.9796829224,48.4351768494,64.00440979,35.1878967285,15.5215969086,13.231716156,14.5335149765,8.29850482941,7.4138174057,5.48735189438,4.19076824188,3.53400993347,2.62686228752,1.58023560047,0.770841538906,0.226407513022,0.0610612668097,0.039903152734,0.0257000848651,0.0158537086099,0.0442051962018,0.0730995461345,0.0344687961042,0.0140274530277],"dmean2":[0.893474876881,5.52091026306,11.5091981888,8.58111000061,9.31694698334,9.08875179291,10.0557250977,9.85936164856,10.6591386795,11.077003479,15.5778903961,19.3352622986,20.0750865936,41.9389953613,39.2021179199,73.8595352173,121.165008545,79.2072525024,105.722702026,58.1315460205,25.399181366,21.4616336823,23.3855781555,12.8694486618,11.306142807,8.28214740753,6.13042259216,5.1080288887,3.78785824776,2.21114182472,1.05597019196,0.327240020037,0.099472001195,0.065334610641,0.0419642180204,0.0255253650248,0.0595114156604,0.0957637503743,0.0447842627764,0.0211657639593],"dvar":[1.36540389061,26.7592124939,100.727897644,46.1842651367,53.3725891113,79.4668197632,316.692382812,247.447601318,287.254638672,347.734039307,931.370788574,1556.70629883,414.630279541,1702.06359863,1910.45751953,3806.19946289,9693.50195312,2672.36816406,5939.61572266,1741.8951416,446.209228516,270.016815186,392.788513184,229.605163574,270.535614014,199.532196045,211.560195923,287.170013428,141.615646362,31.5678253174,4.76615428925,0.278441429138,0.0106952292845,0.00412726774812,0.00163910677657,0.000553944089916,0.00891884136945,0.0324924960732,0.00455876719207,0.000260259752395],"dvar2":[3.80418300629,63.1372871399,222.512298584,103.778190613,126.735404968,214.710205078,719.010437012,621.25390625,721.609741211,812.361083984,2285.92431641,4230.63867188,1082.64978027,4436.37890625,5089.95410156,10622.3388672,25928.8222656,7176.84619141,16365.7929688,4684.55273438,1175.0748291,710.005249023,1031.30249023,546.961547852,626.584472656,438.528686523,413.490386963,615.358276367,312.672698975,63.8652420044,9.8159828186,0.609284579754,0.0261525716633,0.0101074762642,0.00400444352999,0.00134595972486,0.0176574233919,0.0637013986707,0.00876850169152,0.000609604176134],"max":[15.0880327225,86.0925140381,144.102661133,117.844223022,174.859603882,261.083374023,718.702514648,600.352722168,464.30355835,781.395080566,1059.38232422,2341.64770508,550.704162598,1325.53979492,1633.38024902,1781.15197754,4272.65185547,816.465759277,1546.69238281,652.393615723,416.93258667,288.105102539,509.714813232,463.466217041,400.786224365,550.787414551,743.945678711,830.296386719,610.987854004,295.600982666,102.212081909,22.5186729431,2.50401234627,1.04067063332,0.664055943489,0.39142152667,3.5260117054,8.0200176239,2.10274767876,0.497289597988],"mean":[0.534031569958,4.53948783875,10.3277711868,8.80755710602,9.00458335876,8.21219921112,9.33068656921,8.48900508881,9.24001026154,9.92535114288,14.3526678085,17.0357627869,20.4028129578,41.0939712524,43.0594673157,80.4791946411,139.005462646,108.880393982,131.470367432,76.7758483887,35.4804916382,31.1699295044,32.9590263367,18.6547737122,16.635137558,12.3068027496,9.04479408264,7.04074907303,5.0874786377,2.99458885193,1.35331177711,0.370638757944,0.0709595754743,0.0428658276796,0.0281981676817,0.0203858539462,0.0836425349116,0.168251931667,0.121968589723,0.0654552951455],"median":[0.193285360932,1.95928645134,4.96336555481,5.6089720726,5.7803645134,4.8635725975,4.05583095551,4.28480958939,4.19660186768,4.12741279602,5.49723529816,8.17050075531,13.3277406693,25.9189891815,26.4165840149,59.8025894165,114.604133606,98.2173995972,111.85030365,65.675453186,27.2519111633,25.2722167969,25.21808815,7.76773500443,5.84376525879,4.4992609024,3.18192815781,2.47395730019,2.01376914978,1.34320652485,0.610669314861,0.190820589662,0.0343184284866,0.0182618927211,0.0125545281917,0.0114822564647,0.0414826050401,0.0829191729426,0.0538792051375,0.05519297719],"min":[3.63254417201e-22,2.46323763933e-21,2.96374996653e-21,6.37479906099e-21,2.38818416577e-20,9.39010778479e-20,1.25527217045e-19,2.12018178321e-19,2.57783858566e-19,2.99477690546e-19,6.01786510137e-19,8.5292143924e-19,1.1497491016e-18,1.18325922219e-18,1.75735927344e-18,1.28255294894e-18,3.10172670578e-18,1.47790219715e-18,1.66044245017e-18,4.13771086599e-18,3.92552993989e-18,3.76924698444e-18,6.51760461408e-18,6.88862572449e-18,7.43855152574e-18,8.86115742272e-18,1.08382067679e-17,1.15856107734e-17,1.40602423442e-17,1.38595650189e-17,1.32696032624e-17,1.35478875e-17,1.13673277359e-17,1.0954448805e-17,6.75894158883e-18,5.03488584762e-18,2.87932906513e-18,9.6176951566e-19,2.74608376183e-19,3.17265802491e-20],"var":[1.07947480679,46.0255012512,215.897018433,113.740379333,115.670288086,134.911453247,580.056335449,366.937866211,452.796234131,610.661499023,1740.23352051,2188.97680664,704.255310059,2885.25683594,3783.8190918,6915.51855469,17076.6113281,6113.41992188,11782.4169922,3842.99560547,1078.41320801,727.096069336,971.44342041,693.425537109,801.889770508,511.151031494,521.00592041,544.809020996,239.26914978,56.4987220764,8.17596721649,0.435402244329,0.0120980339125,0.00461922679096,0.00187340239063,0.000696408271324,0.0181627012789,0.0825306847692,0.0300431102514,0.00244579417631]},"erbbands_crest":{"dmean":2.16414475441,"dmean2":3.656676054,"dvar":3.5827832222,"dvar2":9.77474308014,"max":30.7752609253,"mean":8.16236019135,"median":7.7232208252,"min":2.28799986839,"var":6.92457389832},"erbbands_flatness_db":{"dmean":0.0184773504734,"dmean2":0.0280499346554,"dvar":0.00024076126283,"dvar2":0.000547448289581,"max":0.324653446674,"mean":0.151014998555,"median":0.149409040809,"min":0.0392004624009,"var":0.00107810902409},"erbbands_kurtosis":{"dmean":1.20766592026,"dmean2":1.92310154438,"dvar":1.56757712364,"dvar2":4.03034687042,"max":41.897151947,"mean":2.05371904373,"median":1.80724132061,"min":-1.68431985378,"var":4.19270658493},"erbbands_skewness":{"dmean":0.341939181089,"dmean2":0.536475300789,"dvar":0.0825339704752,"dvar2":0.196558609605,"max":3.08301401138,"mean":-0.692500472069,"median":-0.706570625305,"min":-3.08688950539,"var":0.280437231064},"erbbands_spread":{"dmean":5.99548387527,"dmean2":9.04371643066,"dvar":34.7561759949,"dvar2":72.0169448853,"max":118.703712463,"mean":23.683927536,"median":20.9878101349,"min":2.12747788429,"var":132.354858398},"gfcc":{"cov":[[12080.8271484,359.398529053,-567.938659668,152.71836853,203.160507202,-344.39175415,276.776245117,-279.355194092,104.184707642,-27.0199146271,-33.0145149231,-26.3320636749,-112.855682373],[359.398529053,671.503112793,31.0763568878,-199.004394531,139.863296509,63.5768089294,-69.0630264282,33.8322525024,36.7000656128,-31.8238658905,48.5520057678,-39.6634864807,50.0973739624],[-567.938659668,31.0763568878,315.163299561,77.4809494019,-60.5104446411,155.264053345,-83.7584075928,115.213157654,-21.0905437469,41.5428199768,-3.19995379448,-8.86251544952,12.939330101],[152.71836853,-199.004394531,77.4809494019,247.23828125,23.1034183502,-24.6109886169,100.258972168,-8.66354465485,-1.20102286339,26.9210681915,-17.3578090668,15.566696167,-30.8310947418],[203.160507202,139.863296509,-60.5104446411,23.1034183502,189.485336304,12.6471242905,43.7033691406,-19.5545692444,-7.15151596069,-31.6361579895,22.2156715393,-9.44246578217,21.8641395569],[-344.39175415,63.5768089294,155.264053345,-24.6109886169,12.6471242905,220.661682129,-73.9281005859,101.881370544,-24.8175048828,12.333612442,6.72560691833,-1.97629666328,32.0432662964],[276.776245117,-69.0630264282,-83.7584075928,100.258972168,43.7033691406,-73.9281005859,190.887695312,-52.8709411621,53.8353309631,1.9643497467,-15.0077848434,27.096906662,-37.6720924377],[-279.355194092,33.8322525024,115.213157654,-8.66354465485,-19.5545692444,101.881370544,-52.8709411621,159.163635254,5.71252346039,50.5522689819,18.9586658478,-32.7570495605,35.7957267761],[104.184707642,36.7000656128,-21.0905437469,-1.20102286339,-7.15151596069,-24.8175048828,53.8353309631,5.71252346039,101.831451416,30.7868366241,3.8436729908,16.8310394287,-41.4182777405],[-27.0199146271,-31.8238658905,41.5428199768,26.9210681915,-31.6361579895,12.333612442,1.9643497467,50.5522689819,30.7868366241,72.0860137939,23.679315567,-1.35451257229,5.13932132721],[-33.0145149231,48.5520057678,-3.19995379448,-17.3578090668,22.2156715393,6.72560691833,-15.0077848434,18.9586658478,3.8436729908,23.679315567,50.0055923462,12.8021841049,23.7178974152],[-26.3320636749,-39.6634864807,-8.86251544952,15.566696167,-9.44246578217,-1.97629666328,27.096906662,-32.7570495605,16.8310394287,-1.35451257229,12.8021841049,60.9474258423,-0.660605549812],[-112.855682373,50.0973739624,12.939330101,-30.8310947418,21.8641395569,32.0432662964,-37.6720924377,35.7957267761,-41.4182777405,5.13932132721,23.7178974152,-0.660605549812,84.03125]],"icov":[[0.000114472066343,-0.000327225308865,0.000583672954235,-0.000560809625313,0.000268192728981,-0.000166035330039,0.000161422227393,0.0000149825473272,0.000130286964122,-0.000242209294811,0.000242039444856,-0.0000538031563337,0.000122994679259],[-0.000327225308865,0.00586387654766,-0.00656232843176,0.00707835191861,-0.00499148061499,0.00175496179145,-0.00175626506098,0.00211402401328,-0.00491116289049,0.00347055960447,-0.00430342135951,0.00442052027211,-0.002769731218],[0.000583672954235,-0.00656232843176,0.0172946136445,-0.014395984821,0.00915876496583,-0.00774337910116,0.00618322007358,-0.00369130191393,0.00267461128533,-0.00203798781149,0.00362115399912,-0.00291399657726,0.00206333189271],[-0.000560809625313,0.00707835191861,-0.014395984821,0.0214092358947,-0.0123465461656,0.00785141810775,-0.0081162462011,-0.0000196912587853,0.00436283508316,-0.00656145391986,0.00332414079458,-0.00327113782987,0.00327470502816],[0.000268192728981,-0.00499148061499,0.00915876496583,-0.0123465461656,0.0179803073406,-0.00824315939099,-0.000513559614774,0.00257429969497,-0.00336061418056,0.0104712210596,-0.0116035211831,0.00903328880668,-0.00441678380594],[-0.000166035330039,0.00175496179145,-0.00774337910116,0.00785141810775,-0.00824315939099,0.0137566318735,-0.000229385055718,-0.00708654103801,0.00505583221093,-0.00364824174903,0.0070772850886,-0.0095273014158,0.00326134427451],[0.000161422227393,-0.00175626506098,0.00618322007358,-0.0081162462011,-0.000513559614774,-0.000229385055718,0.0136586660519,-0.000721898453776,-0.00464310729876,-0.00147179397754,0.00629800232127,-0.00472236564383,-0.0000274666381301],[0.0000149825473272,0.00211402401328,-0.00369130191393,-0.0000196912587853,0.00257429969497,-0.00708654103801,-0.000721898453776,0.0205213613808,-0.0102258427069,-0.000604872475378,-0.00897605810314,0.0169570222497,-0.0100483419374],[0.000130286964122,-0.00491116289049,0.00267461128533,0.00436283508316,-0.00336061418056,0.00505583221093,-0.00464310729876,-0.0102258427069,0.0327502861619,-0.0202867798507,0.0128966029733,-0.0196506399661,0.0191012248397],[-0.000242209294811,0.00347055960447,-0.00203798781149,-0.00656145391986,0.0104712210596,-0.00364824174903,-0.00147179397754,-0.000604872475378,-0.0202867798507,0.0439561344683,-0.0291661638767,0.0179581418633,-0.0105376085266],[0.000242039444856,-0.00430342135951,0.00362115399912,0.00332414079458,-0.0116035211831,0.0070772850886,0.00629800232127,-0.00897605810314,0.0128966029733,-0.0291661638767,0.0535294674337,-0.0276286248118,0.00333463679999],[-0.0000538031563337,0.00442052027211,-0.00291399657726,-0.00327113782987,0.00903328880668,-0.0095273014158,-0.00472236564383,0.0169570222497,-0.0196506399661,0.0179581418633,-0.0276286248118,0.0434525385499,-0.0141611136496],[0.000122994679259,-0.002769731218,0.00206333189271,0.00327470502816,-0.00441678380594,0.00326134427451,-0.0000274666381301,-0.0100483419374,0.0191012248397,-0.0105376085266,0.00333463679999,-0.0141611136496,0.0277809761465]],"mean":[28.6674518585,85.248046875,-104.393783569,-0.516493022442,14.159280777,-5.09364461899,6.4955868721,-30.7015171051,1.71538257599,-10.36764431,-6.90251350403,-2.38548827171,-13.7206659317]},"hfc":{"dmean":80.4126586914,"dmean2":124.434654236,"dvar":12011.7548828,"dvar2":27439.4863281,"max":2542.90551758,"mean":296.442749023,"median":260.340393066,"min":1.13583558041e-16,"var":40551.0117188},"melbands":{"dmean":[0.00458886567503,0.00406341347843,0.000892112962902,0.000391398731153,0.000217325112317,0.000134044836159,0.0000956390867941,0.0000773654755903,0.0000844028982101,0.0000721748292563,0.0000632646551821,0.000103525686427,0.0000853576493682,0.0000879967701621,0.000155008543516,0.000174004817382,0.000095570438134,0.000120970798889,0.0000708124498487,0.0000363490071322,0.0000176929988811,0.000013981801203,0.0000182101412065,0.0000103997208498,0.0000071462318374,0.00000678711285218,0.00000487945362693,0.00000373884131477,0.00000294351275443,0.00000249145386988,0.00000201006446332,0.00000167582754784,0.00000120715071716,8.22226922992e-7,5.0586800171e-7,2.71921436479e-7,8.74024550512e-8,4.25502122425e-8,3.64773917738e-8,3.26383116089e-8],"dmean2":[0.00758219975978,0.00634889071807,0.00142407696694,0.000645909691229,0.000347491848515,0.000217018343392,0.000157737435075,0.000126733764773,0.000138060655445,0.000120303579024,0.000105427534436,0.000174219705514,0.000142712175148,0.000147092549014,0.000258924905211,0.000291273463517,0.000158287686645,0.000201376795303,0.00011804591486,0.0000608952905168,0.000029233731766,0.0000230293098866,0.0000298177510558,0.0000167412545125,0.0000113248133857,0.0000105473745862,0.00000765575168771,0.0000057591651057,0.00000449003300673,0.00000369633175978,0.00000296434541269,0.0000024926741844,0.00000175159550508,0.00000118317336728,7.16721160643e-7,3.83850988328e-7,1.36228422321e-7,6.97362523283e-8,5.97952407588e-8,5.3435421421e-8],"dvar":[0.0000729243620299,0.0000328569512931,0.00000115268335321,2.74751414509e-7,3.27975783421e-7,1.12730774049e-7,6.1698287368e-8,5.2672866957e-8,7.5690749668e-8,5.38604112421e-8,1.11298961158e-8,2.87182100323e-8,2.43452422666e-8,1.93640605772e-8,4.66197143112e-8,4.58644215939e-8,1.11295292982e-8,2.17898215027e-8,7.45813544256e-9,2.22277529716e-9,6.08292305415e-10,3.13983283817e-10,5.46880207786e-10,2.4376192731e-10,1.82199338949e-10,2.03458971892e-10,1.36644515147e-10,1.00942067205e-10,9.23050455515e-11,9.86576167983e-11,9.87602777336e-11,5.60856604215e-11,2.25181470692e-11,7.2584204272e-12,2.22864305136e-12,4.04868738361e-13,4.59889660804e-14,5.79265207375e-15,3.50658892317e-15,2.75042080006e-15],"dvar2":[0.00019809686637,0.0000710519889253,0.00000263001970779,7.06767934844e-7,7.56971530791e-7,2.79293487893e-7,1.54788466489e-7,1.18278357775e-7,1.92065016336e-7,1.46129863765e-7,2.91763662119e-8,7.50327089349e-8,6.47178808322e-8,5.5512110464e-8,1.23853126865e-7,1.23145198927e-7,3.02379987716e-8,6.04868901632e-8,1.99693310776e-8,6.07852346235e-9,1.61693891609e-9,8.42051151029e-10,1.48477441453e-9,6.35197838772e-10,4.52375692461e-10,5.00784136381e-10,3.26997873223e-10,2.33233043989e-10,2.03282279898e-10,1.90069876504e-10,2.18556381326e-10,1.27404628514e-10,4.68498122241e-11,1.4852346783e-11,4.73473343865e-12,8.57859790149e-13,1.08455115006e-13,1.42548513005e-14,8.59831615087e-15,6.73271253202e-15],"max":[0.104914776981,0.0906627252698,0.0169609058648,0.00915291067213,0.0259021781385,0.0126595562324,0.00687165558338,0.010611125268,0.0113381883129,0.0126140043139,0.00263816257939,0.0050706663169,0.0047885379754,0.00409226305783,0.0070657026954,0.00661666272208,0.0017956342781,0.00259812688455,0.00192463921849,0.0011062376434,0.000499757938087,0.000262383051449,0.000441608543042,0.000355627707904,0.000405681756092,0.000317595753586,0.000392914691474,0.000426194048487,0.000468017620733,0.000450085150078,0.000506323936861,0.00035160544212,0.000270422780886,0.000132713612402,0.0000685814593453,0.0000229590950767,0.00000850071955938,0.00000217609044739,9.52015682287e-7,8.5028182184e-7],"mean":[0.00539212115109,0.00592597946525,0.00157824030612,0.000634844298474,0.000329265283654,0.000192505292944,0.00013839249732,0.000112078472739,0.000123532154248,0.00010449095862,0.000101954829006,0.000164887300343,0.000142402655911,0.000154258843395,0.000277044920949,0.000304490415147,0.00019027396047,0.000227741824347,0.000138748873724,0.0000693503534421,0.0000354762487405,0.0000292913027806,0.0000380527380912,0.0000217858887481,0.000014131759599,0.0000137710330819,0.00000995535265247,0.00000768686095398,0.00000582399434279,0.00000481836104882,0.00000374727846975,0.00000304679315377,0.00000219751723307,0.00000144682360315,8.45288582241e-7,4.49554846682e-7,1.23167254173e-7,4.39236949035e-8,3.82538765109e-8,3.47240280973e-8],"median":[0.00222113495693,0.00285482592881,0.00107881939039,0.000405915925512,0.000156272493768,0.0000979897013167,0.0000633881427348,0.0000424902245868,0.0000486265489599,0.0000497973996971,0.0000651111549814,0.000103025224234,0.0000808086697361,0.000106518251414,0.000211252554436,0.000246379786404,0.000164565382875,0.000186234610737,0.000114964415843,0.0000542205270904,0.0000252566878771,0.0000225276962738,0.0000304064960801,0.0000144020104926,0.00000522421760252,0.00000460052251583,0.00000340927408615,0.00000279819732896,0.00000207001335184,0.00000156811984198,0.00000132383127038,0.00000114028989628,9.41223163409e-7,6.43243481591e-7,3.68304000631e-7,2.1095154068e-7,6.50279829983e-8,1.73602554554e-8,1.56829589315e-8,1.45701770649e-8],"min":[4.05391872104e-24,2.2530979747e-24,1.63359653254e-24,5.40304205178e-24,4.94152489564e-24,5.26776305616e-24,3.44730677303e-24,3.37313846515e-24,4.68091207383e-24,4.74890872841e-24,5.62902111884e-24,4.4949002501e-24,6.54845546439e-24,1.93585637837e-24,4.55145566054e-24,6.30969369522e-24,2.23741265889e-24,2.41174322755e-24,4.27109015609e-24,5.7003357224e-24,3.8095982435e-24,3.33795487435e-24,6.12830144095e-24,5.01558394628e-24,5.25698918835e-24,5.11731268761e-24,6.99431767587e-24,5.40968781048e-24,5.14951280647e-24,8.33331282145e-24,5.89975068734e-24,6.20552145724e-24,7.93762965772e-24,6.36976781973e-24,7.80103286996e-24,7.57436631062e-24,7.57597164256e-24,7.60006818777e-24,7.54497887531e-24,8.64040690552e-24],"var":[0.0000713404515409,0.0000712498294888,0.0000028877452678,5.76783691031e-7,6.06171909112e-7,1.74512877038e-7,1.00064994513e-7,9.57228536436e-8,1.29314472019e-7,7.59010987395e-8,1.83800246134e-8,4.77181281155e-8,4.54092621283e-8,3.5518997521e-8,8.07675490933e-8,7.68167893739e-8,2.21754845597e-8,3.96572943373e-8,1.45125991224e-8,4.19261558804e-9,1.30765775985e-9,7.21031956363e-10,1.18899057266e-9,5.7277593779e-10,4.66129468357e-10,5.39227551499e-10,3.39665989779e-10,2.14692638667e-10,1.90882643025e-10,2.39946340574e-10,1.6582314688e-10,9.21731649339e-11,3.75912113937e-11,1.25879836069e-11,3.52489240053e-12,6.85132235233e-13,5.59768194525e-14,6.08934103363e-15,3.88252967374e-15,3.07965445985e-15]},"melbands_crest":{"dmean":4.71710968018,"dmean2":7.64930534363,"dvar":17.2147750854,"dvar2":44.0730018616,"max":36.4342155457,"mean":15.8271446228,"median":15.3055238724,"min":1.0001090765,"var":38.448890686},"melbands_flatness_db":{"dmean":0.0368335954845,"dmean2":0.0558932088315,"dvar":0.000967897649389,"dvar2":0.00231453520246,"max":0.498775750399,"mean":0.228051677346,"median":0.219549104571,"min":-5.78117635541e-7,"var":0.0039764624089},"melbands_kurtosis":{"dmean":7.76290988922,"dmean2":11.8440198898,"dvar":208.287033081,"dvar2":460.216247559,"max":417.561798096,"mean":9.20634651184,"median":2.59690499306,"min":-1.8504935503,"var":398.426574707},"melbands_skewness":{"dmean":1.02102386951,"dmean2":1.53889524937,"dvar":0.953651964664,"dvar2":2.17229890823,"max":15.6875867844,"mean":2.34046387672,"median":1.87734413147,"min":-1.2139005661,"var":3.24181723595},"melbands_spread":{"dmean":9.63920402527,"dmean2":14.9595737457,"dvar":80.9640579224,"dvar2":192.499847412,"max":161.433319092,"mean":29.5812416077,"median":29.0027580261,"min":0.634314656258,"var":281.047088623},"mfcc":{"cov":[[7914.21728516,669.441894531,-756.906860352,623.778625488,-332.51574707,365.473419189,-137.913208008,103.928916931,-103.329330444,106.837226868,-27.3621082306,-44.0483856201,21.582452774],[669.441894531,935.34753418,-124.289787292,-164.446151733,174.445053101,26.9622020721,2.48600387573,19.1057739258,19.5728588104,-32.6719169617,28.3831748962,25.7172260284,-18.7194480896],[-756.906860352,-124.289787292,467.655975342,-125.641143799,110.128105164,-62.9488677979,34.3257751465,-13.5331811905,50.1583747864,20.3362617493,29.8428173065,25.0897026062,12.4939899445],[623.778625488,-164.446151733,-125.641143799,369.124755859,-139.198852539,94.6654968262,-6.3544421196,31.2649059296,-23.4988059998,47.3617248535,-6.18761014938,-17.1996459961,18.5815944672],[-332.51574707,174.445053101,110.128105164,-139.198852539,253.552108765,-36.4067153931,91.3551177979,-16.191204071,41.6834983826,-42.9067764282,20.5631084442,16.7270565033,-14.1181468964],[365.473419189,26.9622020721,-62.9488677979,94.6654968262,-36.4067153931,155.851119995,-6.28731107712,66.3193893433,-24.4315681458,14.0118236542,-20.7431602478,-3.21814966202,3.3725669384],[-137.913208008,2.48600387573,34.3257751465,-6.3544421196,91.3551177979,-6.28731107712,131.493988037,-6.10238933563,45.9466056824,-25.2021102905,3.09496307373,-5.41475105286,2.74279785156],[103.928916931,19.1057739258,-13.5331811905,31.2649059296,-16.191204071,66.3193893433,-6.10238933563,86.9591140747,1.83846414089,23.2050323486,-2.60191440582,4.52570772171,0.287137955427],[-103.329330444,19.5728588104,50.1583747864,-23.4988059998,41.6834983826,-24.4315681458,45.9466056824,1.83846414089,75.9194946289,19.2622928619,24.7635478973,10.238866806,6.24019193649],[106.837226868,-32.6719169617,20.3362617493,47.3617248535,-42.9067764282,14.0118236542,-25.2021102905,23.2050323486,19.2622928619,75.0337677002,31.2597026825,17.8205451965,13.753367424],[-27.3621082306,28.3831748962,29.8428173065,-6.18761014938,20.5631084442,-20.7431602478,3.09496307373,-2.60191440582,24.7635478973,31.2597026825,61.0092811584,31.5268707275,8.75174045563],[-44.0483856201,25.7172260284,25.0897026062,-17.1996459961,16.7270565033,-3.21814966202,-5.41475105286,4.52570772171,10.238866806,17.8205451965,31.5268707275,48.6922988892,16.6913700104],[21.582452774,-18.7194480896,12.4939899445,18.5815944672,-14.1181468964,3.3725669384,2.74279785156,0.287137955427,6.24019193649,13.753367424,8.75174045563,16.6913700104,42.557472229]],"icov":[[0.000192642619368,-0.000188270394574,0.000145930942381,-0.000237697007833,0.0000951220499701,-0.00023691613751,0.0000465857701784,0.00017045509594,0.0000177971269295,-0.00021451205248,0.00000585686848353,0.000149299637997,-0.0000664351682644],[-0.000188270394574,0.00181703956332,0.000719462521374,0.000855716469232,-0.00152195093688,-0.000575518934056,0.00104002491571,-0.00031771583599,-0.000745668949094,0.000611841795035,-0.000947022752371,0.0000168318310898,-0.000114535367175],[0.000145930942381,0.000719462521374,0.00334283849224,0.000790092744865,-0.0017306022346,0.0000857341656229,0.000427939608926,0.0000693710826454,-0.000727909849957,-0.00188197090756,0.000153495901031,0.0000444235593022,-0.00102691724896],[-0.000237697007833,0.000855716469232,0.000790092744865,0.00529654324055,0.00146467227023,-0.0022266691085,-0.00206894543953,0.00061348604504,0.00124209665228,-0.00239190692082,-0.00155242590699,0.00184546562377,-0.00106974120717],[0.0000951220499701,-0.00152195093688,-0.0017306022346,0.00146467227023,0.00976257119328,-0.000320328545058,-0.00560544990003,0.000251249555731,-0.0000102689473351,0.00338566675782,-0.00218387902714,-0.00262952735648,0.00316227134317],[-0.00023691613751,-0.000575518934056,0.0000857341656229,-0.0022266691085,-0.000320328545058,0.0132784880698,-0.00181423849426,-0.00850264821202,0.00404773047194,-0.00153571215924,0.00465505337343,-0.00236632674932,-0.000296628684737],[0.0000465857701784,0.00104002491571,0.000427939608926,-0.00206894543953,-0.00560544990003,-0.00181423849426,0.0164124127477,0.0000911021998036,-0.0101284589618,0.00714938994497,-0.00147032993846,0.00386346341111,-0.00360087957233],[0.00017045509594,-0.00031771583599,0.0000693710826454,0.00061348604504,0.000251249555731,-0.00850264821202,0.0000911021998036,0.0193552877754,-0.00230302941054,-0.00543609727174,0.00243616616353,-0.00187206966802,0.00243401550688],[0.0000177971269295,-0.000745668949094,-0.000727909849957,0.00124209665228,-0.0000102689473351,0.00404773047194,-0.0101284589618,-0.00230302941054,0.0251114666462,-0.00969726685435,-0.00303602893837,0.00104102049954,-0.000653673429042],[-0.00021451205248,0.000611841795035,-0.00188197090756,-0.00239190692082,0.00338566675782,-0.00153571215924,0.00714938994497,-0.00543609727174,-0.00969726685435,0.0308480206877,-0.0134776588529,0.000162424024893,-0.00304382387549],[0.00000585686848353,-0.000947022752371,0.000153495901031,-0.00155242590699,-0.00218387902714,0.00465505337343,-0.00147032993846,0.00243616616353,-0.00303602893837,-0.0134776588529,0.0363780744374,-0.0187662281096,0.00387822207995],[0.000149299637997,0.0000168318310898,0.0000444235593022,0.00184546562377,-0.00262952735648,-0.00236632674932,0.00386346341111,-0.00187206966802,0.00104102049954,0.000162424024893,-0.0187662281096,0.0391452983022,-0.0135073354468],[-0.0000664351682644,-0.000114535367175,-0.00102691724896,-0.00106974120717,0.00316227134317,-0.000296628684737,-0.00360087957233,0.00243401550688,-0.000653673429042,-0.00304382387549,0.00387822207995,-0.0135073354468,0.0311173927039]],"mean":[-633.53137207,153.471313477,-42.9089508057,29.2845935822,11.2413787842,40.8820114136,3.41687178612,12.022813797,-2.41438484192,5.13794088364,4.27232599258,-0.23065713048,-1.56824696064]},"pitch_salience":{"dmean":0.0918776243925,"dmean2":0.145953774452,"dvar":0.00669668894261,"dvar2":0.0167252179235,"max":0.996097505093,"mean":0.557871758938,"median":0.586990237236,"min":0.104379586875,"var":0.0170692801476},"silence_rate_20dB":{"dmean":0,"dmean2":0,"dvar":0,"dvar2":0,"max":1,"mean":1,"median":1,"min":1,"var":0},"silence_rate_30dB":{"dmean":0.129304289818,"dmean2":0.258631289005,"dvar":0.112584687769,"dvar2":0.231449484825,"max":1,"mean":0.838120341301,"median":1,"min":0,"var":0.135674640536},"silence_rate_60dB":{"dmean":0.00404075905681,"dmean2":0.00808222778141,"dvar":0.00402443110943,"dvar2":0.00907110888511,"max":1,"mean":0.0516469031572,"median":0,"min":0,"var":0.0489795021713},"spectral_centroid":{"dmean":213.305770874,"dmean2":305.039581299,"dvar":41407.515625,"dvar2":78846.734375,"max":11494.2460938,"mean":1437.64953613,"median":1377.56481934,"min":160.297119141,"var":357031.0625},"spectral_complexity":{"dmean":3.78039360046,"dmean2":5.52806806564,"dvar":11.3396854401,"dvar2":21.7345848083,"max":63,"mean":30.1372852325,"median":30,"min":0,"var":133.943649292},"spectral_contrast_coeffs":{"dmean":[0.0554402135313,0.0453097447753,0.0357918664813,0.0285634230822,0.0213084705174,0.0474067591131],"dmean2":[0.091847717762,0.0763725116849,0.0606243163347,0.0486562810838,0.0346894972026,0.0722422525287],"dvar":[0.00182818749454,0.00127216067631,0.000786937889643,0.000466886442155,0.000321258790791,0.00160307658371],"dvar2":[0.00506038032472,0.0035398460459,0.00225154007785,0.00134382338729,0.000797635060735,0.00368781317957],"max":[-0.385215252638,-0.503137052059,-0.602944195271,-0.636176347733,-0.639987647533,-0.380189806223],"mean":[-0.676029801369,-0.797289192677,-0.81288176775,-0.794633984566,-0.795595645905,-0.703543484211],"median":[-0.676264166832,-0.802956163883,-0.817255616188,-0.79382199049,-0.795909047127,-0.705218493938],"min":[-0.966751515865,-0.997805714607,-0.998312413692,-0.98588347435,-0.986684322357,-0.9625608325],"var":[0.00505833188072,0.00312106730416,0.0021220871713,0.00129629683215,0.00128756964114,0.00738860946149]},"spectral_contrast_valleys":{"dmean":[0.413177937269,0.368204563856,0.285525202751,0.235401749611,0.224503725767,0.609938561916],"dmean2":[0.684671998024,0.605960488319,0.461391896009,0.365401148796,0.323928058147,0.973194003105],"dvar":[0.115256890655,0.0947944074869,0.0620183683932,0.0492182970047,0.0596751086414,0.277772724628],"dvar2":[0.287666618824,0.232917055488,0.140005469322,0.0976014211774,0.104927383363,0.677033364773],"max":[-4.98515701294,-4.86937427521,-5.31138134003,-5.16880226135,-5.23261117935,-8.81055831909],"mean":[-6.66512060165,-6.72262239456,-6.66801929474,-6.42654800415,-7.28983020782,-11.0340890884],"median":[-6.46274280548,-6.54825925827,-6.45215272903,-6.14979314804,-7.12560987473,-10.8818378448],"min":[-28.2720813751,-27.655128479,-27.6784152985,-27.4956302643,-27.3875579834,-27.3644485474],"var":[1.52956104279,1.44520699978,1.37926757336,1.46009945869,1.54923129082,1.30162286758]},"spectral_decrease":{"dmean":6.48920517321e-9,"dmean2":1.02214858799e-8,"dvar":8.27988007005e-17,"dvar2":2.06799586826e-16,"max":2.29041354771e-8,"mean":-1.06332205263e-8,"median":-7.24307902544e-9,"min":-9.90134196854e-8,"var":1.24018434851e-16},"spectral_energy":{"dmean":0.0244939941913,"dmean2":0.0384720750153,"dvar":0.00114232674241,"dvar2":0.00283951475285,"max":0.397569328547,"mean":0.0670204758644,"median":0.0568071864545,"min":1.01924387285e-20,"var":0.00216353801079},"spectral_energyband_high":{"dmean":0.000530362187419,"dmean2":0.000687565363478,"dvar":0.000001258515681,"dvar2":0.00000225639905693,"max":0.040093164891,"mean":0.00187732605264,"median":0.00104161154013,"min":7.10072840448e-21,"var":0.0000061338218984},"spectral_energyband_low":{"dmean":0.0220835134387,"dmean2":0.0352451466024,"dvar":0.00106969568878,"dvar2":0.00270413188264,"max":0.3805783391,"mean":0.0322853215039,"median":0.0170260891318,"min":2.05527374777e-23,"var":0.00161041284446},"spectral_energyband_middle_high":{"dmean":0.00364001560956,"dmean2":0.0055480110459,"dvar":0.0000147098990055,"dvar2":0.0000375050694856,"max":0.088800907135,"mean":0.0133100058883,"median":0.0130030186847,"min":1.02875226956e-21,"var":0.0000691800596542},"spectral_energyband_middle_low":{"dmean":0.00363229238428,"dmean2":0.00579558219761,"dvar":0.0000214531155507,"dvar2":0.000051653587434,"max":0.111032880843,"mean":0.00846024695784,"median":0.00644125090912,"min":2.05686077814e-22,"var":0.0000581309250265},"spectral_entropy":{"dmean":0.106502994895,"dmean2":0.154945552349,"dvar":0.00958272814751,"dvar2":0.0202193595469,"max":9.80618000031,"mean":7.67272233963,"median":7.70144748688,"min":6.33734416962,"var":0.0639298930764},"spectral_flux":{"dmean":0.0345941819251,"dmean2":0.0571569465101,"dvar":0.00178299937397,"dvar2":0.00423070508987,"max":0.521818161011,"mean":0.146525293589,"median":0.141571909189,"min":6.38464003888e-11,"var":0.00401218468323},"spectral_kurtosis":{"dmean":4.1919708252,"dmean2":6.23927259445,"dvar":21.9103031158,"dvar2":48.6036071777,"max":76.8455505371,"mean":21.9897251129,"median":20.4865989685,"min":-1.24390494823,"var":75.8362045288},"spectral_rms":{"dmean":0.00132678844966,"dmean2":0.00204888428561,"dvar":0.00000226841143558,"dvar2":0.00000547513582205,"max":0.0196944791824,"mean":0.00756467785686,"median":0.00744457123801,"min":3.15338597248e-12,"var":0.00000816147621663},"spectral_rolloff":{"dmean":5030.61328125,"dmean2":9521.97949219,"dvar":59267004,"dvar2":127397032,"max":22050,"mean":15560.0585938,"median":20521.1425781,"min":64.599609375,"var":74834904},"spectral_skewness":{"dmean":0.303036093712,"dmean2":0.441644400358,"dvar":0.0895041674376,"dvar2":0.186608463526,"max":6.40561723709,"mean":3.17158579826,"median":3.0787730217,"min":-0.0633630156517,"var":0.489126175642},"spectral_spread":{"dmean":382253.78125,"dmean2":582213.5,"dvar":208459628544,"dvar2":437663989760,"max":41715516,"mean":3784823.25,"median":3700407,"min":1654842.625,"var":1671120551940},"spectral_strongpeak":{"dmean":7.15595293045,"dmean2":13.1127309799,"dvar":526.466064453,"dvar2":1341.05908203,"max":300.904663086,"mean":5.77197599411,"median":0.373673766851,"min":0,"var":493.475891113},"zerocrossingrate":{"dmean":0.0463313870132,"dmean2":0.0567563995719,"dvar":0.00149206374772,"dvar2":0.00225954782218,"max":0.763671875,"mean":0.29872149229,"median":0.2978515625,"min":0.0361328125,"var":0.00810269732028}},"metadata":{"audio_properties":{"analysis_sample_rate":44100,"bit_rate":160000,"codec":"mp3","downmix":"mix","equal_loudness":0,"length":264.333068848,"lossless":false,"md5_encoded":"3b24c98fc9814ca57f5a64528a924ea3","replay_gain":2.85577583313,"sample_rate":44100},"tags":{"acoustid_id":["e3f60f58-ce91-4342-a6c4-ae045e92a160"],"album":["Ride the Lightning"],"albumartist":["Metallica"],"artist":["Metallica"],"date":["1984"],"discnumber":["1/1"],"file_name":"06 - Metallica - Escape.mp3","musicbrainz_albumartistid":["65f4f0c5-ef9e-490c-aee3-909e7ae6b2ab"],"musicbrainz_albumid":["51eb10e0-2b9e-3906-a8f1-db74b346cba5"],"musicbrainz_artistid":["65f4f0c5-ef9e-490c-aee3-909e7ae6b2ab"],"musicbrainz_recordingid":["22b7b02e-b265-47f8-9ce6-cbb3dc04c664"],"musicbrainz_releasegroupid":["0da580f2-6768-498f-af9d-2becaddf15e0"],"replaygain_album_gain":["+0.29 dB"],"replaygain_album_peak":["0.617100"],"replaygain_track_gain":["+0.89 dB"],"replaygain_track_peak":["0.456803"],"title":["Escape"],"tracknumber":["6/8"]},"version":{"essentia":"2.1-beta1","essentia_build_sha":"e76a03f03bb3900de42a1fa0d9be1e72f12def64","essentia_git_sha":"v2.1_beta1-28-g21ef5f4-dirty","extractor":"music 1.0"}},"rhythm":{"beats_count":635,"beats_loudness":{"dmean":0.0318121537566,"dmean2":0.0557702481747,"dvar":0.000900755519979,"dvar2":0.00265797553584,"max":0.263559281826,"mean":0.0769862085581,"median":0.0749092847109,"min":4.88171529867e-8,"var":0.00155743979849},"beats_loudness_band_ratio":{"dmean":[0.180178672075,0.0434909425676,0.0249144881964,0.0612868890166,0.0493285208941,0.084341391921],"dmean2":[0.311378031969,0.077237688005,0.04231980443,0.105188064277,0.0855825096369,0.146395683289],"dvar":[0.0185436774045,0.00278199394234,0.00143292243592,0.00324406428263,0.00164041644894,0.00477951718494],"dvar2":[0.0530089661479,0.00806596968323,0.00413544336334,0.00966607686132,0.00482284929603,0.0139839844778],"max":[0.90752851963,0.546390533447,0.39277535677,0.529902875423,0.351726949215,0.567813158035],"mean":[0.529713690281,0.0540583208203,0.0351659506559,0.120172910392,0.09343545