{"lowlevel":{"average_loudness":0.821511089802,"barkbands":{"dmean":[0.00561463274062,0.0131374429911,0.00252618989907,0.00160647160374,0.00192903971765,0.00183657102752,0.000867164286319,0.000758886046242,0.000829172728118,0.000888975220732,0.000551651697606,0.000654034025501,0.000425695092417,0.000258935324382,0.000379171775421,0.000172733940417,0.000085508239863,0.0000629478308838,0.0000519454188179,0.0000416757829953,0.0000306129695673,0.0000139840085467,0.00000814111990621,0.00000740086534279,0.00000303077763419,0.000029703905966,0.000280782667687],"dmean2":[0.00939520914108,0.0225037112832,0.00435596471652,0.00265747960657,0.00313100614585,0.00287906243466,0.00140051613562,0.00116993638221,0.00132343440782,0.00141703884583,0.000890929426532,0.00107233878225,0.000705300422851,0.000437932671048,0.000622391584329,0.000280641223071,0.000138599338243,0.0000996271264739,0.0000790812628111,0.0000617736150161,0.0000446185003966,0.0000204732150451,0.0000117480358313,0.0000107124624265,0.00000495434233017,0.0000389664164686,0.000414859852754],"dvar":[0.000165754681802,0.000613756943494,0.0000137308788908,0.0000059230574152,0.0000120052818602,0.0000130183771034,0.00000336472089657,0.00000690103843226,0.00000421200502387,0.00000493636116516,0.00000293206630886,0.0000021851353722,7.29601140392e-7,2.45394858212e-7,6.2354382635e-7,1.58392026606e-7,2.3844444641e-8,1.87716047151e-8,1.70675935607e-8,1.2015577866e-8,3.70748653999e-9,5.61849566871e-10,1.64159158489e-10,1.41427813904e-10,2.56537621007e-11,3.39642158842e-9,1.78623238867e-7],"dvar2":[0.000408209278248,0.00167177536059,0.0000391838730138,0.00001536788659,0.000029987140806,0.0000307181981043,0.00000850364631333,0.0000151526155605,0.0000105670669655,0.0000125162996483,0.0000066752550083,0.00000550617778572,0.0000019225599317,6.81949359205e-7,0.00000155232612542,4.01715084308e-7,6.1984394506e-8,4.17866772295e-8,3.60807916877e-8,2.29817320729e-8,7.49435802305e-9,1.16063358924e-9,3.23749804743e-10,2.81555362358e-10,6.28546797943e-11,6.26680751736e-9,3.74773605927e-7],"max":[0.188150674105,0.296259999275,0.0661139860749,0.0418384000659,0.0918107703328,0.0800531953573,0.0516854375601,0.0858961939812,0.0552618913352,0.0568841323256,0.0517013631761,0.0431816130877,0.0212811585516,0.0134812230244,0.0182665642351,0.0112155564129,0.00325368344784,0.00395419681445,0.00380328157917,0.0028615409974,0.00217197393067,0.000560520449653,0.000263841357082,0.000219981258851,0.0000758632741054,0.00115455163177,0.0113063650206],"mean":[0.00525990780443,0.0145274959505,0.00306217861362,0.00213802186772,0.00305969291367,0.00314855435863,0.00146709464025,0.00118133961223,0.00129708042368,0.00139018672053,0.000829944503494,0.00118641438894,0.000728429469746,0.000450354826171,0.00070116535062,0.000315010285703,0.000173987195012,0.000123012199765,0.000105617808003,0.0000877150232554,0.0000678326032357,0.000032146454032,0.0000174700089701,0.0000129925501824,0.00000326966119246,0.0000595998208155,0.00100965728052],"median":[0.00149654748384,0.00796444062144,0.00179614662193,0.00101128488313,0.00166480755433,0.00140893121716,0.00055715785129,0.000251119985478,0.000382729573175,0.000381296325941,0.0002102789731,0.000375519506633,0.000285893736873,0.000206864468055,0.000307925889501,0.000114989787107,0.0000822724177851,0.0000541140070709,0.0000441909651272,0.0000364298393833,0.0000315557626891,0.0000167337439052,0.00000981683206192,0.00000669374730933,0.00000137374183851,0.000022947702746,0.00064929650398],"min":[7.97203910481e-26,1.5750323864e-24,7.37273642147e-25,6.89285754168e-25,1.01041951131e-23,8.93364070349e-24,8.88392432266e-24,8.90347545133e-24,2.15005885653e-23,1.60485720563e-23,1.68911796327e-23,1.95607543558e-23,2.38895591534e-23,2.89888081096e-23,4.72535444619e-23,4.5443411607e-23,4.97920546787e-23,8.42207276838e-23,1.23732580548e-22,1.54076941994e-22,2.16440334545e-22,2.99845752395e-22,3.37249396579e-22,5.60166619944e-22,8.57938463331e-22,1.36100927471e-21,1.98626199329e-21],"var":[0.000147375918459,0.000510397367179,0.0000153719156515,0.00000977478066488,0.0000209167174035,0.0000251882811426,0.00000731920727048,0.0000176487101271,0.00000836746676214,0.00000844965961733,0.0000052184100241,0.00000530584975422,0.00000152777249696,4.70668567232e-7,0.0000013192127426,3.43111054235e-7,6.08407191294e-8,4.37380691665e-8,4.3991871479e-8,3.25879554453e-8,1.13066596086e-8,1.80262671456e-9,4.77041461888e-10,3.0831939779e-10,2.89701717476e-11,8.52440873444e-9,0.00000131457125008]},"barkbands_crest":{"dmean":3.26383376122,"dmean2":5.43987560272,"dvar":7.26172208786,"dvar2":19.8306407928,"max":24.4882984161,"mean":10.4370555878,"median":9.67835140228,"min":2.59604239464,"var":17.0056114197},"barkbands_flatness_db":{"dmean":0.0273677483201,"dmean2":0.0440177433193,"dvar":0.000641827296931,"dvar2":0.00167374277953,"max":0.375770360231,"mean":0.146606251597,"median":0.137667000294,"min":0.0299116149545,"var":0.00272874510847},"barkbands_kurtosis":{"dmean":7.76298093796,"dmean2":12.9709606171,"dvar":213.07850647,"dvar2":579.223327637,"max":402.529998779,"mean":14.0640926361,"median":7.18187332153,"min":-1.7575455904,"var":416.623962402},"barkbands_skewness":{"dmean":0.767194509506,"dmean2":1.24553084373,"dvar":0.772828161716,"dvar2":2.01699638367,"max":17.075460434,"mean":2.68820095062,"median":2.36212301254,"min":-2.13875484467,"var":2.85780978203},"barkbands_spread":{"dmean":6.78019809723,"dmean2":10.5985708237,"dvar":58.8419914246,"dvar2":130.399261475,"max":121.088012695,"mean":24.6391067505,"median":21.5195274353,"min":0.726967036724,"var":307.029785156},"dissonance":{"dmean":0.0214965138584,"dmean2":0.0366518087685,"dvar":0.000422516779508,"dvar2":0.00116982532199,"max":0.500000119209,"mean":0.462462633848,"median":0.469507038593,"min":0.291859716177,"var":0.000840218563098},"dynamic_complexity":3.79835271835,"erbbands":{"dmean":[0.600319981575,2.25945067406,3.2528526783,3.71551275253,5.27117156982,7.33938884735,11.7789726257,17.7349815369,14.0901203156,12.86008358,13.161901474,19.6715278625,21.4074554443,26.7174892426,21.3472156525,23.4867420197,18.1579685211,11.7221021652,16.9957637787,16.9663658142,7.00129652023,4.58959102631,3.34267067909,2.79413843155,2.40847826004,1.97138631344,1.39582908154,1.10694134235,0.550189912319,0.319623440504,0.226740077138,0.192891851068,0.0955680534244,0.0367571152747,0.0210413821042,0.0288942009211,0.0720684826374,0.0541293956339,0.0274977274239,0.00644596433267],"dmean2":[1.03852856159,3.8874270916,5.59695100784,6.22713756561,8.72790527344,12.0391893387,18.7984466553,28.0354404449,22.6469593048,20.1052951813,20.674287796,31.3173294067,34.0146141052,42.7400894165,34.0830230713,38.3160133362,29.8975162506,19.6745662689,28.009021759,27.8800373077,11.1848487854,7.39712238312,5.25058984756,4.27191972733,3.56498861313,2.9256207943,2.04602122307,1.63484787941,0.807765066624,0.465652227402,0.327113389969,0.277577579021,0.141705751419,0.0591043047607,0.0343371964991,0.0424055047333,0.09459977597,0.0700387433171,0.036266580224,0.0097613139078],"dvar":[1.79071259499,14.5830974579,22.0768814087,26.6618270874,86.6295928955,233.709228516,562.085571289,1393.79748535,731.39654541,1417.7142334,1800.44592285,2529.73022461,2545.01928711,5966.06542969,4203.66796875,2701.3671875,1208.13366699,475.981750488,1058.38256836,1540.01708984,213.296661377,67.9053955078,49.0631980896,45.4759597778,45.068107605,27.8900871277,8.96629142761,4.70846891403,0.898110210896,0.283823639154,0.126095443964,0.0976775661111,0.0228199977428,0.00358747085556,0.00124928797595,0.00282864761539,0.0199428666383,0.0142250312492,0.00344199151732,0.0000801484275144],"dvar2":[4.92261838913,40.2492904663,61.7320175171,71.0518341064,216.472137451,592.855712891,1359.47937012,3258.24243164,1780.56518555,3288.55517578,4129.27587891,6434.15087891,6275.2421875,14506.21875,10381.9111328,6878.15136719,3188.35180664,1283.28491211,2795,3827.04223633,519.518371582,174.390533447,111.554595947,102.824569702,88.591545105,52.770324707,17.3650379181,9.83047199249,1.87701976299,0.5963280797,0.247208416462,0.190989553928,0.0469061657786,0.00862257461995,0.00307268742472,0.00574927311391,0.036003395915,0.0275676455349,0.00560065452009,0.000182794334251],"max":[12.1004476547,57.2709197998,68.3892364502,78.5711669922,215.559967041,431.067810059,671.212341309,926.363464355,573.035095215,1073.33789062,1261.35095215,1495.61108398,1375.07324219,2268.61181641,2565.74902344,2205.79638672,732.477233887,492.465667725,728.826049805,961.049743652,396.085449219,173.410369873,211.307922363,234.510528564,227.55871582,137.114532471,107.792556763,54.6397323608,25.7682552338,17.482843399,8.2906255722,5.66816759109,2.70314383507,0.8578312397,0.53421741724,1.07956969738,2.36115789413,4.78590726852,1.59533905983,0.23320402205],"mean":[0.584602713585,2.61361503601,4.10271310806,5.31432676315,7.30189657211,10.8775091171,18.7870941162,30.1050662994,25.1384544373,21.2591209412,21.3142681122,31.3195323944,36.2913246155,44.1034088135,37.3446235657,45.1352424622,34.3910980225,23.2806491852,32.1644172668,31.892742157,14.9288845062,9.89765357971,6.94098949432,5.73177146912,5.10310077667,4.16723918915,3.07146263123,2.38475799561,1.24839663506,0.724200189114,0.47733643651,0.363405406475,0.149820059538,0.0431169196963,0.0232430119067,0.043523080647,0.140717715025,0.134341597557,0.076772108674,0.0296315494925],"median":[0.216233611107,1.55497229099,2.58057928085,3.10899066925,3.48741459846,5.21355104446,9.31062412262,12.5574426651,10.6968021393,6.59263849258,5.86988019943,9.12005805969,12.596540451,12.168422699,11.5016326904,15.7162351608,14.7854366302,11.833152771,14.7813901901,13.6293334961,6.53100728989,4.79788827896,3.25137209892,2.43219709396,2.17558431625,1.72980165482,1.37677693367,1.11559128761,0.638864457607,0.401943534613,0.2711378932,0.190119534731,0.0720913037658,0.0198443420231,0.0103634614497,0.0179661512375,0.0504365153611,0.055408898741,0.0366091094911,0.01911868155],"min":[6.33279548683e-23,5.08895406892e-22,1.75545214714e-21,4.74185042386e-21,7.98133648355e-21,2.99262281083e-20,4.61977302495e-20,8.42899823001e-20,1.19183646475e-19,1.01759241968e-19,2.43917752409e-19,4.63945649849e-19,5.89231407703e-19,6.42387584829e-19,9.75807391041e-19,8.64727633027e-19,1.16015451672e-18,1.38301868723e-18,2.75615690884e-18,3.54184758943e-18,3.00770625543e-18,4.44526406237e-18,5.14385862152e-18,4.9762850643e-18,7.51029703617e-18,8.39950047823e-18,8.41407705499e-18,9.81040590545e-18,1.0761036607e-17,1.1185218961e-17,9.86748715798e-18,9.74207416941e-18,8.83346920608e-18,8.01123265205e-18,6.27706959094e-18,3.65864507833e-18,2.35857337459e-18,9.48676900925e-19,2.38089308566e-19,2.72297227089e-20],"var":[1.32261347771,13.1456155777,24.1939182281,42.8928451538,127.941757202,388.291717529,920.036193848,2718.54711914,1857.0489502,3545.53369141,3809.82421875,5113.44287109,4809.11572266,10629.7285156,7175.59375,6890.01318359,2908.86254883,1143.67980957,2247.54125977,3129.859375,606.205993652,187.888366699,121.351890564,114.804252625,115.527793884,73.8784408569,28.0033226013,12.9557828903,2.7982981205,0.844677090645,0.355548560619,0.232046991587,0.0445398688316,0.00439521297812,0.00141238491051,0.00513660395518,0.051219291985,0.0408903993666,0.0143342381343,0.000899154460058]},"erbbands_crest":{"dmean":2.6594350338,"dmean2":4.32039880753,"dvar":5.90935134888,"dvar2":14.9818983078,"max":26.9398937225,"mean":8.69288539886,"median":7.75523138046,"min":2.31925010681,"var":15.2703418732},"erbbands_flatness_db":{"dmean":0.0190298072994,"dmean2":0.028706394136,"dvar":0.00028136750916,"dvar2":0.000612705829553,"max":0.303774863482,"mean":0.132191106677,"median":0.129592448473,"min":0.03415504843,"var":0.00141965609509},"erbbands_kurtosis":{"dmean":0.995880544186,"dmean2":1.58813452721,"dvar":1.34805905819,"dvar2":3.22382760048,"max":23.2115688324,"mean":1.05141508579,"median":0.514821469784,"min":-1.65238547325,"var":3.61544537544},"erbbands_skewness":{"dmean":0.342207342386,"dmean2":0.535738289356,"dvar":0.0877651795745,"dvar2":0.208154737949,"max":3.9983522892,"mean":0.405899167061,"median":0.373138189316,"min":-3.20851612091,"var":0.529523789883},"erbbands_spread":{"dmean":5.85360860825,"dmean2":9.10037899017,"dvar":30.4176959991,"dvar2":68.0875930786,"max":111.645462036,"mean":29.0350074768,"median":27.2225646973,"min":4.38051939011,"var":154.762481689},"gfcc":{"cov":[[20744.265625,776.230224609,-1349.71691895,-472.664733887,-6.47979068756,-146.868164062,219.946182251,-349.923400879,104.913574219,-85.3619232178,2.11889529228,256.044281006,-85.0648117065],[776.230224609,888.237670898,44.3835716248,-160.417526245,-13.0784015656,-89.6556625366,-0.538794577122,-47.9975471497,32.0504074097,-13.0445098877,17.5668716431,-91.2601547241,70.2973403931],[-1349.71691895,44.3835716248,498.077331543,204.096817017,-113.744789124,84.6132202148,-100.871696472,104.21383667,-55.9245872498,26.71916008,-7.88604354858,-25.2731456757,-9.34968185425],[-472.664733887,-160.417526245,204.096817017,255.402282715,38.3338050842,31.2737693787,-13.3103256226,48.1419639587,-33.0266189575,11.2941360474,-15.2712650299,7.63561296463,-36.7649307251],[-6.47979068756,-13.0784015656,-113.744789124,38.3338050842,191.507949829,11.2909936905,80.5943984985,-44.0775756836,9.81098365784,-19.4015293121,7.39039993286,12.5418691635,-1.2746130228],[-146.868164062,-89.6556625366,84.6132202148,31.2737693787,11.2909936905,189.760894775,-10.8878583908,50.7821502686,-34.0623435974,-1.11936318874,11.1331663132,15.5689630508,9.88915538788],[219.946182251,-0.538794577122,-100.871696472,-13.3103256226,80.5943984985,-10.8878583908,149.605133057,-16.2454147339,28.6668243408,-16.6585140228,8.18838405609,29.1898765564,-9.70616436005],[-349.923400879,-47.9975471497,104.21383667,48.1419639587,-44.0775756836,50.7821502686,-16.2454147339,122.677818298,20.4488525391,33.462890625,-1.23581719398,-15.0625934601,9.46711730957],[104.913574219,32.0504074097,-55.9245872498,-33.0266189575,9.81098365784,-34.0623435974,28.6668243408,20.4488525391,92.396194458,32.7527732849,8.17188644409,6.31317281723,-3.09333157539],[-85.3619232178,-13.0445098877,26.71916008,11.2941360474,-19.4015293121,-1.11936318874,-16.6585140228,33.462890625,32.7527732849,66.4473114014,26.4343776703,-0.127299234271,2.97625899315],[2.11889529228,17.5668716431,-7.88604354858,-15.2712650299,7.39039993286,11.1331663132,8.18838405609,-1.23581719398,8.17188644409,26.4343776703,56.7902336121,27.7735347748,12.4947690964],[256.044281006,-91.2601547241,-25.2731456757,7.63561296463,12.5418691635,15.5689630508,29.1898765564,-15.0625934601,6.31317281723,-0.127299234271,27.7735347748,79.6536178589,8.53469467163],[-85.0648117065,70.2973403931,-9.34968185425,-36.7649307251,-1.2746130228,9.88915538788,-9.70616436005,9.46711730957,-3.09333157539,2.97625899315,12.4947690964,8.53469467163,69.5931243896]],"icov":[[0.00010111166921,-0.000362131162547,0.000684597704094,-0.00044798644376,0.000435612397268,-0.000274832564173,0.0000902199753909,-0.0000654678078718,0.000227075739531,-0.000265603186563,0.00042695531738,-0.000755655288231,0.000450684863608],[-0.000362131162547,0.00372706493363,-0.00437442027032,0.00335835921578,-0.00211450248025,0.00186441687401,-0.00112771440763,0.00193424883764,-0.00267474306747,0.00265493523329,-0.00384477083571,0.0064658774063,-0.00408010976389],[0.000684597704094,-0.00437442027032,0.0118390955031,-0.00995283201337,0.00781574100256,-0.00445140199736,0.00173801428173,-0.00185525347479,0.00265316595323,-0.00176854431629,0.00209044548683,-0.00514672184363,0.00330800982192],[-0.00044798644376,0.00335835921578,-0.00995283201337,0.0161917805672,-0.010861326009,0.00525372009724,0.000411592278397,-0.00413013389334,0.00389753491618,-0.00278334692121,0.00292803603224,-0.00131356390193,0.00287822843529],[0.000435612397268,-0.00211450248025,0.00781574100256,-0.010861326009,0.0156524013728,-0.00562753761187,-0.00412569660693,0.00588363409042,-0.00345241068862,0.00215529208072,-0.00255407835357,0.00238154223189,-0.00238806172274],[-0.000274832564173,0.00186441687401,-0.00445140199736,0.00525372009724,-0.00562753761187,0.00973680242896,0.000681648787577,-0.0053511033766,0.00381648889743,0.00113684916869,-0.0017997858813,-0.000831271812785,-0.000159354298376],[0.0000902199753909,-0.00112771440763,0.00173801428173,0.000411592278397,-0.00412569660693,0.000681648787577,0.0116010131314,-0.00374362920411,-0.00114655052312,0.00308056268841,0.0000301249474433,-0.00587631668895,0.00418771244586],[-0.0000654678078718,0.00193424883764,-0.00185525347479,-0.00413013389334,0.00588363409042,-0.0053511033766,-0.00374362920411,0.019593000412,-0.00902707409114,-0.00208877702244,-0.00130305998027,0.009456272237,-0.00802194047719],[0.000227075739531,-0.00267474306747,0.00265316595323,0.00389753491618,-0.00345241068862,0.00381648889743,-0.00114655052312,-0.00902707409114,0.0238423664123,-0.0141717810184,0.00861211493611,-0.0105091640726,0.00726579129696],[-0.000265603186563,0.00265493523329,-0.00176854431629,-0.00278334692121,0.00215529208072,0.00113684916869,0.00308056268841,-0.00208877702244,-0.0141717810184,0.0344450958073,-0.0210809223354,0.0104432851076,-0.00372160295956],[0.00042695531738,-0.00384477083571,0.00209044548683,0.00292803603224,-0.00255407835357,-0.0017997858813,0.0000301249474433,-0.00130305998027,0.00861211493611,-0.0210809223354,0.0376700684428,-0.019123326987,0.0034899560269],[-0.000755655288231,0.0064658774063,-0.00514672184363,-0.00131356390193,0.00238154223189,-0.000831271812785,-0.00587631668895,0.009456272237,-0.0105091640726,0.0104432851076,-0.019123326987,0.03345618397,-0.0123678594828],[0.000450684863608,-0.00408010976389,0.00330800982192,0.00287822843529,-0.00238806172274,-0.000159354298376,0.00418771244586,-0.00802194047719,0.00726579129696,-0.00372160295956,0.0034899560269,-0.0123678594828,0.0240329764783]],"mean":[-12.4315633774,95.705368042,-73.2241668701,-7.32239580154,-8.95259857178,-13.086564064,-0.670485675335,-18.6572399139,-1.08743071556,-4.00159835815,-4.80171632767,0.531131565571,-4.76746606827]},"hfc":{"dmean":43.6888847351,"dmean2":68.7871398926,"dvar":2624.41137695,"dvar2":6467.11425781,"max":1184.50634766,"mean":189.209838867,"median":181.654037476,"min":1.06431952989e-16,"var":20630.4863281},"melbands":{"dmean":[0.00459927739576,0.00202995492145,0.000680828408804,0.00039076450048,0.000403532292694,0.000375317584258,0.000197387707885,0.000154486522661,0.000102520025393,0.000132192581077,0.000113176734885,0.000116966606583,0.000070289708674,0.0000712387627573,0.0000701349708834,0.0000358282704838,0.0000224359755521,0.0000286319427687,0.0000293333723675,0.0000168777733052,0.00000755759128879,0.00000562158993489,0.00000360173817171,0.00000328581631948,0.00000236892583416,0.00000205822811949,0.00000167977816545,0.00000136830021802,9.75013449533e-7,8.44107887588e-7,6.04344393196e-7,3.6036320239e-7,2.22835481622e-7,1.75260282731e-7,1.38000345373e-7,1.26224506403e-7,1.23840706578e-7,7.76223316734e-8,4.20415986468e-8,2.80538898778e-8],"dmean2":[0.00783406943083,0.00347599969245,0.00112842116505,0.000637453049421,0.000643399369437,0.000592511962168,0.000317952915793,0.000240113746258,0.000162228374393,0.000210818019696,0.000180072122021,0.000187104582437,0.000112854926556,0.000115608410852,0.000116326860734,0.0000598340047873,0.0000379694211006,0.0000474556109111,0.0000482815012219,0.0000276159898931,0.0000121674647744,0.00000920588263398,0.00000583537757848,0.00000522314257978,0.000003718052767,0.00000317145486406,0.00000256395901488,0.00000207124344342,0.00000147561229369,0.00000126757299768,9.18582031773e-7,5.46904971088e-7,3.3288355894e-7,2.64073975131e-7,2.04878730869e-7,1.84216574439e-7,1.80966011953e-7,1.15246578503e-7,6.62259864725e-8,4.59823290555e-8],"dvar":[0.000089786015451,0.0000092443815447,8.97440600056e-7,6.08876803199e-7,5.53132906589e-7,5.76276647735e-7,1.49775814862e-7,2.35667585002e-7,9.32217858463e-8,1.16417481877e-7,7.04149982766e-8,1.0898244085e-7,4.84585278571e-8,2.84691505925e-8,2.45922038289e-8,4.87249174341e-9,1.87704674026e-9,3.13293568865e-9,4.53266757461e-9,1.55878665531e-9,2.4849219904e-10,1.08709513613e-10,4.95508113707e-11,5.20787649116e-11,3.4244537761e-11,2.94806887235e-11,2.3365115398e-11,1.39372255056e-11,4.75155418483e-12,2.75663172844e-12,1.46090117e-12,4.18083292595e-13,1.33864924354e-13,8.85402455563e-14,4.61947103833e-14,4.151064529e-14,4.08034845874e-14,1.56575141443e-14,4.52042171598e-15,2.21368439699e-15],"dvar2":[0.000242589594563,0.0000253659691225,0.0000023507404876,0.00000149176048581,0.00000135693073844,0.00000134708830046,3.66863019963e-7,5.23141466147e-7,2.16774225237e-7,2.93690050057e-7,1.73969240791e-7,2.68967028205e-7,1.12977836864e-7,7.07014322643e-8,6.54433307545e-8,1.30247617136e-8,5.11039033313e-9,8.4700175762e-9,1.11089963895e-8,3.949692573e-9,6.07087435878e-10,2.8923044515e-10,1.23116114525e-10,1.2019717166e-10,8.18052361962e-11,6.36299901657e-11,4.94815195762e-11,2.79604672748e-11,9.75296145928e-12,5.80738755696e-12,3.1711512756e-12,9.26374753817e-13,2.91286309309e-13,1.94939103379e-13,9.59397966345e-14,8.25855971608e-14,8.42657581625e-14,3.25471596831e-14,1.03525095262e-14,5.42740469063e-15],"max":[0.0898054540157,0.0481378473341,0.01398396492,0.0247791763395,0.0182596407831,0.018852841109,0.00835746340454,0.015916582197,0.00848976708949,0.00950817763805,0.0066962018609,0.00978205259889,0.00792207475752,0.00508845597506,0.00374933728017,0.00159552227706,0.00106801022775,0.00155949220061,0.00171396671794,0.00103001168463,0.000419253250584,0.000231850863202,0.000170457366039,0.000226516058319,0.000205556920264,0.000163406861247,0.000142274264363,0.000115621565783,0.000067582455813,0.0000609459639236,0.0000323201566061,0.0000212322611333,0.0000102089534266,0.00000921609807847,0.00000426978340329,0.0000049979630603,0.00000372458725906,0.00000224046016228,0.00000115485715924,7.00004761711e-7],"mean":[0.00489704310894,0.00263670645654,0.00102174084168,0.000603860884439,0.000652701186482,0.000655719428323,0.000350221933331,0.000248102063779,0.000160848605447,0.000204527794267,0.000185676602996,0.000187729267054,0.000115621252917,0.000126610844745,0.000114488611871,0.0000605317363807,0.0000399004820792,0.0000497330911458,0.0000524168681295,0.0000303204487864,0.0000147841083162,0.0000107903642856,0.00000693452830092,0.00000591734851696,0.00000443936278316,0.00000397160874854,0.00000323379231304,0.00000266723077402,0.00000196079167836,0.00000170100418018,0.00000123023846754,7.50555727791e-7,4.86166300107e-7,3.63759284028e-7,2.74717422144e-7,2.43676510081e-7,2.15698449324e-7,1.19357409289e-7,5.22824663562e-8,2.97560838192e-8],"median":[0.00238881469704,0.0017575554084,0.000606008281466,0.00031308963662,0.000349529553205,0.000290162861347,0.000149643077748,0.000062018261815,0.0000456268026028,0.0000565430018469,0.0000598730330239,0.0000489426493004,0.0000335946424457,0.0000383844344469,0.0000379928751499,0.0000252736681432,0.0000188035301107,0.0000214716492337,0.0000220204583457,0.0000113352007247,0.00000605253353569,0.00000500548367199,0.00000307551772494,0.00000250312336902,0.00000176144919806,0.00000164340679021,0.00000132195850711,0.00000107685912099,8.43066970901e-7,7.76733543262e-7,5.56790951123e-7,3.70502135638e-7,2.6833680522e-7,1.96143375319e-7,1.53617335741e-7,1.33978289796e-7,1.05976020848e-7,5.41334088666e-8,2.25600764736e-8,1.20112675361e-8],"min":[4.19913322255e-25,1.05872578355e-24,7.15746515512e-25,2.04178856503e-24,2.57007096389e-24,1.53500065369e-24,1.69923597213e-24,6.3529177508e-25,2.128376699e-24,2.9682122182e-24,2.55650117581e-24,1.98824620881e-24,2.28683065308e-24,2.38426345513e-24,2.31405325685e-24,1.61293419467e-24,1.6340286311e-24,3.67771726623e-24,3.76648344515e-24,3.2653542303e-24,3.16340874944e-24,3.19844955642e-24,3.1438140362e-24,4.36832357355e-24,3.22491800916e-24,3.68153732516e-24,4.323908338e-24,4.55431488689e-24,4.59225870201e-24,4.88699488557e-24,5.03692184491e-24,5.37246777525e-24,5.28603978004e-24,5.04070679953e-24,4.26307887917e-24,4.43516612463e-24,5.9521732555e-24,5.5447569691e-24,6.18828484646e-24,6.1923549743e-24],"var":[0.0000717780712876,0.00000964842274698,0.0000015178253534,0.00000105472531686,9.27578867049e-7,0.00000115368425213,3.59660873528e-7,6.33674858364e-7,1.90023229152e-7,2.31715162613e-7,1.32194614366e-7,1.89770588577e-7,8.5139163275e-8,6.54029790326e-8,4.9002377267e-8,9.58398338469e-9,3.8852410178e-9,5.89324855582e-9,8.79173800428e-9,3.11628522986e-9,6.45611286654e-10,2.43551484536e-10,1.14475075252e-10,1.07861920784e-10,7.66340879643e-11,6.81322082086e-11,5.33339761244e-11,3.25104318466e-11,1.30366984569e-11,7.50870286087e-12,3.53978066477e-12,1.10856289426e-12,3.9168020498e-13,2.25534855006e-13,1.20838953535e-13,1.00464849927e-13,8.86182945602e-14,3.02373719867e-14,6.48323718861e-15,2.47982596067e-15]},"melbands_crest":{"dmean":4.6766462326,"dmean2":7.73465251923,"dvar":17.1797885895,"dvar2":45.0660972595,"max":36.8634414673,"mean":15.9685497284,"median":15.2050333023,"min":1.27231705189,"var":37.0613098145},"melbands_flatness_db":{"dmean":0.0347603112459,"dmean2":0.0557633638382,"dvar":0.000948311353568,"dvar2":0.00247979862615,"max":0.535891115665,"mean":0.263269633055,"median":0.257547795773,"min":0.0002398291399,"var":0.00505245663226},"melbands_kurtosis":{"dmean":9.78114318848,"dmean2":16.419467926,"dvar":315.692962646,"dvar2":853.725097656,"max":333.982025146,"mean":15.767162323,"median":7.81850147247,"min":-1.7661011219,"var":555.820800781},"melbands_skewness":{"dmean":0.921436131001,"dmean2":1.49199652672,"dvar":1.00893592834,"dvar2":2.62948679924,"max":15.4135198593,"mean":2.73202395439,"median":2.35594153404,"min":-0.603988945484,"var":3.13890480995},"melbands_spread":{"dmean":4.73668050766,"dmean2":7.58918190002,"dvar":32.658290863,"dvar2":78.6483764648,"max":179.71635437,"mean":16.3064079285,"median":12.0592660904,"min":0.489361315966,"var":302.394165039},"mfcc":{"cov":[[9930.93359375,631.741882324,-924.598937988,-44.3441963196,-291.096557617,352.674987793,-144.830490112,236.251480103,-127.124664307,86.7390060425,-207.788101196,218.549377441,-6.28945922852],[631.741882324,1067.15332031,-19.3312702179,-21.3879470825,-24.8244991302,-2.79125237465,-14.1067533493,-75.155128479,28.4908294678,20.4475688934,-5.72225284576,-51.855796814,40.324306488],[-924.598937988,-19.3312702179,608.50982666,53.3490409851,92.6829605103,-76.4214324951,24.1934547424,-27.9953384399,9.39367961884,0.432958990335,47.6180763245,-15.3559217453,-36.1341590881],[-44.3441963196,-21.3879470825,53.3490409851,249.09413147,30.9829540253,10.7484426498,10.1538667679,10.3512239456,-2.65621137619,16.9935512543,15.858001709,-1.59180021286,-17.7643051147],[-291.096557617,-24.8244991302,92.6829605103,30.9829540253,136.114486694,22.1389865875,35.1115570068,-4.92059421539,13.679309845,-9.47497367859,17.407327652,-8.08718013763,3.63212299347],[352.674987793,-2.79125237465,-76.4214324951,10.7484426498,22.1389865875,125.11340332,43.736038208,49.469127655,-18.5127239227,-13.6516113281,-27.4362697601,24.5585403442,-0.789255440235],[-144.830490112,-14.1067533493,24.1934547424,10.1538667679,35.1115570068,43.736038208,111.059715271,32.7566757202,11.1023893356,-19.6757507324,0.86055970192,-5.21895885468,11.0289382935],[236.251480103,-75.155128479,-27.9953384399,10.3512239456,-4.92059421539,49.469127655,32.7566757202,98.5512542725,13.5111446381,-3.90668773651,-10.2169361115,29.676525116,-10.2623004913],[-127.124664307,28.4908294678,9.39367961884,-2.65621137619,13.679309845,-18.5127239227,11.1023893356,13.5111446381,71.7865142822,23.7899894714,17.0816707611,-8.61539173126,7.29175138474],[86.7390060425,20.4475688934,0.432958990335,16.9935512543,-9.47497367859,-13.6516113281,-19.6757507324,-3.90668773651,23.7899894714,77.5644607544,26.1086215973,0.246115624905,-3.97894382477],[-207.788101196,-5.72225284576,47.6180763245,15.858001709,17.407327652,-27.4362697601,0.86055970192,-10.2169361115,17.0816707611,26.1086215973,69.0776290894,16.4596652985,6.48135185242],[218.549377441,-51.855796814,-15.3559217453,-1.59180021286,-8.08718013763,24.5585403442,-5.21895885468,29.676525116,-8.61539173126,0.246115624905,16.4596652985,67.5055007935,13.2792415619],[-6.28945922852,40.324306488,-36.1341590881,-17.7643051147,3.63212299347,-0.789255440235,11.0289382935,-10.2623004913,7.29175138474,-3.97894382477,6.48135185242,13.2792415619,52.471118927]],"icov":[[0.00016772474919,-0.000143374316394,0.000168793238117,-0.00000735849062039,0.0000440305266238,-0.000111028988613,0.000131966837216,-0.000257076026173,0.000243544913246,-0.000367658387404,0.000479647918837,-0.000566712697037,0.000183751326404],[-0.000143374316394,0.00124889472499,-0.000319454265991,-0.00000929683938011,0.000587640446611,-0.000947334861849,0.000253950245678,0.00109834992327,-0.000942824874073,0.000281062355498,-0.000600490835495,0.00157659326214,-0.00126608693972],[0.000168793238117,-0.000319454265991,0.00262205023319,-0.00018313122564,-0.00185122212861,0.00245144125074,-0.00126744701993,-0.0000173119733518,0.000809826422483,-0.00040633341996,0.000322132749716,-0.00191627815366,0.00273926742375],[-0.00000735849062039,-0.00000929683938011,-0.00018313122564,0.00443816231564,-0.000900617509615,-0.00025697867386,-0.000172076397575,-0.000667115964461,0.000972132198513,-0.00112536980305,-0.000921084079891,0.000477819208754,0.00111929490231],[0.0000440305266238,0.000587640446611,-0.00185122212861,-0.000900617509615,0.0113558545709,-0.00573192955926,-0.000267333874945,0.00249486160465,-0.00342305097729,0.00265889405273,-0.00380492652766,0.00306601403281,-0.00198285258375],[-0.000111028988613,-0.000947334861849,0.00245144125074,-0.00025697867386,-0.00573192955926,0.0186602231115,-0.00680938595906,-0.00459557957947,0.00562568427995,-0.0029791269917,0.00742677785456,-0.00757197290659,0.00351704889908],[0.000131966837216,0.000253950245678,-0.00126744701993,-0.000172076397575,-0.000267333874945,-0.00680938595906,0.0157601889223,-0.00542872585356,-0.00145179370884,0.0039942599833,-0.00469524227083,0.00773799046874,-0.00644244113937],[-0.000257076026173,0.00109834992327,-0.0000173119733518,-0.000667115964461,0.00249486160465,-0.00459557957947,-0.00542872585356,0.0211384724826,-0.00883834436536,0.00125363562256,0.00352043169551,-0.00949511863291,0.00721227610484],[0.000243544913246,-0.000942824874073,0.000809826422483,0.000972132198513,-0.00342305097729,0.00562568427995,-0.00145179370884,-0.00883834436536,0.0222662072629,-0.00691128708422,-0.00182188721374,0.00408710585907,-0.0038889858406],[-0.000367658387404,0.000281062355498,-0.00040633341996,-0.00112536980305,0.00265889405273,-0.0029791269917,0.0039942599833,0.00125363562256,-0.00691128708422,0.0194819010794,-0.00882763043046,0.00346830952913,0.00090631400235],[0.000479647918837,-0.000600490835495,0.000322132749716,-0.000921084079891,-0.00380492652766,0.00742677785456,-0.00469524227083,0.00352043169551,-0.00182188721374,-0.00882763043046,0.0273360572755,-0.0143526978791,0.0023189894855],[-0.000566712697037,0.00157659326214,-0.00191627815366,0.000477819208754,0.00306601403281,-0.00757197290659,0.00773799046874,-0.00949511863291,0.00408710585907,0.00346830952913,-0.0143526978791,0.0318642295897,-0.0128432577476],[0.000183751326404,-0.00126608693972,0.00273926742375,0.00111929490231,-0.00198285258375,0.00351704889908,-0.00644244113937,0.00721227610484,-0.0038889858406,0.00090631400235,0.0023189894855,-0.0128432577476,0.0288463886827]],"mean":[-678.817565918,164.932983398,-5.2565202713,25.9494895935,3.76782083511,19.934841156,2.1477856636,4.43086624146,0.479029983282,6.2388753891,-3.55142736435,2.59646987915,-0.163499996066]},"pitch_salience":{"dmean":0.0873106867075,"dmean2":0.143893748522,"dvar":0.00589393265545,"dvar2":0.0161023084074,"max":0.985864758492,"mean":0.53743314743,"median":0.550373613834,"min":0.0949150249362,"var":0.0127259455621},"silence_rate_20dB":{"dmean":0,"dmean2":0,"dvar":0,"dvar2":0,"max":1,"mean":1,"median":1,"min":1,"var":0},"silence_rate_30dB":{"dmean":0.0846341922879,"dmean2":0.169284299016,"dvar":0.0774712488055,"dvar2":0.166772142053,"max":1,"mean":0.913775265217,"median":1,"min":0,"var":0.0787900239229},"silence_rate_60dB":{"dmean":0.00639458326623,"dmean2":0.0127903698012,"dvar":0.00635369261727,"dvar2":0.0137553382665,"max":1,"mean":0.0796426907182,"median":0,"min":0,"var":0.073299728334},"spectral_centroid":{"dmean":156.78868103,"dmean2":236.167984009,"dvar":47190.0976562,"dvar2":92298.3203125,"max":11749.609375,"mean":954.288696289,"median":780.576782227,"min":146.472961426,"var":1098655.125},"spectral_complexity":{"dmean":2.8454015255,"dmean2":4.38690853119,"dvar":7.68495750427,"dvar2":16.4143943787,"max":56,"mean":17.5166893005,"median":18,"min":0,"var":103.546760559},"spectral_contrast_coeffs":{"dmean":[0.0541317500174,0.0504735298455,0.0383132211864,0.027573896572,0.0180249139667,0.0332717597485],"dmean2":[0.0906095430255,0.0830231234431,0.0631873607635,0.0458532720804,0.0298698320985,0.0525367297232],"dvar":[0.00180737208575,0.00155699288007,0.000966791529208,0.000483692419948,0.00022139113571,0.000842655310407],"dvar2":[0.00503288535401,0.00422365823761,0.00257122097537,0.00131537159905,0.000587683462072,0.00209739385173],"max":[-0.408537089825,-0.458461165428,-0.529446721077,-0.597771942616,-0.685678184032,-0.492879807949],"mean":[-0.698791325092,-0.74733042717,-0.794814169407,-0.813291430473,-0.834638059139,-0.75662791729],"median":[-0.700447976589,-0.752486646175,-0.801796913147,-0.814885377884,-0.832310318947,-0.758897900581],"min":[-0.981563508511,-0.985808134079,-0.977152585983,-0.977931320667,-0.974350214005,-0.964707016945],"var":[0.00527898268774,0.0054918685928,0.00388570688665,0.00219423975796,0.00116191955749,0.00396159291267]},"spectral_contrast_valleys":{"dmean":[0.408830821514,0.353795617819,0.309207588434,0.261014759541,0.252475142479,0.535596489906],"dmean2":[0.671474456787,0.581492960453,0.500203311443,0.417905688286,0.380347847939,0.844255983829],"dvar":[0.114593394101,0.0916717723012,0.0734188035131,0.0684620141983,0.0829861313105,0.232902288437],"dvar2":[0.289739876986,0.22642070055,0.170539498329,0.146849706769,0.165654405951,0.575916707516],"max":[-4.83306074142,-4.49517059326,-4.88592338562,-5.52068948746,-5.74258804321,-8.87539768219],"mean":[-6.84994363785,-6.75765180588,-7.16991519928,-7.55599212646,-8.02376461029,-11.1562891006],"median":[-6.51095485687,-6.44139575958,-6.82811784744,-7.17870473862,-7.67413663864,-10.8639640808],"min":[-28.0614109039,-27.9718494415,-27.7879734039,-27.638053894,-27.5008602142,-27.3871307373],"var":[4.51731920242,4.54124879837,4.51311254501,4.38050937653,4.05671024323,3.08386564255]},"spectral_decrease":{"dmean":5.42786970925e-9,"dmean2":8.82904949151e-9,"dvar":8.46634577071e-17,"dvar2":2.14715652349e-16,"max":6.82822376419e-9,"mean":-8.58867821307e-9,"median":-6.04432504048e-9,"min":-9.87132153796e-8,"var":9.75374320631e-17},"spectral_energy":{"dmean":0.0208669416606,"dmean2":0.0337357893586,"dvar":0.00120171625167,"dvar2":0.00302816228941,"max":0.389362722635,"mean":0.0495775565505,"median":0.0419953949749,"min":1.00698479768e-20,"var":0.00179602811113},"spectral_energyband_high":{"dmean":0.000253530830378,"dmean2":0.000330985087203,"dvar":2.01899382546e-7,"dvar2":3.23461165408e-7,"max":0.0102088488638,"mean":0.000825435097795,"median":0.000486151489895,"min":6.95729415535e-21,"var":0.00000109221434741},"spectral_energyband_low":{"dmean":0.0177357457578,"dmean2":0.029711868614,"dvar":0.00107511098031,"dvar2":0.00282647809945,"max":0.333571404219,"mean":0.0223321150988,"median":0.0139699121937,"min":1.32578551195e-23,"var":0.000972112582531},"spectral_energyband_middle_high":{"dmean":0.00187344278675,"dmean2":0.00288789044134,"dvar":0.0000108891945274,"dvar2":0.0000259826192632,"max":0.0733249634504,"mean":0.00592976342887,"median":0.00313411862589,"min":1.18913816767e-21,"var":0.0000568844370719},"spectral_energyband_middle_low":{"dmean":0.00478299986571,"dmean2":0.00748884724453,"dvar":0.0000440198709839,"dvar2":0.000105838909803,"max":0.118729107082,"mean":0.0125360013917,"median":0.00905884429812,"min":2.04065176913e-22,"var":0.000155594781972},"spectral_entropy":{"dmean":0.170875281096,"dmean2":0.257687211037,"dvar":0.0283922292292,"dvar2":0.0635587498546,"max":9.82482624054,"mean":7.44551229477,"median":7.48089361191,"min":5.85208082199,"var":0.189239665866},"spectral_flux":{"dmean":0.0337462127209,"dmean2":0.0547279678285,"dvar":0.00202912930399,"dvar2":0.00422899611294,"max":0.472218185663,"mean":0.121998474002,"median":0.112695068121,"min":6.40245287342e-11,"var":0.00502473069355},"spectral_kurtosis":{"dmean":3.78469991684,"dmean2":5.84749078751,"dvar":16.2095279694,"dvar2":39.6870384216,"max":62.1485328674,"mean":18.380355835,"median":17.6166343689,"min":-1.24686360359,"var":53.1153869629},"spectral_rms":{"dmean":0.00126940465998,"dmean2":0.00199319585226,"dvar":0.0000025844171887,"dvar2":0.00000613616703049,"max":0.0194901525974,"mean":0.00632931711152,"median":0.00640086829662,"min":3.13436451273e-12,"var":0.00000830809403851},"spectral_rolloff":{"dmean":4662.99121094,"dmean2":8937.19628906,"dvar":62022360,"dvar2":140683280,"max":22028.4667969,"mean":13475.7158203,"median":20628.8085938,"min":43.06640625,"var":94972240},"spectral_skewness":{"dmean":0.302309691906,"dmean2":0.463276684284,"dvar":0.0921457409859,"dvar2":0.219442501664,"max":5.87542390823,"mean":3.10160374641,"median":3.09352278709,"min":-0.0939621478319,"var":0.428904503584},"spectral_spread":{"dmean":483016.71875,"dmean2":741631.625,"dvar":437924560896,"dvar2":995127787520,"max":51211988,"mean":4679406.5,"median":4295299.5,"min":1718990,"var":11790342684700},"spectral_strongpeak":{"dmean":4.31798267365,"dmean2":8.22621154785,"dvar":242.799819946,"dvar2":673.696960449,"max":172.395507812,"mean":3.44673919678,"median":0.290677756071,"min":0,"var":203.549087524},"zerocrossingrate":{"dmean":0.0427591837943,"dmean2":0.0555565617979,"dvar":0.0012765720021,"dvar2":0.00218528485857,"max":0.7451171875,"mean":0.274663239717,"median":0.27197265625,"min":0.0263671875,"var":0.0102570047602}},"metadata":{"audio_properties":{"analysis_sample_rate":44100,"bit_rate":172007,"codec":"mp3","downmix":"mix","equal_loudness":0,"length":246.909393311,"lossless":false,"md5_encoded":"31acd50d8af0238dff6e6b3247047e45","replay_gain":-0.922235488892,"sample_rate":44100},"tags":{"acoustid_id":["cd995584-44d0-4da2-aa82-294a97be94bc"],"album":["Sam’s Town"],"albumartist":["The Killers"],"artist":["The Killers"],"date":["2006"],"discnumber":["1/1"],"file_name":"06 - The Killers - Read My Mind.mp3","musicbrainz_albumartistid":["95e1ead9-4d31-4808-a7ac-32c3614c116b"],"musicbrainz_albumid":["d6ea94ce-f1b1-48a3-ad39-d6eadc0c6768"],"musicbrainz_artistid":["95e1ead9-4d31-4808-a7ac-32c3614c116b"],"musicbrainz_recordingid":["22ce7721-95ac-424c-bb3e-0330bd1a2f7c"],"musicbrainz_releasegroupid":["e5ae2682-f6cb-327d-9e5e-8e055fb5b094"],"replaygain_album_gain":["-0.39 dB"],"replaygain_album_peak":["0.410232"],"replaygain_track_gain":["-1.21 dB"],"replaygain_track_peak":["0.374368"],"title":["Read My Mind"],"tracknumber":["6/12"]},"version":{"essentia":"2.1-beta1","essentia_build_sha":"e76a03f03bb3900de42a1fa0d9be1e72f12def64","essentia_git_sha":"v2.1_beta1-28-g21ef5f4-dirty","extractor":"music 1.0"}},"rhythm":{"beats_count":546,"beats_loudness":{"dmean":0.0252664033324,"dmean2":0.0439471043646,"dvar":0.00078970042523,"dvar2":0.00235569151118,"max":0.245568543673,"mean":0.0647518336773,"median":0.0614755526185,"min":0,"var":0.00155719940085},"beats_loudness_band_ratio":{"dmean":[0.166636958718,0.0854036286473,0.0500584952533,0.0404424257576,0.0196247790009,0.0706144422293],"dmean2":[0.292369872332,0.150953635573,0.0880411565304,0.0709041953087,0.0341810509562,0.124186336994],"dvar":[0.0172551665455,0.00801387708634,0.00408223038539,0.00244422606193,0.000661097583361,0.00672868685797],"dvar2":[0.0501943938434,0.022860839963,0.011899150908,0.00729585951194,0.00180645938963,0.0195844471455],"max":[0.965317964554,0.595627069473,0.508980453014,0.400155901909,0.35357812047,0.813865303993],"mean":[0.579184770584,