{"lowlevel":{"average_loudness":0.959638476372,"barkbands":{"dmean":[0.000346183165675,0.00760574126616,0.0031532489229,0.0019648775924,0.00267314724624,0.000985145336017,0.000573837722186,0.000822161964606,0.000650537549518,0.00031154617318,0.000280697917333,0.000292651209747,0.00020633105305,0.000227978103794,0.000212030558032,0.000315931247314,0.000492381106596,0.000457477028249,0.000397480966058,0.000348576140823,0.000265006150585,0.00023288479133,0.000136514179758,0.0000977345116553,0.0000731262771296,0.0000342324419762,0.00000605905188422],"dmean2":[0.000541000743397,0.0128610460088,0.00555408047512,0.00341733917594,0.00437636626884,0.0015974129783,0.000941100006457,0.00132737692911,0.000993342138827,0.000505001808051,0.000456796056824,0.000470914499601,0.000337904435582,0.000370641297195,0.00034576523467,0.0005277300952,0.000819085573312,0.000765715376474,0.000660140707623,0.000596825091634,0.000446647609351,0.000381794583518,0.000219226261834,0.000154447727255,0.000116120485472,0.0000563255307497,0.000010286482393],"dvar":[5.45230250282e-7,0.000450691062724,0.0000469147453259,0.0000115479551823,0.0000275260026683,0.00000386298142985,0.00000127811824768,0.00000288964997708,0.00000136653602567,3.1537942391e-7,2.94664857847e-7,3.1418466051e-7,1.87325014167e-7,2.22291390628e-7,1.51753781097e-7,2.19613127683e-7,5.04046340666e-7,4.68324941494e-7,2.86831436824e-7,4.75541753531e-7,2.80432232103e-7,2.64105239012e-7,1.07542277306e-7,7.51214273009e-8,5.58430990338e-8,1.41507010554e-8,5.36388156114e-10],"dvar2":[0.00000120611605325,0.00119156530127,0.000135834416142,0.0000314864555548,0.0000715869900887,0.00000926097982301,0.0000029562797863,0.00000700105192664,0.00000309734582515,7.40578286695e-7,7.46171338051e-7,7.82325798809e-7,4.71996685292e-7,5.36465392997e-7,3.7699544464e-7,5.81218046136e-7,0.00000129371039748,0.00000125398571527,7.61615353895e-7,0.00000132035336264,7.40019288514e-7,6.85718930526e-7,2.62654936023e-7,1.90480960782e-7,1.50377019281e-7,3.90027601327e-8,1.5001723197e-9],"max":[0.00841745082289,0.171063616872,0.0789802521467,0.0481384880841,0.0671662986279,0.0407830439508,0.0231086686254,0.0252621937543,0.0233280118555,0.0133471246809,0.0120153650641,0.0118289859965,0.0106622837484,0.0149823119864,0.00899950228631,0.00569887598976,0.011032932438,0.0077736582607,0.00894784554839,0.00905551854521,0.00760176032782,0.00741753028706,0.00560910999775,0.00396900670603,0.00287885195576,0.00133081956301,0.000262511515757],"mean":[0.00041056968621,0.00754614779726,0.00360162137076,0.00217377394438,0.00380762782879,0.00148722785525,0.000838924897835,0.00120113347657,0.00105761445593,0.000514399027452,0.000437158334535,0.000466923054773,0.000313107302645,0.000349577574525,0.000366036663763,0.000550064723939,0.000944858358707,0.000849801173899,0.000823409878649,0.000624581880402,0.000486259406898,0.000457957881736,0.000250382901868,0.000162038952112,0.000105575796624,0.0000409553467762,0.00000580861888011],"median":[0.000147535669385,0.00291478075087,0.0020872594323,0.0011711405823,0.00190588296391,0.000713505141903,0.000488209101604,0.000405627593864,0.000479362235637,0.000280128617305,0.000216980712139,0.000187579687918,0.000146617210703,0.000165254896274,0.000201101996936,0.000408274034271,0.000673936447129,0.00061443541199,0.000674545823131,0.00049690681044,0.000348090979969,0.000291225762339,0.000127884588437,0.0000762668132666,0.0000419932111981,0.0000145446419992,0.00000150767436935],"min":[2.03662823142e-24,6.80091107001e-24,9.74185039456e-25,3.62694948172e-25,1.20253877506e-23,1.58205675889e-23,1.69978620261e-23,1.20551704052e-23,9.96293300199e-24,2.21072667776e-23,6.80994273852e-24,4.23461985427e-23,3.03006175306e-23,2.86972261863e-23,7.20149479546e-23,5.4673929857e-23,8.68245934488e-23,1.05496476692e-22,1.13349744775e-22,1.72323913199e-22,2.79383003437e-22,3.93131015684e-22,4.16086262181e-22,5.63082754721e-22,9.48707500145e-22,1.44596583291e-21,2.03843677393e-21],"var":[6.60334478653e-7,0.000348901288817,0.0000339832076861,0.0000104292257674,0.000035378474422,0.00000642818349661,0.00000176899311555,0.00000509058963871,0.00000339438497576,6.60768591842e-7,5.10844529344e-7,6.04163290063e-7,2.81094742149e-7,4.03248947123e-7,3.2572688724e-7,3.19427869044e-7,0.00000109816892291,6.92855849138e-7,4.7071625886e-7,4.46449149649e-7,3.28927825421e-7,3.59999546617e-7,1.5754231697e-7,8.80446009432e-8,5.35785424916e-8,1.0954008367e-8,3.65114327661e-10]},"barkbands_crest":{"dmean":2.93207836151,"dmean2":4.69265985489,"dvar":9.30254936218,"dvar2":22.250869751,"max":26.833032608,"mean":8.38160991669,"median":7.2450261116,"min":2.16471910477,"var":18.1051273346},"barkbands_flatness_db":{"dmean":0.0225828997791,"dmean2":0.0346621721983,"dvar":0.000713206478395,"dvar2":0.00154805148486,"max":0.520317614079,"mean":0.0929239988327,"median":0.0823151022196,"min":0.0150762926787,"var":0.00201763492078},"barkbands_kurtosis":{"dmean":3.64713859558,"dmean2":5.96558332443,"dvar":437.544036865,"dvar2":958.741760254,"max":987.91973877,"mean":2.6263988018,"median":-0.252078533173,"min":-1.92993247509,"var":511.137451172},"barkbands_skewness":{"dmean":0.669335126877,"dmean2":1.01185894012,"dvar":0.869580924511,"dvar2":1.85691273212,"max":24.8682785034,"mean":1.18387651443,"median":0.971559643745,"min":-5.89006185532,"var":1.80642545223},"barkbands_spread":{"dmean":8.05061912537,"dmean2":12.5739364624,"dvar":67.1301269531,"dvar2":158.307113647,"max":101.909431458,"mean":36.0474586487,"median":36.7402153015,"min":0.157861411572,"var":188.086334229},"dissonance":{"dmean":0.0102512016892,"dmean2":0.0170072428882,"dvar":0.000125193211716,"dvar2":0.000320437247865,"max":0.500000119209,"mean":0.481399476528,"median":0.485665678978,"min":0.229007765651,"var":0.000312121468596},"dynamic_complexity":2.25504302979,"erbbands":{"dmean":[0.213854342699,1.78901314735,3.64675784111,5.17808771133,8.16813087463,9.30928516388,11.5536241531,6.0385761261,6.65391206741,13.122885704,17.3894004822,14.4879283905,10.4187784195,8.66822338104,11.2655515671,11.2628974915,8.418800354,11.8935213089,10.1590051651,11.0925064087,19.2649116516,26.2695159912,24.9045333862,22.5755195618,17.5619544983,15.6169099808,13.0645542145,9.52802276611,8.9527721405,5.59575843811,3.91314554214,2.21451401711,1.54652917385,0.814022958279,0.53372323513,0.184054076672,0.0626282691956,0.0103416722268,0.000927613058593,0.0000640276630293],"dmean2":[0.340360343456,3.16060972214,6.41407871246,9.00211715698,14.0989351273,15.0605802536,18.4019546509,10.0770645142,11.1758928299,21.2810153961,27.5963153839,22.1149749756,16.9900932312,14.0743637085,18.1559658051,18.1872634888,13.6414241791,19.2820148468,16.3797626495,18.1533164978,32.0801734924,43.5778121948,41.4230728149,37.9916343689,28.8377380371,26.6486186981,22.1588859558,15.8869934082,14.7750406265,9.06083774567,6.35979604721,3.45304250717,2.47010064125,1.2651116848,0.879723906517,0.297253668308,0.105649344623,0.0174666773528,0.00155440694652,0.000106641746243],"dvar":[0.291618287563,27.5117549896,78.773979187,66.3069229126,430.341491699,339.221099854,501.966369629,139.640792847,143.110290527,1023.55609131,1325.67749023,626.597839355,409.127044678,303.876098633,518.769714355,459.225891113,237.780990601,648.364074707,420.814880371,269.778137207,871.848449707,1504.01208496,1364.11999512,1183.79321289,636.329467773,978.174133301,617.686889648,436.429107666,382.561431885,151.873962402,100.129966736,32.3247299194,20.6884098053,5.67787027359,3.45373463631,0.343038290739,0.0581054128706,0.00157677463721,0.0000117660465548,4.32329407829e-8],"dvar2":[0.692654550076,76.3073043823,225.961074829,187.187072754,1182.34338379,811.888427734,1153.65454102,365.747161865,382.725860596,2310.53320312,3192.55932617,1478.60412598,1023.25732422,757.828308105,1299.99389648,1179.31140137,587.169921875,1579.17346191,1026.72692871,674.056274414,2310.42626953,3869.1965332,3695.23583984,3188.12231445,1686.98547363,2696.08300781,1660.71447754,1133.83300781,995.826171875,381.570983887,251.244415283,77.0615921021,53.7661857605,14.5686597824,9.47263813019,0.929545640945,0.1629678756,0.00439417455345,0.0000327999259753,1.20078183841e-7],"max":[4.56859064102,42.8111305237,105.438613892,92.5572738647,283.989074707,348.65447998,360.18951416,207.368087769,203.572174072,729.536621094,624.947143555,532.309997559,602.821594238,405.137939453,442.535858154,566.718261719,348.503997803,836.971801758,514.614013672,280.836914062,413.583282471,552.135559082,433.789794922,459.303771973,563.226806641,476.660827637,504.007415771,308.031341553,325.784484863,205.336685181,159.034393311,90.4526748657,67.9803314209,35.6577186584,21.5886325836,6.1554813385,2.69522023201,0.423710107803,0.040521197021,0.00255067716353],"mean":[0.226786211133,1.64191687107,4.10024547577,6.19152212143,9.09561252594,12.9487295151,17.3583278656,9.08815956116,10.0705575943,20.0559711456,28.3040275574,23.1672325134,18.0409564972,14.7867298126,19.0223522186,19.1805858612,14.6597299576,19.0878257751,17.8701305389,21.5576534271,36.3219947815,52.3306884766,49.4255332947,43.7879714966,37.3980445862,28.7343826294,23.9469909668,16.9552650452,17.0471725464,11.179681778,6.73253536224,3.88525271416,2.42954683304,1.32988929749,0.670837104321,0.238334357738,0.0669281855226,0.0106031149626,0.000931040209252,0.0000833841913845],"median":[0.0801477655768,0.612040996552,2.24577856064,3.93090939522,4.16030454636,5.95214986801,7.24610805511,5.12838792801,6.38421726227,8.89657020569,10.1346664429,11.3833904266,9.17013168335,8.68841266632,8.16723251343,8.42733001709,7.45559453964,8.83829021454,9.14713096619,15.1115732193,27.5175571442,38.4287872314,36.5404891968,35.0513420105,30.5877494812,23.1823368073,17.7924957275,11.5805139542,10.8673591614,6.26518344879,3.34161162376,1.86175894737,1.08645141125,0.547326982021,0.25448769331,0.0933630764484,0.0204553827643,0.00287942681462,0.000264484871877,0.0000474603548355],"min":[1.82717490102e-22,5.82873040779e-22,2.29230892446e-21,7.38610975478e-21,1.3730190042e-20,2.31413001364e-20,7.53803294495e-20,9.12405354182e-20,1.52534224605e-19,3.03450070342e-19,3.06311805068e-19,2.54846255867e-19,5.0755683479e-19,7.8951070406e-19,7.25574657492e-19,1.78598861483e-18,1.60517096543e-18,2.46230409815e-18,3.11281940458e-18,4.09336529976e-18,4.02231007156e-18,5.82784434387e-18,5.68812361224e-18,6.04653683576e-18,8.3612475108e-18,8.69507279061e-18,8.24253303083e-18,1.05816699358e-17,1.19544721153e-17,1.27147172726e-17,1.28335624472e-17,1.00226083383e-17,1.04160634141e-17,8.73262182734e-18,6.33023662481e-18,4.823964304e-18,2.54947714739e-18,9.86941035291e-19,2.64366432633e-19,2.62905641365e-20],"var":[0.282032549381,18.5482902527,54.2974586487,60.562538147,340.876525879,517.101318359,878.63671875,176.469955444,177.748382568,1656.4786377,2916.31982422,1248.80834961,1000.9105835,539.223266602,1099.97705078,904.492614746,456.964996338,1153.20202637,931.641113281,523.968994141,1295.04040527,3053.38208008,2293.13061523,1499.1907959,1062.0501709,936.73638916,710.703063965,514.771606445,496.283874512,250.794311523,128.389068604,45.0192527771,22.505033493,6.84618759155,2.77750110626,0.291904360056,0.0409112349153,0.00110916804988,0.00000822719721327,3.00404359166e-8]},"erbbands_crest":{"dmean":2.07612299919,"dmean2":3.40599226952,"dvar":5.05566596985,"dvar2":11.8755512238,"max":31.5366821289,"mean":6.89790534973,"median":5.85211133957,"min":2.10843467712,"var":12.0368070602},"erbbands_flatness_db":{"dmean":0.0146051328629,"dmean2":0.0212791692466,"dvar":0.000262758054305,"dvar2":0.000529015960637,"max":0.433462262154,"mean":0.131701156497,"median":0.127900987864,"min":0.0301433820277,"var":0.00116097531281},"erbbands_kurtosis":{"dmean":0.955727875233,"dmean2":1.53906059265,"dvar":12.8240919113,"dvar2":29.89868927,"max":143.030899048,"mean":0.0946344137192,"median":-0.529783248901,"min":-1.8759496212,"var":16.7280101776},"erbbands_skewness":{"dmean":0.359036058187,"dmean2":0.546429753304,"dvar":0.212951049209,"dvar2":0.441298961639,"max":10.4555110931,"mean":-0.41440859437,"median":-0.495490789413,"min":-5.66163444519,"var":0.633954584599},"erbbands_spread":{"dmean":9.32292556763,"dmean2":14.7490024567,"dvar":94.8016815186,"dvar2":226.478240967,"max":145.127929688,"mean":47.3052101135,"median":45.7213439941,"min":1.48092126846,"var":247.899276733},"gfcc":{"cov":[[12893.7353516,125.552360535,-971.242614746,287.983062744,-386.898406982,229.879364014,-158.683502197,200.026702881,-206.994430542,92.2705230713,-145.064910889,112.465057373,-58.5256500244],[125.552360535,792.385192871,-162.917694092,85.8595199585,128.66583252,-77.7880554199,81.8687667847,2.97966527939,27.7713565826,-61.0928649902,48.3182067871,-44.8851623535,34.54920578],[-971.242614746,-162.917694092,557.97467041,15.2253379822,78.0465774536,44.3226280212,-16.8052616119,30.0151786804,19.2227115631,23.9021682739,-27.5815181732,15.7102603912,7.03400611877],[287.983062744,85.8595199585,15.2253379822,255.412384033,115.456214905,7.42926454544,15.6949872971,0.563975632191,29.4467277527,9.64070415497,-7.92372560501,-6.21028470993,25.3346557617],[-386.898406982,128.66583252,78.0465774536,115.456214905,329.650909424,39.2233467102,50.5838317871,33.1464195251,27.5698337555,30.8493499756,-8.95601844788,-10.3829030991,15.8229103088],[229.879364014,-77.7880554199,44.3226280212,7.42926454544,39.2233467102,168.572357178,63.6556625366,23.0992221832,-16.4460144043,23.9013595581,10.8901185989,4.96103048325,-17.2435398102],[-158.683502197,81.8687667847,-16.8052616119,15.6949872971,50.5838317871,63.6556625366,159.239303589,43.2604370117,14.1859645844,4.36728525162,18.5068321228,-4.92796993256,-9.46502494812],[200.026702881,2.97966527939,30.0151786804,0.563975632191,33.1464195251,23.0992221832,43.2604370117,124.390663147,47.4668388367,16.8701725006,-7.97421312332,2.60194635391,-4.3387594223],[-206.994430542,27.7713565826,19.2227115631,29.4467277527,27.5698337555,-16.4460144043,14.1859645844,47.4668388367,97.2791671753,21.0339298248,-2.48583936691,-7.33620166779,3.74137234688],[92.2705230713,-61.0928649902,23.9021682739,9.64070415497,30.8493499756,23.9013595581,4.36728525162,16.8701725006,21.0339298248,76.8644561768,14.4790487289,11.5082988739,2.42832922935],[-145.064910889,48.3182067871,-27.5815181732,-7.92372560501,-8.95601844788,10.8901185989,18.5068321228,-7.97421312332,-2.48583936691,14.4790487289,73.6975326538,23.5544986725,9.18349552155],[112.465057373,-44.8851623535,15.7102603912,-6.21028470993,-10.3829030991,4.96103048325,-4.92796993256,2.60194635391,-7.33620166779,11.5082988739,23.5544986725,67.8034820557,26.3100147247],[-58.5256500244,34.54920578,7.03400611877,25.3346557617,15.8229103088,-17.2435398102,-9.46502494812,-4.3387594223,3.74137234688,2.42832922935,9.18349552155,26.3100147247,62.4276046753]],"icov":[[0.000188097110367,-0.000261458393652,0.000356160308002,-0.000436565867858,0.000424927275162,-0.000483484123833,0.000496074324474,-0.000659897399601,0.000676571333315,-0.000649264664389,0.000887679983862,-0.000728848099243,0.000407474784879],[-0.000261458393652,0.0025919387117,-0.0000447389174951,0.000353019655449,-0.00155246630311,0.0018564730417,-0.00166536739562,0.00071093213046,-0.00116407789756,0.00291534117423,-0.00349505315535,0.00300508178771,-0.00191058043856],[0.000356160308002,-0.0000447389174951,0.00278883054852,-0.000732317334041,0.000149866522406,-0.00135841616429,0.00131856603548,-0.00147810101043,0.00082771218149,-0.00101505487692,0.00214300537482,-0.00170364661608,0.000418232753873],[-0.000436565867858,0.000353019655449,-0.000732317334041,0.00608326774091,-0.00247215293348,0.000575886515435,-0.00116087100469,0.00257224938832,-0.00310494401492,0.00145136227366,-0.0012082568137,0.00197701901197,-0.00272828922607],[0.000424927275162,-0.00155246630311,0.000149866522406,-0.00247215293348,0.00552750937641,-0.00189544691239,0.000516113999765,-0.00188965955749,0.00178127118852,-0.00365893030539,0.00345128681511,-0.00143922306597,0.000400706543587],[-0.000483484123833,0.0018564730417,-0.00135841616429,0.000575886515435,-0.00189544691239,0.0103433402255,-0.00488869752735,0.000571455282625,0.00126727274619,0.000134220419568,-0.00384318642318,0.00217426195741,0.000642442086246],[0.000496074324474,-0.00166536739562,0.00131856603548,-0.00116087100469,0.000516113999765,-0.00488869752735,0.0107540311292,-0.00420821737498,0.00109856086783,-0.000768151599914,0.00053906312678,-0.00174343434628,0.00218563573435],[-0.000659897399601,0.00071093213046,-0.00147810101043,0.00257224938832,-0.00188965955749,0.000571455282625,-0.00420821737498,0.014112954028,-0.00802844855934,0.00146627740469,-0.000316826917697,0.000152508917381,-0.000503360875882],[0.000676571333315,-0.00116407789756,0.00082771218149,-0.00310494401492,0.00178127118852,0.00126727274619,0.00109856086783,-0.00802844855934,0.0177148561925,-0.0063941013068,0.00272787758149,-0.0000396138748329,0.000754905922804],[-0.000649264664389,0.00291534117423,-0.00101505487692,0.00145136227366,-0.00365893030539,0.000134220419568,-0.000768151599914,0.00146627740469,-0.0063941013068,0.0204267855734,-0.00819524843246,0.00209275539964,-0.00183460908011],[0.000887679983862,-0.00349505315535,0.00214300537482,-0.0012082568137,0.00345128681511,-0.00384318642318,0.00053906312678,-0.000316826917697,0.00272787758149,-0.00819524843246,0.0240595340729,-0.0111576793715,0.00245710415766],[-0.000728848099243,0.00300508178771,-0.00170364661608,0.00197701901197,-0.00143922306597,0.00217426195741,-0.00174343434628,0.000152508917381,-0.0000396138748329,0.00209275539964,-0.0111576793715,0.0260526631027,-0.0116626536474],[0.000407474784879,-0.00191058043856,0.000418232753873,-0.00272828922607,0.000400706543587,0.000642442086246,0.00218563573435,-0.000503360875882,0.000754905922804,-0.00183460908011,0.00245710415766,-0.0116626536474,0.0234701689333]],"mean":[24.9214935303,69.1145019531,-118.373535156,54.9968910217,-56.4831771851,6.40841770172,-33.8397407532,13.0781478882,-22.4989910126,-1.13860201836,-18.4109134674,1.61796295643,-12.7085609436]},"hfc":{"dmean":10.0643930435,"dmean2":16.1944618225,"dvar":461.802032471,"dvar2":1244.80603027,"max":253.413772583,"mean":28.6143741608,"median":25.3302993774,"min":1.08513020296e-16,"var":517.590942383},"melbands":{"dmean":[0.00200091069564,0.00207394082099,0.000963495869655,0.00059052312281,0.000402683304856,0.000146385136759,0.000104276230559,0.000149634288391,0.000149702333147,0.0000838371997816,0.0000516609325132,0.0000350896334567,0.0000361790480383,0.0000321361440001,0.0000270767377515,0.0000199132937269,0.0000239407181652,0.000016676107407,0.0000159069059009,0.0000193397172552,0.0000257328738371,0.0000297657734336,0.0000274134254141,0.0000215209474845,0.0000199428686756,0.0000151985886987,0.0000130087000798,0.0000105515091491,0.00000981989978754,0.00000600649764237,0.00000596674180997,0.00000538611493539,0.00000460564888272,0.00000286200656774,0.00000254940414379,0.00000157863121331,0.00000137377594456,0.00000110551877697,0.00000103188779121,6.07733852576e-7],"dmean2":[0.00330520700663,0.00364456046373,0.00167245289776,0.000981412595138,0.000634835916571,0.000241309768171,0.000174387416337,0.000242994399741,0.000234250182984,0.000128736734041,0.0000846359980642,0.0000569880394323,0.0000587682770856,0.000051364855608,0.0000445371224487,0.0000323612948705,0.000039109516365,0.0000270405198535,0.0000260524284386,0.0000320246363117,0.000043111092964,0.0000494479318149,0.0000458970607724,0.0000359640907845,0.0000337962592312,0.000025083325454,0.0000221140890062,0.0000180207425728,0.0000167736416188,0.0000100649031083,0.0000099286371551,0.00000888302838575,0.0000076984797488,0.00000460434921479,0.0000042162405407,0.00000247656635111,0.00000220154174713,0.00000178836057785,0.00000171299734575,9.39920937526e-7],"dvar":[0.0000291488395305,0.0000291475098493,0.00000275771594715,0.00000159298315339,5.28450129877e-7,7.86319276358e-8,3.50751960809e-8,1.23648078443e-7,9.28259851207e-8,2.09833181941e-8,9.99943416957e-9,5.03423791542e-9,5.04811259461e-9,4.00846289494e-9,2.53028109576e-9,1.90948368228e-9,2.67814659338e-9,1.19180254554e-9,8.35240432373e-10,8.17041101442e-10,1.56765955772e-9,1.99837768555e-9,1.62652324942e-9,1.11978359918e-9,9.21195009163e-10,3.96394000957e-10,5.58298907105e-10,4.32471169987e-10,3.46326661793e-10,1.41863076841e-10,1.5695700295e-10,1.21544149745e-10,1.22443971629e-10,3.86085712012e-11,4.28709637235e-11,1.44030993729e-11,1.41633189552e-11,9.84295978057e-12,1.15134134865e-11,2.59614205134e-12],"dvar2":[0.0000741744588595,0.0000818504558993,0.00000761604906074,0.00000414913483837,0.0000012218986285,2.00341006007e-7,9.26446404037e-8,2.87666637178e-7,2.21794905997e-7,4.96686993756e-8,2.50185259176e-8,1.24025021364e-8,1.28296013813e-8,9.93281812356e-9,6.33390184746e-9,4.75179451342e-9,6.56787380038e-9,2.85663626087e-9,2.05999906022e-9,2.11239092884e-9,4.14748235755e-9,5.1164086301e-9,4.3068850708e-9,3.02204994362e-9,2.48449127938e-9,1.04643149701e-9,1.54465751301e-9,1.17704601621e-9,9.37543820356e-10,3.71179365022e-10,4.05189437558e-10,3.0916103011e-10,3.31004668119e-10,9.48357295472e-11,1.0984067822e-10,3.18427645363e-11,3.57044949162e-11,2.542673537e-11,3.16482465235e-11,6.17125014285e-12],"max":[0.0439635775983,0.0538077279925,0.0174700468779,0.0161145683378,0.0127056939527,0.00491089792922,0.00317747192457,0.006977816578,0.0055204522796,0.00315770343877,0.0029145446606,0.00160270661581,0.00130986829754,0.00126276840456,0.00141081342008,0.0011392289307,0.00159761856776,0.000989552005194,0.000709274318069,0.00044230473577,0.000629578891676,0.000679929507896,0.000803171133157,0.000520444067661,0.000402917037718,0.000412288121879,0.000369237706764,0.000354066083673,0.000385162653401,0.000148722872837,0.000199193062144,0.000209621939575,0.000186322897207,0.000106178129499,0.0000973003625404,0.0000735874928068,0.0000698700750945,0.0000552130986762,0.0000511838297825,0.000027418247555],"mean":[0.00206120288931,0.00221049576066,0.00117098272312,0.000773599196691,0.00062323739985,0.000223528433708,0.000156332476763,0.00022655648354,0.000247101503192,0.000132797373226,0.0000859081628732,0.0000563098474231,0.0000593865734118,0.000052685092669,0.0000439640025434,0.0000305596549879,0.0000360187841579,0.0000269015436061,0.0000277771796391,0.0000331149167323,0.0000447056700068,0.0000546092815057,0.000051623534091,0.0000381922000088,0.0000353046416421,0.0000302957050735,0.0000233908958762,0.0000177053079824,0.0000164803750522,0.0000104108694359,0.00000981425728241,0.00000990762146102,0.00000823690697871,0.00000545920056538,0.00000409433323512,0.00000281165807792,0.00000218127024709,0.00000172753891547,0.00000142264991609,0.00000102892829545],"median":[0.000776290544309,0.00116343842819,0.000731846492272,0.000372162670828,0.000285833550151,0.000124277765281,0.0000991212218651,0.0000926300344872,0.0000917777142604,0.0000662438687868,0.000041890754801,0.0000320513281622,0.0000271067783615,0.0000213652456296,0.0000198667821678,0.000013826630493,0.0000162128908414,0.0000129570571517,0.0000164618959388,0.0000235768729908,0.0000332551826432,0.0000386641477235,0.0000361826132576,0.0000271687767963,0.000027271489671,0.0000243333761318,0.0000178483933269,0.0000135202744787,0.0000116551991596,0.00000743471855458,0.00000612599706074,0.00000620674518359,0.00000464998083771,0.0000028942422432,0.00000199737087314,0.0000013365228142,9.96327912617e-7,7.8335398257e-7,5.53981521989e-7,4.15549408217e-7],"min":[2.34871619945e-24,1.02886335538e-24,2.79354125605e-24,2.13600991433e-24,2.24715233006e-24,2.24296604245e-24,2.80039961276e-24,2.63423809321e-24,1.91018802781e-24,1.32611511776e-24,2.10713247761e-24,3.36084761782e-24,1.51567227961e-24,4.73803704185e-24,4.72626447613e-24,3.48573770975e-24,3.8703496051e-24,3.46276844677e-24,4.92714120032e-24,3.43245804421e-24,4.36441831764e-24,5.92219732996e-24,4.26495045167e-24,4.6224464367e-24,3.77838301748e-24,4.38723572489e-24,4.64261208802e-24,4.43544222595e-24,3.42571683334e-24,6.08886667873e-24,6.26221649607e-24,6.25263972468e-24,5.72641664722e-24,6.10242009794e-24,6.25089082005e-24,6.08594158249e-24,5.40017217581e-24,6.03712292537e-24,6.18588670931e-24,6.72666190389e-24],"var":[0.0000247422522079,0.0000199880250875,0.00000243959584623,0.0000017599735429,9.6661506177e-7,1.11306718509e-7,4.38945697567e-8,2.08077210573e-7,2.33452126963e-7,4.05589197783e-8,2.42062245803e-8,8.64332072581e-9,9.95656357361e-9,7.98230104238e-9,4.89066165343e-9,2.9740661045e-9,4.46602754778e-9,2.36442820878e-9,1.57907931175e-9,1.30292443501e-9,2.21377205456e-9,3.77012154829e-9,3.28192517607e-9,1.48696455149e-9,1.11866071961e-9,7.23457349583e-10,6.08573802463e-10,4.20836393511e-10,3.90106474901e-10,1.63892899252e-10,1.91669471961e-10,1.66667957213e-10,1.48793879995e-10,6.55037690755e-11,5.11262733538e-11,2.31978741771e-11,1.65479817349e-11,1.09567667439e-11,1.04615534985e-11,3.76653873022e-12]},"melbands_crest":{"dmean":3.84442543983,"dmean2":6.06745195389,"dvar":11.7769260406,"dvar2":27.8338737488,"max":36.4035568237,"mean":13.3700609207,"median":12.4429254532,"min":1.74805784225,"var":28.3450202942},"melbands_flatness_db":{"dmean":0.0321701206267,"dmean2":0.0485719628632,"dvar":0.001227556495,"dvar2":0.0026932193432,"max":0.615243911743,"mean":0.151457041502,"median":0.141959130764,"min":0.00350571493618,"var":0.00361378584057},"melbands_kurtosis":{"dmean":10.2439002991,"dmean2":16.4337558746,"dvar":724.98626709,"dvar2":1731.24291992,"max":854.157470703,"mean":13.1375846863,"median":6.12216281891,"min":-1.9000210762,"var":857.141662598},"melbands_skewness":{"dmean":0.988845467567,"dmean2":1.51600944996,"dvar":1.5351177454,"dvar2":3.47688817978,"max":22.9602890015,"mean":2.80305337906,"median":2.4262304306,"min":-3.42452049255,"var":3.05164670944},"melbands_spread":{"dmean":12.5871810913,"dmean2":19.3563041687,"dvar":198.376846313,"dvar2":427.857208252,"max":261.303405762,"mean":37.694770813,"median":34.1745643616,"min":0.262836009264,"var":574.973022461},"mfcc":{"cov":[[6837.08740234,258.467163086,-224.807754517,-5.69894218445,-141.715820312,24.4568138123,26.1039199829,58.7411384583,32.9378471375,-18.329410553,10.3815135956,48.5256385803,4.34794235229],[258.467163086,664.388916016,-136.720947266,126.532363892,40.2841720581,-28.4441547394,48.3731956482,41.8344421387,17.3580970764,3.37840247154,4.73084449768,0.468600720167,8.21371936798],[-224.807754517,-136.720947266,395.515960693,-30.9662723541,9.75620174408,-3.96233439445,-18.2039546967,4.2709941864,3.1030163765,1.73259651661,-10.8680210114,-2.6209192276,-0.521739780903],[-5.69894218445,126.532363892,-30.9662723541,277.519683838,113.023696899,28.5204315186,0.0288271717727,2.76484560966,60.9308280945,1.50333833694,-5.01461744308,17.2826137543,9.04753875732],[-141.715820312,40.2841720581,9.75620174408,113.023696899,223.689682007,46.3112411499,14.4307804108,-6.22785758972,49.9592895508,19.2327766418,-4.27118682861,15.0423383713,0.491372555494],[24.4568138123,-28.4441547394,-3.96233439445,28.5204315186,46.3112411499,146.56640625,71.0990982056,3.2854115963,9.33546638489,1.48845660686,15.064368248,2.08056521416,1.12955701351],[26.1039199829,48.3731956482,-18.2039546967,0.0288271717727,14.4307804108,71.0990982056,145.583709717,41.8825454712,15.6380434036,7.3526391983,19.2059898376,14.4829301834,12.2202301025],[58.7411384583,41.8344421387,4.2709941864,2.76484560966,-6.22785758972,3.2854115963,41.8825454712,98.8519134521,32.5940971375,17.454832077,14.5985870361,12.4036388397,13.6968784332],[32.9378471375,17.3580970764,3.1030163765,60.9308280945,49.9592895508,9.33546638489,15.6380434036,32.5940971375,110.231742859,38.3342323303,12.5272541046,19.1194171906,6.96318864822],[-18.329410553,3.37840247154,1.73259651661,1.50333833694,19.2327766418,1.48845660686,7.3526391983,17.454832077,38.3342323303,74.8175964355,33.9354667664,13.488073349,3.30154824257],[10.3815135956,4.73084449768,-10.8680210114,-5.01461744308,-4.27118682861,15.064368248,19.2059898376,14.5985870361,12.5272541046,33.9354667664,66.6290130615,19.549118042,2.22546648979],[48.5256385803,0.468600720167,-2.6209192276,17.2826137543,15.0423383713,2.08056521416,14.4829301834,12.4036388397,19.1194171906,13.488073349,19.549118042,60.219783783,24.0170764923],[4.34794235229,8.21371936798,-0.521739780903,9.04753875732,0.491372555494,1.12955701351,12.2202301025,13.6968784332,6.96318864822,3.30154824257,2.22546648979,24.0170764923,54.7112083435]],"icov":[[0.000156787253218,-0.0000675827541272,0.0000686428538756,0.0000296835405607,0.000144643388921,-0.000124793557916,0.0000798842593213,-0.0000630373906461,-0.000102810008684,0.0000683771431795,0.0000649819412502,-0.000209411256947,0.0000908903311938],[-0.0000675827541272,0.00201516505331,0.000548540672753,-0.00103330356069,-0.000277744926279,0.00121543265413,-0.00106295011938,-0.00062056502793,0.000560648215469,-0.000113083260658,-0.000233444705373,0.000746431876905,-0.000133580804686],[0.0000686428538756,0.000548540672753,0.0028144295793,0.000210966565646,-0.000299631763482,0.0000627802364761,0.000267016614089,-0.000567655952182,-0.000070607442467,-0.0000841302826302,0.000490295991767,0.000020567986212,-0.0000268980147666],[0.0000296835405607,-0.00103330356069,0.000210966565646,0.00569428503513,-0.00199954747222,-0.00117787881754,0.0013616764918,0.000342713959981,-0.00274616200477,0.00181336305104,0.0000597087491769,-0.000842228822876,-0.000527167401742],[0.000144643388921,-0.000277744926279,-0.000299631763482,-0.00199954747222,0.0066940439865,-0.00193707400467,0.0000448373575637,0.00114330160432,-0.00150595209561,-0.00175669882447,0.00200571445748,-0.00156055646949,0.000942780519836],[-0.000124793557916,0.00121543265413,0.0000627802364761,-0.00117787881754,-0.00193707400467,0.0109504340217,-0.0058930455707,0.00141224300023,0.000425992504461,0.00104111188557,-0.00261302501895,0.00222819554619,-0.000212028287933],[0.0000798842593213,-0.00106295011938,0.000267016614089,0.0013616764918,0.0000448373575637,-0.0058930455707,0.0115830553696,-0.00391365587711,-0.000488438352477,0.000846440787427,-0.00074933009455,-0.00170918332879,-0.000763674848713],[-0.0000630373906461,-0.00062056502793,-0.000567655952182,0.000342713959981,0.00114330160432,0.00141224300023,-0.00391365587711,0.0139193711802,-0.00380814471282,-0.000650260015391,-0.00113647640683,0.000255961436778,-0.00215610978194],[-0.000102810008684,0.000560648215469,-0.000070607442467,-0.00274616200477,-0.00150595209561,0.000425992504461,-0.000488438352477,-0.00380814471282,0.0148085048422,-0.00673484988511,0.00172533059958,-0.0019213691121,0.000739620358218],[0.0000683771431795,-0.000113083260658,-0.0000841302826302,0.00181336305104,-0.00175669882447,0.00104111188557,0.000846440787427,-0.000650260015391,-0.00673484988511,0.021935550496,-0.0103917839006,0.00060498691164,-0.00063053809572],[0.0000649819412502,-0.000233444705373,0.000490295991767,0.0000597087491769,0.00200571445748,-0.00261302501895,-0.00074933009455,-0.00113647640683,0.00172533059958,-0.0103917839006,0.0232085231692,-0.00701589277014,0.00305579602718],[-0.000209411256947,0.000746431876905,0.000020567986212,-0.000842228822876,-0.00156055646949,0.00222819554619,-0.00170918332879,0.000255961436778,-0.0019213691121,0.00060498691164,-0.00701589277014,0.0243735443801,-0.00987631548196],[0.0000908903311938,-0.000133580804686,-0.0000268980147666,-0.000527167401742,0.000942780519836,-0.000212028287933,-0.000763674848713,-0.00215610978194,0.000739620358218,-0.00063053809572,0.00305579602718,-0.00987631548196,0.0232389196754]],"mean":[-608.718994141,90.3373794556,-2.53409814835,43.31508255,2.79560279846,2.1220498085,-1.67563295364,9.36909294128,1.21763241291,-0.399172127247,0.422001510859,-0.150318697095,-1.13090646267]},"pitch_salience":{"dmean":0.0854082480073,"dmean2":0.136352956295,"dvar":0.00720940763131,"dvar2":0.0168649293482,"max":0.987408161163,"mean":0.603761196136,"median":0.624722957611,"min":0.0582916736603,"var":0.0141972666606},"silence_rate_20dB":{"dmean":0,"dmean2":0,"dvar":0,"dvar2":0,"max":1,"mean":1,"median":1,"min":1,"var":0},"silence_rate_30dB":{"dmean":0.0399592258036,"dmean2":0.0799265950918,"dvar":0.0383615344763,"dvar2":0.100663796067,"max":1,"mean":0.973601043224,"median":1,"min":0,"var":0.0257039312273},"silence_rate_60dB":{"dmean":0.0175331290811,"dmean2":0.0350698344409,"dvar":0.0172236245126,"dvar2":0.0385278686881,"max":1,"mean":0.0464784428477,"median":0,"min":0,"var":0.0443244054914},"spectral_centroid":{"dmean":331.904785156,"dmean2":513.922546387,"dvar":121449.976562,"dvar2":258946.234375,"max":11673.7998047,"mean":2113.09399414,"median":2141.29248047,"min":153.586715698,"var":633826.875},"spectral_complexity":{"dmean":5.28460741043,"dmean2":7.90661621094,"dvar":29.9029846191,"dvar2":58.4643249512,"max":64,"mean":30.2873306274,"median":33,"min":0,"var":177.676605225},"spectral_contrast_coeffs":{"dmean":[0.0566394552588,0.0482625328004,0.037448849529,0.0288470722735,0.0212453454733,0.0192674063146],"dmean2":[0.0924917906523,0.0788704976439,0.0612529069185,0.0476243980229,0.034317035228,0.0299356840551],"dvar":[0.00215894007124,0.0015576693695,0.000913177384064,0.00053414166905,0.000328508205712,0.000344571250025],"dvar2":[0.00553806032985,0.00397634319961,0.00233414908871,0.0014275831636,0.000804153154604,0.000761813193094],"max":[-0.284924119711,-0.387625813484,-0.498534888029,-0.545386552811,-0.545257508755,-0.456761181355],"mean":[-0.647828102112,-0.76075387001,-0.797464907169,-0.804098129272,-0.795999884605,-0.730216145515],"median":[-0.655265390873,-0.76854211092,-0.800940573215,-0.808202683926,-0.799274384975,-0.729328870773],"min":[-0.97768676281,-0.987494289875,-0.973683416843,-0.970536828041,-0.966785430908,-0.966456651688],"var":[0.00721083767712,0.00491988006979,0.00274779601023,0.00180889898911,0.00133702566382,0.00182386802044]},"spectral_contrast_valleys":{"dmean":[0.434772580862,0.393616497517,0.342535406351,0.301337271929,0.271703571081,0.283041745424],"dmean2":[0.691570878029,0.6379596591,0.542643427849,0.461198836565,0.406056433916,0.376498430967],"dvar":[0.17705771327,0.154345482588,0.138086125255,0.127167537808,0.146555438638,0.181668698788],"dvar2":[0.381891936064,0.343883603811,0.281123369932,0.254478245974,0.301239967346,0.321564674377],"max":[-4.87352609634,-4.63429641724,-5.34822654724,-5.79672527313,-5.01420783997,-7.42305755615],"mean":[-7.11570978165,-6.67323970795,-7.28177213669,-7.45662689209,-6.72595405579,-9.67187786102],"median":[-6.74858379364,-6.43805932999,-7.05108451843,-7.21355819702,-6.43148088455,-9.50171852112],"min":[-27.8960361481,-27.7271003723,-27.9461536407,-27.5374221802,-27.5070724487,-27.3495559692],"var":[2.4756424427,2.26818680763,2.22703313828,2.17610096931,2.32009935379,1.98170185089]},"spectral_decrease":{"dmean":3.65699448501e-9,"dmean2":5.93014126693e-9,"dvar":5.08916982347e-17,"dvar2":1.3022652461e-16,"max":1.58355460965e-28,"mean":-7.22748794146e-9,"median":-5.80418424434e-9,"min":-6.21525657607e-8,"var":5.17303005572e-17},"spectral_energy":{"dmean":0.0143967838958,"dmean2":0.0233051311225,"dvar":0.000770699232817,"dvar2":0.00196506036445,"max":0.238858371973,"mean":0.0298737455159,"median":0.0244780685753,"min":9.89686302341e-21,"var":0.000798058463261},"spectral_energyband_high":{"dmean":0.000859102001414,"dmean2":0.0013899137266,"dvar":0.00000413032330471,"dvar2":0.0000109295651782,"max":0.0271931905299,"mean":0.0018106965581,"median":0.00128852622584,"min":7.20439336072e-21,"var":0.00000469289625471},"spectral_energyband_low":{"dmean":0.0105444928631,"dmean2":0.0175825674087,"dvar":0.000650300527923,"dvar2":0.0017018916551,"max":0.227529466152,"mean":0.0127077624202,"median":0.0070082610473,"min":2.26351614513e-23,"var":0.000552571436856},"spectral_energyband_middle_high":{"dmean":0.00190433755051,"dmean2":0.00307710561901,"dvar":0.00000824712697067,"dvar2":0.0000218136883632,"max":0.032891958952,"mean":0.00581489736214,"median":0.00502679636702,"min":1.3181131139e-21,"var":0.0000169499417098},"spectral_energyband_middle_low":{"dmean":0.00513812946156,"dmean2":0.00839896593243,"dvar":0.0000708092920831,"dvar2":0.000184034419362,"max":0.111290097237,"mean":0.0108229489997,"median":0.00812457222492,"min":2.10423181239e-22,"var":0.000102339137811},"spectral_entropy":{"dmean":0.111820265651,"dmean2":0.166821688414,"dvar":0.0305127222091,"dvar2":0.0615971796215,"max":9.82514286041,"mean":7.92053079605,"median":7.94618749619,"min":3.69222545624,"var":0.103804536164},"spectral_flux":{"dmean":0.0307317208499,"dmean2":0.0468446612358,"dvar":0.00197261408903,"dvar2":0.00368460058235,"max":0.44454857707,"mean":0.102181531489,"median":0.0883437097073,"min":6.37629532507e-11,"var":0.00382191408426},"spectral_kurtosis":{"dmean":0.968992114067,"dmean2":1.6349105835,"dvar":2.70040845871,"dvar2":6.87657546997,"max":77.525352478,"mean":3.04478669167,"median":2.81444168091,"min":-1.23401772976,"var":3.88090705872},"spectral_rms":{"dmean":0.00107298558578,"dmean2":0.00165359617677,"dvar":0.00000242459236688,"dvar2":0.0000057038732848,"max":0.0152654033154,"mean":0.00496108597144,"median":0.00488682324067,"min":3.10732624527e-12,"var":0.00000453264829048},"spectral_rolloff":{"dmean":819.038269043,"dmean2":1324.13464355,"dvar":899029.75,"dvar2":1952475.625,"max":20564.2089844,"mean":2504.70385742,"median":2562.45117188,"min":43.06640625,"var":3196209.75},"spectral_skewness":{"dmean":0.15879842639,"dmean2":0.254740089178,"dvar":0.0402217544615,"dvar2":0.0953571423888,"max":7.39108705521,"mean":1.08597695827,"median":1.07999646664,"min":-0.335787564516,"var":0.0982366204262},"spectral_spread":{"dmean":441082.53125,"dmean2":639293.5625,"dvar":547447537664,"dvar2":1213828038660,"max":41645276,"mean":4564673,"median":4215738,"min":1621651,"var":5393798922240},"spectral_strongpeak":{"dmean":0.427362561226,"dmean2":0.734700977802,"dvar":0.510103166103,"dvar2":1.37579500675,"max":10.2695217133,"mean":0.630137324333,"median":0.351304262877,"min":0,"var":0.64154291153},"zerocrossingrate":{"dmean":0.012805362232,"dmean2":0.0148957893252,"dvar":0.000168616039446,"dvar2":0.000203177027288,"max":0.5126953125,"mean":0.0854967460036,"median":0.08056640625,"min":0.005859375,"var":0.00179932359606}},"metadata":{"audio_properties":{"analysis_sample_rate":44100,"bit_rate":0,"codec":"flac","downmix":"mix","equal_loudness":0,"length":227.78666687,"lossless":true,"md5_encoded":"f75c3d44ded042c0d519a2267a620752","replay_gain":-13.6538925171,"sample_rate":44100},"tags":{"acoustid_id":["9d5fc5a0-f01a-4999-b44d-728aec75f8f3"],"album":["Have a Nice Day"],"album artist":["Bon Jovi"],"albumartist":["Bon Jovi"],"albumartistsort":["Bon Jovi"],"artist":["Bon Jovi"],"artistsort":["Bon Jovi"],"asin":["B000ARKEEU"],"date":["2005-10-05"],"disc":["1"],"discid":["BA0E4F0F"],"discnumber":["1"],"disctotal":["1"],"ensemble":["Bon Jovi"],"file_name":"14. Bon Jovi - Unbreakable.flac","genre":["Hard Rock"],"musicbrainz_albumartistid":["5dcdb5eb-cb72-4e6e-9e63-b7bace604965"],"musicbrainz_albumid":["92815309-c979-34be-b550-091f176af182"],"musicbrainz_artistid":["5dcdb5eb-cb72-4e6e-9e63-b7bace604965"],"musicbrainz_recordingid":["22d5d263-dc70-47df-b565-6be7975d86b1"],"originaldate":["2005-08-30"],"releasecountry":["DE"],"releasestatus":["official"],"releasetype":["album"],"replaygain_album_gain":["-9.310000 dB"],"replaygain_track_gain":["-9.030000 dB"],"replaygain_track_peak":["1.000000"],"script":["Latn"],"title":["Unbreakable"],"totaldiscs":["1"],"totaltracks":["15"],"tracknumber":["14"],"tracktotal":["15"],"year":["2005"]},"version":{"essentia":"2.1-beta1","essentia_build_sha":"ca57ba49d9b1854bd80e60cf9ccf267278fb7d6b","essentia_git_sha":"v2.1_beta1-28-g21ef5f4-dirty","extractor":"music 1.0"}},"rhythm":{"beats_count":378,"beats_loudness":{"dmean":0.0278581622988,"dmean2":0.0512916631997,"dvar":0.000455708883237,"dvar2":0.00131932727527,"max":0.171749129891,"mean":0.0625965744257,"median":0.059210345149,"min":1.01010221021e-10,"var":0.000791958649643},"beats_loudness_band_ratio":{"dmean":[0.258496761322,0.117547407746,0.0770225226879,0.0403170064092,0.0449057370424,0.086372345686],"dmean2":[0.498913615942,0.225976169109,0.142189309001,0.0761347785592