{"lowlevel":{"average_loudness":0.774053394794,"barkbands":{"dmean":[0.00011596846889,0.00193383812439,0.000654474250041,0.000559253443498,0.000676858588122,0.000755202840082,0.000731900392566,0.00039912640932,0.000515045365319,0.000442984455731,0.000348526169546,0.000252323923633,0.000312434422085,0.000253142497968,0.000321554834954,0.000260300148511,0.000150936684804,0.000202851078939,0.000262650690274,0.0002337469341,0.000141617638292,0.000159141767654,0.000141365715535,0.00024005062005,0.0000905533743207,0.0000060717152337,2.91357594051e-7],"dmean2":[0.000190180639038,0.00312911625952,0.000996869872324,0.0008710930706,0.00107743346598,0.00121467513964,0.00112387305126,0.000598406069912,0.000772441504523,0.000682705373038,0.000527007097844,0.000380513316486,0.000487670593429,0.000402328150813,0.000497710367199,0.000415516260546,0.000239788452745,0.00032349981484,0.000417758215917,0.00035374154686,0.000217709588469,0.000240210662014,0.000209224352147,0.000323182728607,0.000127857245388,0.00000869461109687,4.64592403659e-7],"dvar":[5.0258229578e-8,0.0000146846386997,0.00000146043714722,0.00000103851925815,0.00000229427996601,0.00000265387188847,0.00000356935288437,0.00000236303503698,0.00000177088713826,0.00000138115660775,9.3399103207e-7,8.19517254058e-7,0.00000118959894735,5.52917526875e-7,6.36789707187e-7,2.89389902264e-7,1.7995091639e-7,1.83178087809e-7,3.77768230919e-7,4.05637536005e-7,1.76875914804e-7,2.2195574445e-7,5.78047263389e-7,0.00000429166630056,5.72204044147e-7,2.00156291541e-9,2.66917152443e-12],"dvar2":[1.30549807409e-7,0.0000375213712687,0.00000333682919518,0.00000251383653449,0.00000553818472326,0.00000620878427071,0.00000832729074318,0.00000498189274367,0.00000367217171515,0.00000292642198474,0.00000169027907759,0.00000142933117786,0.00000219291496251,0.00000120435743156,0.00000134344770686,6.87687588652e-7,4.41183800604e-7,4.23705330377e-7,9.09363905066e-7,8.96102505976e-7,4.1897848746e-7,5.43971225397e-7,0.00000135043057981,0.0000070900546234,0.00000112108830308,4.53423165681e-9,5.96490565274e-12],"max":[0.00330459000543,0.0471895299852,0.0174194686115,0.0203439500183,0.0288433823735,0.034647218883,0.0487117283046,0.0665475204587,0.0366346649826,0.0469717495143,0.0531082451344,0.0486325882375,0.0557935126126,0.0229077860713,0.021758005023,0.0125906663015,0.0149624235928,0.0179929025471,0.0145346103236,0.0178382787853,0.0149918869138,0.0106876641512,0.0409887060523,0.104181684554,0.03846180439,0.00191928166896,0.0000481228271383],"mean":[0.000137470808113,0.00367027404718,0.00152315211017,0.000939663732424,0.000984085723758,0.00136411085259,0.0014649706427,0.000631705159321,0.00100867799483,0.000844421971124,0.000614647229668,0.000412110501202,0.000483234965941,0.000356155389454,0.000552517303731,0.000409578729887,0.000247348507401,0.000370076129911,0.000450565217761,0.000414413370891,0.000192965890164,0.000211552673136,0.000202087685466,0.000370759458747,0.000139737312566,0.00000864197045303,3.91462378957e-7],"median":[0.0000427801933256,0.00269204680808,0.00060143286828,0.000449278915767,0.000424399244366,0.000433682929724,0.000353074399754,0.000134183443151,0.000237718530116,0.000126974482555,0.000133080786327,0.0000733462366043,0.000118532654596,0.0000778838002589,0.000154073015437,0.000161413976457,0.0000890518058441,0.000171938532731,0.000134540547151,0.0000989194522845,0.0000596805766691,0.0000608922855463,0.0000437562121078,0.000015858306142,0.00000872246255312,7.47512217458e-7,3.98736474949e-8],"min":[3.9002175553e-25,1.65749260847e-24,9.39261476929e-25,1.47118042595e-24,7.38004462611e-24,1.00928781146e-23,1.13655687122e-23,8.36541551599e-24,1.00171695558e-23,1.4622111169e-23,1.5719860028e-23,2.35335257165e-23,2.43646948098e-23,3.58664856009e-23,3.96919150994e-23,5.06382342173e-23,7.95055356593e-23,9.19766061555e-23,1.46443923875e-22,1.59079342497e-22,2.3141023871e-22,3.08301331557e-22,3.51323205243e-22,6.0826300233e-22,8.83602670798e-22,1.27411330512e-21,2.02256686151e-21],"var":[6.28389287272e-8,0.000019625398636,0.0000040800196075,0.00000172884995209,0.00000350472464561,0.00000758492888053,0.0000107091827886,0.00000493430525239,0.00000626260589343,0.00000582363645663,0.00000490806678499,0.00000368982523469,0.0000028581762308,9.11618542432e-7,0.00000187477405689,5.65707807709e-7,3.49889660356e-7,6.13985093878e-7,7.1543223612e-7,9.83894665296e-7,2.32253512422e-7,2.74667257827e-7,7.78781043209e-7,0.0000115385246318,0.00000127585997234,3.41545725036e-9,5.21403102985e-12]},"barkbands_crest":{"dmean":2.42810726166,"dmean2":3.87449026108,"dvar":5.87719345093,"dvar2":14.551199913,"max":26.0972080231,"mean":9.67641925812,"median":8.82210350037,"min":2.2591586113,"var":17.6227245331},"barkbands_flatness_db":{"dmean":0.0184947066009,"dmean2":0.0270303245634,"dvar":0.000422393059125,"dvar2":0.000833781552501,"max":0.414703309536,"mean":0.128138378263,"median":0.119957640767,"min":0.0311793852597,"var":0.00246684858575},"barkbands_kurtosis":{"dmean":2.47226977348,"dmean2":3.79918456078,"dvar":42.4733772278,"dvar2":90.8815841675,"max":264.543945312,"mean":4.00325107574,"median":0.795931577682,"min":-1.93089818954,"var":146.892532349},"barkbands_skewness":{"dmean":0.494060188532,"dmean2":0.73442530632,"dvar":0.405351608992,"dvar2":0.851556122303,"max":11.3141088486,"mean":1.33763742447,"median":1.14482021332,"min":-6.64022874832,"var":2.1198682785},"barkbands_spread":{"dmean":6.24803924561,"dmean2":9.4714307785,"dvar":62.5237922668,"dvar2":145.375366211,"max":138.627349854,"mean":26.7442436218,"median":25.1027965546,"min":0.451506763697,"var":219.904190063},"dissonance":{"dmean":0.0149307865649,"dmean2":0.0248384959996,"dvar":0.000197794419364,"dvar2":0.00053131126333,"max":0.500000059605,"mean":0.469412207603,"median":0.473952174187,"min":0.305744558573,"var":0.000462308089482},"dynamic_complexity":4.23712110519,"erbbands":{"dmean":[0.0594121664762,0.438371777534,0.741252183914,1.31972491741,2.63388323784,1.9441536665,2.75604724884,8.16084861755,10.3393201828,9.36713695526,6.9278459549,12.6393795013,11.912768364,13.0350122452,14.6220359802,10.038895607,12.9293336868,12.1486625671,16.4188785553,12.8730964661,11.1083221436,8.16953468323,11.6345186234,12.332201004,12.3909397125,10.3473739624,6.65927839279,5.7091588974,6.40110826492,3.63870072365,4.41136741638,4.85647010803,4.01487207413,1.5099555254,0.35060057044,0.0565388165414,0.00688657909632,0.000735527020879,0.0000554620892217,0.0000103539496195],"dmean2":[0.0999499410391,0.705140173435,1.1658411026,2.00086808205,4.14513206482,3.18885684013,4.39763259888,13.042298317,16.1036529541,14.006934166,10.5170431137,19.0099582672,17.6193504333,19.4735202789,21.6306629181,14.8996343613,20.0299892426,18.9428920746,25.0621852875,19.8146247864,17.5830688477,12.7738742828,18.4738750458,19.6116867065,19.0562381744,15.5854272842,10.1733264923,8.73013496399,9.79201889038,5.35599565506,6.59677124023,6.72177124023,5.4669251442,2.07683134079,0.497493177652,0.0786072090268,0.00996393710375,0.00107917725109,0.000082085498434,0.000014276546608],"dvar":[0.0137542728335,0.785051226616,1.85389888287,5.12178850174,33.4538459778,20.5992088318,64.5199508667,325.440368652,781.836303711,842.821655273,857.857666016,1074.40808105,1024.57641602,1094.60473633,1822.89343262,1374.50598145,2448.61889648,1207.9362793,1638.36621094,799.940429688,543.021240234,542.03717041,651.519348145,824.394775391,1026.10852051,701.30657959,415.105926514,256.137237549,325.376800537,179.686248779,564.697143555,1861.69873047,1383.87390137,166.443984985,6.22902965546,0.181364119053,0.00238101719879,0.000019567201889,8.57903401652e-8,8.48210834903e-10],"dvar2":[0.0367683954537,1.99684119225,4.38288736343,11.7183618546,81.1757736206,51.6972961426,135.332473755,776.665405273,1938.56347656,1815.8651123,2057.1784668,2251.07714844,2295.15917969,2182.4609375,3162.91455078,2259.69189453,5124.04931641,2599.54785156,3450.34106445,1830.10803223,1290.56518555,1282.70471191,1468.24328613,2064.39331055,2272.60131836,1585.30273438,952.594055176,636.656555176,795.041992188,421.656829834,1317.37976074,3373.50683594,2456.28881836,289.079620361,13.1029462814,0.401004821062,0.00532497512177,0.0000399349810323,1.65526216733e-7,1.40583122921e-9],"max":[1.52707517147,10.8666849136,19.3936920166,34.7751426697,110.338157654,141.732833862,353.07598877,339.360687256,762.946350098,1189.39343262,1824.19873047,877.211486816,763.095703125,1603.98156738,2585.60009766,2481.24951172,3090.79223633,1007.54675293,1353.78637695,581.397888184,710.350158691,878.202453613,1276.15930176,683.640441895,908.894165039,676.541442871,919.597045898,338.509979248,345.634674072,459.569854736,1345.73425293,2393.0612793,1964.29211426,699.269348145,108.232780457,17.1348876953,2.44818377495,0.185895264149,0.0105633204803,0.00124689668883],"mean":[0.0993255972862,0.84528285265,1.72543168068,2.61409401894,3.7734336853,2.73996663094,4.65857553482,14.5916852951,20.5233879089,19.8345527649,12.1608314514,24.3034877777,22.7779560089,26.1584682465,25.9750137329,17.9783267975,21.2493190765,19.3267631531,29.3325824738,23.307844162,19.2614994049,14.6517210007,21.7484493256,22.4290161133,21.6223449707,18.9330272675,10.4100198746,7.80881404877,8.25524044037,5.31831645966,6.2839345932,7.27778911591,6.09832620621,2.44611287117,0.522761464119,0.0809997245669,0.0102888848633,0.00115428830031,0.0000920931488508,0.0000284972211375],"median":[0.0543042309582,0.618398427963,0.961655259132,1.3003013134,1.59298372269,1.22830557823,1.66261994839,4.62424516678,5.80145740509,5.1392121315,3.62853956223,6.30108356476,5.00858831406,5.6028213501,5.68375825882,3.57186365128,5.57792186737,5.51763343811,8.30714416504,8.6110906601,8.45422458649,5.60007953644,9.93530273438,7.82756328583,6.00087404251,4.6060667038,3.26258802414,2.48036336899,2.30598187447,1.45115458965,1.29665017128,0.475537627935,0.213963776827,0.104559987783,0.0541823580861,0.00802271813154,0.00094869901659,0.000113502821478,0.000018149454263,0.0000181335126399],"min":[8.67774511211e-23,3.57305093311e-22,1.54182740232e-21,4.89764674184e-21,1.1826129324e-20,1.86683775196e-20,6.10683794052e-20,8.37388861417e-20,1.51355737801e-19,2.25595856938e-19,2.90606669615e-19,2.2006243223e-19,3.36805508157e-19,5.33988977674e-19,9.30372117752e-19,1.02407038125e-18,1.43026827779e-18,1.72070845146e-18,1.58504752228e-18,3.2839086862e-18,4.40013763764e-18,4.49669360336e-18,4.9501995101e-18,7.03411066422e-18,7.03319993836e-18,8.46920285255e-18,8.39970479184e-18,1.12838271618e-17,1.0097473974e-17,9.24013435627e-18,9.48319393464e-18,1.14495205375e-17,9.48509479569e-18,8.63787655998e-18,5.91935781658e-18,4.34632043981e-18,2.18134455168e-18,8.4213340139e-19,2.59728766981e-19,2.79533344927e-20],"var":[0.0169363003224,1.05740046501,4.23793888092,11.4071073532,40.1816558838,32.7716751099,170.698471069,923.606140137,2231.97802734,3139.81054688,1380.20739746,3398.1496582,2837.4128418,5182.43457031,9557.68652344,6284.63867188,5160.69726562,2216.58813477,5369.85107422,1989.57739258,1153.3112793,1288.8203125,2658.53686523,1613.82092285,2216.14208984,1866.43688965,643.051269531,299.314910889,382.611877441,296.169799805,762.95703125,4188.11474609,3377.05859375,436.552154541,11.9051408768,0.31349042058,0.00435214536265,0.0000455401750514,2.25467530868e-7,2.86839263453e-9]},"erbbands_crest":{"dmean":2.42465186119,"dmean2":3.87243127823,"dvar":5.59655284882,"dvar2":13.5374908447,"max":31.9389343262,"mean":8.4955701828,"median":7.32637834549,"min":2.2116727829,"var":19.4437885284},"erbbands_flatness_db":{"dmean":0.015148922801,"dmean2":0.0215824339539,"dvar":0.000215330175706,"dvar2":0.000428417901276,"max":0.375148594379,"mean":0.158188223839,"median":0.153070896864,"min":0.0295260045677,"var":0.00166461535264},"erbbands_kurtosis":{"dmean":0.760675668716,"dmean2":1.17357409,"dvar":3.01421904564,"dvar2":6.06233882904,"max":56.3266639709,"mean":0.0537352748215,"median":-0.503778815269,"min":-1.83117890358,"var":7.38188505173},"erbbands_skewness":{"dmean":0.346681952477,"dmean2":0.518668889999,"dvar":0.133151963353,"dvar2":0.272975504398,"max":5.02028131485,"mean":0.0716531202197,"median":0.0379664227366,"min":-6.73286724091,"var":0.653031647205},"erbbands_spread":{"dmean":8.05231761932,"dmean2":12.1012277603,"dvar":82.7195739746,"dvar2":186.015899658,"max":144.1355896,"mean":42.4671363831,"median":39.9348258972,"min":3.6956410408,"var":332.974090576},"gfcc":{"cov":[[27079.2246094,1555.01574707,-2659.12768555,936.728210449,-1615.86120605,559.494262695,-750.469238281,422.763092041,-353.847625732,44.1213264465,-106.8073349,-209.102050781,-81.6397628784],[1555.01574707,1454.02001953,55.9315109253,246.700180054,232.817749023,-85.5821456909,121.776550293,-90.3042984009,59.3692245483,-83.7441177368,-53.5122642517,-60.056842804,-5.27826690674],[-2659.12768555,55.9315109253,1269.79858398,281.299468994,309.986968994,188.36579895,15.9408798218,-32.371421814,22.8415088654,-54.6628074646,-115.771209717,-12.4305849075,-11.3975944519],[936.728210449,246.700180054,281.299468994,407.280853271,103.627540588,92.594619751,-19.87225914,-24.8502635956,-3.23091030121,-24.0338096619,-84.6960983276,-15.8908243179,-14.3370752335],[-1615.86120605,232.817749023,309.986968994,103.627540588,390.32131958,37.7525291443,132.541290283,-46.6920051575,11.1864948273,-46.8615188599,-24.0908813477,-32.7722511292,-2.2438955307],[559.494262695,-85.5821456909,188.36579895,92.594619751,37.7525291443,276.306396484,52.1061782837,31.6003932953,-47.9994239807,-18.3923301697,-48.6490898132,-36.1507949829,-22.2630710602],[-750.469238281,121.776550293,15.9408798218,-19.87225914,132.541290283,52.1061782837,229.896194458,2.50413513184,13.1684083939,-9.02025604248,-0.355728745461,-26.5701885223,-23.2752609253],[422.763092041,-90.3042984009,-32.371421814,-24.8502635956,-46.6920051575,31.6003932953,2.50413513184,153.310913086,31.6883506775,7.91630506516,16.3218917847,-26.7555217743,-5.73539543152],[-353.847625732,59.3692245483,22.8415088654,-3.23091030121,11.1864948273,-47.9994239807,13.1684083939,31.6883506775,129.30809021,36.9034805298,6.3811044693,9.51208114624,-9.03945732117],[44.1213264465,-83.7441177368,-54.6628074646,-24.0338096619,-46.8615188599,-18.3923301697,-9.02025604248,7.91630506516,36.9034805298,95.918258667,37.458114624,17.6221160889,-4.34849309921],[-106.8073349,-53.5122642517,-115.771209717,-84.6960983276,-24.0908813477,-48.6490898132,-0.355728745461,16.3218917847,6.3811044693,37.458114624,115.940849304,34.4717559814,16.3200092316],[-209.102050781,-60.056842804,-12.4305849075,-15.8908243179,-32.7722511292,-36.1507949829,-26.5701885223,-26.7555217743,9.51208114624,17.6221160889,34.4717559814,107.624038696,24.5905399323],[-81.6397628784,-5.27826690674,-11.3975944519,-14.3370752335,-2.2438955307,-22.2630710602,-23.2752609253,-5.73539543152,-9.03945732117,-4.34849309921,16.3200092316,24.5905399323,71.2057876587]],"icov":[[0.000250277604209,-0.000479463371448,0.000604401808232,-0.000697966432199,0.00075271242531,-0.00090640009148,0.00073468365008,-0.000623883854132,0.00053528213175,-0.000255039136391,-0.000031706316804,0.00010419402679,0.000161506148288],[-0.000479463371448,0.00198113336228,-0.00100724562071,0.000534237304237,-0.0015871769283,0.00222423905507,-0.00194222026039,0.00184567458928,-0.00181541626807,0.00151114398614,-0.000265803682851,0.000503113202285,-0.000548315816559],[0.000604401808232,-0.00100724562071,0.00277378945611,-0.00208160514012,0.000717828166671,-0.00291263242252,0.00236490601674,-0.00142243772279,0.00066345045343,-0.00039001100231,0.000558708445169,-0.000170524872374,0.000404822378187],[-0.000697966432199,0.000534237304237,-0.00208160514012,0.00605000043288,-0.00289541785605,0.00135849055368,-0.000632925308309,0.00142026075628,-0.00104686594568,-0.000468272191938,0.00226642214693,-0.00121404137462,0.000103643084003],[0.00075271242531,-0.0015871769283,0.000717828166671,-0.00289541785605,0.00734019232914,-0.00225897692144,-0.000563217618037,-0.000362869759556,0.000876697420608,0.00103197840508,-0.0016826671781,0.00188657490071,-0.000502575712744],[-0.00090640009148,0.00222423905507,-0.00291263242252,0.00135849055368,-0.00225897692144,0.00921184476465,-0.00461480021477,0.000610408606008,0.000804470852017,0.000344962259987,0.00135363300797,0.000195574451936,0.0000280648200714],[0.00073468365008,-0.00194222026039,0.00236490601674,-0.000632925308309,-0.000563217618037,-0.00461480021477,0.00910023506731,-0.00215205270797,0.00090621894924,-0.00121438200586,-0.0000620732098469,0.000126068131067,0.002301719971],[-0.000623883854132,0.00184567458928,-0.00142243772279,0.00142026075628,-0.000362869759556,0.000610408606008,-0.00215205270797,0.0108915995806,-0.00545868091285,0.00285241333768,-0.00291736586951,0.0033523729071,-0.00117481197231],[0.00053528213175,-0.00181541626807,0.00066345045343,-0.00104686594568,0.000876697420608,0.000804470852017,0.00090621894924,-0.00545868091285,0.0132934320718,-0.00620355736464,0.00244630081579,-0.00203814404085,0.00196216488257],[-0.000255039136391,0.00151114398614,-0.00039001100231,-0.000468272191938,0.00103197840508,0.000344962259987,-0.00121438200586,0.00285241333768,-0.00620355736464,0.0162244215608,-0.0054983808659,0.000515259511303,0.000921615981497],[-0.000031706316804,-0.000265803682851,0.000558708445169,0.00226642214693,-0.0016826671781,0.00135363300797,-0.0000620732098469,-0.00291736586951,0.00244630081579,-0.0054983808659,0.014397373423,-0.00425020512193,-0.00125261268113],[0.00010419402679,0.000503113202285,-0.000170524872374,-0.00121404137462,0.00188657490071,0.000195574451936,0.000126068131067,0.0033523729071,-0.00203814404085,0.000515259511303,-0.00425020512193,0.0133478268981,-0.00354590010829],[0.000161506148288,-0.000548315816559,0.000404822378187,0.000103643084003,-0.000502575712744,0.0000280648200714,0.002301719971,-0.00117481197231,0.00196216488257,0.000921615981497,-0.00125261268113,-0.00354590010829,0.0167417023331]],"mean":[-48.1884689331,89.0677566528,-130.84967041,49.2002105713,-60.6178474426,17.9895343781,-32.5065155029,11.6065979004,-13.8889465332,3.02435827255,-8.36312961578,-2.0433716774,-5.96584415436]},"hfc":{"dmean":8.40900039673,"dmean2":11.3898515701,"dvar":723.309265137,"dvar2":1171.62133789,"max":1016.81646729,"mean":21.0557765961,"median":9.82959365845,"min":1.07587471365e-16,"var":2350.05859375},"melbands":{"dmean":[0.000531980360392,0.000439917610493,0.000266442948487,0.00016334974498,0.0000883969987626,0.000170862331288,0.000155540474225,0.0000987612147583,0.0000565135487705,0.0000833399317344,0.0000620115388301,0.0000558752944926,0.0000469544065709,0.0000320825893141,0.0000296659036394,0.0000293740104098,0.0000239420078287,0.0000269374559139,0.000022386206183,0.0000213288458326,0.000011398407878,0.00000949121022131,0.00000948243814491,0.0000099959961517,0.0000110756554932,0.00000967166033661,0.00000866616483108,0.00000727737233319,0.00000480813787362,0.00000356005921276,0.0000034066522403,0.00000429700003224,0.00000233396190197,0.00000195736856767,0.00000251050050792,0.00000286255340143,0.00000317265312333,0.0000032422658478,0.00000221023265112,0.00000105982837795],"dmean2":[0.0008711211849,0.000684402475599,0.000404755730415,0.000260341214016,0.000141221113154,0.000272938574199,0.000241442234255,0.000146675680298,0.0000869378491188,0.000124996411614,0.0000919101075851,0.0000836774197523,0.0000704776102793,0.0000482095529151,0.0000448525643151,0.0000465723933303,0.0000377301767003,0.0000412063272961,0.0000340040387528,0.000034094638977,0.0000181553186849,0.0000149145826072,0.0000151636531882,0.0000158693601406,0.0000178160735231,0.0000151574831762,0.000013259116713,0.0000111623621706,0.00000749392211219,0.00000553879044674,0.00000525919676875,0.0000066608617999,0.00000363351796295,0.00000293163429887,0.00000380463961847,0.0000044100447667,0.00000425768121204,0.00000441280144514,0.00000306620245283,0.00000153878636411],"dvar":[0.00000110717212465,6.69242581353e-7,2.12810050471e-7,1.29555175477e-7,5.58191786126e-8,1.35862904926e-7,1.65222203918e-7,1.03480381597e-7,5.03634289828e-8,4.58303688333e-8,2.78119731689e-8,2.11358859303e-8,1.89821491858e-8,1.17678649048e-8,1.54405768171e-8,8.74827588149e-9,5.38412558981e-9,4.48083348203e-9,3.45507222832e-9,2.0762691566e-9,6.44451159104e-10,8.84486928143e-10,4.68014127453e-10,4.36908093038e-10,7.19066417521e-10,6.58963772437e-10,7.95971344392e-10,3.65323382656e-10,1.88724286199e-10,1.14214034064e-10,9.57671025814e-11,1.45942744001e-10,7.22047005519e-11,5.42208153376e-11,1.1805288691e-10,6.50283438208e-10,7.74771580225e-10,9.8590902109e-10,3.70496189284e-10,9.09166353313e-11],"dvar2":[0.00000285392889054,0.00000160668457738,4.89340493459e-7,3.21719511476e-7,1.18770039137e-7,3.22756676496e-7,4.12930006632e-7,2.24443965635e-7,1.17961370449e-7,9.48154834646e-8,6.11566903785e-8,4.18441317152e-8,3.37710481801e-8,1.95715568196e-8,2.84940266937e-8,1.69849894149e-8,1.1699691882e-8,9.45731049029e-9,7.41440819851e-9,4.96573182573e-9,1.55439183747e-9,2.07448969114e-9,1.09931175274e-9,1.02628727738e-9,1.81437331825e-9,1.51943158055e-9,1.73514291824e-9,8.45989500675e-10,4.28889590509e-10,2.76202255511e-10,2.43816217216e-10,3.57601115386e-10,1.82007534044e-10,1.24928775658e-10,2.86021373253e-10,1.48118572962e-9,1.29223642897e-9,1.71335623467e-9,6.73675115692e-10,1.89985388532e-10],"max":[0.0137689504772,0.00916852150112,0.00738179404289,0.00522557320073,0.00949913356453,0.00670854980126,0.0111150434241,0.011252769269,0.0138495219871,0.00574514409527,0.00379062537104,0.00707654748112,0.00732555845752,0.00531326327473,0.00715185143054,0.00581534486264,0.00233969441615,0.00212900200859,0.00150191073772,0.000975932576694,0.000686504819896,0.00122792832553,0.000890992989298,0.000762024370488,0.000648966291919,0.00057067774469,0.000959687517025,0.00053954316536,0.000515794847161,0.000384706538171,0.000265725393547,0.000243583330302,0.000260881672148,0.000271459110081,0.000575920857955,0.00114765262697,0.00146915565711,0.00196657795459,0.00108809676021,0.000518301094417],"mean":[0.000979543314315,0.00101403286681,0.000512522296049,0.000232147634961,0.00015385838924,0.000311675772537,0.000312061078148,0.000200315436814,0.0000988524916465,0.000157382033649,0.000114873000712,0.000108211410407,0.0000839566346258,0.0000501089380123,0.0000514101157023,0.0000448886821687,0.0000341957784258,0.0000449671970273,0.0000378962104151,0.0000329007998516,0.0000188069625437,0.0000151718095367,0.0000167224970937,0.0000179426006071,0.0000185322787729,0.0000153854925884,0.0000146352931552,0.0000123894187709,0.00000737504615245,0.0000046675950216,0.00000441825477537,0.00000538170434083,0.00000301351406051,0.000002813725132,0.00000354253825208,0.00000377774426852,0.0000047347061809,0.00000461087438453,0.0000034043996493,0.00000155819441261],"median":[0.000646381289698,0.000700279138982,0.00026523967972,0.00010599604866,0.0000586643000133,0.0000984579091892,0.0000896017372725,0.0000476718778373,0.0000243816593866,0.0000375553645426,0.0000216546977754,0.0000190600803762,0.0000179820253834,0.0000107067144199,0.00000705542379364,0.000012235336726,0.00000840963093651,0.0000114587246571,0.0000106396919364,0.0000125122223835,0.00000766058292356,0.00000497811743116,0.00000745818579162,0.00000829120108392,0.00000553108066015,0.00000418812987846,0.00000279117512036,0.000003089668553,0.00000218201375901,0.00000135717300509,0.00000130461808112,0.00000140683869176,7.80069399298e-7,7.34777586331e-7,8.06510342954e-7,4.03672459015e-7,2.18935426233e-7,1.46115468169e-7,1.09022337824e-7,6.80295642042e-8],"min":[9.85071319948e-25,9.36166874205e-25,1.40544583001e-24,1.16651346967e-24,1.72115033086e-24,2.15186148258e-24,2.47435097608e-24,2.44194673946e-24,2.34910747446e-24,1.20626328321e-24,1.25541641736e-24,1.94743271494e-24,2.74992691154e-24,2.23870264369e-24,3.05766549497e-24,2.51866050426e-24,2.41197081392e-24,1.82212354065e-24,3.73513845152e-24,3.10922761311e-24,3.19084197907e-24,3.88931263797e-24,3.86859123414e-24,4.46624369442e-24,5.14506520868e-24,4.79869886774e-24,4.13710331463e-24,4.36856812043e-24,4.52674617041e-24,5.5650583045e-24,5.53961438486e-24,4.88645333255e-24,5.51702140853e-24,4.00577217341e-24,4.33892272761e-24,5.28830223312e-24,6.2313684848e-24,5.9504168567e-24,6.20695876181e-24,6.26826035389e-24],"var":[0.00000147072159962,0.00000126647466914,4.19898356085e-7,1.58824235541e-7,1.63880159221e-7,3.9222675241e-7,4.66692910095e-7,3.62325835113e-7,1.064460875e-7,1.47524019667e-7,7.98804862256e-8,1.03080019187e-7,9.83267298693e-8,4.19268566532e-8,7.07867329197e-8,2.1844357434e-8,8.92605722669e-9,1.42963747507e-8,9.65561319788e-9,3.7619058979e-9,1.3055896364e-9,1.90355597951e-9,1.50812240474e-9,1.30501587314e-9,1.32591115864e-9,1.23668142393e-9,1.71823666406e-9,8.3422091457e-10,3.19206050481e-10,1.42018466431e-10,1.0440402709e-10,1.65301231037e-10,8.9399855574e-11,9.32844218537e-11,1.46634815401e-10,9.10162112344e-10,1.98408312002e-9,2.25595075953e-9,9.03660590801e-10,1.80964340735e-10]},"melbands_crest":{"dmean":2.76518106461,"dmean2":4.43670129776,"dvar":7.64471340179,"dvar2":18.6656150818,"max":38.5138015747,"mean":13.0884799957,"median":12.4541301727,"min":1.55139458179,"var":24.3793334961},"melbands_flatness_db":{"dmean":0.0239136219025,"dmean2":0.0341986492276,"dvar":0.000769305916037,"dvar2":0.00147826934699,"max":0.548985183239,"mean":0.179450243711,"median":0.172446340322,"min":0.00350893451832,"var":0.00522578042001},"melbands_kurtosis":{"dmean":6.64752721786,"dmean2":10.3560123444,"dvar":245.423568726,"dvar2":578.422607422,"max":411.671722412,"mean":14.5306663513,"median":6.05713176727,"min":-1.9627109766,"var":730.78918457},"melbands_skewness":{"dmean":0.675655841827,"dmean2":1.02756440639,"dvar":0.811923384666,"dvar2":1.80454659462,"max":17.2318687439,"mean":2.62904858589,"median":2.17727828026,"min":-1.9048614502,"var":3.76644182205},"melbands_spread":{"dmean":9.07033061981,"dmean2":13.5713615417,"dvar":237.552734375,"dvar2":444.795593262,"max":321.136932373,"mean":32.375705719,"median":25.4118499756,"min":0.455857515335,"var":971.440429688},"mfcc":{"cov":[[11411.1123047,246.790313721,-235.7474823,-91.689743042,-256.562561035,-208.142547607,-13.8243026733,-23.1914672852,-77.7995986938,208.985458374,-46.6102790833,-70.0152740479,-2.0190114975],[246.790313721,1335.30175781,2.63186049461,356.983642578,94.0113143921,154.933639526,23.3250846863,78.7688217163,57.4659080505,5.02746725082,35.5055236816,-26.7596893311,-19.5791721344],[-235.7474823,2.63186049461,778.248779297,144.231918335,248.304519653,154.314285278,18.6877384186,58.8626251221,82.6123123169,-18.5625934601,-0.24639223516,-11.1284418106,-41.9297218323],[-91.689743042,356.983642578,144.231918335,392.297515869,130.590866089,139.111724854,-22.6937904358,36.5948791504,50.1466026306,-21.8280906677,12.8261146545,-4.52846860886,-7.52214384079],[-256.562561035,94.0113143921,248.304519653,130.590866089,283.213195801,74.3113632202,49.8185348511,30.5721035004,47.3076286316,6.37967777252,-27.7478523254,-15.6086349487,-31.9379386902],[-208.142547607,154.933639526,154.314285278,139.111724854,74.3113632202,299.439758301,70.2352905273,67.0903320312,35.9730453491,-8.86834716797,13.4566383362,-31.6697540283,-20.2740592957],[-13.8243026733,23.3250846863,18.6877384186,-22.6937904358,49.8185348511,70.2352905273,230.220474243,53.5984916687,18.3427295685,51.692276001,-26.9437885284,-19.2999305725,-10.8315601349],[-23.1914672852,78.7688217163,58.8626251221,36.5948791504,30.5721035004,67.0903320312,53.5984916687,130.03604126,45.4232215881,13.4222278595,18.4650859833,-7.11278676987,-5.79626369476],[-77.7995986938,57.4659080505,82.6123123169,50.1466026306,47.3076286316,35.9730453491,18.3427295685,45.4232215881,107.201835632,41.6435508728,11.8124113083,-1.27046227455,-13.3224020004],[208.985458374,5.02746725082,-18.5625934601,-21.8280906677,6.37967777252,-8.86834716797,51.692276001,13.4222278595,41.6435508728,126.668174744,22.3223171234,-1.70522129536,-2.28510570526],[-46.6102790833,35.5055236816,-0.24639223516,12.8261146545,-27.7478523254,13.4566383362,-26.9437885284,18.4650859833,11.8124113083,22.3223171234,100.252532959,33.2700767517,10.1230554581],[-70.0152740479,-26.7596893311,-11.1284418106,-4.52846860886,-15.6086349487,-31.6697540283,-19.2999305725,-7.11278676987,-1.27046227455,-1.70522129536,33.2700767517,87.5992965698,37.1824111938],[-2.0190114975,-19.5791721344,-41.9297218323,-7.52214384079,-31.9379386902,-20.2740592957,-10.8315601349,-5.79626369476,-13.3224020004,-2.28510570526,10.1230554581,37.1824111938,95.4853973389]],"icov":[[0.0000978121606749,-0.0000312616612064,-0.0000336850425811,-0.000028306078093,0.000120364602481,0.0000629334390396,0.0000433590830653,-0.0000628834095551,0.000160150826559,-0.000256657513091,0.000126935789012,0.0000542981106264,0.0000149608449647],[-0.0000312616612064,0.00106678763404,0.000251151650446,-0.000967616040725,-0.0000770309488871,-0.0000682543977746,-0.000148598875967,-0.000273656769423,-0.000110449575004,0.0000771070481278,-0.000381046673283,0.000295811711112,0.000090058085334],[-0.0000336850425811,0.000251151650446,0.00207404582761,0.00000632994397165,-0.00165609538089,-0.00069527013693,0.000292379234452,-0.000144258476212,-0.000973320624325,0.00066935113864,-0.000370628957171,-0.000152413529577,0.000263759895461],[-0.000028306078093,-0.000967616040725,0.00000632994397165,0.00474361795932,-0.00164057768416,-0.00156857655384,0.00120137922931,0.000226754375035,-0.00112223799806,0.00073132669786,-0.0000865940673975,-0.000392036279663,-0.000531514990143],[0.000120364602481,-0.0000770309488871,-0.00165609538089,-0.00164057768416,0.00632659997791,0.000374394701794,-0.00103305513039,-0.0000316792466037,-0.000323910091538,-0.000814539846033,0.00196744059213,-0.000424198049586,0.00109870207962],[0.0000629334390396,-0.0000682543977746,-0.00069527013693,-0.00156857655384,0.000374394701794,0.00540054170415,-0.00181517109741,-0.00106753455475,-0.0000891666713869,0.00106935529038,-0.00155423255637,0.00202386779711,-0.0000505252246512],[0.0000433590830653,-0.000148598875967,0.000292379234452,0.00120137922931,-0.00103305513039,-0.00181517109741,0.0067678228952,-0.00254195649177,0.00128449022304,-0.00333696743473,0.00297507829964,-0.000699520809576,0.000132295375806],[-0.0000628834095551,-0.000273656769423,-0.000144258476212,0.000226754375035,-0.0000316792466037,-0.00106753455475,-0.00254195649177,0.0111916800961,-0.00429524807259,0.0018154893769,-0.00277564441785,0.00111812748946,-0.000646146247163],[0.000160150826559,-0.000110449575004,-0.000973320624325,-0.00112223799806,-0.000323910091538,-0.0000891666713869,0.00128449022304,-0.00429524807259,0.0148222101852,-0.00570700736716,0.00107991823461,-0.0011868213769,0.00150174926966],[-0.000256657513091,0.0000771070481278,0.00066935113864,0.00073132669786,-0.000814539846033,0.00106935529038,-0.00333696743473,0.0018154893769,-0.00570700736716,0.0124973282218,-0.00445519154891,0.00172227213625,-0.000647314824164],[0.000126935789012,-0.000381046673283,-0.000370628957171,-0.0000865940673975,0.00196744059213,-0.00155423255637,0.00297507829964,-0.00277564441785,0.00107991823461,-0.00445519154891,0.0150160640478,-0.00607615150511,0.00107021350414],[0.0000542981106264,0.000295811711112,-0.000152413529577,-0.000392036279663,-0.000424198049586,0.00202386779711,-0.000699520809576,0.00111812748946,-0.0011868213769,0.00172227213625,-0.00607615150511,0.016896693036,-0.0058194915764],[0.0000149608449647,0.000090058085334,0.000263759895461,-0.000531514990143,0.00109870207962,-0.0000505252246512,0.000132295375806,-0.000646146247163,0.00150174926966,-0.000647314824164,0.00107021350414,-0.0058194915764,0.0132448002696]],"mean":[-670.024291992,104.735359192,-6.20127725601,29.3784694672,1.50199842453,8.43894004822,-2.3876619339,7.11195802689,0.5447281003,7.24873018265,1.28380227089,0.666648209095,2.18264198303]},"pitch_salience":{"dmean":0.0640930235386,"dmean2":0.102652430534,"dvar":0.00393176777288,"dvar2":0.00946817267686,"max":0.919609725475,"mean":0.538780927658,"median":0.538372516632,"min":0.0596728958189,"var":0.0119719393551},"silence_rate_20dB":{"dmean":0,"dmean2":0,"dvar":0,"dvar2":0,"max":1,"mean":1,"median":1,"min":1,"var":0},"silence_rate_30dB":{"dmean":0.000522397807799,"dmean2":0.00104493205436,"dvar":0.000522099551745,"dvar2":0.00104384787846,"max":1,"mean":0.999477684498,"median":1,"min":0,"var":0.000522031506989},"silence_rate_60dB":{"dmean":0.0412694253027,"dmean2":0.0825496315956,"dvar":0.0395695082843,"dvar2":0.0840983837843,"max":1,"mean":0.131365895271,"median":0,"min":0,"var":0.114110693336},"spectral_centroid":{"dmean":303.160308838,"dmean2":444.757965088,"dvar":144720,"dvar2":281770.65625,"max":11833.3349609,"mean":1837.38342285,"median":1667.89733887,"min":144.505325317,"var":1647293.375},"spectral_complexity":{"dmean":3.77510786057,"dmean2":5.33411693573,"dvar":30.1364784241,"dvar2":49.0974655151,"max":60,"mean":16.1185684204,"median":14,"min":0,"var":125.798332214},"spectral_contrast_coeffs":{"dmean":[0.045148447156,0.0461502820253,0.0383345410228,0.030994862318,0.023515317589,0.0198118388653],"dmean2":[0.0738037824631,0.0744445621967,0.0609969869256,0.0493572093546,0.0366321951151,0.0296559818089],"dvar":[0.00162708084099,0.00154643354472,0.00105010112748,0.000652597809676,0.000430784944911,0.000388594373362],"dvar2":[0.00411527929828,0.00378607073799,0.00243285857141,0.00153368606698,0.000935434072744,0.000810847675893],"max":[-0.285631746054,-0.327537119389,-0.414379686117,-0.489349395037,-0.570411801338,-0.56484824419],"mean":[-0.706585288048,-0.718064069748,-0.759419441223,-0.770090043545,-0.77387547493,-0.744059205055],"median":[-0.703608512878,-0.728434801102,-0.767692089081,-0.775798559189,-0.778930485249,-0.738132238388],"min":[-0.980247735977,-0.979097425938,-0.976975977421,-0.97193056345,-0.969185173512,-0.964403152466],"var":[0.00584301771596,0.00940641667694,0.00689871795475,0.00444258376956,0.00384730426595,0.00281834602356]},"spectral_contrast_valleys":{"dmean":[0.425642430782,0.396423518658,0.356341272593,0.314418584108,0.304067373276,0.339936286211],"dmean2":[0.656549632549,0.605975210667,0.544713020325,0.465488821268,0.409644007683,0.404530227184],"dvar":[0.179943010211,0.150145605206,0.140992298722,0.134052753448,0.139381334186,0.166300654411],"dvar2":[0.340725302696,0.296126157045,0.263944894075,0.234652340412,0.227033749223,0.249650806189],"max":[-5.62749814987,-4.94425296783,-5.32753229141,-5.53544521332,-5.43973684311,-6.78089475632],"mean":[-7.82338762283,-7.54083251953,-7.9867310524,-8.17333698273,-8.03776931763,-10.6304426193],"median":[-7.24904584885,-7.12118577957,-7.68128967285,-7.86222553253,-7.71806430817,-10.3700885773],"min":[-28.2962341309,-28.0861263275,-27.7564029694,-27.6731452942,-27.5153942108,-27.437204361],"var":[6.4569439888,6.25050020218,5.81960630417,5.67774963379,5.7604675293,4.93446922302]},"spectral_decrease":{"dmean":1.32144895026e-9,"dmean2":1.869737698e-9,"dvar":3.36380668195e-18,"dvar2":6.94640966695e-18,"max":1.62070579828e-28,"mean":-4.26457269498e-9,"median":-3.37924910276e-9,"min":-2.79748491039e-8,"var":1.29658807395e-17},"spectral_energy":{"dmean":0.00561708444729,"dmean2":0.00787665694952,"dvar":0.0000627540066489,"dvar2":0.00012706805137,"max":0.129826366901,"mean":0.0180053208023,"median":0.0140050053596,"min":1.00909677396e-20,"var":0.00024666741956},"spectral_energyband_high":{"dmean":0.00077349023195,"dmean2":0.00106285011861,"dvar":0.00000958758755587,"dvar2":0.0000153649052663,"max":0.116705626249,"mean":0.00133703649044,"median":0.000343155901646,"min":7.21653530583e-21,"var":0.000029125407309},"spectral_energyband_low":{"dmean":0.00249365041964,"dmean2":0.00376919913106,"dvar":0.0000208272049349,"dvar2":0.0000491402279295,"max":0.0582575723529,"mean":0.00575585803017,"median":0.00401469878852,"min":7.59515831749e-24,"var":0.0000407927254855},"spectral_energyband_middle_high":{"dmean":0.00174554786645,"dmean2":0.00252595101483,"dvar":0.0000115769898912,"dvar2":0.0000240888057306,"max":0.0806031823158,"mean":0.004858430475,"median":0.0020920636598,"min":9.91325477047e-22,"var":0.0000543434834981},"spectral_energyband_middle_low":{"dmean":0.00239964062348,"dmean2":0.00359770352952,"dvar":0.0000135633681566,"dvar2":0.0000297825445159,"max":0.0747988671064,"mean":0.0065985918045,"median":0.00431934371591,"min":1.50390361481e-22,"var":0.000051605693443},"spectral_entropy":{"dmean":0.145753577352,"dmean2":0.199664220214,"dvar":0.0232821814716,"dvar2":0.041732005775,"max":9.82235431671,"mean":7.67718410492,"median":7.65661048889,"min":5.56095314026,"var":0.194670855999},"spectral_flux":{"dmean":0.019084142521,"dmean2":0.0283681564033,"dvar":0.000500753056258,"dvar2":0.00105053582229,"max":0.29685869813,"mean":0.0657101795077,"median":0.0576087161899,"min":6.33336508238e-11,"var":0.00179848156404},"spectral_kurtosis":{"dmean":1.17109382153,"dmean2":1.9539000988,"dvar":1.63272321224,"dvar2":4.4082159996,"max":26.8379058838,"mean":2.93901085854,"median":2.64366269112,"min":-1.37053728104,"var":3.75951337814},"spectral_rms":{"dmean":0.00062323664315,"dmean2":0.000841792090796,"dvar":5.55360315957e-7,"dvar2":0.00000103707486687,"max":0.0112543264404,"mean":0.00376547151245,"median":0.00369640626013,"min":3.13764986215e-12,"var":0.00000338735321748},"spectral_rolloff":{"dmean":582.06262207,"dmean2":939.761352539,"dvar":982280.0625,"dvar2":2019764.125,"max":19616.7480469,"mean":2095.91455078,"median":1528.85742188,"min":21.533203125,"var":7241416},"spectral_skewness":{"dmean":0.189744204283,"dmean2":0.297855645418,"dvar":0.0366027504206,"dvar2":0.0847128853202,"max":3.95984554291,"mean":1.1939997673,"median":1.19591784477,"min":-0.644975066185,"var":0.141170412302},"spectral_spread":{"dmean":479246,"dmean2":677406.5625,"dvar":693969158144,"dvar2":1470104469500,"max":52405640,"mean":4918449.5,"median":4186987,"min":2046085.25,"var":17541358420000},"spectral_strongpeak":{"dmean":0.502727389336,"dmean2":0.853314161301,"dvar":1.71330308914,"dvar2":4.33018684387,"max":33.0785713196,"mean":0.880480766296,"median":0.266985177994,"min":0,"var":2.773209095},"zerocrossingrate":{"dmean":0.0116734104231,"dmean2":0.0129620302469,"dvar":0.000262998742983,"dvar2":0.000294128141832,"max":0.53076171875,"mean":0.0756472498178,"median":0.0625,"min":0.00341796875,"var":0.00465018674731}},"metadata":{"audio_properties":{"analysis_sample_rate":44100,"bit_rate":320000,"codec":"mp3","downmix":"mix","equal_loudness":0,"length":177.789382935,"lossless":false,"md5_encoded":"bb3489708d93a24bcfee44d2aa5f40b6","replay_gain":-11.6375656128,"sample_rate":44100},"tags":{"album":["Diana Ross & the Supremes Join the Temptaions [Japan]"],"albumartist":["Diana Ross & the Supremes"],"artist":["Diana Ross & The Supremes/The Temptations"],"bpm":["115"],"composer":["Dan Penn/Spooner Oldham"],"date":["1968"],"file_name":"09 Sweet Inspiration.mp3","genre":["R & B/Soul"],"initialkey":["Eb"],"label":["Motown"],"language":["eng"],"length":["177000"],"musicbrainz_albumid":["c05defed-c765-42ec-9e4a-55158bdbc5f9"],"musicbrainz_recordingid":["22d5c4c6-b34d-4af5-a93c-db19e8400210"],"musicbrainz_releasegroupid":["3e89cff4-57b8-34d7-ac88-cbce85e3b544"],"title":["Sweet Inspiration"],"tracknumber":["9"]},"version":{"essentia":"2.1-beta2","essentia_build_sha":"cead25079874084f62182a551b7393616cd33d87","essentia_git_sha":"v2.1_beta2-1-ge3940c0","extractor":"music 1.0"}},"rhythm":{"beats_count":336,"beats_loudness":{"dmean":0.0133561249822,"dmean2":0.0225576870143,"dvar":0.000168144528288,"dvar2":0.000466114172013,"max":0.106501743197,"mean":0.0300632938743,"median":0.0281545687467,"min":0,"var":0.000303230335703},"beats_loudness_band_ratio":{"dmean":[0.286382704973,0.0870155468583,0.120824307203,0.112693704665,0.083629399538,0.111952438951],"dmean2":[0.532118618488,0.157656461,0.211874246597,0.203749537468,0.153118848801,0.215985640883],"dvar":[0.0341490358114,0.00455073174089,0.0120039787143,0.0109478440136,0.00349190272391,0.00648144586012],"dvar2":[0.109931088984,0.0133818639442,0.0332197882235,0.0263872239739,0.0110381823033,0.020325800404],"max":[0.955213189125,0.47998547554,0.828144729137,0.8591