{"lowlevel":{"average_loudness":0.902127206326,"barkbands":{"dmean":[0.0000626947294222,0.00493631279096,0.00316353491507,0.00280363252386,0.00216642208397,0.00106346490793,0.000999780371785,0.000965903571341,0.000798161723651,0.000386437401175,0.00038656804827,0.000463083997602,0.000185890050489,0.000203954681638,0.000226574731641,0.000156532070832,0.000239638829953,0.000127463979879,0.00010273962107,0.0000921926330193,0.0000690097876941,0.00006905614282,0.0000927617875277,0.0000534484061063,0.0000319798491546,0.00000586399073654,2.189476902e-7],"dmean2":[0.000100189208752,0.00842009764165,0.00564468512312,0.00485048815608,0.00356906885281,0.00166592607275,0.00161488400772,0.00141757132951,0.00126700510737,0.000611194991507,0.000605818408076,0.00070011569187,0.000302930246107,0.000329946749844,0.00035937645589,0.000251811317867,0.000375886214897,0.000203884090297,0.00015965878265,0.000140869626193,0.000103127109469,0.0000986626255326,0.000134963032906,0.0000787746685091,0.0000478856236441,0.0000088869510364,3.36364223585e-7],"dvar":[2.02636467606e-8,0.000178132220753,0.0000650852307444,0.0000388758562622,0.0000119343285405,0.00000404584670832,0.00000462258549305,0.00000247246771323,0.00000171511010194,7.69941209455e-7,5.8774031686e-7,4.3599945343e-7,1.21323054714e-7,1.66639665622e-7,1.6887605625e-7,1.04363081732e-7,1.9561284148e-7,6.24644869163e-8,7.25986879502e-8,8.0146897119e-8,3.85267533431e-8,4.01456148325e-8,9.85628076933e-8,3.12458361407e-8,1.30111512675e-8,3.68145541829e-10,4.10300970716e-13],"dvar2":[4.7196149211e-8,0.000463920936454,0.000190287522855,0.000105470840936,0.0000320141771226,0.00000943288887356,0.0000120383510875,0.00000590189210925,0.0000043151776481,0.00000194319500224,0.00000142204862641,0.0000010136519677,3.13174751909e-7,4.21886568347e-7,4.17154808474e-7,2.5417492111e-7,4.51204584806e-7,1.47740536249e-7,1.73112880475e-7,1.79238398346e-7,8.94906619919e-8,8.932486395e-8,2.23422219392e-7,6.77983322817e-8,3.02808906838e-8,8.6422324852e-10,9.51752999329e-13],"max":[0.00164915178902,0.132679998875,0.0910148471594,0.0651883631945,0.0476472899318,0.0561564825475,0.0531190335751,0.0395400226116,0.0264225509018,0.030147716403,0.0184599142522,0.0189082175493,0.00921279005706,0.00971992127597,0.0074050440453,0.00736334454268,0.0144815361127,0.00816578511149,0.00822872202843,0.0082926126197,0.00599521910772,0.0066571473144,0.0086021060124,0.00353194400668,0.00260610086843,0.000445150391897,0.0000158489092428],"mean":[0.0000774734944571,0.00763491634279,0.00543721672148,0.00403022253886,0.00484619149938,0.00203605135903,0.00174510001671,0.00187873013783,0.00145157298539,0.000683647231199,0.000680385506712,0.000842723005917,0.000304878427414,0.000360946403816,0.000398912321543,0.000310441479087,0.000514992629178,0.000258523679804,0.000218369619688,0.00017394569295,0.000132498389576,0.000130215921672,0.00016556517221,0.0000891920935828,0.0000465825214633,0.00000792320133769,2.70132716196e-7],"median":[0.0000151436543092,0.00340017070994,0.00179380294867,0.00207258202136,0.00372159830295,0.00112231168896,0.000893043354154,0.00108291266952,0.000836271268781,0.000353504001396,0.000344358209986,0.000568341929466,0.000148711493239,0.000127392209833,0.000167706166394,0.0000978820607997,0.000172863743501,0.000131080014398,0.0000696332426742,0.0000442579039373,0.0000251640885836,0.0000252680074482,0.0000331897899741,0.0000157928807312,0.00000535301978744,9.36355718295e-7,2.80946785836e-8],"min":[5.56917845174e-10,3.43101241862e-10,1.80944946526e-11,6.09890436765e-12,2.76069982846e-11,4.22217599425e-12,1.41517938861e-12,1.74640705543e-12,3.25322299481e-12,2.30385025293e-12,1.22424227873e-12,1.20434912043e-12,7.50830712708e-13,1.68006786868e-12,2.20007042098e-12,1.14554286196e-12,2.99405400646e-12,3.69544108855e-12,8.51977516314e-12,1.20159290504e-11,1.01701798025e-11,1.51404496579e-11,2.16958308957e-11,2.55402435312e-11,2.25897547196e-11,1.52683230642e-11,8.04323361386e-12],"var":[2.774041441e-8,0.000173525433638,0.0000704171106918,0.0000393202280975,0.0000237214280787,0.00000895132870937,0.00000925586209632,0.00000563643061469,0.00000366130871043,0.00000143418276366,0.00000132484501592,8.31369050047e-7,2.14072926497e-7,3.51167983581e-7,3.69338351902e-7,2.99976534279e-7,6.88800071202e-7,1.46679909108e-7,1.96172081246e-7,1.50131242549e-7,8.33981204096e-8,7.38742187423e-8,1.79698290026e-7,6.29560830134e-8,2.18364171189e-8,5.62941082638e-10,5.89177957724e-13]},"barkbands_crest":{"dmean":2.36398077011,"dmean2":3.88482403755,"dvar":6.15029859543,"dvar2":16.5469455719,"max":25.1856651306,"mean":9.7698841095,"median":9.11617946625,"min":2.78994750977,"var":12.9656391144},"barkbands_flatness_db":{"dmean":0.0204814393073,"dmean2":0.0302512776107,"dvar":0.000473617896205,"dvar2":0.00101421016734,"max":0.374519973993,"mean":0.165823236108,"median":0.158701330423,"min":0.0376726202667,"var":0.00302873644978},"barkbands_kurtosis":{"dmean":2.34152626991,"dmean2":3.7113032341,"dvar":13.921916008,"dvar2":34.0299682617,"max":82.3451461792,"mean":3.88204860687,"median":2.48042464256,"min":-1.93069314957,"var":26.2475395203},"barkbands_skewness":{"dmean":0.453632384539,"dmean2":0.707297444344,"dvar":0.245284423232,"dvar2":0.575765788555,"max":7.91922712326,"mean":1.61079716682,"median":1.53320264816,"min":-2.4141471386,"var":0.761333882809},"barkbands_spread":{"dmean":4.17150735855,"dmean2":6.29050159454,"dvar":35.2280960083,"dvar2":71.5547561646,"max":87.6666564941,"mean":16.9986057281,"median":14.4501533508,"min":0.699945032597,"var":133.058197021},"dissonance":{"dmean":0.019155042246,"dmean2":0.0319934859872,"dvar":0.000355751864845,"dvar2":0.000947461405303,"max":0.500000059605,"mean":0.457687437534,"median":0.466994434595,"min":0.232911780477,"var":0.00112884561531},"dynamic_complexity":3.45667457581,"erbbands":{"dmean":[0.109610252082,1.24862039089,3.23453783989,7.17901754379,6.98092842102,9.02394962311,8.4426240921,7.5780081749,11.0099554062,23.0483493805,19.340473175,14.7304849625,12.7882881165,12.0413360596,12.0451927185,19.3018684387,10.3989830017,10.4058904648,8.1902141571,10.7447595596,9.73261451721,10.4037876129,7.08761644363,6.26977396011,4.54283380508,4.24982738495,3.23298454285,2.60670542717,2.64966845512,2.27471351624,2.85646128654,1.33551502228,0.874723315239,0.515895903111,0.139291346073,0.040635637939,0.00859327800572,0.000853963661939,0.0000433888599218,0.0000140059764817],"dmean2":[0.183936089277,2.14068007469,5.74427080154,12.4799127579,11.890458107,14.8461122513,13.2892055511,12.0076112747,17.7898597717,34.5758514404,29.3309173584,23.2935695648,19.9979686737,19.0723018646,18.6460533142,29.2734909058,16.2287139893,16.7054901123,12.9319009781,16.9371681213,15.279706955,16.3355941772,11.1930437088,10.002661705,6.94065523148,6.51668262482,4.86969566345,3.86832785606,3.82204556465,3.27282142639,4.22409152985,1.96471595764,1.30486488342,0.773303747177,0.210924401879,0.0618185214698,0.0130068194121,0.00128605973441,0.0000646191256237,0.0000218531076825],"dvar":[0.0892421156168,11.4217319489,72.4531173706,247.491851807,193.13899231,220.875228882,241.973129272,267.988922119,440.019561768,1560.98425293,855.722839355,632.981994629,880.347045898,892.821716309,542.504516602,744.667602539,278.980194092,387.325469971,245.825790405,387.281982422,347.939208984,321.97442627,187.799057007,207.8540802,204.63218689,180.472732544,77.3418884277,64.7583694458,64.9445953369,45.7031440735,98.6722412109,18.2898616791,9.26830482483,3.56511712074,0.217234164476,0.0185988191515,0.000775125285145,0.00000731393220121,1.28794486187e-8,5.77087932996e-10],"dvar2":[0.22821135819,30.2548484802,208.373260498,697.098999023,519.213195801,586.144287109,568.772277832,618.368225098,1136.86474609,3880.60668945,2067.88793945,1587.34680176,2297.55859375,2221.58886719,1303.97485352,1739.01989746,700.474060059,966.138916016,614.852722168,956.444274902,827.586303711,771.802246094,440.411834717,490.881622314,484.179016113,413.346740723,174.146911621,152.375976562,145.764923096,103.642700195,227.275482178,39.5794067383,20.8314876556,8.27679824829,0.507046639919,0.0444531626999,0.00181474792771,0.0000166069130501,2.89613222293e-8,1.39810762967e-9],"max":[2.89063453674,33.7828712463,96.076965332,182.778594971,178.644470215,231.52911377,553.813110352,483.529388428,484.137695312,834.516418457,535.626403809,578.158508301,1217.30114746,764.479797363,746.180114746,740.170532227,444.855926514,482.893676758,406.332214355,410.580200195,525.960754395,420.933441162,388.783111572,575.278869629,613.967346191,377.526184082,260.661102295,266.957489014,290.656219482,181.604400635,315.193054199,94.056350708,56.2662277222,39.9231414795,8.97352218628,2.86306118965,0.771215379238,0.0820753797889,0.00293810968287,0.000277831568383],"mean":[0.149166092277,1.98373270035,5.69965362549,11.5762691498,13.3212041855,18.733045578,16.3741950989,14.1033306122,20.3794746399,42.6812400818,38.6826095581,28.1438694,23.962556839,21.8491363525,23.0268325806,35.9804992676,19.5421199799,19.3986816406,16.2802219391,21.8770046234,22.065788269,23.9232196808,14.8284683228,13.5475997925,9.57186222076,7.98989772797,6.07511425018,4.95486831665,4.95088481903,4.26819992065,4.98229503632,2.27419781685,1.3935765028,0.752642154694,0.199797868729,0.0549099184573,0.0116636753082,0.00115120736882,0.0000716226059012,0.0000425029502367],"median":[0.0595019832253,0.947272777557,2.83603715897,6.60904407501,8.99729537964,12.682469368,9.61796379089,7.93953514099,10.9382572174,23.3661231995,24.5071983337,16.3129653931,13.1887273788,8.62493610382,14.2439880371,24.5457115173,12.7321519852,8.48710918427,7.51418972015,8.84049987793,7.34702968597,9.55813217163,7.92030715942,4.96759605408,3.03257894516,1.89002096653,1.19589483738,0.960185170174,0.960155844688,0.883328318596,0.969415485859,0.44728499651,0.211065948009,0.0894999802113,0.0247066132724,0.00662911729887,0.00130700343288,0.00012498331489,0.0000274697413261,0.0000385129314964],"min":[2.41613182794e-8,2.75779008518e-8,1.90638225206e-8,1.75024066351e-8,7.78407525104e-8,8.59006945575e-8,4.96736483058e-8,2.92896231713e-8,1.52255115182e-8,3.36045502536e-8,5.00068431109e-8,6.48980176265e-8,9.60083923474e-8,4.05595983466e-8,5.91791042837e-8,3.6191877939e-8,4.36383587044e-8,9.35142665526e-8,6.86858498966e-8,1.02223687293e-7,8.78998491771e-8,1.72444316604e-7,1.95303172745e-7,2.96656139653e-7,4.57033337398e-7,5.20854257502e-7,4.46046101388e-7,5.2344512369e-7,6.06587605034e-7,5.05033995069e-7,6.10647475696e-7,5.01581325807e-7,4.52286798236e-7,3.09483397132e-7,1.47861555888e-7,6.72861020234e-8,2.45446365454e-8,6.62974786181e-9,1.28929389387e-9,1.04901927422e-10],"var":[0.0830951556563,10.9779596329,71.0839996338,255.85824585,250.040420532,444.998962402,517.376281738,528.286132812,949.039794922,3247.43237305,1937.80761719,1464.14160156,1768.36230469,2095.30664062,1134.42004395,1444.08190918,547.572631836,870.383972168,529.997680664,994.183898926,1156.52233887,1232.07739258,447.686828613,626.394775391,398.435760498,335.981323242,174.06451416,120.117660522,112.629013062,87.1938858032,173.24887085,36.4399108887,17.6692352295,6.02716970444,0.350752383471,0.0269385240972,0.00122607091907,0.0000118875277622,2.16596163227e-8,1.08335207472e-9]},"erbbands_crest":{"dmean":2.09406161308,"dmean2":3.33851051331,"dvar":4.57560968399,"dvar2":10.772441864,"max":28.1183204651,"mean":8.13623142242,"median":7.17002868652,"min":2.43333363533,"var":13.831038475},"erbbands_flatness_db":{"dmean":0.0153935719281,"dmean2":0.0216256137937,"dvar":0.000299261300825,"dvar2":0.000577052473091,"max":0.395936518908,"mean":0.183687746525,"median":0.174545556307,"min":0.0631318613887,"var":0.00292131886818},"erbbands_kurtosis":{"dmean":0.750611066818,"dmean2":1.17092931271,"dvar":1.3825647831,"dvar2":3.21881842613,"max":32.3266220093,"mean":0.389026641846,"median":-0.14099752903,"min":-1.88790512085,"var":3.22899317741},"erbbands_skewness":{"dmean":0.308809012175,"dmean2":0.46665096283,"dvar":0.0899302810431,"dvar2":0.198658511043,"max":4.7704501152,"mean":0.40284883976,"median":0.360174804926,"min":-2.80559062958,"var":0.459944427013},"erbbands_spread":{"dmean":6.17828273773,"dmean2":9.26568126678,"dvar":53.0150718689,"dvar2":111.695114136,"max":139.622634888,"mean":34.3050956726,"median":32.3960571289,"min":1.85837876797,"var":288.022949219},"gfcc":{"cov":[[10215.3007812,-1576.93273926,750.759338379,1808.00109863,-492.376403809,583.866638184,-779.628540039,-117.283912659,-210.050628662,-240.989852905,-335.907287598,-83.5154724121,-134.578063965],[-1576.93273926,2166.890625,-10.5935487747,-142.347686768,808.198669434,-309.682312012,414.469329834,-150.04119873,146.179351807,-223.851806641,174.410079956,-102.958389282,231.030807495],[750.759338379,-10.5935487747,793.096862793,193.7762146,-31.6586093903,230.947479248,-141.334640503,-1.69675731659,-112.132904053,-91.7847366333,-52.847820282,54.4459686279,-3.17623019218],[1808.00109863,-142.347686768,193.7762146,704.252197266,44.0137519836,160.523269653,-72.1140289307,-50.9925918579,-22.8836574554,-103.801719666,-71.5641784668,-57.2914161682,31.8612823486],[-492.376403809,808.198669434,-31.6586093903,44.0137519836,478.422973633,-74.050994873,177.215957642,-26.2715797424,77.4571533203,-52.9177627563,49.7638969421,-46.1575279236,97.7125473022],[583.866638184,-309.682312012,230.947479248,160.523269653,-74.050994873,269.42010498,-66.2687530518,35.0626869202,-30.8289813995,-0.179412156343,-45.4029655457,33.0733337402,-14.9881248474],[-779.628540039,414.469329834,-141.334640503,-72.1140289307,177.215957642,-66.2687530518,245.011917114,12.1766834259,57.6442680359,16.2225456238,52.9988746643,-27.4870605469,50.267780304],[-117.283912659,-150.04119873,-1.69675731659,-50.9925918579,-26.2715797424,35.0626869202,12.1766834259,125.634773254,22.6398849487,42.8522262573,12.0471601486,24.1175003052,-12.806555748],[-210.050628662,146.179351807,-112.132904053,-22.8836574554,77.4571533203,-30.8289813995,57.6442680359,22.6398849487,116.015693665,34.7767753601,36.3902511597,-8.1624584198,11.9699764252],[-240.989852905,-223.851806641,-91.7847366333,-103.801719666,-52.9177627563,-0.179412156343,16.2225456238,42.8522262573,34.7767753601,150.574752808,16.9231529236,12.9463300705,-28.2359218597],[-335.907287598,174.410079956,-52.847820282,-71.5641784668,49.7638969421,-45.4029655457,52.9988746643,12.0471601486,36.3902511597,16.9231529236,94.465171814,20.3748168945,22.1805953979],[-83.5154724121,-102.958389282,54.4459686279,-57.2914161682,-46.1575279236,33.0733337402,-27.4870605469,24.1175003052,-8.1624584198,12.9463300705,20.3748168945,83.6968154907,5.64142799377],[-134.578063965,231.030807495,-3.17623019218,31.8612823486,97.7125473022,-14.9881248474,50.267780304,-12.806555748,11.9699764252,-28.2359218597,22.1805953979,5.64142799377,95.7267074585]],"icov":[[0.000256928440649,-0.000159172457643,0.000086836713308,-0.000669638742693,0.000220868983888,-0.000113780297397,0.000642214494292,-0.000144450532389,0.000116098286526,-0.000175630833837,0.000171698949998,-0.0000564005749766,0.000268508156296],[-0.000159172457643,0.00576569000259,-0.00250085513107,0.00273967650719,-0.00532945012674,0.00264200102538,-0.00392556004226,0.00417461851612,-0.00394741725177,0.00647637248039,-0.00445537874475,0.00389130716212,-0.00345331383869],[0.000086836713308,-0.00250085513107,0.00328576262109,-0.00130469724536,0.00166198087391,-0.00271003530361,0.00254723103717,-0.00192403048277,0.00322564225644,-0.00200657499954,0.00166730640922,-0.00254096719436,0.00175345479511],[-0.000669638742693,0.00273967650719,-0.00130469724536,0.00497560109943,-0.00282519124448,-0.000161710253451,-0.00243289093487,0.00254661403596,-0.00246023479849,0.00405658874661,-0.00180687883403,0.00370910787024,-0.00307182502002],[0.000220868983888,-0.00532945012674,0.00166198087391,-0.00282519124448,0.00897508487105,-0.00186725030653,0.00173341564368,-0.00349279935472,0.00154556357302,-0.00497102551162,0.00380555144511,-0.00215631606989,0.000922909996007],[-0.000113780297397,0.00264200102538,-0.00271003530361,-0.000161710253451,-0.00186725030653,0.00808766111732,-0.00239558285102,0.000303065200569,-0.00220132758841,0.00180962099694,0.000253522302955,-0.00077933940338,-0.001305355574],[0.000642214494292,-0.00392556004226,0.00254723103717,-0.00243289093487,0.00173341564368,-0.00239558285102,0.0111417928711,-0.00385845638812,0.00260597327724,-0.00500126369298,0.00103533116635,-0.000110170287371,0.000725387304556],[-0.000144450532389,0.00417461851612,-0.00192403048277,0.00254661403596,-0.00349279935472,0.000303065200569,-0.00385845638812,0.0131773035973,-0.00475347181782,0.00312186428346,-0.00345734949224,0.000873607757967,-0.00152313744184],[0.000116098286526,-0.00394741725177,0.00322564225644,-0.00246023479849,0.00154556357302,-0.00220132758841,0.00260597327724,-0.00475347181782,0.0161414500326,-0.00677658896893,-0.000317714118864,-0.00206815707497,0.00286756455898],[-0.000175630833837,0.00647637248039,-0.00200657499954,0.00405658874661,-0.00497102551162,0.00180962099694,-0.00500126369298,0.00312186428346,-0.00677658896893,0.0169314946979,-0.00556893786415,0.00408579036593,-0.00200150348246],[0.000171698949998,-0.00445537874475,0.00166730640922,-0.00180687883403,0.00380555144511,0.000253522302955,0.00103533116635,-0.00345734949224,-0.000317714118864,-0.00556893786415,0.0196086559445,-0.00831615086645,0.00114360230509],[-0.0000564005749766,0.00389130716212,-0.00254096719436,0.00370910787024,-0.00215631606989,-0.00077933940338,-0.000110170287371,0.000873607757967,-0.00206815707497,0.00408579036593,-0.00831615086645,0.0213234331459,-0.00640177773312],[0.000268508156296,-0.00345331383869,0.00175345479511,-0.00307182502002,0.000922909996007,-0.001305355574,0.000725387304556,-0.00152313744184,0.00286756455898,-0.00200150348246,0.00114360230509,-0.00640177773312,0.0176710858941]],"mean":[-26.1547775269,130.559570312,-125.938056946,27.6210231781,-58.0862236023,11.5924453735,-33.827419281,6.07856893539,-15.4675197601,-5.97413253784,-9.25689506531,-5.28392267227,-12.6615686417]},"hfc":{"dmean":4.96793794632,"dmean2":7.02932691574,"dvar":62.5628890991,"dvar2":130.159729004,"max":179.021286011,"mean":18.3860721588,"median":15.0887002945,"min":0.00000127892542423,"var":245.570007324},"melbands":{"dmean":[0.0012078799773,0.00161713548005,0.00119766162243,0.000537472718861,0.000302817381453,0.000181928946404,0.000182409741683,0.000249825738138,0.000182396048331,0.0000860256404849,0.0000635715550743,0.0000471283092338,0.0000427393861173,0.0000375211056962,0.00005127832992,0.0000203739018616,0.000021888046831,0.0000123176860143,0.0000210498128581,0.0000133766088766,0.0000135380787469,0.0000136086646307,0.00000746823661757,0.00000528545024281,0.00000561495335205,0.0000037024874473,0.00000345541093338,0.00000294874052997,0.00000231125477512,0.00000151253027525,0.00000167010466612,0.00000161708578617,0.0000013585600982,0.00000138952907491,0.00000191975300368,0.0000012209848137,6.94897096309e-7,5.99651571065e-7,6.34488230844e-7,3.84663195518e-7],"dmean2":[0.00204467237927,0.00278517836705,0.00207661138847,0.000895128643606,0.00047769935918,0.000287139642751,0.000294164841762,0.000373335991753,0.000280038104393,0.000136405331432,0.0000996017552097,0.000074953022704,0.0000669220025884,0.0000572454846406,0.0000775789449108,0.0000335350305249,0.000035449200368,0.0000198626985366,0.0000332302006427,0.0000213210660149,0.0000214955744013,0.0000215161362576,0.0000118843636301,0.00000844166061142,0.00000905964407139,0.000005779026651,0.00000536998913958,0.00000461009221908,0.00000354267785951,0.00000230022533287,0.00000254940869127,0.00000238449842982,0.00000201618991014,0.00000205425044442,0.00000288084197564,0.00000180580536835,0.0000010414710232,9.04551711756e-7,9.67299797594e-7,5.79309926252e-7],"dvar":[0.0000108157810246,0.0000172779928107,0.00000687580813974,8.02973090686e-7,2.48041288842e-7,1.3069431759e-7,1.34825583586e-7,1.76900343263e-7,8.13758447293e-8,2.26382361745e-8,2.20492974989e-8,1.41013236643e-8,7.06017377894e-9,2.85964785185e-9,5.97983262907e-9,1.62468050124e-9,1.86270465719e-9,6.99687308092e-10,1.45367384796e-9,7.56967100113e-10,7.68539343277e-10,5.79970016457e-10,2.02311375985e-10,1.24561902459e-10,1.7681268949e-10,1.18998824683e-10,1.39525530019e-10,8.07868355546e-11,3.75631539762e-11,1.75755642678e-11,2.79693317118e-11,2.53128715905e-11,1.37366645836e-11,1.95906364048e-11,4.61556903808e-11,1.56522000222e-11,5.05344160615e-12,4.26333144135e-12,5.70542571521e-12,1.94200081363e-12],"dvar2":[0.0000279142932413,0.0000472043029731,0.0000191235467355,0.00000217470733332,5.9594179902e-7,3.06037264863e-7,3.48519961335e-7,4.33683709389e-7,1.97527171508e-7,5.70645681819e-8,5.74049501267e-8,3.5310776525e-8,1.72353260552e-8,6.84818379781e-9,1.41240228402e-8,4.32030189401e-9,4.6995305425e-9,1.78269332629e-9,3.58857832339e-9,1.81447290526e-9,1.79242132248e-9,1.3933681986e-9,4.77998307602e-10,2.99140712201e-10,4.26598978365e-10,2.85254209142e-10,3.32079502785e-10,1.88385126942e-10,8.60488694188e-11,4.00245982191e-11,6.85514908727e-11,5.7181079316e-11,3.18548069866e-11,4.58458722374e-11,1.07539893657e-10,3.57257730343e-11,1.11294914257e-11,9.72203307442e-12,1.33130416413e-11,4.55431482457e-12],"max":[0.0320478901267,0.051234330982,0.027570752427,0.0128255486488,0.0144056640565,0.00964628532529,0.00770503841341,0.00994657631963,0.00526037300006,0.00380399823189,0.00596456183121,0.00303531624377,0.00234197406098,0.00119556020945,0.00249948306009,0.00111284269951,0.00106250599492,0.000879034341779,0.00079049350461,0.000669964647386,0.000882256194018,0.000624312961008,0.000375934294425,0.000438828370534,0.000555083504878,0.000363603234291,0.000478140253108,0.000221915834118,0.000184873759281,0.000127970153699,0.00018343719421,0.000179842565558,0.000104205966636,0.000119326454296,0.000212148050196,0.00009613588918,0.0000479418886243,0.0000470762424811,0.0000473745712952,0.0000330795701302],"mean":[0.00180676998571,0.00298528955318,0.00204256549478,0.00115821382497,0.000627661589533,0.00034202230745,0.00033499483834,0.000459551083623,0.000343742314726,0.000163941658684,0.000113328249427,0.0000813618025859,0.0000769372200011,0.0000744671997381,0.0000867967537488,0.0000322346822941,0.0000375329982489,0.0000222310100071,0.000036204510252,0.000025644663765,0.0000274190151686,0.0000292315326078,0.000015065421394,0.000010732454939,0.0000112884408736,0.00000731968657419,0.00000619245520284,0.00000509777919433,0.00000410355232816,0.00000270519399237,0.0000029730551887,0.0000028274066608,0.00000243509362008,0.00000239880796471,0.00000320206072502,0.00000201234956876,0.00000111254155399,9.34928607421e-7,9.19004492062e-7,5.34877187874e-7],"median":[0.000785254873335,0.00173992943019,0.00125321873929,0.000882795371581,0.000420321535785,0.000193270592717,0.000171007428435,0.00024811620824,0.00020366589888,0.0000926663924474,0.0000582756656513,0.0000288717983494,0.0000430483705713,0.0000533916754648,0.0000542397683603,0.0000147475611811,0.0000133408848342,0.00000906465083972,0.0000146440170283,0.00000791699858382,0.00000796883796284,0.0000102473895822,0.00000732430635253,0.00000537077266927,0.00000379370112569,0.0000020326460799,0.00000182433336704,9.85737642623e-7,8.35605419525e-7,4.50704249033e-7,5.33687227744e-7,5.13075065101e-7,4.45238441671e-7,4.76708095221e-7,5.89314936406e-7,3.64926506791e-7,1.9556544828e-7,1.2999284138e-7,1.09286069971e-7,5.34845270295e-8],"min":[1.79943809853e-10,1.53485939236e-11,4.8679376502e-12,6.89876888255e-12,1.90257271743e-12,6.57192670509e-13,2.33011960421e-13,3.51039103385e-13,4.68954410894e-13,4.09874716632e-13,4.79166673787e-13,1.61562427391e-13,2.05542478654e-13,1.42861240958e-13,7.54093578488e-14,8.85319988435e-14,1.87668646899e-13,8.11210026561e-14,1.77805334475e-13,7.52280182592e-14,1.15987894202e-13,1.65716453147e-13,2.18150164274e-13,1.47685818653e-13,2.22055284316e-13,4.34237335759e-13,2.33912769796e-13,3.88532955808e-13,3.49490943997e-13,1.74958842986e-13,3.32087168094e-13,3.76248077832e-13,2.46330327013e-13,3.14476255366e-13,3.42612602785e-13,3.56178302997e-13,2.78984978565e-13,2.88638443658e-13,3.36962337373e-13,2.37651776513e-13],"var":[0.0000103648580989,0.0000173146254383,0.00000725854170014,0.00000141474197335,5.64273250347e-7,2.69021342092e-7,2.92708875804e-7,3.77608330382e-7,1.79353250473e-7,5.3478625972e-8,4.33448796855e-8,3.23321103224e-8,1.49315351194e-8,5.64457147689e-9,1.05744817347e-8,2.70490074783e-9,3.93037025148e-9,1.26573329595e-9,3.30455285358e-9,2.289460177e-9,2.3001176519e-9,2.09061146172e-9,4.90421925292e-10,2.71980049593e-10,4.96101326686e-10,2.58201404701e-10,2.03243352703e-10,1.50651421893e-10,7.94342577826e-11,3.55539347963e-11,4.71486807929e-11,4.05845149154e-11,2.5288640973e-11,3.34648697642e-11,7.71454081172e-11,2.81195275398e-11,9.61847095027e-12,7.89178965233e-12,9.63836128964e-12,3.12836995892e-12]},"melbands_crest":{"dmean":2.81807541847,"dmean2":4.61846637726,"dvar":7.66714191437,"dvar2":19.2251605988,"max":32.9691848755,"mean":13.3691043854,"median":12.6123638153,"min":3.40127420425,"var":19.8275699615},"melbands_flatness_db":{"dmean":0.0256215576082,"dmean2":0.0374955832958,"dvar":0.000769063073676,"dvar2":0.00162810913753,"max":0.510299563408,"mean":0.237618580461,"median":0.230716824532,"min":0.0261473432183,"var":0.00526148965582},"melbands_kurtosis":{"dmean":5.0877828598,"dmean2":8.09899616241,"dvar":63.1462554932,"dvar2":157.240188599,"max":146.220336914,"mean":10.9477329254,"median":8.0939655304,"min":-1.7400906086,"var":120.50730896},"melbands_skewness":{"dmean":0.597816705704,"dmean2":0.932706296444,"dvar":0.408260405064,"dvar2":0.977799594402,"max":9.93368911743,"mean":2.53495287895,"median":2.43936634064,"min":-0.873059689999,"var":1.38867342472},"melbands_spread":{"dmean":4.74920463562,"dmean2":7.27504873276,"dvar":62.6845932007,"dvar2":139.804077148,"max":196.869644165,"mean":17.0055294037,"median":14.4867858887,"min":0.944905340672,"var":178.518859863},"mfcc":{"cov":[[10225.0117188,-2046.31518555,693.104248047,1077.18798828,371.248199463,591.648742676,-252.957672119,82.2530822754,-289.701843262,201.122436523,-226.179702759,-516.291870117,-241.977661133],[-2046.31518555,2267.9765625,-453.602020264,201.201080322,186.789840698,-11.9699954987,210.578231812,74.7858657837,99.8973007202,-65.2855453491,-4.18857526779,80.4060287476,-18.8019714355],[693.104248047,-453.602020264,813.374633789,-50.1056747437,118.849327087,126.199264526,18.9771404266,90.2293548584,-90.3067855835,-7.62044334412,-57.8247642517,-138.681594849,-38.5322532654],[1077.18798828,201.201080322,-50.1056747437,481.490997314,139.435012817,141.369674683,55.5925102234,31.1200790405,15.8679838181,32.2603378296,-54.6229133606,-57.914264679,-49.738910675],[371.248199463,186.789840698,118.849327087,139.435012817,267.677581787,110.552192688,48.2420806885,71.6874237061,12.5213890076,20.4542770386,-30.7159614563,-58.704914093,-24.215013504],[591.648742676,-11.9699954987,126.199264526,141.369674683,110.552192688,220.53225708,46.3793144226,37.9165992737,19.0431957245,20.9407482147,-23.7449836731,-60.979675293,-30.6841564178],[-252.957672119,210.578231812,18.9771404266,55.5925102234,48.2420806885,46.3793144226,150.263717651,41.7545852661,45.4473190308,3.34696769714,-7.58401107788,-0.686959445477,-5.79137039185],[82.2530822754,74.7858657837,90.2293548584,31.1200790405,71.6874237061,37.9165992737,41.7545852661,134.606567383,1.21101903915,11.4241704941,-11.1982851028,-39.453830719,-8.84288597107],[-289.701843262,99.8973007202,-90.3067855835,15.8679838181,12.5213890076,19.0431957245,45.4473190308,1.21101903915,124.755508423,27.1781406403,11.744635582,44.3403358459,17.8897686005],[201.122436523,-65.2855453491,-7.62044334412,32.2603378296,20.4542770386,20.9407482147,3.34696769714,11.4241704941,27.1781406403,79.4859771729,19.5162582397,3.3122856617,7.90653467178],[-226.179702759,-4.18857526779,-57.8247642517,-54.6229133606,-30.7159614563,-23.7449836731,-7.58401107788,-11.1982851028,11.744635582,19.5162582397,90.9663619995,51.6030044556,23.944852829],[-516.291870117,80.4060287476,-138.681594849,-57.914264679,-58.704914093,-60.979675293,-0.686959445477,-39.453830719,44.3403358459,3.3122856617,51.6030044556,137.180984497,53.3772087097],[-241.977661133,-18.8019714355,-38.5322532654,-49.738910675,-24.215013504,-30.6841564178,-5.79137039185,-8.84288597107,17.8897686005,7.90653467178,23.944852829,53.3772087097,78.0389862061]],"icov":[[0.000267803290626,0.00023566337768,0.0000242810310738,-0.000549630494788,-0.000107016247057,-0.000274768419331,0.000350574555341,-0.0000348027970176,0.000397910684114,-0.000359693309292,0.000114933500299,0.000259956636,0.000161824398674],[0.00023566337768,0.000934780749958,0.000489239930175,-0.000578458246309,-0.000751166138798,-0.00000199005148716,-0.00052131828852,-0.000360926613212,0.000368071283447,0.000538827793207,0.0000644756582915,-0.000183046897291,0.000481823110022],[0.0000242810310738,0.000489239930175,0.00220872042701,0.000725911988411,-0.000871744647156,-0.000921593164094,-0.000801031303126,-0.000746573263314,0.00135594012681,0.000220340909436,0.000632458133623,0.000666235049721,-0.0000134142619572],[-0.000549630494788,-0.000578458246309,0.000725911988411,0.0045124120079,-0.000736804795451,-0.00112721684854,-0.00124391005374,0.000265476119239,-0.00000893825745152,-0.000759070622735,0.00151564797852,-0.000669256900437,0.000728428654838],[-0.000107016247057,-0.000751166138798,-0.000871744647156,-0.000736804795451,0.00641740020365,-0.00144475884736,0.000313525117235,-0.00153249362484,-0.000754660635721,-0.00098679587245,0.000282068998786,0.000890638795681,-0.00056276837131],[-0.000274768419331,-0.00000199005148716,-0.000921593164094,-0.00112721684854,-0.00144475884736,0.00802586134523,-0.00138929532841,0.000397776020691,-0.00234276754782,0.000317464699037,-0.00122157973237,0.0016904467484,0.000346895714756],[0.000350574555341,-0.00052131828852,-0.000801031303126,-0.00124391005374,0.000313525117235,-0.00138929532841,0.0103142820299,-0.00203507440165,-0.00283711007796,0.000132600049255,0.000197393019334,-0.0000774420186644,0.000488315068651],[-0.0000348027970176,-0.000360926613212,-0.000746573263314,0.000265476119239,-0.00153249362484,0.000397776020691,-0.00203507440165,0.0101724080741,-0.0000514790517627,-0.00129232520703,-0.000643941340968,0.00261609372683,-0.0011608118657],[0.000397910684114,0.000368071283447,0.00135594012681,-0.00000893825745152,-0.000754660635721,-0.00234276754782,-0.00283711007796,-0.0000514790517627,0.0131899882108,-0.00449982844293,0.00211682729423,-0.00365571398288,-0.000102259473351],[-0.000359693309292,0.000538827793207,0.000220340909436,-0.000759070622735,-0.00098679587245,0.000317464699037,0.000132600049255,-0.00129232520703,-0.00449982844293,0.017487116158,-0.00495363399386,0.00112535280641,-0.00166841840837],[0.000114933500299,0.0000644756582915,0.000632458133623,0.00151564797852,0.000282068998786,-0.00122157973237,0.000197393019334,-0.000643941340968,0.00211682729423,-0.00495363399386,0.0162824634463,-0.00565655902028,0.0000887125934241],[0.000259956636,-0.000183046897291,0.000666235049721,-0.000669256900437,0.000890638795681,0.0016904467484,-0.0000774420186644,0.00261609372683,-0.00365571398288,0.00112535280641,-0.00565655902028,0.0166765768081,-0.00705075636506],[0.000161824398674,0.000481823110022,-0.0000134142619572,0.000728428654838,-0.00056276837131,0.000346895714756,0.000488315068651,-0.0011608118657,-0.000102259473351,-0.00166841840837,0.0000887125934241,-0.00705075636506,0.0187439341098]],"mean":[-663.563476562,152.050445557,-3.02614140511,17.4668102264,2.28680181503,2.17555379868,-4.41813325882,8.47402191162,-2.95969152451,0.0997078716755,1.05931377411,6.76043510437,1.51335048676]},"pitch_salience":{"dmean":0.0654068440199,"dmean2":0.107971765101,"dvar":0.00397847313434,"dvar2":0.0108251208439,"max":0.87508058548,"mean":0.572359979153,"median":0.580595493317,"min":0.131319895387,"var":0.00922647397965},"silence_rate_20dB":{"dmean":0,"dmean2":0,"dvar":0,"dvar2":0,"max":1,"mean":1,"median":1,"min":1,"var":0},"silence_rate_30dB":{"dmean":0.0306601952761,"dmean2":0.0613251142204,"dvar":0.0297223161906,"dvar2":0.0769795775414,"max":1,"mean":0.979047894478,"median":1,"min":0,"var":0.0205139182508},"silence_rate_60dB":{"dmean":0.0177182033658,"dmean2":0.0354391373694,"dvar":0.0174100734293,"dvar2":0.0358737818897,"max":1,"mean":0.10144815594,"median":0,"min":0,"var":0.0911485925317},"spectral_centroid":{"dmean":178.915084839,"dmean2":268.265838623,"dvar":61759.0625,"dvar2":120664.453125,"max":10800.0957031,"mean":981.41027832,"median":875.818115234,"min":216.066146851,"var":268185.59375},"spectral_complexity":{"dmean":2.98836755753,"dmean2":4.41479206085,"dvar":12.0643424988,"dvar2":20.8958034515,"max":59,"mean":19.4749660492,"median":18,"min":0,"var":123.4037323},"spectral_contrast_coeffs":{"dmean":[0.0457299426198,0.0447237938643,0.0367879159749,0.0308465715498,0.0218269769102,0.0168139487505],"dmean2":[0.0761789381504,0.0720494836569,0.0583864599466,0.0491146668792,0.0343141257763,0.0257618892938],"dvar":[0.00157096306793,0.00127745233476,0.000877137354109,0.000634382944554,0.000335306598572,0.000263916153926],"dvar2":[0.00405948841944,0.0033547359053,0.00214148662053,0.00154216436204,0.000770026643295,0.000553151243366],"max":[-0.229527533054,-0.433501362801,-0.518180787563,-0.529998958111,-0.600227355957,-0.610070168972],"mean":[-0.628497302532,-0.731145083904,-0.767901241779,-0.769755780697,-0.780867397785,-0.766280055046],"median":[-0.626198112965,-0.735471963882,-0.772326588631,-0.775087356567,-0.783018946648,-0.763195514679],"min":[-0.949139595032,-0.956130623817,-0.96485888958,-0.964491188526,-0.95999956131,-0.958942055702],"var":[0.00917530804873,0.00470118271187,0.00333811645396,0.00261349510401,0.00163157074712,0.00211146147922]},"spectral_contrast_valleys":{"dmean":[0.371849864721,0.343119233847,0.310649633408,0.293088674545,0.265433430672,0.307817339897],"dmean2":[0.612879395485,0.556774318218,0.494270712137,0.44140380621,0.364586263895,0.391073286533],"dvar":[0.135508045554,0.105744957924,0.100652843714,0.104184798896,0.119205720723,0.191141858697],"dvar2":[0.311524033546,0.230819568038,0.201859712601,0.179267585278,0.180995687842,0.313339352608],"max":[-4.94314193726,-4.4004650116,-5.20452165604,-5.67037630081,-5.60818052292,-7.70011901855],"mean":[-7.19429445267,-6.40306949615,-7.26962280273,-7.81115150452,-7.9970035553,-10.7893095016],"median":[-6.73714113235,-6.1857585907,-7.0847826004,-7.5985584259,-7.77544927597,-10.4451446533],"min":[-27.6911506653,-27.408952713,-27.3613433838,-27.2145690918,-27.1802520752,-27.2861652374],"var":[1.76158559322,0.769005358219,0.681729972363,1.1351839304,1.59909892082,2.19612312317]},"spectral_decrease":{"dmean":2.95732816014e-9,"dmean2":4.69675454084e-9,"dvar":3.04408983603e-17,"dvar2":7.46073237386e-17,"max":-2.66073562812e-16,"mean":-8.68781224739e-9,"median":-7.7395565512e-9,"min":-6.07320913559e-8,"var":5.01043678754e-17},"spectral_energy":{"dmean":0.0114622572437,"dmean2":0.0181370098144,"dvar":0.000445051147835,"dvar2":0.00108815007843,"max":0.231759369373,"mean":0.0344574786723,"median":0.0309132207185,"min":1.1202262451e-9,"var":0.000758667767514},"spectral_energyband_high":{"dmean":0.000311924173729,"dmean2":0.000429761304986,"dvar":7.2553444852e-7,"dvar2":0.00000149908464664,"max":0.0219389051199,"mean":0.000658000179101,"median":0.000177079040441,"min":1.2616473144e-10,"var":0.00000172360694251},"spectral_energyband_low":{"dmean":0.00788192171603,"dmean2":0.0130170779303,"dvar":0.000338460027706,"dvar2":0.000851513410453,"max":0.213932737708,"mean":0.0155347846448,"median":0.0103001892567,"min":6.67272626043e-10,"var":0.000399341690354},"spectral_energyband_middle_high":{"dmean":0.00131453480572,"dmean2":0.00194643915165,"dvar":0.00000338414088219,"dvar2":0.00000756965209803,"max":0.0319395512342,"mean":0.00443569757044,"median":0.00338239129633,"min":2.9203191948e-11,"var":0.0000158972525242},"spectral_energyband_middle_low":{"dmean":0.00591048924252,"dmean2":0.00955014303327,"dvar":0.000088591761596,"dvar2":0.000228567776503,"max":0.109673276544,"mean":0.016379006207,"median":0.0142937805504,"min":4.55414976563e-11,"var":0.000162131007528},"spectral_entropy":{"dmean":0.163038447499,"dmean2":0.229849874973,"dvar":0.038671836257,"dvar2":0.074096262455,"max":9.80097579956,"mean":7.29259729385,"median":7.33864498138,"min":5.27343511581,"var":0.290974408388},"spectral_flux":{"dmean":0.0252938773483,"dmean2":0.0374699383974,"dvar":0.00135506049264,"dvar2":0.00249707768671,"max":0.396843791008,"mean":0.0799764618278,"median":0.0696899592876,"min":0.0000334697797371,"var":0.003323065117},"spectral_kurtosis":{"dmean":3.13073468208,"dmean2":5.22747325897,"dvar":22.5970478058,"dvar2":58.6035690308,"max":95.9290008545,"mean":7.64789390564,"median":4.86421537399,"min":-1.20303571224,"var":64.4783706665},"spectral_rms":{"dmean":0.000832563906442,"dmean2":0.00126632431056,"dvar":0.00000146505351495,"dvar2":0.00000335094046022,"max":0.0150368446484,"mean":0.00527826184407,"median":0.00549174286425,"min":0.00000104542027657,"var":0.00000575699959882},"spectral_rolloff":{"dmean":350.978149414,"dmean2":585.144836426,"dvar":554745.625,"dvar2":1218604.75,"max":10465.1367188,"mean":1075.5657959,"median":775.1953125,"min":86.1328125,"var":1241675.625},"spectral_skewness":{"dmean":0.308175235987,"dmean2":0.485920727253,"dvar":0.13235680759,"dvar2":0.318822383881,"max":7.62235403061,"mean":1.89138126373,"median":1.73644709587,"min":0.0474437177181,"var":0.685980558395},"spectral_spread":{"dmean":452217.75,"dmean2":637756.875,"dvar":491716837376,"dvar2":822529032192,"max":40750788,"mean":3728985,"median":3500094,"min":920540.625,"var":2794021453820},"spectral_strongpeak":{"dmean":0.320854276419,"dmean2":0.54539835453,"dvar":0.231722101569,"dvar2":0.585827767849,"max":9.81115913391,"mean":0.657037973404,"median":0.48695769906,"min":0,"var":0.362980872393},"zerocrossingrate":{"dmean":0.00776367541403,"dmean2":0.00916095357388,"dvar":0.000110704175313,"dvar2":0.000125504186144,"max":0.318359375,"mean":0.0442990921438,"median":0.0380859375,"min":0.00341796875,"var":0.000847512099426}},"metadata":{"audio_properties":{"analysis_sample_rate":44100,"bit_rate":0,"codec":"flac","downmix":"mix","equal_loudness":0,"length":301.413330078,"lossless":true,"md5_encoded":"11063c2e097f156c79d0e18b0861b0f7","replay_gain":-13.5257663727},"tags":{"album":["The Suburbs"],"albumartist":["Arcade Fire"],"albumartistsort":["Arcade Fire"],"albumsort":["The Suburbs (2010-08-02, Arcade Fire, 30ab36d3-8dfe-4967-bb7f-05b3595f7d2e)"],"arranger":["Arcade Fire"],"artist":["Arcade Fire"],"artists":["Arcade Fire"],"artistsort":["Arcade Fire"],"asin":["B003O85WTY"],"barcode":["602527426297"],"catalognumber":["2742629/A"],"composer":["Arcade Fire"],"composersort":["Arcade Fire"],"date":["2010-08-02"],"discnumber":["1"],"disctotal":["1"],"file_name":"13 - Arcade Fire - We Used to Wait.flac","genre":["Rock, Alternative Pop/Rock"],"isrc":["GBUM71021644"],"label":["Mercury"],"language":["eng"],"lyricist":["Arcade Fire"],"media":["CD"],"musicbrainz_albumartistid":["52074ba6-e495-4ef3-9bb4-0703888a9f68"],"musicbrainz_albumid":["30ab36d3-8dfe-4967-bb7f-05b3595f7d2e"],"musicbrainz_artistid":["52074ba6-e495-4ef3-9bb4-0703888a9f68"],"musicbrainz_recordingid":["2312aa57-02ff-481c-afba-4ae0f7fa3ca0"],"musicbrainz_releasegroupid":["4b6d5132-4740-407a-b9ae-505d5f1d3e97"],"musicbrainz_releasetrackid":["371744c4-521d-374c-8d46-4abb4c394afc"],"musicbrainz_workid":["d9b1616c-5982-39ae-bf4a-66114126b55a"],"musicip_puid":["7cea3da6-487e-4542-62d4-b3df8f4cb6cc"],"originaldate":["2010-07-03"],"producer":["Arcade Fire"],"releasecountry":["GB"],"releasestatus":["official"],"releasetype":["album"],"replaygain_album_gain":["-8.85 dB"],"replaygain_album_peak":["1.00000000"],"replaygain_track_gain":["-8.20 dB"],"replaygain_track_peak":["0.99911499"],"script":["Latn"],"title":["We Used to Wait"],"totaldiscs":["1"],"totaltracks":["16"],"tracknumber":["13"],"tracktotal":["16"],"work":["We Used to Wait"]},"version":{"essentia"