{"lowlevel":{"average_loudness":0.90041488409,"barkbands":{"dmean":[0.000171850930201,0.00689152535051,0.00120727741159,0.000502135255374,0.00114201602992,0.00077114906162,0.000620976788923,0.000801194633823,0.00133801286574,0.000961900514085,0.000347957044141,0.000496668508276,0.000392275775084,0.000725229387172,0.00035806192318,0.000442130636657,0.000239890519879,0.000308439164655,0.000193185303942,0.000114467933599,0.0000873338794918,0.00010685466259,0.0000994164511212,0.0000998745381366,0.0000776945889811,0.0000547742420167,0.0000252181798714],"dmean2":[0.000274392456049,0.012010497041,0.00209554634057,0.000849147967529,0.00189697998576,0.00126129516866,0.00100741372444,0.00130849250127,0.00205328594893,0.00144297129009,0.000540486769751,0.000788017001469,0.00061861006543,0.00111507554539,0.000565207854379,0.00069607142359,0.000381603749702,0.000486397038912,0.000310342904413,0.000184369564522,0.000140689517139,0.000165510515217,0.000144143064972,0.000139233932714,0.000105201397673,0.0000713033005013,0.000033633896237],"dvar":[1.87371398397e-7,0.000340104481438,0.00000727059705241,6.42523730221e-7,0.00000368544851881,0.00000243301133196,0.00000177604385954,0.00000287686430056,0.00000607959827903,0.00000520161574968,4.59657655938e-7,7.89791329225e-7,5.78786739425e-7,0.00000147030118569,5.27029726527e-7,4.49641248679e-7,1.27074912371e-7,1.66874613683e-7,6.04118000069e-8,2.97146272032e-8,1.97431209159e-8,5.30595123394e-8,9.91278454876e-8,1.14627823677e-7,5.36489785929e-8,5.25106402804e-9,1.32382893536e-9],"dvar2":[4.25289300665e-7,0.000900538230781,0.00001992322359,0.00000171498879808,0.00000938698576647,0.00000571481405132,0.00000442137024947,0.00000729347129891,0.0000131254173539,0.0000107550667963,0.00000109050881747,0.00000195726192942,0.00000133577532324,0.00000304776017401,0.0000011502347661,0.00000103176648736,3.06352205826e-7,4.00578159088e-7,1.43138251474e-7,7.5650248732e-8,4.92279781383e-8,1.11212735021e-7,1.82396732384e-7,2.18175699729e-7,9.58466230827e-8,1.02834754045e-8,2.62911536986e-9],"max":[0.00413395930082,0.159311980009,0.028391815722,0.0121325999498,0.0303688459098,0.029626371339,0.0311030540615,0.0377663932741,0.0562344528735,0.0550246760249,0.0290078055114,0.0194108281285,0.0230466928333,0.0452656894922,0.0204427167773,0.0134981749579,0.00663514528424,0.00660427846014,0.00467369705439,0.00321540888399,0.00356451701373,0.00619228044525,0.0108300130814,0.00813765171915,0.00872451998293,0.00158517144155,0.000395277311327],"mean":[0.000135986119858,0.00521611515433,0.00136293750256,0.000840702559799,0.00167895830236,0.00117620057426,0.000912456715014,0.00115915073548,0.00295382202603,0.00209060381167,0.000729909923393,0.000894320255611,0.00065738131525,0.00132527411915,0.000582151114941,0.00083936349256,0.000466609781142,0.000611997209489,0.000417024712078,0.000266892311629,0.000197592700715,0.000248763593845,0.000221853173571,0.000200369395316,0.000154493973241,0.000108464366349,0.0000428885468864],"median":[0.00000118172260954,0.000711068278179,0.00057363009546,0.000373774208128,0.000854474434163,0.000480358954519,0.000369808432879,0.000424429250415,0.00108198192902,0.000544453330804,0.000222700211452,0.000455110915937,0.000341545266565,0.000697304843925,0.000293245975627,0.000460116687464,0.000270104355877,0.000400788034312,0.000301108666463,0.000159591436386,0.000127025909023,0.000145626647281,0.000101043806353,0.0000851527875056,0.0000791496204329,0.0000739347742638,0.0000270897835435],"min":[3.27282143972e-25,9.73443411598e-25,1.30748606888e-24,1.90034580472e-24,1.38618038731e-23,5.57561681328e-24,1.58469186986e-23,1.39903487576e-23,1.84612242488e-23,2.57157469054e-23,1.71194491574e-23,3.89552294545e-23,3.32599629523e-23,3.68894204693e-23,5.79660483628e-23,6.57999925098e-23,5.51315386017e-23,1.07503326213e-22,1.36886337583e-22,1.55039453273e-22,2.49742987494e-22,3.56791311359e-22,4.0790083948e-22,5.79754402252e-22,8.90103995373e-22,1.37990831203e-21,1.95433900126e-21],"var":[1.74309320755e-7,0.000239410219365,0.00000578317485633,0.00000141799102948,0.00000546093860976,0.00000477393678011,0.00000278540892396,0.00000544646263734,0.0000278688203252,0.0000257362189586,0.00000227921646001,0.00000200616568691,0.00000108496840312,0.0000041373791646,0.00000132859054247,0.00000131945091653,3.30825997708e-7,4.37122452013e-7,1.75314625039e-7,1.00345545206e-7,5.21569347711e-8,1.5634887518e-7,2.77207846011e-7,2.62604203272e-7,1.22045150874e-7,1.40314089236e-8,2.64974620023e-9]},"barkbands_crest":{"dmean":2.89710688591,"dmean2":4.79665088654,"dvar":9.52152633667,"dvar2":25.143579483,"max":24.4583759308,"mean":8.8235912323,"median":7.60299348831,"min":2.14010190964,"var":19.344461441},"barkbands_flatness_db":{"dmean":0.0188923887908,"dmean2":0.0296882744879,"dvar":0.00034496592707,"dvar2":0.00088412349578,"max":0.425804764032,"mean":0.0884612351656,"median":0.0811314806342,"min":0.0199962127954,"var":0.00150532345288},"barkbands_kurtosis":{"dmean":1.51872575283,"dmean2":2.49094247818,"dvar":7.13883924484,"dvar2":18.7355976105,"max":69.1139526367,"mean":1.18445253372,"median":0.250796079636,"min":-1.90569376945,"var":10.0399560928},"barkbands_skewness":{"dmean":0.464170247316,"dmean2":0.716737031937,"dvar":0.258093625307,"dvar2":0.619095683098,"max":7.63219356537,"mean":0.876380205154,"median":0.78463113308,"min":-2.08455395699,"var":0.654905200005},"barkbands_spread":{"dmean":6.41279220581,"dmean2":9.60911560059,"dvar":46.334777832,"dvar2":100.226081848,"max":121.752700806,"mean":28.7757148743,"median":26.8607559204,"min":0.929739654064,"var":180.256652832},"dissonance":{"dmean":0.0154608236626,"dmean2":0.0264054927975,"dvar":0.00029762025224,"dvar2":0.000838312087581,"max":0.500000119209,"mean":0.473963588476,"median":0.480087786913,"min":0,"var":0.000498912762851},"dynamic_complexity":2.84681749344,"erbbands":{"dmean":[0.191837877035,1.55394160748,1.78202021122,1.51954638958,3.03348040581,3.9776802063,3.99637508392,7.09671354294,9.61481761932,8.57058525085,20.1661758423,22.6656799316,41.9714050293,18.9922180176,11.8459062576,19.129114151,17.6537818909,33.3535194397,23.6188697815,14.2343149185,26.3608226776,14.0016002655,14.294506073,13.9586286545,7.57263040543,4.69127655029,3.27013015747,3.6231777668,3.66126680374,3.80838513374,2.82153010368,2.31150913239,1.5818208456,1.08315742016,0.479163378477,0.217623189092,0.107320040464,0.0350553393364,0.00426592025906,0.000160236828378],"dmean2":[0.324007749557,2.78231048584,3.0582344532,2.58185148239,5.08844518661,6.6472568512,6.42233037949,11.7356891632,15.6521463394,13.7564849854,32.8504829407,34.7375221252,62.7373962402,28.0819778442,18.3094539642,30.1448173523,27.2749443054,51.4873161316,36.6557350159,22.212644577,41.4953117371,21.9471321106,22.3278541565,22.0709514618,12.1832227707,7.46995258331,5.25114297867,5.84970903397,5.73969554901,5.67919111252,4.12418031693,3.29098176956,2.20501446724,1.51113760471,0.647486627102,0.290467619896,0.14299711585,0.0465094484389,0.00566581916064,0.000212854050915],"dvar":[0.259030908346,18.0239715576,17.7755012512,6.93233633041,28.1739768982,46.0156936646,68.6587219238,250.326309204,468.24899292,276.94229126,1895.88305664,2021.69311523,7528.09326172,1560.11889648,406.029663086,1203.35437012,1023.13031006,3536.2277832,1902.41674805,974.721252441,1669.9296875,449.045623779,375.085388184,298.792999268,121.97454071,47.6036987305,28.2567920685,33.9531898499,49.135848999,116.336349487,95.3710250854,73.2041091919,29.3125305176,12.8227720261,2.0131726265,0.114227853715,0.0205212235451,0.00240634428337,0.0000378269469365,5.12076461234e-8],"dvar2":[0.659439742565,48.982383728,47.2240486145,18.9425086975,71.302947998,120.451705933,169.944549561,609.362548828,1152.03027344,641.510620117,4794.7421875,3996.21582031,15825.5957031,2941.83959961,951.663818359,2953.24169922,2318.66381836,7334.55908203,3969.64135742,2102.95800781,3936.80371094,1076.49938965,873.180114746,701.671264648,291.712280273,118.997550964,71.0504760742,82.6343841553,106.097900391,229.658401489,187.425247192,138.906234741,57.7933731079,25.1463088989,3.90391516685,0.21931309998,0.041269376874,0.00476696062833,0.0000754610082367,1.03114636829e-7],"max":[4.51254320145,35.3967819214,42.9413642883,34.5816421509,73.131690979,135.210998535,254.572067261,356.949432373,569.329589844,490.625946045,1015.27172852,1746.66601562,1750.05786133,1031.015625,675.644226074,823.571716309,1227.83703613,2583.47875977,1768.04943848,971.989379883,846.910461426,387.500152588,397.329711914,271.704498291,281.542907715,171.549362183,130.015213013,140.13583374,183.802703857,307.836364746,381.980529785,252.321899414,177.265228271,136.748947144,46.2200050354,11.504193306,1.54742074013,0.599063754082,0.0694296211004,0.00246961414814],"mean":[0.145255297422,1.16091477871,1.8051815033,2.48512911797,4.3928771019,5.43642616272,6.34702062607,10.4236326218,14.2483539581,13.9599437714,31.7028160095,47.8401184082,97.2790985107,45.3572463989,25.1754665375,35.554233551,34.7016410828,62.3226127625,41.6068496704,27.8324489594,50.7151222229,30.4566936493,30.6720619202,30.0641746521,18.182466507,11.4957466125,7.59449005127,8.21708774567,8.45546150208,8.5066614151,6.04635572433,4.56108379364,3.05243682861,2.00804567337,0.951906681061,0.443885713816,0.202617660165,0.0620333068073,0.00720665790141,0.000294374563964],"median":[0.00850190408528,0.195341765881,0.646161973476,1.17088699341,2.2692990303,2.67268228531,2.68584680557,4.28813505173,5.55470132828,7.55273962021,12.3991727829,21.7033309937,29.2975234985,16.6040248871,13.5452604294,19.3176841736,20.5440940857,31.8622989655,23.6076126099,16.0389041901,27.3555870056,18.8907546997,20.7624340057,21.4220905304,11.9626674652,7.27465772629,5.0197262764,5.20745849609,5.11566352844,4.31994485855,2.67669343948,1.83653819561,1.34351027012,0.952457726002,0.51222038269,0.288547426462,0.135869711637,0.0398681387305,0.00451933359727,0.00020016056078],"min":[3.59231226584e-23,3.17034943168e-22,2.05531784194e-21,7.90365501519e-21,1.02591802486e-20,2.74388378452e-20,4.48842708344e-20,4.85480088637e-20,1.52926644258e-19,1.95301504376e-19,3.22924538599e-19,4.93055272978e-19,6.52670577217e-19,8.7203913416e-19,1.04184576883e-18,1.58502156949e-18,2.00505664671e-18,2.52015897135e-18,2.15939407335e-18,4.25595302584e-18,4.03471488561e-18,3.90224604641e-18,5.66258937391e-18,7.89388963753e-18,5.33446998597e-18,6.78248811214e-18,9.49072375976e-18,1.00421827403e-17,1.05204627064e-17,1.07617852054e-17,1.24660204584e-17,1.09365287642e-17,9.46222325175e-18,8.72844704679e-18,5.63716804574e-18,4.29506419315e-18,2.56417573329e-18,1.00775868977e-18,2.62165563517e-19,2.93251262969e-20],"var":[0.198204755783,11.8705997467,13.5338010788,10.396147728,37.2345123291,65.3310699463,198.50932312,394.649597168,742.518981934,575.849060059,3854.38793945,7428.44726562,33039.34375,8445.2109375,1362.20678711,2829.65112305,2292.9597168,9951.04785156,4595.58984375,2651.54467773,4893.67041016,1252.31201172,1084.38098145,875.753967285,408.658477783,174.681732178,74.4332351685,92.6379241943,146.275863647,321.806243896,230.287307739,161.545333862,58.7684783936,24.51496315,4.26051473618,0.314106315374,0.0503074638546,0.00519896578044,0.0000748950988054,1.00434910166e-7]},"erbbands_crest":{"dmean":2.68183922768,"dmean2":4.21954727173,"dvar":6.10639810562,"dvar2":14.0863513947,"max":30.4104614258,"mean":9.462474823,"median":8.12547206879,"min":2.25424027443,"var":23.3420886993},"erbbands_flatness_db":{"dmean":0.0167599003762,"dmean2":0.0239674597979,"dvar":0.000234766543144,"dvar2":0.00047179905232,"max":0.316206753254,"mean":0.134311392903,"median":0.131030708551,"min":0.0263706687838,"var":0.0013692791108},"erbbands_kurtosis":{"dmean":0.875437140465,"dmean2":1.37032568455,"dvar":1.60497426987,"dvar2":3.6712770462,"max":32.6085777283,"mean":0.713093101978,"median":0.153917074203,"min":-1.74158298969,"var":4.36063671112},"erbbands_skewness":{"dmean":0.331652641296,"dmean2":0.499267309904,"dvar":0.0914488881826,"dvar2":0.197338327765,"max":5.02936506271,"mean":0.297387897968,"median":0.201098591089,"min":-2.72845983505,"var":0.559425532818},"erbbands_spread":{"dmean":6.46787548065,"dmean2":9.82497692108,"dvar":45.3098754883,"dvar2":101.177688599,"max":115.584510803,"mean":32.959728241,"median":30.3362960815,"min":5.20034122467,"var":198.332992554},"gfcc":{"cov":[[13181.4042969,-607.911071777,-928.336181641,24.4400539398,-539.167175293,124.463912964,-358.435791016,183.922653198,-127.438468933,62.9977416992,-284.846069336,96.9856491089,-143.861236572],[-607.911071777,1227.76135254,-210.148956299,296.625701904,161.193313599,-7.73711776733,164.247772217,-14.9606027603,67.1289978027,-27.3141841888,106.392158508,-48.1843338013,27.0364112854],[-928.336181641,-210.148956299,674.228820801,-55.1143951416,118.959243774,84.2327651978,59.8809051514,65.002532959,12.9664211273,61.2727890015,-8.07133483887,19.12591362,17.8025035858],[24.4400539398,296.625701904,-55.1143951416,413.951080322,35.4573860168,80.0297164917,41.3852615356,-3.49191856384,63.6424102783,3.7349653244,58.00365448,-15.529794693,15.4913158417],[-539.167175293,161.193313599,118.959243774,35.4573860168,253.377624512,25.4978618622,68.0734786987,20.2065925598,43.9410133362,39.1033439636,33.2672843933,12.1542081833,3.11283159256],[124.463912964,-7.73711776733,84.2327651978,80.0297164917,25.4978618622,149.044647217,54.4243469238,34.8881072998,18.2143344879,8.78182029724,-3.12688803673,0.788316905499,10.8630151749],[-358.435791016,164.247772217,59.8809051514,41.3852615356,68.0734786987,54.4243469238,188.529525757,63.1050872803,18.0695343018,-9.7791891098,23.5117588043,1.4831430912,9.64267635345],[183.922653198,-14.9606027603,65.002532959,-3.49191856384,20.2065925598,34.8881072998,63.1050872803,99.3719100952,33.2570495605,17.2100505829,-6.27147388458,5.50926446915,3.21241831779],[-127.438468933,67.1289978027,12.9664211273,63.6424102783,43.9410133362,18.2143344879,18.0695343018,33.2570495605,105.884651184,45.7904167175,13.5927886963,1.87809038162,6.9640750885],[62.9977416992,-27.3141841888,61.2727890015,3.7349653244,39.1033439636,8.78182029724,-9.7791891098,17.2100505829,45.7904167175,92.681854248,39.2525138855,18.3523960114,-6.51306724548],[-284.846069336,106.392158508,-8.07133483887,58.00365448,33.2672843933,-3.12688803673,23.5117588043,-6.27147388458,13.5927886963,39.2525138855,110.734725952,33.7687721252,-3.79437637329],[96.9856491089,-48.1843338013,19.12591362,-15.529794693,12.1542081833,0.788316905499,1.4831430912,5.50926446915,1.87809038162,18.3523960114,33.7687721252,71.5266799927,23.6792850494],[-143.861236572,27.0364112854,17.8025035858,15.4913158417,3.11283159256,10.8630151749,9.64267635345,3.21241831779,6.9640750885,-6.51306724548,-3.79437637329,23.6792850494,69.7725982666]],"icov":[[0.000158763388754,-0.0000667675121804,0.000281846121652,-0.000178796952241,0.000187048615771,-0.000243023532676,0.00031416019192,-0.000646758358926,0.000576219521463,-0.000658054312225,0.000837733561639,-0.000776497879997,0.000526999414433],[-0.0000667675121804,0.00159913592506,0.000355250027496,-0.000573138007894,-0.000925030268263,0.000775814813096,-0.00126663642004,0.000722835829947,-0.000676575582474,0.000898545607924,-0.00168819667306,0.00208425708115,-0.00130621052813],[0.000281846121652,0.000355250027496,0.00262935273349,-0.000179240683792,-0.000711410946678,-0.00115219329018,0.000094022580015,-0.00172638043296,0.00180081755389,-0.00250109960325,0.0016495748423,-0.000819323060568,0.0000445577898063],[-0.000178796952241,-0.000573138007894,-0.000179240683792,0.00428528338671,0.00002447204497,-0.00229472550564,0.000329306378262,0.00142626476008,-0.00303377606906,0.0022788180504,-0.00339059601538,0.0022446596995,-0.00123792712111],[0.000187048615771,-0.000925030268263,-0.000711410946678,0.00002447204497,0.00593664450571,-0.000383046339266,-0.00105921505019,0.000373625778593,-0.000713430461474,-0.00225869682617,0.00138803164009,-0.0022620249074,0.00154768803623],[-0.000243023532676,0.000775814813096,-0.00115219329018,-0.00229472550564,-0.000383046339266,0.0101980473846,-0.00299509894103,-0.000239177039475,-0.000137713723234,-0.000289520947263,0.000534919905476,0.0010072439909,-0.00146998255514],[0.00031416019192,-0.00126663642004,0.000094022580015,0.000329306378262,-0.00105921505019,-0.00299509894103,0.0107857473195,-0.00740002654493,0.00136246578768,0.0027681698557,-0.0014306656085,-0.0010060952045,0.000791186233982],[-0.000646758358926,0.000722835829947,-0.00172638043296,0.00142626476008,0.000373625778593,-0.000239177039475,-0.00740002654493,0.0194250456989,-0.00694004120305,0.000487705459818,-0.000452808482805,0.00136330747046,-0.0010899718618],[0.000576219521463,-0.000676575582474,0.00180081755389,-0.00303377606906,-0.000713430461474,-0.000137713723234,0.00136246578768,-0.00694004120305,0.0185307767242,-0.0110563002527,0.00565165420994,-0.00205719470978,-0.0000272818160738],[-0.000658054312225,0.000898545607924,-0.00250109960325,0.0022788180504,-0.00225869682617,-0.000289520947263,0.0027681698557,0.000487705459818,-0.0110563002527,0.0242040157318,-0.0118456240743,0.00262730754912,-0.00000489464127895],[0.000837733561639,-0.00168819667306,0.0016495748423,-0.00339059601538,0.00138803164009,0.000534919905476,-0.0014306656085,-0.000452808482805,0.00565165420994,-0.0118456240743,0.0224915482104,-0.0136652616784,0.00697769690305],[-0.000776497879997,0.00208425708115,-0.000819323060568,0.0022446596995,-0.0022620249074,0.0010072439909,-0.0010060952045,0.00136330747046,-0.00205719470978,0.00262730754912,-0.0136652616784,0.0273172501475,-0.0122410487384],[0.000526999414433,-0.00130621052813,0.0000445577898063,-0.00123792712111,0.00154768803623,-0.00146998255514,0.000791186233982,-0.0010899718618,-0.0000272818160738,-0.00000489464127895,0.00697769690305,-0.0122410487384,0.0208252295852]],"mean":[29.1158027649,52.4453010559,-115.296485901,10.9465389252,-48.9898796082,11.2816143036,-32.1692199707,9.85530757904,-21.3709964752,-1.33099627495,-20.8285770416,0.0524435937405,-17.6145820618]},"hfc":{"dmean":7.3063287735,"dmean2":10.26445961,"dvar":78.2489013672,"dvar2":144.776779175,"max":214.492324829,"mean":28.8661575317,"median":25.2924766541,"min":1.06884784743e-16,"var":440.138885498},"melbands":{"dmean":[0.00184724386781,0.00134696939494,0.000272071512882,0.000284388574073,0.000132232802571,0.000159386006999,0.000138705960126,0.000109062733827,0.000168430473423,0.000165834790096,0.000212882005144,0.0000858345811139,0.0000433080967923,0.0000521935689903,0.000052090279496,0.0000456652742287,0.0000634703683318,0.0000446259145974,0.0000256704879575,0.0000199985988729,0.0000353908726538,0.000015324618289,0.0000114105978355,0.0000173151165654,0.0000119472379083,0.00000669518885843,0.00000590153467783,0.00000290377170131,0.00000202531282412,0.00000246139461524,0.00000225471194426,0.00000223117626774,0.00000245715341407,0.00000216958187593,0.00000184631574029,0.00000153175699324,0.00000147934963479,0.00000114664362627,0.00000114132956242,8.86617499418e-7],"dmean2":[0.00317195802927,0.00235649733804,0.000458922702819,0.000478074565763,0.00021169615502,0.000262181274593,0.000225190771744,0.000174632106791,0.000273523590295,0.00025395504781,0.000318625272484,0.000127636318211,0.0000670442168484,0.0000817745967652,0.0000826031173347,0.0000709069718141,0.0000982081037364,0.0000698049989296,0.000040731869376,0.0000312363699777,0.0000558403044124,0.0000244034035859,0.0000177256970346,0.0000276221398963,0.0000190560149349,0.0000107583946374,0.00000962065678323,0.0000046112218115,0.0000032656635085,0.00000407421521231,0.0000036736871607,0.00000358730903827,0.00000379478774448,0.00000326429244524,0.0000027569951726,0.0000022114161311,0.00000215667910197,0.00000164448931628,0.00000166339816587,0.00000126134455058],"dvar":[0.0000242399437411,0.0000115447683129,1.9723208311e-7,2.46382143132e-7,6.453811352e-8,1.15758659547e-7,9.2213937819e-8,4.1869917311e-8,1.29720518771e-7,1.0301555875e-7,1.90789251064e-7,3.88604242119e-8,6.22139850748e-9,1.0386423277e-8,1.06266915267e-8,5.89476290003e-9,1.31535342618e-8,7.824356274e-9,3.61926377757e-9,1.37179412274e-9,3.39491879053e-9,5.58814716722e-10,2.89405388543e-10,6.03758321116e-10,2.2477560091e-10,8.54566625796e-11,1.01520881979e-10,2.08047017114e-11,9.76625291055e-12,1.63760394134e-11,1.33833586574e-11,1.52558070343e-11,3.63505267553e-11,3.90202141431e-11,4.08806391516e-11,3.97462895929e-11,2.9170589555e-11,1.6570715286e-11,1.78542562679e-11,9.58091158493e-12],"dvar2":[0.0000632533046883,0.0000306726869894,5.28793577814e-7,6.36162098999e-7,1.6214518439e-7,2.7819160664e-7,2.27675272413e-7,9.72396492216e-8,3.21223097899e-7,2.09745991242e-7,4.0247411448e-7,7.33596294822e-8,1.46898342379e-8,2.61589079287e-8,2.53609666601e-8,1.30837358725e-8,2.70170641414e-8,1.64207740738e-8,8.02562549751e-9,2.91259127927e-9,7.97605892444e-9,1.38441302866e-9,6.63726129613e-10,1.48491141605e-9,5.35105737498e-10,2.01715061321e-10,2.58573801259e-10,5.25140209096e-11,2.45128917165e-11,4.262249928e-11,3.28989058218e-11,3.52406680226e-11,7.9071575676e-11,7.84287773614e-11,8.59616614002e-11,7.64261501307e-11,5.92073404193e-11,3.36972880155e-11,3.98465149765e-11,1.85330969321e-11],"max":[0.0433102324605,0.0301965940744,0.00602470804006,0.00642688246444,0.00665644230321,0.00709862355143,0.00750084593892,0.00587930064648,0.00861827563494,0.0108138164505,0.00912964809686,0.00489014433697,0.00367285264656,0.00274694780819,0.00243672961369,0.00236495235004,0.00476220436394,0.00375611288473,0.00230092997663,0.00133913429454,0.00124801229686,0.000406976294471,0.000481412629597,0.000421268836362,0.00022663542768,0.000241329020355,0.000207427860005,0.000135469264933,0.0000933945266297,0.0000974917784333,0.0000937112708925,0.0000964498321991,0.000174977089046,0.00018165523943,0.000251108431257,0.000269752024906,0.000156175083248,0.000140489486512,0.000156380687258,0.000142018150655],"mean":[0.00139593461063,0.001195368357,0.000463124015369,0.00039016539813,0.000215175692574,0.000239743923885,0.000208695651963,0.000173479158548,0.000266897521215,0.000359424127964,0.00049368821783,0.000192517138203,0.0000888485083124,0.0000939711244428,0.0000900026570889,0.0000839155254653,0.000113852685899,0.000070509595389,0.0000436123482359,0.0000347644345311,0.0000645050095045,0.0000287818147626,0.0000235732168221,0.0000324231587001,0.0000239931014221,0.0000143501638377,0.0000121926186694,0.00000635546757621,0.00000442988630311,0.00000482730820295,0.00000475685146739,0.0000046956179176,0.00000504492527398,0.00000456200677945,0.00000362588411917,0.00000289768331641,0.00000270521672974,0.00000209746076507,0.00000201339639716,0.00000157205681717],"median":[0.000146087651956,0.000359780999133,0.00026509934105,0.000195043976419,0.0000994409201667,0.000100957287941,0.0000850584547152,0.0000869230061653,0.0000977467789198,0.000144842037116,0.000142415927257,0.0000585640664212,0.0000362280406989,0.0000434634530393,0.0000411828550568,0.0000477906178276,0.000054914446082,0.0000345452863257,0.0000207209977816,0.0000208913788811,0.0000314809876727,0.000016010913896,0.0000150470359586,0.0000201000220841,0.0000164511784533,0.0000097381798696,0.00000567629649595,0.0000039285382627,0.00000290386674351,0.00000299199882647,0.00000295510812975,0.00000286877366307,0.00000269880752057,0.00000220403785534,0.00000162716037266,0.00000112905729566,0.00000107003040739,8.84614678398e-7,9.33894909849e-7,7.30740623567e-7],"min":[3.38394482417e-25,1.42213368942e-24,1.34263682334e-24,2.08300240581e-24,1.13276836673e-24,1.0257408467e-24,3.11658255776e-24,2.41537908746e-24,2.50457736495e-24,2.55091170187e-24,3.23770150013e-24,3.23862190359e-24,2.37821841402e-24,3.65065894275e-24,4.2571044411e-24,3.27958547825e-24,3.89938520844e-24,2.61130176517e-24,4.94741177014e-24,3.72688026113e-24,4.20822661942e-24,3.81907482955e-24,3.83962150069e-24,4.64989761291e-24,5.9874810919e-24,4.67635521881e-24,3.07090889185e-24,3.81582630035e-24,4.99548850358e-24,5.0475478013e-24,5.6839408262e-24,5.94140017655e-24,4.92521204098e-24,4.93399876817e-24,7.05630873238e-24,6.11215819139e-24,5.96039713044e-24,5.76918474119e-24,6.12769520134e-24,7.53324299163e-24],"var":[0.0000176586381713,0.0000082373207988,2.97532835702e-7,3.12440988637e-7,1.78414694574e-7,1.93202396304e-7,1.45830199472e-7,9.51424894424e-8,3.08057394705e-7,4.22736832206e-7,8.64718458615e-7,2.03067372695e-7,2.65343818029e-8,2.7030711891e-8,2.70299747029e-8,1.35252511413e-8,3.6625877442e-8,1.82633055346e-8,1.10910702844e-8,2.92412694058e-9,9.47738154622e-9,1.33738597974e-9,7.86713194589e-10,1.42468414843e-9,6.02839611563e-10,2.45892917139e-10,2.97432273255e-10,5.99239199928e-11,2.61273641611e-11,3.39150305062e-11,3.34325241103e-11,4.05568703621e-11,9.08011513201e-11,1.03567772414e-10,8.50975331868e-11,8.24960100232e-11,5.84441453566e-11,3.13095382953e-11,2.65024877044e-11,1.77206825602e-11]},"melbands_crest":{"dmean":3.43226242065,"dmean2":5.49030971527,"dvar":10.7818517685,"dvar2":26.5382423401,"max":32.0484657288,"mean":11.9057168961,"median":10.9479007721,"min":1.60657179356,"var":25.1832199097},"melbands_flatness_db":{"dmean":0.0253068711609,"dmean2":0.0383818224072,"dvar":0.000711399887223,"dvar2":0.00167164835148,"max":0.566496551037,"mean":0.140907660127,"median":0.131609648466,"min":0.00229403958656,"var":0.00315292249434},"melbands_kurtosis":{"dmean":3.80726122856,"dmean2":6.28297662735,"dvar":54.1811904907,"dvar2":139.380355835,"max":155.724197388,"mean":5.0000705719,"median":2.61258077621,"min":-1.55324089527,"var":67.4598007202},"melbands_skewness":{"dmean":0.614541947842,"dmean2":0.959530651569,"dvar":0.573536455631,"dvar2":1.35663604736,"max":10.6080970764,"mean":1.60092329979,"median":1.37398314476,"min":-1.17893385887,"var":1.25700569153},"melbands_spread":{"dmean":9.06032848358,"dmean2":13.804028511,"dvar":104.855163574,"dvar2":216.319671631,"max":209.514831543,"mean":35.1678314209,"median":31.8112239838,"min":1.00423145294,"var":390.292114258},"mfcc":{"cov":[[6541.07080078,-225.395294189,-286.867797852,-12.7064342499,-119.444511414,-53.6823539734,-188.282592773,12.4291095734,20.1310825348,-6.43454694748,-0.238894194365,-24.945930481,-22.1643104553],[-225.395294189,833.157348633,-84.570930481,149.256195068,61.9809112549,41.8484268188,86.8299407959,51.6879005432,19.0834083557,43.4840507507,44.326133728,18.2019882202,7.38140201569],[-286.867797852,-84.570930481,404.449462891,-5.37946844101,47.7031860352,37.3919868469,57.1440925598,16.354763031,56.1424179077,19.9561710358,6.14933824539,14.3682203293,21.9811840057],[-12.7064342499,149.256195068,-5.37946844101,247.814529419,59.9513168335,69.5119018555,27.3084526062,38.7397460938,1.39387881756,35.7386054993,19.9478931427,35.3086547852,29.4458656311],[-119.444511414,61.9809112549,47.7031860352,59.9513168335,164.825866699,58.2389717102,6.80576229095,-8.34066200256,24.4262981415,15.6457939148,25.6472320557,21.8895492554,12.5642242432],[-53.6823539734,41.8484268188,37.3919868469,69.5119018555,58.2389717102,124.35799408,37.6303749084,27.4486026764,23.7412700653,18.1693077087,17.9616279602,19.8768482208,3.03674530983],[-188.282592773,86.8299407959,57.1440925598,27.3084526062,6.80576229095,37.6303749084,144.123474121,63.5643577576,15.2744779587,14.0152845383,9.96662902832,12.3957881927,20.4954204559],[12.4291095734,51.6879005432,16.354763031,38.7397460938,-8.34066200256,27.4486026764,63.5643577576,108.815986633,38.9541473389,22.2192344666,6.7555065155,3.24779677391,8.58326244354],[20.1310825348,19.0834083557,56.1424179077,1.39387881756,24.4262981415,23.7412700653,15.2744779587,38.9541473389,121.385375977,43.2649116516,7.2948756218,-10.5899906158,-6.4176607132],[-6.43454694748,43.4840507507,19.9561710358,35.7386054993,15.6457939148,18.1693077087,14.0152845383,22.2192344666,43.2649116516,82.467010498,33.1135826111,5.98130941391,2.06832408905],[-0.238894194365,44.326133728,6.14933824539,19.9478931427,25.6472320557,17.9616279602,9.96662902832,6.7555065155,7.2948756218,33.1135826111,87.7794418335,36.9586334229,6.44876480103],[-24.945930481,18.2019882202,14.3682203293,35.3086547852,21.8895492554,19.8768482208,12.3957881927,3.24779677391,-10.5899906158,5.98130941391,36.9586334229,85.7180480957,47.454788208],[-22.1643104553,7.38140201569,21.9811840057,29.4458656311,12.5642242432,3.03674530983,20.4954204559,8.58326244354,-6.4176607132,2.06832408905,6.44876480103,47.454788208,86.6479187012]],"icov":[[0.000167849677382,0.0000439249997726,0.000104050152004,-0.0000372732392862,0.000102470199636,-0.0000235259831243,0.000233990198467,-0.000131782333483,-0.0000960453908192,0.0000447963830084,-0.0000833582816995,0.0000387595682696,-0.0000540692635695],[0.0000439249997726,0.00156145682558,0.000534173799679,-0.000827550480608,-0.000411139306379,0.000396663032006,-0.00102297507692,0.0000646763146506,-0.000281984510366,-0.00011100127449,-0.000501014234032,0.000144168821862,0.000245309696766],[0.000104050152004,0.000534173799679,0.00316811050288,0.000146967795445,-0.00064651662251,-0.00026075009373,-0.00139704591129,0.000607986527029,-0.00141210469883,-0.000130791449919,0.000123276768136,-0.000216591215576,-0.000491441751365],[-0.0000372732392862,-0.000827550480608,0.000146967795445,0.00633577723056,-0.00132704619318,-0.00254189316183,0.00105548475403,-0.00209309300408,0.00199187500402,-0.00260006519966,0.00127437501214,-0.00108150544111,-0.00118317722809],[0.000102470199636,-0.000411139306379,-0.00064651662251,-0.00132704619318,0.00874666403979,-0.00321666616946,0.00052731228061,0.00261112349108,-0.00195366120897,0.000967069296166,-0.00177419988904,0.0000900712693692,-0.000947791617364],[-0.0000235259831243,0.000396663032006,-0.00026075009373,-0.00254189316183,-0.00321666616946,0.0123552270234,-0.0024256168399,-0.000953606213443,-0.00121819309425,0.000277027051197,-0.0000676958225085,-0.00233647529967,0.00277960952371],[0.000233990198467,-0.00102297507692,-0.00139704591129,0.00105548475403,0.00052731228061,-0.0024256168399,0.0117149613798,-0.00629374897107,0.0016899688635,-0.000178528498509,-0.000300162850181,0.000615255208686,-0.00218148785643],[-0.000131782333483,0.0000646763146506,0.000607986527029,-0.00209309300408,0.00261112349108,-0.000953606213443,-0.00629374897107,0.0157178454101,-0.00476509099826,-0.000108635802462,-0.000358280987712,0.000390211731428,-0.000433026230894],[-0.0000960453908192,-0.000281984510366,-0.00141210469883,0.00199187500402,-0.00195366120897,-0.00121819309425,0.0016899688635,-0.00476509099826,0.0132008781657,-0.00636869715527,0.00146016292274,0.00143851689063,0.000312291609589],[0.0000447963830084,-0.00011100127449,-0.000130791449919,-0.00260006519966,0.000967069296166,0.000277027051197,-0.000178528498509,-0.000108635802462,-0.00636869715527,0.0192953515798,-0.00732361571863,0.00232731620781,-0.000821105903015],[-0.0000833582816995,-0.000501014234032,0.000123276768136,0.00127437501214,-0.00177419988904,-0.0000676958225085,-0.000300162850181,-0.000358280987712,0.00146016292274,-0.00732361571863,0.018194289878,-0.00926447007805,0.00392590137199],[0.0000387595682696,0.000144168821862,-0.000216591215576,-0.00108150544111,0.0000900712693692,-0.00233647529967,0.000615255208686,0.000390211731428,0.00143851689063,0.00232731620781,-0.00926447007805,0.0229259971529,-0.0115107158199],[-0.0000540692635695,0.000245309696766,-0.000491441751365,-0.00118317722809,-0.000947791617364,0.00277960952371,-0.00218148785643,-0.000433026230894,0.000312291609589,-0.000821105903015,0.00392590137199,-0.0115107158199,0.0186865590513]],"mean":[-616.009399414,99.5839233398,-10.2442302704,7.61817121506,1.86688411236,1.94134473801,-1.02136361599,8.2009344101,0.493385136127,2.3302667141,5.12182474136,-4.53743457794,-6.45352363586]},"pitch_salience":{"dmean":0.0738532245159,"dmean2":0.119851611555,"dvar":0.00502168573439,"dvar2":0.0134457396343,"max":0.955232322216,"mean":0.55822956562,"median":0.567705571651,"min":0.124704875052,"var":0.0118498075753},"silence_rate_20dB":{"dmean":0,"dmean2":0,"dvar":0,"dvar2":0,"max":1,"mean":1,"median":1,"min":1,"var":0},"silence_rate_30dB":{"dmean":0.00821551401168,"dmean2":0.0164325982332,"dvar":0.00814830884337,"dvar2":0.0228515081108,"max":1,"mean":0.995128452778,"median":1,"min":0,"var":0.0048476215452},"silence_rate_60dB":{"dmean":0.00897974800318,"dmean2":0.0179612115026,"dvar":0.00890120025724,"dvar2":0.0233688224107,"max":1,"mean":0.0288470722735,"median":0,"min":0,"var":0.0280179996043},"spectral_centroid":{"dmean":246.862243652,"dmean2":377.390899658,"dvar":67267.1875,"dvar2":150650.578125,"max":11527.0517578,"mean":1732.30334473,"median":1677.78186035,"min":159.588394165,"var":585045.4375},"spectral_complexity":{"dmean":4.49216651917,"dmean2":6.69036006927,"dvar":18.3452262878,"dvar2":34.7607574463,"max":59,"mean":24.4534339905,"median":24,"min":0,"var":109.953613281},"spectral_contrast_coeffs":{"dmean":[0.0523130521178,0.0486998669803,0.0402152836323,0.0307971872389,0.0226137619466,0.0197035800666],"dmean2":[0.0851546302438,0.0802326723933,0.0649547874928,0.0498150736094,0.0362075045705,0.0306582357734],"dvar":[0.00175071659032,0.00147418747656,0.00101457058918,0.000569181807805,0.000340856495313,0.000397231400711],"dvar2":[0.00443312432617,0.00405864836648,0.00254437630065,0.00146001111716,0.000827463052701,0.000930763198994],"max":[-0.333372205496,-0.469458758831,-0.464162319899,-0.560397803783,-0.611454367638,-0.619772553444],"mean":[-0.653285384178,-0.755971610546,-0.740856587887,-0.779458224773,-0.775221526623,-0.773798406124],"median":[-0.657287716866,-0.763528287411,-0.749127745628,-0.781191527843,-0.773863375187,-0.772868275642],"min":[-0.9746991992,-0.980235040188,-0.973269402981,-0.970319330692,-0.966326057911,-0.963510036469],"var":[0.00592153752223,0.00501602515578,0.00591342477128,0.00224521267228,0.00182426825631,0.00166827859357]},"spectral_contrast_valleys":{"dmean":[0.494359493256,0.398338228464,0.324945420027,0.311336100101,0.258412033319,0.247762992978],"dmean2":[0.762938439846,0.64336758852,0.508455812931,0.464151054621,0.385071992874,0.32299810648],"dvar":[0.210750713944,0.122397542,0.0788601413369,0.0804157331586,0.085990190506,0.0731793120503],"dvar2":[0.422580301762,0.286923438311,0.164601355791,0.15405651927,0.165195092559,0.124665565789],"max":[-5.14319467545,-4.66446113586,-5.2629404068,-5.62269496918,-5.74746990204,-7.40604162216],"mean":[-7.64456892014,-6.74199056625,-7.1003408432,-7.30484294891,-7.34042835236,-9.6254234314],"median":[-7.55463838577,-6.56745195389,-6.9234251976,-7.10140895844,-7.12845754623,-9.37607383728],"min":[-28.2961864471,-27.8161506653,-27.7338905334,-27.6955299377,-27.4643650055,-27.4146118164],"var":[2.44448041916,2.47219872475,2.37879443169,2.35174131393,2.38659930229,2.31842589378]},"spectral_decrease":{"dmean":2.98811886346e-9,"dmean2":4.75370764974e-9,"dvar":3.23055454407e-17,"dvar2":7.91521319567e-17,"max":1.20692456455e-28,"mean":-6.06073990994e-9,"median":-4.25604751442e-9,"min":-5.59308759307e-8,"var":3.70256729352e-17},"spectral_energy":{"dmean":0.011742323637,"dmean2":0.0185611993074,"dvar":0.000473888096167,"dvar2":0.00115666631609,"max":0.217626407743,"mean":0.0254929047078,"median":0.0186367444694,"min":1.01339294327e-20,"var":0.000575754151214},"spectral_energyband_high":{"dmean":0.00044455844909,"dmean2":0.00060431426391,"dvar":7.76090701038e-7,"dvar2":0.00000124671100821,"max":0.0223883744329,"mean":0.00126728555188,"median":0.000841073051561,"min":6.70763828335e-21,"var":0.00000311388907903},"spectral_energyband_low":{"dmean":0.00795720331371,"dmean2":0.0134294983,"dvar":0.000390008935938,"dvar2":0.000994420493953,"max":0.169313237071,"mean":0.00722367037088,"median":0.00205227266997,"min":1.57778002838e-23,"var":0.000304199144011},"spectral_energyband_middle_high":{"dmean":0.00233117747121,"dmean2":0.00335531402379,"dvar":0.00000844320675242,"dvar2":0.0000168636706803,"max":0.0662045031786,"mean":0.00828638859093,"median":0.00639222934842,"min":1.16076037966e-21,"var":0.0000568214964005},"spectral_energyband_middle_low":{"dmean":0.00364569248632,"dmean2":0.00573168881238,"dvar":0.0000241486122832,"dvar2":0.0000590442505199,"max":0.0681932866573,"mean":0.0095010176301,"median":0.007001016289,"min":1.55207146168e-22,"var":0.0000731968393666},"spectral_entropy":{"dmean":0.126440420747,"dmean2":0.18074683845,"dvar":0.015169300139,"dvar2":0.029159899801,"max":9.81610202789,"mean":7.87997436523,"median":7.89512634277,"min":4.97945213318,"var":0.111091665924},"spectral_flux":{"dmean":0.0286812316626,"dmean2":0.0436353646219,"dvar":0.00168535811827,"dvar2":0.00337061681785,"max":0.384759038687,"mean":0.0902810618281,"median":0.0741977840662,"min":6.40909963989e-11,"var":0.00335225579329},"spectral_kurtosis":{"dmean":0.998769402504,"dmean2":1.56300330162,"dvar":2.5619468689,"dvar2":6.00248003006,"max":80.0019073486,"mean":4.39557027817,"median":4.22913599014,"min":-1.25655031204,"var":9.10432720184},"spectral_rms":{"dmean":0.000942615035456,"dmean2":0.00141229759902,"dvar":0.00000194707922674,"dvar2":0.00000434377943748,"max":0.0145711516961,"mean":0.00456765899435,"median":0.00426405807957,"min":3.14432204232e-12,"var":0.00000400760154662},"spectral_rolloff":{"dmean":674.057189941,"dmean2":1053.35534668,"dvar":1234716,"dvar2":2428473.25,"max":19444.4824219,"mean":2361.57958984,"median":1959.52148438,"min":64.599609375,"var":4173928.5},"spectral_skewness":{"dmean":0.165219947696,"dmean2":0.253822565079,"dvar":0.0371536798775,"dvar2":0.0830380916595,"max":7.55235052109,"mean":1.60411536694,"median":1.620246768,"min":-0.0823980867863,"var":0.17122079432},"spectral_spread":{"dmean":636470.5625,"dmean2":840160.9375,"dvar":624828743680,"dvar2":1082176765950,"max":42154436,"mean":5501508,"median":5055844,"min":1001032.125,"var":7359450578940},"spectral_strongpeak":{"dmean":0.790406823158,"dmean2":1.33597207069,"dvar":1.2458088398,"dvar2":2.94265365601,"max":12.9710931778,"mean":1.57030594349,"median":0.83123344183,"min":0,"var":2.86894083023},"zerocrossingrate":{"dmean":0.0154205076396,"dmean2":0.0174142457545,"dvar":0.00025952339638,"dvar2":0.000284245441435,"max":0.5234375,"mean":0.0945878997445,"median":0.0849609375,"min":0.00439453125,"var":0.00251792743802}},"metadata":{"audio_properties":{"analysis_sample_rate":44100,"bit_rate":0,"codec":"flac","downmix":"mix","equal_loudness":0,"length":243.053329468,"lossless":true,"md5_encoded":"e7e7ba151583e83dc1e509843311bd2d","replay_gain":-11.9018669128},"tags":{"album":["War"],"albumartist":["U2"],"albumartistsort":["U2"],"albumsort":["War (2008-07-18, U2, 8a278f76-f452-42a4-aede-fdd1990c09ca)"],"artist":["U2"],"artists":["U2"],"artistsort":["U2"],"asin":["B0013LPS8E"],"barcode":["602517646476"],"catalognumber":["1764647"],"date":["2008-07-18"],"discnumber":["1"],"disctotal":["1"],"engineer":["Paul Thomas"],"file_name":"07 - U2 - Two Hearts Beat as One.flac","genre":["Rock"],"isrc":["GBUM70713144"],"label":["Universal Island Records"],"language":["eng"],"media":["CD"],"musicbrainz_albumartistid":["a3cb23fc-acd3-4ce0-8f36-1e5aa6a18432"],"musicbrainz_albumid":["8a278f76-f452-42a4-aede-fdd1990c09ca"],"musicbrainz_artistid":["a3cb23fc-acd3-4ce0-8f36-1e5aa6a18432"],"musicbrainz_recordingid":["2334d878-04e6-4ed7-b77f-452a3f391101"],"musicbrainz_releasegroupid":["c6b36664-7e60-3b3e-a24d-d096c67a11e9"],"musicbrainz_releasetrackid":["7b708464-a5f2-3e7b-a48e-30a775132e3c"],"musicbrainz_workid":["33c920e4-4430-3636-ae27-ca21f014ee46"],"originaldate":["1983-02-28"],"producer":["Steve Lillywhite"],"releasecountry":["XE"],"releasestatus":["official"],"releasetype":["album"],"replaygain_album_gain":["-7.11 dB"],"replaygain_album_peak":["1.00000000"],"replaygain_track_gain":["-6.35 dB"],"replaygain_track_peak":["1.00000000"],"script":["Latn"],"title":["Two Hearts Beat as One"],"totaldiscs":["1"],"totaltracks":["10"],"tracknumber":["7"],"tracktotal":["10"],"work":["Two Hearts Beat as One"],"writer":["U2"]},"version":{"essentia":"2.1-beta1","essentia_build_sha":"5a55991247aa8bc5301991e5ebe36927b56abb96","essentia_git_sha":"v2.1_beta1-6-g5578087","extractor":"music 1.0"}},"rhythm":{"beats_count":569,"beats_loudness":{"dmean":0.0160835720599,"dmean2":0.0283754970878,