{"lowlevel":{"average_loudness":0.836391329765,"barkbands":{"dmean":[0.000156644891831,0.00404673675075,0.00158260471653,0.000800273614004,0.0007084615645,0.000550091499463,0.000332400231855,0.000401344907004,0.000838551612105,0.000450731837191,0.000305526598822,0.000444342498668,0.000452385604149,0.000665885105263,0.000573426892515,0.000708829553332,0.000695767637808,0.000449697428849,0.000362037913874,0.000165949575603,0.0000964774080785,0.0000577152241021,0.0000389067427022,0.0000305290450342,0.000012884390344,0.00000517284979651,2.60385121464e-7],"dmean2":[0.000259355845628,0.00682640681043,0.00265697808936,0.00132745469455,0.00116816197988,0.000873727025464,0.00053565739654,0.000661418482196,0.00139235903043,0.000711656466592,0.000502615352161,0.000738087692298,0.000728623359464,0.00107870844658,0.000926071661524,0.00116066122428,0.00114184699487,0.000725357618649,0.00059285981115,0.000275618222076,0.000159345087013,0.0000922258623177,0.0000625908069196,0.0000481350325572,0.0000195728407562,0.00000801525311545,4.34556909568e-7],"dvar":[5.30948341293e-7,0.0000445572550234,0.00000563983212487,0.00000133454727802,0.00000179606479378,8.56745430156e-7,6.009373692e-7,8.44833550673e-7,0.00000651428945275,0.00000141942723531,4.78086803923e-7,8.27213852972e-7,9.89995783129e-7,0.00000233224614021,0.00000123945017094,0.00000117859008242,0.00000103623892755,4.50059047807e-7,2.66606548394e-7,5.76841507893e-8,3.9244888228e-8,1.77909669219e-8,2.51591778522e-8,7.87412446357e-9,1.41598599512e-9,2.52038556692e-10,1.59691953671e-12],"dvar2":[0.00000114147621844,0.000117056653835,0.0000153278488142,0.00000343821625393,0.00000458588874608,0.00000211576116271,0.00000147408718476,0.00000211937276617,0.0000186737615877,0.00000318667594001,0.00000112274187813,0.00000209634913517,0.00000224927975978,0.00000580841742703,0.00000279867572317,0.00000298040913549,0.00000269988322543,0.00000109797883852,6.73856106914e-7,1.3684010014e-7,8.95328042816e-8,3.93910610796e-8,6.6470136062e-8,1.80161805474e-8,3.35171601584e-9,5.9699678534e-10,4.27610984816e-12],"max":[0.0204526335001,0.0853519439697,0.0321345478296,0.0184210538864,0.0372666120529,0.0191333051771,0.0190079733729,0.0141271166503,0.0675564259291,0.0413429588079,0.0224849022925,0.020393460989,0.0309293549508,0.0290510766208,0.0230504814535,0.022702774033,0.0245712250471,0.0155547419563,0.0107819195837,0.00766881974414,0.0123738497496,0.00371856521815,0.00915253628045,0.00234804255888,0.0010153753683,0.000341540551744,0.0000573851284571],"mean":[0.000527302792761,0.00615876214579,0.00211334880441,0.00129835878033,0.00107093004044,0.00100545294117,0.000515046063811,0.000541813729797,0.00133192364592,0.000720412936062,0.000480931863422,0.000763590680435,0.000757471541874,0.00112104485743,0.000949374050833,0.00143279833719,0.00141576537862,0.00100427889265,0.000852457538713,0.000412270106608,0.000231264551985,0.000125596779981,0.000077385440818,0.0000605149580224,0.0000252741447184,0.00000813762926555,2.82052184275e-7],"median":[0.000028639613447,0.00396576989442,0.00125375657808,0.000651346170343,0.0006434104871,0.000541462562978,0.000250906974543,0.000162299606018,0.00036404011189,0.00029419575003,0.000219509849558,0.000400533695938,0.000355400610715,0.000469119549962,0.000530766963493,0.000902174040675,0.00108672911301,0.000779819965828,0.000627924746368,0.000351555645466,0.000171536055859,0.0000733782799216,0.0000424854661105,0.000031716976082,0.0000131177084768,0.00000260243655248,4.70943639641e-8],"min":[1.80290597688e-25,1.78471260108e-24,5.49246377412e-25,1.55867565135e-24,8.2768493133e-24,6.86861900151e-24,2.96289450683e-24,7.41937249768e-24,1.44113417346e-23,1.71367204781e-23,2.12180532989e-23,1.9097587297e-23,2.93831754533e-23,2.71870529575e-23,4.41871095946e-23,6.18835821053e-23,8.15435041654e-23,7.61430065845e-23,1.42591404893e-22,1.56378181783e-22,2.28250099789e-22,2.91300255712e-22,3.92042337148e-22,5.58282441449e-22,8.68220059851e-22,1.25016353853e-21,1.86785379471e-21],"var":[0.00000440488111053,0.0000566508570046,0.00000707575827619,0.0000031030408536,0.00000217011051973,0.00000179117785137,8.5693886831e-7,0.00000123451820855,0.0000147381970237,0.00000279941946246,0.00000111739154818,0.00000170102953234,0.00000228202429753,0.00000485022110297,0.00000238318739321,0.00000358372153642,0.00000194453832592,0.00000102614194475,7.18032367786e-7,1.52822380528e-7,8.63844036303e-8,3.92523240578e-8,2.54614533901e-8,1.27079760048e-8,2.13245621161e-9,3.34269889546e-10,1.28434437564e-12]},"barkbands_crest":{"dmean":2.69546031952,"dmean2":4.49715089798,"dvar":6.72214269638,"dvar2":17.6549129486,"max":24.9948139191,"mean":8.61039638519,"median":7.68521261215,"min":2.36354970932,"var":14.775144577},"barkbands_flatness_db":{"dmean":0.0181018505245,"dmean2":0.0287695005536,"dvar":0.000337156903697,"dvar2":0.000794517109171,"max":0.419505774975,"mean":0.121186830103,"median":0.10942851752,"min":0.034133400768,"var":0.00227054092102},"barkbands_kurtosis":{"dmean":1.01094412804,"dmean2":1.61151194572,"dvar":5.67954349518,"dvar2":10.3008918762,"max":209.048736572,"mean":0.146238565445,"median":-0.936426639557,"min":-1.92967772484,"var":40.7360839844},"barkbands_skewness":{"dmean":0.442157417536,"dmean2":0.696177780628,"dvar":0.201430007815,"dvar2":0.472360014915,"max":10.2669401169,"mean":0.554481089115,"median":0.425946503878,"min":-2.26086068153,"var":0.903338968754},"barkbands_spread":{"dmean":5.58130455017,"dmean2":9.00619602203,"dvar":30.4472789764,"dvar2":73.1501312256,"max":82.9094009399,"mean":34.4005088806,"median":35.1493797302,"min":0.72214370966,"var":125.209762573},"dissonance":{"dmean":0.00931646395475,"dmean2":0.0158040616661,"dvar":0.000119039919809,"dvar2":0.000331857794663,"max":0.500000059605,"mean":0.484335839748,"median":0.489470243454,"min":0.233358845115,"var":0.000350998627255},"dynamic_complexity":2.78908133507,"erbbands":{"dmean":[0.0880151763558,1.01500236988,1.92535102367,2.33724308014,2.00850534439,2.62744235992,3.05521249771,5.37205648422,4.98923397064,6.03773212433,8.85649013519,16.9020729065,19.0832901001,10.5568790436,14.1647500992,18.7714977264,19.4504566193,27.5113582611,33.6645812988,26.6085796356,39.0658226013,35.9711647034,24.8101100922,21.0722389221,13.0774497986,8.1857919693,4.8017745018,2.99730062485,2.11684250832,1.60899162292,1.03536069393,0.766377151012,0.427723526955,0.179564073682,0.0842858925462,0.0315298140049,0.00832462403923,0.00104005250614,0.0000319051832776,0.00000844048827275],"dmean2":[0.144012793899,1.7266740799,3.22995758057,3.82532310486,3.40236163139,4.35244989395,4.90134048462,8.58236980438,8.02645492554,9.99891662598,14.2037315369,28.0033798218,30.4307136536,16.6195545197,23.3473052979,30.8132686615,30.9500007629,44.0650901794,54.5294418335,42.5795936584,64.1895141602,58.7252960205,40.0436782837,34.600063324,21.392572403,13.6626768112,7.96645498276,4.96246099472,3.39540982246,2.59387040138,1.6532253027,1.22006773949,0.672520279884,0.276584982872,0.128053665161,0.0493700541556,0.0129023650661,0.00162390456535,0.0000509741730639,0.0000132788454721],"dvar":[0.029733993113,2.84017181396,8.64201927185,10.9996509552,11.0378875732,29.5806694031,22.571521759,106.966598511,124.558425903,232.130874634,405.153106689,2809.42480469,2593.47827148,593.980285645,1002.19451904,1403.13952637,1730.86791992,3383.90039062,5757.80908203,1975.73266602,3802.37524414,2538.36083984,1321.62817383,863.197570801,427.841522217,139.133895874,67.4716644287,49.5433387756,27.1736373901,18.9090881348,25.5152721405,7.34819936752,1.32553732395,0.233092933893,0.0622561983764,0.00963390432298,0.00069843896199,0.0000127930279632,3.21152491267e-8,1.01164840394e-10],"dvar2":[0.0793361514807,7.576795578,23.0743923187,28.1424350739,29.2688121796,77.9431991577,57.4462356567,262.485321045,315.14831543,586.192504883,984.961730957,7812.35058594,6567.38427734,1278.66552734,2412.39404297,3492.97094727,3819.39624023,8119.26708984,13786.5195312,4597.99560547,9770.76074219,6378.07177734,3187.96118164,2136.4765625,1030.46911621,340.311706543,146.129333496,113.900787354,57.9061317444,46.1778793335,68.2149734497,17.7136096954,2.97999978065,0.53350174427,0.150646343827,0.0229994691908,0.00163430592511,0.0000314562312269,8.62262368173e-8,2.46902581713e-10],"max":[3.27678704262,20.0243682861,30.1675605774,59.2211418152,62.6679267883,160.903106689,70.1181411743,230.848236084,295.165740967,317.023254395,334.453063965,1789.43701172,1114.89624023,1325.39160156,1112.79467773,861.952514648,1209.56359863,1715.08654785,1587.18969727,1098.66271973,1563.92919922,986.27331543,916.749633789,628.746582031,525.496520996,337.500183105,428.974914551,410.30456543,156.175018311,184.077423096,319.642456055,123.553825378,27.6333255768,14.5190601349,6.94474077225,1.9970678091,0.549442648888,0.11963416636,0.00975540746003,0.000238783948589],"mean":[0.147800579667,1.45993316174,2.73324656487,4.046022892,2.91564154625,3.79395413399,5.28813457489,9.28377437592,8.79320526123,8.5527677536,12.7593421936,27.2031936646,31.0069713593,18.7755966187,24.9326057434,34.138923645,35.7292137146,50.7947463989,59.4628334045,54.5576286316,82.8707580566,78.896812439,59.8175544739,52.3823127747,31.813451767,20.3943042755,12.2420501709,6.98404312134,4.60518789291,3.22601938248,2.11988997459,1.48110496998,0.820745825768,0.35651704669,0.151800915599,0.0514447689056,0.0127817774191,0.00144463754259,0.0000548884418095,0.0000331180781359],"median":[0.0711612477899,0.953744053841,1.74977016449,2.23111176491,1.82409238815,2.09177970886,3.17008328438,4.00422143936,4.78471422195,3.6060256958,4.29704475403,7.50712251663,10.6381387711,9.64830970764,11.9535551071,18.496969223,17.8200016022,24.8866558075,30.9028987885,33.7201881409,58.2249336243,62.7130470276,46.5910720825,40.3133659363,25.2332324982,17.38813591,10.0594968796,4.65015125275,2.72029542923,1.70601415634,1.19786548615,0.773559570312,0.413621902466,0.189702197909,0.0714099928737,0.0191128626466,0.00363159785047,0.000332986033754,0.0000280637650576,0.0000317162193824],"min":[6.51038890252e-23,3.30174185162e-22,1.33934182786e-21,6.55740847084e-21,1.0577548657e-20,3.10455585734e-20,2.23434181965e-20,9.47788069507e-20,1.58854685816e-19,9.71522789338e-20,3.02309388277e-19,3.54892406787e-19,4.77661441778e-19,6.48910369248e-19,9.81723800372e-19,9.2753064895e-19,1.55531317099e-18,1.87175359587e-18,2.34234140264e-18,2.99863518603e-18,4.03028781497e-18,4.87643278384e-18,5.08706729579e-18,6.24871218518e-18,8.04578150469e-18,7.48734360135e-18,1.11551195129e-17,1.04899678659e-17,1.11935164097e-17,1.10412837442e-17,1.00487042322e-17,9.79382010699e-18,1.03011556193e-17,7.7795211645e-18,6.08010754733e-18,3.8970199193e-18,2.29395774745e-18,9.39461074925e-19,2.43753841401e-19,2.74654142535e-20],"var":[0.0638796389103,3.25186657906,10.2687416077,26.223613739,13.2045001984,32.8529510498,41.6054573059,212.77494812,199.220321655,305.116699219,611.251220703,5901.91699219,5459.49169922,1605.74462891,2655.73730469,3279.04052734,4496.55371094,7975.74755859,11116.3408203,6068.40917969,9763.95507812,5481.85205078,3377.09570312,2482.14819336,1021.06622314,365.879516602,179.37286377,103.562362671,57.57447052,30.2680416107,23.1615943909,9.31427383423,2.34134459496,0.377021580935,0.0896024480462,0.012804848142,0.000928150082473,0.0000147348155224,2.46505091894e-8,3.37633976333e-10]},"erbbands_crest":{"dmean":2.31332349777,"dmean2":3.80311369896,"dvar":5.62350034714,"dvar2":14.0264902115,"max":30.3524837494,"mean":8.55572128296,"median":7.26571941376,"min":2.57814955711,"var":18.158411026},"erbbands_flatness_db":{"dmean":0.0137835014611,"dmean2":0.0209094397724,"dvar":0.000186635821592,"dvar2":0.000372803915525,"max":0.359338343143,"mean":0.178014889359,"median":0.172245934606,"min":0.050094678998,"var":0.00142295332626},"erbbands_kurtosis":{"dmean":1.13035726547,"dmean2":1.74356245995,"dvar":2.41552639008,"dvar2":5.19391012192,"max":64.48412323,"mean":1.65657997131,"median":0.760274648666,"min":-1.66268777847,"var":11.4902696609},"erbbands_skewness":{"dmean":0.322774618864,"dmean2":0.491083651781,"dvar":0.0896026790142,"dvar2":0.198638036847,"max":6.64849090576,"mean":-0.736107349396,"median":-0.731836736202,"min":-5.22736120224,"var":0.600601613522},"erbbands_spread":{"dmean":5.11989068985,"dmean2":7.88997507095,"dvar":27.6645145416,"dvar2":62.3574829102,"max":132.840744019,"mean":26.7623729706,"median":26.1048641205,"min":3.62915420532,"var":119.897071838},"gfcc":{"cov":[[21106.0605469,-328.533691406,-2141.20117188,971.131530762,-882.467163086,738.699157715,-707.616516113,531.148986816,-321.30670166,442.932952881,-138.486038208,286.081817627,-167.795272827],[-328.533691406,1121.15966797,-291.071533203,-2.81464910507,196.769577026,-251.837493896,213.715957642,-134.020980835,47.9590110779,-214.82661438,38.9523925781,-158.569992065,78.1930541992],[-2141.20117188,-291.071533203,608.600219727,-85.6039276123,65.3857498169,28.4465751648,-14.5419197083,12.3740625381,21.9455490112,68.0462265015,-8.7554769516,36.5979766846,-31.9136543274],[971.131530762,-2.81464910507,-85.6039276123,344.795166016,-3.35358381271,41.2434082031,-8.62180042267,6.19038915634,11.0031919479,2.00981283188,51.0822486877,4.08581352234,43.4001579285],[-882.467163086,196.769577026,65.3857498169,-3.35358381271,326.52230835,-25.4310188293,85.7858657837,-9.78378295898,52.6175804138,-7.47429466248,25.9485836029,-7.69199323654,19.1425151825],[738.699157715,-251.837493896,28.4465751648,41.2434082031,-25.4310188293,198.187469482,-20.0925102234,62.7325248718,-19.9141654968,74.8345413208,2.190959692,32.963470459,-18.3822002411],[-707.616516113,213.715957642,-14.5419197083,-8.62180042267,85.7858657837,-20.0925102234,202.706954956,-0.0778756588697,27.0007743835,-48.8713417053,22.1093215942,-44.4686355591,31.4284534454],[531.148986816,-134.020980835,12.3740625381,6.19038915634,-9.78378295898,62.7325248718,-0.0778756588697,127.093673706,34.8502006531,56.8739967346,-6.54564619064,32.6628417969,-18.4373931885],[-321.30670166,47.9590110779,21.9455490112,11.0031919479,52.6175804138,-19.9141654968,27.0007743835,34.8502006531,122.296890259,24.4114646912,23.0079860687,-2.79045891762,2.18402409554],[442.932952881,-214.82661438,68.0462265015,2.00981283188,-7.47429466248,74.8345413208,-48.8713417053,56.8739967346,24.4114646912,148.848861694,24.8150520325,52.3546638489,-27.1118183136],[-138.486038208,38.9523925781,-8.7554769516,51.0822486877,25.9485836029,2.190959692,22.1093215942,-6.54564619064,23.0079860687,24.8150520325,90.5858001709,23.7074050903,24.0832004547],[286.081817627,-158.569992065,36.5979766846,4.08581352234,-7.69199323654,32.963470459,-44.4686355591,32.6628417969,-2.79045891762,52.3546638489,23.7074050903,100.704124451,7.71146774292],[-167.795272827,78.1930541992,-31.9136543274,43.4001579285,19.1425151825,-18.3822002411,31.4284534454,-18.4373931885,2.18402409554,-27.1118183136,24.0832004547,7.71146774292,76.3259887695]],"icov":[[0.000391806825064,-0.000844683905598,0.00113326846622,-0.000978869386017,0.000606770627201,-0.00109240587335,0.000904052343685,-0.00109381508082,0.000869817042258,-0.00134587753564,0.00144032412209,-0.00134024932049,0.000883373490069],[-0.000844683905598,0.00450516864657,-0.00144041120075,0.00235097575933,-0.00242091808468,0.00424763048068,-0.00297240819782,0.00286192726344,-0.00220323679969,0.00418035732582,-0.00444552022964,0.00510383024812,-0.00243098172359],[0.00113326846622,-0.00144041120075,0.00555326044559,-0.00237546884455,0.000948255241383,-0.00263758469373,0.00211705383845,-0.00241713039577,0.00205536349677,-0.00417128670961,0.00417282152921,-0.00372822745703,0.00283055566251],[-0.000978869386017,0.00235097575933,-0.00237546884455,0.00619387300685,-0.00165275449399,0.00174503354356,-0.00131085142493,0.00229001999833,-0.00251468876377,0.00403099274263,-0.00585289113224,0.00461462931708,-0.00426353700459],[0.000606770627201,-0.00242091808468,0.000948255241383,-0.00165275449399,0.00520891323686,-0.00236895238049,0.00028696533991,-0.00109738158062,0.0000812319194665,-0.00271653127857,0.00266071176156,-0.00347906025127,0.00143485888839],[-0.00109240587335,0.00424763048068,-0.00263758469373,0.00174503354356,-0.00236895238049,0.012187785469,-0.00393221061677,0.000453598913737,0.000270720367553,0.0013480441412,-0.00456669041887,0.00517586478963,-0.00220094434917],[0.000904052343685,-0.00297240819782,0.00211705383845,-0.00131085142493,0.00028696533991,-0.00393221061677,0.0103165786713,-0.00513794831932,0.00180582155008,-0.00112262438051,0.00069562025601,0.0000761799965403,-0.000522620219272],[-0.00109381508082,0.00286192726344,-0.00241713039577,0.00229001999833,-0.00109738158062,0.000453598913737,-0.00513794831932,0.0166423153132,-0.007095198147,0.00135527458042,-0.0000369269473595,-0.000361802463885,-0.000396505085519],[0.000869817042258,-0.00220323679969,0.00205536349677,-0.00251468876377,0.0000812319194665,0.000270720367553,0.00180582155008,-0.007095198147,0.0137118538842,-0.00531023833901,0.000630562426522,-0.000702190271113,0.00163932482246],[-0.00134587753564,0.00418035732582,-0.00417128670961,0.00403099274263,-0.00271653127857,0.0013480441412,-0.00112262438051,0.00135527458042,-0.00531023833901,0.0184710528702,-0.00985965598375,0.00274031120352,0.0000652409362374],[0.00144032412209,-0.00444552022964,0.00417282152921,-0.00585289113224,0.00266071176156,-0.00456669041887,0.00069562025601,-0.0000369269473595,0.000630562426522,-0.00985965598375,0.0231148358434,-0.0107284076512,0.00100117060356],[-0.00134024932049,0.00510383024812,-0.00372822745703,0.00461462931708,-0.00347906025127,0.00517586478963,0.0000761799965403,-0.000361802463885,-0.000702190271113,0.00274031120352,-0.0107284076512,0.0228489115834,-0.00828744657338],[0.000883373490069,-0.00243098172359,0.00283055566251,-0.00426353700459,0.00143485888839,-0.00220094434917,-0.000522620219272,-0.000396505085519,0.00163932482246,0.0000652409362374,0.00100117060356,-0.00828744657338,0.0208691488951]],"mean":[-6.01092004776,97.8556060791,-149.540466309,52.046257019,-37.0480308533,15.08253479,-33.2544174194,14.3408384323,-18.605463028,-0.973110556602,-10.7608690262,-2.11087751389,-7.18153810501]},"hfc":{"dmean":5.76083612442,"dmean2":8.98312854767,"dvar":46.5954780579,"dvar2":109.849395752,"max":127.206932068,"mean":26.8040809631,"median":25.5311527252,"min":1.05253809568e-16,"var":279.172821045},"melbands":{"dmean":[0.000966155203059,0.00112217746209,0.000367365515558,0.000163858814631,0.000104477789137,0.000114170259621,0.0000755458895583,0.0000717252478353,0.0000742882039049,0.000120130105643,0.0000977351664915,0.0000455525223515,0.0000441431657237,0.000046736375225,0.0000533711827302,0.0000438471397501,0.0000577737082494,0.0000617754558334,0.0000366781532648,0.0000472251340398,0.0000499712659803,0.000041536965,0.000032929572626,0.0000210055950447,0.0000191687449842,0.0000133777448355,0.00000790902231529,0.00000557431894777,0.0000035605883113,0.00000259835701399,0.0000017034146822,0.00000138109180625,0.00000111126041702,8.85378824478e-7,6.31891396097e-7,5.94032997014e-7,4.54844411024e-7,3.44528444884e-7,2.27752934734e-7,1.4018034733e-7],"dmean2":[0.00159458664712,0.00188374856953,0.00060656585265,0.000273079989711,0.000167962018168,0.000181530733244,0.000121482975374,0.000118472591566,0.000118948053569,0.000199507325306,0.000155621004524,0.0000719966701581,0.0000724099954823,0.0000772928688093,0.0000863463064888,0.000070321293606,0.0000926249776967,0.000100948629552,0.0000592750475334,0.000076679061749,0.0000828185802675,0.0000678521391819,0.0000541987028555,0.0000343301107932,0.0000316703917633,0.0000220120418817,0.0000131219776449,0.00000940687459661,0.00000597312009631,0.00000437759990746,0.00000283307053905,0.00000224602899834,0.00000178699065145,0.00000144593400364,0.00000101487296433,9.66046627582e-7,7.29529347154e-7,5.43915859907e-7,3.63941694559e-7,2.17045226236e-7],"dvar":[0.00000268538769888,0.00000298395707432,2.52897621067e-7,9.91257209648e-8,2.80846883527e-8,4.49504220512e-8,2.62640575954e-8,3.034151419e-8,2.85011445555e-8,1.52278516907e-7,6.85945167334e-8,1.25486039337e-8,9.61511048558e-9,7.36221883457e-9,1.75553314108e-8,7.50123785309e-9,1.7146133402e-8,2.18092814919e-8,3.93545329658e-9,5.92515769782e-9,6.52830678405e-9,3.78327902339e-9,2.12069783956e-9,1.08930775511e-9,7.15530357187e-10,4.13725664838e-10,1.50034304425e-10,6.6171949864e-11,3.03041688965e-11,2.93568329368e-11,1.71510826374e-11,1.14699005502e-11,7.20973497917e-12,5.92511022884e-12,7.15433658496e-12,9.68107625315e-12,2.28295854443e-12,8.87333934628e-13,3.85086900518e-13,1.41522956006e-13],"dvar2":[0.00000690726164976,0.00000793101298768,6.5451069986e-7,2.63071484596e-7,7.00890510075e-8,1.10569366996e-7,6.64063861677e-8,7.75394184416e-8,6.87320564907e-8,4.34348322642e-7,1.74658097762e-7,2.71464735135e-8,2.31668568773e-8,1.88483273433e-8,4.2020602109e-8,1.64741944531e-8,4.11946778911e-8,5.36387965155e-8,8.92062690383e-9,1.45945522334e-8,1.68682703361e-8,9.52261025589e-9,5.28910870656e-9,2.70515787548e-9,1.79202852557e-9,1.03974784338e-9,3.76436687377e-10,1.6761085575e-10,6.96248128595e-11,6.76754277618e-11,4.2028880376e-11,2.49903014948e-11,1.68879788626e-11,1.46664191208e-11,1.90204050426e-11,2.61149071118e-11,5.39829118906e-12,2.01067287819e-12,9.31727893623e-13,3.26235972915e-13],"max":[0.0249556973577,0.019242092967,0.00831579510123,0.00961303338408,0.00291660823859,0.00447805318981,0.00417521502823,0.00351183116436,0.0031307998579,0.0118489339948,0.00562322326005,0.00614998815581,0.00308066559955,0.00179687142372,0.00376108498313,0.00327580119483,0.00337030529045,0.00310170790181,0.00139629887417,0.00181296642404,0.001927501522,0.00123679928947,0.00079540599836,0.000764858967159,0.000527405529283,0.000506052281708,0.000313437572913,0.00023491527827,0.000239342043642,0.000296346493997,0.000221230366151,0.000106605977635,0.0000897749996511,0.000102874226286,0.000161157760886,0.000202464856557,0.0000452790445706,0.0000194823478523,0.0000191966373677,0.0000121961420518],"mean":[0.00159764441196,0.00168830086477,0.000640277517959,0.000237651926,0.000179463313543,0.000201344315428,0.000131538356072,0.0000991115011857,0.000105466460809,0.000191207684111,0.000154544308316,0.0000745360812289,0.0000719185336493,0.0000847806368256,0.0000880919615156,0.0000756646622904,0.0000978825628408,0.000101213576272,0.0000636485783616,0.0000889200164238,0.0000969289467321,0.0000815731909825,0.0000680981465848,0.0000449847175332,0.0000431050939369,0.0000280162839772,0.0000169517315953,0.000012484418221,0.0000081656698967,0.00000540803512195,0.00000356074565389,0.00000272235752163,0.00000215004729398,0.00000160866250098,0.00000122490325793,0.00000107575067432,8.1989702494e-7,6.23488574547e-7,4.01505729997e-7,2.61933934098e-7],"median":[0.000935425574426,0.00117883551866,0.000384495069738,0.000137807306601,0.000109564331069,0.0000930733440327,0.0000718699666322,0.0000361202619388,0.0000349307592842,0.0000503618612129,0.0000514747043781,0.0000341841150657,0.0000337558049068,0.0000442126620328,0.0000425371217716,0.0000362127029803,0.0000428064086009,0.0000466547426186,0.000037101097405,0.0000509093661094,0.0000655241892673,0.0000616038450971,0.0000504999188706,0.0000346541273757,0.000031387044146,0.0000204413754545,0.0000135389691422,0.0000102632448034,0.00000668950588079,0.0000036995395476,0.00000219742491936,0.00000154280610332,0.00000114232193482,7.97034488187e-7,6.83619703068e-7,5.48697528302e-7,4.05549855031e-7,3.05697454905e-7,1.9775515625e-7,1.33861163931e-7],"min":[5.85688546486e-25,4.50331650849e-25,1.21734884969e-24,2.16917559894e-24,6.83393111118e-25,2.53548177978e-24,2.34301036852e-24,1.08334001873e-24,2.84089006809e-24,1.79303961959e-24,2.36956460988e-24,2.52852816811e-24,3.55588992676e-24,1.57635796854e-24,2.13847668239e-24,3.13164506788e-24,2.98503802966e-24,1.69568728135e-24,3.04143330134e-24,4.07078890593e-24,3.81963255421e-24,4.56658601271e-24,4.17253539662e-24,3.84081031408e-24,4.49457011181e-24,5.02195044822e-24,4.26760970178e-24,4.34685787946e-24,4.53936557831e-24,5.16583986062e-24,5.71941866213e-24,6.51195408144e-24,4.52458390267e-24,6.03170345095e-24,4.39651627901e-24,5.06625129893e-24,5.45259789942e-24,6.16134682427e-24,5.98388980263e-24,5.80335109586e-24],"var":[0.00000455087320006,0.00000356826194547,5.64437186767e-7,1.12965167887e-7,4.80203112829e-8,9.12911062301e-8,4.15935410558e-8,4.13886915851e-8,4.42589893623e-8,3.25790324496e-7,1.40212733868e-7,3.2771673375e-8,2.29714416378e-8,1.79004295831e-8,3.31487299832e-8,2.25891678696e-8,3.70826676033e-8,3.93935515319e-8,9.07922714788e-9,1.77095440534e-8,1.5024204103e-8,7.24309856537e-9,4.72772665461e-9,2.13995643428e-9,1.93624338785e-9,9.22412868309e-10,3.07574438141e-10,1.54007806508e-10,7.58694912451e-11,5.68012095692e-11,3.22826210208e-11,2.3115230216e-11,1.31411496268e-11,8.50823838466e-12,6.81125121582e-12,8.30861855011e-12,3.01476833948e-12,1.56914065075e-12,5.66154707751e-13,2.20535937602e-13]},"melbands_crest":{"dmean":3.15896320343,"dmean2":5.14640140533,"dvar":7.95005512238,"dvar2":20.3816261292,"max":37.4411239624,"mean":13.5120859146,"median":12.6356782913,"min":1.56688785553,"var":33.6898193359},"melbands_flatness_db":{"dmean":0.0248126722872,"dmean2":0.0392231978476,"dvar":0.000633827643469,"dvar2":0.00146945426241,"max":0.568034172058,"mean":0.165038198233,"median":0.149585396051,"min":0.00269260979258,"var":0.00432172417641},"melbands_kurtosis":{"dmean":3.39436793327,"dmean2":5.49749803543,"dvar":62.1305274963,"dvar2":130.785507202,"max":466.498077393,"mean":4.42474508286,"median":1.51041793823,"min":-1.87205016613,"var":160.896331787},"melbands_skewness":{"dmean":0.625047385693,"dmean2":0.992215812206,"dvar":0.457657545805,"dvar2":1.07696568966,"max":17.4353370667,"mean":1.7676756382,"median":1.52025127411,"min":-0.871129095554,"var":1.60232794285},"melbands_spread":{"dmean":10.4645080566,"dmean2":16.701625824,"dvar":108.935432434,"dvar2":258.353546143,"max":163.090011597,"mean":44.4836616516,"median":43.8878517151,"min":0.492734611034,"var":443.313201904},"mfcc":{"cov":[[7839.09423828,-103.01763916,-159.236480713,156.895828247,-82.0388870239,142.645278931,-80.5138092041,59.8129043579,-1.63199543953,80.6588821411,45.3846092224,167.376602173,115.777069092],[-103.01763916,984.118225098,-293.25793457,145.99848938,42.7300300598,-30.2082824707,78.0020446777,40.3452796936,44.2014770508,13.857003212,14.7529001236,-33.2667312622,-44.1798744202],[-159.236480713,-293.25793457,291.435882568,-47.2023887634,-24.2818813324,9.06195640564,-25.7351951599,-27.0575408936,-25.9900226593,2.65285682678,-9.65094470978,6.19844579697,0.543213427067],[156.895828247,145.99848938,-47.2023887634,283.523468018,56.2647361755,31.1516704559,20.7594795227,19.7281150818,16.5167045593,4.39364004135,-6.49168634415,25.5209140778,18.5507316589],[-82.0388870239,42.7300300598,-24.2818813324,56.2647361755,195.906265259,39.8489685059,-4.90905094147,8.47521686554,11.180150032,1.81218898296,26.5708770752,7.57434654236,17.7378463745],[142.645278931,-30.2082824707,9.06195640564,31.1516704559,39.8489685059,112.63130188,43.8157844543,0.88876247406,9.1111536026,10.1395587921,13.4633293152,24.8133964539,11.8148708344],[-80.5138092041,78.0020446777,-25.7351951599,20.7594795227,-4.90905094147,43.8157844543,145.159454346,20.6105861664,21.687582016,-6.69519758224,-8.93761253357,9.01209354401,-0.994903385639],[59.8129043579,40.3452796936,-27.0575408936,19.7281150818,8.47521686554,0.88876247406,20.6105861664,96.7150726318,29.8407802582,15.4685773849,8.21134471893,3.88818144798,4.1905207634],[-1.63199543953,44.2014770508,-25.9900226593,16.5167045593,11.180150032,9.1111536026,21.687582016,29.8407802582,85.1165924072,31.0752105713,14.9715938568,3.12655687332,-2.98417615891],[80.6588821411,13.857003212,2.65285682678,4.39364004135,1.81218898296,10.1395587921,-6.69519758224,15.4685773849,31.0752105713,89.1545639038,46.4673118591,14.0123071671,-4.447224617],[45.3846092224,14.7529001236,-9.65094470978,-6.49168634415,26.5708770752,13.4633293152,-8.93761253357,8.21134471893,14.9715938568,46.4673118591,96.2651748657,31.8300132751,11.9540262222],[167.376602173,-33.2667312622,6.19844579697,25.5209140778,7.57434654236,24.8133964539,9.01209354401,3.88818144798,3.12655687332,14.0123071671,31.8300132751,80.7689285278,33.2799873352],[115.777069092,-44.1798744202,0.543213427067,18.5507316589,17.7378463745,11.8148708344,-0.994903385639,4.1905207634,-2.98417615891,-4.447224617,11.9540262222,33.2799873352,73.2813720703]],"icov":[[0.000147946659126,0.000023847036573,0.000140243064379,-0.0000542494126421,0.000154717214173,-0.000255246442975,0.000200527400011,-0.000100246666989,0.0000679100703564,-0.000124618934933,0.0000916876742849,-0.000212683953578,-0.000117678093375],[0.000023847036573,0.00175472837873,0.00151562283281,-0.00077222258551,-0.000188498510397,0.000807149510365,-0.000881043786649,0.0000390847817471,0.0000448096106993,-0.000252314232057,-0.000499749439768,0.000519719498698,0.000937768432777],[0.000140243064379,0.00151562283281,0.00523355044425,-0.000087986663857,0.000285297603114,-0.00035768491216,0.00011258025188,0.000536221428774,0.000954534974881,-0.00110759155359,0.000572353717871,-0.000341206294252,0.000668368709739],[-0.0000542494126421,-0.00077222258551,-0.000087986663857,0.00450996495783,-0.00106846366543,-0.000803655595519,0.000218859335291,-0.00042676916928,-0.000294456142001,-0.000460381183075,0.00178915006109,-0.00160218763631,-0.000709465937689],[0.000154717214173,-0.000188498510397,0.000285297603114,-0.00106846366543,0.00656183809042,-0.00280276872218,0.00145784509368,-0.000421432836447,-0.000605751585681,0.0013719224371,-0.00213317829184,0.00118896830827,-0.0013156416826],[-0.000255246442975,0.000807149510365,-0.00035768491216,-0.000803655595519,-0.00280276872218,0.013030516915,-0.00470458483323,0.0013287140755,-0.0000389823981095,-0.0012617650209,-0.000504682597239,-0.00187834096141,0.000390866247471],[0.000200527400011,-0.000881043786649,0.00011258025188,0.000218859335291,0.00145784509368,-0.00470458483323,0.00969128124416,-0.00166151183657,-0.0019045304507,0.00168156018481,0.00126884807833,-0.00132830871735,0.00014874934277],[-0.000100246666989,0.0000390847817471,0.000536221428774,-0.00042676916928,-0.000421432836447,0.0013287140755,-0.00166151183657,0.0122510353103,-0.00332711217925,-0.00117762119044,-0.0000995483860606,0.00027278289781,-0.000863929686602],[0.0000679100703564,0.0000448096106993,0.000954534974881,-0.000294456142001,-0.000605751585681,-0.0000389823981095,-0.0019045304507,-0.00332711217925,0.015691081062,-0.00526528200135,0.00024087150814,0.000380377081456,0.000411900749896],[-0.000124618934933,-0.000252314232057,-0.00110759155359,-0.000460381183075,0.0013719224371,-0.0012617650209,0.00168156018481,-0.00117762119044,-0.00526528200135,0.0181055422872,-0.00814062729478,-0.000223705079406,0.00244493805803],[0.0000916876742849,-0.000499749439768,0.000572353717871,0.00178915006109,-0.00213317829184,-0.000504682597239,0.00126884807833,-0.0000995483860606,0.00024087150814,-0.00814062729478,0.0173185579479,-0.00581736769527,-0.000950089131948],[-0.000212683953578,0.000519719498698,-0.000341206294252,-0.00160218763631,0.00118896830827,-0.00187834096141,-0.00132830871735,0.00027278289781,0.000380377081456,-0.000223705079406,-0.00581736769527,0.0192718748003,-0.00676237838343],[-0.000117678093375,0.000937768432777,0.000668368709739,-0.000709465937689,-0.0013156416826,0.000390866247471,0.00014874934277,-0.000863929686602,0.000411900749896,0.00244493805803,-0.000950089131948,-0.00676237838343,0.0182700119913]],"mean":[-624.925354004,112.829048157,-35.137260437,36.4974708557,16.3177642822,7.24279499054,4.69318437576,10.5382156372,2.21259784698,4.81502580643,0.431150943041,3.09721779823,-1.03835868835]},"pitch_salience":{"dmean":0.075345903635,"dmean2":0.123600907624,"dvar":0.00497744232416,"dvar2":0.0127145973966,"max":0.926115274429,"mean":0.551952004433,"median":0.566215217113,"min":0.0851242542267,"var":0.014210389927},"silence_rate_20dB":{"dmean":0,"dmean2":0,"dvar":0,"dvar2":0,"max":1,"mean":1,"median":1,"min":1,"var":0},"silence_rate_30dB":{"dmean":0,"dmean2":0,"dvar":0,"dvar2":0,"max":1,"mean":1,"median":1,"min":1,"var":0},"silence_rate_60dB":{"dmean":0.00235063652508,"dmean2":0.00470173358917,"dvar":0.00234529818408,"dvar2":0.00526800844818,"max":1,"mean":0.0394672416151,"median":0,"min":0,"var":0.0379085540771},"spectral_centroid":{"dmean":199.074111938,"dmean2":309.13949585,"dvar":56034.1640625,"dvar2":108534.445312,"max":11920.6865234,"mean":2181.29321289,"median":2159.0625,"min":159.036712646,"var":1027265.875},"spectral_complexity":{"dmean":4.11831521988,"dmean2":6.5381526947,"dvar":13.8506975174,"dvar2":31.3021812439,"max":62,"mean":31.156791687,"median":34,"min":0,"var":158.800918579},"spectral_contrast_coeffs":{"dmean":[0.0485222898424,0.0473613664508,0.0389002002776,0.0313845649362,0.0238676536828,0.0179834309965],"dmean2":[0.0816097408533,0.0775183960795,0.0639691576362,0.0521236769855,0.0386655703187,0.0288265384734],"dvar":[0.00156363099813,0.0014459543163,0.000962080201134,0.000633454881608,0.000447161786724,0.000265762937488],"dvar2":[0.00424225814641,0.00379008310847,0.0025284672156,0.00164314731956,0.00105186284054,0.000622879480943],"max":[-0.371712088585,-0.483690291643,-0.51546061039,-0.561964333057,-0.434346169233,-0.522235929966],"mean":[-0.689261078835,-0.757403433323,-0.784931182861,-0.780766069889,-0.770035147667,-0.733642339706],"median":[-0.692918479443,-0.762971222401,-0.793151080608,-0.786827981472,-0.777267754078,-0.73194873333],"min":[-0.983794331551,-0.975343644619,-0.980836331844,-0.973505377769,-0.96816188097,-0.964711904526],"var":[0.00490159075707,0.00443079462275,0.00358851091005,0.00268581183627,0.00243086228147,0.00213442975655]},"spectral_contrast_valleys":{"dmean":[0.388610959053,0.356280177832,0.311738580465,0.263574779034,0.210724487901,0.240437269211],"dmean2":[0.642111361027,0.578416824341,0.506991624832,0.420040160418,0.329509139061,0.345674514771],"dvar":[0.135213166475,0.119837611914,0.0978485122323,0.0816449075937,0.0743190050125,0.108834974468],"dvar2":[0.287820190191,0.240671187639,0.185186907649,0.140473946929,0.120676375926,0.184582844377],"max":[-5.63669586182,-5.18319749832,-5.18827533722,-5.44362163544,-5.63809633255,-7.87930107117],"mean":[-7.33964920044,-7.12973213196,-7.28166246414,-7.19906902313,-7.0362238884,-10.580540657],"median":[-6.98229026794,-6.81476306915,-6.91849994659,-6.83039045334,-6.53731870651,-10.1252527237],"min":[-28.15366745,-28.1381416321,-27.685585022,-27.6675815582,-27.5033283234,-27.4664821625],"var":[4.91336870193,4.89393472672,4.96325302124,5.01338291168,5.28038311005,4.35121393204]},"spectral_decrease":{"dmean":1.71182701347e-9,"dmean2":2.72826605752e-9,"dvar":4.19421598723e-18,"dvar2":1.04938829117e-17,"max":6.02766214119e-26,"mean":-5.98016969278e-9,"median":-5.62141000415e-9,"min":-2.81490493137e-8,"var":1.18627137971e-17},"spectral_energy":{"dmean":0.00674714939669,"dmean2":0.01072106231,"dvar":0.0000625538159511,"dvar2":0.00015520270972,"max":0.108979545534,"mean":0.025001745671,"median":0.0237919762731,"min":9.98229688664e-21,"var":0.00019674692885},"spectral_energyband_high":{"dmean":0.000239153756411,"dmean2":0.000379634060664,"dvar":2.39772163013e-7,"dvar2":5.19120646914e-7,"max":0.018452109769,"mean":0.000718446797691,"median":0.000566735456232,"min":6.79489129769e-21,"var":6.21709318693e-7},"spectral_energyband_low":{"dmean":0.00514253368601,"dmean2":0.0084393536672,"dvar":0.0000580772903049,"dvar2":0.00014842665405,"max":0.101862065494,"mean":0.00969265773892,"median":0.00711600622162,"min":1.0430062509e-23,"var":0.0000931033500819},"spectral_energyband_middle_high":{"dmean":0.00233129947446,"dmean2":0.00364137464203,"dvar":0.00000772208932176,"dvar2":0.0000178712543857,"max":0.0583293139935,"mean":0.00958564225584,"median":0.00845596566796,"min":1.0945591725e-21,"var":0.0000463566029794},"spectral_energyband_middle_low":{"dmean":0.00229195947759,"dmean2":0.00366570590995,"dvar":0.0000113440910354,"dvar2":0.0000302005919366,"max":0.0722099617124,"mean":0.00603887438774,"median":0.00462343031541,"min":1.57132509513e-22,"var":0.0000326023000525},"spectral_entropy":{"dmean":0.0889183059335,"dmean2":0.135512694716,"dvar":0.00979205686599,"dvar2":0.0186336617917,"max":9.81728458405,"mean":7.72535896301,"median":7.78550243378,"min":4.95630407333,"var":0.143188387156},"spectral_flux":{"dmean":0.0187018048018,"dmean2":0.0289116706699,"dvar":0.00037628292921,"dvar2":0.000804341165349,"max":0.237204998732,"mean":0.0881887003779,"median":0.0881754308939,"min":6.36021998957e-11,"var":0.0013616286451},"spectral_kurtosis":{"dmean":1.89074337482,"dmean2":3.25133728981,"dvar":5.84011936188,"dvar2":16.4862976074,"max":117.72454834,"mean":5.42454767227,"median":4.57838249207,"min":-1.2667402029,"var":29.5014324188},"spectral_rms":{"dmean":0.000634850992355,"dmean2":0.00099764985498,"dvar":4.16237838863e-7,"dvar2":0.00000100099020983,"max":0.0103112319484,"mean":0.00469707790762,"median":0.00481785042211,"min":3.12070920321e-12,"var":0.00000232942056755},"spectral_rolloff":{"dmean":412.829040527,"dmean2":680.02734375,"dvar":357461.53125,"dvar2":773426,"max":19595.2148438,"mean":2386.04711914,"median":2368.65234375,"min":43.06640625,"var":3585301.25},"spectral_skewness":{"dmean":0.209283277392,"dmean2":0.349415272474,"dvar":0.0435986928642,"dvar2":0.116521798074,"max":8.94634628296,"mean":1.3145250082,"median":1.27161502838,"min":-0.0779611468315,"var":0.278520196676},"spectral_spread":{"dmean":309387.5,"dmean2":464820.8125,"dvar":457482895360,"dvar2":785350197248,"max":45864352,"mean":3500995,"median":3036003.5,"min":767885.6875,"var":14878582505500},"spectral_strongpeak":{"dmean":0.619101107121,"dmean2":1.093064785,"dvar":1.55524122715,"dvar2":3.95102405548,"max":13.5280780792,"mean":0.870005965233,"median":0.2807905972,"min":0,"var":2.41790270805},"zerocrossingrate":{"dmean":0.00814061891288,"dmean2":0.0101450961083,"dvar":0.000120417906146,"dvar2":0.000196808687178,"max":0.52587890625,"mean":0.0750624239445,"median":0.072265625,"min":0.00439453125,"var":0.00242264592089}},"metadata":{"audio_properties":{"analysis_sample_rate":44100,"bit_rate":128000,"codec":"mp3","downmix":"mix","equal_loudness":0,"length":237.061218262,"lossless":false,"md5_encoded":"ed8c6ffd90bb4c13f26f7a8e8c6f63be","replay_gain":-16.0599136353,"sample_rate":44100},"tags":{"album":["Beyond Good and Evil"],"artist":["The Cult"],"artistsort":["Cult, The"],"date":["2001"],"file_name":"Beyond Good and Evil-04-Take the Power.mp3","genre":["Rock"],"musicbrainz album release country":["US"],"musicbrainz album status":["official"],"musicbrainz album type":["album"],"musicbrainz_albumartistid":["8846e4ff-0c19-4af2-872b-7a8dc7497f68"],"musicbrainz_albumid":["8847a64f-3110-4d3c-8131-de3f2948dc89"],"musicbrainz_artistid":["8846e4ff-0c19-4af2-872b-7a8dc7497f68"],"musicbrainz_recordingid":["236a97c1-5ced-4909-97f6-d87e66f3c576"],"musicip_puid":["eb47a9ec-9fee-475e-f8f8-705acb69dd39"],"releasedate":["2001"],"taggingdate":["2007-05-27T18:31:38"],"title":["Take the Power"],"tracknumber":["4/12"]},"version":{"essentia":"2.1-beta2","essentia_build_sha":"70f2e5ece6736b2c40cc944ad0e695b16b925413","essentia_git_sha":"v2.1_beta2","extractor":"music 1.0"}},"rhythm":{"beats_count":349,"beats_loudness":{"dmean":0.0127938669175,"dmean2":0.0230616405606,"dvar":0.000144129386172,"dvar2":0.000470170809422,"max":0.0995336472988,"mean":0.0328802242875,"median":0.03064728342,"min":0,"var":0.000275444792351},"beats_loudness_band_ratio":{"dmean":[0.29801017046,0.12270502001,0.111662484705,0.0987586975098,0.105220727623,0.0352307893336],"dmean2":[0.587708115578,0.24082647264,0.207734689116,0.183892607689,0.184658899903,0.0643816739321],"dvar":[0.029708629474,0.00698637543246,0.00987741630524,0.00846725422889,0.00640790071338,0.00128502724692],"dvar2":[0.0979644581676,0.0207131747156,0.0306775625795,0.0253622848541,0.020039813593,0.00360060250387],"max":[0.939861357212,0.468836784363,0.85101121664,0.626591205597,0.585821390152,0.314210563898],"mean":[0.426821380854,0.10458893