{"lowlevel":{"average_loudness":0.943045914173,"barkbands":{"dmean":[0.00000210891585084,0.000920173304621,0.00131023372523,0.00158398610074,0.00322809629142,0.00240850262344,0.00123476993758,0.000761751609389,0.000935771327931,0.000376978045097,0.000174022803549,0.000452429114375,0.000191102735698,0.000106803468952,0.000216751446715,0.000308331946144,0.000434340385254,0.000265940790996,0.000134390415042,0.0000340122460329,0.0000163295826496,0.0000126667564473,0.00000466902838525,0.00000251326514444,0.00000118024581752,6.36084678263e-7,3.284046457e-8],"dmean2":[0.00000343505416822,0.00149589858484,0.00222065858543,0.00271780067123,0.0053419652395,0.0038566570729,0.00191638083197,0.00119701062795,0.00147452496458,0.000592331227381,0.000273948273389,0.000708529609255,0.000299140199786,0.000170035738847,0.000337410951033,0.000485808879603,0.000686421175487,0.000408012245316,0.00021075924451,0.0000521790716448,0.0000240269509959,0.0000185400185728,0.00000663694117975,0.00000351493463313,0.00000167066161794,9.00152258509e-7,5.09257773729e-8],"dvar":[2.01720723458e-11,0.00000315729971589,0.00000651960908726,0.00000893226479093,0.0000340802507708,0.0000283750359813,0.00000551416451344,0.00000177200649887,0.00000240113899963,5.53548545668e-7,1.77018293357e-7,0.00000164566301919,2.38190750679e-7,7.8940850301e-8,2.3820440731e-7,5.0744984037e-7,8.90302032985e-7,7.31549903321e-7,1.18708527452e-7,5.45173639566e-9,1.72909186968e-9,1.15081388863e-9,2.04914474278e-10,5.69445948728e-11,1.47908664483e-11,5.3885858449e-12,2.12218057119e-14],"dvar2":[5.08537031929e-11,0.00000780625123298,0.0000179026264959,0.0000245486608037,0.0000904611079022,0.0000742948250263,0.0000113654523375,0.0000040354570956,0.00000554898224436,0.00000119575679491,3.52267960579e-7,0.00000349655874743,4.83185147004e-7,1.67054096778e-7,4.75620737461e-7,0.00000115115221888,0.00000208109872801,0.00000145693559261,2.81389077372e-7,1.26254686705e-8,3.7047491741e-9,2.37403074976e-9,4.08212935676e-10,1.09788553249e-10,2.90592307162e-11,1.07073100386e-11,4.95316271722e-14],"max":[0.000103385333205,0.0403936989605,0.0769733190536,0.0621855854988,0.130948707461,0.127175271511,0.066725358367,0.0291029661894,0.0363273136318,0.0271069332957,0.011855892837,0.0378760434687,0.0190509781241,0.0179743859917,0.0245650745928,0.0233948808163,0.0247266795486,0.0533783063293,0.0138682192191,0.00170842383523,0.0011286046356,0.000808055745438,0.000362936203601,0.000171246341779,0.000107262734673,0.0000516941800015,0.00000452975700682],"mean":[0.00000280276208287,0.00188463402446,0.00219107093289,0.00217678863555,0.00548762828112,0.00460487464443,0.00258193002082,0.00150806398597,0.00174207403325,0.000707705505192,0.000313952419674,0.000807743985206,0.000334071955876,0.000189730402781,0.000378471799195,0.000491849321406,0.000795513566118,0.000466906145448,0.00022227797308,0.0000566106464248,0.0000251917062997,0.0000195792981685,0.00000689984472046,0.00000376161915483,0.00000163299205269,8.06271941656e-7,3.4955828454e-8],"median":[8.86834641278e-7,0.001115527004,0.00127039197832,0.00105763261672,0.00330378906801,0.00174691725988,0.00103571743239,0.000663013663143,0.000908514834009,0.000328314694343,0.000140824995469,0.000245394941885,0.000146453006892,0.0000823461887194,0.000181560157216,0.000205269025173,0.000320086895954,0.000142577904626,0.0000695194830769,0.0000183081956493,0.00000738867447581,0.00000468141752208,0.00000146974389281,6.12242956777e-7,1.56545283403e-7,4.00487607521e-8,1.81031434288e-9],"min":[1.66763617642e-24,6.47635949411e-24,3.71757130802e-24,3.44657999548e-23,3.9816245889e-23,3.95910986757e-23,3.08829041638e-23,4.47714977532e-23,1.9772774608e-22,6.85222883848e-23,5.4740976723e-23,8.36394507926e-23,2.11841212359e-22,1.72972735516e-22,1.51384692253e-22,2.24307966208e-22,2.38107907609e-22,1.45481892224e-22,3.16808180367e-22,3.1406986115e-22,4.1868824099e-22,6.06795847264e-22,4.93982376443e-22,7.86638968041e-22,9.29964972831e-22,1.29778498878e-21,2.62113906734e-21],"var":[2.66292734391e-11,0.00000623053711024,0.0000095246859928,0.0000118118550745,0.0000483843978145,0.0000559337386221,0.000019860055545,0.00000558522197025,0.00000583519749853,0.00000149328388943,4.74297308983e-7,0.00000469384303869,7.2469697443e-7,2.91563253541e-7,6.08488505804e-7,8.87295243501e-7,0.00000203216404771,0.00000186770375876,2.34309794678e-7,1.13749170083e-8,2.83057355333e-9,2.03657646303e-9,3.27752769369e-10,1.02909979149e-10,2.35287778844e-11,7.92057738841e-12,2.32328652166e-14]},"barkbands_crest":{"dmean":2.326618433,"dmean2":3.76751732826,"dvar":4.76095104218,"dvar2":11.905008316,"max":26.0622444153,"mean":10.0645437241,"median":9.31615924835,"min":2.3359310627,"var":16.1190719604},"barkbands_flatness_db":{"dmean":0.0242983810604,"dmean2":0.0342717282474,"dvar":0.000560626329388,"dvar2":0.00104908330832,"max":0.553757429123,"mean":0.234933972359,"median":0.215244054794,"min":0.0650866925716,"var":0.00730990152806},"barkbands_kurtosis":{"dmean":2.11281108856,"dmean2":3.39618182182,"dvar":10.1924476624,"dvar2":25.9000988007,"max":106.320602417,"mean":3.3034029007,"median":2.0224943161,"min":-1.87986505032,"var":24.2106895447},"barkbands_skewness":{"dmean":0.44824808836,"dmean2":0.707091152668,"dvar":0.205692887306,"dvar2":0.504324197769,"max":7.72596216202,"mean":1.30077087879,"median":1.2720990181,"min":-3.34407567978,"var":0.792688131332},"barkbands_spread":{"dmean":3.12936139107,"dmean2":4.82092809677,"dvar":12.1533174515,"dvar2":27.329328537,"max":52.3024635315,"mean":13.3666381836,"median":11.3606147766,"min":0.334852516651,"var":80.3933258057},"dissonance":{"dmean":0.0261080078781,"dmean2":0.0430611036718,"dvar":0.000704231089912,"dvar2":0.00180303014349,"max":0.500000059605,"mean":0.441445618868,"median":0.454460948706,"min":0.13785469532,"var":0.00237739901058},"dynamic_complexity":2.03350067139,"erbbands":{"dmean":[0.0122435092926,0.258043348789,1.2122938633,3.3845140934,9.26147842407,11.4542808533,10.3002262115,24.5389289856,18.3709716797,20.7548274994,12.2225809097,23.0875720978,16.3172283173,7.27103662491,7.10024356842,19.2634563446,10.1145582199,5.30368471146,9.21196842194,14.9304475784,13.5948553085,21.2709712982,15.5853052139,12.2047920227,2.86252331734,1.31122720242,0.762821793556,0.598412632942,0.501060545444,0.266346603632,0.115725979209,0.065456405282,0.0339950211346,0.0155653273687,0.00757359573618,0.00318330875598,0.00108601164538,0.000190116596059,0.00000734042623662,0.00000958851433097],"dmean2":[0.0190178323537,0.422204524279,2.05143785477,5.73725748062,15.860581398,18.9237976074,16.5307064056,39.2665939331,28.7543010712,32.5488166809,19.0085716248,36.2723922729,25.7055644989,11.5529718399,11.13722229,30.0868263245,15.6492576599,8.32182598114,14.3573265076,23.3652210236,21.0184555054,33.4788627625,24.1281776428,18.6613903046,4.35606336594,1.97532629967,1.13016915321,0.883600473404,0.739300847054,0.384816348553,0.162517681718,0.0920947641134,0.0475947782397,0.022064814344,0.0108000589535,0.00452584307641,0.00154424691573,0.000273446028586,0.000010500717508,0.0000148067110786],"dvar":[0.00057720055338,0.242705598474,5.27896165848,37.3688201904,448.857177734,398.399749756,310.169586182,3280.1887207,1437.31542969,1294.24133301,421.677154541,1587.84790039,954.753601074,207.841964722,369.419708252,2918.36987305,551.284484863,186.597076416,495.423797607,1193.82055664,872.440979004,2145.61694336,2562.60864258,1260.99731445,38.5707931519,7.50379419327,3.7825949192,2.34950995445,1.85241150856,0.599760055542,0.122215539217,0.0380039922893,0.0105583947152,0.00238923961297,0.000652285176329,0.000121277102153,0.0000169487066159,5.98379301664e-7,3.0420485575e-10,1.71170633223e-10],"dvar2":[0.00132255803328,0.603947997093,14.5155668259,101.204246521,1216.75268555,1080.41259766,761.113037109,8627.16894531,3351.86206055,2901.36108398,959.718017578,3651.48510742,2063.99853516,506.326568604,718.27722168,6194.35595703,1107.36608887,417.568725586,1011.12286377,2632.03417969,2003.96386719,5038.43847656,5215.86181641,2593.65942383,88.1322784424,16.8493385315,8.29505825043,5.0028591156,3.81793236732,1.23600530624,0.239831790328,0.0738297775388,0.0208117384464,0.00471218163148,0.00130379677285,0.000243365051574,0.0000340787082678,0.00000124227642573,5.93387616821e-10,4.10146139274e-10],"max":[0.538239121437,11.0762577057,52.6482429504,168.978622437,596.950378418,378.833343506,334.923187256,1469.67089844,1050.12109375,820.903808594,481.528625488,934.78137207,1090.73059082,678.22088623,574.926452637,1501.32971191,893.007629395,586.901123047,1346.36572266,1641.27453613,758.293945313,1429.75158691,3673.63598633,1354.6784668,231.806655884,87.2584457397,64.549446106,35.6138267517,47.9889602661,23.133934021,9.08398914337,4.82344722748,2.61406230927,1.05075979233,0.837825298309,0.237847879529,0.0975733399391,0.0188416242599,0.000413998874137,0.00023404735839],"mean":[0.0293096266687,0.523426175117,2.08037638664,5.4264960289,12.1010608673,19.657207489,20.9889812469,45.0541381836,39.7291793823,43.2805709839,25.889547348,43.0216255188,32.5823440552,14.0933923721,13.7300338745,35.75440979,20.6220474243,10.6191978455,16.7600746155,26.1555347443,26.0173377991,40.2763328552,29.0184345245,22.4728355408,5.45454072952,2.32962369919,1.2225266695,0.924256265163,0.770102739334,0.400029659271,0.173251271248,0.0979804992676,0.0493598021567,0.0218733493239,0.0102155134082,0.00411141803488,0.00136701064184,0.000229305122048,0.0000183818156074,0.0000312362899422],"median":[0.0139094833285,0.315448403358,1.4128036499,3.19600343704,5.89704656601,10.4989013672,11.0769882202,15.4179325104,15.7660245895,20.1544418335,14.9542503357,22.3356628418,17.5111427307,8.01860618591,6.4847946167,12.0324821472,9.2750711441,5.17382144928,8.42825317383,12.5581817627,12.5733671188,17.3155612946,11.0903282166,6.66461181641,1.98405456543,0.81645399332,0.3716173172,0.267368555069,0.186454311013,0.0879747122526,0.0371140018106,0.0183588452637,0.00680030276999,0.00228956528008,0.000909464957658,0.000294827914331,0.0000582531174587,0.00000905296928977,0.0000134362517201,0.0000280438634945],"min":[1.57551943701e-22,1.59247060636e-21,4.4692721977e-21,7.75014531846e-20,9.66538444536e-20,1.57897418128e-19,1.43657284163e-19,3.46148978465e-19,4.07777553016e-19,7.43355059855e-19,1.64563901914e-18,4.09915308251e-18,2.89857114733e-18,1.98738972319e-18,3.09590769696e-18,4.16886579659e-18,8.63047577504e-18,6.54456449819e-18,8.85869821476e-18,1.15160845886e-17,1.14093013618e-17,1.42678133928e-17,8.02709714902e-18,8.88419853869e-18,1.95601364586e-17,1.37944038662e-17,1.94270315175e-17,1.533944242e-17,1.57054384082e-17,2.19607982303e-17,1.53358210233e-17,1.64549616505e-17,1.1832935295e-17,9.85752955777e-18,7.30562029258e-18,4.89444422809e-18,2.37043204265e-18,1.41512198039e-18,3.96444351443e-19,3.24485021287e-20],"var":[0.00175376352854,0.449385017157,6.46288871765,54.4643669128,434.686584473,690.989990234,785.016174316,6229.27099609,4199.93115234,4164.52441406,1162.55810547,3739.07885742,2665.27294922,439.688598633,1034.04248047,8516.1015625,2092.17578125,626.894592285,1281.36560059,2711.5300293,1889.46740723,5141.16455078,6073.60058594,3447.43286133,89.6881103516,16.0408706665,6.20759439468,3.82199239731,3.35173869133,0.983906924725,0.20050111413,0.0644430145621,0.0188454315066,0.00393896922469,0.00100842386018,0.000179612194188,0.0000246811068791,7.9937569808e-7,5.13832143501e-10,3.5554958977e-10]},"erbbands_crest":{"dmean":2.54235482216,"dmean2":4.08405303955,"dvar":6.34111690521,"dvar2":14.9724702835,"max":32.9620399475,"mean":10.4303092957,"median":9.34539604187,"min":2.73733973503,"var":21.5516796112},"erbbands_flatness_db":{"dmean":0.0184854287654,"dmean2":0.0252116732299,"dvar":0.000335513468599,"dvar2":0.000583686225582,"max":0.511211335659,"mean":0.258757054806,"median":0.248297780752,"min":0.0807396247983,"var":0.00383152114227},"erbbands_kurtosis":{"dmean":1.03524875641,"dmean2":1.62274742126,"dvar":3.51090955734,"dvar2":7.75218343735,"max":53.0129127502,"mean":0.664766430855,"median":-0.167731285095,"min":-1.81332397461,"var":8.95273971558},"erbbands_skewness":{"dmean":0.368799269199,"dmean2":0.566849052906,"dvar":0.135769531131,"dvar2":0.305576860905,"max":5.78312730789,"mean":0.469728350639,"median":0.49824783206,"min":-3.62774181366,"var":0.761047959328},"erbbands_spread":{"dmean":4.92668151855,"dmean2":7.53544616699,"dvar":24.5301513672,"dvar2":55.2015686035,"max":77.8932800293,"mean":24.4985218048,"median":24.4426002502,"min":1.07699918747,"var":102.09715271},"gfcc":{"cov":[[8554.78222656,-3522.01171875,-1145.35791016,1657.55004883,-1088.85900879,596.464904785,-447.926574707,475.802337646,-414.997833252,276.839813232,-236.194335938,279.242767334,-276.880737305],[-3522.01171875,2537.89990234,747.570495605,-920.60925293,652.37512207,-391.449310303,332.551971436,-326.07522583,349.135986328,-190.484344482,194.318893433,-182.755966187,206.36277771],[-1145.35791016,747.570495605,897.406616211,-209.002502441,156.036453247,27.1778793335,70.5824584961,-88.5165863037,69.3334350586,27.6624145508,36.5810165405,-24.9542694092,59.7562789917],[1657.55004883,-920.60925293,-209.002502441,631.741577148,-196.938156128,233.208282471,-62.8675575256,132.69229126,-61.6821632385,80.8033981323,-41.8170089722,65.247177124,-59.7188529968],[-1088.85900879,652.37512207,156.036453247,-196.938156128,415.034759521,-38.0516471863,111.05771637,-25.4774475098,77.3248596191,-35.7360496521,61.2098121643,-23.4210395813,34.3151893616],[596.464904785,-391.449310303,27.1778793335,233.208282471,-38.0516471863,248.831222534,20.4645347595,81.5205383301,-54.0369300842,53.464931488,-21.4424266815,32.8281402588,-35.8184165955],[-447.926574707,332.551971436,70.5824584961,-62.8675575256,111.05771637,20.4645347595,152.05229187,5.46543264389,67.8112258911,-21.5845661163,33.849029541,-29.0650501251,20.6791286469],[475.802337646,-326.07522583,-88.5165863037,132.69229126,-25.4774475098,81.5205383301,5.46543264389,174.187698364,1.63367426395,42.0094833374,-31.0137653351,30.2378025055,-29.9661598206],[-414.997833252,349.135986328,69.3334350586,-61.6821632385,77.3248596191,-54.0369300842,67.8112258911,1.63367426395,160.04359436,10.9304351807,43.9166488647,-27.9822731018,43.7059898376],[276.839813232,-190.484344482,27.6624145508,80.8033981323,-35.7360496521,53.464931488,-21.5845661163,42.0094833374,10.9304351807,106.401313782,24.0496711731,31.5614585876,-18.0484352112],[-236.194335938,194.318893433,36.5810165405,-41.8170089722,61.2098121643,-21.4424266815,33.849029541,-31.0137653351,43.9166488647,24.0496711731,103.005241394,26.7622718811,19.2439155579],[279.242767334,-182.755966187,-24.9542694092,65.247177124,-23.4210395813,32.8281402588,-29.0650501251,30.2378025055,-27.9822731018,31.5614585876,26.7622718811,88.169380188,17.9253253937],[-276.880737305,206.36277771,59.7562789917,-59.7188529968,34.3151893616,-35.8184165955,20.6791286469,-29.9661598206,43.7059898376,-18.0484352112,19.2439155579,17.9253253937,90.6684799194]],"icov":[[0.00043307224405,-0.000724655517843,0.000523697410244,-0.000996355316602,0.000919679645449,-0.000439217546955,0.00078619242413,-0.000639710982796,0.000690891698468,-0.000691237743013,0.000681186618749,-0.000970827939454,0.000634831550997],[-0.000724655517843,0.0112913260236,-0.00509417941794,0.00649911910295,-0.00710311718285,0.00512012420222,-0.00833721086383,0.00656256312504,-0.00850498490036,0.0084350053221,-0.00800628587604,0.00852644070983,-0.00570024130866],[0.000523697410244,-0.00509417941794,0.00395306246355,-0.00256972108036,0.00312176300213,-0.00346308667213,0.00385173154064,-0.00209818873554,0.00342224887572,-0.00496421009302,0.0042328312993,-0.00392025290057,0.00201310263947],[-0.000996355316602,0.00649911910295,-0.00256972108036,0.00816266424954,-0.00388968316838,-0.000184034041013,-0.00392263988033,0.0037387451157,-0.00657445844263,0.00512901414186,-0.00461932597682,0.00439491355792,-0.00293334946036],[0.000919679645449,-0.00710311718285,0.00312176300213,-0.00388968316838,0.00869285315275,-0.00380490673706,0.00424889381975,-0.00500634219497,0.00492987595499,-0.00415985984728,0.00359073327854,-0.00590861914679,0.00414070440456],[-0.000439217546955,0.00512012420222,-0.00346308667213,-0.000184034041013,-0.00380490673706,0.0123166358098,-0.0086439922452,0.00164283718914,0.000504076073412,0.000547900155652,-0.00209465506487,0.00322600849904,-0.00234056054614],[0.00078619242413,-0.00833721086383,0.00385173154064,-0.00392263988033,0.00424889381975,-0.0086439922452,0.0197683386505,-0.00747395632789,0.00263575976714,-0.00170690612867,0.000683948688675,-0.00168684858363,0.0028306117747],[-0.000639710982796,0.00656256312504,-0.00209818873554,0.0037387451157,-0.00500634219497,0.00164283718914,-0.00747395632789,0.0149920824915,-0.00894822366536,0.00223240838386,0.00231345300563,-0.00177784729749,0.000776892178692],[0.000690891698468,-0.00850498490036,0.00342224887572,-0.00657445844263,0.00492987595499,0.000504076073412,0.00263575976714,-0.00894822366536,0.021086724475,-0.0110324295238,0.00102640432306,0.00208410178311,-0.00333435740322],[-0.000691237743013,0.0084350053221,-0.00496421009302,0.00512901414186,-0.00415985984728,0.000547900155652,-0.00170690612867,0.00223240838386,-0.0110324295238,0.0235246941447,-0.011511486955,0.00340081658214,0.000030636369047],[0.000681186618749,-0.00800628587604,0.0042328312993,-0.00461932597682,0.00359073327854,-0.00209465506487,0.000683948688675,0.00231345300563,0.00102640432306,-0.011511486955,0.0263545289636,-0.0181713290513,0.00810517650098],[-0.000970827939454,0.00852644070983,-0.00392025290057,0.00439491355792,-0.00590861914679,0.00322600849904,-0.00168684858363,-0.00177784729749,0.00208410178311,0.00340081658214,-0.0181713290513,0.0333558060229,-0.0166501719505],[0.000634831550997,-0.00570024130866,0.00201310263947,-0.00293334946036,0.00414070440456,-0.00234056054614,0.0028306117747,0.000776892178692,-0.00333435740322,0.000030636369047,0.00810517650098,-0.0166501719505,0.0229871384799]],"mean":[-70.9178848267,181.481719971,-143.907363892,14.9204015732,-39.1692123413,-20.021030426,-34.0876846313,-3.50719118118,-9.25243091583,-16.8104553223,-10.3485507965,-6.17678642273,-8.71883106232]},"hfc":{"dmean":4.44519805908,"dmean2":6.56085252762,"dvar":38.0761070251,"dvar2":79.7274703979,"max":185.031143188,"mean":15.8723192215,"median":13.37915802,"min":1.13115678217e-16,"var":140.08430481},"melbands":{"dmean":[0.000186917663086,0.000524211907759,0.00074993056478,0.00072228879435,0.000406018429203,0.000523481983691,0.000285994057776,0.000218771892833,0.0000991540364339,0.000151180953253,0.0000802440481493,0.0000305506728182,0.0000221973095904,0.0000339902071573,0.0000542774250789,0.0000153813707584,0.0000102733620224,0.0000143676643347,0.0000161716525326,0.0000265849575953,0.0000170255625562,0.0000237549393205,0.0000191549825104,0.0000134409328894,0.0000108244485091,0.0000025552428724,0.00000184050497865,7.75371688633e-7,5.27349072854e-7,4.1114529381e-7,3.61469432164e-7,3.22881447801e-7,2.05297325806e-7,1.3058240711e-7,7.32858609354e-8,4.74242654036e-8,3.80092259888e-8,2.56823486922e-8,1.82838650886e-8,1.18478125088e-8],"dmean2":[0.000299248989904,0.000869495794177,0.00127278233413,0.00121829099953,0.000648253306281,0.000835742102936,0.000444752484327,0.000342531740898,0.000154697845574,0.000238109423663,0.000126731960336,0.000048768830311,0.0000349699730577,0.0000537756022823,0.000083805374743,0.0000238396405621,0.0000163411750691,0.0000225478306675,0.0000250523753493,0.0000418233248638,0.0000267340728897,0.000037543108192,0.0000301762320305,0.000020836623662,0.0000167498146766,0.00000400093040298,0.00000287951706923,0.00000118867080801,7.98956989456e-7,6.14501175278e-7,5.46147305158e-7,4.86420219659e-7,3.08005638772e-7,1.91238243019e-7,1.05400644657e-7,6.79773961565e-8,5.49461631749e-8,3.66206123203e-8,2.62736570278e-8,1.71024119311e-8],"dvar":[1.30801623754e-7,8.86277064183e-7,0.00000189010529539,0.00000204602315534,4.36727617625e-7,0.00000143837348787,3.19832281548e-7,1.36538616857e-7,2.8237007399e-8,6.7347528443e-8,2.33468924193e-8,4.02931421561e-9,3.32286442806e-9,9.47717726518e-9,2.38497559479e-8,1.93652782698e-9,8.44325442895e-10,1.30052857372e-9,1.25149779429e-9,4.09741085505e-9,1.76050241052e-9,2.5839683726e-9,2.10964512526e-9,2.40207920221e-9,1.04880171214e-9,3.9910085653e-11,1.79550350282e-11,3.23688428491e-12,1.83329133124e-12,1.04774771758e-12,8.70808362485e-13,7.40309343775e-13,3.7597241943e-13,1.55601375426e-13,4.98913756174e-14,2.04587493051e-14,1.34128844574e-14,5.8467317393e-15,3.89556169915e-15,1.43951417677e-15],"dvar2":[3.15905879233e-7,0.00000236661298914,0.0000051130873544,0.00000556360419068,0.00000106689969925,0.00000376673642677,7.24775077288e-7,3.09478338067e-7,6.44427373686e-8,1.55676559643e-7,5.04565313975e-8,9.78404912644e-9,6.58918031249e-9,2.20614921886e-8,4.78230930412e-8,3.84689702315e-9,1.84819870519e-9,2.6442532608e-9,2.57574450657e-9,9.04916497291e-9,4.03796329707e-9,6.03282401812e-9,4.74998262945e-9,4.87807794158e-9,2.19057683104e-9,9.36366470472e-11,4.26894526673e-11,7.41228953216e-12,4.185881676e-12,2.26735687517e-12,1.93482534681e-12,1.56822786094e-12,8.24073014688e-13,3.30639107673e-13,1.02217808328e-13,4.00524645188e-14,2.74194644718e-14,1.18405939486e-14,7.82530795398e-15,2.91532752698e-15],"max":[0.0078825391829,0.0200361013412,0.0320255123079,0.0345620363951,0.0154354618862,0.029399111867,0.0138567630202,0.00729048904032,0.0048716259189,0.00614722585306,0.00534593500197,0.00308740092441,0.00174544448964,0.00417467113584,0.00579430442303,0.00213521020487,0.00127833569422,0.00254215952009,0.00164988345932,0.00206636427902,0.00128742342349,0.00186719605699,0.00145374622662,0.00340548274107,0.00121635349933,0.000286245660391,0.000102455334854,0.0000779792098911,0.0000449229846708,0.0000229659945035,0.0000242110909312,0.0000280845761154,0.000017504706193,0.0000121273287732,0.00000607208357906,0.00000348416301676,0.00000334277910952,0.00000171541910277,0.00000313293526233,9.2083769232e-7],"mean":[0.000407982151955,0.00100220635068,0.00116157438606,0.00111479032785,0.000832006626297,0.000981753342785,0.000622790597845,0.000457702961285,0.000197918154299,0.000279072293779,0.000155579022248,0.000054335429013,0.0000397467701987,0.0000644840765744,0.0000984939033515,0.0000266896531684,0.0000181057639566,0.0000244268630922,0.0000284754478344,0.0000416256152675,0.0000286401900667,0.0000431575645052,0.000033100041037,0.0000225588646572,0.0000186582437891,0.00000421914865001,0.000002877261295,0.0000012203223605,7.93276683453e-7,6.01326632932e-7,5.21406263942e-7,4.78982428831e-7,2.97330501553e-7,1.87920974781e-7,1.04881401342e-7,6.94010111602e-8,5.51142314009e-8,3.63488155131e-8,2.52710918858e-8,1.59962798563e-8],"median":[0.000233636208577,0.000719464849681,0.000698211719282,0.000661805795971,0.000464385666419,0.000347431079717,0.000243317597779,0.000214255735045,0.000109191991214,0.000141801370773,0.0000796305321273,0.0000277856888715,0.0000180643037311,0.0000237252879742,0.0000317814992741,0.0000112889720185,0.00000709075175109,0.0000111910048872,0.0000137779234137,0.0000164657813002,0.0000119174319479,0.0000174310116563,0.0000123869140225,0.00000667587573844,0.00000474902662972,0.00000143784450302,8.94347181202e-7,3.82910343433e-7,2.28143505865e-7,1.73087613575e-7,1.3973576074e-7,1.14230260806e-7,6.47822986366e-8,3.94662578174e-8,2.18537579144e-8,1.30637927143e-8,1.00223793709e-8,5.0931179274e-9,2.58310928203e-9,1.5847972934e-9],"min":[1.77124733708e-24,1.87378801349e-24,1.22975305634e-23,1.03868431866e-23,4.6672691189e-24,7.54663153891e-24,7.15296628138e-24,8.14578480706e-24,1.69100176312e-23,2.70960404971e-23,1.44534085313e-23,8.2329515705e-24,7.90202678735e-24,1.07874551533e-23,1.81720420405e-23,1.7308365567e-23,1.16109005095e-23,1.52450935585e-23,1.44931813204e-23,1.7804873043e-23,1.09293593972e-23,1.41774381653e-23,1.28928562784e-23,4.37080572439e-24,6.43890161732e-24,1.65448160528e-23,1.11839603101e-23,8.468935366e-24,1.24153035522e-23,9.13953576633e-24,9.8525540064e-24,9.48032288853e-24,1.06604998235e-23,1.13058645635e-23,8.67933798005e-24,8.75919910266e-24,1.0952607917e-23,7.73534363352e-24,8.32720861576e-24,8.39804359189e-24],"var":[2.99449880004e-7,0.00000123099914617,0.00000239743008024,0.00000223109691433,0.00000118133459637,0.00000281809957414,0.00000101333796465,4.46986092584e-7,7.32825853333e-8,1.6111218315e-7,6.49401172836e-8,8.15235701168e-9,8.79202488591e-9,2.64497561631e-8,7.11322414304e-8,4.88455365044e-9,2.70513211831e-9,3.70815778084e-9,3.09085623762e-9,7.58066498463e-9,3.34521366163e-9,6.53045395538e-9,4.50375692296e-9,5.24563370519e-9,2.72864220108e-9,7.06509364901e-11,3.45092010523e-11,5.65409698228e-12,2.81076615975e-12,1.66570197305e-12,1.31077646567e-12,1.32023179281e-12,5.7028687328e-13,2.36255378325e-13,7.6904892773e-14,3.39531056265e-14,2.11463689576e-14,9.9539652779e-15,6.85870275369e-15,2.19477396293e-15]},"melbands_crest":{"dmean":2.72017836571,"dmean2":4.46280622482,"dvar":6.27711009979,"dvar2":16.4917030334,"max":37.1596450806,"mean":12.2673807144,"median":11.5686779022,"min":2.49404764175,"var":17.5929775238},"melbands_flatness_db":{"dmean":0.0283933859318,"dmean2":0.0397564694285,"dvar":0.000812112353742,"dvar2":0.00145037611946,"max":0.715488791466,"mean":0.299715071917,"median":0.273429870605,"min":0.00821189582348,"var":0.0116653526202},"melbands_kurtosis":{"dmean":3.36597895622,"dmean2":5.42589330673,"dvar":24.2198619843,"dvar2":61.5734519958,"max":196.968231201,"mean":6.65319728851,"median":4.92727518082,"min":-1.84136021137,"var":51.3033447266},"melbands_skewness":{"dmean":0.511650085449,"dmean2":0.810290336609,"dvar":0.274449467659,"dvar2":0.673333108425,"max":10.1888751984,"mean":1.86093318462,"median":1.79338026047,"min":-2.61240959167,"var":0.863098502159},"melbands_spread":{"dmean":4.48177194595,"dmean2":6.940762043,"dvar":32.7971878052,"dvar2":74.9938278198,"max":110.694000244,"mean":17.2358989716,"median":12.9705562592,"min":0.373560011387,"var":191.292739868},"mfcc":{"cov":[[6593.74560547,-2160.3737793,-1380.18115234,913.737121582,-428.138580322,-22.0988674164,-45.9076728821,201.013061523,-145.302993774,-23.4936733246,27.747756958,18.9269924164,0.348726719618],[-2160.3737793,1920.37463379,467.842559814,-337.87713623,224.659545898,-48.3814659119,-4.06564903259,-89.5076751709,72.0372467041,14.05788517,2.23468375206,-8.30095672607,15.3383178711],[-1380.18115234,467.842559814,957.737609863,-184.214797974,109.569839478,135.869903564,41.5667457581,-67.0808181763,47.8786659241,42.3609428406,-19.2225341797,21.6725311279,8.43499851227],[913.737121582,-337.87713623,-184.214797974,320.166290283,-12.5249204636,35.322467804,8.89370536804,52.2445678711,6.83985376358,21.0456047058,28.976984024,27.9061107635,20.5323200226],[-428.138580322,224.659545898,109.569839478,-12.5249204636,220.548492432,47.7805328369,39.3799209595,19.7068099976,30.319896698,8.64328193665,22.5335865021,20.0091972351,22.8190116882],[-22.0988674164,-48.3814659119,135.869903564,35.322467804,47.7805328369,162.380722046,74.5093231201,24.0469245911,18.5112743378,25.8044776917,7.12524032593,25.1399784088,18.43475914],[-45.9076728821,-4.06564903259,41.5667457581,8.89370536804,39.3799209595,74.5093231201,122.449417114,54.9069213867,11.0626783371,10.791425705,20.0355205536,16.049123764,19.492729187],[201.013061523,-89.5076751709,-67.0808181763,52.2445678711,19.7068099976,24.0469245911,54.9069213867,115.259223938,43.6206436157,17.6320419312,18.2456703186,9.47079563141,11.4016504288],[-145.302993774,72.0372467041,47.8786659241,6.83985376358,30.319896698,18.5112743378,11.0626783371,43.6206436157,101.740722656,52.8973999023,9.03799629211,5.02429914474,7.10769319534],[-23.4936733246,14.05788517,42.3609428406,21.0456047058,8.64328193665,25.8044776917,10.791425705,17.6320419312,52.8973999023,93.9564971924,40.1648521423,5.84548807144,2.86610865593],[27.747756958,2.23468375206,-19.2225341797,28.976984024,22.5335865021,7.12524032593,20.0355205536,18.2456703186,9.03799629211,40.1648521423,86.7559890747,41.6778030396,7.78952598572],[18.9269924164,-8.30095672607,21.6725311279,27.9061107635,20.0091972351,25.1399784088,16.049123764,9.47079563141,5.02429914474,5.84548807144,41.6778030396,89.0736541748,47.5440750122],[0.348726719618,15.3383178711,8.43499851227,20.5323200226,22.8190116882,18.43475914,19.492729187,11.4016504288,7.10769319534,2.86610865593,7.78952598572,47.5440750122,86.8372116089]],"icov":[[0.000440721341874,0.000186787277926,0.000315216049785,-0.000792399165221,0.000408576830523,-0.000162261960213,0.000221883397899,-0.000437949347543,0.000577425817028,-0.000236114981817,0.000226033429499,-0.000092293441412,0.0000475407214253],[0.000186787277926,0.000919585581869,-0.0000859654028318,0.000251318444498,-0.000547468836885,0.000534753722604,-0.000180903225555,0.000520005938597,-0.000524600211065,0.000105279454147,-0.000225676427362,0.000207537188544,-0.000265500799287],[0.000315216049785,-0.0000859654028318,0.00193408853374,0.000183846539585,-0.0000126169561554,-0.00156017858535,0.0000121169205158,0.000772327417508,-0.0000605083660048,-0.000917773228139,0.00106972421054,-0.000926448323298,0.000459506118204],[-0.000792399165221,0.000251318444498,0.000183846539585,0.00611090753227,-0.00105290242936,-0.00124060956296,0.00094344932586,-0.000460460578324,-0.000852287630551,-0.000305362191284,-0.00103389448486,-0.00034866479109,-0.000751759449486],[0.000408576830523,-0.000547468836885,-0.0000126169561554,-0.00105290242936,0.00664443522692,-0.00176938669756,-0.0000768129102653,-0.000915263895877,-0.00102042593062,0.00202503171749,-0.00232298765332,0.00095846952172,-0.00118744443171],[-0.000162261960213,0.000534753722604,-0.00156017858535,-0.00124060956296,-0.00176938669756,0.0121006434783,-0.00697799492627,0.00144991267007,0.000145161204273,-0.00334766833112,0.00389473885298,-0.00330332270823,0.0011810293654],[0.000221883397899,-0.000180903225555,0.0000121169205158,0.00094344932586,-0.0000768129102653,-0.00697799492627,0.0163293723017,-0.00797072518617,0.0030976163689,0.00115084333811,-0.00363306258805,0.00234592962079,-0.00256066210568],[-0.000437949347543,0.000520005938597,0.000772327417508,-0.000460460578324,-0.000915263895877,0.00144991267007,-0.00797072518617,0.0175248980522,-0.00936756562442,0.00301163620315,-0.00212262338027,0.000949829700403,-0.000297602033243],[0.000577425817028,-0.000524600211065,-0.0000605083660048,-0.000852287630551,-0.00102042593062,0.000145161204273,0.0030976163689,-0.00936756562442,0.0212045479566,-0.0127837499604,0.00683245435357,-0.00333500723355,0.00096906843828],[-0.000236114981817,0.000105279454147,-0.000917773228139,-0.000305362191284,0.00202503171749,-0.00334766833112,0.00115084333811,0.00301163620315,-0.0127837499604,0.0241034571081,-0.0145491538569,0.00796124897897,-0.00313445227221],[0.000226033429499,-0.000225676427362,0.00106972421054,-0.00103389448486,-0.00232298765332,0.00389473885298,-0.00363306258805,-0.00212262338027,0.00683245435357,-0.0145491538569,0.0262729004025,-0.0151047455147,0.00689153186977],[-0.000092293441412,0.000207537188544,-0.000926448323298,-0.00034866479109,0.00095846952172,-0.00330332270823,0.00234592962079,0.000949829700403,-0.00333500723355,0.00796124897897,-0.0151047455147,0.0251967068762,-0.0124960262328],[0.0000475407214253,-0.000265500799287,0.000459506118204,-0.000751759449486,-0.00118744443171,0.0011810293654,-0.00256066210568,-0.000297602033243,0.00096906843828,-0.00313445227221,0.00689153186977,-0.0124960262328,0.0186184365302]],"mean":[-699.864562988,197.201950073,-27.7607421875,28.4888572693,6.60697841644,-9.12959575653,-15.7562856674,5.71701049805,-3.48793578148,-7.38615369797,-0.858188390732,-0.943764090538,-4.42563009262]},"pitch_salience":{"dmean":0.0677561983466,"dmean2":0.109719097614,"dvar":0.00374739081599,"dvar2":0.00944034475833,"max":0.932102918625,"mean":0.577105462551,"median":0.587356328964,"min":0.114108346403,"var":0.0125948879868},"silence_rate_20dB":{"dmean":0,"dmean2":0,"dvar":0,"dvar2":0,"max":1,"mean":1,"median":1,"min":1,"var":0},"silence_rate_30dB":{"dmean":0.00230669416487,"dmean2":0.00461360998452,"dvar":0.00230096862651,"dvar2":0.00641850521788,"max":1,"mean":0.998414218426,"median":1,"min":0,"var":0.00158340437338},"silence_rate_60dB":{"dmean":0.00893844012171,"dmean2":0.0178777389228,"dvar":0.0088574225083,"dvar2":0.0197651386261,"max":1,"mean":0.0230177789927,"median":0,"min":0,"var":0.0224831104279},"spectral_centroid":{"dmean":165.59727478,"dmean2":251.381439209,"dvar":42258.1367188,"dvar2":85218.5625,"max":10836.4355469,"mean":916.635742188,"median":774.111816406,"min":157.433242798,"var":292396.875},"spectral_complexity":{"dmean":3.2902109623,"dmean2":4.93156480789,"dvar":11.9131345749,"dvar2":23.0811901093,"max":54,"mean":17.7971172333,"median":16,"min":0,"var":75.6376190186},"spectral_contrast_coeffs":{"dmean":[0.0555966235697,0.0501005277038,0.0417020656168,0.0362525060773,0.0320975631475,0.0242169741541],"dmean2":[0.0911017358303,0.0806473940611,0.067177541554,0.0582483373582,0.0523009039462,0.0406039506197],"dvar":[0.0022991632577,0.00177750037983,0.00119023828302,0.000971708446741,0.000765032076743,0.000595816876739],"dvar2":[0.00602585775778,0.00435586599633,0.00291606364772,0.00235264725052,0.00194773334078,0.00166599766817],"max":[-0.221492797136,-0.365807950497,-0.441756695509,-0.336489677429,-0.481633245945,-0.595502495766],"mean":[-0.576836585999,-0.697918593884,-0.736083269119,-0.765924096107,-0.726913273335,-0.739916563034],"median":[-0.582999110222,-0.704884171486,-0.742326259613,-0.77710711956,-0.725188851357,-0.730042815208],"min":[-0.944784522057,-0.964414715767,-0.953360080719,-0.956307768822,-0.959245979786,-0.967869341373],"var":[0.00858800858259,0.00748834200203,0.00437597744167,0.00415176339447,0.00347459199838,0.00231326324865]},"spectral_contrast_valleys":{"dmean":[0.42013835907,0.38638868928,0.362915426493,0.36316511035,0.395682871342,0.475092560053],"dmean2":[0.671318888664,0.617654979229,0.564661562443,0.55298525095,0.569398224354,0.6587703228],"dvar":[0.141715630889,0.121801935136,0.107475653291,0.114748112857,0.151840671897,0.247782334685],"dvar2":[0.322383254766,0.275984704494,0.230065181851,0.240904778242,0.274771898985,0.552675008774],"max":[-5.33764219284,-4.39972448349,-5.43836784363,-5.83662223816,-5.93340730667,-9.14413738251],"mean":[-7.47574615479,-6.48026800156,-7.41023492813,-7.85533094406,-8.55619049072,-12.4178915024],"median":[-7.24482917786,-6.4014840126,-7.29379224777,-7.69674444199,-8.23962020874,-12.1725406647],"min":[-27.9791755676,-27.2064437866,-27.1792945862,-27.3927841187,-27.2198696136,-27.267364502],"var":[0.93119931221,0.571084737778,0.6031640172,0.812832891941,1.843729496,2.20225167274]},"spectral_decrease":{"dmean":2.14499240592e-9,"dmean2":3.35145555752e-9,"dvar":8.81734993748e-18,"dvar2":2.16821376256e-17,"max":-3.27145772869e-29,"mean":-6.77300127094e-9,"median":-6.02797900484e-9,"min":-5.44547660297e-8,"var":1.71609884274e-17},"spectral_energy":{"dmean":0.00843223836273,"dmean2":0.0131367277354,"dvar":0.000134325586259,"dvar2":0.000328427850036,"max":0.210403203964,"mean":0.0270025078207,"median":0.0241877362132,"min":1.03834011277e-20,"var":0.000266820570687},"spectral_energyband_high":{"dmean":0.0000449947474408,"dmean2":0.0000630071444903,"dvar":1.31632766909e-8,"dvar2":2.52019169977e-8,"max":0.00220267684199,"mean":0.0000772108905949,"median":0.0000215881864278,"min":7.06929877238e-21,"var":2.53958365448e-8},"spectral_energyband_low":{"dmean":0.00231177243404,"dmean2":0.003763115732,"dvar":0.0000146858219523,"dvar2":0.0000375128038286,"max":0.113629981875,"mean":0.00501881167293,"median":0.00364530459046,"min":3.46873815167e-23,"var":0.0000274150715995},"spectral_energyband_middle_high":{"dmean":0.00139573519118,"dmean2":0.00206005689688,"dvar":0.00000516588397659,"dvar2":0.0000110013061203,"max":0.0589412711561,"mean":0.00450853304937,"median":0.00288657518104,"min":1.82335749581e-21,"var":0.0000246864674409},"spectral_energyband_middle_low":{"dmean":0.0071564745158,"dmean2":0.0114010022953,"dvar":0.000112598063424,"dvar2":0.000286819966277,"max":0.200575202703,"mean":0.0185093898326,"median":0.0152345523238,"min":3.99651247677e-22,"var":0.000200443188078},"spectral_entropy":{"dmean":0.192045271397,"dmean2":0.270845383406,"dvar":0.0377206169069,"dvar2":0.0680018737912,"max":9.79215049744,"mean":6.77555036545,"median":6.91174602509,"min":4.41097784042,"var":0.370401591063},"spectral_flux":{"dmean":0.0247629620135,"dmean2":0.0389574542642,"dvar":0.000686549290549,"dvar2":0.00154499488417,"max":0.381792277098,"mean":0.0777778327465,"median":0.0725364387035,"min":1.01898975369e-10,"var":0.00160654797219},"spectral_kurtosis":{"dmean":11.0994577408,"dmean2":18.4514255524,"dvar":369.439941406,"dvar2":920.555480957,"max":551.226501465,"mean":22.9466629028,"median":9.82870101929,"min":-1.14652991295,"var":1465.9119873},"spectral_rms":{"dmean":0.000767201825511,"dmean2":0.00116713973694,"dvar":7.33958586352e-7,"dvar2":0.00000168688052327,"max":0.0143272960559,"mean":0.00490391207859,"median":0.00485775619745,"min":3.18278910172e-12,"var":0.00000229546571973},"spectral_rolloff":{"dmean":246.528427124,"dmean2":415.615447998,"dvar":154314.296875,"dvar2":331104.5,"max":18712.3535156,"mean":1024.32958984,"median":710.595703125,"min":43.06640625,"var":565047.6875},"spectral_skewness":{"dmean":0.728628575802,"dmean2":1.21416032314,"dvar":0.900383293629,"dvar2":2.32975888252,"max":18.8797645569,"mean":2.60946321487,"median":1.89752936363,"min":-0.018600858748,"var":3.80127978325},"spectral_spread":{"dmean":275987.8125,"dmean2":405872.375,"dvar":130386411520,"dvar2":195049570304,"max":39165736,"mean":2086259.875,"median":2091358.5,"min":127122.3125,"var":640161087488},"spectral_strongpeak":{"dmean":0.597290277481,"dmean2":1.00197029114,"dvar":1.12002170086,"dvar2":2.69002389908,"max":20.7869434357,"mean":1.23799705505,"median":0.813715100288,"min":0,"var":2.19816064835},"zerocrossingrate":{"dmean":0.00501853367314,"dmean2":0.00600411370397,"dvar":0.000035456410842,"dvar2":0.0000437263806816,"max":0.49462890625,"mean":0.0370462089777,"median":0.033203125,"min":0.00244140625,"var":0.000377961521735}},"metadata":{"audio_properties":{"analysis_sample_rate":44100,"bit_rate":127232,"codec":"aac","downmix":"mix","equal_loudness":0,"length":483.184051514,"lossless":false,"md5_encoded":"138a5f149a5e9ede39044a322a21b8f8","replay_gain":-9.3667678833,"sample_rate":44100},"tags":{"album":["Nine to the Universe"],"albumartistsort":["Hendrix, Jimi"],"artist":["Jimi Hendrix"],"artistsort":["Hendrix, Jimi"],"barcode":["075992229913"],"catalognumber":["HS 2299"],"date":["1980"],"discnumber":["1/1"],"file_name":"02. Jimi Jimmy Jam_8-06.m4a","genre":["Rock"],"label":["Reprise Records"],"language":["English"],"media":["12\" Vinyl"],"musicbrainz_albumartistid":["06fb1c8b-566e-4cb2-985b-b467c90781d4"],"musicbrainz_albumid":["4e40416f-10a6-4b9a-94bd-9fa807a5e7ff"],"musicbrainz_artistid":["06fb1c8b-566e-4cb2-985b-b467c90781d4"],"musicbrainz_recordingid":["237cfe94-bd96-4e28-a999-db44dea8bda2"],"musicbrainz_releasegroupid":["d779da07-606c-3818-a485-bea4a96c2eae"],"producer":["Alan Douglas"],"script":["Latin"],"title":["Jimi/Jimmy Jam"],"tracknumber":["2/5"]},"version":{"essentia":"2.1-beta2","essentia_build_sha":"2d9f1f26377add8aeb1075a9c2973f962c4f09fd","essentia_git_sha":"v2.1_beta2-1-ge3940c0","extractor":"music 1.0"}},"rhythm":{"beats_count":918,"beats_loudness":{"dmean":0.0152568621561,"dmean2":0.0262313000858,"dvar":0.000195834392798,"dvar2":0.000561672262847,"max":0.13470582664,"mean":0.0353142358363,"median":0.0315175019205,"min":0.0000198947182071,"var":0.000283941510133},"beats_loudness_band_ratio":{"dmean":[0.165970697999,0.165613278747,0.126138612628,0.0531227849424,0.0779008939862,0.0146920504048],"dmean2":[0.284322917461,0.286381006241,0.219366163015,0.0903358608484,0.136064261198,0.0263596065342],"dvar":[0.020477572456,0.0194033738226,0.0115742562339,0.00421203393489,0.00750543503091,0.000222429356654],"dvar2":[0.0592148676515,0.0564078427851,0.0332134068012,0.0120579870418,0