{"lowlevel":{"average_loudness":0.947661876678,"barkbands":{"dmean":[0.0078907487914,0.0129885757342,0.00474140653387,0.00264052976854,0.00262120738626,0.00191519025248,0.00121292937547,0.00105338357389,0.000896215613466,0.000702616642229,0.000437539973063,0.000325797416735,0.000254547398072,0.000142276810948,0.000131120643346,0.0000551211051061,0.0000530512770638,0.0000510307218065,0.0000664892650093,0.0000704662816133,0.0000391081703128,0.0000284990455839,0.0000125996084535,0.00000316228420161,0.0000019424689981,0.00000484837710246,0.0000333876450895],"dmean2":[0.013196984306,0.0223793443292,0.00791855063289,0.00440866639838,0.00418319553137,0.0029336004518,0.00185376196168,0.00162544730119,0.00137708080001,0.00109345186502,0.000669230008498,0.000493636121973,0.000389865133911,0.000214021842112,0.000195849468582,0.0000816543251858,0.0000748889724491,0.0000745857978472,0.0000969482352957,0.0000974610229605,0.0000536783918506,0.0000399967866542,0.0000178414629772,0.00000480629796584,0.00000322668461195,0.00000705989623384,0.0000432724955317],"dvar":[0.000519601511769,0.00123117445037,0.000259373016888,0.00010181813559,0.0000297132501146,0.0000154539575306,0.0000080126001194,0.00000761879937272,0.00000406649769502,0.00000247282673627,0.00000137863014515,4.59036243683e-7,3.05048700966e-7,6.50326015261e-8,6.74095943509e-8,1.58131037153e-8,1.65804117103e-8,3.09270120624e-8,3.82990492653e-8,4.84882178853e-8,1.17795879717e-8,7.61700480467e-9,1.49568346597e-9,5.35155357528e-11,2.34037823843e-11,1.70571154423e-10,6.03453731429e-9],"dvar2":[0.00128533132374,0.0032629580237,0.000635784352198,0.000256632571109,0.0000702362158336,0.0000363589679182,0.0000169409504451,0.0000176701123564,0.00000911006554816,0.00000563981666346,0.00000328447868014,0.00000102910041733,7.45244221889e-7,1.42996171348e-7,1.53812052872e-7,3.15787112015e-8,3.32373026879e-8,7.10062195708e-8,7.97002712716e-8,9.06550070567e-8,2.08351398356e-8,1.46921035338e-8,2.83349077534e-9,1.11748874043e-10,5.428183944e-11,3.18803539123e-10,9.82331549437e-9],"max":[0.209756195545,0.372747302055,0.224712908268,0.124149799347,0.096530020237,0.0846021622419,0.060865752399,0.0703150555491,0.0376232080162,0.0262890476733,0.0258358791471,0.0172006543726,0.0198939945549,0.00533243501559,0.00625043036416,0.00248555815779,0.00347103457898,0.0110980989411,0.0058608725667,0.00996482744813,0.00184675527271,0.000921962433495,0.000447976315627,0.000118063799164,0.000108740081487,0.000206457902095,0.00148392748088],"mean":[0.00603321893141,0.0104130301625,0.0042835380882,0.00230565154925,0.00311450497247,0.00236206734553,0.0014033553889,0.00118831137661,0.00103076023515,0.000781520851888,0.0005189300864,0.000431978085544,0.000336435827194,0.000196012784727,0.000170285828062,0.0000717385337339,0.000064111474785,0.0000601393439865,0.0000796779349912,0.0000804472583695,0.000045529253839,0.0000292165204883,0.0000130187227114,0.00000326713802679,0.00000176016351361,0.00000514859448231,0.0000472946630907],"median":[0.000341057602782,0.00161720463075,0.000936055730563,0.000351371534634,0.0010723664891,0.00059283291921,0.000288563431241,0.000241801404627,0.000210935322684,0.000162713899044,0.000111038549221,0.00013745650358,0.000109117027023,0.0000655925541651,0.0000484761403641,0.0000154729805217,0.00000958941745921,0.00000743632153899,0.000010233001376,0.00000740001223676,0.00000405113405577,0.00000202506771529,0.00000123116933537,5.43986288903e-7,2.84544142914e-7,7.46184809941e-7,0.000013466406017],"min":[1.37928323344e-25,1.08767826068e-24,8.51558288069e-25,4.62975710653e-25,2.40412973374e-24,6.11351345442e-24,6.45689119583e-24,7.06269298369e-24,1.49387157602e-23,1.24449300124e-23,1.77981251269e-23,1.99857831452e-23,2.5526642747e-23,3.01173209661e-23,3.98097330533e-23,4.6464273349e-23,6.17202184781e-23,7.19350331894e-23,8.86313689117e-23,1.27356481329e-22,2.48936077452e-22,2.88698074954e-22,3.57248598248e-22,5.5136540611e-22,8.41738617729e-22,1.27846014328e-21,1.95582635117e-21],"var":[0.000420692522312,0.000897700199857,0.000233234459301,0.0000856834885781,0.0000375873823941,0.0000234199997067,0.000011553157492,0.00000980549339147,0.00000583616247241,0.00000321105449075,0.00000194811354959,7.94869322363e-7,4.87694649109e-7,1.19388744224e-7,1.15433365977e-7,2.77552079098e-8,2.54531453692e-8,4.22437977932e-8,6.16464035375e-8,8.32974862419e-8,1.92891373985e-8,9.84605907917e-9,1.95918770096e-9,6.88494886103e-11,2.27952656751e-11,2.3432836227e-10,1.1368354258e-8]},"barkbands_crest":{"dmean":3.76673650742,"dmean2":6.31132936478,"dvar":9.84239578247,"dvar2":25.6969928741,"max":25.4037284851,"mean":10.8087244034,"median":10.0158691406,"min":2.58060145378,"var":17.979549408},"barkbands_flatness_db":{"dmean":0.0446858853102,"dmean2":0.0687856301665,"dvar":0.00144511112012,"dvar2":0.0035582727287,"max":0.471606075764,"mean":0.184639334679,"median":0.184673964977,"min":0.0322044193745,"var":0.0038070618175},"barkbands_kurtosis":{"dmean":11.3592195511,"dmean2":18.7546882629,"dvar":516.629821777,"dvar2":1324.9119873,"max":287.958892822,"mean":11.2554864883,"median":4.47999429703,"min":-1.83947753906,"var":474.403869629},"barkbands_skewness":{"dmean":1.22035515308,"dmean2":1.83111059666,"dvar":1.74958109856,"dvar2":3.85800457001,"max":13.1247358322,"mean":1.98461294174,"median":1.61108469963,"min":-2.51388216019,"var":3.61614656448},"barkbands_spread":{"dmean":6.35249900818,"dmean2":9.85019207001,"dvar":76.1661300659,"dvar2":167.457672119,"max":118.787330627,"mean":13.8741512299,"median":10.0173778534,"min":0.482824057341,"var":176.224746704},"dissonance":{"dmean":0.0307040065527,"dmean2":0.0495944470167,"dvar":0.000966805382632,"dvar2":0.00229912647046,"max":0.500000119209,"mean":0.448637902737,"median":0.463160037994,"min":0.213650152087,"var":0.00213025137782},"dynamic_complexity":4.36431980133,"erbbands":{"dmean":[0.733088731766,1.68275809288,4.30335187912,8.66718292236,6.67207813263,9.66040039062,12.8398361206,17.0955944061,18.2789344788,19.3136863708,22.1798496246,19.9286880493,20.3004722595,21.989156723,13.9151363373,12.7746706009,11.8308515549,6.81935453415,7.46460056305,5.06141805649,2.70617938042,3.01386904716,2.69788265228,3.17389082909,3.78899145126,3.11661696434,1.97459244728,1.29413974285,0.938076555729,0.7004109025,0.327953666449,0.118840426207,0.0347402095795,0.022004717961,0.0137051474303,0.00784532073885,0.00998837221414,0.0108763612807,0.00464819232002,0.000609827518929],"dmean2":[1.28137397766,2.88479924202,7.24897003174,14.4360780716,10.9790725708,15.489030838,20.1137008667,26.358789444,28.0273914337,29.3476257324,34.0566444397,30.4542579651,31.2918205261,33.8068389893,20.4452972412,19.1102104187,17.8159637451,9.9593038559,10.7786130905,7.39578294754,3.96238327026,4.18008422852,3.87884879112,4.65674829483,5.42224216461,4.22990036011,2.71754837036,1.74196565151,1.30963122845,1.00274050236,0.473186284304,0.171205163002,0.0564166270196,0.0364848151803,0.0227443575859,0.0128429383039,0.0143623249605,0.0150485429913,0.00610451120883,0.000786174030509],"dvar":[4.62636184692,16.8990001678,157.034408569,1174.73181152,283.623352051,471.70715332,623.038146973,1634.94458008,2022.42163086,2399.38330078,3316.10644531,2199.66723633,2360.24365234,3103.89550781,1180.73291016,661.797302246,661.356689453,137.998062134,188.216903687,128.522720337,37.3210334778,51.0528068542,63.0881538391,108.453742981,139.244415283,88.9226608276,32.7117004395,12.4941825867,7.26517629623,5.23446321487,1.03909158707,0.0976530089974,0.00687324395403,0.00299281720072,0.00116289604921,0.000363539991667,0.000760953000281,0.00118990882766,0.000159650036949,0.00000137630206609],"dvar2":[12.4211015701,44.9358444214,388.588348389,2844.61621094,698.692810059,1090.03479004,1452.57653809,3896.94238281,4433.34716797,5237.79785156,7561.17382812,4957.39501953,5541.40039062,7311.33642578,2710.10107422,1464.27111816,1609.72692871,293.865325928,395.031341553,284.019012451,72.8425979614,98.4463272095,135.822998047,247.135742188,272.550994873,163.909255981,59.6479644775,21.8712501526,13.6395206451,10.7463235855,1.98238039017,0.187734439969,0.015600502491,0.00693166162819,0.00269561633468,0.000835221377201,0.00142655777745,0.00224897265434,0.000269904121524,0.0000021677553832],"max":[18.8848438263,57.7462234497,173.009246826,440.58895874,221.635574341,358.62677002,546.527099609,980.829711914,1029.13708496,1045.69299316,1308.83068848,1191.58447266,1113.3996582,1199.11315918,1191.49829102,684.260375977,897.862121582,246.77053833,390.182525635,287.430297852,162.338943481,165.53692627,422.314544678,592.664978027,319.788543701,403.543579102,122.016098022,63.2316741943,29.3898677826,22.7416534424,12.6631698608,3.99983167648,1.83114278316,1.23151552677,0.765495598316,0.423718512058,0.422123283148,0.492689400911,0.319362908602,0.021914800629],"mean":[0.538214504719,1.48590433598,4.08630943298,7.83588123322,7.55070352554,10.838476181,14.7962036133,20.8507061005,21.2815322876,22.7595500946,25.8846683502,23.2666740417,23.4824943542,25.4302158356,18.6770133972,17.7705955505,16.1434173584,10.127207756,10.644657135,6.56172800064,3.58188891411,3.67158412933,3.30473446846,3.78780627251,4.48355817795,3.62983226776,2.31250047684,1.47310388088,0.993015646935,0.68244177103,0.339958816767,0.12553486228,0.0333970524371,0.0200736578554,0.0124733541161,0.00741207692772,0.0106280762702,0.0113567467779,0.00570321502164,0.0011016955832],"median":[0.0508543401957,0.332027465105,1.08958673477,1.33813381195,2.16213321686,3.20114088058,4.34716272354,4.8770160675,4.30670642853,5.2442688942,5.37143611908,5.15028476715,5.69087219238,5.3220615387,4.90853881836,5.97764110565,5.45280265808,3.65866518021,3.37260365486,1.81991016865,0.837888658047,0.559797406197,0.436376690865,0.494376718998,0.475848257542,0.355120182037,0.224007099867,0.123557440937,0.0760213881731,0.0466598793864,0.0336846224964,0.0174461584538,0.00584784243256,0.00332130631432,0.0020586727187,0.00129106990062,0.00149335653987,0.00099340849556,0.000765046104789,0.000529691111296],"min":[5.401501012e-23,3.40158437918e-22,1.1131906282e-21,2.31388610037e-21,6.93177191761e-21,1.26831094413e-20,3.62945914779e-20,4.06800187423e-20,1.02331928833e-19,1.22207095012e-19,2.76322139316e-19,4.08222989776e-19,5.66473962992e-19,4.57404357263e-19,9.52314117476e-19,1.05334161479e-18,1.49397348927e-18,1.69351716357e-18,2.54455562954e-18,2.27811268923e-18,4.10058120984e-18,3.43899202296e-18,4.5966964307e-18,4.6822029178e-18,6.57768687787e-18,6.47465243359e-18,9.78177056701e-18,9.74101124232e-18,9.5632368938e-18,1.08877557137e-17,1.01891892787e-17,1.12013109326e-17,9.32997030669e-18,8.10710536658e-18,6.20923085454e-18,3.78782752895e-18,2.34820776754e-18,9.00101650031e-19,2.33270283565e-19,2.78484731941e-20],"var":[3.19801306725,12.8798666,145.274429321,1037.23535156,322.273010254,569.711364746,825.551574707,2442.95239258,2780.56933594,3285.31323242,4288.04589844,3060.24975586,2918.95385742,3948.59545898,2077.85571289,1184.86328125,1089.93603516,291.130401611,403.460388184,195.603805542,63.5731544495,81.6104431152,95.9873504639,148.523605347,241.141952515,155.960891724,51.8653373718,19.8366527557,9.99070358276,6.18243455887,1.3384629488,0.132739365101,0.00726127438247,0.00292969262227,0.00113526568748,0.000370190100512,0.00104173505679,0.00156372867059,0.000271572585916,0.00000317909348269]},"erbbands_crest":{"dmean":3.33720779419,"dmean2":5.34912347794,"dvar":9.39891815186,"dvar2":22.2509651184,"max":30.2072143555,"mean":9.22999286652,"median":8.23114204407,"min":2.22645282745,"var":20.8580036163},"erbbands_flatness_db":{"dmean":0.0385107062757,"dmean2":0.0551384538412,"dvar":0.00108321534935,"dvar2":0.00213358155452,"max":0.422442823648,"mean":0.181894093752,"median":0.173895090818,"min":0.0448311008513,"var":0.00385375623591},"erbbands_kurtosis":{"dmean":1.82052326202,"dmean2":2.8879840374,"dvar":7.15025520325,"dvar2":16.4657115936,"max":45.8423881531,"mean":1.38939571381,"median":0.359359264374,"min":-1.66339993477,"var":11.0645999908},"erbbands_skewness":{"dmean":0.557774543762,"dmean2":0.826244950294,"dvar":0.266846954823,"dvar2":0.542494177818,"max":5.47414255142,"mean":0.248342037201,"median":0.272153675556,"min":-5.5542216301,"var":0.948872387409},"erbbands_spread":{"dmean":9.6294002533,"dmean2":14.2941637039,"dvar":96.5104980469,"dvar2":211.177520752,"max":102.533782959,"mean":26.3147907257,"median":22.7127456665,"min":1.70045030117,"var":241.988861084},"gfcc":{"cov":[[31173.484375,2622.48535156,-2028.95739746,82.7180557251,-896.761108398,-143.744064331,-56.0891265869,-406.574554443,-212.896560669,-96.6660385132,-237.716796875,-16.0020103455,-318.770965576],[2622.48535156,1666.32983398,-148.012466431,-662.674316406,-95.7352676392,60.6918869019,-118.271446228,-161.20098877,-34.883480072,64.1302719116,92.4203262329,-188.608673096,80.2124252319],[-2028.95739746,-148.012466431,535.699279785,66.0848236084,-50.8795204163,152.155426025,-111.090568542,152.995880127,-9.44696426392,79.9513778687,16.1568374634,3.43970561028,30.4323196411],[82.7180557251,-662.674316406,66.0848236084,663.941894531,188.00567627,-133.888885498,170.369918823,70.4522094727,67.0142059326,-82.2746810913,-54.615737915,125.57775116,-88.7625350952],[-896.761108398,-95.7352676392,-50.8795204163,188.00567627,319.801239014,-10.0493860245,129.282058716,-9.64912033081,29.7313098907,-73.2152633667,14.0753707886,23.3441677094,19.7882003784],[-143.744064331,60.6918869019,152.155426025,-133.888885498,-10.0493860245,354.069152832,-61.4761352539,71.3717880249,-80.002166748,38.7731933594,-6.82095193863,10.6402463913,72.6937255859],[-56.0891265869,-118.271446228,-111.090568542,170.369918823,129.282058716,-61.4761352539,285.151519775,-47.4791526794,37.5488433838,-80.9558563232,-11.5551147461,51.0336799622,-25.7074813843],[-406.574554443,-161.20098877,152.995880127,70.4522094727,-9.64912033081,71.3717880249,-47.4791526794,226.58883667,43.8099784851,53.27866745,20.8527774811,19.6194343567,22.2848682404],[-212.896560669,-34.883480072,-9.44696426392,67.0142059326,29.7313098907,-80.002166748,37.5488433838,43.8099784851,155.882369995,45.7469520569,13.9876432419,19.0160713196,-38.8116645813],[-96.6660385132,64.1302719116,79.9513778687,-82.2746810913,-73.2152633667,38.7731933594,-80.9558563232,53.27866745,45.7469520569,140.592666626,59.8493728638,-24.8457603455,23.95885849],[-237.716796875,92.4203262329,16.1568374634,-54.615737915,14.0753707886,-6.82095193863,-11.5551147461,20.8527774811,13.9876432419,59.8493728638,88.0528564453,7.67673683167,30.7841472626],[-16.0020103455,-188.608673096,3.43970561028,125.57775116,23.3441677094,10.6402463913,51.0336799622,19.6194343567,19.0160713196,-24.8457603455,7.67673683167,108.218315125,7.64182806015],[-318.770965576,80.2124252319,30.4323196411,-88.7625350952,19.7882003784,72.6937255859,-25.7074813843,22.2848682404,-38.8116645813,23.95885849,30.7841472626,7.64182806015,102.003967285]],"icov":[[0.000167570018675,-0.000533575948793,0.000963946979027,-0.00106700882316,0.000920223013964,-0.000506108743139,0.000206577620702,-0.000191231636563,0.000256318657193,-0.000137067050673,0.0000734812711016,0.00000133862886287,0.00011062015983],[-0.000533575948793,0.00302783260122,-0.00288815353997,0.00360464537516,-0.00195268192329,0.000609329610597,-0.000382794591133,0.00171099614818,-0.00282698264346,0.00303661474027,-0.00325600756332,0.00287644378841,-0.0015975224087],[0.000963946979027,-0.00288815353997,0.00862476043403,-0.00786027871072,0.00681430054829,-0.0048978109844,0.00219303858466,-0.00154962390661,0.000190683727851,0.000599538441747,-0.00204737950116,0.00251369876787,-0.000708438048605],[-0.00106700882316,0.00360464537516,-0.00786027871072,0.0149217024446,-0.013062953949,0.008978234604,-0.00360460882075,-0.00248980917968,0.00602157972753,-0.00937776546925,0.0108968550339,-0.0113319903612,0.00698611419648],[0.000920223013964,-0.00195268192329,0.00681430054829,-0.013062953949,0.0180062968284,-0.0101039195433,0.00215135910548,0.00344073143788,-0.0110247666016,0.0171344969422,-0.0167947616428,0.014897136949,-0.00975784100592],[-0.000506108743139,0.000609329610597,-0.0048978109844,0.008978234604,-0.0101039195433,0.0116347232834,-0.00272354809567,-0.00414939038455,0.0104644903913,-0.0137652093545,0.0147091839463,-0.0125863850117,0.00482050329447],[0.000206577620702,-0.000382794591133,0.00219303858466,-0.00360460882075,0.00215135910548,-0.00272354809567,0.0066292299889,0.00185667083133,-0.00413354532793,0.00609698565677,-0.00488335406408,0.00241478276439,-0.00176766875666],[-0.000191231636563,0.00171099614818,-0.00154962390661,-0.00248980917968,0.00344073143788,-0.00414939038455,0.00185667083133,0.0095635689795,-0.00871133059263,0.00786661077291,-0.00897657684982,0.00734464405105,-0.00598266581073],[0.000256318657193,-0.00282698264346,0.000190683727851,0.00602157972753,-0.0110247666016,0.0104644903913,-0.00413354532793,-0.00871133059263,0.0267514083534,-0.0271958243102,0.0221817605197,-0.0205937437713,0.0151646453887],[-0.000137067050673,0.00303661474027,0.000599538441747,-0.00937776546925,0.0171344969422,-0.0137652093545,0.00609698565677,0.00786661077291,-0.0271958243102,0.0459707938135,-0.0379427969456,0.0286947861314,-0.0166960023344],[0.0000734812711016,-0.00325600756332,-0.00204737950116,0.0108968550339,-0.0167947616428,0.0147091839463,-0.00488335406408,-0.00897657684982,0.0221817605197,-0.0379427969456,0.0482387728989,-0.0289693847299,0.0113532580435],[0.00000133862886287,0.00287644378841,0.00251369876787,-0.0113319903612,0.014897136949,-0.0125863850117,0.00241478276439,0.00734464405105,-0.0205937437713,0.0286947861314,-0.0289693847299,0.036292925477,-0.0163366664201],[0.00011062015983,-0.0015975224087,-0.000708438048605,0.00698611419648,-0.00975784100592,0.00482050329447,-0.00176766875666,-0.00598266581073,0.0151646453887,-0.0166960023344,0.0113532580435,-0.0163366664201,0.0245043653995]],"mean":[-95.8766403198,129.657180786,-85.5225601196,-3.15115427971,-24.1814746857,-9.18494033813,-3.6254491806,-15.081492424,-7.60777282715,-2.68634176254,-4.22449302673,-5.26864528656,-7.94362640381]},"hfc":{"dmean":7.71977710724,"dmean2":10.4003839493,"dvar":115.327453613,"dvar2":200.213729858,"max":141.49887085,"mean":15.8405704498,"median":10.4150419235,"min":1.05820937831e-16,"var":313.845489502},"melbands":{"dmean":[0.00527577102184,0.00214562984183,0.00135626760311,0.000564429967199,0.000446229532827,0.000380157347536,0.000268150499323,0.000217433451326,0.000182558796951,0.000123300938867,0.000102436701127,0.0000916500939638,0.0000531791629328,0.0000360374069714,0.0000352569550159,0.0000206753957173,0.0000127248740682,0.0000129005729832,0.00000908792389964,0.00000497483642903,0.00000303692149828,0.00000320855770042,0.00000262783532889,0.00000256346061178,0.00000260349384007,0.00000270953751169,0.00000300851979773,0.00000189206321011,0.00000130990679281,9.1611047992e-7,7.17131854344e-7,5.65298591937e-7,4.79574850942e-7,3.42333777326e-7,1.95595006858e-7,1.32710653133e-7,4.92119518469e-8,2.40856543599e-8,2.02628900325e-8,1.79153687441e-8],"dmean2":[0.00905086100101,0.003590563545,0.00222472590394,0.000910570204724,0.00069906905992,0.000584347755648,0.000408341613365,0.000333102303557,0.000279901752947,0.000189649334061,0.000159286297276,0.000141843149322,0.0000797143948148,0.0000547191666556,0.0000533687198185,0.0000313811069645,0.0000190991959244,0.0000189436759683,0.000013549230971,0.00000737004575058,0.00000455281815448,0.00000457165197076,0.00000371177111447,0.00000377634228244,0.00000389597153116,0.00000401672923545,0.00000432962042396,0.00000264412460638,0.00000182049382147,0.00000126188433569,9.9108149243e-7,8.00254724709e-7,6.7926811198e-7,4.94169682952e-7,2.8163793786e-7,1.92628206719e-7,7.37517567018e-8,3.9782211303e-8,3.36468097828e-8,2.97518951697e-8],"dvar":[0.000221360503929,0.0000266965034825,0.0000251043566095,0.00000155642044319,7.60694319979e-7,7.18626552043e-7,3.96673101477e-7,3.0569603382e-7,2.15937006942e-7,8.22719599114e-8,6.06108798706e-8,5.29568566776e-8,1.91425311158e-8,6.47255893327e-9,5.36116528949e-9,1.79985837345e-9,5.23866561242e-10,5.83414039301e-10,3.60844076841e-10,1.43202685821e-10,5.12098662087e-11,6.26339397014e-11,4.18986859096e-11,8.98344593159e-11,7.56928478229e-11,7.90847734522e-11,9.67580390809e-11,3.36708716464e-11,1.49854885445e-11,6.93276122274e-12,4.06127128455e-12,2.58749272009e-12,2.3261017678e-12,1.29362829043e-12,3.63826969853e-13,1.61185030167e-13,1.4733457103e-14,3.46762307826e-15,2.54460047597e-15,1.9909196023e-15],"dvar2":[0.000583724060562,0.0000663179453113,0.0000594121738686,0.00000371548026123,0.0000017804975414,0.00000170384612375,8.64128878675e-7,6.82666609464e-7,4.88130751819e-7,1.84580400742e-7,1.41891618455e-7,1.24466666307e-7,4.54146587003e-8,1.42936542602e-8,1.27551817997e-8,4.21031520759e-9,1.15795217859e-9,1.24270072011e-9,8.33386859522e-10,2.95990731924e-10,1.09637188217e-10,1.24883312025e-10,7.96488916488e-11,2.16187040492e-10,1.76699418986e-10,1.76194628332e-10,1.802856614e-10,6.76899092333e-11,2.85265613215e-11,1.25919110208e-11,7.1994879676e-12,4.94033416606e-12,4.60408187269e-12,2.73086371225e-12,6.90644481709e-13,3.21013452365e-13,3.03781115931e-14,8.00023126901e-15,5.89908006951e-15,4.61681279483e-15],"max":[0.139235928655,0.0645941495895,0.0628955885768,0.0220788922161,0.022529464215,0.0194622501731,0.0144750056788,0.013885801658,0.0107517112046,0.00730203976855,0.00540683232248,0.00456323754042,0.00313823646866,0.00241035316139,0.00199454627,0.00149916124064,0.000462109630462,0.000717698945664,0.000547985138837,0.000244638009463,0.000223317169002,0.000214174724533,0.000194857260794,0.000603289459832,0.000473497319035,0.000250225595664,0.000420207594289,0.000217433276703,0.0000908312867978,0.0000537925880053,0.0000377792748623,0.0000171414103534,0.000016247977328,0.00001285244889,0.00000781616836321,0.0000052054660955,0.00000165980532074,0.00000129468207888,0.00000113731312013,0.0000010039375411],"mean":[0.00408428767696,0.0020845127292,0.00132117792964,0.00065748457564,0.000519616587553,0.000467722333269,0.000315135461278,0.000252323923633,0.000209098783671,0.000141856231494,0.000115762697533,0.000103380451037,0.0000669963701512,0.0000478970396216,0.0000458535541839,0.000028120004572,0.0000177586134669,0.0000178799782589,0.0000115782358989,0.00000624743734079,0.00000370937596017,0.00000381224072044,0.00000323713720718,0.00000291331571134,0.00000304560512632,0.00000308938410853,0.00000342410498888,0.00000214230817619,0.00000148743265527,0.0000010773893564,7.97973825684e-7,5.91967477703e-7,4.7775205303e-7,3.29223382778e-7,2.02054224019e-7,1.37142563972e-7,5.04305255333e-8,2.2086856788e-8,1.83526616127e-8,1.62271778237e-8],"median":[0.000491425278597,0.000588193885051,0.000280682404991,0.00020459186635,0.000157388392836,0.00010911480058,0.0000656945630908,0.0000567779934499,0.0000410832399211,0.0000296278085443,0.0000259005519183,0.0000201844013645,0.0000156009136845,0.0000149641655298,0.0000142614244396,0.00000943527447816,0.00000601403189648,0.00000553033260076,0.0000031928664157,0.00000134184642775,7.30410931737e-7,5.75454578211e-7,4.35386027675e-7,3.32012746185e-7,3.97061654667e-7,3.66212759673e-7,2.83557540115e-7,2.12108787423e-7,1.46191922568e-7,9.32812156407e-8,6.08231403021e-8,4.49284698334e-8,3.0401210438e-8,2.39259758672e-8,2.00321075283e-8,1.56550967745e-8,7.69915242671e-9,3.48754136681e-9,2.95338709044e-9,2.60879673419e-9],"min":[6.11915016141e-25,1.30620288801e-24,5.64796009146e-25,8.14234862756e-25,1.42195885812e-24,1.04889223794e-24,1.59816750738e-24,1.09868612435e-24,2.3380908347e-24,2.23364407313e-24,2.33548956587e-24,1.65228198498e-24,2.61868510882e-24,1.63512820459e-24,3.2792377878e-24,3.26485527578e-24,2.15752609552e-24,2.36276778433e-24,3.92736847133e-24,2.69132539312e-24,3.48108224712e-24,3.30078631229e-24,3.02870365013e-24,3.44771106424e-24,2.95211590585e-24,3.45047404956e-24,3.81918448122e-24,3.97249170954e-24,5.54390263274e-24,4.46913131977e-24,4.7768517594e-24,4.89933424785e-24,4.7675171683e-24,5.43210881513e-24,4.76049472853e-24,5.32343770341e-24,5.90856620795e-24,5.0531120317e-24,5.94071702301e-24,6.8040933349e-24],"var":[0.000160951458383,0.0000251729197771,0.0000237095155171,0.00000191101116798,9.92145373857e-7,0.00000108389144771,5.62386162528e-7,4.14990267927e-7,2.82271997776e-7,1.15764436259e-7,7.45685042602e-8,6.68025776918e-8,2.95244735327e-8,1.13859659479e-8,8.3912761184e-9,3.34236971433e-9,9.67309121691e-10,1.19651766273e-9,5.55758550291e-10,2.35983066421e-10,7.45199735253e-11,9.29835722308e-11,7.00514993235e-11,1.19415949351e-10,9.6433312724e-11,1.15423788583e-10,1.73675865356e-10,5.1737475415e-11,2.23418974293e-11,1.12779239073e-11,6.08057397836e-12,3.49661033634e-12,2.89131045494e-12,1.47797345109e-12,4.73140136011e-13,2.01407846564e-13,1.87926439682e-14,3.48150340717e-15,2.48025731219e-15,1.93955234801e-15]},"melbands_crest":{"dmean":5.55532979965,"dmean2":9.03546142578,"dvar":25.0162677765,"dvar2":56.2521629333,"max":39.0094528198,"mean":15.9072380066,"median":14.4794635773,"min":1.61828696728,"var":51.6358413696},"melbands_flatness_db":{"dmean":0.0532563179731,"dmean2":0.0821781829,"dvar":0.00197255075909,"dvar2":0.0047986805439,"max":0.617439627647,"mean":0.297202646732,"median":0.302566856146,"min":0.00318636908196,"var":0.00681679649279},"melbands_kurtosis":{"dmean":19.5237407684,"dmean2":32.740234375,"dvar":2424.15087891,"dvar2":6487.47119141,"max":928.01159668,"mean":18.4485645294,"median":6.29960250854,"min":-1.90478765965,"var":1901.1114502},"melbands_skewness":{"dmean":1.51192128658,"dmean2":2.28412365913,"dvar":3.5562915802,"dvar2":8.25327777863,"max":25.3902339935,"mean":2.67212247849,"median":2.12442493439,"min":-1.77645814419,"var":5.92184591293},"melbands_spread":{"dmean":7.11782121658,"dmean2":11.0349569321,"dvar":119.463066101,"dvar2":258.707275391,"max":178.733428955,"mean":15.9266033173,"median":10.2587928772,"min":0.25610512495,"var":465.983398438},"mfcc":{"cov":[[10964.2539062,1581.95385742,-543.219543457,650.020385742,-562.498535156,384.260864258,-208.051757812,204.653152466,-136.537414551,80.2917785645,-94.8288269043,-43.6578407288,-79.2646179199],[1581.95385742,2366.0378418,75.9700698853,-575.434387207,-26.7558135986,17.6874828339,78.8302078247,-311.861602783,-103.912567139,107.321121216,1.61220991611,-73.758972168,-29.2551040649],[-543.219543457,75.9700698853,506.537139893,-157.777374268,82.6582107544,-61.61302948,-3.69239926338,-61.0817756653,26.3011016846,8.19787120819,65.9769210815,30.2553024292,-1.87319219112],[650.020385742,-575.434387207,-157.777374268,770.237915039,-20.0255126953,36.0567016602,-48.2277565002,209.086914062,30.9042072296,-11.5079288483,12.756026268,52.3629760742,32.6400985718],[-562.498535156,-26.7558135986,82.6582107544,-20.0255126953,271.593322754,-13.6902389526,44.5787277222,10.0480451584,48.28748703,-6.29455375671,20.5397586823,21.5728225708,27.3776321411],[384.260864258,17.6874828339,-61.61302948,36.0567016602,-13.6902389526,211.68838501,67.6290893555,66.7556228638,2.2919216156,-11.6784315109,-55.1677207947,-24.0279483795,-1.52760207653],[-208.051757812,78.8302078247,-3.69239926338,-48.2277565002,44.5787277222,67.6290893555,197.820724487,38.0035858154,23.1652450562,-16.9195613861,-39.3618621826,-29.3348712921,7.05566120148],[204.653152466,-311.861602783,-61.0817756653,209.086914062,10.0480451584,66.7556228638,38.0035858154,236.523605347,71.4939880371,-38.6207237244,-21.1078224182,21.9949607849,15.7701044083],[-136.537414551,-103.912567139,26.3011016846,30.9042072296,48.28748703,2.2919216156,23.1652450562,71.4939880371,96.4756622314,15.4839391708,11.9246177673,21.6673412323,13.098649025],[80.2917785645,107.321121216,8.19787120819,-11.5079288483,-6.29455375671,-11.6784315109,-16.9195613861,-38.6207237244,15.4839391708,95.3915634155,49.3823852539,7.37956571579,2.59332036972],[-94.8288269043,1.61220991611,65.9769210815,12.756026268,20.5397586823,-55.1677207947,-39.3618621826,-21.1078224182,11.9246177673,49.3823852539,104.018951416,50.8924217224,11.6943778992],[-43.6578407288,-73.758972168,30.2553024292,52.3629760742,21.5728225708,-24.0279483795,-29.3348712921,21.9949607849,21.6673412323,7.37956571579,50.8924217224,81.410987854,32.2749252319],[-79.2646179199,-29.2551040649,-1.87319219112,32.6400985718,27.3776321411,-1.52760207653,7.05566120148,15.7701044083,13.098649025,2.59332036972,11.6943778992,32.2749252319,53.4447441101]],"icov":[[0.000160579904332,-0.000179371185368,0.0000517369808222,-0.00017223287432,0.000208536337595,-0.000219985115109,0.000250819924986,-0.000231658006669,0.0000840692373458,-0.000071412010584,0.0000743483979022,-0.0000897231657291,0.000189878992387],[-0.000179371185368,0.00081020174548,-0.0000551098382857,0.000507911143359,-0.000228157747188,0.000103143895103,-0.00055890128715,0.000636006996501,0.00035657468834,-0.000629961898085,0.0000676689087413,0.0000639791687718,-0.000238984648604],[0.0000517369808222,-0.0000551098382857,0.00256645609625,0.000351793540176,-0.000373421091354,-0.0000343025676557,-0.00000761546925787,0.000573750468902,-0.00103850755841,0.001177824568,-0.00187349971384,-0.0001956417982,0.000669148634188],[-0.00017223287432,0.000507911143359,0.000351793540176,0.00234504113905,-0.000303421576973,0.000247604941251,0.00022204410925,-0.00166405690834,0.00112833559979,-0.000829699507449,-0.000193650004803,-0.00040608656127,-0.000721725868061],[0.000208536337595,-0.000228157747188,-0.000373421091354,-0.000303421576973,0.00496644154191,-0.000275820988463,-0.000604278233368,0.000641305232421,-0.00252568186261,0.00159350212198,-0.00125201279297,0.000462030962808,-0.00176821090281],[-0.000219985115109,0.000103143895103,-0.0000343025676557,0.000247604941251,-0.000275820988463,0.00707305595279,-0.00196416256949,-0.0021226068493,0.00183527090121,-0.00243843486533,0.00375035009347,-0.000814707425889,0.000146756516187],[0.000250819924986,-0.00055890128715,-0.00000761546925787,0.00022204410925,-0.000604278233368,-0.00196416256949,0.00747246388346,-0.00134945835453,-0.00132570520509,0.000766712008044,0.000424106954597,0.00292812031694,-0.00197808258235],[-0.000231658006669,0.000636006996501,0.000573750468902,-0.00166405690834,0.000641305232421,-0.0021226068493,-0.00134945835453,0.0107868900523,-0.00774593185633,0.00507846288383,-0.00124102178961,-0.000447851256467,-0.00015897861158],[0.0000840692373458,0.00035657468834,-0.00103850755841,0.00112833559979,-0.00252568186261,0.00183527090121,-0.00132570520509,-0.00774593185633,0.0198159012944,-0.00838118884712,0.00369860418141,-0.00425382982939,0.0007108724094],[-0.000071412010584,-0.000629961898085,0.001177824568,-0.000829699507449,0.00159350212198,-0.00243843486533,0.000766712008044,0.00507846288383,-0.00838118884712,0.0205499120057,-0.0127088557929,0.00655690394342,-0.00251030828804],[0.0000743483979022,0.0000676689087413,-0.00187349971384,-0.000193650004803,-0.00125201279297,0.00375035009347,0.000424106954597,-0.00124102178961,0.00369860418141,-0.0127088557929,0.0252233091742,-0.0143934329972,0.00414178334177],[-0.0000897231657291,0.0000639791687718,-0.0001956417982,-0.00040608656127,0.000462030962808,-0.000814707425889,0.00292812031694,-0.000447851256467,-0.00425382982939,0.00655690394342,-0.0143934329972,0.0283822845668,-0.0136372912675],[0.000189878992387,-0.000238984648604,0.000669148634188,-0.000721725868061,-0.00176821090281,0.000146756516187,-0.00197808258235,-0.00015897861158,0.0007108724094,-0.00251030828804,0.00414178334177,-0.0136372912675,0.0278207473457]],"mean":[-744.251525879,182.344772339,-1.83535206318,21.9888763428,-4.02603292465,15.2803487778,5.60618448257,1.11620903015,-3.27645540237,7.13296175003,0.921619236469,-0.396239250898,1.59201836586]},"pitch_salience":{"dmean":0.124078825116,"dmean2":0.200207665563,"dvar":0.0116679240018,"dvar2":0.0276657380164,"max":0.934078812599,"mean":0.566386044025,"median":0.596704781055,"min":0.0504741370678,"var":0.023956945166},"silence_rate_20dB":{"dmean":0,"dmean2":0,"dvar":0,"dvar2":0,"max":1,"mean":1,"median":1,"min":1,"var":0},"silence_rate_30dB":{"dmean":0.108455687761,"dmean2":0.216934621334,"dvar":0.0966981723905,"dvar2":0.189829036593,"max":1,"mean":0.894234895706,"median":1,"min":0,"var":0.0945759415627},"silence_rate_60dB":{"dmean":0.0658021643758,"dmean2":0.131618440151,"dvar":0.0614749491215,"dvar2":0.149670392275,"max":1,"mean":0.117016717792,"median":0,"min":0,"var":0.103326626122},"spectral_centroid":{"dmean":266.630401611,"dmean2":399.291717529,"dvar":155155.71875,"dvar2":278154.25,"max":11856.6582031,"mean":1019.59100342,"median":631.806030273,"min":147.785949707,"var":2274723.5},"spectral_complexity":{"dmean":4.08916521072,"dmean2":5.50632381439,"dvar":22.4873046875,"dvar2":33.5845031738,"max":56,"mean":12.3561935425,"median":11,"min":0,"var":76.8295211792},"spectral_contrast_coeffs":{"dmean":[0.0646371841431,0.0547829680145,0.0429538823664,0.0355872698128,0.0263255760074,0.0510547719896],"dmean2":[0.102259092033,0.0865430086851,0.0673218145967,0.0542585998774,0.0410688072443,0.0755948200822],"dvar":[0.00277059571818,0.00197259709239,0.001303083729,0.000907012959942,0.00050966325216,0.00261288555339],"dvar2":[0.00655262963846,0.00475887348875,0.00299266516231,0.00197295984253,0.00115570623893,0.00516724819317],"max":[-0.34457680583,-0.43946325779,-0.54464840889,-0.587334036827,-0.637905776501,-0.418512403965],"mean":[-0.689946174622,-0.773224473,-0.815081655979,-0.815375089645,-0.849874675274,-0.779532790184],"median":[-0.694892883301,-0.783617675304,-0.824412703514,-0.823359251022,-0.849932193756,-0.807598114014],"min":[-0.979122877121,-0.977587938309,-0.980835318565,-0.977227628231,-0.968306541443,-0.964523136616],"var":[0.00936848204583,0.00629136757925,0.00407142005861,0.00327650993131,0.00181371916551,0.00785950664431]},"spectral_contrast_valleys":{"dmean":[0.514844119549,0.494384795427,0.469588637352,0.432984888554,0.544976711273,0.820689976215],"dmean2":[0.789428532124,0.733667969704,0.666070342064,0.589814484119,0.739854991436,1.30930995941],"dvar":[0.196501165628,0.188571155071,0.174896091223,0.158121049404,0.256257265806,0.52246260643],"dvar2":[0.393702745438,0.368005365133,0.327933430672,0.271289616823,0.459338217974,1.24207425117],"max":[-4.88538074493,-4.332010746,-4.97997999191,-5.83210277557,-5.81872272491,-8.68554496765],"mean":[-7.52690935135,-7.11916160583,-7.67969322205,-8.39671421051,-8.85346794128,-12.0607252121],"median":[-7.11396169662,-6.62049484253,-7.19060230255,-7.98754405975,-8.52374458313,-11.7276144028],"min":[-28.4016208649,-27.9473705292,-27.8933525085,-27.8958816528,-27.5193939209,-27.4067974091],"var":[8.5018825531,8.92689228058,8.41022968292,7.73300218582,7.62775659561,5.74757623672]},"spectral_decrease":{"dmean":7.84601539294e-9,"dmean2":1.24216112951e-8,"dvar":2.43380517833e-16,"dvar2":5.99055899253e-16,"max":9.10443633631e-16,"mean":-8.97822083346e-9,"median":-3.58554741453e-9,"min":-1.43937626262e-7,"var":2.39533850052e-16},"spectral_energy":{"dmean":0.0301851984113,"dmean2":0.0476061999798,"dvar":0.00352913048118,"dvar2":0.00866253208369,"max":0.546138167381,"mean":0.0353227294981,"median":0.0145163908601,"min":9.88556522258e-21,"var":0.00353123107925},"spectral_energyband_high":{"dmean":0.000142337594298,"dmean2":0.000189364218386,"dvar":1.3503630214e-7,"dvar2":2.29494929727e-7,"max":0.00623678136617,"mean":0.000168102516909,"median":0.0000219880166696,"min":6.83873106236e-21,"var":2.21647113108e-7},"spectral_energyband_low":{"dmean":0.0237687788904,"dmean2":0.0396133996546,"dvar":0.00296531827189,"dvar2":0.00754047138616,"max":0.481685012579,"mean":0.0205516796559,"median":0.00378904119134,"min":7.55389458126e-24,"var":0.00244546821341},"spectral_energyband_middle_high":{"dmean":0.00161677633878,"dmean2":0.00217988830991,"dvar":0.00000679482400301,"dvar2":0.000013095777831,"max":0.0422071255744,"mean":0.002634257311,"median":0.00109975493979,"min":1.14620999804e-21,"var":0.0000167759408214},"spectral_energyband_middle_low":{"dmean":0.00784416310489,"dmean2":0.0114593626931,"dvar":0.000227843309403,"dvar2":0.000512615370099,"max":0.174303218722,"mean":0.01165301539,"median":0.00526627385989,"min":1.49039137414e-22,"var":0.000343888823409},"spectral_entropy":{"dmean":0.320638686419,"dmean2":0.466169238091,"dvar":0.0797091722488,"dvar2":0.160522893071,"max":9.82420825958,"mean":7.1544675827,"median":7.14962625504,"min":4.78311157227,"var":0.407819807529},"spectral_flux":{"dmean":0.0545575544238,"dmean2":0.0891994088888,"dvar":0.00563362985849,"dvar2":0.0133223636076,"max":0.646012663841,"mean":0.116932086647,"median":0.0870792195201,"min":6.26092927503e-11,"var":0.00965857319534},"spectral_kurtosis":{"dmean":8.91044616699,"dmean2":13.680472374,"dvar":121.341201782,"dvar2":287.875366211,"max":143.08946228,"mean":19.7007236481,"median":15.2310829163,"min":-1.26540470123,"var":231.204620361},"spectral_rms":{"dmean":0.00196761474945,"dmean2":0.00283535965718,"dvar":0.00000696890401741,"dvar2":0.0000150452824528,"max":0.023082844913,"mean":0.00466264272109,"median":0.00376328732818,"min":3.10555205683e-12,"var":0.0000127208559206},"spectral_rolloff":{"dmean":599.259155273,"dmean2":1052.70629883,"dvar":3966999,"dvar2":10974453,"max":22050,"mean":1356.14440918,"median":624.462890625,"min":21.533203125,"var":10559590},"spectral_skewness":{"dmean":0.688503324986,"dmean2":0.991494357586,"dvar":0.473772376776,"dvar2":1.00154399872,"max":9.01931190491,"mean":2.93603658676,"median":2.79695320129,"min":-0.0939364284277,"var":1.56637179852},"spectral_spread":{"dmean":748657.9375,"dmean2":1146245.75,"dvar":638009671680,"dvar2":1419516575740,"max":43730864,"mean":3778009.25,"median":3046774.5,"min":749464.875,"var":26582487924700},"spectral_strongpeak":{"dmean":0.43532961607,"dmean2":0.715589165688,"dvar":0.487997949123,"dvar2":1.2517002821,"max":17.1873092651,"mean":0.540537834167,"median":0.24077706039,"min":0,"var":0.610460400581},"zerocrossingrate":{"dmean":0.0217563807964,"dmean2":0.0265502016991,"dvar":0.000430896645412,"dvar2":0.00060951669002,"max":0.52587890625,"mean":0.0864454582334,"median":0.06884765625,"min":0,"var":0.0054338099435}},"metadata":{"audio_properties":{"analysis_sample_rate":44100,"bit_rate":256000,"codec":"mp3","downmix":"mix","equal_loudness":0,"length":216.659591675,"lossless":false,"md5_encoded":"ad9afc2380a1baab4a280f84793dc568","replay_gain":0.942312240601,"sample_rate":44100},"tags":{"album":["The Great Adventures of Slick Rick"],"artist":["Slick Rick"],"date":["1988"],"file_name":"04 - Slick Rick - The Moment I Feared.mp3","musicbrainz_albumid":["35d3b74a-97a8-41cc-bb0b-b3c30b1279b6"],"musicbrainz_artistid":["486af4f0-a79b-468f-be73-527cd4caf6ea"],"musicbrainz_recordingid":["23b77028-37ae-47e1-981d-3e1451932429"],"title":["The Moment I Feared"],"tracknumber":["04/12"]},"version":{"essentia":"2.1-beta1","essentia_build_sha":"5a811adb4c06fd6d02ca903f7349a26d851abfa8","essentia_git_sha":"v2.1_beta1-34-gf95df8b","extractor":"music 1.0"}},"rhythm":{"beats_count":332,"beats_loudness":{"dmean":0.0730568692088,"dmean2":0.134199276567,"dvar":0.00324300955981,"dvar2":0.0105402693152,"max":0.290649741888,"mean":0.07588724792,"median":0.0693300589919,"min":0,"var":0.00368086644448},"beats_loudness_band_ratio":{"dmean":[0.268814444542,0.141496911645,0.122103735805,0.0731331780553,0.0311796925962,0.044419683516],"dmean2":[0.424634814262,0.242838799953,0.222526594996,0.128564611077,0.0554009005427,0.0805379897356],"dvar":[0.0328534953296,0.0160009916872,0.0222028698772,0.00667234044522,0.00134357309435,0.0040760403499],"dvar2":[0.099317908287,0.0425901971757,0.0641682073474,0.0180798918009,0.00348509126343,0.0106186931953],"max":[0.979490160942,0.839200496674,0.817655801773,0.555065870285,0.302283316851,0.620788097382],"mean":[0.592859447002,0.173835456371,0.115925580263,0.0784898325801,0.0309988539666,0.0405334085226],"median":[0.641260206699,0.145153969526,0.0777136087418,0.0579063482583,0.0216091778129,0.0286775175482],"min":[0,0,0,0,0,0],"var":[0.0575844869018,0.0189527273178,0.0181660745293,0.00643410580233,0.00128154316917,0.00334888417274]},"beats_position":[0.615328788757,1.26548755169,1.93886613846,2.623