{"lowlevel":{"average_loudness":0.877360522747,"barkbands":{"dmean":[0.00298090162687,0.00630571227521,0.00139091804158,0.000725338875782,0.00144529412501,0.000680180324707,0.000767491583247,0.000447341066319,0.000663537764922,0.000628280162346,0.000426583865192,0.000449665123597,0.000578596605919,0.000596321944613,0.000522077723872,0.000295387930237,0.000257833075011,0.000168652797583,0.00020970517653,0.00017805173411,0.000155557470862,0.0000657638302073,0.0000411036562582,0.0000224017676373,0.00000196900441551,0.00004171582259,0.000262797839241],"dmean2":[0.00507060717791,0.0105026047677,0.00239945086651,0.00123495270964,0.00232838094234,0.00109143240843,0.00121675780974,0.00072891684249,0.00107122410554,0.00101063214242,0.000678623619024,0.000716578622814,0.000934515905101,0.000949947279878,0.000838408072013,0.000474240427138,0.000414469599491,0.0002622535103,0.000324526597979,0.0002726285893,0.000234004473896,0.0000975677830866,0.0000600082166784,0.0000317693702527,0.00000320644767271,0.0000581841050007,0.000368346169125],"dvar":[0.0000354649346264,0.000132532790303,0.00000789370369603,0.00000185624833193,0.00000562654986425,0.00000111523866053,0.00000214867509385,0.00000117138529276,0.00000194251015273,0.00000162304149853,6.18724584456e-7,6.58434885281e-7,7.87922488144e-7,8.2691320813e-7,7.01346777987e-7,2.89693048217e-7,3.05931564526e-7,1.46261143641e-7,3.74699538952e-7,1.687408826e-7,1.22633380784e-7,1.67969158582e-8,5.44340750253e-9,1.73997516395e-9,1.00698486008e-11,6.63376242827e-9,1.58882471624e-7],"dvar2":[0.000091365109256,0.000350404152414,0.0000217167453229,0.00000485318878418,0.000013546741684,0.00000266955953521,0.00000498864619658,0.00000290669413516,0.00000483434268972,0.00000388239186577,0.00000162337585152,0.00000171292106188,0.00000202090814128,0.00000207030598176,0.00000174584499746,6.99145516592e-7,7.6620932532e-7,3.23592757923e-7,8.07800063285e-7,3.29448170078e-7,2.4207054139e-7,3.38741017458e-8,1.08720907832e-8,3.51329543236e-9,2.43719402299e-11,1.35316469141e-8,2.81127626067e-7],"max":[0.0837184265256,0.117816396058,0.0388468317688,0.0351134873927,0.0436400100589,0.0196428392082,0.0344323329628,0.0236483663321,0.0268677137792,0.034032523632,0.018233479932,0.0303446482867,0.0119660487399,0.0153337465599,0.0141492579132,0.0110972337425,0.0263827219605,0.0188373886049,0.027710320428,0.0210616663098,0.0134360352531,0.00388293131255,0.00209184898995,0.000962174381129,0.0000560800253879,0.00160252628848,0.0162332747132],"mean":[0.00297390203923,0.00754364626482,0.00154836231377,0.00087888649432,0.0022194951307,0.00109962781426,0.00121310399845,0.000668855907861,0.00108057132456,0.0009986825753,0.000660159566905,0.000765203381889,0.000986180384643,0.00101830228232,0.000895486446097,0.000491607002914,0.000447842408903,0.000331363233272,0.000378576951334,0.000357176642865,0.000328159803757,0.000159031566,0.000100494929939,0.0000441213887825,0.00000227393184105,0.0000800395937404,0.000938127515838],"median":[0.00129062857013,0.00431428896263,0.000778825895395,0.000418114039348,0.00108842283953,0.000654720119201,0.000530794495717,0.000272746226983,0.000404863909353,0.000409972039051,0.000291257892968,0.000419555959525,0.000542089983355,0.000584167079069,0.000516637810506,0.000251033750828,0.000202647264814,0.000157668415341,0.00017577772087,0.000177834488568,0.000169941835338,0.0000901071252883,0.000046750454203,0.0000207779685297,0.00000108714834823,0.0000353109062416,0.000662919948809],"min":[2.18854296247e-23,4.65249257085e-24,1.25277824955e-23,1.08657069996e-23,7.8453239388e-23,2.86190816251e-23,1.06172418469e-23,6.44541326966e-23,6.00805363767e-23,1.22759933985e-22,1.59624489559e-22,1.10710721057e-22,1.31092943095e-22,1.56047554401e-22,1.81689964063e-22,1.14922682933e-22,1.27005166858e-22,2.57225907471e-22,3.01110504686e-22,2.24990122632e-22,3.73203530937e-22,6.29828970109e-22,7.09088917591e-22,1.10103131553e-21,9.57848795071e-22,1.99798994419e-21,2.01947119462e-21],"var":[0.0000312952361128,0.000116648734547,0.0000067451983341,0.00000205026071853,0.00000996915332507,0.00000193361324818,0.00000472067904411,0.00000203507647711,0.00000399149848818,0.0000033399799122,0.00000116728290322,0.00000126243639897,0.00000161704952006,0.00000171633757873,0.00000144311934491,5.93017091433e-7,5.74925877572e-7,4.13628839624e-7,9.85811993814e-7,5.67984614008e-7,4.08545503205e-7,5.60974484642e-8,2.07562731447e-8,4.51502613075e-9,1.20910885471e-11,1.61382480712e-8,0.00000106725269688]},"barkbands_crest":{"dmean":2.6213517189,"dmean2":4.24482679367,"dvar":5.38065338135,"dvar2":13.6967277527,"max":25.7486763,"mean":8.32849884033,"median":7.4192905426,"min":2.20499062538,"var":14.3019285202},"barkbands_flatness_db":{"dmean":0.0186728611588,"dmean2":0.0297910384834,"dvar":0.000338612182532,"dvar2":0.000893048883881,"max":0.338221997023,"mean":0.0841656476259,"median":0.0781371071935,"min":0.0195701345801,"var":0.000958741118666},"barkbands_kurtosis":{"dmean":1.97112798691,"dmean2":3.26281619072,"dvar":14.5155477524,"dvar2":33.7533035278,"max":197.606277466,"mean":2.26003575325,"median":0.98377007246,"min":-1.85740876198,"var":24.5382461548},"barkbands_skewness":{"dmean":0.490840226412,"dmean2":0.782564878464,"dvar":0.272749662399,"dvar2":0.687626004219,"max":13.7614679337,"mean":1.38680636883,"median":1.23054611683,"min":-2.88275551796,"var":0.760643303394},"barkbands_spread":{"dmean":7.97937679291,"dmean2":12.6241950989,"dvar":54.9547805786,"dvar2":132.70072937,"max":133.95866394,"mean":42.0032577515,"median":40.2311439514,"min":2.40736436844,"var":240.923294067},"dissonance":{"dmean":0.0114431837574,"dmean2":0.0194856859744,"dvar":0.000116037444968,"dvar2":0.000322348671034,"max":0.500000059605,"mean":0.481874138117,"median":0.485227644444,"min":0.336724609137,"var":0.000191728526261},"dynamic_complexity":3.51584815979,"erbbands":{"dmean":[0.327322989702,0.950691342354,1.6319258213,2.06716179848,3.39570450783,5.32388210297,6.41747236252,5.56389141083,10.2678194046,11.6636800766,9.29237937927,15.0180797577,16.0180091858,19.5750179291,15.669801712,16.2446365356,25.5999088287,28.0168380737,30.8999252319,19.5147895813,17.0192680359,12.2532186508,9.48250770569,10.9868001938,8.66585922241,8.42633056641,7.46971607208,5.1564745903,2.59019565582,1.66916179657,1.03132236004,0.60646802187,0.286627352238,0.0370523110032,0.0133665315807,0.05918013677,0.0946695208549,0.0581439137459,0.0250904113054,0.0054446272552],"dmean2":[0.554543435574,1.58414340019,2.78252029419,3.52045822144,5.59619569778,8.63720703125,10.1919498444,8.95871067047,16.5634174347,18.523235321,15.0736904144,24.3010654449,26.0150299072,31.1301422119,24.8231525421,26.0064201355,41.6262702942,43.9257888794,49.4018478394,31.5195522308,26.5774078369,19.5811405182,14.9149913788,16.9122982025,13.2297592163,12.8460273743,11.5266990662,7.78509902954,3.83517313004,2.47587537766,1.4894721508,0.863761126995,0.407218933105,0.0559221021831,0.0212997794151,0.0846470296383,0.132239982486,0.0806125476956,0.0345890261233,0.00771429343149],"dvar":[0.452075779438,2.43986558914,10.1657705307,16.8275623322,31.4349212646,88.0470046997,150.783157349,68.6006393433,409.442687988,681.683349609,477.457397461,1059.14147949,1159.76037598,1753.73498535,765.98236084,651.60760498,1661.62243652,1944.06237793,2543.44799805,924.13104248,1155.92016602,512.657348633,386.835021973,1070.3248291,484.415588379,439.746185303,336.086761475,121.974449158,24.743730545,9.33578300476,3.1797606945,1.16474997997,0.321876555681,0.00358976447023,0.000460842682514,0.0152161372826,0.0378787703812,0.00913992151618,0.00217360630631,0.0000746836740291],"dvar2":[1.2062599659,6.49589967728,27.5906028748,44.9142074585,78.7755661011,212.538742065,344.084075928,169.609802246,965.334106445,1571.73730469,1183.70056152,2645.45776367,2844.45166016,4412.10009766,2017.50805664,1663.78881836,4272.66894531,4675.90380859,6351.54638672,2446.61206055,2647.6003418,1252.92871094,870.840148926,2408.02001953,945.102050781,893.872192383,681.314575195,238.474090576,47.9417724609,18.7575149536,6.21090984344,2.34382843971,0.661890566349,0.00790304131806,0.00110046449117,0.031926356256,0.0777637958527,0.0183496959507,0.0035544205457,0.000136374655995],"max":[6.56456518173,19.0484886169,42.661655426,81.6069564819,118.356163025,226.489746094,256.60559082,161.968643188,498.64239502,692.868591309,612.154418945,709.143127441,860.971435547,1015.48376465,846.323120117,638.950134277,625.415222168,891.882507324,817.542114258,572.190551758,752.746398926,865.977233887,782.63269043,1623.60681152,1117.36303711,1151.76525879,798.187194824,386.581268311,153.40045166,80.5488052368,53.2875595093,25.4007205963,13.6070432663,1.16839385033,0.309256792068,2.61970877647,4.36422491074,1.91845619678,2.58126401901,0.412992954254],"mean":[0.362735301256,1.12431359291,1.88745439053,2.58544325829,4.70583534241,7.49161195755,9.55807113647,9.16600608826,15.4911003113,18.1515102386,15.4675741196,24.515750885,26.7726306915,33.3480567932,28.9290561676,29.7405891418,44.9870300293,51.9551010132,54.231918335,35.037776947,29.2660598755,23.2176914215,19.1807937622,20.9092483521,16.6560134888,17.1729393005,14.9263734818,11.1366605759,6.19483089447,4.07179880142,2.49335217476,1.29910421371,0.517445385456,0.0571955777705,0.017125857994,0.092993862927,0.175261929631,0.131456002593,0.0752596333623,0.0233904011548],"median":[0.177319467068,0.651996791363,1.00779271126,1.31855428219,2.37504315376,3.39252662659,4.26811075211,5.51497459412,6.9246263504,7.34395742416,6.58870077133,9.13958454132,11.6703577042,14.5827569962,15.0224895477,18.2609729767,25.9032325745,30.9285488129,31.0544948578,21.1978473663,13.6392297745,11.2968330383,9.51655483246,9.77883052826,8.36776542664,8.48907184601,7.52611017227,5.9135518074,3.52748060226,2.01268434525,1.20729732513,0.613577246666,0.239348515868,0.0303408317268,0.00878935400397,0.0372608304024,0.076472312212,0.0719559341669,0.046616718173,0.0172842498869],"min":[9.05873968579e-23,1.34681260569e-21,8.80071865701e-21,4.08998904577e-20,1.65989829458e-19,2.67064385599e-19,1.88913963987e-19,2.79950411976e-19,1.38177561571e-19,5.430372996e-19,1.48851399383e-18,1.32437633809e-18,4.16636233446e-18,5.3556693843e-18,3.82697426503e-18,4.82859403388e-18,7.25423500575e-18,7.00548442476e-18,1.0072468304e-17,7.41352021322e-18,6.78391706665e-18,7.80942870673e-18,1.65750103728e-17,1.17847255546e-17,1.46790743585e-17,1.35407547216e-17,1.47177814481e-17,1.53970125362e-17,2.10272934762e-17,2.41444987992e-17,2.05721290723e-17,2.10556674256e-17,1.80777775157e-17,8.71610220333e-18,8.72522269676e-18,6.56550622976e-18,4.18051746269e-18,1.16388841e-18,2.49823925381e-19,3.44697179555e-20],"var":[0.371635228395,2.24451828003,8.98882198334,16.8419876099,48.5369148254,140.317306519,264.880401611,128.877288818,813.750976562,1414.40551758,934.752868652,2133.49536133,2390.47338867,3420.94873047,1687.6439209,1349.2689209,3264.28295898,4407.12207031,5151.16064453,1832.84069824,2456.87866211,1189.08520508,1127.51647949,2667.80737305,1550.21936035,1393.41491699,1061.6373291,401.722686768,87.279876709,34.8577537537,11.1680879593,3.38254261017,0.727353513241,0.00671172374859,0.000603223685175,0.0300299134105,0.085610575974,0.0309387482703,0.0125711141154,0.000527953845449]},"erbbands_crest":{"dmean":2.02270412445,"dmean2":3.31242394447,"dvar":3.74302768707,"dvar2":9.32905864716,"max":29.6732215881,"mean":6.66972541809,"median":6.02385234833,"min":1.97347557545,"var":7.99017715454},"erbbands_flatness_db":{"dmean":0.0140342637897,"dmean2":0.0207385402173,"dvar":0.000156939015142,"dvar2":0.000311125011649,"max":0.273285478354,"mean":0.113102406263,"median":0.110652431846,"min":0.0205373093486,"var":0.000762928393669},"erbbands_kurtosis":{"dmean":0.670389175415,"dmean2":1.04327881336,"dvar":0.66668856144,"dvar2":1.42032265663,"max":20.4916629791,"mean":0.351039916277,"median":0.0250204075128,"min":-1.50947320461,"var":1.68102300167},"erbbands_skewness":{"dmean":0.273101121187,"dmean2":0.422430574894,"dvar":0.0550674386322,"dvar2":0.123718753457,"max":3.16407608986,"mean":-0.103288300335,"median":-0.084111623466,"min":-2.97059750557,"var":0.237197950482},"erbbands_spread":{"dmean":6.0150346756,"dmean2":9.32782554626,"dvar":27.3847312927,"dvar2":60.9294662476,"max":101.834350586,"mean":32.7968406677,"median":31.7453174591,"min":3.67848420143,"var":122.290557861},"gfcc":{"cov":[[14714.3916016,499.960906982,-365.243804932,105.504425049,-9.58179473877,-239.971206665,100.735496521,-276.978240967,62.0672988892,-157.905776978,-44.1832542419,43.9281349182,-126.663948059],[499.960906982,565.072998047,-72.6775970459,-91.8781967163,127.358779907,-19.4140357971,48.0065307617,-72.5009689331,55.1591911316,2.49511241913,42.5925979614,-41.6311759949,50.3350524902],[-365.243804932,-72.6775970459,225.958877563,81.0924758911,-19.4123764038,48.2774162292,-35.1390037537,50.0662002563,-30.8459129333,9.72197628021,-2.61453652382,13.6185865402,-10.713183403],[105.504425049,-91.8781967163,81.0924758911,164.479736328,20.5587387085,-14.714556694,31.1461391449,2.16379213333,-26.8860416412,-11.3566217422,-4.21386194229,16.7455730438,-11.4750699997],[-9.58179473877,127.358779907,-19.4123764038,20.5587387085,139.464538574,38.1130447388,28.8714179993,-21.6012210846,8.34123897552,3.70973086357,21.5128192902,-6.18240213394,21.2828979492],[-239.971206665,-19.4140357971,48.2774162292,-14.714556694,38.1130447388,130.313858032,-3.47008895874,34.0097694397,-0.682848632336,29.1576557159,7.65085744858,9.55632686615,5.78331327438],[100.735496521,48.0065307617,-35.1390037537,31.1461391449,28.8714179993,-3.47008895874,99.7956085205,-6.51840400696,22.189868927,-0.396447300911,13.1214780807,2.82641029358,5.10414552689],[-276.978240967,-72.5009689331,50.0662002563,2.16379213333,-21.6012210846,34.0097694397,-6.51840400696,103.695228577,23.8823471069,27.3169002533,0.246044442058,5.60605764389,3.3105866909],[62.0672988892,55.1591911316,-30.8459129333,-26.8860416412,8.34123897552,-0.682848632336,22.189868927,23.8823471069,94.4771499634,39.9625511169,21.1791343689,5.09892654419,-5.37949085236],[-157.905776978,2.49511241913,9.72197628021,-11.3566217422,3.70973086357,29.1576557159,-0.396447300911,27.3169002533,39.9625511169,79.7836837769,37.3085365295,4.28262853622,4.6396355629],[-44.1832542419,42.5925979614,-2.61453652382,-4.21386194229,21.5128192902,7.65085744858,13.1214780807,0.246044442058,21.1791343689,37.3085365295,56.5685043335,18.714056015,9.50401687622],[43.9281349182,-41.6311759949,13.6185865402,16.7455730438,-6.18240213394,9.55632686615,2.82641029358,5.60605764389,5.09892654419,4.28262853622,18.714056015,46.9840621948,12.5679197311],[-126.663948059,50.3350524902,-10.713183403,-11.4750699997,21.2828979492,5.78331327438,5.10414552689,3.3105866909,-5.37949085236,4.6396355629,9.50401687622,12.5679197311,55.7088394165]],"icov":[[0.0000874462057254,-0.000211547332583,0.000245941890171,-0.000259323162027,0.000158247421496,-0.0000409153544751,0.0000955064824666,0.0000277991039184,0.0000254788938037,0.00000326867439071,0.00020432996098,-0.000413505302276,0.000377850141376],[-0.000211547332583,0.00505545688793,-0.00280461343937,0.00370575953275,-0.00335235800594,0.00141508749221,-0.00178406818304,0.00297280796804,-0.00347165903077,0.00239474908449,-0.00383859989233,0.00621423311532,-0.00498593365774],[0.000245941890171,-0.00280461343937,0.0103761125356,-0.00794479250908,0.00430905632675,-0.00478572724387,0.0050659342669,-0.00396381597966,0.00234013074078,0.000284624227788,-0.000880425272044,-0.00187381147407,0.00284937862307],[-0.000259323162027,0.00370575953275,-0.00794479250908,0.0166103616357,-0.0086308484897,0.00785878766328,-0.00805032625794,0.000852643104736,0.0036611254327,-0.00383088341914,0.00434259371832,-0.00479225302115,0.00213694851846],[0.000158247421496,-0.00335235800594,0.00430905632675,-0.0086308484897,0.0163967199624,-0.00903088226914,0.002366052242,0.00180430791806,-0.00293268496171,0.00529077462852,-0.00708777876571,0.0061019603163,-0.00410225754604],[-0.0000409153544751,0.00141508749221,-0.00478572724387,0.00785878766328,-0.00903088226914,0.0156259387732,-0.00381858367473,-0.00290305353701,0.00493648834527,-0.00826781895012,0.00696761813015,-0.0073557482101,0.00331321521662],[0.0000955064824666,-0.00178406818304,0.0050659342669,-0.00805032625794,0.002366052242,-0.00381858367473,0.015867896378,-0.000786374439485,-0.00446301233023,0.00460548140109,-0.00493120169267,0.00232572481036,-0.00126745132729],[0.0000277991039184,0.00297280796804,-0.00396381597966,0.000852643104736,0.00180430791806,-0.00290305353701,-0.000786374439485,0.0167106091976,-0.00751361995935,-0.000274057994829,-0.0000861050430103,0.00489740259945,-0.0063113104552],[0.0000254788938037,-0.00347165903077,0.00234013074078,0.0036611254327,-0.00293268496171,0.00493648834527,-0.00446301233023,-0.00751361995935,0.0230651590973,-0.0135577358305,0.00708855921403,-0.0122824730352,0.0107802208513],[0.00000326867439071,0.00239474908449,0.000284624227788,-0.00383088341914,0.00529077462852,-0.00826781895012,0.00460548140109,-0.000274057994829,-0.0135577358305,0.0325644128025,-0.0243511423469,0.0158513057977,-0.00790231116116],[0.00020432996098,-0.00383859989233,-0.000880425272044,0.00434259371832,-0.00708777876571,0.00696761813015,-0.00493120169267,-0.0000861050430103,0.00708855921403,-0.0243511423469,0.0443360991776,-0.0252626761794,0.00794749055058],[-0.000413505302276,0.00621423311532,-0.00187381147407,-0.00479225302115,0.0061019603163,-0.0073557482101,0.00232572481036,0.00489740259945,-0.0122824730352,0.0158513057977,-0.0252626761794,0.0459089763463,-0.0185275431722],[0.000377850141376,-0.00498593365774,0.00284937862307,0.00213694851846,-0.00410225754604,0.00331321521662,-0.00126745132729,-0.0063113104552,0.0107802208513,-0.00790231116116,0.00794749055058,-0.0185275431722,0.0305402204394]],"mean":[20.4419689178,64.7519836426,-99.9839859009,6.4129858017,-15.962182045,-10.8757915497,3.43363404274,-21.4662380219,3.05317544937,-3.891092062,-4.09971475601,0.794559657574,-9.36103153229]},"hfc":{"dmean":28.9012737274,"dmean2":43.0391731262,"dvar":1003.52392578,"dvar2":2139.84155273,"max":918.669250488,"mean":123.664009094,"median":105.227073669,"min":1.15233287055e-16,"var":6940.734375},"melbands":{"dmean":[0.00234423880465,0.000930981768761,0.000359785917681,0.000309530092636,0.000225274299737,0.000128570696688,0.000148947670823,0.000121096236398,0.0000805909076007,0.0000973834903562,0.0000830264034448,0.0000837950356072,0.0000584764748055,0.0000528563359694,0.0000478101537738,0.0000587943577557,0.0000555653132324,0.0000535733415745,0.0000349848778569,0.0000201431503228,0.0000219553257921,0.000013889368347,0.0000113907117338,0.0000084011880972,0.0000098093323686,0.00000756430290494,0.00000634268371869,0.00000572743738303,0.000005203578894,0.00000408917549066,0.00000298989402836,0.00000165084691162,0.000001159811859,0.00000100929310065,6.63767536935e-7,4.91588707519e-7,3.56155538839e-7,2.43923437893e-7,9.0307253231e-8,1.58900395064e-8],"dmean2":[0.00392809417099,0.00156122236513,0.000605755078141,0.00050308421487,0.000355261407094,0.00020537796081,0.00023926209542,0.000192814841284,0.000130260188598,0.000158005699632,0.000134919609991,0.000133702735184,0.0000928573281271,0.0000838709238451,0.0000782928909757,0.0000945945066633,0.0000875542173162,0.000086472791736,0.0000563973298995,0.0000327161214955,0.000034801538277,0.0000224776267714,0.0000185342905752,0.000013177672372,0.0000153488526848,0.0000117354729809,0.0000101455989352,0.00000887081205292,0.00000814781196823,0.00000638161145616,0.00000466920255349,0.00000249891036219,0.0000017737768303,0.00000154190774992,9.86549480331e-7,7.25320489892e-7,5.21133586062e-7,3.51301764567e-7,1.35343654506e-7,2.60483368208e-8],"dvar":[0.0000210924827115,0.00000257856868302,4.51862689488e-7,2.68848452833e-7,1.75938552616e-7,3.61923220282e-8,8.09561697679e-8,7.31573308599e-8,3.40865469184e-8,4.51743638052e-8,3.08478398381e-8,3.2177286613e-8,1.106799008e-8,1.03136281737e-8,5.59829116398e-9,8.35943492206e-9,7.97360222293e-9,7.52833884121e-9,2.76187406278e-9,1.08560249679e-9,2.05157091315e-9,8.12408307294e-10,6.01079519491e-10,3.90020515884e-10,9.229838005e-10,4.85900930602e-10,1.56140503305e-10,2.4042470792e-10,1.73971961837e-10,8.99887039885e-11,3.91956640755e-11,1.12234345082e-11,4.0369508951e-12,4.00935751613e-12,1.39382884574e-12,6.93991522235e-13,4.51788319212e-13,2.43185896767e-13,3.09781836142e-14,7.43893927492e-16],"dvar2":[0.0000556456798222,0.00000687109923092,0.00000119692970202,6.56612314742e-7,4.0151010694e-7,8.82535928781e-8,1.92826703937e-7,1.7201661251e-7,8.32975999288e-8,1.13166706228e-7,7.5571122693e-8,8.00739528017e-8,2.90877668618e-8,2.64773412084e-8,1.45273553187e-8,2.16070912273e-8,1.91889188983e-8,1.90514803933e-8,7.0429222454e-9,2.884090744e-9,4.86755036277e-9,2.04406780391e-9,1.62422186811e-9,8.53777826215e-10,2.19528106804e-9,1.03216835079e-9,3.22811971598e-10,5.11955533522e-10,3.5903316431e-10,1.89534735129e-10,8.2687127978e-11,2.38553812121e-11,8.29574950401e-12,8.90170402668e-12,2.88026286849e-12,1.46601036432e-12,9.61463439246e-13,5.08845515636e-13,6.94461103749e-14,1.8128042436e-15],"max":[0.0459464713931,0.0202690754086,0.0129163917154,0.00890235044062,0.0104338834062,0.00347302504815,0.00673833070323,0.00635445583612,0.00593713670969,0.00447521312162,0.00420011719689,0.00398733606562,0.00220755510963,0.00394322350621,0.00144321634434,0.00144625850953,0.00182143156417,0.00123394199181,0.000928706431296,0.000519409077242,0.00134684157092,0.00138222356327,0.000644255429506,0.000800876587164,0.00158446771093,0.00103375257459,0.000518804357853,0.000805901072454,0.000560828193557,0.000294739176752,0.000244640454184,0.000107772750198,0.0000710667300154,0.0000566866765439,0.0000382716971217,0.0000178331338248,0.0000153644323291,0.0000119843334687,0.00000392108222513,4.09240186627e-7],"mean":[0.00272926175967,0.00115866225678,0.000496790162288,0.000450163264759,0.000342923391145,0.000214538027649,0.000233735016081,0.000185548924492,0.00012971261458,0.000156126174261,0.000134173867991,0.000138571180287,0.0000981009725365,0.0000887459464138,0.0000800662965048,0.000101602221548,0.0000955374489422,0.0000884778200998,0.000060311609559,0.0000344033360307,0.0000344238142134,0.0000240593926719,0.0000202299233933,0.0000157713002409,0.0000173581393028,0.0000131832985062,0.0000114548283818,0.0000111644631033,0.00000956045096245,0.00000790121430327,0.00000605959212407,0.00000365027904081,0.00000250782272815,0.00000225846474677,0.00000149671109284,0.0000010481545587,6.92258424806e-7,4.2782824039e-7,1.34147498443e-7,1.71822520656e-8],"median":[0.00149087398313,0.000692172965501,0.0002756449976,0.000220933696255,0.000152009175508,0.000127856721519,0.000107487772766,0.0000754021020839,0.0000521660113009,0.0000571426717215,0.0000565750924579,0.0000590017589275,0.0000464416480099,0.0000465723205707,0.0000477890826005,0.0000570643824176,0.0000540550245205,0.0000480911694467,0.0000361840939149,0.0000194177391677,0.0000137852857733,0.000011002219253,0.00000926070060814,0.0000074329554991,0.00000761718820286,0.00000609175003774,0.00000553913514523,0.00000529271392224,0.00000455300732938,0.00000374667592951,0.00000320004392051,0.00000204441062124,0.00000128489807594,9.98406335384e-7,7.27774647657e-7,4.77380694974e-7,3.21162048067e-7,1.92347698658e-7,5.91813531514e-8,7.41007388783e-9],"min":[2.01981109743e-24,4.20953533966e-24,9.312685213e-24,1.70274869085e-23,8.25321504058e-24,6.04290172593e-24,1.98135570602e-24,8.52812359972e-24,1.13598068722e-23,8.46897954221e-24,2.0953136452e-23,2.08730796919e-23,1.56904781147e-23,1.05394633171e-23,1.43733139058e-23,1.33631964494e-23,1.37102132061e-23,1.5695637265e-23,1.42912439727e-23,7.09961246291e-24,8.24176630226e-24,8.00399021479e-24,1.10135135009e-23,1.30651001128e-23,9.1572630486e-24,1.08146503441e-23,7.74465771423e-24,9.0327697537e-24,1.01954718419e-23,6.97422854405e-24,9.51108846383e-24,1.17530564e-23,1.233900177e-23,1.35509721661e-23,1.34154363962e-23,7.83035325208e-24,1.49027200371e-23,1.28112210076e-23,9.27178277507e-24,6.86303071085e-24],"var":[0.0000179759808816,0.00000242363739744,4.95613448948e-7,4.28020911158e-7,3.23894198573e-7,7.05981761939e-8,1.66175396998e-7,1.45308035826e-7,6.6753251815e-8,8.92852867196e-8,6.28970795447e-8,6.24631582014e-8,2.22469722644e-8,1.96013996145e-8,1.0341118184e-8,1.70863483362e-8,1.67549316643e-8,1.4394299086e-8,5.59683455137e-9,2.0149970581e-9,3.96001276215e-9,1.50050250003e-9,1.27835664276e-9,1.06144248946e-9,1.99845695548e-9,1.28401189681e-9,4.7610126952e-10,6.95051016741e-10,5.08016240186e-10,2.56214272021e-10,1.11531298086e-10,3.34802671698e-11,1.28589222603e-11,1.42656208027e-11,4.25158866446e-12,2.13892358686e-12,1.11398704931e-12,5.22145965787e-13,5.41023457046e-14,8.29442561099e-16]},"melbands_crest":{"dmean":4.81551980972,"dmean2":7.84431219101,"dvar":18.8406867981,"dvar2":46.5956230164,"max":38.2371749878,"mean":15.2499008179,"median":13.8780488968,"min":1.94783639908,"var":46.7082023621},"melbands_flatness_db":{"dmean":0.0260743238032,"dmean2":0.0414812155068,"dvar":0.000559971202165,"dvar2":0.00147302111145,"max":0.363560557365,"mean":0.172841399908,"median":0.167915865779,"min":0.00708328187466,"var":0.00208218488842},"melbands_kurtosis":{"dmean":4.71966505051,"dmean2":7.70465183258,"dvar":78.6008605957,"dvar2":184.036376953,"max":493.092590332,"mean":6.75763654709,"median":3.91886758804,"min":-1.81510436535,"var":123.711883545},"melbands_skewness":{"dmean":0.722387135029,"dmean2":1.14336967468,"dvar":0.563156664371,"dvar2":1.42115139961,"max":20.4741210938,"mean":2.16424751282,"median":1.94642663002,"min":-0.477596431971,"var":1.46131384373},"melbands_spread":{"dmean":8.23954200745,"dmean2":13.0211391449,"dvar":73.0270843506,"dvar2":164.537948608,"max":170.694229126,"mean":31.4647216797,"median":29.3643016815,"min":1.4586609602,"var":328.066223145},"mfcc":{"cov":[[8904.75878906,756.485961914,-516.25177002,375.373626709,-310.112854004,204.780136108,-232.660583496,166.209716797,-161.192749023,142.783432007,-171.032333374,85.2074356079,-174.009002686],[756.485961914,681.259887695,-156.534088135,-25.3256530762,27.2264156342,70.1276397705,1.25703907013,-35.7030982971,23.1939353943,8.79827976227,29.6701831818,3.35880994797,19.3275032043],[-516.25177002,-156.534088135,245.22203064,8.099568367,33.1440582275,-33.5865325928,13.2819099426,12.7928543091,0.718133330345,-4.79384899139,-1.18894410133,11.0677204132,9.00979709625],[375.373626709,-25.3256530762,8.099568367,205.302642822,-28.2325077057,15.801530838,11.7722959518,23.4090709686,-17.8355770111,-4.53006029129,-20.2466621399,-0.411176383495,-16.6346073151],[-310.112854004,27.2264156342,33.1440582275,-28.2325077057,128.145767212,19.3421993256,32.4366798401,-8.14286518097,17.1177177429,-10.8262090683,16.0733146667,-4.26205730438,23.8401603699],[204.780136108,70.1276397705,-33.5865325928,15.801530838,19.3421993256,109.57686615,28.1090660095,8.18410301208,-9.60429573059,5.82115507126,-5.65372848511,9.04250049591,3.69467139244],[-232.660583496,1.25703907013,13.2819099426,11.7722959518,32.4366798401,28.1090660095,94.7600631714,2.7244989872,14.0621471405,-18.3938274384,5.45884752274,-12.9620342255,9.41254615784],[166.209716797,-35.7030982971,12.7928543091,23.4090709686,-8.14286518097,8.18410301208,2.7244989872,73.8445510864,6.2995095253,10.5064048767,-19.2430839539,6.82763195038,-7.52462387085],[-161.192749023,23.1939353943,0.718133330345,-17.8355770111,17.1177177429,-9.60429573059,14.0621471405,6.2995095253,65.1090698242,12.2428913116,19.463092804,-3.55127215385,13.1477479935],[142.783432007,8.79827976227,-4.79384899139,-4.53006029129,-10.8262090683,5.82115507126,-18.3938274384,10.5064048767,12.2428913116,61.4946937561,18.7944374084,21.8340396881,1.88100898266],[-171.032333374,29.6701831818,-1.18894410133,-20.2466621399,16.0733146667,-5.65372848511,5.45884752274,-19.2430839539,19.463092804,18.7944374084,63.1534004211,22.5633411407,22.5428123474],[85.2074356079,3.35880994797,11.0677204132,-0.411176383495,-4.26205730438,9.04250049591,-12.9620342255,6.82763195038,-3.55127215385,21.8340396881,22.5633411407,58.6449699402,24.3037567139],[-174.009002686,19.3275032043,9.00979709625,-16.6346073151,23.8401603699,3.69467139244,9.41254615784,-7.52462387085,13.1477479935,1.88100898266,22.5428123474,24.3037567139,60.3765487671]],"icov":[[0.00021018589905,-0.000224461444304,0.00027308112476,-0.00028662403929,0.000144425866893,-0.00011460272799,0.000285001733573,-0.000297845632304,0.000260386936134,-0.000342031591572,0.000459907692857,-0.000408696272643,0.000373089453205],[-0.000224461444304,0.00217140186578,0.000792602833826,0.000300305691781,-0.000537414569408,-0.000974087510258,0.000145764337503,0.00104050489608,-0.00106532766949,0.00051941012498,-0.000923875311855,0.0004267966724,-0.00060983619187],[0.00027308112476,0.000792602833826,0.0058182226494,-0.00068833649857,-0.00177819607779,0.00172514712904,-0.000605045643169,-0.000697754730936,0.000505412637722,-0.000550091732293,0.00144176965114,-0.00250048423186,0.00045466228039],[-0.00028662403929,0.000300305691781,-0.00068833649857,0.00592612335458,0.00104102108162,-0.000458762224298,-0.00150598690379,-0.000926235283259,0.000714249617886,0.000770630256739,-0.000116862946015,0.000146337450133,0.000354793068254],[0.000144425866893,-0.000537414569408,-0.00177819607779,0.00104102108162,0.0107702603564,-0.00255590467714,-0.00126627122518,-0.000235114523093,-0.00105930271093,0.00152904144488,-0.00195651128888,0.00238148146309,-0.00283285044134],[-0.00011460272799,-0.000974087510258,0.00172514712904,-0.000458762224298,-0.00255590467714,0.0132779255509,-0.00522647704929,-0.000577188387979,0.00313178868964,-0.00309202354401,0.0032805018127,-0.00338608794846,0.0000897738063941],[0.000285001733573,0.000145764337503,-0.000605045643169,-0.00150598690379,-0.00126627122518,-0.00522647704929,0.0157668590546,-0.00195908430032,-0.00277430331334,0.00467283278704,-0.00340672489256,0.00406558485702,-0.00133826152887],[-0.000297845632304,0.00104050489608,-0.000697754730936,-0.000926235283259,-0.000235114523093,-0.000577188387979,-0.00195908430032,0.0188481491059,-0.00521942367777,-0.00305214268155,0.00802117586136,-0.0050277444534,0.0017006896669],[0.000260386936134,-0.00106532766949,0.000505412637722,0.000714249617886,-0.00105930271093,0.00313178868964,-0.00277430331334,-0.00521942367777,0.0221922118217,-0.00563559634611,-0.00531125813723,0.00613837596029,-0.00392341800034],[-0.000342031591572,0.00051941012498,-0.000550091732293,0.000770630256739,0.00152904144488,-0.00309202354401,0.00467283278704,-0.00305214268155,-0.00563559634611,0.0247659441084,-0.00778373889625,-0.00530631095171,0.00311682117172],[0.000459907692857,-0.000923875311855,0.00144176965114,-0.000116862946015,-0.00195651128888,0.0032805018127,-0.00340672489256,0.00802117586136,-0.00531125813723,-0.00778373889625,0.0296259559691,-0.0113799851388,-0.00160505890381],[-0.000408696272643,0.0004267966724,-0.00250048423186,0.000146337450133,0.00238148146309,-0.00338608794846,0.00406558485702,-0.0050277444534,0.00613837596029,-0.00530631095171,-0.0113799851388,0.0323135964572,-0.0128244487569],[0.000373089453205,-0.00060983619187,0.00045466228039,0.000354793068254,-0.00283285044134,0.0000897738063941,-0.00133826152887,0.0017006896669,-0.00392341800034,0.00311682117172,-0.00160505890381,-0.0128244487569,0.0259156338871]],"mean":[-636.470214844,126.02318573,-22.3544769287,31.0730361938,-5.73141860962,26.4079723358,-2.62972569466,8.7052526474,-3.68786263466,11.612783432,-3.00259876251,7.38763713837,-4.21104478836]},"pitch_salience":{"dmean":0.0788047462702,"dmean2":0.127241641283,"dvar":0.00516310986131,"dvar2":0.0130466688424,"max":0.98559486866,"mean":0.585975766182,"median":0.60859131813,"min":0.07059712708,"var":0.0125064197928},"silence_rate_20dB":{"dmean":0,"dmean2":0,"dvar":0,"dvar2":0,"max":1,"mean":1,"median":1,"min":1,"var":0},"silence_rate_30dB":{"dmean":0.0124790463597,"dmean2":0.0249604173005,"dvar":0.012323319912,"dvar2":0.0319745391607,"max":1,"mean":0.990874409676,"median":1,"min":0,"var":0.00904234033078},"silence_rate_60dB":{"dmean":0.00223505310714,"dmean2":0.00447052251548,"dvar":0.00223005772568,"dvar2":0.00519562419504,"max":1,"mean":0.0511220768094,"median":0,"min":0,"var":0.0485086105764},"spectral_centroid":{"dmean":236.130020142,"dmean2":364.506652832,"dvar":56008.0546875,"dvar2":113716.007812,"max":11121.4521484,"mean":1698.68383789,"median":1631.02526855,"min":397.58480835,"var":279504.625},"spectral_complexity":{"dmean":4.95697546005,"dmean2":6.98500490189,"dvar":24.7409305573,"dvar2":44.5726547241,"max":64,"mean":25.3331775665,"median":25,"min":0,"var":157.221511841},"spectral_contrast_coeffs":{"dmean":[0.0522023327649,0.045717600733,0.036078158766,0.0273210480809,0.0181975774467,0.0264755114913],"dmean2":[0.0860977992415,0.0761915966868,0.0604072287679,0.0452245660126,0.0302371755242,0.0419824570417],"dvar":[0.00172598392237,0.0012750494061,0.000812372541986,0.000470911560114,0.000217052234802,0.000559000764042],"dvar2":[0.00461430056021,0.00353974406607,0.00221288437024,0.00125636719167,0.000567083945498,0.00134752679151],"max":[-0.431271463633,-0.524089336395,-0.586511611938,-0.642809152603,-0.686557471752,-0.498537480831],"mean":[-0.72126686573,-0.785284996033,-0.808199346066,-0.809512138367,-0.816887497902,-0.687273144722],"median":[-0.724947929382,-0.78837954998,-0.814125537872,-0.812406301498,-0.820333361626,-0.686228871346],"min":[-0.998203635216,-0.99358445406,-0.996085047722,-0.974129140377,-0.964732706547,-0.959205746651],"var":[0.00512417405844,0.00310781924054,0.00257818005048,0.00162839901168,0.00110628374387,0.00277950405143]},"spectral_contrast_valleys":{"dmean":[0.418269127607,0.341730564833,0.305537223816,0.27063986659,0.249135747552,0.350940942764],"dmean2":[0.671589374542,0.554009437561,0.479851484299,0.399004906416,0.360877901316,0.509579896927],"dvar":[0.125538930297,0.0856782793999,0.0724000707269,0.0665804073215,0.0842035338283,0.10343824327],"dvar2":[0.297503501177,0.197724476457,0.153469607234,0.118999667466,0.15049842,0.192549362779],"max":[-5.21228122711,-4.66822767258,-5.20539331436,-5.45505046844,-4.79659128189,-8.89038276672],"mean":[-6.98219490051,-6.62324953079,-6.88148069382,-7.03083896637,-7.21611642838,-10.7729482651],"median":[-6.78784608841,-6.44721746445,-6.69826364517,-6.8097615242,-7.05241298676,-10.6029033661],"min":[-27.364528656,-27.2592754364,-27.3020706177,-27.3399543762,-27.0831413269,-27.2928791046],"var":[1.5955671072,1.43211734295,1.3684194088,1.37580180168,1.34636461735,1.14163482189]},"spectral_decrease":{"dmean":3.12328518604e-9,"dmean2":4.96493779423e-9,"dvar":2.22341400638e-17,"dvar2":5.51269489978e-17,"max":7.36825767067e-10,"mean":-5.54287993282e-9,"median":-3.9307481714e-9,"min":-5.21931937669e-8,"var":3.03352210739e-17},"spectral_energy":{"dmean":0.0129484971985,"dmean2":0.0199683550745,"dvar":0.000362053106073,"dvar2":0.00087415613234,"max":0.21654728055,"mean":0.0321368053555,"median":0.0257131271064,"min":1.07439452461e-20,"var":0.000636468525045},"spectral_energyband_high":{"dmean":0.000484016374685,"dmean2":0.00063662964385,"dvar":7.78750859354e-7,"dvar2":0.00000119576657198,"max":0.0400053672493,"mean":0.00151366030332,"median":0.000967164931353,"min":7.76859758535e-21,"var":0.00000435561196355},"spectral_energyband_low":{"dmean":0.00914564076811,"dmean2":0.0151958176866,"dvar":0.000254540180322,"dvar2":0.000660686928313,"max":0.154389455914,"mean":0.0117660751566,"median":0.00722528342158,"min":3.23279774353e-23,"var":0.000232916951063},"spectral_energyband_middle_high":{"dmean":0.00231733801775,"dmean2":0.00336196902208,"dvar":0.00000964379069046,"dvar2":0.0000208820874832,"max":0.0667389705777,"mean":0.00704833399504,"median":0.00485918018967,"min":1.74057299354e-21,"var":0.0000511479956913},"spectral_energyband_middle_low":{"dmean":0.00306544662453,"dmean2":0.00468979775906,"dvar":0.0000183242736966,"dvar2":0.0000419490024797,"max":0.0716274380684,"mean":0.00738296611235,"median":0.00479913828894,"min":3.03485064363e-22,"var":0.0000560612061236},"spectral_entropy":{"dmean":0.0871632546186,"dmean2":0.128337487578,"dvar":0.00630868598819,"dvar2":0.0124017652124,"max":9.80587291718,"mean":7.90068674088,"median":7.90470790863,"min":6.68539190292,"var":0.0311737135053},"spectral_flux":{"dmean":0.0261067375541,"dmean2":0.0409867838025,"dvar":0.00109458027873,"dvar2":0.00235684192739,"max":0.371837049723,"mean":0.10241188854,"median":0.0950920805335,"min":1.03653002848e-10,"var":0.00257658981718},"spectral_kurtosis":{"dmean":1.64641010761,"dmean2":2.46296525002,"dvar":3.4653737545,"dvar2":6.82883119583,"max":47.3142471313,"mean":11.855881691,"median":11.3116207123,"min":-1.18039417267,"var":14.3126373291},"spectral_rms":{"dmean":0.00100780441426,"dmean2":0.00150323286653,"dvar":0.00000146707554904,"dvar2":0.00000331099818141,"max":0.0145349800587,"mean":0.00516778649762,"median":0.00500859040767,"min":3.23757578906e-12,"var":0.00000464696313429},"spectral_rolloff":{"dmean":5662.07958984,"dmean2":10568.9960938,"dvar":53765536,"dvar2":119275400,"max":22050,"mean":13387.6611328,"median":19272.2167969,"min":64.599609375,"var":76412720},"spectral_skewness":{"dmean":0.183828890324,"dmean2":0.279985755682,"dvar":0.0392062775791,"dvar2":0.0821303501725,"max":5.16946697235,"mean":2.20610427856,"median":2.17248630524,"min":0.0259733404964,"var":0.170057162642},"spectral_spread":{"dmean":341555.375,"dmean2":507576.46875,"dvar":183630610432,"dvar2":287486902272,"max":39832392,"mean":4490482,"median":4402185.5,"min":2208887.25,"var":820063961088},"spectral_strongpeak":{"dmean":1.50211119652,"dmean2":2.83215594292,"dvar":42.7470779419,"dvar2":122.255950928,"max":139.434799194,"mean":1.12176454067,"median":0.148043140769,"min":0,"var":30.5244007111},"zerocrossingrate":{"dmean":0.0356489419937,"dmean2":0.0456249415874,"dvar":0.00095313746715,"dvar2":0.00158371822909,"max":0.64599609375,"mean":0.275869309902,"median":0.26953125,"min":0.02294921875,"var":0.00482822163031}},"metadata":{"audio_properties":{"analysis_sample_rate":44100,"bit_rate":195344,"codec":"mp3","downmix":"mix","equal_loudness":0,"length":249.313720703,"lossless":false,"md5_encoded":"983e440a1d42f1ff567ceb7522c12775","replay_gain":-2.34537696838,"sample_rate":44100},"tags":{"acoustid_id":["ff7e3994-5a7f-4db0-ac8c-c7d99eedb3c8"],"album":["Anthology: Hey Ho, Let’s Go!"],"albumartist":["Ramones"],"artist":["Ramones"],"date":["1999"],"discnumber":["2/2"],"file_name":"2-14 - Ramones - Something to Believe In.mp3","musicbrainz_albumartistid":["d6ed7887-a401-47a8-893c-34b967444d26"],"musicbrainz_albumid":["62f2f224-3b1b-4320-98db-65a6e8a7589a"],"musicbrainz_artistid":["d6ed7887-a401-47a8-893c-34b967444d26"],"musicbrainz_recordingid":["23d4ecb3-d738-4b1b-9295-81768dbff4a4"],"musicbrainz_releasegroupid":["0f97f908-b285-3629-83b6-10992fd0d568"],"replaygain_album_gain":["-0.37 dB"],"replaygain_album_peak":["0.520433"],"replaygain_track_gain":["-1.12 dB"],"replaygain_track_peak":["0.491917"],"title":["Something to Believe In"],"tracknumber":["14/25"]},"version":{"essentia":"2.1-beta1","essentia_build_sha":"e76a03f03bb3900de42a1fa0d9be1e72f12def64","essentia_git_sha":"v2.1_beta1-28-g21ef5f4-dirty","extractor":"music 1.0"}},"rhythm":{"beats_count":371,"beats_loudness":{"dmean":0.0154412118718,"dmean2":0.0261426661164,"dvar":0.000187954705325,"dvar2":0.000565234979149,"max":0.134474739432,"mean":0.0421802438796,"median":0.0419245921075,"min":1.650136916e-9,"var":0.000347499037161},"beats_loudness_band_ratio":{"dmean":[0.142451792955,0.0672458782792,0.0629447102547,0.0616729222238,0.038879390806,0.0676864534616],"dmean2":[0.248905479908,0.114359736443,0.1160056144,0.111012101173,0.0700937360525,0.114911131561],"dvar":[0.0120435301214,0.00288828485645,0.00431589549407,0.00300328526646,0.000901396910194,0.00305278087035],"dvar2":[0.0367594920099,0.00798807200044,0.0121885379776,0.00880956929177,0.00297405780293,0.00912636518478],"max":[0.88753849268,0.40047878027,0.34256157279,0.491386175156,0.225560620427,0.62335