{"lowlevel":{"average_loudness":0.855194330215,"barkbands":{"dmean":[0.000010847037629,0.00207179551944,0.000398462609155,0.000264756934484,0.00102888722904,0.00065917824395,0.000693332345691,0.00148073560558,0.00180650688708,0.00107505521737,0.000289529736619,0.000240182009293,0.000343112566043,0.000306787405862,0.000213799343328,0.000266163697233,0.000183525567991,0.000247145158937,0.000136215239763,0.0000889213115443,0.0000337678720825,0.0000137898450703,0.0000066097677518,0.00000520935282111,0.00000290918637802,0.00000149533457261,4.32048295806e-7],"dmean2":[0.0000185703083844,0.0031306350138,0.000710204592906,0.000448349717772,0.00153576815501,0.0010573224863,0.0010576993227,0.0022720778361,0.0027539038565,0.00163721840363,0.000439128139988,0.000372649432393,0.000539820350241,0.000462984287878,0.000328177789925,0.00039606943028,0.000290290161502,0.000387279724237,0.000215519205085,0.000140683900099,0.0000520538415003,0.0000205487413041,0.00000964518403634,0.00000744644603401,0.00000414646774516,0.00000229987108469,7.18088358553e-7],"dvar":[7.67337138274e-10,0.0000328284877469,8.38301559725e-7,4.00155471425e-7,0.00000311147800858,0.00000164112259426,0.00000222315247811,0.00000833917329146,0.0000112833258754,0.00000706359742253,5.95743699705e-7,3.26352079583e-7,7.55755422688e-7,5.15919282407e-7,1.92628704099e-7,3.47343103613e-7,1.25635281734e-7,2.21720071636e-7,7.15426295983e-8,2.52533958189e-8,4.44491243812e-9,1.53666346314e-9,4.4662890053e-10,3.24887228231e-10,8.74572358978e-11,1.32733685154e-11,1.29826303787e-12],"dvar2":[2.12785056242e-9,0.000065681990236,0.00000262948105956,0.00000109030600015,0.00000696169990988,0.00000390754212276,0.00000484515112475,0.00001990040073,0.0000259465614363,0.0000150726928041,0.00000119390585951,6.92966011684e-7,0.0000018449570689,9.82500409918e-7,3.98563599902e-7,6.73995145917e-7,2.85522730792e-7,5.16102033998e-7,1.70089350604e-7,5.89544306706e-8,9.97354465682e-9,3.04200220569e-9,8.28909940687e-10,6.21059370598e-10,1.75313319417e-10,3.03715143313e-11,3.24136789458e-12],"max":[0.00027662384673,0.0424708090723,0.0105825513601,0.00912207830697,0.0309499427676,0.0337501652539,0.0284493546933,0.0515550225973,0.0818698853254,0.0620623081923,0.0289340019226,0.0183869916946,0.0231717564166,0.0341686420143,0.0141294840723,0.0225716196001,0.0110336262733,0.0134301967919,0.00508082378656,0.00341747771017,0.00237867189571,0.00123476190493,0.000831973622553,0.000820837740321,0.000759787799325,0.000195007160073,0.0000236683990806],"mean":[0.0000104514610939,0.00212301616557,0.000489683356136,0.000341375678545,0.00244836928323,0.00143271579873,0.00135175557807,0.003008922562,0.0041062515229,0.00213773944415,0.000617358833551,0.000476564920973,0.00073993159458,0.000647850567475,0.000471052480862,0.000616647070274,0.000398587231757,0.000572487071622,0.000334870710503,0.0002267837408,0.000085516643594,0.0000344115833286,0.0000153960718308,0.0000119028200061,0.00000599246322963,0.00000226294400818,4.92181982281e-7],"median":[0.00000119268167964,0.00017390101857,0.000119247939438,0.0000779797701398,0.000987226609141,0.000710043881554,0.000443444150733,0.00130249885842,0.00213686237112,0.000863729568664,0.000182976509677,0.000207434466574,0.000255814869888,0.000240841909545,0.000212051323615,0.000237844942603,0.000188831865671,0.000236519263126,0.000124877667986,0.0000956629883149,0.0000392686342821,0.0000154150220624,0.00000808935510577,0.0000050856820053,0.00000213321527553,5.0676067076e-7,4.48258603569e-8],"min":[2.44556694048e-23,4.10470803158e-23,2.00650668216e-23,3.28639886989e-24,1.58252329123e-23,1.99809111402e-23,1.08890241503e-23,4.29335212638e-23,5.3570679482e-23,5.63763611102e-23,1.32449089654e-22,9.46553190433e-23,9.94502806825e-23,1.83168895245e-22,1.63611165382e-22,3.99661698507e-22,2.92448105127e-22,2.60439688934e-22,2.92128925694e-22,3.25741973321e-22,3.77286170112e-22,3.91688851731e-22,5.9409405073e-22,7.43492441711e-22,1.13444791786e-21,2.22688612737e-21,2.26386530128e-21],"var":[6.67437494162e-10,0.0000391450776078,7.89987666394e-7,4.67362610834e-7,0.0000125518972709,0.00000473097861686,0.00000688207546773,0.0000216199532588,0.0000344590516761,0.0000172240033862,0.00000247543653131,9.62805984273e-7,0.00000287503394247,0.00000173041792095,6.87096076035e-7,0.00000170740554495,3.71755191964e-7,6.59057945995e-7,2.28626831245e-7,9.44072340303e-8,1.59256678955e-8,4.3224135382e-9,1.09212816568e-9,8.70530203478e-10,2.57459192854e-10,3.03033362292e-11,2.59731060444e-12]},"barkbands_crest":{"dmean":2.28080558777,"dmean2":3.68024873734,"dvar":5.74467229843,"dvar2":14.0368356705,"max":26.2378635406,"mean":10.4544420242,"median":9.66236686707,"min":2.86404657364,"var":17.6301307678},"barkbands_flatness_db":{"dmean":0.0183927752078,"dmean2":0.02752558887,"dvar":0.000381846708478,"dvar2":0.000794906402007,"max":0.529130280018,"mean":0.184348300099,"median":0.163574337959,"min":0.0462898053229,"var":0.00530568510294},"barkbands_kurtosis":{"dmean":1.71202707291,"dmean2":2.68948507309,"dvar":9.54250431061,"dvar2":21.7255020142,"max":85.2846755981,"mean":3.39740896225,"median":1.691852808,"min":-1.91545677185,"var":36.2112922668},"barkbands_skewness":{"dmean":0.378498136997,"dmean2":0.581777572632,"dvar":0.175992488861,"dvar2":0.389861673117,"max":8.12414836884,"mean":1.15395176411,"median":1.0725300312,"min":-3.16693139076,"var":0.909613013268},"barkbands_spread":{"dmean":2.80190396309,"dmean2":4.28424167633,"dvar":16.2464294434,"dvar2":34.2146720886,"max":156.945602417,"mean":13.7280979156,"median":11.7926521301,"min":0.392399936914,"var":140.850097656},"dissonance":{"dmean":0.0245929919183,"dmean2":0.0412943847477,"dvar":0.000681482662912,"dvar2":0.00170619308483,"max":0.5,"mean":0.441592007875,"median":0.455088973045,"min":0.122509077191,"var":0.00259588542394},"dynamic_complexity":4.54524946213,"erbbands":{"dmean":[0.0469764880836,0.505515158176,0.560401678085,0.59628713131,1.32459068298,4.73781967163,5.01044034958,5.81161928177,5.46411561966,17.9154758453,40.4761352539,33.7578201294,36.3883514404,23.4073066711,6.22514915466,9.6205739975,12.88834095,13.4893417358,13.9017543793,11.8591375351,11.5983390808,9.00942134857,10.5645608902,8.81360912323,8.18492412567,3.63678431511,2.19338345528,0.852406442165,0.51156026125,0.322846144438,0.164542064071,0.137187004089,0.0732520595193,0.0392447263002,0.0176426898688,0.00745041668415,0.00258896802552,0.000622979365289,0.0000724559504306,0.00000850284777698],"dmean2":[0.0729680433869,0.763309299946,0.965197920799,1.01229143143,2.15072774887,6.82425928116,7.87722349167,9.37808895111,8.4687833786,27.2225570679,61.459728241,52.6004943848,54.3949508667,35.733669281,9.17813587189,14.9266328812,20.0550174713,20.1023483276,21.1703281403,17.7693538666,17.750043869,13.9187173843,16.4585876465,13.8773536682,13.006518364,5.66369915009,3.43592500687,1.28748703003,0.763653934002,0.477121829987,0.237174972892,0.201172590256,0.103856608272,0.0566982664168,0.0252223964781,0.0111367767677,0.0040585482493,0.00103044568095,0.00011985868332,0.0000126086742966],"dvar":[0.0179478358477,1.93897223473,1.83005940914,1.95047128201,9.75740814209,86.8267059326,66.6202774048,183.368041992,100.449165344,1479.7109375,6389.31494141,4898.70117188,5222.00390625,3259.91992188,268.053894043,566.31451416,999.109680176,924.752441406,811.987243652,617.202270508,513.845458984,288.07925415,406.358001709,267.519500732,295.870117188,43.0522117615,19.2091369629,3.7276070118,2.22001004219,1.2735632658,0.247113138437,0.262345373631,0.0522400811315,0.0117304548621,0.00484251836315,0.000418447772972,0.0000361245547538,0.00000239741302721,3.50747448863e-8,1.71728270493e-10],"dvar2":[0.0397349819541,3.81089997292,4.81289052963,5.27782249451,26.5491123199,176.90222168,166.849411011,423.759552002,232.21321106,3326.76049805,14354.4189453,11626.3916016,11018.5341797,7068.17822266,406.335693359,1250.55859375,2434.1171875,1837.64526367,1783.12768555,1243.34143066,1144.3326416,621.575927734,945.352722168,615.059631348,711.211853027,97.2670135498,45.2606315613,7.86944055557,4.61304044724,2.43233013153,0.461744397879,0.581996262074,0.0945479795337,0.0225525349379,0.0095944898203,0.000765568285715,0.0000898239886737,0.00000609555218034,8.80380426338e-8,3.44634737415e-10],"max":[0.986569106579,10.372338295,16.2710666656,18.110118866,67.7066116333,187.572174072,171.688476562,397.288879395,204.103805542,762.628845215,1718.52575684,2575.87402344,1346.21520996,1700.13439941,1292.23217773,925.067321777,797.988830566,930.491271973,1125.75305176,1011.46795654,833.661499023,657.580688477,558.332214355,312.894134521,362.560058594,158.946426392,164.693008423,104.862815857,47.4426574707,56.2242126465,15.5730295181,22.5876941681,11.8425884247,5.42694187164,6.63072443008,1.6115475893,0.141809955239,0.0289912205189,0.00387285184115,0.000297756545478],"mean":[0.0459648407996,0.525170564651,0.741359710693,0.885559380054,2.13466334343,11.1444292068,12.2602415085,12.3880214691,11.4881095886,36.7847976685,92.6162643433,76.2881011963,77.5315628052,52.1589775085,15.6516819,20.2326622009,29.9335136414,33.1078071594,32.2290306091,29.6673164368,29.2103633881,22.3451824188,25.6133766174,22.3957004547,19.0799236298,10.0801382065,5.57867717743,2.26345777512,1.3019258976,0.758060336113,0.395188897848,0.30363047123,0.164009332657,0.0811726674438,0.0349125675857,0.0128577193245,0.00360144674778,0.000729909457732,0.0000932656985242,0.0000313839373121],"median":[0.00220775231719,0.0489539727569,0.152161553502,0.292763411999,0.738098621368,3.30461978912,7.45442581177,5.24519872665,6.28346776962,12.0076885223,39.392074585,43.7787361145,37.1727371216,23.1418857574,6.86577129364,9.40822410583,12.9022636414,14.0526771545,14.8584365845,14.3548202515,13.8386850357,11.5455799103,12.2751674652,8.82459449768,7.05668067932,4.42767572403,2.06876993179,1.20031309128,0.583609640598,0.401524066925,0.202236384153,0.133602976799,0.0716815590858,0.0305801667273,0.0109202014282,0.00359395239502,0.000676257302985,0.000088014654466,0.0000231168760365,0.0000271329754469],"min":[2.18404297801e-21,5.40453114665e-21,2.2328574182e-20,1.50444152455e-20,3.15441029135e-20,6.48855529759e-20,5.50307299531e-20,2.48839658e-19,1.32425321742e-19,5.09204630269e-19,9.41833739115e-19,8.63922010809e-19,1.76433923024e-18,3.01371344783e-18,5.02079606666e-18,3.84181884831e-18,4.7043763213e-18,7.11922258617e-18,9.70377157115e-18,1.50506703594e-17,1.73367014418e-17,1.90061438239e-17,1.46983790996e-17,1.56482355601e-17,1.29900931432e-17,1.39058490829e-17,1.86790286332e-17,1.42954246816e-17,1.53674491012e-17,1.31723011798e-17,1.76510995578e-17,1.89243770203e-17,1.07364437002e-17,1.15224853122e-17,9.09895530522e-18,6.87939811117e-18,4.33586653122e-18,1.45386815426e-18,3.48481291751e-19,3.37949324461e-20],"var":[0.0191152412444,2.3560500145,2.14329481125,2.4571557045,14.0039014816,390.228973389,219.360824585,542.112915039,250.848587036,4737.08447266,19980.5761719,12626.7978516,14911.875,8784.30371094,1736.74633789,1514.484375,3150.50170898,4097.21386719,2809.40917969,3082.5690918,2023.89611816,1102.85437012,1244.67749023,951.935119629,808.145324707,180.515151978,74.4737625122,10.9465026855,6.14112138748,2.73710393906,0.685311198235,0.606907010078,0.14206071198,0.0355026125908,0.0132978195325,0.00123482954223,0.0000732806292945,0.00000413911675423,6.87162184931e-8,7.87576948102e-10]},"erbbands_crest":{"dmean":2.3677957058,"dmean2":3.75459623337,"dvar":6.1056265831,"dvar2":14.8624219894,"max":30.765625,"mean":10.9902639389,"median":10.0595331192,"min":2.62882757187,"var":21.7946567535},"erbbands_flatness_db":{"dmean":0.0177532881498,"dmean2":0.0254739150405,"dvar":0.000376670359401,"dvar2":0.000728162936866,"max":0.455715447664,"mean":0.233286485076,"median":0.227362394333,"min":0.0238162912428,"var":0.00408348720521},"erbbands_kurtosis":{"dmean":0.967909216881,"dmean2":1.51435446739,"dvar":2.31244587898,"dvar2":5.14130115509,"max":41.1098098755,"mean":1.37431275845,"median":0.29131090641,"min":-1.77986967564,"var":11.4496412277},"erbbands_skewness":{"dmean":0.313807040453,"dmean2":0.478488743305,"dvar":0.107594825327,"dvar2":0.228212311864,"max":4.99892616272,"mean":0.745912790298,"median":0.702050209045,"min":-1.78913629055,"var":0.733603715897},"erbbands_spread":{"dmean":3.90825462341,"dmean2":6.00817680359,"dvar":26.4219532013,"dvar2":59.2963752747,"max":116.338127136,"mean":22.3747138977,"median":21.882516861,"min":2.47484469414,"var":108.98752594},"gfcc":{"cov":[[28605.5761719,-401.824737549,-4237.04003906,1290.46789551,-1005.84796143,1118.71337891,-400.519927979,896.722961426,139.24331665,24.8106307983,144.351104736,-52.9269065857,-172.756988525],[-401.824737549,2107.39648438,61.3087234497,-361.396087646,160.914367676,-530.419799805,130.06086731,-293.600982666,-6.43638134003,-200.655929565,-25.6681404114,-156.559051514,72.5596618652],[-4237.04003906,61.3087234497,2068.5144043,32.9838294983,60.6121063232,202.204177856,-16.6149730682,5.33430624008,-56.3241424561,80.0850067139,-148.126876831,64.7518920898,-96.016166687],[1290.46789551,-361.396087646,32.9838294983,494.571716309,36.4717063904,243.792068481,45.1886940002,125.123748779,42.7998123169,84.7364807129,44.2568321228,43.323513031,-10.8039112091],[-1005.84796143,160.914367676,60.6121063232,36.4717063904,377.323822021,-37.6311035156,128.331390381,-10.929444313,20.9010810852,24.8758049011,38.9278793335,12.2688627243,13.3885583878],[1118.71337891,-530.419799805,202.204177856,243.792068481,-37.6311035156,419.628601074,-21.4549160004,173.91267395,9.45691776276,79.6212921143,4.20171642303,48.2478790283,-62.3518028259],[-400.519927979,130.06086731,-16.6149730682,45.1886940002,128.331390381,-21.4549160004,201.350112915,39.4417152405,51.6740722656,15.8455896378,38.8473968506,6.73175430298,21.0655441284],[896.722961426,-293.600982666,5.33430624008,125.123748779,-10.929444313,173.91267395,39.4417152405,211.620635986,70.0487060547,58.8596611023,7.06425094604,27.3677692413,-29.4098567963],[139.24331665,-6.43638134003,-56.3241424561,42.7998123169,20.9010810852,9.45691776276,51.6740722656,70.0487060547,103.337554932,34.5407676697,18.0628910065,-4.95268297195,3.04697036743],[24.8106307983,-200.655929565,80.0850067139,84.7364807129,24.8758049011,79.6212921143,15.8455896378,58.8596611023,34.5407676697,113.142204285,32.2005996704,35.7611541748,-19.0450286865],[144.351104736,-25.6681404114,-148.126876831,44.2568321228,38.9278793335,4.20171642303,38.8473968506,7.06425094604,18.0628910065,32.2005996704,94.797454834,31.6662864685,20.6621246338],[-52.9269065857,-156.559051514,64.7518920898,43.323513031,12.2688627243,48.2478790283,6.73175430298,27.3677692413,-4.95268297195,35.7611541748,31.6662864685,93.2070846558,32.1946640015],[-172.756988525,72.5596618652,-96.016166687,-10.8039112091,13.3885583878,-62.3518028259,21.0655441284,-29.4098567963,3.04697036743,-19.0450286865,20.6621246338,32.1946640015,91.3354187012]],"icov":[[0.000189812199096,-0.000416827766458,0.000555183622055,-0.000445077515906,0.000362457503797,-0.000520466652233,0.000427095568739,-0.000685435137711,0.000368012115359,-0.000226834075875,0.000525960349478,-0.000637569872197,0.000539674889296],[-0.000416827766458,0.00188393308781,-0.00146180880256,0.00110795663204,-0.000958525051828,0.00180310255382,-0.00139674462844,0.00198125746101,-0.001232259674,0.00153844035231,-0.00174381083343,0.00260193739086,-0.00151996000204],[0.000555183622055,-0.00146180880256,0.00241227098741,-0.0012634396553,0.000950007466599,-0.00205217534676,0.00102505285759,-0.00148149102461,0.00117249763571,-0.00149776181206,0.00336420722306,-0.00325869442895,0.0023803554941],[-0.000445077515906,0.00110795663204,-0.0012634396553,0.00428213831037,-0.00107941322494,-0.000605228240602,-0.00147818971891,0.00164517841768,-0.00129116640892,-0.00033487478504,-0.00187643559184,0.00205027102493,-0.00225292844698],[0.000362457503797,-0.000958525051828,0.000950007466599,-0.00107941322494,0.00431843986735,-0.000813252932858,-0.00138353707734,-0.000738316390198,0.00100645818748,-0.00117746263277,0.000481631024741,-0.00152113905642,0.00135935004801],[-0.000520466652233,0.00180310255382,-0.00205217534676,-0.000605228240602,-0.000813252932858,0.00781781971455,-0.000496043183375,-0.00192522304133,0.00111218495294,0.000946521060541,-0.00243735662661,0.00145099009387,0.000505053729285],[0.000427095568739,-0.00139674462844,0.00102505285759,-0.00147818971891,-0.00138353707734,-0.000496043183375,0.00923456158489,-0.00379441329278,-0.00108776113484,0.000100289063994,-0.00115728471428,-0.000939770019613,-0.0000170300354512],[-0.000685435137711,0.00198125746101,-0.00148149102461,0.00164517841768,-0.000738316390198,-0.00192522304133,-0.00379441329278,0.014495707117,-0.0085215754807,0.000753937871195,0.000903325970285,-0.000969976652414,0.000682465732098],[0.000368012115359,-0.001232259674,0.00117249763571,-0.00129116640892,0.00100645818748,0.00111218495294,-0.00108776113484,-0.0085215754807,0.0184881389141,-0.00571253104135,-0.000210972924833,0.00381366396323,-0.00223092897795],[-0.000226834075875,0.00153844035231,-0.00149776181206,-0.00033487478504,-0.00117746263277,0.000946521060541,0.000100289063994,0.000753937871195,-0.00571253104135,0.0171428509057,-0.00558434426785,-0.00326032447629,0.00395071972162],[0.000525960349478,-0.00174381083343,0.00336420722306,-0.00187643559184,0.000481631024741,-0.00243735662661,-0.00115728471428,0.000903325970285,-0.000210972924833,-0.00558434426785,0.0200757402927,-0.00838038511574,0.00177310989238],[-0.000637569872197,0.00260193739086,-0.00325869442895,0.00205027102493,-0.00152113905642,0.00145099009387,-0.000939770019613,-0.000969976652414,0.00381366396323,-0.00326032447629,-0.00838038511574,0.0246153976768,-0.0129260933027],[0.000539674889296,-0.00151996000204,0.0023803554941,-0.00225292844698,0.00135935004801,0.000505053729285,-0.0000170300354512,0.000682465732098,-0.00223092897795,0.00395071972162,0.00177310989238,-0.0129260933027,0.0208353772759]],"mean":[-79.4571685791,124.844284058,-151.11958313,7.43465614319,-61.5525932312,-14.2483701706,-29.0016231537,7.18345403671,-16.5236091614,-3.06441068649,-14.6435251236,-10.2205667496,-3.58518576622]},"hfc":{"dmean":3.57014107704,"dmean2":5.11620616913,"dvar":24.2484016418,"dvar2":45.8063011169,"max":82.4988021851,"mean":19.2784061432,"median":16.5778102875,"min":1.23706912015e-16,"var":255.379974365},"melbands":{"dmean":[0.000534579798114,0.000401058496209,0.000115550952614,0.000198488574824,0.000192258958123,0.000125799953821,0.000100529752672,0.00020371642313,0.00036826430005,0.000218829402002,0.000192770123249,0.000108040767373,0.0000276006867352,0.0000192356874322,0.000038851845602,0.0000302653879771,0.0000264358568529,0.000026504847483,0.0000156325186254,0.0000221834943659,0.0000141627097037,0.0000124498956211,0.00000743421560401,0.0000141757554957,0.00000723727907825,0.00000544317072126,0.00000565534628549,0.00000212182999348,0.00000182114490599,6.6349429062e-7,5.31667353698e-7,3.24644730654e-7,2.5013019922e-7,1.71984581243e-7,9.97709577177e-8,9.74037988044e-8,8.58929496417e-8,5.57264563383e-8,4.35371276808e-8,3.19792654579e-8],"dmean2":[0.000815635488834,0.000618279504124,0.000197479646886,0.00029191854992,0.000295770150842,0.000202340946998,0.000154986060807,0.000309549941448,0.000558040104806,0.000339628866641,0.000288287323201,0.000164789191331,0.0000416079274146,0.0000291991636914,0.0000605228560744,0.0000469795413665,0.0000391495523218,0.0000404242127843,0.0000238333796005,0.0000331914634444,0.0000225029180001,0.0000195053853531,0.0000117026775115,0.0000228034768952,0.0000114470803965,0.00000870409166964,0.00000900109171198,0.00000335717618327,0.00000290059551844,0.00000103386457795,8.22539618639e-7,4.93879610985e-7,3.80640045705e-7,2.60236959093e-7,1.50300778046e-7,1.45716541056e-7,1.29312624608e-7,8.06819713262e-8,6.41207051899e-8,4.6823942057e-8],"dvar":[0.00000223838696911,0.00000111593703878,7.53168905021e-8,1.5295859157e-7,8.40549461145e-8,7.59949614348e-8,3.50000100013e-8,1.86048779938e-7,5.64124775337e-7,1.96358840299e-7,1.52112846763e-7,6.7804506898e-8,4.75281680679e-9,2.42123388006e-9,1.47507321913e-8,5.31222843492e-9,3.89881726903e-9,3.55282736564e-9,1.16210463474e-9,3.34553185155e-9,7.99544930263e-10,5.96176052969e-10,2.06414649262e-10,7.9420353627e-10,1.81557935353e-10,1.24136173563e-10,1.16518919513e-10,1.46526263345e-11,1.31573259232e-11,1.53641205661e-12,1.43261064903e-12,8.99220801986e-13,5.33586575532e-13,3.94294568783e-13,7.74546578134e-14,1.1954489048e-13,1.11121154596e-13,3.64328454016e-14,1.41371857187e-14,7.99142890263e-15],"dvar2":[0.00000465881339551,0.00000225351641348,2.09697020637e-7,3.43770636846e-7,2.01678091116e-7,1.77599673634e-7,8.06699773648e-8,4.26531642006e-7,0.00000123540212371,4.62961338599e-7,3.19827279327e-7,1.47931800143e-7,8.75576855464e-9,4.12155776175e-9,3.52317996999e-8,1.26079537921e-8,7.43088302002e-9,7.58499840714e-9,2.3590212006e-9,6.57061560716e-9,1.95900695665e-9,1.30564115075e-9,4.84469409034e-10,1.96080418569e-9,4.25359580891e-10,2.97590285747e-10,2.7823318649e-10,3.389957412e-11,3.20771534335e-11,3.46336934826e-12,3.02665748367e-12,2.00422729628e-12,1.08846384596e-12,7.94550677422e-13,1.5330779994e-13,2.62704436113e-13,2.46922924815e-13,6.84796796634e-14,2.83243548516e-14,1.5952283304e-14],"max":[0.010931099765,0.0105772493407,0.00394890457392,0.00708382204175,0.00442290026695,0.00803457386792,0.00389255140908,0.00808025337756,0.0157136637717,0.0155587969348,0.00761768361554,0.00678980629891,0.00394404632971,0.00255782646127,0.00321556208655,0.00242637144402,0.00204917788506,0.00277485162951,0.0010914481245,0.00237312284298,0.00105695414823,0.000919567828532,0.00040970518603,0.000750299135689,0.000268288189545,0.000237247702898,0.000269513577223,0.0000803348666523,0.000113254311145,0.0000381436548196,0.0000594774173805,0.0000288661212835,0.0000239248256548,0.0000345100997947,0.00000847309820529,0.0000126736440507,0.000014992290744,0.0000110779410534,0.00000440936855739,0.000005134228104],"mean":[0.000530652760062,0.00051409448497,0.000172650790773,0.000434321002103,0.00048736363533,0.000270652293693,0.000205760647077,0.000407523766626,0.000851264107041,0.000471693318104,0.00039484311128,0.000230736768572,0.0000626485052635,0.0000392691290472,0.0000715869755368,0.0000712778055458,0.0000601466163062,0.0000560192602279,0.0000355227239197,0.0000477428548038,0.0000307159207296,0.000026437217457,0.0000157137219503,0.0000296043126582,0.0000167129728652,0.0000124112211779,0.0000128053634398,0.00000537475125384,0.00000419610023528,0.00000166297695614,0.00000119191997783,7.4181554055e-7,5.76002378239e-7,3.56664088486e-7,2.22299092911e-7,2.04269980486e-7,1.78051649868e-7,1.18197100107e-7,8.85474094048e-8,6.16052062696e-8],"median":[0.0000358332981705,0.0000829754790175,0.0000594817320234,0.000142084856634,0.000286961963866,0.000123412290122,0.000097075382655,0.000116940049338,0.000323427957483,0.000254602811765,0.000177444657311,0.0000975672883214,0.0000229046745517,0.0000171777901414,0.0000272142988251,0.0000262975227088,0.0000230992154684,0.0000217285996769,0.0000170988023456,0.0000173921816895,0.0000142311964737,0.0000118951465993,0.00000781510425441,0.0000109768843686,0.00000629538590147,0.00000470480654258,0.00000485574128106,0.00000229682063946,0.00000137551091939,8.36866320242e-7,6.06537128078e-7,3.09276344979e-7,2.57180062135e-7,1.84523287317e-7,1.07889107426e-7,9.47422478248e-8,7.26978299781e-8,4.9054516893e-8,3.645010338e-8,2.05255972219e-8],"min":[1.57888522251e-23,1.02335343806e-23,3.23693551619e-24,3.62338920454e-24,2.36289321321e-24,4.761283195e-24,2.13003370133e-24,6.49690892626e-24,8.03984078749e-24,5.9909264419e-24,8.9617083745e-24,1.15583339742e-23,1.9478857972e-23,8.46829007778e-24,1.46543519142e-23,7.59685279072e-24,1.48835160072e-23,1.85444033204e-23,9.26127120351e-24,3.28425324711e-23,1.5337063696e-23,1.86034953131e-23,1.53540699594e-23,1.14368178403e-23,1.2875419297e-23,1.19068085459e-23,8.49065665102e-24,9.12840493896e-24,1.33260994764e-23,7.1644229083e-24,9.50828090787e-24,8.98790407858e-24,6.4096214671e-24,7.72316362114e-24,1.02451306359e-23,1.09540239223e-23,1.1498728433e-23,6.80544307591e-24,9.51026568191e-24,9.06651091234e-24],"var":[0.00000254489964391,0.00000149566744767,9.30426224954e-8,5.49565129404e-7,3.31408841703e-7,2.24039226282e-7,9.52646601604e-8,5.94141397414e-7,0.00000188588001038,5.32145406851e-7,4.25032084195e-7,1.70072297578e-7,2.55804533111e-8,9.69013580487e-9,3.01181692919e-8,2.7077888376e-8,1.52440176038e-8,1.08132809373e-8,4.24903845442e-9,1.53674033498e-8,2.33771557667e-9,1.90288029778e-9,5.32398403141e-10,1.89683690976e-9,5.7833654532e-10,3.40126343756e-10,3.47569667491e-10,5.72737621218e-11,4.47641611279e-11,5.39939750896e-12,3.6869730359e-12,2.2034307972e-12,1.35801266066e-12,7.20731363046e-13,2.10815021581e-13,2.49139467737e-13,2.44706110843e-13,8.62462296134e-14,3.52298587167e-14,2.31290681052e-14]},"melbands_crest":{"dmean":2.89836263657,"dmean2":4.59598255157,"dvar":8.61690235138,"dvar2":20.5428714752,"max":33.0057907104,"mean":14.1010713577,"median":13.0788955688,"min":3.10386419296,"var":33.0024414062},"melbands_flatness_db":{"dmean":0.0198377426714,"dmean2":0.029110616073,"dvar":0.0005321513745,"dvar2":0.00105301185977,"max":0.622554957867,"mean":0.23494207859,"median":0.207878082991,"min":0.00985488016158,"var":0.00882072933018},"melbands_kurtosis":{"dmean":2.64845228195,"dmean2":4.15561056137,"dvar":24.4340591431,"dvar2":57.2909469604,"max":144.493270874,"mean":5.69771766663,"median":3.6833050251,"min":-1.61733663082,"var":54.377155304},"melbands_skewness":{"dmean":0.43649610877,"dmean2":0.670665621758,"dvar":0.256422966719,"dvar2":0.568817734718,"max":9.91719245911,"mean":1.52544867992,"median":1.41499173641,"min":-1.42539381981,"var":0.876138269901},"melbands_spread":{"dmean":4.12929773331,"dmean2":6.34379053116,"dvar":32.4663467407,"dvar2":68.7571716309,"max":168.666931152,"mean":19.3161392212,"median":15.4539279938,"min":0.430229395628,"var":311.220245361},"mfcc":{"cov":[[17207.6738281,-397.693328857,-3204.31640625,709.623046875,-451.423065186,225.890899658,340.743682861,446.025909424,252.070968628,459.278015137,316.829101562,318.684448242,70.2165603638],[-397.693328857,1506.98852539,165.176391602,-109.46925354,50.1448135376,-171.495635986,-26.2847080231,-47.6463165283,-42.7685279846,-44.0123901367,-67.3369216919,-91.0443496704,-57.9618034363],[-3204.31640625,165.176391602,1815.88525391,-71.3431625366,241.561584473,119.674362183,-54.933265686,26.6811637878,38.6376914978,-68.2027587891,-20.9221458435,-7.98417282104,29.2905902863],[709.623046875,-109.46925354,-71.3431625366,296.183685303,53.035068512,83.3075942993,74.4399642944,53.0768737793,53.2890281677,36.2284507751,45.192237854,59.0790061951,36.3455429077],[-451.423065186,50.1448135376,241.561584473,53.035068512,204.493377686,73.4230880737,39.7979850769,17.3336181641,14.2100925446,11.5482444763,16.9359874725,13.6415653229,16.353805542],[225.890899658,-171.495635986,119.674362183,83.3075942993,73.4230880737,180.256835938,78.5062332153,42.1133880615,22.6413669586,20.8468017578,38.0050811768,38.9609146118,23.8722381592],[340.743682861,-26.2847080231,-54.933265686,74.4399642944,39.7979850769,78.5062332153,134.84854126,65.7080612183,25.3038349152,25.9416809082,38.3911628723,34.3040924072,22.7820472717],[446.025909424,-47.6463165283,26.6811637878,53.0768737793,17.3336181641,42.1133880615,65.7080612183,124.845085144,68.4647598267,37.5548629761,32.2719078064,32.9217414856,28.9428043365],[252.070968628,-42.7685279846,38.6376914978,53.2890281677,14.2100925446,22.6413669586,25.3038349152,68.4647598267,110.036079407,51.8716239929,24.4088459015,25.6723232269,21.8549842834],[459.278015137,-44.0123901367,-68.2027587891,36.2284507751,11.5482444763,20.8468017578,25.9416809082,37.5548629761,51.8716239929,100.434028625,53.603187561,21.730178833,7.82866382599],[316.829101562,-67.3369216919,-20.9221458435,45.192237854,16.9359874725,38.0050811768,38.3911628723,32.2719078064,24.4088459015,53.603187561,92.6121902466,53.644443512,14.9099874496],[318.684448242,-91.0443496704,-7.98417282104,59.0790061951,13.6415653229,38.9609146118,34.3040924072,32.9217414856,25.6723232269,21.730178833,53.644443512,91.5847320557,42.5780944824],[70.2165603638,-57.9618034363,29.2905902863,36.3455429077,16.353805542,23.8722381592,22.7820472717,28.9428043365,21.8549842834,7.82866382599,14.9099874496,42.5780944824,73.6271133423]],"icov":[[0.000133536508656,-0.0000756554873078,0.00023033391335,-0.000166875863215,0.000212192389881,-0.0003630729625,0.000287860020762,-0.000489429454319,0.000127612045617,-0.000325976492604,0.0000838710038806,-0.000285849935608,0.000122849247418],[-0.0000756554873078,0.000908301910385,-0.000255973194726,0.000143611207022,-0.000561283144634,0.00140104151797,-0.000907308189198,0.000414421199821,9.30157341372e-7,0.00018018008268,0.000119518597785,0.000485624856083,0.000281908520265],[0.00023033391335,-0.000255973194726,0.00124680111185,0.000110663095256,-0.000559311767574,-0.00145841331687,0.00158364861272,-0.00125351373572,-0.000426907965448,0.000501766218804,-0.000286786089418,-0.000242174763116,-0.000100485274743],[-0.000166875863215,0.000143611207022,0.000110663095256,0.00500381924212,-0.00118267873768,-0.000688209955115,-0.00129642384127,0.000875400204677,-0.00192941247951,0.000777222099714,-0.000209873309359,-0.00113963917829,-0.00050744751934],[0.000212192389881,-0.000561283144634,-0.000559311767574,-0.00118267873768,0.00759084057063,-0.00248932768591,-0.000818919215817,0.000153898959979,0.000566595583223,-0.00170878542121,0.000161879317602,0.00000260005026576,-0.00054470973555],[-0.0003630729625,0.00140104151797,-0.00145841331687,-0.000688209955115,-0.00248932768591,0.0118783013895,-0.00608122441918,0.00180726649705,0.00026433513267,0.000416733440943,-0.000601352076046,-0.000019178727598,0.000252063851804],[0.000287860020762,-0.000907308189198,0.00158364861272,-0.00129642384127,-0.000818919215817,-0.00608122441918,0.0158406570554,-0.00779004301876,0.00226951157674,0.000146141348523,-0.00218279100955,-0.00044013542356,-0.000657084980048],[-0.000489429454319,0.000414421199821,-0.00125351373572,0.000875400204677,0.000153898959979,0.00180726649705,-0.00779004301876,0.0183392763138,-0.00873459223658,0.00114495167509,-0.00120452127885,0.000977291958407,-0.00240960507654],[0.000127612045617,9.30157341372e-7,-0.000426907965448,-0.00192941247951,0.000566595583223,0.00026433513267,0.00226951157674,-0.00873459223658,0.0185639336705,-0.00873968750238,0.0038875550963,-0.00231299852021,-0.000509706034791],[-0.000325976492604,0.00018018008268,0.000501766218804,0.000777222099714,-0.00170878542121,0.000416733440943,0.000146141348523,0.00114495167509,-0.00873968750238,0.0212141759694,-0.0123517187312,0.00543665513396,-0.000685551553033],[0.0000838710038806,0.000119518597785,-0.000286786089418,-0.000209873309359,0.000161879317602,-0.000601352076046,-0.00218279100955,-0.00120452127885,0.0038875550963,-0.0123517187312,0.0255802609026,-0.0138197923079,0.00451083108783],[-0.000285849935608,0.000485624856083,-0.000242174763116,-0.00113963917829,0.00000260005026576,-0.000019178727598,-0.00044013542356,0.000977291958407,-0.00231299852021,0.00543665513396,-0.0138197923079,0.0253506936133,-0.0106815574691],[0.000122849247418,0.000281908520265,-0.000100485274743,-0.00050744751934,-0.00054470973555,0.000252063851804,-0.000657084980048,-0.00240960507654,-0.000509706034791,-0.000685551553033,0.00451083108783,-0.0106815574691,0.0206547863781]],"mean":[-698.977722168,148.08605957,-29.8391418457,13.5461206436,-13.7917776108,-15.7825336456,-8.34500217438,-2.57340669632,-0.0264137946069,6.7606139183,-1.95768725872,-5.96243572235,-8.24368667603]},"pitch_salience":{"dmean":0.0613632239401,"dmean2":0.0972663089633,"dvar":0.00382446567528,"dvar2":0.00896512996405,"max":0.903664469719,"mean":0.58011841774,"median":0.597470283508,"min":0.126058548689,"var":0.012858338654},"silence_rate_20dB":{"dmean":0,"dmean2":0,"dvar":0,"dvar2":0,"max":1,"mean":1,"median":1,"min":1,"var":0},"silence_rate_30dB":{"dmean":0,"dmean2":0,"dvar":0,"dvar2":0,"max":1,"mean":1,"median":1,"min":1,"var":0},"silence_rate_60dB":{"dmean":0.0181880965829,"dmean2":0.0363803803921,"dvar":0.0178567487746,"dvar2":0.0403499044478,"max":1,"mean":0.14295579493,"median":0,"min":0,"var":0.122526712716},"spectral_centroid":{"dmean":148.679275513,"dmean2":222.450393677,"dvar":44190.9609375,"dvar2":79849.234375,"max":11145.9511719,"mean":1191.63391113,"median":1067.9621582,"min":135.642623901,"var":466218.78125},"spectral_complexity":{"dmean":2.92644190788,"dmean2":4.52613401413,"dvar":12.6259889603,"dvar2":25.099363327,"max":53,"mean":19.571018219,"median":18,"min":0,"var":160.45803833},"spectral_contrast_coeffs":{"dmean":[0.0488924905658,0.0456479527056,0.0381310991943,0.0287877395749,0.0201943125576,0.0163643956184],"dmean2":[0.0792815238237,0.0731138139963,0.0609350651503,0.0458637401462,0.0324612818658,0.0264913737774],"dvar":[0.00172884203494,0.00156321562827,0.00109726376832,0.000693691545166,0.00032989832107,0.000267654919298],"dvar2":[0.00436555501074,0.00380624388345,0.0027439550031,0.0016133505851,0.000743596174289,0.000629825750366],"max":[-0.242860913277,-0.370039701462,-0.40717369318,-0.470998555422,-0.496646761894,-0.615276932716],"mean":[-0.617733061314,-0.698175907135,-0.71193754673,-0.771287560463,-0.784600973129,-0.752311885357],"median":[-0.626234054565,-0.705325126648,-0.714621543884,-0.778484523296,-0.783711910248,-0.750430345535],"min":[-0.978059887886,-0.968063592911,-0.977379143238,-0.963355183601,-0.962816953659,-0.962789654732],"var":[0.0112106371671,0.0077589196153,0.00540182646364,0.0048575764522,0.00259652640671,0.00226706103422]},"spectral_contrast_valleys":{"dmean":[0.477463513613,0.338415235281,0.328173160553,0.297167390585,0.242336586118,0.256335169077],"dmean2":[0.768522679806,0.547025024891,0.520285844803,0.469095945358,0.367500990629,0.375046730042],"dvar":[0.208889231086,0.105313956738,0.118965983391,0.12210290134,0.113693185151,0.114086061716],"dvar2":[0.43146148324,0.232291981578,0.253039777279,0.253405988216,0.215747281909,0.22659739852],"max":[-5.43087482452,-4.97118520737,-5.63639068604,-5.85882472992,-5.97649908066,-8.60151672363],"mean":[-8.46563243866,-6.92955589294,-7.7606754303,-8.073346138,-8.11750793457,-11.6906147003],"median":[-8.17130279541,-6.45692825317,-7.23963403702,-7.49568271637,-7.51186180115,-10.9790840149],"min":[-27.1585674286,-27.2502822876,-27.2336616516,-27.3250370026,-27.1602535248,-27.1684856415],"var":[3.10462808609,2.83647084236,3.24981427193,3.42258644104,3.629778862,3.23087120056]},"spectral_decrease":{"dmean":1.40267508719e-9,"dmean2":2.00403249551e-9,"dvar":3.77412817724e-18,"dvar2":7.44544690333e-18,"max":2.63626018097e-17,"mean":-5.55339330077e-9,"median":-5.04355135433e-9,"min":-2.34551098544e-8,"var":1.75560515423e-17},"spectral_energy":{"dmean":0.00553927244619,"dmean2":0.0079130269587,"dvar":0.000057661171013,"dvar2":0.000113535614219,"max":0.0944835320115,"mean":0.0227083601058,"median":0.0207869634032,"min":1.11901146747e-20,"var":0.000288822106086},"spectral_energyband_high":{"dmean":0.0000742154952604,"dmean2":0.000108079053462,"dvar":1.90658191457e-8,"dvar2":3.6826914851e-8,"max":0.0041480390355,"mean":0.00023669852817,"median":0.000124270562083,"min":7.7148849677e-21,"var":1.01298148536e-7},"spectral_energyband_low":{"dmean":0.00227383035235,"dmean2":0.00323661835864,"dvar":0.0000350179361703,"dvar2":0.0000675268602208,"max":0.047283872962,"mean":0.00280813477002,"median":0.000508639146574,"min":8.06091394439e-23,"var":0.0000484966985823},"spectral_energyband_middle_high":{"dmean":0.00178176676854,"dmean2":0.0025727909524,"dvar":0.0000100241077234,"dvar2":0.00001997266736,"max":0.0701283738017,"mean":0.00701709231362,"median":0.00477621890604,"min":2.11211744271e-21,"var":0.0000596640420554},"spectral_energyband_middle_low":{"dmean":0.0036995455157,"dmean2":0.00555540481582,"dvar":0.0000244214334089,"dvar2":0.0000557000930712,"max":0.0825949683785,"mean":0.0130889844149,"median":0.011135365814,"min":1.57462745621e-22,"var":0.0001134990016},"spectral_entropy":{"dmean":0.135504856706,"dmean2":0.200523361564,"dvar":0.0293366815895,"dvar2":0.0608548894525,"max":9.81640434265,"mean":7.11650562286,"median":7.29970645905,"min":4.0863776207,"var":0.445914238691},"spectral_flux":{"dmean":0.0207249447703,"dmean2":0.033761780709,"dvar":0.000600104802288,"dvar2":0.00149736343883,"max":0.268295526505,"mean":0.0649047344923,"median":0.0606877692044,"min":1.05783340421e-10,"var":0.00208067311905},"spectral_kurtosis":{"dmean":4.40822601318,"dmean2":7.70189189911,"dvar":52.8920783997,"dvar2":147.919616699,"max":153.462051392,"mean":10.9882154465,"median":6.39418649673,"min":-1.16805255413,"var":228.693893433},"spectral_rms":{"dmean":0.000537954620086,"dmean2":0.00076290400466,"dvar":4.47552054084e-7,"dvar2":8.06524326435e-7,"max":0.00960099231452,"mean":0.00424074707553,"median":0.00450332835317,"min":3.30411631215e-12,"var":0.0000041705266085},"spectral_rolloff":{"dmean":245.66506958,"dmean2":400.031646729,"dvar":229500.515625,"dvar2":453724.125,"max":21253.2714844,"mean":1511.44311523,"median":925.927734375,"min":86.1328125,"var":5504640},"spectral_skewness":{"dmean":0.379862189293,"dmean2":0.648979365826,"dvar":0.243318498135,"dvar2":0.673199355602,"max":10.1942129135,"mean":1.9860779047,"median":1.66475534439,"min":0.0113462777808,"var":1.44894587994},"spectral_spread":{"dmean":317792.25,"dmean2":494944.71875,"dvar":265742827520,"dvar2":532715503616,"max":39528364,"mean":3053321.25,"median":2737399,"min":672808.125,"var":4324192157700},"spectral_strongpeak":{"dmean":0.588758170605,"dmean2":0.956343412399,"dvar":0.750760793686,"dvar2":1.74028909206,"max":12.1248311996,"mean":1.62103641033,"median":1.19309508801,"min":0,"var":2.24429321289},"zerocrossingrate":{"dmean":0.00559390336275,"dmean2":0.00666661886498,"dvar":0.000064035775722,"dvar2":0.0000722699842299,"max":0.6962890625,"mean":0.0527508407831,"median":0.04296875,"min":0.00390625,"var":0.00494996970519}},"metadata":{"audio_properties":{"analysis_sample_rate":44100,"bit_rate":0,"codec":"flac","downmix":"mix","equal_loudness":0,"length":201.693328857,"lossless":true,"md5_encoded":"8f12aacc207152d2979198fb847de2af","replay_gain":-16.6101417542,"sample_rate":44100},"tags":{"album":["Rubber Factory"],"albumartist":["The Black Keys"],"albumartistsort":["Black Keys, The"],"artist":["The Black Keys"],"artistsort":["Black Keys, The"],"asin":["B0002O06N0"],"barcode":["045778037926"],"catalognumber":["80379"],"date":["2004-09-07"],"discnumber":["1"],"disctotal":["1"],"file_name":"01-09 Stack Shot Billy.flac","label":["Fat Possum Records"],"media":["CD"],"musicbrainz_albumartistid":["d15721d8-56b4-453d-b506-fc915b14cba2"],"musicbrainz_albumid":["d8318a0e-474a-4ab3-9303-cde152591b83"],"musicbrainz_artistid":["d15721d8-56b4-453d-b506-fc915b14cba2"],"musicbrainz_recordingid":["23f5ce4d-48ac-48d3-9c8b-f92c8ce3962d"],"musicbrainz_releasegroupid":["dc7f0c9d-fd57-33a2-bfd9-b345315c2258"],"originaldate":["2004-09-07"],"releasecountry":["US"],"releasestatus":["official"],"releasetype":["album"],"script":["Latn"],"title":["Stack Shot Billy"],"totaldiscs":["1"],"totaltracks":["13"],"tracknumber":["9"],"tracktotal":["13"]},"version":{"essentia":"2.1-beta1","essentia_build_sha":"ca57ba49d9b1854bd80e60cf9ccf267278fb7d6b","essentia_git_sha":"v2.1_beta1-28-g21ef5f4-dirty","extractor":"music 1.0"}},"rhythm":{"beats_count":371,"beats_loudness":{"dmean":0.0118802124634,"dmean2":0.020729277283,"dvar":0.000127653562231,"dvar2":0.000337370263878,"max":0.0872492268682,"mean":0.0311560481787,"median":0.0317868255079,"min":1.80764778146e-10,"var":0.00035431314609},"beats_loudness_band_ratio":{"dmean":[0.167967230082,0.146971076727,0.17590688169,0.102206327021,0.0763850361109,0.0248971097171],"dmean2":[0.296629667282,0.252533882856,0.304013311863,0.176890462637,0.134185746312,0.0439016930759],"dvar":[0.0270647387952,0.0216866284609,0.0229662042111,0.0120714856312,0.0120216161013,0.00293623795733],"dvar2":[0.0