{"lowlevel":{"average_loudness":0.218017891049,"barkbands":{"dmean":[0.0000936529031605,0.000814275816083,0.000579202140216,0.000497230153996,0.001073168125,0.00129209784791,0.000707244267687,0.000998602830805,0.000681080215145,0.000472101615742,0.000304661691189,0.000387790292734,0.000419412157498,0.000257819861872,0.00015807255113,0.000110823246359,0.0000851505828905,0.0000555381120648,0.0000390309869545,0.0000383824153687,0.0000154249282787,0.0000154045119416,0.0000115519051178,0.00000974450358626,0.00001914423774,0.0000163651784533,0.0000027398984912],"dmean2":[0.000139603798743,0.00144143670332,0.00104076880962,0.000850116251968,0.00170450669248,0.00203139916994,0.00107137812302,0.00154119054787,0.0010642579291,0.00074908498209,0.000479263922898,0.000622510677204,0.000690832326654,0.000420585129177,0.000254216487519,0.000179552764166,0.0001357866131,0.0000879582585185,0.0000617677069386,0.0000591810457991,0.0000234588933381,0.0000214875035454,0.0000159741466632,0.0000134638730742,0.0000280833482975,0.0000246338968282,0.00000444831403001],"dvar":[1.13477589991e-7,0.0000103008651422,0.00000391686717194,0.00000133559490223,0.00000499806037624,0.00000908552556211,0.00000321748802889,0.0000109478232844,0.0000046724103413,0.00000236200912695,0.00000130459727643,0.00000237916879087,0.00000472901410831,0.00000113469263852,2.34648240394e-7,1.9243204008e-7,7.77025164211e-8,1.82402839499e-8,9.12255337937e-9,9.63955315569e-9,1.78897885394e-9,2.86213031053e-9,2.3366524271e-9,1.686138007e-9,3.75933684182e-9,3.35592909018e-9,1.30088662065e-10],"dvar2":[2.59901014488e-7,0.0000285802489088,0.0000115221373562,0.00000366036465493,0.0000121461716844,0.0000230670593737,0.00000724085248294,0.0000272105262411,0.000011325108062,0.00000589128148931,0.00000321948891724,0.00000626761448075,0.0000138491768666,0.00000314633098242,6.23478342732e-7,5.0620718639e-7,2.23518568987e-7,4.50412755981e-8,2.27921201912e-8,2.29996093282e-8,4.02354194406e-9,4.97912511221e-9,4.49381332146e-9,3.13463921486e-9,7.86254084062e-9,7.20722814762e-9,3.16999926309e-10],"max":[0.0071096313186,0.0469524413347,0.0481822155416,0.03436787799,0.0480101332068,0.0719161257148,0.0552663505077,0.113571561873,0.0712670013309,0.0464077629149,0.0415814444423,0.0506305098534,0.0652667805552,0.0326300114393,0.0176611449569,0.0173564590514,0.0159632712603,0.00525761768222,0.00350443297066,0.00309987785295,0.0012755432399,0.00394749175757,0.00399060407653,0.00237105437554,0.00118869030848,0.00119857769459,0.000239062836044],"mean":[0.000104349965113,0.00092855800176,0.000707473023795,0.000637550314423,0.0021158400923,0.00252979947254,0.00142667652108,0.00156952498946,0.00119950133376,0.000783823314123,0.000514240295161,0.000650915433653,0.000644678948447,0.000418167532189,0.000286169030005,0.000210330879781,0.000173121487023,0.000119376454677,0.0000862980668899,0.0000884884939296,0.0000315978250001,0.000030434674045,0.0000216346561501,0.0000174347569555,0.0000238066568272,0.0000169272116182,0.00000244345528699],"median":[0.0000082297847257,0.000366468331777,0.000216247310163,0.000257988896919,0.00103724142537,0.000941199716181,0.000433773209807,0.000251616846072,0.000193111394765,0.000150620006025,0.0000644320534775,0.0000726516882423,0.0000475686902064,0.0000466151177534,0.000053020681662,0.0000420474025304,0.0000344923100783,0.0000314544158755,0.000021943495085,0.0000120024251373,0.00000795344840299,0.00000569336953049,0.00000378065215045,0.00000349900665242,0.00000298213444694,0.00000103360139292,7.87310199257e-8],"min":[1.27539093162e-22,6.27179760619e-23,5.11415684956e-23,2.11011949943e-24,5.80838726276e-23,7.20801520415e-23,4.07005999845e-23,1.72324061505e-23,6.28563422647e-23,4.1217130328e-23,5.85478175032e-23,9.68291167755e-23,7.18160287887e-23,1.16093478734e-22,7.45085814522e-23,2.46475992631e-22,1.11992260308e-22,2.90464441806e-22,3.55777984816e-22,3.52297454772e-22,4.22588419793e-22,6.79637773883e-22,4.4145615511e-22,9.63661980502e-22,1.22926087024e-21,1.70438545733e-21,2.41947724038e-21],"var":[1.34681386044e-7,0.00000737921209293,0.0000036789576825,0.00000152751636051,0.0000113370524559,0.0000215327763726,0.00000863926106831,0.000018604869183,0.0000110539858724,0.0000043767090574,0.00000270965506388,0.000005572691407,0.00000807701235317,0.00000217842580241,5.53000688797e-7,4.35774040852e-7,1.58166756137e-7,5.71038043518e-8,2.82729661905e-8,4.26231352435e-8,4.34026059537e-9,8.72531913387e-9,5.85452619717e-9,3.50017193007e-9,5.18878939815e-9,3.96882082754e-9,1.20622983824e-10]},"barkbands_crest":{"dmean":2.37922620773,"dmean2":3.89839696884,"dvar":5.20064067841,"dvar2":13.9804372787,"max":26.210193634,"mean":9.7943239212,"median":9.02359008789,"min":2.60225534439,"var":15.1012630463},"barkbands_flatness_db":{"dmean":0.0206456519663,"dmean2":0.0303870849311,"dvar":0.000440331990831,"dvar2":0.000938911456615,"max":0.455952137709,"mean":0.160188958049,"median":0.154040321708,"min":0.0196073390543,"var":0.00316565367393},"barkbands_kurtosis":{"dmean":3.0914478302,"dmean2":4.92099237442,"dvar":26.8718299866,"dvar2":63.7899169922,"max":125.553672791,"mean":6.56140851974,"median":3.45041060448,"min":-1.92043066025,"var":89.0804367065},"barkbands_skewness":{"dmean":0.483464211226,"dmean2":0.756189525127,"dvar":0.29096442461,"dvar2":0.69038850069,"max":10.512342453,"mean":1.71541035175,"median":1.54898035526,"min":-2.02053380013,"var":1.3537042141},"barkbands_spread":{"dmean":3.8788793087,"dmean2":6.05203151703,"dvar":43.322101593,"dvar2":105.104904175,"max":111.966812134,"mean":14.3470716476,"median":11.7661657333,"min":0.63574308157,"var":138.991760254},"dissonance":{"dmean":0.0231808722019,"dmean2":0.0387771204114,"dvar":0.000496436841786,"dvar2":0.00129183311947,"max":0.5,"mean":0.448667526245,"median":0.45759254694,"min":0.112602703273,"var":0.00145496474579},"dynamic_complexity":6.59959602356,"erbbands":{"dmean":[0.0257558785379,0.185737788677,0.586139857769,1.21558833122,2.59198951721,3.7526409626,7.80036067963,11.3090772629,8.59954452515,15.7487411499,22.0763244629,15.6472234726,15.8992166519,12.0001106262,10.7559309006,17.717672348,18.6207962036,13.5066919327,7.9873957634,7.94620037079,5.20301532745,3.89669132233,3.06938195229,2.17348504066,1.84944629669,1.84886682034,0.781095087528,0.576782286167,0.570265233517,0.459467083216,0.311989217997,0.212156310678,0.170443668962,0.178224846721,0.163821980357,0.0855448022485,0.02571426332,0.005184518639,0.00049152871361,0.0000144630066643],"dmean2":[0.0446725003421,0.338740557432,1.05632078648,2.11779952049,4.28351831436,6.01610660553,12.0443115234,18.1401691437,13.1246128082,24.1311397552,34.1923294067,24.0047283173,25.5017280579,18.6138000488,16.5669879913,28.1611785889,30.6547298431,21.9142131805,12.6636590958,12.9317550659,8.29447650909,6.03508901596,4.85218381882,3.42648434639,2.86023688316,2.84225320816,1.20498168468,0.854061245918,0.81684833765,0.62660753727,0.432570248842,0.301186293364,0.236130267382,0.260893076658,0.244628816843,0.129585757852,0.0386171042919,0.00785237550735,0.000820869987365,0.0000228841654462],"dvar":[0.0105454968289,0.555087804794,4.30879926682,9.62634658813,38.1882667542,71.4957504272,386.134887695,779.602600098,444.959716797,1980.3515625,6002.80175781,2544.46044922,3601.86279297,1467.01867676,1237.94641113,5379.50390625,9862.71972656,3390.99536133,686.32434082,762.510681152,448.499084473,107.857223511,52.0711021423,27.4821987152,20.943397522,23.2609806061,4.14202785492,3.03697633743,3.47320532799,5.70193910599,1.40832948685,0.839673638344,0.449938803911,0.327086955309,0.289625197649,0.0876966491342,0.00844877120107,0.000363887200365,0.00000482130462842,2.1191588484e-9],"dvar2":[0.0280940737575,1.61045372486,12.7256155014,27.1570243835,98.0584945679,168.941619873,938.213012695,2031.48876953,998.637023926,4564.5234375,15050.0917969,5848.91308594,9755.08691406,3087.63208008,2950.53955078,14335.4072266,29044.234375,9462.14648438,1739.77282715,2008.41516113,1090.83752441,267.505401611,129.773666382,67.8204803467,49.9095573425,56.3186950684,10.0144662857,6.47914791107,7.15566015244,10.0016498566,2.663012743,1.56775605679,0.821601450443,0.672431766987,0.627445459366,0.189315080643,0.0181047543883,0.000790803111158,0.0000122015608213,5.10676523291e-9],"max":[1.29420602322,10.859749794,49.2841186523,59.8967552185,121.802429199,285.411621094,745.892883301,645.812072754,880.869018555,1602.30322266,2247.80053711,1965.08166504,2105.25341797,1743.19238281,946.913330078,2651.29980469,3237.35180664,1929.44311523,910.882446289,1239.36682129,1265.50524902,496.307434082,259.052581787,177.826278687,144.56791687,147.430053711,67.0309143066,58.7132720947,76.7963790894,242.405258179,81.7790603638,52.162563324,36.2625999451,11.9589242935,9.57960605621,6.2901597023,1.74110424519,0.400031000376,0.0550811775029,0.001207502326],"mean":[0.0266747418791,0.210882782936,0.724000692368,1.66070413589,3.9195022583,7.0612616539,15.9869709015,20.1893939972,18.883436203,27.9819583893,36.2214355469,28.8468074799,26.6513996124,21.8330249786,21.068862915,32.5949478149,30.5506286621,23.2038669586,14.8216075897,14.8041601181,11.7216567993,8.93810749054,7.2184882164,5.16659927368,4.22616815567,4.27059650421,1.77260577679,1.1714527607,1.11218476295,0.862846493721,0.580992341042,0.379470556974,0.294419884682,0.246182128787,0.186008200049,0.0895515605807,0.0264471024275,0.00523209339008,0.000427201826824,0.0000269476295216],"median":[0.00819858163595,0.0903762504458,0.229622542858,0.753132581711,1.7169303894,3.16906023026,5.70277500153,6.93738174438,6.91941165924,6.11141777039,6.50200033188,5.10402727127,5.40031957626,4.55330324173,3.79720020294,3.89324641228,2.83738732338,2.76301622391,2.74718475342,2.79963970184,2.67495727539,1.8579133749,1.95768535137,1.51547026634,0.88892185688,0.604321837425,0.415053069592,0.254635512829,0.20533901453,0.150355398655,0.102762579918,0.0710565075278,0.0577242933214,0.0376062430441,0.0175479650497,0.00614235922694,0.00150520331226,0.000272552366368,0.0000205617070606,0.0000121713637782],"min":[2.35304268184e-21,1.3300347737e-20,6.48630963147e-20,2.47663707668e-20,1.77810692776e-19,1.2842444299e-19,4.01047430606e-19,4.893125392e-19,7.70823660046e-19,3.47945976647e-19,4.13265741284e-19,1.28457033906e-18,1.72074919011e-18,1.67383574506e-18,2.30529880724e-18,4.07086722787e-18,4.04834516775e-18,5.78911822913e-18,3.98211198892e-18,6.51297074829e-18,1.45835813198e-17,6.86965805946e-18,8.62146943253e-18,2.08480914139e-17,1.95561527568e-17,1.74981025773e-17,1.76451173876e-17,1.87296951001e-17,2.89455609536e-17,1.43822968439e-17,1.18100447259e-17,1.71474954573e-17,1.7857739201e-17,1.2382335423e-17,9.09295659142e-18,6.93842447891e-18,3.24259163499e-18,1.30459503752e-18,3.29757412351e-19,3.47291715557e-20],"var":[0.00839644111693,0.355025142431,3.88404154778,10.1346225739,50.2364883423,170.494293213,961.250549316,1546.19445801,1382.59436035,4284.24316406,10073.3564453,6564.80664063,5771.17919922,3667.98266602,3303.21875,14883.9111328,17427.8789063,6658.88232422,1439.20556641,1672.71484375,1360.23498535,408.780395508,194.973464966,88.0981826782,75.5162582397,101.204116821,14.2616758347,7.21129369736,9.17934131622,14.1640548706,3.6220471859,1.78014075756,0.921282529831,0.498727023602,0.364947557449,0.103713326156,0.0100055942312,0.000417333532823,0.00000411163637182,2.5958812877e-9]},"erbbands_crest":{"dmean":2.48414540291,"dmean2":3.99012374878,"dvar":5.88841438293,"dvar2":14.5311746597,"max":29.697845459,"mean":9.9773235321,"median":8.93542098999,"min":1.92659902573,"var":20.7925567627},"erbbands_flatness_db":{"dmean":0.0194445271045,"dmean2":0.0272994078696,"dvar":0.000456679816125,"dvar2":0.00085658946773,"max":0.367718786001,"mean":0.179051026702,"median":0.18320402503,"min":0.0322510078549,"var":0.00276313396171},"erbbands_kurtosis":{"dmean":1.24398124218,"dmean2":1.94159817696,"dvar":4.38610839844,"dvar2":9.6294927597,"max":55.5029029846,"mean":1.77374899387,"median":0.365675032139,"min":-1.79179954529,"var":19.9019489288},"erbbands_skewness":{"dmean":0.35663574934,"dmean2":0.549546957016,"dvar":0.130252495408,"dvar2":0.291073769331,"max":5.98822212219,"mean":0.838911771774,"median":0.698098540306,"min":-4.13331699371,"var":0.806486129761},"erbbands_spread":{"dmean":6.09634065628,"dmean2":9.30641746521,"dvar":75.9602355957,"dvar2":168.432525635,"max":156.587173462,"mean":30.3517990112,"median":27.2177124023,"min":1.88925933838,"var":315.27557373},"gfcc":{"cov":[[22417.5058594,-226.142471313,-3024.41625977,-444.546081543,-977.350158691,41.9460067749,-528.278564453,337.893585205,-256.738342285,100.223983765,-198.909942627,-159.210586548,-222.187698364],[-226.142471313,1506.72424316,-407.868225098,-32.6072807312,151.385971069,-183.658981323,97.3854904175,-136.55670166,131.435501099,-140.841674805,116.567642212,-82.6171875,95.1880340576],[-3024.41625977,-407.868225098,1386.83081055,137.624832153,84.2678527832,163.320724487,-10.1586790085,11.3297767639,-70.4756851196,82.4193649292,-65.7086868286,110.658721924,-19.4922523499],[-444.546081543,-32.6072807312,137.624832153,441.415283203,54.9802474976,-40.682723999,-16.0060043335,1.62026500702,32.082572937,-26.2843875885,-3.81418180466,-17.278181076,41.9625511169],[-977.350158691,151.385971069,84.2678527832,54.9802474976,291.798156738,-16.8424835205,28.2403182983,30.7885951996,4.51633119583,-16.2294616699,4.37678003311,3.09695911407,10.0416440964],[41.9460067749,-183.658981323,163.320724487,-40.682723999,-16.8424835205,251.491455078,52.9612503052,3.25246119499,-41.4096069336,32.6809234619,-16.2414455414,8.32749652863,-53.6003570557],[-528.278564453,97.3854904175,-10.1586790085,-16.0060043335,28.2403182983,52.9612503052,162.107421875,1.94738936424,4.93932962418,-18.9093914032,24.074092865,-5.69508314133,-14.8933677673],[337.893585205,-136.55670166,11.3297767639,1.62026500702,30.7885951996,3.25246119499,1.94738936424,141.969360352,-1.67314493656,9.43101882935,-27.6040744781,7.69232273102,-22.5620326996],[-256.738342285,131.435501099,-70.4756851196,32.082572937,4.51633119583,-41.4096069336,4.93932962418,-1.67314493656,128.456497192,7.14703845978,-8.80821800232,-36.3842811584,16.8433742523],[100.223983765,-140.841674805,82.4193649292,-26.2843875885,-16.2294616699,32.6809234619,-18.9093914032,9.43101882935,7.14703845978,96.6594390869,0.511280834675,6.97182273865,-21.7052307129],[-198.909942627,116.567642212,-65.7086868286,-3.81418180466,4.37678003311,-16.2414455414,24.074092865,-27.6040744781,-8.80821800232,0.511280834675,106.65927124,21.2800369263,-0.0339010767639],[-159.210586548,-82.6171875,110.658721924,-17.278181076,3.09695911407,8.32749652863,-5.69508314133,7.69232273102,-36.3842811584,6.97182273865,21.2800369263,84.109336853,7.44685506821],[-222.187698364,95.1880340576,-19.4922523499,41.9625511169,10.0416440964,-53.6003570557,-14.8933677673,-22.5620326996,16.8433742523,-21.7052307129,-0.0339010767639,7.44685506821,86.0648803711]],"icov":[[0.000142818273162,-0.000183926342288,0.000385608291253,-0.000148009698023,0.000428521714639,-0.000239488799707,0.000464197510155,-0.000440591160441,0.000559270847589,-0.000458746566437,0.000524558185134,-0.000247162533924,0.00029374967562],[-0.000183926342288,0.00158765970264,-0.000464104727143,0.000651460781228,-0.0012462423183,0.000737605500035,-0.0010168296285,0.00146574620157,-0.0017880051164,0.00207518367097,-0.00200237659737,0.00138315977529,-0.00108765659388],[0.000385608291253,-0.000464104727143,0.00213121855631,-0.000874554505572,0.000798184308223,-0.00112477561925,0.00117364735343,-0.000778655987233,0.00169906183146,-0.00206871260889,0.00244177202694,-0.00227380776778,0.000966702587903],[-0.000148009698023,0.000651460781228,-0.000874554505572,0.0030291529838,-0.000951100606471,0.000530751596671,-0.000226107033086,0.000383158796467,-0.00145258579869,0.00185628293548,-0.00164652278181,0.00184807763435,-0.00168291036971],[0.000428521714639,-0.0012462423183,0.000798184308223,-0.000951100606471,0.00546890171245,-0.000555078033358,0.000895937380847,-0.00280576362275,0.00220416113734,-0.00156646384858,0.00175509473775,-0.000920855323784,0.000818804197479],[-0.000239488799707,0.000737605500035,-0.00112477561925,0.000530751596671,-0.000555078033358,0.00640893401578,-0.00311188725755,0.00165354646742,0.000266219634796,-0.00027890628553,0.0000570732045162,0.000847786548547,0.0018077987479],[0.000464197510155,-0.0010168296285,0.00117364735343,-0.000226107033086,0.000895937380847,-0.00311188725755,0.00948196835816,-0.00224632653408,0.000865335110575,0.000597683945671,-0.00040887578507,-0.000311842362862,0.00171663449146],[-0.000440591160441,0.00146574620157,-0.000778655987233,0.000383158796467,-0.00280576362275,0.00165354646742,-0.00224632653408,0.0104653658345,-0.00257307151332,0.0014780141646,0.000674194423482,-0.00100444466807,0.00155372160953],[0.000559270847589,-0.0017880051164,0.00169906183146,-0.00145258579869,0.00220416113734,0.000266219634796,0.000865335110575,-0.00257307151332,0.0131912324578,-0.00554248923436,0.00375893595628,0.00219353567809,-0.000269456708338],[-0.000458746566437,0.00207518367097,-0.00206871260889,0.00185628293548,-0.00156646384858,-0.00027890628553,0.000597683945671,0.0014780141646,-0.00554248923436,0.0163926463574,-0.00493588391691,0.00169254501816,0.000717355229426],[0.000524558185134,-0.00200237659737,0.00244177202694,-0.00164652278181,0.00175509473775,0.0000570732045162,-0.00040887578507,0.000674194423482,0.00375893595628,-0.00493588391691,0.0159201677889,-0.00698613282293,0.00349171599373],[-0.000247162533924,0.00138315977529,-0.00227380776778,0.00184807763435,-0.000920855323784,0.000847786548547,-0.000311842362862,-0.00100444466807,0.00219353567809,0.00169254501816,-0.00698613282293,0.0191846415401,-0.00493090925738],[0.00029374967562,-0.00108765659388,0.000966702587903,-0.00168291036971,0.000818804197479,0.0018077987479,0.00171663449146,0.00155372160953,-0.000269456708338,0.000717355229426,0.00349171599373,-0.00493090925738,0.0170163139701]],"mean":[-94.4940567017,117.349456787,-106.329711914,14.5951452255,-56.4093093872,1.63408601284,-40.681640625,6.16983270645,-23.6162471771,2.63853335381,-13.6618041992,1.26884770393,-8.1046628952]},"hfc":{"dmean":3.15329384804,"dmean2":4.5970492363,"dvar":38.4751091003,"dvar2":86.3238372803,"max":151.614715576,"mean":10.9634666443,"median":4.93504285812,"min":1.20720538541e-16,"var":247.725494385},"melbands":{"dmean":[0.000221422422328,0.000283162517007,0.000236689389567,0.000214770465391,0.000248840078712,0.000247496704105,0.000135970345582,0.000179007125553,0.000172765197931,0.0000934921263251,0.0000796736057964,0.0000495459025842,0.0000424384197686,0.0000453953180113,0.0000496848442708,0.0000281954544334,0.0000277257950074,0.000013736857909,0.0000111639074021,0.00000849447860674,0.00000701972976458,0.00000446234935225,0.0000042180690798,0.00000285576948045,0.00000185512215012,0.00000139537223731,0.00000154616111558,0.00000124827067793,6.01161218583e-7,3.81121111559e-7,3.53100944039e-7,3.52765027856e-7,3.01914610645e-7,2.55799847082e-7,1.93072025922e-7,1.54752257231e-7,1.30882881422e-7,1.22343536191e-7,1.23523548723e-7,1.64886941434e-7],"dmean2":[0.000382437865483,0.000513691455126,0.000402933190344,0.000347426888766,0.000384580285754,0.000394761416828,0.000208257479244,0.000273799145361,0.000268594943918,0.000145432393765,0.000127895924379,0.0000771373743191,0.0000663283644826,0.0000734481727704,0.000080090474512,0.0000463377145934,0.0000453258617199,0.000021934563847,0.0000180422994163,0.0000139338553709,0.0000113281184895,0.000007037423984,0.00000680274570186,0.00000454088922197,0.00000296285725199,0.00000219632738663,0.00000241220027419,0.00000195121492652,9.53070070864e-7,5.94135258325e-7,5.26238977727e-7,5.25173163624e-7,4.31121407019e-7,3.59905783398e-7,2.73793546057e-7,2.23614691208e-7,1.89835191122e-7,1.7230176752e-7,1.78185374011e-7,2.46222015221e-7],"dvar":[7.55261851282e-7,0.00000107542109617,2.94423898595e-7,2.21178922288e-7,3.49037350134e-7,3.52382841129e-7,1.06329274274e-7,2.56026254419e-7,3.45598010654e-7,9.106232568e-8,8.86768631858e-8,2.57925449887e-8,2.26669989445e-8,3.3174181624e-8,5.48348175755e-8,1.59907802555e-8,1.61314499536e-8,2.33087726897e-9,1.31172916973e-9,9.19883391681e-10,1.11111619905e-9,1.78991141353e-10,1.21205018244e-10,5.17959043711e-11,2.17062253588e-11,1.30816260602e-11,1.70789875298e-11,1.12331784499e-11,2.86967173115e-12,1.05204755498e-12,1.24584446492e-12,1.34026448793e-12,1.38872854188e-12,2.10207632551e-12,5.71095633891e-13,3.82514034553e-13,3.02444674123e-13,2.41574067607e-13,1.82485008549e-13,2.89832068935e-13],"dvar2":[0.00000202768228519,0.00000316681007462,8.08474794667e-7,5.54032283162e-7,8.48246656915e-7,9.10995709091e-7,2.3811794847e-7,5.96489257987e-7,8.555876434e-7,2.15520415736e-7,2.40389908868e-7,5.39269784383e-8,5.53872396836e-8,8.76198740229e-8,1.54389312002e-7,4.64570177883e-8,4.56492621481e-8,5.91018789464e-9,3.52194873265e-9,2.41884423602e-9,2.73853628663e-9,4.74401185002e-10,3.19427734263e-10,1.24623159015e-10,5.4371309538e-11,3.24113756667e-11,4.08920571016e-11,2.78927228536e-11,7.30371405716e-12,2.39502731883e-12,2.74493557224e-12,3.02561209593e-12,2.20096575514e-12,4.09418289202e-12,1.12234635648e-12,7.09839847492e-13,5.84847491616e-13,4.70263747648e-13,3.39415913994e-13,6.22017628377e-13],"max":[0.0122809577733,0.0218753404915,0.0126374559477,0.00993765238672,0.0208957958966,0.0140098379925,0.0130800846964,0.0156779084355,0.0161501672119,0.010623796843,0.0104961460456,0.00698546739295,0.00486883847043,0.00619887281209,0.00708388537169,0.00404199119657,0.00423202337697,0.00125949003268,0.00109096663073,0.00154268648475,0.00209458102472,0.000699498283211,0.000367098225979,0.000298420025501,0.000169345425093,0.000146804595715,0.000120116994367,0.0000905525957933,0.0000680498487782,0.0000325614346366,0.0000408703635912,0.0000392574402213,0.000104133257992,0.000145888508996,0.0000573425277253,0.0000346665183315,0.0000310458417516,0.0000250261546171,0.0000168384358403,0.0000120049971883],"mean":[0.000253122561844,0.000353390554665,0.000347879104083,0.000378608499886,0.000521912064869,0.000459229806438,0.000294982746709,0.000308671325911,0.000290014024358,0.000168009515619,0.000129332969664,0.0000864027242642,0.0000744969802327,0.0000750441395212,0.0000891324816621,0.0000449007202405,0.0000446467820439,0.000023191469154,0.0000201561033464,0.0000155390334839,0.0000142727431012,0.00000914724387258,0.00000825440929475,0.00000596105837758,0.00000395907454731,0.00000289116724161,0.00000328863325194,0.00000272050283456,0.00000121750383641,7.29907810637e-7,6.54848804515e-7,6.43637463327e-7,5.56738939395e-7,4.49064543773e-7,3.44370022276e-7,2.67992788849e-7,2.17882998754e-7,2.06916368484e-7,1.92096663909e-7,2.13138278582e-7],"median":[0.0000954019269557,0.000131512599182,0.000168027210748,0.000187648955034,0.000202052237,0.000162909680512,0.000105201514089,0.0000633922027191,0.000049795358791,0.0000286255053652,0.0000248279939115,0.0000164012963069,0.0000108174763227,0.00000880672087078,0.00000828075826576,0.00000460292449134,0.00000466026722279,0.00000384598342862,0.00000353093696503,0.00000333682237397,0.00000289994409286,0.00000174595220415,0.00000160415129358,0.00000154654333073,0.00000105912863546,6.13781821812e-7,4.23810377015e-7,3.59748810297e-7,2.5669049819e-7,1.84683571547e-7,1.2255334525e-7,1.1404036826e-7,9.5498670305e-8,7.47376347476e-8,5.65234614669e-8,4.71044963035e-8,3.95386479113e-8,3.97514767769e-8,3.35129897167e-8,2.93644966121e-8],"min":[2.53559001149e-23,2.8650705481e-23,8.26287069806e-24,1.30716894679e-23,1.06134111384e-23,1.23618306158e-23,1.08668003609e-23,3.78280734387e-24,3.32971285561e-24,9.19397979057e-24,8.44442466881e-24,6.46751399678e-24,6.8283839399e-24,8.99751792643e-24,1.16683280056e-23,8.70056149385e-24,1.06811443134e-23,6.17848167199e-24,6.64716760161e-24,1.1528168722e-23,1.78265651402e-23,7.24123587237e-24,4.93265573248e-24,1.20530499471e-23,1.73635100997e-23,1.45759927828e-23,1.25384881269e-23,1.08625357788e-23,1.17830315367e-23,8.81683485811e-24,1.15380547269e-23,1.89289840558e-23,9.51548084135e-24,7.91898098592e-24,6.16979158026e-24,6.83693755869e-24,1.28397509511e-23,1.19805883398e-23,1.2654813556e-23,9.60928113615e-24],"var":[5.92110779962e-7,8.50487026582e-7,3.54625115051e-7,4.06567011169e-7,8.95684479474e-7,7.54815800974e-7,3.29378337938e-7,5.2691189012e-7,6.14467694504e-7,2.21709413495e-7,1.40986117003e-7,6.37340349385e-8,4.9906471844e-8,7.32076799181e-8,1.38363645874e-7,2.67838160539e-8,2.93512076865e-8,4.28711510736e-9,3.16457438032e-9,1.76939829455e-9,2.97720070819e-9,4.84137396839e-10,3.50858037068e-10,1.55285007075e-10,5.99359936682e-11,3.74755122767e-11,5.77434280946e-11,4.60731210128e-11,8.68884911936e-12,2.38175017903e-12,2.65335474946e-12,2.99555606015e-12,4.1086552563e-12,4.5479418842e-12,1.41301336951e-12,8.08504413592e-13,6.12335052455e-13,4.62887595008e-13,3.49436923624e-13,3.98994368361e-13]},"melbands_crest":{"dmean":2.84858345985,"dmean2":4.67057085037,"dvar":7.40289878845,"dvar2":19.4400939941,"max":34.2765655518,"mean":12.3842926025,"median":11.4405708313,"min":2.61878705025,"var":21.8843269348},"melbands_flatness_db":{"dmean":0.0221896078438,"dmean2":0.033279299736,"dvar":0.00055467360653,"dvar2":0.0011927963933,"max":0.591447710991,"mean":0.238890022039,"median":0.22811844945,"min":0.00691728945822,"var":0.00512612424791},"melbands_kurtosis":{"dmean":5.4506855011,"dmean2":8.64713096619,"dvar":134.245819092,"dvar2":304.80166626,"max":297.297424316,"mean":12.7852916718,"median":7.07974624634,"min":-1.55787670612,"var":411.964508057},"melbands_skewness":{"dmean":0.558782577515,"dmean2":0.873043596745,"dvar":0.479631841183,"dvar2":1.10504329205,"max":12.9369602203,"mean":2.23253417015,"median":2.03237819672,"min":-1.74016916752,"var":2.19607758522},"melbands_spread":{"dmean":3.84516358376,"dmean2":6.03148365021,"dvar":38.2826156616,"dvar2":82.6767578125,"max":210.814468384,"mean":14.9946470261,"median":13.0379257202,"min":0.845486462116,"var":118.930595398},"mfcc":{"cov":[[15406.4111328,625.048950195,-1991.48144531,-631.91973877,-800.432373047,-487.532165527,-295.958129883,-149.25227356,-193.804550171,76.8237457275,-79.9640274048,0.227496176958,55.763217926],[625.048950195,1438.10339355,-311.696380615,-24.7874584198,-7.42644882202,-57.1559333801,-46.2538032532,13.5635499954,-22.6641597748,-27.143163681,21.2260971069,-11.5338954926,-11.1757144928],[-1991.48144531,-311.696380615,989.932800293,100.149887085,131.158081055,163.646514893,59.6392250061,-1.42021095753,40.5163078308,-43.2581634521,9.19818115234,16.276222229,-7.46251726151],[-631.91973877,-24.7874584198,100.149887085,417.559570313,140.980285645,-31.2129859924,-22.0596599579,-0.729786038399,40.3084945679,-13.0860080719,-44.8537216187,-3.40564084053,4.12150192261],[-800.432373047,-7.42644882202,131.158081055,140.980285645,262.919464111,16.5185546875,15.3236560822,6.07705783844,37.5895767212,7.5851521492,-17.0924377441,-14.0522880554,0.659836888313],[-487.532165527,-57.1559333801,163.646514893,-31.2129859924,16.5185546875,195.370498657,54.8013916016,6.41266489029,-3.07990431786,2.54689717293,27.488489151,-0.488900572062,-14.3927974701],[-295.958129883,-46.2538032532,59.6392250061,-22.0596599579,15.3236560822,54.8013916016,176.806610107,61.1823234558,-27.041387558,-4.02546453476,19.6767044067,0.0834015533328,1.50992500782],[-149.25227356,13.5635499954,-1.42021095753,-0.729786038399,6.07705783844,6.41266489029,61.1823234558,117.103660583,12.4658870697,-1.77186059952,11.3875484467,-4.07214689255,1.65682733059],[-193.804550171,-22.6641597748,40.5163078308,40.3084945679,37.5895767212,-3.07990431786,-27.041387558,12.4658870697,132.018478394,31.7528438568,-10.5156288147,-4.64216804504,-5.96105480194],[76.8237457275,-27.143163681,-43.2581634521,-13.0860080719,7.5851521492,2.54689717293,-4.02546453476,-1.77186059952,31.7528438568,94.3043212891,22.2980060577,-7.95780515671,-4.88994073868],[-79.9640274048,21.2260971069,9.19818115234,-44.8537216187,-17.0924377441,27.488489151,19.6767044067,11.3875484467,-10.5156288147,22.2980060577,100.504920959,23.3233604431,-7.43605232239],[0.227496176958,-11.5338954926,16.276222229,-3.40564084053,-14.0522880554,-0.488900572062,0.0834015533328,-4.07214689255,-4.64216804504,-7.95780515671,23.3233604431,77.1448059082,21.2942714691],[55.763217926,-11.1757144928,-7.46251726151,4.12150192261,0.659836888313,-14.3927974701,1.50992500782,1.65682733059,-5.96105480194,-4.88994073868,-7.43605232239,21.2942714691,62.9084777832]],"icov":[[0.000103961901914,-0.0000087492799139,0.000148285660543,0.0000700038435753,0.00019437604351,0.0000920477832551,0.0000547622912563,0.0000735253488529,0.0000597269136051,-0.0000747125814087,0.000114148780995,-0.0000158641032613,-0.000046219163778],[-0.0000087492799139,0.000780603906605,0.000257725390838,0.0000194357307919,-0.00018671543512,0.00000669393284625,0.00023035259801,-0.000163929071277,0.0000183562733582,0.00047621599515,-0.000376658776077,0.000151015963638,0.000121123019198],[0.000148285660543,0.000257725390838,0.00165394006763,-0.000091490248451,-0.000242868758505,-0.000915985554457,-0.000111383938929,0.000368418928701,-0.000467224948807,0.00091529666679,-0.000137155628181,-0.000235649087699,-0.00000708776451575],[0.0000700038435753,0.0000194357307919,-0.000091490248451,0.00322848465294,-0.00144841487054,0.000653620169032,0.000359620753443,-0.000118763586215,-0.000340556493029,0.000308547460008,0.00102707068436,-0.00043970963452,0.00014021761308],[0.00019437604351,-0.00018671543512,-0.000242868758505,-0.00144841487054,0.00551847415045,-0.0000141324071592,-0.000586626119912,0.000337902660249,-0.000719223869964,-0.000805422198027,0.000446129706688,0.000878720486071,-0.000570786825847],[0.0000920477832551,0.00000669393284625,-0.000915985554457,0.000653620169032,-0.0000141324071592,0.00693372497335,-0.00175179494545,0.0007440589834,-9.85354517979e-8,-0.000302816653857,-0.00111269718036,0.000301391119137,0.00111998384818],[0.0000547622912563,0.00023035259801,-0.000111383938929,0.000359620753443,-0.000586626119912,-0.00175179494545,0.00841189362109,-0.00444558123127,0.00235688616522,-0.000349321577232,-0.000303827837342,0.0000109717648229,-0.000367298955098],[0.0000735253488529,-0.000163929071277,0.000368418928701,-0.000118763586215,0.000337902660249,0.0007440589834,-0.00444558123127,0.0113939605653,-0.00247100158595,0.00125321699306,-0.001431415556,0.00119328394067,-0.000779358088039],[0.0000597269136051,0.0000183562733582,-0.000467224948807,-0.000340556493029,-0.000719223869964,-9.85354517979e-8,0.00235688616522,-0.00247100158595,0.00995933357626,-0.00399514520541,0.00183281174395,-0.000839391257614,0.00106718810275],[-0.0000747125814087,0.00047621599515,0.00091529666679,0.000308547460008,-0.000805422198027,-0.000302816653857,-0.000349321577232,0.00125321699306,-0.00399514520541,0.013898992911,-0.00433993432671,0.00244958512485,-0.000486627192004],[0.000114148780995,-0.000376658776077,-0.000137155628181,0.00102707068436,0.000446129706688,-0.00111269718036,-0.000303827837342,-0.001431415556,0.00183281174395,-0.00433993432671,0.0137713002041,-0.00525040412322,0.00277547561564],[-0.0000158641032613,0.000151015963638,-0.000235649087699,-0.00043970963452,0.000878720486071,0.000301391119137,0.0000109717648229,0.00119328394067,-0.000839391257614,0.00244958512485,-0.00525040412322,0.0167130865157,-0.00609727250412],[-0.000046219163778,0.000121123019198,-0.00000708776451575,0.00014021761308,-0.000570786825847,0.00111998384818,-0.000367298955098,-0.000779358088039,0.00106718810275,-0.000486627192004,0.00277547561564,-0.00609727250412,0.0186954122037]],"mean":[-734.796325684,150.366760254,3.99271941185,16.8756694794,2.7854616642,-3.81450462341,-5.14178609848,-2.7633292675,-3.09394907951,-2.659273386,-1.36249661446,-1.86442816257,-0.427482515574]},"pitch_salience":{"dmean":0.0621193014085,"dmean2":0.102038629353,"dvar":0.00336246564984,"dvar2":0.0090119028464,"max":0.845034897327,"mean":0.591435551643,"median":0.601490139961,"min":0.114804819226,"var":0.00964181497693},"silence_rate_20dB":{"dmean":0,"dmean2":0,"dvar":0,"dvar2":0,"max":1,"mean":1,"median":1,"min":1,"var":0},"silence_rate_30dB":{"dmean":0.0017269665841,"dmean2":0.00345423142426,"dvar":0.00172404421028,"dvar2":0.00413292599842,"max":1,"mean":0.997755110264,"median":1,"min":0,"var":0.00223982008174},"silence_rate_60dB":{"dmean":0.0364389941096,"dmean2":0.0728842839599,"dvar":0.0351198464632,"dvar2":0.0736159011722,"max":1,"mean":0.294681400061,"median":0,"min":0,"var":0.207825750113},"spectral_centroid":{"dmean":144.52923584,"dmean2":222.965774536,"dvar":48067.4101563,"dvar2":94685.9765625,"max":11135.6201172,"mean":880.423217773,"median":789.283447266,"min":161.073181152,"var":228047.75},"spectral_complexity":{"dmean":1.88861060143,"dmean2":2.94697761536,"dvar":5.11028862,"dvar2":10.7523136139,"max":52,"mean":12.35658741,"median":11,"min":0,"var":79.2268447876},"spectral_contrast_coeffs":{"dmean":[0.0436664074659,0.0413274355233,0.033435780555,0.0274877045304,0.0198381710798,0.016640342772],"dmean2":[0.07189951092,0.0669690966606,0.0534919239581,0.043908726424,0.0318219363689,0.0256345476955],"dvar":[0.00132934527937,0.00124920345843,0.000807729316875,0.000534752558451,0.000293074292131,0.000246346200584],"dvar2":[0.00347771751694,0.00322241568938,0.00198760186322,0.00128942495212,0.00067983585177,0.000519612396602],"max":[-0.316407680511,-0.397194266319,-0.470318347216,-0.482059389353,-0.552165031433,-0.631399214268],"mean":[-0.653700351715,-0.712562978268,-0.760476648808,-0.780565202236,-0.796239316463,-0.795616328716],"median":[-0.654822468758,-0.71580350399,-0.763743758202,-0.784650683403,-0.794491887093,-0.793649315834],"min":[-0.959706008434,-0.961158692837,-0.965528666973,-0.963102698326,-0.955754935741,-0.961001455784],"var":[0.00711174262688,0.00599654158577,0.00514946319163,0.00445893965662,0.00255671353079,0.0017553671496]},"spectral_contrast_valleys":{"dmean":[0.345530956984,0.313265025616,0.293237924576,0.255437016487,0.248591378331,0.328725099564],"dmean2":[0.573489129543,0.507640361786,0.471382170916,0.398269355297,0.3651432693,0.42158228159],"dvar":[0.120830133557,0.0858779475093,0.091279566288,0.084746286273,0.108056388795,0.196113288403],"dvar2":[0.278254151344,0.188036516309,0.189354032278,0.16645014286,0.202193468809,0.333819717169],"max":[-5.25053071976,-4.5649561882,-5.01878833771,-5.85553264618,-5.83379411697,-7.93261528015],"mean":[-7.87403726578,-7.2072725296,-8.09157276154,-8.65941810608,-8.81509590149,-11.3788156509],"median":[-7.68773174286,-6.89527320862,-7.77754402161,-8.34869003296,-8.54259872437,-11.0711650848],"min":[-27.4612674713,-27.1783504486,-27.0767211914,-27.0977668762,-27.4224300385,-27.2529125214],"var":[1.44739627838,2.33088493347,2.40316104889,2.44244265556,2.41298174858,2.18808817863]},"spectral_decrease":{"dmean":1.22583554418e-9,"dmean2":1.91831284191e-9,"dvar":5.09980339568e-18,"dvar2":1.24479432533e-17,"max":-2.27690389429e-29,"mean":-3.80070508399e-9,"median":-2.08958828019e-9,"min":-4.31788080846e-8,"var":2.12495999202e-17},"spectral_energy":{"dmean":0.00487181963399,"dmean2":0.00759364059195,"dvar":0.0000800352499937,"dvar2":0.000193948188098,"max":0.172836750746,"mean":0.0153391379863,"median":0.00837965589017,"min":1.10356386953e-20,"var":0.000349922891473},"spectral_energyband_high":{"dmean":0.0000891845411388,"dmean2":0.000123413759866,"dvar":5.65365603222e-8,"dvar2":9.65940074593e-8,"max":0.0108180493116,"mean":0.000184430231457,"median":0.0000427724808105,"min":7.79458026543e-21,"var":1.65970547528e-7},"spectral_energyband_low":{"dmean":0.00146614736877,"dmean2":0.00254657515325,"dvar":0.0000258683921857,"dvar2":0.0000715906935511,"max":0.0920451879501,"mean":0.00203999737278,"median":0.000843013520353,"min":1.72538218308e-22,"var":0.0000225426083489},"spectral_energyband_middle_high":{"dmean":0.00124751660042,"dmean2":0.00191004085355,"dvar":0.0000110010769276,"dvar2":0.0000283693862002,"max":0.106456056237,"mean":0.00373349548317,"median":0.00111334142275,"min":1.65795984447e-21,"var":0.0000578303370276},"spectral_energyband_middle_low":{"dmean":0.00347209884785,"dmean2":0.0052826567553,"dvar":0.0000412176632381,"dvar2":0.000096797819424,"max":0.153576686978,"mean":0.00984035246074,"median":0.00537202646956,"min":2.66093739031e-22,"var":0.000153668253915},"spectral_entropy":{"dmean":0.171371608973,"dmean2":0.248828038573,"dvar":0.0394945591688,"dvar2":0.0775404423475,"max":9.79699134827,"mean":7.15277004242,"median":7.20545864105,"min":4.85925769806,"var":0.284877061844},"spectral_flux":{"dmean":0.0146733801812,"dmean2":0.0230613872409,"dvar":0.000437782873632,"dvar2":0.000924696796574,"max":0.262259215117,"mean":0.0526966005564,"median":0.041010029614,"min":1.05050648735e-10,"var":0.00197614450008},"spectral_kurtosis":{"dmean":2.67198562622,"dmean2":4.38966417313,"dvar":11.0696582794,"dvar2":28.864988327,"max":64.8768692017,"mean":8.30384731293,"median":6.63572692871,"min":-1.21235370636,"var":40.2054595947},"spectral_rms":{"dmean":0.000512219383381,"dmean2":0.00077093206346,"dvar":5.11407620252e-7,"dvar2":0.00000114609065349,"max":0.0129854232073,"mean":0.00322439218871,"median":0.00285924365744,"min":3.28123097269e-12,"var":0.00000456830184703},"spectral_rolloff":{"dmean":326.298461914,"dmean2":556.784240723,"dvar":1023843.0625,"dvar2":2769276.5,"max":18863.0859375,"mean":997.664306641,"median":775.1953125,"min":21.533203125,"var":1286693.375},"spectral_skewness":{"dmean":0.281611353159,"dmean2":0.447282969952,"dvar":0.0885405689478,"dvar2":0.213519826531,"max":6.68402719498,"mean":2.1468667984,"median":2.02362680435,"min":0.0145989358425,"var":0.529436826706},"spectral_spread":{"dmean":661337,"dmean2":936147.3125,"dvar":982301212672,"dvar2":1857847296000,"max":41811716,"mean":4143013.5,"median":3573726,"min":1125636.375,"var":3701232369660},"spectral_strongpeak":{"dmean":0.407149791718,"dmean2":0.675105512142,"dvar":0.543259203434,"dvar2":1.43385922909,"max":11.3409357071,"mean":0.839564979076,"median":0.432164549828,"min":0,"var":1.32015109062},"zerocrossingrate":{"dmean":0.00800324231386,"dmean2":0.00987044908106,"dvar":0.000149679981405,"dvar2":0.000217044420424,"max":0.49658203125,"mean":0.0459642894566,"median":0.04052734375,"min":0.0029296875,"var":0.000936312018894}},"metadata":{"audio_properties":{"analysis_sample_rate":44100,"bit_rate":192019,"codec":"mp3","downmix":"mix","equal_loudness":0,"length":268.90447998,"lossless":false,"md5_encoded":"a6d7afdcbaccca0dc72b605789e81cba","replay_gain":-6.17954444885,"sample_rate":44100},"tags":{"acoustid_fingerprint":["AQADtNKUKCG1CO2fw0f3Hf-JD_sjhOeFJtAowmZSMD9-kMwZlNp8OACPegmupGhnwlEP8Ue441cePMxxES2aI8dz6HqQH70OJnEWdJU-ND726eh3pGc69PhpoTscOg7KJUfFE811I1dJBfdxpuiTo-mL3ITORQhzdH8oPE1RK5HDoImX4CiVp2j64lkQZpSgFfH5BL_QLY_hGs9xByXx_MjjB9dC6FuCRkHxHdeP_zjQi8WJ48hx5MQVHOODFIyPazl-3EcPS3EqXEryIczxQiGT8EWT7DiPX4f4o3YOPU-CXPnR_AiXZtOh5U9SPEOYTjiPWceXSAx4RQvuKTT-IKaIPrkgVc4RMsuo4kefKMQP7vrQD5-CKzwmPmie5_gjnIeuU2iaoA9OcUIfGkd_48lzzAkalXiJS8kRxsXHHfoo9A-aySEDaX1xYUpGRkIVH3lyhH4uJAt53MefYFcqfEkeNJMOpt_xXMNoBuIz4tnRtD_6PEmEeyHxpAsuHX1yTKmS5MR55DkFLauPUMoTXE_RzzDO40J-JIskPHgTHBfeJjGqIyHLIzpqZRlxi0ywZ8WfwzqyK4Hq4H_QNTnE_eh1YTSNH94SxKaDNXkR93BNgjcOxc4stLUCV8iTrPBx_siPXgn0JNGL_3hyeDl0PXiP6GiOJiLxcMFF1GlShDn046bBZjy0M0KoTFFwKR5eNcFOSThx40mO_0imI05zFY7INNgrGg-V41RG8Flww3uO6MlltCRK6Yb-oOTa4c-OB1_CoD98IufRG0-BPcf0w0eaYvKBHz_yP6iZg3F6POcxKssD4zmeHt9S43wCL09EXE3RaFpRJxq84shzJNl-48zxPIGbisd__BMe5gzRXGCYPMUT5Ish5inyYPiOazmaB9eQTspCQ3llfDnEHh-RB7yO8LiEG9rCwDnOwFOUQeuPnPiEG3V0wXVZ_Nh59DF-5BJzfEkpBU2SF-Fr4Me3Hg_G7FzQRPmDklmGv8iPRAlKzWiTHd4xnug1484RUkeTJeGHp8eUfLHQjwvyFzz64gnKpEe-Es-O6pgysgn0H7lEFtPDvHCPR8QzVMkL5KkM_UMW-Me1451QyrlxOsR_hNn0QfuRHw2HkjmqvrjC4ywcPShTZTLyE9oTPEdo41eRNTtKiKF05ORx6UiP-YOc7AgTKsfxBj1tND8uBrFIIbGY41dQfIOj3biSDtP2IF-g4wfDMWiYD-Hiwy-joDmPvIGuPMiOlkdzHXeCWRQlfAmPH9VzGQ_hR0do9dCVsAuuXEJ3JMt9_Hg0_PiJKieaqIuKvyH2HckepAc1JUOtpAOjw3qGVD00qYvRLEmESGKVRfjRqDwqpxyemBPK5QjzLIMuqUb449SEH1Ui58anHtdO9GieFfkL_TiPTREVqBuP0NuH5hRYVHBCTEdO6PWCSv0QRkleXMkwNtkRUjy-HOfhSI_BLBFCfZvg65guGb2UTUItHvfwpcQfRIqeDpqoDM9xU8M1JoG