{"lowlevel":{"average_loudness":0.202038019896,"barkbands":{"dmean":[0.00000270849614026,0.000263297639322,0.000180619565072,0.000318438513204,0.00126695248764,0.000805282616057,0.00148110371083,0.000751456478611,0.000676739611663,0.000282873312244,0.000392771093175,0.000296150130453,0.000202066628844,0.000116680639621,0.000155404180987,0.000104178965557,0.000129592095618,0.0000913519179448,0.000054171832744,0.0000513533050253,0.0000629533751635,0.0000889393413672,0.000177344496478,0.000012478582903,0.0000172859181475,0.00000175199716068,2.10987618487e-8],"dmean2":[0.00000449240906164,0.000433496810729,0.000286433642032,0.000462612195406,0.00196257908829,0.00117281067651,0.00221732468344,0.00110869621858,0.00098712858744,0.000433760054875,0.000598812010139,0.000443891214672,0.000303129840177,0.000183351134183,0.000242802139837,0.000163357748534,0.00020339434559,0.000140371048474,0.0000823454174679,0.0000741205876693,0.000092467853392,0.000136727787321,0.000271732162219,0.000018744089175,0.0000272088527709,0.00000283742292595,3.91111676379e-8],"dvar":[9.28323529159e-11,3.73647651486e-7,1.52772926754e-7,4.74449080912e-7,0.00000599033319304,0.000003844758794,0.0000112031830213,0.00000489337435283,0.00000436954360339,0.00000175419154402,0.00000179738242423,0.00000164782909451,9.00467114207e-7,1.41586824043e-7,1.93384963154e-7,5.9878857428e-8,5.77369867472e-8,6.9503776956e-8,3.40537482657e-8,2.94455944072e-8,5.44918989931e-8,8.14286735817e-8,2.32955528645e-7,2.15952478122e-9,2.72055311612e-9,3.28784256765e-11,1.1751523352e-14],"dvar2":[2.44351483492e-10,9.96201379166e-7,4.09975086768e-7,0.00000109125676317,0.0000146820657392,0.00000866306527314,0.0000244247403316,0.0000111602803372,0.00000942706174101,0.00000364336892744,0.00000398406018576,0.00000325330847772,0.00000183174677204,2.99201644793e-7,4.53171821846e-7,1.4310826657e-7,1.43718168033e-7,1.4568419715e-7,9.2116174244e-8,6.29102174798e-8,1.1278200418e-7,1.94785584995e-7,5.45108605365e-7,4.53369874975e-9,7.03327662777e-9,8.60545870673e-11,3.40116254388e-14],"max":[0.000195561326109,0.00862160511315,0.00719454139471,0.0132986530662,0.0418454706669,0.0587160997093,0.0627384632826,0.0493561215699,0.0864303410053,0.0649416297674,0.0422816537321,0.0398798435926,0.0425865054131,0.0174788013101,0.0146502954885,0.00618977891281,0.00501215644181,0.00943659711629,0.00641410332173,0.00396014563739,0.00685695838183,0.00635925959796,0.00868122000247,0.00174022302963,0.000809778866824,0.000109669592348,0.00000276061200566],"mean":[0.00000361283150596,0.000463859236334,0.000467266247142,0.00068381841993,0.00276441848837,0.00168059533462,0.00281217182055,0.00139695720281,0.00131635251455,0.000500823778566,0.000730013474822,0.000536497391295,0.000341232866049,0.00023284580675,0.000277644372545,0.000259113410721,0.000336299504852,0.000241116751567,0.000171941879671,0.000100562836451,0.0000983493591775,0.000106134866655,0.000203294621315,0.0000175527238753,0.0000176354333234,0.00000181796610832,1.95449469942e-8],"median":[6.46488445e-7,0.000188399819308,0.000143512850627,0.000141446536873,0.000816307379864,0.000536899955478,0.000886594760232,0.000135867390782,0.000313753873343,0.0000844038731884,0.000161715171998,0.0000552831843379,0.0000969899920165,0.000101173020084,0.00013130287698,0.000104774924694,0.000215150139411,0.00013218728418,0.0000547428353457,0.0000280799413304,0.0000141179853017,0.000015502282622,0.0000385160601581,0.00000310420364258,0.00000360695912605,4.0647790911e-7,7.97201238356e-9],"min":[1.77567225511e-23,1.15172224881e-23,5.37264605781e-24,2.65356747308e-23,8.33020392062e-23,3.83307766282e-23,3.39339657097e-23,3.250306038e-23,7.72675246494e-23,7.61300629547e-23,4.24252676489e-23,3.88676248732e-23,4.06624790701e-23,8.97796790216e-23,2.0319481721e-22,6.31534967014e-23,6.2378469261e-23,1.32279377275e-22,3.80978367314e-22,4.44691772243e-22,4.98586547339e-22,4.63307829377e-22,8.17257524915e-22,9.15238189286e-22,1.3800031268e-21,1.48614174889e-21,2.28051453254e-21],"var":[1.4003095905e-10,5.38604467692e-7,5.58509270832e-7,0.00000146688046243,0.0000194425629161,0.000013399026102,0.0000296229918604,0.0000157613721967,0.0000117017025332,0.00000445144723926,0.00000525309087607,0.00000551095854462,0.00000169880263456,2.87383386421e-7,3.38364060326e-7,1.99759725206e-7,1.68653116361e-7,1.82204502153e-7,1.27221440493e-7,7.31337834736e-8,1.31044572527e-7,1.15717099902e-7,2.93919754313e-7,5.04333286244e-9,2.56596921488e-9,2.83482161356e-11,6.52008608643e-15]},"barkbands_crest":{"dmean":2.09455060959,"dmean2":3.34597468376,"dvar":4.01760387421,"dvar2":10.3509531021,"max":26.1935710907,"mean":10.0140676498,"median":9.10537338257,"min":2.72264933586,"var":17.8208065033},"barkbands_flatness_db":{"dmean":0.0187006257474,"dmean2":0.0276663377881,"dvar":0.000321898027323,"dvar2":0.000724237004761,"max":0.355679661036,"mean":0.165407851338,"median":0.161842823029,"min":0.0512237772346,"var":0.00229190918617},"barkbands_kurtosis":{"dmean":2.91466641426,"dmean2":4.75295305252,"dvar":88.0741882324,"dvar2":256.969512939,"max":246.717102051,"mean":4.18017721176,"median":1.49813592434,"min":-1.90594029427,"var":141.481185913},"barkbands_skewness":{"dmean":0.474799752235,"dmean2":0.732723295689,"dvar":0.384475380182,"dvar2":1.04434490204,"max":8.8334941864,"mean":0.914774596691,"median":1.19949293137,"min":-14.113368988,"var":3.18870234489},"barkbands_spread":{"dmean":5.59985733032,"dmean2":8.59998035431,"dvar":62.2662200928,"dvar2":150.948760986,"max":110.764854431,"mean":21.0592060089,"median":17.566444397,"min":0.980031430721,"var":210.465835571},"dissonance":{"dmean":0.0170852970332,"dmean2":0.0282485615462,"dvar":0.000297228514683,"dvar2":0.000779938651249,"max":0.500000059605,"mean":0.451310873032,"median":0.459917664528,"min":0.255361139774,"var":0.00123427400831},"dynamic_complexity":5.68790102005,"erbbands":{"dmean":[0.00362542271614,0.072002902627,0.21949917078,0.586231231689,2.31679058075,5.4595451355,4.76783466339,6.91943120956,12.2292490005,29.987985611,15.2595500946,13.3334369659,14.5152311325,8.22316265106,13.5983829498,12.228644371,7.10847091675,7.2454123497,7.36959171295,6.87481546402,6.34665632248,7.01122188568,4.93585014343,2.71107435226,2.73899006844,2.41034269333,2.13238406181,3.38445591927,3.32070183754,2.10151910782,7.28839588165,0.825729966164,0.138125196099,0.0720228999853,0.1603384763,0.0404732003808,0.00230840942822,0.000142528268043,0.00000884739256435,0.0000052915465858],"dmean2":[0.00590651249513,0.118736997247,0.356633245945,0.847542762756,3.47433590889,8.53751277924,7.07480573654,10.4633016586,18.1476764679,44.3734092712,22.5462265015,19.365447998,21.0345954895,12.3980464935,20.6522769928,17.8405056,10.5098142624,11.3342876434,11.5768728256,10.8332824707,9.92320632935,11.0327949524,7.48237133026,4.14509439468,4.24769163132,3.46039938927,3.03443932533,5.04348468781,5.15399599075,3.17126274109,11.2841291428,1.2104934454,0.204589471221,0.106456108391,0.25718921423,0.0648581460118,0.00368271907791,0.000233849859796,0.0000139434623634,0.00000753460062697],"dvar":[0.0000913406984182,0.0275950673968,0.232826173306,1.62556540966,15.5756998062,147.764221191,228.616821289,390.797149658,591.471923828,6185.20458984,2203.65942383,1640.80908203,3523.18188477,604.816833496,2563.27319336,2936.41186523,939.234008789,769.493835449,493.560150146,279.037109375,210.421463013,182.705215454,194.286376953,79.1195678711,108.136558533,58.9732475281,83.0381011963,110.384529114,111.562614441,58.5316238403,410.211883545,5.34181833267,0.217075899243,0.0820962563157,0.242585167289,0.0170277543366,0.0000545548973605,2.61676746049e-7,7.81473552536e-10,6.35367314317e-11],"dvar2":[0.00024658293114,0.0738007873297,0.645579755306,3.73834943771,36.8791160583,341.711700439,538.203857422,925.263000488,1262.5078125,14048.9267578,5368.45068359,3523.99316406,6893.31933594,1388.1673584,6013.29101563,5867.453125,1908.96496582,1666.81030273,1208.00378418,682.710205078,504.803131104,445.366424561,390.96762085,187.149154663,309.319976807,123.985443115,171.905807495,238.332015991,269.571563721,136.78024292,969.416687012,11.3054904938,0.431028544903,0.168018192053,0.630426287651,0.0444743707776,0.000141858268762,6.96772872288e-7,2.09044470623e-9,1.27810484418e-10],"max":[0.182127058506,2.43515920639,8.10837650299,28.3936233521,65.0969619751,227.818634033,463.969970703,725.132751465,407.378295898,1346.30603027,1259.61914063,1609.10913086,2881.03735352,618.05078125,1484.27404785,1827.85498047,1211.37097168,956.756103516,767.49798584,546.013305664,402.392700195,332.450500488,412.101776123,456.609008789,399.764007568,189.354156494,279.982818604,232.832519531,231.947113037,309.90032959,305.449981689,60.9767341614,14.9767360687,14.2067594528,7.3963727951,2.08342456818,0.121836006641,0.00893735792488,0.000600924773607,0.000166322963196],"mean":[0.00703753344715,0.130175083876,0.55682682991,1.4103397131,4.91080331802,11.679561615,10.5425395966,14.3536272049,24.8269424438,54.1139221191,29.8183288574,26.4298686981,27.0230503082,17.9149055481,25.9254512787,23.8119773865,14.0150413513,14.4616575241,13.9273061752,13.3662433624,18.3112602234,19.0225563049,14.0879774094,8.79070472717,8.18118000031,4.98945474625,3.88977503777,4.52227926254,3.97103977203,2.64824676514,8.07512569427,1.08595776558,0.185634791851,0.0880371257663,0.156895801425,0.039153419435,0.00248488388024,0.000160228999448,0.0000169570357684,0.0000199310070457],"median":[0.00145099428482,0.0589482337236,0.222865343094,0.52963912487,2.10210895538,2.64691066742,3.66997051239,4.98418521881,9.27718925476,12.6159248352,4.88414669037,7.31909894943,3.75261878967,4.92638015747,5.77884292603,2.95689058304,4.08168411255,5.53824520111,5.59323978424,6.69023799896,9.49786758423,12.22681427,8.70236682892,4.70744895935,2.83661174774,1.56042182446,0.600199818611,0.646079778671,0.607747972012,0.441886544228,1.47329926491,0.228930294514,0.029147149995,0.0116080474108,0.0327041596174,0.0084092002362,0.000625879736617,0.0000523140261066,0.00000911663664738,0.0000129905693029],"min":[6.75973369827e-22,1.36233365226e-21,4.9703566447e-21,5.22823448197e-20,1.39082109421e-19,3.46010089671e-19,2.66285750149e-19,3.95638651677e-19,5.37788683517e-19,5.10877292866e-19,8.95941965525e-19,2.06943694097e-18,1.61319947705e-18,2.1930894824e-18,1.96309170629e-18,1.95094910848e-18,1.95811476734e-18,4.39571387572e-18,8.40439407874e-18,8.03830792786e-18,3.55768478944e-18,3.44333306681e-18,5.93578645072e-18,2.24918167507e-17,1.33585541296e-17,1.88450851412e-17,2.65413671206e-17,1.84756232662e-17,1.60417319949e-17,2.01378526333e-17,2.08984998005e-17,1.8455145583e-17,1.59803121801e-17,1.44436091253e-17,1.05512023923e-17,5.34063248153e-18,3.19523988761e-18,1.15458934895e-18,3.50401255501e-19,3.05625238698e-20],"var":[0.000196089516976,0.0389306209981,0.679124057293,4.9332652092,49.4631652832,517.194091797,734.584289551,1284.92932129,1701.9407959,16194.6972656,6221.12792969,4168.046875,10015.8046875,2321.75463867,7142.11083984,11061.8017578,2068.36523438,1584.7598877,922.431640625,523.131164551,797.311523438,549.241516113,549.968505859,259.710632324,318.985046387,157.342926025,212.084793091,213.221694946,155.567214966,101.291870117,466.107299805,10.7650089264,0.494159787893,0.143275499344,0.207889929414,0.0139956222847,0.0000486044336867,2.07543465081e-7,7.33290428379e-10,4.6358411554e-10]},"erbbands_crest":{"dmean":2.49061632156,"dmean2":4.01276683807,"dvar":6.49600744247,"dvar2":17.0990982056,"max":31.4218597412,"mean":10.2169723511,"median":8.63217735291,"min":2.26639485359,"var":26.7031402588},"erbbands_flatness_db":{"dmean":0.0176983121783,"dmean2":0.0252486094832,"dvar":0.00030099489959,"dvar2":0.000619217171334,"max":0.409726411104,"mean":0.20664998889,"median":0.200182199478,"min":0.0264554992318,"var":0.00246451958083},"erbbands_kurtosis":{"dmean":1.7591201067,"dmean2":2.9038271904,"dvar":29.4537715912,"dvar2":87.568687439,"max":116.551177979,"mean":2.62590312958,"median":-0.276951611042,"min":-1.86980605125,"var":123.909957886},"erbbands_skewness":{"dmean":0.400261342525,"dmean2":0.612152576447,"dvar":0.208520129323,"dvar2":0.540138423443,"max":3.45794701576,"mean":-0.0253324452788,"median":0.194738537073,"min":-7.80263519287,"var":2.03066658974},"erbbands_spread":{"dmean":6.86136960983,"dmean2":10.3693799973,"dvar":72.9817047119,"dvar2":165.729187012,"max":122.834907532,"mean":33.7629127502,"median":32.1204833984,"min":1.0695579052,"var":328.451385498},"gfcc":{"cov":[[14459.6572266,2583.44116211,-1854.94433594,-108.815170288,-640.411560059,-204.119888306,-311.308624268,269.119445801,-74.0098419189,-314.392089844,-45.2511100769,-387.258911133,-126.123558044],[2583.44116211,2494.92456055,-852.760253906,-935.604064941,610.410461426,-654.93737793,-28.1825084686,37.8447532654,-118.311256409,-212.623825073,214.674835205,-281.471984863,40.8369140625],[-1854.94433594,-852.760253906,1158.96081543,471.548431396,-291.827972412,456.960784912,15.5163631439,-69.4592514038,93.8734436035,142.75743103,-80.0667037964,184.836547852,-83.0680999756],[-108.815170288,-935.604064941,471.548431396,909.801391602,-211.781707764,344.173614502,21.2580375671,39.1072769165,127.719795227,59.4829216003,-105.992622375,117.749984741,-40.7152290344],[-640.411560059,610.410461426,-291.827972412,-211.781707764,582.722351074,-240.22102356,29.7937107086,71.1038284302,-21.7122516632,-43.1063346863,88.4382781982,-51.15599823,57.1199417114],[-204.119888306,-654.93737793,456.960784912,344.173614502,-240.22102356,498.710845947,91.0914001465,6.63920164108,78.7748413086,87.1267089844,-82.5178451538,123.592758179,-46.5147819519],[-311.308624268,-28.1825084686,15.5163631439,21.2580375671,29.7937107086,91.0914001465,178.041702271,32.5832710266,16.7930812836,25.2054347992,40.0348815918,7.35848140717,19.5086479187],[269.119445801,37.8447532654,-69.4592514038,39.1072769165,71.1038284302,6.63920164108,32.5832710266,123.415367126,39.724193573,6.74750137329,4.18119382858,7.32360601425,-5.1881313324],[-74.0098419189,-118.311256409,93.8734436035,127.719795227,-21.7122516632,78.7748413086,16.7930812836,39.724193573,110.809494019,43.8527145386,-11.2797880173,31.1245937347,-6.79402542114],[-314.392089844,-212.623825073,142.75743103,59.4829216003,-43.1063346863,87.1267089844,25.2054347992,6.74750137329,43.8527145386,131.245788574,25.7406635284,41.0980453491,11.8734855652],[-45.2511100769,214.674835205,-80.0667037964,-105.992622375,88.4382781982,-82.5178451538,40.0348815918,4.18119382858,-11.2797880173,25.7406635284,126.963050842,3.65661811829,20.1174736023],[-387.258911133,-281.471984863,184.836547852,117.749984741,-51.15599823,123.592758179,7.35848140717,7.32360601425,31.1245937347,41.0980453491,3.65661811829,126.958122253,8.0426607132],[-126.123558044,40.8369140625,-83.0680999756,-40.7152290344,57.1199417114,-46.5147819519,19.5086479187,-5.1881313324,-6.79402542114,11.8734855652,20.1174736023,8.0426607132,91.4843521118]],"icov":[[0.000564157380722,-0.0013493837323,0.0012607651297,-0.00111222616397,0.00176968902815,-0.00126809626818,0.00137614354026,-0.00135984295048,0.00106031983159,-0.000823808542918,0.000156717855134,-0.000130902262754,0.000072327988164],[-0.0013493837323,0.00447109946981,-0.00310405530035,0.00347105762921,-0.00477822078392,0.00297656399198,-0.00281991623342,0.00289126881398,-0.00337965739891,0.00359645741992,-0.0020828905981,0.00201375037432,-0.000304494256852],[0.0012607651297,-0.00310405530035,0.00475956266746,-0.0029338193126,0.00386419775896,-0.00352298188955,0.00296774483286,-0.00139480014332,0.00223722192459,-0.00322698336095,0.00101009104401,-0.00199397816323,0.00176198477857],[-0.00111222616397,0.00347105762921,-0.0029338193126,0.00453668273985,-0.00365272373892,0.00192040123511,-0.00228776736185,0.00188369839452,-0.00382427545264,0.00311756855808,-0.000802007503808,0.00103095162194,-0.000478783884319],[0.00176968902815,-0.00477822078392,0.00386419775896,-0.00365272373892,0.00844008941203,-0.00301172723994,0.00371168553829,-0.00573827745393,0.00357307074592,-0.00255894940346,0.000277112500044,-0.000987348030321,-0.000838892010506],[-0.00126809626818,0.00297656399198,-0.00352298188955,0.00192040123511,-0.00301172723994,0.00920898653567,-0.00715626077726,0.00342485518195,-0.00266387686133,-0.000106647748908,0.00366293312982,-0.00343780266121,0.00217458931729],[0.00137614354026,-0.00281991623342,0.00296774483286,-0.00228776736185,0.00371168553829,-0.00715626077726,0.012884542346,-0.00580400880426,0.00233005802147,-0.000285504182102,-0.00522766448557,0.00366918789223,-0.00316314864904],[-0.00135984295048,0.00289126881398,-0.00139480014332,0.00188369839452,-0.00573827745393,0.00342485518195,-0.00580400880426,0.0156456548721,-0.00619427487254,0.000475276669022,0.00178270915058,-0.00255381758325,0.00316642411053],[0.00106031983159,-0.00337965739891,0.00223722192459,-0.00382427545264,0.00357307074592,-0.00266387686133,0.00233005802147,-0.00619427487254,0.0163189470768,-0.00619645463303,0.00223053060472,-0.00180751679,0.000550857454073],[-0.000823808542918,0.00359645741992,-0.00322698336095,0.00311756855808,-0.00255894940346,-0.000106647748908,-0.000285504182102,0.000475276669022,-0.00619645463303,0.0156532973051,-0.00722842989489,0.00323247723281,-0.00383882969618],[0.000156717855134,-0.0020828905981,0.00101009104401,-0.000802007503808,0.000277112500044,0.00366293312982,-0.00522766448557,0.00178270915058,0.00223053060472,-0.00722842989489,0.0166404712945,-0.00697583798319,0.00266912882216],[-0.000130902262754,0.00201375037432,-0.00199397816323,0.00103095162194,-0.000987348030321,-0.00343780266121,0.00366918789223,-0.00255381758325,-0.00180751679,0.00323247723281,-0.00697583798319,0.0166851114482,-0.00497642578557],[0.000072327988164,-0.000304494256852,0.00176198477857,-0.000478783884319,-0.000838892010506,0.00217458931729,-0.00316314864904,0.00316642411053,0.000550857454073,-0.00383882969618,0.00266912882216,-0.00497642578557,0.0154264941812]],"mean":[-78.4013748169,102.287071228,-140.498321533,25.4843139648,-66.9694824219,-2.21000862122,-47.6138839722,2.27710700035,-17.1708660126,-6.59321737289,-16.6804523468,1.72101473808,-15.6193695068]},"hfc":{"dmean":3.99017691612,"dmean2":5.61264705658,"dvar":49.3284912109,"dvar2":99.4629135132,"max":119.039039612,"mean":13.5434122086,"median":8.09455299377,"min":1.13627974332e-16,"var":246.336975098},"melbands":{"dmean":[0.0000526406402059,0.000107870582724,0.00013934278104,0.000286913767923,0.000179913273314,0.000155981586431,0.000222063899855,0.000290765310638,0.000119028409244,0.0000914495540201,0.0000727054866729,0.0000321890438499,0.0000545287002751,0.0000327147245116,0.0000239641776716,0.0000195903303393,0.0000128752526507,0.0000130335401991,0.00000931504837354,0.00000754051234253,0.00000797913526185,0.00000907846151676,0.00000486718363391,0.00000523816834175,0.00000205170886147,0.00000256887960859,0.00000170952455392,0.00000171176577624,0.00000146171100823,0.0000012734971051,0.00000252778318099,0.00000227416603593,0.00000120897618672,9.06247976218e-7,0.00000520081175637,0.00000147518892391,2.07992343348e-7,9.53264986947e-8,6.06653500768e-8,5.66941693592e-8],"dmean2":[0.0000858057537698,0.00017644498439,0.000201356058824,0.000444603210781,0.000272098783171,0.000232944803429,0.00032998129609,0.000427856255556,0.000176339613972,0.000132717075758,0.000106153100205,0.0000493746119901,0.0000834815073176,0.0000485688979097,0.0000353981195076,0.0000298420327454,0.0000202469982469,0.0000208291585295,0.0000145687754411,0.000011940337572,0.0000124763109852,0.0000144028153954,0.00000734241439204,0.00000826884479466,0.00000312613929054,0.00000392673337046,0.00000267028735834,0.00000250903303822,0.00000215337058762,0.00000183663360076,0.00000389240676668,0.00000352954475602,0.00000194940639631,0.00000138980601605,0.0000081433190644,0.00000223285087486,3.13477244163e-7,1.44307122696e-7,9.24444591988e-8,8.73191154938e-8],"dvar":[1.57443018622e-8,5.61273019173e-8,6.69738042802e-8,2.97529879845e-7,2.48362141519e-7,1.71303000229e-7,1.91564623719e-7,5.62912191526e-7,1.39895547591e-7,9.00992844777e-8,8.65992149102e-8,9.12897313299e-9,3.61525458459e-8,1.94532105979e-8,1.69938623173e-8,1.05007966766e-8,2.17206430619e-9,1.30011612587e-9,8.58727977615e-10,2.85532847366e-10,3.04736791357e-10,3.14027359671e-10,2.82964512932e-10,1.61646543373e-10,6.21004428436e-11,7.66620517068e-11,4.48186279756e-11,3.29738042426e-11,3.74259408187e-11,3.97960900345e-11,5.84611456467e-11,5.19932534526e-11,2.23543804995e-11,1.49442333508e-11,2.22445839526e-10,1.57855117866e-11,6.81742151881e-13,1.18674005085e-13,6.33928741206e-14,5.89862699158e-14],"dvar2":[4.20331822681e-8,1.53712534257e-7,1.53053704821e-7,7.32637204237e-7,6.05354046002e-7,3.96535938307e-7,4.08684485365e-7,0.00000127149974105,3.39814732797e-7,1.92653615727e-7,1.71498754753e-7,2.1532075678e-8,8.29228099519e-8,3.81091069812e-8,3.27417097878e-8,2.2110413056e-8,4.88442086777e-9,3.23559112836e-9,1.95898963717e-9,6.9950639725e-10,7.30934701654e-10,8.0844114736e-10,5.68228741837e-10,3.75923625562e-10,1.4841788909e-10,2.1948343143e-10,1.17221052309e-10,7.20182594116e-11,8.06972544343e-11,8.08897046567e-11,1.34306843425e-10,1.2752911227e-10,5.5293512824e-11,3.37491250224e-11,5.41051037306e-10,3.49524610643e-11,1.36857875293e-12,2.37909084794e-13,1.28572621842e-13,1.26148427099e-13],"max":[0.00192996219266,0.00333125283942,0.00454875081778,0.00856808386743,0.0136312944815,0.0141022922471,0.00783925782889,0.0140261435881,0.0102820498869,0.0130137465894,0.0139290969819,0.00225363462232,0.00559326726943,0.00467502325773,0.00634479336441,0.00498585263267,0.00162439700216,0.00108615215868,0.000957818410825,0.000388283136999,0.000478541129269,0.000407670391724,0.000828151940368,0.000355521886377,0.000423919118475,0.000319751532516,0.000188033925951,0.000138843781315,0.00015219359193,0.000194418986212,0.000128495797981,0.000144066987559,0.000149115148815,0.000162694457686,0.000231728336075,0.0000660049554426,0.0000302845419355,0.0000116184446597,0.000011476079635,0.0000104603932414],"mean":[0.0000965026410995,0.000249524164246,0.000331347837346,0.000607985886745,0.000414717505919,0.00032172354986,0.00044198249816,0.000527382944711,0.00022056508169,0.000177678884938,0.000132945540827,0.0000652700255159,0.0000996906746877,0.0000601816136623,0.0000443641838501,0.0000337621859217,0.0000249222921411,0.0000233642294916,0.0000164901575772,0.0000160438266903,0.0000220228575927,0.0000222588187171,0.0000116654282465,0.0000139489957292,0.00000555084807274,0.00000833440935821,0.00000331371575157,0.00000322760956806,0.00000257570195572,0.00000199247415367,0.00000305397043121,0.00000259597732111,0.00000138692473683,0.00000115252316846,0.00000561721526537,0.0000017694565031,2.92199075602e-7,1.24403300106e-7,7.45805195379e-8,6.73570994536e-8],"median":[0.0000331878909492,0.000107165767986,0.000146850099554,0.000207920907997,0.000135533133289,0.000110258013592,0.000162919386639,0.00011712074047,0.0000383293918276,0.0000418213130615,0.0000174993183464,0.0000178699210664,0.0000234885628743,0.00000613512884229,0.00000877213642525,0.00000904917851585,0.00000973871647147,0.00000888715294423,0.00000736546053304,0.00000826566792966,0.000010690651834,0.0000135221634991,0.0000043768541218,0.00000779214315116,0.00000208049095818,0.00000239559449255,0.00000103934507933,8.69654570579e-7,3.79467934408e-7,1.88524083455e-7,4.21550112151e-7,3.91580329051e-7,1.78301775122e-7,1.60950889949e-7,0.00000100099794054,3.4843009189e-7,5.13725666451e-8,1.61743312077e-8,7.62924479147e-9,7.92096077618e-9],"min":[5.12805184554e-24,2.16593791657e-24,1.10336373426e-23,1.7495005324e-23,1.11848036024e-23,7.97171081541e-24,8.38956570374e-24,6.09851010886e-24,8.28177732737e-24,1.2187314862e-23,7.89140004209e-24,9.47871361228e-24,5.87917403949e-24,4.71545865945e-24,4.46574197889e-24,4.5293119405e-24,8.637721623e-24,1.22045041411e-23,1.46500873322e-23,6.36269765387e-24,4.09728516601e-24,3.66005427613e-24,3.27928156958e-24,7.42284585225e-24,2.0530770857e-23,9.46387277207e-24,1.13717107832e-23,1.18226410316e-23,2.03507701533e-23,9.62930715909e-24,1.1257518434e-23,1.0450791407e-23,6.3522326251e-24,1.36651171836e-23,1.30555107196e-23,1.07851919114e-23,1.08370082399e-23,1.04670088095e-23,1.14360345015e-23,1.29146043847e-23],"var":[2.61119534883e-8,1.2289784479e-7,2.21429530711e-7,9.15896350762e-7,7.91177455994e-7,5.71068824229e-7,5.42356190181e-7,0.00000152665995756,3.72164919327e-7,2.29946849117e-7,2.42436726694e-7,3.10202459275e-8,9.56530143981e-8,6.13596711219e-8,3.96594685981e-8,2.05630268368e-8,4.21082635427e-9,2.46592501973e-9,1.42373357548e-9,6.85391465804e-10,1.14028686493e-9,8.26877954996e-10,6.99728885944e-10,4.16896656086e-10,1.78822984198e-10,2.9991145678e-10,8.9588669816e-11,7.77009845354e-11,9.13495806776e-11,8.4672859002e-11,8.70082270121e-11,6.50513046208e-11,3.16169625203e-11,2.96242405606e-11,2.3571927743e-10,2.29001002189e-11,1.57904093447e-12,2.63021809194e-13,1.11778174336e-13,9.36587843414e-14]},"melbands_crest":{"dmean":2.62926125526,"dmean2":4.20394563675,"dvar":6.66806745529,"dvar2":17.5579547882,"max":31.7916736603,"mean":12.4701948166,"median":11.563337326,"min":1.19205152988,"var":24.0962352753},"melbands_flatness_db":{"dmean":0.0212841331959,"dmean2":0.0305394176394,"dvar":0.000450168416137,"dvar2":0.000898015452549,"max":0.445968031883,"mean":0.205981850624,"median":0.206076920033,"min":0.000282132386928,"var":0.00377373257652},"melbands_kurtosis":{"dmean":3.24555253983,"dmean2":4.92618656158,"dvar":26.3708362579,"dvar2":57.0265579224,"max":277.585083008,"mean":7.50586462021,"median":5.33871746063,"min":-1.95932292938,"var":157.333724976},"melbands_skewness":{"dmean":0.486007362604,"dmean2":0.745488882065,"dvar":0.280077695847,"dvar2":0.694359481335,"max":14.0467004776,"mean":1.88484978676,"median":1.98432374001,"min":-6.5335149765,"var":2.10359859467},"melbands_spread":{"dmean":10.3284959793,"dmean2":16.3519973755,"dvar":410.260009766,"dvar2":1140.55480957,"max":274.320800781,"mean":34.9260482788,"median":20.800693512,"min":1.62214505672,"var":1782.00219727},"mfcc":{"cov":[[12568.3623047,1670.0513916,-933.875305176,337.382995605,-456.443450928,-326.229095459,-310.397796631,222.899154663,-159.870315552,168.075302124,-182.028625488,-6.91767215729,68.8659744263],[1670.0513916,2665.89355469,-1054.86328125,-242.095108032,209.25743103,-613.132080078,131.261032104,-196.296707153,-189.534118652,-21.778837204,-66.6353607178,-78.2061233521,36.4158592224],[-933.875305176,-1054.86328125,1266.44665527,91.7867889404,-154.605239868,506.701293945,-79.3384628296,168.653137207,35.8970832825,-26.8064193726,72.8866882324,112.138412476,49.3953704834],[337.382995605,-242.095108032,91.7867889404,424.339996338,108.191085815,73.2181854248,-41.2309494019,81.9146499634,36.6897201538,29.7749443054,-19.2845649719,28.6960201263,30.6373901367],[-456.443450928,209.25743103,-154.605239868,108.191085815,306.528717041,-44.2001113892,17.2323703766,-1.30855679512,42.3057060242,5.37789964676,9.04508495331,-16.8965206146,19.8672180176],[-326.229095459,-613.132080078,506.701293945,73.2181854248,-44.2001113892,398.496154785,4.95600223541,152.722976685,60.5037536621,19.5640449524,40.7866325378,54.7000236511,26.5713672638],[-310.397796631,131.261032104,-79.3384628296,-41.2309494019,17.2323703766,4.95600223541,194.329345703,-5.64415121078,16.0905647278,12.63144207,18.2361946106,5.95288467407,32.822807312],[222.899154663,-196.296707153,168.653137207,81.9146499634,-1.30855679512,152.722976685,-5.64415121078,229.507400513,35.017162323,28.832742691,32.5191459656,17.8149528503,14.2149868011],[-159.870315552,-189.534118652,35.8970832825,36.6897201538,42.3057060242,60.5037536621,16.0905647278,35.017162323,150.551605225,32.2464675903,6.15750741959,17.8266181946,5.13348340988],[168.075302124,-21.778837204,-26.8064193726,29.7749443054,5.37789964676,19.5640449524,12.63144207,28.832742691,32.2464675903,98.4945755005,22.7949104309,2.62765693665,9.0384979248],[-182.028625488,-66.6353607178,72.8866882324,-19.2845649719,9.04508495331,40.7866325378,18.2361946106,32.5191459656,6.15750741959,22.7949104309,96.366897583,35.7712211609,14.5744495392],[-6.91767215729,-78.2061233521,112.138412476,28.6960201263,-16.8965206146,54.7000236511,5.95288467407,17.8149528503,17.8266181946,2.62765693665,35.7712211609,91.0130462646,42.5770950317],[68.8659744263,36.4158592224,49.3953704834,30.6373901367,19.8672180176,26.5713672638,32.822807312,14.2149868011,5.13348340988,9.0384979248,14.5744495392,42.5770950317,99.670753479]],"icov":[[0.0001444088266,-0.000143986806506,0.000153573986609,-0.000225974494242,0.00045357219642,-0.000126566650579,0.000340176455211,-0.000174840199179,-0.0000494421146868,-0.000144144680235,0.000078168726759,0.000018892917069,-0.000201457281946],[-0.000143986806506,0.000963547150604,0.000115557806566,0.000714200432412,-0.00105609069578,0.000936074182391,-0.000688832486048,-0.000176241228473,0.000967716972809,-0.000122127821669,0.000537729589269,-0.000529979297426,-0.000207427045098],[0.000153573986609,0.000115557806566,0.00227434840053,-0.000307819107547,0.00100197992288,-0.00233111297712,0.00115285208449,0.00000368561200048,0.00029710153467,0.000886775087565,-0.000649993191473,-0.000472841667943,-0.000937971752137],[-0.000225974494242,0.000714200432412,-0.000307819107547,0.00399735523388,-0.00257028033957,0.000612132775132,-0.000073102186434,-0.000952802482061,0.000862145097926,-0.00121468584985,0.00239408365451,-0.00195681466721,-0.000120307959151],[0.00045357219642,-0.00105609069578,0.00100197992288,-0.00257028033957,0.00650089653209,-0.0010770590743,0.00134560849983,0.0000992451386992,-0.00242920499295,0.0011592945084,-0.00243605277501,0.00273444922641,-0.00189188623335],[-0.000126566650579,0.000936074182391,-0.00233111297712,0.000612132775132,-0.0010770590743,0.00776558415964,-0.00186953914817,-0.00271200668067,-0.000228707300266,-0.00100968137849,0.0010366718052,-0.0012313653715,0.00033720995998],[0.000340176455211,-0.000688832486048,0.00115285208449,-0.000073102186434,0.00134560849983,-0.00186953914817,0.00722205173224,0.000167157646501,-0.00112995656673,-0.00016773295647,-0.00129738135729,0.000978482537903,-0.00285906484351],[-0.000174840199179,-0.000176241228473,0.00000368561200048,-0.000952802482061,0.0000992451386992,-0.00271200668067,0.000167157646501,0.00688189733773,-0.00077562982915,-0.000193099796888,-0.00232221186161,0.0015485988697,-0.000121577148093],[-0.0000494421146868,0.000967716972809,0.00029710153467,0.000862145097926,-0.00242920499295,-0.000228707300266,-0.00112995656673,-0.00077562982915,0.0094814831391,-0.00301124411635,0.0024274487514,-0.00311686610803,0.00105748476926],[-0.000144144680235,-0.000122127821669,0.000886775087565,-0.00121468584985,0.0011592945084,-0.00100968137849,-0.00016773295647,-0.000193099796888,-0.00301124411635,0.0132965706289,-0.00460222549736,0.0026790460106,-0.00132316292729],[0.000078168726759,0.000537729589269,-0.000649993191473,0.00239408365451,-0.00243605277501,0.0010366718052,-0.00129738135729,-0.00232221186161,0.0024274487514,-0.00460222549736,0.0161407068372,-0.00735209695995,0.00137616880238],[0.000018892917069,-0.000529979297426,-0.000472841667943,-0.00195681466721,0.00273444922641,-0.0012313653715,0.000978482537903,0.0015485988697,-0.00311686610803,0.0026790460106,-0.00735209695995,0.0193111356348,-0.00700008450076],[-0.000201457281946,-0.000207427045098,-0.000937971752137,-0.000120307959151,-0.00189188623335,0.00033720995998,-0.00285906484351,-0.000121577148093,0.00105748476926,-0.00132316292729,0.00137616880238,-0.00700008450076,0.0148504832759]],"mean":[-714.044250488,133.220230103,-21.0146179199,21.1375770569,-6.09580278397,-2.16480612755,-23.9122276306,7.51853752136,-13.9252290726,1.76674115658,-6.43069171906,-0.388565003872,-3.37440729141]},"pitch_salience":{"dmean":0.055636588484,"dmean2":0.0891487151384,"dvar":0.00257555604912,"dvar2":0.00634175958112,"max":0.986701905727,"mean":0.564309358597,"median":0.5647585392,"min":0.110391773283,"var":0.0103155020624},"silence_rate_20dB":{"dmean":0,"dmean2":0,"dvar":0,"dvar2":0,"max":1,"mean":1,"median":1,"min":1,"var":0},"silence_rate_30dB":{"dmean":0.00149896950461,"dmean2":0.00299850082956,"dvar":0.00149670569226,"dvar2":0.00373906828463,"max":1,"mean":0.998313963413,"median":1,"min":0,"var":0.00168319046497},"silence_rate_60dB":{"dmean":0.0209855716676,"dmean2":0.0419790111482,"dvar":0.0205463841558,"dvar2":0.0432100296021,"max":1,"mean":0.22742600739,"median":0,"min":0,"var":0.175697892904},"spectral_centroid":{"dmean":223.10647583,"dmean2":328.388061523,"dvar":98236.8515625,"dvar2":197081.28125,"max":10999.6503906,"mean":1573.98083496,"median":1186.12036133,"min":293.528808594,"var":1431424},"spectral_complexity":{"dmean":1.84298300743,"dmean2":2.83995509148,"dvar":4.14998865128,"dvar2":8.53373527527,"max":48,"mean":13.8911581039,"median":14,"min":0,"var":60.8559837341},"spectral_contrast_coeffs":{"dmean":[0.0447656586766,0.0440029576421,0.0339728295803,0.0272038392723,0.0192838367075,0.0183435399085],"dmean2":[0.0716324225068,0.0704569146037,0.0540274046361,0.0442178249359,0.0306168887764,0.0282289944589],"dvar":[0.00152941863053,0.00151582004037,0.000813459977508,0.000527370837517,0.000295196921797,0.000288439157885],"dvar2":[0.00381688587368,0.00372441927902,0.00202574231662,0.00132534746081,0.000665760133415,0.000595714314841],"max":[-0.228261694312,-0.333239793777,-0.449854284525,-0.539776980877,-0.526405632496,-0.5940746665],"mean":[-0.584988951683,-0.662150382996,-0.72957110405,-0.737609684467,-0.749797046185,-0.734506011009],"median":[-0.58446097374,-0.659898757935,-0.732408702374,-0.737115621567,-0.744899511337,-0.723392486572],"min":[-0.965828895569,-0.987075746059,-0.988524138927,-0.982883512974,-0.981849610806,-0.962775707245],"var":[0.0140442345291,0.00847774650902,0.00602261675522,0.00368641898967,0.00372542091645,0.0028402460739]},"spectral_contrast_valleys":{"dmean":[0.387895077467,0.337766736746,0.28279414773,0.248761206865,0.207260772586,0.367316007614],"dmean2":[0.633237183094,0.547622323036,0.456729143858,0.393916368484,0.311137080193,0.497603029013],"dvar":[0.120430760086,0.103511162102,0.0753215923905,0.065008059144,0.0550151094794,0.16387988627],"dvar2":[0.2679720819,0.221557825804,0.158969059587,0.125459358096,0.0926531106234,0.307392269373],"max":[-6.16599416733,-4.63215684891,-4.99804878235,-5.68367433548,-5.76069450378,-8.20408725739],"mean":[-8.72546672821,-7.61892986298,-8.29636192322,-8.65841293335,-8.52927017212,-11.4467344284],"median":[-8.36480140686,-7.25725650787,-7.94940948486,-8.331407547,-8.20383453369,-11.3477478027],"min":[-27.2158699036,-27.6370792389,-27.3868503571,-27.4679584503,-27.1599731445,-27.2403240204],"var":[1.94239640236,2.44056296349,2.37843418121,1.93457376957,1.61509919167,1.29200458527]},"spectral_decrease":{"dmean":9.62940061022e-10,"dmean2":1.35887667785e-9,"dvar":2.22210780547e-18,"dvar2":4.36611818059e-18,"max":-3.0541860485e-29,"mean":-3.85071752262e-9,"median":-2.41423636638e-9,"min":-3.3739347316e-8,"var":1.92988995863e-17},"spectral_energy":{"dmean":0.00389775680378,"dmean2":0.00548963015899,"dvar":0.0000355688025593,"dvar2":0.0000690222659614,"max":0.137644410133,"mean":0.0157619304955,"median":0.0101772965863,"min":1.04216558077e-20,"var":0.000315406912705},"spectral_energyband_high":{"dmean":0.000353567971615,"dmean2":0.000505591044202,"dvar":8.34077013678e-7,"dvar2":0.00000176851472133,"max":0.0170582477003,"mean":0.000498792971484,"median":0.000116263137897,"min":7.85380930535e-21,"var":0.00000168273447798},"spectral_energyband_low":{"dmean":0.000479357782751,"dmean2":0.000742497853935,"dvar":8.85788097094e-7,"dvar2":0.00000227144346354,"max":0.0121763860807,"mean":0.00121411960572,"median":0.00073429197073,"min":3.67425377242e-23,"var":0.00000227277041631},"spectral_energyband_middle_high":{"dmean":0.000928703229874,"dmean2":0.00133057544008,"dvar":0.00000566025028093,"dvar2":0.0000108245103547,"max":0.0764669179916,"mean":0.00346402428113,"median":0.00177432352211,"min":1.34217072093e-21,"var":0.0000351191629306},"spectral_energyband_middle_low":{"dmean":0.00341166020371,"dmean2":0.00493537914008,"dvar":0.0000312668053084,"dvar2":0.0000676496201777,"max":0.108636379242,"mean":0.0109415911138,"median":0.00582937896252,"min":3.04252443008e-22,"var":0.000178222122486},"spectral_entropy":{"dmean":0.162607878447,"dmean2":0.229967951775,"dvar":0.0274105425924,"dvar2":0.0545359589159,"max":9.80607795715,"mean":7.20851373672,"median":7.20160484314,"min":5.43500232697,"var":0.273480415344},"spectral_flux":{"dmean":0.0129310591146,"dmean2":0.02019168064,"dvar":0.000232402962865,"dvar2":0.000556263723411,"max":0.249090641737,"mean":0.0475096553564,"median":0.0421426147223,"min":1.02086512854e-10,"var":0.00126388634089},"spectral_kurtosis":{"dmean":2.67474532127,"dmean2":4.53516340256,"dvar":9.75592136383,"dvar2":28.5112361908,"max":40.9375839233,"mean":6.50785923004,"median":4.83120441437,"min":-1.20596504211,"var":34.3037452698},"spectral_rms":{"dmean":0.000436525035184,"dmean2":0.000603583001066,"dvar":2.68811675141e-7,"dvar2":4.94635116866e-7,"max":0.011588236317,"mean":0.00335268047638,"median":0.00315104238689,"min":3.18864682922e-12,"var":0.00000413708676206},"spectral_rolloff":{"dmean":488.637054443,"dmean2":804.116577148,"dvar":949541.875,"dvar2":2150203.25,"max":18733.8867188,"mean":2131.58325195,"median":1335.05859375,"min":86.1328125,"var":4029132.25},"spectral_skewness":{"dmean":0.28864967823,"dmean2":0.471389651299,"dvar":0.0764107182622,"dvar2":0.211496651173,"max":4.8527598381,"mean":1.58680021763,"median":1.57058477402,"min":-0.357778668404,"var":0.574564933777},"spectral_spread":{"dmean":562170.25,"dmean2":790006.25,"dvar":569784664064,"dvar2":976277340160,"max":39972612,"mean":3726411.25,"median":3428359.75,"min":1034795.8125,"var":2396030238720},"spectral_strongpeak":{"dmean":0.456878632307,"dmean2":0.761954724789,"dvar":0.512557685375,"dvar2":1.30504798889,"max":10.0025367737,"mean":1.05172455311,"median":0.679181694984,"min":0,"var":1.24226140976},"zerocrossingrate":{"dmean":0.0105859227479,"dmean2":0.0123773254454,"dvar":0.000203290474019,"dvar2":0.000290665077046,"max":0.49951171875,"mean":0.0785465985537,"median":0.05615234375,"min":0.0068359375,"var":0.0045450264588}},"metadata":{"audio_properties":{"analysis_sample_rate":44100,"bit_rate":192000,"codec":"mp3","downmix":"mix","equal_loudness":0,"length":123.92489624,"lossless":false,"md5_encoded":"3bf3e83dffedda6a51506d3a51b72011","replay_gain":-5.01737594604,"sample_rate":44100},"tags":{"acoustid_fingerprint":["AQADtEpCZVGiJFmCXnjkGc0XhG5yPNAuHSYPsho8qUYvdEfzPLh2XOiRlznSH5WTQ1dPBD2DJn9AxnrwBSX-IH4K8dsRKniO4-iTGGkzBUkzNFHw42ZwpXDV40Ls4kel7Wh-I0sjHs0VzC8eNNfQB7-RLzfU3IejPMg__Mjj5WiOvlC5Ce-R40ISnUYuEh98HF7z4P2QPEdao-Xx8Zii6Bcqpse9ozn6BUeeQ0d-3A-e4w9OrXiCHj9uFpZ2zLLxPgZVfUhvaMeBQxWTI--OxkN1MKmDasMZTFfxw3nQJ0d-IzkeVAmT57gXo7kiPJjxLEefoPmHZ8fxD3EO6UczZjZy_HgJ6sa3Y0faQ5Mx5oh--FeM4xkubO9xBJyjI2lCXWiP47gO-D0-9MhPJH0o8FiZp2hCZUbPHEfRnCl-XMIVXDuOpjaeH4-OFz_-Iw8S9sd7-Ed_9A_8HI_RnMdN_IgoSFYUNPfhkcGpI59yPMdbEUdT8cSuLMfbF8-Gn8Oz5MGPH-dx2GkRPUPSPAaT3MHlHBunZ3iOHz6P8wmOn3ib4ze2pJrxI10f8HugN8g1UMfcozy-oZaCC-Vz_Oifo4n04EfSakf4oPnxJYvR8D5qEj9C5emghdyDJz9yHH-OJ3-QMxx0ikLoH34q9Mezo1meo0SPZOkRH3dwLcvQ8rArlDp6oXna4J3x4xf-IP_Qc0GD35i1QD2eQ7tAZjZ-QP8x_kBC5niMY2jB4kfMCPqQ_8GU5pKGh3FyPFkvnHiNOwih_EEeXTgXrA-uTseHUk_QOMdt_OnQkA8qScdJRJQkQedSXH6CU3AVQRd-lIlThKme4FQp5BNuBnqOc8i1K7CzPIh9PEeTqSlK_vgoMNeDfCiz4hfyBIyPBuoPHJrFowv-4DS-fCh_aPmJPCl2Hc3xHc3W4DHuI84p6GFypNxxXLKEvNECh6LwJlBZHOeD36i2TBXCKNLxpziH8jvOFB9G8ccUMRml4D_6o_nwH38IV1mKsiWaH98RO0dyOsKjNBemLPmCPjcYpDm-vWg2fYj-oN4s4nngJceeB67QI0-gI89y_COYhVnUYEqY48WP8ILQI9fxo0oyHo6zFOHxQ8cu4S4uMQ4a7mCeQ0fvI_3x4c3R5LjwcEkC_jihRw36yfCXxLiJFxd64niSBbF8iWjOOEEd7TgcaYqOVVEfqKKOOskR3nhw9Wh0K-iV41R0HPnQbPLw_9DW7PiiJQ9yHsePZ8dXNPvRM8Yz48KTEyd1NLuOzkHyIz_-4Tzx5Bv6_fgF88eHHiElBorSFDl44_iz43PAaUQeCTf0Yx8a94Eiz0YoX2CiMvh2bE3wvMX14cxyXMIt5JkO5SLMBdn2Y0x-XKbwJB9xLdHQJ0KzZ8fDFceX4ldwhUYTVujSHCO-E2w3IvoGPQjfYHsKX8crOAvBh8FtOOaHZ6mCKT6-48zQPAlC_7hOVHpKhEmZB49y9PAuCeXjDM857Dp-IrkQSXngcIoTPJ2GZz_uHCf64Md5XMeF6keTPHhr_MYlpULjJUKP