{"lowlevel":{"average_loudness":0.392967551947,"barkbands":{"dmean":[0.00089212221792,0.00611303560436,0.00340213510208,0.00113873800728,0.00172087410465,0.000502057024278,0.000341779144946,0.000259837717749,0.000490728998557,0.000286538299406,0.00026588072069,0.000264996575424,0.000222387796384,0.000262599176494,0.000252917729085,0.000291939300951,0.000322764739394,0.000165995515999,0.000167559730471,0.0000746696605347,0.0000759583781473,0.0000919062731555,0.0000736519505153,0.000116356488434,0.0000735906287446,0.000043293217459,0.00000976720366452],"dmean2":[0.00137469253968,0.010475567542,0.00612489972264,0.00199141865596,0.00298293540254,0.000824554066639,0.000562998524401,0.000437305483501,0.00077450304525,0.000458719470771,0.000444736535428,0.000437817740021,0.000370483729057,0.000430226529716,0.00041117874207,0.000473874155432,0.000529242679477,0.000270453165285,0.000272907287581,0.000121457938803,0.000124670943478,0.000143761033542,0.000115403658128,0.000172610263689,0.000111999841465,0.0000662286111037,0.0000141157142934],"dvar":[0.00000448979153589,0.000236035950365,0.0000613303564023,0.00000649119965601,0.0000312197225867,0.00000257907186096,0.00000129785325953,7.39457334475e-7,0.00000250091488851,7.79025015163e-7,6.259717793e-7,4.64169914949e-7,4.0948896185e-7,5.97318603468e-7,5.07174206632e-7,6.50198956009e-7,4.77828450585e-7,1.27254494942e-7,1.50268974153e-7,2.78228657891e-8,2.45354616624e-8,4.64527118993e-8,4.78706603246e-8,2.8956375786e-7,4.38667768776e-8,8.03113930914e-9,4.41403580353e-10],"dvar2":[0.0000106035486169,0.000632378214505,0.000175134424353,0.0000178045156645,0.000085045103333,0.00000665017387291,0.0000032970472148,0.00000192953029909,0.00000603226044404,0.00000188759645425,0.00000162929643466,0.00000120310562579,0.00000104569164705,0.00000153091968969,0.00000125263511563,0.0000017594234123,0.00000124094003695,3.35728742584e-7,3.89992408145e-7,7.01055569152e-8,6.01473715278e-8,1.02180685246e-7,9.31709038809e-8,5.46421119907e-7,8.60275690684e-8,1.79267551914e-8,8.5953055784e-10],"max":[0.0232254434377,0.11229275167,0.0974489971995,0.0378499515355,0.0843414887786,0.0304394364357,0.0289087574929,0.0215817280114,0.0299147889018,0.024959789589,0.0181880705059,0.0145424185321,0.0181533843279,0.0181543137878,0.0167392510921,0.0192530937493,0.01811921224,0.00785002205521,0.0118484282866,0.00655642943457,0.00345649244264,0.00666172290221,0.00789811927825,0.0289343781769,0.00774525199085,0.00198975438252,0.00038127694279],"mean":[0.000940113794059,0.00569616537541,0.0031608864665,0.00120446120854,0.00181186257396,0.000688363681547,0.000460885872599,0.00032242553425,0.000754865177441,0.0004379923339,0.000349553272827,0.000395219074562,0.000296230427921,0.000377097778255,0.000349833833752,0.000496392312925,0.000664178282022,0.000341772014508,0.000356341595761,0.000146187972859,0.000140978343552,0.000160349911312,0.000123761899886,0.000170344181242,0.000114383859909,0.0000676017734804,0.0000145216436067],"median":[0.00000449983781436,0.000322909210809,0.000343899708241,0.000147887869389,0.00033629234531,0.000122503537568,0.0000769816688262,0.000048841957323,0.0000683038670104,0.0000566194648854,0.0000435324691352,0.0000654882023809,0.0000410404754803,0.0000497922264913,0.0000406262843171,0.0000653376118862,0.000114267888421,0.0000735066714697,0.0000589346309425,0.0000539382817806,0.000044056410843,0.000028653006666,0.0000280873427982,0.0000318207530654,0.0000256230705418,0.0000135721511469,0.0000012322383327],"min":[1.43751996532e-26,3.19078163121e-25,1.88036536932e-26,1.33006854349e-25,3.2056623089e-24,3.04265504967e-24,2.29087553737e-24,2.73936721946e-24,5.93058292139e-24,5.70897611589e-24,8.30023193939e-24,7.37217889402e-24,1.20838044783e-23,1.2944043096e-23,2.052163427e-23,2.66035956548e-23,3.80116666149e-23,4.17765873266e-23,8.61098034272e-23,1.0726160661e-22,1.90981596945e-22,2.27937079782e-22,2.71624777315e-22,4.62388206888e-22,7.29123157307e-22,1.03603644708e-21,1.53199594877e-21],"var":[0.00000567556662645,0.000211015314562,0.0000496517350257,0.00000633394211036,0.000024181261324,0.00000298874419968,0.00000151210394961,8.47254000291e-7,0.00000598755013925,0.00000164856442098,9.24043831674e-7,7.95641142304e-7,5.43873909464e-7,0.00000103358127035,8.72621171766e-7,0.00000155407201419,0.00000154530755481,3.34862193085e-7,5.14551459219e-7,5.68894193975e-8,6.02031633434e-8,1.15105066811e-7,1.02734517782e-7,5.85825432609e-7,8.77306689517e-8,1.55235415633e-8,9.83748860151e-10]},"barkbands_crest":{"dmean":2.46375012398,"dmean2":4.13872766495,"dvar":7.21401691437,"dvar2":19.5109329224,"max":24.6078147888,"mean":8.08360004425,"median":6.94648742676,"min":2.0922703743,"var":10.855047226},"barkbands_flatness_db":{"dmean":0.0232555978,"dmean2":0.036202263087,"dvar":0.000637516379356,"dvar2":0.00140189111698,"max":0.467853754759,"mean":0.100034877658,"median":0.083318464458,"min":0.0128374574706,"var":0.0023543399293},"barkbands_kurtosis":{"dmean":2.86075329781,"dmean2":4.75543308258,"dvar":35.4699211121,"dvar2":85.1077346802,"max":362.202484131,"mean":3.39888644218,"median":2.57222318649,"min":-1.94663333893,"var":57.8048934937},"barkbands_skewness":{"dmean":0.622782051563,"dmean2":0.951260685921,"dvar":0.61028021574,"dvar2":1.28006255627,"max":16.6222400665,"mean":0.0834352225065,"median":0.357123821974,"min":-5.07117033005,"var":3.49633526802},"barkbands_spread":{"dmean":8.42741680145,"dmean2":13.9067382812,"dvar":122.211372375,"dvar2":321.0809021,"max":116.233192444,"mean":29.2602043152,"median":27.0887584686,"min":0.457604587078,"var":216.225662231},"dissonance":{"dmean":0.00996574852616,"dmean2":0.016606265679,"dvar":0.000173040549271,"dvar2":0.000416727591073,"max":0.500000119209,"mean":0.485070556402,"median":0.490375518799,"min":0.274179846048,"var":0.000314490578603},"dynamic_complexity":22.6705570221,"erbbands":{"dmean":[0.208550840616,1.37513506413,3.61458587646,3.9148182869,5.80161237717,5.40552711487,3.95517754555,4.35314941406,4.96066761017,5.21517562866,5.53494548798,10.7261543274,10.2606086731,8.28238773346,11.6988639832,9.95633125305,9.64032363892,11.9335250854,12.3601284027,12.6352577209,15.9816732407,17.601524353,9.19594192505,9.69346046448,6.25224924088,3.52117371559,2.9131860733,3.27248620987,3.66689038277,2.43280029297,2.04402303696,2.17790985107,2.08307170868,1.02800035477,0.421845018864,0.209650978446,0.0738449022174,0.0179443452507,0.00177273736335,0.0000512682963745],"dmean2":[0.350491940975,2.45448803902,6.51158428192,6.92184877396,10.1535921097,9.5151758194,6.67340612411,7.19300794601,8.12188816071,8.86583423615,9.03852272034,17.0377655029,16.1871814728,13.7059297562,19.4775600433,16.2732849121,16.0128631592,19.3667545319,19.9178581238,19.9646625519,26.1066608429,28.9643650055,14.8468160629,15.6539363861,10.1713218689,5.70642471313,4.78671073914,5.33267593384,5.7363576889,3.86488318443,3.17100143433,3.28261756897,3.1351878643,1.57154119015,0.641943335533,0.319711387157,0.113960631192,0.0275215916336,0.00252221385017,0.0000727048827684],"dvar":[0.282853901386,12.4505844116,73.4682617188,76.2374343872,232.79460144,445.239135742,143.637710571,229.03326416,295.535614014,298.068664551,337.657318115,1418.49023438,1151.07800293,502.94152832,1311.63952637,647.729492188,762.756835938,1221.28588867,1087.67858887,1372.08410645,1870.72900391,1478.27978516,332.588378906,529.373291016,196.782394409,60.7173118591,35.3829154968,51.6842422485,81.2201690674,35.6157073975,44.3292274475,96.3768615723,92.4006195068,10.7804145813,1.04064691067,0.183958858252,0.0248142983764,0.00150005007163,0.0000157878203026,1.05317345955e-8],"dvar2":[0.726656496525,35.1882858276,210.252182007,211.376846313,631.094665527,1253.12854004,393.708068848,592.602844238,744.733215332,797.578857422,856.827575684,3472.22412109,2665.51757812,1301.62634277,3373.27050781,1639.29138184,1948.67468262,3062.3059082,2676.29272461,3259.72631836,5162.95849609,3819.79394531,853.45892334,1395.72619629,498.065582275,152.738800049,86.6812744141,126.304107666,179.18510437,78.4189529419,85.8480758667,185.199859619,180.600646973,20.2273445129,2.16219902039,0.400585055351,0.0567562095821,0.00343266339041,0.0000301199688693,2.06335535324e-8],"max":[3.94282341003,27.4199352264,98.1340789795,118.361457825,261.406677246,373.091156006,268.731781006,316.135284424,433.942199707,468.418395996,498.802185059,831.915710449,855.432678223,608.313903809,819.349121094,484.714904785,771.565551758,855.559509277,710.497558594,1028.94116211,1174.31591797,1205.34448242,499.395904541,655.71282959,324.428588867,275.141235352,155.67048645,172.333389282,311.159790039,315.608001709,280.167694092,564.551818848,427.836761475,123.825531006,33.8771286011,9.98535442352,3.57728409767,0.596308767796,0.0765038207173,0.00223212293349],"mean":[0.192880481482,1.18183088303,3.3750026226,4.19966459274,5.683989048,5.45122909546,5.20756387711,5.87001943588,6.87802028656,6.68709897995,7.52335691452,15.8160047531,17.291929245,13.0188531876,16.4718780518,15.1820707321,13.6428623199,18.3851299286,17.9196662903,20.8229866028,30.1056060791,37.728729248,21.2704238892,20.3084049225,13.218667984,7.11401462555,5.64015579224,5.77671289444,6.33291816711,4.19498062134,3.36943936348,3.23909330368,2.95874190331,1.52286672592,0.674428224564,0.333428025246,0.112153925002,0.0264191664755,0.00266449549235,0.0000908118308871],"median":[0.00530815543607,0.0892383679748,0.427178829908,0.706973969936,0.893118262291,0.936821341515,1.01715099812,1.0088160038,1.13724279404,1.23662805557,1.2886890173,1.66570591927,2.01361918449,1.95383727551,2.54965472221,2.80009961128,2.19816303253,2.64439940453,2.64256000519,2.59954833984,4.50776958466,6.46089792252,4.77362585068,3.18251156807,2.93783068657,2.6160800457,2.17922735214,1.31019890308,1.05760729313,0.95092022419,0.756884157658,0.680191218853,0.484980553389,0.310941368341,0.154518574476,0.0700819715858,0.0215074196458,0.00408706860617,0.000201427086722,0.0000258989894064],"min":[2.21774059784e-23,9.02927793979e-23,8.27994464572e-22,1.26157867137e-21,4.99480613259e-21,9.4071317111e-21,1.64946745012e-20,3.58469769066e-20,4.40843160962e-20,7.67204137406e-20,1.18604852691e-19,1.7818446209e-19,2.10533427896e-19,3.27633703676e-19,5.76548660961e-19,5.96483972217e-19,8.74728091536e-19,9.7033341994e-19,1.15043007804e-18,2.20705952897e-18,2.65094677275e-18,2.87549322183e-18,3.24793211981e-18,4.18097944307e-18,5.11530021087e-18,5.17727299595e-18,7.00647125123e-18,6.39052899248e-18,7.71185034577e-18,8.84793576781e-18,8.1916043477e-18,8.71649428694e-18,7.71383061615e-18,7.00863846444e-18,5.10367501454e-18,3.53333093784e-18,1.77619955266e-18,8.54330541413e-19,2.15670982057e-19,2.39212862176e-20],"var":[0.268095642328,9.56559371948,58.1549758911,73.0413208008,190.066940308,310.269836426,146.239929199,255.038101196,362.105133057,320.221008301,412.915405273,2906.38745117,2993.94604492,1020.75177002,1789.27893066,1106.58837891,1030.37182617,2340.22705078,1803.96643066,3083.74243164,4747.45849609,5217.91210938,1075.33654785,1659.23510742,606.834533691,129.431976318,85.2515792847,127.19165802,203.929138184,74.6695480347,91.5066604614,185.779846191,183.785293579,22.131111145,2.05646324158,0.378400027752,0.0449510663748,0.0026348864194,0.0000354977382813,2.62160817499e-8]},"erbbands_crest":{"dmean":1.82817840576,"dmean2":3.0189230442,"dvar":4.77895307541,"dvar2":11.9239940643,"max":29.4282455444,"mean":6.51188468933,"median":5.53845357895,"min":2.37047028542,"var":13.32833004},"erbbands_flatness_db":{"dmean":0.0175958219916,"dmean2":0.025897635147,"dvar":0.000419994612457,"dvar2":0.000845092232339,"max":0.360809981823,"mean":0.125725865364,"median":0.108031906188,"min":0.0351171866059,"var":0.00227082287893},"erbbands_kurtosis":{"dmean":1.01121497154,"dmean2":1.6774469614,"dvar":3.12132191658,"dvar2":7.91654109955,"max":56.2371330261,"mean":0.650938272476,"median":0.098938703537,"min":-1.85189306736,"var":4.57007884979},"erbbands_skewness":{"dmean":0.34401294589,"dmean2":0.538143575191,"dvar":0.201270610094,"dvar2":0.435414731503,"max":6.76488256454,"mean":-0.435960292816,"median":-0.559869587421,"min":-5.33321285248,"var":0.523089766502},"erbbands_spread":{"dmean":9.00018119812,"dmean2":14.7675762177,"dvar":167.936386108,"dvar2":419.495391846,"max":177.057785034,"mean":39.4151000977,"median":36.9471359253,"min":4.28644704819,"var":322.945251465},"gfcc":{"cov":[[264260.21875,12258.4707031,-23605.8242188,8059.75927734,-9508.93164062,3187.71533203,-8429.48730469,3355.59326172,-5792.33789062,-180.32963562,-4418.77197266,1234.86950684,-3365.30737305],[12258.4707031,4447.60302734,-968.233215332,369.542388916,531.769714355,383.212738037,84.5031433105,238.667861938,51.2050971985,35.1073951721,53.9156494141,68.2619094849,40.4088439941],[-23605.8242188,-968.233215332,2713.95629883,-735.831176758,1050.1217041,-185.142562866,811.273620605,-237.461212158,557.608581543,59.1911849976,431.707580566,-76.6044311523,315.596374512],[8059.75927734,369.542388916,-735.831176758,476.369934082,-246.361587524,113.624313354,-280.732208252,105.390151978,-158.739944458,-13.4521274567,-120.706390381,23.0774993896,-99.7220993042],[-9508.93164062,531.769714355,1050.1217041,-246.361587524,1025.99731445,43.721572876,543.667480469,-12.382349968,390.079833984,86.3488006592,269.966003418,-46.7545661926,181.72694397],[3187.71533203,383.212738037,-185.142562866,113.624313354,43.721572876,215.040115356,5.19203996658,76.4370803833,-10.9729938507,18.3245029449,-37.8513069153,13.2257471085,-21.1934089661],[-8429.48730469,84.5031433105,811.273620605,-280.732208252,543.667480469,5.19203996658,489.124206543,-49.3860588074,259.193847656,26.9371891022,172.122756958,-25.6023826599,144.805297852],[3355.59326172,238.667861938,-237.461212158,105.390151978,-12.382349968,76.4370803833,-49.3860588074,135.049362183,-27.7922477722,17.2313899994,-40.0856590271,9.99444675446,-40.2139968872],[-5792.33789062,51.2050971985,557.608581543,-158.739944458,390.079833984,-10.9729938507,259.193847656,-27.7922477722,288.161651611,56.0596618652,130.970016479,-34.4187088013,92.7640838623],[-180.32963562,35.1073951721,59.1911849976,-13.4521274567,86.3488006592,18.3245029449,26.9371891022,17.2313899994,56.0596618652,61.2933769226,28.0602397919,0.358461618423,1.55153536797],[-4418.77197266,53.9156494141,431.707580566,-120.706390381,269.966003418,-37.8513069153,172.122756958,-40.0856590271,130.970016479,28.0602397919,145.943603516,-10.8074569702,74.0989303589],[1234.86950684,68.2619094849,-76.6044311523,23.0774993896,-46.7545661926,13.2257471085,-25.6023826599,9.99444675446,-34.4187088013,0.358461618423,-10.8074569702,55.9341087341,2.13323712349],[-3365.30737305,40.4088439941,315.596374512,-99.7220993042,181.72694397,-21.1934089661,144.805297852,-40.2139968872,92.7640838623,1.55153536797,74.0989303589,2.13323712349,91.9370269775]],"icov":[[0.0000892853859114,-0.000128257888719,0.00024256343022,-0.000168699465576,0.0000156518599397,-0.000363022292731,0.00046518642921,-0.000579306681175,0.000379763252567,-0.000506183190737,0.000573890691157,-0.00066440878436,0.000386505911592],[-0.000128257888719,0.000604774104431,0.0000403657322749,0.000260559696471,-0.000477337744087,0.00008005888958,-0.00056649162434,0.000655693176668,-0.000616145203821,0.0012404009467,-0.00141747843008,0.000622039311565,-0.000946756219491],[0.00024256343022,0.0000403657322749,0.00220961659215,0.000301823223708,-0.000707230821718,-0.0012004483724,0.000949152046815,-0.00108051253483,0.000513101404067,-0.000592876516748,-0.0000184339478437,-0.00187830720097,0.000307857146254],[-0.000168699465576,0.000260559696471,0.000301823223708,0.00511627038941,-0.000863728113472,-0.000996720511466,0.00167665316258,0.0000581893218623,-0.000988545129076,0.00265502440743,-0.00173596420791,0.00104128313251,-0.000586478738114],[0.0000156518599397,-0.000477337744087,-0.000707230821718,-0.000863728113472,0.0043984670192,-0.000317957397783,-0.00236528296955,-0.00126247026492,-0.000874357880093,-0.00216318620369,-0.00200974335894,0.00163829617668,-0.000820160494186],[-0.000363022292731,0.00008005888958,-0.0012004483724,-0.000996720511466,-0.000317957397783,0.00935498159379,-0.00405933195725,0.0005657398724,-0.000984223792329,-0.000563294917811,0.00126290298067,0.0019240360707,-0.000917534984183],[0.00046518642921,-0.00056649162434,0.000949152046815,0.00167665316258,-0.00236528296955,-0.00405933195725,0.0112949358299,-0.00359232979827,-0.000101723962871,0.000849649542943,0.00226718350314,-0.00375114404596,-0.00143644702621],[-0.000579306681175,0.000655693176668,-0.00108051253483,0.0000581893218623,-0.00126247026492,0.0005657398724,-0.00359232979827,0.0160371512175,-0.00269667501561,0.000899693521205,-0.0018261121586,0.00270401523449,0.00169237842783],[0.000379763252567,-0.000616145203821,0.000513101404067,-0.000988545129076,-0.000874357880093,-0.000984223792329,-0.000101723962871,-0.00269667501561,0.0124347992241,-0.00913629215211,0.00195700931363,0.00158728403039,-0.0021862720605],[-0.000506183190737,0.0012404009467,-0.000592876516748,0.00265502440743,-0.00216318620369,-0.000563294917811,0.000849649542943,0.000899693521205,-0.00913629215211,0.0302258450538,-0.00901945587248,-0.00144403416198,0.00505392206833],[0.000573890691157,-0.00141747843008,-0.0000184339478437,-0.00173596420791,-0.00200974335894,0.00126290298067,0.00226718350314,-0.0018261121586,0.00195700931363,-0.00901945587248,0.0249416548759,-0.00470180436969,-0.00211134669371],[-0.00066440878436,0.000622039311565,-0.00187830720097,0.00104128313251,0.00163829617668,0.0019240360707,-0.00375114404596,0.00270401523449,0.00158728403039,-0.00144403416198,-0.00470180436969,0.0280026774853,-0.0111577538773],[0.000386505911592,-0.000946756219491,0.000307857146254,-0.000586478738114,-0.000820160494186,-0.000917534984183,-0.00143644702621,0.00169237842783,-0.0021862720605,0.00505392206833,-0.00211134669371,-0.0111577538773,0.0322416760027]],"mean":[-345.920898438,23.270368576,-74.8071136475,24.7945899963,-36.7966270447,7.43261957169,-29.0089416504,8.9888086319,-20.9770069122,-1.94052672386,-15.1270284653,3.49167299271,-11.336605072]},"hfc":{"dmean":6.28735399246,"dmean2":9.71350383759,"dvar":136.430358887,"dvar2":297.807800293,"max":344.455322266,"mean":17.1122150421,"median":8.72042655945,"min":1.02510362496e-16,"var":517.003967285},"melbands":{"dmean":[0.00172757881228,0.00184232951142,0.000719611067325,0.000431611057138,0.000147431070218,0.0000957081429078,0.0000731451655156,0.0000577968567086,0.0000479435584566,0.0000716362919775,0.0000523502239957,0.0000348070716427,0.0000379311568395,0.0000310250397888,0.0000271309199888,0.0000210503239941,0.0000236598989432,0.0000211762144318,0.0000193597170437,0.0000189140519069,0.0000206172262551,0.0000207723369385,0.0000138212581078,0.00000715206260793,0.00000887137593963,0.00000615377348367,0.00000338535119226,0.00000235777861235,0.00000191222875401,0.00000186241265965,0.00000210795042221,0.0000022956378416,0.00000163543268172,0.00000141682232879,0.00000122911842482,0.00000118461287002,0.0000014869081042,0.00000162772448675,0.00000122300707517,7.83484779276e-7],"dmean2":[0.00288873608224,0.00328681361862,0.00126809615176,0.000751402229071,0.000253706763033,0.000157229762408,0.000120066288218,0.0000984580692602,0.0000774620420998,0.000114244998258,0.0000825104943942,0.0000579170919082,0.0000629549103905,0.0000509428573423,0.0000452320782642,0.0000349377951352,0.0000387283325836,0.0000343909341609,0.0000314284297929,0.0000304117165797,0.0000339034158969,0.0000342690182151,0.0000227512409765,0.00001153865378,0.0000144559635373,0.0000100677625596,0.00000550463755644,0.0000038690668589,0.00000319365813084,0.0000030835187772,0.00000345760736309,0.00000363454478247,0.00000256987073044,0.00000230067348639,0.00000194345398086,0.00000181640507435,0.00000225741814575,0.00000245565229307,0.00000187106445537,0.00000121480957205],"dvar":[0.0000188578214875,0.0000196376804524,0.00000257995088759,0.00000198058000933,2.25284082944e-7,1.06230309882e-7,6.27628793382e-8,3.54261757707e-8,2.60212313918e-8,5.95685278881e-8,2.95027788866e-8,9.73673586202e-9,1.30754616023e-8,6.59972609895e-9,6.10585537686e-9,4.25327773002e-9,5.07991115839e-9,3.65794150525e-9,3.29773253149e-9,2.8340461089e-9,3.48144157947e-9,2.44489006818e-9,7.09783731789e-10,2.35806874027e-10,4.75472161643e-10,2.05354830363e-10,6.32157520775e-11,2.64407384876e-11,1.51780601976e-11,1.62759129091e-11,2.43688368096e-11,3.44533290786e-11,1.4828326067e-11,1.32722626292e-11,1.52758656419e-11,2.1086545704e-11,5.43817942067e-11,6.81205161723e-11,2.20355799579e-11,5.29430015453e-12],"dvar2":[0.0000487478646392,0.0000555380138394,0.00000710264885129,0.0000054070637816,6.31957504993e-7,2.73685571983e-7,1.58928855853e-7,9.46194163021e-8,6.34087342632e-8,1.47831940467e-7,6.82452281353e-8,2.51099923076e-8,3.37106236259e-8,1.68187348493e-8,1.58878243894e-8,1.06692379376e-8,1.27753754242e-8,9.15765863141e-9,7.93720733583e-9,7.08111791425e-9,9.80980985332e-9,6.31377528038e-9,1.89552973318e-9,6.11614758839e-10,1.26859001082e-9,5.22777987566e-10,1.62706362272e-10,6.79240552692e-11,3.84631528016e-11,4.01979421971e-11,6.0841560956e-11,7.80234626907e-11,3.26074410528e-11,2.97230226542e-11,3.10055245367e-11,4.1301670417e-11,1.1072766315e-10,1.39592060133e-10,4.20304138715e-11,1.05712010326e-11],"max":[0.0307716373354,0.0390791334212,0.0188272669911,0.0215624403208,0.01014229469,0.00670229736716,0.00651558907703,0.00438549928367,0.00403013266623,0.00542123988271,0.00412136036903,0.0029259994626,0.0029395762831,0.0018226893153,0.00207144673914,0.00252303224988,0.00180679734331,0.00141281378455,0.00145600910764,0.00146937428508,0.0018464931054,0.00152121123392,0.000646342989057,0.00039230636321,0.000639873964246,0.000408418214647,0.000324132444803,0.000169874474523,0.000107394720544,0.000110713379399,0.000140263568028,0.000226016229135,0.000116871204227,0.000188325429917,0.000165832243511,0.000221899696044,0.000449562532594,0.000428209052188,0.000184209682629,0.0000747465892346],"mean":[0.00168469385244,0.00174197601154,0.000786090677138,0.00042465646402,0.000189189202501,0.000133486901177,0.000100812911114,0.0000735721696401,0.0000642158920527,0.000106996420072,0.0000863032764755,0.0000523756025359,0.0000517988592037,0.0000466516539745,0.0000352202769136,0.0000293659777526,0.0000348197099811,0.0000287443162961,0.0000270593718597,0.0000298578197544,0.0000362985883839,0.0000403909725719,0.0000283720964944,0.0000139973244586,0.0000170477105712,0.0000120360900837,0.00000636535378362,0.00000426080032412,0.00000345800231116,0.00000317338481182,0.00000346838169207,0.00000379103425985,0.0000027029877856,0.00000227236409955,0.00000194835683942,0.00000178350830993,0.00000207420475817,0.00000220850938604,0.00000170495263774,0.00000113470650831],"median":[0.0000751333645894,0.000224709947361,0.000149321887875,0.0000680337907397,0.0000378081058443,0.0000231571520999,0.0000166958034242,0.0000118998914331,0.00000963821730693,0.00000981579250947,0.00000961906062003,0.00000717855209587,0.00000710981248631,0.00000762519221098,0.00000535780327482,0.00000393439677282,0.00000461691070086,0.00000402004434363,0.00000296127950605,0.00000358024158231,0.00000523995458934,0.00000647884189675,0.00000568730229134,0.00000298160512102,0.00000237946574089,0.00000218902346205,0.00000178367281478,0.00000157560805292,0.00000129162310714,9.7565816759e-7,6.40869075141e-7,5.66373898891e-7,5.14128714713e-7,4.84579402382e-7,4.01229868885e-7,3.91389306742e-7,3.8497745436e-7,3.15629193892e-7,2.93669160101e-7,2.3406393268e-7],"min":[1.87396139032e-25,5.48858455062e-25,3.40308234321e-25,5.53782130402e-25,4.34390448284e-25,6.81237351479e-25,6.11532073475e-25,8.64629910484e-25,8.07162182399e-25,1.17539643789e-24,9.07967364819e-25,9.00167699833e-25,1.38787829208e-24,7.55279688131e-25,1.30354196156e-24,1.74982522755e-24,1.63856596181e-24,1.17881822068e-24,1.82590612869e-24,1.9040848082e-24,2.06429378058e-24,2.26966168713e-24,2.43925179339e-24,2.31231677678e-24,2.46604584847e-24,2.76811409971e-24,2.69621258364e-24,3.01773710304e-24,2.88943321554e-24,3.49557164979e-24,2.32502473432e-24,2.80120346203e-24,3.52790153627e-24,3.51731620621e-24,4.16946554441e-24,3.94311610715e-24,4.4823857607e-24,4.57802883457e-24,5.04678655053e-24,5.17128378973e-24],"var":[0.0000183883676073,0.0000158872935572,0.00000244681586992,0.00000148464357608,2.06633757216e-7,1.22449918649e-7,7.51623616679e-8,3.91775323294e-8,3.539095772e-8,1.28729425342e-7,7.61881651101e-8,1.93644691393e-8,1.92583602399e-8,1.11531495151e-8,8.48547099253e-9,6.01183103299e-9,9.26931420508e-9,5.58511237259e-9,5.84685899696e-9,6.21709217441e-9,7.98227706156e-9,7.32686489258e-9,1.9459234224e-9,5.94602034276e-10,1.30756117045e-9,5.90712534443e-10,1.41096870299e-10,4.87728885057e-11,3.29423606449e-11,3.22943997932e-11,5.88754531239e-11,8.11222825026e-11,3.33104203942e-11,2.55288151729e-11,2.93839848287e-11,4.13209570727e-11,9.36863780998e-11,1.23607651892e-10,4.48382060647e-11,1.00416940388e-11]},"melbands_crest":{"dmean":3.25308561325,"dmean2":5.2417473793,"dvar":12.5969848633,"dvar2":31.0405292511,"max":34.0070266724,"mean":10.2507371902,"median":9.41543102264,"min":1.42442679405,"var":50.6618652344},"melbands_flatness_db":{"dmean":0.0265358574688,"dmean2":0.0407715216279,"dvar":0.000957109790761,"dvar2":0.00211725477129,"max":0.61775290966,"mean":0.114100642502,"median":0.121633559465,"min":0.00169200310484,"var":0.0070980200544},"melbands_kurtosis":{"dmean":6.5938668251,"dmean2":10.7735385895,"dvar":182.27633667,"dvar2":444.879699707,"max":350.122192383,"mean":8.21343994141,"median":2.17613697052,"min":-1.87242949009,"var":318.408508301},"melbands_skewness":{"dmean":0.840446650982,"dmean2":1.31567203999,"dvar":1.1074410677,"dvar2":2.44870996475,"max":15.2752876282,"mean":1.64589333534,"median":1.26113641262,"min":-2.95613098145,"var":4.45866155624},"melbands_spread":{"dmean":18.5220222473,"dmean2":30.3406581879,"dvar":764.739990234,"dvar2":1830.1574707,"max":291.532867432,"mean":67.282875061,"median":43.7548332214,"min":0.440644294024,"var":2733.70385742},"mfcc":{"cov":[[59615.4609375,11705.7871094,-958.388977051,2788.47509766,2040.06530762,768.424865723,511.138946533,1403.14050293,453.970703125,9.84615516663,282.805938721,167.267242432,107.867462158],[11705.7871094,4338.73046875,-400.578887939,630.338195801,558.439025879,316.421173096,278.197509766,401.440551758,155.243392944,95.6738052368,99.3112869263,60.3575935364,115.071914673],[-958.388977051,-400.578887939,468.062316895,-60.5690422058,-48.4441680908,-58.0988388062,-31.974773407,-44.9226036072,-40.0949745178,-67.5318222046,-59.2942276001,-14.4417448044,-33.7933731079],[2788.47509766,630.338195801,-60.5690422058,329.744903564,171.422836304,34.5122261047,41.3739013672,77.3446578979,12.0656251907,-3.20647263527,7.92049884796,18.6058216095,15.5987405777],[2040.06530762,558.439025879,-48.4441680908,171.422836304,307.035919189,91.48097229,77.8345565796,77.8236083984,51.2472763062,78.9127502441,46.636341095,45.2411117554,38.4016304016],[768.424865723,316.421173096,-58.0988388062,34.5122261047,91.48097229,164.157028198,66.1139678955,68.9335861206,57.2713165283,45.8066825867,41.0762481689,7.08366775513,21.7809028625],[511.138946533,278.197509766,-31.974773407,41.3739013672,77.8345565796,66.1139678955,160.453414917,72.4696731567,43.8291854858,20.8114070892,20.8305282593,22.044336319,5.89908504486],[1403.14050293,401.440551758,-44.9226036072,77.3446578979,77.8236083984,68.9335861206,72.4696731567,124.836753845,65.5183792114,29.3971595764,30.6714992523,12.6610107422,14.4415626526],[453.970703125,155.243392944,-40.0949745178,12.0656251907,51.2472763062,57.2713165283,43.8291854858,65.5183792114,93.9895401001,52.6470489502,41.2493057251,10.9605731964,10.3133325577],[9.84615516663,95.6738052368,-67.5318222046,-3.20647263527,78.9127502441,45.8066825867,20.8114070892,29.3971595764,52.6470489502,107.584213257,58.3878707886,23.2629489899,19.6853351593],[282.805938721,99.3112869263,-59.2942276001,7.92049884796,46.636341095,41.0762481689,20.8305282593,30.6714992523,41.2493057251,58.3878707886,79.6344833374,29.2735271454,14.9601039886],[167.267242432,60.3575935364,-14.4417448044,18.6058216095,45.2411117554,7.08366775513,22.044336319,12.6610107422,10.9605731964,23.2629489899,29.2735271454,52.6369132996,18.978805542],[107.867462158,115.071914673,-33.7933731079,15.5987405777,38.4016304016,21.7809028625,5.89908504486,14.4415626526,10.3133325577,19.6853351593,14.9601039886,18.978805542,53.2768478394]],"icov":[[0.000053692911024,-0.000101490601082,0.000018427543182,-0.000147345781443,-0.000156374255312,0.0000281319753412,0.000215241248952,-0.000264347734628,-0.000031715084333,0.000272475590464,-0.000136770220706,-0.0000274330996035,0.000268002913799],[-0.000101490601082,0.000641224207357,0.000176841756911,-0.000127665800392,-0.0000261263012362,-0.00027769987355,-0.000498106237501,-0.000430829881225,0.000367859436665,-0.000334740470862,0.000271582102869,0.000279338506516,-0.000848934811074],[0.000018427543182,0.000176841756911,0.00273360800929,0.00052902760217,-0.00095205247635,0.000198657653527,0.000395018229028,-0.000500884605572,-0.000207633536775,0.00163963262457,0.00118727667723,-0.000732906977646,0.00121887365822],[-0.000147345781443,-0.000127665800392,0.00052902760217,0.00643204618245,-0.00303223985247,0.000977777177468,0.000402344914619,-0.0017527268501,0.00111049565021,0.00228638062254,0.0000307232730847,-0.000123683697893,0.000218514600419],[-0.000156374255312,-0.0000261263012362,-0.00095205247635,-0.00303223985247,0.00853957608342,-0.00203253282234,-0.001986033516,0.00167492520995,0.000374505063519,-0.00641437480226,0.00209280592389,-0.00293279462494,-0.00214683823287],[0.0000281319753412,-0.00027769987355,0.000198657653527,0.000977777177468,-0.00203253282234,0.0105075873435,-0.00195660744794,-0.00185665965546,-0.00190710974857,0.000446694582934,-0.00322356703691,0.00430543860421,-0.00215265387669],[0.000215241248952,-0.000498106237501,0.000395018229028,0.000402344914619,-0.001986033516,-0.00195660744794,0.0107457516715,-0.00516080157831,-0.000980611075647,0.00246859318577,0.00101358920801,-0.00422391481698,0.00371111882851],[-0.000264347734628,-0.000430829881225,-0.000500884605572,-0.0017527268501,0.00167492520995,-0.00185665965546,-0.00516080157831,0.0220023635775,-0.0104800509289,0.000227161406656,-0.000405538943596,0.000651259731967,-0.00235300487839],[-0.000031715084333,0.000367859436665,-0.000207633536775,0.00111049565021,0.000374505063519,-0.00190710974857,-0.000980611075647,-0.0104800509289,0.0239518024027,-0.0071593481116,-0.00357202533633,0.0020607188344,0.000549598713405],[0.000272475590464,-0.000334740470862,0.00163963262457,0.00228638062254,-0.00641437480226,0.000446694582934,0.00246859318577,0.000227161406656,-0.0071593481116,0.0238528233021,-0.0107061695307,0.000396538933273,0.0000853569872561],[-0.000136770220706,0.000271582102869,0.00118727667723,0.0000307232730847,0.00209280592389,-0.00322356703691,0.00101358920801,-0.000405538943596,-0.00357202533633,-0.0107061695307,0.0276432130486,-0.0116066606715,0.00126126187388],[-0.0000274330996035,0.000279338506516,-0.000732906977646,-0.000123683697893,-0.00293279462494,0.00430543860421,-0.00422391481698,0.000651259731967,0.0020607188344,0.000396538933273,-0.0116066606715,0.0311544239521,-0.0087159620598],[0.000268002913799,-0.000848934811074,0.00121887365822,0.000218514600419,-0.00214683823287,-0.00215265387669,0.00371111882851,-0.00235300487839,0.000549598713405,0.0000853569872561,0.00126126187388,-0.0087159620598,0.0260372050107]],"mean":[-810.746765137,51.9047851562,1.78506815434,17.6632213593,7.51926374435,0.175369367003,0.855384230614,6.11352062225,-0.233155161142,-4.1111574173,-1.53331387043,-0.56830906868,-1.99786055088]},"pitch_salience":{"dmean":0.0604417063296,"dmean2":0.0976630672812,"dvar":0.00458897324279,"dvar2":0.0116917826235,"max":0.974253058434,"mean":0.674092888832,"median":0.700062096119,"min":0.146405369043,"var":0.0160299148411},"silence_rate_20dB":{"dmean":0,"dmean2":0,"dvar":0,"dvar2":0,"max":1,"mean":1,"median":1,"min":1,"var":0},"silence_rate_30dB":{"dmean":0.019539501518,"dmean2":0.0390810668468,"dvar":0.0191666707397,"dvar2":0.0555376596749,"max":1,"mean":0.989385843277,"median":1,"min":0,"var":0.0104981465265},"silence_rate_60dB":{"dmean":0.00591465970501,"dmean2":0.0118299443275,"dvar":0.00588087597862,"dvar2":0.0128501402214,"max":1,"mean":0.458625972271,"median":0,"min":0,"var":0.248233765364},"spectral_centroid":{"dmean":391.991882324,"dmean2":627.631286621,"dvar":234146.203125,"dvar2":461591.34375,"max":12026.1152344,"mean":4642.64550781,"median":2214.60913086,"min":124.140785217,"var":16774883},"spectral_complexity":{"dmean":2.92173647881,"dmean2":4.2373380661,"dvar":20.4989624023,"dvar2":39.8015861511,"max":61,"mean":15.4028091431,"median":11,"min":0,"var":261.707427979},"spectral_contrast_coeffs":{"dmean":[0.0433413572609,0.0357998348773,0.027533126995,0.0223380010575,0.0163677725941,0.0152344005182],"dmean2":[0.0717053338885,0.0590051338077,0.0452826805413,0.0367738232017,0.0267576072365,0.0231642276049],"dvar":[0.00200501270592,0.00135270133615,0.000759963877499,0.000511388585437,0.000269678217592,0.000281987420749],"dvar2":[0.00535249663517,0.00344841694459,0.00197063270025,0.00131526496261,0.000708062085323,0.00062251399504],"max":[-0.31694984436,-0.487365603447,-0.541270375252,-0.57368850708,-0.607908189297,-0.543606638908],"mean":[-0.743916869164,-0.834215700626,-0.857752799988,-0.861258327961,-0.847962081432,-0.834675550461],"median":[-0.705072045326,-0.824046850204,-0.850895047188,-0.85043913126,-0.8233923316,-0.815515995026],"min":[-0.989152014256,-0.981474995613,-0.981899917126,-0.984989404678,-0.971153795719,-0.96725922823],"var":[0.0220781192183,0.00969641376287,0.00698304688558,0.00575673347339,0.00627060979605,0.00793905835599]},"spectral_contrast_valleys":{"dmean":[0.447171777487,0.391600906849,0.382319718599,0.383845299482,0.332038551569,0.3405354321],"dmean2":[0.732309639454,0.633025825024,0.60100877285,0.567803561687,0.46344769001,0.458455264568],"dvar":[0.160953193903,0.151800692081,0.166381791234,0.197332277894,0.210964530706,0.266159653664],"dvar2":[0.369506150484,0.340757578611,0.361441671848,0.373922079802,0.366852194071,0.481259346008],"max":[-5.04523611069,-4.43275403976,-5.09670877457,-5.30651712418,-5.37212324142,-7.22694206238],"mean":[-13.5769376755,-13.0635700226,-13.235332489,-13.4099807739,-13.0282726288,-14.675116539],"median":[-7.72852563858,-7.33708095551,-7.59366989136,-7.85172224045,-7.59441947937,-9.90502262115],"min":[-28.6937770844,-28.5605545044,-28.2157688141,-27.9079265594,-27.6590862274,-27.5373439789],"var":[78.4753799438,81.0055541992,78.5174102783,76.9741287231,80.1143112183,62.5152359009]},"spectral_decrease":{"dmean":3.07049519144e-9,"dmean2":5.10086906047e-9,"dvar":4.31144104579e-17,"dvar2":1.10225429748e-16,"max":8.10125959914e-14,"mean":-4.8991908308e-9,"median":-1.89307014509e-9,"min":-5.24248378042e-8,"var":5.92502789152e-17},"spectral_energy":{"dmean":0.0119748022407,"dmean2":0.0198569912463,"dvar":0.000639420119114,"dvar2":0.00163346459158,"max":0.206236481667,"mean":0.0200427826494,"median":0.00803512986749,"min":9.66718388631e-21,"var":0.000924782652874},"spectral_energyband_high":{"dmean":0.000425278703915,"dmean2":0.000645806605462,"dvar":0.00000108378753794,"dvar2":0.0000020327436232,"max":0.0397172495723,"mean":0.000860265688971,"median":0.000290654657874,"min":6.66785283459e-21,"var":0.00000280646440842},"spectral_energyband_low":{"dmean":0.00899954419583,"dmean2":0.0151287475601,"dvar":0.000433595618233,"dvar2":0.00111454282887,"max":0.149374708533,"mean":0.010283363983,"median":0.00128904683515,"min":6.46991844482e-24,"var":0.000472710526083},"spectral_energyband_middle_high":{"dmean":0.00152196874842,"dmean2":0.00233748252504,"dvar":0.00000950413686951,"dvar2":0.0000225265393965,"max":0.0522717796266,"mean":0.00407058466226,"median":0.0014199843863,"min":9.76485501428e-22,"var":0.0000378439144697},"spectral_energyband_middle_low":{"dmean":0.00341110443696,"dmean2":0.00574581092224,"dvar":0.0000700037562638,"dvar2":0.000186458433745,"max":0.119191758335,"mean":0.00537432916462,"median":0.00200989516452,"min":1.06677092233e-22,"var":0.000084519306256},"spectral_entropy":{"dmean":0.0962388962507,"dmean2":0.147871747613,"dvar":0.0199693720788,"dvar2":0.0412996225059,"max":9.83365058899,"mean":8.52683162689,"median":8.13145542145,"min":5.44497680664,"var":0.716324687004},"spectral_flux":{"dmean":0.0245992112905,"dmean2":0.0375449359417,"dvar":0.00174194632564,"dvar2":0.00346905412152,"max":0.373245090246,"mean":0.070374019444,"median":0.0489183031023,"min":6.15400855275e-11,"var":0.00606574583799},"spectral_kurtosis":{"dmean":0.680335938931,"dmean2":1.10986495018,"dvar":1.09743154049,"dvar2":2.95183086395,"max":49.4073829651,"mean":2.11890506744,"median":2.40478038788,"min":-1.29054188728,"var":7.67172718048},"spectral_rms":{"dmean":0.00090289459331,"dmean2":0.00142865732778,"dvar":0.00000229803481488,"dvar2":0.00000551595621801,"max":0.0141847217456,"mean":0.00308262137696,"median":0.00279984832741,"min":3.07105816472e-12,"var":0.0000100524994195},"spectral_rolloff":{"dmean":855.255249023,"dmean2":1407.43286133,"dvar":2126237.25,"dvar2":4465837.5,"max":20068.9453125,"mean":7731.46826172,"median":2777.78320312,"min":21.533203125,"var":57369404},"spectral_skewness":{"dmean":0.132369175553,"dmean2":0.209137484431,"dvar":0.0241088867188,"dvar2":0.0555116347969,"max":5.59908819199,"mean":0.980347156525,"median":1.19187498093,"min":-0.267877608538,"var":0.489221036434},"spectral_spread":{"dmean":749493.5625,"dmean2":1148278,"dvar":700765110272,"dvar2":1526660857860,"max":43638040,"mean":15419755,"median":6427967.5,"min":1879125.875,"var":248031525994000},"spectral_strongpeak":{"dmean":0.366957038641,"dmean2":0.63563144207,"dvar":0.795684337616,"dvar2":2.06023430824,"max":20.5258712769,"mean":0.451658636332,"median":0.145245313644,"min":0,"var":1.08098018169},"zerocrossingrate":{"dmean":0.0198166482151,"dmean2":0.0259733907878,"dvar":0.000684021273628,"dvar2":0.00103729253169,"max":0.54052734375,"mean":0.227836146951,"median":0.109375,"min":0.00634765625,"var":0.0361378118396}},"metadata":{"audio_properties":{"analysis_sample_rate":44100,"bit_rate":192000,"codec":"mp3","downmix":"mix","equal_loudness":0,"length":439.693054199,"lossless":false,"md5_encoded":"9314e7263ee62e3a4173eaac28177eeb","replay_gain":-13.7838287354,"sample_rate":44100},"tags":{"acoustid_fingerprint":["AQADtNKUSJGUZFHQIz_uOLCKE_1y_GgjkvhiXD20M8Z1NCdeIf3RHkf-CP0-KMuGf0hz_Ej548U5-NBX2JnQB5p8Im9O_MZHET7x8sh1Etu0CO_h4zsuHl569Dmu5Tia55h8vIb0oznRP0Zn-BYOX0craIdnRei16gh1_PBufPHRHHmgLd7hNA_yZMGpwQ94HuVTPMiiLV_QCF8qaOfh48WH9BWO7UHfCD_-oTvMo_rRH4_h80HeEYeyysJlnHgPXoe-5GijB1du6ND4YApP7JCzF_rQM3BE5Dr8Fv2JUwWT5-jxD30pXNNxfPB5hAcvbfigdcNzRD3u44btwsVP7JKOBjlz4Qr6wYeuiDjB_7jwH_aHdMePH89R4jp6EWFCMdA7Fb2QWss08ETPoOyFND7BjNMNfSU68Wiy4-h9HNsNHXmPH86N7scdHfiJE_mDqjl2QtR4lMh3gemJJlpyXDYu9GieHbnI48Z55Dy6LxWaLA3x_GDOFA0v5MIN7c3x4fhxv3h43IBe_MPlw_vR58iPR0TFfciTw2OCPsYbNtCFZg96CmegXYd_kXiOty_AL6D84ofnkfAfIDxK8cJ__EjHFtpGIaJpTLnRa9Twos9xIc14_IL8wFyuYPrxoQ983PhxGzlu-BPeCz8sSvgOHzcR6If54Jpw4hQGecd1wT941UIbQ9dx_OhxR4akXIaP_jiN_vCH7_gHbcVHoTp8oz8-9MOLN6Czozo0LhdeCdyL_7hMmIJwfbhD6Dsc83i2Iyd8_FXwEu8M6sjxGg_wUIL4oDLy7OinwM81lBKHizn-H2Ek5ag9BppAxeWCsDlOTA9-_Hil48R5PMhzfJUgtkePE0d75OlxYQ_-Bx6TtshRltCP_Gg24T727mjFGI-OG2Gz4x_-WtA8o6fRXMOn4x2P69DRP_DJI5ViV_CzoJSO42uOMIyUbOh89GrR1IHuFZeOnseNwFMmtPlxnNxU5FqPxtnRRT70Hh8u5Dr8Ix92_IUWdTkqHpcLjT-aHvkqCQ8-jkezo_MGfLKRX8Z-9PBx39Deo1GJekeO3UKfHec4CTbaI88g1UePh4dzJSB7lCbaOGieHT_CH-5xJsGHktlxa0DcQPOIBz6-Yz966VA_4UF-PDqa6EW_I5-OHx8VNF88lEyg_YFY9Xjiw8dz-NVQPUWt3fDWo42Ol4oS5LTQFFV54iJ19Jhy6fiR89B1hOXhSwQzL_jRPOiOo91xDz9yZSlEjsiNSuJxYhduhOfhHaJ14biK3xF0H02VDT_6WIJ1HGJ3-Ed19HA3aN_xoyeu4x5eCQ0j_NAOv8aPesJV6IcWHffxA_3xQ0u34M6FF3ngX_hxeJVQX3iFPj3mjsRVVEfo6fB56EW7HOEFH_QyhHmn4Ye2XgjzGD-q4zC5IyhnHOXR0JbwEOdRHc2h8-gNvy9-iCe-HWkaHn_Cg4fzC30YhA98tGPQdxBxavBxMFZ2dMVd-Dt-wnYhEr1wCkf1ExYd_Dm0E2-hkVIOq0S68MKPPoqOH6Vwfng84bA6Icu1oh1V6IdV4lmE_PgOn0bu4IToHj_SHn2MNmrh