{"lowlevel":{"average_loudness":0.922221183777,"barkbands":{"dmean":[0.0032527516596,0.00878193322569,0.00270750606433,0.00084432127187,0.00132797437254,0.000951830646954,0.000643741688691,0.000506928307004,0.00075765280053,0.000797621032689,0.000616732286289,0.00108508660924,0.00100665562786,0.000936910568271,0.000585486297496,0.000429234991316,0.000411843881011,0.000428003433626,0.000170633546077,0.000109677734144,0.0000891946474439,0.0000318170277751,0.0000198401266971,0.00000824090602691,0.00000380714777748,0.0000128031524582,0.000563950336073],"dmean2":[0.00545650580898,0.0145062860101,0.00470508355647,0.00145061453804,0.00223366776481,0.00154328311328,0.00106300320476,0.000848008377943,0.00122805230785,0.00132053194102,0.00102714984678,0.0018305919366,0.00169913074933,0.0015812444035,0.000995780341327,0.000715497357305,0.000691229710355,0.000767683377489,0.000285592483124,0.000172364889295,0.000138090341352,0.0000480410562886,0.0000279831674561,0.000011688003724,0.00000587944077779,0.0000171035644598,0.000906351429876],"dvar":[0.0000353108844138,0.000155304209329,0.0000264522896032,0.00000144522323353,0.0000046646937335,0.00000560720491194,0.00000350861000697,0.00000200364638658,0.00000488928708364,0.00000371963324142,0.00000202365868063,0.00000325034238813,0.00000217692740989,0.00000219671255763,6.11358302649e-7,5.06782271259e-7,3.65743034081e-7,0.00000108437120616,1.13400396629e-7,7.4777943837e-8,5.55031327565e-8,3.96479515885e-9,1.53581036777e-9,2.8802596419e-10,4.56199383825e-11,7.06472824685e-10,3.36519065058e-7],"dvar2":[0.0000904583575903,0.000402960489737,0.0000728238810552,0.00000391355570173,0.0000120003887787,0.0000141992104545,0.00000896724759514,0.00000560594389754,0.000012707834685,0.00000984023517958,0.00000524524239154,0.00000906083187147,0.00000591319030718,0.00000597898042543,0.000001667056722,0.00000131576575768,9.88070382846e-7,0.00000306807737616,2.87561505274e-7,1.62587525665e-7,1.03909464144e-7,7.57110285576e-9,2.77430012297e-9,5.12879572145e-10,9.71815405926e-11,1.14109521832e-9,8.42388317324e-7],"max":[0.0814883336425,0.195979878306,0.087771371007,0.0230505615473,0.0858202129602,0.069825515151,0.0555427893996,0.041892144829,0.0699188187718,0.0410855151713,0.048405457288,0.038673914969,0.0462020300329,0.0321867316961,0.0190680548549,0.0282209515572,0.0139467502013,0.0122733581811,0.00996176432818,0.00945785827935,0.00912098772824,0.002253980143,0.000989070860669,0.000562689616345,0.000303320033709,0.000997014227323,0.0126342726871],"mean":[0.00344087718986,0.0126107456163,0.00298772379756,0.00102711562067,0.00201823632233,0.0014538562391,0.000936284952331,0.000742854259443,0.00121667608619,0.00124977098312,0.000997603521682,0.00199074950069,0.00190955353901,0.00184571929276,0.001111999969,0.000851051474456,0.000856262864545,0.000495727406815,0.000260322180111,0.000203550982405,0.000166806712514,0.0000691819950589,0.00004702012302,0.0000169977320184,0.00000587831709709,0.0000312027223117,0.00210362137295],"median":[0.00140248762909,0.00773550756276,0.00151713099331,0.000600254978053,0.00123180041555,0.000592506665271,0.000286279362626,0.000212155631743,0.000290627038339,0.000372950627934,0.00037325892481,0.00115463137627,0.00123679742683,0.00122137949802,0.000783223542385,0.000536061474122,0.000600773026235,0.000252220081165,0.000142345146742,0.0000986826780718,0.0000706664286554,0.0000320804792864,0.0000167772595887,0.00000533452202944,0.000002425645107,0.0000110135897557,0.00202250247821],"min":[1.10591778484e-25,6.52485077395e-24,5.96061229225e-25,1.82583256742e-24,1.62717723608e-23,8.0348646529e-24,2.83474918038e-24,1.23827527847e-23,2.3717423393e-23,2.1558795456e-23,1.14221103176e-23,2.53079436828e-23,3.67544747674e-23,1.6821499549e-23,3.67412155933e-23,6.1458575404e-23,7.13658921344e-23,1.23051421245e-22,1.48520306752e-22,1.86768208809e-22,1.87656958437e-22,3.86282415606e-22,4.11877758671e-22,5.99248379532e-22,9.86307160486e-22,1.35718265561e-21,2.112112394e-21],"var":[0.0000355330412276,0.00024396039953,0.0000242268324655,0.00000177044080374,0.00000810224537418,0.0000104690379885,0.00000655654275761,0.00000347146396962,0.00000895609809959,0.00000742331758374,0.00000417610090153,0.00000663091714159,0.00000466718620373,0.00000478273977933,0.00000131930289626,0.00000117233503261,8.61970306687e-7,7.78824812642e-7,1.6809693193e-7,2.42863080757e-7,1.89080182622e-7,1.30689521427e-8,5.94074789362e-9,9.14389675089e-10,9.14433806454e-11,2.78061307313e-9,0.00000170455018633]},"barkbands_crest":{"dmean":2.99248027802,"dmean2":4.9444694519,"dvar":6.5415854454,"dvar2":17.4590625763,"max":26.0540618896,"mean":8.91275596619,"median":7.98232555389,"min":2.3789100647,"var":16.5536136627},"barkbands_flatness_db":{"dmean":0.0213828776032,"dmean2":0.0342674404383,"dvar":0.000371509231627,"dvar2":0.00094631803222,"max":0.3381074965,"mean":0.112398326397,"median":0.107405371964,"min":0.0222902074456,"var":0.00140820909292},"barkbands_kurtosis":{"dmean":1.90105557442,"dmean2":3.11579990387,"dvar":11.522600174,"dvar2":27.1338977814,"max":96.9525222778,"mean":2.21287703514,"median":0.899657845497,"min":-1.73443257809,"var":22.4998703003},"barkbands_skewness":{"dmean":0.476465344429,"dmean2":0.768926382065,"dvar":0.239665329456,"dvar2":0.593117296696,"max":9.49127197266,"mean":1.29682099819,"median":1.14624452591,"min":-2.17385673523,"var":0.823811113834},"barkbands_spread":{"dmean":9.12089443207,"dmean2":14.7162494659,"dvar":64.2627944946,"dvar2":162.903884888,"max":116.376457214,"mean":45.6609687805,"median":44.933139801,"min":1.82437455654,"var":291.364746094},"dissonance":{"dmean":0.0111801605672,"dmean2":0.0194480828941,"dvar":0.000180179122253,"dvar2":0.000520635978319,"max":0.500000059605,"mean":0.484126865864,"median":0.489528775215,"min":0.350686967373,"var":0.000262194429524},"dynamic_complexity":2.68600511551,"erbbands":{"dmean":[0.394867449999,1.61775481701,3.16479921341,2.60947775841,3.00606369972,5.2792725563,6.98808240891,8.63129329681,8.88758087158,9.82721328735,11.5283069611,17.4935684204,20.9108428955,25.850933075,25.0811481476,43.3528060913,45.6718940735,38.6582336426,38.4449615479,24.6944656372,22.5721797943,23.6940536499,22.2740783691,13.1354732513,7.51722812653,5.4677271843,4.68517446518,2.4592590332,1.19709563255,0.848523020744,0.53907430172,0.237930074334,0.114861473441,0.0518053360283,0.0221677571535,0.0243104472756,0.0255034584552,0.0225347857922,0.0163218528032,0.0115649960935],"dmean2":[0.655191123486,2.68775463104,5.44197177887,4.46333551407,5.12437868118,8.94312477112,11.3819789886,14.1328210831,14.6578683853,16.3007793427,19.11095047,28.3750743866,34.5378303528,42.7076377869,41.5795822144,73.2692337036,76.8279571533,65.1241378784,65.1665725708,42.1221313477,37.1412887573,39.6605300903,39.2623291016,23.2107067108,12.4383592606,8.64928913116,7.29807949066,3.74081254005,1.81092357635,1.24960911274,0.762392759323,0.333838999271,0.165081366897,0.0778059959412,0.0348959267139,0.0353327430785,0.0339934155345,0.0294936783612,0.0225567631423,0.0183976683766],"dvar":[0.356243878603,5.35583400726,30.7157897949,17.7940158844,21.6564083099,76.9196243286,240.926193237,547.688659668,740.790039062,862.140441895,1115.29943848,3015.62011719,3068.85644531,4362.87988281,2362.80200195,4910.54052734,4607.35400391,4019.23779297,2927.33178711,1356.07409668,1390.43151855,1185.9609375,2454.35766602,1069.81921387,212.714553833,174.735153198,184.011383057,34.3439788818,6.04498195648,2.60396194458,1.20145940781,0.251618087292,0.0520553104579,0.0107756815851,0.00122147158254,0.00228369585238,0.00294563663192,0.00221435492858,0.00285683106631,0.000124784841319],"dvar2":[0.942527294159,13.6510362625,83.5143127441,47.7407341003,58.1578292847,202.053344727,557.742492676,1444.6829834,1939.56628418,2259.70117188,2983.36010742,7859.63427734,8135.95410156,11673.4042969,6122.63476562,13868.8535156,12485.6230469,10909.0302734,8009.47900391,3635.56396484,3561.90356445,3169.44677734,6870.02099609,2991.09594727,519.712585449,380.15737915,356.460784912,61.7208442688,11.3787727356,5.21266698837,2.24256443977,0.446670472622,0.0941130891442,0.0217236876488,0.00278695859015,0.00425306241959,0.00478082383052,0.0033013925422,0.00412315130234,0.000313464639476],"max":[9.99463844299,38.529800415,85.2121276855,74.7109909058,118.927726746,331.074981689,609.48840332,815.633117676,953.76385498,865.931762695,1014.53912354,1654.10766602,1651.85168457,1458.03222656,1024.42370605,1688.56933594,1868.55615234,1578.17663574,1453.1159668,1472.48681641,1303.20471191,962.22076416,614.667236328,400.423980713,557.38659668,391.931091309,616.346069336,199.08102417,86.5272216797,55.3512573242,29.2531147003,16.6135978699,7.22220897675,5.15313863754,1.08485484123,1.88260602951,2.01125574112,1.61745357513,2.89700984955,0.249283388257],"mean":[0.52106410265,2.20508003235,3.78000974655,3.43106889725,4.13146114349,7.38618659973,10.3930950165,12.7189388275,13.1740636826,14.98944664,18.1048965454,27.9636535645,34.5938987732,42.7004737854,47.3523101807,84.568901062,92.080871582,85.1373901367,82.0601119995,49.8219032288,46.8300514221,50.5103569031,31.5544834137,16.272310257,12.1399250031,9.88265705109,8.43291187286,4.92860889435,2.60663938522,1.94083726406,1.22937548161,0.510430812836,0.227550387383,0.0878282561898,0.0314429327846,0.0471345223486,0.0622310079634,0.0650623217225,0.0572247356176,0.0583378598094],"median":[0.284944117069,1.34193325043,2.07265686989,2.09942579269,2.63564729691,4.19327926636,4.54990386963,5.11971902847,4.36392402649,4.65345096588,5.18480205536,6.64548015594,10.3488807678,13.8844966888,22.5814857483,51.6361885071,60.4422531128,56.4719085693,60.4922409058,34.8157424927,29.5983276367,35.4204330444,18.3977050781,8.10447216034,6.58061552048,4.7259721756,3.37912869453,2.31899738312,1.24796438217,0.787074923515,0.42956212163,0.160927146673,0.0703807771206,0.0311429034919,0.0155476406217,0.0166508238763,0.0213351622224,0.0310925357044,0.0401378385723,0.0563290715218],"min":[1.71856301698e-22,1.21221531526e-21,1.45988805406e-21,6.00286061051e-21,2.06321414523e-20,4.53781008912e-20,7.06568050343e-20,7.90596223517e-20,8.75348632092e-20,1.78795968283e-19,5.39405666518e-19,4.7116207691e-19,7.48525403973e-19,5.02654445493e-19,9.41150694724e-19,1.28563181858e-18,1.91363643862e-18,1.83834273695e-18,2.66545179838e-18,2.34696058597e-18,4.35146881194e-18,4.02232413363e-18,7.33158962791e-18,7.10994906432e-18,8.2412459378e-18,9.59532322976e-18,7.28348990247e-18,8.79962924722e-18,1.30833817455e-17,1.01214886815e-17,1.15355580746e-17,1.06378230917e-17,1.02320926556e-17,8.21387039543e-18,7.24046989317e-18,4.41577962302e-18,2.35605212809e-18,1.07658507981e-18,2.74160897321e-19,2.59335177643e-20],"var":[0.504738509655,8.32930374146,31.309671402,20.070016861,26.5215339661,122.130950928,480.107879639,953.443725586,1360.75244141,1530.44226074,1902.83496094,5334.99707031,5983.6953125,8050.95166016,5190.22363281,10641.4296875,10426.9755859,9770.14648438,6902.82617188,2891.47119141,3520.58764648,2952.16308594,2097.41308594,868.374938965,399.36126709,543.725097656,631.625183105,113.158187866,19.613899231,9.30581378937,4.25930833817,0.817922592163,0.166474148631,0.0249129757285,0.00199084728956,0.00668766861781,0.0112447319552,0.00971177406609,0.00998208578676,0.00101201352663]},"erbbands_crest":{"dmean":2.27636432648,"dmean2":3.83435368538,"dvar":4.61952924728,"dvar2":12.1696662903,"max":29.48620224,"mean":8.20884132385,"median":7.45149755478,"min":2.20875310898,"var":10.3916273117},"erbbands_flatness_db":{"dmean":0.0176121238619,"dmean2":0.0273061115295,"dvar":0.00022683008865,"dvar2":0.000533982820343,"max":0.347315639257,"mean":0.152384757996,"median":0.151321098208,"min":0.0315494798124,"var":0.00153809483163},"erbbands_kurtosis":{"dmean":1.08946013451,"dmean2":1.77990043163,"dvar":1.3729789257,"dvar2":3.61189651489,"max":32.5668525696,"mean":1.9323117733,"median":1.62540149689,"min":-1.59407532215,"var":4.37332630157},"erbbands_skewness":{"dmean":0.313937038183,"dmean2":0.505142271519,"dvar":0.0728731974959,"dvar2":0.183105349541,"max":4.11846780777,"mean":-0.463794887066,"median":-0.537507653236,"min":-2.97342681885,"var":0.534673333168},"erbbands_spread":{"dmean":4.69921970367,"dmean2":7.49692249298,"dvar":20.0546703339,"dvar2":46.6672668457,"max":112.835578918,"mean":21.8344764709,"median":19.8669013977,"min":2.97948265076,"var":106.87903595},"gfcc":{"cov":[[12131.7138672,328.447753906,-598.427429199,283.797943115,152.293640137,-74.3188858032,347.705047607,-241.866195679,147.621734619,-29.600358963,63.0541954041,123.116188049,-28.5770893097],[328.447753906,917.595947266,-123.438865662,-320.09375,244.137405396,-141.187408447,36.5389328003,-13.609539032,81.7855453491,-63.30809021,63.1795463562,-78.73387146,78.0204696655],[-598.427429199,-123.438865662,319.166748047,84.0798034668,-111.553382874,123.817466736,-63.9386940002,83.285949707,-31.5953159332,40.8045196533,-14.6492767334,11.399512291,-18.9336299896],[283.797943115,-320.09375,84.0798034668,368.076080322,39.0197219849,45.6067352295,56.9085769653,-25.0003128052,-19.1419715881,39.5236701965,-14.8380594254,34.1163749695,-38.0810623169],[152.293640137,244.137405396,-111.553382874,39.0197219849,418.609771729,3.55258512497,12.19576931,-93.5379562378,15.7511253357,-42.8731269836,60.049621582,-9.70137786865,45.3286209106],[-74.3188858032,-141.187408447,123.817466736,45.6067352295,3.55258512497,197.033889771,-18.61992836,43.935005188,-38.3742752075,14.0463085175,2.62904214859,29.3924808502,1.78174877167],[347.705047607,36.5389328003,-63.9386940002,56.9085769653,12.19576931,-18.61992836,172.846206665,0.698553919792,37.9528961182,7.66505765915,-1.41396951675,5.72552919388,-2.48403429985],[-241.866195679,-13.609539032,83.285949707,-25.0003128052,-93.5379562378,43.935005188,0.698553919792,143.318969727,19.6859321594,33.0514030457,-11.1717510223,-20.8819389343,-3.53438043594],[147.621734619,81.7855453491,-31.5953159332,-19.1419715881,15.7511253357,-38.3742752075,37.9528961182,19.6859321594,91.78956604,28.8621959686,12.0538816452,-8.92668151855,-11.9708509445],[-29.600358963,-63.30809021,40.8045196533,39.5236701965,-42.8731269836,14.0463085175,7.66505765915,33.0514030457,28.8621959686,69.5701599121,20.5335788727,5.75012922287,-11.3018369675],[63.0541954041,63.1795463562,-14.6492767334,-14.8380594254,60.049621582,2.62904214859,-1.41396951675,-11.1717510223,12.0538816452,20.5335788727,58.5178604126,24.3546009064,16.620880127],[123.116188049,-78.73387146,11.399512291,34.1163749695,-9.70137786865,29.3924808502,5.72552919388,-20.8819389343,-8.92668151855,5.75012922287,24.3546009064,64.5376205444,19.084733963],[-28.5770893097,78.0204696655,-18.9336299896,-38.0810623169,45.3286209106,1.78174877167,-2.48403429985,-3.53438043594,-11.9708509445,-11.3018369675,16.620880127,19.084733963,60.9997329712]],"icov":[[0.000120726821478,-0.000277255632682,0.000453009794001,-0.000405235245125,0.000291777541861,-0.000364659383195,0.000102712627267,0.000115794748126,-0.000173029577127,0.0000735674038879,-0.0000021463097255,-0.000276050326647,0.000170154613443],[-0.000277255632682,0.00476334290579,-0.00342550477944,0.00381021993235,-0.00219468888827,0.00293626938947,-0.00251721125096,0.000178855189006,-0.00193510996178,0.00345217972063,-0.0048547135666,0.00590104795992,-0.0037175710313],[0.000453009794001,-0.00342550477944,0.00933625455946,-0.00514371832833,0.0036133157555,-0.00566310109571,0.00422359351069,-0.00163534120657,0.000450660882052,-0.00196263263933,0.00177257985342,-0.00276117771864,0.00194360374007],[-0.000405235245125,0.00381021993235,-0.00514371832833,0.0101793697104,-0.00659489585087,0.00504670944065,-0.00460947724059,-0.000549533870071,0.00411239825189,-0.00636533927172,0.00612415652722,-0.00433272169903,0.0035432681907],[0.000291777541861,-0.00219468888827,0.0036133157555,-0.00659489585087,0.00985967833549,-0.00621161656454,0.00240831729025,0.00451009813696,-0.00596945313737,0.00881556794047,-0.0118309669197,0.00986946094781,-0.00623996602371],[-0.000364659383195,0.00293626938947,-0.00566310109571,0.00504670944065,-0.00621161656454,0.0126042561606,-0.00266631715931,-0.00465080887079,0.00582357682288,-0.00345729384571,0.00386178051122,-0.00651073036715,0.00282304827124],[0.000102712627267,-0.00251721125096,0.00422359351069,-0.00460947724059,0.00240831729025,-0.00266631715931,0.00952857546508,-0.000779895926826,-0.00325938104652,0.000251802266575,0.0017426784616,-0.00221589300781,-0.0000423870551458],[0.000115794748126,0.000178855189006,-0.00163534120657,-0.000549533870071,0.00451009813696,-0.00465080887079,-0.000779895926826,0.0142970513552,-0.00584140978754,0.0000700393575244,-0.00392495375127,0.0107685513794,-0.0068771596998],[-0.000173029577127,-0.00193510996178,0.000450660882052,0.00411239825189,-0.00596945313737,0.00582357682288,-0.00325938104652,-0.00584140978754,0.0240518916398,-0.0164335258305,0.0106841390952,-0.0120561718941,0.0114318700507],[0.0000735674038879,0.00345217972063,-0.00196263263933,-0.00636533927172,0.00881556794047,-0.00345729384571,0.000251802266575,0.0000700393575244,-0.0164335258305,0.0416018925607,-0.0315813459456,0.0190687868744,-0.00827741157264],[-0.0000021463097255,-0.0048547135666,0.00177257985342,0.00612415652722,-0.0118309669197,0.00386178051122,0.0017426784616,-0.00392495375127,0.0106841390952,-0.0315813459456,0.0556734576821,-0.0343829542398,0.0109370546415],[-0.000276050326647,0.00590104795992,-0.00276117771864,-0.00433272169903,0.00986946094781,-0.00651073036715,-0.00221589300781,0.0107685513794,-0.0120561718941,0.0190687868744,-0.0343829542398,0.0505790822208,-0.0231378301978],[0.000170154613443,-0.0037175710313,0.00194360374007,0.0035432681907,-0.00623996602371,0.00282304827124,-0.0000423870551458,-0.0068771596998,0.0114318700507,-0.00827741157264,0.0109370546415,-0.0231378301978,0.0331664159894]],"mean":[23.1421718597,83.0022735596,-106.64339447,-3.62901496887,7.08826541901,-7.4988079071,-0.908632099628,-20.7846374512,1.53198421001,-8.61821746826,0.151688620448,-1.30586886406,-4.15419864655]},"hfc":{"dmean":74.0374832153,"dmean2":113.944541931,"dvar":10310.265625,"dvar2":22176.4609375,"max":2544.69897461,"mean":273.919128418,"median":231.23097229,"min":1.0884306536e-16,"var":37782.3828125},"melbands":{"dmean":[0.0029108421877,0.00170764571521,0.000447001832072,0.000267986499239,0.000250666489592,0.00018877814,0.000132485423819,0.000106409977889,0.000103752143332,0.000111280503916,0.000107933163235,0.000108054067823,0.0000814989616629,0.000110579116154,0.000126569560962,0.0000942116384977,0.0000814489540062,0.0000754518114263,0.0000404200654884,0.0000318083766615,0.0000265067537839,0.0000266716087935,0.0000217943761527,0.0000215423679037,0.00000981247285381,0.00000683907182975,0.00000414099213231,0.00000373900206796,0.00000319937839777,0.00000241559996539,0.00000125053418287,7.49963589897e-7,5.80775633807e-7,4.6364820605e-7,3.61390874559e-7,2.18119652118e-7,1.296450165e-7,8.72344685376e-8,6.54765557329e-8,3.8072158759e-8],"dmean2":[0.00476999813691,0.00288153835572,0.000758202571888,0.000455542409327,0.000410521926824,0.000307923270157,0.000218357003178,0.000176909481524,0.000171109641087,0.000180530434591,0.000178360729478,0.000178485002834,0.000135094596772,0.000185415818123,0.000214570813114,0.000160015086294,0.000137753755553,0.000128075989778,0.0000691810637363,0.0000538349486305,0.0000440527583123,0.0000448485625384,0.0000366443127859,0.0000394999478885,0.000017247211872,0.0000115410302897,0.00000673098202242,0.00000595785922997,0.00000501170143252,0.00000384010445487,0.0000019440210508,0.0000011569883327,9.03550755993e-7,6.91004231612e-7,5.30188515313e-7,3.1631000752e-7,1.8811431346e-7,1.28998294713e-7,9.78233174465e-8,5.87263500051e-8],"dvar":[0.0000179650123755,0.00000671140242048,4.82892858145e-7,1.56420057351e-7,2.61223163989e-7,2.37225975752e-7,1.52244865603e-7,9.79763328246e-8,1.01230639871e-7,1.14334397949e-7,8.09136366797e-8,7.44241432926e-8,2.91186914581e-8,3.80991735938e-8,4.43401830807e-8,1.95417939608e-8,1.90115283516e-8,1.271257144e-8,3.37713479404e-9,2.74815548096e-9,1.80945114447e-9,1.53793500157e-9,1.26165522474e-9,3.49186080051e-9,5.46980682969e-10,1.9770692028e-10,6.9144405479e-11,9.93839802121e-11,1.0671756534e-10,3.98215002639e-11,8.76583441251e-12,2.67121307712e-12,1.22475131165e-12,8.4497480627e-13,5.27451509118e-13,2.2092306554e-13,7.59473864007e-14,2.97364502542e-14,1.89502751056e-14,5.76225121424e-15],"dvar2":[0.0000467555291834,0.0000176322391781,0.00000128937972477,4.23433618835e-7,6.21467620476e-7,6.22904281045e-7,3.94301139295e-7,2.64559588459e-7,2.67491230943e-7,2.98055084613e-7,2.1430558661e-7,1.98423222741e-7,7.56028342153e-8,1.03909535198e-7,1.26560934177e-7,5.33304280737e-8,5.12872517788e-8,3.49317303971e-8,9.21155596245e-9,7.28031901431e-9,4.77999551052e-9,4.11525835631e-9,3.40476047356e-9,9.98742155645e-9,1.5204926207e-9,5.0691800757e-10,1.66415436986e-10,2.21212659302e-10,2.24909438296e-10,7.65754543108e-11,1.77850251887e-11,5.4741363352e-12,2.69168238046e-12,1.76445544373e-12,1.04893069057e-12,4.43991333499e-13,1.43807613929e-13,5.66274661168e-14,3.81116545386e-14,1.23574543e-14],"max":[0.0686918497086,0.0363818854094,0.0120635889471,0.00905405823141,0.0197135154158,0.0162110887468,0.0134567115456,0.00885189045221,0.00984991900623,0.0107564032078,0.00821064878255,0.0058619370684,0.00492977397516,0.00411094585434,0.00489047821611,0.0034800299909,0.00362219940871,0.00327423866838,0.00138958357275,0.00190676888451,0.00145986571442,0.00103980733547,0.000980749726295,0.000680617114995,0.000315199693432,0.000445338344434,0.000389388267649,0.000291206903057,0.00050992454635,0.00027785578277,0.0000951612310018,0.0000612091243966,0.0000327661728079,0.0000274051199085,0.0000185169010365,0.0000142373792187,0.00000963249567576,0.00000507598497279,0.00000508363382323,0.00000406523395213],"mean":[0.00416294159368,0.0023225992918,0.000629898975603,0.00039675240987,0.000378308410291,0.000283526052954,0.000198078952963,0.0001610818872,0.00015798980894,0.000175864683115,0.000172256332007,0.000171804029378,0.000142939490615,0.000200669033802,0.000236486812355,0.000176707020728,0.000159600094776,0.000147224200191,0.000074413321272,0.0000603838525421,0.0000508509438077,0.0000522447626281,0.0000406377439504,0.0000211866044992,0.0000120861905089,0.00000980621553026,0.00000713217741577,0.00000640742564428,0.00000555762335352,0.00000411056453231,0.00000239754399445,0.0000014986194401,0.00000118902732993,0.00000101912610262,7.76312219841e-7,4.4792159315e-7,2.5540609272e-7,1.67284014196e-7,1.14425617426e-7,5.86117181456e-8],"median":[0.00245902966708,0.00144143914804,0.000410175562138,0.000256432162132,0.000179750291863,0.000114015012514,0.0000651773007121,0.0000488770201628,0.0000422404991696,0.0000412321714975,0.0000499402740388,0.0000526059156982,0.0000601776628173,0.000112820984214,0.000145559271914,0.00011478405213,0.000101863755845,0.000106158986455,0.000050651942729,0.0000383889346267,0.0000317736339639,0.0000355263982783,0.0000278157203866,0.00000900670420378,0.00000590586296312,0.00000515050487593,0.00000380316214432,0.00000284798443317,0.00000211186420529,0.00000162560502304,0.00000119175876989,7.11019936261e-7,5.30797137799e-7,3.8504629174e-7,2.69148756615e-7,1.39667434951e-7,7.72776189706e-8,5.11146041049e-8,3.36297389936e-8,2.22640377245e-8],"min":[2.44164559181e-24,2.41055145594e-24,1.5624129785e-24,2.76504858623e-24,2.76772243027e-24,2.04573484171e-24,1.22117679724e-24,2.38140265106e-24,4.31039791171e-24,2.64055548855e-24,3.26388497687e-24,1.49716353202e-24,2.58485638662e-24,3.31446456874e-24,2.21761540561e-24,3.18925715751e-24,2.61014371737e-24,3.88459919406e-24,3.61619715967e-24,3.62431098851e-24,4.83378148434e-24,4.36111417374e-24,3.70396385183e-24,5.57444969357e-24,4.75463625301e-24,4.63732987539e-24,4.71876162006e-24,5.45352520541e-24,4.06741770885e-24,5.00398887427e-24,4.60794756769e-24,5.89793867384e-24,6.12569425566e-24,5.81179979615e-24,5.49049201629e-24,5.30832352289e-24,6.11702743532e-24,7.0707235877e-24,6.88311984267e-24,5.90246200227e-24],"var":[0.0000272881570709,0.00000879174422153,5.71789200876e-7,2.2213795603e-7,5.23735195657e-7,4.25132355986e-7,2.85100071551e-7,1.74598554281e-7,1.62636226264e-7,2.08623418985e-7,1.56295428155e-7,1.37744038398e-7,6.42310595822e-8,7.44289394561e-8,8.65060556521e-8,4.14155536532e-8,4.05894304834e-8,2.56820413824e-8,6.67364918883e-9,5.67181679401e-9,4.14362588685e-9,3.40662031917e-9,2.18520801454e-9,2.20644169602e-9,4.77404116239e-10,2.6933918984e-10,1.77940079338e-10,2.81241974154e-10,3.16339038298e-10,1.25007421081e-10,2.29276649749e-11,7.35922260631e-12,3.49266080467e-12,2.75066514704e-12,1.71493158216e-12,6.4428762889e-13,2.17357002622e-13,9.08558913325e-14,4.71800129889e-14,1.11208607359e-14]},"melbands_crest":{"dmean":4.63451719284,"dmean2":7.65318536758,"dvar":14.8464641571,"dvar2":39.8320198059,"max":35.69739151,"mean":15.3783712387,"median":14.5629291534,"min":1.68034875393,"var":40.7196273804},"melbands_flatness_db":{"dmean":0.0307099372149,"dmean2":0.0492001362145,"dvar":0.000718038529158,"dvar2":0.00183234002907,"max":0.501758515835,"mean":0.209571689367,"median":0.205011218786,"min":0.00262928055599,"var":0.00318265100941},"melbands_kurtosis":{"dmean":4.25729942322,"dmean2":6.94176864624,"dvar":67.8625259399,"dvar2":148.911682129,"max":351.501647949,"mean":5.22446107864,"median":1.72569847107,"min":-1.78978288174,"var":155.854232788},"melbands_skewness":{"dmean":0.740009307861,"dmean2":1.18819868565,"dvar":0.516029179096,"dvar2":1.27364218235,"max":15.8574609756,"mean":1.84588479996,"median":1.55292642117,"min":-1.04485630989,"var":1.98947477341},"melbands_spread":{"dmean":8.42100143433,"dmean2":13.7741975784,"dvar":66.3605194092,"dvar2":168.461578369,"max":162.278213501,"mean":32.0790252686,"median":30.2232398987,"min":1.18011939526,"var":300.072753906},"mfcc":{"cov":[[6368.30859375,36.1073265076,-257.692596436,387.550811768,-221.092468262,295.298339844,37.3411407471,153.487014771,-56.7242431641,86.705619812,-5.40084695816,59.5098609924,19.3122119904],[36.1073265076,1278.38293457,-363.869934082,-142.036575317,114.708000183,-92.3730926514,-14.6335430145,-26.3886013031,42.6081085205,-42.4759712219,39.6667404175,7.5044836998,2.59481239319],[-257.692596436,-363.869934082,501.713439941,-77.276184082,-68.1032485962,-52.7983779907,-1.44727289677,15.077963829,11.9578876495,39.7095108032,12.0062389374,-1.47117185593,8.63431358337],[387.550811768,-142.036575317,-77.276184082,317.032775879,1.34575676918,90.0104064941,21.4552841187,5.22565078735,-4.112429142,28.1670646667,4.57835388184,7.35200977325,-0.153608322144],[-221.092468262,114.708000183,-68.1032485962,1.34575676918,299.554656982,78.0930786133,42.0282821655,-9.80676269531,-13.8249902725,-51.8170776367,4.98835802078,17.1547145844,4.43821907043],[295.298339844,-92.3730926514,-52.7983779907,90.0104064941,78.0930786133,183.194976807,55.8762893677,27.5613117218,-21.7778015137,-17.9696388245,-17.9613132477,16.6740875244,11.3659315109],[37.3411407471,-14.6335430145,-1.44727289677,21.4552841187,42.0282821655,55.8762893677,103.820396423,33.1791038513,11.62703228,-4.48408603668,-7.30565071106,-5.85449123383,11.9919843674],[153.487014771,-26.3886013031,15.077963829,5.22565078735,-9.80676269531,27.5613117218,33.1791038513,67.6614608765,21.2791900635,14.9564352036,-4.6501288414,-2.0513176918,1.02544653416],[-56.7242431641,42.6081085205,11.9578876495,-4.112429142,-13.8249902725,-21.7778015137,11.62703228,21.2791900635,62.9393730164,35.0263977051,17.4830303192,-0.719205617905,-2.03287935257],[86.705619812,-42.4759712219,39.7095108032,28.1670646667,-51.8170776367,-17.9696388245,-4.48408603668,14.9564352036,35.0263977051,75.7908172607,34.9474830627,12.1358699799,3.14691233635],[-5.40084695816,39.6667404175,12.0062389374,4.57835388184,4.98835802078,-17.9613132477,-7.30565071106,-4.6501288414,17.4830303192,34.9474830627,60.6869239807,29.5915603638,8.40895080566],[59.5098609924,7.5044836998,-1.47117185593,7.35200977325,17.1547145844,16.6740875244,-5.85449123383,-2.0513176918,-0.719205617905,12.1358699799,29.5915603638,50.6953735352,22.5050582886],[19.3122119904,2.59481239319,8.63431358337,-0.153608322144,4.43821907043,11.3659315109,11.9919843674,1.02544653416,-2.03287935257,3.14691233635,8.40895080566,22.5050582886,43.7043151855]],"icov":[[0.000212353494135,-0.0000908749716473,0.0000395699971705,-0.000170624014572,0.000233633661992,-0.000298602331895,0.0000897570280358,-0.000491311599035,0.000469321443234,-0.000274824647931,0.0000560814187338,-0.000193663159735,0.0000745254001231],[-0.0000908749716473,0.00137589627411,0.00105935882311,0.000651939364616,-0.000425833452027,0.000810966768768,-0.0000291011147056,0.000185648241313,-0.00130710587837,0.00107760203537,-0.00124941731337,0.000403639947763,-0.000518408545759],[0.0000395699971705,0.00105935882311,0.00315465847962,0.00105200882535,-0.0000228702519962,0.000896958110388,-0.000325343688019,-0.000506419397425,0.0000223016468226,-0.000899489619769,-0.000789256184362,0.00043871087837,-0.000837963481899],[-0.000170624014572,0.000651939364616,0.00105200882535,0.00463554635644,-0.0000216969074245,-0.00187571370043,-0.000357951445039,0.00152355339378,-0.000123822101159,-0.00232669245452,-0.000573490862735,0.00090653297957,0.000202931143576],[0.000233633661992,-0.000425833452027,-0.0000228702519962,-0.0000216969074245,0.00528060086071,-0.00244315504096,-0.00139039626811,0.000859874591697,-0.000679881428368,0.00394572457299,-0.00255018472672,-0.00133897957858,0.00125137437135],[-0.000298602331895,0.000810966768768,0.000896958110388,-0.00187571370043,-0.00244315504096,0.0114584844559,-0.00403259508312,-0.00290939281695,0.00281008542515,0.000098628566775,0.00408600224182,-0.00562090938911,0.000574791338295],[0.0000897570280358,-0.0000291011147056,-0.000325343688019,-0.000357951445039,-0.00139039626811,-0.00403259508312,0.0155929587781,-0.0056088170968,-0.00313165294938,0.00193316908553,-0.00221864669584,0.006920366548,-0.0063534732908],[-0.000491311599035,0.000185648241313,-0.000506419397425,0.00152355339378,0.000859874591697,-0.00290939281695,-0.0056088170968,0.0232877768576,-0.00750073464587,-0.00305835274048,0.00437331572175,-0.00142373412382,0.00173639238346],[0.000469321443234,-0.00130710587837,0.0000223016468226,-0.000123822101159,-0.000679881428368,0.00281008542515,-0.00313165294938,-0.00750073464587,0.0286187473685,-0.0128076700494,-0.0010472771246,0.00154171872418,0.00189990724903],[-0.000274824647931,0.00107760203537,-0.000899489619769,-0.00232669245452,0.00394572457299,0.000098628566775,0.00193316908553,-0.00305835274048,-0.0128076700494,0.0319389142096,-0.0157308727503,0.00103055522777,-0.0010574918706],[0.0000560814187338,-0.00124941731337,-0.000789256184362,-0.000573490862735,-0.00255018472672,0.00408600224182,-0.00221864669584,0.00437331572175,-0.0010472771246,-0.0157308727503,0.0377996265888,-0.0206180196255,0.00433397013694],[-0.000193663159735,0.000403639947763,0.00043871087837,0.00090653297957,-0.00133897957858,-0.00562090938911,0.006920366548,-0.00142373412382,0.00154171872418,0.00103055522777,-0.0206180196255,0.0427748523653,-0.0183514822274],[0.0000745254001231,-0.000518408545759,-0.000837963481899,0.000202931143576,0.00125137437135,0.000574791338295,-0.0063534732908,0.00173639238346,0.00189990724903,-0.0010574918706,0.00433397013694,-0.0183514822274,0.0332516990602]],"mean":[-635.790466309,149.953460693,-40.1960830688,23.6661071777,14.1148881912,26.2673377991,4.11004161835,8.46174526215,-0.167761966586,1.85953223705,1.6712397337,6.48168849945,0.841029882431]},"pitch_salience":{"dmean":0.0788154602051,"dmean2":0.128072872758,"dvar":0.00441676797345,"dvar2":0.0115771908313,"max":0.947517096996,"mean":0.57667607069,"median":0.592200994492,"min":0.136039093137,"var":0.0130630768836},"silence_rate_20dB":{"dmean":0,"dmean2":0,"dvar":0,"dvar2":0,"max":1,"mean":1,"median":1,"min":1,"var":0},"silence_rate_30dB":{"dmean":0.0389322265983,"dmean2":0.0778700262308,"dvar":0.0374198257923,"dvar2":0.088980615139,"max":1,"mean":0.960498094559,"median":1,"min":0,"var":0.0379395894706},"silence_rate_60dB":{"dmean":0.00386459589936,"dmean2":0.00772974500433,"dvar":0.00384998042136,"dvar2":0.0088164024055,"max":1,"mean":0.0226849857718,"median":0,"min":0,"var":0.0221738032997},"spectral_centroid":{"dmean":215.324615479,"dmean2":338.828369141,"dvar":53029.2226562,"dvar2":118966.484375,"max":11524.6201172,"mean":1545.93591309,"median":1483.6003418,"min":226.810195923,"var":452804.8125},"spectral_complexity":{"dmean":4.19280052185,"dmean2":6.56498718262,"dvar":14.4712209702,"dvar2":32.3400154114,"max":63,"mean":28.7883205414,"median":29,"min":0,"var":93.4055633545},"spectral_contrast_coeffs":{"dmean":[0.0525938346982,0.0481923520565,0.0383081510663,0.0275118686259,0.0222905278206,0.0324961282313],"dmean2":[0.0886473208666,0.0818143263459,0.0650039166212,0.0471503995359,0.0371299982071,0.051599200815],"dvar":[0.00165158859454,0.0014204349136,0.000908236310352,0.000456820853287,0.000338574609486,0.000942440121435],"dvar2":[0.00465046195313,0.00401167850941,0.00257326615974,0.00134536321275,0.000893527641892,0.00228745839559],"max":[-0.378823727369,-0.424610257149,-0.550913214684,-0.645103216171,-0.603380382061,-0.46381482482],"mean":[-0.71988505125,-0.782802641392,-0.801842451096,-0.804380655289,-0.783557116985,-0.738155722618],"median":[-0.724004864693,-0.791319608688,-0.808937609196,-0.806074023247,-0.788138747215,-0.732546031475],"min":[-0.980528593063,-0.988509476185,-0.975078761578,-0.986021637917,-0.968501091003,-0.964219093323],"var":[0.00413078488782,0.00404777657241,0.00286599155515,0.00120057363529,0.00178042193875,0.00415601814166]},"spectral_contrast_valleys":{"dmean":[0.386611491442,0.348364055157,0.280470341444,0.229702711105,0.283160567284,0.429804563522],"dmean2":[0.64385843277,0.576278567314,0.462712317705,0.379148095846,0.437998473644,0.661538600922],"dvar":[0.105330698192,0.0879301056266,0.0606825724244,0.0460996516049,0.103370279074,0.173482865095],"dvar2":[0.270537227392,0.217844694853,0.144516393542,0.100882492959,0.220740273595,0.409587740898],"max":[-4.93736410141,-4.79074621201,-5.08262252808,-5.06713151932,-5.44729614258,-8.51863098145],"mean":[-6.75888538361,-6.66742134094,-6.71030759811,-6.58667373657,-7.34060811996,-10.8076457977],"median":[-6.51906347275,-6.55777740479,-6.60178565979,-6.38135528564,-7.1249666214,-10.6744565964],"min":[-28.1926383972,-27.8045539856,-27.6367053986,-27.4599151611,-27.4175548553,-27.3825397491],"var":[2.08240556717,1.8565890789,1.86354076862,1.92368197441,1.92288887501,1.47445189953]},"spectral_decrease":{"dmean":3.87827947534e-9,"dmean2":6.21287110647e-9,"dvar":2.18234233829e-17,"dvar2":5.47750167344e-17,"max":2.51320138034e-8,"mean":-6.72569910876e-9,"median":-5.39353672835e-9,"min":-6.14828365997e-8,"var":4.18157931445e-17},"spectral_energy":{"dmean":0.0152726406232,"dmean2":0.0243305414915,"dvar":0.000330200593453,"dvar2":0.000822159869131,"max":0.284642010927,"mean":0.0502295233309,"median":0.0465250536799,"min":1.01661490869e-20,"var":0.000931580376346},"spectral_energyband_high":{"dmean":0.000398881762521,"dmean2":0.000588496855926,"dvar":3.96810435177e-7,"dvar2":6.42963584596e-7,"max":0.0210564956069,"mean":0.00142990064342,"median":0.00115339062177,"min":6.97674824783e-21,"var":0.00000203511012842},"spectral_energyband_low":{"dmean":0.0116443848237,"dmean2":0.019080163911,"dvar":0.000244135619141,"dvar2":0.000626524793915,"max":0.219849318266,"mean":0.0186029989272,"median":0.0125625245273,"min":2.60118616234e-23,"var":0.000400568300392},"spectral_energyband_middle_high":{"dmean":0.00332589517348,"dmean2":0.0054048737511,"dvar":0.0000174722408701,"dvar2":0.0000458740360045,"max":0.0752715244889,"mean":0.0115050077438,"median":0.00900030694902,"min":1.23352642417e-21,"var":0.0000844353053253},"spectral_energyband_middle_low":{"dmean":0.00330927735195,"dmean2":0.00537159014493,"dvar":0.0000225356161536,"dvar2":0.000058470031945,"max":0.0916915312409,"mean":0.00776539510116,"median":0.00502997403964,"min":1.9432321174e-22,"var":0.0000631127113593},"spectral_entropy":{"dmean":0.108275301754,"dmean2":0.164820626378,"dvar":0.0100453458726,"dvar2":0.0227855723351,"max":9.81703186035,"mean":7.6871471405,"median":7.69916629791,"min":5.97741889954,"var":0.0788077190518},"spectral_flux":{"dmean":0.0240357536823,"dmean2":0.0386692322791,"dvar":0.000629260379355,"dvar2":0.00146407273132,"max":0.383209228516,"mean":0.129337787628,"median":0.129366651177,"min":6.42663214312e-11,"var":0.00234933942556},"spectral_kurtosis":{"dmean":4.56028604507,"dmean2":6.94842767715,"dvar":33.9128990173,"dvar2":81.7637023926,"max":128.302032471,"mean":23.4678840637,"median":21.7128410339,"min":-1.24044203758,"var":139.670318604},"spectral_rms":{"dmean":0.000989109626971,"dmean2":0.00155660358723,"dvar":9.7652207387e-7,"dvar2":0.00000237640733758,"max":0.0166643187404,"mean":0.00662735803053,"median":0.00673723220825,"min":3.14931652805e-12,"var":0.00000508250150233},"spectral_rolloff":{"dmean":4308.07275391,"dmean2":8227.70703125,"dvar":51409984,"dvar2":125215528,"max":22028.4667969,"mean":17314.8066406,"median":20758.0078125,"min":64.599609375,"var":55583016},"spectral_skewness":{"dmean":0.35613706708,"dmean2":0.542696714401,"dvar":0.162689700723,"dvar2":0.379020899534,"max":9.94658374786,"mean":3.25592255592,"median":3.17404222488,"min":-0.0434895530343,"var":0.874180197716},"spectral_spread":{"dmean":366940.1875,"dmean2":569474.125,"dvar":249282412544,"dvar2":519758315520,"max":42237488,"mean":3833079.75,"median":3569957.5,"min":1546769,"var":3928984911870},"spectral_strongpeak":{"dmean":8.01169395447,"dmean2":14.3680410385,"dvar":481.343383789,"dvar2":1173.48303223,"max":268.556640625,"mean":7.47783231735,"median":0.259528487921,"min":0,"var":586.54498291},"zerocrossingrate":{"dmean":0.0412221811712,"dmean2":0.0515073463321,"dvar":0.00133872253355,"dvar2":0.00196979846805,"max":0.8935546875,"mean":0.329450279474,"median":0.314453125,"min":0.0068359375,"var":0.00912242289633}},"metadata":{"audio_properties":{"analysis_sample_rate":44100,"bit_rate":320000,"codec":"mp3","downmix":"mix","equal_loudness":0,"length":324.440826416,"lossless":false,"md5_encoded":"6b781b1dcb0d5cd36311f5c381824359","replay_gain":-4.7686290741,"sample_rate":44100},"tags":{"album":["Jugulator"],"albumartist":["Judas Priest"],"albumartistsort":["Judas Priest"],"artist":["Judas Priest"],"artistsort":["Judas Priest"],"asin":["B000001YAN"],"date":["1997"],"discnumber":["1/1"],"file_name":"07. Judas Priest - Brain Dead.mp3","genre":["Heavy Metal"],"musicbrainz album release country":["GB"],"musicbrainz album status":["official"],"musicbrainz album type":["album"],"musicbrainz_albumartistid":["6b335658-22c8-485d-93de-0bc29a1d0349"],"musicbrainz_albumid":["9f65b0fc-63a8-41b2-aeb9-c8984a01d0b8"],"musicbrainz_artistid":["6b335658-22c8-485d-93de-0bc29a1d0349"],"musicbrainz_recordingid":["249aa3fd-8edd-438c-82eb-8d732e37cd7c"],"musicip_puid":["cca9a9c7-58d1-bad1-489f-201701441235"],"title":["Brain Dead"],"tracknumber":["7/10"]},"version":{"essentia":"2.1-beta1","essentia_build_sha":"ca57ba49d9b1854bd80e60cf9ccf267278fb7d6b","essentia_git_sha":"v2.1_beta1-28-g21ef5f4-dirty","extractor":"music 1.0"}},"rhythm":{"beats_count":837,"beats_loudness":{"dmean":0.0226729512215,"dmean2":0.0388432741165,"dvar":0.000439998490037,"dvar2":0.00121731485706,"max":0.235588535666,"mean":0.0575597174466,"median":0.0567631982267,"min":1.70567970859e-9,"var":0.000915882992558},"beats_loudness_band_ratio":{"dmean":[0.166042596102,0.0594405941665,0.0575360022485,0.0739588886499,0.0467901602387,0.09676348418],"dmean2":[0.288420885801,0.101814560592,0.0970808118582,0.1256749928,0.0817943736911,0.166027233005],"dvar":[0.0181945264339,0.00499466946349,0.00676477234811,0.00511416932568,0.00193505478092,0.00721438182518],"dvar2":[0.0507375970483,0.0129072908312,0.0172966662794,0.013749551028,0.00554307783023,0.0206755846739],"max":[0.857510566711,0.562794625759,0.839424848557,0.537818908691,0.415650755167,0.84160554409],"mean":[0.372260004282,0.0794422850013