{"lowlevel":{"average_loudness":0.781480431557,"barkbands":{"dmean":[0.0000195984939637,0.00172071019188,0.00178915006109,0.00110511155799,0.0010962394299,0.000562494446058,0.000355450436473,0.000285089423414,0.000313977710903,0.000273695884971,0.00021017625113,0.000199825153686,0.000230223726248,0.000319177866913,0.000305617257254,0.000410325214034,0.000539325876161,0.000371533271391,0.000176330533577,0.000301077408949,0.000199157060706,0.0000981955599855,0.000117963798402,0.000103774138552,0.000070802787377,0.0000248732849286,0.00000474603803013],"dmean2":[0.0000281881857518,0.0027618277818,0.0030368429143,0.00186637730803,0.00185336370487,0.000944942876231,0.000592594500631,0.000466356577817,0.000503397721332,0.000438564922661,0.000340230006259,0.000324422027916,0.000372578302631,0.000500129244756,0.000474196334835,0.000664325198159,0.000866533722728,0.000590053736232,0.000290313939331,0.000494504638482,0.000326319859596,0.000160465584486,0.000180414150236,0.000154139925144,0.000102824851638,0.0000363999715773,0.00000714398083801],"dvar":[1.66068492291e-9,0.0000185347380466,0.0000107620862764,0.00000346956699104,0.00000309442680191,0.0000014763809304,5.8357323951e-7,3.98706134774e-7,8.18702744709e-7,6.51158757137e-7,4.59577677248e-7,4.3276196493e-7,4.8539556019e-7,0.00000102323349438,8.04498881735e-7,5.56339443847e-7,6.05412594723e-7,4.07925256241e-7,1.08969551604e-7,3.35509071192e-7,1.41021160971e-7,5.91319135879e-8,1.40139263749e-7,1.49708299091e-7,1.07039483055e-7,8.24229573482e-9,3.38643529885e-10],"dvar2":[3.83532006154e-9,0.0000394097151002,0.0000305194153043,0.00000923093011806,0.00000889322654984,0.00000400233329856,0.00000152294614963,9.66563334259e-7,0.00000200674367079,0.00000158218563229,0.00000113317912565,9.95894765765e-7,0.00000117103093089,0.00000242504961534,0.00000180059566901,0.00000134703191179,0.0000014848903902,0.00000101177306533,2.81003053715e-7,8.5027716068e-7,3.79841338827e-7,1.47955731222e-7,2.88081054123e-7,2.77437663954e-7,2.13751150113e-7,1.93058209419e-8,8.22727108662e-10],"max":[0.000595742778387,0.0489992573857,0.0469893813133,0.0234596710652,0.0226084906608,0.0190450381488,0.0160438977182,0.0159448292106,0.0248033683747,0.0298881344497,0.0233904905617,0.0180864538997,0.0242772307247,0.0322217568755,0.0220435913652,0.0179246049374,0.0131383053958,0.0139363436028,0.00479303812608,0.0200429372489,0.00549307232723,0.00443091709167,0.0108222393319,0.00892213266343,0.00821266788989,0.00197728909552,0.000467457575724],"mean":[0.000029291757528,0.00212757056579,0.0027690413408,0.00159619888291,0.00171019113623,0.000775534310378,0.0004845582298,0.000388850137824,0.000487708079163,0.000402463017963,0.000288207869744,0.000285634916509,0.00032754483982,0.000469888676889,0.000454417982837,0.000732637709007,0.00103376526386,0.000717896211427,0.00034629466245,0.000734438362997,0.000389643915696,0.000152426408022,0.000185068434803,0.000168188475072,0.000104059530713,0.0000326046611008,0.0000056109201978],"median":[0.0000144041232488,0.0006338407984,0.00143986195326,0.000763342366554,0.00103101599962,0.000325456261635,0.000203491974389,0.000117370902444,0.000115399787319,0.0000962604026427,0.0000415617105318,0.0000601029896643,0.0000945720748859,0.000119420605188,0.00012919625442,0.00044448961853,0.000748598424252,0.000465078075649,0.000223971743253,0.000420425087214,0.000227887256187,0.0000510679237777,0.0000449811741419,0.0000368808869098,0.00001420942408,0.00000441796237283,7.98408450464e-7],"min":[1.78310655424e-25,1.11103505157e-24,5.65943456636e-25,3.06233910141e-24,2.6585672735e-23,2.03163032427e-23,1.52997695079e-23,9.40160561424e-24,2.12953569344e-23,3.90248385408e-23,3.12111586528e-23,4.75686439064e-23,2.38514193064e-23,5.36124260011e-23,5.16179300418e-23,9.57486234599e-23,9.34223105158e-23,1.08348316149e-22,1.31938740825e-22,2.23647721185e-22,2.23632196403e-22,4.14409913824e-22,4.46018825612e-22,6.42841716679e-22,9.8610198092e-22,1.40915558883e-21,2.04680329385e-21],"var":[2.23975482605e-9,0.0000224260602408,0.0000140356978591,0.00000534244418304,0.00000473850514027,0.0000018872487999,7.62659681186e-7,6.74253044508e-7,0.00000153097880684,0.00000121014920751,9.12015423182e-7,8.60022112192e-7,8.45895726798e-7,0.00000179995265626,0.00000154760527948,0.00000131947626869,0.00000136473886414,9.07490743884e-7,1.98287978037e-7,8.93839569471e-7,2.39802290025e-7,8.76233059444e-8,2.65503899755e-7,3.13301228516e-7,1.81928371035e-7,1.09323607944e-8,3.62545937715e-10]},"barkbands_crest":{"dmean":2.47875881195,"dmean2":4.09341430664,"dvar":5.25884103775,"dvar2":13.2931632996,"max":26.4552822113,"mean":8.3277053833,"median":7.56317949295,"min":2.14187335968,"var":12.977645874},"barkbands_flatness_db":{"dmean":0.0200546961278,"dmean2":0.030875004828,"dvar":0.000423513149144,"dvar2":0.000981018412858,"max":0.427216827869,"mean":0.117277026176,"median":0.100244536996,"min":0.018395723775,"var":0.00367148383521},"barkbands_kurtosis":{"dmean":2.41745567322,"dmean2":3.82542562485,"dvar":53.6374664307,"dvar2":132.663024902,"max":199.012496948,"mean":2.36654806137,"median":-0.757827758789,"min":-1.94048595428,"var":114.59500885},"barkbands_skewness":{"dmean":0.575255572796,"dmean2":0.877725660801,"dvar":0.447970181704,"dvar2":1.02911961079,"max":12.6518306732,"mean":0.383945822716,"median":0.51551181078,"min":-8.46026134491,"var":2.53815364838},"barkbands_spread":{"dmean":7.35022592545,"dmean2":11.5025081635,"dvar":68.4905395508,"dvar2":159.441040039,"max":101.985450745,"mean":36.8944206238,"median":37.9979438782,"min":0.6266015172,"var":333.915130615},"dissonance":{"dmean":0.00922971125692,"dmean2":0.0154724074528,"dvar":0.000202243667445,"dvar2":0.000538961554412,"max":0.500000238419,"mean":0.484533846378,"median":0.490220278502,"min":0.0666367858648,"var":0.000409945030697},"dynamic_complexity":7.46741819382,"erbbands":{"dmean":[0.0408419556916,0.432137995958,1.70611345768,3.02077507973,3.64677476883,3.86695504189,3.91678071022,4.56303310394,4.49928760529,6.13356637955,6.36571598053,7.07801055908,6.7493314743,9.69804382324,7.96694850922,7.63602018356,10.1190853119,13.6765975952,16.3660068512,13.3454351425,24.7545642853,32.048614502,21.4198970795,12.4110975266,8.12152671814,14.2917461395,12.2070360184,5.19434070587,3.56847476959,3.34959459305,3.44884371758,2.78933620453,1.34176754951,0.77092474699,0.533064007759,0.173336192966,0.0336892493069,0.00600849371403,0.000707405153662,0.0000578838807996],"dmean2":[0.064895004034,0.697685301304,2.88375020027,5.0893535614,6.21737766266,6.6406993866,6.48081731796,7.71384859085,7.5697927475,10.1119794846,10.3802633286,11.4522733688,10.5887470245,15.5744447708,12.6601247787,12.2194786072,16.3246383667,21.4278831482,25.0621623993,20.7136497498,40.1171760559,51.5252418518,34.1115341187,19.6590499878,13.4313259125,23.5364761353,19.8401603699,8.52002811432,5.88143157959,5.3249297142,5.27284955978,4.18719148636,1.97843432426,1.11897552013,0.773355603218,0.252927005291,0.0490209907293,0.00912236142904,0.00104134518187,0.0000872433956829],"dvar":[0.0134862232953,1.07124638557,9.86330890656,30.1239566803,34.8137931824,43.9924278259,66.6919326782,104.66758728,92.1059341431,215.159805298,205.852142334,467.667205811,475.940948486,950.186462402,777.618713379,641.118347168,964.34967041,1688.65332031,2702.32592773,1090.96740723,1636.17797852,2264.68212891,1316.48217773,492.063568115,211.37739563,620.924377441,577.582763672,110.804130554,74.6110839844,88.9690933228,125.331863403,102.70879364,27.5832843781,12.6046562195,6.72484588623,0.343371868134,0.0236524417996,0.00101302203257,0.00000659691704641,3.66389478756e-8],"dvar2":[0.0299759842455,2.34283399582,28.2004680634,80.0172958374,96.8991470337,129.717941284,173.786483765,278.181335449,239.833511353,535.302490234,491.284973145,1171.10510254,1105.57592773,2396.33520508,1931.56225586,1425.99890137,2323.32983398,3901.33911133,6229.10595703,2466.77832031,4145.51757812,5556.90722656,3201.87866211,1184.41467285,576.757141113,1618.34008789,1435.13391113,302.543914795,191.523803711,204.085693359,250.885482788,197.640777588,50.8596916199,25.3906364441,14.0473508835,0.763764262199,0.0538874901831,0.00261324853636,0.0000155030229507,8.85474733536e-8],"max":[1.06274080276,12.4238758087,50.775642395,82.0829772949,76.5337677002,106.132606506,128.203842163,165.71635437,161.804595947,356.058624268,345.438964844,461.658813477,754.561645508,1127.41210938,718.102600098,863.297729492,1060.32299805,1081.35852051,1427.94482422,713.213989258,1023.26501465,841.482055664,789.779846191,393.384643555,268.23236084,689.90234375,596.432617188,159.784729004,140.029418945,187.539337158,286.272033691,215.356765747,128.247741699,88.3578109741,84.9408569336,8.26180744171,5.70164728165,0.928042113781,0.0761009305716,0.00378565839492],"mean":[0.043009057641,0.575687944889,2.74309873581,4.92788887024,5.47538566589,5.54206180573,5.91200685501,6.12562036514,6.21051120758,8.40253639221,9.43845748901,11.1573209763,10.7518234253,14.0821352005,12.1546173096,11.8768463135,15.3421964645,21.677110672,25.9900665283,24.383102417,47.3283653259,61.3942260742,44.120765686,25.0676803589,19.1281089783,34.6954803467,25.279088974,9.76484680176,5.62614822388,5.05168294907,5.48313045502,4.44331741333,2.14984941483,1.16979515553,0.741102159023,0.229269891977,0.0449869073927,0.00744034163654,0.000914776173886,0.0000828695992823],"median":[0.00966191571206,0.208192482591,1.47926735878,2.79807329178,3.17855715752,3.12056350708,2.68169569969,2.50134897232,2.81911659241,3.05921459198,3.05575442314,2.98959255219,2.45079874992,3.66713476181,2.04317164421,3.19255828857,4.68024110794,6.09944820404,6.61675357819,10.3996248245,32.9359397888,44.2820014954,31.4082012177,16.0454730988,13.0627841949,19.7253303528,14.3523283005,5.52548122406,2.08790183067,1.34756529331,1.33896946907,1.00838851929,0.440828204155,0.17907102406,0.0826074033976,0.0280923489481,0.00630358653143,0.00108729244675,0.000149779880303,0.0000334290962201],"min":[6.38406513478e-23,2.56775310122e-22,1.93554750146e-21,1.5370272708e-20,2.54305903363e-20,6.59436462263e-20,1.01480307619e-19,2.05903064697e-19,2.26760604788e-19,1.83299178312e-19,2.8772397103e-19,4.151679465e-19,8.82402880054e-19,1.26035369605e-18,1.54097047956e-18,2.37035635562e-18,1.65228127946e-18,3.24254262453e-18,2.91367298378e-18,3.52217723446e-18,4.90419586033e-18,5.9905830304e-18,6.04232359131e-18,7.3027268148e-18,9.37607652686e-18,1.11345731736e-17,1.09169469176e-17,1.17370270117e-17,1.3735789848e-17,1.18837423826e-17,1.10648368849e-17,1.36770327275e-17,1.02851347852e-17,1.03001323968e-17,7.06517377776e-18,5.06529921079e-18,2.68454643564e-18,1.06414211205e-18,2.78743943204e-19,3.12242069675e-20],"var":[0.0141672398895,1.32583725452,13.1520690918,44.06092453,51.7629356384,56.7541351318,97.9935379028,133.967926025,119.450210571,314.157531738,397.345855713,826.580383301,986.136962891,1626.53369141,1553.28063965,1328.01013184,1696.66296387,3125.3269043,5724.90869141,2747.78027344,3728.75610352,4928.57080078,3050.31445312,1104.18505859,480.768859863,1830.45410156,1143.66235352,168.568572998,104.296867371,146.027633667,245.841140747,212.000213623,55.5209350586,22.2844600677,10.2135057449,0.488139212132,0.0336146838963,0.000975628267042,0.00000826907125884,4.17667216368e-8]},"erbbands_crest":{"dmean":2.69491195679,"dmean2":4.48905277252,"dvar":6.27162313461,"dvar2":16.1236991882,"max":29.9692459106,"mean":9.30129718781,"median":8.38931655884,"min":2.50453257561,"var":16.6136474609},"erbbands_flatness_db":{"dmean":0.0189870875329,"dmean2":0.0285139977932,"dvar":0.000403219135478,"dvar2":0.000856761354953,"max":0.515778839588,"mean":0.173234030604,"median":0.150456756353,"min":0.0220228098333,"var":0.00620334595442},"erbbands_kurtosis":{"dmean":1.62229287624,"dmean2":2.5880420208,"dvar":8.1352558136,"dvar2":19.5133247375,"max":84.8176803589,"mean":1.77049875259,"median":0.806483268738,"min":-1.81440734863,"var":15.040851593},"erbbands_skewness":{"dmean":0.424231350422,"dmean2":0.656805455685,"dvar":0.216455996037,"dvar2":0.47963950038,"max":6.95982599258,"mean":-0.821927845478,"median":-0.877971172333,"min":-6.27885770798,"var":0.733456254005},"erbbands_spread":{"dmean":8.0446138382,"dmean2":12.7608032227,"dvar":73.4917755127,"dvar2":180.408721924,"max":161.092819214,"mean":33.8296546936,"median":34.1526947021,"min":0.929822742939,"var":294.086975098},"gfcc":{"cov":[[41726.890625,2957.12231445,1011.97460938,2487.52197266,-4312.18798828,643.467651367,-478.773223877,42.3052368164,89.2431640625,435.677734375,-1262.8692627,-893.877563477,-235.301177979],[2957.12231445,1538.31848145,-202.441757202,47.8584632874,-252.249542236,-64.1228408813,104.303909302,5.26799106598,26.9294776917,-62.6976470947,-64.1242752075,-163.317230225,64.5520858765],[1011.97460938,-202.441757202,1454.59204102,318.451599121,-448.357635498,206.37538147,-61.9707832336,-34.8144454956,58.1949539185,126.417915344,-170.742126465,-36.4233474731,-61.0855331421],[2487.52197266,47.8584632874,318.451599121,596.444335938,-240.151550293,21.6764125824,-43.3088417053,-11.9295978546,51.9317016602,53.9789810181,-107.86730957,-71.8953399658,-10.0103216171],[-4312.18798828,-252.249542236,-448.357635498,-240.151550293,829.949645996,-108.855293274,96.7566452026,32.313293457,-19.0740413666,-63.5087356567,157.052871704,137.690933228,32.0150146484],[643.467651367,-64.1228408813,206.37538147,21.6764125824,-108.855293274,238.09197998,33.1394538879,10.60962677,3.55151677132,21.4302902222,-6.26149511337,-21.4463748932,-15.7215270996],[-478.773223877,104.303909302,-61.9707832336,-43.3088417053,96.7566452026,33.1394538879,191.716705322,22.7500095367,-18.8082180023,13.5135183334,25.9303340912,-6.81831264496,7.95956850052],[42.3052368164,5.26799106598,-34.8144454956,-11.9295978546,32.313293457,10.60962677,22.7500095367,107.470596313,50.2346305847,-9.03724098206,0.494076877832,12.3414058685,11.1617126465],[89.2431640625,26.9294776917,58.1949539185,51.9317016602,-19.0740413666,3.55151677132,-18.8082180023,50.2346305847,116.480308533,14.1278982162,-14.7199764252,2.5148358345,4.02927732468],[435.677734375,-62.6976470947,126.417915344,53.9789810181,-63.5087356567,21.4302902222,13.5135183334,-9.03724098206,14.1278982162,116.191070557,0.454875856638,-16.9294776917,-9.79111003876],[-1262.8692627,-64.1242752075,-170.742126465,-107.86730957,157.052871704,-6.26149511337,25.9303340912,0.494076877832,-14.7199764252,0.454875856638,130.487319946,44.2875671387,14.2621679306],[-893.877563477,-163.317230225,-36.4233474731,-71.8953399658,137.690933228,-21.4463748932,-6.81831264496,12.3414058685,2.5148358345,-16.9294776917,44.2875671387,120.566368103,17.6714572906],[-235.301177979,64.5520858765,-61.0855331421,-10.0103216171,32.0150146484,-15.7215270996,7.95956850052,11.1617126465,4.02927732468,-9.79111003876,14.2621679306,17.6714572906,68.1632614136]],"icov":[[0.000148155450006,-0.000252330239164,0.000324665277731,-0.000408377934946,0.000542791094631,-0.000427545746788,0.000316381279845,-0.000456523732282,0.000492086692248,-0.000646061380394,0.000835466547869,-0.000501125061419,0.000498857873026],[-0.000252330239164,0.00146772002336,-0.000453250657301,0.000770035316236,-0.000504218798596,0.00118953827769,-0.00142129976302,0.00112788577098,-0.00149560743012,0.00196784595028,-0.00142699817661,0.00214859261177,-0.00194902776275],[0.000324665277731,-0.000453250657301,0.00191193097271,-0.00114727811888,0.00148312922101,-0.00175240763929,0.000716667040251,-0.00049734528875,0.000682400132064,-0.00224173301831,0.00302547751926,-0.00188556767534,0.0014853348257],[-0.000408377934946,0.000770035316236,-0.00114727811888,0.00340794841759,-0.00132093380671,0.0013852303382,-0.000788764562458,0.00164429144934,-0.002201795578,0.0012877874542,-0.00124484626576,0.00220552901737,-0.00190005660988],[0.000542791094631,-0.000504218798596,0.00148312922101,-0.00132093380671,0.00433904444799,-0.000687368854415,-0.000244179187575,-0.00161233439576,0.00131201546174,-0.00136177625973,0.00163325632457,-0.00299906078726,0.00174501130823],[-0.000427545746788,0.00118953827769,-0.00175240763929,0.0013852303382,-0.000687368854415,0.00691565778106,-0.00253294711001,0.000520372879691,-0.00148475088645,0.0026640908327,-0.00396604137495,0.00259659206495,-0.00121384963859],[0.000316381279845,-0.00142129976302,0.000716667040251,-0.000788764562458,-0.000244179187575,-0.00253294711001,0.00808122195303,-0.00328583759256,0.003469691379,-0.00364573602565,0.00170693860855,-0.000592719006818,0.00115717027802],[-0.000456523732282,0.00112788577098,-0.00049734528875,0.00164429144934,-0.00161233439576,0.000520372879691,-0.00328583759256,0.0149124497548,-0.00817106943578,0.00353628862649,-0.00149132707156,0.000841381901409,-0.00294432113878],[0.000492086692248,-0.00149560743012,0.000682400132064,-0.002201795578,0.00131201546174,-0.00148475088645,0.003469691379,-0.00817106943578,0.0144528253004,-0.00440029101446,0.00309417676181,-0.00254932139069,0.00190452695824],[-0.000646061380394,0.00196784595028,-0.00224173301831,0.0012877874542,-0.00136177625973,0.0026640908327,-0.00364573602565,0.00353628862649,-0.00440029101446,0.0143815372139,-0.00641097174957,0.00422180397436,-0.00224014231935],[0.000835466547869,-0.00142699817661,0.00302547751926,-0.00124484626576,0.00163325632457,-0.00396604137495,0.00170693860855,-0.00149132707156,0.00309417676181,-0.00641097174957,0.0175518877804,-0.00556357530877,0.00179308583029],[-0.000501125061419,0.00214859261177,-0.00188556767534,0.00220552901737,-0.00299906078726,0.00259659206495,-0.000592719006818,0.000841381901409,-0.00254932139069,0.00422180397436,-0.00556357530877,0.0154656451195,-0.00527988467366],[0.000498857873026,-0.00194902776275,0.0014853348257,-0.00190005660988,0.00174501130823,-0.00121384963859,0.00115717027802,-0.00294432113878,0.00190452695824,-0.00224014231935,0.00179308583029,-0.00527988467366,0.0190972890705]],"mean":[-74.8662490845,61.8233299255,-129.650756836,49.2897720337,-35.5068855286,1.17789590359,-40.0140724182,8.72355365753,-24.9746074677,-5.46222448349,-16.802312851,-3.86435675621,-10.4839029312]},"hfc":{"dmean":7.7663064003,"dmean2":11.6659240723,"dvar":175.493469238,"dvar2":393.256408691,"max":181.432403564,"mean":22.6420135498,"median":18.2378368378,"min":1.11522223955e-16,"var":550.883178711},"melbands":{"dmean":[0.000432364904555,0.000743835989852,0.000503046845552,0.000277265440673,0.000131380511448,0.000102330210211,0.0000686309722369,0.0000645640975563,0.0000537874475413,0.0000437963426521,0.0000339328580594,0.0000403687336075,0.0000269630018011,0.0000240200588451,0.0000192580992007,0.0000241783654928,0.0000280525891867,0.0000289195359073,0.0000208740766539,0.0000204051757464,0.0000312007468892,0.0000358364413842,0.0000257432475337,0.0000184898490261,0.0000103588745333,0.00000621348181085,0.00000781361268309,0.0000109553739094,0.00000961763907981,0.00000494866844747,0.00000270604732577,0.00000212186887438,0.00000191929348148,0.00000195633720068,0.00000209746553992,0.00000196825158127,0.0000016864613599,0.00000107717869469,6.09127653206e-7,7.10744529897e-7],"dmean2":[0.000688322761562,0.0012342199916,0.000847758143209,0.000473902589874,0.000218454297283,0.000172886371729,0.000114588212455,0.000106235806015,0.0000881210071384,0.0000705469792592,0.0000531662117282,0.0000647667984595,0.0000431726948591,0.0000384446429962,0.000031144823879,0.0000387742074963,0.0000438661772932,0.0000446450103482,0.0000328169335262,0.0000318691381835,0.0000509545207024,0.000057867164287,0.0000411506589444,0.0000295656791423,0.0000166010122484,0.0000103009870145,0.000013036218661,0.0000181608593266,0.0000156946443894,0.00000820402146928,0.00000450477000413,0.0000035272171317,0.00000315516058436,0.00000312764996124,0.00000326389294969,0.00000299673843074,0.00000250885500463,0.00000161327670867,9.15340649499e-7,0.00000104870139239],"dvar":[0.00000131906404022,0.00000195863958652,7.16491797448e-7,2.04354876132e-7,6.11327024558e-8,5.03215318304e-8,2.07811226005e-8,2.24886491651e-8,1.58085864399e-8,1.76788645945e-8,1.20524958902e-8,1.65407811892e-8,8.10677569518e-9,6.53464482525e-9,3.38497296859e-9,6.22241458359e-9,8.08826516874e-9,9.4486711788e-9,4.09219769182e-9,2.49552134512e-9,2.62674482165e-9,2.92111645983e-9,1.60619617606e-9,1.12021325549e-9,3.65601632302e-10,1.36816599716e-10,1.70289352064e-10,4.17973933242e-10,4.19364210025e-10,8.68986133051e-11,3.42453287949e-11,2.66275092253e-11,2.5919147037e-11,3.44552095188e-11,4.4428544177e-11,5.03962045706e-11,3.91300464253e-11,1.74466569663e-11,6.41913215291e-12,1.23004930894e-11],"dvar2":[0.0000028097390441,0.00000522409845871,0.00000190790387933,6.02499142133e-7,1.6145568793e-7,1.34802377261e-7,5.42045412999e-8,5.55565335958e-8,3.75908975059e-8,4.42489387353e-8,2.80855623203e-8,4.15103826867e-8,1.94680360721e-8,1.55037032101e-8,7.45356754095e-9,1.45645850935e-8,1.85899438065e-8,2.18257678597e-8,9.08171315928e-9,5.29652455228e-9,6.66874067079e-9,7.23001836178e-9,3.89083076868e-9,2.78743494952e-9,8.83821016373e-10,3.70295433205e-10,4.76806760741e-10,1.07008946149e-9,1.0089274971e-9,2.39091468845e-10,9.32403737552e-11,6.90490650768e-11,6.52035717086e-11,8.02419589108e-11,9.05776287308e-11,1.05571412723e-10,7.51788978293e-11,3.31544548759e-11,1.27868887353e-11,2.58834030598e-11],"max":[0.011469499208,0.0243772324175,0.0120676616207,0.00577589310706,0.00364018371329,0.00351711525582,0.00249025062658,0.00341724860482,0.00356965465471,0.00285127037205,0.00370331387967,0.00498325517401,0.00292778387666,0.00245070946403,0.00193414371461,0.00334552465938,0.00223076087423,0.00264951610006,0.00197731889784,0.00173771323171,0.00129164766986,0.000817404012196,0.000802431255579,0.00085037824465,0.000371392758097,0.000242176814936,0.000233155980823,0.000631635717582,0.000668344378937,0.000134816873469,0.00008759888442,0.000100128694612,0.000132574656163,0.000146833786857,0.000178822316229,0.000190497856238,0.000158235896379,0.000101395395177,0.000069828616688,0.0000970879482338],"mean":[0.000499105197378,0.00122446648311,0.000867120397743,0.000410789216403,0.000207273536944,0.000139048497658,0.0000955353025347,0.0000887458518264,0.00007986730634,0.0000681349629303,0.0000525149298483,0.0000571605705773,0.0000398528609367,0.0000346886627085,0.0000289143936243,0.0000345808221027,0.0000411483742937,0.000043308318709,0.0000314956159855,0.0000371507994714,0.0000562123314012,0.0000633213057881,0.0000497530818393,0.0000339386278938,0.00001879283991,0.0000117044583021,0.0000179558192031,0.0000245635274041,0.0000184841501323,0.00000924073901842,0.00000438911320089,0.00000315936767947,0.00000280012500298,0.00000281095412902,0.00000321245352097,0.00000304400441564,0.00000257787041846,0.00000164129482982,9.42642259361e-7,0.00000102021817838],"median":[0.000133166089654,0.000657043186948,0.000551231903955,0.000244570401264,0.000107262421807,0.0000587974136579,0.0000439587238361,0.0000306780711981,0.0000233287428273,0.0000164078865055,0.000010956467122,0.000013990741536,0.00000595597794018,0.00000654742825645,0.00000884860946826,0.00000976476621872,0.0000108630420073,0.00000991662182059,0.0000099269027487,0.0000184683303814,0.0000382986836485,0.0000429500323662,0.0000360028207069,0.0000209720219573,0.0000110348291855,0.00000741256917536,0.0000105126309791,0.0000133944413392,0.00000988974625216,0.00000516835370945,0.00000214256533582,0.00000115948569146,7.79693834829e-7,7.01421072336e-7,7.71726377025e-7,6.89808985044e-7,5.53266886527e-7,3.23056951856e-7,1.80317400122e-7,1.33442171091e-7],"min":[8.93041327631e-25,7.08125872648e-25,4.19303513053e-24,3.21065816501e-24,3.76924011959e-24,4.52772159692e-24,3.86487530485e-24,1.71061529069e-24,1.96916287465e-24,2.91997357106e-24,4.10393920775e-24,4.46262440059e-24,5.89737937146e-24,5.11402905409e-24,6.654708323e-24,2.37498250658e-24,5.67887870578e-24,3.31760975717e-24,4.4476802196e-24,4.00888975171e-24,5.5966048521e-24,5.20526870639e-24,5.98662083908e-24,5.25705190279e-24,5.51936314213e-24,5.86334830644e-24,7.01754331864e-24,6.09594433877e-24,6.16268828224e-24,5.27738439819e-24,6.49759050208e-24,6.37297296159e-24,7.04559363471e-24,5.25709884001e-24,5.40979075683e-24,8.18164405723e-24,7.45508817516e-24,6.89305791235e-24,7.76496378279e-24,7.77163754604e-24],"var":[0.00000151363167333,0.00000274302919934,0.00000112704537969,2.81451491446e-7,9.52547694055e-8,6.43115214416e-8,2.71657292217e-8,3.38450583115e-8,3.09212175864e-8,3.23841184979e-8,2.50383642708e-8,2.83806027568e-8,1.790052373e-8,1.35306423843e-8,6.26163743078e-9,1.14298766007e-8,1.38105100689e-8,1.9205320001e-8,7.28156601681e-9,6.76155886836e-9,5.38947331208e-9,5.82502712732e-9,3.50253559489e-9,2.36360042649e-9,7.23926030233e-10,2.28447774586e-10,4.63063504208e-10,1.04832020842e-9,7.81872122602e-10,1.38800332339e-10,4.50150750009e-11,3.42724529312e-11,3.84559571687e-11,5.20889824329e-11,8.42899153253e-11,9.23295259692e-11,7.8968241668e-11,3.32519636825e-11,1.18035763455e-11,2.01341460865e-11]},"melbands_crest":{"dmean":3.52741074562,"dmean2":5.7898273468,"dvar":9.40816402435,"dvar2":25.0358467102,"max":36.4888572693,"mean":13.6690635681,"median":13.1155328751,"min":1.75536680222,"var":25.3309631348},"melbands_flatness_db":{"dmean":0.0274586267769,"dmean2":0.0424965396523,"dvar":0.00072113663191,"dvar2":0.00168524868786,"max":0.579698681831,"mean":0.166392639279,"median":0.154712513089,"min":0.00392009504139,"var":0.00403770850971},"melbands_kurtosis":{"dmean":5.67261886597,"dmean2":9.06957149506,"dvar":327.583740234,"dvar2":753.394592285,"max":731.836181641,"mean":7.81100463867,"median":3.64735746384,"min":-1.91498267651,"var":447.971923828},"melbands_skewness":{"dmean":0.752829253674,"dmean2":1.16516590118,"dvar":0.724324762821,"dvar2":1.6380866766,"max":21.0357971191,"mean":1.83146011829,"median":1.88506174088,"min":-5.32996559143,"var":3.68278765678},"melbands_spread":{"dmean":13.577539444,"dmean2":21.2682209015,"dvar":277.463012695,"dvar2":614.356628418,"max":283.990600586,"mean":43.5629920959,"median":40.6690406799,"min":0.448285728693,"var":765.625427246},"mfcc":{"cov":[[29466.78125,3221.69750977,1714.2845459,2091.48730469,-1270.63684082,301.508575439,-378.164215088,-580.764221191,309.121002197,447.874145508,-712.027770996,425.182403564,-472.215911865],[3221.69750977,1571.84094238,17.0140590668,258.139923096,-183.004989624,-9.4044418335,37.2373313904,-53.0980300903,92.2797698975,50.08070755,-142.627960205,76.6643218994,-142.96472168],[1714.2845459,17.0140590668,1141.37817383,206.983062744,-219.099609375,121.378456116,-96.2312011719,-120.145591736,84.6479263306,63.8086624146,-53.7047462463,25.5978546143,-42.8309020996],[2091.48730469,258.139923096,206.983062744,547.503295898,-23.9172458649,29.2215366364,-46.5911178589,-75.419921875,85.827545166,29.7986774445,-64.9365997314,61.7989501953,-12.0542173386],[-1270.63684082,-183.004989624,-219.099609375,-23.9172458649,308.115020752,-22.171913147,-24.5141372681,86.7653503418,-15.497387886,-36.6685028076,46.0319252014,-18.3454284668,23.012178421],[301.508575439,-9.4044418335,121.378456116,29.2215366364,-22.171913147,147.686325073,56.3652381897,-13.7664041519,3.57877349854,24.4248409271,14.2648983002,-7.25645399094,1.78947222233],[-378.164215088,37.2373313904,-96.2312011719,-46.5911178589,-24.5141372681,56.3652381897,184.406860352,10.6039915085,-12.4164133072,15.256155014,19.8001861572,-10.1137504578,14.9960203171],[-580.764221191,-53.0980300903,-120.145591736,-75.419921875,86.7653503418,-13.7664041519,10.6039915085,162.455886841,16.5656642914,-24.6285972595,24.1618118286,0.244173839688,20.1491413116],[309.121002197,92.2797698975,84.6479263306,85.827545166,-15.497387886,3.57877349854,-12.4164133072,16.5656642914,119.18825531,28.8199005127,-11.0757102966,18.4690952301,-12.5792369843],[447.874145508,50.08070755,63.8086624146,29.7986774445,-36.6685028076,24.4248409271,15.256155014,-24.6285972595,28.8199005127,115.240959167,10.8466777802,3.73167157173,-11.8066797256],[-712.027770996,-142.627960205,-53.7047462463,-64.9365997314,46.0319252014,14.2648983002,19.8001861572,24.1618118286,-11.0757102966,10.8466777802,92.1586151123,-2.18629932404,20.9479846954],[425.182403564,76.6643218994,25.5978546143,61.7989501953,-18.3454284668,-7.25645399094,-10.1137504578,0.244173839688,18.4690952301,3.73167157173,-2.18629932404,75.9910430908,7.22964048386],[-472.215911865,-142.96472168,-42.8309020996,-12.0542173386,23.012178421,1.78947222233,14.9960203171,20.1491413116,-12.5792369843,-11.8066797256,20.9479846954,7.22964048386,83.7841720581]],"icov":[[0.0000843391535454,-0.0000665664410917,0.0000156563928613,-0.000226881253184,0.000243860209594,-0.000205036165426,0.000210847181734,-0.0000963844140642,0.000192176332348,-0.00022383526084,0.000286104972474,-0.000204671072424,0.000203400471946],[-0.0000665664410917,0.00109308538958,0.000210123471334,-0.000127512088511,0.000214471583604,0.000178095098818,-0.000570538104512,-0.000110229608254,-0.00040663414984,-0.0000244322836807,0.000838125182781,-0.000716366514098,0.00143276154995],[0.0000156563928613,0.000210123471334,0.00145260349382,-0.000267557916231,0.000946440501139,-0.00141534244176,0.00110587698873,0.000303558947053,-0.000645376858301,-0.000188543315744,0.00037067104131,-0.000197914472665,0.000451147643616],[-0.000226881253184,-0.000127512088511,-0.000267557916231,0.0035227467306,-0.00157955044415,-0.000168246187968,-0.00015907001216,0.00178202381358,-0.00214104680344,0.000465152377728,0.000744263175875,-0.00114574364852,-0.00143203244079],[0.000243860209594,0.000214471583604,0.000946440501139,-0.00157955044415,0.00587875209749,-0.000934891460929,0.00187526084483,-0.00248781661503,0.000895728589967,0.0000858470448293,-0.00100461789407,0.000625671993475,0.00100868311711],[-0.000205036165426,0.000178095098818,-0.00141534244176,-0.000168246187968,-0.000934891460929,0.010180526413,-0.00406779209152,0.00017132506764,0.000175340668648,-0.000259325461229,-0.00233701686375,0.00173119234387,-0.000448532926384],[0.000210847181734,-0.000570538104512,0.00110587698873,-0.00015907001216,0.00187526084483,-0.00406779209152,0.00830273795873,-0.000670082285069,0.000660819874611,-0.0011931656627,-0.000170881845406,0.000317072321195,-0.00104938272852],[-0.0000963844140642,-0.000110229608254,0.000303558947053,0.00178202381358,-0.00248781661503,0.00017132506764,-0.000670082285069,0.00916146300733,-0.00340872886591,0.00178322871216,-0.000768038735259,-0.000720469397493,-0.00172970304266],[0.000192176332348,-0.00040663414984,-0.000645376858301,-0.00214104680344,0.000895728589967,0.000175340668648,0.000660819874611,-0.00340872886591,0.0120310904458,-0.00310483830981,0.000685904466081,-0.00127007323317,0.00150993315037],[-0.00022383526084,-0.0000244322836807,-0.000188543315744,0.000465152377728,0.0000858470448293,-0.000259325461229,-0.0011931656627,0.00178322871216,-0.00310483830981,0.0112815210596,-0.0035268261563,0.000858093320858,0.000365317042451],[0.000286104972474,0.000838125182781,0.00037067104131,0.000744263175875,-0.00100461789407,-0.00233701686375,-0.000170881845406,-0.000768038735259,0.000685904466081,-0.0035268261563,0.0167199168354,-0.00313462875783,-0.000423547957325],[-0.000204671072424,-0.000716366514098,-0.000197914472665,-0.00114574364852,0.000625671993475,0.00173119234387,0.000317072321195,-0.000720469397493,-0.00127007323317,0.000858093320858,-0.00313462875783,0.0168938878924,-0.00347802974284],[0.000203400471946,0.00143276154995,0.000451147643616,-0.00143203244079,0.00100868311711,-0.000448532926384,-0.00104938272852,-0.00172970304266,0.00150993315037,0.000365317042451,-0.000423547957325,-0.00347802974284,0.0165717210621]],"mean":[-699.73248291,82.6995544434,-18.7754974365,39.9200401306,17.8506717682,0.821704268456,-0.540448486805,4.98255205154,0.107390768826,-0.056393314153,-7.93685531616,5.35255050659,-5.25660228729]},"pitch_salience":{"dmean":0.0770873874426,"dmean2":0.124310992658,"dvar":0.00469308858737,"dvar2":0.0121125094593,"max":0.974336206913,"mean":0.597755789757,"median":0.606267750263,"min":0.0818397402763,"var":0.012370461598},"silence_rate_20dB":{"dmean":0,"dmean2":0,"dvar":0,"dvar2":0,"max":1,"mean":1,"median":1,"min":1,"var":0},"silence_rate_30dB":{"dmean":0,"dmean2":0,"dvar":0,"dvar2":0,"max":1,"mean":1,"median":1,"min":1,"var":0},"silence_rate_60dB":{"dmean":0.0227867998183,"dmean2":0.0455795675516,"dvar":0.0222671851516,"dvar2":0.0492632761598,"max":1,"mean":0.240146651864,"median":0,"min":0,"var":0.182466804981},"spectral_centroid":{"dmean":284.72958374,"dmean2":444.656494141,"dvar":113148.742188,"dvar2":240784.0625,"max":11552.6103516,"mean":2286.77050781,"median":2371.88012695,"min":137.57649231,"var":571046.1875},"spectral_complexity":{"dmean":4.17548465729,"dmean2":6.10556650162,"dvar":23.0471954346,"dvar2":44.3110084534,"max":65,"mean":22.6594219208,"median":24,"min":0,"var":261.889709473},"spectral_contrast_coeffs":{"dmean":[0.0504902526736,0.0467645563185,0.0381389707327,0.031148917973,0.0238620955497,0.0214454494417],"dmean2":[0.0838733687997,0.0766100659966,0.0611533522606,0.0497591085732,0.0392196588218,0.0333884432912],"dvar":[0.00166959746275,0.00145683856681,0.000968015636317,0.000654494971968,0.000440517935203,0.00041822323692],"dvar2":[0.00459306780249,0.00388086866587,0.00243738503195,0.00158159225248,0.00110739970114,0.000926820270251],"max":[-0.346690535545,-0.443768978119,-0.484693735838,-0.475956946611,-0.570480108261,-0.598303735256],"mean":[-0.661009013653,-0.779182910919,-0.795610845089,-0.793355464935,-0.780518591404,-0.761047124863],"median":[-0.65391677618,-0.78252851963,-0.806344270706,-0.798476457596,-0.785706758499,-0.747710943222],"min":[-0.988612473011,-0.991997539997,-0.990057110786,-0.984237253666,-0.962959885597,-0.962626576424],"var":[0.00897810980678,0.00572452740744,0.00509557127953,0.00335426931269,0.00246120477095,0.00331869162619]},"spectral_contrast_valleys":{"dmean":[0.423190683126,0.445083320141,0.398011058569,0.325072050095,0.310867398977,0.311141550541],"dmean2":[0.698656439781,0.72505402565,0.637253284454,0.497254103422,0.453364521265,0.433932870626],"dvar":[0.130012080073,0.202566102147,0.168756946921,0.111546099186,0.131733506918,0.144909948111],"dvar2":[0.313352018595,0.503741800785,0.402014255524,0.231612980366,0.260718613863,0.266241639853],"max":[-5.33736848831,-4.90475320816,-5.55431509018,-5.7704706192,-5.22695112228,-7.30427598953],"mean":[-8.24147033691,-7.88063240051,-8.42490291595,-8.15790462494,-7.59054708481,-10.7199831009],"median":[-7.35973930359,-6.93539524078,-7.69758558273,-7.48501682281,-6.70273637772,-10.0294075012],"min":[-28.0617809296,-27.5207462311,-27.7294616699,-27.5871925354,-27.3804588318,-27.4171237946],"var":[5.26544904709,5.80162286758,4.36601352692,3.49361681938,4.62854290009,4.53237104416]},"spectral_decrease":{"dmean":1.40420897132e-9,"dmean2":2.1846682241e-9,"dvar":4.45791868497e-18,"dvar2":1.01818530139e-17,"max":1.18919156459e-28,"mean":-4.01301569752e-9,"median":-3.53750495563e-9,"min":-2.67805173593e-8,"var":1.34821878527e-17},"spectral_energy":{"dmean":0.00579779176041,"dmean2":0.00897611491382,"dvar":0.0000736433357815,"dvar2":0.000169284045114,"max":0.103797145188,"mean":0.0171997472644,"median":0.0153906513005,"min":1.03137555898e-20,"var":0.000236532694544},"spectral_energyband_high":{"dmean":0.00068275880767,"dmean2":0.00104878679849,"dvar":0.00000193397477233,"dvar2":0.00000407345623898,"max":0.0214440859854,"mean":0.00148172583431,"median":0.000818356580567,"min":7.38954126185e-21,"var":0.00000476866853205},"spectral_energyband_low":{"dmean":0.003282481106,"dmean2":0.00523005379364,"dvar":0.0000377066717192,"dvar2":0.0000867706403369,"max":0.0924504101276,"mean":0.00589554663748,"median":0.0036134487018,"min":1.15118282572e-23,"var":0.0000616046600044},"spectral_energyband_middle_high":{"dmean":0.00181924225762,"dmean2":0.0028059668839,"dvar":0.00000821267622086,"dvar2":0.000020213679818,"max":0.0554990246892,"mean":0.0053211543709,"median":0.00384228280745,"min":1.37725713354e-21,"var":0.0000344620493706},"spectral_energyband_middle_low":{"dmean":0.00255645578727,"dmean2":0.00425800820813,"dvar":0.0000147535602082,"dvar2":0.0000394806702388,"max":0.0458780191839,"mean":0.00554858613759,"median":0.00445587048307,"min":2.18797375199e-22,"var":0.000030557061109},"spectral_entropy":{"dmean":0.134639963508,"dmean2":0.201071813703,"dvar":0.0250317770988,"dvar2":0.0487569868565,"max":9.82168102264,"mean":7.69155359268,"median":7.79706811905,"min":5.01420307159,"var":0.237283110619},"spectral_flux":{"dmean":0.0166054926813,"dmean2":0.0259532742202,"dvar":0.000414251437178,"dvar2":0.000908513204195,"max":0.261782079935,"mean":0.0686586871743,"median":0.0680374950171,"min":6.4731803251e-11,"var":0.00205633114092},"spectral_kurtosis":{"dmean":2.90653371811,"dmean2":4.98871088028,"dvar":43.6737747192,"dvar2":132.755310059,"max":118.528915405,"mean":7.82330179214,"median":3.85977268219,"min":-1.2596937418,"var":164.898971558},"spectral_rms":{"dmean":0.000596098252572,"dmean2":0.000901489926036,"dvar":5.24088306975e-7,"dvar2":0.00000115345960694,"max":0.0100630763918,"mean":0.00351377343759,"median":0.00387495406903,"min":3.17209713357e-12,"var":0.00000443362978331},"spectral_rolloff":{"dmean":729.089111328,"dmean2":1182.24609375,"dvar":1441644.875,"dvar2":3209887.75,"max":19143.0175781,"mean":2979.48046875,"median":2777.78320312,"min":21.533203125,"var":3633615.5},"spectral_skewness":{"dmean":0.281664639711,"dmean2":0.470755189657,"dvar":0.176686108112,"dvar2":0.535856544971,"max":6.83727359772,"mean":1.43772518635,"median":1.18376147747,"min":-0.716605782509,"var":0.797242045403},"spectral_spread":{"dmean":497672.9375,"dmean2":730328.25,"dvar":535197057024,"dvar2":1013890940930,"max":41833880,"mean":3951190.5,"median":3742754.25,"min":527494.25,"var":5339794636800},"spectral_strongpeak":{"dmean":0.436848282814,"dmean2":0.759499311447,"dvar":0.996050059795,"dvar2":2.53154921532,"max":15.2730255127,"mean":0.587090671062,"median":0.272691309452,"min":0,"var":1.22626805305},"zerocrossingrate":{"dmean":0.0130830723792,"dmean2":0.0149203017354,"dvar":0.000302995817037,"dvar2":0.000320388004184,"max":0.51318359375,"mean":0.0960610434413,"median":0.08935546875,"min":0,"var":0.00245634280145}},"metadata":{"audio_properties":{"analysis_sample_rate":44100,"bit_rate":0,"codec":"flac","downmix":"mix","equal_loudness":0,"length":177.306671143,"lossless":true,"md5_encoded":"fb0f8b59ae895ed271d4772494cf66c0","replay_gain":-5.59187889099},"tags":{"album":["Rid of Me"],"albumartist":["PJ Harvey"],"albumartistsort":["Harvey, PJ"],"artist":["PJ Harvey"],"artistsort":["Harvey, PJ"],"asin":["B000001DYD"],"barcode":["731451469626"],"catalognumber":["CID 8002/514 696-2"],"composer":["Bob Dylan"],"date":["1993-04-05"],"discnumber":["1"],"disctotal":["1"],"engineer":["John Loder"],"file_name":"07 Highway '61 Revisited.flac","genre":["Indie Rock","Alternative Rock"],"label":["Island Records"],"language":["eng"],"lyricist":["Bob Dylan"],"media":["CD"],"musicbrainz_albumartistid":["e795e03d-b5d5-4a5f-834d-162cfb308a2c"],"musicbrainz_albumid":["7ccd7178-b401-4ee8-acd6-d9bf0aaec04a"],"musicbrainz_artistid":["e795e03d-b5d5-4a5f-834d-162cfb308a2c"],"musicbrainz_recordingid":["24c64649-4a28-45a5-90ea-77f956fe2c78"],"musicbrainz_releasegroupid":["c1bb54cc-751d-300c-ba29-d7502d571c2d"],"musicbrainz_releasetrackid":["04f245ea-88ac-34e8-9bab-32c1e47072c4"],"musicbrainz_workid":["2d336de3-866a-3344-a76c-87ea2676b0b9"],"originaldate":["1993-04-05"],"performer":["PJ Harvey (cello, guitars, organ and violin)","Stephen Vaughan (bass)","Rob Ellis (drums and percussion)","Rob Ellis (background vocals)"],"releasecountry":["GB"],"releasestatus":["official"],"releasetype":["album"],"script":["Latn"],"title":["Highway '61 Revisited"],"totaldiscs":["1"],"totaltracks":["14"],"tracknumber":["7"],"tracktotal":["14"]},"version":{"essentia":"2.1-beta1","essentia_build_sha":"7598a69e7b456135ce4c070efb04a3d0ebb71fdd","essentia_git_sha":"v2.1_beta1-6-g5578087","extractor":"music 1.0"}},"rhythm":{"beats_count":305,"beats_loudness":{"dmean":0.00828776042908,"dmean2":0.0141164902598,"dvar":0.0000774675499997,"dvar2":0.000225172552746,"max":0.