{"lowlevel":{"average_loudness":0.930824577808,"barkbands":{"dmean":[0.0000558279425604,0.00197731866501,0.0030860893894,0.00121585570741,0.000590302690398,0.000689055770636,0.000844986643642,0.000840703141876,0.00088203989435,0.000429030740634,0.00016361042799,0.00040483273915,0.000410888140323,0.000254091573879,0.00025004640338,0.000257298379438,0.000210668033105,0.00038981687976,0.000147402883158,0.0001600003161,0.000132976347231,0.000210401005461,0.0000481542811031,0.0000389929227822,0.0000161140287673,0.0000041662624426,2.03296991685e-7],"dmean2":[0.0000894487820915,0.00305767264217,0.00474573625252,0.00196486036293,0.000933182192966,0.000972227717284,0.00124824256636,0.00126615783665,0.00133755558636,0.000665869214572,0.000265200797003,0.000676483963616,0.000677991018165,0.000403451762395,0.000412048801081,0.000404114369303,0.000342854735209,0.000635225558653,0.000234789331444,0.000253223930486,0.000203921095817,0.00033235331648,0.0000785055744927,0.0000534892096766,0.000021183035642,0.00000517366288477,3.13786813422e-7],"dvar":[2.21881109042e-8,0.000021154881324,0.0000296968610201,0.000004398535566,0.00000100429144823,0.00000196605014935,0.00000296937992061,0.0000024126752578,0.00000310576342599,9.6428868801e-7,8.96765186553e-8,7.02419413301e-7,0.00000102600984064,2.93769716109e-7,1.83270486787e-7,4.42846754822e-7,9.55408125947e-8,8.29129760405e-7,1.54319110379e-7,9.57352028763e-8,1.45107932781e-7,8.71744418873e-7,3.25386793065e-8,5.92770170726e-8,4.50213599734e-9,5.52304146861e-10,2.64204131663e-12],"dvar2":[5.21899679029e-8,0.0000458009526483,0.0000677088391967,0.0000123842000903,0.00000270210011877,0.00000401396573579,0.00000671747284287,0.00000548745128981,0.00000730790588932,0.00000245263254328,2.33685000239e-7,0.00000197100689547,0.00000281530583379,7.59716158427e-7,5.15305202953e-7,9.88066176433e-7,2.45228761742e-7,0.00000212585018744,3.8241799416e-7,2.2573392755e-7,3.59851128451e-7,0.00000206741515285,7.01860543018e-8,9.29183983089e-8,6.53388809724e-9,5.71239999747e-10,5.85753320848e-12],"max":[0.0034414017573,0.108077615499,0.0678515061736,0.0337015092373,0.0289567001164,0.0356038250029,0.0287026911974,0.0249879453331,0.0303635299206,0.0210121050477,0.00583826564252,0.015101258643,0.0181518904865,0.0140999807045,0.00898320134729,0.0220396351069,0.00730997184291,0.0217524375767,0.0118807433173,0.00884436070919,0.0111815351993,0.0278754606843,0.00962164252996,0.0120528433472,0.00264162244275,0.00149212777615,0.000110258180939],"mean":[0.000058750192693,0.00355240004137,0.00717037077993,0.0025184028782,0.00120989826974,0.00145653355867,0.00165995408315,0.00148963183165,0.00167275278363,0.000782524293754,0.000264371512458,0.000684445316438,0.000696923292708,0.000482038216433,0.000467352103442,0.000503419490997,0.000463409814984,0.000751032610424,0.000345597713022,0.000389208929846,0.000256175902905,0.000345774256857,0.0000680483935867,0.0000661867015879,0.0000269414013019,0.00000766345601733,3.10876316689e-7],"median":[0.0000116592082122,0.00131107214838,0.00264671701007,0.00133544381242,0.000802811642643,0.000603740569204,0.000480708462419,0.000489257276058,0.000461929419544,0.000253644218901,0.000118754061987,0.000308679416776,0.000202626906685,0.000207444027183,0.000248357770033,0.0002684284118,0.000301562948152,0.000371998379705,0.000189836457139,0.000198969297344,0.000128704108647,0.000115220624139,0.000024858627512,0.0000179374219442,0.0000072053430813,0.0000017993658048,1.03647153082e-7],"min":[3.94922381341e-25,2.46777522879e-24,9.66355792187e-25,5.37297797104e-25,6.94682430507e-24,1.03083294384e-23,7.43681421229e-24,6.34397522358e-24,1.68410475222e-23,9.9789421452e-24,1.47122874368e-23,1.94167982846e-23,3.13181408133e-23,2.39408051355e-23,3.48895602558e-23,6.15024171376e-23,6.50417141641e-23,7.80821907726e-23,1.43128436154e-22,1.46982179448e-22,2.27653619971e-22,3.09474374034e-22,3.7587651985e-22,5.65420711252e-22,8.33138090109e-22,1.28620577287e-21,1.81501197853e-21],"var":[2.51965133202e-8,0.0000341913437296,0.00010349668446,0.0000114951499199,0.00000183639838269,0.00000647469232717,0.0000101755622381,0.00000631528700978,0.00000883082975633,0.00000245991691372,1.72401769305e-7,0.00000144340503994,0.00000225903272622,7.01654300883e-7,4.14855179542e-7,9.75482976173e-7,2.82128354456e-7,0.0000021675662083,3.68595067357e-7,3.54523081114e-7,2.60595328427e-7,0.00000153268922531,6.24211224931e-8,1.77207397201e-7,1.27634773861e-8,2.33413977035e-9,5.06024128849e-12]},"barkbands_crest":{"dmean":2.14444041252,"dmean2":3.40903162956,"dvar":4.19746303558,"dvar2":10.4901027679,"max":26.9012737274,"mean":9.9730796814,"median":9.03652858734,"min":2.45347714424,"var":19.5262832642},"barkbands_flatness_db":{"dmean":0.0168362632394,"dmean2":0.0250856205821,"dvar":0.000275309430435,"dvar2":0.000597970094532,"max":0.540553092957,"mean":0.133028537035,"median":0.124468833208,"min":0.0361437276006,"var":0.00255186157301},"barkbands_kurtosis":{"dmean":3.63906025887,"dmean2":5.11711072922,"dvar":916.892211914,"dvar2":1635.90148926,"max":2361.34350586,"mean":9.72564792633,"median":1.148001194,"min":-1.86513829231,"var":5866.88964844},"barkbands_skewness":{"dmean":0.4462916255,"dmean2":0.659219384193,"dvar":0.408102661371,"dvar2":0.737518250942,"max":47.8026657104,"mean":1.6806126833,"median":1.27163529396,"min":-2.28145551682,"var":6.87789773941},"barkbands_spread":{"dmean":5.1433634758,"dmean2":7.82511901855,"dvar":36.7731781006,"dvar2":82.0196609497,"max":120.526016235,"mean":24.2332553864,"median":22.3995323181,"min":0.231013163924,"var":153.222991943},"dissonance":{"dmean":0.0130395088345,"dmean2":0.0217731893063,"dvar":0.000167746824445,"dvar2":0.000454823428299,"max":0.5,"mean":0.470588803291,"median":0.474594444036,"min":0.333209186792,"var":0.000394529895857},"dynamic_complexity":3.45659542084,"erbbands":{"dmean":[0.0522487685084,0.512716412544,3.07157564163,3.59547758102,3.12115836143,1.57212054729,3.32806611061,5.99335336685,7.30895853043,19.4864349365,17.6914787292,21.6242656708,13.3114128113,9.48002433777,8.02024459839,17.8207015991,18.9430751801,14.3481121063,12.3992128372,14.6886415482,11.5129375458,10.9340105057,17.672580719,12.3666448593,7.11907291412,6.72893333435,5.83711194992,6.16338634491,8.67922687531,2.463752985,1.49849045277,0.884391963482,0.598329246044,0.243624657393,0.0890297144651,0.0300293434411,0.00547754298896,0.00073461671127,0.0000248671040026,0.00000843798989081],"dmean2":[0.080469712615,0.797364830971,4.66746282578,5.76664352417,5.01525068283,2.50002527237,4.6501326561,8.58822822571,11.0367097855,28.5323066711,26.7640380859,32.712387085,20.7099609375,14.7021417618,13.0731458664,29.9566020966,31.2589969635,22.5548057556,20.404712677,23.4255638123,18.0111865997,17.5559520721,28.1946105957,19.7280426025,11.2626600266,10.6225576401,9.03981781006,9.75338840485,13.7116413116,3.88691973686,2.47842121124,1.24096226692,0.826794505119,0.329971134663,0.117308862507,0.0367582514882,0.00700249755755,0.000982009340078,0.0000344014115399,0.0000120595450426],"dvar":[0.0209584645927,1.27036571503,32.2023277283,31.2405872345,31.6212425232,7.23798465729,39.2977600098,197.415985107,227.983734131,1703.66772461,1152.30371094,2088.48803711,858.221435547,697.931640625,302.023223877,1182.18859863,2156.43261719,1227.52758789,504.984313965,835.571105957,1070.43664551,272.384002686,1668.20922852,911.255004883,233.120391846,189.613601685,225.33555603,615.153320312,1603.67041016,47.3448524475,34.7705230713,29.4996204376,14.4479408264,1.24918627739,0.116522915661,0.0252115745097,0.000959597993642,0.0000188494359463,2.75538898364e-8,1.3945569699e-10],"dvar2":[0.047195494175,2.83648920059,70.422203064,88.9019393921,85.9620132446,19.1582126617,72.8916473389,423.398956299,535.590148926,3773.17016602,2644.23120117,4867.25292969,2137.1184082,1754.54382324,805.149108887,3326.97485352,6013.82324219,3208.84155273,1444.08581543,2008.43383789,2324.22998047,694.970214844,4132.12402344,2282.37402344,573.766906738,451.654022217,551.923522949,1616.07202148,3795.77636719,104.523292542,74.5035629272,51.2113075256,23.2442684174,1.95604395866,0.158740073442,0.027424717322,0.00111399253365,0.000023202270313,5.34839230681e-8,2.63346483509e-10],"max":[2.51540231705,28.4477424622,72.9446258545,75.253692627,156.390960693,56.3467483521,148.088867188,448.347259521,323.499938965,707.473022461,692.474304199,836.000671387,586.485046387,879.551086426,413.232330322,770.946655273,866.004333496,820.865539551,546.479003906,725.852661133,1314.16650391,381.82510376,981.977722168,960.76763916,470.994537354,424.389831543,486.422576904,799.37878418,1334.73144531,186.102798462,318.885009766,272.890258789,144.236785889,44.3726425171,14.4225702286,9.69067001343,2.14198637009,0.282156825066,0.0131739228964,0.000417327129981],"mean":[0.0701728910208,1.02011787891,7.31809425354,8.59247875214,6.2180814743,3.41219305992,7.02571344376,12.3975772858,14.6279029846,38.1404953003,33.9811706543,40.9065284729,27.8673820496,18.4383811951,14.6743488312,31.2372779846,33.8893089294,28.4370574951,23.6977500916,27.2197227478,25.4460659027,26.3096313477,37.6721153259,26.4908618927,18.0121173859,16.6143398285,11.6886501312,11.489947319,13.8913946152,4.04364538193,2.03889942169,1.48033976555,0.99936902523,0.401317954063,0.150889620185,0.0520291663706,0.0104486104101,0.00146475830115,0.0000552594246983,0.0000346830347553],"median":[0.0252756550908,0.368539094925,2.45288014412,6.24126720428,3.89671683311,2.15587258339,3.04954218864,4.69985437393,6.30424118042,10.5281457901,14.2025108337,12.6788854599,9.76169395447,5.88937902451,6.72701740265,14.8279085159,12.9761238098,12.2202720642,12.2120981216,15.4634418488,13.9544944763,17.5366344452,19.4792175293,13.3473291397,9.4318561554,8.82570552826,6.36398124695,5.04185390472,4.19962406158,1.75179040432,0.64088344574,0.410953134298,0.264043837786,0.108737818897,0.0388643145561,0.0113820983097,0.00277113448828,0.000466882134788,0.0000290976622637,0.0000309755305352],"min":[5.12311610063e-23,6.72044110456e-22,1.80848096754e-21,6.5183484207e-21,1.09797183778e-20,3.02358263019e-20,2.37256596183e-20,6.34886323294e-20,8.42558675622e-20,1.60901570091e-19,2.27816423292e-19,2.83806211004e-19,4.25541308369e-19,6.32811366577e-19,1.13827714048e-18,9.8751023895e-19,1.41678926631e-18,1.83733088827e-18,2.44154310555e-18,3.13421753306e-18,3.64938892728e-18,3.97489401089e-18,5.40359829694e-18,5.76405920607e-18,7.68535988665e-18,7.67232517456e-18,8.34804405387e-18,9.66917556921e-18,1.0104879722e-17,9.20971561642e-18,1.09924304572e-17,1.00400643307e-17,9.80412098716e-18,8.33220189078e-18,5.49440494382e-18,4.24140829554e-18,2.24157239926e-18,8.80367291964e-19,2.62403843233e-19,2.44745569563e-20],"var":[0.0248836968094,2.38939785957,115.739143372,66.6328582764,56.5975875854,15.9186096191,147.782440186,562.643554688,635.200500488,5947.00439453,3057.89990234,5574.14501953,2452.86425781,2131.81616211,646.446472168,2395.62158203,4242.21484375,3319.77856445,1031.81298828,1661.42041016,2651.66943359,934.46887207,4938.14697266,2601.48461914,726.723205566,654.33581543,407.772003174,896.209533691,2886.71728516,90.8012619019,64.5068359375,81.2645721436,40.3296699524,3.43377447128,0.366700261831,0.0981374084949,0.0039904913865,0.0000775108637754,7.41027506024e-8,6.82607137481e-10]},"erbbands_crest":{"dmean":2.22734045982,"dmean2":3.58307123184,"dvar":4.80852413177,"dvar2":12.0399217606,"max":27.7604427338,"mean":8.07886886597,"median":7.10648775101,"min":1.88245618343,"var":14.4011592865},"erbbands_flatness_db":{"dmean":0.0124676246196,"dmean2":0.0182216297835,"dvar":0.000124397920445,"dvar2":0.000256166473264,"max":0.291562616825,"mean":0.155889987946,"median":0.156334012747,"min":0.0223989672959,"var":0.00119454797823},"erbbands_kurtosis":{"dmean":0.568140506744,"dmean2":0.897239625454,"dvar":0.426728218794,"dvar2":0.982315599918,"max":12.0687856674,"mean":-0.0748563632369,"median":-0.363456010818,"min":-1.75700986385,"var":1.55078005791},"erbbands_skewness":{"dmean":0.29147914052,"dmean2":0.43985325098,"dvar":0.0607861839235,"dvar2":0.140313506126,"max":3.00580358505,"mean":-0.0209390595555,"median":-0.0521296001971,"min":-2.82044291496,"var":0.512941598892},"erbbands_spread":{"dmean":6.26826572418,"dmean2":9.68414402008,"dvar":37.0538749695,"dvar2":86.6102752686,"max":170.023117065,"mean":42.0936317444,"median":39.6750221252,"min":8.41285800934,"var":315.631378174},"gfcc":{"cov":[[42203.7265625,3695.07080078,-5320.22216797,1215.71789551,-2300.81469727,96.1502532959,-885.487670898,360.535369873,-380.081787109,2.64542365074,-572.382568359,-437.70413208,-514.552246094],[3695.07080078,857.452209473,-530.723266602,-20.8496665955,-150.906234741,-121.838287354,-34.8706741333,-3.16466808319,-12.5245447159,-29.5894050598,-5.23799705505,-76.9683761597,-36.3556442261],[-5320.22216797,-530.723266602,1237.36096191,-93.4480056763,295.745880127,103.804031372,-18.6466751099,-0.11050067842,9.59639644623,83.8705825806,74.6987609863,83.9330215454,63.9514389038],[1215.71789551,-20.8496665955,-93.4480056763,370.330596924,98.0224456787,10.4184770584,-28.6289157867,-37.1122398376,-1.65571534634,5.54809236526,-58.2199058533,23.7052021027,-14.6115150452],[-2300.81469727,-150.906234741,295.745880127,98.0224456787,369.144073486,50.6100120544,107.908912659,-52.5661621094,-3.425552845,-13.5410118103,-8.91428470612,35.3645133972,18.6644935608],[96.1502532959,-121.838287354,103.804031372,10.4184770584,50.6100120544,189.575866699,48.6784896851,23.39012146,-46.6617355347,1.50764560699,-28.705078125,5.49557924271,-12.8339443207],[-885.487670898,-34.8706741333,-18.6466751099,-28.6289157867,107.908912659,48.6784896851,202.365585327,16.7234973907,7.25569629669,-42.8765449524,-1.86524367332,-3.13862228394,-1.43707191944],[360.535369873,-3.16466808319,-0.11050067842,-37.1122398376,-52.5661621094,23.39012146,16.7234973907,115.855148315,30.5585517883,21.4603633881,13.4068346024,-18.3545303345,-11.7640275955],[-380.081787109,-12.5245447159,9.59639644623,-1.65571534634,-3.425552845,-46.6617355347,7.25569629669,30.5585517883,116.637466431,39.3794937134,31.3210220337,-16.9379749298,-0.880502641201],[2.64542365074,-29.5894050598,83.8705825806,5.54809236526,-13.5410118103,1.50764560699,-42.8765449524,21.4603633881,39.3794937134,90.9277801514,31.5729255676,8.6485414505,3.41075348854],[-572.382568359,-5.23799705505,74.6987609863,-58.2199058533,-8.91428470612,-28.705078125,-1.86524367332,13.4068346024,31.3210220337,31.5729255676,105.689025879,15.0880794525,12.9588527679],[-437.70413208,-76.9683761597,83.9330215454,23.7052021027,35.3645133972,5.49557924271,-3.13862228394,-18.3545303345,-16.9379749298,8.6485414505,15.0880794525,75.636680603,28.5521240234],[-514.552246094,-36.3556442261,63.9514389038,-14.6115150452,18.6644935608,-12.8339443207,-1.43707191944,-11.7640275955,-0.880502641201,3.41075348854,12.9588527679,28.5521240234,66.5420837402]],"icov":[[0.000588158029132,-0.0016381064197,0.00139894953463,-0.00201479811221,0.00207338831387,-0.00227850559168,0.00143127224874,-0.00149596203119,0.00119323807303,-0.00110450817738,0.000712528999429,-0.000293807504931,0.00067130435491],[-0.0016381064197,0.00641578761861,-0.00314869568683,0.00581239722669,-0.00603807438165,0.00729225482792,-0.00375139969401,0.00402977503836,-0.00233683711849,0.00266083073802,-0.00242803175934,0.00215301779099,-0.00174611469265],[0.00139894953463,-0.00314869568683,0.00516035640612,-0.00381832104176,0.00311237131245,-0.00586965307593,0.00477119814605,-0.0040762568824,0.00297880498692,-0.00343204312958,0.0010923842201,-0.00104174297303,0.00112642196473],[-0.00201479811221,0.00581239722669,-0.00381832104176,0.0110804038122,-0.00922078546137,0.00749018648639,-0.00312355835922,0.00525917019695,-0.00499523757026,0.00303690205328,-0.000431208900409,-0.00102971447632,-0.00110418302938],[0.00207338831387,-0.00603807438165,0.00311237131245,-0.00922078546137,0.01352049876,-0.00814063195139,0.00108514202293,-0.00255563203245,0.00380939547904,-0.00366273033433,0.0027876442764,-0.00108788430225,0.00208931043744],[-0.00227850559168,0.00729225482792,-0.00586965307593,0.00749018648639,-0.00814063195139,0.0175784844905,-0.00812916178256,0.00359994429164,0.000410352979088,0.00117797905114,-0.000852658238728,0.00194820936304,-0.000939293822739],[0.00143127224874,-0.00375139969401,0.00477119814605,-0.00312355835922,0.00108514202293,-0.00812916178256,0.0128230452538,-0.00587910506874,0.000278932275251,0.00198907754384,0.000682834070176,-0.00154568522703,0.00154402921908],[-0.00149596203119,0.00402977503836,-0.0040762568824,0.00525917019695,-0.00255563203245,0.00359994429164,-0.00587910506874,0.0159385632724,-0.00588717451319,0.000970224733464,-0.0022459756583,0.00220774766058,-0.000829370459542],[0.00119323807303,-0.00233683711849,0.00297880498692,-0.00499523757026,0.00380939547904,0.000410352979088,0.000278932275251,-0.00588717451319,0.0175046734512,-0.00898625701666,-0.000552655779757,0.0042632734403,0.000936975236982],[-0.00110450817738,0.00266083073802,-0.00343204312958,0.00303690205328,-0.00366273033433,0.00117797905114,0.00198907754384,0.000970224733464,-0.00898625701666,0.0208669416606,-0.00500000873581,-0.00188345415518,-0.00105937826447],[0.000712528999429,-0.00242803175934,0.0010923842201,-0.000431208900409,0.0027876442764,-0.000852658238728,0.000682834070176,-0.0022459756583,-0.000552655779757,-0.00500000873581,0.0146139515564,-0.00395573722199,0.000810299708974],[-0.000293807504931,0.00215301779099,-0.00104174297303,-0.00102971447632,-0.00108788430225,0.00194820936304,-0.00154568522703,0.00220774766058,0.0042632734403,-0.00188345415518,-0.00395573722199,0.0207261964679,-0.00725267687812],[0.00067130435491,-0.00174611469265,0.00112642196473,-0.00110418302938,0.00208931043744,-0.000939293822739,0.00154402921908,-0.000829370459542,0.000936975236982,-0.00105937826447,0.000810299708974,-0.00725267687812,0.0200805012137]],"mean":[-35.0640602112,96.832359314,-128.69519043,48.4468727112,-49.4533653259,11.239815712,-28.3721561432,7.75191020966,-19.355474472,2.35773444176,-19.6290874481,-6.26709461212,-17.6427898407]},"hfc":{"dmean":5.30648040771,"dmean2":7.82756137848,"dvar":111.46131134,"dvar2":245.594146729,"max":283.562072754,"mean":21.0368328094,"median":16.7505836487,"min":1.06211889858e-16,"var":502.826599121},"melbands":{"dmean":[0.000494772626553,0.00122603529599,0.000603303022217,0.000155981280841,0.0001004809601,0.000134226414957,0.000126203696709,0.000206280994462,0.000154538662173,0.000125187230879,0.00006736942305,0.0000412519766542,0.0000246355484705,0.0000433197674283,0.000047418383474,0.0000379565717594,0.0000254373844655,0.000020127681637,0.0000171229858097,0.0000212078994082,0.0000131804235934,0.0000123057461678,0.0000160803720064,0.0000233317259699,0.00000947384796746,0.00000510820063937,0.00000679655431668,0.0000046550640036,0.00000402470459449,0.00000321741526932,0.00000433410241385,0.00000592421883994,0.00000301093132293,8.68724555403e-7,0.00000100296335859,6.17591751961e-7,5.2460580946e-7,4.47197436415e-7,3.53375014583e-7,1.70300566538e-7],"dmean2":[0.000761263363529,0.0018688730197,0.000956414733082,0.000250179524301,0.000140876771184,0.000192286912352,0.0001885426027,0.000303843524307,0.000233641869272,0.000189762577065,0.00010498289339,0.0000639646968921,0.0000400973258365,0.0000731433246983,0.0000788609468145,0.0000617089899606,0.0000399416639993,0.0000332142772095,0.0000274571775662,0.0000338897698384,0.0000209598329093,0.0000199811602215,0.0000262756038865,0.0000379838566005,0.0000152392995005,0.00000810730671219,0.0000110275304905,0.00000729144903744,0.00000635359128864,0.00000497904920849,0.00000709110145181,0.00000952167556534,0.000004774556146,0.00000141249199714,0.00000171510851033,9.31393515202e-7,7.47499314002e-7,6.45988507131e-7,4.9438114047e-7,2.34430331147e-7],"dvar":[0.00000153703251726,0.00000519909463037,8.41428118292e-7,7.91873873141e-8,3.17769099922e-8,8.74983712151e-8,6.05478263083e-8,1.63497389849e-7,7.85682487958e-8,6.37756016886e-8,2.25310827773e-8,1.34245761174e-8,2.06849581907e-9,1.02289599013e-8,9.22292819894e-9,6.84232803749e-9,3.57626905867e-9,1.36010047669e-9,7.90247367544e-10,2.66698263474e-9,1.140565975e-9,3.61044694142e-10,7.80034481451e-10,3.39702022067e-9,5.79017556124e-10,1.45547643382e-10,1.95236687928e-10,1.03035149857e-10,9.62051827091e-11,7.86797779706e-11,3.44833245292e-10,8.52064085954e-10,1.20051121821e-10,6.00039982979e-12,1.49172670744e-11,1.07078235168e-11,1.30580971383e-11,8.9265782266e-12,3.70381286405e-12,5.23318422017e-13],"dvar2":[0.000003323664032,0.0000113920386866,0.00000235146967498,2.1599018396e-7,5.91145621343e-8,1.85311236578e-7,1.40597421705e-7,3.63586138974e-7,1.81679013167e-7,1.49190952925e-7,5.59243318321e-8,3.38481065398e-8,5.35933519785e-9,2.86208639011e-8,2.58207304427e-8,1.84773050194e-8,9.2927976425e-9,3.8965262128e-9,2.08324468787e-9,6.27697449573e-9,2.49337217539e-9,9.31970167706e-10,2.04950012517e-9,8.64192628569e-9,1.4964890438e-9,3.59847096565e-10,4.87350382272e-10,2.41689529501e-10,2.32672381362e-10,1.95413421555e-10,9.10690356459e-10,2.06742156728e-9,2.72346145636e-10,1.3405963839e-11,3.37381268756e-11,1.99575304199e-11,2.41937095358e-11,1.49345640021e-11,7.10831697323e-12,8.1013039159e-13],"max":[0.0236868970096,0.0336158201098,0.0114826578647,0.0083120977506,0.00406140368432,0.00871853809804,0.00490599218756,0.00642339931801,0.00558307860047,0.00453091179952,0.00294759240933,0.00376807083376,0.00103015406057,0.00214743451215,0.00176652381197,0.00179835001472,0.00140711385757,0.000867206603289,0.000553336925805,0.00186323153321,0.00131648848765,0.000390508386772,0.000636101933196,0.001325734891,0.000719054427464,0.000359837169526,0.000313222088153,0.000298912607832,0.000339123012964,0.000268267467618,0.000593260629103,0.000902698375285,0.000359507917892,0.0000975485090748,0.000201314411242,0.000137479932164,0.000226289135753,0.000116485905892,0.000073384740972,0.0000313253476634],"mean":[0.0007745664916,0.00297569227405,0.00149749265984,0.000325723463902,0.000220425761654,0.000280062347883,0.000252112571616,0.000398812087951,0.000289250921924,0.000235735496972,0.000133434805321,0.0000759490576456,0.000041425373638,0.0000720705575077,0.0000844831884024,0.0000673992690281,0.0000487973120471,0.0000356752680091,0.0000341560189554,0.000037300036638,0.0000272460547421,0.000025283139621,0.0000322425221384,0.0000392296205973,0.0000197495883185,0.0000116233932204,0.0000150495134221,0.00000992628611129,0.00000763128991821,0.00000575852300244,0.00000727935275791,0.00000920546062844,0.00000451529422207,0.00000134233278004,0.0000011993163298,9.85277665677e-7,8.57010945765e-7,7.26982136712e-7,5.47458569145e-7,2.6803203923e-7],"median":[0.000302000204101,0.00108869699761,0.00112252263352,0.000214075975236,0.000108270760393,0.000111634668428,0.000097784854006,0.000124369427795,0.00010668165487,0.0000689176958986,0.000042847419536,0.0000214866868191,0.0000195729880943,0.0000291215492325,0.000035727458453,0.0000243900813075,0.0000186886081792,0.0000168418082467,0.0000187618079508,0.000019498882466,0.0000148413273564,0.0000164109897014,0.0000192002389667,0.00001626411904,0.00000989951149677,0.00000681116125634,0.00000602697900831,0.00000523085418536,0.00000415068825532,0.0000028246306556,0.00000300039550893,0.00000254196015703,0.000001625589789,6.10311303717e-7,3.37507998438e-7,2.94448682325e-7,2.18838962951e-7,1.81453316372e-7,1.37036366255e-7,7.14148598036e-8],"min":[7.2536756172e-25,9.54312844393e-25,1.52416722688e-24,1.30433555564e-24,8.24152915095e-25,1.5260908642e-24,1.41037877447e-24,1.84023697033e-24,1.58045038171e-24,1.88477862084e-24,1.96535721243e-24,2.15831613972e-24,3.1262520203e-24,2.89460636814e-24,2.31960052673e-24,3.10576135829e-24,2.71423273052e-24,2.63692870054e-24,2.81879466578e-24,2.98305897486e-24,4.12110245446e-24,3.84905548826e-24,3.47298498435e-24,3.23909936165e-24,4.05493556274e-24,5.06110950355e-24,3.89282780217e-24,4.40272500876e-24,3.9968868386e-24,5.01060583954e-24,5.51411563939e-24,4.23442705666e-24,4.49825527553e-24,4.61397012627e-24,5.91063420682e-24,5.5552858956e-24,5.64690301784e-24,6.2459876551e-24,5.89445545851e-24,6.28424701457e-24],"var":[0.00000209300173992,0.0000173603493749,0.00000195367010747,1.34977966582e-7,1.21753004123e-7,2.63944912149e-7,1.79438728765e-7,5.50219908746e-7,2.12208277617e-7,1.76518696549e-7,6.15299740048e-8,3.96583637041e-8,4.15250678287e-9,2.09239949811e-8,1.92559923562e-8,1.69529297267e-8,9.81854597626e-9,2.58718402257e-9,2.06807304615e-9,4.91961982263e-9,2.84457279953e-9,9.35936217417e-10,2.09596162648e-9,7.99325938772e-9,1.50289658496e-9,3.22151749721e-10,6.41024733294e-10,2.98957830713e-10,1.63076538384e-10,1.42953718307e-10,4.37627989403e-10,1.46022138825e-9,2.06690428661e-10,1.03516136635e-11,2.33400642563e-11,2.59570594185e-11,3.42432228406e-11,2.34445726721e-11,9.1725550766e-12,1.29610764395e-12]},"melbands_crest":{"dmean":2.80926060677,"dmean2":4.45076799393,"dvar":7.90410518646,"dvar2":19.1721858978,"max":39.9714775085,"mean":15.7812433243,"median":14.789732933,"min":1.13426160812,"var":48.3879127502},"melbands_flatness_db":{"dmean":0.0215938370675,"dmean2":0.0320685394108,"dvar":0.000474251777632,"dvar2":0.00102395471185,"max":0.518709301949,"mean":0.190895095468,"median":0.183620244265,"min":0.000101215839095,"var":0.00473210820928},"melbands_kurtosis":{"dmean":8.75981807709,"dmean2":13.2539138794,"dvar":2697.86621094,"dvar2":5445.81494141,"max":3460.7512207,"mean":25.0187091827,"median":6.78458118439,"min":-1.80649399757,"var":12603.8378906},"melbands_skewness":{"dmean":0.634169101715,"dmean2":0.955887138844,"dvar":0.931442916393,"dvar2":1.89802086353,"max":56.42445755,"mean":3.07231283188,"median":2.40428042412,"min":-1.17788934708,"var":10.3632516861},"melbands_spread":{"dmean":6.81982374191,"dmean2":10.4073038101,"dvar":77.0942687988,"dvar2":165.765029907,"max":247.659286499,"mean":27.7353057861,"median":22.1928195953,"min":0.245713144541,"var":577.697937012},"mfcc":{"cov":[[14993.8007812,1749.52172852,-871.633422852,315.170959473,-688.704711914,-251.192855835,-345.088256836,16.9509716034,69.8450088501,148.171463013,226.243545532,114.391609192,-87.1233901978],[1749.52172852,1009.49017334,-121.481086731,66.6141662598,-66.0154418945,-58.3715667725,2.47894883156,-18.0340385437,-12.5706624985,1.73292863369,27.5388298035,36.4022140503,-18.5037708282],[-871.633422852,-121.481086731,534.251403809,-79.9209289551,148.841598511,-11.2032985687,9.5286693573,-60.9368896484,-26.4466648102,4.94687604904,-30.1565608978,29.706407547,29.9102058411],[315.170959473,66.6141662598,-79.9209289551,367.624908447,118.358474731,103.063545227,-17.182100296,9.28977012634,38.2816314697,-51.6020507812,15.7140665054,-10.0467233658,24.843832016],[-688.704711914,-66.0154418945,148.841598511,118.358474731,237.903900146,97.1838302612,26.7800388336,-16.3944587708,9.23627281189,-11.4613580704,-11.8970365524,0.339200556278,22.7138576508],[-251.192855835,-58.3715667725,-11.2032985687,103.063545227,97.1838302612,213.491119385,81.1618423462,43.2497558594,38.8972129822,-33.6679382324,2.47872972488,-28.2435035706,-4.39462757111],[-345.088256836,2.47894883156,9.5286693573,-17.182100296,26.7800388336,81.1618423462,165.778305054,75.2356567383,24.2314662933,-6.91181898117,-2.33707904816,-7.34610891342,-13.1434011459],[16.9509716034,-18.0340385437,-60.9368896484,9.28977012634,-16.3944587708,43.2497558594,75.2356567383,118.884422302,35.9579162598,0.809342443943,13.4422225952,-6.39932584763,-10.7489156723],[69.8450088501,-12.5706624985,-26.4466648102,38.2816314697,9.23627281189,38.8972129822,24.2314662933,35.9579162598,101.12322998,4.76220798492,20.2866764069,-7.07414865494,-9.26005744934],[148.171463013,1.73292863369,4.94687604904,-51.6020507812,-11.4613580704,-33.6679382324,-6.91181898117,0.809342443943,4.76220798492,112.024269104,26.3119983673,21.2793636322,6.06787443161],[226.243545532,27.5388298035,-30.1565608978,15.7140665054,-11.8970365524,2.47872972488,-2.33707904816,13.4422225952,20.2866764069,26.3119983673,74.4654541016,28.2040538788,3.86946320534],[114.391609192,36.4022140503,29.706407547,-10.0467233658,0.339200556278,-28.2435035706,-7.34610891342,-6.39932584763,-7.07414865494,21.2793636322,28.2040538788,75.0291671753,33.1307792664],[-87.1233901978,-18.5037708282,29.9102058411,24.843832016,22.7138576508,-4.39462757111,-13.1434011459,-10.7489156723,-9.26005744934,6.06787443161,3.86946320534,33.1307792664,72.9279251099]],"icov":[[0.000114617338113,-0.000162363168783,0.0000083695340436,-0.000169431135873,0.000351983413566,-0.000105372644612,0.000253950303886,-0.0000736031070119,-0.0000380496203434,-0.000174247528776,-0.0000486192293465,-0.000145606143633,0.000147354978253],[-0.000162363168783,0.00137946638279,0.000178929665708,-0.00027000810951,-0.000186292396393,0.000568471092265,-0.000958707300015,0.000665031257086,0.00022057640308,0.000233562561334,-0.0000282675664494,-0.000594404991716,0.000472261395771],[0.0000083695340436,0.000178929665708,0.00305589591153,0.00124682858586,-0.00251079327427,0.000670635432471,-0.000479206151795,0.0011169523932,-0.000201882619876,0.000424531957833,0.00055393227376,-0.00102496205363,-0.000346710439771],[-0.000169431135873,-0.00027000810951,0.00124682858586,0.00534399645403,-0.00352317700163,-0.00100774283055,0.00159247545525,-0.000621437793598,-0.00106628600042,0.00232451991178,-0.00115336827002,0.000935665739235,-0.00206346157938],[0.000351983413566,-0.000186292396393,-0.00251079327427,-0.00352317700163,0.00990487355739,-0.00325462850742,-0.000260381319094,0.0014206195483,0.000102612902992,-0.00207425653934,0.00122760911472,-0.000984875485301,0.0000525111317984],[-0.000105372644612,0.000568471092265,0.000670635432471,-0.00100774283055,-0.00325462850742,0.00910190027207,-0.00395597657189,-0.000117314433737,-0.00111391104292,0.00173387792893,-0.00167453789618,0.00280468538404,-0.000552507932298],[0.000253950303886,-0.000958707300015,-0.000479206151795,0.00159247545525,-0.000260381319094,-0.00395597657189,0.0118722729385,-0.00671738572419,-0.000173530090251,-0.0000892399475561,0.00129457528237,-0.0014641599264,0.00128834007774],[-0.0000736031070119,0.000665031257086,0.0011169523932,-0.000621437793598,0.0014206195483,-0.000117314433737,-0.00671738572419,0.0146118784323,-0.00273927324452,-0.000264958449407,-0.00124547362793,0.0000713427507435,0.0000357954195351],[-0.0000380496203434,0.00022057640308,-0.000201882619876,-0.00106628600042,0.000102612902992,-0.00111391104292,-0.000173530090251,-0.00273927324452,0.0125479893759,-0.000898033322301,-0.00290634483099,0.00122298649512,0.00118906819262],[-0.000174247528776,0.000233562561334,0.000424531957833,0.00232451991178,-0.00207425653934,0.00173387792893,-0.0000892399475561,-0.000264958449407,-0.000898033322301,0.0116063542664,-0.00381103856489,-0.000556447717827,-0.00104422832374],[-0.0000486192293465,-0.0000282675664494,0.00055393227376,-0.00115336827002,0.00122760911472,-0.00167453789618,0.00129457528237,-0.00124547362793,-0.00290634483099,-0.00381103856489,0.0198621824384,-0.00866335630417,0.00249687046744],[-0.000145606143633,-0.000594404991716,-0.00102496205363,0.000935665739235,-0.000984875485301,0.00280468538404,-0.0014641599264,0.0000713427507435,0.00122298649512,-0.000556447717827,-0.00866335630417,0.0231808573008,-0.00987043511122],[0.000147354978253,0.000472261395771,-0.000346710439771,-0.00206346157938,0.0000525111317984,-0.000552507932298,0.00128834007774,0.0000357954195351,0.00118906819262,-0.00104422832374,0.00249687046744,-0.00987043511122,0.0196304637939]],"mean":[-650.585021973,115.816169739,-15.2943029404,37.6967315674,1.48209309578,10.593580246,0.241729110479,4.76565933228,4.17735052109,0.46302691102,7.22221755981,2.97766757011,-3.66612672806]},"pitch_salience":{"dmean":0.059169575572,"dmean2":0.0944107696414,"dvar":0.003223371692,"dvar2":0.00793624669313,"max":0.995268702507,"mean":0.498797416687,"median":0.512402713299,"min":0.00314547517337,"var":0.017785333097},"silence_rate_20dB":{"dmean":0,"dmean2":0,"dvar":0,"dvar2":0,"max":1,"mean":1,"median":1,"min":1,"var":0},"silence_rate_30dB":{"dmean":0.00254129595123,"dmean2":0.00508339935914,"dvar":0.00253494200297,"dvar2":0.00728171970695,"max":1,"mean":0.998570740223,"median":1,"min":0,"var":0.00142721401062},"silence_rate_60dB":{"dmean":0.0041296062991,"dmean2":0.00826052390039,"dvar":0.00411266367882,"dvar2":0.00914583913982,"max":1,"mean":0.085913926363,"median":0,"min":0,"var":0.0785303711891},"spectral_centroid":{"dmean":245.505264282,"dmean2":370.753265381,"dvar":87088.2265625,"dvar2":166226.203125,"max":11731.9511719,"mean":1750.16784668,"median":1487.18347168,"min":187.973373413,"var":2262460.25},"spectral_complexity":{"dmean":3.02255392075,"dmean2":4.57156467438,"dvar":9.07225799561,"dvar2":18.2101535797,"max":57,"mean":21.1635704041,"median":22,"min":0,"var":93.9266281128},"spectral_contrast_coeffs":{"dmean":[0.0445956662297,0.041946940124,0.0342853926122,0.0286142695695,0.0223620850593,0.0194467622787],"dmean2":[0.0733890682459,0.067424915731,0.0558492057025,0.0460325926542,0.0353053733706,0.031391594559],"dvar":[0.00136716407724,0.00116161617916,0.000768611964304,0.000540330773219,0.000359169440344,0.000341238715919],"dvar2":[0.00372210959904,0.00310850539245,0.00205604662187,0.00136066332925,0.000836242747027,0.000799949048087],"max":[-0.382034182549,-0.447647243738,-0.527890264988,-0.555930733681,-0.593587100506,-0.50344568491],"mean":[-0.626498699188,-0.722585558891,-0.751955688,-0.757749378681,-0.765858769417,-0.7205529809],"median":[-0.618093669415,-0.721655249596,-0.749878883362,-0.753212988377,-0.763241231441,-0.71635466814],"min":[-0.976972699165,-0.992478609085,-0.992351591587,-0.986890733242,-0.980139434338,-0.967490971088],"var":[0.00784197077155,0.00709346495569,0.00545686855912,0.00365269882604,0.00323902093805,0.00444973027334]},"spectral_contrast_valleys":{"dmean":[0.381156653166,0.321782588959,0.299131065607,0.257764995098,0.218280822039,0.27057749033],"dmean2":[0.618198633194,0.520631015301,0.474746525288,0.386016279459,0.315259605646,0.377557486296],"dvar":[0.166219830513,0.148508816957,0.144620746374,0.127315297723,0.131527036428,0.176487341523],"dvar2":[0.319508552551,0.273786991835,0.259841531515,0.204581350088,0.201560109854,0.306579977274],"max":[-5.31969404221,-4.98705005646,-5.76204395294,-6.15504312515,-5.77290344238,-7.31540441513],"mean":[-7.85838937759,-7.43725299835,-8.06875705719,-8.17709064484,-7.94938564301,-10.8620767593],"median":[-7.26446771622,-6.69801521301,-7.41436576843,-7.55391931534,-7.32693481445,-10.3470411301],"min":[-28.3812408447,-28.2268543243,-27.7828884125,-27.59258461,-27.5192947388,-27.4318637848],"var":[9.74330997467,10.5341033936,9.80829334259,9.54488754272,9.68019199371,7.09799909592]},"spectral_decrease":{"dmean":1.69430514063e-9,"dmean2":2.48267695291e-9,"dvar":5.3447638351e-18,"dvar2":1.09555009787e-17,"max":1.77961716688e-28,"mean":-6.75157796337e-9,"median":-6.0658451595e-9,"min":-4.25486526012e-8,"var":2.27209639784e-17},"spectral_energy":{"dmean":0.00669970130548,"dmean2":0.00980365555733,"dvar":0.0000808005206636,"dvar2":0.000166307014297,"max":0.163061797619,"mean":0.0273902006447,"median":0.0246235784143,"min":9.77141429805e-21,"var":0.000363934697816},"spectral_energyband_high":{"dmean":0.000447703205282,"dmean2":0.000667675514705,"dvar":0.00000182729377229,"dvar2":0.00000413052657677,"max":0.033169541508,"mean":0.000942062353715,"median":0.00044019750203,"min":6.91648361656e-21,"var":0.00000442513646703},"spectral_energyband_low":{"dmean":0.00469995476305,"dmean2":0.00705612637103,"dvar":0.0000658731369185,"dvar2":0.000136028291308,"max":0.143246099353,"mean":0.0122194448486,"median":0.00700382003561,"min":2.3451911745e-23,"var":0.000196813387447},"spectral_energyband_middle_high":{"dmean":0.00153001444414,"dmean2":0.00235910783522,"dvar":0.00000565028722121,"dvar2":0.0000139448775371,"max":0.0693350583315,"mean":0.00555073469877,"median":0.00386912771501,"min":1.05936835257e-21,"var":0.0000338651989296},"spectral_energyband_middle_low":{"dmean":0.00309207104146,"dmean2":0.00469967769459,"dvar":0.0000145369876918,"dvar2":0.000036093788367,"max":0.060960188508,"mean":0.0103053059429,"median":0.0093001043424,"min":1.44133293486e-22,"var":0.0000629619098618},"spectral_entropy":{"dmean":0.123594462872,"dmean2":0.180177241564,"dvar":0.0159557163715,"dvar2":0.0338294133544,"max":9.82525920868,"mean":7.63555383682,"median":7.57832765579,"min":6.60390949249,"var":0.184312403202},"spectral_flux":{"dmean":0.0159388072789,"dmean2":0.0243595801294,"dvar":0.000351752532879,"dvar2":0.00077142304508,"max":0.300969660282,"mean":0.06792447716,"median":0.0644895732403,"min":6.28184448903e-11,"var":0.00143791502342},"spectral_kurtosis":{"dmean":1.20622229576,"dmean2":2.10344791412,"dvar":1.23268580437,"dvar2":3.74108052254,"max":14.6860752106,"mean":3.27394008636,"median":3.05572319031,"min":-1.27273118496,"var":3.05985188484},"spectral_rms":{"dmean":0.000593449047301,"dmean2":0.000856141210534,"dvar":4.51021861636e-7,"dvar2":8.85833117081e-7,"max":0.0126128774136,"mean":0.00476133776829,"median":0.00490132672712,"min":3.08756991328e-12,"var":0.00000405181071983},"spectral_rolloff":{"dmean":457.428833008,"dmean2":742.689819336,"dvar":523512,"dvar2":1069702.25,"max":19509.0820312,"mean":1862.32019043,"median":1291.9921875,"min":21.533203125,"var":7823403.5},"spectral_skewness":{"dmean":0.169457182288,"dmean2":0.280121356249,"dvar":0.0217801760882,"dvar2":0.058756057173,"max":2.56059527397,"mean":1.18504869938,"median":1.19714128971,"min":-0.0912867039442,"var":0.137417241931},"spectral_spread":{"dmean":365443.875,"dmean2":560652.9375,"dvar":751339831296,"dvar2":1352488976380,"max":42735832,"mean":4873510,"median":3793168.25,"min":1851093.375,"var":29329203396600},"spectral_strongpeak":{"dmean":0.452322363853,"dmean2":0.771604001522,"dvar":0.892244875431,"dvar2":2.34819483757,"max":19.1431999207,"mean":0.906353592873,"median":0.541238188744,"min":0,"var":1.37669098377},"zerocrossingrate":{"dmean":0.00836615916342,"dmean2":0.0100162420422,"dvar":0.000148391685798,"dvar2":0.000172504005604,"max":0.52294921875,"mean":0.0658074691892,"median":0.05322265625,"min":0,"var":0.00495752319694}},"metadata":{"audio_properties":{"analysis_sample_rate":44100,"bit_rate":160000,"codec":"mp3","downmix":"mix","equal_loudness":0,"length":146.181228638,"lossless":false,"md5_encoded":"3a00a78de2d98339e1ba84e1d339c84e","replay_gain":-11.2452888489,"sample_rate":44100},"tags":{"acoustid_fingerprint":["AQADtAqVTVGmIDwPecdJ3B3cQ0fOjDi-C_1xd8GNeBX0IfpydHqDi_iP40vxH9EuJAebJIfDCz-m5PFw5RNOZbh0o-qaDOfxD__xH4dvXMfOHD0XJA_yB5cyWrgi4cL54Q8aSTliaYvhC09yMLmU44J-nCkYiRme-cFfmN1ROsHx4wquHVX04PIRpkoUPDny40tw47LRvZEhPkRPfCJyPHjkonsDL062ISRTaN8Rpk5w_Kh8-EcWRxV0iUeO8oV_-DhCMYc86keYiFNxo-Efgq2L_8NxbsGPMPmhkcB_PMfLUuAjUdCaC9FqTzh5fMFvdM9w8cfxF33mIYzDjBr0I_3xpfgvPCzeD0fzo1_w6YvwPMhx6VCcHXnAXIGfKC-cowueY5Kvwe5xolyYHfsRU3hOPMcVHwfzDExGnMF5PFpQnxB5_OnRhXxwLkfkdcenBM0Rdjd2NF8g7uiZ4sSklCma8BmeGz_RCz-cPYerbBpKBSVfOHtyaGSOj8Xz4VmO3AculMthckhzHs8E9XlwfUKKXYdRf8ctCacUo0evCccNlpmFXrB0CVlJ9Dp-6AT5D7GZCrmOVkfTTdCJM8iD76hzPEhzBcwmKT_0SMGP86h8o8GHcEqmLag4Fj3R4EF-GmeUiOgOZe9QbeRwJ0Fu7MH_gOkTTNEWpTgT4jB-NM9R60W-K1DZSMh_9PhZ4-YxhQO7HF-xIz2H5odmGe92nAn-4i86RaSGdNOOM8VPTD_eZCfO7ODxE1fgGw94BnlGaJRe2LOOiOyDqxd64n-EC3kuoVmPwroqIT6aoy_-4w_y-9AkiUYuZsZV4scGD-bjBPmPJFSLRtVHPPHW4SXu44mI8iHSbLmQbPvxvaho-JbQj-ilIb0OHQ63IM9yTMl7vEaY0-hxXDp0JTvqHrd09IO-B7kTdCHIWXi1NIXXFz_KaUcOXT_yrRP-owoXFYfjwySPaxWuHf7hHdSJ9jzyE6rI-IgUjSLxJ4TdFD1-5NAR6rDzBeUv_DlRJd3R8An-4lfwC1PeDH2M3IW8C_2gk84E_YY9Iqt-tI5wNdbx9JhuNMeP7wh9aHkQZ5KClxGLP2jso1Ze4mit40d83RhziD36B1nsbERz4siPb0wh_Qi1ZBw-G_6LE_2xH9-PPFCehA6F0JsoUOPh95g8xI1-nMFxHTmPe6jEFz6q40qQGz90HeHzDE1L7NrxsMKpEww_BY144F1iNNfgjmDs4ziPME6WFVrHC32uoz-UH1eO98iVHc-E90FtC9Ev6HyQ_hwq_3iORzyegPgzhUOOH6cl1NkeiK1wHdPx4t-Ri9uMY8_x5ERtG_Tw8Rj_BI-CEw_KesdbB3kOLZOCsBOu4hKuGc-j4_qC_Ngu6NWRmwe9nLj2oHsM_wjl7HjxHLrUgy2e48uM_jgPHUczJ_lwDtcQHzkVNFNyDZoVfPiTA1eC6-ihmhe-HOnk5Oij4AnyF8-yDIxXQoy6Hw-PaTiSH-eJf8J_48uJOsmDZiTyQvmK_GAsH19y7KIjvGHg2TlCBSrVI2-OMEfRHGegKD9-PAEesLrwL0kELckR-sB3zJJe_Eez57gCP0dtHk94VNSFO0