{"lowlevel":{"average_loudness":0.930162131786,"barkbands":{"dmean":[0.00664199469611,0.0142417550087,0.00306034088135,0.00204078806564,0.00132474722341,0.000986206228845,0.000654029601719,0.000449051149189,0.000595146382693,0.000579517218284,0.000703814788722,0.000544537615497,0.000610761286225,0.000380667770514,0.000594409764744,0.000497071130667,0.000223410635954,0.0000945906504057,0.000103157952253,0.0000978172392934,0.0000950625544647,0.0000766670927987,0.000076207346865,0.0000229309353017,0.00000497697556057,0.0000376154130208,0.000584532797802],"dmean2":[0.0109566980973,0.024933077395,0.00517525570467,0.00346394139342,0.00216209888458,0.00150186032988,0.000991490320303,0.000690368236974,0.000945648236666,0.000894792028703,0.00109060842078,0.000888028822374,0.000991868437268,0.00063467369182,0.000984745915048,0.000826304429211,0.000372693408281,0.000153025786858,0.000165422199643,0.000151678948896,0.000143428842421,0.000108971973532,0.000114367729111,0.0000367853899661,0.00000808168624644,0.000058133926359,0.000908607733436],"dvar":[0.00013130591833,0.000713184825145,0.0000200578706426,0.0000093494045359,0.00000462538127977,0.00000819826618681,0.00000832014393382,0.00000201662442123,0.00000192514971786,0.00000526237681697,0.00000610273355051,0.00000186979684713,0.00000178827315267,4.99885288718e-7,9.78623461378e-7,3.9248445205e-7,1.24837356452e-7,2.15569162521e-8,2.90688504379e-8,2.95751263479e-8,4.72425440989e-8,2.13094537571e-8,3.84549601051e-8,3.84384257757e-9,1.13727430251e-10,9.99212890207e-9,4.93141726565e-7],"dvar2":[0.000327862100676,0.00201447168365,0.0000531432742719,0.0000264018199232,0.000011204177099,0.0000163729691849,0.0000157674148795,0.00000433733112004,0.00000444298621005,0.00000903692944121,0.0000109863585749,0.00000428883504355,0.00000422018820245,0.00000125580947952,0.00000255894087786,0.00000108236815777,3.40054953085e-7,5.66363347332e-8,6.85417447244e-8,6.53268159567e-8,1.02535011592e-7,3.89585252947e-8,8.77118750964e-8,9.48186684724e-9,2.92989355e-10,2.35555681627e-8,0.00000122836752325],"max":[0.176514029503,0.371496796608,0.0756924450397,0.0689907744527,0.0578728914261,0.165745228529,0.220799833536,0.0569976456463,0.037746977061,0.177231371403,0.198510110378,0.0598077252507,0.0357476063073,0.029234437272,0.0203584805131,0.0102152777836,0.0078902579844,0.00377561338246,0.00710201775655,0.0058669121936,0.00681412220001,0.00315209035762,0.00422177975997,0.00110580667388,0.000568009330891,0.00145989272278,0.0170983765274],"mean":[0.0101799434051,0.0187326222658,0.00409112730995,0.00301106879488,0.0022839512676,0.00157799036242,0.00100056047086,0.000659585173707,0.000964614213444,0.00087305996567,0.00108705752064,0.000917944242246,0.00106010911986,0.000714394031093,0.00118607887998,0.00109569204506,0.000498336565215,0.000224544521188,0.000261765002506,0.000257745123236,0.000234873354202,0.000183058291441,0.000109394139145,0.000024691767976,0.00000562631066714,0.000047430406994,0.00222649541683],"median":[0.00452739372849,0.0103325331584,0.00239785481244,0.00162220839411,0.00129627040587,0.000523062306456,0.000354057963705,0.000209577381611,0.000458232942037,0.000335058139171,0.00040902820183,0.000449386861874,0.000463770353235,0.000401981873438,0.000768703001086,0.000871898781043,0.000308509363094,0.000143543700688,0.000188923237147,0.000174496293766,0.000157502334332,0.000107157844468,0.0000401187353418,0.00000756825102144,0.00000238633560912,0.0000162964770425,0.00193807901815],"min":[3.99874184502e-25,5.84756319972e-24,5.66703080384e-25,1.19003138541e-24,9.23560482509e-24,3.29762948816e-24,8.7589198459e-24,8.39755449813e-24,1.07253197352e-23,5.21432009641e-24,1.23194821958e-23,3.23961571056e-23,3.21622693135e-23,1.95218256478e-23,5.02857932529e-23,6.41600579729e-23,6.56776054735e-23,1.02418713782e-22,1.35264414318e-22,1.61086330857e-22,2.32839452722e-22,2.90221725082e-22,3.4702150255e-22,5.79788026659e-22,9.33030549417e-22,1.28453485188e-21,2.1076925515e-21],"var":[0.000210859521758,0.000698430405464,0.0000281159482256,0.0000185509907169,0.0000100618381111,0.0000191336748685,0.0000155929083121,0.00000357122303285,0.0000037004663227,0.0000108504200398,0.0000143045090226,0.00000374349428967,0.00000348584671883,0.00000109587733732,0.00000222928883886,0.00000100530542113,3.52066649612e-7,6.38893524751e-8,8.52353423397e-8,9.96682487653e-8,1.01638775618e-7,6.17015771809e-8,4.72451766598e-8,3.5296718881e-9,1.14625912928e-10,1.05730073585e-8,0.00000316490240948]},"barkbands_crest":{"dmean":2.92068958282,"dmean2":4.86628675461,"dvar":6.76123046875,"dvar2":18.3492698669,"max":24.6858654022,"mean":10.6931324005,"median":10.0817832947,"min":2.76105237007,"var":18.7528705597},"barkbands_flatness_db":{"dmean":0.0237735081464,"dmean2":0.038938280195,"dvar":0.000481816299725,"dvar2":0.00126618205104,"max":0.384563565254,"mean":0.121875621378,"median":0.115172117949,"min":0.024471398443,"var":0.00198636273853},"barkbands_kurtosis":{"dmean":4.22065925598,"dmean2":7.06083869934,"dvar":92.8371353149,"dvar2":226.982345581,"max":403.169189453,"mean":6.05999040604,"median":2.56621670723,"min":-1.87329852581,"var":185.463287354},"barkbands_skewness":{"dmean":0.655851364136,"dmean2":1.08186352253,"dvar":0.52154392004,"dvar2":1.35409665108,"max":16.658946991,"mean":2.0279545784,"median":1.79634428024,"min":-2.28803896904,"var":2.03232598305},"barkbands_spread":{"dmean":10.7577829361,"dmean2":17.7568397522,"dvar":100.798828125,"dvar2":263.022186279,"max":128.203323364,"mean":44.4691696167,"median":42.1898345947,"min":0.68855124712,"var":453.807373047},"dissonance":{"dmean":0.0118103791028,"dmean2":0.0202210042626,"dvar":0.000147288505104,"dvar2":0.000411279208492,"max":0.500000178814,"mean":0.48169875145,"median":0.485936582088,"min":0.367228001356,"var":0.000241206536884},"dynamic_complexity":3.77497363091,"erbbands":{"dmean":[0.693707942963,2.37244558334,3.64553070068,4.77676963806,6.46546173096,3.57755017281,5.98401689529,8.54625606537,8.42131233215,9.99897861481,10.0604562759,12.4896278381,15.8815135956,23.8195533752,25.2007293701,18.9041156769,26.350692749,15.3438453674,24.4608039856,32.6101036072,21.716342926,10.7387895584,5.48227787018,4.88180208206,4.94686079025,4.53870105743,3.82673549652,3.84796571732,2.87004971504,2.57482051849,2.08319497108,0.81421905756,0.226448699832,0.0712443366647,0.0286971665919,0.0310847349465,0.0754156708717,0.0692727118731,0.0223483666778,0.0122785130516],"dmean2":[1.2269384861,4.10279512405,6.15843582153,8.09856510162,10.6195936203,5.89994239807,9.82327461243,12.6987028122,12.786438942,14.9980716705,15.7289180756,20.0582370758,24.7291965485,36.4650535583,39.1246566772,30.3429012299,42.6086921692,25.3931045532,40.6878814697,54.0624847412,36.0205802917,17.8350372314,8.88339042664,7.84317684174,7.8246922493,7.03901481628,5.83342647552,5.81992197037,4.16300344467,3.6155705452,3.20284128189,1.31082260609,0.35790219903,0.113435022533,0.0473240204155,0.0490421354771,0.118603937328,0.096263743937,0.0319059975445,0.0191055294126],"dvar":[1.77002799511,19.2405014038,29.7354869843,45.9368743896,103.515258789,44.5544815063,279.212371826,693.452209473,2109.11962891,979.924682617,766.66192627,766.033630371,3488.39892578,6468.64697266,9377.31054688,1720.65258789,3574.02880859,858.426147461,1607.81469727,2340.41259766,742.644592285,297.846252441,74.355796814,52.6878738403,83.9992523193,65.0793228149,71.4910964966,91.1992492676,29.50664711,30.1046581268,32.3943557739,5.29843854904,0.306066781282,0.0316335782409,0.00186821375974,0.00368174072355,0.0438863448799,0.0235274992883,0.00132453662809,0.000217129054363],"dvar2":[5.00273180008,53.967376709,77.4303894043,127.626564026,249.763458252,105.993659973,665.322814941,1267.08227539,4045.00170898,1910.26513672,1703.65234375,1797.53076172,6233.28417969,11470.5771484,15479.0947266,4010.19604492,8254.1015625,2229.4621582,4191.23681641,6308.70654297,2048.03393555,808.508056641,198.13293457,132.30418396,189.216842651,140.635162354,154.113571167,202.925933838,55.7232131958,57.6260643005,77.1432113647,13.2062082291,0.728605031967,0.0816343277693,0.00457893218845,0.00855129212141,0.107519134879,0.0443868748844,0.00245981756598,0.000534502090886],"max":[17.2983493805,66.21144104,72.0251693726,142.961807251,260.708618164,279.385467529,1152.82336426,1045.81799316,3847.07739258,1339.36743164,965.616821289,912.376586914,4895.76025391,6940.09423828,9441.875,1356.3359375,1938.39257812,872.431091309,1237.81933594,1165.72875977,497.374145508,361.944885254,204.169509888,200.574829102,485.612823486,280.249145508,412.238830566,322.021362305,124.408439636,109.005065918,122.477661133,39.0819969177,12.3964986801,10.072052002,0.641805708408,1.04210639,3.34173893929,2.89490842819,1.02672767639,0.363436311483],"mean":[0.836233019829,3.12384796143,5.02942180634,7.38698959351,10.9249448776,5.59120702744,9.04676818848,13.6047048569,13.0743837357,15.9086713791,16.2034931183,20.5271034241,25.2598896027,38.1199836731,43.2976341248,36.1955184937,47.0250663757,33.7672271729,52.4488372803,70.6362991333,51.9335098267,26.8032531738,14.1420536041,12.9172954559,12.5881061554,11.9242486954,10.2281093597,8.90172481537,6.89596986771,5.0278840065,2.68515205383,0.890582978725,0.253657102585,0.0821122676134,0.0318249762058,0.0374467633665,0.0916904360056,0.153753384948,0.0889682844281,0.051385011524],"median":[0.449812829494,1.57666110992,2.93273115158,4.53884029388,5.844789505,3.10257196426,3.77016735077,3.68150043488,4.50283908844,5.46961975098,6.60400485992,9.84001731873,10.6159267426,15.7020235062,18.1233119965,18.8767967224,21.0602169037,18.9217529297,33.7227630615,52.5523300171,41.4413566589,17.4060745239,9.1117401123,9.44053077698,8.90055084229,7.92930603027,7.01021671295,5.64791297913,4.08345317841,2.46216487885,0.887325286865,0.267244696617,0.0797143727541,0.0314477086067,0.0150700993836,0.0159257724881,0.0319497548044,0.0823713615537,0.0686981827021,0.0459046587348],"min":[1.29164285467e-22,5.46182047226e-22,2.33662064252e-21,3.75040377778e-21,1.97038606281e-20,2.48044808517e-20,3.37956917721e-20,4.4599171404e-20,1.41228914529e-19,1.12341622039e-19,2.50977919883e-19,2.77626551443e-19,2.21113003307e-19,5.63937310246e-19,9.17366770571e-19,1.58303437146e-18,1.71621458599e-18,1.32244135584e-18,2.4868180092e-18,3.00210065921e-18,4.40883544178e-18,4.01876436186e-18,5.14810247165e-18,6.13265667728e-18,7.04901397731e-18,8.47282673081e-18,8.53587112838e-18,1.11889321748e-17,1.17194651401e-17,1.22230874387e-17,9.10859609526e-18,9.88519544054e-18,1.10539288542e-17,8.55019541505e-18,6.91208332589e-18,4.12666717764e-18,2.49285622087e-18,9.67665348874e-19,2.65113583522e-19,2.96150627951e-20],"var":[1.61608219147,20.5727882385,41.6993637085,83.3101959229,270.645629883,77.2630233765,473.100921631,1862.54187012,3572.18017578,2534.57568359,1443.79833984,1495.92932129,6957.02685547,13649.5527344,23719.8964844,4112.12695312,7025.046875,2255.39355469,4106.31347656,5586.87451172,2196.85693359,906.39666748,244.6459198,179.369338989,226.702606201,218.920166016,190.923049927,167.099487305,85.655128479,61.4185752869,34.3445281982,4.74177408218,0.316644906998,0.0312729775906,0.00220300233923,0.0042737792246,0.0422428920865,0.0511389262974,0.00706160441041,0.00156626035459]},"erbbands_crest":{"dmean":2.15225863457,"dmean2":3.54640698433,"dvar":4.02408981323,"dvar2":10.0530576706,"max":32.7038383484,"mean":7.36445140839,"median":6.7526807785,"min":2.27629494667,"var":9.68183803558},"erbbands_flatness_db":{"dmean":0.0169730745256,"dmean2":0.0258124507964,"dvar":0.000211697566556,"dvar2":0.000470914761536,"max":0.275193780661,"mean":0.119422763586,"median":0.116589903831,"min":0.0300109162927,"var":0.00108159380034},"erbbands_kurtosis":{"dmean":0.732578635216,"dmean2":1.17659759521,"dvar":0.627033948898,"dvar2":1.5008546114,"max":31.4237937927,"mean":0.559524416924,"median":0.217282891273,"min":-1.73351573944,"var":2.13937020302},"erbbands_skewness":{"dmean":0.28471955657,"dmean2":0.444544315338,"dvar":0.0580955855548,"dvar2":0.136707365513,"max":2.6313765049,"mean":-0.373321443796,"median":-0.413360118866,"min":-2.33710002899,"var":0.267836749554},"erbbands_spread":{"dmean":7.10097932816,"dmean2":11.1153802872,"dvar":44.1509742737,"dvar2":104.796897888,"max":126.575057983,"mean":35.1816978455,"median":33.3048477173,"min":2.81161785126,"var":219.532958984},"gfcc":{"cov":[[19669.2109375,1695.25024414,-1081.41455078,58.0086898804,35.8188362122,-525.344909668,563.162658691,-558.503723145,300.511871338,-294.76071167,-35.9609832764,-14.0792808533,-134.465026855],[1695.25024414,904.856567383,-121.957077026,-228.549957275,152.629653931,-86.7139129639,39.7362518311,-54.5721168518,53.2243003845,-69.1772003174,-2.69410037994,-45.4268379211,107.066719055],[-1081.41455078,-121.957077026,372.266967773,108.862106323,-79.5762405396,119.886306763,-95.7574920654,118.023857117,-42.3255348206,29.8357620239,-15.9602165222,2.13329815865,19.299489975],[58.0086898804,-228.549957275,108.862106323,252.913299561,-10.1342582703,13.5224742889,50.6147193909,-17.6206321716,-13.3426628113,21.5294780731,5.31666374207,15.8069486618,-65.4863815308],[35.8188362122,152.629653931,-79.5762405396,-10.1342582703,193.509902954,13.7212982178,46.0306472778,-47.3076133728,21.7277240753,-23.9282627106,8.86045265198,-10.976773262,26.7697143555],[-525.344909668,-86.7139129639,119.886306763,13.5224742889,13.7212982178,188.747055054,-44.9718093872,95.02709198,-39.2690086365,0.434383392334,-9.93131446838,1.56658172607,29.9220256805],[563.162658691,39.7362518311,-95.7574920654,50.6147193909,46.0306472778,-44.9718093872,162.008331299,-41.8210258484,51.2151794434,-16.8594818115,-0.902984559536,7.48949193954,-31.6826095581],[-558.503723145,-54.5721168518,118.023857117,-17.6206321716,-47.3076133728,95.02709198,-41.8210258484,158.019805908,2.03300833702,28.1882133484,-11.4464235306,-16.6208744049,32.6398849487],[300.511871338,53.2243003845,-42.3255348206,-13.3426628113,21.7277240753,-39.2690086365,51.2151794434,2.03300833702,103.888458252,15.921957016,2.93100714684,1.59507751465,-6.30904340744],[-294.76071167,-69.1772003174,29.8357620239,21.5294780731,-23.9282627106,0.434383392334,-16.8594818115,28.1882133484,15.921957016,74.2419052124,40.9667282104,16.2472343445,-2.08742618561],[-35.9609832764,-2.69410037994,-15.9602165222,5.31666374207,8.86045265198,-9.93131446838,-0.902984559536,-11.4464235306,2.93100714684,40.9667282104,66.5036773682,39.1193885803,1.91424560547],[-14.0792808533,-45.4268379211,2.13329815865,15.8069486618,-10.976773262,1.56658172607,7.48949193954,-16.6208744049,1.59507751465,16.2472343445,39.1193885803,63.8980522156,9.3539276123],[-134.465026855,107.066719055,19.299489975,-65.4863815308,26.7697143555,29.9220256805,-31.6826095581,32.6398849487,-6.30904340744,-2.08742618561,1.91424560547,9.3539276123,93.3381118774]],"icov":[[0.000117083771329,-0.000379802979296,0.000548742013052,-0.000647172972094,0.00058890186483,-0.000305097841192,0.000143684956129,0.000142180055263,-0.00037300150143,0.000367347936844,-0.0000703172627254,-0.00000737050640964,-0.0000500381429447],[-0.000379802979296,0.00370247056708,-0.00306962779723,0.00415239483118,-0.00277077709325,0.00206888117827,-0.00179609761108,0.000452708889497,0.000429296254879,0.00132753828075,-0.00309810694307,0.00327961309813,-0.00208912277594],[0.000548742013052,-0.00306962779723,0.00970729999244,-0.00820801965892,0.00456003332511,-0.00345007749274,0.00485175056383,-0.0024988646619,-0.00193342624698,0.000739014765713,0.00271482835524,-0.0023508311715,-0.00106965284795],[-0.000647172972094,0.00415239483118,-0.00820801965892,0.0141039863229,-0.00574668683112,0.00261792400852,-0.00624182866886,0.00187365221791,0.00440194876865,-0.00474891951308,0.000903159147128,-0.000298544036923,0.00413483055308],[0.00058890186483,-0.00277077709325,0.00456003332511,-0.00574668683112,0.0136035280302,-0.00679874140769,-0.000352186645614,0.00573253910989,-0.0055654393509,0.00518035329878,-0.00734806666151,0.00761520396918,-0.00566707877442],[-0.000305097841192,0.00206888117827,-0.00345007749274,0.00261792400852,-0.00679874140769,0.013075360097,0.000052234488976,-0.00816662888974,0.00519618671387,0.000868717790581,0.0022816490382,-0.00466507393867,0.00116058869753],[0.000143684956129,-0.00179609761108,0.00485175056383,-0.00624182866886,-0.000352186645614,0.000052234488976,0.0130358962342,-0.00250463583507,-0.00498643517494,0.00351552432403,0.00211344473064,-0.00452207028866,0.0024212107528],[0.000142180055263,0.000452708889497,-0.0024988646619,0.00187365221791,0.00573253910989,-0.00816662888974,-0.00250463583507,0.0178323239088,-0.00465832697228,-0.00390755897388,-0.00244381232187,0.00956062506884,-0.00590561237186],[-0.00037300150143,0.000429296254879,-0.00193342624698,0.00440194876865,-0.0055654393509,0.00519618671387,-0.00498643517494,-0.00465832697228,0.0175089687109,-0.00967802852392,0.00834426097572,-0.00614386191592,0.00373685010709],[0.000367347936844,0.00132753828075,0.000739014765713,-0.00474891951308,0.00518035329878,0.000868717790581,0.00351552432403,-0.00390755897388,-0.00967802852392,0.036652982235,-0.0287041254342,0.0106955999509,-0.00400036806241],[-0.0000703172627254,-0.00309810694307,0.00271482835524,0.000903159147128,-0.00734806666151,0.0022816490382,0.00211344473064,-0.00244381232187,0.00834426097572,-0.0287041254342,0.0512417852879,-0.0302404109389,0.00837451964617],[-0.00000737050640964,0.00327961309813,-0.0023508311715,-0.000298544036923,0.00761520396918,-0.00466507393867,-0.00452207028866,0.00956062506884,-0.00614386191592,0.0106955999509,-0.0302404109389,0.0403731018305,-0.0126647241414],[-0.0000500381429447,-0.00208912277594,-0.00106965284795,0.00413483055308,-0.00566707877442,0.00116058869753,0.0024212107528,-0.00590561237186,0.00373685010709,-0.00400036806241,0.00837451964617,-0.0126647241414,0.0215611085296]],"mean":[17.4216651917,72.3414764404,-93.5233230591,12.5298433304,-0.41901165247,-7.54064321518,6.45866966248,-22.5532493591,8.00283145905,-8.66718673706,-11.1147298813,-1.87125182152,-4.85357236862]},"hfc":{"dmean":31.5121479034,"dmean2":47.856716156,"dvar":1233.78796387,"dvar2":2708.9921875,"max":613.468566895,"mean":154.745727539,"median":148.101135254,"min":1.07326876385e-16,"var":7492.85058594},"melbands":{"dmean":[0.00506782298908,0.00218856404535,0.000866869580932,0.000331111863488,0.000187145997188,0.00018938202993,0.000130272528622,0.000106140651042,0.0000864857283887,0.0000812552389107,0.0000822751098895,0.0000964107821346,0.0000910939124878,0.0000642147206236,0.000065154665208,0.0000498826339026,0.0000294300516543,0.0000421007789555,0.0000510436293553,0.0000423569726991,0.0000250525936281,0.0000136471871883,0.00000759657814342,0.00000441549127572,0.000004491445452,0.00000449349136034,0.0000035854241105,0.00000325825089931,0.00000277707658825,0.00000266493475465,0.00000225578037316,0.00000175481977749,0.00000157737065365,0.00000155621069098,0.00000138666598559,7.91747595486e-7,3.9081533032e-7,1.71098221813e-7,9.47572331711e-8,4.70803129815e-8],"dmean2":[0.00886723026633,0.00372405839153,0.00145175226498,0.000540213892236,0.000305307476083,0.000282704684651,0.000197446395759,0.000158978815307,0.000136451533763,0.000130243206513,0.000128282117657,0.000147806000314,0.000140395306516,0.000103202160972,0.000105697290564,0.0000815654057078,0.0000489897174702,0.0000707536091795,0.0000846678085509,0.0000710883541615,0.0000419410644099,0.0000229098986892,0.0000126139493659,0.00000718113960829,0.00000733510705686,0.00000728572922526,0.00000570975862502,0.00000513732720719,0.00000434224602941,0.00000416754392063,0.00000347818854607,0.00000262365028902,0.00000231685589824,0.00000225755911742,0.00000214969372792,0.00000129643876789,6.32445562587e-7,2.7210384701e-7,1.49705385866e-7,7.64127250363e-8],"dvar":[0.0000887046408025,0.0000120422328109,0.00000146349100305,2.89598943937e-7,2.22328822019e-7,3.23142216985e-7,4.09120900713e-7,1.06651221188e-7,4.8929777563e-8,3.48143665008e-8,9.26625887132e-8,1.13067514462e-7,1.13682119718e-7,3.54923166412e-8,2.21362910224e-8,1.06840909453e-8,3.14467918372e-9,4.98968422136e-9,7.50902273694e-9,3.1822293689e-9,1.05019515306e-9,4.91466645158e-10,1.60216215295e-10,5.07880369705e-11,4.66971183943e-11,6.56801141252e-11,3.9039160793e-11,3.55585248746e-11,3.46070776203e-11,3.63318715391e-11,2.68272314086e-11,1.07192137111e-11,9.741247739e-12,1.25555824418e-11,1.48087514473e-11,5.45577125144e-12,1.19547514249e-12,1.93334348639e-13,6.32803000538e-14,1.19037732891e-14],"dvar2":[0.000248444615863,0.000032175641536,0.00000397047688239,6.92235175848e-7,5.2309513876e-7,6.029628139e-7,7.79491188041e-7,2.12140619738e-7,1.1007147549e-7,8.16474283738e-8,1.6824525062e-7,1.9778491378e-7,1.99031347847e-7,7.54349969156e-8,5.26488790342e-8,2.57876564547e-8,8.12931943983e-9,1.27594041999e-8,1.96835401312e-8,8.83384920769e-9,2.9239288768e-9,1.34369804172e-9,4.42122893851e-10,1.35469108153e-10,1.2112599812e-10,1.60589999632e-10,8.79275541266e-11,8.07151775972e-11,7.45682057768e-11,8.33973029524e-11,6.08060962692e-11,2.16952202731e-11,1.88416920954e-11,2.56660404735e-11,3.53382843821e-11,1.38840744457e-11,2.98068405895e-12,4.68851303267e-13,1.55939876897e-13,3.13985254084e-14],"max":[0.121183484793,0.0481286346912,0.0276346895844,0.0163976252079,0.0304571930319,0.0219756420702,0.0529015623033,0.0121463323012,0.00922304484993,0.00512495124713,0.0249436814338,0.0303347818553,0.0281438753009,0.00796294026077,0.00470936438069,0.00349831976928,0.0016078267945,0.00253234081902,0.00194491562434,0.000939480843954,0.000571643176954,0.000447015248938,0.000268309668172,0.000183143754839,0.000176504050614,0.000333775882609,0.000273794779787,0.000216901535168,0.00027645015507,0.000196786073502,0.00021149055101,0.0000814536324469,0.0000683476682752,0.0000667223939672,0.0000936402720981,0.0000375411509594,0.0000214495776163,0.00000968698259385,0.0000106952084025,0.00000644701049168],"mean":[0.00692682620138,0.00318197486922,0.00149597739801,0.000578562554438,0.000291408243356,0.000303867680486,0.000204217009014,0.000165925346664,0.00013737581321,0.00013046823733,0.000125404141727,0.000149383253301,0.000149955725647,0.000107483952888,0.000108813430415,0.0000892245589057,0.0000585065572523,0.000079825418652,0.0000981183256954,0.0000877727943589,0.000053827483498,0.0000295979152725,0.0000164620232681,0.00000992921832221,0.0000104982755147,0.00000988712690742,0.00000832846762933,0.00000779439051257,0.00000670166582495,0.0000057311076489,0.00000485383952764,0.00000396225323129,0.00000328620285472,0.00000266289362116,0.00000173823502791,8.40267830426e-7,4.14045217667e-7,1.84321436336e-7,1.0720683008e-7,5.28211430151e-8],"median":[0.00431994860992,0.00190526025835,0.000939073157497,0.000333621050231,0.000129586755065,0.0000870962103363,0.0000723682460375,0.0000553517056687,0.0000586496607866,0.0000613012671238,0.0000491112223244,0.0000596243189648,0.0000600543098699,0.0000483731018903,0.0000499630914419,0.000040630595322,0.0000322227278957,0.0000484301199322,0.0000640550279059,0.0000675709597999,0.0000412447479903,0.0000183354095498,0.00000974937393039,0.00000621564595349,0.00000744177941669,0.00000670651206747,0.0000056495005083,0.0000049647396736,0.00000444841862191,0.00000375609988623,0.00000299693033412,0.00000233513583225,0.00000179277094503,0.00000116853971122,5.40057385479e-7,2.37276367443e-7,1.19864125736e-7,5.44374216815e-8,3.32012142223e-8,2.17459881213e-8],"min":[1.87414260647e-24,9.12321975623e-25,1.0655547552e-24,1.93811725373e-24,1.9152923523e-24,9.92420841179e-25,1.80654550993e-24,1.346549179e-24,2.25408069817e-24,1.52379163048e-24,9.35344486712e-25,1.68608408312e-24,2.1107979198e-24,2.9525801505e-24,2.64058211261e-24,3.40942212249e-24,1.70536877402e-24,2.83748534443e-24,3.53015807289e-24,3.53571717569e-24,4.98001184148e-24,3.54191446696e-24,3.78247720558e-24,5.23197440904e-24,4.27962641995e-24,4.37049254661e-24,4.56120045931e-24,4.92786931894e-24,4.92837340106e-24,5.04192164533e-24,5.4053814188e-24,4.93757822453e-24,6.32136844219e-24,5.97253296661e-24,5.5451352279e-24,3.83586021189e-24,5.52181255524e-24,6.58139790136e-24,6.81273136182e-24,6.07520873545e-24],"var":[0.0000877936108736,0.0000156504975166,0.00000332125569003,6.57216219224e-7,4.05293462791e-7,8.41334383495e-7,7.22546133147e-7,2.56359186324e-7,9.2629797166e-8,6.6390761333e-8,1.82536012971e-7,2.37284083937e-7,2.79875820297e-7,7.2229113357e-8,4.07469826769e-8,2.17304094718e-8,7.51993756154e-9,1.11961107052e-8,1.57278954305e-8,7.17839743203e-9,2.67437805235e-9,1.25952681618e-9,4.10226075331e-10,1.35369299104e-10,1.31448907315e-10,1.48900489161e-10,1.06711389725e-10,1.04657171818e-10,9.1636212507e-11,6.55638529579e-11,5.04285675718e-11,2.91054298718e-11,2.3165643015e-11,2.11056311317e-11,1.54231922372e-11,4.62347608116e-12,1.06539755317e-12,1.89157486875e-13,6.75052936184e-14,1.12096806108e-14]},"melbands_crest":{"dmean":4.9809679985,"dmean2":8.49494075775,"dvar":16.4598655701,"dvar2":47.5915985107,"max":38.8727340698,"mean":18.9387931824,"median":18.4830703735,"min":1.61280477047,"var":42.9231796265},"melbands_flatness_db":{"dmean":0.0322730802,"dmean2":0.0536440014839,"dvar":0.000782382150646,"dvar2":0.00212763645686,"max":0.522548675537,"mean":0.221121579409,"median":0.217250853777,"min":0.00352056976408,"var":0.00384903140366},"melbands_kurtosis":{"dmean":11.0894975662,"dmean2":18.783000946,"dvar":574.993225098,"dvar2":1461.38684082,"max":1096.46459961,"mean":17.6287155151,"median":8.85644340515,"min":-1.57738173008,"var":1106.60180664},"melbands_skewness":{"dmean":1.02931952477,"dmean2":1.71373307705,"dvar":1.24799394608,"dvar2":3.29635715485,"max":24.4856452942,"mean":3.27528786659,"median":2.87680387497,"min":-1.09771454334,"var":4.26615476608},"melbands_spread":{"dmean":7.81088638306,"dmean2":12.9898605347,"dvar":64.032043457,"dvar2":169.228744507,"max":206.880371094,"mean":24.6699008942,"median":20.1867980957,"min":0.279498040676,"var":432.173187256},"mfcc":{"cov":[[11384.6279297,1398.11828613,-612.019897461,571.909362793,-468.148223877,382.897613525,-209.58416748,209.196105957,-135.371185303,142.949401855,-85.0077285767,0.084502287209,30.1432762146],[1398.11828613,1172.03601074,-251.341384888,-52.540802002,59.1395721436,27.8355998993,-31.8392906189,-12.3316106796,112.362518311,-58.6196403503,-59.4678344727,13.3003444672,49.4832191467],[-612.019897461,-251.341384888,459.59197998,-37.2901916504,75.0223846436,-73.5054702759,33.4685821533,5.93489265442,29.8553123474,14.7656135559,0.865882098675,-10.178399086,-4.61169099808],[571.909362793,-52.540802002,-37.2901916504,274.465362549,-74.802734375,89.5964355469,-13.508225441,12.3102121353,-60.7084999084,38.6195373535,32.4517822266,-12.4053268433,-10.9668979645],[-468.148223877,59.1395721436,75.0223846436,-74.802734375,185.724090576,5.82476663589,46.2665863037,-6.95132017136,47.9562797546,-25.2065296173,-10.9121274948,11.799779892,3.96261358261],[382.897613525,27.8355998993,-73.5054702759,89.5964355469,5.82476663589,137.176956177,19.5912532806,34.6655578613,-27.3850822449,6.98754501343,-7.3621711731,-0.36448469758,2.26864171028],[-209.58416748,-31.8392906189,33.4685821533,-13.508225441,46.2665863037,19.5912532806,98.7646026611,19.3767471313,18.8730106354,-17.8617019653,2.44142055511,-1.85450387001,3.07100057602],[209.196105957,-12.3316106796,5.93489265442,12.3102121353,-6.95132017136,34.6655578613,19.3767471313,84.791557312,23.985294342,26.4701004028,-7.32195520401,-0.787732541561,-7.68671226501],[-135.371185303,112.362518311,29.8553123474,-60.7084999084,47.9562797546,-27.3850822449,18.8730106354,23.985294342,124.153495789,12.604432106,-0.676273822784,-7.32384586334,3.8359875679],[142.949401855,-58.6196403503,14.7656135559,38.6195373535,-25.2065296173,6.98754501343,-17.8617019653,26.4701004028,12.604432106,78.1054458618,27.7920436859,7.16166877747,-10.3162908554],[-85.0077285767,-59.4678344727,0.865882098675,32.4517822266,-10.9121274948,-7.3621711731,2.44142055511,-7.32195520401,-0.676273822784,27.7920436859,69.2885513306,18.4244918823,-2.97178530693],[0.084502287209,13.3003444672,-10.178399086,-12.4053268433,11.799779892,-0.36448469758,-1.85450387001,-0.787732541561,-7.32384586334,7.16166877747,18.4244918823,50.1991043091,16.5933647156],[30.1432762146,49.4832191467,-4.61169099808,-10.9668979645,3.96261358261,2.26864171028,3.07100057602,-7.68671226501,3.8359875679,-10.3162908554,-2.97178530693,16.5933647156,50.3347969055]],"icov":[[0.00015569862444,-0.000231599973631,-0.0000266971255769,-0.000146535108797,0.000315504352329,-0.000201160524739,0.000107175146695,-0.000285484216874,0.000207549077459,-0.000226830452448,0.000162768308655,-0.00005346596663,-9.1092817911e-7],[-0.000231599973631,0.00168578280136,0.000782395596616,-0.000149788422277,-0.00082371593453,0.000175635810592,0.00058772257762,0.000697764160577,-0.00204593129456,0.00125116831623,0.000782834889833,-0.000635337608401,-0.000683874939568],[-0.0000266971255769,0.000782395596616,0.00335970893502,-0.000773084699176,-0.00200756127015,0.00266944454052,-0.000612411298789,-0.000729819294065,-0.000142199845868,-0.000936685944907,0.000976025185082,0.000842297275085,-0.00105133606121],[-0.000146535108797,-0.000149788422277,-0.000773084699176,0.00708287302405,0.00181222741958,-0.00469613401219,0.000193425468751,0.00108876079321,0.00198096875101,-0.00174019287806,-0.00381331820972,0.00307343155146,0.000184890159289],[0.000315504352329,-0.00082371593453,-0.00200756127015,0.00181222741958,0.0100708706304,-0.00447713723406,-0.00246599758975,0.00298808235675,-0.00306643964723,0.00121864432003,0.00105959398206,-0.00410337606445,0.002746213926],[-0.000201160524739,0.000175635810592,0.00266944454052,-0.00469613401219,-0.00447713723406,0.0152317825705,-0.00256764516234,-0.00564043130726,0.00350062176585,-0.00106315070298,0.0026095781941,0.000837282277644,-0.00247618998401],[0.000107175146695,0.00058772257762,-0.000612411298789,0.000193425468751,-0.00246599758975,-0.00256764516234,0.0149328028783,-0.00461015524343,-0.00166387401987,0.00605842564255,-0.00406502652913,0.00164775364101,-0.00137586309575],[-0.000285484216874,0.000697764160577,-0.000729819294065,0.00108876079321,0.00298808235675,-0.00564043130726,-0.00461015524343,0.0203411616385,-0.00557073298842,-0.00602133059874,0.00549631612375,-0.00390623486601,0.00386462872848],[0.000207549077459,-0.00204593129456,-0.000142199845868,0.00198096875101,-0.00306643964723,0.00350062176585,-0.00166387401987,-0.00557073298842,0.0154069801793,-0.00517009245232,-0.00270838988945,0.00654112920165,-0.00291000097059],[-0.000226830452448,0.00125116831623,-0.000936685944907,-0.00174019287806,0.00121864432003,-0.00106315070298,0.00605842564255,-0.00602133059874,-0.00517009245232,0.0233233850449,-0.00751865049824,-0.00341664068401,0.00296032894403],[0.000162768308655,0.000782834889833,0.000976025185082,-0.00381331820972,0.00105959398206,0.0026095781941,-0.00406502652913,0.00549631612375,-0.00270838988945,-0.00751865049824,0.0241012424231,-0.0103307636455,0.00277186464518],[-0.00005346596663,-0.000635337608401,0.000842297275085,0.00307343155146,-0.00410337606445,0.000837282277644,0.00164775364101,-0.00390623486601,0.00654112920165,-0.00341664068401,-0.0103307636455,0.0308553948998,-0.0109888100997],[-9.1092817911e-7,-0.000683874939568,-0.00105133606121,0.000184890159289,0.002746213926,-0.00247618998401,-0.00137586309575,0.00386462872848,-0.00291000097059,0.00296032894403,0.00277186464518,-0.0109888100997,0.0256680287421]],"mean":[-640.336914062,133.68409729,-23.2482032776,37.4311065674,5.93765878677,33.8223648071,-2.02746939659,11.967795372,9.29044628143,7.95824718475,-2.43791413307,1.10057651997,5.34139585495]},"pitch_salience":{"dmean":0.085129186511,"dmean2":0.142950326204,"dvar":0.00544258020818,"dvar2":0.0150044243783,"max":0.935716807842,"mean":0.516185879707,"median":0.525510013103,"min":0.103339619935,"var":0.0139664774761},"silence_rate_20dB":{"dmean":0,"dmean2":0,"dvar":0,"dvar2":0,"max":1,"mean":1,"median":1,"min":1,"var":0},"silence_rate_30dB":{"dmean":0.0778198987246,"dmean2":0.155650928617,"dvar":0.0717544704676,"dvar2":0.158005803823,"max":1,"mean":0.910742402077,"median":1,"min":0,"var":0.0812950879335},"silence_rate_60dB":{"dmean":0.00185966666322,"dmean2":0.00371959945187,"dvar":0.00185622822028,"dvar2":0.00413501588628,"max":1,"mean":0.0572879426181,"median":0,"min":0,"var":0.0540058650076},"spectral_centroid":{"dmean":225.081390381,"dmean2":351.02230835,"dvar":49188.5859375,"dvar2":109841.929688,"max":11954.1816406,"mean":1590.38330078,"median":1505.13635254,"min":185.095214844,"var":695090.8125},"spectral_complexity":{"dmean":3.462413311,"dmean2":5.31931352615,"dvar":10.1728239059,"dvar2":20.6915531158,"max":58,"mean":25.6203689575,"median":27,"min":0,"var":126.572006226},"spectral_contrast_coeffs":{"dmean":[0.0532930903137,0.0474606864154,0.0365127623081,0.0286497790366,0.0193143077195,0.0352277942002],"dmean2":[0.0898364186287,0.0784553214908,0.0607342012227,0.0484658256173,0.0325286984444,0.0551806874573],"dvar":[0.0017086683074,0.00140626030043,0.000867172959261,0.000506056530867,0.000281076238025,0.000873547862284],"dvar2":[0.00493643106893,0.00378982187249,0.00232337904163,0.0014345998643,0.000764613156207,0.00222752685659],"max":[-0.329424232244,-0.41508218646,-0.479351460934,-0.62923014164,-0.669177830219,-0.524255514145],"mean":[-0.707453668118,-0.783273160458,-0.805043816566,-0.793473541737,-0.810257732868,-0.69386357069],"median":[-0.709818720818,-0.791231989861,-0.811029195786,-0.792905151844,-0.809296011925,-0.684081375599],"min":[-0.975799679756,-0.978001713753,-0.982240319252,-0.968953251839,-0.969162762165,-0.965148627758],"var":[0.00596229312941,0.00490773562342,0.00324261235073,0.00167957902886,0.00109294545837,0.00537762138993]},"spectral_contrast_valleys":{"dmean":[0.38687902689,0.38106751442,0.290903061628,0.219078943133,0.191167607903,0.522874176502],"dmean2":[0.652560293674,0.624199807644,0.471417933702,0.352706879377,0.293264448643,0.804718375206],"dvar":[0.100503601134,0.102002717555,0.0650858134031,0.0417317412794,0.0507407300174,0.197577357292],"dvar2":[0.267598003149,0.259122043848,0.152515858412,0.0895388349891,0.10293277353,0.47389832139],"max":[-4.70788002014,-4.77522277832,-5.34057855606,-5.33462715149,-5.61629009247,-8.69859218597],"mean":[-6.76920604706,-6.87165117264,-7.06024074554,-7.03116559982,-7.37249517441,-10.8271493912],"median":[-6.44466400146,-6.55089712143,-6.69804668427,-6.70561552048,-6.99874687195,-10.631570816],"min":[-28.4211120605,-28.0874977112,-27.9242992401,-27.6055259705,-27.5186691284,-27.3982467651],"var":[3.31675934792,3.30638480186,3.19772386551,3.09231567383,2.97686862946,2.09354043007]},"spectral_decrease":{"dmean":5.66920643763e-9,"dmean2":9.61507140573e-9,"dvar":7.87009677983e-17,"dvar2":2.13657694963e-16,"max":2.99937275017e-9,"mean":-1.15495684128e-8,"median":-9.47090139647e-9,"min":-1.16733133382e-7,"var":1.07193336347e-16},"spectral_energy":{"dmean":0.0219799876213,"dmean2":0.0367798544466,"dvar":0.00115389958955,"dvar2":0.0030695872847,"max":0.455928087234,"mean":0.0576268397272,"median":0.0502131208777,"min":1.00292749293e-20,"var":0.00181506143417},"spectral_energyband_high":{"dmean":0.000575002515689,"dmean2":0.000838921638206,"dvar":6.64421747842e-7,"dvar2":0.00000128477506678,"max":0.0146919190884,"mean":0.00203244877048,"median":0.00163586146664,"min":7.07315194769e-21,"var":0.0000028971185202},"spectral_energyband_low":{"dmean":0.0193181950599,"dmean2":0.0332922339439,"dvar":0.00105076550972,"dvar2":0.00288800662383,"max":0.435929179192,"mean":0.0312166828662,"median":0.0225772708654,"min":1.72450089923e-23,"var":0.00117804598995},"spectral_energyband_middle_high":{"dmean":0.00215665856376,"dmean2":0.00324786198325,"dvar":0.000016023797798,"dvar2":0.0000309200477204,"max":0.20904995501,"mean":0.00794141646475,"median":0.00548212183639,"min":1.13042419713e-21,"var":0.0000764562792028},"spectral_energyband_middle_low":{"dmean":0.00407941872254,"dmean2":0.00639887247235,"dvar":0.0000368976579921,"dvar2":0.0000805395102361,"max":0.240486398339,"mean":0.00971560552716,"median":0.0066849081777,"min":1.59933457976e-22,"var":0.000113762565888},"spectral_entropy":{"dmean":0.107925906777,"dmean2":0.164453476667,"dvar":0.0115461219102,"dvar2":0.0252811126411,"max":9.82448577881,"mean":7.82094907761,"median":7.84054088593,"min":5.9687128067,"var":0.0935152769089},"spectral_flux":{"dmean":0.0299029629678,"dmean2":0.0480150654912,"dvar":0.00144132785499,"dvar2":0.00315292645246,"max":0.563827455044,"mean":0.124391891062,"median":0.118176430464,"min":6.4625131635e-11,"var":0.00393571006134},"spectral_kurtosis":{"dmean":2.86425065994,"dmean2":4.30829381943,"dvar":12.6375312805,"dvar2":29.7024536133,"max":59.5532722473,"mean":14.6248264313,"median":13.4243011475,"min":-1.25961494446,"var":49.4316749573},"spectral_rms":{"dmean":0.0012692254968,"dmean2":0.00208870810457,"dvar":0.00000221932759814,"dvar2":0.00000573147735849,"max":0.0210904702544,"mean":0.00696402601898,"median":0.00699917180464,"min":3.1280438309e-12,"var":0.00000772343355493},"spectral_rolloff":{"dmean":4748.06103516,"dmean2":8988.25488281,"dvar":49242712,"dvar2":125862768,"max":21985.4003906,"mean":8600.6015625,"median":2583.984375,"min":43.06640625,"var":78644448},"spectral_skewness":{"dmean":0.236220538616,"dmean2":0.349521547556,"dvar":0.0705195143819,"dvar2":0.153022050858,"max":5.92891979218,"mean":2.47476673126,"median":2.39118051529,"min":-0.0842969864607,"var":0.475608855486},"spectral_spread":{"dmean":433084.0625,"dmean2":656019.6875,"dvar":307945799680,"dvar2":641303707648,"max":42842576,"mean":4644004.5,"median":4349866,"min":2067019.875,"var":6553708527620},"spectral_strongpeak":{"dmean":0.694646894932,"dmean2":1.25031781197,"dvar":15.1294870377,"dvar2":41.9679908752,"max":85.1009902954,"mean":0.772909760475,"median":0.197946235538,"min":0,"var":18.4505062103},"zerocrossingrate":{"dmean":0.03126494959,"dmean2":0.0404204316437,"dvar":0.000689332955517,"dvar2":0.00114331359509,"max":0.74755859375,"mean":0.228507980704,"median":0.21826171875,"min":0.01904296875,"var":0.00670602871105}},"metadata":{"audio_properties":{"analysis_sample_rate":44100,"bit_rate":320000,"codec":"mp3","downmix":"mix","equal_loudness":0,"length":324.624725342,"lossless":false,"md5_encoded":"ec4b065e97155f20d4b34d83b04bd6f7","replay_gain":2.33006095886,"sample_rate":44100},"tags":{"album":["Never Say Die!"],"artist":["Black Sabbath"],"date":["1978-09-28"],"file_name":"07 - Black Sabbath - Over to You.mp3","musicbrainz_albumid":["9f4ffafe-ab3d-4ce8-baf0-0d9b79708b80"],"musicbrainz_artistid":["5182c1d9-c7d2-4dad-afa0-ccfeada921a8"],"musicbrainz_recordingid":["24ca234d-b9f7-4b1c-9ec0-f54070967a83"],"title":["Over to You"],"tracknumber":["07/9"]},"version":{"essentia":"2.1-beta1","essentia_build_sha":"ca57ba49d9b1854bd80e60cf9ccf267278fb7d6b","essentia_git_sha":"v2.1_beta1-28-g21ef5f4-dirty","extractor":"music 1.0"}},"rhythm":{"beats_count":550,"beats_loudness":{"dmean":0.0366091914475,"dmean2":0.0643156394362,"dvar":0.00133215985261,"dvar2":0.00401717377827,"max":0.301366269588,"mean":0.0713224038482,"median":0.0661362335086,"min":0,"var":0.00182150409091},"beats_loudness_band_ratio":{"dmean":[0.183722868562,0.052174616605,0.0477963462472,0.0514344125986,0.0406212769449,0.0873511210084],"dmean2":[0.306771934032,0.0898807793856,0.0855291411281,0.087954826653,0.0679349377751,0.151857867837],"dvar":[0.0200635120273,0.00439274031669,0.00422607455403,0.00505212321877,0.00137045257725,0.00589736970142],"dvar2":[0.0580410137773,0.012718975544,0.0117474449798,0.0137026356533,0.00345113384537,0.0147000644356],"max":[0.951807260513,0.52667683363,0.415219515562,0.633709549904,0.275302886963,0.803666710854],"mean":[0.589256227016,0.065841935575,0.0488192811608,0.0662449970841,0.0654122233391,0.178000122309],"median":[0.606515109539,0.0464120954275,0.0272042863071,0.0438606739044,0.0542861036956,0.160709097981],"min":[0,0,0,0,0,0],"var":[0.036177277565,0.00437804078683,0.00360127538443,0.00508960429579,0.00185351050459,0.0107926204801]},"beats_position":[0.557278871536,1.1261677742,1.70666658878,2.287