{"lowlevel":{"average_loudness":0.938358187675,"barkbands":{"dmean":[0.000428211933468,0.00819318275899,0.00230787019245,0.00121547933668,0.000572638295125,0.000446754536824,0.000166542522493,0.0000783549039625,0.000125196049339,0.0000611801224295,0.000106174520624,0.0000621509097982,0.0000766566663515,0.0000436956361227,0.0000986930390354,0.00026337755844,0.000217053369852,0.000218883316847,0.000282757042442,0.00024653004948,0.000235856408835,0.000177145702764,0.000103347840195,0.0000827863041195,0.0000188933609024,0.00000510251584274,2.08375311672e-7],"dmean2":[0.00070848694304,0.0144871920347,0.00410186080262,0.00193938240409,0.000927318586037,0.000713256013114,0.000286509428406,0.000127001185319,0.000195705215447,0.0000998959585559,0.000166438519955,0.00010147212015,0.000118956362712,0.000073653383879,0.000161168209161,0.000417703238782,0.000342761602951,0.000343382736901,0.000442300748546,0.000398214673623,0.000367885193555,0.000285415095277,0.000171340245288,0.000128633604618,0.0000282106339,0.00000750516301196,3.1173740922e-7],"dvar":[8.10782637473e-7,0.00024912666413,0.0000331962401106,0.00000730842702978,0.00000249014237852,0.00000247132015829,3.20031062984e-7,4.12957845697e-8,9.01081378402e-8,4.77406914001e-8,1.20118599511e-7,2.84432335462e-8,4.06383122709e-8,2.92322503981e-8,7.64127676689e-8,4.56471951793e-7,3.71476460259e-7,2.65402690047e-7,4.26493443229e-7,3.07782130449e-7,2.79183666407e-7,2.19803325763e-7,6.42002504492e-8,4.20477519469e-8,1.89461157873e-9,1.22489518528e-10,3.45151912693e-13],"dvar2":[0.00000201503326025,0.000712275097612,0.00009680880612,0.0000183144038601,0.00000617260729996,0.00000653888582747,9.08511935904e-7,1.00280573179e-7,2.16849457502e-7,1.28734754412e-7,3.13242395578e-7,7.06618124013e-8,9.62343165156e-8,8.09047477901e-8,1.86274348835e-7,0.00000114875615509,8.43992097543e-7,5.99100360432e-7,9.82400138128e-7,7.05640729848e-7,6.02049567533e-7,5.19829882251e-7,1.69207893919e-7,9.09921737957e-8,4.05161060257e-9,2.74794548227e-10,7.91249552858e-13],"max":[0.00950083695352,0.131053209305,0.0606063939631,0.038194514811,0.0264192521572,0.0287986136973,0.0100318016484,0.00556321907789,0.0069286916405,0.00460988702253,0.00938457529992,0.00428330758587,0.00546943442896,0.00640775542706,0.00714113935828,0.0164974741638,0.0191890653223,0.0133115220815,0.0164184961468,0.0186665728688,0.0164629556239,0.0127833029255,0.00470704818144,0.006233189255,0.00156299211085,0.000223777111387,0.0000104190767161],"mean":[0.00046067556832,0.010751276277,0.00269192643464,0.00253353314474,0.000955494178925,0.000745926576201,0.00027888288605,0.000127828621771,0.000194909298443,0.0000746782243368,0.000158585084137,0.0000846170878503,0.000132192391902,0.0000552679084649,0.000167473466718,0.000530770164914,0.000508798111696,0.000399425480282,0.000555774488021,0.000460104318336,0.000458374881418,0.000323856656905,0.000204528419999,0.000213181352592,0.0000482733521494,0.00000935855041462,2.67338037929e-7],"median":[0.0000886552516022,0.00474661309272,0.00119922566228,0.000736865971703,0.000504310883116,0.000229039011174,0.0000487800316478,0.0000255555805779,0.0000487723991682,0.000012113194316,0.0000281408047158,0.0000177283945959,0.0000170997845998,0.0000101556952359,0.0000139461299113,0.0000310355026159,0.0000471890853078,0.0000725236386643,0.000135789930937,0.000102751160739,0.000086086554802,0.0000528293603566,0.000015483237803,0.0000169049144461,0.00000347041668647,6.83119026235e-7,5.40559810247e-8],"min":[1.08434926766e-24,3.76069715041e-24,1.12893440412e-24,1.11015586609e-24,1.2335139507e-23,4.08956497876e-24,7.22823071148e-24,1.56074773257e-23,1.33389263548e-23,1.94984595878e-23,1.90003538796e-23,3.0317022682e-23,4.07283174013e-23,1.54576158418e-23,4.33829731869e-23,5.17359909649e-23,7.48219927344e-23,1.2355192509e-22,1.67093841128e-22,1.46979503632e-22,2.59689374928e-22,3.03874446106e-22,4.61806797468e-22,5.85974311744e-22,8.74054651811e-22,1.30001348929e-21,1.87933900364e-21],"var":[9.83760514828e-7,0.000249215576332,0.0000238896809606,0.0000206971562875,0.00000276583477898,0.00000334458809448,5.29642477431e-7,8.03209729838e-8,1.58208820267e-7,4.866017278e-8,1.57553273539e-7,3.77442042065e-8,9.87479182868e-8,2.45877824767e-8,1.82613078437e-7,0.00000152030304434,0.00000171654721726,6.554211609e-7,0.00000122367555377,6.91938680575e-7,8.10172480215e-7,4.03977935548e-7,1.40231477985e-7,1.90527686073e-7,9.73174696384e-9,3.18755855044e-10,4.01960366034e-13]},"barkbands_crest":{"dmean":3.15427303314,"dmean2":5.33306884766,"dvar":11.4714813232,"dvar2":32.7395401001,"max":26.5975170135,"mean":13.6217575073,"median":13.1202707291,"min":1.92387413979,"var":38.5617599487},"barkbands_flatness_db":{"dmean":0.0348610468209,"dmean2":0.0542391985655,"dvar":0.00175518123433,"dvar2":0.00394223723561,"max":0.622605979443,"mean":0.220913052559,"median":0.195238336921,"min":0.0203478038311,"var":0.0163442548364},"barkbands_kurtosis":{"dmean":31.3551025391,"dmean2":52.8786010742,"dvar":9222.15722656,"dvar2":24398.8105469,"max":2432.53369141,"mean":50.868270874,"median":5.22907447815,"min":-1.96830630302,"var":17794.578125},"barkbands_skewness":{"dmean":1.45250475407,"dmean2":2.33041214943,"dvar":4.96908473969,"dvar2":12.336022377,"max":39.7058982849,"mean":3.42229819298,"median":2.11488723755,"min":-7.95473957062,"var":18.0337619781},"barkbands_spread":{"dmean":8.14409732819,"dmean2":13.1190032959,"dvar":144.438308716,"dvar2":340.563842773,"max":118.546432495,"mean":26.4848155975,"median":20.48802948,"min":0.0897488892078,"var":612.135375977},"dissonance":{"dmean":0.0123167876154,"dmean2":0.0205089319497,"dvar":0.00025316371466,"dvar2":0.000670994457323,"max":0.500000059605,"mean":0.471827507019,"median":0.482288867235,"min":0.27962115407,"var":0.000889126094989},"dynamic_complexity":4.27924251556,"erbbands":{"dmean":[0.246632039547,1.8349378109,2.84705400467,3.53077864647,2.66427087784,1.78378903866,1.75746679306,4.40809822083,2.87455797195,2.16626572609,1.75553524494,3.01737380028,1.95630586147,2.76763534546,3.61455559731,2.58725190163,3.72039556503,2.24652934074,2.63608837128,8.983335495,14.2053422928,11.1347026825,10.7314891815,13.6020240784,12.539557457,10.2952127457,9.72019386292,9.2160615921,6.41308689117,4.1393866539,3.1810104847,2.31989979744,1.13959562778,0.334915041924,0.0947188511491,0.0305344685912,0.0085739903152,0.000757183297537,0.0000393396658183,0.000013112520719],"dmean2":[0.44133874774,3.22527194023,5.04826068878,5.90784311295,4.12125110626,2.88034510612,2.7488553524,7.11500310898,4.76715707779,3.72843050957,2.78115129471,4.68699741364,3.2261223793,4.49213838577,5.57406044006,4.15662336349,5.72186660767,3.75894570351,4.27507019043,14.311706543,22.6340942383,17.4966068268,16.7148265839,21.0263690948,19.6352825165,16.6234264374,15.1567525864,14.4050884247,10.398771286,6.69521093369,5.34504461288,3.72129058838,1.72164070606,0.502405405045,0.139006987214,0.043908841908,0.012741968967,0.001111999969,0.0000571385062358,0.0000213567273022],"dvar":[0.193342298269,14.588886261,47.7118339539,73.6386795044,34.2845878601,22.0406627655,13.677069664,321.812530518,115.104042053,47.1244812012,20.0426654816,56.2776069641,42.6476783752,133.734405518,83.9293365479,44.7030334473,91.4836959839,105.61000061,42.4350509644,707.297302246,1336.17785645,774.583740234,604.326293945,1206.95861816,653.436584473,604.481750488,556.358703613,442.268829346,311.111358643,102.86630249,62.0136146545,29.9833831787,9.84187984467,0.656502962112,0.0470012128353,0.00427457597107,0.000470339262392,0.00000392800347981,9.97050975116e-9,4.4354506179e-10],"dvar2":[0.592252910137,40.3164329529,136.256530762,199.937011719,80.1917037964,57.0878982544,32.3526382446,854.469299316,304.916320801,136.717346191,48.0979309082,131.786895752,116.059654236,359.858398438,197.903137207,109.286209106,211.200820923,294.106842041,108.38343811,1661.50842285,3546.00463867,1794.57458496,1363.67785645,2746.05419922,1490.15661621,1390.59545898,1206.61279297,992.214172363,739.703125,246.078475952,166.838882446,72.3250808716,20.3605499268,1.35858261585,0.0955745056272,0.00890574138612,0.00112087186426,0.0000089457789727,2.17993605389e-8,1.12009579389e-9],"max":[4.119784832,33.692855835,62.2809104919,113.46547699,99.7251281738,86.3547897339,122.957954407,324.44708252,255.509887695,142.199127197,109.124137878,154.88973999,134.638473511,321.227935791,232.415557861,155.864883423,283.324462891,413.930511475,164.906890869,719.572692871,1160.41650391,886.273010254,804.823669434,953.877319336,618.289428711,811.641723633,977.192382812,617.16003418,486.065185547,215.319641113,139.796798706,154.121612549,112.030914307,27.1961669922,8.89185523987,2.0457379818,0.386552631855,0.03404481709,0.00170099514071,0.000186941062566],"mean":[0.299301028252,2.39113974571,3.58763289452,6.07976913452,5.74817895889,3.00111627579,3.53312468529,6.76274728775,4.8611125946,3.77859950066,2.84315395355,4.71225738525,2.6389362812,3.64004325867,5.87023925781,4.05102872849,6.67936372757,2.99242758751,4.46694231033,18.6195640564,31.5718383789,28.102399826,22.1227893829,26.8601970673,26.1521644592,19.7949447632,18.9331912994,17.7666950226,11.4529409409,7.92707967758,6.18737268448,5.48726034164,2.77730226517,0.86427795887,0.234613105655,0.0682822540402,0.0129607375711,0.0010554548353,0.0000701294557075,0.0000321091356454],"median":[0.1039570719,1.06153357029,1.892359972,2.8666229248,1.55192744732,1.62259936333,1.8923085928,1.73973143101,0.8085090518,0.743332147598,0.862952828407,1.1635594368,0.6766051054,0.807563483715,1.27614557743,0.986762702465,0.955258786678,0.602031588554,0.740464389324,1.02809607983,2.09534692764,3.11480140686,4.44677686691,6.4250535965,6.97447538376,4.82814121246,4.27985811234,3.03804516792,1.91877067089,1.17265641689,0.434708029032,0.377036482096,0.226990774274,0.0680008158088,0.0166200790554,0.00481863459572,0.00098819215782,0.000111354376713,0.0000247913085332,0.0000251583824138],"min":[6.40810393537e-23,7.84345490643e-22,2.34645956817e-21,5.95618306704e-21,1.40679980026e-20,3.52816280385e-20,7.15991253108e-20,5.16134012734e-20,1.3278443445e-19,7.01038283325e-20,3.77155972974e-19,3.42955389217e-19,5.79763963701e-19,8.80511014596e-19,7.9688631169e-19,1.28271848846e-18,1.48822644517e-18,1.48849093617e-18,2.49772231762e-18,2.13366172527e-18,2.95869435657e-18,4.68259706936e-18,6.2315895465e-18,6.01924897453e-18,7.57461115598e-18,6.71270674208e-18,8.66387319227e-18,1.25863198164e-17,9.36974445927e-18,1.25279084575e-17,1.23288284179e-17,1.15847033563e-17,1.04204987565e-17,8.86574744794e-18,6.49942152985e-18,4.49367315336e-18,2.38966419869e-18,1.1083673235e-18,2.20724331816e-19,2.55240972885e-20],"var":[0.204471349716,13.8544282913,36.647151947,86.7783432007,107.052726746,24.5178565979,32.0989494324,377.523498535,210.012191772,93.0036315918,30.3021564484,103.798461914,45.5204925537,122.990272522,161.898971558,70.8111724854,248.568481445,82.9896697998,79.0709228516,2434.29199219,5498.87890625,4150.33203125,1780.43481445,3204.30834961,2108.85498047,1305.42248535,1500.38244629,1146.39343262,536.926269531,213.871536255,131.056762695,111.535827637,38.9067459106,3.31508040428,0.231021478772,0.0183319542557,0.000684485130478,0.00000515383271704,1.46574397064e-8,7.53583251356e-10]},"erbbands_crest":{"dmean":2.39185285568,"dmean2":3.84854006767,"dvar":5.84778594971,"dvar2":14.5292367935,"max":28.7437458038,"mean":9.60028171539,"median":8.72365283966,"min":2.19388175011,"var":18.8813476562},"erbbands_flatness_db":{"dmean":0.0183931030333,"dmean2":0.0260212440044,"dvar":0.000477489811601,"dvar2":0.00080924667418,"max":0.421325147152,"mean":0.168586477637,"median":0.160539567471,"min":0.0316657535732,"var":0.00334403244779},"erbbands_kurtosis":{"dmean":2.96588492393,"dmean2":4.37634086609,"dvar":32.7316703796,"dvar2":64.2709274292,"max":165.52507019,"mean":5.98136329651,"median":1.09965848923,"min":-1.95620572567,"var":178.341949463},"erbbands_skewness":{"dmean":0.573019146919,"dmean2":0.812828361988,"dvar":0.600274145603,"dvar2":1.09524416924,"max":9.6761264801,"mean":0.333135724068,"median":-0.388632595539,"min":-6.80940151215,"var":4.56057739258},"erbbands_spread":{"dmean":13.0005092621,"dmean2":19.8709754944,"dvar":315.492340088,"dvar2":728.983093262,"max":207.052246094,"mean":45.2802886963,"median":39.9812927246,"min":1.47800815105,"var":872.006286621},"gfcc":{"cov":[[23734.8535156,-2140.64648438,-5571.36279297,1603.05981445,-1820.1159668,348.984558105,-1160.96716309,501.403808594,-465.595306396,-4.88150882721,-385.225067139,82.0153884888,-139.41545105],[-2140.64648438,2366.10302734,1039.39099121,-466.809936523,563.006774902,-417.640106201,267.222320557,-257.02923584,124.317092896,-106.04511261,110.702911377,-90.2139205933,83.8660888672],[-5571.36279297,1039.39099121,2878.58349609,-305.088562012,451.904998779,212.446594238,299.322479248,-179.262039185,92.4040679932,-32.9684944153,116.287857056,-46.9058914185,-1.40814673901],[1603.05981445,-466.809936523,-305.088562012,621.580749512,-124.049026489,-5.50157117844,3.43975782394,75.4270019531,-9.14651679993,-10.5616130829,9.78753089905,-8.42331409454,14.1192092896],[-1820.1159668,563.006774902,451.904998779,-124.049026489,452.718414307,-91.2443847656,128.291213989,-51.7677841187,101.130088806,8.99024105072,17.603351593,-24.196762085,11.3098497391],[348.984558105,-417.640106201,212.446594238,-5.50157117844,-91.2443847656,406.152984619,-2.12429904938,54.1339645386,-43.6397781372,-0.30946457386,-17.9383411407,2.58843612671,-50.9575309753],[-1160.96716309,267.222320557,299.322479248,3.43975782394,128.291213989,-2.12429904938,360.478851318,36.1637382507,-1.27950537205,-24.4970149994,70.4172744751,-21.3586387634,-10.9280719757],[501.403808594,-257.02923584,-179.262039185,75.4270019531,-51.7677841187,54.1339645386,36.1637382507,145.273590088,15.6341571808,10.6174049377,1.75823426247,9.9825668335,-5.33426332474],[-465.595306396,124.317092896,92.4040679932,-9.14651679993,101.130088806,-43.6397781372,-1.27950537205,15.6341571808,127.138809204,41.3438339233,9.50996685028,-4.96454572678,20.5506725311],[-4.88150882721,-106.04511261,-32.9684944153,-10.5616130829,8.99024105072,-0.30946457386,-24.4970149994,10.6174049377,41.3438339233,98.525970459,18.6108989716,17.1013431549,-6.17632055283],[-385.225067139,110.702911377,116.287857056,9.78753089905,17.603351593,-17.9383411407,70.4172744751,1.75823426247,9.50996685028,18.6108989716,106.956108093,27.1068172455,21.0539722443],[82.0153884888,-90.2139205933,-46.9058914185,-8.42331409454,-24.196762085,2.58843612671,-21.3586387634,9.9825668335,-4.96454572678,17.1013431549,27.1068172455,75.1486740112,22.8914737701],[-139.41545105,83.8660888672,-1.40814673901,14.1192092896,11.3098497391,-50.9575309753,-10.9280719757,-5.33426332474,20.5506725311,-6.17632055283,21.0539722443,22.8914737701,78.7730407715]],"icov":[[0.000425069214543,-0.00118028849829,0.000729568477254,-0.00133961963002,0.00101602764335,-0.00126678764354,0.00104741763789,-0.00132034812123,0.00115550926421,-0.00131685694214,0.00125438102987,-0.00109141529538,0.000929802365135],[-0.00118028849829,0.00468274811283,-0.00218950258568,0.00449790479615,-0.00345586356707,0.00452603166923,-0.00328339915723,0.00490283872932,-0.00401911698282,0.00534589774907,-0.00478742038831,0.00439846981317,-0.0031502074562],[0.000729568477254,-0.00218950258568,0.00186237134039,-0.00226507196203,0.00147311668843,-0.00288343173452,0.00151998456568,-0.00154832773842,0.00156834290829,-0.00211110361852,0.0017571534263,-0.00183587893844,0.00157999794465],[-0.00133961963002,0.00449790479615,-0.00226507196203,0.00652836868539,-0.00312537769787,0.00460947258398,-0.00357632664964,0.00410733325407,-0.00422113668174,0.00533333234489,-0.00511424941942,0.00493324315175,-0.00370500562713],[0.00101602764335,-0.00345586356707,0.00147311668843,-0.00312537769787,0.00666558835655,-0.00282126199454,0.00125826790463,-0.00253746239468,0.000155952482601,-0.0037067416124,0.00450854748487,-0.00335202924907,0.00272246240638],[-0.00126678764354,0.00452603166923,-0.00288343173452,0.00460947258398,-0.00282126199454,0.0080545861274,-0.00305395782925,0.00288685597479,-0.00290003418922,0.00479097524658,-0.00398484850302,0.00368501455523,-0.00142469769344],[0.00104741763789,-0.00328339915723,0.00151998456568,-0.00357632664964,0.00125826790463,-0.00305395782925,0.00734861614183,-0.00603636167943,0.00466450862586,-0.00253136479296,0.0000744859571569,-0.00132072041743,0.00342062092386],[-0.00132034812123,0.00490283872932,-0.00154832773842,0.00410733325407,-0.00253746239468,0.00288685597479,-0.00603636167943,0.0158170573413,-0.00818982440978,0.00577242020518,-0.00428762985393,0.00266067869961,-0.00289307069033],[0.00115550926421,-0.00401911698282,0.00156834290829,-0.00422113668174,0.000155952482601,-0.00290003418922,0.00466450862586,-0.00818982440978,0.0177133493125,-0.010343844071,0.00415547797456,-0.000673048140015,-0.00104444741737],[-0.00131685694214,0.00534589774907,-0.00211110361852,0.00533333234489,-0.0037067416124,0.00479097524658,-0.00253136479296,0.00577242020518,-0.010343844071,0.0205246116966,-0.00875739380717,0.0018626548117,0.000762459530961],[0.00125438102987,-0.00478742038831,0.0017571534263,-0.00511424941942,0.00450854748487,-0.00398484850302,0.0000744859571569,-0.00428762985393,0.00415547797456,-0.00875739380717,0.0194026809186,-0.00929827336222,0.000505512405653],[-0.00109141529538,0.00439846981317,-0.00183587893844,0.00493324315175,-0.00335202924907,0.00368501455523,-0.00132072041743,0.00266067869961,-0.000673048140015,0.0018626548117,-0.00929827336222,0.0227140672505,-0.00846340600401],[0.000929802365135,-0.0031502074562,0.00157999794465,-0.00370500562713,0.00272246240638,-0.00142469769344,0.00342062092386,-0.00289307069033,-0.00104444741737,0.000762459530961,0.000505512405653,-0.00846340600401,0.0200092531741]],"mean":[-89.0453414917,87.3922348022,-79.7017211914,76.6132583618,-47.2389945984,16.3138256073,-25.6703395844,10.6246452332,-17.8063964844,-3.30769681931,-9.15450382233,-0.31159055233,-6.03353643417]},"hfc":{"dmean":5.52950286865,"dmean2":8.44692993164,"dvar":98.7168502808,"dvar2":228.582611084,"max":181.374389648,"mean":18.4313201904,"median":7.86047458649,"min":1.07555767186e-16,"var":488.011779785},"melbands":{"dmean":[0.00224999734201,0.00175843236502,0.000571902724914,0.000151416650624,0.0000604550659773,0.0000939049641602,0.0000420870310336,0.0000218160366785,0.0000157125468832,0.0000184505734069,0.00000960478610068,0.0000107669784484,0.0000141436557897,0.00000721082915334,0.0000087478383648,0.00000628447833151,0.00000414478336097,0.00000386366127714,0.00000851506229083,0.0000143174529512,0.0000190775572264,0.0000128611673063,0.0000118404677778,0.0000101778496173,0.0000122107903735,0.0000111773488243,0.00000875646128407,0.00000761920682635,0.00000649702360533,0.00000680267612552,0.0000053202043091,0.00000402950809075,0.00000344999557456,0.00000191282379092,0.00000194873496184,0.00000191091407942,0.00000139736403071,9.52248626618e-7,5.53256654712e-7,2.59168700723e-7],"dmean2":[0.00400748616084,0.00304346927442,0.000935428019147,0.000241492918576,0.000094848961453,0.000151038373588,0.00007021761121,0.0000370902271243,0.0000246310773946,0.0000287762777589,0.0000159188584803,0.00001755363337,0.0000218894056161,0.0000116211085697,0.0000136229346026,0.00000982599158306,0.00000699216661815,0.00000633321587884,0.0000137945044116,0.00002225436765,0.0000305909379676,0.0000202049777727,0.0000189325492101,0.0000158440743689,0.0000190152495634,0.0000174747565325,0.0000141933296618,0.0000123499494293,0.0000102472458821,0.0000105928538687,0.00000850476590131,0.00000660827390675,0.00000557731391382,0.00000313824011755,0.00000333463640345,0.00000310788027491,0.00000224271684601,0.00000148246601839,8.52641790061e-7,4.05965437267e-7],"dvar":[0.0000170374823938,0.0000154019326146,0.0000016565079477,1.67783497318e-7,1.42304310558e-8,1.34099295224e-7,2.49629295013e-8,4.22746415651e-9,1.5246104379e-9,2.12031792124e-9,1.07848541209e-9,2.03385797093e-9,1.48508383369e-9,4.76286232676e-10,4.30148305863e-10,3.3900540708e-10,3.59880319989e-10,1.00816542614e-10,5.07195452304e-10,1.45285972142e-9,2.81836021188e-9,1.34483157943e-9,7.28835103381e-10,8.17636125472e-10,1.06825526203e-9,6.57240040169e-10,4.0517725286e-10,4.08272748942e-10,2.69804178998e-10,2.79511830348e-10,1.53416737647e-10,1.2361274504e-10,8.42693276271e-11,2.17319964108e-11,2.3513385683e-11,2.06529134072e-11,1.09506813339e-11,6.6444328338e-12,2.53763676739e-12,3.78243768771e-13],"dvar2":[0.0000502642615174,0.0000422280791099,0.00000439049927081,4.12932877225e-7,3.515407343e-8,3.55408246833e-7,6.68518325142e-8,1.20026495409e-8,3.57556495523e-9,5.03350561232e-9,2.94739899154e-9,5.47605916168e-9,3.65220897969e-9,1.1720395765e-9,1.01910246908e-9,8.51037573746e-10,1.00447161699e-9,2.62279475916e-10,1.186592824e-9,3.21791859825e-9,7.56635731847e-9,3.04264924367e-9,1.789332571e-9,1.88662885314e-9,2.49967690991e-9,1.52854473523e-9,1.00912045387e-9,9.55328816055e-10,6.16291739863e-10,6.0745447561e-10,3.59385798898e-10,3.0114052918e-10,1.95464311403e-10,5.44855480178e-11,6.46343048527e-11,5.14786928363e-11,2.68857991426e-11,1.43779797096e-11,5.26767518494e-12,9.15990156988e-13],"max":[0.0352064110339,0.0347759351134,0.0170963276178,0.00683856708929,0.00318870833144,0.00675110518932,0.00360997929238,0.00157430255786,0.000959082623012,0.000976751092821,0.000694251910318,0.001200843486,0.000852206838317,0.000550903496332,0.000476829212857,0.000461622490548,0.000753973145038,0.00021273465245,0.000560717133339,0.00116258545313,0.00188139721286,0.00124544848222,0.000813901773654,0.000956927833613,0.000874574994668,0.000528045580722,0.000574931502342,0.000692887988407,0.00064733583713,0.000469349994091,0.000314241624437,0.000298191414913,0.000277757266304,0.000119415009976,0.0000908991714823,0.000100196382846,0.0000964233186096,0.0000796604726929,0.0000674333423376,0.000017208079953],"mean":[0.00290071032941,0.00242205709219,0.00110540201422,0.000285757705569,0.000128076659166,0.00015101156896,0.0000703448604327,0.0000379604352929,0.0000251741566899,0.0000282232376776,0.0000122892497529,0.0000135373147714,0.0000223998576985,0.00000977864601737,0.0000150371815835,0.0000105353710751,0.00000497711016578,0.00000560831631446,0.0000155943707796,0.0000295357076538,0.0000397003932449,0.0000299251314573,0.0000237530548475,0.0000174933957169,0.0000222433700401,0.0000215591317101,0.0000156002843141,0.0000129326708702,0.0000114627418952,0.0000122411156553,0.00000945156716625,0.00000638522215013,0.00000600067869527,0.00000348357843905,0.00000335761478709,0.00000385376097256,0.00000314720182359,0.00000212536042454,0.00000119892297334,5.86398584801e-7],"median":[0.00120053545106,0.00126449204981,0.000507505261339,0.000116779468954,0.0000760999100748,0.0000407128791267,0.0000108084032036,0.00000698603480487,0.00000691893865223,0.00000698794247,0.00000243479144046,0.00000260934211838,0.00000422755510954,0.00000213270845961,0.00000228189560403,0.00000157205488449,8.60770057898e-7,0.00000103057027445,0.00000109928271286,0.00000139646886055,0.00000245076057581,0.0000025693580028,0.00000332663398694,0.00000303476463159,0.00000479414075016,0.00000518409797223,0.00000330184138875,0.00000272224110631,0.00000252438098869,0.00000203634954232,0.00000125571386889,9.19218166473e-7,9.27309883991e-7,4.39335025249e-7,1.97080069597e-7,2.21997311201e-7,2.13297312257e-7,1.67018143316e-7,9.6808150829e-8,3.58162175473e-8],"min":[9.34800369902e-25,1.56854883723e-24,1.42213250613e-24,1.58054731299e-24,2.97282054639e-24,8.93353322119e-25,1.86990622619e-24,7.81853749623e-25,2.5590513659e-24,2.37761907694e-24,2.51197194986e-24,2.78179117287e-24,2.62407480374e-24,2.99789527912e-24,2.43153831146e-24,3.29622413246e-24,2.25302461063e-24,3.96181092731e-24,2.75907296488e-24,2.2149173041e-24,2.75534697761e-24,4.1803013378e-24,5.27326023338e-24,4.70090575347e-24,4.36689810189e-24,4.79143819196e-24,4.88905144595e-24,4.09169214219e-24,5.59353854976e-24,5.10842261964e-24,6.57182822972e-24,3.82690624619e-24,5.19650761717e-24,6.88284374135e-24,6.74822068357e-24,4.64490806768e-24,6.18260268136e-24,5.99947374981e-24,7.15779095467e-24,6.49837384096e-24],"var":[0.0000178325935849,0.0000139136554935,0.00000281410416392,2.50248547218e-7,3.23947801917e-8,1.68461369299e-7,4.18404155766e-8,8.81298323208e-9,2.45705944479e-9,3.74132236303e-9,1.12483666825e-9,1.85484672066e-9,2.64341104561e-9,5.79519154886e-10,1.05389308391e-9,6.24007012728e-10,2.7406124592e-10,1.54847135114e-10,1.48493872754e-9,5.32807931108e-9,1.11569793404e-8,6.62937216234e-9,2.5802830983e-9,1.60671254079e-9,2.5779041124e-9,1.82202419818e-9,9.19501863539e-10,7.32604976683e-10,6.15453743524e-10,7.30990656894e-10,3.37025740649e-10,1.89146559526e-10,1.58694613006e-10,4.17039389133e-11,4.15941690812e-11,5.60247473413e-11,3.88422315145e-11,2.36037318163e-11,8.21558359537e-12,1.5306566778e-12]},"melbands_crest":{"dmean":3.48125839233,"dmean2":5.83300256729,"dvar":11.7656745911,"dvar2":31.8854465485,"max":37.9913787842,"mean":18.2462329865,"median":18.4769077301,"min":1.61378228664,"var":38.4556922913},"melbands_flatness_db":{"dmean":0.0427303574979,"dmean2":0.0658680200577,"dvar":0.00259215431288,"dvar2":0.00570148229599,"max":0.77231657505,"mean":0.296761959791,"median":0.27074187994,"min":0.00394555879757,"var":0.0289453994483},"melbands_kurtosis":{"dmean":40.2100982666,"dmean2":66.6572494507,"dvar":7282.33007812,"dvar2":18643.2070312,"max":1980.22021484,"mean":69.8885726929,"median":21.5754127502,"min":-1.91237235069,"var":14804.7138672},"melbands_skewness":{"dmean":1.60147595406,"dmean2":2.56405591965,"dvar":4.9992389679,"dvar2":12.3126316071,"max":37.6947593689,"mean":4.64329099655,"median":3.53811693192,"min":-3.93649840355,"var":14.0056743622},"melbands_spread":{"dmean":10.5030250549,"dmean2":16.2611751556,"dvar":312.971893311,"dvar2":650.914550781,"max":277.391052246,"mean":30.5116081238,"median":11.5318698883,"min":0.194638252258,"var":1571.56689453},"mfcc":{"cov":[[20848.8925781,-3890.51196289,-3902.17578125,-185.162490845,-885.851867676,-638.187805176,-773.432922363,-119.572944641,-119.887832642,-247.340576172,-419.564208984,72.511177063,29.4085845947],[-3890.51196289,2781.73193359,799.805908203,130.361328125,278.746795654,84.2290878296,121.423126221,-48.7635154724,0.00634670862928,3.48721504211,52.3328208923,-27.9235458374,-1.74809515476],[-3902.17578125,799.805908203,1840.14440918,-2.05946278572,251.324768066,312.469116211,231.283203125,111.635490417,-21.3676528931,94.5996627808,51.0283241272,-29.9209136963,-50.3644638062],[-185.162490845,130.361328125,-2.05946278572,590.728942871,15.3011083603,-36.5972824097,55.127784729,13.8514375687,31.9566841125,-16.4386520386,70.3566207886,-1.70369529724,-32.3405952454],[-885.851867676,278.746795654,251.324768066,15.3011083603,300.717193604,84.6454620361,-47.8519325256,-13.8556280136,36.9189720154,29.9531040192,-19.9412231445,20.737197876,18.8360557556],[-638.187805176,84.2290878296,312.469116211,-36.5972824097,84.6454620361,194.10848999,83.8482437134,35.5197219849,10.355928421,32.5492897034,24.8713970184,5.9202709198,-4.02507781982],[-773.432922363,121.423126221,231.283203125,55.127784729,-47.8519325256,83.8482437134,252.442764282,109.63420105,0.305741250515,35.3208808899,66.5317230225,-4.88382959366,-24.0650749207],[-119.572944641,-48.7635154724,111.635490417,13.8514375687,-13.8556280136,35.5197219849,109.63420105,143.039535522,26.3470306396,27.4440193176,30.6746330261,-4.98085641861,-10.7194833755],[-119.887832642,0.00634670862928,-21.3676528931,31.9566841125,36.9189720154,10.355928421,0.305741250515,26.3470306396,94.3511276245,31.5776462555,12.8735761642,8.32843208313,-1.30961835384],[-247.340576172,3.48721504211,94.5996627808,-16.4386520386,29.9531040192,32.5492897034,35.3208808899,27.4440193176,31.5776462555,101.011505127,38.9149169922,9.23194789886,-1.51903152466],[-419.564208984,52.3328208923,51.0283241272,70.3566207886,-19.9412231445,24.8713970184,66.5317230225,30.6746330261,12.8735761642,38.9149169922,112.725097656,15.7270917892,-2.8623456955],[72.511177063,-27.9235458374,-29.9209136963,-1.70369529724,20.737197876,5.9202709198,-4.88382959366,-4.98085641861,8.32843208313,9.23194789886,15.7270917892,74.1990661621,22.9182167053],[29.4085845947,-1.74809515476,-50.3644638062,-32.3405952454,18.8360557556,-4.02507781982,-24.0650749207,-10.7194833755,-1.30961835384,-1.51903152466,-2.8623456955,22.9182167053,80.1358947754]],"icov":[[0.000121756660519,0.0000660435034661,0.000207500197575,-0.0000815751409391,0.000243633345235,-0.000203841205803,0.000346266344422,-0.000322628184222,0.000266272807494,-0.000173593769432,0.000410772714531,-0.000195172586245,0.000119122145406],[0.0000660435034661,0.000534833990969,-0.0000847162227728,-0.0000238106586039,-0.000400799559429,0.000328785419697,-0.000355680007488,0.000438638322521,-0.0000212159429793,0.000271049764706,-0.000124656027765,0.000211460574064,-0.0000729738167138],[0.000207500197575,-0.0000847162227728,0.00134236714803,-0.000163031087141,-0.0000703651530785,-0.00142118870281,0.000328098190948,-0.000997615745291,0.00126311928034,-0.000849023228511,0.000854074256495,-0.0000283527242573,0.000653270923067],[-0.0000815751409391,-0.0000238106586039,-0.000163031087141,0.00223104911856,-0.000882114225533,0.0012092271354,-0.00102815357968,0.000654935196508,-0.00109980942216,0.00147139478941,-0.00201541557908,0.000328272784827,0.000718319264706],[0.000243633345235,-0.000400799559429,-0.0000703651530785,-0.000882114225533,0.00656179292127,-0.00314854318276,0.00341467792168,-0.00119226472452,-0.000894234282896,-0.00192497263197,0.00285484129563,-0.00191379559692,-0.000734724919312],[-0.000203841205803,0.000328785419697,-0.00142118870281,0.0012092271354,-0.00314854318276,0.00978475064039,-0.00392921222374,0.00172892573755,-0.00134570803493,0.000899923790712,-0.00209085922688,0.000278163788607,-0.000199524438358],[0.000346266344422,-0.000355680007488,0.000328098190948,-0.00102815357968,0.00341467792168,-0.00392921222374,0.0103947678581,-0.00664599426091,0.00252023641951,-0.0016937085893,-0.00042479208787,-0.00112008908764,0.00120327505283],[-0.000322628184222,0.000438638322521,-0.000997615745291,0.000654935196508,-0.00119226472452,0.00172892573755,-0.00664599426091,0.0131735373288,-0.00437978934497,0.000586111622397,-0.00157427159138,0.00170559890103,-0.000705747457687],[0.000266272807494,-0.0000212159429793,0.00126311928034,-0.00109980942216,-0.000894234282896,-0.00134570803493,0.00252023641951,-0.00437978934497,0.0148316686973,-0.00461785821244,0.00105583085679,-0.00120992364828,0.00110398093238],[-0.000173593769432,0.000271049764706,-0.000849023228511,0.00147139478941,-0.00192497263197,0.000899923790712,-0.0016937085893,0.000586111622397,-0.00461785821244,0.0148045914248,-0.00560898240656,0.000175377557753,0.000151938394993],[0.000410772714531,-0.000124656027765,0.000854074256495,-0.00201541557908,0.00285484129563,-0.00209085922688,-0.00042479208787,-0.00157427159138,0.00105583085679,-0.00560898240656,0.0152843231335,-0.00355316605419,-0.0000712164473953],[-0.000195172586245,0.000211460574064,-0.0000283527242573,0.000328272784827,-0.00191379559692,0.000278163788607,-0.00112008908764,0.00170559890103,-0.00120992364828,0.000175377557753,-0.00355316605419,0.0164969805628,-0.00431486824527],[0.000119122145406,-0.0000729738167138,0.000653270923067,0.000718319264706,-0.000734724919312,-0.000199524438358,0.00120327505283,-0.000705747457687,0.00110398093238,0.000151938394993,-0.0000712164473953,-0.00431486824527,0.0148159749806]],"mean":[-729.774108887,98.705406189,35.2895355225,58.9722137451,15.7731676102,14.6004104614,9.19577598572,13.6992616653,3.41447377205,2.27308940887,-2.59191036224,6.20559215546,1.66168415546]},"pitch_salience":{"dmean":0.085701264441,"dmean2":0.142793163657,"dvar":0.00806741416454,"dvar2":0.022206608206,"max":0.916525065899,"mean":0.461288064718,"median":0.478363245726,"min":0.0505817085505,"var":0.0230996608734},"silence_rate_20dB":{"dmean":0,"dmean2":0,"dvar":0,"dvar2":0,"max":1,"mean":1,"median":1,"min":1,"var":0},"silence_rate_30dB":{"dmean":0.00220352574252,"dmean2":0.00440749293193,"dvar":0.00219883280806,"dvar2":0.00639114482328,"max":1,"mean":0.998798191547,"median":1,"min":0,"var":0.00120063684881},"silence_rate_60dB":{"dmean":0.0248397439718,"dmean2":0.0496844649315,"dvar":0.0242190863937,"dvar2":0.0544271022081,"max":1,"mean":0.0730095133185,"median":0,"min":0,"var":0.0676796734333},"spectral_centroid":{"dmean":321.727111816,"dmean2":485.599884033,"dvar":248274.4375,"dvar2":513591.6875,"max":11505.4580078,"mean":1668.87475586,"median":1632.38427734,"min":91.1377563477,"var":1894973.875},"spectral_complexity":{"dmean":3.2696313858,"dmean2":5.09446048737,"dvar":22.7966098785,"dvar2":52.457195282,"max":56,"mean":13.6580867767,"median":9,"min":0,"var":151.537185669},"spectral_contrast_coeffs":{"dmean":[0.0470003932714,0.0422384440899,0.0335849076509,0.0282406713814,0.0247125029564,0.0208867937326],"dmean2":[0.077877342701,0.0671447739005,0.0530027896166,0.044049654156,0.0376357100904,0.0315790548921],"dvar":[0.00185407046229,0.00138786726166,0.000892386131454,0.000686382001732,0.000691069697496,0.000661513768137],"dvar2":[0.00500278919935,0.00333219626918,0.00204466399737,0.00148227240425,0.00133727258071,0.0013229153119],"max":[-0.320974647999,-0.391427516937,-0.391334056854,-0.552757799625,-0.525828182697,-0.4896671772],"mean":[-0.677956402302,-0.753805816174,-0.815527796745,-0.808951735497,-0.794028222561,-0.753940165043],"median":[-0.679182231426,-0.759771347046,-0.825527667999,-0.818742513657,-0.791201472282,-0.744134187698],"min":[-0.997824430466,-0.981516301632,-0.987598598003,-0.970673263073,-0.967047095299,-0.963736772537],"var":[0.00641441112384,0.00680568115786,0.00437163561583,0.00528308562934,0.00575008615851,0.00523478025571]},"spectral_contrast_valleys":{"dmean":[0.369563668966,0.434492707253,0.421198785305,0.38435125351,0.339913934469,0.257854789495],"dmean2":[0.588653802872,0.662474155426,0.616316020489,0.544125795364,0.480975866318,0.327162325382],"dvar":[0.122766897082,0.20884783566,0.236446380615,0.238824039698,0.227222681046,0.158136516809],"dvar2":[0.255293369293,0.407296031713,0.432741999626,0.439377129078,0.426592200994,0.262817233801],"max":[-5.30585098267,-5.21839618683,-5.39494800568,-5.94922161102,-5.66171550751,-7.59627628326],"mean":[-7.34191036224,-8.00239944458,-8.73053359985,-9.11984920502,-8.33297538757,-10.7396707535],"median":[-7.0498509407,-7.70589351654,-8.38520622253,-8.81034374237,-7.90326404572,-10.6192417145],"min":[-28.0312366486,-27.8422584534,-27.6491146088,-27.7712402344,-27.482711792,-27.3283863068],"var":[2.91409778595,3.2108695507,3.36099624634,3.80220103264,4.44975805283,3.83888101578]},"spectral_decrease":{"dmean":2.83217316266e-9,"dmean2":4.79923656371e-9,"dvar":2.42359684313e-17,"dvar2":6.46489757535e-17,"max":6.88216709827e-18,"mean":-5.6843947327e-9,"median":-4.28170832123e-9,"min":-4.05624760447e-8,"var":2.97143227625e-17},"spectral_energy":{"dmean":0.0109334615991,"dmean2":0.0184151548892,"dvar":0.000349215901224,"dvar2":0.000927304266952,"max":0.154775083065,"mean":0.023125955835,"median":0.0177860744298,"min":1.01336103542e-20,"var":0.000448748323834},"spectral_energyband_high":{"dmean":0.000596280267928,"dmean2":0.00092341954587,"dvar":0.00000164363848398,"dvar2":0.00000385985413232,"max":0.027390608564,"mean":0.00151475670282,"median":0.000341315404512,"min":7.00013387159e-21,"var":0.00000540082010048},"spectral_energyband_low":{"dmean":0.00985207688063,"dmean2":0.0170741081238,"dvar":0.000349069188815,"dvar2":0.000951387220994,"max":0.150065928698,"mean":0.0151256071404,"median":0.00863918662071,"min":1.94686516896e-23,"var":0.000385579944123},"spectral_energyband_middle_high":{"dmean":0.00094842602266,"dmean2":0.00145768374205,"dvar":0.00000284460361399,"dvar2":0.00000649581670586,"max":0.0302817989141,"mean":0.00287225679494,"median":0.000949250475969,"min":1.12691271849e-21,"var":0.0000176767225639},"spectral_energyband_middle_low":{"dmean":0.00205927505158,"dmean2":0.00325084035285,"dvar":0.0000200114209292,"dvar2":0.0000497166874993,"max":0.0621010027826,"mean":0.00485874852166,"median":0.0025621172972,"min":2.30359551715e-22,"var":0.0000436533373431},"spectral_entropy":{"dmean":0.21571983397,"dmean2":0.306339472532,"dvar":0.0890341773629,"dvar2":0.157593712211,"max":9.81443119049,"mean":7.26130580902,"median":7.53198480606,"min":3.95736694336,"var":0.866743862629},"spectral_flux":{"dmean":0.0260744187981,"dmean2":0.0403071045876,"dvar":0.00128222536296,"dvar2":0.00265716388822,"max":0.34016430378,"mean":0.0743224173784,"median":0.0606254376471,"min":6.36218230876e-11,"var":0.00334743224084},"spectral_kurtosis":{"dmean":1.98549735546,"dmean2":3.11767315865,"dvar":17.7609577179,"dvar2":40.437664032,"max":131.415267944,"mean":5.90770721436,"median":2.48503255844,"min":-1.25383877754,"var":135.998413086},"spectral_rms":{"dmean":0.000964209146332,"dmean2":0.00157534622122,"dvar":0.00000173989121777,"dvar2":0.00000442267764811,"max":0.0122882090509,"mean":0.00430716434494,"median":0.00416560517624,"min":3.14427238586e-12,"var":0.0000040102654566},"spectral_rolloff":{"dmean":598.346130371,"dmean2":1017.80218506,"dvar":1249747.5,"dvar2":2851248.75,"max":19487.5488281,"mean":1927.28088379,"median":301.46484375,"min":43.06640625,"var":6987786},"spectral_skewness":{"dmean":0.274686485529,"dmean2":0.406292170286,"dvar":0.14093285799,"dvar2":0.278279960155,"max":9.13886737823,"mean":1.45906245708,"median":1.01577353477,"min":-0.603900253773,"var":1.66665077209},"spectral_spread":{"dmean":548041.6875,"dmean2":817723.625,"dvar":709542608896,"dvar2":1476086988800,"max":42367204,"mean":4840619.5,"median":4606040,"min":579170,"var":8514075361280},"spectral_strongpeak":{"dmean":0.3432289958,"dmean2":0.596863329411,"dvar":0.967914998531,"dvar2":2.51649212837,"max":13.6915559769,"mean":0.597378015518,"median":0.293693333864,"min":0,"var":1.63922333717},"zerocrossingrate":{"dmean":0.0115661621094,"dmean2":0.0134187592193,"dvar":0.000226915959502,"dvar2":0.000255316699622,"max":0.5166015625,"mean":0.0651640072465,"median":0.04541015625,"min":0.001953125,"var":0.00478566717356}},"metadata":{"audio_properties":{"analysis_sample_rate":44100,"bit_rate":0,"codec":"flac","downmix":"mix","equal_loudness":0,"length":231.813339233,"lossless":true,"md5_encoded":"6107edef2e71beaae84a93838ae4f365","replay_gain":-14.3519973755},"tags":{"acoustid_id":["dab51abc-5d84-494d-b47c-37f439adba93"],"album":["Elephant"],"albumartist":["The White Stripes"],"albumartistsort":["White Stripes, The"],"artist":["The White Stripes"],"artistsort":["White Stripes, The"],"asin":["B00007KN36"],"barcode":["634904016227"],"catalognumber":["XLCD 162"],"composer":["Jack White"],"date":["2003-03-31"],"discnumber":["1"],"disctotal":["1"],"engineer":["Liam Watson"],"file_name":"01 Seven Nation Army.flac","genre":["Rock","Punk Blues","Alternative And Punk"],"isrc":["GBBKS0200608","USVT10300001"],"label":["XL Recordings"],"language":["eng"],"lyricist":["Jack White"],"media":["CD"],"mixer":["Jack White","Liam Watson"],"musicbrainz_albumartistid":["11ae9fbb-f3d7-4a47-936f-4c0a04d3b3b5"],"musicbrainz_albumid":["f337bb41-489f-329d-84e7-249eafbb16cf"],"musicbrainz_artistid":["11ae9fbb-f3d7-4a47-936f-4c0a04d3b3b5"],"musicbrainz_recordingid":["24cc8311-98fd-423a-bed1-97728f5eabc5"],"musicbrainz_releasegroupid":["d85b9684-4277-3565-b89b-115c8b4b7fd3"],"musicbrainz_releasetrackid":["848d5487-6138-3052-8d1d-c73fb2c215ce"],"musicbrainz_workid":["4075a4ab-93a8-303b-a1c2-2d904f38c580"],"originaldate":["2003-03-19"],"producer":["Jack White"],"releasecountry":["GB"],"releasestatus":["official"],"releasetype":["album"],"script":["Latn"],"title":["Seven Nation Army"],"totaldiscs":["1"],"totaltracks":["14"],"tracknumber":["1"],"tracktotal":["14"]},"version":{"essentia":"2.1-beta1","essentia_build_sha":"7598a69e7b456135ce4c070efb04a3d0ebb71fdd","essentia_git_sha":"v2.1_beta1-6-g5578087","extractor":"music 1.0"}},"rhythm":{"beats_count":475,"beats_loudness":{"dmean":0.021373430267,"dmean2