{"lowlevel":{"average_loudness":0.94483435154,"barkbands":{"dmean":[0.000158314272994,0.00516227213666,0.00311028538272,0.00296340719797,0.00322735845111,0.00129139667843,0.00134715926833,0.000832116114907,0.000726804486476,0.000473298452562,0.000258979736827,0.000245688133873,0.00014039647067,0.000151864936925,0.00032271060627,0.000286898313789,0.000345605629263,0.000253652106039,0.00025769349304,0.000155091809575,0.0000971600456978,0.0000572714088776,0.0000428133098467,0.0000473941363452,0.0000309537317662,0.0000109675747808,4.94630398862e-7],"dmean2":[0.000250442419201,0.00899923127145,0.00554774701595,0.00498387031257,0.00539836380631,0.00206993357278,0.00220964499749,0.00140361266676,0.00115612114314,0.000764512806199,0.000418165524025,0.000394519622205,0.000227529584663,0.000241897592787,0.000517728622071,0.000446014048066,0.000547278497834,0.000395550770918,0.000400110293413,0.000239332599449,0.000146056714584,0.0000866960472194,0.0000648345958325,0.0000707530634827,0.00004455988892,0.0000172423788172,8.41725068312e-7],"dvar":[7.38869729844e-8,0.00011603609164,0.0000373782968381,0.0000163344666362,0.0000199217683985,0.00000838103096612,0.0000109778666229,0.0000040261270442,0.00000533555430593,0.00000188258570688,7.28595182409e-7,6.07635456618e-7,2.16945579723e-7,1.56254031936e-7,5.47984825516e-7,3.53710731815e-7,6.0796253365e-7,3.92795641346e-7,3.74294614858e-7,1.42559812844e-7,1.97367896249e-7,2.35528645476e-8,1.97138394498e-8,3.07757481721e-8,2.04556940275e-8,2.0055597183e-9,3.32135816246e-12],"dvar2":[1.84827754879e-7,0.000311696348945,0.000105428494862,0.0000427125523856,0.0000515196006745,0.0000202893133974,0.0000264720001724,0.0000103034963104,0.0000126062477648,0.00000468789812658,0.00000168999179095,0.00000150459504766,5.05439970766e-7,3.77857475087e-7,0.00000128018700707,8.13744463812e-7,0.00000151218944211,9.41652956499e-7,8.71030010785e-7,3.15091284619e-7,4.18896746623e-7,4.91763678667e-8,3.70671848771e-8,7.25448003891e-8,4.4335564553e-8,4.23450075004e-9,8.97095939201e-12],"max":[0.00250591873191,0.0737582147121,0.0551847107708,0.0928388088942,0.0680135414004,0.0632678419352,0.069089628756,0.0398837924004,0.0532451085746,0.0454207099974,0.0225229840726,0.0211895741522,0.0142212938517,0.0087690167129,0.0153980497271,0.0117738116533,0.0163335837424,0.0163818039,0.0162102486938,0.00746235623956,0.0229187365621,0.00688994629309,0.00773081136867,0.00632424186915,0.00703138299286,0.00273344782181,0.0000559097352379],"mean":[0.000197821878828,0.00518365297467,0.00382177205756,0.00486762821674,0.00520931882784,0.00168759026565,0.00174410943873,0.000993843073957,0.000951423018705,0.000710967753548,0.000321702071233,0.000313520256896,0.000186056669918,0.000218089320697,0.000417461269535,0.000403455545893,0.000509654986672,0.000356152158929,0.000378700118745,0.00022666429868,0.000125386199215,0.0000834691309137,0.0000663917526253,0.0000677019852446,0.000045122771553,0.0000124894859255,4.02743040695e-7],"median":[0.0000568602772546,0.0024432989303,0.00230964645743,0.00335418153554,0.00338217266835,0.000616034842096,0.000400122662541,0.000189842365216,0.000172269705217,0.000168290818692,0.000048967787734,0.0000421573786298,0.0000282896653516,0.000046751476475,0.0000805416275398,0.0000967953528743,0.000146967053297,0.0000977735617198,0.000157007481903,0.0000793702347437,0.0000412079025409,0.0000328127862304,0.0000234947401623,0.0000198803500098,0.0000119018695841,0.00000227501368499,4.69370107226e-8],"min":[2.696302711e-24,1.35759143702e-23,2.96605894347e-23,1.1508965481e-23,1.77297529745e-23,5.38085368221e-23,4.43457905435e-23,7.75180037641e-23,2.87511495624e-23,1.99620226547e-23,4.08179225338e-23,6.22492853991e-23,7.84285385753e-23,4.20426985089e-23,9.50631285768e-23,6.42365396154e-23,1.85686093595e-22,2.35645500382e-22,2.49354009648e-22,1.99419404649e-22,4.00644328894e-22,5.21455486142e-22,5.24267365061e-22,7.52657818983e-22,1.10902665431e-21,1.67652182992e-21,2.36176584262e-21],"var":[1.01699484389e-7,0.0000882894601091,0.0000308443341055,0.0000334749311151,0.0000345471016772,0.0000103817346826,0.0000178223144758,0.00000663865739625,0.00000814219310996,0.00000496532493344,0.00000123135282593,9.64039713836e-7,4.68518663865e-7,3.12693202886e-7,9.00616214494e-7,5.90989770899e-7,0.0000010271451174,5.77584103212e-7,5.09435324147e-7,2.48072240083e-7,2.72725486639e-7,3.37070673595e-8,3.52724001118e-8,4.58521718372e-8,3.8131233282e-8,4.11443235038e-9,2.59594364234e-12]},"barkbands_crest":{"dmean":2.97530198097,"dmean2":4.960521698,"dvar":7.23721837997,"dvar2":19.7195415497,"max":24.844335556,"mean":10.3330087662,"median":9.63997459412,"min":2.71802091599,"var":15.2952651978},"barkbands_flatness_db":{"dmean":0.0290929973125,"dmean2":0.0445599555969,"dvar":0.00071217661025,"dvar2":0.00164018070791,"max":0.447774618864,"mean":0.163978651166,"median":0.155803084373,"min":0.0181517265737,"var":0.00301481084898},"barkbands_kurtosis":{"dmean":7.23189926147,"dmean2":11.6009197235,"dvar":178.274734497,"dvar2":485.047180176,"max":308.848205566,"mean":11.4568586349,"median":5.25686407089,"min":-1.9251537323,"var":314.580810547},"barkbands_skewness":{"dmean":0.831682682037,"dmean2":1.29340183735,"dvar":0.76908826828,"dvar2":1.91564023495,"max":14.8845758438,"mean":2.49659848213,"median":2.2558465004,"min":-2.17212319374,"var":2.7756125927},"barkbands_spread":{"dmean":6.26101589203,"dmean2":9.76641273499,"dvar":51.826259613,"dvar2":118.526687622,"max":125.405136108,"mean":18.0383911133,"median":15.6587686539,"min":0.500128865242,"var":166.662338257},"dissonance":{"dmean":0.018226377666,"dmean2":0.0304252188653,"dvar":0.000335217569955,"dvar2":0.000908794405404,"max":0.500000119209,"mean":0.466770291328,"median":0.473072826862,"min":0.25824368,"var":0.000676920055412},"dynamic_complexity":3.07225012779,"erbbands":{"dmean":[0.128786593676,1.28102695942,3.46146583557,6.47116518021,12.1474657059,10.35090065,6.28425455093,12.5970821381,20.6983699799,18.3361930847,14.560128212,18.1665992737,11.8671598434,15.1640815735,9.7561006546,9.16851806641,6.67093372345,7.07401847839,17.5567188263,9.41042423248,16.6381702423,19.9770126343,14.6584129333,9.54661178589,12.7065753937,7.50040578842,4.44326114655,3.51457834244,1.97037231922,1.48848700523,1.23260760307,1.06414711475,0.738946795464,0.377674251795,0.216820016503,0.0751811936498,0.0150029286742,0.00191340141464,0.0000725862701074,0.0000174255383172],"dmean2":[0.222245231271,2.2763607502,6.21768856049,10.9942951202,20.5669345856,17.2009811401,10.1998243332,20.2787914276,33.7527084351,30.4478225708,23.9433670044,28.8416061401,18.8841362,24.6574554443,15.4279088974,14.7853536606,10.662481308,11.1969108582,28.2162895203,14.2493104935,25.6746845245,31.1271572113,22.7023010254,14.7254686356,19.4540672302,11.5708761215,6.66514444351,5.44612264633,2.97556018829,2.20758700371,1.88740253448,1.60620880127,1.13350200653,0.554979562759,0.309200227261,0.115462690592,0.0236223451793,0.00307413213886,0.000117275878438,0.0000273769310297],"dvar":[0.064153291285,7.67255687714,50.5733413696,76.6979904175,286.021636963,220.372817993,247.516159058,887.698425293,2488.85424805,1840.86462402,1588.38720703,3719.11987305,1351.31005859,2321.50830078,835.087097168,897.581298828,489.156738281,328.943145752,1609.61877441,415.475341797,1144.79528809,1927.29748535,1213.84020996,676.75793457,689.546508789,345.800750732,335.569488525,201.540512085,27.7254810333,11.8058300018,18.6619319916,19.3674736023,6.40782880783,2.81044411659,1.04499554634,0.112761728466,0.0028457310982,0.0000340174665325,5.50524887899e-8,4.7463399877e-10],"dvar2":[0.169625386596,21.1503105164,142.804763794,205.708007813,761.231506348,559.291137695,578.639404297,2233.65429688,6075.16308594,4592.73828125,3983.11010742,9029.37304688,3168.81811523,5972.53759766,1994.17749023,2220.99365234,1124.62927246,803.604125977,3818.80981445,899.970153809,2639.67358398,4709.84033203,2888.58300781,1459.02868652,1554.62780762,765.46697998,741.776916504,437.907806396,57.8054733276,22.5721263885,37.1673927307,45.2145996094,15.0257978439,6.46307039261,2.15865278244,0.234635815024,0.00620661862195,0.0000831372963148,1.40696656104e-7,1.13801601476e-9],"max":[1.91225719452,18.7196960449,63.8512153625,132.412399292,297.157165527,238.578033447,470.042999268,593.239440918,1027.85888672,942.208557129,1283.42370605,1383.44287109,957.195739746,1744.22766113,641.211120605,867.063842773,755.309509277,494.894622803,933.845031738,732.115844727,809.654418945,803.424804688,765.84197998,1182.45678711,665.154602051,398.592956543,819.242004395,645.825500488,216.027740479,164.19631958,213.24861145,213.52923584,93.8410339355,84.8250732422,49.3530807495,19.9057502747,2.69124913216,0.196528956294,0.00514151388779,0.000323853193549],"mean":[0.131739154458,1.24712586403,4.15156888962,10.9966917038,19.0620651245,16.3219966888,9.68472003937,15.9147386551,27.3898124695,22.45744133,19.7210483551,24.0623435974,17.0475025177,23.0145702362,13.3464984894,12.5155715942,9.47782993317,10.7703437805,23.32670784,14.8420524597,24.123960495,30.5392227173,22.4430541992,14.4375762939,19.542514801,11.1786031723,6.20702219009,4.33780765533,2.84288764,2.2813179493,1.88367247581,1.5610243082,0.997109651566,0.54488581419,0.300781935453,0.0919450595975,0.0164167489856,0.00191772158723,0.0000775708685978,0.0000363506842405],"median":[0.057599209249,0.602093458176,2.38490629196,8.09222602844,13.2349252701,10.1692829132,4.08088684082,5.76338243484,7.26235485077,5.86523532867,4.82810306549,4.46927928925,4.4973487854,4.92573738098,2.30314826965,1.7794611454,1.65698671341,2.62726402283,5.10239028931,3.88031744957,6.57726764679,8.88330841064,6.77396345139,5.68900537491,8.26702880859,3.99945664406,2.00213766098,1.54088926315,1.0587003231,0.953438639641,0.650136470795,0.449447363615,0.29034858942,0.145048439503,0.0741784721613,0.0189235955477,0.00291227246635,0.000342462823028,0.0000247402240348,0.0000299078510579],"min":[6.05408916196e-22,2.79846045855e-21,2.17207854554e-20,5.32568185112e-20,8.65006418742e-20,3.34585801295e-20,1.36671782664e-19,4.45694219825e-19,5.99183527845e-19,7.27815076181e-19,1.63057657717e-18,7.95034150901e-19,8.50727497761e-19,8.18811974597e-19,2.72044028396e-18,2.72098436201e-18,3.37510431475e-18,2.9267019056e-18,3.0358967775e-18,6.33867552142e-18,5.25719890905e-18,1.05123596451e-17,1.06361679033e-17,1.1729393789e-17,1.37343149849e-17,9.32006647322e-18,1.23516370961e-17,1.90604664291e-17,1.95277754987e-17,1.71432371315e-17,1.44941432433e-17,1.44896516526e-17,1.43205345763e-17,1.05254051105e-17,8.53848419193e-18,6.69859255929e-18,3.15127192934e-18,1.28907123557e-18,3.14415719379e-19,3.28767070362e-20],"var":[0.0542374886572,5.39013576508,38.4657974243,136.066696167,438.274871826,410.389862061,423.513397217,993.577087402,3851.79467773,2594.23486328,3312.15332031,5236.52392578,2566.92260742,6325.60351563,1506.51660156,1531.35974121,1096.96936035,681.435119629,2614.13305664,998.711853027,1912.80847168,3379.44702148,2004.60791016,967.391235352,1210.09313965,578.483520508,519.562866211,245.23260498,40.4104881287,21.896232605,31.2961883545,27.6497592926,9.93886184692,4.72889852524,1.97733592987,0.235135644674,0.00557783711702,0.0000474852568004,5.56707178134e-8,8.01495980696e-10]},"erbbands_crest":{"dmean":2.8413336277,"dmean2":4.61024188995,"dvar":6.81915712357,"dvar2":16.3540763855,"max":33.0020942688,"mean":9.11768054962,"median":8.11516952515,"min":2.35840296745,"var":17.4585590363},"erbbands_flatness_db":{"dmean":0.0196498855948,"dmean2":0.0291094724089,"dvar":0.000316796533298,"dvar2":0.000686044921167,"max":0.338809996843,"mean":0.154121607542,"median":0.150202736259,"min":0.0498011335731,"var":0.00159950798843},"erbbands_kurtosis":{"dmean":1.21342110634,"dmean2":1.91288614273,"dvar":3.47185015678,"dvar2":7.99977874756,"max":35.0016555786,"mean":0.327878773212,"median":-0.540426850319,"min":-1.82182765007,"var":7.05323600769},"erbbands_skewness":{"dmean":0.500425875187,"dmean2":0.752450704575,"dvar":0.22119307518,"dvar2":0.475493639708,"max":5.31811237335,"mean":0.3897767663,"median":0.356838226318,"min":-4.43997764587,"var":0.971320033073},"erbbands_spread":{"dmean":11.4818916321,"dmean2":17.8014755249,"dvar":129.281784058,"dvar2":284.923919678,"max":179.29057312,"mean":50.7575111389,"median":48.3019561768,"min":2.55034446716,"var":495.337280273},"gfcc":{"cov":[[9123.97851563,140.742492676,-733.929138184,58.3854904175,-306.70098877,164.6978302,-197.539993286,241.88633728,52.4351501465,125.159362793,69.3636627197,61.3874778748,22.7079639435],[140.742492676,899.120910645,-138.37449646,-63.4592895508,229.262619019,-201.079910278,115.340385437,-41.8404655457,84.3287277222,-102.196182251,18.5458965302,-104.973556519,86.2505569458],[-733.929138184,-138.37449646,998.119262695,271.966247559,-76.2509841919,135.796875,-7.2438044548,4.53972816467,-34.3171539307,35.3331451416,-13.6693572998,16.539730072,-47.0701675415],[58.3854904175,-63.4592895508,271.966247559,420.900756836,87.2860870361,6.71330976486,9.84257793427,20.1053962708,21.7298431396,5.31030225754,1.63946855068,-21.682062149,15.5668926239],[-306.70098877,229.262619019,-76.2509841919,87.2860870361,367.737487793,-27.0913219452,34.4781265259,23.3560676575,61.1262512207,-33.4993057251,-4.83357810974,-31.7260990143,47.4744338989],[164.6978302,-201.079910278,135.796875,6.71330976486,-27.0913219452,261.382202148,21.6067199707,40.150604248,-18.9459285736,26.3369960785,34.6522254944,50.5605010986,-22.3786621094],[-197.539993286,115.340385437,-7.2438044548,9.84257793427,34.4781265259,21.6067199707,185.706787109,25.830450058,-17.2593135834,-16.5893192291,17.327539444,-5.50061178207,12.2316007614],[241.88633728,-41.8404655457,4.53972816467,20.1053962708,23.3560676575,40.150604248,25.830450058,136.559082031,43.1976203918,18.7813472748,14.4482622147,1.05924582481,3.13883399963],[52.4351501465,84.3287277222,-34.3171539307,21.7298431396,61.1262512207,-18.9459285736,-17.2593135834,43.1976203918,121.213829041,21.9526138306,1.47246801853,-17.0256977081,7.04470252991],[125.159362793,-102.196182251,35.3331451416,5.31030225754,-33.4993057251,26.3369960785,-16.5893192291,18.7813472748,21.9526138306,111.263328552,39.0206069946,4.01682662964,-24.098695755],[69.3636627197,18.5458965302,-13.6693572998,1.63946855068,-4.83357810974,34.6522254944,17.327539444,14.4482622147,1.47246801853,39.0206069946,113.016265869,31.5932617188,-3.92355012894],[61.3874778748,-104.973556519,16.539730072,-21.682062149,-31.7260990143,50.5605010986,-5.50061178207,1.05924582481,-17.0256977081,4.01682662964,31.5932617188,105.261512756,13.287935257],[22.7079639435,86.2505569458,-47.0701675415,15.5668926239,47.4744338989,-22.3786621094,12.2316007614,3.13883399963,7.04470252991,-24.098695755,-3.92355012894,13.287935257,83.2855606079]],"icov":[[0.000212665952859,-0.000563518668059,0.00039367377758,-0.000496439053677,0.000461800402263,-0.000505862059072,0.000595316349063,-0.000675190705806,0.000530891877133,-0.000617125479039,0.000546863593627,-0.000518175249454,0.000264698144747],[-0.000563518668059,0.00486954208463,-0.00174429360777,0.00281659443863,-0.00236733141355,0.00315189221874,-0.00346514466219,0.00347097497433,-0.00414137821645,0.00455196527764,-0.0045725479722,0.00451524415985,-0.00309548922814],[0.00039367377758,-0.00174429360777,0.0023377132602,-0.00228840834461,0.00142820167821,-0.00196014042012,0.00150200841017,-0.00147843209561,0.0018203224754,-0.00204033125192,0.0022324223537,-0.00184180657379,0.00159699714277],[-0.000496439053677,0.00281659443863,-0.00228840834461,0.00513553991914,-0.00237140036188,0.00225714640692,-0.00220031314529,0.00205333856866,-0.00264237052761,0.002656677505,-0.00312190735713,0.00330673973076,-0.0025131648872],[0.000461800402263,-0.00236733141355,0.00142820167821,-0.00237140036188,0.0050397105515,-0.00195940095,0.00141149573028,-0.00192684028298,0.000341094506439,-0.00122600933537,0.0019278456457,-0.00126017641742,-0.0000495148160553],[-0.000505862059072,0.00315189221874,-0.00196014042012,0.00225714640692,-0.00195940095,0.00732027925551,-0.00286387698725,0.000932224444114,-0.00182473508175,0.00252515939064,-0.00354642304592,0.000691445486154,-0.000578944804147],[0.000595316349063,-0.00346514466219,0.00150200841017,-0.00220031314529,0.00141149573028,-0.00286387698725,0.00891454238445,-0.0042944746092,0.00463339639828,-0.00228147115558,0.00189328135457,-0.00208216300234,0.00133419921622],[-0.000675190705806,0.00347097497433,-0.00147843209561,0.00205333856866,-0.00192684028298,0.000932224444114,-0.0042944746092,0.0123270498589,-0.00662829261273,0.00267733307555,-0.00350235262886,0.00332282809541,-0.00247465143912],[0.000530891877133,-0.00414137821645,0.0018203224754,-0.00264237052761,0.000341094506439,-0.00182473508175,0.00463339639828,-0.00662829261273,0.0150451445952,-0.00639784894884,0.00419846409932,-0.0028264420107,0.00207625469193],[-0.000617125479039,0.00455196527764,-0.00204033125192,0.002656677505,-0.00122600933537,0.00252515939064,-0.00228147115558,0.00267733307555,-0.00639784894884,0.016605079174,-0.00853135809302,0.00498572830111,-0.000435444730101],[0.000546863593627,-0.0045725479722,0.0022324223537,-0.00312190735713,0.0019278456457,-0.00354642304592,0.00189328135457,-0.00350235262886,0.00419846409932,-0.00853135809302,0.0160669852048,-0.00770043302327,0.00339535856619],[-0.000518175249454,0.00451524415985,-0.00184180657379,0.00330673973076,-0.00126017641742,0.000691445486154,-0.00208216300234,0.00332282809541,-0.0028264420107,0.00498572830111,-0.00770043302327,0.0169042851776,-0.00648710690439],[0.000264698144747,-0.00309548922814,0.00159699714277,-0.0025131648872,-0.0000495148160553,-0.000578944804147,0.00133419921622,-0.00247465143912,0.00207625469193,-0.000435444730101,0.00339535856619,-0.00648710690439,0.0171760227531]],"mean":[-24.9516391754,103.759475708,-102.460441589,54.0250930786,-55.6088752747,5.01000738144,-42.6227226257,13.374786377,-24.9215126038,-5.30296754837,-18.9116382599,-6.37713336945,-10.1448898315]},"hfc":{"dmean":7.14670705795,"dmean2":10.2974071503,"dvar":124.011810303,"dvar2":262.385742188,"max":295.881072998,"mean":16.0771217346,"median":11.0499267578,"min":1.21407402852e-16,"var":273.849395752},"melbands":{"dmean":[0.00129698170349,0.0017584800953,0.00126461300533,0.000836432678625,0.000239885077463,0.000279073952697,0.000308962335112,0.000201409158763,0.000120084143418,0.000109447435534,0.000059320107539,0.0000643548773951,0.0000328853056999,0.0000296481885016,0.0000195128595806,0.0000122156507132,0.0000144064242704,0.0000263276397163,0.0000193815267266,0.0000144936257129,0.0000217059623537,0.0000228728840739,0.0000196228720597,0.00000996946437226,0.00000785132760939,0.0000107146661321,0.00000777240893512,0.00000454766541225,0.00000272366969511,0.00000287486159323,0.00000193905339074,0.0000012559435163,9.08123126919e-7,8.27473627396e-7,7.72979660724e-7,6.93600043178e-7,6.58308522361e-7,5.82893505907e-7,3.70048496734e-7,3.21867702269e-7],"dmean2":[0.00223645544611,0.00312946364284,0.00214192131534,0.0013985990081,0.000388904911233,0.000449088372989,0.000502059119754,0.00033626894583,0.000197994158952,0.000173236738192,0.0000952535920078,0.000104832288343,0.0000520255525771,0.0000473282379971,0.0000312539013976,0.0000195214488485,0.000023082802727,0.0000422957455157,0.0000306053952954,0.0000226803567784,0.0000340318256349,0.0000367654502043,0.0000310074501613,0.0000156454443641,0.0000123704576254,0.0000168413898791,0.0000118818434203,0.00000715576697985,0.0000041842686187,0.0000043046798055,0.00000318428237733,0.00000192503284779,0.00000138929817695,0.00000124480845898,0.00000120327547393,0.00000103834554466,0.00000100582644791,9.18596072097e-7,5.60965588647e-7,4.82882569486e-7],"dvar":[0.00000695011613061,0.0000135177342599,0.00000263083825303,0.00000131336912546,2.52860331784e-7,4.10324958011e-7,5.4132351579e-7,2.14445165625e-7,1.28313061509e-7,1.33320725126e-7,3.50998767829e-8,4.12025009666e-8,9.90758142194e-9,9.30179844261e-9,4.20854018301e-9,1.52449863844e-9,1.5310032131e-9,3.52539841764e-9,1.89052240529e-9,1.12727827073e-9,2.16329243408e-9,2.78099210327e-9,2.75011413642e-9,4.73491745812e-10,6.00623883962e-10,5.80095582681e-10,3.05269531875e-10,1.42552386562e-10,1.06214148587e-10,1.8783252731e-10,5.91536056249e-11,1.53928519236e-11,3.80384786169e-12,4.04348993524e-12,7.1841590836e-12,7.86333931996e-12,8.1254647108e-12,4.47789982178e-12,2.13726692594e-12,2.27024627396e-12],"dvar2":[0.0000184504897334,0.0000378060576622,0.00000701703447703,0.00000340592146131,5.97885559728e-7,0.00000102056992546,0.00000131008607696,5.41969484402e-7,3.21692368743e-7,3.22030388133e-7,8.23837851271e-8,1.06399134836e-7,2.25329408465e-8,2.34126034115e-8,9.87354287219e-9,3.43940453895e-9,3.7520737628e-9,8.42690806024e-9,4.36492308964e-9,2.57870147458e-9,5.06413755375e-9,6.96534696587e-9,6.86629197943e-9,1.11584830265e-9,1.30207633564e-9,1.40427536266e-9,6.47179032587e-10,3.22829568633e-10,2.5341606591e-10,3.81360942825e-10,1.38255976112e-10,3.19163237505e-11,9.03168425465e-12,7.30735524174e-12,1.51794618541e-11,1.70513377723e-11,2.00897579822e-11,1.10803866082e-11,5.18661979684e-12,5.30449685912e-12],"max":[0.0179619677365,0.0293851550668,0.0329549908638,0.0171923786402,0.0138368718326,0.011727951467,0.0141686536372,0.0101086106151,0.0120678190142,0.00845123361796,0.0047266157344,0.00763269281015,0.00242111994885,0.00283899647184,0.00181417376734,0.00118895433843,0.00101058383007,0.00137112557422,0.000780131435022,0.000639874546323,0.00106968916953,0.000998601084575,0.00141746236477,0.000389121501939,0.00119254225865,0.000635408214293,0.000470571249025,0.000267961353529,0.000391217268771,0.000647285778541,0.000297349557513,0.00018694375467,0.0000634535826975,0.000111279478006,0.000135633992613,0.000154099456267,0.000118445175758,0.0000945997599047,0.0000685936174705,0.0000723003686289],"mean":[0.00132945098449,0.00200749607757,0.00218110368587,0.00137307739351,0.000382593047107,0.000354264775524,0.000412049936131,0.000241901128902,0.000166483208886,0.000140092830407,0.0000818758926471,0.0000957592128543,0.0000433388049714,0.0000383540209441,0.0000260127635556,0.0000162696687767,0.0000205324722629,0.0000349057081621,0.0000259092466877,0.0000206758213608,0.0000293304947263,0.0000320014587487,0.0000279048581433,0.0000142487187986,0.0000108091271613,0.0000156703117682,0.0000114632866826,0.00000635411925032,0.00000373376292373,0.00000348651497006,0.00000224207883548,0.0000017079880763,0.00000134211518343,0.00000122012158954,0.00000112083557724,9.86935901892e-7,9.29987436393e-7,7.53646816065e-7,5.02237355704e-7,4.51651203548e-7],"median":[0.000619250000454,0.00120362709276,0.00171269569546,0.000940796802752,0.000183289288543,0.000124889193103,0.000108845211798,0.0000583080291108,0.000037415920815,0.0000248976230068,0.0000189659476746,0.0000196864511963,0.00000726091047909,0.00000507344793732,0.00000351593257619,0.00000275393335869,0.00000416101102019,0.0000077531021816,0.00000537585310667,0.00000501087788507,0.00000757345696911,0.00000852161610965,0.00000708956758899,0.00000418970421379,0.00000372137128579,0.00000654449559079,0.00000381730478693,0.00000210475309359,0.00000118366256174,0.00000101264208752,7.80740379014e-7,5.5353928019e-7,5.99085979047e-7,4.85105829284e-7,3.96292875848e-7,2.63074525719e-7,2.64783210469e-7,2.13474464772e-7,1.43205326708e-7,1.11620991561e-7],"min":[4.31625323178e-24,8.88414441485e-24,1.08009935841e-23,4.33361961018e-24,4.03901240537e-24,9.9440721266e-24,1.00419634541e-23,1.02366645807e-23,1.20707693407e-23,4.41654861284e-24,3.84408684784e-24,2.91840610444e-24,7.47416835388e-24,7.79583585431e-24,6.75734149336e-24,7.02299750294e-24,5.16221070603e-24,4.12275275148e-24,6.70064211579e-24,6.63234806065e-24,6.59714238174e-24,9.39663421281e-24,1.09994386446e-23,1.11820709882e-23,9.11601035642e-24,9.9331274704e-24,7.09788170209e-24,5.21590018481e-24,6.45129264998e-24,1.04750181143e-23,1.09229041484e-23,8.51903986639e-24,1.12120264034e-23,8.47028274042e-24,8.10089704383e-24,8.17626165927e-24,9.19821755135e-24,1.02265584836e-23,9.89142749409e-24,8.10184367692e-24],"var":[0.00000559794125365,0.00000978102343652,0.00000477344565297,0.00000225676808441,4.87159866225e-7,4.82749385355e-7,8.70941448738e-7,3.08391946646e-7,2.7595302754e-7,1.83024354783e-7,6.79325253827e-8,1.13537112156e-7,1.8112174871e-8,1.43618832382e-8,8.0370838873e-9,3.22597393243e-9,3.019990924e-9,5.7437965495e-9,3.20320614478e-9,2.03737537952e-9,3.27317861704e-9,4.28719371115e-9,4.30596580614e-9,7.86029408228e-10,7.87022225168e-10,8.13212663875e-10,5.81050874082e-10,2.24133059334e-10,1.61064842019e-10,2.65481026052e-10,6.0021355941e-11,2.09891097558e-11,5.70041973694e-12,7.73592214592e-12,1.1291127755e-11,1.21592987415e-11,1.04645493659e-11,6.08792313436e-12,3.22853159138e-12,3.71764164592e-12]},"melbands_crest":{"dmean":3.76711273193,"dmean2":6.24216413498,"dvar":10.1983728409,"dvar2":26.2268695831,"max":34.5528869629,"mean":15.1408987045,"median":14.5318183899,"min":2.05475139618,"var":24.9977931976},"melbands_flatness_db":{"dmean":0.0353486090899,"dmean2":0.053891915828,"dvar":0.00109686132055,"dvar2":0.00245267478749,"max":0.557949006557,"mean":0.238647758961,"median":0.230402141809,"min":0.00467752851546,"var":0.00508368760347},"melbands_kurtosis":{"dmean":18.4660682678,"dmean2":29.3580932617,"dvar":896.534851074,"dvar2":2318.60424805,"max":508.773010254,"mean":34.2370529175,"median":18.9874343872,"min":-1.72435319424,"var":1923.39929199},"melbands_skewness":{"dmean":1.17942452431,"dmean2":1.84336316586,"dvar":1.48410880566,"dvar2":3.57974982262,"max":17.8214244843,"mean":4.07337427139,"median":3.69566559792,"min":-1.16794395447,"var":5.48368263245},"melbands_spread":{"dmean":6.63429021835,"dmean2":10.3171405792,"dvar":76.0141601563,"dvar2":170.025466919,"max":212.124008179,"mean":16.464389801,"median":12.2780513763,"min":0.475631117821,"var":249.818664551},"mfcc":{"cov":[[7188.47314453,61.2701339722,-639.718017578,-202.777252197,-70.7891464233,-137.154342651,-116.361427307,36.8032569885,-0.836026847363,59.7765884399,-25.8901138306,49.5669288635,129.950210571],[61.2701339722,909.526611328,-242.165908813,80.2156524658,47.1351089478,-65.8957595825,15.9783611298,7.7292881012,70.7787857056,10.2740821838,-26.3486633301,-28.8930358887,-3.96750497818],[-639.718017578,-242.165908813,972.884033203,99.1315689087,10.8634052277,116.519813538,43.3987121582,8.27132320404,-34.3518867493,-27.519033432,54.0282974243,41.2997131348,-2.07576751709],[-202.777252197,80.2156524658,99.1315689087,443.107452393,121.578544617,8.02588653564,15.3722467422,-2.90487313271,67.268951416,34.1555137634,-3.31360960007,-24.3362159729,-27.9151821136],[-70.7891464233,47.1351089478,10.8634052277,121.578544617,294.968811035,40.6811904907,-21.4487438202,32.3613433838,33.4106292725,65.4624862671,-1.91560125351,-26.3535346985,3.49085021019],[-137.154342651,-65.8957595825,116.519813538,8.02588653564,40.6811904907,159.041381836,57.4717903137,25.5342998505,-7.8953704834,-10.2537260056,16.7965488434,6.14376831055,1.06806015968],[-116.361427307,15.9783611298,43.3987121582,15.3722467422,-21.4487438202,57.4717903137,179.631591797,52.3866653442,-1.43415725231,-0.109354324639,18.7167053223,11.7050943375,15.1928825378],[36.8032569885,7.7292881012,8.27132320404,-2.90487313271,32.3613433838,25.5342998505,52.3866653442,136.259933472,33.4972953796,-6.12208795547,6.81976890564,3.84878253937,6.66302776337],[-0.836026847363,70.7787857056,-34.3518867493,67.268951416,33.4106292725,-7.8953704834,-1.43415725231,33.4972953796,124.425666809,34.0059814453,-9.46444416046,-12.2314882278,-16.5333271027],[59.7765884399,10.2740821838,-27.519033432,34.1555137634,65.4624862671,-10.2537260056,-0.109354324639,-6.12208795547,34.0059814453,128.042419434,39.9339675903,-10.4268407822,1.8679484129],[-25.8901138306,-26.3486633301,54.0282974243,-3.31360960007,-1.91560125351,16.7965488434,18.7167053223,6.81976890564,-9.46444416046,39.9339675903,100.640022278,42.1396064758,9.22564697266],[49.5669288635,-28.8930358887,41.2997131348,-24.3362159729,-26.3535346985,6.14376831055,11.7050943375,3.84878253937,-12.2314882278,-10.4268407822,42.1396064758,83.1639862061,29.5455131531],[129.950210571,-3.96750497818,-2.07576751709,-27.9151821136,3.49085021019,1.06806015968,15.1928825378,6.66302776337,-16.5333271027,1.8679484129,9.22564697266,29.5455131531,75.9185714722]],"icov":[[0.000158167225891,0.00000571873079025,0.0000929156158236,0.0000088036613306,0.0000758653841331,0.00000809899484011,0.000139593277709,-0.000128939864226,0.0000413010566263,-0.000149686311488,0.000105257851828,-0.000105443948996,-0.000243958143983],[0.00000571873079025,0.00129720568657,0.000283786765067,-0.000137376744533,-0.000291055388516,0.000543046160601,-0.000435316353105,0.000236663938267,-0.000676647294313,0.000466791883809,-0.000209802528843,0.000308407761622,-0.000166035009897],[0.0000929156158236,0.000283786765067,0.00133837130852,-0.000399836688302,0.0000774701184127,-0.000707616738509,0.0000720531461411,-0.0000518257256772,0.000222289134399,0.000286602880806,-0.000464904820547,-0.0003576684976,-0.0000210688358493],[0.0000088036613306,-0.000137376744533,-0.000399836688302,0.00304343248717,-0.00135789928026,0.000539602478966,-0.000846737937536,0.00100659334566,-0.00155282497872,0.000398241652874,-0.00025061800261,0.000308526359731,0.000784255214967],[0.0000758653841331,-0.000291055388516,0.0000774701184127,-0.00135789928026,0.00537464069203,-0.00214037648402,0.00203303922899,-0.00205187080428,0.000783863069955,-0.00319200311787,0.00128435855731,0.000585962552577,-0.00122091325466],[0.00000809899484011,0.000543046160601,-0.000707616738509,0.000539602478966,-0.00214037648402,0.00886710267514,-0.00300025497563,0.000225262294407,-0.000308524409775,0.00208617909811,-0.00159134576097,0.000582439650316,0.000596085505094],[0.000139593277709,-0.000435316353105,0.0000720531461411,-0.000846737937536,0.00203303922899,-0.00300025497563,0.00807645451277,-0.00333761773072,0.0011751401471,-0.00152223079931,0.0000179057133209,-0.0000855167454574,-0.00162120116875],[-0.000128939864226,0.000236663938267,-0.0000518257256772,0.00100659334566,-0.00205187080428,0.000225262294407,-0.00333761773072,0.0103094866499,-0.00390861509368,0.00301930168644,-0.00190037407447,0.000761833158322,-0.000534976832569],[0.0000413010566263,-0.000676647294313,0.000222289134399,-0.00155282497872,0.000783863069955,-0.000308524409775,0.0011751401471,-0.00390861509368,0.0117430323735,-0.00440510269254,0.00317066768184,-0.00182008673437,0.00239399657585],[-0.000149686311488,0.000466791883809,0.000286602880806,0.000398241652874,-0.00319200311787,0.00208617909811,-0.00152223079931,0.00301930168644,-0.00440510269254,0.0139221679419,-0.00827299430966,0.00501212850213,-0.00165518629365],[0.000105257851828,-0.000209802528843,-0.000464904820547,-0.00025061800261,0.00128435855731,-0.00159134576097,0.0000179057133209,-0.00190037407447,0.00317066768184,-0.00827299430966,0.0180975757539,-0.00996271148324,0.00240259245038],[-0.000105443948996,0.000308407761622,-0.0003576684976,0.000308526359731,0.000585962552577,0.000582439650316,-0.0000855167454574,0.000761833158322,-0.00182008673437,0.00501212850213,-0.00996271148324,0.0205034650862,-0.00707304757088],[-0.000243958143983,-0.000166035009897,-0.0000210688358493,0.000784255214967,-0.00122091325466,0.000596085505094,-0.00162120116875,-0.000534976832569,0.00239399657585,-0.00165518629365,0.00240259245038,-0.00707304757088,0.0173106137663]],"mean":[-666.917724609,122.513656616,14.0246257782,44.456577301,12.1381025314,-2.71930027008,-2.45057702065,5.62885856628,0.450285315514,2.75191807747,-4.97796344757,-5.04052448273,-2.98192834854]},"pitch_salience":{"dmean":0.0859301835299,"dmean2":0.142026588321,"dvar":0.00579958688468,"dvar2":0.0155694745481,"max":0.906219542027,"mean":0.556939721107,"median":0.567927479744,"min":0.0918095037341,"var":0.012349024415},"silence_rate_20dB":{"dmean":0,"dmean2":0,"dvar":0,"dvar2":0,"max":1,"mean":1,"median":1,"min":1,"var":0},"silence_rate_30dB":{"dmean":0.000985828693956,"dmean2":0.0019719004631,"dvar":0.000984839862213,"dvar2":0.00246091838926,"max":1,"mean":0.999260723591,"median":1,"min":0,"var":0.000738703471143},"silence_rate_60dB":{"dmean":0.0362292043865,"dmean2":0.0724673420191,"dvar":0.0349163226783,"dvar2":0.0768265128136,"max":1,"mean":0.0656727477908,"median":0,"min":0,"var":0.0613560155034},"spectral_centroid":{"dmean":297.708709717,"dmean2":458.829223633,"dvar":99049.34375,"dvar2":215368.3125,"max":10981.9023438,"mean":1114.46875,"median":1014.64685059,"min":184.170501709,"var":394101.71875},"spectral_complexity":{"dmean":4.38028335571,"dmean2":6.2028594017,"dvar":24.8567810059,"dvar2":45.6305885315,"max":56,"mean":14.6481027603,"median":13,"min":0,"var":89.7918624878},"spectral_contrast_coeffs":{"dmean":[0.0576728843153,0.0528399012983,0.0434187613428,0.0341685935855,0.0256607215852,0.0201285239309],"dmean2":[0.0952393636107,0.0861699059606,0.0704167485237,0.0542103536427,0.0401741825044,0.0324649140239],"dvar":[0.00228319875896,0.00185056391638,0.00126310321502,0.000817895459477,0.000516432221048,0.000441691052401],"dvar2":[0.00595019664615,0.00477880472317,0.00318851950578,0.00195554504171,0.00116640864871,0.0010080273496],"max":[-0.235706433654,-0.389516592026,-0.464849233627,-0.529709219933,-0.590088963509,-0.561640620232],"mean":[-0.609038174152,-0.733404815197,-0.776618540287,-0.787428319454,-0.780894637108,-0.775088608265],"median":[-0.608204483986,-0.742241382599,-0.781621217728,-0.794564962387,-0.783793568611,-0.778052926064],"min":[-0.968462049961,-0.953712284565,-0.972205638885,-0.966761231422,-0.960171461105,-0.958260774612],"var":[0.00688893534243,0.00653566326946,0.00454941578209,0.00394798163325,0.00264798128046,0.00159804627765]},"spectral_contrast_valleys":{"dmean":[0.441525816917,0.479068487883,0.520849823952,0.451316386461,0.40414956212,0.376968920231],"dmean2":[0.699574649334,0.735709488392,0.780032992363,0.646754384041,0.566770553589,0.507885456085],"dvar":[0.169903978705,0.204842850566,0.250670164824,0.192911162972,0.18926987052,0.18247911334],"dvar2":[0.364483982325,0.434740066528,0.532330930233,0.388943016529,0.387368679047,0.341375768185],"max":[-5.01303911209,-4.59358978271,-4.9017162323,-5.61543083191,-5.33732748032,-7.36121702194],"mean":[-7.04645729065,-6.90709590912,-7.78881120682,-8.23790359497,-7.69197320938,-10.3216056824],"median":[-6.78481912613,-6.81502532959,-7.74944972992,-8.19371795654,-7.58772182465,-10.2229633331],"min":[-27.0589294434,-27.6138763428,-27.2890357971,-27.183795929,-27.3007469177,-27.2828140259],"var":[1.33926582336,1.08637678623,1.1432352066,1.0209851265,0.997405648232,1.17121851444]},"spectral_decrease":{"dmean":3.60601815075e-9,"dmean2":5.84584469721e-9,"dvar":2.13274806292e-17,"dvar2":5.36878003157e-17,"max":2.12160154503e-21,"mean":-7.32395433189e-9,"median":-6.18823481346e-9,"min":-4.99529022591e-8,"var":3.04686916289e-17},"spectral_energy":{"dmean":0.0141245657578,"dmean2":0.0227843839675,"dvar":0.000321879721014,"dvar2":0.000804652285296,"max":0.2114597857,"mean":0.0291004832834,"median":0.0245764311403,"min":1.06903739923e-20,"var":0.00047409904073},"spectral_energyband_high":{"dmean":0.000312346266583,"dmean2":0.000455577683169,"dvar":6.64741833134e-7,"dvar2":0.00000133733806251,"max":0.0261998586357,"mean":0.000492819119245,"median":0.000206291559152,"min":7.68257403282e-21,"var":0.00000116883336432},"spectral_energyband_low":{"dmean":0.00837992876768,"dmean2":0.0143092274666,"dvar":0.000231683385209,"dvar2":0.00061446253676,"max":0.114701248705,"mean":0.0115261273459,"median":0.00806047394872,"min":6.64723733692e-23,"var":0.000204355164897},"spectral_energyband_middle_high":{"dmean":0.00185829563998,"dmean2":0.0027361260727,"dvar":0.00000964758419286,"dvar2":0.0000216975786316,"max":0.0556256733835,"mean":0.00388657185249,"median":0.00175590906292,"min":1.39349105793e-21,"var":0.0000278141396848},"spectral_energyband_middle_low":{"dmean":0.00740378070623,"dmean2":0.0119901532307,"dvar":0.0000839186759549,"dvar2":0.000208690922591,"max":0.12952978909,"mean":0.0156285576522,"median":0.0125475851819,"min":2.98936101108e-22,"var":0.000166817728314},"spectral_entropy":{"dmean":0.216845661402,"dmean2":0.324105679989,"dvar":0.0439996011555,"dvar2":0.0954864099622,"max":9.80191516876,"mean":7.39969968796,"median":7.44204759598,"min":4.87408447266,"var":0.184532642365},"spectral_flux":{"dmean":0.0359506048262,"dmean2":0.0536151602864,"dvar":0.00144926994108,"dvar2":0.00260552414693,"max":0.368396282196,"mean":0.095104329288,"median":0.0829224064946,"min":6.54362397601e-11,"var":0.00306837167591},"spectral_kurtosis":{"dmean":1.68303024769,"dmean2":2.83602333069,"dvar":6.22628974915,"dvar2":18.3007640839,"max":83.1185455322,"mean":4.26849460602,"median":3.54344582558,"min":-1.19951033592,"var":19.3259925842},"spectral_rms":{"dmean":0.00122195773292,"dmean2":0.00189270242117,"dvar":0.00000169639974956,"dvar2":0.00000401785700888,"max":0.0143632246181,"mean":0.00492975860834,"median":0.00489663239568,"min":3.22949436291e-12,"var":0.00000408822734244},"spectral_rolloff":{"dmean":459.860992432,"dmean2":784.473266602,"dvar":689743.3125,"dvar2":1540039.625,"max":19143.0175781,"mean":1013.39642334,"median":538.330078125,"min":64.599609375,"var":1821318.75},"spectral_skewness":{"dmean":0.24672691524,"dmean2":0.396434932947,"dvar":0.068883381784,"dvar2":0.177801564336,"max":7.16874313354,"mean":1.46535634995,"median":1.4139033556,"min":0.00458990456536,"var":0.258379667997},"spectral_spread":{"dmean":574987.25,"dmean2":840635.625,"dvar":524148768768,"dvar2":987742339072,"max":40775264,"mean":4657534,"median":4406547,"min":949753.6875,"var":2529985036290},"spectral_strongpeak":{"dmean":0.429816007614,"dmean2":0.726784050465,"dvar":0.50739890337,"dvar2":1.30381762981,"max":10.2981595993,"mean":0.696599602699,"median":0.421319007874,"min":0,"var":0.758150517941},"zerocrossingrate":{"dmean":0.0096585219726,"dmean2":0.0114437378943,"dvar":0.000134280344355,"dvar2":0.000162389682373,"max":0.50146484375,"mean":0.0480583421886,"median":0.04345703125,"min":0.00341796875,"var":0.0010525600519}},"metadata":{"audio_properties":{"analysis_sample_rate":44100,"bit_rate":187020,"codec":"mp3","downmix":"mix","equal_loudness":0,"length":188.421218872,"lossless":false,"md5_encoded":"4b689a911a21ce54fc10a1df0303f8ad","replay_gain":-5.75491333008,"sample_rate":44100},"tags":{"acoustid_fingerprint":["AQADtMoWRcmUg2X24DLhRsd14ZWHdGQYPCfuFJ9-PGgU6eiTKMWNHloeYT7O6EJ5uB_xHM9RPId-fDwe9bjZ4NTh49shUzn6QlGcKBYuYZJ5eD9asvgzPGhCtkFnHRePdw1yucGTow88D-FD42ODq8vw6JAnNDu041uKo1O0GOKYxegz5Jj4wMuS4Qly43qQPMeT5ijn46awH81l9DJiKrMMPTqamBbyJgpOYdfhhTNC7vgh5T3C3LgePFSGU8sSeKky4T_CG82hfUGYZwFPxMyxDnqEixLyBbV2uKmRa_BnaJp_PESj-aikkMNRMoOW5_jRhOgWLcYzNLvRVYqh_6h2hJmUBz9uHWn2BM8S_FHwzodYp_g3PEkedBV8hPss4xTqFE22Gs88ND-qH1GVJD8qEs2IK8K3yegPzcPNiJjCozKPLyvKZTgPDTfyB6GURPrQaM6hH7E_VEdTffgaRI9iCfqE8MdfnMe0hjp6D2n4QHt45MoSF8ePU-nwrDrxIj_E-bjiI-JZnEePdISjZBnEh0f35MFTonkGRWR2PHmQL7mEHmGeCFehm8R3XLFRUofziR3K4ztOo46Pfrh2VJKkFY0p6MoRyiwaJdtxMcuxu8fh57iDo9J9OPkj9MMTYWp02EH4GbWSbcePL0e5CN0gHj1-HJ0zByITXA78H12oow-JJot67FGO88EhnrgT44dqJUZzHjmamsWPnXOCSkeYDyqVncjj40fp40O34-kRu9Dy7OiP3cFTHw6kL-nBzHvg5kET9zg08pjy0MiFL7mU4QuarkZ_XMQ_5HXQ3oQ_dL7w8JiS5YL2Hb8-GMef4Nk-6NewF2eOsCNcGuWS4xzuoVGP8MePkkHDCN-hH805aOxStJGExmHwCc099D-O1Tu01KnwHK6OXjJ0dOKDptTxTJlwPugZNM-GH2cqXEeYkBeO5sRJBz-aI7wPVR2uXQajH5-PvIcnHecFas_xD6m8vKhz6ImC3E-w_kVN5WjSZLh0RcSP-pjiHPnCHr8UXBe0OJKEikqSgCGa437wbwkYHmL1o44o4eTxmmiuB_qHKU0kfGGIX2iuo3YKXZo0rPuCFk2c5cJFIs-OouGOZxZ-CT22JiRxHnl6mE_hGtol1CJSTuvQP_iE6ULD3HiRb9DC6ghf4YqUB1t1_MZr9Bl1NJqQC_rRL4HdQ_NSnEc7odE2LsH0C40DXcWLNA_eSkJMwVcsqBSPshF1hOGWHGeO_aj8oXmKh0dY-ImMo810nDn0RE7wHg2PyoWuE1d0NE90hJqT4mj0oGK0qLgd_PBIfEE-acP1QPxx2shFODbxZ8PRFP2OPJmImsrgKIe2MA_yD3VyNN2CxzK-I0yOlsoNXXGxq0bT7ZjU4xH6HFqyG1_Qo7lUPHtQcR_8LEdutD-68UYTRsdz_FHQH1OeBdeDK0E28ki2aIRNnM_APJeC87hQSodTXcFkKYmG_vCPOvgRSvRhEiWlTMh7PJNYoBlzPDvyJcwqJPNm_GhylDTxPThqonGyI_E0FfHx4XKJTyf-oTn6LA2uqBf6zkVTI380aNGRC3YYfFGiC81u_Lhy_MOUMUe14weTihER_viJntAy6fiPbJt59JqQj4G9C96xD2LIHV1-nMd7NA--ieiISzxaD8alPWjSC5_