{"lowlevel":{"average_loudness":0.440107494593,"barkbands":{"dmean":[0.000205664007808,0.00211594370194,0.0035998809617,0.000911717652343,0.00111391127575,0.000484959455207,0.000333572301315,0.000514031096827,0.000557954073884,0.00032393442234,0.000341211794876,0.000318654143484,0.000391028355807,0.000332734402036,0.000219132314669,0.000198234251002,0.000229599783779,0.000266103103058,0.000156756839715,0.000143244527862,0.000102230966149,0.0000871848533279,0.0000727989245206,0.0000444890247309,0.0000224829036597,0.0000111199860839,0.00000213554471884],"dmean2":[0.00032021701918,0.00327885663137,0.00630965130404,0.00152855436318,0.00180729734711,0.000767544901464,0.000541123736184,0.000798035354819,0.000837379368022,0.00049368198961,0.00051231100224,0.000500349036884,0.000607320223935,0.000533048005309,0.000349895097315,0.000324616179569,0.000372503156541,0.0004166556173,0.000248127267696,0.000233175873291,0.000162999785971,0.00013667542953,0.00011046678992,0.0000669487708365,0.0000326606168528,0.0000172387481143,0.0000033610040191],"dvar":[6.04951026162e-7,0.0000210095677176,0.00010367447976,0.00000357997691935,0.00000836814888316,0.0000020768561626,0.00000124797804801,0.00000222084781853,0.00000249950335274,8.26401901577e-7,9.96142716758e-7,7.70470421685e-7,9.15399709811e-7,7.59989291055e-7,2.50527051548e-7,1.75935326752e-7,2.02359800028e-7,3.63755930266e-7,9.32529786724e-8,1.15398535172e-7,4.56690081307e-8,4.28060396018e-8,3.16552082325e-8,1.26767218944e-8,3.55730622736e-9,1.41815370558e-9,5.67901455029e-11],"dvar2":[0.00000139690939704,0.0000485490745632,0.000298997416394,0.00000990585613181,0.0000201942639251,0.00000518798879057,0.00000306016795548,0.0000051256365623,0.000005531106126,0.00000175980574113,0.00000207179186873,0.00000176661706064,0.00000206132312996,0.00000185757858162,6.12165592884e-7,4.56449441799e-7,5.23005951436e-7,8.78241735336e-7,2.26755517474e-7,2.90780377554e-7,1.08348721994e-7,9.32694348421e-8,6.72651268019e-8,2.70917617229e-8,7.47943573742e-9,3.45126549561e-9,1.32938243746e-10],"max":[0.00836454983801,0.0693557560444,0.112974591553,0.0347940996289,0.0826202258468,0.0358505249023,0.0297361593693,0.0332505777478,0.0345869511366,0.0223028734326,0.0223630461842,0.0217974185944,0.0189568512142,0.0242210477591,0.0111896842718,0.00659245112911,0.00957220606506,0.016500197351,0.00565837463364,0.00545689091086,0.0063734408468,0.00626510195434,0.00419009570032,0.00320839742199,0.00231826072559,0.00114725064486,0.000198491994524],"mean":[0.000183001160622,0.00439336104318,0.00456473510712,0.00135184032843,0.00178818590939,0.000783131748904,0.000432055006968,0.000780488422606,0.000926489243284,0.000564444693737,0.00061988516245,0.000531233556103,0.000690466025844,0.000618304882664,0.000439449882833,0.000385674968129,0.000504335330334,0.00054247508524,0.000346169486875,0.000284282927169,0.000255794118857,0.00021196740272,0.000185818833415,0.000127804683871,0.0000663401806378,0.00002217729525,0.00000310907398671],"median":[0.00000323419226333,0.00206469162367,0.00183554866817,0.000605095177889,0.000738329894375,0.000283976667561,0.0000947659573285,0.000130931934109,0.000108900596388,0.0000697807554388,0.0000526184448972,0.0000763189891586,0.0000920201855479,0.000106474180939,0.000100681223557,0.0000936095384532,0.00016004126519,0.000127151215565,0.000146673497511,0.0000619881902821,0.000076985816122,0.000052615043387,0.0000336339144269,0.0000192190327652,0.00000829390410217,0.00000176074263436,1.41779509022e-7],"min":[4.86757746881e-24,5.59708550505e-23,5.15403787039e-23,9.47042347303e-23,3.9365506545e-23,5.53574241888e-23,6.94387806736e-23,2.82120546415e-23,1.17094801969e-22,4.97094704082e-23,9.26399119591e-23,1.42503620451e-22,1.14780953027e-22,9.80133926317e-23,7.02376317133e-23,1.48043910496e-22,1.70954551641e-22,1.3323646119e-22,2.98374255439e-22,3.48589556081e-22,3.25740307247e-22,4.80624853481e-22,6.90941633162e-22,9.00737385991e-22,1.17697077707e-21,1.73729900621e-21,2.37269427984e-21],"var":[5.71666305405e-7,0.000044598524255,0.0000835865212139,0.00000441213796876,0.0000117761901492,0.00000310720520247,0.00000183447161817,0.00000442876125817,0.00000564795300306,0.0000020793843305,0.00000315972783937,0.00000176443529654,0.00000236607252191,0.00000188371370768,8.35513958464e-7,3.9459618506e-7,6.1946320784e-7,0.00000112935344987,2.48770589906e-7,2.40969939114e-7,1.60080162459e-7,1.33525276169e-7,1.13885221253e-7,6.04803176429e-8,1.81287145296e-8,2.56810195332e-9,7.52488557576e-11]},"barkbands_crest":{"dmean":2.22725462914,"dmean2":3.6229186058,"dvar":4.74008750916,"dvar2":11.9458408356,"max":26.0839920044,"mean":9.90479469299,"median":9.08006858826,"min":2.29659128189,"var":17.7656745911},"barkbands_flatness_db":{"dmean":0.0197361353785,"dmean2":0.0295525733382,"dvar":0.000479096692288,"dvar2":0.000967575702816,"max":0.626692652702,"mean":0.159785956144,"median":0.13719470799,"min":0.0211251284927,"var":0.00767728546634},"barkbands_kurtosis":{"dmean":3.7383980751,"dmean2":5.72177648544,"dvar":80.305480957,"dvar2":169.163192749,"max":426.754119873,"mean":7.38405561447,"median":0.987983942032,"min":-1.95061326027,"var":361.492401123},"barkbands_skewness":{"dmean":0.564415514469,"dmean2":0.843483448029,"dvar":0.450060665607,"dvar2":0.954963624477,"max":14.4166135788,"mean":1.7737954855,"median":1.33335876465,"min":-4.38807487488,"var":2.74089050293},"barkbands_spread":{"dmean":5.11530208588,"dmean2":7.79061174393,"dvar":45.3273429871,"dvar2":91.9028701782,"max":137.053146362,"mean":24.9994850159,"median":23.7257404327,"min":0.137665867805,"var":300.822509766},"dissonance":{"dmean":0.0174560118467,"dmean2":0.0291271042079,"dvar":0.000433170818724,"dvar2":0.00111544830725,"max":0.500000119209,"mean":0.460308283567,"median":0.472975254059,"min":0.138425186276,"var":0.0015091485111},"dynamic_complexity":7.40839481354,"erbbands":{"dmean":[0.0505096800625,0.601112604141,3.77153611183,3.30704474449,3.6801276207,3.87275624275,2.86258935928,4.4612698555,4.45446538925,6.79630804062,11.9342517853,12.8414487839,10.8605852127,10.0608091354,11.7893571854,13.1492242813,16.9400215149,15.6905488968,11.8971366882,10.6241598129,11.3681430817,10.8776941299,13.5199337006,10.0731058121,7.83406496048,6.27260780334,4.90635442734,3.38656544685,3.16968774796,3.40343642235,1.66231966019,1.21847939491,0.613840162754,0.313007235527,0.136786028743,0.0623710416257,0.0175403468311,0.00335582112893,0.000359962257789,0.0000214389565372],"dmean2":[0.0810760781169,0.963641941547,6.56515455246,5.5851855278,6.10125350952,6.32532739639,4.61807775497,7.04338884354,7.15962076187,10.6523590088,18.4381732941,18.9424209595,16.597990036,14.7078590393,17.473274231,20.5149364471,25.7678318024,24.680273056,18.4917240143,17.1437969208,18.804271698,17.3305683136,21.1852455139,15.7740135193,12.5181617737,10.1316871643,7.79047346115,5.42304420471,5.00538730621,5.1895160675,2.54034495354,1.84306252003,0.940572440624,0.471044361591,0.19702462852,0.0965346693993,0.0272157788277,0.00521138450131,0.000568280229345,0.0000330244693032],"dvar":[0.0263517145067,1.72184693813,107.734367371,59.6285438538,63.9115982056,142.867919922,72.0712738037,206.53477478,192.903884888,443.311981201,1166.83422852,1555.44055176,877.056152344,876.233642578,1102.36938477,1289.86254883,1717.07788086,1430.68371582,1158.74890137,475.16583252,613.33001709,470.823883057,976.91607666,481.672027588,293.908355713,224.747665405,103.728393555,55.8346405029,49.8424339294,71.984161377,18.0502243042,9.40751552582,2.66672968864,0.666000068188,0.148375838995,0.0429818145931,0.00378473382443,0.000126048864331,0.00000152984534907,5.2232849157e-9],"dvar2":[0.0672187507153,4.42314529419,310.147521973,161.634155273,165.944763184,354.156738281,181.918533325,499.323364258,470.528839111,1086.41223145,2636.07324219,3407.1862793,2010.04284668,1788.50134277,2308.52172852,3020.16040039,3864.50976562,3481.44824219,2782.09301758,1201.78466797,1609.17541504,1184.94067383,2342.36425781,1156.35754395,740.214904785,554.628234863,247.70451355,130.656738281,111.367668152,159.700042725,37.8429489136,20.5703277588,5.98672533035,1.45103168488,0.312581896782,0.105609595776,0.00925978831947,0.000289952789899,0.00000353496693606,1.25913501847e-8],"max":[1.87209749222,16.5344390869,127.905509949,107.556533813,184.196380615,308.772003174,243.165878296,405.780700684,322.013183594,457.894927979,878.149780273,1080.9263916,611.703308105,852.304382324,840.691650391,1099.77819824,1007.5802002,741.439453125,986.118347168,414.682250977,538.817321777,447.611877441,926.883056641,382.841491699,339.628814697,312.746795654,256.287780762,202.876327515,221.695236206,194.343154907,117.109718323,78.5178222656,51.1577339172,36.0751075745,17.9156208038,7.80177736282,2.04339838028,0.331096410751,0.0289702545851,0.00243307766505],"mean":[0.0676724612713,1.20102596283,5.29110479355,4.92230987549,5.46514701843,5.89663648605,4.81032419205,6.84582614899,6.11232233047,9.59719848633,20.1897125244,21.9362449646,18.6248016357,20.5138301849,23.3531246185,24.6515541077,32.1587486267,31.1945781708,26.4693984985,22.4060554504,24.085193634,26.7784366608,30.7010288239,21.5400600433,16.7630348206,13.0616264343,12.0625267029,8.28094291687,7.80258703232,7.7243270874,4.39812755585,3.31983494759,1.74816608429,0.908595144749,0.366319030523,0.135542452335,0.0332189835608,0.00548288365826,0.000543596979696,0.0000498637818964],"median":[0.0175799056888,0.592052280903,2.21956062317,2.26258945465,2.73246407509,1.83046746254,1.5135204792,2.25219416618,1.92276120186,2.3489086628,3.64020252228,2.80027556419,3.12615323067,2.39924669266,2.95514440536,4.18098068237,5.07382440567,6.38783359528,5.10285520554,5.09906387329,7.21092510223,8.96590995789,7.99519729614,7.12894010544,6.8075056076,2.93842506409,3.45366001129,2.40608215332,2.00735831261,1.4643150568,0.834109008312,0.548150777817,0.253007024527,0.118541345,0.0429386496544,0.0124185439199,0.00243208021857,0.000306323956465,0.0000377101969207,0.0000205239011848],"min":[9.55738434378e-22,1.50750031567e-20,5.62620399936e-20,2.11709627028e-19,2.19082946987e-19,9.21695820307e-20,2.92306965214e-19,4.71304455373e-19,8.3958454773e-19,9.51584544176e-19,7.66737956507e-19,3.13971621618e-18,1.67784622686e-18,2.30128822204e-18,4.10229264653e-18,6.34654242263e-18,4.81014211596e-18,6.34255417131e-18,4.72896302423e-18,4.48080263661e-18,8.06297445372e-18,9.60752000789e-18,8.08094743407e-18,1.65536873109e-17,1.37346210418e-17,1.48884668587e-17,1.07019775656e-17,1.58066241038e-17,1.49241282693e-17,2.00808383824e-17,1.878937949e-17,1.58500064182e-17,1.63783184036e-17,1.25724901838e-17,9.3004110075e-18,6.14762575124e-18,3.61714584059e-18,1.13857875121e-18,3.18895290137e-19,3.88218964367e-20],"var":[0.0271573346108,3.20060563087,96.2285614014,65.2647247314,75.7686157227,201.001708984,107.942832947,302.332092285,271.897857666,665.494628906,2851.10913086,3459.90405273,1797.46789551,2975.78637695,3528.90942383,3064.00610352,4823.72070312,3869.14794922,3529.09765625,1462.21325684,1378.57116699,1720.91772461,3568.53564453,1224.97729492,614.422058105,503.591186523,368.497344971,176.188140869,164.044799805,210.98059082,67.4437332153,39.115272522,11.7684469223,3.3905570507,0.597130477428,0.0900488942862,0.00622689630836,0.000195264598005,0.00000211600627154,7.85988962804e-9]},"erbbands_crest":{"dmean":2.34123969078,"dmean2":3.74563598633,"dvar":5.57082653046,"dvar2":13.8373775482,"max":28.2229442596,"mean":9.22100830078,"median":8.17410087585,"min":2.5085208416,"var":19.0309734344},"erbbands_flatness_db":{"dmean":0.0149490153417,"dmean2":0.0219747237861,"dvar":0.000287634757115,"dvar2":0.000580037827604,"max":0.390132814646,"mean":0.168814450502,"median":0.156769812107,"min":0.0297836102545,"var":0.00330507941544},"erbbands_kurtosis":{"dmean":0.936072289944,"dmean2":1.44313704967,"dvar":4.22963905334,"dvar2":9.70132541656,"max":178.113418579,"mean":0.785792708397,"median":-0.0663638114929,"min":-1.84232330322,"var":23.6578578949},"erbbands_skewness":{"dmean":0.338876068592,"dmean2":0.499698668718,"dvar":0.140945896506,"dvar2":0.275990366936,"max":9.86006355286,"mean":0.10376675427,"median":-0.0296615064144,"min":-4.33695745468,"var":1.00074231625},"erbbands_spread":{"dmean":8.23868846893,"dmean2":12.5671005249,"dvar":103.829490662,"dvar2":237.981140137,"max":163.032455444,"mean":40.327671051,"median":36.9712371826,"min":1.2696262598,"var":388.313903809},"gfcc":{"cov":[[31380,-4746.50585938,-1421.67077637,1068.8104248,-554.852111816,1937.7520752,-553.999755859,2019.27368164,-276.67868042,376.340911865,-269.152923584,870.176696777,-181.970108032],[-4746.50585938,2264.55908203,-111.21471405,-354.490783691,217.52911377,-575.61114502,208.81048584,-501.519378662,122.933166504,-152.526565552,132.779174805,-261.331268311,60.11743927],[-1421.67077637,-111.21471405,943.136291504,140.296646118,133.450500488,117.236221313,63.8147163391,59.2282943726,32.3234062195,86.4245071411,26.9221553802,42.9683914185,31.2850379944],[1068.8104248,-354.490783691,140.296646118,514.211303711,42.0782737732,79.6245040894,-62.9590568542,80.6245727539,57.9346923828,18.5748882294,5.97148752213,27.5205497742,57.9737815857],[-554.852111816,217.52911377,133.450500488,42.0782737732,385.613037109,40.1016159058,96.7320404053,36.9164466858,58.4454574585,66.1727371216,9.48919963837,-20.3658866882,41.0608253479],[1937.7520752,-575.61114502,117.236221313,79.6245040894,40.1016159058,437.959442139,88.1471862793,202.435791016,-46.8626022339,77.3320159912,-17.8282775879,93.0185852051,-3.07030034065],[-553.999755859,208.81048584,63.8147163391,-62.9590568542,96.7320404053,88.1471862793,303.892211914,15.8476772308,-14.1457109451,8.02427768707,15.4912090302,3.80252027512,20.9565296173],[2019.27368164,-501.519378662,59.2282943726,80.6245727539,36.9164466858,202.435791016,15.8476772308,359.285705566,46.1320304871,65.7919082642,-3.99511814117,88.9365158081,-19.9343509674],[-276.67868042,122.933166504,32.3234062195,57.9346923828,58.4454574585,-46.8626022339,-14.1457109451,46.1320304871,144.776351929,24.1282043457,15.9758634567,-24.5485420227,2.377212286],[376.340911865,-152.526565552,86.4245071411,18.5748882294,66.1727371216,77.3320159912,8.02427768707,65.7919082642,24.1282043457,133.391723633,7.22202062607,10.2323684692,-1.61941146851],[-269.152923584,132.779174805,26.9221553802,5.97148752213,9.48919963837,-17.8282775879,15.4912090302,-3.99511814117,15.9758634567,7.22202062607,99.075378418,13.6540927887,-3.73706650734],[870.176696777,-261.331268311,42.9683914185,27.5205497742,-20.3658866882,93.0185852051,3.80252027512,88.9365158081,-24.5485420227,10.2323684692,13.6540927887,116.414573669,10.3470096588],[-181.970108032,60.11743927,31.2850379944,57.9737815857,41.0608253479,-3.07030034065,20.9565296173,-19.9343509674,2.377212286,-1.61941146851,-3.73706650734,10.3470096588,89.9183349609]],"icov":[[0.000126879051095,-0.000198477820959,0.000280516222119,-0.00033731808071,0.000178870497621,-0.000389020948205,0.000320069812005,-0.00059486029204,0.000412146706367,-0.000358777091606,0.000445069395937,-0.000589984934777,0.000276942359051],[-0.000198477820959,0.00234331353568,-0.000460000301246,0.00165569549426,-0.0012171457056,0.00175299425609,-0.00169245584402,0.00229887082241,-0.00223452434875,0.00218065036461,-0.00315246637911,0.00306941429153,-0.00174191431142],[0.000280516222119,-0.000460000301246,0.00185872998554,-0.00104367290623,0.000153713946929,-0.00101418525446,0.000534054765012,-0.00112681300379,0.000779436843004,-0.001385868527,0.000850761600304,-0.001756306272,0.000614222080912],[-0.00033731808071,0.00165569549426,-0.00104367290623,0.00410895096138,-0.00102478347253,0.000972846813966,-0.000606095592957,0.00204391381703,-0.00296186446212,0.00234605628066,-0.002874834463,0.0029551202897,-0.00331908720545],[0.000178870497621,-0.0012171457056,0.000153713946929,-0.00102478347253,0.00421911850572,-0.00114188657608,0.0000303688848362,-0.0016648931196,0.000318226258969,-0.00255577801727,0.00168798328377,-0.000828794145491,-0.000447747588623],[-0.000389020948205,0.00175299425609,-0.00101418525446,0.000972846813966,-0.00114188657608,0.00625614123419,-0.00287146493793,0.000804917013738,-0.0000351825729012,0.000312022893922,-0.00173211842775,0.00151513214223,-0.000890710623935],[0.000320069812005,-0.00169245584402,0.000534054765012,-0.000606095592957,0.0000303688848362,-0.00287146493793,0.00580506073311,-0.00233447412029,0.00219385698438,-0.00097042217385,0.00150866538752,-0.00200056261383,0.000219272696995],[-0.00059486029204,0.00229887082241,-0.00112681300379,0.00204391381703,-0.0016648931196,0.000804917013738,-0.00233447412029,0.00901545584202,-0.00569258164614,0.00192331476137,-0.00282548717223,0.000787977536675,-0.000359017139999],[0.000412146706367,-0.00223452434875,0.000779436843004,-0.00296186446212,0.000318226258969,-0.0000351825729012,0.00219385698438,-0.00569258164614,0.012740929611,-0.0036012751516,0.00184364512097,-0.000696437258739,0.00180169986561],[-0.000358777091606,0.00218065036461,-0.001385868527,0.00234605628066,-0.00255577801727,0.000312022893922,-0.00097042217385,0.00192331476137,-0.0036012751516,0.0123007763177,-0.00409024814144,0.00419181585312,-0.00171972531825],[0.000445069395937,-0.00315246637911,0.000850761600304,-0.002874834463,0.00168798328377,-0.00173211842775,0.00150866538752,-0.00282548717223,0.00184364512097,-0.00409024814144,0.0158708747476,-0.0077345254831,0.00418514059857],[-0.000589984934777,0.00306941429153,-0.001756306272,0.0029551202897,-0.000828794145491,0.00151513214223,-0.00200056261383,0.000787977536675,-0.000696437258739,0.00419181585312,-0.0077345254831,0.0188610646874,-0.00586709007621],[0.000276942359051,-0.00174191431142,0.000614222080912,-0.00331908720545,-0.000447747588623,-0.000890710623935,0.000219272696995,-0.000359017139999,0.00180169986561,-0.00171972531825,0.00418514059857,-0.00586709007621,0.0155863203108]],"mean":[-79.2138290405,101.62966156,-119.129600525,47.0614089966,-49.0264091492,12.0218687057,-32.3996238708,-0.82330518961,-21.2934875488,-5.49569416046,-16.9208221436,-9.03958702087,-15.6765871048]},"hfc":{"dmean":3.83483743668,"dmean2":5.37533092499,"dvar":47.9118804932,"dvar2":87.8269271851,"max":178.885848999,"mean":19.2935791016,"median":9.17458152771,"min":1.1820274634e-16,"var":496.798583984},"melbands":{"dmean":[0.000482378440211,0.00154788000509,0.00056444760412,0.000280613341602,0.000106512285129,0.0000974531212705,0.0000691664390615,0.0000821211360744,0.000100531666249,0.0000796973035904,0.0000552705751033,0.0000412528133893,0.0000442686396127,0.0000351020389644,0.0000401863690058,0.0000354288349627,0.0000320235958498,0.0000229088509514,0.0000153095043061,0.0000126514778458,0.0000159795417858,0.0000118655125334,0.0000148551507664,0.0000128068559206,0.00000853547226143,0.00000625383881925,0.00000617390742264,0.00000419442949351,0.00000343345959664,0.0000029363802696,0.00000209568611353,0.00000199418514057,0.00000193294386008,0.00000197739973373,0.00000104468938389,9.07358696622e-7,8.22350784802e-7,4.98049530506e-7,3.93997680703e-7,2.59344460574e-7],"dmean2":[0.000732293527108,0.00264089740813,0.000954142538831,0.000458337715827,0.000172009502421,0.000154113557073,0.000111660374387,0.000127407198306,0.000154083361849,0.000118146686873,0.0000844328897074,0.0000606910762144,0.0000656713236822,0.0000542195302842,0.0000612731964793,0.0000543538335478,0.000050566981372,0.0000357900607924,0.0000242753867497,0.0000206439690373,0.0000267519317276,0.0000191668732441,0.0000238084830926,0.0000201825951081,0.0000135846130433,0.0000100726856544,0.0000101460236692,0.00000682312384015,0.00000548649313714,0.00000478490210298,0.00000341571876561,0.00000320113690577,0.00000306283095597,0.00000304998025058,0.00000163837273703,0.0000014113850284,0.00000126670340705,7.83830955697e-7,6.1579874e-7,3.98122182332e-7],"dvar":[0.00000138509096814,0.0000166471290868,0.00000163220317972,5.98966096277e-7,8.11918070553e-8,9.11111115443e-8,4.63385347871e-8,6.01595999683e-8,7.724285922e-8,5.94024314182e-8,2.29403394059e-8,1.47175551746e-8,1.63655400343e-8,9.95749971366e-9,1.04514077393e-8,8.13181166848e-9,6.20504403415e-9,4.92863883039e-9,1.18153853368e-9,6.94553359271e-10,1.31812749604e-9,5.54338852599e-10,1.10182030166e-9,9.08606301309e-10,3.58350793483e-10,1.63531355124e-10,2.71863781487e-10,1.04229479214e-10,5.31027860573e-11,4.22886656248e-11,2.22062229716e-11,1.8130394755e-11,2.48962725435e-11,2.44730884863e-11,7.72219961587e-12,4.96617807641e-12,4.16418635685e-12,1.81353142139e-12,1.12217201677e-12,4.70407024965e-13],"dvar2":[0.00000323453332385,0.0000471733692393,0.00000443295493824,0.00000145233036619,2.04199793075e-7,2.23740158845e-7,1.12986604961e-7,1.45209028801e-7,1.74054818558e-7,1.31383416146e-7,5.24740890739e-8,2.97985742748e-8,3.34136842639e-8,2.2042119241e-8,2.37007711235e-8,1.83281052557e-8,1.50333594462e-8,1.189502008e-8,2.81389667123e-9,1.78546333274e-9,3.48454465282e-9,1.41381362173e-9,2.71723199496e-9,2.26232521605e-9,8.76037575814e-10,4.13845402392e-10,7.13878345326e-10,2.60272081665e-10,1.27541338601e-10,1.06128723865e-10,5.48963027813e-11,4.32553229346e-11,5.76195827162e-11,5.57255040723e-11,1.72971185985e-11,1.12980449649e-11,9.50063205191e-12,4.28048872389e-12,2.68885369699e-12,1.095221136e-12],"max":[0.0178736932576,0.0516437627375,0.0155423544347,0.0225261673331,0.00683965953067,0.008390462026,0.00520669901744,0.00556919258088,0.00616411538795,0.00629876693711,0.00305652269162,0.0036622362677,0.00340197701007,0.00295806140639,0.00210909056477,0.00218054116704,0.00159034668468,0.00227365153842,0.000879748084117,0.000539963773917,0.00087795878062,0.000461671064841,0.000914278032724,0.000701975950506,0.00032909589936,0.000256196159171,0.000367861764971,0.00019613133918,0.000161356772878,0.00015314979828,0.000119664575323,0.00011195748084,0.000162754571647,0.0000915747732506,0.000077702155977,0.0000607835863775,0.0000484210031573,0.0000401392862841,0.0000451671803603,0.0000257616120507],"mean":[0.000890120747499,0.00244398182258,0.000885125948116,0.000426684942795,0.00018396860105,0.000152233071276,0.0000942615515669,0.000115259717859,0.000173553475179,0.00013096096518,0.000089967965323,0.0000796528402134,0.0000841329383547,0.0000602453765168,0.0000714176567271,0.0000638408237137,0.0000582323591516,0.0000448962346127,0.000030632589187,0.0000253575399256,0.0000301789041259,0.0000261647801381,0.00003155732702,0.0000250281409535,0.0000165234650922,0.0000126008180814,0.0000110524797492,0.0000079731362348,0.00000778794310463,0.00000616394254394,0.0000044011535465,0.00000441175961896,0.0000042883630158,0.00000414352689404,0.00000242544319917,0.00000220983747568,0.00000202721389542,0.00000126118300159,9.93284288597e-7,6.83852590555e-7],"median":[0.000368380366126,0.00115621485747,0.000449263723567,0.00017547380412,0.0000580910273129,0.0000521881120221,0.0000271758854069,0.0000257329247688,0.0000257249521383,0.0000159406808962,0.0000132828372443,0.00000811415793578,0.00000825283768791,0.00000881295818544,0.000010682764696,0.00000963256024988,0.0000108118729258,0.00000683282542013,0.00000707504841557,0.00000574818750465,0.00000860617001308,0.00000869228279043,0.00000807359356259,0.00000551445828023,0.00000517527405464,0.00000523629478266,0.00000324574648403,0.00000139598091664,0.00000212697887036,0.00000164094944921,0.00000119238052321,0.00000111297140393,9.58565692599e-7,6.83289613335e-7,4.55260931176e-7,4.08739253999e-7,2.97417443562e-7,1.76573507815e-7,1.29621724909e-7,8.36237248336e-8],"min":[1.26358485509e-23,2.65672828096e-23,3.79769693568e-23,9.83975079391e-24,8.77106435953e-24,1.06484136856e-23,1.34675990347e-23,9.76731443015e-24,6.81698647754e-24,1.9969841844e-23,7.8554342957e-24,8.82929964928e-24,1.31266628178e-23,1.56709411855e-23,1.04230369138e-23,1.40775241985e-23,1.10406313833e-23,8.03791675574e-24,3.87878331704e-24,9.28530937301e-24,8.43689814691e-24,9.79016457513e-24,1.01155034342e-23,5.60362729187e-24,1.47680567474e-23,1.00457334203e-23,1.18556240949e-23,9.53705224281e-24,5.52867761727e-24,8.95298278402e-24,8.54994507008e-24,7.13857509188e-24,1.14820519135e-23,1.16769139677e-23,1.07448487758e-23,9.68144139859e-24,1.03119526766e-23,9.74570043021e-24,1.25660911588e-23,1.02180561408e-23],"var":[0.00000235165930462,0.0000171853262145,0.00000183550116617,7.58762155328e-7,1.38887259027e-7,1.34363872917e-7,6.67393962317e-8,8.85254891614e-8,2.02441938768e-7,1.2412654371e-7,4.63036222698e-8,4.91728116003e-8,5.4653256143e-8,2.38209505454e-8,2.46662956727e-8,2.0517473942e-8,1.5409254317e-8,1.23806040975e-8,3.66217323133e-9,1.87552640085e-9,2.46904652279e-9,1.69046321385e-9,3.5736562598e-9,2.48539078207e-9,7.84948051002e-10,3.4952826744e-10,4.15539797016e-10,2.1663333627e-10,1.68426772529e-10,1.09499583012e-10,5.46325137907e-11,5.24587179251e-11,6.40801092744e-11,6.5211849809e-11,2.32423923857e-11,1.70066304789e-11,1.53915370033e-11,6.44226685886e-12,4.16763889025e-12,2.02590179875e-12]},"melbands_crest":{"dmean":3.16741704941,"dmean2":5.11844301224,"dvar":9.48528385162,"dvar2":24.2180938721,"max":33.2378387451,"mean":16.2052612305,"median":15.9105758667,"min":3.33543515205,"var":29.9308834076},"melbands_flatness_db":{"dmean":0.0263489428908,"dmean2":0.0387367121875,"dvar":0.000846633862238,"dvar2":0.00169929105323,"max":0.772786080837,"mean":0.226207479835,"median":0.199337869883,"min":0.00615386245772,"var":0.0110801327974},"melbands_kurtosis":{"dmean":9.68503570557,"dmean2":15.0483665466,"dvar":396.519958496,"dvar2":972.177185059,"max":546.223388672,"mean":21.7582092285,"median":8.15795612335,"min":-1.90539491177,"var":1666.42956543},"melbands_skewness":{"dmean":0.826472222805,"dmean2":1.2449131012,"dvar":0.970747888088,"dvar2":2.18195986748,"max":20.9394435883,"mean":3.19006872177,"median":2.61395120621,"min":-1.89152550697,"var":5.09293174744},"melbands_spread":{"dmean":7.15824556351,"dmean2":10.8871126175,"dvar":102.653381348,"dvar2":231.416793823,"max":232.497619629,"mean":24.9543628693,"median":21.8385848999,"min":0.280337363482,"var":397.54309082},"mfcc":{"cov":[[23943.6367188,-2576.39233398,-1513.49035645,-153.713058472,37.9744796753,303.568725586,408.308776855,1294.98413086,529.14263916,432.446807861,257.552642822,276.964599609,234.438812256],[-2576.39233398,1475.50964355,-95.6775894165,32.4010810852,-23.024307251,-121.687149048,-58.3383255005,-138.593597412,-86.330909729,-72.3463363647,41.1146888733,-22.40467453,-26.2805347443],[-1513.49035645,-95.6775894165,766.430236816,121.01374054,55.8806037903,101.372817993,60.7439155579,-33.6777496338,9.92455291748,-3.69740200043,-32.6560516357,29.888715744,46.3179855347],[-153.713058472,32.4010810852,121.01374054,374.395294189,148.740371704,18.5130271912,-38.2727050781,-9.7614030838,45.3635673523,43.8707923889,-3.83553290367,5.85679721832,45.2111434937],[37.9744796753,-23.024307251,55.8806037903,148.740371704,309.69229126,60.3923149109,-4.1230764389,-8.35788154602,68.2603530884,76.7411727905,13.6416606903,29.2275733948,14.6552219391],[303.568725586,-121.687149048,101.372817993,18.5130271912,60.3923149109,227.733352661,124.903038025,27.587808609,58.3318481445,25.4344215393,-9.68948173523,50.7787094116,19.0235614777],[408.308776855,-58.3383255005,60.7439155579,-38.2727050781,-4.1230764389,124.903038025,259.610900879,101.093353271,71.2005081177,25.283323288,-3.83004832268,66.1117248535,33.8693847656],[1294.98413086,-138.593597412,-33.6777496338,-9.7614030838,-8.35788154602,27.587808609,101.093353271,249.488449097,69.3558349609,37.0136222839,56.6180725098,34.6746368408,34.2742538452],[529.14263916,-86.330909729,9.92455291748,45.3635673523,68.2603530884,58.3318481445,71.2005081177,69.3558349609,175.663345337,68.3581771851,3.15246200562,39.4809455872,17.8087081909],[432.446807861,-72.3463363647,-3.69740200043,43.8707923889,76.7411727905,25.4344215393,25.283323288,37.0136222839,68.3581771851,136.164215088,50.7491493225,22.9908123016,9.25470542908],[257.552642822,41.1146888733,-32.6560516357,-3.83553290367,13.6416606903,-9.68948173523,-3.83004832268,56.6180725098,3.15246200562,50.7491493225,135.83354187,34.6341400146,-4.14779806137],[276.964599609,-22.40467453,29.888715744,5.85679721832,29.2275733948,50.7787094116,66.1117248535,34.6746368408,39.4809455872,22.9908123016,34.6341400146,106.632843018,42.3995933533],[234.438812256,-26.2805347443,46.3179855347,45.2111434937,14.6552219391,19.0235614777,33.8693847656,34.2742538452,17.8087081909,9.25470542908,-4.14779806137,42.3995933533,100.022254944]],"icov":[[0.0000904127227841,0.000121847559058,0.000196888315259,-0.0000146744750964,0.0000221338996198,-0.0000988484098343,0.0000778879257268,-0.000359553057933,-0.00000954083679972,-0.000111854016723,0.0000471501261927,-0.000104342070699,-0.000093817790912],[0.000121847559058,0.000987831037492,0.000377744639991,-0.00022959105263,-0.0000400124190492,0.000334479496814,-0.000351550756022,0.000175926063093,-0.000023829010388,0.000477482535644,-0.000685256789438,0.0000049432810556,-0.000166636804352],[0.000196888315259,0.000377744639991,0.00196236348711,-0.000535834114999,0.0000386298597732,-0.000683357939124,-0.000193052735995,-0.000361524405889,0.000168647165992,0.000004302362413,0.0000982051860774,-0.000241709465627,-0.000639079138637],[-0.0000146744750964,-0.00022959105263,-0.000535834114999,0.00388915417716,-0.00151428824756,-0.000120486467495,0.00098358746618,-0.0000848114068503,-0.000622376275714,-0.000397913448978,0.000197511297301,0.000770894228481,-0.00176590983756],[0.0000221338996198,-0.0000400124190492,0.0000386298597732,-0.00151428824756,0.00489064119756,-0.00112732569687,0.000828392221592,0.000258696993114,-0.000717516173609,-0.00199268432334,0.000308690738166,-0.000989706371911,0.000477340479847],[-0.0000988484098343,0.000334479496814,-0.000683357939124,-0.000120486467495,-0.00112732569687,0.0072859977372,-0.00330309034325,0.00122953986283,-0.000585754052736,0.000469956488814,0.000113533220429,-0.0012041113805,0.000743013748433],[0.0000778879257268,-0.000351550756022,-0.000193052735995,0.00098358746618,0.000828392221592,-0.00330309034325,0.00773933343589,-0.00305949058384,-0.000700654054526,-0.00122705916874,0.00232939235866,-0.00291687226854,-0.000124220008729],[-0.000359553057933,0.000175926063093,-0.000361524405889,-0.0000848114068503,0.000258696993114,0.00122953986283,-0.00305949058384,0.00827428326011,-0.00214988389052,0.00155340344645,-0.00406181020662,0.00212541036308,-0.00180670700502],[-0.00000954083679972,-0.000023829010388,0.000168647165992,-0.000622376275714,-0.000717516173609,-0.000585754052736,-0.000700654054526,-0.00214988389052,0.00940163154155,-0.00402368139476,0.00290139648132,-0.00244256365113,0.00126389379147],[-0.000111854016723,0.000477482535644,0.000004302362413,-0.000397913448978,-0.00199268432334,0.000469956488814,-0.00122705916874,0.00155340344645,-0.00402368139476,0.0127580342814,-0.00556629011407,0.00186882424168,-0.000835786806419],[0.0000471501261927,-0.000685256789438,0.0000982051860774,0.000197511297301,0.000308690738166,0.000113533220429,0.00232939235866,-0.00406181020662,0.00290139648132,-0.00556629011407,0.0128456894308,-0.00585552910343,0.00312423659489],[-0.000104342070699,0.0000049432810556,-0.000241709465627,0.000770894228481,-0.000989706371911,-0.0012041113805,-0.00291687226854,0.00212541036308,-0.00244256365113,0.00186882424168,-0.00585552910343,0.0165705233812,-0.00636235019192],[-0.000093817790912,-0.000166636804352,-0.000639079138637,-0.00176590983756,0.000477340479847,0.000743013748433,-0.000124220008729,-0.00180670700502,0.00126389379147,-0.000835786806419,0.00312423659489,-0.00636235019192,0.0143968136981]],"mean":[-708.271972656,113.984375,1.78943538666,32.424282074,10.0450181961,11.7468767166,0.88898485899,4.50525617599,-2.45685911179,0.669836759567,1.02625489235,-0.302899360657,-6.24920368195]},"pitch_salience":{"dmean":0.0648680478334,"dmean2":0.10387276113,"dvar":0.00367505731992,"dvar2":0.0090846568346,"max":0.843143105507,"mean":0.488313347101,"median":0.498089939356,"min":0.0682809576392,"var":0.0141900572926},"silence_rate_20dB":{"dmean":0,"dmean2":0,"dvar":0,"dvar2":0,"max":1,"mean":1,"median":1,"min":1,"var":0},"silence_rate_30dB":{"dmean":0.00789240561426,"dmean2":0.0157860815525,"dvar":0.00782984029502,"dvar2":0.0210129208863,"max":1,"mean":0.99484616518,"median":1,"min":0,"var":0.00512728374451},"silence_rate_60dB":{"dmean":0.0249657724053,"dmean2":0.0499355681241,"dvar":0.0243344474584,"dvar2":0.0534089580178,"max":1,"mean":0.299243032932,"median":0,"min":0,"var":0.209729596972},"spectral_centroid":{"dmean":238.637741089,"dmean2":359.894073486,"dvar":85521.4375,"dvar2":172522.125,"max":11170.78125,"mean":1430.01147461,"median":1465.03808594,"min":90.0375671387,"var":607271.1875},"spectral_complexity":{"dmean":2.72819519043,"dmean2":4.07635307312,"dvar":11.5638389587,"dvar2":23.1079101562,"max":62,"mean":17.3954734802,"median":13.5,"min":0,"var":223.768844604},"spectral_contrast_coeffs":{"dmean":[0.0464508198202,0.0446160659194,0.0376686826348,0.0305634811521,0.0237769912928,0.0179977603257],"dmean2":[0.0768220052123,0.0713895708323,0.0591885708272,0.0487406216562,0.0368814915419,0.027668600902],"dvar":[0.00162349746097,0.00152950233314,0.00108315015677,0.000716406328138,0.000488729390781,0.000313592347084],"dvar2":[0.00434828270227,0.00367321376689,0.00256924168207,0.00170623476151,0.00104968738742,0.000697622657754],"max":[-0.339825898409,-0.442374676466,-0.515967547894,-0.487350702286,-0.55562287569,-0.588528752327],"mean":[-0.629414141178,-0.734045863152,-0.757585942745,-0.761760592461,-0.767310976982,-0.748518645763],"median":[-0.636813104153,-0.745855331421,-0.761380434036,-0.764982938766,-0.770546555519,-0.74398958683],"min":[-0.983364880085,-0.95382219553,-0.972214698792,-0.963306963444,-0.962678194046,-0.961269199848],"var":[0.00540180969983,0.00633549457416,0.00477503845468,0.00360120972618,0.00288831163198,0.00208664499223]},"spectral_contrast_valleys":{"dmean":[0.38693189621,0.357938855886,0.35066768527,0.306659042835,0.284334748983,0.286565512419],"dmean2":[0.62275493145,0.568350791931,0.534288883209,0.455345422029,0.400893330574,0.388524442911],"dvar":[0.12959061563,0.103779822588,0.116065174341,0.104701116681,0.128980174661,0.185115754604],"dvar2":[0.304534524679,0.230336874723,0.233480259776,0.191692963243,0.212673425674,0.288670301437],"max":[-5.32791996002,-5.01315259933,-5.19052219391,-5.60681056976,-5.34659481049,-7.61192941666],"mean":[-7.90731334686,-7.74848175049,-8.46640110016,-8.60461139679,-8.46838665009,-11.1321182251],"median":[-7.33036708832,-7.2876701355,-7.85995054245,-7.91889858246,-7.66417694092,-10.298956871],"min":[-27.8873672485,-27.3203048706,-26.9449634552,-27.2076435089,-27.2100715637,-27.2285728455],"var":[2.99290943146,2.37762260437,3.7409658432,4.03420162201,4.81097888947,5.17067670822]},"spectral_decrease":{"dmean":1.64692470772e-9,"dmean2":2.55773024982e-9,"dvar":1.24929360883e-17,"dvar2":3.0824323044e-17,"max":1.25751880437e-29,"mean":-5.26019761082e-9,"median":-3.31239702334e-9,"min":-4.77866564097e-8,"var":3.63212723954e-17},"spectral_energy":{"dmean":0.00638474337757,"dmean2":0.00984366238117,"dvar":0.000183200187166,"dvar2":0.000446560647106,"max":0.184094145894,"mean":0.0216030962765,"median":0.0135114882141,"min":1.06738764243e-20,"var":0.000594241020735},"spectral_energyband_high":{"dmean":0.000287588947685,"dmean2":0.000415195478126,"dvar":3.98408474211e-7,"dvar2":7.3794092259e-7,"max":0.0189655590802,"mean":0.0010101981461,"median":0.000264204281848,"min":7.68641105226e-21,"var":0.00000246201057053},"spectral_energyband_low":{"dmean":0.00534085184336,"dmean2":0.00856816675514,"dvar":0.000170807368704,"dvar2":0.000440909876488,"max":0.167741805315,"mean":0.00995226949453,"median":0.00489560514688,"min":1.63052336316e-22,"var":0.000242307360168},"spectral_energyband_middle_high":{"dmean":0.00134082871955,"dmean2":0.00195191800594,"dvar":0.0000054628962971,"dvar2":0.000011334127521,"max":0.0379631146789,"mean":0.00529408780858,"median":0.00185983045958,"min":1.50699817099e-21,"var":0.0000466490855615},"spectral_energyband_middle_low":{"dmean":0.00238066911697,"dmean2":0.00375641952269,"dvar":0.0000197054141609,"dvar2":0.0000478276015201,"max":0.0957203730941,"mean":0.00627755653113,"median":0.00391034781933,"min":4.18876961762e-22,"var":0.0000541803710803},"spectral_entropy":{"dmean":0.151761606336,"dmean2":0.222116693854,"dvar":0.0468883663416,"dvar2":0.088576875627,"max":9.80405807495,"mean":7.35756063461,"median":7.63992786407,"min":3.93968677521,"var":0.621731460094},"spectral_flux":{"dmean":0.0179159324616,"dmean2":0.0273726284504,"dvar":0.000647881184705,"dvar2":0.00130377814639,"max":0.325617641211,"mean":0.0662861689925,"median":0.0547765791416,"min":1.03314454214e-10,"var":0.00337002985179},"spectral_kurtosis":{"dmean":2.37490415573,"dmean2":3.94910383224,"dvar":20.1593151093,"dvar2":46.8199462891,"max":213.394454956,"mean":6.08277368546,"median":3.39047312737,"min":-1.19917714596,"var":109.640884399},"spectral_rms":{"dmean":0.00053350959206,"dmean2":0.000798173015937,"dvar":6.95093433478e-7,"dvar2":0.00000160772788149,"max":0.0134016433731,"mean":0.00377930910327,"median":0.00363069400191,"min":3.22700134843e-12,"var":0.00000679301547279},"spectral_rolloff":{"dmean":458.197601318,"dmean2":746.155944824,"dvar":593255.625,"dvar2":1269723.5,"max":19013.8183594,"mean":1526.58642578,"median":1291.9921875,"min":64.599609375,"var":2457350.75},"spectral_skewness":{"dmean":0.261828929186,"dmean2":0.415018379688,"dvar":0.136789292097,"dvar2":0.294612884521,"max":12.3171110153,"mean":1.56658899784,"median":1.33318114281,"min":-0.213632702827,"var":0.931572377682},"spectral_spread":{"dmean":420436.125,"dmean2":610410.25,"dvar":309338963968,"dvar2":550039977984,"max":40273944,"mean":4123657.75,"median":4020774.5,"min":560278.8125,"var":2252549914620},"spectral_strongpeak":{"dmean":0.335308670998,"dmean2":0.584431827068,"dvar":0.516110122204,"dvar2":1.36396932602,"max":11.0462760925,"mean":0.520728230476,"median":0.259958654642,"min":0,"var":0.645450651646},"zerocrossingrate":{"dmean":0.00860463455319,"dmean2":0.0102750640363,"dvar":0.000111367502541,"dvar2":0.000131095730467,"max":0.50439453125,"mean":0.057468675077,"median":0.05224609375,"min":0.00341796875,"var":0.00160781259183}},"metadata":{"audio_properties":{"analysis_sample_rate":44100,"bit_rate":0,"codec":"flac","downmix":"mix","equal_loudness":0,"length":288.306671143,"lossless":true,"md5_encoded":"399d7cbbf2d817c13a160799e938cd33","replay_gain":-15.9676961899,"sample_rate":44100},"tags":{"album":["Trans-Continental Hustle"],"albumartist":["Gogol Bordello"],"artist":["Gogol Bordello"],"content group":["Punk"],"date":["2010-04-27"],"discnumber":["1"],"file_name":"06 - When Universes Collide.flac","genre":["Punk"],"musicbrainz_albumid":["f9ca3e83-c109-457b-a950-0dd5a7a41cc0"],"musicbrainz_recordingid":["2540fd8b-eff9-42cc-a67d-3c5d39d7d8bf"],"rating":["4"],"title":["When Universes Collide"],"tracknumber":["6"]},"version":{"essentia":"2.1-beta1","essentia_build_sha":"ca57ba49d9b1854bd80e60cf9ccf267278fb7d6b","essentia_git_sha":"v2.1_beta1-28-g21ef5f4-dirty","extractor":"music 1.0"}},"rhythm":{"beats_count":591,"beats_loudness":{"dmean":0.0132546434179,"dmean2":0.0240213405341,"dvar":0.000206524244277,"dvar2":0.000629284768365,"max":0.144260242581,"mean":0.0341937914491,"median":0.0299749709666,"min":2.26029750472e-9,"var":0.00099514669273},"beats_loudness_band_ratio":{"dmean":[0.221969738603,0.143599942327,0.100200004876,0.0879574790597,0.0594213977456,0.0517206788063],"dmean2":[0.388521909714,0.260780096054,0.174234360456,0.150587528944,0.104428626597,0.0989328920841],"dvar":[0.0358750373125,0.0255378317088,0.0133646838367,0.00807465706021,0.00458333874121,0.00362774077803],"dvar2":[0.0971939191222,0.0768679380417,0.0384825542569,0.0211957897991,0.012860044837,0.0123874973506],"max":[0.99892693758,0.931890130043,0.634894669056,0.516709387302,0.474546253681,0.458408176899],"mean":[0.549779236317,0.175612002611,0.109771803021,0.102646552026,0.0805818662047,0.0557873137295],"median":[0.592035233974,0.0905548259616,0.0664347410202,0.0701757520437,0