{"lowlevel":{"average_loudness":0.901515126228,"barkbands":{"dmean":[0.0000472042265756,0.00303576118313,0.0030515359249,0.00260950531811,0.00204209052026,0.000912153045647,0.000891214003786,0.000515357649419,0.000623953528702,0.000223370749154,0.000206992845051,0.000214260653593,0.000297461432638,0.00027125683846,0.000170269253431,0.00014300159819,0.000199238304049,0.000209829900996,0.000190086575458,0.000143238765304,0.000148013758007,0.000168763377587,0.000148381310282,0.000182826464879,0.000198627065402,0.000110429595225,0.00000868712868396],"dmean2":[0.0000729610401322,0.00536444783211,0.00535719282925,0.00457905884832,0.00338732381351,0.00148991076276,0.0013761210721,0.000761066155974,0.00089095561998,0.000312607764499,0.00030046509346,0.000326391833369,0.00044073414756,0.000413916975958,0.000268279894954,0.00022868331871,0.000316286401358,0.000338274141541,0.000309277646011,0.000226828487939,0.000222754999413,0.000244358379859,0.000222013797611,0.000265494018095,0.000294944824418,0.000177851456101,0.0000145210915434],"dvar":[6.78250833275e-9,0.0000596200006839,0.0000473108048027,0.0000312668598781,0.0000189024904103,0.00000305221851704,0.00000401591432819,0.00000194113295038,0.00000231011676988,3.84389096553e-7,2.81290795101e-7,3.35901887638e-7,0.00000110523933472,3.61462412002e-7,1.89623293068e-7,5.01369576966e-8,1.1399939126e-7,1.21498501926e-7,8.21585075528e-8,7.75948265641e-8,9.89606618873e-8,1.41771792528e-7,1.42176858731e-7,3.20528869224e-7,2.90531346536e-7,7.06571157139e-8,4.07896827426e-10],"dvar2":[1.46712100246e-8,0.00016911009152,0.000134291200084,0.0000869367722771,0.0000493226943945,0.00000806546631793,0.00000932122111408,0.0000037303168483,0.00000480798735225,6.85328984673e-7,4.40883383135e-7,7.63727598496e-7,0.00000227371947403,8.02299268798e-7,4.45712629471e-7,1.22391796253e-7,2.61961531578e-7,2.79711343865e-7,2.01699180025e-7,1.86487980613e-7,2.14167783952e-7,2.99156226902e-7,3.37561459673e-7,6.58053409097e-7,5.74421335386e-7,1.77277954094e-7,1.06087294505e-9],"max":[0.00147913815454,0.0698887258768,0.0728558972478,0.059624761343,0.0469567067921,0.0389015935361,0.039628919214,0.0403948426247,0.0542538277805,0.0203215815127,0.0361280292273,0.0260228123516,0.05952154845,0.0231880359352,0.0215372126549,0.00837055128068,0.00639987224713,0.0108283031732,0.00516424654052,0.010339862667,0.00428883172572,0.00601997412741,0.011788408272,0.0140385311097,0.0154347773641,0.00284297275357,0.000214919375139],"mean":[0.000080335943494,0.00442860228941,0.00459695514292,0.0034076157026,0.00309058581479,0.00181369856,0.00181676470675,0.000945426640101,0.00135655759368,0.000454943161458,0.000398160802433,0.000412883498939,0.000590059789829,0.000488007470267,0.000290495809168,0.00025313498918,0.000360786041711,0.000383279140806,0.000343121500919,0.000242215770413,0.000228691453231,0.000256741943303,0.000212947590626,0.000252086116234,0.000230989026022,0.000105048457044,0.00000710161702955],"median":[0.0000373947477783,0.00318204751238,0.00322543317452,0.00205018441193,0.00171598827001,0.000871121417731,0.000694892543834,0.000241523084696,0.000454963563243,0.000139994066558,0.000188893260201,0.000181630050065,0.000227284865105,0.000267101801001,0.000182053569006,0.000177424924914,0.000196939145098,0.000234962702962,0.000193946412764,0.000119265299872,0.0000743870332371,0.000060985541495,0.00005444890121,0.0000438269817096,0.0000212061822822,0.0000126635877677,4.53045402082e-7],"min":[8.86854784589e-25,8.35449294789e-24,2.12681258504e-24,2.1590813348e-24,8.5452734358e-24,1.62981976234e-23,2.21047156014e-23,9.3695896944e-24,1.54755135181e-23,1.93817192179e-23,1.5262207107e-23,4.87898321421e-23,2.64741593574e-23,5.29807061882e-23,5.49609679414e-23,9.03416256651e-23,1.17367381811e-22,1.3449900467e-22,1.26871439158e-22,1.72861108542e-22,3.06927148482e-22,4.09765176545e-22,4.24480019891e-22,6.82505441045e-22,8.59257792174e-22,1.45330080045e-21,1.96254860728e-21],"var":[1.14834888265e-8,0.0000438143069914,0.0000382507932954,0.0000260760116362,0.0000221900118049,0.00000724673145669,0.0000115978218673,0.00000626895507594,0.00000923708012124,0.00000137625124808,9.15402154078e-7,0.00000119369167351,0.00000268177814178,9.43977113366e-7,3.31577979296e-7,8.27765163081e-8,2.84659932959e-7,3.27911180875e-7,1.95964830141e-7,1.29751185796e-7,1.76220055437e-7,2.6584433499e-7,2.38058433411e-7,6.72793476042e-7,6.63317564431e-7,7.03781140032e-8,3.42524730801e-10]},"barkbands_crest":{"dmean":1.98914444447,"dmean2":3.26113271713,"dvar":3.72910475731,"dvar2":10.0908193588,"max":23.061252594,"mean":8.18427371979,"median":7.74936342239,"min":2.29833936691,"var":7.7247262001},"barkbands_flatness_db":{"dmean":0.0215820651501,"dmean2":0.0324096642435,"dvar":0.000434881978435,"dvar2":0.00109380751383,"max":0.24491879344,"mean":0.107407264411,"median":0.106222838163,"min":0.0164105258882,"var":0.00130868388806},"barkbands_kurtosis":{"dmean":2.44771265984,"dmean2":4.06976413727,"dvar":16.5119743347,"dvar2":45.3245811462,"max":67.6625061035,"mean":2.98024535179,"median":1.97605466843,"min":-1.9118168354,"var":18.6969547272},"barkbands_skewness":{"dmean":0.520353496075,"dmean2":0.829466342926,"dvar":0.359979867935,"dvar2":0.928077757359,"max":7.49853229523,"mean":1.63731241226,"median":1.61817848682,"min":-3.14995527267,"var":0.779844105244},"barkbands_spread":{"dmean":7.84027481079,"dmean2":11.9027423859,"dvar":84.5194320679,"dvar2":184.36114502,"max":105.787940979,"mean":27.9882678986,"median":23.7964267731,"min":3.75811171532,"var":242.125106812},"dissonance":{"dmean":0.0129762822762,"dmean2":0.0213484410197,"dvar":0.000158465452841,"dvar2":0.000417051807744,"max":0.499999970198,"mean":0.470772534609,"median":0.475860476494,"min":0.287861078978,"var":0.000431926659076},"dynamic_complexity":5.55862092972,"erbbands":{"dmean":[0.0478884913027,0.838209688663,3.26963710785,5.8505616188,10.2028932571,5.00576353073,5.57969999313,7.70926952362,10.949048996,13.3471984863,12.7623071671,12.283285141,8.01283550262,5.59912443161,7.82948160172,8.3133764267,12.9041042328,11.8360023499,10.8173875809,8.81871509552,7.75024604797,11.3911771774,11.314125061,10.1331329346,8.20467472076,6.06300640106,5.92193460464,6.3945775032,6.05421686172,4.79972314835,4.14182472229,4.53906440735,2.64232444763,2.01803803444,1.53975605965,0.64702475071,0.181919664145,0.0207160934806,0.00139067065902,0.0000679375734762],"dmean2":[0.0836417973042,1.4880759716,5.76658964157,10.2738008499,17.2866744995,8.40402984619,9.27673816681,12.3171358109,17.4092483521,19.4969921112,18.5131587982,17.7827835083,11.1892271042,8.04261207581,11.1608333588,12.4169483185,18.9685440063,17.5903930664,16.4604587555,13.9058427811,12.3792362213,18.0649414062,18.0276737213,16.3799972534,13.1652507782,9.42436790466,9.00674438477,9.68700408936,8.82189083099,6.93858289719,6.18966054916,6.89878892899,3.7604033947,2.86272358894,2.3740363121,1.02821540833,0.2968711555,0.0341490991414,0.00229334202595,0.000110186629172],"dvar":[0.0117061352357,4.64771604538,62.3982696533,113.757446289,629.202270508,88.4135894775,88.3776092529,261.0418396,732.929504395,1070.19848633,1060.85009766,975.052612305,485.217315674,194.503219604,604.390014648,487.255645752,1844.12573242,978.808410645,609.600219727,276.635253906,134.721618652,393.399291992,354.851074219,242.559234619,194.460372925,157.993225098,134.344482422,209.899047852,184.265411377,130.150177002,110.387695312,148.168640137,104.953575134,44.2872924805,15.7114934921,2.40429258347,0.210079014301,0.00233884551562,0.00000964555511018,1.9546220642e-8],"dvar2":[0.0326293967664,13.206700325,176.422271729,319.583099365,1677.57617188,238.324478149,246.294281006,642.121704102,1771.07983398,2074.45800781,2120.61694336,2096.8203125,926.560974121,359.005249023,917.853637695,1067.44189453,3902.09643555,1811.8737793,1348.02990723,665.346435547,325.63571167,915.703796387,798.051513672,615.553100586,482.412353516,365.628356934,293.136932373,470.517669678,389.374664307,283.946380615,257.132232666,337.289855957,210.945861816,79.2417449951,35.841960907,5.8648686409,0.540340185165,0.00597166875377,0.0000245864193857,4.93078538e-8],"max":[1.37212955952,19.4608287811,82.0818405151,110.447387695,254.449752808,126.98097229,151.707427979,348.344848633,568.565368652,904.873291016,883.014526367,985.751159668,773.146728516,490.459991455,1717.22583008,993.01953125,2602.54272461,1301.95141602,1040.08154297,655.276916504,308.87979126,415.912536621,558.956604004,330.379089355,318.113250732,542.846496582,277.659912109,228.899780273,171.062591553,357.052368164,292.673583984,307.330963135,265.292022705,215.543960571,82.5645980835,18.9170341492,5.36743354797,0.450811803341,0.0322424396873,0.00153844826855],"mean":[0.0874465405941,1.1659194231,4.8596124649,8.90180683136,12.7375240326,8.27509880066,10.498044014,16.1162528992,22.0021648407,27.1742706299,27.1645870209,26.4675140381,17.4778213501,12.7288446426,16.3519268036,17.5664615631,26.7104148865,23.4764232635,20.2511329651,15.7636461258,14.3265323639,21.3230056763,22.1628570557,19.0156021118,14.6875514984,10.3278665543,9.95418930054,9.38698577881,9.06344509125,7.41231536865,5.93509960175,5.91980409622,3.74752283096,2.5900118351,1.60922205448,0.638935506344,0.166353702545,0.0181127749383,0.00119190348778,0.0000831364377518],"median":[0.0742432549596,0.798039972782,3.02378702164,6.72864055634,6.38874530792,4.74674129486,5.80732345581,7.82493114471,9.62229919434,8.15398979187,7.50353479385,8.91438102722,6.32760047913,5.93957710266,7.56960773468,7.86572647095,12.0796957016,11.3262844086,12.4224834442,10.9310016632,9.98241233826,11.9302387238,13.7245044708,11.2964277267,8.24387264252,4.94439268112,4.01437759399,2.64893960953,2.02294754982,1.80213737488,1.50634646416,1.2939388752,0.472965538502,0.226121261716,0.157590374351,0.0792453438044,0.0174739286304,0.00163041381165,0.000100254736026,0.0000371640999219],"min":[3.35987522053e-22,1.07176757993e-21,2.90378421888e-21,1.68526530671e-20,2.50325952927e-20,2.60259810472e-20,7.38087573714e-20,1.17969022219e-19,2.07968560536e-19,2.90756544402e-19,3.16733841347e-19,4.15089364342e-19,8.23513359006e-19,6.601377951e-19,7.01732055214e-19,2.17484291206e-18,1.70502872596e-18,2.84714698301e-18,3.45923003062e-18,2.38877394555e-18,4.85546540967e-18,6.45950468862e-18,6.75824799788e-18,6.23187657817e-18,8.59738689617e-18,8.05678217966e-18,1.01765168717e-17,1.23031709297e-17,1.14166492071e-17,1.17645754349e-17,1.12154937714e-17,1.19005655819e-17,1.01061833586e-17,8.59529247486e-18,6.97175034502e-18,4.79590137453e-18,2.53790716537e-18,9.91752331324e-19,2.59063377726e-19,3.03308971424e-20],"var":[0.0102888913825,3.33695816994,48.8670730591,104.2682724,543.208984375,126.393325806,186.080718994,612.633789062,1448.83532715,4052.94970703,3680.43920898,3425.3684082,2025.39428711,770.407287598,2166.28955078,1830.24975586,4358.91845703,3041.74780273,1446.38842773,450.643676758,254.430664062,967.301574707,1025.91027832,576.399414062,368.284667969,263.519958496,261.963684082,343.159484863,339.377166748,246.143371582,188.202606201,252.741241455,225.249237061,117.050476074,24.905248642,2.66403865814,0.191241234541,0.00211014668457,0.00000880844709172,1.9341444002e-8]},"erbbands_crest":{"dmean":1.70693814754,"dmean2":2.75988578796,"dvar":2.84006929398,"dvar2":6.8803486824,"max":25.2877006531,"mean":6.28503465652,"median":5.50491333008,"min":2.42102861404,"var":8.20785236359},"erbbands_flatness_db":{"dmean":0.0188574194908,"dmean2":0.0250471048057,"dvar":0.00036526171607,"dvar2":0.000632546085399,"max":0.35502371192,"mean":0.12267242372,"median":0.11898675561,"min":0.0447780936956,"var":0.00134712795261},"erbbands_kurtosis":{"dmean":0.470228254795,"dmean2":0.746293842793,"dvar":0.38184890151,"dvar2":0.875748991966,"max":15.1311073303,"mean":-0.483487278223,"median":-0.736417651176,"min":-1.69881212711,"var":1.05670118332},"erbbands_skewness":{"dmean":0.27791389823,"dmean2":0.420650660992,"dvar":0.0578550584614,"dvar2":0.127854913473,"max":2.3638253212,"mean":-0.0100498953834,"median":-0.0341178402305,"min":-2.5251531601,"var":0.309164375067},"erbbands_spread":{"dmean":10.4316225052,"dmean2":16.0701141357,"dvar":130.46395874,"dvar2":307.88684082,"max":122.501022339,"mean":51.6001281738,"median":49.6195259094,"min":3.17014670372,"var":329.292053223},"gfcc":{"cov":[[29991.453125,173.324264526,-400.194976807,-121.719032288,-598.438354492,234.823165894,-537.380065918,491.797027588,-275.964691162,93.7996139526,-515.387512207,116.168243408,-455.552429199],[173.324264526,1584.51818848,-614.632995605,22.9981441498,251.714767456,-131.097488403,144.256896973,-32.0689315796,151.859481812,-113.238265991,196.43208313,-93.8415985107,66.9235076904],[-400.194976807,-614.632995605,565.647277832,13.9609146118,2.42186045647,75.5302581787,-42.3321647644,26.36328125,-42.1670875549,65.1009902954,-100.692085266,49.2640075684,-18.9610061646],[-121.719032288,22.9981441498,13.9609146118,278.451477051,36.0827713013,26.6676387787,25.6486110687,-34.2118759155,-14.7348365784,10.7878131866,16.9026088715,-32.720790863,58.3260231018],[-598.438354492,251.714767456,2.42186045647,36.0827713013,281.750640869,-3.79092049599,92.4837646484,-3.53799843788,18.1646289825,9.42434692383,21.1035728455,-12.7710371017,29.2445812225],[234.823165894,-131.097488403,75.5302581787,26.6676387787,-3.79092049599,132.003631592,9.95806312561,21.2380409241,-14.8727445602,5.95367145538,-15.4006547928,6.59578227997,-4.16837835312],[-537.380065918,144.256896973,-42.3321647644,25.6486110687,92.4837646484,9.95806312561,130.589523315,8.99674987793,12.0490674973,-9.22894382477,24.5510578156,-20.2622013092,21.0439395905],[491.797027588,-32.0689315796,26.36328125,-34.2118759155,-3.53799843788,21.2380409241,8.99674987793,97.5251312256,21.9684638977,4.00631284714,-9.39592552185,6.14369821548,-28.5963764191],[-275.964691162,151.859481812,-42.1670875549,-14.7348365784,18.1646289825,-14.8727445602,12.0490674973,21.9684638977,95.312171936,-0.603812336922,30.9933261871,-10.4996938705,-3.79365944862],[93.7996139526,-113.238265991,65.1009902954,10.7878131866,9.42434692383,5.95367145538,-9.22894382477,4.00631284714,-0.603812336922,80.7912902832,-7.6343331337,6.69105577469,0.29524949193],[-515.387512207,196.43208313,-100.692085266,16.9026088715,21.1035728455,-15.4006547928,24.5510578156,-9.39592552185,30.9933261871,-7.6343331337,109.039413452,-4.40835189819,16.9938545227],[116.168243408,-93.8415985107,49.2640075684,-32.720790863,-12.7710371017,6.59578227997,-20.2622013092,6.14369821548,-10.4996938705,6.69105577469,-4.40835189819,62.8892097473,-3.07977676392],[-455.552429199,66.9235076904,-18.9610061646,58.3260231018,29.2445812225,-4.16837835312,21.0439395905,-28.5963764191,-3.79365944862,0.29524949193,16.9938545227,-3.07977676392,82.0353927612]],"icov":[[0.0000630156791885,-0.000149530911585,0.000079431287304,-0.000106299325125,0.00012238585623,-0.000134482950671,0.000228975448408,-0.000346744927811,0.000310675706714,-0.000240419496549,0.000378629134502,-0.000193469837541,0.00026532044285],[-0.000149530911585,0.00234456709586,0.00129862059839,0.000300299347145,-0.00185003457591,0.000924355234019,-0.00051587348571,0.000897184654605,-0.00241562421434,0.00209932914004,-0.00202737306245,0.00136196042877,-0.00115298538003],[0.000079431287304,0.00129862059839,0.00390078919008,-0.000478984235087,-0.00137924414594,-0.000752252701204,0.000785032229032,-0.000662293750793,-0.000678610114846,-0.000750551756937,0.00169322884176,-0.00130153633654,0.000216755652218],[-0.000106299325125,0.000300299347145,-0.000478984235087,0.00508827576414,-0.000411997898482,-0.000893771357369,-0.000345399341313,0.00136983324774,0.000161375239259,-0.000136608025059,-0.00151289347559,0.00319827161729,-0.00345468660817],[0.00012238585623,-0.00185003457591,-0.00137924414594,-0.000411997898482,0.00632697250694,-0.00023266437347,-0.00305246049538,-0.000311507377774,0.00122120056767,-0.00237460061908,0.00149946543388,-0.00118903582916,0.000279890111415],[-0.000134482950671,0.000924355234019,-0.000752252701204,-0.000893771357369,-0.00023266437347,0.0094935009256,-0.00178241182584,-0.00128337694332,0.0000659208235447,0.00126082124189,-0.00107109977398,0.0000500835813,-0.000241829417064],[0.000228975448408,-0.00051587348571,0.000785032229032,-0.000345399341313,-0.00305246049538,-0.00178241182584,0.0124145941809,-0.0033285075333,0.00150239199866,0.000329436123138,-0.000108421983896,0.00206096633337,-0.00105978397187],[-0.000346744927811,0.000897184654605,-0.000662293750793,0.00136983324774,-0.000311507377774,-0.00128337694332,-0.0033285075333,0.0153389526531,-0.00539754936472,0.000884535722435,-0.000914627977181,-0.000231085548876,0.00239018164575],[0.000310675706714,-0.00241562421434,-0.000678610114846,0.000161375239259,0.00122120056767,0.0000659208235447,0.00150239199866,-0.00539754936472,0.0162244606763,-0.00296151498333,-0.000916857796255,0.00073258113116,0.00170375115704],[-0.000240419496549,0.00209932914004,-0.000750551756937,-0.000136608025059,-0.00237460061908,0.00126082124189,0.000329436123138,0.000884535722435,-0.00296151498333,0.0160435475409,-0.0026964051649,0.00103069492616,-0.00158706039656],[0.000378629134502,-0.00202737306245,0.00169322884176,-0.00151289347559,0.00149946543388,-0.00107109977398,-0.000108421983896,-0.000914627977181,-0.000916857796255,-0.0026964051649,0.0156799312681,-0.00408942066133,0.000909146678168],[-0.000193469837541,0.00136196042877,-0.00130153633654,0.00319827161729,-0.00118903582916,0.0000500835813,0.00206096633337,-0.000231085548876,0.00073258113116,0.00103069492616,-0.00408942066133,0.0209795664996,-0.00327808409929],[0.00026532044285,-0.00115298538003,0.000216755652218,-0.00345468660817,0.000279890111415,-0.000241829417064,-0.00105978397187,0.00239018164575,0.00170375115704,-0.00158706039656,0.000909146678168,-0.00327808409929,0.017876220867]],"mean":[-22.4581718445,85.5596313477,-106.776344299,41.836971283,-51.1168708801,13.8293533325,-39.609249115,9.13756847382,-24.1143360138,3.5599565506,-15.9876871109,-1.33160305023,-17.8891963959]},"hfc":{"dmean":10.1338176727,"dmean2":14.4010772705,"dvar":357.53894043,"dvar2":767.645507812,"max":321.460968018,"mean":23.2186279297,"median":14.1601524353,"min":1.05932395456e-16,"var":852.639038086},"melbands":{"dmean":[0.000630014983471,0.00150991789997,0.00118109956384,0.000534434046131,0.000187793237274,0.000175401291926,0.000165983103216,0.000139409021358,0.000115008653665,0.0000723343255231,0.0000411546097894,0.0000245087558142,0.0000282136243186,0.00001915282337,0.0000382872312912,0.0000256547973549,0.0000221159625653,0.0000206470795092,0.00001338889615,0.0000100129136626,0.0000101624063973,0.0000118759362522,0.000012191312635,0.0000106023071567,0.00000887772603164,0.00000724092387827,0.00000570105112274,0.00000417022874899,0.00000391224875784,0.00000372501017409,0.00000395184315494,0.00000356611144525,0.00000327781390297,0.00000250693119597,0.00000216138323594,0.00000337040250997,0.00000255142322203,0.00000207873290492,0.00000147160756114,0.00000180257063676],"dmean2":[0.0011076242663,0.00266918796115,0.00205355510116,0.000893773452844,0.000314406468533,0.000281804881524,0.000262366025709,0.000203346673516,0.000166338402778,0.000104586579255,0.0000576773745706,0.0000351510534529,0.0000407098923461,0.0000286184804281,0.0000575584563194,0.000037417979911,0.0000332718955178,0.0000316766891046,0.0000211085771298,0.000015885430912,0.0000163889872056,0.0000191170784092,0.0000192464322026,0.0000174277065526,0.0000146116453834,0.0000119044361782,0.00000929862108023,0.00000665255629428,0.00000607304400546,0.00000582492748435,0.00000606791763857,0.00000529619137524,0.00000482550422021,0.00000372358749701,0.00000326803478856,0.00000534300397703,0.00000388100852433,0.00000299860244013,0.00000210921257349,0.00000262199569079],"dvar":[0.00000240650615524,0.0000138810410135,0.00000555111137146,0.00000140733834542,8.89578330998e-8,1.22120269452e-7,1.55237017907e-7,1.09859037423e-7,8.13678298073e-8,3.11725649738e-8,1.24428822801e-8,3.72518837999e-9,5.14264453244e-9,3.71907837859e-9,1.51046215535e-8,6.04119110292e-9,3.10423597938e-9,2.07025507848e-9,1.11518783097e-9,3.08051251174e-10,2.27877439141e-10,4.68019234479e-10,4.33833469149e-10,3.39677064254e-10,1.94844113066e-10,1.3343255667e-10,1.40942646443e-10,8.09732211837e-11,5.83795511933e-11,6.33303895436e-11,8.68589714043e-11,6.35233532442e-11,5.89772536363e-11,3.84232506923e-11,3.0514504118e-11,8.63299709497e-11,5.21609630488e-11,6.85046047666e-11,3.38762906615e-11,3.71833987212e-11],"dvar2":[0.0000068150638981,0.0000392045767512,0.0000152597076521,0.00000369533904632,2.47860810987e-7,3.07350745743e-7,3.73689630351e-7,2.07326280588e-7,1.66149575875e-7,6.60591510382e-8,2.36590462777e-8,6.83215262143e-9,8.02712563086e-9,8.13725709037e-9,3.30312168728e-8,1.211099665e-8,6.08832539939e-9,4.62796867495e-9,2.64055177723e-9,7.61358864843e-10,5.55048840223e-10,1.12021947274e-9,9.18248199699e-10,8.32035551568e-10,5.15169462645e-10,3.36804667489e-10,3.75932673879e-10,1.97097518861e-10,1.32459737623e-10,1.47976367271e-10,1.99622013364e-10,1.37263408972e-10,1.28758378959e-10,8.76232628122e-11,6.96511875953e-11,2.15681708604e-10,1.14812805097e-10,1.39882744277e-10,6.71075139902e-11,6.9493848176e-11],"max":[0.0149516938254,0.0379912108183,0.0245204865932,0.0125990221277,0.00452601304278,0.00751893501729,0.00805389881134,0.00928306113929,0.0078226774931,0.005360965617,0.00373155251145,0.00211010547355,0.00508136954159,0.00304836360738,0.00664468528703,0.00299244490452,0.00216027116403,0.00176090723835,0.00173088046722,0.000798544322606,0.000269596872386,0.000442323886091,0.000543378817383,0.000651667476632,0.000271827622782,0.000181679293746,0.000348039116943,0.000428532308433,0.000216168962652,0.000121871431475,0.000166599522345,0.000111798988655,0.00015077154967,0.000224003684707,0.000189175043488,0.000193785293959,0.000192943683942,0.000211442908039,0.000168604994542,0.000230332560022],"mean":[0.00100968428887,0.00225131213665,0.00172206969,0.000771130784415,0.000360524776625,0.000367040658602,0.000337628356647,0.000276070088148,0.000245362869464,0.000153822416905,0.0000862170345499,0.0000525449795532,0.0000559911895834,0.000038382364437,0.0000715077185305,0.0000513046798005,0.0000415796239395,0.0000349885413016,0.0000224815394176,0.0000168710284925,0.000016812922695,0.0000204847729037,0.0000229655488511,0.0000181333980436,0.0000151689446284,0.000012317562323,0.00000871531847224,0.00000642977738607,0.00000636521735942,0.00000556592158318,0.00000543976693734,0.00000513979784955,0.00000484106521981,0.00000376567845706,0.0000031555523492,0.00000408585628975,0.00000339508778779,0.00000289725267066,0.00000198587167688,0.00000223643905883],"median":[0.000812385580502,0.00154983182438,0.00125275040045,0.000423388468334,0.000216844244278,0.000187140394701,0.000145999903907,0.0000713737244951,0.0000651769223623,0.0000553804784431,0.0000295385434583,0.0000223530914809,0.0000270558084594,0.0000137687129609,0.0000304107816191,0.0000204151529033,0.0000205655960599,0.0000195010579773,0.0000140291140269,0.0000115864049803,0.0000108427702799,0.0000109057082227,0.0000122986148199,0.0000113500864245,0.00000850085416459,0.00000688168074703,0.0000043648205974,0.0000027380233405,0.00000260509159489,0.00000192620791495,0.00000130202374748,0.00000106841196157,0.00000112231714411,8.73969838722e-7,7.55482176373e-7,9.26658117351e-7,6.71116424655e-7,3.5942431964e-7,1.80366356517e-7,1.737334685e-7],"min":[2.74393866841e-24,3.15050475997e-24,3.28052185614e-24,1.35103651565e-24,2.80591532821e-24,2.58501336994e-24,3.92253117626e-24,4.28664925416e-24,2.05644717837e-24,2.47368438861e-24,3.79158223815e-24,2.20889277337e-24,2.00505565141e-24,5.2323676562e-24,6.61436676517e-24,2.56722988134e-24,5.27618730177e-24,5.09418920232e-24,3.41368946555e-24,3.86636506867e-24,3.07117611848e-24,5.09633963715e-24,6.00051662393e-24,5.90495006956e-24,4.65466746037e-24,5.47960139706e-24,6.22053466356e-24,4.88591335726e-24,5.74017280368e-24,6.88488610223e-24,6.7695120394e-24,5.15363578799e-24,6.38083080507e-24,6.19998010381e-24,5.89300434888e-24,6.69382635757e-24,7.32345253363e-24,7.15434363252e-24,6.92075166329e-24,6.69993292984e-24],"var":[0.00000183472502613,0.000010484739505,0.00000477211278849,0.00000152474694914,1.88399667422e-7,2.89618014904e-7,3.40323367709e-7,4.07708256489e-7,3.03651177092e-7,1.10203423276e-7,5.13292874871e-8,1.38834970187e-8,1.75227725663e-8,1.36374023185e-8,3.79930398253e-8,1.58716968457e-8,9.19674736366e-9,4.72960248743e-9,1.83537240961e-9,4.34746960654e-10,4.13547446287e-10,1.02521691137e-9,1.35503031018e-9,6.90673407355e-10,4.03942018723e-10,2.70894390253e-10,1.83511622565e-10,1.20430360129e-10,1.09978408325e-10,9.92506909991e-11,1.32056449109e-10,1.1198426908e-10,1.02377911704e-10,6.88432783003e-11,5.31873364795e-11,1.09002668003e-10,9.60114904247e-11,1.38841813047e-10,7.6050922504e-11,9.19027631774e-11]},"melbands_crest":{"dmean":3.00249266624,"dmean2":5.04645061493,"dvar":9.54281806946,"dvar2":25.5387439728,"max":29.0842094421,"mean":13.1694040298,"median":12.6306495667,"min":1.54792141914,"var":17.8196926117},"melbands_flatness_db":{"dmean":0.0267167482525,"dmean2":0.0405155569315,"dvar":0.000710523978341,"dvar2":0.00178790721111,"max":0.353729248047,"mean":0.18290425837,"median":0.182894676924,"min":0.00293015013449,"var":0.00252066412941},"melbands_kurtosis":{"dmean":8.52083015442,"dmean2":14.3815422058,"dvar":256.013275146,"dvar2":709.958312988,"max":213.713531494,"mean":14.6235866547,"median":11.3715105057,"min":-1.80364501476,"var":229.624755859},"melbands_skewness":{"dmean":0.825543284416,"dmean2":1.32562065125,"dvar":1.13993632793,"dvar2":3.02061152458,"max":12.0488729477,"mean":3.14692831039,"median":3.04552316666,"min":-1.46443045139,"var":1.87191390991},"melbands_spread":{"dmean":7.65462207794,"dmean2":11.869603157,"dvar":110.590736389,"dvar2":237.714294434,"max":235.187454224,"mean":23.649679184,"median":19.4992179871,"min":1.68166518211,"var":323.700012207},"mfcc":{"cov":[[17855.4335938,1484.09533691,-28.1197757721,173.551589966,-111.93270874,-107.553771973,-214.702713013,174.797332764,-128.372955322,60.118686676,99.911857605,64.8705825806,-145.879501343],[1484.09533691,1553.1081543,-512.552307129,169.68170166,57.0496292114,-17.2997665405,3.9378285408,101.839439392,-59.4718399048,57.6254920959,78.0120773315,44.4481010437,11.3913621902],[-28.1197757721,-512.552307129,453.514251709,-51.1746826172,22.313451767,19.7230224609,-22.0587100983,-28.3550033569,37.9617729187,-21.071969986,-34.2557907104,-6.10327386856,4.59802389145],[173.551589966,169.68170166,-51.1746826172,264.455108643,55.6958885193,56.7446365356,53.8544807434,-29.5864028931,25.3257789612,20.9906387329,-18.0921802521,-12.2899494171,3.24655556679],[-111.93270874,57.0496292114,22.313451767,55.6958885193,138.76625061,41.1869506836,27.818693161,2.21388983727,25.637720108,4.14019823074,13.3102483749,-3.41006493568,11.9491853714],[-107.553771973,-17.2997665405,19.7230224609,56.7446365356,41.1869506836,123.375099182,55.1026382446,-15.6663322449,30.2693271637,-0.808014631271,-19.8654727936,-0.896030724049,4.57289266586],[-214.702713013,3.9378285408,-22.0587100983,53.8544807434,27.818693161,55.1026382446,140.234695435,9.9931344986,28.1301326752,6.01302957535,-4.44792175293,-7.36536216736,1.78930962086],[174.797332764,101.839439392,-28.3550033569,-29.5864028931,2.21388983727,-15.6663322449,9.9931344986,110.630867004,-2.0826830864,9.89036750793,23.1767940521,9.19119644165,-0.682391285896],[-128.372955322,-59.4718399048,37.9617729187,25.3257789612,25.637720108,30.2693271637,28.1301326752,-2.0826830864,105.161201477,2.40840673447,-6.99681901932,-1.47262775898,3.56621575356],[60.118686676,57.6254920959,-21.071969986,20.9906387329,4.14019823074,-0.808014631271,6.01302957535,9.89036750793,2.40840673447,79.9548568726,13.2212266922,12.4974689484,-0.647795855999],[99.911857605,78.0120773315,-34.2557907104,-18.0921802521,13.3102483749,-19.8654727936,-4.44792175293,23.1767940521,-6.99681901932,13.2212266922,76.9902648926,16.0615768433,5.10565185547],[64.8705825806,44.4481010437,-6.10327386856,-12.2899494171,-3.41006493568,-0.896030724049,-7.36536216736,9.19119644165,-1.47262775898,12.4974689484,16.0615768433,62.4928245544,12.6126499176],[-145.879501343,11.3913621902,4.59802389145,3.24655556679,11.9491853714,4.57289266586,1.78930962086,-0.682391285896,3.56621575356,-0.647795855999,5.10565185547,12.6126499176,53.3771514893]],"icov":[[0.0000693082329235,-0.0000983908685157,-0.000128589046653,-0.0000658287099213,0.000112921152322,-0.000014569994164,0.0000887853602762,-0.0000643760722596,0.0000304536442854,0.0000141164973684,-0.0000693701294949,-0.0000280556723737,0.000209069272387],[-0.0000983908685157,0.0014301618794,0.00148152036127,-0.000649152032565,-0.000743626384065,0.0000321785992128,0.000391422014218,-0.000863334978931,0.000357003562385,-0.000170010214788,-0.000183449621545,-0.000596766301896,-0.000390055240132],[-0.000128589046653,0.00148152036127,0.00412433454767,0.000187416211702,-0.00149187725037,-0.000269109033979,0.000885964604095,-0.000319412414683,-0.000577771279495,0.0000524926254002,0.000978364609182,-0.00056237867102,-0.000632495968603],[-0.0000658287099213,-0.000649152032565,0.000187416211702,0.00562529917806,-0.00145467941184,-0.00101182842627,-0.00137174187694,0.00198383932002,-0.00066677655559,-0.00137123663444,0.00143602502067,0.00105203164276,-0.000274024438113],[0.000112921152322,-0.000743626384065,-0.00149187725037,-0.00145467941184,0.00985570345074,-0.00247072661296,-0.000220712667215,-0.000333632167894,-0.00117616250645,0.000258883635979,-0.00302365538664,0.00146164209582,-0.00128165539354],[-0.000014569994164,0.0000321785992128,-0.000269109033979,-0.00101182842627,-0.00247072661296,0.0120214922354,-0.00374568486586,0.00124714791309,-0.00133824243676,0.00040194139001,0.00271748867817,-0.00161429005675,-0.000081449165009],[0.0000887853602762,0.000391422014218,0.000885964604095,-0.00137174187694,-0.000220712667215,-0.00374568486586,0.00987786799669,-0.00204042252153,-0.00122178718448,-0.000313675758662,-0.00044964949484,0.00098042236641,0.00006849172496],[-0.0000643760722596,-0.000863334978931,-0.000319412414683,0.00198383932002,-0.000333632167894,0.00124714791309,-0.00204042252153,0.0111972130835,-0.000551399076357,-0.000782743212767,-0.00169525505044,-0.000342225714121,0.000364911305951],[0.0000304536442854,0.000357003562385,-0.000577771279495,-0.00066677655559,-0.00117616250645,-0.00133824243676,-0.00122178718448,-0.000551399076357,0.0111358938739,-0.000386328960303,0.000295654754154,-0.000316737336107,-0.000192910811165],[0.0000141164973684,-0.000170010214788,0.0000524926254002,-0.00137123663444,0.000258883635979,0.00040194139001,-0.000313675758662,-0.000782743212767,-0.000386328960303,0.0138261020184,-0.00180868711323,-0.0025789225474,0.00103785656393],[-0.0000693701294949,-0.000183449621545,0.000978364609182,0.00143602502067,-0.00302365538664,0.00271748867817,-0.00044964949484,-0.00169525505044,0.000295654754154,-0.00180868711323,0.0167897883803,-0.00313610211015,-0.000791232392658],[-0.0000280556723737,-0.000596766301896,-0.00056237867102,0.00105203164276,0.00146164209582,-0.00161429005675,0.00098042236641,-0.000342225714121,-0.000316737336107,-0.0025789225474,-0.00313610211015,0.019031861797,-0.00439826957881],[0.000209069272387,-0.000390055240132,-0.000632495968603,-0.000274024438113,-0.00128165539354,-0.000081449165009,0.00006849172496,0.000364911305951,-0.000192910811165,0.00103785656393,-0.000791232392658,-0.00439826957881,0.0208970978856]],"mean":[-658.130310059,111.358802795,4.66338014603,30.0303440094,9.94468307495,7.54653739929,-0.224316850305,4.49775600433,-5.05355119705,3.10484266281,2.07175087929,1.4526283741,-4.61071205139]},"pitch_salience":{"dmean":0.0671219080687,"dmean2":0.11327457428,"dvar":0.00451200548559,"dvar2":0.012507638894,"max":0.825989186764,"mean":0.57506018877,"median":0.580247163773,"min":0.138220191002,"var":0.00894542783499},"silence_rate_20dB":{"dmean":0,"dmean2":0,"dvar":0,"dvar2":0,"max":1,"mean":1,"median":1,"min":1,"var":0},"silence_rate_30dB":{"dmean":0.000237670828938,"dmean2":0.00047539814841,"dvar":0.00023759357282,"dvar2":0.000475176697364,"max":1,"mean":0.999762356281,"median":1,"min":0,"var":0.000237565327552},"silence_rate_60dB":{"dmean":0.00570409977809,"dmean2":0.0114095555618,"dvar":0.00567160733044,"dvar2":0.0129428002983,"max":1,"mean":0.136644482613,"median":0,"min":0,"var":0.117975562811},"spectral_centroid":{"dmean":293.421051025,"dmean2":455.811096191,"dvar":99919.5703125,"dvar2":212929.59375,"max":11720.8564453,"mean":1485.58654785,"median":1364.21313477,"min":362.703094482,"var":606088.3125},"spectral_complexity":{"dmean":3.53464055061,"dmean2":5.15640592575,"dvar":18.4650402069,"dvar2":34.2906761169,"max":59,"mean":19.662191391,"median":20,"min":0,"var":108.052703857},"spectral_contrast_coeffs":{"dmean":[0.0488743335009,0.0422114804387,0.034230619669,0.0303231943399,0.025703439489,0.0186936929822],"dmean2":[0.081415720284,0.068442068994,0.05349522084,0.0479041971266,0.0407325401902,0.0284074097872],"dvar":[0.00199031527154,0.00128531036898,0.000809959892649,0.000614091230091,0.000516580126714,0.000274736987194],"dvar2":[0.00520535698161,0.00319275143556,0.00190658611245,0.00148263166193,0.00117137422785,0.000577020691708],"max":[-0.303618878126,-0.43158736825,-0.499732673168,-0.529521822929,-0.580976009369,-0.595470011234],"mean":[-0.648368954659,-0.718229472637,-0.762429177761,-0.767549812794,-0.768378257751,-0.766939103603],"median":[-0.648911774158,-0.723643243313,-0.764737844467,-0.767208576202,-0.771481275558,-0.763991296291],"min":[-0.980784893036,-0.970318317413,-0.974611580372,-0.973181605339,-0.966646909714,-0.963667094707],"var":[0.00684071471915,0.0068167517893,0.00429780595005,0.00302434735931,0.00331346038729,0.00167237001006]},"spectral_contrast_valleys":{"dmean":[0.373830676079,0.325203180313,0.299835801125,0.283385723829,0.295069098473,0.463639438152],"dmean2":[0.610463261604,0.531904995441,0.477572917938,0.443290024996,0.424377262592,0.54143178463],"dvar":[0.168570414186,0.117137745023,0.100281991065,0.0965289399028,0.127812564373,0.273304909468],"dvar2":[0.352856069803,0.248987346888,0.199219197035,0.183604747057,0.221310853958,0.476759076118],"max":[-5.20918369293,-4.85802173615,-5.63274431229,-5.20309305191,-5.67658805847,-7.01817035675],"mean":[-7.35392665863,-7.17736625671,-8.03923606873,-8.10929489136,-7.94085502625,-10.2956457138],"median":[-6.77988243103,-6.70435571671,-7.57941293716,-7.64738798141,-7.55674982071,-9.95462417603],"min":[-27.997587204,-27.7001228333,-27.8800582886,-27.6269168854,-27.4358921051,-27.4012413025],"var":[3.66995668411,3.7244284153,3.50488948822,3.39265346527,3.36753082275,3.68083691597]},"spectral_decrease":{"dmean":2.67219513184e-9,"dmean2":4.46742376425e-9,"dvar":2.05261328672e-17,"dvar2":5.5618373691e-17,"max":1.30495006538e-28,"mean":-6.60828369803e-9,"median":-5.58142110307e-9,"min":-3.63971395245e-8,"var":2.91134720005e-17},"spectral_energy":{"dmean":0.0107282372192,"dmean2":0.0177489239722,"dvar":0.000321811588947,"dvar2":0.000865033769514,"max":0.14335142076,"mean":0.027047270909,"median":0.0227778665721,"min":1.0060479187e-20,"var":0.000477187422803},"spectral_energyband_high":{"dmean":0.000925441738218,"dmean2":0.00129766913597,"dvar":0.00000399490772907,"dvar2":0.00000820090917841,"max":0.0389558523893,"mean":0.00142034771852,"median":0.000407232553698,"min":7.07927663852e-21,"var":0.00000906416971702},"spectral_energyband_low":{"dmean":0.00638726586476,"dmean2":0.0112205790356,"dvar":0.000202446550247,"dvar2":0.000567194423638,"max":0.127459138632,"mean":0.0107943499461,"median":0.00883041322231,"min":3.39705877883e-23,"var":0.000165924124303},"spectral_energyband_middle_high":{"dmean":0.00121474103071,"dmean2":0.00169048726093,"dvar":0.0000046811815082,"dvar2":0.00000823394930194,"max":0.0885047987103,"mean":0.0040346365422,"median":0.00280196079984,"min":1.18893500759e-21,"var":0.0000243794092967},"spectral_energyband_middle_low":{"dmean":0.00534238945693,"dmean2":0.00880009308457,"dvar":0.000103969723568,"dvar2":0.000274961319519,"max":0.096238926053,"mean":0.0125417998061,"median":0.00874230265617,"min":1.78794390157e-22,"var":0.000164809025591},"spectral_entropy":{"dmean":0.177088722587,"dmean2":0.237951219082,"dvar":0.0337645597756,"dvar2":0.05885707587,"max":9.82169532776,"mean":7.70878791809,"median":7.67469549179,"min":6.54463624954,"var":0.166202381253},"spectral_flux":{"dmean":0.0264878366143,"dmean2":0.0407793298364,"dvar":0.00143143511377,"dvar2":0.00283961766399,"max":0.320003032684,"mean":0.0748859792948,"median":0.0621726289392,"min":6.32759747377e-11,"var":0.00303084077314},"spectral_kurtosis":{"dmean":1.22702264786,"dmean2":1.98834300041,"dvar":1.99909341335,"dvar2":5.24445438385,"max":23.0729064941,"mean":3.60472106934,"median":3.25527143478,"min":-1.25828075409,"var":5.55277633667},"spectral_rms":{"dmean":0.00086407281924,"dmean2":0.00137887662277,"dvar":0.0000015424037656,"dvar2":0.00000401231272917,"max":0.0118260318413,"mean":0.0045994897373,"median":0.00471405405551,"min":3.13290626081e-12,"var":0.00000523208518644},"spectral_rolloff":{"dmean":777.441955566,"dmean2":1270.49206543,"dvar":1685470.5,"dvar2":3816311.75,"max":19379.8828125,"mean":1672.39050293,"median":1033.59375,"min":86.1328125,"var":4024845.25},"spectral_skewness":{"dmean":0.179682761431,"dmean2":0.278618127108,"dvar":0.0285264439881,"dvar2":0.0668967738748,"max":3.15737581253,"mean":1.39457774162,"median":1.39058089256,"min":-0.0964887142181,"var":0.151619955897},"spectral_spread":{"dmean":872524.3125,"dmean2":1195532.625,"dvar":1198052212740,"dvar2":2200617615360,"max":41955212,"mean":5282571.5,"median":4941671,"min":1398536.875,"var":6934446997500},"spectral_strongpeak":{"dmean":0.337281763554,"dmean2":0.57170766592,"dvar":0.414681315422,"dvar2":1.01321804523,"max":12.5001535416,"mean":0.609181821346,"median":0.302127242088,"min":0,"var":0.854889392853},"zerocrossingrate":{"dmean":0.014541555196,"dmean2":0.0165370889008,"dvar":0.000281951128272,"dvar2":0.000321270810673,"max":0.52001953125,"mean":0.0712019205093,"median":0.0576171875,"min":0.0107421875,"var":0.00228292890824}},"metadata":{"audio_properties":{"analysis_sample_rate":44100,"bit_rate":0,"codec":"flac","downmix":"mix","equal_loudness":0,"length":195.373336792,"lossless":true,"md5_encoded":"f0b7ea7b942a930aef130fc59f01112b","replay_gain":-4.95272827148,"sample_rate":44100},"tags":{"album":["The Queen Is Dead"],"albumartist":["The Smiths"],"albumartistsort":["Smiths, The"],"artist":["The Smiths"],"artistsort":["Smiths, The"],"catalognumber":["L 30108"],"date":["1988"],"discnumber":["1"],"disctotal":["1"],"engineer":["Stephen Street"],"file_name":"01-10 Some Girls Are Bigger Than Others.flac","genre":["Alternative Rock"],"label":["Festival Records"],"lyricist":["Morrissey"],"media":["Vinyl"],"musicbrainz_albumartistid":["40f5d9e4-2de7-4f2d-ad41-e31a9a9fea27"],"musicbrainz_albumid":["4a7be4db-aefb-37cb-a3d5-4f836a196fd1"],"musicbrainz_artistid":["40f5d9e4-2de7-4f2d-ad41-e31a9a9fea27"],"musicbrainz_recordingid":["25411ee0-663d-45a8-add3-cdd65d4cc71c"],"musicbrainz_releasegroupid":["d8dde278-482c-3cc8-a530-fea70476f3a5"],"originaldate":["1986-06-16"],"performer":["Andy Rourke (bass guitar)","Mike Joyce (drums)","Johnny Marr (guitar)","Morrissey (vocal)"],"producer":["Morrissey","Johnny Marr"],"releasecountry":["AU"],"releasestatus":["official"],"releasetype":["album"],"script":["Latn"],"title":["Some Girls Are Bigger Than Others"],"totaldiscs":["1"],"totaltracks":["10"],"tracknumber":["10"],"tracktotal":["10"]},"version":{"essentia":"2.1-beta1","essentia_build_sha":"ca57ba49d9b1854bd80e60cf9ccf267278fb7d6b","essentia_git_sha":"v2.1_beta1-28-g21ef5f4-dirty","extractor":"music 1.0"}},"rhythm":{"beats_count":262,"beats_loudness":{"dmean":0.0122106941417,"dmean2":0.0216386504471,"dvar":0.000136624323204,"dvar2":0.000413770874729,"max":0.0949969217181,"mean":0.0364368259907,"median":0.0387025251985,"min":2.53438248166e-9,"var":0.00035610061