{"lowlevel":{"average_loudness":0.520931482315,"barkbands":{"dmean":[0.00000273668183581,0.00016344175674,0.000620731734671,0.000829466269352,0.00040029399679,0.00067073298851,0.00117043859791,0.000809862278402,0.000558694067877,0.0000922422041185,0.000328785448801,0.000465717777843,0.00024111555831,0.000151256419485,0.0000622411753284,0.0000511972539243,0.0000755768123781,0.000064758292865,0.000121848715935,0.0000296166381304,0.00000405714399676,0.00000849131447467,0.00000853849178384,0.00000140628696954,6.02290867846e-7,6.04446370289e-7,4.17815506637e-8],"dmean2":[0.00000504058243678,0.000270015792921,0.00106022285763,0.00133417663164,0.00063295091968,0.00104718038347,0.00171958189458,0.00115271634422,0.000758744543418,0.000138491406688,0.00046156780445,0.000629094836768,0.000331576971803,0.000211087681237,0.0000879041763255,0.0000698686562828,0.000102542835521,0.0000931862741709,0.000171314357431,0.0000434364665125,0.00000608007212577,0.0000127247403725,0.000012299365153,0.00000206858157981,9.10261121589e-7,8.89115881364e-7,6.24642524372e-8],"dvar":[6.45570142482e-12,9.18102003311e-8,9.66847892414e-7,0.00000585467432757,4.62728024786e-7,0.00000293688435704,0.000010424069842,0.00000647216165817,0.00000497494193041,1.09389510783e-7,0.00000178862717348,0.00000321731454278,0.00000158051238941,7.28870190869e-7,8.31875937024e-8,5.36916502369e-8,6.90502943712e-8,1.24758429365e-7,3.33663962238e-7,2.19838263149e-8,2.27107541106e-10,2.03786831854e-9,2.98228308715e-9,2.67678743754e-11,3.79254613825e-12,5.72798015616e-12,2.36905814925e-14],"dvar2":[2.06796108015e-11,2.52825145708e-7,0.00000267188079306,0.0000124922125906,0.00000117624654195,0.00000649308776701,0.0000212329614442,0.0000123296658785,0.00000869357882038,2.30735906825e-7,0.00000345770149579,0.00000529028329765,0.00000272498732556,0.00000112157852072,1.55663556711e-7,9.82840049346e-8,1.27226357449e-7,3.2181785059e-7,7.50055392018e-7,4.76399613092e-8,5.34362443183e-10,4.31148805546e-9,6.53118537031e-9,5.85641674045e-11,8.6298477045e-12,1.12242550324e-11,4.12322221722e-14],"max":[0.0000385145795008,0.003890668042,0.0152051281184,0.059435158968,0.0173966884613,0.0424428023398,0.0683835074306,0.0612138845026,0.063811339438,0.0128265172243,0.048775549978,0.0523490346968,0.0457560680807,0.0278484541923,0.00807354599237,0.00885377079248,0.0070621157065,0.0146379005164,0.0234339907765,0.00503094960004,0.000396979914512,0.00136133620981,0.00294620520435,0.000133553679916,0.0000466561250505,0.0000915294731385,0.0000077972345025],"mean":[0.0000076621563494,0.000222869217396,0.00108974671457,0.00104122888297,0.00079165835632,0.00131225213408,0.00200236123055,0.00158338737674,0.00113539665472,0.000161304837093,0.000667432439514,0.000917036668397,0.000387874577427,0.000278239167528,0.000102445577795,0.0000916787466849,0.000146247126395,0.000115276568977,0.000231380879995,0.0000448625069112,0.00000665366223984,0.0000140436486618,0.0000139349076562,0.0000022974913918,0.00000107509765712,0.00000106732488803,1.73041854623e-7],"median":[0.00000761439605412,0.0000900621671462,0.000585664180107,0.000346298533259,0.000390516361222,0.000310285860905,0.000323275336996,0.0000809088669484,0.0000286448776023,0.0000158877701324,0.0000201395996555,0.0000207148150366,0.0000100608540379,0.0000064002133513,0.00000492649814987,0.00000560736316402,0.00000835072205518,0.0000088167762442,0.0000103366664916,0.00000278809329757,0.0000010311529195,0.00000150890195982,0.00000136577102694,4.40348117081e-7,2.66802999249e-7,1.56586054345e-7,1.26281946677e-7],"min":[1.57736349503e-25,6.18766815445e-25,1.08705269398e-24,9.68153310367e-25,4.75236315032e-24,5.15211486416e-24,1.11647428696e-23,3.5272866192e-24,1.3422419393e-23,2.02409954252e-23,1.07507952093e-23,2.21409479828e-23,3.8813180849e-23,2.95390701454e-23,2.8062508702e-23,5.34457744017e-23,5.30765307001e-23,8.24059500159e-23,1.26097762247e-22,1.53087470605e-22,2.06175310415e-22,2.62448166664e-22,4.04984023127e-22,5.32766867998e-22,8.21445480176e-22,1.28518704421e-21,1.9331259383e-21],"var":[9.19826194379e-12,1.33745032826e-7,0.00000199679470825,0.00000743611280996,0.00000120785307445,0.00000913774329092,0.000026876330594,0.0000249290205829,0.0000201070561161,2.73619377822e-7,0.00000826159703138,0.0000128760430016,0.00000401571242037,0.00000264158461505,1.8204002572e-7,1.68681381751e-7,2.30170400073e-7,1.63774302564e-7,6.87158546953e-7,4.2909707787e-8,3.9331610191e-10,3.7937821773e-9,5.26428589609e-9,4.92090604376e-11,7.17156802693e-12,1.22489006785e-11,6.07334007304e-14]},"barkbands_crest":{"dmean":2.53932666779,"dmean2":4.15553617477,"dvar":5.32035112381,"dvar2":13.1215076447,"max":26.8876476288,"mean":11.4241752625,"median":10.7229633331,"min":3.53648042679,"var":19.1179580688},"barkbands_flatness_db":{"dmean":0.0208659786731,"dmean2":0.0320229679346,"dvar":0.000412892666645,"dvar2":0.00091150222579,"max":0.485791027546,"mean":0.196803316474,"median":0.19518533349,"min":0.0545450076461,"var":0.00326708494686},"barkbands_kurtosis":{"dmean":6.11305999756,"dmean2":9.77955436707,"dvar":227.581054688,"dvar2":668.428588867,"max":591.370361328,"mean":13.2176570892,"median":5.77886390686,"min":-1.89100658894,"var":528.784240723},"barkbands_skewness":{"dmean":0.629863798618,"dmean2":0.994872927666,"dvar":0.562507748604,"dvar2":1.37398481369,"max":24.1879043579,"mean":2.14589977264,"median":1.88007426262,"min":-2.77391290665,"var":4.0118894577},"barkbands_spread":{"dmean":2.93591690063,"dmean2":4.54868364334,"dvar":21.4262447357,"dvar2":47.7290534973,"max":110.351074219,"mean":10.5200910568,"median":7.89306354523,"min":0.544713795185,"var":84.658416748},"dissonance":{"dmean":0.0258245188743,"dmean2":0.0427355468273,"dvar":0.000692202826031,"dvar2":0.00188550027087,"max":0.500000059605,"mean":0.434402316809,"median":0.444045007229,"min":0.207584112883,"var":0.00226347474381},"dynamic_complexity":6.83351516724,"erbbands":{"dmean":[0.00108861248009,0.0547450371087,0.56169372797,1.87335669994,1.58110177517,1.55397152901,2.4401204586,6.87296485901,14.601776123,17.2145786285,18.553401947,12.0327796936,3.14606523514,6.77827644348,13.9338493347,15.5132923126,9.28082561493,7.4320268631,4.50416994095,3.18994832039,2.30596995354,4.15332126617,2.95466136932,4.74990463257,5.4189696312,1.22742009163,0.268304556608,0.141577452421,0.263308793306,0.410738617182,0.189955204725,0.0526063553989,0.0143046407029,0.00670629693195,0.0046683032997,0.00363673898391,0.000921634898987,0.000104945283965,0.0000080569061538,0.00000460217870568],"dmean2":[0.00177910586353,0.0908951312304,0.956115961075,3.04580163956,2.47994208336,2.50061178207,3.76510667801,10.5289754868,21.8890132904,25.2032184601,25.7904243469,15.842458725,4.58789587021,9.62990665436,19.061788559,20.7786922455,11.7752637863,9.93650341034,5.74525499344,4.17534446716,3.04670906067,5.45959806442,3.9839887619,6.85607004166,7.55233716965,1.71016705036,0.400314599276,0.202485114336,0.395389974117,0.623520553112,0.26869019866,0.0777863636613,0.0212362781167,0.0100381644443,0.0070895338431,0.00549303460866,0.00133916689083,0.000151520347572,0.0000116392056952,0.00000630962222203],"dvar":[0.0000035715879676,0.00928654335439,0.82045853138,24.2615222931,14.8616428375,9.74418354034,23.8596324921,347.78717041,2134.16430664,2623.21655273,3626.71362305,2425.12670898,176.143966675,933.713623047,2762.14038086,4079.5456543,2132.2253418,1515.86560059,435.485931396,211.30960083,98.5191802979,223.512741089,145.772781372,679.667602539,487.809967041,33.2544326782,1.35064125061,0.262472271919,1.93480265141,7.54828977585,1.03095364571,0.0411520712078,0.00350414472632,0.000580448831897,0.000221367910854,0.000225502677495,0.0000125699143609,1.98634978688e-7,5.41337197291e-10,6.07246128381e-11],"dvar2":[0.00000956709027378,0.0253328420222,2.2716691494,53.3074645996,32.0542526245,25.7769088745,52.3549728394,755.829406738,4612.28955078,5186.96777344,6656.67578125,4145.75537109,307.869903564,1863.39294434,5109.24560547,5847.78173828,3582.1496582,2307.83203125,687.03338623,334.601318359,162.486083984,416.155975342,336.685089111,1325.79968262,924.21685791,61.639831543,3.22110366821,0.555060446262,4.26602506638,17.5054702759,1.98926651478,0.0897608324885,0.0067448806949,0.00126725644805,0.000512858852744,0.000481697759824,0.0000240601439145,3.50626208956e-7,9.52437573254e-10,1.01377489736e-10],"max":[0.0285086259246,1.3141592741,13.1824855804,129.195831299,97.66771698,101.964820862,104.783546448,441.846557617,1282.11206055,1431.46362305,1664.19140625,1602.16491699,600.934204102,1399.47753906,1755.57080078,2643.82666016,1796.18933105,1285.78076172,722.360473633,385.659118652,388.507720947,431.00491333,322.511260986,1144.76879883,587.851074219,212.34147644,27.0143013,13.5851554871,50.820148468,129.860244751,44.4583358765,6.57531023026,2.23699951172,0.888761758804,0.388528078794,0.533216178417,0.125999853015,0.0195363741368,0.00107662857044,0.000138247502036],"mean":[0.00178555084858,0.081697396934,0.947374880314,2.78257513046,2.34087181091,2.90985679626,5.05895757675,13.2278108597,26.2333450317,30.2128543854,40.5537910461,25.241312027,6.47222995758,14.4603996277,29.7350234985,34.073223114,16.9903392792,15.3457956314,8.57223129272,5.80034589767,4.66174936295,8.5042886734,6.30668592453,9.4561624527,10.3182573318,2.1334631443,0.423132032156,0.254315346479,0.446952998638,0.627340376377,0.320855945349,0.0887433588505,0.0245345011353,0.0114905238152,0.00817554909736,0.00594669021666,0.00161953514908,0.000229926357861,0.0000322780615534,0.0000166058325703],"median":[0.000899636361282,0.0405539572239,0.534803152084,1.27437949181,0.948805689812,1.45685243607,1.69830727577,2.8564825058,4.03452301025,4.6824054718,1.39297199249,0.648548185825,0.634708404541,0.633935987949,0.927221655846,0.950889527798,0.575880527496,0.364259600639,0.332638084888,0.286858439445,0.34576523304,0.517130613327,0.47042620182,0.571002960205,0.415989995003,0.144747018814,0.059313159436,0.0386523455381,0.0476962700486,0.0570939928293,0.0348148196936,0.0136647541076,0.00600250903517,0.00305880862288,0.00181195803452,0.000833155820146,0.000257990439422,0.00007589852612,0.0000203617018997,0.0000081301704995],"min":[2.7567413287e-23,2.61177406409e-22,2.15281791963e-21,3.30020507484e-21,6.56132182677e-21,1.41124266488e-20,2.07156673071e-20,3.98782642401e-20,8.80960923301e-20,1.40756852893e-19,9.22892518009e-20,3.60508601255e-19,4.55474648292e-19,4.51055746062e-19,8.99079978577e-19,1.07657980654e-18,1.76376185818e-18,1.69414778539e-18,2.34273906972e-18,2.57924965238e-18,3.87674572249e-18,4.04191921516e-18,4.54001553358e-18,4.63782840025e-18,6.6607134775e-18,7.82289851582e-18,7.94884420871e-18,8.72316136267e-18,9.67907774832e-18,9.94417259103e-18,1.08382688064e-17,1.00392925712e-17,8.66278958567e-18,7.97882702437e-18,5.98671017078e-18,4.17407786162e-18,2.17482305973e-18,9.39341443929e-19,2.27613608946e-19,2.48636000317e-20],"var":[0.00000645867794447,0.0140497870743,1.45788836479,32.9428825378,22.399471283,21.3485012054,74.9641799927,1059.65307617,5621.85791016,6314.43017578,16028.8554688,9713.58007813,582.184509277,3752.72363281,11601.2373047,20494.3867188,5786.08007813,5682.26953125,1615.7878418,559.468017578,371.922973633,770.591552734,322.322021484,1224.734375,1466.1451416,83.7579193115,2.01740598679,0.626026451588,3.88450813293,10.9195804596,2.53315114975,0.0869197100401,0.00671231886372,0.000974365393631,0.00044597973465,0.000403806974646,0.0000283309345832,4.86901683416e-7,1.83283399569e-9,4.67102079238e-10]},"erbbands_crest":{"dmean":2.94378805161,"dmean2":4.81685113907,"dvar":7.52214050293,"dvar2":19.3456268311,"max":30.9203987122,"mean":11.1321954727,"median":10.4269886017,"min":2.69621491432,"var":21.4303188324},"erbbands_flatness_db":{"dmean":0.017584355548,"dmean2":0.0264621116221,"dvar":0.000283676839899,"dvar2":0.000584955269005,"max":0.357024729252,"mean":0.204031810164,"median":0.210023716092,"min":0.0304958634079,"var":0.00300229876302},"erbbands_kurtosis":{"dmean":1.66119337082,"dmean2":2.62524414063,"dvar":7.31738615036,"dvar2":16.403585434,"max":67.8777008057,"mean":2.30458164215,"median":1.26322042942,"min":-1.79390132427,"var":16.8566513062},"erbbands_skewness":{"dmean":0.429163068533,"dmean2":0.659614741802,"dvar":0.198514044285,"dvar2":0.418723851442,"max":5.94305849075,"mean":0.944246530533,"median":1.01409292221,"min":-6.66079616547,"var":1.14652454853},"erbbands_spread":{"dmean":6.41183948517,"dmean2":10.0059175491,"dvar":61.4371681213,"dvar2":142.488586426,"max":142.891021729,"mean":28.2088527679,"median":23.9638557434,"min":1.88049042225,"var":301.425750732},"gfcc":{"cov":[[53183.4609375,6118.84570313,-7284.61474609,200.165023804,-3114.48754883,-894.235229492,-1636.25158691,128.871231079,-1128.35351563,-497.824157715,-82.105178833,-89.3201599121,-1710.68457031],[6118.84570313,1591.23010254,-517.254760742,-205.357940674,-265.305786133,-175.348709106,-157.392288208,-31.7629432678,-117.326286316,-124.457870483,5.33789587021,-15.1516256332,-133.050918579],[-7284.61474609,-517.254760742,1829.35961914,204.97454834,457.701538086,188.931900024,153.210845947,-78.4765319824,116.885856628,26.3649864197,-92.2185134888,31.3467159271,313.45513916],[200.165023804,-205.357940674,204.97454834,587.450866699,133.426208496,-12.8545055389,-178.436294556,-70.760559082,23.8515319824,-10.3826208115,-76.1397323608,-31.8385219574,72.02368927],[-3114.48754883,-265.305786133,457.701538086,133.426208496,486.401245117,69.7705917358,-73.0424499512,-81.3894348145,109.368354797,66.5308456421,-38.3586921692,-53.1516036987,154.876449585],[-894.235229492,-175.348709106,188.931900024,-12.8545055389,69.7705917358,245.283874512,75.263168335,-45.6217422485,12.4750108719,20.6820716858,-40.7994117737,-25.8798923492,23.0790672302],[-1636.25158691,-157.392288208,153.210845947,-178.436294556,-73.0424499512,75.263168335,374.871520996,131.175018311,-32.2317428589,-54.2444381714,21.0094032288,16.3200435638,-19.6776409149],[128.871231079,-31.7629432678,-78.4765319824,-70.760559082,-81.3894348145,-45.6217422485,131.175018311,189.768508911,-20.0789890289,-44.6866340637,27.1605091095,-0.698448002338,-33.9864082336],[-1128.35351563,-117.326286316,116.885856628,23.8515319824,109.368354797,12.4750108719,-32.2317428589,-20.0789890289,133.762695313,47.3542442322,-25.0333137512,-28.2255935669,47.3235626221],[-497.824157715,-124.457870483,26.3649864197,-10.3826208115,66.5308456421,20.6820716858,-54.2444381714,-44.6866340637,47.3542442322,136.09085083,20.6240062714,-22.4841098785,5.42851018906],[-82.105178833,5.33789587021,-92.2185134888,-76.1397323608,-38.3586921692,-40.7994117737,21.0094032288,27.1605091095,-25.0333137512,20.6240062714,131.368331909,35.956905365,-22.608039856],[-89.3201599121,-15.1516256332,31.3467159271,-31.8385219574,-53.1516036987,-25.8798923492,16.3200435638,-0.698448002338,-28.2255935669,-22.4841098785,35.956905365,124.220985413,15.7612657547],[-1710.68457031,-133.050918579,313.45513916,72.02368927,154.876449585,23.0790672302,-19.6776409149,-33.9864082336,47.3235626221,5.42851018906,-22.608039856,15.7612657547,169.577148438]],"icov":[[0.000674135924783,-0.00181218620855,0.0015311568277,-0.00149544840679,0.00187453778926,-0.00154586788267,0.0021670809947,-0.00183553458191,0.00199334230274,-0.00117396377027,0.00181476224679,-0.000778569607064,0.00136123981792],[-0.00181218620855,0.00590431783348,-0.00415141042322,0.0046321041882,-0.00475494330749,0.00470082554966,-0.00513741932809,0.00545414350927,-0.00490555772558,0.00431285332888,-0.00479910708964,0.00279026920907,-0.00341067323461],[0.0015311568277,-0.00415141042322,0.00455517601222,-0.00372664653696,0.00368357519619,-0.00375420227647,0.00404306221753,-0.003901344724,0.00441566482186,-0.00294027663767,0.00449629034847,-0.00233604083769,0.00186415552162],[-0.00149544840679,0.0046321041882,-0.00372664653696,0.0060627325438,-0.00419137300923,0.00387076591142,-0.00309862638824,0.00422077253461,-0.00376315671019,0.00390869798139,-0.00319815054536,0.00259850244038,-0.00309336534701],[0.00187453778926,-0.00475494330749,0.00368357519619,-0.00419137300923,0.00937751773745,-0.00456537725404,0.00673272600397,-0.00455168122426,0.0043245665729,-0.00349840312265,0.00441138260067,-0.000213934807107,0.00158968567848],[-0.00154586788267,0.00470082554966,-0.00375420227647,0.00387076591142,-0.00456537725404,0.00966826640069,-0.00671913381666,0.00675442721695,-0.0037453440018,0.00228500668891,-0.00260008987971,0.00305862911046,-0.00284195784479],[0.0021670809947,-0.00513741932809,0.00404306221753,-0.00309862638824,0.00673272600397,-0.00671913381666,0.0131178889424,-0.00909502618015,0.00702660018578,-0.00161214242689,0.00530468858778,-0.00205769808963,0.00512716500089],[-0.00183553458191,0.00545414350927,-0.003901344724,0.00422077253461,-0.00455168122426,0.00675442721695,-0.00909502618015,0.0142454374582,-0.00598969124258,0.00539360009134,-0.00604739366099,0.00395055161789,-0.00345569639467],[0.00199334230274,-0.00490555772558,0.00441566482186,-0.00376315671019,0.0043245665729,-0.0037453440018,0.00702660018578,-0.00598969124258,0.0170152839273,-0.00634200777858,0.00747036747634,-0.000879547267687,0.00240324647166],[-0.00117396377027,0.00431285332888,-0.00294027663767,0.00390869798139,-0.00349840312265,0.00228500668891,-0.00161214242689,0.00539360009134,-0.00634200777858,0.0141980582848,-0.00647988263518,0.00375343696214,-0.000803530740086],[0.00181476224679,-0.00479910708964,0.00449629034847,-0.00319815054536,0.00441138260067,-0.00260008987971,0.00530468858778,-0.00604739366099,0.00747036747634,-0.00647988263518,0.0156630259007,-0.00513739045709,0.00400581257418],[-0.000778569607064,0.00279026920907,-0.00233604083769,0.00259850244038,-0.000213934807107,0.00305862911046,-0.00205769808963,0.00395055161789,-0.000879547267687,0.00375343696214,-0.00513739045709,0.0123767601326,-0.00382836535573],[0.00136123981792,-0.00341067323461,0.00186415552162,-0.00309336534701,0.00158968567848,-0.00284195784479,0.00512716500089,-0.00345569639467,0.00240324647166,-0.000803530740086,0.00400581257418,-0.00382836535573,0.0139033421874]],"mean":[-175.377868652,121.270126343,-95.4158477783,16.8304824829,-51.382434845,-11.888302803,-35.4985580444,-1.65681254864,-21.4904537201,-8.84811019897,-8.0158700943,-1.06011497974,-25.0515403748]},"hfc":{"dmean":2.59601807594,"dmean2":3.20913672447,"dvar":31.7031383514,"dvar2":42.8776512146,"max":130.970275879,"mean":8.63296222687,"median":2.03167724609,"min":1.05444570653e-16,"var":268.068817139},"melbands":{"dmean":[0.0000257599167526,0.000214409563341,0.000312507385388,0.000089920424216,0.0000835319951875,0.000159080227604,0.000219111781917,0.000183157884749,0.000158481445396,0.0000656569463899,0.0000149622092067,0.0000252677109529,0.0000475802953588,0.0000523908056493,0.0000352252500306,0.0000171939209395,0.0000146672264236,0.00000914530573937,0.00000520960475114,0.00000416853208662,0.00000266463598564,0.00000454724158772,0.00000364463176084,0.00000266687447947,0.00000406637218475,0.00000522074697074,0.00000236188020608,5.10697248046e-7,1.90161017599e-7,9.3130651635e-8,8.27300041806e-8,1.45535778984e-7,2.0992303007e-7,2.43959590307e-7,1.23694874787e-7,6.11033144082e-8,2.31876740031e-8,1.13069269503e-8,6.69668720477e-9,5.66454616546e-9],"dmean2":[0.000042360927182,0.00036367890425,0.000503909366671,0.000140677133459,0.000131601220346,0.000245382951107,0.00032519485103,0.000264227099251,0.000219412104343,0.0000868623101269,0.0000224989616981,0.000035817924072,0.000066438507929,0.0000688008440193,0.0000454304899904,0.0000229880060942,0.000019711575078,0.0000123664403873,0.00000740522318665,0.00000566928019907,0.00000356177793037,0.00000611330233369,0.00000501870181324,0.00000386996407542,0.00000600032217335,0.00000737298523745,0.00000332696617988,7.54366681122e-7,2.92943497016e-7,1.38286608831e-7,1.19677679322e-7,2.24364328005e-7,3.11171874046e-7,3.6840557982e-7,1.7549203335e-7,9.34048856038e-8,3.45717872108e-8,1.69687730533e-8,1.00983301721e-8,8.72260130791e-9],"dvar":[2.24954832539e-9,1.14078652302e-7,6.79570518969e-7,2.70576290262e-8,2.31373213921e-8,1.80119712923e-7,4.05228234968e-7,2.75088353874e-7,2.80085828308e-7,7.32512788204e-8,4.39712843914e-9,1.27077166567e-8,3.45586528283e-8,4.37989662316e-8,2.76266405308e-8,7.49204964734e-9,6.30940810709e-9,2.29271246432e-9,7.7691081346e-10,4.65052690801e-10,1.5207134163e-10,3.08176595354e-10,2.02516656223e-10,2.80373363415e-10,5.56039547739e-10,5.78128878104e-10,1.21101642603e-10,7.24442511188e-12,9.21872170614e-13,9.75261063856e-14,1.04334909581e-13,7.92231514765e-13,1.3576766664e-12,3.27230408569e-12,4.61735196518e-13,7.53432621739e-14,7.00228584968e-15,2.41847261144e-15,8.4436368174e-16,3.67924298401e-16],"dvar2":[6.18564754973e-9,3.15874530088e-7,0.00000145585897826,6.53085834301e-8,5.32229904593e-8,4.14326279952e-7,8.5110150394e-7,5.32745332293e-7,5.09871199483e-7,1.24669256252e-7,7.61833440777e-9,2.53757850288e-8,6.55240199876e-8,7.04882481273e-8,4.19644123895e-8,1.26247785559e-8,9.52610701432e-9,3.69960662105e-9,1.60165614105e-9,8.74918748561e-10,2.62999511058e-10,5.84353065936e-10,4.47858999886e-10,7.33234251094e-10,1.10408926446e-9,1.28419885836e-9,2.51454496114e-10,1.3266313395e-11,2.34205515225e-12,2.08774404015e-13,2.23851861526e-13,2.0417769038e-12,2.85523731394e-12,7.80764342068e-12,8.52755745791e-13,1.69160462005e-13,1.53993927121e-14,4.80205762985e-15,1.77328909782e-15,8.4754624922e-16],"max":[0.000631994509604,0.00506078032777,0.0200726576149,0.00441041914746,0.00281761819497,0.00950875133276,0.0165657419711,0.0138957696036,0.0155761847273,0.0085922786966,0.00292461947538,0.00516015756875,0.00745312822983,0.00659725163132,0.00547559000552,0.00352982920595,0.0029243666213,0.00178856810089,0.000838770880364,0.000862323970068,0.000467828387627,0.000483611511299,0.000509933975991,0.000719715142623,0.0010758403223,0.000782928487752,0.00031369869248,0.000107970823592,0.0000242251189775,0.00000676513946019,0.00000970273595158,0.0000389815031667,0.0000394206726924,0.0000951113106566,0.0000317953163176,0.0000101052255559,0.00000246318040809,0.00000173102432655,0.00000101404293673,6.49237051675e-7],"mean":[0.0000367057400581,0.000368289329344,0.00047944355174,0.000165249919519,0.000174391258042,0.000307333306409,0.000397400028305,0.000324105843902,0.000348550791387,0.000132906774525,0.000026873234674,0.0000517151420354,0.0000993500361801,0.000105256149254,0.0000626205801382,0.0000318212041748,0.0000286604172288,0.0000160828330991,0.00000817338604975,0.00000722061258784,0.00000482401310364,0.00000865250331117,0.00000773207557359,0.00000482680661662,0.00000777238801675,0.00000957001338975,0.00000410968868891,7.85415522842e-7,2.52351952668e-7,1.57106597953e-7,1.38800231753e-7,2.33851864095e-7,3.20128719977e-7,3.61634562296e-7,2.04231881185e-7,9.63949062793e-8,3.68379104998e-8,1.79534609401e-8,1.06341380146e-8,9.14203557301e-9],"median":[0.0000154524677782,0.00021511351224,0.000234489983995,0.0000845237154863,0.0000689017178956,0.0000668763386784,0.0000663349273964,0.0000413978414144,0.00000779159108788,0.00000364962465937,0.00000279506366496,0.000002249414365,0.0000029143006941,0.00000236253708863,0.0000016954337525,8.78130379078e-7,5.78322442379e-7,5.07875824951e-7,3.62893104011e-7,3.78808834967e-7,3.50346681444e-7,4.37496112227e-7,4.42351051788e-7,3.72785848413e-7,4.17178426915e-7,3.48817309259e-7,1.59533627198e-7,5.70474263384e-8,3.18755155604e-8,2.21857821003e-8,1.86896826904e-8,2.12604511773e-8,3.12628287702e-8,2.873876781e-8,2.00778380588e-8,1.13919433886e-8,5.66502844634e-9,3.77247033612e-9,2.63595856254e-9,2.19857265726e-9],"min":[3.41051982243e-25,8.98729409188e-25,6.26158195608e-25,6.22290311982e-25,6.39695098045e-25,9.64984949149e-25,1.68968188049e-24,1.39828346603e-24,7.07524760639e-25,1.83423354163e-24,2.01857830505e-24,1.63690757897e-24,2.16238607035e-24,2.59604006767e-24,2.1931808335e-24,3.24571534085e-24,2.75393649431e-24,2.66523756577e-24,2.63098601413e-24,2.26574124564e-24,3.66374890618e-24,2.80485726852e-24,4.36545606416e-24,3.9502107277e-24,2.63068447205e-24,4.42592185811e-24,4.19509721294e-24,4.66304595204e-24,3.58809201777e-24,4.52975370261e-24,4.74703557819e-24,4.99929317973e-24,4.59275528994e-24,5.32666098906e-24,5.23674267878e-24,5.3409776312e-24,5.42502089989e-24,5.4453845553e-24,6.16041794055e-24,5.45386678218e-24],"var":[3.44319461831e-9,2.11249613358e-7,9.37305458137e-7,6.04599890153e-8,7.30280476091e-8,5.3541947409e-7,0.00000109728148345,7.31534044007e-7,0.00000124707651139,2.860057009e-7,1.29888064748e-8,4.94628196179e-8,1.59363196417e-7,1.73969283424e-7,8.6110844677e-8,2.43100455322e-8,2.3192352927e-8,8.12043232656e-9,1.36268540896e-9,1.11813103221e-9,4.59427829114e-10,9.6097019231e-10,5.16887144197e-10,3.30207972077e-10,9.32138255472e-10,1.31612332144e-9,3.04085673308e-10,1.63985561241e-11,1.02214992113e-12,2.17335779365e-13,2.34218704544e-13,1.32412852384e-12,2.2477202391e-12,4.40178492614e-12,1.19090978398e-12,1.50304017821e-13,1.43023834014e-14,4.41059203591e-15,1.26925060174e-15,6.03656029311e-16]},"melbands_crest":{"dmean":3.24741435051,"dmean2":5.30061006546,"dvar":8.91480731964,"dvar2":22.4317760468,"max":39.8512268066,"mean":14.7040166855,"median":14.1856861115,"min":1.42760336399,"var":36.9267463684},"melbands_flatness_db":{"dmean":0.024536812678,"dmean2":0.037503041327,"dvar":0.000608070404269,"dvar2":0.00131387414876,"max":0.539996147156,"mean":0.283804982901,"median":0.286067962646,"min":0.00273087411188,"var":0.00808156374842},"melbands_kurtosis":{"dmean":10.9118452072,"dmean2":17.7231311798,"dvar":1079.34057617,"dvar2":3330.75170898,"max":1374.76879883,"mean":22.8953266144,"median":9.64384841919,"min":-1.93591153622,"var":2081.21435547},"melbands_skewness":{"dmean":0.768987834454,"dmean2":1.22072923183,"dvar":1.05966663361,"dvar2":2.7180287838,"max":35.8385238647,"mean":2.77300643921,"median":2.30171346664,"min":-0.829641342163,"var":5.81843280792},"melbands_spread":{"dmean":4.12297010422,"dmean2":6.47587871552,"dvar":58.8582649231,"dvar2":127.20400238,"max":160.987533569,"mean":16.841878891,"median":8.79814720154,"min":0.470039695501,"var":759.243713379},"mfcc":{"cov":[[14752.5136719,2710.33276367,-2185.55444336,2.56314849854,-1034.6159668,-636.075500488,-448.333007813,394.990264893,-1082.390625,56.7661590576,369.041229248,-15.299621582,296.523132324],[2710.33276367,2327.06689453,60.5823020935,-6.77075338364,-81.6714477539,-184.531143188,-31.3188076019,73.4036560059,-182.903152466,-95.6872711182,50.7276268005,-30.4634189606,66.102104187],[-2185.55444336,60.5823020935,1005.44873047,201.960830688,183.618667603,147.815963745,111.273468018,-6.6723780632,197.610412598,-80.4180908203,-125.221206665,-3.45904779434,-47.1717643738],[2.56314849854,-6.77075338364,201.960830688,487.296081543,246.481109619,10.865278244,-67.1820602417,-40.8914756775,25.4742164612,-18.0343990326,-72.3939208984,-57.1956634521,-19.3064861298],[-1034.6159668,-81.6714477539,183.618667603,246.481109619,598.149291992,196.675964355,-115.826377869,-201.799468994,91.8066711426,37.8480796814,-99.3626174927,-64.9599533081,-64.6450424194],[-636.075500488,-184.531143188,147.815963745,10.865278244,196.675964355,326.605957031,-21.3405685425,-110.118782043,73.9199371338,9.73487377167,-34.6564369202,-12.8875255585,-38.6540298462],[-448.333007813,-31.3188076019,111.273468018,-67.1820602417,-115.826377869,-21.3405685425,232.455368042,95.6674194336,37.4130744934,2.18464255333,-5.82898902893,44.0365791321,14.6029634476],[394.990264893,73.4036560059,-6.6723780632,-40.8914756775,-201.799468994,-110.118782043,95.6674194336,233.936294556,-1.23624622822,-36.7768936157,7.37998390198,14.4508104324,33.7498779297],[-1082.390625,-182.903152466,197.610412598,25.4742164612,91.8066711426,73.9199371338,37.4130744934,-1.23624622822,234.006362915,17.1172542572,-67.8506393433,11.9879770279,-45.7742843628],[56.7661590576,-95.6872711182,-80.4180908203,-18.0343990326,37.8480796814,9.73487377167,2.18464255333,-36.7768936157,17.1172542572,165.268295288,28.5961742401,4.07890081406,-21.293006897],[369.041229248,50.7276268005,-125.221206665,-72.3939208984,-99.3626174927,-34.6564369202,-5.82898902893,7.37998390198,-67.8506393433,28.5961742401,141.214431763,14.0449991226,-8.94387817383],[-15.299621582,-30.4634189606,-3.45904779434,-57.1956634521,-64.9599533081,-12.8875255585,44.0365791321,14.4508104324,11.9879770279,4.07890081406,14.0449991226,113.403091431,23.0437107086],[296.523132324,66.102104187,-47.1717643738,-19.3064861298,-64.6450424194,-38.6540298462,14.6029634476,33.7498779297,-45.7742843628,-21.293006897,-8.94387817383,23.0437107086,123.19165802]],"icov":[[0.000303638167679,-0.000333982665325,0.000553460908122,-0.000497707747854,0.000532508303877,-0.000396356568672,0.000500869180541,-0.000478314846987,0.000726965314243,-0.000412466877606,0.000351202354068,-0.000279350933852,0.0000855913822306],[-0.000333982665325,0.00087126379367,-0.000779298658017,0.00066602928564,-0.000728664337657,0.000723923556507,-0.000439070601715,0.000398731295718,-0.000423084857175,0.000629580637906,-0.000551832723431,0.000424461293733,-0.000237887856201],[0.000553460908122,-0.000779298658017,0.00265720835887,-0.00154313910753,0.000942524580751,-0.00125022116117,-0.0000641526276013,-0.000687053310685,0.000319643237162,0.0000546151022718,0.00101824814919,-0.000579043407924,0.000470201775897],[-0.000497707747854,0.00066602928564,-0.00154313910753,0.00398090714589,-0.00227266387083,0.00152750406414,-0.00014077265223,0.0001771019015,-0.000650940462947,0.000743368116673,-0.0000870454387041,0.00106801779475,-0.000191007100511],[0.000532508303877,-0.000728664337657,0.000942524580751,-0.00227266387083,0.00496347993612,-0.0019610747695,0.00145343283657,0.00131005677395,0.000654881703667,-0.00150778179523,0.00218354584649,0.000225829018746,0.000671050336678],[-0.000396356568672,0.000723923556507,-0.00125022116117,0.00152750406414,-0.0019610747695,0.00522518996149,-0.000823741196655,0.0019072946161,-0.00143579358701,0.000945307838265,-0.000727267120965,0.000634457275737,-0.0000297764563584],[0.000500869180541,-0.000439070601715,-0.0000641526276013,-0.00014077265223,0.00145343283657,-0.000823741196655,0.00736290030181,-0.00306512624957,0.00109614990652,-0.00178760965355,0.00109719682951,-0.00204341462813,0.000014748618014],[-0.000478314846987,0.000398731295718,-0.000687053310685,0.0001771019015,0.00131005677395,0.0019072946161,-0.00306512624957,0.00855592079461,-0.00240082293749,0.00176103762351,-0.000321005558362,0.00159148382954,-0.000901415012777],[0.000726965314243,-0.000423084857175,0.000319643237162,-0.000650940462947,0.000654881703667,-0.00143579358701,0.00109614990652,-0.00240082293749,0.00890017021447,-0.00219125417061,0.00356277031824,-0.00205096742138,0.00248912163079],[-0.000412466877606,0.000629580637906,0.0000546151022718,0.000743368116673,-0.00150778179523,0.000945307838265,-0.00178760965355,0.00176103762351,-0.00219125417061,0.00805111508816,-0.00241077388637,0.000370992405806,0.000360211677616],[0.000351202354068,-0.000551832723431,0.00101824814919,-0.0000870454387041,0.00218354584649,-0.000727267120965,0.00109719682951,-0.000321005558362,0.00356277031824,-0.00241077388637,0.0111664859578,-0.00155451218598,0.00271113286726],[-0.000279350933852,0.000424461293733,-0.000579043407924,0.00106801779475,0.000225829018746,0.000634457275737,-0.00204341462813,0.00159148382954,-0.00205096742138,0.000370992405806,-0.00155451218598,0.0110852327198,-0.00237027648836],[0.0000855913822306,-0.000237887856201,0.000470201775897,-0.000191007100511,0.000671050336678,-0.0000297764563584,0.000014748618014,-0.000901415012777,0.00248912163079,0.000360211677616,0.00271113286726,-0.00237027648836,0.0104045178741]],"mean":[-797.965209961,158.447387695,5.48208427429,28.4086723328,0.379447698593,-6.0376086235,-8.49220085144,6.56511640549,-19.7447853088,-4.46702241898,1.79931724072,-3.43127918243,5.14424133301]},"pitch_salience":{"dmean":0.0751855000854,"dmean2":0.124626129866,"dvar":0.00464263372123,"dvar2":0.0118325827643,"max":0.943777322769,"mean":0.577379584312,"median":0.593958735466,"min":0.0121668735519,"var":0.0208913180977},"silence_rate_20dB":{"dmean":0,"dmean2":0,"dvar":0,"dvar2":0,"max":1,"mean":1,"median":1,"min":1,"var":0},"silence_rate_30dB":{"dmean":0.00084763718769,"dmean2":0.00169563374948,"dvar":0.000846918206662,"dvar2":0.00211666454561,"max":1,"mean":0.999364435673,"median":1,"min":0,"var":0.000635200936813},"silence_rate_60dB":{"dmean":0.0656918808818,"dmean2":0.131411612034,"dvar":0.0613759793341,"dvar2":0.134917244315,"max":1,"mean":0.347245752811,"median":0,"min":0,"var":0.226675137877},"spectral_centroid":{"dmean":166.902679443,"dmean2":254.73387146,"dvar":96142.734375,"dvar2":200752.859375,"max":11736.7314453,"mean":1222.74108887,"median":631.74005127,"min":149.707015991,"var":4705887.5},"spectral_complexity":{"dmean":1.61093449593,"dmean2":2.43493008614,"dvar":3.95416212082,"dvar2":7.15461826324,"max":37,"mean":8.41864395142,"median":7,"min":0,"var":44.0908813477},"spectral_contrast_coeffs":{"dmean":[0.0465760156512,0.04297619313,0.0318443253636,0.0270270332694,0.0224701147527,0.0168993957341],"dmean2":[0.0777263343334,0.0691559687257,0.051379609853,0.04289817065,0.0340730175376,0.0245576389134],"dvar":[0.00143125595059,0.00132492999546,0.00078579748515,0.000588911527302,0.0004860846675,0.000260706816334],"dvar2":[0.00386598915793,0.00336026074365,0.00175509625115,0.00131079740822,0.000928064691834,0.000520774920005],"max":[-0.347944825888,-0.350606739521,-0.437247782946,-0.49836191535,-0.490791380405,-0.607111573219],"mean":[-0.623160839081,-0.705830812454,-0.797222077847,-0.799799084663,-0.778324663639,-0.792333126068],"median":[-0.61128783226,-0.707074403763,-0.81224167347,-0.808122217655,-0.785597205162,-0.790467858315],"min":[-0.982075095177,-0.975541710854,-0.988692760468,-0.976083874702,-0.967721998692,-0.965892374516],"var":[0.0106352064759,0.0115040903911,0.00728340959176,0.00526307243854,0.0060038282536,0.00382193503901]},"spectral_contrast_valleys":{"dmean":[0.440040379763,0.318722754717,0.294437140226,0.270588368177,0.278775274754,0.217669472098],"dmean2":[0.734185636044,0.51362913847,0.474391311407,0.406214177608,0.39616844058,0.311944395304],"dvar":[0.16971167922,0.106375068426,0.0933521091938,0.0878295451403,0.110337428749,0.0864139869809],"dvar2":[0.396048009396,0.207600578666,0.178550541401,0.147619366646,0.179236605763,0.14115011692],"max":[-6.37005567551,-5.1788983345,-5.45725822449,-5.90472173691,-6.08244371414,-9.44890403748],"mean":[-9.1616601944,-8.34417152405,-9.25514221191,-9.94476127625,-10.0401849747,-12.7951564789],"median":[-8.29279232025,-7.38396453857,-8.42840480804,-9.13263893127,-9.26171684265,-12.2481832504],"min":[-28.3084506989,-28.1027183533,-27.795583725,-27.8251628876,-27.4908027649,-27.404838562],"var":[15.824511528,17.9310073853,16.3798847198,15.3299121857,14.9777936935,10.1579246521]},"spectral_decrease":{"dmean":9.65936108877e-10,"dmean2":1.34827549125e-9,"dvar":2.67469781647e-18,"dvar2":4.68056385941e-18,"max":2.42597333958e-28,"mean":-3.06991254639e-9,"median":-1.36094246983e-9,"min":-2.76107208208e-8,"var":1.81319512284e-17},"spectral_energy":{"dmean":0.00385404308327,"dmean2":0.00534029724076,"dvar":0.0000430795989814,"dvar2":0.0000737111040507,"max":0.112513892353,"mean":0.0123695796356,"median":0.00537377689034,"min":9.97297414108e-21,"var":0.000304156681523},"spectral_energyband_high":{"dmean":0.0000252041136264,"dmean2":0.0000354527037416,"dvar":1.51115742142e-8,"dvar2":3.02371176986e-8,"max":0.00444993469864,"mean":0.0000478373731312,"median":0.00000783849463915,"min":6.70439822335e-21,"var":3.18655501985e-8},"spectral_energyband_low":{"dmean":0.00109269528184,"dmean2":0.00179299584124,"dvar":0.00000434057074017,"dvar2":0.0000102151097963,"max":0.0497741065919,"mean":0.00191105075646,"median":0.00111084314995,"min":9.86867832331e-24,"var":0.00000737835489417},"spectral_energyband_middle_high":{"dmean":0.00106341950595,"dmean2":0.00133002572693,"dvar":0.00000786374948802,"dvar2":0.0000113512187454,"max":0.0724631249905,"mean":0.0031075431034,"median":0.000297008926282,"min":1.13073358206e-21,"var":0.0000611901050434},"spectral_energyband_middle_low":{"dmean":0.00296507123858,"dmean2":0.00425903499126,"dvar":0.0000286154936475,"dvar2":0.0000564666152059,"max":0.086040250957,"mean":0.00792249571532,"median":0.00306699844077,"min":1.38817923463e-22,"var":0.000129526699311},"spectral_entropy":{"dmean":0.181406930089,"dmean2":0.276059746742,"dvar":0.0358113572001,"dvar2":0.0768144205213,"max":9.82662582397,"mean":6.92240810394,"median":6.82997608185,"min":5.07325601578,"var":0.621024012566},"spectral_flux":{"dmean":0.0148924374953,"dmean2":0.0235520619899,"dvar":0.000362718215911,"dvar2":0.000860077794641,"max":0.273221045732,"mean":0.0469690449536,"median":0.0378245078027,"min":6.24877719013e-11,"var":0.00159091502428},"spectral_kurtosis":{"dmean":3.33160638809,"dmean2":5.57272863388,"dvar":12.4015722275,"dvar2":33.9019737244,"max":49.3642463684,"mean":10.2224655151,"median":8.82648849487,"min":-1.26302051544,"var":50.8812484741},"spectral_rms":{"dmean":0.000492056249641,"dmean2":0.000683262594976,"dvar":3.64179243206e-7,"dvar2":5.95018718741e-7,"max":0.0104771014303,"mean":0.0027999500744,"median":0.00228969636373,"min":3.1192516018e-12,"var":0.00000422816583523},"spectral_rolloff":{"dmean":210.908035278,"dmean2":358.600311279,"dvar":323712,"dvar2":651029.5,"max":19595.2148438,"mean":1555.92480469,"median":495.263671875,"min":21.533203125,"var":14125227},"spectral_skewness":{"dmean":0.347167521715,"dmean2":0.552436113358,"dvar":0.11305180192,"dvar2":0.272124379873,"max":5.96638345718,"mean":2.21840214729,"median":2.16590666771,"min":-0.0982355773449,"var":0.918311655521},"spectral_spread":{"dmean":381378.3125,"dmean2":593054.8125,"dvar":432924884992,"dvar2":785984651264,"max":42659192,"mean":4901569.5,"median":2946955.5,"min":1413001,"var":60254444322800},"spectral_strongpeak":{"dmean":0.347866803408,"dmean2":0.539733529091,"dvar":0.392775684595,"dvar2":0.905799269676,"max":9.65124797821,"mean":0.84601354599,"median":0.308809816837,"min":0,"var":1.6185836792},"zerocrossingrate":{"dmean":0.00571037642658,"dmean2":0.00719764642417,"dvar":0.000124906262499,"dvar2":0.000195303349756,"max":0.52783203125,"mean":0.0513699799776,"median":0.02783203125,"min":0,"var":0.00964644458145}},"metadata":{"audio_properties":{"analysis_sample_rate":44100,"bit_rate":0,"codec":"flac","downmix":"mix","equal_loudness":0,"length":109.559997559,"lossless":true,"md5_encoded":"3c9dc9333f07fd34c79d74bf77474a97","replay_gain":-8.54565048218,"sample_rate":44100},"tags":{"acoustid_id":["e6d485ac-16d8-4112-b98f-0e69d3b7c3a1"],"album":["Orange Blossom Special"],"albumartist":["Johnny Cash"],"albumartistsort":["Cash, Johnny"],"artist":["Johnny Cash"],"artistsort":["Cash, Johnny"],"asin":["B0000633NV"],"barcode":["5099750637425"],"catalognumber":["COL 506374 2"],"date":["2002"],"discnumber":["1"],"disctotal":["1"],"file_name":"06 - You Wild Colorado.flac","genre":["Country"],"label":["Columbia"],"media":["CD"],"musicbrainz_albumartistid":["d43d12a1-2dc9-4257-a2fd-0a3bb1081b86"],"musicbrainz_albumid":["bb9c1bd0-b3fc-4b3b-bfb3-0c941a50519d"],"musicbrainz_artistid":["d43d12a1-2dc9-4257-a2fd-0a3bb1081b86"],"musicbrainz_recordingid":["254f2c98-6f27-49f8-b0ca-4353ba18aa2a"],"musicbrainz_releasegroupid":["b7b44840-602a-3202-94ce-47f15f38e792"],"originaldate":["1965"],"releasecountry":["XE"],"releasestatus":["official"],"releasetype":["album"],"script":["Latn"],"title":["You Wild Colorado"],"tracknumber":["6"],"tracktotal":["15"]},"version":{"essentia":"2.1-beta2","essentia_build_sha":"2d9f1f26377add8aeb1075a9c2973f962c4f09fd","essentia_git_sha":"v2.1_beta2-1-ge3940c0","extractor":"music 1.0"}},"rhythm":{"beats_count":218,"beats_loudness":{"dmean":0.0165636315942,"dmean2":0.0277894288301,"dvar":0.000308597256662,"dvar2":0.000824502261821,"max":0.109451927245,"mean":0.0189428944141,"median":0.00977277942002,"min":0,"var":0.000477420631796},"beats_loudness_band_ratio":{"dmean":[0.247719377279,0.156554281712,0.20802949369,0.101982817054,0.0753439739347,0.03