{"lowlevel":{"average_loudness":0.880594551563,"barkbands":{"dmean":[0.000196364548174,0.00510198995471,0.00619133003056,0.00286095775664,0.00198290799744,0.000808189215604,0.000696956412867,0.00045890265028,0.000673695642035,0.000189171958482,0.000209460849874,0.000129986830871,0.000167290651007,0.0001310990192,0.000154368681251,0.000161634772667,0.000200529437279,0.000185583470738,0.000233427796047,0.000171829218743,0.000117539675557,0.0000798038454377,0.0000483102485305,0.0000270010932581,0.0000137021925184,0.00000343970327776,4.97905887187e-7],"dmean2":[0.000316815276165,0.00837156176567,0.0100850826129,0.00439353752881,0.00331028015353,0.00135850626975,0.00124963035341,0.000752187508624,0.0010327170603,0.000301620282698,0.000332595198415,0.000213227045606,0.000276836392004,0.000213738181628,0.000251310702879,0.000267859955784,0.000339503079886,0.000312710064463,0.000389733089833,0.000285724556306,0.000196750363102,0.000129289910547,0.0000792991413618,0.0000433870882262,0.0000214849442273,0.00000524621464137,7.67249161981e-7],"dvar":[7.831651061e-8,0.0000731876061764,0.000101017103589,0.0000209897862078,0.0000182777930604,0.00000366285667042,0.0000044642897592,0.00000247949719778,0.00000662388401906,7.44076203318e-7,9.38360471991e-7,2.32232082453e-7,4.28249904871e-7,1.67174391663e-7,2.66991918352e-7,8.37214244598e-8,6.22659612759e-8,5.93821916084e-8,1.1708815606e-7,5.72138461052e-8,2.84175349918e-8,1.6856501972e-8,5.49914025427e-9,1.89082616231e-9,5.45256728657e-10,5.95516483348e-11,1.04469839897e-12],"dvar2":[2.02650909387e-7,0.000199695234187,0.000281237968011,0.0000496299362567,0.0000498322406202,0.00000996930702968,0.0000130520584207,0.00000610210327068,0.0000149567313201,0.00000174224737748,0.00000224771770263,5.96849361045e-7,0.00000110010796561,4.01869300504e-7,6.63560058456e-7,1.99009903668e-7,1.66362681853e-7,1.62035377116e-7,3.05058932781e-7,1.51939531179e-7,7.40074597161e-8,4.27387689683e-8,1.45912988359e-8,4.55294690838e-9,1.29414723382e-9,1.37243619247e-10,2.43689226784e-12],"max":[0.00404741428792,0.119019165635,0.145043224096,0.0856197178364,0.0614692009985,0.0416789054871,0.0326498299837,0.0399371013045,0.0708675161004,0.0297565367073,0.0318268239498,0.0177699383348,0.020655805245,0.0129087977111,0.018990483135,0.00877881608903,0.00452100066468,0.00453081680462,0.0108724981546,0.00502076838166,0.00370156206191,0.0029726261273,0.00140556937549,0.000847122981213,0.000480512127979,0.000192392471945,0.0000236378946283],"mean":[0.000476716464618,0.00888958293945,0.0109311779961,0.00598367489874,0.00310492236167,0.0011926748557,0.000808774435427,0.000660822319333,0.00103049294557,0.000279354193481,0.000278859370155,0.000191196246305,0.000231962403632,0.000202095397981,0.000262285553617,0.000317450088914,0.000456390727777,0.000438352843048,0.000620045990217,0.000450950145023,0.000309849274345,0.000200795620913,0.000129257867229,0.0000752083506086,0.0000375725176127,0.00000811754580354,8.99349458905e-7],"median":[0.000426005048212,0.00703314319253,0.0065200496465,0.00268312823027,0.00200964836404,0.00070838665124,0.0004625300935,0.000206175624044,0.000158267299412,0.000089089924586,0.0000627516346867,0.0000886495909072,0.0000898526777746,0.0000684290062054,0.000121156605019,0.000219166162424,0.000366828637198,0.00033986280323,0.000458167691249,0.000321714032907,0.000232812963077,0.000135679161758,0.0000887188070919,0.0000507280346937,0.0000268326057267,0.00000517469152328,4.84656140998e-7],"min":[1.21543674947e-24,3.83574701035e-24,9.41779382888e-24,2.54762708227e-24,3.21518942149e-23,3.97905605779e-23,6.63662873546e-23,3.10037261e-23,8.63304257343e-23,2.8562419324e-23,2.01103395489e-23,1.80561564802e-22,1.64621917082e-22,1.59397789867e-22,1.32369648206e-22,1.24385353481e-22,1.60072928584e-22,2.4056799243e-22,3.26913879838e-22,4.13488625261e-22,2.76891313692e-22,5.14360534269e-22,7.90052552194e-22,7.14246679516e-22,1.10538774624e-21,2.04738874224e-21,2.54046371407e-21],"var":[1.86523308798e-7,0.0000863401219249,0.000173516062205,0.0000971907938947,0.0000178978680196,0.00000352135793946,0.00000280087806459,0.00000447282809546,0.000014245649254,0.00000105500237169,0.00000127406156025,2.73358068625e-7,5.16502552728e-7,3.45144485436e-7,4.95075994422e-7,1.68607627415e-7,1.44544671343e-7,1.52559408662e-7,4.15765811113e-7,1.91644971892e-7,7.54572226924e-8,4.29727933238e-8,1.69876610556e-8,6.6928911302e-9,1.64851998719e-9,1.29967606122e-10,1.92716047114e-12]},"barkbands_crest":{"dmean":2.52060079575,"dmean2":4.07170963287,"dvar":5.04294776917,"dvar2":13.4673604965,"max":24.4523200989,"mean":11.0946741104,"median":10.8876428604,"min":2.90393924713,"var":12.3612298965},"barkbands_flatness_db":{"dmean":0.0206693541259,"dmean2":0.0314349681139,"dvar":0.00038532729377,"dvar2":0.000963184284046,"max":0.386891812086,"mean":0.134597361088,"median":0.126050442457,"min":0.0321302115917,"var":0.00222790124826},"barkbands_kurtosis":{"dmean":3.84018874168,"dmean2":5.96653604507,"dvar":30.0934810638,"dvar2":71.9217605591,"max":110.066093445,"mean":6.74501562119,"median":3.67564821243,"min":-1.82425522804,"var":106.528625488},"barkbands_skewness":{"dmean":0.622264921665,"dmean2":0.942664265633,"dvar":0.408188521862,"dvar2":0.99346613884,"max":9.44448280334,"mean":2.3572807312,"median":2.15926289558,"min":-1.69026696682,"var":1.77743172646},"barkbands_spread":{"dmean":6.4270529747,"dmean2":9.78477287292,"dvar":42.9960479736,"dvar2":97.9078292847,"max":98.8513946533,"mean":25.827791214,"median":23.8066120148,"min":1.46601986885,"var":179.894226074},"dissonance":{"dmean":0.00889187771827,"dmean2":0.0150225618854,"dvar":0.0000960268007475,"dvar2":0.000260826025624,"max":0.500000119209,"mean":0.483780384064,"median":0.487167954445,"min":0.34165212512,"var":0.000181690222234},"dynamic_complexity":3.14651489258,"erbbands":{"dmean":[0.129807829857,1.30316281319,5.72412633896,9.56887722015,7.71310997009,6.04066371918,5.99205875397,7.26871395111,10.9466171265,7.67309474945,12.0093488693,15.6451501846,7.26166343689,7.68117809296,6.52264261246,5.14755868912,7.16115856171,6.58528089523,7.53886222839,7.04717588425,9.39747142792,10.226319313,9.62272262573,11.0805873871,10.7085342407,7.63201618195,5.73083877563,4.11639070511,3.03648495674,2.12500667572,1.30537033081,0.677711248398,0.415771603584,0.202254712582,0.0727423131466,0.0231329780072,0.00515718245879,0.000807883101515,0.000082794795162,0.0000169684990396],"dmean2":[0.212092265487,2.17276334763,9.53354740143,14.4954633713,12.858710289,10.2335138321,9.38797187805,12.5800685883,19.7203598022,13.2100019455,19.1173686981,24.1458911896,11.2487726212,12.0479803085,10.474363327,8.4302110672,11.7557115555,10.7363386154,12.1737804413,11.47843647,15.7197952271,17.1700706482,16.144569397,18.4568519592,17.9870586395,12.6229858398,9.58353614807,6.87253761292,4.98536109924,3.4620423317,2.13636779785,1.10032081604,0.671771764755,0.31841853261,0.11401990056,0.0363354645669,0.00781512353569,0.00120935961604,0.000125870326883,0.0000267526647804],"dvar":[0.035257589072,5.26323747635,95.8162994385,227.199386597,244.78527832,155.009185791,78.8958435059,432.879180908,1147.95483398,345.792388916,2034.13867188,4122.84228516,1180.83666992,1220.93151855,942.664489746,298.410552979,856.326904297,476.43371582,737.742919922,276.221466064,167.75819397,174.280090332,164.205734253,306.531066895,228.174636841,125.798171997,66.3346099854,39.3082351685,25.4508056641,11.3303232193,4.02456903458,1.09974384308,0.537532091141,0.10372043401,0.0216583460569,0.00269841076806,0.000144363992149,0.00000305841558657,2.71421694009e-8,6.43629038954e-10],"dvar2":[0.091985322535,14.6829156876,272.303985596,524.821350098,667.475463867,436.341827393,195.630645752,1201.45837402,3356.61669922,973.783935547,4958.57421875,9428.54394531,2788.85986328,2780.3918457,2353.35717773,750.06237793,2228.65673828,1204.9197998,1787.64147949,687.600769043,410.167388916,467.779785156,439.829040527,764.561706543,618.435974121,330.691253662,172.262863159,104.28603363,65.697227478,29.245552063,10.6750154495,2.75601005554,1.30281567574,0.248676002026,0.0518575683236,0.00649172160774,0.000330792361638,0.00000663906575937,6.30619965136e-8,1.68619551655e-9],"max":[2.90327262878,27.6494007111,133.710647583,287.262115479,270.183349609,179.287063599,141.164916992,453.261932373,452.374053955,415.374481201,1118.1776123,1619.17004395,1181.86706543,937.409790039,1406.6315918,648.076049805,1008.74694824,747.078430176,960.819213867,435.234222412,269.235351562,270.094818115,236.524932861,652.058776855,413.016204834,270.848846436,209.476013184,107.300849915,117.032020569,63.1341590881,42.0562324524,23.5116977692,20.0801067352,6.06971025467,3.85268378258,1.3060324192,0.369916856289,0.0486274063587,0.00392256351188,0.000346779474057],"mean":[0.198390811682,2.26736021042,10.0702753067,21.6068000793,11.5657978058,9.60725402832,10.5689001083,9.42581939697,12.4854841232,10.64108181,17.8788795471,23.7684497833,11.9603977203,10.9049444199,9.72733402252,8.13019371033,10.3896379471,10.7279376984,12.7343997955,13.8338518143,21.1128940582,25.2043704987,23.8846130371,29.6033229828,28.698633194,20.7241535187,15.1938762665,10.2827196121,7.43110704422,5.32624959946,3.506077528,1.83885550499,1.1192574501,0.55542498827,0.184764757752,0.052851960063,0.012124828063,0.00182037893683,0.000174383923877,0.0000504886229464],"median":[0.146224722266,1.74286353588,6.93938827515,10.1656255722,7.06931257248,6.04388952255,6.64329576492,5.22821140289,6.96004772186,5.76217603683,4.40440893173,3.83367276192,3.3284099102,2.83262610435,2.7844581604,3.95925688744,4.29957914352,3.40349936485,5.28063678741,7.6385383606,16.1937618256,20.5695056915,18.8430042267,21.9273757935,21.9671058655,14.7283010483,11.6724538803,7.10761547089,5.02583932877,3.56278395653,2.47229671478,1.21558189392,0.753205657005,0.392605632544,0.125074058771,0.0343342348933,0.00761317182332,0.00109231402166,0.000107378342364,0.0000435016445408],"min":[8.75543718277e-23,1.18510828751e-21,9.40132125197e-21,1.17474671943e-20,1.05996789696e-20,1.25162895684e-19,2.62788766561e-19,3.4774192153e-19,1.24803966506e-18,3.12948223424e-19,9.03274508065e-19,2.35115046257e-18,1.02177143954e-18,1.15022514404e-18,2.33994671476e-18,7.64016852824e-18,5.73047360524e-18,8.96814082725e-18,8.12219231378e-18,6.32719880401e-18,7.66756226859e-18,8.58858900318e-18,1.43095198393e-17,1.45062961808e-17,1.45753574902e-17,1.83143726776e-17,1.45926918871e-17,1.18340751499e-17,1.99743057913e-17,2.09159682006e-17,2.18280142353e-17,1.6381503049e-17,1.23995730398e-17,1.33704795925e-17,7.09802773733e-18,7.4449315698e-18,3.95869946886e-18,1.18545642069e-18,3.50883656894e-19,3.94730814493e-20],"var":[0.0440908968449,5.6569943428,118.018836975,1164.45031738,237.815734863,156.007354736,149.333328247,340.293945312,704.282104492,389.966552734,3558.20751953,8128.07714844,2705.29150391,1595.13183594,1335.96191406,396.847869873,950.404174805,1063.18664551,1161.09802246,688.111816406,400.136474609,418.006835938,419.322967529,1114.54711914,685.849121094,412.115631104,179.972457886,94.8495025635,59.5263328552,29.7988548279,12.4773139954,3.97234296799,1.57704901695,0.342245161533,0.0505727119744,0.00506102060899,0.000330442911945,0.00000753672657083,5.3569280567e-8,1.14062315149e-9]},"erbbands_crest":{"dmean":1.85558712482,"dmean2":2.99357056618,"dvar":4.22014570236,"dvar2":10.2753553391,"max":29.0855979919,"mean":6.89464950562,"median":5.61481904984,"min":2.53683304787,"var":14.8466281891},"erbbands_flatness_db":{"dmean":0.00994061306119,"dmean2":0.015403104946,"dvar":0.000099278811831,"dvar2":0.00022240128601,"max":0.272237300873,"mean":0.126405149698,"median":0.122917383909,"min":0.0368630848825,"var":0.000732143002097},"erbbands_kurtosis":{"dmean":0.528736531734,"dmean2":0.845627427101,"dvar":0.39501452446,"dvar2":0.966965377331,"max":9.70131778717,"mean":-0.581205546856,"median":-0.914295434952,"min":-1.85046505928,"var":1.19410610199},"erbbands_skewness":{"dmean":0.306843310595,"dmean2":0.474710434675,"dvar":0.0758867561817,"dvar2":0.180392608047,"max":2.83757472038,"mean":-0.349818885326,"median":-0.394392430782,"min":-2.43731093407,"var":0.415789455175},"erbbands_spread":{"dmean":9.43323612213,"dmean2":14.6468172073,"dvar":78.1551589966,"dvar2":186.456588745,"max":135.726593018,"mean":62.5759010315,"median":63.8891410828,"min":10.1495466232,"var":357.827728271},"gfcc":{"cov":[[10234.8183594,635.030029297,-131.802139282,854.886047363,-392.920593262,-51.2295150757,-406.310546875,-125.282608032,-267.430938721,-166.765197754,-142.584228516,-95.3371200562,-99.7213439941],[635.030029297,533.830322266,-156.10786438,83.7820053101,97.1678543091,-153.594329834,8.13553905487,-60.3759841919,23.1242866516,-93.5322875977,26.9788188934,-78.8697433472,7.67028236389],[-131.802139282,-156.10786438,266.376037598,21.8219356537,6.59706830978,55.2638435364,-20.2042865753,6.50736379623,-20.4291362762,22.6928443909,-19.0647850037,41.5808410645,-6.51416730881],[854.886047363,83.7820053101,21.8219356537,352.404968262,-5.06015825272,-58.8507461548,-75.7295455933,-52.2855949402,-18.6864242554,-43.5948181152,24.5544013977,-25.8749256134,-11.9804601669],[-392.920593262,97.1678543091,6.59706830978,-5.06015825272,163.81854248,-13.2854661942,33.5393257141,-6.64677476883,19.56016922,-8.23893451691,5.45240402222,-11.7009296417,8.26654720306],[-51.2295150757,-153.594329834,55.2638435364,-58.8507461548,-13.2854661942,156.735305786,47.0765991211,37.7241821289,-13.7403640747,38.3463096619,-7.56827354431,35.6630172729,8.81311225891],[-406.310546875,8.13553905487,-20.2042865753,-75.7295455933,33.5393257141,47.0765991211,111.542701721,48.8812942505,26.2084598541,10.5316324234,11.9265108109,5.9746761322,9.53116226196],[-125.282608032,-60.3759841919,6.50736379623,-52.2855949402,-6.64677476883,37.7241821289,48.8812942505,97.4477767944,36.0250473022,31.3869590759,5.54149913788,20.7822189331,12.1000804901],[-267.430938721,23.1242866516,-20.4291362762,-18.6864242554,19.56016922,-13.7403640747,26.2084598541,36.0250473022,66.0791931152,26.0743083954,12.4214992523,-5.40424966812,7.95705223083],[-166.765197754,-93.5322875977,22.6928443909,-43.5948181152,-8.23893451691,38.3463096619,10.5316324234,31.3869590759,26.0743083954,76.7479324341,21.3471031189,37.3450813293,11.6734485626],[-142.584228516,26.9788188934,-19.0647850037,24.5544013977,5.45240402222,-7.56827354431,11.9265108109,5.54149913788,12.4214992523,21.3471031189,64.5737533569,28.0434780121,14.5073385239],[-95.3371200562,-78.8697433472,41.5808410645,-25.8749256134,-11.7009296417,35.6630172729,5.9746761322,20.7822189331,-5.40424966812,37.3450813293,28.0434780121,80.0303421021,32.1803207397],[-99.7213439941,7.67028236389,-6.51416730881,-11.9804601669,8.26654720306,8.81311225891,9.53116226196,12.1000804901,7.95705223083,11.6734485626,14.5073385239,32.1803207397,46.2100334167]],"icov":[[0.000334994110744,-0.00116780644748,0.000258346321061,-0.00084248080384,0.000787900295109,-0.000781551178079,0.000897154444829,-0.00103181554005,0.0013810939854,-0.00114803004544,0.00164840265643,-0.00081733771367,0.000931879214477],[-0.00116780644748,0.00866139959544,0.000198381632799,0.00278914440423,-0.00433327630162,0.00509745627642,-0.00421269796789,0.00497310562059,-0.00594249228016,0.00769748538733,-0.0082825710997,0.00533095560968,-0.00587047124282],[0.000258346321061,0.000198381632799,0.00583767797798,-0.00162687688135,-0.00104259804357,-0.00138728076126,0.00154528452549,-0.000843430228997,0.000906640081666,-0.000691003340762,0.00393539993092,-0.00487037980929,0.00345358881168],[-0.00084248080384,0.00278914440423,-0.00162687688135,0.00637489324436,-0.00190230703447,0.00147693953477,0.000845108239446,0.00267195119523,-0.00405571702868,0.00564402341843,-0.00820915773511,0.00396691681817,-0.00258567952551],[0.000787900295109,-0.00433327630162,-0.00104259804357,-0.00190230703447,0.00997490528971,-0.00179112982005,-0.000847784394864,-0.000354154180968,0.00140381010715,-0.00334591465071,0.00426699826494,-0.00108254526276,0.000621961487923],[-0.000781551178079,0.00509745627642,-0.00138728076126,0.00147693953477,-0.00179112982005,0.0150083657354,-0.00901866797358,0.00126416212879,0.00356293283403,-0.00254461192526,-0.00120517564937,0.00239262497053,-0.00461671268567],[0.000897154444829,-0.00421269796789,0.00154528452549,0.000845108239446,-0.000847784394864,-0.00901866797358,0.0212117824703,-0.00905035529286,-0.000640016281977,0.00267773633823,-0.0012853652006,-0.00126324594021,0.00365570024587],[-0.00103181554005,0.00497310562059,-0.000843430228997,0.00267195119523,-0.000354154180968,0.00126416212879,-0.00905035529286,0.0224440153688,-0.0142655624077,0.00367999891751,-0.00293261976913,-0.00104212900624,-0.00349308666773],[0.0013810939854,-0.00594249228016,0.000906640081666,-0.00405571702868,0.00140381010715,0.00356293283403,-0.000640016281977,-0.0142655624077,0.0381165519357,-0.0202803593129,0.00568662863225,0.0073803095147,-0.0023852197919],[-0.00114803004544,0.00769748538733,-0.000691003340762,0.00564402341843,-0.00334591465071,-0.00254461192526,0.00267773633823,0.00367999891751,-0.0202803593129,0.0357638001442,-0.0146441515535,-0.00489042699337,-0.000360641075531],[0.00164840265643,-0.0082825710997,0.00393539993092,-0.00820915773511,0.00426699826494,-0.00120517564937,-0.0012853652006,-0.00293261976913,0.00568662863225,-0.0146441515535,0.0365244224668,-0.0173541195691,0.00719689717516],[-0.00081733771367,0.00533095560968,-0.00487037980929,0.00396691681817,-0.00108254526276,0.00239262497053,-0.00126324594021,-0.00104212900624,0.0073803095147,-0.00489042699337,-0.0173541195691,0.037823881954,-0.0229635052383],[0.000931879214477,-0.00587047124282,0.00345358881168,-0.00258567952551,0.000621961487923,-0.00461671268567,0.00365570024587,-0.00349308666773,-0.0023852197919,-0.000360641075531,0.00719689717516,-0.0229635052383,0.0396061204374]],"mean":[5.2164273262,86.7070388794,-107.893379211,72.3104476929,-50.3524856567,8.92658042908,-32.763004303,11.8797769547,-20.286397934,-1.67319822311,-14.316493988,-4.56504917145,-11.9541139603]},"hfc":{"dmean":4.39817810059,"dmean2":7.00538063049,"dvar":43.2401580811,"dvar2":110.553009033,"max":126.940864563,"mean":18.9684886932,"median":16.3601379395,"min":1.20738193884e-16,"var":159.973297119},"melbands":{"dmean":[0.00123298878316,0.00246525648981,0.00151645310689,0.000482042873045,0.000210379643249,0.000163005912327,0.000160508658155,0.0000830442731967,0.000107643361844,0.0000957085067057,0.0000354814546881,0.0000310953037115,0.0000255713275692,0.000014115187696,0.0000160784002219,0.0000163533713931,0.0000125152546389,0.0000126392951643,0.0000115236653073,0.0000100187371572,0.0000130083762997,0.0000127040048028,0.0000101441873994,0.00000965750859905,0.0000101986506706,0.00000997831375571,0.0000075285793173,0.00000571451346332,0.00000421884533353,0.00000315367401527,0.00000249268236985,0.00000193122446035,0.00000155182237904,0.00000122926053336,8.77485547335e-7,5.41700444501e-7,4.08119575468e-7,3.39434166108e-7,2.65165596147e-7,1.55933122414e-7],"dmean2":[0.00201537203975,0.00410997308791,0.00233472674154,0.000823475769721,0.000331052026013,0.000281194545096,0.000288538954919,0.000140634234413,0.000169310922502,0.000147693077452,0.000054966116295,0.0000486723292852,0.000040843624447,0.0000230397527048,0.0000265861126536,0.0000271575208899,0.0000204095977097,0.0000204116713576,0.0000187815421668,0.0000163381173479,0.0000220016972889,0.000021399157049,0.0000170061812241,0.0000163986642292,0.0000169998056663,0.0000168305305124,0.0000126231279864,0.00000953473590926,0.0000070844507718,0.00000529825410922,0.00000418815125158,0.00000320708886647,0.00000251667916018,0.00000203414333555,0.00000144845353134,8.99863096038e-7,6.64996548494e-7,5.55965812055e-7,4.24664705179e-7,2.49147177556e-7],"dvar":[0.00000395876622861,0.0000180312927114,0.00000526965641257,0.00000122519998058,8.94045157906e-8,2.02286798867e-7,2.52514325894e-7,3.79188271893e-8,1.60184285392e-7,1.6165037664e-7,2.95340143452e-8,2.12815098877e-8,1.46689274061e-8,3.70960195895e-9,2.84779111404e-9,4.61250859729e-9,1.77390968581e-9,1.98635619064e-9,1.35529742984e-9,5.97632499044e-10,2.78909062512e-10,2.64835459118e-10,1.92501084517e-10,1.62465527143e-10,2.90089452459e-10,2.15860745945e-10,1.09793993341e-10,7.57751708602e-11,3.53112955542e-11,2.21002435102e-11,1.47009245055e-11,1.01461452087e-11,6.72496823853e-12,3.77283274067e-12,1.81645779147e-12,6.89914488386e-13,4.19798120961e-13,3.42603143121e-13,2.19066613265e-13,5.95700246943e-14],"dvar2":[0.0000105178878584,0.0000513270570082,0.0000128636911541,0.0000034133850022,2.24967521945e-7,5.62702723528e-7,7.37710195153e-7,1.01831602706e-7,3.86775354855e-7,3.68608340295e-7,6.88701362606e-8,4.84919979726e-8,3.54925902002e-8,9.65440438705e-9,7.42719707958e-9,1.19636887064e-8,4.46869563575e-9,4.73727856942e-9,3.4794873649e-9,1.41305667167e-9,7.16780412802e-10,7.11028735889e-10,5.10920084018e-10,4.54293463958e-10,7.10597247711e-10,5.8754440202e-10,2.94441582227e-10,2.0217201524e-10,9.35013386161e-11,5.85962181554e-11,3.90641997916e-11,2.68964329975e-11,1.68217124258e-11,1.01378089951e-11,4.82380021344e-12,1.86450746335e-12,1.03501387148e-12,8.54220665557e-13,5.25379652977e-13,1.46232161037e-13],"max":[0.031074039638,0.0516465380788,0.0404195450246,0.0165250878781,0.00406888965517,0.00952707510442,0.00714422436431,0.00453547108918,0.00940909888595,0.011879498139,0.00579974893481,0.00436351029202,0.00422348361462,0.00284499349073,0.00149143312592,0.00257956213318,0.00137334386818,0.00148014817387,0.00137569301296,0.000859428779222,0.000386149680708,0.000365797721315,0.000267120834906,0.000230992169236,0.000647981767543,0.000303865439491,0.000214597763261,0.000227376149269,0.000143342054798,0.0000946108993958,0.0000644320098218,0.0000623520681984,0.0000867268390721,0.0000388772969018,0.0000289699164568,0.0000154588269652,0.0000132368277264,0.0000146361298903,0.0000106984889499,0.00000685431950842],"mean":[0.00216536782682,0.00470083672553,0.0033425136935,0.000704256934114,0.000385849067243,0.000218407672946,0.000184585544048,0.000116846917081,0.000158100781846,0.000145636047819,0.0000557948333153,0.0000427528102591,0.0000357290009561,0.0000211044898606,0.0000232461043197,0.000022683012503,0.00001921031253,0.0000195538741536,0.0000198890120373,0.0000183104093594,0.0000268805397354,0.0000275582169706,0.000021810637918,0.0000212819268199,0.0000242413534579,0.0000235664210777,0.0000169149443536,0.0000132503964778,0.0000100619172372,0.00000728928898752,0.0000055202308431,0.00000429235342381,0.00000351733751813,0.00000278645120488,0.00000217441242967,0.00000136597316214,0.00000100813133486,8.14244572211e-7,6.63120431454e-7,3.96792160018e-7],"median":[0.00172564748209,0.0035803578794,0.00178097374737,0.000426629412686,0.000262962508714,0.000125671780552,0.00010444191139,0.0000575584817852,0.0000327151137753,0.0000228065655392,0.0000150549030877,0.0000110198770926,0.00000879571962287,0.00000882521635504,0.0000116158444143,0.00000765811455494,0.00000573574016016,0.00000787057797424,0.0000091971924121,0.0000106429133666,0.0000211678252526,0.0000219445046241,0.0000163054082805,0.000016255877199,0.0000171928240889,0.0000172959862539,0.0000125296119222,0.00000878090122569,0.00000739387496651,0.00000529604449184,0.00000359125056093,0.00000281517668554,0.00000232056777349,0.00000178037817022,0.00000150607809246,9.17613533602e-7,6.44859653676e-7,5.23149651599e-7,4.5242802571e-7,2.73697423836e-7],"min":[1.13209635584e-24,3.67990832739e-24,1.74795523278e-24,3.80084543733e-24,9.30531173012e-24,9.09622651378e-24,1.71029130551e-23,3.52024643005e-24,8.5130508344e-24,1.43534109452e-23,4.62187372368e-24,4.47825252398e-24,4.09031360776e-24,2.23198931905e-23,1.48133184307e-23,1.47801846949e-23,1.67278885808e-23,1.32343667861e-23,8.8934435072e-24,9.77804057188e-24,8.97235484127e-24,8.66380057567e-24,1.09514948342e-23,1.17716506404e-23,1.17795116393e-23,1.25754912254e-23,8.45086650696e-24,1.39350385641e-23,1.13453336412e-23,5.18733829244e-24,6.87189040768e-24,1.10377875398e-23,1.0733261198e-23,1.23599949364e-23,1.32287461521e-23,1.13488330281e-23,9.53418788886e-24,7.55644023541e-24,1.10960890938e-23,1.1275355368e-23],"var":[0.00000493041034133,0.0000205913693208,0.0000220912770601,0.00000107298217245,1.68846611359e-7,1.61403562515e-7,1.55045611905e-7,5.47756506819e-8,2.75927362736e-7,3.35133421459e-7,6.64049579768e-8,2.75513176717e-8,2.03030925405e-8,4.38574376815e-9,3.2366616054e-9,5.92209969952e-9,3.78942077717e-9,3.00072389159e-9,3.18024429014e-9,1.1031366931e-9,5.86625303889e-10,5.70027469671e-10,4.21379459103e-10,3.84514281526e-10,9.17539766387e-10,5.62655422254e-10,2.5909460688e-10,2.09814374208e-10,8.84370493504e-11,4.83691385555e-11,3.15942653983e-11,2.11598516486e-11,1.56619838626e-11,9.02718177986e-12,4.97517435236e-12,2.1022248612e-12,1.3623443736e-12,9.1950459833e-13,6.123374377e-13,1.82795822207e-13]},"melbands_crest":{"dmean":3.05669403076,"dmean2":4.89792013168,"dvar":7.43112564087,"dvar2":19.4085292816,"max":32.1825904846,"mean":17.3048210144,"median":16.8552322388,"min":2.26216077805,"var":25.0506725311},"melbands_flatness_db":{"dmean":0.0257479436696,"dmean2":0.0388124585152,"dvar":0.00060211942764,"dvar2":0.0014523769496,"max":0.469489783049,"mean":0.210773780942,"median":0.205442115664,"min":0.0103447837755,"var":0.00294766179286},"melbands_kurtosis":{"dmean":14.6004638672,"dmean2":22.6503429413,"dvar":416.28414917,"dvar2":1011.65905762,"max":373.079040527,"mean":33.8828086853,"median":23.8123340607,"min":-1.59302055836,"var":1380.58154297},"melbands_skewness":{"dmean":1.05709278584,"dmean2":1.60718786716,"dvar":1.18090569973,"dvar2":2.85908913612,"max":16.5206890106,"mean":4.81981945038,"median":4.57078409195,"min":-0.780942618847,"var":5.25524234772},"melbands_spread":{"dmean":6.106569767,"dmean2":9.32407093048,"dvar":60.0010070801,"dvar2":129.904998779,"max":195.115600586,"mean":18.4795722961,"median":15.2060394287,"min":0.916827201843,"var":201.859481812},"mfcc":{"cov":[[7236.94580078,719.51953125,132.491104126,431.128265381,58.9938049316,26.7365245819,-72.0436325073,-14.8544588089,-120.354141235,-92.5768585205,-98.6968994141,-42.9631271362,-52.727684021],[719.51953125,545.682678223,-169.339401245,122.214874268,32.206161499,-33.1910057068,-6.94131374359,3.08308815956,-1.82415413857,-8.24113941193,-18.6465320587,-2.07434153557,-12.6525630951],[132.491104126,-169.339401245,240.208465576,-7.45567703247,10.1202993393,31.1347255707,4.07255220413,5.88637495041,-1.61409258842,-21.4734191895,-1.89988529682,3.32099056244,15.2647485733],[431.128265381,122.214874268,-7.45567703247,290.254882812,74.7108688354,-11.7281751633,-35.6783218384,-9.41888523102,-44.8179512024,-30.6810646057,-19.0706214905,6.68011617661,-7.5528717041],[58.9938049316,32.206161499,10.1202993393,74.7108688354,100.404014587,22.3715667725,-1.80368876457,-6.7469534874,-1.44145810604,-11.110868454,-6.58052921295,-0.0333519689739,-2.64263558388],[26.7365245819,-33.1910057068,31.1347255707,-11.7281751633,22.3715667725,87.7816390991,32.9865837097,2.63021802902,-0.347237974405,-7.89995622635,2.30582618713,-3.90759301186,-4.94129371643],[-72.0436325073,-6.94131374359,4.07255220413,-35.6783218384,-1.80368876457,32.9865837097,74.7841873169,36.1010551453,12.3231811523,10.0880374908,6.53981733322,7.78304862976,3.59251308441],[-14.8544588089,3.08308815956,5.88637495041,-9.41888523102,-6.7469534874,2.63021802902,36.1010551453,60.2354240417,23.7949123383,14.6678466797,2.98788523674,6.35333251953,6.06037664413],[-120.354141235,-1.82415413857,-1.61409258842,-44.8179512024,-1.44145810604,-0.347237974405,12.3231811523,23.7949123383,70.046333313,32.5114593506,13.1311750412,-0.365559488535,9.74802875519],[-92.5768585205,-8.24113941193,-21.4734191895,-30.6810646057,-11.110868454,-7.89995622635,10.0880374908,14.6678466797,32.5114593506,64.4555740356,26.1266498566,6.19095039368,-0.596761465073],[-98.6968994141,-18.6465320587,-1.89988529682,-19.0706214905,-6.58052921295,2.30582618713,6.53981733322,2.98788523674,13.1311750412,26.1266498566,46.1219902039,18.2671699524,8.29555511475],[-42.9631271362,-2.07434153557,3.32099056244,6.68011617661,-0.0333519689739,-3.90759301186,7.78304862976,6.35333251953,-0.365559488535,6.19095039368,18.2671699524,42.5990447998,21.7422962189],[-52.727684021,-12.6525630951,15.2647485733,-7.5528717041,-2.64263558388,-4.94129371643,3.59251308441,6.06037664413,9.74802875519,-0.596761465073,8.29555511475,21.7422962189,47.0432472229]],"icov":[[0.000195415370399,-0.000348338915501,-0.000357072392944,-0.00015765959688,0.000194213236682,-0.000218305387534,0.000199011497898,-0.0000972819252638,0.000256230909145,-0.000174651810084,0.000186720862985,0.000105760103907,0.000064090025262],[-0.000348338915501,0.00337696052156,0.0025568921119,-0.000834463106003,-0.000607580353972,0.000972058798652,-0.000979677541181,0.000147316721268,-0.00150116230361,0.00121992849745,0.000232091682847,-0.000367440545233,0.000133421286591],[-0.000357072392944,0.0025568921119,0.00667973095551,-0.000153719825903,-0.000787810131442,-0.00110734382179,0.000473353691632,-0.00122557370923,-0.00111259019468,0.00261952518485,-0.000382794620236,-0.000185023993254,-0.00152670929674],[-0.00015765959688,-0.000834463106003,-0.000153719825903,0.00613895477727,-0.00434708455577,0.000561931461561,0.0032219090499,-0.00286831543781,0.00374314072542,0.000134491128847,0.000364428007742,-0.00166367285419,0.000503372808453],[0.000194213236682,-0.000607580353972,-0.000787810131442,-0.00434708455577,0.0145955597982,-0.00411935849115,-0.000719553674571,0.00299624865875,-0.00378395291045,0.000728926912416,0.00141976750456,-0.000821131048724,0.000590620504227],[-0.000218305387534,0.000972058798652,-0.00110734382179,0.000561931461561,-0.00411935849115,0.0175719801337,-0.00999681465328,0.00407750438899,-0.000806937983725,0.0032531756442,-0.00316986558028,0.00256085046567,0.00190261297394],[0.000199011497898,-0.000979677541181,0.000473353691632,0.0032219090499,-0.000719553674571,-0.00999681465328,0.0270710848272,-0.015970280394,0.0036871090997,-0.00175845983904,0.000413640460465,-0.0038290861994,0.000133309644298],[-0.0000972819252638,0.000147316721268,-0.00122557370923,-0.00286831543781,0.00299624865875,0.00407750438899,-0.015970280394,0.030098862946,-0.00919340923429,-0.00187470228411,0.00367364706472,-0.00213597388938,0.0000270512155112],[0.000256230909145,-0.00150116230361,-0.00111259019468,0.00374314072542,-0.00378395291045,-0.000806937983725,0.0036871090997,-0.00919340923429,0.0255638863891,-0.0105809411034,-0.00148125737906,0.00601512053981,-0.00649938359857],[-0.000174651810084,0.00121992849745,0.00261952518485,0.000134491128847,0.000728926912416,0.0032531756442,-0.00175845983904,-0.00187470228411,-0.0105809411034,0.0283537991345,-0.0131175909191,-0.000711569795385,0.00525661325082],[0.000186720862985,0.000232091682847,-0.000382794620236,0.000364428007742,0.00141976750456,-0.00316986558028,0.000413640460465,0.00367364706472,-0.00148125737906,-0.0131175909191,0.0358637496829,-0.014284693636,0.000114793278044],[0.000105760103907,-0.000367440545233,-0.000185023993254,-0.00166367285419,-0.000821131048724,0.00256085046567,-0.0038290861994,-0.00213597388938,0.00601512053981,-0.000711569795385,-0.014284693636,0.0398099012673,-0.0165326241404],[0.000064090025262,0.000133421286591,-0.00152670929674,0.000503372808453,0.000590620504227,0.00190261297394,0.000133309644298,0.0000270512155112,-0.00649938359857,0.00525661325082,0.000114793278044,-0.0165326241404,0.0311945211142]],"mean":[-629.57635498,97.6112365723,9.06152629852,57.1811790466,11.7377786636,7.19702911377,2.80505776405,8.32252216339,1.32751953602,3.16402363777,0.127687200904,2.23153328896,0.674448013306]},"pitch_salience":{"dmean":0.079061716795,"dmean2":0.125623628497,"dvar":0.00501744821668,"dvar2":0.0131451273337,"max":0.883086442947,"mean":0.513709485531,"median":0.53423088789,"min":0.046419069171,"var":0.0195048004389},"silence_rate_20dB":{"dmean":0,"dmean2":0,"dvar":0,"dvar2":0,"max":1,"mean":1,"median":1,"min":1,"var":0},"silence_rate_30dB":{"dmean":0.0149825783446,"dmean2":0.0299677681178,"dvar":0.0147579154,"dvar2":0.0367339588702,"max":1,"mean":0.981447637081,"median":1,"min":0,"var":0.0182097498327},"silence_rate_60dB":{"dmean":0.0128919864073,"dmean2":0.0257862191647,"dvar":0.0127273760736,"dvar2":0.0294833891094,"max":1,"mean":0.0547861680388,"median":0,"min":0,"var":0.0517816133797},"spectral_centroid":{"dmean":283.666320801,"dmean2":438.333709717,"dvar":81608.6328125,"dvar2":187718.421875,"max":10934.0019531,"mean":1683.35168457,"median":1648.8972168,"min":253.360092163,"var":366777.90625},"spectral_complexity":{"dmean":4.08850193024,"dmean2":6.56485748291,"dvar":16.9133491516,"dvar2":39.5511322021,"max":56,"mean":22.6129264832,"median":22,"min":0,"var":122.130081177},"spectral_contrast_coeffs":{"dmean":[0.0503248721361,0.0471602156758,0.0353487543762,0.0266533456743,0.0182966254652,0.0147612113506],"dmean2":[0.0823810175061,0.0786936804652,0.0582138746977,0.044226936996,0.0308430865407,0.0244097150862],"dvar":[0.00185793929268,0.0014168600319,0.000878892780747,0.000473287218483,0.000206286174944,0.000158018388902],"dvar2":[0.00504738464952,0.00396508723497,0.00218229671009,0.00122581212781,0.0005656114663,0.00040949403774],"max":[-0.274032205343,-0.463136345148,-0.481655329466,-0.622919857502,-0.696438610554,-0.616994321346],"mean":[-0.638657212257,-0.762287557125,-0.816041886806,-0.817147374153,-0.803035497665,-0.732963085175],"median":[-0.653867125511,-0.766582369804,-0.829934835434,-0.824632227421,-0.803694367409,-0.730228304863],"min":[-0.961405396461,-0.964723408222,-0.965912342072,-0.968435704708,-0.961848199368,-0.958400249481],"var":[0.0105435065925,0.00379956746474,0.00376038998365,0.00182298698928,0.000813607650343,0.00119230384007]},"spectral_contrast_valleys":{"dmean":[0.356374084949,0.345470249653,0.301662892103,0.261492490768,0.175289019942,0.175049036741],"dmean2":[0.587357163429,0.57059687376,0.496577352285,0.424115598202,0.287752270699,0.271110326052],"dvar":[0.105920895934,0.106986656785,0.0822207331657,0.0747624263167,0.04809942469,0.0597338564694],"dvar2":[0.247275725007,0.251893430948,0.18309520185,0.161297306418,0.0931544303894,0.121319741011],"max":[-5.00277709961,-4.24259805679,-5.37723779678,-6.06754207611,-5.4629240036,-8.33497810364],"mean":[-6.80058431625,-6.81523752213,-7.58984661102,-7.68022966385,-6.89193582535,-9.93385601044],"median":[-6.46802091599,-6.63146352768,-7.45923566818,-7.52901744843,-6.68802642822,-9.73685741425],"min":[-27.5227718353,-27.506860733,-27.3386249542,-27.0682601929,-27.075958252,-27.2809867859],"var":[1.46688222885,1.0869115591,0.808903694153,0.865399956703,1.06055176258,1.03998279572]},"spectral_decrease":{"dmean":3.42363271066e-9,"dmean2":5.45216938264e-9,"dvar":2.40183289404e-17,"dvar2":6.41492527844e-17,"max":2.4384948333e-29,"mean":-9.49836920228e-9,"median":-7.97825538967e-9,"min":-5.34301065613e-8,"var":4.50397097295e-17},"spectral_energy":{"dmean":0.013198537752,"dmean2":0.0210118219256,"dvar":0.000355529366061,"dvar2":0.000949170498643,"max":0.205196201801,"mean":0.0375694930553,"median":0.031861256808,"min":1.08592739336e-20,"var":0.000676506781019},"spectral_energyband_high":{"dmean":0.00028124358505,"dmean2":0.000452720094472,"dvar":1.75736431629e-7,"dvar2":4.44728755156e-7,"max":0.00827337242663,"mean":0.000988788669929,"median":0.000746867095586,"min":7.99058410431e-21,"var":7.03306398009e-7},"spectral_energyband_low":{"dmean":0.0108251068741,"dmean2":0.0172566846013,"dvar":0.00028162667877,"dvar2":0.000759955379181,"max":0.181658238173,"mean":0.0249349158257,"median":0.0188388973475,"min":1.69819664789e-23,"var":0.000502242241055},"spectral_energyband_middle_high":{"dmean":0.00103789044078,"dmean2":0.00163383944891,"dvar":0.00000337840060638,"dvar2":0.00000775949047238,"max":0.0395984128118,"mean":0.00345819909126,"median":0.00248526828364,"min":1.65487417402e-21,"var":0.0000110160699478},"spectral_energyband_middle_low":{"dmean":0.00555607583374,"dmean2":0.0088179288432,"dvar":0.0000802305730758,"dvar2":0.000211176899029,"max":0.109551504254,"mean":0.0128694837913,"median":0.0090362476185,"min":2.68231463732e-22,"var":0.000160637195222},"spectral_entropy":{"dmean":0.0907767266035,"dmean2":0.14126829803,"dvar":0.00764465751126,"dvar2":0.0178848020732,"max":9.80296325684,"mean":7.80413627625,"median":7.83463525772,"min":6.19714641571,"var":0.0610934272408},"spectral_flux":{"dmean":0.0270017199218,"dmean2":0.0422149784863,"dvar":0.00117551186122,"dvar2":0.00220582005568,"max":0.366736024618,"mean":0.0874227285385,"median":0.0762046352029,"min":1.04207836804e-10,"var":0.00255963765085},"spectral_kurtosis":{"dmean":0.838684916496,"dmean2":1.48410058022,"dvar":0.752109706402,"dvar2":2.41510796547,"max":13.6853141785,"mean":2.54349446297,"median":2.32883548737,"min":-1.21123754978,"var":1.50312077999},"spectral_rms":{"dmean":0.000994169153273,"dmean2":0.00153682334349,"dvar":0.00000143081831538,"dvar2":0.00000370878342437,"max":0.0141489012167,"mean":0.0056614652276,"median":0.00557531649247,"min":3.25490611026e-12,"var":0.0000046009831749},"spectral_rolloff":{"dmean":491.012542725,"dmean2":823.176513672,"dvar":602785.8125,"dvar2":1287078.75,"max":18626.2207031,"mean":1055.15185547,"median":495.263671875,"min":64.599609375,"var":1498260},"spectral_skewness":{"dmean":0.127042487264,"dmean2":0.214241087437,"dvar":0.0133778257295,"dvar2":0.0383298918605,"max":2.63135933876,"mean":0.986439406872,"median":0.974109888077,"min":0.0371505208313,"var":0.0617048889399},"spectral_spread":{"dmean":291925.6875,"dmean2":454441.5625,"dvar":202309910528,"dvar2":299447943168,"max":40265260,"mean":4475880.5,"median":4400221,"min":2300285.5,"var":856065441792},"spectral_strongpeak":{"dmean":0.271692305803,"dmean2":0.457498043776,"dvar":0.258289426565,"dvar2":0.662894189358,"max":7.09256410599,"mean":0.561243593693,"median":0.366467744112,"min":0,"var":0.428503721952},"zerocrossingrate":{"dmean":0.00894983764738,"dmean2":0.0107402736321,"dvar":0.0000911026145332,"dvar2":0.000115952163469,"max":0.49267578125,"mean":0.0547728128731,"median":0.05078125,"min":0.00634765625,"var":0.000793400686234}},"metadata":{"audio_properties":{"analysis_sample_rate":44100,"bit_rate":320000,"codec":"mp3","downmix":"mix","equal_loudness":0,"length":266.553466797,"lossless":false,"md5_encoded":"b2b55bcc474f9561394b3325bb4dfaad","replay_gain":-13.7953414917,"sample_rate":44100},"tags":{"album":["The Action Is Go"],"albumartist":["Fu Manchu"],"albumartistsort":["Fu Manchu"],"artist":["Fu Manchu"],"artistsort":["Fu Manchu"],"asin":["B000004ATQ"],"catalognumber":["35498 0173-2"],"contentgroup":["Rock"],"date":["1997"],"file_name":"06 Anodizer.mp3","genre":["Rock","Stoner Rock","Hard Rock"],"label":["Mammoth Records"],"musicbrainz album release country":["US"],"musicbrainz album status":["official"],"musicbrainz album type":["album"],"musicbrainz_albumartistid":["f96de591-5dae-41da-855b-eb387d88d7d4"],"musicbrainz_albumid":["f583c4f1-ee5f-4b11-a1c6-11e9aed62875"],"musicbrainz_artistid":["f96de591-5dae-41da-855b-eb387d88d7d4"],"musicbrainz_recordingid":["2561a88a-8a7c-4978-8c01-3e0fc4dee8a6"],"originaldate":["1997"],"title":["Anodizer"],"tracknumber":["6/14"]},"version":{"essentia":"2.1-beta2","essentia_build_sha":"70f2e5ece6736b2c40cc944ad0e695b16b925413","essentia_git_sha":"v2.1_beta2","extractor":"music 1.0"}},"rhythm":{"beats_count":651,"beats_loudness":{"dmean":0.0219682194293,"dmean2":0.0399007350206,"dvar":0.00040354943485,"dvar2":0.00121969357133,"max":0.161411270499,"mean":0.045407820493,"median":0.0425067804754,"min":5.4039350772e-9,"var":0.000574190751649},"beats_loudness_band_ratio":{"dmean":[0.16759480536,0.129269391298,0.0681666210294,0.0408556871116,0.0354000814259,0.0328482836485],"dmean2":[0.292505204678,0.239142611623,0.122085146606,0.0728574469686,0.0617829076946,0.056647349149],"dvar":[0.0174761787057,0.0115306265652,0.00906314235181,0.00569451134652,0.00134151079692,0.000869510928169],"dvar2":[0.0479310676455,0.0358016490936,0.0245892126113,0.0156724434346,0.0037218106